{"lowlevel":{"average_loudness":0.982030391693,"barkbands":{"dmean":[0.000227872238611,0.00671531399712,0.00359349371865,0.00330172898248,0.00408661179245,0.00127184658777,0.000719807576388,0.000587474612985,0.000665940635372,0.000904043961782,0.000357165845344,0.000441760435933,0.000367562024621,0.000530711957254,0.000449208513601,0.000344081927324,0.000500056019519,0.000292878830805,0.000191716462723,0.00011720827024,0.0000846558104968,0.0000683327380102,0.0000402323639719,0.0000244166149059,0.0000148265853568,0.00000755973360356,9.99074359243e-7],"dmean2":[0.000371410365915,0.0110245738178,0.00625531421974,0.0056733014062,0.00675928592682,0.00209192372859,0.00116878689732,0.000956908101216,0.00105296657421,0.00140222895425,0.000554069469217,0.000672749243677,0.000560221786145,0.000839650048874,0.000710569904186,0.000544356182218,0.000796085572802,0.000470870174468,0.000295734789688,0.000182105752174,0.000129416395794,0.000101528035884,0.0000576550846745,0.0000357973440259,0.0000216815624299,0.0000107270143417,0.00000143690022014],"dvar":[1.832180061e-7,0.00008269524551,0.0000334844553436,0.0000179594153451,0.0000354997100658,0.00000393656364395,0.00000165602807556,0.00000117832871638,0.00000150271830535,0.00000230139380619,7.11542554654e-7,6.96325059835e-7,6.5280266881e-7,8.70542294251e-7,5.36850620847e-7,3.90995325006e-7,4.88805767418e-7,1.73857202412e-7,7.4485235757e-8,3.25673426005e-8,1.95678619974e-8,2.33409203076e-8,7.8489144073e-9,2.91649682183e-9,2.67390443121e-9,8.74677885676e-10,1.14154614581e-11],"dvar2":[4.48684716048e-7,0.000212461076444,0.0000929404559429,0.0000488903242513,0.0000919511076063,0.0000102823541965,0.00000418186982643,0.00000304128525386,0.00000346150500263,0.00000528234113517,0.00000151177107455,0.00000147487651248,0.00000143052557178,0.0000020183979359,0.0000012543982848,8.82960478066e-7,0.00000113340684038,4.32570573139e-7,1.65510641637e-7,8.08322582202e-8,4.84200199935e-8,5.11594464569e-8,1.58373030246e-8,6.12021944235e-9,5.7035491885e-9,1.76975489818e-9,2.27654145535e-11],"max":[0.00775375077501,0.085672326386,0.0591350197792,0.0505087897182,0.0601083822548,0.0325247719884,0.0278791058809,0.0207194164395,0.0234550572932,0.0244157984853,0.0173390693963,0.0186600647867,0.0202516615391,0.0183267500252,0.014120247215,0.0157436281443,0.0157043691725,0.0108785107732,0.00519975600764,0.00548702385277,0.00317207700573,0.00580069422722,0.00308464816771,0.000856293947436,0.00146588939242,0.000902509724256,0.000103965008748],"mean":[0.000257626146777,0.0151386829093,0.00536863924935,0.00473933340982,0.00681800628081,0.00242741848342,0.00121104903519,0.00111808849033,0.00122927373741,0.00213774177246,0.000668769876938,0.000952465285081,0.000774943269789,0.00100899487734,0.000825402908958,0.000669584667776,0.00102904718369,0.000624510925263,0.000410361739341,0.000261366018094,0.000191152619664,0.00014450387971,0.0000798294422566,0.0000451435553259,0.0000281815009657,0.0000125304404719,0.00000152401105424],"median":[0.000105864310171,0.0141696855426,0.00315536744893,0.00318249315023,0.00453995540738,0.00171129812952,0.000692249566782,0.000468450394692,0.000604817294516,0.000744840595871,0.000252578844083,0.000348433008185,0.000245721224928,0.000526517687831,0.000455521949334,0.000381921156077,0.000692327972502,0.000465295976028,0.000298074737657,0.000198748602998,0.00014966991148,0.000099885633972,0.0000475422712043,0.0000228826920647,0.0000140909060065,0.00000437378639617,4.44148867018e-7],"min":[5.90466134647e-24,6.18059392595e-23,1.57248519398e-23,4.9898000276e-24,7.89136564776e-23,6.1604312723e-23,4.74263050001e-23,3.06410204776e-23,1.05905649377e-22,9.09737746184e-23,5.7435069243e-23,1.77430001579e-22,9.70090654143e-23,4.80014035327e-23,1.93516869677e-22,1.63838357322e-22,2.22033926343e-22,1.85383915692e-22,3.37568576012e-22,2.84032663208e-22,4.18912504679e-22,4.2433163831e-22,6.19184876226e-22,7.85832436651e-22,1.1898494299e-21,1.49238851751e-21,2.53273191794e-21],"var":[1.92829915591e-7,0.000105961989902,0.0000430065192631,0.000023947794034,0.0000502351904288,0.00000673129079587,0.0000029434966109,0.00000391583125747,0.0000042145579755,0.0000105151011667,0.00000204625621336,0.00000271178964795,0.00000216784019358,0.00000212367922359,0.00000141149860156,0.00000106930053789,0.00000131523904656,3.45315839922e-7,1.66523761891e-7,5.98744733793e-8,3.1993447891e-8,3.93471744076e-8,1.5706696388e-8,5.31030552864e-9,5.19565324097e-9,1.913300407e-9,2.26356815236e-11]},"barkbands_crest":{"dmean":2.5640604496,"dmean2":4.28069829941,"dvar":5.86160182953,"dvar2":15.7994823456,"max":26.9626350403,"mean":10.6313343048,"median":9.84847545624,"min":3.04259395599,"var":14.8512926102},"barkbands_flatness_db":{"dmean":0.0184542667121,"dmean2":0.0274900551885,"dvar":0.000361350219464,"dvar2":0.000754380074795,"max":0.680949509144,"mean":0.14365594089,"median":0.134605154395,"min":0.0431540347636,"var":0.00329035124741},"barkbands_kurtosis":{"dmean":21.6623039246,"dmean2":31.4025592804,"dvar":74462.0859375,"dvar2":142329.359375,"max":14294.9589844,"mean":64.693611145,"median":1.79246664047,"min":-1.88166344166,"var":562399.9375},"barkbands_skewness":{"dmean":0.602981686592,"dmean2":0.919697165489,"dvar":4.77340650558,"dvar2":8.48385047913,"max":113.126029968,"mean":2.32749962807,"median":1.55489945412,"min":-4.29542446136,"var":53.3419837952},"barkbands_spread":{"dmean":4.53743076324,"dmean2":7.00009918213,"dvar":23.8350429535,"dvar2":55.6189651489,"max":75.3888320923,"mean":21.361125946,"median":20.8747806549,"min":0.0351003296673,"var":92.0238418579},"dissonance":{"dmean":0.0133806942031,"dmean2":0.0227673240006,"dvar":0.000172890999238,"dvar2":0.000467386154924,"max":0.500000059605,"mean":0.475603342056,"median":0.48049134016,"min":0.243764236569,"var":0.000374534312868},"dynamic_complexity":1.52996599674,"erbbands":{"dmean":[0.177936792374,1.6472171545,3.59496736526,7.68445014954,16.7660217285,10.0589752197,10.4074716568,11.0520467758,10.9029483795,8.43425178528,13.3342733383,13.9603805542,25.6101856232,22.3422756195,14.6760625839,16.9726448059,15.8326845169,22.9517688751,26.2850837708,14.1460437775,20.5700798035,26.8206138611,16.798910141,11.9824457169,7.6621336937,5.62009477615,4.15507411957,2.80106782913,2.55618619919,1.75749456882,1.10779047012,0.674891769886,0.321948289871,0.180448785424,0.100943438709,0.0443463623524,0.0121019873768,0.00181906181388,0.000183278869372,0.0000154188346642],"dmean2":[0.295799404383,2.74524664879,6.20357751846,13.1072721481,27.9066772461,16.7430801392,17.0802783966,18.4592857361,17.8491744995,13.8207502365,21.7276172638,21.9317722321,39.4105453491,33.3989524841,21.9723701477,25.6473751068,23.5981063843,35.11170578,41.5682525635,21.4553279877,32.1061859131,42.4713287354,26.9509048462,18.7489376068,11.8082304001,8.75051403046,6.416472435,4.22938251495,3.82603240013,2.59517407417,1.59316539764,0.983205020428,0.474990338087,0.266607016325,0.149247467518,0.0640099495649,0.0175037235022,0.00260215718299,0.000263384834398,0.000023002121452],"dvar":[0.0772099643946,5.11316633224,34.4065284729,97.9750289917,692.624267578,179.308761597,200.820129395,366.066589355,409.933410645,199.449386597,731.126403809,668.342163086,2143.71801758,1852.16467285,1017.87902832,960.797302246,1174.90026855,1810.06970215,1688.1184082,690.828857422,1241.34985352,1370.4654541,617.990478516,267.207397461,132.670883179,67.5899276733,37.3175735474,29.5052146912,30.9593143463,17.877696991,4.77775335312,1.94494974613,0.64623016119,0.30911692977,0.150631144643,0.0335216745734,0.00202841311693,0.0000384248232876,3.89836458226e-7,5.17555276414e-10],"dvar2":[0.201194405556,13.4762897491,93.3927078247,266.812164307,1811.92529297,483.0965271,527.958435059,954.006713867,1033.14562988,510.608459473,1886.30065918,1521.57653809,4881.01757812,4116.87255859,2114.43139648,2029.72033691,2559.2644043,4072.47607422,3996.22436523,1427.23083496,2868.46508789,3255.40429688,1547.93164062,623.442932129,308.870300293,166.834960938,89.6229476929,74.0199279785,69.3582229614,36.1015701294,9.39361286163,4.07583761215,1.38673090935,0.684628903866,0.308939158916,0.0690208226442,0.00405594566837,0.0000755105502321,7.83126779424e-7,9.58103485438e-10],"max":[2.68542695045,21.5717811584,57.9694366455,121.973556519,251.257064819,165.061218262,253.110748291,322.935852051,388.804901123,337.225891113,564.870300293,541.205322266,851.776367188,843.129394531,817.502319336,730.209594727,1041.03588867,1061.11755371,765.014526367,911.988891602,984.02923584,699.479125977,687.220336914,235.372741699,299.21585083,194.09236145,130.436462402,160.570083618,213.147003174,136.616912842,75.5853347778,24.1042900085,16.7463054657,13.8617334366,11.5775184631,6.60927724838,1.47362315655,0.234187081456,0.0188676901162,0.000524859759025],"mean":[0.365588724613,3.62496948242,6.14860725403,13.1007270813,22.5916366577,18.7666664124,20.4079666138,18.8116703033,19.3064937592,15.6581611633,26.193277359,28.3778152466,57.5874710083,52.7145195007,33.1195983887,39.5155334473,38.1609230042,48.6694984436,53.2498397827,32.7375297546,43.0536727905,57.1378326416,37.8529968262,26.5990562439,16.9809913635,12.6221427917,9.26262283325,6.43526172638,5.33562040329,3.51239871979,2.20065045357,1.22639346123,0.604649305344,0.342866510153,0.186015188694,0.0739345625043,0.0196389630437,0.00293689221144,0.00030412725755,0.0000650547881378],"median":[0.30490860343,3.29221367836,4.20411491394,9.58809280396,13.1297082901,13.3752641678,13.6354160309,12.078250885,11.4779338837,9.28553199768,10.6406478882,15.6620674133,25.2008323669,18.1440925598,13.9445362091,16.2054138184,14.4367351532,25.903755188,33.2748756409,18.1803245544,26.9949932098,39.7677688599,28.8813362122,19.644323349,12.5018014908,9.76904201508,7.18177127838,5.05668497086,3.74312758446,2.19290041924,1.31410098076,0.621046423912,0.313682287931,0.180132091045,0.0873627886176,0.0262408293784,0.00675631966442,0.00102251290809,0.000105772887764,0.0000599359373155],"min":[1.27092292443e-21,1.47108320452e-20,2.42748493839e-20,1.91562783717e-20,6.28347395928e-20,3.35055866066e-19,3.34359690183e-19,7.27449979338e-19,8.80070334125e-19,4.21029942856e-19,7.87314487835e-19,2.7930514389e-18,1.68641292288e-18,3.68250262156e-18,4.11491211395e-18,6.13206152083e-18,5.13766386591e-18,2.13415720645e-18,9.15529705828e-18,7.13139951196e-18,1.15243398511e-17,1.29891526388e-17,1.03600029024e-17,1.76021089588e-17,1.21165159701e-17,1.53925110194e-17,1.42917536541e-17,1.7738305901e-17,1.56183908836e-17,1.55750879785e-17,1.61011731937e-17,1.70087507988e-17,1.38161388639e-17,1.14169866968e-17,7.97744563275e-18,6.02508514734e-18,2.86131968883e-18,1.20556063189e-18,3.35944283893e-19,3.67796036602e-20],"var":[0.089511051774,6.30419111252,39.9472465515,152.027740479,788.07409668,327.824615479,501.664337158,542.739318848,703.118408203,449.008544922,2541.33325195,2039.1529541,8231.203125,8666.1171875,4189.04101562,4379.17236328,4478.51611328,4779.76318359,4508.92333984,3269.26416016,3057.41235352,3487.71289062,1244.27270508,620.694763184,268.040008545,130.104095459,69.8314971924,42.9250297546,49.9029579163,35.2160148621,9.73359203339,3.55585360527,1.13488388062,0.558697521687,0.303718388081,0.0735137164593,0.0042390441522,0.0000760052716942,7.75487478677e-7,1.41480105409e-9]},"erbbands_crest":{"dmean":2.24674057961,"dmean2":3.62426996231,"dvar":4.33573246002,"dvar2":10.5344734192,"max":28.3059997559,"mean":8.84539794922,"median":7.77885246277,"min":2.12881088257,"var":17.4367218018},"erbbands_flatness_db":{"dmean":0.0121397823095,"dmean2":0.0176277644932,"dvar":0.000142980003147,"dvar2":0.000284161244053,"max":0.347928375006,"mean":0.150015816092,"median":0.150425240397,"min":0.0270313695073,"var":0.00112644955516},"erbbands_kurtosis":{"dmean":0.581199586391,"dmean2":0.913825631142,"dvar":0.579316854477,"dvar2":1.29311740398,"max":21.7571392059,"mean":0.0635606646538,"median":-0.328204154968,"min":-1.7450927496,"var":2.2596578598},"erbbands_skewness":{"dmean":0.291968435049,"dmean2":0.450125128031,"dvar":0.0744050592184,"dvar2":0.164134278893,"max":3.7683904171,"mean":-0.0473995432258,"median":-0.0515471063554,"min":-3.71287703514,"var":0.419447422028},"erbbands_spread":{"dmean":6.66881895065,"dmean2":10.2723655701,"dvar":49.408744812,"dvar2":109.986587524,"max":178.131607056,"mean":39.5319480896,"median":37.1943740845,"min":4.5878739357,"var":321.861450195},"gfcc":{"cov":[[14860.3154297,1050.36962891,-1208.74365234,108.348556519,-516.452148438,123.817497253,-266.178466797,-103.053710938,-337.141357422,-193.45463562,-324.951904297,-113.644676208,-238.7862854],[1050.36962891,772.533203125,-87.1995162964,89.6745300293,75.8833694458,-68.1245880127,38.5049591064,-21.1275348663,34.0726776123,-74.2010879517,42.4612007141,-81.7815628052,53.8799591064],[-1208.74365234,-87.1995162964,555.097961426,62.942489624,-19.7049427032,24.6676292419,-20.9122638702,-0.440682113171,17.2572555542,2.29022550583,-13.8885068893,10.2313842773,2.43649029732],[108.348556519,89.6745300293,62.942489624,208.044799805,39.2621078491,-29.2157669067,-18.1449050903,-4.99286174774,34.0856819153,-8.76233482361,-8.20643138885,-40.0696411133,7.82375383377],[-516.452148438,75.8833694458,-19.7049427032,39.2621078491,202.959381104,-17.7237434387,31.8514308929,21.9417095184,26.1515827179,19.2487049103,25.0168933868,-7.69096899033,25.5830459595],[123.817497253,-68.1245880127,24.6676292419,-29.2157669067,-17.7237434387,124.310798645,43.6635665894,-12.833486557,-47.1157798767,-6.44712877274,5.0478811264,24.8273258209,-19.4855098724],[-266.178466797,38.5049591064,-20.9122638702,-18.1449050903,31.8514308929,43.6635665894,131.905593872,30.8245697021,-22.2067222595,-15.9298334122,20.056842804,7.59423160553,8.85717391968],[-103.053710938,-21.1275348663,-0.440682113171,-4.99286174774,21.9417095184,-12.833486557,30.8245697021,77.7834014893,36.2731323242,14.4324188232,-3.5458240509,4.32456064224,14.0205278397],[-337.141357422,34.0726776123,17.2572555542,34.0856819153,26.1515827179,-47.1157798767,-22.2067222595,36.2731323242,110.570091248,39.9953117371,8.06806945801,-19.7483501434,19.0657081604],[-193.45463562,-74.2010879517,2.29022550583,-8.76233482361,19.2487049103,-6.44712877274,-15.9298334122,14.4324188232,39.9953117371,75.9760513306,25.931640625,9.53185558319,-3.76388239861],[-324.951904297,42.4612007141,-13.8885068893,-8.20643138885,25.0168933868,5.0478811264,20.056842804,-3.5458240509,8.06806945801,25.931640625,76.5960693359,26.2153606415,17.2663860321],[-113.644676208,-81.7815628052,10.2313842773,-40.0696411133,-7.69096899033,24.8273258209,7.59423160553,4.32456064224,-19.7483501434,9.53185558319,26.2153606415,66.4666137695,17.9959621429],[-238.7862854,53.8799591064,2.43649029732,7.82375383377,25.5830459595,-19.4855098724,8.85717391968,14.0205278397,19.0657081604,-3.76388239861,17.2663860321,17.9959621429,68.4128952026]],"icov":[[0.000278461404378,-0.000862778688315,0.000650251226034,-0.000549857039005,0.000699225114658,-0.00066694180714,0.000916992663406,-0.000902130443137,0.00114776729606,-0.00109385361429,0.00170790834818,-0.00112274731509,0.000790123071056],[-0.000862778688315,0.0051090111956,-0.00178438867442,0.0016009984538,-0.00252537056804,0.0024666339159,-0.00311773247086,0.00344561692327,-0.00436104275286,0.00661775749177,-0.00831124279648,0.00708476221189,-0.00399680668488],[0.000650251226034,-0.00178438867442,0.00352615048178,-0.00206406181678,0.00181193195749,-0.00221822992899,0.00236585969105,-0.00200422713533,0.00202483427711,-0.00224471394904,0.00427117478102,-0.00318073970266,0.00165140687022],[-0.000549857039005,0.0016009984538,-0.00206406181678,0.0073964567855,-0.00250830524601,0.00135658343788,-0.00105647277087,0.0024615151342,-0.00359541317448,0.00355260213837,-0.00388981448486,0.00554233649746,-0.00227450649254],[0.000699225114658,-0.00252537056804,0.00181193195749,-0.00250830524601,0.00791635271162,-0.00118517980445,0.000786611926742,-0.00305057968944,0.00337365269661,-0.00512260664254,0.00356571679004,-0.00197955803014,0.00027600384783],[-0.00066694180714,0.0024666339159,-0.00221822992899,0.00135658343788,-0.00118517980445,0.0142680443823,-0.00725411064923,0.00500641390681,-0.000423185410909,0.00153472612146,-0.00320342369378,-0.0013842190383,0.0014485308202],[0.000916992663406,-0.00311773247086,0.00236585969105,-0.00105647277087,0.000786611926742,-0.00725411064923,0.0165003668517,-0.0112492619082,0.0071217790246,0.000140087126056,0.000182809133548,0.00000164404525549,0.00147792627104],[-0.000902130443137,0.00344561692327,-0.00200422713533,0.0024615151342,-0.00305057968944,0.00500641390681,-0.0112492619082,0.0250114202499,-0.0120916739106,0.00152384431567,0.000945076346397,-0.00127827946562,-0.00362394214608],[0.00114776729606,-0.00436104275286,0.00202483427711,-0.00359541317448,0.00337365269661,-0.000423185410909,0.0071217790246,-0.0120916739106,0.0244176257402,-0.0140147414058,0.00556990504265,0.00213721953332,-0.00159011047799],[-0.00109385361429,0.00661775749177,-0.00224471394904,0.00355260213837,-0.00512260664254,0.00153472612146,0.000140087126056,0.00152384431567,-0.0140147414058,0.0314158573747,-0.0181135702878,0.00557268224657,0.00140588101931],[0.00170790834818,-0.00831124279648,0.00427117478102,-0.00388981448486,0.00356571679004,-0.00320342369378,0.000182809133548,0.000945076346397,0.00556990504265,-0.0181135702878,0.0356983281672,-0.0196798928082,0.00395473465323],[-0.00112274731509,0.00708476221189,-0.00318073970266,0.00554233649746,-0.00197955803014,-0.0013842190383,0.00000164404525549,-0.00127827946562,0.00213721953332,0.00557268224657,-0.0196798928082,0.0376019887626,-0.0146246254444],[0.000790123071056,-0.00399680668488,0.00165140687022,-0.00227450649254,0.00027600384783,0.0014485308202,0.00147792627104,-0.00362394214608,-0.00159011047799,0.00140588101931,0.00395473465323,-0.0146246254444,0.0249540954828]],"mean":[24.9740314484,111.756660461,-120.077636719,46.9647445679,-41.4812927246,13.4425487518,-30.6448516846,8.47902584076,-18.9394302368,-2.28966856003,-15.4583349228,0.793037652969,-6.67263031006]},"hfc":{"dmean":4.79779481888,"dmean2":6.55204248428,"dvar":30.6879711151,"dvar2":58.4378204346,"max":99.554397583,"mean":25.9554405212,"median":25.4497814178,"min":1.12361527727e-16,"var":157.985061646},"melbands":{"dmean":[0.0017420060467,0.00182227429468,0.0015014919918,0.0010271568317,0.000344660453266,0.000239286964643,0.000163907185197,0.0000952886621235,0.0001085160402,0.0000958622040343,0.000132078421302,0.0000979165924946,0.0000462232346763,0.0000490071142849,0.0000405697282986,0.0000376474527002,0.0000492032741022,0.0000458900321973,0.0000291588967229,0.0000196383170987,0.0000265014423348,0.0000323640015267,0.0000235221123148,0.0000128758119899,0.0000105846029328,0.00000688423915562,0.00000490117190566,0.00000380979349757,0.00000280676908915,0.0000023830164082,0.00000160606089139,0.00000159403703037,0.00000136191579259,8.98068549304e-7,6.66641369662e-7,5.72696421841e-7,3.75700949462e-7,2.35963028672e-7,1.98265539098e-7,1.48100625097e-7],"dmean2":[0.00284888735041,0.00304387579672,0.00254831090569,0.00170917913783,0.00056870363187,0.000397574243834,0.000267091381829,0.000156028399942,0.000176445100806,0.00015060682199,0.000203130024602,0.000146443140693,0.0000695059643476,0.0000726765501895,0.000061401988205,0.000056495602621,0.0000759360191296,0.0000725443824194,0.0000455694425909,0.0000302860535157,0.0000419422904088,0.0000519705245097,0.000038088299334,0.0000208464771276,0.0000167439320649,0.0000107901396404,0.00000766959146858,0.00000606386402069,0.00000442910459242,0.00000375224340132,0.0000024929997835,0.00000243651879828,0.00000206978211281,0.00000135265293011,9.80352979241e-7,8.37419349864e-7,5.59415582302e-7,3.53143718712e-7,3.00014676213e-7,2.25180585289e-7],"dvar":[0.0000058649084167,0.00000669448127155,0.00000331256273967,0.00000236164987655,1.95643153234e-7,1.61440325996e-7,8.53555377489e-8,2.57282977145e-8,4.97635355146e-8,3.21742952281e-8,5.57471473428e-8,3.44215926873e-8,1.02007193803e-8,8.88818618705e-9,6.34451113868e-9,7.19604908994e-9,8.47857251074e-9,5.51810241944e-9,2.4220738748e-9,1.65650426709e-9,2.05148520394e-9,2.09189709999e-9,1.31997146546e-9,3.57309848376e-10,2.15920822888e-10,1.05899781999e-10,6.98082772144e-11,2.94532939704e-11,1.62735623588e-11,1.5048795543e-11,1.04613756893e-11,1.10821178623e-11,9.73162002371e-12,5.26235999221e-12,1.89645434773e-12,1.12876006285e-12,6.78154852152e-13,3.61569579615e-13,2.65472268734e-13,2.38072067485e-13],"dvar2":[0.000015022669686,0.0000173712032847,0.00000899531551113,0.00000615852877672,5.27702866293e-7,4.20357054054e-7,2.16004167441e-7,6.660062013e-8,1.26120568211e-7,7.49539736944e-8,1.26904723174e-7,7.62295258028e-8,2.08145927161e-8,1.83084551963e-8,1.36243158977e-8,1.54499950611e-8,1.92543971878e-8,1.28777610797e-8,5.50361001217e-9,3.41194339448e-9,4.71655248191e-9,5.04167330106e-9,3.23231175159e-9,8.92610929615e-10,5.14208620128e-10,2.40889030945e-10,1.732300553e-10,7.35119534689e-11,3.95731850067e-11,3.78891432118e-11,2.62225657854e-11,2.51525172218e-11,2.17900714833e-11,1.09705838164e-11,3.95711805337e-12,2.352572347e-12,1.49205279208e-12,7.92287459597e-13,5.8349191364e-13,5.46600958939e-13],"max":[0.0236513391137,0.024136511609,0.0179867427796,0.0162695702165,0.00683322036639,0.00760505534708,0.00608960306272,0.00308946147561,0.00416770484298,0.00379373878241,0.00421795388684,0.00357618904673,0.00244888430461,0.00245158351026,0.00187084567733,0.00194086262491,0.00202481658198,0.00150048255455,0.00102532003075,0.00137374165934,0.00104037602432,0.000823324662633,0.000725497258827,0.000388724758523,0.000208824450965,0.000187749072211,0.000276910082903,0.0000864468020154,0.0000835845712572,0.0000861132357386,0.0000947703738348,0.000124363737996,0.000107755062345,0.0000726402213331,0.0000543909991393,0.0000201713701244,0.0000148454746522,0.0000120318527479,0.0000132295399453,0.0000129535956148],"mean":[0.00392409227788,0.00393899297342,0.00251258653589,0.00159332307521,0.000697142560966,0.000424432160798,0.00028848691727,0.000176632689545,0.000209745994653,0.000183914293302,0.000292726326734,0.000222938746447,0.0000964666469372,0.000105976687337,0.0000922371327761,0.0000784159710747,0.0000944578932831,0.0000882940512383,0.0000548824791622,0.0000399325508624,0.0000519852183061,0.0000624302629149,0.0000458747417724,0.0000260380656982,0.0000214473075175,0.0000136839971674,0.0000100565866887,0.0000078645598478,0.00000587094336879,0.00000478323045172,0.00000341226109413,0.00000310203427034,0.00000259502758126,0.00000167498512837,0.00000127561372665,0.00000102778915334,6.39182587747e-7,4.12516612869e-7,3.69816120838e-7,2.62196806489e-7],"median":[0.00369538110681,0.00333485030569,0.00194924720563,0.00100491999183,0.000509605859406,0.000286305934424,0.000172279498656,0.0000975898656179,0.0000818556145532,0.0000931538306759,0.000118374649901,0.0000679166041664,0.0000377029609808,0.0000409665153711,0.0000332499184879,0.0000254148962995,0.0000462355346826,0.0000516532891197,0.0000301120489894,0.0000210920206882,0.000031508741813,0.0000403451740567,0.0000326324552589,0.0000190051705431,0.0000151041294885,0.00000976644241746,0.00000718172486813,0.00000600611519985,0.00000449266917713,0.0000035812315673,0.00000259705552708,0.00000213543466998,0.0000017169199964,9.86004693004e-7,7.63614366406e-7,5.41153895028e-7,3.0622442182e-7,2.01266104227e-7,2.00974781706e-7,1.32446359657e-7],"min":[1.45718985947e-23,1.67778487196e-23,3.26309769368e-24,1.46631303584e-23,1.31420487609e-23,1.50223145057e-23,1.23658269851e-23,4.65603416189e-24,7.30941790927e-24,1.73678251689e-23,8.55370478115e-24,1.56630588874e-23,1.08386048944e-23,1.51224951075e-23,1.85204251043e-23,7.8307342719e-24,2.92599514356e-24,1.30862502625e-23,1.37687529962e-23,7.19998712449e-24,1.55229351025e-23,1.43260264277e-23,1.03805717424e-23,7.27712115495e-24,1.57008358584e-23,1.05204628133e-23,7.25346558298e-24,1.09347836048e-23,8.71444860122e-24,8.99663913538e-24,1.12500360884e-23,9.25937951505e-24,6.82767238736e-24,9.66618482869e-24,9.16611249023e-24,1.03626906323e-23,1.05362928851e-23,9.07150992389e-24,1.10263253908e-23,8.92679970172e-24],"var":[0.0000073934397733,0.0000084022167357,0.00000461664558316,0.000003122348744,4.53291306712e-7,2.45358108941e-7,1.49918747638e-7,6.55539267314e-8,1.71519957348e-7,1.0046947807e-7,2.20037833287e-7,1.62830588124e-7,3.77425344311e-8,3.39567449714e-8,2.7796188462e-8,2.22470273314e-8,2.1089434199e-8,1.39284628276e-8,6.50586740036e-9,5.77674930113e-9,5.01204677761e-9,5.14097253657e-9,2.5357347333e-9,6.47755959982e-10,4.69046745888e-10,2.02517155823e-10,1.1483279605e-10,5.30491865713e-11,2.97478430777e-11,2.23908114272e-11,1.46182874833e-11,1.70064986399e-11,1.60835580965e-11,1.00033314965e-11,3.5284804592e-12,2.1065263249e-12,1.13326123659e-12,5.89697019514e-13,4.68536450957e-13,4.00317853953e-13]},"melbands_crest":{"dmean":2.94322228432,"dmean2":4.89722681046,"dvar":7.83156299591,"dvar2":19.7482509613,"max":39.996181488,"mean":14.3731393814,"median":13.1739902496,"min":1.68993651867,"var":24.3837070465},"melbands_flatness_db":{"dmean":0.0230638887733,"dmean2":0.0345473363996,"dvar":0.000493474013638,"dvar2":0.00105523003731,"max":0.658236503601,"mean":0.219295218587,"median":0.210017025471,"min":0.00523378653452,"var":0.00349260633811},"melbands_kurtosis":{"dmean":44.4557991028,"dmean2":73.462852478,"dvar":311760.96875,"dvar2":716872.25,"max":26086.2167969,"mean":102.164215088,"median":9.01483726501,"min":-1.62220275402,"var":1364838.375},"melbands_skewness":{"dmean":0.867956697941,"dmean2":1.39177620411,"dvar":10.7002925873,"dvar2":23.5427207947,"max":154.357696533,"mean":3.66224336624,"median":2.76639652252,"min":-1.94415748119,"var":74.1605453491},"melbands_spread":{"dmean":5.27491235733,"dmean2":8.29330158234,"dvar":40.0710067749,"dvar2":91.1122894287,"max":179.476211548,"mean":19.8164367676,"median":18.0891399384,"min":0.0344406925142,"var":142.15397644},"mfcc":{"cov":[[6657.33886719,732.354125977,-221.624481201,161.961929321,-86.4237594604,178.461929321,4.59652090073,81.5091171265,-48.8940315247,-32.9483032227,-38.8634262085,-23.8943099976,-134.873550415],[732.354125977,763.860717773,-46.8640441895,148.658248901,59.8291854858,-0.797476291656,39.8374519348,24.0863513947,25.4927501678,1.80870616436,-2.24920916557,19.969865799,-18.1171531677],[-221.624481201,-46.8640441895,460.175628662,10.8668727875,-3.04154443741,17.1777687073,-40.6486091614,-0.960133135319,-14.0394134521,-5.47862482071,-22.8733825684,-13.4784679413,-7.20365285873],[161.961929321,148.658248901,10.8668727875,223.556640625,77.8508758545,-21.1401958466,-21.0303649902,-12.1369962692,42.8986358643,36.3658218384,-7.69881439209,16.0496826172,-7.71765899658],[-86.4237594604,59.8291854858,-3.04154443741,77.8508758545,132.944320679,-0.737805843353,-31.8617019653,-25.253074646,20.8367862701,17.2303562164,-0.588222801685,9.69629096985,4.10256814957],[178.461929321,-0.797476291656,17.1777687073,-21.1401958466,-0.737805843353,90.8124160767,44.3792953491,10.8069524765,-24.0128612518,-17.9532241821,4.90385913849,4.14004421234,-12.5545301437],[4.59652090073,39.8374519348,-40.6486091614,-21.0303649902,-31.8617019653,44.3792953491,135.925308228,50.2944831848,-12.6735982895,-30.4886760712,3.0148627758,4.09521341324,-8.07407283783],[81.5091171265,24.0863513947,-0.960133135319,-12.1369962692,-25.253074646,10.8069524765,50.2944831848,72.7315292358,15.2161140442,-14.5961551666,-4.89763259888,-6.81028985977,-5.13426780701],[-48.8940315247,25.4927501678,-14.0394134521,42.8986358643,20.8367862701,-24.0128612518,-12.6735982895,15.2161140442,75.5519256592,36.7054634094,-0.35623472929,-7.6087603569,3.80928516388],[-32.9483032227,1.80870616436,-5.47862482071,36.3658218384,17.2303562164,-17.9532241821,-30.4886760712,-14.5961551666,36.7054634094,68.7617874146,18.834777832,1.84554719925,0.309481322765],[-38.8634262085,-2.24920916557,-22.8733825684,-7.69881439209,-0.588222801685,4.90385913849,3.0148627758,-4.89763259888,-0.35623472929,18.834777832,57.377494812,20.9550037384,5.99773693085],[-23.8943099976,19.969865799,-13.4784679413,16.0496826172,9.69629096985,4.14004421234,4.09521341324,-6.81028985977,-7.6087603569,1.84554719925,20.9550037384,60.1402816772,20.1514720917],[-134.873550415,-18.1171531677,-7.20365285873,-7.71765899658,4.10256814957,-12.5545301437,-8.07407283783,-5.13426780701,3.80928516388,0.309481322765,5.99773693085,20.1514720917,56.6823921204]],"icov":[[0.000219011562876,-0.000203783420147,0.000183717609616,-0.000224728835747,0.000379889330361,-0.000652348739095,0.000541677931324,-0.00038022431545,0.000234041464864,-0.0000301604359265,0.000147745449794,0.0000476881759823,0.000271328462986],[-0.000203783420147,0.00179039605428,-0.0000338921163348,-0.000815467326902,-0.00070182303898,0.000779854482971,-0.00092002627207,-0.000128732732264,-0.000225465453696,0.000426435173722,-0.000250500423135,-0.000389518711017,0.000230646837736],[0.000183717609616,-0.0000338921163348,0.00257722940296,-0.000634804775473,0.00060530891642,-0.00155117339455,0.00180030206684,-0.00120015756693,0.000962408666965,-0.000160726980539,0.000927663117182,0.000336424011039,0.000146209029481],[-0.000224728835747,-0.000815467326902,-0.000634804775473,0.00780153274536,-0.00355013995431,0.00195489171892,-0.00127544428688,0.00122026482131,-0.00250911875628,-0.00237434147857,0.00225366814993,-0.00302022485994,0.00182182039134],[0.000379889330361,-0.00070182303898,0.00060530891642,-0.00355013995431,0.0115799345076,-0.00376059883274,0.00286310072988,0.00254796352237,-0.00245128106326,0.00131164002232,0.000220234447625,-0.000301048828987,-0.000517977226991],[-0.000652348739095,0.000779854482971,-0.00155117339455,0.00195489171892,-0.00376059883274,0.0175012350082,-0.00678303511813,0.000949025852606,0.00282825785689,0.00019277028332,-0.00169207679573,-0.00130860740319,0.00248748599552],[0.000541677931324,-0.00092002627207,0.00180030206684,-0.00127544428688,0.00286310072988,-0.00678303511813,0.0148680163547,-0.00857744924724,0.0015235155588,0.00280433194712,-0.000802975322586,-0.000618337013293,0.000868395902216],[-0.00038022431545,-0.000128732732264,-0.00120015756693,0.00122026482131,0.00254796352237,0.000949025852606,-0.00857744924724,0.0246013812721,-0.0107789700851,0.00594633584842,-0.000372042384697,0.000562746776268,0.000631328963209],[0.000234041464864,-0.000225465453696,0.000962408666965,-0.00250911875628,-0.00245128106326,0.00282825785689,0.0015235155588,-0.0107789700851,0.0261478107423,-0.0134502789006,0.00243015843444,0.00380296795629,-0.00298294238746],[-0.0000301604359265,0.000426435173722,-0.000160726980539,-0.00237434147857,0.00131164002232,0.00019277028332,0.00280433194712,0.00594633584842,-0.0134502789006,0.0278116352856,-0.00977140106261,0.000850885815453,0.00209016818553],[0.000147745449794,-0.000250500423135,0.000927663117182,0.00225366814993,0.000220234447625,-0.00169207679573,-0.000802975322586,-0.000372042384697,0.00243015843444,-0.00977140106261,0.0245357640088,-0.0082258246839,0.000375677802367],[0.0000476881759823,-0.000389518711017,0.000336424011039,-0.00302022485994,-0.000301048828987,-0.00130860740319,-0.000618337013293,0.000562746776268,0.00380296795629,0.000850885815453,-0.0082258246839,0.0241215508431,-0.00865005981177],[0.000271328462986,0.000230646837736,0.000146209029481,0.00182182039134,-0.000517977226991,0.00248748599552,0.000868395902216,0.000631328963209,-0.00298294238746,0.00209016818553,0.000375677802367,-0.00865005981177,0.0226219911128]],"mean":[-608.902893066,132.663787842,-9.3315076828,38.1334609985,11.6147174835,11.6924352646,1.56448805332,10.5137233734,3.55642867088,1.52519917488,-0.162228837609,-1.26466214657,-4.61116933823]},"pitch_salience":{"dmean":0.0701394304633,"dmean2":0.116360455751,"dvar":0.00413939123973,"dvar2":0.0107847433537,"max":0.908582627773,"mean":0.531006395817,"median":0.537627458572,"min":0.00123228190932,"var":0.0125649441034},"silence_rate_20dB":{"dmean":0,"dmean2":0,"dvar":0,"dvar2":0,"max":1,"mean":1,"median":1,"min":1,"var":0},"silence_rate_30dB":{"dmean":0.00022841480677,"dmean2":0.000456881767605,"dvar":0.000228358985623,"dvar2":0.000685099395923,"max":1,"mean":0.999885797501,"median":1,"min":0,"var":0.000114180402306},"silence_rate_60dB":{"dmean":0.00114207400475,"dmean2":0.00228440901265,"dvar":0.00114042800851,"dvar2":0.00250811805017,"max":1,"mean":0.021011762321,"median":0,"min":0,"var":0.020571289584},"spectral_centroid":{"dmean":236.214263916,"dmean2":361.843048096,"dvar":70273.984375,"dvar2":148920.9375,"max":11177.3066406,"mean":1288.75891113,"median":1257.75842285,"min":217.260620117,"var":239662.15625},"spectral_complexity":{"dmean":4.24326181412,"dmean2":6.14848661423,"dvar":15.0042009354,"dvar2":28.6339092255,"max":55,"mean":27.1725482941,"median":28,"min":0,"var":104.401809692},"spectral_contrast_coeffs":{"dmean":[0.0554295554757,0.0482390411198,0.037596642971,0.0301285944879,0.0209969636053,0.0162659566849],"dmean2":[0.0923970490694,0.0795257389545,0.0616453886032,0.0494834370911,0.0343239083886,0.026469103992],"dvar":[0.00211901194416,0.00151766859926,0.000927120854612,0.000607684953138,0.000289388437523,0.00020756428421],"dvar2":[0.00579860620201,0.00412026653066,0.002418510383,0.00150505057536,0.000738391710911,0.000513874925673],"max":[-0.381350547075,-0.378879189491,-0.421539843082,-0.514086484909,-0.571926116943,-0.628035843372],"mean":[-0.654521346092,-0.735175132751,-0.758379995823,-0.774230480194,-0.787862956524,-0.735835552216],"median":[-0.655130982399,-0.738021373749,-0.764151573181,-0.777608513832,-0.790582418442,-0.731646060944],"min":[-0.960774600506,-0.97234171629,-0.978974580765,-0.987879991531,-0.977429687977,-0.961090743542],"var":[0.00557442381978,0.00459658633918,0.00438335118815,0.00277735525742,0.00152567692567,0.00121864851099]},"spectral_contrast_valleys":{"dmean":[0.337045013905,0.346951812506,0.29497590661,0.26842802763,0.218286126852,0.235587373376],"dmean2":[0.573474049568,0.577405333519,0.482813715935,0.420105963945,0.321091711521,0.311338186264],"dvar":[0.106860600412,0.109654895961,0.0919153019786,0.083734229207,0.0692980736494,0.0902011543512],"dvar2":[0.250807404518,0.254252046347,0.196810334921,0.163853868842,0.122517421842,0.144132688642],"max":[-5.20200967789,-4.93175315857,-5.22550582886,-5.76955032349,-5.68093967438,-8.01601982117],"mean":[-6.46018743515,-6.55420684814,-7.01378583908,-7.27752590179,-7.05820608139,-10.1967248917],"median":[-6.20966291428,-6.35273694992,-6.79470157623,-7.05997562408,-6.83813381195,-10.0484800339],"min":[-27.4014797211,-27.1332416534,-26.858745575,-27.0526599884,-27.2408561707,-27.2375507355],"var":[1.65633010864,1.68098711967,1.65863823891,1.5842461586,1.4966789484,1.24506759644]},"spectral_decrease":{"dmean":2.6066337977e-9,"dmean2":4.20828039083e-9,"dvar":6.86577196494e-18,"dvar2":1.63553310544e-17,"max":-3.64009486359e-29,"mean":-1.21402186082e-8,"median":-1.20656125091e-8,"min":-2.73783484772e-8,"var":1.67911394319e-17},"spectral_energy":{"dmean":0.0100012002513,"dmean2":0.0160715319216,"dvar":0.0000999218245852,"dvar2":0.0002363636886,"max":0.106084764004,"mean":0.0481741465628,"median":0.0480672419071,"min":1.03289017192e-20,"var":0.000258156476775},"spectral_energyband_high":{"dmean":0.000241281508352,"dmean2":0.000338158890372,"dvar":1.94897296524e-7,"dvar2":4.00745165052e-7,"max":0.00995315797627,"mean":0.00063080037944,"median":0.000486536184326,"min":7.31432841063e-21,"var":4.26590929692e-7},"spectral_energyband_low":{"dmean":0.00821511633694,"dmean2":0.0133729800582,"dvar":0.0000969588945736,"dvar2":0.000226905671298,"max":0.0911806076765,"mean":0.0234248675406,"median":0.0210825875401,"min":8.54572198211e-23,"var":0.000167267775396},"spectral_energyband_middle_high":{"dmean":0.00206289673224,"dmean2":0.00297508458607,"dvar":0.00000577631908527,"dvar2":0.000011416956113,"max":0.048797275871,"mean":0.00898115802556,"median":0.00764641677961,"min":1.68017346074e-21,"var":0.0000393455811718},"spectral_energyband_middle_low":{"dmean":0.00687459437177,"dmean2":0.0111872144043,"dvar":0.0000645462205284,"dvar2":0.000165662291693,"max":0.0815014243126,"mean":0.0182547010481,"median":0.0165357980877,"min":3.33584462409e-22,"var":0.000115389593702},"spectral_entropy":{"dmean":0.114588685334,"dmean2":0.172260940075,"dvar":0.013419075869,"dvar2":0.0287078768015,"max":9.81017017365,"mean":7.62144136429,"median":7.65463113785,"min":5.87813472748,"var":0.0862833783031},"spectral_flux":{"dmean":0.0288142431527,"dmean2":0.0436930321157,"dvar":0.000705048907548,"dvar2":0.00151649373583,"max":0.294750869274,"mean":0.107197605073,"median":0.102915383875,"min":1.01631203453e-10,"var":0.00208675744943},"spectral_kurtosis":{"dmean":1.36155354977,"dmean2":2.31878662109,"dvar":2.06134724617,"dvar2":5.68640184402,"max":31.7343978882,"mean":4.27929878235,"median":3.83945655823,"min":-1.2058519125,"var":4.81733465195},"spectral_rms":{"dmean":0.000698290881701,"dmean2":0.00111610128079,"dvar":4.5587202635e-7,"dvar2":0.00000107082144041,"max":0.0101733636111,"mean":0.00670649856329,"median":0.00684798276052,"min":3.17442556616e-12,"var":0.00000202211640499},"spectral_rolloff":{"dmean":319.770507812,"dmean2":531.317810059,"dvar":283296.90625,"dvar2":556291.4375,"max":18798.4863281,"mean":1022.4173584,"median":861.328125,"min":21.533203125,"var":575913.6875},"spectral_skewness":{"dmean":0.181232765317,"dmean2":0.298482984304,"dvar":0.0311449877918,"dvar2":0.0792358890176,"max":4.25397348404,"mean":1.40848815441,"median":1.36538898945,"min":-0.00430979207158,"var":0.10837250948},"spectral_spread":{"dmean":358265.375,"dmean2":509807.5625,"dvar":328659206144,"dvar2":547571662848,"max":41172412,"mean":3869395,"median":3693916.5,"min":1474388.625,"var":1271730536450},"spectral_strongpeak":{"dmean":0.319466084242,"dmean2":0.572190761566,"dvar":0.34979903698,"dvar2":0.953240096569,"max":9.41969680786,"mean":0.584921836853,"median":0.418370872736,"min":0,"var":0.448147952557},"zerocrossingrate":{"dmean":0.00678842561319,"dmean2":0.00829648692161,"dvar":0.0000924404812395,"dvar2":0.000105472172436,"max":0.49951171875,"mean":0.0435318052769,"median":0.04248046875,"min":0,"var":0.000361965358024}},"metadata":{"audio_properties":{"analysis_sample_rate":44100,"bit_rate":320000,"codec":"mp3","downmix":"mix","equal_loudness":0,"length":203.311019897,"lossless":false,"md5_encoded":"d723fa2ff42bd1e3bcc873a2226b5a87","replay_gain":-17.1068229675,"sample_rate":44100},"tags":{"album":["Graveyard"],"albumartist":["Graveyard"],"albumartistsort":["Graveyard"],"artist":["Graveyard"],"artistsort":["Graveyard"],"asin":["B000UZ4E5M"],"catalognumber":["TPE-081"],"contentgroup":["Rock"],"date":["2008-02-19"],"discnumber":["1/1"],"file_name":"03 Lost in Confusion.mp3","genre":["Rock; Stoner Rock; Psychedelic Rock; Blues Rock; Hard Rock"],"label":["Tee Pee Records"],"language":["eng"],"media":["CD"],"mood":["Retro"],"musicbrainz album release country":["US"],"musicbrainz album status":["official"],"musicbrainz album type":["album"],"musicbrainz_albumartistid":["679fc003-616b-44ff-97f7-d82398ad3184"],"musicbrainz_albumid":["9a311144-57b8-442b-b9d2-df4d3f7fe331"],"musicbrainz_artistid":["679fc003-616b-44ff-97f7-d82398ad3184"],"musicbrainz_recordingid":["d4377ed4-627b-4aea-8721-a464c47327e3"],"originaldate":["2007-09-10"],"script":["Latn"],"title":["Lost in Confusion"],"tracknumber":["3/9"]},"version":{"essentia":"2.1-beta2","essentia_build_sha":"70f2e5ece6736b2c40cc944ad0e695b16b925413","essentia_git_sha":"v2.1_beta2","extractor":"music 1.0"}},"rhythm":{"beats_count":472,"beats_loudness":{"dmean":0.0148849384859,"dmean2":0.0260245390236,"dvar":0.000158737952006,"dvar2":0.000454220600659,"max":0.113022312522,"mean":0.0551449209452,"median":0.0546422377229,"min":3.16008517132e-8,"var":0.000271157856332},"beats_loudness_band_ratio":{"dmean":[0.167346462607,0.107177525759,0.066701322794,0.0754977539182,0.0599540583789,0.0250782668591],"dmean2":[0.292587161064,0.186423510313,0.117274314165,0.123846441507,0.10042553395,0.0434988513589],"dvar":[0.0188812725246,0.0090208016336,0.00617372896522,0.00760917784646,0.00329415034503,