{"lowlevel":{"average_loudness":0.827222585678,"barkbands":{"dmean":[0.0000308177404804,0.00258018658496,0.00261474470608,0.00159767770674,0.00187737750821,0.00085521832807,0.000655446317978,0.000617476587649,0.000545471615624,0.000631892005913,0.000448103644885,0.000341473118169,0.000363379280316,0.000712705717888,0.000405328755733,0.00033887437894,0.000233553932048,0.000170495637576,0.000120954224258,0.000129676249344,0.0000931914255489,0.0000635783653706,0.0000561420820304,0.0000370096167899,0.0000188943959074,0.0000101588630059,0.00000295558675134],"dmean2":[0.0000506993419549,0.00430328492075,0.00463684881106,0.00260774744675,0.00299494131468,0.00138890033122,0.00108280789573,0.000964992155787,0.00087807275122,0.000981792225502,0.000698935589753,0.000539206201211,0.000564657209907,0.00113730190787,0.000652601011097,0.000529824465048,0.000370209076209,0.00026212236844,0.000187601413927,0.000201737973839,0.000140665826621,0.0000944669809542,0.0000824868329801,0.0000530544239155,0.0000268225503532,0.0000143685720104,0.00000427873101216],"dvar":[2.63067989614e-9,0.0000401010729547,0.0000649123830954,0.0000198140096472,0.0000209687696042,0.00000672206124364,0.00000417491855842,0.00000205820288102,0.0000017858259298,0.00000259306261796,0.00000114645308713,7.59635213399e-7,0.0000011064634009,0.0000044238627197,0.00000154714200562,7.93406854882e-7,2.30971366477e-7,1.4229539147e-7,7.48094279857e-8,1.53084329213e-7,4.6597183001e-8,2.84304402243e-8,3.24628182113e-8,1.30830342115e-8,1.84890780464e-9,6.17358497657e-10,5.44844169781e-11],"dvar2":[7.16043446758e-9,0.000100664474303,0.000179595852387,0.0000465911289211,0.0000529056414962,0.0000182587227755,0.0000111047229439,0.00000489767353429,0.00000451833329862,0.0000059621966102,0.00000268288499683,0.00000184292969152,0.00000275467573374,0.0000113172973215,0.00000398805650548,0.0000018424747168,5.80813946272e-7,3.21069251186e-7,1.81237354013e-7,3.75898707716e-7,1.05341221968e-7,6.39757686827e-8,7.00020095223e-8,2.75934066707e-8,3.70351038725e-9,1.30294075529e-9,1.18722406905e-10],"max":[0.00071960373316,0.0691841989756,0.0758230537176,0.0497005432844,0.0693181753159,0.0629050284624,0.04641995579,0.0451611727476,0.0344152599573,0.0364202335477,0.0244777780026,0.0184050872922,0.0247514266521,0.0556707568467,0.0313069447875,0.0293208174407,0.00751474965364,0.00736450310796,0.00494946725667,0.0128366807476,0.00388691714033,0.00670994911343,0.00758054573089,0.00669897906482,0.000679980264977,0.000474258093163,0.000132286935695],"mean":[0.0000443002791144,0.002772630658,0.00222264090553,0.00155903969426,0.00215025711805,0.00112214055844,0.000779486203101,0.000937116681598,0.000746896432247,0.000961924553849,0.000698395830113,0.000456513633253,0.000493933097459,0.00103895994835,0.000509625766426,0.000559787498787,0.000334990938427,0.000249888806138,0.000175894572749,0.000180581831955,0.000128299710923,0.0000885787012521,0.0000755892469897,0.0000508765006089,0.0000249228596658,0.0000119993810586,0.00000319365449286],"median":[0.0000148106501001,0.000693314534146,0.000337917706929,0.000240320892772,0.000730295141693,0.000403212965466,0.000249103322858,0.000385749648558,0.00024610577384,0.000255146704149,0.000184879958397,0.000096638344985,0.0000744895587559,0.000208473167731,0.000082779188233,0.000125843813294,0.000110830442281,0.000064066152845,0.0000443014687335,0.0000354683434125,0.0000135207092171,0.000010255064808,0.00000757801626605,0.00000533874253961,0.00000197315534933,5.3116127674e-7,7.94308832042e-8],"min":[1.86921861065e-25,2.84113185396e-24,6.32807750697e-25,5.82183341661e-25,9.6719009148e-24,6.51679334867e-24,7.38839235221e-24,3.53726137091e-24,1.45264002531e-23,1.13317944214e-23,1.19779961428e-23,2.10985471826e-23,2.83194943414e-23,3.36287585809e-23,3.20650437847e-23,4.93167880714e-23,5.25287867083e-23,1.14829395398e-22,9.54972986864e-23,1.64238846227e-22,2.49590794138e-22,3.15330927882e-22,3.40974915266e-22,5.63497708179e-22,7.76944586957e-22,1.22180584439e-21,1.98694760808e-21],"var":[4.40998926265e-9,0.0000363226245099,0.0000442011732957,0.0000189163019968,0.000019878598323,0.00000652916514809,0.0000038389398469,0.0000033265341699,0.00000228919225265,0.00000475171646031,0.00000238313532464,0.00000111736903818,0.00000172918475982,0.00000658505769024,0.00000209468157664,0.00000151346637267,3.43941565006e-7,2.55073473454e-7,1.17898437679e-7,2.01306306735e-7,8.41289065079e-8,4.80617607934e-8,5.26724797112e-8,2.05777812567e-8,3.29862381854e-9,9.30698629276e-10,7.21609508259e-11]},"barkbands_crest":{"dmean":2.55584216118,"dmean2":4.19168281555,"dvar":5.74767637253,"dvar2":13.8049545288,"max":26.5916805267,"mean":8.69449138641,"median":7.72542190552,"min":2.32710552216,"var":15.3668403625},"barkbands_flatness_db":{"dmean":0.0273245032877,"dmean2":0.0395724661648,"dvar":0.000795746629592,"dvar2":0.00165421713609,"max":0.448934614658,"mean":0.13939024508,"median":0.132185950875,"min":0.0234872344881,"var":0.00362656731158},"barkbands_kurtosis":{"dmean":3.02745580673,"dmean2":4.92471408844,"dvar":74.2933273315,"dvar2":200.169174194,"max":270.06237793,"mean":3.26107263565,"median":0.514508485794,"min":-1.89585995674,"var":108.774078369},"barkbands_skewness":{"dmean":0.61908197403,"dmean2":0.931780517101,"dvar":0.538183093071,"dvar2":1.23891174793,"max":13.2628507614,"mean":0.956444978714,"median":0.791663169861,"min":-3.85212922096,"var":1.97270095348},"barkbands_spread":{"dmean":5.73750543594,"dmean2":8.89507389069,"dvar":42.7815628052,"dvar2":96.8843917847,"max":99.6260604858,"mean":20.3931655884,"median":18.9412193298,"min":0.293775290251,"var":136.703277588},"dissonance":{"dmean":0.0204046517611,"dmean2":0.0343280024827,"dvar":0.000497241155244,"dvar2":0.00133243435994,"max":0.500000119209,"mean":0.467033624649,"median":0.474577784538,"min":0.204468995333,"var":0.000836732273456},"dynamic_complexity":5.39368486404,"erbbands":{"dmean":[0.0404848568141,0.697575092316,2.51252245903,4.64943885803,6.77178239822,5.12582540512,6.32816505432,7.34127521515,10.4874296188,9.47898006439,11.8272104263,12.7255821228,16.7044067383,17.7270622253,18.4710998535,13.9403839111,16.8992424011,32.5567359924,27.4399471283,17.4011516571,13.6485109329,11.6706953049,10.1132211685,6.71778917313,6.62258005142,5.57937955856,4.19497776031,3.2044403553,2.32825875282,2.03125810623,1.51989328861,0.97213357687,0.523049414158,0.256568878889,0.114399023354,0.0521579086781,0.0180489588529,0.00332520203665,0.000443855125923,0.000043713960622],"dmean2":[0.065260745585,1.16481280327,4.26878595352,7.84157657623,11.0209236145,8.33389186859,10.1890506744,12.148724556,17.3495674133,14.9760217667,18.4628200531,20.3191413879,26.1439819336,27.0629520416,29.1086063385,21.8168678284,26.054271698,51.3294487,44.3628158569,27.4561042786,21.0720653534,18.226026535,15.4781274796,10.1857995987,10.236205101,8.6391544342,6.32504987717,4.89768075943,3.49113178253,2.93798756599,2.26576256752,1.41565942764,0.751627743244,0.36852028966,0.162109553814,0.074484616518,0.0258298404515,0.00478960154578,0.000638485536911,0.0000626414257567],"dvar":[0.00690552545711,3.05313777924,53.9490966797,164.966033936,318.718505859,147.290969849,266.410217285,566.714294434,1294.30517578,470.041046143,865.604187012,958.048278809,1927.25158691,2054.31201172,2132.48046875,1266.79541016,2346.8828125,8039.35400391,8247.25488281,2549.66699219,1027.2277832,612.536193848,456.36605835,270.757781982,241.588516235,323.53817749,102.156997681,57.5673217773,35.8361358643,34.0393295288,27.6238536835,11.1942043304,1.85188305378,0.34916844964,0.0682233348489,0.0162634532899,0.00201631174423,0.0000697648938512,0.00000119050741887,9.04934260859e-9],"dvar2":[0.0169614478946,7.55176353455,142.409423828,402.837341309,767.984680176,385.722686768,684.513183594,1551.28894043,3516.86328125,1149.41113281,2059.88891602,2446.16430664,4712.88037109,4824.20166016,5073.59277344,3025.76416016,5791.61572266,20085.8242188,21895.7636719,6661.54443359,2452.65795898,1511.59899902,1048.69006348,649.213806152,568.482543945,805.03515625,232.281295776,136.128448486,83.4729690552,69.3518676758,61.1320838928,23.780626297,3.80230426788,0.714890241623,0.138820514083,0.0345228873193,0.00434077950194,0.000149856496137,0.00000254913311437,2.02151362316e-8],"max":[1.347671628,17.3929901123,65.7706451416,121.463760376,194.768447876,214.684539795,422.001556396,605.17767334,857.661865234,616.891540527,749.070617676,944.426696777,1347.81872559,1328.57849121,1118.29345703,733.117248535,1135.78295898,2618.54736328,3021.95898438,1498.9050293,862.637451172,406.0284729,440.156951904,400.543243408,535.577880859,698.555541992,179.688018799,111.583328247,183.080368042,308.812347412,213.094955444,192.578277588,61.7475090027,9.45693588257,4.68347501755,2.55141496658,0.754825651646,0.154723405838,0.0191308651119,0.00153726222925],"mean":[0.0554452799261,0.714651882648,2.28724837303,4.49258613586,6.75934553146,6.06999015808,8.58816719055,9.12737369537,11.9303979874,14.841340065,18.0420341492,18.6560554504,25.443944931,28.6857757568,30.0736732483,20.4036960602,24.6301059723,51.9666862488,36.7419471741,27.3984222412,22.3570537567,17.326581955,15.6801156998,10.1679210663,9.67984008789,7.92278766632,6.00980615616,4.20939254761,3.22900366783,2.78638029099,2.0319378376,1.32732260227,0.706050395966,0.336132764816,0.148442327976,0.0628753229976,0.0207452066243,0.00384476734325,0.000490749720484,0.0000553775207663],"median":[0.0184690132737,0.155357912183,0.381771594286,0.781374514103,1.34092092514,2.30099320412,2.83748435974,3.46820449829,3.75094103813,6.80517101288,7.01457643509,6.88350009918,8.09591388702,6.55704450607,8.40879535675,4.89311552048,4.70044994354,11.2676591873,8.42273044586,7.48523426056,6.74133014679,5.98711395264,5.02371883392,2.66543531418,2.40849065781,1.64446115494,0.794444978237,0.447366178036,0.362340688705,0.314907342196,0.215301558375,0.148437261581,0.0675772503018,0.0281969569623,0.0110167115927,0.0033912952058,0.000807826814707,0.00012810100452,0.0000214420888369,0.0000166974168678],"min":[7.59274897852e-23,5.46568727909e-22,2.24966530011e-21,4.52044066951e-21,1.51713842383e-20,2.91570955414e-20,2.61937048411e-20,7.58168675554e-20,8.42204991287e-20,1.16744536418e-19,1.1332608329e-19,3.79831049225e-19,4.34127184633e-19,3.47746807065e-19,7.98725340987e-19,1.17368905269e-18,1.57201549852e-18,1.98117366768e-18,2.02173426222e-18,3.4200125706e-18,3.58433324005e-18,3.93774657035e-18,5.4814905865e-18,5.01790755196e-18,6.98171456268e-18,7.02721197791e-18,8.17926281296e-18,1.06726358149e-17,9.84275776639e-18,1.03723915864e-17,1.0622839542e-17,9.22120680949e-18,8.8184203092e-18,7.11352165738e-18,5.51659571811e-18,3.75603897801e-18,2.23805233216e-18,9.78441340906e-19,2.28306786299e-19,2.64641735143e-20],"var":[0.0089445123449,2.72449851036,40.7199668884,146.596405029,290.603302002,141.684768677,343.112030029,480.015106201,1037.47277832,806.306762695,1386.09765625,1292.25488281,3412.24487305,4356.53613281,4440.45605469,2064.36254883,3860.22021484,14925.7675781,9983.8046875,3710.96508789,1811.86865234,902.181945801,859.539367676,410.497894287,409.184112549,397.886199951,189.657836914,84.3385620117,59.0561752319,60.9428749084,41.9864425659,17.4892158508,3.11842942238,0.605718612671,0.117920458317,0.0247545074672,0.00287905870937,0.000105108105345,0.0000016376691292,1.11182938412e-8]},"erbbands_crest":{"dmean":2.81075549126,"dmean2":4.47810220718,"dvar":7.33896493912,"dvar2":17.1903076172,"max":31.4219207764,"mean":9.06827259064,"median":8.0506734848,"min":2.38419485092,"var":18.3589344025},"erbbands_flatness_db":{"dmean":0.0253956541419,"dmean2":0.0340168885887,"dvar":0.00068679190008,"dvar2":0.00118928332813,"max":0.371763348579,"mean":0.181029513478,"median":0.180650547147,"min":0.0405317619443,"var":0.00300374347717},"erbbands_kurtosis":{"dmean":1.26062071323,"dmean2":1.96316754818,"dvar":4.90705251694,"dvar2":10.7169675827,"max":63.0226745605,"mean":0.931410133839,"median":0.160226345062,"min":-1.81207382679,"var":8.62280273438},"erbbands_skewness":{"dmean":0.430866718292,"dmean2":0.654940366745,"dvar":0.199069514871,"dvar2":0.449577063322,"max":4.56974887848,"mean":0.0909938141704,"median":0.090772755444,"min":-5.31677961349,"var":0.686742305756},"erbbands_spread":{"dmean":8.05009365082,"dmean2":11.8261823654,"dvar":79.8183135986,"dvar2":162.249755859,"max":149.239639282,"mean":28.7875499725,"median":25.5633068085,"min":1.59370803833,"var":255.567810059},"gfcc":{"cov":[[33568.1328125,-214.980957031,-2956.40454102,1265.87902832,-1776.48193359,580.318969727,-686.608337402,175.809997559,-637.093994141,100.808258057,-290.731719971,-208.322601318,-164.201583862],[-214.980957031,2375.65258789,-181.271942139,-327.745269775,286.83480835,-211.249221802,98.0941467285,-56.2981338501,135.800628662,-209.783477783,112.061340332,-52.9176635742,34.2716026306],[-2956.40454102,-181.271942139,1501.4329834,108.152694702,43.161190033,19.1687927246,130.887054443,42.641418457,-23.3939552307,68.3197631836,-20.2466983795,15.7007570267,-45.1731643677],[1265.87902832,-327.745269775,108.152694702,526.886230469,-77.1279983521,56.484992981,-5.40613222122,11.8293800354,-12.7845678329,46.0955619812,-28.7210292816,-26.0255889893,-4.4442243576],[-1776.48193359,286.83480835,43.161190033,-77.1279983521,433.08380127,27.584186554,45.2225494385,-16.3152351379,89.2250366211,-34.6018562317,-11.0690517426,11.4938249588,11.3239126205],[580.318969727,-211.249221802,19.1687927246,56.484992981,27.584186554,226.941436768,58.8728103638,21.6101741791,-7.34633493423,33.7525558472,-19.0978126526,-0.844183206558,-3.50824761391],[-686.608337402,98.0941467285,130.887054443,-5.40613222122,45.2225494385,58.8728103638,192.913299561,53.841217041,4.39911365509,8.68361568451,34.3257637024,-4.90568256378,8.02934932709],[175.809997559,-56.2981338501,42.641418457,11.8293800354,-16.3152351379,21.6101741791,53.841217041,135.342834473,9.45141887665,7.8885436058,20.1118354797,4.41138696671,1.43294918537],[-637.093994141,135.800628662,-23.3939552307,-12.7845678329,89.2250366211,-7.34633493423,4.39911365509,9.45141887665,139.08821106,14.0668992996,-0.953652143478,5.84196090698,14.3744058609],[100.808258057,-209.783477783,68.3197631836,46.0955619812,-34.6018562317,33.7525558472,8.68361568451,7.8885436058,14.0668992996,109.874046326,14.377163887,12.3438920975,-4.8241815567],[-290.731719971,112.061340332,-20.2466983795,-28.7210292816,-11.0690517426,-19.0978126526,34.3257637024,20.1118354797,-0.953652143478,14.377163887,108.607040405,14.1888484955,13.4429588318],[-208.322601318,-52.9176635742,15.7007570267,-26.0255889893,11.4938249588,-0.844183206558,-4.90568256378,4.41138696671,5.84196090698,12.3438920975,14.1888484955,73.9717330933,19.6870479584],[-164.201583862,34.2716026306,-45.1731643677,-4.4442243576,11.3239126205,-3.50824761391,8.02934932709,1.43294918537,14.3744058609,-4.8241815567,13.4429588318,19.6870479584,58.6788635254]],"icov":[[0.000108047657704,-0.000201103262953,0.00021491239022,-0.000254647049587,0.000356109405402,-0.000421626027673,0.000409749336541,-0.000395619659685,0.000489436031785,-0.000368842942407,0.000414861395257,-0.0000975564762484,0.00021309836302],[-0.000201103262953,0.0011353235459,-0.000382320809877,0.000700777862221,-0.000873718527146,0.00126225291751,-0.00125687755644,0.0012049714569,-0.00164455187041,0.00196083378978,-0.00161504314747,0.000790484889876,-0.000411597691709],[0.00021491239022,-0.000382320809877,0.00122618942987,-0.000666852400173,0.000551976147108,-0.000522656482644,0.000124803918879,-0.000852703698911,0.00121772766579,-0.00122128182556,0.00122018612456,-0.000618482183199,0.00111338123679],[-0.000254647049587,0.000700777862221,-0.000666852400173,0.00284402584657,-0.000574244826566,0.000663797953166,-0.000821725872811,0.000877213082276,-0.0013279755367,0.000473534251796,-0.000738876638934,0.00137861853,-0.00110733485781],[0.000356109405402,-0.000873718527146,0.000551976147108,-0.000574244826566,0.00434733740985,-0.00212821783498,0.000747309823055,-0.000590202165768,-0.000380774057703,-0.000117221919936,0.00179365021177,-0.0010823427001,0.000870059477165],[-0.000421626027673,0.00126225291751,-0.000522656482644,0.000663797953166,-0.00212821783498,0.00755845662206,-0.00384530681185,0.00136627780739,-0.0013709923951,0.000192912979401,-0.00029439010541,0.00044437503675,-0.000643672770821],[0.000409749336541,-0.00125687755644,0.000124803918879,-0.000821725872811,0.000747309823055,-0.00384530681185,0.00947896204889,-0.00412154011428,0.00257310527377,-0.00197086040862,-0.00039831417962,0.00104396627285,-0.000707356724888],[-0.000395619659685,0.0012049714569,-0.000852703698911,0.000877213082276,-0.000590202165768,0.00136627780739,-0.00412154011428,0.0104902433231,-0.00345620606095,0.00264165690169,-0.00304231187329,-0.000112115849333,-0.0000990286498563],[0.000489436031785,-0.00164455187041,0.00121772766579,-0.0013279755367,-0.000380774057703,-0.0013709923951,0.00257310527377,-0.00345620606095,0.0121612623334,-0.00544719258323,0.00346793024801,-0.000511722697411,-0.00115894246846],[-0.000368842942407,0.00196083378978,-0.00122128182556,0.000473534251796,-0.000117221919936,0.000192912979401,-0.00197086040862,0.00264165690169,-0.00544719258323,0.0151271540672,-0.00503521971405,-0.000925618165638,0.00119976105634],[0.000414861395257,-0.00161504314747,0.00122018612456,-0.000738876638934,0.00179365021177,-0.00029439010541,-0.00039831417962,-0.00304231187329,0.00346793024801,-0.00503521971405,0.0139698246494,-0.00251542404294,-0.000867331924383],[-0.0000975564762484,0.000790484889876,-0.000618482183199,0.00137861853,-0.0010823427001,0.00044437503675,0.00104396627285,-0.000112115849333,-0.000511722697411,-0.000925618165638,-0.00251542404294,0.0169701986015,-0.00607912940904],[0.00021309836302,-0.000411597691709,0.00111338123679,-0.00110733485781,0.000870059477165,-0.000643672770821,-0.000707356724888,-0.0000990286498563,-0.00115894246846,0.00119976105634,-0.000867331924383,-0.00607912940904,0.0211655162275]],"mean":[-83.3959350586,109.204933167,-125.604743958,20.956653595,-46.7067527771,9.42586612701,-33.1703720093,4.17454957962,-15.3898191452,-2.73034262657,-13.252576828,-2.99797320366,-9.19825458527]},"hfc":{"dmean":6.96032476425,"dmean2":9.63235759735,"dvar":143.430969238,"dvar2":309.207275391,"max":178.627120972,"mean":14.8677072525,"median":8.12185192108,"min":1.04382761914e-16,"var":346.356201172},"melbands":{"dmean":[0.000546539784409,0.00115854293108,0.000849867064971,0.00042703593499,0.000216014072066,0.000167551042978,0.000151846805238,0.000111796180136,0.0000944626008277,0.0000820145942271,0.0000846859111334,0.000074464129284,0.0000586158457736,0.0000433020650235,0.0000359111909347,0.0000362667669833,0.0000699056545272,0.0000492013132316,0.0000261009881797,0.0000302398184431,0.0000131487759063,0.0000125523029055,0.0000126954373627,0.00000768492554926,0.00000556196891921,0.00000443615408585,0.00000526834628545,0.00000355328620572,0.00000271587714451,0.00000273420482699,0.00000170498026364,0.00000138077064094,0.00000122183917028,0.00000114523413686,9.28189251681e-7,7.79558547492e-7,5.44333545349e-7,3.83575212481e-7,3.12970058758e-7,1.90751862306e-7],"dmean2":[0.000897872378118,0.00192515400704,0.00140287808608,0.000684914179146,0.00034786487231,0.000275366415735,0.000250341981882,0.000176137778908,0.000146873935591,0.000132458793814,0.000132541477797,0.00011415197514,0.0000917901706998,0.0000679556760588,0.0000561938832107,0.0000561627857678,0.000110952561954,0.0000801447095,0.0000413304733229,0.0000477926623716,0.0000203565396077,0.0000199264686671,0.0000197489462153,0.0000118321322589,0.00000855069811223,0.00000696786946719,0.00000826806899568,0.00000560344733458,0.0000041600997065,0.00000417791034124,0.00000267592417913,0.00000212632585317,0.00000180933091087,0.00000167728603628,0.00000140854672281,0.00000116150670237,8.01645171578e-7,5.58947988338e-7,4.54375594927e-7,2.7787288559e-7],"dvar":[0.00000160220827183,0.00000998562700261,0.00000510552717969,0.00000119876369808,2.7518672141e-7,2.88696611506e-7,2.53945955819e-7,6.45515996212e-8,5.61310926628e-8,4.19815826547e-8,5.1018513858e-8,3.82527254317e-8,1.97080787245e-8,1.05535660211e-8,1.09514770585e-8,1.07550572892e-8,3.88956955533e-8,3.02245624084e-8,6.49697273758e-9,6.89992019076e-9,9.05906905047e-10,8.64909921461e-10,6.54828358204e-10,3.27800342426e-10,2.09393558048e-10,1.10586970137e-10,2.41581837868e-10,1.38394642968e-10,4.82235501531e-11,4.31226096498e-11,1.96014714876e-11,1.27027052071e-11,1.41232156178e-11,1.0023541025e-11,1.00214975207e-11,8.37873433829e-12,3.75781090273e-12,1.19898231968e-12,5.06183582463e-13,2.07766353492e-13],"dvar2":[0.00000399093232772,0.0000246018444159,0.0000119862279462,0.00000303973752125,7.10078325028e-7,7.90955198227e-7,6.869219078e-7,1.5679944454e-7,1.31071359988e-7,1.0930907024e-7,1.23468282709e-7,8.84041853055e-8,4.66713316882e-8,2.50538363389e-8,2.76308878e-8,2.64766999436e-8,9.73829443751e-8,8.13917395703e-8,1.71261493875e-8,1.64075686371e-8,2.19640705623e-9,2.18962914467e-9,1.53698442862e-9,7.54634799094e-10,5.15003761858e-10,2.72336347917e-10,5.81663217591e-10,3.49341916506e-10,1.13614180564e-10,1.00869410047e-10,4.85822701513e-11,3.11222783655e-11,3.08639676316e-11,2.02614904021e-11,2.2575335698e-11,1.86350726517e-11,8.45556263895e-12,2.53427183752e-12,1.03278496866e-12,4.43769424419e-13],"max":[0.0167090333998,0.0267342049628,0.0193272419274,0.016054617241,0.011749047786,0.0131054650992,0.0118518145755,0.00733627239242,0.00599247217178,0.00516997044906,0.00657064141706,0.00549938948825,0.00302192312665,0.00213288073428,0.00317212520167,0.00204746308737,0.00604314124212,0.00591154117137,0.00267319753766,0.00295909889974,0.000713562592864,0.000538413936738,0.000461144489236,0.000416373659391,0.000350354152033,0.000211239748751,0.000651061709505,0.000505140225869,0.000129486477817,0.000148891718709,0.0000799120170996,0.000111221786938,0.000198981506401,0.000139318595757,0.000129337771796,0.000119196723972,0.000122011981148,0.0000555735277885,0.0000106806346594,0.00000841280598252],"mean":[0.000651054317132,0.00116195273586,0.000855765189044,0.000462760304799,0.000296436715871,0.000209544668905,0.000175518769538,0.000174258864718,0.000143556680996,0.000114659975225,0.000125651597045,0.000114996597404,0.000094447947049,0.000063634441176,0.000048374880862,0.0000506948235852,0.000107817693788,0.000061917831772,0.0000325472974509,0.0000506837350258,0.000019473825887,0.000016993497411,0.0000193033811229,0.0000109776619865,0.00000790559806774,0.00000611437371845,0.00000743979944673,0.00000471738894703,0.0000036350627397,0.00000368783798876,0.000002008788897,0.00000181667076049,0.00000167431892351,0.00000150021412537,0.00000119795663522,0.00000100294641925,7.28535439976e-7,5.05435082232e-7,3.98960338543e-7,2.44953639594e-7],"median":[0.00018598526367,0.000235707877437,0.000164562821737,0.000134000787511,0.00011071778863,0.000077243646956,0.0000549278774997,0.0000775619992055,0.0000539772263437,0.0000388385851693,0.0000372032081941,0.0000228437111218,0.0000257885840256,0.0000160109484568,0.00000864626053954,0.00000767464553064,0.0000203200706892,0.0000128856836454,0.00000561534488952,0.000010607137483,0.00000627311555945,0.00000542615362065,0.00000582550455874,0.00000266461279352,0.00000177837955562,0.00000139814608247,0.0000016197725472,8.32779733173e-7,4.67470130161e-7,3.11120487595e-7,2.01580974135e-7,1.96665894237e-7,1.83978258406e-7,1.51846876406e-7,1.19604408155e-7,1.07020582618e-7,7.8240994128e-8,4.7260510172e-8,3.25145883551e-8,1.99326457562e-8],"min":[8.26285255426e-25,1.06501320218e-24,6.4077149875e-25,1.64428895046e-24,8.16835244123e-25,1.67750640407e-24,1.36586581877e-24,7.85807471176e-25,8.45622208365e-25,2.30391639421e-24,1.68596180968e-24,1.30214962207e-24,1.55372604221e-24,3.17548778762e-24,2.8269599678e-24,3.25957168265e-24,3.52866673135e-24,2.37357360101e-24,3.42126410796e-24,4.39794687826e-24,3.89463389921e-24,3.13464017552e-24,4.66237108154e-24,3.47931559312e-24,3.37002562002e-24,3.59231715678e-24,4.73483742201e-24,3.37190902543e-24,3.36508103986e-24,5.97870343661e-24,4.98581273015e-24,4.63003054544e-24,5.50253279472e-24,5.18076905325e-24,5.16353717564e-24,6.08312811007e-24,4.47001208297e-24,5.92427597845e-24,5.92256217813e-24,5.5458980564e-24],"var":[0.00000162249864388,0.00000858402381709,0.00000480479957332,0.00000107145490347,3.44002899055e-7,2.47337993642e-7,2.11717207321e-7,1.12252706685e-7,9.39024147328e-8,5.30917212416e-8,8.9687453908e-8,7.68830545894e-8,4.15648209184e-8,1.80237780256e-8,1.53432484495e-8,1.69408718165e-8,7.00568563161e-8,3.25323874506e-8,8.10315281541e-9,1.33213235998e-8,1.32942457043e-9,1.05498410008e-9,1.25097443515e-9,5.39694067214e-10,2.95367785785e-10,1.63404567655e-10,3.47249728971e-10,1.56494150971e-10,7.87071866015e-11,7.66029947807e-11,2.25768379686e-11,1.82016103578e-11,2.41520119876e-11,1.7888156234e-11,1.50513056879e-11,1.18778832256e-11,5.32265334238e-12,1.87281895721e-12,8.37726752117e-13,3.44147887271e-13]},"melbands_crest":{"dmean":3.18156242371,"dmean2":5.21379184723,"dvar":8.23832416534,"dvar2":20.7955856323,"max":39.3547592163,"mean":11.5976963043,"median":10.631524086,"min":1.70484948158,"var":25.1953544617},"melbands_flatness_db":{"dmean":0.0350613333285,"dmean2":0.0504140853882,"dvar":0.00135654630139,"dvar2":0.00276777078398,"max":0.608257293701,"mean":0.204391524196,"median":0.19677887857,"min":0.00291250552982,"var":0.00733910035342},"melbands_kurtosis":{"dmean":6.09136199951,"dmean2":9.78259086609,"dvar":183.608673096,"dvar2":447.475402832,"max":297.027099609,"mean":7.97962474823,"median":2.56363964081,"min":-1.88434267044,"var":316.88684082},"melbands_skewness":{"dmean":0.773959457874,"dmean2":1.16951346397,"dvar":0.859473526478,"dvar2":1.89485418797,"max":14.8015050888,"mean":1.7876226902,"median":1.49450290203,"min":-3.22633743286,"var":2.64145207405},"melbands_spread":{"dmean":8.71504211426,"dmean2":13.459069252,"dvar":125.920394897,"dvar2":275.893890381,"max":184.140289307,"mean":29.0900669098,"median":24.6234264374,"min":0.395911633968,"var":532.704589844},"mfcc":{"cov":[[17879.5996094,-208.902511597,-1185.94189453,346.124755859,-474.601470947,105.183944702,11.2702798843,11.1468925476,-205.925811768,190.140899658,-143.557052612,-77.7559509277,-77.5917434692],[-208.902511597,2364.60620117,-215.469207764,-83.0171966553,135.245910645,-84.997833252,-16.2860679626,116.986320496,-15.5173635483,-47.3406867981,34.3337631226,-22.0459499359,0.125613316894],[-1185.94189453,-215.469207764,1151.29980469,191.639007568,-36.5534515381,48.4583358765,90.2834091187,-28.573513031,26.8306674957,37.6792564392,18.2726688385,29.8839111328,11.1776914597],[346.124755859,-83.0171966553,191.639007568,380.893920898,46.4990844727,29.7715301514,-0.218792423606,-10.4358959198,8.29279899597,30.4626579285,2.41028809547,-3.59724760056,9.93224906921],[-474.601470947,135.245910645,-36.5534515381,46.4990844727,253.71496582,60.3339805603,-30.2506141663,33.0334129333,48.2703056335,-15.2186441422,3.04827237129,6.78477239609,-7.22276163101],[105.183944702,-84.997833252,48.4583358765,29.7715301514,60.3339805603,211.55947876,34.8137283325,5.74838447571,54.1373291016,3.3827931881,13.9503669739,13.0104179382,-7.4352145195],[11.2702798843,-16.2860679626,90.2834091187,-0.218792423606,-30.2506141663,34.8137283325,196.732025146,46.1793022156,-7.02825164795,36.770236969,17.4612121582,1.2585786581,7.31128883362],[11.1468925476,116.986320496,-28.573513031,-10.4358959198,33.0334129333,5.74838447571,46.1793022156,121.016174316,36.8800773621,12.9775075912,7.63148784637,6.78000402451,6.9017329216],[-205.925811768,-15.5173635483,26.8306674957,8.29279899597,48.2703056335,54.1373291016,-7.02825164795,36.8800773621,125.74256134,14.7049331665,10.5856590271,16.50598526,1.28116822243],[190.140899658,-47.3406867981,37.6792564392,30.4626579285,-15.2186441422,3.3827931881,36.770236969,12.9775075912,14.7049331665,108.513282776,22.9237594604,-7.12894153595,3.95724272728],[-143.557052612,34.3337631226,18.2726688385,2.41028809547,3.04827237129,13.9503669739,17.4612121582,7.63148784637,10.5856590271,22.9237594604,77.2804107666,25.76197052,1.65951037407],[-77.7559509277,-22.0459499359,29.8839111328,-3.59724760056,6.78477239609,13.0104179382,1.2585786581,6.78000402451,16.50598526,-7.12894153595,25.76197052,70.0314712524,21.8979949951],[-77.5917434692,0.125613316894,11.1776914597,9.93224906921,-7.22276163101,-7.4352145195,7.31128883362,6.9017329216,1.28116822243,3.95724272728,1.65951037407,21.8979949951,65.9762802124]],"icov":[[0.000077847042121,-0.00000787071530794,0.000110956680146,-0.000139575538924,0.000208972895052,-0.000145284153405,0.000038081954699,-0.0000883186876308,0.000142402219353,-0.000189137688722,0.000224121235078,-0.000139542084071,0.000154561377713],[-0.00000787071530794,0.000493870291393,0.000019323093511,0.0000932134207687,-0.000299198611174,0.000234768318478,0.0000505031894136,-0.000474821339594,0.000150040708832,0.000294895493425,-0.000468527287012,0.000379664037609,-0.000124556012452],[0.000110956680146,0.000019323093511,0.00120271078777,-0.000724391080439,0.000480989576317,-0.000207634730032,-0.000517214357387,0.000346345070284,-0.000159281305969,-0.000306187313981,0.000371038186131,-0.000685371400323,0.00032569016912],[-0.000139575538924,0.0000932134207687,-0.000724391080439,0.00335996667854,-0.0011300718179,0.00000174917192908,0.000270497432211,0.000316387828207,0.0000710453168722,-0.000537021434866,-0.000377826276235,0.000796929001808,-0.000958180811722],[0.000208972895052,-0.000299198611174,0.000480989576317,-0.0011300718179,0.0056851292029,-0.00174764823169,0.00112909940071,-0.00149508717004,-0.000658199831378,0.000181021823664,0.000639824371319,-0.000593649514485,0.000974540074822],[-0.000145284153405,0.000234768318478,-0.000207634730032,0.00000174917192908,-0.00174764823169,0.00650812638924,-0.0018447120674,0.00140596658457,-0.00282679800875,0.00100568833295,-0.00102049019188,-0.00016572655295,0.000538310036063],[0.000038081954699,0.0000505031894136,-0.000517214357387,0.000270497432211,0.00112909940071,-0.0018447120674,0.00714488141239,-0.00351745239459,0.00217130267993,-0.00182134949137,-0.000714805151802,0.000454860710306,-0.000482413772261],[-0.0000883186876308,-0.000474821339594,0.000346345070284,0.000316387828207,-0.00149508717004,0.00140596658457,-0.00351745239459,0.0118007352576,-0.00390037731268,-0.000246497162152,0.000178898990271,-0.000493187515531,-0.000809456396382],[0.000142402219353,0.000150040708832,-0.000159281305969,0.0000710453168722,-0.000658199831378,-0.00282679800875,0.00217130267993,-0.00390037731268,0.0114556299523,-0.00221803109162,0.000423243764089,-0.00204561068676,0.000539143977221],[-0.000189137688722,0.000294895493425,-0.000306187313981,-0.000537021434866,0.000181021823664,0.00100568833295,-0.00182134949137,-0.000246497162152,-0.00221803109162,0.0121725741774,-0.00469112629071,0.00381500227377,-0.00156477000564],[0.000224121235078,-0.000468527287012,0.000371038186131,-0.000377826276235,0.000639824371319,-0.00102049019188,-0.000714805151802,0.000178898990271,0.000423243764089,-0.00469112629071,0.0176970809698,-0.00789157766849,0.00272131455131],[-0.000139542084071,0.000379664037609,-0.000685371400323,0.000796929001808,-0.000593649514485,-0.00016572655295,0.000454860710306,-0.000493187515531,-0.00204561068676,0.00381500227377,-0.00789157766849,0.0207028724253,-0.00711320154369],[0.000154561377713,-0.000124556012452,0.00032569016912,-0.000958180811722,0.000974540074822,0.000538310036063,-0.000482413772261,-0.000809456396382,0.000539143977221,-0.00156477000564,0.00272131455131,-0.00711320154369,0.0181093867868]],"mean":[-711.129150391,135.864898682,-11.7334108353,15.5026988983,5.45138216019,4.9472784996,-4.15104627609,5.32364559174,-0.0795885846019,3.8084192276,-2.12664532661,-0.830111145973,-2.36935663223]},"pitch_salience":{"dmean":0.0741275548935,"dmean2":0.119896620512,"dvar":0.00474236672744,"dvar2":0.0119967879727,"max":0.90529435873,"mean":0.583077192307,"median":0.590332150459,"min":0.0237332861871,"var":0.0132585931569},"silence_rate_20dB":{"dmean":0,"dmean2":0,"dvar":0,"dvar2":0,"max":1,"mean":1,"median":1,"min":1,"var":0},"silence_rate_30dB":{"dmean":0.0113029181957,"dmean2":0.02260815911,"dvar":0.0111751435325,"dvar2":0.031139805913,"max":1,"mean":0.993218958378,"median":1,"min":0,"var":0.00673493463546},"silence_rate_60dB":{"dmean":0.0581586509943,"dmean2":0.11632926017,"dvar":0.0547780245543,"dvar2":0.117602787912,"max":1,"mean":0.213500455022,"median":0,"min":0,"var":0.167901217937},"spectral_centroid":{"dmean":288.972259521,"dmean2":438.626556396,"dvar":131360.359375,"dvar2":284132.0625,"max":11777.9482422,"mean":1463.77185059,"median":1289.69018555,"min":113.876647949,"var":1657164.625},"spectral_complexity":{"dmean":4.32141399384,"dmean2":5.91717195511,"dvar":31.6106338501,"dvar2":51.8384895325,"max":58,"mean":15.7911233902,"median":15,"min":0,"var":129.586364746},"spectral_contrast_coeffs":{"dmean":[0.0539179332554,0.0456257127225,0.0404130294919,0.0353575013578,0.0264084488153,0.0223250798881],"dmean2":[0.0864158421755,0.0744786635041,0.0642492845654,0.0548273064196,0.0410900302231,0.0339571125805],"dvar":[0.00230026524514,0.00148257182445,0.00117060390767,0.00096997251967,0.000564606219996,0.000548213196453],"dvar2":[0.00547533715144,0.00392115022987,0.00282697216608,0.00210290285759,0.00122906139586,0.00114238634706],"max":[-0.22663269937,-0.494851619005,-0.509966015816,-0.494361490011,-0.589894354343,-0.561927914619],"mean":[-0.681670308113,-0.770719647408,-0.775986790657,-0.766236007214,-0.786097228527,-0.780327022076],"median":[-0.689569592476,-0.774174571037,-0.778314590454,-0.770898222923,-0.789147794247,-0.780605554581],"min":[-0.98300921917,-0.978883743286,-0.977941930294,-0.975306093693,-0.969276487827,-0.965432226658],"var":[0.00838408246636,0.00484254257753,0.00472223665565,0.00580056896433,0.00344663276337,0.00272243795916]},"spectral_contrast_valleys":{"dmean":[0.477395474911,0.453547716141,0.479502558708,0.495783030987,0.48861259222,0.523908793926],"dmean2":[0.733052670956,0.673971831799,0.683324813843,0.669992625713,0.613159894943,0.593172669411],"dvar":[0.253495037556,0.240504682064,0.267417699099,0.283814311028,0.327914297581,0.350582271814],"dvar2":[0.461562216282,0.449566781521,0.480248719454,0.48314383626,0.552135944366,0.592025279999],"max":[-5.08527231216,-4.39647483826,-4.93589544296,-5.01707649231,-5.51818561554,-7.8716506958],"mean":[-7.98144340515,-7.33213376999,-7.8914270401,-8.3845539093,-8.59459686279,-11.3317165375],"median":[-7.43830776215,-6.7752494812,-7.40000772476,-7.95469999313,-8.05647373199,-10.9807310104],"min":[-28.3233184814,-27.9494056702,-27.856218338,-27.7834796906,-27.5216789246,-27.4484329224],"var":[6.69974756241,6.95181035995,6.7206196785,6.61029911041,6.89417743683,5.9687743187]},"spectral_decrease":{"dmean":2.59311883077e-9,"dmean2":3.89093113284e-9,"dvar":2.5855191024e-17,"dvar2":5.42099464969e-17,"max":2.43154192527e-28,"mean":-4.51215864672e-9,"median":-2.53201482003e-9,"min":-4.16706029682e-8,"var":3.71142044218e-17},"spectral_energy":{"dmean":0.0103185279295,"dmean2":0.0153688918799,"dvar":0.000392407324398,"dvar2":0.000816461921204,"max":0.1669780761,"mean":0.0183784887195,"median":0.0104685528204,"min":9.98498926259e-21,"var":0.000586493988521},"spectral_energyband_high":{"dmean":0.000303080305457,"dmean2":0.000434017623775,"dvar":4.59913195527e-7,"dvar2":9.48524927935e-7,"max":0.0140149062499,"mean":0.000459537375718,"median":0.0000632747833151,"min":7.00318329231e-21,"var":9.3990371397e-7},"spectral_energyband_low":{"dmean":0.00522451847792,"dmean2":0.0085038812831,"dvar":0.000180981107405,"dvar2":0.000427613791544,"max":0.117378771305,"mean":0.00589282438159,"median":0.00154069275595,"min":1.48679896468e-23,"var":0.000172758824192},"spectral_energyband_middle_high":{"dmean":0.00252784299664,"dmean2":0.003708204953,"dvar":0.0000260658034676,"dvar2":0.0000606177454756,"max":0.103887714446,"mean":0.00543744023889,"median":0.00259781139903,"min":1.07627617875e-21,"var":0.0000660293299006},"spectral_energyband_middle_low":{"dmean":0.00489206798375,"dmean2":0.0074205705896,"dvar":0.000104132632259,"dvar2":0.000234729101066,"max":0.125644817948,"mean":0.00763760786504,"median":0.00397794693708,"min":1.77088708797e-22,"var":0.000132326211315},"spectral_entropy":{"dmean":0.227407485247,"dmean2":0.313573479652,"dvar":0.065874196589,"dvar2":0.123278908432,"max":9.82954502106,"mean":7.41188240051,"median":7.43393802643,"min":4.77838087082,"var":0.351292043924},"spectral_flux":{"dmean":0.0277660228312,"dmean2":0.0416456721723,"dvar":0.00163854483981,"dvar2":0.0031412160024,"max":0.382651478052,"mean":0.0733652487397,"median":0.056105799973,"min":6.38760988547e-11,"var":0.00396131817251},"spectral_kurtosis":{"dmean":3.84272003174,"dmean2":6.13334512711,"dvar":41.7330665588,"dvar2":93.4586334229,"max":126.942550659,"mean":8.48008728027,"median":5.73402786255,"min":-1.26618301868,"var":92.6240844727},"spectral_rms":{"dmean":0.00096172693884,"dmean2":0.00133497337811,"dvar":0.00000202340788746,"dvar2":0.00000370767861568,"max":0.0127634415403,"mean":0.00350654777139,"median":0.00319581339136,"min":3.12113009049e-12,"var":0.00000563430558032},"spectral_rolloff":{"dmean":467.871704102,"dmean2":760.740844727,"dvar":583071.75,"dvar2":1228957.625,"max":19573.6816406,"mean":1767.97692871,"median":1485.79101562,"min":21.533203125,"var":5263328.5},"spectral_skewness":{"dmean":0.39473643899,"dmean2":0.606305003166,"dvar":0.261311173439,"dvar2":0.549764215946,"max":9.25936031342,"mean":1.90932130814,"median":1.7490953207,"min":-0.291835606098,"var":0.847620606422},"spectral_spread":{"dmean":603640.9375,"dmean2":798838.625,"dvar":644794482688,"dvar2":1124940120060,"max":43412288,"mean":4077821.25,"median":3389617.5,"min":708855.3125,"var":19776799768600},"spectral_strongpeak":{"dmean":0.593562364578,"dmean2":1.00019443035,"dvar":0.964456439018,"dvar2":2.32024717331,"max":13.8714971542,"mean":0.921815812588,"median":0.360003203154,"min":0,"var":1.7739969492},"zerocrossingrate":{"dmean":0.0105602107942,"dmean2":0.0121048688889,"dvar":0.000179100083187,"dvar2":0.000234230537899,"max":0.53076171875,"mean":0.0633447244763,"median":0.05224609375,"min":0,"var":0.00370867899619}},"metadata":{"audio_properties":{"analysis_sample_rate":44100,"bit_rate":0,"codec":"flac","downmix":"mix","equal_loudness":0,"length":225.973327637,"lossless":true,"md5_encoded":"394fc34e38f161e529ee747d339706a7","replay_gain":-5.36261367798},"tags":{"album":["Saturday Night Fever"],"album artist":["Various Artists"],"albumartist":["Various Artists"],"albumartist_credit":["Various Artists"],"albumartistsort":["Various Artists"],"artist":["Bee Gees"],"artist_credit":["Bee Gees"],"artistsort":["Bee Gees"],"asin":["B00000E5H0"],"barcode":["042280006822"],"bpm":["0"],"catalognumber":["800 068-2"],"compilation":["1"],"date":["1990-10-25"],"disc":["2"],"discc":["2"],"discnumber":["2"],"disctotal":["2"],"file_name":"02-03. Bee Gees - Jive Talkin’.flac","genre":["Soundtrack"],"label":["Polydor"],"language":["eng"],"media":["CD"],"musicbrainz_albumartistid":["89ad4ac3-39f7-470e-963a-56509c546377"],"musicbrainz_albumid":["742c66b9-4562-48b0-9db0-16d3264982b4"],"musicbrainz_albumstatus":["Official"],"musicbrainz_albumtype":["soundtrack"],"musicbrainz_artistid":["bf0f7e29-dfe1-416c-b5c6-f9ebc19ea810"],"musicbrainz_recordingid":["d4734031-c35b-4994-811d-da5d299e1f6e"],"musicbrainz_releasegroupid":["6e9a06a8-c8bb-3ea9-877a-417e74bb1c2e"],"originaldate":["1977-11"],"publisher":["Polydor"],"releasecountry":["US"],"releasestatus":["official"],"releasetype":["soundtrack"],"replaygain_album_gain":["-1.95 dB"],"replaygain_album_peak":["0.809967"],"replaygain_reference_loudness":["89.0 dB"],"replaygain_track_gain":["0.33 dB"],"replaygain_track_peak":["0.801544"],"script":["Latn"],"title":["Jive Talkin’"],"totaldiscs":["2"],"totaltracks":["8"],"track":["3"],"trackc":["8"],"tracknumber":["3"],"tracktotal":["8"],"year":["1990"]},"version":{"essentia":"2.1-beta1","essentia_build_sha":"12879b851c9f4b0d899