{"lowlevel":{"average_loudness":0.889549791813,"barkbands":{"dmean":[0.000329908914864,0.00995627976954,0.00301785790361,0.00144825293683,0.00187312753405,0.00175005639903,0.000410582171753,0.000272614066489,0.000397956522647,0.000242370297201,0.000159949413501,0.000141762473504,0.000151708401972,0.000118315329019,0.0000995939990389,0.000068572408054,0.000151856889715,0.000108286432805,0.000101608442492,0.000132164001116,0.000166305675521,0.000245541654294,0.000180930248462,0.000166757716215,0.000106949053588,0.0000409907770518,0.0000156290261657],"dmean2":[0.000355521478923,0.0156240407377,0.00542320962995,0.00253284256905,0.00294186337851,0.00268263951875,0.000637875695247,0.000405656523071,0.000558939296752,0.000347334396793,0.000239731380134,0.000216470420128,0.000220797417569,0.000177613343112,0.000151530315634,0.000106383107777,0.000232799327932,0.000167841775692,0.000154038280016,0.000200972761377,0.000236122810747,0.000351780909114,0.000263958179858,0.00023938146478,0.000153081651661,0.0000624459134997,0.000025700277547],"dvar":[8.74608190315e-7,0.000873715209309,0.0000957058000495,0.0000134605370476,0.0000110982373371,0.0000141331356645,7.75818421062e-7,4.95464405503e-7,0.0000022857791464,0.0000010660113503,4.03896649459e-7,3.76574519123e-7,7.48442744225e-7,2.65914849251e-7,1.48376329889e-7,5.51960077644e-8,1.73345327426e-7,7.40911332286e-8,6.97309516795e-8,2.14595729631e-7,3.66155717302e-7,0.00000121250570828,4.29092779086e-7,6.87866531734e-7,1.53288567617e-7,9.89798731865e-9,2.37526531777e-9],"dvar2":[0.00000107437551833,0.00205541751347,0.000274399586488,0.0000365961677744,0.000026317053198,0.0000312042284349,0.00000177718141003,9.86703184935e-7,0.00000429702140536,0.00000209521522265,8.807723475e-7,7.80363109243e-7,0.00000135488699016,5.72354679207e-7,2.88852817221e-7,1.2260022686e-7,3.89435427905e-7,1.65489126402e-7,1.50494983586e-7,4.75272287304e-7,7.19498245871e-7,0.00000238913480644,8.84661801592e-7,0.00000140672898397,3.07885670736e-7,2.27580336798e-8,5.47165335263e-9],"max":[0.0279320981354,0.363929957151,0.125270485878,0.0699045285583,0.0550517290831,0.0767436102033,0.0352205820382,0.0228801760823,0.0588260665536,0.0433347038925,0.0319151729345,0.0273669734597,0.046224694699,0.0243484862149,0.0216837152839,0.00798140652478,0.0153262540698,0.00816868711263,0.00721977837384,0.0173351168633,0.0145307378843,0.0619974434376,0.0240930747241,0.0610082373023,0.0237693563104,0.00358470878564,0.00116163364146],"mean":[0.000560058106203,0.0167056266218,0.00371313747019,0.00199709879234,0.00454095844179,0.00389417470433,0.000973290065303,0.000549183285329,0.000859789608512,0.000489282014314,0.000378259341232,0.000234623686993,0.000278925028397,0.000183231299161,0.000149545929162,0.0000997360111796,0.000242112742853,0.000170148778125,0.000158842667588,0.000191498445929,0.00019507977413,0.000293498043902,0.000231294747209,0.000223154711421,0.000157154732733,0.0000494355372211,0.0000125032365759],"median":[0.0000552637975488,0.00986134074628,0.00177249975968,0.0011015352793,0.00285950233229,0.00176664954051,0.000424138328526,0.00023255351698,0.000177438749233,0.0000881461746758,0.0000370417146769,0.000067269342253,0.0000326318477164,0.0000326891131408,0.000031488485547,0.0000245931623795,0.0000565123336855,0.0000526044277649,0.0000462549323856,0.0000494534469908,0.0000315963625326,0.0000403213707614,0.0000335797412845,0.0000441283264081,0.0000562474597245,0.0000151346066559,6.17516548118e-7],"min":[3.32976832239e-25,1.94645275248e-24,5.31465649824e-25,8.19948187863e-25,4.43021878346e-24,6.12526195988e-24,6.5056664656e-24,9.41717457307e-24,9.48837952495e-24,1.32001365337e-23,1.67554498031e-23,1.65686286081e-23,1.89461370473e-23,2.12804979504e-23,5.63044548609e-23,5.17663305553e-23,7.65213379637e-23,1.01969706776e-22,1.02631958662e-22,1.69525274521e-22,2.22216159523e-22,2.71092592816e-22,4.10455259443e-22,5.20471240168e-22,8.49470969214e-22,1.14098003956e-21,1.82638066324e-21],"var":[0.00000242463056566,0.000991153996438,0.0000629284477327,0.0000112548441393,0.0000309384049615,0.0000486740318593,0.00000231814033214,0.00000151559640926,0.00000861649459694,0.00000357172893928,0.0000025394685963,8.15022588085e-7,0.00000238537472796,5.37737491868e-7,4.18901606736e-7,9.42621696254e-8,3.54258617108e-7,1.43712313161e-7,1.1850806203e-7,3.06295532937e-7,4.76809617567e-7,0.00000154197323354,6.41175745386e-7,0.00000159136288858,2.83574877358e-7,1.34232855942e-8,2.21174545345e-9]},"barkbands_crest":{"dmean":2.46698307991,"dmean2":3.8959748745,"dvar":5.90100669861,"dvar2":13.3168849945,"max":26.8463802338,"mean":12.5854234695,"median":12.1570444107,"min":2.75273728371,"var":19.4504413605},"barkbands_flatness_db":{"dmean":0.0257881786674,"dmean2":0.0373414754868,"dvar":0.000721564865671,"dvar2":0.00157337251585,"max":0.486339002848,"mean":0.16400924325,"median":0.162691429257,"min":0.030937211588,"var":0.00280426652171},"barkbands_kurtosis":{"dmean":8.23327350616,"dmean2":12.756316185,"dvar":351.07434082,"dvar2":905.285949707,"max":500.925720215,"mean":17.5264377594,"median":12.3119268417,"min":-1.94233846664,"var":509.789093018},"barkbands_skewness":{"dmean":0.735821723938,"dmean2":1.09173500538,"dvar":0.998530626297,"dvar2":2.29527831078,"max":20.3836898804,"mean":3.14529871941,"median":3.03874731064,"min":-2.23048615456,"var":3.38224554062},"barkbands_spread":{"dmean":6.53357696533,"dmean2":9.49715614319,"dvar":103.079849243,"dvar2":186.213973999,"max":120.003036499,"mean":16.8907279968,"median":11.8238182068,"min":0.608828127384,"var":242.563156128},"dissonance":{"dmean":0.0172653272748,"dmean2":0.0283644553274,"dvar":0.00027526402846,"dvar2":0.00073665054515,"max":0.499999940395,"mean":0.461162477732,"median":0.466679751873,"min":0.28573602438,"var":0.000655766576529},"dynamic_complexity":5.42477083206,"erbbands":{"dmean":[0.293312758207,2.36561942101,3.84407496452,4.25347805023,3.9490146637,7.20533132553,14.8498630524,12.5951681137,7.29686355591,4.64445638657,7.03503274918,9.26993656158,6.86172628403,8.12151908875,5.57502746582,6.07035303116,6.19041252136,5.92722558975,5.35996627808,3.93388175964,4.10420274734,6.9827671051,6.70576620102,5.34414482117,5.79074192047,6.21088981628,6.19301843643,6.93491697311,8.71093654633,7.47845315933,4.74766874313,3.96291708946,2.51607275009,1.56463527679,0.564930796623,0.190132066607,0.0757835954428,0.0182862188667,0.00260462844744,0.000165117511642],"dmean2":[0.425552010536,3.8666164875,6.86895418167,7.47955274582,6.55940008163,11.3567419052,22.892583847,19.7248840332,11.5468416214,7.17546224594,10.2631340027,12.8282814026,9.58070755005,11.6147909164,8.1672334671,8.92969417572,8.85914611816,8.81425285339,8.21537399292,6.04744911194,6.25098085403,10.6099863052,10.2130584717,8.32075119019,8.74594020844,9.30592155457,9.02458000183,9.80317020416,12.6193971634,10.855629921,6.81552267075,5.83875656128,3.72568154335,2.23515248299,0.823203921318,0.280364066362,0.116585940123,0.0300297681242,0.00425691017881,0.000266215152806],"dvar":[0.679016292095,56.1038589478,182.448989868,101.897750854,66.2628479004,172.61328125,1108.12280273,1010.28527832,218.0362854,174.896240234,298.489746094,1244.26245117,1235.83239746,981.114746094,374.400756836,652.692810059,1140.69445801,783.87322998,335.932220459,207.122329712,188.351104736,321.425811768,263.308959961,176.299316406,376.173187256,457.328369141,454.038146973,725.072570801,1344.18395996,1046.99353027,256.045043945,298.556762695,200.656234741,47.4753646851,2.80226325989,0.271463096142,0.0349456444383,0.00247166119516,0.000071426955401,2.09314151789e-7],"dvar2":[1.33754765987,143.91583252,520.001525879,280.667633057,181.135726929,414.449493408,2479.03637695,2230.78320312,492.598602295,365.644500732,584.5625,2074.56811523,2458.90185547,1714.85131836,733.231811523,1349.79760742,1915.28466797,1691.21533203,706.627685547,392.385742188,394.486053467,721.379760742,588.61529541,412.795135498,833.888671875,967.827453613,900.770751953,1404.46228027,2555.8137207,2012.57128906,480.990264893,670.360839844,372.792602539,93.0530090332,5.92452383041,0.612369716167,0.0823227912188,0.00588199635968,0.000164557059179,4.82501661736e-7],"max":[11.2509040833,82.8761291504,168.132019043,191.33744812,172.685913086,309.590179443,652.436523438,842.489379883,487.59552002,630.042419434,566.209411621,1794.40002441,1609.00012207,1939.26281738,1188.24816895,1109.5411377,2162.98974609,1489.67114258,811.467102051,491.434936523,545.973205566,601.54284668,409.593994141,306.667724609,869.038024902,700.420227051,479.515533447,888.652587891,1650.73852539,1678.88659668,466.329406738,985.302246094,1041.13427734,499.479522705,70.6900863647,26.4864711761,4.99444198608,0.934327125549,0.204887628555,0.00879574846476],"mean":[0.480328053236,3.67038297653,5.18864965439,6.1544547081,7.76113367081,17.0542430878,30.6452884674,28.225736618,17.3306026459,10.4845590591,15.8696556091,19.8357925415,13.6244316101,18.854139328,13.6434783936,10.8033666611,12.1642751694,10.1434421539,8.53354930878,6.33112764359,6.61411571503,11.4237117767,11.1610336304,8.9066619873,8.83584403992,9.20401668549,7.67456912994,8.04906463623,10.343044281,9.15170669556,6.22720098495,4.98924589157,3.53042531013,2.19519042969,0.857107102871,0.276911139488,0.081955589354,0.0156313478947,0.00216366397217,0.000164286364452],"median":[0.18769839406,2.28661251068,3.08916831017,3.8345913887,5.25194644928,11.0327472687,11.9066743851,12.9809932709,8.93349647522,4.87385845184,6.58713817596,4.82825469971,3.11268377304,3.2972471714,2.59609007835,3.04466724396,1.69662928581,1.9461312294,1.94883179665,1.4550075531,1.84004771709,2.83898067474,3.28146409988,2.72001600266,2.92558073997,2.18340277672,1.51938283443,0.954627037048,1.36135482788,1.2513024807,0.953953623772,0.845216810703,0.809830486774,0.71029561758,0.306104749441,0.104647576809,0.0195233393461,0.00167372834403,0.00014162521984,0.000048093348596],"min":[3.38950748671e-23,6.07667961394e-22,1.24874808225e-21,3.6957529079e-21,1.05433587943e-20,1.30502726201e-20,5.20961322466e-20,6.96911621421e-20,1.06579255709e-19,1.76001299809e-19,2.71719913183e-19,2.75755029458e-19,3.90019846421e-19,7.46952261544e-19,8.57660046776e-19,9.58818445427e-19,1.00164654882e-18,1.87189773209e-18,2.66163187831e-18,2.97245781478e-18,3.80022283043e-18,4.33518245286e-18,5.84414766015e-18,5.24852633392e-18,6.35914493286e-18,8.89883053654e-18,9.52103662048e-18,1.03613528612e-17,9.42409270705e-18,9.76307545798e-18,1.13576943905e-17,9.51442910175e-18,9.39507851989e-18,7.50967416917e-18,6.02291048951e-18,4.19139530134e-18,1.85600511098e-18,9.76038588022e-19,2.47825999858e-19,2.51308536865e-20],"var":[1.04973578453,49.8457374573,118.935173035,84.2646484375,88.4279785156,458.44543457,3376.71459961,3544.86914062,629.409790039,434.890014648,1142.96557617,4914.19335938,2657.78076172,4275.01806641,2500.68310547,1594.3425293,4494.45117188,2063.54467773,750.891296387,542.664611816,358.191009521,688.843566895,560.319702148,293.198425293,548.332275391,742.105895996,604.088256836,948.17199707,1785.27697754,1449.74401855,433.617431641,533.422668457,502.682312012,91.9273147583,4.92207574844,0.440921127796,0.0409101545811,0.00231342227198,0.0000668705179123,1.99212550456e-7]},"erbbands_crest":{"dmean":2.13506484032,"dmean2":3.42987108231,"dvar":4.75095081329,"dvar2":11.0437936783,"max":30.6286220551,"mean":8.56987094879,"median":7.58290719986,"min":2.06958127022,"var":16.8656177521},"erbbands_flatness_db":{"dmean":0.0155798597261,"dmean2":0.0230775848031,"dvar":0.000228519347729,"dvar2":0.000481953611597,"max":0.263387769461,"mean":0.114617235959,"median":0.112181507051,"min":0.0216270443052,"var":0.000913257885259},"erbbands_kurtosis":{"dmean":1.20513248444,"dmean2":1.86988925934,"dvar":3.02122783661,"dvar2":6.72785711288,"max":52.1067657471,"mean":0.979509651661,"median":0.251980662346,"min":-1.82783555984,"var":7.82015609741},"erbbands_skewness":{"dmean":0.428213477135,"dmean2":0.62039077282,"dvar":0.210129112005,"dvar2":0.396937578917,"max":6.68825101852,"mean":0.872146129608,"median":0.912049114704,"min":-3.07998013496,"var":0.862734913826},"erbbands_spread":{"dmean":11.8524961472,"dmean2":17.9453086853,"dvar":155.472183228,"dvar2":353.345214844,"max":169.316177368,"mean":55.8789405823,"median":52.7103042603,"min":6.66710805893,"var":505.749420166},"gfcc":{"cov":[[37730.0351562,1657.6607666,-2439.84594727,699.898742676,-1360.78137207,399.304901123,-848.720214844,484.242950439,-505.728637695,-15.4243831635,-202.703201294,233.891845703,-155.168731689],[1657.6607666,859.133789062,-187.47227478,11.0734491348,-64.4161682129,63.0188293457,-80.1104812622,135.601974487,-73.8324279785,6.8642411232,63.0243797302,-7.7997136116,24.9808235168],[-2439.84594727,-187.47227478,640.37286377,48.3534622192,113.451377869,-16.5527992249,54.8001823425,-49.0683250427,58.90858078,33.4550132751,-4.47481298447,-11.0572500229,-0.896421194077],[699.898742676,11.0734491348,48.3534622192,352.958526611,-62.0595207214,20.4568748474,-75.1737365723,0.532815992832,12.0802726746,6.13647937775,-32.6679458618,8.7494802475,19.6783180237],[-1360.78137207,-64.4161682129,113.451377869,-62.0595207214,281.136688232,-21.2056541443,59.5021591187,18.2128009796,58.385684967,-13.2045850754,12.2148132324,5.29736375809,20.8636779785],[399.304901123,63.0188293457,-16.5527992249,20.4568748474,-21.2056541443,141.803894043,39.9034156799,11.6251945496,-8.77341365814,24.9211235046,6.27668190002,-13.6489706039,-6.03587627411],[-848.720214844,-80.1104812622,54.8001823425,-75.1737365723,59.5021591187,39.9034156799,170.272171021,-10.1653337479,16.0027751923,2.89874887466,31.252166748,-8.58949184418,-15.7309741974],[484.242950439,135.601974487,-49.0683250427,0.532815992832,18.2128009796,11.6251945496,-10.1653337479,124.469261169,9.16832447052,1.23638153076,13.2657995224,16.3732643127,10.8541221619],[-505.728637695,-73.8324279785,58.90858078,12.0802726746,58.385684967,-8.77341365814,16.0027751923,9.16832447052,99.251991272,20.8268909454,-5.45142698288,2.21503615379,13.2130126953],[-15.4243831635,6.8642411232,33.4550132751,6.13647937775,-13.2045850754,24.9211235046,2.89874887466,1.23638153076,20.8268909454,74.0487747192,17.5196495056,-5.74553537369,-8.82636451721],[-202.703201294,63.0243797302,-4.47481298447,-32.6679458618,12.2148132324,6.27668190002,31.252166748,13.2657995224,-5.45142698288,17.5196495056,78.5205612183,19.6805686951,-1.96787762642],[233.891845703,-7.7997136116,-11.0572500229,8.7494802475,5.29736375809,-13.6489706039,-8.58949184418,16.3732643127,2.21503615379,-5.74553537369,19.6805686951,62.6400527954,15.9117765427],[-155.168731689,24.9808235168,-0.896421194077,19.6783180237,20.8636779785,-6.03587627411,-15.7309741974,10.8541221619,13.2130126953,-8.82636451721,-1.96787762642,15.9117765427,62.5839538574]],"icov":[[0.0000531398327439,-0.0000433744644397,0.000146419028169,-0.0000593426411797,0.000108842446934,-0.000126878803712,0.000116598661407,-0.000104985148937,0.0000743408672861,-0.000055201970099,0.000217838358367,-0.000297084246995,0.000227719050599],[-0.0000433744644397,0.00200611702166,0.0000726032449165,0.0000502237271576,0.00000337490200764,-0.000651380571071,0.00105584319681,-0.00183409627061,0.00111038342584,0.000197561763343,-0.00222048419528,0.00186946592294,-0.00115520169493],[0.000146419028169,0.0000726032449165,0.0023807422258,-0.000685374892782,-0.000480681774206,0.0000496847351314,-0.000207584147574,0.000298853876302,-0.0000133883222588,-0.00122541422024,0.00070555403363,-0.000573659432121,0.000642718339805],[-0.0000593426411797,0.0000502237271576,-0.000685374892782,0.00367391272448,0.00068986590486,-0.00100946472958,0.0014398911735,0.00013949831191,-0.000956396223046,0.000375240575522,0.000600036175456,-0.000403761048801,-0.000945429317653],[0.000108842446934,0.00000337490200764,-0.000480681774206,0.00068986590486,0.00536013813689,0.000162827695021,-0.000825325085316,-0.00118392426521,-0.00239349692129,0.00175165198743,-0.000302243337501,-0.000233115657466,-0.0009264870896],[-0.000126878803712,-0.000651380571071,0.0000496847351314,-0.00100946472958,0.000162827695021,0.00984661467373,-0.00405504787341,-0.000368137669284,0.00134359160438,-0.00364357163198,0.00108512502629,0.00174675730523,-0.00100402371027],[0.000116598661407,0.00105584319681,-0.000207584147574,0.0014398911735,-0.000825325085316,-0.00405504787341,0.00998510885984,-0.000182781455806,-0.00117212405894,0.00240907189436,-0.00431311875582,0.00117337238044,0.00199078815058],[-0.000104985148937,-0.00183409627061,0.000298853876302,0.00013949831191,-0.00118392426521,-0.000368137669284,-0.000182781455806,0.0112661728635,-0.00241219555028,0.000173891836312,0.00012901808077,-0.00269614788704,0.0000148674607772],[0.0000743408672861,0.00111038342584,-0.0000133883222588,-0.000956396223046,-0.00239349692129,0.00134359160438,-0.00117212405894,-0.00241219555028,0.0151030225679,-0.0059560299851,0.00238710921258,-0.000156961061293,-0.00282078050077],[-0.000055201970099,0.000197561763343,-0.00122541422024,0.000375240575522,0.00175165198743,-0.00364357163198,0.00240907189436,0.000173891836312,-0.0059560299851,0.0191400498152,-0.00648922240362,0.00271241180599,0.00235192803666],[0.000217838358367,-0.00222048419528,0.00070555403363,0.000600036175456,-0.000302243337501,0.00108512502629,-0.00431311875582,0.00012901808077,0.00238710921258,-0.00648922240362,0.0209860280156,-0.00917305424809,0.00191969366278],[-0.000297084246995,0.00186946592294,-0.000573659432121,-0.000403761048801,-0.000233115657466,0.00174675730523,0.00117337238044,-0.00269614788704,-0.000156961061293,0.00271241180599,-0.00917305424809,0.0232214238495,-0.00613207183778],[0.000227719050599,-0.00115520169493,0.000642718339805,-0.000945429317653,-0.0009264870896,-0.00100402371027,0.00199078815058,0.0000148674607772,-0.00282078050077,0.00235192803666,0.00191969366278,-0.00613207183778,0.0205672308803]],"mean":[-44.2727890015,84.440071106,-64.3822021484,44.1042709351,-58.4374275208,15.4544839859,-40.1274986267,15.2029438019,-25.7645874023,4.55512046814,-9.10598182678,4.69907474518,-8.18624782562]},"hfc":{"dmean":8.78078174591,"dmean2":12.4294881821,"dvar":511.618560791,"dvar2":903.075744629,"max":809.394287109,"mean":18.9215221405,"median":9.3464012146,"min":1.05172375291e-16,"var":1119.50097656},"melbands":{"dmean":[0.00266391108744,0.00235759699717,0.000694961985573,0.00038656097604,0.000450767023722,0.000284444598947,0.000107417159597,0.0000490943493787,0.0000595274759689,0.0000569930452912,0.0000354290859832,0.0000347962595697,0.0000226258980547,0.0000161227544595,0.0000160379640874,0.0000129981863211,0.0000112276093205,0.00000926636130316,0.00000673224440106,0.00000424478503191,0.00000537564574188,0.00000591861271459,0.0000108184922283,0.00000524798997503,0.00000449901563115,0.00000390299328501,0.00000498178405905,0.00000403415515393,0.0000038006774048,0.00000411507289755,0.00000415168642576,0.00000494207006341,0.00000508936136612,0.00000394870085074,0.00000284011161966,0.0000024679247872,0.00000249703134614,0.00000188642206922,0.00000148987658122,0.00000129395141357],"dmean2":[0.00410324428231,0.00402806932107,0.0012161739869,0.000619464553893,0.000697752460837,0.000443231547251,0.000168737780768,0.0000758125606808,0.0000873107055668,0.0000787129902164,0.000049594684242,0.0000494310661452,0.0000330470465997,0.0000241124052991,0.0000237693748204,0.0000186620691238,0.0000168379538081,0.0000143801598824,0.0000101057930806,0.00000668427173878,0.00000820864079287,0.00000902247847989,0.0000168232472788,0.0000081314055933,0.00000708989819032,0.00000591778598391,0.0000077127961049,0.00000606592311669,0.0000055915043049,0.00000599906252319,0.00000594132143306,0.00000720072148397,0.0000074532617873,0.00000587063277635,0.00000406887738791,0.00000367171742255,0.00000373789248442,0.00000285139572043,0.00000211057317756,0.00000188671526757],"dvar":[0.0000590484960412,0.0000635574542684,0.00000264228856395,4.96105087677e-7,9.11025153982e-7,4.52524062666e-7,4.7645993817e-8,1.79074071127e-8,2.23849543346e-8,4.76073367395e-8,3.30447917918e-8,1.83650072927e-8,7.16141146384e-9,4.04059541381e-9,1.15853788785e-8,4.15527035003e-9,2.6123441188e-9,1.07563280505e-9,1.05014552609e-9,1.83928872133e-10,3.3562791435e-10,1.90116394849e-10,1.00112762524e-9,1.76818670816e-10,1.3156103984e-10,1.24087407016e-10,4.12915340808e-10,1.85554877019e-10,1.68130689926e-10,2.32677765943e-10,2.73619182867e-10,4.35563113355e-10,5.31042043672e-10,2.84817641694e-10,9.27503143733e-11,8.34273553019e-11,1.53813767279e-10,1.35514266475e-10,4.30519300765e-11,3.32555233351e-11],"dvar2":[0.000129080639454,0.000172912579728,0.00000722675486031,0.00000127234807223,0.00000201293278224,9.94055767478e-7,1.07014948014e-7,3.79095581593e-8,4.38757297161e-8,8.18673058234e-8,6.61674164348e-8,3.18918687015e-8,1.41103804197e-8,7.3761121655e-9,2.20101430415e-8,7.80335973616e-9,5.65704283417e-9,2.31459651445e-9,1.8827144288e-9,3.88528959006e-10,7.01414093474e-10,4.13205164529e-10,2.36785102636e-9,3.719486108e-10,3.18211207384e-10,2.69956251797e-10,9.62825597028e-10,3.83038351037e-10,3.48166412367e-10,4.75761430252e-10,5.372911005e-10,8.35676805533e-10,1.07622588619e-9,5.79245929e-10,1.74394498842e-10,1.84718379481e-10,3.58992668925e-10,2.6864699354e-10,7.3617834051e-11,6.92246884815e-11],"max":[0.102096885443,0.0960516855121,0.0307778976858,0.0126005839556,0.0178385283798,0.0172107089311,0.00744557846338,0.00594926858321,0.00499064987525,0.00991295650601,0.00795963779092,0.00790476053953,0.00519754504785,0.00408081850037,0.00685984548181,0.00372654385865,0.00252199918032,0.00158875074703,0.00190424034372,0.000433353648987,0.000640963786282,0.00042849307647,0.00101018080022,0.000486118107801,0.000270832591923,0.000383648002753,0.000981761026196,0.000435983849457,0.000305137218675,0.000320750812534,0.000593794160523,0.000897536810953,0.00130893732421,0.000676541298162,0.000312524032779,0.000323004758684,0.000767966150306,0.000817531778011,0.000508421042468,0.00038327492075],"mean":[0.00453071389347,0.00359518104233,0.00102982507087,0.000939363322686,0.000986753846519,0.000642210652586,0.000255939579802,0.000105650971818,0.000136163391289,0.000120133030578,0.0000671529051033,0.000077738201071,0.0000549364376639,0.0000278217230516,0.0000288627215923,0.0000236091254919,0.0000181166415132,0.000014080163055,0.0000102978610812,0.00000651628215564,0.00000802114300313,0.00000971810823103,0.0000155631551024,0.00000848970739753,0.00000691124387231,0.00000584583131058,0.00000704214971847,0.00000573262286707,0.00000459869215774,0.00000465457151222,0.00000467714062324,0.00000572459657633,0.00000594779749008,0.00000475793285659,0.00000367859774997,0.00000303508568322,0.00000306553215523,0.00000255260124504,0.00000209143649954,0.00000176707408173],"median":[0.00238647032529,0.00242529949173,0.000676513998769,0.000590614858083,0.000437825976405,0.000295327597996,0.000127475213958,0.0000532399499207,0.0000510769896209,0.0000257274987234,0.0000133458270284,0.0000123076333693,0.00000705711772753,0.00000813060250948,0.00000495409085488,0.00000334981791639,0.00000333219009008,0.00000294155870506,0.00000194414587895,0.00000160791000781,0.00000209231916415,0.00000261071454588,0.00000282987730316,0.0000027083428904,0.00000189904858416,0.00000188101489584,0.00000212378427022,0.00000114836871035,8.06680816368e-7,7.30701628981e-7,4.58301485651e-7,6.13197585153e-7,9.68842755356e-7,5.94546804678e-7,5.64175707041e-7,4.84806491841e-7,5.04622960307e-7,5.11332132191e-7,6.17984824203e-7,5.70421775592e-7],"min":[5.23227131656e-25,1.4323799079e-24,6.22345975979e-25,5.59042747956e-25,2.16641655793e-24,1.47233295173e-24,1.6506360267e-24,1.46087809974e-24,1.88202431299e-24,1.29529353333e-24,1.84388308543e-24,2.86963320125e-24,2.98776610788e-24,2.25344783451e-24,1.92257373567e-24,1.60312007475e-24,2.92145505184e-24,3.21119025169e-24,3.07706220413e-24,3.26788686824e-24,3.38350291415e-24,3.66375285048e-24,4.51080644696e-24,3.93478021397e-24,3.58760252958e-24,3.2180939679e-24,3.69998680958e-24,5.32165487776e-24,4.2615043128e-24,4.79147763501e-24,5.23897042198e-24,4.49691776186e-24,5.3521502682e-24,4.63700880901e-24,5.04354393778e-24,5.13748228323e-24,5.19946742329e-24,5.24925282945e-24,5.2012691816e-24,6.04486835617e-24],"var":[0.0000776632950874,0.0000478247457067,0.00000221140180656,0.00000124654116007,0.00000293667790174,0.00000163514846463,1.39324839665e-7,4.22698924751e-8,9.02254555513e-8,1.85684754683e-7,7.02640292616e-8,7.96391717017e-8,5.28418837575e-8,1.15033946813e-8,3.17484847301e-8,1.37817792734e-8,6.36026831202e-9,2.07344585945e-9,3.21216586663e-9,3.57721130495e-10,5.67881797142e-10,4.2894554575e-10,1.73927505731e-9,4.10865091949e-10,1.99382052535e-10,1.96124019802e-10,5.06592934268e-10,3.24526183704e-10,2.17462076124e-10,2.86645845948e-10,3.4964878215e-10,5.70832880964e-10,6.57994603248e-10,3.88089782533e-10,1.53118920321e-10,1.28221697149e-10,2.61980492855e-10,3.08024855622e-10,1.1076856099e-10,5.59400789579e-11]},"melbands_crest":{"dmean":2.68660902977,"dmean2":4.15728282928,"dvar":6.84456443787,"dvar2":15.2656860352,"max":39.9291305542,"mean":15.6546459198,"median":15.179810524,"min":1.55865228176,"var":27.8390750885},"melbands_flatness_db":{"dmean":0.0296622030437,"dmean2":0.0430372916162,"dvar":0.00105066946708,"dvar2":0.0021723289974,"max":0.51756554842,"mean":0.251090347767,"median":0.255037367344,"min":0.00315041397698,"var":0.00519347842783},"melbands_kurtosis":{"dmean":16.8128318787,"dmean2":26.2877788544,"dvar":905.449523926,"dvar2":2252.1784668,"max":848.01739502,"mean":42.9483108521,"median":31.1782913208,"min":-1.58499658108,"var":1860.95166016},"melbands_skewness":{"dmean":0.920893132687,"dmean2":1.40885567665,"dvar":1.17358708382,"dvar2":2.64549708366,"max":28.4609527588,"mean":4.46511888504,"median":4.23948097229,"min":-0.352215707302,"var":4.49574184418},"melbands_spread":{"dmean":4.96936702728,"dmean2":7.30599308014,"dvar":97.2589416504,"dvar2":202.56401062,"max":228.464981079,"mean":13.9080696106,"median":7.63146162033,"min":0.462792515755,"var":429.802520752},"mfcc":{"cov":[[17711.1582031,1323.26733398,-394.591064453,59.5813941956,-182.600128174,-188.625488281,-71.2109375,226.122772217,-123.462051392,39.5502967834,-33.3309593201,-71.1059188843,16.1196041107],[1323.26733398,1019.81738281,35.7958488464,-33.1514511108,83.0447769165,-123.869644165,102.168655396,43.3975524902,-33.5667495728,12.4719047546,61.3496322632,-6.24992609024,41.405040741],[-394.591064453,35.7958488464,501.0027771,121.688117981,23.3572254181,73.7261505127,0.86030882597,-35.4532737732,20.0839080811,-22.141292572,25.9262905121,22.6928520203,2.28640413284],[59.5813941956,-33.1514511108,121.688117981,229.872039795,83.0144958496,11.1520080566,-32.018699646,3.34541487694,27.8146209717,-26.8761825562,-10.9955558777,14.6071872711,8.28067207336],[-182.600128174,83.0447769165,23.3572254181,83.0144958496,196.357421875,-9.48185062408,-22.0507984161,11.0345687866,46.2679977417,-0.978228390217,-3.06913399696,2.37253093719,13.3973121643],[-188.625488281,-123.869644165,73.7261505127,11.1520080566,-9.48185062408,149.846832275,20.9449176788,-17.2888717651,14.3488407135,19.0969619751,14.8083715439,0.925464332104,-14.7662744522],[-71.2109375,102.168655396,0.86030882597,-32.018699646,-22.0507984161,20.9449176788,127.114997864,34.1529426575,-22.6444168091,18.85679245,27.7052211761,1.56883001328,-0.836397826672],[226.122772217,43.3975524902,-35.4532737732,3.34541487694,11.0345687866,-17.2888717651,34.1529426575,85.5101699829,18.122751236,-7.86976861954,7.71190547943,9.34610557556,3.23237609863],[-123.462051392,-33.5667495728,20.0839080811,27.8146209717,46.2679977417,14.3488407135,-22.6444168091,18.122751236,93.0120162964,11.8781328201,-5.66814851761,7.2046790123,1.40419065952],[39.5502967834,12.4719047546,-22.141292572,-26.8761825562,-0.978228390217,19.0969619751,18.85679245,-7.86976861954,11.8781328201,85.5044708252,17.9574317932,-11.2696933746,2.13396978378],[-33.3309593201,61.3496322632,25.9262905121,-10.9955558777,-3.06913399696,14.8083715439,27.7052211761,7.71190547943,-5.66814851761,17.9574317932,68.3312149048,21.613527298,-1.35395240784],[-71.1059188843,-6.24992609024,22.6928520203,14.6071872711,2.37253093719,0.925464332104,1.56883001328,9.34610557556,7.2046790123,-11.2696933746,21.613527298,70.3098907471,23.781036377],[16.1196041107,41.405040741,2.28640413284,8.28067207336,13.3973121643,-14.7662744522,-0.836397826672,3.23237609863,1.40419065952,2.13396978378,-1.35395240784,23.781036377,59.1518936157]],"icov":[[0.0000779709516792,-0.00015937234275,0.0000702437173459,-0.000129050356918,0.000192231615074,-0.000129685693537,0.000301517167827,-0.000324745837133,0.000158035749337,-0.000153745364514,0.00014051074686,-0.00000317705462294,0.0000580450978305],[-0.00015937234275,0.00183614226989,-0.00049153791042,0.0006201499491,-0.00122722808737,0.00176556606311,-0.00181778438855,0.000644664571155,-0.0000735348003218,0.000438420393039,-0.00166071951389,0.000962139340118,-0.00109077244997],[0.0000702437173459,-0.00049153791042,0.00288865366019,-0.00163738010451,0.00065289309714,-0.0013675960945,-0.000119129450468,0.00138623162638,-0.000804912822787,0.00102871377021,-0.000948107976001,-0.000180762566742,-0.0000912551258807],[-0.000129050356918,0.0006201499491,-0.00163738010451,0.00667235068977,-0.0028740032576,0.000106622377643,0.000421809585532,-0.000550160766579,-0.0000199245641852,0.0012131636031,0.000706156773958,-0.000691112247296,-0.000305398076307],[0.000192231615074,-0.00122722808737,0.00065289309714,-0.0028740032576,0.00782329030335,-0.00046243876568,0.00153207266703,-0.000710634398274,-0.00278667639941,-0.000332905445248,-0.0000233081082115,0.000815575302113,-0.000893357966561],[-0.000129685693537,0.00176556606311,-0.0013675960945,0.000106622377643,-0.00046243876568,0.0101243844256,-0.00378255848773,0.00298197381198,-0.00216936762445,-0.000897347927094,-0.00217105820775,0.000377130199922,0.00113566056825],[0.000301517167827,-0.00181778438855,-0.000119129450468,0.000421809585532,0.00153207266703,-0.00378255848773,0.0140894977376,-0.0077838273719,0.00478973565623,-0.00327770714648,-0.000736189831514,-0.000152567808982,0.000518151151482],[-0.000324745837133,0.000644664571155,0.00138623162638,-0.000550160766579,-0.000710634398274,0.00298197381198,-0.0077838273719,0.0187467075884,-0.00664005475119,0.00437457906082,-0.00248445384204,-0.000672301044688,-0.000355222029611],[0.000158035749337,-0.0000735348003218,-0.000804912822787,-0.0000199245641852,-0.00278667639941,-0.00216936762445,0.00478973565623,-0.00664005475119,0.0162605941296,-0.00475464202464,0.00302370358258,-0.00252699316479,0.00143315980677],[-0.000153745364514,0.000438420393039,0.00102871377021,0.0012131636031,-0.000332905445248,-0.000897347927094,-0.00327770714648,0.00437457906082,-0.00475464202464,0.0163235887885,-0.00596427638084,0.00493702990934,-0.00350597780198],[0.00014051074686,-0.00166071951389,-0.000948107976001,0.000706156773958,-0.0000233081082115,-0.00217105820775,-0.000736189831514,-0.00248445384204,0.00302370358258,-0.00596427638084,0.0226115249097,-0.00941008795053,0.00509475776926],[-0.00000317705462294,0.000962139340118,-0.000180762566742,-0.000691112247296,0.000815575302113,0.000377130199922,-0.000152567808982,-0.000672301044688,-0.00252699316479,0.00493702990934,-0.00941008795053,0.0217985846102,-0.00972214154899],[0.0000580450978305,-0.00109077244997,-0.0000912551258807,-0.000305398076307,-0.000893357966561,0.00113566056825,0.000518151151482,-0.000355222029611,0.00143315980677,-0.00350597780198,0.00509475776926,-0.00972214154899,0.0223298836499]],"mean":[-687.852050781,113.074172974,45.3791503906,31.9639472961,13.9112358093,1.44092905521,4.60373735428,4.89673662186,-3.39626669884,-1.07317709923,3.43254709244,-0.309398829937,2.31534814835]},"pitch_salience":{"dmean":0.0704596340656,"dmean2":0.111655339599,"dvar":0.0050041009672,"dvar2":0.0117816664279,"max":0.949498176575,"mean":0.521863281727,"median":0.522810578346,"min":0.00603142660111,"var":0.0164535436779},"silence_rate_20dB":{"dmean":0,"dmean2":0,"dvar":0,"dvar2":0,"max":1,"mean":1,"median":1,"min":1,"var":0},"silence_rate_30dB":{"dmean":0.043612383306,"dmean2":0.0872340425849,"dvar":0.0417068190873,"dvar2":0.0860131829977,"max":1,"mean":0.946926176548,"median":1,"min":0,"var":0.0502528958023},"silence_rate_60dB":{"dmean":0.00446760980412,"dmean2":0.0089361704886,"dvar":0.0044468101114,"dvar2":0.00970734097064,"max":1,"mean":0.123271644115,"median":0,"min":0,"var":0.108078844845},"spectral_centroid":{"dmean":256.242675781,"dmean2":377.83215332,"dvar":130384.117188,"dvar2":232702.09375,"max":11987.3105469,"mean":1088.9206543,"median":737.067382812,"min":164.505859375,"var":2041338},"spectral_complexity":{"dmean":3.06031274796,"dmean2":4.51829767227,"dvar":26.1345100403,"dvar2":45.444229126,"max":60,"mean":12.4905338287,"median":11,"min":0,"var":82.3684158325},"spectral_contrast_coeffs":{"dmean":[0.0425641313195,0.0413327440619,0.0333160869777,0.0281277541071,0.0230658557266,0.0165970269591],"dmean2":[0.0694938674569,0.0672629624605,0.0529861859977,0.0447659157217,0.0368260145187,0.02580284141],"dvar":[0.00141632265877,0.00126231182367,0.000867533322889,0.000616050907411,0.000422879762482,0.000301107880659],"dvar2":[0.00375023973174,0.00323324743658,0.00198092521168,0.0014091655612,0.000954263377935,0.000642188126221],"max":[-0.367339044809,-0.419524163008,-0.423631489277,-0.507945179939,-0.608348250389,-0.574162423611],"mean":[-0.677367806435,-0.718127369881,-0.777081251144,-0.805963277817,-0.789059758186,-0.810735523701],"median":[-0.675344228745,-0.721590995789,-0.786474883556,-0.813336968422,-0.790347099304,-0.813234090805],"min":[-0.97944009304,-0.986848890781,-0.980224072933,-0.973622739315,-0.967188596725,-0.965452611446],"var":[0.00629902258515,0.00668925140053,0.00596576137468,0.00398449134082,0.00299145979807,0.00154317775741]},"spectral_contrast_valleys":{"dmean":[0.343931347132,0.314761996269,0.347048312426,0.374720275402,0.356643766165,0.319686472416],"dmean2":[0.552620828152,0.507521510124,0.541092991829,0.56426012516,0.492464721203,0.436822861433],"dvar":[0.119326606393,0.102751113474,0.132837638259,0.178177163005,0.166691869497,0.14438059926],"dvar2":[0.250890344381,0.212053522468,0.266693294048,0.354562997818,0.283495426178,0.234494999051],"max":[-4.89695072174,-5.02204179764,-5.12121486664,-5.54116678238,-5.50105953217,-6.66547966003],"mean":[-7.17727518082,-7.29980134964,-8.40686321259,-8.98900222778,-8.61729717255,-10.2430553436],"median":[-6.51038837433,-6.65277481079,-7.82126522064,-8.47890281677,-8.09081840515,-9.78919792175],"min":[-28.1702823639,-28.4257888794,-27.8641967773,-27.7731876373,-27.5622940063,-27.4546165466],"var":[8.48683929443,8.39644145966,7.74279260635,7.35386610031,7.66167783737,6.52331972122]},"spectral_decrease":{"dmean":3.76342734754e-9,"dmean2":5.79789904975e-9,"dvar":8.49460689265e-17,"dvar2":1.99719781051e-16,"max":2.46005555884e-28,"mean":-9.48943768009e-9,"median":-7.37074579149e-9,"min":-1.11619755216e-7,"var":1.21169108661e-16},"spectral_energy":{"dmean":0.014720544219,"dmean2":0.0225248560309,"dvar":0.00124225823674,"dvar2":0.00291155581363,"max":0.424631148577,"mean":0.0375315509737,"median":0.0290181860328,"min":1.00213585524e-20,"var":0.00181913503911},"spectral_energyband_high":{"dmean":0.000896511191968,"dmean2":0.00127107277513,"dvar":0.00000844507940201,"dvar2":0.0000145595095091,"max":0.100703597069,"mean":0.00124897190835,"median":0.000269641168416,"min":6.92928391342e-21,"var":0.0000153807341121},"spectral_energyband_low":{"dmean":0.0121773118153,"dmean2":0.0190443471074,"dvar":0.00120619707741,"dvar2":0.00286268722266,"max":0.418605595827,"mean":0.0222719777375,"median":0.0146901849657,"min":1.10863371953e-23,"var":0.00141268677544},"spectral_energyband_middle_high":{"dmean":0.000907424080651,"dmean2":0.00127171759959,"dvar":0.00000438484676124,"dvar2":0.00000795159485278,"max":0.0777746364474,"mean":0.00243750098161,"median":0.000802701688372,"min":1.11621419952e-21,"var":0.0000248255473707},"spectral_energyband_middle_low":{"dmean":0.00410349480808,"dmean2":0.00646570604295,"dvar":0.0000482022442156,"dvar2":0.000115447313874,"max":0.102341189981,"mean":0.0129029611126,"median":0.00960147567093,"min":1.52362816667e-22,"var":0.000153369794134},"spectral_entropy":{"dmean":0.216967135668,"dmean2":0.317374587059,"dvar":0.0529562979937,"dvar2":0.104561716318,"max":9.82298851013,"mean":7.51527261734,"median":7.43886232376,"min":5.95887517929,"var":0.276567220688},"spectral_flux":{"dmean":0.0300958510488,"dmean2":0.0456585846841,"dvar":0.00243127020076,"dvar2":0.00478472094983,"max":0.529943704605,"mean":0.0760142803192,"median":0.0567719005048,"min":6.32015204061e-11,"var":0.00522105861455},"spectral_kurtosis":{"dmean":0.918024003506,"dmean2":1.40288448334,"dvar":0.812226772308,"dvar2":1.82581818104,"max":13.6317272186,"mean":3.17720413208,"median":3.21399044991,"min":-1.27206194401,"var":3.40098071098},"spectral_rms":{"dmean":0.000908318324946,"dmean2":0.00134437170345,"dvar":0.00000244783723247,"dvar2":0.00000522421214555,"max":0.0203537289053,"mean":0.00529261026531,"median":0.00532075436786,"min":3.12680914147e-12,"var":0.00000860471209307},"spectral_rolloff":{"dmean":420.00302124,"dmean2":702.360717773,"dvar":1344649.875,"dvar2":2694289.75,"max":19702.8808594,"mean":1091.90209961,"median":344.53125,"min":21.533203125,"var":7247291.5},"spectral_skewness":{"dmean":0.208781167865,"dmean2":0.299564182758,"dvar":0.0455099530518,"dvar2":0.0832080319524,"max":2.89596533775,"mean":1.56704723835,"median":1.66113841534,"min":-0.147630661726,"var":0.235995769501},"spectral_spread":{"dmean":669153.5625,"dmean2":1042037.4375,"dvar":804330405888,"dvar2":1655209197570,"max":43025992,"mean":7130793,"median":6499207,"min":3135632.75,"var":21071975678000},"spectral_strongpeak":{"dmean":0.250187665224,"dmean2":0.419364839792,"dvar":0.261853069067,"dvar2":0.635397791862,"max":11.5343294144,"mean":0.603633999825,"median":0.362127065659,"min":0,"var":0.715583205223},"zerocrossingrate":{"dmean":0.0132171465084,"dmean2":0.0155838076025,"dvar":0.00027261005016,"dvar2":0.000323783780914,"max":0.529296875,"mean":0.0550128147006,"median":0.0400390625,"min":0,"var":0.0044158748351}},"metadata":{"audio_properties":{"analysis_sample_rate":44100,"bit_rate":255068,"codec":"mp3","downmix":"mix","equal_loudness":0,"length":218.279190063,"lossless":false,"md5_encoded":"c5eb260049ba3550d5b7f5c4702bd268","replay_gain":-3.31277656555,"sample_rate":44100},"tags":{"album":["183 # Fleetwood Mac"],"artist":["Fleetwood Mac"],"asin":["B000002LFZ"],"barcode":["075992580120"],"bpm":["99"],"composer":["Christine McVie"],"date":["1975"],"discnumber":["1"],"file_name":"copy6513617938857342591.mp3","genre":[" Rock"],"initialkey":["D"],"isrc":["USWB10400037"],"language":["eng"],"mood":["calm, very content"],"musicbrainz_albumid":["5d65b1ec-af39-48d4-80e4-c1cab56014c6"],"musicbrainz_recordingid":["d4cd3fb9-2186-4ade-8769-8bdeef8a0068"],"musicbrainz_releasegroupid":["6b5d9bf1-f496-34b5-9488-7df2533d6208"],"title":["Over My Head"],"tracknumber":["5"]},"version":{"essentia":"2.1-beta2","essentia_build_sha":"cead25079874084f62182a551b7393616cd33d87","essentia_git_sha":"v2.1_beta2-1-ge3940c0","extractor":"music 1.0"}},"rhythm":{"beats_count":357,"beats_loudness":{"dmean":0.0527866110206,"dmean2":0.10145559907,"dvar":0.00217543262988,"dvar2":0.00735450722277,"max":0.286689996719,"mean":0.0821728631854,"median":0.0738946273923,"min":0,"var":0.00310636940412},"beats_loudness_band_ratio":{"dmean":[0.399300009012,0.106274969876,0.0435061939061,0.0327877998352,0.0355815850198,0.253849774599],"dmean2":[0.788896679878,0.193364024162,0.0804479122162,0.0615045689046,0.0701533555984,0.507798492908],"dvar":[0.0320870764554,0.00977237615734,0.00359189673327,0.00490113487467,0.00058898027055,0.012111694552],"dvar2":[0.101089775562,0.0279542729259,0.0108121726662,0.0137508725747,0.00192828848958,0.0391042344272],"max":[0.996961414814,0.696605145931,0.54961848259,0.624751210213,0.179761260748,0.552509784698],"mean":[0.636484265327,0.128695458174,0.0455435700715,0.0