{"lowlevel":{"average_loudness":0.894747555256,"barkbands":{"dmean":[0.000245807517786,0.00615618983284,0.0104037951678,0.00441853795201,0.00261355191469,0.000465991324745,0.000273978890618,0.000257076724665,0.000172704225406,0.0000568411160202,0.000058018918935,0.0000558778119739,0.0000346496271959,0.00003687158096,0.0000872714372235,0.000045057018724,0.0000211065816984,0.0000286479335045,0.0000700940436218,0.000100145953184,0.0000905946726562,0.0000340543447237,0.0000447321217507,0.0000470647501061,0.0000234203525906,0.0000123989648273,9.18970897601e-7],"dmean2":[0.000402086938266,0.0103536350653,0.0173866990954,0.00760743767023,0.00379648548551,0.000635404547211,0.000369438814232,0.000320510851452,0.000242291760514,0.0000878144564922,0.0000889201692189,0.0000942997940001,0.0000551146149519,0.0000579016996198,0.000138736955705,0.0000741721305531,0.0000336588891514,0.0000450084771728,0.000115851195005,0.000154740220751,0.000123362697195,0.0000442796226707,0.0000571531854803,0.000065753585659,0.0000277253220702,0.000016440248146,0.00000128246472286],"dvar":[4.20438936999e-7,0.000424063182436,0.000301772059174,0.000213343053474,0.0000262941775873,0.00000118598700283,5.95515473378e-7,0.0000010222063338,3.16357073871e-7,3.81424065665e-8,3.08126537618e-8,1.08956420775e-7,1.06883835116e-8,1.90329245697e-8,1.44244893363e-7,1.72494107886e-8,5.48057998984e-9,4.108592222e-8,0.00000201647162612,3.80133712952e-7,3.78537691859e-7,3.22761906091e-8,1.11316857954e-7,1.32383263463e-7,1.87647835048e-8,3.88143028829e-9,1.52755585958e-11],"dvar2":[9.89615728031e-7,0.0012291186722,0.000929528730921,0.000605222827289,0.0000656530610286,0.00000274464696304,0.00000137409995205,0.00000201644388653,8.30821079489e-7,1.01417413134e-7,7.87639322652e-8,3.10885440058e-7,2.70282551895e-8,4.12485476886e-8,3.47967244352e-7,4.67692942152e-8,1.31994406516e-8,1.14210244817e-7,0.00000573950364924,9.31303418383e-7,6.75104956827e-7,4.96499268365e-8,1.85216876503e-7,2.16825029042e-7,2.31984582655e-8,5.82055426079e-9,3.25405986878e-11],"max":[0.0224512759596,0.435094982386,0.36748573184,0.325005590916,0.109319724143,0.0217128749937,0.0155431320891,0.0493927933276,0.0124585144222,0.00715698720887,0.00413251854479,0.0140142096207,0.00269453437068,0.00407035369426,0.010904321447,0.00282317423262,0.00163412920665,0.0116348452866,0.0798245295882,0.0357193611562,0.0209527891129,0.00719263544306,0.0169894397259,0.014727121219,0.00499586947262,0.00250953435898,0.000166615878697],"mean":[0.000706169754267,0.0136496042833,0.0183301791549,0.00801635347307,0.00763293076307,0.00127429328859,0.000585192930885,0.000497681670822,0.000438315182691,0.000105406710645,0.0000910776216188,0.0000775510852691,0.0000532912417839,0.0000620343998889,0.000136668371852,0.0000730508982087,0.0000317277044815,0.0000430661784776,0.0000747895028326,0.000138989897096,0.0001654701191,0.0000676782146911,0.00009227044211,0.0000887648129719,0.000044203869038,0.00001845485167,0.00000122753340293],"median":[0.00046048121294,0.00952811166644,0.0131743121892,0.00482313986868,0.00338924629614,0.000318491715007,0.00016549078282,0.0000634022289887,0.0000422052180511,0.0000275618258456,0.0000234366507357,0.0000238589709625,0.0000117493855214,0.00000925904350879,0.0000134311021611,0.0000120103413792,0.00000870654912433,0.00000899578117242,0.00000860621548782,0.00000489841477247,0.00000688312866259,0.00000416508009948,0.00000568172436033,0.00000411710971093,0.00000155307066052,3.52862912223e-7,9.8565280382e-8],"min":[3.54015678626e-25,2.65409490548e-24,7.15873176991e-25,2.84700788163e-25,1.32713272861e-23,7.83097960764e-24,5.87729694496e-24,7.31479715178e-24,1.47620124951e-23,1.23899432518e-23,1.66501274059e-23,2.04814875608e-23,1.72686306432e-23,3.89114192752e-23,4.96418240079e-23,4.66264726174e-23,8.53523644295e-23,7.71679388488e-23,1.21220796939e-22,1.45161917619e-22,2.4069282178e-22,2.86088472592e-22,4.39203572262e-22,5.47385356718e-22,9.12312260012e-22,1.3239612364e-21,1.89424380469e-21],"var":[9.31376803237e-7,0.000375005241949,0.000329875474563,0.000171526233316,0.000100394689071,0.00000507645791004,0.00000131872718612,0.00000240284020947,8.20452669359e-7,7.71164536673e-8,4.22883239537e-8,7.81399336347e-8,1.40695037842e-8,3.88328444956e-8,3.52985125573e-7,3.3200052485e-8,7.23267978842e-9,3.1212962881e-8,0.00000120774950574,6.6721594294e-7,0.0000012283480828,1.46007451463e-7,4.15947454258e-7,4.09660515288e-7,7.74799744363e-8,1.41099683049e-8,2.48193861296e-11]},"barkbands_crest":{"dmean":2.17519712448,"dmean2":3.4689977169,"dvar":4.25115823746,"dvar2":11.7503833771,"max":23.993894577,"mean":12.5527467728,"median":12.1866645813,"min":3.77861428261,"var":11.6161088943},"barkbands_flatness_db":{"dmean":0.0240331906825,"dmean2":0.0355051830411,"dvar":0.000635048490949,"dvar2":0.00141023867764,"max":0.674452483654,"mean":0.298583388329,"median":0.285003900528,"min":0.0445198044181,"var":0.0118868509308},"barkbands_kurtosis":{"dmean":11.5852165222,"dmean2":18.3684196472,"dvar":349.021026611,"dvar2":882.202453613,"max":421.91116333,"mean":33.5566978455,"median":22.5927524567,"min":-1.96151268482,"var":1136.72009277},"barkbands_skewness":{"dmean":0.801963627338,"dmean2":1.23390352726,"dvar":0.960554242134,"dvar2":2.3242866993,"max":16.0512371063,"mean":3.51784920692,"median":3.23925900459,"min":-2.82326388359,"var":3.94880914688},"barkbands_spread":{"dmean":2.06026983261,"dmean2":3.1356446743,"dvar":32.7020950317,"dvar2":64.2832336426,"max":132.451339722,"mean":6.47183799744,"median":2.45146298409,"min":0.160236313939,"var":220.541000366},"dissonance":{"dmean":0.0226613041013,"dmean2":0.0351335704327,"dvar":0.000522324990015,"dvar2":0.00120114907622,"max":0.499993622303,"mean":0.413235247135,"median":0.424052864313,"min":0.144460827112,"var":0.00325436424464},"dynamic_complexity":3.90744113922,"erbbands":{"dmean":[0.146960705519,1.61845719814,9.7989692688,14.5695419312,10.0870008469,9.13530445099,4.82428646088,4.13116359711,3.60256743431,6.26429176331,3.66635751724,4.31469535828,2.24105787277,1.08583831787,2.96432113647,2.07864332199,1.71229600906,1.78561162949,3.90759181976,3.26811814308,1.6029343605,1.1710498333,1.35406064987,2.17474627495,3.83674025536,4.41200256348,4.57994413376,2.88140892982,1.35679984093,0.920679152012,1.44926869869,1.16758954525,0.666989505291,0.260122776031,0.168685242534,0.0832939445972,0.0177113115788,0.00234011770226,0.000153079687152,0.0000234355302382],"dmean2":[0.245147183537,2.73973536491,16.6213665009,24.5343551636,15.8861188889,13.4961214066,6.67507696152,5.31286144257,5.04943561554,7.76763725281,5.03856992722,6.00668287277,3.40161371231,1.72880041599,4.6607503891,3.42911672592,2.72218704224,2.80786776543,6.29484605789,5.21457338333,2.62244868279,1.86630868912,2.05869293213,3.29928827286,6.07009983063,6.6137471199,6.65933656693,4.01424121857,1.75571274757,1.14012849331,1.88347768784,1.67631196976,0.947693109512,0.322306245565,0.196881607175,0.110409259796,0.0238743890077,0.00325758871622,0.000206519020139,0.0000371607820853],"dvar":[0.23091109097,26.8844280243,322.813934326,1099.26293945,1067.07458496,357.095184326,97.258972168,95.8916625977,134.386047363,333.567047119,202.842208862,246.443618774,48.5877838135,14.5031204224,180.333694458,74.2373199463,29.0632190704,45.4515762329,235.757858276,161.572036743,22.6740875244,16.0401000977,27.3961048126,1491.86096191,2252.05371094,878.127502441,1243.22436523,383.980377197,55.0866127014,29.4829597473,132.243469238,75.8695068359,30.7921848297,2.6863591671,0.944222986698,0.242806583643,0.00622906116769,0.000100813616882,3.59394420002e-7,2.59854249229e-9],"dvar2":[0.647475659847,78.8983001709,1000.65515137,3177.00512695,2932.59765625,854.064819336,239.713378906,189.452606201,307.729095459,606.387451172,470.8777771,638.201293945,126.286437988,37.805480957,506.240814209,200.399261475,73.1935882568,94.6444854736,663.45880127,362.830383301,59.4249153137,39.0798187256,61.4156913757,3689.34692383,6235.88134766,2069.99536133,2878.37866211,665.905639648,82.0439682007,39.3336868286,237.853790283,137.715377808,51.129070282,3.86765575409,1.08570623398,0.37798127532,0.0102260494605,0.000200224239961,7.08699076313e-7,6.39738706454e-9],"max":[10.0524044037,105.90750885,360.242279053,686.808044434,736.354980469,277.279602051,179.074005127,207.307159424,260.899871826,519.088867188,656.163696289,396.073852539,166.540145874,122.182601929,534.8671875,290.115783691,144.621490479,225.260696411,328.784606934,425.538208008,81.2107772827,102.920722961,222.688964844,2451.8137207,2523.41235352,2107.19018555,1631.42053223,717.340393066,331.749664307,246.157073975,565.811645508,357.354034424,179.959869385,61.7643966675,35.7435836792,20.4974403381,2.76238703728,0.45458778739,0.0186654999852,0.000876494683325],"mean":[0.312556505203,3.44643521309,17.7051696777,29.1254711151,23.9079093933,25.434217453,14.3455677032,12.5244512558,8.44518947601,12.7736358643,8.41917324066,10.2991733551,4.28653001785,2.19334101677,4.51979923248,3.28855586052,2.84063649178,2.97324419022,6.39460992813,5.78393316269,2.73008489609,1.94553506374,2.19515109062,2.72918796539,4.98410606384,6.2181634903,7.37063646317,5.34945964813,2.67628526688,1.89559054375,2.89977455139,2.22110557556,1.24739611149,0.526365220547,0.290530204773,0.122576385736,0.0263976473361,0.00336580886506,0.000231143028941,0.0000664355247864],"median":[0.197495192289,2.2958278656,11.9794845581,20.2095432281,15.5702638626,8.31635284424,4.29179382324,2.80171108246,3.1743106842,1.70639967918,1.25740504265,1.02816057205,1.03725194931,0.939010262489,1.24811112881,1.12480521202,0.741813898087,0.532627642155,0.648942351341,0.879620432854,0.592493414879,0.556990385056,0.444155752659,0.469906270504,0.419905662537,0.23168951273,0.309576511383,0.20873093605,0.166923612356,0.109345652163,0.189221799374,0.125293821096,0.0412481054664,0.0226005241275,0.00633553788066,0.00147547572851,0.000666586216539,0.000187457597349,0.0000397364638047,0.0000536161533091],"min":[6.17670641941e-23,5.67156912063e-22,1.95385957578e-21,4.5141382641e-21,1.30247576525e-20,2.51029734994e-20,7.21244108491e-20,9.4862119548e-20,8.59856831688e-20,1.15277311882e-19,3.18678051829e-19,3.53159566801e-19,7.65678079648e-19,8.06113821616e-19,7.31480985559e-19,1.27297822996e-18,1.08603706588e-18,1.74419241924e-18,2.64055614348e-18,3.37817501598e-18,3.37367990974e-18,5.2799761544e-18,6.22784614063e-18,5.83867296527e-18,7.33325226094e-18,6.93133884978e-18,9.0201522898e-18,1.00937144381e-17,1.14949559142e-17,1.19716055073e-17,1.2858297629e-17,1.02581744875e-17,1.03024468482e-17,8.63619407461e-18,6.39332569013e-18,3.96672725671e-18,2.23680721855e-18,1.02182872179e-18,2.60155075189e-19,2.88276676313e-20],"var":[0.236545532942,22.7188014984,346.672790527,1071.95178223,1285.70568848,1577.16381836,460.769836426,557.664794922,293.726348877,1081.93945312,405.277770996,617.430480957,95.5029907227,27.3588447571,153.267868042,73.0378494263,39.1766090393,83.9597930908,467.382507324,460.90826416,36.0882301331,22.1789779663,41.0912437439,1199.61206055,1648.74414062,1533.96105957,2381.76733398,1327.32714844,247.911712646,143.126480103,419.732391357,229.203109741,89.3995742798,10.253780365,3.86656594276,0.822900354862,0.0213704612106,0.000218953136937,7.07531967237e-7,4.95238960951e-9]},"erbbands_crest":{"dmean":2.08875465393,"dmean2":3.32103085518,"dvar":5.10743713379,"dvar2":14.5623750687,"max":28.9382991791,"mean":12.3046951294,"median":11.9116001129,"min":2.53504109383,"var":22.0105476379},"erbbands_flatness_db":{"dmean":0.0167682245374,"dmean2":0.0232237707824,"dvar":0.000388586515328,"dvar2":0.000729297637008,"max":0.495511412621,"mean":0.207744240761,"median":0.193660348654,"min":0.0358955785632,"var":0.00620817532763},"erbbands_kurtosis":{"dmean":3.61099648476,"dmean2":5.36285400391,"dvar":63.2462120056,"dvar2":139.275909424,"max":197.131332397,"mean":10.1080703735,"median":4.87894058228,"min":-1.94277787209,"var":274.036651611},"erbbands_skewness":{"dmean":0.482008039951,"dmean2":0.697623848915,"dvar":0.366606533527,"dvar2":0.777860343456,"max":11.0824041367,"mean":2.09535288811,"median":1.97732567787,"min":-5.47323274612,"var":2.83844089508},"erbbands_spread":{"dmean":7.488697052,"dmean2":10.8848485947,"dvar":151.645172119,"dvar2":303.816650391,"max":164.123962402,"mean":29.7013778687,"median":24.6270961761,"min":0.548642396927,"var":575.209106445},"gfcc":{"cov":[[30143.1796875,630.917053223,-3665.43017578,960.132019043,-2165.3137207,1155.92407227,-827.688232422,887.493591309,43.5439376831,1.97020089626,-370.938720703,-455.066955566,65.5369949341],[630.917053223,2194.76806641,124.103302002,-423.615020752,285.922790527,-220.159912109,169.54637146,-283.685119629,201.52432251,-232.590286255,160.776412964,-58.0710983276,-10.835811615],[-3665.43017578,124.103302002,1247.76330566,44.1102981567,364.563201904,-232.803344727,63.7503662109,-242.335083008,-129.963897705,44.1377105713,56.9841041565,117.866920471,-69.2858886719],[960.132019043,-423.615020752,44.1102981567,448.791900635,-52.665309906,-0.802925825119,-63.01197052,35.7598571777,-97.278427124,20.3712596893,-15.6460638046,4.37011861801,30.0119991302],[-2165.3137207,285.922790527,364.563201904,-52.665309906,388.347808838,-148.833755493,77.3074493408,-128.370132446,-23.0454597473,-27.6653556824,34.6482963562,34.5157623291,-35.9010238647],[1155.92407227,-220.159912109,-232.803344727,-0.802925825119,-148.833755493,235.335906982,-29.2932052612,88.3793792725,20.5242118835,-3.83748412132,-31.0385856628,-36.8068313599,17.6838817596],[-827.688232422,169.54637146,63.7503662109,-63.01197052,77.3074493408,-29.2932052612,179.098770142,-34.2958984375,1.33197891712,-14.2642660141,32.7401657104,-1.56001782417,7.78966474533],[887.493591309,-283.685119629,-242.335083008,35.7598571777,-128.370132446,88.3793792725,-34.2958984375,173.311584473,32.1522102356,25.5874176025,-32.6800498962,-20.6670436859,23.8379764557],[43.5439376831,201.52432251,-129.963897705,-97.278427124,-23.0454597473,20.5242118835,1.33197891712,32.1522102356,161.292098999,-24.0033588409,9.1368637085,-23.0735282898,18.9941158295],[1.97020089626,-232.590286255,44.1377105713,20.3712596893,-27.6653556824,-3.83748412132,-14.2642660141,25.5874176025,-24.0033588409,144.978744507,-1.26460647583,17.4031677246,-14.5992155075],[-370.938720703,160.776412964,56.9841041565,-15.6460638046,34.6482963562,-31.0385856628,32.7401657104,-32.6800498962,9.1368637085,-1.26460647583,96.7719955444,9.8588924408,16.4015083313],[-455.066955566,-58.0710983276,117.866920471,4.37011861801,34.5157623291,-36.8068313599,-1.56001782417,-20.6670436859,-23.0735282898,17.4031677246,9.8588924408,70.2291717529,1.43997251987],[65.5369949341,-10.835811615,-69.2858886719,30.0119991302,-35.9010238647,17.6838817596,7.78966474533,23.8379764557,18.9941158295,-14.5992155075,16.4015083313,1.43997251987,78.7947235107]],"icov":[[0.000365022773622,-0.00119161920156,0.000647964829113,-0.00133350561373,0.00119979458395,-0.00115518493112,0.000863313034642,-0.00104703602847,0.00120532826986,-0.00108044198714,0.00111255492084,-0.000620264152531,0.000936553522479],[-0.00119161920156,0.00507911853492,-0.00201383116655,0.00498944055289,-0.00396810658276,0.0045263171196,-0.00302093289793,0.00481990072876,-0.00493887253106,0.00475595658645,-0.00478308461607,0.00315240072086,-0.00295521109365],[0.000647964829113,-0.00201383116655,0.00273317028768,-0.00260602659546,0.00130707083736,-0.0017627509078,0.0014249793021,-0.000485315831611,0.00240030395798,-0.00233889254741,0.00173460156657,-0.00249035609886,0.00224963854998],[-0.00133350561373,0.00498944055289,-0.00260602659546,0.00828384049237,-0.00418582372367,0.00506308767945,-0.0022216422949,0.00364653836004,-0.00283439899795,0.00464805122465,-0.00460272235796,0.00374625832774,-0.00514445221052],[0.00119979458395,-0.00396810658276,0.00130707083736,-0.00418582372367,0.00865715835243,-0.002257557353,0.00167017278727,-0.00251287850551,0.00375960115343,-0.00264729838818,0.00365091790445,-0.00228634173982,0.00413131620735],[-0.00115518493112,0.0045263171196,-0.0017627509078,0.00506308767945,-0.002257557353,0.0105859134346,-0.0027916689869,0.00254210154526,-0.00395346758887,0.00468748109415,-0.00353125110269,0.00434768712148,-0.00331559102051],[0.000863313034642,-0.00302093289793,0.0014249793021,-0.0022216422949,0.00167017278727,-0.0027916689869,0.00895866379142,-0.00269380910322,0.00382755231112,-0.00263398839161,0.00122610258404,-0.000309545634082,0.00062228506431],[-0.00104703602847,0.00481990072876,-0.000485315831611,0.00364653836004,-0.00251287850551,0.00254210154526,-0.00269380910322,0.0151258204132,-0.00631147902459,0.00227226107381,-0.00237935385667,0.00252487743273,-0.00391560606658],[0.00120532826986,-0.00493887253106,0.00240030395798,-0.00283439899795,0.00375960115343,-0.00395346758887,0.00382755231112,-0.00631147902459,0.0135347740725,-0.00368200265802,0.00352044729516,-0.000972877780441,0.000979906646535],[-0.00108044198714,0.00475595658645,-0.00233889254741,0.00464805122465,-0.00264729838818,0.00468748109415,-0.00263398839161,0.00227226107381,-0.00368200265802,0.0126780839637,-0.00531956413761,0.00134422432166,-0.000640247249976],[0.00111255492084,-0.00478308461607,0.00173460156657,-0.00460272235796,0.00365091790445,-0.00353125110269,0.00122610258404,-0.00237935385667,0.00352044729516,-0.00531956413761,0.0171884018928,-0.00361464149319,-0.000596179801505],[-0.000620264152531,0.00315240072086,-0.00249035609886,0.00374625832774,-0.00228634173982,0.00434768712148,-0.000309545634082,0.00252487743273,-0.000972877780441,0.00134422432166,-0.00361464149319,0.0208597760648,-0.0045632654801],[0.000936553522479,-0.00295521109365,0.00224963854998,-0.00514445221052,0.00413131620735,-0.00331559102051,0.00062228506431,-0.00391560606658,0.000979906646535,-0.000640247249976,-0.000596179801505,-0.0045632654801,0.0190456397831]],"mean":[-115.219032288,136.617446899,-45.8994026184,52.7476959229,-35.3147850037,9.01524162292,-29.8363666534,-7.59013986588,-19.5073070526,-7.91875934601,-11.0852804184,-8.55892753601,-11.4746313095]},"hfc":{"dmean":4.01770162582,"dmean2":5.72279548645,"dvar":156.534622192,"dvar2":250.769042969,"max":425.797943115,"mean":12.6057748795,"median":7.72173976898,"min":1.0659185031e-16,"var":627.116088867},"melbands":{"dmean":[0.0014492913615,0.00397497508675,0.00229054572992,0.000657287484501,0.000229382014368,0.0000919630765566,0.0000511186299263,0.0000694163609296,0.0000300302181131,0.000025503899451,0.0000110230084829,0.00000437521384811,0.00000979098422249,0.00000693659376338,0.00000475064643979,0.00000300316992252,0.00000350800655724,0.00000533306865691,0.00000672593614581,0.00000344603608937,0.00000186091301657,0.00000121580478663,0.00000144090427057,0.00000124427242554,0.00000179419919277,0.00000334458309226,0.0000028989418297,0.00000308577045871,0.00000317744184031,0.0000026209643238,0.00000151486460709,8.29677958336e-7,5.85466921166e-7,5.37306618753e-7,9.67133928498e-7,6.95279595675e-7,8.25393613013e-7,5.66440235161e-7,2.65183302872e-7,2.27176755629e-7],"dmean2":[0.0024449096527,0.00676198909059,0.00384839833714,0.000986733241007,0.000311939103995,0.000119442440337,0.0000719487798051,0.0000852300872793,0.0000417932096752,0.0000355498632416,0.0000168906481122,0.00000701236876921,0.0000150765781655,0.0000118878242574,0.00000756274585001,0.00000479116579299,0.00000549893502466,0.00000868225833983,0.000010566376659,0.00000570049132875,0.00000306418974105,0.0000019829547,0.00000227979444389,0.00000196689802578,0.00000278349307337,0.00000561922024644,0.00000444737088401,0.00000476823788631,0.00000502229295307,0.00000367969414583,0.00000218289073928,0.00000110829080313,7.86024827448e-7,6.99716167674e-7,0.00000128984197545,9.97504344014e-7,0.00000120391177916,8.26730740755e-7,3.5722962366e-7,3.0083663205e-7],"dvar":[0.0000249780932791,0.0000670097724651,0.0000328696951328,0.00000209320955946,2.06038848205e-7,4.50604922264e-8,2.56119800923e-8,4.78729837994e-8,1.1176899406e-8,8.4156948077e-9,1.18539533744e-9,3.21830478933e-10,1.23462040591e-9,2.06794981139e-9,1.38674072225e-10,1.07696199181e-10,1.85986864798e-10,4.45037146024e-10,1.20878551613e-9,1.10005546339e-10,3.40988522141e-11,1.96205482417e-11,2.4206449345e-11,7.9137828235e-11,1.18824317052e-9,5.08779374186e-9,3.43179512585e-10,4.93045049232e-10,8.44261993649e-10,3.09892528305e-10,1.07669463623e-10,1.94787068419e-11,1.14532029694e-11,1.24345091515e-11,7.6488981815e-11,2.08972422699e-11,4.5806660548e-11,2.4301621479e-11,3.38511337017e-12,2.06769974406e-12],"dvar2":[0.0000715099959052,0.000203041301575,0.0000936190263019,0.00000543619216842,4.62445086669e-7,9.22151102145e-8,5.96609837089e-8,8.78909105495e-8,2.69064095448e-8,2.15809716764e-8,3.08284198169e-9,8.37311664448e-10,3.30912075519e-9,5.92783555575e-9,3.53379131512e-10,2.69268607411e-10,3.92932825166e-10,1.28634580765e-9,2.59330446006e-9,3.01174668538e-10,8.9896062816e-11,5.00858590713e-11,5.84991569075e-11,2.19293708192e-10,2.95657787142e-9,1.46806531376e-8,7.85727982677e-10,1.21347343285e-9,2.21315077376e-9,5.66411750835e-10,2.18750115244e-10,3.09613654159e-11,2.15035992485e-11,2.05630946298e-11,1.55151599901e-10,4.01252781002e-11,9.14724684886e-11,4.31043881144e-11,4.8302208587e-12,3.70523186785e-12],"max":[0.107588887215,0.15640167892,0.120085969567,0.0314460024238,0.00822314992547,0.00444388296455,0.00337755773216,0.00830175541341,0.00427548354492,0.00229951483198,0.000854075769894,0.00064137019217,0.00114660093095,0.00193821662106,0.000209290519706,0.000288782030111,0.000420830969233,0.000475239095977,0.00122912612278,0.000262495566858,0.000111238659883,0.000100748235127,0.000103031161416,0.000501720001921,0.00218462757766,0.00388552388176,0.000924181484152,0.00150158896577,0.00137729814742,0.000625424727332,0.000358444522135,0.000207193050301,0.00011137965339,0.000165633580764,0.000436331261881,0.000204615338589,0.000331711402396,0.000153622182552,0.0000601284264121,0.0000523816779605],"mean":[0.0032152896747,0.00795012526214,0.00487444922328,0.00176503113471,0.00069988227915,0.000271121796686,0.000114156930067,0.000137077091495,0.0000728376908228,0.0000591203388467,0.0000191803464986,0.00000824321796244,0.0000150389914779,0.00000960693796515,0.00000763765638112,0.00000483660505779,0.00000530324177817,0.00000864658250066,0.0000110057762868,0.00000552226219952,0.00000274990043181,0.0000018182383883,0.00000233930109061,0.00000176062121682,0.00000209082850233,0.00000348443631992,0.00000411302744396,0.00000410016536989,0.00000452556787423,0.00000450195875601,0.00000258151044363,0.00000156909300131,0.00000107712514819,0.0000010474117289,0.00000177048900696,0.00000145421836351,0.00000136152948471,9.9512703855e-7,5.01987528878e-7,4.3173162112e-7],"median":[0.00239991350099,0.00570082850754,0.00366838369519,0.000971541157924,0.000170953775523,0.0000660073201288,0.0000412823210354,0.0000142770804814,0.0000096963285614,0.00000552452092961,0.00000365580081052,0.00000288500177703,0.0000038131488509,0.00000292134518531,0.00000229426973419,0.00000120616209642,8.38099481371e-7,8.44424448587e-7,0.00000117268291433,9.29095676838e-7,6.25841380497e-7,5.52803044229e-7,4.24087886586e-7,3.65484936538e-7,3.47513491761e-7,3.30477746502e-7,1.95927981395e-7,1.29711651198e-7,1.64960880511e-7,1.96969239141e-7,8.26339032756e-8,8.83311983557e-8,7.84446854141e-8,4.89724918395e-8,1.04311901339e-7,1.01274039821e-7,6.40265795937e-8,2.96681594847e-8,1.79183761162e-8,1.64597722119e-8],"min":[8.17404357962e-25,9.90427093849e-25,1.4572120659e-24,1.65758431355e-24,2.44947819174e-24,2.05012899417e-24,1.10115742836e-24,1.36438256306e-24,2.09713346842e-24,2.22077854063e-24,3.17354028727e-24,2.65821354827e-24,2.18839994199e-24,2.68859100401e-24,2.34437371738e-24,3.13540201794e-24,2.58645501324e-24,3.61643776225e-24,3.72667673502e-24,4.46155509963e-24,3.79022697511e-24,4.76036574977e-24,3.65255142006e-24,3.56098439048e-24,4.01033178944e-24,4.84786304593e-24,3.65868639132e-24,3.86015831107e-24,3.8156586674e-24,5.85129293408e-24,5.22284137191e-24,5.56162715399e-24,5.84122115247e-24,5.20372096129e-24,6.37910793285e-24,5.93625325357e-24,5.87941661421e-24,6.30525201389e-24,6.35969288268e-24,5.65331448485e-24],"var":[0.0000224386822083,0.0000694568152539,0.0000305800458591,0.00000518335536981,0.00000136590222155,2.3984677e-7,5.29647046221e-8,1.43831115906e-7,2.42015563146e-8,2.05704786538e-8,2.11848050213e-9,5.94683746691e-10,1.36354660896e-9,1.46507239673e-9,1.97861754758e-10,1.36086572566e-10,3.31654842478e-10,8.28566548705e-10,3.4125477999e-9,2.2260766841e-10,4.27495816524e-11,2.14159488754e-11,4.8070613462e-11,5.94354496175e-11,9.38444433274e-10,2.93879054425e-9,6.75752953594e-10,7.27639337672e-10,1.05642694592e-9,9.61656088094e-10,3.12975007022e-10,8.26871418558e-11,3.88630377879e-11,5.20870915843e-11,1.89588608701e-10,7.57282431207e-11,1.04608460783e-10,6.3723762378e-11,1.09025410228e-11,6.70159110497e-12]},"melbands_crest":{"dmean":2.61584043503,"dmean2":4.31784772873,"dvar":6.69497108459,"dvar2":20.6438751221,"max":33.788936615,"mean":18.4784603119,"median":18.5250358582,"min":1.00045716763,"var":19.2024803162},"melbands_flatness_db":{"dmean":0.0271370001137,"dmean2":0.0397248603404,"dvar":0.000849700532854,"dvar2":0.00181744724978,"max":0.830934822559,"mean":0.417222857475,"median":0.399297326803,"min":3.10632287892e-7,"var":0.0179440714419},"melbands_kurtosis":{"dmean":21.2535209656,"dmean2":33.1933784485,"dvar":1164.48400879,"dvar2":2843.04248047,"max":690.46472168,"mean":59.6147918701,"median":40.4358215332,"min":-1.88221395016,"var":3431.62988281},"melbands_skewness":{"dmean":0.971766352654,"dmean2":1.47990369797,"dvar":1.61227166653,"dvar2":3.70679140091,"max":22.319519043,"mean":4.39276361465,"median":4.0378985405,"min":-0.455602556467,"var":5.80107307434},"melbands_spread":{"dmean":1.82221913338,"dmean2":2.81257820129,"dvar":45.7945480347,"dvar2":87.7190093994,"max":218.977584839,"mean":5.98462057114,"median":1.84846711159,"min":0.291379570961,"var":368.06262207},"mfcc":{"cov":[[17369.0976562,-562.956115723,-1691.23901367,-492.893951416,-856.215270996,-287.159606934,-405.451019287,133.625640869,334.229095459,909.581787109,4.23961782455,-223.400985718,-325.817016602],[-562.956115723,2105.77172852,211.746688843,-55.2358970642,164.219833374,77.0684509277,-62.9263000488,116.53302002,-87.1477737427,-71.0125350952,56.0535430908,-5.14318466187,38.2032814026],[-1691.23901367,211.746688843,848.456054688,250.036270142,188.351089478,112.827140808,89.2082672119,-68.8696899414,-79.6086120605,-183.040008545,-37.1067237854,83.7559738159,76.4077835083],[-492.893951416,-55.2358970642,250.036270142,482.204742432,141.43522644,44.4196815491,86.5378570557,-48.4612159729,-36.9043884277,-104.100830078,-67.498840332,37.8306770325,40.3307266235],[-856.215270996,164.219833374,188.351089478,141.43522644,250.262741089,40.2622337341,10.407705307,-4.32753133774,-35.4352340698,-73.5242767334,-20.8266181946,19.3595485687,16.024936676],[-287.159606934,77.0684509277,112.827140808,44.4196815491,40.2622337341,139.683013916,42.0500869751,-4.9469127655,-17.9691619873,-38.7487182617,-5.98946237564,17.8723678589,-9.2441110611],[-405.451019287,-62.9263000488,89.2082672119,86.5378570557,10.407705307,42.0500869751,172.725250244,-11.303194046,-21.4736461639,-30.8657455444,-17.9193820953,-7.64052295685,28.4500675201],[133.625640869,116.53302002,-68.8696899414,-48.4612159729,-4.32753133774,-4.9469127655,-11.303194046,118.664833069,25.4075927734,8.98183059692,-5.30575656891,-14.5171937943,-20.6230545044],[334.229095459,-87.1477737427,-79.6086120605,-36.9043884277,-35.4352340698,-17.9691619873,-21.4736461639,25.4075927734,94.8495025635,45.6804389954,-0.25273835659,-7.92380475998,-18.866651535],[909.581787109,-71.0125350952,-183.040008545,-104.100830078,-73.5242767334,-38.7487182617,-30.8657455444,8.98183059692,45.6804389954,156.37020874,36.4601783752,-39.9186477661,-25.8142261505],[4.23961782455,56.0535430908,-37.1067237854,-67.498840332,-20.8266181946,-5.98946237564,-17.9193820953,-5.30575656891,-0.25273835659,36.4601783752,76.7216949463,1.50029313564,-2.49146795273],[-223.400985718,-5.14318466187,83.7559738159,37.8306770325,19.3595485687,17.8723678589,-7.64052295685,-14.5171937943,-7.92380475998,-39.9186477661,1.50029313564,88.540802002,21.2763290405],[-325.817016602,38.2032814026,76.4077835083,40.3307266235,16.024936676,-9.2441110611,28.4500675201,-20.6230545044,-18.866651535,-25.8142261505,-2.49146795273,21.2763290405,77.8626708984]],"icov":[[0.000107326028228,-0.0000250693701673,0.0000714971029083,-0.000112463771075,0.000252731057117,-0.0000179233666131,0.000153305110871,-0.00000720757088857,0.0000459226575913,-0.000562119705137,0.00032604802982,-0.0000922180261114,0.000197828325327],[-0.0000250693701673,0.000644395360723,-0.000148416875163,0.000116969495139,-0.000342463725246,-0.000370963651221,0.000406508945161,-0.000846909591928,0.000525196606759,0.000222910239245,-0.000656213320326,0.000417292030761,-0.000616291014012],[0.0000714971029083,-0.000148416875163,0.00210670521483,-0.00035572014167,-0.000517578388099,-0.000810864905361,-0.000258406478679,0.000794860825408,0.0000104042692328,0.000855554884765,0.000186154866242,-0.000731580948923,-0.00070385116851],[-0.000112463771075,0.000116969495139,-0.00035572014167,0.00345365586691,-0.00162083073519,0.000148802238982,-0.00127020617947,0.000940804718994,-0.000185807628441,0.0010310242651,0.00163364922628,-0.00052807899192,-0.000409896369092],[0.000252731057117,-0.000342463725246,-0.000517578388099,-0.00162083073519,0.00642256997526,-0.000589696224779,0.00129038281739,-0.000549667340238,0.000778134737629,-0.000377219519578,0.000715540256351,0.000285772723146,0.000572412158363],[-0.0000179233666131,-0.000370963651221,-0.000810864905361,0.000148802238982,-0.000589696224779,0.00970620941371,-0.00273607578129,0.000444211502327,0.000239467990468,0.000800924375653,-0.000209616147913,-0.00194782903418,0.00406585913152],[0.000153305110871,0.000406508945161,-0.000258406478679,-0.00127020617947,0.00129038281739,-0.00273607578129,0.00832913722843,-0.000898020633031,0.00105850945693,-0.000514471088536,0.00056635477813,0.00264627882279,-0.00313713215292],[-0.00000720757088857,-0.000846909591928,0.000794860825408,0.000940804718994,-0.000549667340238,0.000444211502327,-0.000898020633031,0.0110920565203,-0.00312240957282,0.00117172265891,0.00177264539525,0.000247554708039,0.0021709012799],[0.0000459226575913,0.000525196606759,0.0000104042692328,-0.000185807628441,0.000778134737629,0.000239467990468,0.00105850945693,-0.00312240957282,0.0142947053537,-0.00403857324272,0.00174715381581,-0.00128422735725,0.00120661105029],[-0.000562119705137,0.000222910239245,0.000855554884765,0.0010310242651,-0.000377219519578,0.000800924375653,-0.000514471088536,0.00117172265891,-0.00403857324272,0.0148216150701,-0.0060405950062,0.00395758403465,-0.000503523973748],[0.00032604802982,-0.000656213320326,0.000186154866242,0.00163364922628,0.000715540256351,-0.000209616147913,0.00056635477813,0.00177264539525,0.00174715381581,-0.0060405950062,0.0184058044106,-0.00287351827137,0.000542711117305],[-0.0000922180261114,0.000417292030761,-0.000731580948923,-0.00052807899192,0.000285772723146,-0.00194782903418,0.00264627882279,0.000247554708039,-0.00128422735725,0.00395758403465,-0.00287351827137,0.0152971632779,-0.00406167190522],[0.000197828325327,-0.000616291014012,-0.00070385116851,-0.000409896369092,0.000572412158363,0.00406585913152,-0.00313713215292,0.0021709012799,0.00120661105029,-0.000503523973748,0.000542711117305,-0.00406167190522,0.0182151757181]],"mean":[-764.532531738,156.843444824,55.2246704102,49.0567436218,24.944311142,20.0339736938,6.25506830215,4.85487699509,-3.65579199791,0.739366352558,-7.37502336502,1.99694609642,-0.722340643406]},"pitch_salience":{"dmean":0.0630551874638,"dmean2":0.103875726461,"dvar":0.00391145097092,"dvar2":0.0114056402817,"max":0.996097564697,"mean":0.472426116467,"median":0.489217042923,"min":0.0777029767632,"var":0.0183707680553},"silence_rate_20dB":{"dmean":0.00059826503275,"dmean2":0.0011966493912,"dvar":0.000597946578637,"dvar2":0.00139477988705,"max":1,"mean":0.999501466751,"median":1,"min":0,"var":0.000498313340358},"silence_rate_30dB":{"dmean":0.0606241896749,"dmean2":0.121260471642,"dvar":0.0569456480443,"dvar2":0.129089489579,"max":1,"mean":0.92841476202,"median":1,"min":0,"var":0.06646245718},"silence_rate_60dB":{"dmean":0.000997108407319,"dmean2":0.00199441565201,"dvar":0.000996075454168,"dvar2":0.00199027941562,"max":1,"mean":0.0366899296641,"median":0,"min":0,"var":0.0353442691267},"spectral_centroid":{"dmean":99.4665374756,"dmean2":147.756103516,"dvar":66857.265625,"dvar2":108874.8125,"max":11750.7060547,"mean":522.75402832,"median":246.722259521,"min":123.60660553,"var":1367969.625},"spectral_complexity":{"dmean":1.64662480354,"dmean2":2.53370571136,"dvar":10.1621875763,"dvar2":18.5066547394,"max":55,"mean":8.14406776428,"median":6,"min":0,"var":42.2086410522},"spectral_contrast_coeffs":{"dmean":[0.0405919663608,0.0334459245205,0.0266881491989,0.0233121644706,0.0185808967799,0.0148263638839],"dmean2":[0.067592471838,0.0523368194699,0.0422077402472,0.037646073848,0.0289595741779,0.0231405515224],"dvar":[0.00142348057125,0.00091451255139,0.000556991260964,0.000400741322665,0.000354676827556,0.000226931108045],"dvar2":[0.0041263368912,0.00228598807007,0.00138774316292,0.000976337469183,0.000715575763024,0.000484522141051],"max":[-0.27835431695,-0.4161247015,-0.557174026966,-0.557805895805,-0.441955447197,-0.616143167019],"mean":[-0.597015678883,-0.672669231892,-0.791570901871,-0.793190836906,-0.817512512207,-0.791063964367],"median":[-0.594741821289,-0.663914084435,-0.796961188316,-0.797743797302,-0.819223999977,-0.787932038307],"min":[-0.978768348694,-0.996042191982,-0.996732056141,-0.985578715801,-0.986756086349,-0.963951706886],"var":[0.00680543947965,0.00613041780889,0.00461143022403,0.00358601217158,0.00298879505135,0.00180253968574]},"spectral_contrast_valleys":{"dmean":[0.288666337729,0.298333793879,0.272837847471,0.267401754856,0.269798010588,0.234147414565],"dmean2":[0.478081643581,0.481167465448,0.431499123573,0.4049077034,0.370573312044,0.297458529472],"dvar":[0.0909304395318,0.110354237258,0.0931248888373,0.100673146546,0.13478384912,0.135594293475],"dvar2":[0.216180071235,0.233754470944,0.174796074629,0.178804263473,0.206130772829,0.184285625815],"max":[-4.30741453171,-4.82923078537,-5.89320135117,-6.0833978653,-5.72733354568,-7.10557460785],"mean":[-6.82980918884,-8.30776977539,-9.12825393677,-9.59941673279,-9.37067127228,-11.6553544998],"median":[-6.36656570435,-7.75587749481,-8.48904800415,-9.01414871216,-8.8790512085,-11.3388977051],"min":[-28.1279716492,-28.326341629,-27.8172779083,-27.7093219757,-27.5925121307,-27.4265766144],"var":[5.41634130478,5.69279956818,5.20395994186,5.04277849197,5.10213088989,4.80467128754]},"spectral_decrease":{"dmean":4.76411132766e-9,"dmean2":8.02175392778e-9,"dvar":1.06157011388e-16,"dvar2":3.03828415309e-16,"max":1.56215175018e-28,"mean":-1.36062245915e-8,"median":-1.19347873806e-8,"min":-1.86115471479e-7,"var":1.41351892091e-16},"spectral_energy":{"dmean":0.0182644184679,"dmean2":0.0307072848082,"dvar":0.00155063089915,"dvar2":0.00443112291396,"max":0.709770083427,"mean":0.0524962358177,"median":0.0464212968946,"min":1.00874950351e-20,"var":0.00209213490598},"spectral_energyband_high":{"dmean":0.000258851563558,"dmean2":0.00031244175625,"dvar":0.00000232697016145,"dvar2":0.00000288629598799,"max":0.0609331838787,"mean":0.000555623439141,"median":0.0000292088934657,"min":7.02709398189e-21,"var":0.0000112429970613},"spectral_energyband_low":{"dmean":0.016205959022,"dmean2":0.0275532342494,"dvar":0.00121285778005,"dvar2":0.00354325585067,"max":0.645271897316,"mean":0.038119494915,"median":0.0310310199857,"min":5.68057988432e-24,"var":0.00132368074264},"spectral_energyband_middle_high":{"dmean":0.000345810258295,"dmean2":0.000536993844435,"dvar":0.00000251849246524,"dvar2":0.00000650380843581,"max":0.0821985527873,"mean":0.000793592829723,"median":0.000271014345344,"min":1.26256932921e-21,"var":0.00000336651328325},"spectral_energyband_middle_low":{"dmean":0.00635209260508,"dmean2":0.0102844433859,"dvar":0.000336827681167,"dvar2":0.000929019530304,"max":0.3843562603,"mean":0.0184876285493,"median":0.0144237894565,"min":1.73337593151e-22,"var":0.000421073404141},"spectral_entropy":{"dmean":0.222230732441,"dmean2":0.314321011305,"dvar":0.0708931908011,"dvar2":0.13214930892,"max":9.82213115692,"mean":6.21534872055,"median":6.30205440521,"min":3.10650253296,"var":1.11904132366},"spectral_flux":{"dmean":0.0280714463443,"dmean2":0.0452713854611,"dvar":0.00186632876284,"dvar2":0.00398425804451,"max":0.637066423893,"mean":0.0752637535334,"median":0.0603372566402,"min":6.3578829701e-11,"var":0.00475991237909},"spectral_kurtosis":{"dmean":5.43089723587,"dmean2":8.3999710083,"dvar":84.1188278198,"dvar2":179.944671631,"max":178.691345215,"mean":19.2595691681,"median":8.26681900024,"min":-1.25101315975,"var":814.157470703},"spectral_rms":{"dmean":0.00105231988709,"dmean2":0.00170582393184,"dvar":0.00000243500858232,"dvar2":0.00000685875784256,"max":0.0263146087527,"mean":0.00653331680223,"median":0.00672971550375,"min":3.13710992947e-12,"var":0.00000853147048474},"spectral_rolloff":{"dmean":138.502731323,"dmean2":237.1456604,"dvar":645863.75,"dvar2":1762436.75,"max":19638.28125,"mean":627.630310059,"median":193.798828125,"min":86.1328125,"var":5611955.5},"spectral_skewness":{"dmean":0.455565959215,"dmean2":0.675517499447,"dvar":0.366135418415,"dvar2":0.711285889149,"max":11.3633985519,"mean":3.0420999527,"median":2.45952177048,"min":-0.0969943925738,"var":4.10357570648},"spectral_spread":{"dmean":490020.90625,"dmean2":717839.5,"dvar":597272690688,"dvar2":1050597261310,"max":42819388,"mean":4126561.5,"median":3708852,"min":526875.75,"var":15211001020400},"spectral_strongpeak":{"dmean":0.242154583335,"dmean2":0.422472894192,"dvar":0.191786751151,"dvar2":0.531921327114,"max":18.5478515625,"mean":0.564911544323,"median":0.461951881647,"min":0,"var":0.224239677191},"zerocrossingrate":{"dmean":0.00457720458508,"dmean2":0.00557111948729,"dvar":0.0000923756888369,"dvar2":0.0000996351081994,"max":0.52294921875,"mean":0.0257401131094,"median":0.01123046875,"min":0.00341796875,"var":0.00386404036544}},"metadata":{"audio_properties":{"analysis_sample_rate":44100,"bit_rate":0,"codec":"flac","downmix":"mix","equal_loudness":0,"length":232.866668701,"lossless":true,"md5_encoded":"eb6c541008a5768a7727e8170e9ea5f6","replay_gain":-5.59420967102},"tags":{"album":["Nevermind"],"albumartist":["Nirvana"],"albumartistsort":["Nirvana"],"artist":["Nirvana"],"artistsort":["Nirvana"],"asin":["B000003TA4"],"barcode":["77749749200602"],"catalognumber":["CDGCD 24425"],"date":["1991"],"engineer":["James Johnson","Jeff Sheehan","Butch Vig","Nirvana"],"file_name":"12 Something in the Way _ Endless, Nameless.flac","format":["CD"],"genre":["Grunge"],"label":["DGC Records"],"language":["eng"],"mixer":["Andy Wallace"],"musicbrainz_albumartistid":["5b11f4ce-a62d-471e-81fc-a69a8278c7da"],"musicbrainz_albumid":["8e061dc4-790e-4587-ba53-011e7852f88d"],"musicbrainz_artistid":["5b11f4ce-a62d-471e-81fc-a69a8278c7da"],"musicbrainz_recordingid":["d506a8b2-4ba9-49b9-941f-40d1295ebd29"],"performer":["Krist Novoselic (bass guitar)","Dave Grohl (drums)","Kurt Cobain (guitar)","Dave Grohl (vocal)","Krist Novoselic (vocal)","Kurt Cobain (vocal)"],"producer":["Nirvana","Butch Vig"],"releasecountry":["CA"],"releasestatus":["official"],"releasetype":["album"],"replaygain_album_gain":["-5.00 dB"],"replaygain_album_peak":["1.00000000"],"replaygain_reference_loudness":["89.0 dB"],"replaygain_track_gain":["+0.27 dB"],"replaygain_track_peak":["0.93197632"],"script":["Latn"],"title":["Something in the Way / Endless, Nameless"],"totaltracks":["12"],"tracknumber":["12"],"tracktotal":["12"]},"version":{"essentia":"2.1-beta1","essentia_build_sha":"d95b123ab7c93145a6f110a2dd6bea92b4529a00","essentia_git_sha":"v2.1_beta1-6-g5578087-dirty","extractor":"music 1.0"}},"rhythm":{"beats_count":402,"beats_loudness":{"dmean":0.0