{"lowlevel":{"average_loudness":0.467657715082,"barkbands":{"dmean":[0.0000698935618857,0.00348848709837,0.00200796872377,0.000687673164066,0.000473688560305,0.000411773828091,0.000382599362638,0.000272596575087,0.000338950252626,0.000165237332112,0.000209141799132,0.000160517316544,0.000230998935876,0.000195126762264,0.000203644376597,0.000247959978878,0.000329023896484,0.000276910257526,0.000211790014873,0.000107477477286,0.0000589310984651,0.0000386009996873,0.0000416422517446,0.0000460194714833,0.0000863203313202,0.0000603333246545,0.0000386996616726],"dmean2":[0.000112017405627,0.00572888832539,0.00362178264186,0.00118396792095,0.000789560785051,0.000644349202048,0.000584292283747,0.000421580392867,0.000497249828186,0.000263057096163,0.000305684050545,0.000251518766163,0.000369332497939,0.000316214020131,0.000332706345944,0.000398445059545,0.000540149747394,0.000457755173557,0.000347372697433,0.000176416549948,0.0000981498233159,0.0000633060917608,0.0000672472233418,0.0000709114683559,0.000128454819787,0.0000915322307264,0.0000590705822106],"dvar":[6.01424758884e-8,0.0000686801504344,0.0000286990416498,0.0000022005763185,8.11061681816e-7,9.49397474415e-7,9.51480103595e-7,6.05256957442e-7,9.15822454317e-7,2.46160567485e-7,3.60505765684e-7,2.46698704132e-7,7.2793613981e-7,6.47308183943e-7,3.5625382111e-7,4.51350643971e-7,7.6350437439e-7,6.14611337824e-7,3.14694517556e-7,5.75484087051e-8,1.94181275504e-8,7.88356224746e-9,1.4457589792e-8,2.10570547665e-8,1.2813849537e-7,3.98697217463e-8,1.45582053079e-8],"dvar2":[1.36606701062e-7,0.000172854954144,0.0000834245656733,0.00000616378019913,0.00000214676947508,0.00000217463434637,0.00000213022690332,0.00000133476828523,0.00000197959934667,5.89286173636e-7,7.49115940835e-7,6.03321097969e-7,0.00000196035762201,0.0000016285861193,8.54799452554e-7,0.00000108197457394,0.00000194686413124,0.00000161811192356,8.40627137677e-7,1.5044500401e-7,5.24280423519e-8,2.04533137094e-8,3.47550290769e-8,4.51374191357e-8,2.4718184477e-7,8.93859848361e-8,3.20950910293e-8],"max":[0.00269884080626,0.08035813272,0.0543606244028,0.0190271064639,0.019745182246,0.0229551233351,0.0286229625344,0.0165526047349,0.023326780647,0.0155176091939,0.0185272581875,0.015398687683,0.0365584231913,0.0358861126006,0.0214018877596,0.0197671260685,0.0223799254745,0.0231345649809,0.0155031112954,0.00651019671932,0.00447660544887,0.00176860147621,0.00353597826324,0.00517088267952,0.0164704546332,0.00658671371639,0.00511054554954],"mean":[0.000062127081037,0.00550449686125,0.00252908980474,0.000880420091562,0.000831837300211,0.000896386511158,0.000772643601522,0.000653771450743,0.000689475156832,0.000279248168226,0.00041627738392,0.000267926399829,0.000438481103629,0.000309578434099,0.000326201639837,0.000453700165963,0.000631456379779,0.000559058913495,0.000478240719531,0.00024565012427,0.000119548203656,0.0000691863606335,0.0000664944163873,0.0000796664389782,0.00016744081222,0.0000861898079165,0.0000446566446044],"median":[0.00000329161616719,0.00142855383456,0.00063274661079,0.000172709638719,0.000325897301082,0.000203911535209,0.000129538268084,0.0000556555096409,0.0000660881196382,0.0000536025618203,0.0000514998901053,0.0000667129061185,0.0000913804033189,0.0000544297799934,0.0000735710200388,0.000114820388262,0.000170630344655,0.0000773377469159,0.0000907252469915,0.0000518865745107,0.0000228067874559,0.0000143261822814,0.0000100825418485,0.00000761961018725,0.00000378995218853,0.00000131380966195,2.15456324781e-7],"min":[1.04297919297e-23,2.7798420159e-23,1.10186734401e-23,6.94506120095e-24,8.50061302228e-23,6.31118700891e-23,1.13452792098e-23,2.02008708041e-23,8.32259425279e-23,1.92985085919e-23,5.97062692089e-23,3.59872412728e-23,9.81284022408e-23,8.62504857256e-23,8.46626349411e-23,1.07500347474e-22,2.37139615558e-22,2.38829141047e-22,2.59552075265e-22,2.73103670631e-22,4.92102539838e-22,5.0302971488e-22,7.46876137502e-22,7.31722737979e-22,1.2906098634e-21,1.92878404788e-21,2.32656381456e-21],"var":[5.70346330164e-8,0.0000898011785466,0.0000250209923252,0.00000277775234281,0.00000172056445535,0.00000306180572807,0.00000287038051283,0.0000032948964872,0.00000292852246275,5.47961462871e-7,0.00000123417328268,3.88353299741e-7,0.00000157968599979,7.98782537004e-7,6.47733031656e-7,9.10308926905e-7,0.00000155175678174,0.00000162823164374,0.00000106193738247,2.1546728135e-7,5.45968568133e-8,1.80953634299e-8,2.98876656757e-8,6.41533759449e-8,5.47611193724e-7,8.2326188533e-8,2.39352520026e-8]},"barkbands_crest":{"dmean":2.55704474449,"dmean2":4.15632247925,"dvar":6.50773191452,"dvar2":16.4093608856,"max":26.371421814,"mean":11.4342927933,"median":10.7785301208,"min":2.41991400719,"var":23.1200904846},"barkbands_flatness_db":{"dmean":0.0221364516765,"dmean2":0.0336524955928,"dvar":0.000588303781115,"dvar2":0.00128967280034,"max":0.407387852669,"mean":0.148649722338,"median":0.137633278966,"min":0.0155345583335,"var":0.00469422526658},"barkbands_kurtosis":{"dmean":3.72464156151,"dmean2":6.07202005386,"dvar":127.519226074,"dvar2":322.19418335,"max":370.302459717,"mean":4.66993141174,"median":1.68401360512,"min":-1.92709255219,"var":147.439376831},"barkbands_skewness":{"dmean":0.603127062321,"dmean2":0.933499217033,"dvar":0.67936873436,"dvar2":1.51991271973,"max":16.2115116119,"mean":0.769000172615,"median":0.776926040649,"min":-11.7034511566,"var":3.5346429348},"barkbands_spread":{"dmean":6.20317363739,"dmean2":9.58214664459,"dvar":67.767250061,"dvar2":151.589416504,"max":134.27255249,"mean":25.6290569305,"median":22.6197929382,"min":0.426250308752,"var":370.739471436},"dissonance":{"dmean":0.013836205937,"dmean2":0.0234853904694,"dvar":0.000273834972177,"dvar2":0.000751354440581,"max":0.500000059605,"mean":0.473530620337,"median":0.482402443886,"min":0.264708012342,"var":0.000681136385538},"dynamic_complexity":7.41878700256,"erbbands":{"dmean":[0.0733247026801,0.905288994312,2.36200928688,2.22287845612,1.6815084219,1.78298532963,2.38356328011,3.7448182106,4.94253349304,4.84767818451,7.71163511276,6.484603405,5.20621871948,9.29125213623,4.03007650375,6.30399036407,10.5048036575,10.3431110382,8.12260341644,10.6744232178,14.3460502625,18.2235679626,16.2449378967,10.1077632904,9.67365646362,4.38937091827,3.05268454552,1.92141079903,1.39024496078,1.19459891319,1.13668096066,1.24156045914,0.584753274918,0.933189332485,0.629914224148,0.313088089228,0.0986599251628,0.0401669740677,0.00757658667862,0.000156908979989],"dmean2":[0.116308189929,1.52059841156,4.19352865219,3.91906404495,2.83974170685,2.95525169373,3.77248573303,5.92298364639,7.56250619888,7.52940273285,11.3044672012,9.74098110199,8.26174926758,13.8686199188,6.15178012848,9.88981723785,16.5477905273,16.6154518127,13.2294511795,17.131439209,23.1443862915,29.8964195251,26.8382415771,16.6455554962,15.7585420609,7.3340177536,5.06970214844,3.20514202118,2.27799868584,1.95142042637,1.80868268013,1.90552377701,0.888910353184,1.41842937469,0.923361837864,0.469896942377,0.15222889185,0.0616810768843,0.0115221701562,0.000236306674196],"dvar":[0.0381636805832,4.70906639099,36.059627533,28.3659420013,11.3607349396,13.0475635529,27.6071491241,101.659172058,154.64263916,190.582870483,439.125976563,326.039123535,323.145874023,793.435546875,156.813949585,313.118560791,1297.73486328,1381.61914063,828.117736816,869.566101074,1263.88757324,2678.99975586,2014.20837402,793.060546875,624.376586914,110.705909729,48.7236671448,22.7471103668,9.63875389099,10.0636911392,10.5361709595,21.1655693054,2.57295250893,16.2497348785,6.48014211655,1.17705929279,0.111125349998,0.0174374710768,0.000546281924471,1.97757131559e-7],"dvar2":[0.0883689373732,12.4447278976,104.040344238,81.44165802,30.9296092987,33.2301902771,65.7390975952,232.794616699,347.113006592,446.935791016,949.3046875,722.432128906,810.084594727,1810.40344238,379.043945313,762.80657959,3474.98046875,3269.3190918,2188.35205078,1982.95373535,3059.33129883,6651.25976563,5317.8359375,2081.78686523,1661.13342285,301.195739746,131.02822876,60.8916091919,24.6072177887,25.8685703278,24.7437572479,46.2890396118,5.15903425217,33.8984069824,12.5042543411,2.60587644577,0.254861295223,0.0388845801353,0.00120326923206,4.30515086691e-7],"max":[1.96556949615,22.486825943,59.1571464539,61.1831321716,55.2473564148,101.352607727,163.006698608,276.219909668,284.42074585,369.44430542,439.597351074,429.072814941,575.83380127,799.029907227,623.50604248,546.432922363,1586.49487305,1588.8494873,1762.87219238,895.492919922,1167.71411133,1370.8145752,922.804931641,1070.59521484,687.626831055,240.231430054,175.783401489,174.651992798,67.2389831543,67.815574646,101.991676331,155.039520264,111.249679565,163.162139893,108.017333984,34.8960189819,9.80629634857,5.02846622467,0.989338219166,0.014709001407],"mean":[0.0985728427768,1.42864227295,3.32811307907,2.82296204567,2.65024089813,3.0549929142,4.53844070435,7.8525686264,10.6319046021,10.029127121,19.1572704315,13.8262872696,9.0534954071,18.682220459,8.00900745392,11.2456092834,21.151222229,17.5656528473,14.2270784378,19.7600574493,29.1284942627,36.9444999695,32.8088722229,23.2056941986,22.9188175201,10.5776252747,6.74162817001,3.82068610191,2.58838915825,1.87299180031,1.90357375145,2.20162582397,0.964157283306,1.74564313889,1.17406392097,0.468567222357,0.13377353549,0.0493613742292,0.00868774019182,0.000198378562345],"median":[0.0182039029896,0.402969777584,1.15183711052,1.06413245201,0.921084284782,1.0243575573,1.25090920925,1.75146412849,2.1359910965,1.9131526947,1.81562256813,1.54385948181,1.81809854507,2.14798116684,2.24673318863,3.85178565979,5.00489044189,4.45069169998,3.9549870491,6.16273403168,7.564661026,10.5803813934,6.49380493164,4.56560230255,4.06482505798,2.60979747772,1.3484082222,0.798288345337,0.564450562,0.35808300972,0.264554023743,0.198041543365,0.100217662752,0.053119648248,0.0227185934782,0.00781415402889,0.00193729437888,0.000386884436011,0.0000502190741827,0.0000169542072399],"min":[2.71502724756e-22,7.85226965081e-21,1.90323030618e-20,1.70427947481e-20,1.69082929187e-19,2.81625116675e-19,3.29298714852e-19,6.04895365071e-19,2.53426994882e-19,1.90508315844e-19,7.91681432782e-19,1.86269679534e-18,1.07126589489e-18,1.33340863339e-18,2.1083764683e-18,1.61837059665e-18,4.54904255561e-18,3.30960670629e-18,4.85673265037e-18,5.6700224189e-18,8.1368557445e-18,1.17443798202e-17,1.48006781803e-17,9.93373605324e-18,1.59803121801e-17,1.10284765067e-17,2.07960584447e-17,1.61304586961e-17,1.48071814743e-17,1.83522095732e-17,2.52756533976e-17,1.47058617754e-17,1.43577759019e-17,1.11537008981e-17,1.04382665961e-17,7.77587991544e-18,3.43199779729e-18,1.31383019887e-18,3.22250877539e-19,3.50957773569e-20],"var":[0.0430465191603,5.87719631195,34.0321578979,25.9300804138,20.1865558624,29.1114788055,75.8148117065,295.442657471,508.959564209,468.844909668,2163.59863281,1024.93566895,615.681274414,2452.63574219,271.072998047,554.030456543,3003.640625,1978.91540527,1041.99755859,1688.23937988,3162.40185547,5676.05859375,5189.21484375,2460.8918457,2396.91992188,408.13104248,168.40725708,61.7536354065,23.9130935669,14.7381277084,25.5453643799,69.0663375854,7.14903068542,61.3003158569,25.7157917023,2.61644077301,0.209023177624,0.0311789698899,0.000880907580722,3.14006001645e-7]},"erbbands_crest":{"dmean":2.54639744759,"dmean2":4.15972089767,"dvar":5.98649978638,"dvar2":16.1096744537,"max":32.8058776855,"mean":10.7715816498,"median":8.99204826355,"min":2.17107915878,"var":34.6349411011},"erbbands_flatness_db":{"dmean":0.0193609334528,"dmean2":0.0285402145237,"dvar":0.000324068125337,"dvar2":0.000674436276313,"max":0.47955596447,"mean":0.184918135405,"median":0.160536751151,"min":0.028440894559,"var":0.00849173497409},"erbbands_kurtosis":{"dmean":1.20440173149,"dmean2":1.96468400955,"dvar":3.43521666527,"dvar2":9.01488780975,"max":41.5654563904,"mean":1.49424982071,"median":0.268744766712,"min":-1.82638537884,"var":13.2717456818},"erbbands_skewness":{"dmean":0.365413367748,"dmean2":0.575940847397,"dvar":0.118247203529,"dvar2":0.291235715151,"max":4.83797502518,"mean":-0.314907550812,"median":-0.232332348824,"min":-4.76629543304,"var":1.07494831085},"erbbands_spread":{"dmean":7.25859022141,"dmean2":11.0883493423,"dvar":97.1482467651,"dvar2":214.953109741,"max":164.286102295,"mean":31.9065895081,"median":29.9682025909,"min":0.984694719315,"var":491.917175293},"gfcc":{"cov":[[26279.8945313,3871.27441406,3581.8815918,1544.62512207,-1445.17932129,1132.92883301,-427.498748779,546.697631836,58.6413574219,-517.413330078,-1057.61413574,-100.496269226,-196.051895142],[3871.27441406,2532.60229492,539.58026123,471.957641602,-150.542770386,168.349716187,-57.2769012451,-111.307662964,77.7537002563,-256.416625977,-116.199195862,-128.737380981,43.2897567749],[3581.8815918,539.58026123,2833.98291016,479.081787109,-545.555908203,378.932281494,7.95389938354,292.611480713,77.747795105,-100.062797546,-243.03553772,41.2309074402,-11.0886163712],[1544.62512207,471.957641602,479.081787109,750.500488281,-106.044425964,167.752105713,54.581401825,-27.5254383087,-28.155412674,0.242151036859,-51.3658943176,-95.8562316895,49.9223823547],[-1445.17932129,-150.542770386,-545.555908203,-106.044425964,486.278106689,-96.9764556885,61.6986885071,-80.7982711792,-22.070482254,37.9381752014,67.822265625,18.1032066345,8.5902633667],[1132.92883301,168.349716187,378.932281494,167.752105713,-96.9764556885,354.325134277,53.6941108704,0.829390227795,33.2055397034,3.09191560745,-50.8203773499,-31.2973308563,7.85056686401],[-427.498748779,-57.2769012451,7.95389938354,54.581401825,61.6986885071,53.6941108704,218.991516113,11.5956058502,-7.83543252945,58.748336792,17.408662796,-25.7071456909,14.1041221619],[546.697631836,-111.307662964,292.611480713,-27.5254383087,-80.7982711792,0.829390227795,11.5956058502,240.943634033,44.5898208618,-6.85113525391,-25.3483009338,40.7288589478,-20.2448883057],[58.6413574219,77.7537002563,77.747795105,-28.155412674,-22.070482254,33.2055397034,-7.83543252945,44.5898208618,132.864822388,15.5408334732,-2.8363199234,10.6971940994,-7.3027472496],[-517.413330078,-256.416625977,-100.062797546,0.242151036859,37.9381752014,3.09191560745,58.748336792,-6.85113525391,15.5408334732,145.813293457,57.2710876465,-16.7625312805,-0.144177407026],[-1057.61413574,-116.199195862,-243.03553772,-51.3658943176,67.822265625,-50.8203773499,17.408662796,-25.3483009338,-2.8363199234,57.2710876465,151.765991211,24.5624504089,4.94470071793],[-100.496269226,-128.737380981,41.2309074402,-95.8562316895,18.1032066345,-31.2973308563,-25.7071456909,40.7288589478,10.6971940994,-16.7625312805,24.5624504089,118.569503784,17.8451690674],[-196.051895142,43.2897567749,-11.0886163712,49.9223823547,8.5902633667,7.85056686401,14.1041221619,-20.2448883057,-7.3027472496,-0.144177407026,4.94470071793,17.8451690674,88.8944473267]],"icov":[[0.000115641938464,-0.000193086918443,0.0000420062897319,-0.000123489808175,0.000145441721543,-0.00023440719815,0.000214447369217,-0.000261611974565,0.000314277218422,-0.000386755156796,0.000684644852299,-0.000461324176285,0.000416421098635],[-0.000193086918443,0.0010152667528,-0.000162433687365,-0.0000871096199262,-0.000254260346992,0.000395689537982,-0.00041387512465,0.000831643061247,-0.00134261336643,0.00216047768481,-0.00148862926289,0.0015761324903,-0.000987297971733],[0.0000420062897319,-0.000162433687365,0.000699234835338,-0.000363667000784,0.000517853710335,-0.00046037521679,-0.0000333456555381,-0.000613522832282,0.000156979949679,-0.000297539692838,0.000941983365919,-0.000998565112241,0.000479853799334],[-0.000123489808175,-0.0000871096199262,-0.000363667000784,0.00224303593859,-0.000168079757714,-0.000200745620532,-0.000255843537161,0.000239892629907,0.00047192236525,-0.000174190019607,-0.000857382954564,0.0019430933753,-0.00170965655707],[0.000145441721543,-0.000254260346992,0.000517853710335,-0.000168079757714,0.00312412786298,0.0000926227876334,-0.000818017346319,0.000343309802702,0.000342287617968,-0.00060045812279,0.000847712857649,-0.00162965373602,0.000808605167549],[-0.00023440719815,0.000395689537982,-0.00046037521679,-0.000200745620532,0.0000926227876334,0.00438097910956,-0.00146014348138,0.00133626745082,-0.00175234256312,0.00070393824717,-0.000774938147515,0.00114040751942,-0.000842854089569],[0.000214447369217,-0.00041387512465,-0.0000333456555381,-0.000255843537161,-0.000818017346319,-0.00146014348138,0.00647107092664,-0.00165146344807,0.00156905362383,-0.00290400139056,0.00094391516177,0.000562794564757,-0.000422089739004],[-0.000261611974565,0.000831643061247,-0.000613522832282,0.000239892629907,0.000343309802702,0.00133626745082,-0.00165146344807,0.00666649080813,-0.00271090609021,0.00160672084894,-0.00105905486271,-0.000628411245998,0.000400816410547],[0.000314277218422,-0.00134261336643,0.000156979949679,0.00047192236525,0.000342287617968,-0.00175234256312,0.00156905362383,-0.00271090609021,0.0105040408671,-0.00426006224006,0.00233851466328,-0.00237699435093,0.0015599449398],[-0.000386755156796,0.00216047768481,-0.000297539692838,-0.000174190019607,-0.00060045812279,0.00070393824717,-0.00290400139056,0.00160672084894,-0.00426006224006,0.0141202583909,-0.0066447891295,0.00513618579134,-0.00201036012731],[0.000684644852299,-0.00148862926289,0.000941983365919,-0.000857382954564,0.000847712857649,-0.000774938147515,0.00094391516177,-0.00105905486271,0.00233851466328,-0.0066447891295,0.0139910876751,-0.00633826339617,0.00310491258278],[-0.000461324176285,0.0015761324903,-0.000998565112241,0.0019430933753,-0.00162965373602,0.00114040751942,0.000562794564757,-0.000628411245998,-0.00237699435093,0.00513618579134,-0.00633826339617,0.0157423205674,-0.00617097690701],[0.000416421098635,-0.000987297971733,0.000479853799334,-0.00170965655707,0.000808605167549,-0.000842854089569,-0.000422089739004,0.000400816410547,0.0015599449398,-0.00201036012731,0.00310491258278,-0.00617097690701,0.0150139955804]],"mean":[-86.0169296265,58.4812431335,-127.379615784,25.0939331055,-26.7640380859,0.930662691593,-31.4834899902,13.4039678574,-20.9409275055,5.81950473785,-9.40462493896,2.47612071037,-13.3479146957]},"hfc":{"dmean":4.73344278336,"dmean2":7.08614397049,"dvar":77.9418792725,"dvar2":166.410842896,"max":257.472625732,"mean":17.7192249298,"median":7.1168794632,"min":1.16873513418e-16,"var":583.789916992},"melbands":{"dmean":[0.000819069857243,0.00120985554531,0.000366475229384,0.000119315642223,0.0000760580078349,0.0000825672323117,0.0000772956191213,0.0000521670626767,0.0000688028085278,0.0000407063271268,0.0000260089072981,0.0000362022292393,0.0000177199854079,0.0000132619034048,0.0000206037475436,0.0000270478758466,0.000020025019694,0.0000125858823594,0.0000185478038475,0.0000158859893418,0.00001835441617,0.0000223049119086,0.0000176275607373,0.0000108299145722,0.0000088800507001,0.00000973347414401,0.00000526722669747,0.00000310330824504,0.00000235161678575,0.00000148597132466,0.00000112748671199,9.14044619549e-7,6.81405538216e-7,6.89139426413e-7,6.13737370259e-7,9.75632133304e-7,6.68464053888e-7,3.96929408453e-7,4.30917282301e-7,0.00000104325442862],"dmean2":[0.00132118386682,0.00209455820732,0.000642606057227,0.000198301975615,0.000120955992315,0.000129860200104,0.000117568983114,0.0000807778269518,0.0000998036121018,0.0000614733435214,0.0000412255176343,0.0000542030174984,0.000026319288736,0.0000209836925933,0.00003198509512,0.0000434984358435,0.0000322612359014,0.0000206026452361,0.0000302414446196,0.0000256011553574,0.000029733262636,0.0000368368018826,0.0000292403619824,0.0000179014259629,0.0000147129603647,0.0000159337669174,0.00000870909207151,0.00000526620260644,0.00000393291975342,0.00000246982176577,0.00000188799106127,0.00000151958022343,0.00000111545307391,0.00000113389148737,0.0000010021867638,0.00000152760742367,0.00000102640194655,6.15153339822e-7,6.72690759984e-7,0.00000160105321356],"dvar":[0.00000401933084504,0.00000861332955537,6.94726281836e-7,5.24646672773e-8,2.451588621e-8,4.34932303506e-8,3.61602054966e-8,2.13590496401e-8,3.72170063656e-8,1.3828999279e-8,8.24974311087e-9,1.18636238611e-8,2.35159691719e-9,1.99176275473e-9,3.98474941932e-9,1.21027445843e-8,6.11741901579e-9,3.39921157888e-9,3.64223695648e-9,2.44102649205e-9,1.95260185798e-9,4.51336079621e-9,2.05127803632e-9,1.01704200617e-9,6.20325735223e-10,7.35969785115e-10,1.66706815019e-10,6.58958998478e-11,3.19610414523e-11,1.46280435681e-11,7.35391955664e-12,4.60014925457e-12,2.87572504871e-12,3.63178931373e-12,2.88200041089e-12,1.71144071137e-11,5.22632588248e-12,1.35352731627e-12,1.24060169689e-12,2.7212699108e-11],"dvar2":[0.00000971360532276,0.0000239914807025,0.0000019892797809,1.38441265563e-7,6.01330469863e-8,9.9611547455e-8,8.12553011542e-8,4.93673759649e-8,7.99839554588e-8,3.10153716043e-8,2.05160510802e-8,2.73049192145e-8,5.22027887584e-9,5.0162616283e-9,9.75452518759e-9,3.2857265353e-8,1.44880338837e-8,9.18427378593e-9,8.70464766933e-9,5.91331561495e-9,4.96501950664e-9,1.12560050169e-8,5.4630815427e-9,2.72177902438e-9,1.64891733601e-9,1.92176741187e-9,4.41312542065e-10,1.80652312554e-10,8.73446731608e-11,3.80546219536e-11,2.01111922254e-11,1.19724100425e-11,7.48346003221e-12,9.43478888765e-12,7.28818221052e-12,3.93065753557e-11,1.16883230525e-11,2.6534772643e-12,2.91274773398e-12,5.79815327695e-11],"max":[0.0188053883612,0.0300362445414,0.00941998604685,0.00518353236839,0.00437441840768,0.00533731654286,0.0052857841365,0.00403530430049,0.00458902772516,0.0029181279242,0.00287112477235,0.00331296841614,0.00195835181512,0.00209298240952,0.00208700820804,0.00499077513814,0.00332675524987,0.00388642936014,0.00236018141732,0.00186622166075,0.00113651424181,0.00159316603094,0.00108951469883,0.00121590064373,0.00086083507631,0.000781656941399,0.000272403907729,0.000217010194319,0.000142461314681,0.000113393783977,0.0000845274335006,0.0000506066135131,0.0000305501598632,0.00004929359784,0.0000547737690795,0.000147536935401,0.0000894717595656,0.0000889090151759,0.0000491667888127,0.000211636666791],"mean":[0.00124631251674,0.00188249198254,0.000502670998685,0.000204162366572,0.000148864972289,0.000178166359547,0.0001665042073,0.000114166534331,0.000165919729625,0.0000825352981337,0.0000416430521,0.0000716597714927,0.000035165099689,0.0000229581328313,0.000035995424696,0.0000501330650877,0.0000310185641865,0.0000206502554647,0.0000292520435323,0.0000276453829429,0.0000344018917531,0.0000403511039622,0.0000341190352628,0.0000218421810132,0.0000181791365321,0.0000204594089155,0.0000111134631879,0.00000618226567894,0.000004776273272,0.00000269638553618,0.00000201978878067,0.00000160418983342,0.00000107747132461,9.9868293546e-7,9.1680993819e-7,0.0000017173656488,0.00000111846077289,6.11217558344e-7,6.50901540666e-7,0.00000194245058083],"median":[0.000288766663289,0.00077787193004,0.000199672591407,0.0000772575149313,0.000047426456149,0.0000403997873946,0.0000314020435326,0.0000163888544193,0.000011664140402,0.00000874504439707,0.00000706817218088,0.00000808920412965,0.00000675707087794,0.00000713672579877,0.00000939899109653,0.00000933658975555,0.00000601466126682,0.00000489007243232,0.00000625458869763,0.00000765343793319,0.0000074727468018,0.0000108730346255,0.00000715277155905,0.00000295942186312,0.00000346513411387,0.00000309849838231,0.0000017996517272,0.00000140469387588,8.69552081895e-7,5.05955654262e-7,4.0133321022e-7,3.23691949689e-7,1.85895885352e-7,1.88827499414e-7,1.45159049225e-7,1.30290743527e-7,1.05455654875e-7,6.94023043479e-8,4.64158276259e-8,3.86397331908e-8],"min":[5.81595038781e-24,1.08400563984e-23,5.65349986716e-24,1.91886786435e-23,1.12651648628e-23,1.30348559745e-23,3.30811167466e-24,2.31234872564e-24,8.47570142598e-24,1.12677318162e-23,4.84010104906e-24,4.90898793317e-24,7.94522165507e-24,4.40190696001e-24,4.84524915532e-24,1.10384580716e-23,5.8140022958e-24,8.55782657938e-24,7.04118863541e-24,6.17092477895e-24,1.15681158494e-23,1.3008713913e-23,1.24526237728e-23,1.27383491927e-23,6.78779073544e-24,1.15070067394e-23,1.09767943923e-23,6.27411646282e-24,1.05280761099e-23,1.72971242991e-23,7.00701439214e-24,7.64080338719e-24,1.07292332742e-23,8.67437604496e-24,1.49773494341e-23,1.07153193455e-23,8.47855473588e-24,9.23718649121e-24,1.06295496548e-23,8.59676948683e-24],"var":[0.00000507282948092,0.00000916519911698,7.21049161712e-7,1.06477308748e-7,6.76356606277e-8,1.35897508358e-7,1.20334746612e-7,7.22126642927e-8,1.65541194974e-7,3.90133827466e-8,1.52807917431e-8,3.58968605951e-8,6.58647270058e-9,2.68418731686e-9,6.73379529914e-9,2.56485783723e-8,8.28800583719e-9,3.54073792508e-9,6.49008669029e-9,4.02525968113e-9,4.67294114515e-9,8.04902544616e-9,4.96843632902e-9,2.57969245965e-9,1.58879787104e-9,2.15984519158e-9,5.42233424827e-10,1.69397676442e-10,9.79642894583e-11,3.18371544406e-11,1.82557267914e-11,1.05972444361e-11,4.69341839698e-12,4.70860069685e-12,4.55706002447e-12,5.39141335743e-11,1.47093726088e-11,3.54266399202e-12,2.54713632998e-12,9.90110840537e-11]},"melbands_crest":{"dmean":3.05218219757,"dmean2":4.98278903961,"dvar":9.18232059479,"dvar2":23.3651313782,"max":39.7020568848,"mean":14.7400989532,"median":14.2254276276,"min":2.0939719677,"var":28.6669464111},"melbands_flatness_db":{"dmean":0.0262675285339,"dmean2":0.0394861139357,"dvar":0.000956504605711,"dvar2":0.00207791128196,"max":0.54434132576,"mean":0.201928183436,"median":0.194326728582,"min":0.00628434075043,"var":0.00561744906008},"melbands_kurtosis":{"dmean":8.27866744995,"dmean2":13.1096849442,"dvar":504.258972168,"dvar2":1169.31274414,"max":617.499389648,"mean":12.6144371033,"median":4.2409696579,"min":-1.87174773216,"var":740.167907715},"melbands_skewness":{"dmean":0.785027861595,"dmean2":1.20706164837,"dvar":1.17706441879,"dvar2":2.52729558945,"max":20.1294078827,"mean":1.93561935425,"median":1.78589916229,"min":-5.55537033081,"var":5.81773805618},"melbands_spread":{"dmean":7.91592979431,"dmean2":12.5434951782,"dvar":103.692779541,"dvar2":245.205307007,"max":232.34954834,"mean":32.3302345276,"median":23.3101959229,"min":0.449411392212,"var":832.881225586},"mfcc":{"cov":[[22619.1171875,2678.62866211,3642.53833008,1043.77258301,131.736190796,409.854187012,-255.100723267,725.997009277,691.837524414,10.9374103546,-7.35259342194,-231.29637146,-340.213500977],[2678.62866211,1856.36865234,567.55670166,217.782577515,141.556533813,76.2290344238,-87.3636627197,159.178421021,95.1677474976,-77.6743164063,-28.7226657867,-44.5689048767,-66.4191513062],[3642.53833008,567.55670166,2820.79980469,335.896331787,-10.0577802658,191.344604492,-19.5120849609,307.971466064,255.450836182,80.9220581055,19.8242282867,-97.2718276978,-7.79114532471],[1043.77258301,217.782577515,335.896331787,535.774291992,57.2024879456,102.13433075,96.9676742554,-5.97821903229,39.4026069641,55.4272994995,-51.8563613892,-22.8459415436,-9.4630651474],[131.736190796,141.556533813,-10.0577802658,57.2024879456,226.865264893,31.2213745117,-16.3896045685,34.8727798462,3.26405715942,-22.8162651062,-0.105750501156,-5.00530147552,-5.78909540176],[409.854187012,76.2290344238,191.344604492,102.13433075,31.2213745117,345.379455566,93.4112548828,-30.5751819611,39.9490661621,60.788230896,-9.89369773865,-12.802324295,-41.8926963806],[-255.100723267,-87.3636627197,-19.5120849609,96.9676742554,-16.3896045685,93.4112548828,199.132110596,-6.79305410385,1.15517807007,62.5836601257,-13.3455076218,-8.40405845642,27.1949825287],[725.997009277,159.178421021,307.971466064,-5.97821903229,34.8727798462,-30.5751819611,-6.79305410385,190.178039551,71.1930465698,-24.3515625,24.5986404419,-5.54724884033,5.92447519302],[691.837524414,95.1677474976,255.450836182,39.4026069641,3.26405715942,39.9490661621,1.15517807007,71.1930465698,153.0625,39.2208938599,0.299695611,-8.73856258392,-10.1891784668],[10.9374103546,-77.6743164063,80.9220581055,55.4272994995,-22.8162651062,60.788230896,62.5836601257,-24.3515625,39.2208938599,157.559783936,31.9023761749,-7.2763171196,3.50200200081],[-7.35259342194,-28.7226657867,19.8242282867,-51.8563613892,-0.105750501156,-9.89369773865,-13.3455076218,24.5986404419,0.299695611,31.9023761749,112.35774231,42.3695259094,-6.00272655487],[-231.29637146,-44.5689048767,-97.2718276978,-22.8459415436,-5.00530147552,-12.802324295,-8.40405845642,-5.54724884033,-8.73856258392,-7.2763171196,42.3695259094,100.489959717,21.2854309082],[-340.213500977,-66.4191513062,-7.79114532471,-9.4630651474,-5.78909540176,-41.8926963806,27.1949825287,5.92447519302,-10.1891784668,3.50200200081,-6.00272655487,21.2854309082,102.095100403]],"icov":[[0.0000751410916564,-0.0000551582816115,-0.000039383834519,-0.000111962042865,0.0000625860702712,-0.0000439344730694,0.00011899524543,-0.000141276439535,-0.000129255189677,0.0000231608755712,-0.0000347500863427,0.0000611487776041,0.000134663758217],[-0.0000551582816115,0.000731191888917,-0.000010188547094,-0.000199832866201,-0.000249167496804,-0.000145172103657,0.000288403476588,-0.000337601144565,0.00000289289323518,0.000274988793535,0.0000887971327757,0.0000734147033654,0.00012242354569],[-0.000039383834519,-0.000010188547094,0.00061884673778,-0.000339306279784,0.000352407863829,-0.000428671075497,0.000502981478348,-0.000838545209263,-0.000229073441005,-0.000166023775819,-0.00026073990739,0.000572557095438,-0.000515192223247],[-0.000111962042865,-0.000199832866201,-0.000339306279784,0.00292464462109,-0.000971069093794,0.000324391497998,-0.0016415262362,0.00102549314033,0.0000977673043963,-0.00079356651986,0.00155598600395,-0.000911987095606,0.000516479427461],[0.0000625860702712,-0.000249167496804,0.000352407863829,-0.000971069093794,0.00534103671089,-0.00110014597885,0.0012706896523,-0.00168073910754,0.000342537852703,0.000552974059246,-0.000612793781329,0.000744791002944,-0.000582257751375],[-0.0000439344730694,-0.000145172103657,-0.000428671075497,0.000324391497998,-0.00110014597885,0.00455713924021,-0.00264668092132,0.00196209875867,-0.000914202828426,-0.000476464541862,0.00043140022899,-0.000874479475897,0.00228797923774],[0.00011899524543,0.000288403476588,0.000502981478348,-0.0016415262362,0.0012706896523,-0.00264668092132,0.00866751372814,-0.0027255169116,0.00127476558555,-0.00259962468408,0.000875843223184,0.000924078049138,-0.00261894147843],[-0.000141276439535,-0.000337601144565,-0.000838545209263,0.00102549314033,-0.00168073910754,0.00196209875867,-0.0027255169116,0.0104620028287,-0.00419367104769,0.00336478906684,-0.0032232364174,0.000855504360516,-0.000732470478397],[-0.000129255189677,0.00000289289323518,-0.000229073441005,0.0000977673043963,0.000342537852703,-0.000914202828426,0.00127476558555,-0.00419367104769,0.0106186540797,-0.00393326813355,0.00271932734177,-0.00138785119634,0.000754736654926],[0.0000231608755712,0.000274988793535,-0.000166023775819,-0.00079356651986,0.000552974059246,-0.000476464541862,-0.00259962468408,0.00336478906684,-0.00393326813355,0.0109244715422,-0.00556813040748,0.00281568686478,-0.00117877661251],[-0.0000347500863427,0.0000887971327757,-0.00026073990739,0.00155598600395,-0.000612793781329,0.00043140022899,0.000875843223184,-0.0032232364174,0.00271932734177,-0.00556813040748,0.0149513622746,-0.00712322071195,0.00298885861412],[0.0000611487776041,0.0000734147033654,0.000572557095438,-0.000911987095606,0.000744791002944,-0.000874479475897,0.000924078049138,0.000855504360516,-0.00138785119634,0.00281568686478,-0.00712322071195,0.0144708184525,-0.00407256418839],[0.000134663758217,0.00012242354569,-0.000515192223247,0.000516479427461,-0.000582257751375,0.00228797923774,-0.00261894147843,-0.000732470478397,0.000754736654926,-0.00117877661251,0.00298885861412,-0.00407256418839,0.0131182149053]],"mean":[-732.280212402,103.183982849,-30.8196659088,28.8773956299,16.2486610413,-1.16523575783,5.49539136887,4.20703077316,-1.10995268822,1.88634467125,1.77348589897,5.64201545715,4.47751188278]},"pitch_salience":{"dmean":0.0707891508937,"dmean2":0.115603931248,"dvar":0.00487788207829,"dvar2":0.0123188551515,"max":0.863421916962,"mean":0.504601478577,"median":0.504104495049,"min":0.0230853799731,"var":0.014877573587},"silence_rate_20dB":{"dmean":0,"dmean2":0,"dvar":0,"dvar2":0,"max":1,"mean":1,"median":1,"min":1,"var":0},"silence_rate_30dB":{"dmean":0,"dmean2":0,"dvar":0,"dvar2":0,"max":1,"mean":1,"median":1,"min":1,"var":0},"silence_rate_60dB":{"dmean":0.026360316202,"dmean2":0.0527253299952,"dvar":0.0256697833538,"dvar2":0.0567243807018,"max":1,"mean":0.315850406885,"median":0,"min":0,"var":0.216083645821},"spectral_centroid":{"dmean":212.234863281,"dmean2":333.61895752,"dvar":65712.859375,"dvar2":151366.296875,"max":10759.6640625,"mean":1973.26342773,"median":2037.1920166,"min":134.912109375,"var":762672.5},"spectral_complexity":{"dmean":2.26538419724,"dmean2":3.6045601368,"dvar":7.90714740753,"dvar2":18.4767665863,"max":59,"mean":14.1476402283,"median":11,"min":0,"var":152.774703979},"spectral_contrast_coeffs":{"dmean":[0.0447005517781,0.0424895361066,0.0351878963411,0.0304939989001,0.0235581602901,0.0171416774392],"dmean2":[0.075400583446,0.0694520547986,0.0565523654222,0.0493901669979,0.0377520397305,0.0274144429713],"dvar":[0.001453013625,0.00129175174516,0.000876389851328,0.000704576494172,0.000419145420892,0.000267074850854],"dvar2":[0.00396741647273,0.00321948458441,0.00220235413872,0.0017906568246,0.000987839768641,0.000625965534709],"max":[-0.365686446428,-0.411936461926,-0.485043376684,-0.485601007938,-0.540494561195,-0.577649176121],"mean":[-0.702762007713,-0.730215549469,-0.772625207901,-0.741988122463,-0.746924817562,-0.788445234299],"median":[-0.695244908333,-0.739909648895,-0.782551050186,-0.744733333588,-0.751492977142,-0.790451824665],"min":[-0.973868250847,-0.968384623528,-0.964878320694,-0.964339017868,-0.969299376011,-0.955787420273],"var":[0.00923249870539,0.00728542776778,0.00517064891756,0.00515805138275,0.00377590837888,0.00252126343548]},"spectral_contrast_valleys":{"dmean":[0.409226477146,0.367326289415,0.328332185745,0.29134953022,0.235525175929,0.291640937328],"dmean2":[0.676245093346,0.600201189518,0.530364394188,0.46771594882,0.361856400967,0.405623823404],"dvar":[0.129693642259,0.10541395843,0.0917152687907,0.0924431532621,0.0729717314243,0.134373351932],"dvar2":[0.312607854605,0.254885286093,0.210008859634,0.20383502543,0.145669281483,0.239768490195],"max":[-5.39162015915,-4.8053483963,-5.63269853592,-5.77694129944,-5.24351072311,-7.56121301651],"mean":[-8.55424785614,-8.150182724,-8.57192325592,-8.58885669708,-8.20438194275,-11.024764061],"median":[-7.54873847961,-7.50661277771,-8.15056037903,-8.33606719971,-8.07923126221,-10.8648443222],"min":[-26.7296218872,-27.4324645996,-27.318321228,-27.2144165039,-27.0406627655,-27.2920665741],"var":[4.95582103729,3.63230013847,2.47718024254,1.93220412731,1.86559128761,2.64254689217]},"spectral_decrease":{"dmean":1.45829526232e-9,"dmean2":2.373802932e-9,"dvar":8.89708601263e-18,"dvar2":2.25742055941e-17,"max":2.96361849991e-12,"mean":-4.3060621735e-9,"median":-2.57366528089e-9,"min":-3.57560203668e-8,"var":2.2425597634e-17},"spectral_energy":{"dmean":0.00566296698526,"dmean2":0.00917079951614,"dvar":0.00012889073696,"dvar2":0.000325811677612,"max":0.137571707368,"mean":0.017859229818,"median":0.0105416886508,"min":1.04791012394e-20,"var":0.000372132722987},"spectral_energyband_high":{"dmean":0.000331139512127,"dmean2":0.000496503664181,"dvar":5.57858925276e-7,"dvar2":0.00000114795773243,"max":0.0255072135478,"mean":0.000749556231312,"median":0.000153492117533,"min":8.00969003775e-21,"var":0.00000240737927015},"spectral_energyband_low":{"dmean":0.00504753179848,"dmean2":0.00829805247486,"dvar":0.000134604124469,"dvar2":0.000345433305483,"max":0.128429099917,"mean":0.0085786934942,"median":0.00388494739309,"min":4.6787570636e-23,"var":0.000173091233592},"spectral_energyband_middle_high":{"dmean":0.00120022858027,"dmean2":0.00185030454304,"dvar":0.00000505718571731,"dvar2":0.0000118464031402,"max":0.0572110302746,"mean":0.00424813153222,"median":0.00174581469037,"min":1.3581816943e-21,"var":0.0000351095368387},"spectral_energyband_middle_low":{"dmean":0.00156186881941,"dmean2":0.00252320035361,"dvar":0.00000677917023495,"dvar2":0.0000176541288965,"max":0.0382637456059,"mean":0.00481248088181,"median":0.00222028512508,"min":2.77045703238e-22,"var":0.0000329362883349},"spectral_entropy":{"dmean":0.160769790411,"dmean2":0.242217764258,"dvar":0.0290154367685,"dvar2":0.0611775144935,"max":9.80229568481,"mean":7.41648817062,"median":7.45242071152,"min":5.35608863831,"var":0.260582774878},"spectral_flux":{"dmean":0.0170242693275,"dmean2":0.0260537266731,"dvar":0.000716098351404,"dvar2":0.00144432159141,"max":0.294991731644,"mean":0.0577443353832,"median":0.0467403307557,"min":1.02367482546e-10,"var":0.00251836283132},"spectral_kurtosis":{"dmean":2.70772337914,"dmean2":4.60581016541,"dvar":16.015745163,"dvar2":50.7337341309,"max":79.9651947021,"mean":9.46318626404,"median":6.04499530792,"min":-1.23973608017,"var":101.600631714},"spectral_rms":{"dmean":0.000537931686267,"dmean2":0.000835935876239,"dvar":7.80744414897e-7,"dvar2":0.00000178728851097,"max":0.0115851759911,"mean":0.00343275396153,"median":0.00320695713162,"min":3.19742301212e-12,"var":0.00000563985850022},"spectral_rolloff":{"dmean":518.085998535,"dmean2":879.911621094,"dvar":1286375.375,"dvar2":2956532.75,"max":19078.4179688,"mean":2439.55126953,"median":2282.51953125,"min":21.533203125,"var":6612249},"spectral_skewness":{"dmean":0.284796923399,"dmean2":0.471590846777,"dvar":0.0943282693624,"dvar2":0.280352383852,"max":6.55195617676,"mean":1.85913050175,"median":1.70145702362,"min":0.0194382220507,"var":0.650470674038},"spectral_spread":{"dmean":675430.75,"dmean2":973371.4375,"dvar":950023684096,"dvar2":1768021295100,"max":40289188,"mean":4233173,"median":3623068.5,"min":909624.875,"var":6574878752770},"spectral_strongpeak":{"dmean":0.418755620718,"dmean2":0.732108652592,"dvar":1.12809848785,"dvar2":3.104824543,"max":31.5533714294,"mean":0.76506870985,"median":0.384365797043,"min":0,"var":1.22804880142},"zerocrossingrate":{"dmean":0.0114957643673,"dmean2":0.0137226684019,"dvar":0.000221062582568,"dvar2":0.000294504832709,"max":0.6533203125,"mean":0.0902042835951,"median":0.08203125,"min":0,"var":0.00444950116798}},"metadata":{"audio_properties":{"analysis_sample_rate":44100,"bit_rate":192000,"codec":"mp3","downmix":"mix","equal_loudness":0,"length":260.728149414,"lossless":false,"md5_encoded":"366fc3489f4a68d349085c6c9b0dfe4e","replay_gain":-5.80189704895,"sample_rate":44100},"tags":{"acoustid_fingerprint":["AQADtIkWJUmiRHGCL0fDiHFgHL_gEz9-HPqBozwO_ehh_DSODy6OHn_R48czHDhgXRbCo4dDoufxBz0CT9TxHdBxXcUNmDxUHL4MH8cPWIJjHLqEq8eT4z8OXfRxHEf6Iz-qJ3iPX0OPHKY0lAh94scPHcXx4Yeeozwu_PgOiH2BHsd7fDiUHw_24gpa4cfhPagd9DXhEj98VD9-3NCF-9CPujkcXUV-CuX2Yf-w5DSaOnjwHrkCbT_Sc6j44PE6XPhE5Cm0k0GYX8eP_-jCDubwHOaH0OKLz4PmizjS4z78GT_64zt-Ix96QkOu4EcT_bhz3Ic15NG1Qj_8GD3OBg-NOZwEbbECZEeZKDu-ppjEI1KeHadsHF-HMiNR5EvxHgeKjOkHkTz44zx4QteI_chxfMfT4j7-bAnOFDnhDzojzEc-cI9gPziinehx6C96_EiB__iA1Bp-HPjxHcehy4G74cPhT_jxGB-O09i9Qj9SEj--w8V1fDuOTD9-6PAF4cBxwcfhSziQXsLh89jxHA-8H0eQ_Nhzod4e_MPRB77QP0EyKsiDR9hxwb3w4yvywN2hHz6u4TEOH_3xHz3sH90FRQ98xkGPpjsYJ0d-_BmaHz-6JSTeRUN_bMfRNLWQfEUe5ZiiErVT8C9xHs15lI-KFz_2I-Ekxsgx5ZLRM_iP3UGvwMePC8nKIz9-BV839FVh9UJ7YVSX4g-YI710KJeQa_jh_PjRUUN9CQ-sG1dw3EHyRELgcShD3Do-G0_qobeQrkeXQEflI3cMOzyO8tJRMyGaRznmBT9-nCB6NEeOH-zRExcAAD_ww8fh48iLHz947LBx5YR3HOcR7UeiiA8enQMfPMdzBb2JHw9GWkeyB8dzNNmhHz9xHTr-48ePG-2J_Cr644F7vCyRZjvOOhG-GcqaIfyLe3nwmeiPpjueHl-ORIjaBH2OM2kV1MdxLviJySzxw5lCMHzwD82DejuOfNKhD9zzYb6QzBueJNjBm3jQXNOHTznORMfzIFYeJLuCpnqIPeOx48xBa5YwlesCxx0e0nAq9EMOnUW-5EJ5-D2-I8dNCJdQH0d4WvCJH80W6cF3fOgH9wg5HPXhDtrRQ6yEEB_e3HiJd8ZFHl0zuCc-9Sma1Mc-MDlzTJ_wwzd-PDmSPwjzKuiP60HPpGgq6fgxHc0XnOB4CsmWCGEi5kFI_hCpRSHy5tHgviiz4h-LK49xNE548EKfI0-PRM_xaKikPMGP0Tw6L7iPI1mqBSGVMJOQ74Oec4iO_piS7YePR7vwpRkT-Dr-Fz_O7HDxRB7uCN0_aGdwhcOV41tqXK_gJ0UeRUjK47mDK5fR_Ji-CjyR5A1yHleiXAnxCP3hSvLRL_iOmXuM92CZpcQUZUcZ_Hh2-PhlfNlhacnxEx9z5NmR_KmOmxvqBFNy5jgaJTxxUhfe40PNBz-FawuRUUsNfTnCWyNsG9V19PCDegt6b_CDsqNw_A-aSNTRNUo0hImFfkguPCp-9EeTWFmE6srhI_mOMIua4RKL53juoaIibmiuHT_eFM-RSz_EFw8qTk_hRUepHdKDUE_gJMyOqdsX9BHOw7wG70GtFMlLIzyaSTl-vLvQWQmc6wjjejiTQ_-hI0yeo0qYLcPxC33QHB8SzgriKDouRTrO7Hge1EFTEV-EWNy