{"lowlevel":{"average_loudness":0.567717552185,"barkbands":{"dmean":[0.0000278809638985,0.00359896663576,0.00256764818914,0.00140342989471,0.00213415594772,0.00111939874478,0.000944979547057,0.000508760917,0.000540351087693,0.000423372170189,0.000433704961324,0.000370764901163,0.000427975523053,0.00040996124153,0.000374027295038,0.000174655302544,0.000112953493954,0.0000778657413321,0.000051199880545,0.0000599996456003,0.0000573071010876,0.0000599102459091,0.0000590901545365,0.0000830142453196,0.000110095839773,0.000195110813365,0.000174003711436],"dmean2":[0.0000461370291305,0.00562293780968,0.0043747019954,0.00227449764498,0.00352920265868,0.00175006699283,0.00150418246631,0.000803792325314,0.000813154736534,0.000651442911476,0.000651322479825,0.000540385139175,0.000660136458464,0.000666666368488,0.000624752778094,0.00028948954423,0.00018331767933,0.000125852908241,0.0000808623954072,0.0000939751043916,0.0000873047902132,0.0000916377321118,0.0000870942822075,0.000122972865938,0.000163048651302,0.00029015756445,0.000260111788521],"dvar":[2.16538538211e-8,0.000251951889368,0.0000955907817115,0.0000145007952597,0.000027954007237,0.00000659657689539,0.00000632171122561,0.00000395893357563,0.00000455170766145,0.00000268025837613,0.00000253037660514,0.00000232573120229,0.00000307675600197,0.000001878338594,0.00000188508545307,3.23551290649e-7,1.31459160002e-7,4.09782749955e-8,1.78726722311e-8,2.03535837073e-8,1.99845704429e-8,2.25568435042e-8,2.07974473199e-8,5.01413097709e-8,8.68255014552e-8,3.03608715058e-7,2.5227518563e-7],"dvar2":[5.35326130091e-8,0.000577258353587,0.000264567468548,0.0000354385920218,0.0000710081221769,0.0000161363514053,0.0000152087877723,0.00000911910592549,0.00000770933274907,0.00000575053309149,0.00000492616482006,0.00000392181482312,0.00000484204656459,0.0000045931628847,0.00000490842421641,8.35116452436e-7,3.17773555025e-7,1.01183559309e-7,4.29694004822e-8,4.90811160603e-8,4.51383428413e-8,5.1430749437e-8,4.41548557717e-8,1.0743744383e-7,1.82379309877e-7,6.3504148784e-7,5.33900561095e-7],"max":[0.00358580425382,0.252613425255,0.189726561308,0.0642515048385,0.105011090636,0.0522206947207,0.0896481052041,0.135339304805,0.178045034409,0.112606063485,0.107819594443,0.0886354073882,0.13917671144,0.0306928064674,0.0450159423053,0.0182560216635,0.0208416711539,0.00732556078583,0.00543571775779,0.0053572957404,0.00302806077525,0.00285904295743,0.00298728467897,0.00366681744345,0.00481647159904,0.0108569618315,0.00919013284147],"mean":[0.0000303403176076,0.00329515268095,0.0034081756603,0.00243813241832,0.00346316047944,0.00172091135755,0.00136685231701,0.000727504084352,0.000855620892253,0.000653831695672,0.000660898513161,0.000635198841337,0.000595300691202,0.000444557430455,0.000399299315177,0.000186711200513,0.000142658347613,0.0000942852784647,0.0000715135538485,0.0000647224514978,0.0000571352356928,0.0000575731028221,0.000059206635342,0.0000771613340476,0.000101063211332,0.000174022905412,0.000153589455294],"median":[0.0000109102265924,0.0000084825196609,0.0000248729957093,0.0000216619610001,0.000888721609954,0.000576068705413,0.000354985328158,0.000128090672661,0.000124141020933,0.0000940291938605,0.000103407990537,0.0000726544240024,0.000063923173002,0.0000435578331235,0.0000426225960837,0.0000267612285825,0.0000191109065781,0.0000172622658283,0.0000132694549393,0.00000959142562351,0.00000622361358182,0.00000442430882686,0.00000521940455656,0.00000232198408412,0.00000322105734085,0.00000101178932255,5.24276629221e-7],"min":[2.69336519021e-24,3.54888231756e-23,1.95727150648e-23,2.54543546891e-23,5.43787444171e-23,2.62492677351e-23,2.55906020114e-23,1.50478578218e-23,6.30959603424e-23,4.23624049011e-23,3.86530957278e-23,7.41952143462e-23,7.16955034642e-23,7.0948673068e-23,7.71135705552e-23,1.3984138529e-22,9.86464061765e-23,1.55968617823e-22,2.36154258868e-22,4.2961440629e-22,3.31701217926e-22,4.65391179473e-22,5.24194815102e-22,7.0559268606e-22,1.39484623261e-21,1.55999377087e-21,2.49259588678e-21],"var":[1.77656183098e-8,0.000246587122092,0.0000847463888931,0.000033084932511,0.0000462113093818,0.0000105424205685,0.0000102285266621,0.00000969916891336,0.0000161530279001,0.00000836779145175,0.00000610202550888,0.00000956099120231,0.0000113803080239,0.00000216244029616,0.00000211333644984,3.36613766194e-7,2.17014942905e-7,6.03614083161e-8,2.98955171729e-8,2.20498623804e-8,2.15021032091e-8,2.32429648861e-8,2.45984974612e-8,5.56285861819e-8,9.70983009552e-8,3.34720255069e-7,2.72646047961e-7]},"barkbands_crest":{"dmean":2.95375299454,"dmean2":4.69558334351,"dvar":8.19405269623,"dvar2":18.498134613,"max":26.6004180908,"mean":10.6519098282,"median":9.67273139954,"min":2.06725072861,"var":21.3396911621},"barkbands_flatness_db":{"dmean":0.0330731533468,"dmean2":0.0432083085179,"dvar":0.00105535436887,"dvar2":0.0018442425644,"max":0.549158990383,"mean":0.1640535146,"median":0.155904084444,"min":0.00921852421016,"var":0.00582870468497},"barkbands_kurtosis":{"dmean":5.4501786232,"dmean2":8.44307327271,"dvar":113.200439453,"dvar2":269.105621338,"max":395.168762207,"mean":7.26719808578,"median":3.00564956665,"min":-1.90274250507,"var":177.578796387},"barkbands_skewness":{"dmean":0.8138884902,"dmean2":1.19821918011,"dvar":0.774104237556,"dvar2":1.70703792572,"max":17.5020236969,"mean":1.70117604733,"median":1.5397258997,"min":-4.47777986526,"var":2.26191902161},"barkbands_spread":{"dmean":8.45684623718,"dmean2":12.1861438751,"dvar":150.15335083,"dvar2":294.484619141,"max":125.140022278,"mean":18.5302944183,"median":12.524974823,"min":0.155061170459,"var":338.68850708},"dissonance":{"dmean":0.0284074880183,"dmean2":0.0467083342373,"dvar":0.000863958382979,"dvar2":0.00219560950063,"max":0.500000178814,"mean":0.447186112404,"median":0.460276424885,"min":0.104006126523,"var":0.00207730662078},"dynamic_complexity":5.6636967659,"erbbands":{"dmean":[0.0680721625686,0.972390472889,2.9315469265,4.03183412552,5.66212415695,8.0459651947,6.4421172142,11.4304866791,13.0720214844,12.0204811096,11.1735868454,13.2086639404,10.9570980072,16.495716095,14.249587059,13.8878145218,18.237411499,17.7417564392,22.9132442474,14.9977331161,8.23910045624,6.76058912277,4.52920246124,3.192943573,2.14340806007,2.47118616104,2.93359184265,1.99014770985,2.3246986866,1.77277159691,1.64636301994,1.46655356884,1.5723991394,1.10813164711,0.93024969101,0.604938924313,0.401381909847,0.189683943987,0.0336832888424,0.000608329253737],"dmean2":[0.104677587748,1.55144107342,4.98905992508,6.66253232956,9.04717254639,13.4581575394,10.2649059296,17.5366821289,20.6846427917,19.0727787018,17.0515403748,19.7590827942,16.6737518311,24.7192630768,20.9287891388,19.7642059326,27.6073379517,29.2683696747,37.0444793701,24.4655971527,13.4523057938,10.8606357574,7.33414077759,5.04540872574,3.34499573708,3.84083247185,4.50797939301,3.00309443474,3.56953454018,2.65975356102,2.42985105515,2.17358851433,2.33775281906,1.63815033436,1.39423537254,0.903983592987,0.599532306194,0.282420814037,0.0503764078021,0.00090660166461],"dvar":[0.0948190614581,18.541759491,144.044769287,136.339950562,231.971588135,396.091125488,208.314468384,719.315917969,1236.43615723,1212.21020508,2104.33374023,2707.79711914,1448.77661133,4498.78417969,2886.36181641,2808.70922852,5026.97167969,3405.65014648,7194.59423828,2520.15112305,623.032775879,520.783569336,155.299194336,66.5801620483,31.588218689,35.1252822876,53.5726280212,22.7442321777,35.3440856934,19.2945957184,16.7491321564,14.8982543945,18.980638504,8.94855690002,6.42525243759,2.89543128014,1.35861361027,0.292094111443,0.00958839990199,0.00000307732329929],"dvar2":[0.19692696631,45.0822715759,398.028198242,347.152740479,560.125183105,1049.57897949,538.084106445,1742.51489258,3018.56103516,2998.85791016,4527.95898438,4836.64648438,2958.58666992,8776.77929688,5586.50097656,4468.75830078,7541.57519531,8972.46582031,17706.6210938,6355.07226563,1582.48608398,1263.36804199,381.871704102,161.083282471,76.0863265991,84.7063522339,122.473991394,50.5705451965,81.6807327271,43.0103874207,35.6487922668,31.8583259583,40.975025177,18.8818950653,13.794418335,6.14336919785,2.88349890709,0.61543160677,0.0204059965909,0.00000652374501442],"max":[4.7671790123,66.9885482788,206.747512817,183.781036377,303.747131348,459.100189209,322.770080566,569.813964844,1460.09887695,1465.90515137,2853.0012207,3914.69140625,2827.19628906,5493.44726563,3160.05224609,3983.87744141,7247.12451172,1339.54833984,3204.0378418,959.353210449,509.888000488,1260.26904297,521.86340332,382.288696289,286.670349121,253.064193726,137.420455933,91.1717300415,125.99131012,102.348999023,83.9920730591,80.4842071533,76.7086257935,55.2052726746,41.9334030151,33.9894752502,28.1358184814,10.5152845383,2.09044861794,0.0369489230216],"mean":[0.064045779407,0.882527410984,3.47369742393,6.58107042313,9.86162185669,12.1014413834,10.1402788162,17.9389762878,18.6955680847,16.8869762421,17.5508956909,20.9252815247,17.0207557678,28.8025379181,23.1233959198,24.7552623749,26.8959980011,19.1223583221,26.1766929626,17.1869029999,9.63293743134,8.85524940491,5.75575208664,4.40599060059,2.93753910065,2.68928956985,2.81266355515,2.03068184853,2.2257578373,1.76845562458,1.62681436539,1.37670886517,1.44661915302,1.0210955143,0.839600920677,0.537749111652,0.356536269188,0.167534574866,0.0298024378717,0.000555635953788],"median":[0.00023153697839,0.00287491246127,0.0258812867105,0.0933918058872,0.844633221626,3.40478467941,3.88837242126,5.75561237335,5.35194778442,4.38940429688,3.64276242256,3.39732098579,3.49518871307,4.72769546509,4.11106014252,3.5354077816,3.23889517784,2.7943110466,2.97237443924,2.48076605797,1.69515419006,1.30377173424,1.11295962334,0.847135066986,0.613880634308,0.420715242624,0.269882440567,0.231422901154,0.172991842031,0.188040167093,0.124610632658,0.0532897934318,0.0362644866109,0.0310379564762,0.0247268527746,0.00553969061002,0.00170699274167,0.000523026334122,0.00012169101683,0.0000245864976023],"min":[5.66881555431e-22,9.21896346982e-21,2.12797091652e-20,6.85090111868e-20,7.96905220522e-20,1.8153588774e-19,2.8394122239e-19,1.72824060302e-19,3.72851454313e-19,3.28610061142e-19,7.97622140544e-19,1.18841721029e-18,1.72792549891e-18,1.08216927273e-18,2.11314454415e-18,3.10450231032e-18,3.22836247409e-18,2.92495820887e-18,6.59789117792e-18,7.21285777715e-18,4.46042504222e-18,6.51869566531e-18,9.46530284517e-18,8.37882261728e-18,1.48379360495e-17,2.25030597896e-17,1.25427373243e-17,1.28313621467e-17,1.55906588264e-17,1.8067373238e-17,1.5936633735e-17,1.55392445882e-17,1.33880745513e-17,1.54091108799e-17,9.09553739493e-18,4.99218306209e-18,2.75704840274e-18,1.14537083462e-18,2.90509501743e-19,4.46484629675e-20],"var":[0.102386109531,16.5101451874,111.2970047,248.772323608,501.268341064,557.485717773,310.789031982,1206.01123047,1810.1763916,1812.79614258,5134.11816406,9924.94921875,3809.71044922,19744.4433594,7717.25048828,14471.6796875,21311.4179688,3258.56811523,8902.94433594,2850.43945313,712.62677002,888.281433105,246.006011963,110.420394897,46.0376968384,37.9501571655,55.3682861328,25.4682407379,35.6081733704,21.022480011,19.6730384827,17.0154132843,20.5698928833,9.96556758881,6.94093036652,3.13839578629,1.46445953846,0.318801820278,0.0102928541601,0.00000332805370817]},"erbbands_crest":{"dmean":2.93513536453,"dmean2":4.61432123184,"dvar":8.47493839264,"dvar2":19.2715511322,"max":34.2680511475,"mean":10.0922546387,"median":8.78804969788,"min":2.06730604172,"var":26.7098026276},"erbbands_flatness_db":{"dmean":0.0331791453063,"dmean2":0.0408292300999,"dvar":0.00111156434286,"dvar2":0.00177062174771,"max":0.483893096447,"mean":0.184683397412,"median":0.186780422926,"min":0.0277070403099,"var":0.00562615366653},"erbbands_kurtosis":{"dmean":2.08085465431,"dmean2":3.25801157951,"dvar":19.5641765594,"dvar2":44.6981086731,"max":197.571121216,"mean":2.02812027931,"median":0.421938657761,"min":-1.91468381882,"var":35.7993164063},"erbbands_skewness":{"dmean":0.557271540165,"dmean2":0.824971020222,"dvar":0.339824676514,"dvar2":0.734035670757,"max":10.6345157623,"mean":0.68242919445,"median":0.562029838562,"min":-4.50400304794,"var":1.10584688187},"erbbands_spread":{"dmean":11.4023771286,"dmean2":16.8526325226,"dvar":244.510955811,"dvar2":498.865264893,"max":169.291671753,"mean":32.1634101868,"median":25.3518028259,"min":0.701598405838,"var":594.758422852},"gfcc":{"cov":[[13562.2011719,-1492.00793457,115.408485413,-62.4611320496,155.299362183,260.631713867,163.097351074,86.094367981,-5.06859254837,144.95199585,-138.158538818,-156.443557739,-266.700195313],[-1492.00793457,3651.97045898,-302.474151611,-20.132062912,223.428237915,-140.433273315,-6.39364767075,-161.389694214,-37.4029922485,-365.307830811,82.6457977295,-204.284973145,-16.2908382416],[115.408485413,-302.474151611,2263.15698242,429.792724609,213.413650513,206.231323242,195.682250977,27.6937351227,7.11060714722,92.8155212402,-118.544334412,-36.6149101257,-115.868492126],[-62.4611320496,-20.132062912,429.792724609,627.128295898,239.133453369,144.75982666,94.1580734253,94.1841201782,32.9259643555,-9.46230888367,-43.5407867432,-42.8933067322,-33.4794044495],[155.299362183,223.428237915,213.413650513,239.133453369,472.326599121,173.266662598,83.6231842041,29.74360466,23.9547767639,4.27293920517,-37.407585144,-51.163444519,-50.603012085],[260.631713867,-140.433273315,206.231323242,144.75982666,173.266662598,268.702362061,129.26322937,48.613986969,15.9359664917,37.3313331604,-12.6332187653,-24.6601104736,-39.0908508301],[163.097351074,-6.39364767075,195.682250977,94.1580734253,83.6231842041,129.26322937,215.261947632,87.3206176758,-0.935902714729,0.990945518017,1.90626394749,-20.0538845062,-28.8911380768],[86.094367981,-161.389694214,27.6937351227,94.1841201782,29.74360466,48.613986969,87.3206176758,144.2265625,52.4114723206,17.6549129486,-6.92700242996,8.18444728851,-0.899025142193],[-5.06859254837,-37.4029922485,7.11060714722,32.9259643555,23.9547767639,15.9359664917,-0.935902714729,52.4114723206,113.706039429,58.7894096375,0.614762306213,-5.68119001389,4.74588871002],[144.95199585,-365.307830811,92.8155212402,-9.46230888367,4.27293920517,37.3313331604,0.990945518017,17.6549129486,58.7894096375,143.504577637,31.4526672363,19.3434562683,-10.7988605499],[-138.158538818,82.6457977295,-118.544334412,-43.5407867432,-37.407585144,-12.6332187653,1.90626394749,-6.92700242996,0.614762306213,31.4526672363,100.923683167,37.2039871216,3.97128462791],[-156.443557739,-204.284973145,-36.6149101257,-42.8933067322,-51.163444519,-24.6601104736,-20.0538845062,8.18444728851,-5.68119001389,19.3434562683,37.2039871216,100.68183136,43.6836166382],[-266.700195313,-16.2908382416,-115.868492126,-33.4794044495,-50.603012085,-39.0908508301,-28.8911380768,-0.899025142193,4.74588871002,-10.7988605499,3.97128462791,43.6836166382,88.4112625122]],"icov":[[0.000085614141426,0.0000440000439994,0.0000159039627761,0.0000414449059463,-0.0000251040401054,-0.000019258735847,-0.0000347880704794,-0.00000450746074421,0.00000463576088805,0.0000124927855722,0.0000549137694179,0.000105970837467,0.000215060441406],[0.0000440000439994,0.00073550309753,-0.000112031630124,0.000197293804376,-0.000536135339644,0.000367484550225,-0.00020793575095,0.000757456233259,-0.00124506198335,0.00244181300513,-0.00205345824361,0.00170980545226,-0.000395968556404],[0.0000159039627761,-0.000112031630124,0.000718468741979,-0.000490761711262,0.000166094730957,0.0000551870871277,-0.000817908497993,0.000710039341357,0.000148233622895,-0.00109105475713,0.00156520283781,-0.00104437489063,0.000946992251556],[0.0000414449059463,0.000197293804376,-0.000490761711262,0.00263245403767,-0.00103654444683,-0.00055105984211,0.000757465953939,-0.00171817978844,-0.0002102672006,0.00142400362529,-0.00105976243503,0.0013766674092,-0.000539200031199],[-0.0000251040401054,-0.000536135339644,0.000166094730957,-0.00103654444683,0.00368640106171,-0.00184332812205,-0.000103693630081,0.000311498268275,0.0000677111238474,-0.0014300220646,0.00214180257171,-0.00117471197154,0.00122075912077],[-0.000019258735847,0.000367484550225,0.0000551870871277,-0.00055105984211,-0.00184332812205,0.00725440494716,-0.00385790155269,0.00133093493059,-0.000547558651306,-0.000875448691659,0.00000610017104918,0.000376130279619,0.000514931452926],[-0.0000347880704794,-0.00020793575095,-0.000817908497993,0.000757465953939,-0.000103693630081,-0.00385790155269,0.010630746372,-0.0073652160354,0.00363620836288,0.000669939385261,-0.00293891341425,0.0026934936177,-0.000606614048593],[-0.00000450746074421,0.000757456233259,0.000710039341357,-0.00171817978844,0.000311498268275,0.00133093493059,-0.0073652160354,0.0157385785133,-0.00859049893916,0.00290033128113,0.00127646024339,-0.00328721525148,0.00130812672433],[0.00000463576088805,-0.00124506198335,0.000148233622895,-0.0002102672006,0.0000677111238474,-0.000547558651306,0.00363620836288,-0.00859049893916,0.0181786753237,-0.0106598548591,0.00305335014127,0.00180214061402,-0.00250868243165],[0.0000124927855722,0.00244181300513,-0.00109105475713,0.00142400362529,-0.0014300220646,-0.000875448691659,0.000669939385261,0.00290033128113,-0.0106598548591,0.0201481990516,-0.0105769401416,0.00336577929556,0.000485084892716],[0.0000549137694179,-0.00205345824361,0.00156520283781,-0.00105976243503,0.00214180257171,0.00000610017104918,-0.00293891341425,0.00127646024339,0.00305335014127,-0.0105769401416,0.0212495680898,-0.0113416658714,0.00491200666875],[0.000105970837467,0.00170980545226,-0.00104437489063,0.0013766674092,-0.00117471197154,0.000376130279619,0.0026934936177,-0.00328721525148,0.00180214061402,0.00336577929556,-0.0113416658714,0.0220268182456,-0.00993151497096],[0.000215060441406,-0.000395968556404,0.000946992251556,-0.000539200031199,0.00122075912077,0.000514931452926,-0.000606614048593,0.00130812672433,-0.00250868243165,0.000485084892716,0.00491200666875,-0.00993151497096,0.0185453258455]],"mean":[-82.9365844727,82.1854934692,-106.331809998,-8.50860691071,-58.8572235107,-5.38053035736,-45.0669555664,-7.27930116653,-26.8100833893,-1.80476093292,-16.4034004211,2.45917105675,-9.89263916016]},"hfc":{"dmean":12.443696022,"dmean2":17.6434268951,"dvar":720.175537109,"dvar2":1460.26574707,"max":455.265136719,"mean":17.4590454102,"median":6.01743555069,"min":1.23615578041e-16,"var":1020.27612305},"melbands":{"dmean":[0.000806222320534,0.00147218839265,0.000705162179656,0.000532934034709,0.000234274601098,0.00024179200409,0.000198004345293,0.000128189407405,0.0000906816057977,0.0000829600539873,0.000055874708778,0.0000675791161484,0.0000511821308464,0.0000409379099438,0.0000366267086065,0.0000460393603134,0.0000325428045471,0.0000404833299399,0.0000267573377641,0.0000152815027832,0.00000850777541928,0.00000791032380221,0.000004292363883,0.00000358610805051,0.00000266764436674,0.00000177961430836,0.00000156376154337,0.00000178398079242,0.00000196241012418,0.00000167431619502,0.00000103889908587,0.00000158025875407,8.96887115687e-7,0.00000102101012089,8.69924122071e-7,9.70769292508e-7,8.88920112629e-7,0.00000107202174604,0.00000108692142931,8.94001573215e-7],"dmean2":[0.00124792393763,0.00241877534427,0.00113527837675,0.000891494448297,0.000372284965124,0.000372912618332,0.000313874654239,0.000202496230486,0.000137920986162,0.000124498983496,0.0000855575490277,0.00010120668594,0.0000756363442633,0.000057904937421,0.0000534535975021,0.0000718649534974,0.0000545273105672,0.0000646908083581,0.0000445807127107,0.0000249543973041,0.0000139735038829,0.0000127794301079,0.00000702126726537,0.00000578737672186,0.00000423258643423,0.00000280868448499,0.00000246732338383,0.00000280289532384,0.00000306499237013,0.00000259113085121,0.00000158716227361,0.00000247039429269,0.00000136231426495,0.00000154915187522,0.00000129618081246,0.00000144443220051,0.00000133442722472,0.00000159189914939,0.00000162543221904,0.00000132864636271],"dvar":[0.0000127073208205,0.0000362141872756,0.00000393201844417,0.00000187380214811,2.6927170893e-7,3.1718539617e-7,2.73008396334e-7,1.43148611187e-7,1.50179573666e-7,1.11256476032e-7,4.07770421873e-8,7.55481437409e-8,3.4464466836e-8,2.57767514e-8,3.17072483824e-8,2.67309978597e-8,1.22610819275e-8,2.27208278858e-8,8.87640627667e-9,2.63732680139e-9,6.67706279156e-10,7.62783169961e-10,1.66269317758e-10,9.04785343869e-11,5.21061596648e-11,2.45994353359e-11,1.66457281986e-11,1.92238187174e-11,2.558438357e-11,1.8707991753e-11,6.46122435069e-12,1.79824904967e-11,5.0566751307e-12,6.69161210817e-12,4.66301823543e-12,6.19568415669e-12,6.18023470941e-12,8.93493092013e-12,9.31123234071e-12,5.98890988884e-12],"dvar2":[0.0000269972279057,0.0000959550088737,0.00000970047040028,0.00000478281799587,6.94425864367e-7,7.72342900746e-7,6.60149623855e-7,3.48564640262e-7,3.08313957476e-7,1.91047831777e-7,8.3794418515e-8,1.49055480847e-7,6.80355327631e-8,4.08192661894e-8,4.28711643963e-8,4.66349732164e-8,3.28137410577e-8,5.38643725179e-8,2.31751133839e-8,6.57243415247e-9,1.68982261517e-9,1.88900073361e-9,3.8954539594e-10,2.24456078723e-10,1.25461308009e-10,5.82450684905e-11,4.19726857437e-11,4.6283765015e-11,6.01537153422e-11,4.30417160246e-11,1.47112894783e-11,4.28098806404e-11,1.15404023143e-11,1.52187880353e-11,1.00784788501e-11,1.32494171884e-11,1.36860618324e-11,1.94115279406e-11,2.02225805546e-11,1.28362225363e-11],"max":[0.0548016056418,0.0961386561394,0.029428910464,0.0248429458588,0.0123297153041,0.0119876489043,0.0211446881294,0.0153183750808,0.0223426558077,0.0287079513073,0.0140720307827,0.0212897676975,0.00861282087862,0.0104744434357,0.0175669193268,0.0184010136873,0.00213655969128,0.00656663021073,0.0035374360159,0.00193419423886,0.000780005881097,0.0015957930591,0.000936945318244,0.000354663206963,0.000391008652514,0.000297119171591,0.000205044008908,0.000147486993228,0.000101025689219,0.0000989774853224,0.0000578420440434,0.0000821357680252,0.0000558452338737,0.0000596997415414,0.0000511673933943,0.0000543798487342,0.0000669569635647,0.0000529724602529,0.0000516916188644,0.0000547511117475],"mean":[0.000769894744735,0.00163313979283,0.001246224856,0.000839936372358,0.000387736276025,0.000378822238417,0.000284985086182,0.000183187556104,0.00013945196406,0.000129291147459,0.0000828187839943,0.000115918468509,0.0000789991463535,0.0000737198279239,0.0000590094641666,0.0000589254705119,0.0000323046770063,0.0000460058363387,0.00002940624654,0.0000165136352734,0.00000966153038462,0.0000100950883279,0.00000535664139534,0.00000423027859142,0.00000360627768714,0.00000235318339037,0.00000195453139895,0.00000178781442628,0.0000018103196453,0.00000162547871696,0.00000104354626274,0.00000146080105878,8.74252918948e-7,0.00000101806779185,8.66211507855e-7,9.20192803733e-7,8.2140854829e-7,9.8803752735e-7,9.82545088846e-7,8.2056607198e-7],"median":[0.0000026551283554,0.0000100352099253,0.0000260505621554,0.000156430265633,0.000160272233188,0.000122784287669,0.000080394136603,0.0000452642998425,0.0000240522349486,0.0000187651639862,0.0000147784212459,0.0000180651986739,0.0000133482353704,0.00000924084270082,0.0000055550781326,0.00000627848294243,0.0000040421164158,0.00000425102598456,0.00000325807695845,0.00000236528512687,0.00000144465798257,0.00000121713867429,9.56466578828e-7,7.85112774793e-7,5.87526528761e-7,4.33825761093e-7,3.09326395609e-7,2.11627337876e-7,1.56316360744e-7,1.54767477056e-7,1.08332642412e-7,9.79141105972e-8,6.82829863763e-8,1.160602352e-7,7.77318973633e-8,3.9568629262e-8,2.83512271437e-8,2.58950549892e-8,2.08452206607e-8,2.57217713795e-8],"min":[7.88140123012e-24,1.24239431569e-23,1.13515269881e-23,9.81700872288e-24,9.57019386716e-24,3.98867676873e-24,5.84065751136e-24,3.12277412979e-24,9.13700983371e-24,7.00587291041e-24,8.76243027692e-24,4.36460448881e-24,6.81388230988e-24,8.58520320823e-24,6.95182883865e-24,5.76075576242e-24,5.76238949335e-24,9.9334887687e-24,7.51032894891e-24,9.73155299874e-24,4.76765561339e-24,5.85522264468e-24,9.28096274942e-24,6.58920407445e-24,6.75884032908e-24,8.5418308468e-24,1.40193346627e-23,1.41715153977e-23,7.18381863138e-24,8.21915518213e-24,7.05153375732e-24,8.38160609721e-24,1.09486281137e-23,7.54221391784e-24,8.28497615834e-24,1.13525327858e-23,8.86792937894e-24,7.869514674e-24,1.0816171268e-23,1.28336357014e-23],"var":[0.0000136408170874,0.0000291741453111,0.00000818694934424,0.00000312060547003,4.11223709307e-7,5.20936168869e-7,4.17840965383e-7,2.56885556382e-7,3.45927219314e-7,4.1525800043e-7,9.99470941565e-8,3.22783421325e-7,8.2012498126e-8,1.43633883454e-7,1.66274503499e-7,8.30663680063e-8,1.0630500924e-8,3.01295308702e-8,1.09665894144e-8,2.87673440624e-9,7.99088240022e-10,1.28395416521e-9,2.6130012043e-10,1.26207461149e-10,8.9532360692e-11,3.62670588006e-11,2.3158296461e-11,1.98354596637e-11,2.49451518469e-11,1.92230589086e-11,7.01745302492e-12,1.69696721952e-11,5.31912881796e-12,7.13810260899e-12,5.41516397695e-12,7.12653460549e-12,6.68795140796e-12,9.67402460222e-12,9.90676464474e-12,6.53436159348e-12]},"melbands_crest":{"dmean":3.57151579857,"dmean2":5.69378900528,"dvar":11.1725540161,"dvar2":25.7665576935,"max":36.1203613281,"mean":14.301776886,"median":13.6427726746,"min":2.23161125183,"var":29.9263153076},"melbands_flatness_db":{"dmean":0.0397783927619,"dmean2":0.0516139492393,"dvar":0.00162860797718,"dvar2":0.00281856185757,"max":0.702596366405,"mean":0.238233745098,"median":0.231240034103,"min":0.00568064628169,"var":0.009526245296},"melbands_kurtosis":{"dmean":11.0801038742,"dmean2":17.1570014954,"dvar":597.451660156,"dvar2":1347.11206055,"max":536.581176758,"mean":16.4316883087,"median":7.09156990051,"min":-1.90425527096,"var":914.550964355},"melbands_skewness":{"dmean":0.987427353859,"dmean2":1.46327769756,"dvar":1.61411821842,"dvar2":3.29068946838,"max":18.7799282074,"mean":2.5250544548,"median":2.18151021004,"min":-4.32216596603,"var":4.22413301468},"melbands_spread":{"dmean":8.06146907806,"dmean2":11.7568864822,"dvar":187.582763672,"dvar2":350.141479492,"max":241.027603149,"mean":19.030664444,"median":12.8003292084,"min":0.361188739538,"var":462.718658447},"mfcc":{"cov":[[12220.1777344,-943.58013916,-626.589477539,-244.425033569,-89.7196655273,111.513641357,81.4850387573,-18.1413764954,72.2608184814,154.197418213,133.836715698,57.5932121277,-59.8283996582],[-943.58013916,2856.32006836,-74.7053222656,63.7734985352,98.2812576294,-21.5255851746,7.45771026611,74.370223999,-136.518707275,-123.839241028,-37.6017379761,-84.3710327148,-43.2502441406],[-626.589477539,-74.7053222656,1556.16662598,352.955596924,166.32043457,192.740615845,173.075454712,44.6102676392,136.220016479,38.7835960388,28.3495578766,77.6151809692,3.471575737],[-244.425033569,63.7734985352,352.955596924,448.760375977,218.622314453,106.102294922,102.802330017,91.775604248,79.3579711914,41.2085838318,12.0432500839,26.9536914825,-5.00640439987],[-89.7196655273,98.2812576294,166.32043457,218.622314453,360.005432129,189.92628479,86.5892028809,44.5305938721,79.885055542,52.4560966492,23.914352417,35.2779159546,-12.7072982788],[111.513641357,-21.5255851746,192.740615845,106.102294922,189.92628479,255.139770508,139.130874634,46.1224250793,63.7390060425,52.7928657532,46.656414032,31.9120903015,4.18608188629],[81.4850387573,7.45771026611,173.075454712,102.802330017,86.5892028809,139.130874634,240.135696411,109.432388306,53.3095932007,39.8877029419,28.9903755188,33.3195381165,4.9700088501],[-18.1413764954,74.370223999,44.6102676392,91.775604248,44.5305938721,46.1224250793,109.432388306,166.262115479,59.7286567688,21.3192062378,15.5975904465,-0.144707009196,-0.991681337357],[72.2608184814,-136.518707275,136.220016479,79.3579711914,79.885055542,63.7390060425,53.3095932007,59.7286567688,147.549530029,74.0109405518,14.3035030365,19.7807998657,-7.89203214645],[154.197418213,-123.839241028,38.7835960388,41.2085838318,52.4560966492,52.7928657532,39.8877029419,21.3192062378,74.0109405518,120.832725525,56.5063514709,18.5867900848,1.14395654202],[133.836715698,-37.6017379761,28.3495578766,12.0432500839,23.914352417,46.656414032,28.9903755188,15.5975904465,14.3035030365,56.5063514709,113.599906921,46.0044441223,12.6830739975],[57.5932121277,-84.3710327148,77.6151809692,26.9536914825,35.2779159546,31.9120903015,33.3195381165,-0.144707009196,19.7807998657,18.5867900848,46.0044441223,97.2599563599,30.315328598],[-59.8283996582,-43.2502441406,3.471575737,-5.00640439987,-12.7072982788,4.18608188629,4.9700088501,-0.991681337357,-7.89203214645,1.14395654202,12.6830739975,30.315328598,89.2228927612]],"icov":[[0.0000898608632269,0.0000234184699366,0.0000470806699013,0.0000177242272912,0.0000534243699803,-0.0000738773305784,-0.0000372092217731,0.0000297393999062,-0.0000300563006022,-0.0000463092364953,-0.0000513810373377,-0.000051843435358,0.000107102845504],[0.0000234184699366,0.000419966469053,-0.00000922186245589,0.0000287737930194,-0.000306279747747,0.000136016446049,-0.0000224204995902,-0.00032169331098,0.000453252898296,0.000283961038804,-0.00017264696362,0.00032104755519,0.000120833763503],[0.0000470806699013,-0.00000922186245589,0.000955916941166,-0.00075549131725,0.000477428722661,-0.000511261459906,-0.000421087286668,0.000730425817892,-0.000920795486309,0.000595905468799,-0.000156828114996,-0.000339098478435,0.000119493503007],[0.0000177242272912,0.0000287737930194,-0.00075549131725,0.00417711492628,-0.00254534534179,0.00112354988232,-0.000248401542194,-0.00167617294937,0.000378601980628,-0.000582026143093,0.000357347191311,0.00000656385464026,-0.000142485208926],[0.0000534243699803,-0.000306279747747,0.000477428722661,-0.00254534534179,0.00690132752061,-0.00488470029086,0.00134101125877,0.000418088660808,-0.00112101482227,-0.000659908517264,0.00126674317289,-0.00197232351638,0.00126735609956],[-0.0000738773305784,0.000136016446049,-0.000511261459906,0.00112354988232,-0.00488470029086,0.0102840177715,-0.00484229112044,0.00168430001941,-0.00113437639084,0.00072576245293,-0.00303319795057,0.0022258204408,-0.00122514448594],[-0.0000372092217731,-0.0000224204995902,-0.000421087286668,-0.000248401542194,0.00134101125877,-0.00484229112044,0.00956613291055,-0.00573178846389,0.00210198108107,-0.00223213806748,0.00222127651796,-0.0030532614328,0.000724429963157],[0.0000297393999062,-0.00032169331098,0.000730425817892,-0.00167617294937,0.000418088660808,0.00168430001941,-0.00573178846389,0.0119940740988,-0.00566510949284,0.00332990312018,-0.00324777769856,0.00322707346641,-0.00100393919274],[-0.0000300563006022,0.000453252898296,-0.000920795486309,0.000378601980628,-0.00112101482227,-0.00113437639084,0.00210198108107,-0.00566510949284,0.0151483081281,-0.00922985933721,0.00509578408673,-0.00319386622868,0.00178920663893],[-0.0000463092364953,0.000283961038804,0.000595905468799,-0.000582026143093,-0.000659908517264,0.00072576245293,-0.00223213806748,0.00332990312018,-0.00922985933721,0.0181796737015,-0.00931251887232,0.00383238494396,-0.000943786522839],[-0.0000513810373377,-0.00017264696362,-0.000156828114996,0.000357347191311,0.00126674317289,-0.00303319795057,0.00222127651796,-0.00324777769856,0.00509578408673,-0.00931251887232,0.0166977886111,-0.00775990774855,0.00090402859496],[-0.000051843435358,0.00032104755519,-0.000339098478435,0.00000656385464026,-0.00197232351638,0.0022258204408,-0.0030532614328,0.00322707346641,-0.00319386622868,0.00383238494396,-0.00775990774855,0.0170639622957,-0.00507136620581],[0.000107102845504,0.000120833763503,0.000119493503007,-0.000142485208926,0.00126735609956,-0.00122514448594,0.000724429963157,-0.00100393919274,0.00178920663893,-0.000943786522839,0.00090402859496,-0.00507136620581,0.0132770556957]],"mean":[-738.871520996,135.952529907,-1.39354276657,1.3157684803,-3.64422273636,-3.78727030754,-11.2244148254,-8.16096878052,-10.2328071594,-8.29119586945,-7.34798622131,-7.1364402771,-2.86570429802]},"pitch_salience":{"dmean":0.0817152634263,"dmean2":0.130129188299,"dvar":0.0063012954779,"dvar2":0.0147390216589,"max":0.914917588234,"mean":0.579836070538,"median":0.594990730286,"min":0.0671483650804,"var":0.0155434152111},"silence_rate_20dB":{"dmean":0,"dmean2":0,"dvar":0,"dvar2":0,"max":1,"mean":1,"median":1,"min":1,"var":0},"silence_rate_30dB":{"dmean":0.0373628549278,"dmean2":0.0747281685472,"dvar":0.0359666533768,"dvar2":0.0825953856111,"max":1,"mean":0.964483380318,"median":1,"min":0,"var":0.0342580489814},"silence_rate_60dB":{"dmean":0.100622713566,"dmean2":0.201252058148,"dvar":0.090460292995,"dvar2":0.182779118419,"max":1,"mean":0.286867409945,"median":0,"min":0,"var":0.204659998417},"spectral_centroid":{"dmean":283.187438965,"dmean2":404.311950684,"dvar":145614.359375,"dvar2":271243.875,"max":11045.0429688,"mean":1021.86322021,"median":839.084350586,"min":147.933685303,"var":480881.125},"spectral_complexity":{"dmean":3.51237201691,"dmean2":5.08665561676,"dvar":25.1713867188,"dvar2":50.0446434021,"max":56,"mean":10.7391939163,"median":9,"min":0,"var":68.0463409424},"spectral_contrast_coeffs":{"dmean":[0.0515018701553,0.0501456782222,0.0415471307933,0.034381415695,0.0254141557962,0.0193728264421],"dmean2":[0.0816431939602,0.0797019600868,0.0643851682544,0.0524259246886,0.0389051698148,0.0296188462526],"dvar":[0.00188207312021,0.00188976968639,0.0013077534968,0.000912621675525,0.000490198959596,0.000307819835143],"dvar2":[0.00439705513418,0.00450428528711,0.00286531401798,0.00188799120951,0.00104188523255,0.000667599204462],"max":[-0.222425743937,-0.343303084373,-0.374750226736,-0.390967994928,-0.558450818062,-0.554698705673],"mean":[-0.570157885551,-0.726343691349,-0.765984475613,-0.782231271267,-0.793699741364,-0.799451470375],"median":[-0.558604061604,-0.735921859741,-0.776471674442,-0.795540034771,-0.803561091423,-0.802744269371],"min":[-0.95330786705,-0.97199088335,-0.972416460514,-0.964161396027,-0.963466882706,-0.960433721542],"var":[0.0105632636696,0.00742603605613,0.00699947820976,0.00530407065526,0.00321007403545,0.00149652652908]},"spectral_contrast_valleys":{"dmean":[0.516050755978,0.495631158352,0.469515115023,0.473953872919,0.489929169416,0.651465296745],"dmean2":[0.774903297424,0.73293364048,0.697424650192,0.667896032333,0.602604687214,0.699129343033],"dvar":[0.336777955294,0.219096794724,0.20951603353,0.232686042786,0.260003328323,0.451222032309],"dvar2":[0.610123515129,0.442972809076,0.420115143061,0.437764078379,0.418168127537,0.658470153809],"max":[-4.51511096954,-4.2181854248,-4.84490585327,-5.01552915573,-5.5022778511,-7.56772565842],"mean":[-8.825507164,-7.24906587601,-7.94673395157,-8.46053123474,-8.88903808594,-11.0922861099],"median":[-9.28040122986,-7.10516119003,-7.83170509338,-8.30742073059,-8.85855102539,-11.3149442673],"min":[-27.7520275116,-27.8324546814,-27.2466392517,-27.4826698303,-27.1747379303,-27.254858017],"var":[2.48456072807,1.52245461941,1.38641226292,1.56081366539,1.44756007195,2.04012417793]},"spectral_decrease":{"dmean":2.89767854156e-9,"dmean2":4.27716839724e-9,"dvar":5.01219570439e-17,"dvar2":1.12571472783e-16,"max":1.25117166627e-10,"mean":-5.39215383455e-9,"median":-1.82320170072e-9,"min":-1.21872744785e-7,"var":7.9269909241e-17},"spectral_energy":{"dmean":0.0118438471109,"dmean2":0.0173016488552,"dvar":0.000775017193519,"dvar2":0.00171310978476,"max":0.473779112101,"mean":0.0219348296523,"median":0.00781183131039,"min":1.11407487942e-20,"var":0.0012510305969},"spectral_energyband_high":{"dmean":0.000758671958465,"dmean2":0.00110987166408,"dvar":0.00000382730422643,"dvar2":0.00000788168927102,"max":0.0355301722884,"mean":0.00071584712714,"median":0.0000369260742445,"min":8.06938840573e-21,"var":0.00000440052917838},"spectral_energyband_low":{"dmean":0.00628652470186,"dmean2":0.00961400475353,"dvar":0.000519826833624,"dvar2":0.00122069253121,"max":0.366841852665,"mean":0.00795208662748,"median":0.000059539139329,"min":8.12679014087e-23,"var":0.000560795306228},"spectral_energyband_middle_high":{"dmean":0.00214025541209,"dmean2":0.00320173008367,"dvar":0.0000252865920629,"dvar2":0.0000574181431148,"max":0.140226483345,"mean":0.00385777163319,"median":0.00099064107053,"min":1.39990897782e-21,"var":0.0000713995104888},"spectral_energyband_middle_low":{"dmean":0.00513625144958,"dmean2":0.00793147087097,"dvar":0.000114948416012,"dvar2":0.000263858237304,"max":0.181882858276,"mean":0.0107016637921,"median":0.00401531811804,"min":3.44493966966e-22,"var":0.000275768426945},"spectral_entropy":{"dmean":0.333330184221,"dmean2":0.415471255779,"dvar":0.12270411104,"dvar2":0.19891448319,"max":9.80842971802,"mean":7.15483617783,"median":7.15406513214,"min":3.59788775444,"var":0.622748017311},"spectral_flux":{"dmean":0.0312372744083,"dmean2":0.0473661124706,"dvar":0.00240328535438,"dvar2":0.00493325712159,"max":0.558764874935,"mean":0.0704992190003,"median":0.0497470796108,"min":7.07913866416e-11,"var":0.0049604405649},"spectral_kurtosis":{"dmean":4.90110588074,"dmean2":7.05180597305,"dvar":60.1452293396,"dvar2":113.400741577,"max":299.028594971,"mean":11.5297670364,"median":7.49889278412,"min":-1.20811903477,"var":221.537826538},"spectral_rms":{"dmean":0.00102878524922,"dmean2":0.00140664237551,"dvar":0.00000265086509899,"dvar2":0.00000497741939398,"max":0.0214993841946,"mean":0.00360034452751,"median":0.00276067014784,"min":3.29682028205e-12,"var":0.00000843733687361},"spectral_rolloff":{"dmean":1079.90698242,"dmean2":1756.81762695,"dvar":6386926.5,"dvar2":12330775,"max":19186.0839844,"mean":1960.73352051,"median":947.4609375,"min":86.1328125,"var":10088623},"spectral_skewness":{"dmean":0.476618140936,"dmean2":0.668939292431,"dvar":0.312933504581,"dvar2":0.572874307632,"max":14.7297582626,"mean":2.42377328873,"median":2.1580862999,"min":-0.488124758005,"var":1.4647809267},"spectral_spread":{"dmean":1239498.25,"dmean2":1544394.875,"dvar":2090629595140,"dvar2":3235445473280,"max":40199236,"mean":4801980.5,"median":3744204.5,"min":326979.96875,"var":7934566727680},"spectral_strongpeak":{"dmean":0.463144481182,"dmean2":0.752765059471,"dvar":0.733511388302,"dvar2":1.69385838509,"max":21.561258316,"mean":0.885397613049,"median":0.47024089098,"min":0,"var":1.78490495682},"zerocrossingrate":{"dmean":0.024967096746,"dmean2":0.0265768021345,"dvar":0.00124883640092,"dvar2":0.00134169205558,"max":0.521484375,"mean":0.0718226954341,"median":0.0498046875,"min":0.0048828125,"var":0.00478355819359}},"metadata":{"audio_properties":{"analysis_sample_rate":44100,"bit_rate":192000,"codec":"mp3","downmix":"mix","equal_loudness":0,"length":704.731445313,"lossless":false,"md5_encoded":"ecfadf7526e500943b9a95d460c8cb98","replay_gain":-5.12597084045,"sample_rate":44100},"tags":{"acoustid_fingerprint":["AQADtMmTSJmSQ2R3HOeRLE8uoh_qYz-uwwePLyt-YeuiHMmOMGOOKtRV_Me9oFfQ4ziHE3sWOwhT86gs5SCnaA6u7ZiYiDl0-Dgq67gePKtR-cqCDz4J5w--4wwNw_eEj7g1_BV0H9uP4yT-QGwfPM7xSeNR6-CPM3OgvWAyKTueqsmCeGJ45D8u-Dz0HSfyHkynUYd__MB--CmefLh12AlCIln3wkn44o8DP5_hH70S4fh5XMMVNodPGbd2vNGDSzzKKEzh0MdzHKElQf9xKcfHRwj17Hh-_Hh6HP8Db3oxfeiP5srxHtcR8jKO9M_xHw81C__gI3yOf9D4GpGSTNnx5llwScer4ghTaDe-E3GYPBmqH1OynPh-rFvgmDkuUbiYwyOzD9dxiGM4PEzwH32SwJd-2EQ_XBpuPFGmIDyFJl6Cp7mCiyf0JJFiTD_SH0dtFV8tNIzCo9ILskR-JPvQjAyuzLgP5vnQ9PjxI4wi29CkKEwaPEeuI9bRaXpwolaSHF-g48t8fG-CKmi6nPg4ET9KH81D_BBPZN9xHleqo9nRZ5nxzBR4OUWfhUfzGVegpSImpTl-XHmSoP9hM4GvowyPLwy-OUj2o4m1CHKjhziPL1kaTM0Jh0VPyHTxNA6aZ4kQkjy-XMOpI8yZE6WUHT_xNIfjLMd54WYRpslRcRx-3HDP4cyHtZcRJl6glUGOXcyCH7X0YAqjBXc-jGElHfeMhD9y3A_sMHiMRz-anegz41LQ83iP6SLOnMijHMmHJg-qeC-eriJOOugPoz2-7HjyIO2Ln8Hz4kqF58mhScqOKQzy4yh5NNOIH8f3IUvYHxXFCOc43BGaHswVnMO3F84j5Dx-NFsT1NtRycqESJGH-4TyI6eCT8EfWPFxJlmJ5KIkIW9QNGcOPMrRH035g18snInSDGbA_sOZ42sjTDyaI2kYInaWSzj6PBb844U7_A-8qBSuLA0SBp2TY7wc4kqRSzketBHRHPyO8-A1Eq6Y4xM42ejDo7GIPBwHXUcWNLnS4c0xT0Gz5EZ44ocmMR_CSElqnBKJnkSYJ9CPeCNeKZNx5mgYU0LJHKeMB1dha7gkHbHiBImr48W-pSGuGY-O58MkHo1DXDl-JD9CKevRKEuOP8MvNF_yGI-OZjmOJ0uP5A_CnBkq58XjB3-MWUp2NNaO-saP90ffwJ_B_MKFJ4Jz5Iw2Qd-D0LPQcDR4STlOHhUdNE90HJ-Qhkl4yJMexF60wVdw5D90KUXeB87G4s1xbXrxDnfR-EJF4s-DuUe4JPKRlOnhMyWew_jhhodPtDueI76QLBpvVKbxSGyGywe8HO-CWnSOpqmRZxmDX8UNLdyEmInQTfh2HD-aikd4LSgebOjxI8c_ocFk9bh0NJM0I8QJLU9QUT0epRe-0YKfQD_y45Jy_A4aXSEqMfKwH0eyKwhz4sd5NJnEIlx4JK-GG__hkcGXBOt_XIkuNGfQ60ieI0zMo2vyDGePXsrxPkaPa8dzo9bR-Hho5PomqFKRTzKmRaPR5MPxxZ9wNGPRH_kp6EcWZoa_gD-e4wt6ZB90XkSe-PiOemjug7tiDYmnI3aOH-dhZwmDWz4e9vCZ4bmQSzh8HRdy