{"lowlevel":{"average_loudness":0.864238977432,"barkbands":{"dmean":[0.00122421223205,0.00898133870214,0.00460108695552,0.00101386802271,0.00101180491038,0.000904395477846,0.0015883812448,0.000459692935692,0.00168552121613,0.000290747819236,0.00042387022404,0.000316776393447,0.00018774610362,0.000189935803064,0.00016691867495,0.000347045657691,0.000422989396611,0.000324350956362,0.000154239416588,0.0000922151230043,0.0000577926912229,0.0000379330049327,0.0000217499054997,0.0000148980898302,0.00000850696051202,0.0000047381645345,0.00000306672859551],"dmean2":[0.00209962879308,0.01473661419,0.00837699044496,0.0014844868565,0.00173102028202,0.00143741350621,0.00243685557507,0.000755172630306,0.00255238381214,0.000465829158202,0.000598584592808,0.000515972671565,0.000301312073134,0.000303960143356,0.000267472205451,0.000538155902177,0.000625845044851,0.000516796950251,0.000244582130108,0.000153344895807,0.0000974082940957,0.0000627342014923,0.0000364462903235,0.0000244780258072,0.0000140206575452,0.00000792051741882,0.00000484469273943],"dvar":[0.00000888812701305,0.000372554233763,0.000116484909086,0.00000328266378347,0.00000502877537656,0.00000262650883087,0.0000064779587774,8.05160823347e-7,0.0000120972990771,2.99233761325e-7,0.00000272652891908,7.01916405887e-7,1.17253151188e-7,1.98063318635e-7,1.5763974659e-7,7.19226591173e-7,0.00000194233575712,7.46702312426e-7,1.6203676978e-7,7.49118598264e-8,2.83825478675e-8,1.42857894403e-8,4.87758855527e-9,1.7941408359e-9,5.16554521379e-10,1.9235076032e-10,1.58045229681e-10],"dvar2":[0.0000234404160437,0.000746044039261,0.000320919702062,0.00000681737628838,0.0000134010424517,0.00000645565523882,0.0000151597951117,0.00000184338432518,0.0000244843504333,7.06012883711e-7,0.0000039496012505,0.00000166066490692,2.81852550188e-7,4.76199204513e-7,4.12917671611e-7,0.00000166781046573,0.0000039669034777,0.00000198164229914,4.15936369791e-7,2.10866517136e-7,7.83577931429e-8,3.88321232947e-8,1.33520554613e-8,4.81681272646e-9,1.34514699379e-9,4.69643712808e-10,3.60616980721e-10],"max":[0.0246933903545,0.145634248853,0.0805011093616,0.0182663667947,0.0272012539208,0.0306146517396,0.0413747727871,0.0230579376221,0.0738294497132,0.00810283608735,0.0424416176975,0.0141757149249,0.00530435843393,0.0109986066818,0.0075597083196,0.0166865736246,0.025843815878,0.0238914880902,0.00814143847674,0.00807093922049,0.00360296247527,0.00215948582627,0.00127672369126,0.000855977472384,0.000352632603608,0.000264821544988,0.000305422057863],"mean":[0.00096069148276,0.0103574274108,0.00350128463469,0.00115861464292,0.00113809562754,0.00162056379486,0.00361078628339,0.000767935533077,0.00300204567611,0.000462649826659,0.000777724490035,0.00053156161448,0.000287015311187,0.000257063627942,0.000238144843024,0.000484968768433,0.000662008009385,0.000456854235381,0.000230796693359,0.000114727052278,0.0000671403249726,0.0000427081758971,0.0000251258352364,0.00002021659202,0.0000133957792059,0.00000924716459849,0.00000844246187626],"median":[0.0000707784929546,0.00258413772099,0.000760160852224,0.000349513284164,0.00036440131953,0.000513741746545,0.00140206189826,0.000307822832838,0.00117448437959,0.000179630907951,0.000105938175693,0.000160533614689,0.000122308425489,0.0000915869313758,0.0000893730903044,0.000128899439005,0.000157679110998,0.000178143702215,0.0000691272289259,0.0000442501659563,0.00001728789357,0.00000687645479047,0.00000266739994004,0.00000218501941163,9.02416331883e-7,2.44901713131e-7,1.05171782394e-8],"min":[4.56221611772e-23,1.73459279679e-23,4.94263206192e-24,3.26375284266e-24,6.50177454144e-23,1.90372110388e-23,2.8593617195e-23,5.60271481647e-23,8.02001497745e-23,5.80678745285e-23,6.4752700772e-23,1.16452492488e-22,5.89078220659e-23,6.53366850338e-23,8.06919067301e-23,7.88288192204e-23,9.27088899566e-23,9.23040591618e-23,1.545525557e-22,2.13535130225e-22,3.29238179609e-22,2.88533184092e-22,3.90983496486e-22,6.94375614102e-22,9.93593963331e-22,1.30761553357e-21,1.95833899306e-21],"var":[0.00000715501801096,0.000434299465269,0.0000791361162555,0.00000467933432446,0.00000527024440089,0.00000852410539665,0.0000262825124082,0.00000218198238144,0.0000317209014611,6.86157136442e-7,0.0000093396365628,0.00000135179686822,2.16181973656e-7,2.94000244594e-7,1.8624501763e-7,0.00000135833420245,0.00000382937560062,8.13472979644e-7,2.63480501417e-7,5.8755460941e-8,2.33531203264e-8,1.1989722104e-8,4.01910860148e-9,1.91356996915e-9,8.43062009093e-10,5.66800384405e-10,5.94525761954e-10]},"barkbands_crest":{"dmean":3.34274196625,"dmean2":5.57563591003,"dvar":11.514336586,"dvar2":26.8894519806,"max":26.9602012634,"mean":10.9384422302,"median":10.1145620346,"min":1.59157836437,"var":22.5482234955},"barkbands_flatness_db":{"dmean":0.0368939638138,"dmean2":0.0607374086976,"dvar":0.0053876163438,"dvar2":0.0120672388002,"max":1,"mean":0.180873736739,"median":0.173356339335,"min":0.00630010152236,"var":0.0124270711094},"barkbands_kurtosis":{"dmean":358.361816406,"dmean2":627.681335449,"dvar":8390494,"dvar2":21730912,"max":51277.8007812,"mean":503.629150391,"median":1.66757774353,"min":-1.81250691414,"var":15476284},"barkbands_skewness":{"dmean":2.26550626755,"dmean2":3.92080545425,"dvar":135.215744019,"dvar2":354.545501709,"max":169.976226807,"mean":3.68933010101,"median":1.13956916332,"min":-1.97311747074,"var":265.849182129},"barkbands_spread":{"dmean":6.14103794098,"dmean2":9.93322181702,"dvar":65.4173049927,"dvar2":162.749389648,"max":127.468902588,"mean":17.5823822021,"median":16.2133922577,"min":0.00306498096325,"var":105.213310242},"dissonance":{"dmean":0.0262038391083,"dmean2":0.0454570427537,"dvar":0.00152208236977,"dvar2":0.0044592381455,"max":0.500000178814,"mean":0.460692822933,"median":0.466857105494,"min":0,"var":0.00129676819779},"dynamic_complexity":5.12978219986,"erbbands":{"dmean":[0.275053471327,2.20554947853,6.31742954254,2.97628808022,3.16957831383,3.49746203423,3.88053131104,7.80760717392,22.7891578674,18.9983139038,13.8829660416,38.717830658,20.1575317383,9.0229883194,17.7137069702,15.2818803787,9.69019985199,9.85523319244,7.85266637802,12.7133312225,21.2303390503,20.2765407562,16.8454875946,8.93660736084,8.32622814178,4.39724874496,2.63582754135,2.01521968842,1.38565778732,0.960951030254,0.583458602428,0.375267982483,0.22508059442,0.118859119713,0.0504254363477,0.0238050147891,0.00814459379762,0.00230480893515,0.000466474797577,0.0000568288087379],"dmean2":[0.430810511112,3.50245118141,11.4620447159,4.54415798187,5.13736581802,6.04361629486,6.92748403549,12.1950836182,35.5278320312,27.9663009644,22.6697883606,57.0480308533,31.9212646484,13.7959985733,24.7169437408,24.6162567139,15.1950483322,15.6496162415,12.8314294815,19.7151756287,32.5176086426,30.4470233917,26.9747257233,14.3579082489,13.1149806976,7.35310220718,4.4908208847,3.39586520195,2.30225682259,1.60214030743,0.977354347706,0.628966987133,0.366484165192,0.196284085512,0.0834045186639,0.0402742400765,0.0134926810861,0.00370499421842,0.000742981501389,0.0000880559018697],"dvar":[0.406044065952,21.2225227356,213.664993286,34.9587364197,41.7066040039,57.1942939758,115.486053467,184.386276245,1504.42553711,1270.00854492,1148.85620117,7865.58544922,1874.66357422,383.67956543,4763.70947266,1757.0760498,301.214660645,535.400390625,356.114349365,1102.04321289,2834.7644043,2970.39575195,1975.77197266,643.456420898,491.842254639,158.544525146,73.2677612305,34.6641387939,19.5983943939,9.62867259979,3.32680773735,1.22900867462,0.386018067598,0.10044375062,0.0183458607644,0.00442224601284,0.000604634173214,0.0000615227472736,0.00000346005322172,3.14697530257e-8],"dvar2":[0.855111181736,50.9657058716,588.366760254,75.6432647705,101.700302124,157.296112061,333.669525146,435.818756104,3693.1628418,2317.44360352,2606.76245117,14657.3359375,4275.51464844,749.235168457,6803.93652344,4076.97729492,681.489929199,1261.50012207,940.359436035,2350.30908203,6638.48046875,6460.79931641,5285.34033203,1782.8605957,1215.22131348,444.384735107,205.433547974,95.9322662354,53.5045661926,25.9534988403,9.19641399384,3.35549521446,1.03542983532,0.265521764755,0.0473841130733,0.0112138949335,0.00146167131606,0.00014496697986,0.00000807828837424,7.10709713303e-8],"max":[5.28419494629,34.4259376526,100.409690857,69.1283111572,84.5919113159,103.407188416,169.669555664,276.347930908,639.434326172,890.611572266,671.574035645,2209.27050781,837.399353027,367.54107666,1735.86108398,779.802185059,297.768585205,603.861877441,393.334564209,751.563171387,980.07635498,907.644470215,1047.8067627,684.308532715,554.386352539,342.451080322,204.675338745,116.16594696,81.7071609497,56.651386261,32.9869880676,18.7006263733,13.2620582581,5.0051984787,2.46768808365,1.06139051914,0.469823777676,0.174596771598,0.0440182350576,0.00403825845569],"mean":[0.270354866982,2.33072137833,5.11751365662,3.46218156815,3.77580595016,3.72067546844,3.97844362259,15.0646409988,48.9878463745,41.2560997009,24.8651828766,68.9657440186,33.6866188049,16.3655185699,33.6008491516,27.8458328247,16.8997268677,14.316110611,11.0992326736,18.24725914,32.2198562622,32.1833686829,23.8343353271,12.687877655,13.3382234573,5.57970094681,3.03158283234,2.31591320038,1.53416478634,1.09114921093,0.668459117413,0.465220093727,0.314335584641,0.173570364714,0.0829253867269,0.0400281846523,0.0165593083948,0.00543839996681,0.00121485244017,0.000149865009007],"median":[0.0457138903439,0.63725489378,1.24268710613,1.12000894547,1.20448613167,1.20478391647,1.42565655708,5.14422607422,17.100730896,14.593375206,11.1459875107,24.3176422119,14.0779924393,5.65071773529,5.53082990646,9.47486495972,7.7282910347,5.73137807846,4.41702842712,6.12667751312,8.9245929718,10.3717470169,10.0299139023,5.82773780823,4.20670557022,2.45481824875,0.856530606747,0.622920453548,0.267050981522,0.13102068007,0.069706171751,0.0480900332332,0.0335131362081,0.014471094124,0.00413734652102,0.00152897252701,0.000372933718609,0.0000462798270746,0.0000193700816453,0.0000349086622009],"min":[7.74300678612e-22,2.96329033199e-21,8.07202423614e-21,6.19002516828e-21,4.09032734972e-20,3.00382651986e-19,2.04201437855e-19,1.76178730051e-19,3.61668205076e-19,8.34226898902e-19,1.4079838253e-18,2.0946297605e-18,1.32194473728e-18,2.02689855758e-18,3.29149558678e-18,4.97280883778e-18,4.19726497497e-18,5.0757092788e-18,8.88923772298e-18,5.03945477973e-18,8.87110509677e-18,1.21552941972e-17,9.9956670657e-18,1.08089121665e-17,1.00682926963e-17,1.57396836855e-17,1.53816931513e-17,1.757412213e-17,2.0290722228e-17,1.99318151776e-17,1.91239244169e-17,1.43031124983e-17,2.19841644283e-17,1.46199458339e-17,1.04761183809e-17,4.82130698628e-18,3.53931186726e-18,1.37487705865e-18,3.23980977489e-19,3.49442288214e-20],"var":[0.431417375803,21.3615970612,147.915771484,44.2394676208,51.1970329285,56.1218833923,90.6736984253,692.105773926,5485.85400391,5633.83105469,2408.46679688,22527.8574219,4042.75170898,1061.22265625,16915.7597656,3659.45605469,683.124023438,866.66986084,417.840698242,1950.07751465,5319.76367188,5427.32910156,2055.53417969,594.857055664,953.774414062,125.31716156,53.9628295898,28.2940349579,15.9908819199,8.07318592072,2.7585337162,1.14871478081,0.441620230675,0.136769592762,0.0356491431594,0.00973387341946,0.00190912093967,0.000234734441619,0.0000120837339637,1.12490837978e-7]},"erbbands_crest":{"dmean":3.36142277718,"dmean2":5.2948884964,"dvar":14.0139284134,"dvar2":32.3865966797,"max":35.7714042664,"mean":10.9419002533,"median":9.60914707184,"min":1.9608938694,"var":34.5376281738},"erbbands_flatness_db":{"dmean":0.0246093701571,"dmean2":0.034837026149,"dvar":0.000708907726221,"dvar2":0.00119931006338,"max":0.361797392368,"mean":0.194690540433,"median":0.196250677109,"min":0.0272433944046,"var":0.00444109644741},"erbbands_kurtosis":{"dmean":1.42740476131,"dmean2":2.30034804344,"dvar":56.278087616,"dvar2":102.767410278,"max":319.892303467,"mean":1.64066660404,"median":-0.308301687241,"min":-1.70202839375,"var":374.853240967},"erbbands_skewness":{"dmean":0.49202644825,"dmean2":0.762759566307,"dvar":0.46185863018,"dvar2":1.01629567146,"max":16.6364402771,"mean":0.606133937836,"median":0.453989654779,"min":-2.11688876152,"var":1.6234691143},"erbbands_spread":{"dmean":8.32840633392,"dmean2":12.9524803162,"dvar":106.632537842,"dvar2":258.447418213,"max":160.66734314,"mean":31.3463306427,"median":28.5674877167,"min":2.92872166634,"var":241.076965332},"gfcc":{"cov":[[33714.8125,1464.84814453,-2528.07006836,43.7468528748,-1174.49316406,-140.569381714,-656.334716797,82.4995956421,-385.779083252,-321.953460693,-400.126281738,-178.102325439,-510.499572754],[1464.84814453,2377.65649414,-1192.82373047,66.335105896,-125.441818237,-491.330383301,-20.4164657593,-22.7962799072,166.994369507,-105.68409729,273.009216309,-196.596755981,114.704742432],[-2528.07006836,-1192.82373047,1616.1105957,157.909179688,114.989013672,493.468322754,-18.5228862762,-52.6187286377,-29.9971160889,66.8517379761,-112.19316864,123.339248657,-44.1351509094],[43.7468528748,66.335105896,157.909179688,305.976959229,-38.3301696777,123.617393494,-39.0407447815,-33.0353736877,-5.18221235275,7.17983627319,-6.72882652283,-11.8800802231,15.8269500732],[-1174.49316406,-125.441818237,114.989013672,-38.3301696777,266.612487793,-6.79518508911,106.625465393,25.2937145233,35.2438926697,-16.1696968079,14.4341430664,9.91768360138,13.1469230652],[-140.569381714,-491.330383301,493.468322754,123.617393494,-6.79518508911,341.063781738,-9.16633796692,5.53926372528,-48.8945007324,2.02217817307,-90.5674819946,51.8543243408,-15.8231430054],[-656.334716797,-20.4164657593,-18.5228862762,-39.0407447815,106.625465393,-9.16633796692,143.395767212,16.9251174927,12.5140476227,-25.3103847504,8.53148555756,-2.16119122505,28.2102565765],[82.4995956421,-22.7962799072,-52.6187286377,-33.0353736877,25.2937145233,5.53926372528,16.9251174927,101.3074646,17.6435222626,3.33378005028,-21.6914520264,-0.70284229517,-26.4655857086],[-385.779083252,166.994369507,-29.9971160889,-5.18221235275,35.2438926697,-48.8945007324,12.5140476227,17.6435222626,99.1120681763,10.6085414886,38.5300064087,-24.20819664,8.99018096924],[-321.953460693,-105.68409729,66.8517379761,7.17983627319,-16.1696968079,2.02217817307,-25.3103847504,3.33378005028,10.6085414886,91.1123046875,10.069562912,4.7557349205,-21.8607749939],[-400.126281738,273.009216309,-112.19316864,-6.72882652283,14.4341430664,-90.5674819946,8.53148555756,-21.6914520264,38.5300064087,10.069562912,127.363830566,-3.03850197792,20.8100242615],[-178.102325439,-196.596755981,123.339248657,-11.8800802231,9.91768360138,51.8543243408,-2.16119122505,-0.70284229517,-24.20819664,4.7557349205,-3.03850197792,77.7862014771,7.4718670845],[-510.499572754,114.704742432,-44.1351509094,15.8269500732,13.1469230652,-15.8231430054,28.2102565765,-26.4655857086,8.99018096924,-21.8607749939,20.8100242615,7.4718670845,84.9249343872]],"icov":[[0.0000543821734027,-0.000030528914067,0.000112554633233,-0.0000122833635032,0.000106836785562,-0.0000907144785742,0.0000996466696961,0.0000965142826317,0.0000288987139356,0.000202108189114,0.000173509179149,-0.000118399446364,0.000409321102779],[-0.000030528914067,0.00140714738518,0.000421824865043,-0.000686135143042,0.000470226164907,0.000645947176963,0.000395752460463,-0.000482988572912,-0.00100628763903,0.00143578613643,-0.00205559865572,0.0018586582737,-0.00115512835328],[0.000112554633233,0.000421824865043,0.00193300913088,-0.000196803724975,-0.000511006859597,-0.00205435673706,0.000663986022118,0.00166513607837,-0.00128976802807,0.0000636012846371,0.000124579295516,-0.0008320856723,0.00133838155307],[-0.0000122833635032,-0.000686135143042,-0.000196803724975,0.00501358835027,-0.000309807684971,-0.00277158245444,0.00111896556336,0.00110082386527,0.000357944983989,-0.0011981773423,-0.0000902171741473,0.00153428560589,-0.00114001368638],[0.000106836785562,0.000470226164907,-0.000511006859597,-0.000309807684971,0.00671761343256,0.00127456395421,-0.00402429001406,-0.00111411162652,-0.00170773267746,0.00191320641898,-0.000699334603269,-0.000390901375795,0.000865424750373],[-0.0000907144785742,0.000645947176963,-0.00205435673706,-0.00277158245444,0.00127456395421,0.00857405085117,-0.00121486594435,-0.00249738036655,0.00115412555169,0.00145616463851,0.00164985598531,-0.00124626862817,-0.000985366408713],[0.0000996466696961,0.000395752460463,0.000663986022118,0.00111896556336,-0.00402429001406,-0.00121486594435,0.0120350169018,-0.0014967409661,0.000646446016617,0.00207307492383,-0.00111914612353,0.00234114634804,-0.00333311664872],[0.0000965142826317,-0.000482988572912,0.00166513607837,0.00110082386527,-0.00111411162652,-0.00249738036655,-0.0014967409661,0.01487697009,-0.00444910489023,-0.000899472448509,0.00416469434276,-0.00333907967433,0.00624597165734],[0.0000288987139356,-0.00100628763903,-0.00128976802807,0.000357944983989,-0.00170773267746,0.00115412555169,0.000646446016617,-0.00444910489023,0.0160422865301,-0.00247694435529,-0.00282707624137,0.00430789450184,-0.00234806491062],[0.000202108189114,0.00143578613643,0.0000636012846371,-0.0011981773423,0.00191320641898,0.00145616463851,0.00207307492383,-0.000899472448509,-0.00247694435529,0.0157664716244,-0.00299024581909,0.000449733284768,0.00355206313543],[0.000173509179149,-0.00205559865572,0.000124579295516,-0.0000902171741473,-0.000699334603269,0.00164985598531,-0.00111914612353,0.00416469434276,-0.00282707624137,-0.00299024581909,0.0155144203454,-0.00632256269455,0.00227041286416],[-0.000118399446364,0.0018586582737,-0.0008320856723,0.00153428560589,-0.000390901375795,-0.00124626862817,0.00234114634804,-0.00333907967433,0.00430789450184,0.000449733284768,-0.00632256269455,0.0214524716139,-0.00660886475816],[0.000409321102779,-0.00115512835328,0.00133838155307,-0.00114001368638,0.000865424750373,-0.000985366408713,-0.00333311664872,0.00624597165734,-0.00234806491062,0.00355206313543,0.00227041286416,-0.00660886475816,0.0206279251724]],"mean":[-75.3083877563,127.464782715,-130.28175354,27.6580410004,-41.7792739868,-0.569994032383,-19.8265590668,19.3521900177,-6.18057155609,1.00492525101,-4.44471311569,-5.37382173538,-8.56805324554]},"hfc":{"dmean":5.89290857315,"dmean2":8.57241249084,"dvar":95.7323455811,"dvar2":232.328735352,"max":152.421524048,"mean":15.8936243057,"median":12.2439184189,"min":1.18555045872e-16,"var":250.150894165},"melbands":{"dmean":[0.00229244772345,0.0032311801333,0.000531598285306,0.000231841957429,0.000134164874908,0.000201664384804,0.000330514914822,0.00017671243404,0.000152439039084,0.000234752471442,0.0000981195335044,0.0000323343629134,0.0000674095354043,0.0000341883496731,0.0000289205017907,0.0000198469260795,0.0000177857837116,0.000012344773495,0.0000131242913994,0.0000172622203536,0.0000319109749398,0.0000236155246967,0.0000215727377508,0.0000138865170811,0.00000665221114104,0.00000620124819761,0.00000472062265544,0.0000026915381568,0.00000160486501954,0.00000160448860242,0.00000109359734779,8.39130166241e-7,6.61977765049e-7,4.91103605782e-7,3.50887518152e-7,2.87314378511e-7,2.11865923916e-7,1.66252149825e-7,1.356506516e-7,9.34471557912e-8],"dmean2":[0.00382652459666,0.0056390799582,0.000811795354821,0.000389917579014,0.000237126383581,0.000311142852297,0.00051350222202,0.000262235640548,0.000248994940193,0.000346192275174,0.000156548048835,0.0000507347322127,0.0000943256964092,0.0000550889526494,0.0000465276243631,0.0000314857279591,0.0000284351972368,0.0000203852996492,0.0000209182981052,0.0000267034156423,0.0000482155301142,0.0000351484814018,0.0000338752652169,0.0000225680942094,0.0000108460690171,0.00000983420977718,0.00000761904175306,0.0000045492447498,0.00000278673451248,0.0000026978839287,0.00000187016144082,0.00000140439806273,0.00000111782878776,8.21088633529e-7,5.93277320604e-7,4.8885584647e-7,3.54195947239e-7,2.72740265927e-7,2.2733937044e-7,1.55823769887e-7],"dvar":[0.0000268730764219,0.0000509745295858,0.0000010475300769,2.42070512968e-7,1.16860569221e-7,1.24481616126e-7,2.98085552686e-7,1.05346678936e-7,1.51058429765e-7,2.46923860914e-7,4.49721362372e-8,5.4008357786e-9,7.44092929494e-8,7.61130625193e-9,3.86126064456e-9,1.33363264876e-9,1.75058545437e-9,8.79225414696e-10,1.0167877651e-9,2.39275332881e-9,7.73589814429e-9,6.03225114304e-9,3.54130480495e-9,1.90303262038e-9,3.77301218046e-10,2.80398204655e-10,1.43308628853e-10,6.7157689132e-11,3.23378580858e-11,2.40656140849e-11,1.17349897161e-11,7.37656030009e-12,5.01403389294e-12,2.77903134532e-12,1.24813722725e-12,8.0112733938e-13,3.73925689674e-13,2.16765095999e-13,1.43462539483e-13,6.03826138938e-14],"dvar2":[0.0000500180540257,0.000135199763463,0.00000221072536988,6.28101474831e-7,3.31986967694e-7,2.81944494418e-7,7.29108762698e-7,1.9485683822e-7,3.38983568327e-7,4.64679970946e-7,1.02651732448e-7,1.11148041881e-8,1.07084417778e-7,1.81173387404e-8,8.67258531656e-9,3.22102500228e-9,4.18755341514e-9,2.36685493427e-9,2.56731702564e-9,5.04323427464e-9,1.74091301375e-8,1.24334142981e-8,8.38870217734e-9,5.21463183745e-9,1.04507635879e-9,6.90771884138e-10,3.85547510584e-10,1.87966683884e-10,9.13129225011e-11,6.54255538635e-11,3.27707236347e-11,2.02619448997e-11,1.37946225623e-11,7.54963973282e-12,3.47677876072e-12,2.21693475209e-12,1.01954631803e-12,5.82091503904e-13,3.91165669734e-13,1.58570557943e-13],"max":[0.0390637628734,0.0488131903112,0.0108748720959,0.00596029218286,0.00547356065363,0.00757797434926,0.00852839555591,0.0079966019839,0.0074601653032,0.012383652851,0.00408875802532,0.00152833352331,0.00705621950328,0.0017314752331,0.00101643742528,0.000646378961392,0.00104315159842,0.000588118447922,0.000531702477019,0.00117063499056,0.00157728977501,0.00143402023241,0.00166868907399,0.00136911880691,0.000472528830869,0.000392002199078,0.000254396843957,0.000221669251914,0.000141025564517,0.0000965927756624,0.0000763706484577,0.0000543366622878,0.0000536868865311,0.0000338608515449,0.0000197977224161,0.0000159847768373,0.00000975694456429,0.000010615294741,0.00000650129413771,0.00000349206106875],"mean":[0.00264295842499,0.00294836633839,0.000635848729871,0.000268388888799,0.00013922600192,0.000387129024602,0.00074516463792,0.000369923043763,0.00025344977621,0.000423174351454,0.000150722800754,0.0000523140406585,0.00012467650231,0.0000583616019867,0.0000559211803193,0.0000311721742037,0.0000243976191996,0.0000162876203831,0.0000185363678611,0.0000230777604884,0.0000475384804304,0.0000368071923731,0.0000292676359095,0.000018255033865,0.0000088913466243,0.0000096244375527,0.00000705800539436,0.0000029767900287,0.00000171211740962,0.00000186421607395,0.00000119136348076,9.04025284854e-7,7.16379702226e-7,5.50309835035e-7,3.87763236631e-7,3.28801519345e-7,2.63251195065e-7,2.27637826811e-7,1.82469079846e-7,1.34566448651e-7],"median":[0.000605605600867,0.000806744443253,0.000210980288102,0.0000900787126739,0.0000448965365649,0.000116160008474,0.000283253903035,0.00012851957581,0.0000882521417225,0.000158108101459,0.0000557760904485,0.0000162875894603,0.0000156761270773,0.0000180565293704,0.0000237934345932,0.0000136027629196,0.00000868274673849,0.00000569261646888,0.00000690739625497,0.00000621665003564,0.00000991316574073,0.00000916317276278,0.00000763055413699,0.00000650457286611,0.00000370717384612,0.00000278117727248,0.00000234979370362,9.98972041089e-7,4.53306114423e-7,4.1053826294e-7,2.94199253403e-7,1.53791134494e-7,9.00443666296e-8,5.96629021743e-8,3.90222822944e-8,3.25891811315e-8,2.67807269694e-8,2.45165345802e-8,1.80789676563e-8,9.69669056161e-9],"min":[7.75669809822e-24,4.41951472984e-24,1.89711739147e-24,1.07784021855e-23,1.04735326892e-23,4.00490442641e-24,5.93502499714e-24,9.51894630731e-24,1.38729457445e-23,1.13838955288e-23,6.65023074851e-24,8.34631561575e-24,9.14904706227e-24,1.13565764868e-23,8.31634757882e-24,6.23391887211e-24,6.37272131496e-24,6.7157251363e-24,5.5465417669e-24,4.89433326414e-24,4.93701576671e-24,5.05054705046e-24,5.69884280313e-24,3.71897784701e-24,3.69456220756e-24,5.85685243131e-24,5.01671675054e-24,5.96006620329e-24,4.96629867794e-24,7.10019069796e-24,5.65478334386e-24,4.20101248644e-24,5.20693162517e-24,6.48307585586e-24,6.58197495311e-24,7.01521302352e-24,7.0414552704e-24,7.7705852056e-24,5.5137310697e-24,6.49876274939e-24],"var":[0.0000319431601383,0.0000401781580877,0.00000139035728353,2.68267200454e-7,1.00009138748e-7,5.1170570714e-7,0.00000115216255381,4.57841792922e-7,2.97250295489e-7,7.17375087333e-7,9.49786311821e-8,1.36443034648e-8,2.54122596743e-7,1.52953845145e-8,9.07330566235e-9,2.44568298946e-9,2.69047828461e-9,9.41580924341e-10,1.26916355203e-9,4.25320711983e-9,1.49949066497e-8,1.17766898455e-8,4.67293759243e-9,1.89105442416e-9,3.34054367501e-10,5.37126954026e-10,1.83782516983e-10,5.02908964473e-11,2.22178317411e-11,2.15142625937e-11,9.10438825025e-12,5.87038750943e-12,3.92676689775e-12,2.22987427134e-12,9.92071767618e-13,6.72403539098e-13,3.5946606477e-13,2.41693492477e-13,1.56006880591e-13,8.62148622893e-14]},"melbands_crest":{"dmean":4.51638698578,"dmean2":7.52670907974,"dvar":22.6227302551,"dvar2":52.3783531189,"max":40,"mean":14.6701507568,"median":13.3956899643,"min":1.18057835102,"var":45.2877883911},"melbands_flatness_db":{"dmean":0.0438743196428,"dmean2":0.0718050077558,"dvar":0.00561309885234,"dvar2":0.0125390766189,"max":1,"mean":0.250737398863,"median":0.244027510285,"min":0.00112471485045,"var":0.0112913437188},"melbands_kurtosis":{"dmean":14108849,"dmean2":21604868,"dvar":283348097848000000,"dvar2":431106723861000000,"max":27974014976,"mean":94459928,"median":4.4631524086,"min":-1.33546388149,"var":2517630938960000000},"melbands_skewness":{"dmean":61.4047889709,"dmean2":95.4942703247,"dvar":5129784.5,"dvar2":7733708,"max":118412.921875,"mean":411.711975098,"median":1.62483358383,"min":-1.40586984158,"var":45934512},"melbands_spread":{"dmean":8.39245605469,"dmean2":13.4928445816,"dvar":163.315444946,"dvar2":389.611724854,"max":164.223068237,"mean":20.7319259644,"median":17.6164073944,"min":1.40066429566e-8,"var":237.040908813},"mfcc":{"cov":[[14073.0214844,1851.11901855,-166.543457031,488.831268311,-116.574417114,120.006889343,-56.7799224854,194.845230103,-27.4098892212,-63.9183883667,-15.6522026062,-4.03157758713,-119.910102844],[1851.11901855,2100.02758789,-722.226013184,295.469573975,-137.668365479,-342.543182373,-109.397979736,-61.259563446,-68.1976470947,-13.9600849152,53.0542869568,113.219596863,50.8178634644],[-166.543457031,-722.226013184,964.797912598,-88.5350646973,154.368438721,293.675628662,10.7388811111,37.0907516479,7.17051553726,10.7823934555,-13.5170612335,-84.900970459,-60.6810150146],[488.831268311,295.469573975,-88.5350646973,200.908081055,9.68104743958,-16.3682346344,-9.51712322235,-24.4872875214,-10.5900678635,0.475907713175,16.4692745209,19.9516506195,-10.0587129593],[-116.574417114,-137.668365479,154.368438721,9.68104743958,142.050613403,68.6962127686,14.627120018,33.5606880188,13.1316576004,19.5764427185,14.5757102966,-13.7371091843,-10.7978229523],[120.006889343,-342.543182373,293.675628662,-16.3682346344,68.6962127686,206.984161377,48.0242271423,34.3800430298,28.2421226501,1.11872661114,-34.7790756226,-48.0095901489,-17.602060318],[-56.7799224854,-109.397979736,10.7388811111,-9.51712322235,14.627120018,48.0242271423,98.1659622192,45.1367912292,16.2066669464,1.91541552544,-17.8909492493,-19.7972316742,2.94805264473],[194.845230103,-61.259563446,37.0907516479,-24.4872875214,33.5606880188,34.3800430298,45.1367912292,115.426231384,41.0698242188,-4.68679094315,-9.06578445435,-9.79807662964,-6.86943912506],[-27.4098892212,-68.1976470947,7.17051553726,-10.5900678635,13.1316576004,28.2421226501,16.2066669464,41.0698242188,86.6405181885,23.8711395264,-14.992190361,-9.17034912109,-5.36726713181],[-63.9183883667,-13.9600849152,10.7823934555,0.475907713175,19.5764427185,1.11872661114,1.91541552544,-4.68679094315,23.8711395264,80.9522018433,32.1230926514,-27.9186077118,-19.5623073578],[-15.6522026062,53.0542869568,-13.5170612335,16.4692745209,14.5757102966,-34.7790756226,-17.8909492493,-9.06578445435,-14.992190361,32.1230926514,93.9296112061,35.4509239197,-29.2759590149],[-4.03157758713,113.219596863,-84.900970459,19.9516506195,-13.7371091843,-48.0095901489,-19.7972316742,-9.79807662964,-9.17034912109,-27.9186077118,35.4509239197,113.789337158,36.2545700073],[-119.910102844,50.8178634644,-60.6810150146,-10.0587129593,-10.7978229523,-17.602060318,2.94805264473,-6.86943912506,-5.36726713181,-19.5623073578,-29.2759590149,36.2545700073,96.8985443115]],"icov":[[0.000100369667052,-0.000101186706161,0.00000755892006055,-0.00014606671175,0.000189136379049,-0.000304012442939,0.000183589974768,-0.000341756036505,0.000158883514814,-0.0000477124194731,0.0000494516643812,-0.0000215901982301,0.000125067643239],[-0.000101186706161,0.00104715907946,0.000281264423393,-0.00111022079363,0.00014498186647,0.00111751898658,0.00053382263286,-0.000350787799107,0.000387596752262,-0.000294953264529,0.000132325731101,-0.0000380660530936,-0.000419310788857],[0.00000755892006055,0.000281264423393,0.00242708716542,0.000558225263376,-0.00102008576505,-0.00302314176224,0.0017013810575,-0.000338608224411,0.00106024742126,0.000051025308494,-0.00039964352618,0.000360132602509,0.00051464792341],[-0.00014606671175,-0.00111022079363,0.000558225263376,0.00765690673143,-0.00213256105781,-0.00150352984201,-0.00109877658542,0.00281358184293,-0.000542603025679,0.000578184612095,-0.000182755815331,-0.00105159555096,0.00169294944499],[0.000189136379049,0.00014498186647,-0.00102008576505,-0.00213256105781,0.0108989533037,-0.00233947299421,0.0010869433172,-0.00389895658009,0.000893041142263,-0.0021100861486,-0.00227031135,0.000372596812667,-0.00142396765295],[-0.000304012442939,0.00111751898658,-0.00302314176224,-0.00150352984201,-0.00233947299421,0.0136686852202,-0.00466991215944,0.00151853600983,-0.00280494615436,0.000979775330052,0.00272694602609,0.000850176264066,0.0000086939371613],[0.000183589974768,0.00053382263286,0.0017013810575,-0.00109877658542,0.0010869433172,-0.00466991215944,0.015911128372,-0.00686874007806,0.0026151095517,-0.00204367795959,0.00100012857001,0.00104074832052,-0.00115454872139],[-0.000341756036505,-0.000350787799107,-0.000338608224411,0.00281358184293,-0.00389895658009,0.00151853600983,-0.00686874007806,0.0162157081068,-0.00820020772517,0.00579172046855,-0.00267374911346,0.00142286729533,0.00041586018051],[0.000158883514814,0.000387596752262,0.00106024742126,-0.000542603025679,0.000893041142263,-0.00280494615436,0.0026151095517,-0.00820020772517,0.0201537888497,-0.0113135874271,0.00882270559669,-0.00573167670518,0.00317246443592],[-0.0000477124194731,-0.000294953264529,0.000051025308494,0.000578184612095,-0.0021100861486,0.000979775330052,-0.00204367795959,0.00579172046855,-0.0113135874271,0.02581923455,-0.0155159505084,0.0120659833774,-0.00401325337589],[0.0000494516643812,0.000132325731101,-0.00039964352618,-0.000182755815331,-0.00227031135,0.00272694602609,0.00100012857001,-0.00267374911346,0.00882270559669,-0.0155159505084,0.0275299008936,-0.0147311612964,0.0109304860234],[-0.0000215901982301,-0.0000380660530936,0.000360132602509,-0.00105159555096,0.000372596812667,0.000850176264066,0.00104074832052,0.00142286729533,-0.00573167670518,0.0120659833774,-0.0147311612964,0.020092504099,-0.00947510264814],[0.000125067643239,-0.000419310788857,0.00051464792341,0.00169294944499,-0.00142396765295,0.0000086939371613,-0.00115454872139,0.00041586018051,0.00317246443592,-0.00401325337589,0.0109304860234,-0.00947510264814,0.0173133295029]],"mean":[-700.182800293,151.955444336,-20.5537109375,29.5622825623,2.25697517395,-7.07771444321,1.52248585224,9.47056770325,6.05494976044,7.43527126312,9.6547460556,11.6331367493,4.20504283905]},"pitch_salience":{"dmean":0.0928293094039,"dmean2":0.15511547029,"dvar":0.0121180582792,"dvar2":0.0298986658454,"max":0.99748980999,"mean":0.494383841753,"median":0.498423367739,"min":0.0000163917648024,"var":0.0189971122891},"silence_rate_20dB":{"dmean":0,"dmean2":0,"dvar":0,"dvar2":0,"max":1,"mean":1,"median":1,"min":1,"var":0},"silence_rate_30dB":{"dmean":0.0663786306977,"dmean2":0.132783338428,"dvar":0.061970833689,"dvar2":0.143833249807,"max":1,"mean":0.946200668812,"median":1,"min":0,"var":0.0509064346552},"silence_rate_60dB":{"dmean":0.028672426939,"dmean2":0.0573561191559,"dvar":0.0278519112617,"dvar2":0.0607500299811,"max":1,"mean":0.173178866506,"median":0,"min":0,"var":0.143182575703},"spectral_centroid":{"dmean":323.402954102,"dmean2":510.039581299,"dvar":181325.84375,"dvar2":421911.46875,"max":10479.2900391,"mean":1290.84753418,"median":1185.95812988,"min":146.963195801,"var":370092.125},"spectral_complexity":{"dmean":3.80518460274,"dmean2":5.94028663635,"dvar":25.8591270447,"dvar2":58.0026512146,"max":55,"mean":15.1262521744,"median":15,"min":0,"var":80.2725372314},"spectral_contrast_coeffs":{"dmean":[0.0489918030798,0.0530008412898,0.0491500981152,0.0352034121752,0.0323761627078,0.0242832489312],"dmean2":[0.0825409516692,0.0861886814237,0.076137624681,0.0548222437501,0.04644408077,0.0386445559561],"dvar":[0.00148056715261,0.0018502328312,0.00158775050659,0.000876623613294,0.000889398215804,0.000571811397094],"dvar2":[0.00399681087583,0.00450389739126,0.00368690746836,0.00188937457278,0.00159142538905,0.0012921927264],"max":[-0.514464557171,-0.442011117935,-0.488174378872,-0.549701094627,-0.526134192944,-0.517921805382],"mean":[-0.726814389229,-0.734468102455,-0.742474853992,-0.789372801781,-0.762311697006,-0.763558328152],"median":[-0.722386837006,-0.735532999039,-0.742627620697,-0.7951182127,-0.768638014793,-0.764073193073],"min":[-0.997543811798,-0.999172091484,-0.998580753803,-0.994835555553,-0.988175690174,-0.961434602737],"var":[0.00410557352006,0.00840408541262,0.00770541746169,0.00443733856082,0.00622479105368,0.00258443574421]},"spectral_contrast_valleys":{"dmean":[0.577253699303,0.486942350864,0.499854236841,0.498928457499,0.475086539984,0.521264433861],"dmean2":[0.903878986835,0.799786150455,0.816270947456,0.783187508583,0.729455113411,0.765659511089],"dvar":[0.599149346352,0.725515425205,0.798886358738,0.834161579609,0.846271395683,0.835373163223],"dvar2":[1.19433963299,1.512403965,1.65073990822,1.67741811275,1.69258868694,1.62573122978],"max":[-4.87432146072,-4.58635568619,-5.11715316772,-5.306245327,-5.10192537308,-8.46938610077],"mean":[-7.52885723114,-6.98636054993,-7.77475738525,-8.30674362183,-8.32458019257,-11.5514888763],"median":[-7.16215515137,-6.51116371155,-7.30737257004,-7.90885210037,-8.02831745148,-11.4130268097],"min":[-26.8770427704,-27.1093215942,-27.1463718414,-27.0972118378,-27.2296237946,-27.4134426117],"var":[3.98881578445,4.4350566864,4.24546718597,4.08826494217,3.95298552513,4.03658151627]},"spectral_decrease":{"dmean":4.14893941425e-9,"dmean2":6.26263130243e-9,"dvar":5.91295303981e-17,"dvar2":1.24246207305e-16,"max":-2.42917393422e-30,"mean":-7.780664113e-9,"median":-5.32278265908e-9,"min":-5.79519046084e-8,"var":8.99539924085e-17},"spectral_energy":{"dmean":0.0159948542714,"dmean2":0.0240299161524,"dvar":0.000851444317959,"dvar2":0.00178612745367,"max":0.221399337053,"mean":0.0308075826615,"median":0.021638629958,"min":1.07624550279e-20,"var":0.00133769901004},"spectral_energyband_high":{"dmean":0.000176400106284,"dmean2":0.000289261253783,"dvar":2.28037080774e-7,"dvar2":6.16373995399e-7,"max":0.00740107847378,"mean":0.000230195058975,"median":0.0000556880004297,"min":7.27153635421e-21,"var":2.13631651036e-7},"spectral_energyband_low":{"dmean":0.0138872284442,"dmean2":0.0217338390648,"dvar":0.000833578698803,"dvar2":0.00177372235339,"max":0.203009814024,"mean":0.0152859827504,"median":0.00400643795729,"min":4.14871321723e-23,"var":0.000951728667133},"spectral_energyband_middle_high":{"dmean":0.00197759573348,"dmean2":0.00288902246393,"dvar":0.0000149603210957,"dvar2":0.0000329823524226,"max":0.0681967139244,"mean":0.00429885089397,"median":0.00239084265195,"min":1.46663737126e-21,"var":0.0000390974710172},"spectral_energyband_middle_low":{"dmean":0.00381677690893,"dmean2":0.00578692229465,"dvar":0.0000246913259616,"dvar2":0.000055781838455,"max":0.0851527005434,"mean":0.0115044601262,"median":0.00866389274597,"min":2.56964409547e-22,"var":0.000123409714433},"spectral_entropy":{"dmean":0.227113083005,"dmean2":0.340870857239,"dvar":0.0721921399236,"dvar2":0.164102748036,"max":9.79595184326,"mean":7.29997110367,"median":7.22097492218,"min":5.53077220917,"var":0.284038811922},"spectral_flux":{"dmean":0.0366584286094,"dmean2":0.0606320016086,"dvar":0.00277065229602,"dvar2":0.00652067689225,"max":0.437813431025,"mean":0.0924917757511,"median":0.075384221971,"min":6.58008370014e-11,"var":0.00561065180227},"spectral_kurtosis":{"dmean":3.23917078972,"dmean2":5.61236667633,"dvar":15.3141613007,"dvar2":44.9228134155,"max":42.8244247437,"mean":7.07937145233,"median":5.73009586334,"min":-1.33028018475,"var":22.1209392548},"spectral_rms":{"dmean":0.00116356834769,"dmean2":0.00170937704388,"dvar":0.00000268027838501,"dvar2":0.00000519036348123,"max":0.0146969165653,"mean":0.00464141834527,"median":0.00459465524182,"min":3.24036370652e-12,"var":0.00000851349705044},"spectral_rolloff":{"dmean":521.165527344,"dmean2":884.793273926,"dvar":1148504.625,"dvar2":2680564.5,"max":18690.8203125,"mean":1155.34082031,"median":753.662109375,"min":21.533203125,"var":1347569.375},"spectral_skewness":{"dmean":0.344154506922,"dmean2":0.575418531895,"dvar":0.138956099749,"dvar2":0.387139290571,"max":5.8325715065,"mean":1.7126429081,"median":1.64022290707,"min":0.0410701036453,"var":0.242992475629},"spectral_spread":{"dmean":498807.71875,"dmean2":777775.5625,"dvar":1722982072320,"dvar2":4420583030780,"max":49513040,"mean":3656498.75,"median":3007216.75,"min":1347250.125,"var":9626794852350},"spectral_strongpeak":{"dmean":0.610089540482,"dmean2":1.00786304474,"dvar":1.08976984024,"dvar2":2.43244147301,"max":14.147769928,"mean":1.03577232361,"median":0.431670457125,"min":0,"var":2.15312385559},"zerocrossingrate":{"dmean":0.00894900970161,"dmean2":0.0109399557114,"dvar":0.000196536624571,"dvar2":0.000241020999965,"max":0.5009765625,"mean":0.0446561165154,"median":0.0400390625,"min":0,"var":0.000701955752447}},"metadata":{"audio_properties":{"analysis_sample_rate":44100,"bit_rate":0,"codec":"flac","downmix":"mix","equal_loudness":0,"length":118.21333313,"lossless":true,"md5_encoded":"58f5a622c4f139bbde34b58cb18a5f11","replay_gain":-13.694393158},"tags":{"acoustid_id":["14919335-a377-4542-9051-880d2e0a9de3"],"album":["Antidotes"],"album artist":["Foals"],"albumartist":["Foals"],"albumartist_credit":["Foals"],"albumartistsort":["Foals"],"artist":["Foals"],"artist_credit":["Foals"],"artistsort":["Foals"],"asin":["B0013F2LPS"],"barcode":["5051442700329"],"bpm":["0"],"catalognumber":["5144270032"],"compilation":["0"],"date":["2008-3-24"],"disc":["1"],"discc":["1"],"discnumber":["1"],"disctotal":["1"],"file_name":"10. Like Swimming.flac","genre":["Math Rock"],"isrc":["GBKZV0725314"],"label":["Transgressive Records"],"language":["eng"],"media":["CD"],"musicbrainz_albumartistid":["6a65d878-fcd0-42cf-aff9-ca1d636a8bcc"],"musicbrainz_albumid":["2989029c-a481-40bc-87f0-0ada809fae26"],"musicbrainz_albumstatus":["Official"],"musicbrainz_albumtype":["album"],"musicbrainz_artistid":["6a65d878-fcd0-42cf-aff9-ca1d636a8bcc"],"musicbrainz_discid":["lfHfT1qTMifT4G6rUBtHaqMcNUQ-"],"musicbrainz_recordingid":["d53ce100-1da1-4c55-9909-e8f76ec6c61d"],"musicbrainz_releasegroupid":["b3354e1f-317e-3b64-88e1-d4dc54571a6d"],"originaldate":["2008-3-24"],"publisher":["Transgressive Records"],"releasecountry":["GB"],"releasestatus":["official"],"releasetype":["album"],"replaygain_album_gain":["-9.21 dB"],"replaygain_album_peak":["1.000000"],"replaygain_reference_loudness":["89.0 dB"],"replaygain_track_gain":["-8.11 dB"],"replaygain_track_peak":["0.928589"],"script":["Latn"],"title":["Like Swimming"],"totaldiscs":["1"],"totaltracks":["11"],"track":["10"],"trackc":["11"],"tracknumber":["10"],"tracktotal":["11"],"year":["2008"]},"version":{"essentia":"2.1-beta1","essentia_build_sha":"12879b851c9f4b0d899e1af4e221aa110f283a84","essentia_git_sha":"v2.1_beta1-7-ge0e83e8-dirty","extractor":"music 1.0"}},"rhythm":{"beats_c