{"lowlevel":{"average_loudness":0.807886123657,"barkbands":{"dmean":[0.00540703721344,0.00910292752087,0.00220241420902,0.00159926223569,0.00250962283462,0.00105241453275,0.000574346981011,0.000259046093561,0.000551416771486,0.000502769486047,0.000318666512612,0.000765012577176,0.000271709053777,0.000275739497738,0.000164612371009,0.000178490794497,0.000186434364878,0.000169648119481,0.000129106076201,0.000134047746542,0.0000958929304034,0.0000432079468737,0.0000157468348334,0.00000391529829358,0.00000220350625568,0.000007336885119,0.000192547420738],"dmean2":[0.008659244515,0.0151690021157,0.00366059667431,0.00266790599562,0.0040904218331,0.00161856028717,0.0009320647805,0.000436970760347,0.000915274955332,0.00083170022117,0.000530021206941,0.00127286766656,0.00045776515617,0.000459046917967,0.000275249127299,0.000297837686958,0.000301137915812,0.000268079369562,0.000201085189474,0.00019988596614,0.000134458954562,0.0000605501591053,0.0000237299227592,0.00000638588153379,0.0000036780947994,0.0000110354867502,0.000264995614998],"dvar":[0.000117841387691,0.000237340616877,0.0000111719164124,0.00000954287224886,0.0000120022768897,0.00000619028605797,0.00000125020233099,2.0178222826e-7,0.00000130213084049,9.28896952246e-7,2.97241371072e-7,0.00000107826656404,1.52294560962e-7,1.8337645713e-7,8.12420068996e-8,8.60825650761e-8,1.57142991952e-7,1.78389129246e-7,9.07415937945e-8,1.2930965454e-7,1.27229398572e-7,3.02907317007e-8,1.40129796655e-9,4.53276895185e-11,1.37991415169e-11,2.03710118218e-10,1.6531367919e-7],"dvar2":[0.000271473138127,0.000647896784358,0.0000302950011246,0.0000247673488047,0.0000310480172629,0.0000123631552924,0.00000314524163514,5.52759729544e-7,0.00000346242109117,0.00000248388505497,7.68913025695e-7,0.00000289329022962,4.22037459202e-7,4.61504242821e-7,2.08328486906e-7,2.20487407887e-7,3.64264479913e-7,3.9395322915e-7,2.04834705642e-7,2.75200363831e-7,2.17382037704e-7,5.82922581316e-8,3.154691397e-9,1.11226222677e-10,3.47014222912e-11,4.44717457304e-10,2.60053241163e-7],"max":[0.153876587749,0.210867077112,0.0675189048052,0.0485834851861,0.077940158546,0.090208299458,0.0365593992174,0.00829537864774,0.0288231614977,0.0413617826998,0.0169626288116,0.0164114478976,0.00926461815834,0.0137824257836,0.0089024156332,0.00608931668103,0.0164652019739,0.0129157854244,0.00871030148119,0.0164086297154,0.0132722510025,0.0084559796378,0.00106544559821,0.000108832398837,0.0000528653799847,0.000355561176548,0.0130641730502],"mean":[0.00665221083909,0.0125163653865,0.00311436713673,0.00224072625861,0.00479690823704,0.00206817360595,0.000979981035925,0.000396716641262,0.000909088121261,0.000844703579787,0.000564500223845,0.00145859294571,0.000505318166688,0.000532181875315,0.000301643129205,0.00034673025948,0.000357166019967,0.000324344378896,0.000280016945908,0.000318334903568,0.000221998387133,0.000095734198112,0.0000284712023131,0.00000507868935529,0.0000021936068606,0.0000134209531097,0.000708871055394],"median":[0.00287575321272,0.00734753673896,0.00174044189043,0.00101477024145,0.00305323069915,0.000918547273614,0.000470222934382,0.00023129733745,0.000489315658342,0.00050620699767,0.000361844169674,0.00101906154305,0.000366747641237,0.000358202611096,0.000191782644833,0.000227488082601,0.000184007411008,0.000142933451571,0.000125793681946,0.000113651702122,0.0000657286072965,0.000038469563151,0.0000132077575472,0.0000023459683689,7.69276368828e-7,0.00000682953759679,0.000331426417688],"min":[4.72189134681e-23,9.66633423894e-23,4.12543645627e-24,1.93552308464e-23,1.94233978949e-23,1.60456374938e-23,4.92809990298e-23,4.15582464052e-23,1.66426963362e-23,6.56229468791e-23,7.87015412465e-23,1.00184804849e-22,7.81813474329e-23,7.94154919202e-23,1.10521672119e-22,1.74999552684e-22,1.73182105511e-22,2.11462117362e-22,2.43423466959e-22,2.04671022089e-22,4.48100156224e-22,6.97825447991e-22,7.06624440393e-22,7.84545924422e-22,1.33084121421e-21,1.48711170701e-21,2.46475346396e-21],"var":[0.000139724565088,0.000256682571489,0.0000170660605363,0.0000144533960338,0.0000297092174151,0.0000281185475615,0.00000266242022917,3.0472438084e-7,0.00000212090731111,0.00000137898746289,5.40088080925e-7,0.0000023872314614,2.96707014513e-7,4.16005491388e-7,1.55818028702e-7,1.82567035267e-7,3.89294285696e-7,4.40367756482e-7,2.73782092108e-7,5.34797322871e-7,5.70011479795e-7,9.61070369954e-8,2.56476839766e-9,5.73192916742e-11,1.48230490382e-11,4.19286771969e-10,0.00000133412822834]},"barkbands_crest":{"dmean":2.67668247223,"dmean2":4.32891702652,"dvar":5.15253543854,"dvar2":12.962272644,"max":24.5316448212,"mean":9.76314353943,"median":9.25483703613,"min":2.35177946091,"var":12.0104904175},"barkbands_flatness_db":{"dmean":0.0264599565417,"dmean2":0.0411349534988,"dvar":0.000642034632619,"dvar2":0.00156203238294,"max":0.48459354043,"mean":0.146970927715,"median":0.131442129612,"min":0.0415747873485,"var":0.00388502306305},"barkbands_kurtosis":{"dmean":4.3437333107,"dmean2":6.92540645599,"dvar":51.8264160156,"dvar2":126.54599762,"max":211.577346802,"mean":8.01270008087,"median":4.59230661392,"min":-1.67925572395,"var":132.075958252},"barkbands_skewness":{"dmean":0.610015511513,"dmean2":0.950565159321,"dvar":0.413930594921,"dvar2":0.996410131454,"max":9.896068573,"mean":2.13953399658,"median":1.95744252205,"min":-2.09409427643,"var":1.20759773254},"barkbands_spread":{"dmean":5.3814291954,"dmean2":8.07144355774,"dvar":35.1811447144,"dvar2":70.5267486572,"max":99.2837371826,"mean":23.497428894,"median":20.5717391968,"min":0.341700106859,"var":259.939727783},"dissonance":{"dmean":0.0159784574062,"dmean2":0.0268763583153,"dvar":0.000293598684948,"dvar2":0.000788408564404,"max":0.500000059605,"mean":0.472939044237,"median":0.479804366827,"min":0.253192484379,"var":0.000603225489613},"dynamic_complexity":3.66694879532,"erbbands":{"dmean":[0.464528203011,1.44100105762,2.45609688759,4.00746774673,8.16816234589,7.78267145157,7.99967908859,9.75792694092,7.44417381287,9.1636724472,5.65653324127,13.4317264557,11.1701211929,17.702293396,16.5767345428,30.1841220856,12.4332408905,12.6620521545,9.41922664642,9.23765850067,8.57437705994,10.5133218765,9.3577003479,7.06200551987,6.54073238373,5.94671869278,4.91323566437,3.18644738197,1.70476484299,0.833417773247,0.394457757473,0.145143657923,0.0386268049479,0.0247949324548,0.0156290531158,0.00918694306165,0.0149924075231,0.0234707985073,0.01875580661,0.00433599064127],"dmean2":[0.776703119278,2.41436004639,4.11984872818,6.53081655502,13.7858772278,12.5151262283,12.9019632339,14.7805738449,12.0195827484,15.0496110916,9.41609382629,22.4087142944,18.3704624176,29.2019023895,27.565700531,50.2598266602,20.882019043,21.1391143799,15.583656311,15.3459234238,14.1700239182,16.9665527344,14.8795604706,11.0392694473,10.0085296631,8.86406135559,7.16731500626,4.4491071701,2.32978701591,1.18664348125,0.601512074471,0.230280280113,0.0641930624843,0.0414237082005,0.0260556098074,0.0151814669371,0.0223505534232,0.0307455919683,0.024124732241,0.00621225964278],"dvar":[0.704664826393,5.88404798508,13.7998733521,55.0122375488,160.374023438,129.948822021,223.691940308,799.945556641,173.072799683,443.914855957,95.6323394775,890.743164062,439.833282471,1142.37927246,669.512329102,1662.44689941,317.866760254,368.191772461,245.022659302,230.216674805,187.40802002,548.926452637,557.521789551,250.29335022,279.073455811,258.777404785,276.215515137,150.477539062,47.2962799072,5.19439125061,0.84595477581,0.088157363236,0.0039619775489,0.00175851886161,0.00068858708255,0.000222205315367,0.000839400629047,0.00454094866291,0.00336203724146,0.00006718505756],"dvar2":[1.90592706203,16.3958492279,39.3666496277,138.59387207,438.579406738,328.661590576,534.707763672,1496.34277344,419.931762695,1119.32507324,256.046081543,2384.53833008,1158.50366211,3037.06835938,1770.6060791,4481.74658203,887.810119629,954.267578125,566.640563965,591.009338379,466.539215088,1267.51086426,1222.67089844,550.465209961,606.947265625,546.630493164,567.643066406,248.25302124,83.401260376,9.5492515564,1.98279261589,0.214120566845,0.00987248122692,0.00442186789587,0.00173015973996,0.000554307480343,0.0018242149381,0.00650312472135,0.00450438959524,0.000125516584376],"max":[9.27476787567,44.0063514709,56.031955719,138.420516968,293.789123535,207.661697388,352.099700928,1124.5222168,384.532073975,667.690917969,194.518768311,819.453491211,576.232910156,1351.02355957,695.031005859,741.34564209,485.072265625,493.343017578,584.145996094,385.978515625,314.658355713,941.255859375,743.397705078,471.653564453,655.48614502,538.145629883,683.598876953,495.466339111,342.61706543,79.1831207275,25.2153682709,4.35478067398,0.916980683804,0.598818480968,0.373538732529,0.217769414186,0.554981708527,2.53028225899,1.95694875717,0.277945786715],"mean":[0.583902776241,1.9921374321,3.60718822479,6.45653152466,12.5961055756,14.6591472626,13.8729219437,20.0296134949,13.7650728226,14.2494621277,9.87531280518,21.5432491302,20.439743042,31.0026016235,33.915145874,58.2631607056,26.3325061798,26.0133419037,19.7121696472,18.6927394867,18.2260513306,20.4398326874,18.3753547668,15.1382989883,14.6761083603,14.308259964,11.3194475174,7.18794870377,3.82997298241,1.79582202435,0.705312728882,0.216659113765,0.0423796698451,0.02478899993,0.015813741833,0.0104562789202,0.0278176683933,0.061000879854,0.0593711435795,0.0194479189813],"median":[0.303699225187,1.18886244297,2.20462679863,3.1479678154,7.22399997711,8.7905216217,7.63541793823,7.40066480637,7.06173276901,6.19056463242,6.10520219803,10.9329195023,12.9822559357,18.8861408234,23.6926002502,41.2566947937,20.1310138702,18.6238288879,14.0158243179,11.6225099564,12.4750165939,10.3939123154,8.41417121887,7.32738828659,5.73325061798,5.13992357254,3.72167921066,2.29565477371,1.48195528984,0.827018558979,0.321331322193,0.09405644238,0.0191532820463,0.00885121989995,0.00572218419984,0.00483900913969,0.0135530997068,0.026143791154,0.0217117555439,0.0090871527791],"min":[5.32090229815e-21,1.19685433299e-20,6.20822718073e-21,2.83566399712e-20,6.76104862464e-20,7.89857641703e-20,9.91427727557e-20,1.75224551365e-19,7.43062806605e-19,3.8091372525e-19,1.03226587997e-18,4.24494046015e-19,1.65775618114e-18,1.80404389965e-18,3.74115510366e-18,4.75445879866e-18,3.89912261242e-18,3.22471895028e-18,5.3833509835e-18,6.87449913399e-18,1.10151911589e-17,9.40563086296e-18,1.26408525255e-17,1.58930760583e-17,7.20254779799e-18,1.05566014001e-17,1.57872862754e-17,1.88682743225e-17,2.33099595879e-17,2.40551202796e-17,2.20806219595e-17,1.45757677718e-17,1.40441768424e-17,1.52875484171e-17,9.18973176e-18,6.05816285927e-18,2.73693509256e-18,1.55617116408e-18,3.07065470004e-19,3.33338729587e-20],"var":[0.724954545498,6.24340248108,18.1694355011,111.068069458,282.030517578,314.641052246,396.318756104,4236.27099609,393.63067627,898.285400391,178.843841553,1372.20336914,728.302429199,1819.82214355,1455.18383789,3621.50146484,689.196472168,857.26184082,582.339538574,550.758728027,468.750244141,1335.20166016,1385.21020508,742.869384766,950.841796875,1110.90380859,1074.7911377,650.567138672,166.966293335,17.4123020172,1.43671500683,0.117467314005,0.00442968308926,0.00187895598356,0.000746972451452,0.000258466548985,0.00180097890552,0.0232552196831,0.0223005320877,0.000681110541336]},"erbbands_crest":{"dmean":2.29933428764,"dmean2":3.74832344055,"dvar":4.38887453079,"dvar2":11.1756277084,"max":26.114107132,"mean":7.94642496109,"median":6.98225259781,"min":2.45477509499,"var":12.8464546204},"erbbands_flatness_db":{"dmean":0.0201517306268,"dmean2":0.0311055947095,"dvar":0.000385826395359,"dvar2":0.000930342590436,"max":0.397954016924,"mean":0.144652068615,"median":0.137756794691,"min":0.039466958493,"var":0.00135821499862},"erbbands_kurtosis":{"dmean":0.97594255209,"dmean2":1.55695450306,"dvar":5.80189561844,"dvar2":14.4175195694,"max":63.5950012207,"mean":0.838159322739,"median":-0.0616600476205,"min":-1.67540860176,"var":14.3103675842},"erbbands_skewness":{"dmean":0.288778573275,"dmean2":0.445128232241,"dvar":0.0903159528971,"dvar2":0.202447041869,"max":6.1603937149,"mean":0.111939117312,"median":-0.00769094238058,"min":-2.5541946888,"var":0.722103714943},"erbbands_spread":{"dmean":6.12304544449,"dmean2":9.52401065826,"dvar":32.9062156677,"dvar2":74.425994873,"max":125.275268555,"mean":31.3646144867,"median":30.3964481354,"min":2.97575998306,"var":138.543380737},"gfcc":{"cov":[[12133.4521484,-1371.12438965,-2094.28710938,128.711074829,288.150665283,-709.459960938,948.447937012,-361.759277344,368.259063721,-21.6178569794,61.4295387268,259.519470215,-80.777923584],[-1371.12438965,947.671447754,223.102859497,-272.84753418,13.9038944244,178.859390259,-166.991455078,55.9696311951,-56.5998535156,-7.70958375931,20.1534461975,-55.5265426636,71.9314498901],[-2094.28710938,223.102859497,665.157714844,55.172832489,-105.53099823,226.90788269,-264.156463623,135.894744873,-105.537322998,30.3521461487,-12.0432472229,-53.4208374023,28.9377689362],[128.711074829,-272.84753418,55.172832489,287.228302002,37.8029556274,-72.4803161621,93.4430084229,-34.1606521606,16.8290996552,-17.2133903503,-30.0413761139,31.2467517853,-59.5436553955],[288.150665283,13.9038944244,-105.53099823,37.8029556274,170.240127563,-22.1170043945,107.396972656,-43.8448982239,34.1867523193,-28.0865154266,10.0336856842,-2.36239957809,6.72750377655],[-709.459960938,178.859390259,226.90788269,-72.4803161621,-22.1170043945,286.214202881,-134.224533081,127.45425415,-70.8778839111,16.2210998535,-8.13754272461,-24.5924358368,40.2901306152],[948.447937012,-166.991455078,-264.156463623,93.4430084229,107.396972656,-134.224533081,305.983581543,-87.8175888062,103.831108093,-28.0065822601,-0.207769811153,55.0079917908,-35.6424369812],[-361.759277344,55.9696311951,135.894744873,-34.1606521606,-43.8448982239,127.45425415,-87.8175888062,150.352340698,-28.0001983643,35.7348861694,1.95842766762,-31.1879425049,36.2904624939],[368.259063721,-56.5998535156,-105.537322998,16.8290996552,34.1867523193,-70.8778839111,103.831108093,-28.0001983643,111.590896606,15.5679893494,14.7842226028,28.0743484497,-28.1009922028],[-21.6178569794,-7.70958375931,30.3521461487,-17.2133903503,-28.0865154266,16.2210998535,-28.0065822601,35.7348861694,15.5679893494,66.822265625,32.4541969299,-1.31095159054,11.583562851],[61.4295387268,20.1534461975,-12.0432472229,-30.0413761139,10.0336856842,-8.13754272461,-0.207769811153,1.95842766762,14.7842226028,32.4541969299,54.5817260742,17.8917617798,17.8653106689],[259.519470215,-55.5265426636,-53.4208374023,31.2467517853,-2.36239957809,-24.5924358368,55.0079917908,-31.1879425049,28.0743484497,-1.31095159054,17.8917617798,67.4211349487,0.653975844383],[-80.777923584,71.9314498901,28.9377689362,-59.5436553955,6.72750377655,40.2901306152,-35.6424369812,36.2904624939,-28.1009922028,11.583562851,17.8653106689,0.653975844383,75.7694015503]],"icov":[[0.00021221319912,0.000101754711068,0.000724845274817,-0.000270940799965,0.000181275972864,-0.000170962579432,-0.0000462138668809,0.00000556285840503,-0.0000930277601583,-0.000063185194449,-0.000178992806468,0.0000389601809729,-0.00029267615173],[0.000101754711068,0.00210064928979,-0.00100310274865,0.00271362857893,-0.00161990185734,0.000202305862331,-0.0000704627163941,-0.0000332203089783,0.00034179049544,0.000177959926077,0.000630491471384,-0.000967003405094,0.000608114874922],[0.000724845274817,-0.00100310274865,0.00753668835387,-0.00681316712871,0.00498810317367,-0.00438770325854,0.00220354436897,0.00146245013457,-0.00296728499234,0.00229451362975,-0.00505178095773,0.00563135929406,-0.00458988407627],[-0.000270940799965,0.00271362857893,-0.00681316712871,0.0151516851038,-0.0105096604675,0.00724286446348,-0.00232018064708,-0.00529468990862,0.00805224757642,-0.00726786674932,0.0124160200357,-0.0143256951123,0.011463961564],[0.000181275972864,-0.00161990185734,0.00498810317367,-0.0105096604675,0.0194740965962,-0.00861660856754,-0.00279717519879,0.00789115577936,-0.00940012279898,0.0124936038628,-0.0164898186922,0.0189159493893,-0.0123470798135],[-0.000170962579432,0.000202305862331,-0.00438770325854,0.00724286446348,-0.00861660856754,0.0123021304607,0.000353997747879,-0.00927503034472,0.00768625177443,-0.00579923158512,0.00992725044489,-0.0124214142561,0.00732931867242],[-0.0000462138668809,-0.0000704627163941,0.00220354436897,-0.00232018064708,-0.00279717519879,0.000353997747879,0.00939963012934,-0.0000244165767072,-0.00489942962304,0.00152702175546,0.00147331948392,-0.00302413944155,-0.000525619194377],[0.00000556285840503,-0.0000332203089783,0.00146245013457,-0.00529468990862,0.00789115577936,-0.00927503034472,-0.0000244165767072,0.0185131225735,-0.00687620230019,-0.000262466550339,-0.00488951569423,0.0133014861494,-0.010801140219],[-0.0000930277601583,0.00034179049544,-0.00296728499234,0.00805224757642,-0.00940012279898,0.00768625177443,-0.00489942962304,-0.00687620230019,0.0238983165473,-0.0131511054933,0.00853758305311,-0.0147587684914,0.0137618528679],[-0.000063185194449,0.000177959926077,0.00229451362975,-0.00726786674932,0.0124936038628,-0.00579923158512,0.00152702175546,-0.000262466550339,-0.0131511054933,0.0380904786289,-0.0284202173352,0.016369106248,-0.00814652163535],[-0.000178992806468,0.000630491471384,-0.00505178095773,0.0124160200357,-0.0164898186922,0.00992725044489,0.00147331948392,-0.00488951569423,0.00853758305311,-0.0284202173352,0.0499483682215,-0.02639102377,0.00607936875895],[0.0000389601809729,-0.000967003405094,0.00563135929406,-0.0143256951123,0.0189159493893,-0.0124214142561,-0.00302413944155,0.0133014861494,-0.0147587684914,0.016369106248,-0.02639102377,0.0433760508895,-0.0174449216574],[-0.00029267615173,0.000608114874922,-0.00458988407627,0.011463961564,-0.0123470798135,0.00732931867242,-0.000525619194377,-0.010801140219,0.0137618528679,-0.00814652163535,0.00607936875895,-0.0174449216574,0.0302620697767]],"mean":[-4.88262701035,109.31690979,-92.6687164307,7.16965198517,-8.87132453918,-14.3446989059,6.81368970871,-23.9884090424,-5.93377399445,-10.9208011627,-4.97438001633,3.29443001747,-7.02820062637]},"hfc":{"dmean":20.9332561493,"dmean2":32.3834114075,"dvar":1085.74279785,"dvar2":2591.33544922,"max":843.569152832,"mean":101.568977356,"median":56.3055267334,"min":1.16657480312e-16,"var":11969.7880859},"melbands":{"dmean":[0.00335879484192,0.00139203597791,0.000741962983739,0.000584881461691,0.000289833988063,0.000208718425711,0.00011197845015,0.0000888248105184,0.0000512088699907,0.000086510379333,0.0000567633469473,0.0000753255153541,0.0000475332417409,0.0000933420305955,0.0000467355021101,0.0000255210416071,0.0000264368554781,0.0000180673796422,0.0000126495633594,0.0000142783865158,0.0000102856693047,0.0000116742694445,0.00000976659248408,0.0000083165932665,0.00000605390414421,0.00000493198240292,0.00000541062809134,0.00000407390280088,0.00000368974860976,0.00000262814342022,0.00000173880880538,0.00000108602114324,7.57739144319e-7,4.09808819768e-7,2.58401485098e-7,1.52282083832e-7,6.45243218855e-8,2.61402135493e-8,2.28040857309e-8,2.0226174513e-8],"dmean2":[0.00551983853802,0.00234175426885,0.00122682924848,0.000954425951932,0.000467303732876,0.000317710102536,0.000180909148185,0.000146636535646,0.0000850307551445,0.000144520599861,0.0000936392534641,0.00012440799037,0.0000790351696196,0.000155604153406,0.000078471377492,0.0000432828346675,0.0000442426498921,0.0000300615902233,0.0000212933373405,0.000023925991627,0.0000171010251506,0.000019013765268,0.0000157028862304,0.0000132771747303,0.00000971042118181,0.00000773209285398,0.000008430833077,0.0000062197641455,0.00000559210411666,0.00000379213543056,0.000002496132538,0.00000154493818627,0.00000109248537683,6.09472408541e-7,4.03325742582e-7,2.39042492467e-7,1.05295825392e-7,4.37625971017e-8,3.81570970376e-8,3.37946168827e-8],"dvar":[0.000035003566154,0.00000457559281131,0.00000166241920851,6.78901869833e-7,2.57829043449e-7,3.11416414434e-7,4.06581719403e-8,3.91911925135e-8,9.54653245344e-9,3.39626460288e-8,1.13725748818e-8,2.17940208103e-8,6.26030471906e-9,1.74656715757e-8,3.89578458382e-9,1.3991302561e-9,1.70867064941e-9,8.63229654424e-10,5.01968744349e-10,6.2747546048e-10,2.76633604912e-10,6.40767605642e-10,5.82140780025e-10,4.15018519551e-10,1.85509774209e-10,1.43760767179e-10,2.51426990339e-10,1.23995591572e-10,1.30578672874e-10,1.09168542262e-10,4.54155740792e-11,2.16977442957e-11,6.60477835618e-12,1.06415939428e-12,3.70690349076e-13,1.19972174556e-13,1.54055591119e-14,1.95970220303e-15,1.49937505394e-15,1.16958012895e-15],"dvar2":[0.0000923870611587,0.0000129797263071,0.00000435415813627,0.00000177316860572,6.18317017143e-7,5.92242031416e-7,1.00823811522e-7,1.00337494757e-7,2.49174902933e-8,9.15245053079e-8,2.99984712626e-8,5.81364609786e-8,1.62120930014e-8,4.70501788641e-8,1.06847322101e-8,3.90545684681e-9,4.45189396459e-9,2.0032180359e-9,1.31673072445e-9,1.61782565122e-9,7.11072478676e-10,1.54919910234e-9,1.25282662022e-9,9.80706293952e-10,4.3607956135e-10,3.28829186103e-10,5.8217280996e-10,2.8264013352e-10,2.92283169889e-10,1.98182803501e-10,8.33191640681e-11,4.31336355522e-11,1.27574261918e-11,2.20762622592e-12,8.97159571026e-13,2.93665916237e-13,3.80389655592e-14,4.92789157394e-15,3.77309979321e-15,2.9417490257e-15],"max":[0.0682663321495,0.033746894449,0.0197622794658,0.0199159607291,0.0101175671443,0.0219546109438,0.0068732551299,0.00617359392345,0.00250404165126,0.00511235697195,0.00278375321068,0.00609444640577,0.00248821522109,0.00222472054884,0.000983982579783,0.0010890426347,0.00108486390673,0.00108827650547,0.000562480185181,0.000634125783108,0.000368850800442,0.000843945948873,0.000854238343891,0.000575315847527,0.000361207436072,0.000339563208399,0.000879149476532,0.000370349851437,0.000399837270379,0.000349183770595,0.000258870277321,0.000231069105212,0.000128086656332,0.0000333967327606,0.0000164700286405,0.00000612725307292,0.00000195389316104,6.48522927804e-7,5.56248835437e-7,4.85929831484e-7],"mean":[0.00470802886412,0.00215592212044,0.00124922033865,0.00105773471296,0.000531613419298,0.000429520470789,0.000207188495551,0.000137577284477,0.0000844499300001,0.000138232542668,0.0000992846398731,0.000125531863887,0.0000912785326364,0.000173711800016,0.0000908834408619,0.0000480445196445,0.0000497312757943,0.0000343968058587,0.0000227689051826,0.0000266188926616,0.0000199989699468,0.000021386971639,0.0000180473962246,0.0000153239961946,0.0000118889447549,0.0000102176336441,0.0000111880672193,0.00000907145295059,0.00000768927566241,0.00000555369069843,0.00000357901512871,0.00000222240169023,0.00000156354587943,7.78162927872e-7,4.36696979023e-7,2.35431159012e-7,8.23232824132e-8,2.5643290158e-8,2.23386162901e-8,1.99906278198e-8],"median":[0.00266447104514,0.00142151268665,0.000708655104972,0.000658021308482,0.000293169432553,0.000173259861185,0.000106812767626,0.0000623340820312,0.0000483244766656,0.0000709903106326,0.0000605847017141,0.0000731278778403,0.0000618178819423,0.000118901567475,0.0000670066656312,0.0000347570130543,0.0000331897426804,0.0000235832540056,0.0000139503208629,0.0000161462794495,0.0000132261138788,0.0000106602301457,0.00000811075005913,0.00000669887367621,0.00000566997778151,0.0000043340942284,0.00000368698533748,0.00000319286846207,0.00000252973768511,0.00000144980594996,0.00000117326192139,8.0655183865e-7,6.59148099658e-7,3.56865427875e-7,1.88629854847e-7,9.99794451673e-8,3.32739134024e-8,8.97127439003e-9,7.66902896743e-9,6.93074664326e-9],"min":[3.77393676076e-23,6.8172657343e-24,7.14433614307e-24,4.95018698281e-24,3.67785847233e-24,3.8499938383e-24,1.08052699991e-23,4.17767640314e-24,8.21711913214e-24,2.53377547364e-24,8.93278478941e-24,7.54830944605e-24,1.00980364761e-23,1.3753526403e-23,1.08313142419e-23,6.16561811164e-24,6.06054183907e-24,8.53777215745e-24,8.6667722147e-24,1.02749401118e-23,1.40981607998e-23,1.0202345187e-23,9.61584130344e-24,1.02247519921e-23,1.41131176026e-23,5.79544276528e-24,5.18712687772e-24,6.87949581567e-24,8.50966819884e-24,1.11348300529e-23,1.13592570361e-23,1.34326887842e-23,1.33951390051e-23,1.25861258592e-23,1.31996458622e-23,9.07376606608e-24,9.18335225645e-24,8.68993553746e-24,1.20748611623e-23,1.31663874864e-23],"var":[0.000039636335714,0.00000561189517612,0.00000298033546642,0.00000154698898314,5.33865488705e-7,0.00000160794957083,8.85391528982e-8,7.69316201854e-8,1.71112564118e-8,5.18721208209e-8,1.84165855899e-8,3.29880549543e-8,1.23358567805e-8,3.67079664443e-8,8.20101941912e-9,2.64399324656e-9,3.62761820583e-9,1.92876847827e-9,9.32946164767e-10,1.27096577707e-9,6.13169237607e-10,1.47777112769e-9,1.36213162971e-9,9.58979895493e-10,4.68649841157e-10,3.98448191108e-10,7.42120254138e-10,4.52652304528e-10,4.17518575269e-10,4.26234852968e-10,1.66883160069e-10,6.412317205e-11,2.00095721242e-11,2.60323598615e-12,5.75780363058e-13,1.55926622525e-13,1.86603814676e-14,2.0681203027e-15,1.58758771205e-15,1.24866971282e-15]},"melbands_crest":{"dmean":4.43903255463,"dmean2":7.21678113937,"dvar":14.8269519806,"dvar2":38.2881660461,"max":37.4660873413,"mean":16.6049118042,"median":15.7719488144,"min":2.65256094933,"var":33.5587272644},"melbands_flatness_db":{"dmean":0.0336893089116,"dmean2":0.0527443252504,"dvar":0.000917838420719,"dvar2":0.00227285758592,"max":0.646843910217,"mean":0.260318875313,"median":0.244598060846,"min":0.00813801866025,"var":0.00599494157359},"melbands_kurtosis":{"dmean":7.06080245972,"dmean2":11.3430728912,"dvar":126.030265808,"dvar2":306.750396729,"max":302.758636475,"mean":13.0190553665,"median":8.27596855164,"min":-1.56299579144,"var":286.894256592},"melbands_skewness":{"dmean":0.772955417633,"dmean2":1.2216796875,"dvar":0.607418060303,"dvar2":1.50369143486,"max":14.6835098267,"mean":2.80474257469,"median":2.58010435104,"min":-1.2409003973,"var":1.69497156143},"melbands_spread":{"dmean":5.19198608398,"dmean2":8.03271102905,"dvar":41.608581543,"dvar2":87.5271682739,"max":161.581787109,"mean":17.4517917633,"median":14.8310718536,"min":0.436691999435,"var":186.524078369},"mfcc":{"cov":[[9513.70117188,-478.271240234,-2091.69067383,763.101074219,-927.039123535,244.309509277,-212.380157471,219.620773315,-91.8380508423,144.538269043,2.71831560135,79.4247055054,105.467643738],[-478.271240234,1039.40612793,94.4297409058,-344.742950439,134.01864624,-38.3255462646,54.7652053833,-50.9843673706,28.0502166748,-42.3309631348,14.4227104187,-24.6779880524,18.938911438],[-2091.69067383,94.4297409058,829.037963867,-225.813735962,294.053497314,-97.9331970215,64.4122314453,-72.4970474243,26.3301181793,-38.0368156433,4.19467592239,-9.52805805206,-31.5730228424],[763.101074219,-344.742950439,-225.813735962,467.966766357,-178.452301025,96.4475784302,-59.7596855164,68.0356216431,-39.6804771423,29.4252433777,-4.23170042038,4.22379016876,-5.8766002655],[-927.039123535,134.01864624,294.053497314,-178.452301025,268.738769531,-47.3083457947,71.7501144409,-48.2444114685,30.2527179718,-24.0204677582,0.370834499598,-7.54234790802,-14.6407365799],[244.309509277,-38.3255462646,-97.9331970215,96.4475784302,-47.3083457947,134.613494873,-0.721809267998,65.8626174927,-12.0813913345,13.7660007477,-14.5462913513,8.80325031281,5.42691040039],[-212.380157471,54.7652053833,64.4122314453,-59.7596855164,71.7501144409,-0.721809267998,117.307388306,4.10793352127,43.7657432556,-16.5892295837,7.23149824142,-14.5398836136,0.751439154148],[219.620773315,-50.9843673706,-72.4970474243,68.0356216431,-48.2444114685,65.8626174927,4.10793352127,109.939041138,16.0636920929,26.396030426,-11.16381073,1.37759780884,-6.95350646973],[-91.8380508423,28.0502166748,26.3301181793,-39.6804771423,30.2527179718,-12.0813913345,43.7657432556,16.0636920929,74.7397842407,13.0671005249,15.8827552795,-4.65306425095,1.26432430744],[144.538269043,-42.3309631348,-38.0368156433,29.4252433777,-24.0204677582,13.7660007477,-16.5892295837,26.396030426,13.0671005249,61.9874420166,14.3610420227,17.1114654541,3.75665736198],[2.71831560135,14.4227104187,4.19467592239,-4.23170042038,0.370834499598,-14.5462913513,7.23149824142,-11.16381073,15.8827552795,14.3610420227,57.605255127,16.7872047424,9.16269874573],[79.4247055054,-24.6779880524,-9.52805805206,4.22379016876,-7.54234790802,8.80325031281,-14.5398836136,1.37759780884,-4.65306425095,17.1114654541,16.7872047424,54.3997344971,22.1380081177],[105.467643738,18.938911438,-31.5730228424,-5.8766002655,-14.6407365799,5.42691040039,0.751439154148,-6.95350646973,1.26432430744,3.75665736198,9.16269874573,22.1380081177,48.4449119568]],"icov":[[0.000255109189311,0.00000739101551517,0.000541289453395,-0.0000734544955776,0.000250359909842,0.000139944895636,-0.000102317251731,-0.0000469233236799,0.000065709631599,-0.000125699792989,0.0000698011353961,-0.000235902873101,-0.000056944838434],[0.00000739101551517,0.00137421069667,0.000179704074981,0.00106645445339,-0.000260842381977,-0.000519239343703,0.000209464633372,0.00000447098727818,0.0000405387290812,0.000521637732163,-0.00076271686703,0.00102242501453,-0.00069457833888],[0.000541289453395,0.000179704074981,0.0032463548705,0.0000623612722848,-0.00159628991969,0.000951196998358,-0.0000317128942697,-0.000218591652811,0.000272860343102,0.000221746740863,-0.0000872248056112,-0.000790141231846,0.000608032336459],[-0.0000734544955776,0.00106645445339,0.0000623612722848,0.00417877547443,0.00130573869683,-0.0020036092028,0.000517211330589,-0.000396681105485,0.000995517591946,-0.0000643708845018,-0.00131670001429,0.00123611709569,0.000507822900545],[0.000250359909842,-0.000260842381977,-0.00159628991969,0.00130573869683,0.00867632683367,-0.000602173968218,-0.00337953632697,0.00240607745945,-0.00085469672922,-0.000594170356635,0.00149009749293,-0.00184880709276,0.00239370972849],[0.000139944895636,-0.000519239343703,0.000951196998358,-0.0020036092028,-0.000602173968218,0.0131992530078,-0.00216877111234,-0.0070299259387,0.00362847163342,-0.000447931292001,0.00220339093357,-0.00222689891234,-0.00181986484677],[-0.000102317251731,0.000209464633372,-0.0000317128942697,0.000517211330589,-0.00337953632697,-0.00216877111234,0.0146780414507,-0.00138746376615,-0.00727981189266,0.00509546371177,-0.00257163820788,0.00357360951602,-0.00237406953238],[-0.0000469233236799,0.00000447098727818,-0.000218591652811,-0.000396681105485,0.00240607745945,-0.0070299259387,-0.00138746376615,0.0172401983291,-0.00536823924631,-0.00478822924197,0.0040646372363,-0.0011931132758,0.00420841854066],[0.000065709631599,0.0000405387290812,0.000272860343102,0.000995517591946,-0.00085469672922,0.00362847163342,-0.00727981189266,-0.00536823924631,0.0224337689579,-0.00568973785266,-0.00458035478368,0.00330079509877,-0.00196902058087],[-0.000125699792989,0.000521637732163,0.000221746740863,-0.0000643708845018,-0.000594170356635,-0.000447931292001,0.00509546371177,-0.00478822924197,-0.00568973785266,0.0238474924117,-0.00490730861202,-0.00484179565683,0.000750698673073],[0.0000698011353961,-0.00076271686703,-0.0000872248056112,-0.00131670001429,0.00149009749293,0.00220339093357,-0.00257163820788,0.0040646372363,-0.00458035478368,-0.00490730861202,0.023772854358,-0.0075758532621,0.000222168731852],[-0.000235902873101,0.00102242501453,-0.000790141231846,0.00123611709569,-0.00184880709276,-0.00222689891234,0.00357360951602,-0.0011931132758,0.00330079509877,-0.00484179565683,-0.0075758532621,0.0292473211884,-0.0124301463366],[-0.000056944838434,-0.00069457833888,0.000608032336459,0.000507822900545,0.00239370972849,-0.00181986484677,-0.00237406953238,0.00420841854066,-0.00196902058087,0.000750698673073,0.000222168731852,-0.0124301463366,0.028694935143]],"mean":[-665.985595703,166.991607666,-20.154630661,39.8083152771,-3.58980727196,26.9127616882,5.18926906586,11.8537311554,-2.91698908806,-0.794512689114,-2.45479941368,0.829615175724,3.22180151939]},"pitch_salience":{"dmean":0.0804163217545,"dmean2":0.129203006625,"dvar":0.00498264376074,"dvar2":0.0124460682273,"max":0.979854345322,"mean":0.567691385746,"median":0.58324354887,"min":0.0807473659515,"var":0.0126818604767},"silence_rate_20dB":{"dmean":0,"dmean2":0,"dvar":0,"dvar2":0,"max":1,"mean":1,"median":1,"min":1,"var":0},"silence_rate_30dB":{"dmean":0.0471099242568,"dmean2":0.0942277163267,"dvar":0.0448905788362,"dvar2":0.107402153313,"max":1,"mean":0.953311622143,"median":1,"min":0,"var":0.0445085763931},"silence_rate_60dB":{"dmean":0.00334112928249,"dmean2":0.00668281689286,"dvar":0.00332996621728,"dvar2":0.00797472056001,"max":1,"mean":0.0413430221379,"median":0,"min":0,"var":0.0396337769926},"spectral_centroid":{"dmean":186.206893921,"dmean2":274.855865479,"dvar":50531.78125,"dvar2":87797.6953125,"max":11102.9638672,"mean":1105.94921875,"median":1010.09625244,"min":157.699111938,"var":403346.59375},"spectral_complexity":{"dmean":3.43818902969,"dmean2":5.32653903961,"dvar":12.98005867,"dvar2":25.7395839691,"max":64,"mean":23.3937187195,"median":23,"min":0,"var":158.201446533},"spectral_contrast_coeffs":{"dmean":[0.0521531291306,0.0473330803216,0.0355709791183,0.0261990502477,0.0202752221376,0.0492657013237],"dmean2":[0.085741572082,0.0789932608604,0.0600989982486,0.0445249304175,0.0338724888861,0.0776205435395],"dvar":[0.00176354858559,0.00134574226104,0.00078357255552,0.000403980287956,0.000315125071211,0.0019477797905],"dvar2":[0.00472800061107,0.00372277479619,0.00220964523032,0.00116052001249,0.00081764353672,0.00477437349036],"max":[-0.373355716467,-0.450932979584,-0.617098808289,-0.679576635361,-0.703874766827,-0.346914976835],"mean":[-0.68304246664,-0.77226883173,-0.804217278957,-0.822613239288,-0.823697984219,-0.708924412727],"median":[-0.688282549381,-0.778976976871,-0.80359774828,-0.820283710957,-0.817183494568,-0.704943358898],"min":[-0.960469007492,-0.975472986698,-0.970080375671,-0.986533820629,-0.977054953575,-0.961457967758],"var":[0.00506462017074,0.00371786556207,0.0023143782746,0.00143279065378,0.00163284305017,0.0100787095726]},"spectral_contrast_valleys":{"dmean":[0.357826799154,0.347591102123,0.28026843071,0.267497569323,0.288484662771,0.723027586937],"dmean2":[0.589667975903,0.57522046566,0.462545603514,0.431936919689,0.430253356695,1.15439474583],"dvar":[0.099483564496,0.0889052301645,0.0705908834934,0.0850682556629,0.134660840034,0.355513989925],"dvar2":[0.234887182713,0.213379740715,0.157274261117,0.180157348514,0.285921931267,0.962865352631],"max":[-4.94261217117,-4.88569879532,-5.01344966888,-5.44153022766,-5.15307283401,-9.07223129272],"mean":[-6.55343532562,-6.64425563812,-6.77757453918,-7.30460071564,-7.56042814255,-11.3620328903],"median":[-6.42212343216,-6.4549703598,-6.50775337219,-6.97528743744,-7.17306089401,-11.2414188385],"min":[-27.3035163879,-26.6298980713,-27.4684257507,-27.4993991852,-27.150800705,-27.2762908936],"var":[0.806684017181,0.98667883873,1.23549866676,1.38161480427,1.75235950947,1.10177135468]},"spectral_decrease":{"dmean":3.98648980493e-9,"dmean2":6.39380282053e-9,"dvar":3.65564001388e-17,"dvar2":9.11856974278e-17,"max":3.11393155705e-9,"mean":-9.19080633821e-9,"median":-7.17536075001e-9,"min":-7.05131526502e-8,"var":6.11353573568e-17},"spectral_energy":{"dmean":0.0152917765081,"dmean2":0.0244512502104,"dvar":0.000526090967469,"dvar2":0.00130662787706,"max":0.293134540319,"mean":0.0439008437097,"median":0.0364908128977,"min":1.05292539108e-20,"var":0.00114220881369},"spectral_energyband_high":{"dmean":0.000308830378344,"dmean2":0.000393225433072,"dvar":7.41058556741e-7,"dvar2":9.27808230244e-7,"max":0.0293394774199,"mean":0.00103546062019,"median":0.000474854954518,"min":7.85842019103e-21,"var":0.00000529992530574},"spectral_energyband_low":{"dmean":0.0129207419232,"dmean2":0.0210401304066,"dvar":0.000443074124632,"dvar2":0.00114394153934,"max":0.255562067032,"mean":0.0218859892339,"median":0.0143572259694,"min":1.33422228467e-22,"var":0.000590075855143},"spectral_energyband_middle_high":{"dmean":0.00150492356624,"dmean2":0.00235024024732,"dvar":0.00000405027685701,"dvar2":0.00000952198479354,"max":0.0481167025864,"mean":0.00557742128149,"median":0.00456303590909,"min":1.41297251441e-21,"var":0.0000234420731431},"spectral_energyband_middle_low":{"dmean":0.00416917912662,"dmean2":0.00666572805494,"dvar":0.0000336771081493,"dvar2":0.0000841427972773,"max":0.0987909883261,"mean":0.0115785300732,"median":0.00849585980177,"min":1.74867263866e-22,"var":0.000115789138363},"spectral_entropy":{"dmean":0.157569333911,"dmean2":0.238262832165,"dvar":0.0419939532876,"dvar2":0.0963408872485,"max":9.80817222595,"mean":7.47203445435,"median":7.62764167786,"min":4.58631324768,"var":0.226458773017},"spectral_flux":{"dmean":0.0265816766769,"dmean2":0.0431237779558,"dvar":0.0011300741462,"dvar2":0.00257180514745,"max":0.429910719395,"mean":0.106374405324,"median":0.102538943291,"min":1.02612154884e-10,"var":0.00317772221752},"spectral_kurtosis":{"dmean":4.10678052902,"dmean2":6.51668024063,"dvar":72.5456771851,"dvar2":195.58644104,"max":257.195922852,"mean":16.3404312134,"median":14.0276451111,"min":-1.21303534508,"var":105.452278137},"spectral_rms":{"dmean":0.00102791469544,"dmean2":0.00161045917775,"dvar":0.00000148590549998,"dvar2":0.00000352230540557,"max":0.0169110894203,"mean":0.00605412898585,"median":0.00596664007753,"min":3.2050653364e-12,"var":0.00000617761543253},"spectral_rolloff":{"dmean":2168.09960938,"dmean2":4051.75878906,"dvar":26835938,"dvar2":69394920,"max":22006.9335938,"mean":5473.66015625,"median":1162.79296875,"min":21.533203125,"var":66994212},"spectral_skewness":{"dmean":0.314237892628,"dmean2":0.483505606651,"dvar":0.255218714476,"dvar2":0.651299536228,"max":13.5675153732,"mean":2.59745264053,"median":2.39513611794,"min":-0.0166863203049,"var":0.742479622364},"spectral_spread":{"dmean":422196.53125,"dmean2":662196.9375,"dvar":276361904128,"dvar2":567245996032,"max":40998200,"mean":3625371.25,"median":3643421.25,"min":578700.9375,"var":776232960000},"spectral_strongpeak":{"dmean":0.691848516464,"dmean2":1.28308844566,"dvar":27.6486186981,"dvar2":73.060874939,"max":137.882232666,"mean":0.682917058468,"median":0.167586714029,"min":0,"var":26.7019939423},"zerocrossingrate":{"dmean":0.023890869692,"dmean2":0.0309863425791,"dvar":0.000515549269039,"dvar2":0.000831390963867,"max":0.58203125,"mean":0.166656792164,"median":0.15283203125,"min":0.0068359375,"var":0.00940837338567}},"metadata":{"audio_properties":{"analysis_sample_rate":44100,"bit_rate":191697,"codec":"mp3","downmix":"mix","equal_loudness":0,"length":277.970031738,"lossless":false,"md5_encoded":"df6bd1130feb51f868d747feab8a2fdb","replay_gain":-0.19055557251,"sample_rate":44100},"tags":{"acoustid_id":["fca9824c-bb19-4e4f-824c-c9d18b188fcd"],"album":["Echoes, Silence, Patience & Grace"],"albumartist":["Foo Fighters"],"artist":["Foo Fighters"],"date":["2007"],"discnumber":["1/1"],"file_name":"08 - Foo Fighters - Summer’s End.mp3","musicbrainz_albumartistid":["67f66c07-6e61-4026-ade5-7e782fad3a5d"],"musicbrainz_albumid":["ec3a4176-51c2-316e-96b1-23df619e5ace"],"musicbrainz_artistid":["67f66c07-6e61-4026-ade5-7e782fad3a5d"],"musicbrainz_recordingid":["d54e5d93-9a83-447f-9497-4cf0831a8581"],"musicbrainz_releasegroupid":["0ce4a1f2-7908-3865-8f19-08348546424a"],"replaygain_album_gain":["+0.01 dB"],"replaygain_album_peak":["0.420713"],"replaygain_track_gain":["+0.67 dB"],"replaygain_track_peak":["0.376975"],"title":["Summer’s End"],"tracknumber":["8/13"]},"version":{"essentia":"2.1-beta1","essentia_build_sha":"e76a03f03bb3900de42a1fa0d9be1e72f12def64","essentia_git_sha":"v2.1_beta1-28-g21ef5f4-dirty","extractor":"music 1.0"}},"rhythm":{"beats_count":572,"beats_loudness":{"dmean":0.0236220099032,"dmean2":0.0405921265483,"dvar":0.000514191226102,"dvar2":0.00144011713564,"max":0.185846120119,"mean":0.0573808662593,"median":0.0552793815732,"min":8.19794294671e-8,"var":0.00112075032666},"beats_loudness_band_ratio":{"dmean":[0.184271618724,0.102480143309,0.0412634797394,0.0503163039684,0.0377772115171,0.0530525706708],"dmean2":[0.330933272839,0.180761054158,0.0710305571556,0.0889318659902,0.0719802752137,0.0964984595776],"dvar":[0.018630143255,0.00814234185964,0.00240647024475,0.00264257867821,0.000930447189603,0.00218713004142],"dvar2":[0.0565295368433,0.0228858310729,0.00659567071125,0.00779512804002,0.00294781499542,0.0064593