{"lowlevel":{"average_loudness":0.826678156853,"barkbands":{"dmean":[0.0000235670977418,0.00201314361766,0.00110236299224,0.00053760985611,0.000893499993253,0.000825105700642,0.00047654719674,0.000602000509389,0.000793605402578,0.000690039014444,0.000550317403395,0.000467624282464,0.000529675802682,0.000543745874893,0.000511410180479,0.000414764857851,0.000348728179233,0.000190369406482,0.000133558438392,0.0000968041276792,0.0000751941843191,0.0000787602475611,0.0000651435912005,0.0000482526411361,0.0000439505201939,0.0000133595440275,0.00000115979185011],"dmean2":[0.0000371679452655,0.00320566212758,0.0019849690143,0.000890894210897,0.00148411968257,0.00132192717865,0.000741665426176,0.0009689181461,0.00126633024774,0.00106311321724,0.000838899228256,0.000699328782503,0.000824183807708,0.000822121510282,0.000775860215072,0.000632595969364,0.000523873488419,0.000287082948489,0.000205244723475,0.000144824094605,0.00011157746485,0.000113451889774,0.0000932966140681,0.0000683756370563,0.0000633763702353,0.0000192225816136,0.00000179543098966],"dvar":[2.28887375719e-9,0.0000220610727411,0.0000106464276541,0.00000282899122794,0.00000410144320995,0.00000406784056395,0.00000163333879755,0.00000181231564511,0.0000036835795072,0.00000290284924631,0.00000223509982789,0.0000012871267927,0.00000176732680757,0.0000017921804556,0.00000181002758382,0.00000100478678178,6.20313699073e-7,1.79340432283e-7,6.14893025386e-8,3.39586030407e-8,2.53784477877e-8,2.49135254649e-8,1.60649609171e-8,8.6301508162e-9,9.94739757232e-9,2.72414490965e-9,6.83823700789e-12],"dvar2":[5.31405186521e-9,0.0000529032222403,0.0000300951742247,0.0000068326503424,0.0000107728237708,0.00000982422170637,0.00000371962892132,0.00000448347054771,0.00000887650912773,0.00000688333784638,0.00000515701731274,0.0000026536642963,0.00000398082374886,0.00000397374651584,0.00000396916084355,0.0000023081179279,0.00000138433460961,4.17007782971e-7,1.4438600715e-7,7.54196349817e-8,5.71846321407e-8,5.06971815639e-8,2.97925115689e-8,1.70184915049e-8,2.03632470885e-8,6.26371043921e-9,1.6587559451e-11],"max":[0.000768269936088,0.0469766333699,0.0420549586415,0.0436133295298,0.0309276841581,0.0491925030947,0.0322524532676,0.0322329886258,0.0375087596476,0.0381989404559,0.0326912999153,0.0237974692136,0.0320193134248,0.0243845842779,0.0281066000462,0.0184788554907,0.0140416286886,0.00843074359,0.00387666956522,0.00463422900066,0.00489543704316,0.00318164844066,0.00334679544903,0.00318864453584,0.00358018651605,0.00214354298078,0.0000613360243733],"mean":[0.0000328497881128,0.00239468528889,0.00122874137014,0.00083711289335,0.00132965354715,0.00118561112322,0.00073835864896,0.000829568947665,0.00107446382754,0.00112251855899,0.000830643402878,0.000766588549595,0.000833178462926,0.000852141936775,0.000787423632573,0.000716123147868,0.000587621820159,0.00032146970625,0.000241839457885,0.000179950846359,0.000129790889332,0.000133407549583,0.000117733565276,0.0000902403407963,0.0000714751222404,0.0000215564268728,0.00000156880560098],"median":[0.0000144321747939,0.000937713775784,0.000407798972446,0.000325121392962,0.000544518581592,0.000439228315372,0.000288994284347,0.000248388736509,0.000238961278228,0.000249694101512,0.000121699791634,0.000120132273878,0.000131010980112,0.000139299809234,0.000158955168445,0.000103703510831,0.000143775250763,0.000089113447757,0.0000928692606976,0.0000726379657863,0.0000606205067015,0.0000523889393662,0.0000560681510251,0.000041253555537,0.000032488918805,0.00000971850295173,5.28102646058e-7],"min":[5.64149747175e-26,1.09569436937e-24,1.42597830165e-24,1.27365734668e-24,7.39926758865e-24,8.98028683767e-24,3.62434569839e-24,6.24315682774e-24,1.36701643157e-23,1.81570252843e-23,8.67837635861e-24,2.20386216793e-23,2.80491927299e-23,2.47004639878e-23,4.598373084e-23,5.40763961202e-23,8.44481594382e-23,1.02227967215e-22,1.38519822393e-22,1.80971835582e-22,2.19041909458e-22,3.62217740375e-22,3.53942829293e-22,5.31975533225e-22,8.46555389795e-22,1.24618162112e-21,1.87795222404e-21],"var":[2.6719042534e-9,0.0000228077424254,0.00000733452634449,0.00000423729170507,0.00000467674135507,0.0000064204782575,0.00000300451506519,0.00000278339871329,0.00000570546717427,0.00000641887345409,0.00000438193865193,0.00000361549268746,0.000003894884685,0.00000405365017286,0.00000335963568432,0.00000268000439974,0.00000148142532908,3.92960998852e-7,1.35633129617e-7,8.04974291668e-8,4.44506511599e-8,5.49320127163e-8,4.01732869193e-8,2.29392504991e-8,2.22251479443e-8,4.09994482808e-9,1.00029038871e-11]},"barkbands_crest":{"dmean":2.50314021111,"dmean2":4.11533164978,"dvar":5.64729690552,"dvar2":14.1331176758,"max":25.7441997528,"mean":8.42562580109,"median":7.59377384186,"min":2.06254935265,"var":13.0062351227},"barkbands_flatness_db":{"dmean":0.0198152456433,"dmean2":0.0298012644053,"dvar":0.000384321814636,"dvar2":0.000848221592605,"max":0.305039137602,"mean":0.106253579259,"median":0.0981768965721,"min":0.0206978339702,"var":0.00182013760787},"barkbands_kurtosis":{"dmean":2.29719781876,"dmean2":3.62897849083,"dvar":21.0825977325,"dvar2":53.0873680115,"max":79.2487792969,"mean":2.98836803436,"median":0.825338482857,"min":-1.93377315998,"var":40.494808197},"barkbands_skewness":{"dmean":0.518358826637,"dmean2":0.783948898315,"dvar":0.310238927603,"dvar2":0.708196997643,"max":7.59166574478,"mean":1.05793642998,"median":0.895993232727,"min":-2.25130414963,"var":1.50831007957},"barkbands_spread":{"dmean":6.12476158142,"dmean2":8.94489192963,"dvar":44.1144332886,"dvar2":88.3132858276,"max":113.742210388,"mean":23.7165870667,"median":22.1862354279,"min":1.04911828041,"var":158.997817993},"dissonance":{"dmean":0.0193410571665,"dmean2":0.0323673412204,"dvar":0.000354319839971,"dvar2":0.000946688756812,"max":0.500000059605,"mean":0.467238277197,"median":0.47381323576,"min":0.275129288435,"var":0.000673206348438},"dynamic_complexity":4.65943861008,"erbbands":{"dmean":[0.044957600534,0.514850139618,1.28108334541,1.43745470047,2.75568389893,2.7360625267,4.3983540535,6.99004602432,7.06496572495,9.19171524048,14.1540555954,18.4427509308,19.450510025,19.2622814178,21.3977718353,19.1292076111,23.2098426819,25.9227027893,25.2217655182,25.9786167145,16.1957435608,17.7415142059,11.3199739456,7.96703290939,5.48279047012,4.5640001297,3.51588511467,2.62595105171,2.78909730911,2.52991604805,1.80898845196,1.13782525063,0.778281211853,0.562051594257,0.275305390358,0.0832313597202,0.0197402704507,0.0033920200076,0.000206428027013,0.0000112512843771],"dmean2":[0.0694026127458,0.846218049526,2.30213212967,2.43443346024,4.62764406204,4.55428934097,7.15212726593,11.270149231,10.8541307449,14.6154098511,22.7948799133,29.4598445892,29.7985401154,29.4471054077,32.2819633484,27.672454834,35.2603034973,38.5702209473,37.4617042542,38.7154655457,23.6114215851,26.3668212891,16.8771476746,11.8840341568,8.44141960144,6.75359392166,5.17752790451,3.85420107841,4.07066297531,3.65259647369,2.61745905876,1.60737645626,1.11697816849,0.821045637131,0.402416080236,0.120850414038,0.028198108077,0.00486053526402,0.00031730736373,0.0000154908793775],"dvar":[0.0102851847187,1.55816066265,14.5819768906,12.652557373,57.1560058594,34.2559776306,119.063819885,330.935668945,442.173797607,538.906616211,981.648071289,2523.79174805,2319.42553711,2764.41064453,3258.77026367,2059.51611328,3265.65161133,4217.02392578,5002.12646484,3810.12719727,1554.59863281,1559.07556152,604.424621582,262.133972168,97.9515686035,70.8896484375,64.0962905884,28.2270698547,33.0417518616,26.3820953369,12.7146568298,4.80792331696,2.43013763428,1.39580202103,0.547549188137,0.153272017837,0.00253968313336,0.0000459290095023,2.38230796867e-7,2.45583525738e-10],"dvar2":[0.0229535214603,3.90243649483,40.9833908081,32.481338501,146.43951416,88.435798645,283.24621582,805.972229004,968.239746094,1324.0390625,2476.34057617,6045.62011719,4978.28125,6771.63476563,7493.65332031,4114.83056641,7183.94335938,9290.9609375,10743.0771484,8528.25976563,3322.61206055,3598.49316406,1399.17663574,576.744628906,243.680328369,151.309555054,141.508666992,61.1774368286,69.3120422363,51.8667182922,24.3099784851,8.82845687866,5.23719453812,2.82829046249,1.19108366966,0.357539772987,0.00481815775856,0.000094364018878,5.74304635848e-7,4.83753981317e-10],"max":[1.17549920082,12.3966341019,42.5400428772,65.6182022095,131.487701416,102.371643066,301.992462158,448.587738037,714.8984375,547.977416992,496.750061035,1134.35290527,1438.84753418,1207.38244629,1111.87976074,1212.98583984,1252.48046875,1447.55981445,1647.12121582,1415.13928223,970.57800293,716.743530273,508.167236328,326.183654785,183.350494385,255.615341187,288.373413086,143.133056641,121.852073669,125.438751221,94.4330596924,81.3932342529,64.2234191895,36.8680343628,32.595413208,17.3661594391,1.87719357014,0.208262905478,0.0123022394255,0.00029116004589],"mean":[0.0574408918619,0.580991327763,1.37548899651,2.26168060303,4.08318519592,3.95319080353,6.09921121597,9.88422870636,11.4929094315,13.3607711792,20.2366886139,25.6269493103,31.4317646027,33.2828483582,34.6595420837,35.2664260864,39.7877311707,43.2261619568,40.1304588318,47.0052108765,31.5853500366,31.3931274414,20.4759349823,14.6445388794,10.4017524719,8.8215970993,6.32145786285,4.55558347702,4.67699050903,4.39036655426,3.20621061325,2.11487007141,1.38143396378,0.922352790833,0.428595274687,0.129466608167,0.0323555469513,0.00548970745876,0.000280197855318,0.0000286857120955],"median":[0.0236139446497,0.217128783464,0.533194243908,1.04278540611,1.35591483116,1.55416297913,2.49983501434,3.47542333603,4.2468290329,5.43994903564,6.59882736206,6.35118293762,8.15216064453,7.25551605225,6.15438365936,6.50557231903,7.03526210785,8.3542766571,7.60638427734,9.63507270813,5.98748016357,7.97847652435,5.92629051208,4.94823169708,4.31091213226,3.7840514183,2.65348005295,2.09779620171,1.81349694729,1.97171914577,1.48835158348,0.928082168102,0.653873860836,0.429470419884,0.179235577583,0.0555905103683,0.0149757210165,0.00252175075002,0.0000940254685702,0.0000210215475818],"min":[3.00782407969e-23,3.59823869383e-22,2.58777800082e-21,5.153210816e-21,1.24986812842e-20,1.4101527898e-20,4.04378099192e-20,5.17728112559e-20,1.19041384335e-19,1.31425790294e-19,1.91711979957e-19,3.19919003693e-19,5.69395720012e-19,6.2439454535e-19,7.85885533326e-19,1.31043989573e-18,1.56451462473e-18,1.33412259365e-18,2.87603192321e-18,4.09089782e-18,4.74657948974e-18,5.88423200546e-18,4.65003386378e-18,6.74008393881e-18,7.8213889112e-18,9.07538562085e-18,9.62054148509e-18,9.0399707101e-18,9.48415594569e-18,1.2183546551e-17,1.12353973913e-17,1.14148947571e-17,8.56231609256e-18,7.62860950636e-18,5.97926719962e-18,4.21270554187e-18,2.1668074728e-18,1.01026856254e-18,2.48750115698e-19,2.57855315985e-20],"var":[0.0118300877512,1.46483063698,9.86494636536,16.622461319,68.142326355,45.572101593,172.328018188,513.832397461,874.397521973,806.034790039,1570.40283203,3835.17749023,4863.17138672,6201.89501953,6255.12695313,6611.15234375,8018.09765625,10078.7070313,9498.69726563,10180.4121094,4763.90673828,3929.14697266,1511.63146973,612.160827637,216.589492798,184.021621704,118.222145081,54.9294509888,69.7398071289,58.4803962708,31.0036411285,13.2649793625,5.55637788773,3.09667730331,1.07468664646,0.214508011937,0.00539046479389,0.0000935973585001,3.41776086543e-7,7.24772075689e-10]},"erbbands_crest":{"dmean":2.78542590141,"dmean2":4.49300718307,"dvar":6.92034626007,"dvar2":16.945684433,"max":30.0757350922,"mean":9.16125202179,"median":8.10657405853,"min":2.22176456451,"var":19.9537239075},"erbbands_flatness_db":{"dmean":0.0198518708348,"dmean2":0.0277449674904,"dvar":0.000327049900079,"dvar2":0.000626977416687,"max":0.329074919224,"mean":0.149188891053,"median":0.14695930481,"min":0.029255811125,"var":0.00181618391071},"erbbands_kurtosis":{"dmean":1.11055183411,"dmean2":1.72206735611,"dvar":2.30143809319,"dvar2":5.26511669159,"max":36.096912384,"mean":1.00061535835,"median":0.23693972826,"min":-1.80089259148,"var":6.53465032578},"erbbands_skewness":{"dmean":0.376598119736,"dmean2":0.568511545658,"dvar":0.118374474347,"dvar2":0.264637261629,"max":4.69909858704,"mean":0.396371275187,"median":0.333795189857,"min":-2.80459785461,"var":0.588846385479},"erbbands_spread":{"dmean":8.87749671936,"dmean2":12.8674907684,"dvar":101.734809875,"dvar2":210.243225098,"max":146.144180298,"mean":35.5297966003,"median":31.5372657776,"min":2.97295594215,"var":423.143890381},"gfcc":{"cov":[[25434.859375,597.575378418,-2478.69824219,305.735443115,-826.587768555,531.396362305,-599.482299805,370.073638916,-252.686325073,12.7315940857,-273.368865967,-38.0988845825,-106.639419556],[597.575378418,1140.16381836,152.626266479,188.431625366,97.3551254272,-10.9081249237,74.0797805786,-53.3683700562,46.1239128113,-16.4917297363,34.206703186,-48.2226257324,0.831402599812],[-2478.69824219,152.626266479,1199.6496582,252.729766846,35.0791244507,-22.1244258881,46.2801094055,-55.715675354,4.72321939468,-2.86571955681,-13.8978300095,10.3894786835,-28.1051292419],[305.735443115,188.431625366,252.729766846,407.750701904,69.0195617676,-50.3419570923,-63.9462890625,-0.942283809185,69.5962142944,2.91876363754,-46.8878250122,-19.2700519562,8.0940618515],[-826.587768555,97.3551254272,35.0791244507,69.0195617676,251.130493164,57.5970993042,65.6678848267,3.09919404984,38.8424224854,-6.99257612228,8.09018230438,-33.7468185425,5.59804487228],[531.396362305,-10.9081249237,-22.1244258881,-50.3419570923,57.5970993042,238.561080933,109.101638794,14.7639474869,-54.4940872192,-4.89064598083,10.7033090591,-13.9786739349,-36.8648872375],[-599.482299805,74.0797805786,46.2801094055,-63.9462890625,65.6678848267,109.101638794,196.776290894,6.31082105637,-32.4175109863,-16.899066925,24.4875488281,-3.15940761566,-13.8364706039],[370.073638916,-53.3683700562,-55.715675354,-0.942283809185,3.09919404984,14.7639474869,6.31082105637,108.293502808,43.409122467,4.5017580986,-7.58608007431,-3.07762002945,3.85013580322],[-252.686325073,46.1239128113,4.72321939468,69.5962142944,38.8424224854,-54.4940872192,-32.4175109863,43.409122467,142.855148315,38.6376609802,-3.63997578621,-3.61251688004,28.2132396698],[12.7315940857,-16.4917297363,-2.86571955681,2.91876363754,-6.99257612228,-4.89064598083,-16.899066925,4.5017580986,38.6376609802,76.8241729736,30.2890892029,13.2140598297,4.23974752426],[-273.368865967,34.206703186,-13.8978300095,-46.8878250122,8.09018230438,10.7033090591,24.4875488281,-7.58608007431,-3.63997578621,30.2890892029,93.3598403931,30.3688106537,2.27884984016],[-38.0988845825,-48.2226257324,10.3894786835,-19.2700519562,-33.7468185425,-13.9786739349,-3.15940761566,-3.07762002945,-3.61251688004,13.2140598297,30.3688106537,73.222694397,27.0438919067],[-106.639419556,0.831402599812,-28.1051292419,8.0940618515,5.59804487228,-36.8648872375,-13.8364706039,3.85013580322,28.2132396698,4.23974752426,2.27884984016,27.0438919067,67.8979415894]],"icov":[[0.000126899365569,-0.000189920509001,0.00028899719473,-0.000290419033263,0.000434886664152,-0.000551953504328,0.000477344263345,-0.000477416499052,0.000389770197216,-0.000203951043659,0.000341025472153,-0.000188061516383,0.0000589237097302],[-0.000189920509001,0.00144760974217,-0.000408923398936,-0.000218547414988,-0.000474747066619,0.000923721585423,-0.00140909245238,0.00148636114318,-0.00116898596752,0.000966817839071,-0.00163582386449,0.00139558827505,-0.000365578162018],[0.00028899719473,-0.000408923398936,0.00173303042538,-0.00144365034066,0.00106484291609,-0.000994271831587,0.000396473886212,-0.000537895073649,0.0008343681111,-0.000517285079695,0.000914878328331,-0.00102483469527,0.000895109667908],[-0.000290419033263,-0.000218547414988,-0.00144365034066,0.0047414675355,-0.00225041829981,0.00122697977349,0.000687362859026,0.00081738102017,-0.00175645260606,0.000153850545757,0.0013067239197,-0.000281099608401,0.000117545074318],[0.000434886664152,-0.000474747066619,0.00106484291609,-0.00225041829981,0.00754355639219,-0.00338835013099,-0.000153457702254,-0.000451510975836,-0.00114150322042,0.00100759975612,-0.00102754263207,0.0028055277653,-0.00174098275602],[-0.000551953504328,0.000923721585423,-0.000994271831587,0.00122697977349,-0.00338835013099,0.00947576761246,-0.00517538841814,0.000364600797184,0.00131077610422,-0.00127700564917,-0.00066582049476,0.000566803209949,0.00224449648522],[0.000477344263345,-0.00140909245238,0.000396473886212,0.000687362859026,-0.000153457702254,-0.00517538841814,0.0105825224891,-0.0028971999418,0.00200673006475,0.000935267307796,0.000151980755618,-0.00142797466833,0.0000440802905359],[-0.000477416499052,0.00148636114318,-0.000537895073649,0.00081738102017,-0.000451510975836,0.000364600797184,-0.0028971999418,0.0141724292189,-0.00722328992561,0.00279484479688,-0.00118669576477,0.000887121714186,0.000266445073066],[0.000389770197216,-0.00116898596752,0.0008343681111,-0.00175645260606,-0.00114150322042,0.00131077610422,0.00200673006475,-0.00722328992561,0.0153024140745,-0.00807342585176,0.00271586282179,0.000708967563696,-0.00342236505821],[-0.000203951043659,0.000966817839071,-0.000517285079695,0.000153850545757,0.00100759975612,-0.00127700564917,0.000935267307796,0.00279484479688,-0.00807342585176,0.020396867767,-0.00779126398265,-0.000242314097704,0.0011301448103],[0.000341025472153,-0.00163582386449,0.000914878328331,0.0013067239197,-0.00102754263207,-0.00066582049476,0.000151980755618,-0.00118669576477,0.00271586282179,-0.00779126398265,0.0184424426407,-0.00843551009893,0.00269894278608],[-0.000188061516383,0.00139558827505,-0.00102483469527,-0.000281099608401,0.0028055277653,0.000566803209949,-0.00142797466833,0.000887121714186,0.000708967563696,-0.000242314097704,-0.00843551009893,0.0232854988426,-0.0102390302345],[0.0000589237097302,-0.000365578162018,0.000895109667908,0.000117545074318,-0.00174098275602,0.00224449648522,0.0000440802905359,0.000266445073066,-0.00342236505821,0.0011301448103,0.00269894278608,-0.0102390302345,0.021876713261]],"mean":[-33.6498756409,73.2914047241,-119.27104187,26.6330051422,-60.279914856,18.8372821808,-39.5374641418,12.8491420746,-21.6646270752,4.90106582642,-16.6383457184,2.33624911308,-11.4410991669]},"hfc":{"dmean":6.32757949829,"dmean2":7.99270629883,"dvar":79.3683776855,"dvar2":127.550498962,"max":125.953857422,"mean":18.7658195496,"median":10.892698288,"min":1.08151443106e-16,"var":421.033172607},"melbands":{"dmean":[0.000488651450723,0.000667947460897,0.000282368593616,0.000206591503229,0.000141259675729,0.000159258401254,0.000104446837213,0.000106414096081,0.000123688223539,0.00011481456022,0.0000984620419331,0.0000814070808701,0.0000744872304494,0.0000557101120648,0.0000613087977399,0.0000438958704763,0.0000539027059858,0.0000437932467321,0.0000356495911547,0.0000369535373466,0.0000185185162991,0.000020008890715,0.0000163020886248,0.00000831637407828,0.00000686962948748,0.00000490651882501,0.00000351653920916,0.00000314947487823,0.00000256036287283,0.00000188708713722,0.00000154107931394,0.00000169605630163,0.00000163427625921,0.00000140154361361,0.00000114113129257,8.49344132803e-7,7.05372485754e-7,5.82197060339e-7,5.36861705314e-7,4.81593190216e-7],"dmean2":[0.000763504183851,0.00115508772433,0.00047068335698,0.000347945082467,0.000228951335885,0.000255402526818,0.000160054376465,0.000169102830114,0.000200690003112,0.000181968163815,0.000151651038323,0.000125715654576,0.000113112088002,0.0000816421816126,0.0000938750163186,0.0000674245457049,0.0000807797187008,0.0000664317485644,0.0000537286650797,0.0000557101957384,0.0000277706585621,0.0000300276369671,0.000025045386792,0.0000127145594888,0.0000103995062091,0.00000768427889852,0.00000542567249795,0.00000472604460811,0.00000385295470551,0.0000028843378459,0.00000230166961046,0.0000025331728466,0.00000241209522756,0.00000206384038393,0.00000168634358033,0.00000124124119338,0.00000101621265003,8.54012057516e-7,7.95198445758e-7,7.11792836228e-7],"dvar":[0.0000012381972283,0.00000336979837812,5.30073180016e-7,2.44548402861e-7,1.10744302617e-7,1.7203706193e-7,9.08777977315e-8,6.55020429008e-8,7.34066603059e-8,9.50149612322e-8,5.97249396606e-8,5.20126981485e-8,4.04365216866e-8,1.89687057173e-8,2.3701316465e-8,1.14852909405e-8,1.92081905936e-8,1.51281991378e-8,8.54811332829e-9,7.8135773407e-9,2.42276554374e-9,2.22234586289e-9,1.40672562488e-9,3.28852278741e-10,2.11563100372e-10,8.39018021725e-11,4.46194262094e-11,3.59361325419e-11,4.27800780911e-11,1.27461886532e-11,1.10477304388e-11,1.20924424987e-11,1.169970891e-11,8.13598320659e-12,5.28998199412e-12,2.87179720108e-12,1.88860710924e-12,1.28798176551e-12,1.34823912017e-12,1.14429115055e-12],"dvar2":[0.00000282862652057,0.00000912008727028,0.00000131977787987,6.47465526527e-7,2.67095401796e-7,4.11174994497e-7,2.00618401891e-7,1.61098341778e-7,1.87050474665e-7,2.25155545763e-7,1.29177493591e-7,1.2893291057e-7,9.34439583489e-8,3.75319544332e-8,5.36611466373e-8,2.53813698947e-8,4.24559019052e-8,3.35767538218e-8,1.97525658052e-8,1.76071246472e-8,5.45626832604e-9,4.95593521777e-9,3.41215899979e-9,7.63880791954e-10,4.70552208309e-10,2.17652701417e-10,1.0255283428e-10,7.85555925864e-11,9.32771637707e-11,2.96249864917e-11,2.46207429444e-11,2.6723148e-11,2.47881055959e-11,1.65540185726e-11,1.0784657889e-11,5.76087051327e-12,3.78074741653e-12,2.80023595457e-12,2.92678034586e-12,2.45190543216e-12],"max":[0.0120391873643,0.0203831139952,0.0152538120747,0.00744620105252,0.00886908825487,0.0110811898485,0.00943669024855,0.00572962174192,0.00419816281646,0.00643292441964,0.00698585342616,0.00548639893532,0.00394080905244,0.00244924332947,0.00433965120465,0.00185767316725,0.00304423621856,0.00272353063338,0.00184199435171,0.0019253421342,0.00106974982191,0.000851451419294,0.000899397069588,0.000372844486265,0.000282567343675,0.000162289361469,0.000170534534846,0.000173021704541,0.000256795639871,0.0000873172830325,0.0000903231048142,0.0000726719445083,0.0000690993329044,0.0000706414866727,0.0000679902659613,0.0000445624464191,0.0000493923835165,0.0000391516441596,0.0000519943932886,0.000033896882087],"mean":[0.000608932750765,0.00076076289406,0.000458297959995,0.000292712531518,0.000206147960853,0.00023132826027,0.000170967919985,0.000151058935444,0.000173814842128,0.000155893692863,0.000155784306116,0.000134180416353,0.000116310053272,0.0000888726790436,0.000105763167085,0.0000679918666719,0.0000837806728669,0.0000637884586467,0.000056729924836,0.0000641747828922,0.000031697567465,0.0000327055895468,0.0000267780524155,0.0000138871027957,0.0000116398077807,0.00000846478542371,0.00000611867108091,0.00000576619686399,0.00000423498704549,0.00000308129756377,0.00000246578633778,0.0000026733159757,0.00000259705552708,0.00000236298205891,0.00000193099117496,0.00000144180012285,0.00000124768405385,9.86756049315e-7,8.68500535489e-7,7.46880914448e-7],"median":[0.000242343608988,0.00032549619209,0.000204061667318,0.000109953143692,0.0000863022869453,0.0000811684440123,0.0000637138873572,0.0000573575853196,0.0000531029654667,0.0000345857952198,0.0000364653096767,0.0000258774125541,0.0000179738017323,0.0000149764264279,0.000016269605112,0.0000122473793454,0.000013882679923,0.0000102530357253,0.0000108529820864,0.0000110158835014,0.00000522439950146,0.00000778661251388,0.00000709260802978,0.00000388280022889,0.00000348387220583,0.0000031172251056,0.00000261664331447,0.00000229602528634,0.00000155467887453,0.00000143640647821,9.95773007162e-7,9.59277940638e-7,9.82262918114e-7,0.00000105536923911,8.95629909792e-7,6.2832441472e-7,5.12560916377e-7,4.42494780373e-7,4.06288592103e-7,3.31418675614e-7],"min":[3.38073194162e-25,1.5520873809e-24,1.4767725623e-24,1.42456959329e-24,1.35819937267e-24,1.34516906685e-24,1.61338542311e-24,1.70381097095e-24,1.33515546373e-24,1.89228206855e-24,2.50382518608e-24,2.16894781536e-24,1.26005817353e-24,3.09346676387e-24,2.91566934874e-24,3.33862658941e-24,1.93483164806e-24,3.87978950912e-24,3.73992052632e-24,4.26540759656e-24,4.94265612218e-24,4.82855330869e-24,4.51677891287e-24,3.44534093165e-24,4.14942216653e-24,3.8394507123e-24,4.61636747456e-24,5.74295117179e-24,5.2773378554e-24,4.75841174131e-24,5.68712111894e-24,4.49174677863e-24,5.8800524361e-24,6.20140005344e-24,5.41032126579e-24,4.89636655312e-24,6.74860643655e-24,5.9100926538e-24,6.42007702953e-24,5.86597521325e-24],"var":[0.00000138471796163,0.0000026032275855,7.35079652259e-7,2.58447698798e-7,1.6512430534e-7,2.87228601792e-7,1.813064614e-7,9.58888932701e-8,1.15401157075e-7,1.43594846236e-7,1.25719807897e-7,1.12959455123e-7,8.00325921091e-8,4.56424444906e-8,6.36239292362e-8,2.41899673625e-8,4.28219095738e-8,2.71327387225e-8,1.66423177461e-8,2.07546211328e-8,5.92162763269e-9,4.79818851318e-9,3.06138248085e-9,7.54032170036e-10,4.43625969293e-10,1.67313857213e-10,9.34591640189e-11,8.77696804125e-11,7.30582261355e-11,2.27830757732e-11,1.93539958365e-11,2.42339880802e-11,2.29390135359e-11,1.7085140594e-11,1.14524865286e-11,7.00184658517e-12,4.71368603872e-12,2.8217471762e-12,2.7019040217e-12,2.24707860826e-12]},"melbands_crest":{"dmean":3.10421490669,"dmean2":5.13075447083,"dvar":8.85462760925,"dvar2":21.974363327,"max":33.0476417542,"mean":11.1907558441,"median":10.3745632172,"min":1.00113666058,"var":20.8210544586},"melbands_flatness_db":{"dmean":0.0252809375525,"dmean2":0.0370164513588,"dvar":0.000637916557025,"dvar2":0.00136186566669,"max":0.421534687281,"mean":0.160603329539,"median":0.1485683918,"min":-3.02002320041e-7,"var":0.00412268098444},"melbands_kurtosis":{"dmean":5.95115709305,"dmean2":9.43906974792,"dvar":176.246795654,"dvar2":441.140838623,"max":233.045562744,"mean":9.71146869659,"median":3.91693019867,"min":-1.70733952522,"var":303.514465332},"melbands_skewness":{"dmean":0.713180720806,"dmean2":1.07708823681,"dvar":0.716944217682,"dvar2":1.61727511883,"max":12.9131326675,"mean":1.95402944088,"median":1.64799439907,"min":-1.98486113548,"var":2.8253288269},"melbands_spread":{"dmean":8.08470535278,"dmean2":12.2906217575,"dvar":93.6515655518,"dvar2":203.666381836,"max":186.759033203,"mean":30.4079284668,"median":27.3738136292,"min":1.27395510674,"var":449.344665527},"mfcc":{"cov":[[11829.4414063,426.508514404,-814.982910156,-126.480140686,136.961578369,35.0310401917,-11.0955410004,141.610458374,60.1046142578,147.456237793,-28.4281024933,-40.387462616,-88.3968200684],[426.508514404,1095.87939453,157.891799927,159.625991821,32.3736381531,98.6048202515,67.6434326172,30.3549194336,0.696680009365,-5.49141359329,34.0910072327,32.2163887024,6.46305704117],[-814.982910156,157.891799927,877.618286133,251.389144897,47.891620636,61.0541763306,-6.59394407272,1.07299911976,-8.88038444519,-42.253616333,9.45815467834,-22.0225563049,31.2219543457],[-126.480140686,159.625991821,251.389144897,424.376373291,141.944366455,8.29236316681,-114.781570435,-20.3429412842,51.8379173279,3.33790683746,-22.1570396423,2.37271952629,21.5110340118],[136.961578369,32.3736381531,47.891620636,141.944366455,208.241134644,27.2281131744,-40.1104469299,-0.754573404789,41.1451225281,44.3010902405,-8.44922637939,13.5367136002,14.2967281342],[35.0310401917,98.6048202515,61.0541763306,8.29236316681,27.2281131744,179.809585571,102.048973083,30.8522338867,4.36324071884,-3.08396601677,30.1894035339,1.07617199421,-8.88217830658],[-11.0955410004,67.6434326172,-6.59394407272,-114.781570435,-40.1104469299,102.048973083,227.733215332,71.1421661377,-28.5622119904,-2.87329673767,30.4923820496,1.39979887009,-17.012714386],[141.610458374,30.3549194336,1.07299911976,-20.3429412842,-0.754573404789,30.8522338867,71.1421661377,103.814582825,28.9235610962,13.1850538254,9.59718608856,2.19723010063,-3.5996325016],[60.1046142578,0.696680009365,-8.88038444519,51.8379173279,41.1451225281,4.36324071884,-28.5622119904,28.9235610962,109.841781616,37.1271286011,-2.07176733017,4.35052537918,-4.88367700577],[147.456237793,-5.49141359329,-42.253616333,3.33790683746,44.3010902405,-3.08396601677,-2.87329673767,13.1850538254,37.1271286011,89.4926147461,15.8542327881,8.44616889954,0.453431069851],[-28.4281024933,34.0910072327,9.45815467834,-22.1570396423,-8.44922637939,30.1894035339,30.4923820496,9.59718608856,-2.07176733017,15.8542327881,71.2686233521,27.6749839783,3.29535531998],[-40.387462616,32.2163887024,-22.0225563049,2.37271952629,13.5367136002,1.07617199421,1.39979887009,2.19723010063,4.35052537918,8.44616889954,27.6749839783,75.5132141113,26.7405071259],[-88.3968200684,6.46305704117,31.2219543457,21.5110340118,14.2967281342,-8.88217830658,-17.012714386,-3.5996325016,-4.88367700577,0.453431069851,3.29535531998,26.7405071259,68.7062606812]],"icov":[[0.0000989262407529,-0.0000567656425119,0.0000970153705566,0.0000301341406157,-0.0000732664411771,-0.0000547837626073,0.000122288503917,-0.000195824992261,0.0000902145693544,-0.000107880492578,0.0000414487913076,0.0000854691752465,0.0000791524507804],[-0.0000567656425119,0.00109816202894,-0.0000871363008628,-0.000585497356951,0.00023800553754,-0.000307782407617,-0.000395570095861,7.13104952865e-7,0.000121305478388,0.0000329000140482,-0.000204427269637,-0.000497859029565,0.0000713233821443],[0.0000970153705566,-0.0000871363008628,0.0016454096185,-0.00102258392144,0.0000536116458534,-0.000290804367978,-0.000122806493891,-0.000295361329336,0.000326053617755,0.00054969167104,-0.000721974065527,0.00105479708873,-0.000745529076084],[0.0000301341406157,-0.000585497356951,-0.00102258392144,0.00473501347005,-0.00236973585561,-0.000473079824587,0.0021431487985,-0.000145724610775,-0.00109627563506,0.0008333560545,0.000731181469746,-0.0000604233900958,-0.0000639222998871],[-0.0000732664411771,0.00023800553754,0.0000536116458534,-0.00236973585561,0.00788782909513,-0.00200885976665,0.000553453341126,0.000214832471102,-0.000247989431955,-0.00386116374284,0.00211914768443,-0.00155641755555,-0.000639848120045],[-0.0000547837626073,-0.000307782407617,-0.000290804367978,-0.000473079824587,-0.00200885976665,0.00932260975242,-0.0047464389354,0.00103852059692,-0.00172013335396,0.00214009103365,-0.00332376360893,0.00130410550628,0.000256536935922],[0.000122288503917,-0.000395570095861,-0.000122806493891,0.0021431487985,0.000553453341126,-0.0047464389354,0.0102816848084,-0.00605712272227,0.00358972512186,-0.00100428657606,-0.000133096778882,-0.000507689081132,0.00154490990099],[-0.000195824992261,7.13104952865e-7,-0.000295361329336,-0.000145724610775,0.000214832471102,0.00103852059692,-0.00605712272227,0.0152541417629,-0.00563437212259,0.0000277353574347,-0.000163926946698,0.000221718655666,-0.00116236926988],[0.0000902145693544,0.000121305478388,0.000326053617755,-0.00109627563506,-0.000247989431955,-0.00172013335396,0.00358972512186,-0.00563437212259,0.013999263756,-0.00488550867885,0.00139339279849,-0.00124611402862,0.0021680991631],[-0.000107880492578,0.0000329000140482,0.00054969167104,0.0008333560545,-0.00386116374284,0.00214009103365,-0.00100428657606,0.0000277353574347,-0.00488550867885,0.0163377579302,-0.0050387987867,0.00122290104628,-0.000509073084686],[0.0000414487913076,-0.000204427269637,-0.000721974065527,0.000731181469746,0.00211914768443,-0.00332376360893,-0.000133096778882,-0.000163926946698,0.00139339279849,-0.0050387987867,0.0203967764974,-0.00797929614782,0.00151907571126],[0.0000854691752465,-0.000497859029565,0.00105479708873,-0.0000604233900958,-0.00155641755555,0.00130410550628,-0.000507689081132,0.000221718655666,-0.00124611402862,0.00122290104628,-0.00797929614782,0.0194917134941,-0.00722536863759],[0.0000791524507804,0.0000713233821443,-0.000745529076084,-0.0000639222998871,-0.000639848120045,0.000256536935922,0.00154490990099,-0.00116236926988,0.0021680991631,-0.000509073084686,0.00151907571126,-0.00722536863759,0.0183933228254]],"mean":[-665.830810547,103.931686401,-1.77121436596,11.3673839569,2.82402634621,3.29144239426,-2.94977784157,4.08804178238,0.480868071318,2.74710130692,0.199380576611,-0.525541722775,0.109804689884]},"pitch_salience":{"dmean":0.0719378292561,"dmean2":0.117038957775,"dvar":0.00439957575873,"dvar2":0.0114521421492,"max":0.996073246002,"mean":0.584785938263,"median":0.592750072479,"min":0.154237210751,"var":0.0102169206366},"silence_rate_20dB":{"dmean":0,"dmean2":0,"dvar":0,"dvar2":0,"max":1,"mean":1,"median":1,"min":1,"var":0},"silence_rate_30dB":{"dmean":0.000235932529904,"dmean2":0.000471920706332,"dvar":0.000235858242377,"dvar2":0.000707583851181,"max":1,"mean":0.999882042408,"median":1,"min":0,"var":0.000117933777801},"silence_rate_60dB":{"dmean":0.0457709096372,"dmean2":0.0915526226163,"dvar":0.0436790436506,"dvar2":0.0921315774322,"max":1,"mean":0.14732247591,"median":0,"min":0,"var":0.125624626875},"spectral_centroid":{"dmean":252.898101807,"dmean2":377.697174072,"dvar":91765.3125,"dvar2":195635.0625,"max":11529.0195313,"mean":1575.98168945,"median":1487.14672852,"min":226.167617798,"var":1192557.5},"spectral_complexity":{"dmean":3.53568482399,"dmean2":5.01132631302,"dvar":17.2560787201,"dvar2":32.1178016663,"max":54,"mean":16.7367305756,"median":15,"min":0,"var":108.678230286},"spectral_contrast_coeffs":{"dmean":[0.0469979569316,0.0479161776602,0.0417098775506,0.0347216576338,0.0242048464715,0.0190462972969],"dmean2":[0.0772086456418,0.0780400559306,0.0668063610792,0.0539420545101,0.0368037372828,0.0285945646465],"dvar":[0.00162826862652,0.00159193424042,0.00123651127797,0.000822216505185,0.00039868245949,0.000286986673018],"dvar2":[0.00423519033939,0.00408247346058,0.00298339826986,0.00186217622831,0.000880730396602,0.000648362271022],"max":[-0.330481886864,-0.353529155254,-0.427721083164,-0.530629098415,-0.609129667282,-0.6485273242],"mean":[-0.692105352879,-0.7485871315,-0.759899675846,-0.755760610104,-0.785707890987,-0.788133084774],"median":[-0.694291949272,-0.754788041115,-0.769288063049,-0.757642626762,-0.786929249763,-0.786293148994],"min":[-0.981914281845,-0.986319899559,-0.997932493687,-0.987691521645,-0.989202558994,-0.965510964394],"var":[0.0057950746268,0.00567528931424,0.00566793372855,0.00474462052807,0.00254564452916,0.00161499145906]},"spectral_contrast_valleys":{"dmean":[0.428490459919,0.392516553402,0.364463686943,0.338575035334,0.303426384926,0.375489115715],"dmean2":[0.671131849289,0.617787063122,0.550311028957,0.485887438059,0.404148846865,0.455123275518],"dvar":[0.193174093962,0.144989222288,0.128940552473,0.121515057981,0.122098073363,0.15970428288],"dvar2":[0.367404192686,0.301977425814,0.248114854097,0.216425582767,0.198287084699,0.254265069962],"max":[-5.0547542572,-4.50865507126,-5.24344968796,-5.53066539764,-5.40317153931,-7.64149522781],"mean":[-7.87505149841,-7.17505407333,-7.73391628265,-8.13694953918,-8.04832839966,-10.1902484894],"median":[-7.38451719284,-6.83801078796,-7.41292381287,-7.83967351913,-7.72911500931,-9.78482627869],"min":[-28.0203552246,-28.1540851593,-27.8146476746,-27.5758571625,-27.5032176971,-27.3729305267],"var":[5.15862751007,5.15411663055,5.04621171951,5.01154232025,4.93466615677,4.20242452621]},"spectral_decrease":{"dmean":1.65352642689e-9,"dmean2":2.37247732571e-9,"dvar":6.18751074601e-18,"dvar2":1.32365747678e-17,"max":1.93910848114e-28,"mean":-4.17414103282e-9,"median":-2.90552204518e-9,"min":-2.9595387474e-8,"var":1.58371139812e-17},"spectral_energy":{"dmean":0.00671173119918,"dmean2":0.00951003003865,"dvar":0.0000976963056019,"dvar2":0.000204473268241,"max":0.119472384453,"mean":0.0174563191831,"median":0.0121633410454,"min":1.0128970388e-20,"var":0.000272555742413},"spectral_energyband_high":{"dmean":0.000306157075102,"dmean2":0.00040972584975,"dvar":2.89951657351e-7,"dvar2":4.93565892157e-7,"max":0.0134807145223,"mean":0.000658258446492,"median":0.000328849477228,"min":7.06798206887e-21,"var":8.90049875579e-7},"spectral_energyband_low":{"dmean":0.00292112538591,"dmean2":0.0046625174582,"dvar":0.0000481581919303,"dvar2":0.000117862327897,"max":0.081472016871,"mean":0.00405169045553,"median":0.00191369990353,"min":1.53331020366e-23,"var":0.0000509232413606},"spectral_energyband_middle_high":{"dmean":0.00248126196675,"dmean2":0.00330082257278,"dvar":0.0000151919348355,"dvar2":0.0000266340630333,"max":0.0487690828741,"mean":0.00693709217012,"median":0.00254552182741,"min":1.25755212336e-21,"var":0.000083207647549},"spectral_energyband_middle_low":{"dmean":0.00313655450009,"dmean2":0.00486351642758,"dvar":0.0000279086762021,"dvar2":0.0000666708801873,"max":0.0712153837085,"mean":0.00640059215948,"median":0.0042560598813,"min":1.59052483361e-22,"var":0.0000495988679177},"spectral_entropy":{"dmean":0.174281209707,"dmean2":0.244393870234,"dvar":0.0310449451208,"dvar2":0.0564372614026,"max":9.82237243652,"mean":7.72168684006,"median":7.73611545563,"min":5.6969871521,"var":0.171585857868},"spectral_flux":{"dmean":0.0224471185356,"dmean2":0.0334467403591,"dvar":0.000680030265357,"dvar2":0.00132061901968,"max":0.285258114338,"mean":0.0748439282179,"median":0.0650272592902,"min":6.39239008948e-11,"var":0.00236458843574},"spectral_kurtosis":{"dmean":1.27241611481,"dmean2":1.97433936596,"dvar":1.96865832806,"dvar2":4.59892225266,"max":22.6397590637,"mean":3.87966179848,"median":3.65595316887,"min":-1.26271152496,"var":5.02809000015},"spectral_rms":{"dmean":0.000726446975023,"dmean2":0.000987129402347,"dvar":7.62439867685e-7,"dvar2":0.00000146496142861,"max":0.0107962228358,"mean":0.00365434680134,"median":0.00344480387866,"min":3.14355247562e-12,"var":0.00000367630468645},"spectral_rolloff":{"dmean":521.315185547,"dmean2":831.687805176,"dvar":1006552.375,"dvar2":2107867.5,"max":19573.6816406,"mean":1947.0793457,"median":1550.390625,"min":86.1328125,"var":4947231.5},"spectral_skewness":{"dmean":0.202664837241,"dmean2":0.300926595926,"dvar":0.0421517975628,"dvar2":0.0877761691809,"max":3.89940237999,"mean":1.55738925934,"median":1.55427920818,"min":-0.0648267865181,"var":0.163753286004},"spectral_spread":{"dmean":728277.125,"dmean2":1013105.3125,"dvar":1132955566080,"dvar2":2327694278660,"max":47515324,"mean":5416923,"median":4696767,"min":1851714.5,"var":14281845243900},"spectral_strongpeak":{"dmean":0.675703823566,"dmean2":1.1219394207,"dvar":1.06308376789,"dvar2":2.66325497627,"max":14.9100732803,"mean":1.10401022434,"median":0.440425336361,"min":0,"var":2.0257794857},"zerocrossingrate":{"dmean":0.0118519803509,"dmean2":0.0137896826491,"dvar":0.000213788327528,"dvar2":0.000277356070001,"max":0.5224609375,"mean":0.0778635814786,"median":0.07080078125,"min":0.0068359375,"var":0.00318162841722}},"metadata":{"audio_properties":{"analysis_sample_rate":44100,"bit_rate":192025,"codec":"mp3","downmix":"mix","equal_loudness":0,"length":196.83265686,"lossless":false,"md5_encoded":"da796e7f3cffb3c443b26ce80650e187","replay_gain":-7.29327011108,"sample_rate":44100},"tags":{"album":["Heard You Missed Me, Well I'm"],"albumartist":["Sly & The Family Stone"],"artist":["Sly & The Family Stone"],"bpm":["82"],"composer":["Sylvester Stewart"],"date":["1976"],"discnumber":["1/1"],"file_name":"C:\\Users\\admin\\AppData\\Local\\Temp\\copy8621261542054803199.mp3","genre":["Funk"," Funk"],"initialkey":["G"],"language":["eng"],"musicbrainz_albumid":["cb13917d-49fb-4a1d-91e3-8674abc120c3"],"musicbrainz_artistid":["b7ec4c54-1f93-4bf2-957f-7b9921ab84ea"],"musicbrainz_recordingid":["d5b2e87e-d01d-4665-a9ca-3c66af92c2ea"],"title":["Everything in You"],"tracknumber":["6/10"]},"version":{"essentia":"2.1-beta2","essentia_build_sha":"2d9f1f26377add8aeb1075a9c2973f962c4f09fd","essentia_git_sha":"v2.1_beta2-1-ge3940c0","extractor":"music 1.0"}},"rhythm":{"beats_count":529,"beats_loudness":{"dmean":0.0195968616754,"dmean2":0.0372634977102,"dvar":0.000201879200176,"dvar2":0.000664102379233,"max":0.0823571905494,"mean":0.0275392252952,"median":0.024842640385,"min":0,"var":0.000401839526603},"beats_loudness_band_ratio":{"dmean":[0.368728548288,0.135462448001,0.154829844832,0.156533077359,0.106325745583,0.0860985219479],"dmean2":[0.713148891926,0.251665383577,0.28407138586,0.279164582491,0.184533923864,0.158737361431],"dvar":[0.0539735071361,0.020001841709,0.0187691822648,0.0223264675587,0.0113168768585,0.0104908421636],"dvar2":[0.186636477709,0.0651971176267,0.0553460158408,0.0644257068634,0.031616229564,0.0320380032063],"max":[0.934456944466,0.952571868896,0.910969376564,0.795624256134,0.64