{"lowlevel":{"average_loudness":0.737832725048,"barkbands":{"dmean":[0.00475825881585,0.0192766506225,0.00850808434188,0.00176165869925,0.00159354612697,0.000719322415534,0.00041429119301,0.000254488259088,0.000396289629862,0.00035398468026,0.000372374342987,0.00108407891821,0.00134196935687,0.000811579404399,0.000325133907609,0.000133936540806,0.000118290634418,0.0000454578221252,0.0000519371787959,0.0000437797934865,0.0000387349646189,0.0000230959594774,0.00000797074517322,0.00000417673300035,0.00000407134484703,0.00000711066513759,0.00125266693067],"dmean2":[0.00812415406108,0.033435292542,0.0148775167763,0.00293862842955,0.00263551808894,0.00118858239148,0.000680028286297,0.000416108086938,0.00063291931292,0.000575031270273,0.000609334150795,0.00183320383076,0.00228056986816,0.00136696232948,0.000548738171346,0.000229972123634,0.00020027832943,0.0000749188111513,0.0000839773929329,0.0000677845309838,0.0000594126504438,0.0000352847782779,0.0000127227476696,0.00000691436252964,0.00000676438730807,0.0000112890111268,0.00199361587875],"dvar":[0.000161513133207,0.000953745504376,0.000285624992102,0.0000116715345939,0.00000783005361882,0.0000031766239772,0.00000151518167968,4.52211139645e-7,0.0000015386905261,0.00000105927824734,0.00000123836252897,0.00000363549952453,0.00000783707309893,0.00000210121470445,3.41686217098e-7,4.44948078382e-8,3.3304317526e-8,1.10999804903e-8,1.23263967922e-8,1.02575512528e-8,6.5834919738e-9,6.25033669266e-9,4.0117870137e-10,6.17265613623e-11,5.67181752953e-11,1.74969039257e-10,0.00000446451440439],"dvar2":[0.000418466050178,0.00272584357299,0.000810910947621,0.0000303468459606,0.0000199401674763,0.0000078633938756,0.00000371630267182,0.00000108957840439,0.0000029346088013,0.00000245717615144,0.00000319591822517,0.00000966191328189,0.0000213213206735,0.00000576353795623,9.1709159733e-7,1.26784044596e-7,9.16550035868e-8,2.8009466746e-8,2.93359736503e-8,2.27563887734e-8,1.43259084595e-8,1.48202801142e-8,9.71338454114e-10,1.54488158377e-10,1.42080125443e-10,4.05397937442e-10,0.0000111985082185],"max":[0.160733804107,0.423314899206,0.31184053421,0.0701307207346,0.0562904253602,0.077673047781,0.0452653169632,0.023946383968,0.0773498341441,0.0673697814345,0.0495789349079,0.0862776935101,0.149560794234,0.0354818627238,0.0125669799745,0.004643461667,0.00493107829243,0.00532771274447,0.00287491292693,0.00302362232469,0.00254840380512,0.0036411928013,0.000601134262979,0.000159313654876,0.000153828048497,0.000329870032147,0.0511155277491],"mean":[0.00441617658362,0.0252921339124,0.0107421549037,0.00256573338993,0.002744843252,0.00104622717481,0.000591995660216,0.000372437963961,0.000717607443221,0.000566036847886,0.000592256023083,0.00203536055051,0.00253022531979,0.00154336867854,0.000639512902126,0.000296254031127,0.000263918424025,0.000104652193841,0.000122860918054,0.00010115654004,0.0000840993452584,0.0000370647394448,0.0000105661165435,0.0000045480346671,0.00000431963462688,0.00000992821969703,0.00392215512693],"median":[0.000916411518119,0.0132800629362,0.00389786926098,0.00104109430686,0.00137181254104,0.000436804606579,0.000192798906937,0.000126146449475,0.000267265655566,0.000217297085328,0.000232844031416,0.00119547708891,0.00134174432606,0.000906385364942,0.000398714328185,0.000194422900677,0.000176996531081,0.0000506142350787,0.0000513117483933,0.0000321096013067,0.000029307551813,0.0000106159559436,0.00000350318487108,0.00000165194887813,0.00000144318141793,0.00000416240709455,0.00269515719265],"min":[3.30248260976e-25,1.51864944067e-24,1.73588509393e-25,3.56755885588e-25,1.04426614066e-23,1.04121340672e-23,6.88217636502e-24,9.53407744833e-24,1.07070355172e-23,1.26292039755e-23,1.49104650734e-23,2.14273522965e-23,3.86357534096e-23,4.00631435751e-23,2.7406170118e-23,4.81185935533e-23,5.51596031173e-23,1.01414487538e-22,1.10778752422e-22,1.08980843755e-22,2.53097249307e-22,3.37348881405e-22,3.89690244229e-22,5.56579511636e-22,8.48773035572e-22,1.38312595575e-21,1.8676288242e-21],"var":[0.000136402130011,0.0011842851527,0.000371616566554,0.0000193467130885,0.0000184050295502,0.00000497201790495,0.00000245496767093,8.05064132692e-7,0.00000621762455921,0.00000205278229259,0.00000201425518753,0.00000801588066679,0.0000230543737416,0.00000443798126071,7.28591260213e-7,1.18255528037e-7,9.51884473466e-8,3.00489233496e-8,4.44691536927e-8,3.76897908438e-8,2.17869047248e-8,8.69544436455e-9,4.8251680429e-10,6.94336463325e-11,6.37508587586e-11,2.60237331684e-10,0.0000202322662517]},"barkbands_crest":{"dmean":3.35169434547,"dmean2":5.71857833862,"dvar":7.47110509872,"dvar2":21.256105423,"max":24.8018817902,"mean":11.633471489,"median":11.2036390305,"min":2.85555124283,"var":17.6339702606},"barkbands_flatness_db":{"dmean":0.034699510783,"dmean2":0.0578561611474,"dvar":0.000841617933474,"dvar2":0.00237069744617,"max":0.411344796419,"mean":0.178654953837,"median":0.169713795185,"min":0.0470822863281,"var":0.0032515428029},"barkbands_kurtosis":{"dmean":8.19308662415,"dmean2":13.8389806747,"dvar":266.041870117,"dvar2":752.317749023,"max":409.570739746,"mean":14.2648334503,"median":4.8901758194,"min":-1.86252343655,"var":651.242248535},"barkbands_skewness":{"dmean":0.863937973976,"dmean2":1.45040631294,"dvar":0.77085340023,"dvar2":2.12447190285,"max":13.7137336731,"mean":2.75091743469,"median":2.28186416626,"min":-2.15546417236,"var":3.66518259048},"barkbands_spread":{"dmean":11.44942379,"dmean2":19.0016555786,"dvar":139.238815308,"dvar2":379.256896973,"max":131.109680176,"mean":37.5565223694,"median":35.6359558105,"min":0.353883385658,"var":640.307983398},"dissonance":{"dmean":0.0150617435575,"dmean2":0.0257695559412,"dvar":0.000290777737973,"dvar2":0.000823693873826,"max":0.500000059605,"mean":0.474584072828,"median":0.482083022594,"min":0.256951212883,"var":0.000577900849748},"dynamic_complexity":6.60480356216,"erbbands":{"dmean":[0.659210145473,4.19339036942,10.3942470551,6.33484745026,6.04426383972,4.42188644409,6.43638563156,5.79369688034,5.87699222565,5.97027635574,5.97849416733,8.72932815552,11.0751495361,9.65347862244,20.8527107239,44.1385726929,61.0979690552,38.8242340088,25.2364673615,10.251616478,6.40126752853,5.43240737915,2.43632102013,2.66325497627,2.39020633698,2.09676384926,1.66430091858,1.5047621727,0.891725957394,0.474306076765,0.195568993688,0.099964633584,0.0651941075921,0.0448917783797,0.029409410432,0.0180226732045,0.0139638390392,0.0209256466478,0.0399695336819,0.0279746241868],"dmean2":[1.12696528435,7.33746862411,18.243183136,10.5758562088,10.2853250504,7.30492353439,10.4802427292,9.72352409363,9.95276832581,9.54629325867,9.74024391174,13.7107772827,18.3639469147,15.5242147446,34.1336326599,74.5523147583,103.345939636,65.1923980713,42.3040428162,17.3814868927,10.9482374191,9.13656520844,4.02159309387,4.27473163605,3.83864545822,3.27024316788,2.5475268364,2.33525323868,1.35020208359,0.746275007725,0.312941521406,0.163843497634,0.108553908765,0.0747395902872,0.0487591959536,0.0296445414424,0.0220115669072,0.0305274520069,0.0578475296497,0.0441671945155],"dvar":[2.14528107643,38.0841255188,372.487823486,167.388275146,120.32951355,68.4182128906,292.67880249,207.416946411,298.75958252,463.967681885,193.895584106,974.36505127,603.215209961,1078.04003906,2084.37915039,5975.67626953,17561.4335938,5185.10253906,2325.68774414,259.44241333,90.4824829102,74.0501403809,30.3046035767,41.3598327637,28.3949508667,24.7542533875,12.0200662613,11.3660640717,9.08473396301,2.98950695992,0.196803256869,0.0341112986207,0.0154267027974,0.00712287612259,0.00287797907367,0.000990195781924,0.000654848816339,0.0042620068416,0.00786506477743,0.00209783227183],"dvar2":[5.9544005394,112.193473816,1071.63720703,439.656646729,328.370849609,173.255737305,669.014282227,542.204406738,812.240844727,1043.08959961,438.702667236,1723.30407715,1529.81335449,2567.49438477,5243.22607422,16130.1123047,44182.6601562,14230.4521484,6113.32519531,719.982849121,258.584381104,201.196899414,77.3630371094,97.4804077148,69.137008667,54.9301338196,26.5479393005,25.1881809235,21.1401062012,7.33993196487,0.465990483761,0.0840836316347,0.038745880127,0.0178669858724,0.00720112165436,0.00246771657839,0.00146303651854,0.00947829149663,0.0159487295896,0.0052045295015],"max":[20.994972229,81.2018585205,328.022003174,237.295806885,247.561233521,201.034545898,870.826538086,348.138763428,608.946472168,1008.08233643,413.004608154,2089.95605469,688.15814209,2386.1171875,1891.17358398,3577.57202148,8114.15185547,3268.89453125,1447.14379883,307.352661133,162.780578613,222.525085449,284.428344727,204.266357422,138.233840942,164.780456543,104.667884827,120.233810425,158.887008667,59.4038467407,13.1112298965,3.65822601318,2.50284790993,1.73704445362,1.08486652374,0.605551898479,0.5983466506,2.29318118095,3.36416482925,1.23768532276],"mean":[0.777250528336,5.46830558777,13.3605318069,9.93469238281,9.49491214752,7.00925683975,10.0874710083,8.08126735687,8.13215637207,9.07267665863,9.86407089233,16.197473526,18.2169189453,17.1505966187,39.5681266785,89.4128036499,120.138725281,82.1301040649,53.7633934021,24.1630821228,16.4424247742,13.3214988708,6.21601772308,6.42845964432,5.52734422684,4.81639242172,3.86990785599,2.98646020889,1.49272716045,0.660156011581,0.257433742285,0.116131566465,0.0687269344926,0.0471176840365,0.0316554270685,0.020553631708,0.0202685017139,0.0436574742198,0.119645565748,0.113625973463],"median":[0.274724662304,2.85286927223,5.29273891449,4.45888328552,4.49388504028,3.49772548676,3.31526875496,3.43168497086,3.38288855553,2.24216222763,3.68357610703,5.65948486328,7.96025848389,7.10966873169,20.7184734344,55.1308021545,67.2077484131,51.1324195862,34.8835716248,16.9647674561,11.9458169937,9.25114536285,3.59367179871,2.77231407166,2.13547229767,1.57106471062,1.34334874153,0.984903454781,0.435352295637,0.184652224183,0.088794156909,0.0437191352248,0.0236593671143,0.0156118860468,0.0108869094402,0.00794444605708,0.00868617556989,0.0160501599312,0.0524883680046,0.0935983508825],"min":[3.95887857356e-23,5.37706828583e-22,9.79698298393e-22,7.01194623692e-21,1.48702549524e-20,3.92528575359e-20,2.76697698701e-20,7.7249815795e-20,6.21589201076e-20,1.77276075606e-19,3.31265569402e-19,2.13418969914e-19,3.56944202447e-19,5.97110975122e-19,9.50508899186e-19,1.15600879088e-18,1.64306131755e-18,2.25233712096e-18,2.20965832366e-18,2.38966688702e-18,3.48258506162e-18,4.26772628749e-18,4.94727956253e-18,6.6628211337e-18,6.41745041269e-18,5.8967737179e-18,9.4062222971e-18,1.09257919598e-17,1.03574345066e-17,1.12778110772e-17,1.26809666493e-17,9.61259145222e-18,9.16151497495e-18,8.02538405797e-18,5.77650868787e-18,4.63997369317e-18,2.49507616684e-18,8.65569444396e-19,2.42440821426e-19,2.61143439699e-20],"var":[2.02675628662,51.6723899841,501.317657471,263.324371338,231.476135254,127.952880859,711.797119141,283.237060547,320.324005127,1000.48016357,530.823425293,4310.94970703,1186.15124512,2051.51196289,4319.33496094,14038.7666016,50654.2734375,13410.7949219,5830.75537109,771.50994873,317.867279053,239.932296753,87.2498321533,131.32824707,93.9330749512,87.9851150513,46.831161499,30.1737232208,13.2767467499,3.29777288437,0.24994918704,0.0411654189229,0.0168850179762,0.00787737127393,0.00328698242083,0.00119635241572,0.00103783677332,0.00752875488251,0.0361144803464,0.0140547584742]},"erbbands_crest":{"dmean":2.48435330391,"dmean2":4.21157169342,"dvar":4.65671205521,"dvar2":12.8165149689,"max":32.9238052368,"mean":9.38626766205,"median":8.82056331635,"min":2.59432244301,"var":13.0132436752},"erbbands_flatness_db":{"dmean":0.0245255790651,"dmean2":0.0391100645065,"dvar":0.000449142855359,"dvar2":0.00117189728189,"max":0.344225764275,"mean":0.153828009963,"median":0.150762051344,"min":0.0310282241553,"var":0.00178752827924},"erbbands_kurtosis":{"dmean":1.44020307064,"dmean2":2.35719513893,"dvar":4.81717348099,"dvar2":12.1614513397,"max":98.5899276733,"mean":1.82696282864,"median":1.0330696106,"min":-1.75649738312,"var":12.2213945389},"erbbands_skewness":{"dmean":0.366193413734,"dmean2":0.590164899826,"dvar":0.107569672167,"dvar2":0.267640680075,"max":7.34179496765,"mean":-0.394254386425,"median":-0.557701766491,"min":-3.57320070267,"var":0.928996920586},"erbbands_spread":{"dmean":6.67431783676,"dmean2":10.8979129791,"dvar":39.5549278259,"dvar2":99.4765548706,"max":135.884780884,"mean":28.1029109955,"median":25.6168022156,"min":1.0125130415,"var":191.069351196},"gfcc":{"cov":[[29626.3144531,-329.221313477,-2997.92285156,-107.335449219,1534.3626709,-760.67779541,808.02532959,-438.078582764,621.999389648,169.949798584,279.516326904,-4.1269865036,193.490600586],[-329.221313477,856.156005859,131.244720459,-271.665649414,-28.3466358185,90.8201599121,-25.0706863403,-94.0166854858,-46.7921333313,-42.7414512634,12.1920518875,-82.1738739014,30.9981155396],[-2997.92285156,131.244720459,648.59753418,136.051834106,-337.416229248,144.020889282,-157.969116211,105.010864258,-123.784744263,6.70112609863,-47.2684860229,-4.04314470291,-30.0466117859],[-107.335449219,-271.665649414,136.051834106,343.91204834,-25.7710952759,-81.0960693359,43.4079055786,51.1725578308,-0.261311262846,16.4533100128,-30.2707138062,45.1688194275,-33.9097480774],[1534.3626709,-28.3466358185,-337.416229248,-25.7710952759,383.63671875,-63.9508552551,118.890350342,-54.4740753174,82.1090774536,-4.77154684067,44.6669387817,-12.4342069626,32.4942741394],[-760.67779541,90.8201599121,144.020889282,-81.0960693359,-63.9508552551,243.381729126,-93.9640426636,49.5930366516,-60.3715209961,-10.41543293,6.20437097549,-11.7448825836,-10.4600429535],[808.02532959,-25.0706863403,-157.969116211,43.4079055786,118.890350342,-93.9640426636,214.528381348,-59.3817710876,78.0209503174,13.0989370346,1.41656136513,22.4236660004,-8.76186275482],[-438.078582764,-94.0166854858,105.010864258,51.1725578308,-54.4740753174,49.5930366516,-59.3817710876,154.990432739,-0.509659647942,20.5144939423,4.26777839661,-5.4301276207,4.32760429382],[621.999389648,-46.7921333313,-123.784744263,-0.261311262846,82.1090774536,-60.3715209961,78.0209503174,-0.509659647942,115.741928101,40.3278846741,10.6788291931,7.53345060349,4.92048692703],[169.949798584,-42.7414512634,6.70112609863,16.4533100128,-4.77154684067,-10.41543293,13.0989370346,20.5144939423,40.3278846741,60.9154968262,24.7685394287,10.706735611,7.02239179611],[279.516326904,12.1920518875,-47.2684860229,-30.2707138062,44.6669387817,6.20437097549,1.41656136513,4.26777839661,10.6788291931,24.7685394287,64.5197219849,22.3891983032,21.6866970062],[-4.1269865036,-82.1738739014,-4.04314470291,45.1688194275,-12.4342069626,-11.7448825836,22.4236660004,-5.4301276207,7.53345060349,10.706735611,22.3891983032,69.6717071533,12.9218654633],[193.490600586,30.9981155396,-30.0466117859,-33.9097480774,32.4942741394,-10.4600429535,-8.76186275482,4.32760429382,4.92048692703,7.02239179611,21.6866970062,12.9218654633,66.6887283325]],"icov":[[0.0000846003749757,-0.000159899296705,0.000632966926787,-0.000403228623327,0.000147277067299,-0.000124638172565,0.0000413371890318,0.0000200861140911,0.0000965842773439,-0.000402708450565,-0.0000266755378107,0.000200204303837,-0.000173006148543],[-0.000159899296705,0.00300082378089,-0.00318401004188,0.0026532553602,-0.000307341484586,0.000224087765673,-0.00126759707928,0.00173459702637,-0.00119798001833,0.0033527307678,-0.00254818797112,0.00278566894121,-0.00108630827162],[0.000632966926787,-0.00318401004188,0.0107864234596,-0.00689211068675,0.0043288897723,-0.0031005453784,0.00150992209092,-0.0011885544518,0.0031345395837,-0.00632816366851,0.00189568276983,0.00140099634882,-0.00177407718729],[-0.000403228623327,0.0026532553602,-0.00689211068675,0.0104316268116,-0.0040324064903,0.00431025121361,-0.001823133789,-0.00224759476259,0.00201786542311,0.000131223801873,0.00384514662437,-0.00593248708174,0.00441922293976],[0.000147277067299,-0.000307341484586,0.0043288897723,-0.0040324064903,0.00790201220661,-0.00249136285856,-0.00151885091327,0.00160617765505,-0.00324371038005,0.00407729623839,-0.00652330555022,0.00673447875306,-0.00430286722258],[-0.000124638172565,0.000224087765673,-0.0031005453784,0.00431025121361,-0.00249136285856,0.0078161675483,0.000930605689064,-0.00274250563234,0.00282989512198,-0.000575854151975,0.00105705636088,-0.00365844648331,0.00400926498696],[0.0000413371890318,-0.00126759707928,0.00150992209092,-0.001823133789,-0.00151885091327,0.000930605689064,0.00936527643353,0.00160492525902,-0.00339812668972,-0.00162513949908,0.00265457993373,-0.0039363023825,0.00255618616939],[0.0000200861140911,0.00173459702637,-0.0011885544518,-0.00224759476259,0.00160617765505,-0.00274250563234,0.00160492525902,0.0113613978028,-0.00470732990652,0.00178819848225,-0.00472703250125,0.00607982510701,-0.00376391876489],[0.0000965842773439,-0.00119798001833,0.0031345395837,0.00201786542311,-0.00324371038005,0.00282989512198,-0.00339812668972,-0.00470732990652,0.0225156042725,-0.0175463333726,0.00927410833538,-0.00513975741342,0.00276470882818],[-0.000402708450565,0.0033527307678,-0.00632816366851,0.000131223801873,0.00407729623839,-0.000575854151975,-0.00162513949908,0.00178819848225,-0.0175463333726,0.0393217355013,-0.0200302135199,0.00769383879378,-0.00340408273041],[-0.0000266755378107,-0.00254818797112,0.00189568276983,0.00384514662437,-0.00652330555022,0.00105705636088,0.00265457993373,-0.00472703250125,0.00927410833538,-0.0200302135199,0.035672377795,-0.0172150786966,0.00123111880384],[0.000200204303837,0.00278566894121,0.00140099634882,-0.00593248708174,0.00673447875306,-0.00365844648331,-0.0039363023825,0.00607982510701,-0.00513975741342,0.00769383879378,-0.0172150786966,0.0306258834898,-0.009794854559],[-0.000173006148543,-0.00108630827162,-0.00177407718729,0.00441922293976,-0.00430286722258,0.00400926498696,0.00255618616939,-0.00376391876489,0.00276470882818,-0.00340408273041,0.00123111880384,-0.009794854559,0.0224072299898]],"mean":[-44.7954025269,105.301704407,-75.5391082764,-5.02745008469,9.77300357819,-0.519864618778,7.83540916443,-28.2151203156,-5.85721254349,-5.20668649673,-1.13566958904,-10.7069063187,-4.11148071289]},"hfc":{"dmean":114.485786438,"dmean2":193.531005859,"dvar":24048.0917969,"dvar2":69088.65625,"max":3705.25561523,"mean":418.188140869,"median":427.98449707,"min":1.06885142085e-16,"var":136343.09375},"melbands":{"dmean":[0.00562254013494,0.00530258473009,0.00107584497891,0.000361353217158,0.0002173177636,0.000130542321131,0.0000867718772497,0.0000612968578935,0.0000538469103049,0.0000559116488148,0.0000566021844861,0.0000406116487284,0.0000606769172009,0.000105472914584,0.000163894699654,0.000111599809316,0.0000792444552644,0.0000502768416482,0.0000216559092223,0.0000113487112685,0.00000865537822392,0.00000735599633117,0.00000301377576761,0.00000236380833485,0.00000239761675402,0.00000216713897316,0.00000149170898567,0.00000161139382726,0.00000119285334677,0.0000010612798178,8.59018427946e-7,5.63832600164e-7,3.80261951705e-7,2.23622976137e-7,1.20586719277e-7,7.53839515255e-8,5.59029054159e-8,4.63299940634e-8,4.07947737813e-8,3.68345887125e-8],"dmean2":[0.00963262934238,0.00928095076233,0.00180995312985,0.000604574277531,0.000353064329829,0.000218113069423,0.000145509184222,0.0000978935640887,0.0000876681442605,0.000088524822786,0.0000938747325563,0.0000654148170725,0.0000989965119516,0.000177302586962,0.000277966173599,0.00019062453066,0.000133854104206,0.0000843332090881,0.0000367281354556,0.0000195092452486,0.0000148281560541,0.0000124486850837,0.00000506264268552,0.00000391318008042,0.00000389923752664,0.00000355895667781,0.00000239103178501,0.00000255401073446,0.00000188048977634,0.00000166735662788,0.00000134726747092,8.72739690294e-7,5.96662005137e-7,3.55975345201e-7,1.94156015709e-7,1.22831906424e-7,9.23262604147e-8,7.71876145222e-8,6.80300047406e-8,6.1298088383e-8],"dvar":[0.000112616020488,0.0000758436581236,0.00000446938292953,3.9509779981e-7,2.8953681408e-7,1.01594515911e-7,6.2001703327e-8,4.4827125123e-8,1.99775236354e-8,3.32740697218e-8,1.64718976237e-8,2.03252135123e-8,2.82217396119e-8,3.7971329192e-8,8.43319014621e-8,7.15890706715e-8,2.07629273774e-8,9.78042358213e-9,1.36962274855e-9,3.43920142365e-10,1.69105437986e-10,1.35149988423e-10,2.59264172631e-11,3.58521615174e-11,3.4279724892e-11,2.24169727919e-11,1.24692391829e-11,1.60939924582e-11,6.76636524588e-12,5.29436043617e-12,4.02993220391e-12,3.47759451444e-12,2.22781407037e-12,5.82981904938e-13,7.66905866611e-14,1.99378325129e-14,1.08356071443e-14,7.81300480042e-15,6.02440579383e-15,4.7558680762e-15],"dvar2":[0.000312420394039,0.000221956302994,0.0000118570997074,0.0000010372845054,6.6323042347e-7,2.63017909674e-7,1.65129819152e-7,1.02631361187e-7,4.19857535405e-8,6.24206748512e-8,4.14542462579e-8,4.76084700551e-8,7.19868467058e-8,1.00523685376e-7,2.23978318559e-7,1.9685981556e-7,5.68851561411e-8,2.54823024903e-8,3.70250097248e-9,9.67087854242e-10,4.82979489735e-10,3.72182701325e-10,6.99220958911e-11,9.07232691749e-11,8.32276678131e-11,5.71557766393e-11,3.05561097258e-11,3.71343546191e-11,1.61577799751e-11,1.23123837514e-11,9.20251375103e-12,8.32501602377e-12,5.4435466551e-12,1.45094385725e-12,1.82432573822e-13,4.8181859842e-14,2.70447760595e-14,1.96350470334e-14,1.51314219807e-14,1.19261476644e-14],"max":[0.150842159986,0.150786310434,0.0366924107075,0.013601061888,0.0236724279821,0.00929569639266,0.00840333942324,0.00893727969378,0.00669076200575,0.0115397777408,0.00340474606492,0.0107016107067,0.00810526590794,0.00639084819704,0.00778410257772,0.0177571475506,0.00458959629759,0.00314414361492,0.000753967324272,0.000454237539088,0.000270508986432,0.000276843697065,0.000139858544571,0.000296283280477,0.000176328991074,0.0001302955352,0.000110778659291,0.000138000978041,0.0000654456525808,0.0000631346265436,0.0000854418613017,0.0000976718365564,0.0000626338151051,0.0000276660211966,0.00000787473254604,0.00000336723019245,0.00000205660967367,0.00000174292483734,0.00000161057869263,0.00000141720806823],"mean":[0.00721954228356,0.00723945442587,0.00178994750604,0.000589988718275,0.000346286600688,0.000186272518476,0.000123255013023,0.0000925630738493,0.00008891003381,0.000101147132227,0.0000903866020963,0.0000667186905048,0.000104850245407,0.000197824352654,0.000299829378491,0.000216304935748,0.000149110128405,0.0000962178091868,0.0000429211613664,0.0000232359070651,0.0000192388542928,0.0000160553299793,0.000006579993169,0.00000507301911057,0.00000520865887665,0.00000454917835668,0.00000314168187288,0.00000332856552632,0.00000253733060163,0.00000209897712011,0.00000157399585987,9.16411124763e-7,5.18924252901e-7,2.97099745694e-7,1.5580918955e-7,9.11528417191e-8,6.16969586531e-8,4.84274451651e-8,4.22552766111e-8,3.8666694735e-8],"median":[0.00338448304683,0.0036372281611,0.000895703793503,0.000301492924336,0.000119893375086,0.000080587604316,0.0000486394637846,0.0000227529963013,0.0000323610802297,0.0000365072119166,0.0000385202329198,0.0000237661297433,0.0000468660582555,0.000113294496259,0.000171241583303,0.000111396911961,0.0000872058881214,0.0000573995130253,0.0000268939456873,0.0000146073907672,0.0000129909549287,0.0000106168881757,0.00000407322022511,0.00000221071832129,0.00000214170427171,0.00000186501620192,0.00000101720513612,0.0000010165722415,8.54030020037e-7,7.09861581072e-7,5.07600702804e-7,2.62121318428e-7,1.33328171614e-7,8.3737589307e-8,5.23242391637e-8,3.38426033863e-8,2.22740368372e-8,1.64900448851e-8,1.37685631785e-8,1.27562280738e-8],"min":[6.7251881145e-25,7.79731467269e-25,1.55110584072e-24,1.90069921441e-24,8.8902947689e-25,2.13611108575e-24,1.07723048824e-24,1.94135533053e-24,2.67420060338e-24,1.41634650721e-24,1.65138376823e-24,1.86988019378e-24,2.34916663903e-24,2.23013186717e-24,2.95509385577e-24,3.4628335278e-24,3.23998742182e-24,3.35195281668e-24,2.07132410897e-24,3.38168656192e-24,3.08911185724e-24,3.55438201914e-24,2.98845261409e-24,4.30283549664e-24,4.70771243979e-24,3.38123375576e-24,3.9074138403e-24,3.02387444088e-24,4.08604192596e-24,4.2849867298e-24,4.58365972371e-24,4.61679306502e-24,5.24844030272e-24,5.48625741095e-24,6.42264911052e-24,6.14986100949e-24,5.33851125758e-24,5.4783364586e-24,6.44824212486e-24,5.65481647601e-24],"var":[0.000123378486023,0.00010472642316,0.00000707590061211,7.99893200565e-7,7.60909131259e-7,1.4439581264e-7,7.4430950292e-8,9.39675359746e-8,6.57399965576e-8,1.37281460866e-7,3.18702113589e-8,3.74680446669e-8,4.74943533391e-8,8.64586482408e-8,1.84562949812e-7,2.14194088244e-7,4.36234017798e-8,2.20662297323e-8,2.99024116579e-9,8.10420230923e-10,4.67955341144e-10,3.65326657814e-10,7.29680552092e-11,8.41142155927e-11,9.32064633807e-11,6.23595897142e-11,3.52642567925e-11,4.79405785903e-11,2.1461884353e-11,1.45585713623e-11,9.19721070136e-12,4.92664893256e-12,2.46490241412e-12,6.22336925916e-13,9.52746589305e-14,2.52995324343e-14,1.24263849942e-14,8.50760739255e-15,6.56996235098e-15,5.27733713391e-15]},"melbands_crest":{"dmean":4.60315847397,"dmean2":7.89432144165,"dvar":15.1304664612,"dvar2":43.1526908875,"max":37.5135192871,"mean":19.0904369354,"median":18.9469795227,"min":1.00016224384,"var":32.7188682556},"melbands_flatness_db":{"dmean":0.0447891205549,"dmean2":0.0749420374632,"dvar":0.00130190129858,"dvar2":0.00367451459169,"max":0.55757445097,"mean":0.304359406233,"median":0.29903280735,"min":-4.83203109525e-7,"var":0.00586673431098},"melbands_kurtosis":{"dmean":12.3119916916,"dmean2":21.0662498474,"dvar":361.72265625,"dvar2":1008.87036133,"max":425.443969727,"mean":21.6558227539,"median":11.2422609329,"min":-1.87321317196,"var":892.095092773},"melbands_skewness":{"dmean":1.111135602,"dmean2":1.87747752666,"dvar":1.03821325302,"dvar2":2.8943092823,"max":17.5033855438,"mean":3.51278305054,"median":3.22216200829,"min":-2.47992801666,"var":3.77441930771},"melbands_spread":{"dmean":6.09609508514,"dmean2":10.3540658951,"dvar":45.6745605469,"dvar2":131.202941895,"max":170.385482788,"mean":15.3888645172,"median":11.8377571106,"min":0.391121029854,"var":240.855895996},"mfcc":{"cov":[[17975.5273438,898.438659668,-3479.3737793,886.669250488,-49.7430114746,582.406799316,-135.772171021,39.0948524475,232.172103882,166.727233887,306.000915527,268.731506348,141.867614746],[898.438659668,1091.96337891,-163.849365234,-182.193954468,52.2374687195,111.872253418,73.1178359985,-68.1291885376,14.4308786392,-4.16591119766,-3.09884929657,23.0153598785,-3.29228496552],[-3479.3737793,-163.849365234,1217.07531738,-158.855621338,-17.6885471344,-136.824172974,26.0516376495,-5.03702878952,-65.0903625488,-21.1335029602,-65.4943313599,-60.3134803772,-34.4042396545],[886.669250488,-182.193954468,-158.855621338,481.98449707,-74.5741882324,17.8354225159,-25.3251304626,23.5188598633,42.4126586914,19.5259532928,24.5803489685,4.08128452301,11.717833519],[-49.7430114746,52.2374687195,-17.6885471344,-74.5741882324,207.402359009,-9.97123336792,42.8587608337,1.54033744335,-0.0278862547129,1.06032812595,-0.22546812892,10.0933628082,-11.7092924118],[582.406799316,111.872253418,-136.824172974,17.8354225159,-9.97123336792,160.678070068,24.5820789337,17.4273071289,-1.01292574406,-3.35141086578,11.3406877518,10.6149635315,8.6617603302],[-135.772171021,73.1178359985,26.0516376495,-25.3251304626,42.8587608337,24.5820789337,93.6836776733,20.0739574432,-3.517141819,-12.5764122009,-2.64428901672,4.84703969955,-0.818373739719],[39.0948524475,-68.1291885376,-5.03702878952,23.5188598633,1.54033744335,17.4273071289,20.0739574432,73.0572662354,12.226020813,4.00061655045,7.02758455276,3.3341088295,5.55695915222],[232.172103882,14.4308786392,-65.0903625488,42.4126586914,-0.0278862547129,-1.01292574406,-3.517141819,12.226020813,67.9158325195,32.8917694092,13.3055772781,6.65277433395,-0.557650744915],[166.727233887,-4.16591119766,-21.1335029602,19.5259532928,1.06032812595,-3.35141086578,-12.5764122009,4.00061655045,32.8917694092,61.1351623535,30.5620613098,7.85940170288,-0.726180613041],[306.000915527,-3.09884929657,-65.4943313599,24.5803489685,-0.22546812892,11.3406877518,-2.64428901672,7.02758455276,13.3055772781,30.5620613098,56.9360122681,28.2688312531,5.82330799103],[268.731506348,23.0153598785,-60.3134803772,4.08128452301,10.0933628082,10.6149635315,4.84703969955,3.3341088295,6.65277433395,7.85940170288,28.2688312531,50.3506546021,22.3292980194],[141.867614746,-3.29228496552,-34.4042396545,11.717833519,-11.7092924118,8.6617603302,-0.818373739719,5.55695915222,-0.557650744915,-0.726180613041,5.82330799103,22.3292980194,43.4270248413]],"icov":[[0.000150517415022,-0.000100476536318,0.00035915710032,-0.000172454296262,-0.00000603435591984,-0.000153083921759,0.000204395255423,-0.000104418977571,0.000116208066174,-0.000187293902854,-0.0000849906209623,-0.000234533334151,0.00000820919922262],[-0.000100476536318,0.00137236830778,-0.000109808781417,0.00060895725619,0.0000729639577912,-0.000776456203312,-0.00122327415738,0.00175228877924,-0.000886919151526,0.000020705829229,0.000462239608169,-0.000365725631127,0.000223258815822],[0.00035915710032,-0.000109808781417,0.00197876384482,-0.00012208156113,0.000372170121409,0.000496784923598,-0.000279734813375,-0.000428922765423,0.00137971423101,-0.00139722821768,0.000844338675961,-0.000264780159341,0.000487111043185],[-0.000172454296262,0.00060895725619,-0.00012208156113,0.00285502686165,0.000815487466753,-0.000113241512736,-0.000344481319189,0.000157615475473,-0.00174741621595,0.000661483092699,-0.000767921213992,0.000886292022187,-0.000405852537369],[-0.00000603435591984,0.0000729639577912,0.000372170121409,0.000815487466753,0.00605672597885,0.000916660530493,-0.00295126088895,0.0000993981448119,0.000321437342791,-0.00130816281307,0.00142519793008,-0.00253160507418,0.00257480610162],[-0.000153083921759,-0.000776456203312,0.000496784923598,-0.000113241512736,0.000916660530493,0.00840751081705,-0.00188640481792,-0.00228228466585,0.0016751694493,0.000203335366677,-0.000805887335446,0.000556589511689,-0.000461126066511],[0.000204395255423,-0.00122327415738,-0.000279734813375,-0.000344481319189,-0.00295126088895,-0.00188640481792,0.0153057640418,-0.00488283624873,-0.000277120183455,0.00358656514436,-0.000999163836241,-0.0011283204658,0.000375182164134],[-0.000104418977571,0.00175228877924,-0.000428922765423,0.000157615475473,0.0000993981448119,-0.00228228466585,-0.00488283624873,0.0181542541832,-0.00433647586033,0.00096151366597,-0.00193791545462,0.00153989205137,-0.00241293408908],[0.000116208066174,-0.000886919151526,0.00137971423101,-0.00174741621595,0.000321437342791,0.0016751694493,-0.000277120183455,-0.00433647586033,0.023851910606,-0.0140474122018,0.00538317207247,-0.00368742644787,0.00266544544138],[-0.000187293902854,0.000020705829229,-0.00139722821768,0.000661483092699,-0.00130816281307,0.000203335366677,0.00358656514436,0.00096151366597,-0.0140474122018,0.03275270015,-0.0184777341783,0.00702911848202,-0.00188989180606],[-0.0000849906209623,0.000462239608169,0.000844338675961,-0.000767921213992,0.00142519793008,-0.000805887335446,-0.000999163836241,-0.00193791545462,0.00538317207247,-0.0184777341783,0.0380745753646,-0.0210873205215,0.00746021606028],[-0.000234533334151,-0.000365725631127,-0.000264780159341,0.000886292022187,-0.00253160507418,0.000556589511689,-0.0011283204658,0.00153989205137,-0.00368742644787,0.00702911848202,-0.0210873205215,0.0408717505634,-0.0188399422914],[0.00000820919922262,0.000223258815822,0.000487111043185,-0.000405852537369,0.00257480610162,-0.000461126066511,0.000375182164134,-0.00241293408908,0.00266544544138,-0.00188989180606,0.00746021606028,-0.0188399422914,0.0333040840924]],"mean":[-708.0078125,170.192749023,-12.7573261261,24.139257431,12.9654083252,36.7817878723,18.1893768311,1.02374053001,2.75138497353,1.56498003006,4.09083557129,4.87743711472,0.172404140234]},"pitch_salience":{"dmean":0.0954591110349,"dmean2":0.162359535694,"dvar":0.00612469017506,"dvar2":0.0179725047201,"max":0.996097624302,"mean":0.507628321648,"median":0.51739192009,"min":0.103268563747,"var":0.0143519034609},"silence_rate_20dB":{"dmean":0.00268756994046,"dmean2":0.00537554128096,"dvar":0.00268058478832,"dvar2":0.00788596086204,"max":1,"mean":0.998581647873,"median":1,"min":0,"var":0.00141625246033},"silence_rate_30dB":{"dmean":0.124076150358,"dmean2":0.248170822859,"dvar":0.108672909439,"dvar2":0.247640132904,"max":1,"mean":0.666766226292,"median":1,"min":0,"var":0.222203999758},"silence_rate_60dB":{"dmean":0.00313549838029,"dmean2":0.00627146475017,"dvar":0.00312638725154,"dvar2":0.00757503416389,"max":1,"mean":0.16467602551,"median":0,"min":0,"var":0.13754068315},"spectral_centroid":{"dmean":165.665527344,"dmean2":267.060699463,"dvar":35945.1445312,"dvar2":81351.0078125,"max":11644.2441406,"mean":973.250732422,"median":876.355224609,"min":144.912353516,"var":1041566.25},"spectral_complexity":{"dmean":2.48376250267,"dmean2":4.05569648743,"dvar":6.27411460876,"dvar2":14.9941701889,"max":55,"mean":18.8199462891,"median":22,"min":0,"var":152.969512939},"spectral_contrast_coeffs":{"dmean":[0.0524561814964,0.046043753624,0.0369847007096,0.0322237946093,0.0216903481632,0.0395022854209],"dmean2":[0.0894323289394,0.0773757323623,0.0624390058219,0.054353415966,0.0362769663334,0.061685513705],"dvar":[0.00174286740366,0.00133201398421,0.000838112318888,0.00065855140565,0.000322005333146,0.00145207915921],"dvar2":[0.00495699094608,0.00375930545852,0.00239001074806,0.00183160952292,0.000857998733409,0.00344042433426],"max":[-0.437522172928,-0.498528987169,-0.589857816696,-0.537763655186,-0.723243653774,-0.458806961775],"mean":[-0.685331463814,-0.792985498905,-0.807624042034,-0.793366849422,-0.840795814991,-0.772203028202],"median":[-0.686692714691,-0.796316385269,-0.808444619179,-0.789051771164,-0.827058553696,-0.782971084118],"min":[-0.982665300369,-0.997242152691,-0.998645067215,-0.987050294876,-0.98779463768,-0.964543282986],"var":[0.00519673526287,0.00366813014261,0.00264390604571,0.00266096228734,0.0027420129627,0.00634449161589]},"spectral_contrast_valleys":{"dmean":[0.392610967159,0.39893001318,0.317751407623,0.286899954081,0.339420467615,0.654351115227],"dmean2":[0.656280815601,0.657719373703,0.520506560802,0.464030951262,0.539906322956,1.04541909695],"dvar":[0.101279020309,0.110337175429,0.0782272592187,0.0921718776226,0.160871103406,0.287306696177],"dvar2":[0.264428108931,0.278207659721,0.187806800008,0.216885134578,0.40444123745,0.773631215096],"max":[-4.38989448547,-4.78051996231,-5.01498889923,-5.40272760391,-5.86246967316,-8.52463054657],"mean":[-6.91921949387,-7.24178266525,-7.41557407379,-7.60644340515,-8.30200099945,-11.3674135208],"median":[-6.43443059921,-6.79558944702,-6.79586315155,-6.69735050201,-7.63530063629,-10.9918193817],"min":[-28.1612281799,-27.9325332642,-28.1313228607,-27.689540863,-27.5452308655,-27.4160785675],"var":[4.80223035812,4.73719739914,5.04719352722,5.81863975525,5.18101263046,3.65433692932]},"spectral_decrease":{"dmean":7.8540676185e-9,"dmean2":1.34229729554e-8,"dvar":1.47558724535e-16,"dvar2":4.09284837806e-16,"max":2.3478280653e-8,"mean":-1.01652721796e-8,"median":-5.17899767516e-9,"min":-1.55111479216e-7,"var":1.97586965324e-16},"spectral_energy":{"dmean":0.0302662160248,"dmean2":0.0512567050755,"dvar":0.00217400328256,"dvar2":0.00600034743547,"max":0.640691995621,"mean":0.0762968808413,"median":0.0702488124371,"min":9.89396708347e-21,"var":0.00500879203901},"spectral_energyband_high":{"dmean":0.000678761629388,"dmean2":0.00103365117684,"dvar":0.00000166230495324,"dvar2":0.00000375045442524,"max":0.0251363143325,"mean":0.00211813603528,"median":0.0012604893418,"min":6.90207500271e-21,"var":0.00000771318264015},"spectral_energyband_low":{"dmean":0.0274903159589,"dmean2":0.0472634583712,"dvar":0.00187640287913,"dvar2":0.00527075584978,"max":0.550200164318,"mean":0.0407863222063,"median":0.0239322558045,"min":1.33206531807e-23,"var":0.00254759239033},"spectral_energyband_middle_high":{"dmean":0.00240087136626,"dmean2":0.00389585830271,"dvar":0.0000157068589033,"dvar2":0.0000410047250625,"max":0.157187476754,"mean":0.00863556750119,"median":0.00687381625175,"min":1.19034652587e-21,"var":0.0000976777810138},"spectral_energyband_middle_low":{"dmean":0.00363563094288,"dmean2":0.00591892236844,"dvar":0.0000428146959166,"dvar2":0.000109351720312,"max":0.155145093799,"mean":0.00822684727609,"median":0.00524013629183,"min":1.44797438637e-22,"var":0.000100508230389},"spectral_entropy":{"dmean":0.205665886402,"dmean2":0.329085439444,"dvar":0.051421392709,"dvar2":0.131878584623,"max":9.83116531372,"mean":7.35558319092,"median":7.46206617355,"min":4.38979196548,"var":0.286435842514},"spectral_flux":{"dmean":0.0347923189402,"dmean2":0.0571032688022,"dvar":0.00205608061515,"dvar2":0.00491883745417,"max":0.663491308689,"mean":0.138310343027,"median":0.145194083452,"min":6.3279617657e-11,"var":0.00890449713916},"spectral_kurtosis":{"dmean":7.5447010994,"dmean2":12.1213884354,"dvar":96.9717788696,"dvar2":259.979675293,"max":151.493713379,"mean":25.6987094879,"median":23.1548728943,"min":-1.27122747898,"var":192.351303101},"spectral_rms":{"dmean":0.00144024263136,"dmean2":0.00240095262416,"dvar":0.0000030618728033,"dvar2":0.000008295994121,"max":0.0250013079494,"mean":0.00740438653156,"median":0.00827861204743,"min":3.10687153088e-12,"var":0.0000196114215214},"spectral_rolloff":{"dmean":3579.38427734,"dmean2":6939.66113281,"dvar":50245312,"dvar2":134788720,"max":22050,"mean":14576.7431641,"median":20693.4082031,"min":43.06640625,"var":91523160},"spectral_skewness":{"dmean":0.553678154945,"dmean2":0.882283091545,"dvar":0.407456725836,"dvar2":1.08382165432,"max":10.1671075821,"mean":3.70361661911,"median":3.58182573318,"min":-0.0697174370289,"var":1.16738021374},"spectral_spread":{"dmean":558039.5,"dmean2":894306.6875,"dvar":393830957056,"dvar2":929309523968,"max":42491404,"mean":4517632.5,"median":4222556,"min":1284287.25,"var":11364364976100},"spectral_strongpeak":{"dmean":10.3558797836,"dmean2":19.7941226959,"dvar":879.950256348,"dvar2":2559.57641602,"max":255.727615356,"mean":8.2950668335,"median":0.348072052002,"min":0,"var":836.209228516},"zerocrossingrate":{"dmean":0.043724630028,"dmean2":0.0607430785894,"dvar":0.00145783415064,"dvar2":0.00273446203209,"max":0.90087890625,"mean":0.297028124332,"median":0.30517578125,"min":0.01806640625,"var":0.0165129918605}},"metadata":{"audio_properties":{"analysis_sample_rate":44100,"bit_rate":227513,"codec":"mp3","downmix":"mix","equal_loudness":0,"length":311.014953613,"lossless":false,"md5_encoded":"81984e716a9d3a0d31f72b7d7e784dce","replay_gain":-3.6905632019,"sample_rate":44100},"tags":{"album":["Gish"],"albumartist":["The Smashing Pumpkins"],"albumartistsort":["Smashing Pumpkins, The"],"artist":["The Smashing Pumpkins"],"artistsort":["Smashing Pumpkins, The"],"asin":["B000000W6F"],"barcode":["017046170529"],"catalognumber":["CAROL 1705-2"],"composer":["Billy Corgan"],"date":["1991"],"discnumber":["1/1"],"encodedby":["EAC (secure) + LAME 3.92 --alt-preset extreme"],"file_name":"07. The Smashing Pumpkins - Snail.mp3","genre":["Alternative Rock"],"label":["Caroline Records"],"musicbrainz album release country":["US"],"musicbrainz album status":["official"],"musicbrainz album type":["album"],"musicbrainz_albumartistid":["ba0d6274-db14-4ef5-b28d-657ebde1a396"],"musicbrainz_albumid":["48796cb5-c709-4422-80f4-533a5516471c"],"musicbrainz_artistid":["ba0d6274-db14-4ef5-b28d-657ebde1a396"],"musicbrainz_recordingid":["d611c71c-0551-4083-abfe-89426c80dab4"],"musicip_puid":["05268ec3-828d-4b5d-ee50-a808ebd4e389"],"title":["Snail"],"tracknumber":["7/10"]},"version":{"essentia":"2.1-beta1","essentia_build_sha":"ca57ba49d9b1854bd80e60cf9ccf267278fb7d6b","essentia_git_sha":"v2.1_beta1-28-g21ef5f4-dirty","extractor":"music 1.0"}},"rhythm":{"beats_count":807,"beats_loudness":{"dmean":0.0384567044675,"dmean2":0.0670250430703,"dvar":0.00173567747697,"dvar2":0.00505649158731,"max":0.336742460728,"mean":0.0854719430208,"median":0.0838016346097,"min":0,"var":0.00428103469312},"beats_loudness_band_ratio":{"dmean":[0.179491609335,0.0493490993977,0.0226928181946,0.0519759021699,0.0145783945918,0.111756831408],"dmean2":[0.302882045507,0.0875338464975,0.0388906337321,0.0884969308972,0.0251682586968,0.191