{"lowlevel":{"average_loudness":0.792737185955,"barkbands":{"dmean":[0.00115753838327,0.00286904419772,0.00184305279981,0.00153708097059,0.00404778355733,0.00129405374173,0.000741026888136,0.000457697111415,0.000358603952918,0.00038791183033,0.000204107578611,0.000212564016692,0.00012212182628,0.0000999117473839,0.000105023718788,0.0000576023594476,0.0000615769313299,0.0000372647300537,0.0000239010969381,0.0000081155276348,0.00000491287073601,0.00000295264021588,0.0000019852764126,0.00000171215606315,0.00000159222327056,0.00000163108711604,0.00000999660642265],"dmean2":[0.00185396091547,0.00453017977998,0.00286864675581,0.00249614496715,0.00626776926219,0.00200080056675,0.00114171765745,0.000696518167388,0.000555678037927,0.000598692742642,0.000321551488014,0.000349623267539,0.000202934272238,0.000158388080308,0.000168467100593,0.0000958817981882,0.000106838597276,0.0000632737428532,0.0000393299669668,0.0000126723125504,0.00000782607367,0.0000047733547035,0.00000323841823047,0.00000281232564703,0.00000262511957771,0.00000267325754066,0.0000160210129252],"dvar":[0.00000483214398628,0.0000171509309439,0.0000114999338621,0.00000726339612811,0.0000723164266674,0.0000140156662383,0.00000258181694335,0.00000156810801855,0.00000141294356126,0.0000012470989077,4.34876199051e-7,3.7787947349e-7,1.21318436186e-7,5.33708828243e-8,8.47126244707e-8,4.44977743541e-8,5.92737556815e-8,1.73438596818e-8,7.1627095366e-9,4.69436212125e-10,8.5410595263e-11,2.37655364138e-11,1.0637955794e-11,8.9763274938e-12,8.32133841e-12,8.00692324943e-12,7.17457648847e-10],"dvar2":[0.0000117070630949,0.000042205403588,0.0000241189918597,0.0000169508712133,0.00016267511819,0.0000339254256687,0.00000585866428082,0.00000311763346872,0.00000316926298183,0.00000275150318885,9.95917844193e-7,9.8602822618e-7,3.22294312127e-7,1.36727436484e-7,2.11092768154e-7,1.21444514889e-7,1.66286213243e-7,4.75974957226e-8,1.83370456597e-8,1.09524211922e-9,2.07283315512e-10,5.74422835686e-11,2.59496382715e-11,2.20587523941e-11,2.04803587284e-11,1.96658175855e-11,1.88811388746e-9],"max":[0.0427816025913,0.0553296394646,0.0723789930344,0.0628504902124,0.204667389393,0.0807102620602,0.0534499920905,0.0424097813666,0.0365772470832,0.030720308423,0.0252994503826,0.0172538459301,0.00564401131123,0.00548221962526,0.00782399717718,0.00363757810555,0.00334088387899,0.00177307717968,0.00211943336762,0.000688008731231,0.000126233091578,0.0000718668452464,0.000061174032453,0.0000581418098591,0.0000557097300771,0.0000549968826817,0.000323354004649],"mean":[0.00237878109328,0.0056000193581,0.00267637264915,0.00238647987135,0.00748000852764,0.00244647939689,0.00167346303351,0.000808706448879,0.000571364769712,0.000508175347932,0.000241675836151,0.000275619211607,0.000141925367643,0.000145390280522,0.000142124728882,0.0000535380349902,0.0000488287259941,0.0000311858275381,0.0000231644298765,0.00000906730838324,0.0000054054771681,0.00000338548557011,0.00000221047434934,0.00000173967373485,0.00000156520752626,0.00000170410498868,0.0000116343671834],"median":[0.000777678680606,0.00352635420859,0.00118853652384,0.00113263714593,0.0032380099874,0.000857027480379,0.000624615582637,0.000248892756645,0.000119964577607,0.0000739126335247,0.0000410945067415,0.0000543733913219,0.0000377880132874,0.0000313143464155,0.0000228158896789,0.00000990019543678,0.00000692837420502,0.00000492133995067,0.00000391604226024,0.00000253715143117,0.00000181758719009,0.00000132727632263,8.9688683147e-7,5.79283778279e-7,4.58132262793e-7,6.15647309132e-7,0.00000317768694913],"min":[5.42244102891e-25,1.77321436175e-24,1.97342849209e-25,5.61522680123e-25,5.78913345576e-24,2.68431675841e-24,6.62073681698e-24,1.05985347994e-23,9.70643487865e-24,1.12213744051e-23,1.37231237037e-23,1.12544497651e-23,2.20067075225e-23,2.44422130155e-23,3.91811560623e-23,5.17324095363e-23,4.70839614554e-23,8.54402498453e-23,1.19841767103e-22,1.47438279891e-22,2.39255857999e-22,2.90909763253e-22,3.94837959221e-22,5.63624986153e-22,9.01740968524e-22,1.15319751337e-21,1.92266682914e-21],"var":[0.0000142393664646,0.0000380059791496,0.0000250097200478,0.0000184229411389,0.000188422651263,0.0000298828927043,0.00000798981091066,0.00000436902519141,0.00000310511200041,0.000002361851557,6.27521103524e-7,5.61619231121e-7,1.0786914828e-7,9.55601890951e-8,1.34716700018e-7,3.22325064417e-8,3.80442948256e-8,1.2023218865e-8,7.43166062023e-9,5.39924771559e-10,9.51639531066e-11,3.06768846436e-11,1.31000349457e-11,1.05073389225e-11,9.54046997653e-12,9.44175206768e-12,6.6724598069e-10]},"barkbands_crest":{"dmean":2.52196502686,"dmean2":4.1051030159,"dvar":4.58550977707,"dvar2":11.577381134,"max":23.8350448608,"mean":10.7105569839,"median":10.114941597,"min":2.70141935349,"var":12.4136781693},"barkbands_flatness_db":{"dmean":0.0403897017241,"dmean2":0.0617990866303,"dvar":0.00113531341776,"dvar2":0.00257875793613,"max":0.423604518175,"mean":0.22542886436,"median":0.227145239711,"min":0.0518320724368,"var":0.00386205967516},"barkbands_kurtosis":{"dmean":4.75617933273,"dmean2":7.61912059784,"dvar":31.5538978577,"dvar2":74.5018997192,"max":117.052459717,"mean":8.60109138489,"median":6.38865089417,"min":-1.90034139156,"var":79.7746734619},"barkbands_skewness":{"dmean":0.640392005444,"dmean2":1.01327884197,"dvar":0.333705872297,"dvar2":0.809031963348,"max":8.66896820068,"mean":1.71684741974,"median":1.67930483818,"min":-2.60169649124,"var":1.45476675034},"barkbands_spread":{"dmean":2.83016633987,"dmean2":4.41537332535,"dvar":21.6081733704,"dvar2":54.7430076599,"max":135.772064209,"mean":7.97451448441,"median":5.47320842743,"min":0.517600655556,"var":80.3016586304},"dissonance":{"dmean":0.0322410129011,"dmean2":0.0534434765577,"dvar":0.000933822302613,"dvar2":0.00246481760405,"max":0.500000059605,"mean":0.437296926975,"median":0.448606699705,"min":0.17414060235,"var":0.00221466040239},"dynamic_complexity":3.84719729424,"erbbands":{"dmean":[0.137700080872,0.491316199303,1.6906273365,3.61612796783,9.78941249847,14.4008321762,16.6695308685,8.86855220795,9.43313598633,11.5006542206,10.3182239532,7.93696308136,11.2210206985,10.7757339478,7.70377826691,7.34881401062,5.72826051712,4.33702611923,6.69149208069,3.48785805702,2.99367260933,3.57578158379,1.89875996113,2.10089182854,0.761102557182,0.381037652493,0.248409539461,0.162437200546,0.110733151436,0.075357414782,0.0546366982162,0.0388353466988,0.0270196869969,0.0180050376803,0.0112194297835,0.00624183611944,0.00306753395125,0.00130556081422,0.000630558060948,0.00023670704104],"dmean2":[0.222883179784,0.757694602013,2.57450079918,5.72831010818,16.1308822632,22.1891288757,25.721031189,13.8307218552,14.3919095993,18.2952709198,15.569817543,12.2290153503,17.7910194397,16.8165721893,12.4649209976,11.7014188766,9.3735408783,6.86331796646,10.72270298,5.58465242386,4.97610187531,6.21241188049,3.14314889908,3.67261362076,1.20088386536,0.592404127121,0.393849045038,0.26056060195,0.178860634565,0.121478118002,0.0893594920635,0.063705176115,0.044480856508,0.0296702366322,0.0184926912189,0.0102782323956,0.00502669299021,0.00210327957757,0.000995691982098,0.000381390505936],"dvar":[0.0488987527788,0.518056333065,11.7188301086,27.5859642029,356.160644531,1259.47045898,2399.80981445,735.500671387,487.350006104,569.351623535,933.901062012,740.768981934,1133.39794922,1085.99243164,518.824523926,371.201477051,246.166229248,101.388755798,342.644775391,98.9881744385,109.485366821,204.63861084,39.0275268555,69.1159896851,7.19076395035,0.829674184322,0.248840749264,0.0813281312585,0.0339714176953,0.014570790343,0.00822885241359,0.00445899460465,0.00229571922682,0.00106265151408,0.00041298661381,0.000126123777591,0.0000277133622149,0.00000427025861427,0.00000185463250091,5.00969747463e-7],"dvar2":[0.128903225064,1.10478198528,22.1034564972,64.2460250854,812.207641602,2756.95556641,5582.83349609,1793.31018066,1169.60168457,1350.52160645,1914.10522461,1643.04980469,2764.00390625,2364.37841797,1306.89904785,943.651123047,648.784301758,258.145477295,859.969482422,257.371612549,296.532928467,574.35357666,104.605529785,195.140457153,15.8013963699,1.93149805069,0.60061955452,0.19632217288,0.0821788758039,0.0352438725531,0.0201447382569,0.0109631437808,0.00564366672188,0.00261542457156,0.00101627816912,0.000310334842652,0.0000680679295328,0.0000102760886875,0.00000446652302344,0.00000134314734623],"max":[2.7591278553,13.1132087708,85.297088623,101.883865356,733.060058594,997.262390137,1169.00048828,1034.88098145,760.415161133,504.660461426,934.217468262,763.064880371,872.109558105,1222.9140625,527.564453125,507.409484863,253.312210083,225.064285278,481.023712158,182.001022339,144.373260498,181.855941772,65.8853912354,104.164199829,86.3155899048,23.2077331543,7.37621068954,3.55652832985,2.71528625488,2.0922729969,1.69615232944,1.28721857071,0.930672347546,0.630394816399,0.392755180597,0.21785441041,0.101695597172,0.0360280536115,0.0201454199851,0.00694265216589],"mean":[0.268774241209,0.887020289898,2.62651133537,6.11577367783,16.765039444,24.3328437805,27.1513195038,17.9230213165,22.2507896423,23.7877368927,18.5126113892,13.249332428,15.5591526031,13.7339553833,9.93236923218,10.2511348724,7.20982980728,6.31826353073,9.73535346985,4.30162477493,2.78847908974,2.81716179848,1.66300797462,1.68778896332,0.861365616322,0.430392742157,0.271799892187,0.181498587132,0.126053065062,0.0870632901788,0.0600529164076,0.0404648259282,0.0269965454936,0.0177590940148,0.0110520618036,0.00620642490685,0.00322184897959,0.001505471766,0.000719523464795,0.000296067883028],"median":[0.149799585342,0.488245755434,1.17854475975,3.38489675522,7.93003559113,8.13249588013,7.98484230042,6.68982553482,8.33534049988,7.0643196106,5.7534532547,3.08317422867,2.45373654366,2.35114455223,2.06615900993,2.13622617722,1.96038246155,1.53099238873,1.61252450943,0.928804397583,0.530931293964,0.396020382643,0.283054172993,0.234871119261,0.170824319124,0.121148742735,0.0852938145399,0.0644751936197,0.048401363194,0.0360150560737,0.0240252278745,0.0144646167755,0.00858572218567,0.00524892751127,0.00324951508082,0.00190799322445,0.00116891798098,0.000615356257185,0.000230742007261,0.0000990645203274],"min":[6.9600112195e-23,4.44452968269e-22,1.70673956973e-21,2.99603303254e-21,1.11847888917e-20,1.76906161082e-20,2.66347358948e-20,4.2671843808e-20,1.31889916166e-19,2.12973972594e-19,2.46935074639e-19,2.87242887955e-19,4.53165625311e-19,8.1152198016e-19,1.23278862592e-18,8.96253605821e-19,1.25605876751e-18,1.64573579927e-18,2.23404526248e-18,2.99183369345e-18,3.33826810092e-18,4.02361329461e-18,4.22599998867e-18,5.19700580305e-18,6.7776259445e-18,8.34616304515e-18,9.82316185768e-18,9.32327179809e-18,1.0641365079e-17,1.1452957473e-17,1.15155518843e-17,1.04509125333e-17,8.93450187328e-18,8.22652874034e-18,6.21012503678e-18,3.75975839564e-18,1.91956504886e-18,9.83991722817e-19,2.37408487223e-19,2.68449221654e-20],"var":[0.102104432881,1.32328808308,28.2551994324,72.7691345215,1264.27856445,2873.08398438,4488.95410156,1548.50842285,1487.27734375,1784.6973877,2687.07885742,1637.98168945,2073.15844727,1742.19604492,754.798583984,625.785705566,239.780517578,164.992401123,587.807189941,113.646995544,80.426651001,130.656463623,29.1146316528,45.3877868652,10.753531456,1.01791226864,0.270747661591,0.0952815413475,0.0429774448276,0.0197090301663,0.00992741342634,0.00525217037648,0.00266848551109,0.00121990102343,0.000473938329378,0.000145474768942,0.0000328039895976,0.00000564316496821,0.00000214622446038,4.19375965066e-7]},"erbbands_crest":{"dmean":2.84676504135,"dmean2":4.63195610046,"dvar":6.53357458115,"dvar2":16.5363254547,"max":29.8143501282,"mean":10.8587589264,"median":10.256649971,"min":2.17903637886,"var":19.4832611084},"erbbands_flatness_db":{"dmean":0.0369433313608,"dmean2":0.0574853271246,"dvar":0.000951203051955,"dvar2":0.00239320332184,"max":0.386772066355,"mean":0.202583938837,"median":0.199222996831,"min":0.0352188721299,"var":0.00319707067683},"erbbands_kurtosis":{"dmean":2.10178995132,"dmean2":3.34354615211,"dvar":6.83195352554,"dvar2":16.8983612061,"max":45.0977630615,"mean":3.13917422295,"median":1.5963947773,"min":-1.73477613926,"var":22.5486717224},"erbbands_skewness":{"dmean":0.506474256516,"dmean2":0.777735173702,"dvar":0.215882480145,"dvar2":0.511660337448,"max":5.2263879776,"mean":0.943856775761,"median":0.971351861954,"min":-3.29738020897,"var":0.964886426926},"erbbands_spread":{"dmean":5.74767494202,"dmean2":8.89687824249,"dvar":33.4253082275,"dvar2":77.4405441284,"max":116.87651062,"mean":20.6707954407,"median":18.663526535,"min":1.80456161499,"var":148.83631897},"gfcc":{"cov":[[27813.3964844,3308.21362305,-2045.49133301,-308.187469482,-368.806030273,-214.382919312,-459.12677002,-287.556915283,-331.583374023,-73.263168335,-120.985671997,-109.974647522,8.80646896362],[3308.21362305,1624.18029785,-91.7440338135,-239.406707764,-51.9236412048,-147.315124512,4.46445894241,-199.750579834,64.3637008667,-49.6958312988,20.7880516052,-72.1405410767,-19.9953174591],[-2045.49133301,-91.7440338135,638.822265625,106.382453918,-229.549530029,88.6284255981,-108.747993469,131.284210205,-19.5364665985,98.7224578857,-8.91882514954,6.31458568573,-27.8742294312],[-308.187469482,-239.406707764,106.382453918,245.989486694,58.5695152283,3.22279214859,0.252601712942,44.835647583,-5.15207529068,16.4145851135,-1.88023591042,28.0294380188,-29.5725021362],[-368.806030273,-51.9236412048,-229.549530029,58.5695152283,354.237365723,36.869392395,135.856964111,-99.4800720215,16.3583221436,-70.5127258301,33.2620697021,-2.08356547356,22.7787895203],[-214.382919312,-147.315124512,88.6284255981,3.22279214859,36.869392395,246.496002197,13.1158323288,41.2640075684,-91.4380569458,-0.679391682148,-17.4939193726,6.58188819885,17.5065383911],[-459.12677002,4.46445894241,-108.747993469,0.252601712942,135.856964111,13.1158323288,176.973464966,-7.38015556335,33.6078567505,-65.2735977173,3.88001203537,12.4425067902,5.65068340302],[-287.556915283,-199.750579834,131.284210205,44.835647583,-99.4800720215,41.2640075684,-7.38015556335,156.718338013,17.18309021,45.6670646667,-6.06183290482,19.1892623901,-3.66652727127],[-331.583374023,64.3637008667,-19.5364665985,-5.15207529068,16.3583221436,-91.4380569458,33.6078567505,17.18309021,124.464057922,46.8442840576,32.8236961365,1.67710292339,-13.4053220749],[-73.263168335,-49.6958312988,98.7224578857,16.4145851135,-70.5127258301,-0.679391682148,-65.2735977173,45.6670646667,46.8442840576,115.026390076,48.217124939,7.31162548065,-7.27736663818],[-120.985671997,20.7880516052,-8.91882514954,-1.88023591042,33.2620697021,-17.4939193726,3.88001203537,-6.06183290482,32.8236961365,48.217124939,72.6535263062,34.1616706848,10.6032571793],[-109.974647522,-72.1405410767,6.31458568573,28.0294380188,-2.08356547356,6.58188819885,12.4425067902,19.1892623901,1.67710292339,7.31162548065,34.1616706848,67.4913253784,29.8703289032],[8.80646896362,-19.9953174591,-27.8742294312,-29.5725021362,22.7787895203,17.5065383911,5.65068340302,-3.66652727127,-13.4053220749,-7.27736663818,10.6032571793,29.8703289032,68.0551605225]],"icov":[[0.000292215874651,-0.000936301366892,0.00183096609544,-0.00106068397872,0.000501681352034,-0.000145032026921,0.000515702995472,-0.00107479619328,0.00169004511554,-0.00178815075196,0.00120979512576,-0.000424779165769,-0.000115579394333],[-0.000936301366892,0.00420756544918,-0.00556527310982,0.00200183712877,0.00165005784947,-0.00159982242621,-0.00114947499242,0.00568937929347,-0.00916992221028,0.01124281995,-0.0100227650255,0.00624149665236,-0.00157289870549],[0.00183096609544,-0.00556527310982,0.0155164077878,-0.0126169128343,0.0108259795234,-0.00674997549504,0.00454773195088,-0.00508987996727,0.00395105173811,-0.00242729624733,-0.00362225738354,0.00683728326112,-0.00545626319945],[-0.00106068397872,0.00200183712877,-0.0126169128343,0.0272984169424,-0.0277221314609,0.0192125048488,-0.00517844129354,-0.00591967394575,0.0193628724664,-0.0312747657299,0.0401274897158,-0.0371511280537,0.0223914701492],[0.000501681352034,0.00165005784947,0.0108259795234,-0.0277221314609,0.0399625860155,-0.0265081245452,0.00337195745669,0.0141264796257,-0.0330345369875,0.0504806414247,-0.0610788315535,0.0504891760647,-0.0270211733878],[-0.000145032026921,-0.00159982242621,-0.00674997549504,0.0192125048488,-0.0265081245452,0.0267470162362,-0.00827871449292,-0.0108732543886,0.0338326133788,-0.0438197404146,0.0457370281219,-0.03508162871,0.0174765791744],[0.000515702995472,-0.00114947499242,0.00454773195088,-0.00517844129354,0.00337195745669,-0.00827871449292,0.017556944862,-0.00348921865225,-0.0127780660987,0.0202769525349,-0.0132521530613,0.00584374321625,-0.0022856448777],[-0.00107479619328,0.00568937929347,-0.00508987996727,-0.00591967394575,0.0141264796257,-0.0108732543886,-0.00348921865225,0.0225785039365,-0.0223871003836,0.0210932586342,-0.0213338751346,0.0161150507629,-0.00917485263199],[0.00169004511554,-0.00916992221028,0.00395105173811,0.0193628724664,-0.0330345369875,0.0338326133788,-0.0127780660987,-0.0223871003836,0.069542825222,-0.0806337371469,0.0710235089064,-0.0514764264226,0.0259318910539],[-0.00178815075196,0.01124281995,-0.00242729624733,-0.0312747657299,0.0504806414247,-0.0438197404146,0.0202769525349,0.0210932586342,-0.0806337371469,0.130375251174,-0.125559687614,0.0864687263966,-0.0375521406531],[0.00120979512576,-0.0100227650255,-0.00362225738354,0.0401274897158,-0.0610788315535,0.0457370281219,-0.0132521530613,-0.0213338751346,0.0710235089064,-0.125559687614,0.152816966176,-0.10876519978,0.0459737554193],[-0.000424779165769,0.00624149665236,0.00683728326112,-0.0371511280537,0.0504891760647,-0.03508162871,0.00584374321625,0.0161150507629,-0.0514764264226,0.0864687263966,-0.10876519978,0.103197902441,-0.0481883920729],[-0.000115579394333,-0.00157289870549,-0.00545626319945,0.0223914701492,-0.0270211733878,0.0174765791744,-0.0022856448777,-0.00917485263199,0.0259318910539,-0.0375521406531,0.0459737554193,-0.0481883920729,0.0410660542548]],"mean":[-108.779998779,148.90637207,-67.3808746338,3.58637738228,-30.9049777985,-5.02208805084,-22.6940116882,-10.3983154297,-11.6534471512,-1.90037071705,-8.26439189911,-2.68807220459,-8.62337207794]},"hfc":{"dmean":3.0344543457,"dmean2":4.54020595551,"dvar":26.4426593781,"dvar2":62.5709533691,"max":75.4160308838,"mean":7.99717617035,"median":4.76526021957,"min":1.06564374679e-16,"var":75.641746521},"melbands":{"dmean":[0.00098605453968,0.000735731038731,0.000743561482523,0.000827329000458,0.00061356916558,0.000206938100746,0.000143368713907,0.000116320363304,0.0000826753966976,0.00004904675734,0.0000571228083572,0.0000453518914583,0.0000262487919827,0.0000240275603574,0.000017601352738,0.0000102222475107,0.0000082873766587,0.0000115364728117,0.00000637827724859,0.00000419028037868,0.00000326591725752,0.00000394163316741,0.00000221106870413,0.00000174585545665,0.00000178449386112,6.44027011276e-7,3.75629355176e-7,2.29775565685e-7,1.65527737295e-7,1.21871210013e-7,8.67326619414e-8,6.64746124812e-8,4.97150587364e-8,3.90537380213e-8,3.23879660868e-8,2.6868283598e-8,2.25891767514e-8,1.93562605943e-8,1.66401239454e-8,1.46878393892e-8],"dmean2":[0.00156644871458,0.00111352629028,0.00120144186076,0.00128759944346,0.000948186207097,0.000319118087646,0.000218197732465,0.000182651579962,0.000124323458294,0.0000760878319852,0.0000903565232875,0.0000707065046299,0.0000420043397753,0.000039784659748,0.0000287054808723,0.0000169088998518,0.0000132022232719,0.000018550630557,0.0000101058558357,0.00000697639279679,0.00000546525734535,0.00000689092667017,0.00000370605675926,0.00000298723216474,0.00000315058650813,0.0000010044004739,5.86913756706e-7,3.60609220706e-7,2.64110241233e-7,1.95783840695e-7,1.40067982102e-7,1.0769804959e-7,8.06073927606e-8,6.30478638186e-8,5.29968495755e-8,4.40471055185e-8,3.71306541069e-8,3.18783186515e-8,2.74178635351e-8,2.42109639004e-8],"dvar":[0.00000228936187341,0.00000186571787708,0.0000013882499843,0.0000027616385978,0.000003028257197,3.52353339395e-7,1.07080971645e-7,5.92813584888e-8,5.90110111887e-8,2.73352593894e-8,2.93336412938e-8,1.95106562018e-8,6.07600458835e-9,5.63933211239e-9,1.93193772091e-9,9.07138864026e-10,3.96146643267e-10,1.02986275063e-9,2.7869509478e-10,2.24792212622e-10,1.24633095511e-10,2.55684112771e-10,6.19769305321e-11,4.00797103839e-11,5.30801756715e-11,5.97310872638e-12,1.87907046693e-12,2.67959130362e-13,1.1608049862e-13,5.61894619917e-14,2.27763347868e-14,1.32540513802e-14,6.61108876519e-15,3.96051006796e-15,2.89645902105e-15,2.0623141036e-15,1.53429250489e-15,1.1653201885e-15,9.0361368934e-16,7.08035687643e-16],"dvar2":[0.00000575588319407,0.00000352607389686,0.00000326249983118,0.00000597919097345,0.00000702082024873,8.63367688453e-7,2.51726618217e-7,1.36267559014e-7,1.23132139151e-7,6.12524857502e-8,7.02874061176e-8,4.19115835371e-8,1.47104861625e-8,1.48266972033e-8,5.07301445296e-9,2.40918041072e-9,1.01804120689e-9,2.5995874342e-9,6.89605150761e-10,6.15034301266e-10,3.36424665903e-10,7.21104231882e-10,1.68194999595e-10,1.10954335997e-10,1.50652795794e-10,1.31418105564e-11,4.2020037623e-12,6.50488614796e-13,2.82154237041e-13,1.38174573779e-13,5.52882866984e-14,3.27130798849e-14,1.60316638437e-14,9.59652415042e-15,7.10747294217e-15,5.06893145351e-15,3.77268347652e-15,2.86368413994e-15,2.22467147311e-15,1.74244460481e-15],"max":[0.019022859633,0.0341780148447,0.0349946469069,0.0460857339203,0.0482982210815,0.0199724715203,0.0111575108021,0.00625244760886,0.00623992364854,0.00439925678074,0.00448461947963,0.00461620464921,0.00190902873874,0.00239639286883,0.000802989059594,0.000685474893544,0.000461392890429,0.000812815618701,0.000345370644936,0.000291779637337,0.000138360730489,0.000234666789765,0.000113228867122,0.0000978486059466,0.0000939141973504,0.0000989498876152,0.0000501232170791,0.0000145403628267,0.0000052751943258,0.00000343012493431,0.00000220287961383,0.00000196408132069,0.00000143631245919,0.0000011274063354,9.93342951006e-7,8.68382642238e-7,7.55279870646e-7,6.60425939714e-7,5.82841607866e-7,5.14211706104e-7],"mean":[0.00208597397432,0.0012924206676,0.00136460701469,0.0014996357495,0.00102380290627,0.000430972198956,0.000335372897098,0.00023566649179,0.000144356148667,0.0000776765591581,0.0000778077446739,0.0000571314922126,0.0000327838097292,0.0000302296666632,0.0000234656199609,0.0000118395992104,0.0000116415403681,0.000016636962755,0.0000085745305114,0.00000408366304328,0.00000295312247545,0.00000306058200295,0.00000186639374533,0.00000143368140471,0.00000139826545364,7.19752563327e-7,4.23424182827e-7,2.53076791523e-7,1.77851404715e-7,1.31978211471e-7,9.62766790735e-8,7.43514192436e-8,5.70181661885e-8,4.46673027454e-8,3.55140805652e-8,2.87658359355e-8,2.30126158129e-8,1.9295198328e-8,1.64380757894e-8,1.44443390582e-8],"median":[0.00125268381089,0.000685612089001,0.000782936462201,0.000658279517666,0.000303093605908,0.00016049820988,0.000128690560814,0.0000686513085384,0.0000405031532864,0.0000166499376064,0.0000115171624202,0.00000920485126699,0.00000630854901829,0.00000599249869992,0.00000515559713676,0.00000327973725689,0.00000270035798167,0.00000264930486082,0.00000154349470449,8.17099021333e-7,5.33238733169e-7,4.20365495302e-7,2.89753472771e-7,2.1954191709e-7,1.82752188493e-7,1.3709498603e-7,1.00516118096e-7,7.3907699516e-8,5.4520960191e-8,4.36018865457e-8,3.48966153751e-8,2.79260170544e-8,2.3006144545e-8,1.84346689025e-8,1.41697231726e-8,1.0859276145e-8,7.6974817631e-9,6.1096567805e-9,4.89616258648e-9,4.23763202306e-9],"min":[1.05131828105e-24,6.64484263131e-25,5.96989866422e-25,9.56497693277e-25,7.66194712743e-25,8.49688490508e-25,1.68902061784e-24,2.75501999476e-24,2.13978914972e-24,1.52571171792e-24,1.7781135824e-24,3.02301635743e-24,2.6199632607e-24,2.17706696901e-24,3.1000210147e-24,2.51357412636e-24,2.21189774177e-24,3.40478835353e-24,3.07590967834e-24,3.30745672289e-24,3.31002604286e-24,3.5591195233e-24,3.07933530682e-24,4.48970678433e-24,3.74198458088e-24,3.66302118199e-24,5.16281457905e-24,5.12056673884e-24,4.43507974436e-24,5.29905322396e-24,4.43586032223e-24,5.67802279169e-24,5.29100763159e-24,4.84418695411e-24,4.8391185228e-24,6.21077842631e-24,5.22633050369e-24,5.77161443278e-24,5.0962911222e-24,6.61438766999e-24],"var":[0.00000541660256204,0.00000471090334031,0.00000432805836681,0.00000837694460643,0.00000581434824198,7.94974255314e-7,3.25677149249e-7,1.81276263334e-7,1.76321222511e-7,5.66255238255e-8,5.48060761218e-8,3.16849906312e-8,8.92219542692e-9,7.809317637e-9,2.62692023689e-9,7.78774822408e-10,6.4857996751e-10,1.77055159423e-9,4.63986626897e-10,1.68180649962e-10,9.17349390894e-11,1.60840521457e-10,4.40099033605e-11,2.70588846468e-11,3.40536140953e-11,9.04763330228e-12,2.38985914391e-12,2.95881618902e-13,1.22589547021e-13,6.00830827148e-14,2.66253117915e-14,1.58077218849e-14,8.82191252016e-15,5.25222557164e-15,3.47683244398e-15,2.44599144135e-15,1.79629599498e-15,1.35722016139e-15,1.03858817773e-15,8.12115284553e-16]},"melbands_crest":{"dmean":3.40119433403,"dmean2":5.5721244812,"dvar":8.90326213837,"dvar2":23.0078125,"max":38.0472640991,"mean":15.4542989731,"median":14.6200885773,"min":1.66734409332,"var":32.5280914307},"melbands_flatness_db":{"dmean":0.0479896962643,"dmean2":0.0732805430889,"dvar":0.00160592526663,"dvar2":0.00370993535034,"max":0.57843631506,"mean":0.346938788891,"median":0.353299230337,"min":0.00314816972241,"var":0.00717302458361},"melbands_kurtosis":{"dmean":6.33665370941,"dmean2":10.1118021011,"dvar":70.358215332,"dvar2":163.95690918,"max":204.901428223,"mean":12.2900981903,"median":8.39638328552,"min":-1.5734924078,"var":199.826049805},"melbands_skewness":{"dmean":0.675610661507,"dmean2":1.06948804855,"dvar":0.418736487627,"dvar2":0.990232944489,"max":10.591501236,"mean":2.26552295685,"median":2.13188362122,"min":-1.07883703709,"var":1.94658076763},"melbands_spread":{"dmean":3.1603345871,"dmean2":5.01204395294,"dvar":30.2554359436,"dvar2":73.6055297852,"max":204.938659668,"mean":10.0948820114,"median":5.69243049622,"min":0.475318342447,"var":370.682739258},"mfcc":{"cov":[[8520.1953125,1681.44482422,-852.800720215,133.646469116,-14.7146224976,157.597518921,6.21407604218,19.9314651489,-67.3367080688,-8.98647499084,-59.3150215149,-81.1035079956,-95.5491790771],[1681.44482422,1925.26269531,153.24156189,-8.45880222321,1.09807753563,59.0017089844,-48.0837898254,-74.563659668,-57.1083755493,18.9193115234,19.2845191956,-30.8049468994,-9.04814910889],[-852.800720215,153.24156189,812.012756348,-16.3691139221,-21.8836116791,-118.448234558,-61.8392524719,-77.4933319092,5.91933107376,12.881606102,42.1813468933,55.9762573242,31.1655406952],[133.646469116,-8.45880222321,-16.3691139221,255.607269287,50.1194267273,-15.9910488129,-33.6795501709,9.95016384125,0.63586473465,3.96352505684,13.9058923721,28.4872512817,30.384305954],[-14.7146224976,1.09807753563,-21.8836116791,50.1194267273,125.588050842,80.3457489014,40.0641326904,-2.19944787025,-13.2893486023,-4.05480575562,2.10784840584,-1.46512854099,9.9195356369],[157.597518921,59.0017089844,-118.448234558,-15.9910488129,80.3457489014,163.636810303,103.088645935,30.3465042114,-13.8527173996,-11.5163345337,-20.7139492035,-38.1441192627,-10.9209337234],[6.21407604218,-48.0837898254,-61.8392524719,-33.6795501709,40.0641326904,103.088645935,140.671554565,79.2591781616,12.516453743,-19.1704368591,-29.656457901,-26.5668888092,-7.46864080429],[19.9314651489,-74.563659668,-77.4933319092,9.95016384125,-2.19944787025,30.3465042114,79.2591781616,119.49797821,49.4912643433,-15.8581056595,-26.8662338257,-5.02165460587,-5.64214658737],[-67.3367080688,-57.1083755493,5.91933107376,0.63586473465,-13.2893486023,-13.8527173996,12.516453743,49.4912643433,64.1963729858,22.3576545715,-0.630415260792,4.20485877991,-2.12969088554],[-8.98647499084,18.9193115234,12.881606102,3.96352505684,-4.05480575562,-11.5163345337,-19.1704368591,-15.8581056595,22.3576545715,59.5249862671,37.2901954651,2.33584809303,3.79301977158],[-59.3150215149,19.2845191956,42.1813468933,13.9058923721,2.10784840584,-20.7139492035,-29.656457901,-26.8662338257,-0.630415260792,37.2901954651,64.2972106934,42.0348892212,19.5243968964],[-81.1035079956,-30.8049468994,55.9762573242,28.4872512817,-1.46512854099,-38.1441192627,-26.5668888092,-5.02165460587,4.20485877991,2.33584809303,42.0348892212,96.3183441162,49.1375274658],[-95.5491790771,-9.04814910889,31.1655406952,30.384305954,9.9195356369,-10.9209337234,-7.46864080429,-5.64214658737,-2.12969088554,3.79301977158,19.5243968964,49.1375274658,67.7284545898]],"icov":[[0.000179662325536,-0.000177013876964,0.000221272130148,-0.00014551980712,0.00011598628771,0.0000193234554899,-0.000122004210425,0.000107447820483,0.0000787352473708,-0.000183413329069,0.000305721478071,-0.000305933965137,0.000321476516547],[-0.000177013876964,0.000772606465034,-0.000446174846729,0.000145018391777,0.000221954003791,-0.000947469903622,0.000974213297013,-0.000569393741898,0.000694796850439,-0.000301453779684,-0.00023364846129,0.000434327230323,-0.00034056828008],[0.000221272130148,-0.000446174846729,0.00201415037736,-0.000146630554809,-0.000401444296585,0.0022340901196,-0.00227537588216,0.00288613396697,-0.00224906159565,0.00153722392861,-0.000792613660451,-0.000333081174176,0.000113402478746],[-0.00014551980712,0.000145018391777,-0.000146630554809,0.0057396767661,-0.00386444851756,0.000804698851425,0.00415428495035,-0.00480682821944,0.00265532615595,-0.0015490091173,0.000325402943417,0.000312679243507,-0.00209037587047],[0.00011598628771,0.000221954003791,-0.000401444296585,-0.00386444851756,0.0155766513199,-0.00882674846798,-0.00162972218823,0.00462207850069,-0.0023144071456,0.00233320589177,-0.00167401623912,-0.000923574494664,-0.000438440794824],[0.0000193234554899,-0.000947469903622,0.0022340901196,0.000804698851425,-0.00882674846798,0.0215400476009,-0.0145004577935,0.00410474883392,0.00132028467488,-0.000242006848566,-0.000999304815196,0.00312098371796,0.0000994464135147],[-0.000122004210425,0.000974213297013,-0.00227537588216,0.00415428495035,-0.00162972218823,-0.0145004577935,0.0297495611012,-0.0210318081081,0.00912293046713,-0.00413078116253,0.00283266371116,0.00157424027566,-0.00287007447332],[0.000107447820483,-0.000569393741898,0.00288613396697,-0.00480682821944,0.00462207850069,0.00410474883392,-0.0210318081081,0.0366767048836,-0.0290266759694,0.0175585746765,-0.00434618117288,-0.00048107461771,0.00133077683859],[0.0000787352473708,0.000694796850439,-0.00224906159565,0.00265532615595,-0.0023144071456,0.00132028467488,0.00912293046713,-0.0290266759694,0.0502185150981,-0.0355825200677,0.0195378065109,-0.00966768804938,0.00414094654843],[-0.000183413329069,-0.000301453779684,0.00153722392861,-0.0015490091173,0.00233320589177,-0.000242006848566,-0.00413078116253,0.0175585746765,-0.0355825200677,0.0592931807041,-0.0418021567166,0.021186221391,-0.00744476681575],[0.000305721478071,-0.00023364846129,-0.000792613660451,0.000325402943417,-0.00167401623912,-0.000999304815196,0.00283266371116,-0.00434618117288,0.0195378065109,-0.0418021567166,0.0555206649005,-0.0270917676389,0.007258689031],[-0.000305933965137,0.000434327230323,-0.000333081174176,0.000312679243507,-0.000923574494664,0.00312098371796,0.00157424027566,-0.00048107461771,-0.00966768804938,0.021186221391,-0.0270917676389,0.0322181396186,-0.0166436899453],[0.000321476516547,-0.00034056828008,0.000113402478746,-0.00209037587047,-0.000438440794824,0.0000994464135147,-0.00287007447332,0.00133077683859,0.00414094654843,-0.00744476681575,0.007258689031,-0.0166436899453,0.026462867856]],"mean":[-760.661865234,196.705184937,19.3567447662,23.4586620331,9.11746788025,10.5456428528,-0.87403011322,-1.52553105354,-3.77661776543,1.19519257545,0.557994306087,-1.21267306805,-0.212960392237]},"pitch_salience":{"dmean":0.0755093470216,"dmean2":0.123953588307,"dvar":0.00400808127597,"dvar2":0.0104078277946,"max":0.926526844501,"mean":0.584839642048,"median":0.592901408672,"min":0.105525285006,"var":0.0126454578713},"silence_rate_20dB":{"dmean":0,"dmean2":0,"dvar":0,"dvar2":0,"max":1,"mean":1,"median":1,"min":1,"var":0},"silence_rate_30dB":{"dmean":0.0131054865196,"dmean2":0.0262143407017,"dvar":0.0129345422611,"dvar2":0.0301527418196,"max":1,"mean":0.9826567173,"median":1,"min":0,"var":0.0170414056629},"silence_rate_60dB":{"dmean":0.00822305027395,"dmean2":0.0164482146502,"dvar":0.00815540365875,"dvar2":0.019775737077,"max":1,"mean":0.0494604334235,"median":0,"min":0,"var":0.0470142774284},"spectral_centroid":{"dmean":127.214508057,"dmean2":194.8878479,"dvar":51099.5195312,"dvar2":108543.304688,"max":11688.8818359,"mean":667.476806641,"median":379.794647217,"min":133.656204224,"var":2042888.875},"spectral_complexity":{"dmean":2.60619306564,"dmean2":3.9501414299,"dvar":12.5396146774,"dvar2":24.9495716095,"max":41,"mean":9.86022567749,"median":8,"min":0,"var":36.0958595276},"spectral_contrast_coeffs":{"dmean":[0.0533443465829,0.0454223230481,0.0351937524974,0.0303301773965,0.0320300422609,0.0316482707858],"dmean2":[0.0874252766371,0.0746995583177,0.0581577345729,0.0493208132684,0.0496684238315,0.0515789464116],"dvar":[0.00184519251343,0.00138455699198,0.00085043819854,0.000635088188574,0.000814306316897,0.00142568338197],"dvar2":[0.00477908411995,0.0036334306933,0.0022706144955,0.00166901526973,0.00194715883117,0.00337935239077],"max":[-0.314197748899,-0.463390976191,-0.592898845673,-0.625783920288,-0.649918556213,-0.556071639061],"mean":[-0.646213710308,-0.751284360886,-0.822614252567,-0.837373912334,-0.869127929211,-0.825053989887],"median":[-0.647204995155,-0.752392351627,-0.831022799015,-0.840624094009,-0.868799269199,-0.84309643507],"min":[-0.979639649391,-0.9788890481,-0.979735255241,-0.976742684841,-0.968861818314,-0.965156257153],"var":[0.00956148281693,0.00559669500217,0.00348726403899,0.00299487938173,0.00236801127903,0.0025616241619]},"spectral_contrast_valleys":{"dmean":[0.36054110527,0.35621920228,0.402534216642,0.449988722801,0.595260620117,0.814910233021],"dmean2":[0.591175377369,0.568682014942,0.610862255096,0.664352655411,0.891606867313,1.29285991192],"dvar":[0.0965005531907,0.0971967577934,0.148706033826,0.188095092773,0.263907551765,0.508735537529],"dvar2":[0.229207441211,0.219834715128,0.303869217634,0.378515213728,0.608142673969,1.40334415436],"max":[-5.13299226761,-4.34370613098,-5.03367710114,-5.84936904907,-6.50780439377,-9.02492904663],"mean":[-7.20703125,-7.04080247879,-7.97203826904,-8.59968090057,-9.13635253906,-11.8717832565],"median":[-6.72386837006,-6.58843612671,-7.59231138229,-8.21105003357,-8.78180122375,-11.5022830963],"min":[-28.5570850372,-28.0282707214,-28.1150074005,-27.657787323,-27.5314769745,-27.4078769684],"var":[8.14115524292,8.40647888184,7.72675514221,7.30353116989,6.83904695511,5.35190820694]},"spectral_decrease":{"dmean":2.26862506558e-9,"dmean2":3.38212591267e-9,"dvar":9.8479880294e-18,"dvar2":2.14578823441e-17,"max":1.90664696924e-18,"mean":-7.14311010341e-9,"median":-5.22670351444e-9,"min":-6.08831030036e-8,"var":4.28757887035e-17},"spectral_energy":{"dmean":0.0087824286893,"dmean2":0.0130798164755,"dvar":0.000147257465869,"dvar2":0.000320913619362,"max":0.236081987619,"mean":0.0276851821691,"median":0.0202552452683,"min":1.00598208353e-20,"var":0.000643804844003},"spectral_energyband_high":{"dmean":0.0000250276043516,"dmean2":0.0000402826881327,"dvar":2.12484141393e-9,"dvar2":5.21309129198e-9,"max":0.000486603239551,"mean":0.0000277796771115,"median":0.00000963691127254,"min":7.03009735837e-21,"var":2.38820274667e-9},"spectral_energyband_low":{"dmean":0.00474000349641,"dmean2":0.00726125109941,"dvar":0.0000430724830949,"dvar2":0.0000949947716435,"max":0.112554743886,"mean":0.011257645674,"median":0.0078932614997,"min":1.53153826429e-23,"var":0.000124276484712},"spectral_energyband_middle_high":{"dmean":0.00100982445292,"dmean2":0.00154489220586,"dvar":0.00000576062666369,"dvar2":0.0000138248815347,"max":0.0404958315194,"mean":0.00152843352407,"median":0.000393670692574,"min":1.20059358922e-21,"var":0.00000902147166926},"spectral_energyband_middle_low":{"dmean":0.00586860487238,"dmean2":0.00900317542255,"dvar":0.000110533736006,"dvar2":0.000248950993409,"max":0.225752785802,"mean":0.0155447348952,"median":0.00866185314953,"min":1.51869456746e-22,"var":0.000399888522225},"spectral_entropy":{"dmean":0.378997147083,"dmean2":0.579618215561,"dvar":0.108240567148,"dvar2":0.24445708096,"max":9.82152938843,"mean":6.71849966049,"median":6.65527057648,"min":4.85913658142,"var":0.520181596279},"spectral_flux":{"dmean":0.0205301959068,"dmean2":0.0331391356885,"dvar":0.000467930687591,"dvar2":0.00117132451851,"max":0.404259085655,"mean":0.0733952671289,"median":0.0642827004194,"min":6.27377802487e-11,"var":0.0017336452147},"spectral_kurtosis":{"dmean":10.3932685852,"dmean2":16.986700058,"dvar":155.73298645,"dvar2":413.797302246,"max":132.304534912,"mean":21.3167533875,"median":16.5010643005,"min":-1.26539611816,"var":239.147445679},"spectral_rms":{"dmean":0.000762386363931,"dmean2":0.00112165405881,"dvar":6.2323124439e-7,"dvar2":0.00000128280692024,"max":0.015176425688,"mean":0.00471417419612,"median":0.00444535911083,"min":3.13280369528e-12,"var":0.00000478652509628},"spectral_rolloff":{"dmean":163.44859314,"dmean2":277.036865234,"dvar":183032.71875,"dvar2":463731.0625,"max":19638.28125,"mean":822.805541992,"median":387.59765625,"min":43.06640625,"var":6785485.5},"spectral_skewness":{"dmean":0.774157166481,"dmean2":1.21101057529,"dvar":0.578068733215,"dvar2":1.48747587204,"max":9.06254291534,"mean":3.34855794907,"median":3.17404794693,"min":-0.0850047022104,"var":1.48707747459},"spectral_spread":{"dmean":805838.4375,"dmean2":1292479.75,"dvar":659256639488,"dvar2":1556157693950,"max":43144412,"mean":3510964.75,"median":2714484.5,"min":665979.5,"var":25610736894000},"spectral_strongpeak":{"dmean":0.290943294764,"dmean2":0.484582811594,"dvar":0.179227441549,"dvar2":0.434663414955,"max":5.91592264175,"mean":0.509469330311,"median":0.252539902925,"min":0,"var":0.387557327747},"zerocrossingrate":{"dmean":0.00364212761633,"dmean2":0.00459769926965,"dvar":0.0000408877203881,"dvar2":0.0000680261582602,"max":0.5234375,"mean":0.0268337018788,"median":0.0146484375,"min":0.00244140625,"var":0.00478500826284}},"metadata":{"audio_properties":{"analysis_sample_rate":44100,"bit_rate":137312,"codec":"mp3","downmix":"mix","equal_loudness":0,"length":180.716171265,"lossless":false,"md5_encoded":"9f94dfdb2fe7915afe295dbc5f650d61","replay_gain":-1.72405052185,"sample_rate":44100},"tags":{"album":["The Complete Columbia Album Collection"],"albumartist":["Johnny Cash"],"albumartistsort":["Cash, Johnny"],"artist":["Johnny Cash"],"artists":["Johnny Cash"],"artistsort":["Cash, Johnny"],"asin":["B008DDC874"],"barcode":["886979104723"],"catalognumber":["88697910472"],"date":["2012-12-04"],"discnumber":["17/63"],"file_name":"01 - Happiness Is You.mp3","label":["Columbia","Legacy"],"media":["CD"],"musicbrainz album release country":["US"],"musicbrainz album status":["official"],"musicbrainz album type":["album","compilation"],"musicbrainz release track id":["fc223a92-44fc-36bc-83f4-a0db63f14d0c"],"musicbrainz_albumartistid":["d43d12a1-2dc9-4257-a2fd-0a3bb1081b86"],"musicbrainz_albumid":["de36c451-000c-4488-9375-b6d40b6636e5"],"musicbrainz_artistid":["d43d12a1-2dc9-4257-a2fd-0a3bb1081b86"],"musicbrainz_recordingid":["d6672a43-701c-4d68-a7a6-cae9cc8ef73c"],"musicbrainz_releasegroupid":["30578604-ce5e-4d3d-a09c-6c06fc4c526b"],"originaldate":["2012"],"script":["Latn"],"title":["Happiness Is You"],"tracknumber":["1/11"]},"version":{"essentia":"2.1-beta1","essentia_build_sha":"ca57ba49d9b1854bd80e60cf9ccf267278fb7d6b","essentia_git_sha":"v2.1_beta1-28-g21ef5f4-dirty","extractor":"music 1.0"}},"rhythm":{"beats_count":352,"beats_loudness":{"dmean":0.0300172306597,"dmean2":0.0533623732626,"dvar":0.000939941906836,"dvar2":0.00276788393967,"max":0.232667908072,"mean":0.0435238406062,"median":0.034369148314,"min":0,"var":0.001064504846},"beats_loudness_band_ratio":{"dmean":[0.234391257167,0.175934642553,0.0982545167208,0.0695604085922,0.0272935591638,0.00999558437616],"dmean2":[0.420784562826,0.30948099494,0.1695824712