{"lowlevel":{"average_loudness":0.656707704067,"barkbands":{"dmean":[0.00411538640037,0.00745595199987,0.00203493400477,0.0010796377901,0.00150179688353,0.00257954723202,0.00129020377062,0.000780481379479,0.000508009048644,0.000341232196661,0.000309640192427,0.000304849236272,0.000194095613551,0.000195942542632,0.000170620682184,0.0001317148417,0.0000914372576517,0.0000864839239512,0.0000979766191449,0.0000932275506784,0.000092252419563,0.0000799603803898,0.0000436532900494,0.000013777883396,0.00000269121665042,0.0000316151417792,0.000197669898625],"dmean2":[0.00617152638733,0.0120844803751,0.00349708320573,0.00185416871682,0.00242275372148,0.00394660653546,0.00200915732421,0.00125261046924,0.00083734060172,0.000558440398891,0.00051125860773,0.000502184906509,0.000329882226652,0.000326314504491,0.000283189612674,0.000216583706788,0.000145388199599,0.000130526255816,0.00014039366215,0.000130552085466,0.000126725048176,0.000107519947051,0.0000613068405073,0.0000176571647899,0.00000430772206528,0.0000421351433033,0.000264652597252],"dvar":[0.000093899165222,0.000172115818714,0.0000125419583128,0.00000397083022108,0.00000761172759667,0.0000464261283923,0.0000105970393633,0.0000059049475567,0.00000209695076592,8.31212219055e-7,6.89724970471e-7,5.44999124941e-7,1.1662420718e-7,1.19692828093e-7,1.19643345897e-7,5.7437741674e-8,3.0613488633e-8,3.70024864083e-8,4.990869229e-8,5.8224653543e-8,1.03544302021e-7,1.04568279369e-7,1.48187995208e-8,7.47292339121e-10,2.36382718954e-11,5.14154141484e-9,1.52331168124e-7],"dvar2":[0.000194925742107,0.000441027485067,0.0000339899488608,0.0000114353670142,0.0000195723951038,0.000100028446468,0.000023938533559,0.0000135134441734,0.00000536484549229,0.00000210490884456,0.0000018625840994,0.00000147997036493,3.12730293217e-7,3.14741384955e-7,3.21337637388e-7,1.53460760544e-7,7.51161337575e-8,8.18324110696e-8,1.09335431375e-7,1.06078182682e-7,1.97541069724e-7,1.59366507546e-7,3.17042569975e-8,1.30470378945e-9,5.69792373006e-11,1.1167590408e-8,2.7665316793e-7],"max":[0.194000244141,0.174139648676,0.0642400532961,0.0438644178212,0.0620261840522,0.22090639174,0.0933853462338,0.081730492413,0.0732544586062,0.0307462047786,0.0366307720542,0.0197677146643,0.00760721834376,0.00568800745532,0.0112838502973,0.00504885427654,0.00281950598583,0.00723003223538,0.00800404883921,0.00886036362499,0.0128022301942,0.0201715547591,0.00293956347741,0.00057916471269,0.0000644839965389,0.00107611948624,0.0149842016399],"mean":[0.00519928336143,0.0105406008661,0.00242413347587,0.00125808396842,0.00202190806158,0.00363759649917,0.00183621025644,0.00105069181882,0.000758846406825,0.000538219988812,0.00048389704898,0.000488850579131,0.000337209727149,0.000341272709193,0.000308282673359,0.000248308788287,0.000160288182087,0.000150208288687,0.000165421501151,0.000165135410498,0.000164519282407,0.000124689846416,0.0000649039939162,0.0000219576850213,0.00000327207908413,0.0000458517133666,0.000564192596357],"median":[0.00143216038123,0.0040889265947,0.000797230168246,0.000548379262909,0.00089971057605,0.000914121395908,0.000427663006121,0.00022156216437,0.000151601387188,0.000116843788419,0.000135467795189,0.000201782109798,0.000188315665582,0.00017206359189,0.000154893175932,0.000133338049636,0.0000643499952275,0.000039678572648,0.0000297031074297,0.0000338737409038,0.000033604548662,0.0000178326044988,0.00000833267404232,0.00000274608578366,8.88752538231e-7,0.00000568492396269,0.00033323012758],"min":[7.78403272023e-25,3.11608439209e-24,1.41992744268e-24,1.63901196404e-24,8.93058860065e-24,5.1618995004e-24,6.02883160283e-24,1.82579316381e-23,2.04226921798e-23,2.57842326538e-23,2.18150048562e-23,1.80643956591e-23,4.55003231881e-23,4.07500647187e-23,3.51837517309e-23,7.72813959796e-23,7.46495477405e-23,1.02895223634e-22,1.49810416187e-22,1.72484096139e-22,2.33670142188e-22,3.11492873453e-22,4.60290417482e-22,5.1734235276e-22,8.38580649754e-22,1.28027475056e-21,1.96549483237e-21],"var":[0.000137964467285,0.000257169245742,0.0000161454718182,0.00000452689528174,0.000011009089576,0.000091009773314,0.0000225893982133,0.00000898597227206,0.00000536553670827,0.0000023205961952,0.00000118721902709,9.06648779164e-7,2.26812588267e-7,2.50549987868e-7,2.38597579028e-7,1.29835839857e-7,6.31137666574e-8,8.75471926065e-8,1.25198880596e-7,1.61521455766e-7,2.789580833e-7,2.71246307193e-7,2.97653741654e-8,1.8892072351e-9,3.29160552981e-11,9.19630682716e-9,6.78681658428e-7]},"barkbands_crest":{"dmean":3.32080459595,"dmean2":5.43179607391,"dvar":7.89069366455,"dvar2":19.4947986603,"max":26.263256073,"mean":11.2669420242,"median":10.6416501999,"min":2.33151817322,"var":19.0925350189},"barkbands_flatness_db":{"dmean":0.0363226234913,"dmean2":0.0565299540758,"dvar":0.00134946929757,"dvar2":0.00325397728011,"max":0.560838937759,"mean":0.163433983922,"median":0.146493047476,"min":0.0245433971286,"var":0.00603693164885},"barkbands_kurtosis":{"dmean":12.2723112106,"dmean2":20.0765171051,"dvar":1918.58410645,"dvar2":5162.79638672,"max":1851.03466797,"mean":16.3606719971,"median":6.95978498459,"min":-1.84220743179,"var":1792.27648926},"barkbands_skewness":{"dmean":0.997251570225,"dmean2":1.5421564579,"dvar":1.7355107069,"dvar2":3.97676467896,"max":27.8409156799,"mean":2.5633854866,"median":2.20347499847,"min":-3.68280005455,"var":3.77695250511},"barkbands_spread":{"dmean":7.34179830551,"dmean2":11.4938659668,"dvar":91.4128341675,"dvar2":218.156906128,"max":112.492378235,"mean":21.1110095978,"median":17.1993980408,"min":0.0843888893723,"var":313.448516846},"dissonance":{"dmean":0.0265027228743,"dmean2":0.0434419773519,"dvar":0.000996394781396,"dvar2":0.00262353336439,"max":0.500000059605,"mean":0.453774333,"median":0.469962000847,"min":0.140232428908,"var":0.00229130196385},"dynamic_complexity":5.40440320969,"erbbands":{"dmean":[0.395812541246,1.15153551102,2.35289049149,2.75210833549,4.10861301422,4.95043945312,11.0823144913,26.2088317871,20.0427131653,18.4423732758,14.6350564957,11.1661396027,10.1715145111,10.6224603653,11.7977380753,11.1685905457,8.75145339966,8.69345092773,9.32422161102,7.89789772034,5.90468788147,5.18579864502,4.32571315765,4.84442186356,5.13005924225,4.35391330719,4.16913175583,3.52782249451,2.87505125999,2.15954184532,1.03949737549,0.354063153267,0.212669432163,0.0469671189785,0.0157895237207,0.0450518913567,0.051397215575,0.0673868432641,0.0241177547723,0.00422758841887],"dmean2":[0.638300895691,1.91575944424,4.03629493713,4.70808935165,6.84458971024,8.1882390976,16.9490566254,40.3257751465,31.4257965088,28.243265152,23.6430835724,18.2215938568,16.7712116241,17.4500713348,19.2111549377,18.4168357849,14.7699041367,14.5629615784,15.2806720734,13.0510015488,9.50770187378,8.18291473389,6.55749177933,7.08111524582,7.19513225555,6.14585113525,5.99311113358,4.73527383804,3.90674543381,2.98504781723,1.445977211,0.460973262787,0.276571124792,0.0679809302092,0.0252036862075,0.0592756196856,0.0648022890091,0.0885163173079,0.0296950787306,0.00589065439999],"dvar":[0.626516580582,3.5858798027,16.8610897064,22.9486846924,66.4689712524,99.9381256104,663.861694336,6142.37353516,2250.10498047,4105.58935547,2238.93920898,1175.18261719,809.696533203,713.450683594,797.444030762,616.769287109,231.632705688,234.848022461,287.880187988,212.906539917,111.19997406,102.352020264,96.3954696655,114.832824707,166.099197388,117.520820618,167.880477905,189.05809021,145.09387207,46.702922821,8.66014099121,0.690479934216,0.175265327096,0.00653720647097,0.000853590900078,0.0076764584519,0.0121454531327,0.0390019975603,0.00390358944423,0.0000596768695686],"dvar2":[1.58727407455,9.37345314026,45.8355712891,63.9690971375,183.129745483,263.551971436,1530.99816895,13289.7666016,5045.40234375,8695.95019531,6015.18457031,2859.72998047,2054.03637695,1872.72094727,2114.85473633,1621.30810547,628.867797852,618.017944336,765.780456543,550.044006348,274.540283203,248.116088867,221.739349365,247.089599609,342.669586182,231.230056763,362.03692627,343.230804443,235.141525269,90.6954421997,17.753988266,1.20962309837,0.312664180994,0.0133093958721,0.00207234849222,0.0140398135409,0.0222879946232,0.0719465240836,0.00670829275623,0.000124071259052],"max":[10.0974740982,31.006937027,60.7197151184,78.0148391724,269.383544922,240.539703369,541.927001953,2683.1496582,1653.36096191,1898.6595459,2351.56933594,2096.86401367,992.561462402,877.206665039,725.483642578,635.091674805,288.610137939,273.622344971,385.847930908,482.018981934,200.862609863,173.269699097,410.665496826,374.008789062,547.38104248,361.4559021,424.233459473,703.80456543,725.643188477,232.118560791,75.8625640869,28.5928516388,4.50793409348,0.960690140724,0.426408469677,1.02488231659,2.53552436829,10.3032999039,2.62134623528,0.16398088634],"mean":[0.519432961941,1.560069561,2.88762712479,3.53685927391,5.25090837479,6.16835165024,15.7459907532,35.7780036926,29.1374969482,26.1689968109,20.3814888,17.2691497803,16.8095779419,18.0946044922,19.987247467,19.1897144318,16.1405239105,16.3255882263,17.6840610504,15.7337617874,11.9623556137,9.4464635849,7.95673751831,8.26057624817,8.73512077332,7.79160261154,7.10510110855,6.12025260925,4.53723859787,3.17238998413,1.57410907745,0.56631308794,0.323438495398,0.0662186145782,0.0189283583313,0.0677195414901,0.0803436040878,0.103476665914,0.0478027239442,0.0152555387467],"median":[0.152640730143,0.62272310257,1.04418587685,1.71818888187,2.20250892639,2.56764173508,4.12400627136,7.87310409546,7.79108905792,5.19927501678,5.20676231384,3.83118343353,3.67536449432,4.77395153046,6.83108520508,8.57675457001,9.25342178345,9.2147731781,8.99245834351,8.43986701965,6.7753238678,3.89110255241,2.46941184998,1.61505579948,1.51137900352,1.60534453392,1.41225147247,1.21945679188,0.698225140572,0.412524700165,0.208417549729,0.0681569427252,0.0397825464606,0.0141910696402,0.00583166256547,0.00958233326674,0.00963209196925,0.014624716714,0.0111972950399,0.011178759858],"min":[5.95978923423e-23,6.33548960459e-22,2.57231582221e-21,6.53287779969e-21,1.44648831379e-20,2.19972624972e-20,6.78899698959e-20,8.50208674572e-20,1.11941731911e-19,1.60495075444e-19,3.26879702698e-19,4.17515019789e-19,6.08664620328e-19,6.94905126824e-19,1.10051303679e-18,8.61419686058e-19,2.37305027608e-18,2.74677481953e-18,2.18021379578e-18,2.44409309658e-18,4.14566462117e-18,4.53631596829e-18,4.24663359546e-18,5.81655332851e-18,7.73840780651e-18,9.05728360032e-18,9.79835305675e-18,8.62590973806e-18,1.08910114966e-17,1.21222963082e-17,1.12995311858e-17,1.03292847232e-17,1.08840540805e-17,8.7533890238e-18,5.70563502581e-18,4.32338603014e-18,2.33878576677e-18,9.39090601408e-19,2.43338855228e-19,2.87170742296e-20],"var":[0.817849516869,5.21137714386,21.5243263245,28.4771347046,83.8877105713,130.111572266,1200.93212891,11354.1875,5195.59423828,7356.44921875,2781.77441406,3261.21337891,2067.7590332,1650.33166504,1486.8269043,1109.74816895,476.392852783,513.596862793,670.91015625,530.210021973,283.149414062,214.603897095,229.557312012,286.802825928,417.865142822,319.455444336,377.262695312,511.488830566,359.908203125,102.887367249,18.1554470062,1.75613701344,0.398563563824,0.0131000392139,0.00110451946966,0.0170385912061,0.0293192882091,0.0888867378235,0.0129639720544,0.000333105766913]},"erbbands_crest":{"dmean":3.14944291115,"dmean2":5.05623292923,"dvar":9.28694343567,"dvar2":22.0950965881,"max":31.9150867462,"mean":9.45418930054,"median":8.0962934494,"min":2.09139251709,"var":25.9899959564},"erbbands_flatness_db":{"dmean":0.0282599255443,"dmean2":0.0422893390059,"dvar":0.000837878033053,"dvar2":0.00186431629118,"max":0.45393705368,"mean":0.143245652318,"median":0.130200743675,"min":0.0377227403224,"var":0.00319924158975},"erbbands_kurtosis":{"dmean":2.64620637894,"dmean2":4.31775617599,"dvar":39.3829460144,"dvar2":102.120353699,"max":147.785430908,"mean":2.60656023026,"median":0.319599211216,"min":-1.81163883209,"var":50.8058547974},"erbbands_skewness":{"dmean":0.576306164265,"dmean2":0.877218306065,"dvar":0.453886628151,"dvar2":1.04449415207,"max":9.95992946625,"mean":0.647967875004,"median":0.495851755142,"min":-7.49280691147,"var":1.4718285799},"erbbands_spread":{"dmean":9.70377063751,"dmean2":14.9903430939,"dvar":127.036384583,"dvar2":299.952880859,"max":144.023330688,"mean":33.0485534668,"median":32.0269241333,"min":0.931912302971,"var":297.802154541},"gfcc":{"cov":[[27482.5683594,-955.768432617,-2633.3972168,-352.768585205,438.485290527,-158.837219238,438.89855957,-217.399597168,189.610748291,99.887550354,397.65423584,310.157745361,-269.996704102],[-955.768432617,1368.84619141,279.803344727,-356.804962158,-139.419616699,-106.154579163,-184.810211182,-36.2028884888,26.1423892975,46.7396850586,-43.9899406433,-126.512641907,201.498535156],[-2633.3972168,279.803344727,762.41583252,172.097686768,-135.194747925,60.5070457458,-91.1020812988,95.702507019,-60.0772209167,6.03651285172,-15.590760231,-38.5014915466,33.7585411072],[-352.768585205,-356.804962158,172.097686768,554.733520508,146.561218262,74.3308944702,114.103546143,-20.4943180084,-49.8264007568,6.89720344543,-18.6396331787,39.0495491028,-76.7026672363],[438.485290527,-139.419616699,-135.194747925,146.561218262,377.758209229,146.680847168,87.3359985352,-16.5318145752,-6.03803873062,-14.586728096,53.0311164856,9.65988063812,-27.7789726257],[-158.837219238,-106.154579163,60.5070457458,74.3308944702,146.680847168,251.745635986,22.1987304688,59.1252593994,-37.7078514099,15.1360406876,23.1655330658,18.9521465302,-18.916595459],[438.89855957,-184.810211182,-91.1020812988,114.103546143,87.3359985352,22.1987304688,232.391571045,12.499089241,53.2941551208,-13.4890537262,11.820400238,34.7026863098,-42.5697784424],[-217.399597168,-36.2028884888,95.702507019,-20.4943180084,-16.5318145752,59.1252593994,12.499089241,247.954040527,31.6618709564,-6.75686454773,21.6713237762,-5.66676092148,8.91580581665],[189.610748291,26.1423892975,-60.0772209167,-49.8264007568,-6.03803873062,-37.7078514099,53.2941551208,31.6618709564,138.327941895,38.0646896362,2.3603823185,13.5598201752,0.635038137436],[99.887550354,46.7396850586,6.03651285172,6.89720344543,-14.586728096,15.1360406876,-13.4890537262,-6.75686454773,38.0646896362,108.823181152,37.9534759521,6.19041013718,25.1792831421],[397.65423584,-43.9899406433,-15.590760231,-18.6396331787,53.0311164856,23.1655330658,11.820400238,21.6713237762,2.3603823185,37.9534759521,111.809860229,50.3248214722,3.71333622932],[310.157745361,-126.512641907,-38.5014915466,39.0495491028,9.65988063812,18.9521465302,34.7026863098,-5.66676092148,13.5598201752,6.19041013718,50.3248214722,99.0074691772,6.88918924332],[-269.996704102,201.498535156,33.7585411072,-76.7026672363,-27.7789726257,-18.916595459,-42.5697784424,8.91580581665,0.635038137436,25.1792831421,3.71333622932,6.88918924332,107.368354797]],"icov":[[0.00006244242104,-0.0000645224426989,0.000277654733509,-0.000102696329122,0.000113744979899,-0.0000494660562254,-0.00000424727750215,-0.0000295857571473,9.44200792219e-7,0.0000483891708427,-0.000284640584141,5.51044195163e-7,0.000137389215524],[-0.0000645224426989,0.00175268226303,-0.0011349361157,0.00100715784356,-0.00046417475096,0.000308173883241,0.0000771390405134,0.000801389222033,-0.000655702722725,-0.000111012661364,0.000272925331956,0.00174500327557,-0.00256842630915],[0.000277654733509,-0.0011349361157,0.00463261082768,-0.00385292782448,0.00418803514913,-0.00329529307783,0.00122975429986,0.0000575585472689,-0.00224258122034,0.00441320054233,-0.00608800118789,0.00402313098311,-0.0014644152252],[-0.000102696329122,0.00100715784356,-0.00385292782448,0.00742026884109,-0.00637683738023,0.00503084016964,-0.00256093335338,-0.00175113289151,0.00662082619965,-0.00931950565428,0.0107306502759,-0.00848952960223,0.00505053251982],[0.000113744979899,-0.00046417475096,0.00418803514913,-0.00637683738023,0.0111851822585,-0.00860130414367,0.000896140001714,0.00367960520089,-0.00769303739071,0.0117492144927,-0.0142576396465,0.0116469524801,-0.00625100219622],[-0.0000494660562254,0.000308173883241,-0.00329529307783,0.00503084016964,-0.00860130414367,0.0118680726737,-0.00160218263045,-0.00459943106398,0.00894606672227,-0.0116286920384,0.0117497574538,-0.0107738664374,0.00649870745838],[-0.00000424727750215,0.0000771390405134,0.00122975429986,-0.00256093335338,0.000896140001714,-0.00160218263045,0.00710591860116,0.000450279796496,-0.00484547577798,0.00411817338318,-0.00301911821589,0.00133424170781,-0.000560341461096],[-0.0000295857571473,0.000801389222033,0.0000575585472689,-0.00175113289151,0.00367960520089,-0.00459943106398,0.000450279796496,0.00721175223589,-0.00605707243085,0.00682399934158,-0.0073061673902,0.00706302234903,-0.00489112315699],[9.44200792219e-7,-0.000655702722725,-0.00224258122034,0.00662082619965,-0.00769303739071,0.00894606672227,-0.00484547577798,-0.00605707243085,0.0198215246201,-0.0168338418007,0.015311925672,-0.0140082389116,0.00903525482863],[0.0000483891708427,-0.000111012661364,0.00441320054233,-0.00931950565428,0.0117492144927,-0.0116286920384,0.00411817338318,0.00682399934158,-0.0168338418007,0.0297632794827,-0.0237357877195,0.0185326244682,-0.0129066882655],[-0.000284640584141,0.000272925331956,-0.00608800118789,0.0107306502759,-0.0142576396465,0.0117497574538,-0.00301911821589,-0.0073061673902,0.015311925672,-0.0237357877195,0.035740736872,-0.0251920614392,0.0119991349056],[5.51044195163e-7,0.00174500327557,0.00402313098311,-0.00848952960223,0.0116469524801,-0.0107738664374,0.00133424170781,0.00706302234903,-0.0140082389116,0.0185326244682,-0.0251920614392,0.0327147692442,-0.0150366853923],[0.000137389215524,-0.00256842630915,-0.0014644152252,0.00505053251982,-0.00625100219622,0.00649870745838,-0.000560341461096,-0.00489112315699,0.00903525482863,-0.0129066882655,0.0119991349056,-0.0150366853923,0.021782707423]],"mean":[-57.870967865,91.9457550049,-74.3517456055,8.62598228455,-22.9722080231,-13.611366272,-4.50584220886,-19.0531749725,1.33709228039,0.0778109580278,-5.62338542938,0.667897701263,-4.67456579208]},"hfc":{"dmean":30.4752655029,"dmean2":45.2738723755,"dvar":2140.54663086,"dvar2":4920.12548828,"max":857.960998535,"mean":96.8428268433,"median":61.5458145142,"min":1.09914423072e-16,"var":12011.1630859},"melbands":{"dmean":[0.00278478348628,0.00122842320707,0.000503864546772,0.000303412787616,0.000354594987584,0.000556054234039,0.000289651594358,0.000195171989617,0.000111734399979,0.0000724366909708,0.0000525296527485,0.0000448377941211,0.0000416482107539,0.0000368735309166,0.0000247010557359,0.0000197649951588,0.0000171100837179,0.0000167289290403,0.0000131883398353,0.0000107015512185,0.00000670531608193,0.00000610180723015,0.00000432388014815,0.00000419911566496,0.00000416184138885,0.00000392603033106,0.00000369306303583,0.00000288668047688,0.00000285623741547,0.00000234709023061,0.00000220174706556,0.000001802121119,0.00000139400731314,0.00000116879164125,7.1158819992e-7,3.1130662137e-7,1.8900632881e-7,1.52450283508e-7,1.16999686384e-7,1.99395664424e-8],"dmean2":[0.00440979609266,0.00207240111195,0.000851180695463,0.000504039344378,0.000543756061234,0.000854385725688,0.000453309243312,0.000299316860037,0.000182456511538,0.000118151394418,0.0000867675844347,0.0000738442395232,0.0000682146128383,0.0000608662157902,0.0000413571033278,0.0000338086865668,0.0000286371669063,0.0000275387828879,0.0000219793128053,0.0000178136397153,0.0000108173935587,0.00000983679183264,0.0000068790682235,0.00000633046647636,0.00000631531929685,0.00000565615755477,0.00000524473716723,0.00000424084191764,0.00000426388260166,0.00000339391544912,0.00000305031380776,0.00000249702497968,0.00000196876067093,0.00000165934329743,0.00000102036824501,4.23525932547e-7,2.56848039726e-7,2.00220171109e-7,1.62407388871e-7,3.26710676291e-8],"dvar":[0.0000269873180514,0.00000406813751397,7.29797136501e-7,3.34694874482e-7,6.15936301074e-7,0.0000024537232548,4.41580226607e-7,4.24912144581e-7,1.51423492412e-7,5.35212407726e-8,2.18188791479e-8,1.25079884228e-8,1.10224700478e-8,1.00784420809e-8,2.47100340189e-9,1.19134990761e-9,9.52440903923e-10,9.53265577586e-10,8.61518856254e-10,3.92822996353e-10,1.45623069159e-10,1.52007739729e-10,7.71561009527e-11,9.92853577131e-11,9.14031489385e-11,8.4759518848e-11,1.10059981961e-10,4.79793704766e-11,7.86739770553e-11,8.58291909767e-11,8.93541837743e-11,6.59483578858e-11,2.66431408186e-11,1.20066743006e-11,4.30416206149e-12,7.81020376411e-13,2.02630596221e-13,9.10057958354e-14,5.67476228226e-14,1.4498993301e-15],"dvar2":[0.0000666299893055,0.0000109919865281,0.00000202577712116,9.13885628506e-7,0.0000013970955024,0.00000531036675966,0.00000100391571323,8.81952303189e-7,4.17505930272e-7,1.29858548803e-7,5.52515047048e-8,3.26175779719e-8,2.97426439033e-8,2.76360161422e-8,6.50396358992e-9,3.25735816098e-9,2.50544629488e-9,2.52797982547e-9,2.29210761482e-9,1.06872910521e-9,3.60533547461e-10,3.83594045417e-10,1.7829231147e-10,2.37276864823e-10,2.14600823223e-10,1.93207810861e-10,2.02249092474e-10,1.0244072951e-10,1.79369075148e-10,1.74696104804e-10,1.84345677612e-10,1.08436808144e-10,4.9680159292e-11,2.56808307258e-11,9.71712554171e-12,1.37519000094e-12,4.1778847092e-13,1.654649589e-13,1.09869158584e-13,3.56364125085e-15],"max":[0.0673929974437,0.0269457437098,0.0146611165255,0.0155076673254,0.0144549133256,0.0524390973151,0.0217491667718,0.0180670823902,0.020659847185,0.0140487011522,0.0051783202216,0.00323860207573,0.0037537724711,0.00290033547208,0.00138922955375,0.000526051328052,0.000513392442372,0.000666622596327,0.00122581305914,0.000435069261584,0.000244294817094,0.000212497005123,0.000300574902212,0.000363366998499,0.00032254337566,0.000311469979351,0.000447902042652,0.000209440171602,0.000286605674773,0.000439342256868,0.00051843340043,0.000529247918166,0.000205529635423,0.000093475326139,0.000056488228438,0.0000326742556354,0.0000127516595967,0.0000035888876937,0.00000260088449977,5.59727936889e-7],"mean":[0.00397608987987,0.00168309477158,0.000690957123879,0.000388676504372,0.000505292846356,0.000777060631663,0.000420144788222,0.000272915494861,0.000151810934767,0.000108967004053,0.0000847226547194,0.0000743204291211,0.0000677896096022,0.0000577324462938,0.0000409552885685,0.0000338229365298,0.0000296680573229,0.0000289387135126,0.0000236006071646,0.0000192155257537,0.0000124829257402,0.0000102383492049,0.00000733777369533,0.00000704984677213,0.00000661273861624,0.00000635996275378,0.00000603285479883,0.00000489916010338,0.00000452808490081,0.00000387631416743,0.00000353229393113,0.00000275365823654,0.00000200585986931,0.00000165762367033,0.00000103015759123,4.76293109841e-7,2.86957117623e-7,2.27120366958e-7,1.64529666336e-7,2.19315658967e-8],"median":[0.00147211179137,0.000728597864509,0.000361558544682,0.00017869725707,0.000142040618812,0.000184383519809,0.000115716902656,0.0000500384085171,0.0000382311845897,0.0000212056002056,0.0000174991437234,0.0000179499274964,0.0000207781595236,0.0000228677745326,0.0000198441848624,0.0000186539364222,0.0000155158759299,0.0000135793316076,0.0000117797762869,0.00000972360885498,0.00000696270353728,0.00000392670517613,0.0000026037466796,0.00000173512682977,0.00000120046797747,0.00000109869279186,0.00000104094203834,0.00000103728734757,8.76099761626e-7,7.90809679074e-7,6.54904567909e-7,4.12341591982e-7,2.57384613178e-7,2.062454314e-7,1.36965454089e-7,5.3973959524e-8,3.25953095626e-8,2.73321454358e-8,2.04515160362e-8,6.46974918084e-9],"min":[7.86865235042e-25,1.0650056094e-24,1.96593880013e-24,8.6205339216e-25,2.63305736565e-24,1.64464354344e-24,1.64217509906e-24,1.88782106013e-24,2.564269878e-24,2.82941036698e-24,2.73137388913e-24,2.23217935564e-24,3.64608039405e-24,2.01502507831e-24,2.47183746802e-24,3.8010264809e-24,4.52728259582e-24,2.97932549341e-24,2.94971224668e-24,4.43381204489e-24,3.81687390763e-24,2.91981698217e-24,4.34357582366e-24,3.6490808265e-24,4.22205771767e-24,4.81901243048e-24,4.99390447089e-24,5.34420959433e-24,4.57466670939e-24,5.92824355437e-24,3.77375477055e-24,5.56129859342e-24,5.53836443476e-24,5.81821639076e-24,6.42122758316e-24,6.85250099549e-24,5.15090830141e-24,6.6851551985e-24,6.4453852651e-24,6.47995078338e-24],"var":[0.0000408685737057,0.00000567688221054,9.87576186162e-7,4.08563352039e-7,0.00000114580836907,0.00000465566245111,9.94128754428e-7,7.75978264755e-7,1.78203066525e-7,1.47284239915e-7,5.65943381048e-8,3.0535552753e-8,2.02713046349e-8,1.54224046867e-8,4.28403668096e-9,2.27045915402e-9,1.88352378139e-9,1.97187710604e-9,1.64425861815e-9,8.21924917016e-10,3.32918248525e-10,2.7249899559e-10,1.66818808767e-10,2.07181716227e-10,1.92014126821e-10,2.00232164183e-10,2.74474665218e-10,1.16603865452e-10,1.42516540236e-10,2.02194677668e-10,1.99988609006e-10,1.56176904742e-10,5.63342116011e-11,2.33476415284e-11,7.54497679611e-12,1.93873888298e-12,4.08589205221e-13,2.01921555106e-13,1.08843056096e-13,1.70250551904e-15]},"melbands_crest":{"dmean":5.03423547745,"dmean2":8.18392562866,"dvar":18.2536697388,"dvar2":43.7419776917,"max":38.1400375366,"mean":18.0051822662,"median":16.9559383392,"min":1.54466438293,"var":50.3563423157},"melbands_flatness_db":{"dmean":0.0439904294908,"dmean2":0.0677593946457,"dvar":0.0018263743259,"dvar2":0.00433276453987,"max":0.700937092304,"mean":0.271189451218,"median":0.258681237698,"min":0.00153076020069,"var":0.00855853036046},"melbands_kurtosis":{"dmean":17.8693180084,"dmean2":29.1460819244,"dvar":2348.07446289,"dvar2":6204.27636719,"max":1502.36450195,"mean":24.5795669556,"median":10.5990142822,"min":-1.89917397499,"var":2792.49145508},"melbands_skewness":{"dmean":1.21439158916,"dmean2":1.89738786221,"dvar":2.32258272171,"dvar2":5.62772417068,"max":30.4022789001,"mean":3.10178804398,"median":2.6215004921,"min":-5.21440410614,"var":5.23895788193},"melbands_spread":{"dmean":6.35647058487,"dmean2":10.0351114273,"dvar":159.662902832,"dvar2":359.502593994,"max":210.877548218,"mean":15.3475494385,"median":11.2227153778,"min":0.127221032977,"var":354.307281494},"mfcc":{"cov":[[18831.9160156,42.2281646729,-2626.65429688,81.7726745605,-475.429992676,421.914215088,-32.9476699829,451.758300781,-503.915313721,297.932952881,83.3899612427,294.419769287,65.5733566284],[42.2281646729,1612.30065918,165.602874756,-300.898895264,-22.9265575409,-173.226638794,-153.70904541,-271.462768555,104.812667847,-34.6689224243,-68.6688919067,-54.7222442627,62.304107666],[-2626.65429688,165.602874756,907.973937988,71.581993103,40.9299430847,-129.127578735,-9.05339431763,-75.9133987427,58.6908607483,-29.9723625183,-8.80817317963,-37.6044616699,-9.3103055954],[81.7726745605,-300.898895264,71.581993103,441.123504639,15.1458568573,123.742523193,64.0707015991,53.9120903015,-9.42698287964,14.3242788315,21.7417163849,12.1735286713,-20.0812740326],[-475.429992676,-22.9265575409,40.9299430847,15.1458568573,297.665344238,74.1064758301,109.169441223,25.8873500824,-1.43881309032,-4.26140356064,20.2515010834,-2.94248485565,8.41222190857],[421.914215088,-173.226638794,-129.127578735,123.742523193,74.1064758301,313.045288086,87.5278091431,17.0666370392,-28.6420097351,-3.11327600479,-1.83284461498,23.5901355743,19.815279007],[-32.9476699829,-153.70904541,-9.05339431763,64.0707015991,109.169441223,87.5278091431,199.523971558,90.527633667,-7.69442939758,3.4109787941,31.1573963165,9.35361480713,-6.74995660782],[451.758300781,-271.462768555,-75.9133987427,53.9120903015,25.8873500824,17.0666370392,90.527633667,230.372451782,8.48141288757,31.6765384674,49.1492424011,21.155632019,-17.0173568726],[-503.915313721,104.812667847,58.6908607483,-9.42698287964,-1.43881309032,-28.6420097351,-7.69442939758,8.48141288757,138.043807983,35.0574607849,8.54175281525,-10.1774244308,-0.458143860102],[297.932952881,-34.6689224243,-29.9723625183,14.3242788315,-4.26140356064,-3.11327600479,3.4109787941,31.6765384674,35.0574607849,100.741744995,35.6497802734,12.700876236,6.93836641312],[83.3899612427,-68.6688919067,-8.80817317963,21.7417163849,20.2515010834,-1.83284461498,31.1573963165,49.1492424011,8.54175281525,35.6497802734,97.4294052124,38.1803894043,1.08292639256],[294.419769287,-54.7222442627,-37.6044616699,12.1735286713,-2.94248485565,23.5901355743,9.35361480713,21.155632019,-10.1774244308,12.700876236,38.1803894043,67.6328582764,24.0589561462],[65.5733566284,62.304107666,-9.3103055954,-20.0812740326,8.41222190857,19.815279007,-6.74995660782,-17.0173568726,-0.458143860102,6.93836641312,1.08292639256,24.0589561462,70.0884628296]],"icov":[[0.000147569910041,-0.000183433716302,0.000353213807102,-0.000124328798847,0.000179614056833,-0.0000676924173604,0.0000490669226565,-0.000343154679285,0.00061648915289,-0.000515463761985,0.000225450843573,-0.000433101173257,0.000155526387971],[-0.000183433716302,0.00121515232604,-0.000463304488221,0.000565554422792,-0.000303130946122,0.000358807330485,-0.0000026896923373,0.00135564384982,-0.00150479073636,0.000903104781173,-0.00035295044654,0.00101434160024,-0.000986223225482],[0.000353213807102,-0.000463304488221,0.00223775790073,-0.000832844758406,0.000139626834425,0.000656080897897,-0.000149610103108,-0.000255573744653,0.000880731677171,-0.000661293277517,0.000324065767927,-0.000616170756985,0.00013904167281],[-0.000124328798847,0.000565554422792,-0.000832844758406,0.0031923034694,0.000187963654753,-0.0012304817792,-0.000236329069594,0.000183354102774,-0.000548439566046,0.0000504694035044,-0.00046002632007,0.000307618814986,0.000657592667267],[0.000179614056833,-0.000303130946122,0.000139626834425,0.000187963654753,0.00473852269351,-0.000853113422636,-0.00227763177827,-0.000209429359529,0.000789326732047,-0.000348896690411,-0.000795784522779,0.000759442744311,-0.0006326144794],[-0.0000676924173604,0.000358807330485,0.000656080897897,-0.0012304817792,-0.000853113422636,0.00503227114677,-0.00178656401113,0.00117278238758,-0.000275733444141,0.00040885238559,0.00118502916303,-0.00101565022487,-0.00144059990998],[0.0000490669226565,-0.0000026896923373,-0.000149610103108,-0.000236329069594,-0.00227763177827,-0.00178656401113,0.00864800065756,-0.00291842035949,0.000484951626277,0.000499265966937,-0.00127722055186,0.000478060421301,0.000581008906011],[-0.000343154679285,0.00135564384982,-0.000255573744653,0.000183354102774,-0.000209429359529,0.00117278238758,-0.00291842035949,0.0079981777817,-0.00254565873183,0.000503260002006,-0.0019851627294,0.000434057292296,0.000304219400277],[0.00061648915289,-0.00150479073636,0.000880731677171,-0.000548439566046,0.000789326732047,-0.000275733444141,0.000484951626277,-0.00254565873183,0.0116955330595,-0.00552472192794,0.000701486715116,-0.000360771606211,0.000868952949531],[-0.000515463761985,0.000903104781173,-0.000661293277517,0.0000504694035044,-0.000348896690411,0.00040885238559,0.000499265966937,0.000503260002006,-0.00552472192794,0.0150394570082,-0.00527976406738,0.0024578711018,-0.00258443038911],[0.000225450843573,-0.00035295044654,0.000324065767927,-0.00046002632007,-0.000795784522779,0.00118502916303,-0.00127722055186,-0.0019851627294,0.000701486715116,-0.00527976406738,0.0175126548856,-0.0105246985331,0.00303898542188],[-0.000433101173257,0.00101434160024,-0.000616170756985,0.000307618814986,0.000759442744311,-0.00101565022487,0.000478060421301,0.000434057292296,-0.000360771606211,0.0024578711018,-0.0105246985331,0.0259544551373,-0.00913510471582],[0.000155526387971,-0.000986223225482,0.00013904167281,0.000657592667267,-0.0006326144794,-0.00144059990998,0.000581008906011,0.000304219400277,0.000868952949531,-0.00258443038911,0.00303898542188,-0.00913510471582,0.0191691108048]],"mean":[-717.829711914,147.587356567,5.56080007553,34.2091712952,-0.830047726631,20.5150680542,-4.13250541687,0.404177099466,1.98297607899,4.63505077362,-1.82849669456,4.92812156677,4.61800098419]},"pitch_salience":{"dmean":0.0959722548723,"dmean2":0.155102536082,"dvar":0.00744139682502,"dvar2":0.0179096888751,"max":0.964283704758,"mean":0.523274362087,"median":0.53196644783,"min":0.0632730647922,"var":0.019249998033},"silence_rate_20dB":{"dmean":0,"dmean2":0,"dvar":0,"dvar2":0,"max":1,"mean":1,"median":1,"min":1,"var":0},"silence_rate_30dB":{"dmean":0.0449655503035,"dmean2":0.089941971004,"dvar":0.042943648994,"dvar2":0.0966009646654,"max":1,"mean":0.945008456707,"median":1,"min":0,"var":0.051967471838},"silence_rate_60dB":{"dmean":0.0703493282199,"dmean2":0.140715673566,"dvar":0.0654003024101,"dvar2":0.131069511175,"max":1,"mean":0.170050755143,"median":0,"min":0,"var":0.141133502126},"spectral_centroid":{"dmean":274.195983887,"dmean2":401.905914307,"dvar":154461.828125,"dvar2":268773.84375,"max":11838.5019531,"mean":1095.34423828,"median":847.832275391,"min":86.7469482422,"var":1160819},"spectral_complexity":{"dmean":3.71981143951,"dmean2":5.08413934708,"dvar":17.7126216888,"dvar2":29.2409858704,"max":57,"mean":16.3334541321,"median":15,"min":0,"var":169.716339111},"spectral_contrast_coeffs":{"dmean":[0.0578777492046,0.058189086616,0.0407127961516,0.031525619328,0.0266787651926,0.0382113307714],"dmean2":[0.0942998081446,0.0923212990165,0.0646684467793,0.0500378720462,0.0418402403593,0.0573146305978],"dvar":[0.00215481151827,0.00217023398727,0.00111388263758,0.000670375186019,0.000639163597953,0.00142055354081],"dvar2":[0.00556655786932,0.00516643375158,0.00269467383623,0.00158436677884,0.00145111104939,0.00289952033199],"max":[-0.387854337692,-0.415238082409,-0.559342980385,-0.62604033947,-0.641683161259,-0.433471590281],"mean":[-0.708990633488,-0.748613119125,-0.819616019726,-0.837467491627,-0.84326839447,-0.739382684231],"median":[-0.713824689388,-0.754750490189,-0.822048187256,-0.831931948662,-0.833665370941,-0.728287220001],"min":[-0.982657134533,-0.977254450321,-0.97696352005,-0.989014804363,-0.977416932583,-0.964698374271],"var":[0.00683560082689,0.00850182026625,0.00411079823971,0.00289863324724,0.00240823300555,0.00636205123737]},"spectral_contrast_valleys":{"dmean":[0.511182248592,0.548768997192,0.477185666561,0.43271240592,0.474615246058,0.594480633736],"dmean2":[0.782060265541,0.79467600584,0.722022235394,0.655462086201,0.673113465309,0.875705659389],"dvar":[0.24504981935,0.319964557886,0.280042439699,0.281111121178,0.286934345961,0.298701584339],"dvar2":[0.464871287346,0.557268857956,0.552645146847,0.576754510403,0.585352301598,0.680850684643],"max":[-5.0426735878,-4.58124542236,-5.32530784607,-5.72088575363,-5.30117416382,-8.97935581207],"mean":[-7.29974794388,-7.05117416382,-7.75513029099,-8.05624294281,-8.27011871338,-11.3697099686],"median":[-6.85307884216,-6.64268779755,-7.20011997223,-7.22567462921,-7.76336669922,-11.0767822266],"min":[-28.1288814545,-27.9905090332,-27.8320274353,-27.6809844971,-27.4981651306,-27.3934822083],"var":[4.03541088104,4.17660665512,4.33879804611,4.61540985107,4.54156303406,3.18826746941]},"spectral_decrease":{"dmean":3.61098950741e-9,"dmean2":5.4157429652e-9,"dvar":2.84956971231e-17,"dvar2":6.4910245713e-17,"max":1.17458609505e-9,"mean":-7.33719929258e-9,"median":-4.56225102141e-9,"min":-7.33475928882e-8,"var":7.27722864154e-17},"spectral_energy":{"dmean":0.0143157802522,"dmean2":0.0210605785251,"dvar":0.00042317432235,"dvar2":0.000938044977374,"max":0.280908405781,"mean":0.0364762246609,"median":0.0255235247314,"min":9.87955927741e-21,"var":0.00145527755376},"spectral_energyband_high":{"dmean":0.000429040635936,"dmean2":0.000522929418366,"dvar":0.00000113449550554,"dvar2":0.00000169768861724,"max":0.0519550107419,"mean":0.00090037897462,"median":0.000293499353575,"min":6.9276287444e-21,"var":0.00000409879476138},"spectral_energyband_low":{"dmean":0.0106325177476,"dmean2":0.0165986400098,"dvar":0.000307975977194,"dvar2":0.000749686325435,"max":0.215835615993,"mean":0.0173469316214,"median":0.0088976053521,"min":1.66201901346e-23,"var":0.000566411705222},"spectral_energyband_middle_high":{"dmean":0.00110180920456,"dmean2":0.00161908124574,"dvar":0.0000034450356452,"dvar2":0.00000801384703664,"max":0.0456338860095,"mean":0.00325619778596,"median":0.00172982667573,"min":1.03726146602e-21,"var":0.0000173001717485},"spectral_energyband_middle_low":{"dmean":0.00527551816776,"dmean2":0.00810122210532,"dvar":0.0000754684660933,"dvar2":0.000175745502929,"max":0.22498768568,"mean":0.0106716183946,"median":0.00526948738843,"min":1.75113098168e-22,"var":0.000220654401346},"spectral_entropy":{"dmean":0.272965729237,"dmean2":0.406408250332,"dvar":0.0997765213251,"dvar2":0.233915552497,"max":9.83143997192,"mean":7.39538860321,"median":7.57161903381,"min":4.09992361069,"var":0.437421411276},"spectral_flux":{"dmean":0.0292386300862,"dmean2":0.0466367118061,"dvar":0.00105688243639,"dvar2":0.00247929478064,"max":0.38647043705,"mean":0.0982132107019,"median":0.0928341597319,"min":6.36319122393e-11,"var":0.00388701143675},"spectral_kurtosis":{"dmean":4.80553245544,"dmean2":7.21755647659,"dvar":91.1095657349,"dvar2":231.240432739,"max":332.195465088,"mean":14.0894765854,"median":11.3998088837,"min":-1.27343153954,"var":130.595703125},"spectral_rms":{"dmean":0.00111177598592,"dmean2":0.00155931455083,"dvar":0.00000143473471326,"dvar2":0.0000028889630812,"max":0.0165546666831,"mean":0.00506150070578,"median":0.00499009015039,"min":3.1046085841e-12,"var":0.00000996777271212},"spectral_rolloff":{"dmean":4471.44921875,"dmean2":8509.90820312,"dvar":55995100,"dvar2":131303568,"max":22050,"mean":7086.16992188,"median":1378.125,"min":21.533203125,"var":82194624},"spectral_skewness":{"dmean":0.453464269638,"dmean2":0.649498820305,"dvar":0.362355351448,"dvar2":0.840901911259,"max":16.5393409729,"mean":2.53553509712,"median":2.37195849419,"min":-0.0932255834341,"var":1.00804162025},"spectral_spread":{"dmean":609628.1875,"dmean2":919635.0625,"dvar":596681883648,"dvar2":1335946510340,"max":43299404,"mean":4509639,"median":4346906,"min":733510.25,"var":9114470055940},"spectral_strongpeak":{"dmean":1.0832259655,"dmean2":2.02482128143,"dvar":42.2471694946,"dvar2":117.662902832,"max":127.383712769,"mean":0.892896056175,"median":0.218416184187,"min":0,"var":26.4095687866},"zerocrossingrate":{"dmean":0.0377100929618,"dmean2":0.0469763502479,"dvar":0.00120063114446,"dvar2":0.00181645061821,"max":0.76708984375,"mean":0.202555805445,"median":0.19677734375,"min":0.00341796875,"var":0.0093458192423}},"metadata":{"audio_properties":{"analysis_sample_rate":44100,"bit_rate":232647,"codec":"mp3","downmix":"mix","equal_loudness":0,"length":192.079437256,"lossless":false,"md5_encoded":"aeb073bce83093c1603860e33f0f9a1c","replay_gain":-1.34476661682,"sample_rate":44100},"tags":{"acoustid_id":["771864c3-a20d-44ad-920c-47336a3a406d"],"album":["beautifulgarbage"],"albumartist":["Garbage"],"artist":["Garbage"],"date":["2001"],"discnumber":["1/1"],"file_name":"07 - Garbage - Cherry Lips (Go Baby Go!).mp3","musicbrainz_albumartistid":["f9ef7a22-4262-4596-a2a8-1d19345b8e50"],"musicbrainz_albumid":["ca21b476-0a9e-4102-826f-0be013446ba7"],"musicbrainz_artistid":["f9ef7a22-4262-4596-a2a8-1d19345b8e50"],"musicbrainz_recordingid":["d69d3eb7-6666-43ac-9593-25836e4a65a4"],"musicbrainz_releasegroupid":["03180207-e2c6-37aa-9426-5a59be7557cf"],"replaygain_album_gain":["-0.52 dB"],"replaygain_album_peak":["0.438818"],"replaygain_track_gain":["+0.13 dB"],"replaygain_track_peak":["0.396728"],"title":["Cherry Lips (Go Baby Go!)"],"tracknumber":["7/13"]},"version":{"essentia":"2.1-beta1","essentia_build_sha":"e76a03f03bb3900de42a1fa0d9be1e72f12def64","essentia_git_sha":"v2.1_beta1-28-g21ef5f4-dirty","extractor":"music 1.0"}},"rhythm":{"beats_count":370,"beats_loudness":{"dmean":0.0314956717193,"dmean2":0.0568736158311,"dvar":0.00107965362258,"dvar2":0.00328445062041,"max":0.228815376759,"mean":0.0629509463906,"median":0.0599708780646,"min":0,"var":0.00207473523915},"beats_loudness_band_ratio":{"dmean":[0.21713244915,0.131371423602,0.0827765911818,0.037456728518,0.0296951327473,0.10020506382],"dmean2":[0.395150512457,0.228635564446,0.146943807602,0.0685062855482,0.0577646978199,0.189793109894],"dvar":[0.0273881722242,0.0196947548538,0.00789760425687,0.00171011150815,0.000650997215416,0.00624981801957],"dvar2":[0.0861530229449,0.0570928640664,0.0228394158185,0.00569417886436,0.00214383611456,0.0201200023293],"max":[0.977014541626,0.89912134409,0.497635215521,0.225518733263,0.142166703939,0.522392