{"lowlevel":{"average_loudness":0.981847405434,"barkbands":{"dmean":[0.0000369195440726,0.00633810600266,0.00274638389237,0.00363982957788,0.00472607836127,0.000943720457144,0.00105392036494,0.000462760741357,0.000420215248596,0.000214895873796,0.00045885250438,0.000374318013201,0.00042037354433,0.000456256908365,0.000329492118908,0.000256327242823,0.000244016438955,0.000258200336248,0.000211168298847,0.00018298154464,0.000434030342149,0.0000920067977859,0.0000376561110897,0.0000215340533032,0.0000110756300273,0.00000637104176349,7.05878107965e-7],"dmean2":[0.0000622058651061,0.0108911218122,0.0046580247581,0.00625478103757,0.00801859050989,0.00155407574493,0.00168595905416,0.00074371410301,0.000657853321172,0.000331379123963,0.000709425250534,0.000598262704443,0.00065019284375,0.000717639282811,0.000531043333467,0.000424513913458,0.000410152453696,0.000435481866589,0.000352987815859,0.000306725705741,0.000714207824785,0.00015192234423,0.0000588909133512,0.0000324740612996,0.0000162224459928,0.00000981393714028,0.00000106563959434],"dvar":[5.25606980162e-9,0.000128201922053,0.0000131603983391,0.0000222447706619,0.000050026075769,0.00000197553845283,0.00000391869298255,9.19993226489e-7,0.00000121499431316,5.42774102996e-7,0.00000103108436633,6.41656470179e-7,0.00000103525951545,6.84500832904e-7,2.72637862508e-7,1.71934075865e-7,1.71783625547e-7,1.41769390893e-7,7.64745919923e-8,4.35747402605e-8,2.40802677354e-7,1.40083757927e-8,3.80911258091e-9,1.31540045523e-9,7.82770459562e-10,2.39554487358e-10,1.84442153391e-12],"dvar2":[1.45590979272e-8,0.000343442457961,0.0000348335597664,0.0000605453315075,0.000138040020829,0.00000528626378582,0.00000930809710553,0.00000228905901167,0.0000027342678095,0.00000115231966902,0.00000240464487433,0.00000146301226778,0.00000231256126426,0.00000161397849752,6.78370383866e-7,4.30119996508e-7,4.70987544077e-7,3.82843552416e-7,2.02475746391e-7,1.21018018717e-7,6.21969206804e-7,3.72740345256e-8,8.8402405396e-9,2.65838862035e-9,1.73180925156e-9,5.87362714022e-10,4.13578459674e-12],"max":[0.00119318335783,0.104645654559,0.0614065788686,0.0682244375348,0.0853931605816,0.0276235975325,0.0416471622884,0.0273274797946,0.0381678566337,0.0287417024374,0.0259251948446,0.0260687898844,0.0411387421191,0.0205310173333,0.0119424303994,0.0187143534422,0.0214042570442,0.006721239537,0.00522696506232,0.00379688292742,0.0124744083732,0.0024900957942,0.00284934509546,0.00220178184099,0.00237013655715,0.000415954564232,0.0000307558730128],"mean":[0.000055653439631,0.00762913329527,0.00462382985279,0.00597620802,0.00739591568708,0.00157803099137,0.00171891856007,0.000716282636859,0.000685656676069,0.000351866910933,0.000759978604037,0.000628751353361,0.000690698157996,0.000754265580326,0.000529728480615,0.000410955952248,0.000407718238421,0.000450002378784,0.000422274402808,0.000469072954729,0.00127462111413,0.000280907202978,0.000107973428385,0.0000648974237265,0.0000301750660583,0.0000115724587886,0.00000136105666115],"median":[0.0000140785268741,0.00399264553562,0.00287132663652,0.00426580244675,0.00496463384479,0.000993023859337,0.00084739603335,0.000384904793464,0.000311466690619,0.000120157463243,0.000306839880068,0.000306781614199,0.000304618326481,0.000379195873393,0.000313976488542,0.000259047053987,0.00026902242098,0.000347952591255,0.000332053459715,0.000415957503719,0.00117451348342,0.000240401350311,0.0000765015865909,0.0000444148899987,0.0000210538601095,0.00000757930047257,9.06231832687e-7],"min":[8.64433104633e-14,6.95717219728e-14,1.82556064449e-14,1.44002529763e-14,2.6825621531e-14,7.66432256609e-15,4.81736097411e-15,4.52776311994e-14,5.20583129013e-14,2.59457643629e-14,1.68640668379e-14,4.5211986146e-14,1.85429860892e-14,1.37840542948e-14,1.11565835034e-14,2.42374242692e-14,1.57343400326e-14,3.61409646242e-14,2.47491660006e-14,5.46073128664e-14,6.89225423695e-14,7.61373657263e-14,5.01502627674e-14,1.59350356803e-13,3.20445953843e-13,2.98101452377e-12,2.65304288954e-11],"var":[7.85104159462e-9,0.000127106366563,0.0000247615189437,0.0000339978942065,0.000059901507484,0.00000335942468155,0.00000845715658215,0.00000132754462356,0.00000243866861638,0.00000134290610276,0.00000241443422055,0.00000136605240186,0.00000252378981713,0.00000143738782299,4.86899239149e-7,2.76058528925e-7,2.78613811133e-7,1.67837029608e-7,1.29049666953e-7,9.02368881839e-8,5.86246130752e-7,4.19146353181e-8,1.35604398821e-8,6.11450001742e-9,1.48941015077e-9,2.67832311884e-10,2.88875368938e-12]},"barkbands_crest":{"dmean":2.96384239197,"dmean2":4.92912912369,"dvar":7.3496131897,"dvar2":19.1348648071,"max":26.6954021454,"mean":9.96530342102,"median":9.19605731964,"min":2.58468317986,"var":15.3174695969},"barkbands_flatness_db":{"dmean":0.0218879878521,"dmean2":0.0353147052228,"dvar":0.000435471854871,"dvar2":0.00106941512786,"max":0.542765676975,"mean":0.126165732741,"median":0.117489613593,"min":0.0350681953132,"var":0.00197924673557},"barkbands_kurtosis":{"dmean":3.5158970356,"dmean2":5.75401353836,"dvar":90.9943771362,"dvar2":235.075439453,"max":348.747406006,"mean":4.45625305176,"median":1.56537532806,"min":-1.85332024097,"var":200.269607544},"barkbands_skewness":{"dmean":0.596494138241,"dmean2":0.962559103966,"dvar":0.423374533653,"dvar2":1.06935596466,"max":15.1533041,"mean":1.76708757877,"median":1.63810038567,"min":-17.6559085846,"var":1.74788892269},"barkbands_spread":{"dmean":6.78368139267,"dmean2":11.0613059998,"dvar":38.8237075806,"dvar2":101.972633362,"max":160.956939697,"mean":27.945268631,"median":27.7605876923,"min":0.18928706646,"var":127.000770569},"dissonance":{"dmean":0.00940404180437,"dmean2":0.0159476846457,"dvar":0.0000812041907921,"dvar2":0.000223475813982,"max":0.500000059605,"mean":0.480960905552,"median":0.483422458172,"min":0.340047091246,"var":0.000154589637532},"dynamic_complexity":1.16839373112,"erbbands":{"dmean":[0.132612913847,1.58978497982,2.93565821648,7.51822757721,16.376581192,16.5820941925,9.3986530304,7.4269118309,11.5731782913,16.8609428406,8.49649715424,9.92839431763,7.50765180588,8.94569301605,16.9658565521,15.9854202271,18.1312904358,24.0249595642,16.306470871,16.2024497986,14.2057561874,12.3489627838,11.0530080795,15.0470657349,8.94631195068,7.95463705063,21.4459266663,12.9318933487,3.89412236214,1.99972510338,1.01766037941,0.584549963474,0.306679815054,0.160228103399,0.0551558583975,0.0320176780224,0.0103660710156,0.00189932330977,0.000114456182928,0.0000157444173965],"dmean2":[0.22519440949,2.74262332916,5.06945037842,12.8167304993,28.442615509,27.7425689697,15.5373001099,12.2070503235,18.8901138306,26.6996765137,13.5441875458,15.5641222,11.6821937561,13.6590957642,26.2332286835,25.5057277679,27.7683925629,37.5967445374,25.6531982422,26.3673858643,23.5811328888,20.5818347931,18.6982936859,25.2852096558,14.8602399826,13.2215118408,35.695400238,21.5118732452,6.44545459747,3.24239182472,1.58916532993,0.895527541637,0.458720594645,0.235300391912,0.0803368389606,0.049686614424,0.0159935690463,0.00289232679643,0.000169431703398,0.0000263128804363],"dvar":[0.0598437450826,7.81009244919,13.9910383224,77.6575164795,802.572814941,540.600891113,192.335357666,127.011474609,383.392486572,1408.64013672,288.300201416,796.251342773,483.840484619,690.918273926,1515.01464844,1222.66564941,2221.51367188,1961.81835938,734.939208984,679.559814453,555.699829102,369.109466553,350.39944458,398.843475342,126.395721436,85.816192627,628.493896484,216.907592773,23.4962921143,8.53044509888,3.30389046669,1.10928344727,0.289725333452,0.236909478903,0.0118757672608,0.00722682848573,0.000568099669181,0.0000145493359014,4.94036349608e-8,3.37323946553e-10],"dvar2":[0.158798649907,20.9818592072,39.1428794861,207.992507935,2252.74365234,1405.32214355,495.701904297,338.305999756,942.432189941,3314.47875977,703.959411621,1735.71643066,1022.65466309,1533.3927002,3610.57495117,2813.83349609,4896.40380859,4562.69482422,1757.63647461,1699.62438965,1441.78771973,997.221801758,964.236694336,1051.17297363,336.9949646,236.110015869,1626.72937012,565.967224121,63.3241882324,21.5597743988,7.52032327652,2.50085043907,0.583722651005,0.53710269928,0.0242627933621,0.0183071885258,0.00135417445563,0.0000333802636305,1.09604073373e-7,8.80967687689e-10],"max":[2.22482633591,26.8955764771,46.9281654358,116.97543335,404.660552979,514.692993164,239.443023682,204.924713135,410.580749512,817.307495117,724.035217285,951.765625,1003.7767334,1230.84606934,1037.41088867,1218.29394531,1917.41052246,1027.9317627,835.169555664,710.352172852,1200.65612793,569.752624512,240.380569458,458.757904053,268.54788208,224.861724854,455.271118164,553.303466797,104.256851196,76.2617111206,108.185752869,57.644618988,29.2431945801,45.0506324768,3.43182086945,2.45109605789,0.632982969284,0.123225554824,0.00515613472089,0.000233346610912],"mean":[0.156055092812,1.93468487263,5.09610128403,13.5498838425,22.9647369385,27.153181076,15.7212181091,12.9982252121,18.7891120911,27.4921150208,14.6986370087,16.3920440674,13.0386180878,16.2708339691,29.2911586761,28.6182422638,33.0746765137,41.0856437683,29.1014957428,26.674446106,24.1229686737,21.910358429,20.0059185028,28.9232444763,20.7817344666,22.2947559357,53.244354248,35.9677238464,12.2307434082,6.04596757889,2.89875626564,1.68725383282,0.905844628811,0.449422001839,0.141466677189,0.0581029690802,0.0186658222228,0.00357785751112,0.000248587195529,0.0000528201380803],"median":[0.055728584528,1.04761445522,3.46336293221,10.9954051971,15.7885427475,16.5502853394,10.4120779037,8.31496620178,11.3526916504,10.3830099106,9.24351596832,7.93020868301,4.6129655838,7.10320568085,13.4152650833,13.5848894119,15.4563741684,20.7089595795,17.1106338501,16.5848350525,15.9164934158,14.9220466614,15.16979599,23.4407138824,17.160364151,19.9656734467,47.3674621582,32.8266868591,10.8534402847,4.78848028183,2.04823040962,1.15285778046,0.637459695339,0.309685140848,0.0955460518599,0.0371471941471,0.0121718151495,0.00239326199517,0.000173103922862,0.0000490720376547],"min":[3.13852437962e-12,1.02330964882e-11,2.77258372511e-11,3.28893093315e-11,3.67757144182e-11,1.16166319619e-10,1.40915140667e-10,4.66373675789e-11,3.49712342418e-11,3.88424931108e-10,1.17816967293e-9,9.79222369857e-10,8.87030171537e-10,1.73426562e-9,1.98267779972e-9,2.236369534e-9,1.01054120627e-9,8.08302369482e-10,6.12985495696e-10,8.49969095107e-10,1.32807098652e-9,1.03476971436e-9,2.07790451512e-9,1.18807652605e-9,1.95940796921e-9,2.56088261708e-9,3.27366245223e-9,1.71171254948e-9,3.20985149571e-9,1.74257164254e-9,1.62596880404e-9,2.58841881262e-9,3.0579996313e-9,3.14589598815e-9,2.93481505764e-9,3.97136057373e-9,5.14201792257e-9,9.45160127941e-9,4.77527528631e-9,3.22826293475e-10],"var":[0.0630460083485,7.69007635117,22.6317005157,116.462142944,700.167724609,986.286254883,287.246154785,223.312286377,644.778259277,3347.1081543,410.756896973,1620.05310059,1122.47143555,1740.76293945,3289.03588867,2666.50683594,5579.32177734,4136.30175781,1589.64074707,1129.4609375,947.343200684,585.933349609,357.30065918,596.977172852,244.383666992,195.635513306,1247.67822266,498.385070801,65.3228912354,30.1230983734,10.6095514297,4.19745492935,1.14338374138,0.402987569571,0.029663246125,0.00763808563352,0.000673297676258,0.000020627037884,7.99473269808e-8,4.42117592536e-10]},"erbbands_crest":{"dmean":2.06622290611,"dmean2":3.37622976303,"dvar":4.23539352417,"dvar2":10.1782674789,"max":28.9590759277,"mean":6.85180473328,"median":5.89722824097,"min":2.27321243286,"var":10.3184394836},"erbbands_flatness_db":{"dmean":0.0117393312976,"dmean2":0.0169267915189,"dvar":0.000121390839922,"dvar2":0.000231833488215,"max":0.302877515554,"mean":0.136924162507,"median":0.13282635808,"min":0.00991182308644,"var":0.000729370280169},"erbbands_kurtosis":{"dmean":0.474430829287,"dmean2":0.761598885059,"dvar":0.71174788475,"dvar2":1.53953456879,"max":48.4350013733,"mean":-0.667014479637,"median":-0.949375867844,"min":-1.78252375126,"var":2.00690746307},"erbbands_skewness":{"dmean":0.281585752964,"dmean2":0.442952692509,"dvar":0.0755437836051,"dvar2":0.181505605578,"max":5.73658800125,"mean":-0.161545559764,"median":-0.229471981525,"min":-2.03635621071,"var":0.315709471703},"erbbands_spread":{"dmean":8.86211395264,"dmean2":14.0083379745,"dvar":59.1669845581,"dvar2":147.253982544,"max":154.29548645,"mean":57.7886428833,"median":58.9218978882,"min":4.20055961609,"var":252.609008789},"gfcc":{"cov":[[5939.09912109,-22.218832016,-621.500061035,207.068450928,-437.503845215,167.277481079,-295.398345947,121.812171936,-179.68132019,55.6871948242,-103.761184692,2.75322675705,-96.8622436523],[-22.218832016,681.51953125,-154.557434082,73.1992645264,60.3636436462,-85.6135787964,115.303123474,-114.720306396,62.2492408752,-47.4438667297,54.5925064087,-49.8596000671,80.7748565674],[-621.500061035,-154.557434082,422.997741699,14.3434638977,107.093948364,4.09292554855,-4.49904441833,48.5079879761,0.55455571413,41.3369789124,-12.6080942154,42.8924789429,-24.6558952332],[207.068450928,73.1992645264,14.3434638977,185.579391479,21.4679107666,8.41182804108,19.8579654694,-8.2747926712,25.3411140442,6.08443498611,11.5895557404,-6.0743060112,20.6880550385],[-437.503845215,60.3636436462,107.093948364,21.4679107666,162.065093994,26.1535453796,68.3737411499,-13.9061784744,17.8444404602,16.8537750244,1.05012083054,13.9280862808,12.5615720749],[167.277481079,-85.6135787964,4.09292554855,8.41182804108,26.1535453796,157.817962646,53.1517906189,53.393032074,-11.7099246979,17.5124950409,18.0306358337,0.771929383278,2.05713272095],[-295.398345947,115.303123474,-4.49904441833,19.8579654694,68.3737411499,53.1517906189,139.974105835,7.17549991608,25.5412483215,2.38331127167,22.8019390106,-2.0211930275,25.9888324738],[121.812171936,-114.720306396,48.5079879761,-8.2747926712,-13.9061784744,53.393032074,7.17549991608,117.425559998,36.1626548767,21.7421970367,-0.448789715767,12.4311227798,-8.57205295563],[-179.68132019,62.2492408752,0.55455571413,25.3411140442,17.8444404602,-11.7099246979,25.5412483215,36.1626548767,91.139251709,24.3471317291,20.2145271301,-6.86840581894,16.1930656433],[55.6871948242,-47.4438667297,41.3369789124,6.08443498611,16.8537750244,17.5124950409,2.38331127167,21.7421970367,24.3471317291,72.6205215454,17.8465385437,14.3221464157,-7.95684480667],[-103.761184692,54.5925064087,-12.6080942154,11.5895557404,1.05012083054,18.0306358337,22.8019390106,-0.448789715767,20.2145271301,17.8465385437,67.2906494141,16.4689407349,17.1371250153],[2.75322675705,-49.8596000671,42.8924789429,-6.0743060112,13.9280862808,0.771929383278,-2.0211930275,12.4311227798,-6.86840581894,14.3221464157,16.4689407349,57.2835464478,13.7853908539],[-96.8622436523,80.7748565674,-24.6558952332,20.6880550385,12.5615720749,2.05713272095,25.9888324738,-8.57205295563,16.1930656433,-7.95684480667,17.1371250153,13.7853908539,58.748210907]],"icov":[[0.00092122721253,-0.00189091893844,0.00140667695086,-0.00166854506824,0.00173792056739,-0.00234427209944,0.00249414495192,-0.00204564887099,0.0022598777432,-0.002576244995,0.00347774662077,-0.00344852358103,0.00242826715112],[-0.00189091893844,0.00771474419162,-0.00211270991713,0.00288387481123,-0.00494987191632,0.00764929223806,-0.00744213303551,0.00556432502344,-0.00518407300115,0.00657503074035,-0.0103150550276,0.0109423948452,-0.00797178596258],[0.00140667695086,-0.00211270991713,0.00620677601546,-0.00326313101687,-0.00109294755384,-0.00156238267664,0.0042685889639,-0.00577156525105,0.00521932169795,-0.00472624413669,0.00451431935653,-0.00578281329945,0.00449742376804],[-0.00166854506824,0.00288387481123,-0.00326313101687,0.00914549455047,-0.00279705226421,0.00284837628715,-0.00410460494459,0.00506246183068,-0.00603923434392,0.00434421561658,-0.00587813695893,0.00669060461223,-0.00585574097931],[0.00173792056739,-0.00494987191632,-0.00109294755384,-0.00279705226421,0.0166388135403,-0.00908605009317,0.000286714639515,0.00294675328769,-0.00126755982637,-0.00584662612528,0.0124346958473,-0.012141414918,0.00604028860107],[-0.00234427209944,0.00764929223806,-0.00156238267664,0.00284837628715,-0.00908605009317,0.0213136356324,-0.0111466767266,-0.00409638741985,0.00438823970035,0.00397674925625,-0.0163901746273,0.0174288954586,-0.0104909883812],[0.00249414495192,-0.00744213303551,0.0042685889639,-0.00410460494459,0.000286714639515,-0.0111466767266,0.0203926041722,-0.006910498254,0.00463332887739,-0.00597712676972,0.00856086611748,-0.00968071073294,0.00556878559291],[-0.00204564887099,0.00556432502344,-0.00577156525105,0.00506246183068,0.00294675328769,-0.00409638741985,-0.006910498254,0.0261260475963,-0.0201976262033,0.00779711734504,-0.00155018840451,-0.00029066062416,-0.00170224893373],[0.0022598777432,-0.00518407300115,0.00521932169795,-0.00603923434392,-0.00126755982637,0.00438823970035,0.00463332887739,-0.0201976262033,0.0323419980705,-0.0142178256065,0.000472150946734,0.00327322585508,-0.00145446241368],[-0.002576244995,0.00657503074035,-0.00472624413669,0.00434421561658,-0.00584662612528,0.00397674925625,-0.00597712676972,0.00779711734504,-0.0142178256065,0.0276375897229,-0.0137602528557,0.00499034067616,-0.00140340696089],[0.00347774662077,-0.0103150550276,0.00451431935653,-0.00587813695893,0.0124346958473,-0.0163901746273,0.00856086611748,-0.00155018840451,0.000472150946734,-0.0137602528557,0.0388229489326,-0.0254913456738,0.0104458350688],[-0.00344852358103,0.0109423948452,-0.00578281329945,0.00669060461223,-0.012141414918,0.0174288954586,-0.00968071073294,-0.00029066062416,0.00327322585508,0.00499034067616,-0.0254913456738,0.0466391332448,-0.0230223871768],[0.00242826715112,-0.00797178596258,0.00449742376804,-0.00585574097931,0.00604028860107,-0.0104909883812,0.00556878559291,-0.00170224893373,-0.00145446241368,-0.00140340696089,0.0104458350688,-0.0230223871768,0.0348656326532]],"mean":[36.3430023193,93.8390808105,-120.448669434,61.1396598816,-54.9031295776,8.02411365509,-28.6364173889,-8.79925632477,-27.4180049896,5.19232749939,-19.3005447388,-5.57040071487,-11.4788179398]},"hfc":{"dmean":5.97036457062,"dmean2":9.43337345123,"dvar":51.9749526978,"dvar2":135.21661377,"max":114.79044342,"mean":26.8489170074,"median":25.1428165436,"min":7.58547344049e-7,"var":145.25},"melbands":{"dmean":[0.00155898113735,0.0016725071473,0.00152293150313,0.00116520549636,0.000402248260798,0.000170277824509,0.000187867000932,0.000165265766555,0.0000663576647639,0.0000620747887297,0.0000374080918846,0.0000345170374203,0.0000661237718305,0.0000358204197255,0.0000474214321002,0.000042987656343,0.0000474156549899,0.0000285269852611,0.0000239563705691,0.0000191685066966,0.0000178679547389,0.0000147797336467,0.0000108018612082,0.0000120733920994,0.0000134617203003,0.00000675874935041,0.00000745738816477,0.00000522714208273,0.0000145793419506,0.0000119839887702,0.00000731556610845,0.00000238536131292,0.00000199269493351,9.93506432678e-7,7.1008832947e-7,4.80748042264e-7,3.4976187635e-7,2.50073441066e-7,2.11340633882e-7,1.24790076939e-7],"dmean2":[0.00266177835874,0.00288983108476,0.00260062189773,0.00200316729024,0.000655766634736,0.000279817992123,0.000304445711663,0.000262334593572,0.000105555714981,0.0000976487644948,0.0000579927836952,0.0000529608223587,0.000102278834675,0.0000575158337597,0.0000741840049159,0.0000670708759571,0.0000745648358134,0.0000451354608231,0.0000388074295188,0.0000315598044835,0.0000299318562611,0.0000248652431765,0.0000181415489351,0.0000204527495953,0.0000227133677981,0.0000113410860649,0.0000125465558085,0.00000879877643456,0.0000244326292886,0.0000198750822165,0.0000122665260278,0.00000398944848712,0.0000033259027532,0.00000159949229328,0.00000113792930279,7.59645786275e-7,5.42953841887e-7,3.84490846272e-7,3.28124400539e-7,1.85969724953e-7],"dvar":[0.00000793383333075,0.00000558213150725,0.00000388581474908,0.00000330329612552,3.15509197435e-7,6.26699048212e-8,1.04282136704e-7,1.28056342419e-7,1.84568218486e-8,3.07805976263e-8,1.2242227676e-8,1.20553824701e-8,2.14525002207e-8,5.7311035917e-9,1.40284823757e-8,7.52593365405e-9,8.26757240446e-9,2.59786347989e-9,1.64027424976e-9,8.74993300037e-10,1.06755293494e-9,5.67411839736e-10,3.25790838751e-10,3.12635278776e-10,3.22659815533e-10,8.95817656166e-11,6.77884831601e-11,4.03639066615e-11,3.21122683999e-10,2.14015027922e-10,6.47195214087e-11,8.79863282927e-12,6.49395728164e-12,2.30100205383e-12,1.54286251743e-12,7.21588641703e-13,4.15127242477e-13,1.7993014034e-13,2.37074465961e-13,1.40119510504e-13],"dvar2":[0.0000211492042581,0.000015449410057,0.0000106787556433,0.00000930467831495,7.85515283042e-7,1.6706427175e-7,2.53231576153e-7,3.06017682306e-7,4.44425936053e-8,6.8409924836e-8,2.59050789708e-8,2.66428035189e-8,5.02819439419e-8,1.36116025118e-8,3.07812300093e-8,1.6889073251e-8,1.94082172555e-8,6.15345063792e-9,4.15837853041e-9,2.20287699193e-9,2.7908397815e-9,1.55449964012e-9,8.79750328142e-10,8.51597847795e-10,8.4908152731e-10,2.40076902802e-10,1.83102491502e-10,1.12153564213e-10,8.33758950769e-10,5.61609203586e-10,1.69211158974e-10,2.38427610988e-11,1.74676679371e-11,5.73593906747e-12,3.68633812711e-12,1.64240658834e-12,9.65222042917e-13,3.74187009503e-13,5.70796394091e-13,3.02418463535e-13],"max":[0.0250124186277,0.0238650180399,0.028204459697,0.0206020176411,0.0106868427247,0.0041618347168,0.00758711295202,0.00766266090795,0.00519745703787,0.00533365365118,0.00495308963582,0.00518299173564,0.00408492609859,0.00294915656559,0.00416690995917,0.00242493324913,0.00221601733938,0.00188922928646,0.00109105336014,0.000655627343804,0.00193574477453,0.000899375940207,0.000262293528067,0.000265914888587,0.000407929444918,0.000151362619363,0.000175286259037,0.000147085724166,0.000333657051669,0.000495225249324,0.00019576815248,0.0000650353031233,0.0000543669193576,0.0000445727964689,0.0000554277175979,0.0000495220338053,0.000038362097257,0.0000217746692215,0.0000400583230658,0.0000345355219906],"mean":[0.00181429693475,0.00273134373128,0.00271259224974,0.00180999957956,0.000723162025679,0.00029644308961,0.000305184046738,0.000269493233645,0.000112054425699,0.0000999431722448,0.0000621771177975,0.0000594833072682,0.000110238477646,0.0000603631597187,0.0000838330670376,0.0000702725155861,0.0000765939912526,0.0000472603860544,0.0000374161427317,0.0000309977731376,0.0000281059528788,0.0000241554498643,0.0000170318471646,0.0000214420415432,0.000024307773856,0.0000129728396132,0.0000165972178365,0.0000125085398395,0.0000323911990563,0.0000302650769299,0.0000174252654688,0.00000636701952317,0.00000513859822604,0.00000258961017607,0.00000174102865458,0.00000124286327718,9.31905617563e-7,6.46074227006e-7,5.36367622317e-7,3.22626306115e-7],"median":[0.000841941335239,0.00190888857469,0.0021822557319,0.00126558588818,0.00046574047883,0.000189203667105,0.000174826549483,0.000106779189082,0.0000703810073901,0.0000444523102487,0.0000202498740691,0.0000247693151323,0.0000459209222754,0.0000319882856274,0.0000350814443664,0.0000337002893502,0.0000371110181732,0.0000254170190601,0.0000225113253691,0.0000193719752133,0.0000179608505277,0.0000159993251145,0.0000106621810119,0.0000167459329532,0.0000192728912225,0.00000954812367127,0.0000141684768096,0.0000107565301732,0.0000278843981505,0.0000268522253464,0.0000155136021931,0.00000544368595001,0.00000426945052823,0.00000184820441973,0.0000011659002439,8.76866863564e-7,6.00086423219e-7,4.38320483909e-7,3.75673039343e-7,2.14129869391e-7],"min":[3.49118927127e-14,1.95692630666e-14,7.4230460781e-15,4.54741919711e-15,5.60318689707e-15,1.07220257436e-15,5.497878573e-16,5.44182373249e-15,1.02699924235e-14,6.59386900889e-15,2.77500593136e-15,6.23679888184e-15,5.35771039621e-15,5.31599868224e-15,3.93366971144e-15,2.00242358028e-15,1.38385606532e-15,1.00803961685e-15,8.28924388694e-16,1.38947581129e-15,1.61804722859e-15,8.72378925893e-16,1.85793648837e-15,1.59651109827e-15,8.30805013595e-16,1.08047829801e-15,2.55858498993e-15,1.18152456406e-15,1.97455789038e-15,1.58986284255e-15,7.54617523423e-16,1.94108505413e-15,1.28280090543e-15,8.31278663831e-16,7.17829082579e-16,1.06121465121e-15,1.89285182173e-15,2.11429863316e-15,2.08071843548e-15,2.92647490408e-15],"var":[0.00000788157012721,0.00000713556164555,0.00000483247367811,0.00000341787972502,6.13803365468e-7,1.15046745464e-7,1.88046200833e-7,2.92702566185e-7,2.85862640226e-8,5.96244618123e-8,2.82555490116e-8,2.98891613681e-8,4.974072354e-8,1.10598534775e-8,3.50194966359e-8,1.70820353418e-8,1.63091282701e-8,5.45665868046e-9,2.501350016e-9,1.47548573359e-9,1.75974668171e-9,8.69291416628e-10,3.94422133843e-10,3.6402239556e-10,4.74884020996e-10,1.49083537182e-10,1.36786748595e-10,7.87636553201e-11,5.66406033187e-10,4.3134107397e-10,1.34330990775e-10,2.10693233693e-11,1.65037532251e-11,7.77129142288e-12,4.26293245495e-12,2.15863871916e-12,1.47196924788e-12,6.41346296817e-13,4.62460798822e-13,2.35343049302e-13]},"melbands_crest":{"dmean":3.24476313591,"dmean2":5.47354459763,"dvar":7.04402732849,"dvar2":19.6960716248,"max":39.5777664185,"mean":14.1703529358,"median":13.7669458389,"min":3.64354348183,"var":17.2516021729},"melbands_flatness_db":{"dmean":0.0280151870102,"dmean2":0.0452655106783,"dvar":0.000680854194798,"dvar2":0.00169093196746,"max":0.697033286095,"mean":0.187230244279,"median":0.17897939682,"min":0.0308686383069,"var":0.00317249726504},"melbands_kurtosis":{"dmean":9.96001338959,"dmean2":16.2104530334,"dvar":249.835723877,"dvar2":584.028686523,"max":594.494445801,"mean":19.3926448822,"median":13.6351928711,"min":-1.56867802143,"var":509.589813232},"melbands_skewness":{"dmean":0.888331949711,"dmean2":1.42926263809,"dvar":0.806351721287,"dvar2":2.01427006721,"max":22.6200485229,"mean":3.62935161591,"median":3.46298718452,"min":-0.428247749805,"var":2.49655246735},"melbands_spread":{"dmean":7.64589595795,"dmean2":12.5286474228,"dvar":57.2930831909,"dvar2":150.476882935,"max":151.762619019,"mean":23.4836177826,"median":21.4611663818,"min":0.334973812103,"var":179.673477173},"mfcc":{"cov":[[2899.38793945,-206.060882568,-155.789291382,-163.758514404,-74.7041397095,-93.9075775146,-63.816116333,-0.435450404882,-34.932674408,13.825920105,-5.91136741638,20.3134536743,1.67867660522],[-206.060882568,535.928833008,-100.031219482,108.838981628,-39.8544883728,62.1044120789,9.94609069824,-19.0226955414,8.00675010681,-21.2952709198,-4.42682170868,-0.442372173071,-15.2535676956],[-155.789291382,-100.031219482,240.526809692,35.5780296326,70.3254623413,-15.1134681702,14.3267240524,11.2191257477,3.0809071064,21.3264083862,8.94030952454,6.78822755814,18.7600002289],[-163.758514404,108.838981628,35.5780296326,200.085235596,26.3571891785,40.245929718,-23.1968688965,-13.1738348007,17.789308548,-9.5648021698,-0.677172660828,5.67270469666,5.07892799377],[-74.7041397095,-39.8544883728,70.3254623413,26.3571891785,101.868591309,16.5578594208,6.07986545563,7.00359296799,11.4744529724,15.3350944519,5.16241455078,2.17923879623,13.7536716461],[-93.9075775146,62.1044120789,-15.1134681702,40.245929718,16.5578594208,117.53704071,66.6750793457,5.48710823059,12.223443985,2.43627500534,13.6194257736,2.96541833878,-10.082526207],[-63.816116333,9.94609069824,14.3267240524,-23.1968688965,6.07986545563,66.6750793457,110.096511841,40.6055297852,13.6270837784,6.47175788879,16.7241859436,4.13675642014,-5.46630859375],[-0.435450404882,-19.0226955414,11.2191257477,-13.1738348007,7.00359296799,5.48710823059,40.6055297852,76.3064346313,29.9958972931,16.4563884735,4.82368183136,2.3479616642,10.2598705292],[-34.932674408,8.00675010681,3.0809071064,17.789308548,11.4744529724,12.223443985,13.6270837784,29.9958972931,71.8488235474,34.4639472961,10.1738080978,5.00543498993,6.190969944],[13.825920105,-21.2952709198,21.3264083862,-9.5648021698,15.3350944519,2.43627500534,6.47175788879,16.4563884735,34.4639472961,64.5343170166,30.2954692841,10.8911705017,7.44178724289],[-5.91136741638,-4.42682170868,8.94030952454,-0.677172660828,5.16241455078,13.6194257736,16.7241859436,4.82368183136,10.1738080978,30.2954692841,53.5139045715,24.9874038696,4.70610427856],[20.3134536743,-0.442372173071,6.78822755814,5.67270469666,2.17923879623,2.96541833878,4.13675642014,2.3479616642,5.00543498993,10.8911705017,24.9874038696,53.5178260803,28.1280460358],[1.67867660522,-15.2535676956,18.7600002289,5.07892799377,13.7536716461,-10.082526207,-5.46630859375,10.2598705292,6.190969944,7.44178724289,4.70610427856,28.1280460358,57.2950706482]],"icov":[[0.000395843468141,0.000156208712724,0.000293246121146,0.000133581401315,0.0000963547936408,0.000101319245005,0.000160582072567,-0.000131913242512,0.000253997161053,-0.000310638948577,0.000210438010981,-0.000336559285643,0.000116618350148],[0.000156208712724,0.0025943571236,0.00119275809266,-0.00159904931206,0.000770681188442,-0.000286306778435,-0.000742462987546,0.00054268236272,0.0000276803020824,-0.000230507852393,0.000409901433159,-0.00021960043523,0.000135010457598],[0.000293246121146,0.00119275809266,0.00702936248854,-0.00270043523051,-0.00369991105981,0.0040219668299,-0.0042404984124,0.000962429621723,0.0019993907772,-0.00287256389856,0.000896025099792,-0.000232065111049,-0.000536864914466],[0.000133581401315,-0.00159904931206,-0.00270043523051,0.00890004076064,-0.000510794459842,-0.00569121772423,0.00671754404902,-0.00101910717785,-0.0034014149569,0.00423294585198,-0.00155265908688,-0.000522710615769,-0.00018799607642],[0.0000963547936408,0.000770681188442,-0.00369991105981,-0.000510794459842,0.0141108529642,-0.00405462924391,0.00218819850124,-0.000599736289587,-0.000610007322393,-0.00159190176055,0.000120586897538,0.00189948396292,-0.00299531850033],[0.000101319245005,-0.000286306778435,0.0040219668299,-0.00569121772423,-0.00405462924391,0.0207721479237,-0.0160012412816,0.00606389390305,-0.000173737949808,-0.00211158883758,0.0000740972318454,-0.000395322829718,0.00160564831458],[0.000160582072567,-0.000742462987546,-0.0042404984124,0.00671754404902,0.00218819850124,-0.0160012412816,0.0258988142014,-0.0119829177856,-0.000857479870319,0.00544857885689,-0.00525578483939,-0.000510925776325,0.00193370098714],[-0.000131913242512,0.00054268236272,0.000962429621723,-0.00101910717785,-0.000599736289587,0.00606389390305,-0.0119829177856,0.0224982202053,-0.00714705325663,-0.00181924970821,0.00190517958254,0.00201006606221,-0.00417213374749],[0.000253997161053,0.0000276803020824,0.0019993907772,-0.0034014149569,-0.000610007322393,-0.000173737949808,-0.000857479870319,-0.00714705325663,0.0242241453379,-0.0140883130953,0.00464769126847,-0.00139334588312,0.000475300563267],[-0.000310638948577,-0.000230507852393,-0.00287256389856,0.00423294585198,-0.00159190176055,-0.00211158883758,0.00544857885689,-0.00181924970821,-0.0140883130953,0.032961666584,-0.0179723035544,0.00381109165028,-0.00178450462408],[0.000210438010981,0.000409901433159,0.000896025099792,-0.00155265908688,0.000120586897538,0.0000740972318454,-0.00525578483939,0.00190517958254,0.00464769126847,-0.0179723035544,0.0366236157715,-0.0168356075883,0.00617781002074],[-0.000336559285643,-0.00021960043523,-0.000232065111049,-0.000522710615769,0.00189948396292,-0.000395322829718,-0.000510925776325,0.00201006606221,-0.00139334588312,0.00381109165028,-0.0168356075883,0.0349254384637,-0.0169681664556],[0.000116618350148,0.000135010457598,-0.000536864914466,-0.00018799607642,-0.00299531850033,0.00160564831458,0.00193370098714,-0.00417213374749,0.000475300563267,-0.00178450462408,0.00617781002074,-0.0169681664556,0.0276148840785]],"mean":[-597.211669922,109.080413818,-1.59366989136,49.4365844727,-2.7896566391,22.2515678406,2.69647336006,-7.01612615585,0.196532100439,-4.44197750092,-2.28373193741,3.09747552872,-6.95395851135]},"pitch_salience":{"dmean":0.0796569734812,"dmean2":0.131610646844,"dvar":0.0048690373078,"dvar2":0.0128795830533,"max":0.880560338497,"mean":0.584510266781,"median":0.59480792284,"min":0.0600666068494,"var":0.0106903817505},"silence_rate_20dB":{"dmean":0,"dmean2":0,"dvar":0,"dvar2":0,"max":1,"mean":1,"median":1,"min":1,"var":0},"silence_rate_30dB":{"dmean":0,"dmean2":0,"dvar":0,"dvar2":0,"max":1,"mean":1,"median":1,"min":1,"var":0},"silence_rate_60dB":{"dmean":0.000525072216988,"dmean2":0.00105021335185,"dvar":0.00052477454301,"dvar2":0.00131163350306,"max":1,"mean":0.0076130470261,"median":0,"min":0,"var":0.0075553082861},"spectral_centroid":{"dmean":322.464355469,"dmean2":526.87109375,"dvar":85281.2421875,"dvar2":218871.125,"max":10433.3339844,"mean":1714.18310547,"median":1726.97607422,"min":105.16783905,"var":320893.28125},"spectral_complexity":{"dmean":5.14977693558,"dmean2":7.65132904053,"dvar":21.7992477417,"dvar2":45.536781311,"max":61,"mean":30.0517158508,"median":31,"min":0,"var":108.359855652},"spectral_contrast_coeffs":{"dmean":[0.0566334463656,0.0468296408653,0.0366479717195,0.0290722772479,0.0202191937715,0.0195315722376],"dmean2":[0.0948229208589,0.0776521489024,0.0592573098838,0.0471704937518,0.0339786671102,0.0302005447447],"dvar":[0.00214142119512,0.00137230393011,0.000831556972116,0.000543021422345,0.000254664191743,0.000329267641064],"dvar2":[0.00582583341748,0.00382962799631,0.00214637676254,0.00138355162926,0.000698499323335,0.000718768627848],"max":[-0.279231518507,-0.463910579681,-0.53337174654,-0.584854185581,-0.647099912167,-0.509163618088],"mean":[-0.600203752518,-0.747644901276,-0.78641307354,-0.791935861111,-0.794119715691,-0.662067592144],"median":[-0.604376316071,-0.752097666264,-0.795265436172,-0.799580156803,-0.796109855175,-0.663536071777],"min":[-0.966669678688,-0.959427893162,-0.972148776054,-0.960451245308,-0.961619913578,-0.959363102913],"var":[0.00640094606206,0.00374000635929,0.00321169593371,0.00216527585872,0.00083913229173,0.00154936604667]},"spectral_contrast_valleys":{"dmean":[0.406973898411,0.346515387297,0.316072225571,0.292523860931,0.21888242662,0.178634300828],"dmean2":[0.686003744602,0.559325873852,0.497783541679,0.44254732132,0.337425738573,0.249022185802],"dvar":[0.118486665189,0.0917602479458,0.0748477503657,0.0723762512207,0.0561028309166,0.0488152690232],"dvar2":[0.301752179861,0.221807092428,0.168431937695,0.144841074944,0.117357455194,0.0773192793131],"max":[-4.9295630455,-4.81251192093,-5.37185668945,-5.45571660995,-5.43737077713,-8.06427097321],"mean":[-6.65452241898,-6.49276018143,-7.1981048584,-7.16329860687,-6.82079696655,-10.010263443],"median":[-6.55367422104,-6.4320025444,-7.13840770721,-7.0645570755,-6.71250677109,-9.86698627472],"min":[-26.9575748444,-27.5270862579,-27.2511138916,-27.444688797,-27.1042633057,-27.2361831665],"var":[0.78330552578,0.679246604443,0.669436395168,0.697630286217,0.692436099052,0.788026034832]},"spectral_decrease":{"dmean":3.45084405495e-9,"dmean2":5.93542948124e-9,"dvar":1.62692811096e-17,"dvar2":4.46870594734e-17,"max":3.00844609404e-16,"mean":-9.43003808374e-9,"median":-8.5993079324e-9,"min":-4.36263327686e-8,"var":1.77935036633e-17},"spectral_energy":{"dmean":0.0133189177141,"dmean2":0.0229033082724,"dvar":0.000241378496867,"dvar2":0.00066306773806,"max":0.168122366071,"mean":0.0380264110863,"median":0.0348801240325,"min":1.9670048923e-10,"var":0.000265658192802},"spectral_energyband_high":{"dmean":0.000526746560354,"dmean2":0.000855745864101,"dvar":3.66396477602e-7,"dvar2":9.46907789512e-7,"max":0.0137956533581,"mean":0.0020004354883,"median":0.00187625060789,"min":4.08172697031e-11,"var":0.00000120554159366},"spectral_energyband_low":{"dmean":0.0085059851408,"dmean2":0.0145501419902,"dvar":0.000146055550431,"dvar2":0.000392104935599,"max":0.116797097027,"mean":0.0150668248534,"median":0.0115271415561,"min":4.08382854443e-13,"var":0.000176343251951},"spectral_energyband_middle_high":{"dmean":0.00184964516666,"dmean2":0.00282085523941,"dvar":0.00000642915711069,"dvar2":0.0000150005544128,"max":0.0524295307696,"mean":0.00558682298288,"median":0.00418759183958,"min":3.31678640716e-13,"var":0.0000244809871219},"spectral_energyband_middle_low":{"dmean":0.00802817102522,"dmean2":0.0135307181627,"dvar":0.000125172824482,"dvar2":0.00034559253254,"max":0.157318264246,"mean":0.018204305321,"median":0.0155973089859,"min":1.76156398496e-13,"var":0.000140768213896},"spectral_entropy":{"dmean":0.106825314462,"dmean2":0.1687207371,"dvar":0.0140605894849,"dvar2":0.0313584506512,"max":9.78936195374,"mean":7.76993274689,"median":7.81740665436,"min":4.8302192688,"var":0.0771252736449},"spectral_flux":{"dmean":0.0278512965888,"dmean2":0.0449139140546,"dvar":0.000845070986543,"dvar2":0.00183210184332,"max":0.38753247261,"mean":0.103495277464,"median":0.0952105224133,"min":0.0000157974918693,"var":0.00160440721083},"spectral_kurtosis":{"dmean":0.869922578335,"dmean2":1.51019573212,"dvar":1.35100746155,"dvar2":3.9656291008,"max":61.4914016724,"mean":1.97802245617,"median":1.74640130997,"min":-1.20357465744,"var":3.52710127831},"spectral_rms":{"dmean":0.00101346627343,"dmean2":0.00171802577097,"dvar":0.00000110004725684,"dvar2":0.00000298235795526,"max":0.0128071010113,"mean":0.00595410726964,"median":0.00583347119391,"min":4.38067246478e-7,"var":0.0000016473912865},"spectral_rolloff":{"dmean":666.862487793,"dmean2":1125.69750977,"dvar":564473.4375,"dvar2":1417701.625,"max":21425.5371094,"mean":1516.72546387,"median":1313.52539062,"min":21.533203125,"var":2439258.5},"spectral_skewness":{"dmean":0.153675287962,"dmean2":0.247822314501,"dvar":0.0256220530719,"dvar2":0.0644652843475,"max":6.00826025009,"mean":0.851756632328,"median":0.819290816784,"min":0.0040581934154,"var":0.0950084477663},"spectral_spread":{"dmean":286409.53125,"dmean2":433748.25,"dvar":153210699776,"dvar2":258170585088,"max":41104964,"mean":4413173.5,"median":4327250,"min":1265409.625,"var":2180059889660},"spectral_strongpeak":{"dmean":0.419042170048,"dmean2":0.724030613899,"dvar":0.565394818783,"dvar2":1.46292829514,"max":21.5667934418,"mean":0.700512886047,"median":0.479846566916,"min":0,"var":0.713570177555},"zerocrossingrate":{"dmean":0.00871384609491,"dmean2":0.0113263940439,"dvar":0.0000737892405596,"dvar2":0.000116913986858,"max":0.8330078125,"mean":0.064911313355,"median":0.0625,"min":0.0009765625,"var":0.0020731498953}},"metadata":{"audio_properties":{"analysis_sample_rate":44100,"bit_rate":0,"codec":"flac","downmix":"mix","equal_loudness":0,"length":353.773345947,"lossless":true,"md5_encoded":"9996bc21c1c063e4df23e9c11f8faa64","replay_gain":-12.595911026,"sample_rate":44100},"tags":{"album":["Mashed Potatoes"],"albumartist":["The Smashing Pumpkins"],"albumartistsort":["Smashing Pumpkins, The"],"artist":["The Smashing Pumpkins"],"artistsort":["Smashing Pumpkins, The"],"catalognumber":["[none]"],"composer":["Billy Corgan"],"date":["1994"],"discnumber":["5"],"disctotal":["5"],"encodedby":["-=udachee=-"],"file_name":"02. Nothing and Everything (demo '88).flac","genre":["Alternative Rock"],"label":["[no label]"],"language":["eng"],"lyricist":["Billy Corgan"],"media":["CD-R"],"musicbrainz_albumartistid":["ba0d6274-db14-4ef5-b28d-657ebde1a396"],"musicbrainz_albumid":["74e62569-209f-43c2-a5f3-600c7f3d0133"],"musicbrainz_artistid":["ba0d6274-db14-4ef5-b28d-657ebde1a396"],"musicbrainz_recordingid":["d6e2e14b-f4f4-4810-8ba2-3491d7af9054"],"musicbrainz_releasegroupid":["02420aa4-9980-30f3-ba9d-10ca9fbdbf57"],"musicbrainz_workid":["0ad16cba-94dc-4fa7-ac50-05cabb60fd58"],"originaldate":["1994"],"owner":["-=udachee=-"],"releasecountry":["US"],"releasestatus":["bootleg"],"releasetype":["album","compilation"],"script":["Latn"],"title":["Nothing and Everything (demo '88)"],"totaldiscs":["5"],"totaltracks":["14"],"tracknumber":["2"],"tracktotal":["14"]},"version":{"essentia":"2.1-beta2","essentia_build_sha":"70f2e5ece6736b2c40cc944ad0e695b16b925413","essentia_git_sha":"v2.1_beta2","extractor":"music 1.0"}},"rhythm":{"beats_count":944,"beats_loudness":{"dmean":0.0171127840877,"dmean2":0.0315645411611,"dvar":0.000215708801989,"dvar2":0.00069862959208,"max":0.127901777625,"mean":0.0415820106864,"median":0.0392186008394,"min":1.42557810001e-9,"var":0.000235252417042},"beats_loudness_band_ratio":{"dmean":[0.22819532454,0.183414518833,0.0661818757653,0.0554194077849,0.0514546222985,0.0443391315639],"dmean2":[0.424617350101,0.347503036261,0.121616743505,0.0982767418027,0.0963967144489,0.0827207043767],"dvar":[0.0241227876395,0.0139560308307,0.00399