{"lowlevel":{"average_loudness":0.870983719826,"barkbands":{"dmean":[0.0145223625004,0.0314333662391,0.00902212224901,0.00433790963143,0.00251365615986,0.00123042962514,0.000404745194828,0.00020344585937,0.000286688766209,0.000182165531442,0.000134944668389,0.000148605642607,0.0000776408560341,0.0000861765220179,0.0000735645735404,0.0000696692004567,0.0000701659228071,0.0000578012113692,0.0000615123863099,0.0000485345881316,0.0000308173111989,0.0000258469299297,0.0000198937832465,0.0000100428951555,0.00000556039594812,0.0000106311526906,0.0000360672202078],"dmean2":[0.0237281993032,0.0537726841867,0.0157733038068,0.00728833023459,0.00413777632639,0.00200754031539,0.000655736250337,0.000343254505424,0.000482563133119,0.000303199485643,0.000221449881792,0.000235361221712,0.000123253325,0.000134817557409,0.000112111163617,0.000105462328065,0.000105056460598,0.0000840140346554,0.0000864625981194,0.0000678717769915,0.0000433977475041,0.0000376962525479,0.0000316254081554,0.0000159138144227,0.00000923420611798,0.0000168179685716,0.0000505837124365],"dvar":[0.000939249643125,0.00510949268937,0.000299881619867,0.0000868965435075,0.0000384626473533,0.0000102164149212,0.00000112807163077,3.78112304134e-7,6.73732188261e-7,3.13406786745e-7,1.12372553929e-7,7.66759242765e-8,3.39583294817e-8,5.74593848057e-8,5.51206191801e-8,5.57932544609e-8,6.27083522886e-8,3.56464440188e-8,6.7654021052e-8,2.94616651075e-8,7.31325222603e-9,3.85492748833e-9,3.14623926911e-9,5.01514330065e-10,8.76322694965e-11,5.18808607186e-10,5.87021320442e-9],"dvar2":[0.00243405089714,0.0135832773522,0.000880115374457,0.000225673473324,0.0000959049502853,0.0000261179866357,0.0000027653129564,0.00000102179240002,0.00000194053359337,8.70280985055e-7,2.70098354349e-7,1.75073665787e-7,8.28036235134e-8,1.31280529558e-7,1.31005180037e-7,1.25873498291e-7,1.44512512179e-7,7.89273286728e-8,1.42752099919e-7,5.61831150492e-8,1.2862858334e-8,7.60368390473e-9,7.48220330138e-9,1.19806042864e-9,2.20535395501e-10,1.20595711195e-9,9.56343004788e-9],"max":[0.510866343975,0.78052842617,0.328401565552,0.245021656156,0.197965323925,0.0878214016557,0.0333997383714,0.0215288642794,0.0250100418925,0.0228374265134,0.0093897935003,0.00580944586545,0.00943732168525,0.00520622823387,0.00931730028242,0.004043858964,0.00476841954514,0.00365073815919,0.0140912067145,0.00640701362863,0.00276727299206,0.00149022601545,0.000860739091877,0.000631861039437,0.0000949052118813,0.000499979010783,0.00329703721218],"mean":[0.0224723741412,0.0489130876958,0.011499222368,0.00594373326749,0.00393407186493,0.00186035060324,0.000615197990555,0.000261696841335,0.000400332937716,0.000250898388913,0.000193461281015,0.000239852321101,0.000114586633572,0.000110692235467,0.0000956482908805,0.0000784012809163,0.0000756734370952,0.0000679062359268,0.000081265308836,0.0000647685083095,0.0000422417251684,0.0000336306729878,0.0000206557542697,0.0000102401145341,0.00000548138041268,0.0000117431018225,0.0000633628005744],"median":[0.0104177249596,0.0319977775216,0.00593744963408,0.00190927344374,0.0014493574854,0.000558987143449,0.000174474116648,0.0000817077088868,0.000124746060465,0.0000837749612401,0.0000790403064457,0.000105724589957,0.0000440781113866,0.0000328233509208,0.0000285005971818,0.0000142202170537,0.00000955765972321,0.00000967108280747,0.0000118940406537,0.00000909375467018,0.00000811993595562,0.00000642920440441,0.00000423083565693,0.00000258272461906,0.00000176383400685,0.0000036736914808,0.0000269755237241],"min":[1.36422114924e-11,5.91197663741e-13,2.15859803278e-15,5.99878770586e-15,1.11094489998e-13,6.19798402055e-14,1.86318679669e-13,1.14742389852e-13,2.18179126025e-13,2.03134072605e-13,1.59008860224e-13,1.89791961986e-13,2.49167413048e-13,5.66263941119e-13,7.19869639159e-13,9.24351740983e-13,1.42497754048e-12,1.66483103345e-12,2.43263287118e-12,4.36296441683e-12,4.12829449445e-12,3.82132650176e-12,1.32699346303e-11,1.46715459226e-10,5.17243496298e-12,8.17478654214e-11,1.07427781948e-11],"var":[0.00131299789064,0.00468969950452,0.000296434271149,0.000170171377249,0.000076121861639,0.0000185294265975,0.00000223664915211,5.98976384936e-7,7.6647700098e-7,3.78070865281e-7,1.49556939277e-7,1.57230957143e-7,5.66161801885e-8,7.19032300367e-8,6.61659456114e-8,6.52191616268e-8,6.92292942972e-8,4.6005613541e-8,1.09103091006e-7,6.29290610732e-8,1.51674015569e-8,6.80959200139e-9,3.13789172424e-9,5.2432408415e-10,9.56416335018e-11,5.81692194412e-10,1.74241918671e-8]},"barkbands_crest":{"dmean":2.65250372887,"dmean2":4.28475952148,"dvar":5.95332956314,"dvar2":15.686961174,"max":24.831073761,"mean":15.6042575836,"median":15.7749214172,"min":4.54752254486,"var":18.9986763},"barkbands_flatness_db":{"dmean":0.0497461780906,"dmean2":0.0783107578754,"dvar":0.00171937607229,"dvar2":0.00452856579795,"max":0.584833443165,"mean":0.271948516369,"median":0.264331042767,"min":0.0674124732614,"var":0.0060867946595},"barkbands_kurtosis":{"dmean":33.661026001,"dmean2":54.3837623596,"dvar":2482.26879883,"dvar2":6354.62744141,"max":799.75592041,"mean":72.7720031738,"median":41.3313713074,"min":-1.90440440178,"var":7034.38574219},"barkbands_skewness":{"dmean":1.50055146217,"dmean2":2.41242003441,"dvar":2.1202340126,"dvar2":5.4132194519,"max":23.45129776,"mean":5.48825645447,"median":4.97704744339,"min":-6.45641326904,"var":9.63655471802},"barkbands_spread":{"dmean":2.351749897,"dmean2":3.74385309219,"dvar":15.3397359848,"dvar2":35.4333152771,"max":123.054618835,"mean":4.99475908279,"median":3.14614248276,"min":0.179068669677,"var":54.2349815369},"dissonance":{"dmean":0.0219400990754,"dmean2":0.0363630801439,"dvar":0.000458171620267,"dvar2":0.00124073156621,"max":0.500000238419,"mean":0.460151016712,"median":0.466922223568,"min":0.264810413122,"var":0.000948521133978},"dynamic_complexity":4.52129268646,"erbbands":{"dmean":[1.13532662392,6.60500431061,11.7573719025,12.4997797012,9.20865821838,8.55294799805,13.5607938766,8.01128673553,5.95651960373,4.94472694397,5.23093748093,6.38706254959,5.86629581451,5.04894828796,5.68082666397,5.00430822372,3.39339756966,3.90810060501,4.46583414078,3.54604268074,3.99623012543,3.98445010185,3.40748977661,2.96386051178,2.97788119316,2.30525875092,1.52474212646,1.06039261818,0.933137893677,0.791342914104,0.511663258076,0.289215892553,0.127329140902,0.0633425936103,0.0394509620965,0.0250825081021,0.0228000842035,0.0129048489034,0.00426597567275,0.00205776118673],"dmean2":[1.96110904217,11.2773551941,20.3624477386,21.2650432587,15.4801559448,14.1021471024,22.1316394806,13.0344781876,9.67714500427,8.0767250061,8.88174152374,10.7522468567,9.80857467651,8.2551574707,9.13625907898,7.8955411911,5.32777070999,6.097260952,6.80803155899,5.31016731262,6.04195451736,5.94258546829,4.94896268845,4.24232196808,4.20573472977,3.24027466774,2.14604830742,1.52177858353,1.35958135128,1.20291650295,0.811806082726,0.459574133158,0.203698381782,0.104915805161,0.0654203891754,0.0406492426991,0.0359729006886,0.019327333197,0.00580793432891,0.00335632544011],"dvar":[4.91149997711,295.725189209,642.061218262,605.682434082,270.244476318,529.296569824,1590.93151855,484.39755249,227.987854004,223.497329712,261.29397583,321.404296875,636.951293945,142.691604614,134.910140991,79.03931427,60.2448425293,91.8554229736,263.159851074,96.2020721436,195.754882812,204.832901001,133.854873657,100.759368896,172.887298584,70.1198654175,22.1875743866,7.19706916809,5.22633266449,4.52574539185,1.92801558971,0.537802994251,0.0590792559087,0.0112913139164,0.00436159502715,0.00165148160886,0.00286071351729,0.000926833832636,0.000152192660607,0.00000822784386401],"dvar2":[13.9246330261,776.490966797,1820.06835938,1675.07653809,733.659423828,1355.61791992,3847.6628418,1246.89501953,545.406066895,563.507446289,705.782714844,918.815124512,1834.81494141,367.500366211,323.043823242,185.415771484,145.826263428,211.318740845,661.906188965,198.535064697,443.436584473,470.739562988,296.476135254,229.538726807,346.346008301,135.795333862,39.6147003174,12.9979486465,10.1713571548,10.4403848648,4.56271791458,1.28351223469,0.141049534082,0.0282859764993,0.0109611749649,0.00402440177277,0.00674097426236,0.00202781381086,0.000251949590165,0.0000228254630201],"max":[27.8079280853,199.477172852,363.005218506,601.780029297,387.957580566,698.342834473,1212.68981934,920.13885498,359.213806152,716.951965332,525.233520508,551.102355957,1262.81420898,332.090057373,278.796936035,173.895263672,406.748291016,205.144500732,668.426391602,203.01953125,236.109237671,311.340270996,231.203475952,362.219390869,752.608703613,330.228271484,142.237823486,94.5804138184,69.1929168701,46.4418830872,23.6314506531,17.9101734161,6.54359388351,1.07202017307,0.669100940228,0.632353007793,1.28967750072,0.606919169426,0.517673075199,0.0752994641662],"mean":[2.02782273293,8.47610759735,15.1468229294,17.7195644379,13.9484376907,12.3328495026,19.9652786255,12.0733671188,9.05222034454,7.43905591965,7.19700098038,9.03377914429,8.24369525909,7.42263269424,9.24652385712,8.32437992096,5.36315631866,5.44904232025,5.53330612183,4.63796281815,4.41398906708,4.32764625549,3.91759634018,3.82836532593,3.99705028534,3.03247189522,2.07269454002,1.46327698231,1.22997581959,0.908390581608,0.527103245258,0.291770070791,0.131312251091,0.0631121248007,0.0394286476076,0.0268258564174,0.0247579906136,0.0164280366153,0.0071677826345,0.00633659493178],"median":[1.31801223755,4.61238288879,7.97887325287,7.64352798462,6.26763820648,3.84689712524,4.61256027222,3.98909044266,2.67235207558,2.25079250336,2.30807089806,2.83538341522,2.54260730743,3.06637048721,4.31948757172,4.08971214294,2.3351149559,1.83509099483,1.5671107769,1.38512063026,0.688537359238,0.550055742264,0.514818847179,0.62653118372,0.550385594368,0.428307116032,0.370724529028,0.286712944508,0.232082307339,0.178820997477,0.111179873347,0.0656240284443,0.0370178669691,0.0207039788365,0.0131496144459,0.00979824177921,0.00718472898006,0.00451784674078,0.00248635141179,0.00498548336327],"min":[1.63390287411e-10,8.00306348969e-11,1.25086651107e-11,2.3672978508e-11,6.80772244133e-11,3.29318405878e-10,3.64420632559e-10,4.57612447935e-10,1.47120093885e-9,4.15775991414e-9,3.20739035331e-9,6.95814428298e-9,6.0233258381e-9,8.64263416389e-9,6.9990244711e-9,1.23551249231e-8,1.43484788495e-8,4.34152198636e-8,2.87728152415e-8,5.81948746969e-8,5.88084141384e-8,8.94342875313e-8,8.83122979189e-8,9.05244519345e-8,1.91822607576e-7,1.7363919369e-7,1.56527320883e-7,1.62768159839e-7,1.18182803988e-7,1.2029580887e-7,3.88600398082e-7,0.00000201430134439,0.00000265462017524,3.1955980262e-7,5.75661651681e-8,3.53221622618e-7,1.70038106262e-7,1.08011253275e-8,1.5262402453e-9,1.75356104637e-10],"var":[5.67766332626,246.088592529,586.969970703,1016.99645996,487.070983887,927.068725586,3074.88232422,730.484008789,463.577270508,418.02722168,397.174560547,388.830505371,577.222473145,202.142074585,217.315322876,152.719238281,105.367134094,133.035247803,277.123565674,136.978164673,225.501998901,226.793930054,166.097137451,158.296951294,304.657928467,143.857421875,45.7250556946,14.9470787048,9.48743057251,5.29526138306,1.95048499107,0.540798008442,0.0654556304216,0.0124264322221,0.00480026844889,0.00195994670503,0.00304727023467,0.00131085328758,0.000410605192883,0.000029574819564]},"erbbands_crest":{"dmean":2.83495020866,"dmean2":4.677693367,"dvar":6.26205539703,"dvar2":16.4371433258,"max":27.4364871979,"mean":9.41879940033,"median":8.60037136078,"min":2.0054962635,"var":17.9975070953},"erbbands_flatness_db":{"dmean":0.0319976955652,"dmean2":0.0511734336615,"dvar":0.000782645191066,"dvar2":0.00205581192859,"max":0.352102220058,"mean":0.135870695114,"median":0.128827482462,"min":0.0470768772066,"var":0.00215655076317},"erbbands_kurtosis":{"dmean":2.19322752953,"dmean2":3.6213760376,"dvar":13.1108465195,"dvar2":35.6444091797,"max":58.5114021301,"mean":2.54442358017,"median":0.798116207123,"min":-1.83667004108,"var":32.7992095947},"erbbands_skewness":{"dmean":0.546412169933,"dmean2":0.845170497894,"dvar":0.27380913496,"dvar2":0.672625243664,"max":6.68901348114,"mean":0.929593145847,"median":0.975997388363,"min":-6.00366735458,"var":1.44718420506},"erbbands_spread":{"dmean":11.4888010025,"dmean2":18.0926895142,"dvar":133.804107666,"dvar2":315.195495605,"max":188.308074951,"mean":38.657623291,"median":35.3950805664,"min":2.23941445351,"var":408.416259766},"gfcc":{"cov":[[23065.0351562,3274.4753418,-1516.24267578,218.956375122,-158.059738159,-1177.50598145,547.232788086,-899.060913086,46.9017066956,-221.478668213,-304.306274414,5.46482658386,-13.9708023071],[3274.4753418,1622.64013672,124.059188843,-277.31628418,173.953018188,-158.208999634,236.249313354,-306.343566895,33.0964889526,-105.447257996,33.8507041931,-64.5113830566,76.3289871216],[-1516.24267578,124.059188843,517.527282715,-17.9470748901,51.615196228,125.543296814,-28.2054977417,49.9162216187,2.69113302231,20.5264320374,52.8176689148,-13.05032444,33.0858192444],[218.956375122,-277.31628418,-17.9470748901,350.717712402,48.4746894836,-39.9073753357,16.3152198792,42.2125816345,42.536403656,24.1114349365,-11.9387969971,39.5520210266,-30.310634613],[-158.059738159,173.953018188,51.615196228,48.4746894836,266.504089355,77.7869949341,102.372344971,-26.0594081879,43.6740074158,-23.0207366943,35.9109115601,8.28785705566,22.4233818054],[-1177.50598145,-158.208999634,125.543296814,-39.9073753357,77.7869949341,226.716644287,-19.8233890533,95.5490036011,-13.8090963364,15.0374727249,21.3220863342,11.0240049362,9.50961971283],[547.232788086,236.249313354,-28.2054977417,16.3152198792,102.372344971,-19.8233890533,174.634933472,-55.7117767334,45.8835639954,-30.8516368866,11.4351701736,3.19191265106,-0.905889034271],[-899.060913086,-306.343566895,49.9162216187,42.2125816345,-26.0594081879,95.5490036011,-55.7117767334,163.046234131,17.1507301331,46.0946426392,2.42629122734,4.73959922791,-1.00981163979],[46.9017066956,33.0964889526,2.69113302231,42.536403656,43.6740074158,-13.8090963364,45.8835639954,17.1507301331,89.9108581543,26.2082691193,7.9096698761,4.2502655983,-5.75418376923],[-221.478668213,-105.447257996,20.5264320374,24.1114349365,-23.0207366943,15.0374727249,-30.8516368866,46.0946426392,26.2082691193,62.6414031982,21.7486305237,10.8650760651,8.16699695587],[-304.306274414,33.8507041931,52.8176689148,-11.9387969971,35.9109115601,21.3220863342,11.4351701736,2.42629122734,7.9096698761,21.7486305237,61.3222923279,29.7669048309,25.2704429626],[5.46482658386,-64.5113830566,-13.05032444,39.5520210266,8.28785705566,11.0240049362,3.19191265106,4.73959922791,4.2502655983,10.8650760651,29.7669048309,58.6078834534,19.9351596832],[-13.9708023071,76.3289871216,33.0858192444,-30.310634613,22.4233818054,9.50961971283,-0.905889034271,-1.00981163979,-5.75418376923,8.16699695587,25.2704429626,19.9351596832,57.4175834656]],"icov":[[0.000182203904842,-0.000630188384093,0.00048754902673,-0.000395903480239,0.00013049786503,0.000182765026693,-0.0000559693799005,-0.000130280910525,0.00053772010142,-0.000870245858096,0.00122391211335,-0.000969874847215,0.000283482513623],[-0.000630188384093,0.00397864403203,-0.00233696820214,0.00237479130737,-0.00082886707969,0.000176704081241,-0.00104259618092,0.00263247196563,-0.00288930372335,0.00381845980883,-0.00449479091913,0.00509618455544,-0.00314167770557],[0.00048754902673,-0.00233696820214,0.00460550468415,-0.00283241877332,0.00194597779773,-0.0025278867688,0.001234762487,-0.00014536146773,-0.0000973309288383,-0.00014702930639,-0.00158362672664,0.00168532109819,-0.00112511357293],[-0.000395903480239,0.00237479130737,-0.00283241877332,0.00777348037809,-0.00507265143096,0.00507579790428,-0.00130611052737,-0.00220554787666,0.00115502020344,-0.00305812130682,0.00449888827279,-0.0065102558583,0.00439444091171],[0.00013049786503,-0.00082886707969,0.00194597779773,-0.00507265143096,0.0113258678466,-0.00788606330752,-0.00109861732926,0.0042174262926,-0.00677690375596,0.00807284004986,-0.00864899437875,0.00815813895315,-0.00657905265689],[0.000182765026693,0.000176704081241,-0.0025278867688,0.00507579790428,-0.00788606330752,0.0141537543386,-0.00154540932272,-0.00809567142278,0.0078987646848,-0.00637395959347,0.00785601418465,-0.0101343560964,0.00627379259095],[-0.0000559693799005,-0.00104259618092,0.001234762487,-0.00130611052737,-0.00109861732926,-0.00154540932272,0.0117426021025,0.00116825243458,-0.00657982612029,0.00709539465606,-0.00454016495496,0.000893975258805,0.000881354149897],[-0.000130280910525,0.00263247196563,-0.00014536146773,-0.00220554787666,0.0042174262926,-0.00809567142278,0.00116825243458,0.0173965673894,-0.00756719242781,-0.000155549729243,-0.003161911387,0.00832841917872,-0.00682980613783],[0.00053772010142,-0.00288930372335,-0.0000973309288383,0.00115502020344,-0.00677690375596,0.0078987646848,-0.00657982612029,-0.00756719242781,0.0266183242202,-0.0202320050448,0.0126384710893,-0.0114907864481,0.00971160363406],[-0.000870245858096,0.00381845980883,-0.00014702930639,-0.00305812130682,0.00807284004986,-0.00637395959347,0.00709539465606,-0.000155549729243,-0.0202320050448,0.0452823005617,-0.0279221441597,0.0169502776116,-0.0108698876575],[0.00122391211335,-0.00449479091913,-0.00158362672664,0.00449888827279,-0.00864899437875,0.00785601418465,-0.00454016495496,-0.003161911387,0.0126384710893,-0.0279221441597,0.0522666946054,-0.0321585386992,0.00490990746766],[-0.000969874847215,0.00509618455544,0.00168532109819,-0.0065102558583,0.00815813895315,-0.0101343560964,0.000893975258805,0.00832841917872,-0.0114907864481,0.0169502776116,-0.0321585386992,0.0479934848845,-0.0188377164304],[0.000283482513623,-0.00314167770557,-0.00112511357293,0.00439444091171,-0.00657905265689,0.00627379259095,0.000881354149897,-0.00682980613783,0.00971160363406,-0.0108698876575,0.00490990746766,-0.0188377164304,0.0329526923597]],"mean":[-67.0218963623,108.577583313,-41.5852012634,19.6291275024,-11.5267114639,8.0714006424,-1.05853760242,-7.67486000061,-7.50771379471,-5.07411146164,-2.7432615757,-2.51025938988,-4.8892121315]},"hfc":{"dmean":76.395111084,"dmean2":129.675460815,"dvar":12797.7099609,"dvar2":39470.75,"max":1687.18444824,"mean":212.581573486,"median":163.871673584,"min":0.00000286774411506,"var":34371.0351562},"melbands":{"dmean":[0.00965647306293,0.00700518209487,0.00198781397194,0.000557454128284,0.000458410795545,0.000188959747902,0.0000867664784892,0.0000497499859193,0.0000472292340419,0.0000391959329136,0.0000298474678857,0.0000209189147427,0.0000188963058463,0.0000193312826013,0.00000947832540987,0.00000735425601306,0.0000074645145105,0.00000780592745286,0.00000539893562745,0.00000434626826973,0.00000481952247355,0.00000412540430261,0.00000385216026189,0.000002560611847,0.00000244191619458,0.0000023688287456,0.00000201344710149,0.00000145967487697,0.00000102140927538,7.51424522605e-7,6.06451578733e-7,5.62609045573e-7,4.65087737211e-7,4.38362462774e-7,3.07058087401e-7,2.39609278196e-7,1.5281875676e-7,9.65799955566e-8,6.10240959986e-8,5.10549362787e-8],"dmean2":[0.0165450517088,0.0120466202497,0.00335761462338,0.000927144079469,0.000744545948692,0.000307449983666,0.000141087977681,0.0000808233453427,0.0000804851006251,0.0000660772711853,0.0000499896013935,0.0000342878156516,0.000030522900488,0.0000306374167849,0.0000151855583681,0.0000116753653856,0.0000117557819976,0.0000121139428302,0.0000082687683971,0.00000653471443002,0.00000739870893085,0.0000062282356339,0.00000576763932258,0.00000383507995139,0.00000356989107786,0.00000338966037816,0.00000292257345791,0.00000210435177905,0.00000145938622609,0.00000109655479719,8.89730188192e-7,8.27623694022e-7,6.91731884217e-7,6.85347174567e-7,4.87784632242e-7,3.85090061172e-7,2.41673120627e-7,1.53862700358e-7,1.00368502842e-7,8.48508534546e-8],"dvar":[0.000387729669455,0.000281808490399,0.0000139031144499,0.0000012094540125,0.00000196340010916,2.44167580377e-7,4.66758365292e-8,1.97076293063e-8,1.93357436729e-8,1.27539570016e-8,1.57705528636e-8,2.26422280925e-9,1.82984172259e-9,1.38532985083e-9,3.4973873797e-10,3.98389793377e-10,3.60007718081e-10,8.49386450064e-10,2.24872828691e-10,1.6790777102e-10,3.09446468449e-10,2.24788326841e-10,2.09605610646e-10,6.74380551402e-11,7.66125843321e-11,1.07197715982e-10,7.39026409513e-11,3.13031024712e-11,1.05719417595e-11,4.65270487068e-12,2.41305044522e-12,2.03034160665e-12,1.32327438937e-12,1.64725817622e-12,6.94641176177e-13,4.34552865696e-13,1.44337693924e-13,3.78981920715e-14,1.02999172505e-14,7.44612603184e-15],"dvar2":[0.00105365319178,0.000758804031648,0.0000379635712306,0.00000316370233122,0.00000473860063721,6.2659012201e-7,1.11948459391e-7,4.99869621251e-8,5.34352793125e-8,3.66452539424e-8,4.53295072589e-8,5.85303627787e-9,4.38890301879e-9,3.13557779741e-9,8.55789827892e-10,9.5605090511e-10,8.36404001614e-10,2.15602491416e-9,4.92816121245e-10,3.52924939273e-10,7.21487758426e-10,5.28076304906e-10,4.92984930656e-10,1.50142384636e-10,1.84871576381e-10,2.14484305316e-10,1.56786403305e-10,6.41488182018e-11,2.02893361834e-11,8.53378739202e-12,4.82896882203e-12,3.93816012786e-12,2.91241510075e-12,3.95615831761e-12,1.64804129545e-12,1.0602231983e-12,3.49854151725e-13,9.07941934527e-14,2.55275130461e-14,1.87469465407e-14],"max":[0.206001847982,0.215484976768,0.0877169370651,0.0248813163489,0.0451787635684,0.0187958199531,0.00505746202543,0.00642115948722,0.00402618292719,0.00295325391926,0.00619125878438,0.00122971634846,0.00131524505559,0.000832871650346,0.000459843955468,0.00121374067385,0.000325377477566,0.00114797463175,0.0003624947567,0.000302037602523,0.000284937705146,0.000315740326187,0.00031781985308,0.000146323101944,0.000305965862935,0.000566428527236,0.000421465025283,0.000238786102273,0.0000974162103375,0.0000776228771429,0.0000568283321627,0.0000429190404247,0.0000283081808448,0.0000230101231864,0.0000125135475173,0.0000119694714158,0.0000112577954496,0.00000557093744646,9.88502847576e-7,8.74915485838e-7],"mean":[0.0166928097606,0.00933205615729,0.00301360385492,0.000874823366757,0.000681510136928,0.000289662944851,0.00013282179134,0.0000725189311197,0.000063272054831,0.0000548312855244,0.0000406515973737,0.0000297776296065,0.000029149105103,0.000030498689739,0.0000141180435094,0.0000108097747216,0.00000999276380753,0.00000915116379474,0.00000718357478036,0.00000521783431395,0.00000513953546033,0.00000439814175479,0.00000416009152104,0.00000301724367091,0.0000030917587992,0.00000311256462737,0.00000263448851001,0.00000185092699212,0.0000013386527371,0.00000100933937119,8.03425621143e-7,7.32257205982e-7,5.7400023934e-7,4.73086885222e-7,3.12926260904e-7,2.33886154888e-7,1.54004894171e-7,9.9038750534e-8,6.09369266158e-8,4.99876868787e-8],"median":[0.0117616485804,0.00515380688012,0.00145934685133,0.000376549200155,0.000162749216543,0.0000929698144319,0.0000395729657612,0.0000217738434003,0.0000192783099919,0.000016906127712,0.0000120779186545,0.0000117448871606,0.0000130858497869,0.0000133893845486,0.00000621876915829,0.00000418810486735,0.00000311047460855,0.00000229500756177,0.00000225472217608,0.0000012490215795,6.85968984726e-7,5.68178620597e-7,4.67369062562e-7,4.43866497335e-7,5.02287775817e-7,4.39652012574e-7,3.22625282934e-7,2.54995995874e-7,2.26717844498e-7,1.96439401634e-7,1.52189670644e-7,1.28851468162e-7,1.13869511154e-7,8.96855567589e-8,6.48791100843e-8,4.81346162928e-8,3.53988234281e-8,2.70304383321e-8,1.91437408148e-8,1.57773474285e-8],"min":[1.68662458132e-12,1.01819713007e-15,4.78460959817e-15,9.38626685599e-15,1.68269583244e-14,1.11023810181e-14,2.77799871052e-14,3.40826982793e-14,3.65128391931e-14,3.60474454106e-14,2.38751025379e-14,3.34927025621e-14,2.17351466415e-14,2.00324274584e-14,3.66894794439e-14,2.99279339104e-14,6.46437249433e-14,2.30271327722e-14,5.60875537637e-14,5.52282625557e-14,5.22144481786e-14,7.59702901715e-14,6.865641817e-14,6.38017945225e-14,6.90929179647e-14,8.47351092829e-14,1.79045621103e-13,7.25647433851e-14,1.05196511495e-13,8.80801779169e-14,9.35727664515e-14,6.41160301934e-14,7.02943901546e-14,5.82742675729e-14,7.67025196613e-14,6.61256097621e-13,1.51191396642e-12,1.99518027967e-12,1.13468978137e-12,4.33048948534e-14],"var":[0.000394643837353,0.000246800860623,0.0000246585805144,0.00000229787610806,0.00000379265634365,4.01225946689e-7,9.62936255178e-8,3.77159459219e-8,2.73270064355e-8,1.49532723981e-8,1.44754963571e-8,3.26719229449e-9,2.63150767843e-9,2.69755306981e-9,5.80790249227e-10,6.34299557323e-10,4.81550410658e-10,8.5587509302e-10,3.06299874353e-10,2.22309060049e-10,3.37703615072e-10,2.39615993713e-10,2.24843019203e-10,8.67928853787e-11,1.10889235294e-10,1.74648129292e-10,1.33090399812e-10,5.59158414015e-11,1.99698920594e-11,9.20266467197e-12,4.4053493492e-12,3.68264880396e-12,1.90252067572e-12,1.67386016072e-12,6.98541972963e-13,4.10810193372e-13,1.43221643312e-13,4.08782166103e-14,1.1510608547e-14,8.08886394958e-15]},"melbands_crest":{"dmean":3.63440942764,"dmean2":6.00636291504,"dvar":11.6135787964,"dvar2":32.551399231,"max":38.1839904785,"mean":23.4806518555,"median":22.900188446,"min":4.48752593994,"var":41.3534240723},"melbands_flatness_db":{"dmean":0.0575641207397,"dmean2":0.090911641717,"dvar":0.00226679001935,"dvar2":0.00599413225427,"max":0.750551104546,"mean":0.399646908045,"median":0.392184436321,"min":0.0327209196985,"var":0.00879681669176},"melbands_kurtosis":{"dmean":40.9990234375,"dmean2":67.10912323,"dvar":3504.89111328,"dvar2":8926.64355469,"max":1513.9473877,"mean":91.1549301147,"median":58.764415741,"min":-1.97747838497,"var":9808.77636719},"melbands_skewness":{"dmean":1.60047912598,"dmean2":2.58673429489,"dvar":2.45676708221,"dvar2":6.30268383026,"max":30.7623138428,"mean":6.10771274567,"median":5.67927980423,"min":-4.58266973495,"var":10.1925420761},"melbands_spread":{"dmean":2.10501599312,"dmean2":3.48479104042,"dvar":44.6788635254,"dvar2":113.411705017,"max":329.474273682,"mean":5.35969638824,"median":2.16729259491,"min":0.0915937498212,"var":356.304321289},"mfcc":{"cov":[[13133.6738281,971.25390625,-793.274291992,695.951477051,-592.668334961,-55.8691101074,-378.191101074,-43.7486877441,-228.885787964,94.8068161011,-140.643692017,-193.575744629,-199.131576538],[971.25390625,1513.54577637,203.292495728,-140.329803467,16.2365474701,109.756523132,108.488342285,-20.6269569397,-19.8443813324,-48.37084198,2.01316547394,-48.1450653076,32.0158042908],[-793.274291992,203.292495728,442.471557617,-40.1012420654,86.0143127441,-8.40406608582,41.0968170166,-16.3692741394,17.0657997131,-7.21426534653,17.9838562012,22.2046279907,33.2227134705],[695.951477051,-140.329803467,-40.1012420654,347.80847168,-6.07362222672,33.2328071594,-40.3722915649,27.0706825256,-11.8734693527,47.0421524048,5.29084157944,5.71675157547,-12.5164241791],[-592.668334961,16.2365474701,86.0143127441,-6.07362222672,209.369338989,56.1155700684,68.8675842285,33.2883377075,45.4788322449,-4.11168861389,21.1189804077,45.156703949,29.1650562286],[-55.8691101074,109.756523132,-8.40406608582,33.2328071594,56.1155700684,127.296577454,57.0344924927,49.089214325,8.44579315186,3.24269890785,-3.2972407341,19.0455436707,20.2622699738],[-378.191101074,108.488342285,41.0968170166,-40.3722915649,68.8675842285,57.0344924927,115.917129517,42.7923927307,24.1937847137,-20.5404434204,3.18540787697,17.2546539307,25.3657073975],[-43.7486877441,-20.6269569397,-16.3692741394,27.0706825256,33.2883377075,49.089214325,42.7923927307,88.3636016846,30.4288196564,15.0013113022,-0.456713944674,26.7598457336,13.1506090164],[-228.885787964,-19.8443813324,17.0657997131,-11.8734693527,45.4788322449,8.44579315186,24.1937847137,30.4288196564,70.2988739014,26.8139038086,21.6764087677,19.1327438354,9.04648399353],[94.8068161011,-48.37084198,-7.21426534653,47.0421524048,-4.11168861389,3.24269890785,-20.5404434204,15.0013113022,26.8139038086,62.8014984131,26.5508499146,9.98324298859,-7.08931589127],[-140.643692017,2.01316547394,17.9838562012,5.29084157944,21.1189804077,-3.2972407341,3.18540787697,-0.456713944674,21.6764087677,26.5508499146,47.4515686035,22.357919693,7.36755800247],[-193.575744629,-48.1450653076,22.2046279907,5.71675157547,45.156703949,19.0455436707,17.2546539307,26.7598457336,19.1327438354,9.98324298859,22.357919693,58.2633857727,28.716835022],[-199.131576538,32.0158042908,33.2227134705,-12.5164241791,29.1650562286,20.2622699738,25.3657073975,13.1506090164,9.04648399353,-7.08931589127,7.36755800247,28.716835022,46.287322998]],"icov":[[0.000143334575114,-0.000205513075343,0.000245053379331,-0.000286360649625,0.000141740878462,0.000207727091038,0.000222622707952,-0.0000792022838141,0.000122700788779,-0.000214854779188,0.000462428870378,-0.000279564963421,0.000268676056294],[-0.000205513075343,0.00123818789143,-0.000795211351942,0.000723063014448,0.000118580239359,-0.00148526369594,-0.000660348858219,0.0002944075095,0.0000391520261473,0.000724887649994,-0.00179571693297,0.00208300002851,-0.00102368940134],[0.000245053379331,-0.000795211351942,0.00335221155547,-0.000582608627155,-0.000991260050796,0.00183695089072,-0.000501200382132,0.000946369953454,0.0003637643822,-0.0014137099497,0.001487169764,-0.00117076456081,-0.000931062677409],[-0.000286360649625,0.000723063014448,-0.000582608627155,0.00441458867863,-0.000722741649952,-0.0018287806306,0.00105356075801,-0.00128549861256,0.00198533199728,-0.00226936163381,-0.00121422414668,0.00127659155987,-0.000410688255215],[0.000141740878462,0.000118580239359,-0.000991260050796,-0.000722741649952,0.00856857653707,-0.00281087006442,-0.00201562652364,0.00152051297482,-0.00453318282962,0.00321821984835,-0.000922306848224,-0.00440538115799,0.00180668605026],[0.000207727091038,-0.00148526369594,0.00183695089072,-0.0018287806306,-0.00281087006442,0.0154592869803,-0.00479809846729,-0.00413130223751,0.00418198714033,-0.00537275476381,0.00513768848032,-0.00186135747936,-0.00238828803413],[0.000222622707952,-0.000660348858219,-0.000501200382132,0.00105356075801,-0.00201562652364,-0.00479809846729,0.019364753738,-0.00770159997046,-0.00329921999946,0.00929103139788,-0.00521391956136,0.00396783417091,-0.00255835126154],[-0.0000792022838141,0.0002944075095,0.000946369953454,-0.00128549861256,0.00152051297482,-0.00413130223751,-0.00770159997046,0.0237222798169,-0.00711961323395,-0.00597906578332,0.0104766339064,-0.0103288898245,0.00197625230066],[0.000122700788779,0.0000391520261473,0.0003637643822,0.00198533199728,-0.00453318282962,0.00418198714033,-0.00329921999946,-0.00711961323395,0.026964392513,-0.011991658248,-0.00388110917993,0.00232099439017,-0.00229588756338],[-0.000214854779188,0.000724887649994,-0.0014137099497,-0.00226936163381,0.00321821984835,-0.00537275476381,0.00929103139788,-0.00597906578332,-0.011991658248,0.036935377866,-0.0194682702422,0.00220379442908,0.00563883734867],[0.000462428870378,-0.00179571693297,0.001487169764,-0.00121422414668,-0.000922306848224,0.00513768848032,-0.00521391956136,0.0104766339064,-0.00388110917993,-0.0194682702422,0.044105771929,-0.0178766138852,0.00189576949924],[-0.000279564963421,0.00208300002851,-0.00117076456081,0.00127659155987,-0.00440538115799,-0.00186135747936,0.00396783417091,-0.0103288898245,0.00232099439017,0.00220379442908,-0.0178766138852,0.0415110960603,-0.0201315544546],[0.000268676056294,-0.00102368940134,-0.000931062677409,-0.000410688255215,0.00180668605026,-0.00238828803413,-0.00255835126154,0.00197625230066,-0.00229588756338,0.00563883734867,0.00189576949924,-0.0201315544546,0.0382732488215]],"mean":[-734.311950684,164.625213623,31.5895824432,36.9199409485,15.1197137833,27.1558876038,15.7742815018,13.1382789612,3.89595413208,5.57624340057,2.62598204613,2.10623574257,3.73296737671]},"pitch_salience":{"dmean":0.0796990394592,"dmean2":0.129554152489,"dvar":0.00502607179806,"dvar2":0.0135246645659,"max":0.843686163425,"mean":0.413001328707,"median":0.414825499058,"min":0.0480293110013,"var":0.0185288023204},"silence_rate_20dB":{"dmean":0.0358665287495,"dmean2":0.0717436075211,"dvar":0.0345784313977,"dvar2":0.0827664360404,"max":1,"mean":0.971928298473,"median":1,"min":0,"var":0.0272850785404},"silence_rate_30dB":{"dmean":0.127884760499,"dmean2":0.255807101727,"dvar":0.111531451344,"dvar2":0.233883813024,"max":1,"mean":0.588624358177,"median":1,"min":0,"var":0.242134302855},"silence_rate_60dB":{"dmean":0.00205791555345,"dmean2":0.00411643646657,"dvar":0.00205329339951,"dvar2":0.00498171476647,"max":1,"mean":0.043062902987,"median":0,"min":0,"var":0.0412080064416},"spectral_centroid":{"dmean":167.319564819,"dmean2":248.544418335,"dvar":59736.0664062,"dvar2":107090.695312,"max":11314.2617188,"mean":583.881896973,"median":344.258209229,"min":86.2621841431,"var":1079100.875},"spectral_complexity":{"dmean":3.05953264236,"dmean2":4.37694787979,"dvar":18.5923118591,"dvar2":26.6154918671,"max":52,"mean":9.8599357605,"median":9,"min":0,"var":71.3386001587},"spectral_contrast_coeffs":{"dmean":[0.0565003119409,0.0504590906203,0.0358209200203,0.0341833382845,0.0283519905061,0.0307213459164],"dmean2":[0.0943673178554,0.08368948102,0.0593152344227,0.0562149509788,0.0455323494971,0.0473327822983],"dvar":[0.00199872255325,0.00170735025313,0.000820309564006,0.000748207734432,0.000575474405196,0.00113386288285],"dvar2":[0.00576641736552,0.00466318288818,0.00222337665036,0.00197133189067,0.00139071047306,0.00248277699575],"max":[-0.305543333292,-0.457559645176,-0.539402127266,-0.691179633141,-0.667085111141,-0.534901320934],"mean":[-0.684213161469,-0.789468228817,-0.838876545429,-0.859699010849,-0.881072700024,-0.810182392597],"median":[-0.687102198601,-0.796875238419,-0.839966535568,-0.853802323341,-0.87824344635,-0.833914756775],"min":[-0.95208889246,-0.964743733406,-0.969054281712,-0.986454606056,-0.976954221725,-0.962550342083],"var":[0.00644713686779,0.00614482816309,0.00320058874786,0.00265117455274,0.00254189944826,0.00420179450884]},"spectral_contrast_valleys":{"dmean":[0.404793471098,0.531537890434,0.461324691772,0.545390367508,0.638084709644,0.692093014717],"dmean2":[0.660651504993,0.858105063438,0.737861037254,0.843048632145,0.977879106998,1.0880330801],"dvar":[0.120290361345,0.216253697872,0.176204413176,0.245628491044,0.313090741634,0.333678156137],"dvar2":[0.288805872202,0.562330663204,0.440752804279,0.636422216892,0.812787473202,0.888884425163],"max":[-4.60248661041,-4.74461364746,-5.46429634094,-5.89262962341,-5.82044315338,-8.75007724762],"mean":[-6.55157375336,-7.15477466583,-7.69506120682,-8.3400592804,-8.44466972351,-10.9835290909],"median":[-6.17221164703,-6.82461357117,-7.34811115265,-8.07039165497,-8.21069335938,-10.7933635712],"min":[-27.1775779724,-27.2744274139,-27.4287872314,-27.5746994019,-27.0994644165,-27.2025432587],"var":[3.36407923698,2.74740242958,2.54319834709,2.38531708717,2.3327691555,1.6285623312]},"spectral_decrease":{"dmean":1.27888020174e-8,"dmean2":2.1576639142e-8,"dvar":5.98697657256e-16,"dvar2":1.57891737692e-15,"max":8.5733873334e-9,"mean":-2.31365575587e-8,"median":-1.76896932658e-8,"min":-2.68411326942e-7,"var":6.61052675883e-16},"spectral_energy":{"dmean":0.048518717289,"dmean2":0.0818284749985,"dvar":0.00860862340778,"dvar2":0.0227044411004,"max":1.04096984863,"mean":0.106604456902,"median":0.0872927457094,"min":3.0487629088e-10,"var":0.0102172149345},"spectral_energyband_high":{"dmean":0.000143269411637,"dmean2":0.000201342016226,"dvar":1.07611953126e-7,"dvar2":1.88293299175e-7,"max":0.0104217100888,"mean":0.000200439695618,"median":0.0000514200655743,"min":2.65861943571e-10,"var":2.38477156245e-7},"spectral_energyband_low":{"dmean":0.0436482168734,"dmean2":0.0747607424855,"dvar":0.00758911063895,"dvar2":0.020244743675,"max":1.00689888,"mean":0.078647851944,"median":0.061139319092,"min":7.83339972749e-12,"var":0.0076852873899},"spectral_energyband_middle_high":{"dmean":0.00074671744369,"dmean2":0.00108612375334,"dvar":0.00000231862441069,"dvar2":0.00000479406708109,"max":0.0246132146567,"mean":0.00130805186927,"median":0.000633657036815,"min":1.62488026506e-11,"var":0.00000443310545961},"spectral_energyband_middle_low":{"dmean":0.00671722274274,"dmean2":0.0109504116699,"dvar":0.0001430541015,"dvar2":0.000366151100025,"max":0.247066020966,"mean":0.013101411052,"median":0.00640720268711,"min":1.63424276282e-12,"var":0.000372061826056},"spectral_entropy":{"dmean":0.417128562927,"dmean2":0.663048326969,"dvar":0.140063747764,"dvar2":0.371333181858,"max":9.81809043884,"mean":7.07563829422,"median":7.11324930191,"min":4.90357255936,"var":0.358087569475},"spectral_flux":{"dmean":0.0523269660771,"dmean2":0.0843802839518,"dvar":0.00579229276627,"dvar2":0.0129986898974,"max":0.921246647835,"mean":0.139985531569,"median":0.121357947588,"min":0.000049272992328,"var":0.0125747490674},"spectral_kurtosis":{"dmean":6.10510206223,"dmean2":9.87212181091,"dvar":67.7426300049,"dvar2":177.865524292,"max":130.44934082,"mean":13.548406601,"median":10.5662164688,"min":-1.22098278999,"var":103.371574402},"spectral_rms":{"dmean":0.00191313412506,"dmean2":0.00313848140649,"dvar":0.00000758166197556,"dvar2":0.0000192472016352,"max":0.0318681709468,"mean":0.00921299494803,"median":0.00922841578722,"min":5.45380885342e-7,"var":0.0000191254348465},"spectral_rolloff":{"dmean":3812.33837891,"dmean2":7515.69775391,"dvar":63899956,"dvar2":168420624,"max":22006.9335938,"mean":6863.15478516,"median":236.865234375,"min":21.533203125,"var":96837024},"spectral_skewness":{"dmean":0.598875761032,"dmean2":0.937283158302,"dvar":0.412495195866,"dvar2":1.08292341232,"max":9.02989006042,"mean":2.6969575882,"median":2.55648851395,"min":-0.303756862879,"var":1.02529323101},"spectral_spread":{"dmean":814833.4375,"dmean2":1298322.875,"dvar":609536245760,"dvar2":1394889326590,"max":39992948,"mean":4661365.5,"median":4533480,"min":1132712.875,"var":2549774548990},"spectral_strongpeak":{"dmean":4.16974830627,"dmean2":7.91253757477,"dvar":386.648132324,"dvar2":1131.25146484,"max":297.421844482,"mean":3.77106189728,"median":0.342412829399,"min":0,"var":338.392486572},"zerocrossingrate":{"dmean":0.0417271256447,"dmean2":0.0544295050204,"dvar":0.00142766127829,"dvar2":0.00243408372626,"max":0.705078125,"mean":0.204335942864,"median":0.1796875,"min":0.005859375,"var":0.013919650577}},"metadata":{"audio_properties":{"analysis_sample_rate":44100,"bit_rate":162372,"codec":"mp3","downmix":"mix","equal_loudness":0,"length":157.963516235,"lossless":false,"md5_encoded":"5928c97c0989ee2d1f55c99b003c701a","replay_gain":-6.29377937317,"sample_rate":44100},"tags":{"album":["Off With Their Heads"],"albumartist":["Kaiser Chiefs"],"albumartistsort":["Kaiser Chiefs"],"artist":["Kaiser Chiefs"],"artistsort":["Kaiser Chiefs"],"asin":["B001EYH2T8"],"date":["2008"],"discnumber":["1/1"],"encodedby":["LAME"],"file_name":"11. Kaiser Chiefs - Remember You're a Girl.mp3","genre":["Indie Rock"],"label":["B-Unique Records"],"language":["English"],"musicbrainz album release country":["GB"],"musicbrainz album status":["official"],"musicbrainz album type":["album"],"musicbrainz_albumartistid":["90218af4-4d58-4821-8d41-2ee295ebbe21"],"musicbrainz_albumid":["adfb5d7d-3df2-4b76-b338-5580019eeefd"],"musicbrainz_artistid":["90218af4-4d58-4821-8d41-2ee295ebbe21"],"musicbrainz_recordingid":["d7235c5a-9d5d-4a37-8ff2-1774c3ac6cbb"],"musicip_puid":["e35adcbe-c27b-3ed2-739b-7a34a94e206a"],"title":["Remember You're a Girl"],"tracknumber":["11/11"]},"version":{"essentia":"2.1-beta1","essentia_build_sha":"ca57ba49d9b1854bd80e60cf9ccf267278fb7d6b","essentia_git_sha":"v2.1_beta1-28-g21ef5f4-dirty","extractor":"music 1.0"}},"rhythm":{"beats_count":309,"beats_loudness":{"dmean":0.075832284987,"dmean2":0.140356734395,"dvar":0.00659889122471,"dvar2":0.0205623656511,"max":0.523751497269,"mean":0.131401985884,"median":0.11897226423,"min":8.24520540732e-9,"var":0.00960104074329},"beats_loudness_band_ratio":{"dmean":[0.104668095708,0.040662098676,0.0125978011638,0.0154565321282,0.0216807629913,0.061820525676],"dmean2":[0.17412224412,0.0716565847397,0.0216140896082,0.0297079961747,0.0431744046509,0.10424118489],"dvar":[0.012808362022,0.00355101795867,0.000301660067635,0.000231827041716,0.00036648765672,0.00769253307953],"dvar2":[0.0316815003753,0.00982259493321,0.000818777945824,0.000702940102201,0.0012546783546,0.0180592760444],"max":[0.96