{"lowlevel":{"average_loudness":0.558599054813,"barkbands":{"dmean":[0.0010564380791,0.00409080134705,0.00274371635169,0.001755801728,0.00213305675425,0.00196227780543,0.00136118941009,0.000808862503618,0.000451788277132,0.000297931488603,0.000158035385539,0.000100265897345,0.0000664057006361,0.0000396139439545,0.0000550074473722,0.0000337321871484,0.0000147471646414,0.0000104534865386,0.00000887916212378,0.00000924593678064,0.00000580661435379,0.00000249246431849,0.00000161761738582,0.00000138107782277,0.00000139340363603,0.00000173497755895,0.0000638450874249],"dmean2":[0.00170796050224,0.00656253611669,0.00467024790123,0.00280193472281,0.00343286362477,0.00310831214301,0.00215392769314,0.00133949087467,0.000711140921339,0.000479754293337,0.000255820399616,0.000163929275004,0.000108731626824,0.0000640674406895,0.0000888872527867,0.000054773503507,0.0000237181739067,0.0000164770535775,0.0000138218101711,0.0000142055305332,0.00000875940077094,0.00000392467700294,0.00000262009734797,0.00000228495355259,0.00000229166062127,0.00000278930610875,0.0000956176372711],"dvar":[0.00000463973674414,0.0000571539094381,0.0000239384316956,0.0000227292766795,0.0000152398069986,0.0000247275584115,0.0000196359833353,0.00000837359129946,0.00000206284630622,0.00000121546065657,3.35995650858e-7,4.90477987114e-8,1.90306295167e-8,4.80862460961e-9,1.17682867895e-8,5.10919173635e-9,6.32957797286e-10,5.74435887746e-10,3.33252758722e-10,5.24994603346e-10,4.50059767232e-10,2.41436905191e-11,1.08074365429e-11,9.2759099013e-12,8.8661517364e-12,1.09463636072e-11,1.61243196573e-8],"dvar2":[0.0000116994378914,0.000142370336107,0.000067126522481,0.0000534147511644,0.000038357127778,0.0000584691260883,0.000047492369049,0.0000234853923757,0.0000049152399697,0.00000303215847453,8.68639403961e-7,1.27522383764e-7,4.98796168813e-8,1.24903900556e-8,3.03545775182e-8,1.28154429291e-8,1.55978252536e-9,1.22786647516e-9,7.44549533138e-10,1.17011433876e-9,7.46875061797e-10,5.62155946793e-11,2.71822599152e-11,2.36959323691e-11,2.24613522226e-11,2.67613535498e-11,3.66397543416e-8],"max":[0.0396373234689,0.155702590942,0.0843366831541,0.138077825308,0.110651232302,0.157794669271,0.152306869626,0.102432712913,0.037600249052,0.0528686307371,0.024638203904,0.00714803719893,0.00399682624266,0.00159376196098,0.00312045193277,0.00148339907173,0.00063451519236,0.001979253022,0.000690421380568,0.00120785727631,0.00129880290478,0.000137832801556,0.0000748453676351,0.0000679462755215,0.0000652992239338,0.0000660300793243,0.00342646799982],"mean":[0.0016573787434,0.00637250533327,0.00379897723906,0.00260403100401,0.00382553529926,0.00325912656263,0.0021623740904,0.0013141137315,0.00074592459714,0.000468496524263,0.00024964750628,0.000173896100023,0.000114064248919,0.0000737437076168,0.000102257850813,0.0000615635435679,0.0000300450446957,0.0000217668675759,0.0000182646963367,0.000020416064217,0.0000119707083286,0.00000432103524872,0.00000199260011868,0.00000135806953949,0.00000142595615671,0.00000212028226088,0.000199016038096],"median":[0.000553071149625,0.00308461650275,0.00167872500606,0.000588965136558,0.00190945761278,0.00115897250362,0.000546048860997,0.00017208760255,0.000132735236548,0.00013033504365,0.0000566425296711,0.0000684428669047,0.0000449364670203,0.0000354201583832,0.0000473088548461,0.0000234514336626,0.0000165771853062,0.0000104363562059,0.00000873272620083,0.00000828538031783,0.00000503455930811,0.00000200577892429,7.70708140863e-7,4.04755013506e-7,4.68093958261e-7,8.84806070189e-7,0.000111606343125],"min":[1.13880588987e-11,9.10552449412e-12,9.20738528823e-13,1.01207289077e-11,3.84275979093e-11,9.0832417976e-11,9.40206801303e-11,8.67112024544e-12,1.7783029823e-12,5.12160463779e-13,1.13226160219e-13,4.5936019745e-13,6.64049923989e-13,8.70339553465e-13,1.79769805812e-12,1.09909119566e-12,1.20084801478e-12,2.77311241461e-13,3.45075232494e-13,4.17443288053e-13,1.8340687042e-12,7.50099093082e-13,7.22294674158e-13,1.29069812563e-12,1.44354396058e-12,2.77842787839e-12,4.28233707175e-12],"var":[0.00000781018934504,0.0000996026064968,0.0000368665132555,0.0000511442012794,0.0000330754992319,0.0000494264932058,0.000043352785724,0.0000162091182574,0.00000467603786092,0.00000209781751437,7.51668324028e-7,1.08802097998e-7,4.05712654583e-8,1.15743823415e-8,2.48450913176e-8,1.18936336335e-8,1.75262249158e-9,2.84320988975e-9,1.03187236533e-9,1.49870804655e-9,1.18106358027e-9,5.04698435821e-11,1.33502549293e-11,9.45526816565e-12,9.37792205002e-12,1.38843971043e-11,7.05190643657e-8]},"barkbands_crest":{"dmean":2.8305580616,"dmean2":4.65224266052,"dvar":5.75856256485,"dvar2":15.3482627869,"max":25.4088287354,"mean":11.2784137726,"median":10.6762390137,"min":3.2830927372,"var":15.3475322723},"barkbands_flatness_db":{"dmean":0.031598072499,"dmean2":0.0501264259219,"dvar":0.000778108369559,"dvar2":0.00195797346532,"max":0.4364541471,"mean":0.207080245018,"median":0.200779184699,"min":0.0748199671507,"var":0.00288822827861},"barkbands_kurtosis":{"dmean":9.14831542969,"dmean2":14.7821187973,"dvar":228.772338867,"dvar2":550.032531738,"max":555.265625,"mean":21.5022106171,"median":16.3133945465,"min":-1.61245119572,"var":480.248474121},"barkbands_skewness":{"dmean":0.753419697285,"dmean2":1.19288790226,"dvar":0.566842317581,"dvar2":1.43057382107,"max":16.2768936157,"mean":3.23163151741,"median":3.0784277916,"min":-0.548382341862,"var":2.14139437675},"barkbands_spread":{"dmean":3.46453928947,"dmean2":5.39844703674,"dvar":20.9186115265,"dvar2":48.0517845154,"max":103.573631287,"mean":11.7561225891,"median":8.69250774384,"min":0.2265830338,"var":106.660041809},"dissonance":{"dmean":0.0286754891276,"dmean2":0.0483512878418,"dvar":0.000686273560859,"dvar2":0.00187698798254,"max":0.500000119209,"mean":0.444489151239,"median":0.45327180624,"min":0.225356936455,"var":0.00144359341357},"dynamic_complexity":4.40987682343,"erbbands":{"dmean":[0.148148298264,0.872242212296,2.86593222618,4.70085287094,5.20713281631,7.93917655945,13.8930702209,16.4793586731,17.6231880188,19.9705905914,15.0088615417,10.0304822922,9.49084186554,7.40702533722,5.04630708694,3.87811923027,3.1219432354,2.02079629898,2.43791794777,2.39440345764,1.33345651627,0.765193343163,0.535074293613,0.472356408834,0.461028039455,0.44188773632,0.278350800276,0.192440107465,0.0952228307724,0.0633722394705,0.043607108295,0.0305251795799,0.0222639199346,0.0154563710093,0.0100004831329,0.00591329997405,0.00324975932017,0.0023710699752,0.00249914452434,0.0022692384664],"dmean2":[0.234255880117,1.43790125847,4.84784412384,7.53489160538,8.53300189972,12.8822116852,22.230802536,26.1090393066,27.6723995209,32.3485527039,24.1001243591,15.8516492844,15.3466434479,11.9216442108,8.09784984589,6.3335518837,5.08635425568,3.24723410606,3.92345833778,3.83322286606,2.14686751366,1.21910262108,0.837392985821,0.735213875771,0.718844771385,0.678131937981,0.423006772995,0.290896773338,0.149165794253,0.101132050157,0.0708536729217,0.0504746697843,0.0367991887033,0.0254706330597,0.0164125133306,0.00964819733053,0.00523005472496,0.00361056183465,0.00354612688534,0.00331768323667],"dvar":[0.0836620107293,2.55385875702,24.222902298,115.738624573,123.977096558,229.282455444,1243.34313965,2232.85864258,3993.33325195,5869.28857422,2780.53808594,930.445678711,1297.48974609,658.535583496,268.351043701,74.0951690674,43.4857749939,13.6738405228,22.3244628906,21.735118866,7.29750967026,1.8353344202,1.15596807003,1.17565095425,1.00888037682,1.36054801941,0.676783323288,0.636239290237,0.0377787053585,0.0150895789266,0.00806348677725,0.00452834321186,0.00238944939338,0.00111753877718,0.000446561403805,0.000145691243233,0.0000385326602554,0.000018648985133,0.0000227763212024,0.0000133687944981],"dvar2":[0.205297231674,6.50894212723,67.8434448242,262.90032959,340.92086792,570.164916992,2848.36621094,5485.18896484,9546.5859375,16020.953125,7058.74316406,2158.35400391,3319.44946289,1721.14868164,634.269348145,192.820068359,113.624183655,34.5842514038,59.0943069458,54.1457595825,17.9439506531,4.44085550308,2.47710180283,2.71384763718,2.41587257385,3.12967014313,1.29424309731,1.09119355679,0.0834087282419,0.0373792201281,0.0203658044338,0.011577559635,0.00609626900405,0.00283982255496,0.00112790393177,0.000364467850886,0.0000941730104387,0.0000421646691393,0.000046131110139,0.000027299296562],"max":[5.26687288284,41.2161750793,100.851005554,281.652587891,337.58972168,535.624084473,1607.58569336,1577.16711426,2534.14257812,3054.49023438,1413.24499512,898.117797852,1586.57385254,1209.67504883,812.333007812,279.929626465,176.299057007,91.5707931519,139.002532959,110.71937561,74.2453536987,38.8273200989,76.0859527588,52.7335090637,47.4862174988,67.7727203369,37.9406852722,48.719619751,5.26050615311,2.70998740196,2.04632496834,1.51319384575,1.09045302868,0.739463150501,0.459381580353,0.252840608358,0.121098786592,0.102737739682,0.130852624774,0.0913715958595],"mean":[0.237801745534,1.24155187607,4.11689949036,7.49095153809,8.22830104828,13.6810522079,23.8663311005,25.9239177704,28.5107803345,33.105796814,26.6568012238,17.5786514282,15.1920995712,12.5601997375,9.06974315643,7.07128572464,5.71227312088,4.05371952057,4.83414173126,4.80128288269,2.72181582451,1.66093146801,1.16088664532,0.999867022038,1.01321589947,0.970205843449,0.610129773617,0.36894506216,0.169803321362,0.0940968990326,0.0518134124577,0.0307300277054,0.0220933258533,0.0156334992498,0.0103659117594,0.0063220160082,0.00402461364865,0.00535441376269,0.00862543378025,0.00974685046822],"median":[0.0975356400013,0.604969859123,2.03571128845,2.41011047363,3.50184631348,6.3906788826,9.24744987488,8.24456596375,8.43570518494,6.52112674713,3.55006670952,3.29012775421,4.0985994339,3.40885543823,2.6616859436,2.75414609909,2.30281066895,2.00372648239,2.47056245804,2.11908721924,1.25782525539,0.910726010799,0.607526123524,0.465614229441,0.479014784098,0.402272224426,0.25871014595,0.151420250535,0.0776366144419,0.0423576273024,0.0195022616535,0.00987433455884,0.00670704292133,0.00502708228305,0.00352274882607,0.00225968658924,0.00176465604454,0.00268278969452,0.00443913321942,0.00671336892992],"min":[4.86346296569e-10,1.269890193e-9,1.16141085638e-9,1.78560366493e-8,8.74955148333e-8,1.4034311846e-7,1.94247107288e-7,9.71903205027e-7,0.00000153956420945,7.40166001378e-7,1.28753057993e-7,3.57560345776e-8,2.56225280992e-8,5.90490545349e-9,4.605931192e-9,2.087297446e-8,3.2059247701e-8,3.36824754754e-8,9.84375745361e-8,7.53939275455e-8,5.9700340671e-8,7.1940128521e-8,1.88120576894e-8,1.55427049009e-8,1.91506508429e-8,2.2424282875e-8,6.17965199012e-8,6.67470132498e-8,2.28003820268e-8,2.85504722086e-8,2.68834092765e-8,3.61798306869e-8,1.39389060294e-8,1.47185073018e-8,9.56972989741e-9,7.09003522559e-9,7.10007341809e-9,2.09540162999e-9,5.94724824943e-10,2.1546285589e-10],"var":[0.158744856715,3.8383834362,37.2532615662,283.369628906,210.383270264,476.248168945,2664.91455078,3865.65063477,8004.66748047,13060.5820312,6674.62988281,2385.39575195,2242.16772461,1386.98242188,768.458312988,174.618377686,98.499168396,34.6757240295,47.765827179,54.3672523499,18.8362846375,5.39857912064,5.26156949997,3.85546803474,2.98328280449,3.51493287086,2.02409982681,1.442897439,0.0857525840402,0.0234510656446,0.0095587875694,0.00464208470657,0.00245044403709,0.00116660050116,0.000478654226754,0.000162505617482,0.0000487843390147,0.0000533351958438,0.000128481988213,0.000100452962215]},"erbbands_crest":{"dmean":2.72259068489,"dmean2":4.45999908447,"dvar":5.89483308792,"dvar2":15.6739168167,"max":32.993183136,"mean":9.94478607178,"median":8.96879959106,"min":2.33593678474,"var":19.3127498627},"erbbands_flatness_db":{"dmean":0.0271434821188,"dmean2":0.0428445637226,"dvar":0.000542588881217,"dvar2":0.00138965412043,"max":0.379610925913,"mean":0.172663480043,"median":0.16982011497,"min":0.0532785505056,"var":0.0020308108069},"erbbands_kurtosis":{"dmean":1.78124964237,"dmean2":2.82592868805,"dvar":6.9664607048,"dvar2":16.4573421478,"max":114.133880615,"mean":2.8412501812,"median":1.32081389427,"min":-1.81310331821,"var":24.4782524109},"erbbands_skewness":{"dmean":0.414816439152,"dmean2":0.654336392879,"dvar":0.134818613529,"dvar2":0.331132054329,"max":8.40414237976,"mean":1.0825138092,"median":1.03626418114,"min":-3.21299695969,"var":0.734192311764},"erbbands_spread":{"dmean":5.39203500748,"dmean2":8.40971088409,"dvar":31.3580493927,"dvar2":72.1271972656,"max":99.1836090088,"mean":24.0789451599,"median":22.0497570038,"min":1.00850272179,"var":163.304107666},"gfcc":{"cov":[[7520.03076172,-338.820526123,-1063.4128418,-425.309814453,-139.987442017,-301.69418335,149.34967041,-103.456123352,-8.6110906601,-119.452964783,-171.902633667,-113.925468445,-75.8804016113],[-338.820526123,600.318847656,43.7998847961,-193.183395386,99.0137863159,-84.599395752,50.6292800903,-69.5975799561,50.7464523315,-22.0314979553,27.0130252838,-31.6489467621,52.2422218323],[-1063.4128418,43.7998847961,517.268981934,180.354446411,-95.4833602905,176.385238647,-130.809066772,104.560218811,-50.3423461914,27.311498642,30.7774448395,24.5950870514,-7.6013302803],[-425.309814453,-193.183395386,180.354446411,383.971252441,26.9505882263,28.4362831116,42.5696983337,16.8318099976,-39.496673584,22.4534492493,-5.03268957138,30.9029121399,-40.602935791],[-139.987442017,99.0137863159,-95.4833602905,26.9505882263,289.94934082,-7.60432052612,101.40927124,-78.2038497925,12.6643180847,-26.6496582031,15.9041376114,6.78523588181,35.7869262695],[-301.69418335,-84.599395752,176.385238647,28.4362831116,-7.60432052612,306.604248047,-92.5850524902,98.1162414551,-39.8525009155,6.27550649643,20.1915054321,22.8469944,12.1269626617],[149.34967041,50.6292800903,-130.809066772,42.5696983337,101.40927124,-92.5850524902,205.103408813,-36.5579528809,42.8251838684,-1.73950195312,-6.34548473358,8.77440643311,-5.29387331009],[-103.456123352,-69.5975799561,104.560218811,16.8318099976,-78.2038497925,98.1162414551,-36.5579528809,136.505355835,28.6690387726,34.4098320007,9.91515731812,3.82874417305,-4.78502321243],[-8.6110906601,50.7464523315,-50.3423461914,-39.496673584,12.6643180847,-39.8525009155,42.8251838684,28.6690387726,104.602966309,44.5228233337,14.3062114716,-0.318099886179,1.40002989769],[-119.452964783,-22.0314979553,27.311498642,22.4534492493,-26.6496582031,6.27550649643,-1.73950195312,34.4098320007,44.5228233337,74.5717926025,30.7821216583,9.63280582428,-4.56748437881],[-171.902633667,27.0130252838,30.7774448395,-5.03268957138,15.9041376114,20.1915054321,-6.34548473358,9.91515731812,14.3062114716,30.7821216583,61.045085907,31.7793292999,17.5928821564],[-113.925468445,-31.6489467621,24.5950870514,30.9029121399,6.78523588181,22.8469944,8.77440643311,3.82874417305,-0.318099886179,9.63280582428,31.7793292999,63.5559539795,21.7378253937],[-75.8804016113,52.2422218323,-7.6013302803,-40.602935791,35.7869262695,12.1269626617,-5.29387331009,-4.78502321243,1.40002989769,-4.56748437881,17.5928821564,21.7378253937,61.1825180054]],"icov":[[0.000217114604311,-0.00000690165597916,0.000530822493602,0.000027698742997,0.000184682445251,-0.00000888091562956,2.37573516415e-7,-0.000221101916395,0.000252791738603,0.0000991376509774,0.000178398287972,-0.00000347718105331,0.000187514509889],[-0.00000690165597916,0.00451576663181,-0.00355728459544,0.00310745579191,-0.00066213257378,0.000863296154421,-0.00253503536806,0.00301891053095,-0.0024873947259,0.00176370621193,-0.00240555335768,0.00380243430845,-0.0024819446262],[0.000530822493602,-0.00355728459544,0.00801143329591,-0.00458392268047,0.00180738326162,-0.00170757761225,0.0037026074715,-0.00413254927844,0.00270837731659,-0.000154638270033,-0.000206540484214,-0.00194066995755,0.00160293502267],[0.000027698742997,0.00310745579191,-0.00458392268047,0.00761441932991,-0.00262321555056,0.00169397261925,-0.00334183266386,0.000856856699102,0.00223670341074,-0.00325035303831,0.00269068870693,-0.00193372170907,0.00246064946987],[0.000184682445251,-0.00066213257378,0.00180738326162,-0.00262321555056,0.0077828001231,-0.00311211356893,-0.00243855267763,0.00448064738885,-0.00322411675006,0.00414193980396,-0.00447113486007,0.00398217048496,-0.0042641190812],[-0.00000888091562956,0.000863296154421,-0.00170757761225,0.00169397261925,-0.00311211356893,0.00696740671992,0.00146777497139,-0.0053429058753,0.00357578974217,-0.000931921706069,0.00070806714939,-0.00225657084957,0.000759090064093],[2.37573516415e-7,-0.00253503536806,0.0037026074715,-0.00334183266386,-0.00243855267763,0.00146777497139,0.0105604724959,-0.00301791680977,-0.00136853696313,0.000114763381134,0.0026903890539,-0.00511255627498,0.00330304168165],[-0.000221101916395,0.00301891053095,-0.00413254927844,0.000856856699102,0.00448064738885,-0.0053429058753,-0.00301791680977,0.0190658476204,-0.00964539125562,0.000769196718466,-0.00238950946368,0.00542966648936,-0.00409249030054],[0.000252791738603,-0.0024873947259,0.00270837731659,0.00223670341074,-0.00322411675006,0.00357578974217,-0.00136853696313,-0.00964539125562,0.0231801047921,-0.0140575850382,0.00468086730689,-0.00426428811625,0.00315185124055],[0.0000991376509774,0.00176370621193,-0.000154638270033,-0.00325035303831,0.00414193980396,-0.000931921706069,0.000114763381134,0.000769196718466,-0.0140575850382,0.0309201516211,-0.0171127151698,0.00649208854884,-0.000483110954519],[0.000178398287972,-0.00240555335768,-0.000206540484214,0.00269068870693,-0.00447113486007,0.00070806714939,0.0026903890539,-0.00238950946368,0.00468086730689,-0.0171127151698,0.0365268886089,-0.0181389208883,0.0011129071936],[-0.00000347718105331,0.00380243430845,-0.00194066995755,-0.00193372170907,0.00398217048496,-0.00225657084957,-0.00511255627498,0.00542966648936,-0.00426428811625,0.00649208854884,-0.0181389208883,0.0323764011264,-0.0123803401366],[0.000187514509889,-0.0024819446262,0.00160293502267,0.00246064946987,-0.0042641190812,0.000759090064093,0.00330304168165,-0.00409249030054,0.00315185124055,-0.000483110954519,0.0011129071936,-0.0123803401366,0.0268084034324]],"mean":[-75.2063598633,133.870956421,-61.2503433228,-6.60620450974,-14.2930431366,-23.6602020264,-6.92876005173,-17.8678913116,-3.95521569252,-4.88761854172,-2.76912164688,-7.75617647171,1.99408578873]},"hfc":{"dmean":40.4239845276,"dmean2":62.1749839783,"dvar":4305.67724609,"dvar2":9555.11914062,"max":2201.15356445,"mean":142.736968994,"median":96.1423339844,"min":0.00000384919712815,"var":22372.5644531},"melbands":{"dmean":[0.00119917897973,0.00132115278393,0.00077156239422,0.000471273233416,0.00044105242705,0.00036560089211,0.000272662378848,0.000208234836464,0.000121702956676,0.0000607458423474,0.0000481199167552,0.0000317252706736,0.0000192564475583,0.0000125661299535,0.00000771745726524,0.00000672013084113,0.00000375121840079,0.00000384187933378,0.00000448858872915,0.00000298416352962,0.00000142861006225,9.25991287204e-7,5.75675301207e-7,5.13728707574e-7,3.95561329469e-7,3.79176981369e-7,3.77682198405e-7,2.90295020022e-7,1.88687408809e-7,1.6101607514e-7,1.05447156784e-7,5.79675969448e-8,4.22316617232e-8,3.35366650006e-8,2.60764796423e-8,2.10256683175e-8,1.7850977585e-8,1.5797436248e-8,1.40846552199e-8,1.26700259173e-8],"dmean2":[0.001904663397,0.00221021473408,0.00123784027528,0.00076406711014,0.000704149948433,0.000577769766096,0.000428407947766,0.00034128286643,0.000193504864001,0.0000958865566645,0.0000780924092396,0.0000513898921781,0.0000310924515361,0.0000203121253435,0.0000125852984638,0.000011023253137,0.00000612190024185,0.00000627067674941,0.00000725986910766,0.00000488013256472,0.00000234161848311,0.00000149695165419,9.20970592233e-7,8.11024222003e-7,6.26705855211e-7,6.02392333349e-7,5.94729272052e-7,4.5135760729e-7,2.91598922786e-7,2.44257904569e-7,1.6266658065e-7,9.2430646248e-8,6.77275906469e-8,5.39247189124e-8,4.24389021703e-8,3.46112187799e-8,2.95725666177e-8,2.61229811116e-8,2.32470789285e-8,2.08683541558e-8],"dvar":[0.00000524455890627,0.00000471159637527,0.00000306339666167,7.15591966127e-7,0.00000109315203645,0.0000010024856465,8.13634414953e-7,6.31374177829e-7,2.02085857381e-7,3.42738992742e-8,3.45666997248e-8,1.24182921724e-8,4.82332884744e-9,7.9134465647e-10,2.91142693287e-10,2.05114272789e-10,4.6993478553e-11,5.32810288945e-11,7.83938469695e-11,4.28487488546e-11,8.33526130062e-12,2.64166054482e-12,1.03812986853e-12,1.82198418679e-12,8.24872234319e-13,6.61843952039e-13,7.00754179076e-13,7.23944721445e-13,2.73244317797e-13,3.89634559426e-13,1.54340014618e-13,1.37798487763e-14,6.64567608504e-15,4.32077223867e-15,2.83224926496e-15,2.05725371702e-15,1.56117531893e-15,1.20762630785e-15,9.43563786539e-16,7.46563351826e-16],"dvar2":[0.0000128964502437,0.0000127499652081,0.00000733281012799,0.00000177129493295,0.00000259455009655,0.00000245895080297,0.00000194707376977,0.00000176436060428,5.06139372192e-7,8.07024065352e-8,8.82310899897e-8,3.24125721818e-8,1.1884939255e-8,2.02909844482e-9,7.84115772312e-10,5.37112521126e-10,1.19930718134e-10,1.43276862596e-10,2.0025821279e-10,1.09959208405e-10,2.09684925673e-11,6.64806057427e-12,2.51165841597e-12,3.55318747515e-12,2.00710888881e-12,1.61735891607e-12,1.66901811382e-12,1.74614001643e-12,5.71114390589e-13,7.2991135705e-13,2.63186743449e-13,3.18490046348e-14,1.65326482566e-14,1.08022950326e-14,7.14228006707e-15,5.25454771247e-15,3.99280955182e-15,3.08271182527e-15,2.40317265531e-15,1.895673712e-15],"max":[0.040158636868,0.0517618954182,0.0474332794547,0.0310978963971,0.0443030521274,0.0311295688152,0.0342665091157,0.0287615954876,0.0108577264473,0.0053810630925,0.00839949585497,0.00452857417986,0.0034556677565,0.000800343987066,0.000539104337804,0.000344913132722,0.000161001284141,0.000182642441359,0.000225696712732,0.000148811581312,0.0000824836170068,0.0000431641637988,0.0000270112723229,0.000141381970025,0.0000419672614953,0.0000344865948136,0.00003422492955,0.0000498392109876,0.0000220573656406,0.0000356734672096,0.0000211806618609,0.00000362463288184,0.00000170261978383,0.00000146907473209,0.00000118716229736,0.00000103815852981,8.81887274318e-7,7.75680916831e-7,6.83021767145e-7,6.03175521974e-7],"mean":[0.0019891008269,0.00199092878029,0.0012750060996,0.000794224906713,0.000789915153291,0.000586677400861,0.000443693279522,0.000343171152053,0.000211500344449,0.000100757119071,0.0000735665453249,0.0000512353362865,0.0000324062129948,0.0000215556392504,0.0000138160839924,0.0000114623690024,0.00000679532740833,0.00000707622984919,0.00000816813098936,0.00000523113567397,0.00000270523196377,0.00000182764654255,0.00000112081158932,0.0000010372309589,7.66542882502e-7,7.37934840345e-7,7.72767805302e-7,5.97355779064e-7,3.89798998413e-7,3.01872177033e-7,1.85297125199e-7,9.86842962902e-8,6.73473152801e-8,4.55780231334e-8,3.08396863602e-8,2.21667129097e-8,1.74351608706e-8,1.5594910252e-8,1.40752893785e-8,1.28425758916e-8],"median":[0.000935243326239,0.00104218861088,0.000449719838798,0.000373883813154,0.000333646108629,0.000190799037227,0.00012862533913,0.000065769025241,0.000026017329219,0.0000194977874344,0.0000187689238373,0.0000135841164592,0.00000813261431176,0.00000805236049928,0.00000558831288799,0.00000454139399153,0.00000328482201439,0.00000356255804945,0.00000365655478163,0.00000190103469322,0.00000131468141262,9.85197175396e-7,5.93782885971e-7,4.61397831941e-7,3.45033129179e-7,3.49488971096e-7,3.20210460814e-7,2.4154797984e-7,1.61590037351e-7,1.19625042316e-7,7.36580716421e-8,4.41729213208e-8,3.14994323958e-8,1.87603852453e-8,1.14089289127e-8,7.63593810404e-9,5.08252595566e-9,4.69055549956e-9,4.40198899554e-9,4.14408285465e-9],"min":[3.9767351738e-12,8.87357028134e-13,4.88489457218e-12,8.82707622274e-12,6.54859673432e-12,2.15906043044e-11,2.26759739458e-11,6.38038450199e-12,7.58207136398e-13,1.86467906545e-13,1.19467288709e-13,1.95167605764e-14,1.31254895665e-14,3.51605714216e-14,7.64406306265e-14,6.09801786974e-14,5.5923100623e-14,1.65951006734e-13,9.96228652957e-14,9.71421023049e-14,5.90840378467e-14,8.12050554295e-14,3.01285147004e-14,1.31295832767e-14,1.16946933704e-14,1.62380163162e-14,9.90795529524e-15,1.47852582499e-14,3.49821557897e-14,3.54311645669e-14,4.0319171477e-14,8.32586122713e-15,1.79485756363e-14,1.29143979446e-14,1.32218573519e-14,2.17784706827e-14,2.19620989553e-14,9.08309851758e-15,8.64580420603e-15,1.46147013897e-14],"var":[0.00000976418323262,0.00000747972353565,0.00000721999640518,0.00000147877562995,0.00000241325187744,0.00000180482800261,0.00000170141186118,0.00000134663844165,4.83166729737e-7,7.92630103774e-8,5.802063896e-8,2.35725483577e-8,1.26360681918e-8,1.75115921763e-9,6.31771857051e-10,4.04382305419e-10,1.0474698886e-10,1.04098195342e-10,1.66312102978e-10,8.82059980611e-11,1.90268998473e-11,6.87704320573e-12,2.48663264459e-12,1.20034468476e-11,2.12228216771e-12,1.72592994584e-12,1.82625702755e-12,1.59282634825e-12,7.96762883535e-13,8.72555608496e-13,3.48237823126e-13,2.89109692133e-14,1.14026347162e-14,6.07772990599e-15,3.39331774824e-15,2.18017217371e-15,1.58289387897e-15,1.23482982974e-15,9.74985214871e-16,7.81728612845e-16]},"melbands_crest":{"dmean":3.70205116272,"dmean2":6.07496929169,"dvar":9.35879325867,"dvar2":25.5425205231,"max":35.0479278564,"mean":16.0924758911,"median":15.4172821045,"min":4.92468976974,"var":28.997461319},"melbands_flatness_db":{"dmean":0.0384586751461,"dmean2":0.0610440820456,"dvar":0.00112419680227,"dvar2":0.00287462677807,"max":0.603802442551,"mean":0.339143663645,"median":0.332666218281,"min":0.156550660729,"var":0.0041137477383},"melbands_kurtosis":{"dmean":8.03386688232,"dmean2":12.9046096802,"dvar":143.848083496,"dvar2":366.188842773,"max":254.044952393,"mean":17.0015735626,"median":11.2241401672,"min":-1.8027472496,"var":381.566192627},"melbands_skewness":{"dmean":0.729907214642,"dmean2":1.15994215012,"dvar":0.501225531101,"dvar2":1.26863086224,"max":11.7605237961,"mean":2.67102718353,"median":2.48163509369,"min":-1.95108604431,"var":2.40278053284},"melbands_spread":{"dmean":2.00204491615,"dmean2":3.17102432251,"dvar":6.07051753998,"dvar2":14.480219841,"max":87.4158935547,"mean":7.04357910156,"median":5.89948558807,"min":0.300997257233,"var":24.1799144745},"mfcc":{"cov":[[6878.97119141,339.714172363,-1349.70788574,13.8170681,-617.427001953,-128.60798645,-151.989852905,-80.3132171631,46.4211425781,29.7385749817,-56.096622467,-127.255767822,-15.2765111923],[339.714172363,801.435119629,-213.516921997,-163.089584351,-32.1672096252,-32.3870277405,-31.5305213928,-51.9098625183,25.2828769684,-7.14020252228,-28.1443386078,-20.8562984467,8.1840877533],[-1349.70788574,-213.516921997,766.979980469,-42.4655151367,152.430099487,-23.0065059662,15.152258873,45.0614433289,-48.6334342957,13.3483934402,25.8894138336,41.7789230347,-21.5053424835],[13.8170681,-163.089584351,-42.4655151367,394.553070068,-56.0435066223,39.5860786438,34.9420890808,-3.60126280785,4.39911174774,-11.8167562485,25.6617965698,-14.9514932632,-3.40268206596],[-617.427001953,-32.1672096252,152.430099487,-56.0435066223,227.495346069,68.0937957764,47.7478942871,26.1388015747,-10.6863908768,-9.80925941467,-17.047460556,17.0381908417,1.22053837776],[-128.60798645,-32.3870277405,-23.0065059662,39.5860786438,68.0937957764,129.142166138,69.3312606812,29.363948822,0.758920788765,-14.1667537689,-9.06576728821,-5.64847373962,6.53124046326],[-151.989852905,-31.5305213928,15.152258873,34.9420890808,47.7478942871,69.3312606812,106.04233551,43.7955665588,5.28957509995,-14.607211113,-10.2499780655,-0.67351859808,-3.26471400261],[-80.3132171631,-51.9098625183,45.0614433289,-3.60126280785,26.1388015747,29.363948822,43.7955665588,81.6625289917,23.7887916565,2.25565719604,2.51529359818,4.46522188187,5.30885457993],[46.4211425781,25.2828769684,-48.6334342957,4.39911174774,-10.6863908768,0.758920788765,5.28957509995,23.7887916565,65.5507965088,32.4512786865,9.69916725159,7.67177391052,5.87250041962],[29.7385749817,-7.14020252228,13.3483934402,-11.8167562485,-9.80925941467,-14.1667537689,-14.607211113,2.25565719604,32.4512786865,67.3965759277,38.0871162415,9.10648822784,2.30599570274],[-56.096622467,-28.1443386078,25.8894138336,25.6617965698,-17.047460556,-9.06576728821,-10.2499780655,2.51529359818,9.69916725159,38.0871162415,59.8455200195,27.6664619446,7.61789751053],[-127.255767822,-20.8562984467,41.7789230347,-14.9514932632,17.0381908417,-5.64847373962,-0.67351859808,4.46522188187,7.67177391052,9.10648822784,27.6664619446,54.0471000671,29.9959640503],[-15.2765111923,8.1840877533,-21.5053424835,-3.40268206596,1.22053837776,6.53124046326,-3.26471400261,5.30885457993,5.87250041962,2.30599570274,7.61789751053,29.9959640503,51.9453392029]],"icov":[[0.000291742588161,-0.0000196069868252,0.00049840338761,-0.0000270528234978,0.000572865246795,-0.0000336138036801,0.000280190550257,-0.000559484935366,0.000794291845523,-0.000945249455981,0.00096349202795,-0.000572118209675,0.000500248454046],[-0.0000196069868252,0.00169812852982,0.000194636246306,0.00096731929807,-0.000190009872313,0.000437307695393,-0.000637926626951,0.0017775738379,-0.00196503777988,0.00173712300602,-0.00150476850104,0.00213906913996,-0.00127114623319],[0.00049840338761,0.000194636246306,0.00301214819774,-0.000298191152979,-0.000351231778041,0.00110582727939,0.000708722393028,-0.00295678339899,0.00431265961379,-0.0035512750037,0.00257182354107,-0.00365879340097,0.00296505959705],[-0.0000270528234978,0.00096731929807,-0.000298191152979,0.00403186352924,0.0007088900893,-0.000586145557463,-0.00196115206927,0.00291940523311,-0.00354934483767,0.00492176553234,-0.00620023813099,0.00524004735053,-0.00231811474077],[0.000572865246795,-0.000190009872313,-0.000351231778041,0.0007088900893,0.00876759365201,-0.00462428899482,0.000235942614381,-0.00139041035436,0.00286438176408,-0.00425223261118,0.00699827354401,-0.00642354506999,0.00317970756441],[-0.0000336138036801,0.000437307695393,0.00110582727939,-0.000586145557463,-0.00462428899482,0.0155749423429,-0.00819319393486,0.0000848456766107,-0.000562127737794,0.00265999464318,-0.0045959642157,0.00708976294845,-0.00550712971017],[0.000280190550257,-0.000637926626951,0.000708722393028,-0.00196115206927,0.000235942614381,-0.00819319393486,0.019645223394,-0.00933246221393,0.00308729149401,-0.00231996085495,0.00687386002392,-0.00800270494074,0.00692801270634],[-0.000559484935366,0.0017775738379,-0.00295678339899,0.00291940523311,-0.00139041035436,0.0000848456766107,-0.00933246221393,0.024474458769,-0.0155118107796,0.0112767517567,-0.0116649847478,0.0116560412571,-0.00831039808691],[0.000794291845523,-0.00196503777988,0.00431265961379,-0.00354934483767,0.00286438176408,-0.000562127737794,0.00308729149401,-0.0155118107796,0.0368166156113,-0.0276957396418,0.0206468552351,-0.0188642852008,0.00881148967892],[-0.000945249455981,0.00173712300602,-0.0035512750037,0.00492176553234,-0.00425223261118,0.00265999464318,-0.00231996085495,0.0112767517567,-0.0276957396418,0.0482550300658,-0.03864595294,0.0248595401645,-0.0109311509877],[0.00096349202795,-0.00150476850104,0.00257182354107,-0.00620023813099,0.00699827354401,-0.0045959642157,0.00687386002392,-0.0116649847478,0.0206468552351,-0.03864595294,0.0587748996913,-0.0394640639424,0.0167672261596],[-0.000572118209675,0.00213906913996,-0.00365879340097,0.00524004735053,-0.00642354506999,0.00708976294845,-0.00800270494074,0.0116560412571,-0.0188642852008,0.0248595401645,-0.0394640639424,0.0605594776571,-0.0322651341558],[0.000500248454046,-0.00127114623319,0.00296505959705,-0.00231811474077,0.00317970756441,-0.00550712971017,0.00692801270634,-0.00831039808691,0.00881148967892,-0.0109311509877,0.0167672261596,-0.0322651341558,0.038238286972]],"mean":[-749.324951172,196.61706543,9.86802959442,32.6878547668,5.74085283279,9.01375961304,1.53911983967,-4.86123943329,2.42919826508,1.1596300602,-1.64118075371,-0.758084237576,3.83187508583]},"pitch_salience":{"dmean":0.0759057328105,"dmean2":0.123991265893,"dvar":0.00399898923934,"dvar2":0.0106045017019,"max":0.842644572258,"mean":0.57120347023,"median":0.583890080452,"min":0.0928341522813,"var":0.0119615010917},"silence_rate_20dB":{"dmean":0,"dmean2":0,"dvar":0,"dvar2":0,"max":1,"mean":1,"median":1,"min":1,"var":0},"silence_rate_30dB":{"dmean":0.0243551637977,"dmean2":0.0487149991095,"dvar":0.0237633883953,"dvar2":0.054210472852,"max":1,"mean":0.960977971554,"median":1,"min":0,"var":0.0375018380582},"silence_rate_60dB":{"dmean":0.010163965635,"dmean2":0.0203298814595,"dvar":0.0100613450631,"dvar2":0.0231757219881,"max":1,"mean":0.0530201345682,"median":0,"min":0,"var":0.0502055250108},"spectral_centroid":{"dmean":85.6421813965,"dmean2":132.703018188,"dvar":13310.9257812,"dvar2":25669.7460938,"max":3363.92651367,"mean":497.088531494,"median":437.964538574,"min":123.57131958,"var":67469.0390625},"spectral_complexity":{"dmean":1.89088118076,"dmean2":3.03759121895,"dvar":3.0909705162,"dvar2":7.22813034058,"max":33,"mean":9.82186031342,"median":9,"min":0,"var":25.571182251},"spectral_contrast_coeffs":{"dmean":[0.0501889139414,0.0499237217009,0.0361125916243,0.0254698377103,0.0203249771148,0.03336950019],"dmean2":[0.0828002393246,0.0824692100286,0.0601885542274,0.0425544641912,0.0335608832538,0.0534108988941],"dvar":[0.0016191349132,0.00155065685976,0.00080931285629,0.000412360124756,0.000307125912514,0.00109910673928],"dvar2":[0.00441330997273,0.00425374507904,0.00219500111416,0.00109723070636,0.000789533485658,0.00272143492475],"max":[-0.366101264954,-0.38429158926,-0.535563826561,-0.639546751976,-0.72027182579,-0.433654993773],"mean":[-0.671849727631,-0.732053279877,-0.813732624054,-0.840592682362,-0.854331493378,-0.808513700962],"median":[-0.678995728493,-0.73512840271,-0.818820536137,-0.840324282646,-0.848513782024,-0.824278712273],"min":[-0.917697131634,-0.942497253418,-0.975024223328,-0.982165336609,-0.968049287796,-0.934922039509],"var":[0.00718887336552,0.00441648205742,0.00317712011747,0.00162368163001,0.00135181611404,0.00386702478863]},"spectral_contrast_valleys":{"dmean":[0.382979184389,0.36749663949,0.337139338255,0.315091609955,0.344610452652,0.708224892616],"dmean2":[0.63225966692,0.591817259789,0.537354409695,0.489967286587,0.535487055779,1.12585508823],"dvar":[0.102511823177,0.090155005455,0.0885978639126,0.0978006199002,0.144565269351,0.32059442997],"dvar2":[0.260144144297,0.220745876431,0.208358645439,0.224366739392,0.349227488041,0.846636533737],"max":[-5.18089389801,-4.32727146149,-5.4163479805,-6.31181335449,-6.61227655411,-8.9351234436],"mean":[-6.86813592911,-6.73925209045,-7.60312414169,-8.18864250183,-8.64525604248,-11.6142368317],"median":[-6.79002094269,-6.68384599686,-7.46896362305,-8.01003646851,-8.42992210388,-11.5407238007],"min":[-14.7127218246,-14.7739686966,-17.1590099335,-16.3925285339,-16.6901130676,-18.3425045013],"var":[0.528435826302,0.942722201347,0.867392897606,0.883349835873,0.884051442146,0.944518148899]},"spectral_decrease":{"dmean":2.53466758693e-9,"dmean2":4.00849575755e-9,"dvar":1.38531502333e-17,"dvar2":3.36147473572e-17,"max":8.26517432273e-9,"mean":-5.40536992943e-9,"median":-3.08814174232e-9,"min":-6.73815776508e-8,"var":4.14514730242e-17},"spectral_energy":{"dmean":0.0104636363685,"dmean2":0.0161061137915,"dvar":0.000230789577472,"dvar2":0.000525382522028,"max":0.282411634922,"mean":0.0333476960659,"median":0.0231764949858,"min":4.51542331303e-10,"var":0.00101149501279},"spectral_energyband_high":{"dmean":0.0000455451372545,"dmean2":0.0000672449023114,"dvar":6.51519060924e-9,"dvar2":1.42174600981e-8,"max":0.00180259533226,"mean":0.000134027955937,"median":0.000073975592386,"min":1.31957647934e-11,"var":2.81266281377e-8},"spectral_energyband_low":{"dmean":0.00678665982559,"dmean2":0.0108840055764,"dvar":0.000115043316328,"dvar2":0.000282423337922,"max":0.224538624287,"mean":0.0130629977211,"median":0.00765838101506,"min":1.90631902625e-11,"var":0.000253024656558},"spectral_energyband_middle_high":{"dmean":0.000459777977085,"dmean2":0.000699575350154,"dvar":0.00000163812455867,"dvar2":0.00000395819233745,"max":0.0549005717039,"mean":0.00124480167869,"median":0.000552707118914,"min":7.21767480852e-12,"var":0.00000530947636435},"spectral_energyband_middle_low":{"dmean":0.00545541895553,"dmean2":0.00843433476985,"dvar":0.000099490651337,"dvar2":0.000236251988099,"max":0.220179691911,"mean":0.0140821607783,"median":0.00667751766741,"min":2.44286174622e-10,"var":0.000376097508706},"spectral_entropy":{"dmean":0.262334108353,"dmean2":0.416926950216,"dvar":0.0644252970815,"dvar2":0.16301818192,"max":8.11650276184,"mean":6.87773180008,"median":6.92242431641,"min":4.84636116028,"var":0.211023151875},"spectral_flux":{"dmean":0.0209167096764,"dmean2":0.0334857068956,"dvar":0.000620296632405,"dvar2":0.00140772841405,"max":0.343637168407,"mean":0.0851834341884,"median":0.0760747268796,"min":0.000998476636596,"var":0.00241891923361},"spectral_kurtosis":{"dmean":9.09142589569,"dmean2":14.5979709625,"dvar":106.430915833,"dvar2":277.25592041,"max":165.938919067,"mean":27.9172515869,"median":24.5241699219,"min":4.03163099289,"var":226.958465576},"spectral_rms":{"dmean":0.000814453931525,"dmean2":0.00123189692385,"dvar":8.82939161784e-7,"dvar2":0.00000191023946172,"max":0.0165989026427,"mean":0.0051112677902,"median":0.00475512538105,"min":6.63723653815e-7,"var":0.00000640945154373},"spectral_rolloff":{"dmean":4415.59472656,"dmean2":8656.79882812,"dvar":67347088,"dvar2":162035680,"max":22050,"mean":13711.1269531,"median":21533.203125,"min":21.533203125,"var":103029136},"spectral_skewness":{"dmean":0.617813587189,"dmean2":0.97628980875,"dvar":0.423241615295,"dvar2":1.09479928017,"max":10.5824775696,"mean":3.84931755066,"median":3.69686031342,"min":0.63446199894,"var":1.20111310482},"spectral_spread":{"dmean":610749.8125,"dmean2":979784.375,"dvar":317758898176,"dvar2":813479886848,"max":10321142,"mean":3559924.25,"median":3508455,"min":1122469.875,"var":790742827008},"spectral_strongpeak":{"dmean":3.35158991814,"dmean2":6.2483549118,"dvar":157.586135864,"dvar2":436.509399414,"max":150.875717163,"mean":2.93502640724,"median":0.25742021203,"min":0,"var":141.162384033},"zerocrossingrate":{"dmean":0.0418410077691,"dmean2":0.0539933815598,"dvar":0.00121210841462,"dvar2":0.00199621054344,"max":0.67333984375,"mean":0.283671706915,"median":0.275390625,"min":0.02734375,"var":0.0101375645027}},"metadata":{"audio_properties":{"analysis_sample_rate":44100,"bit_rate":128682,"codec":"mp3","downmix":"mix","equal_loudness":0,"length":242.156173706,"lossless":false,"md5_encoded":"a90cd261ebd22bd9cdc06bc52dd9c559","replay_gain":-4.53933525085,"sample_rate":44100},"tags":{"album":["Harvest"],"artist":["Neil Young"],"date":["1972"],"encodedby":["Lame 3.97 --vbr-new -q5"],"file_name":"08-Alabama.mp3","genre":["Unknown"],"length":["242000"],"musicbrainz album artist":["Neil Young"],"musicbrainz album artist sortname":["Young, Neil"],"musicbrainz album status":["official"],"musicbrainz album type":["album"],"musicbrainz non-album":["0"],"musicbrainz_albumartistid":["75167b8b-44e4-407b-9d35-effe87b223cf"],"musicbrainz_albumid":["8f32b5e7-81e5-4d1f-8bb1-07fd307c45f7"],"musicbrainz_artistid":["75167b8b-44e4-407b-9d35-effe87b223cf"],"musicbrainz_recordingid":["d7314f92-0346-4953-a187-01c13cb14262"],"musicip_puid":["a0749da3-4670-d775-6033-3195edac5fb4"],"originaldate":["1972"],"title":["Alabama"],"tracknumber":["8/10"]},"version":{"essentia":"2.1-beta1","essentia_build_sha":"ca57ba49d9b1854bd80e60cf9ccf267278fb7d6b","essentia_git_sha":"v2.1_beta1-28-g21ef5f4-dirty","extractor":"music 1.0"}},"rhythm":{"beats_count":597,"beats_loudness":{"dmean":0.0230420492589,"dmean2":0.0385231897235,"dvar":0.000573290861212,"dvar2":0.00154087098781,"max":0.228231832385,"mean":0.0477859377861,"median":0.0380304194987,"min":0.0000534638347744,"var":0.00139813392889},"beats_loudness_band_ratio":{"dmean":[0.200596541166,0.119389414787,0.0747861862183,0.0226048734039,0.00631638942286,0.0966326147318],"dmean2":[0.335920900106,0.202206298709,0.128257423639,0.0393418669701,0.0107388859615,0.163521245122],"dvar":[0.0242465734482,0.0127469487488,0.00942641496658,0.00103555480018,0.0000569066360185,0.00678094755858],"dvar2":[0.0663459002972,0.0350755788386,0.0253731030971,0.00286523555405,0.000150470630615,0.0178913604468],"max":[0.963141798973