{"lowlevel":{"average_loudness":0.951501607895,"barkbands":{"dmean":[0.00014907491277,0.00572245428339,0.00266854395159,0.00234054378234,0.00173984514549,0.000978494877927,0.00074747193139,0.000504881958477,0.00101639027707,0.000507312011905,0.000413273781305,0.000524082861375,0.000367738335626,0.000351729860995,0.000364453968359,0.000309367111186,0.000333385134581,0.000250367185799,0.000287760223728,0.000326996436343,0.00021291077428,0.00018516505952,0.000111961780931,0.0000879232102307,0.0000425574253313,0.0000170368002728,0.00000307416212308],"dmean2":[0.000247382471571,0.0101697938517,0.00457398826256,0.00395094323903,0.00291031063534,0.00154991052113,0.00122659280896,0.000785836135037,0.00154050986748,0.000800618669018,0.000645811320283,0.000824692309834,0.000584789959248,0.000547962787095,0.000574464036617,0.00050559930969,0.000548130832613,0.000408857420553,0.000483415817143,0.000555532402359,0.000374224502593,0.00031638101791,0.000174117725692,0.00013086166291,0.0000621314466116,0.000024439605113,0.00000460045202999],"dvar":[8.70784262474e-8,0.000215388616198,0.0000200167669391,0.0000155794241437,0.0000155270681717,0.00000519647937836,0.00000393310301661,0.00000141177827118,0.00000371448300029,0.00000168396672962,8.77214404227e-7,8.88631916496e-7,5.39086556728e-7,4.53796729971e-7,4.16999881736e-7,1.77658094458e-7,2.02502434377e-7,1.19520080943e-7,1.65665952068e-7,1.79700236913e-7,1.22873601072e-7,7.98332280283e-8,4.83074735769e-8,3.50086111212e-8,1.22635110955e-8,2.24082308264e-9,8.27579255125e-11],"dvar2":[2.25260720299e-7,0.000593113887589,0.0000573493998672,0.0000420688011218,0.0000411603868997,0.000012486902051,0.0000093489743449,0.00000325368841914,0.00000881234154804,0.000003985305284,0.0000020308425519,0.00000209978384191,0.00000126437657855,0.00000104239074972,9.53946255322e-7,4.42541391976e-7,5.08540779265e-7,2.97235317248e-7,4.38170161488e-7,4.8847459766e-7,3.51834785306e-7,2.18506571059e-7,1.01110202877e-7,6.60224586113e-8,2.19798828027e-8,4.10823464136e-9,1.67394972883e-10],"max":[0.00313082989305,0.117772504687,0.048616103828,0.0525016561151,0.0425901524723,0.0453800372779,0.0403681695461,0.0278220344335,0.0368030183017,0.0270812064409,0.0243598297238,0.0206986200064,0.013334473595,0.012273776345,0.0154641577974,0.00933166593313,0.00862337462604,0.00646592630073,0.00689443619922,0.00639570085332,0.00509336777031,0.00396981509402,0.00434634648263,0.00455441651866,0.00247157528065,0.00140124571044,0.000302909669699],"mean":[0.000161446732818,0.00590390758589,0.00457050511613,0.00335672544315,0.00235756440088,0.00155941199046,0.00101977679878,0.00103924574796,0.00257009174675,0.000817530264612,0.00073035544483,0.000982848112471,0.000632869778201,0.000628029752988,0.000697432435118,0.000668160850182,0.00074384897016,0.000538481632248,0.000627077708486,0.000808330951259,0.000528547912836,0.000477422669064,0.000279044965282,0.000217705499381,0.0000941485486692,0.0000349374131474,0.00000490774255013],"median":[0.0000526601652382,0.00251832208596,0.00332338176668,0.0020242696628,0.00129810557701,0.000801175483502,0.0004099678481,0.000313367403578,0.000795239233412,0.000272502482403,0.000360623002052,0.000480771617731,0.000332917144988,0.000366727443179,0.000388125918107,0.000505782663822,0.000541765009984,0.000391693436541,0.000499293790199,0.000722025928553,0.000492094666697,0.000435578083852,0.000186010787729,0.000126850281958,0.0000441289230366,0.0000127885768961,0.00000121956668409],"min":[5.43699186413e-24,7.02003375252e-24,6.99338839772e-24,6.2413767631e-24,1.37215617591e-23,1.5621217705e-23,1.34711836187e-23,2.610316754e-23,3.33865814384e-23,2.4413359639e-23,2.72304371518e-23,3.79093040238e-23,4.83688959631e-23,8.2742086803e-23,6.65320491189e-23,5.94927529608e-23,8.81872339112e-23,1.43780767324e-22,1.83605835834e-22,2.44965216712e-22,3.61308619203e-22,4.10183714587e-22,4.38160710767e-22,6.80244477338e-22,9.8756873209e-22,1.34530203172e-21,1.99830094471e-21],"var":[8.90761455707e-8,0.000146542224684,0.000022167685529,0.0000180955812539,0.0000142505341501,0.00000652461858408,0.00000509307892571,0.00000453606253359,0.0000219447574636,0.00000325278210767,0.00000202579121833,0.00000210452981264,9.75107923296e-7,8.15612224869e-7,9.81428684099e-7,4.58261780523e-7,5.30021395662e-7,2.73153261787e-7,3.11012286147e-7,4.00004125822e-7,1.91594338617e-7,1.61752723216e-7,1.39301732816e-7,1.21434155176e-7,3.76103344024e-8,6.2733622741e-9,1.72199809967e-10]},"barkbands_crest":{"dmean":2.53937935829,"dmean2":4.27614021301,"dvar":8.25374603271,"dvar2":22.5603370667,"max":24.2813625336,"mean":8.16138744354,"median":7.42500782013,"min":2.20276451111,"var":13.1702136993},"barkbands_flatness_db":{"dmean":0.0183057263494,"dmean2":0.0292634423822,"dvar":0.000423309131293,"dvar2":0.001061511226,"max":0.365206122398,"mean":0.0981302037835,"median":0.0848893225193,"min":0.0155858015642,"var":0.00223506917246},"barkbands_kurtosis":{"dmean":2.00460267067,"dmean2":3.15007781982,"dvar":28.9358463287,"dvar2":57.4479255676,"max":151.779159546,"mean":1.97817873955,"median":-0.210390806198,"min":-1.8857370615,"var":86.3368606567},"barkbands_skewness":{"dmean":0.475431233644,"dmean2":0.754784107208,"dvar":0.327879071236,"dvar2":0.809899866581,"max":10.0038871765,"mean":1.10483515263,"median":0.887869775295,"min":-5.5603313446,"var":1.28417360783},"barkbands_spread":{"dmean":6.39103937149,"dmean2":10.1204299927,"dvar":50.2402534485,"dvar2":120.152381897,"max":92.3632507324,"mean":33.835144043,"median":33.3448638916,"min":0.72091537714,"var":216.926116943},"dissonance":{"dmean":0.0103908693418,"dmean2":0.0175406504422,"dvar":0.000119717798952,"dvar2":0.000318356323987,"max":0.500000059605,"mean":0.480393588543,"median":0.485220074654,"min":0.330662101507,"var":0.000296084443107},"dynamic_complexity":2.26114463806,"erbbands":{"dmean":[0.129301920533,1.41097581387,3.10796332359,5.37723016739,7.32206630707,5.0402507782,6.86554861069,8.08296108246,11.0914735794,8.09113025665,15.0003814697,20.0073814392,19.0952777863,16.2441749573,14.0331268311,18.3699760437,15.6830663681,17.5197792053,15.6438541412,15.7218055725,18.1129550934,16.6900730133,14.1729059219,13.5212030411,16.5192089081,13.8856935501,9.73976230621,8.19515228271,7.39144849777,4.56519508362,2.97958993912,2.35237407684,1.2262108326,0.601221442223,0.247665017843,0.0956968963146,0.0291090589017,0.00504622748122,0.000508510449436,0.0000324022948917],"dmean2":[0.227862775326,2.52160525322,5.38084793091,9.16620635986,12.2005558014,8.51912879944,11.1641950607,12.971654892,17.8993339539,13.213133812,21.9458141327,30.7917461395,29.8851146698,25.2859573364,22.0476150513,29.1472415924,24.5914497375,27.1858711243,24.7094116211,24.9472141266,29.5125770569,27.3552303314,22.9148788452,23.1171321869,27.4671154022,23.6927146912,17.3055076599,14.1548719406,12.7535057068,7.42057991028,4.61316823959,3.53336071968,1.84509587288,0.886159598827,0.362033963203,0.138822317123,0.0421750843525,0.00745082227513,0.000755624321755,0.0000498148438055],"dvar":[0.105755150318,13.110168457,36.8517913818,57.7420539856,295.541900635,102.314056396,275.531311035,446.959777832,978.889770508,394.763458252,1135.84729004,1826.68237305,2219.73608398,1821.24108887,841.258789062,1094.64782715,877.849121094,1274.22558594,645.780944824,649.168518066,578.758422852,547.000549316,392.908050537,377.920257568,522.94342041,330.125091553,258.109985352,167.520462036,126.34085083,62.2888870239,38.0771942139,23.8196105957,6.73403453827,2.45555257797,0.434231847525,0.0638856515288,0.00778412725776,0.00024933682289,0.00000218849277189,5.19868681437e-9],"dvar2":[0.287045150995,36.5200309753,105.493995667,164.909011841,761.190185547,277.240997314,717.923400879,1086.43518066,2335.53857422,974.17388916,2389.95336914,4496.92724609,5227.11816406,4306.59912109,2018.75341797,2650.00976562,2045.61279297,2972.08129883,1509.01257324,1497.22363281,1453.47802734,1378.18676758,946.311462402,1032.33850098,1366.1282959,904.627075195,746.348083496,476.242462158,353.841156006,146.891571045,77.6233673096,47.6763534546,12.6573581696,4.57276582718,0.802278280258,0.11631513387,0.0153829474002,0.000504506402649,0.00000428627845395,1.07306084018e-8],"max":[2.44026970863,28.7153987885,51.1017303467,108.480361938,228.911437988,116.309967041,415.08114624,442.090789795,606.693725586,527.936340332,790.068664551,799.244750977,1144.56774902,1246.67419434,680.555297852,604.122192383,558.047790527,702.032043457,592.033081055,643.335693359,542.001464844,480.855163574,354.035552979,238.067474365,493.349395752,307.971008301,225.840759277,202.784179688,161.328720093,156.188354492,103.531509399,114.594406128,53.9289360046,41.2369346619,12.8854675293,5.46453714371,3.7991745472,0.590216219425,0.0491244085133,0.0023156600073],"mean":[0.119936838746,1.5134319067,5.03484582901,9.14820098877,9.62014770508,7.17810106277,10.6153812408,11.7117605209,14.8682632446,12.8027648926,42.7089881897,45.8184700012,34.1448478699,31.1248149872,27.6229877472,35.5554618835,31.1865177155,33.1113967896,32.7140731812,34.6900291443,42.5899009705,40.0183525085,32.1082458496,28.8394546509,38.5363616943,35.4944915771,23.1331501007,21.0105361938,18.3494148254,11.6995716095,7.14430093765,5.5469121933,2.9323964119,1.35058605671,0.520633816719,0.196933105588,0.0558932684362,0.00904862955213,0.000848585623316,0.0000752231935621],"median":[0.044404476881,0.675514578819,3.40254473686,6.7419629097,5.34315919876,3.89109587669,5.18736553192,5.81939077377,6.17613124847,6.34595775604,10.5120353699,15.9131164551,13.9568815231,13.7510643005,14.3705272675,18.9464263916,18.4040584564,18.5225105286,21.6976490021,22.5757141113,32.9358177185,30.0058422089,23.4523582458,23.7598896027,31.0111274719,32.6489181519,21.4635944366,19.4826583862,16.8985786438,9.16957855225,4.4978427887,3.24671602249,1.63879132271,0.697609186172,0.215629652143,0.0765483379364,0.0191563889384,0.00281091639772,0.000225685056648,0.0000493225270475],"min":[1.94869734575e-22,2.0507150342e-21,1.1551112773e-20,1.61434151621e-20,3.59054773167e-20,6.84540230631e-20,1.14087335023e-19,8.72550499799e-20,1.65266485862e-19,4.66082567564e-19,7.94045825166e-19,6.75894086504e-19,8.68593306523e-19,1.04384165225e-18,1.46189408095e-18,2.08639393673e-18,2.85695155481e-18,3.36808858239e-18,3.40886176235e-18,3.70196287265e-18,4.68149319683e-18,5.1280218351e-18,7.99465677975e-18,1.21164266346e-17,9.37235669564e-18,1.15187481102e-17,1.38743086862e-17,1.37165570715e-17,1.65431589561e-17,1.2741813228e-17,1.2702216092e-17,1.2802950147e-17,9.40530991689e-18,8.14073604875e-18,7.92873213929e-18,4.43362480397e-18,2.90515798655e-18,9.82762118836e-19,2.90912312852e-19,2.62889614741e-20],"var":[0.073625408113,8.77815246582,33.3619995117,75.2981109619,270.418548584,107.233306885,313.280090332,498.821502686,1200.20043945,498.487945557,9504.65136719,6107.58740234,4273.81640625,4877.421875,1809.85241699,2333.91040039,1782.93811035,2464.8059082,1423.12670898,1724.69592285,1582.65454102,1494.05517578,971.928100586,583.147827148,1204.17443848,728.968566895,353.747283936,303.149871826,232.580764771,157.389862061,108.498825073,75.3403015137,23.2353458405,7.15190649033,1.27646017075,0.18659517169,0.0188102088869,0.000533818150871,0.00000487954730488,1.1117989196e-8]},"erbbands_crest":{"dmean":1.94955158234,"dmean2":3.14906811714,"dvar":4.44035100937,"dvar2":11.2194023132,"max":28.0234222412,"mean":7.03312921524,"median":5.86465454102,"min":1.98367893696,"var":13.803853035},"erbbands_flatness_db":{"dmean":0.0116634871811,"dmean2":0.0171754583716,"dvar":0.000145004843944,"dvar2":0.000283948640572,"max":0.318188220263,"mean":0.138820320368,"median":0.132879570127,"min":0.0481810793281,"var":0.00137249298859},"erbbands_kurtosis":{"dmean":0.590326666832,"dmean2":0.933445215225,"dvar":0.981087505817,"dvar2":2.22086620331,"max":27.8469085693,"mean":-0.0395562276244,"median":-0.389906644821,"min":-1.80164778233,"var":2.51611852646},"erbbands_skewness":{"dmean":0.274320334196,"dmean2":0.419040560722,"dvar":0.0827178880572,"dvar2":0.175674542785,"max":5.04256391525,"mean":-0.193112716079,"median":-0.303514391184,"min":-3.17911458015,"var":0.476271301508},"erbbands_spread":{"dmean":7.28190898895,"dmean2":11.2728176117,"dvar":55.4430046082,"dvar2":126.736434937,"max":130.017700195,"mean":43.7964897156,"median":42.5194740295,"min":4.81636667252,"var":231.797744751},"gfcc":{"cov":[[12064.8847656,-170.223754883,-160.576934814,26.2479152679,-647.278625488,503.485351562,-282.719970703,283.561950684,-236.666320801,27.5992221832,-214.460754395,63.4174346924,-107.435745239],[-170.223754883,1272.08349609,-347.264465332,145.121002197,197.351730347,-213.800598145,216.072555542,-205.088546753,92.2729797363,-97.129486084,32.1753921509,-70.3989868164,49.4051437378],[-160.576934814,-347.264465332,619.450439453,78.5898513794,65.7242050171,143.946655273,-88.5381088257,59.2001991272,-20.5968818665,57.6744232178,-23.0007152557,21.8278160095,-26.9929351807],[26.2479152679,145.121002197,78.5898513794,263.594482422,88.3915023804,6.10179138184,30.9310359955,-48.681892395,45.2168617249,13.0810585022,1.08204984665,12.6553974152,26.6525230408],[-647.278625488,197.351730347,65.7242050171,88.3915023804,253.94241333,6.05428218842,46.5441665649,-36.7028160095,39.1838226318,8.19821643829,12.6542482376,-7.79115867615,9.4053106308],[503.485351562,-213.800598145,143.946655273,6.10179138184,6.05428218842,224.069274902,20.8767051697,80.039894104,-34.934753418,10.3903093338,-6.41368722916,12.5823879242,-20.6779060364],[-282.719970703,216.072555542,-88.5381088257,30.9310359955,46.5441665649,20.8767051697,187.926498413,-9.76213645935,27.576341629,-31.2802066803,13.6793861389,0.262113571167,10.023059845],[283.561950684,-205.088546753,59.2001991272,-48.681892395,-36.7028160095,80.039894104,-9.76213645935,156.218612671,8.28355121613,27.6158332825,-1.82462215424,-2.59355401993,-13.9373435974],[-236.666320801,92.2729797363,-20.5968818665,45.2168617249,39.1838226318,-34.934753418,27.576341629,8.28355121613,102.604675293,28.4882564545,0.424795925617,-16.4188766479,5.35135316849],[27.5992221832,-97.129486084,57.6744232178,13.0810585022,8.19821643829,10.3903093338,-31.2802066803,27.6158332825,28.4882564545,73.5924072266,16.1245613098,9.19530391693,-5.59156799316],[-214.460754395,32.1753921509,-23.0007152557,1.08204984665,12.6542482376,-6.41368722916,13.6793861389,-1.82462215424,0.424795925617,16.1245613098,74.2234954834,25.196849823,11.2683849335],[63.4174346924,-70.3989868164,21.8278160095,12.6553974152,-7.79115867615,12.5823879242,0.262113571167,-2.59355401993,-16.4188766479,9.19530391693,25.196849823,70.49269104,29.4811534882],[-107.435745239,49.4051437378,-26.9929351807,26.6525230408,9.4053106308,-20.6779060364,10.023059845,-13.9373435974,5.35135316849,-5.59156799316,11.2683849335,29.4811534882,57.4575424194]],"icov":[[0.000195686909137,-0.000411453889683,0.00021753157489,-0.000237585918512,0.000561486289371,-0.000685797538608,0.000603943597525,-0.000419802352553,0.000355594413122,-0.000468312384328,0.000835654267576,-0.000839971064124,0.000574598438106],[-0.000411453889683,0.00295439874753,-0.00000563126513953,-0.0000881418745848,-0.00208923057653,0.00246230629273,-0.00273217866197,0.00214825361036,-0.0012577077141,0.00243417755701,-0.00292832963169,0.00412810454145,-0.00223541818559],[0.00021753157489,-0.00000563126513953,0.002896750113,-0.00117628509179,-0.000398458185373,-0.0017715729773,0.00161465082783,-0.00062883051578,0.000794971478172,-0.00130246207118,0.00171693740413,-0.00156151899137,0.00157525297254],[-0.000237585918512,-0.0000881418745848,-0.00117628509179,0.00593236275017,-0.00125179800671,-0.000370420573745,-0.000808027863968,0.00241948920302,-0.00271224486642,-0.000321454339428,-0.000238476510276,0.0000378756849386,-0.0026247696951],[0.000561486289371,-0.00208923057653,-0.000398458185373,-0.00125179800671,0.00724924914539,-0.00285531720147,0.0012545970967,-0.000271257740678,-0.000142245931784,-0.00219672475941,0.00159886234906,-0.00173180596903,0.00111540849321],[-0.000685797538608,0.00246230629273,-0.0017715729773,-0.000370420573745,-0.00285531720147,0.0107612879947,-0.00510113034397,-0.00188166298904,0.00230940873735,0.0015962930629,-0.00253576063551,0.00274889310822,-0.000259265856585],[0.000603943597525,-0.00273217866197,0.00161465082783,-0.000808027863968,0.0012545970967,-0.00510113034397,0.0108510926366,-0.00206933473237,-0.00211379583925,0.00238303374499,0.00157961854711,-0.00532866409048,0.00302898790687],[-0.000419802352553,0.00214825361036,-0.00062883051578,0.00241948920302,-0.000271257740678,-0.00188166298904,-0.00206933473237,0.0118515500799,-0.00402138754725,-0.000578452774789,-0.00270743155852,0.0043155872263,-0.00281195691787],[0.000355594413122,-0.0012577077141,0.000794971478172,-0.00271224486642,-0.000142245931784,0.00230940873735,-0.00211379583925,-0.00402138754725,0.0179959274828,-0.00982694886625,0.00364649458788,0.00273803970776,-0.00112679519225],[-0.000468312384328,0.00243417755701,-0.00130246207118,-0.000321454339428,-0.00219672475941,0.0015962930629,0.00238303374499,-0.000578452774789,-0.00982694886625,0.0252010505646,-0.0082313651219,-0.000872300355695,0.00237616989762],[0.000835654267576,-0.00292832963169,0.00171693740413,-0.000238476510276,0.00159886234906,-0.00253576063551,0.00157961854711,-0.00270743155852,0.00364649458788,-0.0082313651219,0.0218105111271,-0.0107678854838,0.00299797649495],[-0.000839971064124,0.00412810454145,-0.00156151899137,0.0000378756849386,-0.00173180596903,0.00274889310822,-0.00532866409048,0.0043155872263,0.00273803970776,-0.000872300355695,-0.0107678854838,0.0305486675352,-0.0165246911347],[0.000574598438106,-0.00223541818559,0.00157525297254,-0.0026247696951,0.00111540849321,-0.000259265856585,0.00302898790687,-0.00281195691787,-0.00112679519225,0.00237616989762,0.00299797649495,-0.0165246911347,0.0290988646448]],"mean":[31.8425197601,77.7701797485,-128.12097168,51.5187911987,-54.522819519,15.1323451996,-28.4552497864,5.18282365799,-22.022567749,-0.877061128616,-19.8576850891,-4.5992898941,-13.1189317703]},"hfc":{"dmean":6.36206293106,"dmean2":10.3235940933,"dvar":76.6940078735,"dvar2":198.714523315,"max":114.213279724,"mean":31.812582016,"median":32.4745864868,"min":1.09455900315e-16,"var":300.200195312},"melbands":{"dmean":[0.00139035622124,0.00171347241849,0.00097868219018,0.000426957849413,0.000216603410081,0.000182932752068,0.000165390156326,0.0000867676135385,0.000137186885695,0.000134628338856,0.0000965617145994,0.0000672028108966,0.0000473962027172,0.0000539703869435,0.0000525498726347,0.0000369664521713,0.0000347696368408,0.0000255209397437,0.000031530205888,0.0000194422154891,0.0000238738612097,0.0000193190753635,0.0000168242222571,0.0000112667485155,0.0000121520124594,0.0000115071225082,0.0000152323518705,0.00000932066541282,0.00000710806943971,0.00000542422412764,0.00000531779096491,0.00000508659968546,0.00000316522391586,0.00000272575539384,0.00000200496128855,0.00000143370778005,0.00000163555773725,9.64178298091e-7,6.73343379276e-7,5.07583365561e-7],"dmean2":[0.00247026537545,0.00298248743638,0.00164370727725,0.000713813060429,0.000353521521902,0.000290200288873,0.000267466239166,0.000140734016895,0.000198390174774,0.000208463010495,0.000151402535266,0.000105000624899,0.0000746133446228,0.0000846111870487,0.0000834862803458,0.0000585209163546,0.0000543677670066,0.0000409166459576,0.0000497732398799,0.0000317337762681,0.0000392148904211,0.00003205617395,0.0000272190445685,0.0000185226781468,0.0000209053705476,0.0000191973049368,0.0000256190705841,0.0000159737501235,0.0000125636033772,0.00000949869445321,0.00000916482167668,0.00000883063876245,0.00000530952002009,0.00000440366147814,0.00000316684668178,0.00000221522896027,0.00000250776679422,0.00000146336628859,0.00000103219929315,7.58530859457e-7],"dvar":[0.000012804477592,0.000013876232515,0.00000231348099078,9.17017814572e-7,2.49112275696e-7,2.10188090932e-7,2.02577382424e-7,4.16417513804e-8,9.29415975293e-8,8.22574506287e-8,5.56329666779e-8,3.08221466128e-8,9.23196274982e-9,1.30054180758e-8,9.90971571468e-9,6.65148558454e-9,5.38056932342e-9,1.92892235518e-9,3.6555070082e-9,8.41954339581e-10,1.03974984178e-9,6.58427312672e-10,6.9851596729e-10,2.33053354393e-10,3.12286613235e-10,2.81242334976e-10,4.42724495953e-10,1.5006011711e-10,1.18696455442e-10,8.62102333965e-11,6.79793790703e-11,5.46231740395e-11,2.53035231657e-11,2.37652866136e-11,1.73218366734e-11,8.62364520071e-12,1.22267907604e-11,4.39590204515e-12,2.1994613162e-12,1.94534991414e-12],"dvar2":[0.0000350628215529,0.0000390789427911,0.00000625720485914,0.00000238944403463,6.41174892735e-7,5.01179840739e-7,4.80573987716e-7,1.01846012512e-7,1.85153623988e-7,2.06991003893e-7,1.3096764917e-7,7.35942364827e-8,2.25029115342e-8,3.05276550705e-8,2.39980035843e-8,1.55737751584e-8,1.26166810333e-8,4.48311388013e-9,8.38516367452e-9,2.08275929836e-9,2.6375941431e-9,1.67404379248e-9,1.6890959742e-9,5.89155613184e-10,8.59052551316e-10,7.19092396739e-10,1.15907705656e-9,4.19687090636e-10,3.43411299397e-10,2.46423048633e-10,1.92335605775e-10,1.54396898044e-10,6.557607235e-11,5.67479292723e-11,3.70206088007e-11,1.82234487917e-11,2.59487362153e-11,8.65582518855e-12,4.37944992771e-12,3.81801751673e-12],"max":[0.0287513323128,0.0293642133474,0.019338209182,0.0105234617367,0.0111960275099,0.00926504191011,0.00916878692806,0.00563859893009,0.00856228917837,0.0056050051935,0.00562491826713,0.00479601835832,0.00178043788765,0.0027970073279,0.00201525934972,0.00174591003451,0.00159372074995,0.000935277552344,0.00138500868343,0.000848032475915,0.000665293075144,0.000417225412093,0.000603356747888,0.00021265365649,0.000219043387915,0.000392915826524,0.000449568673503,0.000197441404453,0.000155187415658,0.000240438428591,0.000137917188113,0.000112357345643,0.0000858358544065,0.000108411499241,0.0000664107719786,0.0000593595468672,0.0000772394923843,0.0000474208281958,0.0000314983917633,0.0000391936555388],"mean":[0.00138145126402,0.0024960746523,0.00163104955573,0.000593621167354,0.000343547202647,0.000276425620541,0.000225417592446,0.000135679918458,0.000418609182816,0.000290177238639,0.000165625024238,0.000122183628264,0.0000890535666258,0.0000981006378424,0.0000933223273023,0.0000636443364783,0.0000604597044003,0.000048169906222,0.0000588923794567,0.0000398302800022,0.0000518500673934,0.0000424822246714,0.0000345135849784,0.0000234839881159,0.0000229442066484,0.0000250080247497,0.0000317086087307,0.0000216288754018,0.0000149177494677,0.0000119213636935,0.0000124299513118,0.0000114837657748,0.00000731116369934,0.00000618464855506,0.00000425679627369,0.00000325139285451,0.00000347419722857,0.00000214817237065,0.00000147358696267,0.00000102955800685],"median":[0.00058260379592,0.00159208988771,0.00116432690993,0.000340781349223,0.000182025221875,0.000141334021464,0.0000939311939874,0.0000605810419074,0.0000857263585203,0.000101015852124,0.0000614107702859,0.0000503562368976,0.0000479352856928,0.0000460320297861,0.0000462088828499,0.0000306485708279,0.0000320010876749,0.0000317128287861,0.0000298618469969,0.0000289516574412,0.0000387510990549,0.0000318849997711,0.0000231845151575,0.0000167033576872,0.0000182817020686,0.0000192102343135,0.0000249917575275,0.0000193056766875,0.000013420911273,0.0000104579821709,0.0000111612589535,0.0000103633192339,0.00000608935079072,0.00000440945132141,0.0000025384933906,0.00000192737070392,0.00000189113359284,0.00000115799718969,7.97264419816e-7,4.8344810466e-7],"min":[2.40267882132e-24,8.42040385425e-24,3.50321373981e-24,3.3705072196e-24,3.48078602985e-24,1.82238248425e-24,2.49003846125e-24,5.325359763e-24,6.39424893464e-24,4.54446280305e-24,3.83790651708e-24,4.04862230892e-24,4.1875040323e-24,5.63009318081e-24,4.72859674339e-24,5.50846739531e-24,5.99182850435e-24,5.30485805694e-24,5.59166697726e-24,4.24637711608e-24,4.86410648083e-24,5.05365674015e-24,5.54943057553e-24,6.67920797614e-24,9.14947699146e-24,6.52156753486e-24,6.49632438033e-24,6.62300400322e-24,8.07195294836e-24,9.17242811064e-24,7.15280614261e-24,8.75996035343e-24,6.35288264649e-24,7.61200996415e-24,7.74293878631e-24,4.71644552444e-24,7.65075644523e-24,6.34443157961e-24,6.21409440313e-24,6.21888831085e-24],"var":[0.00000872533473739,0.0000108312706288,0.00000276614696304,8.65559741214e-7,2.89780274443e-7,2.48461532237e-7,2.55948151562e-7,6.50774296673e-8,0.00000105738399725,2.27891490567e-7,1.08375616037e-7,7.86291138866e-8,1.96718090706e-8,2.98890334705e-8,1.98437355436e-8,1.2245308767e-8,9.55685930393e-9,3.6561595973e-9,8.63002558305e-9,2.04963690464e-9,2.55508969538e-9,1.67464164758e-9,1.48065759653e-9,5.42028311123e-10,4.24338314486e-10,5.83376014163e-10,9.15873099583e-10,2.93063601164e-10,1.56968632536e-10,1.1815257106e-10,1.16438650388e-10,9.44403791281e-11,5.03417724174e-11,5.47368608772e-11,4.29778018729e-11,2.51344500768e-11,3.29259883247e-11,1.36511774107e-11,6.59391465041e-12,4.94147214467e-12]},"melbands_crest":{"dmean":3.33680129051,"dmean2":5.56417036057,"dvar":9.3716173172,"dvar2":25.6642189026,"max":31.3313808441,"mean":13.7194948196,"median":13.2905807495,"min":1.0017696619,"var":22.7069606781},"melbands_flatness_db":{"dmean":0.0247091110796,"dmean2":0.0394345931709,"dvar":0.000771245278884,"dvar2":0.00194196833763,"max":0.477534592152,"mean":0.153826415539,"median":0.139247506857,"min":8.49927573654e-7,"var":0.00381942722015},"melbands_kurtosis":{"dmean":6.30951452255,"dmean2":10.2273750305,"dvar":162.743865967,"dvar2":391.797790527,"max":315.052947998,"mean":11.068148613,"median":4.94004583359,"min":-1.86396837234,"var":443.754669189},"melbands_skewness":{"dmean":0.72190028429,"dmean2":1.16184818745,"dvar":0.810032427311,"dvar2":2.11055183411,"max":13.5892190933,"mean":2.53350090981,"median":2.14547276497,"min":-2.0957903862,"var":2.51964950562},"melbands_spread":{"dmean":9.09658813477,"dmean2":14.3280286789,"dvar":105.820121765,"dvar2":253.930435181,"max":235.080490112,"mean":35.8884925842,"median":33.7373886108,"min":0.60031747818,"var":451.406036377},"mfcc":{"cov":[[6954.10009766,-189.632232666,190.327667236,-269.3878479,-127.29221344,-32.7416305542,11.7736234665,129.851760864,76.3973312378,69.9957199097,-80.8159332275,60.6217460632,-83.4725036621],[-189.632232666,979.497070312,-310.943572998,280.315582275,-39.6140708923,99.342300415,8.20911693573,-6.77307319641,16.938999176,-48.9778900146,39.6346664429,-43.9528236389,4.84560537338],[190.327667236,-310.943572998,481.17010498,-45.5135002136,110.51574707,25.5931625366,15.8104400635,12.9313220978,4.04414653778,33.0289459229,-19.1791744232,31.2966995239,5.33264112473],[-269.3878479,280.315582275,-45.5135002136,314.258300781,38.9865341187,94.6892776489,-34.7276420593,-26.6913948059,34.0129356384,-28.0059528351,16.130821228,-19.4950695038,45.1023635864],[-127.29221344,-39.6140708923,110.51574707,38.9865341187,220.667602539,41.0454139709,6.92715358734,-13.6815671921,3.11275219917,33.1379318237,13.4381561279,8.15399265289,7.18778944016],[-32.7416305542,99.342300415,25.5931625366,94.6892776489,41.0454139709,169.185760498,40.5423927307,21.6201648712,21.2517471313,-14.741812706,12.2996730804,-3.64843416214,3.45361375809],[11.7736234665,8.20911693573,15.8104400635,-34.7276420593,6.92715358734,40.5423927307,126.99356842,63.9075164795,-1.26496815681,2.8089556694,5.49660873413,12.8678073883,-7.52986478806],[129.851760864,-6.77307319641,12.9313220978,-26.6913948059,-13.6815671921,21.6201648712,63.9075164795,96.5954208374,30.29596138,13.5474739075,1.3974044323,12.4375238419,-8.92246055603],[76.3973312378,16.938999176,4.04414653778,34.0129356384,3.11275219917,21.2517471313,-1.26496815681,30.29596138,87.7847518921,29.4366512299,10.9607582092,6.56546354294,4.48643541336],[69.9957199097,-48.9778900146,33.0289459229,-28.0059528351,33.1379318237,-14.741812706,2.8089556694,13.5474739075,29.4366512299,83.9853668213,28.8780460358,16.6962413788,-7.83917856216],[-80.8159332275,39.6346664429,-19.1791744232,16.130821228,13.4381561279,12.2996730804,5.49660873413,1.3974044323,10.9607582092,28.8780460358,63.1153793335,20.8076534271,0.093164101243],[60.6217460632,-43.9528236389,31.2966995239,-19.4950695038,8.15399265289,-3.64843416214,12.8678073883,12.4375238419,6.56546354294,16.6962413788,20.8076534271,57.5322265625,17.5623550415],[-83.4725036621,4.84560537338,5.33264112473,45.1023635864,7.18778944016,3.45361375809,-7.52986478806,-8.92246055603,4.48643541336,-7.83917856216,0.093164101243,17.5623550415,64.432434082]],"icov":[[0.000164435405168,-0.0000470886952826,-0.0000629640271654,0.000121928096632,0.00010327497148,-0.0000785377706052,0.000152600754518,-0.000152177832206,-0.0000908008441911,-0.000148148916196,0.00035099836532,-0.00028666324215,0.000191805534996],[-0.0000470886952826,0.00188171456102,0.000991329899989,-0.00162475346588,0.000108225351141,-0.000179465612746,-0.000588254653849,-0.0000483744443045,0.000232641759794,0.000321239698678,-0.000808318087365,0.000481422321172,0.000667689891998],[-0.0000629640271654,0.000991329899989,0.00322485528886,-0.000409830565332,-0.00120937929023,-0.000769551901612,-0.0000782427669037,-0.00015177844034,0.000299816107145,-0.000744050892536,0.00153207557742,-0.00134954880923,0.000264086644165],[0.000121928096632,-0.00162475346588,-0.000409830565332,0.00710116932169,-0.000880011881236,-0.00265798345208,0.00220078858547,0.000603927881457,-0.00235310848802,0.00163093837909,-0.00131139426958,0.00217628316022,-0.00430426886305],[0.00010327497148,0.000108225351141,-0.00120937929023,-0.000880011881236,0.00618007965386,-0.00126889033709,-0.00080021424219,0.00165063666645,0.000811557285488,-0.00308215292171,0.000168813639903,-0.0000399009222747,-0.0000654660398141],[-0.0000785377706052,-0.000179465612746,-0.000769551901612,-0.00265798345208,-0.00126889033709,0.00940932333469,-0.00333161721937,-0.000413723901147,-0.00185521412641,0.00306504010223,-0.0021419019904,0.000767922552768,0.00132245442364],[0.000152600754518,-0.000588254653849,-0.0000782427669037,0.00220078858547,-0.00080021424219,-0.00333161721937,0.0146864773706,-0.00978853274137,0.00367792788893,0.000214823026909,-0.000613251468167,-0.0011739426991,-0.000572541670408],[-0.000152177832206,-0.0000483744443045,-0.00015177844034,0.000603927881457,0.00165063666645,-0.000413723901147,-0.00978853274137,0.0203491710126,-0.00708827609196,-0.00094335078029,0.00220481888391,-0.00236267107539,0.00192791048903],[-0.0000908008441911,0.000232641759794,0.000299816107145,-0.00235310848802,0.000811557285488,-0.00185521412641,0.00367792788893,-0.00708827609196,0.0174875482917,-0.00670025777072,0.000528951175511,-0.000130842003273,-0.00105356960557],[-0.000148148916196,0.000321239698678,-0.000744050892536,0.00163093837909,-0.00308215292171,0.00306504010223,0.000214823026909,-0.00094335078029,-0.00670025777072,0.0206983294338,-0.00916667934507,-0.000352280272637,0.00187194009777],[0.00035099836532,-0.000808318087365,0.00153207557742,-0.00131139426958,0.000168813639903,-0.0021419019904,-0.000613251468167,0.00220481888391,0.000528951175511,-0.00916667934507,0.0255114324391,-0.0103925140575,0.00328000984155],[-0.00028666324215,0.000481422321172,-0.00134954880923,0.00217628316022,-0.0000399009222747,0.000767922552768,-0.0011739426991,-0.00236267107539,-0.000130842003273,-0.000352280272637,-0.0103925140575,0.0272040460259,-0.00975408405066],[0.000191805534996,0.000667689891998,0.000264086644165,-0.00430426886305,-0.0000654660398141,0.00132245442364,-0.000572541670408,0.00192791048903,-0.00105356960557,0.00187194009777,0.00328000984155,-0.00975408405066,0.0218010358512]],"mean":[-599.098999023,97.099319458,-8.83844852448,35.2773971558,0.0896915122867,13.6885385513,2.44565320015,6.3354845047,3.22945284843,2.72870087624,-1.75253582001,-1.24307358265,-1.22802174091]},"pitch_salience":{"dmean":0.072964027524,"dmean2":0.121607191861,"dvar":0.00538033200428,"dvar2":0.0149612883106,"max":0.996068954468,"mean":0.568861305714,"median":0.577411055565,"min":0.145569339395,"var":0.0110381217673},"silence_rate_20dB":{"dmean":0,"dmean2":0,"dvar":0,"dvar2":0,"max":1,"mean":1,"median":1,"min":1,"var":0},"silence_rate_30dB":{"dmean":0.000208724697586,"dmean2":0.000417492963606,"dvar":0.000208653669688,"dvar2":0.000625955290161,"max":1,"mean":0.999895632267,"median":1,"min":0,"var":0.000104333696072},"silence_rate_60dB":{"dmean":0.00354831968434,"dmean2":0.00709738023579,"dvar":0.00353516824543,"dvar2":0.00830115191638,"max":1,"mean":0.0308880303055,"median":0,"min":0,"var":0.029934482649},"spectral_centroid":{"dmean":263.529724121,"dmean2":411.935394287,"dvar":75106.9921875,"dvar2":172650.53125,"max":11528.6962891,"mean":1971.81347656,"median":2041.33691406,"min":163.349533081,"var":448717.8125},"spectral_complexity":{"dmean":4.32498455048,"dmean2":6.97839450836,"dvar":17.2402591705,"dvar2":40.4185180664,"max":59,"mean":32.3728485107,"median":36,"min":0,"var":165.927932739},"spectral_contrast_coeffs":{"dmean":[0.0510306358337,0.0459010265768,0.0372116975486,0.0281594302505,0.0200517121702,0.0172132700682],"dmean2":[0.0843176543713,0.0744246989489,0.0603598840535,0.046169385314,0.0330403745174,0.0271862596273],"dvar":[0.00180108903442,0.00148057204206,0.000951170222834,0.000496444350574,0.000274693273241,0.000264858361334],"dvar2":[0.00480743544176,0.00371250626631,0.00236252951436,0.00128017016686,0.000665626605041,0.0005893719499],"max":[-0.291103422642,-0.364391565323,-0.455143213272,-0.49493432045,-0.548774957657,-0.537377238274],"mean":[-0.635781347752,-0.747866094112,-0.777205824852,-0.790692925453,-0.794860899448,-0.70880228281],"median":[-0.638113319874,-0.761084914207,-0.784101009369,-0.794711709023,-0.797349095345,-0.707128763199],"min":[-0.978368639946,-0.996206879616,-0.998289585114,-0.988184273243,-0.996804594994,-0.961000621319],"var":[0.00519931828603,0.00675824703649,0.00426465459168,0.00197958853096,0.0013212421909,0.00265173520893]},"spectral_contrast_valleys":{"dmean":[0.389901012182,0.336527138948,0.289067685604,0.240233123302,0.209068670869,0.217837586999],"dmean2":[0.633103013039,0.548893213272,0.459704041481,0.380680501461,0.332987159491,0.31757158041],"dvar":[0.113962940872,0.0924624800682,0.068631991744,0.0549896582961,0.065800242126,0.0830856859684],"dvar2":[0.272126704454,0.218570023775,0.148278832436,0.10795532167,0.137238264084,0.157961890101],"max":[-5.12961864471,-4.61515808105,-5.2985367775,-5.85727596283,-5.4367351532,-7.54152345657],"mean":[-7.10401296616,-6.66492128372,-7.10804224014,-7.14240312576,-6.76802158356,-9.78761100769],"median":[-6.89838552475,-6.47397327423,-6.9074215889,-6.93723630905,-6.49106788635,-9.38660430908],"min":[-27.5872936249,-27.5742435455,-27.5721931458,-27.4042015076,-27.4876174927,-27.4046974182],"var":[1.72988629341,1.4282989502,1.46963632107,1.29517877102,1.30444562435,1.895003438]},"spectral_decrease":{"dmean":2.93175750343e-9,"dmean2":4.86396167787e-9,"dvar":2.30613488004e-17,"dvar2":6.08828158071e-17,"max":6.68173854751e-19,"mean":-7.72738850685e-9,"median":-6.68551125571e-9,"min":-3.86234013661e-8,"var":2.57985324608e-17},"spectral_energy":{"dmean":0.0114068863913,"dmean2":0.0188968814909,"dvar":0.00034024938941,"dvar2":0.000895590172149,"max":0.149325758219,"mean":0.0320504158735,"median":0.0283740498126,"min":1.01354860509e-20,"var":0.000399341544835},"spectral_energyband_high":{"dmean":0.000572329561692,"dmean2":0.000946530955844,"dvar":8.73500084708e-7,"dvar2":0.00000221323762162,"max":0.0133198313415,"mean":0.00198719277978,"median":0.0018284174148,"min":7.03248519615e-21,"var":0.00000271889302894},"spectral_energyband_low":{"dmean":0.00828009005636,"dmean2":0.0143899489194,"dvar":0.000301526248222,"dvar2":0.000825362745672,"max":0.129447102547,"mean":0.0125379543751,"median":0.00862623099238,"min":4.09859025749e-23,"var":0.000237698768615},"spectral_energyband_middle_high":{"dmean":0.00176311086398,"dmean2":0.00273037073202,"dvar":0.00000439015411757,"dvar2":0.0000104317487057,"max":0.0381647534668,"mean":0.00737519469112,"median":0.00684151006863,"min":1.37782571924e-21,"var":0.0000235038041865},"spectral_energyband_middle_low":{"dmean":0.00495374994352,"dmean2":0.00786024518311,"dvar":0.0000611838331679,"dvar2":0.000147566985106,"max":0.085963755846,"mean":0.0121871596202,"median":0.00906286947429,"min":2.08729111912e-22,"var":0.000112599613203},"spectral_entropy":{"dmean":0.0957583263516,"dmean2":0.140712633729,"dvar":0.0137998759747,"dvar2":0.0248936992139,"max":9.805352211,"mean":7.90248680115,"median":7.96579170227,"min":5.72629070282,"var":0.109374821186},"spectral_flux":{"dmean":0.0271894205362,"dmean2":0.0422667190433,"dvar":0.00127370620612,"dvar2":0.0023176651448,"max":0.338598251343,"mean":0.0959888696671,"median":0.0847814753652,"min":6.59447565998e-11,"var":0.00271964818239},"spectral_kurtosis":{"dmean":0.898211836815,"dmean2":1.53745412827,"dvar":1.23682141304,"dvar2":3.55440163612,"max":31.307056427,"mean":2.62295198441,"median":2.23918151855,"min":-1.23860168457,"var":2.9041287899},"spectral_rms":{"dmean":0.000872542208526,"dmean2":0.00140600965824,"dvar":0.00000136996322908,"dvar2":0.0000034780975966,"max":0.0120699489489,"mean":0.00532539840788,"median":0.00526136858389,"min":3.14456338572e-12,"var":0.00000290881371257},"spectral_rolloff":{"dmean":670.976013184,"dmean2":1094.88415527,"dvar":760271.1875,"dvar2":1661497,"max":19810.546875,"mean":2357.21704102,"median":2239.453125,"min":86.1328125,"var":3670041.25},"spectral_skewness":{"dmean":0.141672074795,"dmean2":0.234958812594,"dvar":0.0230652857572,"dvar2":0.0593427792192,"max":3.41166257858,"mean":1.03660738468,"median":0.998339235783,"min":-0.0843797847629,"var":0.0856117978692},"spectral_spread":{"dmean":349310.6875,"dmean2":494106.03125,"dvar":373437333504,"dvar2":626480250880,"max":42319528,"mean":4441734.5,"median":4265650.5,"min":1836596.875,"var":2234131677180},"spectral_strongpeak":{"dmean":0.514886796474,"dmean2":0.894321203232,"dvar":0.757216095924,"dvar2":1.99812817574,"max":12.2390861511,"mean":0.86978495121,"median":0.403581857681,"min":0,"var":1.31537532806},"zerocrossingrate":{"dmean":0.0102122221142,"dmean2":0.0123299555853,"dvar":0.000134812260512,"dvar2":0.000151190295583,"max":0.5185546875,"mean":0.0816757529974,"median":0.07763671875,"min":0.00634765625,"var":0.00209922785871}},"metadata":{"audio_properties":{"analysis_sample_rate":44100,"bit_rate":286667,"codec":"mp3","downmix":"mix","equal_loudness":0,"length":222.484893799,"lossless":false,"md5_encoded":"2c99aba3fdb81d1a1af541d150c2bb33","replay_gain":-4.98538017273,"sample_rate":44100},"tags":{"acoustid_id":["b165ae85-876a-406f-a5e7-ff2fa17ab23a"],"album":["Appeal to Reason"],"albumartist":["Rise Against"],"albumartistsort":["Rise Against"],"artist":["Rise Against"],"artists":["Rise Against"],"artistsort":["Rise Against"],"asin":["B001FBSMMQ"],"barcode":["602517826625"],"catalognumber":["B0011904-02"],"date":["2008-10-07"],"file_name":"03 - Re‐Education (Through Labor).mp3","isrc":["USUM70828859"],"label":["Interscope Records"],"media":["CD"],"musicbrainz album release country":["US"],"musicbrainz album status":["official"],"musicbrainz album type":["album"],"musicbrainz release track id":["b4cc56d1-8df2-360e-9c8a-bd9cd0d35d00"],"musicbrainz_albumartistid":["606bf117-494f-4864-891f-09d63ff6aa4b"],"musicbrainz_albumid":["e58575b5-514e-4abb-9847-a6bb9cfa3fdc"],"musicbrainz_artistid":["606bf117-494f-4864-891f-09d63ff6aa4b"],"musicbrainz_recordingid":["d738b02d-91e0-4139-8192-a374473ee41c"],"musicbrainz_releasegroupid":["0b0e4477-4b04-3683-8f01-3a4544c36b41"],"originaldate":["2008"],"script":["Latn"],"title":["Re‐Education (Through Labor)"],"tracknumber":["3/13"]},"version":{"essentia":"2.1-beta1","essentia_build_sha":"65e368e5454dd45657e4cc002e00185f437e13e1","essentia_git_sha":"v2.1_beta1-28-g21ef5f4","extractor":"music 1.0"}},"rhythm":{"beats_count":547,"beats_loudness":{"dmean":0.0122605320066,"dmean2":0.0213135648519,"dvar":0.0000921828614082,"dvar2":0.00026766967494,"max":0.0778680145741,"mean":0.0378819666803,"median":0.0386800132692,"min":1.00856691054e-10,"var":0.000232548642089},"beats_loudness_band_ratio":{"dmean":[0.136068627238,0.0899163484573,0.0979878231883,0.067759647