{"lowlevel":{"average_loudness":0.940002560616,"barkbands":{"dmean":[0.000580694817472,0.00691613694653,0.00462030107155,0.00205252482556,0.00145621562842,0.000795432773884,0.000611696799751,0.000675990362652,0.000619553786237,0.000430927058915,0.000428042723797,0.000571774377022,0.000452674779808,0.000605215434916,0.000693069421686,0.000552122131921,0.000737878202926,0.000162399213878,0.00017944285355,0.000122219062177,0.000129430161905,0.000100828096038,0.0000503182527609,0.0000698721851222,0.0000561012129765,0.000029665972761,0.000019759461793],"dmean2":[0.000961118319537,0.0121961617842,0.00828331895173,0.00361875793897,0.00246465019882,0.00131651887204,0.00101960741449,0.00109419692308,0.00100482732523,0.000671894522384,0.000660036865156,0.000905882043298,0.000723534845747,0.000963774102274,0.00110830145422,0.000902098661754,0.00118545128498,0.000259414868196,0.000284190522507,0.000190886363271,0.000192739185877,0.00014363900118,0.0000694794289302,0.0000965247963904,0.0000757946327212,0.0000403493831982,0.0000280613840005],"dvar":[0.00000133247908707,0.000195235974388,0.0000728293744032,0.0000127182920551,0.00000575590956942,0.00000192763832274,0.00000130025239287,0.00000153947087256,0.00000106889001472,6.40995665435e-7,3.88540200902e-7,6.40909433969e-7,5.45974955912e-7,9.10603262128e-7,8.88690635747e-7,6.26885309885e-7,0.00000138546033668,7.77447510814e-8,1.30949700861e-7,4.98726500098e-8,8.6087666773e-8,4.66240557273e-8,9.405711765e-9,2.71572488941e-8,1.76183760914e-8,5.57397550338e-9,2.54852383641e-9],"dvar2":[0.00000339956909556,0.000539142987691,0.000208333134651,0.0000355080264853,0.0000148927920236,0.00000487647776026,0.00000331167234435,0.00000392191395804,0.00000285698843072,0.00000147992989241,8.34482591472e-7,0.00000150632865825,0.00000138555935791,0.0000023488730676,0.0000022006747713,0.00000166876066032,0.00000371736064153,1.78845652954e-7,3.04440533228e-7,1.21419347465e-7,1.87540166507e-7,9.16944387086e-8,1.87923099304e-8,5.07151938223e-8,3.31657084018e-8,1.12980718114e-8,5.75148817461e-9],"max":[0.0164334941655,0.0972981452942,0.0825344324112,0.0340642295778,0.0247386675328,0.0269440896809,0.0329514369369,0.0260516535491,0.0286299474537,0.0216810945421,0.0117128556594,0.0203218944371,0.0156859476119,0.0167295765132,0.0167536139488,0.0164366271347,0.0195362046361,0.0118684265763,0.0162911023945,0.00461061811075,0.0106989145279,0.0057769343257,0.00242518913001,0.00599757721648,0.0044339010492,0.00135222729295,0.000965390412603],"mean":[0.000645375926979,0.0078672748059,0.00712261255831,0.00210459297523,0.00199571205303,0.00128160789609,0.000907618028577,0.00110497476999,0.00117616518401,0.000844521389809,0.000770812679548,0.00110208406113,0.000892403768376,0.00116357929073,0.00127598992549,0.00106171611696,0.00161490810569,0.000344676460372,0.00044113691547,0.000275021215202,0.000302535918308,0.000199400092242,0.0000980709592113,0.000151641288539,0.000100944685983,0.0000417828741774,0.0000242536243604],"median":[0.000234496241319,0.00370599655434,0.004038924817,0.00101620936766,0.00121700123418,0.000747027690522,0.000524132105056,0.000519281951711,0.000698199495673,0.000414504320361,0.000417399802245,0.000664942606818,0.000505980337039,0.000693019479513,0.000818114087451,0.000675814400893,0.000921719125472,0.000231091529713,0.000210736674489,0.000129147898406,0.000132290806505,0.0000657439450151,0.0000329330614477,0.0000540324799658,0.0000283022654912,0.00000756484314479,0.0000033359929148],"min":[8.206727073e-26,3.67339430846e-24,6.56668870231e-25,1.39322243028e-24,8.70189545764e-24,9.53469985959e-24,7.5871616345e-24,1.24163700922e-23,2.79111010507e-23,8.98312989238e-24,1.28563241299e-23,2.69949495499e-23,2.64973203136e-23,3.42163495148e-23,5.63913936436e-23,7.77170617694e-23,6.19750142396e-23,1.29234879051e-22,1.66252246449e-22,2.00628305587e-22,2.74371553121e-22,3.05659341723e-22,4.21557044113e-22,6.20730235807e-22,8.59566975162e-22,1.35149336552e-21,1.95679206838e-21],"var":[0.00000139793053222,0.000159021597938,0.0000793499129941,0.0000103983247755,0.00000611577070231,0.00000308454355036,0.00000186448210115,0.00000300071428683,0.00000244188504439,0.0000019579297259,0.00000102427634374,0.00000180346194156,0.00000146886770835,0.00000203087893169,0.00000203847093871,0.00000145454873746,0.00000416978400608,1.91556537743e-7,5.23838934896e-7,1.71121769199e-7,2.9342606922e-7,1.51811320848e-7,3.0649385252e-8,1.0180963983e-7,5.17155207547e-8,9.41227273898e-9,3.65091912258e-9]},"barkbands_crest":{"dmean":2.59071540833,"dmean2":4.30750274658,"dvar":7.81014299393,"dvar2":21.9125099182,"max":24.455657959,"mean":8.42508792877,"median":7.57601070404,"min":1.68390524387,"var":13.4103755951},"barkbands_flatness_db":{"dmean":0.0210026670247,"dmean2":0.0313191264868,"dvar":0.000448931590654,"dvar2":0.00111686380114,"max":0.375124871731,"mean":0.10885708034,"median":0.100746966898,"min":0.0114174271002,"var":0.00235135667026},"barkbands_kurtosis":{"dmean":1.74329137802,"dmean2":2.99339079857,"dvar":12.4561023712,"dvar2":33.9063148499,"max":42.3847541809,"mean":0.519679367542,"median":-0.452335119247,"min":-1.83814883232,"var":10.2403745651},"barkbands_skewness":{"dmean":0.534548282623,"dmean2":0.854014337063,"dvar":0.421794503927,"dvar2":1.05923855305,"max":5.94966506958,"mean":0.830333948135,"median":0.730983614922,"min":-3.2778532505,"var":0.806977331638},"barkbands_spread":{"dmean":6.04262065887,"dmean2":9.36046028137,"dvar":42.0680198669,"dvar2":97.4455566406,"max":112.081687927,"mean":29.5054264069,"median":28.522518158,"min":2.28709864616,"var":135.876861572},"dissonance":{"dmean":0.0130151519552,"dmean2":0.0221733935177,"dvar":0.000163534772582,"dvar2":0.000457825168269,"max":0.5,"mean":0.476970434189,"median":0.480872005224,"min":0.259895652533,"var":0.000278882682323},"dynamic_complexity":2.24435138702,"erbbands":{"dmean":[0.170764118433,1.70248651505,4.96621131897,6.14636993408,6.57042789459,3.94541287422,5.29587602615,7.54572296143,7.82174730301,10.6389923096,14.5975599289,13.1589164734,16.2545814514,10.6467056274,16.283405304,23.6487369537,18.5534286499,28.2546138763,27.6313781738,41.2065963745,34.9316978455,32.9452133179,12.0659179688,7.49786567688,9.28831005096,5.34021854401,4.78253364563,5.3160982132,3.73323559761,2.38972854614,1.37588763237,1.55785107613,1.11697745323,0.762445449829,0.301626235247,0.140268057585,0.053670976311,0.018239589408,0.00307011255063,0.00021151737019],"dmean2":[0.307298064232,2.98712658882,8.82969665527,11.01658535,11.2824993134,6.8729557991,8.98391437531,12.4626274109,13.1062116623,17.2221012115,23.6227340698,21.4770832062,25.1441860199,17.1079311371,25.1299800873,37.1832313538,29.2915439606,44.824420929,44.4938621521,66.8104248047,56.6318702698,52.3025474548,19.2162246704,11.8680782318,14.5773363113,8.3019618988,7.21392631531,7.91885566711,5.31207466125,3.27345943451,1.91272473335,2.19677948952,1.55197584629,1.05532884598,0.405678749084,0.189398393035,0.0745642930269,0.0259936228395,0.00440776534379,0.000294762052363],"dvar":[0.146700128913,11.0869150162,81.1653137207,129.196304321,152.67590332,36.8506965637,69.9217376709,213.251419067,213.264251709,410.514709473,716.60369873,533.236633301,829.138671875,201.929534912,429.206573486,1208.83483887,849.991760254,2149.75024414,2104.90136719,3945.28051758,2623.92480469,2536.20629883,360.565856934,266.614135742,315.045898438,84.555809021,115.636489868,153.861938477,72.4735565186,20.9825077057,7.46206378937,12.6234207153,7.98003101349,4.12998914719,0.42880526185,0.116068840027,0.0187793206424,0.00217333529145,0.0000632424344076,2.77925636283e-7],"dvar2":[0.410693138838,30.8559246063,231.477813721,369.083709717,391.71105957,101.066825867,184.00718689,533.379760742,540.901794434,1032.62121582,1797.50073242,1439.71118164,1932.70776367,500.391876221,948.561889648,2742.25292969,2074.00170898,5679.28857422,5393.30224609,9901.12695312,7007.16308594,6659.97119141,882.721374512,593.603881836,768.035461426,197.385375977,265.165374756,341.96685791,146.715301514,40.3862915039,14.9424982071,24.7345409393,15.2673244476,7.7203912735,0.808963119984,0.231674492359,0.0391922257841,0.00482165627182,0.000146095044329,6.15186706909e-7],"max":[2.69061136246,23.2042865753,90.0853652954,117.908126831,134.630813599,83.7326507568,147.651596069,240.775054932,213.69493103,746.477966309,575.224243164,635.243652344,746.638366699,266.416107178,403.261077881,928.375671387,855.655029297,868.017822266,827.015380859,1295.38574219,1053.51550293,1232.32495117,581.477111816,698.613342285,678.296447754,219.907333374,372.189239502,410.54699707,268.38092041,123.137168884,66.7495727539,122.61806488,87.0426712036,75.1809921265,12.2003660202,6.3857178688,2.71758770943,0.896903991699,0.154073983431,0.00949899572879],"mean":[0.149905756116,2.07367920876,8.03583812714,7.51530742645,7.18378210068,5.86429309845,8.15566062927,11.5282812119,11.2806310654,17.9570083618,25.6920318604,25.4310951233,34.3775405884,22.0286140442,33.9541091919,48.4815559387,40.4479217529,57.5588264465,56.0793952942,75.5773391724,75.459564209,76.6039581299,29.0259170532,19.490114212,22.4932880402,12.7013444901,11.1630678177,11.6914844513,7.49340438843,4.40363359451,2.72989988327,3.17962670326,2.39299654961,1.45903193951,0.50360840559,0.205139428377,0.07346765697,0.023009782657,0.00373849761672,0.000289762887405],"median":[0.0433868169785,1.13639080524,5.31708431244,4.00139904022,3.38321113586,3.90084123611,4.93466186523,6.03793764114,6.29003190994,10.3659238815,13.0948925018,16.4690265656,18.8696231842,15.8057928085,23.6346282959,29.8116455078,24.212305069,36.4488182068,31.7976875305,47.6498298645,49.4961853027,44.9342460632,19.4512042999,10.7955284119,10.3871259689,6.70288801193,5.27789449692,4.9889793396,2.55791759491,1.1717864275,0.982684731483,1.16794097424,0.807410240173,0.421960502863,0.130501374602,0.0400536432862,0.0129490271211,0.00387690612115,0.000533086422365,0.000077765151218],"min":[1.07584332761e-22,1.17174142444e-21,8.57310504807e-22,4.85774779809e-21,1.37674891022e-20,2.96390801134e-20,6.41733892426e-20,6.51014212664e-20,1.35529006798e-19,3.28580127544e-19,3.7123496245e-19,5.94070827877e-19,5.02786639294e-19,7.74976572011e-19,7.86072993133e-19,1.33798407955e-18,1.46652225987e-18,1.63869742283e-18,3.87949237572e-18,3.32473708046e-18,4.63942858114e-18,3.92594063506e-18,7.24598718786e-18,7.13884000157e-18,8.10257076247e-18,1.07924868411e-17,7.50052307005e-18,1.03782182467e-17,1.01102530872e-17,1.01527370835e-17,1.01102944463e-17,1.08287554022e-17,9.87809244062e-18,8.19007406357e-18,6.45669434249e-18,4.59938642205e-18,2.50320383675e-18,9.62383697265e-19,2.55425902681e-19,2.904867672e-20],"var":[0.1055758968,9.2505903244,84.8419799805,107.289619446,140.51763916,42.9496421814,103.77494812,323.200164795,266.155883789,709.949829102,1398.99145508,1143.37609863,2618.29272461,475.319274902,1161.63989258,3624.32397461,2736.73535156,4714.08447266,5279.31494141,7628.50097656,6530.81054688,8273.17773438,1070.60668945,1190.4732666,1138.38977051,317.00567627,376.952636719,462.747802734,231.08493042,65.6185913086,25.0320911407,43.338886261,28.1610507965,13.3320407867,1.03113138676,0.208741992712,0.0300057604909,0.00316792284139,0.0000863448440214,4.06764712579e-7]},"erbbands_crest":{"dmean":2.50013017654,"dmean2":4.08849477768,"dvar":5.33631086349,"dvar2":13.8194522858,"max":26.9145641327,"mean":8.45659923553,"median":7.75692844391,"min":2.60368084908,"var":11.7149410248},"erbbands_flatness_db":{"dmean":0.0198773089796,"dmean2":0.025944005698,"dvar":0.000376006937586,"dvar2":0.000622147461399,"max":0.449257880449,"mean":0.158590316772,"median":0.151793286204,"min":0.0487917400897,"var":0.00302845565602},"erbbands_kurtosis":{"dmean":0.797321438789,"dmean2":1.28225898743,"dvar":0.831522226334,"dvar2":2.20739793777,"max":21.9092006683,"mean":0.573214590549,"median":0.318157911301,"min":-1.53835749626,"var":1.60164451599},"erbbands_skewness":{"dmean":0.30602234602,"dmean2":0.477570861578,"dvar":0.0717399865389,"dvar2":0.175252586603,"max":1.43491077423,"mean":-0.436884284019,"median":-0.416982114315,"min":-3.17534327507,"var":0.254525005817},"erbbands_spread":{"dmean":6.55148077011,"dmean2":10.2064685822,"dvar":49.5030250549,"dvar2":118.404907227,"max":123.421150208,"mean":29.53166008,"median":27.1882247925,"min":2.20539832115,"var":133.903503418},"gfcc":{"cov":[[22889.0371094,-760.500793457,487.558898926,1722.50183105,-573.447631836,889.291687012,-239.132125854,320.562805176,-384.847961426,87.9755401611,-529.393920898,-210.507629395,-417.201599121],[-760.500793457,1595.6204834,-692.182983398,-44.3868522644,184.225219727,-162.522216797,56.7148323059,-44.5865974426,81.3296585083,-92.5525512695,129.315826416,-94.7225952148,115.252983093],[487.558898926,-692.182983398,980.749389648,132.250946045,50.4549217224,216.61555481,30.1442451477,45.0485992432,-41.4193725586,54.6007385254,-96.8054580688,78.5523376465,-101.732406616],[1722.50183105,-44.3868522644,132.250946045,503.538574219,-57.5936889648,162.690460205,23.9374427795,58.9886436462,-13.4375391006,-10.5944023132,-30.8465690613,-79.0183181763,-15.5692653656],[-573.447631836,184.225219727,50.4549217224,-57.5936889648,251.315582275,-7.51623010635,66.1632919312,31.0466804504,37.6947975159,-5.84809970856,23.5885562897,27.3969535828,4.58780527115],[889.291687012,-162.522216797,216.61555481,162.690460205,-7.51623010635,216.826370239,28.5275287628,64.2292327881,-17.7651863098,18.6227912903,-30.1521606445,-15.3139972687,-28.1309280396],[-239.132125854,56.7148323059,30.1442451477,23.9374427795,66.1632919312,28.5275287628,124.291107178,20.9596252441,21.884973526,6.41369867325,7.37221908569,-3.89141798019,-2.8636329174],[320.562805176,-44.5865974426,45.0485992432,58.9886436462,31.0466804504,64.2292327881,20.9596252441,110.087295532,19.858789444,6.91186380386,5.41937589645,-2.20440864563,-0.77492749691],[-384.847961426,81.3296585083,-41.4193725586,-13.4375391006,37.6947975159,-17.7651863098,21.884973526,19.858789444,77.2212219238,20.5657939911,22.3661441803,0.408979654312,15.9270505905],[87.9755401611,-92.5525512695,54.6007385254,-10.5944023132,-5.84809970856,18.6227912903,6.41369867325,6.91186380386,20.5657939911,63.7272567749,8.31618309021,8.67935276031,-8.54370117188],[-529.393920898,129.315826416,-96.8054580688,-30.8465690613,23.5885562897,-30.1521606445,7.37221908569,5.41937589645,22.3661441803,8.31618309021,80.4959030151,11.284702301,31.3838577271],[-210.507629395,-94.7225952148,78.5523376465,-79.0183181763,27.3969535828,-15.3139972687,-3.89141798019,-2.20440864563,0.408979654312,8.67935276031,11.284702301,88.6842651367,9.74045848846],[-417.201599121,115.252983093,-101.732406616,-15.5692653656,4.58780527115,-28.1309280396,-2.8636329174,-0.77492749691,15.9270505905,-8.54370117188,31.3838577271,9.74045848846,81.8009490967]],"icov":[[0.000104284961708,-0.0000909382724785,0.000146810314618,-0.000338932673912,0.0000654160394333,-0.000135537498863,0.000221357680857,-0.000287014758214,0.000461074756458,-0.000529324519448,0.000637761200778,-0.000397003808757,0.000390354834963],[-0.0000909382724785,0.00145806826185,0.000548983982299,0.000171926178155,-0.001179281855,-0.0000474078406114,-0.000331263116095,0.00115745770745,-0.0011463528499,0.0018825501902,-0.00168345344719,0.0015093073016,-0.000867486058269],[0.000146810314618,0.000548983982299,0.00253961444832,-0.000969634798821,-0.00106319051702,-0.00165055389516,0.00027352332836,0.000294865807518,0.000781477137934,-0.00138045637868,0.00203013932332,-0.00242575188167,0.00166713737417],[-0.000338932673912,0.000171926178155,-0.000969634798821,0.00438927253708,0.000664654595312,-0.00139722740278,-0.00103422219399,0.000244781142101,-0.00181227689609,0.0029319152236,-0.00225858972408,0.00387259107083,-0.00182851520367],[0.0000654160394333,-0.001179281855,-0.00106319051702,0.000664654595312,0.00665892846882,0.000370130408555,-0.00233657518402,-0.0020932611078,-0.00131955684628,0.00101827352773,-0.0000386979700124,-0.00192306365352,0.00105874321889],[-0.000135537498863,-0.0000474078406114,-0.00165055389516,-0.00139722740278,0.000370130408555,0.00960270594805,-0.00160402012989,-0.00388261722401,0.00232336577028,-0.00194512028247,0.000165066681802,0.00145126180723,-0.000646173430141],[0.000221357680857,-0.000331263116095,0.00027352332836,-0.00103422219399,-0.00233657518402,-0.00160402012989,0.0106551675126,-0.00056578888325,-0.000808423792478,-0.00160960946232,0.000968131877016,-0.000201620408916,0.00132796890102],[-0.000287014758214,0.00115745770745,0.000294865807518,0.000244781142101,-0.0020932611078,-0.00388261722401,-0.00056578888325,0.0140546383336,-0.00536458054557,0.00323251262307,-0.00357911433093,0.00110408186447,-0.00116197089665],[0.000461074756458,-0.0011463528499,0.000781477137934,-0.00181227689609,-0.00131955684628,0.00232336577028,-0.000808423792478,-0.00536458054557,0.0216623153538,-0.010650687851,0.00231764279306,-0.00107199384365,-0.000704152917024],[-0.000529324519448,0.0018825501902,-0.00138045637868,0.0029319152236,0.00101827352773,-0.00194512028247,-0.00160960946232,0.00323251262307,-0.010650687851,0.0255285929888,-0.00831343233585,0.00251684128307,0.000367320055375],[0.000637761200778,-0.00168345344719,0.00203013932332,-0.00225858972408,-0.0000386979700124,0.000165066681802,0.000968131877016,-0.00357911433093,0.00231764279306,-0.00831343233585,0.0227946359664,-0.00602615298703,-0.00156896235421],[-0.000397003808757,0.0015093073016,-0.00242575188167,0.00387259107083,-0.00192306365352,0.00145126180723,-0.000201620408916,0.00110408186447,-0.00107199384365,0.00251684128307,-0.00602615298703,0.0195224080235,-0.00536176236346],[0.000390354834963,-0.000867486058269,0.00166713737417,-0.00182851520367,0.00105874321889,-0.000646173430141,0.00132796890102,-0.00116197089665,-0.000704152917024,0.000367320055375,-0.00156896235421,-0.00536176236346,0.0183330066502]],"mean":[14.9132528305,91.2445678711,-129.390884399,24.8330879211,-34.6611061096,14.8959846497,-33.2604446411,8.47848796844,-15.4009475708,-0.9396494627,-15.8819322586,-4.88861131668,-7.58506393433]},"hfc":{"dmean":6.61918926239,"dmean2":9.24662494659,"dvar":59.3715591431,"dvar2":111.769096375,"max":163.305007935,"mean":29.2471122742,"median":25.4378051758,"min":1.08870269676e-16,"var":371.795684814},"melbands":{"dmean":[0.00173962092958,0.00239643314853,0.00109026953578,0.000351694878191,0.000179719412699,0.000162228374393,0.000119710617582,0.000122520767036,0.000115302325867,0.0000848942727316,0.0000823574300739,0.0000434456305811,0.0000645550753688,0.0000671821617289,0.0000455534245702,0.0000483398871438,0.000054226606153,0.000050238413678,0.0000435431684309,0.0000472148385597,0.0000486385542899,0.0000405244391004,0.0000247167845373,0.00000862389515532,0.00000643568409942,0.00000814974100649,0.00000614004284216,0.00000332685476678,0.00000291839205602,0.0000036346939396,0.00000321254174196,0.00000232370234698,0.00000188825265468,0.00000119773528695,8.22229992536e-7,8.29342354791e-7,0.00000105684569007,8.33837475511e-7,7.80153300184e-7,6.26374173862e-7],"dmean2":[0.00308654154651,0.00417878758162,0.00193304265849,0.000601549283601,0.000306093657855,0.000267266121227,0.000199830392376,0.0001977312495,0.000186731514987,0.000137984476169,0.00012767095177,0.0000704674312146,0.0000991215929389,0.000106491257611,0.0000723433040548,0.0000764835567679,0.0000861254375195,0.0000808513941593,0.0000700523523847,0.00007684060256,0.0000794655206846,0.0000645590698696,0.0000398758638767,0.000014074164028,0.0000102299818536,0.0000130403686853,0.00000973357236944,0.00000521702668266,0.00000453838492831,0.00000558612055102,0.00000490187130708,0.00000343178248841,0.00000271690237241,0.00000168694657532,0.00000119517017083,0.00000117660329124,0.00000153719850005,0.00000119039475521,0.00000112057227852,8.81444634615e-7],"dvar":[0.0000136593607749,0.0000185572953342,0.00000358437046089,3.71597792537e-7,7.52165547624e-8,9.13282676152e-8,4.80672568415e-8,4.9518444456e-8,4.15727328118e-8,1.91857232323e-8,2.1340476053e-8,3.92836696506e-9,8.30172020017e-9,8.81709105727e-9,4.69300553974e-9,6.54342535711e-9,7.98460586537e-9,7.33372251815e-9,3.49809070599e-9,4.65751837098e-9,5.67386493344e-9,3.83947984517e-9,2.23775287189e-9,2.58640581174e-10,2.19224013942e-10,3.00768771e-10,1.42980793871e-10,3.85321358154e-11,4.0526922096e-11,7.41837702378e-11,5.59042707959e-11,3.04251901451e-11,1.66506634869e-11,5.25240744995e-12,2.63281128669e-12,3.91281018003e-12,6.09164368254e-12,4.76649405709e-12,4.62054873529e-12,2.84360555936e-12],"dvar2":[0.0000377178839699,0.0000517580156156,0.0000100842198663,9.65815047493e-7,2.00042322263e-7,2.27979086276e-7,1.2155975071e-7,1.26141515011e-7,1.04840665927e-7,5.15272127188e-8,4.99202137405e-8,9.79628733688e-9,1.75160614901e-8,2.05720187552e-8,1.20081971033e-8,1.62921338642e-8,2.0926304245e-8,1.87444531008e-8,8.62261462231e-9,1.20961347605e-8,1.53875969744e-8,1.00324699659e-8,5.85992010471e-9,6.30832164283e-10,4.95340213291e-10,7.45572381611e-10,3.68578279009e-10,9.34431698685e-11,9.76365446825e-11,1.7210989578e-10,1.30998711878e-10,6.56417073475e-11,3.54806461988e-11,1.0697254714e-11,5.83138745625e-12,7.75621320642e-12,1.27335390496e-11,1.00082589785e-11,9.54015512422e-12,5.27406590622e-12],"max":[0.0243751127273,0.0369001254439,0.0166263524443,0.00697539467365,0.0053424583748,0.00515634333715,0.00337997148745,0.00673205358908,0.00406927289441,0.00341762998141,0.00388052710332,0.0011950150365,0.00183234259021,0.00172764644958,0.00204095896333,0.00170635408722,0.0015221547801,0.00143203698099,0.0010666087037,0.00127129582688,0.00140358053613,0.00176007649861,0.00102229148615,0.000735283014365,0.000632147537544,0.000739929382689,0.000268929899903,0.000144238802022,0.000216112923226,0.000251032965025,0.00024104876502,0.000195585351321,0.000105195962533,0.0000579728803132,0.0000405494829465,0.0000698962903698,0.0000874954203027,0.0000619955244474,0.0000668741558911,0.0000670557492413],"mean":[0.00178676121868,0.00381377805024,0.00137499289121,0.000446985155577,0.000287206610665,0.000253346777754,0.000177330424776,0.00020834710449,0.000204459225642,0.000162766111316,0.000170693936525,0.0000842305598781,0.000121859789942,0.000125776350615,0.0000962512858678,0.0000960405086516,0.000105610655737,0.000092506481451,0.0000816836982267,0.0000869636642165,0.0000948303350015,0.000088094813691,0.0000464750410174,0.000016644340576,0.0000148246781464,0.0000179969938472,0.000013335341464,0.00000700110831531,0.00000615640828983,0.00000780611753726,0.00000643562680125,0.00000441428073827,0.00000329682984557,0.00000207456287171,0.00000150362097884,0.00000163296738265,0.00000205056790037,0.00000166467737017,0.00000157340207352,0.00000111150382054],"median":[0.000735710549634,0.0026430033613,0.000788269448094,0.000261303444859,0.000185800119652,0.000137876355438,0.00010339362052,0.000121562254208,0.000108148429717,0.000102448058897,0.0000912187606446,0.0000564322835999,0.0000719586532796,0.0000754445136408,0.0000614745367784,0.0000551808807359,0.0000653567840345,0.0000480421222164,0.0000555602819077,0.0000590208255744,0.0000582773827773,0.0000505748612341,0.0000239929013333,0.0000106218712972,0.00000736125957701,0.00000830380849948,0.00000584516237723,0.00000358790020982,0.0000029024693049,0.00000315185411637,0.00000268492249234,0.00000151917890889,8.12230950942e-7,5.39583083992e-7,5.27368172243e-7,5.69825260754e-7,7.31029786039e-7,5.44664544577e-7,5.12214853643e-7,2.75898088375e-7],"min":[1.02333679309e-24,9.26608542439e-25,7.8273135738e-25,2.18959447461e-24,2.21243239225e-24,1.85462046843e-24,2.01392954773e-24,3.08562390875e-24,3.23138292149e-24,3.76845480856e-24,2.31895444965e-24,2.93709737473e-24,2.0310831309e-24,3.06439349242e-24,3.73765570666e-24,3.03853601245e-24,2.99157058681e-24,5.02508025386e-24,4.72705018159e-24,4.0072252552e-24,3.6050986756e-24,3.74672247948e-24,5.20666972335e-24,5.63477152041e-24,5.03510075951e-24,5.08836859213e-24,5.60275402285e-24,6.38100632662e-24,3.90362296922e-24,4.77894934054e-24,5.68803777532e-24,5.99309107623e-24,4.98439672482e-24,5.17217283597e-24,5.3668652851e-24,6.17007990892e-24,6.49472023168e-24,6.16233605585e-24,6.70530665033e-24,6.96167934477e-24],"var":[0.0000105637664092,0.0000185004155355,0.00000303146134684,3.64569075373e-7,1.11550605197e-7,1.40982166386e-7,6.29691996323e-8,9.12111914886e-8,8.61489724002e-8,4.28348272408e-8,6.69921860208e-8,8.89458018349e-9,2.26384919699e-8,2.18803410945e-8,1.52258419206e-8,1.75189960316e-8,1.72372551788e-8,1.74689578358e-8,7.5960793211e-9,9.03129837582e-9,1.29411770189e-8,1.12100027039e-8,5.09366504531e-9,5.07450137466e-10,9.92435800207e-10,8.82825035298e-10,4.30807473029e-10,1.18403148397e-10,1.18416026984e-10,2.18384671458e-10,1.45068415613e-10,8.4464296668e-11,4.60754143172e-11,1.41145532762e-11,7.22946182086e-12,1.28127283089e-11,1.83966817474e-11,1.43468075961e-11,1.37716192616e-11,8.92055179724e-12]},"melbands_crest":{"dmean":3.31404685974,"dmean2":5.39317750931,"dvar":9.51456546783,"dvar2":23.7029914856,"max":28.5017337799,"mean":14.6676826477,"median":14.6543359756,"min":1.00248777866,"var":30.9119358063},"melbands_flatness_db":{"dmean":0.0276452042162,"dmean2":0.0425069741905,"dvar":0.00087446271209,"dvar2":0.00217160233296,"max":0.432155132294,"mean":0.178785085678,"median":0.173028320074,"min":4.27119744018e-7,"var":0.00350520270877},"melbands_kurtosis":{"dmean":4.97159004211,"dmean2":8.43416976929,"dvar":89.5481262207,"dvar2":240.95791626,"max":132.237823486,"mean":5.45665311813,"median":2.70717573166,"min":-1.67911708355,"var":82.4123153687},"melbands_skewness":{"dmean":0.73212569952,"dmean2":1.17633986473,"dvar":0.848720550537,"dvar2":2.14573526382,"max":9.86929893494,"mean":1.96809947491,"median":1.79035270214,"min":-2.45951628685,"var":1.52502536774},"melbands_spread":{"dmean":9.1389875412,"dmean2":14.3812999725,"dvar":91.5673065186,"dvar2":213.412139893,"max":159.303115845,"mean":34.1241531372,"median":31.3027667999,"min":2.27344632149,"var":337.106414795},"mfcc":{"cov":[[9388.44824219,31.253862381,677.866271973,559.829833984,342.263580322,353.077575684,183.308578491,165.751358032,228.121765137,81.0866699219,49.8124084473,78.2938690186,-100.126556396],[31.253862381,1480.02368164,-508.346374512,87.3369750977,107.481178284,-21.2251148224,26.3394699097,34.4684028625,8.79425048828,19.7028503418,-3.2213139534,30.0938434601,2.36740732193],[677.866271973,-508.346374512,597.276428223,33.680015564,27.8768177032,132.503677368,19.2482528687,37.3300704956,13.2429761887,-3.98058128357,15.2744512558,-12.8262605667,6.95170879364],[559.829833984,87.3369750977,33.680015564,243.08921814,65.510597229,49.7452583313,35.1565437317,41.2451896667,28.7086544037,22.6308479309,2.01982164383,10.6699066162,-5.39746952057],[342.263580322,107.481178284,27.8768177032,65.510597229,159.770523071,32.2424659729,38.262008667,50.4541893005,28.9517879486,21.0500831604,0.238875165582,20.813829422,5.17228651047],[353.077575684,-21.2251148224,132.503677368,49.7452583313,32.2424659729,133.104034424,37.8953514099,30.6317577362,21.309545517,9.8595867157,18.0834770203,-2.43528461456,-0.741635322571],[183.308578491,26.3394699097,19.2482528687,35.1565437317,38.262008667,37.8953514099,109.633850098,43.839881897,27.7749328613,20.6135921478,15.453453064,16.7232017517,-9.5288734436],[165.751358032,34.4684028625,37.3300704956,41.2451896667,50.4541893005,30.6317577362,43.839881897,103.208740234,27.3444023132,13.1885347366,8.51074409485,8.5457611084,7.64497375488],[228.121765137,8.79425048828,13.2429761887,28.7086544037,28.9517879486,21.309545517,27.7749328613,27.3444023132,84.7092285156,25.181137085,11.1253213882,11.0448484421,-4.1755900383],[81.0866699219,19.7028503418,-3.98058128357,22.6308479309,21.0500831604,9.8595867157,20.6135921478,13.1885347366,25.181137085,67.6849975586,24.2928447723,8.17760848999,-0.944801270962],[49.8124084473,-3.2213139534,15.2744512558,2.01982164383,0.238875165582,18.0834770203,15.453453064,8.51074409485,11.1253213882,24.2928447723,71.0022354126,16.3349838257,-6.36578941345],[78.2938690186,30.0938434601,-12.8262605667,10.6699066162,20.813829422,-2.43528461456,16.7232017517,8.5457611084,11.0448484421,8.17760848999,16.3349838257,59.7574920654,15.0876293182],[-100.126556396,2.36740732193,6.95170879364,-5.39746952057,5.17228651047,-0.741635322571,-9.5288734436,7.64497375488,-4.1755900383,-0.944801270962,-6.36578941345,15.0876293182,71.4925842285]],"icov":[[0.000148178762174,-0.0000353941686626,-0.000160771654919,-0.000225522308028,-0.000118530158943,-0.000116919523862,0.0000134285273816,0.0000588506409258,-0.000226841526455,0.0000309925017064,0.0000436614645878,-0.000180903778528,0.000239390559727],[-0.0000353941686626,0.00115445675328,0.0012390804477,-0.00018272959278,-0.000695375842042,-0.000743084063288,0.000149972198415,-0.000278649968095,0.000290988420602,0.0000939084784477,-0.0000682432946633,-0.0000474635198771,-0.000107515814307],[-0.000160771654919,0.0012390804477,0.00362868979573,0.000112454974442,-0.000681975390762,-0.00292729330249,0.000533977115992,-0.00071442493936,0.000537221669219,0.000465289165732,-0.000296447135042,0.000468729966087,-0.000531796657015],[-0.000225522308028,-0.00018272959278,0.000112454974442,0.00545688159764,-0.000938353477977,-0.00115922000259,-0.000101398160041,-0.000873964803759,-0.0000481502793264,-0.0010880472837,0.000876069359947,-0.000300109648379,0.000351199152647],[-0.000118530158943,-0.000695375842042,-0.000681975390762,-0.000938353477977,0.0091685000807,-0.000250542449066,-0.00072878296487,-0.00264417519793,-0.000632766226772,-0.0016367364442,0.00191077543423,-0.00226671830751,-0.0000378911099688],[-0.000116919523862,-0.000743084063288,-0.00292729330249,-0.00115922000259,-0.000250542449066,0.0124793816358,-0.00289695081301,-0.000126584520331,-0.00108915078454,0.000747140147723,-0.00259113823995,0.00259008724242,-0.000998082687147],[0.0000134285273816,0.000149972198415,0.000533977115992,-0.000101398160041,-0.00072878296487,-0.00289695081301,0.013205897063,-0.00404860684648,-0.00107123167254,-0.0017506161239,-0.0000138960431286,-0.00319621060044,0.00275759701617],[0.0000588506409258,-0.000278649968095,-0.00071442493936,-0.000873964803759,-0.00264417519793,-0.000126584520331,-0.00404860684648,0.0140198869631,-0.00232138345018,0.00063256744761,-0.000983090954833,0.00128658406902,-0.00223997305147],[-0.000226841526455,0.000290988420602,0.000537221669219,-0.0000481502793264,-0.000632766226772,-0.00108915078454,-0.00107123167254,-0.00232138345018,0.0153795611113,-0.00427777227014,0.000333872507326,-0.00150488747749,0.000945773324929],[0.0000309925017064,0.0000939084784477,0.000465289165732,-0.0010880472837,-0.0016367364442,0.000747140147723,-0.0017506161239,0.00063256744761,-0.00427777227014,0.0196290165186,-0.00642075994983,0.00134561536834,-0.00110803160351],[0.0000436614645878,-0.0000682432946633,-0.000296447135042,0.000876069359947,0.00191077543423,-0.00259113823995,-0.0000138960431286,-0.000983090954833,0.000333872507326,-0.00642075994983,0.0186244919896,-0.00588375935331,0.00293121975847],[-0.000180903778528,-0.0000474635198771,0.000468729966087,-0.000300109648379,-0.00226671830751,0.00259008724242,-0.00319621060044,0.00128658406902,-0.00150488747749,0.00134561536834,-0.00588375935331,0.021951848641,-0.00591942481697],[0.000239390559727,-0.000107515814307,-0.000531796657015,0.000351199152647,-0.0000378911099688,-0.000998082687147,0.00275759701617,-0.00223997305147,0.000945773324929,-0.00110803160351,0.00293121975847,-0.00591942481697,0.0165547989309]],"mean":[-617.39630127,123.608398438,-21.9568862915,17.1548080444,15.8491220474,8.12874221802,1.96957552433,4.12285137177,8.94453430176,2.10797953606,-1.64581763744,4.94861841202,-0.768605947495]},"pitch_salience":{"dmean":0.0771173238754,"dmean2":0.128390446305,"dvar":0.00528830476105,"dvar2":0.0146655738354,"max":0.995915055275,"mean":0.532421052456,"median":0.533181548119,"min":0.148063212633,"var":0.0118890330195},"silence_rate_20dB":{"dmean":0,"dmean2":0,"dvar":0,"dvar2":0,"max":1,"mean":1,"median":1,"min":1,"var":0},"silence_rate_30dB":{"dmean":0.00047180938418,"dmean2":0.000943730119616,"dvar":0.00047158965026,"dvar2":0.00141471601091,"max":1,"mean":0.999764144421,"median":1,"min":0,"var":0.000235817627981},"silence_rate_60dB":{"dmean":0.00330266566016,"dmean2":0.00660611083731,"dvar":0.00329193845391,"dvar2":0.00797750987113,"max":1,"mean":0.0356174074113,"median":0,"min":0,"var":0.0343493111432},"spectral_centroid":{"dmean":246.007324219,"dmean2":386.99786377,"dvar":76227.6015625,"dvar2":175949.484375,"max":11585.6308594,"mean":1680.1842041,"median":1587.28527832,"min":319.199859619,"var":720258.8125},"spectral_complexity":{"dmean":3.56145310402,"dmean2":5.44249153137,"dvar":11.0286893845,"dvar2":22.8406543732,"max":54,"mean":25.9310054779,"median":26,"min":0,"var":90.5339584351},"spectral_contrast_coeffs":{"dmean":[0.0515508241951,0.0460733324289,0.0392731353641,0.0345328822732,0.0243778899312,0.019079355523],"dmean2":[0.0868296399713,0.0757941529155,0.0627255886793,0.0547120198607,0.0383141189814,0.0307102315128],"dvar":[0.00181788322516,0.00138010154478,0.00101887865458,0.000780724280048,0.000414365989855,0.000315098033752],"dvar2":[0.0049643041566,0.00364965340123,0.00251649320126,0.00196217000484,0.000971593661234,0.000792825594544],"max":[-0.357694506645,-0.484971493483,-0.508339166641,-0.539631843567,-0.561798751354,-0.560213446617],"mean":[-0.646826267242,-0.750558495522,-0.759811222553,-0.757256031036,-0.757522761822,-0.757485032082],"median":[-0.646424591541,-0.754146635532,-0.759389340878,-0.75566059351,-0.760035037994,-0.756132781506],"min":[-0.976322114468,-0.995589673519,-0.996009945869,-0.995669960976,-0.989540994167,-0.963065743446],"var":[0.00583090726286,0.00399594334885,0.00333745474927,0.00270924717188,0.00229234923609,0.00179463881068]},"spectral_contrast_valleys":{"dmean":[0.459504008293,0.369740635157,0.306959211826,0.274136781693,0.229026839137,0.365579307079],"dmean2":[0.745959103107,0.610148727894,0.497668772936,0.433337718248,0.33939409256,0.432684868574],"dvar":[0.174853429198,0.121239736676,0.0852778106928,0.0754940211773,0.0745996162295,0.179640769958],"dvar2":[0.406834840775,0.286104470491,0.194599062204,0.170428439975,0.135324537754,0.286949336529],"max":[-5.1740436554,-4.7935051918,-5.57364606857,-5.68507814407,-5.52575588226,-7.44655609131],"mean":[-7.31354188919,-6.75297021866,-7.05126523972,-7.25206041336,-7.47489356995,-10.2347021103],"median":[-6.93699121475,-6.4854722023,-6.80116796494,-6.99379205704,-7.13436841965,-9.82441997528],"min":[-28.1353969574,-28.0901546478,-27.696056366,-27.8136787415,-27.455165863,-27.4096260071],"var":[4.46208715439,3.53816843033,3.22243309021,3.25901007652,3.65559744835,3.98162698746]},"spectral_decrease":{"dmean":3.30808069826e-9,"dmean2":5.45224621007e-9,"dvar":2.5472145189e-17,"dvar2":6.45872283751e-17,"max":1.90134954125e-28,"mean":-8.54759996116e-9,"median":-7.55184093038e-9,"min":-3.63440975093e-8,"var":3.39869157672e-17},"spectral_energy":{"dmean":0.0127601893619,"dmean2":0.0209121033549,"dvar":0.0003643281525,"dvar2":0.000920789083466,"max":0.139640718699,"mean":0.0349133089185,"median":0.031579606235,"min":1.01048246305e-20,"var":0.000514832790941},"spectral_energyband_high":{"dmean":0.000410250067944,"dmean2":0.000520031084307,"dvar":5.90870229189e-7,"dvar2":9.53261348968e-7,"max":0.0206037648022,"mean":0.00102065689862,"median":0.000471077713883,"min":6.78381725568e-21,"var":0.00000274122112387},"spectral_energyband_low":{"dmean":0.0106082353741,"dmean2":0.0180957578123,"dvar":0.00036297130282,"dvar2":0.000948908331338,"max":0.124978743494,"mean":0.0164196901023,"median":0.0111319469288,"min":1.60274368949e-23,"var":0.000370264984667},"spectral_energyband_middle_high":{"dmean":0.00222788145766,"dmean2":0.00345475366339,"dvar":0.00000557343537366,"dvar2":0.0000137674678626,"max":0.0370084382594,"mean":0.00947452615947,"median":0.0079842498526,"min":1.29934120309e-21,"var":0.0000351406815753},"spectral_energyband_middle_low":{"dmean":0.00442391633987,"dmean2":0.00745372055098,"dvar":0.0000398492411477,"dvar2":0.000104395585367,"max":0.0723459795117,"mean":0.00900047551841,"median":0.00709927268326,"min":1.8958444224e-22,"var":0.0000517092339578},"spectral_entropy":{"dmean":0.129562109709,"dmean2":0.171577259898,"dvar":0.0164770651609,"dvar2":0.0279236957431,"max":9.81923866272,"mean":7.65432977676,"median":7.65619373322,"min":5.55522727966,"var":0.157710105181},"spectral_flux":{"dmean":0.0306016039103,"dmean2":0.0455210357904,"dvar":0.00146332429722,"dvar2":0.00265731732361,"max":0.310700684786,"mean":0.0995301753283,"median":0.0873626768589,"min":6.48219186661e-11,"var":0.00323126860894},"spectral_kurtosis":{"dmean":1.95586597919,"dmean2":3.24351072311,"dvar":8.48984622955,"dvar2":25.337059021,"max":67.3606262207,"mean":6.20868253708,"median":5.16633605957,"min":-1.29329359531,"var":26.7733879089},"spectral_rms":{"dmean":0.000956812873483,"dmean2":0.00152706599329,"dvar":0.00000156304213306,"dvar2":0.00000376043158212,"max":0.0116719678044,"mean":0.00550056993961,"median":0.00555061921477,"min":3.13980352135e-12,"var":0.00000380554774893},"spectral_rolloff":{"dmean":516.278442383,"dmean2":844.625793457,"dvar":537894.9375,"dvar2":1166914.75,"max":20370.4101562,"mean":1976.62182617,"median":1787.25585938,"min":86.1328125,"var":2873840.75},"spectral_skewness":{"dmean":0.215023234487,"dmean2":0.346453100443,"dvar":0.0551461428404,"dvar2":0.157248839736,"max":6.04105901718,"mean":1.67359352112,"median":1.64026200771,"min":-0.0633185654879,"var":0.248937264085},"spectral_spread":{"dmean":545492.25,"dmean2":694982.0625,"dvar":646506676224,"dvar2":1150572560380,"max":47805464,"mean":4158440.5,"median":3740291.75,"min":1028252.5,"var":9159236911100},"spectral_strongpeak":{"dmean":0.546952784061,"dmean2":0.971997976303,"dvar":1.2690294981,"dvar2":3.33511352539,"max":12.4123363495,"mean":0.831469237804,"median":0.452037036419,"min":0,"var":1.58829343319},"zerocrossingrate":{"dmean":0.0105889299884,"dmean2":0.0122239086777,"dvar":0.000126689497847,"dvar2":0.000141811353387,"max":0.5244140625,"mean":0.069716706872,"median":0.060546875,"min":0.013671875,"var":0.00224016630091}},"metadata":{"audio_properties":{"analysis_sample_rate":44100,"bit_rate":0,"codec":"flac","downmix":"mix","equal_loudness":0,"length":196.85333252,"lossless":true,"md5_encoded":"945a07600d74a3779eebde5d0cdb9ea1","replay_gain":-16.5906944275,"sample_rate":44100},"tags":{"album":["Marauder"],"albumartist":["Interpol"],"albumartistsort":["Interpol"],"artist":["Interpol"],"artistsort":["Interpol"],"bpm":["0"],"compilation":["0"],"date":["2018-08-24"],"discnumber":["1"],"disctotal":["1"],"file_name":"08 Nysmaw.flac","genre":["Post-Punk"],"label":["Matador"],"language":["eng"],"media":["Digital Media"],"musicbrainz_albumartistid":["b23e8a63-8f47-4882-b55b-df2c92ef400e"],"musicbrainz_albumid":["fd48f802-d7a0-4b97-8b12-ebdf80e38c73"],"musicbrainz_artistid":["b23e8a63-8f47-4882-b55b-df2c92ef400e"],"musicbrainz_recordingid":["d741edb5-fdbc-4cae-9f39-de6526c4ffd2"],"musicbrainz_releasegroupid":["5c9e9907-c147-47d1-bb69-d864b0a746bc"],"musicbrainz_releasetrackid":["f4ffbbe1-e343-403b-be10-107b7ccf3d47"],"originaldate":["2018-08-24"],"releasecountry":["KG"],"script":["Latn"],"title":["Nysmaw"],"totaldiscs":["1"],"totaltracks":["13"],"tracknumber":["8"],"tracktotal":["13"]},"version":{"essentia":"2.1-beta2","essentia_build_sha":"70f2e5ece6736b2c40cc944ad0e695b16b925413","essentia_git_sha":"v2.1_beta2","extractor":"music 1.0"}},"rhythm":{"beats_count":438,"beats_loudness":{"dmean":0.0138631183654,"dmean2":0.02352383174,"dvar":0.000122696525068,"dvar2":0.000364848849131,"max":0.0897358506918,"mean":0.0443285368383,"median":0.0440549179912,"min":0,"var":0.000295094097964},"beats_loudness_band_ratio":{"dmean":[0.21597096324,0.0946058034897,0.0723582953215,0.063612125814,0.0843092799187,0.0605605319142],"dmean2":[0.401325166225,0.180841773748,0.130422979593,0.111892282963,0.144484862685,0.111783094704],"dvar":[0.0244674477726,0.00611347751692,0.00419581634924,0.00460720108822,0.00581441121176,0.00298320432