{"lowlevel":{"average_loudness":0.881165146828,"barkbands":{"dmean":[0.00521584833041,0.00893958378583,0.000865638721734,0.00161786342505,0.00269615929574,0.00197262200527,0.000776375178248,0.000591964519117,0.000627461296972,0.000265319395112,0.0003683079849,0.000162672324223,0.0000579168372496,0.0000987929015537,0.0000458185968455,0.000020298475647,0.0000140082684084,0.0000104313867269,0.00000892133357411,0.00000626176324658,0.00000613936799709,0.00000383995757147,0.00000230399382417,0.00000196094151761,0.00000183869406101,0.00000188284820979,0.00000466575329483],"dmean2":[0.00855894107372,0.0136466985568,0.00141508621164,0.00252744811587,0.00404398376122,0.00288678682409,0.00121534790378,0.000912433140911,0.000965440762229,0.00039685194497,0.000549339340068,0.000246100593358,0.0000899641527212,0.000157133050379,0.0000715713831596,0.0000303924862237,0.0000210847338167,0.0000156285677804,0.0000129260733956,0.00000947202624957,0.0000094624765552,0.00000593846743868,0.00000368117616745,0.00000317883564094,0.00000299405382975,0.00000304301602227,0.00000664944400341],"dvar":[0.000115199283755,0.000281028304016,0.00000274830767921,0.0000158827824634,0.0000386815336242,0.0000191676645045,0.00000210661414712,0.00000140667930282,0.00000149868287735,5.28808413947e-7,7.70538690631e-7,3.12690758619e-7,1.70850071868e-8,7.43204537912e-8,1.03837134446e-8,1.84197090913e-9,9.11425657169e-10,3.98462457474e-10,7.05239311394e-10,2.16444959178e-10,2.25015020505e-10,4.8354882598e-11,2.19141284979e-11,1.75424536009e-11,1.64298175759e-11,1.58033100495e-11,6.5681043937e-11],"dvar2":[0.000277725048363,0.000587929564063,0.00000649117509965,0.0000321649058606,0.0000729373205104,0.0000352453316737,0.00000441170004706,0.00000306683068629,0.00000328155078932,0.00000106663310362,0.00000146429260894,6.29186558854e-7,3.84639413653e-8,1.78105779014e-7,2.46908431478e-8,3.99562694042e-9,1.97735561258e-9,8.43621117408e-10,1.10741404935e-9,4.66127025867e-10,5.18386333859e-10,1.0713856885e-10,5.00725606811e-11,4.06219120841e-11,3.80554511514e-11,3.65229166355e-11,1.25026614062e-10],"max":[0.149746611714,0.212223574519,0.0428742356598,0.164480552077,0.210877895355,0.124384716153,0.0407918095589,0.0230668149889,0.0241049174219,0.0250879339874,0.025660417974,0.0137110818177,0.00300295115449,0.00724433502182,0.00281813880429,0.00112605153117,0.00069873011671,0.000362457125448,0.00120932678692,0.000625949003734,0.000495688756928,0.000101124671346,0.00011173117673,0.0000556153827347,0.0000538383901585,0.0000530401121068,0.000182828327524],"mean":[0.00956013798714,0.0212376546115,0.00120896461885,0.00276471208781,0.00530334142968,0.00445773545653,0.00152065407019,0.00106929952744,0.00125036772806,0.000483947398607,0.000603655178566,0.000233718717936,0.0000858553175931,0.000123256657389,0.0000727393053239,0.0000274371268461,0.0000176909743459,0.0000138173509185,0.0000122775727505,0.00000777911736805,0.00000686375869918,0.00000436781829194,0.00000244503507929,0.00000191710432773,0.00000174068634351,0.00000188899286968,0.00000719599120202],"median":[0.00219007069245,0.007769794669,0.000506150536239,0.00073556881398,0.00178954703733,0.00155699730385,0.000581441447139,0.00041863322258,0.000481345050503,0.000125247373944,0.000135023205075,0.0000446972153441,0.0000255079085036,0.0000301961899822,0.0000157162903633,0.00000837367952045,0.00000520453386343,0.00000437670860265,0.00000313521763928,0.00000215211071009,0.00000163374545536,0.00000117659851639,6.51893287795e-7,3.94757705635e-7,2.90797743219e-7,4.33739273831e-7,0.00000260823617282],"min":[1.10552166326e-22,8.54148769231e-24,6.80766955693e-23,2.7597970603e-23,5.31659307288e-23,2.42189574907e-23,2.50523827262e-23,4.67223886372e-23,3.05568048428e-23,4.68310999808e-23,7.68680833523e-23,1.75511252044e-22,7.33797214968e-23,2.0274698403e-22,8.80948109675e-23,2.37381448757e-22,2.67538503069e-22,2.06573085638e-22,3.42565258851e-22,3.30741155271e-22,4.59230642809e-22,5.59157786753e-22,7.17164833777e-22,9.30279810373e-22,1.18519027856e-21,2.02607894599e-21,2.18496467047e-21],"var":[0.000286833266728,0.000837374303956,0.00000479996424474,0.0000553083664272,0.000140993361128,0.000099034892628,0.00000699615929989,0.00000382711778002,0.00000421512640969,0.0000013808288486,0.00000196234145733,5.61809031296e-7,2.94177358029e-8,9.3737583029e-8,2.52476954898e-8,2.82819723196e-9,1.27247457016e-9,6.71570354882e-10,2.05823846855e-9,3.44019118748e-10,2.58948584797e-10,6.69917177287e-11,2.78559744715e-11,2.06551095672e-11,1.90523742616e-11,1.89018037333e-11,1.44854656048e-10]},"barkbands_crest":{"dmean":2.45160126686,"dmean2":3.88228273392,"dvar":5.27735710144,"dvar2":12.475938797,"max":26.5357627869,"mean":12.5386180878,"median":12.2781791687,"min":3.40418720245,"var":18.3381729126},"barkbands_flatness_db":{"dmean":0.0407419465482,"dmean2":0.0632212013006,"dvar":0.00116743915714,"dvar2":0.00291223917156,"max":0.586848258972,"mean":0.25685235858,"median":0.252644389868,"min":0.045101147145,"var":0.00564967142418},"barkbands_kurtosis":{"dmean":7.09031915665,"dmean2":11.5456256866,"dvar":321.371154785,"dvar2":916.961853027,"max":819.660644531,"mean":12.1359701157,"median":6.25084209442,"min":-1.86644101143,"var":487.232788086},"barkbands_skewness":{"dmean":0.738139152527,"dmean2":1.15205001831,"dvar":0.783738195896,"dvar2":1.88087153435,"max":26.5698814392,"mean":1.99731242657,"median":1.76304578781,"min":-2.77368807793,"var":3.05618166924},"barkbands_spread":{"dmean":2.02864694595,"dmean2":3.1647632122,"dvar":18.0293636322,"dvar2":47.1508331299,"max":132.35458374,"mean":6.56257295609,"median":5.17979431152,"min":0.288509964943,"var":47.0090065002},"dissonance":{"dmean":0.0349879749119,"dmean2":0.0583433583379,"dvar":0.00117308972403,"dvar2":0.00325668347068,"max":0.500000059605,"mean":0.432865530252,"median":0.444779217243,"min":0.158319026232,"var":0.00252498220652},"dynamic_complexity":3.97901916504,"erbbands":{"dmean":[0.525907993317,1.14098989964,0.934721291065,3.53697156906,7.35245752335,9.44774246216,14.8465309143,15.0761098862,11.8793811798,10.3284425735,14.73782444,14.3120098114,8.6189365387,13.7319116592,11.2048330307,5.65636873245,2.87106657028,4.70175266266,3.24713993073,1.69606769085,0.96351402998,0.782878696918,0.579663455486,0.518576323986,0.403809666634,0.287965357304,0.258250236511,0.217846989632,0.144770234823,0.0914822295308,0.063130415976,0.0445576794446,0.0309148356318,0.0207853708416,0.0129587752745,0.00718817440793,0.00352221331559,0.0015860919375,0.000540642708074,0.0000973927526502],"dmean2":[0.822711408138,1.67766976357,1.47359824181,5.47199821472,10.8873319626,14.4328575134,22.5640201569,22.5080680847,18.0788669586,16.0503330231,22.5072784424,21.8522911072,13.3341827393,19.0023536682,17.3428859711,8.29529953003,4.37339305878,7.42374944687,5.04380989075,2.60285902023,1.40525662899,1.16703343391,0.860201895237,0.758039236069,0.581791818142,0.430645942688,0.398108571768,0.335168540478,0.223362028599,0.143915325403,0.101349040866,0.0720345303416,0.0502742044628,0.0338377282023,0.0210955683142,0.0116959949955,0.00568678043783,0.00247728498653,0.000804227136541,0.000130762753543],"dvar":[1.07452499866,4.54484844208,3.08548569679,71.6082077026,479.159210205,439.228149414,1361.31604004,1123.98217773,531.455871582,431.414398193,872.870117188,888.301269531,632.829711914,1613.44616699,936.167907715,370.822814941,39.4302215576,181.980651855,51.6185150146,15.7546606064,4.24061012268,2.79110574722,1.28068745136,1.39912378788,1.50454080105,0.435399353504,0.332824707031,0.216079056263,0.0690926536918,0.0314457565546,0.0161971319467,0.00862583704293,0.00452021695673,0.00209790002555,0.000815762439743,0.000249164790148,0.0000538921813131,0.00000868381448527,0.0000010999854112,2.58196859448e-8],"dvar2":[2.32749032974,9.18628120422,7.14750862122,142.319549561,804.426940918,899.669128418,2750.72021484,2297.20556641,1009.17181396,952.595214844,1821.49853516,1946.32824707,1446.52636719,2308.81494141,2008.01586914,720.273925781,85.8340148926,425.982269287,121.241470337,36.7288284302,8.8772649765,5.9693403244,2.67589426041,2.60432672501,2.25403213501,0.910196244717,0.743403315544,0.486974984407,0.152819052339,0.0715565904975,0.0369967408478,0.0199590865523,0.0104691646993,0.00485819811001,0.00188907422125,0.00057701417245,0.000124626705656,0.0000194729436771,0.0000023019542823,4.54442208309e-8],"max":[14.067111969,30.0103607178,39.6383247375,354.835754395,837.094421387,605.308105469,1251.07092285,1071.3963623,837.257568359,553.259338379,702.266235352,619.25982666,923.416137695,1639.49755859,762.594055176,535.438110352,125.337089539,314.057952881,162.61265564,126.121826172,54.4492340088,37.2791862488,17.1924171448,36.7320823669,64.6740951538,28.0822544098,14.4406270981,12.7541980743,3.59288907051,3.07088923454,2.24742627144,1.22555732727,0.895551502705,0.608652710915,0.379444360733,0.210135862231,0.0969559252262,0.0484979525208,0.0223503224552,0.00376600655727],"mean":[1.26550340652,2.24044322968,1.55308389664,6.35023355484,13.7685489655,17.3813209534,29.2664012909,32.4769210815,26.0581207275,19.5485916138,28.7095108032,29.1947631836,16.9361457825,25.4541759491,16.3079547882,8.70566654205,4.51523351669,5.89206266403,5.29171276093,2.46780443192,1.36439430714,1.00808990002,0.772657394409,0.697549045086,0.56057715416,0.36216378212,0.294239640236,0.246986448765,0.164846554399,0.100958563387,0.0668880343437,0.0446606054902,0.0297237168998,0.0197352450341,0.0122983707115,0.00687557645142,0.0035665507894,0.00178681022953,0.000691818830092,0.000214595420402],"median":[0.293621063232,0.870624065399,0.715334296227,1.94101202488,3.37940502167,6.40066337585,9.00927448273,11.5121040344,10.6478662491,7.70485162735,12.2573642731,10.8844203949,5.19425392151,5.29259300232,4.08060359955,1.87907505035,1.38708388805,1.43954348564,1.2615121603,0.706198751926,0.446121484041,0.301730453968,0.242216825485,0.200220704079,0.142982125282,0.102099150419,0.0702373981476,0.0627212896943,0.0442537888885,0.0275109801441,0.01787250489,0.0102409683168,0.00564067438245,0.00335123273544,0.0020777862519,0.0012522994075,0.000844337046146,0.000499165558722,0.00021387860761,0.000124733545817],"min":[8.67564333423e-22,2.11356319124e-21,5.15619189738e-20,1.22528312508e-19,4.06282844111e-20,1.7870050647e-19,3.13756456431e-19,2.33197284875e-19,4.46889857702e-19,4.84990158608e-19,9.41821848393e-19,6.6390177708e-19,1.08000299011e-18,2.69741281648e-18,2.71432535128e-18,7.96152075159e-18,4.51058362021e-18,1.03952250801e-17,4.37050968246e-18,8.31036928569e-18,1.2982013243e-17,1.4167112425e-17,1.28450759741e-17,1.4667320122e-17,1.62181646565e-17,1.53457289926e-17,2.04319120323e-17,1.77213271918e-17,1.74417302186e-17,2.10740738486e-17,2.12566077943e-17,1.87082678135e-17,1.63071759079e-17,1.17992359569e-17,9.28479466472e-18,7.20554467335e-18,4.17289375258e-18,1.35213465829e-18,2.49756665257e-19,3.39303186479e-20],"var":[3.30732679367,11.9024820328,5.93887662888,265.819671631,1750.07751465,1286.73193359,6429.07861328,4196.83886719,2069.09838867,1250.9831543,2549.52270508,2590.56152344,1631.92736816,5465.55712891,1619.9822998,709.919799805,73.0723953247,238.767486572,114.243553162,24.6113300323,6.91896390915,4.00901269913,2.13108754158,3.19270634651,4.52168512344,0.743619263172,0.416031450033,0.272094547749,0.0956748872995,0.0408935248852,0.0205199811608,0.0102869011462,0.00527399685234,0.00243485672399,0.000946879154071,0.00028971635038,0.0000645713953418,0.0000118379966807,0.00000175921206846,6.89535610832e-8]},"erbbands_crest":{"dmean":2.55778479576,"dmean2":4.11723279953,"dvar":5.66156005859,"dvar2":13.5896062851,"max":29.2938632965,"mean":10.5751695633,"median":9.86175727844,"min":1.86597931385,"var":17.7024307251},"erbbands_flatness_db":{"dmean":0.038536015898,"dmean2":0.0598980300128,"dvar":0.00104048301,"dvar2":0.00263078021817,"max":0.407680660486,"mean":0.216516032815,"median":0.215190142393,"min":0.0231536999345,"var":0.00399458408356},"erbbands_kurtosis":{"dmean":1.75975215435,"dmean2":2.80832409859,"dvar":4.73524618149,"dvar2":11.4393873215,"max":56.0860519409,"mean":2.76597476006,"median":1.84022879601,"min":-1.72661340237,"var":14.3944158554},"erbbands_skewness":{"dmean":0.460785031319,"dmean2":0.720871210098,"dvar":0.167829215527,"dvar2":0.395590364933,"max":6.21280574799,"mean":0.753227293491,"median":0.743004143238,"min":-2.10822224617,"var":0.840901732445},"erbbands_spread":{"dmean":4.68598270416,"dmean2":7.1918182373,"dvar":27.0315151215,"dvar2":61.7938804626,"max":108.655487061,"mean":17.5862312317,"median":14.6697845459,"min":1.56194508076,"var":125.18157196},"gfcc":{"cov":[[22385.7265625,4117.70507812,-483.325378418,-330.823730469,180.198883057,-172.82875061,163.852157593,-328.613128662,-73.8887939453,-101.092422485,-6.19634056091,-76.1616821289,182.565948486],[4117.70507812,2536.22265625,68.0444335938,-426.918914795,75.7952194214,-242.99331665,182.741622925,-249.579803467,106.415550232,-153.882064819,44.0575675964,-102.646270752,83.6137237549],[-483.325378418,68.0444335938,524.507324219,183.659332275,-63.3704414368,163.79119873,-76.3179550171,141.382003784,-36.6303253174,57.7067298889,12.7671470642,-14.3528213501,-5.04302501678],[-330.823730469,-426.918914795,183.659332275,405.408691406,122.411979675,57.8181037903,-8.17544555664,53.0944252014,-16.4552631378,37.8390045166,-16.9707050323,10.6156167984,-70.8533782959],[180.198883057,75.7952194214,-63.3704414368,122.411979675,252.59286499,45.4162101746,95.3061828613,-45.3643531799,30.1603240967,-14.7570648193,27.088394165,-5.57958555222,-8.09866905212],[-172.82875061,-242.99331665,163.79119873,57.8181037903,45.4162101746,274.791473389,7.38451051712,131.856933594,-42.8555793762,51.5946807861,27.4252548218,27.2527179718,27.4187107086],[163.852157593,182.741622925,-76.3179550171,-8.17544555664,95.3061828613,7.38451051712,217.654571533,15.256483078,83.9462356567,-24.3506278992,24.9776268005,43.3635177612,30.8708457947],[-328.613128662,-249.579803467,141.382003784,53.0944252014,-45.3643531799,131.856933594,15.256483078,206.360137939,34.1871032715,67.7326583862,23.0686588287,39.465057373,44.0748825073],[-73.8887939453,106.415550232,-36.6303253174,-16.4552631378,30.1603240967,-42.8555793762,83.9462356567,34.1871032715,155.046585083,60.8511047363,39.3063011169,38.21849823,31.0589408875],[-101.092422485,-153.882064819,57.7067298889,37.8390045166,-14.7570648193,51.5946807861,-24.3506278992,67.7326583862,60.8511047363,113.198410034,56.6742744446,33.2601470947,22.2767772675],[-6.19634056091,44.0575675964,12.7671470642,-16.9707050323,27.088394165,27.4252548218,24.9776268005,23.0686588287,39.3063011169,56.6742744446,85.6968307495,53.7701759338,34.227809906],[-76.1616821289,-102.646270752,-14.3528213501,10.6156167984,-5.57958555222,27.2527179718,43.3635177612,39.465057373,38.21849823,33.2601470947,53.7701759338,94.9919281006,44.2518424988],[182.565948486,83.6137237549,-5.04302501678,-70.8533782959,-8.09866905212,27.4187107086,30.8708457947,44.0748825073,31.0589408875,22.2767772675,34.227809906,44.2518424988,86.4127120972]],"icov":[[0.000188863210496,-0.000845460104756,0.00154237926472,-0.00159840728156,0.00117123941891,-0.00108024140354,0.000362280523404,-0.000258919055341,0.000470502534881,-0.000626205524895,0.000142099306686,0.000145887141116,-0.000485032680444],[-0.000845460104756,0.00512665277347,-0.00927526131272,0.00975948758423,-0.00730518391356,0.0068280803971,-0.002780248411,0.00209481734782,-0.00197091302834,0.00280206068419,-0.000408383959439,-0.000366154854419,0.00169542292133],[0.00154237926472,-0.00927526131272,0.028286036104,-0.0350809767842,0.0339152440429,-0.0282456744462,0.0095517411828,0.00267372792587,-0.0144351199269,0.0216717533767,-0.029208842665,0.0264224875718,-0.0163924731314],[-0.00159840728156,0.00975948758423,-0.0350809767842,0.0542148537934,-0.0545933768153,0.0423140376806,-0.0127648087218,-0.0121382502839,0.0320388153195,-0.0476087704301,0.0567577108741,-0.0500350482762,0.0324469693005],[0.00117123941891,-0.00730518391356,0.0339152440429,-0.0545933768153,0.0641738027334,-0.0473713241518,0.0108088161796,0.0182228740305,-0.0414146222174,0.0597146712244,-0.0699749141932,0.0603197216988,-0.033982232213],[-0.00108024140354,0.0068280803971,-0.0282456744462,0.0423140376806,-0.0473713241518,0.0439319647849,-0.0127925639972,-0.0153649039567,0.036102425307,-0.04784527421,0.0502479225397,-0.0431948080659,0.0243248138577],[0.000362280523404,-0.002780248411,0.0095517411828,-0.0127648087218,0.0108088161796,-0.0127925639972,0.0147162750363,0.000607754103839,-0.015874216333,0.0211674626917,-0.0156659912318,0.00824361667037,-0.00624700309709],[-0.000258919055341,0.00209481734782,0.00267372792587,-0.0121382502839,0.0182228740305,-0.0153649039567,0.000607754103839,0.0200158488005,-0.0195620581508,0.0215360689908,-0.0225916523486,0.0210200157017,-0.0154562704265],[0.000470502534881,-0.00197091302834,-0.0144351199269,0.0320388153195,-0.0414146222174,0.036102425307,-0.015874216333,-0.0195620581508,0.0588680058718,-0.0728965699673,0.0642671063542,-0.0511200167239,0.025008764118],[-0.000626205524895,0.00280206068419,0.0216717533767,-0.0476087704301,0.0597146712244,-0.04784527421,0.0211674626917,0.0215360689908,-0.0728965699673,0.11500928551,-0.104706563056,0.075596742332,-0.0376157052815],[0.000142099306686,-0.000408383959439,-0.029208842665,0.0567577108741,-0.0699749141932,0.0502479225397,-0.0156659912318,-0.0225916523486,0.0642671063542,-0.104706563056,0.125551596284,-0.0924634709954,0.0410595610738],[0.000145887141116,-0.000366154854419,0.0264224875718,-0.0500350482762,0.0603197216988,-0.0431948080659,0.00824361667037,0.0210200157017,-0.0511200167239,0.075596742332,-0.0924634709954,0.0904690101743,-0.0445643290877],[-0.000485032680444,0.00169542292133,-0.0163924731314,0.0324469693005,-0.033982232213,0.0243248138577,-0.00624700309709,-0.0154562704265,0.025008764118,-0.0376157052815,0.0410595610738,-0.0445643290877,0.0430828183889]],"mean":[-111.087753296,154.950836182,-68.7829971313,-4.34093236923,-38.3632774353,-5.68691635132,-13.6304149628,-4.25749540329,-5.98581790924,0.562458097935,-6.57592058182,1.2428586483,-2.70945954323]},"hfc":{"dmean":2.89038872719,"dmean2":3.95750260353,"dvar":16.5626678467,"dvar2":29.4552974701,"max":66.9530258179,"mean":9.29139328003,"median":6.50805616379,"min":1.21081281932e-16,"var":81.5471038818},"melbands":{"dmean":[0.00359388021752,0.000740215647966,0.000678823387716,0.000603546272032,0.000466016324935,0.000342999061104,0.000179823764483,0.000110560264147,0.000130495682242,0.0000873704484547,0.0000411463261116,0.0000525860777998,0.0000414878450101,0.0000230928162637,0.00000818904482003,0.00000694716027283,0.00000904235912458,0.00000589973069509,0.00000294559481517,0.00000175617196874,0.00000104652144728,8.50126070873e-7,6.48510365409e-7,4.76571528907e-7,4.27373294087e-7,3.33470268288e-7,2.57585384134e-7,1.77611710228e-7,1.58169072506e-7,1.61774110552e-7,1.17556830048e-7,8.75799415212e-8,6.40126529561e-8,4.62510989507e-8,3.75605182512e-8,3.08837826424e-8,2.58436472222e-8,2.20972768972e-8,1.9176178867e-8,1.69608806999e-8],"dmean2":[0.00552290910855,0.00109101017006,0.00103570066858,0.0009075331036,0.000710200692993,0.000506853801198,0.000274201564025,0.00017209663929,0.000198963869479,0.000133822948555,0.0000642412414891,0.0000728651430109,0.0000638014389551,0.0000349933143298,0.0000122457013276,0.0000109518896352,0.000014273463421,0.00000926446045924,0.00000457188616565,0.00000266394931714,0.00000155237228228,0.00000129040324737,9.67829805631e-7,7.26057407974e-7,6.32900764685e-7,4.93659001677e-7,3.85838291095e-7,2.69291575705e-7,2.44742096811e-7,2.51241772276e-7,1.81908220043e-7,1.3595972348e-7,1.00083582311e-7,7.3280268964e-8,6.04025913731e-8,4.98481718125e-8,4.18878904895e-8,3.59336063127e-8,3.12193684238e-8,2.76135452282e-8],"dvar":[0.0000473905492981,0.00000183622864824,0.00000242482747126,0.00000223347569772,0.00000114399631457,5.4524468851e-7,1.17887672957e-7,4.83907136584e-8,6.99334208321e-8,3.40503873986e-8,1.56555213238e-8,2.39779520683e-8,1.03736450541e-8,6.5449401454e-9,4.41619102398e-10,2.80598488889e-10,7.17282178098e-10,1.82173887087e-10,4.85657451754e-11,1.49785982229e-11,5.16295773495e-12,3.6149742054e-12,1.77436310003e-12,8.62739621497e-13,1.01815105825e-12,1.33811494871e-12,5.79928900041e-13,1.47982591892e-13,1.07136847137e-13,3.5931129491e-13,5.13050160082e-14,2.68213490968e-14,1.63531416463e-14,8.85661461297e-15,5.97488613015e-15,3.95416663822e-15,2.97290480333e-15,2.28645617386e-15,1.78412751966e-15,1.39772231231e-15],"dvar2":[0.000100092169305,0.00000389869637729,0.00000469551014248,0.00000412420649809,0.0000023855661766,0.00000106523236809,2.24543583727e-7,1.07407885253e-7,1.45736464674e-7,7.44149843968e-8,3.59000651429e-8,3.44572654853e-8,2.25437073453e-8,1.3181865377e-8,8.51336834362e-10,6.34159169621e-10,1.67016112051e-9,4.38151209758e-10,1.18549781103e-10,3.38302580394e-11,1.10497106257e-11,8.0990075757e-12,3.87199517241e-12,1.84433284617e-12,1.9591904054e-12,2.37446520779e-12,1.12047805929e-12,3.21554171094e-13,2.30985342615e-13,8.83415140086e-13,1.13379337657e-13,6.02136342089e-14,3.76145037968e-14,2.04151135558e-14,1.34931027126e-14,9.13790917256e-15,6.89367420299e-15,5.29763331388e-15,4.13125962815e-15,3.23689935024e-15],"max":[0.0910395905375,0.022946363315,0.0557179898024,0.0523611791432,0.0330946967006,0.0235379114747,0.0115600405261,0.00639439001679,0.00665317708626,0.00401663407683,0.00464364141226,0.00627307035029,0.00212528882548,0.0022553470917,0.000533829268534,0.000323244079482,0.000697948038578,0.000292917131446,0.000210820173379,0.0000822361253086,0.0000527998163307,0.0000499195666634,0.0000175736367964,0.0000189516977116,0.0000320006402035,0.0000527373049408,0.0000363598846889,0.0000142111166497,0.00000716762451702,0.0000268781368504,0.00000341288273376,0.00000239763926402,0.00000268764756584,0.00000268492522082,0.00000200359454539,8.17428485789e-7,7.20914272279e-7,6.36984566427e-7,5.6219033695e-7,4.96418238072e-7],"mean":[0.00873242877424,0.00139900576323,0.00125600001775,0.00116851797793,0.0009388680337,0.000761386239901,0.000394170900108,0.000205181437195,0.000248433003435,0.000176075671334,0.0000745548531995,0.0000958284799708,0.0000634407842881,0.0000320340150211,0.0000129726631712,0.00000931480371946,0.0000110461432996,0.0000091127867563,0.0000045505489652,0.00000227916711992,0.00000142815565596,0.00000104755986285,8.3196232481e-7,6.15825570094e-7,5.60573880648e-7,4.51192420314e-7,3.31529975028e-7,2.16027871147e-7,1.79741178385e-7,1.75237389044e-7,1.32958618337e-7,9.84221983913e-8,7.10882801513e-8,4.97855054959e-8,3.97691195531e-8,3.17222941248e-8,2.53824730123e-8,2.12076400885e-8,1.81973174307e-8,1.60620317047e-8],"median":[0.0026889340952,0.00063160713762,0.000387772393879,0.000364912528312,0.000328240159433,0.000271759345196,0.000158472481417,0.0000817575928522,0.000100594334072,0.0000614235905232,0.000019568742573,0.0000188008307305,0.0000159425107995,0.00000562840614293,0.00000353938594344,0.00000247488651439,0.00000250561242865,0.00000213148405237,0.00000106017216694,6.61479134578e-7,4.30412512742e-7,2.99666112369e-7,2.45047829139e-7,1.95917067458e-7,1.57853634164e-7,1.07801405136e-7,8.71195737773e-8,5.97721623308e-8,4.25274961913e-8,3.88235221749e-8,3.41466659393e-8,2.55128043136e-8,1.91986853082e-8,1.33879467512e-8,1.05426751773e-8,8.08807776309e-9,5.30997912307e-9,4.01881461443e-9,3.11497805328e-9,2.68130539993e-9],"min":[1.10825703845e-23,1.90783958889e-23,1.76623211443e-23,6.39977056654e-24,1.22883332341e-23,5.22167267448e-24,6.10171525072e-24,6.24801897193e-24,7.81008899315e-24,4.10654284316e-24,5.32743131174e-24,1.04769800114e-23,9.23987571803e-24,1.76133155271e-23,1.43615551452e-23,1.02740013673e-23,2.10467600419e-23,7.3479876855e-24,7.71709254761e-24,1.58578964869e-23,1.52733268903e-23,1.48235231353e-23,1.38021249679e-23,9.75152459027e-24,1.20044632151e-23,1.3390222824e-23,1.06637436195e-23,9.63216599101e-24,1.4272969221e-23,8.23613462426e-24,1.16896453939e-23,9.80898048544e-24,1.13587561095e-23,1.09517843462e-23,1.13806485773e-23,1.26485870768e-23,1.11541650337e-23,1.11457707648e-23,1.13956077466e-23,9.22002087791e-24],"var":[0.000147389248013,0.00000437199059888,0.00000879182334756,0.00000825444021757,0.00000499347197547,0.00000231860917665,4.67155587103e-7,1.43555908494e-7,2.04435281148e-7,1.0090042224e-7,3.88656040684e-8,8.05616053867e-8,1.92653875075e-8,1.14885523317e-8,9.6702745811e-10,4.16352202715e-10,9.6740504496e-10,3.56276397273e-10,1.01743877212e-10,2.09442550109e-11,8.19289774912e-12,4.72563177825e-12,2.63183333633e-12,1.40577404318e-12,2.1925326138e-12,3.60687434781e-12,1.1631715556e-12,2.30296386345e-13,1.44846672634e-13,3.37556182008e-13,6.86401009273e-14,3.57748634319e-14,2.0453270696e-14,1.11664497432e-14,7.73857262721e-15,4.78094914529e-15,3.50745692019e-15,2.6711552451e-15,2.07081323219e-15,1.62156855631e-15]},"melbands_crest":{"dmean":3.63186359406,"dmean2":5.74982881546,"dvar":14.5977916718,"dvar2":31.8765296936,"max":38.9575767517,"mean":20.4678573608,"median":19.2430858612,"min":1.81025028229,"var":85.0549926758},"melbands_flatness_db":{"dmean":0.0468217246234,"dmean2":0.0724804773927,"dvar":0.00152796739712,"dvar2":0.00383023824543,"max":0.734721004963,"mean":0.377124518156,"median":0.378784656525,"min":0.00452400604263,"var":0.0097627164796},"melbands_kurtosis":{"dmean":10.6607589722,"dmean2":17.2356529236,"dvar":863.099975586,"dvar2":2336.79345703,"max":1000.97186279,"mean":19.0331726074,"median":7.69219017029,"min":-1.71621751785,"var":2345.84594727},"melbands_skewness":{"dmean":0.829974412918,"dmean2":1.27468192577,"dvar":1.10905492306,"dvar2":2.57205963135,"max":24.2119369507,"mean":2.63145637512,"median":2.1347463131,"min":-1.18753707409,"var":5.21986484528},"melbands_spread":{"dmean":2.30908632278,"dmean2":3.56777572632,"dvar":15.1604223251,"dvar2":32.6263542175,"max":203.702636719,"mean":9.45557689667,"median":5.69397449493,"min":0.0916504561901,"var":381.593383789},"mfcc":{"cov":[[9521.76171875,1847.18261719,-576.338378906,245.402496338,-129.183227539,318.300598145,5.24531269073,67.9339675903,-4.91314744949,43.9985580444,19.8175010681,-17.1979675293,-8.00720787048],[1847.18261719,2309.92480469,138.652084351,-129.925079346,-84.061882019,-8.52175331116,-3.61327242851,-19.6068477631,15.0381803513,16.8235263824,14.3702964783,-56.3508224487,-22.1783695221],[-576.338378906,138.652084351,610.626586914,9.28787994385,91.7285003662,-49.3178482056,43.9852561951,6.21763849258,26.7169113159,43.5508155823,27.1340961456,37.143573761,17.9418315887],[245.402496338,-129.925079346,9.28787994385,317.009185791,80.8881988525,57.8757247925,5.74486255646,18.7755260468,2.0825548172,14.3390750885,26.3955287933,20.2138500214,6.83548784256],[-129.183227539,-84.061882019,91.7285003662,80.8881988525,181.393920898,73.7891693115,59.4543418884,3.71160435677,-6.29497718811,18.7082576752,29.483297348,16.5103378296,6.24260187149],[318.300598145,-8.52175331116,-49.3178482056,57.8757247925,73.7891693115,152.704086304,74.7899398804,36.835105896,-0.756711423397,5.67552042007,17.6734142303,12.3476657867,7.98606443405],[5.24531269073,-3.61327242851,43.9852561951,5.74486255646,59.4543418884,74.7899398804,137.364120483,76.7958602905,20.2031707764,2.8579647541,2.35974979401,8.96290969849,16.7619991302],[67.9339675903,-19.6068477631,6.21763849258,18.7755260468,3.71160435677,36.835105896,76.7958602905,121.862304688,66.9225616455,10.7457141876,-0.00106442417018,23.4414634705,29.1102523804],[-4.91314744949,15.0381803513,26.7169113159,2.0825548172,-6.29497718811,-0.756711423397,20.2031707764,66.9225616455,99.5422058105,46.4939079285,14.1818332672,24.0077590942,23.8718032837],[43.9985580444,16.8235263824,43.5508155823,14.3390750885,18.7082576752,5.67552042007,2.8579647541,10.7457141876,46.4939079285,81.2658996582,43.7108955383,7.29033374786,5.06273126602],[19.8175010681,14.3702964783,27.1340961456,26.3955287933,29.483297348,17.6734142303,2.35974979401,-0.00106442417018,14.1818332672,43.7108955383,65.7793426514,34.0309104919,14.1777019501],[-17.1979675293,-56.3508224487,37.143573761,20.2138500214,16.5103378296,12.3476657867,8.96290969849,23.4414634705,24.0077590942,7.29033374786,34.0309104919,92.3676300049,57.9333076477],[-8.00720787048,-22.1783695221,17.9418315887,6.83548784256,6.24260187149,7.98606443405,16.7619991302,29.1102523804,23.8718032837,5.06273126602,14.1777019501,57.9333076477,80.9247894287]],"icov":[[0.00016351499653,-0.000151273008669,0.000146346952533,-0.000160009411047,0.000166116064065,-0.000351234426489,0.000131258377223,-0.000167692283867,0.000285623711534,-0.000433880806668,0.000343715160852,-0.000251164106885,0.0000732490298105],[-0.000151273008669,0.000629950023722,-0.00035957901855,0.000297175545711,0.000254397076787,-0.000010759566976,-0.000139838230098,0.000411750894273,-0.000653465918731,0.000840639695525,-0.00102376297582,0.000969596439973,-0.000300007784972],[0.000146346952533,-0.00035957901855,0.00247155223042,-0.000228112068726,-0.00138135976158,0.00188142608386,-0.00134841282852,0.000213783161598,0.000484397023683,-0.00192529254127,0.00129587750416,-0.00190927658696,0.000627877947409],[-0.000160009411047,0.000297175545711,-0.000228112068726,0.00419845432043,-0.00192496704403,-0.000917651574127,0.00227828440256,-0.00204231985845,0.000657908967696,0.000253853679169,-0.00102555716876,0.000234203806031,0.0000654206596664],[0.000166116064065,0.000254397076787,-0.00138135976158,-0.00192496704403,0.0104310931638,-0.00384136871435,-0.00398861244321,0.00391622586176,-0.000440146657638,-0.000206626980798,-0.00208994932473,0.000128417726955,-0.0000361607526429],[-0.000351234426489,-0.000010759566976,0.00188142608386,-0.000917651574127,-0.00384136871435,0.013493434526,-0.00607663020492,-0.000667901244015,0.00156300596427,-0.000406456325436,-0.00154725834727,-0.00134442991111,0.00088421755936],[0.000131258377223,-0.000139838230098,-0.00134841282852,0.00227828440256,-0.00398861244321,-0.00607663020492,0.0195528119802,-0.013720151037,0.00540847191587,-0.000960588047747,0.000921214232221,0.00238154223189,-0.00152769184206],[-0.000167692283867,0.000411750894273,0.000213783161598,-0.00204231985845,0.00391622586176,-0.000667901244015,-0.013720151037,0.0271741263568,-0.0181707441807,0.00732931448147,-0.00100152683444,0.000167020916706,-0.00199052551761],[0.000285623711534,-0.000653465918731,0.000484397023683,0.000657908967696,-0.000440146657638,0.00156300596427,0.00540847191587,-0.0181707441807,0.0308442953974,-0.020390694961,0.0095720263198,-0.00694806315005,0.000456081441371],[-0.000433880806668,0.000840639695525,-0.00192529254127,0.000253853679169,-0.000206626980798,-0.000406456325436,-0.000960588047747,0.00732931448147,-0.020390694961,0.0367689803243,-0.0252746343613,0.0130664715543,-0.00300006382167],[0.000343715160852,-0.00102376297582,0.00129587750416,-0.00102555716876,-0.00208994932473,-0.00154725834727,0.000921214232221,-0.00100152683444,0.0095720263198,-0.0252746343613,0.0396656058729,-0.0183376502246,0.00497219478711],[-0.000251164106885,0.000969596439973,-0.00190927658696,0.000234203806031,0.000128417726955,-0.00134442991111,0.00238154223189,0.000167020916706,-0.00694806315005,0.0130664715543,-0.0183376502246,0.0300906877965,-0.0168830230832],[0.0000732490298105,-0.000300007784972,0.000627877947409,0.0000654206596664,-0.0000361607526429,0.00088421755936,-0.00152769184206,-0.00199052551761,0.000456081441371,-0.00300006382167,0.00497219478711,-0.0168830230832,0.0243538804352]],"mean":[-765.771240234,204.360214233,22.9185523987,18.1948699951,-1.08714652061,5.92539548874,-0.607107937336,1.91801357269,2.54276204109,3.86741948128,2.82265996933,-0.220878362656,0.806385278702]},"pitch_salience":{"dmean":0.0796215981245,"dmean2":0.126454621553,"dvar":0.00623010843992,"dvar2":0.0139713389799,"max":0.907694339752,"mean":0.486348867416,"median":0.505932033062,"min":0.0384368188679,"var":0.0338370837271},"silence_rate_20dB":{"dmean":0,"dmean2":0,"dvar":0,"dvar2":0,"max":1,"mean":1,"median":1,"min":1,"var":0},"silence_rate_30dB":{"dmean":0.0696470588446,"dmean2":0.139315977693,"dvar":0.0647979453206,"dvar2":0.138734489679,"max":1,"mean":0.863237142563,"median":1,"min":0,"var":0.118052355945},"silence_rate_60dB":{"dmean":0.0216470584273,"dmean2":0.0433009117842,"dvar":0.0211773682386,"dvar2":0.050523493439,"max":1,"mean":0.0724592208862,"median":0,"min":0,"var":0.067207492888},"spectral_centroid":{"dmean":76.9235229492,"dmean2":114.924156189,"dvar":18850.7050781,"dvar2":27713.1328125,"max":11274.6982422,"mean":554.07244873,"median":436.249633789,"min":139.582489014,"var":352634.90625},"spectral_complexity":{"dmean":2.10352945328,"dmean2":3.26011919975,"dvar":5.75511217117,"dvar2":10.8803539276,"max":33,"mean":9.97976779938,"median":9,"min":0,"var":22.1032466888},"spectral_contrast_coeffs":{"dmean":[0.0513277389109,0.0471073053777,0.0397408381104,0.030470540747,0.0288973897696,0.0357716940343],"dmean2":[0.0832122266293,0.0778488069773,0.0639824196696,0.0494186840951,0.047222841531,0.0575038902462],"dvar":[0.00176479713991,0.00151063536759,0.00111644971184,0.000627867586445,0.000618963036686,0.00159172632266],"dvar2":[0.00447275629267,0.00402621598914,0.00269810343161,0.00159707933199,0.00157263537403,0.00374469836242],"max":[-0.304851680994,-0.440089702606,-0.493115723133,-0.659663677216,-0.720296144485,-0.521820604801],"mean":[-0.687864124775,-0.736778497696,-0.782021105289,-0.838699936867,-0.870701014996,-0.817098677158],"median":[-0.69847714901,-0.739371657372,-0.789111614227,-0.841313958168,-0.865825295448,-0.839148044586],"min":[-0.949655652046,-0.969500362873,-0.971260547638,-0.984150826931,-0.974111914635,-0.963197231293],"var":[0.0103326290846,0.00583978695795,0.00579995755106,0.00244037667289,0.00190507434309,0.00339138461277]},"spectral_contrast_valleys":{"dmean":[0.399923294783,0.363946378231,0.398003548384,0.437024712563,0.598573923111,0.882309377193],"dmean2":[0.629435539246,0.585407614708,0.612721860409,0.649319827557,0.902018547058,1.41890668869],"dvar":[0.12648807466,0.119787417352,0.15326628089,0.169302120805,0.270633071661,0.577799379826],"dvar2":[0.265976369381,0.254458934069,0.306689947844,0.33759906888,0.665199220181,1.58144950867],"max":[-4.89823865891,-4.28586769104,-5.52309846878,-6.31631278992,-6.62144231796,-9.03566169739],"mean":[-7.09776163101,-6.70483350754,-7.76001596451,-8.6077041626,-9.11357688904,-11.880941391],"median":[-6.71777439117,-6.4115190506,-7.513879776,-8.40317344666,-8.96383285522,-11.7186450958],"min":[-27.6548080444,-27.0924358368,-26.9906730652,-27.303068161,-27.1427936554,-27.1911582947],"var":[3.82232379913,2.90152716637,2.61383724213,2.26246786118,1.94289910793,1.91930890083]},"spectral_decrease":{"dmean":4.33360192176e-9,"dmean2":6.31649754723e-9,"dvar":4.46701916063e-17,"dvar2":8.98826629699e-17,"max":8.07555669802e-18,"mean":-1.3050953207e-8,"median":-8.93050078332e-9,"min":-8.56952055983e-8,"var":1.69931074899e-16},"spectral_energy":{"dmean":0.0165634993464,"dmean2":0.0240969341248,"dvar":0.000645112479106,"dvar2":0.00129479402676,"max":0.324997633696,"mean":0.0501000285149,"median":0.0346334055066,"min":1.13315819465e-20,"var":0.00247319508344},"spectral_energyband_high":{"dmean":0.0000235358002101,"dmean2":0.0000361045858881,"dvar":1.82205839305e-9,"dvar2":3.99626198799e-9,"max":0.000645625637844,"mean":0.0000276595692412,"median":0.00000779587116995,"min":7.97550259841e-21,"var":2.63467025974e-9},"spectral_energyband_low":{"dmean":0.0126874223351,"dmean2":0.0192176662385,"dvar":0.000522858637851,"dvar2":0.00107889110222,"max":0.307655662298,"mean":0.0320826247334,"median":0.0146801127121,"min":1.44620279411e-22,"var":0.00169349706266},"spectral_energyband_middle_high":{"dmean":0.000822555448394,"dmean2":0.00117685343139,"dvar":0.00000291669039143,"dvar2":0.00000541576082469,"max":0.0417309105396,"mean":0.00154288450722,"median":0.000590856652707,"min":1.86908689159e-21,"var":0.00000732967237127},"spectral_energyband_middle_low":{"dmean":0.00565148703754,"dmean2":0.00816341303289,"dvar":0.0000870206422405,"dvar2":0.000160878116731,"max":0.249754443765,"mean":0.0165612976998,"median":0.00932969991118,"min":2.18436973051e-22,"var":0.000471750186989},"spectral_entropy":{"dmean":0.348108112812,"dmean2":0.534546673298,"dvar":0.0906650796533,"dvar2":0.224014729261,"max":9.82338523865,"mean":6.64539861679,"median":6.59605121613,"min":4.66254854202,"var":0.435794830322},"spectral_flux":{"dmean":0.0304141119123,"dmean2":0.0491432845592,"dvar":0.00158668111544,"dvar2":0.0038752653636,"max":0.433012932539,"mean":0.0821683853865,"median":0.0698922872543,"min":1.06449904447e-10,"var":0.00314414990135},"spectral_kurtosis":{"dmean":13.3315391541,"dmean2":21.7914886475,"dvar":292.135620117,"dvar2":761.480773926,"max":241.785858154,"mean":25.7340164185,"median":18.439491272,"min":-1.21779847145,"var":528.296020508},"spectral_rms":{"dmean":0.00107432180084,"dmean2":0.00149849976879,"dvar":0.00000182608380328,"dvar2":0.00000309759457195,"max":0.0178064834327,"mean":0.00609120773152,"median":0.005812803749,"min":3.32493624647e-12,"var":0.0000117749950732},"spectral_rolloff":{"dmean":128.426177979,"dmean2":213.81401062,"dvar":168150.8125,"dvar2":348364.21875,"max":18776.953125,"mean":788.079467773,"median":344.53125,"min":21.533203125,"var":6761555.5},"spectral_skewness":{"dmean":0.865734994411,"dmean2":1.3707691431,"dvar":0.769304692745,"dvar2":2.00044775009,"max":12.191324234,"mean":3.64237046242,"median":3.36769223213,"min":-0.0174956154078,"var":2.0978307724},"spectral_spread":{"dmean":808644.75,"dmean2":1311057,"dvar":639037014016,"dvar2":1480768487420,"max":41022004,"mean":2852371.5,"median":2565274,"min":443853,"var":2830067302400},"spectral_strongpeak":{"dmean":0.264880001545,"dmean2":0.433341056108,"dvar":0.169037073851,"dvar2":0.389492571354,"max":7.33776855469,"mean":0.576549708843,"median":0.369771182537,"min":0,"var":0.468675076962},"zerocrossingrate":{"dmean":0.00326102948748,"dmean2":0.00407524080947,"dvar":0.0000497860710311,"dvar2":0.00006748031592,"max":0.52685546875,"mean":0.025598237291,"median":0.01318359375,"min":0,"var":0.00527180405334}},"metadata":{"audio_properties":{"analysis_sample_rate":44100,"bit_rate":140026,"codec":"mp3","downmix":"mix","equal_loudness":0,"length":148.010864258,"lossless":false,"md5_encoded":"5b8e6814fa0d01c6b5f440ec65f8c8a9","replay_gain":-1.8609790802,"sample_rate":44100},"tags":{"album":["The Complete Columbia Album Collection"],"albumartist":["Johnny Cash"],"albumartistsort":["Cash, Johnny"],"artist":["Johnny Cash"],"artists":["Johnny Cash"],"artistsort":["Cash, Johnny"],"asin":["B008DDC874"],"barcode":["886979104723"],"catalognumber":["88697910472"],"date":["2012-12-04"],"discnumber":["12/63"],"file_name":"11 - Goodbye Little Darlin’ Goodbye.mp3","label":["Columbia","Legacy"],"language":["eng"],"media":["CD"],"musicbrainz album release country":["US"],"musicbrainz album status":["official"],"musicbrainz album type":["album","compilation"],"musicbrainz release track id":["947b2a51-1db3-3590-ad83-ee7a693b65fe"],"musicbrainz_albumartistid":["d43d12a1-2dc9-4257-a2fd-0a3bb1081b86"],"musicbrainz_albumid":["de36c451-000c-4488-9375-b6d40b6636e5"],"musicbrainz_artistid":["d43d12a1-2dc9-4257-a2fd-0a3bb1081b86"],"musicbrainz_recordingid":["d75d544b-d9b3-498c-9a8b-4601c1a7e4c7"],"musicbrainz_releasegroupid":["30578604-ce5e-4d3d-a09c-6c06fc4c526b"],"musicbrainz_workid":["2328e9bb-0e50-4b33-bfcc-b4588d65126a"],"originaldate":["2012"],"script":["Latn"],"title":["Goodbye Little Darlin’ Goodbye"],"tracknumber":["11/12"],"work":["Goodbye Little Darlin'"],"writer":["Johnny Cash"]},"version":{"essentia":"2.1-beta1","essentia_build_sha":"ca57ba49d9b1854bd80e60cf9ccf267278fb7d6b","essentia_git_sha":"v2.1_beta1-28-g21ef5f4-dirty","extractor":"music 1.0"}},"rhythm":{"beats_count":354,"beats_loudness":{"dmean":0.0680667534471,"dmean2":0.123614832759,"dvar":0.00218337075785,"dvar2":0.00715514132753,"max":0.223541617393,"mean":0.088482350111,"median":0.0803524702787,"min":6.65438981695e-10,"var":0.00301438057795},"beats_loudness_band_ratio":{"dmean":[0.307751089334,0.194806069136,