{"lowlevel":{"average_loudness":0.816489577293,"barkbands":{"dmean":[0.0000925081185414,0.00365012069233,0.00577040575445,0.00161160773132,0.00334479217418,0.000647959706839,0.000720164331142,0.000576983962674,0.000333463278366,0.000318669452099,0.000202808980248,0.000191669008927,0.000100970399217,0.0000826529576443,0.000123008314404,0.000107199397462,0.000162266413099,0.000157837042934,0.000201101895072,0.000192118648556,0.000228652905207,0.000213995226659,0.000233855636907,0.000268968462478,0.000162380354595,0.0000768869867898,0.0000329324793711],"dmean2":[0.000153129585669,0.0060533513315,0.00980462599546,0.00275102537125,0.00561467278749,0.000979208271019,0.00108910084236,0.000874763994943,0.000496497610584,0.000455275789136,0.000279703905107,0.000298055034364,0.000161205884069,0.000135056558065,0.000206156008062,0.000177683192305,0.00027872301871,0.000262810004642,0.000334737676894,0.000322643172694,0.000380470388336,0.000344444997609,0.000369824643712,0.000396154238842,0.000241990725044,0.000120457494631,0.0000540380569873],"dvar":[5.57430617221e-8,0.000120992364828,0.000393045716919,0.000015254146092,0.000092705777206,0.00000193017444872,0.00000225305734602,0.0000012584768001,3.94688726146e-7,4.40795304257e-7,2.48386839985e-7,1.59419343504e-7,3.84927147934e-8,3.99278974328e-8,1.13052244899e-7,7.67356524989e-8,1.47239916259e-7,1.70009997191e-7,3.2371625025e-7,5.28156306245e-7,6.71138764119e-7,5.28938187472e-7,4.97866778915e-7,7.98404414581e-7,3.44527450125e-7,6.76935840715e-8,1.4650722413e-8],"dvar2":[1.4348617583e-7,0.000320030929288,0.00100913422648,0.0000423665551352,0.000262996501988,0.00000444044826509,0.00000511413236381,0.00000263574747805,9.09271420824e-7,9.02972828953e-7,3.97475560021e-7,3.58503001507e-7,9.91534463424e-8,1.07749059453e-7,3.11164370714e-7,2.03412753308e-7,4.15203601278e-7,4.54803455341e-7,8.47477508614e-7,0.00000143874240166,0.00000179578523785,0.00000136458800171,0.0000012587713627,0.00000159626449658,6.85367410824e-7,1.69055653032e-7,3.89205361273e-8],"max":[0.00448540505022,0.164279431105,0.30266803503,0.0589703992009,0.165738806129,0.0487259924412,0.0543773621321,0.0487651899457,0.0143499849364,0.0247084889561,0.0224876590073,0.0132029904053,0.00397705286741,0.00508319819346,0.00942923501134,0.00702779088169,0.0116460220888,0.00726231560111,0.00906513258815,0.0185729525983,0.0177583340555,0.0151746859774,0.011935705319,0.0251752436161,0.0225535538048,0.00689856149256,0.00195566448383],"mean":[0.000108300955617,0.00392016302794,0.00496993586421,0.00197719223797,0.00456167105585,0.00122710259166,0.00139602797572,0.00124132807832,0.000609402486589,0.000686276354827,0.000425752805313,0.000346048589563,0.000149536674144,0.000122871118947,0.000166753947269,0.000162979835295,0.000241261092015,0.000252150406595,0.000300740852254,0.000232824721024,0.000278460443951,0.000262801273493,0.000308590795612,0.000359162135283,0.000198099471163,0.0000787780372775,0.0000294025212497],"median":[0.0000167542766576,0.000984319020063,0.000922434090171,0.000496504479088,0.00228395313025,0.000485143740661,0.000553006015252,0.000372359267203,0.000249235279625,0.000244559021667,0.000139745010529,0.000134858273668,0.0000686406565364,0.0000528753844264,0.000064368963649,0.0000609961462033,0.000116683360829,0.0000930601090658,0.000103712911368,0.0000683223188389,0.0000805664312793,0.0000723824268789,0.0000699895026628,0.0000482823234051,0.0000219472458411,0.00000593409640715,0.00000121585640045],"min":[9.24803955638e-10,5.78772724191e-11,2.19319701289e-12,3.09710861558e-13,2.19058148357e-12,7.21592924302e-13,4.52453043564e-13,4.12106357069e-13,2.94958610488e-13,2.29902631221e-13,2.88245013795e-13,4.74015249795e-13,5.13194467391e-13,7.41870269643e-13,9.33868108711e-13,9.23967066052e-13,1.19094382793e-12,1.83626226204e-12,1.57254623819e-12,2.84869263595e-12,3.1447906345e-12,4.96069851863e-12,6.69767583408e-12,9.22341456683e-12,9.91097395125e-12,1.12575834071e-11,1.49006917916e-11],"var":[6.48556621741e-8,0.000095504008641,0.00029129430186,0.0000150253626998,0.0000739448878448,0.00000496866096,0.00000575441708861,0.00000424896961704,0.00000105608910417,0.00000202137584893,0.00000129612294586,3.6221456412e-7,6.22291338459e-8,4.71647609857e-8,1.10493715511e-7,1.00744180997e-7,1.67321104527e-7,2.21520735977e-7,3.86861700008e-7,4.21250518912e-7,5.78943854634e-7,5.23688584053e-7,5.78189371936e-7,0.00000144578586969,6.29940188901e-7,7.23977322536e-8,1.26833974434e-8]},"barkbands_crest":{"dmean":2.32711386681,"dmean2":3.70367145538,"dvar":5.5772190094,"dvar2":14.2638263702,"max":26.8373794556,"mean":9.89913272858,"median":9.20093345642,"min":2.28488731384,"var":16.4234752655},"barkbands_flatness_db":{"dmean":0.0253044515848,"dmean2":0.0396143570542,"dvar":0.00122761260718,"dvar2":0.00300248619169,"max":0.509568870068,"mean":0.139191448689,"median":0.119224280119,"min":0.0175683256239,"var":0.00601223250851},"barkbands_kurtosis":{"dmean":4.32776021957,"dmean2":7.05500364304,"dvar":89.3334884644,"dvar2":224.534744263,"max":327.859313965,"mean":8.09829711914,"median":2.49848747253,"min":-1.94086456299,"var":625.324462891},"barkbands_skewness":{"dmean":0.607844948769,"dmean2":0.929073929787,"dvar":0.708987236023,"dvar2":1.65649354458,"max":17.9641971588,"mean":1.9303804636,"median":1.58358573914,"min":-5.33401584625,"var":3.32272458076},"barkbands_spread":{"dmean":7.15540456772,"dmean2":10.8560686111,"dvar":108.464790344,"dvar2":219.575820923,"max":107.662269592,"mean":24.834356308,"median":20.0181159973,"min":0.6855712533,"var":348.591522217},"dissonance":{"dmean":0.0196196828038,"dmean2":0.0317495316267,"dvar":0.000487122277264,"dvar2":0.00121229246724,"max":0.500000059605,"mean":0.452482819557,"median":0.464098334312,"min":0.143497481942,"var":0.0018113948172},"dynamic_complexity":3.63541030884,"erbbands":{"dmean":[0.0505271628499,1.07406878471,6.19330596924,5.40587282181,7.99561262131,13.2434740067,6.90838098526,5.66289806366,8.25546360016,15.7559614182,8.50717449188,8.90528583527,5.83979320526,10.1621608734,8.6573343277,6.89401340485,4.98618650436,4.13185358047,5.13352537155,6.54884624481,5.68184185028,8.23713588715,8.43273925781,9.79267311096,10.0441846848,9.2392988205,8.75214767456,9.08957576752,7.81631994247,6.7709479332,6.82571172714,6.57785415649,3.84974980354,2.10132431984,1.01616346836,0.391514569521,0.130655258894,0.0337737090886,0.00550041440874,0.000342889892636],"dmean2":[0.0778609588742,1.79136049747,10.5375328064,9.03577804565,13.5114555359,22.2356586456,11.2210531235,8.5988035202,12.0956163406,24.9236164093,12.7165803909,13.3058853149,8.14202785492,14.7671260834,12.1744594574,10.6877822876,7.91579580307,6.71596813202,8.43014144897,10.9900808334,9.49030303955,14.0882787704,13.9940433502,16.2076053619,16.9185886383,15.4406499863,14.654458046,15.159078598,12.7336740494,10.8533267975,10.7414274216,9.9078578949,5.65376472473,3.13768148422,1.53152620792,0.601802051067,0.208267405629,0.0548498108983,0.00905416160822,0.000558161817025],"dvar":[0.0149176139385,11.2945947647,461.23147583,190.783325195,411.815734863,1709.11767578,260.734588623,192.539932251,300.575531006,1241.24511719,350.987182617,282.975860596,186.690963745,455.785644531,322.864898682,169.371246338,87.9529724121,90.790397644,171.591751099,345.173736572,210.597549438,438.836975098,464.400115967,717.876464844,978.338439941,1157.9901123,1144.62414551,983.362121582,710.088806152,508.876525879,420.443725586,430.62121582,196.008331299,62.5291786194,13.3737649918,1.76713323593,0.208461761475,0.0145079996437,0.000410021166317,0.00000160131935445],"dvar2":[0.0363625027239,29.7608680725,1193.21472168,481.05645752,1169.265625,4876.94677734,678.867858887,453.772155762,663.964355469,2986.91210938,735.131164551,668.659973145,321.644226074,971.765319824,570.100891113,413.17098999,224.725723267,244.655441284,463.368164062,940.382507324,571.699829102,1227.02661133,1245.35754395,1892.93676758,2608.5300293,3151.54760742,3094.0925293,2607.10595703,1847.02954102,1319.73156738,1056.04101562,933.435913086,384.197357178,125.879440308,27.9602584839,4.15934610367,0.535582482815,0.0380711369216,0.00108995998744,0.00000430524187323],"max":[1.90147399902,50.6006011963,322.191955566,193.422744751,325.929199219,864.086914062,255.291946411,573.729919434,563.97833252,1187.1529541,455.043365479,434.231170654,755.045471191,628.104736328,620.460510254,289.584350586,190.206130981,242.51499939,357.707702637,371.326263428,460.212280273,706.982543945,421.889434814,515.288452148,763.774658203,837.823913574,713.887695312,550.583435059,668.494445801,355.652801514,368.629089355,601.732299805,425.4296875,340.22265625,137.556488037,52.2448272705,7.25434494019,2.01131439209,0.287999480963,0.0209974460304],"mean":[0.0695236027241,1.0799677372,5.37366008759,6.08040904999,10.8816785812,16.9480552673,10.9236698151,10.5059509277,16.6019496918,30.4620113373,20.1563510895,16.8807506561,14.6542444229,21.3356456757,19.0926113129,13.488489151,8.25976753235,6.4908823967,7.13410758972,9.66973495483,9.01281356812,12.6161956787,13.8080625534,15.7374000549,14.0433139801,11.6444654465,9.9975194931,11.3626928329,9.87349128723,8.27145862579,9.23065662384,9.02481746674,4.86990690231,2.62125325203,1.17707800865,0.424747675657,0.129171922803,0.0316604971886,0.00490150321275,0.000319554004818],"median":[0.0107391793281,0.262466877699,1.1498272419,1.70376849174,4.90588283539,7.15925312042,4.8039855957,4.32759094238,7.30270576477,10.3342990875,6.67838859558,7.13181495667,5.95092058182,7.96786785126,8.19213104248,6.09691524506,4.63280582428,3.13350009918,2.84650325775,3.86357831955,4.10930728912,6.32326126099,6.51581478119,5.3265209198,4.93099784851,3.61479234695,2.90022850037,2.9043700695,2.90805149078,1.99409508705,2.04205155373,1.38312482834,0.567037582397,0.317506194115,0.102826014161,0.03733946383,0.0086356094107,0.00175630534068,0.000207564036828,0.0000354394978785],"min":[3.70802410998e-8,8.78613359845e-9,3.22033244515e-9,4.99944796672e-9,1.01530455154e-8,7.61082663558e-9,5.90134829892e-9,5.98315574862e-9,5.87004977959e-9,3.97283361764e-9,1.28853940851e-8,9.84973258511e-9,7.71689823154e-9,9.95794469105e-9,1.97412504122e-8,2.21219735863e-8,2.63500936626e-8,3.94421455496e-8,4.41348895208e-8,6.04416001693e-8,6.24476115263e-8,7.92401877447e-8,1.03098287241e-7,1.04616276531e-7,1.30119943265e-7,1.40368172197e-7,1.41817636745e-7,1.18746164901e-7,1.78270894935e-7,1.80698464192e-7,1.70342161709e-7,1.30633637241e-7,1.57143574597e-7,1.02758988874e-7,7.40782155617e-8,4.86687810053e-8,2.1301060471e-8,9.19804321597e-9,1.74452952084e-9,2.15106571444e-10],"var":[0.0189761295915,8.59198379517,336.68951416,167.935714722,378.968444824,1285.78540039,377.732635498,418.62612915,767.7734375,3149.91357422,1294.4486084,700.233459473,1431.34716797,1640.49719238,1453.39941406,448.398010254,153.037841797,112.209358215,185.642837524,370.280517578,249.310394287,468.55065918,573.539123535,969.281799316,978.589904785,940.610839844,922.948547363,904.939147949,704.474304199,488.907226562,517.361694336,732.031433105,352.594055176,116.755073547,21.2018966675,2.20645070076,0.203442439437,0.0130959479138,0.000353755138349,0.00000133855871809]},"erbbands_crest":{"dmean":2.40732479095,"dmean2":3.88337063789,"dvar":5.75535488129,"dvar2":14.1979875565,"max":32.6636657715,"mean":8.61045837402,"median":7.47915172577,"min":1.97918713093,"var":20.4575614929},"erbbands_flatness_db":{"dmean":0.0183246079832,"dmean2":0.0274988356978,"dvar":0.000563510577194,"dvar2":0.00123657635413,"max":0.417606502771,"mean":0.145203724504,"median":0.133128255606,"min":0.0288838054985,"var":0.00326758739538},"erbbands_kurtosis":{"dmean":1.03382194042,"dmean2":1.5885989666,"dvar":3.74877810478,"dvar2":7.83568429947,"max":51.560874939,"mean":0.715239048004,"median":-0.418176651001,"min":-1.87128460407,"var":10.3342418671},"erbbands_skewness":{"dmean":0.380119740963,"dmean2":0.565525770187,"dvar":0.181621596217,"dvar2":0.354066967964,"max":5.85754203796,"mean":0.470464289188,"median":0.435449540615,"min":-5.35837316513,"var":0.884877920151},"erbbands_spread":{"dmean":9.94295597076,"dmean2":15.2815237045,"dvar":153.892730713,"dvar2":346.414550781,"max":161.455001831,"mean":48.7064361572,"median":46.9250640869,"min":3.00065612793,"var":567.08782959},"gfcc":{"cov":[[18997.8046875,-1900.98425293,-546.292419434,546.841369629,-618.57623291,286.775756836,-538.829162598,13.7545852661,-291.725982666,197.294677734,-404.785003662,2.42101359367,-152.618164062],[-1900.98425293,2767.85058594,-52.7988739014,-313.997650146,324.278503418,-201.61618042,346.719696045,-25.4844970703,163.717285156,-226.805084229,202.336074829,-99.7879257202,15.874174118],[-546.292419434,-52.7988739014,769.429443359,191.2084198,131.938949585,106.339706421,-28.2122306824,13.2194728851,78.4049224854,90.9426345825,-10.9302339554,-24.486125946,42.7602310181],[546.841369629,-313.997650146,191.2084198,466.867492676,79.698677063,99.7118835449,-64.2040405273,-23.9246444702,72.392036438,82.4273910522,-12.8003425598,-2.15565633774,29.8470783234],[-618.57623291,324.278503418,131.938949585,79.698677063,418.591003418,-11.8290719986,118.613853455,-25.3419799805,63.7856330872,45.6116409302,5.35903358459,12.183795929,21.5507774353],[286.775756836,-201.61618042,106.339706421,99.7118835449,-11.8290719986,282.130065918,25.192609787,52.9457321167,27.6091480255,24.8446273804,-3.17650532722,16.2980041504,26.400094986],[-538.829162598,346.719696045,-28.2122306824,-64.2040405273,118.613853455,25.192609787,315.407897949,65.9837722778,20.4237003326,-32.4908447266,25.2472019196,7.04384231567,0.365848273039],[13.7545852661,-25.4844970703,13.2194728851,-23.9246444702,-25.3419799805,52.9457321167,65.9837722778,138.257263184,7.10366725922,3.70917034149,16.2261695862,13.1600074768,-5.16385269165],[-291.725982666,163.717285156,78.4049224854,72.392036438,63.7856330872,27.6091480255,20.4237003326,7.10366725922,135.862625122,35.3076438904,11.2055397034,-22.9385318756,15.9054765701],[197.294677734,-226.805084229,90.9426345825,82.4273910522,45.6116409302,24.8446273804,-32.4908447266,3.70917034149,35.3076438904,143.278259277,-22.2228527069,1.55687725544,9.73519611359],[-404.785003662,202.336074829,-10.9302339554,-12.8003425598,5.35903358459,-3.17650532722,25.2472019196,16.2261695862,11.2055397034,-22.2228527069,116.046096802,17.7304153442,-3.92083334923],[2.42101359367,-99.7879257202,-24.486125946,-2.15565633774,12.183795929,16.2980041504,7.04384231567,13.1600074768,-22.9385318756,1.55687725544,17.7304153442,84.0089645386,15.5117950439],[-152.618164062,15.874174118,42.7602310181,29.8470783234,21.5507774353,26.400094986,0.365848273039,-5.16385269165,15.9054765701,9.73519611359,-3.92083334923,15.5117950439,72.7928771973]],"icov":[[0.000072785987868,-0.0000344973741448,0.0000742626216379,-0.000134627873194,0.0000820239147288,-0.0000886143170646,0.0000855562830111,-0.0000604554443271,0.000178296744707,-0.000129124397063,0.000262250308879,-0.0000545984366909,0.000178910675459],[-0.0000344973741448,0.000874044199008,-0.0000697316718288,0.000573776080273,-0.000595400633756,0.000428680243203,-0.000499136862345,0.000283824978396,-0.00108637509402,0.00123332440853,-0.0013308164198,0.001115729101,-0.000650795525871],[0.0000742626216379,-0.0000697316718288,0.00175680487882,-0.000487446552143,-0.000400202232413,-0.000530400197022,0.000441854179371,-0.0004441619094,0.0000666959604132,-0.00067783636041,0.000207773133297,0.000676393858157,-0.000440965144662],[-0.000134627873194,0.000573776080273,-0.000487446552143,0.00351376598701,-0.000868310977239,-0.000522612594068,0.000213679551962,0.00085554557154,-0.00185883836821,0.0000997025199467,-0.00119213596918,0.000609298644122,-0.000856787955854],[0.0000820239147288,-0.000595400633756,-0.000400202232413,-0.000868310977239,0.00397659931332,0.000271990662441,-0.00139925687108,0.00118250504602,-0.000198934489163,-0.00174664147198,0.00114266306628,-0.00189208192751,0.000449710903922],[-0.0000886143170646,0.000428680243203,-0.000530400197022,-0.000522612594068,0.000271990662441,0.00485278619453,-0.000811712990981,-0.00131100788713,-0.0010485999519,0.000651356065646,-0.000465107703349,-0.000286080641672,-0.00150492344983],[0.0000855562830111,-0.000499136862345,0.000441854179371,0.000213679551962,-0.00139925687108,-0.000811712990981,0.00504863075912,-0.00252815056592,0.000346987100784,0.000474989792565,0.000640324375127,-0.0002497806272,0.000393358699512],[-0.0000604554443271,0.000283824978396,-0.0004441619094,0.00085554557154,0.00118250504602,-0.00131100788713,-0.00252815056592,0.00979876704514,-0.00114732817747,-0.000640843354631,-0.00135225278791,-0.00122403621208,0.00107906933408],[0.000178296744707,-0.00108637509402,0.0000666959604132,-0.00185883836821,-0.000198934489163,-0.0010485999519,0.000346987100784,-0.00114732817747,0.0117087149993,-0.00340349483304,0.000195002096007,0.00244881794788,-0.00092475611018],[-0.000129124397063,0.00123332440853,-0.00067783636041,0.0000997025199467,-0.00174664147198,0.000651356065646,0.000474989792565,-0.000640843354631,-0.00340349483304,0.0108958818018,-0.000261522014625,0.000531037978362,-0.0007901264471],[0.000262250308879,-0.0013308164198,0.000207773133297,-0.00119213596918,0.00114266306628,-0.000465107703349,0.000640324375127,-0.00135225278791,0.000195002096007,-0.000261522014625,0.0124321840703,-0.00451455404982,0.00256208260544],[-0.0000545984366909,0.001115729101,0.000676393858157,0.000609298644122,-0.00189208192751,-0.000286080641672,-0.0002497806272,-0.00122403621208,0.00244881794788,0.000531037978362,-0.00451455404982,0.0164814274758,-0.00478797126561],[0.000178910675459,-0.000650795525871,-0.000440965144662,-0.000856787955854,0.000449710903922,-0.00150492344983,0.000393358699512,0.00107906933408,-0.00092475611018,-0.0007901264471,0.00256208260544,-0.00478797126561,0.016818229109]],"mean":[-28.527141571,83.4630279541,-98.0677719116,33.5070533752,-66.7264938354,6.04028558731,-34.942565918,5.45641899109,-24.2171554565,-8.79105377197,-13.8509721756,-0.996268630028,-14.668800354]},"hfc":{"dmean":12.8296976089,"dmean2":19.0626049042,"dvar":1271.00585938,"dvar2":3181.87744141,"max":579.678833008,"mean":21.8985118866,"median":11.6121234894,"min":0.00000146414299707,"var":1526.65283203},"melbands":{"dmean":[0.000708884443156,0.00259771617129,0.00101548386738,0.000797011656687,0.000319500715705,0.000124384838273,0.000130093365442,0.000165633799043,0.0000627710978733,0.0000531127916474,0.0000300009523926,0.0000440270960098,0.0000306028232444,0.0000216874705075,0.0000153897708515,0.00000844951955514,0.00000826647010399,0.00000809884659247,0.00000860001637193,0.00000877853290149,0.00000666442247166,0.00000816986448626,0.0000100501156339,0.00000749763466956,0.00000836305662233,0.00000818881744635,0.00000658829458189,0.00000618175408817,0.00000542578936802,0.00000544490148968,0.00000547038644072,0.00000452101676274,0.00000411235532738,0.00000373613715965,0.00000384535678677,0.00000439514587924,0.0000039490259951,0.00000288900969281,0.00000218261311602,0.00000165973619914],"dmean2":[0.00113925873302,0.00439726840705,0.00168954348192,0.0013351078378,0.000528398668393,0.00018797069788,0.000190715436474,0.00026060899836,0.0000932280017878,0.0000790507983766,0.0000419135649281,0.0000641083388473,0.000042446929001,0.000033328855352,0.0000242232254095,0.0000135877144203,0.0000135347390824,0.0000132964241857,0.0000146132342707,0.0000144508921949,0.0000113243822852,0.0000139316962304,0.000017231590391,0.0000124502857943,0.0000139488038258,0.0000137381994136,0.0000111216031655,0.0000103906950244,0.00000917123179534,0.00000914125394047,0.00000919883950701,0.0000074619138104,0.00000666922687742,0.00000609094513493,0.0000061906926021,0.00000681769552102,0.00000596853487878,0.00000435386891695,0.00000327330826622,0.00000252318591265],"dvar":[0.0000037629936287,0.0000769057514844,0.00000575656122237,0.00000518123260917,7.4162699093e-7,8.55332942251e-8,6.78691307598e-8,1.25764884729e-7,1.96365377292e-8,1.00519539359e-8,4.91148188786e-9,9.08221053919e-9,5.11488007504e-9,2.42521824845e-9,6.49287346111e-10,2.97254693082e-10,3.69310138026e-10,4.39103087224e-10,7.496622767e-10,5.32477506532e-10,3.07887770834e-10,4.6143619481e-10,5.20029741491e-10,4.05251610047e-10,5.19822740408e-10,5.31042876339e-10,6.01782901288e-10,5.25682330998e-10,4.38532044011e-10,4.80074480169e-10,3.17059045685e-10,2.48625620092e-10,1.9393935069e-10,1.5615451987e-10,1.42825667959e-10,1.87810669794e-10,1.69237374115e-10,1.22290552684e-10,6.88098952817e-11,4.05459589514e-11],"dvar2":[0.00000973345686361,0.000196860957658,0.0000146506117744,0.0000147509817907,0.0000020295219656,2.00276076612e-7,1.5060643932e-7,2.97754809253e-7,4.15262668696e-8,2.32656862664e-8,8.5948794748e-9,1.94629645733e-8,8.13749068129e-9,5.46015810343e-9,1.61284330336e-9,7.78698161508e-10,9.95424853656e-10,1.18921672509e-9,2.0839532322e-9,1.39951095157e-9,8.43044301035e-10,1.27738686295e-9,1.47389422889e-9,1.07602249333e-9,1.37888500618e-9,1.39597433613e-9,1.63591473701e-9,1.44033485139e-9,1.18582732522e-9,1.30379596008e-9,8.39338543113e-10,6.50686671211e-10,5.00842256557e-10,4.08809042174e-10,3.68983898991e-10,4.46661790887e-10,3.60129148724e-10,2.46531794978e-10,1.43343004133e-10,8.15432513179e-11],"max":[0.0267051327974,0.123230703175,0.0306291300803,0.0380879677832,0.0168082024902,0.0113948583603,0.00760972127318,0.0116541050375,0.00341901299544,0.00259549333714,0.00371375516988,0.00310249370523,0.00314544979483,0.00163150287699,0.000391967361793,0.000287474365905,0.000492141931318,0.000621891056653,0.000805896008387,0.00057173462119,0.000574578996748,0.000777946144808,0.000443890836323,0.000410161621403,0.000440629461082,0.000403874000767,0.000718884461094,0.000588817871176,0.000406127539463,0.000559215259273,0.00028676688089,0.000456070061773,0.000227231619647,0.000191808110685,0.000199076050194,0.00029573959182,0.00038330827374,0.000328724912833,0.000323823682265,0.000287490634946],"mean":[0.000849470146932,0.00237789843231,0.00120323139708,0.00108976231422,0.000463165983092,0.000232466903981,0.000261496315943,0.000327427318553,0.00014570937492,0.0000981032426353,0.0000726808139007,0.0000895761186257,0.000065084110247,0.000041809558752,0.0000273677742371,0.0000125534224935,0.0000122301635201,0.0000109174225145,0.0000111852505142,0.0000135358732223,0.00000986325630947,0.0000119976248243,0.0000150045907503,0.0000117627860163,0.0000127263356262,0.0000116183673526,0.00000817541058495,0.00000752659570935,0.00000605696322964,0.0000060116608438,0.00000708452444087,0.00000567925962969,0.00000490859747515,0.00000445772957391,0.00000512009000886,0.00000590478157392,0.00000528036844116,0.0000035836603729,0.00000264031473307,0.0000020450474949],"median":[0.000193643412786,0.000566287490074,0.00039156479761,0.000519934110343,0.000207780336495,0.0000910252929316,0.000114318725537,0.00011310044647,0.0000494249034091,0.0000387404725188,0.0000280502135865,0.0000311987787427,0.0000248503602052,0.0000157785543706,0.000013051665519,0.00000598046335654,0.00000522979189554,0.00000395249662688,0.00000418723266193,0.00000493484139952,0.00000413773113905,0.00000573119359615,0.0000070767946454,0.00000417665614805,0.00000397124040319,0.00000382069902116,0.00000274228318631,0.00000210527286981,0.00000152295365297,0.00000143682041198,0.00000167668883932,0.00000158715386078,0.0000012051258409,9.31578426844e-7,0.00000113509076982,0.00000104886930785,6.82391828377e-7,3.72751941313e-7,2.86247086478e-7,2.22344993972e-7],"min":[5.68391167466e-10,1.19521742763e-12,1.33492587644e-12,4.68335114613e-13,2.36990494503e-13,1.43234369135e-13,9.85171349339e-14,4.6809656303e-14,1.03138099461e-13,4.41482923353e-14,3.06254553781e-14,3.59016473234e-14,4.11853439807e-14,5.22611501871e-14,5.73349080344e-14,4.73490434957e-14,6.66831295585e-14,5.91770962744e-14,6.62348932754e-14,6.61494310391e-14,6.80179586157e-14,6.45356164342e-14,6.80987113488e-14,7.71256634404e-14,6.6444564423e-14,7.35245198058e-14,8.39901200889e-14,7.72564249987e-14,7.93699145036e-14,7.6335700185e-14,6.02193127178e-14,8.67363906393e-14,9.08851580149e-14,8.72892998659e-14,6.62087436742e-14,8.55041474364e-14,7.058899499e-14,8.8359685237e-14,8.25403113913e-14,8.17996454535e-14],"var":[0.00000346964702658,0.0000577083228563,0.00000529899216417,0.00000430427371612,7.20511309282e-7,1.99649932142e-7,1.78329386813e-7,3.3418922385e-7,7.01475713072e-8,2.60085091242e-8,3.59647778225e-8,3.07335561445e-8,2.58910919371e-8,5.67249935912e-9,1.53861567931e-9,4.089381056e-10,4.56094884083e-10,4.75184280813e-10,6.44330866439e-10,7.42695738243e-10,3.38967048874e-10,4.73921346611e-10,6.06768968403e-10,5.2376569748e-10,6.8694439026e-10,6.19353845988e-10,4.82939521707e-10,4.20875473361e-10,3.52887857824e-10,3.80585535309e-10,3.09029773993e-10,2.44795156368e-10,1.8593233897e-10,1.46351764041e-10,1.60039995145e-10,2.68476713083e-10,2.89946261445e-10,2.07071845781e-10,1.1831423341e-10,7.55131790431e-11]},"melbands_crest":{"dmean":3.25827169418,"dmean2":5.2211894989,"dvar":12.0466222763,"dvar2":29.8705387115,"max":39.7262496948,"mean":14.2260484695,"median":13.1792812347,"min":3.55513215065,"var":30.3680667877},"melbands_flatness_db":{"dmean":0.0301031600684,"dmean2":0.0463601909578,"dvar":0.00175848347135,"dvar2":0.00402913754806,"max":0.675664067268,"mean":0.207632258534,"median":0.186652034521,"min":0.0324640572071,"var":0.00896967481822},"melbands_kurtosis":{"dmean":10.6559038162,"dmean2":17.3335571289,"dvar":521.243652344,"dvar2":1301.02600098,"max":556.491394043,"mean":21.8138275146,"median":10.7058868408,"min":-1.9345420599,"var":1853.38061523},"melbands_skewness":{"dmean":0.830797612667,"dmean2":1.28701388836,"dvar":1.38794541359,"dvar2":3.13476467133,"max":22.6019382477,"mean":3.24130010605,"median":2.75249004364,"min":-1.98807442188,"var":5.29213523865},"melbands_spread":{"dmean":7.91178560257,"dmean2":11.790096283,"dvar":214.673171997,"dvar2":404.55847168,"max":284.516418457,"mean":23.445142746,"median":17.8080196381,"min":0.676002979279,"var":546.273376465},"mfcc":{"cov":[[11958.2705078,-1505.13696289,-191.64163208,138.954910278,66.3383026123,210.275634766,-155.427719116,-52.7867736816,-3.93076395988,115.996902466,-120.524116516,-140.218978882,-6.38486433029],[-1505.13696289,2275.82910156,-89.0195617676,57.2707481384,-47.1074790955,-75.3697738647,156.800079346,169.65133667,36.7884635925,-39.9685134888,92.5076065063,101.571640015,9.43684482574],[-191.64163208,-89.0195617676,699.290161133,43.0434417725,134.594085693,73.0596923828,-33.7506828308,-26.6956558228,34.7371406555,82.4708709717,-2.99213027954,-8.09898376465,-4.63497400284],[138.954910278,57.2707481384,43.0434417725,378.782623291,134.27130127,99.803604126,-1.61923336983,-38.2490768433,32.3275184631,43.1702880859,32.6022529602,-5.25675630569,23.9947891235],[66.3383026123,-47.1074790955,134.594085693,134.27130127,302.082885742,131.799789429,-47.3123588562,-56.8678207397,12.4677343369,51.1358985901,10.1003799438,-30.7039089203,25.1222610474],[210.275634766,-75.3697738647,73.0596923828,99.803604126,131.799789429,245.863845825,8.49743461609,-9.91634654999,56.649181366,70.1346359253,13.0682086945,-25.9938964844,14.7895746231],[-155.427719116,156.800079346,-33.7506828308,-1.61923336983,-47.3123588562,8.49743461609,185.102401733,95.94871521,30.9127197266,-15.7557353973,31.0534439087,36.3642349243,-2.34732937813],[-52.7867736816,169.65133667,-26.6956558228,-38.2490768433,-56.8678207397,-9.91634654999,95.94871521,195.452438354,19.8535480499,-11.820561409,16.3406791687,35.174030304,-2.32632350922],[-3.93076395988,36.7884635925,34.7371406555,32.3275184631,12.4677343369,56.649181366,30.9127197266,19.8535480499,157.422286987,42.4826812744,14.7052564621,-2.10875535011,14.2638082504],[115.996902466,-39.9685134888,82.4708709717,43.1702880859,51.1358985901,70.1346359253,-15.7557353973,-11.820561409,42.4826812744,142.070114136,17.7119789124,1.69530487061,3.810308218],[-120.524116516,92.5076065063,-2.99213027954,32.6022529602,10.1003799438,13.0682086945,31.0534439087,16.3406791687,14.7052564621,17.7119789124,95.0017623901,19.3261146545,12.5606098175],[-140.218978882,101.571640015,-8.09898376465,-5.25675630569,-30.7039089203,-25.9938964844,36.3642349243,35.174030304,-2.10875535011,1.69530487061,19.3261146545,106.598007202,0.0933895260096],[-6.38486433029,9.43684482574,-4.63497400284,23.9947891235,25.1222610474,14.7895746231,-2.34732937813,-2.32632350922,14.2638082504,3.810308218,12.5606098175,0.0933895260096,73.5724258423]],"icov":[[0.000095844588941,0.0000596493155172,0.0000467605059384,-0.0000497996697959,0.0000218077548197,-0.0000567516326555,0.0000508843440912,-0.0000736251095077,0.0000175892346306,-0.0000701118697179,0.0000812167490949,0.0000564425135963,0.0000093950138762],[0.0000596493155172,0.000548839045223,0.0000644564424874,-0.000148730236106,-0.0000819237175165,0.000185541401152,-0.000141887401696,-0.000349171692505,-0.0000977666859399,0.0000718624796718,-0.000273829500657,-0.000215122214286,0.0000247103307629],[0.0000467605059384,0.0000644564424874,0.0016827051295,0.0000772896964918,-0.000712536100764,0.0000442574128101,0.000109402099042,-0.000074092313298,-0.000225108713494,-0.000747994577978,0.000218728207983,-0.000108091306174,0.000357323820936],[-0.0000497996697959,-0.000148730236106,0.0000772896964918,0.00343762268312,-0.00114683492575,-0.000623066211119,-0.000305232591927,0.000697409093846,-0.000256944738794,-0.000163801232702,-0.000741001567803,-0.000224451083341,-0.000387261767173],[0.0000218077548197,-0.0000819237175165,-0.000712536100764,-0.00114683492575,0.00555671518669,-0.00234171375632,0.00094350008294,0.000615858356468,0.000719863222912,-0.000126515064039,-0.000258349871729,0.000564557907637,-0.00112518668175],[-0.0000567516326555,0.000185541401152,0.0000442574128101,-0.000623066211119,-0.00234171375632,0.00668910192326,-0.00115078000817,-0.000264756614342,-0.00134327425621,-0.00196480914019,0.0000613698211964,0.00115136953536,-0.000062610830355],[0.0000508843440912,-0.000141887401696,0.000109402099042,-0.000305232591927,0.00094350008294,-0.00115078000817,0.00842135865241,-0.00323231448419,-0.0011248519877,0.00139130745083,-0.00172354525421,-0.00135218619835,0.000646687054541],[-0.0000736251095077,-0.000349171692505,-0.000074092313298,0.000697409093846,0.000615858356468,-0.000264756614342,-0.00323231448419,0.0074952878058,-0.000333038711688,0.0000824148082756,0.00000376559614779,-0.00100155256223,-0.000155995337991],[0.0000175892346306,-0.0000977666859399,-0.000225108713494,-0.000256944738794,0.000719863222912,-0.00134327425621,-0.0011248519877,-0.000333038711688,0.00781278498471,-0.00187917461153,-0.0000841171276988,0.00066079327371,-0.00134236970916],[-0.0000701118697179,0.0000718624796718,-0.000747994577978,-0.000163801232702,-0.000126515064039,-0.00196480914019,0.00139130745083,0.0000824148082756,-0.00187917461153,0.00954140815884,-0.00165232352447,-0.00113288837019,0.000629865331575],[0.0000812167490949,-0.000273829500657,0.000218728207983,-0.000741001567803,-0.000258349871729,0.0000613698211964,-0.00172354525421,0.00000376559614779,-0.0000841171276988,-0.00165232352447,0.0125678554177,-0.0013773200335,-0.00172338017728],[0.0000564425135963,-0.000215122214286,-0.000108091306174,-0.000224451083341,0.000564557907637,0.00115136953536,-0.00135218619835,-0.00100155256223,0.00066079327371,-0.00113288837019,-0.0013773200335,0.0111571261659,-0.000248610042036],[0.0000093950138762,0.0000247103307629,0.000357323820936,-0.000387261767173,-0.00112518668175,-0.000062610830355,0.000646687054541,-0.000155995337991,-0.00134236970916,0.000629865331575,-0.00172338017728,-0.000248610042036,0.0146731715649]],"mean":[-669.992370605,111.527259827,20.4615097046,25.5619564056,-2.75102734566,-1.5828602314,-2.47219944,9.22818946838,-6.2059340477,-3.38184762001,-4.19182109833,0.516566038132,-2.99795866013]},"pitch_salience":{"dmean":0.0708465352654,"dmean2":0.11383805424,"dvar":0.0062371767126,"dvar2":0.015948522836,"max":0.85225123167,"mean":0.550122320652,"median":0.563358843327,"min":0.0151914786547,"var":0.0145254395902},"silence_rate_20dB":{"dmean":0,"dmean2":0,"dvar":0,"dvar2":0,"max":1,"mean":1,"median":1,"min":1,"var":0},"silence_rate_30dB":{"dmean":0.0272120349109,"dmean2":0.0544286668301,"dvar":0.0264715384692,"dvar2":0.0663411021233,"max":1,"mean":0.97938144207,"median":1,"min":0,"var":0.0201934315264},"silence_rate_60dB":{"dmean":0.0229865629226,"dmean2":0.045977011323,"dvar":0.0224581807852,"dvar2":0.0475818552077,"max":1,"mean":0.0843332782388,"median":0,"min":0,"var":0.0772211775184},"spectral_centroid":{"dmean":274.446014404,"dmean2":413.455780029,"dvar":138814.0625,"dvar2":258470.8125,"max":10283.5146484,"mean":1313.46569824,"median":1163.20751953,"min":162.077301025,"var":618555.1875},"spectral_complexity":{"dmean":3.75542974472,"dmean2":5.35175800323,"dvar":28.6972198486,"dvar2":50.5072669983,"max":61,"mean":15.6796522141,"median":14,"min":0,"var":103.330451965},"spectral_contrast_coeffs":{"dmean":[0.0513059198856,0.0476126782596,0.0378261245787,0.0316910892725,0.0247461479157,0.0190057810396],"dmean2":[0.0830902457237,0.0771226808429,0.0591280087829,0.0506929047406,0.0402617268264,0.029628764838],"dvar":[0.00216271099634,0.00175638101064,0.00112806796096,0.000858845072798,0.000678133685142,0.000466927624075],"dvar2":[0.00549912406132,0.00452016107738,0.0026000533253,0.00203886488453,0.00165328965522,0.00102168845478],"max":[-0.273181557655,-0.410406321287,-0.439796745777,-0.521035671234,-0.564389228821,-0.590396821499],"mean":[-0.588512539864,-0.703334629536,-0.740544915199,-0.779625117779,-0.775808870792,-0.756522297859],"median":[-0.586082220078,-0.705195188522,-0.747561872005,-0.78630232811,-0.782801985741,-0.760028004646],"min":[-0.941487371922,-0.972075998783,-0.96404415369,-0.956545114517,-0.958995521069,-0.959646463394],"var":[0.0101793818176,0.00672645447776,0.0068935835734,0.00391624635085,0.00397572899237,0.00309505360201]},"spectral_contrast_valleys":{"dmean":[0.501630544662,0.415150433779,0.403313875198,0.41279938817,0.363270759583,0.450178980827],"dmean2":[0.76790612936,0.654419481754,0.58447098732,0.594622850418,0.538622975349,0.616654992104],"dvar":[0.272590756416,0.188616886735,0.185102209449,0.244528740644,0.287927746773,0.476822972298],"dvar2":[0.527225315571,0.43252620101,0.343557685614,0.462643384933,0.599988937378,0.99242579937],"max":[-5.08386945724,-4.94524240494,-5.67951726913,-5.88397598267,-4.91040563583,-6.69333839417],"mean":[-7.78286552429,-7.17145061493,-7.96581029892,-8.51187801361,-8.1308889389,-10.4462213516],"median":[-7.49482345581,-6.96948337555,-7.777821064,-8.27358627319,-7.93131399155,-10.1493854523],"min":[-27.0956306458,-27.2462463379,-27.5083312988,-27.4272766113,-27.1843891144,-27.2361965179],"var":[2.34656262398,1.73550128937,1.72030043602,1.89898526669,2.20660614967,3.06235837936]},"spectral_decrease":{"dmean":3.7284415555e-9,"dmean2":5.92794968668e-9,"dvar":7.02335367666e-17,"dvar2":1.71314650279e-16,"max":-3.23984575435e-15,"mean":-5.99522476108e-9,"median":-3.75157105381e-9,"min":-1.08927963538e-7,"var":6.92769387841e-17},"spectral_energy":{"dmean":0.0150337768719,"dmean2":0.0237449612468,"dvar":0.00109640927985,"dvar2":0.00268848962151,"max":0.416596204042,"mean":0.0246136281639,"median":0.0156582277268,"min":1.23607328817e-8,"var":0.00109790498391},"spectral_energyband_high":{"dmean":0.0012401646236,"dmean2":0.00189996138215,"dvar":0.0000142435437738,"dvar2":0.0000351205599145,"max":0.0641375258565,"mean":0.00163085537497,"median":0.000421458855271,"min":8.0221079779e-11,"var":0.0000170447128767},"spectral_energyband_low":{"dmean":0.00936847552657,"dmean2":0.0153663791716,"dvar":0.000827982265037,"dvar2":0.00203321571462,"max":0.403221875429,"mean":0.00988946389407,"median":0.00275539048016,"min":6.41048680805e-9,"var":0.000690981047228},"spectral_energyband_middle_high":{"dmean":0.00112414965406,"dmean2":0.0016807395732,"dvar":0.00000451245477961,"dvar2":0.0000110377004603,"max":0.0407862178981,"mean":0.00287920585833,"median":0.00191449257545,"min":1.8894089418e-11,"var":0.0000109747661554},"spectral_energyband_middle_low":{"dmean":0.00570681318641,"dmean2":0.00941680651158,"dvar":0.000173981490661,"dvar2":0.000489115656819,"max":0.196655958891,"mean":0.0111871920526,"median":0.00795709528029,"min":1.81406278887e-11,"var":0.000174063316081},"spectral_entropy":{"dmean":0.211501196027,"dmean2":0.32215744257,"dvar":0.0919546410441,"dvar2":0.209361150861,"max":9.79734802246,"mean":7.464012146,"median":7.53832912445,"min":4.39044952393,"var":0.443456590176},"spectral_flux":{"dmean":0.035807993263,"dmean2":0.0567729957402,"dvar":0.00322049763054,"dvar2":0.00680758059025,"max":0.533659279346,"mean":0.0760488733649,"median":0.0536369308829,"min":0.00000811086283647,"var":0.00522165000439},"spectral_kurtosis":{"dmean":2.25775289536,"dmean2":3.58712816238,"dvar":56.5630569458,"dvar2":113.48210144,"max":331.293365479,"mean":5.93191194534,"median":2.85079240799,"min":-1.29776120186,"var":246.244049072},"spectral_rms":{"dmean":0.00114157819189,"dmean2":0.0016708583571,"dvar":0.00000325584369421,"dvar2":0.0000073018832154,"max":0.0201602410525,"mean":0.00426724366844,"median":0.00390849355608,"min":0.00000347264335687,"var":0.00000580392861593},"spectral_rolloff":{"dmean":680.61151123,"dmean2":1083.45935059,"dvar":1613747.125,"dvar2":3087868.5,"max":11692.5292969,"mean":1745.26660156,"median":904.39453125,"min":21.533203125,"var":3963295.5},"spectral_skewness":{"dmean":0.242868289351,"dmean2":0.378928661346,"dvar":0.193012624979,"dvar2":0.397756427526,"max":15.1775398254,"mean":1.58559787273,"median":1.34263765812,"min":-0.478352606297,"var":1.17018139362},"spectral_spread":{"dmean":604399.4375,"dmean2":885471.8125,"dvar":768219217920,"dvar2":1379840819200,"max":40456076,"mean":5239407.5,"median":5069460,"min":337804.03125,"var":4025474351100},"spectral_strongpeak":{"dmean":0.332673609257,"dmean2":0.563399791718,"dvar":0.302810400724,"dvar2":0.748416781425,"max":13.9317150116,"mean":0.666358292103,"median":0.477720022202,"min":0,"var":0.477994561195},"zerocrossingrate":{"dmean":0.0136232655495,"dmean2":0.0150673473254,"dvar":0.000351117836544,"dvar2":0.000360380247002,"max":0.42578125,"mean":0.0688689872622,"median":0.05810546875,"min":0,"var":0.00244592246599}},"metadata":{"audio_properties":{"analysis_sample_rate":44100,"bit_rate":0,"codec":"flac","downmix":"mix","equal_loudness":0,"length":274.760009766,"lossless":true,"md5_encoded":"eadac9540c9f0119179bcdb34a6441e7","replay_gain":-6.65207672119},"tags":{"acoustid_id":["09442fe4-c3ef-4ad5-9270-6d8ecb8dd7aa"],"album":["A Broken Frame"],"albumartist":["Depeche Mode"],"albumartistsort":["Depeche Mode"],"artist":["Depeche Mode"],"artists":["Depeche Mode"],"artistsort":["Depeche Mode"],"asin":["B0000242A6"],"barcode":["4006758368061"],"catalognumber":["INT 836.806"],"composer":["Martin L. Gore"],"composersort":["Gore, Martin L."],"date":["1988"],"discnumber":["1"],"disctotal":["1"],"engineer":["John Fryer","Eric Radcliffe"],"file_name":"05 See You.flac","genre":["Pop; New Wave; Synth Pop; New Romantic; Alternative"],"grouping":["Pop"],"label":["Mute"],"language":["eng"],"lyricist":["Martin L. Gore"],"media":["CD"],"mood":["Melancholy; Sexy; Melancholic; Chill"],"musicbrainz_albumartistid":["8538e728-ca0b-4321-b7e5-cff6565dd4c0"],"musicbrainz_albumid":["e735ca68-6cba-4703-8de3-d7b2d12b3ec6"],"musicbrainz_artistid":["8538e728-ca0b-4321-b7e5-cff6565dd4c0"],"musicbrainz_recordingid":["d776a230-6c9f-4c84-910f-a86b9ef25e30"],"musicbrainz_releasegroupid":["0214b97e-30de-3c7f-8a00-d2a402e8902d"],"musicbrainz_releasetrackid":["f0384161-71a9-32f6-8a4d-45e85b36d9f7"],"musicbrainz_workid":["7ff9bc0d-a50b-335e-a619-590953503c5f"],"originaldate":["1982-09-27"],"originalyear":["1988"],"performer":["Dave Gahan (lead vocals)"],"producer":["Daniel Miller","Depeche Mode"],"releasecountry":["DE"],"releasestatus":["official"],"releasetype":["album"],"replaygain_album_gain":["-0.70 dB"],"replaygain_album_peak":["1.000000"],"replaygain_track_gain":["-0.74 dB"],"replaygain_track_peak":["1.000000"],"script":["Latn"],"title":["See You"],"totaldis