{"lowlevel":{"average_loudness":0.733000218868,"barkbands":{"dmean":[0.00000877462935023,0.00100610381924,0.00132001319434,0.000701390905306,0.000689341628458,0.000259458931396,0.000458233844256,0.000417779083364,0.000389258260839,0.000457132147858,0.000343507650541,0.00026818230981,0.000317145779263,0.000455235276604,0.000573200639337,0.000327599438606,0.00026468251599,0.000176971982,0.000272532313829,0.000252607685979,0.0000989930995274,0.0000417080445914,0.0000264929167315,0.000022468257157,0.00000976826413535,0.00000293167249765,8.14083804812e-8],"dmean2":[0.0000148701274156,0.00171829527244,0.0021915838588,0.00115783594083,0.00110251852311,0.000389192719012,0.000708759005647,0.00063398090424,0.000566070550121,0.00067101244349,0.000509616744239,0.000406005827244,0.000478165544337,0.000694984919392,0.000902888190467,0.000529637443833,0.000435546331573,0.000287784379907,0.000461520190584,0.000426813290687,0.000164426746778,0.0000666111518512,0.0000423932760896,0.000033844873542,0.0000144377545439,0.00000439241557615,1.36552543495e-7],"dvar":[5.03146857511e-10,0.00000519514924235,0.00000869595169206,0.00000194322410607,0.00000141531643294,5.68461302919e-7,0.00000295657741844,0.0000024865450996,0.00000188265187262,0.00000289858962788,0.0000014739331391,8.67827111506e-7,0.0000010007702258,0.00000300664873976,0.00000309091615236,0.00000104454090888,3.77525111617e-7,1.66758937326e-7,3.42833885725e-7,3.31487285621e-7,3.79221418711e-8,7.83300624363e-9,3.10078340782e-9,8.25203905208e-9,3.90357701718e-9,4.05423083993e-10,2.39822864258e-13],"dvar2":[1.30277311161e-9,0.0000157759786816,0.0000242077439907,0.00000525382938577,0.00000354470921593,0.00000131978379159,0.00000748332377043,0.00000565476693737,0.00000360941135114,0.00000595759593125,0.00000305196931549,0.00000192267816601,0.00000215936347558,0.00000686050816512,0.00000742997508496,0.00000273170394394,9.71552481133e-7,4.09529263834e-7,9.49483592194e-7,9.85431483969e-7,1.02444730032e-7,1.87167010779e-8,7.31079374816e-9,1.52244918894e-8,8.32531110717e-9,9.41557942724e-10,5.42871899777e-13],"max":[0.00180654565338,0.0434650927782,0.0745080411434,0.0332749001682,0.0348892211914,0.0327806100249,0.0667444169521,0.092750877142,0.0743562057614,0.0722333490849,0.0597689971328,0.0540375635028,0.0298078041524,0.0561677776277,0.0559071563184,0.0404022186995,0.0154564352706,0.012242606841,0.0183724537492,0.0229922216386,0.0045590554364,0.00259500672109,0.0022753062658,0.00603635655716,0.00458409218118,0.00193513277918,0.0000344967411365],"mean":[0.0000192304705706,0.0021260031499,0.00271829799749,0.00122737896163,0.00147894583642,0.000525113253389,0.000730527041014,0.000684533908498,0.000680968689267,0.000842271838337,0.000591268355493,0.000431834807387,0.000514375627972,0.000823954236694,0.00104403530713,0.000582094187848,0.000473518710351,0.000378646946047,0.000588392314967,0.000575361249503,0.00026286978391,0.000115121903946,0.0000881869709701,0.000070086462074,0.0000248885426117,0.0000063396000769,7.9598159175e-8],"median":[0.00000196672908714,0.000823942362331,0.000830546137877,0.000470028113341,0.000807661446743,0.000175580702489,0.000155633795657,0.000095987568784,0.00011211783567,0.0000739773822716,0.000054709988035,0.0000471943567391,0.0000592292599322,0.0000492837461934,0.0000735458161216,0.0000835030514281,0.000100729725091,0.0000934525378398,0.00018725724658,0.000298777740682,0.00012813579815,0.0000673118847772,0.0000423684396083,0.0000220839865506,0.00000906427339942,0.00000153470659825,3.3355820328e-9],"min":[1.12018358982e-23,4.19012462822e-23,3.01305044096e-23,2.43287227525e-23,8.02389491092e-23,5.16735542019e-23,1.89812397798e-23,5.39940201091e-23,4.32097803528e-23,4.7564835286e-23,5.8839481468e-23,9.78560306583e-23,4.10743086389e-23,8.11403646884e-23,1.36690094233e-22,1.32349756289e-22,2.24411792925e-22,1.47159124104e-22,1.8981261868e-22,4.2010200595e-22,7.74703515167e-22,4.94069214251e-22,8.39367036791e-22,7.93222536099e-22,1.1195247395e-21,1.52924783505e-21,2.47532505837e-21],"var":[1.13904530252e-9,0.0000107874138848,0.0000202966966754,0.00000396025416194,0.00000462278558189,0.00000158753960022,0.00000451842197435,0.00000616115767116,0.00000659714623907,0.00000929813450057,0.00000457408441434,0.00000212785016629,0.00000238707025346,0.00000915767122933,0.0000089109144028,0.00000256100702245,8.98346286249e-7,5.51273558358e-7,8.54812242324e-7,7.89432363035e-7,1.18373449709e-7,2.38905002448e-8,1.34577096134e-8,2.12843112024e-8,6.76339917405e-9,5.0276344199e-10,2.72996713126e-13]},"barkbands_crest":{"dmean":2.24265885353,"dmean2":3.51312661171,"dvar":4.60023832321,"dvar2":11.3855295181,"max":26.6831970215,"mean":11.0376939774,"median":9.87128162384,"min":2.58877325058,"var":26.0567531586},"barkbands_flatness_db":{"dmean":0.0197745002806,"dmean2":0.0298120602965,"dvar":0.000396093470044,"dvar2":0.00085425976431,"max":0.536625504494,"mean":0.178543046117,"median":0.156745582819,"min":0.0258950162679,"var":0.00598503602669},"barkbands_kurtosis":{"dmean":4.49497699738,"dmean2":6.62184667587,"dvar":219.961914062,"dvar2":437.251281738,"max":837.958862305,"mean":9.50342655182,"median":1.16634273529,"min":-1.95515465736,"var":782.306274414},"barkbands_skewness":{"dmean":0.551501631737,"dmean2":0.818715155125,"dvar":0.484219580889,"dvar2":1.03640651703,"max":26.023607254,"mean":1.70081424713,"median":1.22315847874,"min":-3.28286075592,"var":4.27418327332},"barkbands_spread":{"dmean":4.56297636032,"dmean2":7.04675960541,"dvar":30.3852500916,"dvar2":70.4561386108,"max":92.2563781738,"mean":24.55169487,"median":23.0480461121,"min":0.182907015085,"var":316.789123535},"dissonance":{"dmean":0.0201205778867,"dmean2":0.0332751050591,"dvar":0.000592223135754,"dvar2":0.00154318253044,"max":0.500000059605,"mean":0.44611504674,"median":0.470478177071,"min":0.157744213939,"var":0.00314874853939},"dynamic_complexity":5.55990171432,"erbbands":{"dmean":[0.015721976757,0.279385507107,1.26499462128,2.09399271011,2.14871525764,2.49045109749,2.07898902893,2.12124323845,4.87364768982,8.59729003906,8.98980045319,8.93020439148,9.24134540558,15.4428405762,13.3705291748,11.4819555283,14.2036819458,21.0551204681,29.9791069031,20.3580036163,15.7966899872,12.3783397675,9.48728084564,8.02041149139,16.1980381012,12.0954875946,5.38876056671,3.23192977905,1.68891310692,1.11822485924,0.656193971634,0.527180194855,0.381398200989,0.147753402591,0.0540157370269,0.0189482774585,0.00455121649429,0.000487160024932,0.0000116308810902,0.00000531235264134],"dmean2":[0.0268836952746,0.475764513016,2.11225223541,3.45032477379,3.55518507957,3.94960784912,3.15342235565,3.18130278587,7.41960048676,13.1563482285,13.6885595322,12.9151315689,13.7614192963,22.354598999,20.0293235779,17.0240879059,21.1926021576,32.0371284485,46.9465827942,31.3985176086,25.9847316742,20.2361888885,15.4098339081,13.3547315598,27.4984455109,20.4865379333,8.96161365509,5.35405397415,2.70615243912,1.79802572727,1.04113340378,0.8147970438,0.583630681038,0.220418691635,0.0799558386207,0.0289154034108,0.00676129804924,0.000738191243727,0.0000174408996827,0.00000832380464999],"dvar":[0.00136168079916,0.393991619349,8.21792221069,17.2628059387,15.633231163,23.1616268158,21.0262622833,52.6936721802,375.310150146,908.226257324,1464.99462891,1036.46789551,1159.04296875,3368.54736328,2247.48950195,1327.49951172,1829.61853027,7103.68115234,9317.12792969,4915.98388672,2110.00585938,810.196960449,446.962097168,292.09375,1321.32116699,943.077331543,119.753105164,40.6344299316,12.6587877274,5.47380828857,1.96737897396,2.78937244415,2.80509972572,0.828929722309,0.116326577961,0.0175215564668,0.000831793411635,0.00000833943340695,3.98914412614e-9,6.40562047849e-11],"dvar2":[0.00425168080255,1.18113064766,22.4321174622,47.0683784485,41.8530769348,55.7042160034,45.9493637085,124.829063416,921.861572266,2210.48095703,3266.94189453,1999.86206055,2828.24975586,6586.65625,5065.85449219,2887.15893555,3992.64306641,16082.8310547,22774.2871094,11626.7861328,6024.64404297,2068.69824219,1063.31811523,774.341064453,3616.24926758,2913.83813477,332.436889648,109.383598328,30.639541626,13.4142446518,4.48746681213,5.60115909576,5.40685319901,1.71799623966,0.256650209427,0.041996255517,0.00178381579462,0.0000175629320438,8.21361734182e-9,1.59131097188e-10],"max":[0.549776673317,13.5437383652,73.3628158569,110.969200134,119.505218506,163.79095459,174.759506226,335.29800415,1004.42150879,814.675537109,2719.85107422,2295.15893555,2428.75170898,2139.93798828,2145.52929688,1649.82434082,1212.55029297,3342.25048828,3465.45166016,3297.2824707,2567.44335938,839.815124512,820.40838623,717.177001953,1295.78710938,1580.95996094,282.413421631,208.058456421,109.208389282,99.7826461792,58.7190093994,120.784309387,91.8531723022,63.2139968872,25.6977157593,11.6497364044,2.69739890099,0.260885059834,0.00555788772181,0.000364773906767],"mean":[0.0378435142338,0.582451462746,2.70990967751,4.18919372559,4.00945711136,5.34739303589,4.6080198288,4.24914455414,8.32408237457,14.2730407715,15.7164430618,16.0095977783,16.2199745178,30.3825778961,24.2859420776,20.2939834595,25.2561779022,41.3104629517,56.5732269287,40.1195640564,30.2570819855,25.2905788422,21.9890193939,20.0863761902,35.8273735046,27.4770584106,14.0518569946,8.59427070618,4.62758302689,3.46495103836,2.17811226845,1.64005708694,1.01622569561,0.376485645771,0.135768979788,0.0438585467637,0.00861165206879,0.000728859798983,0.0000293420362141,0.0000234748549701],"median":[0.0131901744753,0.236472547054,0.99199461937,1.93103694916,2.14508152008,2.48064088821,1.94144296646,1.47295570374,1.99166965485,2.94899010658,2.85660648346,2.9873456955,3.25057387352,2.86094594002,2.91345357895,3.1094224453,3.29603862762,3.06033730507,4.31812906265,4.29450368881,5.73057079315,6.33095502853,5.62368488312,6.28014183044,15.591594696,13.9330053329,7.13009548187,3.97627639771,2.63606214523,1.91370201111,1.0322586298,0.578917860985,0.305376768112,0.139968663454,0.0451574996114,0.0114364735782,0.00162735907361,0.000113138608867,0.0000171772044268,0.0000207488556043],"min":[8.32800735321e-22,1.04729458524e-20,4.37997271914e-20,4.42286332637e-20,3.27338813788e-19,1.49786795899e-19,2.6241888758e-19,3.5991618484e-19,2.24101942902e-19,3.62193878355e-19,1.5078427232e-18,1.2051973962e-18,1.08620591412e-18,1.93905218332e-18,3.23767011714e-18,3.55872041956e-18,1.87896371568e-18,2.84121030775e-18,6.39766342526e-18,7.9743246803e-18,8.4645160472e-18,1.16365320119e-17,9.28325693596e-18,1.04891018078e-17,8.5876154116e-18,2.06205720777e-17,3.54508434717e-17,2.47425983585e-17,1.72568040665e-17,2.2079680628e-17,2.3161027373e-17,1.76542213374e-17,1.37865655027e-17,1.21644237896e-17,7.58596834579e-18,4.87706433624e-18,2.58988388634e-18,1.38006544565e-18,3.75261186534e-19,3.70867784731e-20],"var":[0.0030134266708,0.798802673817,18.2660446167,41.9402275085,35.0536117554,83.7253875732,69.1173629761,131.069671631,671.137939453,1812.68896484,4186.47363281,3425.09301758,2558.98632812,12122.1367188,6393.43652344,3531.65356445,4558.48681641,22381.9082031,25448.0253906,15627.2558594,4327.53320312,2320.89257812,1680.6986084,1155.62609863,3158.28149414,2016.03845215,374.969665527,123.096504211,37.9904098511,20.5663280487,8.61341667175,8.00895881653,6.23170995712,1.50371849537,0.187010720372,0.0207993406802,0.00119335879572,0.0000118333600767,6.20573814558e-9,4.30089630576e-10]},"erbbands_crest":{"dmean":2.77075314522,"dmean2":4.31590795517,"dvar":6.97393894196,"dvar2":16.6621227264,"max":32.5490493774,"mean":11.5133342743,"median":10.2364902496,"min":2.55894589424,"var":30.9259853363},"erbbands_flatness_db":{"dmean":0.0157263539732,"dmean2":0.0229769032449,"dvar":0.000235036801314,"dvar2":0.000488125311676,"max":0.529368579388,"mean":0.194447010756,"median":0.182559832931,"min":0.0571932643652,"var":0.00354363350198},"erbbands_kurtosis":{"dmean":1.65788650513,"dmean2":2.50068020821,"dvar":8.94150733948,"dvar2":18.2490329742,"max":134.613601685,"mean":2.60469675064,"median":0.947422981262,"min":-1.96211123466,"var":34.0570755005},"erbbands_skewness":{"dmean":0.396902143955,"dmean2":0.586821556091,"dvar":0.17046841979,"dvar2":0.367850065231,"max":8.76784610748,"mean":0.386371910572,"median":0.175560042262,"min":-5.08177614212,"var":1.90620279312},"erbbands_spread":{"dmean":6.93371295929,"dmean2":10.4905815125,"dvar":61.7782325745,"dvar2":139.569839478,"max":142.68913269,"mean":34.2086296082,"median":28.9209480286,"min":1.46537923813,"var":464.046722412},"gfcc":{"cov":[[16132.3662109,-1152.63183594,-2224.99023438,2373.37036133,1277.58764648,1481.9420166,472.267150879,1762.79089355,-112.309791565,313.795318604,233.246414185,-682.069702148,43.3798332214],[-1152.63183594,1268.2076416,611.846984863,-295.63684082,-31.708152771,-242.68119812,-34.8236923218,-109.127632141,126.029594421,-127.361206055,-81.395980835,-57.9320526123,29.3590908051],[-2224.99023438,611.846984863,1353.89367676,-78.7681350708,-115.415107727,-186.052230835,-194.603027344,-121.215911865,68.5637664795,-90.5582046509,-184.174713135,67.5573501587,-18.7908191681],[2373.37036133,-295.63684082,-78.7681350708,1328.02368164,587.366943359,319.364837646,193.109146118,420.244232178,14.9649419785,63.1319694519,126.263442993,-188.943527222,42.1117858887],[1277.58764648,-31.708152771,-115.415107727,587.366943359,653.317382812,308.853637695,149.00012207,226.14805603,-32.3333244324,37.6587181091,63.8875465393,-99.4732894897,-11.2174892426],[1481.9420166,-242.68119812,-186.052230835,319.364837646,308.853637695,467.355407715,156.734405518,197.54208374,-20.0281543732,25.9930667877,23.8840522766,-26.2492465973,-13.3127880096],[472.267150879,-34.8236923218,-194.603027344,193.109146118,149.00012207,156.734405518,253.941055298,123.151634216,-11.4443473816,6.8505191803,73.9541625977,-30.996339798,-6.43106937408],[1762.79089355,-109.127632141,-121.215911865,420.244232178,226.14805603,197.54208374,123.151634216,429.509429932,76.5765838623,51.5616874695,9.266746521,-93.7648849487,5.04626703262],[-112.309791565,126.029594421,68.5637664795,14.9649419785,-32.3333244324,-20.0281543732,-11.4443473816,76.5765838623,212.961425781,35.6675376892,-44.8377113342,-0.0699552670121,12.1245155334],[313.795318604,-127.361206055,-90.5582046509,63.1319694519,37.6587181091,25.9930667877,6.8505191803,51.5616874695,35.6675376892,160.452850342,64.3126144409,-21.1803073883,-11.1933269501],[233.246414185,-81.395980835,-184.174713135,126.263442993,63.8875465393,23.8840522766,73.9541625977,9.266746521,-44.8377113342,64.3126144409,191.017471313,10.2223405838,-9.67328166962],[-682.069702148,-57.9320526123,67.5573501587,-188.943527222,-99.4732894897,-26.2492465973,-30.996339798,-93.7648849487,-0.0699552670121,-21.1803073883,10.2223405838,177.131347656,19.3344745636],[43.3798332214,29.3590908051,-18.7908191681,42.1117858887,-11.2174892426,-13.3127880096,-6.43106937408,5.04626703262,12.1245155334,-11.1933269501,-9.67328166962,19.3344745636,109.075141907]],"icov":[[0.00030747774872,-0.000417892704718,0.00062140240334,-0.00046723432024,0.00042838556692,-0.000734055589419,0.000811359845102,-0.00095614901511,0.00075679976726,-0.000406727689551,0.000362427410437,-0.0000151467484102,0.000233138154726],[-0.000417892704718,0.00277688261122,-0.00203123432584,0.00200312561356,-0.0018088525394,0.00176656036638,-0.00188507919665,0.00138847634662,-0.00288402033038,0.00263730366714,-0.00233904528432,0.00251958123408,-0.00191316276323],[0.00062140240334,-0.00203123432584,0.00293300650083,-0.00202172179706,0.0014686412178,-0.00152091262862,0.00244437227957,-0.00176496151835,0.00232944707386,-0.00175419915468,0.00272253691219,-0.00203150953166,0.00193920754828],[-0.00046723432024,0.00200312561356,-0.00202172179706,0.00346099771559,-0.00242789578624,0.00131022522692,-0.00161936390214,0.000493315805215,-0.00244404142722,0.00229142722674,-0.00318803009577,0.00286037870683,-0.00252887047827],[0.00042838556692,-0.0018088525394,0.0014686412178,-0.00242789578624,0.00449942424893,-0.00275056785904,0.00131729664281,-0.00139602751005,0.00252643460408,-0.00187872163951,0.00148230732884,-0.000965678307693,0.00160515552852],[-0.000734055589419,0.00176656036638,-0.00152091262862,0.00131022522692,-0.00275056785904,0.00611224304885,-0.00364100839943,0.0014897857327,-0.00175514689181,0.00106066733133,0.0000544129761693,-0.00059655145742,-0.000357371551218],[0.000811359845102,-0.00188507919665,0.00244437227957,-0.00161936390214,0.00131729664281,-0.00364100839943,0.00884305220097,-0.00355263659731,0.00221478566527,-0.0000837665284052,-0.000967176805716,-0.000383923965273,0.0013353418326],[-0.00095614901511,0.00138847634662,-0.00176496151835,0.000493315805215,-0.00139602751005,0.0014897857327,-0.00355263659731,0.00752203073353,-0.00385651597753,0.000601528969128,-0.00016996874183,0.000924762745854,-0.000695767230354],[0.00075679976726,-0.00288402033038,0.00232944707386,-0.00244404142722,0.00252643460408,-0.00175514689181,0.00221478566527,-0.00385651597753,0.00964836776257,-0.00492995698005,0.00457777176052,-0.00303779216483,0.00154084723908],[-0.000406727689551,0.00263730366714,-0.00175419915468,0.00229142722674,-0.00187872163951,0.00106066733133,-0.0000837665284052,0.000601528969128,-0.00492995698005,0.011332041584,-0.0063235303387,0.00367912533693,-0.00133356638253],[0.000362427410437,-0.00233904528432,0.00272253691219,-0.00318803009577,0.00148230732884,0.0000544129761693,-0.000967176805716,-0.00016996874183,0.00457777176052,-0.0063235303387,0.0120368562639,-0.00501380022615,0.00309367384762],[-0.0000151467484102,0.00251958123408,-0.00203150953166,0.00286037870683,-0.000965678307693,-0.00059655145742,-0.000383923965273,0.000924762745854,-0.00303779216483,0.00367912533693,-0.00501380022615,0.0112021462992,-0.00407910486683],[0.000233138154726,-0.00191316276323,0.00193920754828,-0.00252887047827,0.00160515552852,-0.000357371551218,0.0013353418326,-0.000695767230354,0.00154084723908,-0.00133356638253,0.00309367384762,-0.00407910486683,0.0118223177269]],"mean":[-69.6713180542,87.5963287354,-127.626869202,45.389125824,-67.2945709229,10.9202136993,-37.8684921265,-0.978065013885,-25.1741714478,-3.03870725632,-19.1988868713,-7.22863531113,-9.71934986115]},"hfc":{"dmean":4.14345026016,"dmean2":6.41420507431,"dvar":44.8228340149,"dvar2":110.783432007,"max":162.58644104,"mean":19.3995189667,"median":13.0237293243,"min":1.22510372098e-16,"var":411.859008789},"melbands":{"dmean":[0.000212403858313,0.000545329763554,0.000341676233802,0.000164125973242,0.0000797871762188,0.0000486712160637,0.000080905338109,0.0000929471934796,0.0000762095005484,0.0000531580990355,0.0000477613029943,0.0000650443325867,0.0000483222829644,0.0000298709492199,0.0000375953168259,0.0000281157626887,0.0000433437999163,0.0000501675385749,0.0000341752456734,0.0000254713158938,0.0000200806189241,0.000014793419723,0.0000125182305055,0.00000763171374274,0.00000685404074829,0.0000143967772601,0.0000109610873551,0.00000827732310427,0.00000444202714789,0.00000278890274785,0.00000198976613319,0.00000109213738142,8.01464466349e-7,7.09529558662e-7,4.54679138784e-7,3.6570943962e-7,3.56189843842e-7,3.37514961757e-7,1.84737672271e-7,1.25127897377e-7],"dmean2":[0.000362934777513,0.00091563037131,0.000562584027648,0.000265197246335,0.000120981145301,0.0000731055624783,0.000124181300635,0.000141630458529,0.000115361006465,0.0000773878346081,0.0000709875312168,0.0000941074031289,0.0000720261523384,0.0000456146954093,0.0000545582697669,0.0000422715675086,0.0000658793505863,0.0000780045520514,0.0000527700030943,0.0000398142510676,0.0000331997325702,0.0000242841615545,0.0000205293781619,0.00001245704334,0.0000113956548375,0.0000245211722358,0.0000185278731806,0.0000139458943522,0.00000747703006709,0.00000464261347588,0.00000332874969899,0.00000176097069016,0.0000013031223034,0.00000115652096611,7.36824688374e-7,5.80008929774e-7,5.57316752747e-7,5.29267538241e-7,2.81372990685e-7,1.91123689319e-7],"dvar":[2.40074257363e-7,0.00000142692317695,4.15409886045e-7,8.45914911451e-8,2.60999577506e-8,2.66739519361e-8,9.72241025465e-8,9.96625288963e-8,1.05149275953e-7,3.69179744553e-8,3.15001180695e-8,6.39615791442e-8,3.00503124606e-8,1.17910410324e-8,1.34881403824e-8,8.84009132562e-9,3.22330322433e-8,2.71086708636e-8,1.20610677001e-8,7.49701456471e-9,4.12094314228e-9,1.2827250373e-9,9.20965192996e-10,3.56616514097e-10,2.45965470214e-10,1.031417729e-9,5.97448923667e-10,4.53541038059e-10,9.75830874439e-11,3.13380467409e-11,1.68136424922e-11,5.4502522287e-12,2.68627980103e-12,2.23765233773e-12,8.83711452539e-13,6.45310194169e-13,1.62677120039e-12,1.75847249088e-12,8.97426555811e-13,6.04458269462e-13],"dvar2":[7.46304124277e-7,0.00000395594452129,0.00000113403302748,2.18100041138e-7,5.7180422175e-8,6.34982342262e-8,2.41705066628e-7,2.39773584099e-7,2.30878839602e-7,7.06417537799e-8,7.52777893354e-8,1.24350535202e-7,6.54099849839e-8,2.77945400029e-8,2.75666298677e-8,1.94850855451e-8,7.29260491994e-8,6.47673559229e-8,2.78845764257e-8,1.80677020012e-8,1.19533218879e-8,3.31260796571e-9,2.294328727e-9,8.95023444247e-10,6.40215491732e-10,2.88142154581e-9,1.64389657442e-9,1.37370381736e-9,2.71151073816e-10,8.36987215647e-11,4.5653158337e-11,1.34476587851e-11,6.46197635332e-12,5.65902836744e-12,2.13469953519e-12,1.45327142247e-12,3.33905190823e-12,3.49055897034e-12,1.84970571845e-12,1.31049663309e-12],"max":[0.00759142078459,0.0305393002927,0.0155836008489,0.00695556821302,0.00645714346319,0.00783023517579,0.0154164331034,0.00829360820353,0.0233497004956,0.0140884453431,0.0122371306643,0.00921944994479,0.00810653809458,0.00745370890945,0.00340062309988,0.00345467031002,0.00720068113878,0.00631388416514,0.00355475605465,0.00314336433075,0.00401257071644,0.000995617825538,0.000928510213271,0.000856558908708,0.00068397965515,0.00098469411023,0.0013069374254,0.00107410212513,0.000235217943555,0.000172299274709,0.000143365425174,0.0000715804271749,0.0000649217690807,0.0000716584690963,0.0000369955778297,0.000034665750718,0.0000997957540676,0.0000626985784038,0.0000540930086572,0.0000557631428819],"mean":[0.000468686455861,0.00123661744874,0.000721900025383,0.000339449499734,0.000183586293133,0.0000967189407675,0.000134048779728,0.000153417466208,0.000134191315738,0.0000927149158088,0.000080648875155,0.000125053877127,0.0000851470394991,0.0000493654370075,0.0000619306592853,0.0000481912502437,0.0000795860178187,0.0000887684946065,0.0000627817789791,0.0000463199830847,0.0000337801757269,0.0000261003424384,0.0000247456482612,0.0000162955075211,0.0000145077028719,0.0000281090233329,0.000022534519303,0.0000169927388924,0.00000956274925556,0.00000641621772957,0.00000443242879555,0.00000255703480434,0.00000203228887585,0.0000019536983018,0.00000129898364776,0.00000102452122519,9.66456809692e-7,8.04295666512e-7,4.38213703546e-7,2.76385407005e-7],"median":[0.000185122451512,0.000537626503501,0.000386430707294,0.000191060855286,0.0000807806572993,0.0000317326448567,0.0000305975190713,0.0000296466132568,0.0000214263964153,0.0000168390797626,0.0000137200222525,0.00000990716034721,0.00000853022174852,0.00000557299517823,0.00000821827870823,0.00000493402603752,0.00000424618929173,0.00000607956280874,0.00000471487510367,0.00000529483077116,0.00000578109938942,0.00000570889005758,0.00000561576098335,0.00000397137364416,0.00000385998009733,0.00000903382533579,0.000010559168004,0.00000737883237889,0.00000430230238635,0.00000283492863673,0.00000189265585959,0.0000014172774172,0.00000113456962936,9.29075440581e-7,5.75874651076e-7,4.34171226971e-7,2.89952026833e-7,2.19520160272e-7,1.52494436634e-7,9.82317232001e-8],"min":[9.69460275394e-24,2.02422434032e-23,1.65202588128e-23,2.04660889959e-23,7.58738488213e-24,8.76423597954e-24,3.66135510776e-24,4.72253592506e-24,1.26162784896e-23,6.66902930388e-24,5.31101274972e-24,7.54470514058e-24,9.58592375361e-24,1.37592109347e-23,4.67334098129e-24,3.94984311852e-24,5.47513959978e-24,1.00910306024e-23,1.00142073831e-23,1.09515539988e-23,9.82273506419e-24,1.30601089898e-23,9.56068651553e-24,6.53465592057e-24,9.28746532986e-24,4.98234884192e-24,7.30675787029e-24,1.531530849e-23,2.05522073632e-23,2.00883713504e-23,1.3058117116e-23,9.38870379413e-24,9.40190853683e-24,1.3364655842e-23,1.18468456508e-23,1.47812670121e-23,9.17882813916e-24,9.23291480941e-24,1.103477488e-23,1.02076061003e-23],"var":[4.86762758101e-7,0.00000324634766002,0.00000103521028905,2.49659734664e-7,9.71139542116e-8,6.64524932859e-8,1.59858558391e-7,2.01251879162e-7,3.15644854254e-7,1.14434733689e-7,7.01408211512e-8,2.29662944662e-7,8.81209984982e-8,2.9050118755e-8,3.23494973031e-8,2.33876775724e-8,9.90415927049e-8,6.96800483979e-8,3.57539597928e-8,2.20070646151e-8,6.73716638033e-9,2.79846035234e-9,2.68407829296e-9,1.21249976726e-9,8.03956401452e-10,2.19254903122e-9,1.34464139823e-9,8.77743266958e-10,2.24896684609e-10,8.08000125141e-11,3.86569283528e-11,1.30890619524e-11,8.35654288822e-12,7.02324483293e-12,3.14467679327e-12,2.30800751774e-12,3.77808244759e-12,3.83283725938e-12,1.74074188224e-12,9.80475791702e-13]},"melbands_crest":{"dmean":2.8130505085,"dmean2":4.43052148819,"dvar":7.31311893463,"dvar2":18.1669902802,"max":35.6546401978,"mean":15.5026597977,"median":14.7510461807,"min":1.90917432308,"var":31.8291950226},"melbands_flatness_db":{"dmean":0.0218453127891,"dmean2":0.0329001396894,"dvar":0.000520266010426,"dvar2":0.00113508384675,"max":0.600646555424,"mean":0.217887371778,"median":0.192665815353,"min":0.00681847753003,"var":0.00879968330264},"melbands_kurtosis":{"dmean":8.17144393921,"dmean2":12.4261779785,"dvar":333.861602783,"dvar2":779.508239746,"max":528.156738281,"mean":19.6447067261,"median":6.86746454239,"min":-1.91965854168,"var":1616.99511719},"melbands_skewness":{"dmean":0.707875907421,"dmean2":1.06782186031,"dvar":0.652843892574,"dvar2":1.52795124054,"max":17.5636959076,"mean":2.76478099823,"median":2.2343916893,"min":-2.22722482681,"var":5.16682100296},"melbands_spread":{"dmean":7.05813217163,"dmean2":11.006606102,"dvar":101.354827881,"dvar2":232.530685425,"max":254.93182373,"mean":29.4433708191,"median":23.0515403748,"min":0.234735056758,"var":630.138977051},"mfcc":{"cov":[[18173.9453125,-2026.46179199,-2515.94360352,1342.4654541,1066.74621582,447.559692383,1519.03625488,994.832824707,762.238220215,1480.51318359,229.833282471,206.444412231,239.944549561],[-2026.46179199,1483.69274902,511.722595215,-348.048614502,-118.515182495,-175.884231567,-322.130615234,-134.302337646,-12.0298528671,-193.519821167,-12.7226276398,-137.600982666,-146.986358643],[-2515.94360352,511.722595215,1121.85168457,1.43508291245,13.6442279816,-98.8913116455,-289.341094971,-80.4555130005,10.5515470505,-174.395111084,-37.6290473938,-85.2487564087,-84.6486129761],[1342.4654541,-348.048614502,1.43508291245,830.332641602,391.651702881,85.3434677124,311.916748047,147.609558105,120.316925049,243.402191162,34.1396903992,63.4596405029,91.7122192383],[1066.74621582,-118.515182495,13.6442279816,391.651702881,531.020690918,149.719940186,233.787811279,149.205413818,132.50869751,188.54258728,18.1709041595,25.1018028259,22.6053981781],[447.559692383,-175.884231567,-98.8913116455,85.3434677124,149.719940186,292.036804199,182.44593811,91.6767120361,8.76977920532,44.4571838379,13.146572113,49.2419013977,20.80427742],[1519.03625488,-322.130615234,-289.341094971,311.916748047,233.787811279,182.44593811,524.392700195,188.851303101,21.4079380035,180.850128174,46.6690940857,79.8954162598,64.1376190186],[994.832824707,-134.302337646,-80.4555130005,147.609558105,149.205413818,91.6767120361,188.851303101,299.41619873,121.93963623,112.157653809,18.5216732025,38.16431427,33.2924461365],[762.238220215,-12.0298528671,10.5515470505,120.316925049,132.50869751,8.76977920532,21.4079380035,121.93963623,245.276977539,154.649856567,12.076587677,-18.7518024445,-9.30748653412],[1480.51318359,-193.519821167,-174.395111084,243.402191162,188.54258728,44.4571838379,180.850128174,112.157653809,154.649856567,304.933410645,76.306388855,26.7905597687,33.8655052185],[229.833282471,-12.7226276398,-37.6290473938,34.1396903992,18.1709041595,13.146572113,46.6690940857,18.5216732025,12.076587677,76.306388855,131.322753906,58.9315223694,10.4207811356],[206.444412231,-137.600982666,-85.2487564087,63.4596405029,25.1018028259,49.2419013977,79.8954162598,38.16431427,-18.7518024445,26.7905597687,58.9315223694,160.744247437,78.90650177],[239.944549561,-146.986358643,-84.6486129761,91.7122192383,22.6053981781,20.80427742,64.1376190186,33.2924461365,-9.30748653412,33.8655052185,10.4207811356,78.90650177,171.979980469]],"icov":[[0.000141067590448,0.0000428719722549,0.000229008874157,-0.0000315269280691,-0.0000551831726625,0.0000615349272266,-0.0000649923167657,-0.000171312058228,-0.0000804028168204,-0.000364212144632,0.000074575189501,0.0000416340517404,0.0000703136101947],[0.0000428719722549,0.00103065231815,-0.000247128860792,0.000364917708794,-0.000303963170154,0.000406747043598,-0.0000270815671684,0.0000442808559455,-0.000267585273832,0.000346497632563,-0.000544774578884,0.000476305984193,0.000228856559261],[0.000229008874157,-0.000247128860792,0.00175917695742,-0.000563958717976,-0.000388663000194,0.000104912622191,0.000575335987378,-0.000373849587049,-0.000390819768654,0.000407781044487,-0.000246227660682,0.000308848451823,0.000303856300889],[-0.0000315269280691,0.000364917708794,-0.000563958717976,0.00254837376997,-0.00125094561372,0.000652977731079,-0.000910111761186,0.000267495022854,-0.0000652863600408,-0.000795145635493,0.000277633371297,-0.000214682062506,-0.000672900758218],[-0.0000551831726625,-0.000303963170154,-0.000388663000194,-0.00125094561372,0.0039631347172,-0.00144458480645,-0.000426428479841,-0.000150584324729,-0.000614269869402,-0.000969882530626,0.000717063900083,-0.000162009615451,0.000323630112689],[0.0000615349272266,0.000406747043598,0.000104912622191,0.000652977731079,-0.00144458480645,0.00519341835752,-0.00140808185097,-0.000493554282002,-0.0000146115498865,0.000697468349244,-0.0000506057331222,-0.000757377885748,0.000359937199391],[-0.0000649923167657,-0.0000270815671684,0.000575335987378,-0.000910111761186,-0.000426428479841,-0.00140808185097,0.00475049717352,-0.0019479241455,0.00239014462568,-0.00150515767746,0.0000597682155785,-0.000274198158877,0.000215811975067],[-0.000171312058228,0.0000442808559455,-0.000373849587049,0.000267495022854,-0.000150584324729,-0.000493554282002,-0.0019479241455,0.00614068517461,-0.00323435291648,0.00127452635206,-0.0000851518198033,-0.000646071974188,-0.000557012681384],[-0.0000804028168204,-0.000267585273832,-0.000390819768654,-0.0000652863600408,-0.000614269869402,-0.0000146115498865,0.00239014462568,-0.00323435291648,0.00920375529677,-0.00496568763629,0.00154325738549,0.00032806181116,0.000775080698077],[-0.000364212144632,0.000346497632563,0.000407781044487,-0.000795145635493,-0.000969882530626,0.000697468349244,-0.00150515767746,0.00127452635206,-0.00496568763629,0.0108210146427,-0.00509036425501,0.00169173011091,-0.00108057307079],[0.000074575189501,-0.000544774578884,-0.000246227660682,0.000277633371297,0.000717063900083,-0.0000506057331222,0.0000597682155785,-0.0000851518198033,0.00154325738549,-0.00509036425501,0.0122136911377,-0.00525240413845,0.00182286056224],[0.0000416340517404,0.000476305984193,0.000308848451823,-0.000214682062506,-0.000162009615451,-0.000757377885748,-0.000274198158877,-0.000646071974188,0.00032806181116,0.00169173011091,-0.00525240413845,0.0110770203173,-0.00412364676595],[0.0000703136101947,0.000228856559261,0.000303856300889,-0.000672900758218,0.000323630112689,0.000359937199391,0.000215811975067,-0.000557012681384,0.000775080698077,-0.00108057307079,0.00182286056224,-0.00412364676595,0.00839804392308]],"mean":[-706.05682373,103.375411987,0.637796938419,29.3407478333,-3.69818520546,8.13489246368,-4.6390953064,-1.25937592983,-2.30061435699,-0.265364527702,-6.869161129,-2.93641400337,-3.74830055237]},"pitch_salience":{"dmean":0.0632850602269,"dmean2":0.099330060184,"dvar":0.00349347130395,"dvar2":0.00863104965538,"max":0.872225344181,"mean":0.498927980661,"median":0.506182551384,"min":0.0393177568913,"var":0.0141362529248},"silence_rate_20dB":{"dmean":0,"dmean2":0,"dvar":0,"dvar2":0,"max":1,"mean":1,"median":1,"min":1,"var":0},"silence_rate_30dB":{"dmean":0,"dmean2":0,"dvar":0,"dvar2":0,"max":1,"mean":1,"median":1,"min":1,"var":0},"silence_rate_60dB":{"dmean":0.0314766652882,"dmean2":0.0629562065005,"dvar":0.0304755624384,"dvar2":0.0679954960942,"max":1,"mean":0.242724210024,"median":0,"min":0,"var":0.183763429523},"spectral_centroid":{"dmean":205.785598755,"dmean2":320.716094971,"dvar":66231.9375,"dvar2":146977.1875,"max":11629.3847656,"mean":1617.79931641,"median":1754.06787109,"min":151.673660278,"var":914630.125},"spectral_complexity":{"dmean":2.5409424305,"dmean2":4.06852197647,"dvar":9.86815261841,"dvar2":23.0349941254,"max":55,"mean":17.1640815735,"median":12,"min":0,"var":196.338790894},"spectral_contrast_coeffs":{"dmean":[0.0438112206757,0.0452809594572,0.0403579734266,0.0337876081467,0.0233091730624,0.0159578584135],"dmean2":[0.0720027536154,0.0719798728824,0.0623192116618,0.0533480271697,0.0381557494402,0.0251550041139],"dvar":[0.00140220834874,0.00154782412574,0.00112243613694,0.000781199196354,0.000394241214963,0.000221006223001],"dvar2":[0.00363169237971,0.00378038478084,0.0026713765692,0.00187498203013,0.000992057146505,0.000464919576189],"max":[-0.211452335119,-0.263541638851,-0.378203868866,-0.326099067926,-0.448402166367,-0.49769192934],"mean":[-0.603788912296,-0.706007182598,-0.741959810257,-0.746002674103,-0.767365574837,-0.738361239433],"median":[-0.625483512878,-0.719275832176,-0.752021074295,-0.753085494041,-0.772259116173,-0.732199251652],"min":[-0.97727650404,-0.962045013905,-0.970425367355,-0.954466700554,-0.958434939384,-0.958270967007],"var":[0.0110124982893,0.00957750156522,0.0068710022606,0.00558642903343,0.00319373817183,0.00225048093125]},"spectral_contrast_valleys":{"dmean":[0.40061506629,0.402407646179,0.370909303427,0.298820853233,0.216426253319,0.175160452724],"dmean2":[0.661443650723,0.644900679588,0.586753070354,0.471761703491,0.331882804632,0.254558980465],"dvar":[0.145358994603,0.157568916678,0.14760427177,0.104953616858,0.0618825145066,0.0590224638581],"dvar2":[0.333629488945,0.3491294384,0.319557368755,0.21515904367,0.115322865546,0.100376494229],"max":[-5.60631799698,-4.62210130692,-4.98846149445,-5.71593236923,-5.61321783066,-7.40773248672],"mean":[-8.30140304565,-7.83967638016,-8.40897083282,-8.67252159119,-8.28201961517,-10.8201551437],"median":[-7.64220714569,-7.56916475296,-8.19762420654,-8.41268157959,-7.56722736359,-10.3393516541],"min":[-26.8119239807,-27.9184417725,-27.0224590302,-27.7060432434,-27.354970932,-27.3274784088],"var":[2.93756723404,1.61436343193,2.23819947243,2.66252994537,3.72183513641,2.2727701664]},"spectral_decrease":{"dmean":1.07285380579e-9,"dmean2":1.70525049636e-9,"dvar":2.58507362428e-18,"dvar2":6.78679648236e-18,"max":4.49666183601e-29,"mean":-4.19813739327e-9,"median":-3.53440920975e-9,"min":-3.01353182408e-8,"var":1.36496447774e-17},"spectral_energy":{"dmean":0.0043221982196,"dmean2":0.00684947054833,"dvar":0.0000410134234698,"dvar2":0.000106910629256,"max":0.120217598975,"mean":0.0176043976098,"median":0.0149822048843,"min":1.09423361149e-20,"var":0.000239843240706},"spectral_energyband_high":{"dmean":0.00022462560446,"dmean2":0.000358665973181,"dvar":2.20357080138e-7,"dvar2":5.75256137836e-7,"max":0.0170369390398,"mean":0.000817742955405,"median":0.000496287597343,"min":8.10892586187e-21,"var":9.43523332353e-7},"spectral_energyband_low":{"dmean":0.00224136328325,"dmean2":0.00373749551363,"dvar":0.000020214189135,"dvar2":0.0000567703573324,"max":0.0981518179178,"mean":0.00562795624137,"median":0.00305533315986,"min":8.60820165907e-23,"var":0.0000540114815522},"spectral_energyband_middle_high":{"dmean":0.00186888279859,"dmean2":0.00282878288999,"dvar":0.0000121735502034,"dvar2":0.0000282952023554,"max":0.0814795792103,"mean":0.00652117282152,"median":0.00252114562318,"min":1.28804148375e-21,"var":0.0000849739226396},"spectral_energyband_middle_low":{"dmean":0.00202126405202,"dmean2":0.00313022290356,"dvar":0.0000131910483105,"dvar2":0.00003241322338,"max":0.11190289259,"mean":0.00549737364054,"median":0.00386569229886,"min":2.82439870999e-22,"var":0.0000375165618607},"spectral_entropy":{"dmean":0.148137554526,"dmean2":0.220712944865,"dvar":0.0335805378854,"dvar2":0.0667851194739,"max":9.77904701233,"mean":7.2136015892,"median":7.54554319382,"min":4.03828001022,"var":0.590188801289},"spectral_flux":{"dmean":0.0136479642242,"dmean2":0.0216129627079,"dvar":0.000264112197328,"dvar2":0.000629041402135,"max":0.276844054461,"mean":0.0580677837133,"median":0.0557170808315,"min":1.04605622775e-10,"var":0.00180789222941},"spectral_kurtosis":{"dmean":1.61878669262,"dmean2":2.68600130081,"dvar":5.18259477615,"dvar2":12.6284713745,"max":82.7781295776,"mean":4.7046957016,"median":3.21115851402,"min":-1.19953608513,"var":26.6041736603},"spectral_rms":{"dmean":0.000459869916085,"dmean2":0.000711201690137,"dvar":2.94396841127e-7,"dvar2":7.49243156406e-7,"max":0.0108298407868,"mean":0.00361686269753,"median":0.00382319046184,"min":3.26733063348e-12,"var":0.00000409334779761},"spectral_rolloff":{"dmean":399.140106201,"dmean2":676.142272949,"dvar":533963,"dvar2":1179889.5,"max":18970.7519531,"mean":1781.68920898,"median":1485.79101562,"min":86.1328125,"var":2192559.25},"spectral_skewness":{"dmean":0.207637324929,"dmean2":0.331906467676,"dvar":0.0539408661425,"dvar2":0.121546693146,"max":7.85979318619,"mean":1.42670536041,"median":1.17158699036,"min":-0.243789494038,"var":0.692369103432},"spectral_spread":{"dmean":327887.375,"dmean2":498903.8125,"dvar":197088100352,"dvar2":331742347264,"max":40459636,"mean":4111206.25,"median":3907991.75,"min":1289199.5,"var":1299962920960},"spectral_strongpeak":{"dmean":0.644359529018,"dmean2":1.08590364456,"dvar":1.80882179737,"dvar2":4.68010520935,"max":22.402671814,"mean":1.21457445621,"median":0.398454904556,"min":0,"var":4.03040742874},"zerocrossingrate":{"dmean":0.00772999506444,"dmean2":0.00938243977726,"dvar":0.000116852184874,"dvar2":0.000152202657773,"max":0.501953125,"mean":0.0641575306654,"median":0.0654296875,"min":0.00537109375,"var":0.00138513743877}},"metadata":{"audio_properties":{"analysis_sample_rate":44100,"bit_rate":192000,"codec":"mp3","downmix":"mix","equal_loudness":0,"length":508.995910645,"lossless":false,"md5_encoded":"1ab468328e9f496118dc3a3f8a6cc138","replay_gain":-12.6040973663,"sample_rate":44100},"tags":{"album":["Van Halen III"],"albumartist":["Van Halen"],"artist":["Van Halen"],"date":["1998"],"file_name":"314827.mp3","genre":["Hard Rock"],"musicbrainz_recordingid":["d78515e8-77af-41a0-afef-ed37bef0d3bc"],"title":["Year to the Day"],"tracknumber":["9"]},"version":{"essentia":"2.1-beta2","essentia_build_sha":"70f2e5ece6736b2c40cc944ad0e695b16b925413","essentia_git_sha":"v2.1_beta2","extractor":"music 1.0"}},"rhythm":{"beats_count":1385,"beats_loudness":{"dmean":0.0076475776732,"dmean2":0.0130942268297,"dvar":0.0000756375229685,"dvar2":0.000204350944841,"max":0.0807878524065,"mean":0.0205560810864,"median":0.0194891765714,"min":0.0000034897450405,"var":0.000268884294201},"beats_loudness_band_ratio":{"dmean":[0.163833886385,0.128915816545,0.140059769154,0.0932217612863,0.0699563398957,0.0574861690402],"dmean2":[0.282037824392,0.220473393798,0.246205955744,0.161136105657,0.119765251875,0.100309602916],"dvar":[0.0255411099643,0.0231728740036,0.0220257099718,0.0151327885687,0.00921552348882,0.00878882873803],"dvar2":[0.0681801885366,0.0601726323366,0.0613756552339,0.03919506073,0.0260230321437,0.0239382125437],"max":[0.993282079697,0.987353861332,0.932717263699,0.958963692188,0.771433651447,0.908725440502],"mean":[0.337217181921,0.212505921721,0.165952697396,0.131796523929,0.107836745679,0.0898612216115],"median":[0.297550082207,0.102572031319,0.0946396067739,0.0575299188495,0.0560936294496,0.063962392509],"min":[0.00000742155498301,0.00000400323187932,0.00000116118815185,0.000098149801488,0.000131412976771,0.0000373436887458],"var":[0.0673827826977,0.0574800409377,0.034833874553