{"lowlevel":{"average_loudness":0.932543933392,"barkbands":{"dmean":[0.0000272610486718,0.000436563947005,0.000601236999501,0.000524987990502,0.00137938826811,0.000837476109155,0.000798105553258,0.000502648355905,0.000537567248102,0.000508119934238,0.000417774019297,0.000298972096061,0.000645176100079,0.000595836550929,0.000738156610169,0.000551082834136,0.000526106334291,0.000292979559163,0.000188542937394,0.000145592421177,0.0000382538237318,0.0000251643050433,0.0000192441184481,0.0000144706464198,0.00000478967012896,7.17887644441e-7,6.39960884286e-9],"dmean2":[0.0000393510053982,0.000713483837899,0.00100982026197,0.000889911374543,0.00215499708429,0.00123965076637,0.00124091515318,0.000771297491156,0.000848431664053,0.000768861093093,0.000636993790977,0.000452331121778,0.0010486675892,0.000922309234738,0.00112492707558,0.000834274978843,0.000830535544083,0.000456939829746,0.000288908748189,0.000217806416913,0.0000585641791986,0.0000373439470422,0.0000291180658678,0.0000226884185395,0.00000719074614608,0.00000111078838927,1.01306465439e-8],"dvar":[2.64531752059e-9,5.79407640089e-7,9.35564457905e-7,0.00000142579074236,0.00000282156065623,0.00000171671433691,0.00000203674380828,0.00000142616579524,0.00000120944127957,0.00000107035396013,0.00000106416132439,4.78729702991e-7,0.00000404783804697,0.00000190124740129,0.00000163537276876,0.00000125872247736,8.46505827212e-7,2.31044964494e-7,8.24596426696e-8,5.90020370339e-8,6.63936416956e-9,4.73895545028e-9,3.08798009385e-9,1.02348229891e-9,8.69042129925e-11,4.73354948988e-12,4.73920651461e-16],"dvar2":[5.25721821631e-9,0.0000014717271597,0.00000256294583778,0.00000382504595109,0.0000067403916546,0.00000371923010789,0.00000498219060319,0.00000320753974847,0.00000304637023874,0.00000241831071435,0.00000232282673096,0.00000103947638763,0.0000114478380056,0.00000456950101579,0.00000369261647393,0.00000291397805086,0.00000187992384326,5.38160804808e-7,2.01475486961e-7,1.39048154324e-7,1.37154447799e-8,9.0896596916e-9,7.1455388273e-9,2.43260833699e-9,2.05758979299e-10,1.29696392515e-11,1.26675767789e-15],"max":[0.00121976318769,0.0158252939582,0.0126741519198,0.0315141491592,0.0282005853951,0.0268439631909,0.02558972314,0.0238260943443,0.017995800823,0.0217908658087,0.0337585173547,0.015562158078,0.0417382381856,0.0405114255846,0.0220822598785,0.0194405280054,0.0204470008612,0.00900244060904,0.00513692619279,0.00467546377331,0.00222554686479,0.00224895612337,0.00119317066856,0.000623822561465,0.000217402426642,0.0000884067703737,8.49999764796e-7],"mean":[0.0000623392916168,0.000960649165791,0.00148461165372,0.000718249939382,0.00292450306006,0.00179747142829,0.00144831545185,0.000842505134642,0.000967168656643,0.00103755679447,0.000802588067017,0.000608527334407,0.00107751530595,0.00103722594213,0.00153588212561,0.00121957389638,0.00124535837676,0.000716953538358,0.0004346051428,0.000348458212102,0.0000671150773996,0.0000474947264593,0.0000333495518134,0.00002236526052,0.00000748806269257,9.79276819635e-7,1.70208895867e-8],"median":[0.0000503988194396,0.000591436517425,0.000669878965709,0.000299884297419,0.0020310904365,0.00102797243744,0.000671455054544,0.000326449400745,0.000488525431138,0.000324964203173,0.000180617847946,0.000188975565834,0.000272062781733,0.000278081919532,0.000644920975901,0.000381405057851,0.000600096245762,0.000335643824656,0.000237973014009,0.000141048367368,0.0000364833831554,0.0000265333637799,0.0000188540252566,0.0000116566297947,0.00000411688506574,4.43263786565e-7,1.42979734719e-8],"min":[1.58132912345e-25,6.73047101738e-25,4.40612835192e-25,3.9081106017e-26,6.3941215336e-24,2.18016660072e-24,5.28435832302e-24,9.0199807407e-24,9.15320672582e-24,1.32003487373e-23,1.36315984838e-23,2.42062789182e-23,2.38134530087e-23,3.11351029952e-23,4.53592306821e-23,5.1498285086e-23,4.75994946787e-23,1.14267120588e-22,1.08479948635e-22,1.50792756273e-22,2.08515261187e-22,2.79569856186e-22,3.97718450107e-22,5.86975167973e-22,8.07566627441e-22,1.14313381916e-21,1.74401944479e-21],"var":[4.74188643906e-9,0.00000140178906349,0.00000276886134998,0.00000170754208284,0.00000856715178088,0.00000545048442291,0.00000470476106784,0.00000274181525128,0.00000206201752917,0.00000342550470123,0.00000378792014999,0.00000149929599047,0.00000781444941822,0.00000481011056763,0.00000494042433274,0.00000430013324149,0.00000328099918079,0.00000103008324004,2.89004873366e-7,2.30198210716e-7,1.32494140104e-8,9.67300728405e-9,4.12712042319e-9,1.28239141528e-9,1.10708012202e-10,3.8817226343e-12,3.91187396552e-16]},"barkbands_crest":{"dmean":1.96786975861,"dmean2":3.1823823452,"dvar":3.41693806648,"dvar2":8.93202114105,"max":26.9169902802,"mean":8.00791454315,"median":7.20650577545,"min":2.74151539803,"var":11.0410242081},"barkbands_flatness_db":{"dmean":0.0141107086092,"dmean2":0.0212001223117,"dvar":0.000297474616673,"dvar2":0.000523895956576,"max":1,"mean":0.133202075958,"median":0.129677474499,"min":0.0518635064363,"var":0.00153421843424},"barkbands_kurtosis":{"dmean":14.4284830093,"dmean2":28.2733230591,"dvar":458964.25,"dvar2":1377126.375,"max":35707.2460938,"mean":8.51141738892,"median":-0.483292579651,"min":-1.83895587921,"var":232583.296875},"barkbands_skewness":{"dmean":0.420113056898,"dmean2":0.654494464397,"dvar":7.19221448898,"dvar2":21.4123954773,"max":152.017028809,"mean":0.575900971889,"median":0.399645805359,"min":-2.19757223129,"var":6.49577236176},"barkbands_spread":{"dmean":3.65072011948,"dmean2":5.72911834717,"dvar":12.9475297928,"dvar2":30.8082962036,"max":71.6114807129,"mean":23.7892341614,"median":23.5915775299,"min":0.00306499213912,"var":66.7040786743},"dissonance":{"dmean":0.0129394987598,"dmean2":0.0218575783074,"dvar":0.00026467157295,"dvar2":0.000744247226976,"max":0.499999970198,"mean":0.472126126289,"median":0.477310866117,"min":0,"var":0.000456631096313},"dynamic_complexity":2.40340685844,"erbbands":{"dmean":[0.0109555786476,0.112522900105,0.551031053066,1.37362074852,2.80302023888,5.93515205383,5.85375261307,6.37840795517,11.2114639282,9.76271724701,11.4226417542,11.4953527451,11.3853683472,17.0490188599,13.4293107986,13.6912059784,25.3301124573,23.6728553772,38.1993751526,29.9979190826,30.8760757446,28.0190887451,16.1505241394,9.24560642242,9.50393295288,6.01749801636,1.59964835644,1.7487641573,0.935887336731,0.757253825665,0.497947454453,0.330312848091,0.227141171694,0.0767145380378,0.0255395267159,0.00651459395885,0.000633509480394,0.0000361222519132,0.00000363094295608,0.00000489952208227],"dmean2":[0.015836937353,0.186943009496,0.903483092785,2.34077835083,4.50372076035,9.41265487671,8.85940933228,9.4281539917,17.5911521912,14.8838796616,17.6232433319,18.0409107208,17.5191574097,25.5429611206,20.0327701569,20.8948783875,41.0767555237,36.2056159973,58.8212509155,44.688533783,46.9404373169,44.1943969727,25.151260376,14.1369400024,14.243639946,9.01543807983,2.35473108292,2.78292059898,1.39822864532,1.12981593609,0.75559926033,0.522145032883,0.351538866758,0.116629049182,0.038262385875,0.00998820364475,0.000954372342676,0.0000536539664608,0.00000519001514476,0.00000711819757271],"dvar":[0.000692040950526,0.0336998030543,0.760180592537,7.94707345963,21.7099838257,56.7936897278,74.1668548584,116.348480225,416.504272461,498.361846924,731.012634277,614.409545898,600.531433105,1462.92578125,886.617919922,1002.98364258,7560.94873047,2979.20654297,5192.99072266,3068.13500977,3861.57543945,2291.44213867,760.4375,201.360687256,242.40687561,96.1765823364,9.40646743774,16.5543804169,6.95468711853,3.42419719696,2.82462882996,0.559741735458,0.301383435726,0.0265802890062,0.00225268537179,0.000281304557575,0.00000408724508816,1.05914423898e-8,3.77389682005e-11,2.70197475505e-11],"dvar2":[0.00132741266862,0.0911840423942,1.95254313946,21.2654075623,54.8650512695,141.373382568,166.519546509,253.985229492,1033.79833984,1154.30297852,1777.91394043,1561.08740234,1396.54675293,3111.31152344,1991.11560059,2358.69824219,21811.5957031,7344.30419922,12189.84375,6669.79736328,8815.22753906,5199.48828125,1772.02404785,471.434143066,581.060424805,216.023849487,18.8312511444,37.3441581726,13.6901350021,6.99745607376,6.81416988373,1.30616939068,0.739173531532,0.0646706670523,0.00527660362422,0.000749095634092,0.0000110653991214,2.71615334668e-8,9.06778541143e-11,5.47019027297e-11],"max":[0.57007843256,3.79745316505,13.9731435776,42.2493057251,119.996643066,131.834381104,181.33392334,191.598770142,372.270996094,501.69934082,629.065063477,485.358978271,368.863952637,842.491699219,786.33605957,715.898193359,1907.43225098,1333.30688477,1441.27612305,1339.03405762,1213.50610352,1185.17712402,600.255554199,265.731933594,339.585113525,174.589492798,108.539428711,96.87449646,86.7241897583,54.2470703125,46.1633758545,15.1900529861,15.6211023331,3.88262295723,0.75257897377,0.601954817772,0.0856268107891,0.00367882614955,0.000232475838857,0.0000757958259783],"mean":[0.0199062265456,0.261995971203,1.54863405228,2.23415541649,5.17276668549,11.3159399033,13.3749876022,14.0990886688,20.4021930695,18.413520813,20.048160553,21.2144756317,22.8013000488,38.6820220947,29.6937618256,29.0507965088,46.3619499207,45.8685340881,78.0558776855,67.432220459,76.7920227051,71.6390838623,42.8141593933,24.4589347839,24.3093929291,15.564209938,3.78428006172,2.76397418976,1.7332290411,1.44221317768,0.844099283218,0.515609264374,0.348071098328,0.118706844747,0.0385123491287,0.00908656138927,0.000871653493959,0.0000582508000662,0.0000169170270965,0.0000269501560979],"median":[0.00673817051575,0.195157319307,0.818364918232,1.5057092905,3.48017191887,7.43615818024,8.17479705811,7.90698480606,9.63317966461,8.08234119415,10.0271596909,10.9934949875,10.2087516785,11.5756196976,9.05471515656,9.6984796524,12.6169281006,13.7270040512,31.3529415131,30.8051528931,27.6482086182,36.4538841248,23.046503067,13.5169973373,12.0137434006,6.70271921158,2.11405348778,1.46764290333,0.927030563354,0.854516208172,0.467229008675,0.276513069868,0.178518921137,0.0638020336628,0.020061282441,0.00431835511699,0.000374542054487,0.0000319444479828,0.0000167275902641,0.0000274798039754],"min":[3.22223079393e-23,2.61297590945e-22,7.5586046804e-22,5.7772636582e-21,1.26878818857e-20,2.41296355656e-20,3.40367567595e-20,3.14748297684e-20,6.83433230327e-20,1.27835386996e-19,2.06043556154e-19,2.2275123451e-19,3.85828005269e-19,7.07279852185e-19,9.68525720108e-19,1.02842217846e-18,1.33958457064e-18,1.99008198929e-18,2.46783111221e-18,2.50720615014e-18,3.53221796633e-18,3.1446302894e-18,5.68212779357e-18,6.12266392189e-18,6.22688412958e-18,7.98587708473e-18,9.05402947179e-18,9.31439118704e-18,9.19757756811e-18,9.99843894794e-18,1.15492032459e-17,1.12469125726e-17,9.26626664618e-18,8.58199968242e-18,5.60778204089e-18,4.22669151167e-18,2.07953536868e-18,9.56837658053e-19,2.23293761594e-19,2.76914445871e-20],"var":[0.00179156532977,0.076720289886,2.82524847984,8.61602306366,38.3329200745,151.894088745,244.240829468,356.115112305,949.469970703,1044.85827637,1104.62231445,1066.65075684,1295.80847168,5294.07373047,3236.24755859,2986.31323242,14717.1455078,7970.02001953,13881.7597656,9490.56738281,15176.3105469,9798.86230469,3090.87792969,861.089111328,1103.04284668,408.875762939,27.2573871613,26.1876392365,13.8668489456,6.13370513916,3.29678225517,0.744561135769,0.343023687601,0.0312690995634,0.002940190956,0.000259546766756,0.00000339239068126,1.01941246555e-8,9.19250439657e-11,1.84472340181e-10]},"erbbands_crest":{"dmean":2.49363803864,"dmean2":4.06551837921,"dvar":5.9544506073,"dvar2":15.1633825302,"max":35.7714080811,"mean":9.23744487762,"median":8.51122283936,"min":2.13495159149,"var":15.5549077988},"erbbands_flatness_db":{"dmean":0.0157061498612,"dmean2":0.0225475169718,"dvar":0.000238744891249,"dvar2":0.000459621718619,"max":0.353151500225,"mean":0.198860734701,"median":0.200594961643,"min":0.0280080307275,"var":0.0018251221627},"erbbands_kurtosis":{"dmean":0.952185690403,"dmean2":1.53384613991,"dvar":37.6266784668,"dvar2":74.7422485352,"max":319.895874023,"mean":0.666366815567,"median":0.0409498214722,"min":-1.70888161659,"var":40.6271057129},"erbbands_skewness":{"dmean":0.309502154589,"dmean2":0.469946831465,"dvar":0.154367625713,"dvar2":0.3001331985,"max":16.6365242004,"mean":-0.431766450405,"median":-0.38528457284,"min":-3.29209470749,"var":0.722803533077},"erbbands_spread":{"dmean":5.33839559555,"dmean2":8.26414966583,"dvar":30.1506271362,"dvar2":66.9459075928,"max":114.032539368,"mean":29.2646846771,"median":28.1585483551,"min":2.92869329453,"var":166.659591675},"gfcc":{"cov":[[44387.4140625,4174.08886719,-6443.49462891,1410.9453125,-2049.72363281,220.749298096,-1685.01037598,173.023620605,-801.413696289,-352.514221191,-376.167205811,-485.898254395,-94.0184249878],[4174.08886719,905.378479004,-617.193786621,46.6806297302,-89.4945373535,-22.5418701172,-115.624565125,-19.9534645081,11.6277132034,-113.657020569,19.967338562,-60.5078620911,11.6894178391],[-6443.49462891,-617.193786621,1295.07714844,-74.5722427368,210.949493408,28.7099647522,159.175033569,2.95093750954,101.740135193,94.3334579468,18.8566799164,88.5037460327,-15.784324646],[1410.9453125,46.6806297302,-74.5722427368,312.067901611,-57.8191452026,-49.0288658142,-123.921287537,40.8288536072,11.3226890564,0.666802346706,-12.1826238632,-8.84439468384,14.4753284454],[-2049.72363281,-89.4945373535,210.949493408,-57.8191452026,281.82220459,-16.2750968933,107.000946045,13.0862970352,77.3593978882,-13.4514665604,21.8602390289,16.383354187,30.8732814789],[220.749298096,-22.5418701172,28.7099647522,-49.0288658142,-16.2750968933,254.325195312,102.310119629,-12.397143364,-69.3491744995,25.5498409271,-0.233689233661,-12.6945066452,-20.9322090149],[-1685.01037598,-115.624565125,159.175033569,-123.921287537,107.000946045,102.310119629,259.928344727,-11.5971794128,-21.2374629974,11.6061878204,59.8582382202,-9.69149112701,-7.21246623993],[173.023620605,-19.9534645081,2.95093750954,40.8288536072,13.0862970352,-12.397143364,-11.5971794128,91.7531890869,36.6668052673,2.88156223297,-25.1473770142,1.26605963707,3.12251710892],[-801.413696289,11.6277132034,101.740135193,11.3226890564,77.3593978882,-69.3491744995,-21.2374629974,36.6668052673,166.048034668,3.32425260544,-7.87458181381,18.5017280579,29.6888828278],[-352.514221191,-113.657020569,94.3334579468,0.666802346706,-13.4514665604,25.5498409271,11.6061878204,2.88156223297,3.32425260544,88.9076461792,9.19007492065,-5.03535509109,-17.2492046356],[-376.167205811,19.967338562,18.8566799164,-12.1826238632,21.8602390289,-0.233689233661,59.8582382202,-25.1473770142,-7.87458181381,9.19007492065,109.006790161,12.9246721268,-1.1125266552],[-485.898254395,-60.5078620911,88.5037460327,-8.84439468384,16.383354187,-12.6945066452,-9.69149112701,1.26605963707,18.5017280579,-5.03535509109,12.9246721268,73.8250274658,25.0420894623],[-94.0184249878,11.6894178391,-15.784324646,14.4753284454,30.8732814789,-20.9322090149,-7.21246623993,3.12251710892,29.6888828278,-17.2492046356,-1.1125266552,25.0420894623,62.5492477417]],"icov":[[0.00098491681274,-0.00226614670828,0.00319000147283,-0.00226299534552,0.001936374465,-0.0018611109117,0.0021035161335,-0.002173445886,0.0022520669736,-0.0018559016753,0.00142600992694,-0.00115690974053,0.000912918651011],[-0.00226614670828,0.00743618421257,-0.00657479837537,0.00534965284169,-0.00424703909084,0.00352568202652,-0.00382656301372,0.00540231540799,-0.00650932593271,0.00672356737778,-0.00480213947594,0.00425644405186,-0.00197364995256],[0.00319000147283,-0.00657479837537,0.0118471421301,-0.00757206231356,0.00564925372601,-0.00617133360356,0.00630700122565,-0.00633473554626,0.00627178093418,-0.00644781859592,0.00490877684206,-0.00523972185329,0.00438555609435],[-0.00226299534552,0.00534965284169,-0.00757206231356,0.00982344150543,-0.00409251730889,0.00407411484048,-0.0021094228141,0.00257444172166,-0.00468116998672,0.00439921393991,-0.00512181594968,0.0048121730797,-0.00415643071756],[0.001936374465,-0.00424703909084,0.00564925372601,-0.00409251730889,0.00973635725677,-0.0031527983956,0.00193058280274,-0.00465190503746,0.00224709650502,-0.00191271910444,0.00241591641679,-0.00137313082814,-0.000330311740981],[-0.0018611109117,0.00352568202652,-0.00617133360356,0.00407411484048,-0.0031527983956,0.0094897588715,-0.00716104125604,0.00420181639493,-0.00204012612812,0.00114263279829,-0.000363006111002,0.000963183469139,-0.00136871263385],[0.0021035161335,-0.00382656301372,0.00630700122565,-0.0021094228141,0.00193058280274,-0.00716104125604,0.0138683477417,-0.0064663561061,0.00565048400313,-0.00224118307233,-0.00249917735346,0.00188979192171,0.000428181898315],[-0.002173445886,0.00540231540799,-0.00633473554626,0.00257444172166,-0.00465190503746,0.00420181639493,-0.0064663561061,0.0191052537411,-0.00845067575574,0.00363103090785,0.000792046077549,0.000741949304938,0.000261449196842],[0.0022520669736,-0.00650932593271,0.00627178093418,-0.00468116998672,0.00224709650502,-0.00204012612812,0.00565048400313,-0.00845067575574,0.0154328942299,-0.00697446195409,0.00390629516914,-0.00311295804568,-0.00138360494748],[-0.0018559016753,0.00672356737778,-0.00644781859592,0.00439921393991,-0.00191271910444,0.00114263279829,-0.00224118307233,0.00363103090785,-0.00697446195409,0.020232481882,-0.0064735673368,0.00586752593517,0.000621116370894],[0.00142600992694,-0.00480213947594,0.00490877684206,-0.00512181594968,0.00241591641679,-0.000363006111002,-0.00249917735346,0.000792046077549,0.00390629516914,-0.0064735673368,0.01636887528,-0.0074477060698,0.00345683493651],[-0.00115690974053,0.00425644405186,-0.00523972185329,0.0048121730797,-0.00137313082814,0.000963183469139,0.00188979192171,0.000741949304938,-0.00311295804568,0.00586752593517,-0.0074477060698,0.0228512398899,-0.00997485499829],[0.000912918651011,-0.00197364995256,0.00438555609435,-0.00415643071756,-0.000330311740981,-0.00136871263385,0.000428181898315,0.000261449196842,-0.00138360494748,0.000621116370894,0.00345683493651,-0.00997485499829,0.0244213771075]],"mean":[-48.0144615173,116.454299927,-153.843688965,38.9798583984,-53.0460548401,3.73114800453,-47.063331604,3.65852379799,-17.2783546448,-10.0161447525,-8.98792552948,-10.1561985016,-1.9341930151]},"hfc":{"dmean":4.8842382431,"dmean2":6.9511218071,"dvar":32.1902389526,"dvar2":61.6889839172,"max":94.2107467651,"mean":23.4998931885,"median":21.8247642517,"min":1.06577794857e-16,"var":252.768127441},"melbands":{"dmean":[0.000106180639705,0.000234366467339,0.000235203871853,0.000346029759385,0.000193803498405,0.000149126834003,0.00016572594177,0.000106259707536,0.0000998605610221,0.0000686332277837,0.000060219248553,0.0000727422957425,0.000055243166571,0.0000314390235872,0.0000624328240519,0.0000470483646495,0.0000491548198625,0.000068954694143,0.0000494018750032,0.0000349705151166,0.0000393232548959,0.0000365112391592,0.0000187027853826,0.0000151563335749,0.00000772406019678,0.00000762097306506,0.0000074077042882,0.0000035975776882,0.0000012342361515,7.88214038039e-7,0.00000118048933473,5.73995066588e-7,4.53106537179e-7,4.47657981795e-7,3.31491833094e-7,2.03513351948e-7,2.11440976727e-7,1.75113228806e-7,1.11906359734e-7,5.33155883886e-8],"dmean2":[0.000167500547832,0.000387210922781,0.000394854287151,0.000539349333849,0.000294908502838,0.000220379341044,0.000259269494563,0.000162064927281,0.000154783963808,0.000108032196295,0.0000925661079236,0.000108680404082,0.0000830786302686,0.0000478506080981,0.0000996232411126,0.0000752004561946,0.0000754651846364,0.000106167113699,0.0000746635196265,0.0000527427109773,0.0000601928877586,0.000058213401644,0.0000292413078569,0.0000238284210354,0.0000120108170449,0.0000117988129205,0.0000110333567136,0.00000548472416995,0.0000018728918576,0.00000120027061712,0.00000193174901142,8.75376827025e-7,6.86357793711e-7,6.89993271408e-7,5.10317875069e-7,3.15567888265e-7,3.41535695725e-7,2.73833677511e-7,1.73342627363e-7,8.26455561764e-8],"dvar":[4.40392291523e-8,1.26481893403e-7,2.27351051763e-7,1.93064195741e-7,6.8705276135e-8,5.91770117353e-8,8.70465015623e-8,5.55755974574e-8,5.10261983777e-8,2.12096828989e-8,1.62846003349e-8,2.5870452447e-8,1.70531038179e-8,5.82686476847e-9,4.42236753884e-8,1.49629073576e-8,1.43235556749e-8,1.79683752322e-8,7.0151084941e-9,5.25837640097e-9,6.37708019724e-9,3.92855525888e-9,9.92036675029e-10,8.07016453663e-10,1.57156634928e-10,1.84308457385e-10,1.76043096767e-10,3.46198660017e-11,6.09428263063e-12,3.05962134968e-12,8.4221588037e-12,2.70872820701e-12,1.45704325341e-12,1.23435474082e-12,1.32162640207e-12,3.38176670911e-13,2.23330753305e-13,1.60544551286e-13,8.02596853452e-14,1.48205659713e-14],"dvar2":[1.02239397393e-7,3.29530593035e-7,6.07102833783e-7,4.55757600548e-7,1.54721064405e-7,1.2900090951e-7,2.14665320186e-7,1.23410259789e-7,1.248433108e-7,5.42375246937e-8,3.78289897185e-8,5.531261138e-8,3.72851118868e-8,1.32946844644e-8,1.23246607586e-7,4.07560776239e-8,3.46956454678e-8,4.26094572958e-8,1.53048880236e-8,1.15020251101e-8,1.44449385786e-8,9.06045638516e-9,2.43056086369e-9,1.84934401126e-9,3.79709486076e-10,4.73447725469e-10,4.21562423858e-10,7.82610087846e-11,1.31449139767e-11,6.1219167756e-12,2.04871345583e-11,5.50703883537e-12,3.01925368387e-12,2.7698067364e-12,3.22144004181e-12,8.11244192482e-13,5.54549895587e-13,3.93330577527e-13,2.01535999261e-13,3.71034786554e-14],"max":[0.00394229497761,0.00561718456447,0.0116675458848,0.00637805368751,0.00540903070942,0.00451774708927,0.00578925805166,0.005291685462,0.0052508180961,0.0027510675136,0.00186819082592,0.0033234343864,0.00428320746869,0.00174038135447,0.00474693253636,0.00246796617284,0.00331134884618,0.00236342591234,0.00167049188167,0.00135626574047,0.00127961486578,0.00149537727702,0.000620458624326,0.000551161472686,0.000248826661846,0.000326718320139,0.0002737842442,0.000100755700259,0.0000844129535835,0.0000462496500404,0.0000704739650246,0.0000504783711222,0.0000339883918059,0.0000365531377611,0.000031256407965,0.0000130348889797,0.00000857543636812,0.0000102193571365,0.00000835366790852,0.00000341475561072],"mean":[0.000218568879063,0.000652439775877,0.000423857040005,0.000663104874548,0.000471317354823,0.000328177964548,0.000301450112602,0.000197230125195,0.000173155538505,0.000125096310512,0.000116244795208,0.000161374206073,0.000112593326776,0.0000649088906357,0.000110750974272,0.0000829766213428,0.0000869897412485,0.00012779897952,0.000104831691715,0.0000755109649617,0.0000913537005545,0.0000835305181681,0.0000438011957158,0.0000346485612681,0.0000173380867636,0.0000167354683072,0.0000178117770702,0.00000844429541758,0.0000025369740797,0.00000139272958677,0.00000164154346294,9.76850060397e-7,8.57455916048e-7,7.79325716849e-7,5.19244395036e-7,3.41640657098e-7,2.9636578347e-7,2.56446639924e-7,1.72875061821e-7,7.64550591725e-8],"median":[0.000108654989162,0.000460548209958,0.000306082540192,0.000428716826718,0.000309643684886,0.000186212986591,0.000143559838762,0.0000818488697405,0.0000870710937306,0.0000640389771434,0.000048416073696,0.0000460076698801,0.0000298356153507,0.0000200234080694,0.0000258017698798,0.0000237717213167,0.000021448762709,0.0000442711389042,0.0000466390774818,0.0000263119873125,0.0000309233219014,0.0000412839253841,0.0000220306246774,0.0000131964852699,0.0000087382250058,0.00000857086524775,0.00000688187492415,0.00000357017074748,0.00000117950889944,7.71242582687e-7,7.82877009442e-7,4.72761655601e-7,5.09230233092e-7,4.53105769793e-7,2.64108621195e-7,1.9529626627e-7,1.47556718844e-7,1.26659173816e-7,9.15970019832e-8,3.80548321743e-8],"min":[3.08271532928e-25,4.00277021254e-25,1.20114367455e-24,1.37870877013e-24,1.53221025545e-24,7.37902167073e-25,1.03603962303e-24,1.62502457272e-24,1.55919659537e-24,1.22721720379e-24,1.4043642031e-24,2.46989844791e-24,3.16617962337e-24,2.49575928054e-24,1.85885211554e-24,2.65188353115e-24,3.07764043917e-24,3.37369816196e-24,2.79169709647e-24,1.90251280563e-24,3.46280079007e-24,2.76507047712e-24,4.41084357077e-24,4.53723683716e-24,3.91512140578e-24,4.28122977974e-24,3.91465242797e-24,4.98759279478e-24,5.4815538278e-24,4.73789386359e-24,5.44761900381e-24,4.65404347139e-24,5.23188053459e-24,4.50814759128e-24,5.75815291586e-24,5.45248745889e-24,5.52130373996e-24,5.46343408724e-24,5.63551620511e-24,6.29465997852e-24],"var":[1.05445288057e-7,4.15064761228e-7,2.75452094911e-7,5.26862947936e-7,2.57500488487e-7,1.83586877256e-7,2.03405747357e-7,1.22324792073e-7,7.38955492352e-8,3.55377913763e-8,3.55594416135e-8,9.41886284522e-8,6.24941591809e-8,1.73618435184e-8,8.95174849802e-8,3.04805496398e-8,3.64499435079e-8,4.54548825246e-8,2.47014089183e-8,1.58096433722e-8,2.3532312099e-8,1.52154910893e-8,3.28717297826e-9,3.27312932313e-9,4.96475416334e-10,5.72080771644e-10,6.99986124619e-10,1.24566176818e-10,1.60703915453e-11,6.20844521626e-12,1.11608040518e-11,5.21611269802e-12,2.65275778774e-12,1.85038291113e-12,1.48939487046e-12,4.13265911292e-13,2.57322592054e-13,1.83891015479e-13,8.64413792281e-14,1.55868495736e-14]},"melbands_crest":{"dmean":2.54034304619,"dmean2":4.06006574631,"dvar":5.94698429108,"dvar2":14.952413559,"max":40,"mean":10.7384309769,"median":9.80756568909,"min":1.5018633604,"var":23.7631225586},"melbands_flatness_db":{"dmean":0.016630358994,"dmean2":0.0248641204089,"dvar":0.00039722918882,"dvar2":0.000741657393519,"max":1,"mean":0.17000246048,"median":0.166549861431,"min":0.00346222799271,"var":0.00279513513669},"melbands_kurtosis":{"dmean":8689508,"dmean2":17077462,"dvar":200326122318000000,"dvar2":400838818015000000,"max":23870072832,"mean":8535656,"median":0.91165804863,"min":-1.81508946419,"var":200165627980000000},"melbands_skewness":{"dmean":37.038646698,"dmean2":72.5187606812,"dvar":3546729,"dvar2":7087350,"max":100554.40625,"mean":37.4722595215,"median":1.27626848221,"min":-1.01011419296,"var":3553338.5},"melbands_spread":{"dmean":6.6561126709,"dmean2":10.1419715881,"dvar":48.7451477051,"dvar2":105.557449341,"max":158.766098022,"mean":38.1073493958,"median":34.4604644775,"min":1.20663283809e-8,"var":536.33996582},"mfcc":{"cov":[[11660.1826172,2098.55786133,-1104.55249023,382.692382812,-7.99707841873,-73.4165649414,-84.4127655029,13.524181366,-178.417053223,103.308418274,-112.654296875,-215.365722656,-78.287727356],[2098.55786133,1133.04418945,-257.432189941,35.0351371765,68.3050460815,-9.42669391632,-38.5656471252,53.685962677,-16.436580658,0.591549873352,-36.3720855713,0.973035931587,3.65094089508],[-1104.55249023,-257.432189941,540.318054199,9.81216716766,11.5008592606,49.3579750061,-9.97079944611,-34.5136184692,11.1798114777,-32.1977119446,30.5255031586,61.6795425415,-15.2006292343],[382.692382812,35.0351371765,9.81216716766,301.503540039,110.704826355,-98.1558380127,-103.006645203,-7.7393283844,0.498819082975,9.11095809937,-32.2913360596,11.1852531433,48.374671936],[-7.99707841873,68.3050460815,11.5008592606,110.704826355,192.63494873,-31.8919219971,-95.5525131226,16.8328208923,44.9355621338,-0.866844058037,-31.7530593872,19.0227355957,26.0655288696],[-73.4165649414,-9.42669391632,49.3579750061,-98.1558380127,-31.8919219971,160.925384521,106.956817627,4.07518005371,-1.67735207081,11.4272861481,25.3878288269,-9.47316360474,-28.7655849457],[-84.4127655029,-38.5656471252,-9.97079944611,-103.006645203,-95.5525131226,106.956817627,249.018814087,30.5660457611,-58.190246582,32.8963432312,44.8005828857,-44.0682411194,-40.8696327209],[13.524181366,53.685962677,-34.5136184692,-7.7393283844,16.8328208923,4.07518005371,30.5660457611,93.2882461548,29.2975292206,-4.44798755646,-11.7653799057,6.62235784531,9.36882591248],[-178.417053223,-16.436580658,11.1798114777,0.498819082975,44.9355621338,-1.67735207081,-58.190246582,29.2975292206,133.079025269,10.7523841858,-29.2203483582,21.5278263092,16.3109607697],[103.308418274,0.591549873352,-32.1977119446,9.11095809937,-0.866844058037,11.4272861481,32.8963432312,-4.44798755646,10.7523841858,100.407691956,32.9326286316,-23.9302711487,-3.2483522892],[-112.654296875,-36.3720855713,30.5255031586,-32.2913360596,-31.7530593872,25.3878288269,44.8005828857,-11.7653799057,-29.2203483582,32.9326286316,82.7682800293,1.16202998161,-23.3595504761],[-215.365722656,0.973035931587,61.6795425415,11.1852531433,19.0227355957,-9.47316360474,-44.0682411194,6.62235784531,21.5278263092,-23.9302711487,1.16202998161,83.0092391968,28.8537006378],[-78.287727356,3.65094089508,-15.2006292343,48.374671936,26.0655288696,-28.7655849457,-40.8696327209,9.36882591248,16.3109607697,-3.2483522892,-23.3595504761,28.8537006378,77.6524581909]],"icov":[[0.000179614464287,-0.000273991608992,0.000233431317611,-0.000356737727998,0.000285639514914,-0.000249585078564,0.00020374765154,0.00000117848981063,0.000162595461006,-0.000140690695844,0.000181235358468,0.000155432906467,0.00033737780177],[-0.000273991608992,0.00151294725947,0.000202910872758,0.000475084205391,-0.000716532114893,-0.0000791439742898,0.000123599529616,-0.00068086781539,0.000418397772592,-0.000067548971856,0.000178785281605,-0.000804619514383,0.0000168408751051],[0.000233431317611,0.000202910872758,0.00295184203424,-0.00105753401294,0.000101750862086,-0.00139287684578,0.000226264135563,0.000798829132691,-0.0000796631939011,0.000688960659318,-0.000479541107779,-0.00188115437049,0.00153529737145],[-0.000356737727998,0.000475084205391,-0.00105753401294,0.00643347715959,-0.00320819020271,0.00304809887893,-0.0000708110092091,0.000284024572466,0.00122912437655,-0.00130551308393,0.000743224227335,0.000220444329898,-0.00263346335851],[0.000285639514914,-0.000716532114893,0.000101750862086,-0.00320819020271,0.00895847938955,-0.00221061473712,0.00329336849973,-0.00226714252494,-0.000601849693339,-0.00107618595939,0.00125753949396,0.000249783857726,0.000887947506271],[-0.000249585078564,-0.0000791439742898,-0.00139287684578,0.00304809887893,-0.00221061473712,0.0116357440129,-0.00562140485272,0.00228665163741,-0.00243238266557,0.00053688470507,-0.000821087800432,-0.000514419691171,-0.000124025871628],[0.00020374765154,0.000123599529616,0.000226264135563,-0.0000708110092091,0.00329336849973,-0.00562140485272,0.0106643605977,-0.00580740580335,0.00463721016422,-0.00296909036115,-0.000247707706876,0.00259883259423,0.00127518060617],[0.00000117848981063,-0.00068086781539,0.000798829132691,0.000284024572466,-0.00226714252494,0.00228665163741,-0.00580740580335,0.0156434606761,-0.00510938419029,0.00267006503418,0.0000299492658087,-0.0015351078473,-0.00155886437278],[0.000162595461006,0.000418397772592,-0.0000796631939011,0.00122912437655,-0.000601849693339,-0.00243238266557,0.00463721016422,-0.00510938419029,0.0129540329799,-0.00544659560546,0.00532485498115,-0.00240451423451,0.00126745563466],[-0.000140690695844,-0.000067548971856,0.000688960659318,-0.00130551308393,-0.00107618595939,0.00053688470507,-0.00296909036115,0.00267006503418,-0.00544659560546,0.0160825736821,-0.00889562442899,0.00513243861496,-0.00328146433458],[0.000181235358468,0.000178785281605,-0.000479541107779,0.000743224227335,0.00125753949396,-0.000821087800432,-0.000247707706876,0.0000299492658087,0.00532485498115,-0.00889562442899,0.0208864361048,-0.00604375498369,0.0057953633368],[0.000155432906467,-0.000804619514383,-0.00188115437049,0.000220444329898,0.000249783857726,-0.000514419691171,0.00259883259423,-0.0015351078473,-0.00240451423451,0.00513243861496,-0.00604375498369,0.0200347192585,-0.00757514499128],[0.00033737780177,0.0000168408751051,0.00153529737145,-0.00263346335851,0.000887947506271,-0.000124025871628,0.00127518060617,-0.00155886437278,0.00126745563466,-0.00328146433458,0.0057953633368,-0.00757514499128,0.0198281574994]],"mean":[-650.716491699,129.871627808,-31.611530304,25.324596405,9.96879673004,-2.77962636948,-9.75008678436,1.39077484608,-5.25867319107,1.83749163151,-6.64731025696,-4.84907817841,-1.7454521656]},"pitch_salience":{"dmean":0.05570076406,"dmean2":0.0887001752853,"dvar":0.00252275564708,"dvar2":0.00639059208333,"max":0.903670072556,"mean":0.598615527153,"median":0.598745346069,"min":0.000016392001271,"var":0.0106565598398},"silence_rate_20dB":{"dmean":0,"dmean2":0,"dvar":0,"dvar2":0,"max":1,"mean":1,"median":1,"min":1,"var":0},"silence_rate_30dB":{"dmean":0,"dmean2":0,"dvar":0,"dvar2":0,"max":1,"mean":1,"median":1,"min":1,"var":0},"silence_rate_60dB":{"dmean":0.00436840206385,"dmean2":0.00873839389533,"dvar":0.00434930901974,"dvar2":0.0101183736697,"max":1,"mean":0.0533212013543,"median":0,"min":0,"var":0.0504772588611},"spectral_centroid":{"dmean":202.470626831,"dmean2":304.049346924,"dvar":75889.484375,"dvar2":158246.453125,"max":11911.6464844,"mean":1890.72192383,"median":1638.49060059,"min":319.422119141,"var":2848052.75},"spectral_complexity":{"dmean":2.99417543411,"dmean2":4.52976512909,"dvar":9.43385028839,"dvar2":18.4934406281,"max":52,"mean":22.329208374,"median":23,"min":0,"var":69.2974014282},"spectral_contrast_coeffs":{"dmean":[0.0470573566854,0.0429007858038,0.0338250957429,0.0306579433382,0.0237139742821,0.0149788716808],"dmean2":[0.0779657140374,0.0692469850183,0.0542631857097,0.048217330128,0.0369183011353,0.0241064373404],"dvar":[0.00146961782593,0.00121903466061,0.000795401865616,0.000665146682877,0.00044170813635,0.000185422657523],"dvar2":[0.00396310910583,0.00314985960722,0.00195734971203,0.00154650746845,0.000951344496571,0.000437398353824],"max":[-0.329428076744,-0.42687818408,-0.523120701313,-0.553338766098,-0.552231013775,-0.616924405098],"mean":[-0.612608671188,-0.72746181488,-0.761363148689,-0.738570928574,-0.7356107831,-0.762910068035],"median":[-0.606394052505,-0.725318133831,-0.76751947403,-0.738236784935,-0.73119699955,-0.757424712181],"min":[-0.98208707571,-0.979354858398,-0.976779937744,-0.994136929512,-0.98653370142,-0.964891016483],"var":[0.00956762395799,0.0059229019098,0.00569659983739,0.00544879958034,0.00438504526392,0.00201005279087]},"spectral_contrast_valleys":{"dmean":[0.400030583143,0.331865519285,0.283705681562,0.244448393583,0.220566406846,0.286203056574],"dmean2":[0.668682813644,0.542139530182,0.455762863159,0.383471310139,0.320344895124,0.385100752115],"dvar":[0.169957563281,0.136919125915,0.118741542101,0.101292684674,0.105973593891,0.125352710485],"dvar2":[0.383704006672,0.273616433144,0.222313463688,0.176409184933,0.174052581191,0.217717930675],"max":[-5.96882486343,-4.79721450806,-5.50001716614,-5.90926504135,-5.84126520157,-8.71684074402],"mean":[-8.23721599579,-7.27385854721,-7.90570640564,-7.99409198761,-8.11601638794,-11.1464147568],"median":[-7.53470516205,-6.59024047852,-7.24873828888,-7.30849838257,-7.4332742691,-10.5917577744],"min":[-28.4473152161,-28.4818553925,-27.9105033875,-27.8342189789,-27.5767669678,-27.4406147003],"var":[12.2727823257,13.3588600159,12.5995988846,12.5090961456,12.3318796158,8.907787323]},"spectral_decrease":{"dmean":9.65540536413e-10,"dmean2":1.43254419438e-9,"dvar":1.04194141159e-18,"dvar2":2.26003486374e-18,"max":2.06166274611e-28,"mean":-5.11821607319e-9,"median":-5.22877696696e-9,"min":-1.54333612556e-8,"var":6.21737775639e-18},"spectral_energy":{"dmean":0.00398328201845,"dmean2":0.00587053317577,"dvar":0.0000177484907908,"dvar2":0.000037666373828,"max":0.0628088787198,"mean":0.0214488320053,"median":0.0219314321876,"min":9.9224046482e-21,"var":0.000112429341243},"spectral_energyband_high":{"dmean":0.000121230339573,"dmean2":0.000176473753527,"dvar":4.86699320845e-8,"dvar2":8.78939161453e-8,"max":0.00591329392046,"mean":0.000282610155409,"median":0.00018036646361,"min":6.69282819609e-21,"var":1.29092043721e-7},"spectral_energyband_low":{"dmean":0.00109249923844,"dmean2":0.00184294616338,"dvar":0.00000286850809061,"dvar2":0.00000782757615525,"max":0.0209618508816,"mean":0.00288358330727,"median":0.00234615150839,"min":6.3460582108e-24,"var":0.00000625116035735},"spectral_energyband_middle_high":{"dmean":0.00241649965756,"dmean2":0.00353448675014,"dvar":0.00000948306387727,"dvar2":0.0000204601601581,"max":0.049369122833,"mean":0.00986842438579,"median":0.00807238183916,"min":1.17988570015e-21,"var":0.0000660627265461},"spectral_energyband_middle_low":{"dmean":0.00269415345974,"dmean2":0.00399571238086,"dvar":0.00000957444808591,"dvar2":0.0000219063404074,"max":0.0498664081097,"mean":0.0088886320591,"median":0.00772598898038,"min":1.60694147081e-22,"var":0.0000361451384379},"spectral_entropy":{"dmean":0.119006752968,"dmean2":0.170297369361,"dvar":0.0154448719695,"dvar2":0.0299209877849,"max":9.82773685455,"mean":7.48417615891,"median":7.42353105545,"min":6.00295639038,"var":0.245308145881},"spectral_flux":{"dmean":0.0158264674246,"dmean2":0.0247408188879,"dvar":0.00024884348386,"dvar2":0.000543838366866,"max":0.195888578892,"mean":0.0704750865698,"median":0.0696188434958,"min":6.2784000221e-11,"var":0.00102350022644},"spectral_kurtosis":{"dmean":2.27947664261,"dmean2":3.94522070885,"dvar":6.145216465,"dvar2":18.2549686432,"max":54.1863708496,"mean":5.66824388504,"median":5.02744483948,"min":-1.32248103619,"var":12.7415122986},"spectral_rms":{"dmean":0.000424965895945,"dmean2":0.000617808895186,"dvar":1.89745748003e-7,"dvar2":3.67253960576e-7,"max":0.00782795995474,"mean":0.0043500601314,"median":0.00462563708425,"min":3.11133323966e-12,"var":0.0000020026227503},"spectral_rolloff":{"dmean":281.567108154,"dmean2":459.649230957,"dvar":245606.4375,"dvar2":526617.0625,"max":19616.7480469,"mean":2378.51342773,"median":1894.921875,"min":21.533203125,"var":8901542},"spectral_skewness":{"dmean":0.23731084168,"dmean2":0.405360251665,"dvar":0.0495991483331,"dvar2":0.142257735133,"max":4.70538234711,"mean":1.46264159679,"median":1.47795152664,"min":-0.0958945825696,"var":0.190297991037},"spectral_spread":{"dmean":384485.5,"dmean2":591263.5,"dvar":1180450553860,"dvar2":2349794066430,"max":49718136,"mean":4243666,"median":2979289.5,"min":981872.75,"var":42609800118300},"spectral_strongpeak":{"dmean":0.95870256424,"dmean2":1.6336196661,"dvar":2.16873884201,"dvar2":5.30727338791,"max":11.4722089767,"mean":1.69079005718,"median":0.734030067921,"min":0,"var":4.34394741058},"zerocrossingrate":{"dmean":0.00633148103952,"dmean2":0.00772707536817,"dvar":0.000080768011685,"dvar2":0.000120617922221,"max":0.52783203125,"mean":0.0759675875306,"median":0.0634765625,"min":0,"var":0.00597076537088}},"metadata":{"audio_properties":{"analysis_sample_rate":44100,"bit_rate":0,"codec":"flac","downmix":"mix","equal_loudness":0,"length":127.559997559,"lossless":true,"md5_encoded":"df31ef1ebb723f6e3c4893e0f09f9025","replay_gain":-11.6610240936,"sample_rate":44100},"tags":{"acoustid_id":["c180990a-6ddb-41f2-867e-159cb1a69634"],"album":["Beatles for Sale"],"albumartist":["The Beatles"],"albumartistsort":["Beatles, The"],"artist":["The Beatles"],"artists":["The Beatles"],"artistsort":["Beatles, The"],"catalognumber":["PMC 1240"],"date":["1964-12-04"],"discnumber":["1"],"disctotal":["1"],"file_name":"03 Baby’s in Black.flac","genre":["Rock"],"label":["Parlophone"],"language":["eng"],"media":["12\" Vinyl"],"musicbrainz_albumartistid":["b10bbbfc-cf9e-42e0-be17-e2c3e1d2600d"],"musicbrainz_albumid":["c9f28bf9-3e03-4da2-b0b8-5d76691df7de"],"musicbrainz_artistid":["b10bbbfc-cf9e-42e0-be17-e2c3e1d2600d"],"musicbrainz_recordingid":["d7a53cec-1318-495a-ab05-849d2ebc38f8"],"musicbrainz_releasegroupid":["f50a3b6f-27f0-3832-bd3f-3568dc557d95"],"musicbrainz_releasetrackid":["828b830c-dc75-395a-9267-1820e32336c6"],"musicbrainz_workid":["45bffa5b-0990-3829-87ec-c3bdce0b4c84"],"originaldate":["1964-12-04"],"producer":["George Martin"],"releasecountry":["GB"],"releasestatus":["official"],"releasetype":["album"],"script":["Latn"],"title":["Baby’s in Black"],"totaldiscs":["1"],"totaltracks":["14"],"tracknumber":["3"],"tracktotal":["14"],"work":["Baby’s in Black"],"writer":["John Lennon","Paul McCartney"]},"version":{"essentia":"2.1-beta1","essentia_build_sha":"ca57ba49d9b1854bd80e60cf9ccf267278fb7d6b","essentia_git_sha":"v2.1_beta1-28-g21ef5f4-dirty","extractor":"music 1.0"}},"rhythm":{"beats_count":213,"beats_loudness":{"dmean":0.0085126562044,"dmean2":0.0147864660248,"dvar":0.0000580222695135,"dvar2":0.000168439059053,"max":0.0580960139632,"mean":0.0258448533714,"median":0.0270460881293,"min":0,"var":0.0000988713800325},"beats_loudness_band_ratio":{"dmean":[0.132099717855,0.142626240849,0.12619633972