{"lowlevel":{"average_loudness":0.885592162609,"barkbands":{"dmean":[0.00369452731684,0.00852096267045,0.00222823652439,0.0020939023234,0.00499837705866,0.000973194546532,0.000404218095355,0.000253682082985,0.000375086208805,0.000316902674967,0.000231300597079,0.000123071164126,0.000108744417957,0.0000859761494212,0.0000929743910092,0.0000248005853791,0.0000113233281809,0.0000106175375549,0.0000166116005857,0.00000635016976958,0.00000366922245121,0.0000027314106319,0.00000204839125217,0.0000018415124714,0.00000176889398062,0.00000175356649379,0.00000514091289006],"dmean2":[0.00594888720661,0.0139573784545,0.00370508362539,0.00342038157396,0.00778610026464,0.00154032034334,0.00063724006759,0.000400253047701,0.00059257860994,0.000488599122036,0.000344240135746,0.000192844556295,0.000163636126672,0.000136310467497,0.000147205559188,0.0000389627748518,0.0000176623852894,0.0000164025404956,0.0000231017020269,0.00000984404050541,0.00000583599967285,0.00000440119220002,0.00000336359403263,0.00000305559137814,0.00000293906782645,0.0000029030402402,0.00000755933751861],"dvar":[0.000069628295023,0.000255151593592,0.0000117772906378,0.0000138323748615,0.000107981781184,0.00000817057480162,0.00000157646320531,6.99368683854e-7,0.00000123917197925,0.00000117671902444,6.25627649242e-7,1.37707559134e-7,1.26122799315e-7,7.54478008957e-8,3.74330909381e-7,1.96333562741e-8,1.19274412569e-9,1.17852128056e-9,1.18749658995e-8,6.46873443699e-10,1.75692405069e-10,2.98218567896e-11,1.72252195146e-11,1.50601805332e-11,1.39887545991e-11,1.34265593435e-11,2.81505596611e-10],"dvar2":[0.000156410649652,0.000688035215717,0.0000311095827783,0.000035257107811,0.000242247115239,0.0000191744857148,0.00000376514071831,0.0000016142878394,0.00000295608447232,0.00000275261913885,0.00000128030558244,3.26775790427e-7,2.57390723846e-7,1.92960541767e-7,0.00000100170586848,4.76570214403e-8,2.80299072841e-9,2.60757482273e-9,1.93072562382e-8,1.44823186776e-9,3.93540422472e-10,6.58966700651e-11,4.08119787965e-11,3.62519007868e-11,3.36708230742e-11,3.2274859868e-11,5.82224823908e-10],"max":[0.148108318448,0.38802793622,0.0665243044496,0.0768551081419,0.193932160735,0.0770612508059,0.0677837505937,0.0281822104007,0.0352610945702,0.0350114367902,0.023468175903,0.0109713738784,0.0157137233764,0.00922474823892,0.031195839867,0.0068907267414,0.00216108886525,0.00164541509002,0.00667222868651,0.0013983619865,0.00107524322812,0.000191915722098,0.0000712220062269,0.0000608883347013,0.0000579531260883,0.0000571934288018,0.000676167488564],"mean":[0.00599441537634,0.0137733202428,0.00305193662643,0.00292373821139,0.00809426512569,0.00152601127047,0.000704118458088,0.000385427265428,0.000601431995165,0.000466725701699,0.000395004899474,0.000191081504454,0.000185262557352,0.000134894333314,0.000134922360303,0.0000323997846863,0.0000156079149747,0.0000141722457556,0.0000242205096583,0.00000874670786288,0.00000438492452304,0.00000317135595651,0.00000217497540689,0.00000176511844074,0.0000016603031554,0.00000173032640305,0.00000882462245499],"median":[0.00239010597579,0.00801261980087,0.00159323925618,0.00128523795865,0.00226185680367,0.00022782679298,0.000201670307433,0.0000929317538976,0.00013487105025,0.0000723689736333,0.0000825210590847,0.0000463729520561,0.0000440473886556,0.0000355641204806,0.0000248084143095,0.00000865709534992,0.00000513931945534,0.0000037477755086,0.00000321547236126,0.0000022296339921,0.00000141238479046,0.00000105698381958,7.08615857548e-7,4.6513892471e-7,4.0141401314e-7,4.90761124183e-7,0.00000295234258374],"min":[1.23229995408e-14,8.29510630784e-15,6.37659192891e-15,9.98194616428e-15,1.42190370535e-14,3.44144658382e-15,7.9850575208e-15,2.51631499654e-14,2.57922294769e-14,7.29786900805e-15,5.83288148006e-15,1.23471535323e-14,2.29168355299e-14,8.46618172161e-14,5.10547008316e-14,9.28399067693e-14,7.95118094629e-14,1.24118177216e-13,7.28258802546e-14,1.01838527303e-13,2.34620455659e-13,2.50105437662e-13,3.11484345261e-13,2.08061649506e-12,7.0467882831e-13,1.92349760252e-12,1.15353993718e-12],"var":[0.000103537742689,0.000384726765333,0.0000181022060133,0.0000233002192545,0.000232568068895,0.0000189853581105,0.00000328072587763,0.00000145426292875,0.00000279479672827,0.00000237421750171,0.00000129915338221,2.68869996489e-7,2.71375341754e-7,1.03932791262e-7,4.24695542733e-7,2.03243750718e-8,2.2994570692e-9,2.57093546452e-9,3.47313147131e-8,1.53975798778e-9,2.2784946152e-10,5.44078046505e-11,2.0807602169e-11,1.59614127471e-11,1.4758529468e-11,1.44126299437e-11,7.20258241937e-10]},"barkbands_crest":{"dmean":2.9959821701,"dmean2":4.99907016754,"dvar":6.28461456299,"dvar2":16.9256038666,"max":26.6515750885,"mean":12.8411178589,"median":12.3255844116,"min":4.21293258667,"var":17.3361206055},"barkbands_flatness_db":{"dmean":0.0437394045293,"dmean2":0.0691944360733,"dvar":0.00126758578699,"dvar2":0.00336806033738,"max":0.534671843052,"mean":0.25827679038,"median":0.254747629166,"min":0.0468719936907,"var":0.00409291312099},"barkbands_kurtosis":{"dmean":9.54072475433,"dmean2":15.5267353058,"dvar":274.676086426,"dvar2":733.514953613,"max":535.967163086,"mean":18.0484981537,"median":9.96160697937,"min":-1.86553907394,"var":712.307128906},"barkbands_skewness":{"dmean":0.842951178551,"dmean2":1.33736789227,"dvar":0.7139518857,"dvar2":1.75267446041,"max":20.1521453857,"mean":2.76553201675,"median":2.37733030319,"min":-2.82125973701,"var":3.39224052429},"barkbands_spread":{"dmean":2.20894527435,"dmean2":3.43215727806,"dvar":9.36211490631,"dvar2":19.2480316162,"max":131.903778076,"mean":6.39450550079,"median":4.7664680481,"min":0.215282812715,"var":50.9082946777},"dissonance":{"dmean":0.0336007252336,"dmean2":0.0565242990851,"dvar":0.000973381334916,"dvar2":0.00267368881032,"max":0.500000178814,"mean":0.441999465227,"median":0.451258093119,"min":0.1765447855,"var":0.00167871057056},"dynamic_complexity":4.26567554474,"erbbands":{"dmean":[0.44681969285,1.2887557745,2.14501094818,4.85195112228,13.2024345398,17.7956180573,13.2900180817,6.94419670105,5.47543382645,6.1289730072,5.99913406372,8.69077682495,8.80267906189,9.15880870819,8.09879302979,4.95946073532,5.34850358963,3.79579663277,5.43422555923,2.73932504654,0.943102300167,0.633966803551,0.563829183578,0.706941187382,0.78598767519,0.288470566273,0.175705164671,0.128288149834,0.100492246449,0.076819755137,0.0561416782439,0.0409809239209,0.0294569581747,0.0199943054467,0.0124653093517,0.00689917150885,0.00324600376189,0.00128314981703,0.000444099161541,0.000107001178549],"dmean2":[0.737177789211,2.12520241737,3.54775381088,7.93243026733,21.1012248993,27.7923488617,20.9348812103,11.0343809128,8.70635032654,9.57363986969,9.43971538544,13.7464942932,13.5300998688,13.9427194595,11.8407354355,7.66413068771,7.91110134125,5.83530664444,8.46587944031,4.33286142349,1.42638206482,0.980270683765,0.870111823082,1.0187445879,1.11122786999,0.432735562325,0.278747886419,0.205587655306,0.162498801947,0.124817527831,0.0922563523054,0.0679218992591,0.0489175505936,0.0332145653665,0.0207069702446,0.0114594819024,0.00537312356755,0.00207757344469,0.000666884356178,0.000150885025505],"dvar":[0.705587625504,6.48573350906,10.8400726318,66.4203186035,680.777587891,1996.3963623,1345.30444336,512.166809082,314.024078369,289.542022705,416.750152588,748.699829102,857.831604004,948.803527832,731.904174805,188.308456421,325.900726318,121.338111877,674.738464355,487.878143311,26.9903793335,3.71765208244,2.44682836533,13.7193641663,30.8562984467,1.1009761095,0.586416065693,0.0700372681022,0.0400907360017,0.024856666103,0.01306078583,0.00736609846354,0.00386574328877,0.00178652966861,0.000694448070135,0.000212459272007,0.0000460347728222,0.00000656385782349,0.00000186244426459,1.09452273023e-7],"dvar2":[1.87467217445,17.7812633514,28.0818538666,177.912475586,1554.984375,4499.27099609,3215.14526367,1187.38696289,783.311401367,655.694091797,959.123596191,1831.39331055,1965.1262207,2213.14013672,1480.24890137,434.324371338,637.41229248,286.918548584,1699.85449219,1320.55834961,62.4072189331,8.44012260437,5.25337362289,21.5122203827,55.8153648376,2.13368010521,1.35019516945,0.154122263193,0.0903139710426,0.0573623031378,0.0311185009778,0.0177296809852,0.009307323955,0.00429920013994,0.00167127046734,0.000511290854774,0.000110741711978,0.0000150481082528,0.00000332573267769,2.12863852767e-7],"max":[15.7741203308,68.3413238525,54.2860527039,162.347595215,592.73815918,986.321655273,821.888305664,825.549987793,750.950378418,571.95904541,656.122497559,885.400756836,745.788879395,874.324584961,895.100341797,462.143218994,857.86328125,388.210510254,1525.49060059,1524.76306152,360.00970459,117.930358887,64.534828186,223.713027954,348.188598633,58.7730178833,63.2750854492,11.8881444931,6.65586328506,6.62917947769,1.75763320923,1.36476969719,0.959719777107,0.654611170292,0.408299475908,0.225240036845,0.107010766864,0.0788559690118,0.0703628286719,0.0144995683804],"mean":[0.715811371803,1.8880546093,3.22210597992,7.43116807938,20.1129722595,26.7322654724,20.1463909149,11.0537042618,9.08973312378,11.4611673355,9.47585773468,14.1974811554,13.6532011032,14.7084121704,14.7812204361,8.48486709595,9.51938724518,6.5116724968,8.65609645844,3.97600531578,1.34051096439,0.896187901497,0.762039959431,1.01694190502,1.12652444839,0.413511961699,0.219451546669,0.151133880019,0.116423085332,0.0859764665365,0.0589232929051,0.0402328073978,0.0278844106942,0.0188054088503,0.0117236962542,0.00651734415442,0.00322010717355,0.00145104213152,0.000641542661469,0.000235037470702],"median":[0.401368051767,0.933771848679,1.82061457634,4.01700878143,7.22905874252,5.62660741806,2.88391184807,1.7245579958,1.99352896214,3.26225614548,2.2966067791,3.27380752563,2.40138602257,3.20789957047,3.54100298882,2.54169821739,2.39201712608,2.00515079498,1.75245428085,0.979720294476,0.437835335732,0.302152007818,0.216407388449,0.184000641108,0.144494071603,0.106582850218,0.0688905119896,0.0504498593509,0.038781054318,0.0286696087569,0.0188360214233,0.01138599962,0.0069516855292,0.00458658626303,0.00284997816198,0.00160787382629,0.000936752359848,0.000489088590257,0.000200918133487,0.000110992557893],"min":[4.14151514732e-13,1.36344353776e-12,5.84799526512e-12,2.29546243125e-11,4.48511540407e-11,4.71516402312e-11,2.10963052583e-11,3.70484615209e-11,9.67432800536e-11,2.32683358692e-10,7.14583781036e-10,6.33558872032e-10,2.27213525772e-10,1.6187014229e-10,3.75049241663e-10,4.88225682105e-10,9.63958690647e-10,3.96622645837e-9,3.35030159171e-9,2.43685560619e-9,6.39742436803e-9,3.96298149852e-9,6.91425938726e-9,4.23193347032e-9,5.04344477292e-9,4.48215731197e-9,6.91299684163e-9,1.1240304687e-8,8.91913920498e-9,7.79007791607e-9,9.39233402164e-9,2.38360282623e-8,4.34252491743e-8,8.82340422947e-9,6.05949646015e-9,6.66392807602e-9,3.38582495374e-9,7.61685048367e-10,2.10617231988e-10,1.80904232566e-11],"var":[0.995990872383,10.4568386078,17.5853824615,107.506591797,1362.89880371,3741.96044922,2840.34106445,1120.68249512,648.458374023,882.944580078,852.170593262,1702.40148926,1694.08898926,1999.31762695,1607.74645996,404.086883545,739.00592041,210.672271729,977.082763672,415.487823486,31.8855438232,7.5125374794,5.64313268661,39.7481689453,81.0634613037,3.32137823105,0.748636186123,0.115795567632,0.0695881024003,0.0404417142272,0.0150958672166,0.00786033831537,0.00408767163754,0.00188638328109,0.000733226770535,0.000224546020036,0.0000494001360494,0.0000100488514363,0.00000565906248085,3.07969315827e-7]},"erbbands_crest":{"dmean":3.08247566223,"dmean2":4.97842931747,"dvar":7.4620051384,"dvar2":18.0880889893,"max":32.0713577271,"mean":11.1948270798,"median":10.2192144394,"min":2.09684586525,"var":22.5107326508},"erbbands_flatness_db":{"dmean":0.038482721895,"dmean2":0.0608754903078,"dvar":0.000979175791144,"dvar2":0.00252449605614,"max":0.378675460815,"mean":0.196779772639,"median":0.194312050939,"min":0.034275226295,"var":0.00283083925024},"erbbands_kurtosis":{"dmean":1.62518966198,"dmean2":2.62658715248,"dvar":6.45636034012,"dvar2":16.0054988861,"max":70.8280563354,"mean":1.52211594582,"median":0.437861442566,"min":-1.76675963402,"var":13.6480150223},"erbbands_skewness":{"dmean":0.487902998924,"dmean2":0.751382529736,"dvar":0.195140764117,"dvar2":0.453245133162,"max":5.58470726013,"mean":0.510945379734,"median":0.51513504982,"min":-6.24877643585,"var":1.14155781269},"erbbands_spread":{"dmean":6.01477861404,"dmean2":9.40050792694,"dvar":33.3921089172,"dvar2":79.1106796265,"max":124.344795227,"mean":24.5537967682,"median":23.0670986176,"min":2.10155940056,"var":126.940887451},"gfcc":{"cov":[[6966.66894531,-88.1191940308,-334.436706543,-50.6451416016,-109.280845642,-205.937026978,-332.854492188,-181.368270874,-200.785415649,58.0401954651,-50.8833274841,-48.331741333,160.332305908],[-88.1191940308,1049.71472168,-18.3632831573,-292.392364502,78.1098251343,-82.9028091431,93.2129592896,-196.271194458,71.5698165894,-55.147277832,48.1549034119,-73.4441757202,33.7061691284],[-334.436706543,-18.3632831573,404.319458008,132.294464111,-149.8490448,74.6906967163,-102.386245728,91.2094650269,-49.7532615662,40.0837249756,-29.4366226196,8.02118015289,2.32611680031],[-50.6451416016,-292.392364502,132.294464111,300.038543701,63.3454399109,-29.6038589478,6.10519838333,81.4760971069,9.02032661438,4.48541641235,-25.3028488159,19.2930927277,-26.9407329559],[-109.280845642,78.1098251343,-149.8490448,63.3454399109,271.714630127,34.3458862305,138.777374268,-26.7050704956,65.2704391479,-37.2573242188,32.991897583,-8.1926240921,-3.85163187981],[-205.937026978,-82.9028091431,74.6906967163,-29.6038589478,34.3458862305,267.762817383,54.0386314392,84.8531646729,-45.8133544922,10.7548465729,11.6606578827,34.7725257874,6.27948617935],[-332.854492188,93.2129592896,-102.386245728,6.10519838333,138.777374268,54.0386314392,220.17489624,39.4430961609,60.9177322388,-43.6238822937,25.3366241455,23.7187423706,-7.2374548912],[-181.368270874,-196.271194458,91.2094650269,81.4760971069,-26.7050704956,84.8531646729,39.4430961609,186.572631836,40.002368927,33.3149757385,-2.32525467873,30.874250412,-3.63273072243],[-200.785415649,71.5698165894,-49.7532615662,9.02032661438,65.2704391479,-45.8133544922,60.9177322388,40.002368927,142.160934448,52.9464759827,32.3814201355,0.0391102731228,-7.69066524506],[58.0401954651,-55.147277832,40.0837249756,4.48541641235,-37.2573242188,10.7548465729,-43.6238822937,33.3149757385,52.9464759827,104.61416626,48.5491142273,11.5175027847,-1.85730028152],[-50.8833274841,48.1549034119,-29.4366226196,-25.3028488159,32.991897583,11.6606578827,25.3366241455,-2.32525467873,32.3814201355,48.5491142273,80.2817306519,39.4951820374,6.09804916382],[-48.331741333,-73.4441757202,8.02118015289,19.2930927277,-8.1926240921,34.7725257874,23.7187423706,30.874250412,0.0391102731228,11.5175027847,39.4951820374,83.4746322632,29.9375400543],[160.332305908,33.7061691284,2.32611680031,-26.9407329559,-3.85163187981,6.27948617935,-7.2374548912,-3.63273072243,-7.69066524506,-1.85730028152,6.09804916382,29.9375400543,77.5613021851]],"icov":[[0.000297154678265,-0.000968149688561,0.00244081066921,-0.00281188287772,0.00213468098082,-0.00154854310676,0.00101074029226,-0.000173180713318,0.000172726315213,0.0000215868803934,-0.000771584454924,0.00119897781406,-0.00131033593789],[-0.000968149688561,0.0109158577397,-0.0241418555379,0.0323069393635,-0.0273978337646,0.0214721579105,-0.0109326234087,-0.0000261493169091,0.00828615948558,-0.0122480858117,0.0159633941948,-0.0139861963689,0.0097547089681],[0.00244081066921,-0.0241418555379,0.0743025615811,-0.104976125062,0.102379441261,-0.0791107192636,0.0340573750436,0.014514150098,-0.0533832572401,0.0744199901819,-0.0857534557581,0.0706190168858,-0.0419258996844],[-0.00281188287772,0.0323069393635,-0.104976125062,0.163868844509,-0.164352610707,0.126935988665,-0.0497238598764,-0.0332237556577,0.0994370058179,-0.136697933078,0.153127864003,-0.121892243624,0.0688018426299],[0.00213468098082,-0.0273978337646,0.102379441261,-0.164352610707,0.179601982236,-0.135072156787,0.0477854162455,0.042215090245,-0.119606591761,0.162616863847,-0.176720350981,0.137591719627,-0.0735533982515],[-0.00154854310676,0.0214721579105,-0.0791107192636,0.126935988665,-0.135072156787,0.109606578946,-0.0414441265166,-0.0339622534811,0.0957052335143,-0.1269813627,0.134026959538,-0.104123316705,0.0553955025971],[0.00101074029226,-0.0109326234087,0.0340573750436,-0.0497238598764,0.0477854162455,-0.0414441265166,0.0285861939192,0.00600955449045,-0.0359358713031,0.0516293756664,-0.0506438054144,0.0342980623245,-0.0185376554728],[-0.000173180713318,-0.0000261493169091,0.014514150098,-0.0332237556577,0.042215090245,-0.0339622534811,0.00600955449045,0.0267073996365,-0.0413124002516,0.0465826168656,-0.0459291338921,0.0345155857503,-0.0176408141851],[0.000172726315213,0.00828615948558,-0.0533832572401,0.0994370058179,-0.119606591761,0.0957052335143,-0.0359358713031,-0.0413124002516,0.116001009941,-0.144940346479,0.138486519456,-0.0996655076742,0.048818692565],[0.0000215868803934,-0.0122480858117,0.0744199901819,-0.136697933078,0.162616863847,-0.1269813627,0.0516293756664,0.0465826168656,-0.144940346479,0.209883958101,-0.205559462309,0.143229052424,-0.0675485730171],[-0.000771584454924,0.0159633941948,-0.0857534557581,0.153127864003,-0.176720350981,0.134026959538,-0.0506438054144,-0.0459291338921,0.138486519456,-0.205559462309,0.230185046792,-0.163896739483,0.0778878778219],[0.00119897781406,-0.0139861963689,0.0706190168858,-0.121892243624,0.137591719627,-0.104123316705,0.0342980623245,0.0345155857503,-0.0996655076742,0.143229052424,-0.163896739483,0.138231769204,-0.0676997601986],[-0.00131033593789,0.0097547089681,-0.0419258996844,0.0688018426299,-0.0735533982515,0.0553955025971,-0.0185376554728,-0.0176408141851,0.048818692565,-0.0675485730171,0.0778878778219,-0.0676997601986,0.0490550883114]],"mean":[-98.4174194336,153.457870483,-67.8995361328,4.92877674103,-20.6428089142,10.1839094162,-12.3251714706,-7.78372383118,-13.7762584686,-4.08728504181,-10.1051549911,-5.33088064194,-7.47570800781]},"hfc":{"dmean":2.75757837296,"dmean2":4.00565910339,"dvar":17.756685257,"dvar2":37.572883606,"max":82.1793060303,"mean":7.56221866608,"median":4.25253105164,"min":8.68468177373e-8,"var":71.6284790039},"melbands":{"dmean":[0.00315537536517,0.00118773849681,0.000987525098026,0.00116521876771,0.000524871400557,0.000157686474267,0.0000818508924567,0.0000630895083304,0.0000542174384464,0.0000538167223567,0.0000447546990472,0.0000382140678994,0.0000321936313412,0.0000143736888276,0.0000130165899463,0.00000964371338341,0.00000729596740712,0.00000913428175409,0.00000593562708673,0.00000236002415477,9.06929869871e-7,6.91907814598e-7,5.66640608213e-7,5.06750211571e-7,5.83485189054e-7,7.1168329896e-7,3.79459038413e-7,1.60298412766e-7,1.18496025436e-7,8.59881836845e-8,7.17858839039e-8,5.88834154769e-8,4.92920513295e-8,4.04810549526e-8,3.32821379345e-8,2.794022258e-8,2.39481785513e-8,2.09666701778e-8,1.84434245654e-8,1.63175144507e-8],"dmean2":[0.00514228641987,0.00193930149544,0.00158899370581,0.00181388878264,0.000823869660962,0.000249109027209,0.000129912630655,0.000098219155916,0.0000844720416353,0.0000848574345582,0.000069198977144,0.0000586871501582,0.0000472429055662,0.0000224592495215,0.0000197995523195,0.0000145846161104,0.0000114418353405,0.0000142392445923,0.0000095311397672,0.00000376361867893,0.0000013899472151,0.00000108003621335,9.05267654616e-7,7.88116722106e-7,8.63240131821e-7,0.00000101155899301,5.68840050619e-7,2.48145823889e-7,1.89257747252e-7,1.37515897336e-7,1.16249410098e-7,9.5452016069e-8,7.9860306812e-8,6.58967493905e-8,5.4723511056e-8,4.62399363244e-8,3.97506099148e-8,3.4815567318e-8,3.06393701521e-8,2.71074860336e-8],"dvar":[0.000035293505789,0.00000359038176612,0.00000262835055764,0.00000626474911769,0.00000200222893909,2.3728397025e-7,6.95934545547e-8,3.11899555072e-8,3.30689644557e-8,2.63221515695e-8,2.30774972465e-8,1.79285279955e-8,1.24739569785e-8,2.08179429251e-9,1.4099933443e-9,9.30060695126e-10,4.81284900822e-10,1.66258296019e-9,2.30540164736e-9,2.05434003142e-10,3.05245342891e-11,5.63349193683e-12,2.62733519836e-12,2.77375952068e-12,1.06171668679e-11,2.886473352e-11,5.18719052087e-12,1.99785947876e-13,3.17891898785e-13,5.61150416769e-14,2.08821793814e-14,1.39342781291e-14,1.01524928601e-14,6.96259557984e-15,4.56940647836e-15,3.33988309828e-15,2.53987530267e-15,1.95737180363e-15,1.51879487245e-15,1.190174041e-15],"dvar2":[0.000092687070719,0.00000938133416639,0.00000650905440125,0.0000141079253808,0.00000466841765956,5.48410127976e-7,1.69062175814e-7,7.15293992926e-8,7.53477777948e-8,6.30644834132e-8,5.29415160599e-8,4.19985397571e-8,2.44777460523e-8,5.08170616698e-9,3.09758019235e-9,1.96873273239e-9,1.15417764235e-9,4.16698231476e-9,6.23847018488e-9,5.19232268292e-10,7.25764170983e-11,1.41265254702e-11,6.39440236871e-12,6.01161915387e-12,1.80439638925e-11,5.0923612549e-11,1.14508593579e-11,4.15481126066e-13,7.37978200684e-13,1.22905063405e-13,4.81678871865e-14,3.17582467485e-14,2.23484459291e-14,1.64136316572e-14,1.08733966723e-14,8.03057876545e-15,6.11469611788e-15,4.71444477695e-15,3.65442920676e-15,2.86430797971e-15],"max":[0.122611537576,0.0419662445784,0.0311632566154,0.0521261133254,0.0358543470502,0.0159670133144,0.0132590243593,0.00502458726987,0.00496046990156,0.0047464594245,0.00415471242741,0.00385764194652,0.00382696394809,0.00154929421842,0.00131169916131,0.00126090296544,0.000752439780626,0.00212821923196,0.00295661832206,0.000653962721117,0.000435452209786,0.000164545694133,0.0000602222244197,0.0000799355693744,0.000195907225134,0.00033380833338,0.000114957379992,0.0000226865340665,0.0000466210549348,0.0000174250890268,0.00000409047470384,0.00000362706350643,0.00000438446068074,0.00000323448171002,0.00000103201125512,9.12657014851e-7,8.0173083461e-7,6.84380324856e-7,6.00175667387e-7,5.34751904979e-7],"mean":[0.00530861783773,0.00194011023268,0.00161957950331,0.00182015693281,0.000813306483906,0.000253041100223,0.000139418596518,0.000114417176519,0.0000816131650936,0.0000870977382874,0.0000670458248351,0.0000587982030993,0.000056973502069,0.0000227973541769,0.0000219282719627,0.0000168646893144,0.0000115308348541,0.0000142831249832,0.00000851545519254,0.00000306562515107,0.00000123620679915,9.49550781115e-7,7.25330835394e-7,6.65716015646e-7,8.16865849629e-7,9.99357325782e-7,5.15329645623e-7,2.1737250222e-7,1.44157127124e-7,1.00901104361e-7,8.29449149364e-8,6.74229951869e-8,5.62875186461e-8,4.42755982988e-8,3.49814222034e-8,2.81867524876e-8,2.30245476018e-8,1.98140490681e-8,1.73474479226e-8,1.53207171394e-8],"median":[0.00318516558036,0.00113895174582,0.000861244392581,0.000531119585503,0.000115652932436,0.0000391549583583,0.0000346414090018,0.0000321816369251,0.0000171650572156,0.0000199903661269,0.0000108085059765,0.0000117303006846,0.0000121004786706,0.00000601253805144,0.0000057130055211,0.00000448300988865,0.00000305709932036,0.00000273867135547,0.00000179253129318,7.50130482174e-7,3.96179785866e-7,3.02995971424e-7,2.19923265377e-7,1.63994300806e-7,1.43294798249e-7,1.13126375823e-7,8.70115570706e-8,6.41751540797e-8,4.40541541025e-8,3.34128671398e-8,2.74012208479e-8,2.23372040864e-8,1.82404402693e-8,1.45775445048e-8,1.10610862691e-8,8.56360671264e-9,6.11753669943e-9,4.93155871695e-9,4.21885859581e-9,3.70462305277e-9],"min":[3.5803146709e-15,2.61060678893e-15,4.6415258281e-15,3.50641210505e-15,9.98742689096e-16,8.37487362395e-16,1.50141132115e-15,3.02330580479e-15,6.42133305621e-15,3.41836832414e-15,1.04531234878e-15,6.60654993914e-16,1.01331642035e-15,1.68869739969e-15,6.46989917255e-16,3.31523973347e-15,8.09415367034e-15,5.61457440802e-15,3.7840307534e-15,4.33998972218e-15,8.29927032181e-15,4.3691954182e-15,4.13813457106e-15,7.08643349079e-15,2.94621267758e-15,2.3670913811e-15,5.22474274064e-15,2.25989195009e-15,2.53561515046e-15,7.25741047933e-15,7.16088345169e-15,5.47093074917e-15,3.34284093733e-15,4.79847891565e-15,6.15217436118e-15,3.54929399503e-15,1.93093916643e-14,4.07677228564e-14,1.0410451662e-14,5.97130063969e-15],"var":[0.0000519592867931,0.00000659588977214,0.00000522159280081,0.0000125382812257,0.00000429361170973,5.54520170226e-7,1.41668735409e-7,8.84136426293e-8,6.98623665585e-8,5.92802713584e-8,4.49804602454e-8,3.71232253826e-8,2.7481860343e-8,3.78588937977e-9,3.1245275256e-9,1.94124871733e-9,7.80112974219e-10,2.35967601014e-9,2.28101026956e-9,1.9531948281e-10,3.38749861495e-11,9.50861524934e-12,4.65297288546e-12,5.96130826994e-12,2.71034999999e-11,7.47656311861e-11,1.16600071612e-11,5.3126535289e-13,3.85945886795e-13,8.02097713877e-14,3.22861651151e-14,2.25741276935e-14,1.965660741e-14,1.02155502278e-14,5.31880193778e-15,3.62885728208e-15,2.69287676976e-15,2.06947640245e-15,1.60418193452e-15,1.25617347182e-15]},"melbands_crest":{"dmean":4.14003944397,"dmean2":6.81796216965,"dvar":13.0273647308,"dvar2":32.676815033,"max":38.6770172119,"mean":20.1219787598,"median":18.510591507,"min":3.87074136734,"var":53.4552955627},"melbands_flatness_db":{"dmean":0.0511674955487,"dmean2":0.0810353681445,"dvar":0.0016884021461,"dvar2":0.00450757844374,"max":0.688743710518,"mean":0.388655930758,"median":0.386198312044,"min":0.0102799441665,"var":0.00545780500397},"melbands_kurtosis":{"dmean":14.116109848,"dmean2":22.7915592194,"dvar":519.046630859,"dvar2":1291.59436035,"max":515.885131836,"mean":29.6024951935,"median":17.4271202087,"min":-1.92386293411,"var":1546.21179199},"melbands_skewness":{"dmean":0.974572062492,"dmean2":1.53349256516,"dvar":0.997628808022,"dvar2":2.34512734413,"max":18.5735626221,"mean":3.71076416969,"median":3.2398045063,"min":-0.759954094887,"var":4.97093963623},"melbands_spread":{"dmean":2.34497880936,"dmean2":3.63426780701,"dvar":14.1338787079,"dvar2":30.4560089111,"max":221.428375244,"mean":6.29213142395,"median":4.29719591141,"min":0.200866520405,"var":81.9439926147},"mfcc":{"cov":[[5136.12939453,-24.4900188446,-424.482269287,134.944320679,-116.162414551,-2.68449544907,-193.63230896,-231.462158203,-179.162475586,-38.7257919312,-109.956771851,-224.369064331,-149.776016235],[-24.4900188446,1086.67407227,-22.0114173889,-203.036254883,-35.5849189758,54.305519104,7.63732814789,-91.5341415405,-49.2970504761,21.9066390991,-6.206594944,-64.5388793945,-31.5508117676],[-424.482269287,-22.0114173889,514.715698242,-8.31850337982,9.24092006683,-57.3550338745,-18.092956543,-28.1521549225,6.21743154526,-13.7744598389,-5.72627878189,25.650472641,-23.7306003571],[134.944320679,-203.036254883,-8.31850337982,330.554595947,51.6406402588,-37.1405639648,-47.0085754395,18.936296463,18.4269733429,25.8686714172,14.2514953613,-15.8916692734,5.36773538589],[-116.162414551,-35.5849189758,9.24092006683,51.6406402588,119.27180481,45.522567749,22.8131084442,19.0687885284,16.4929981232,13.2944288254,17.9444980621,21.3554210663,11.0404224396],[-2.68449544907,54.305519104,-57.3550338745,-37.1405639648,45.522567749,126.589561462,79.3851318359,30.5737953186,-0.304383218288,-9.28580665588,2.01147627831,7.21228981018,5.27289819717],[-193.63230896,7.63732814789,-18.092956543,-47.0085754395,22.8131084442,79.3851318359,147.037475586,105.839530945,28.4778881073,-16.2013435364,-1.62296640873,21.8864650726,11.3533601761],[-231.462158203,-91.5341415405,-28.1521549225,18.936296463,19.0687885284,30.5737953186,105.839530945,166.579177856,84.046875,-3.79211783409,6.84839630127,38.3740234375,26.4775295258],[-179.162475586,-49.2970504761,6.21743154526,18.4269733429,16.4929981232,-0.304383218288,28.4778881073,84.046875,100.016113281,39.6021842957,14.0221567154,25.9523658752,18.8913002014],[-38.7257919312,21.9066390991,-13.7744598389,25.8686714172,13.2944288254,-9.28580665588,-16.2013435364,-3.79211783409,39.6021842957,82.730682373,42.9547538757,-1.73786485195,4.61386060715],[-109.956771851,-6.206594944,-5.72627878189,14.2514953613,17.9444980621,2.01147627831,-1.62296640873,6.84839630127,14.0221567154,42.9547538757,81.2993774414,61.2644462585,17.8564910889],[-224.369064331,-64.5388793945,25.650472641,-15.8916692734,21.3554210663,7.21228981018,21.8864650726,38.3740234375,25.9523658752,-1.73786485195,61.2644462585,126.299293518,64.9551010132],[-149.776016235,-31.5508117676,-23.7306003571,5.36773538589,11.0404224396,5.27289819717,11.3533601761,26.4775295258,18.8913002014,4.61386060715,17.8564910889,64.9551010132,87.7191543579]],"icov":[[0.000260201108176,0.0000279965079244,0.000218290035264,-0.000152578068082,0.000260828761384,-0.000289819668978,0.000324827880831,0.0000239184701059,0.000355661468348,-0.000292090931907,0.00053559866501,-0.000263282272499,0.000482768693473],[0.0000279965079244,0.00119089824148,-0.0000311336880259,0.000685671286192,0.000158247246873,-0.000420993426815,-0.000293819641229,0.000789841229562,-0.000242862559389,0.0000858955172589,-0.00101445871405,0.00137733877636,-0.000534838705789],[0.000218290035264,-0.0000311336880259,0.00264248787425,-0.000259177235421,-0.000521091453265,0.00168994709384,-0.00132595084142,0.00201398693025,-0.00105203455314,0.0000754596840125,0.00190016278066,-0.00246593682095,0.00228174985386],[-0.000152578068082,0.000685671286192,-0.000259177235421,0.00483872601762,-0.00264583714306,0.000902434985619,0.00272866897285,-0.002944778651,0.000957268464845,0.000434421148384,-0.00304025714286,0.00390625,-0.00206830352545],[0.000260828761384,0.000158247246873,-0.000521091453265,-0.00264583714306,0.0125623429194,-0.00619725091383,0.00064278737409,0.000417456118157,-0.000122052093502,-0.00276238261722,0.00179171573836,-0.0032526422292,0.00132081622723],[-0.000289819668978,-0.000420993426815,0.00168994709384,0.000902434985619,-0.00619725091383,0.0178154930472,-0.0123857455328,0.00669155828655,-0.00388181745075,0.00507011031732,-0.00423687510192,0.00300387991592,-0.00174452445935],[0.000324827880831,-0.000293819641229,-0.00132595084142,0.00272866897285,0.00064278737409,-0.0123857455328,0.0277091022581,-0.0227347686887,0.0140927322209,-0.00875620450824,0.00730865029618,-0.00438490277156,0.00304762204178],[0.0000239184701059,0.000789841229562,0.00201398693025,-0.002944778651,0.000417456118157,0.00669155828655,-0.0227347686887,0.0354070626199,-0.0299791619182,0.0208983626217,-0.0138398855925,0.00812345929444,-0.00499059678987],[0.000355661468348,-0.000242862559389,-0.00105203455314,0.000957268464845,-0.000122052093502,-0.00388181745075,0.0140927322209,-0.0299791619182,0.0457852184772,-0.0367314107716,0.028111577034,-0.0205323621631,0.00920360255986],[-0.000292090931907,0.0000858955172589,0.0000754596840125,0.000434421148384,-0.00276238261722,0.00507011031732,-0.00875620450824,0.0208983626217,-0.0367314107716,0.0565024763346,-0.0484524145722,0.0355448946357,-0.0171246845275],[0.00053559866501,-0.00101445871405,0.00190016278066,-0.00304025714286,0.00179171573836,-0.00423687510192,0.00730865029618,-0.0138398855925,0.028111577034,-0.0484524145722,0.0664945021272,-0.0479852743447,0.0230014771223],[-0.000263282272499,0.00137733877636,-0.00246593682095,0.00390625,-0.0032526422292,0.00300387991592,-0.00438490277156,0.00812345929444,-0.0205323621631,0.0355448946357,-0.0479852743447,0.0496768467128,-0.0269807614386],[0.000482768693473,-0.000534838705789,0.00228174985386,-0.00206830352545,0.00132081622723,-0.00174452445935,0.00304762204178,-0.00499059678987,0.00920360255986,-0.0171246845275,0.0230014771223,-0.0269807614386,0.0280416700989]],"mean":[-764.218811035,201.524475098,18.3661708832,19.7150650024,13.3640031815,21.2198143005,12.0248451233,6.22433042526,2.27187633514,5.93623590469,1.80300045013,-3.45435786247,-1.33667159081]},"pitch_salience":{"dmean":0.0890730246902,"dmean2":0.145705416799,"dvar":0.00565752852708,"dvar2":0.0148469191045,"max":0.891249775887,"mean":0.482891201973,"median":0.502813100815,"min":0.0564644299448,"var":0.0223625842482},"silence_rate_20dB":{"dmean":0,"dmean2":0,"dvar":0,"dvar2":0,"max":1,"mean":1,"median":1,"min":1,"var":0},"silence_rate_30dB":{"dmean":0.0491178818047,"dmean2":0.098245613277,"dvar":0.0467037968338,"dvar2":0.106833927333,"max":1,"mean":0.942768394947,"median":1,"min":0,"var":0.0539544969797},"silence_rate_60dB":{"dmean":0.0162389744073,"dmean2":0.0324812047184,"dvar":0.0159741342068,"dvar2":0.0384479761124,"max":1,"mean":0.0372857563198,"median":0,"min":0,"var":0.0358939878643},"spectral_centroid":{"dmean":101.101112366,"dmean2":156.010650635,"dvar":19882.3535156,"dvar2":39795.9765625,"max":4396.3984375,"mean":454.423126221,"median":376.45010376,"min":124.065330505,"var":107451.890625},"spectral_complexity":{"dmean":2.07137131691,"dmean2":3.18596482277,"dvar":4.10748767853,"dvar2":8.32024478912,"max":38,"mean":8.93064022064,"median":8,"min":0,"var":25.2532520294},"spectral_contrast_coeffs":{"dmean":[0.0576292090118,0.0462955012918,0.03777096048,0.0340072661638,0.0316705517471,0.0279366746545],"dmean2":[0.0949993208051,0.076654151082,0.0613576732576,0.0541925355792,0.0510211959481,0.046928666532],"dvar":[0.0021126687061,0.00134691980202,0.000916607794352,0.000787091208622,0.000669976230711,0.00116017716937],"dvar2":[0.00560902897269,0.00374375726096,0.0023949125316,0.00194924126845,0.00169069180265,0.00290385377593],"max":[-0.297448635101,-0.461545795202,-0.547521173954,-0.526495456696,-0.676090657711,-0.495384037495],"mean":[-0.670071303844,-0.781595468521,-0.796008825302,-0.814702510834,-0.872487962246,-0.830147624016],"median":[-0.677457094193,-0.790310740471,-0.801869392395,-0.819192349911,-0.871273636818,-0.845609784126],"min":[-0.980704367161,-0.963860809803,-0.960604846478,-0.969701826572,-0.971495509148,-0.926878511906],"var":[0.00917730573565,0.0045393561013,0.00332585861906,0.0031916287262,0.0020176237449,0.00187021389138]},"spectral_contrast_valleys":{"dmean":[0.380962312222,0.400778114796,0.356401830912,0.399352997541,0.600972294807,0.88301628828],"dmean2":[0.624608516693,0.641358613968,0.551687836647,0.601409494877,0.935860276222,1.42529606819],"dvar":[0.0908911824226,0.107658758759,0.0878155976534,0.118931174278,0.249232679605,0.535802841187],"dvar2":[0.236720457673,0.265138328075,0.20419575274,0.272075325251,0.64211577177,1.49383449554],"max":[-4.88957977295,-4.56859874725,-5.08280134201,-6.1495923996,-6.24217748642,-9.00129699707],"mean":[-6.65937805176,-7.05333280563,-7.63747930527,-8.39819526672,-8.95927429199,-11.664024353],"median":[-6.56241130829,-7.04824256897,-7.62309408188,-8.32700252533,-8.91194152832,-11.570526123],"min":[-18.4277267456,-18.6986885071,-18.6807880402,-18.015832901,-17.3017883301,-18.4177436829],"var":[0.743519723415,0.896908283234,0.828851878643,0.861361324787,0.920933663845,1.22333824635]},"spectral_decrease":{"dmean":4.19916013072e-9,"dmean2":6.53338183554e-9,"dvar":3.94299891909e-17,"dvar2":9.44727278936e-17,"max":1.11588567149e-17,"mean":-1.00707469031e-8,"median":-7.18241777165e-9,"min":-1.10981119406e-7,"var":9.22166159339e-17},"spectral_energy":{"dmean":0.0160500500351,"dmean2":0.02494706586,"dvar":0.000571867451072,"dvar2":0.00136791961268,"max":0.421429783106,"mean":0.0386951342225,"median":0.0275227203965,"min":7.79118609906e-12,"var":0.00135396036785},"spectral_energyband_high":{"dmean":0.0000189199236047,"dmean2":0.0000300337087538,"dvar":1.58149016105e-9,"dvar2":3.41583206165e-9,"max":0.00151013978757,"mean":0.000023337714083,"median":0.00000791889669927,"min":6.63602766487e-12,"var":3.09204506443e-9},"spectral_energyband_low":{"dmean":0.0118158301339,"dmean2":0.0189324449748,"dvar":0.000410421227571,"dvar2":0.00104198919144,"max":0.412383854389,"mean":0.0230546407402,"median":0.0160579290241,"min":2.53393836404e-14,"var":0.000690344313625},"spectral_energyband_middle_high":{"dmean":0.00072476209607,"dmean2":0.00103690079413,"dvar":0.00000292155073112,"dvar2":0.00000631631837678,"max":0.0404044277966,"mean":0.00151947815903,"median":0.00056195340585,"min":6.28772045281e-13,"var":0.00000785716019891},"spectral_energyband_middle_low":{"dmean":0.00686950655654,"dmean2":0.0105442013592,"dvar":0.000147839644342,"dvar2":0.000328922527842,"max":0.211821824312,"mean":0.0143846059218,"median":0.00580028770491,"min":8.89633147965e-14,"var":0.000438244460383},"spectral_entropy":{"dmean":0.381330043077,"dmean2":0.603431105614,"dvar":0.103084303439,"dvar2":0.26397100091,"max":8.99352264404,"mean":6.69331169128,"median":6.69713830948,"min":4.55518579483,"var":0.291996508837},"spectral_flux":{"dmean":0.0295602884144,"dmean2":0.048733279109,"dvar":0.00112785585225,"dvar2":0.00285625969991,"max":0.457394957542,"mean":0.090203717351,"median":0.0786335095763,"min":0.0000225406165555,"var":0.00297268969007},"spectral_kurtosis":{"dmean":10.3436689377,"dmean2":17.0746898651,"dvar":135.135192871,"dvar2":356.312957764,"max":128.879821777,"mean":21.0949115753,"median":16.4792728424,"min":0.900511980057,"var":214.075302124},"spectral_rms":{"dmean":0.00116869213525,"dmean2":0.00178108026739,"dvar":0.00000162813648785,"dvar2":0.00000352250481228,"max":0.0202768594027,"mean":0.00554000632837,"median":0.00518183689564,"min":8.71846097539e-8,"var":0.00000705974298398},"spectral_rolloff":{"dmean":114.985054016,"dmean2":195.763580322,"dvar":64027.0976562,"dvar2":142573.28125,"max":18604.6875,"mean":362.850067139,"median":215.33203125,"min":43.06640625,"var":780764.875},"spectral_skewness":{"dmean":0.738181471825,"dmean2":1.18022251129,"dvar":0.487025260925,"dvar2":1.28121137619,"max":9.3200044632,"mean":3.3558473587,"median":3.18769097328,"min":0.933168292046,"var":1.12020528316},"spectral_spread":{"dmean":863864,"dmean2":1403390.25,"dvar":525016203264,"dvar2":1394678562820,"max":12213705,"mean":2917572.5,"median":2780584,"min":655912.8125,"var":1331670024190},"spectral_strongpeak":{"dmean":0.272066503763,"dmean2":0.459664434195,"dvar":0.179384633899,"dvar2":0.442774027586,"max":7.88728809357,"mean":0.425888240337,"median":0.230800539255,"min":0,"var":0.303030908108},"zerocrossingrate":{"dmean":0.00293419044465,"dmean2":0.00368357426487,"dvar":0.0000154475856107,"dvar2":0.0000223143506446,"max":0.52294921875,"mean":0.0141815431416,"median":0.01171875,"min":0.0009765625,"var":0.000509861565661}},"metadata":{"audio_properties":{"analysis_sample_rate":44100,"bit_rate":142981,"codec":"mp3","downmix":"mix","equal_loudness":0,"length":231.628814697,"lossless":false,"md5_encoded":"229390bdd210c1e3e4505f000a3084a6","replay_gain":-1.22365379333,"sample_rate":44100},"tags":{"album":["The Complete Columbia Album Collection"],"albumartist":["Johnny Cash"],"albumartistsort":["Cash, Johnny"],"artist":["Johnny Cash"],"artists":["Johnny Cash"],"artistsort":["Cash, Johnny"],"asin":["B008DDC874"],"barcode":["886979104723"],"catalognumber":["88697910472"],"date":["2012-12-04"],"discnumber":["15/63"],"file_name":"19 - The Blizzard.mp3","label":["Columbia","Legacy"],"media":["CD"],"musicbrainz album release country":["US"],"musicbrainz album status":["official"],"musicbrainz album type":["album","compilation"],"musicbrainz release track id":["c1121d1d-e116-3196-be3e-64c0035ee06c"],"musicbrainz_albumartistid":["d43d12a1-2dc9-4257-a2fd-0a3bb1081b86"],"musicbrainz_albumid":["de36c451-000c-4488-9375-b6d40b6636e5"],"musicbrainz_artistid":["d43d12a1-2dc9-4257-a2fd-0a3bb1081b86"],"musicbrainz_recordingid":["d7c8cc8c-ad41-4a03-83a8-06542e6133f1"],"musicbrainz_releasegroupid":["30578604-ce5e-4d3d-a09c-6c06fc4c526b"],"originaldate":["2012"],"script":["Latn"],"title":["The Blizzard"],"tracknumber":["19/26"]},"version":{"essentia":"2.1-beta1","essentia_build_sha":"ca57ba49d9b1854bd80e60cf9ccf267278fb7d6b","essentia_git_sha":"v2.1_beta1-28-g21ef5f4-dirty","extractor":"music 1.0"}},"rhythm":{"beats_count":516,"beats_loudness":{"dmean":0.047875341028,"dmean2":0.0863286405802,"dvar":0.00157441606279,"dvar2":0.004762862809,"max":0.224393203855,"mean":0.0593252852559,"median":0.0489731281996,"min":8.56990922671e-9,"var":0.00187626329716},"beats_loudness_band_ratio":{"dmean":[0.2003762573,0.172538742423,0.0534397773445,0.0498952977359,0.0102448379621,0.00288708042353],"dmean2":[0.358147203922,0.300683706999,0.0977959707379,0.0917716100812,0.0189059153199,0.00518397707492],"dvar":[0.0354202613235,0.028168566525,0.00647639436647,0.00667967833579,0.000385246472433,0.000107309642772],"dvar2":[0.0998665466905,0.0774326398969,