{"lowlevel":{"average_loudness":0.865888834,"barkbands":{"dmean":[0.000661246362142,0.00817730091512,0.00191792263649,0.00191408686806,0.00168771436438,0.00122868001927,0.000937527685892,0.000800671055913,0.000573068740778,0.000810268044006,0.000495269836392,0.000351209106157,0.000305641500745,0.000366363383364,0.000413466623286,0.000395318318624,0.000436139293015,0.000196764725843,0.000236753985519,0.000192947147298,0.000179098831723,0.000150123378262,0.000104089776869,0.0000726286234567,0.000059498113842,0.0000139875373861,0.00000378219078812],"dmean2":[0.000988064566627,0.0135158151388,0.00329167675227,0.00279593048617,0.00269849202596,0.00196513067931,0.0015230482677,0.0012515715789,0.000890922790859,0.00121467164718,0.000771078106482,0.000573045632336,0.000500509166159,0.00058274413459,0.000659437675495,0.000636172830127,0.000700285017956,0.000332039548084,0.000405005033826,0.000325328641338,0.000307329231873,0.000251635996392,0.000168941594893,0.00011444480333,0.0000913956173463,0.0000213202911254,0.00000592469859839],"dvar":[0.00000187844170796,0.000355052034138,0.0000125529077195,0.000022365264158,0.000013774447325,0.00000395273900722,0.00000384540044251,0.00000380644928555,0.00000172541729171,0.00000253124289884,0.00000130814100885,5.56220243197e-7,4.67865049814e-7,5.44521753909e-7,5.45924081052e-7,5.29972737695e-7,4.79166828882e-7,1.17259105537e-7,2.43946089995e-7,9.20942184734e-8,1.48614248019e-7,8.81071642311e-8,5.5789481479e-8,3.72913362412e-8,3.30011680205e-8,9.2258167772e-10,1.1208783901e-10],"dvar2":[0.0000038761641008,0.000894094409887,0.0000365494015568,0.0000426438455179,0.0000319541395584,0.00000965831441135,0.00000979545529844,0.00000856909082358,0.00000368686005459,0.00000528754526385,0.00000276227251561,0.00000130816226829,0.00000117581691939,0.00000132543186737,0.00000126717407056,0.00000124969756143,0.0000011566592093,3.10605230425e-7,6.62640445626e-7,2.39061904495e-7,4.00025726321e-7,2.31692752095e-7,1.39275414313e-7,7.97653640916e-8,7.09366858587e-8,2.082936712e-9,2.30576890914e-10],"max":[0.0197572186589,0.194287270308,0.0724080204964,0.0725213736296,0.0654240325093,0.03700093925,0.046518754214,0.0437961891294,0.043789550662,0.0395031832159,0.0236602649093,0.0287417918444,0.0176332071424,0.0162430219352,0.0150414565578,0.0172766335309,0.0151287978515,0.00529622100294,0.0116312000901,0.00630712322891,0.00470319157466,0.00403258018196,0.00531911803409,0.00400489801541,0.00589066883549,0.000803332950454,0.000381266378099],"mean":[0.000931217276957,0.0144016006961,0.00348227377981,0.00304122269154,0.0026803878136,0.00249280175194,0.00158209179062,0.00126679486129,0.000896686513443,0.00170346803498,0.000925519736484,0.000634428055491,0.000492221675813,0.000670327339321,0.000757519330364,0.00080872135004,0.000902819796465,0.000372246577172,0.000437555776443,0.000425735546742,0.000321191415424,0.000293333403533,0.000207570148632,0.000149009807501,0.000122706725961,0.0000290522184514,0.00000597237067268],"median":[0.000201708142413,0.00977521110326,0.00195809570141,0.000879257509951,0.00135133799631,0.00140671490226,0.000666068750434,0.000377708114684,0.0004072219308,0.00067638856126,0.000308063812554,0.000350437447196,0.000208013196243,0.000259134365479,0.000383054139093,0.000349527341314,0.000480504560983,0.000245662493398,0.000284375943011,0.000325826607877,0.000212979241041,0.000186801698874,0.000118904965348,0.0000859886204125,0.0000604995475442,0.000016632155166,0.00000303260071632],"min":[4.29265067127e-23,1.96910315788e-23,1.9387730338e-23,1.37062136813e-24,1.49829187921e-23,6.30616796029e-23,8.37467611193e-23,1.03443658668e-22,6.56814235603e-23,7.49917997774e-23,6.14813324634e-23,1.31994983452e-22,4.7492966902e-23,1.54903567248e-22,9.83038449061e-23,1.56870696045e-22,2.72384153755e-22,1.63365671868e-22,2.42096968948e-22,2.81001720771e-22,4.76059456676e-22,4.59937260232e-22,6.90126670427e-22,6.71190272656e-22,1.32036120339e-21,1.73616567184e-21,2.16514323387e-21],"var":[0.00000403125432058,0.0004011959536,0.0000191878007172,0.0000451043852081,0.0000195589127543,0.0000107323558041,0.00000693389029038,0.00000770526457927,0.00000345294893123,0.000011405447367,0.00000430189902545,0.00000158483919677,7.55833866606e-7,0.00000147144794482,0.00000123874951896,0.00000168152280366,0.00000143947295328,2.00668338834e-7,3.70293435026e-7,1.8298739235e-7,1.66846859884e-7,1.23633043358e-7,8.6351860773e-8,7.27909821308e-8,7.16010930546e-8,1.89548932106e-9,2.10756204155e-10]},"barkbands_crest":{"dmean":2.66308546066,"dmean2":4.3153591156,"dvar":7.48751688004,"dvar2":18.375837326,"max":26.19165802,"mean":10.5253162384,"median":9.66609477997,"min":2.28362226486,"var":20.9173927307},"barkbands_flatness_db":{"dmean":0.0197730939835,"dmean2":0.0316193662584,"dvar":0.000493972678669,"dvar2":0.00118808425032,"max":0.872724890709,"mean":0.122195117176,"median":0.103202946484,"min":0.0119185866788,"var":0.00704697147012},"barkbands_kurtosis":{"dmean":3.36688828468,"dmean2":5.37902975082,"dvar":158.129562378,"dvar2":362.705596924,"max":680.463378906,"mean":5.01064586639,"median":1.1017999649,"min":-1.92060959339,"var":626.299560547},"barkbands_skewness":{"dmean":0.556065797806,"dmean2":0.849300801754,"dvar":0.518512904644,"dvar2":1.20927202702,"max":18.823589325,"mean":1.44213426113,"median":1.2924233675,"min":-4.03636550903,"var":1.92781639099},"barkbands_spread":{"dmean":6.14326906204,"dmean2":9.73070907593,"dvar":64.3811798096,"dvar2":147.316925049,"max":149.067642212,"mean":27.5363273621,"median":26.311296463,"min":0.168943047523,"var":224.529159546},"dissonance":{"dmean":0.0147239882499,"dmean2":0.0249859951437,"dvar":0.000277642364381,"dvar2":0.000767227902543,"max":0.500000059605,"mean":0.472512513399,"median":0.479795277119,"min":0.248668447137,"var":0.000611783761997},"dynamic_complexity":3.20630025864,"erbbands":{"dmean":[0.293224751949,1.73524415493,2.50733280182,3.62572383881,7.40305137634,4.87595272064,6.07472991943,11.9862995148,13.6390733719,15.4889612198,14.8233270645,13.4298210144,25.2087078094,19.1721401215,18.147069931,14.3537445068,13.2206516266,17.3664188385,17.193479538,21.3099422455,22.1814613342,19.0080566406,10.1217355728,11.6067409515,11.4318790436,9.00346469879,8.19460105896,6.44911050797,5.96713352203,3.87201452255,2.8084564209,1.62781202793,1.24088180065,0.86443400383,0.312860012054,0.082245759666,0.0226974952966,0.00539447553456,0.000703695986886,0.0000377605756512],"dmean2":[0.46197271347,2.9912545681,4.32390499115,5.6356549263,11.2884197235,7.99307394028,9.93073654175,19.0548400879,21.964302063,24.9402656555,23.0815448761,20.9499187469,38.5567436218,29.0768547058,28.3323192596,23.1632080078,21.4307327271,27.805803299,27.4026527405,33.6522903442,35.4056243896,30.4837608337,16.7740879059,20.0051460266,19.5471954346,15.1421403885,13.9263153076,11.0940246582,10.1409063339,6.30871200562,4.5737953186,2.58991599083,1.95162570477,1.34223544598,0.474842756987,0.12523445487,0.0350348763168,0.00809789262712,0.00112427491695,0.0000605357854511],"dvar":[0.466038972139,17.129491806,23.699016571,50.3941421509,434.019897461,80.2995681763,96.3910827637,453.858764648,774.251647949,1509.69799805,1438.73535156,1122.21643066,3054.3659668,1925.07739258,1521.28051758,807.346557617,869.006103516,1201.3762207,901.7890625,1468.06054688,1326.83935547,846.306640625,259.899810791,550.339355469,644.913879395,210.694610596,225.598937988,220.382171631,150.783996582,62.0847854614,43.7870597839,14.1599884033,13.4190301895,7.71363162994,0.712539196014,0.0307618044317,0.00270213652402,0.000207361095818,0.00000445838031737,6.12633854757e-9],"dvar2":[1.07271838188,46.8955192566,67.7403869629,107.826042175,852.850402832,203.370056152,234.218261719,1096.66271973,1938.08227539,3694.11230469,3136.53369141,2355.33300781,6465.57080078,4116.18261719,3349.25463867,1911.27514648,2171.15258789,3054.09619141,2186.30761719,3248.00097656,3233.52661133,2004.10205078,666.311035156,1514.49194336,1738.46459961,550.826049805,578.656005859,604.434448242,407.538848877,153.071350098,109.493164062,31.6582069397,28.2369098663,16.6915073395,1.51899003983,0.0699732154608,0.00618473766372,0.000430444313679,0.00000950878529693,1.52358836658e-8],"max":[7.44746398926,44.009021759,70.7774658203,114.162391663,298.153594971,260.83215332,237.688995361,399.539978027,597.086303711,1030.81445312,791.670288086,1363.24633789,1561.58532715,1133.43579102,1169.51159668,862.843078613,813.921691895,856.472167969,597.172363281,818.140197754,723.458435059,567.075500488,272.965148926,446.842071533,810.976379395,281.184875488,247.561080933,196.7237854,162.39515686,133.520324707,161.241210938,75.942489624,73.4098358154,80.1923217773,29.7313194275,4.1982550621,1.52359294891,0.433758795261,0.0813584327698,0.00157315062825],"mean":[0.447366058826,3.01051712036,4.93983221054,6.4776263237,11.2314319611,7.78370761871,10.6164960861,23.3543663025,25.3641052246,25.0107116699,24.5428218842,22.8344955444,53.2390670776,39.7190093994,36.4961357117,27.3885879517,23.4154319763,33.6014595032,34.319606781,44.5926361084,50.6111450195,43.3900184631,22.4688224792,21.0526714325,21.7175483704,19.9772434235,15.8297042847,11.450047493,10.7530241013,8.23264884949,5.52179670334,3.42435383797,2.3935406208,1.71450293064,0.648780584335,0.175666317344,0.044476903975,0.00992102641612,0.00107747013681,0.0000861937369336],"median":[0.177649632096,2.09863805771,3.1604950428,3.16117453575,3.15394043922,4.35877227783,6.64203023911,11.2139930725,11.7863407135,9.73554134369,8.55821418762,10.8667802811,21.0184593201,16.0728130341,14.2710390091,15.8464431763,11.0264348984,14.8456487656,19.1408138275,21.2458438873,25.0745048523,24.77435112,15.9459867477,14.4043273926,14.5613012314,14.7946300507,10.7810811996,7.38531446457,6.63647603989,4.95785665512,3.1271276474,2.04190659523,1.26403701305,0.842843174934,0.310055285692,0.0959921106696,0.0253279898316,0.00537997391075,0.000539894332178,0.0000674308321322],"min":[6.11665378347e-22,4.4111720493e-21,1.66063778112e-20,1.97041385091e-20,2.05389511552e-20,5.89610721713e-20,1.67804767119e-19,5.72263296701e-19,7.32717982467e-19,2.33603973394e-18,1.79292617862e-18,1.48846177805e-18,3.49200003135e-18,1.4416511102e-18,3.18870081808e-18,5.26517913401e-18,2.75621253673e-18,6.67485247571e-18,6.79101758503e-18,5.85999065043e-18,7.76419268057e-18,1.44260613158e-17,1.03826279465e-17,9.60383078236e-18,1.49546843211e-17,1.3179460428e-17,2.15320506665e-17,1.39838406341e-17,1.76275811586e-17,1.45333598761e-17,2.09289334296e-17,1.85679482031e-17,1.01980483831e-17,1.16924403224e-17,1.06610180632e-17,7.32472733755e-18,3.28892863854e-18,1.08784249096e-18,2.85538353056e-19,3.37180531168e-20],"var":[0.613517999649,16.5801963806,33.9725952148,109.881996155,708.844848633,119.042518616,182.998260498,1164.72192383,1655.71740723,2464.80761719,3018.74194336,2196.67871094,13974.8955078,6647.37548828,5980.51464844,2109.01074219,1479.29870605,3383.73925781,2100.54248047,4185.65234375,4427.81787109,2806.11987305,596.646972656,722.273681641,1012.15557861,418.224182129,344.730041504,227.260147095,180.723449707,107.201438904,66.0139846802,27.1178150177,26.1740818024,15.956202507,1.581610322,0.0648398399353,0.00515060406178,0.000415158603573,0.00000781004746386,8.73764793852e-9]},"erbbands_crest":{"dmean":2.51444745064,"dmean2":4.02790880203,"dvar":5.88818264008,"dvar2":13.8774709702,"max":29.9648342133,"mean":9.0784444809,"median":7.68518877029,"min":2.22558641434,"var":24.5468044281},"erbbands_flatness_db":{"dmean":0.0143468212336,"dmean2":0.0215968601406,"dvar":0.000243906237301,"dvar2":0.000540481647477,"max":0.427585035563,"mean":0.138707503676,"median":0.129295885563,"min":0.0269769188017,"var":0.00206159241498},"erbbands_kurtosis":{"dmean":2.04492092133,"dmean2":3.45395374298,"dvar":164.854248047,"dvar2":542.74407959,"max":422.769042969,"mean":2.64745402336,"median":-0.0537827014923,"min":-1.6740039587,"var":425.054046631},"erbbands_skewness":{"dmean":0.344106405973,"dmean2":0.52973139286,"dvar":0.21384896338,"dvar2":0.537124633789,"max":15.2826747894,"mean":0.173488199711,"median":-0.0277835540473,"min":-3.60466909409,"var":2.04698371887},"erbbands_spread":{"dmean":7.6892080307,"dmean2":11.6388912201,"dvar":71.8907241821,"dvar2":158.821975708,"max":153.011291504,"mean":39.0760650635,"median":37.7722816467,"min":0.784777641296,"var":304.999053955},"gfcc":{"cov":[[20030.6816406,-364.750701904,-2030.35791016,437.862792969,-1080.39355469,57.0384140015,-884.91003418,256.682678223,-117.880203247,118.579582214,-300.412811279,158.393234253,-172.54750061],[-364.750701904,1086.76989746,75.2299194336,-66.9984741211,175.414779663,44.3202705383,187.890899658,-70.6132202148,81.628578186,-10.4866628647,35.1004829407,-30.171661377,83.985206604],[-2030.35791016,75.2299194336,860.151245117,51.8951911926,195.08682251,187.351348877,111.66255188,41.1343765259,73.0713272095,52.5067977905,85.3460083008,15.1211700439,19.4935970306],[437.862792969,-66.9984741211,51.8951911926,396.434967041,87.0297927856,-26.5005664825,-8.00339698792,39.5716934204,-10.5275993347,-13.6229200363,5.40272712708,-5.73602867126,-14.8357534409],[-1080.39355469,175.414779663,195.08682251,87.0297927856,314.629089355,65.4533462524,137.058837891,20.7644882202,64.0063323975,8.71135616302,36.1006278992,-0.386498212814,41.6664733887],[57.0384140015,44.3202705383,187.351348877,-26.5005664825,65.4533462524,243.580123901,79.8071060181,33.8911399841,52.0088424683,44.1273765564,36.1749534607,13.89980793,23.1578655243],[-884.91003418,187.890899658,111.66255188,-8.00339698792,137.058837891,79.8071060181,244.667144775,19.2564582825,29.5466842651,13.0082740784,43.2089233398,-10.0065555573,26.6442165375],[256.682678223,-70.6132202148,41.1343765259,39.5716934204,20.7644882202,33.8911399841,19.2564582825,143.215744019,67.9066314697,49.5534896851,28.1234283447,32.9197845459,13.7262630463],[-117.880203247,81.628578186,73.0713272095,-10.5275993347,64.0063323975,52.0088424683,29.5466842651,67.9066314697,156.710418701,68.3945159912,33.7952270508,28.0555686951,38.4806861877],[118.579582214,-10.4866628647,52.5067977905,-13.6229200363,8.71135616302,44.1273765564,13.0082740784,49.5534896851,68.3945159912,108.169837952,52.6499671936,29.6288261414,4.26137065887],[-300.412811279,35.1004829407,85.3460083008,5.40272712708,36.1006278992,36.1749534607,43.2089233398,28.1234283447,33.7952270508,52.6499671936,100.136802673,40.9954109192,16.0490455627],[158.393234253,-30.171661377,15.1211700439,-5.73602867126,-0.386498212814,13.89980793,-10.0065555573,32.9197845459,28.0555686951,29.6288261414,40.9954109192,74.0226745605,30.1446170807],[-172.54750061,83.985206604,19.4935970306,-14.8357534409,41.6664733887,23.1578655243,26.6442165375,13.7262630463,38.4806861877,4.26137065887,16.0490455627,30.1446170807,81.7053527832]],"icov":[[0.000141566677485,-0.000173958964297,0.000333044270519,-0.000301367457723,0.000305414112518,-0.000498241570313,0.000354358257027,-0.000307762267767,0.000183901342098,-0.000320782128256,0.000493739789817,-0.000517899170518,0.000289422401693],[-0.000173958964297,0.00155308854301,-0.00035073843901,0.000501326459926,-0.000603855063673,0.000752863823436,-0.00114445132203,0.00139591703191,-0.00113496545237,0.000725045916624,-0.00115294707939,0.00154551037122,-0.00140285072848],[0.000333044270519,-0.00035073843901,0.00241411826573,-0.000779259600677,-0.000052332328778,-0.00217423425056,0.000972897105385,-0.000687246909365,0.000261700333795,-0.000595403078478,0.000115424307296,-0.000897560385056,0.00100379483774],[-0.000301367457723,0.000501326459926,-0.000779259600677,0.00375038990751,-0.00201148656197,0.00150249537546,-0.0000473941508972,-0.000704580801539,0.000268815114396,0.001298509771,-0.0016475970624,0.00161068723537,-0.0000160525651154],[0.000305414112518,-0.000603855063673,-0.000052332328778,-0.00201148656197,0.00637818267569,-0.00106078980025,-0.00163841736503,-0.0000452943459095,-0.00148743647151,0.000267958763288,0.000865435227752,-0.000749814789742,-0.000703918980435],[-0.000498241570313,0.000752863823436,-0.00217423425056,0.00150249537546,-0.00106078980025,0.00748530030251,-0.00259863794781,0.000816496205516,-0.00103657168802,-0.000262327812379,-0.00137774343602,0.00180064281449,-0.00179670972284],[0.000354358257027,-0.00114445132203,0.000972897105385,-0.0000473941508972,-0.00163841736503,-0.00259863794781,0.00791417900473,-0.00240867817774,0.00170386349782,-0.000361304060789,-0.00160313770175,0.00156647607218,0.0000332300587615],[-0.000307762267767,0.00139591703191,-0.000687246909365,-0.000704580801539,-0.0000452943459095,0.000816496205516,-0.00240867817774,0.0118713481352,-0.00459638377652,-0.00114883831702,-0.000377174408641,-0.00183487706818,-0.000490254838951],[0.000183901342098,-0.00113496545237,0.000261700333795,0.000268815114396,-0.00148743647151,-0.00103657168802,0.00170386349782,-0.00459638377652,0.0131265008822,-0.00706633739173,0.00216953619383,-0.000446037156507,-0.00326496525668],[-0.000320782128256,0.000725045916624,-0.000595403078478,0.001298509771,0.000267958763288,-0.000262327812379,-0.000361304060789,-0.00114883831702,-0.00706633739173,0.019268848002,-0.00862599816173,0.000174182059709,0.003156804014],[0.000493739789817,-0.00115294707939,0.000115424307296,-0.0016475970624,0.000865435227752,-0.00137774343602,-0.00160313770175,-0.000377174408641,0.00216953619383,-0.00862599816173,0.0209282934666,-0.0111900614575,0.00188215950038],[-0.000517899170518,0.00154551037122,-0.000897560385056,0.00161068723537,-0.000749814789742,0.00180064281449,0.00156647607218,-0.00183487706818,-0.000446037156507,0.000174182059709,-0.0111900614575,0.0265744850039,-0.00991176813841],[0.000289422401693,-0.00140285072848,0.00100379483774,-0.0000160525651154,-0.000703918980435,-0.00179670972284,0.0000332300587615,-0.000490254838951,-0.00326496525668,0.003156804014,0.00188215950038,-0.00991176813841,0.0196498669684]],"mean":[16.4096031189,79.7330780029,-110.741142273,38.1927909851,-50.9795150757,18.1453075409,-30.6605472565,11.0104446411,-17.3743782043,4.93123722076,-15.6213674545,3.03803920746,-5.07482242584]},"hfc":{"dmean":6.52243995667,"dmean2":10.4296665192,"dvar":125.929222107,"dvar2":318.832489014,"max":156.529098511,"mean":27.5197639465,"median":25.8302307129,"min":1.15415174146e-16,"var":309.056091309},"melbands":{"dmean":[0.0023708990775,0.00159805570729,0.00078493100591,0.000423453602707,0.000203363655601,0.000259844091488,0.000206542899832,0.000174213273567,0.000113859423436,0.0000883531247382,0.000125909093185,0.0000792476639617,0.0000625745378784,0.0000450782426924,0.000029676106351,0.0000322886990034,0.0000365655723726,0.0000290391944873,0.0000316553159792,0.0000308263333864,0.0000302457610815,0.0000255972918239,0.0000125197466332,0.00000896742858458,0.0000102283838714,0.00000934735271585,0.00000758898659114,0.00000618177364231,0.00000582952407058,0.00000486080625706,0.00000364594347957,0.00000380859637517,0.00000266018082584,0.00000222400626626,0.00000187853322586,0.00000128164106172,9.86280156212e-7,9.26085419906e-7,9.5750260698e-7,7.1295323778e-7],"dmean2":[0.00382013106719,0.00276552489959,0.00118877307978,0.000659488607198,0.000331690185703,0.000414238485973,0.000333768286509,0.000277968501905,0.000177758614882,0.000136370043037,0.000192885490833,0.00012022601004,0.0000975002112682,0.0000717708389857,0.000048435471399,0.0000529916869709,0.0000583774271945,0.0000464757358714,0.000050188813475,0.000049213096645,0.0000487342331326,0.0000410883731092,0.0000205874894164,0.0000152199318109,0.0000176483335963,0.0000159390856425,0.0000129471609398,0.0000103476895674,0.00000981801804301,0.00000844800615596,0.00000624885706202,0.00000656188603898,0.00000442114378529,0.00000364290440302,0.00000311842336487,0.00000208311598726,0.00000157012368618,0.00000148397134581,0.00000149850040998,0.00000111106601253],"dvar":[0.0000299825878756,0.0000116208602776,0.00000318476327266,0.00000104691878278,9.70523217347e-8,2.03760023965e-7,1.67768178017e-7,1.82373142366e-7,8.53784740684e-8,4.51090649278e-8,7.59484066748e-8,3.26270601647e-8,1.83039787771e-8,1.02097903465e-8,3.64010954712e-9,6.40078079428e-9,5.91051207977e-9,2.80937095809e-9,3.93274923738e-9,3.6546612403e-9,2.65354804796e-9,1.70728675641e-9,4.02933991728e-10,2.83261969436e-10,4.18917983636e-10,4.07543693237e-10,2.08363479248e-10,8.6815429845e-11,9.6422717033e-11,1.47450177068e-10,5.70079157491e-11,6.23631771224e-11,2.45245681402e-11,2.12452746368e-11,2.06298832184e-11,7.46782150007e-12,5.91674799433e-12,7.2261398254e-12,9.16759897163e-12,4.81317676687e-12],"dvar2":[0.0000718552764738,0.000032457166526,0.0000060837910496,0.00000225087569561,2.39115877321e-7,4.93708455451e-7,4.21669795969e-7,4.35832930634e-7,1.8794573009e-7,9.28714811721e-8,1.60579674002e-7,6.97622226653e-8,4.04631599338e-8,2.40045352484e-8,8.99480046002e-9,1.63497801964e-8,1.4940294335e-8,6.83214285147e-9,9.00795793513e-9,8.43681657869e-9,6.58446941415e-9,4.03510247438e-9,9.85843739976e-10,7.54825035809e-10,1.15573117743e-9,1.08787312492e-9,5.64509050616e-10,2.22525040061e-10,2.42383696447e-10,4.09062589357e-10,1.54324664159e-10,1.7051891843e-10,6.24160029217e-11,5.2870267192e-11,5.36191611944e-11,1.76247818423e-11,1.32821835128e-11,1.62236248741e-11,1.95115104629e-11,1.03299521714e-11],"max":[0.0603170953691,0.0358817912638,0.0276735741645,0.0170244723558,0.00652758730575,0.00837982818484,0.00982989370823,0.0120165087283,0.00600290810689,0.00871491897851,0.0077047413215,0.00487483711913,0.00328910676762,0.00431925337762,0.00168400129769,0.00232612830587,0.0019399545854,0.00086778216064,0.00148705230094,0.00164644164033,0.00107455067337,0.000900743121747,0.000346305954736,0.000348850619048,0.000403648533393,0.000542236259207,0.000351041235263,0.00020076407236,0.000192642226466,0.000156076261192,0.0000978922544164,0.000108016844024,0.0000773026768002,0.0000825765091577,0.000097713964351,0.0000609518065176,0.0000572075841774,0.0000605621826253,0.0000878151331563,0.000082438942627],"mean":[0.00400380697101,0.00316954962909,0.0013847835362,0.000666047970299,0.000365568033885,0.000520369154401,0.000382063270081,0.000277939863736,0.00018378655659,0.000146442296682,0.00026180819259,0.000153646338731,0.000120674732898,0.0000857217601151,0.0000515784086019,0.0000506772958033,0.0000661076555843,0.0000526344119862,0.0000577301216254,0.0000606348185102,0.0000620879145572,0.000052109000535,0.0000255937611655,0.0000162863489095,0.000017016154743,0.00001623200842,0.000014283845303,0.000013070210116,0.0000107552168629,0.00000763040497986,0.00000626608380117,0.00000624839594821,0.00000530445367986,0.00000432394926975,0.00000333857383339,0.00000253891630564,0.00000190232287878,0.00000161540947374,0.00000171203851096,0.00000137431504754],"median":[0.00226598139852,0.00233305618167,0.000617409299593,0.000280358741293,0.000232015518122,0.000262616493274,0.00017245838535,0.000103054830106,0.0000626555847703,0.0000674629118294,0.000100294644653,0.0000577880455239,0.0000425149846706,0.0000438764509454,0.0000278813386103,0.0000209157096833,0.0000251507626672,0.0000260598408204,0.0000269962292805,0.0000263898473349,0.0000296954003716,0.0000273948244285,0.0000164851771842,0.000010758033568,0.000011235497368,0.00000975775856205,0.0000103883448901,0.00000949953027884,0.00000721800097381,0.00000464282629764,0.00000399221880798,0.00000364243328477,0.00000325066844198,0.00000246907939072,0.00000180225470103,0.00000143215447679,0.0000010794182117,7.83516782121e-7,8.51364973187e-7,6.33038553133e-7],"min":[7.39468509565e-24,8.81917461956e-24,3.29464759394e-24,3.0831092174e-24,4.94391593304e-24,1.29066092794e-23,1.36294117613e-23,2.51850281097e-23,1.39733488051e-23,9.86688524247e-24,1.69167040162e-23,4.70316702325e-24,9.90565381166e-24,1.33427176203e-23,1.01367474584e-23,4.687657229e-24,1.44922788635e-23,1.1762153544e-23,6.75857132751e-24,1.05801022755e-23,8.35824871466e-24,1.30672797355e-23,1.70927967029e-23,6.87696357216e-24,7.40021974376e-24,1.06398947767e-23,1.14630174887e-23,7.51503134877e-24,1.34892501111e-23,1.03774249763e-23,7.13756298334e-24,1.1125511239e-23,7.80630088308e-24,7.55090716502e-24,1.13546934758e-23,1.37912449983e-23,1.11709362165e-23,6.09208996439e-24,9.50730429807e-24,9.41696552493e-24],"var":[0.0000371042260667,0.0000133681560328,0.0000063820516516,0.00000160035381214,1.90803859823e-7,5.49241065073e-7,3.62204019666e-7,3.16523312449e-7,1.74848665324e-7,9.23488485682e-8,3.45407670466e-7,1.11599206321e-7,6.66841799557e-8,3.10533287973e-8,6.58362697692e-9,9.7945003219e-9,1.62120965541e-8,6.03879968253e-9,8.74485905911e-9,1.06540589684e-8,7.49907780317e-9,5.0223776249e-9,1.00431629679e-9,4.67055838449e-10,5.2380233484e-10,6.46222131362e-10,3.12127823587e-10,1.86752946441e-10,1.67598893097e-10,1.33376615308e-10,6.53593915101e-11,6.8717656565e-11,4.07870091867e-11,3.40441667912e-11,2.6658758534e-11,1.41189837599e-11,1.02749865907e-11,1.23142858757e-11,1.75874401848e-11,1.09697424755e-11]},"melbands_crest":{"dmean":3.52763271332,"dmean2":5.5395359993,"dvar":11.5892572403,"dvar2":27.5603733063,"max":39.8450126648,"mean":16.0371189117,"median":15.2081289291,"min":2.47144556046,"var":40.5126991272},"melbands_flatness_db":{"dmean":0.0255703870207,"dmean2":0.0401544459164,"dvar":0.000808515702374,"dvar2":0.00188012712169,"max":1,"mean":0.194107115269,"median":0.174881264567,"min":0.00627461494878,"var":0.0102498428896},"melbands_kurtosis":{"dmean":20.2534675598,"dmean2":33.6738891602,"dvar":62996.453125,"dvar2":169607.875,"max":21985.8886719,"mean":33.685710907,"median":7.41513061523,"min":-1.71424877644,"var":127992.90625},"melbands_skewness":{"dmean":0.85967540741,"dmean2":1.33313524723,"dvar":1.7581499815,"dvar2":4.35192012787,"max":80.4423141479,"mean":2.91338157654,"median":2.46291613579,"min":-2.34493660927,"var":7.19476985931},"melbands_spread":{"dmean":7.6338429451,"dmean2":11.7568359375,"dvar":104.871665955,"dvar2":221.316635132,"max":222.583847046,"mean":26.9643878937,"median":22.915435791,"min":0.00607374729589,"var":362.914489746},"mfcc":{"cov":[[13814.3525391,185.546691895,-698.940673828,99.9542388916,-208.779205322,-240.22883606,-501.819580078,-150.521133423,-148.033462524,-123.566719055,-161.330703735,-40.1112136841,30.1097240448],[185.546691895,1017.91998291,-14.2445478439,-60.8689041138,-31.4199256897,114.144523621,48.6691360474,3.23638081551,82.5903701782,26.4014892578,20.9259357452,-24.4824352264,-10.8110752106],[-698.940673828,-14.2445478439,571.096923828,-40.1787757874,128.337142944,96.0679244995,65.2497634888,47.7140197754,17.4687423706,55.6570701599,72.1436920166,33.0722427368,-5.67598628998],[99.9542388916,-60.8689041138,-40.1787757874,377.884399414,77.307182312,-7.75827169418,36.7250938416,36.4882354736,2.594789505,-6.51944637299,5.28130531311,-0.0553092993796,26.1971893311],[-208.779205322,-31.4199256897,128.337142944,77.307182312,224.070861816,61.7211990356,15.0366306305,44.70520401,45.2939949036,42.8246307373,23.1338405609,18.7557125092,18.1134700775],[-240.22883606,114.144523621,96.0679244995,-7.75827169418,61.7211990356,184.360015869,89.549041748,35.7041358948,41.4240226746,39.7393722534,24.9708633423,7.05305051804,-9.96283817291],[-501.819580078,48.6691360474,65.2497634888,36.7250938416,15.0366306305,89.549041748,188.919448853,63.4057807922,15.0854701996,24.9320201874,37.8614654541,2.20908737183,-5.8018655777],[-150.521133423,3.23638081551,47.7140197754,36.4882354736,44.70520401,35.7041358948,63.4057807922,97.4872436523,45.8990516663,29.9764442444,19.4872570038,13.4591617584,16.3115749359],[-148.033462524,82.5903701782,17.4687423706,2.594789505,45.2939949036,41.4240226746,15.0854701996,45.8990516663,116.595611572,55.413143158,12.3271150589,13.4944763184,15.5896148682],[-123.566719055,26.4014892578,55.6570701599,-6.51944637299,42.8246307373,39.7393722534,24.9320201874,29.9764442444,55.413143158,93.2004623413,48.7497940063,24.9599952698,6.30247831345],[-161.330703735,20.9259357452,72.1436920166,5.28130531311,23.1338405609,24.9708633423,37.8614654541,19.4872570038,12.3271150589,48.7497940063,104.061172485,42.7825469971,17.2188110352],[-40.1112136841,-24.4824352264,33.0722427368,-0.0553092993796,18.7557125092,7.05305051804,2.20908737183,13.4591617584,13.4944763184,24.9599952698,42.7825469971,90.1200866699,52.0089302063],[30.1097240448,-10.8110752106,-5.67598628998,26.1971893311,18.1134700775,-9.96283817291,-5.8018655777,16.3115749359,15.5896148682,6.30247831345,17.2188110352,52.0089302063,87.1909408569]],"icov":[[0.0000873388780747,-0.0000356044547516,0.0000784110889072,-0.0000483790608996,0.0000499006237078,-0.0000654829636915,0.000282472872641,-0.000131452005007,0.000180319679203,-0.0000766708981246,0.0000363662402378,-0.00000267401856036,-0.0000216815551539],[-0.0000356044547516,0.00120655796491,0.0000387091167795,0.000126767001348,0.000353774317773,-0.000748849182855,-0.000160329494975,0.000529676908627,-0.00117056630552,0.000464034354081,-0.000587316520978,0.000681729463395,-0.000257398700342],[0.0000784110889072,0.0000387091167795,0.00247405399568,0.000516844273079,-0.00125155062415,-0.000622990482952,0.0000631773946225,-0.000694145041052,0.00082230445696,-0.000180814226042,-0.00105244084261,-0.000371663772967,0.000601948762778],[-0.0000483790608996,0.000126767001348,0.000516844273079,0.00330769922584,-0.00157473946456,0.00065452628769,-0.00102564541157,-0.000584709050599,0.000178416070412,0.000732358719688,-0.000465509219794,0.000733952620067,-0.000915387936402],[0.0000499006237078,0.000353774317773,-0.00125155062415,-0.00157473946456,0.00705238524824,-0.00217492529191,0.00194293749519,-0.00155149167404,-0.000866275222506,-0.00137806334533,0.000231090612942,0.000380887737265,-0.000894107448403],[-0.0000654829636915,-0.000748849182855,-0.000622990482952,0.00065452628769,-0.00217492529191,0.00937399081886,-0.00443313177675,0.00117824831977,-0.00153601833154,-0.00102578953374,0.000973277434241,-0.00121105916332,0.00157904718071],[0.000282472872641,-0.000160329494975,0.0000631773946225,-0.00102564541157,0.00194293749519,-0.00443313177675,0.0106155732647,-0.00629549194127,0.00250579975545,-0.0000950761896092,-0.00239359284751,0.00118281226605,0.000494793232065],[-0.000131452005007,0.000529676908627,-0.000694145041052,-0.000584709050599,-0.00155149167404,0.00117824831977,-0.00629549194127,0.0182759203017,-0.00626191450283,-0.000249108939897,0.000308831979055,0.0000698528383509,-0.00210447027348],[0.000180319679203,-0.00117056630552,0.00082230445696,0.000178416070412,-0.000866275222506,-0.00153601833154,0.00250579975545,-0.00626191450283,0.0167556013912,-0.00911657698452,0.00327143445611,0.000250385433901,-0.00199713138863],[-0.0000766708981246,0.000464034354081,-0.000180814226042,0.000732358719688,-0.00137806334533,-0.00102578953374,-0.0000950761896092,-0.000249108939897,-0.00911657698452,0.0219458639622,-0.00842757150531,-0.00178139819764,0.00283215939999],[0.0000363662402378,-0.000587316520978,-0.00105244084261,-0.000465509219794,0.000231090612942,0.000973277434241,-0.00239359284751,0.000308831979055,0.00327143445611,-0.00842757150531,0.0171846263111,-0.00631557032466,0.000229888551985],[-0.00000267401856036,0.000681729463395,-0.000371663772967,0.000733952620067,0.000380887737265,-0.00121105916332,0.00118281226605,0.0000698528383509,0.000250385433901,-0.00178139819764,-0.00631557032466,0.0217436887324,-0.0119499061257],[-0.0000216815551539,-0.000257398700342,0.000601948762778,-0.000915387936402,-0.000894107448403,0.00157904718071,0.000494793232065,-0.00210447027348,-0.00199713138863,0.00283215939999,0.000229888551985,-0.0119499061257,0.0197866968811]],"mean":[-620.738647461,106.342597961,2.25008010864,25.3704090118,6.33305025101,10.2448368073,0.875331699848,5.80117416382,7.7366604805,2.85618495941,-2.26200628281,0.736226558685,5.23537302017]},"pitch_salience":{"dmean":0.0742456316948,"dmean2":0.119364216924,"dvar":0.00536444503814,"dvar2":0.0129948919639,"max":0.965592086315,"mean":0.51098126173,"median":0.516579210758,"min":0.00324808713049,"var":0.0192511491477},"silence_rate_20dB":{"dmean":0,"dmean2":0,"dvar":0,"dvar2":0,"max":1,"mean":1,"median":1,"min":1,"var":0},"silence_rate_30dB":{"dmean":0.0359748415649,"dmean2":0.0719587355852,"dvar":0.0346807837486,"dvar2":0.0874161720276,"max":1,"mean":0.973965525627,"median":1,"min":0,"var":0.0253555793315},"silence_rate_60dB":{"dmean":0.00503144646063,"dmean2":0.0100641585886,"dvar":0.00500630075112,"dvar2":0.0109696136788,"max":1,"mean":0.0545843280852,"median":0,"min":0,"var":0.0516150966287},"spectral_centroid":{"dmean":240.469650269,"dmean2":375.781219482,"dvar":81006.0078125,"dvar2":174024.390625,"max":11172.6132812,"mean":1597.74414062,"median":1582.97314453,"min":25.789100647,"var":462512.53125},"spectral_complexity":{"dmean":4.10792446136,"dmean2":6.62649393082,"dvar":19.7959403992,"dvar2":45.4363708496,"max":61,"mean":25.9837760925,"median":27,"min":0,"var":132.508178711},"spectral_contrast_coeffs":{"dmean":[0.0510679632425,0.0473426543176,0.037301056087,0.0299507901073,0.0197045952082,0.0164658017457],"dmean2":[0.0831635445356,0.0781871899962,0.0608717799187,0.0492781251669,0.0327283777297,0.0267063900828],"dvar":[0.00192485062871,0.00151856825687,0.000892188167199,0.000582868291531,0.00025277712848,0.000224727366003],"dvar2":[0.00464013637975,0.00395124452189,0.00230929534882,0.00151429104153,0.000697365554515,0.000538039545063],"max":[-0.28554970026,-0.430329859257,-0.489049226046,-0.573844790459,-0.592011809349,-0.611537575722],"mean":[-0.673539757729,-0.732715308666,-0.769457638264,-0.778734982014,-0.800483703613,-0.755393207073],"median":[-0.681879103184,-0.736993432045,-0.777054667473,-0.778866887093,-0.799239397049,-0.75353717804],"min":[-0.955554306507,-0.976307272911,-0.965138792992,-0.959654271603,-0.962922096252,-0.960651397705],"var":[0.00804822798818,0.00603423034772,0.00487491302192,0.00277784024365,0.00132772361394,0.00195748335682]},"spectral_contrast_valleys":{"dmean":[0.39868414402,0.34901958704,0.301626324654,0.251209259033,0.221015632153,0.21925920248],"dmean2":[0.651731789112,0.567113339901,0.489402264357,0.397969961166,0.350524663925,0.320896863937],"dvar":[0.167205661535,0.1350081563,0.10880702734,0.0988197103143,0.108603239059,0.101127959788],"dvar2":[0.352800041437,0.264706015587,0.205132886767,0.170016378164,0.193579047918,0.18558844924],"max":[-4.94117689133,-4.76397037506,-5.20145463943,-5.7262802124,-5.37115097046,-7.51597595215],"mean":[-7.06289863586,-6.74792671204,-7.13447761536,-7.49763393402,-7.24349021912,-9.82424545288],"median":[-6.64135408401,-6.45487642288,-6.84857082367,-7.17753410339,-6.78447675705,-9.41311740875],"min":[-27.5803585052,-27.4169769287,-27.3356933594,-27.3317298889,-27.0726585388,-27.1608963013],"var":[1.92402780056,1.95848441124,1.90960144997,2.05154895782,2.39175343513,2.26571178436]},"spectral_decrease":{"dmean":3.20554560673e-9,"dmean2":5.05719244259e-9,"dvar":2.94417568245e-17,"dvar2":7.04249331255e-17,"max":3.96914940697e-17,"mean":-9.94598092774e-9,"median":-9.46859035622e-9,"min":-5.73405749549e-8,"var":5.03819068232e-17},"spectral_energy":{"dmean":0.0124288909137,"dmean2":0.0195584483445,"dvar":0.000429825973697,"dvar2":0.00102586275898,"max":0.219725057483,"mean":0.0400344207883,"median":0.0383220016956,"min":1.04824196554e-20,"var":0.000760318944231},"spectral_energyband_high":{"dmean":0.000545010610949,"dmean2":0.00088634196436,"dvar":0.00000129444504182,"dvar2":0.00000325167229676,"max":0.0140011245385,"mean":0.0013575720368,"median":0.00100304477382,"min":7.35053614168e-21,"var":0.00000215762906919},"spectral_energyband_low":{"dmean":0.0095455609262,"dmean2":0.0156264416873,"dvar":0.000408278719988,"dvar2":0.00100411230233,"max":0.20863494277,"mean":0.0198840145022,"median":0.0158684588969,"min":5.6047166299e-23,"var":0.00052740634419},"spectral_energyband_middle_high":{"dmean":0.00192059844267,"dmean2":0.00300349621102,"dvar":0.00000569041822018,"dvar2":0.0000135069540192,"max":0.0385876297951,"mean":0.00737193599343,"median":0.006138776429,"min":1.53626443095e-21,"var":0.0000299013317999},"spectral_energyband_middle_low":{"dmean":0.00472579477355,"dmean2":0.00708365254104,"dvar":0.0000638451892883,"dvar2":0.000123501813505,"max":0.116811990738,"mean":0.0129413185641,"median":0.00981531664729,"min":3.92022823884e-22,"var":0.000161662741448},"spectral_entropy":{"dmean":0.111735999584,"dmean2":0.173007369041,"dvar":0.0224717929959,"dvar2":0.0490147732198,"max":9.79779624939,"mean":7.75640869141,"median":7.87376356125,"min":3.64960503578,"var":0.291863650084},"spectral_flux":{"dmean":0.0272308569402,"dmean2":0.0428250841796,"dvar":0.00133937189821,"dvar2":0.00295280106366,"max":0.377385526896,"mean":0.0949449315667,"median":0.0868472903967,"min":1.02383691802e-10,"var":0.00287313060835},"spectral_kurtosis":{"dmean":1.12121224403,"dmean2":1.86510550976,"dvar":4.95281362534,"dvar2":13.1290721893,"max":84.7166900635,"mean":4.22575378418,"median":3.10471487045,"min":-1.23310995102,"var":36.3845901489},"spectral_rms":{"dmean":0.000865853158757,"dmean2":0.00133625348099,"dvar":0.00000138311042974,"dvar2":0.00000312047473017,"max":0.0146412402391,"mean":0.0058225709945,"median":0.00611451687291,"min":3.1979291177e-12,"var":0.00000515572082804},"spectral_rolloff":{"dmean":540.271179199,"dmean2":894.500488281,"dvar":1088392.5,"dvar2":2311876.5,"max":19702.8808594,"mean":1640.59436035,"median":1227.39257812,"min":43.06640625,"var":3076672.75},"spectral_skewness":{"dmean":0.169026121497,"dmean2":0.273793399334,"dvar":0.0480285808444,"dvar2":0.12191440165,"max":7.94253396988,"mean":1.44905626774,"median":1.34102594852,"min":0.0383397042751,"var":0.484421700239},"spectral_spread":{"dmean":395445.9375,"dmean2":593715,"dvar":401352949760,"dvar2":725152038912,"max":40802480,"mean":4777425.5,"median":4729091,"min":1246099.75,"var":1773312671740},"spectral_strongpeak":{"dmean":0.469825148582,"dmean2":0.814783990383,"dvar":0.763906598091,"dvar2":1.90847229958,"max":10.5370206833,"mean":0.800341367722,"median":0.421850979328,"min":0,"var":1.21529603004},"zerocrossingrate":{"dmean":0.0101169422269,"dmean2":0.0120970159769,"dvar":0.00022605995764,"dvar2":0.000257460196735,"max":0.6396484375,"mean":0.064661860466,"median":0.06005859375,"min":0.0009765625,"var":0.00184386689216}},"metadata":{"audio_properties":{"analysis_sample_rate":44100,"bit_rate":320000,"codec":"mp3","downmix":"mix","equal_loudness":0,"length":184.581222534,"lossless":false,"md5_encoded":"a54d4d1b01952bfae8a7bdfa0293befd","replay_gain":-14.1707115173,"sample_rate":44100},"tags":{"acoustid_fingerprint":["AQADtIq0RgujCD8RJpLCHLqOPHtQoumI40etGmHqQ-_xI5QinEQOXziDfPgKwz_Y48ZjfMeFdwhFftAXEj-aMRHkF4zMo_yO53DOoqbkQP5wI0zkokzxaE5xasfhf8idD7rODa1SB7mi5PgPzxJqhQepG9ceVEdzIsdfaLkOv8OPc8xinIE__JByChV_nB989tCOs3OKb0eXBJYfaKeRHw_BUEpw40yI60LXHLl2aG9HhPnx8PjRh3i2D7Ey-HkJvarwLIeXCN4P7sN3UA5T4T2-XPhavHikwLmg-TjK9Tj045F4XD9cH-mN90iv4D2-c_h89MmgqTkMXTrgXuh9fFkFLungKNsBHT2ypH_w5fiCimjqKHi147guJDtCOVxxMXgetNrRKEefFE7rDQeTHJd2dHOGMCzehMMvhOYHH6GVQ-eDnCqa-qh84fHxLPjxMUdoZakoiEdI6XiOXheaR8gTPdBz9EvRfIcqLkEbHWGUfjj-ocmDSiQyZ4d2hggfXD2anshzOLuISg-uQW9uPNpWVDuaHTyO2iGeHCexB04JecPwCyWJH9q5DI0z4ekofEd5NL7woBaNS4oHkXiLkF2O8-jRVEWu-Pgh7sYnxsgJTstRfQsaPDgpIZyUwOdQq3LR79D34s9x9Bd0lBbMHu_hMx2ya8ebI9OOPviFUzv6BCJPghcP_Ug_oyaqCdb2wN-L6ieRL8cOcXpwzSM-dMcUqQmuFJd2nFLwrTmm1MJzaM8wcyFypXh0MNcD_3iaw8cXacjlG6d06GtG5GrxHe7Q58GvYc_RH82TF0-mGheS80KO5kOdN_g1_EWjY5KJbymq5jmaI3yD6yq6HtyJy4aWB_WJXEbIwyd64u0h60b-G41zo9_xtEJFHc13nJSKnIfO8PAfPGmGUxmuF87xSfiDe6HxNQ1qCn54aCeO3DIeMTHRP2AyPEalI3UDbVUi4ueR70Ytwh--4zt6V-CP_seUS8eZlDiRR8GlQ8uFjkceOQp-XDG848evHI0YYnd0NC_6o4l3nBryG9qRxvkGSpERHuqUCyEl-B9-uDp63MR4ohlzdDp-RPyhWXgmJVqRH-HD4_fQKib8CHqQPtHx4dsz3IfHKKnw7QZ75E2g60jT5ijJ45dRjdHB5D1yLZASOkbeGyVl9MjTiOAPXVdQ5siroaK-onF4XFoaVGIZmPHRXClyFtpThKHTgWdwodOWoEnbYd-FK4yJMLtwbHGW48cjHaaq4z1-gWYEV4fQSSHKO0ifo1bBL0eYB094eMwNHa5oaKIj6DJ6nUNa7aiukLiO_yiz0Oi_4kdvwpOWI-wCjR_SfDeYreqDvhMDRyIeVNtxfKXwz8HZ4zqaoryQn0KlC6Laww9e_HJx7yh1_CXBqIJLNTjSbB_KM8GHn-jx8PB6hFV4QzvSfJuMH_7RMTjypGhCt2jDC9A-D8254EuJuEejMVdxhImpKfihLP_wNPiMlkfzBH-EL52CaxMl406DPmhe6N0RfaTwULgEJlaNasslXDn6Ij2lQdsTfDxCfSe-hLgIV_HR58Ed7CT6H83xJFGOGzkf6AvCJ0bTPPg7PDea6OiZ4JsxPT-ap3i