{"lowlevel":{"average_loudness":0.459712684155,"barkbands":{"dmean":[0.00000931636895984,0.000228799122851,0.00116511224769,0.000938280601986,0.000738399801776,0.000732086307835,0.000516160216648,0.000978349824436,0.000443027092842,0.000135416179546,0.000124275087728,0.000147863349412,0.00010675687372,0.0000830270364531,0.0000534646533197,0.0000392650290451,0.0000522561495018,0.0000696874194546,0.0000849090283737,0.00000629836449662,0.00000894098411663,0.00000662720185574,0.00000435301535617,0.0000073487381087,0.00000306589072352,2.143313651e-7,8.58781845636e-8],"dmean2":[0.000015980025637,0.000365741871065,0.00171860400587,0.00149688194506,0.00110567070078,0.00108082359657,0.000704770442098,0.00138670112938,0.000585814937949,0.000194534441107,0.000164402474184,0.000194639258552,0.000146975449752,0.00011544865265,0.0000730793981347,0.0000583260589337,0.000072184491728,0.0000984095022432,0.000115251641546,0.00000939827714319,0.0000131896131279,0.0000100517690953,0.00000644698729957,0.0000118739089885,0.00000502837519889,3.8499791799e-7,1.49205959588e-7],"dvar":[7.72634178858e-11,2.49595245805e-7,0.0000105531707959,0.00000241843486037,0.00000134497679483,0.00000262504613602,0.00000212297391045,0.00000933836872719,0.00000311535040964,2.95546499274e-7,4.56810482774e-7,4.39130559471e-7,1.48672242517e-7,1.00190653995e-7,3.78602180717e-8,1.43735121583e-8,1.58436126441e-8,2.54148400103e-8,6.00016889507e-8,4.07473943476e-10,9.92928073096e-10,3.33929106588e-10,1.71313407904e-10,7.90398690942e-10,1.57693150205e-10,1.98159891274e-11,6.76549799256e-13],"dvar2":[2.27108609696e-10,5.80562129926e-7,0.0000229643301282,0.00000645558702672,0.00000312793349622,0.00000591936304772,0.00000380199185201,0.0000203810122912,0.00000535277104063,6.20237585736e-7,7.71013731082e-7,8.17734644443e-7,2.70717322337e-7,1.79669314093e-7,6.24446698794e-8,2.90235195877e-8,2.87569399404e-8,4.93841021409e-8,1.05658649829e-7,8.72567962329e-10,2.5530741965e-9,8.15626566286e-10,3.77545078534e-10,2.13810080751e-9,4.33464875105e-10,5.88310788974e-11,1.8877193645e-12],"max":[0.0000905755005078,0.00866253487766,0.0763603746891,0.020599199459,0.0188310761005,0.0468597710133,0.0593688711524,0.0787879899144,0.0672783926129,0.0176592208445,0.0359798446298,0.0348618589342,0.0145201114938,0.0104274805635,0.00892203859985,0.00387203437276,0.00362116610631,0.00476025603712,0.00995017867535,0.000780782545917,0.00121972651687,0.000461962306872,0.000342556857504,0.000744256598409,0.000312217831379,0.000228882112424,0.0000436146583525],"mean":[0.0000227919426834,0.000449672603281,0.00252130744047,0.00157948303968,0.001590665197,0.00176394754089,0.00105686415918,0.00227538123727,0.00120376655832,0.000287638016744,0.000287057395326,0.000342494080542,0.000220837217057,0.000192356033949,0.000126861748868,0.0000902520841919,0.000152970329509,0.000179036025656,0.000262642133748,0.0000112784928206,0.0000247736898018,0.0000129907421069,0.00000686179464537,0.00000830163207866,0.0000034069009871,2.88981482299e-7,3.32029514993e-7],"median":[0.0000218182176468,0.000141136464663,0.000614376505837,0.000715677102562,0.000888040580321,0.000606090063229,0.000168825994479,0.000140873511555,0.0000616934994468,0.0000235617553699,0.0000112807238111,0.0000169724698935,0.0000105507278931,0.00000891252693691,0.0000069383927439,0.00000866455957294,0.0000103911770566,0.0000150362238855,0.00000739377264836,0.00000200879503609,0.00000256557814282,0.0000024233095246,0.00000146931267864,0.0000013115756019,5.66714561501e-7,1.51751777366e-7,3.15794892458e-7],"min":[1.59231549067e-25,3.66820833687e-24,1.63047293917e-24,9.40318254719e-25,9.12541673385e-24,6.87449049323e-24,6.91798355037e-24,7.86781310103e-24,1.85610041093e-23,2.08058245665e-23,9.82172611109e-24,2.03808273316e-23,2.14509502817e-23,2.68401213977e-23,5.14275147965e-23,5.56767045961e-23,4.92587499969e-23,1.03019074796e-22,1.3381260733e-22,1.76342244432e-22,2.57409730995e-22,2.85550633538e-22,3.70944283792e-22,5.68918608858e-22,9.0799924821e-22,1.29390283388e-21,1.99771993919e-21],"var":[1.17090698248e-10,5.9667070218e-7,0.0000400829485443,0.00000492120943818,0.00000377824267161,0.00000989928048512,0.0000089196528279,0.0000450984443887,0.0000246970448643,0.00000119022570289,0.00000242126270678,0.00000307589493787,6.25155280431e-7,5.65469804314e-7,2.50546719371e-7,6.8089200056e-8,1.33367720423e-7,1.36123901484e-7,5.02361672261e-7,1.11766895738e-9,4.43163017394e-9,8.7956797401e-10,2.96856816906e-10,6.91102453043e-10,1.30921509744e-10,1.02816826233e-11,4.24180628773e-13]},"barkbands_crest":{"dmean":2.07905483246,"dmean2":3.27490329742,"dvar":3.61260104179,"dvar2":8.90203475952,"max":26.9628810883,"mean":11.0900726318,"median":10.226940155,"min":3.55628371239,"var":17.5164375305},"barkbands_flatness_db":{"dmean":0.022220376879,"dmean2":0.0320281200111,"dvar":0.000509191770107,"dvar2":0.000991165754385,"max":0.621377050877,"mean":0.202569022775,"median":0.196248561144,"min":0.0530649572611,"var":0.00436689797789},"barkbands_kurtosis":{"dmean":10.145116806,"dmean2":14.2607049942,"dvar":7207.61279297,"dvar2":11870.9941406,"max":8567.5,"mean":34.6245651245,"median":7.4759759903,"min":-1.7887403965,"var":98368.5859375},"barkbands_skewness":{"dmean":0.608095884323,"dmean2":0.921802341938,"dvar":0.942883610725,"dvar2":1.87468016148,"max":89.4209136963,"mean":2.66825985909,"median":2.17922258377,"min":-2.13777089119,"var":21.6382369995},"barkbands_spread":{"dmean":2.99308824539,"dmean2":4.65077209473,"dvar":26.0024318695,"dvar2":59.0868606567,"max":83.6358184814,"mean":10.2412261963,"median":7.67509746552,"min":0.0632579401135,"var":82.3753509521},"dissonance":{"dmean":0.0279603395611,"dmean2":0.0449225828052,"dvar":0.000703692669049,"dvar2":0.00179693161044,"max":0.5,"mean":0.415946424007,"median":0.42525652051,"min":0.151613995433,"var":0.00287337205373},"dynamic_complexity":5.73841762543,"erbbands":{"dmean":[0.0017754934961,0.0811709016562,0.999169707298,2.18237662315,3.457675457,1.99585044384,3.08134746552,7.60325717926,6.37569713593,12.3427295685,18.5490779877,10.8742055893,6.28086280823,4.16666603088,4.5222864151,5.50117254257,4.34365320206,3.92517471313,3.27674674988,2.10242795944,2.06716680527,2.9620206356,2.82089734077,5.23986673355,2.26008915901,0.298310935497,0.286257296801,0.390873789787,0.237240791321,0.144685104489,0.124571353197,0.129233762622,0.136247262359,0.0601793192327,0.00786578003317,0.00139053480234,0.000325608969433,0.000102801750472,0.0000123351837829,0.00000470424765808],"dmean2":[0.00283780111931,0.125864833593,1.45456457138,3.45620846748,5.26801967621,3.07292747498,4.4813876152,11.2591533661,9.05952644348,16.762676239,26.7275829315,14.2392511368,8.94010353088,5.7407913208,5.91479301453,7.16293716431,5.60280227661,5.24024343491,4.30935525894,2.78383207321,2.85345387459,4.01070165634,3.96579647064,7.0918006897,2.96387457848,0.42335575819,0.422580242157,0.572048187256,0.353614360094,0.214791417122,0.185812845826,0.2005982548,0.226078704,0.099192507565,0.0128507604823,0.00243591028266,0.000590960960835,0.000181660841918,0.0000210590424103,0.00000669595601721],"dvar":[0.0000155250381795,0.0299919731915,7.00584316254,16.5442409515,34.6384620667,15.1959352493,40.6415328979,342.765625,281.063964844,1197.6138916,4897.00341797,2286.91943359,616.180603027,355.847381592,392.282043457,666.952758789,226.577270508,217.426834106,142.168762207,46.8558692932,29.3323574066,55.0621757507,39.6814155579,209.747299194,45.4235229492,0.774065315723,0.783852756023,2.31040644646,0.51664352417,0.165810361505,0.153485774994,0.18150639534,0.336699873209,0.06245290488,0.00107776233926,0.000406686449423,0.0000613937299931,0.00000317934427585,1.14251035299e-8,6.44891501311e-11],"dvar2":[0.0000354763687938,0.0658243522048,13.9792757034,43.5275344849,80.6466827393,38.0932884216,82.8936080933,764.40057373,550.668884277,2112.71655273,11151.1445312,3772.63671875,1518.72583008,670.860839844,686.97833252,1192.69812012,406.667175293,365.475006104,264.856140137,81.6327819824,50.2215919495,99.3663711548,75.9839782715,364.031585693,79.4796600342,1.80122923851,1.90944480896,6.12969779968,1.27598583698,0.371490120888,0.332379460335,0.448797225952,0.93945556879,0.172958478332,0.00290079182014,0.00121060141828,0.000182165531442,0.00000914233351068,3.11331795899e-8,1.43042189205e-10],"max":[0.0809770151973,2.59362363815,62.9370079041,67.2584609985,103.815559387,79.5494384766,193.252059937,578.135437012,755.481994629,1301.01013184,2235.09472656,2008.10559082,828.273376465,648.342346191,1012.69055176,1264.2935791,582.887268066,619.152648926,584.840698242,273.065582275,212.078933716,239.507476807,175.251525879,492.34552002,222.838119507,27.6783599854,26.6661968231,63.59790802,21.2073287964,11.5717248917,12.9301891327,9.35839366913,15.5053701401,6.24464273453,1.06374335289,1.02567374706,0.403721630573,0.0906485617161,0.00584802124649,0.000253143633017],"mean":[0.00401821034029,0.175960421562,2.24890971184,4.30337333679,6.35328054428,4.23440408707,7.23511600494,18.093252182,14.8092699051,28.9629211426,44.2062721252,30.1824874878,17.8538455963,9.88850879669,11.038482666,13.2376365662,11.1127824783,9.80025005341,9.2687330246,5.27210378647,5.57625722885,8.97663116455,8.59804821014,15.6329679489,7.46602153778,0.744367718697,0.731605470181,1.09160900116,0.513914108276,0.2542283535,0.18744648993,0.166982412338,0.138474449515,0.0650588721037,0.0096350191161,0.00167260575108,0.000479865440866,0.000183001218829,0.0000514945713803,0.0000221592181333],"median":[0.0015311257448,0.0649626255035,0.611285209656,2.00640892982,2.7301530838,2.07548952103,2.32332706451,5.11829042435,3.72053766251,4.95274353027,3.36144566536,1.5145175457,0.887768507004,0.736070513725,0.655363321304,0.562224388123,0.452239871025,0.539511203766,0.483294606209,0.385558128357,0.579363226891,0.65876865387,0.769506335258,0.705268263817,0.247473284602,0.114837288857,0.0951157510281,0.119113460183,0.0904905721545,0.0555915907025,0.0378314629197,0.0269993562251,0.0211996808648,0.0105461589992,0.00206659827381,0.000603249762207,0.000292722776067,0.00012992345728,0.0000464088880108,0.0000140243528222],"min":[9.19057159591e-23,4.36978605856e-22,2.25327936853e-21,4.19063026913e-21,2.18320541725e-20,2.93939212282e-20,4.24291406152e-20,5.91447708907e-20,6.60145898885e-20,2.14449365539e-19,2.05574467199e-19,3.46427919278e-19,3.31355060005e-19,6.15824075324e-19,8.38804051123e-19,1.08333383964e-18,1.49624926993e-18,1.26001155347e-18,2.18082859777e-18,2.6988368079e-18,3.71564319921e-18,4.07857779195e-18,5.40474931877e-18,4.53575720779e-18,8.21330212235e-18,8.1858786035e-18,8.98997674106e-18,1.06480404266e-17,9.0584706045e-18,1.11991048419e-17,1.09185996244e-17,9.96608460546e-18,8.8530775225e-18,8.34328693816e-18,6.39987034313e-18,4.29550549401e-18,2.19526682857e-18,8.78248985813e-19,2.18069366393e-19,2.71402676493e-20],"var":[0.000044211086788,0.0875702872872,29.5626068115,43.4848213196,84.0158004761,36.8028717041,179.520584106,1272.18676758,1112.72851562,5836.21044922,24460.5097656,16436.2734375,4352.95703125,1292.62084961,2173.6953125,4394.25,1523.24389648,1125.42687988,1588.03088379,272.287322998,207.880020142,458.711120605,291.274383545,1438.99414062,477.258300781,3.51557087898,3.50693750381,8.4186706543,1.48822414875,0.325699329376,0.258994609118,0.230054721236,0.251329690218,0.0500709228218,0.000963859376498,0.000212023165659,0.000031856692658,0.00000180986944542,7.71656427645e-9,4.80142481329e-10]},"erbbands_crest":{"dmean":2.32912421227,"dmean2":3.64529180527,"dvar":4.75466156006,"dvar2":11.7257270813,"max":26.7877941132,"mean":10.3534116745,"median":9.79007720947,"min":2.51417851448,"var":16.3247299194},"erbbands_flatness_db":{"dmean":0.0168178286403,"dmean2":0.02372206375,"dvar":0.000298324099276,"dvar2":0.000561040360481,"max":0.38410833478,"mean":0.196687042713,"median":0.200521484017,"min":0.0307785570621,"var":0.00289294775575},"erbbands_kurtosis":{"dmean":1.41545963287,"dmean2":2.2080218792,"dvar":5.12952947617,"dvar2":12.7800121307,"max":59.5102081299,"mean":2.09338283539,"median":0.753461480141,"min":-1.75985980034,"var":17.1861400604},"erbbands_skewness":{"dmean":0.375799000263,"dmean2":0.579235494137,"dvar":0.150787234306,"dvar2":0.355010330677,"max":5.63967609406,"mean":1.04630768299,"median":1.02077913284,"min":-1.73140251637,"var":0.822815239429},"erbbands_spread":{"dmean":6.90176534653,"dmean2":10.4310722351,"dvar":98.8765563965,"dvar2":227.97265625,"max":181.220932007,"mean":31.6846504211,"median":28.2801895142,"min":2.11675477028,"var":376.989318848},"gfcc":{"cov":[[34757.109375,3843.15063477,-5158.30078125,705.276794434,-2202.28051758,-830.454711914,-1195.61499023,127.887535095,-450.335205078,-934.730957031,-112.613876343,-640.38092041,-707.22857666],[3843.15063477,1330.78881836,-107.939819336,-341.060668945,-30.3609714508,-192.401321411,-53.3055992126,-51.4113006592,-17.5725784302,-82.7111434937,-24.7458763123,8.89218330383,-108.360801697],[-5158.30078125,-107.939819336,1809.13427734,-105.066215515,415.413085938,301.115081787,133.234161377,-119.104598999,40.8336410522,201.436004639,-25.9045181274,160.815628052,182.318450928],[705.276794434,-341.060668945,-105.066215515,532.642089844,-16.1350021362,22.9517745972,-106.078781128,18.0129528046,14.0841903687,-43.0565910339,-26.431022644,-20.1032581329,55.1871757507],[-2202.28051758,-30.3609714508,415.413085938,-16.1350021362,462.330322266,62.7791175842,29.2154941559,-45.2763671875,66.8043670654,106.358512878,-40.608505249,25.7240619659,48.7277297974],[-830.454711914,-192.401321411,301.115081787,22.9517745972,62.7791175842,298.310821533,69.3418960571,-19.0095825195,-15.5372657776,59.4528160095,13.5979194641,-32.4974555969,20.6169509888],[-1195.61499023,-53.3055992126,133.234161377,-106.078781128,29.2154941559,69.3418960571,345.874420166,92.8240966797,-31.451883316,-29.2647895813,-3.2136900425,33.0270309448,-21.2024364471],[127.887535095,-51.4113006592,-119.104598999,18.0129528046,-45.2763671875,-19.0095825195,92.8240966797,179.486602783,1.72734332085,-66.7617874146,36.557800293,6.10867643356,-32.8540916443],[-450.335205078,-17.5725784302,40.8336410522,14.0841903687,66.8043670654,-15.5372657776,-31.451883316,1.72734332085,105.010147095,50.3742103577,-10.5054388046,-2.8725965023,14.1110630035],[-934.730957031,-82.7111434937,201.436004639,-43.0565910339,106.358512878,59.4528160095,-29.2647895813,-66.7617874146,50.3742103577,170.163879395,-10.4472198486,-27.0324802399,43.0923423767],[-112.613876343,-24.7458763123,-25.9045181274,-26.431022644,-40.608505249,13.5979194641,-3.2136900425,36.557800293,-10.5054388046,-10.4472198486,117.979415894,42.5478782654,-24.5096607208],[-640.38092041,8.89218330383,160.815628052,-20.1032581329,25.7240619659,-32.4974555969,33.0270309448,6.10867643356,-2.8725965023,-27.0324802399,42.5478782654,131.679428101,22.9626026154],[-707.22857666,-108.360801697,182.318450928,55.1871757507,48.7277297974,20.6169509888,-21.2024364471,-32.8540916443,14.1110630035,43.0923423767,-24.5096607208,22.9626026154,100.220535278]],"icov":[[0.000980280572549,-0.00355437304825,0.002061893465,-0.00269433832727,0.00262879743241,-0.00240919343196,0.00218862388283,-0.00168019346893,0.00264986790717,-0.00154134328477,0.00234769331291,-0.000685473263729,0.000957750366069],[-0.00355437304825,0.0140722477809,-0.00764809316024,0.0105168949813,-0.00959929265082,0.00932702049613,-0.00757471472025,0.00652569904923,-0.00971927493811,0.00645234342664,-0.00813515484333,0.00265507819131,-0.00246344204061],[0.002061893465,-0.00764809316024,0.00560116348788,-0.00549150118604,0.00500616198406,-0.006309942808,0.00448471307755,-0.00353200221434,0.00568500114605,-0.00401052739471,0.0055178576149,-0.00325098820031,0.000788601813838],[-0.00269433832727,0.0105168949813,-0.00549150118604,0.0104311015457,-0.00741871399805,0.00610691076145,-0.00479358481243,0.0041787927039,-0.0078293075785,0.00610033376142,-0.00566829415038,0.00207375595346,-0.00407155696303],[0.00262879743241,-0.00959929265082,0.00500616198406,-0.00741871399805,0.0102551355958,-0.00655747717246,0.00563197070733,-0.00448597362265,0.00582336401567,-0.00540695665404,0.00737052643672,-0.00254957191646,0.00312519725412],[-0.00240919343196,0.00932702049613,-0.006309942808,0.00610691076145,-0.00655747717246,0.0119814258069,-0.00678344117478,0.00528510473669,-0.00548058236018,0.00362875801511,-0.00843523349613,0.00567409489304,-0.00193094369024],[0.00218862388283,-0.00757471472025,0.00448471307755,-0.00479358481243,0.00563197070733,-0.00678344117478,0.00984415132552,-0.00689667603001,0.00740710040554,-0.00351991737261,0.0079460805282,-0.00371231976897,0.00347902718931],[-0.00168019346893,0.00652569904923,-0.00353200221434,0.0041787927039,-0.00448597362265,0.00528510473669,-0.00689667603001,0.0126659888774,-0.00763963768259,0.00666539510712,-0.00809621345252,0.00374502735212,-0.00151805963833],[0.00264986790717,-0.00971927493811,0.00568500114605,-0.0078293075785,0.00582336401567,-0.00548058236018,0.00740710040554,-0.00763963768259,0.0206635184586,-0.00930429343134,0.00806196779013,-0.00323220808059,0.0033220234327],[-0.00154134328477,0.00645234342664,-0.00401052739471,0.00610033376142,-0.00540695665404,0.00362875801511,-0.00351991737261,0.00666539510712,-0.00930429343134,0.015679044649,-0.00700429733843,0.00662704044953,-0.00530389137566],[0.00234769331291,-0.00813515484333,0.0055178576149,-0.00566829415038,0.00737052643672,-0.00843523349613,0.0079460805282,-0.00809621345252,0.00806196779013,-0.00700429733843,0.0203180778772,-0.00984790176153,0.00713493861258],[-0.000685473263729,0.00265507819131,-0.00325098820031,0.00207375595346,-0.00254957191646,0.00567409489304,-0.00371231976897,0.00374502735212,-0.00323220808059,0.00662704044953,-0.00984790176153,0.016410138458,-0.00524224853143],[0.000957750366069,-0.00246344204061,0.000788601813838,-0.00407155696303,0.00312519725412,-0.00193094369024,0.00347902718931,-0.00151805963833,0.0033220234327,-0.00530389137566,0.00713493861258,-0.00524224853143,0.0187553893775]],"mean":[-141.966674805,125.89012146,-92.2672958374,20.1855983734,-53.6573410034,-10.6269521713,-38.7516365051,-1.78515195847,-16.7589530945,-13.2389240265,-11.1826381683,-10.9412298203,-17.1085834503]},"hfc":{"dmean":1.86099493504,"dmean2":2.34554433823,"dvar":13.1937379837,"dvar2":20.9542808533,"max":109.209243774,"mean":8.31974506378,"median":2.68226671219,"min":1.07108666139e-16,"var":202.849380493},"melbands":{"dmean":[0.0000371770256606,0.000383594306186,0.000432544591604,0.000174771834281,0.000104155900772,0.000157979593496,0.00010078753985,0.000156667199917,0.000136769900564,0.0000704543417669,0.0000313021373586,0.0000167908419826,0.0000165787223523,0.0000115673219625,0.0000179155122169,0.00000934071977099,0.00000772368002799,0.00000628821817372,0.00000339256916959,0.00000270738792096,0.00000253348775914,0.00000328065243593,0.00000268487497124,0.0000033499611618,0.00000480940616399,0.00000286738077193,4.71495354759e-7,1.42792970337e-7,1.68731915551e-7,2.13151935213e-7,2.5323419095e-7,1.55177630745e-7,9.45954781173e-8,7.85636231626e-8,7.05308309534e-8,8.11733826822e-8,7.91688847812e-8,9.5711321535e-8,9.15331952456e-8,3.84435168144e-8],"dmean2":[0.0000599595550739,0.000564120593481,0.000675043149386,0.00026407346013,0.000154636916704,0.000233702361584,0.000142122400575,0.000214793384657,0.000196954497369,0.0000911719398573,0.0000449227009085,0.000023183913072,0.0000216869811993,0.0000153126275109,0.000023507491278,0.0000120032927953,0.000010562159332,0.0000083446593635,0.00000457603891846,0.00000387582804251,0.00000348843855136,0.00000445610567112,0.00000387775617128,0.00000469323958896,0.00000659190618535,0.00000389121305489,6.55432927488e-7,2.1619234758e-7,2.54786584719e-7,3.12338471531e-7,3.73366702888e-7,2.32368805086e-7,1.46272057577e-7,1.16570895159e-7,1.05358068936e-7,1.25683243368e-7,1.24209066144e-7,1.60055421361e-7,1.54229468308e-7,6.29213658954e-8],"dvar":[6.90554324834e-9,9.79710648608e-7,5.17777493769e-7,8.34369728864e-8,3.84527858444e-8,1.40786255542e-7,6.47516884555e-8,1.77023480319e-7,2.80865464219e-7,1.03472160617e-7,1.53557770943e-8,5.88648063626e-9,8.17511836004e-9,1.91610238787e-9,7.79128050965e-9,1.11324482965e-9,9.43114697449e-10,5.85493376004e-10,1.23917404116e-10,7.35833408094e-11,4.45968609264e-11,7.38235444997e-11,3.83451846664e-11,6.37109254242e-11,1.87449680777e-10,7.78926298461e-11,2.08418460441e-12,2.87070036796e-13,3.19645053698e-13,4.32183341849e-13,1.05285409297e-12,2.14311383852e-13,9.18953362841e-14,4.74427626091e-14,4.7440136807e-14,8.95917183757e-14,7.11093103888e-14,1.73595147046e-13,1.67569083609e-13,2.51058651272e-14],"dvar2":[1.61886291039e-8,0.00000201327293325,0.00000131778278956,1.9562862974e-7,8.37971825263e-8,3.16586351801e-7,1.24191345208e-7,3.2510271808e-7,6.35530284399e-7,1.69797857552e-7,3.74328550379e-8,1.11420614957e-8,1.3883483696e-8,3.14508308286e-9,1.54605057645e-8,1.79240444709e-9,1.65622959791e-9,1.10018893995e-9,1.98585842215e-10,1.39345077144e-10,7.2756883851e-11,1.33918973133e-10,8.1188111789e-11,1.15574896875e-10,3.39337224986e-10,1.40834954809e-10,3.9639090621e-12,7.56123841924e-13,8.08402661218e-13,1.01299242432e-12,2.81520683501e-12,5.21882396239e-13,2.29971478059e-13,1.02345202083e-13,9.89513307989e-14,2.25912713016e-13,1.79443035409e-13,4.85544601487e-13,4.712180624e-13,6.87416974472e-14],"max":[0.00152568123303,0.0230842120945,0.0106952777132,0.00482970057055,0.00542625132948,0.0114129846916,0.00973793398589,0.0125868655741,0.0187582988292,0.0132925529033,0.00394159229472,0.00271854759194,0.00508350366727,0.00181795679964,0.00452380767092,0.0014368169941,0.0012730602175,0.00102757883724,0.00046772704809,0.000315209006658,0.000231354759308,0.000295590376481,0.000228865043027,0.000256844301475,0.000473845982924,0.000300634274026,0.0000722767654224,0.0000214763404074,0.0000184655982594,0.0000223451515922,0.000043699707021,0.0000144304331116,0.00000744444014344,0.00000668955317451,0.00000774529689807,0.00000881578489498,0.00000657342889099,0.0000128991150632,0.0000111995077532,0.00000378693766834],"mean":[0.0000761506162235,0.000861143227667,0.000877464946825,0.00035366875818,0.000244493974606,0.000380863319151,0.000230028686929,0.000370730558643,0.000318755861372,0.000194402367924,0.0000843657617224,0.000036737688788,0.0000395965616917,0.0000270705259027,0.0000415688737121,0.0000197323224711,0.0000176197554538,0.0000164215161931,0.00000775156786403,0.00000630770182397,0.00000634471416561,0.00000932421244215,0.00000768872268964,0.00000881911000761,0.0000135307536766,0.00000886908492248,0.00000124043981486,2.53493084301e-7,3.73273906007e-7,5.80844471187e-7,6.69040389312e-7,3.26233106307e-7,1.53940831638e-7,1.32551221554e-7,1.05141090501e-7,1.07973257002e-7,9.64821538219e-8,9.40751974099e-8,9.2778321914e-8,4.21799839501e-8],"median":[0.0000243257072725,0.000253243080806,0.00046007410856,0.000189940532437,0.0000853824240039,0.000120558164781,0.0000548262214579,0.0000479480149806,0.0000247606258199,0.00000813424412627,0.00000416291231886,0.00000287865850623,0.00000191658273252,0.0000018431026092,8.85414976892e-7,0.00000111558824756,9.12001382858e-7,7.8132291037e-7,5.2023290209e-7,5.70784663978e-7,5.67418396713e-7,6.0335054286e-7,6.15466660747e-7,6.91125478625e-7,5.27431723185e-7,1.9519285388e-7,7.68584271782e-8,5.64251720903e-8,5.3788308918e-8,5.55521992851e-8,7.01122289115e-8,4.98861361109e-8,2.91553234888e-8,2.71448996614e-8,1.9550476793e-8,1.87480111435e-8,1.30643265095e-8,1.2574371766e-8,1.34149926723e-8,6.69088340288e-9],"min":[1.17702267465e-24,7.41369161448e-25,1.36989798268e-24,2.34684975455e-24,1.57713410907e-24,1.57033383224e-24,9.86439993619e-25,1.72131894988e-24,1.18202346114e-24,2.813598439e-24,1.13789793476e-24,2.39282752633e-24,1.87374265399e-24,1.73142682187e-24,2.76981606711e-24,1.66764051515e-24,2.12200664719e-24,2.69788122167e-24,3.74408255646e-24,3.09288990933e-24,3.688482851e-24,3.46595938913e-24,4.66965345099e-24,4.39964135149e-24,3.19652217202e-24,4.17508893937e-24,4.27977157035e-24,4.75459996541e-24,5.1051271532e-24,4.97291998195e-24,4.6254176813e-24,4.47385699102e-24,5.35467501753e-24,5.89194806412e-24,5.17163838271e-24,6.19696902174e-24,5.57344507921e-24,4.9020743562e-24,5.29654543515e-24,6.28768526482e-24],"var":[1.66763189924e-8,0.00000394793460146,0.00000137932647704,2.0370126208e-7,1.66346822539e-7,5.31373984813e-7,2.8219093906e-7,8.709534427e-7,0.00000139679616495,7.84843905421e-7,1.01488566884e-7,1.86579516281e-8,4.28146620379e-8,1.18317560194e-8,5.15156486358e-8,4.65208671585e-9,4.25326884823e-9,5.74807001996e-9,6.68183564034e-10,3.7500233474e-10,2.80340528569e-10,5.79191250516e-10,3.18763959672e-10,3.54102108746e-10,1.15518972166e-9,6.92764512422e-10,1.95001723102e-11,4.7695219085e-13,8.60975299301e-13,3.14858360738e-12,3.06602855084e-12,6.80206487923e-13,1.4055526491e-13,9.91250403157e-14,8.65322082651e-14,1.03592610564e-13,8.4747116822e-14,1.27260967606e-13,1.22138478259e-13,2.11290860974e-14]},"melbands_crest":{"dmean":2.87394356728,"dmean2":4.56115722656,"dvar":6.86627435684,"dvar2":17.4471626282,"max":39.9754943848,"mean":15.384144783,"median":14.7448158264,"min":1.61024963856,"var":30.982843399},"melbands_flatness_db":{"dmean":0.028136273846,"dmean2":0.0398772545159,"dvar":0.000871852913406,"dvar2":0.00164791184943,"max":0.608029484749,"mean":0.293879508972,"median":0.290075719357,"min":0.00300022750162,"var":0.00821250770241},"melbands_kurtosis":{"dmean":17.2635269165,"dmean2":24.5315341949,"dvar":23105.5917969,"dvar2":37261.875,"max":15677.7861328,"mean":60.4726829529,"median":13.1517486572,"min":-1.36051702499,"var":329304.875},"melbands_skewness":{"dmean":0.748972535133,"dmean2":1.12919652462,"dvar":1.79605042934,"dvar2":3.70958900452,"max":117.864952087,"mean":3.39171600342,"median":2.72181606293,"min":-0.394687414169,"var":35.8244171143},"melbands_spread":{"dmean":3.13243079185,"dmean2":4.88325595856,"dvar":30.6575222015,"dvar2":68.368522644,"max":159.800689697,"mean":12.5824651718,"median":7.50547838211,"min":0.0539574213326,"var":375.230651855},"mfcc":{"cov":[[12577.8701172,920.592529297,-1885.25976562,341.798583984,-525.19152832,-966.984924316,-425.673126221,254.067169189,-399.901885986,-332.723388672,412.592651367,-60.7741355896,-466.036102295],[920.592529297,2111.18139648,212.47807312,-37.9715423584,34.4993743896,-18.5862770081,-37.0722312927,26.0092639923,-46.0698280334,-76.469291687,65.3161773682,3.05076599121,-41.8037643433],[-1885.25976562,212.47807312,1049.07702637,0.924386918545,156.127716064,247.189300537,122.079238892,-42.3396835327,54.236164093,52.4921989441,-147.632354736,17.3720722198,120.769828796],[341.798583984,-37.9715423584,0.924386918545,372.142303467,107.493530273,-20.2756977081,-66.1745758057,20.3221206665,54.0948066711,-39.2534942627,-49.4780426025,-24.6834774017,3.2696158886],[-525.19152832,34.4993743896,156.127716064,107.493530273,418.359130859,147.431182861,-62.4936714172,-116.82875061,24.9316959381,45.594203949,-64.0609512329,10.5098075867,48.9162254333],[-966.984924316,-18.5862770081,247.189300537,-20.2756977081,147.431182861,320.721069336,65.2851333618,-110.515487671,70.6260299683,78.1333847046,-61.830368042,0.601246833801,44.0486679077],[-425.673126221,-37.0722312927,122.079238892,-66.1745758057,-62.4936714172,65.2851333618,239.538330078,93.8799209595,24.5575408936,29.8111515045,21.5214538574,12.1775217056,-5.3531961441],[254.067169189,26.0092639923,-42.3396835327,20.3221206665,-116.82875061,-110.515487671,93.8799209595,278.415893555,-18.1424655914,-51.6298065186,61.3436965942,-6.27498292923,-30.2469463348],[-399.901885986,-46.0698280334,54.236164093,54.0948066711,24.9316959381,70.6260299683,24.5575408936,-18.1424655914,152.409011841,52.5914115906,-22.7561283112,-18.8699226379,-1.31938683987],[-332.723388672,-76.469291687,52.4921989441,-39.2534942627,45.594203949,78.1333847046,29.8111515045,-51.6298065186,52.5914115906,179.248184204,16.6146068573,-24.5503616333,-6.76831436157],[412.592651367,65.3161773682,-147.632354736,-49.4780426025,-64.0609512329,-61.830368042,21.5214538574,61.3436965942,-22.7561283112,16.6146068573,143.932449341,20.7393016815,-52.8724021912],[-60.7741355896,3.05076599121,17.3720722198,-24.6834774017,10.5098075867,0.601246833801,12.1775217056,-6.27498292923,-18.8699226379,-24.5503616333,20.7393016815,91.8826446533,23.8551502228],[-466.036102295,-41.8037643433,120.769828796,3.2696158886,48.9162254333,44.0486679077,-5.3531961441,-30.2469463348,-1.31938683987,-6.76831436157,-52.8724021912,23.8551502228,114.57359314]],"icov":[[0.000160088311532,-0.0000772496277932,0.000184603122761,-0.000226063362788,0.0000994652873487,0.00016046759265,0.0000556066152058,0.0000617142068222,0.000311413401505,-5.50309039227e-7,-0.000063289393438,-0.00000927048677113,0.000325858592987],[-0.0000772496277932,0.000578004866838,-0.000332176598022,0.000212036218727,-0.000156565773068,-0.0000696184433764,0.000159739254741,-0.00000577660284762,-0.000141762036947,0.000409552274505,-0.000498238718137,0.000216223779717,0.0000879322105902],[0.000184603122761,-0.000332176598022,0.0017735841684,-0.000269325944828,-0.0000340672850143,-0.00046362678404,-0.000572360237129,-0.000272217614111,0.000440022733528,-0.000482453237055,0.0013625487918,-0.000442058837507,-0.000440561590949],[-0.000226063362788,0.000212036218727,-0.000269325944828,0.00415515387431,-0.00139578059316,0.000335885211825,0.000848516589031,-0.00104586430825,-0.00225377082825,0.00108242745046,0.00093447859399,0.000627643195912,-0.000107981024485],[0.0000994652873487,-0.000156565773068,-0.0000340672850143,-0.00139578059316,0.0038517578505,-0.00146764854435,0.00105110218283,0.000460848357761,0.000933456700295,-0.00100003415719,0.000331172079314,-0.000938189681619,-0.000186417921213],[0.00016046759265,-0.0000696184433764,-0.00046362678404,0.000335885211825,-0.00146764854435,0.0063747568056,-0.0022037900053,0.00212144432589,-0.00135923712514,-0.000549968855921,0.000453181070043,0.000366790074622,-0.000176090470632],[0.0000556066152058,0.000159739254741,-0.000572360237129,0.000848516589031,0.00105110218283,-0.0022037900053,0.00721622304991,-0.00318075832911,-0.000475862500025,-0.000910371192731,-0.000143924175063,-0.00146397261415,0.000938660872635],[0.0000617142068222,-0.00000577660284762,-0.000272217614111,-0.00104586430825,0.000460848357761,0.00212144432589,-0.00318075832911,0.00659693870693,0.0000755037908675,0.00180140277371,-0.00260287313722,0.00178417551797,-0.000319050624967],[0.000311413401505,-0.000141762036947,0.000440022733528,-0.00225377082825,0.000933456700295,-0.00135923712514,-0.000475862500025,0.0000755037908675,0.009576885961,-0.00246435613371,0.00095551769482,0.000249923032243,0.00129081774503],[-5.50309039227e-7,0.000409552274505,-0.000482453237055,0.00108242745046,-0.00100003415719,-0.000549968855921,-0.000910371192731,0.00180140277371,-0.00246435613371,0.00881481543183,-0.00358978332952,0.00343676889315,-0.000183526004548],[-0.000063289393438,-0.000498238718137,0.0013625487918,0.00093447859399,0.000331172079314,0.000453181070043,-0.000143924175063,-0.00260287313722,0.00095551769482,-0.00358978332952,0.0133514450863,-0.00507374759763,0.00410502310842],[-0.00000927048677113,0.000216223779717,-0.000442058837507,0.000627643195912,-0.000938189681619,0.000366790074622,-0.00146397261415,0.00178417551797,0.000249923032243,0.00343676889315,-0.00507374759763,0.0147085264325,-0.00404653139412],[0.000325858592987,0.0000879322105902,-0.000440561590949,-0.000107981024485,-0.000186417921213,-0.000176090470632,0.000938660872635,-0.000319050624967,0.00129081774503,-0.000183526004548,0.00410502310842,-0.00404653139412,0.0134008303285]],"mean":[-774.545959473,158.857757568,14.8491020203,26.2182540894,6.12019062042,-8.6332321167,-9.9916601181,0.877847611904,-7.0801692009,-6.96168518066,4.20404672623,-2.37406849861,-9.80576992035]},"pitch_salience":{"dmean":0.0667075738311,"dmean2":0.105367608368,"dvar":0.00375472591259,"dvar2":0.00936910044402,"max":0.973057925701,"mean":0.58191126585,"median":0.602332353592,"min":0.0055905203335,"var":0.0194184929132},"silence_rate_20dB":{"dmean":0,"dmean2":0,"dvar":0,"dvar2":0,"max":1,"mean":1,"median":1,"min":1,"var":0},"silence_rate_30dB":{"dmean":0.00152817578055,"dmean2":0.00305693550035,"dvar":0.00152587157208,"dvar2":0.003811923787,"max":1,"mean":0.997708201408,"median":1,"min":0,"var":0.00228682812303},"silence_rate_60dB":{"dmean":0.0664756447077,"dmean2":0.132976695895,"dvar":0.0620597414672,"dvar2":0.129431828856,"max":1,"mean":0.286669224501,"median":0,"min":0,"var":0.204483106732},"spectral_centroid":{"dmean":153.549865723,"dmean2":232.332107544,"dvar":68031.015625,"dvar2":135246.65625,"max":11616.3828125,"mean":943.359802246,"median":555.324707031,"min":137.332550049,"var":2329151.25},"spectral_complexity":{"dmean":1.51289403439,"dmean2":2.28735184669,"dvar":3.3528149128,"dvar2":6.41812419891,"max":39,"mean":8.59835720062,"median":6,"min":0,"var":40.7662086487},"spectral_contrast_coeffs":{"dmean":[0.0468036308885,0.0424985736609,0.0335707403719,0.0299332253635,0.0263868533075,0.0190014801919],"dmean2":[0.0769455581903,0.0670845210552,0.0521730519831,0.0461906455457,0.0388334132731,0.0276445467025],"dvar":[0.00141497945879,0.00155244348571,0.000894947559573,0.000713621848263,0.000581791915465,0.00032944031409],"dvar2":[0.00376609130763,0.00358556653373,0.00197966699488,0.00156643753871,0.00118558504619,0.000652926042676],"max":[-0.334506303072,-0.381185203791,-0.389911681414,-0.490462243557,-0.541217565536,-0.60736811161],"mean":[-0.590284824371,-0.680692791939,-0.757383167744,-0.779859900475,-0.764862895012,-0.797343015671],"median":[-0.585098922253,-0.684636473656,-0.772749722004,-0.791265130043,-0.783708333969,-0.804467916489],"min":[-0.979471802711,-0.972579240799,-0.981270730495,-0.971117973328,-0.969272971153,-0.963708519936],"var":[0.0109681962058,0.0116820000112,0.00878281146288,0.00566978612915,0.0081160645932,0.00387040199712]},"spectral_contrast_valleys":{"dmean":[0.429485321045,0.372604459524,0.354413568974,0.383905291557,0.381363987923,0.402898401022],"dmean2":[0.711714923382,0.589884221554,0.538348138332,0.573443233967,0.531057357788,0.539442777634],"dvar":[0.150119721889,0.140444606543,0.128926932812,0.171296343207,0.158473059535,0.205607652664],"dvar2":[0.328089118004,0.284254819155,0.242031395435,0.335521131754,0.267329752445,0.357774913311],"max":[-6.11502838135,-5.42012166977,-5.83567762375,-6.18377113342,-6.59208154678,-8.67508983612],"mean":[-8.61267185211,-7.98903179169,-9.14768600464,-9.61731338501,-9.73439502716,-12.0416507721],"median":[-8.09123039246,-7.45273303986,-8.71342372894,-9.22997188568,-9.28634166718,-11.7380809784],"min":[-28.5047798157,-28.0182132721,-27.7298469543,-27.661857605,-27.646478653,-27.4062976837],"var":[8.49565029144,9.11655521393,8.16730880737,7.96195650101,7.82186508179,5.90955924988]},"spectral_decrease":{"dmean":9.63217949845e-10,"dmean2":1.34872468749e-9,"dvar":2.32641962341e-18,"dvar2":4.62791215906e-18,"max":2.46241024894e-28,"mean":-3.68807362428e-9,"median":-1.96062566182e-9,"min":-3.19667634585e-8,"var":2.05032712494e-17},"spectral_energy":{"dmean":0.00377936917357,"dmean2":0.00526368478313,"dvar":0.0000359225996363,"dvar2":0.0000707009094185,"max":0.130006164312,"mean":0.0146741885692,"median":0.00770068308339,"min":9.76284522389e-21,"var":0.000332006748067},"spectral_energyband_high":{"dmean":0.0000286697031697,"dmean2":0.0000428873354394,"dvar":8.15416090205e-9,"dvar2":2.09724326794e-8,"max":0.00276414863765,"mean":0.0000614449309069,"median":0.0000130433863887,"min":6.85213397322e-21,"var":1.60602979804e-8},"spectral_energyband_low":{"dmean":0.00158851605374,"dmean2":0.00238799559884,"dvar":0.0000141958980748,"dvar2":0.0000320729377563,"max":0.0843053236604,"mean":0.00362454820424,"median":0.0013923922088,"min":1.6417702162e-23,"var":0.0000512645019626},"spectral_energyband_middle_high":{"dmean":0.000543239642866,"dmean2":0.000679276417941,"dvar":0.00000179313326498,"dvar2":0.00000300476153825,"max":0.0503106079996,"mean":0.00205223797821,"median":0.000232585443882,"min":1.25322002744e-21,"var":0.0000216233202082},"spectral_energyband_middle_low":{"dmean":0.00272187474184,"dmean2":0.0039124218747,"dvar":0.0000197914705495,"dvar2":0.0000424746358476,"max":0.106256827712,"mean":0.00961831212044,"median":0.00459112552926,"min":1.60469100842e-22,"var":0.000162822005223},"spectral_entropy":{"dmean":0.237739220262,"dmean2":0.338646411896,"dvar":0.0668593496084,"dvar2":0.12960678339,"max":9.82650184631,"mean":6.79214000702,"median":6.78164577484,"min":4.8185968399,"var":0.553647458553},"spectral_flux":{"dmean":0.0141900591552,"dmean2":0.0225042998791,"dvar":0.00026793134748,"dvar2":0.000665756233502,"max":0.21947465837,"mean":0.0434744656086,"median":0.0345757454634,"min":6.32199223527e-11,"var":0.00113888201304},"spectral_kurtosis":{"dmean":4.20950269699,"dmean2":6.50704669952,"dvar":32.5033531189,"dvar2":70.2125320435,"max":120.632949829,"mean":11.4898347855,"median":7.72187805176,"min":-1.25783550739,"var":164.915161133},"spectral_rms":{"dmean":0.000459266564576,"dmean2":0.00062788464129,"dvar":2.94226822461e-7,"dvar2":5.21892786765e-7,"max":0.0112621169537,"mean":0.00317152775824,"median":0.0027409598697,"min":3.08621574477e-12,"var":0.00000425771168011},"spectral_rolloff":{"dmean":194.03994751,"dmean2":329.421844482,"dvar":354632.71875,"dvar2":779750.625,"max":19552.1484375,"mean":1022.44744873,"median":473.73046875,"min":21.533203125,"var":6933073},"spectral_skewness":{"dmean":0.425492793322,"dmean2":0.637622952461,"dvar":0.217080906034,"dvar2":0.437706917524,"max":9.63094902039,"mean":2.36360216141,"median":2.06137752533,"min":-0.0636849179864,"var":1.56821143627},"spectral_spread":{"dmean":604519.375,"dmean2":910334.75,"dvar":907121393664,"dvar2":1883105001470,"max":42571380,"mean":4265961.5,"median":3164372,"min":862414.0625,"var":28519490912300},"spectral_strongpeak":{"dmean":0.260338872671,"dmean2":0.412975847721,"dvar":0.16182897985,"dvar2":0.367514550686,"max":7.26932668686,"mean":0.75047904253,"median":0.368426054716,"min":0,"var":1.06409204006},"zerocrossingrate":{"dmean":0.00574875390157,"dmean2":0.00741088530049,"dvar":0.000104577367892,"dvar2":0.000167112695635,"max":0.53369140625,"mean":0.0384742505848,"median":0.025390625,"min":0,"var":0.00484865857288}},"metadata":{"audio_properties":{"analysis_sample_rate":44100,"bit_rate":320069,"codec":"mp3","downmix":"mix","equal_loudness":0,"length":121.54775238,"lossless":false,"md5_encoded":"4bee5fc8adf6eac78209745e982b48ad","replay_gain":-9.98299789429,"sample_rate":44100},"tags":{"album":["Johnny Cash With His Hot and Blue Guitar"],"albumartist":["Johnny Cash"],"albumartistsort":["Cash, Johnny"],"artist":["Johnny Cash"],"artistsort":["Cash, Johnny"],"date":["1957"],"discnumber":["1/1"],"file_name":"06-Remember Me (I'm The One Who Loves You)- With His Hot And Blue Guitar-Johnny Cash.mp3","genre":["Country"],"language":["eng"],"musicbrainz album release country":["US"],"musicbrainz album status":["official"],"musicbrainz album type":["album"],"musicbrainz_albumartistid":["d43d12a1-2dc9-4257-a2fd-0a3bb1081b86"],"musicbrainz_albumid":["9ebc8268-c4a5-4149-a51c-f96e8c3e8e8f"],"musicbrainz_artistid":["d43d12a1-2dc9-4257-a2fd-0a3bb1081b86"],"musicbrainz_recordingid":["d8270a64-dd94-46b0-9e08-c7ce8c891272"],"originaldate":["1956"],"script":["Latn"],"title":["Remember Me (I'm the One Who Loves You)"],"tracknumber":["6/12"]},"version":{"essentia":"2.1-beta2","essentia_build_sha":"70f2e5ece6736b2c40cc944ad0e695b16b925413","essentia_git_sha":"v2.1_beta2","extractor":"music 1.0"}},"rhythm":{"beats_count":233,"beats_loudness":{"dmean":0.0213145893067,"dmean2":0.0359497666359,"dvar":0.000416954339016,"dvar2":0.00111903541256,"max":0.125382676721,"mean":0.0239844154567,"median":0.0145411267877,"min":0,"var":0.000560707005206},"beats_loudness_band_ratio":{"dmean":[0.291911393404,0.1794154495,0.18371668458,0.0551767982543,0.0470678582788,0.0180459544063],"dmean2":[0.530960321426,0.3202008605,0.323431789875,0.101015068591,0.0882477909327,0.0337365530431],"dvar":[0.0388711169362,0.0254095587879,0.020873960107