{"lowlevel":{"average_loudness":0.863131284714,"barkbands":{"dmean":[0.0114435069263,0.0205991473049,0.00560293067247,0.00343332625926,0.0026731910184,0.00258651468903,0.000854829500895,0.000572262331843,0.00105339603033,0.000558335508686,0.000691912893672,0.000892407842912,0.000585534377024,0.000462512165541,0.000373813585611,0.000237424857914,0.000143235680298,0.000114198221127,0.0000800258567324,0.0000520383400726,0.0000361770835298,0.000017191776351,0.0000101661771623,0.00000594373841523,0.00000479672871734,0.0000125191381812,0.000355301133823],"dmean2":[0.018900834024,0.0348202399909,0.00961327180266,0.00600205687806,0.0045036142692,0.00424616411328,0.0014281605836,0.000956557283644,0.00175742409192,0.000944543222431,0.00118056766223,0.0015174089931,0.000990900560282,0.000763166986872,0.000635866425,0.000398999400204,0.000237741696765,0.00018789609021,0.000128778046928,0.0000826268151286,0.0000564700058021,0.0000265876951744,0.0000161165862664,0.00000970435849013,0.00000806560001365,0.0000193003270397,0.000576240941882],"dvar":[0.000747761921957,0.00152848823927,0.0000746072400943,0.0000299293478747,0.0000128322963064,0.0000193310224859,0.00000201020588975,0.00000109911206891,0.00000333850061907,7.49886226004e-7,9.12259451979e-7,0.00000130354737848,6.65044922243e-7,3.49210154127e-7,2.80993589286e-7,1.1513496645e-7,4.39899530136e-8,3.89014118696e-8,2.6070265946e-8,8.22574897086e-9,4.99113017582e-9,1.16454779153e-9,4.25510043867e-10,8.16975723184e-11,5.24282596504e-11,6.97604807254e-10,1.75528839463e-7],"dvar2":[0.00184800545685,0.00411641132087,0.000209259218536,0.0000843989109853,0.0000338092831953,0.0000484755510115,0.0000051048741625,0.00000278041670754,0.00000867193739396,0.00000198139628083,0.00000251820483754,0.00000358068905371,0.0000018018757828,9.04794433154e-7,7.75920909746e-7,3.17881074352e-7,1.16054195587e-7,9.63345527794e-8,5.87079860281e-8,1.91359692536e-8,1.0927365679e-8,2.46079956412e-9,9.51771883528e-10,1.94206678517e-10,1.33653685341e-10,1.45404233098e-9,4.56882304434e-7],"max":[0.336306661367,0.438114881516,0.126258537173,0.0740423575044,0.0707707852125,0.0737860277295,0.0413924641907,0.0306280683726,0.0369694568217,0.0189668070525,0.023794868961,0.0254401434213,0.0178839862347,0.0120660662651,0.00909695867449,0.00529748992994,0.00453470554203,0.00524627463892,0.0059132669121,0.002184655983,0.00152827322017,0.000867311027832,0.000560181681067,0.000180845483555,0.0000892576208571,0.000534182414412,0.00827515218407],"mean":[0.0113342711702,0.026116060093,0.0068300976418,0.00409371452406,0.00415456248447,0.00420588674024,0.00133264670148,0.000829165393952,0.00164635421243,0.0009055644623,0.00114752235822,0.00160287937615,0.00105208309833,0.000905257300474,0.000699982163496,0.000511475023814,0.000320024060784,0.000239036700805,0.000181499737664,0.000124226804473,0.0000798192850198,0.0000403042540711,0.00002085550841,0.00000905478736968,0.00000504833360537,0.0000279884825432,0.00145263213199],"median":[0.00338954757899,0.013504887931,0.00406886963174,0.00226606288925,0.00285529578105,0.00204874225892,0.00077532872092,0.000474484055303,0.000780358561315,0.000576343503781,0.000788612407632,0.00116864894517,0.000774495769292,0.000679093180224,0.000505244359374,0.000346036802512,0.000234603736317,0.000161011819728,0.000126476981677,0.0000799779081717,0.000044484193495,0.0000245207666012,0.000010873724932,0.00000425596499554,0.00000232011871049,0.0000123499858091,0.00114648789167],"min":[1.53802995845e-23,2.05958171718e-24,2.17932330841e-24,2.09188951555e-23,2.01178305721e-23,1.61014336256e-22,7.04642872286e-23,4.70339003423e-23,7.82057074577e-23,4.36986942538e-23,1.92236299148e-23,7.27028472857e-23,9.28637149533e-23,1.0636722767e-22,8.6569311749e-23,7.1221069894e-23,2.79599896009e-22,1.87312207289e-22,3.55647223232e-22,3.15057287811e-22,4.59784435786e-22,4.9662971791e-22,7.06291780905e-22,7.67417469628e-22,9.2763256988e-22,1.89474847373e-21,2.66833258896e-21],"var":[0.000708015111741,0.0015214048326,0.0000786618475104,0.0000327682464558,0.0000193614941963,0.000038011068682,0.0000033887790778,0.00000171921885794,0.0000056330723055,0.00000122848223327,0.00000137542758694,0.00000224024643103,0.0000011529874655,7.65652089285e-7,5.45634804894e-7,3.03896683818e-7,1.23565015997e-7,1.00296404071e-7,7.92933363414e-8,2.4817062183e-8,1.3667591503e-8,3.58138851908e-9,1.15988907368e-9,1.74018729981e-10,5.65522489948e-11,2.5427189243e-9,0.00000138240761771]},"barkbands_crest":{"dmean":3.04637002945,"dmean2":5.03552865982,"dvar":6.23963928223,"dvar2":16.655506134,"max":24.8077278137,"mean":9.97427368164,"median":9.22247314453,"min":2.58915066719,"var":16.0594997406},"barkbands_flatness_db":{"dmean":0.0287218242884,"dmean2":0.0460145436227,"dvar":0.000653250492178,"dvar2":0.00166889862157,"max":0.388898193836,"mean":0.146791562438,"median":0.135572448373,"min":0.0327970162034,"var":0.00257828924805},"barkbands_kurtosis":{"dmean":5.88740777969,"dmean2":9.68406295776,"dvar":99.5162734985,"dvar2":255.570419312,"max":221.38470459,"mean":9.6398229599,"median":5.4076461792,"min":-1.87378895283,"var":178.419296265},"barkbands_skewness":{"dmean":0.725216925144,"dmean2":1.16653633118,"dvar":0.620485901833,"dvar2":1.54634749889,"max":12.2652759552,"mean":2.51028132439,"median":2.21972465515,"min":-1.9434145689,"var":1.67805755138},"barkbands_spread":{"dmean":7.7086057663,"dmean2":12.2937755585,"dvar":49.2779693604,"dvar2":119.979202271,"max":133.659957886,"mean":28.4634857178,"median":27.19490242,"min":1.27154552937,"var":231.598968506},"dissonance":{"dmean":0.016203686595,"dmean2":0.0277460347861,"dvar":0.000233381477301,"dvar2":0.00066023459658,"max":0.500000059605,"mean":0.473680615425,"median":0.478263258934,"min":0.329910665751,"var":0.000378333090339},"dynamic_complexity":2.02549886703,"erbbands":{"dmean":[1.09228050709,3.10276484489,6.09877490997,9.07346534729,8.99503040314,10.1373710632,15.3938217163,24.039522171,13.4105081558,12.4261817932,12.8047771454,22.0209255219,20.0935668945,19.7939186096,29.6207675934,34.2364044189,26.9698905945,23.8777275085,23.1735095978,9.37039852142,13.699596405,7.39331483841,6.52806854248,4.48772478104,3.34408044815,2.52907633781,2.01642656326,0.971519708633,0.653925836086,0.452724218369,0.271197468042,0.151498675346,0.0860130116343,0.053434856236,0.03442235291,0.0224104709923,0.025022353977,0.026558637619,0.0123443119228,0.00935305748135],"dmean2":[1.88292217255,5.21960830688,10.394952774,15.8046998978,15.4630699158,17.2227210999,25.7470359802,39.1738548279,22.0538921356,20.7865753174,21.4960269928,36.9433937073,33.512348175,33.4438858032,50.676738739,58.1199302673,45.5459327698,39.3970870972,39.0893592834,15.7555379868,22.9958209991,12.1689338684,10.6619997025,7.36260318756,5.32157421112,4.021900177,3.13682842255,1.51109933853,1.01473033428,0.717124044895,0.428455173969,0.24438162148,0.142250388861,0.0899034887552,0.0577663145959,0.0369022227824,0.0380779057741,0.039709020406,0.0187726970762,0.015045536682],"dvar":[6.1153383255,21.7329750061,78.4871902466,213.502059937,181.747665405,238.687164307,627.214599609,1958.58630371,531.148681641,563.79699707,632.563049316,1702.70349121,1148.13220215,925.648742676,1474.1072998,2038.3359375,1452.63342285,934.695861816,1099.953125,148.390625,427.553497314,119.208953857,112.872962952,74.5767364502,55.192440033,18.5636863708,15.4722833633,4.2590713501,1.72536075115,0.887335658073,0.281069546938,0.0609844885767,0.0167173147202,0.00666371872649,0.00263366964646,0.000980090000667,0.00285274558701,0.0042125005275,0.000455202360172,0.000113306894491],"dvar2":[16.5373630524,58.559463501,216.700744629,595.106201172,498.448699951,629.156860352,1583.01599121,4860.36035156,1361.57324219,1442.38769531,1570.58728027,4379.61181641,2973.97973633,2492.3840332,4088.28344727,5604.66455078,3910.96972656,2407.90185547,3039.30957031,398.015686035,1186.73510742,310.203674316,273.281860352,175.665878296,119.814796448,43.9613113403,34.8885993958,8.7618637085,3.61370897293,1.96249091625,0.622779786587,0.136803403497,0.0418243557215,0.016993355006,0.00671093678102,0.00244165235199,0.00575868273154,0.00851871352643,0.000929263303988,0.000291457952699],"max":[27.2779769897,61.456817627,150.557617188,179.240753174,249.368865967,362.507446289,526.83215332,887.403137207,519.118164062,933.698364258,837.990112305,1044.93493652,1077.32336426,769.58001709,640.526000977,946.40020752,916.027954102,607.468994141,624.483886719,247.094818115,350.984283447,282.429504395,222.591674805,311.868347168,292.066619873,95.9545288086,85.755355835,60.7173576355,34.4056015015,27.9225177765,13.7592077255,6.20975446701,2.00513458252,1.01210129261,0.640648961067,0.441632777452,1.15097665787,1.677333951,1.08234250546,0.229883819818],"mean":[1.1479126215,4.37320375443,8.11079692841,11.6558895111,12.5376443863,14.4050388336,22.6106548309,38.7375221252,22.0721950531,19.3188838959,19.9139022827,34.4081611633,33.9449462891,35.5473213196,55.731842041,64.2803268433,52.4085388184,49.353427887,46.1057243347,23.4535427094,29.8393592834,18.0744400024,14.4713087082,10.1313581467,7.83682823181,6.04560184479,4.44426965714,2.25275325775,1.50859057903,0.997650742531,0.543055415154,0.264332264662,0.114389762282,0.0572309792042,0.0368306227028,0.030672237277,0.0573336184025,0.0775643140078,0.0506453961134,0.0515304170549],"median":[0.473589837551,2.36881828308,4.94622993469,7.0498752594,8.09235858917,8.73236274719,13.5504779816,16.857383728,12.3780326843,11.044593811,12.0792512894,16.9153251648,19.4900779724,24.3594284058,40.8811035156,47.7957992554,39.7832183838,37.8385772705,33.5391540527,20.2191524506,20.1230621338,13.746591568,9.82833480835,7.33009243011,5.44064712524,3.88070821762,2.46411299706,1.3421561718,0.918720364571,0.56535089016,0.28121483326,0.12721696496,0.055362612009,0.0271186418831,0.0174644608051,0.0158226415515,0.0248411204666,0.0371573902667,0.0337562412024,0.041712038219],"min":[1.39200565178e-22,3.26901838665e-22,2.23779396585e-21,3.04498075866e-20,9.61782285261e-20,7.24776363577e-20,4.18189404633e-19,1.52787900219e-18,1.20046282117e-18,1.01252873017e-18,1.24254956394e-18,1.58346450538e-18,1.30103650653e-18,1.07201645789e-18,1.27177457877e-18,3.17997799172e-18,4.01787390193e-18,5.77472652724e-18,3.62658810728e-18,4.52733733633e-18,6.38391402912e-18,1.43936441076e-17,1.16986681652e-17,1.34955724622e-17,2.14328320064e-17,1.40257770368e-17,1.72941909758e-17,1.71665404637e-17,2.06495018925e-17,1.97200403972e-17,2.03503553327e-17,1.57780185438e-17,1.29459448595e-17,9.79899660326e-18,7.22553266567e-18,5.34059360405e-18,3.53264313716e-18,1.48872988797e-18,3.71120889074e-19,4.10324203015e-20],"var":[5.00445795059,30.0099525452,95.829498291,223.877822876,233.076965332,341.544799805,921.259399414,4105.15380859,949.659729004,953.870361328,968.394348145,2736.85253906,1925.01501465,1531.02526855,2602.91870117,3493.60253906,2630.63647461,2124.671875,2280.86499023,437.826080322,1092.16662598,372.572296143,322.546020508,215.919830322,171.073745728,56.928150177,40.8701591492,12.2765827179,5.09340524673,2.47027635574,0.772445678711,0.164536744356,0.025504713878,0.00719529297203,0.00287888501771,0.00158592767548,0.0110599230975,0.0168213658035,0.00311356526799,0.00119471631479]},"erbbands_crest":{"dmean":2.07668447495,"dmean2":3.5046479702,"dvar":3.50023317337,"dvar2":9.38791561127,"max":24.3732738495,"mean":7.16668510437,"median":6.6340265274,"min":2.51206326485,"var":6.43392181396},"erbbands_flatness_db":{"dmean":0.0204502884299,"dmean2":0.0327111110091,"dvar":0.000334049254889,"dvar2":0.000894649245311,"max":0.30561414361,"mean":0.142969459295,"median":0.138686940074,"min":0.0280402321368,"var":0.00110213272274},"erbbands_kurtosis":{"dmean":0.668557286263,"dmean2":1.11959028244,"dvar":0.387644082308,"dvar2":1.03593933582,"max":8.12560176849,"mean":0.152253329754,"median":0.00177333736792,"min":-1.45569193363,"var":0.77680426836},"erbbands_skewness":{"dmean":0.28732419014,"dmean2":0.469514042139,"dvar":0.0552277490497,"dvar2":0.144177272916,"max":1.86334097385,"mean":-0.177043497562,"median":-0.200760647655,"min":-2.23211073875,"var":0.220763087273},"erbbands_spread":{"dmean":5.4616651535,"dmean2":9.00613975525,"dvar":21.914226532,"dvar2":58.5199203491,"max":86.6982345581,"mean":28.1101760864,"median":27.1573371887,"min":5.49181699753,"var":66.411781311},"gfcc":{"cov":[[8191.41601562,-17.3900089264,-665.608703613,732.422058105,4.55365562439,-497.490325928,476.428253174,-136.159301758,132.480270386,139.92565918,-12.4979057312,110.420799255,-156.336990356],[-17.3900089264,845.445129395,152.640106201,-324.705291748,180.050109863,49.0202522278,-26.8748264313,-68.9942626953,36.0020866394,-95.2314376831,64.6499862671,-75.0496673584,66.1560897827],[-665.608703613,152.640106201,372.182434082,-102.915016174,-71.2318115234,206.743347168,-104.50932312,74.9667282104,-31.4802284241,13.9897069931,28.0931396484,-11.3220157623,24.6095294952],[732.422058105,-324.705291748,-102.915016174,375.530059814,-32.935459137,-78.1907501221,113.125747681,23.7906799316,-3.9655315876,65.891418457,-22.7389183044,45.3012504578,-52.4840583801],[4.55365562439,180.050109863,-71.2318115234,-32.935459137,204.131408691,-27.7520008087,43.0800628662,-43.9970703125,16.7002487183,-62.308177948,2.14102554321,-10.058013916,16.9955406189],[-497.490325928,49.0202522278,206.743347168,-78.1907501221,-27.7520008087,209.198486328,-58.2983779907,69.0958938599,-31.8189144135,9.37925338745,18.7934322357,-12.4686784744,28.1454792023],[476.428253174,-26.8748264313,-104.50932312,113.125747681,43.0800628662,-58.2983779907,151.880554199,-8.75325393677,44.842880249,13.5605964661,-2.92995667458,26.6112594604,-24.2813873291],[-136.159301758,-68.9942626953,74.9667282104,23.7906799316,-43.9970703125,69.0958938599,-8.75325393677,105.827804565,3.59952783585,32.7905921936,9.66534233093,1.06826627254,10.1358137131],[132.480270386,36.0020866394,-31.4802284241,-3.9655315876,16.7002487183,-31.8189144135,44.842880249,3.59952783585,71.0147094727,25.9970340729,15.1395425797,15.1303930283,-9.84073066711],[139.92565918,-95.2314376831,13.9897069931,65.891418457,-62.308177948,9.37925338745,13.5605964661,32.7905921936,25.9970340729,91.6740493774,28.7511386871,15.7251272202,-9.46018791199],[-12.4979057312,64.6499862671,28.0931396484,-22.7389183044,2.14102554321,18.7934322357,-2.92995667458,9.66534233093,15.1395425797,28.7511386871,54.7354011536,21.6933040619,12.8241434097],[110.420799255,-75.0496673584,-11.3220157623,45.3012504578,-10.058013916,-12.4686784744,26.6112594604,1.06826627254,15.1303930283,15.7251272202,21.6933040619,63.9128990173,1.15997481346],[-156.336990356,66.1560897827,24.6095294952,-52.4840583801,16.9955406189,28.1454792023,-24.2813873291,10.1358137131,-9.84073066711,-9.46018791199,12.8241434097,1.15997481346,56.4666557312]],"icov":[[0.000231097306823,-0.000617629440967,0.000633118092082,-0.00049394130474,0.000353294512024,-0.000122387078591,0.00000600559178565,-0.000150884021423,0.000278173276456,-0.000562256958801,0.000754692882765,-0.000821669527795,0.00041250520735],[-0.000617629440967,0.00725730974227,-0.00617799442261,0.00297213857993,-0.00256620603614,0.00289064017124,-0.0035363023635,0.00383404525928,-0.0042295451276,0.0068943798542,-0.0119216684252,0.0113938264549,-0.00474349083379],[0.000633118092082,-0.00617799442261,0.012540361844,-0.00321409082972,0.00395748671144,-0.00893642194569,0.00569594558328,-0.00341030349955,0.00137829454616,-0.00365513120778,0.00758236460388,-0.00937453377992,0.00496124336496],[-0.00049394130474,0.00297213857993,-0.00321409082972,0.00931245926768,-0.00346553814597,0.00430069258437,-0.00563269015402,-0.00201548123732,0.00717139756307,-0.00575310224667,0.0015793069033,-0.00100846565329,0.00199378002435],[0.000353294512024,-0.00256620603614,0.00395748671144,-0.00346553814597,0.0108739733696,-0.00349275558256,-0.000464450771688,0.00172818358988,-0.00438588345423,0.00758800609037,-0.00255252420902,0.000800816691481,-0.00193288223818],[-0.000122387078591,0.00289064017124,-0.00893642194569,0.00430069258437,-0.00349275558256,0.0158249419183,-0.00439019408077,-0.00416352786124,0.00629750872031,-0.0019495820161,-0.00347304227762,0.00361938634887,-0.00232522399165],[0.00000600559178565,-0.0035363023635,0.00569594558328,-0.00563269015402,-0.000464450771688,-0.00439019408077,0.0165608748794,-0.00143949314952,-0.00729573285207,-0.000461894756882,0.00583323137835,-0.00716721778736,0.00362333538942],[-0.000150884021423,0.00383404525928,-0.00341030349955,-0.00201548123732,0.00172818358988,-0.00416352786124,-0.00143949314952,0.0182791575789,-0.00831295084208,0.00381794851273,-0.007202913519,0.00894121080637,-0.00699864747003],[0.000278173276456,-0.0042295451276,0.00137829454616,0.00717139756307,-0.00438588345423,0.00629750872031,-0.00729573285207,-0.00831295084208,0.0347119495273,-0.0195911154151,0.0104126976803,-0.0136661333963,0.00900955870748],[-0.000562256958801,0.0068943798542,-0.00365513120778,-0.00575310224667,0.00758800609037,-0.0019495820161,-0.000461894756882,0.00381794851273,-0.0195911154151,0.038835618645,-0.0301574524492,0.0188679657876,-0.0060309432447],[0.000754692882765,-0.0119216684252,0.00758236460388,0.0015793069033,-0.00255252420902,-0.00347304227762,0.00583323137835,-0.007202913519,0.0104126976803,-0.0301574524492,0.0570110157132,-0.0329534485936,0.00501228217036],[-0.000821669527795,0.0113938264549,-0.00937453377992,-0.00100846565329,0.000800816691481,0.00361938634887,-0.00716721778736,0.00894121080637,-0.0136661333963,0.0188679657876,-0.0329534485936,0.0431588068604,-0.0118307620287],[0.00041250520735,-0.00474349083379,0.00496124336496,0.00199378002435,-0.00193288223818,-0.00232522399165,0.00362333538942,-0.00699864747003,0.00900955870748,-0.0060309432447,0.00501228217036,-0.0118307620287,0.0283195786178]],"mean":[25.7130756378,110.113098145,-83.1021499634,-13.0010061264,-0.155442520976,-8.16079711914,-1.3757147789,-20.3535385132,-3.28305625916,-9.69623088837,-0.88245433569,-1.955483675,-3.45657896996]},"hfc":{"dmean":83.4249801636,"dmean2":137.56149292,"dvar":6333.84277344,"dvar2":16865.5644531,"max":1857.16821289,"mean":379.446289062,"median":341.236328125,"min":1.24409300852e-16,"var":34930.4335938},"melbands":{"dmean":[0.00783159676939,0.0031950653065,0.00150498037692,0.000612873758655,0.000506811193191,0.000510953133926,0.000192663865164,0.000131080611027,0.000110213579319,0.000151241853018,0.00010199873941,0.0000818475382403,0.000100770470453,0.000103544756712,0.0000795953237684,0.0000534178543603,0.0000476471650472,0.0000394728631363,0.0000209920799534,0.0000136407834361,0.0000174581546162,0.00000888132581167,0.00000672021224091,0.00000545409420738,0.00000391325920646,0.00000324163761434,0.00000206649383472,0.00000175361378751,0.00000144022658333,9.16324495392e-7,5.26245628407e-7,4.02470931249e-7,3.2698949326e-7,2.4283252742e-7,1.73109484081e-7,1.17831397972e-7,8.84811797164e-8,6.34618402273e-8,4.99129697573e-8,4.3592713439e-8],"dmean2":[0.0133201703429,0.00538389757276,0.00260140676983,0.00103863142431,0.000844445079565,0.000832803489175,0.000317258440191,0.000219142675633,0.00018551381072,0.000253530917689,0.00017018285871,0.000138465446071,0.000172282248968,0.000176775778527,0.000135346868774,0.0000903815380298,0.000078750665125,0.0000667847707518,0.0000354421208613,0.0000229901761486,0.0000294152796414,0.0000147640930663,0.000011024962987,0.00000910011112865,0.00000646790886094,0.00000532030117029,0.0000033104972772,0.00000282419387077,0.00000227664099839,0.00000144524199186,8.3259362782e-7,6.34228683793e-7,5.16651027738e-7,3.89282291735e-7,2.75066355471e-7,1.89464827827e-7,1.44200001273e-7,1.04756324504e-7,8.38003586523e-8,7.33902467687e-8],"dvar":[0.00028102521901,0.000018253655071,0.00000542089810551,7.1336523888e-7,5.70531767607e-7,8.26479151783e-7,1.04164520565e-7,5.83758179573e-8,4.65784708581e-8,7.67256977952e-8,2.93280475461e-8,1.62443729579e-8,1.82679791294e-8,1.76469772128e-8,1.22916352652e-8,5.48920153776e-9,3.84689746724e-9,3.15459192102e-9,8.28282387122e-10,3.41584815988e-10,7.20303316992e-10,1.71122782611e-10,1.21187712643e-10,1.0366352915e-10,5.49001746841e-11,5.09409181504e-11,1.78706268533e-11,8.78721487935e-12,8.10709832599e-12,3.50543227258e-12,1.34259769101e-12,6.72991989827e-13,4.65324610441e-13,2.72108317866e-13,1.23680579667e-13,4.08269812814e-14,2.10195156094e-14,9.16235793155e-15,5.80064679422e-15,4.4309428495e-15],"dvar2":[0.00074865447823,0.0000497417568113,0.0000150225123434,0.00000191916933545,0.00000143359693539,0.00000205855326385,2.64824620899e-7,1.50744597249e-7,1.1635884789e-7,1.97762375365e-7,7.59808429507e-8,4.35738307658e-8,5.04860828698e-8,4.84947513257e-8,3.34100818122e-8,1.48297090163e-8,9.8668708759e-9,8.6909190955e-9,2.29952812347e-9,9.27563914566e-10,2.01227789987e-9,4.5383688474e-10,3.04615388469e-10,2.68319394481e-10,1.33490440923e-10,1.2126206983e-10,4.05138839144e-11,2.1543293191e-11,1.88019374375e-11,7.99311745264e-12,2.8285364502e-12,1.43972388265e-12,1.04885945849e-12,6.35043179067e-13,2.82302637213e-13,9.40962192604e-14,4.86635573147e-14,2.28977129141e-14,1.48157937877e-14,1.12992128403e-14],"max":[0.17910027504,0.0637421533465,0.0272721927613,0.0194240137935,0.0144244311377,0.017418589443,0.0086726769805,0.00871037971228,0.00700449803844,0.00612111203372,0.00518991192803,0.00330590899102,0.0025842115283,0.00240854686126,0.00213240785524,0.00150788074825,0.00120054453146,0.00108495517634,0.000617946614511,0.000365125597455,0.000459674163722,0.000332839670591,0.000292491400614,0.000252205325523,0.000266011949861,0.000290492404019,0.000133071851451,0.0000705650309101,0.0000704622070771,0.0000471793355246,0.0000392100628233,0.000025224604542,0.0000170109196915,0.000016825959392,0.00000881628875504,0.00000519477998751,0.00000317237140735,0.00000157769136422,9.68595372797e-7,8.22472543405e-7],"mean":[0.00923851039261,0.00481259869412,0.00209525902756,0.000920604274143,0.000778865185566,0.000839765183628,0.000321273284499,0.000200238500838,0.000165274177562,0.000232823527767,0.000167281468748,0.000137389113661,0.000176201545401,0.000183556883712,0.000142727134516,0.0000997908209683,0.0000895926277735,0.0000749409882701,0.0000418176568928,0.0000295935169561,0.000035157892853,0.000019093762603,0.0000142939834404,0.0000107584392026,0.0000079682267824,0.00000668190477882,0.0000044781941142,0.00000385018529414,0.00000296703751701,0.00000190381888387,0.00000111284634841,8.75427531355e-7,6.91622631166e-7,4.9499931265e-7,3.30040563767e-7,2.12951334788e-7,1.42762701216e-7,8.50482066994e-8,5.49919398907e-8,4.52799646666e-8],"median":[0.00440367590636,0.0030999481678,0.00136386835948,0.000627926143352,0.000495348824188,0.000383516540751,0.000182408897672,0.000114563306852,0.0000964432256296,0.000106604027678,0.0000945644715102,0.0000906102795852,0.00012358710228,0.000133595167426,0.000104755461507,0.0000741345575079,0.0000642543891445,0.0000531417244929,0.0000324305437971,0.0000215976724576,0.0000224320683628,0.0000136871094583,0.00000978445132205,0.00000725106701793,0.00000547349918634,0.00000431241824117,0.00000295285690299,0.00000234329445448,0.00000158727902999,0.00000105498816083,6.46607702492e-7,5.28703594682e-7,3.8692076032e-7,2.67324878678e-7,1.63404280329e-7,1.091561046e-7,6.31371932514e-8,4.00537274459e-8,2.64930903882e-8,2.03600265536e-8],"min":[1.61954632817e-24,8.06206625324e-25,8.54895268306e-24,5.35601765879e-24,1.18925270081e-23,3.25122395655e-23,1.93273856342e-23,1.03951136044e-23,1.16504468955e-23,1.00704823535e-23,6.84981255753e-24,4.91029704785e-24,3.14952696688e-24,7.22178887333e-24,9.40487465383e-24,1.01166299276e-23,1.06304773552e-23,5.56002497749e-24,7.36204834228e-24,4.60138148394e-24,8.3524750417e-24,1.25425712709e-23,1.88935657788e-23,5.78433875918e-24,1.1112410626e-23,1.49139944371e-23,1.50577753811e-23,7.88107227512e-24,1.00058288914e-23,1.09025886135e-23,9.30028431957e-24,1.25909860313e-23,7.79489632097e-24,1.26038578747e-23,1.2519664328e-23,7.62040344418e-24,1.07708993295e-23,1.04555095841e-23,7.61419984202e-24,7.61136152049e-24],"var":[0.000253090169281,0.0000267308914772,0.00000607801166552,0.00000100758745702,9.04109413113e-7,0.00000173906664713,1.91595930232e-7,9.75644596224e-8,6.94788440114e-8,1.26095841324e-7,4.84947335622e-8,2.62507917625e-8,2.96202369299e-8,3.06238767678e-8,2.0056821981e-8,9.78326486489e-9,8.05292810213e-9,6.34010977052e-9,1.72507375051e-9,9.21595522119e-10,1.66090252662e-9,4.50677356545e-10,3.17893183999e-10,2.21412430057e-10,1.41901559947e-10,1.29830174389e-10,4.75614096718e-11,2.39457897955e-11,1.94850004187e-11,8.62414046426e-12,3.49279155945e-12,1.79506843417e-12,1.23396789748e-12,6.62130777724e-13,3.07716309031e-13,1.06310908698e-13,5.17399098283e-14,1.48030713528e-14,6.44985265555e-15,4.72637523601e-15]},"melbands_crest":{"dmean":4.85405826569,"dmean2":8.07922458649,"dvar":17.3168926239,"dvar2":45.2629814148,"max":37.6438407898,"mean":16.7118301392,"median":15.760058403,"min":3.28145885468,"var":37.2942466736},"melbands_flatness_db":{"dmean":0.0371918231249,"dmean2":0.0601853728294,"dvar":0.000985172227956,"dvar2":0.00257569504902,"max":0.563178837299,"mean":0.269151479006,"median":0.257827162743,"min":0.00788022018969,"var":0.00448894454166},"melbands_kurtosis":{"dmean":7.54274177551,"dmean2":12.6794300079,"dvar":150.381668091,"dvar2":402.419281006,"max":181.702713013,"mean":11.2826461792,"median":7.06773757935,"min":-1.69193959236,"var":198.908233643},"melbands_skewness":{"dmean":0.869684398174,"dmean2":1.42763221264,"dvar":0.833997905254,"dvar2":2.16612958908,"max":11.6152486801,"mean":2.77264523506,"median":2.50992536545,"min":-0.43271613121,"var":1.79727888107},"melbands_spread":{"dmean":5.21612453461,"dmean2":8.50975704193,"dvar":25.5065059662,"dvar2":65.6617355347,"max":253.861419678,"mean":16.2590866089,"median":14.3834629059,"min":0.697053074837,"var":268.674743652},"mfcc":{"cov":[[6023.92773438,-822.032653809,-595.750793457,1059.85180664,-541.994445801,91.1473693848,-66.987159729,57.2237739563,-47.0161323547,246.858154297,64.7687530518,63.1312561035,4.129591465],[-822.032653809,1064.55566406,69.3205718994,-342.32321167,208.209014893,13.0191259384,25.6174297333,-4.53055238724,12.7194137573,-66.0947723389,-17.168264389,-2.39058589935,11.4692268372],[-595.750793457,69.3205718994,479.313903809,-223.262496948,75.8249206543,-12.7472925186,48.6017417908,-11.773651123,9.30355834961,-9.27221870422,30.0148735046,32.1864624023,25.684009552],[1059.85180664,-342.32321167,-223.262496948,430.077301025,-140.686859131,36.8445167542,-14.9571876526,26.1276950836,-11.4098529816,56.7132835388,7.56502485275,11.5514726639,-8.06993770599],[-541.994445801,208.209014893,75.8249206543,-140.686859131,173.812484741,-2.15680480003,38.5245742798,2.40948104858,17.4843158722,-52.7024116516,-4.85451936722,-8.96757984161,2.99807572365],[91.1473693848,13.0191259384,-12.7472925186,36.8445167542,-2.15680480003,81.1800003052,20.6382637024,18.724653244,-3.49757671356,7.60897254944,-4.03765773773,9.15097045898,5.48819923401],[-66.987159729,25.6174297333,48.6017417908,-14.9571876526,38.5245742798,20.6382637024,79.7883682251,20.438457489,22.6244029999,-9.56629371643,7.92663049698,5.41049337387,7.2271900177],[57.2237739563,-4.53055238724,-11.773651123,26.1276950836,2.40948104858,18.724653244,20.438457489,78.2447433472,15.8711252213,2.5895512104,-4.84642553329,7.70223045349,-1.85816645622],[-47.0161323547,12.7194137573,9.30355834961,-11.4098529816,17.4843158722,-3.49757671356,22.6244029999,15.8711252213,55.5932312012,11.6231126785,4.27469778061,1.38159787655,3.43349766731],[246.858154297,-66.0947723389,-9.27221870422,56.7132835388,-52.7024116516,7.60897254944,-9.56629371643,2.5895512104,11.6231126785,69.5605239868,28.2101230621,12.7753019333,5.97467517853],[64.7687530518,-17.168264389,30.0148735046,7.56502485275,-4.85451936722,-4.03765773773,7.92663049698,-4.84642553329,4.27469778061,28.2101230621,52.230670929,23.0640792847,9.97807025909],[63.1312561035,-2.39058589935,32.1864624023,11.5514726639,-8.96757984161,9.15097045898,5.41049337387,7.70223045349,1.38159787655,12.7753019333,23.0640792847,48.2292900085,24.2350406647],[4.129591465,11.4692268372,25.684009552,-8.06993770599,2.99807572365,5.48819923401,7.2271900177,-1.85816645622,3.43349766731,5.97467517853,9.97807025909,24.2350406647,42.3256111145]],"icov":[[0.000335569377057,-0.0000678584256093,0.0000746900186641,-0.000637775054201,0.000490811071359,0.000046854307584,-0.000169401260791,-0.0000360087069566,0.000172964428202,-0.000350800110027,-0.000103543548903,-0.0000383649821742,-0.000112907742732],[-0.0000678584256093,0.00153734209016,0.000515429535881,0.00132410402875,-0.00139397522435,-0.000618600752205,0.000129690495669,0.0000154890822159,0.000171661129571,-0.000335913413437,0.00041590820183,-0.000814497645479,0.0000890234296094],[0.0000746900186641,0.000515429535881,0.00347858201712,0.00204038177617,-0.000406193954404,0.000307381356834,-0.0020644639153,0.000363481143722,0.00100087327883,-0.00124562543351,-0.000215862659388,-0.00245947646908,0.0000423722813139],[-0.000637775054201,0.00132410402875,0.00204038177617,0.0065385773778,0.000552379002329,-0.00145160441753,-0.00102816103026,-0.000607306545135,0.000662024540361,-0.00105233932845,0.00027062636218,-0.0018630932318,0.0011077694362],[0.000490811071359,-0.00139397522435,-0.000406193954404,0.000552379002329,0.0129364747554,-0.00101368885953,-0.00235038693063,-0.000435665337136,-0.0034536360763,0.00804061070085,-0.00471409689635,0.00324670271948,-0.00132357433904],[0.000046854307584,-0.000618600752205,0.000307381356834,-0.00145160441753,-0.00101368885953,0.0163939967752,-0.0057462984696,-0.0020558887627,0.00488087907434,-0.00524731911719,0.00570521969348,-0.0035321644973,-0.000440989504568],[-0.000169401260791,0.000129690495669,-0.0020644639153,-0.00102816103026,-0.00235038693063,-0.0057462984696,0.0205092895776,-0.00316561642103,-0.00791766867042,0.00658761709929,-0.00647867051885,0.0035339910537,-0.00247509824112],[-0.0000360087069566,0.0000154890822159,0.000363481143722,-0.000607306545135,-0.000435665337136,-0.0020558887627,-0.00316561642103,0.0160823240876,-0.00376073876396,-0.000827996933367,0.0041745621711,-0.00554089993238,0.00381743488833],[0.000172964428202,0.000171661129571,0.00100087327883,0.000662024540361,-0.0034536360763,0.00488087907434,-0.00791766867042,-0.00376073876396,0.0257592573762,-0.0107908155769,0.0042195180431,-0.000511701276992,-0.00101404020097],[-0.000350800110027,-0.000335913413437,-0.00124562543351,-0.00105233932845,0.00804061070085,-0.00524731911719,0.00658761709929,-0.000827996933367,-0.0107908155769,0.0318268686533,-0.017561564222,0.00506792915985,-0.00274894502945],[-0.000103543548903,0.00041590820183,-0.000215862659388,0.00027062636218,-0.00471409689635,0.00570521969348,-0.00647867051885,0.0041745621711,0.0042195180431,-0.017561564222,0.0365939773619,-0.0166443195194,0.00400378135964],[-0.0000383649821742,-0.000814497645479,-0.00245947646908,-0.0018630932318,0.00324670271948,-0.0035321644973,0.0035339910537,-0.00554089993238,-0.000511701276992,0.00506792915985,-0.0166443195194,0.0410224944353,-0.01949592866],[-0.000112907742732,0.0000890234296094,0.0000423722813139,0.0011077694362,-0.00132357433904,-0.000440989504568,-0.00247509824112,0.00381743488833,-0.00101404020097,-0.00274894502945,0.00400378135964,-0.01949592866,0.035229422152]],"mean":[-643.798278809,181.039505005,-17.4181289673,19.5354328156,10.1840286255,22.5254688263,6.44464731216,7.60253334045,-1.27048647404,0.905052900314,-1.54826688766,2.93238639832,2.22907018661]},"pitch_salience":{"dmean":0.0854306519032,"dmean2":0.140025123954,"dvar":0.0055853202939,"dvar2":0.0143651282415,"max":0.830124378204,"mean":0.5629991889,"median":0.584345459938,"min":0.106449559331,"var":0.013220673427},"silence_rate_20dB":{"dmean":0.00649218913168,"dmean2":0.0129852565005,"dvar":0.00645004073158,"dvar2":0.017821373418,"max":1,"mean":0.996010303497,"median":1,"min":0,"var":0.00397380348295},"silence_rate_30dB":{"dmean":0.146209508181,"dmean2":0.292438805103,"dvar":0.124832287431,"dvar2":0.247767791152,"max":1,"mean":0.743440628052,"median":1,"min":0,"var":0.190736666322},"silence_rate_60dB":{"dmean":0.000135253940243,"dmean2":0.000270526186796,"dvar":0.000135235648486,"dvar2":0.000270452990662,"max":1,"mean":0.00757370842621,"median":0,"min":0,"var":0.00751634733751},"spectral_centroid":{"dmean":161.47505188,"dmean2":260.301757812,"dvar":30133.7089844,"dvar2":62330.4140625,"max":11051.7490234,"mean":911.776306152,"median":852.69934082,"min":176.038528442,"var":202449.734375},"spectral_complexity":{"dmean":3.12937045097,"dmean2":5.09360218048,"dvar":7.47815752029,"dvar2":18.4434223175,"max":56,"mean":25.0403022766,"median":26,"min":0,"var":80.8183670044},"spectral_contrast_coeffs":{"dmean":[0.0570782646537,0.0524208135903,0.0368157476187,0.028423961252,0.0263717621565,0.0321886017919],"dmean2":[0.0966716706753,0.0882614925504,0.0625722333789,0.0482742711902,0.0440883301198,0.0518454276025],"dvar":[0.00193677388597,0.00168547488283,0.000800865644123,0.000486875593197,0.000686750106979,0.000909625785425],"dvar2":[0.00546576315537,0.00472081033513,0.0023079183884,0.00140443630517,0.00187272019684,0.0023553580977],"max":[-0.370910078287,-0.461101949215,-0.588978827,-0.647850930691,-0.592908978462,-0.531352519989],"mean":[-0.682214379311,-0.756840765476,-0.806198239326,-0.801576018333,-0.814257442951,-0.77514231205],"median":[-0.683985471725,-0.76272124052,-0.809009373188,-0.802500963211,-0.809801340103,-0.770473837852],"min":[-0.958405196667,-0.959035217762,-0.952983319759,-0.966714382172,-0.963843107224,-0.957695424557],"var":[0.00440910225734,0.00412372825667,0.00166608614381,0.00104794849176,0.00188476603944,0.00559419160709]},"spectral_contrast_valleys":{"dmean":[0.385615497828,0.350268632174,0.270000338554,0.221314132214,0.325955450535,0.586603164673],"dmean2":[0.648818969727,0.589952886105,0.454436630011,0.369500488043,0.527335345745,0.956307053566],"dvar":[0.104059293866,0.0895254835486,0.0575475506485,0.0450106188655,0.151482403278,0.262880653143],"dvar2":[0.266571760178,0.222379595041,0.133762136102,0.0994543731213,0.380647689104,0.67547762394],"max":[-4.70327091217,-4.49044084549,-5.06260538101,-5.65795326233,-5.8340754509,-8.86163806915],"mean":[-6.31367301941,-6.22697734833,-6.39815855026,-6.90981531143,-7.61902999878,-10.7718381882],"median":[-6.16968631744,-6.1044960022,-6.2930021286,-6.67592573166,-7.21435070038,-10.674911499],"min":[-26.9843597412,-27.1251144409,-27.5120849609,-27.1018791199,-27.5077571869,-27.3542976379],"var":[1.1001676321,0.83185338974,0.751846909523,0.812458217144,1.31537926197,0.744980752468]},"spectral_decrease":{"dmean":9.23619669635e-9,"dmean2":1.52026800038e-8,"dvar":2.7181692265e-16,"dvar2":6.95676312272e-16,"max":1.04453210525e-8,"mean":-1.34379645189e-8,"median":-9.34717903078e-9,"min":-1.600015338e-7,"var":3.04770342416e-16},"spectral_energy":{"dmean":0.0348035506904,"dmean2":0.0573971830308,"dvar":0.00368312117644,"dvar2":0.00945725105703,"max":0.627498149872,"mean":0.0851348936558,"median":0.0727097690105,"min":1.0846362969e-20,"var":0.00456871977076},"spectral_energyband_high":{"dmean":0.000259662221652,"dmean2":0.000404358666856,"dvar":1.10786174901e-7,"dvar2":2.5205471843e-7,"max":0.00674116425216,"mean":0.00104435300454,"median":0.000789782148786,"min":7.7944833302e-21,"var":8.7131905957e-7},"spectral_energyband_low":{"dmean":0.0304955802858,"dmean2":0.0512546040118,"dvar":0.00323960464448,"dvar2":0.00849755574018,"max":0.580500543118,"mean":0.0430829897523,"median":0.0264405086637,"min":1.43800413116e-23,"var":0.00329554756172},"spectral_energyband_middle_high":{"dmean":0.00195450568572,"dmean2":0.00321589643136,"dvar":0.00000515236661158,"dvar2":0.0000132061759359,"max":0.0396164394915,"mean":0.00749072153121,"median":0.00719400029629,"min":1.50045554797e-21,"var":0.0000247806656262},"spectral_energyband_middle_low":{"dmean":0.00686845742166,"dmean2":0.011358583346,"dvar":0.0000789553159848,"dvar2":0.000204037263757,"max":0.125376269221,"mean":0.0165017694235,"median":0.0134115349501,"min":4.02477894073e-22,"var":0.000166584344697},"spectral_entropy":{"dmean":0.162583634257,"dmean2":0.262309789658,"dvar":0.0274070817977,"dvar2":0.0725255459547,"max":9.77157783508,"mean":7.43467140198,"median":7.5261554718,"min":5.94228076935,"var":0.127829492092},"spectral_flux":{"dmean":0.0399948060513,"dmean2":0.0652387812734,"dvar":0.00302133290097,"dvar2":0.00683802412823,"max":0.656591117382,"mean":0.161559745669,"median":0.152522146702,"min":1.04145872482e-10,"var":0.00637490861118},"spectral_kurtosis":{"dmean":7.57563114166,"dmean2":12.2806167603,"dvar":107.102661133,"dvar2":282.055725098,"max":119.656532288,"mean":26.2311439514,"median":21.9715652466,"min":-1.19975888729,"var":233.748580933},"spectral_rms":{"dmean":0.00157680409029,"dmean2":0.00254240795039,"dvar":0.0000041176049308,"dvar2":0.0000101421173895,"max":0.0247425399721,"mean":0.00856016762555,"median":0.0084223728627,"min":3.25297059255e-12,"var":0.00000978197385848},"spectral_rolloff":{"dmean":4282.19335938,"dmean2":8248.49414062,"dvar":58914448,"dvar2":138760176,"max":22028.4667969,"mean":16853.1191406,"median":21404.0039062,"min":43.06640625,"var":71169792},"spectral_skewness":{"dmean":0.531960189342,"dmean2":0.856426894665,"dvar":0.447486937046,"dvar2":1.17572307587,"max":9.18083286285,"mean":3.66043376923,"median":3.31280946732,"min":-0.0199853349477,"var":1.49055016041},"spectral_spread":{"dmean":509054.8125,"dmean2":823497.875,"dvar":326534135808,"dvar2":743677296640,"max":41181308,"mean":3896089.75,"median":3771666.5,"min":1638455.5,"var":920245633024},"spectral_strongpeak":{"dmean":8.28277492523,"dmean2":15.4657487869,"dvar":491.815246582,"dvar2":1361.20556641,"max":224.357910156,"mean":8.18466472626,"median":0.342047572136,"min":0,"var":573.115783691},"zerocrossingrate":{"dmean":0.0439910143614,"dmean2":0.0560783073306,"dvar":0.00131580815651,"dvar2":0.00206179940142,"max":0.94384765625,"mean":0.330826729536,"median":0.31494140625,"min":0.0302734375,"var":0.013601991348}},"metadata":{"audio_properties":{"analysis_sample_rate":44100,"bit_rate":320000,"codec":"mp3","downmix":"mix","equal_loudness":0,"length":343.35345459,"lossless":false,"md5_encoded":"79d2a8a07e2f768738bb8768830145bd","replay_gain":2.63453483582,"sample_rate":44100},"tags":{"acoustid_id":["61d287d3-52e0-4fe4-a45d-366cbfc59357"],"album":["Murder the Mountains"],"albumartist":["Red Fang"],"artist":["Red Fang"],"date":["2011"],"discnumber":["1/1"],"file_name":"02 - Red Fang - Wires.mp3","musicbrainz_albumartistid":["fb2cc158-0ad2-4dc5-a6b6-b2a1a8e2fe65"],"musicbrainz_albumid":["1034ef96-da41-4160-84e8-8c0cee990c05"],"musicbrainz_artistid":["fb2cc158-0ad2-4dc5-a6b6-b2a1a8e2fe65"],"musicbrainz_recordingid":["d863c72d-4971-4f44-9cae-f9e7c48bb3d2"],"musicbrainz_releasegroupid":["0e5b7ba3-2f3f-4405-b79a-9fa92478f83d"],"replaygain_album_gain":["+0.39 dB"],"replaygain_album_peak":["0.261710"],"replaygain_track_gain":["+0.41 dB"],"replaygain_track_peak":["0.260754"],"title":["Wires"],"tracknumber":["2/10"]},"version":{"essentia":"2.1-beta1","essentia_build_sha":"e76a03f03bb3900de42a1fa0d9be1e72f12def64","essentia_git_sha":"v2.1_beta1-28-g21ef5f4-dirty","extractor":"music 1.0"}},"rhythm":{"beats_count":756,"beats_loudness":{"dmean":0.0505271330476,"dmean2":0.089457757771,"dvar":0.00305463047698,"dvar2":0.00886100903153,"max":0.395266830921,"mean":0.104490749538,"median":0.0973635315895,"min":4.07641520539e-9,"var":0.00426047295332},"beats_loudness_band_ratio":{"dmean":[0.195153787732,0.0806387960911,0.0340680070221,0.0385169424117,0.0174726061523,0.0907978266478],"dmean2":[0.340291649103,0.14490236342,0.0594206824899,0.0664772689342,0.030979199335,0.158865958452],"dvar":[0.0224953778088,0.00579205807298,0.00116419629194,0.00122564402409,0.000278012157651,0.00618431903422],"dvar2":[0.0628003254533,0.0170332994312,0.00339399697259,0.00319173955359,0.000858023471665,0.0163639076054],"max":[0.950286388397,0.523327231407,0.234429627657,0.247312873602,0.110255762935,0.735037624836],"mean":[0.547574162483,0.106409333646,0.04986