{"lowlevel":{"average_loudness":0.689855217934,"barkbands":{"dmean":[0.0000598731057835,0.00101319537498,0.00206855591387,0.00211012503132,0.00247893016785,0.000732365821023,0.000373096030671,0.000355962867616,0.000739455688745,0.000515710737091,0.000309459399432,0.000269495707471,0.000132478395244,0.000276092905551,0.000295251054922,0.000152020395035,0.000184533317224,0.0000927268047235,0.0000798686305643,0.00004854378858,0.000056156739447,0.0000413189409301,0.0000240450735873,0.0000103455895442,0.00000639301606498,0.00000337947471962,0.00000101858859125],"dmean2":[0.0000869089417392,0.0017441570526,0.00374216539785,0.00368203432299,0.00419466337189,0.00120338588022,0.000606607063673,0.000561922148336,0.00117753609084,0.000826238130685,0.000497545755934,0.000438883289462,0.00021137726435,0.000442188815214,0.000475528242532,0.000247504940489,0.000308320188196,0.000154393914272,0.000132836445118,0.0000751340485294,0.0000874253237271,0.0000611584982835,0.0000337426681654,0.0000144502882904,0.00000907592675503,0.00000512095039085,0.00000158497221037],"dvar":[2.99369204981e-8,0.00000635931701254,0.0000468479338451,0.0000196937598957,0.0000197146164282,0.00000283544113699,7.87196370311e-7,0.00000204299158213,0.00000393800382881,0.00000295973518405,7.55503435812e-7,0.00000102440174032,2.75675404282e-7,8.55184907778e-7,8.20728814688e-7,1.90776191289e-7,1.70233718677e-7,3.32540182058e-8,1.89486861757e-8,1.01499226801e-8,1.21796324137e-8,7.31605931392e-9,2.9627889031e-9,9.72163682889e-10,4.33275498812e-10,8.56016299511e-11,1.00929429744e-11],"dvar2":[5.93920752578e-8,0.0000177807105501,0.000135878566653,0.0000560390872124,0.0000549135220353,0.0000072997127063,0.00000200397039407,0.00000484894735564,0.00000988317970041,0.00000734894001653,0.00000186561328519,0.00000265671724264,6.21856997896e-7,0.00000213155431084,0.00000206883714782,4.52973637266e-7,4.76427857166e-7,9.07772204073e-8,5.04539521273e-8,2.23869669469e-8,2.74600626682e-8,1.51218859656e-8,5.67614177882e-9,1.48722489879e-9,7.86755827153e-10,1.86854795525e-10,2.23027828844e-11],"max":[0.00200471072458,0.029043700546,0.0715518593788,0.0527595765889,0.0678441226482,0.0304774492979,0.019731534645,0.0452884063125,0.0596929453313,0.0409930497408,0.0204821042717,0.0275939255953,0.017721850425,0.0287987906486,0.0277673564851,0.0216268654913,0.0111223617569,0.00434866687283,0.00230373675004,0.00265403906815,0.00184334244113,0.00174376170617,0.00200714822859,0.00205391622148,0.000762494280934,0.000162918455317,0.0000666466803523],"mean":[0.000066421685915,0.00134683039505,0.00222592731006,0.00333700608462,0.00597691955045,0.0012499348959,0.000590086739976,0.000534769671503,0.00125538615976,0.000800223147962,0.000487387122121,0.000435300928075,0.000211109232623,0.000480380287627,0.000539085245691,0.000314770994009,0.000445541081717,0.000226980439038,0.000218747547478,0.000116524970508,0.000159908551723,0.000113826754387,0.0000622257794021,0.0000257859119301,0.0000138238438012,0.00000609710059507,0.00000140687882322],"median":[0.0000034269853586,0.000568863702938,0.000659594428726,0.00144486944191,0.00274531822652,0.000478457834106,0.000194553038455,0.0000858446437633,0.000419250660343,0.000133526715217,0.000116375580546,0.0000992761051748,0.0000474849221064,0.000050667043979,0.0000638519923086,0.000022202191758,0.0000232664278883,0.0000143959132402,0.00000962944614002,0.0000138148980113,0.0000127482471726,0.00000769853977545,0.00000649286448606,0.00000396880477638,0.00000245043793257,7.51443167246e-7,8.0350304188e-8],"min":[1.98014973491e-23,4.97493047285e-23,6.08676357556e-24,2.18942490896e-23,2.04932510546e-23,4.00618214442e-23,2.44099691149e-23,3.30289055931e-23,3.79763666671e-23,6.60790851871e-23,1.29342277731e-22,1.3205216009e-22,1.11155133737e-22,1.78706416389e-22,5.33269277732e-23,6.9677407942e-23,1.05068920392e-22,3.08406092286e-22,3.24539749302e-22,2.88322880086e-22,4.70771286577e-22,4.76578817453e-22,6.74203292174e-22,8.71887442645e-22,1.18687200379e-21,1.41573920738e-21,2.46281637498e-21],"var":[4.02325071036e-8,0.00000625470602245,0.0000316464356729,0.0000253469061136,0.0000487488505314,0.00000439833320343,0.00000116172054732,0.00000377134142582,0.00000689985199642,0.00000620650689598,0.00000156212479396,0.00000210298708225,4.74929436223e-7,0.00000182806616067,0.00000172448255853,4.77822595712e-7,4.78923141145e-7,1.06807426903e-7,8.05693503025e-8,3.05271328216e-8,5.02363555199e-8,3.00921207952e-8,1.13130491641e-8,3.4144305161e-9,1.20984633423e-9,1.879110062e-10,1.74976092643e-11]},"barkbands_crest":{"dmean":1.9156358242,"dmean2":3.13808608055,"dvar":3.56912112236,"dvar2":9.65937805176,"max":25.5028877258,"mean":10.4362926483,"median":10.0263996124,"min":3.09780740738,"var":11.7333621979},"barkbands_flatness_db":{"dmean":0.0184178650379,"dmean2":0.0279624219984,"dvar":0.000446529506007,"dvar2":0.000929472211283,"max":0.40376085043,"mean":0.174598127604,"median":0.157321289182,"min":0.019718978554,"var":0.00533137330785},"barkbands_kurtosis":{"dmean":3.19826078415,"dmean2":5.14397573471,"dvar":30.0164203644,"dvar2":75.1937255859,"max":159.810638428,"mean":7.80085372925,"median":3.48385643959,"min":-1.98015081882,"var":134.220062256},"barkbands_skewness":{"dmean":0.465486079454,"dmean2":0.739568591118,"dvar":0.276324898005,"dvar2":0.69421684742,"max":11.6852588654,"mean":1.89046120644,"median":1.7893666029,"min":-5.25091743469,"var":1.53715968132},"barkbands_spread":{"dmean":3.37740540504,"dmean2":5.29068756104,"dvar":24.5388069153,"dvar2":51.7962493896,"max":164.020980835,"mean":15.0867109299,"median":12.8704366684,"min":0.820882380009,"var":151.487014771},"dissonance":{"dmean":0.0185370538384,"dmean2":0.0308634024113,"dvar":0.000379106757464,"dvar2":0.000986522063613,"max":0.500000178814,"mean":0.455679088831,"median":0.467964291573,"min":0.238518819213,"var":0.00144953664858},"dynamic_complexity":6.20776128769,"erbbands":{"dmean":[0.0232401043177,0.275931984186,1.81134128571,5.17717552185,7.76235055923,9.88686275482,8.1382484436,5.20771789551,4.86604309082,6.24249601364,9.66118431091,15.0254659653,18.4132213593,13.5223016739,10.3051919937,10.2422227859,6.05193042755,10.8807907104,15.6451416016,12.3874969482,8.09376716614,9.6257019043,5.70740413666,4.1392288208,3.35838031769,2.12025904655,2.28275752068,2.28392362595,1.5986893177,1.06815302372,0.645675599575,0.29558172822,0.144525244832,0.0854922682047,0.0407945923507,0.0156955923885,0.00637050066143,0.00167113484349,0.000180938237463,0.0000117360605145],"dmean2":[0.0393454805017,0.487784057856,3.28124141693,9.1602563858,13.2187919617,17.0290718079,13.7308893204,8.68788528442,8.04337310791,10.0077257156,15.1182899475,24.0789337158,29.435136795,21.6302394867,16.4902553558,16.6938400269,9.59404182434,17.1028671265,25.4631786346,19.3331661224,13.1898784637,16.1327095032,9.43443107605,7.03328084946,5.47496509552,3.24422597885,3.59141254425,3.55928087234,2.39613771439,1.55987942219,0.90946739912,0.419650793076,0.200323060155,0.12104254961,0.0587309673429,0.0235567558557,0.00980190187693,0.00257261539809,0.000280882668449,0.0000189273814613],"dvar":[0.00359585578553,0.528742909431,33.5511512756,181.672866821,227.458099365,298.496063232,315.310974121,132.278137207,140.90032959,260.25302124,1683.13134766,1543.41796875,3742.89379883,1908.16625977,803.882629395,1330.05883789,445.869415283,1338.28198242,1569.72106934,2325.63208008,348.305786133,404.606628418,116.783226013,53.4775695801,38.4800567627,19.1765804291,21.1192817688,19.8710212708,11.415594101,5.09925556183,2.42494702339,0.643070697784,0.224401831627,0.085984274745,0.0154757732525,0.00189868954476,0.000318293081364,0.0000237357107835,3.43942076597e-7,5.67774716131e-10],"dvar2":[0.00988363847136,1.51329946518,97.5960464478,524.399963379,624.279846191,884.818481445,862.888671875,362.731201172,365.007598877,652.926269531,4104.72167969,3684.06274414,9580.66992188,4783.85742188,2038.67895508,3479.31469727,1047.41809082,3277.41430664,3898.61474609,5960.42382812,853.282775879,1121.67004395,317.276702881,149.153686523,96.6080322266,41.3066864014,47.9326782227,44.8395729065,24.7426452637,10.7422599792,4.8118057251,1.0474562645,0.359080314636,0.155761510134,0.0301476251334,0.00404363265261,0.000719325384125,0.000052712548495,7.71607972183e-7,1.3900737228e-9],"max":[0.751039266586,8.28287696838,60.991191864,141.733764648,214.259292603,265.515106201,347.068969727,250.433303833,214.395126343,468.841400146,1275.15722656,1559.02954102,1355.57312012,936.528808594,597.79296875,1205.22705078,598.836730957,972.295410156,840.736938477,1982.70581055,567.929992676,489.052246094,224.065582275,136.208679199,140.128890991,98.2243423462,95.3571472168,75.8236846924,92.3022079468,42.6164093018,64.7340316772,50.8469810486,30.6405105591,10.8676042557,5.12036561966,1.08133339882,0.347809314728,0.111289694905,0.0128123275936,0.000462156545836],"mean":[0.0286032501608,0.358571231365,2.06187391281,7.54130744934,15.7020874023,22.222574234,14.6534919739,9.22100448608,7.54234266281,10.3471059799,15.4221305847,25.3576507568,30.8818321228,23.2040214539,17.434217453,17.5252189636,11.1080350876,19.3234195709,30.1494255066,23.144657135,19.6753501892,24.4452285767,15.3458967209,11.2899427414,8.90563106537,5.38239622116,6.2142624855,6.21310281754,4.3847489357,2.84796524048,1.61862444878,0.743555009365,0.35058221221,0.184798285365,0.0820757672191,0.0304153338075,0.0107265999541,0.00254945573397,0.000258713378571,0.0000327600137098],"median":[0.00999923516065,0.157698974013,0.700088620186,3.06345272064,6.34313392639,10.846578598,5.61306285858,3.86518597603,2.54508781433,3.49031352997,2.86761569977,8.32164001465,7.33794593811,5.59740161896,4.50375175476,4.41131544113,3.08111310005,2.50992155075,4.02932977676,1.90119898319,1.38422548771,1.29593658447,0.907991170883,0.456769227982,0.608677983284,0.650682806969,0.537926793098,0.452073454857,0.288471281528,0.219901353121,0.186327129602,0.0909217596054,0.0617857649922,0.0338474363089,0.0135922729969,0.00464038643986,0.0011685974896,0.000185493147001,0.0000250505545409,0.0000127132498164],"min":[1.5767159055e-21,1.02755453385e-20,1.25149712493e-20,4.56957640959e-20,4.44890077485e-20,1.08923763446e-19,1.3825226632e-19,4.08066730188e-19,2.24535282145e-19,6.70182094182e-19,7.47206050896e-19,9.79592362729e-19,2.00368931716e-18,2.77574082343e-18,5.0477418887e-18,5.14109335673e-18,4.86892818773e-18,1.01761909626e-17,4.13084774845e-18,3.61198340639e-18,2.96918342032e-18,6.07015284225e-18,1.20227740728e-17,2.08060325885e-17,1.42896708133e-17,1.24052284736e-17,1.95357842614e-17,1.76099771008e-17,1.90616211732e-17,1.945105946e-17,1.87450029045e-17,1.76538838477e-17,1.30168143857e-17,1.30014602592e-17,8.60342614183e-18,5.445289027e-18,2.89960884541e-18,1.01501078899e-18,3.51952038203e-19,3.63409329792e-20],"var":[0.00353123922832,0.461336135864,23.0147151947,163.78024292,404.143371582,732.386657715,477.605926514,215.861495972,197.355697632,418.346801758,3064.79882812,3035.71777344,6892.70117188,3695.01342773,1827.80688477,2852.05908203,897.785095215,2677.98022461,3693.24536133,4463.609375,1198.53759766,1321.81945801,464.278503418,210.260879517,147.774093628,62.8149375916,77.3463287354,77.1959381104,44.0120124817,20.4122467041,8.26548290253,2.28104996681,0.732455670834,0.239006742835,0.0393409989774,0.00445753475651,0.000624420237727,0.0000438859387941,5.82082748224e-7,1.65456048862e-9]},"erbbands_crest":{"dmean":1.93912994862,"dmean2":3.19188952446,"dvar":4.64953613281,"dvar2":12.0471067429,"max":28.1195869446,"mean":8.14098548889,"median":7.31941556931,"min":2.26320910454,"var":13.6463222504},"erbbands_flatness_db":{"dmean":0.014014352113,"dmean2":0.0200556106865,"dvar":0.000269882468274,"dvar2":0.000494106381666,"max":0.344957768917,"mean":0.171753808856,"median":0.166908428073,"min":0.0237594544888,"var":0.00233564083464},"erbbands_kurtosis":{"dmean":0.910639941692,"dmean2":1.43028652668,"dvar":3.43881464005,"dvar2":7.37652587891,"max":53.4579772949,"mean":1.30961990356,"median":-0.117980003357,"min":-1.7978322506,"var":23.7407646179},"erbbands_skewness":{"dmean":0.307307481766,"dmean2":0.476128101349,"dvar":0.119223497808,"dvar2":0.250379920006,"max":6.22986316681,"mean":0.496521145105,"median":0.247175067663,"min":-3.34804534912,"var":1.13021254539},"erbbands_spread":{"dmean":6.01355218887,"dmean2":9.26369953156,"dvar":57.4942016602,"dvar2":127.247665405,"max":128.431640625,"mean":36.1511955261,"median":31.6548233032,"min":2.46371603012,"var":349.453765869},"gfcc":{"cov":[[22781.5136719,-1235.03686523,-3223.92944336,720.015563965,-742.295593262,-501.11706543,-819.975036621,267.637268066,-468.393218994,85.4396286011,-1047.84143066,192.976409912,-270.506988525],[-1235.03686523,1942.00195312,274.143859863,-442.499816895,52.0117607117,163.004455566,114.710929871,-175.928070068,124.262741089,-200.724639893,228.648925781,-167.288665771,112.185585022],[-3223.92944336,274.143859863,1003.72839355,-18.0702362061,11.3805942535,106.714920044,106.202575684,-41.9414024353,5.69985485077,10.1109619141,176.405319214,-22.641740799,8.27978992462],[720.015563965,-442.499816895,-18.0702362061,461.279327393,-3.78881978989,-85.6731491089,-32.1002235413,35.3028144836,-5.86468648911,39.3933868408,-57.920375824,16.8249797821,-25.4003734589],[-742.295593262,52.0117607117,11.3805942535,-3.78881978989,265.758239746,37.4085617065,28.8983287811,-7.15128660202,58.2517814636,10.0599956512,-5.98074531555,0.919871985912,10.840842247],[-501.11706543,163.004455566,106.714920044,-85.6731491089,37.4085617065,158.347213745,45.4169692993,-8.50035190582,2.51518344879,-6.60220909119,42.1780967712,-17.4049701691,13.0573863983],[-819.975036621,114.710929871,106.202575684,-32.1002235413,28.8983287811,45.4169692993,144.651702881,10.8877191544,15.7679929733,-11.319896698,47.4131813049,-7.51835918427,-0.224781751633],[267.637268066,-175.928070068,-41.9414024353,35.3028144836,-7.15128660202,-8.50035190582,10.8877191544,96.3891143799,9.03850269318,23.5217990875,-33.0190238953,13.0951833725,-12.7546539307],[-468.393218994,124.262741089,5.69985485077,-5.86468648911,58.2517814636,2.51518344879,15.7679929733,9.03850269318,109.401992798,-2.99005532265,16.8529186249,-30.9662151337,14.3511142731],[85.4396286011,-200.724639893,10.1109619141,39.3933868408,10.0599956512,-6.60220909119,-11.319896698,23.5217990875,-2.99005532265,83.2406158447,-10.7531576157,20.8978157043,-19.4634971619],[-1047.84143066,228.648925781,176.405319214,-57.920375824,-5.98074531555,42.1780967712,47.4131813049,-33.0190238953,16.8529186249,-10.7531576157,124.637611389,-8.48335456848,21.1385116577],[192.976409912,-167.288665771,-22.641740799,16.8249797821,0.919871985912,-17.4049701691,-7.51835918427,13.0951833725,-30.9662151337,20.8978157043,-8.48335456848,67.8147964478,-0.595391750336],[-270.506988525,112.185585022,8.27978992462,-25.4003734589,10.840842247,13.0573863983,-0.224781751633,-12.7546539307,14.3511142731,-19.4634971619,21.1385116577,-0.595391750336,56.0251502991]],"icov":[[0.000280932494206,-0.000551144359633,0.000678327050991,-0.000569471798372,0.000681895588059,-0.000340308441082,0.000746213539969,-0.000477694586152,0.000671932531986,-0.000596946221776,0.00150659424253,-0.00102498359047,0.000984388403594],[-0.000551144359633,0.00252082315274,-0.00136178929824,0.00191902054939,-0.001460248488,0.000513469509315,-0.00168060197029,0.0020383882802,-0.00195915508084,0.00302007468417,-0.00422223098576,0.00404940592125,-0.00283020036295],[0.000678327050991,-0.00136178929824,0.0030755167827,-0.00165839365218,0.00156760530081,-0.00128187227529,0.00143198482692,-0.00107476406265,0.00201716204174,-0.00191172224004,0.0017192598898,-0.00208627758548,0.00270043383352],[-0.000569471798372,0.00191902054939,-0.00165839365218,0.00423091556877,-0.0015764629934,0.00190901674796,-0.00156029092614,0.00111439893954,-0.00166420824826,0.00143614388071,-0.00286802183837,0.00329293287359,-0.00227908650413],[0.000681895588059,-0.001460248488,0.00156760530081,-0.0015764629934,0.00666566565633,-0.00230258423835,0.000743374519516,0.000543924106751,-0.00178426865023,-0.00237138220109,0.00579300755635,-0.00467350846156,0.00204150914215],[-0.000340308441082,0.000513469509315,-0.00128187227529,0.00190901674796,-0.00230258423835,0.00923401955515,-0.00235488940962,-0.000466967147077,0.00144675944466,-0.000297905964544,-0.00305919302627,0.00390959717333,-0.00271696248092],[0.000746213539969,-0.00168060197029,0.00143198482692,-0.00156029092614,0.000743374519516,-0.00235488940962,0.0114549985155,-0.00432012649253,0.00168715196196,0.000326464767568,0.000691586348694,-0.00311493594199,0.00490382919088],[-0.000477694586152,0.0020383882802,-0.00107476406265,0.00111439893954,0.000543924106751,-0.000466967147077,-0.00432012649253,0.0158834252506,-0.00522996578366,-0.00053254456725,0.00122209300753,-0.00000459974171463,-0.00142829702236],[0.000671932531986,-0.00195915508084,0.00201716204174,-0.00166420824826,-0.00178426865023,0.00144675944466,0.00168715196196,-0.00522996578366,0.0162988379598,-0.00344102457166,0.000946641899645,0.00454868189991,-0.000740383111406],[-0.000596946221776,0.00302007468417,-0.00191172224004,0.00143614388071,-0.00237138220109,-0.000297905964544,0.000326464767568,-0.00053254456725,-0.00344102457166,0.0195998903364,-0.00569317303598,-0.0000547107520106,0.00225035473704],[0.00150659424253,-0.00422223098576,0.0017192598898,-0.00286802183837,0.00579300755635,-0.00305919302627,0.000691586348694,0.00122209300753,0.000946641899645,-0.00569317303598,0.0243686307222,-0.00918293651193,0.002535328269],[-0.00102498359047,0.00404940592125,-0.00208627758548,0.00329293287359,-0.00467350846156,0.00390959717333,-0.00311493594199,-0.00000459974171463,0.00454868189991,-0.0000547107520106,-0.00918293651193,0.0277296304703,-0.0087014073506],[0.000984388403594,-0.00283020036295,0.00270043383352,-0.00227908650413,0.00204150914215,-0.00271696248092,0.00490382919088,-0.00142829702236,-0.000740383111406,0.00225035473704,0.002535328269,-0.0087014073506,0.0266920085996]],"mean":[-74.9704666138,122.717247009,-104.766738892,32.8946876526,-55.2241363525,9.17269229889,-34.9798698425,-7.12091159821,-24.5630512238,-13.5836801529,-21.823846817,-5.48731136322,-8.07531929016]},"hfc":{"dmean":3.00124621391,"dmean2":4.59068632126,"dvar":26.1405467987,"dvar2":59.764377594,"max":82.964630127,"mean":13.8423175812,"median":4.11644268036,"min":1.15486946953e-16,"var":243.982818604},"melbands":{"dmean":[0.000237174434005,0.000747296668123,0.000942057231441,0.000578856794164,0.000320726103382,0.00012072519894,0.0000730629544705,0.0000653605820844,0.0000910717790248,0.0000985804726952,0.000093290786026,0.0000570574702579,0.0000402176774514,0.0000294999372272,0.0000214759784285,0.0000127235653054,0.0000233888858929,0.0000283371919068,0.0000197441331693,0.0000123289919429,0.0000109802140287,0.0000111810550152,0.00000878026548889,0.00000398008114644,0.00000385837347494,0.00000301928685076,0.00000196800397134,0.00000154121028118,0.00000164202674569,0.00000158836303399,0.00000142748240251,0.000001012913458,8.87717874321e-7,5.74573448375e-7,4.25969915341e-7,3.10004566018e-7,1.52768691919e-7,1.10948292331e-7,9.23948064724e-8,6.98815156852e-8],"dmean2":[0.000402469391702,0.00134770444129,0.00165625521913,0.000980988028459,0.000547377800103,0.000199896196136,0.000120271499327,0.000104498460132,0.000143322860822,0.000158017035574,0.000148867431562,0.0000908875081223,0.0000643330567982,0.0000481428105559,0.0000345638727595,0.0000198758825718,0.0000369520021195,0.0000461324889329,0.000031362655136,0.000019265251467,0.0000180574861588,0.0000189375714399,0.0000145182002598,0.00000668245729685,0.00000659490888211,0.00000497713017467,0.00000318832599078,0.00000240190638578,0.00000262034700427,0.00000254162750934,0.00000226350380217,0.00000156615249125,0.00000135823972869,8.54021720897e-7,6.20543062269e-7,4.57807232124e-7,2.25507491791e-7,1.60331978805e-7,1.29895894929e-7,1.02720619566e-7],"dvar":[3.37479292511e-7,0.00000551253924641,0.00000448120772489,0.00000115923558042,3.81299884111e-7,7.1984437966e-8,3.02600895452e-8,2.93388477957e-8,1.3092973461e-7,6.79031444406e-8,9.56780255024e-8,3.56932190471e-8,1.17513039299e-8,1.64126152669e-8,4.11945144663e-9,2.83225243258e-9,6.57751408895e-9,5.85481085835e-9,5.13932851831e-9,2.18016915632e-9,6.06831418448e-10,6.04136130011e-10,3.34897720666e-10,5.41275149701e-11,4.71724118101e-11,3.00861557889e-11,1.6511514378e-11,1.01777839628e-11,1.04327076492e-11,9.99539513657e-12,7.82959981571e-12,4.81673988889e-12,3.31352935541e-12,1.47880774466e-12,1.02483635727e-12,6.34239405786e-13,1.96079331699e-13,1.21396016611e-13,1.10556888351e-13,5.87368763111e-14],"dvar2":[9.34680713272e-7,0.0000160655235959,0.0000129308964461,0.0000032637158256,0.00000109377731405,1.93319948494e-7,7.78038540261e-8,7.24756361592e-8,3.22988285006e-7,1.67317722344e-7,2.44818835426e-7,8.89785738423e-8,2.86007004746e-8,4.23046877529e-8,9.99993066131e-9,6.45283648737e-9,1.61213602468e-8,1.44496388188e-8,1.27792407767e-8,5.45157519127e-9,1.53467738517e-9,1.68545910562e-9,9.01154206812e-10,1.48236437014e-10,1.33857758211e-10,7.86326143087e-11,4.01713974585e-11,2.28916399725e-11,2.45550975386e-11,2.47444096463e-11,1.84192262137e-11,1.12180360487e-11,7.6477539579e-12,3.2293629576e-12,2.13751802716e-12,1.3530330285e-12,3.15634725388e-13,2.05582404399e-13,1.99081284227e-13,1.16592987435e-13],"max":[0.00644796341658,0.0248489305377,0.0208581183106,0.0167720448226,0.0110642258078,0.00558733707294,0.0031221061945,0.00501561304554,0.0105352168903,0.00865664985031,0.00681810127571,0.00411286577582,0.00258234655485,0.00383245642297,0.00251714955084,0.00196973816492,0.00239594932646,0.00197155843489,0.00197621621192,0.00201868033037,0.000556107028387,0.000737621739972,0.00047511208686,0.000210017344216,0.000128175131977,0.000107813342765,0.000135454887641,0.0000657239434076,0.0000588693437749,0.0000662639358779,0.0000509494493599,0.0000563412504562,0.0000330685725203,0.0000250559369306,0.0000333068492182,0.0000454797118437,0.0000258588552242,0.0000206007516681,0.0000204675015993,0.00000889780403668],"mean":[0.000316856487188,0.000885296962224,0.00157553551253,0.00136904686224,0.000652227899991,0.000213225066545,0.000114961840154,0.00010738435958,0.000139774565469,0.000167402773513,0.000153114553541,0.0000941579637583,0.0000649648209219,0.0000466798846901,0.0000374306655431,0.0000201261991606,0.0000387003892683,0.0000512070291734,0.0000353419891326,0.0000229391407629,0.0000237039184867,0.0000255894501606,0.000020633719032,0.00000945964802668,0.00000918772002478,0.00000762458648751,0.00000437504058937,0.00000344012164533,0.0000039371375351,0.00000384786335417,0.00000346216484104,0.00000243150452661,0.00000216796775021,0.00000136452558763,9.65019353316e-7,7.06833020558e-7,3.50598497789e-7,2.52934199807e-7,1.97906686594e-7,1.3838968016e-7],"median":[0.000128355633933,0.000328709778842,0.000683931051753,0.000643669627607,0.000278887513559,0.0000858682324179,0.0000393228037865,0.00003351939813,0.0000249295608228,0.0000564779620618,0.0000342742496287,0.0000211249080166,0.0000162002688739,0.00000922254912439,0.0000109025077109,0.00000407925745094,0.00000437022299593,0.0000068613617259,0.0000029389680094,0.00000178562572728,0.00000163360061833,0.00000136364428727,0.00000117653257803,5.56098996185e-7,3.30519412728e-7,3.97501395355e-7,4.80553524085e-7,4.05753240784e-7,3.49238547415e-7,2.99595029674e-7,2.38084254534e-7,1.66544396052e-7,1.4514732527e-7,1.14428161169e-7,1.13035625304e-7,7.88967184917e-8,4.80704258621e-8,4.00947754997e-8,3.87934164792e-8,2.50091360954e-8],"min":[1.50609623792e-23,9.28830152242e-24,7.75388028707e-24,4.75129858252e-24,5.16759823158e-24,8.48573731442e-24,3.75500039139e-24,7.90639707676e-24,6.00422742562e-24,5.66822158938e-24,9.84924394605e-24,1.03583290203e-23,1.91027858904e-23,1.54095111038e-23,1.04234463326e-23,1.43629309186e-23,1.85842897055e-23,6.93085144946e-24,4.30667685482e-24,5.17231680308e-24,2.8820615076e-24,5.34222915903e-24,8.21340359727e-24,1.52005039847e-23,1.74198016362e-23,1.23410504418e-23,1.00354861172e-23,6.82191054731e-24,1.34734460718e-23,9.58120794311e-24,1.02230291199e-23,1.10660595258e-23,8.54535232189e-24,1.2914444246e-23,1.21534238198e-23,8.96498609156e-24,1.13122480259e-23,8.91330544707e-24,8.95196436459e-24,1.19661963614e-23],"var":[3.46669992268e-7,0.00000384164695788,0.00000503116416439,0.0000025235844987,7.29756038709e-7,1.17816590262e-7,4.35359766016e-8,4.80609116948e-8,2.30591709283e-7,1.24365186593e-7,1.79537991585e-7,7.09320815417e-8,2.74701630332e-8,3.27171747472e-8,1.0992209809e-8,4.74862726918e-9,1.27538699601e-8,1.28780399677e-8,1.10631237504e-8,4.413938548e-9,1.67924119054e-9,1.53748958009e-9,1.10579156942e-9,1.71533107163e-10,1.47565196174e-10,1.076534209e-10,4.47685985505e-11,2.78866131576e-11,3.22449705825e-11,3.1605829065e-11,2.53576413339e-11,1.47363996006e-11,1.14889183236e-11,5.14078710157e-12,3.09844099163e-12,1.76242657621e-12,6.50558112155e-13,3.87840015095e-13,2.85916418579e-13,1.42623814234e-13]},"melbands_crest":{"dmean":2.37310504913,"dmean2":3.94590759277,"dvar":5.9012465477,"dvar2":16.3208904266,"max":37.7067832947,"mean":13.3644838333,"median":12.965130806,"min":1.93610548973,"var":13.7186784744},"melbands_flatness_db":{"dmean":0.0216465312988,"dmean2":0.032953619957,"dvar":0.000644668878522,"dvar2":0.00140525947791,"max":0.527803599834,"mean":0.249880820513,"median":0.234179615974,"min":0.00653338199481,"var":0.00851915497333},"melbands_kurtosis":{"dmean":6.37594556808,"dmean2":10.413898468,"dvar":127.209075928,"dvar2":333.535644531,"max":287.690765381,"mean":16.7369728088,"median":11.2764883041,"min":-1.75757443905,"var":439.421875},"melbands_skewness":{"dmean":0.60179579258,"dmean2":0.960079014301,"dvar":0.489806115627,"dvar2":1.26029860973,"max":13.8553256989,"mean":2.87605476379,"median":2.78853106499,"min":-2.33356523514,"var":1.96143531799},"melbands_spread":{"dmean":4.0762629509,"dmean2":6.45298671722,"dvar":39.8120079041,"dvar2":96.1765213013,"max":203.343597412,"mean":16.1234359741,"median":12.6782636642,"min":0.867342054844,"var":328.233215332},"mfcc":{"cov":[[17822.4492188,-2200.62182617,-2691.32617188,770.891540527,-604.527404785,-331.208862305,-845.69329834,-7.10717344284,220.158599854,-284.021484375,-48.3963356018,-218.108200073,-392.341949463],[-2200.62182617,1955.43652344,402.187713623,-461.325958252,104.219459534,75.6242141724,147.016769409,36.253692627,-51.4725494385,64.557182312,-60.250579834,1.9715679884,58.9650764465],[-2691.32617188,402.187713623,920.714904785,-30.4301662445,41.3936004639,47.4074058533,163.253250122,-8.37074661255,-89.0709457397,44.9704208374,-5.91028261185,33.4576683044,89.523651123],[770.891540527,-461.325958252,-30.4301662445,398.206939697,25.7683162689,-11.2208366394,-48.6607513428,-9.08967399597,27.5685119629,-14.0484018326,21.2496070862,-0.203507497907,-21.2609081268],[-604.527404785,104.219459534,41.3936004639,25.7683162689,210.641983032,56.5195884705,2.32923865318,-5.96480226517,33.1780662537,19.7298316956,12.5712738037,8.39195346832,0.268874377012],[-331.208862305,75.6242141724,47.4074058533,-11.2208366394,56.5195884705,113.250175476,52.1993751526,1.21622228622,1.4109634161,10.2881698608,6.68187332153,4.69261550903,0.835865259171],[-845.69329834,147.016769409,163.253250122,-48.6607513428,2.32923865318,52.1993751526,142.85824585,29.5482826233,-22.5292739868,10.2236766815,4.50055503845,13.2667808533,27.3507862091],[-7.10717344284,36.253692627,-8.37074661255,-9.08967399597,-5.96480226517,1.21622228622,29.5482826233,73.7620697021,21.2091712952,5.14678668976,-0.16582930088,0.678526103497,0.441943585873],[220.158599854,-51.4725494385,-89.0709457397,27.5685119629,33.1780662537,1.4109634161,-22.5292739868,21.2091712952,89.4013977051,24.4418449402,12.5353450775,-2.54557871819,-13.880856514],[-284.021484375,64.557182312,44.9704208374,-14.0484018326,19.7298316956,10.2881698608,10.2236766815,5.14678668976,24.4418449402,71.7674560547,21.3289775848,0.188441962004,3.04555082321],[-48.3963356018,-60.250579834,-5.91028261185,21.2496070862,12.5712738037,6.68187332153,4.50055503845,-0.16582930088,12.5353450775,21.3289775848,61.0272331238,22.302904129,-3.33690857887],[-218.108200073,1.9715679884,33.4576683044,-0.203507497907,8.39195346832,4.69261550903,13.2667808533,0.678526103497,-2.54557871819,0.188441962004,22.302904129,55.8913230896,23.3002357483],[-392.341949463,58.9650764465,89.523651123,-21.2609081268,0.268874377012,0.835865259171,27.3507862091,0.441943585873,-13.880856514,3.04555082321,-3.33690857887,23.3002357483,57.319568634]],"icov":[[0.000162533266121,-0.0000145622898344,0.000327480869601,-0.000258559914073,0.000453125074273,-0.000178150919965,0.000533661106601,-0.000157709611813,-0.0000288831433863,0.000244895520154,-0.0000197115514311,0.000196415290702,0.000166163925314],[-0.0000145622898344,0.000880618521478,-0.000275924685411,0.00094791688025,-0.000569082854781,-0.0000313062337227,-0.000203261064598,-0.000346789689502,0.000280338135781,-0.000629496353213,0.000854905811138,-0.000141899028677,0.0000885480258148],[0.000327480869601,-0.000275924685411,0.00250223581679,-0.00107960973401,0.000545607123058,0.0000203369763767,-0.000585353467613,0.000243116432102,0.0014634890249,-0.000886454537977,0.000389131397242,0.000246415060246,-0.00118455966003],[-0.000258559914073,0.00094791688025,-0.00107960973401,0.00422436138615,-0.00148590758909,0.000264751230134,-0.0000719205709174,-0.0000340431688528,-0.000627303961664,0.000344694417436,-0.000463766074972,-0.000183511016075,0.000423203397077],[0.000453125074273,-0.000569082854781,0.000545607123058,-0.00148590758909,0.00783531181514,-0.00387706747279,0.00280800042674,0.000518286367878,-0.00278830085881,0.000793887127656,-0.000725482066628,0.0000108688018372,0.000195526357857],[-0.000178150919965,-0.0000313062337227,0.0000203369763767,0.000264751230134,-0.00387706747279,0.0133399069309,-0.00651629595086,0.00218220241368,-0.0000636024633422,-0.000853327626828,0.0002491689811,-0.00070964009501,0.00212831026874],[0.000533661106601,-0.000203261064598,-0.000585353467613,-0.0000719205709174,0.00280800042674,-0.00651629595086,0.0153952976689,-0.00643881037831,0.00210852571763,0.00110493844841,-0.00215120892972,0.00100101414137,-0.00254535418935],[-0.000157709611813,-0.000346789689502,0.000243116432102,-0.0000340431688528,0.000518286367878,0.00218220241368,-0.00643881037831,0.0179796442389,-0.00582989677787,0.000322452309774,0.00113071454689,-0.000714300549589,0.000711651227903],[-0.0000288831433863,0.000280338135781,0.0014634890249,-0.000627303961664,-0.00278830085881,-0.0000636024633422,0.00210852571763,-0.00582989677787,0.0179864317179,-0.00664797564968,-0.000101600046037,-0.000527086434886,0.000965628307313],[0.000244895520154,-0.000629496353213,-0.000886454537977,0.000344694417436,0.000793887127656,-0.000853327626828,0.00110493844841,0.000322452309774,-0.00664797564968,0.0207122936845,-0.00862198974937,0.00508234137669,-0.00196313182823],[-0.0000197115514311,0.000854905811138,0.000389131397242,-0.000463766074972,-0.000725482066628,0.0002491689811,-0.00215120892972,0.00113071454689,-0.000101600046037,-0.00862198974937,0.0256767049432,-0.012592472136,0.00627048173919],[0.000196415290702,-0.000141899028677,0.000246415060246,-0.000183511016075,0.0000108688018372,-0.00070964009501,0.00100101414137,-0.000714300549589,-0.000527086434886,0.00508234137669,-0.012592472136,0.0283664222807,-0.0120860012248],[0.000166163925314,0.0000885480258148,-0.00118455966003,0.000423203397077,0.000195526357857,0.00212831026874,-0.00254535418935,0.000711651227903,0.000965628307313,-0.00196313182823,0.00627048173919,-0.0120860012248,0.0272926036268]],"mean":[-713.753173828,147.137756348,11.1998500824,25.8223381042,3.19794988632,11.2957410812,-3.80216145515,5.44552755356,-1.62270343304,-3.56721568108,-9.70164394379,-9.76395702362,-10.2841815948]},"pitch_salience":{"dmean":0.0550843700767,"dmean2":0.0908591374755,"dvar":0.00279660755768,"dvar2":0.0077780992724,"max":0.918330907822,"mean":0.626611292362,"median":0.639386057854,"min":0.1014527753,"var":0.00907913316041},"silence_rate_20dB":{"dmean":0,"dmean2":0,"dvar":0,"dvar2":0,"max":1,"mean":1,"median":1,"min":1,"var":0},"silence_rate_30dB":{"dmean":0,"dmean2":0,"dvar":0,"dvar2":0,"max":1,"mean":1,"median":1,"min":1,"var":0},"silence_rate_60dB":{"dmean":0.0466452986002,"dmean2":0.0933009088039,"dvar":0.0444663092494,"dvar2":0.104284636676,"max":1,"mean":0.205570295453,"median":0,"min":0,"var":0.163292899728},"spectral_centroid":{"dmean":150.455551147,"dmean2":236.461837769,"dvar":48314.1757812,"dvar2":104255.671875,"max":10993.2226562,"mean":888.398498535,"median":782.765380859,"min":169.247680664,"var":381021.25},"spectral_complexity":{"dmean":2.32607483864,"dmean2":3.65200090408,"dvar":8.18683242798,"dvar2":17.5903148651,"max":57,"mean":17.5348148346,"median":10,"min":0,"var":182.671844482},"spectral_contrast_coeffs":{"dmean":[0.0403209328651,0.0407593846321,0.0355071909726,0.0266298558563,0.0168823041022,0.0142831327394],"dmean2":[0.0673869922757,0.0668920204043,0.0566565953195,0.0426566265523,0.0275364182889,0.0230326652527],"dvar":[0.00133679993451,0.00119607069064,0.000941547565162,0.00055542262271,0.00020418301574,0.000204902811674],"dvar2":[0.00375263113528,0.00323525303975,0.00227313418873,0.00127338327002,0.000513413688168,0.000492357765324],"max":[-0.299892246723,-0.43977868557,-0.515706598759,-0.54089140892,-0.672262132168,-0.61016190052],"mean":[-0.591355860233,-0.742348730564,-0.763771653175,-0.782536864281,-0.815834164619,-0.751504004002],"median":[-0.591072678566,-0.744461774826,-0.772127151489,-0.786308050156,-0.812102377415,-0.76139998436],"min":[-0.948361337185,-0.968365132809,-0.966111838818,-0.966985583305,-0.966214716434,-0.963763058186],"var":[0.00765585713089,0.00398029759526,0.00575258163735,0.00417041359469,0.00143436552025,0.00310108810663]},"spectral_contrast_valleys":{"dmean":[0.346377462149,0.325030237436,0.305893361568,0.268267631531,0.211004883051,0.23218216002],"dmean2":[0.579357802868,0.528938889503,0.48034325242,0.415454953909,0.311357975006,0.301022738218],"dvar":[0.122262306511,0.0910134986043,0.0929930210114,0.0953112542629,0.101006887853,0.113940984011],"dvar2":[0.310088336468,0.209325417876,0.185583129525,0.176523581147,0.174424931407,0.190578207374],"max":[-5.23755693436,-4.7852025032,-5.20040369034,-5.87623596191,-5.84411239624,-7.90104389191],"mean":[-7.47389793396,-7.36076688766,-7.88508319855,-8.51558685303,-8.42887973785,-11.2632017136],"median":[-7.35126638412,-7.2017583847,-7.58155250549,-8.37206840515,-8.46442985535,-10.9989519119],"min":[-27.158624649,-26.9223632812,-27.0354003906,-27.2096233368,-27.0713996887,-27.1283473969],"var":[1.73211407661,2.24396324158,2.49442243576,2.87913560867,3.44869446754,2.44461393356]},"spectral_decrease":{"dmean":1.84399462366e-9,"dmean2":3.13777026584e-9,"dvar":1.38982869978e-17,"dvar2":3.93312767653e-17,"max":9.86825809031e-17,"mean":-5.29560617579e-9,"median":-2.47462805802e-9,"min":-3.89404490875e-8,"var":3.17474764599e-17},"spectral_energy":{"dmean":0.00717172259465,"dmean2":0.0121655985713,"dvar":0.00020581400895,"dvar2":0.000580316293053,"max":0.152815759182,"mean":0.0212423671037,"median":0.00965828727931,"min":1.03790099619e-20,"var":0.000506293727085},"spectral_energyband_high":{"dmean":0.000127365638036,"dmean2":0.000172287866008,"dvar":7.08532041926e-8,"dvar2":1.19576682778e-7,"max":0.00661673489958,"mean":0.000451802829048,"median":0.0000450560546597,"min":7.28173151682e-21,"var":4.09174532479e-7},"spectral_energyband_low":{"dmean":0.00376913719811,"dmean2":0.0066937203519,"dvar":0.00013105601829,"dvar2":0.000380994955776,"max":0.117923848331,"mean":0.00515709957108,"median":0.00210489425808,"min":7.9977703621e-23,"var":0.000100429700979},"spectral_energyband_middle_high":{"dmean":0.00119240104686,"dmean2":0.00183441734407,"dvar":0.00000608444679528,"dvar2":0.0000150707883222,"max":0.0466217063367,"mean":0.00404913257807,"median":0.00101364916191,"min":1.62681708006e-21,"var":0.0000344720283465},"spectral_energyband_middle_low":{"dmean":0.00467187911272,"dmean2":0.00781763531268,"dvar":0.000062687220634,"dvar2":0.000168736965861,"max":0.0896777436137,"mean":0.0132182613015,"median":0.00663279928267,"min":1.98359011509e-22,"var":0.000194752399693},"spectral_entropy":{"dmean":0.141465216875,"dmean2":0.209373682737,"dvar":0.0388665683568,"dvar2":0.0717383101583,"max":9.8247423172,"mean":7.16071987152,"median":7.48656797409,"min":4.94068336487,"var":0.532533288002},"spectral_flux":{"dmean":0.0172747597098,"dmean2":0.0271824561059,"dvar":0.000745448109228,"dvar2":0.00151029240806,"max":0.308200985193,"mean":0.0611508600414,"median":0.0454080924392,"min":1.01877423164e-10,"var":0.00299557112157},"spectral_kurtosis":{"dmean":3.03436017036,"dmean2":5.28344964981,"dvar":23.3189468384,"dvar2":65.8018569946,"max":73.7148895264,"mean":8.65005397797,"median":4.74983930588,"min":-1.21174514294,"var":81.1505508423},"spectral_rms":{"dmean":0.000600642932113,"dmean2":0.000990556087345,"dvar":8.98169673746e-7,"dvar2":0.00000244543775807,"max":0.0122101819143,"mean":0.00389374676161,"median":0.00306964176707,"min":3.18211624585e-12,"var":0.00000556298800802},"spectral_rolloff":{"dmean":268.124237061,"dmean2":454.577972412,"dvar":305544.875,"dvar2":652005.0625,"max":21705.46875,"mean":1105.40222168,"median":710.595703125,"min":64.599609375,"var":4404260.5},"spectral_skewness":{"dmean":0.287838846445,"dmean2":0.483003169298,"dvar":0.146565526724,"dvar2":0.36951610446,"max":6.9243478775,"mean":2.05031347275,"median":1.61284303665,"min":0.00529990810901,"var":1.10488200188},"spectral_spread":{"dmean":373048.125,"dmean2":550878.5625,"dvar":335303278592,"dvar2":567441227776,"max":41452840,"mean":3767216,"median":3683659.5,"min":1000212.5,"var":2273839153150},"spectral_strongpeak":{"dmean":0.34742680192,"dmean2":0.603275775909,"dvar":0.544196665287,"dvar2":1.42499125004,"max":12.5503044128,"mean":0.587446987629,"median":0.315200686455,"min":0,"var":0.779977977276},"zerocrossingrate":{"dmean":0.0062375003472,"dmean2":0.00754968309775,"dvar":0.0000834504971863,"dvar2":0.000102282931039,"max":0.8291015625,"mean":0.0491961166263,"median":0.0390625,"min":0.00390625,"var":0.00501654203981}},"metadata":{"audio_properties":{"analysis_sample_rate":44100,"bit_rate":0,"codec":"flac","downmix":"mix","equal_loudness":0,"length":210.066665649,"lossless":true,"md5_encoded":"25167b0ae0a42af9cc35475c8cf112bc","replay_gain":-12.64112854},"tags":{"acoustid_id":["ca6fa86d-a2ae-4520-a072-53b5fbab7b45"],"album":["Foo Fighters"],"albumartist":["Foo Fighters"],"artist":["Foo Fighters"],"discnumber":["1"],"disctotal":["1"],"file_name":"09 - Foo Fighters - For All the Cows.flac","musicbrainz_albumartistid":["67f66c07-6e61-4026-ade5-7e782fad3a5d"],"musicbrainz_albumid":["3264956b-3373-4aac-bb2f-6c3ef00aee32"],"musicbrainz_artistid":["67f66c07-6e61-4026-ade5-7e782fad3a5d"],"musicbrainz_recordingid":["d876eef0-c8e5-4dea-b649-b05d1fa66360"],"musicbrainz_releasegroupid":["440c9ce8-8ce4-3103-a745-0b385ae70a34"],"replaygain_album_gain":["-7.97 dB"],"replaygain_album_peak":["1.000000"],"replaygain_track_gain":["-6.95 dB"],"replaygain_track_peak":["0.986023"],"title":["For All the Cows"],"tracknumber":["9"],"tracktotal":["12"]},"version":{"essentia":"2.1-beta1","essentia_build_sha":"46c2b6830b139c2e69ed9f3e0d9145e1b8fbae31","essentia_git_sha":"v2.1_beta1-6-g5578087","extractor":"music 1.0"}},"rhythm":{"beats_count":423,"beats_loudness":{"dmean":0.0106552932411,"dmean2":0.0187403708696,"dvar":0.000148360442836,"dvar2":0.00044213453657,"max":0.0955228582025,"mean":0.0259720422328,"median":0.0153507478535,"min":3.79258513483e-10,"var":0.000561575579923},"beats_loudness_band_ratio":{"dmean":[0.199416771531,0.168938338757,0.080539278686,0.0693642422557,0.0419078543782,0.0326955653727],"dmean2":[0.337670266628,0.292093843222,0.143049731851,0.126070380211,0.0760617554188,0.0631486028433],"dvar":[0.0227560568601,0.0158502142876,0.00693423300982,0.0051631340757,0.00259291287512,0.00370947271585],"dvar2":[0.0614188015461,0.047748234123,0.0208230800927,