{"lowlevel":{"average_loudness":0.88903093338,"barkbands":{"dmean":[0.000487875862746,0.00688911415637,0.00195911596529,0.000962663034443,0.00132619717624,0.00108210812323,0.00130157358944,0.00103728775866,0.00107046519406,0.000591389660258,0.000358730729204,0.000328365917085,0.000277258543065,0.000252639380051,0.000145970741869,0.000100985220342,0.0000557771891181,0.0000835814353195,0.0000835439423099,0.000112074085337,0.0000591296375205,0.0000424649806519,0.0000170715593413,0.0000142603557833,0.00000319011860483,0.00000198607108359,4.50416933973e-7],"dmean2":[0.000807161559351,0.0113431783393,0.00329009536654,0.00160068611149,0.00210971711203,0.00165114749689,0.00190446490888,0.00145150150638,0.00143375492189,0.000795384985395,0.000508256896865,0.000464261247544,0.000419649673859,0.000381673366064,0.000224422794417,0.000155212386744,0.0000866805712576,0.000122051482322,0.000129301464767,0.000164782264619,0.0000904295156943,0.000061414517404,0.0000255005361396,0.0000195584361791,0.00000499406223753,0.0000033073083614,7.83102052537e-7],"dvar":[0.000004294295195,0.000705284008291,0.0000566901799175,0.00000834609545564,0.00000625534312348,0.00000662721777189,0.000013014761862,0.00000930259739107,0.00000944650764723,0.00000367643042409,0.00000152503400841,0.00000131116962621,0.00000102164847249,4.98468978094e-7,3.28488567902e-7,8.38635756395e-8,2.13749853373e-8,7.20302253399e-8,1.05065197431e-7,2.02655854764e-7,5.30366079943e-8,4.3993335197e-8,8.84667095136e-9,6.84097445358e-9,2.88368662282e-10,8.28300622535e-11,4.56716435504e-12],"dvar2":[0.0000112838442874,0.00179418665357,0.000149451050675,0.0000214001811401,0.0000161423995451,0.0000150193873196,0.0000270364325843,0.000017909307644,0.0000176118337549,0.00000665928155286,0.00000325635414811,0.00000260291699306,0.00000238744701164,0.00000110013945687,7.26430016584e-7,1.8205365393e-7,4.3643115788e-8,1.35038220606e-7,2.37696909267e-7,4.43882470336e-7,1.17128287513e-7,9.74910392415e-8,2.03482990457e-8,1.24335635121e-8,7.25923321454e-10,2.17807896719e-10,1.15423842359e-11],"max":[0.0334230475128,0.494850128889,0.14647360146,0.0569751784205,0.0417830348015,0.0522306486964,0.047922462225,0.0480582974851,0.0457279495895,0.0432009100914,0.0253655947745,0.0294332392514,0.0271364934742,0.0164568535984,0.014186585322,0.00670651858672,0.00537142017856,0.00707976985723,0.0122148767114,0.0113456482068,0.00646269507706,0.00458028819412,0.00175737589598,0.00309551507235,0.000357640528819,0.000189379919902,0.0000810899364296],"mean":[0.000513688428327,0.0248756147921,0.00502586411312,0.00245585711673,0.00321989320219,0.00242185918614,0.0022541875951,0.00185457465705,0.00221118493937,0.00124535534997,0.000632961164229,0.000548693642486,0.000443432683824,0.000389330409234,0.000200913345907,0.000165753139299,0.000106801955553,0.000143498094985,0.000134089132189,0.000167931008036,0.0000842096997076,0.0000578602594032,0.0000213084367715,0.0000209265617741,0.00000384268514608,0.00000176642504357,3.87454974771e-7],"median":[0.0000319398823194,0.0245981346816,0.00117457762826,0.000613494077697,0.00199903803878,0.00110912800301,0.00062475138111,0.000383189268177,0.000377924472559,0.000108082866063,0.0000924738342292,0.0000740921313991,0.0000713218469173,0.0000776417073212,0.0000293588400382,0.0000396156829083,0.0000352467723133,0.0000348821085936,0.0000369667686755,0.0000266528768407,0.0000120760023492,0.00000492472099722,0.00000180227993951,0.00000118807895433,4.89946557991e-7,5.79766208375e-8,1.99456593464e-8],"min":[1.35882484076e-24,4.29531607449e-24,1.42448705872e-24,8.52214916165e-25,4.64352322236e-24,1.03422954224e-23,5.25521070144e-24,1.74348373251e-23,2.02846951639e-23,2.03375930208e-23,2.43964133291e-23,2.62047396925e-23,3.24868697988e-23,4.57744460418e-23,4.38860013871e-23,6.61164140852e-23,6.53692429011e-23,1.26813871244e-22,1.35808854561e-22,1.50356673965e-22,2.80663482458e-22,3.72086806818e-22,4.02266024966e-22,6.13672694873e-22,1.00582274624e-21,1.34714905171e-21,2.00871279794e-21],"var":[0.0000036111382542,0.000867732218467,0.000103655664134,0.0000205402902793,0.0000138165469252,0.00001613605491,0.0000249288477789,0.0000226317242777,0.0000303083852486,0.0000146187721839,0.00000367498068954,0.0000032708735489,0.00000187610180546,9.88388592305e-7,5.25879272573e-7,1.68867941852e-7,5.19621892181e-8,2.28269811942e-7,1.67797281847e-7,4.11561700275e-7,8.92705642741e-8,6.20672153673e-8,1.00237720346e-8,1.65115299211e-8,2.96185576065e-10,7.82085438078e-11,5.8627261032e-12]},"barkbands_crest":{"dmean":1.97798907757,"dmean2":3.07540106773,"dvar":5.44795465469,"dvar2":12.503405571,"max":26.8157863617,"mean":15.2944412231,"median":14.9246368408,"min":3.18848085403,"var":30.4917793274},"barkbands_flatness_db":{"dmean":0.02135210298,"dmean2":0.0300056245178,"dvar":0.000674802460708,"dvar2":0.00127972220071,"max":0.625825583935,"mean":0.253226697445,"median":0.242116346955,"min":0.0220324769616,"var":0.00857193954289},"barkbands_kurtosis":{"dmean":13.9893217087,"dmean2":21.2624397278,"dvar":17521.0917969,"dvar2":32608.8183594,"max":11621.7617188,"mean":64.2141418457,"median":7.46046066284,"min":-1.9370470047,"var":254031},"barkbands_skewness":{"dmean":0.700667560101,"dmean2":1.0330350399,"dvar":1.57930755615,"dvar2":2.96168255806,"max":89.7279205322,"mean":3.28171801567,"median":2.40771389008,"min":-4.22607517242,"var":33.2319602966},"barkbands_spread":{"dmean":3.39406251907,"dmean2":4.94101667404,"dvar":36.6136779785,"dvar2":68.9705352783,"max":116.77558136,"mean":11.6389808655,"median":8.04239273071,"min":0.0298483055085,"var":155.036605835},"dissonance":{"dmean":0.029263202101,"dmean2":0.0472085513175,"dvar":0.00101401633583,"dvar2":0.0025539023336,"max":0.499989420176,"mean":0.422549337149,"median":0.437745004892,"min":0.0818140432239,"var":0.0035830757115},"dynamic_complexity":4.40146398544,"erbbands":{"dmean":[0.235238790512,1.44913804531,2.1646900177,3.06274056435,3.2698340416,4.97958278656,6.37658405304,10.625371933,16.5166149139,21.218416214,20.9647598267,22.6903495789,21.8208694458,15.2389936447,12.9904127121,11.8017864227,12.1077489853,11.4672956467,10.3226995468,6.09946537018,5.24204158783,3.25018453598,4.76081085205,3.5493683815,4.79098033905,5.23617076874,3.18114590645,1.91872608662,1.62931954861,1.04210519791,0.370221585035,0.211922377348,0.307497292757,0.053715121001,0.0188337042928,0.00930002145469,0.0034063779749,0.000835681741592,0.0000739548486308,0.0000145960057125],"dmean2":[0.40247759223,2.34868144989,3.68273544312,5.06983137131,5.31584072113,7.97615242004,10.3402204514,15.7787179947,24.4454689026,28.6902103424,29.7517910004,30.3663845062,27.6745586395,20.878660202,17.7898864746,16.4650402069,17.7981109619,16.9946727753,15.7508735657,9.00831508636,8.03511810303,4.90582799911,6.96239233017,5.35473966599,7.34645414352,7.74841499329,4.79066419601,2.84558820724,2.31100893021,1.57932293415,0.549722909927,0.289367198944,0.427456736565,0.0821331813931,0.0297278705984,0.014851950109,0.00585209112614,0.00147123029456,0.000124229161884,0.0000223565493798],"dvar":[1.0401314497,28.5184803009,62.3223114014,107.212020874,53.071144104,121.961761475,171.143859863,786.375427246,2165.76928711,4251.86328125,3692.95483398,4906.37304688,4369.03515625,2965.49267578,2068.82104492,1908.3536377,1906.58032227,1175.49291992,1233.42663574,600.009521484,235.367446899,64.6712112427,232.159500122,132.251525879,478.11416626,475.81262207,153.586776733,54.5414123535,61.1929359436,35.2350082397,4.31813573837,1.22808265686,3.67231917381,0.0663340166211,0.0119683463126,0.00251472578384,0.000218741377466,0.0000151170406752,1.03673876595e-7,1.72543712651e-9],"dvar2":[2.78428030014,72.255859375,165.400344849,273.157318115,131.521102905,325.90524292,456.072479248,1736.29980469,4727.80224609,8273.99121094,7346.56982422,9292.86621094,7793.81738281,5678.83691406,4322.42675781,3885.11523438,4308.81201172,2662.05688477,2700.89526367,1321.69543457,491.441192627,129.222335815,422.287384033,292.999603271,1138.74267578,1015.934021,332.092102051,110.997299194,130.888153076,83.5981292725,9.94458770752,2.10592794418,7.23431777954,0.149436965585,0.0314318835735,0.00674039870501,0.000571736716665,0.0000401167089876,2.54831206803e-7,4.05055766706e-9],"max":[17.473613739,102.732162476,147.804290771,198.176971436,105.326980591,226.878417969,203.930038452,544.399291992,817.13873291,1128.64404297,1146.85974121,1450.90759277,1313.14648438,1345.91296387,1132.34375,1212.30249023,1322.63671875,717.018493652,1048.26086426,749.770812988,446.963134766,284.014099121,496.988098145,332.847198486,670.498901367,610.93536377,374.709472656,171.587387085,169.495483398,160.569961548,43.1399078369,43.4508781433,66.0703582764,4.83643531799,3.09761309624,1.18911588192,0.316539436579,0.121323481202,0.01108792983,0.000909423339181],"mean":[0.698701143265,5.63715410233,6.41882705688,8.02904701233,9.08338737488,10.4445447922,13.1681938171,23.6594047546,29.9904117584,39.5978355408,39.6309165955,45.6259498596,48.4937515259,35.0371627808,25.2259998322,20.5802574158,21.265504837,18.4256439209,15.8482189178,8.97063732147,9.25400543213,6.80667066574,8.58805942535,6.34511899948,7.05591392517,7.9118719101,4.94718313217,2.78634548187,2.2178235054,1.31613862514,0.469796478748,0.301334708929,0.4220225811,0.0708255246282,0.0224047042429,0.00937358569354,0.00283179595135,0.000653991126455,0.0000845904942253,0.0000574248660996],"median":[0.493209958076,5.35147571564,3.29308247566,2.18433904648,4.5807261467,5.88936281204,8.60494995117,8.91201210022,11.3607215881,7.61013317108,11.1179008484,8.02202129364,6.33309364319,4.88315963745,3.8434574604,3.06990599632,3.62712693214,3.72630906105,3.66265177727,1.81614565849,2.23057508469,2.30501508713,2.56761932373,1.95409393311,1.75838661194,1.30700969696,0.783900916576,0.35061532259,0.180446684361,0.105176255107,0.0436456389725,0.021435437724,0.0192611813545,0.00776799116284,0.00275892391801,0.000503148010466,0.0000896334822755,0.0000176338598976,0.000028025420761,0.0000543813184777],"min":[1.49718504425e-22,4.77149018737e-22,2.02616861108e-21,5.10906974432e-21,1.03427683035e-20,1.87138142921e-20,4.26799572865e-20,8.4120028996e-20,7.51614690916e-20,2.18743001605e-19,3.89180542442e-19,5.33518001713e-19,6.15129863995e-19,7.20805495971e-19,1.15089609091e-18,1.46745800794e-18,1.81526812017e-18,2.73653597791e-18,3.20585426924e-18,3.44450373417e-18,4.18506406093e-18,3.97769567163e-18,6.00012828108e-18,6.56241257427e-18,7.21947604923e-18,7.42861543222e-18,9.81584709952e-18,1.15235201151e-17,1.25435769126e-17,1.14272726878e-17,1.20943632461e-17,9.91510215558e-18,1.07707328181e-17,8.76131424125e-18,6.05620616353e-18,4.27604317496e-18,2.28587309094e-18,9.99243795939e-19,2.45633764439e-19,2.71444294018e-20],"var":[1.0224802494,39.0100784302,110.86491394,180.487670898,146.0209198,197.501251221,288.820709229,2035.93493652,3882.18017578,10504.46875,8505.14941406,14006.2587891,16495.96875,11956.9960938,5256.52490234,4573.58154297,4054.75146484,2445.50268555,2020.12854004,982.27947998,510.877807617,180.447052002,785.569763184,259.987518311,690.063293457,976.213500977,303.709777832,94.7724075317,92.1991653442,38.5704116821,4.83306980133,2.75287413597,7.86142063141,0.0951661914587,0.0111117009073,0.00220997422002,0.000208340556128,0.0000143509396366,1.37497153219e-7,2.96987279214e-9]},"erbbands_crest":{"dmean":2.43720793724,"dmean2":3.77395677567,"dvar":6.89831781387,"dvar2":16.1211071014,"max":29.6627178192,"mean":10.7464761734,"median":9.31165599823,"min":2.74402666092,"var":29.6984539032},"erbbands_flatness_db":{"dmean":0.0176129732281,"dmean2":0.0246452521533,"dvar":0.00045553734526,"dvar2":0.000833715428598,"max":0.485264241695,"mean":0.213381528854,"median":0.209577769041,"min":0.0528063960373,"var":0.00379237998277},"erbbands_kurtosis":{"dmean":1.47704660892,"dmean2":2.25730276108,"dvar":8.96301651001,"dvar2":18.2925796509,"max":168.792724609,"mean":2.31375312805,"median":0.349816322327,"min":-1.81416642666,"var":59.8629455566},"erbbands_skewness":{"dmean":0.418899953365,"dmean2":0.601809978485,"dvar":0.250044971704,"dvar2":0.467571854591,"max":12.1458930969,"mean":0.585622549057,"median":0.540271043777,"min":-6.08406639099,"var":1.56781148911},"erbbands_spread":{"dmean":6.96106672287,"dmean2":10.3800373077,"dvar":91.0495758057,"dvar2":192.649612427,"max":159.039001465,"mean":32.2805557251,"median":29.0293464661,"min":1.51232838631,"var":416.508850098},"gfcc":{"cov":[[26253.6894531,2134.69458008,-3716.17578125,422.33782959,-1439.50524902,178.72467041,-496.441802979,-166.736404419,-277.14352417,-129.322799683,-286.790344238,-357.242340088,-102.140075684],[2134.69458008,2031.29077148,-234.279571533,-521.717590332,347.266723633,-147.009567261,289.299072266,-22.690782547,214.838851929,-114.732254028,173.260559082,-51.3882865906,120.797607422],[-3716.17578125,-234.279571533,1589.40014648,259.321563721,438.522796631,150.5987854,115.724151611,185.14163208,62.9507331848,92.4627380371,4.51163959503,146.470275879,62.9768638611],[422.33782959,-521.717590332,259.321563721,1134.15661621,67.0951080322,45.7694206238,-11.5340795517,17.0369548798,117.07144928,54.1454162598,-8.18524932861,22.3619270325,95.8471450806],[-1439.50524902,347.266723633,438.522796631,67.0951080322,636.249938965,25.9805011749,120.509681702,76.9091720581,106.472328186,52.7060050964,36.2169799805,38.5017967224,56.5906944275],[178.72467041,-147.009567261,150.5987854,45.7694206238,25.9805011749,375.814056396,123.472946167,30.1274471283,25.3007011414,32.8011550903,-27.0859355927,3.40675163269,11.5434732437],[-496.441802979,289.299072266,115.724151611,-11.5340795517,120.509681702,123.472946167,401.344573975,28.1783351898,136.750640869,-8.49081993103,58.8085899353,34.6212730408,54.5960617065],[-166.736404419,-22.690782547,185.14163208,17.0369548798,76.9091720581,30.1274471283,28.1783351898,152.943771362,34.5064201355,12.8092622757,-0.227951020002,27.3584938049,18.3665370941],[-277.14352417,214.838851929,62.9507331848,117.07144928,106.472328186,25.3007011414,136.750640869,34.5064201355,257.387786865,19.4537830353,55.3325233459,15.5281972885,68.5186920166],[-129.322799683,-114.732254028,92.4627380371,54.1454162598,52.7060050964,32.8011550903,-8.49081993103,12.8092622757,19.4537830353,127.221199036,22.6411647797,5.5863442421,-12.0278749466],[-286.790344238,173.260559082,4.51163959503,-8.18524932861,36.2169799805,-27.0859355927,58.8085899353,-0.227951020002,55.3325233459,22.6411647797,158.307632446,24.9852466583,6.36305522919],[-357.242340088,-51.3882865906,146.470275879,22.3619270325,38.5017967224,3.40675163269,34.6212730408,27.3584938049,15.5281972885,5.5863442421,24.9852466583,117.226737976,9.62669467926],[-102.140075684,120.797607422,62.9768638611,95.8471450806,56.5906944275,11.5434732437,54.5960617065,18.3665370941,68.5186920166,-12.0278749466,6.36305522919,9.62669467926,124.046958923]],"icov":[[0.000199049478397,-0.000634580850601,0.000449732353445,-0.000501792004798,0.000500899681356,-0.000490140810143,0.000325922999764,-0.000592695490923,0.000426402577432,-0.000612459727563,0.000689763634,-0.000453772547189,0.000407578598242],[-0.000634580850601,0.00309987342916,-0.00128469464835,0.00213365256786,-0.00222801044583,0.00192485551815,-0.0014237286523,0.00213419040665,-0.00185541005339,0.00282351858914,-0.00303479656577,0.00215211021714,-0.00210235221311],[0.000449732353445,-0.00128469464835,0.00204925844446,-0.00122102652676,0.000510656624101,-0.00129841861781,0.00064507703064,-0.00204335153103,0.00116198742762,-0.00161619868595,0.00160519883502,-0.00183972122613,0.000692797533702],[-0.000501792004798,0.00213365256786,-0.00122102652676,0.00257303100079,-0.00148862123024,0.00133239233401,-0.000726878526621,0.00184528774116,-0.00178559753112,0.00160728674382,-0.00198154570535,0.00143190205563,-0.0021246499382],[0.000500899681356,-0.00222801044583,0.000510656624101,-0.00148862123024,0.0038061242085,-0.00115748483222,0.000664697319735,-0.00192259147298,0.000929662608542,-0.00264604203403,0.00215382617898,-0.00131132081151,0.00105771003291],[-0.000490140810143,0.00192485551815,-0.00129841861781,0.00133239233401,-0.00115748483222,0.00467624515295,-0.00224318588153,0.00124675559346,-0.00101116625592,0.000749429280404,-0.000968232401647,0.00173775560688,-0.00120674818754],[0.000325922999764,-0.0014237286523,0.00064507703064,-0.000726878526621,0.000664697319735,-0.00224318588153,0.00452517066151,-0.000861125648953,-0.000704647274688,-0.000275617116131,0.000396438874304,-0.00159739749506,0.000396434770664],[-0.000592695490923,0.00213419040665,-0.00204335153103,0.00184528774116,-0.00192259147298,0.00124675559346,-0.000861125648953,0.00980771984905,-0.0022694549989,0.00191909517162,-0.00177691085264,0.000625479093287,-0.00178454676643],[0.000426402577432,-0.00185541005339,0.00116198742762,-0.00178559753112,0.000929662608542,-0.00101116625592,-0.000704647274688,-0.0022694549989,0.00717544788495,-0.00251019513234,0.000603011110798,-0.00104943581391,-0.000892532290891],[-0.000612459727563,0.00282351858914,-0.00161619868595,0.00160728674382,-0.00264604203403,0.000749429280404,-0.000275617116131,0.00191909517162,-0.00251019513234,0.0120291747153,-0.00443025911227,0.00227637053467,-0.0000971737754298],[0.000689763634,-0.00303479656577,0.00160519883502,-0.00198154570535,0.00215382617898,-0.000968232401647,0.000396438874304,-0.00177691085264,0.000603011110798,-0.00443025911227,0.0108278039843,-0.00361107150093,0.00239769159816],[-0.000453772547189,0.00215211021714,-0.00183972122613,0.00143190205563,-0.00131132081151,0.00173775560688,-0.00159739749506,0.000625479093287,-0.00104943581391,0.00227637053467,-0.00361107150093,0.0117476126179,-0.00152084988076],[0.000407578598242,-0.00210235221311,0.000692797533702,-0.0021246499382,0.00105771003291,-0.00120674818754,0.000396434770664,-0.00178454676643,-0.000892532290891,-0.0000971737754298,0.00239769159816,-0.00152084988076,0.011932390742]],"mean":[-88.0328063965,155.502807617,-105.983100891,36.4140052795,-42.8000869751,-2.57775759697,-16.272649765,3.79728293419,-10.5369548798,-1.25037741661,-2.57159233093,-8.54403686523,-1.19625461102]},"hfc":{"dmean":4.0571064949,"dmean2":5.77834129333,"dvar":45.8351249695,"dvar2":97.9272384644,"max":112.653671265,"mean":14.98802948,"median":10.4103479385,"min":1.06232337763e-16,"var":202.600738525},"melbands":{"dmean":[0.00201916904189,0.00136076717172,0.000506533717271,0.000289862713544,0.000222509494051,0.000227652824833,0.00025556521723,0.000232874401263,0.000173448148416,0.000146859863889,0.000111360583105,0.0000657748314552,0.000046011969971,0.0000364683764928,0.0000333004682034,0.0000257009469351,0.0000222345443035,0.0000196282053366,0.00000974140857579,0.00000703034947946,0.00000610785400568,0.00000306256515614,0.00000458258227809,0.00000424495920015,0.00000284936572825,0.00000352034976459,0.00000392792253479,0.00000357462749889,0.00000231559010899,0.00000146712102378,0.00000106852985482,0.00000101467969671,7.07558683644e-7,5.30338070348e-7,2.32954349144e-7,1.23509281025e-7,1.34106400651e-7,2.85537311129e-7,8.39454301627e-8,3.37495897895e-8],"dmean2":[0.00333483307622,0.00225094496273,0.000831590383314,0.000464137992822,0.000356449192623,0.000338879093761,0.000374327966711,0.000310941308271,0.000247638265137,0.000194575142814,0.000141232507303,0.0000909856462386,0.0000632499068161,0.0000510777717864,0.0000470526829304,0.0000388978296542,0.0000332479576173,0.000030160525057,0.0000148478084157,0.0000105592616819,0.00000948224897002,0.00000468250709673,0.00000701474073139,0.0000061572964114,0.00000443199178335,0.00000552032133783,0.00000607699530519,0.00000536091238246,0.00000355068755198,0.0000022709004952,0.00000157533554557,0.00000145880017044,0.00000105798062577,8.08866388979e-7,3.53405994247e-7,1.81750081651e-7,1.85336560321e-7,4.10527917438e-7,1.26326142436e-7,5.46091385445e-8],"dvar":[0.0000664420440444,0.0000228586504818,0.00000260521187556,3.30163516082e-7,2.00711568255e-7,3.32064331587e-7,4.8269924946e-7,4.69775557121e-7,2.56124252473e-7,1.92443053493e-7,1.12660394791e-7,5.69870231004e-8,2.54156855561e-8,1.70240532782e-8,1.5899201955e-8,8.34689473095e-9,4.49066250852e-9,4.41304637278e-9,1.33568500704e-9,5.92881410633e-10,4.12883394141e-10,7.14318951212e-11,1.73313530194e-10,2.48487147525e-10,9.21953485777e-11,2.40532010976e-10,4.35533442644e-10,2.35869934695e-10,8.61057683488e-11,3.40672490218e-11,1.98694411618e-11,2.32857465948e-11,1.74655394314e-11,9.43023003436e-12,1.82842521505e-12,5.03305513586e-13,5.41021004039e-13,3.69110601459e-12,2.0661978259e-13,3.71721831918e-14],"dvar2":[0.000171178820892,0.000058938490838,0.00000660443402012,8.45620377277e-7,5.32938429387e-7,7.33520721496e-7,0.00000104062678474,8.97367783637e-7,5.12042163336e-7,3.54094453314e-7,1.99228466613e-7,1.09773786505e-7,5.22200096498e-8,3.3591181392e-8,3.24911155758e-8,2.02055279175e-8,1.00379589085e-8,9.68324798123e-9,3.12767922672e-9,1.32526467578e-9,8.80655548485e-10,1.47562587149e-10,3.64611507653e-10,4.25739971055e-10,2.14539330745e-10,5.5773641261e-10,1.09130515735e-9,5.04595476514e-10,1.95577887219e-10,7.86851764301e-11,3.88957997755e-11,4.90143203802e-11,4.15116586938e-11,2.26765359962e-11,4.35755511535e-12,1.12339673154e-12,9.50144910666e-13,7.73995884745e-12,4.0987631583e-13,9.46587372288e-14],"max":[0.144586965442,0.0913204699755,0.0279631558806,0.00932005420327,0.00588861852884,0.0118635976687,0.0108909932896,0.012422112748,0.0093839308247,0.00888883695006,0.00695096561685,0.00586304068565,0.00394639233127,0.003727652831,0.00347458873875,0.00182751601096,0.00164517003577,0.00193101796322,0.000840275431983,0.000761537114158,0.00064282718813,0.000368276145309,0.000344625092112,0.000551676435862,0.000269683281658,0.000533946498763,0.000729863881133,0.000411257788073,0.000323068961734,0.000148643637658,0.000143545097671,0.000135384776513,0.0000789551195339,0.0000916104618227,0.0000274312533293,0.0000165279216162,0.0000324387583532,0.0000684588667355,0.0000127996090669,0.00000436330446973],"mean":[0.006933149416,0.00491185253486,0.00142585963476,0.000706386868842,0.000466134079034,0.000511320307851,0.000461582007119,0.000438628252596,0.000317762984196,0.000297472492093,0.000240598354139,0.000143768338603,0.0000860796062625,0.0000644317769911,0.0000519307686773,0.0000406137078244,0.0000335814038408,0.0000286025679088,0.0000133573776111,0.0000103514912553,0.0000103431575553,0.00000598084625381,0.00000822738638817,0.00000696423057889,0.00000481616007164,0.00000530547276867,0.00000523600692759,0.00000530149645783,0.00000352303777618,0.00000198575321519,0.00000147373543768,0.00000138051200338,8.6652033815e-7,6.55211579215e-7,2.82928709794e-7,1.55094170395e-7,1.87280704722e-7,3.81153682838e-7,1.15012561253e-7,3.97843216149e-8],"median":[0.00625005690381,0.00468058697879,0.000455600267742,0.000420132419094,0.000292390817776,0.000202412164072,0.000171881489223,0.0000751496627345,0.0000834186794236,0.0000483988005726,0.0000296298494504,0.0000186518682312,0.0000123324789456,0.00000861082480696,0.00000723366838429,0.00000654625955576,0.00000657542250337,0.00000597465714236,0.00000213288581108,0.00000224316590902,0.00000222163339458,0.00000181254245035,0.00000278529660136,0.00000148078322582,0.00000138077314205,0.00000137964241276,8.44039448111e-7,7.88533270679e-7,5.09607730237e-7,2.81441060679e-7,1.51847459051e-7,1.05188100008e-7,6.81839935623e-8,5.13371460897e-8,2.55939944793e-8,1.27496058155e-8,1.21491181559e-8,1.39108644603e-8,8.81240413975e-9,4.99256547215e-9],"min":[1.85199829478e-24,8.7006644402e-25,1.19260721348e-24,5.0767991581e-25,2.07225121775e-24,1.78696953213e-24,1.48738885515e-24,2.69049787803e-24,3.55228167698e-24,3.11127825703e-24,2.99735964257e-24,2.78140522267e-24,3.25748908986e-24,3.06786171939e-24,2.99398331789e-24,3.01999265358e-24,3.82357133671e-24,4.19781602205e-24,4.06800107149e-24,4.10158840225e-24,3.87164885901e-24,3.03764459963e-24,3.47614318899e-24,5.90773435413e-24,4.7886487798e-24,3.44983152236e-24,4.58662662957e-24,4.27167509645e-24,4.92222225815e-24,5.47547723225e-24,5.52791715536e-24,6.0895009229e-24,6.47899744498e-24,5.62876079475e-24,5.98398170492e-24,5.18877165271e-24,5.70446698696e-24,6.26625980264e-24,7.08429515072e-24,6.31475739337e-24],"var":[0.000076634954894,0.0000325211221934,0.0000047987173275,7.24418384834e-7,3.55016112508e-7,8.52429820952e-7,8.71750387432e-7,0.00000121591926927,5.89486376157e-7,5.80973164688e-7,4.25429846018e-7,2.17935877345e-7,6.52417639913e-8,4.30071303015e-8,3.33819478726e-8,1.49006318395e-8,9.08033648273e-9,7.009930858e-9,2.1152735119e-9,9.58650159255e-10,8.28493051941e-10,1.78332029699e-10,4.02897382124e-10,7.58668794454e-10,1.57490853692e-10,3.48413520257e-10,5.86578341455e-10,4.58004578707e-10,1.60690294404e-10,5.15025001813e-11,3.29202949623e-11,3.72244908509e-11,1.88654560723e-11,1.00169282591e-11,1.88834776808e-12,6.35765366134e-13,1.26233257788e-12,7.22036362991e-12,3.93858096094e-13,3.61393789785e-14]},"melbands_crest":{"dmean":2.16070818901,"dmean2":3.38414001465,"dvar":7.33295869827,"dvar2":17.9535331726,"max":36.2873001099,"mean":18.1158714294,"median":17.9528274536,"min":1.56656372547,"var":36.2145767212},"melbands_flatness_db":{"dmean":0.0251336954534,"dmean2":0.0345380306244,"dvar":0.0010342116002,"dvar2":0.00186547182966,"max":0.767673254013,"mean":0.339523375034,"median":0.328574061394,"min":0.0028141150251,"var":0.0139388199896},"melbands_kurtosis":{"dmean":10.7038660049,"dmean2":16.4374790192,"dvar":604.777587891,"dvar2":1436.00512695,"max":756.15838623,"mean":28.3278427124,"median":16.5925292969,"min":-1.87604284286,"var":1849.21606445},"melbands_skewness":{"dmean":0.744971096516,"dmean2":1.10057759285,"dvar":1.04397904873,"dvar2":2.23590135574,"max":23.6075325012,"mean":3.4454767704,"median":3.25138664246,"min":-2.41293001175,"var":4.77513170242},"melbands_spread":{"dmean":4.04064178467,"dmean2":5.87576961517,"dvar":91.1118164062,"dvar2":181.5415802,"max":178.34803772,"mean":12.9312372208,"median":7.36972618103,"min":0.198176011443,"var":407.437774658},"mfcc":{"cov":[[11657.5859375,1414.10766602,-1296.91674805,186.470626831,-635.301879883,110.750740051,-239.61227417,-58.7883491516,-11.1313962936,31.7175598145,-72.5816726685,-65.786819458,-149.457763672],[1414.10766602,2792.32885742,-426.291503906,-377.655151367,7.86919021606,-178.308303833,121.21396637,78.0233383179,25.3273849487,2.86261510849,106.705741882,5.69230031967,-11.1911754608],[-1296.91674805,-426.291503906,997.071655273,254.363494873,185.943649292,157.460723877,78.0585021973,115.360351562,115.803596497,35.9781227112,33.9191131592,13.7699604034,47.6907730103],[186.470626831,-377.655151367,254.363494873,803.395141602,263.669494629,97.9825668335,-19.7127685547,12.8897323608,83.1490631104,52.517250061,-22.6194400787,67.9952011108,24.8235054016],[-635.301879883,7.86919021606,185.943649292,263.669494629,490.448638916,63.6392822266,38.502986908,3.75254416466,64.470451355,45.5717315674,8.55897045135,34.2696647644,19.8436145782],[110.750740051,-178.308303833,157.460723877,97.9825668335,63.6392822266,338.705352783,93.1233673096,79.4885787964,107.104286194,69.6444015503,61.419960022,11.8614339828,6.15405845642],[-239.61227417,121.21396637,78.0585021973,-19.7127685547,38.502986908,93.1233673096,223.59564209,62.5845298767,28.8792991638,25.0191173553,32.6583137512,20.3057422638,4.91967773438],[-58.7883491516,78.0233383179,115.360351562,12.8897323608,3.75254416466,79.4885787964,62.5845298767,212.231307983,92.0945205688,21.543548584,50.4783325195,2.65173006058,29.4801273346],[-11.1313962936,25.3273849487,115.803596497,83.1490631104,64.470451355,107.104286194,28.8792991638,92.0945205688,214.873153687,72.6379547119,3.32338309288,-9.79355621338,12.7600011826],[31.7175598145,2.86261510849,35.9781227112,52.517250061,45.5717315674,69.6444015503,25.0191173553,21.543548584,72.6379547119,151.436721802,42.3286857605,-0.0497151091695,9.8570356369],[-72.5816726685,106.705741882,33.9191131592,-22.6194400787,8.55897045135,61.419960022,32.6583137512,50.4783325195,3.32338309288,42.3286857605,140.359985352,41.0685043335,7.86469316483],[-65.786819458,5.69230031967,13.7699604034,67.9952011108,34.2696647644,11.8614339828,20.3057422638,2.65173006058,-9.79355621338,-0.0497151091695,41.0685043335,114.079277039,35.2161216736],[-149.457763672,-11.1911754608,47.6907730103,24.8235054016,19.8436145782,6.15405845642,4.91967773438,29.4801273346,12.7600011826,9.8570356369,7.86469316483,35.2161216736,106.022712708]],"icov":[[0.000137162816827,-0.0000967706437223,0.000150667576236,-0.000164591212524,0.000218058790779,-0.000233924249187,0.000177152818651,-0.0000376070238417,0.0000577539576625,-0.0000654940013192,0.000152999098646,0.00000649358980809,0.00011453818297],[-0.0000967706437223,0.000548818847165,0.000111784996989,0.000276244216366,-0.000321124796756,0.000592167663854,-0.000468569836812,-0.0000871160445968,-0.000370356137864,0.000151754342369,-0.000601058476605,0.0000646919797873,-0.0000681870442349],[0.000150667576236,0.000111784996989,0.00153004669119,-0.000408648134908,-0.000100694611319,-0.000329397589667,-0.000178016765858,-0.000408570544096,-0.000328030786477,0.00027040427085,-0.000281921064015,0.000415410293499,-0.000311267620418],[-0.000164591212524,0.000276244216366,-0.000408648134908,0.00207950221375,-0.00106218853034,0.0000134203191919,0.000316301186103,-0.000164732598932,-0.000232043370488,-0.000407438463299,0.000700260512531,-0.0013645599829,0.000190334409126],[0.000218058790779,-0.000321124796756,-0.000100694611319,-0.00106218853034,0.00307802599855,-0.000428850005846,-0.000091785506811,0.000563168432564,-0.000319096638123,-0.000341001461493,0.000193211264559,-0.000180618255399,-0.000020282332116],[-0.000233924249187,0.000592167663854,-0.000329397589667,0.0000134203191919,-0.000428850005846,0.00518063129857,-0.00195228506345,-0.0000716854556231,-0.00193193706218,-0.00025401939638,-0.00225911056623,0.000439939904027,0.0000454328401247],[0.000177152818651,-0.000468569836812,-0.000178016765858,0.000316301186103,-0.000091785506811,-0.00195228506345,0.00616767583415,-0.00149307935499,0.000993944937363,-0.000814863597043,0.00110068183858,-0.00143778405618,0.000817807333078],[-0.0000376070238417,-0.0000871160445968,-0.000408570544096,-0.000164732598932,0.000563168432564,-0.0000716854556231,-0.00149307935499,0.00766279362142,-0.0032774747815,0.00174742075615,-0.0030695355963,0.00151178671513,-0.00204496015795],[0.0000577539576625,-0.000370356137864,-0.000328030786477,-0.000232043370488,-0.000319096638123,-0.00193193706218,0.000993944937363,-0.0032774747815,0.00839100498706,-0.00344924419187,0.00300169386901,-0.0000558341489523,0.000387954205507],[-0.0000654940013192,0.000151754342369,0.00027040427085,-0.000407438463299,-0.000341001461493,-0.00025401939638,-0.000814863597043,0.00174742075615,-0.00344924419187,0.00962461810559,-0.00389365432784,0.00190823804587,-0.00129673699848],[0.000152999098646,-0.000601058476605,-0.000281921064015,0.000700260512531,0.000193211264559,-0.00225911056623,0.00110068183858,-0.0030695355963,0.00300169386901,-0.00389365432784,0.0120892245322,-0.00484132766724,0.00172453105915],[0.00000649358980809,0.0000646919797873,0.000415410293499,-0.0013645599829,-0.000180618255399,0.000439939904027,-0.00143778405618,0.00151178671513,-0.0000558341489523,0.00190823804587,-0.00484132766724,0.0128142368048,-0.00426465598866],[0.00011453818297,-0.0000681870442349,-0.000311267620418,0.000190334409126,-0.000020282332116,0.0000454328401247,0.000817807333078,-0.00204496015795,0.000387954205507,-0.00129673699848,0.00172453105915,-0.00426465598866,0.0115759531036]],"mean":[-720.04473877,175.096618652,2.74423909187,41.1617164612,0.181465536356,4.68808746338,6.25772857666,2.99748301506,2.58625531197,5.98019933701,4.24114847183,2.70894408226,-0.533037722111]},"pitch_salience":{"dmean":0.0570683851838,"dmean2":0.090952038765,"dvar":0.00417764438316,"dvar2":0.00975820608437,"max":0.914947092533,"mean":0.454702824354,"median":0.456022083759,"min":0.0134473573416,"var":0.0293402206153},"silence_rate_20dB":{"dmean":0.00309704057872,"dmean2":0.00619514705613,"dvar":0.00308741163462,"dvar2":0.00822165794671,"max":1,"mean":0.997935652733,"median":1,"min":0,"var":0.00205992069095},"silence_rate_30dB":{"dmean":0.0426703356206,"dmean2":0.0853553637862,"dvar":0.040848068893,"dvar2":0.0918362811208,"max":1,"mean":0.941682457924,"median":1,"min":0,"var":0.0549154244363},"silence_rate_60dB":{"dmean":0.0209910534322,"dmean2":0.0419893302023,"dvar":0.0205519068986,"dvar2":0.0457378514111,"max":1,"mean":0.107345603406,"median":0,"min":0,"var":0.0958280190825},"spectral_centroid":{"dmean":190.978347778,"dmean2":273.1847229,"dvar":140795.765625,"dvar2":236430.78125,"max":11780.9541016,"mean":976.664794922,"median":673.813903809,"min":68.2119064331,"var":1577317.625},"spectral_complexity":{"dmean":2.33551263809,"dmean2":3.50266742706,"dvar":9.91257762909,"dvar2":20.0233669281,"max":48,"mean":12.3020811081,"median":12,"min":0,"var":49.8662223816},"spectral_contrast_coeffs":{"dmean":[0.0403020828962,0.043401543051,0.0409951731563,0.0336524099112,0.024487234652,0.0199913363904],"dmean2":[0.0682130157948,0.0673130825162,0.0625185072422,0.0514985062182,0.0378321036696,0.030898001045],"dvar":[0.00120141799562,0.00161386816762,0.00161263672635,0.000955820141826,0.000516135944054,0.000525819545146],"dvar2":[0.00322039914317,0.00352587131783,0.00337996007875,0.00207024393603,0.00114807195496,0.0010966595728],"max":[-0.269680470228,-0.277402311563,-0.394004255533,-0.478658914566,-0.53325676918,-0.471466004848],"mean":[-0.664167940617,-0.679836511612,-0.72587698698,-0.754981577396,-0.772236585617,-0.744900822639],"median":[-0.678087711334,-0.681787788868,-0.734249830246,-0.758376836777,-0.774650096893,-0.740301251411],"min":[-0.978043675423,-0.982259869576,-0.973513245583,-0.971651732922,-0.966717779636,-0.965429782867],"var":[0.00891953427345,0.00911573506892,0.0099003855139,0.00611791014671,0.00366040389054,0.00422808900476]},"spectral_contrast_valleys":{"dmean":[0.353537261486,0.366851568222,0.402024537325,0.372935980558,0.317330986261,0.277547389269],"dmean2":[0.578821778297,0.571445941925,0.626360416412,0.565340936184,0.455154925585,0.376520812511],"dvar":[0.146394371986,0.158324703574,0.201422438025,0.181482300162,0.173355966806,0.191106393933],"dvar2":[0.269230991602,0.308250069618,0.410664945841,0.351677775383,0.304726988077,0.323230117559],"max":[-4.67942523956,-4.35378313065,-5.01292514801,-5.70494127274,-5.61022424698,-8.3000164032],"mean":[-7.24344205856,-7.3586268425,-8.38706588745,-8.96822357178,-8.84505271912,-12.1121263504],"median":[-6.61776828766,-6.87418603897,-7.9747428894,-8.58232688904,-8.4362411499,-11.8871231079],"min":[-28.1578330994,-27.8186531067,-27.6540393829,-27.5750255585,-27.6054019928,-27.3808364868],"var":[6.26013231277,5.96055173874,5.89028310776,5.3944773674,5.46564054489,4.05991888046]},"spectral_decrease":{"dmean":2.99910141166e-9,"dmean2":4.66130334331e-9,"dvar":7.91852985905e-17,"dvar2":1.91430438696e-16,"max":1.4271164962e-28,"mean":-1.26760300034e-8,"median":-1.24572290261e-8,"min":-1.61680958399e-7,"var":1.32331044142e-16},"spectral_energy":{"dmean":0.0115987919271,"dmean2":0.0179888848215,"dvar":0.00114716112148,"dvar2":0.00277159549296,"max":0.61576628685,"mean":0.049201566726,"median":0.0480764582753,"min":1.00293048177e-20,"var":0.00195377855562},"spectral_energyband_high":{"dmean":0.000173529493622,"dmean2":0.000244791328441,"dvar":3.92959321971e-7,"dvar2":7.54978145778e-7,"max":0.0131011316553,"mean":0.000281328480924,"median":0.0000435875772382,"min":7.1484051886e-21,"var":8.44480950946e-7},"spectral_energyband_low":{"dmean":0.00865848083049,"dmean2":0.0140697415918,"dvar":0.00106086453889,"dvar2":0.00260761706159,"max":0.580244243145,"mean":0.0317829996347,"median":0.0332974866033,"min":1.39772047572e-23,"var":0.00135895458516},"spectral_energyband_middle_high":{"dmean":0.00143977580592,"dmean2":0.0020162651781,"dvar":0.00000762891886552,"dvar2":0.0000145577641888,"max":0.0463592968881,"mean":0.00387176685035,"median":0.00138056685682,"min":1.2422623077e-21,"var":0.0000448725550086},"spectral_energyband_middle_low":{"dmean":0.00431751878932,"dmean2":0.00642046285793,"dvar":0.0000479683258163,"dvar2":0.000106253632111,"max":0.124292351305,"mean":0.0148151945323,"median":0.0110807484016,"min":1.8039119609e-22,"var":0.00019018886087},"spectral_entropy":{"dmean":0.181734651327,"dmean2":0.254156768322,"dvar":0.0486728064716,"dvar2":0.0886103659868,"max":9.8270816803,"mean":6.82010698318,"median":6.82309675217,"min":4.78056764603,"var":0.470590263605},"spectral_flux":{"dmean":0.0271610114723,"dmean2":0.0422651134431,"dvar":0.00195502256975,"dvar2":0.00433254707605,"max":0.703803300858,"mean":0.0710581988096,"median":0.0534402802587,"min":6.38605487935e-11,"var":0.00431096833199},"spectral_kurtosis":{"dmean":4.93709659576,"dmean2":8.34631729126,"dvar":41.148349762,"dvar2":112.40322113,"max":150.185287476,"mean":11.3640422821,"median":7.94955158234,"min":-1.25607693195,"var":164.810775757},"spectral_rms":{"dmean":0.00070617540041,"dmean2":0.00102941668592,"dvar":0.00000200820477403,"dvar2":0.00000417840510636,"max":0.024510152638,"mean":0.00620027119294,"median":0.00684863934293,"min":3.12804860139e-12,"var":0.00000955834548222},"spectral_rolloff":{"dmean":219.553741455,"dmean2":359.77734375,"dvar":377761.65625,"dvar2":774819,"max":19789.0136719,"mean":869.331726074,"median":409.130859375,"min":43.06640625,"var":4491988},"spectral_skewness":{"dmean":0.463737249374,"dmean2":0.741488814354,"dvar":0.235257387161,"dvar2":0.57566422224,"max":10.049738884,"mean":2.15106153488,"median":2.02330374718,"min":-0.259862184525,"var":1.53018808365},"spectral_spread":{"dmean":395593.78125,"dmean2":614616.5625,"dvar":662571122688,"dvar2":1203771670530,"max":42950836,"mean":3399465,"median":2823489.75,"min":813511.4375,"var":16212886028300},"spectral_strongpeak":{"dmean":0.232452690601,"dmean2":0.390238463879,"dvar":0.297559291124,"dvar2":0.730379700661,"max":7.66061210632,"mean":0.721179664135,"median":0.551543056965,"min":0,"var":0.680568695068},"zerocrossingrate":{"dmean":0.00587222911417,"dmean2":0.00662763463333,"dvar":0.00010181262769,"dvar2":0.0000937745062402,"max":0.5234375,"mean":0.0322306789458,"median":0.02197265625,"min":0.00244140625,"var":0.00316900154576}},"metadata":{"audio_properties":{"analysis_sample_rate":44100,"bit_rate":0,"codec":"flac","downmix":"mix","equal_loudness":0,"length":134.933334351,"lossless":true,"md5_encoded":"f9e09cf4b7064c400da23e5baaf62dcb","replay_gain":-7.95610237122,"sample_rate":44100},"tags":{"album":["Whatever People Say I Am, That’s What I’m Not"],"albumartist":["Arctic Monkeys"],"albumartistsort":["Arctic Monkeys"],"artist":["Arctic Monkeys"],"artistsort":["Arctic Monkeys"],"barcode":["094636663623"],"catalognumber":["094636663623"],"date":["2006"],"discnumber":["1"],"disctotal":["1"],"file_name":"01-07 Riot Van.flac","genre":["Indie"],"isrc":["GBCEL0501186"],"label":["Domino"],"media":["CD"],"musicbrainz_albumartistid":["ada7a83c-e3e1-40f1-93f9-3e73dbc9298a"],"musicbrainz_albumid":["f06c983e-89c4-32d2-874a-9045343abbf3"],"musicbrainz_artistid":["ada7a83c-e3e1-40f1-93f9-3e73dbc9298a"],"musicbrainz_recordingid":["d8786d03-8c77-419e-bcf4-fd766e9c137d"],"musicbrainz_releasegroupid":["6c9c4985-3628-3070-b956-b538f30c9bea"],"originaldate":["2006-01-23"],"producer":["Jim Abbiss"],"releasecountry":["AR"],"releasestatus":["official"],"releasetype":["album"],"script":["Latn"],"title":["Riot Van"],"totaldiscs":["1"],"totaltracks":["13"],"tracknumber":["7"],"tracktotal":["13"]},"version":{"essentia":"2.1-beta1","essentia_build_sha":"ca57ba49d9b1854bd80e60cf9ccf267278fb7d6b","essentia_git_sha":"v2.1_beta1-28-g21ef5f4-dirty","extractor":"music 1.0"}},"rhythm":{"beats_count":270,"beats_loudness":{"dmean":0.0473278202116,"dmean2":0.0873771756887,"dvar":0.00362942204811,"dvar2":0.0129905771464,"max":0.370356589556,"mean":0.0665135607123,"median":0.0575360395014,"min":0,"var":0.00319912144914},"beats_loudness_band_ratio":{"dmean":[0.203912749887,0.108493551612,0.128617808223,0.0655991584063,0.0277115553617,0.027