{"lowlevel":{"average_loudness":0.912004411221,"barkbands":{"dmean":[0.0000115338834803,0.000627444649581,0.00146913260687,0.0020950762555,0.00300519657321,0.0015654573217,0.00143349159043,0.00120367843192,0.000915713782888,0.000409209576901,0.000336825440172,0.000335850665579,0.000605759269092,0.000394852773752,0.00030657541356,0.000313688535243,0.000219969806494,0.000174730390427,0.000124797588796,0.000109434775368,0.0000488834302814,0.0000678522337694,0.0000514702260261,0.0000438444330939,0.0000420707219746,0.00000550699360247,0.00000319463242704],"dmean2":[0.0000193403611775,0.000978232128546,0.00230366783217,0.00344144459814,0.00478776497766,0.0024074993562,0.00221634143963,0.00188787595835,0.00146178505383,0.000653679482639,0.000540149514563,0.000561022316106,0.000973054149654,0.000642050174065,0.000489120313432,0.000495466578286,0.000345592678059,0.000271624099696,0.000190553531866,0.000160804978805,0.0000702918114257,0.000102214020444,0.0000782161587267,0.0000633523522993,0.0000605052809988,0.00000805738545751,0.00000480612970932],"dvar":[4.96011232087e-10,9.13117787604e-7,0.00000557904331799,0.0000150540554387,0.0000179586004379,0.00000477848652736,0.00000822443962534,0.00000771847953729,0.00000385090470445,8.59512567786e-7,0.00000166969448401,0.00000112017471565,0.00000281161987914,0.00000101175658074,3.59717915899e-7,3.0438155818e-7,1.1901076391e-7,6.2739616169e-8,3.89855685512e-8,2.66682498307e-8,1.05004280826e-8,4.00209465568e-8,1.78800725337e-8,1.42696151784e-7,2.94744975093e-8,3.78131997936e-10,1.63767457928e-10],"dvar2":[1.19956522493e-9,0.0000020439574655,0.0000127500215967,0.000040070288378,0.0000469556543976,0.0000109173724923,0.0000193290488824,0.0000182196345122,0.00000941351117945,0.00000221478944695,0.00000422837456426,0.00000303704541693,0.00000617581872575,0.00000260743354374,8.59068620684e-7,7.25514837541e-7,2.92427898785e-7,1.49204723243e-7,8.85804709583e-8,5.72432732326e-8,2.24692300321e-8,9.44660598634e-8,3.92697501184e-8,3.33932945296e-7,4.23429327157e-8,7.17201686928e-10,3.72541858473e-10],"max":[0.000885759014636,0.0193973500282,0.0462605431676,0.0599322430789,0.0620336383581,0.031460557133,0.0717559158802,0.0746619775891,0.0393352359533,0.0270915869623,0.0552077144384,0.0409590229392,0.0501528307796,0.0245743654668,0.0153322778642,0.010399363935,0.00526627898216,0.00394690874964,0.0039750430733,0.00270688161254,0.00179861229844,0.00427130702883,0.00332814804278,0.0198342110962,0.012292615138,0.000913203519303,0.000472559971968],"mean":[0.0000133348366944,0.00125751399901,0.00281706172973,0.00273715914227,0.00592207955196,0.00324844522402,0.00249442551285,0.00207184650935,0.00151971157175,0.00067752454197,0.000532145495526,0.000537064217497,0.000959306256846,0.000658454257064,0.000531905912794,0.000518384680618,0.000414901762269,0.00033783967956,0.000259108754108,0.000245816103416,0.0000770898768678,0.0000946648069657,0.0000832999139675,0.0000723121120245,0.000067229681008,0.00000969461052591,0.00000541379495189],"median":[0.00000599792610956,0.000607053167187,0.00145827932283,0.00124745455105,0.00415112543851,0.00216517131776,0.00114427332301,0.000773528707214,0.000639824254904,0.00029186118627,0.000144409830682,0.000217801280087,0.000305616529658,0.000234742241446,0.000255559163634,0.000261223176494,0.000252729805652,0.000207944685826,0.000169493374415,0.000144368474139,0.000033961769077,0.0000386571773561,0.0000372456415789,0.0000209965655813,0.0000256529237959,0.00000385205021303,0.0000025844992706],"min":[4.29300881412e-23,4.62295714525e-23,1.89745928379e-23,2.39040678832e-23,5.77361174971e-23,5.98674871343e-23,1.27775098257e-23,2.93381220293e-23,4.07432205615e-23,4.33351271952e-23,1.88833572876e-22,6.03174597056e-23,1.42561945671e-22,1.12284138843e-22,6.40312906296e-23,1.33889372962e-22,3.21760586022e-22,1.99589748117e-22,1.98977326997e-22,3.57613695697e-22,3.99726069556e-22,6.20572867522e-22,4.87462927e-22,9.82197207792e-22,1.20903947486e-21,1.57560801663e-21,2.43093054146e-21],"var":[7.10536796067e-10,0.00000319755781675,0.0000158207949426,0.0000189309375855,0.0000381512691092,0.0000128791898533,0.0000174426841113,0.0000226854754146,0.00000802970225777,0.00000170793032339,0.00000363043454854,0.00000202077512768,0.00000557651037525,0.00000211593260246,7.30318333808e-7,5.64278593629e-7,2.57204391119e-7,1.48821627022e-7,9.53662606662e-8,9.02754848653e-8,1.72492811146e-8,4.86224323026e-8,2.94027309167e-8,1.88111258126e-7,8.87468942778e-8,8.1998668966e-10,2.29830821041e-10]},"barkbands_crest":{"dmean":2.44582843781,"dmean2":3.99478745461,"dvar":4.94818115234,"dvar2":12.8978919983,"max":24.1535453796,"mean":9.2780046463,"median":8.54884529114,"min":2.54304456711,"var":12.5542192459},"barkbands_flatness_db":{"dmean":0.0178377628326,"dmean2":0.0265402477235,"dvar":0.000247885735007,"dvar2":0.000541194574907,"max":0.376069009304,"mean":0.127288118005,"median":0.119484886527,"min":0.0324020348489,"var":0.00193938345183},"barkbands_kurtosis":{"dmean":2.32709431648,"dmean2":3.56139659882,"dvar":14.2045812607,"dvar2":32.0118598938,"max":118.600242615,"mean":4.05851411819,"median":2.14674377441,"min":-1.9890857935,"var":59.8196411133},"barkbands_skewness":{"dmean":0.454724431038,"dmean2":0.696972131729,"dvar":0.186091914773,"dvar2":0.429844886065,"max":9.75223255157,"mean":1.63652145863,"median":1.55117058754,"min":-1.87836873531,"var":1.03781044483},"barkbands_spread":{"dmean":4.46597957611,"dmean2":6.67976093292,"dvar":28.4738082886,"dvar2":56.7140731812,"max":166.234939575,"mean":21.9262237549,"median":17.5828399658,"min":1.02621734142,"var":583.60144043},"dissonance":{"dmean":0.0174414999783,"dmean2":0.0285057481378,"dvar":0.000269826326985,"dvar2":0.00068496336462,"max":0.500000059605,"mean":0.462343096733,"median":0.468892037868,"min":0.266478598118,"var":0.000764323107433},"dynamic_complexity":3.2358725071,"erbbands":{"dmean":[0.00741256959736,0.189982667565,1.4005304575,4.20091724396,8.37948036194,11.6249551773,11.7138004303,13.7406692505,19.4971370697,23.4806404114,24.8328475952,21.4209594727,13.5385456085,11.5083942413,12.2536497116,16.1871166229,23.795419693,22.2373580933,16.9520874023,14.1131391525,16.0344848633,11.5164775848,10.3139410019,5.91993331909,6.65839290619,4.96361875534,2.42199897766,2.12497925758,3.04187655449,1.11305046082,1.74577534199,0.806517243385,0.794510066509,0.433903574944,0.34362500906,0.0378203950822,0.00880804285407,0.00227647135034,0.000475660839584,0.0000502688671986],"dmean2":[0.011839014478,0.297965854406,2.20034146309,6.77656888962,13.6643104553,18.5521144867,18.2608242035,21.1690235138,30.366607666,36.387802124,38.9847106934,33.6117019653,21.8230171204,18.2096290588,19.8631858826,26.563533783,37.587310791,36.004108429,26.6904811859,22.1382598877,25.0341720581,17.7944946289,15.9531879425,8.98271656036,10.0381469727,7.21232700348,3.52359414101,3.10957670212,4.63478040695,1.59370791912,2.68649768829,1.14336562157,1.15764939785,0.60613077879,0.523496389389,0.055280379951,0.0128204459324,0.00335176661611,0.000720152165741,0.0000760210532462],"dvar":[0.000129344436573,0.0848506689072,4.78990459442,53.5156326294,179.846801758,307.215301514,313.627868652,426.584716797,1495.0390625,2316.37231445,3752.82470703,2164.97070313,801.663635254,1098.26391602,1648.01342773,2403.72827148,5164.63964844,3456.18798828,1236.98156738,651.401184082,857.020385742,340.393096924,222.217681885,89.9709472656,115.957969666,53.3030433655,19.5554351807,27.6211090088,86.9616622925,7.45619106293,22.03632164,20.8024082184,56.7429199219,7.81669330597,1.04030919075,0.0186278969049,0.000844119873364,0.0000689995576977,0.00000404398952014,3.21039514972e-8],"dvar2":[0.000313127122354,0.190998747945,11.3918027878,139.849609375,475.449066162,812.760742188,793.824523926,973.215820313,3447.11572266,5616.48291016,8969.76855469,5207.51416016,2115.66235352,2603.74780273,4108.27441406,6300.62646484,10030.4931641,9108.9609375,3042.95336914,1587.19641113,2054.2175293,790.283203125,527.665710449,206.576141357,259.302764893,108.391174316,42.4032440186,63.7999229431,207.979614258,15.152466774,49.5028381348,43.7751235962,129.988632202,10.1954565048,2.28468823433,0.0362699888647,0.00161247514188,0.000151898741024,0.00000920596721699,7.52429443196e-8],"max":[0.200465932488,6.12764310837,39.5481033325,133.789123535,176.818145752,310.114776611,341.855102539,302.623779297,805.977172852,1273.79248047,1662.09338379,913.420166016,610.710998535,1051.87939453,1393.71594238,2085.09423828,2638.21826172,1058.25463867,817.782043457,530.301086426,612.051208496,284.887878418,286.706359863,183.217834473,261.710144043,146.139907837,82.6554794312,107.244789124,194.570007324,72.9476699829,112.160820007,219.945800781,383.141998291,201.887741089,41.1948356628,6.6491932869,1.23193860054,0.22791673243,0.0805327966809,0.00597798498347],"mean":[0.0135370008647,0.391123265028,2.79077219963,6.65905761719,13.6558647156,20.7249011993,23.907749176,27.4748973846,34.8500671387,41.8532104492,45.2283439636,36.6690673828,23.6181945801,19.8410072327,20.8463401794,28.1070022583,40.8904380798,38.8171463013,30.362411499,25.9517745972,28.4095878601,22.8154029846,20.7606773376,12.6961727142,14.6059169769,11.4340429306,4.57490444183,3.08962440491,3.96923065186,2.03904342651,2.66735124588,1.39687871933,1.27758896351,0.779528975487,0.470390498638,0.0657941102982,0.0154300890863,0.0033965127077,0.000772995117586,0.000112637804705],"median":[0.00796411465853,0.19794715941,1.5835505724,3.61112451553,7.62126302719,13.0997076035,15.7911148071,17.8845348358,17.8570556641,19.5622787476,16.9087944031,16.2894325256,11.8775882721,6.89185237885,7.22906494141,11.8820953369,14.8606920242,13.1872882843,14.7689151764,13.4512119293,15.9372959137,14.2329864502,13.3545265198,8.38884735107,9.26383972168,6.91266965866,2.40093946457,1.31118905544,1.4807767868,1.04381453991,1.12522697449,0.489649415016,0.338152706623,0.278517693281,0.164913773537,0.0279335528612,0.00604186858982,0.00109172193334,0.000328182533849,0.0000780543050496],"min":[2.92046576189e-21,4.74042870718e-21,1.96638716153e-20,4.95235197622e-20,1.4259417613e-19,2.47556183882e-19,3.10569562175e-19,4.48119461683e-19,2.15641358651e-19,4.49736703178e-19,8.26416194269e-19,1.01350387271e-18,1.22965102646e-18,4.40647921781e-18,4.64901064136e-18,2.87926785376e-18,7.01280910908e-18,4.47600622983e-18,5.43717686673e-18,3.71431102483e-18,8.54681969097e-18,1.79974119561e-17,1.02262312537e-17,1.13063951305e-17,1.43492046564e-17,1.75563327837e-17,1.71849038733e-17,1.45485518753e-17,2.47872843096e-17,1.46800719383e-17,1.4597431632e-17,2.00161429323e-17,1.55156186556e-17,1.29723401929e-17,9.04422655435e-18,6.46272614352e-18,2.48953095481e-18,1.1551675482e-18,2.82034028241e-19,4.05135583376e-20],"var":[0.000283577974187,0.295231878757,13.6351251602,82.7017440796,340.227508545,565.233520508,789.829040527,1049.55944824,3155.90405273,5604.04345703,12401.9824219,4555.76464844,1685.41809082,2477.96362305,3481.29931641,4778.83544922,11040.0507813,7031.93408203,2659.82055664,1463.21557617,1456.35046387,760.25579834,535.688110352,209.111618042,325.223693848,189.536804199,41.7882270813,36.7525062561,98.4321136475,15.8044576645,32.8983612061,31.9375190735,82.5090408325,24.831949234,1.76247143745,0.041612599045,0.00173143274151,0.000104754755739,0.00000585513998885,4.1733130729e-8]},"erbbands_crest":{"dmean":2.39895987511,"dmean2":3.92294764519,"dvar":5.44557094574,"dvar2":13.7958669662,"max":30.1030483246,"mean":8.14106178284,"median":7.09638977051,"min":2.35371041298,"var":16.2102813721},"erbbands_flatness_db":{"dmean":0.0140681536868,"dmean2":0.0210469439626,"dvar":0.000158700437169,"dvar2":0.000345852604369,"max":0.308905273676,"mean":0.151652172208,"median":0.149899452925,"min":0.018094195053,"var":0.00140466389712},"erbbands_kurtosis":{"dmean":0.669214129448,"dmean2":1.04371857643,"dvar":0.893830895424,"dvar2":2.17060542107,"max":17.2650909424,"mean":-0.00860022101551,"median":-0.50559014082,"min":-1.68083965778,"var":2.77363729477},"erbbands_skewness":{"dmean":0.340815752745,"dmean2":0.510087013245,"dvar":0.0896801054478,"dvar2":0.203212216496,"max":3.72522783279,"mean":0.368367761374,"median":0.310414016247,"min":-2.23344016075,"var":0.432261794806},"erbbands_spread":{"dmean":6.59679746628,"dmean2":10.0168647766,"dvar":39.5022926331,"dvar2":83.9999771118,"max":129.012710571,"mean":38.8809547424,"median":38.6463394165,"min":6.29453897476,"var":209.137359619},"gfcc":{"cov":[[34726.5859375,3825.16674805,-2760.68310547,640.684631348,-1772.0045166,54.2125320435,-1391.89807129,185.258743286,-759.870361328,-20.5358448029,-396.901947021,-270.143005371,-315.251251221],[3825.16674805,1090.82995605,-361.965087891,-40.0590896606,-64.4610137939,-156.450561523,-113.276397705,-29.1007175446,-60.0960884094,-21.7644081116,-11.8405599594,-46.6523132324,-49.6710891724],[-2760.68310547,-361.965087891,574.033630371,97.8068084717,151.244094849,35.4573135376,70.0860290527,-15.0254354477,72.420211792,1.28152990341,9.04172515869,54.6853599548,22.661649704],[640.684631348,-40.0590896606,97.8068084717,336.870544434,21.7751941681,26.8333530426,-47.5195083618,23.8876667023,19.098613739,-11.6710042953,-30.5353279114,15.837518692,25.9570026398],[-1772.0045166,-64.4610137939,151.244094849,21.7751941681,254.869552612,-31.3003578186,99.9050674438,-13.420794487,60.4026489258,0.428934544325,9.85358715057,21.9628829956,28.6981563568],[54.2125320435,-156.450561523,35.4573135376,26.8333530426,-31.3003578186,215.442337036,56.5581207275,36.7579956055,-28.9360141754,21.4259414673,3.52429199219,-4.28660345078,-9.1251335144],[-1391.89807129,-113.276397705,70.0860290527,-47.5195083618,99.9050674438,56.5581207275,213.816497803,6.83776426315,23.9823589325,3.41215634346,8.45185852051,21.3265476227,7.10369539261],[185.258743286,-29.1007175446,-15.0254354477,23.8876667023,-13.420794487,36.7579956055,6.83776426315,95.2121505737,16.220539093,12.6144523621,5.29473543167,-5.85463428497,0.889241218567],[-759.870361328,-60.0960884094,72.420211792,19.098613739,60.4026489258,-28.9360141754,23.9823589325,16.220539093,98.0557022095,20.3599967957,-1.19595003128,12.0271911621,15.9394731522],[-20.5358448029,-21.7644081116,1.28152990341,-11.6710042953,0.428934544325,21.4259414673,3.41215634346,12.6144523621,20.3599967957,65.3669433594,13.6811561584,1.90788292885,0.798965811729],[-396.901947021,-11.8405599594,9.04172515869,-30.5353279114,9.85358715057,3.52429199219,8.45185852051,5.29473543167,-1.19595003128,13.6811561584,85.4465103149,4.67998790741,-1.34475767612],[-270.143005371,-46.6523132324,54.6853599548,15.837518692,21.9628829956,-4.28660345078,21.3265476227,-5.85463428497,12.0271911621,1.90788292885,4.67998790741,68.3120269775,25.883146286],[-315.251251221,-49.6710891724,22.661649704,25.9570026398,28.6981563568,-9.1251335144,7.10369539261,0.889241218567,15.9394731522,0.798965811729,-1.34475767612,25.883146286,62.841129303]],"icov":[[0.000225477022468,-0.000568308751099,0.000531248108018,-0.000538261199836,0.000690527667757,-0.000390990171582,0.000619752099738,-0.000311655341648,0.000565979920793,-0.000389283930417,0.000720507989172,-0.000544237380382,0.000375885516405],[-0.000568308751099,0.00282059027813,-0.000529960670974,0.00116033817176,-0.00208116346039,0.00187729066238,-0.00130649353378,0.000881315034349,-0.000879229744896,0.000878303486388,-0.00176543684211,0.0013267963659,0.0000761110932217],[0.000531248108018,-0.000529960670974,0.00423898361623,-0.00191072095186,0.000299796898616,-0.00135423638858,0.00172988977283,0.000157246817253,0.0000903410036699,-0.000367352477042,0.00135244999547,-0.00283360853791,0.00215324619785],[-0.000538261199836,0.00116033817176,-0.00191072095186,0.00515377428383,-0.0022263280116,-0.000188707679627,0.000178222777322,-0.000297343736747,-0.0018971003592,0.00198857509531,-0.000448059698101,0.000727267819457,-0.00210272055119],[0.000690527667757,-0.00208116346039,0.000299796898616,-0.0022263280116,0.00895039923489,0.000169528371771,-0.00133903312963,0.0000302471435134,-0.000403181853471,-0.00106281437911,0.00136056274641,-0.00050091027515,-0.00093006627867],[-0.000390990171582,0.00187729066238,-0.00135423638858,-0.000188707679627,0.000169528371771,0.00840439647436,-0.0038505345583,-0.0017839258071,0.00301642343402,-0.0025007002987,-0.00101654138416,0.00194224750157,0.000137158436701],[0.000619752099738,-0.00130649353378,0.00172988977283,0.000178222777322,-0.00133903312963,-0.0038505345583,0.0093364212662,-0.00121950532775,0.000417082279455,0.000262327172095,0.00223463401198,-0.00362292351201,0.00182407454122],[-0.000311655341648,0.000881315034349,0.000157246817253,-0.000297343736747,0.0000302471435134,-0.0017839258071,-0.00121950532775,0.0132768647745,-0.00452313804999,0.0000629934220342,-0.00227539869957,0.00197843904607,-0.000840708962642],[0.000565979920793,-0.000879229744896,0.0000903410036699,-0.0018971003592,-0.000403181853471,0.00301642343402,0.000417082279455,-0.00452313804999,0.0177887175232,-0.00679870741442,0.00338214077055,-0.00125269498676,-0.000302898552036],[-0.000389283930417,0.000878303486388,-0.000367352477042,0.00198857509531,-0.00106281437911,-0.0025007002987,0.000262327172095,0.0000629934220342,-0.00679870741442,0.0195863302797,-0.00398704083636,0.000120034819702,-0.000515203748364],[0.000720507989172,-0.00176543684211,0.00135244999547,-0.000448059698101,0.00136056274641,-0.00101654138416,0.00223463401198,-0.00227539869957,0.00338214077055,-0.00398704083636,0.0151755819097,-0.00286904559471,0.0016263598809],[-0.000544237380382,0.0013267963659,-0.00283360853791,0.000727267819457,-0.00050091027515,0.00194224750157,-0.00362292351201,0.00197843904607,-0.00125269498676,0.000120034819702,-0.00286904559471,0.0206398330629,-0.00831409078091],[0.000375885516405,0.0000761110932217,0.00215324619785,-0.00210272055119,-0.00093006627867,0.000137158436701,0.00182407454122,-0.000840708962642,-0.000302898552036,-0.000515203748364,0.0016263598809,-0.00831409078091,0.0217439979315]],"mean":[-20.5278873444,93.7012176514,-114.630622864,20.6024608612,-53.3725318909,-4.1039185524,-46.6862869263,0.298492193222,-23.0831012726,-3.46652984619,-13.8564443588,-8.84732532501,-13.7880678177]},"hfc":{"dmean":5.37657737732,"dmean2":7.34281253815,"dvar":62.3522186279,"dvar2":120.02545166,"max":216.622909546,"mean":19.7480068207,"median":16.5382328033,"min":1.16234810871e-16,"var":241.597457886},"melbands":{"dmean":[0.000113258145575,0.000559981679544,0.000826776959002,0.000684193393681,0.000437294394942,0.000307134934701,0.000292190379696,0.000257371808402,0.000204538169783,0.000124848767882,0.0000670105873724,0.0000474623120681,0.0000464146287413,0.0000357141070708,0.0000606834910286,0.0000472358769912,0.0000433180648542,0.0000295703175652,0.0000200705944735,0.0000205811302294,0.000020029485313,0.0000124956613945,0.0000122312912936,0.00000829136570246,0.00000491945138492,0.00000508284028911,0.00000502433658767,0.00000327355269292,0.00000184683858606,0.00000112757311399,0.00000130024068312,0.00000223638153329,6.86694477281e-7,6.14774933183e-7,0.00000137932738653,4.68817290766e-7,5.30829652234e-7,6.15739736531e-7,4.74500609471e-7,3.36033650683e-7],"dmean2":[0.000177542402525,0.000870349118486,0.00134116562549,0.00109958194662,0.000678529380821,0.000471457169624,0.000452140375273,0.000399036391173,0.000322269333992,0.000197062734514,0.000108077438199,0.0000753054846427,0.0000749744503992,0.0000588246621192,0.0000989340696833,0.0000748507663957,0.0000704096455593,0.0000470904960821,0.0000317338635796,0.0000327042071149,0.0000316379700962,0.0000196272303583,0.0000192918687389,0.0000130835705932,0.00000763176012697,0.00000783253290138,0.00000756356121201,0.00000484591100758,0.00000277456319964,0.00000165118183304,0.0000019442318262,0.00000348877460965,0.00000100478041531,9.09127606974e-7,0.00000217031788452,6.67990320835e-7,7.80306720571e-7,9.26705922666e-7,6.71818384035e-7,4.93263257795e-7],"dvar":[2.8001959862e-8,7.2792948913e-7,0.00000189986678834,0.00000113388284717,3.66069542679e-7,1.94318246827e-7,3.25069606788e-7,2.64775195546e-7,2.16918024876e-7,7.26812103835e-8,1.96814511355e-8,1.91365572277e-8,2.89963022482e-8,1.41980622814e-8,2.63988475524e-8,1.8060283935e-8,1.38205145106e-8,4.34724878318e-9,1.62645374946e-9,1.20954324334e-9,1.51085077782e-9,4.26281621113e-10,3.47271073009e-10,1.66287067449e-10,6.8286855337e-11,7.72538769067e-11,6.2792368527e-11,2.54097038549e-11,1.19443847174e-11,5.93085650036e-12,1.18752603237e-11,5.11516315416e-11,3.16190584999e-12,2.37248805671e-12,1.38903281238e-11,3.47463095622e-12,1.56610505814e-11,5.30345108107e-11,1.52645431017e-11,3.95853965926e-12],"dvar2":[6.48376428103e-8,0.00000170130408605,0.0000049904970183,0.00000294946835311,9.29809345962e-7,4.45881454425e-7,7.47096805753e-7,6.35215201328e-7,5.15098179221e-7,1.74203123038e-7,5.18722735876e-8,4.56913191726e-8,7.42705026369e-8,3.82997455972e-8,6.02029288643e-8,4.04300948276e-8,3.62480712113e-8,1.08576596602e-8,3.83915077506e-9,2.93491408954e-9,3.69413122314e-9,1.00572472572e-9,8.66452243287e-10,4.06150835186e-10,1.61935645449e-10,1.81144307887e-10,1.40147088379e-10,5.38708522235e-11,2.82123144291e-11,1.3141847853e-11,2.85497840646e-11,1.24880036867e-10,6.45765862659e-12,5.084349608e-12,3.18405406208e-11,7.28037942432e-12,3.70341708689e-11,1.37947667178e-10,2.17725837359e-11,6.16373532075e-12],"max":[0.00308534433134,0.0149550912902,0.0220679789782,0.0170013960451,0.010907234624,0.0062892283313,0.0116329602897,0.0148287601769,0.0123023493215,0.00503513030708,0.00293162837625,0.00392167689279,0.00734178442508,0.00459301145747,0.00409862259403,0.00392438052222,0.00225923652761,0.0013582338579,0.00104022177402,0.000821564346552,0.000912618532311,0.000354014337063,0.000317704078043,0.000279210333247,0.000165191508131,0.000218484507059,0.000174707427504,0.0000855862163007,0.0000694893824402,0.0000427123486588,0.000075726180512,0.000160849114764,0.0000481145470985,0.0000417102273786,0.0000760405237088,0.0000710524909664,0.000211078659049,0.000412498426158,0.000251616409514,0.000141860524309],"mean":[0.000223513197852,0.00115407758858,0.00136611878406,0.00125472818036,0.000899047765415,0.000621599901933,0.000526699237525,0.000454577937489,0.000361937534763,0.000211634047446,0.00011249990348,0.0000782647257438,0.0000745092474972,0.0000576413804083,0.0000984718135442,0.0000793445869931,0.0000709725209163,0.000048859990784,0.0000348462963302,0.0000350672235072,0.0000329051435983,0.0000231408139371,0.000022193264158,0.0000155232974066,0.00000939436085901,0.0000101374789665,0.0000106329334812,0.00000693581614541,0.00000328594069288,0.00000167552468611,0.00000174521449026,0.00000273657042271,0.00000113638725452,0.00000109432141926,0.00000195571351469,7.78930996148e-7,8.5661133653e-7,9.13231929189e-7,8.2051536765e-7,5.75113972445e-7],"median":[0.000122694400488,0.00066186330514,0.000818503031041,0.000817847030703,0.000634453259408,0.000414343201555,0.000269837735686,0.000208984711207,0.000131660053739,0.0000945870706346,0.0000535269355169,0.0000258090985881,0.0000220263282245,0.0000239402215811,0.0000332369454554,0.000027639356631,0.0000226495048992,0.000021687546905,0.0000174144479388,0.0000176203902811,0.0000179141388799,0.0000137298757181,0.000013340912119,0.00000920642014535,0.00000570613337914,0.00000628994803265,0.00000605514833296,0.00000389575552617,0.00000160862055054,7.13627287041e-7,6.6938054033e-7,9.15331099804e-7,5.10258473696e-7,5.54234247829e-7,7.69550183577e-7,2.82736039026e-7,2.66924359948e-7,2.22078028855e-7,2.19627779074e-7,2.01794989607e-7],"min":[2.05380457322e-23,8.34171971212e-24,1.19854437786e-23,1.33740385536e-23,1.07547900009e-23,1.04001165602e-23,3.35264898643e-24,4.85180103957e-24,8.04143428652e-24,5.4139287267e-24,5.91567897231e-24,1.68239576396e-23,2.11106514644e-23,6.84022474208e-24,1.15311450942e-23,1.46144797286e-23,7.95055908796e-24,1.01958607503e-23,4.05598119787e-24,7.53105863578e-24,1.01197333064e-23,1.8903478605e-23,1.39986254862e-23,8.52983463902e-24,9.08741099316e-24,8.65257350726e-24,1.21102881166e-23,1.14701535245e-23,9.99319607289e-24,9.30113471163e-24,8.07788202692e-24,1.46887967368e-23,1.16686593272e-23,7.19431363686e-24,7.4121946523e-24,1.19199154698e-23,1.22138489874e-23,9.86430251187e-24,1.25142227654e-23,1.06739846118e-23],"var":[8.64592664129e-8,0.00000220841138798,0.00000286585327558,0.00000215943259718,9.22108426948e-7,4.88036050683e-7,6.98389953868e-7,6.62463037315e-7,7.04509602656e-7,1.55316101313e-7,4.09022149483e-8,4.15097183293e-8,6.21115603394e-8,2.48458089658e-8,5.62920199343e-8,3.53389815189e-8,2.77140301819e-8,8.46860892523e-9,2.985493186e-9,2.65552824175e-9,2.25951057864e-9,8.74641803428e-10,6.91947665832e-10,3.82415210609e-10,1.38551753404e-10,1.79991993532e-10,1.93458832287e-10,7.7382177055e-11,2.52635742187e-11,8.75567153502e-12,1.43390828725e-11,5.39979207181e-11,6.06254629831e-12,4.68499327874e-12,1.91932875843e-11,5.5768154851e-12,1.88446359212e-11,5.06328312611e-11,4.60206074637e-11,1.10475578338e-11]},"melbands_crest":{"dmean":3.14595413208,"dmean2":5.16912078857,"dvar":8.37648677826,"dvar2":22.162979126,"max":37.3761062622,"mean":13.0990390778,"median":11.8612365723,"min":2.00092411041,"var":31.8390159607},"melbands_flatness_db":{"dmean":0.0224401596934,"dmean2":0.032632496208,"dvar":0.000414324487792,"dvar2":0.000878616177943,"max":0.511421501637,"mean":0.196338176727,"median":0.188637152314,"min":0.00541208032519,"var":0.00259492918849},"melbands_kurtosis":{"dmean":4.90037155151,"dmean2":7.77030706406,"dvar":73.6810073853,"dvar2":190.321395874,"max":265.353210449,"mean":11.3019981384,"median":8.28570747375,"min":-1.68002331257,"var":163.775436401},"melbands_skewness":{"dmean":0.573091566563,"dmean2":0.895282864571,"dvar":0.32681414485,"dvar2":0.80408424139,"max":13.4128341675,"mean":2.58837532997,"median":2.48159694672,"min":-0.764077961445,"var":1.44466233253},"melbands_spread":{"dmean":5.50199270248,"dmean2":8.39427375793,"dvar":46.7001914978,"dvar2":96.2593765259,"max":212.880493164,"mean":19.6853408813,"median":17.6434516907,"min":0.821003198624,"var":146.757843018},"mfcc":{"cov":[[14127.0146484,1731.00036621,-387.626525879,290.197357178,-66.312171936,-110.621101379,-94.7084732056,-43.8011665344,-173.129302979,70.716468811,-57.7794303894,-71.6736602783,-12.9002285004],[1731.00036621,1194.12805176,-223.46987915,111.563278198,0.916646242142,-51.0909042358,-35.8446578979,-38.0876235962,-58.031917572,-20.8966369629,17.4389877319,-9.14931869507,8.70300006866],[-387.626525879,-223.46987915,364.23425293,34.1102790833,68.040397644,42.5181045532,-4.54160118103,19.6622314453,-4.43321943283,-8.8117313385,11.997633934,-5.21892881393,0.386404752731],[290.197357178,111.563278198,34.1102790833,318.188262939,92.8206634521,29.544008255,-62.9087562561,24.5085144043,39.6702728271,-20.6126556396,-25.70744133,-8.66057014465,13.0292272568],[-66.312171936,0.916646242142,68.040397644,92.8206634521,174.884231567,-6.92658901215,-25.619430542,-10.5671434402,1.39658880234,18.3540763855,-19.3195362091,-6.57724285126,16.4051742554],[-110.621101379,-51.0909042358,42.5181045532,29.544008255,-6.92658901215,152.63671875,40.3957862854,35.0698623657,40.177154541,-7.58455705643,17.7165966034,-4.2210893631,-1.58316206932],[-94.7084732056,-35.8446578979,-4.54160118103,-62.9087562561,-25.619430542,40.3957862854,144.212539673,35.6185035706,-0.973144590855,15.7283420563,14.0000009537,17.5029563904,0.60434627533],[-43.8011665344,-38.0876235962,19.6622314453,24.5085144043,-10.5671434402,35.0698623657,35.6185035706,92.4488372803,32.0885658264,-1.28945887089,10.4529333115,3.48419594765,9.99813365936],[-173.129302979,-58.031917572,-4.43321943283,39.6702728271,1.39658880234,40.177154541,-0.973144590855,32.0885658264,104.470237732,12.5926685333,2.11372208595,1.23526751995,4.83260726929],[70.716468811,-20.8966369629,-8.8117313385,-20.6126556396,18.3540763855,-7.58455705643,15.7283420563,-1.28945887089,12.5926685333,83.5601959229,18.8079967499,3.95046782494,4.6062669754],[-57.7794303894,17.4389877319,11.997633934,-25.70744133,-19.3195362091,17.7165966034,14.0000009537,10.4529333115,2.11372208595,18.8079967499,71.3930053711,13.7984447479,1.11721336842],[-71.6736602783,-9.14931869507,-5.21892881393,-8.66057014465,-6.57724285126,-4.2210893631,17.5029563904,3.48419594765,1.23526751995,3.95046782494,13.7984447479,60.4991989136,15.4446640015],[-12.9002285004,8.70300006866,0.386404752731,13.0292272568,16.4051742554,-1.58316206932,0.60434627533,9.99813365936,4.83260726929,4.6062669754,1.11721336842,15.4446640015,62.7301940918]],"icov":[[0.0000925903950701,-0.000125351682073,0.00000562654577152,-0.0000828573683975,0.000119566873764,-0.0000233906666836,0.0000415229405917,-0.000063445259002,0.000165887147887,-0.000231240264839,0.000159609218827,0.0000526051444467,0.0000198653979169],[-0.000125351682073,0.00128235132433,0.000760947528761,-0.000520129397046,-0.000227982760407,0.000210532423807,-0.000156763198902,0.000378571567126,0.000489180034492,0.000658367120195,-0.00111288868356,0.000311445997795,-0.000237124389969],[0.00000562654577152,0.000760947528761,0.00377261918038,-0.00019108975539,-0.00165833160281,-0.000846238515805,0.000357388984412,-0.000702596444171,0.0011414855253,0.000864641391672,-0.00141344871372,0.000300800136756,0.000232590522501],[-0.0000828573683975,-0.000520129397046,-0.00019108975539,0.00520971696824,-0.00255410932004,-0.00118455989286,0.00225431076251,-0.00190093903802,-0.0014798946213,0.00116957048886,0.0012782701524,-0.000706879538484,0.0000729407547624],[0.000119566873764,-0.000227982760407,-0.00165833160281,-0.00255410932004,0.008674855344,0.000406793929869,-0.0000040210370571,0.00146594969556,0.000686593586579,-0.00335811800323,0.00231258245185,0.000650245870929,-0.00190264848061],[-0.0000233906666836,0.000210532423807,-0.000846238515805,-0.00118455989286,0.000406793929869,0.00933028478175,-0.0031856992282,-0.000315720506478,-0.00325365923345,0.00204587867483,-0.00270435819402,0.0019198859809,0.000103231548565],[0.0000415229405917,-0.000156763198902,0.000357388984412,0.00225431076251,-0.0000040210370571,-0.0031856992282,0.0103878956288,-0.00438379775733,0.00205841194838,-0.00230409530923,0.00133052456658,-0.00299678649753,0.000803887203801],[-0.000063445259002,0.000378571567126,-0.000702596444171,-0.00190093903802,0.00146594969556,-0.000315720506478,-0.00438379775733,0.0154157653451,-0.00390725489706,0.00146182777826,-0.00211055064574,0.00128584622871,-0.00255786441267],[0.000165887147887,0.000489180034492,0.0011414855253,-0.0014798946213,0.000686593586579,-0.00325365923345,0.00205841194838,-0.00390725489706,0.013590125367,-0.00341330608353,0.00107562483754,-0.000653745548334,-0.0000466761084681],[-0.000231240264839,0.000658367120195,0.000864641391672,0.00116957048886,-0.00335811800323,0.00204587867483,-0.00230409530923,0.00146182777826,-0.00341330608353,0.0158311184496,-0.00548148620874,0.000889754854143,-0.000689050881192],[0.000159609218827,-0.00111288868356,-0.00141344871372,0.0012782701524,0.00231258245185,-0.00270435819402,0.00133052456658,-0.00211055064574,0.00107562483754,-0.00548148620874,0.0186640266329,-0.00419298000634,0.000600541010499],[0.0000526051444467,0.000311445997795,0.000300800136756,-0.000706879538484,0.000650245870929,0.0019198859809,-0.00299678649753,0.00128584622871,-0.000653745548334,0.000889754854143,-0.00419298000634,0.0197455734015,-0.00498690223321],[0.0000198653979169,-0.000237124389969,0.000232590522501,0.0000729407547624,-0.00190264848061,0.000103231548565,0.000803887203801,-0.00255786441267,-0.0000466761084681,-0.000689050881192,0.000600541010499,-0.00498690223321,0.0181331187487]],"mean":[-651.828613281,130.504577637,-7.02406930923,22.0484275818,6.87343835831,-5.2172498703,-9.47686004639,-5.53834009171,-9.70885562897,-0.421254992485,-1.96241366863,-4.18061447144,-1.34912765026]},"pitch_salience":{"dmean":0.0666895136237,"dmean2":0.109493412077,"dvar":0.003195872996,"dvar2":0.00851635448635,"max":0.852703690529,"mean":0.607885718346,"median":0.614500284195,"min":0.183053523302,"var":0.00812921579927},"silence_rate_20dB":{"dmean":0,"dmean2":0,"dvar":0,"dvar2":0,"max":1,"mean":1,"median":1,"min":1,"var":0},"silence_rate_30dB":{"dmean":0,"dmean2":0,"dvar":0,"dvar2":0,"max":1,"mean":1,"median":1,"min":1,"var":0},"silence_rate_60dB":{"dmean":0.00436314800754,"dmean2":0.00872776098549,"dvar":0.0043441480957,"dvar2":0.0096587529406,"max":1,"mean":0.0771812051535,"median":0,"min":0,"var":0.0712250322104},"spectral_centroid":{"dmean":212.98449707,"dmean2":318.141082764,"dvar":50806.2734375,"dvar2":101781.085938,"max":10802.0576172,"mean":1161.31518555,"median":1077.14453125,"min":182.070892334,"var":347409.40625},"spectral_complexity":{"dmean":3.69827151299,"dmean2":5.29338693619,"dvar":14.6888017654,"dvar2":26.5237960815,"max":58,"mean":20.8501682281,"median":21,"min":0,"var":96.8950500488},"spectral_contrast_coeffs":{"dmean":[0.0527317225933,0.0480821430683,0.0369813814759,0.0297450777143,0.0205255076289,0.0183469820768],"dmean2":[0.0863991379738,0.0780669525266,0.0602431036532,0.0484976768494,0.0327465645969,0.0274030007422],"dvar":[0.0018125504721,0.00158167874906,0.000874339311849,0.000576901482418,0.000280521577224,0.000278141349554],"dvar2":[0.00475177867338,0.00398863106966,0.00223920424469,0.00145255343523,0.00067676207982,0.000597467820626],"max":[-0.249701246619,-0.434233158827,-0.503548264503,-0.563486456871,-0.620643615723,-0.65386390686],"mean":[-0.574997901917,-0.714575707912,-0.772860646248,-0.776402235031,-0.779969573021,-0.78029769659],"median":[-0.57134115696,-0.712929844856,-0.776140809059,-0.777932107449,-0.77848815918,-0.779749631882],"min":[-0.958290219307,-0.96869212389,-0.967536270618,-0.957271099091,-0.957540214062,-0.96020835638],"var":[0.00960496161133,0.00678961630911,0.00422100303695,0.00319228880107,0.00224418612197,0.00208266917616]},"spectral_contrast_valleys":{"dmean":[0.416295260191,0.332892984152,0.313239187002,0.266014695168,0.249012082815,0.251054167747],"dmean2":[0.6904489398,0.542596042156,0.490057915449,0.400145292282,0.330423653126,0.324408710003],"dvar":[0.126682668924,0.0904933586717,0.0874499306083,0.0703550353646,0.0742155835032,0.0837715342641],"dvar2":[0.314706385136,0.198478668928,0.173906803131,0.123531624675,0.111008353531,0.134936228395],"max":[-5.48122215271,-4.65152931213,-5.15232229233,-5.83111810684,-5.91214513779,-7.61224508286],"mean":[-7.78321170807,-6.68588161469,-7.58721113205,-7.71509790421,-7.77325153351,-10.5318212509],"median":[-7.29800653458,-6.26993846893,-7.18926334381,-7.33653640747,-7.38845920563,-10.1308612823],"min":[-26.948595047,-27.239862442,-27.09973526,-27.1862239838,-27.3153877258,-27.1890182495],"var":[4.20219373703,3.87378096581,3.44665122032,3.2943854332,3.08499145508,2.6121032238]},"spectral_decrease":{"dmean":1.75824543813e-9,"dmean2":2.64227772995e-9,"dvar":3.88471560769e-18,"dvar2":8.90491031404e-18,"max":2.17383015348e-17,"mean":-6.98756741357e-9,"median":-6.72106637012e-9,"min":-2.81376024702e-8,"var":1.68189062307e-17},"spectral_energy":{"dmean":0.00695021264255,"dmean2":0.0103957997635,"dvar":0.0000608885056863,"dvar2":0.000136777220177,"max":0.112495601177,"mean":0.0281639043242,"median":0.0270320512354,"min":1.05982427126e-20,"var":0.000271485681878},"spectral_energyband_high":{"dmean":0.000263356574578,"dmean2":0.000362710969057,"dvar":4.8564129429e-7,"dvar2":9.50386379373e-7,"max":0.0231257155538,"mean":0.00051121856086,"median":0.00027428206522,"min":7.56278228581e-21,"var":0.00000101893488136},"spectral_energyband_low":{"dmean":0.00247615296394,"dmean2":0.00387642509304,"dvar":0.0000126466438815,"dvar2":0.0000303767174046,"max":0.0611957348883,"mean":0.00536298099905,"median":0.00354314316064,"min":1.00569705861e-22,"var":0.0000357016688213},"spectral_energyband_middle_high":{"dmean":0.00181905191857,"dmean2":0.00265189027414,"dvar":0.00000854361951497,"dvar2":0.0000184693490155,"max":0.0683330968022,"mean":0.00538621051237,"median":0.00365565810353,"min":1.64762614527e-21,"var":0.000035520439269},"spectral_energyband_middle_low":{"dmean":0.00595548050478,"dmean2":0.00919778086245,"dvar":0.0000480914313812,"dvar2":0.0001174573772,"max":0.0973474010825,"mean":0.0182904116809,"median":0.0164061654359,"min":2.3838424874e-22,"var":0.000151831525727},"spectral_entropy":{"dmean":0.142349645495,"dmean2":0.198431417346,"dvar":0.0177372246981,"dvar2":0.0337925590575,"max":9.80719661713,"mean":7.49956893921,"median":7.50916242599,"min":5.11466550827,"var":0.17239767313},"spectral_flux":{"dmean":0.0191519279033,"dmean2":0.0296789687127,"dvar":0.000374942930648,"dvar2":0.000854694284499,"max":0.233902901411,"mean":0.0796111151576,"median":0.0782562419772,"min":1.02947768366e-10,"var":0.00150421366561},"spectral_kurtosis":{"dmean":1.43032193184,"dmean2":2.29194259644,"dvar":3.2536945343,"dvar2":7.12290143967,"max":48.6458358765,"mean":5.74624729156,"median":5.0977678299,"min":-1.27220606804,"var":14.4198131561},"spectral_rms":{"dmean":0.000627641973551,"dmean2":0.000925972766709,"dvar":4.02162015689e-7,"dvar2":8.49916318657e-7,"max":0.0104762492701,"mean":0.0049010864459,"median":0.00513543887064,"min":3.21554805352e-12,"var":0.00000345614876096},"spectral_rolloff":{"dmean":392.363311768,"dmean2":641.116455078,"dvar":445889.53125,"dvar2":944490.625,"max":21253.2714844,"mean":1689.33056641,"median":1119.7265625,"min":129.19921875,"var":10000631},"spectral_skewness":{"dmean":0.1909006387,"dmean2":0.288434118032,"dvar":0.038433983922,"dvar2":0.0752623006701,"max":5.31195926666,"mean":1.74955236912,"median":1.70296919346,"min":0.0373993366957,"var":0.183134898543},"spectral_spread":{"dmean":430149.9375,"dmean2":619231.625,"dvar":375171153920,"dvar2":552153776128,"max":42222648,"mean":4366075.5,"median":3964722.5,"min":1544882.375,"var":3896938332160},"spectral_strongpeak":{"dmean":0.500061035156,"dmean2":0.837166547775,"dvar":0.584448635578,"dvar2":1.47498965263,"max":11.0028781891,"mean":1.00173401833,"median":0.671287298203,"min":0,"var":1.17496502399},"zerocrossingrate":{"dmean":0.00844335742295,"dmean2":0.0101286806166,"dvar":0.000115166396427,"dvar2":0.000140230695251,"max":0.59033203125,"mean":0.0643357262015,"median":0.04931640625,"min":0.005859375,"var":0.00629899464548}},"metadata":{"audio_properties":{"analysis_sample_rate":44100,"bit_rate":0,"codec":"flac","downmix":"mix","equal_loudness":0,"length":138.36000061,"lossless":true,"md5_encoded":"e9121c68ed63c5c2f146c06a7fecdf37","replay_gain":-14.3598918915,"sample_rate":44100},"tags":{"acoustid_fingerprint":["AQADtJke6gn09rgSHY0e9MXJJIfyHh901cR7MDaJVF6Lyse14k8wKhfeKDmuC2FOJGewVTn6o3vApCJyHYkno_lR_sEfMUS5YEdXGskRX7lxVKQV1FEaPHizFBcLq1mKi8e1S8STDz4pPEmC6_iPPHuCpE5-_DgfTLQFL34I_pieZcTF4-VxpN_xPvDfQM-Jryk-a0nR5EGfBXPWGPeTBDl8GWeOT1IOr8oR6kqh5cePx0yQ62Dyo18e_BHI5A1iHT7-FDo89savIM8TpMSdHXpq5DH6Dkwe_PKMPxSYMKi0UqgVHs3x4MOlHCkb6Ml65NoJJjmFXnhyHn4WXGKPn_hROfiVoH5wtkd2p0HbQtwT9Inw42eS4Bc6NOFxZYcmXYd_TWgU5jL-QG_C4MrkgD-0LL-K_gzi63ie8GDh4zka90hGqUeeE0-DKmOCJp3y4kd_MNnxZOOSIsuP5onw40cXPfiSaDia8zj1QLNeND5y5ejnoeF1XJgeNMinQdx0CfmuDfeVo4czeeiiR-jbw2uO_gvupBt-wS-uI7mKdJKU4oOfK7iJuwmeUS1CKdOgKD_yyTjTJPgDJkeZglN1NJ_xwVsWVYG5o2S24Y2F_UYp58Yv1MqFPDmaH1q7TsNzHqdO5MuRJ9cR5szQv_gj9HrRVNrx4TyuZ8gTqcMvaHkWhA_xDM8lnMfbhBfCTZmhZUGsM6i3DvZ21MrxGleW4bkiNEmYIdJT4RKDxqGPWvmg1fB_5Avc5KiP6iucVPiCS4eNPsqNXFIa6B9OQUuSjiHCN4oS4syxH-UTojmdDX1So8lnJOlP3JB9BVefIjyH5hce_Gji8LAcoZ-wM7KEfkLjNkKcPJGhK0ePNM8w7TuuW6DJ46-x_7jyojbxHpXYoFNqBr5wdQjRR9CJiznOXDk-WJWOUM4yfMTTY1cynMH5BE1oEYyStUZy58j3oi0p-Goxy2lhK0KotBNUHuEzHs0yXD4aJ8uDWjfi43mg5aPQf8Jz4RCfLB0uHn9SXMWVSkL3DOaSoyRz_B8u-cGF89Dzoe_QbC9y5Zj0ZGh0fD6RJzt05nD14C8uNJQvtBEiM__Q_EV9PIOrFI-G_yM-H12P5lE4fKMV5NqgH3aKh8egH5mXSKjyFadKXImDSzXu48LhI8ufIcnF41Kaoqt-XBKMV0JTF3mOP8fzIOQr-MdT_LjQH11PnIH7Yz-cc6Dxw92PPdHh-eijHN9w_I6QhMou5FJCGQ-egkmfFP1xh8NunM3R1Dl6UriyXEX5KhnClAqe4zMej8jhHZ-UCj-XYPzRDVXrI1fQE16gUcpxJhbxJomTgLtC6MwXoySD5g-eB_oOn_iHWAw-G5_yJCHygnc2_OgVQfxCdM2N2dIy_GmC__B8PDy2SMerB_5xO1AXU3jToBQP50e_CHLyBn-0JMNvhOlR-gjjBh8PZVdQPQ86KUoyTIl05ETA-EPjZE5wPsWjFqcUCU958DgfaDGP_niMKyz6J0dzB9ehJ5JC2FKO70H_LGh6POrxH1o-EteRf7ge7IsOR0-wk7AaHdPDDPNJxD_c4w20TFosVL-CJr6I-jn-FH-CcgaT_BF-nGrxZpPwQ_cReg