{"lowlevel":{"average_loudness":0.948993563652,"barkbands":{"dmean":[0.00952611211687,0.0111399581656,0.00132747902535,0.00170198164415,0.00326094031334,0.00125969725195,0.000969844870269,0.000888970098458,0.0015661821235,0.000661231053527,0.00065153738251,0.000420929805841,0.00045370234875,0.000514735642355,0.000207566699828,0.000067877699621,0.000026927997169,0.0000280322346953,0.000024269666028,0.0000130714279294,0.00000633159515928,0.00000502209786646,0.00000347220111507,0.00000269001839115,0.00000241911175181,0.0000026179636734,0.0000120831973618],"dmean2":[0.0141339218244,0.0185695067048,0.00222265487537,0.00277514965273,0.00503913871944,0.00191118870862,0.00148571759928,0.00136239384301,0.00234546582215,0.000990639789961,0.000970896333456,0.000651328533422,0.000715467496775,0.000848507508636,0.000322528620018,0.000105471764982,0.0000398732918256,0.0000427733793913,0.0000361208221875,0.0000192737825273,0.00000985091082839,0.00000798343626229,0.00000562727882425,0.00000435893753092,0.00000392328684029,0.00000422781795351,0.0000172925992956],"dvar":[0.000421241362346,0.000485616852529,0.00000355680799657,0.00000740200994187,0.0000360231642844,0.00000893966262083,0.00000321661696034,0.00000585133284403,0.0000191609597096,0.00000611426503383,0.00000334485866915,0.00000103909383142,9.85839960777e-7,0.00000139212750128,1.80415838713e-7,2.36665886888e-8,2.97706104213e-9,6.71568090027e-9,5.26696020131e-9,1.21541687825e-9,1.99410710167e-10,1.48995399352e-10,5.89953780272e-11,2.60639027722e-11,2.14228565443e-11,2.39215799946e-11,4.52604564938e-10],"dvar2":[0.000965557934251,0.0013713442022,0.00000929184261622,0.0000169622344401,0.0000754275097279,0.0000201481780095,0.00000743160580896,0.000011832702512,0.0000409074200434,0.0000119114502013,0.00000745790293877,0.00000262646608462,0.00000230708860727,0.0000035563741676,3.98902272991e-7,5.1957066205e-8,6.54135856593e-9,1.61475224303e-8,1.23176864264e-8,2.57447485552e-9,4.49464326868e-10,3.68429897701e-10,1.4800359549e-10,6.30736504692e-11,5.11142413118e-11,5.75859013252e-11,9.13798037239e-10],"max":[0.330437958241,0.26405647397,0.0364948138595,0.0710893571377,0.129515260458,0.0716607049108,0.0350179858506,0.0836509689689,0.115514732897,0.100432187319,0.0870934426785,0.0317204482853,0.0177805870771,0.0164779257029,0.010678736493,0.00501283863559,0.00148047169205,0.00259111449122,0.00207618251443,0.00080485251965,0.000328533002175,0.000324152060784,0.000202755152714,0.0000736356596462,0.0000618059202679,0.000069343332143,0.000415482878452],"mean":[0.0142903141677,0.0169612206519,0.00174208544195,0.00232657417655,0.0050513278693,0.00194107810967,0.00147103227209,0.00125882215798,0.0023736206349,0.00092935084831,0.000939143588766,0.000645805266686,0.000557970604859,0.000587518792599,0.00027659945772,0.0000801769565442,0.0000385787498089,0.0000361595848517,0.0000351025228156,0.0000180246988748,0.00000749417995394,0.00000539882739758,0.00000350381105818,0.00000263166361947,0.0000023222269192,0.00000259846115114,0.0000192554998648],"median":[0.00229455414228,0.00467619206756,0.0010554791661,0.0011011948809,0.00185220618732,0.000703692436218,0.000622090767138,0.000336022436386,0.000476400513435,0.000175446199137,0.0003015526745,0.000215864842176,0.000161723117344,0.000195415108465,0.0000843233428895,0.0000241960296989,0.000014413361896,0.0000129247591758,0.0000107234936877,0.00000561839897273,0.00000272663578471,0.00000179611276963,0.00000106567688363,6.94630159614e-7,5.35838410087e-7,7.23384459889e-7,0.00000911241204449],"min":[2.15413490082e-23,4.13660199353e-23,1.96756882342e-23,3.0751967453e-24,3.45807590768e-23,7.0865167408e-23,4.67289645817e-23,3.24153674464e-23,1.4224370025e-22,8.45082201521e-23,2.5204921604e-23,6.14575214858e-23,9.14677593172e-23,1.61169306403e-22,9.85229084241e-23,7.04878394598e-23,1.89117158905e-22,2.14787412203e-22,1.4076143692e-22,3.64463128812e-22,5.50891130312e-22,4.92957639816e-22,5.53702049976e-22,9.74187126782e-22,1.18700912675e-21,1.91821750217e-21,2.49249572038e-21],"var":[0.000861695967615,0.000718922761735,0.00000463304286313,0.0000153879900608,0.0000864890462253,0.0000159784030984,0.00000654877749184,0.0000117609024528,0.0000454838700534,0.0000129044619825,0.00000495823860547,0.00000168895508068,0.00000127387954763,0.00000135813297675,2.95353373758e-7,3.06240366399e-8,4.90223062144e-9,7.36308569671e-9,7.43728634234e-9,1.89410087614e-9,2.44412018402e-10,1.4670213655e-10,5.5867414861e-11,2.85824801327e-11,2.42170467707e-11,2.64649656356e-11,8.27862833841e-10]},"barkbands_crest":{"dmean":2.88343906403,"dmean2":4.59600925446,"dvar":6.92027235031,"dvar2":16.2463207245,"max":26.3775424957,"mean":11.6768741608,"median":10.8503036499,"min":2.96959781647,"var":24.7115592957},"barkbands_flatness_db":{"dmean":0.0407620482147,"dmean2":0.062398340553,"dvar":0.00125493225642,"dvar2":0.00304003478959,"max":0.573962986469,"mean":0.216974467039,"median":0.21006077528,"min":0.0565290078521,"var":0.0053576673381},"barkbands_kurtosis":{"dmean":7.84426450729,"dmean2":12.4574947357,"dvar":418.256286621,"dvar2":1149.71032715,"max":944.382446289,"mean":11.6928691864,"median":3.88244533539,"min":-1.75853562355,"var":573.750793457},"barkbands_skewness":{"dmean":0.876241743565,"dmean2":1.32237517834,"dvar":1.02146375179,"dvar2":2.31831550598,"max":29.6854820251,"mean":2.08380770683,"median":1.57008612156,"min":-2.96666574478,"var":4.1088013649},"barkbands_spread":{"dmean":3.47092270851,"dmean2":5.39590454102,"dvar":20.6040248871,"dvar2":55.4318695068,"max":120.588523865,"mean":10.2918710709,"median":8.84606552124,"min":0.300711095333,"var":61.3547019958},"dissonance":{"dmean":0.0259072780609,"dmean2":0.0434519946575,"dvar":0.000679646211211,"dvar2":0.00178374897223,"max":0.500000178814,"mean":0.454858541489,"median":0.463485747576,"min":0.0510451421142,"var":0.00125135399867},"dynamic_complexity":3.57443356514,"erbbands":{"dmean":[0.706704556942,1.24399161339,1.46156072617,3.4159579277,10.0441417694,10.0857744217,13.6950893402,8.58493423462,9.81491947174,19.1669864655,22.7116317749,37.2831115723,22.9372711182,20.164932251,24.9582176208,15.5734376907,19.3304481506,27.8145103455,15.7305784225,6.9538230896,2.74616146088,1.49968636036,1.4740344286,1.44447028637,1.02046442032,0.592698156834,0.291578680277,0.241211399436,0.183607324958,0.144406095147,0.0940707176924,0.0645641684532,0.0409820750356,0.0273534040898,0.0170476771891,0.00948377884924,0.00504674203694,0.00231421855278,0.000780056754593,0.000284852692857],"dmean2":[1.17919397354,2.12113523483,2.4474337101,5.51772594452,15.6969623566,15.8058004379,21.0982341766,13.1130561829,15.1559743881,29.5099563599,33.5841293335,55.5609169006,35.339012146,29.2590770721,37.6688308716,23.1992759705,30.0506153107,46.2015914917,24.1287059784,10.9337739944,4.11444711685,2.1786711216,2.22253322601,2.19788408279,1.50950431824,0.883555233479,0.441915631294,0.376678317785,0.290549874306,0.235251352191,0.152130901814,0.104439869523,0.0664210394025,0.0443474985659,0.0276392418891,0.015367445536,0.0081433635205,0.00370594789274,0.00114434526768,0.000401885306928],"dvar":[2.14425134659,5.33480405807,4.4234752655,24.4938640594,441.767669678,387.145446777,1064.36291504,319.371917725,332.062774658,1486.06860352,4527.65478516,13326.2714844,4453.00390625,6332.79101562,4633.29443359,1182.21533203,1724.02770996,4718.26220703,951.826416016,212.130187988,42.0637512207,8.68940067291,16.0169334412,21.9689331055,8.91675281525,2.2354516983,0.383213490248,0.370067149401,0.174335807562,0.160472646356,0.0420852452517,0.0165280010551,0.00596474530175,0.00273667369038,0.00106343999505,0.000325693457853,0.0000941094040172,0.0000302434164041,0.00000296953794532,2.52729108752e-7],"dvar2":[6.18190574646,14.520365715,11.6032705307,58.7727661133,834.03302002,873.44744873,2291.30664062,723.140197754,799.817016602,3397.77368164,8726.27636719,28957.4804688,10623.3173828,11868.1552734,10925.1171875,2785.1484375,4034.43530273,12194.0507812,2121.49658203,506.699066162,84.6619644165,18.2180728912,37.5268936157,54.0591545105,19.6732158661,4.8140463829,0.842056691647,0.883197426796,0.41895288229,0.413524955511,0.105468042195,0.0409272164106,0.0142275374383,0.00652828486636,0.00253702886403,0.000776807311922,0.000229402605328,0.0000752641644794,0.00000625940811005,5.18299259511e-7],"max":[16.7186908722,23.9737358093,40.6254463196,84.4058456421,586.153320312,388.243530273,756.511291504,344.35043335,314.869140625,1111.51989746,2481.80932617,3651.62036133,1623.91687012,3983.12841797,2994.35717773,908.122924805,862.418579102,951.999145508,593.054260254,196.040649414,280.680084229,65.3560714722,99.724571228,172.912750244,65.9887924194,38.8819961548,19.1279754639,17.5950393677,9.45444107056,10.8737592697,5.29686832428,2.52937579155,1.02819669247,0.698730707169,0.435578733683,0.241024821997,0.153233408928,0.143653064966,0.0465906150639,0.00824138242751],"mean":[1.04102158546,1.76867508888,2.04106473923,5.02922153473,15.3771820068,13.7894210815,18.9410247803,13.504237175,14.9392662048,29.3973674774,35.6165924072,55.126159668,34.1828269958,30.8242416382,38.2008132935,25.9186267853,25.4197006226,29.9863147736,22.0487785339,8.57303619385,3.59665966034,2.17334604263,2.00696516037,2.00057625771,1.46254706383,0.837045252323,0.370938152075,0.273738145828,0.202035322785,0.146843954921,0.0946398898959,0.0637271106243,0.0396854430437,0.026324685663,0.0163999646902,0.0091718127951,0.00501985615119,0.00245494628325,0.00112496269867,0.000518862681929],"median":[0.193256437778,0.731788754463,1.29570317268,2.91720366478,5.43722009659,4.94825839996,5.63740682602,5.43808269501,6.16325092316,11.2800550461,8.55586528778,10.7622652054,7.84644794464,8.34827327728,13.4018850327,9.21502685547,8.55305290222,9.76511669159,6.78911733627,2.95433163643,1.2246505022,0.82384198904,0.749159395695,0.642045736313,0.458327353001,0.26983165741,0.142401143909,0.0963926464319,0.0690706819296,0.045440196991,0.0283599402755,0.0174743477255,0.0098665393889,0.00613987771794,0.00379621563479,0.00219884002581,0.00141631555744,0.000808647018857,0.000467232515803,0.000303475419059],"min":[8.86272529511e-22,1.03779275185e-20,2.80265335145e-20,1.13732519776e-20,7.43909212704e-21,9.12714577559e-20,3.50576281748e-19,6.84291158794e-19,7.08225216228e-19,6.98320503874e-19,9.34036114275e-19,2.66706748891e-18,3.82200663187e-18,2.25367632637e-18,1.1481235883e-18,2.76121987457e-18,4.70239853245e-18,7.3440229797e-18,5.87309195056e-18,5.53769833631e-18,4.21970431703e-18,1.17141802832e-17,1.14333657001e-17,6.80914607533e-18,9.89837490924e-18,1.61310129072e-17,2.09919778271e-17,2.23796312073e-17,1.5417698669e-17,1.89176669312e-17,1.45301206368e-17,1.77653613245e-17,1.75967934962e-17,1.24114703785e-17,9.25535034364e-18,6.77621849669e-18,3.75706261402e-18,1.30554846657e-18,3.16392241603e-19,3.85038261041e-20],"var":[3.02409744263,7.04980325699,5.6111779213,45.9412612915,1235.26818848,636.303588867,1802.19592285,619.934997559,594.343933105,3404.5065918,10358.7490234,27910.0839844,8384.59375,11979.7597656,6956.67431641,2262.27758789,2292.40820312,4207.94140625,1680.26977539,247.603057861,62.8576889038,15.0003089905,19.6042976379,24.740026474,13.6565303802,3.58875918388,0.534427523613,0.393596917391,0.185898452997,0.136086583138,0.0402975864708,0.0169795751572,0.00676545128226,0.00309619633481,0.00120322173461,0.000369117740775,0.000100627963548,0.0000290890693577,0.00000461025683762,4.61532437157e-7]},"erbbands_crest":{"dmean":3.06013274193,"dmean2":4.90759420395,"dvar":7.38589668274,"dvar2":18.069065094,"max":30.608953476,"mean":9.8944568634,"median":8.89251327515,"min":2.18545341492,"var":19.0530433655},"erbbands_flatness_db":{"dmean":0.0360995158553,"dmean2":0.056098267436,"dvar":0.000967755331658,"dvar2":0.00240062712692,"max":0.427755087614,"mean":0.198259338737,"median":0.195349425077,"min":0.0345329903066,"var":0.00332784210332},"erbbands_kurtosis":{"dmean":1.24686157703,"dmean2":1.98937225342,"dvar":2.88598203659,"dvar2":6.64340639114,"max":35.8327903748,"mean":1.00514471531,"median":0.379940986633,"min":-1.64289712906,"var":6.05112266541},"erbbands_skewness":{"dmean":0.43386310339,"dmean2":0.686965227127,"dvar":0.148558795452,"dvar2":0.364401251078,"max":4.77793169022,"mean":0.113195545971,"median":0.0937719121575,"min":-3.50135469437,"var":0.548043727875},"erbbands_spread":{"dmean":5.61036062241,"dmean2":8.7406244278,"dvar":28.084897995,"dvar2":63.9308738708,"max":129.017044067,"mean":21.9580135345,"median":20.470911026,"min":1.3394459486,"var":122.77305603},"gfcc":{"cov":[[23736.7832031,4496.14257812,-1001.11401367,-688.766845703,311.729370117,-294.378051758,99.8272857666,-569.423950195,-123.885002136,-209.298110962,40.2780799866,-262.140899658,15.0438098907],[4496.14257812,2395.28637695,-142.150741577,-394.716033936,234.953491211,-204.000244141,149.40423584,-276.458526611,73.3902435303,-134.074417114,48.6842384338,-187.475799561,23.4839801788],[-1001.11401367,-142.150741577,616.381286621,223.057357788,-144.954940796,252.264816284,-103.942199707,199.898208618,-23.5027256012,97.6842956543,-36.1021194458,31.1360034943,23.3201293945],[-688.766845703,-394.716033936,223.057357788,339.781463623,44.9565696716,66.2859725952,17.0062160492,99.0795288086,5.87738132477,46.0144805908,9.5468378067,73.8185882568,-25.710319519],[311.729370117,234.953491211,-144.954940796,44.9565696716,245.316482544,-20.1923027039,111.208221436,-67.8237533569,44.8412322998,-25.8566188812,59.3242034912,4.692070961,6.30501556396],[-294.378051758,-204.000244141,252.264816284,66.2859725952,-20.1923027039,293.665496826,-2.9425330162,139.70463562,-38.1248474121,48.3609275818,-14.6619062424,39.8492851257,43.3791542053],[99.8272857666,149.40423584,-103.942199707,17.0062160492,111.208221436,-2.9425330162,221.117874146,22.9302387238,34.4678421021,-50.1551361084,34.8353767395,25.798740387,2.17825746536],[-569.423950195,-276.458526611,199.898208618,99.0795288086,-67.8237533569,139.70463562,22.9302387238,213.813949585,22.8018627167,60.5598335266,-2.49864959717,37.4440765381,22.6555576324],[-123.885002136,73.3902435303,-23.5027256012,5.87738132477,44.8412322998,-38.1248474121,34.4678421021,22.8018627167,125.20135498,66.0584640503,38.4222564697,1.90554666519,-8.6740436554],[-209.298110962,-134.074417114,97.6842956543,46.0144805908,-25.8566188812,48.3609275818,-50.1551361084,60.5598335266,66.0584640503,126.245475769,52.1428260803,17.3935775757,0.0537030845881],[40.2780799866,48.6842384338,-36.1021194458,9.5468378067,59.3242034912,-14.6619062424,34.8353767395,-2.49864959717,38.4222564697,52.1428260803,91.4052581787,37.5748176575,2.46539068222],[-262.140899658,-187.475799561,31.1360034943,73.8185882568,4.692070961,39.8492851257,25.798740387,37.4440765381,1.90554666519,17.3935775757,37.5748176575,87.7290420532,25.2265014648],[15.0438098907,23.4839801788,23.3201293945,-25.710319519,6.30501556396,43.3791542053,2.17825746536,22.6555576324,-8.6740436554,0.0537030845881,2.46539068222,25.2265014648,67.9555892944]],"icov":[[0.000214322775719,-0.00100942875724,0.00225576967932,-0.00222551543266,0.00192994147073,-0.00162756803911,0.000785128679127,-0.000184963850188,0.000134836111101,-0.000220792731852,-0.000319266837323,0.00036831269972,-0.000526087882463],[-0.00100942875724,0.00614864798263,-0.0132384374738,0.0133450413123,-0.0114168934524,0.00941351335496,-0.00490045547485,0.00173886399716,-0.000681070261635,0.00154052709695,0.00106826995034,-0.000841737317387,0.0025037121959],[0.00225576967932,-0.0132384374738,0.040392305702,-0.046559356153,0.0446662940085,-0.036455322057,0.0166417825967,0.00162053969689,-0.0161457899958,0.0216088611633,-0.0302374847233,0.02671488747,-0.0202459357679],[-0.00222551543266,0.0133450413123,-0.046559356153,0.0673214942217,-0.0665624961257,0.0506308861077,-0.0211639255285,-0.0110779153183,0.036570571363,-0.0519058331847,0.0635776817799,-0.0555702485144,0.0385876074433],[0.00192994147073,-0.0114168934524,0.0446662940085,-0.0665624961257,0.0764608979225,-0.0547452121973,0.0194680355489,0.0163743980229,-0.0466217771173,0.0652057752013,-0.0779600515962,0.0630885362625,-0.0418177843094],[-0.00162756803911,0.00941351335496,-0.036455322057,0.0506308861077,-0.0547452121973,0.0484724901617,-0.0188300311565,-0.0120467180386,0.0374137610197,-0.0516821183264,0.0581678561866,-0.0461734607816,0.0273767821491],[0.000785128679127,-0.00490045547485,0.0166417825967,-0.0211639255285,0.0194680355489,-0.0188300311565,0.0188560858369,-0.0018435647944,-0.0175285954028,0.0286840703338,-0.0268934015185,0.0153133263811,-0.0089433984831],[-0.000184963850188,0.00173886399716,0.00162053969689,-0.0110779153183,0.0163743980229,-0.0120467180386,-0.0018435647944,0.0178990345448,-0.0168608669192,0.0178416967392,-0.0210042353719,0.0191297791898,-0.0135504072532],[0.000134836111101,-0.000681070261635,-0.0161457899958,0.036570571363,-0.0466217771173,0.0374137610197,-0.0175285954028,-0.0168608669192,0.062216270715,-0.0794154033065,0.0732152312994,-0.0543310455978,0.0317249260843],[-0.000220792731852,0.00154052709695,0.0216088611633,-0.0519058331847,0.0652057752013,-0.0516821183264,0.0286840703338,0.0178416967392,-0.0794154033065,0.127013072371,-0.119900323451,0.0831926241517,-0.0442335419357],[-0.000319266837323,0.00106826995034,-0.0302374847233,0.0635776817799,-0.0779600515962,0.0581678561866,-0.0268934015185,-0.0210042353719,0.0732152312994,-0.119900323451,0.138543829322,-0.0993223786354,0.0533830039203],[0.00036831269972,-0.000841737317387,0.02671488747,-0.0555702485144,0.0630885362625,-0.0461734607816,0.0153133263811,0.0191297791898,-0.0543310455978,0.0831926241517,-0.0993223786354,0.0950642004609,-0.0519171990454],[-0.000526087882463,0.0025037121959,-0.0202459357679,0.0385876074433,-0.0418177843094,0.0273767821491,-0.0089433984831,-0.0135504072532,0.0317249260843,-0.0442335419357,0.0533830039203,-0.0519171990454,0.0481424145401]],"mean":[-79.9549102783,145.6224823,-88.0488739014,-8.29165935516,-23.1971817017,2.79102396965,-11.793923378,-7.04543828964,-10.0497341156,-0.50650203228,-4.55447244644,-6.13323020935,-8.77491664886]},"hfc":{"dmean":5.50031518936,"dmean2":7.6183962822,"dvar":58.6040420532,"dvar2":116.534896851,"max":131.265197754,"mean":12.9201307297,"median":8.4882850647,"min":1.18341408281e-16,"var":176.884628296},"melbands":{"dmean":[0.00492334738374,0.000944734259974,0.000775635242462,0.000705206475686,0.000470366765512,0.000202201204957,0.000154895547894,0.00019734982925,0.000209390942473,0.000228354765568,0.000115092654596,0.0000830622375361,0.000094169692602,0.0000480525886815,0.0000465783632535,0.0000465778466605,0.0000527462216269,0.000028068163374,0.0000122218816614,0.00000677094749335,0.00000264158165919,0.00000160880927069,0.00000132277602916,0.00000141160421663,0.00000120678214444,8.52719097111e-7,6.53373149362e-7,3.45110350963e-7,1.96092742044e-7,1.46857004779e-7,1.36447781074e-7,9.94556970113e-8,1.01401326447e-7,7.25568938265e-8,5.49974217279e-8,4.69667789105e-8,3.65649732714e-8,2.91887403137e-8,2.52490917063e-8,2.23146106038e-8],"dmean2":[0.00808095838875,0.00160654552747,0.00122203317005,0.00109522731509,0.000722091295756,0.000306625501253,0.000237686283072,0.000304476561723,0.000309597613523,0.00034271547338,0.000179348659003,0.000121386481624,0.00014091967023,0.0000742337069823,0.0000705165512045,0.0000749649407226,0.0000883279426489,0.0000435620713688,0.0000189134862012,0.0000108066487883,0.00000398118390876,0.00000237959420701,0.00000199335795514,0.00000219576122618,0.00000186626039067,0.00000129391162318,9.62982085184e-7,5.28840985226e-7,2.99244504731e-7,2.30463570006e-7,2.14779632302e-7,1.57288823743e-7,1.64402138125e-7,1.18328294718e-7,8.91745841614e-8,7.59610259138e-8,5.93902846902e-8,4.73263170875e-8,4.09381541999e-8,3.61826550943e-8],"dvar":[0.000099133583717,0.00000213944554162,0.00000147937407746,0.00000175107891209,0.0000011131245401,1.76628986992e-7,7.89408431956e-8,1.56585358013e-7,3.82709572477e-7,4.8095580496e-7,1.1695772173e-7,1.22310339634e-7,7.40677918998e-8,1.33751019149e-8,1.61652131681e-8,1.13620064468e-8,1.71623018019e-8,3.08672398752e-9,6.08639083577e-10,2.32157459923e-10,3.87713472438e-11,1.02805004093e-11,8.2664318099e-12,2.01410381429e-11,1.60897961621e-11,6.94356941736e-12,3.64231648314e-12,7.5729982181e-13,1.9133501207e-13,1.00921441343e-13,1.26446460724e-13,4.33574244487e-14,9.24250503605e-14,3.63320552571e-14,1.49529690794e-14,9.69711778324e-15,5.29908301077e-15,3.02036130651e-15,2.32964553681e-15,1.82256248667e-15],"dvar2":[0.000280924956314,0.00000561066144655,0.00000309823735734,0.00000363718277185,0.00000238021152654,3.97370257588e-7,1.87357329651e-7,3.56979967364e-7,7.34128889235e-7,0.00000105624962998,2.75363049695e-7,2.28471407127e-7,1.70075011852e-7,3.30674509996e-8,3.82084479611e-8,2.82242176297e-8,4.47323067476e-8,6.95049839905e-9,1.36257027883e-9,5.52018042388e-10,7.76085376519e-11,2.24452435804e-11,1.86044981504e-11,4.96496281588e-11,4.02535123289e-11,1.61238817437e-11,7.64053056934e-12,1.75195697793e-12,4.36872787295e-13,2.30874347418e-13,3.03054185479e-13,1.02710876371e-13,2.41122741348e-13,9.31909646565e-14,3.78748309029e-14,2.41412081027e-14,1.313964264e-14,7.20509687747e-15,5.55700496672e-15,4.34802213561e-15],"max":[0.11056638509,0.0210143588483,0.0333702303469,0.0311324968934,0.0222900435328,0.00872939545661,0.0044099255465,0.0117758512497,0.0216800197959,0.0228806417435,0.00799898896366,0.0172617286444,0.0136139821261,0.00399563508108,0.00466336589307,0.00168438267428,0.00175633444451,0.000926555891056,0.000484647258418,0.00028897653101,0.0002729499829,0.0000753609201638,0.0000478634428873,0.00013599464728,0.000147519705934,0.0000647058841423,0.0000414725618612,0.0000228160824918,0.0000139468747875,0.00000714783618605,0.0000099983990367,0.0000036920284856,0.00000912671384867,0.00000490606953463,0.00000371452142645,0.00000249579079536,0.00000158641796588,7.31321449621e-7,6.44384272164e-7,5.70198665173e-7],"mean":[0.00759677076712,0.00141839287244,0.0012197138276,0.00108717591502,0.000648313725833,0.000320850813296,0.000245045288466,0.000304169370793,0.000319933780702,0.000336936005624,0.000164197103004,0.000122165190987,0.000139657524414,0.0000737608861527,0.0000680718221702,0.0000522283771716,0.000055236479966,0.0000385519524571,0.0000161806183314,0.00000744565477362,0.00000347205309481,0.00000227719874601,0.00000177714878191,0.00000180840959274,0.00000163321124091,0.00000118282889616,8.90395938313e-7,4.66203488259e-7,2.44441878294e-7,1.71789082515e-7,1.51168904949e-7,1.10540227638e-7,1.04305392767e-7,7.26317850308e-8,5.50821823708e-8,4.65265976857e-8,3.57135974127e-8,2.81624874532e-8,2.42595827871e-8,2.14294200163e-8],"median":[0.00174151710235,0.000884957320523,0.000643651990686,0.000416550552472,0.000198607303901,0.000128283034428,0.000102699319541,0.000114870534162,0.0000679486111039,0.0000652547169011,0.0000358634679287,0.000029563654607,0.0000464721488243,0.0000247924563155,0.0000207624361792,0.0000162487067428,0.0000170350103872,0.0000110836890599,0.00000539213669981,0.00000206016602533,0.00000117859258353,8.3371475057e-7,6.62951777031e-7,6.25847349056e-7,5.0499710369e-7,3.59007259476e-7,2.50968128057e-7,1.54222149717e-7,9.08796877752e-8,6.25275404786e-8,5.25097902937e-8,3.86121747908e-8,3.17377129022e-8,2.21675051648e-8,1.64786850831e-8,1.32025608224e-8,9.40044309061e-9,6.8756813576e-9,5.59759349983e-9,4.93961849202e-9],"min":[1.11795229675e-23,1.49783859974e-23,2.08326923801e-24,1.88327485474e-24,1.16866997873e-23,1.45664964752e-23,1.146604987e-23,6.29117400218e-24,8.50312775307e-24,1.96681404131e-23,1.84804440559e-23,9.03923052451e-24,3.6707240143e-24,5.15310015143e-24,9.17645761214e-24,1.04360113091e-23,1.47061201223e-23,9.89115060391e-24,8.00810175783e-24,6.58324462474e-24,4.78312241473e-24,1.04186997566e-23,1.63875345432e-23,6.58523176536e-24,5.10636684812e-24,6.11879842806e-24,9.13170474413e-24,1.10595687782e-23,1.25817981683e-23,1.28781976651e-23,1.38121387682e-23,8.91440511918e-24,9.54108489975e-24,1.07279079879e-23,7.7672577903e-24,9.25663901227e-24,1.12995197552e-23,1.23428238011e-23,1.19706187157e-23,1.00399589585e-23],"var":[0.00014496469521,0.00000287209741145,0.00000375770491701,0.00000453128131994,0.00000185458691249,3.42365581218e-7,1.59275373335e-7,3.59743495437e-7,9.08157744561e-7,0.00000101701130006,2.19505906784e-7,2.34172389924e-7,1.06502206165e-7,2.31381722671e-8,2.39936088775e-8,1.16100267178e-8,1.49036232244e-8,5.43046141388e-9,9.23176923795e-10,2.55881094091e-10,5.97789664991e-11,1.69795080773e-11,1.16287691282e-11,2.09445655264e-11,1.74998609354e-11,9.49138857786e-12,5.78156966746e-12,1.08269122834e-12,2.51263663738e-13,1.24580819836e-13,1.29521935711e-13,4.82691313406e-14,7.82077785237e-14,3.10407488558e-14,1.39530534614e-14,9.59384837334e-15,5.44051379604e-15,3.42675522086e-15,2.63534438616e-15,2.06124112462e-15]},"melbands_crest":{"dmean":4.6320271492,"dmean2":7.21668672562,"dvar":19.9822349548,"dvar2":43.7059135437,"max":39.631855011,"mean":18.5942955017,"median":16.0244121552,"min":1.80237329006,"var":90.2130279541},"melbands_flatness_db":{"dmean":0.0474591217935,"dmean2":0.0732306391001,"dvar":0.00166829302907,"dvar2":0.00406915927306,"max":0.744508087635,"mean":0.330305874348,"median":0.327396929264,"min":0.00608748430386,"var":0.00915550254285},"melbands_kurtosis":{"dmean":12.3347663879,"dmean2":19.9395923615,"dvar":979.336425781,"dvar2":2379.35913086,"max":1593.09936523,"mean":18.386680603,"median":5.87110328674,"min":-1.71658480167,"var":1612.25915527},"melbands_skewness":{"dmean":1.07244312763,"dmean2":1.65075564384,"dvar":1.62854290009,"dvar2":3.75602626801,"max":37.6667633057,"mean":2.82064771652,"median":2.16245055199,"min":-2.40615272522,"var":5.82360839844},"melbands_spread":{"dmean":4.47995233536,"dmean2":6.93870973587,"dvar":32.2771339417,"dvar2":80.9725418091,"max":198.393341064,"mean":14.1607990265,"median":9.75650215149,"min":0.168218433857,"var":410.905151367},"mfcc":{"cov":[[9775.15332031,2158.73974609,-801.112243652,23.2179279327,-143.769012451,229.541549683,-57.2887039185,-28.1782550812,-156.116165161,36.9715270996,-9.62857532501,-34.8974838257,-8.72659778595],[2158.73974609,2221.31835938,-168.865570068,-102.960334778,-6.22761535645,61.1687850952,28.4215641022,-65.0831680298,-51.0616416931,64.0058441162,69.4724731445,-77.7537155151,-71.489616394],[-801.112243652,-168.865570068,760.521179199,-22.5791950226,102.231071472,-6.07045412064,40.9188652039,25.8349113464,97.1834640503,41.2498703003,44.4385681152,45.4530639648,-29.9880504608],[23.2179279327,-102.960334778,-22.5791950226,264.587432861,48.0364265442,9.43203449249,9.48902606964,35.3330421448,-4.70016527176,6.5577287674,15.4420251846,33.5034294128,51.1948699951],[-143.769012451,-6.22761535645,102.231071472,48.0364265442,154.109130859,63.5234146118,19.4784927368,-6.10969829559,18.4866905212,7.40793943405,25.0464458466,29.6251106262,15.1599712372],[229.541549683,61.1687850952,-6.07045412064,9.43203449249,63.5234146118,127.504203796,56.487663269,25.2045230865,0.996891975403,0.313217073679,-1.1101552248,12.0234937668,15.0239133835],[-57.2887039185,28.4215641022,40.9188652039,9.48902606964,19.4784927368,56.487663269,153.023620605,101.699455261,36.1312904358,0.580127298832,-11.8471689224,-4.87262821198,24.9824409485],[-28.1782550812,-65.0831680298,25.8349113464,35.3330421448,-6.10969829559,25.2045230865,101.699455261,145.951980591,67.1261825562,4.47543954849,-14.210152626,1.710511446,21.3633365631],[-156.116165161,-51.0616416931,97.1834640503,-4.70016527176,18.4866905212,0.996891975403,36.1312904358,67.1261825562,99.2102737427,36.8981513977,11.0707912445,8.13272857666,-0.0142764765769],[36.9715270996,64.0058441162,41.2498703003,6.5577287674,7.40793943405,0.313217073679,0.580127298832,4.47543954849,36.8981513977,83.0104980469,57.114566803,16.0439052582,-1.77096736431],[-9.62857532501,69.4724731445,44.4385681152,15.4420251846,25.0464458466,-1.1101552248,-11.8471689224,-14.210152626,11.0707912445,57.114566803,92.6296005249,47.6383743286,11.3108329773],[-34.8974838257,-77.7537155151,45.4530639648,33.5034294128,29.6251106262,12.0234937668,-4.87262821198,1.710511446,8.13272857666,16.0439052582,47.6383743286,94.5317687988,59.2756538391],[-8.72659778595,-71.489616394,-29.9880504608,51.1948699951,15.1599712372,15.0239133835,24.9824409485,21.3633365631,-0.0142764765769,-1.77096736431,11.3108329773,59.2756538391,92.2984924316]],"icov":[[0.000159438612172,-0.000155870759045,0.0000871497613844,-0.0000647392953397,0.000201314760488,-0.000372534617782,0.000285920541501,-0.000211755133932,0.000153233748279,-0.000202666982659,0.000275775702903,-0.000256331491983,0.0000847253904794],[-0.000155870759045,0.000700707198121,0.0000355986630893,0.000212510101846,-0.000163561853697,0.0000873418102856,-0.000615717086475,0.000495663669426,0.00004770540545,0.00000168933479472,-0.00104371283669,0.000941320264246,0.0000096773092082],[0.0000871497613844,0.0000355986630893,0.00200485042296,0.00010355305858,-0.0011149601778,0.000829444674309,-0.00122081872541,0.000733100052457,-0.00145712296944,-0.000171080129803,0.000417505943915,-0.00220840401016,0.00220223446377],[-0.0000647392953397,0.000212510101846,0.00010355305858,0.00530229648575,-0.00284149008803,0.00125244981609,0.00169553875457,-0.00380094978027,0.00322135491297,-0.0017468718579,-0.0000869118157425,0.000805949151982,-0.00260516721755],[0.000201314760488,-0.000163561853697,-0.0011149601778,-0.00284149008803,0.0126085700467,-0.00703560281545,-0.000915688637178,0.0053812568076,-0.00565841794014,0.00449285050854,-0.0037386904005,0.000103591184597,-0.000340281840181],[-0.000372534617782,0.0000873418102856,0.000829444674309,0.00125244981609,-0.00703560281545,0.0145538728684,-0.00515014817938,-0.00109898881055,0.00351824099198,-0.00306794652715,0.00360749452375,-0.00353727210313,0.00181345955934],[0.000285920541501,-0.000615717086475,-0.00122081872541,0.00169553875457,-0.000915688637178,-0.00515014817938,0.0178841855377,-0.0129979085177,0.00384163111448,-0.000838266918436,-0.000962038524449,0.0059702382423,-0.00636226963252],[-0.000211755133932,0.000495663669426,0.000733100052457,-0.00380094978027,0.0053812568076,-0.00109898881055,-0.0129979085177,0.0240019839257,-0.0153259616345,0.00541547918692,-0.00054606545018,-0.00123517727479,0.000929732806981],[0.000153233748279,0.00004770540545,-0.00145712296944,0.00322135491297,-0.00565841794014,0.00351824099198,0.00384163111448,-0.0153259616345,0.0266678277403,-0.0142018599436,0.00654442235827,-0.00245424453169,0.00116125808563],[-0.000202666982659,0.00000168933479472,-0.000171080129803,-0.0017468718579,0.00449285050854,-0.00306794652715,-0.000838266918436,0.00541547918692,-0.0142018599436,0.0311165638268,-0.0211483612657,0.00720053073019,-0.00180743879173],[0.000275775702903,-0.00104371283669,0.000417505943915,-0.0000869118157425,-0.0037386904005,0.00360749452375,-0.000962038524449,-0.00054606545018,0.00654442235827,-0.0211483612657,0.0331247970462,-0.0184246581048,0.00718371616676],[-0.000256331491983,0.000941320264246,-0.00220840401016,0.000805949151982,0.000103591184597,-0.00353727210313,0.0059702382423,-0.00123517727479,-0.00245424453169,0.00720053073019,-0.0184246581048,0.0340289287269,-0.0206892956048],[0.0000847253904794,0.0000096773092082,0.00220223446377,-0.00260516721755,-0.000340281840181,0.00181345955934,-0.00636226963252,0.000929732806981,0.00116125808563,-0.00180743879173,0.00718371616676,-0.0206892956048,0.0266501940787]],"mean":[-730.72265625,199.769439697,-2.11239743233,11.4864587784,5.61386632919,13.9937515259,8.46933174133,2.64846944809,-2.02073049545,7.81980276108,6.3411860466,-1.52724170685,-0.605930805206]},"pitch_salience":{"dmean":0.0957225561142,"dmean2":0.15055334568,"dvar":0.00793441850692,"dvar2":0.0176200084388,"max":0.953179478645,"mean":0.508688926697,"median":0.543307363987,"min":0.0296878945082,"var":0.0342569202185},"silence_rate_20dB":{"dmean":0,"dmean2":0,"dvar":0,"dvar2":0,"max":1,"mean":1,"median":1,"min":1,"var":0},"silence_rate_30dB":{"dmean":0.0770989879966,"dmean2":0.154223158956,"dvar":0.0711590945721,"dvar2":0.147761270404,"max":1,"mean":0.869181752205,"median":1,"min":0,"var":0.113700479269},"silence_rate_60dB":{"dmean":0.0107807908207,"dmean2":0.0215651039034,"dvar":0.0106636891142,"dvar2":0.025999089703,"max":1,"mean":0.0553650185466,"median":0,"min":0,"var":0.0523010641336},"spectral_centroid":{"dmean":133.351913452,"dmean2":202.181182861,"dvar":28902.53125,"dvar2":53593.3242188,"max":10876.5908203,"mean":726.51965332,"median":588.760803223,"min":127.983947754,"var":381186.96875},"spectral_complexity":{"dmean":3.10062074661,"dmean2":4.48456144333,"dvar":9.28362846375,"dvar2":16.9202060699,"max":44,"mean":14.018781662,"median":14,"min":0,"var":42.4571990967},"spectral_contrast_coeffs":{"dmean":[0.0589689947665,0.0476435385644,0.0409529060125,0.0342448316514,0.0300660580397,0.0313383415341],"dmean2":[0.0945399999619,0.0779762417078,0.0657036453485,0.054805830121,0.0477794632316,0.0511293970048],"dvar":[0.00228778854944,0.00145701121073,0.00107844930608,0.000824764720164,0.000693275651429,0.00140956277028],"dvar2":[0.00570110511035,0.00397260859609,0.00274421321228,0.00202038208954,0.00169388658833,0.00347731937654],"max":[-0.32815271616,-0.492619723082,-0.507258176804,-0.563180804253,-0.694201409817,-0.520957052708],"mean":[-0.686136722565,-0.773840069771,-0.790458261967,-0.805137634277,-0.847189188004,-0.821260929108],"median":[-0.692597866058,-0.778180718422,-0.795652151108,-0.806623697281,-0.840435624123,-0.840782463551],"min":[-0.979251921177,-0.980385243893,-0.970656991005,-0.978188216686,-0.974848330021,-0.958549678326],"var":[0.00957886409014,0.00463080406189,0.004256922286,0.00312873232178,0.00244907685556,0.00284152431414]},"spectral_contrast_valleys":{"dmean":[0.415661484003,0.386281460524,0.366206258535,0.454345703125,0.519462525845,0.858837008476],"dmean2":[0.659823417664,0.597163915634,0.551024377346,0.640119254589,0.772008895874,1.36786282063],"dvar":[0.130942314863,0.123645909131,0.115142121911,0.180161401629,0.237653553486,0.55873644352],"dvar2":[0.28519320488,0.25509133935,0.220101207495,0.3374966681,0.546902775764,1.50395095348],"max":[-4.97686958313,-4.19628286362,-4.99930429459,-5.53883266449,-6.29013442993,-8.96403121948],"mean":[-7.00362348557,-6.67869234085,-7.26111650467,-7.94194412231,-8.7269153595,-11.6034803391],"median":[-6.65215110779,-6.40300798416,-6.95816087723,-7.69933748245,-8.50114154816,-11.4151668549],"min":[-27.1310977936,-27.6169815063,-26.8538722992,-27.025850296,-27.3413200378,-27.2354946136],"var":[3.86276125908,3.05500841141,2.88384342194,2.61382484436,1.9693826437,1.86222338676]},"spectral_decrease":{"dmean":6.20650197902e-9,"dmean2":9.46926626e-9,"dvar":9.85046642795e-17,"dvar2":2.57687539587e-16,"max":8.60800375934e-18,"mean":-1.33709781025e-8,"median":-9.06748898188e-9,"min":-1.39319752179e-7,"var":1.98024947533e-16},"spectral_energy":{"dmean":0.0237991474569,"dmean2":0.0362499393523,"dvar":0.00141419109423,"dvar2":0.00369420764036,"max":0.53084051609,"mean":0.0516370013356,"median":0.0354452207685,"min":1.06648315597e-20,"var":0.00287108449265},"spectral_energyband_high":{"dmean":0.0000323685017065,"dmean2":0.0000495578970003,"dvar":3.99701560738e-9,"dvar2":8.99696317447e-9,"max":0.00158674258273,"mean":0.00004063677261,"median":0.0000165377332451,"min":8.11130400613e-21,"var":5.30727239934e-9},"spectral_energyband_low":{"dmean":0.0178932212293,"dmean2":0.0288354121149,"dvar":0.00116547849029,"dvar2":0.00323766679503,"max":0.368365705013,"mean":0.0296623390168,"median":0.0104840081185,"min":7.3969057391e-23,"var":0.00182930403389},"spectral_energyband_middle_high":{"dmean":0.00224302802235,"dmean2":0.0032276744023,"dvar":0.0000174811975739,"dvar2":0.0000356513228326,"max":0.108470961452,"mean":0.00398068176582,"median":0.00179116544314,"min":1.26053348747e-21,"var":0.0000402354926337},"spectral_energyband_middle_low":{"dmean":0.00654893601313,"dmean2":0.00948984362185,"dvar":0.0000971348417806,"dvar2":0.000196610213607,"max":0.183376505971,"mean":0.0147132519633,"median":0.00773529522121,"min":3.63784935626e-22,"var":0.000327193469275},"spectral_entropy":{"dmean":0.289004355669,"dmean2":0.443452477455,"dvar":0.0687287449837,"dvar2":0.163284435868,"max":9.81206607819,"mean":7.01279306412,"median":7.03758573532,"min":4.65228652954,"var":0.319464027882},"spectral_flux":{"dmean":0.0384039320052,"dmean2":0.0607114322484,"dvar":0.00205914000981,"dvar2":0.00479965051636,"max":0.551177501678,"mean":0.107666283846,"median":0.0964059978724,"min":1.03270669793e-10,"var":0.00451405206695},"spectral_kurtosis":{"dmean":9.68880558014,"dmean2":15.8512611389,"dvar":165.763427734,"dvar2":454.767822266,"max":191.484176636,"mean":21.4921360016,"median":17.0537948608,"min":-1.19042515755,"var":253.125473022},"spectral_rms":{"dmean":0.00148185447324,"dmean2":0.00213710428216,"dvar":0.00000290335970021,"dvar2":0.00000675346791468,"max":0.0227572657168,"mean":0.00623599393293,"median":0.00588053604588,"min":3.22563395265e-12,"var":0.0000114896593004},"spectral_rolloff":{"dmean":221.40145874,"dmean2":364.975494385,"dvar":236124.734375,"dvar2":551460.25,"max":18755.4199219,"mean":968.173461914,"median":516.796875,"min":21.533203125,"var":7024574},"spectral_skewness":{"dmean":0.628653466702,"dmean2":0.99700242281,"dvar":0.475516557693,"dvar2":1.25039100647,"max":10.5079116821,"mean":3.21803808212,"median":3.01038455963,"min":-0.0051586474292,"var":1.211550951},"spectral_spread":{"dmean":751233.0625,"dmean2":1198055.125,"dvar":612008001536,"dvar2":1296229728260,"max":40769460,"mean":2898038,"median":2526765.75,"min":484579.9375,"var":2815176474620},"spectral_strongpeak":{"dmean":0.396473199129,"dmean2":0.662368655205,"dvar":0.506977677345,"dvar2":1.16458714008,"max":11.679444313,"mean":0.559730768204,"median":0.265918761492,"min":0,"var":0.840665698051},"zerocrossingrate":{"dmean":0.00469274818897,"dmean2":0.00551619799808,"dvar":0.0000601391584496,"dvar2":0.0000949649838731,"max":0.52294921875,"mean":0.0314924269915,"median":0.01953125,"min":0,"var":0.00546413660049}},"metadata":{"audio_properties":{"analysis_sample_rate":44100,"bit_rate":143296,"codec":"mp3","downmix":"mix","equal_loudness":0,"length":142.13331604,"lossless":false,"md5_encoded":"37ee2ec2628f33eb4895e386990fe2a2","replay_gain":-2.16779136658,"sample_rate":44100},"tags":{"album":["The Complete Columbia Album Collection"],"albumartist":["Johnny Cash"],"albumartistsort":["Cash, Johnny"],"artist":["Johnny Cash"],"artists":["Johnny Cash"],"artistsort":["Cash, Johnny"],"asin":["B008DDC874"],"barcode":["886979104723"],"catalognumber":["88697910472"],"composer":["Johnny Cash","John R. Cash"],"date":["2012-12-04"],"discnumber":["12/63"],"file_name":"10 - Big River.mp3","label":["Columbia","Legacy"],"language":["eng"],"media":["CD"],"musicbrainz album release country":["US"],"musicbrainz album status":["official"],"musicbrainz album type":["album","compilation"],"musicbrainz release track id":["996b88dd-19c2-3e99-853c-8494c1d0a3cb"],"musicbrainz_albumartistid":["d43d12a1-2dc9-4257-a2fd-0a3bb1081b86"],"musicbrainz_albumid":["de36c451-000c-4488-9375-b6d40b6636e5"],"musicbrainz_artistid":["d43d12a1-2dc9-4257-a2fd-0a3bb1081b86"],"musicbrainz_recordingid":["d8b21224-2ebf-4f9c-b4fe-37facfa03b65"],"musicbrainz_releasegroupid":["30578604-ce5e-4d3d-a09c-6c06fc4c526b"],"musicbrainz_workid":["2ed2f41d-224f-3fb6-b0df-825a8a0416de"],"originaldate":["2012"],"script":["Latn"],"title":["Big River"],"tracknumber":["10/12"],"work":["Big River"]},"version":{"essentia":"2.1-beta1","essentia_build_sha":"ca57ba49d9b1854bd80e60cf9ccf267278fb7d6b","essentia_git_sha":"v2.1_beta1-28-g21ef5f4-dirty","extractor":"music 1.0"}},"rhythm":{"beats_count":239,"beats_loudness":{"dmean":0.0210069920868,"dmean2":0.0378238223493,"dvar":0.000384859682526,"dvar2":0.00112432881724,"max":0.124072879553,"mean":0.0423553697765,"median":0.040421962738,"min":6.98458180182e-10,"var":0.000438447052147},"beats_loudness_band_ratio":{"dmean":[0.184458643198,0.144037857652,0.134844318032,0.109241820872,0.0284296851605,0.00856413971633],"dmean2":[0.332545638084,0.240946084261,0.2354500