{"lowlevel":{"average_loudness":0.919453680515,"barkbands":{"dmean":[0.00231370842084,0.010083344765,0.00755348848179,0.0023370613344,0.00404220540076,0.00120337447152,0.000749280618038,0.000267608760623,0.000503003248014,0.000366865075193,0.000180339324288,0.000330004346324,0.000215051724808,0.0000951146139414,0.0000724727360648,0.0000945232022787,0.0000729814855731,0.0000630453796475,0.0000701390672475,0.0000434325702372,0.0000465645171062,0.0000332324671035,0.0000130751959659,0.00000512663791596,0.00000336907896781,0.00000615391763858,0.0000953879789449],"dmean2":[0.00388196739368,0.016740873456,0.0126604428515,0.00394880305976,0.00626520300284,0.00188625464216,0.00113367021549,0.000420245691203,0.000791603641119,0.000570149568375,0.000290689786198,0.000508453231305,0.000346945191268,0.000150371997734,0.000111118853965,0.000145813872223,0.000111645436846,0.0000934764102567,0.000101699879451,0.0000614961827523,0.0000659617726342,0.0000492555991514,0.0000201112125069,0.00000821604498924,0.00000554167672817,0.00000952934442466,0.000128982486785],"dvar":[0.0000102746580524,0.000163090036949,0.000178335321834,0.0000127287721625,0.00005731975034,0.0000248419073614,0.00000486251792609,4.6711363666e-7,0.00000199033115678,0.00000146327272432,1.81559315138e-7,9.43835914313e-7,3.03762021758e-7,4.10981506604e-8,2.89240276174e-8,2.58731688518e-7,7.35117495765e-8,2.99828606387e-8,4.48486758842e-8,1.31247031021e-8,1.95412450665e-8,7.57709894827e-9,9.86739467912e-10,7.59961538144e-11,2.79695398786e-11,1.11240433531e-10,5.29842481001e-8],"dvar2":[0.0000279813521047,0.000440249103121,0.000459238130134,0.0000347765017068,0.000130372864078,0.0000600565945206,0.0000107930245576,0.00000103423644759,0.00000472415695185,0.00000335345612257,4.25595573006e-7,0.00000206106074074,7.44601038605e-7,1.00216610122e-7,6.81236898004e-8,6.49536843866e-7,1.73661106828e-7,6.54484395568e-8,9.54153023258e-8,2.62726835842e-8,3.62569529955e-8,1.60326738552e-8,2.30444596738e-9,1.80199549726e-10,6.83624476472e-11,2.49866072277e-10,1.06655505761e-7],"max":[0.0668022930622,0.211637958884,0.356561839581,0.0716798305511,0.174832627177,0.185923531651,0.0543854236603,0.0214393958449,0.0314277894795,0.0368000790477,0.017558939755,0.0496436469257,0.0220805704594,0.00634954217821,0.00471936073154,0.0271315071732,0.0127606410533,0.00389194767922,0.00539937755093,0.00301792821847,0.0050314636901,0.00246071093716,0.000559269625228,0.000129248859594,0.000105401646579,0.000175679320819,0.00598050607368],"mean":[0.00328867859207,0.0159806776792,0.0112506598234,0.00350636057556,0.00785816367716,0.00200640014373,0.00127798411995,0.000407607585657,0.000852216558997,0.000522385642398,0.000308361544739,0.000721107295249,0.000391559733544,0.000154572902829,0.000113132264232,0.000124918515212,0.0000991500492091,0.0000981891425909,0.000109290755063,0.0000664821636747,0.0000669973305776,0.0000451224004792,0.0000154253266373,0.00000546211140318,0.0000035304587982,0.00000776692650106,0.000184749107575],"median":[0.00216411030851,0.0104084685445,0.00458720931783,0.0017714027781,0.00323696993291,0.000629352522083,0.000332073133904,0.000135436857818,0.000169923849171,0.00014115589147,0.000112194815301,0.000224231713219,0.000170821702341,0.000073410134064,0.0000477318899357,0.0000338570098393,0.0000260838896793,0.0000237006934185,0.0000257590145338,0.0000170587991306,0.0000121164694065,0.00001002323188,0.00000407415336667,0.00000206622098631,0.00000154105816819,0.00000337081655744,0.0000686434650561],"min":[2.48303388918e-23,1.77295210494e-23,1.34017307269e-23,6.07501152022e-24,3.24454041142e-23,1.91297617779e-23,1.26192343514e-23,2.61224015466e-23,3.1572254999e-23,1.15232623227e-22,6.87865063009e-23,1.05205058851e-22,7.13346974188e-23,9.34454462284e-23,7.70442202153e-23,1.34258686084e-22,2.04088514574e-22,8.13017530078e-23,3.46355931138e-22,4.16329130365e-22,5.58488731731e-22,5.03032794593e-22,4.36996124879e-22,1.06613725877e-21,1.21485185249e-21,1.59101082241e-21,2.78941619983e-21],"var":[0.0000139524790939,0.000282555643935,0.00039722584188,0.0000263093043031,0.000169446138898,0.000027972380849,0.0000111392655526,8.91504953415e-7,0.00000530132274434,0.00000232076627071,4.54086062973e-7,0.00000398834936277,8.49901084621e-7,6.38687183141e-8,4.27060626862e-8,2.55550162365e-7,9.11811923743e-8,6.03147611855e-8,9.14319997491e-8,2.74958669166e-8,4.36384333113e-8,1.31706885398e-8,1.22433307936e-9,8.85409107143e-11,3.17464596278e-11,1.5784336338e-10,1.11228324329e-7]},"barkbands_crest":{"dmean":3.02763533592,"dmean2":4.98506259918,"dvar":6.16920232773,"dvar2":16.5961952209,"max":25.3840713501,"mean":12.4046077728,"median":11.8825273514,"min":3.21809911728,"var":16.0144062042},"barkbands_flatness_db":{"dmean":0.0358319431543,"dmean2":0.0564585886896,"dvar":0.000902477360796,"dvar2":0.00219465629198,"max":0.487980186939,"mean":0.201887533069,"median":0.198000252247,"min":0.0390299633145,"var":0.00324931018986},"barkbands_kurtosis":{"dmean":12.2024154663,"dmean2":19.9924201965,"dvar":398.949066162,"dvar2":1012.20678711,"max":601.918273926,"mean":24.2028064728,"median":15.9741239548,"min":-1.85076320171,"var":910.55670166},"barkbands_skewness":{"dmean":0.937832534313,"dmean2":1.51176869869,"dvar":0.870829164982,"dvar2":2.23705935478,"max":19.497718811,"mean":3.44910407066,"median":3.17348146439,"min":-1.97219264507,"var":3.51700639725},"barkbands_spread":{"dmean":4.11081266403,"dmean2":6.4146528244,"dvar":35.3484153748,"dvar2":75.3160095215,"max":132.145004272,"mean":10.9685840607,"median":7.78033065796,"min":0.323835879564,"var":108.579597473},"dissonance":{"dmean":0.0225930195302,"dmean2":0.0377069935203,"dvar":0.000570232456084,"dvar2":0.00153494288679,"max":0.500000178814,"mean":0.455801278353,"median":0.465449571609,"min":0.156199365854,"var":0.00130256521516},"dynamic_complexity":2.82237291336,"erbbands":{"dmean":[0.317713499069,2.34438800812,8.22282886505,8.04108715057,10.2031030655,14.1727743149,13.9820108414,8.53085327148,10.5905952454,9.48416805267,5.87592697144,10.8582658768,12.1358098984,9.44589233398,7.69078731537,13.9135770798,10.2034492493,5.34055948257,3.88791418076,3.79487228394,5.36497306824,3.98987674713,3.48875689507,3.58222365379,3.06018829346,1.99935972691,1.95281779766,1.77692627907,1.27660799026,0.711138188839,0.327746748924,0.14524319768,0.0689752623439,0.0378244370222,0.0240657143295,0.0149208046496,0.0123219406232,0.0119122453034,0.00792213343084,0.00375680881552],"dmean2":[0.514151632786,3.94267702103,13.71459198,13.6314821243,16.7329273224,22.0399532318,21.5919895172,13.2529706955,15.87403965,14.6332483292,9.17292976379,17.0226478577,19.0714950562,14.9610118866,11.9445180893,21.7780418396,16.3802585602,8.32752418518,5.99553966522,5.7170791626,8.31328010559,5.95173549652,5.13939476013,5.19716453552,4.40703439713,2.82460021973,2.7450056076,2.55064439774,1.88573849201,1.08441603184,0.50395065546,0.228679388762,0.112034440041,0.0622855126858,0.0394679568708,0.0241385456175,0.0189148485661,0.0171615481377,0.010601577349,0.00541604263708],"dvar":[0.151479780674,10.5718126297,192.445526123,172.115325928,307.353057861,1047.2208252,2971.05102539,579.655639648,960.100891113,1208.1986084,226.783935547,924.90435791,1377.7454834,940.430541992,522.407165527,1390.98937988,725.255859375,109.34349823,102.703910828,80.3393325806,1117.13256836,195.786682129,91.6143569946,121.11631012,78.7647628784,27.4329471588,34.2468757629,26.8496189117,11.3152713776,3.24484682083,0.569525003433,0.0805526822805,0.0113752726465,0.00355243124068,0.00140167505015,0.000475133158034,0.000486317265313,0.000719200528692,0.000353690091288,0.000044707870984],"dvar2":[0.378651171923,29.1386013031,484.575286865,493.689788818,751.674865723,2561.55200195,7006.40771484,1333.07177734,1971.75439453,2709.43188477,504.370483398,2145.87158203,3285.69677734,1983.84375,1117.08276367,3134.17041016,1762.32434082,247.783676147,253.171737671,175.323944092,2857.55151367,458.744018555,198.049713135,265.148254395,165.026184082,54.1221580505,67.3046035767,50.6155204773,23.8247203827,7.30670642853,1.31020128727,0.188176900148,0.0272940490395,0.00870386976749,0.0034161482472,0.0011375915492,0.00109056232031,0.00145700189751,0.000657309836242,0.0000900373706827],"max":[5.44580316544,54.0174217224,385.389770508,228.974884033,340.477416992,851.33190918,2004.5279541,592.017272949,855.969604492,1068.44702148,572.288757324,693.230773926,959.763977051,1474.07775879,1039.34350586,1499.3223877,1166.97460938,241.270690918,452.570648193,287.399078369,1741.52185059,642.243225098,224.120376587,244.045623779,289.420654297,129.133728027,214.025634766,141.665359497,90.1913223267,29.26994133,13.0584192276,3.94727468491,1.7004212141,1.18147730827,0.747435510159,0.420225471258,0.387552142143,0.474452495575,0.414597868919,0.159876286983],"mean":[0.502540886402,3.47885274887,12.5856714249,12.8236131668,18.8904457092,25.8353977203,22.3657646179,15.4027843475,18.3291244507,15.9807834625,10.3179254532,18.5533123016,18.1397571564,15.794421196,16.043888092,30.405670166,20.3948612213,9.77606487274,6.14265537262,6.23916578293,6.94174051285,5.58211135864,5.48358345032,5.75785636902,4.79032087326,3.10240483284,2.81152462959,2.51694202423,1.73525309563,0.899655640125,0.385236024857,0.157836869359,0.0734101086855,0.0396638847888,0.0256647337228,0.0171072818339,0.0154718067497,0.0177225917578,0.0141980396584,0.0105718849227],"median":[0.289694964886,2.12224054337,5.5157623291,7.1969666481,8.62356758118,9.54976463318,5.91923522949,5.15661048889,4.83313322067,4.21912097931,3.28695392609,4.08431243896,4.04071521759,5.53630638123,5.75140142441,10.3080863953,9.42569160461,4.86927604675,2.81415987015,2.52982711792,1.8071064949,1.49516355991,1.34010374546,1.45893788338,1.13937842846,0.798955976963,0.559167265892,0.456676602364,0.370990097523,0.215686261654,0.102636702359,0.0522668063641,0.0307035185397,0.0174371451139,0.0115141104907,0.00848954170942,0.00658224057406,0.00590380840003,0.00445425743237,0.00705313216895],"min":[5.72711906474e-22,3.91769863329e-21,1.49719803963e-20,1.48746170377e-20,1.07573985633e-19,5.63004586557e-20,1.42965321731e-19,1.52781991048e-19,1.48276002209e-19,2.32260838874e-19,8.03380351583e-19,7.66376840471e-19,2.30033593036e-18,3.99774363454e-18,3.02577684309e-18,3.88655815251e-18,2.85477089992e-18,4.74309995449e-18,4.64340607912e-18,4.53942492663e-18,9.01322547935e-18,1.19138484482e-17,5.61358016339e-18,1.43742698833e-17,1.86705781561e-17,1.8856960146e-17,2.45075880747e-17,1.71172702777e-17,1.59579468707e-17,1.86466362404e-17,1.41217117899e-17,2.20795085744e-17,1.52056773888e-17,1.37845620712e-17,9.10342456207e-18,5.91194917342e-18,2.80626999189e-18,1.81880700563e-18,3.62765149966e-19,3.4769393213e-20],"var":[0.338988274336,16.4488601685,466.626953125,288.531066895,991.39276123,2664.93920898,3854.73950195,1066.6204834,2157.53393555,3266.22070312,542.984069824,2470.24975586,2389.46850586,1938.84362793,1947.08862305,5734.39990234,2254.28442383,243.068283081,129.161392212,145.452514648,981.488647461,258.6328125,179.552658081,243.142471313,167.737014771,59.8495445251,72.0727767944,57.3199424744,20.3888473511,4.59496164322,0.725779831409,0.0942620560527,0.0134493466467,0.00400112336501,0.0016146764392,0.000597136386205,0.000667974643875,0.00129433965776,0.000779665948357,0.000121603850857]},"erbbands_crest":{"dmean":2.71754837036,"dmean2":4.40695619583,"dvar":6.05463218689,"dvar2":15.4535884857,"max":30.9112377167,"mean":9.83798217773,"median":8.79194259644,"min":2.23207473755,"var":20.3391418457},"erbbands_flatness_db":{"dmean":0.0254120267928,"dmean2":0.0394358597696,"dvar":0.000497257104144,"dvar2":0.00118890788872,"max":0.367460817099,"mean":0.148166924715,"median":0.142532706261,"min":0.0259437914938,"var":0.00199950765818},"erbbands_kurtosis":{"dmean":1.39829552174,"dmean2":2.21827483177,"dvar":4.91847133636,"dvar2":11.8252668381,"max":64.3141479492,"mean":1.64594447613,"median":0.272061705589,"min":-1.77570354939,"var":16.3165130615},"erbbands_skewness":{"dmean":0.427257150412,"dmean2":0.655112087727,"dvar":0.175235658884,"dvar2":0.379768580198,"max":5.07449579239,"mean":0.533977866173,"median":0.614200949669,"min":-4.7316775322,"var":1.12954211235},"erbbands_spread":{"dmean":7.7008934021,"dmean2":11.9354372025,"dvar":70.1757202148,"dvar2":164.858123779,"max":127.312194824,"mean":34.1204566956,"median":33.3011169434,"min":1.52297961712,"var":259.525390625},"gfcc":{"cov":[[6125.75097656,-434.651824951,-899.061401367,174.166793823,-46.5675582886,-152.093841553,115.527503967,-139.757568359,-41.2265930176,-66.5766830444,-105.907089233,53.6669921875,-128.740478516],[-434.651824951,658.941650391,110.132995605,-252.503753662,-10.719417572,-51.9723739624,0.495535969734,-26.6235618591,-13.4266643524,-19.6993675232,51.3230018616,-41.3528251648,40.0869636536],[-899.061401367,110.132995605,480.431610107,19.3424243927,-93.7682723999,108.888694763,-109.976226807,102.535667419,-24.2207794189,48.2577629089,7.39190149307,-28.5526542664,24.7140884399],[174.166793823,-252.503753662,19.3424243927,362.636749268,61.5739402771,-59.2532463074,40.9777107239,-25.946969986,32.4318008423,8.03254127502,-36.6141014099,22.8747329712,-49.416934967],[-46.5675582886,-10.719417572,-93.7682723999,61.5739402771,301.694274902,66.9890136719,79.7107162476,-63.9800872803,-6.62147378922,-25.3226490021,29.4193344116,-4.56241512299,16.9883003235],[-152.093841553,-51.9723739624,108.888694763,-59.2532463074,66.9890136719,310.877166748,9.46323490143,60.7708282471,-45.657661438,12.367020607,22.8735198975,14.8188056946,30.862487793],[115.527503967,0.495535969734,-109.976226807,40.9777107239,79.7107162476,9.46323490143,194.070236206,-25.3114566803,30.5864753723,-34.0341377258,-2.69734668732,23.2964992523,-17.187625885],[-139.757568359,-26.6235618591,102.535667419,-25.946969986,-63.9800872803,60.7708282471,-25.3114566803,163.862960815,13.7314395905,17.0992107391,-11.3877897263,-11.0767660141,23.2412757874],[-41.2265930176,-13.4266643524,-24.2207794189,32.4318008423,-6.62147378922,-45.657661438,30.5864753723,13.7314395905,110.470092773,25.6492290497,-12.6102046967,6.01178359985,-14.7086114883],[-66.5766830444,-19.6993675232,48.2577629089,8.03254127502,-25.3226490021,12.367020607,-34.0341377258,17.0992107391,25.6492290497,67.2837142944,24.2726917267,-0.997882843018,-5.1807551384],[-105.907089233,51.3230018616,7.39190149307,-36.6141014099,29.4193344116,22.8735198975,-2.69734668732,-11.3877897263,-12.6102046967,24.2726917267,65.7739639282,19.2600688934,9.07736873627],[53.6669921875,-41.3528251648,-28.5526542664,22.8747329712,-4.56241512299,14.8188056946,23.2964992523,-11.0767660141,6.01178359985,-0.997882843018,19.2600688934,65.4968185425,13.1833105087],[-128.740478516,40.0869636536,24.7140884399,-49.416934967,16.9883003235,30.862487793,-17.187625885,23.2412757874,-14.7086114883,-5.1807551384,9.07736873627,13.1833105087,68.0897445679]],"icov":[[0.000274851336144,-0.000137043956784,0.000739364186302,-0.000313560478389,0.000244631402893,-0.000221594251343,0.000136394461151,-0.000111150853627,0.000402219768148,-0.000325854838593,0.000439277675468,-0.0000991911874735,0.000238935041125],[-0.000137043956784,0.0034201152157,-0.00222591683269,0.00266889831983,-0.000398797827074,0.00166018912569,-0.00132507004309,0.00122148822993,-0.00104250840377,0.00204136013053,-0.00273183360696,0.0017711983528,-0.000980790005997],[0.000739364186302,-0.00222591683269,0.00660007679835,-0.00390582508408,0.00263911345974,-0.00316654960625,0.00218495237641,-0.00158406537957,0.00118862115778,-0.00163035094738,0.0000876001504366,0.00211511994712,-0.000941287144087],[-0.000313560478389,0.00266889831983,-0.00390582508408,0.00788919627666,-0.00414201524109,0.00378198106773,-0.00165745138656,0.000165931734955,0.000811193254776,-0.00263094622642,0.00488036777824,-0.00543780205771,0.00420065876096],[0.000244631402893,-0.000398797827074,0.00263911345974,-0.00414201524109,0.00819085165858,-0.00376439560205,-0.000941840931773,0.0027970969677,-0.0024333409965,0.00467167049646,-0.00758141512051,0.00800742395222,-0.00550637859851],[-0.000221594251343,0.00166018912569,-0.00316654960625,0.00378198106773,-0.00376439560205,0.00692573795095,-0.00186836591456,-0.00192616216373,0.00313895987347,-0.00310755381361,0.00248955423012,-0.00431711645797,0.00142924056854],[0.000136394461151,-0.00132507004309,0.00218495237641,-0.00165745138656,-0.000941840931773,-0.00186836591456,0.00882581900805,-0.000890468945727,-0.00290769874118,0.00455876160413,-0.000565795635339,-0.00243501295336,0.00292132911272],[-0.000111150853627,0.00122148822993,-0.00158406537957,0.000165931734955,0.0027970969677,-0.00192616216373,-0.000890468945727,0.00993967149407,-0.00327421491966,0.0012627185788,-0.00148449209519,0.00449683982879,-0.00496021145955],[0.000402219768148,-0.00104250840377,0.00118862115778,0.000811193254776,-0.0024333409965,0.00313895987347,-0.00290769874118,-0.00327421491966,0.0164796039462,-0.0128639359027,0.0104513233528,-0.00665376149118,0.00357560371049],[-0.000325854838593,0.00204136013053,-0.00163035094738,-0.00263094622642,0.00467167049646,-0.00310755381361,0.00455876160413,0.0012627185788,-0.0128639359027,0.0336415953934,-0.0215276628733,0.00968971755356,-0.00139819737524],[0.000439277675468,-0.00273183360696,0.0000876001504366,0.00488036777824,-0.00758141512051,0.00248955423012,-0.000565795635339,-0.00148449209519,0.0104513233528,-0.0215276628733,0.0374836213887,-0.0184647589922,0.00627376139164],[-0.0000991911874735,0.0017711983528,0.00211511994712,-0.00543780205771,0.00800742395222,-0.00431711645797,-0.00243501295336,0.00449683982879,-0.00665376149118,0.00968971755356,-0.0184647589922,0.0311342198402,-0.0124017624184],[0.000238935041125,-0.000980790005997,-0.000941287144087,0.00420065876096,-0.00550637859851,0.00142924056854,0.00292132911272,-0.00496021145955,0.00357560371049,-0.00139819737524,0.00627376139164,-0.0124017624184,0.0244933534414]],"mean":[-24.7337551117,115.285110474,-63.5263023376,10.3739461899,-11.7834062576,-5.78485107422,-1.34497344494,-18.8309555054,-11.1364364624,-8.96768569946,-3.38335800171,-3.67668366432,-7.8657450676]},"hfc":{"dmean":95.9891204834,"dmean2":150.671524048,"dvar":26499.8632812,"dvar2":64358.9570312,"max":3957.78686523,"mean":239.166381836,"median":163.929748535,"min":1.20312731882e-16,"var":69627.90625},"melbands":{"dmean":[0.00272739166394,0.00376803032123,0.00137003837153,0.000853688747156,0.000541416113265,0.00020448291616,0.000157675443916,0.000091485278972,0.0000536037805432,0.0000712309920345,0.0000622281295364,0.0000401373290515,0.0000253731905104,0.0000372918439098,0.0000284832203761,0.0000199194109882,0.00000943271516007,0.00000671451334711,0.00000548997240912,0.00000575224157728,0.00000652508788335,0.00000429173223893,0.00000383415681426,0.00000293965626952,0.00000308351263811,0.00000259862486018,0.00000177833805992,0.00000131183082885,0.00000124506016164,0.00000126043914861,9.81514972409e-7,7.9853890611e-7,5.5075668115e-7,3.4365149304e-7,2.07488184856e-7,1.20096572687e-7,7.65460654861e-8,5.16002423012e-8,3.56476377306e-8,3.07619920648e-8],"dmean2":[0.00447902921587,0.00631265342236,0.00231234217063,0.00133699993603,0.000830191478599,0.00031726754969,0.000237112981267,0.000141063661431,0.000084013940068,0.00011165021715,0.0000979025498964,0.000063639236032,0.000040164883103,0.0000576009733777,0.0000454092223663,0.0000318940765283,0.0000148980079757,0.000010567573554,0.00000852439097798,0.00000867923336045,0.0000103422034954,0.00000658717635815,0.00000585681527809,0.00000437092785432,0.00000459069724457,0.00000382129110221,0.00000260675687969,0.00000190687001123,0.00000178992706878,0.00000181779898867,0.0000014427532733,0.00000119047035696,8.41312669309e-7,5.33606964837e-7,3.23109475175e-7,1.87427332321e-7,1.22447417539e-7,8.37933953335e-8,5.8736539188e-8,5.06880439843e-8],"dvar":[0.0000109225138658,0.0000337768469763,0.00000413200086768,0.00000215510681301,0.00000311570533995,4.08945084018e-7,2.09125857964e-7,1.02760530751e-7,1.95386249402e-8,4.0685858238e-8,3.66904302496e-8,1.81687163092e-8,4.28867696911e-9,1.5773531814e-8,3.38107852826e-9,3.03860558937e-9,3.53583301527e-10,3.30689919892e-10,1.74104133888e-10,3.46140449636e-10,2.06029882044e-9,3.00936303654e-10,1.23166782329e-10,6.71130651053e-11,9.70429778202e-11,6.15270959181e-11,2.4953714442e-11,1.27989320531e-11,1.4194400863e-11,1.76585673167e-11,7.94417569921e-12,4.71628812393e-12,2.05936743353e-12,7.97993669841e-13,2.48548198082e-13,6.84864898083e-14,2.08858504222e-14,6.75109018236e-15,3.08418333326e-15,2.36379239953e-15],"dvar2":[0.0000286450940621,0.0000869738432812,0.0000116097780847,0.00000515300325787,0.00000710106542101,9.41932057685e-7,4.41134403673e-7,2.30731174611e-7,4.44432401991e-8,9.47192120293e-8,8.76158949836e-8,3.88177454624e-8,9.67005320263e-9,3.49834188285e-8,8.25197954413e-9,7.14997394624e-9,8.31821000968e-10,8.43169145615e-10,4.21211565627e-10,7.27346904927e-10,5.41809752619e-9,7.34206140329e-10,2.92149443526e-10,1.47884995916e-10,2.20936977047e-10,1.32656205465e-10,5.35899484511e-11,2.69237462186e-11,3.03251347644e-11,3.56386031797e-11,1.56224703313e-11,1.02682697414e-11,4.60936757513e-12,1.87469636169e-12,5.83230078816e-13,1.59928399191e-13,4.96480704855e-14,1.62422819741e-14,7.57249233615e-15,5.79148570938e-15],"max":[0.048475921154,0.147314056754,0.0355594567955,0.0267816279083,0.0535103976727,0.0184774789959,0.0121967671439,0.00975445657969,0.00433732196689,0.0050114300102,0.00500899227336,0.0063782860525,0.00276776682585,0.00682752486318,0.00140871235635,0.00256930314936,0.000449133774964,0.000838230131194,0.000422464217991,0.000815197068732,0.00232644937932,0.000937534496188,0.000320026796544,0.000209541656659,0.000216696367715,0.000203804767807,0.000177348163561,0.0000866405534907,0.00013172479521,0.000184168457054,0.0000729952007532,0.0000615701501374,0.0000320201615978,0.0000158204529725,0.00000845278100314,0.00000442744112661,0.00000200303929887,0.0000013114538433,0.00000108360245576,9.66655534285e-7],"mean":[0.00453099515289,0.00598845863715,0.0024116775021,0.00164953537751,0.000917417812161,0.000364928651834,0.000274080142844,0.000151593078044,0.0000892169919098,0.000120097021863,0.0000895793491509,0.0000636189506622,0.0000469727674499,0.0000805318413768,0.0000586637834203,0.0000377063479391,0.0000154772951646,0.00000983452173386,0.00000852665925777,0.00000852493394632,0.00000782293591328,0.00000566086509934,0.00000539255643162,0.00000460115825263,0.00000470659188068,0.00000389280330637,0.00000272116290034,0.00000190180378468,0.00000173593059571,0.00000171502483681,0.00000135613311159,0.00000106070160655,6.94299330917e-7,4.15029944634e-7,2.38516776108e-7,1.32860549229e-7,8.03867621357e-8,5.42130003112e-8,3.70830903762e-8,3.18693444967e-8],"median":[0.00303519028239,0.00314053241163,0.00144840055145,0.000724285317119,0.000240367546212,0.000117699382827,0.0000718121445971,0.000041133222112,0.0000254243586824,0.0000244876318902,0.0000184713589988,0.0000208430610655,0.0000168177393789,0.0000237012427533,0.0000263032125076,0.0000151128660946,0.0000074615018093,0.00000422197899752,0.00000352272877535,0.00000268469966613,0.00000185205203707,0.00000144758246279,0.0000012443599644,0.00000113010037239,0.00000115919044674,8.52390144246e-7,6.79585809849e-7,4.72892963899e-7,3.49489795326e-7,2.857729271e-7,2.49134586738e-7,2.21091525532e-7,1.51970411366e-7,1.0179410026e-7,6.12874657691e-8,4.00837514292e-8,2.76241447494e-8,2.19220535058e-8,1.61169744217e-8,1.36066118372e-8],"min":[5.56887402469e-24,7.0592503947e-24,5.57015316265e-24,6.67592000388e-24,4.36035371182e-24,3.69719503084e-24,2.20896692629e-24,3.30318563273e-24,6.66403896979e-24,4.5873342378e-24,1.15449659373e-23,1.62171879194e-23,1.00634315147e-23,1.11102546691e-23,6.53534932931e-24,8.9015451087e-24,8.22067768368e-24,7.49638031039e-24,6.67508775563e-24,7.12258172589e-24,1.02767955126e-23,1.46081688414e-23,5.0701352556e-24,5.08946708094e-24,1.24017974647e-23,1.27733974938e-23,1.32289615111e-23,1.25445442121e-23,1.3367162842e-23,1.50918415505e-23,8.27764369623e-24,6.94660894604e-24,1.32177541643e-23,9.36083728266e-24,8.31000829259e-24,9.81312437178e-24,1.43197991597e-23,9.56217509605e-24,1.30154507851e-23,1.05083593205e-23],"var":[0.0000207968496397,0.0000763557400205,0.00000805541549198,0.00000640380767436,0.00000562082277611,6.70176007134e-7,4.57775712448e-7,2.73091330882e-7,4.56755842038e-8,1.09199135068e-7,6.23704821123e-8,3.53970541767e-8,1.34558009179e-8,6.35888426359e-8,9.57267509705e-9,1.07730064869e-8,6.14292838819e-10,3.76816883252e-10,2.49655102147e-10,5.53653900504e-10,1.64305558048e-9,3.45174555605e-10,1.92118737585e-10,1.33796709822e-10,1.77320547134e-10,1.20881984977e-10,5.15591042083e-11,2.42125642452e-11,2.65161781421e-11,3.46761681869e-11,1.58527045657e-11,8.1697530685e-12,3.02634696817e-12,1.00554428065e-12,3.01646240538e-13,8.0500134282e-14,2.31797257576e-14,7.78903292098e-15,3.47888311074e-15,2.6541925633e-15]},"melbands_crest":{"dmean":3.98667263985,"dmean2":6.74783945084,"dvar":10.4546098709,"dvar2":30.3060913086,"max":35.7288360596,"mean":18.0496616364,"median":17.4590034485,"min":1.79509460926,"var":30.7242774963},"melbands_flatness_db":{"dmean":0.0433961972594,"dmean2":0.0682268887758,"dvar":0.0012910211226,"dvar2":0.00312943710014,"max":0.648541808128,"mean":0.329329073429,"median":0.325680881739,"min":0.00672317110002,"var":0.00469500431791},"melbands_kurtosis":{"dmean":16.2777900696,"dmean2":27.0061836243,"dvar":568.154541016,"dvar2":1529.68896484,"max":462.104278564,"mean":33.4565734863,"median":22.3057899475,"min":-1.87857794762,"var":1373.23596191},"melbands_skewness":{"dmean":1.04612624645,"dmean2":1.69377529621,"dvar":1.05732131004,"dvar2":2.79165005684,"max":18.8694038391,"mean":4.03509473801,"median":3.75668430328,"min":-0.753051578999,"var":4.29648399353},"melbands_spread":{"dmean":3.12647342682,"dmean2":4.97541856766,"dvar":27.0620803833,"dvar2":60.2961730957,"max":162.394363403,"mean":7.81854486465,"median":5.43984651566,"min":0.310856223106,"var":70.1589508057},"mfcc":{"cov":[[5137.14697266,-315.507965088,-718.313232422,245.722640991,-365.97845459,46.9716644287,-178.142364502,71.6324234009,-81.6619033813,-15.0906648636,-46.0582580566,-35.136806488,-125.987174988],[-315.507965088,888.903076172,26.2117061615,-215.983200073,-9.02391147614,-66.1185531616,58.7652320862,-56.0680580139,-27.6349639893,-48.0753707886,19.216463089,-37.7555999756,28.1110343933],[-718.313232422,26.2117061615,556.539855957,-93.0738525391,55.2495498657,-90.320930481,-8.94204902649,-35.6814804077,17.3279724121,32.3520622253,25.6578407288,3.22081232071,-12.1915512085],[245.722640991,-215.983200073,-93.0738525391,420.116821289,-35.9870758057,27.7063713074,-75.6315383911,2.41648125648,-17.8260822296,11.195473671,25.6439285278,-23.872423172,-28.6495780945],[-365.97845459,-9.02391147614,55.2495498657,-35.9870758057,221.013977051,45.337310791,65.9234085083,-19.9076519012,19.01745224,-0.317461967468,-21.4941329956,19.2568073273,33.5164070129],[46.9716644287,-66.1185531616,-90.320930481,27.7063713074,45.337310791,216.414718628,70.1258468628,46.7135734558,-9.14452171326,-8.31026935577,-21.2461929321,25.1535949707,24.9466991425],[-178.142364502,58.7652320862,-8.94204902649,-75.6315383911,65.9234085083,70.1258468628,173.323730469,49.6026039124,11.3957281113,-20.9687328339,-13.6870250702,4.29213190079,19.0713500977],[71.6324234009,-56.0680580139,-35.6814804077,2.41648125648,-19.9076519012,46.7135734558,49.6026039124,115.814437866,41.5070838928,7.04011249542,-8.57516479492,6.95541143417,-0.0456677936018],[-81.6619033813,-27.6349639893,17.3279724121,-17.8260822296,19.01745224,-9.14452171326,11.3957281113,41.5070838928,92.288772583,34.7447738647,-6.64674949646,6.40141439438,9.89839172363],[-15.0906648636,-48.0753707886,32.3520622253,11.195473671,-0.317461967468,-8.31026935577,-20.9687328339,7.04011249542,34.7447738647,71.4527816772,17.8659038544,7.53949260712,-4.83026218414],[-46.0582580566,19.216463089,25.6578407288,25.6439285278,-21.4941329956,-21.2461929321,-13.6870250702,-8.57516479492,-6.64674949646,17.8659038544,68.6943359375,13.2108831406,-7.83252668381],[-35.136806488,-37.7555999756,3.22081232071,-23.872423172,19.2568073273,25.1535949707,4.29213190079,6.95541143417,6.40141439438,7.53949260712,13.2108831406,71.8349075317,30.0090045929],[-125.987174988,28.1110343933,-12.1915512085,-28.6495780945,33.5164070129,24.9466991425,19.0713500977,-0.0456677936018,9.89839172363,-4.83026218414,-7.83252668381,30.0090045929,61.8615455627]],"icov":[[0.000289695861284,0.0000458176800748,0.000337767793098,1.01472323877e-7,0.000292396172881,-0.00000231972057918,0.000161981530255,-0.0000974735812633,0.000195377040654,-0.000118821095384,0.000317241763696,-0.000212186641875,0.000530853227247],[0.0000458176800748,0.00160606577992,0.000139501513331,0.000818748027086,0.000318984122714,0.000223677212489,-0.000453087093774,0.000704101577867,-0.0000234259714489,0.000801899877843,-0.00126405397896,0.00158561766148,-0.00121552986093],[0.000337767793098,0.000139501513331,0.00258470023982,0.00050789269153,-0.000421858712798,0.000824051676318,0.000173235108377,0.000122932557133,0.000237606582232,-0.000869132752996,-0.000358564953785,-0.000267672236077,0.00119060953148],[1.01472323877e-7,0.000818748027086,0.00050789269153,0.00350717687979,-0.000317784870276,-0.000820464920253,0.00163563026581,-0.000393514113966,0.000332134921337,0.000365599844372,-0.00231196405366,0.00227173650637,-0.0000683366597514],[0.000292396172881,0.000318984122714,-0.000421858712798,-0.000317784870276,0.00717054819688,-0.00108803377952,-0.00289950100705,0.00375576573424,-0.00207658228464,-0.000278278748738,0.00215157447383,-0.00120341207366,-0.00116258708294],[-0.00000231972057918,0.000223677212489,0.000824051676318,-0.000820464920253,-0.00108803377952,0.00730906939134,-0.0022390850354,-0.00256312661804,0.00315937050618,-0.00158292101696,0.00202623894438,-0.00197965046391,-0.00140580243897],[0.000161981530255,-0.000453087093774,0.000173235108377,0.00163563026581,-0.00289950100705,-0.0022390850354,0.0103781130165,-0.00487433513626,0.000370244379155,0.00264694239013,-0.0016563142417,0.00195642816834,-0.000413101777667],[-0.0000974735812633,0.000704101577867,0.000122932557133,-0.000393514113966,0.00375576573424,-0.00256312661804,-0.00487433513626,0.0157965831459,-0.00803661998361,0.00123792677186,0.0006557618035,-0.00155495945364,0.00205657305196],[0.000195377040654,-0.0000234259714489,0.000237606582232,0.000332134921337,-0.00207658228464,0.00315937050618,0.000370244379155,-0.00803661998361,0.0194163136184,-0.00938222557306,0.00317887682468,0.000442602991825,-0.00331144081429],[-0.000118821095384,0.000801899877843,-0.000869132752996,0.000365599844372,-0.000278278748738,-0.00158292101696,0.00264694239013,0.00123792677186,-0.00938222557306,0.0215926989913,-0.00629300111905,-0.000165319361258,0.0018362889532],[0.000317241763696,-0.00126405397896,-0.000358564953785,-0.00231196405366,0.00215157447383,0.00202623894438,-0.0016563142417,0.0006557618035,0.00317887682468,-0.00629300111905,0.0210481416434,-0.00767505262047,0.00399552378803],[-0.000212186641875,0.00158561766148,-0.000267672236077,0.00227173650637,-0.00120341207366,-0.00197965046391,0.00195642816834,-0.00155495945364,0.000442602991825,-0.000165319361258,-0.00767505262047,0.0225845202804,-0.011318529956],[0.000530853227247,-0.00121552986093,0.00119060953148,-0.0000683366597514,-0.00116258708294,-0.00140580243897,-0.000413101777667,0.00205657305196,-0.00331144081429,0.0018362889532,0.00399552378803,-0.011318529956,0.0259970352054]],"mean":[-696.001281738,173.048339844,10.0782089233,36.9999961853,7.19506931305,24.6770896912,11.4954175949,7.81132602692,-2.93600511551,-1.78002464771,2.61755514145,0.68730288744,1.38239789009]},"pitch_salience":{"dmean":0.083296276629,"dmean2":0.138654351234,"dvar":0.00462573952973,"dvar2":0.0127084190026,"max":0.840807199478,"mean":0.50133472681,"median":0.51060706377,"min":0.0967925190926,"var":0.0126962745562},"silence_rate_20dB":{"dmean":0.000766459736042,"dmean2":0.00153303693514,"dvar":0.00076587224612,"dvar2":0.00168399047107,"max":1,"mean":0.999156951904,"median":1,"min":0,"var":0.000842330337036},"silence_rate_30dB":{"dmean":0.0709741711617,"dmean2":0.141959220171,"dvar":0.0659368410707,"dvar2":0.143116012216,"max":1,"mean":0.886112809181,"median":1,"min":0,"var":0.10091689229},"silence_rate_60dB":{"dmean":0.00061316776555,"dmean2":0.00122642959468,"dvar":0.000612791802268,"dvar2":0.00153153284919,"max":1,"mean":0.0160177797079,"median":0,"min":0,"var":0.0157612115145},"spectral_centroid":{"dmean":166.776138306,"dmean2":248.577804565,"dvar":68044.875,"dvar2":117165.070312,"max":11159.6640625,"mean":620.323913574,"median":472.212677002,"min":116.644134521,"var":230263.5},"spectral_complexity":{"dmean":3.18157434464,"dmean2":4.62900495529,"dvar":16.3717975616,"dvar2":25.2476158142,"max":54,"mean":13.1886110306,"median":12,"min":0,"var":60.9882621765},"spectral_contrast_coeffs":{"dmean":[0.0541880913079,0.0465372130275,0.0375222526491,0.031630102545,0.0251094065607,0.0407778993249],"dmean2":[0.0905983746052,0.0761969536543,0.0615950934589,0.0519254691899,0.0402098745108,0.0614051111042],"dvar":[0.00180475600064,0.00139210268389,0.000894331373274,0.000652492395602,0.000462591473479,0.00156626920216],"dvar2":[0.0049869059585,0.00368217821233,0.00236305268481,0.00171515857801,0.00113877758849,0.00320515502244],"max":[-0.25561657548,-0.464081346989,-0.512998819351,-0.544980585575,-0.611732661724,-0.435547530651],"mean":[-0.648739039898,-0.770272493362,-0.803293168545,-0.808937072754,-0.839023113251,-0.778567075729],"median":[-0.652510046959,-0.779451668262,-0.811400532722,-0.807888925076,-0.837040424347,-0.797186434269],"min":[-0.961683869362,-0.979256570339,-0.980959713459,-0.987483024597,-0.972789347172,-0.962913870811],"var":[0.00713298283517,0.00514635117725,0.00374111835845,0.00261364947073,0.00214615440927,0.00572459632531]},"spectral_contrast_valleys":{"dmean":[0.380757391453,0.399274855852,0.359287172556,0.376028031111,0.422303318977,0.643693089485],"dmean2":[0.639938354492,0.646357417107,0.564959466457,0.567340195179,0.618083715439,1.01333093643],"dvar":[0.107906758785,0.127755507827,0.109318085015,0.131224289536,0.173751026392,0.281047224998],"dvar2":[0.263348937035,0.295624524355,0.236101195216,0.277992725372,0.364848077297,0.722869038582],"max":[-4.95887851715,-4.80929374695,-5.05199480057,-5.85654878616,-5.69630622864,-8.7663192749],"mean":[-6.42341136932,-6.74777269363,-7.30216693878,-7.89485692978,-8.10609912872,-10.9717292786],"median":[-6.34937047958,-6.69622802734,-7.21428394318,-7.83158588409,-8.07960700989,-10.8935203552],"min":[-27.4871330261,-27.2981719971,-27.2523937225,-27.4971313477,-27.3007907867,-27.1251087189],"var":[0.504825353622,0.636317789555,0.758052825928,0.776837706566,0.913289368153,0.801549136639]},"spectral_decrease":{"dmean":5.11875386522e-9,"dmean2":8.38827141081e-9,"dvar":3.58814042154e-17,"dvar2":9.4515794225e-17,"max":3.32831824323e-8,"mean":-1.00701278427e-8,"median":-8.10036659971e-9,"min":-1.24587941741e-7,"var":8.89466783283e-17},"spectral_energy":{"dmean":0.020576402545,"dmean2":0.0328093059361,"dvar":0.000586868671235,"dvar2":0.00141557469033,"max":0.491314321756,"mean":0.0597000978887,"median":0.0502902567387,"min":1.07171475023e-20,"var":0.00175297691021},"spectral_energyband_high":{"dmean":0.000180414994247,"dmean2":0.000244703522185,"dvar":1.55838847604e-7,"dvar2":2.74014411161e-7,"max":0.00774826016277,"mean":0.00030192383565,"median":0.0000958804157563,"min":8.15425600567e-21,"var":3.5758776562e-7},"spectral_energyband_low":{"dmean":0.0165063906461,"dmean2":0.0274594370276,"dvar":0.000441115320427,"dvar2":0.00115438434295,"max":0.479572176933,"mean":0.0315282903612,"median":0.0223284736276,"min":3.7063080309e-23,"var":0.00101699156221},"spectral_energyband_middle_high":{"dmean":0.00103689159732,"dmean2":0.001498495345,"dvar":0.00000447961156169,"dvar2":0.00000933701812755,"max":0.0612919852138,"mean":0.00258603482507,"median":0.00135727063753,"min":1.47739193092e-21,"var":0.0000152485645231},"spectral_energyband_middle_low":{"dmean":0.00641893688589,"dmean2":0.0100452499464,"dvar":0.000107494131953,"dvar2":0.000253790552961,"max":0.240897580981,"mean":0.0160870607942,"median":0.00970019586384,"min":1.6642488708e-22,"var":0.000323340645991},"spectral_entropy":{"dmean":0.290994763374,"dmean2":0.445890635252,"dvar":0.0700493454933,"dvar2":0.165051952004,"max":9.80427265167,"mean":7.09938097,"median":7.1097612381,"min":5.05204534531,"var":0.231131330132},"spectral_flux":{"dmean":0.0313833653927,"dmean2":0.0502813607454,"dvar":0.00102404202335,"dvar2":0.00248807482421,"max":0.459797561169,"mean":0.115789100528,"median":0.107548624277,"min":0.0000291495489364,"var":0.00264374050312},"spectral_kurtosis":{"dmean":5.28509235382,"dmean2":8.41333007812,"dvar":40.4876403809,"dvar2":105.329841614,"max":112.102668762,"mean":16.0689048767,"median":14.1042537689,"min":-1.1767488718,"var":78.6832580566},"spectral_rms":{"dmean":0.00126335700043,"dmean2":0.00200414145365,"dvar":0.0000014178795027,"dvar2":0.00000347827563019,"max":0.0218936298043,"mean":0.00720291677862,"median":0.00700454600155,"min":3.23353583492e-12,"var":0.00000636198592474},"spectral_rolloff":{"dmean":5082.37060547,"dmean2":9972.07519531,"dvar":74887544,"dvar2":185846816,"max":22028.4667969,"mean":11492.7509766,"median":20370.4101562,"min":43.06640625,"var":110930056},"spectral_skewness":{"dmean":0.467150330544,"dmean2":0.718894422054,"dvar":0.242186412215,"dvar2":0.592237174511,"max":8.36288928986,"mean":2.83716702461,"median":2.75495624542,"min":-0.000459199858597,"var":0.712245285511},"spectral_spread":{"dmean":641444.4375,"dmean2":1009670.375,"dvar":478548656128,"dvar2":934230687744,"max":47621388,"mean":4029176.5,"median":3994622,"min":1440275.5,"var":1128936374270},"spectral_strongpeak":{"dmean":9.83688163757,"dmean2":18.3787288666,"dvar":871.60736084,"dvar2":2425.7956543,"max":344.642364502,"mean":9.44111824036,"median":0.46777895093,"min":0,"var":1070.31518555},"zerocrossingrate":{"dmean":0.0469644069672,"dmean2":0.0619754120708,"dvar":0.00159226346295,"dvar2":0.00278266496025,"max":0.86376953125,"mean":0.26856893301,"median":0.25341796875,"min":0.01611328125,"var":0.0143358157948}},"metadata":{"audio_properties":{"analysis_sample_rate":44100,"bit_rate":181475,"codec":"mp3","downmix":"mix","equal_loudness":0,"length":302.943115234,"lossless":false,"md5_encoded":"5594aa73112ee49d3e37129f8a6bab01","replay_gain":1.37276268005,"sample_rate":44100},"tags":{"acoustid_id":["e7785c13-2735-4564-ac90-4e6166a00b20"],"album":["In Your Honor"],"albumartist":["Foo Fighters"],"artist":["Foo Fighters"],"date":["2005"],"discnumber":["2/2"],"file_name":"2-02 - Foo Fighters - What If I Do_.mp3","musicbrainz_albumartistid":["67f66c07-6e61-4026-ade5-7e782fad3a5d"],"musicbrainz_albumid":["1f1a4299-a7e9-4f05-b498-082b6c73a305"],"musicbrainz_artistid":["67f66c07-6e61-4026-ade5-7e782fad3a5d"],"musicbrainz_recordingid":["d8b70826-28cd-4fef-9104-65c816173dbe"],"musicbrainz_releasegroupid":["304479f9-ea77-3299-8745-3985f05cfa13"],"replaygain_album_gain":["-0.51 dB"],"replaygain_album_peak":["0.436225"],"replaygain_track_gain":["+1.16 dB"],"replaygain_track_peak":["0.378948"],"title":["What If I Do?"],"tracknumber":["2/10"]},"version":{"essentia":"2.1-beta1","essentia_build_sha":"e76a03f03bb3900de42a1fa0d9be1e72f12def64","essentia_git_sha":"v2.1_beta1-28-g21ef5f4-dirty","extractor":"music 1.0"}},"rhythm":{"beats_count":490,"beats_loudness":{"dmean":0.0443006716669,"dmean2":0.0777057781816,"dvar":0.0015992380213,"dvar2":0.00445178477094,"max":0.294112116098,"mean":0.0807586088777,"median":0.0691197812557,"min":0.00000438387678514,"var":0.0020623835735},"beats_loudness_band_ratio":{"dmean":[0.206461831927,0.113332845271,0.0457546189427,0.028207262978,0.0166901163757,0.149815842509],"dmean2":[0.363536536694,0.199941441417,0.084117911756,0.0500008426607,0.0324982330203,0.274968534708],"dvar":[0.0222101993859,0.0146666793153,0.00540312053636,0.00142690422945,0.000268897