{"lowlevel":{"average_loudness":0.970912873745,"barkbands":{"dmean":[0.0000581700805924,0.00352185242809,0.00165783858392,0.00090201117564,0.00252552027814,0.000821977679152,0.00114815367851,0.000793772458564,0.00210685329512,0.00121342705097,0.000308342830976,0.000377395219402,0.00085683632642,0.000889426970389,0.000811663630884,0.000561381806619,0.000338327139616,0.000305797089823,0.000218541099457,0.000182790492545,0.000171842882992,0.000171355437487,0.000138180519571,0.0000936072538025,0.0000446085250587,0.0000195975644601,0.00000523619019077],"dmean2":[0.000101171506685,0.00588108971715,0.00276609021239,0.00155865668785,0.00428682472557,0.00135015544947,0.00192793505266,0.00131671386771,0.00346157350577,0.00196242937818,0.000490447098855,0.000624398933724,0.00138601695653,0.0014295243891,0.00130396010354,0.000915222626645,0.000555442878976,0.000501022615936,0.000355973170372,0.000301160180243,0.000285573682049,0.000284231733531,0.000223883107537,0.000143733093864,0.0000684385886416,0.0000307447553496,0.00000826140603749],"dvar":[7.73659802888e-9,0.0000304469504044,0.00000656515931041,0.00000162908622769,0.0000242957175942,0.00000250045582106,0.00000560793387194,0.00000250487846642,0.000014665879462,0.00000618577223577,4.33672028066e-7,5.02519810652e-7,0.00000225990220315,0.0000021856337753,0.00000261357240561,5.05199807321e-7,1.94981737422e-7,2.63479847717e-7,1.27329755628e-7,1.21315522961e-7,5.54905703609e-8,7.47084811792e-8,4.99817218724e-8,4.14626768475e-8,1.06081321505e-8,1.88074045226e-9,1.87752174918e-10],"dvar2":[2.16173212664e-8,0.0000820586283226,0.000017483931515,0.00000451552796221,0.0000635190590401,0.00000639112249701,0.0000145344056364,0.00000627487861493,0.0000391168141505,0.0000158366365213,0.00000104091498088,0.00000121103823858,0.00000574758587391,0.00000549920059711,0.00000641523047307,0.00000130880960114,4.98276563121e-7,6.663966019e-7,3.00068194292e-7,3.09990696223e-7,1.39641358032e-7,1.85465111713e-7,1.20352794397e-7,9.14315378964e-8,2.27473240244e-8,4.46541204013e-9,4.35284280842e-10],"max":[0.00124129746109,0.0558230578899,0.0359451137483,0.0179494507611,0.0442290827632,0.0272745899856,0.0341584272683,0.0312837213278,0.0498315058649,0.0511231571436,0.0174646936357,0.0191119555384,0.0275764353573,0.0229808669537,0.0281121619046,0.0159845501184,0.00765343429521,0.00871147587895,0.00746139883995,0.00950461067259,0.00426668580621,0.00495875021443,0.00536305271089,0.00529123097658,0.0030762180686,0.0010338248685,0.000564499234315],"mean":[0.0000730630126782,0.00508593721315,0.00239544245414,0.00121394824237,0.00307625648566,0.00130742671899,0.00152175116818,0.00109511055052,0.00330834649503,0.0020529392641,0.00054318131879,0.000657396274619,0.00143627868965,0.00156939844601,0.00139898061752,0.00117189041339,0.000752205203753,0.000607327150647,0.000483329378767,0.000411897955928,0.000448784849141,0.000359075464075,0.000308811489958,0.000205462580197,0.0000959328390309,0.0000355534102709,0.00000784343774285],"median":[0.000038854253944,0.00324249686673,0.0016142699169,0.000775626744144,0.00166363234166,0.000684141530655,0.000713765737601,0.000518220709637,0.00125911831856,0.000709440326318,0.000275344180409,0.000391497625969,0.000748350168578,0.000869007431902,0.000719107105397,0.00085695181042,0.00057673023548,0.000371869653463,0.000365068292012,0.000333726871759,0.000386641710065,0.000282003777102,0.00022715277737,0.000123034405988,0.0000589183728152,0.0000226307820412,0.00000396845371142],"min":[7.61147975102e-25,1.55766521914e-24,2.33486656297e-24,5.73415004788e-25,1.272238817e-23,5.5277195457e-24,7.99430142515e-24,1.03119716092e-23,1.68092895599e-23,2.9235970853e-23,6.15400962899e-24,2.77414517799e-23,4.38600636406e-23,2.56370738074e-23,3.08105782405e-23,6.25703454767e-23,6.94000065824e-23,8.69177610772e-23,1.35703487987e-22,1.66410523501e-22,2.72144895398e-22,3.04350135543e-22,3.80352302056e-22,5.51783944152e-22,9.60651838749e-22,1.38266107055e-21,1.92269772725e-21],"var":[9.35078414699e-9,0.0000345665102941,0.00000771138547861,0.00000201246461984,0.0000215785039472,0.00000362000332643,0.00000683241387378,0.00000380345272788,0.0000258981544903,0.0000129848176584,0.00000105155743313,8.47047942898e-7,0.0000039942838157,0.00000386522742701,0.00000457886426375,0.00000122592439311,4.36578091012e-7,5.13816814873e-7,2.49511572292e-7,1.6415282289e-7,1.33180932949e-7,1.38784429282e-7,1.10961380528e-7,8.95467309192e-8,2.09913508797e-8,3.1063731587e-9,2.60844984501e-10]},"barkbands_crest":{"dmean":2.71865749359,"dmean2":4.58001661301,"dvar":5.70265388489,"dvar2":15.6520776749,"max":25.3081092834,"mean":7.97564172745,"median":7.30004501343,"min":2.2663640976,"var":10.359046936},"barkbands_flatness_db":{"dmean":0.0168824587017,"dmean2":0.0280473846942,"dvar":0.000251651334111,"dvar2":0.000665944884531,"max":0.456622213125,"mean":0.0896076261997,"median":0.0805646702647,"min":0.0159983802587,"var":0.00171314773615},"barkbands_kurtosis":{"dmean":0.966614305973,"dmean2":1.62771916389,"dvar":2.84939599037,"dvar2":7.35785579681,"max":101.946426392,"mean":0.292266368866,"median":-0.258420109749,"min":-1.71574985981,"var":8.98045921326},"barkbands_skewness":{"dmean":0.400694310665,"dmean2":0.640109360218,"dvar":0.145838156343,"dvar2":0.370377272367,"max":8.9046087265,"mean":0.718450844288,"median":0.648066163063,"min":-2.08165073395,"var":0.463757187128},"barkbands_spread":{"dmean":5.90409517288,"dmean2":9.40887832642,"dvar":33.1286430359,"dvar2":80.2145080566,"max":108.310112,"mean":30.2916107178,"median":29.5465583801,"min":0.705467939377,"var":131.182296753},"dissonance":{"dmean":0.0135168870911,"dmean2":0.023225767538,"dvar":0.000181937546586,"dvar2":0.000511848076712,"max":0.500000059605,"mean":0.47598490119,"median":0.480462491512,"min":0.2745038867,"var":0.000360936828656},"dynamic_complexity":2.61927914619,"erbbands":{"dmean":[0.0520804300904,0.962098956108,2.17742109299,2.01464772224,8.3248758316,7.34434318542,4.65857696533,8.01947116852,14.9976329803,17.0028190613,16.2569026947,48.6219902039,49.3491172791,20.9063510895,11.6722707748,16.270318985,33.4774894714,45.2704620361,44.2596740723,29.4948673248,22.7954998016,16.7461261749,17.4106750488,12.4637012482,9.81324100494,8.43284511566,6.43462181091,7.03363752365,5.99819421768,5.57982349396,3.81266283989,2.3905043602,1.34479045868,0.67557311058,0.242090910673,0.0996134206653,0.0355366952717,0.00768919149414,0.000819296168629,0.000045960809075],"dmean2":[0.0841621756554,1.6285418272,3.64440059662,3.43130421638,14.2540187836,12.6094036102,7.59855413437,13.1845064163,25.1276016235,28.6149196625,26.6858158112,79.4622116089,80.0244674683,32.3349456787,18.4254207611,26.9166030884,53.9986114502,72.1262130737,70.5791473389,47.5796775818,37.2175712585,27.2334575653,28.729013443,20.149969101,15.89199543,13.8693351746,10.6591720581,11.6636104584,9.90055656433,9.27941703796,6.1263885498,3.73390769958,2.07373952866,1.04644155502,0.377550333738,0.157490491867,0.0562154501677,0.0122116999701,0.00128992204554,0.0000713894187356],"dvar":[0.00606516795233,2.37641572952,11.1963415146,8.88218688965,244.780334473,197.601425171,60.4332847595,275.99987793,1136.36071777,1186.10949707,1022.25891113,8353.39648438,8717.99023438,2148.82519531,422.341949463,965.870483398,3163.11254883,5265.65722656,7254.48291016,2466.90722656,721.659545898,531.365112305,861.394226074,328.918182373,369.767120361,275.548980713,74.0539703369,97.4980392456,93.5847015381,72.2950973511,45.1210823059,27.3643131256,8.42101097107,2.71043348312,0.281959533691,0.0490622669458,0.00638760766014,0.000333831208991,0.00000452272524853,1.40336089416e-8],"dvar2":[0.0140435807407,6.53403425217,29.6748733521,24.0516834259,647.751831055,525.36920166,152.702987671,717.093322754,2997.48168945,3106.7253418,2569.84912109,22219.2304688,22789.4921875,5097.65722656,1016.17602539,2300.31518555,7907.11035156,13040.6347656,17561.28125,6027.50195312,1820.4173584,1329.80883789,2247.31054688,764.614440918,892.858337402,710.839416504,189.152511597,238.815765381,228.603637695,183.533905029,109.401351929,62.5602073669,18.1233463287,5.81176328659,0.645181775093,0.118207909167,0.0152660915628,0.000785534910392,0.0000102581234387,3.17297690344e-8],"max":[0.862257182598,14.8390140533,41.0050506592,53.3681869507,140.362167358,145.248916626,209.337463379,309.377380371,586.980895996,540.756469727,1021.54205322,1480.23840332,1533.86120605,982.030151367,588.029968262,890.958374023,981.125915527,1418.80212402,1698.36499023,1049.09814453,602.426269531,422.782989502,531.503295898,333.442962646,427.144927979,513.333374023,156.740692139,173.57850647,159.074951172,162.420959473,180.914215088,128.403488159,58.2077941895,48.4541702271,14.922162056,6.27431249619,2.30156159401,0.522318720818,0.0928697213531,0.00531409028918],"mean":[0.0801297351718,1.33893477917,3.23091745377,3.13736200333,8.69516849518,9.56640052795,8.8336353302,11.8854494095,20.3741092682,22.503068924,25.7231864929,76.3794708252,85.0016479492,39.124370575,23.2596206665,31.0478191376,61.3489303589,87.9881057739,80.7435531616,63.4653244019,55.810798645,40.1699676514,35.8145599365,27.3572006226,21.2837905884,19.6124420166,16.7141418457,17.7585945129,13.0349149704,11.6034145355,8.45073413849,5.0865521431,2.91647076607,1.41122663021,0.510746479034,0.186441123486,0.0618651770055,0.0123250484467,0.00127079035155,0.000102849735413],"median":[0.0505216419697,0.817385911942,2.17260837555,2.25872778893,3.91917800903,5.51753425598,5.46598672867,6.26268386841,9.50824928284,11.4868936539,13.955488205,31.2479438782,31.5539474487,15.1214599609,14.1920719147,19.2153930664,36.4998588562,53.8320045471,44.9221572876,43.4824295044,46.8124313354,31.7195091248,22.3974456787,20.5933494568,15.1338586807,16.0552654266,15.0174865723,14.7240400314,10.2923326492,8.95354270935,5.96138000488,3.18520140648,1.68850398064,0.827563881874,0.322111964226,0.118192970753,0.037864126265,0.00684239342809,0.000671784742735,0.0000766674420447],"min":[3.7417190503e-23,3.15479284219e-22,3.40688592836e-21,6.40597343033e-21,2.97981669785e-20,4.60754335347e-20,9.51842546978e-20,5.99657411863e-20,9.74382637059e-20,1.94956350341e-19,3.31459258913e-19,3.574603373e-19,7.46180450334e-19,1.01796589173e-18,8.70926576236e-19,1.6470057283e-18,2.19511297297e-18,2.75961679854e-18,2.13930392423e-18,4.4053145475e-18,4.2530235657e-18,5.18701925152e-18,4.93580946257e-18,7.02710361725e-18,7.71884333066e-18,7.7096558356e-18,8.40495408001e-18,1.02744393398e-17,1.19520335868e-17,1.45780408641e-17,1.09996409906e-17,9.9388405848e-18,1.05881045738e-17,8.48867137545e-18,6.89248493564e-18,4.71290910291e-18,2.2695894202e-18,9.15304712702e-19,2.52867691541e-19,2.69442242285e-20],"var":[0.00848054606467,2.54188799858,12.9483108521,11.1627140045,209.501235962,179.500061035,120.759155273,339.057617188,1305.46289062,1387.85742188,1564.76599121,14171.5341797,16928.0078125,5716.09326172,978.469909668,1690.4855957,5736.07128906,10086.4238281,12049.1904297,5332.33642578,1806.79870605,1160.96447754,1645.46472168,709.958984375,617.331787109,363.673370361,151.816558838,243.205673218,178.224731445,137.067489624,94.102355957,53.4739074707,18.9442119598,5.08340454102,0.552957952023,0.0850793197751,0.0094914836809,0.000480398273794,0.00000662242837279,1.99179090998e-8]},"erbbands_crest":{"dmean":2.4826669693,"dmean2":4.06594181061,"dvar":5.34774875641,"dvar2":13.8288669586,"max":25.0138378143,"mean":8.05265522003,"median":7.29269313812,"min":2.59333944321,"var":12.1286201477},"erbbands_flatness_db":{"dmean":0.0152525790036,"dmean2":0.0226583909243,"dvar":0.000181232142495,"dvar2":0.000389876455301,"max":0.361622154713,"mean":0.145328894258,"median":0.139579877257,"min":0.0561826713383,"var":0.00169017969165},"erbbands_kurtosis":{"dmean":0.598187804222,"dmean2":0.976023375988,"dvar":0.387433260679,"dvar2":1.0097938776,"max":8.88200473785,"mean":0.169928506017,"median":-0.00376760959625,"min":-1.62222135067,"var":0.873629033566},"erbbands_skewness":{"dmean":0.277996629477,"dmean2":0.439796686172,"dvar":0.059002481401,"dvar2":0.149354994297,"max":2.30769634247,"mean":0.0828246772289,"median":0.0275620520115,"min":-2.28066253662,"var":0.273225724697},"erbbands_spread":{"dmean":6.52921581268,"dmean2":10.0917758942,"dvar":37.0977478027,"dvar2":85.1583328247,"max":93.4275131226,"mean":33.3988800049,"median":31.9586029053,"min":5.77766036987,"var":134.529922485},"gfcc":{"cov":[[14750.984375,-636.642089844,613.204589844,1475.45507812,-130.800338745,930.276611328,53.5672988892,464.527374268,-157.177520752,302.03338623,-242.357498169,39.2488899231,-372.534942627],[-636.642089844,775.736633301,-98.4687194824,-6.97216796875,120.839401245,-108.657920837,68.9901504517,-91.0340576172,10.8956508636,-47.825012207,19.5549545288,-15.2704677582,37.2607574463],[613.204589844,-98.4687194824,594.368530273,259.851989746,171.56022644,168.110443115,77.1765594482,74.0782775879,13.7079277039,81.2870330811,-26.1004543304,27.9498291016,-60.7623519897],[1475.45507812,-6.97216796875,259.851989746,463.026947021,134.336288452,186.213424683,67.9439086914,65.633430481,2.22934651375,76.3503875732,-14.4222192764,-0.632391929626,-29.7768344879],[-130.800338745,120.839401245,171.56022644,134.336288452,246.287704468,84.049041748,95.5356063843,32.1916656494,15.775762558,38.6715049744,-3.33099889755,2.6972720623,-7.98237514496],[930.276611328,-108.657920837,168.110443115,186.213424683,84.049041748,234.396896362,92.8807754517,78.2802810669,-4.4444270134,35.6558647156,-22.0440406799,6.97835731506,-27.0526409149],[53.5672988892,68.9901504517,77.1765594482,67.9439086914,95.5356063843,92.8807754517,167.403961182,57.0271110535,-0.965294480324,10.2645139694,-5.43381309509,8.88863754272,-9.24702644348],[464.527374268,-91.0340576172,74.0782775879,65.633430481,32.1916656494,78.2802810669,57.0271110535,126.344955444,20.3646793365,21.4556293488,-4.41396427155,2.66833496094,-13.1789064407],[-157.177520752,10.8956508636,13.7079277039,2.22934651375,15.775762558,-4.4444270134,-0.965294480324,20.3646793365,76.0939102173,29.0717029572,7.90108776093,-6.79160642624,-0.979215323925],[302.03338623,-47.825012207,81.2870330811,76.3503875732,38.6715049744,35.6558647156,10.2645139694,21.4556293488,29.0717029572,91.5086212158,18.5458583832,7.86826229095,-15.2841815948],[-242.357498169,19.5549545288,-26.1004543304,-14.4222192764,-3.33099889755,-22.0440406799,-5.43381309509,-4.41396427155,7.90108776093,18.5458583832,67.3816299438,20.9468688965,14.250418663],[39.2488899231,-15.2704677582,27.9498291016,-0.632391929626,2.6972720623,6.97835731506,8.88863754272,2.66833496094,-6.79160642624,7.86826229095,20.9468688965,56.960521698,12.2395744324],[-372.534942627,37.2607574463,-60.7623519897,-29.7768344879,-7.98237514496,-27.0526409149,-9.24702644348,-13.1789064407,-0.979215323925,-15.2841815948,14.250418663,12.2395744324,63.8542251587]],"icov":[[0.000230116507737,-0.000219117951929,0.00024681611103,-0.000595213030465,0.000574044068344,-0.000578541017603,0.000544429989532,-0.000719977368135,0.000640728860162,-0.000646916741971,0.000804553215858,-0.000696142204106,0.000993459834717],[-0.000219117951929,0.00243910891004,0.0001055119792,-0.000117910880363,-0.00179397419561,0.00206096260808,-0.0021940767765,0.00242683500983,-0.00158339622431,0.00211659935303,-0.00139188300818,0.00111098750494,-0.00124418456107],[0.00024681611103,0.0001055119792,0.00339782983065,-0.00152564153541,-0.000971868517809,-0.000963581900578,0.000817588763312,-0.000934224226512,0.000423411111115,-0.00138323998544,0.00208075321279,-0.00292872614227,0.00306852301583],[-0.000595213030465,-0.000117910880363,-0.00152564153541,0.005708147306,-0.00194034830201,-0.00121756247245,-0.000331542018102,0.00116928771604,-0.00041962650721,-0.000675454502925,-0.00192246900406,0.00283214403316,-0.00304068927653],[0.000574044068344,-0.00179397419561,-0.000971868517809,-0.00194034830201,0.00889887474477,-0.00220122141764,-0.00113258592319,-0.00163294095546,0.00109955505468,-0.00325229414739,0.00206795986742,-0.000750246865209,0.00116576778237],[-0.000578541017603,0.00206096260808,-0.000963581900578,-0.00121756247245,-0.00220122141764,0.0113145047799,-0.00513858580962,0.000266494957032,-0.000880936568137,0.00185120303649,-0.000473137683002,0.00114316039253,-0.00191734510008],[0.000544429989532,-0.0021940767765,0.000817588763312,-0.000331542018102,-0.00113258592319,-0.00513858580962,0.012464530766,-0.00579921668395,0.00306566129439,-0.00154316832777,0.0021284588147,-0.0032490005251,0.00319491466507],[-0.000719977368135,0.00242683500983,-0.000934224226512,0.00116928771604,-0.00163294095546,0.000266494957032,-0.00579921668395,0.0151184741408,-0.00612986180931,0.00308211264201,-0.00316716334783,0.0024902599398,-0.0028978115879],[0.000640728860162,-0.00158339622431,0.000423411111115,-0.00041962650721,0.00109955505468,-0.000880936568137,0.00306566129439,-0.00612986180931,0.0191422794014,-0.00829973071814,0.00179166009184,0.0012377446983,0.00148215645459],[-0.000646916741971,0.00211659935303,-0.00138323998544,-0.000675454502925,-0.00325229414739,0.00185120303649,-0.00154316832777,0.00308211264201,-0.00829973071814,0.0203684885055,-0.00808572862297,0.000758641457651,0.00055703590624],[0.000804553215858,-0.00139188300818,0.00208075321279,-0.00192246900406,0.00206795986742,-0.000473137683002,0.0021284588147,-0.00316716334783,0.00179166009184,-0.00808572862297,0.0232313983142,-0.00963321235031,0.00105620163959],[-0.000696142204106,0.00111098750494,-0.00292872614227,0.00283214403316,-0.000750246865209,0.00114316039253,-0.0032490005251,0.0024902599398,0.0012377446983,0.000758641457651,-0.00963321235031,0.0254502315074,-0.00826978869736],[0.000993459834717,-0.00124418456107,0.00306852301583,-0.00304068927653,0.00116576778237,-0.00191734510008,0.00319491466507,-0.0028978115879,0.00148215645459,0.00055703590624,0.00105620163959,-0.00826978869736,0.0243881847709]],"mean":[39.0704879761,73.1700592041,-131.811462402,30.0085315704,-54.7731285095,17.4723510742,-34.8806190491,5.30658388138,-14.4040393829,3.08983945847,-20.772064209,-3.44458723068,-11.4516630173]},"hfc":{"dmean":7.35301876068,"dmean2":11.5118455887,"dvar":65.3246154785,"dvar2":155.210296631,"max":145.407012939,"mean":34.8318939209,"median":35.0059051514,"min":1.10711229613e-16,"var":320.955413818},"melbands":{"dmean":[0.000732668791898,0.00119283702224,0.000495097890962,0.000638643279672,0.000168311235029,0.000175853041583,0.000233217477216,0.000183381765964,0.000133214969537,0.000341744860634,0.000250139390118,0.0000948139131651,0.0000369238186977,0.0000398166157538,0.0000533341881237,0.0000929472444113,0.0000936209980864,0.0000743256750866,0.00005622421304,0.0000498128938489,0.0000241411962634,0.0000211566639337,0.0000161566094903,0.0000150051837409,0.000010808495972,0.00000804816227173,0.00000717294778951,0.00000608848540651,0.00000415297336076,0.0000050414969337,0.00000446417652711,0.00000366665108231,0.0000036192573134,0.00000314764611176,0.00000250061566476,0.00000184695022654,0.00000145195349432,0.00000107463813492,7.61391447668e-7,5.40754967915e-7],"dmean2":[0.0012051089434,0.00200099265203,0.00084074708866,0.00109292182606,0.000280992913758,0.000288516079308,0.000389546097722,0.000307956332108,0.000218226254219,0.000561286869925,0.000404977967264,0.000147813683725,0.0000585648376727,0.0000654033210594,0.0000872147938935,0.000150448307977,0.000150137086166,0.000119099058793,0.0000908519868972,0.0000812870639493,0.0000397241819883,0.0000347518216586,0.0000266562074103,0.0000244791553996,0.0000176341854967,0.0000131218284878,0.0000116764313134,0.0000100881879916,0.00000690124852554,0.00000842147437652,0.0000074486702033,0.00000607634638072,0.00000609646758676,0.00000524196593688,0.00000408541745855,0.00000293915240945,0.00000228998510465,0.0000016783457113,0.00000118645812108,8.46060800086e-7],"dvar":[0.0000012440024193,0.00000340615451933,4.45420539563e-7,0.00000172169256984,6.55069669619e-8,1.28199943106e-7,2.45138892296e-7,1.34517790684e-7,6.69232420591e-8,4.14616778244e-7,2.24413312822e-7,4.38573160011e-8,5.75163783267e-9,4.8059538571e-9,1.24673773527e-8,2.87905965735e-8,2.3418509798e-8,2.07720027845e-8,1.37822517843e-8,4.40886349651e-9,9.0679769249e-10,7.74930952741e-10,7.20749515626e-10,7.43885286703e-10,2.4490229289e-10,2.50214293729e-10,2.66195454568e-10,1.17773818475e-10,3.26098384407e-11,5.12948745979e-11,3.88894368097e-11,3.54168118444e-11,3.40091114992e-11,2.22209872031e-11,1.79647408061e-11,1.43940710046e-11,1.11016491139e-11,5.28718431883e-12,3.20049130427e-12,1.84665217146e-12],"dvar2":[0.00000322491860061,0.00000910306880542,0.00000121180346468,0.00000452474114354,1.70408284816e-7,3.31836986334e-7,6.37683001514e-7,3.49430820279e-7,1.69732899735e-7,0.00000110819814836,5.85376767503e-7,1.04811569202e-7,1.38667859417e-8,1.18476286559e-8,3.13005479313e-8,7.29035534164e-8,5.88510964405e-8,5.03096089233e-8,3.42079076177e-8,1.15304752413e-8,2.34844743652e-9,1.97379912414e-9,1.86019954995e-9,1.87439508359e-9,5.86514892209e-10,6.06826089378e-10,6.67448263325e-10,3.05907160714e-10,8.36398034165e-11,1.31641392231e-10,9.61815280198e-11,8.78676922889e-11,8.76359124158e-11,5.6615118843e-11,4.50658156625e-11,3.38941270883e-11,2.60208399966e-11,1.18857259104e-11,6.69861085004e-12,4.17844535014e-12],"max":[0.0114154908806,0.0199735797942,0.00839582551271,0.011732342653,0.00582176167518,0.00639139069244,0.00797044485807,0.00607476802543,0.00928165111691,0.00950962863863,0.00764011079445,0.00416439725086,0.0023960119579,0.0012370236218,0.00241169147193,0.00322489393875,0.00279888883233,0.0026170394849,0.00272943335585,0.00129554735031,0.000671130139381,0.000541991495993,0.000448462087661,0.000532163190655,0.000306395086227,0.000354544492438,0.000385732069844,0.000315878161928,0.000121999983094,0.000144411504152,0.000115276889119,0.000106344436062,0.000103643229522,0.0000816834144644,0.000124934580526,0.0000929367015488,0.0000916639182833,0.0000489179146825,0.0000499601737829,0.0000413439738622],"mean":[0.0010826215148,0.00182775547728,0.0007273167721,0.000709816929884,0.000330490292981,0.000259600870777,0.000319638056681,0.000248774507781,0.000203041665372,0.00052879168652,0.000422430079198,0.000163616801728,0.0000687376159476,0.0000729421590222,0.0000948523593252,0.000154391425895,0.000168272687006,0.000127377177705,0.0000960254692473,0.0000981410048553,0.0000557343410037,0.0000457051864942,0.0000316281184496,0.00002881333603,0.0000216580647248,0.000015954778064,0.0000135877071443,0.0000135020372909,0.00000986884333543,0.0000116378132589,0.00000999322946882,0.00000753221092964,0.00000659892384647,0.00000630776003163,0.00000526073381479,0.00000362563241652,0.00000290938987746,0.00000223271331379,0.00000148903166064,0.00000107020287032],"median":[0.000703414611053,0.00120660569519,0.00051430624444,0.000358539167792,0.000214885978494,0.000132575398311,0.000150424370077,0.000127263512695,0.000105844170321,0.000201748101972,0.00014942472626,0.0000569141193409,0.0000377164542442,0.0000476409295516,0.0000562343266211,0.0000771825289121,0.0000925771091715,0.0000679433869664,0.0000494126943522,0.0000663609243929,0.0000465448247269,0.0000357115859515,0.0000199339592655,0.000017375443349,0.0000159647825058,0.0000110048367787,0.00000895700486581,0.0000107868554551,0.00000852605171531,0.00000902974352357,0.00000813416772871,0.00000574075238546,0.00000482382847622,0.00000471715156891,0.00000371422765966,0.00000223551705858,0.0000017318599248,0.00000121491643768,8.74783722793e-7,6.14872988081e-7],"min":[7.29878810718e-25,1.37317569974e-24,2.22003543365e-24,1.95047180158e-24,4.31146169064e-24,1.48997503702e-24,1.43779366307e-24,2.55041235291e-24,1.7611526785e-24,1.89956226863e-24,3.40623946316e-24,3.93703359514e-24,1.45707194448e-24,3.1603566466e-24,4.7172856613e-24,5.49104974095e-24,4.26019914244e-24,3.02458619063e-24,3.34803651672e-24,4.14776279761e-24,4.26827628924e-24,4.44475551779e-24,5.03306707609e-24,4.72915841236e-24,5.37421746874e-24,4.65994296767e-24,4.53439851562e-24,4.18295112158e-24,5.17330169592e-24,6.11091534103e-24,5.70701342996e-24,6.46732703674e-24,6.30388767896e-24,8.26971485527e-24,6.13028069296e-24,5.90927894378e-24,5.89607222894e-24,7.09532500389e-24,6.57346945483e-24,6.85704877861e-24],"var":[0.00000150111225139,0.00000394440166929,5.2656855587e-7,0.00000143189947721,1.34396643148e-7,1.62219137678e-7,3.01628091393e-7,1.70784829834e-7,1.01938631758e-7,7.09920527697e-7,4.37087123828e-7,1.07949766459e-7,1.28411663525e-8,8.23606072231e-9,2.13651834002e-8,5.00960730676e-8,4.31009112845e-8,3.2590936172e-8,2.39432829119e-8,1.0334845868e-8,1.95580907025e-9,1.62868207809e-9,1.33039046446e-9,1.29092248002e-9,4.88611151539e-10,4.12112816095e-10,3.39541561534e-10,1.69484551393e-10,6.01426339286e-11,1.24943291824e-10,8.55514201148e-11,6.5330491017e-11,5.31473857979e-11,4.22957918689e-11,3.53674797782e-11,2.66879088273e-11,1.98482758007e-11,1.16749361914e-11,6.22615370718e-12,3.10206829841e-12]},"melbands_crest":{"dmean":3.48600435257,"dmean2":5.80635881424,"dvar":9.01545810699,"dvar2":23.4438266754,"max":28.9327888489,"mean":11.7665042877,"median":11.1171264648,"min":1.59285497665,"var":18.790517807},"melbands_flatness_db":{"dmean":0.0230227317661,"dmean2":0.0374041609466,"dvar":0.000469239370432,"dvar2":0.00124833104201,"max":0.591934919357,"mean":0.14075987041,"median":0.131044954062,"min":0.00416467525065,"var":0.00249895663001},"melbands_kurtosis":{"dmean":2.86987686157,"dmean2":4.72213888168,"dvar":18.6664848328,"dvar2":48.5291252136,"max":117.47857666,"mean":4.12777900696,"median":2.50807404518,"min":-1.58197784424,"var":37.6343612671},"melbands_skewness":{"dmean":0.563972294331,"dmean2":0.887888610363,"dvar":0.312545597553,"dvar2":0.770645856857,"max":8.26730442047,"mean":1.66100358963,"median":1.51375305653,"min":-1.075517416,"var":0.932541787624},"melbands_spread":{"dmean":9.08474731445,"dmean2":14.7510519028,"dvar":75.7765579224,"dvar2":193.813873291,"max":152.263015747,"mean":36.6702384949,"median":35.7664413452,"min":0.64183819294,"var":238.989349365},"mfcc":{"cov":[[8791.8671875,-235.806350708,605.847290039,863.530212402,350.012817383,592.443908691,384.723754883,409.153991699,261.763275146,310.036987305,351.750915527,129.455810547,-1.83133471012],[-235.806350708,652.521728516,-88.01612854,86.7249450684,1.22537529469,36.6462287903,6.66397714615,5.20397949219,-2.76354241371,-25.3183307648,-10.675453186,-1.49327516556,1.99122595787],[605.847290039,-88.01612854,339.585266113,123.31526947,100.809318542,111.002937317,50.9398040771,47.1044273376,51.2624588013,28.4580688477,48.3839225769,43.739906311,33.2745933533],[863.530212402,86.7249450684,123.31526947,359.620574951,124.848205566,162.418548584,95.3516235352,55.218170166,62.9395561218,49.4903373718,43.5343170166,56.6660881042,52.7089271545],[350.012817383,1.22537529469,100.809318542,124.848205566,173.255279541,91.0157394409,43.1003723145,28.2449474335,42.624786377,38.6077232361,32.7957611084,19.6184902191,12.2087030411],[592.443908691,36.6462287903,111.002937317,162.418548584,91.0157394409,220.900054932,106.041534424,63.569278717,61.0583648682,34.1694641113,41.5543136597,39.9130439758,27.7064819336],[384.723754883,6.66397714615,50.9398040771,95.3516235352,43.1003723145,106.041534424,169.919998169,92.1639556885,55.594669342,25.0734272003,32.8451805115,23.0709209442,12.93446064],[409.153991699,5.20397949219,47.1044273376,55.218170166,28.2449474335,63.569278717,92.1639556885,129.800643921,55.6222305298,25.9260177612,33.2828063965,8.88181400299,-1.79678225517],[261.763275146,-2.76354241371,51.2624588013,62.9395561218,42.624786377,61.0583648682,55.594669342,55.6222305298,95.0727767944,41.8181152344,29.1880340576,8.42058467865,2.00863933563],[310.036987305,-25.3183307648,28.4580688477,49.4903373718,38.6077232361,34.1694641113,25.0734272003,25.9260177612,41.8181152344,89.7222976685,43.64793396,5.37811517715,0.0744248479605],[351.750915527,-10.675453186,48.3839225769,43.5343170166,32.7957611084,41.5543136597,32.8451805115,33.2828063965,29.1880340576,43.64793396,90.038482666,18.9509849548,2.32337784767],[129.455810547,-1.49327516556,43.739906311,56.6660881042,19.6184902191,39.9130439758,23.0709209442,8.88181400299,8.42058467865,5.37811517715,18.9509849548,76.0633468628,36.4688987732],[-1.83133471012,1.99122595787,33.2745933533,52.7089271545,12.2087030411,27.7064819336,12.93446064,-1.79678225517,2.00863933563,0.0744248479605,2.32337784767,36.4688987732,84.8142852783]],"icov":[[0.00020161725115,0.000109405627882,-0.000120857628644,-0.000412950932514,0.000137384136906,-0.000196223933017,0.000103855476482,-0.000384033977753,0.000213599865674,-0.000241663714405,-0.000335004733643,0.0000446683043265,0.000311308394885],[0.000109405627882,0.00183687102981,0.00067210115958,-0.000934822834097,0.000133595443913,-0.000513709965162,0.000414277979871,-0.000424437253969,0.0000487405741296,0.000717819260899,-0.000341615639627,0.000220355505007,0.000265752227278],[-0.000120857628644,0.00067210115958,0.00450114253908,-0.000195716507733,-0.00153193809092,-0.0010006170487,0.000759552058298,-0.000464977580123,-0.000933101633564,0.00119097006973,-0.000937402190175,-0.000824293703772,-0.000839787418954],[-0.000412950932514,-0.000934822834097,-0.000195716507733,0.00628565810621,-0.00222932989709,-0.00145801040344,-0.000997464987449,0.000926050764974,-0.000777982000727,-0.000782802235335,0.00105738989078,-0.00138970953412,-0.0022598572541],[0.000137384136906,0.000133595443913,-0.00153193809092,-0.00222932989709,0.00928491260856,-0.00175215816125,0.000346148764947,0.000420628522988,-0.00070842896821,-0.00169718428515,-0.000563931942452,0.000552896875888,0.000974242575467],[-0.000196223933017,-0.000513709965162,-0.0010006170487,-0.00145801040344,-0.00175215816125,0.00971657596529,-0.00363205140457,0.000572937948164,-0.00168037111871,0.000525559356902,-0.000233152677538,-0.001181986765,-0.000495435844641],[0.000103855476482,0.000414277979871,0.000759552058298,-0.000997464987449,0.000346148764947,-0.00363205140457,0.0122405728325,-0.00662628794089,-0.00118447327986,0.000646846427117,-0.000533910526428,-0.000654887757264,-0.000232325503021],[-0.000384033977753,-0.000424437253969,-0.000464977580123,0.000926050764974,0.000420628522988,0.000572937948164,-0.00662628794089,0.0153173748404,-0.00496720755473,0.000793029728811,-0.00131966383196,0.00056740938453,0.000605019158684],[0.000213599865674,0.0000487405741296,-0.000933101633564,-0.000777982000727,-0.00070842896821,-0.00168037111871,-0.00118447327986,-0.00496720755473,0.0184681992978,-0.00598482554778,0.0000939119781833,0.000710177409928,0.000839279440697],[-0.000241663714405,0.000717819260899,0.00119097006973,-0.000782802235335,-0.00169718428515,0.000525559356902,0.000646846427117,0.000793029728811,-0.00598482554778,0.0182653646916,-0.00657529244199,0.00134198414162,-0.000283263769234],[-0.000335004733643,-0.000341615639627,-0.000937402190175,0.00105738989078,-0.000563931942452,-0.000233152677538,-0.000533910526428,-0.00131966383196,0.0000939119781833,-0.00657529244199,0.0172048863024,-0.00336576835252,0.000901700404938],[0.0000446683043265,0.000220355505007,-0.000824293703772,-0.00138970953412,0.000552896875888,-0.001181986765,-0.000654887757264,0.00056740938453,0.000710177409928,0.00134198414162,-0.00336576835252,0.0189664028585,-0.00647980906069],[0.000311308394885,0.000265752227278,-0.000839787418954,-0.0022598572541,0.000974242575467,-0.000495435844641,-0.000232325503021,0.000605019158684,0.000839279440697,-0.000283263769234,0.000901700404938,-0.00647980906069,0.0163365826011]],"mean":[-594.12878418,101.071014404,-13.4180707932,15.1636800766,2.37344813347,12.0221385956,-7.45763349533,3.07776141167,4.65653896332,7.56440258026,0.485244572163,-0.71311801672,-6.22454357147]},"pitch_salience":{"dmean":0.0726093053818,"dmean2":0.121457107365,"dvar":0.00406016921625,"dvar2":0.010997036472,"max":0.990980386734,"mean":0.587493002415,"median":0.595039129257,"min":0.109126977623,"var":0.00848480779678},"silence_rate_20dB":{"dmean":0,"dmean2":0,"dvar":0,"dvar2":0,"max":1,"mean":1,"median":1,"min":1,"var":0},"silence_rate_30dB":{"dmean":0,"dmean2":0,"dvar":0,"dvar2":0,"max":1,"mean":1,"median":1,"min":1,"var":0},"silence_rate_60dB":{"dmean":0.00205034739338,"dmean2":0.00410116184503,"dvar":0.00204576784745,"dvar2":0.00453854119405,"max":1,"mean":0.0547835975885,"median":0,"min":0,"var":0.0517723746598},"spectral_centroid":{"dmean":243.741195679,"dmean2":392.517578125,"dvar":67012.5546875,"dvar2":156670.078125,"max":11639.0273438,"mean":1779.64147949,"median":1767.7097168,"min":163.950119019,"var":495668.125},"spectral_complexity":{"dmean":3.72912621498,"dmean2":6.01275920868,"dvar":10.7333173752,"dvar2":26.758272171,"max":55,"mean":30.6731204987,"median":32,"min":0,"var":100.355026245},"spectral_contrast_coeffs":{"dmean":[0.0563924498856,0.0479468517005,0.0421417057514,0.0310269910842,0.0217973273247,0.0188688747585],"dmean2":[0.0934045314789,0.0792653784156,0.068552993238,0.0507345087826,0.0354858264327,0.0299936365336],"dvar":[0.00235902424902,0.00155160541181,0.0012007157784,0.000588570372202,0.000346309156157,0.000299789273413],"dvar2":[0.00623255548999,0.00414321571589,0.00314761255868,0.00155842106324,0.000864850124344,0.00071139598731],"max":[-0.371250748634,-0.490181267262,-0.490744531155,-0.535902440548,-0.562962114811,-0.572778344154],"mean":[-0.659785151482,-0.758414149284,-0.738723516464,-0.755862116814,-0.782462775707,-0.727918982506],"median":[-0.666962862015,-0.763565897942,-0.745270967484,-0.75900053978,-0.786530852318,-0.727557599545],"min":[-0.985775768757,-0.99870711565,-0.999542176723,-0.991083502769,-0.975887954235,-0.963795602322],"var":[0.00534798763692,0.00378064950928,0.00421300623566,0.00210313452408,0.00141260353848,0.00171364808921]},"spectral_contrast_valleys":{"dmean":[0.370152622461,0.355193346739,0.27750352025,0.232222557068,0.216296970844,0.27161309123],"dmean2":[0.61789226532,0.582168221474,0.455330222845,0.376545518637,0.343440413475,0.401453197002],"dvar":[0.118543952703,0.115442320704,0.0761731415987,0.0660022422671,0.0789351686835,0.13008891046],"dvar2":[0.274859398603,0.256374061108,0.155683606863,0.123649470508,0.151874482632,0.272303283215],"max":[-5.49822664261,-4.70188856125,-5.15460920334,-5.42461538315,-5.73050689697,-7.53115272522],"mean":[-7.26635408401,-6.56561136246,-6.97830820084,-6.97705078125,-7.13289499283,-9.78241157532],"median":[-6.85144805908,-6.34879732132,-6.76633358002,-6.71106338501,-6.76159763336,-9.31803321838],"min":[-27.9415073395,-27.7874889374,-27.8009777069,-27.533624649,-27.4332332611,-27.3895664215],"var":[3.47737526894,2.2738699913,2.16407752037,2.26591181755,2.64823698997,2.89547204971]},"spectral_decrease":{"dmean":2.1950932183e-9,"dmean2":3.52729778719e-9,"dvar":5.06365022624e-18,"dvar2":1.28925495238e-17,"max":1.33417232079e-28,"mean":-7.54185602858e-9,"median":-7.42226058392e-9,"min":-2.07035153466e-8,"var":1.22496854313e-17},"spectral_energy":{"dmean":0.00863206386566,"dmean2":0.0138126052916,"dvar":0.0000765541408327,"dvar2":0.000193970699911,"max":0.0851570442319,"mean":0.0316239930689,"median":0.0313255563378,"min":1.01203900047e-20,"var":0.000203792005777},"spectral_energyband_high":{"dmean":0.000542113964912,"dmean2":0.000859097228386,"dvar":6.39425991267e-7,"dvar2":0.00000146020829561,"max":0.0141149135306,"mean":0.00170374801382,"median":0.00149353640154,"min":7.15069609115e-21,"var":0.00000187212617675},"spectral_energyband_low":{"dmean":0.00467817811295,"dmean2":0.00770831061527,"dvar":0.0000478599831695,"dvar2":0.000124816870084,"max":0.0688816383481,"mean":0.00797895248979,"median":0.00565186375752,"min":1.6249278781e-23,"var":0.0000607566835242},"spectral_energyband_middle_high":{"dmean":0.00285088387318,"dmean2":0.00437868991867,"dvar":0.0000115511556942,"dvar2":0.0000265191756625,"max":0.0625285208225,"mean":0.0104046165943,"median":0.00879357010126,"min":1.16971083336e-21,"var":0.000048125959438},"spectral_energyband_middle_low":{"dmean":0.00558550423011,"dmean2":0.0091906003654,"dvar":0.0000527639167558,"dvar2":0.000137655122671,"max":0.0671848505735,"mean":0.0124418884516,"median":0.0100570674986,"min":1.93602596769e-22,"var":0.000087946500571},"spectral_entropy":{"dmean":0.114027768373,"dmean2":0.179432421923,"dvar":0.0146915130317,"dvar2":0.0351738072932,"max":9.82087516785,"mean":7.84313344955,"median":7.90810585022,"min":5.9647154808,"var":0.135306924582},"spectral_flux":{"dmean":0.0230360012501,"dmean2":0.035659622401,"dvar":0.000483676762087,"dvar2":0.00106158712879,"max":0.256153672934,"mean":0.100038073957,"median":0.0998352766037,"min":6.38730318636e-11,"var":0.00176145252772},"spectral_kurtosis":{"dmean":1.21613383293,"dmean2":2.04963850975,"dvar":5.26207780838,"dvar2":16.9158649445,"max":55.8993835449,"mean":3.86601781845,"median":3.12143063545,"min":-1.24009406567,"var":14.6670227051},"spectral_rms":{"dmean":0.000726844882593,"dmean2":0.00114635308273,"dvar":4.59614540205e-7,"dvar2":0.00000115094462672,"max":0.00911482516676,"mean":0.0053275572136,"median":0.00552824744955,"min":3.14222064167e-12,"var":0.00000246990839514},"spectral_rolloff":{"dmean":523.527893066,"dmean2":867.497009277,"dvar":532541.9375,"dvar2":1218781.75,"max":19315.2832031,"mean":2135.68237305,"median":1959.52148438,"min":86.1328125,"var":2060700.125},"spectral_skewness":{"dmean":0.170850411057,"dmean2":0.281390339136,"dvar":0.0411820933223,"dvar2":0.122782044113,"max":5.35313558578,"mean":1.39321911335,"median":1.3417327404,"min":-0.0758637711406,"var":0.181783974171},"spectral_spread":{"dmean":419205.78125,"dmean2":609992.5,"dvar":397707313152,"dvar2":637387866112,"max":41771796,"mean":4568005,"median":4423754.5,"min":1161703,"var":5441427865600},"spectral_strongpeak":{"dmean":0.809870183468,"dmean2":1.39243924618,"dvar":1.24332797527,"dvar2":3.1356959343,"max":11.2325363159,"mean":1.15026509762,"median":0.477806687355,"min":0,"var":1.88058423996},"zerocrossingrate":{"dmean":0.00957184750587,"dmean2":0.0121133578941,"dvar":0.0000969385946519,"dvar2":0.000136900358484,"max":0.5146484375,"mean":0.0789191499352,"median":0.07568359375,"min":0.00341796875,"var":0.00129754282534}},"metadata":{"audio_properties":{"analysis_sample_rate":44100,"bit_rate":0,"codec":"flac","downmix":"mix","equal_loudness":0,"length":203.839996338,"lossless":true,"md5_encoded":"3ae0cea971c42090df132efda5ad9575","replay_gain":-16.8263702393},"tags":{"album":["The Meanest of Times"],"albumartist":["Dropkick Murphys"],"albumartistsort":["Dropkick Murphys"],"artist":["Dropkick Murphys"],"artistsort":["Dropkick Murphys"],"date":["2008-03-11"],"discnumber":["1"],"disctotal":["1"],"file_name":"13 - Rude Awakenings.flac","musicbrainz_albumartistid":["e8374874-4178-4869-b92e-fef6bf30dc04"],"musicbrainz_albumid":["d368cd8d-f91c-4ffc-b4d4-5fb47213c8ac"],"musicbrainz_artistid":["e8374874-4178-4869-b92e-fef6bf30dc04"],"musicbrainz_recordingid":["d8c234ec-057d-4376-b84f-dbb834771afb"],"musicbrainz_releasegroupid":["087098c4-552c-3503-a3fc-874e68e70754"],"releasecountry":["US"],"releasetype":["album"],"replaygain_album_gain":["-11.48 dB"],"replaygain_album_peak":["1.00000000"],"replaygain_reference_loudness":["89.0 dB"],"replaygain_track_gain":["-11.49 dB"],"replaygain_track_peak":["0.97344971"],"title":["Rude Awakenings"],"totaldiscs":["1"],"totaltracks":["20"],"tracknumber":["13"],"tracktotal":["20"]},"version":{"essentia":"2.1-beta1","essentia_build_sha":"0a826ad6289770054bb7564d59068f1232327ff9","essentia_git_sha":"v2.1_beta1-5-gf9dded9","extractor":"music 1.0"}},"rhythm":{"beats_count":507,"beats_loudness":{"dmean":0.0124649442732,"dmean2":0.0215477645397,"dvar":0.000101966172224,"dvar2":0.000292158598313,"max":0.0784890428185,"mean":0.038378469646,"median":0.0384098365903,"min":1.17891407747e-9,"var":0.000201448172447},"beats_loudness_band_ratio":{"dmean":[0.190625533462,0.0936760604382,0.112521395087,0.106905922294,0.0842659026384,0.0340666361153],"dmean2":[0.327773869038,0.164159104228,0.19230492413,0.187340408564,0.145125180483,0.060385260731],"dvar":[0.0216956473887,0.0105012850836,0.0106655303389,0.00978433620185,0.0073567153886,0.00153587490786],"dvar2":