{"lowlevel":{"average_loudness":0.691143512726,"barkbands":{"dmean":[0.00113001151476,0.00472403597087,0.00243345857598,0.00155542744324,0.00229789223522,0.000689748092555,0.000418169511249,0.00040322492714,0.000531496305484,0.000491067476105,0.00035884702811,0.000206437427551,0.000286711205263,0.000374230847228,0.000229545155889,0.000223680588533,0.000216323271161,0.000148081497173,0.000186253470019,0.000108795589767,0.0000913626718102,0.0000737254304113,0.0000498332192365,0.0000354296753358,0.000022132320737,0.00000600292014497,0.00000209976769838],"dmean2":[0.00177282677032,0.0073618972674,0.00411660736427,0.00269533018582,0.0037006654311,0.00109197536949,0.00066308391979,0.000636004260741,0.000831411569379,0.000800002831966,0.000569402007386,0.000345220294548,0.000482371833641,0.000640578917228,0.000388891348848,0.00037959459587,0.000367787113646,0.000252569559962,0.000314395874739,0.000182616393431,0.00014703211491,0.000112952926429,0.0000750513936509,0.0000510478748765,0.0000311449839501,0.00000883412212715,0.00000341543022842],"dvar":[0.0000197995268536,0.000215675871004,0.0000372426511603,0.0000155174930114,0.0000549643336853,0.00000191311551134,6.34631248886e-7,9.49979380493e-7,0.00000101822058696,9.7927375009e-7,6.42470240564e-7,1.37098496111e-7,4.30501216897e-7,5.96145753207e-7,2.66835996854e-7,1.93554924977e-7,1.36193136768e-7,5.2037073317e-8,9.9992142566e-8,2.94467472628e-8,2.54850878179e-8,2.03821652889e-8,1.14393534645e-8,1.49930095006e-8,8.88876794392e-9,2.71883293657e-10,5.47549852681e-11],"dvar2":[0.0000447121747129,0.000491635524668,0.000105351951788,0.0000455612098449,0.000136282877065,0.00000486524277221,0.00000156091493864,0.00000213348516809,0.00000248267360803,0.00000249231834459,0.00000151456561071,3.68610614032e-7,0.00000118527134418,0.00000165611675129,7.26487087377e-7,5.3128565014e-7,3.87598930729e-7,1.48579971437e-7,2.71915411076e-7,8.35549158751e-8,6.43145767754e-8,4.83438853394e-8,2.47568063827e-8,3.24903979276e-8,1.56366226634e-8,5.53316448215e-10,1.38963965335e-10],"max":[0.0439665988088,0.15247361362,0.0767873972654,0.0760457515717,0.101193800569,0.0230134371668,0.0141696166247,0.0246412120759,0.0136615671217,0.0129427667707,0.0163143333048,0.00684873294085,0.0133238611743,0.0101230219007,0.00879964884371,0.00703684799373,0.00596336182207,0.00380671094172,0.0045825582929,0.00270694307983,0.0026281401515,0.00273431092501,0.00184851011727,0.00555344810709,0.00447564292699,0.000332687312039,0.000152596141561],"mean":[0.00102121662349,0.00627183634788,0.00446084421128,0.00223757373169,0.00323503487743,0.00136918167118,0.000821184366941,0.000710495223757,0.000970161345322,0.000804892508313,0.000607896363363,0.00037423428148,0.000491989078,0.000665008963551,0.00043516617734,0.000464881624794,0.000510269543156,0.00038484093966,0.000525316339917,0.000333372037858,0.000286970403977,0.000223643306526,0.000153921006131,0.000109021333628,0.0000631974835414,0.0000185477001651,0.00000603791795584],"median":[0.0000112583766168,0.00108619267121,0.00161415548064,0.000685511156917,0.00107841438148,0.000584633671679,0.000362785183825,0.000266775052296,0.000390645873267,0.00026559914113,0.000234472026932,0.000201954302611,0.000241874920903,0.000267568713753,0.000257890555076,0.000306398636894,0.000376605719794,0.000321163854096,0.000414065492805,0.000287880917313,0.000170719606103,0.0000909179725568,0.0000448477367172,0.0000309132992697,0.0000181230079761,0.00000752245114199,0.00000285250234811],"min":[2.47705953e-23,2.05182626785e-23,2.91753705582e-23,2.314415344e-23,7.36399572431e-23,6.42165972117e-23,4.94139788903e-23,2.11834917249e-23,2.33423089885e-23,7.04699228509e-23,5.64849904123e-23,8.73522593529e-23,4.97323599962e-23,2.57553543493e-22,1.17933380044e-22,1.44565829075e-22,1.8447970439e-22,1.20267158768e-22,1.39653308229e-22,3.6701764975e-22,4.84605003847e-22,4.31109430234e-22,6.45093087837e-22,8.80216602113e-22,1.2797005103e-21,1.70774002206e-21,2.2649612752e-21],"var":[0.0000202250339498,0.000249763863394,0.0000490097481816,0.0000166677891684,0.0000583570472372,0.00000436547998106,0.00000165389769791,0.00000204049661079,0.00000241979046223,0.00000197967710847,0.00000135612128815,2.93019979836e-7,7.21014998817e-7,0.00000114126873996,5.23365770277e-7,4.57271397636e-7,3.96236004008e-7,1.8805097568e-7,4.11014383417e-7,1.38963230256e-7,1.52558826017e-7,1.17592747984e-7,7.17631891689e-8,4.28055280111e-8,1.980287756e-8,9.17126541378e-10,9.40672609251e-11]},"barkbands_crest":{"dmean":2.05092048645,"dmean2":3.21840047836,"dvar":4.91565084457,"dvar2":11.4518880844,"max":26.7572822571,"mean":10.4221506119,"median":9.19233608246,"min":2.87519812584,"var":25.9995441437},"barkbands_flatness_db":{"dmean":0.0169836618006,"dmean2":0.0257534068078,"dvar":0.000398194330046,"dvar2":0.000782241171692,"max":0.431223392487,"mean":0.16017870605,"median":0.111997872591,"min":0.022817781195,"var":0.0106718260795},"barkbands_kurtosis":{"dmean":3.47701358795,"dmean2":5.47345161438,"dvar":127.382720947,"dvar2":296.193603516,"max":619.797180176,"mean":7.42938184738,"median":1.70961236954,"min":-1.8849811554,"var":572.590942383},"barkbands_skewness":{"dmean":0.504611968994,"dmean2":0.76460391283,"dvar":0.499580353498,"dvar2":1.05732190609,"max":22.6426086426,"mean":1.71963906288,"median":1.35576605797,"min":-5.70197200775,"var":2.43886399269},"barkbands_spread":{"dmean":4.01818466187,"dmean2":6.15557003021,"dvar":32.5555686951,"dvar2":66.4154815674,"max":92.7314147949,"mean":21.2823848724,"median":21.7144527435,"min":0.251850903034,"var":243.326187134},"dissonance":{"dmean":0.0189028438181,"dmean2":0.0311318542808,"dvar":0.000499385350849,"dvar2":0.00136136123911,"max":0.5,"mean":0.447773575783,"median":0.472539484501,"min":0.194444447756,"var":0.00304934172891},"dynamic_complexity":10.4664459229,"erbbands":{"dmean":[0.198960453272,0.906863152981,2.39297103882,4.08997011185,8.35658836365,6.46704053879,5.16327667236,5.64323091507,5.63533830643,7.44188594818,9.85851478577,12.3723049164,16.5805339813,11.4875640869,11.502491951,9.20678520203,12.5475254059,19.3674201965,11.2832117081,11.3225736618,12.8188228607,10.4466257095,8.65191936493,7.72140312195,9.23852825165,4.75015640259,4.60286283493,3.17073917389,2.91722941399,1.86170434952,1.51228272915,0.774349927902,0.613975048065,0.337462246418,0.120023176074,0.0343422032893,0.0101705882698,0.00298788119107,0.00040441020974,0.000022082203941],"dmean2":[0.31550475955,1.5733230114,4.0843129158,6.94795894623,13.7143630981,10.5706834793,8.20007991791,8.98157024384,9.12584209442,11.4188699722,15.5788497925,19.0294342041,26.8569736481,18.4365234375,18.4928245544,15.365480423,21.2989292145,32.8609619141,19.140045166,19.0431098938,22.0710144043,17.8288097382,14.6230745316,13.0807495117,15.7238063812,7.98291301727,7.61807537079,4.98045349121,4.61540126801,2.86637830734,2.29495406151,1.12355470657,0.907072484493,0.480638295412,0.178756266832,0.0505850054324,0.0150035368279,0.00489040650427,0.000657062162645,0.0000345800253854],"dvar":[0.576992928982,7.49025726318,38.8001708984,107.822463989,846.198608398,307.76852417,125.2057724,141.275726318,124.489517212,205.557479858,701.795532227,612.79309082,1194.07556152,662.136230469,577.381225586,292.555419922,871.805603027,1670.78259277,629.355529785,650.897277832,716.405517578,333.216247559,180.890075684,161.279541016,252.23739624,54.0708961487,66.7199783325,35.7301864624,31.5674877167,14.8202438354,10.7407073975,3.1237039566,7.3435125351,2.82752251625,0.191535681486,0.00865795649588,0.000888397102244,0.000122088138596,0.00000181434268143,3.3812230793e-9],"dvar2":[1.22812700272,20.593957901,112.830116272,305.111022949,2150.01367188,799.344543457,279.267700195,355.012481689,329.209228516,447.431884766,1596.44970703,1488.83508301,3065.7956543,1621.97509766,1435.66174316,815.397277832,2384.59521484,4591.65527344,1727.07861328,1867.48034668,2004.88354492,917.469116211,507.322906494,433.064453125,702.389953613,150.903839111,178.099853516,87.2169952393,76.6295318604,33.1717643738,24.2605381012,6.1571097374,16.5051746368,5.44075155258,0.375051885843,0.0166870076209,0.0018841981655,0.000309149821987,0.00000454341443401,7.90524090633e-9],"max":[7.60114860535,37.3333282471,76.9868392944,167.362579346,371.557983398,276.098724365,392.274475098,184.393249512,176.817047119,388.53994751,751.396240234,386.053649902,494.330688477,518.048400879,542.266601562,332.462554932,651.20098877,569.291625977,545.648620605,487.430358887,487.410003662,361.384246826,228.669311523,222.191345215,251.957138062,113.253967285,133.967544556,148.587921143,98.1603775024,66.3694381714,63.814163208,35.8805389404,129.587814331,85.8181838989,14.4595327377,2.67181396484,0.553941726685,0.242196023464,0.0228323079646,0.00094951200299],"mean":[0.213946834207,1.29302346706,4.40768766403,7.25918197632,10.654053688,9.70632457733,9.39095401764,11.0722398758,10.5770683289,14.6643533707,17.9895019531,23.1539916992,27.5531997681,21.6516075134,21.4418849945,17.9076423645,23.0964393616,35.4886131287,23.6441726685,23.0187416077,28.4694385529,26.8193645477,23.5414028168,22.3529033661,25.3965015411,15.2972307205,14.0353164673,9.86256504059,8.66809844971,5.57091903687,4.34140491486,2.47557020187,1.73622393608,0.911554455757,0.352168262005,0.107711575925,0.0287451446056,0.00763572473079,0.00117295829114,0.0000723440607544],"median":[0.019733550027,0.355738222599,2.13569760323,3.1593735218,2.9972884655,3.29944515228,4.11342334747,4.86015510559,5.32988214493,6.31810092926,8.27136135101,10.0919733047,10.1548748016,10.2298555374,11.231803894,10.2460536957,12.2706537247,15.1547517776,15.8153333664,15.8557043076,20.1196022034,21.0329627991,20.0141925812,19.1232318878,19.3774929047,13.7029256821,9.72098827362,5.33530378342,3.49853467941,2.09111070633,1.22122836113,0.722458422184,0.476731389761,0.246737807989,0.103614330292,0.0406378954649,0.011990705505,0.00311383185908,0.000567819515709,0.0000563725770917],"min":[5.38581315606e-22,5.40105561483e-21,2.96591844797e-20,4.76031715026e-20,1.53363615341e-19,3.37129788807e-19,1.63011694909e-19,6.44812568193e-19,1.10085517937e-18,3.19759797275e-19,5.53837796858e-19,5.04998313457e-19,2.11972455913e-18,1.77688032231e-18,3.33578118241e-18,2.40305356447e-18,2.40877103686e-18,9.50119173041e-18,9.51584937086e-18,6.71897594394e-18,1.14907811336e-17,9.3183608268e-18,5.20855241723e-18,8.22976963398e-18,8.93438027773e-18,1.51807544369e-17,1.46118526988e-17,2.25556916376e-17,1.52680087566e-17,1.73809340979e-17,1.74172787597e-17,1.92480743007e-17,1.46819827255e-17,1.12654819502e-17,1.1089366926e-17,5.79129660928e-18,3.01472798485e-18,1.44101748985e-18,2.69679051816e-19,3.48654463304e-20],"var":[0.621802389622,7.08409166336,44.8603782654,138.89074707,824.657470703,367.647399902,315.472930908,302.135772705,247.831985474,629.972595215,1366.23742676,1482.82507324,2434.40551758,1360.06811523,1252.15710449,636.149963379,1532.48583984,3220.99975586,1379.30187988,1236.15014648,1715.83093262,1041.15454102,700.084472656,668.704833984,987.28729248,281.60559082,319.663482666,204.113220215,173.624664307,80.1798706055,59.8982582092,19.8085479736,13.3681240082,5.1307849884,0.479422152042,0.0324114114046,0.00240915920585,0.000181278534001,0.00000342001180798,8.28723933921e-9]},"erbbands_crest":{"dmean":2.04670119286,"dmean2":3.33215308189,"dvar":4.69081020355,"dvar2":11.4471263885,"max":30.9680252075,"mean":9.11350536346,"median":7.40467739105,"min":2.36097168922,"var":29.4557819366},"erbbands_flatness_db":{"dmean":0.0117457918823,"dmean2":0.0177143123001,"dvar":0.000191313913092,"dvar2":0.000396850751713,"max":0.425124585629,"mean":0.178344875574,"median":0.133166015148,"min":0.0677476003766,"var":0.00709778396413},"erbbands_kurtosis":{"dmean":1.05974447727,"dmean2":1.65778851509,"dvar":5.89989614487,"dvar2":13.3011140823,"max":74.0662536621,"mean":1.95422804356,"median":-0.132055997849,"min":-1.80616879463,"var":37.5566635132},"erbbands_skewness":{"dmean":0.308190405369,"dmean2":0.467536062002,"dvar":0.15462616086,"dvar2":0.306266963482,"max":7.88739109039,"mean":0.472533911467,"median":0.104739777744,"min":-4.40110445023,"var":1.27818667889},"erbbands_spread":{"dmean":6.20826339722,"dmean2":9.77524375916,"dvar":66.0993728638,"dvar2":151.073989868,"max":122.496520996,"mean":34.7007217407,"median":36.5842094421,"min":1.42755711079,"var":308.960113525},"gfcc":{"cov":[[52545.40625,-7434.41064453,-1564.49230957,3041.79101562,2580.81469727,2894.72949219,671.521850586,3402.66357422,-43.1066169739,701.068847656,-1001.94763184,147.592163086,-830.494262695],[-7434.41064453,2158.18774414,302.629943848,-635.264587402,-151.488174438,-495.097045898,73.1591262817,-633.347290039,61.2537994385,-144.152313232,203.086242676,-75.2403030396,66.1754074097],[-1564.49230957,302.629943848,665.444213867,-128.803085327,169.282440186,-26.9795627594,-77.2217254639,32.163936615,3.15616726875,59.2438545227,72.5789489746,65.8081817627,-92.3047943115],[3041.79101562,-635.264587402,-128.803085327,573.717651367,124.337341309,189.609130859,18.6988201141,186.991439819,28.1603145599,-3.28278779984,-100.637077332,-23.2503414154,-19.7018280029],[2580.81469727,-151.488174438,169.282440186,124.337341309,548.206359863,173.704391479,66.1290283203,301.165618896,0.37509149313,81.2653961182,-38.495552063,46.0365524292,-143.599060059],[2894.72949219,-495.097045898,-26.9795627594,189.609130859,173.704391479,395.989562988,132.266357422,238.790771484,-15.7560663223,44.9863166809,-78.1545944214,2.27496814728,-94.8779525757],[671.521850586,73.1591262817,-77.2217254639,18.6988201141,66.1290283203,132.266357422,211.274520874,41.3002891541,-3.13598442078,-6.46354627609,-7.53077745438,-12.019744873,-40.3270835876],[3402.66357422,-633.347290039,32.163936615,186.991439819,301.165618896,238.790771484,41.3002891541,433.552886963,19.7913208008,109.169898987,-64.8587646484,45.1192779541,-109.499290466],[-43.1066169739,61.2537994385,3.15616726875,28.1603145599,0.37509149313,-15.7560663223,-3.13598442078,19.7913208008,102.702644348,23.5077533722,3.14000058174,-11.1130523682,-0.58333337307],[701.068847656,-144.152313232,59.2438545227,-3.28278779984,81.2653961182,44.9863166809,-6.46354627609,109.169898987,23.5077533722,110.829299927,20.2905292511,20.9937725067,-32.2782936096],[-1001.94763184,203.086242676,72.5789489746,-100.637077332,-38.495552063,-78.1545944214,-7.53077745438,-64.8587646484,3.14000058174,20.2905292511,104.402610779,30.8545341492,8.08895587921],[147.592163086,-75.2403030396,65.8081817627,-23.2503414154,46.0365524292,2.27496814728,-12.019744873,45.1192779541,-11.1130523682,20.9937725067,30.8545341492,90.4225006104,3.01650977135],[-830.494262695,66.1754074097,-92.3047943115,-19.7018280029,-143.599060059,-94.8779525757,-40.3270835876,-109.499290466,-0.58333337307,-32.2782936096,8.08895587921,3.01650977135,125.534217834]],"icov":[[0.0000739058668842,0.0000981966586551,0.00017104044673,-0.0000962898848229,-0.000188993275515,-0.0001525668049,-0.00000308639118884,-0.000150953055709,0.0000153090422828,-0.0000759625909268,0.0000410321699746,-0.00000973533678916,0.0000617935802438],[0.0000981966586551,0.00319518730976,-0.00100879685488,0.00179036043119,-0.00240963068791,0.00150680844672,-0.00274751824327,0.00309165380895,-0.00294533302076,0.00235902774148,-0.00202460354194,0.0027765436098,-0.000642287370283],[0.00017104044673,-0.00100879685488,0.00326250866055,-0.000616393110249,-0.000315012031933,-0.00138469552621,0.00246955780312,-0.000954616465606,0.000872950360645,-0.00136766303331,-0.0000881857340573,-0.0022712086793,0.002231920138],[-0.0000962898848229,0.00179036043119,-0.000616393110249,0.0040012137033,-0.0015485418262,0.000132864108309,-0.000888293725438,0.00147967110388,-0.00285840663128,0.00287140649743,-0.00080054171849,0.00235329777934,-0.00135166326072],[-0.000188993275515,-0.00240963068791,-0.000315012031933,-0.0015485418262,0.00589877041057,0.00000499580073665,0.000738657836337,-0.0037479151506,0.0025979259517,-0.00207048398443,0.00252345460467,-0.00305013731122,0.00265515176579],[-0.0001525668049,0.00150680844672,-0.00138469552621,0.000132864108309,0.00000499580073665,0.0075304848142,-0.00494892336428,0.000328869500663,0.0000564231850149,-0.000102998877992,0.00182624650188,0.000890849973075,0.001427996438],[-0.00000308639118884,-0.00274751824327,0.00246955780312,-0.000888293725438,0.000738657836337,-0.00494892336428,0.0101788109168,-0.00214376626536,0.00165161711629,-0.0000984256548691,-0.000966067251284,-0.00163666869048,0.00169285782613],[-0.000150953055709,0.00309165380895,-0.000954616465606,0.00147967110388,-0.0037479151506,0.000328869500663,-0.00214376626536,0.0112788034603,-0.00411328533664,-0.00184451555833,0.000871988071594,-0.000542900816072,0.00147609889973],[0.0000153090422828,-0.00294533302076,0.000872950360645,-0.00285840663128,0.0025979259517,0.0000564231850149,0.00165161711629,-0.00411328533664,0.0142236771062,-0.00539976032451,0.00182790320832,-0.000532691890839,0.000376977695851],[-0.0000759625909268,0.00235902774148,-0.00136766303331,0.00287140649743,-0.00207048398443,-0.000102998877992,-0.0000984256548691,-0.00184451555833,-0.00539976032451,0.0183006692678,-0.00796092487872,0.00363130145706,-0.00128167471848],[0.0000410321699746,-0.00202460354194,-0.0000881857340573,-0.00080054171849,0.00252345460467,0.00182624650188,-0.000966067251284,0.000871988071594,0.00182790320832,-0.00796092487872,0.0197763741016,-0.00855479389429,0.00275813322514],[-0.00000973533678916,0.0027765436098,-0.0022712086793,0.00235329777934,-0.00305013731122,0.000890849973075,-0.00163666869048,-0.000542900816072,-0.000532691890839,0.00363130145706,-0.00855479389429,0.0194256398827,-0.00562814017758],[0.0000617935802438,-0.000642287370283,0.002231920138,-0.00135166326072,0.00265515176579,0.001427996438,0.00169285782613,0.00147609889973,0.000376977695851,-0.00128167471848,0.00275813322514,-0.00562814017758,0.0157199259847]],"mean":[-112.559753418,106.605079651,-114.394584656,29.6451053619,-61.2466659546,0.945501804352,-32.8543281555,-5.79026317596,-22.4912071228,-3.62343335152,-14.4000530243,-5.43768882751,-9.5466299057]},"hfc":{"dmean":3.38768196106,"dmean2":5.17629671097,"dvar":33.4321289062,"dvar2":71.1001052856,"max":126.475143433,"mean":20.3741207123,"median":20.2402114868,"min":1.1591247513e-16,"var":448.090942383},"melbands":{"dmean":[0.00148699432611,0.00116541027091,0.000795301806647,0.000565118214581,0.000184046468348,0.000127426130348,0.0000833929152577,0.0000782691640779,0.0000881903615664,0.0000737763621146,0.0000828690317576,0.0000465365774289,0.0000502960101585,0.000024074997782,0.0000271004628303,0.0000260234992311,0.0000404063248425,0.0000198523775907,0.0000155445977725,0.0000140805559568,0.0000184784603334,0.0000123979625641,0.000010858623682,0.00000799279769126,0.00000707257231625,0.00000890002411325,0.00000491654827783,0.00000341460008713,0.00000347091940966,0.00000254855422099,0.0000019071345605,0.00000188612875718,0.00000153814244186,0.00000107629387003,0.00000104516448118,6.80583866597e-7,4.77689127365e-7,4.63662189532e-7,4.35866326143e-7,2.65765407903e-7],"dmean2":[0.00233382359147,0.00202042981982,0.00134422944393,0.00091642991174,0.000296019454254,0.000202403694857,0.000134215384605,0.000120329423225,0.00013881540508,0.000115224247565,0.000134357673232,0.0000746633813833,0.0000797624961706,0.0000404321763199,0.0000461937888758,0.0000437451381003,0.000068665627623,0.0000340118494933,0.0000260467968474,0.0000234880844801,0.0000320774670399,0.0000212181403185,0.0000184547188837,0.0000135863683681,0.0000120506774692,0.0000152086895469,0.00000838783671497,0.0000058456048464,0.00000585139105169,0.00000420266906076,0.00000306867946165,0.0000030198211789,0.00000244890611611,0.00000170944258571,0.00000164791742918,0.00000105435117348,7.23538619241e-7,7.01529415892e-7,6.58683802612e-7,3.91906894492e-7],"dvar":[0.000026416268156,0.0000101331397673,0.00000394536436943,0.00000347255604538,1.40671119198e-7,6.78197480397e-8,2.66037254448e-8,2.12904556207e-8,5.14380182892e-8,2.01313756776e-8,2.95760393954e-8,1.13844320637e-8,1.24280434832e-8,1.82959924988e-9,4.15831102885e-9,2.6654591867e-9,7.78483855157e-9,1.69645308912e-9,1.1867830052e-9,7.67236274513e-10,1.78096559722e-9,4.92617002745e-10,3.7761360705e-10,1.5911502671e-10,1.39484729322e-10,2.59573917916e-10,6.25286836198e-11,2.85328531635e-11,3.44695903765e-11,2.22493898305e-11,1.46815511137e-11,1.25404816739e-11,1.05053682767e-11,5.11259003882e-12,5.4091579306e-12,2.34729488451e-12,1.13517713025e-12,2.4655919667e-12,8.40252693812e-12,1.04686073178e-12],"dvar2":[0.0000553693062102,0.0000288810133497,0.0000109305074147,0.00000870501025929,3.3282802292e-7,1.71885531586e-7,6.93518202866e-8,4.66653986564e-8,1.19250699981e-7,5.00584746987e-8,7.58516165433e-8,2.80367036254e-8,2.96434841118e-8,4.93121810052e-9,1.19609904203e-8,7.21181070418e-9,2.15652065094e-8,4.74664441086e-9,3.13704306976e-9,2.15457807151e-9,5.00668262404e-9,1.3546804789e-9,1.08453368508e-9,4.48090231586e-10,3.77748082814e-10,7.2750278024e-10,1.73497105571e-10,8.17252723828e-11,9.4666809114e-11,5.83260315046e-11,3.73664953146e-11,3.22946183684e-11,2.51917722793e-11,1.24906361296e-11,1.29294760662e-11,5.17995455557e-12,2.42590604722e-12,5.47150519337e-12,1.99428286385e-11,1.83691083178e-12],"max":[0.0500314757228,0.0376151055098,0.0289030540735,0.0244199819863,0.0111015085131,0.00403206981719,0.00274454848841,0.00363110611215,0.00662876479328,0.00210928916931,0.00246900808997,0.00208116043359,0.00250151008368,0.000751383427996,0.00164834398311,0.00093637855025,0.00129086989909,0.000853949924931,0.000725567399058,0.000507067888975,0.000788057397585,0.000445943413069,0.000364723819075,0.000220373054617,0.000197695670067,0.000225463169045,0.00012906199845,0.0000686751372996,0.0000862472807057,0.0000791374041,0.0000933050905587,0.0000555529950361,0.0000570400952711,0.000035638542613,0.000041317587602,0.0000253326616075,0.0000246525796683,0.0000677703937981,0.000145231548231,0.0000474167427456],"mean":[0.00183494074736,0.0021819062531,0.00138548482209,0.000760882045142,0.000347237306414,0.000253770267591,0.000162887576153,0.000154811437824,0.000157502465299,0.000138333722134,0.000133828565595,0.0000834547099657,0.0000851691365824,0.0000431036060036,0.0000486541939608,0.000048259345931,0.0000700895980117,0.0000380145538657,0.0000301559375657,0.0000284657580778,0.0000362556747859,0.0000282113960566,0.0000247790831054,0.0000187145888049,0.0000174263313966,0.0000213152088691,0.000013407856386,0.00000941756206885,0.00000924788582779,0.00000712467090125,0.00000517461239724,0.00000503576166011,0.00000397425310439,0.0000027986193345,0.0000026641923796,0.00000188550632174,0.00000135369339205,0.00000124665609746,0.00000100920601653,6.96239965237e-7],"median":[0.00024760433007,0.00116316054482,0.000665248604491,0.00024485879112,0.000153344793944,0.000113992253318,0.000081255704572,0.000065766107582,0.0000673865433782,0.0000579591105634,0.0000464136646769,0.0000373392867914,0.0000350549235009,0.0000241004272539,0.0000242446512857,0.0000255517297774,0.0000259674452536,0.0000229114684771,0.0000186760480574,0.0000194047406694,0.0000225076837523,0.0000205719316,0.0000189709899132,0.0000142286735354,0.0000136997095979,0.0000147495175042,0.0000106420020529,0.00000802136219136,0.00000668793245495,0.00000380512710763,0.00000256130579146,0.00000192808806787,0.00000151939320858,9.67973733168e-7,7.04231524651e-7,4.94395180795e-7,3.92628919599e-7,3.23193063423e-7,2.55223909562e-7,1.83026685363e-7],"min":[6.29313944912e-24,1.27385045983e-23,1.2664709816e-23,1.683825811e-23,8.41233854035e-24,1.58627842691e-23,1.45149065497e-23,3.5029183114e-24,4.58100717891e-24,3.07108638555e-24,1.07932966683e-23,6.95112044156e-24,1.00956430721e-23,1.10643760966e-23,2.83492766016e-24,9.20167433984e-24,1.72100040785e-23,1.7802956111e-23,9.107386529e-24,6.28061864883e-24,1.60519468033e-23,1.11379381649e-23,4.57654459277e-24,5.76166689677e-24,6.73904228694e-24,4.59343607691e-24,8.76232930273e-24,1.09630477022e-23,8.23478646097e-24,1.45959162538e-23,1.16750207016e-23,7.85673039417e-24,9.66782565937e-24,9.41731814575e-24,9.16831183443e-24,1.21596779091e-23,1.14338588231e-23,9.76142637236e-24,8.96211858217e-24,1.0169915904e-23],"var":[0.0000309596616717,0.0000112507577796,0.00000495946505907,0.00000352297752215,3.32520698976e-7,1.4871685039e-7,5.72713254599e-8,6.41349870989e-8,9.53991019514e-8,4.92112306461e-8,5.91718567478e-8,2.22686225015e-8,2.56793075692e-8,3.77524944639e-9,6.67723831782e-9,5.48946177403e-9,1.41978491186e-8,3.52565598938e-9,2.30855068395e-9,1.70317426829e-9,3.62472851734e-9,1.26079413576e-9,9.92924187315e-10,4.76491124335e-10,4.4476139438e-10,7.9894829641e-10,2.48157050464e-10,1.09833947493e-10,1.3348218364e-10,1.06368983066e-10,6.08872188779e-11,5.83960033107e-11,4.25348124777e-11,2.19511995386e-11,2.35681144739e-11,1.24730946058e-11,5.97505725453e-12,5.7877257674e-12,9.5376710002e-12,2.47723478015e-12]},"melbands_crest":{"dmean":2.91435837746,"dmean2":4.49554729462,"dvar":9.13887786865,"dvar2":20.7805500031,"max":34.1519622803,"mean":15.4631357193,"median":14.4832696915,"min":1.81889939308,"var":32.3070869446},"melbands_flatness_db":{"dmean":0.0216786116362,"dmean2":0.0319309160113,"dvar":0.000706355203874,"dvar2":0.00132923526689,"max":0.527514517307,"mean":0.230170577765,"median":0.189455345273,"min":0.00678544398397,"var":0.0125688593835},"melbands_kurtosis":{"dmean":6.59567260742,"dmean2":10.2033014297,"dvar":176.609329224,"dvar2":377.940216064,"max":365.084075928,"mean":15.1537237167,"median":7.63431930542,"min":-1.92867541313,"var":674.337585449},"melbands_skewness":{"dmean":0.648233294487,"dmean2":1.00069451332,"dvar":0.71567183733,"dvar2":1.46804642677,"max":15.4882965088,"mean":2.74772047997,"median":2.37596082687,"min":-2.19074320793,"var":3.00693655014},"melbands_spread":{"dmean":5.62978506088,"dmean2":8.46039009094,"dvar":91.1430130005,"dvar2":166.678115845,"max":199.051879883,"mean":21.4163742065,"median":18.5396099091,"min":0.395887643099,"var":369.556732178},"mfcc":{"cov":[[42712.3671875,-1397.04089355,-4172.07910156,1662.87854004,1357.16137695,1169.02636719,1508.15991211,2138.23583984,1461.27893066,1546.1595459,866.841308594,252.928131104,-25.0537929535],[-1397.04089355,1047.45349121,100.229820251,-161.413253784,-37.8088264465,-7.5716176033,20.8834247589,-103.718788147,-68.7598495483,-47.4892425537,41.4694023132,-10.1721525192,-4.1504034996],[-4172.07910156,100.229820251,824.320373535,-128.890762329,-27.444393158,-71.9800415039,-131.288452148,-169.021606445,-186.142700195,-139.118789673,-37.7612190247,5.69265127182,20.3785705566],[1662.87854004,-161.413253784,-128.890762329,346.992553711,186.89251709,44.2589416504,16.8095016479,94.431602478,79.4137496948,68.6507492065,26.6441249847,24.3511066437,17.2665843964],[1357.16137695,-37.8088264465,-27.444393158,186.89251709,337.76864624,48.2648849487,66.5385742188,133.281036377,54.8363418579,84.1815948486,83.7159118652,39.7604827881,24.0823326111],[1169.02636719,-7.5716176033,-71.9800415039,44.2589416504,48.2648849487,169.029144287,107.489028931,87.0652389526,60.0643730164,58.0831413269,43.9722290039,-9.31850242615,-21.753408432],[1508.15991211,20.8834247589,-131.288452148,16.8095016479,66.5385742188,107.489028931,226.723892212,161.761581421,52.3535957336,76.2252883911,67.3169250488,7.04874944687,-9.43573474884],[2138.23583984,-103.718788147,-169.021606445,94.431602478,133.281036377,87.0652389526,161.761581421,248.378921509,107.006896973,103.512924194,87.9114227295,27.3673019409,8.16492557526],[1461.27893066,-68.7598495483,-186.142700195,79.4137496948,54.8363418579,60.0643730164,52.3535957336,107.006896973,149.538848877,89.9464797974,29.5245857239,11.2755441666,-6.85485506058],[1546.1595459,-47.4892425537,-139.118789673,68.6507492065,84.1815948486,58.0831413269,76.2252883911,103.512924194,89.9464797974,144.171722412,88.1962432861,20.9532871246,3.2517387867],[866.841308594,41.4694023132,-37.7612190247,26.6441249847,83.7159118652,43.9722290039,67.3169250488,87.9114227295,29.5245857239,88.1962432861,140.355361938,43.0617103577,5.49315977097],[252.928131104,-10.1721525192,5.69265127182,24.3511066437,39.7604827881,-9.31850242615,7.04874944687,27.3673019409,11.2755441666,20.9532871246,43.0617103577,68.853263855,33.8092155457],[-25.0537929535,-4.1504034996,20.3785705566,17.2665843964,24.0823326111,-21.753408432,-9.43573474884,8.16492557526,-6.85485506058,3.2517387867,5.49315977097,33.8092155457,62.5203552246]],"icov":[[0.000096746829513,0.0000198463112611,0.000351322581992,-0.000120112890727,-0.0000507960576215,-0.000267832132522,0.0000539189604751,-0.000391002540709,0.000203185845749,-0.000425943668233,0.000141765791341,-0.000240618610405,0.000106417843199],[0.0000198463112611,0.00123438518494,0.000104004604509,0.000425853504566,-0.000347518071067,0.0000613497468294,-0.000877114827745,0.00129803328309,-0.000625674845651,0.000968403299339,-0.00141857180279,0.000718271592632,-0.000591050658841],[0.000351322581992,0.000104004604509,0.00320214708336,0.000145853366121,-0.000842984998599,-0.00165662134532,0.00104983698111,-0.00123523198999,0.00255385483615,-0.000812342681456,0.000324394728523,-0.00141222879756,0.000189182072063],[-0.000120112890727,0.000425853504566,0.000145853366121,0.00526731926948,-0.00262893014587,-0.000724899000488,0.00134329660796,0.000112815971079,-0.000734562519938,-0.0000114896647574,0.00104099325836,-0.000401020311983,-0.000528231670614],[-0.0000507960576215,-0.000347518071067,-0.000842984998599,-0.00262893014587,0.00568805169314,0.000247302872594,0.00018835515948,-0.00200764951296,0.000596833473537,-0.000858098850586,-0.00111328542698,-0.00021704021492,-0.000531680532731],[-0.000267832132522,0.0000613497468294,-0.00165662134532,-0.000724899000488,0.000247302872594,0.0111300088465,-0.00501628918573,0.00235108565539,-0.00426963763312,0.00176769902464,-0.00276669324376,0.00371839990839,0.001022348064],[0.0000539189604751,-0.000877114827745,0.00104983698111,0.00134329660796,0.00018835515948,-0.00501628918573,0.0125346370041,-0.00865787919611,0.00531499227509,-0.00357830128632,0.00242573209107,-0.00178883655462,0.00197779806331],[-0.000391002540709,0.00129803328309,-0.00123523198999,0.000112815971079,-0.00200764951296,0.00235108565539,-0.00865787919611,0.0164076983929,-0.0082905497402,0.00498597836122,-0.00619029114023,0.00315283495001,-0.00388652202673],[0.000203185845749,-0.000625674845651,0.00255385483615,-0.000734562519938,0.000596833473537,-0.00426963763312,0.00531499227509,-0.0082905497402,0.0195192266256,-0.011450484395,0.00818929728121,-0.00623415177688,0.00496711209416],[-0.000425943668233,0.000968403299339,-0.000812342681456,-0.0000114896647574,-0.000858098850586,0.00176769902464,-0.00357830128632,0.00498597836122,-0.011450484395,0.0238268878311,-0.0136790405959,0.00647223135456,-0.00487689394504],[0.000141765791341,-0.00141857180279,0.000324394728523,0.00104099325836,-0.00111328542698,-0.00276669324376,0.00242573209107,-0.00619029114023,0.00818929728121,-0.0136790405959,0.0212013907731,-0.0123374406248,0.00662840204313],[-0.000240618610405,0.000718271592632,-0.00141222879756,-0.000401020311983,-0.00021704021492,0.00371839990839,-0.00178883655462,0.00315283495001,-0.00623415177688,0.00647223135456,-0.0123374406248,0.0292303860188,-0.0145251238719],[0.000106417843199,-0.000591050658841,0.000189182072063,-0.000528231670614,-0.000531680532731,0.001022348064,0.00197779806331,-0.00388652202673,0.00496711209416,-0.00487689394504,0.00662840204313,-0.0145251238719,0.025519637391]],"mean":[-737.175048828,115.412437439,10.7267723083,23.2872219086,-2.49601769447,3.20792937279,-2.80461025238,-3.93745470047,-3.90574073792,-3.27864909172,-3.51449942589,-2.95510482788,-3.57566928864]},"pitch_salience":{"dmean":0.061217457056,"dmean2":0.0985120460391,"dvar":0.0038298657164,"dvar2":0.00916038360447,"max":0.869917809963,"mean":0.556782841682,"median":0.573177397251,"min":0.066980779171,"var":0.0163068696856},"silence_rate_20dB":{"dmean":0,"dmean2":0,"dvar":0,"dvar2":0,"max":1,"mean":1,"median":1,"min":1,"var":0},"silence_rate_30dB":{"dmean":0.0432584285736,"dmean2":0.0865411609411,"dvar":0.0413879491389,"dvar2":0.0869174152613,"max":1,"mean":0.959281086922,"median":1,"min":0,"var":0.0390613824129},"silence_rate_60dB":{"dmean":0.00168539327569,"dmean2":0.00337173370644,"dvar":0.00168256880715,"dvar2":0.00336042465642,"max":1,"mean":0.431058704853,"median":0,"min":0,"var":0.245239824057},"spectral_centroid":{"dmean":193.497436523,"dmean2":295.330718994,"dvar":99054.28125,"dvar2":168175.765625,"max":11141.4755859,"mean":1288.90344238,"median":1329.56481934,"min":230.65512085,"var":624538.0625},"spectral_complexity":{"dmean":2.35337090492,"dmean2":3.86653542519,"dvar":8.94376754761,"dvar2":22.65376091,"max":60,"mean":23.1454639435,"median":32,"min":0,"var":389.654663086},"spectral_contrast_coeffs":{"dmean":[0.0443286709487,0.0379993095994,0.032594781369,0.0256637595594,0.0175644587725,0.0143498759717],"dmean2":[0.0723102912307,0.0620630569756,0.0535520240664,0.0427354872227,0.0282620564103,0.0222784038633],"dvar":[0.00159368605819,0.00110780296382,0.000718301627785,0.000457849237137,0.000234142076806,0.000199026908376],"dvar2":[0.00420507322997,0.00290011777543,0.00187930511311,0.00123505946249,0.00058666075347,0.000378258322598],"max":[-0.322680652142,-0.475276321173,-0.590972363949,-0.641808927059,-0.715507805347,-0.621069192886],"mean":[-0.61772185564,-0.738823056221,-0.785337150097,-0.806909501553,-0.816881239414,-0.759071707726],"median":[-0.626872181892,-0.747224271297,-0.785708725452,-0.806410849094,-0.808857917786,-0.745899617672],"min":[-0.951712846756,-0.952621817589,-0.959205806255,-0.956956863403,-0.958662033081,-0.958214938641],"var":[0.00756876263767,0.00498408451676,0.00296663725749,0.00184735946823,0.00161311798729,0.00279964250512]},"spectral_contrast_valleys":{"dmean":[0.380033314228,0.309217989445,0.281760543585,0.236296206713,0.196474343538,0.194346219301],"dmean2":[0.615604460239,0.514315128326,0.4611145854,0.380446761847,0.295537143946,0.273275285959],"dvar":[0.164308145642,0.134164661169,0.115482397377,0.104303732514,0.116244986653,0.113115109503],"dvar2":[0.311439305544,0.236390322447,0.187179967761,0.153116568923,0.152493998408,0.154404968023],"max":[-4.83283472061,-5.03748083115,-5.2754817009,-5.90353822708,-5.71684217453,-7.61039829254],"mean":[-8.46828556061,-7.65790128708,-8.30644798279,-8.69123363495,-8.56934452057,-11.4226427078],"median":[-7.15181875229,-6.49825906754,-6.84548854828,-6.98703336716,-6.64405536652,-9.88536643982],"min":[-27.1391448975,-27.4363555908,-27.2122154236,-27.3411102295,-27.4137554169,-27.2421169281],"var":[5.82594585419,3.7586414814,4.94065093994,5.72974872589,6.90246200562,6.81126976013]},"spectral_decrease":{"dmean":2.47916998042e-9,"dmean2":3.78628595143e-9,"dvar":3.52800670711e-17,"dvar2":7.50189023417e-17,"max":3.87316729434e-29,"mean":-6.81166234529e-9,"median":-6.08065153784e-9,"min":-6.14475510474e-8,"var":7.73755729941e-17},"spectral_energy":{"dmean":0.00954825244844,"dmean2":0.0145777389407,"dvar":0.000513359962497,"dvar2":0.0010918432381,"max":0.23648199439,"mean":0.027556758374,"median":0.0251926667988,"min":1.03674213554e-20,"var":0.00119463005103},"spectral_energyband_high":{"dmean":0.000231027734117,"dmean2":0.000328200723743,"dvar":2.15320312691e-7,"dvar2":4.08123014495e-7,"max":0.0126963350922,"mean":0.00103256350849,"median":0.00059841905022,"min":7.6926722602e-21,"var":0.00000204153684535},"spectral_energyband_low":{"dmean":0.00699611986056,"dmean2":0.0107265692204,"dvar":0.000393447873648,"dvar2":0.000833438884001,"max":0.198319762945,"mean":0.0127767892554,"median":0.00644334079698,"min":6.18979772391e-23,"var":0.000577434082516},"spectral_energyband_middle_high":{"dmean":0.00112435885239,"dmean2":0.00182283087634,"dvar":0.00000316538103107,"dvar2":0.00000823695881991,"max":0.0295675415546,"mean":0.00520720519125,"median":0.00504703400657,"min":1.3611544756e-21,"var":0.0000292870863632},"spectral_energyband_middle_low":{"dmean":0.00409998139367,"dmean2":0.00663959188387,"dvar":0.000107943975308,"dvar2":0.000271085242275,"max":0.145692810416,"mean":0.00977404695004,"median":0.00789245031774,"min":2.88279208746e-22,"var":0.000177653128048},"spectral_entropy":{"dmean":0.119794793427,"dmean2":0.176499441266,"dvar":0.0339736677706,"dvar2":0.0597978569567,"max":9.78238296509,"mean":7.27406644821,"median":7.79972791672,"min":4.42798423767,"var":0.924361646175},"spectral_flux":{"dmean":0.0182841103524,"dmean2":0.0293771289289,"dvar":0.00135519914329,"dvar2":0.0031033786945,"max":0.395181685686,"mean":0.0672090500593,"median":0.0711745172739,"min":1.01820538112e-10,"var":0.00492049520835},"spectral_kurtosis":{"dmean":3.04110312462,"dmean2":5.18268966675,"dvar":36.4064598083,"dvar2":99.3258132935,"max":126.630386353,"mean":9.32990550995,"median":3.74370574951,"min":-1.19527161121,"var":231.452590942},"spectral_rms":{"dmean":0.000613012525719,"dmean2":0.000926888838876,"dvar":0.00000141236489526,"dvar2":0.00000289021090794,"max":0.0151892770082,"mean":0.00395219959319,"median":0.00495764194056,"min":3.18033923849e-12,"var":0.0000112647494461},"spectral_rolloff":{"dmean":375.548553467,"dmean2":609.668212891,"dvar":473876.3125,"dvar2":892364.4375,"max":19164.5507812,"mean":1358.3704834,"median":990.52734375,"min":86.1328125,"var":1556012.375},"spectral_skewness":{"dmean":0.290923178196,"dmean2":0.471730172634,"dvar":0.197848603129,"dvar2":0.48368486762,"max":9.24878501892,"mean":1.92399084568,"median":1.36072635651,"min":-0.63877427578,"var":1.94293737411},"spectral_spread":{"dmean":339471.3125,"dmean2":526565.1875,"dvar":513201209344,"dvar2":926585389056,"max":40854528,"mean":3889962.25,"median":4016199.5,"min":746413.4375,"var":1848203804670},"spectral_strongpeak":{"dmean":0.184860959649,"dmean2":0.319220513105,"dvar":0.154280155897,"dvar2":0.406531721354,"max":5.39101219177,"mean":0.347077786922,"median":0.224446117878,"min":0,"var":0.199031427503},"zerocrossingrate":{"dmean":0.00780550483614,"dmean2":0.00909761711955,"dvar":0.000187025463674,"dvar2":0.000192062667338,"max":0.505859375,"mean":0.0527543947101,"median":0.048828125,"min":0.005859375,"var":0.00131646113005}},"metadata":{"audio_properties":{"analysis_sample_rate":44100,"bit_rate":229285,"codec":"mp3","downmix":"mix","equal_loudness":0,"length":82.6514282227,"lossless":false,"md5_encoded":"94fb2759fc6f4c5f3ebe2abda994feac","replay_gain":-7.42931938171,"sample_rate":44100},"tags":{"acoustid_id":["26c29183-3b45-4aa3-81ab-43f4c2cfd573"],"album":["Concrete and Gold"],"albumartist":["Foo Fighters"],"albumartistsort":["Foo Fighters"],"albumsort":["Concrete and Gold"],"artist":["Foo Fighters"],"artistsort":["Foo Fighters"],"barcode":["889854560126"],"catalognumber":["88985-45601-2"],"date":["2017-09-15"],"discnumber":["1/1"],"file_name":"01-T-Shirt.mp3","label":["RCA"],"media":["CD"],"musicbrainz album release country":["US"],"musicbrainz album status":["official"],"musicbrainz album type":["album"],"musicbrainz_albumartistid":["67f66c07-6e61-4026-ade5-7e782fad3a5d"],"musicbrainz_albumid":["d6d1dd67-8c35-4512-915d-1ef5121b314d"],"musicbrainz_artistid":["67f66c07-6e61-4026-ade5-7e782fad3a5d"],"musicbrainz_recordingid":["d8d49317-88c8-4b65-9144-53c3d0ab6852"],"musicbrainz_releasegroupid":["e0335c44-58cd-433c-86d3-e114b14b7111"],"originaldate":["2017-09-15"],"originalyear":["2017"],"script":["Latn"],"title":["T-Shirt"],"titlesort":["T-Shirt"],"tracknumber":["1/11"]},"version":{"essentia":"2.1-beta2","essentia_build_sha":"cead25079874084f62182a551b7393616cd33d87","essentia_git_sha":"v2.1_beta2-1-ge3940c0","extractor":"music 1.0"}},"rhythm":{"beats_count":168,"beats_loudness":{"dmean":0.0327148400247,"dmean2":0.0584986694157,"dvar":0.00145346822683,"dvar2":0.0043346430175,"max":0.180007174611,"mean":0.0607506334782,"median":0.0506228357553,"min":0.00000508731045556,"var":0.00303246499971},"beats_loudness_band_ratio":{"dmean":[0.182486489415,0.186290815473,0.0680954605341,0.0554846934974,0.036059666425,0.0565237514675],"dmean2":[0.32732257247,0.337945431471,0.112780973315,0.0978814065456,0.0650