{"lowlevel":{"average_loudness":0.837106883526,"barkbands":{"dmean":[0.000037738129322,0.00179630238563,0.00179016962647,0.00257772579789,0.00218367297202,0.000474783882964,0.000450903637102,0.000302871136228,0.000299699051538,0.000306630594423,0.000375327072106,0.000541477755178,0.000426694721682,0.000562214816455,0.000429228268331,0.000358880613931,0.000279107654933,0.000372163893189,0.000259504682617,0.000226635631407,0.000137702663778,0.0000904319022084,0.0000791243437561,0.0000570171359868,0.0000522711670783,0.0000487406250613,0.00000787832959759],"dmean2":[0.000060372371081,0.00309539050795,0.00289506302215,0.00407044170424,0.0035919258371,0.000776752771344,0.000740393414162,0.0004788186925,0.000465742050437,0.000477439316455,0.000609692011494,0.000897126330528,0.00068505766103,0.000898866390344,0.00067540811142,0.000549130432773,0.000445269834017,0.000576982507482,0.000404959340813,0.000341507169651,0.000205171469133,0.000135981026688,0.000116993796837,0.0000841965375002,0.0000741450712667,0.0000686388011673,0.0000114250397019],"dvar":[1.50472345695e-8,0.0000240668650804,0.000019359322323,0.0000311414878524,0.000028445125281,0.00000130624891881,0.0000011780875866,0.00000116688283924,8.57300733514e-7,5.24257643519e-7,6.65293612201e-7,0.000001085170652,6.27217445981e-7,0.00000105899994196,6.73205249768e-7,6.20097409865e-7,2.41031443693e-7,5.41388430975e-7,2.12728622273e-7,1.13314413852e-7,4.26319104463e-8,2.18039684086e-8,3.69287498359e-8,2.29058354506e-8,1.63158446753e-8,6.3758389679e-9,1.70931283017e-10],"dvar2":[3.49679574185e-8,0.000063694853452,0.0000480995076941,0.0000696246424923,0.0000730465908418,0.0000033149635783,0.00000300454962598,0.00000274002013612,0.00000199536384571,0.00000121132961795,0.00000172413524524,0.00000294105711873,0.00000152550683197,0.00000262263597506,0.00000151163419559,0.00000133310220463,6.04874912824e-7,0.00000131095589495,5.13345298714e-7,2.56552453948e-7,9.58976187349e-8,5.06618995644e-8,8.29633819421e-8,4.78115751434e-8,3.39462111754e-8,1.29078232547e-8,3.67699121151e-10],"max":[0.00710223661736,0.051987759769,0.0796667188406,0.105840310454,0.0724159255624,0.0332187116146,0.0324699580669,0.0363050661981,0.0270232707262,0.0231581460685,0.0249324478209,0.0182074606419,0.0169219728559,0.0247410871089,0.0212124697864,0.018565915525,0.012741656974,0.0246322602034,0.015038584359,0.0050330418162,0.00350658828393,0.00363573245704,0.00881088804454,0.00530513795093,0.00412163091823,0.00196994841099,0.00017040091916],"mean":[0.0000351585331373,0.0016982316738,0.0019511913415,0.00266406149603,0.00253536459059,0.000634572701529,0.000588386785239,0.000464794080472,0.000469349732157,0.000529102515429,0.000610894989222,0.000896100013051,0.000701578625012,0.00103389518335,0.000765666249208,0.000622476276476,0.000501269823872,0.000769287755247,0.000532442645635,0.000491917191539,0.000308881164528,0.000230609453865,0.000195950298803,0.000120150136354,0.000110893692181,0.0000789031037129,0.0000112797306429],"median":[0.00000487642228109,0.000161786476383,0.000356493605068,0.000203751813387,0.000740289979149,0.000223984141485,0.000199627364054,0.000142767472425,0.000173336477019,0.000199336267542,0.000160289710038,0.000344012136338,0.000340246508131,0.000461499934318,0.000418967654696,0.000291979289614,0.000297183578368,0.000410361360991,0.000334800541168,0.000309231865685,0.000191635088413,0.000142607750604,0.000124643047457,0.0000680691518937,0.0000517868502357,0.0000284369943984,0.00000355105521521],"min":[2.93745472872e-25,1.87423470598e-24,1.09659820675e-24,2.67721000912e-25,1.01408282359e-23,5.26063806446e-24,5.99323149347e-24,5.73148389524e-24,1.38039819465e-23,2.04077984859e-23,1.08848408209e-23,1.6968150369e-23,3.12648611478e-23,2.11144048645e-23,3.02478017153e-23,4.29531071024e-23,5.3910350366e-23,8.86363103364e-23,7.64404828764e-23,1.64832322063e-22,2.51981433955e-22,2.7037549932e-22,3.91923086622e-22,5.27920359032e-22,7.97285434818e-22,1.1932566022e-21,1.84096012543e-21],"var":[1.63690074828e-8,0.0000219506819121,0.0000196789787879,0.0000385935418308,0.0000292195873044,0.00000191087519852,0.00000141197278936,0.00000221557775149,0.00000160506886004,0.00000134746608182,0.00000148351614371,0.00000218076547753,0.00000126288864521,0.00000268540520665,0.00000138727386911,0.00000133932474,4.77156788747e-7,0.00000141849818647,4.64396805455e-7,3.35742328161e-7,1.32731855729e-7,8.14185412423e-8,7.12702075134e-8,5.21016261246e-8,6.10835328985e-8,1.39550593303e-8,2.90212992526e-10]},"barkbands_crest":{"dmean":2.46176242828,"dmean2":3.98930549622,"dvar":5.05799913406,"dvar2":12.6755113602,"max":25.6979904175,"mean":7.87344312668,"median":7.09582853317,"min":2.34227752686,"var":12.8450174332},"barkbands_flatness_db":{"dmean":0.0200228448957,"dmean2":0.0312039963901,"dvar":0.000411745597376,"dvar2":0.000963958154898,"max":0.290182203054,"mean":0.0883190259337,"median":0.0809157267213,"min":0.015339538455,"var":0.00133634603117},"barkbands_kurtosis":{"dmean":1.94798707962,"dmean2":3.13393974304,"dvar":16.3082561493,"dvar2":38.7252197266,"max":77.6758041382,"mean":1.33929693699,"median":-0.176097601652,"min":-1.92550897598,"var":24.720872879},"barkbands_skewness":{"dmean":0.573182880878,"dmean2":0.845645070076,"dvar":0.45489782095,"dvar2":0.878715574741,"max":7.252866745,"mean":0.592691957951,"median":0.310674875975,"min":-3.84615397453,"var":1.51249301434},"barkbands_spread":{"dmean":7.42447805405,"dmean2":11.3797655106,"dvar":61.169128418,"dvar2":141.836791992,"max":130.050735474,"mean":29.3931484222,"median":27.4694595337,"min":2.21966934204,"var":180.119995117},"dissonance":{"dmean":0.0119704985991,"dmean2":0.0202877838165,"dvar":0.000178701491677,"dvar2":0.000490150414407,"max":0.500000178814,"mean":0.479968398809,"median":0.484636962414,"min":0.306495517492,"var":0.000300051062368},"dynamic_complexity":3.61541509628,"erbbands":{"dmean":[0.0420644581318,0.471985608339,1.95498526096,4.92640924454,9.67980480194,6.72323942184,4.27967453003,4.25066995621,6.31843900681,6.18697786331,6.04488992691,6.35104417801,8.19217205048,10.4768362045,16.6914176941,19.4264087677,18.923707962,25.7340259552,23.7570095062,19.1640625,19.1882724762,16.0673980713,18.5181827545,15.560043335,12.3554582596,10.9830284119,7.23323392868,4.20244979858,3.21043658257,2.84891939163,2.17189359665,1.34406018257,0.924911379814,0.620624125004,0.378582566977,0.199396118522,0.0993794128299,0.0208882596344,0.00109385093674,0.0000271577609965],"dmean2":[0.0657731890678,0.824968338013,3.29868245125,7.63798999786,15.5114145279,11.3500919342,7.00122404099,7.03251886368,10.5049705505,9.8677740097,9.36854553223,9.89539909363,12.9055843353,16.4968757629,26.9380073547,32.1084518433,30.7803287506,41.1209068298,37.4949264526,29.7889957428,29.5270233154,25.2911605835,28.458322525,24.3121166229,18.9772834778,16.5672492981,10.7024240494,6.32759094238,4.83476924896,4.21381092072,3.23741745949,2.00537610054,1.3583060503,0.902419626713,0.540155768394,0.281349718571,0.141873732209,0.0295202843845,0.00156612507999,0.0000373245020455],"dvar":[0.0159885082394,1.48601770401,24.1714630127,109.56388092,527.131164551,255.698242188,118.396232605,119.537322998,248.004684448,299.423675537,528.343261719,483.024017334,523.878723145,415.708099365,1181.99060059,1491.14929199,1186.98120117,2455.80981445,1725.48876953,1406.77893066,2216.87255859,799.133911133,1428.61877441,941.281738281,372.368103027,331.110076904,114.016601563,51.4613075256,29.1808929443,29.759016037,31.7909927368,13.2057056427,6.96198701859,3.28599619865,0.64663875103,0.120184496045,0.0280584581196,0.00130782218184,0.0000031763925108,1.45125300666e-9],"dvar2":[0.0393926426768,4.06394147873,63.1482429504,233.8046875,1281.30700684,686.149719238,317.986297607,303.256835938,631.726806641,745.968933105,1186.62365723,1165.82531738,1228.20556641,923.872924805,3020.47045898,4073.57226563,2989.59204102,6437.73828125,4154.47119141,3055.45776367,4938.74902344,1949.61975098,3248.8034668,2419.53100586,884.848388672,748.339538574,253.376815796,127.962471008,68.1489028931,66.3432540894,71.1554794312,29.3768062592,13.7444648743,6.95032691956,1.36459648609,0.245402902365,0.057913530618,0.00281168729998,0.00000674885313856,2.94345303686e-9],"max":[1.42477428913,12.207321167,75.5531616211,169.850997925,242.867996216,277.895355225,320.549102783,303.619659424,157.207458496,700.727966309,770.667175293,798.397888184,717.728027344,591.749450684,956.958862305,662.613525391,917.268127441,1458.65344238,1370.7019043,1049.70837402,1250.32214355,908.03729248,1130.19689941,1106.84069824,343.692382813,347.787536621,155.681838989,191.283813477,141.943191528,215.534179688,255.897872925,156.265609741,86.636756897,59.6734199524,23.1500091553,12.4668388367,2.25217318535,0.760297000408,0.0208036210388,0.000414896960137],"mean":[0.0380492508411,0.441945910454,2.05026483536,5.52964878082,9.88766765594,8.11912155151,5.74477386475,5.403403759,7.42247676849,10.2974023819,9.70899391174,10.1995820999,14.5445098877,18.9376735687,30.037853241,35.3549346924,35.2927856445,49.1531562805,46.6394195557,35.8492546082,34.2666664124,31.610786438,39.236530304,33.1640701294,26.9169120789,23.8817176819,16.5954742432,9.68411922455,8.11547851563,7.22762823105,5.31676054001,2.90405488014,1.89681708813,1.26691663265,0.766956448555,0.356018096209,0.149333700538,0.0304499305785,0.00160590442829,0.000055577558669],"median":[0.00276612909511,0.0643775463104,0.424374461174,0.79140740633,1.47507250309,2.69289493561,1.83311498165,1.96642816067,2.3690340519,3.57399368286,3.54913640022,4.04021310806,5.60289239883,9.67049884796,11.3408117294,15.1173009872,19.4709873199,23.1321659088,27.407201767,19.3708076477,17.0653762817,19.101234436,21.862663269,20.7051353455,16.8962039948,15.2897968292,10.217549324,6.30470132828,5.22261857986,4.32054901123,3.37159442902,1.84202849865,0.96044331789,0.552992880344,0.368602782488,0.15158367157,0.0479491502047,0.00935933645815,0.000525199749973,0.0000384796003345],"min":[4.49099649302e-23,5.29304664771e-22,1.90890182481e-21,4.60759392134e-21,8.94375870288e-21,2.48395907913e-20,5.11889316033e-20,8.28930034925e-20,1.1453416765e-19,2.16990697025e-19,1.96656477918e-19,3.24331986412e-19,6.79156900431e-19,4.67723538803e-19,7.73724996045e-19,8.73597956024e-19,1.55005426685e-18,2.31155684216e-18,2.36052676161e-18,2.87934622913e-18,3.22705159961e-18,3.80786846084e-18,4.28258369207e-18,6.00969048896e-18,6.97707738816e-18,8.34174341914e-18,8.262877538e-18,1.07105603916e-17,9.92845864093e-18,1.05279329745e-17,1.03118461015e-17,9.80735360899e-18,9.78344643493e-18,8.45067235247e-18,6.03954261009e-18,3.88378916541e-18,2.27648252304e-18,9.56231231267e-19,2.50593952983e-19,2.42890019272e-20],"var":[0.0144851757213,1.34198820591,22.7365093231,139.009414673,522.452026367,283.897216797,184.084686279,150.628967285,246.105102539,628.239013672,938.124084473,874.091308594,1222.62646484,969.130065918,2608.30126953,3308.00683594,2724.24487305,5828.59228516,3947.77441406,3050.03588867,4523.06933594,1927.68164063,3881.11499023,2057.28295898,1050.12011719,886.868225098,388.217926025,132.314239502,102.535385132,88.9812164307,55.8255081177,22.0723762512,18.3660869598,10.1647148132,2.45937561989,0.349632322788,0.0518559627235,0.00220482726581,0.00000559132013223,3.02785907458e-9]},"erbbands_crest":{"dmean":2.36485695839,"dmean2":3.91128325462,"dvar":4.94506692886,"dvar2":12.82533741,"max":27.5803585052,"mean":7.65572738647,"median":6.93518209457,"min":2.50598883629,"var":10.3335638046},"erbbands_flatness_db":{"dmean":0.0185067858547,"dmean2":0.0255641676486,"dvar":0.000294367549941,"dvar2":0.000537987274583,"max":0.305727541447,"mean":0.143874704838,"median":0.141685932875,"min":0.0447559431195,"var":0.00146290753037},"erbbands_kurtosis":{"dmean":0.743619859219,"dmean2":1.17815053463,"dvar":0.755014300346,"dvar2":1.78598070145,"max":22.430847168,"mean":0.281405091286,"median":0.0727943852544,"min":-1.80196011066,"var":1.62813723087},"erbbands_skewness":{"dmean":0.335334330797,"dmean2":0.517840981483,"dvar":0.0927541553974,"dvar2":0.215907245874,"max":3.04268050194,"mean":-0.124224580824,"median":-0.14541631937,"min":-2.87724518776,"var":0.319613844156},"erbbands_spread":{"dmean":8.77767181396,"dmean2":12.8697271347,"dvar":98.6082611084,"dvar2":190.354492188,"max":177.891921997,"mean":35.4041938782,"median":30.6012954712,"min":3.35531663895,"var":318.992004395},"gfcc":{"cov":[[37885.0390625,1474.06738281,-3140.66308594,650.414855957,-1225.57617188,259.145050049,-780.454772949,-102.993232727,-978.946411133,-31.6066398621,-645.366638184,-19.5232410431,-701.478393555],[1474.06738281,1289.06933594,93.0312423706,155.399368286,158.242523193,-22.2273635864,17.5872535706,-35.6716156006,-37.7710418701,-126.32535553,-35.7204208374,-69.0719833374,-13.0486564636],[-3140.66308594,93.0312423706,1273.98278809,145.181625366,367.908416748,28.6092472076,24.4409484863,50.6011123657,53.0915718079,-29.2670764923,-34.4038848877,-5.79323625565,11.5543518066],[650.414855957,155.399368286,145.181625366,381.105194092,55.0757598877,48.1442756653,18.1569023132,-17.6401576996,5.69247436523,-9.96481800079,-20.7949390411,-16.9017543793,-3.42395567894],[-1225.57617188,158.242523193,367.908416748,55.0757598877,362.38079834,62.3861656189,84.2406997681,34.61095047,19.7814426422,-19.6320304871,-15.6965475082,2.51771807671,-8.29115867615],[259.145050049,-22.2273635864,28.6092472076,48.1442756653,62.3861656189,192.420349121,72.6104049683,8.05489253998,-17.789560318,9.04287052155,6.45414352417,2.16535329819,-22.9800262451],[-780.454772949,17.5872535706,24.4409484863,18.1569023132,84.2406997681,72.6104049683,212.579925537,-0.514856219292,17.3582553864,11.9541482925,27.0211906433,0.447077810764,-7.48890113831],[-102.993232727,-35.6716156006,50.6011123657,-17.6401576996,34.61095047,8.05489253998,-0.514856219292,131.802276611,50.9038772583,11.5611600876,-3.15697669983,-0.840084969997,8.19097137451],[-978.946411133,-37.7710418701,53.0915718079,5.69247436523,19.7814426422,-17.789560318,17.3582553864,50.9038772583,118.988304138,28.3467178345,18.3939323425,-0.375739365816,31.6017780304],[-31.6066398621,-126.32535553,-29.2670764923,-9.96481800079,-19.6320304871,9.04287052155,11.9541482925,11.5611600876,28.3467178345,76.1846313477,21.7257461548,11.0280351639,-1.32346975803],[-645.366638184,-35.7204208374,-34.4038848877,-20.7949390411,-15.6965475082,6.45414352417,27.0211906433,-3.15697669983,18.3939323425,21.7257461548,84.0596542358,18.690826416,18.190952301],[-19.5232410431,-69.0719833374,-5.79323625565,-16.9017543793,2.51771807671,2.16535329819,0.447077810764,-0.840084969997,-0.375739365816,11.0280351639,18.690826416,55.5314788818,16.4455223083],[-701.478393555,-13.0486564636,11.5543518066,-3.42395567894,-8.29115867615,-22.9800262451,-7.48890113831,8.19097137451,31.6017780304,-1.32346975803,18.190952301,16.4455223083,78.356010437]],"icov":[[0.000114473994472,-0.000202110328246,0.00023605467868,-0.000252457684837,0.000265995797236,-0.000184370277566,0.000290386902634,-0.000383950216928,0.000651505484711,-0.000483053096104,0.000760316150263,-0.000631047005299,0.000672304129694],[-0.000202110328246,0.00144904654007,-0.000271534896456,0.0000642358063487,-0.00104915711563,0.000642665778287,-0.000514182378538,0.000837678206153,-0.00108268845361,0.00237613893114,-0.00169152021408,0.00220050406642,-0.00117682514247],[0.00023605467868,-0.000271534896456,0.0016932223225,-0.000861889042426,-0.000755991670303,-0.000228169403272,0.000934066716582,-0.000817785330582,0.00102193898056,-0.000675505551044,0.00165022641886,-0.00109637831338,0.00123198411893],[-0.000252457684837,0.0000642358063487,-0.000861889042426,0.00365175982006,-0.000420792493969,-0.000552435347345,-0.00061126658693,0.00159669388086,-0.00201207702048,0.00067825964652,-0.000888472655788,0.00174600630999,-0.00173186929896],[0.000265995797236,-0.00104915711563,-0.000755991670303,-0.000420792493969,0.00564729375765,-0.00134610640816,-0.000910511938855,-0.00169674109202,0.00108690746129,-0.00065854866989,0.00271494756453,-0.00305385328829,0.00215398473665],[-0.000184370277566,0.000642665778287,-0.000228169403272,-0.000552435347345,-0.00134610640816,0.00720682321116,-0.00242445501499,-0.000455896020867,0.000882275693584,0.000156909954967,-0.00188045599498,0.000899231235962,0.000147711238242],[0.000290386902634,-0.000514182378538,0.000934066716582,-0.00061126658693,-0.000910511938855,-0.00242445501499,0.00707875657827,-0.000106131199573,0.000392796326196,-0.001466690097,-0.00000963648290053,-0.000915348588023,0.00224102730863],[-0.000383950216928,0.000837678206153,-0.000817785330582,0.00159669388086,-0.00169674109202,-0.000455896020867,-0.000106131199573,0.0110866408795,-0.00675509637222,0.00161949056201,-0.00137369567528,0.002256028587,-0.00199259957299],[0.000651505484711,-0.00108268845361,0.00102193898056,-0.00201207702048,0.00108690746129,0.000882275693584,0.000392796326196,-0.00675509637222,0.017489220947,-0.00744691584259,0.0027356564533,-0.000806041061878,-0.00111419090535],[-0.000483053096104,0.00237613893114,-0.000675505551044,0.00067825964652,-0.00065854866989,0.000156909954967,-0.001466690097,0.00161949056201,-0.00744691584259,0.0210152510554,-0.00650963140652,0.000779089750722,0.000573417637497],[0.000760316150263,-0.00169152021408,0.00165022641886,-0.000888472655788,0.00271494756453,-0.00188045599498,-0.00000963648290053,-0.00137369567528,0.0027356564533,-0.00650963140652,0.020573316142,-0.00816526543349,0.00184552103747],[-0.000631047005299,0.00220050406642,-0.00109637831338,0.00174600630999,-0.00305385328829,0.000899231235962,-0.000915348588023,0.002256028587,-0.000806041061878,0.000779089750722,-0.00816526543349,0.0262505281717,-0.00870337709785],[0.000672304129694,-0.00117682514247,0.00123198411893,-0.00173186929896,0.00215398473665,0.000147711238242,0.00224102730863,-0.00199259957299,-0.00111419090535,0.000573417637497,0.00184552103747,-0.00870337709785,0.0208787173033]],"mean":[-20.2790222168,43.1092300415,-128.745056152,27.9323329926,-48.0443344116,12.9429597855,-41.2559661865,3.07156896591,-32.7132377625,1.76310312748,-20.4009933472,1.30770659447,-19.0209636688]},"hfc":{"dmean":6.74111652374,"dmean2":9.14048099518,"dvar":69.8515930176,"dvar2":122.244819641,"max":157.931488037,"mean":24.7579898834,"median":22.6629619598,"min":1.03631238549e-16,"var":356.275817871},"melbands":{"dmean":[0.000427556049544,0.000844953465275,0.00107421330176,0.000569413241465,0.000178136688191,0.000095290459285,0.0000928072477109,0.0000677659409121,0.0000480076378153,0.0000412160188716,0.000041994779167,0.0000438105453213,0.0000562277746212,0.000056357421272,0.00005538719779,0.0000394846683776,0.000053640207625,0.0000420687247242,0.0000290115458483,0.0000234392682614,0.0000237575168285,0.0000173153493961,0.0000199426795007,0.0000171999745362,0.0000136022736115,0.00000992266723188,0.00000893354899745,0.0000075794841905,0.00000562221975997,0.00000332099875777,0.00000251506594395,0.00000203613399208,0.0000018358887246,0.0000016689284621,0.00000143480724546,0.00000107976234176,8.09001960533e-7,7.03185662587e-7,6.07164110988e-7,5.34360651727e-7],"dmean2":[0.000711339584086,0.00144325045403,0.00167834560852,0.00092767883325,0.000294799276162,0.000156627458637,0.000153593151481,0.00010757643031,0.0000741422918509,0.0000642237209831,0.0000664926483296,0.0000685550185153,0.0000910508460947,0.0000916584322113,0.0000932912807912,0.0000638869096292,0.0000852672819747,0.0000668121720082,0.0000451414307463,0.0000361943639291,0.0000371485512005,0.0000280703006865,0.0000310203868139,0.0000268891581072,0.0000215688451135,0.0000156172263814,0.0000137088736665,0.0000115800612548,0.00000859178635437,0.00000508508401253,0.00000391481671613,0.00000314305793836,0.00000281449865724,0.00000251638925874,0.00000218475815927,0.00000165388144069,0.00000123440997868,0.00000105577203158,9.01292935396e-7,7.88917532191e-7],"dvar":[0.00000155355826337,0.00000426901306128,0.00000497619021189,0.00000180645861292,1.88345879337e-7,5.77439074334e-8,4.92490563886e-8,3.77017954634e-8,3.23299644833e-8,1.89066735601e-8,1.35757041164e-8,7.87343257258e-9,1.49458330156e-8,1.16841203379e-8,1.53955213023e-8,5.94253135588e-9,1.05801349903e-8,5.63041480106e-9,3.79048792354e-9,2.16828066613e-9,3.57876728252e-9,9.61288382229e-10,2.29613061897e-9,1.01359132199e-9,7.76838871008e-10,2.6094015837e-10,1.81402268207e-10,1.7485177195e-10,7.64087126903e-11,2.80050080348e-11,2.25248066726e-11,1.2393484676e-11,8.66654751436e-12,1.22309384842e-11,1.46628056918e-11,6.20257881515e-12,5.12988089507e-12,3.8124664016e-12,3.88991226383e-12,2.45215631654e-12],"dvar2":[0.00000394466042053,0.000011247520888,0.0000111453691716,0.00000459193597635,5.07143965933e-7,1.47330595723e-7,1.24897297837e-7,9.31232833068e-8,7.29528721877e-8,4.56577673447e-8,3.18860848836e-8,1.7322719259e-8,3.83247282798e-8,3.12674117708e-8,4.34090949852e-8,1.47901912939e-8,2.7014811721e-8,1.36510687199e-8,8.01364841152e-9,4.62352067743e-9,7.9210007442e-9,2.51516341088e-9,5.35084065945e-9,2.41975151027e-9,2.00939243022e-9,6.27419949328e-10,4.29087432252e-10,3.91933152599e-10,1.77783898714e-10,6.62957674868e-11,5.9153598686e-11,3.04702409137e-11,1.96430666871e-11,2.8010226083e-11,3.39502141677e-11,1.37460589786e-11,1.17096983152e-11,7.61147134903e-12,8.62282988068e-12,5.32401943712e-12],"max":[0.0139890667051,0.0277700424194,0.0343180261552,0.018367420882,0.0144921718165,0.00653858296573,0.00320717785507,0.00699390424415,0.00665097916499,0.00473897438496,0.00346711953171,0.00277769751847,0.00406721280888,0.00190459343139,0.00246841483749,0.00165049347561,0.00293636601418,0.00223268708214,0.00192221510224,0.00140799593646,0.00168467429467,0.00100002845284,0.00220760260709,0.000721106596757,0.00103597913403,0.000338949728757,0.000232826976571,0.000278254563455,0.000133085952257,0.000127448802232,0.000130296321004,0.0000757810776122,0.0000694884947734,0.000150076506543,0.000175608103746,0.000103573343949,0.0000840665234136,0.0000700049640727,0.0000670756126055,0.0000488821133331],"mean":[0.000409425614635,0.000900430197362,0.0011645227205,0.000649694062304,0.000235873420024,0.000120960787171,0.000113765963761,0.000113757188956,0.0000761271876399,0.0000642063168925,0.0000729603198124,0.0000747666781535,0.0000955372743192,0.0000959339231486,0.0000939742385526,0.0000694101836416,0.0000947891676333,0.0000773724968894,0.0000529722492502,0.0000405010068789,0.000038882924855,0.0000305533430947,0.0000356216478394,0.000034910026443,0.0000259759053733,0.0000194125532289,0.0000178961490747,0.0000151100639414,0.0000116645360322,0.00000674974126014,0.00000518553770235,0.00000458472504761,0.00000438716188,0.00000384885197491,0.00000324375105265,0.00000230642513088,0.00000156068074375,0.00000134675462959,0.00000117686340673,0.00000102445153516],"median":[0.0000353919131157,0.000192230378161,0.000163590884767,0.000175619337824,0.0000795555097284,0.0000427643026342,0.0000371171008737,0.0000391815483454,0.0000271833978331,0.0000236229079746,0.0000262966859736,0.0000357600001735,0.0000306298716168,0.0000377167198167,0.0000353799005097,0.0000332081071974,0.0000406979816034,0.0000397715957661,0.000027763810067,0.0000203140843951,0.0000183166193892,0.0000178511872946,0.000018085951524,0.0000178906539077,0.0000154982553795,0.0000112172810987,0.0000107093255792,0.00000901673956832,0.00000654556242807,0.00000420528795075,0.00000319579521602,0.00000282766245618,0.00000255735949395,0.00000227203872782,0.00000198260090656,0.00000144985767747,9.1422236892e-7,6.81981418893e-7,5.16343447998e-7,4.28607876302e-7],"min":[4.93971633341e-25,1.04367116204e-24,9.90091334926e-25,1.22113242381e-24,1.55200257835e-24,1.50449441641e-24,1.52393411848e-24,2.29127450378e-24,1.40166767931e-24,2.1650354597e-24,3.05228861904e-24,1.5753872752e-24,1.80859082904e-24,2.47850689254e-24,2.3795172735e-24,3.30564037066e-24,2.96514709915e-24,2.91578333914e-24,3.31412930286e-24,2.5788204174e-24,2.81025169661e-24,2.52698357846e-24,5.03420264137e-24,3.54163442134e-24,4.13523963074e-24,3.17934275365e-24,4.48532702858e-24,4.52058635003e-24,4.18285014739e-24,4.94118450216e-24,5.02184474086e-24,5.39261725492e-24,4.58011103293e-24,5.15553023745e-24,4.00789539254e-24,6.05545210851e-24,5.14941695987e-24,5.9583800131e-24,6.1118592131e-24,6.19921924747e-24],"var":[0.00000142812632475,0.00000421475124313,0.00000591438492847,0.00000180682559403,2.77126815718e-7,7.31545313215e-8,5.19520604314e-8,8.20230852128e-8,5.82631294321e-8,3.38961569923e-8,3.22764854843e-8,1.76005112706e-8,3.17678683359e-8,2.42957192143e-8,3.12673833491e-8,1.27693891017e-8,2.40182451705e-8,1.38204230282e-8,8.6272287092e-9,4.51629889042e-9,7.04587188594e-9,2.03017536116e-9,4.65052041321e-9,2.81094592047e-9,1.48565693081e-9,6.55668075389e-10,4.73886929697e-10,4.2232028985e-10,2.26759666599e-10,6.68403735138e-11,4.65561235397e-11,3.71948478961e-11,3.15573747689e-11,2.90195853458e-11,2.31377608045e-11,1.12886765907e-11,8.07806252445e-12,9.32447955654e-12,9.45552577208e-12,7.19419055578e-12]},"melbands_crest":{"dmean":3.42389297485,"dmean2":5.45335102081,"dvar":9.92601680756,"dvar2":22.3900852203,"max":33.0987358093,"mean":11.5332555771,"median":10.595746994,"min":1.54243218899,"var":29.675819397},"melbands_flatness_db":{"dmean":0.0278416462243,"dmean2":0.0415274202824,"dvar":0.000982853351161,"dvar2":0.00193862617016,"max":0.401836842299,"mean":0.124863997102,"median":0.110695920885,"min":0.0028307933826,"var":0.00381020829082},"melbands_kurtosis":{"dmean":5.81437444687,"dmean2":9.18054580688,"dvar":152.488769531,"dvar2":346.880126953,"max":203.600326538,"mean":6.81132650375,"median":1.1701540947,"min":-1.79508316517,"var":232.946563721},"melbands_skewness":{"dmean":0.813106775284,"dmean2":1.19076776505,"dvar":1.01744687557,"dvar2":1.95303928852,"max":10.8701219559,"mean":1.68831026554,"median":1.13557004929,"min":-2.99528455734,"var":3.05626440048},"melbands_spread":{"dmean":12.7100667953,"dmean2":19.4699058533,"dvar":228.011932373,"dvar2":449.958770752,"max":251.313095093,"mean":44.9063491821,"median":42.7309341431,"min":1.50894916058,"var":759.255065918},"mfcc":{"cov":[[14148.7617188,1116.1282959,-533.123046875,320.256439209,-239.746246338,239.999084473,9.69271659851,-12.5406637192,-254.536880493,-41.2112808228,-124.405982971,-143.16217041,-70.7507095337],[1116.1282959,1228.91833496,60.6674118042,173.141342163,204.616378784,36.6385612488,71.6418228149,67.9265213013,11.3752040863,-38.6513900757,-11.7148628235,-38.0529098511,-59.4725494385],[-533.123046875,60.6674118042,624.362365723,172.876235962,217.468429565,33.7497558594,26.6262149811,14.5279369354,61.2957839966,-26.2143383026,-5.40656900406,16.5893154144,-1.75885093212],[320.256439209,173.141342163,172.876235962,332.713897705,118.728492737,70.8652114868,24.5304489136,23.4863376617,41.7614135742,-5.8542137146,-11.4075317383,8.02713012695,2.147108078],[-239.746246338,204.616378784,217.468429565,118.728492737,317.435119629,18.267162323,29.7308712006,39.099697113,64.1480178833,-10.5820388794,6.25597000122,12.2076787949,-24.4300289154],[239.999084473,36.6385612488,33.7497558594,70.8652114868,18.267162323,215.873794556,98.9154815674,42.0747489929,-4.58293771744,5.3177022934,5.91242170334,3.14116096497,8.6004781723],[9.69271659851,71.6418228149,26.6262149811,24.5304489136,29.7308712006,98.9154815674,157.610122681,59.424282074,0.394594907761,12.3040218353,16.4788990021,3.40688920021,2.62036204338],[-12.5406637192,67.9265213013,14.5279369354,23.4863376617,39.099697113,42.0747489929,59.424282074,101.359809875,29.3164310455,17.6687602997,19.1470489502,-4.21810722351,-3.1627664566],[-254.536880493,11.3752040863,61.2957839966,41.7614135742,64.1480178833,-4.58293771744,0.394594907761,29.3164310455,112.56137085,24.5481185913,9.93336868286,17.2269573212,4.9995059967],[-41.2112808228,-38.6513900757,-26.2143383026,-5.8542137146,-10.5820388794,5.3177022934,12.3040218353,17.6687602997,24.5481185913,70.0546035767,26.5969352722,5.79507112503,8.13306236267],[-124.405982971,-11.7148628235,-5.40656900406,-11.4075317383,6.25597000122,5.91242170334,16.4788990021,19.1470489502,9.93336868286,26.5969352722,74.9748458862,20.7466545105,-1.85302710533],[-143.16217041,-38.0529098511,16.5893154144,8.02713012695,12.2076787949,3.14116096497,3.40688920021,-4.21810722351,17.2269573212,5.79507112503,20.7466545105,67.8199768066,26.5518627167],[-70.7507095337,-59.4725494385,-1.75885093212,2.147108078,-24.4300289154,8.6004781723,2.62036204338,-3.1627664566,4.9995059967,8.13306236267,-1.85302710533,26.5518627167,61.0983390808]],"icov":[[0.0000897738718777,-0.0000829156051623,0.0000713683693903,-0.000111387264042,0.0000775483422331,-0.000104133883724,0.0000825779861771,-0.00000412812096329,0.00016575412883,-0.0000770041297073,0.000105746803456,0.0000355368210876,0.0000555774859095],[-0.0000829156051623,0.00113462342415,0.000180974253453,-0.000377927295631,-0.00066547608003,0.000297943683108,-0.000455046829302,-0.000379860895919,0.000034014290577,0.000597628066316,-0.0000742135962355,0.000339820835507,0.00048646639334],[0.0000713683693903,0.000180974253453,0.00243361410685,-0.00088432233315,-0.001337745809,-0.0000544251633983,-0.00029870000435,0.000433242152212,-0.000419489573687,0.000920910737477,-0.000082940205175,0.000225732714171,-0.000320934661431],[-0.000111387264042,-0.000377927295631,-0.00088432233315,0.00441977800801,-0.000715834030416,-0.00133558223024,0.000581227708608,-0.000017331500203,-0.000964303675573,-0.000167590391356,0.000671702378895,-0.000329586328007,-0.000536861130968],[0.0000775483422331,-0.00066547608003,-0.001337745809,-0.000715834030416,0.00553243095055,0.000158163107699,-0.000245322094997,-0.000850469223224,-0.00172403338365,0.000639130827039,0.0000447848105978,-0.00134345376864,0.00222622579895],[-0.000104133883724,0.000297943683108,-0.0000544251633983,-0.00133558223024,0.000158163107699,0.00724315550178,-0.00421662256122,-0.000742956995964,0.000654755916912,0.000215289066546,0.0000201823331736,-0.00000475212891615,-0.000678715587128],[0.0000825779861771,-0.000455046829302,-0.00029870000435,0.000581227708608,-0.000245322094997,-0.00421662256122,0.0111314794049,-0.00474603520706,0.00176072353497,-0.00112419377547,-0.00035759122693,-0.000837389030494,-0.000245326344157],[-0.00000412812096329,-0.000379860895919,0.000433242152212,-0.000017331500203,-0.000850469223224,-0.000742956995964,-0.00474603520706,0.0153842400759,-0.00373691762798,-0.000964478647802,-0.00286302645691,0.003218206577,-0.000648233573884],[0.00016575412883,0.000034014290577,-0.000419489573687,-0.000964303675573,-0.00172403338365,0.000654755916912,0.00176072353497,-0.00373691762798,0.013157390058,-0.00474491761997,0.00149719847832,-0.00286644068547,0.0000424659483542],[-0.0000770041297073,0.000597628066316,0.000920910737477,-0.000167590391356,0.000639130827039,0.000215289066546,-0.00112419377547,-0.000964478647802,-0.00474491761997,0.0197334475815,-0.00670122774318,0.00249533285387,-0.00277769728564],[0.000105746803456,-0.0000742135962355,-0.000082940205175,0.000671702378895,0.0000447848105978,0.0000201823331736,-0.00035759122693,-0.00286302645691,0.00149719847832,-0.00670122774318,0.0187130197883,-0.00730931153521,0.00441992655396],[0.0000355368210876,0.000339820835507,0.000225732714171,-0.000329586328007,-0.00134345376864,-0.00000475212891615,-0.000837389030494,0.003218206577,-0.00286644068547,0.00249533285387,-0.00730931153521,0.022091159597,-0.00986357126385],[0.0000555774859095,0.00048646639334,-0.000320934661431,-0.000536861130968,0.00222622579895,-0.000678715587128,-0.000245326344157,-0.000648233573884,0.0000424659483542,-0.00277769728564,0.00441992655396,-0.00986357126385,0.0226640161127]],"mean":[-645.955505371,80.9631958008,-21.0937995911,17.4128723145,5.66980457306,8.15697956085,0.976018965244,1.26998698711,-8.02619838715,-1.41589963436,-3.67881369591,-3.81749606133,-3.82207465172]},"pitch_salience":{"dmean":0.0665206387639,"dmean2":0.106888882816,"dvar":0.00357203953899,"dvar2":0.00894199032336,"max":0.857951045036,"mean":0.60641258955,"median":0.612747490406,"min":0.132627621293,"var":0.00953551847488},"silence_rate_20dB":{"dmean":0,"dmean2":0,"dvar":0,"dvar2":0,"max":1,"mean":1,"median":1,"min":1,"var":0},"silence_rate_30dB":{"dmean":0.000812347687315,"dmean2":0.00162491539959,"dvar":0.000811615900602,"dvar2":0.00216411682777,"max":1,"mean":0.999458491802,"median":1,"min":0,"var":0.000541166518815},"silence_rate_60dB":{"dmean":0.0411589480937,"dmean2":0.0823290422559,"dvar":0.0394660457969,"dvar2":0.0904432684183,"max":1,"mean":0.116420738399,"median":0,"min":0,"var":0.102863572538},"spectral_centroid":{"dmean":338.533294678,"dmean2":501.222106934,"dvar":153056.390625,"dvar2":296608.5,"max":11766.7333984,"mean":2245.85668945,"median":2220.34521484,"min":223.381912231,"var":1891146.25},"spectral_complexity":{"dmean":4.47738981247,"dmean2":6.33689928055,"dvar":21.4181137085,"dvar2":37.2559776306,"max":61,"mean":23.1554088593,"median":24,"min":0,"var":146.367767334},"spectral_contrast_coeffs":{"dmean":[0.0567306466401,0.0445316508412,0.0408982522786,0.0347561985254,0.0236831381917,0.01860345155],"dmean2":[0.0899361819029,0.0727322474122,0.0655818507075,0.0547856464982,0.037828091532,0.0282836519182],"dvar":[0.00246651074849,0.00132180284709,0.00116437394172,0.000800676993094,0.000374516355805,0.00026367069222],"dvar2":[0.00575934629887,0.00343265407719,0.00284629641101,0.0018986313371,0.00091222662013,0.000551569333766],"max":[-0.306323558092,-0.427433997393,-0.460168719292,-0.519411146641,-0.540020644665,-0.607281982899],"mean":[-0.630025863647,-0.767870306969,-0.764222502708,-0.757842421532,-0.777923882008,-0.764116704464],"median":[-0.625676572323,-0.771714568138,-0.767080903053,-0.757319688797,-0.777061700821,-0.759408891201],"min":[-0.982327580452,-0.978656470776,-0.985149562359,-0.983354747295,-0.981387197971,-0.975007593632],"var":[0.0101800682023,0.0052818832919,0.00540989171714,0.00401631556451,0.00241650245152,0.00291943829507]},"spectral_contrast_valleys":{"dmean":[0.553681433201,0.424991697073,0.377374112606,0.329984486103,0.291450232267,0.312073677778],"dmean2":[0.845255196095,0.665261983871,0.581158936024,0.489908218384,0.395589381456,0.402403384447],"dvar":[0.291092932224,0.176341712475,0.140363946557,0.121175296605,0.116581901908,0.135580480099],"dvar2":[0.55381333828,0.383773863316,0.277868926525,0.218996271491,0.180269360542,0.210758686066],"max":[-5.12903118134,-5.00200080872,-5.4922170639,-5.89706325531,-5.45440387726,-7.66866970062],"mean":[-8.44922065735,-7.6356511116,-7.93300390244,-7.90517568588,-7.60608863831,-10.1285657883],"median":[-8.02224349976,-7.07922792435,-7.31857442856,-7.28372192383,-6.94973754883,-9.54959011078],"min":[-28.2058391571,-28.6001014709,-27.8155136108,-27.7168521881,-27.4566764832,-27.4302825928],"var":[8.41977310181,8.53411388397,8.3482093811,8.32131481171,8.48808288574,6.59900522232]},"spectral_decrease":{"dmean":2.2578989789e-9,"dmean2":3.47558870573e-9,"dvar":1.34709952718e-17,"dvar2":3.0848463483e-17,"max":1.92560590667e-28,"mean":-4.5855133024e-9,"median":-3.23630877652e-9,"min":-3.75410422748e-8,"var":2.11637584249e-17},"spectral_energy":{"dmean":0.00900528114289,"dmean2":0.013753994368,"dvar":0.000201435294002,"dvar2":0.000458962924313,"max":0.144484698772,"mean":0.0195524003357,"median":0.0146510126069,"min":1.00164116246e-20,"var":0.000335968157742},"spectral_energyband_high":{"dmean":0.00043693423504,"dmean2":0.000587538059335,"dvar":4.27494086352e-7,"dvar2":8.2259117562e-7,"max":0.0203761570156,"mean":0.00131299591158,"median":0.00100120774005,"min":7.15538210164e-21,"var":0.00000169528675542},"spectral_energyband_low":{"dmean":0.00380932469852,"dmean2":0.0060951304622,"dvar":0.0000730633473722,"dvar2":0.000165841920534,"max":0.0919151231647,"mean":0.00475527299568,"median":0.00102445494849,"min":7.90626533699e-24,"var":0.0000959737008088},"spectral_energyband_middle_high":{"dmean":0.00205047079362,"dmean2":0.00298539991491,"dvar":0.00000670187137075,"dvar2":0.000013759758076,"max":0.0436121337116,"mean":0.00716382777318,"median":0.00577266747132,"min":1.08596889376e-21,"var":0.0000403115809604},"spectral_energyband_middle_low":{"dmean":0.00531418109313,"dmean2":0.00833551213145,"dvar":0.000109509186586,"dvar2":0.000256118160905,"max":0.122924119234,"mean":0.00748644536361,"median":0.00290813180618,"min":1.50024468861e-22,"var":0.000135087117087},"spectral_entropy":{"dmean":0.132036924362,"dmean2":0.194066733122,"dvar":0.0204573143274,"dvar2":0.0427254959941,"max":9.82775688171,"mean":7.88735294342,"median":7.90054702759,"min":6.048807621,"var":0.156296849251},"spectral_flux":{"dmean":0.0258497763425,"dmean2":0.0413871183991,"dvar":0.00114856823348,"dvar2":0.00269078067504,"max":0.320442676544,"mean":0.0840805768967,"median":0.0770034641027,"min":6.42051273259e-11,"var":0.00246943463571},"spectral_kurtosis":{"dmean":1.00289463997,"dmean2":1.6210296154,"dvar":1.56270587444,"dvar2":4.0785984993,"max":27.7941932678,"mean":4.03669309616,"median":3.78306889534,"min":-1.49604451656,"var":5.31400489807},"spectral_rms":{"dmean":0.00089076749282,"dmean2":0.00129289750475,"dvar":0.00000137900440222,"dvar2":0.00000285349710794,"max":0.0118726864457,"mean":0.00388192618266,"median":0.00378069700673,"min":3.12603718952e-12,"var":0.00000400616545448},"spectral_rolloff":{"dmean":764.482421875,"dmean2":1225.32324219,"dvar":1318600.625,"dvar2":2751102.75,"max":19509.0820313,"mean":3140.75170898,"median":2842.3828125,"min":21.533203125,"var":7831629},"spectral_skewness":{"dmean":0.159565716982,"dmean2":0.243733868003,"dvar":0.0272432565689,"dvar2":0.0636047571898,"max":3.89783239365,"mean":1.41836035252,"median":1.42771244049,"min":-0.159840241075,"var":0.160199180245},"spectral_spread":{"dmean":564817,"dmean2":800218.0625,"dvar":578313781248,"dvar2":1053494673410,"max":42546376,"mean":5457403,"median":4556464,"min":1653023,"var":24765542694900},"spectral_strongpeak":{"dmean":0.745601892471,"dmean2":1.26497018337,"dvar":1.10209012032,"dvar2":2.71257901192,"max":12.5803432465,"mean":1.17371797562,"median":0.616951704025,"min":0,"var":1.94877719879},"zerocrossingrate":{"dmean":0.0150907728821,"dmean2":0.0171827394515,"dvar":0.000307234469801,"dvar2":0.000357971293852,"max":0.5302734375,"mean":0.108880370855,"median":0.0986328125,"min":0.00927734375,"var":0.00500388909131}},"metadata":{"audio_properties":{"analysis_sample_rate":44100,"bit_rate":126209,"codec":"aac","downmix":"mix","equal_loudness":0,"length":171.502578735,"lossless":false,"md5_encoded":"e2d599f4672cd73410ba5fc5d5d71508","replay_gain":-9.41355323792,"sample_rate":44100},"tags":{"album":["Zinc Alloy and the Hidden Riders of Tomorrow"],"albumartistsort":["T. Rex"],"artist":["T. Rex"],"artistsort":["T. Rex"],"bpm":["0"],"catalognumber":["87 718 IT"],"date":["1974"],"discnumber":["1/1"],"encodedby":["iTunes v4.7.1.30, QuickTime 6.5.2"],"file_name":"02. Sound Pit_2-52.m4a","genre":["Alternative rock"],"label":["Ariola"],"language":["English"],"media":["12\" Vinyl"],"musicbrainz_albumartistid":["c842d29f-a297-48cd-bb71-4f77fd672b16"],"musicbrainz_albumid":["301ab123-4ede-48a5-a70e-6da57b203b12"],"musicbrainz_artistid":["c842d29f-a297-48cd-bb71-4f77fd672b16"],"musicbrainz_recordingid":["d8dfa209-f3da-4d87-9370-af43f4bba59f"],"musicbrainz_releasegroupid":["c44aca9e-2e97-3934-bd31-3ede7ad5828f"],"script":["Latin"],"title":["Sound Pit"],"tracknumber":["2/14"]},"version":{"essentia":"2.1-beta2","essentia_build_sha":"2d9f1f26377add8aeb1075a9c2973f962c4f09fd","essentia_git_sha":"v2.1_beta2-1-ge3940c0","extractor":"music 1.0"}},"rhythm":{"beats_count":371,"beats_loudness":{"dmean":0.0210378840566,"dmean2":0.0398851111531,"dvar":0.000273581215879,"dvar2":0.000875239027664,"max":0.100443862379,"mean":0.0306469872594,"median":0.0307187046856,"min":0,"var":0.000350066606188},"beats_loudness_band_ratio":{"dmean":[0.3862157166,0.123187482357,0.0650476068258,0.123742841184,0.163857802749,0.0971538648009],"dmean2":[0.739056169987,0.215757027268,0.117650419474,0.226738244295,0.309079170227,0.180537611246],"dvar":[0.060695271939,0.0122074736282,0.00899257138371,0.014189356938,0.022091876715