{"lowlevel":{"average_loudness":0.848285734653,"barkbands":{"dmean":[0.00000871235079103,0.000662458362058,0.00037493428681,0.000311197305564,0.000821308523882,0.000311018695356,0.000504828814883,0.000272740726359,0.000518482062034,0.000552446814254,0.00100588973146,0.000930576759856,0.000566407630686,0.000897467660252,0.00064159068279,0.000409550557379,0.00034260423854,0.000387072708691,0.000313386757625,0.000211175924051,0.000121317054436,0.0000520803769177,0.000043592070142,0.0000485485797981,0.0000602159598202,0.0000305937210214,0.00000170418377365],"dmean2":[0.0000124590378618,0.00108022533823,0.000640747370198,0.000520417350344,0.00138391996734,0.000512046040967,0.000740617630072,0.000419496267568,0.000777768378612,0.000859682390001,0.00160507042892,0.0015040297294,0.000886557041667,0.00143371336162,0.0010311389342,0.000660930527374,0.00055710086599,0.000628695415799,0.000509945966769,0.000339761609212,0.000194092455786,0.000080226600403,0.0000660430669086,0.0000706486898707,0.0000856355400174,0.0000458885151602,0.00000284326642941],"dvar":[4.12521267146e-10,0.00000220765969061,5.791311537e-7,5.61437786928e-7,0.00000439564382759,7.01873091202e-7,0.00000144737953178,4.43249916771e-7,0.0000024603455131,0.00000162472065313,0.00000428493694926,0.00000324703432852,0.00000176615276359,0.00000303532578982,0.00000165658798323,6.18979015599e-7,3.27666640487e-7,3.03703814097e-7,2.02537222549e-7,9.6794948945e-8,3.53299824951e-8,5.68300428938e-9,5.32586419411e-9,1.36332483081e-8,2.52689762448e-8,4.98550800643e-9,3.0349622121e-11],"dvar2":[7.64657615004e-10,0.00000528210830453,0.00000156383259764,0.00000149507673086,0.0000118706138892,0.00000182569715435,0.00000278118091046,8.92929449492e-7,0.00000478069932797,0.00000372720910491,0.0000105603376142,0.00000803112834546,0.00000408284813602,0.00000739210145184,0.0000039165738599,0.00000157006729751,8.4121427335e-7,7.83391840287e-7,5.20974481333e-7,2.3944522809e-7,8.72118874895e-8,1.36781279636e-8,1.25029551157e-8,2.5513612556e-8,4.41387655314e-8,1.19336753812e-8,7.73433816992e-11],"max":[0.000427299470175,0.0198577791452,0.0104929357767,0.0178193449974,0.0323917120695,0.0199262313545,0.0370474010706,0.0421084463596,0.0560922436416,0.0424688868225,0.0680277422071,0.0571720972657,0.0393484793603,0.0391202643514,0.0370516180992,0.0254169348627,0.0186007209122,0.0152867976576,0.0106852231547,0.00764617975801,0.00722681544721,0.00257606431842,0.00233209202997,0.00694429967552,0.00647506676614,0.00153947342187,0.000135916547151],"mean":[0.0000114739177661,0.000870099407621,0.00056494877208,0.000412912864704,0.00108434201684,0.000429598410847,0.00100419763476,0.000420274300268,0.000875469122548,0.000945712265093,0.00193948310334,0.00171798933297,0.0010576187633,0.00163760955911,0.00117078411859,0.00077679468086,0.000684987404384,0.000864427594934,0.000695482071023,0.000507414864842,0.000270924298093,0.000123244797578,0.000104230057332,0.000100313875009,0.000110669519927,0.0000447448437626,0.00000154973884037],"median":[0.00000110622193006,0.000258818734437,0.000279838423012,0.000141764903674,0.000536860257853,0.000180698989425,0.000255997263594,0.000176484245458,0.000282864406472,0.000312781048706,0.000671468675137,0.000591564632487,0.000347061664797,0.000653606082778,0.000535316357855,0.000404459773563,0.000421463540988,0.000557384337299,0.000474975153338,0.000341975450283,0.000179330076207,0.0000861300286488,0.0000706340651959,0.0000553381541977,0.0000515501997143,0.0000169698432728,2.64088782842e-7],"min":[8.40647651497e-26,9.40154861904e-25,2.87056671952e-25,1.40747872456e-25,3.81319978796e-24,5.40857117787e-24,6.68541394488e-24,5.10154256925e-24,1.0500030527e-23,1.47343581872e-23,1.18654249028e-23,1.49176310859e-23,1.88063682498e-23,2.07124613007e-23,3.20881510983e-23,3.9253093866e-23,6.4088972139e-23,6.70868392163e-23,9.05549462757e-23,1.5622771761e-22,1.97038306892e-22,2.64412190504e-22,3.81525647456e-22,5.24863971098e-22,7.97448306196e-22,1.08979278655e-21,1.89254218755e-21],"var":[7.82382048037e-10,0.00000295020163321,7.43046257412e-7,5.66928292756e-7,0.00000392927631765,7.69387440869e-7,0.00000611266159467,8.97449410786e-7,0.00000559576983505,0.00000384241957363,0.0000126383829411,0.00000848322997626,0.00000526334724782,0.00000699528891346,0.00000350858408638,0.00000131127990244,8.10847780031e-7,0.00000105361903024,5.75358512833e-7,3.12029470706e-7,1.02469066121e-7,1.69126526117e-8,1.44580107886e-8,4.24892938611e-8,7.45084491882e-8,7.32782101664e-9,2.56728024256e-11]},"barkbands_crest":{"dmean":2.2180018425,"dmean2":3.65595006943,"dvar":4.32446432114,"dvar2":11.1116409302,"max":23.9369430542,"mean":7.68574857712,"median":6.81879663467,"min":2.03209996223,"var":11.8784856796},"barkbands_flatness_db":{"dmean":0.0150901032612,"dmean2":0.0229298006743,"dvar":0.000174425134901,"dvar2":0.000387380772736,"max":0.266233891249,"mean":0.0966289415956,"median":0.0924466699362,"min":0.0250764694065,"var":0.000847736082505},"barkbands_kurtosis":{"dmean":0.760767221451,"dmean2":1.21301972866,"dvar":1.28726065159,"dvar2":2.85306859016,"max":54.0246162415,"mean":0.37131741643,"median":-0.150935649872,"min":-1.84056854248,"var":3.93616700172},"barkbands_skewness":{"dmean":0.32589545846,"dmean2":0.501636505127,"dvar":0.0934544354677,"dvar2":0.208532348275,"max":5.02940511703,"mean":0.222165882587,"median":0.156461685896,"min":-6.54976177216,"var":0.591393351555},"barkbands_spread":{"dmean":5.0401263237,"dmean2":7.71496105194,"dvar":27.1888542175,"dvar2":58.2139663696,"max":114.246772766,"mean":26.1921463013,"median":25.0427131653,"min":2.8232665062,"var":134.603286743},"dissonance":{"dmean":0.0135245891288,"dmean2":0.0230388529599,"dvar":0.000207153745578,"dvar2":0.000569918949623,"max":0.500000119209,"mean":0.475962907076,"median":0.481648385525,"min":0.272052496672,"var":0.000442146556452},"dynamic_complexity":2.40232753754,"erbbands":{"dmean":[0.0156940333545,0.166722223163,0.387765854597,0.79751086235,2.20642018318,2.89146471024,2.06318569183,2.60252952576,4.04060268402,10.0562391281,5.87224197388,10.9427089691,17.3225421906,25.2725906372,32.7525253296,39.0790367126,22.9810695648,43.6469421387,33.5698127747,27.6189632416,21.1873607635,15.7652769089,18.9912433624,18.8016719818,12.8840618134,10.1187458038,6.70691204071,3.10292482376,1.88475871086,1.51869928837,1.24634826183,0.959436416626,0.899523079395,0.744077324867,0.393556088209,0.172372624278,0.0522354245186,0.00547546101734,0.00030551533564,0.000012267521015],"dmean2":[0.0235504060984,0.278192967176,0.651368260384,1.34259557724,3.70549798012,4.92369937897,3.4570581913,4.2905216217,6.00012588501,14.9218187332,8.83596134186,16.0528125763,26.9029273987,39.1615409851,52.1831169128,62.9412689209,35.2181739807,69.7864685059,53.4518699646,44.6590576172,34.4443130493,25.5313053131,30.8559703827,30.4183273315,20.9651565552,16.3778820038,10.7485265732,4.92746162415,2.93402409554,2.32707428932,1.89403748512,1.4174541235,1.31878232956,1.08284568787,0.566024243832,0.247234970331,0.082467161119,0.00887692347169,0.000506860495079,0.0000185685657925],"dvar":[0.00134289788548,0.137015119195,0.512350201607,3.81776714325,31.0840034485,51.6258811951,24.8901996613,52.360622406,133.682403564,585.705200195,295.106140137,1531.16027832,1252.49682617,3510.52026367,4063.63549805,5734.43066406,2994.72998047,7149.93310547,4953.10839844,2767.0793457,1751.68408203,844.255310059,760.466918945,839.40222168,387.353302002,235.167144775,110.488739014,26.2153892517,7.55388021469,6.09700870514,4.72186994553,4.17075634003,5.38557672501,4.88852071762,0.934558033943,0.123897813261,0.0206857491285,0.000219935012865,0.00000105244578208,6.16033946077e-10],"dvar2":[0.00265729683451,0.347301930189,1.35283267498,10.2388143539,83.77734375,141.130599976,65.535736084,135.704177856,249.886703491,1152.1451416,568.028076172,2876.85083008,2946.25097656,7953.04638672,10398.2792969,14291.6738281,6607.37597656,17614.3691406,11352.8398438,6908.03759766,4565.29248047,2080.62548828,1954.99890137,2083.01904297,1001.37030029,590.018188477,276.631103516,63.6143569946,17.9522094727,14.8848257065,11.0637025833,7.9152765274,10.6387338638,8.75573825836,1.72039353848,0.2584194839,0.0532993935049,0.000580866471864,0.00000266566371465,1.50521717313e-9],"max":[0.385226607323,5.15661811829,9.97569847107,37.4325408936,83.807723999,110.451782227,84.1869049072,223.115432739,444.161315918,871.313964844,1180.45996094,1584.48022461,1204.71032715,1509.79541016,1865.28381348,1886.21228027,2031.3203125,2022.0994873,2421.41845703,1955.63049316,1689.87316895,1259.80395508,728.918518066,665.841064453,380.95993042,446.921691895,246.728805542,360.276306152,78.1223526001,113.360580444,89.8187789917,120.6485672,107.295715332,100.23979187,41.1940040588,9.15348529816,2.4897351265,0.324620634317,0.0271228905767,0.000681861012708],"mean":[0.0208703521639,0.211811035872,0.615111768246,1.15271675587,2.66118812561,3.79160499573,2.90418624878,3.63999462128,7.31629133224,19.6755657196,10.0182847977,19.2308540344,30.2301139832,52.1282310486,66.4653778076,75.0827865601,49.6140708923,85.4369735718,66.0318603516,55.9181861877,44.756565094,35.6779174805,44.4808616638,43.4580841064,30.7044887543,24.9755382538,15.8777036667,7.28072357178,4.53119897842,3.5224480629,2.9434466362,2.07733345032,1.74619448185,1.35400354862,0.698314666748,0.28909060359,0.0646084174514,0.00620471360162,0.000300612358842,0.0000340488113579],"median":[0.00339864590205,0.0717021152377,0.32557117939,0.466295272112,1.30504417419,1.69021081924,1.37223649025,1.44136548042,2.70310664177,5.26960420609,4.37895870209,6.19992351532,13.4786567688,20.0803546906,28.7877235413,28.2116317749,21.6345539093,38.3238983154,30.3345851898,30.9921150208,25.1102867126,23.0946865082,28.9254970551,29.6256027222,20.5245170593,16.9323959351,10.6786079407,5.0401391983,3.16972446442,2.40875267982,1.99014699459,1.27631008625,0.894037306309,0.645401954651,0.305412232876,0.113088034093,0.0221043154597,0.00206674984656,0.0000744196222513,0.0000287451657641],"min":[4.52928653918e-23,1.93341326037e-22,1.31742648936e-21,3.36504747225e-21,4.7996331094e-21,1.64704600812e-20,3.29710217819e-20,4.55753673115e-20,7.31761063745e-20,1.34993846791e-19,1.89957930544e-19,3.00284889577e-19,5.02497849863e-19,6.04259314879e-19,5.84713915884e-19,8.17810155478e-19,1.17689841007e-18,1.85861714056e-18,2.23785298163e-18,2.54898332057e-18,2.86859639668e-18,3.93104723457e-18,3.93724488531e-18,5.08731379561e-18,6.1300063906e-18,7.68891014584e-18,6.49769892623e-18,9.3509575332e-18,8.86477137482e-18,1.05634413566e-17,1.16606327463e-17,8.06972424752e-18,8.43032288222e-18,7.93316251865e-18,5.48191989324e-18,3.77875377122e-18,1.95965084173e-18,9.42043532798e-19,2.42909315845e-19,2.67110223037e-20],"var":[0.0022349813953,0.161685854197,0.718668222427,3.80492854118,25.5435752869,50.3291397095,27.0314655304,60.3252830505,359.308166504,2458.89453125,650.216125488,3567.97583008,2487.22412109,11616.5859375,10971.7675781,15676.5859375,9739.83105469,17162.3632812,11227.9453125,6398.41845703,3739.76611328,2269.87963867,2626.18798828,2448.98486328,1150.57580566,731.328613281,311.489715576,86.8113479614,21.7887859344,17.1585083008,12.6234788895,13.3586320877,15.6711978912,13.4054059982,2.61776924133,0.287591516972,0.0204256661236,0.000193067331566,8.93411879588e-7,8.65069349487e-10]},"erbbands_crest":{"dmean":2.56360292435,"dmean2":4.17768573761,"dvar":5.80565881729,"dvar2":14.5389003754,"max":31.1235675812,"mean":9.09198951721,"median":8.14566516876,"min":2.69127678871,"var":17.3213691711},"erbbands_flatness_db":{"dmean":0.0171611793339,"dmean2":0.0244355872273,"dvar":0.00023207909544,"dvar2":0.000449638522696,"max":0.346784323454,"mean":0.169635817409,"median":0.170547693968,"min":0.0340665839612,"var":0.0016794562107},"erbbands_kurtosis":{"dmean":0.742815375328,"dmean2":1.18317329884,"dvar":0.896930754185,"dvar2":2.08210587502,"max":32.5883750916,"mean":0.610826909542,"median":0.235705375671,"min":-1.67084646225,"var":2.49952602386},"erbbands_skewness":{"dmean":0.2877176404,"dmean2":0.451296329498,"dvar":0.0612262710929,"dvar2":0.14339093864,"max":3.6097266674,"mean":0.103839352727,"median":0.0451644696295,"min":-2.51763176918,"var":0.430961847305},"erbbands_spread":{"dmean":4.8717880249,"dmean2":7.4038567543,"dvar":26.2354660034,"dvar2":56.9263916016,"max":116.751739502,"mean":26.5028324127,"median":23.7498512268,"min":3.02972650528,"var":149.685943604},"gfcc":{"cov":[[36185.2929688,1375.45092773,-4589.26171875,751.461364746,-1554.9161377,684.930603027,-1130.57983398,451.716400146,-1154.8416748,111.017272949,-617.77746582,-41.0834655762,-432.12322998],[1375.45092773,576.555053711,-178.273422241,152.825164795,-39.1107063293,-19.0743293762,-24.0380573273,36.5595092773,15.0951032639,4.49104642868,15.0562200546,-13.7764005661,1.84079027176],[-4589.26171875,-178.273422241,1267.89916992,2.57096219063,208.930343628,-73.6565933228,20.9750289917,27.1970005035,191.058959961,61.8833885193,53.4380073547,68.3380279541,12.1881332397],[751.461364746,152.825164795,2.57096219063,302.650787354,47.1406173706,9.72972202301,-36.2682723999,28.4686985016,26.5709571838,20.8190116882,-10.0801181793,18.6162033081,35.1400947571],[-1554.9161377,-39.1107063293,208.930343628,47.1406173706,277.12109375,47.6610984802,135.683349609,0.93721306324,29.601600647,7.89325094223,23.7461490631,18.040063858,47.1044082642],[684.930603027,-19.0743293762,-73.6565933228,9.72972202301,47.6610984802,188.366348267,70.951789856,33.4405632019,-48.9571990967,5.88457012177,8.63787937164,3.8924472332,1.81805920601],[-1130.57983398,-24.0380573273,20.9750289917,-36.2682723999,135.683349609,70.951789856,245.975082397,22.2774162292,3.15440702438,-11.4077005386,31.2465801239,-4.10103225708,34.1692237854],[451.716400146,36.5595092773,27.1970005035,28.4686985016,0.93721306324,33.4405632019,22.2774162292,117.835327148,35.5930023193,25.3774738312,-7.56270313263,8.94461536407,-2.13911271095],[-1154.8416748,15.0951032639,191.058959961,26.5709571838,29.601600647,-48.9571990967,3.15440702438,35.5930023193,170.200241089,43.5382728577,26.1036167145,4.05978155136,6.20720338821],[111.017272949,4.49104642868,61.8833885193,20.8190116882,7.89325094223,5.88457012177,-11.4077005386,25.3774738312,43.5382728577,95.7065658569,23.5502433777,7.94516706467,-10.8122053146],[-617.77746582,15.0562200546,53.4380073547,-10.0801181793,23.7461490631,8.63787937164,31.2465801239,-7.56270313263,26.1036167145,23.5502433777,94.969291687,24.6790866852,3.83997154236],[-41.0834655762,-13.7764005661,68.3380279541,18.6162033081,18.040063858,3.8924472332,-4.10103225708,8.94461536407,4.05978155136,7.94516706467,24.6790866852,73.9691314697,19.1286811829],[-432.12322998,1.84079027176,12.1881332397,35.1400947571,47.1044082642,1.81805920601,34.1692237854,-2.13911271095,6.20720338821,-10.8122053146,3.83997154236,19.1286811829,82.3993911743]],"icov":[[0.000290930591291,-0.000303629785776,0.000751243205741,-0.000486336532049,0.00054244446801,-0.000744928198401,0.000821952533443,-0.00100210122764,0.00117772025988,-0.00097971665673,0.00118664035108,-0.000987468170933,0.000924924446736],[-0.000303629785776,0.00262199132703,-0.000452636188129,-0.000778121466283,-0.000329858099576,0.00133296044078,-0.000928047986235,0.000225764510105,-0.00126233848277,0.00139329419471,-0.00236065429635,0.00175939709879,-0.000722746888641],[0.000751243205741,-0.000452636188129,0.00318358815275,-0.00112563522998,0.000330224836944,-0.00150316848885,0.0025083553046,-0.00279973563738,0.0019756089896,-0.00256866822019,0.00291361380368,-0.00339207286015,0.00285630486906],[-0.000486336532049,-0.000778121466283,-0.00112563522998,0.00566491810605,-0.00238227727823,0.000610913732089,0.000324252818245,0.00116098439321,-0.00249718572013,0.0008897917578,-0.000895837438293,0.00084195099771,-0.00338723976165],[0.00054244446801,-0.000329858099576,0.000330224836944,-0.00238227727823,0.00797190144658,-0.00243665906601,-0.00211798097007,-0.000192957639229,0.00194910238497,-0.00236858497374,0.00265595479868,-0.00214157463051,0.000104765356809],[-0.000744928198401,0.00133296044078,-0.00150316848885,0.000610913732089,-0.00243665906601,0.00966026820242,-0.00363766727969,-0.000215380845475,-0.0000167697908182,0.0015332789626,-0.00423072418198,0.00261530186981,-0.00149940967094],[0.000821952533443,-0.000928047986235,0.0025083553046,0.000324252818245,-0.00211798097007,-0.00363766727969,0.00993266981095,-0.00489414390177,0.00312389270402,-0.00124370248523,0.000946278451011,-0.000774701649789,0.000604290689807],[-0.00100210122764,0.000225764510105,-0.00279973563738,0.00116098439321,-0.000192957639229,-0.000215380845475,-0.00489414390177,0.0154322050512,-0.00718886917457,0.00110522739124,-0.000329709320795,0.000668345077429,-0.00224934983999],[0.00117772025988,-0.00126233848277,0.0019756089896,-0.00249718572013,0.00194910238497,-0.0000167697908182,0.00312389270402,-0.00718886917457,0.0145321115851,-0.00667143939063,0.0024161527399,-0.0017992539797,0.00271627446637],[-0.00097971665673,0.00139329419471,-0.00256866822019,0.0008897917578,-0.00236858497374,0.0015332789626,-0.00124370248523,0.00110522739124,-0.00667143939063,0.0170950498432,-0.00735305994749,0.00340210576542,-0.0010052928701],[0.00118664035108,-0.00236065429635,0.00291361380368,-0.000895837438293,0.00265595479868,-0.00423072418198,0.000946278451011,-0.000329709320795,0.0024161527399,-0.00735305994749,0.0197671148926,-0.00970345642418,0.00458550825715],[-0.000987468170933,0.00175939709879,-0.00339207286015,0.00084195099771,-0.00214157463051,0.00261530186981,-0.000774701649789,0.000668345077429,-0.0017992539797,0.00340210576542,-0.00970345642418,0.0213920455426,-0.00750192860141],[0.000924924446736,-0.000722746888641,0.00285630486906,-0.00338723976165,0.000104765356809,-0.00149940967094,0.000604290689807,-0.00224934983999,0.00271627446637,-0.0010052928701,0.00458550825715,-0.00750192860141,0.0188802592456]],"mean":[-10.134768486,53.1561965942,-147.716491699,25.4390201569,-52.4377441406,19.773191452,-39.9720115662,12.8310308456,-35.3966751099,2.72453403473,-18.3153400421,-1.33811450005,-13.5934000015]},"hfc":{"dmean":6.3288230896,"dmean2":9.3865146637,"dvar":50.6493110657,"dvar2":107.370018005,"max":152.965072632,"mean":28.4706268311,"median":25.1342029572,"min":1.04743379573e-16,"var":357.510040283},"melbands":{"dmean":[0.000166057885508,0.000199856862309,0.000159921866725,0.000203911884455,0.0000771820050431,0.0000584208974033,0.0000736675137887,0.0000968532694969,0.0000481702445541,0.0000765624208725,0.0000878177670529,0.0000989555555861,0.000130756496219,0.000106111307105,0.0000731725158403,0.0000618853518972,0.0000892860698514,0.0000608256050327,0.0000434139910794,0.0000328167443513,0.0000266198785539,0.0000192687330127,0.0000161639600265,0.000023142367354,0.0000166333047673,0.0000115106313388,0.0000081345306171,0.00000744333692637,0.00000513244913236,0.00000341109512192,0.00000157126089562,0.00000120775007417,9.99314124783e-7,8.8680906174e-7,7.90933256667e-7,6.71869372582e-7,6.1194390355e-7,6.65384391141e-7,6.53125198369e-7,6.70940380587e-7],"dmean2":[0.000263276509941,0.000327563087922,0.000264799135039,0.000347100984072,0.000128857398522,0.0000961778714554,0.000108631247713,0.000144395191455,0.000072175731475,0.000113440415589,0.00013631535694,0.000152749329573,0.000209525140235,0.000171412903001,0.000114053269499,0.0000973577261902,0.000142990087625,0.0000970140608842,0.000068890491093,0.0000533450438525,0.0000435805086454,0.0000314305689244,0.0000262127905444,0.0000378447002731,0.0000270645250566,0.0000187701025425,0.0000131051310746,0.0000120898685054,0.00000829046439321,0.00000550970707991,0.00000251613846558,0.00000190458149518,0.00000156935448103,0.00000137619542784,0.0000012263624285,0.00000102961655557,9.17435954761e-7,9.94081119643e-7,9.70266569311e-7,9.8595523923e-7],"dvar":[1.45907577576e-7,1.35293277026e-7,1.14737147783e-7,2.98232862406e-7,3.25895825881e-8,2.52251233235e-8,3.59032625852e-8,5.03286301523e-8,2.56518664088e-8,6.48265228165e-8,3.2065390343e-8,5.54977006573e-8,7.15433614573e-8,4.74525734262e-8,2.41607480689e-8,2.24456151443e-8,3.22182565071e-8,1.62686291105e-8,7.68943664298e-9,3.74031650097e-9,2.60472532432e-9,1.40461742237e-9,7.03563096671e-10,1.3563650203e-9,7.26752769076e-10,3.27425059288e-10,1.89755572366e-10,1.24471682961e-10,7.01767186029e-11,3.1382285659e-11,7.90884979035e-12,3.25215809144e-12,2.53007445723e-12,2.11858113518e-12,1.88952109167e-12,1.45523382841e-12,2.16826253133e-12,3.44234688497e-12,2.69074541294e-12,4.7713109505e-12],"dvar2":[3.28943116301e-7,3.39652103776e-7,3.03823981085e-7,8.15135649646e-7,8.59005524489e-8,6.52893348274e-8,6.75283260421e-8,1.00651760704e-7,4.85692766006e-8,1.2574163577e-7,7.50653583736e-8,1.25701461684e-7,1.84172037621e-7,1.17813954148e-7,5.31305417439e-8,5.44984857243e-8,7.87018308301e-8,3.75192250601e-8,1.80410975048e-8,9.20675269356e-9,6.80937484177e-9,3.52373175083e-9,1.73819547644e-9,3.58544061108e-9,1.80313408649e-9,8.35860547443e-10,4.64180860416e-10,3.12911446754e-10,1.78452086441e-10,7.88810960994e-11,1.919855247e-11,7.82996063819e-12,6.23212245698e-12,5.16332419528e-12,4.57980051452e-12,3.12146098899e-12,4.1907102788e-12,7.14928463652e-12,5.10373774493e-12,8.89805416848e-12],"max":[0.00449272943661,0.00601468654349,0.00689794542268,0.00882698409259,0.00301578082144,0.00459379376844,0.00686498684809,0.00777272135019,0.00968214590102,0.00858554430306,0.00583993922919,0.00641035335138,0.00907584745437,0.00800526235253,0.00486104935408,0.0047687869519,0.00456090923399,0.00482827238739,0.00302300578915,0.00139898841735,0.00190934108105,0.00161242391914,0.000625457963906,0.00114543933887,0.000591275456827,0.000432774744695,0.000419438409153,0.000262939283857,0.000168625119841,0.000169762861333,0.000207164237509,0.0000432402666775,0.000072779112088,0.000049499929446,0.0000477322428196,0.000073010349297,0.000103618949652,0.000101162440842,0.0000707242725184,0.000100817393104],"mean":[0.000217616048758,0.000315842044074,0.000234617502429,0.000250062410487,0.000115053233458,0.0000814375962364,0.000141853990499,0.00018696123152,0.0000773119099904,0.000131761044031,0.000147729835589,0.000195052693016,0.000252929603448,0.000193815300008,0.000137144015753,0.000119118085422,0.000163735370734,0.000108675936644,0.0000810155106592,0.0000625035027042,0.0000513957093062,0.0000383091428375,0.0000322654886986,0.000047569435992,0.0000337750861945,0.0000242631631409,0.0000178475911525,0.0000163413551491,0.0000107275936898,0.00000682774998495,0.00000333457978741,0.00000265225912699,0.00000210347138818,0.0000018854358359,0.0000017346334289,0.00000144416105741,0.00000120364416034,0.00000122086271404,0.00000117183003567,0.00000114718284294],"median":[0.0000538788917765,0.000161665011547,0.000122192665003,0.00012098577281,0.0000545671027794,0.0000324252832797,0.0000476056156913,0.0000558103602089,0.0000264492100541,0.0000423946585215,0.0000607012916589,0.0000671555171721,0.0000966914958553,0.0000675826813676,0.0000489235353598,0.0000434271823906,0.0000654762407066,0.0000419810057792,0.0000374078590539,0.0000339819489454,0.0000277067356365,0.0000221487262024,0.0000202192895813,0.0000280993735942,0.0000211254791793,0.0000146833290273,0.0000111934250526,0.0000105361923488,0.00000654105497233,0.00000429454439654,0.00000200215049517,0.00000175159220817,0.00000143504121297,0.00000122374808598,0.0000011421061572,9.13849532935e-7,6.82379948103e-7,5.99914699251e-7,5.7102096207e-7,5.11424616434e-7],"min":[3.72662674096e-25,8.55706315924e-25,5.99093758456e-25,5.29155322752e-25,1.07174031216e-24,1.0891356812e-24,1.19868637283e-24,2.00506354002e-24,9.72410003812e-25,1.83730319662e-24,2.42621685301e-24,2.08227685099e-24,1.68590303954e-24,1.68609788818e-24,2.82223804363e-24,2.00164580015e-24,2.61999659007e-24,2.98537585934e-24,3.65623934479e-24,2.41515110666e-24,3.01160351229e-24,3.88285975577e-24,2.97162739427e-24,3.37508300728e-24,3.47938225186e-24,3.38837136923e-24,2.89148602883e-24,4.00465159649e-24,2.49197057883e-24,4.08467167457e-24,4.1136035427e-24,4.21883482644e-24,5.09190268899e-24,4.48788845994e-24,5.00959728087e-24,4.42482258044e-24,4.5333607691e-24,5.38491718362e-24,5.13234877089e-24,6.22973435943e-24],"var":[2.11064744349e-7,1.95741947095e-7,1.17887736906e-7,2.41127452227e-7,4.11119422949e-8,2.98737212745e-8,1.15824590807e-7,1.99595305617e-7,5.75276786208e-8,1.4576117735e-7,6.44244337877e-8,1.77183238748e-7,1.90972585301e-7,1.13850369132e-7,7.10029226525e-8,6.05877872317e-8,7.32663210101e-8,3.60573295666e-8,1.73918159874e-8,8.46201331228e-9,5.39384670262e-9,3.53327256342e-9,1.6017713822e-9,4.0200092144e-9,1.80944037531e-9,8.9828994243e-10,5.38646738324e-10,3.3450517356e-10,1.72218642125e-10,7.31998212045e-11,2.44677542116e-11,8.49382023049e-12,6.70707760164e-12,5.26433150544e-12,4.49974692923e-12,4.18137443073e-12,6.11530617811e-12,8.49141677112e-12,7.83880512584e-12,1.15520223595e-11]},"melbands_crest":{"dmean":2.81540131569,"dmean2":4.57801389694,"dvar":6.75135803223,"dvar2":17.1046009064,"max":29.3245048523,"mean":10.0966720581,"median":9.12458324432,"min":1.53301358223,"var":20.6010742188},"melbands_flatness_db":{"dmean":0.0166790988296,"dmean2":0.0259475428611,"dvar":0.000238082327996,"dvar2":0.000556949351449,"max":0.286812931299,"mean":0.116243690252,"median":0.112659104168,"min":0.00243937480263,"var":0.00141448911745},"melbands_kurtosis":{"dmean":1.55179226398,"dmean2":2.46022224426,"dvar":7.83489370346,"dvar2":18.1369972229,"max":93.2260055542,"mean":1.97196614742,"median":0.632059574127,"min":-1.75920963287,"var":20.0062217712},"melbands_skewness":{"dmean":0.396324634552,"dmean2":0.610195636749,"dvar":0.163948819041,"dvar2":0.361031800508,"max":8.45959281921,"mean":0.892257511616,"median":0.68513160944,"min":-2.2672624588,"var":0.902592480183},"melbands_spread":{"dmean":8.66930007935,"dmean2":13.6369905472,"dvar":80.4253387451,"dvar2":175.828948975,"max":224.426300049,"mean":44.5503196716,"median":41.8250350952,"min":3.79103851318,"var":528.491210938},"mfcc":{"cov":[[8949.02832031,1007.5144043,-744.837402344,72.3121414185,-56.8898696899,91.0781402588,221.661819458,58.5631790161,-4.14914941788,29.846113205,-73.7548675537,-92.1234893799,-90.9292068481],[1007.5144043,572.877380371,-30.6816368103,85.0146026611,23.9032402039,-13.2316560745,19.4488830566,22.0769100189,-7.810734272,16.7842330933,25.0052719116,9.10397815704,13.3836736679],[-744.837402344,-30.6816368103,584.88269043,71.5135040283,129.838851929,-56.8801422119,-122.221305847,-19.2309703827,0.373404413462,-1.1473338604,36.9928627014,60.709651947,44.5758018494],[72.3121414185,85.0146026611,71.5135040283,279.170959473,91.1282272339,9.69358253479,-38.0810890198,-2.61565876007,52.570350647,1.56928038597,-17.2427616119,29.4556121826,34.7305831909],[-56.8898696899,23.9032402039,129.838851929,91.1282272339,180.383773804,24.3716373444,-26.5673656464,0.390496373177,24.403175354,3.1021502018,7.76844024658,14.4532394409,22.4415206909],[91.0781402588,-13.2316560745,-56.8801422119,9.69358253479,24.3716373444,138.550643921,93.3700027466,24.9560661316,8.81658363342,10.0010986328,-0.0406490638852,-10.1669940948,-5.99280595779],[221.661819458,19.4488830566,-122.221305847,-38.0810890198,-26.5673656464,93.3700027466,233.346786499,66.3367080688,14.7030506134,6.40599012375,1.94127357006,-30.7025470734,-17.1187324524],[58.5631790161,22.0769100189,-19.2309703827,-2.61565876007,0.390496373177,24.9560661316,66.3367080688,109.533554077,30.9521923065,3.95974040031,3.9871032238,-4.07147884369,5.48074054718],[-4.14914941788,-7.810734272,0.373404413462,52.570350647,24.403175354,8.81658363342,14.7030506134,30.9521923065,119.209503174,34.2347755432,1.41361916065,3.15500664711,0.264373093843],[29.846113205,16.7842330933,-1.1473338604,1.56928038597,3.1021502018,10.0010986328,6.40599012375,3.95974040031,34.2347755432,93.2942810059,31.0963840485,11.3744478226,-4.91763544083],[-73.7548675537,25.0052719116,36.9928627014,-17.2427616119,7.76844024658,-0.0406490638852,1.94127357006,3.9871032238,1.41361916065,31.0963840485,89.5577316284,30.7258625031,4.01167345047],[-92.1234893799,9.10397815704,60.709651947,29.4556121826,14.4532394409,-10.1669940948,-30.7025470734,-4.07147884369,3.15500664711,11.3744478226,30.7258625031,92.8003311157,47.7372093201],[-90.9292068481,13.3836736679,44.5758018494,34.7305831909,22.4415206909,-5.99280595779,-17.1187324524,5.48074054718,0.264373093843,-4.91763544083,4.01167345047,47.7372093201,105.089164734]],"icov":[[0.000161019372172,-0.000281358283246,0.00018032862863,0.0000178614554898,-0.0000702708930476,-0.0000236632986343,-0.0000336773373419,0.0000148113904288,0.00000558481724511,-0.0000396999275836,0.000171739520738,-0.000049205362302,0.000114084854431],[-0.000281358283246,0.00249784300104,-0.0000361070451618,-0.00091768684797,-0.000123878286104,0.000776935950853,-0.000301295571262,-0.000530376506504,0.000820211251266,-0.000395660055801,-0.00100873806514,0.000283155270154,-0.000304317480186],[0.00018032862863,-0.0000361070451618,0.00266977027059,-0.0000966579609667,-0.00178841536399,0.000832451158203,0.000639128440525,-0.00030284843524,0.00034699216485,0.0000813516453491,-0.000567686452996,-0.000797261949629,-0.00000381236213798],[0.0000178614554898,-0.00091768684797,-0.0000966579609667,0.00540905026719,-0.00190948531963,-0.000784112955444,0.000713917892426,0.000607078021858,-0.00238163908944,0.000543005939107,0.00181547831744,-0.00135534780566,-0.000588838011026],[-0.0000702708930476,-0.000123878286104,-0.00178841536399,-0.00190948531963,0.00848203059286,-0.00265753874555,0.000984097830951,0.0000732286498533,-0.00099559687078,0.000465418648673,-0.000932124559768,0.00120994797908,-0.000951505906414],[-0.0000236632986343,0.000776935950853,0.000832451158203,-0.000784112955444,-0.00265753874555,0.0112907886505,-0.00458388077095,-0.0000970366454567,0.00107091164682,-0.00129081227351,0.000153429617058,-0.000379375822376,0.000359731406206],[-0.0000336773373419,-0.000301295571262,0.000639128440525,0.000713917892426,0.000984097830951,-0.00458388077095,0.00789442751557,-0.00333115551621,-0.000441546319053,0.000361005251762,-0.000793823739514,0.00145907280967,-0.000124131795019],[0.0000148113904288,-0.000530376506504,-0.00030284843524,0.000607078021858,0.0000732286498533,-0.0000970366454567,-0.00333115551621,0.012232051231,-0.00338393379934,0.00108444446232,-0.000426708429586,0.000239084518398,-0.00122661481146],[0.00000558481724511,0.000820211251266,0.00034699216485,-0.00238163908944,-0.00099559687078,0.00107091164682,-0.000441546319053,-0.00338393379934,0.0118588842452,-0.00459735793993,0.000802951748483,-0.00000572073031435,0.000645503983833],[-0.0000396999275836,-0.000395660055801,0.0000813516453491,0.000543005939107,0.000465418648673,-0.00129081227351,0.000361005251762,0.00108444446232,-0.00459735793993,0.0141973663121,-0.00457903556526,-0.000768323836382,0.000831070472486],[0.000171739520738,-0.00100873806514,-0.000567686452996,0.00181547831744,-0.000932124559768,0.000153429617058,-0.000793823739514,-0.000426708429586,0.000802951748483,-0.00457903556526,0.0157206878066,-0.00563141796738,0.00176029570866],[-0.000049205362302,0.000283155270154,-0.000797261949629,-0.00135534780566,0.00120994797908,-0.000379375822376,0.00145907280967,0.000239084518398,-0.00000572073031435,-0.000768323836382,-0.00563141796738,0.0175450369716,-0.00713821686804],[0.000114084854431,-0.000304317480186,-0.00000381236213798,-0.000588838011026,-0.000951505906414,0.000359731406206,-0.000124131795019,-0.00122661481146,0.000645503983833,0.000831070472486,0.00176029570866,-0.00713821686804,0.0133295096457]],"mean":[-626.941223145,85.8037109375,-33.0098457336,9.56961250305,3.73510766029,2.91749620438,7.99664783478,2.53710842133,-3.55342721939,-0.00272880238481,-3.99257087708,-3.46912765503,-1.43458986282]},"pitch_salience":{"dmean":0.058009956032,"dmean2":0.0937253311276,"dvar":0.00256245513447,"dvar2":0.00649667344987,"max":0.870258808136,"mean":0.585784196854,"median":0.587409317493,"min":0.17046071589,"var":0.00873427838087},"silence_rate_20dB":{"dmean":0,"dmean2":0,"dvar":0,"dvar2":0,"max":1,"mean":1,"median":1,"min":1,"var":0},"silence_rate_30dB":{"dmean":0,"dmean2":0,"dvar":0,"dvar2":0,"max":1,"mean":1,"median":1,"min":1,"var":0},"silence_rate_60dB":{"dmean":0.00949640292674,"dmean2":0.018994173035,"dvar":0.00940751191229,"dvar2":0.0225233510137,"max":1,"mean":0.0425149276853,"median":0,"min":0,"var":0.0407019257545},"spectral_centroid":{"dmean":214.768447876,"dmean2":337.708312988,"dvar":48872.140625,"dvar2":113410.851562,"max":11822.2597656,"mean":2352.60131836,"median":2201.14990234,"min":463.424804688,"var":2179919.25},"spectral_complexity":{"dmean":3.56158280373,"dmean2":5.51219511032,"dvar":12.3401222229,"dvar2":26.6888618469,"max":57,"mean":25.281993866,"median":25,"min":0,"var":100.246711731},"spectral_contrast_coeffs":{"dmean":[0.0484842471778,0.041990801692,0.0407907478511,0.0327505543828,0.0232813321054,0.0188122466207],"dmean2":[0.0792153328657,0.0681398287416,0.0657036527991,0.0527497082949,0.0377133116126,0.0290919542313],"dvar":[0.00167187082116,0.00117987161502,0.00109980476554,0.000706422957592,0.00037547343527,0.000264415342826],"dvar2":[0.0043556378223,0.00300583150238,0.00275233387947,0.00176414870657,0.000915895507205,0.000608498812653],"max":[-0.347288072109,-0.389374494553,-0.41430157423,-0.474062919617,-0.568599820137,-0.591380298138],"mean":[-0.658986449242,-0.742202281952,-0.72578471899,-0.734280347824,-0.755323946476,-0.770954549313],"median":[-0.659640431404,-0.749284207821,-0.72873288393,-0.735050439835,-0.754230380058,-0.768331885338],"min":[-0.983588337898,-0.980848371983,-0.978334844112,-0.975900173187,-0.969584405422,-0.966422319412],"var":[0.00769737409428,0.0064031323418,0.00706595368683,0.00464157899842,0.00283788586967,0.00229225028306]},"spectral_contrast_valleys":{"dmean":[0.431675493717,0.35567304492,0.311719208956,0.264243155718,0.223363667727,0.269129812717],"dmean2":[0.69785875082,0.566413164139,0.498720318079,0.416898787022,0.343883603811,0.361675292253],"dvar":[0.144209861755,0.107873871922,0.0805303528905,0.0658251941204,0.0629070103168,0.0832951515913],"dvar2":[0.320491284132,0.235190540552,0.175403282046,0.138919249177,0.125053569674,0.141562759876],"max":[-5.89372491837,-4.91271018982,-5.25947284698,-5.63463306427,-5.53771829605,-7.63583087921],"mean":[-8.46248722076,-7.7396068573,-7.68137931824,-7.80334043503,-7.60267019272,-10.1352748871],"median":[-7.96133136749,-7.23439455032,-7.15427970886,-7.26087665558,-7.01347732544,-9.67688941956],"min":[-28.7333641052,-28.2693309784,-28.1855392456,-27.8623218536,-27.6045913696,-27.4960384369],"var":[9.94669818878,10.5176448822,10.5465831757,10.4026241302,10.6242008209,8.14807891846]},"spectral_decrease":{"dmean":1.0994181121e-9,"dmean2":1.66478064667e-9,"dvar":1.91249017308e-18,"dvar2":4.3386706735e-18,"max":2.19134464416e-16,"mean":-4.1981818022e-9,"median":-3.82382525643e-9,"min":-1.849281972e-8,"var":6.98234239276e-18},"spectral_energy":{"dmean":0.00462343730032,"dmean2":0.00697146682069,"dvar":0.0000324636239384,"dvar2":0.000072894821642,"max":0.0821036621928,"mean":0.0184272825718,"median":0.0167908687145,"min":9.74654718088e-21,"var":0.000131278968183},"spectral_energyband_high":{"dmean":0.000343605875969,"dmean2":0.000510199402925,"dvar":2.03965797141e-7,"dvar2":4.28539863151e-7,"max":0.0138347502798,"mean":0.001026300597,"median":0.000827212294098,"min":6.85655098845e-21,"var":8.18049215923e-7},"spectral_energyband_low":{"dmean":0.000967755564488,"dmean2":0.00151916546747,"dvar":0.00000330584452968,"dvar2":0.00000730017154638,"max":0.0252076108009,"mean":0.00167086650617,"median":0.000826713978313,"min":8.87900025289e-24,"var":0.00000577063156015},"spectral_energyband_middle_high":{"dmean":0.00292578083463,"dmean2":0.00453119399026,"dvar":0.000013773414139,"dvar2":0.0000319245446008,"max":0.0761733949184,"mean":0.0115529624745,"median":0.00884387549013,"min":1.02782522547e-21,"var":0.0000946022119024},"spectral_energyband_middle_low":{"dmean":0.00215047388338,"dmean2":0.00331417075358,"dvar":0.0000148495773828,"dvar2":0.0000349476504198,"max":0.0592729635537,"mean":0.00458717392758,"median":0.00305499671958,"min":9.599515827e-23,"var":0.000025347508199},"spectral_entropy":{"dmean":0.117462322116,"dmean2":0.169475823641,"dvar":0.0124868862331,"dvar2":0.0244477130473,"max":9.82650661469,"mean":7.80175638199,"median":7.7664847374,"min":6.35427188873,"var":0.174791529775},"spectral_flux":{"dmean":0.0165222175419,"dmean2":0.0259337723255,"dvar":0.000285958900349,"dvar2":0.000659748970065,"max":0.218417108059,"mean":0.0758240148425,"median":0.0740547403693,"min":6.32902896758e-11,"var":0.00113511772361},"spectral_kurtosis":{"dmean":1.02316129208,"dmean2":1.70803189278,"dvar":0.943501353264,"dvar2":2.64080572128,"max":17.6592140198,"mean":4.39967870712,"median":4.35707473755,"min":-1.31441664696,"var":3.63862538338},"spectral_rms":{"dmean":0.000510664482135,"dmean2":0.000752446998376,"dvar":3.02564188814e-7,"dvar2":6.31592854461e-7,"max":0.00894992332906,"mean":0.0039959368296,"median":0.00404738634825,"min":3.0836385962e-12,"var":0.00000201039711101},"spectral_rolloff":{"dmean":473.562530518,"dmean2":785.61505127,"dvar":520212.03125,"dvar2":1069186.125,"max":19638.28125,"mean":3090.57421875,"median":2670.1171875,"min":107.666015625,"var":8119747.5},"spectral_skewness":{"dmean":0.146738275886,"dmean2":0.237796485424,"dvar":0.0165350232273,"dvar2":0.0421378649771,"max":2.956772089,"mean":1.48752868176,"median":1.5144110918,"min":-0.0771016404033,"var":0.125171467662},"spectral_spread":{"dmean":539598.375,"dmean2":768191.5,"dvar":546339454976,"dvar2":1109591588860,"max":51006956,"mean":5255729.5,"median":4079639,"min":1673224.75,"var":34723042689000},"spectral_strongpeak":{"dmean":0.944249987602,"dmean2":1.57854413986,"dvar":1.25673615932,"dvar2":3.12672472,"max":12.4182682037,"mean":1.90075242519,"median":1.50596368313,"min":0,"var":3.16678214073},"zerocrossingrate":{"dmean":0.00962082669139,"dmean2":0.0116742039099,"dvar":0.00015128996165,"dvar2":0.000175276203663,"max":0.7265625,"mean":0.104345083237,"median":0.09228515625,"min":0.02490234375,"var":0.00523549411446}},"metadata":{"audio_properties":{"analysis_sample_rate":44100,"bit_rate":173744,"codec":"mp3","downmix":"mix","equal_loudness":0,"length":322.742858887,"lossless":false,"md5_encoded":"e2f5f9e6e93e9f172daabf7296e9a3b5","replay_gain":-7.37775039673,"sample_rate":44100},"tags":{"acoustid_id":["d8206c17-748f-46bb-b9f2-533385be1215"],"album":["Tanx"],"albumartist":["T. Rex"],"albumartistsort":["T. Rex"],"artist":["T. Rex"],"artistsort":["T. Rex"],"asin":["B0000074AY"],"barcode":["740155139124"],"catalognumber":["EDCD391"],"date":["1994"],"file_name":"13 - Left Hand Luke & The Beggar Boys.mp3","label":["Edsel Records"],"media":["CD"],"musicbrainz album release country":["XE"],"musicbrainz album status":["official"],"musicbrainz album type":["album"],"musicbrainz_albumartistid":["c842d29f-a297-48cd-bb71-4f77fd672b16"],"musicbrainz_albumid":["625edf3b-2421-47df-bdbf-6e04f8865a36"],"musicbrainz_artistid":["c842d29f-a297-48cd-bb71-4f77fd672b16"],"musicbrainz_recordingid":["d8e00a47-dd5f-46fe-ae04-a421bf624376"],"musicbrainz_releasegroupid":["150be579-06f0-3ddf-8b6e-f725dda83e6b"],"originaldate":["1973"],"script":["Latn"],"title":["Left Hand Luke & The Beggar Boys"],"tracknumber":["13/20"]},"version":{"essentia":"2.1-beta2","essentia_build_sha":"70f2e5ece6736b2c40cc944ad0e695b16b925413","essentia_git_sha":"v2.1_beta2","extractor":"music 1.0"}},"rhythm":{"beats_count":905,"beats_loudness":{"dmean":0.0100210243836,"dmean2":0.0168928112835,"dvar":0.000066836415499,"dvar2":0.000190552236745,"max":0.0728724896908,"mean":0.0236370358616,"median":0.023046631366,"min":0,"var":0.00011557716789},"beats_loudness_band_ratio":{"dmean":[0.192456528544,0.0987684652209,0.105563990772,0.144518509507,0.107187762856,0.0528233237565],"dmean2":[0.336069762707,0.178838536143,0.184505060315,0.244705215096,0.184291347861,0.093851082027],"dvar":[0.0264056008309,0.0118566565216,0.0102108884603,0.0177295375615,0.00882338732481,0.0057