{"lowlevel":{"average_loudness":0.624087691307,"barkbands":{"dmean":[0.00182215694804,0.0132123241201,0.00476167863235,0.00355069153011,0.00359166087583,0.000469302845886,0.000138042159961,0.0000799283661763,0.0000854200116009,0.000054398766224,0.000024666196623,0.0000192361567315,0.0000192662373593,0.0000148585886564,0.0000256650073425,0.0000334687720169,0.0000441111224063,0.0000217185734073,0.0000239277524088,0.00000892470779945,0.00000468374901175,0.00000310566360895,0.0000025826111596,0.00000248178071161,0.00000245350543082,0.00000264758091362,0.000151576605276],"dmean2":[0.00283103692345,0.0202741026878,0.00763071561232,0.00545722153038,0.00481731258333,0.000667331216391,0.000215285574086,0.000128399973619,0.000136548915179,0.0000846515104058,0.0000393438822357,0.0000309371062031,0.0000309035749524,0.0000243210724875,0.0000402657060476,0.00005294274888,0.0000657839846099,0.0000325021828758,0.0000330000075337,0.0000133936164275,0.0000074243371273,0.00000513860231877,0.00000429392912338,0.00000411919972976,0.00000405887658417,0.00000433248578702,0.000198107227334],"dvar":[0.0000093767330327,0.000503397081047,0.000070375179348,0.000075525000284,0.000173208944034,0.00000234151366385,2.88784747227e-7,8.96461784805e-8,1.04825730318e-7,4.02127895427e-8,5.63961100042e-9,2.71212052816e-9,2.11829220831e-9,4.12877643186e-9,1.76232219928e-8,5.5070330518e-8,9.85321690905e-8,2.69404605291e-8,2.44757440981e-8,2.13498396739e-9,1.98452157485e-10,5.01898834993e-11,3.5485770572e-11,3.2906025127e-11,3.21153346972e-11,3.62433694168e-11,0.00000103526156181],"dvar2":[0.0000211050955841,0.0012404063018,0.000177486464963,0.000189308120753,0.000257921608863,0.0000042235105866,6.70363021982e-7,2.27752920523e-7,2.39132361912e-7,8.81792132645e-8,1.28912951425e-8,5.27457411081e-9,4.75724304394e-9,1.02567812021e-8,3.9423355247e-8,1.41543253562e-7,1.97137794089e-7,5.47613048241e-8,4.71807304336e-8,4.33829461244e-9,4.18024309612e-10,1.18914808556e-10,8.43241448889e-11,7.81772285796e-11,7.58895030151e-11,8.46289496814e-11,0.00000180727624866],"max":[0.0751060172915,0.338430404663,0.110103458166,0.218165054917,0.622102022171,0.0467598736286,0.0182179752737,0.00819277390838,0.0114371711388,0.0057433382608,0.00273706531152,0.00268752384,0.00116855744272,0.00319558358751,0.00439330982044,0.0098378919065,0.0109965205193,0.00598313612863,0.00601113960147,0.00194136356004,0.000552973884623,0.00015747427824,0.000132203349494,0.000127262363094,0.00012693523604,0.000134794958285,0.0453610830009],"mean":[0.00418506143615,0.0271394252777,0.00830925628543,0.0065053338185,0.00841198954731,0.000875615747645,0.000198382156668,0.000101978475868,0.000124558224343,0.0000729291059542,0.0000336586563208,0.0000252120371442,0.0000257946467173,0.0000177068559424,0.0000296792604786,0.0000426287951996,0.0000601696192462,0.0000308978633257,0.000033524200262,0.000011584236745,0.00000525885570823,0.0000032810094126,0.00000274046533377,0.00000251393589679,0.00000249390245699,0.00000305985963678,0.000246650510235],"median":[0.00279525970109,0.0183312706649,0.00355961918831,0.00261491490528,0.00124611670617,0.000122274359455,0.0000283518475044,0.0000218205132114,0.0000208141700568,0.0000148778317453,0.00000889651892066,0.00000658939597997,0.00000666247933623,0.00000477183675685,0.00000474867056255,0.00000536841480425,0.00000306371703118,0.00000199286432689,0.00000183304393886,0.00000116829653507,9.36686774367e-7,7.71353711571e-7,7.10693996098e-7,5.56706709176e-7,5.44671820535e-7,9.08307583813e-7,0.0000129826876218],"min":[1.97877033273e-23,5.99685623044e-23,2.35083200329e-23,8.42643706245e-24,6.32440957986e-23,3.54235118036e-23,2.19187558425e-23,2.09770957354e-23,1.10400591436e-22,6.10407946686e-23,7.53047061886e-23,1.32056792282e-22,8.88480406034e-23,6.41397053615e-23,7.51055093437e-23,1.00684280019e-22,1.32727437647e-22,2.92194811357e-22,2.00754106813e-22,4.86427537595e-22,3.51022352626e-22,5.60395881856e-22,7.31547951646e-22,8.61879789118e-22,1.21777364182e-21,1.54247565666e-21,2.28630742215e-21],"var":[0.0000239877426793,0.000934859388508,0.000154769659275,0.000159087241627,0.0012377158273,0.00000902603733266,6.53169138332e-7,1.18782111258e-7,2.27978773637e-7,6.7841732232e-8,1.4030733908e-8,5.02003771885e-9,4.11217015994e-9,4.92601559543e-9,2.38292212629e-8,5.32285717725e-8,1.90339477513e-7,5.96074443138e-8,5.63443123269e-8,4.43729541999e-9,3.32533861558e-10,7.25151744208e-11,5.0060046386e-11,4.68024438649e-11,4.6783108637e-11,5.68998632933e-11,0.00000284269799522]},"barkbands_crest":{"dmean":2.42621397972,"dmean2":3.89073848724,"dvar":5.36887168884,"dvar2":14.468328476,"max":25.2456474304,"mean":15.3882474899,"median":15.5145130157,"min":5.34820079803,"var":15.0266990662},"barkbands_flatness_db":{"dmean":0.0520949326456,"dmean2":0.0835848525167,"dvar":0.00191776698921,"dvar2":0.00522175058722,"max":0.550489485264,"mean":0.317335665226,"median":0.322072386742,"min":0.059477224946,"var":0.00633006868884},"barkbands_kurtosis":{"dmean":34.509349823,"dmean2":54.9373855591,"dvar":1992.89038086,"dvar2":5030.61376953,"max":696.831604004,"mean":80.62865448,"median":61.5594558716,"min":-1.8231151104,"var":4896.13037109},"barkbands_skewness":{"dmean":1.53562521935,"dmean2":2.3944132328,"dvar":2.2161231041,"dvar2":5.47850894928,"max":17.451587677,"mean":5.29730510712,"median":5.06907176971,"min":-1.95730388165,"var":8.48383712769},"barkbands_spread":{"dmean":2.25686955452,"dmean2":3.32508111,"dvar":61.0629386902,"dvar2":106.835113525,"max":131.43296814,"mean":5.54267835617,"median":1.82819592953,"min":0.222813114524,"var":236.416015625},"dissonance":{"dmean":0.0247163549066,"dmean2":0.0388300344348,"dvar":0.000569603464101,"dvar2":0.00142390897963,"max":0.500000238419,"mean":0.444990992546,"median":0.452332347631,"min":0.15715521574,"var":0.00159035273828},"dynamic_complexity":5.79447412491,"erbbands":{"dmean":[0.462343096733,2.93565249443,5.87427854538,7.80592441559,11.3559741974,14.4645328522,8.16315555573,3.72546482086,2.23280382156,1.76363873482,1.74666976929,1.83588576317,1.98746824265,1.23091006279,0.806204140186,0.812047541142,0.892746269703,0.659436523914,1.19417726994,1.40812683105,2.03068232536,2.41776967049,1.22516822815,1.46399354935,0.86896777153,0.41114667058,0.245413586497,0.148784101009,0.114032864571,0.0913149416447,0.0715311542153,0.0546430274844,0.0399100296199,0.0274588596076,0.0174507498741,0.0099694672972,0.00499992026016,0.00381625955924,0.0128425033763,0.00455224281177],"dmean2":[0.666903138161,4.63067007065,9.25765895844,12.0094594955,16.981256485,19.1805381775,10.4006528854,5.28682422638,3.45824337006,2.7416036129,2.80664110184,2.94340348244,3.0384914875,1.96385395527,1.30901324749,1.29020678997,1.42282378674,1.06626331806,1.8678715229,2.20984148979,3.13087916374,3.69030547142,1.74649477005,2.14704656601,1.18403124809,0.607933878899,0.379440069199,0.24106733501,0.188579961658,0.151394665241,0.118915215135,0.0907562673092,0.0662142708898,0.0454812347889,0.0288289729506,0.0164156630635,0.00815811939538,0.00559784146026,0.0169331151992,0.00602784752846],"dvar":[0.551547765732,27.5331554413,101.160316467,254.261535645,1348.10327148,4351.83837891,1608.64807129,164.090774536,65.7257156372,49.9262580872,42.5270195007,44.3247489929,62.5603942871,13.9624261856,3.59626030922,5.73480415344,5.05226898193,3.10550999641,51.3335227966,43.7322235107,249.588760376,299.212036133,76.0261535645,129.455108643,31.6478290558,3.82820034027,0.931425690651,0.119206868112,0.0674840807915,0.0437824316323,0.0272803716362,0.0159441269934,0.00853377394378,0.00403052894399,0.00162047136109,0.000525164185092,0.000127528590383,0.000303925917251,0.00899579841644,0.000680331955664],"dvar2":[1.16585409641,71.2537002563,255.861358643,607.201782227,2961.74560547,6303.54394531,1886.53845215,317.421630859,138.837860107,105.390892029,109.628112793,101.568405151,120.721946716,32.5503616333,8.29555511475,10.7410240173,11.0403957367,7.23303461075,120.936325073,100.208839417,623.267272949,617.488220215,145.928833008,283.336364746,56.5619888306,7.189204216,1.89341533184,0.269405424595,0.160162732005,0.103666976094,0.064894720912,0.0379274338484,0.0202518925071,0.00954046659172,0.00382336019538,0.00123304489534,0.000296297686873,0.000567080860492,0.0152341825888,0.00124915980268],"max":[14.2817430496,79.1189575195,156.103775024,305.641540527,1401.48486328,3673.51464844,2450.02539062,458.599487305,306.773956299,313.474945068,202.446182251,237.851654053,409.171722412,95.469329834,42.6260604858,137.910736084,61.6287536621,59.8660392761,353.009552002,231.240112305,666.74597168,568.242248535,364.913635254,510.0753479,257.849243164,75.0186767578,42.8493614197,7.22850227356,5.75444841385,4.64046621323,3.6852684021,2.79629039764,2.06259560585,1.42097616196,0.901958882809,0.513680577278,0.251615941525,0.896477460861,3.15989899635,1.24589586258],"mean":[1.03998732567,4.89508008957,10.2779340744,15.6039199829,23.7687149048,32.4792671204,17.8389015198,7.45769691467,3.81256151199,2.54185843468,2.33668899536,2.66426944733,3.0019826889,1.80804002285,1.09278666973,1.09661316872,1.22215199471,0.84104424715,1.427739501,1.76371312141,2.67402243614,3.33043384552,1.77740573883,2.04138278961,1.24178218842,0.535498380661,0.291726440191,0.162504479289,0.120418392122,0.0964212939143,0.0759465247393,0.0564759485424,0.0399784520268,0.0277466848493,0.0178911183029,0.0104684643447,0.00599259510636,0.00577372405678,0.0205094236881,0.00919844023883],"median":[0.709284901619,2.69358444214,4.98677396774,7.53140068054,7.43720912933,3.75295758247,1.83254289627,0.934724390507,0.48540109396,0.404418796301,0.519803702831,0.480097740889,0.501277565956,0.436798125505,0.352520257235,0.284026294947,0.314642608166,0.258797943592,0.290777772665,0.299619466066,0.2642352283,0.184303686023,0.121099375188,0.107720434666,0.0802535042167,0.0544935949147,0.042877253145,0.0340576916933,0.0280669685453,0.0235556475818,0.0199997425079,0.0135199045762,0.00844638887793,0.00599533785135,0.0040068407543,0.00246146135032,0.00189275294542,0.00128432433121,0.00113136635628,0.00277237198316],"min":[1.07707781289e-21,1.57369318236e-20,3.52777280111e-20,1.80245967429e-20,1.45613243194e-19,2.37904097657e-19,1.30695040847e-19,3.9252263646e-19,3.39606755302e-19,2.63828765235e-19,9.12212401379e-19,2.30662229622e-18,2.14425563417e-18,2.5028216793e-18,2.83645050372e-18,6.07169015742e-18,5.32740214123e-18,3.72116090749e-18,3.93943071008e-18,3.83408305522e-18,5.46535849661e-18,8.62553171652e-18,1.55481946824e-17,8.50340180779e-18,1.26280618317e-17,1.94436446129e-17,1.92783590373e-17,1.50199918849e-17,2.04073828185e-17,1.94421639596e-17,1.98515058663e-17,1.76428608389e-17,1.48539535749e-17,1.27597837268e-17,9.15955951998e-18,5.05470013201e-18,3.15826656859e-18,1.15065517456e-18,3.72234972112e-19,3.2150843124e-20],"var":[1.43171429634,41.4999694824,200.254165649,573.340942383,4745.67382812,28559.7929688,12151.3134766,739.167480469,200.626358032,115.999946594,60.5904083252,86.0992279053,177.188171387,30.5444545746,6.88706445694,10.5588731766,10.0504570007,4.54018735886,63.2291603088,60.2857017517,267.537475586,572.728027344,183.558685303,246.713943481,74.9822769165,8.68429374695,1.6789778471,0.193133831024,0.0972481966019,0.0627871975303,0.0384065844119,0.0225535798818,0.0121682416648,0.00582216307521,0.0023831075523,0.0007924514357,0.000204086289159,0.000702970603015,0.0224797781557,0.00181971129496]},"erbbands_crest":{"dmean":2.8397154808,"dmean2":4.55791091919,"dvar":7.20146989822,"dvar2":17.8903541565,"max":30.3977165222,"mean":12.1064805984,"median":11.4061822891,"min":2.84112381935,"var":21.1881065369},"erbbands_flatness_db":{"dmean":0.042000092566,"dmean2":0.0679203793406,"dvar":0.00122470152564,"dvar2":0.00334161403589,"max":0.418301641941,"mean":0.173279047012,"median":0.170392900705,"min":0.0448237173259,"var":0.00292733241804},"erbbands_kurtosis":{"dmean":6.54107809067,"dmean2":10.5431137085,"dvar":81.2341461182,"dvar2":209.436828613,"max":155.00289917,"mean":10.0482368469,"median":6.09356594086,"min":-1.83844804764,"var":150.001220703},"erbbands_skewness":{"dmean":0.767037570477,"dmean2":1.19476723671,"dvar":0.573072373867,"dvar2":1.32679378986,"max":9.10562419891,"mean":2.25867772102,"median":2.22000002861,"min":-4.04445981979,"var":2.3110499382},"erbbands_spread":{"dmean":9.66978931427,"dmean2":15.6005506516,"dvar":88.1482620239,"dvar2":217.683044434,"max":123.926712036,"mean":24.5537338257,"median":20.8553199768,"min":1.0594984293,"var":265.211090088},"gfcc":{"cov":[[19771.8457031,3142.74829102,419.614593506,-104.342987061,47.9831619263,12.6746644974,-495.809173584,53.5577430725,-215.646316528,-282.208068848,-7.95565652847,-232.014373779,36.0433883667],[3142.74829102,1486.15222168,623.744140625,-60.096244812,101.120231628,33.2432327271,12.5322771072,-135.96321106,53.8099021912,-184.514251709,-15.0649738312,-37.1833305359,2.95583677292],[419.614593506,623.744140625,572.812011719,92.1903305054,-19.7918701172,93.4970550537,63.7765693665,-61.0463523865,32.2145881653,-55.9618988037,-12.1748924255,-3.82856583595,-14.1307697296],[-104.342987061,-60.096244812,92.1903305054,190.625335693,105.618927002,25.6220932007,45.5935821533,-13.8181209564,7.84761762619,0.806580424309,-18.0620880127,-12.13352108,-13.6892547607],[47.9831619263,101.120231628,-19.7918701172,105.618927002,419.951599121,-50.1723976135,95.0201721191,-75.9492340088,79.2366409302,-84.9392776489,-11.8163099289,-31.716802597,18.7768859863],[12.6746644974,33.2432327271,93.4970550537,25.6220932007,-50.1723976135,243.076629639,11.0719203949,18.1805477142,-21.0542297363,35.7767601013,-26.3692703247,-6.8412976265,-14.6548557281],[-495.809173584,12.5322771072,63.7765693665,45.5935821533,95.0201721191,11.0719203949,134.057174683,4.93367385864,53.4337806702,-16.7728099823,4.89461088181,3.00067329407,-6.18445920944],[53.5577430725,-135.96321106,-61.0463523865,-13.8181209564,-75.9492340088,18.1805477142,4.93367385864,100.340744019,9.75584697723,40.3669281006,8.50153160095,-0.203147098422,-1.34759187698],[-215.646316528,53.8099021912,32.2145881653,7.84761762619,79.2366409302,-21.0542297363,53.4337806702,9.75584697723,92.2204666138,3.90904593468,7.69258546829,1.36038637161,7.74275255203],[-282.208068848,-184.514251709,-55.9618988037,0.806580424309,-84.9392776489,35.7767601013,-16.7728099823,40.3669281006,3.90904593468,85.9640197754,25.9482002258,11.4717149734,-8.15091991425],[-7.95565652847,-15.0649738312,-12.1748924255,-18.0620880127,-11.8163099289,-26.3692703247,4.89461088181,8.50153160095,7.69258546829,25.9482002258,56.2459259033,25.3546409607,3.6599407196],[-232.014373779,-37.1833305359,-3.82856583595,-12.13352108,-31.716802597,-6.8412976265,3.00067329407,-0.203147098422,1.36038637161,11.4717149734,25.3546409607,48.3193817139,18.6763935089],[36.0433883667,2.95583677292,-14.1307697296,-13.6892547607,18.7768859863,-14.6548557281,-6.18445920944,-1.34759187698,7.74275255203,-8.15091991425,3.6599407196,18.6763935089,50.5062561035]],"icov":[[0.000190955688595,-0.000865904905368,0.000675754388794,-0.000698104151525,-0.000029345485018,0.0000476181303384,0.000396486837417,-0.000914377975278,0.000738920411095,-0.000371904287022,-0.000262766639935,0.000428282801295,-0.000349497655407],[-0.000865904905368,0.00658389739692,-0.00575094111264,0.00503198662773,-0.000129780688439,-0.00109006499406,0.00033481157152,0.0047091958113,-0.00539651466534,0.00660415366292,-0.00184389099013,0.000336415541824,0.0017884176923],[0.000675754388794,-0.00575094111264,0.00977548863739,-0.00870574451983,0.00506258616224,-0.00200348673388,-0.0012663124362,0.000357466400601,-0.00143130077049,0.00236760824919,-0.00410388223827,0.00318647967651,-0.00265866774134],[-0.000698104151525,0.00503198662773,-0.00870574451983,0.015774147585,-0.00772421853617,0.00224935659207,-0.00178801303264,-0.0000715040805517,0.00455441791564,-0.00799799803644,0.00944452732801,-0.00591326504946,0.00486018136144],[-0.000029345485018,-0.000129780688439,0.00506258616224,-0.00772421853617,0.0115667777136,-0.00330351805314,-0.00217076810077,0.0077470834367,-0.0107769733295,0.0135751375929,-0.0105280503631,0.0100850015879,-0.00508988648653],[0.0000476181303384,-0.00109006499406,-0.00200348673388,0.00224935659207,-0.00330351805314,0.00778869818896,-0.00224802293815,-0.00304208067246,0.00714539177716,-0.0116605442017,0.00981198158115,-0.0041300742887,0.00104959541932],[0.000396486837417,0.00033481157152,-0.0012663124362,-0.00178801303264,-0.00217076810077,-0.00224802293815,0.0158791672438,-0.00484450021759,-0.00622894894332,0.00781265832484,-0.00511265313253,-0.00169655238278,0.00404202612117],[-0.000914377975278,0.0047091958113,0.000357466400601,-0.0000715040805517,0.0077470834367,-0.00304208067246,-0.00484450021759,0.023092566058,-0.0115984547883,0.00546655245125,-0.00581746036187,0.00753133092076,-0.00298544508405],[0.000738920411095,-0.00539651466534,-0.00143130077049,0.00455441791564,-0.0107769733295,0.00714539177716,-0.00622894894332,-0.0115984547883,0.031721688807,-0.024189023301,0.0131523385644,-0.00673187850043,-0.00160032277927],[-0.000371904287022,0.00660415366292,0.00236760824919,-0.00799799803644,0.0135751375929,-0.0116605442017,0.00781265832484,0.00546655245125,-0.024189023301,0.0522826984525,-0.030941715464,0.0124578364193,0.000827102048788],[-0.000262766639935,-0.00184389099013,-0.00410388223827,0.00944452732801,-0.0105280503631,0.00981198158115,-0.00511265313253,-0.00581746036187,0.0131523385644,-0.030941715464,0.0469437390566,-0.0262130852789,0.00696850754321],[0.000428282801295,0.000336415541824,0.00318647967651,-0.00591326504946,0.0100850015879,-0.0041300742887,-0.00169655238278,0.00753133092076,-0.00673187850043,0.0124578364193,-0.0262130852789,0.0459037125111,-0.0180234499276],[-0.000349497655407,0.0017884176923,-0.00265866774134,0.00486018136144,-0.00508988648653,0.00104959541932,0.00404202612117,-0.00298544508405,-0.00160032277927,0.000827102048788,0.00696850754321,-0.0180234499276,0.0296684782952]],"mean":[-135.110336304,118.566940308,-21.1915836334,25.1080055237,0.0669093504548,-0.359530001879,-7.38769960403,-10.1293334961,-5.47003316879,-14.5230560303,-9.02928924561,-6.93506145477,-2.0050842762]},"hfc":{"dmean":49.6826820374,"dmean2":70.6283035278,"dvar":6311.4375,"dvar2":12544.7441406,"max":2266.49145508,"mean":147.477401733,"median":102.361427307,"min":1.16722768023e-16,"var":27824.8515625},"melbands":{"dmean":[0.0037318400573,0.0032916709315,0.0014752780553,0.000863604713231,0.000382998114219,0.0000805635500001,0.0000334686992574,0.0000183447064046,0.0000140605916386,0.0000120950553537,0.0000100340885183,0.00000533810998604,0.00000304606828649,0.00000213894713852,0.00000215705767914,0.00000177879451257,0.0000011767997421,0.00000190181492599,0.00000194105723494,0.00000190125763311,0.00000263197807726,0.00000268167377726,0.00000177557660663,8.79547428667e-7,0.0000012972282093,7.96029269168e-7,4.35809056398e-7,2.33771103808e-7,1.67745255908e-7,1.08753901884e-7,7.89994203387e-8,6.57884129396e-8,5.62066979626e-8,4.85885003343e-8,4.18911838551e-8,3.65889718523e-8,3.21436743889e-8,2.83494259179e-8,2.51549145958e-8,2.24641709679e-8],"dmean2":[0.00557634560391,0.00513474782929,0.00227573444135,0.00120043067727,0.000485768454382,0.000115118382382,0.0000517599437444,0.0000291123269562,0.0000227259642998,0.000019306449758,0.0000153322998813,0.00000853775509313,0.00000490758975502,0.00000347933473677,0.00000345095600096,0.00000283344729723,0.00000192526454157,0.00000301902264255,0.0000030769795103,0.00000301039199258,0.00000412486770074,0.00000403219655709,0.00000272095712717,0.00000128854958348,0.00000194103222384,0.00000111843371542,6.48739728604e-7,3.57754373681e-7,2.60823298959e-7,1.72822950617e-7,1.29249897896e-7,1.08817083344e-7,9.33242247925e-8,8.06662470154e-8,6.96436472936e-8,6.08315886552e-8,5.33710071693e-8,4.70437981903e-8,4.17049470514e-8,3.7196429048e-8],"dvar":[0.000037890895328,0.0000305172234221,0.0000115174379971,0.00000912169070943,0.00000332615263687,7.27113231846e-8,1.48508654263e-8,5.23498755456e-9,2.69031952271e-9,2.16150985999e-9,1.56667001594e-9,2.98709695867e-10,6.79379399959e-11,3.02177310951e-11,2.86146297629e-11,1.72584585512e-11,1.08315309846e-11,1.55823423609e-10,1.00036812167e-10,8.70909455664e-11,4.45217668288e-10,3.49248741038e-10,2.156151091e-10,3.67367108955e-11,1.0529577904e-10,2.74671604905e-11,7.46284718051e-12,1.05914723606e-12,5.46337606232e-13,9.3537197844e-14,3.12246159918e-14,2.24467610433e-14,1.6635159572e-14,1.23633589667e-14,9.35469031475e-15,7.14449929339e-15,5.51614113273e-15,4.30784058666e-15,3.3876724854e-15,2.6963163588e-15],"dvar2":[0.000088876207883,0.0000767181700212,0.0000284388752334,0.0000152035308929,0.0000039866449697,1.41367877404e-7,3.23773505784e-8,1.13041247474e-8,6.85375844967e-9,4.86698104041e-9,3.06026848307e-9,6.99784397096e-10,1.56073806656e-10,6.08173233996e-11,6.02342828393e-11,3.84982601354e-11,2.54379677045e-11,3.80089903995e-10,2.27730417857e-10,2.17075205033e-10,1.10420483868e-9,7.00223656835e-10,4.82196782503e-10,6.77106773428e-11,2.36950070676e-10,5.00845302731e-11,1.3756353695e-11,2.14538998546e-12,1.16143650686e-12,1.96966344602e-13,7.30010602207e-14,5.3373436584e-14,3.94193378839e-14,2.92569482909e-14,2.22511794417e-14,1.70141814049e-14,1.31165940265e-14,1.02270131247e-14,8.02949032811e-15,6.37943838312e-15],"max":[0.103578798473,0.0830114334822,0.0947786122561,0.146155834198,0.110827378929,0.00958893354982,0.00434371083975,0.0029800941702,0.0015943904873,0.00180406437721,0.00196936028078,0.000512050464749,0.000263902213192,0.000253652804531,0.00019826204516,0.0000883065440576,0.000102183126728,0.000635812000837,0.000403915037168,0.000338711892255,0.00082849629689,0.000591095769778,0.000623070402071,0.00026968261227,0.00045256287558,0.00022450448887,0.000126977916807,0.0000323324056808,0.0000328975256707,0.000011210003322,0.00000381002587346,0.00000331758974426,0.00000286034946839,0.00000244878629019,0.00000214884516936,0.00000188916965271,0.00000164338814557,0.00000146551826674,0.00000130155513034,0.00000116233729841],"mean":[0.00823317654431,0.00595363089815,0.00313896569423,0.00192550604697,0.000896624813322,0.000155793153681,0.0000561883607588,0.0000257572501141,0.0000186601700989,0.0000173978478415,0.0000149733996295,0.00000750692925067,0.00000407952438763,0.00000275908359981,0.00000292810068458,0.00000236436903833,0.00000141723035085,0.00000221935169975,0.00000227501959671,0.00000245097908191,0.00000332301692652,0.00000359691057383,0.00000240923623096,0.00000124207861063,0.00000174691001575,0.00000110451003366,5.91198386246e-7,2.93739958579e-7,1.97891523612e-7,1.21453467727e-7,8.43411527285e-8,6.91824055821e-8,5.91237316883e-8,5.12414288778e-8,4.43521983584e-8,3.90015131302e-8,3.25814930591e-8,2.82888095171e-8,2.52496423769e-8,2.27156000676e-8],"median":[0.00576975569129,0.00330152479,0.00146238668822,0.000408731488278,0.0000824334128993,0.0000203138606594,0.00000687648753228,0.00000443118960902,0.00000417415412812,0.00000285972078018,0.00000247281013799,0.00000175383627266,0.00000119072626603,8.04872627214e-7,6.9312488904e-7,6.08156540238e-7,4.25647243674e-7,4.46690421541e-7,3.69791138155e-7,3.7869600078e-7,2.74237919484e-7,1.88305634197e-7,1.27748918999e-7,8.88319888759e-8,8.55044888226e-8,6.34390389109e-8,4.58866047381e-8,3.34935776891e-8,2.77413132466e-8,2.25354543915e-8,1.85073680825e-8,1.62086575273e-8,1.41005900289e-8,1.25216148561e-8,1.15627392105e-8,1.03857127343e-8,7.26675164486e-9,5.88336002139e-9,5.32296784428e-9,4.89657514535e-9],"min":[1.51342081142e-23,2.02524007762e-23,6.48688368744e-24,1.58243604321e-23,5.07755449241e-24,8.39293413981e-24,5.10701016418e-24,2.52627873124e-24,8.95090650212e-24,1.58538370087e-23,1.06144437573e-23,9.62679937027e-24,1.02494764706e-23,1.20671445249e-23,1.35173083158e-23,1.02374629079e-23,6.5742318889e-24,5.72632868922e-24,5.55237184342e-24,5.30540355425e-24,6.71925686657e-24,5.97202888449e-24,1.88650200581e-23,1.06079577429e-23,5.82918865709e-24,9.25156584779e-24,8.5271998436e-24,1.49499586058e-23,1.63519143179e-23,6.51163064847e-24,9.69559356323e-24,1.02932479957e-23,1.3252975226e-23,1.0746157496e-23,1.17720711033e-23,1.13516760828e-23,1.01370630028e-23,1.06716022519e-23,8.99469459325e-24,1.21837673545e-23],"var":[0.0000835944665596,0.0000560800290259,0.0000291665855912,0.0000474118023703,0.0000295337522402,3.16515439636e-7,4.47691306249e-8,1.101739322e-8,3.82810760868e-9,4.3381769288e-9,4.37428626654e-9,5.71257374737e-10,1.43701911481e-10,5.29898139257e-11,5.80282662199e-11,3.23505042199e-11,1.45986885774e-11,1.78521308847e-10,1.32623370619e-10,1.01614043568e-10,4.82969941817e-10,6.78319900249e-10,3.85797865876e-10,9.44729641739e-11,1.87254683981e-10,6.35044100639e-11,1.57715542015e-11,2.22678256043e-12,9.05731761293e-13,1.61570748642e-13,4.75938868394e-14,3.22491294465e-14,2.38164624469e-14,1.77203358324e-14,1.31638118781e-14,1.00587796759e-14,7.81039848004e-15,6.13087232959e-15,4.85768778921e-15,3.90301770666e-15]},"melbands_crest":{"dmean":3.16661500931,"dmean2":4.98655843735,"dvar":8.48678207397,"dvar2":20.8604736328,"max":37.3727378845,"mean":21.6529998779,"median":21.2693595886,"min":1.9964812994,"var":41.1342811584},"melbands_flatness_db":{"dmean":0.060614772141,"dmean2":0.0975722074509,"dvar":0.0025973978918,"dvar2":0.00709216063842,"max":0.713424861431,"mean":0.459650158882,"median":0.471248179674,"min":0.00603681476787,"var":0.0110560944304},"melbands_kurtosis":{"dmean":27.6611289978,"dmean2":44.5692024231,"dvar":916.085266113,"dvar2":2310.81591797,"max":463.942810059,"mean":61.5634002686,"median":47.4823036194,"min":-1.79523575306,"var":3020.04345703},"melbands_skewness":{"dmean":1.31978976727,"dmean2":2.08882331848,"dvar":1.4220045805,"dvar2":3.62657809258,"max":14.8681659698,"mean":4.25213861465,"median":3.97828412056,"min":-1.08165025711,"var":5.64997959137},"melbands_spread":{"dmean":1.20304870605,"dmean2":1.80501174927,"dvar":17.1789836884,"dvar2":35.2419319153,"max":144.748138428,"mean":3.98322081566,"median":1.20565760136,"min":0.159897327423,"var":175.524246216},"mfcc":{"cov":[[10251.4521484,1738.02807617,-471.135498047,245.611633301,0.188402608037,-264.097930908,-69.5487823486,-134.303771973,-100.965393066,-117.703231812,-56.417678833,-8.51094341278,-12.2659311295],[1738.02807617,1602.93188477,348.666656494,150.944458008,131.56060791,74.7773513794,-15.282371521,85.2623748779,-4.57264995575,-1.7696031332,-53.8281135559,-60.4077644348,-27.0706272125],[-471.135498047,348.666656494,634.301635742,-32.639175415,-62.3441505432,81.0714797974,19.8730373383,28.1578388214,-4.56397724152,-0.885365903378,24.4841499329,11.198882103,-20.484462738],[245.611633301,150.944458008,-32.639175415,264.92767334,115.822486877,11.9561481476,23.9214458466,29.8961219788,17.1166706085,14.4720716476,-7.44375801086,-12.9029140472,-5.66239070892],[0.188402608037,131.56060791,-62.3441505432,115.822486877,176.484054565,96.2675933838,25.4090595245,30.7867355347,32.0788955688,14.6852416992,-26.6191005707,-17.754442215,6.50420427322],[-264.097930908,74.7773513794,81.0714797974,11.9561481476,96.2675933838,167.484069824,63.7938728333,33.1821517944,33.2136306763,19.6631660461,-10.7039699554,-1.77487206459,5.5233707428],[-69.5487823486,-15.282371521,19.8730373383,23.9214458466,25.4090595245,63.7938728333,72.3609161377,36.5048561096,11.8126831055,7.47167015076,6.64454936981,6.40835523605,0.113965831697],[-134.303771973,85.2623748779,28.1578388214,29.8961219788,30.7867355347,33.1821517944,36.5048561096,68.8848114014,38.5869026184,15.4178333282,3.54125475883,-0.283784866333,-3.82071638107],[-100.965393066,-4.57264995575,-4.56397724152,17.1166706085,32.0788955688,33.2136306763,11.8126831055,38.5869026184,67.1569595337,39.8617134094,1.18626308441,-4.25546503067,-0.607784569263],[-117.703231812,-1.7696031332,-0.885365903378,14.4720716476,14.6852416992,19.6631660461,7.47167015076,15.4178333282,39.8617134094,58.6768798828,26.4644088745,-2.73891234398,-1.36131942272],[-56.417678833,-53.8281135559,24.4841499329,-7.44375801086,-26.6191005707,-10.7039699554,6.64454936981,3.54125475883,1.18626308441,26.4644088745,56.5827178955,32.8740730286,2.50938248634],[-8.51094341278,-60.4077644348,11.198882103,-12.9029140472,-17.754442215,-1.77487206459,6.40835523605,-0.283784866333,-4.25546503067,-2.73891234398,32.8740730286,53.2371253967,24.0703353882],[-12.2659311295,-27.0706272125,-20.484462738,-5.66239070892,6.50420427322,5.5233707428,0.113965831697,-3.82071638107,-0.607784569263,-1.36131942272,2.50938248634,24.0703353882,38.7803840637]],"icov":[[0.000234128820011,-0.000531282799784,0.000386639701901,-0.000080576784967,0.000185986762517,0.000525901967194,-0.00135297188535,0.00215005781502,-0.00198436062783,0.0017474561464,-0.00116301944945,0.000259860273218,-0.0000504295276187],[-0.000531282799784,0.00229943799786,-0.00149764993694,-0.000117413641419,-0.00102286459878,-0.00140478136018,0.00506200455129,-0.00791107397527,0.00775672402233,-0.00639572553337,0.00499032670632,-0.00127875513863,0.000574041623622],[0.000386639701901,-0.00149764993694,0.00353182479739,-0.00117391196545,0.0042357579805,-0.00355394859798,0.000219340217882,0.00253015290946,-0.00364657584578,0.00518358126283,-0.00470942538232,0.00130194367375,0.000436865258962],[-0.000080576784967,-0.000117413641419,-0.00117391196545,0.00767833739519,-0.00840466748923,0.00714255636558,-0.00593262491748,0.00102793646511,0.000486850418383,-0.00314745330252,0.00195724051446,-0.00211332156323,0.00198683817871],[0.000185986762517,-0.00102286459878,0.0042357579805,-0.00840466748923,0.0218767914921,-0.016421707347,0.00986573286355,-0.00378716271371,-0.00140983844176,0.00410666270182,-0.00174526753835,0.00441282521933,-0.00388130685315],[0.000525901967194,-0.00140478136018,-0.00355394859798,0.00714255636558,-0.016421707347,0.0271585807204,-0.024698222056,0.014222339727,-0.0095680532977,-0.00283604720607,0.006013401784,-0.00598597852513,0.0017880583182],[-0.00135297188535,0.00506200455129,0.000219340217882,-0.00593262491748,0.00986573286355,-0.024698222056,0.0496566146612,-0.0385946556926,0.0292317122221,-0.0148116787896,0.00745420577005,-0.00358259072527,0.00194940238725],[0.00215005781502,-0.00791107397527,0.00253015290946,0.00102793646511,-0.00378716271371,0.014222339727,-0.0385946556926,0.0662247613072,-0.0559771880507,0.0393990390003,-0.0295066628605,0.0126772336662,-0.00356167950667],[-0.00198436062783,0.00775672402233,-0.00364657584578,0.000486850418383,-0.00140983844176,-0.0095680532977,0.0292317122221,-0.0559771880507,0.0856552347541,-0.0744679272175,0.0568881072104,-0.0342340953648,0.0152259655297],[0.0017474561464,-0.00639572553337,0.00518358126283,-0.00314745330252,0.00410666270182,-0.00283604720607,-0.0148116787896,0.0393990390003,-0.0744679272175,0.105060152709,-0.0878365263343,0.0604860857129,-0.0273311324418],[-0.00116301944945,0.00499032670632,-0.00470942538232,0.00195724051446,-0.00174526753835,0.006013401784,0.00745420577005,-0.0295066628605,0.0568881072104,-0.0878365263343,0.108398601413,-0.0779494196177,0.0365970283747],[0.000259860273218,-0.00127875513863,0.00130194367375,-0.00211332156323,0.00441282521933,-0.00598597852513,-0.00358259072527,0.0126772336662,-0.0342340953648,0.0604860857129,-0.0779494196177,0.0881960615516,-0.0471705161035],[-0.0000504295276187,0.000574041623622,0.000436865258962,0.00198683817871,-0.00388130685315,0.0017880583182,0.00194940238725,-0.00356167950667,0.0152259655297,-0.0273311324418,0.0365970283747,-0.0471705161035,0.0529205836356]],"mean":[-809.606018066,174.087310791,45.6366424561,46.389087677,31.6502132416,23.2276477814,11.6497564316,14.0380458832,7.32774114609,4.7561788559,-2.33827519417,-3.16774487495,-1.67038595676]},"pitch_salience":{"dmean":0.0725183710456,"dmean2":0.114130690694,"dvar":0.00459504546598,"dvar2":0.011588438414,"max":0.923205971718,"mean":0.45522877574,"median":0.462305337191,"min":0.0909159481525,"var":0.0178589634597},"silence_rate_20dB":{"dmean":0.00613054446876,"dmean2":0.0122632998973,"dvar":0.00609323522076,"dvar2":0.0153595367447,"max":1,"mean":0.989724159241,"median":1,"min":0,"var":0.0101710287854},"silence_rate_30dB":{"dmean":0.0840245187283,"dmean2":0.168079346418,"dvar":0.0769611001015,"dvar2":0.164719894528,"max":1,"mean":0.833964288235,"median":1,"min":0,"var":0.138472646475},"silence_rate_60dB":{"dmean":0.00432744342834,"dmean2":0.00865644682199,"dvar":0.00430883420631,"dvar2":0.0107457116246,"max":1,"mean":0.0553452298045,"median":0,"min":0,"var":0.0522823557258},"spectral_centroid":{"dmean":74.4894638062,"dmean2":111.670944214,"dvar":36178.09375,"dvar2":49646.2148438,"max":10988.7373047,"mean":374.409088135,"median":214.944458008,"min":93.5696411133,"var":388332.4375},"spectral_complexity":{"dmean":1.35989904404,"dmean2":2.21496844292,"dvar":3.52362370491,"dvar2":6.97188472748,"max":35,"mean":4.78114318848,"median":4,"min":0,"var":14.3093729019},"spectral_contrast_coeffs":{"dmean":[0.0441603809595,0.0455436334014,0.0388142429292,0.0392252467573,0.0342160314322,0.0178356710821],"dmean2":[0.0701918676496,0.0753382369876,0.0638745203614,0.0639756694436,0.0568122267723,0.0300351176411],"dvar":[0.00142680655699,0.00136916351039,0.00106016744394,0.000970367982518,0.000874329532962,0.000462648895336],"dvar2":[0.00345841725357,0.00356062990613,0.00271981302649,0.00253842701204,0.00223015155643,0.00122747512069],"max":[-0.270866602659,-0.456323355436,-0.563221395016,-0.629348039627,-0.599810600281,-0.573206961155],"mean":[-0.68059939146,-0.815716505051,-0.859763264656,-0.878442645073,-0.891895830631,-0.845269918442],"median":[-0.686069130898,-0.826400995255,-0.868195176125,-0.885011792183,-0.90123218298,-0.851831436157],"min":[-0.966638445854,-0.975407719612,-0.972672879696,-0.984735012054,-0.968772053719,-0.962432265282],"var":[0.00815526582301,0.00507731735706,0.00346741988324,0.0033033892978,0.00267293490469,0.000785459706094]},"spectral_contrast_valleys":{"dmean":[0.318794518709,0.586502313614,0.593804776669,0.650225877762,0.720692455769,0.782097578049],"dmean2":[0.499494403601,0.940599441528,0.959349632263,1.05123329163,1.16875040531,1.26727461815],"dvar":[0.0929831191897,0.241915181279,0.262716770172,0.318021118641,0.378694206476,0.414548844099],"dvar2":[0.203499376774,0.608820915222,0.676150679588,0.84086304903,0.997963309288,1.1603833437],"max":[-4.659034729,-4.87756872177,-5.60130882263,-6.041223526,-5.86645650864,-8.61376094818],"mean":[-6.67451667786,-7.77617263794,-8.58360767365,-9.04618167877,-9.17240905762,-11.6332969666],"median":[-6.33265829086,-7.55513620377,-8.38755226135,-8.85894393921,-9.07722663879,-11.4730997086],"min":[-26.9779987335,-27.1929244995,-27.0564479828,-27.4678134918,-27.4276351929,-27.1745052338],"var":[3.47341585159,2.52606868744,2.19859933853,2.04658651352,1.86114215851,1.83073854446]},"spectral_decrease":{"dmean":4.86631668295e-9,"dmean2":7.2225270209e-9,"dvar":6.04668167508e-17,"dvar2":1.39282167084e-16,"max":4.97707824779e-16,"mean":-1.3063801596e-8,"median":-8.60246718304e-9,"min":-1.59502150154e-7,"var":2.2474147842e-16},"spectral_energy":{"dmean":0.0210992041975,"dmean2":0.0304580293596,"dvar":0.00113044783939,"dvar2":0.00243253866211,"max":0.796535134315,"mean":0.06268247962,"median":0.043212402612,"min":1.05190030105e-20,"var":0.00489585287869},"spectral_energyband_high":{"dmean":0.000158624825417,"dmean2":0.000211438673432,"dvar":0.00000103001207208,"dvar2":0.00000178937898454,"max":0.0456332601607,"mean":0.000252536177868,"median":0.0000177223355422,"min":7.77967728191e-21,"var":0.0000028337585718},"spectral_energyband_low":{"dmean":0.0169456116855,"dmean2":0.0254029780626,"dvar":0.000710209889803,"dvar2":0.0016781790182,"max":0.425398141146,"mean":0.0418466627598,"median":0.030009239912,"min":9.50844719975e-23,"var":0.0017147550825},"spectral_energyband_middle_high":{"dmean":0.000228812947171,"dmean2":0.000332946656272,"dvar":5.7247427776e-7,"dvar2":0.00000112973043542,"max":0.02260758169,"mean":0.000363853905583,"median":0.0000762548661442,"min":1.33730861145e-21,"var":0.00000135095001497},"spectral_energyband_middle_low":{"dmean":0.00667400471866,"dmean2":0.00951079744846,"dvar":0.000297121587209,"dvar2":0.000556154060178,"max":0.641871809959,"mean":0.0162457060069,"median":0.00535960495472,"min":2.73470307936e-22,"var":0.00170264253393},"spectral_entropy":{"dmean":0.543005347252,"dmean2":0.883011579514,"dvar":0.218683704734,"dvar2":0.591246187687,"max":9.81085109711,"mean":6.41644859314,"median":6.38586568832,"min":3.98267960548,"var":0.579114556313},"spectral_flux":{"dmean":0.0327527374029,"dmean2":0.0523867979646,"dvar":0.00149415689521,"dvar2":0.00370553438552,"max":0.464031785727,"mean":0.0862270370126,"median":0.0737006142735,"min":1.02562187909e-10,"var":0.00424584280699},"spectral_kurtosis":{"dmean":10.8915891647,"dmean2":18.2183132172,"dvar":140.16595459,"dvar2":390.649230957,"max":135.346832275,"mean":21.3965377808,"median":17.3677787781,"min":-1.13684356213,"var":201.725662231},"spectral_rms":{"dmean":0.00118021131493,"dmean2":0.001677200431,"dvar":0.00000198305178856,"dvar2":0.00000426634233008,"max":0.0278766471893,"mean":0.0068929810077,"median":0.00649295328185,"min":3.20350473579e-12,"var":0.0000136407770697},"spectral_rolloff":{"dmean":2283.4206543,"dmean2":4508.60107422,"dvar":40796448,"dvar2":108543664,"max":22006.9335938,"mean":2715.35522461,"median":193.798828125,"min":86.1328125,"var":44692248},"spectral_skewness":{"dmean":0.888675391674,"dmean2":1.47247886658,"dvar":0.703334450722,"dvar2":1.96167802811,"max":10.0852975845,"mean":3.54759645462,"median":3.37434506416,"min":-0.00849858764559,"var":1.2454161644},"spectral_spread":{"dmean":889328.3125,"dmean2":1458856.375,"dvar":700615294976,"dvar2":1627885797380,"max":39052020,"mean":4005913.5,"median":3948855.5,"min":1059512.375,"var":1666751004670},"spectral_strongpeak":{"dmean":0.253030002117,"dmean2":0.433905601501,"dvar":2.0423541069,"dvar2":6.03473615646,"max":53.0415992737,"mean":0.49356713891,"median":0.259913355112,"min":0,"var":1.44219911098},"zerocrossingrate":{"dmean":0.0310831610113,"dmean2":0.0398884825408,"dvar":0.000819410197437,"dvar2":0.00133654498495,"max":0.56884765625,"mean":0.145359486341,"median":0.13232421875,"min":0.00244140625,"var":0.00862722937018}},"metadata":{"audio_properties":{"analysis_sample_rate":44100,"bit_rate":320000,"codec":"mp3","downmix":"mix","equal_loudness":0,"length":128.758621216,"lossless":false,"md5_encoded":"4c4a30a1bd521c174fd12c70064a366b","replay_gain":1.55505180359,"sample_rate":44100},"tags":{"album":["Déjà vu"],"albumartist":["Crosby, Stills, Nash & Young"],"albumartistsort":["Crosby, Stills, Nash & Young","Crosby, Stills, Nash & Young"],"artist":["Crosby, Stills, Nash & Young"],"artistsort":["Crosby, Stills, Nash & Young"],"asin":["B000002J0L"],"catalognumber":["SD 7200"],"composer":["Stephen Stills"],"date":["1970"],"discnumber":["1/1"],"file_name":"08. Crosby, Stills, Nash & Young - 4 + 20.mp3","genre":["Classic Rock"],"itunnorm":[" 000000A8 0000007D 0000033C 00000247 0001ADC7 0001ADF5 00002F76 0000460C 0001ADF5 0001ADF5"],"label":["Atlantic"],"length":["128733"],"lyricist":["Stephen Stills"],"musicbrainz album release country":["US"],"musicbrainz album status":["official"],"musicbrainz album type":["album"],"musicbrainz_albumartistid":["46a782ea-4308-476b-abd1-a91b197f3037"],"musicbrainz_albumid":["402352dc-85ff-4b51-a3de-09efbad9a7d3"],"musicbrainz_artistid":["46a782ea-4308-476b-abd1-a91b197f3037"],"musicbrainz_recordingid":["d9099fba-6236-4238-82c4-4acf774e05b6"],"title":["4 + 20"],"tracknumber":["8/10"]},"version":{"essentia":"2.1-beta1","essentia_build_sha":"ca57ba49d9b1854bd80e60cf9ccf267278fb7d6b","essentia_git_sha":"v2.1_beta1-28-g21ef5f4-dirty","extractor":"music 1.0"}},"rhythm":{"beats_count":303,"beats_loudness":{"dmean":0.0710323825479,"dmean2":0.124258212745,"dvar":0.00720193842426,"dvar2":0.0191896911711,"max":0.739016056061,"mean":0.102711550891,"median":0.0798413157463,"min":4.17193835034e-9,"var":0.00907711591572},"beats_loudness_band_ratio":{"dmean":[0.0943263694644,0.0826772153378,0.00628039380535,0.00212582293898,0.00453238468617,0.0371982008219],"dmean2":[0.1584