{"lowlevel":{"average_loudness":0.849319279194,"barkbands":{"dmean":[0.00000685055238137,0.000113832902571,0.00120495806914,0.000462458236143,0.00602870620787,0.00226941308938,0.00173666258343,0.00106201029848,0.0016824825434,0.000543409783859,0.000282122695353,0.000119709540741,0.0000978579046205,0.000171410138137,0.000183226977242,0.0000436025839008,0.0000437744456576,0.0000818380212877,0.0000345686275978,0.0000336590746883,0.0000375805902877,0.0000441377342213,0.0000348248031514,0.0000202175415325,0.00000926903976506,0.00000321611241816,2.6380925533e-7],"dmean2":[0.0000107978121378,0.000191872051801,0.00161966390442,0.000845347298309,0.00964946113527,0.00408893683925,0.00277907191776,0.00170937634539,0.00256708776578,0.000819494307507,0.000457048503449,0.00020155729726,0.000158227077918,0.000272909033811,0.000283835659502,0.0000680798475514,0.0000679510558257,0.000123789242934,0.0000546990559087,0.0000513460799993,0.0000594671219005,0.0000698355070199,0.0000534616920049,0.000031335188396,0.0000140679694596,0.00000513552868142,4.28857049428e-7],"dvar":[4.31144675517e-10,9.8586063757e-8,0.00000454617565993,0.0000021333157747,0.000132637447678,0.0000328183559759,0.0000143472261698,0.00000869435280038,0.0000149936849994,0.00000281560824078,5.97482880949e-7,1.88837645965e-7,5.37765600939e-8,1.29783614966e-7,1.54755724679e-7,7.60091012353e-9,1.52668633291e-8,2.35831656425e-8,6.83900713838e-9,5.30922594777e-9,1.07758708623e-8,1.46272229884e-8,4.48149695131e-9,3.92051324738e-9,1.93893567868e-9,3.35440508703e-10,1.25311410554e-11],"dvar2":[1.07430575547e-9,3.08443446784e-7,0.0000100270699477,0.00000625845814284,0.000320247112541,0.0000933684714255,0.000033577762224,0.0000194966669369,0.0000360872218153,0.00000627069903203,0.00000170725536464,5.72760427531e-7,1.34896893655e-7,3.44091205307e-7,3.84129691611e-7,1.83141040111e-8,3.88297856091e-8,5.56675026075e-8,1.58255133442e-8,1.2275894079e-8,2.53374956571e-8,3.84485048244e-8,9.84150894112e-9,8.74498518044e-9,4.19047552214e-9,7.50945028383e-10,3.01445014783e-11],"max":[0.000514407176524,0.00512572191656,0.0519891157746,0.0211275070906,0.223339244723,0.0668012201786,0.070845156908,0.061797183007,0.0795230045915,0.0430653132498,0.0233448091894,0.0139933368191,0.00636307150126,0.00777294719592,0.00696837995201,0.00176905666012,0.00564849330112,0.0040677273646,0.00216268585064,0.00243022642098,0.00335536384955,0.00301557825878,0.00199842290021,0.00181493605487,0.00143155467231,0.000786940741818,0.00018087704666],"mean":[0.00000855338839756,0.000178968024557,0.0027780381497,0.000453695858596,0.00811447110027,0.00216197478585,0.00229964405298,0.00123614422046,0.0027776749339,0.000799757137429,0.000432976463344,0.000190385864698,0.000162916054251,0.000309380586259,0.000354709802195,0.0000823669324745,0.0000841334913275,0.000159050308866,0.0000657211276121,0.000067212691647,0.0000608770133113,0.0000646928019705,0.0000625459870207,0.0000282633573079,0.0000112206525955,0.00000327606949213,2.45333495741e-7],"median":[0.00000185143994713,0.0000566693488508,0.00125449430197,0.000192250096006,0.00412361649796,0.000730014755391,0.000807784148492,0.000243266360485,0.000485851662233,0.000140602322062,0.0000865146430442,0.0000553877616767,0.0000539652464795,0.0000900099475984,0.0000850541109685,0.0000351880589733,0.0000320395665767,0.0000705753991497,0.0000265496237262,0.00002706086525,0.0000208742094401,0.0000241474117502,0.0000290716288873,0.0000108373978946,0.00000347172704096,6.83805922108e-7,4.68210608062e-8],"min":[1.70062981046e-23,1.10926133727e-23,1.36217907733e-24,1.64700856815e-23,1.04961199857e-22,3.87019893267e-23,5.14851710623e-23,7.77150044202e-23,5.90914751955e-23,4.49546838772e-23,4.0152616179e-23,5.35126698065e-23,8.46810753536e-23,7.72848795893e-23,6.88294834431e-23,1.77431894845e-22,1.03956361458e-22,2.2326124245e-22,3.03276224482e-22,4.54903292671e-22,4.1590125221e-22,5.8511234552e-22,5.6457141729e-22,7.09964515331e-22,1.11984553452e-21,1.65351082043e-21,2.21075388399e-21],"var":[7.18267223476e-10,1.41935245779e-7,0.0000195542179426,0.00000129774491597,0.000166824596818,0.0000224603827519,0.0000214947012864,0.000011936998817,0.0000354589101335,0.00000631993816569,9.88395186141e-7,3.76097631261e-7,1.11681785597e-7,3.07014403234e-7,4.26860793823e-7,1.83396995368e-8,3.90158376717e-8,5.55203882868e-8,1.72608149995e-8,1.85407742492e-8,2.41881412677e-8,1.94445934909e-8,1.03585584554e-8,5.36032151999e-9,2.36657848873e-9,3.89547200053e-10,1.13045814029e-11]},"barkbands_crest":{"dmean":3.35029196739,"dmean2":5.43520832062,"dvar":8.01173019409,"dvar2":20.3945617676,"max":26.531288147,"mean":13.2324352264,"median":12.3579311371,"min":3.59769511223,"var":24.0456104279},"barkbands_flatness_db":{"dmean":0.0289248283952,"dmean2":0.0443608053029,"dvar":0.000692859466653,"dvar2":0.00161693431437,"max":0.398320108652,"mean":0.187287896872,"median":0.182910844684,"min":0.0506944842637,"var":0.00245203310624},"barkbands_kurtosis":{"dmean":7.83755731583,"dmean2":12.3570404053,"dvar":233.958404541,"dvar2":548.975646973,"max":411.596466064,"mean":13.5169858932,"median":7.4864320755,"min":-1.87280476093,"var":387.217590332},"barkbands_skewness":{"dmean":0.794343590736,"dmean2":1.2199511528,"dvar":0.754736840725,"dvar2":1.76073157787,"max":16.2351131439,"mean":2.57665061951,"median":2.2991912365,"min":-2.18800711632,"var":2.78879642487},"barkbands_spread":{"dmean":4.18246746063,"dmean2":6.66573524475,"dvar":30.8556022644,"dvar2":73.6357803345,"max":85.6645889282,"mean":10.6266613007,"median":8.8119020462,"min":0.273677974939,"var":60.6416244507},"dissonance":{"dmean":0.0314366854727,"dmean2":0.0525792986155,"dvar":0.000809648714494,"dvar2":0.00214566686191,"max":0.49972397089,"mean":0.430601030588,"median":0.438753604889,"min":0.171645268798,"var":0.00219820346683},"dynamic_complexity":3.3237452507,"erbbands":{"dmean":[0.00146481441334,0.0532893165946,1.03146481514,1.55028104782,6.84647035599,28.8403377533,25.6136035919,14.6154813766,17.1953792572,33.75390625,17.8717403412,35.3998146057,30.7908306122,14.4063196182,6.49447393417,5.02245807648,3.91166138649,6.95010757446,10.487654686,4.72781896591,2.00714755058,2.44041585922,4.26549577713,2.33930039406,1.44506192207,1.56798434258,1.53702127934,1.53235769272,1.74381113052,1.25710570812,0.896229326725,0.531430542469,0.288767069578,0.120203226805,0.0605497397482,0.0180078875273,0.00529867084697,0.000872284581419,0.0000514776038472,0.0000127620578496],"dmean2":[0.00232130428776,0.0818829089403,1.39777362347,2.46404671669,11.114200592,46.1999702454,43.2582511902,26.4478130341,28.2707576752,53.439781189,28.160905838,54.9573669434,45.3492660522,23.0530757904,10.3842048645,8.3373260498,6.16271877289,10.8864154816,16.1153583527,7.43371295929,3.10719418526,3.69279122353,6.45331859589,3.62573719025,2.28638839722,2.36934971809,2.36379480362,2.45836806297,2.8013253212,1.93505692482,1.3847515583,0.828953027725,0.447327911854,0.183077871799,0.093610316515,0.0278975535184,0.00870160292834,0.00143762119114,0.0000827411276987,0.0000201381080842],"dvar":[0.000020923320335,0.0158315077424,3.71029019356,11.9005384445,330.930877686,3238.42407227,3180.60253906,1288.60180664,1505.16467285,5829.83056641,2961.57641602,7661.52197266,6126.87011719,2239.13330078,213.808532715,353.080352783,70.9070892334,241.077804565,497.494720459,84.4688491821,16.1540184021,44.7170295715,63.8616867065,19.1768264771,14.4802179337,13.4114112854,22.0823974609,17.9532089233,25.1440048218,7.83504867554,2.61052775383,1.53212726116,1.44254338741,0.271288007498,0.113341622055,0.00960699748248,0.000802195689175,0.000041308656364,6.12452026871e-7,8.40701730453e-10],"dvar2":[0.0000581474523642,0.0470636300743,8.71193885803,33.4698295593,827.184692383,7919.68603516,8550.90136719,3651.80224609,3525.58862305,13524.6240234,6145.77734375,19235.3398438,13515.1796875,6000.39892578,580.575744629,1065.79467773,185.85005188,617.573242188,1216.81713867,206.323471069,40.6863632202,107.969039917,148.228347778,45.4547424316,32.3112030029,30.4884414673,46.1964149475,46.2241439819,68.1947174072,18.1080970764,5.71736383438,3.57714962959,3.21506619453,0.60789257288,0.240435913205,0.0203367397189,0.00189159857109,0.0000962300255196,0.0000015081826632,2.13723327924e-9],"max":[0.101153053343,2.60898590088,47.1014099121,64.4979324341,332.617156982,1228.57019043,892.990539551,381.882965088,868.509460449,1488.98010254,1352.3963623,2009.87194824,2216.34570313,1197.10095215,257.218261719,644.702148438,204.167144775,316.63873291,406.05279541,166.990463257,102.373794556,311.151550293,204.719909668,86.4997177124,128.912124634,121.535057068,207.575271606,113.857788086,123.071655273,82.9862136841,40.9777030945,27.082818985,41.4785919189,16.6584587097,14.2591333389,4.22501277924,1.16197860241,0.260837525129,0.0415698774159,0.00131290638819],"mean":[0.00255525484681,0.106829732656,2.39586019516,2.75900530815,8.04723072052,37.5645866394,29.5220222473,14.0819540024,21.1071910858,44.4870071411,23.9456119537,57.7654190063,51.6150627136,23.9842262268,11.2426462173,8.49763679504,7.37746143341,13.7289838791,21.5377960205,10.4481287003,4.33922052383,5.11849784851,8.38063144684,4.93087816238,2.89741897583,3.16437554359,2.90145134926,2.30507683754,2.4677875042,2.12475848198,1.62703633308,0.771119117737,0.40246501565,0.157848075032,0.066564694047,0.0192148741335,0.00524152396247,0.000809735036455,0.00005793771561,0.00002773667984],"median":[0.000944892060943,0.041185837239,1.03349173069,1.44960772991,2.93512845039,18.5848674774,12.7223711014,5.31346225739,7.19449281693,16.1293201447,7.28107213974,10.7606105804,10.3261041641,4.96051931381,3.30420804024,2.53443813324,2.8993165493,4.659471035,5.09038877487,3.65587854385,2.01211619377,2.13937330246,3.87509942055,2.22242903709,1.15098595619,1.28146350384,1.04338312149,0.788055241108,0.878328800201,0.987076759338,0.730550944805,0.312420517206,0.147253707051,0.0563820488751,0.015939258039,0.00416600750759,0.00109637412243,0.000157261601998,0.0000220242382056,0.0000209046975215],"min":[5.10911306225e-22,2.0747363915e-21,2.48135806462e-21,5.00767064904e-20,1.60845283036e-19,1.66841476522e-19,3.65977402477e-19,3.16906903041e-19,3.75822092537e-19,1.60629262234e-18,1.79134605686e-18,1.18007891953e-18,1.07439449876e-18,1.90320445032e-18,2.41399323486e-18,2.27306440595e-18,3.89566582464e-18,3.72441296806e-18,3.21602197332e-18,7.20965410663e-18,8.36014074314e-18,6.8052992719e-18,1.1822561623e-17,1.33977484286e-17,1.89525904967e-17,2.13077821501e-17,1.49547240258e-17,1.80026331202e-17,1.94784871147e-17,2.2055128253e-17,1.5110435813e-17,1.3375144064e-17,1.12181597745e-17,9.53029029e-18,9.10795254874e-18,5.90106306297e-18,3.29350977157e-18,1.22693632308e-18,3.17084255734e-19,3.13726180328e-20],"var":[0.0000390714267269,0.0363543443382,15.2816591263,16.8436851501,328.670684814,3969.68261719,2848.40722656,900.694702148,2180.41088867,7999.88476563,4945.06591797,16654.5898438,15782.4277344,4728.33056641,462.759796143,743.171264648,178.769088745,620.483703613,1411.54614258,294.059783936,45.2191009521,119.318756104,157.568725586,52.4047050476,44.4130477905,43.2604980469,55.2146148682,31.7149200439,31.5111904144,13.5347833633,7.05415487289,2.27006673813,1.80050182343,0.325271129608,0.133720099926,0.0120526142418,0.000873555953149,0.0000426120313932,5.18690228546e-7,9.98484517289e-10]},"erbbands_crest":{"dmean":3.78950977325,"dmean2":6.16822528839,"dvar":11.170800209,"dvar2":28.2154865265,"max":32.8060188293,"mean":12.2561206818,"median":11.2725830078,"min":2.12668704987,"var":31.4849395752},"erbbands_flatness_db":{"dmean":0.0237018689513,"dmean2":0.0360196940601,"dvar":0.000461295916466,"dvar2":0.00106388912536,"max":0.380015075207,"mean":0.189276903868,"median":0.188791036606,"min":0.0298327114433,"var":0.00221176701598},"erbbands_kurtosis":{"dmean":2.5486702919,"dmean2":4.14812803268,"dvar":16.5501880646,"dvar2":41.1114196777,"max":89.4388504028,"mean":3.18224716187,"median":1.56376707554,"min":-1.91699719429,"var":31.8226547241},"erbbands_skewness":{"dmean":0.546858012676,"dmean2":0.872496664524,"dvar":0.284610211849,"dvar2":0.700542211533,"max":7.85546922684,"mean":1.2518607378,"median":1.17161226273,"min":-1.458335042,"var":0.928978562355},"erbbands_spread":{"dmean":9.95164871216,"dmean2":15.4830465317,"dvar":130.301712036,"dvar2":303.920928955,"max":136.033004761,"mean":31.2420940399,"median":27.0188312531,"min":1.21651875973,"var":349.535217285},"gfcc":{"cov":[[18349.6386719,2572.99316406,-2218.36254883,19.6956920624,-1231.22412109,-215.60055542,-587.987548828,-459.904876709,-158.548080444,-552.054748535,-249.104858398,-484.273681641,-23.7260532379],[2572.99316406,1098.27954102,-156.949462891,-148.854385376,-46.6567573547,-131.496734619,-6.35102844238,-143.770629883,19.6254463196,-164.564743042,-18.5630435944,-161.386154175,-17.4169082642],[-2218.36254883,-156.949462891,891.045898438,156.515457153,204.573486328,-67.5099258423,-0.914244651794,20.383348465,-39.8489227295,108.44039917,26.7982978821,108.657821655,-48.1707954407],[19.6956920624,-148.854385376,156.515457153,368.574157715,45.223613739,17.9392375946,-53.7739257813,21.3383026123,4.1549282074,20.041683197,19.2011260986,44.5060424805,14.6753568649],[-1231.22412109,-46.6567573547,204.573486328,45.223613739,283.615325928,68.1958312988,91.1490020752,45.0287284851,-13.8542881012,29.075712204,-4.59263849258,29.9852905273,6.75618362427],[-215.60055542,-131.496734619,-67.5099258423,17.9392375946,68.1958312988,221.783569336,81.455329895,40.5057106018,-19.037071228,4.90272712708,-1.41179382801,10.810341835,22.8549461365],[-587.987548828,-6.35102844238,-0.914244651794,-53.7739257813,91.1490020752,81.455329895,155.208435059,46.6535110474,13.5979423523,12.4573402405,-12.6605978012,-10.6062612534,2.81872200966],[-459.904876709,-143.770629883,20.383348465,21.3383026123,45.0287284851,40.5057106018,46.6535110474,118.063179016,42.2974014282,33.3856658936,-10.4869222641,4.6490354538,-3.86327576637],[-158.548080444,19.6254463196,-39.8489227295,4.1549282074,-13.8542881012,-19.037071228,13.5979423523,42.2974014282,112.729568481,10.7716188431,7.59238481522,-34.4225082397,-6.90009784698],[-552.054748535,-164.564743042,108.44039917,20.041683197,29.075712204,4.90272712708,12.4573402405,33.3856658936,10.7716188431,113.934043884,23.1506729126,33.3889160156,-18.8570957184],[-249.104858398,-18.5630435944,26.7982978821,19.2011260986,-4.59263849258,-1.41179382801,-12.6605978012,-10.4869222641,7.59238481522,23.1506729126,84.5548248291,25.8022861481,-6.84345531464],[-484.273681641,-161.386154175,108.657821655,44.5060424805,29.9852905273,10.810341835,-10.6062612534,4.6490354538,-34.4225082397,33.3889160156,25.8022861481,95.8778686523,8.73860263824],[-23.7260532379,-17.4169082642,-48.1707954407,14.6753568649,6.75618362427,22.8549461365,2.81872200966,-3.86327576637,-6.90009784698,-18.8570957184,-6.84345531464,8.73860263824,62.0675163269]],"icov":[[0.000424998463131,-0.00124090525787,0.000888966664206,-0.000854432233609,0.00121772894636,-0.000567724579014,0.00104766699951,-0.000584313587751,0.00119879678823,-0.000776106084231,0.0013437916059,-0.000460259179818,0.000809194752946],[-0.00124090525787,0.00551791861653,-0.00267017632723,0.00273753050715,-0.00402109697461,0.00254911067896,-0.0036569791846,0.00348540442064,-0.00372241041623,0.00416512042284,-0.0046390905045,0.00381242879666,-0.00196013180539],[0.000888966664206,-0.00267017632723,0.00385713553987,-0.00239977333695,0.00119631015696,-0.000185458426131,0.00215545808896,-0.00108025118243,0.00291762594134,-0.00268023391254,0.00307986699045,-0.00245648319833,0.00311991083436],[-0.000854432233609,0.00273753050715,-0.00239977333695,0.00532360002398,-0.00299777137116,0.000297471648082,0.0000630477152299,0.000685807259288,-0.00326714105904,0.00203598360531,-0.0030859336257,0.000603219959885,-0.00259285001084],[0.00121772894636,-0.00402109697461,0.00119631015696,-0.00299777137116,0.00953692477196,-0.00260282028466,0.0000680324883433,-0.00291196163744,0.00418639881536,-0.00245600449853,0.00412486400455,-0.00198024208657,0.00116319069639],[-0.000567724579014,0.00254911067896,-0.000185458426131,0.000297471648082,-0.00260282028466,0.00820947997272,-0.00498810457066,-0.000150585459778,0.000797065615188,0.00168255344033,-0.00308056594804,0.00156892626546,-0.00219920533709],[0.00104766699951,-0.0036569791846,0.00215545808896,0.0000630477152299,0.0000680324883433,-0.00498810457066,0.0144644826651,-0.00412751175463,0.00177230569534,-0.00298338220455,0.0041443221271,-0.000596787896939,0.00177939294372],[-0.000584313587751,0.00348540442064,-0.00108025118243,0.000685807259288,-0.00291196163744,-0.000150585459778,-0.00412751175463,0.0161253903061,-0.00769760645926,0.000077970988059,0.00104726897553,0.000388105603633,0.00054647756042],[0.00119879678823,-0.00372241041623,0.00291762594134,-0.00326714105904,0.00418639881536,0.000797065615188,0.00177230569534,-0.00769760645926,0.0174689739943,-0.00360289239325,0.000237679909333,0.00450619356707,0.00138095312286],[-0.000776106084231,0.00416512042284,-0.00268023391254,0.00203598360531,-0.00245600449853,0.00168255344033,-0.00298338220455,0.000077970988059,-0.00360289239325,0.0158718712628,-0.0053519573994,-0.000130270127556,0.0019485312514],[0.0013437916059,-0.0046390905045,0.00307986699045,-0.0030859336257,0.00412486400455,-0.00308056594804,0.0041443221271,0.00104726897553,0.000237679909333,-0.0053519573994,0.01945005171,-0.00730666983873,0.00446781842038],[-0.000460259179818,0.00381242879666,-0.00245648319833,0.000603219959885,-0.00198024208657,0.00156892626546,-0.000596787896939,0.000388105603633,0.00450619356707,-0.000130270127556,-0.00730666983873,0.0214537810534,-0.00483090383932],[0.000809194752946,-0.00196013180539,0.00311991083436,-0.00259285001084,0.00116319069639,-0.00219920533709,0.00177939294372,0.00054647756042,0.00138095312286,0.0019485312514,0.00446781842038,-0.00483090383932,0.0214598849416]],"mean":[-63.1597251892,108.204879761,-114.61289978,24.5646286011,-79.4319992065,-0.39112251997,-48.1675109863,-7.28375530243,-22.4826927185,-12.3726358414,-21.4873218536,-10.4813737869,-14.2823400497]},"hfc":{"dmean":4.61099386215,"dmean2":6.97674512863,"dvar":37.7959442139,"dvar2":85.6939468384,"max":97.6699295044,"mean":12.3004455566,"median":8.80806350708,"min":1.1950883144e-16,"var":132.86819458},"melbands":{"dmean":[0.0000186176712305,0.000379613047699,0.000315037264954,0.00136022386141,0.000938907323871,0.000344553787727,0.000292014010483,0.000347689841874,0.000135920156026,0.000251229066635,0.000152300592163,0.000058918933064,0.0000302934950014,0.0000133270277729,0.0000109747998067,0.0000105277176772,0.0000141742239066,0.0000186152246897,0.0000117543931992,0.00000365008531844,0.00000251229789683,0.00000239749374487,0.00000443543376605,0.00000378794038625,0.00000190733521777,0.00000129794716486,9.44617909227e-7,0.00000117863930882,0.00000116533703931,7.36523645628e-7,0.00000104491482489,0.00000107864070742,7.68008646901e-7,7.48396018935e-7,5.45432612853e-7,4.50100401395e-7,2.9335092222e-7,2.39940504798e-7,1.24598514617e-7,9.71265734506e-8],"dmean2":[0.0000310229588649,0.000517645559739,0.000523385999259,0.00216354709119,0.00155083357822,0.000625044805929,0.000473713647807,0.00055196712492,0.000211061473237,0.000387047068216,0.000224002069444,0.0000943033301155,0.0000489535705128,0.000022390489903,0.0000180130828085,0.0000167384314409,0.0000225673902605,0.0000286385347863,0.0000182985568244,0.000005794261142,0.00000399066402679,0.00000373994953407,0.00000675007277096,0.00000587364638704,0.00000300866531688,0.00000206417075788,0.00000150948994815,0.0000018080488644,0.00000179350672624,0.00000119815319977,0.00000168487770225,0.00000175340426267,0.00000120695369787,0.00000115589637062,8.43560883368e-7,7.08812535777e-7,4.59527711882e-7,3.75616366455e-7,1.93702859974e-7,1.50944032384e-7],"dvar":[2.65260813315e-9,5.04108470523e-7,6.53989673083e-7,0.00000905038359633,0.00000304201762447,7.30624549306e-7,4.18822935444e-7,6.26095072676e-7,2.00621457225e-7,3.62879887916e-7,1.52957397859e-7,4.07317592988e-8,5.43034017753e-9,3.06144554152e-9,8.48642989215e-10,6.01079352958e-10,1.0526455263e-9,1.59618096518e-9,7.33792915319e-10,5.37425694225e-11,3.35074745728e-11,6.0596826168e-11,1.18577397901e-10,4.74878018852e-11,1.33989295353e-11,1.34366615057e-11,6.0366698619e-12,7.82174498781e-12,1.19503634419e-11,5.20462622652e-12,8.43464968009e-12,1.21435292377e-11,3.27062660808e-12,3.13600794638e-12,9.7310852952e-13,7.92990727336e-13,5.68303488036e-13,1.41980730558e-12,1.89634508725e-13,2.25555671688e-13],"dvar2":[7.96768162559e-9,0.00000119632591122,0.00000188565979897,0.0000214003084693,0.00000807301421446,0.00000207746643355,9.77696117843e-7,0.00000145147328112,4.16754033949e-7,9.11254346647e-7,3.35571968435e-7,1.06225080287e-7,1.48317518267e-8,9.32060206793e-9,2.35027819429e-9,1.44272416236e-9,2.76430123236e-9,3.95667631992e-9,1.81939574517e-9,1.31062188879e-10,8.71357569432e-11,1.50994314274e-10,2.74323647131e-10,1.14832185427e-10,3.27600238603e-11,2.85761761476e-11,1.50016006562e-11,1.77978604077e-11,2.51844951143e-11,1.37373107681e-11,2.16773664991e-11,3.36151523284e-11,8.17956553184e-12,7.18765325036e-12,2.12188860232e-12,1.93766617335e-12,1.31610911405e-12,3.30813089595e-12,4.25781100915e-13,5.3063646142e-13],"max":[0.00076778390212,0.0172758325934,0.0134761407971,0.0579579249024,0.0280163101852,0.00891245622188,0.0121139772236,0.0172029584646,0.0108496882021,0.013060468249,0.0109437620267,0.00537029188126,0.00180925393943,0.00183676066808,0.000904001644813,0.000745877157897,0.000696927250829,0.000658480683342,0.000637714751065,0.000163999822689,0.00015865873138,0.000412076478824,0.000344627304003,0.000140529693454,0.0000741953044781,0.000148024366354,0.0000709108790033,0.0000877035272424,0.000157422589837,0.000057008008298,0.0000734341592761,0.0000931159229367,0.0000460310802737,0.0000690068191034,0.0000293677276204,0.0000156785099534,0.000017878573999,0.0000449190520158,0.0000116269920909,0.0000192786592379],"mean":[0.0000301586751448,0.000875915226061,0.000510850863066,0.00170971255284,0.00120143603999,0.000325989065459,0.000372849579435,0.00045048064203,0.000177556765266,0.000412443157984,0.000249476812314,0.0000921684477362,0.0000487936049467,0.0000211032656807,0.0000179369162652,0.0000183462616405,0.0000256687235378,0.0000356663986167,0.0000228661992878,0.00000721830156181,0.00000470860004498,0.00000466123628939,0.00000772420662543,0.00000711093616701,0.00000365660071111,0.00000233617765844,0.00000173302328221,0.00000224099244406,0.00000212200143324,0.00000113475732633,0.00000146212812524,0.00000145807541685,0.00000112232567062,0.00000124356370179,9.88722717921e-7,6.93241190675e-7,3.83550457173e-7,3.15454343536e-7,1.76788361728e-7,1.17235607888e-7],"median":[0.0000101009673017,0.000381629826734,0.000272138044238,0.000739206676371,0.000624234555289,0.000117631439934,0.000131581415189,0.000162587093655,0.0000341230952472,0.0000698350922903,0.0000438927854702,0.0000151427284436,0.0000111634753921,0.00000585689622312,0.00000637899393041,0.00000595873780185,0.00000807262767921,0.00000713889085091,0.00000591501475355,0.00000274327044281,0.00000206873983188,0.00000183354234196,0.00000306666402139,0.00000314310159411,0.00000149203901856,9.01263661035e-7,5.89502235471e-7,8.48090564887e-7,7.42890392758e-7,3.68761646996e-7,4.64825717472e-7,4.83994938349e-7,4.31702915193e-7,5.80873575018e-7,4.22448948711e-7,3.01320852714e-7,1.34741654279e-7,1.06732599647e-7,6.51144276276e-8,3.81346687561e-8],"min":[5.64069428809e-24,1.64596222305e-24,1.33901676037e-23,1.94092299531e-23,1.01627427918e-23,6.8817330252e-24,6.92669415249e-24,1.66289717342e-23,1.44361719205e-23,7.73918459726e-24,4.8127839792e-24,7.50356052235e-24,6.24598962725e-24,5.06719753759e-24,6.83221070415e-24,7.56738568047e-24,6.87442422891e-24,5.23097847215e-24,6.22936596139e-24,1.334817496e-23,7.06638011956e-24,6.45784295651e-24,8.78357648235e-24,1.07481399035e-23,1.04920149114e-23,1.24524746781e-23,1.38090369672e-23,1.36035355459e-23,8.08254340601e-24,9.11647184005e-24,1.03538861557e-23,1.02761652128e-23,1.2091973133e-23,1.19264385607e-23,8.14024384806e-24,9.14093599444e-24,8.23327894778e-24,7.19737126173e-24,9.03027616438e-24,7.3177064708e-24],"var":[4.40334702034e-9,0.00000203286572287,6.57455871078e-7,0.0000108588183139,0.00000316506134368,4.9960084425e-7,6.25775726348e-7,8.31858471884e-7,3.38259326327e-7,8.35204900795e-7,3.92807720573e-7,8.81974528966e-8,1.06435198433e-8,5.6477071908e-9,1.89544735463e-9,1.40762013157e-9,2.4505995011e-9,4.13360279339e-9,2.05974548528e-9,1.47465928357e-10,7.34830321591e-11,1.50860463011e-10,2.24840493446e-10,1.11531610336e-10,3.32215574494e-11,3.3969389801e-11,2.03195585358e-11,2.16006327408e-11,2.9172810001e-11,8.4632804237e-12,1.42548160775e-11,1.30950597588e-11,5.10241805404e-12,5.05976814266e-12,2.81696476041e-12,1.36148145709e-12,7.56906473262e-13,1.5681370048e-12,2.60059795964e-13,2.36652630001e-13]},"melbands_crest":{"dmean":3.93750691414,"dmean2":6.43207406998,"dvar":11.4345245361,"dvar2":27.9620380402,"max":39.0224456787,"mean":15.9298324585,"median":14.7440929413,"min":1.86527860165,"var":38.1049156189},"melbands_flatness_db":{"dmean":0.0327155031264,"dmean2":0.048615463078,"dvar":0.000912105722819,"dvar2":0.00202923337929,"max":0.489630520344,"mean":0.244090974331,"median":0.238503396511,"min":0.00497248070315,"var":0.00376566848718},"melbands_kurtosis":{"dmean":12.0429134369,"dmean2":19.1008644104,"dvar":382.139648438,"dvar2":935.771484375,"max":342.336029053,"mean":23.1235847473,"median":14.3613548279,"min":-1.27463674545,"var":815.370300293},"melbands_skewness":{"dmean":0.951425850391,"dmean2":1.48249137402,"dvar":1.00653719902,"dvar2":2.38755512238,"max":16.6085319519,"mean":3.05981850624,"median":2.80977058411,"min":-1.97508764267,"var":4.0829834938},"melbands_spread":{"dmean":4.02920675278,"dmean2":6.41390562057,"dvar":27.5880737305,"dvar2":66.1195449829,"max":136.122909546,"mean":11.3820104599,"median":9.49402523041,"min":0.41369381547,"var":67.4898223877},"mfcc":{"cov":[[10221.7900391,945.002563477,-657.387939453,-132.94203186,-341.782531738,16.5567722321,-336.140045166,30.738861084,-124.009384155,20.0019607544,-122.150230408,-221.297393799,-295.50793457],[945.002563477,1155.88208008,35.3823890686,-6.93278551102,-29.4080524445,-12.1377763748,-24.0872211456,-16.1135978699,-51.2419242859,19.8137264252,-4.82766294479,-75.7312698364,-80.4255981445],[-657.387939453,35.3823890686,495.08480835,207.244216919,93.2959136963,-8.99470329285,-13.7866010666,-40.2734642029,-39.3672142029,-60.6959037781,1.1680252552,61.2648048401,67.5153045654],[-132.94203186,-6.93278551102,207.244216919,315.036071777,109.48249054,-8.80281639099,-21.9690132141,-19.161529541,7.36230897903,-41.5802764893,-9.88329029083,49.7565155029,56.7371406555],[-341.782531738,-29.4080524445,93.2959136963,109.48249054,169.521636963,32.3391151428,36.4669914246,19.8752250671,17.4432945251,-10.2729873657,-5.63677835464,13.6906490326,28.0855865479],[16.5567722321,-12.1377763748,-8.99470329285,-8.80281639099,32.3391151428,135.040130615,82.459487915,31.84192276,16.688337326,-5.58449792862,-0.322361052036,-17.1838417053,-12.2463569641],[-336.140045166,-24.0872211456,-13.7866010666,-21.9690132141,36.4669914246,82.459487915,159.379394531,42.4170570374,27.8877906799,-5.45772361755,14.4750900269,-3.40609884262,0.731957614422],[30.738861084,-16.1135978699,-40.2734642029,-19.161529541,19.8752250671,31.84192276,42.4170570374,98.1199645996,35.7086143494,11.4215297699,-0.983852982521,-13.4730129242,-14.0273046494],[-124.009384155,-51.2419242859,-39.3672142029,7.36230897903,17.4432945251,16.688337326,27.8877906799,35.7086143494,114.824584961,45.5414581299,13.4919233322,-8.11828231812,-9.48024845123],[20.0019607544,19.8137264252,-60.6959037781,-41.5802764893,-10.2729873657,-5.58449792862,-5.45772361755,11.4215297699,45.5414581299,97.9492416382,29.1703968048,-9.64018917084,-14.7624063492],[-122.150230408,-4.82766294479,1.1680252552,-9.88329029083,-5.63677835464,-0.322361052036,14.4750900269,-0.983852982521,13.4919233322,29.1703968048,68.8569869995,26.4987468719,11.1640605927],[-221.297393799,-75.7312698364,61.2648048401,49.7565155029,13.6906490326,-17.1838417053,-3.40609884262,-13.4730129242,-8.11828231812,-9.64018917084,26.4987468719,89.1845932007,55.8309860229],[-295.50793457,-80.4255981445,67.5153045654,56.7371406555,28.0855865479,-12.2463569641,0.731957614422,-14.0273046494,-9.48024845123,-14.7624063492,11.1640605927,55.8309860229,92.6566696167]],"icov":[[0.000149528306792,-0.0000987151215668,0.000221843947656,-0.000191119368537,0.000223247916438,-0.000279169878922,0.000394042552216,-0.000165249977726,0.000166397032444,0.000027367092116,0.0000796869717306,-0.00000542977068108,0.000228941920795],[-0.0000987151215668,0.00107701169327,-0.000336525903549,-0.000117613606562,-0.00000783069754107,0.000334017386194,-0.000372985465219,0.000121442637464,0.000608923379332,-0.000495789397974,-0.000333037402015,0.000791543279774,0.00055158440955],[0.000221843947656,-0.000336525903549,0.00350505439565,-0.00177279312629,-0.000432767177699,-0.000481411203509,0.00062910001725,0.000384317419957,0.000861722801346,0.000979092204943,-0.000407254265156,-0.000630919355899,-0.000258872139966],[-0.000191119368537,-0.000117613606562,-0.00177279312629,0.00627586431801,-0.00315863033757,0.00028341030702,0.00101973908022,0.00091213430278,-0.00237900554202,0.00184955645818,0.000613308220636,-0.00158600776922,-0.00120485166553],[0.000223247916438,-0.00000783069754107,-0.000432767177699,-0.00315863033757,0.00943851284683,-0.00152354256716,-0.00105329498183,-0.00179789541289,0.000161290779943,-0.00114085862879,0.00124095310457,0.000810530618764,-0.00117466354277],[-0.000279169878922,0.000334017386194,-0.000481411203509,0.00028341030702,-0.00152354256716,0.0120411030948,-0.00618145056069,-0.000601870066021,-0.000152484688442,0.000420796510298,-0.0000839900239953,0.00162888958585,0.000667864165734],[0.000394042552216,-0.000372985465219,0.00062910001725,0.00101973908022,-0.00105329498183,-0.00618145056069,0.0119484858587,-0.00256730383262,-0.00143941002898,0.00268520181999,-0.00260946410708,-0.0000497394212289,-0.000505722127855],[-0.000165249977726,0.000121442637464,0.000384317419957,0.00091213430278,-0.00179789541289,-0.000601870066021,-0.00256730383262,0.0136125581339,-0.00338306440972,0.000101544479548,0.000936949043535,-0.000104023361928,0.000906145549379],[0.000166397032444,0.000608923379332,0.000861722801346,-0.00237900554202,0.000161290779943,-0.000152484688442,-0.00143941002898,-0.00338306440972,0.0137178888544,-0.0063191507943,-0.000327963818563,0.000979161006398,0.00116452667862],[0.000027367092116,-0.000495789397974,0.000979092204943,0.00184955645818,-0.00114085862879,0.000420796510298,0.00268520181999,0.000101544479548,-0.0063191507943,0.0169171188027,-0.00693397875875,0.00152114697266,0.000174181957846],[0.0000796869717306,-0.000333037402015,-0.000407254265156,0.000613308220636,0.00124095310457,-0.0000839900239953,-0.00260946410708,0.000936949043535,-0.000327963818563,-0.00693397875875,0.0213119145483,-0.00785475689918,0.000688275380526],[-0.00000542977068108,0.000791543279774,-0.000630919355899,-0.00158600776922,0.000810530618764,0.00162888958585,-0.0000497394212289,-0.000104023361928,0.000979161006398,0.00152114697266,-0.00785475689918,0.0222475137562,-0.0100615769625],[0.000228941920795,0.00055158440955,-0.000258872139966,-0.00120485166553,-0.00117466354277,0.000667864165734,-0.000505722127855,0.000906145549379,0.00116452667862,0.000174181957846,0.000688275380526,-0.0100615769625,0.0196400266141]],"mean":[-695.734375,132.157409668,11.6268424988,16.2751808167,-8.5921163559,-1.89314806461,-19.5317764282,-2.78783869743,-12.628446579,-1.9767459631,-6.99587011337,-11.9828863144,-14.9459381104]},"pitch_salience":{"dmean":0.0861732065678,"dmean2":0.14073497057,"dvar":0.00571917090565,"dvar2":0.0148973381147,"max":0.916347026825,"mean":0.52944868803,"median":0.543037235737,"min":0.0378340631723,"var":0.0168522130698},"silence_rate_20dB":{"dmean":0,"dmean2":0,"dvar":0,"dvar2":0,"max":1,"mean":1,"median":1,"min":1,"var":0},"silence_rate_30dB":{"dmean":0.00673042843118,"dmean2":0.0134632419795,"dvar":0.00668517127633,"dvar2":0.0178884174675,"max":1,"mean":0.995572865009,"median":1,"min":0,"var":0.00440743099898},"silence_rate_60dB":{"dmean":0.0265674814582,"dmean2":0.053144376725,"dvar":0.0258637182415,"dvar2":0.0609524548054,"max":1,"mean":0.0690632164478,"median":0,"min":0,"var":0.0642951205373},"spectral_centroid":{"dmean":182.958847046,"dmean2":286.62210083,"dvar":58732.9296875,"dvar2":126723.75,"max":10756.96875,"mean":797.014709473,"median":656.869018555,"min":195.663925171,"var":351533.59375},"spectral_complexity":{"dmean":2.22281265259,"dmean2":3.39131975174,"dvar":5.44807720184,"dvar2":11.2263240814,"max":53,"mean":11.5367450714,"median":11,"min":0,"var":45.6235198975},"spectral_contrast_coeffs":{"dmean":[0.0564757175744,0.0541803240776,0.0449596643448,0.0298934839666,0.0218291264027,0.0189949311316],"dmean2":[0.0916923880577,0.0883686468005,0.0690680071712,0.04541246593,0.0332298539579,0.0291515700519],"dvar":[0.00201351661235,0.00205773371272,0.00139069231227,0.000586214533541,0.000338269688655,0.000278367195278],"dvar2":[0.00543626816943,0.00519026722759,0.00311016757041,0.00131948373746,0.000723358942196,0.000656397489365],"max":[-0.256268441677,-0.423455476761,-0.398232847452,-0.539138734341,-0.613267838955,-0.638993561268],"mean":[-0.499904066324,-0.692504167557,-0.723070502281,-0.778612494469,-0.801335394382,-0.771534979343],"median":[-0.493517518044,-0.694661676884,-0.740435421467,-0.788925886154,-0.80473023653,-0.768944084644],"min":[-0.970236718655,-0.975783228874,-0.981593430042,-0.977158486843,-0.968809187412,-0.961220860481],"var":[0.00897059310228,0.00751838646829,0.0103497467935,0.00449146609753,0.00215632305481,0.00178280449472]},"spectral_contrast_valleys":{"dmean":[0.497416943312,0.468954026699,0.364587783813,0.32085698843,0.327127069235,0.391039639711],"dmean2":[0.802554965019,0.749601602554,0.565101444721,0.470224529505,0.439316272736,0.515570998192],"dvar":[0.185140922666,0.198772802949,0.114868022501,0.0990995839238,0.120041720569,0.151739791036],"dvar2":[0.462545961142,0.445457458496,0.229483127594,0.165881410241,0.184239774942,0.255797982216],"max":[-6.03870487213,-4.44384717941,-5.31649255753,-5.98492479324,-5.70771121979,-8.09505558014],"mean":[-8.46144485474,-7.14353513718,-8.04156112671,-8.44278907776,-8.41038513184,-10.8057994843],"median":[-8.25033473969,-6.9656701088,-7.81773042679,-8.21056842804,-8.19464492798,-10.6625833511],"min":[-26.9372520447,-27.8106384277,-26.8552875519,-27.0154380798,-27.3709545135,-27.2628688812],"var":[1.99200761318,2.23642206192,2.07475972176,1.93729174137,1.74712634087,1.36051523685]},"spectral_decrease":{"dmean":2.72449018901e-9,"dmean2":4.31020463765e-9,"dvar":1.70429861499e-17,"dvar2":4.22130615229e-17,"max":8.80709962034e-22,"mean":-5.7848090762e-9,"median":-4.42455228011e-9,"min":-6.38029291622e-8,"var":2.89197529185e-17},"spectral_energy":{"dmean":0.0106560280547,"dmean2":0.016825126484,"dvar":0.00025671950425,"dvar2":0.00063490337925,"max":0.246643647552,"mean":0.0229488871992,"median":0.0176205709577,"min":1.09367607237e-20,"var":0.000446926045697},"spectral_energyband_high":{"dmean":0.000147438942804,"dmean2":0.00022240493854,"dvar":1.1541072098e-7,"dvar2":2.66381448455e-7,"max":0.00913656782359,"mean":0.000274609017652,"median":0.000126624727272,"min":7.47621024144e-21,"var":2.54990737858e-7},"spectral_energyband_low":{"dmean":0.00144510832615,"dmean2":0.00204361090437,"dvar":0.00000701520048096,"dvar2":0.0000171531864908,"max":0.0652932226658,"mean":0.00321200676262,"median":0.00149229541421,"min":3.09614273783e-23,"var":0.0000250033826887},"spectral_energyband_middle_high":{"dmean":0.000851324759424,"dmean2":0.00125025364105,"dvar":0.00000306862602883,"dvar2":0.00000720368598195,"max":0.045762591064,"mean":0.00239624083042,"median":0.0010376466671,"min":1.64877301018e-21,"var":0.0000135180025609},"spectral_energyband_middle_low":{"dmean":0.0100544132292,"dmean2":0.0160564202815,"dvar":0.000239070868702,"dvar2":0.000591157469898,"max":0.234330072999,"mean":0.0174192376435,"median":0.0122074121609,"min":3.76083037324e-22,"var":0.000346970831743},"spectral_entropy":{"dmean":0.28134572506,"dmean2":0.42165568471,"dvar":0.073955193162,"dvar2":0.160462424159,"max":9.78822898865,"mean":7.12310886383,"median":7.142765522,"min":5.00937128067,"var":0.324248433113},"spectral_flux":{"dmean":0.0286133978516,"dmean2":0.0459576137364,"dvar":0.00107771123294,"dvar2":0.00244067027234,"max":0.378116935492,"mean":0.0791025385261,"median":0.0704231485724,"min":1.05211353518e-10,"var":0.00237825862132},"spectral_kurtosis":{"dmean":2.42946076393,"dmean2":3.92292499542,"dvar":7.75962257385,"dvar2":18.9373703003,"max":41.5559921265,"mean":5.60036802292,"median":4.49553585052,"min":-1.19741714001,"var":18.337688446},"spectral_rms":{"dmean":0.000994889182039,"dmean2":0.00151888944674,"dvar":0.00000124708469684,"dvar2":0.00000294433175441,"max":0.0155121870339,"mean":0.00428033620119,"median":0.00414617918432,"min":3.26649818305e-12,"var":0.00000406786466556},"spectral_rolloff":{"dmean":246.897384644,"dmean2":431.866790771,"dvar":378839.46875,"dvar2":875372.0625,"max":19789.0136719,"mean":732.678649902,"median":559.86328125,"min":21.533203125,"var":589601.5625},"spectral_skewness":{"dmean":0.328896135092,"dmean2":0.504351913929,"dvar":0.108610123396,"dvar2":0.239189222455,"max":5.21163749695,"mean":1.84973978996,"median":1.76599502563,"min":0.0210125781596,"var":0.372903257608},"spectral_spread":{"dmean":638251.9375,"dmean2":951579.625,"dvar":839952629760,"dvar2":1359977119740,"max":45161216,"mean":4394632.5,"median":4098727.75,"min":1456205.375,"var":2357586296830},"spectral_strongpeak":{"dmean":0.53383153677,"dmean2":0.860321521759,"dvar":0.425764262676,"dvar2":1.04802954197,"max":9.07373905182,"mean":1.11299812794,"median":0.747687757015,"min":0,"var":1.11039042473},"zerocrossingrate":{"dmean":0.00706580840051,"dmean2":0.00897278450429,"dvar":0.00013946701074,"dvar2":0.000239151107962,"max":0.5185546875,"mean":0.0359097272158,"median":0.03369140625,"min":0,"var":0.000446789083071}},"metadata":{"audio_properties":{"analysis_sample_rate":44100,"bit_rate":255757,"codec":"mp3","downmix":"mix","equal_loudness":0,"length":131.082443237,"lossless":false,"md5_encoded":"573cb0de085350278912140f171c0821","replay_gain":-4.31426239014,"sample_rate":44100},"tags":{"acoustid_fingerprint":["AQADtHWkJGoGNMmFH890nEEewYcu4g4J6yZ-ow_CPMdP3ElMTEsm-WhyEUfD3Eako-zgv9BEcSzeHFUrqTgeHnriYy6040uE5yJiHN8T9B_S8FC0Z4g_HE2PPg9RNBFzhFPeohmzxtBRH82X4zhTaN8RXTqsHCduPrixsXPwKUYfHaF4JFSL9jiuJE_QTD_62IM6Bg-PygmaOEqaCE8SyfhhhciljkgeJagoEs2zFM-DW8HxEEfyB-kj_MMVnAlyJYFP_ID4nvjxZPnhkSHezLiP8mg45gh5-ML3EBc7mM_RpU-C3CQSXsMTGsdzNNGFdjnK43kQSU-Ml4cqffjxG8nCa0f540N04tyFadXRRHEIHZH_4sks5JeR_Ggm8US_ODiFHiWJL3nwI5moPAij8riP9_hSojzCfJEGnUfszXiy5MGTB7-RQ8PzBiUP5wrxK_hzBWcevNBSUwj1NHiHX0LDZU8Qik4hIz2Df8aPS0F6HnqO-LCcFTfuBcmjI-gLf-hz4UOXo4mjhMgvaDkblMxyfPuQo0kqheiRywxKLkdTZwiTcTH64S-aRzj3ovmO4z8aPseTH81XRHeG3tA_3MLN4CPy7Ch7I2cWCtc1SNK0F2c4CezRoOXxG9oPP4dP4tAy9nis40ITZwFz6EFOHnyKnseV5die4zSJT8etxCiZhQueD0HCSGLw4Q9e5UjzHck_PEezC7VkBc0joT-FPieaJIj_I7lzfMeThCIuMWh-9Dm-Bu_xJ8J55PGL5AyPJg-65ngR5jTEZUG4EKfDBKeUwY--Iceto1IG60Wfa8iPmjm-cEJ5XHnwrIGPIxf0xEHPCZWLcI8pTIkkHj_YIryio7kS6Mh0cIqaEM-DH86xhzm-4D9CvYP4wh9qHXuDhiP6HC-YM4YnRUcvnAmS7-iChuRx8fgxvQxcBpqVHTd6nDje5OhGFb_KIHZyyDrCD2EiiSk-7Ti0Hmks5bAyHRWr43yCPIeW60VYLiOOC-3RJM-C_8J31Icv5ejn4dGD_HgEMWo24T3yCE3NohKZCme8oeIFq9PxIT8hPkfK8XCVDF159Dr8o3aQi6uKCl9s9ETkzviqg0f94EF14d0RmTn0lMU-9AgzHk8kfM4Wo2qiIz14HiKVLIh8-DFuwiODrhFx6ai2YNvRHzmhZwitDg-DPsWo9GjGkejSkPiU4MedI3-gyQss5yiL_9B19CKsl6i4E0ef4CK0SnuIa8uD483RXOiT4D2u5EQaqsYRZpRSok8S4viRvvjx4If1Bufy44eXx0Ey9ghzNXgTVL3h5yOqXMgPHeHD5AgTS1Cc9AkeJteh_aCug8kx-UeYxwz-IY-SEy8JPUmSoTnO8EeT7Qv04IHz4nmCZysDbZOG5kcTQ4-y41n24HyRK0fzCMf7IyQZo-ES4Yc_xONROxZ8Hu-Q5vDpYvpEXMeTpA2-IjtGsTHa7EETKceTB7mUB-KJPGh6okzyJDiz9GhGEpGuD9IWRTnCJxFZTNbxHu