{"lowlevel":{"average_loudness":0.933097720146,"barkbands":{"dmean":[0.000152449210873,0.00123544712551,0.000815168314148,0.000764078402426,0.000911957700737,0.000671808200423,0.000840444874484,0.000449457933428,0.00060699012829,0.000662633625325,0.000371956732124,0.000289713323582,0.000331389863277,0.000415851536673,0.000380713929189,0.000273497425951,0.000379505916499,0.000258395739365,0.00029089563759,0.000330503040459,0.00032024164102,0.00037222832907,0.000242509224336,0.000166832542163,0.000191952916794,0.0000808549884823,0.0000509849414811],"dmean2":[0.000219256835408,0.00196859333664,0.00139989017043,0.00129269249737,0.00156894966494,0.00108365796041,0.00139611121267,0.00073901261203,0.000968915293925,0.00103358761407,0.000584268593229,0.000457665591966,0.000527659023646,0.000677618721966,0.000616483739577,0.000441909680376,0.00062353850808,0.000422445242293,0.00047279818682,0.00052106421208,0.000507811782882,0.000569388445001,0.000366700813174,0.000253032369073,0.000285238987999,0.000118479343655,0.0000767489545979],"dvar":[1.01437414912e-7,0.00000864176490722,0.00000517030912306,0.00000169904217273,0.00000358944180334,0.00000350428740603,0.00000678215337757,9.79761466624e-7,0.00000235226457335,0.00000279712890006,0.00000117080560358,4.50198456292e-7,4.44528268417e-7,4.86925387122e-7,5.63959360989e-7,2.53513263715e-7,3.83712375651e-7,2.69331820846e-7,2.73260610584e-7,2.85185251414e-7,2.61629310216e-7,3.31147532506e-7,2.28635869348e-7,1.28387938503e-7,3.07705306568e-7,2.67729927117e-8,2.28306138439e-8],"dvar2":[1.96930457719e-7,0.0000206693330256,0.0000140837455547,0.00000462168736703,0.0000099668141047,0.00000874501711223,0.0000174203814822,0.00000237800600189,0.00000578353956371,0.00000637820585325,0.00000250259290624,0.0000011115145071,0.00000103556146769,0.00000125577992094,0.00000143574357025,6.15108547208e-7,9.93012804429e-7,6.49091759897e-7,6.81543554037e-7,6.61266426505e-7,6.19378170086e-7,7.33796980512e-7,4.93620575526e-7,2.92917292199e-7,7.11812560894e-7,5.66974946992e-8,5.40132454319e-8],"max":[0.00432239565998,0.0369479879737,0.0430813357234,0.0222851037979,0.0325707569718,0.0463482737541,0.0579123646021,0.025644313544,0.0445393025875,0.0390138067305,0.0430935509503,0.0157145820558,0.0157925467938,0.0126865617931,0.0128072574735,0.0107222078368,0.0140989935026,0.0197093635798,0.0178267545998,0.0138901108876,0.0096131823957,0.0158610250801,0.0115182129666,0.00932454224676,0.0118018137291,0.00328863039613,0.00295222527348],"mean":[0.000254007027252,0.0018671117723,0.00102030357812,0.00107610865962,0.0013744069729,0.00108695577364,0.00115700496826,0.000683574180584,0.000968676118646,0.00118355592713,0.000613552110735,0.000526613672264,0.000577533734031,0.000747120473534,0.00063741748454,0.000475333101349,0.000769145437516,0.000482074450701,0.000606826506555,0.000724101031665,0.000778059009463,0.00105007726233,0.000540212786291,0.000363727041986,0.000350921647623,0.000141770025948,0.0000607307811151],"median":[0.0000466822020826,0.000647255568765,0.000425764010288,0.00052172888536,0.000819411710836,0.000460716400994,0.000408370804507,0.00037028780207,0.000395377224777,0.00035912549356,0.000211769831367,0.000275385100394,0.000256181054283,0.000392823829316,0.000287638133159,0.000243132206379,0.000473057792988,0.000250864395639,0.000332342606271,0.000460304145236,0.000554343219846,0.000665175961331,0.000297637539916,0.000207811972359,0.000135693961056,0.0000604031774856,0.00000744254793972],"min":[7.62881065039e-23,1.70555040925e-23,4.06508070842e-23,5.05492917279e-23,3.54807073747e-23,9.56094999507e-24,2.44680135003e-23,6.06314074132e-23,1.38644096385e-22,1.44703368552e-22,5.90121536538e-23,3.73325457279e-23,8.19677914256e-23,7.31540694126e-23,5.75444369189e-23,1.74166427216e-22,1.27503247323e-22,2.3008886514e-22,3.59080876006e-22,3.39788443221e-22,4.42942697222e-22,4.17422983829e-22,6.90397079323e-22,8.44005993298e-22,1.37056648235e-21,1.53865105704e-21,2.56337092209e-21],"var":[2.63707164549e-7,0.0000130645848913,0.0000042743654376,0.00000243562180913,0.00000370760471924,0.00000481281358589,0.00000716277008905,0.00000147938794726,0.00000410507254855,0.00000756862118578,0.00000218186664824,8.31530940104e-7,9.19563490243e-7,9.83524387266e-7,9.94545303001e-7,5.04333740992e-7,9.87248654383e-7,7.66703522004e-7,8.01107262305e-7,7.85439283391e-7,6.85207339757e-7,0.00000141157875078,5.61273793664e-7,2.65145786216e-7,4.87502745727e-7,5.09596453924e-8,2.66745256994e-8]},"barkbands_crest":{"dmean":1.88083708286,"dmean2":3.04252386093,"dvar":3.7684378624,"dvar2":9.19494628906,"max":24.7957611084,"mean":6.57455778122,"median":5.70849514008,"min":1.8480682373,"var":10.2850646973},"barkbands_flatness_db":{"dmean":0.0122720832005,"dmean2":0.0188463572413,"dvar":0.000169488033862,"dvar2":0.000386696803616,"max":0.264490514994,"mean":0.0668384879827,"median":0.0600950941443,"min":0.00822643376887,"var":0.00124327046797},"barkbands_kurtosis":{"dmean":0.625979781151,"dmean2":1.00155568123,"dvar":2.45495772362,"dvar2":6.27419042587,"max":51.4646835327,"mean":-0.511567652225,"median":-1.02330827713,"min":-1.87408578396,"var":4.22930574417},"barkbands_skewness":{"dmean":0.339114636183,"dmean2":0.518299341202,"dvar":0.139184683561,"dvar2":0.318442970514,"max":6.87841033936,"mean":0.362695783377,"median":0.304086476564,"min":-2.42191410065,"var":0.472904771566},"barkbands_spread":{"dmean":6.63330173492,"dmean2":10.2425432205,"dvar":47.4416236877,"dvar2":110.710350037,"max":112.170677185,"mean":45.6338500977,"median":44.9767570496,"min":3.26481103897,"var":227.951248169},"dissonance":{"dmean":0.012489778921,"dmean2":0.0211402941495,"dvar":0.000198160953005,"dvar2":0.000563744688407,"max":0.5,"mean":0.476073235273,"median":0.482899814844,"min":0.237231835723,"var":0.000737754104193},"dynamic_complexity":4.33952903748,"erbbands":{"dmean":[0.0460720732808,0.267387419939,0.827491879463,1.65359842777,3.37751841545,2.61893010139,4.40513181686,6.01294279099,11.9778690338,10.9840755463,9.68803215027,14.2406959534,20.0222053528,16.0576763153,12.6665372849,12.3535747528,14.8453264236,19.7868080139,17.9639720917,18.389175415,15.994351387,18.015827179,13.5345811844,14.4944906235,13.3275470734,15.7526197433,14.2060928345,12.1527385712,13.540555954,10.9769115448,6.25767803192,3.84094309807,2.78921699524,2.58171010017,1.1803432703,0.373049557209,0.151127442718,0.0451157912612,0.00935642793775,0.000503822462633],"dmean2":[0.0714941695333,0.437154263258,1.40980494022,2.82243728638,5.85320997238,4.53701639175,7.1432723999,9.82688522339,19.8464050293,18.4205780029,15.4828910828,22.5518875122,31.2438678741,24.725440979,19.6600627899,19.3620300293,23.3593387604,32.1408805847,28.9634094238,29.58020401,25.8040046692,29.3160095215,22.2465724945,23.4861698151,21.8275203705,24.9000663757,22.2607192993,19.1511268616,20.7171516418,16.6823177338,9.505900383,5.80355644226,4.25605869293,3.89870810509,1.77330577374,0.556801617146,0.223511487246,0.0670113787055,0.0142902517691,0.000766987854149],"dvar":[0.0137871420011,0.440227389336,5.91701412201,8.64439868927,49.9426231384,30.3799667358,93.3503875732,372.250488281,1478.86279297,656.83782959,601.972900391,1329.51135254,3075.48217773,2098.26245117,766.284057617,747.968933105,931.819946289,1083.03027344,1232.63537598,1613.15246582,798.885253906,964.565734863,622.43939209,716.185974121,640.009094238,698.256591797,608.999267578,383.747039795,439.584197998,319.50189209,184.473449707,69.9690093994,39.4344367981,67.2239151001,9.40311527252,0.513559937477,0.10199034214,0.0111384289339,0.000804802926723,0.00000387393583878],"dvar2":[0.0319744721055,1.07546901703,15.9945707321,24.2188510895,140.843475342,85.5824203491,221.525238037,964.983276367,3805.68774414,1737.40368652,1423.64331055,3159.86547852,7445.16650391,4513.63623047,1692.88110352,1831.02062988,2120.44897461,2813.53100586,3091.08642578,4072.2512207,1964.83837891,2467.09790039,1569.53491211,1710.78222656,1650.6652832,1634.21618652,1377.41247559,913.094482422,996.249572754,715.339355469,401.456970215,153.764678955,91.9998168945,157.890762329,22.0521068573,1.13295590878,0.217599511147,0.0249417703599,0.00194818573073,0.00000934726631385],"max":[1.57215619087,9.4943857193,47.9758491516,49.26304245,123.751937866,160.380645752,389.63394165,501.564147949,842.02746582,557.585998535,713.619812012,1233.35852051,1400.48425293,1653.45275879,762.208068848,588.801513672,707.130126953,717.086120605,803.315429688,932.37121582,709.133239746,638.821166992,668.480285645,1135.85742188,1260.70568848,835.415039063,611.159851074,385.018737793,540.107543945,441.370727539,354.625213623,233.393692017,121.870155334,201.664413452,67.283706665,15.9150829315,6.34112644196,3.27896022797,0.558954536915,0.0412331297994],"mean":[0.0641279891133,0.378905296326,1.08284842968,2.52149438858,4.33315610886,3.97612547874,6.87860870361,9.17499160767,16.1505737305,16.2023849487,16.0907402039,23.3168354034,36.9783668518,28.4741382599,23.6324501038,24.3928565979,27.6403141022,37.4443321228,32.7254981995,32.6836967468,31.5291538239,38.5492782593,27.750415802,31.0211582184,29.8393440247,35.5194091797,32.9607849121,31.1782569885,37.1304855347,28.3015041351,13.7654256821,8.4395570755,5.7175989151,4.58815050125,2.1037633419,0.699964940548,0.243791297078,0.0646077916026,0.0106665799394,0.000602747488301],"median":[0.0139252077788,0.146067023277,0.493582040071,1.49673616886,2.23108267784,2.42478227615,3.38966727257,3.4905333519,5.18277311325,7.26471138,9.10367774963,10.0396585464,11.6084356308,11.6519241333,10.6657276154,14.0415363312,13.2156143188,20.8775901794,17.5417041779,15.3651838303,17.9864807129,24.1682434082,17.158290863,16.9644927979,17.8999671936,22.9973831177,21.9442329407,21.8162918091,23.6928691864,16.7944011688,7.5033249855,4.44970703125,3.0518052578,1.60202991962,0.897201299667,0.33241546154,0.0945463627577,0.0187912508845,0.0011663925834,0.0000702096731402],"min":[1.19527719683e-21,2.45775635608e-21,3.18714014798e-20,1.19207053102e-19,1.70901434065e-19,9.66674347726e-20,6.21495432399e-20,8.68950066936e-20,1.67480538169e-19,1.02237238625e-18,1.9504834058e-18,2.71613129335e-18,4.14695874524e-18,2.93745359921e-18,2.94488995291e-18,1.62837462238e-18,4.09737547137e-18,4.24873091191e-18,2.75913889494e-18,3.61460639611e-18,1.18558812852e-17,7.77190779414e-18,1.29299968173e-17,1.81757272808e-17,1.56519198225e-17,1.56357004651e-17,1.32983271092e-17,2.12151279953e-17,1.32664252345e-17,1.90215293833e-17,1.93605857533e-17,1.21702322519e-17,1.77075744869e-17,1.61824436889e-17,9.47280041024e-18,4.56514983009e-18,2.95480681448e-18,1.48925535446e-18,4.02239397869e-19,3.2336684112e-20],"var":[0.021287150681,0.554805696011,4.92705726624,10.8728809357,47.3969345093,30.8288822174,147.241729736,437.116333008,1539.6496582,888.983398438,920.014709473,2448.21044922,8468.69628906,4152.20605469,1853.01708984,1468.18127441,2018.57189941,2247.81445313,2280.96508789,2995.37451172,1818.53613281,2599.9519043,1545.4621582,2455.63037109,2154.578125,2016.28991699,1552.79858398,1112.30078125,1810.61950684,1070.10852051,420.939941406,162.388549805,72.0297622681,102.263511658,14.2339744568,1.03638064861,0.173838123679,0.0157683826983,0.000864421657752,0.00000436329082731]},"erbbands_crest":{"dmean":2.07367300987,"dmean2":3.30409836769,"dvar":4.68295001984,"dvar2":11.4204416275,"max":31.9824333191,"mean":7.6281619072,"median":6.40443706512,"min":2.43100452423,"var":17.4066905975},"erbbands_flatness_db":{"dmean":0.0119740786031,"dmean2":0.0176779124886,"dvar":0.000149609462824,"dvar2":0.000295640347758,"max":0.337932020426,"mean":0.126856699586,"median":0.121665924788,"min":0.0337684713304,"var":0.00134165282361},"erbbands_kurtosis":{"dmean":0.551166296005,"dmean2":0.870445966721,"dvar":1.07023096085,"dvar2":2.41008663177,"max":30.3144302368,"mean":-0.121657989919,"median":-0.609912395477,"min":-1.76155173779,"var":4.83143758774},"erbbands_skewness":{"dmean":0.292002767324,"dmean2":0.442401111126,"dvar":0.0883606374264,"dvar2":0.194594666362,"max":4.94761180878,"mean":-0.13189946115,"median":-0.182501107454,"min":-3.7679438591,"var":0.431197851896},"erbbands_spread":{"dmean":6.7633471489,"dmean2":10.5065441132,"dvar":47.9977264404,"dvar2":110.096870422,"max":151.624420166,"mean":46.2186660767,"median":44.0312461853,"min":2.93633008003,"var":271.861480713},"gfcc":{"cov":[[15283.5244141,-832.930603027,-168.661819458,292.792663574,79.967414856,-318.761657715,-270.512695313,-414.937896729,-64.3205032349,160.728286743,-177.917282104,136.294876099,-188.454589844],[-832.930603027,1141.79992676,-393.815368652,333.103302002,77.4741668701,33.8141975403,101.355667114,55.0294799805,48.4548110962,-45.4453125,-138.387695313,-22.3899745941,-56.0789680481],[-168.661819458,-393.815368652,724.79901123,-236.764587402,85.2759552002,22.4488010406,32.6438674927,58.4601020813,-15.2854452133,14.0215415955,115.62979126,6.56708097458,42.1498794556],[292.792663574,333.103302002,-236.764587402,482.030822754,41.4432868958,56.1892318726,-6.61703395844,-19.210975647,57.3662796021,10.3057441711,-105.214103699,8.11496925354,-64.2094650269],[79.967414856,77.4741668701,85.2759552002,41.4432868958,220.03288269,35.3110809326,88.1173324585,36.1840171814,1.76717472076,15.5410404205,-4.21674060822,6.11770677567,-14.2490520477],[-318.761657715,33.8141975403,22.4488010406,56.1892318726,35.3110809326,182.203109741,77.8267059326,29.4282722473,4.89626169205,6.95143032074,-8.5902223587,4.68753147125,-5.2793712616],[-270.512695313,101.355667114,32.6438674927,-6.61703395844,88.1173324585,77.8267059326,190.802108765,64.6580886841,8.05412578583,-3.67351984978,-17.7358856201,7.40926074982,-6.16658496857],[-414.937896729,55.0294799805,58.4601020813,-19.210975647,36.1840171814,29.4282722473,64.6580886841,131.903961182,34.4400939941,-15.789604187,9.81893062592,-14.8552560806,13.4228076935],[-64.3205032349,48.4548110962,-15.2854452133,57.3662796021,1.76717472076,4.89626169205,8.05412578583,34.4400939941,112.871452332,28.5461330414,-26.9854316711,8.55037498474,-1.31917822361],[160.728286743,-45.4453125,14.0215415955,10.3057441711,15.5410404205,6.95143032074,-3.67351984978,-15.789604187,28.5461330414,88.0573272705,24.788974762,20.9112205505,-6.67229127884],[-177.917282104,-138.387695313,115.62979126,-105.214103699,-4.21674060822,-8.5902223587,-17.7358856201,9.81893062592,-26.9854316711,24.788974762,153.935180664,8.10832691193,45.564781189],[136.294876099,-22.3899745941,6.56708097458,8.11496925354,6.11770677567,4.68753147125,7.40926074982,-14.8552560806,8.55037498474,20.9112205505,8.10832691193,73.4286956787,12.3149757385],[-188.454589844,-56.0789680481,42.1498794556,-64.2094650269,-14.2490520477,-5.2793712616,-6.16658496857,13.4228076935,-1.31917822361,-6.67229127884,45.564781189,12.3149757385,92.9976348877]],"icov":[[0.0000846834373078,0.0000967864689301,0.0000213132061617,-0.0000784389558248,-0.0000918396181078,0.000156939597218,0.00000941649159358,0.000132668574224,0.0000637723715045,-0.0000923095722101,0.000118298143207,-0.000107182648208,0.0000929800662561],[0.0000967864689301,0.00155420193914,0.000641304941382,-0.000771942664869,-0.00046786776511,0.000458710448584,-0.000632498587947,-0.000362759747077,-0.0000341009181284,0.000460990879219,0.000339013669873,0.000137000155519,0.000122815108625],[0.0000213132061617,0.000641304941382,0.00223673973233,0.000646990956739,-0.00115560588893,-0.000338400161127,0.000176387591637,-0.000634997850284,-0.000346895860275,0.000374566123355,-0.000799905974418,-0.000156179230544,0.000204475567443],[-0.0000784389558248,-0.000771942664869,0.000646990956739,0.00378930638544,-0.000951825466473,-0.00163807324134,0.00148933089804,0.000397538737161,-0.00149225560017,0.000139573443448,0.000738158589229,-0.000602520245593,0.00120812666137],[-0.0000918396181078,-0.00046786776511,-0.00115560588893,-0.000951825466473,0.00666753714904,0.000421164644649,-0.00275941262953,-0.000833530619275,0.00123060820624,-0.00165302725509,0.0000357161916327,0.0000442246855528,0.000256683211774],[0.000156939597218,0.000458710448584,-0.000338400161127,-0.00163807324134,0.000421164644649,0.00760811055079,-0.0032243556343,-0.000420039112214,0.00103893480264,-0.00110857572872,0.000247421528911,-0.0000156207916007,-0.000223680370254],[0.00000941649159358,-0.000632498587947,0.000176387591637,0.00148933089804,-0.00275941262953,-0.0032243556343,0.00951658282429,-0.00329294637777,0.000554245896637,-0.0000709459854988,0.00139225681778,-0.00188975315541,0.000657383585349],[0.000132668574224,-0.000362759747077,-0.000634997850284,0.000397538737161,-0.000833530619275,-0.000420039112214,-0.00329294637777,0.0127638494596,-0.0052977935411,0.00358426454477,-0.00208830460906,0.00261784368195,-0.000741275434848],[0.0000637723715045,-0.0000341009181284,-0.000346895860275,-0.00149225560017,0.00123060820624,0.00103893480264,0.000554245896637,-0.0052977935411,0.0137587878853,-0.00652760500088,0.0038034406025,-0.00110651645809,-0.00170563999563],[-0.0000923095722101,0.000460990879219,0.000374566123355,0.000139573443448,-0.00165302725509,-0.00110857572872,-0.0000709459854988,0.00358426454477,-0.00652760500088,0.0171176716685,-0.00488584814593,-0.00288989813998,0.00309136207215],[0.000118298143207,0.000339013669873,-0.000799905974418,0.000738158589229,0.0000357161916327,0.000247421528911,0.00139225681778,-0.00208830460906,0.0038034406025,-0.00488584814593,0.0109771639109,-0.000316972756991,-0.00390333938412],[-0.000107182648208,0.000137000155519,-0.000156179230544,-0.000602520245593,0.0000442246855528,-0.0000156207916007,-0.00188975315541,0.00261784368195,-0.00110651645809,-0.00288989813998,-0.000316972756991,0.0161789283156,-0.00318725849502],[0.0000929800662561,0.000122815108625,0.000204475567443,0.00120812666137,0.000256683211774,-0.000223680370254,0.000657383585349,-0.000741275434848,-0.00170563999563,0.00309136207215,-0.00390333938412,-0.00318725849502,0.0144662503153]],"mean":[21.0830078125,34.8290939331,-117.647293091,32.2932929993,-66.4220046997,16.2220191956,-33.4836120605,7.06541919708,-23.6872673035,5.78478097916,-20.3727340698,2.2692592144,-12.6742248535]},"hfc":{"dmean":11.6224975586,"dmean2":16.7620506287,"dvar":305.321014404,"dvar2":654.483947754,"max":211.857131958,"mean":40.7312202454,"median":37.7405395508,"min":1.19663070846e-16,"var":876.728515625},"melbands":{"dmean":[0.000362232909538,0.00038466436672,0.000336938857799,0.00020993805083,0.000141379117849,0.000137385111884,0.0001789543021,0.000114073875011,0.0000831960642245,0.0000897180725588,0.000101732497569,0.0000670129593345,0.0000492132421641,0.0000340527221852,0.000033726428228,0.0000311217918352,0.0000410021275457,0.0000317545091093,0.0000253811394941,0.0000220124311454,0.0000214738556679,0.0000209751378861,0.0000172445070348,0.0000136189974,0.000012675567632,0.0000112618545245,0.0000102679823613,0.000011238847037,0.0000103606062112,0.00000806179286883,0.00000770539827499,0.00000817884301796,0.00000825223105494,0.0000060027514337,0.00000412229519497,0.00000293314633382,0.00000240182953348,0.00000205133596864,0.00000207384960049,0.00000237193717112],"dmean2":[0.00056744372705,0.00063585897442,0.000574266246986,0.000367819826351,0.00022965525568,0.000224352566875,0.000296474521747,0.000191091938177,0.000132272281917,0.000142212302308,0.00015921134036,0.000103371785372,0.0000766787125031,0.0000536052502866,0.0000528220225533,0.0000495373715239,0.0000667770582368,0.0000515116298629,0.0000409947715525,0.0000355986921932,0.0000351436101482,0.0000343197825714,0.0000284040543193,0.0000222848593694,0.0000206413769774,0.0000185843764484,0.0000168027636391,0.0000176908561116,0.0000162617761816,0.0000129235149871,0.0000122611490951,0.00001265118226,0.0000129210511659,0.00000921143328014,0.00000637450375507,0.00000453506345366,0.00000368307701137,0.00000317988201459,0.00000320041181112,0.00000363294520866],"dvar":[7.70991107402e-7,0.00000114652550565,3.4217390521e-7,2.26524903724e-7,8.15479026528e-8,1.76441560029e-7,3.26609807644e-7,6.28642027323e-8,4.78632635748e-8,5.01314403323e-8,7.91729135585e-8,3.67130468248e-8,1.50179779723e-8,6.35363717194e-9,5.33181454543e-9,3.92744370359e-9,4.73962691316e-9,4.01679756123e-9,2.81055489992e-9,1.83741688531e-9,1.43093370486e-9,1.46828482706e-9,9.14694930909e-10,9.68765068166e-10,5.78767034298e-10,4.87568541097e-10,3.01725783247e-10,3.68522323768e-10,3.91610771588e-10,1.47459808253e-10,1.60047822217e-10,1.69410180328e-10,1.64777344547e-10,1.07943383398e-10,8.19330367441e-11,4.53426324265e-11,2.73334445355e-11,2.25841307461e-11,3.29209749739e-11,6.55850790343e-11],"dvar2":[0.00000181004008937,0.00000301442355521,9.45013084674e-7,6.47890942673e-7,1.95155649862e-7,4.56182391417e-7,8.36782760416e-7,1.66100292631e-7,1.13969591098e-7,1.19481711636e-7,1.91325810306e-7,7.95249093244e-8,3.23398161584e-8,1.55056927298e-8,1.27710153563e-8,9.27667009876e-9,1.2470898092e-8,1.00109165402e-8,7.07550951162e-9,4.54698101393e-9,3.59428331542e-9,3.76060427243e-9,2.38117481288e-9,2.34815256128e-9,1.36993671962e-9,1.21707022238e-9,7.67875207863e-10,8.45491510137e-10,8.76511252468e-10,3.63571867057e-10,3.86652321271e-10,3.93103660734e-10,3.79005521411e-10,2.46268228032e-10,1.83229167949e-10,1.02061241403e-10,6.26762253209e-11,5.41306548196e-11,7.69717484195e-11,1.55045642991e-10],"max":[0.0119136087596,0.0207142680883,0.00880961026996,0.00817450787872,0.010585305281,0.0102858375758,0.0125128729269,0.00557010946795,0.00601315870881,0.00703595904633,0.00707867229357,0.00661705993116,0.00454350700602,0.00202217348851,0.00221455236897,0.00215044920333,0.00124547455925,0.00127915281337,0.00109102926217,0.000879846455064,0.000849677540828,0.000963895930909,0.000759448157623,0.00119573867414,0.000987183535472,0.000868959585205,0.000617218378466,0.00048659965978,0.000538352527656,0.000246219482506,0.000282085849904,0.000357168493792,0.000222739879973,0.000220332542085,0.000248493946856,0.000189063532162,0.000141462922329,0.0001036031681,0.000160202485858,0.000221804555622],"mean":[0.000548999290913,0.00055463751778,0.000511742604431,0.000295009493129,0.000227975382586,0.000211563674384,0.000247625168413,0.000168016675161,0.000136892864248,0.000144026445923,0.00018274805916,0.000113808593596,0.0000859697829583,0.0000626817054581,0.0000602527761657,0.0000561495144211,0.0000726834623492,0.0000536144943908,0.0000427331469837,0.000037339876144,0.0000385181301681,0.0000420666729042,0.0000311637704726,0.000024104516342,0.0000249750919465,0.0000220581932808,0.0000222265007324,0.0000232768979913,0.0000213275034184,0.0000179945800483,0.0000180373353942,0.000020583776859,0.0000209994377656,0.0000136028302222,0.00000816113606561,0.00000582769234825,0.00000495811718793,0.00000395526967623,0.00000387727641282,0.00000386216015613],"median":[0.000167323567439,0.000266366114374,0.000308081624098,0.000182773495908,0.000118375901366,0.0000810357450973,0.0000815549865365,0.0000775063599576,0.0000714783236617,0.0000608382724749,0.0000529431999894,0.0000425153048127,0.0000315454162774,0.0000335299482686,0.0000312668125844,0.0000267720715783,0.0000378862969228,0.0000261382701865,0.0000187382229342,0.0000182728581422,0.0000204583411687,0.0000244421171374,0.00001850805711,0.0000112498073577,0.0000128582923935,0.0000113243495434,0.0000131510732899,0.0000137433999043,0.0000123113823065,0.0000126910726976,0.0000116854125736,0.0000125122642203,0.000012228988453,0.00000756289136916,0.00000421790537075,0.00000257455803876,0.00000261604009211,0.00000209736344914,0.00000154073950398,0.00000122630058286],"min":[1.06447517933e-23,1.204538853e-23,2.33995329586e-23,9.97222499459e-24,2.26013382511e-24,2.10126946615e-24,2.85015346449e-24,1.07208382164e-23,1.87625075835e-23,1.81259173434e-23,2.11243760664e-23,1.23599854701e-23,9.29357269099e-24,4.81033929925e-24,5.8426048145e-24,8.97667779903e-24,7.90526111706e-24,4.23337787166e-24,3.78209421361e-24,7.33968571334e-24,1.51237951503e-23,8.20294251281e-24,7.37749897197e-24,1.31706426021e-23,1.52455305875e-23,1.10426989878e-23,1.25438145157e-23,1.00626402872e-23,7.17545355034e-24,9.63629015582e-24,1.35281425315e-23,7.69418876009e-24,7.317659928e-24,1.17167577543e-23,1.16980152081e-23,8.60882012602e-24,6.88758321767e-24,1.26049780571e-23,1.07830185996e-23,1.58113016287e-23],"var":[0.0000012350022871,0.00000111136921532,4.39015110487e-7,1.97808560642e-7,1.33465064778e-7,2.14842813762e-7,3.44910887407e-7,8.61933528995e-8,7.21527939618e-8,9.11174211637e-8,2.16705743128e-7,7.41679215821e-8,3.48931870064e-8,1.2047476794e-8,9.07819863727e-9,7.9252400198e-9,9.19557940904e-9,7.18930426302e-9,4.96537699846e-9,3.44696959864e-9,3.06897263158e-9,3.81727094378e-9,1.8153631931e-9,2.49206699721e-9,1.84545623227e-9,1.29618327183e-9,1.05836717168e-9,9.70728386562e-10,9.05541863716e-10,3.68288149977e-10,4.28367424865e-10,5.9314747558e-10,6.45848485803e-10,2.86831225438e-10,1.65538735497e-10,9.98433349886e-11,5.70717986759e-11,3.90607060585e-11,5.44521996937e-11,9.10215097738e-11]},"melbands_crest":{"dmean":2.97990083694,"dmean2":4.8419380188,"dvar":7.9124045372,"dvar2":19.6735191345,"max":31.7254219055,"mean":10.847287178,"median":9.82832527161,"min":2.22689247131,"var":22.6105823517},"melbands_flatness_db":{"dmean":0.0178602803499,"dmean2":0.0272654220462,"dvar":0.000353362498572,"dvar2":0.000789063458797,"max":0.363850027323,"mean":0.102477222681,"median":0.0923193693161,"min":0.00937448255718,"var":0.00232449383475},"melbands_kurtosis":{"dmean":2.40037989616,"dmean2":3.82703471184,"dvar":33.6178016663,"dvar2":86.0019683838,"max":179.599853516,"mean":3.71526741982,"median":1.9975464344,"min":-1.87456917763,"var":47.3368301392},"melbands_skewness":{"dmean":0.437696158886,"dmean2":0.684303700924,"dvar":0.270046591759,"dvar2":0.635572016239,"max":11.1268930435,"mean":1.66067504883,"median":1.5207259655,"min":-1.56572389603,"var":0.835832476616},"melbands_spread":{"dmean":13.0484170914,"dmean2":19.919675827,"dvar":221.877624512,"dvar2":485.49105835,"max":251.475860596,"mean":59.7145309448,"median":56.99609375,"min":2.68252921104,"var":781.617370605},"mfcc":{"cov":[[12947.328125,121.972732544,-551.057006836,571.892333984,-170.844802856,376.012115479,-445.265258789,-153.346939087,-206.615783691,-90.6062927246,-47.7731323242,-169.807693481,-212.462005615],[121.972732544,607.106018066,-160.705413818,142.737869263,-11.9752540588,37.0993080139,31.0029888153,69.0701904297,59.7988433838,-2.5442636013,43.6908683777,-4.59943342209,-39.809387207],[-551.057006836,-160.705413818,440.534759521,-122.610206604,75.4375991821,-68.3473892212,65.1254959106,-14.9426870346,-12.0148096085,12.6428222656,-14.3589220047,29.0206336975,75.3737411499],[571.892333984,142.737869263,-122.610206604,320.933105469,30.995059967,104.830421448,-60.341255188,52.5035438538,29.6063499451,21.0515899658,22.8359508514,1.05151379108,-54.4935646057],[-170.844802856,-11.9752540588,75.4375991821,30.995059967,149.124511719,-2.61737847328,33.3585243225,-1.7254960537,4.3465719223,11.7852363586,8.71816730499,17.1088504791,19.6278152466],[376.012115479,37.0993080139,-68.3473892212,104.830421448,-2.61737847328,225.085571289,-5.79867362976,48.2059745789,29.7784099579,19.6972007751,23.9616012573,-2.6953394413,-37.4594726563],[-445.265258789,31.0029888153,65.1254959106,-60.341255188,33.3585243225,-5.79867362976,217.480880737,38.971622467,5.29993486404,-0.22437261045,25.8104057312,3.8002512455,29.29438591],[-153.346939087,69.0701904297,-14.9426870346,52.5035438538,-1.7254960537,48.2059745789,38.971622467,142.163635254,72.5606994629,32.9866142273,15.0408573151,5.83377695084,-26.8442611694],[-206.615783691,59.7988433838,-12.0148096085,29.6063499451,4.3465719223,29.7784099579,5.29993486404,72.5606994629,129.338088989,45.2875976563,9.05432987213,8.55083751678,-7.12082529068],[-90.6062927246,-2.5442636013,12.6428222656,21.0515899658,11.7852363586,19.6972007751,-0.22437261045,32.9866142273,45.2875976563,83.0989685059,23.875875473,7.81883716583,-10.299946785],[-47.7731323242,43.6908683777,-14.3589220047,22.8359508514,8.71816730499,23.9616012573,25.8104057312,15.0408573151,9.05432987213,23.875875473,78.179725647,18.6563129425,-8.21311187744],[-169.807693481,-4.59943342209,29.0206336975,1.05151379108,17.1088504791,-2.6953394413,3.8002512455,5.83377695084,8.55083751678,7.81883716583,18.6563129425,79.7679443359,36.1328926086],[-212.462005615,-39.809387207,75.3737411499,-54.4935646057,19.6278152466,-37.4594726563,29.29438591,-26.8442611694,-7.12082529068,-10.299946785,-8.21311187744,36.1328926086,104.96962738]],"icov":[[0.0000989292966551,1.04889167574e-7,0.0000333501011482,-0.000138905641506,0.0000742683841963,-0.000127407285618,0.000115311158879,0.0000840322754811,0.00014847467537,0.0000227432738029,0.0000246589770541,0.00014523412392,-0.00000158616751378],[1.04889167574e-7,0.00222328677773,0.000560275337193,-0.000879159080796,0.000184785429155,0.000430588435847,-0.000556389044505,-0.000311320618493,-0.000974170106929,0.00101734045893,-0.00102243630681,0.000170449566212,0.0000745113939047],[0.0000333501011482,0.000560275337193,0.0033651732374,0.0007863046485,-0.00147812615614,0.000337280245731,-0.000368671811884,-0.000499695132021,0.000393828406231,-0.000826821895316,0.000505209027324,-0.000245264614932,-0.0012867996702],[-0.000138905641506,-0.000879159080796,0.0007863046485,0.0054401489906,-0.00217096856795,-0.00142674543895,0.00160476344172,-0.00155982433353,0.00047729126527,-0.000422832294134,-0.000284454756184,-0.000584000663366,0.000864704488777],[0.0000742683841963,0.000184785429155,-0.00147812615614,-0.00217096856795,0.00858217757195,0.000209563295357,-0.00150913069956,0.00140911957715,-0.000387568026781,-0.000710481021088,-0.0000775331645855,-0.000811757694464,-0.000416342285462],[-0.000127407285618,0.000430588435847,0.000337280245731,-0.00142674543895,0.000209563295357,0.00590056180954,-0.000454981869552,-0.00104508257937,-0.00066401384538,-0.0000427539416705,-0.00112956191879,-0.0000951683832682,0.000743902288377],[0.000115311158879,-0.000556389044505,-0.000368671811884,0.00160476344172,-0.00150913069956,-0.000454981869552,0.00674693472683,-0.00297592068091,0.00120564270765,0.000934903975576,-0.00258711050265,0.00185304717161,-0.00207068002783],[0.0000840322754811,-0.000311320618493,-0.000499695132021,-0.00155982433353,0.00140911957715,-0.00104508257937,-0.00297592068091,0.0126737691462,-0.00559107586741,-0.00112526200246,0.00104741682298,-0.00175972282887,0.00323423510417],[0.00014847467537,-0.000974170106929,0.000393828406231,0.00047729126527,-0.000387568026781,-0.00066401384538,0.00120564270765,-0.00559107586741,0.0133361108601,-0.00549411261454,0.00146476225927,-0.00000828208067105,-0.00155168410856],[0.0000227432738029,0.00101734045893,-0.000826821895316,-0.000422832294134,-0.000710481021088,-0.0000427539416705,0.000934903975576,-0.00112526200246,-0.00549411261454,0.0175155866891,-0.00518747512251,0.000108753738459,0.00127762951888],[0.0000246589770541,-0.00102243630681,0.000505209027324,-0.000284454756184,-0.0000775331645855,-0.00112956191879,-0.00258711050265,0.00104741682298,0.00146476225927,-0.00518747512251,0.0174181368202,-0.00498013850302,0.00242044823244],[0.00014523412392,0.000170449566212,-0.000245264614932,-0.000584000663366,-0.000811757694464,-0.0000951683832682,0.00185304717161,-0.00175972282887,-0.00000828208067105,0.000108753738459,-0.00498013850302,0.0174988601357,-0.00702084507793],[-0.00000158616751378,0.0000745113939047,-0.0012867996702,0.000864704488777,-0.000416342285462,0.000743902288377,-0.00207068002783,0.00323423510417,-0.00155168410856,0.00127762951888,0.00242044823244,-0.00702084507793,0.0152990175411]],"mean":[-619.570556641,68.7090072632,1.37312841415,17.1477603912,-6.61373996735,8.2771987915,-2.75281596184,1.84108960629,2.13118648529,0.0631130114198,0.885199010372,-0.929283440113,0.0650750473142]},"pitch_salience":{"dmean":0.0589562430978,"dmean2":0.0937534049153,"dvar":0.00302253826521,"dvar2":0.00726370792836,"max":0.843667626381,"mean":0.590445101261,"median":0.596980631351,"min":0.133518248796,"var":0.0101707391441},"silence_rate_20dB":{"dmean":0,"dmean2":0,"dvar":0,"dvar2":0,"max":1,"mean":1,"median":1,"min":1,"var":0},"silence_rate_30dB":{"dmean":0,"dmean2":0,"dvar":0,"dvar2":0,"max":1,"mean":1,"median":1,"min":1,"var":0},"silence_rate_60dB":{"dmean":0.0209587868303,"dmean2":0.0419208519161,"dvar":0.0205216482282,"dvar2":0.0461187958717,"max":1,"mean":0.12089458853,"median":0,"min":0,"var":0.106258109212},"spectral_centroid":{"dmean":280.826202393,"dmean2":426.404266357,"dvar":88802.2109375,"dvar2":187380.703125,"max":11145.109375,"mean":2428.61328125,"median":2497.80859375,"min":324.682983398,"var":390397.46875},"spectral_complexity":{"dmean":4.32720708847,"dmean2":6.56342887878,"dvar":25.186422348,"dvar2":50.6771278381,"max":62,"mean":25.8609638214,"median":27.5,"min":0,"var":198.676223755},"spectral_contrast_coeffs":{"dmean":[0.0496000088751,0.0463857799768,0.0399294085801,0.0317898653448,0.0233110170811,0.0192058086395],"dmean2":[0.0829300507903,0.0756635665894,0.0633487924933,0.0506084747612,0.0361575819552,0.0290901493281],"dvar":[0.00178545084782,0.00156605313532,0.00113433774095,0.000689032254741,0.000396210234612,0.000307592505123],"dvar2":[0.00486995698884,0.00398565409705,0.00268425373361,0.00161999685224,0.000902355706785,0.000641636142973],"max":[-0.340223908424,-0.419852048159,-0.429954588413,-0.5047108531,-0.573252022266,-0.565438985825],"mean":[-0.658719956875,-0.749006867409,-0.748288810253,-0.7657751441,-0.773750305176,-0.726214528084],"median":[-0.65892469883,-0.757907867432,-0.757985651493,-0.768272280693,-0.775989770889,-0.723044276237],"min":[-0.961359322071,-0.956435322762,-0.972175061703,-0.951686739922,-0.959604382515,-0.962121784687],"var":[0.00677665416151,0.00570740411058,0.00539297889918,0.00284222117625,0.00209375773557,0.00319673889317]},"spectral_contrast_valleys":{"dmean":[0.380024254322,0.3707036376,0.341264724731,0.319448083639,0.276392668486,0.272620290518],"dmean2":[0.630489289761,0.596901059151,0.530622243881,0.480592548847,0.399793148041,0.369752168655],"dvar":[0.125573948026,0.119552858174,0.1107436046,0.106155082583,0.102969042957,0.114298731089],"dvar2":[0.290491104126,0.259701907635,0.222541555762,0.20273271203,0.186915621161,0.191439777613],"max":[-5.46462154388,-4.8433470726,-5.36240196228,-5.74525213242,-5.31357622147,-7.28347015381],"mean":[-7.84939622879,-6.99610757828,-7.49317407608,-7.76384067535,-7.28719472885,-9.43389415741],"median":[-7.44523620605,-6.62818002701,-7.1033873558,-7.33908367157,-6.86366939545,-9.15626907349],"min":[-27.0956516266,-27.3710460663,-26.9005775452,-27.4228553772,-27.3475875854,-27.2419109344],"var":[1.63563299179,1.6824606657,1.72098600864,1.89795720577,1.86466062069,1.65508210659]},"spectral_decrease":{"dmean":1.27447385978e-9,"dmean2":2.00778904613e-9,"dvar":3.78292524305e-18,"dvar2":9.10129043609e-18,"max":2.63948458137e-29,"mean":-4.35121894071e-9,"median":-4.36888658584e-9,"min":-2.15186641839e-8,"var":9.64863832896e-18},"spectral_energy":{"dmean":0.00557850440964,"dmean2":0.00860712863505,"dvar":0.000066916749347,"dvar2":0.000157294722158,"max":0.0946115404367,"mean":0.0201168823987,"median":0.0205215327442,"min":1.07541807984e-20,"var":0.000184201839147},"spectral_energyband_high":{"dmean":0.00120820081793,"dmean2":0.00175203278195,"dvar":0.00000337663982464,"dvar2":0.00000705965067027,"max":0.0280834119767,"mean":0.00366230565123,"median":0.00285359285772,"min":7.69707554293e-21,"var":0.0000107158339233},"spectral_energyband_low":{"dmean":0.00191477499902,"dmean2":0.00313062407076,"dvar":0.0000192540628632,"dvar2":0.0000488552032039,"max":0.0741544738412,"mean":0.00358627270907,"median":0.00193399540149,"min":1.06216536304e-22,"var":0.0000290122534352},"spectral_energyband_middle_high":{"dmean":0.00194857199676,"dmean2":0.002984396182,"dvar":0.00000769667985878,"dvar2":0.0000176389021362,"max":0.0468562431633,"mean":0.00670690322295,"median":0.00586888752878,"min":1.45655196761e-21,"var":0.0000306276524498},"spectral_energyband_middle_low":{"dmean":0.00295089487918,"dmean2":0.00476410379633,"dvar":0.0000251427700277,"dvar2":0.0000633305462543,"max":0.0641224309802,"mean":0.00692489091307,"median":0.00549058243632,"min":3.79276573461e-22,"var":0.0000434109388152},"spectral_entropy":{"dmean":0.114541783929,"dmean2":0.164499476552,"dvar":0.0170843470842,"dvar2":0.0326621048152,"max":9.81213951111,"mean":8.03034877777,"median":8.08703422546,"min":5.58989906311,"var":0.136112123728},"spectral_flux":{"dmean":0.018067875877,"dmean2":0.0272107068449,"dvar":0.000482148374431,"dvar2":0.000966912077274,"max":0.260060489178,"mean":0.078346170485,"median":0.0794669687748,"min":1.03702366139e-10,"var":0.00183377310168},"spectral_kurtosis":{"dmean":0.598591208458,"dmean2":0.974864959717,"dvar":0.551556289196,"dvar2":1.48335504532,"max":26.093706131,"mean":2.09882926941,"median":1.85058391094,"min":-1.18822240829,"var":3.86090993881},"spectral_rms":{"dmean":0.000558702915441,"dmean2":0.000839545566123,"dvar":5.15625629305e-7,"dvar2":0.00000114380020477,"max":0.00960749387741,"mean":0.0040629580617,"median":0.00447448436171,"min":3.23911774139e-12,"var":0.00000311867233904},"spectral_rolloff":{"dmean":861.443908691,"dmean2":1353.71875,"dvar":1542390,"dvar2":3366029,"max":19207.6171875,"mean":4702.58349609,"median":4371.24023438,"min":86.1328125,"var":6691650},"spectral_skewness":{"dmean":0.128272622824,"dmean2":0.196897432208,"dvar":0.0160292517394,"dvar2":0.035792991519,"max":4.17503976822,"mean":1.05190813541,"median":1.00897860527,"min":-0.123768903315,"var":0.13109819591},"spectral_spread":{"dmean":473142.9375,"dmean2":703646.875,"dvar":380459974656,"dvar2":694802841600,"max":40741076,"mean":5991387,"median":5471571.5,"min":1831411.375,"var":3962043629570},"spectral_strongpeak":{"dmean":0.874478459358,"dmean2":1.51337528229,"dvar":2.96824145317,"dvar2":7.14977312088,"max":23.1320209503,"mean":1.26451838017,"median":0.490827262402,"min":0,"var":4.02931880951},"zerocrossingrate":{"dmean":0.0155605040491,"dmean2":0.0177807547152,"dvar":0.000310760049615,"dvar2":0.000380666169804,"max":0.5078125,"mean":0.140156924725,"median":0.12890625,"min":0.017578125,"var":0.00382136763074}},"metadata":{"audio_properties":{"analysis_sample_rate":44100,"bit_rate":320000,"codec":"mp3","downmix":"mix","equal_loudness":0,"length":296.907745361,"lossless":false,"md5_encoded":"8d80d79d4b4d9f36f4ad42fe89d47140","replay_gain":-11.0453662872,"sample_rate":44100},"tags":{"acoustid_fingerprint":["AQADtGuURFGYbPiLtDj0Nrg_PI2Jr0mOkLhyHH2oKMWVHaWPRp-JHD-U6-ia5Oil5MOP_mi4Q38QxsmOSVYS_LCQ41EuNJNviL_wI69mPA5q4fiNh2GD8PBRXTmuDPqE-PHRbVG0oMmPH1-OX0Gto7GGW8qIxA9ye6B8PAeTiqlRGc0R-vihTx1-9Dua59CPw2OORz1iUcqUIFOVGTpyFTx85ng-PFGOMwyo5CZiXNCPWjl8C5zxOMqhPS8u7EEeNFsyCu00PBmD8A_0oxaDRz4adYkWTLLwHLpCZD-u1cGzLD0aTTpq5viRPYG-ICI34_iW40doFs1y6MwVNCqPiseZo5bQPAt2G3p4XFKW4vnR6EPPB4-UxcWjHyfRRzqoEtqPN1eQz6nwgzmPxj2uBLcCc_iSh-iPSPkJfcGVDmH2YMo7vMeZkqieornk4FNC5NmJH8edOYHOCE-O8hnCFBe-xPiD-sgvtM9wHjr-4cnQ1DG0-bhynHyC5_jy4FsK7URz4w6uPMEVEyoV9MyQ6iL649IVPNIxF01t5Dm67dBxG8eXS3j2YNpnNA4pGY_wxCk03kHzoHYOUUwmMHog_MEzGieYB2mI7vlw6fgQiTt-6JiOv_iOn7jyDRobHc2VTDik48hJjFMdPGGO5hd65DaeQ4uXBCVxBfsYoUkORkZ0NCf649MRSUZzCfoefCX4B88MLY8wDTnuG0e5Hj8-5EyE0jow-sNJBU-4CCUPJj2eQLlkfHiP_-iYoiRxFro-fEmsIMyDNlR2vEf-wG50XOShR6jiBU19jEpzXIH-Ij_Y5cfJBtfRgLkQO1_xDE8SqUKzT_BxBfqNkkmu4ImO52i-oId6vOCT48ctNAvkJ_gOO6iOyzf0LMtxo6l0IryS4wN__HiK2sgd9At0HmV0THkenOmQ3yjCqBnO4BH0JGj2oD3y4X2I_bjQlYaPUPKOZ0ly6Mfh46GIQ2oUuDsRGz3SHD-cLQtK8jisB28E5rhz5DgCnzi6o8d13MAPAQeA4wAOHSdcCS8O_pCLE8_xF7rgX_iH8Bl-4rrg8lHBRzp-1BGPtD_643_wHd8eXNHRPER_XAibJ4b3F9kLLXlm_IYeavh3uEoU_MgjHWWlTGik2MIblEJjV8iXC4nDo7KSF80X_DjOLBuaJTb6H7mhXkkcRF8jdKEOU8cPM4ty9CKqH75yoyR5_MMXZfjCrHCcBNcRi0xw5dCWQ_Xhl9jhKk_Q_2hQi8Ez6NImvEuHhkcl_JjyxWh1HPqyHD28C32ELkNDLviHnrhz6Me3SPhhtbgy4w_-Q6-KaM-MTzx8YU-PH8eRHzWhDs0e9Dx-5Dwq9WikB9cRnftw4YXOgyHXw1aWo90VlNeMZsd9XImH72g-I1x0_DjeKDt-8Lg_3KnAJF-VoI-JXMfcwhyDy_iDxqpRUw8uFZeERtIUVD904xZMeUMue9gF_w1OBnm0dAa7Gn0NvfB2IXyeYXxS_BZ8fBu-MA2mECGPM4lyfEETmcTfwL-UoR84V3gMqz7uRMRz8HnwHVKf4lR2hOPhUpSQM9LxHaU48OGhLxZypkHzTEaZSQcZ7SmeKviD8LrRKJbwjLh1VD0VfKWCSE-JHk4zYbJy4_Jx80J-6EdTIezxEJXRyMfZIbuWQ2N