{"lowlevel":{"average_loudness":0.77176630497,"barkbands":{"dmean":[0.0000109200173029,0.00452009495348,0.00341829680838,0.00322032230906,0.00140991830267,0.00118473463226,0.00108545669354,0.000722358934581,0.000349301408278,0.000244830880547,0.000138638177305,0.000171019026311,0.000334561918862,0.000212968501728,0.000190724589629,0.0000953844282776,0.0000587942777202,0.0000391659268644,0.0000257303800026,0.0000198556499527,0.0000160097861226,0.0000111783383545,0.00000953954258875,0.00000425589405495,0.00000439301356892,0.00000742708607504,3.03814061908e-7],"dmean2":[0.0000179489179573,0.00716280285269,0.00573762645945,0.00499676167965,0.00234936503693,0.00195840606466,0.00164910871536,0.00111309823114,0.000497438246384,0.000354319316102,0.000211049875361,0.000247729592957,0.000504266296048,0.000319180020597,0.000280339736491,0.000150324354763,0.0000895944467629,0.000057759538322,0.0000388043154089,0.0000305855101033,0.0000234134822676,0.000015738658476,0.0000137875713335,0.00000604016031502,0.00000632220098851,0.0000115108732643,4.69800340852e-7],"dvar":[1.59372137709e-9,0.000302556349197,0.0000841226865305,0.000108000582259,0.0000114825188575,0.000010186399777,0.00000643418934487,0.00000462830894321,0.00000122217409171,6.66520008963e-7,1.56785375793e-7,4.39694417764e-7,0.00000169316660958,0.00000106075435724,0.0000011399339428,2.48724717267e-7,8.39924965135e-8,3.51152955602e-8,5.99236837928e-9,4.15473744297e-9,2.67755662087e-9,1.69305736097e-9,1.74105241335e-9,1.7189114021e-10,2.58084442706e-10,6.56334653293e-10,8.26737387317e-13],"dvar2":[4.18765022658e-9,0.000676532974467,0.000220008732867,0.000254429876804,0.0000313170930895,0.000028458340239,0.0000134301435537,0.00000991396973404,0.00000187521084172,0.00000117872639294,3.10969511474e-7,7.37193431632e-7,0.0000033433734643,0.00000190277921774,0.00000210660232369,5.38658241567e-7,1.75410420411e-7,6.475409009e-8,1.23474634961e-8,9.70133573475e-9,5.72280312028e-9,3.21801563175e-9,3.72740505128e-9,3.4070635202e-10,6.0331922791e-10,1.63750202287e-9,1.98567854867e-12],"max":[0.000661781698,0.225026130676,0.145545333624,0.149861425161,0.0532686635852,0.0466723106802,0.0727274864912,0.069693878293,0.0923770368099,0.035318993032,0.0182615481317,0.0245982930064,0.0529264062643,0.0566388368607,0.0555825605989,0.0186124090105,0.0105061642826,0.0203978698701,0.00415276363492,0.00225429609418,0.00199092668481,0.00170245778281,0.00218565249816,0.000691217428539,0.000605188834015,0.000578159873839,0.0000110596110972],"mean":[0.0000166047393577,0.00617963215336,0.00690264999866,0.00417533796281,0.00296607287601,0.00202299607918,0.00234354729764,0.0013164934935,0.000687809020746,0.000476624380099,0.000234996055951,0.000326422043145,0.000593881413806,0.000407653598813,0.000371588859707,0.000153520901222,0.0000951569236349,0.0000617995174252,0.0000387297513953,0.0000267961022473,0.0000223622409976,0.0000151892963913,0.0000121255961858,0.00000593357344769,0.00000483349322167,0.00000617498608335,2.69854353974e-7],"median":[7.8290639749e-7,0.00197514193133,0.00271031912416,0.000991701614112,0.00148194329813,0.000964986509643,0.000824028276838,0.000304199638776,0.000161160860443,0.0000745008801459,0.0000545828406757,0.0000458302747575,0.0000707623985363,0.0000447233760497,0.0000329826398229,0.00001965165211,0.0000111090093924,0.00000483548683405,0.00000520422963746,0.00000431236458098,0.00000230750447372,7.61023670748e-7,5.77700177473e-7,5.25373650362e-7,2.50727509865e-7,7.51589936954e-8,1.61042983393e-8],"min":[2.60497796034e-25,3.85214703414e-24,1.08779442044e-24,4.91940918016e-24,1.05251510137e-23,6.29944875864e-24,1.23992857315e-23,1.5432252386e-23,1.37132045667e-23,1.22807081046e-23,1.79951100058e-23,1.57537274044e-23,3.72330041034e-23,4.17218877114e-23,4.8532805482e-23,6.54070451156e-23,8.65863637664e-23,1.00386368276e-22,1.17952047649e-22,1.79845140261e-22,2.25265353046e-22,2.66691657732e-22,3.76765017043e-22,6.35821889608e-22,8.23898698752e-22,1.44836316227e-21,2.07540726406e-21],"var":[1.75249625922e-9,0.000305922963889,0.000123954450828,0.000120790180517,0.0000179138514795,0.0000106417401184,0.0000218853929255,0.0000136833123179,0.00000461392710349,0.00000237956442106,5.1177852356e-7,0.00000161837954238,0.00000535207709618,0.00000436729078501,0.00000486644375997,5.44837405414e-7,1.76344457259e-7,1.16089502455e-7,1.51402606008e-8,6.19618045761e-9,4.50037962452e-9,3.21729598518e-9,3.04102720783e-9,3.62883778582e-10,3.00482083659e-10,5.62054125464e-10,7.71732179029e-13]},"barkbands_crest":{"dmean":2.27664518356,"dmean2":3.62381315231,"dvar":5.9457116127,"dvar2":14.8319015503,"max":25.3723449707,"mean":11.993183136,"median":11.4314842224,"min":3.01248455048,"var":16.4794864655},"barkbands_flatness_db":{"dmean":0.0268870480359,"dmean2":0.0364812649786,"dvar":0.000779112859163,"dvar2":0.00143747730181,"max":0.501105546951,"mean":0.244633466005,"median":0.243470877409,"min":0.0317866466939,"var":0.00424880813807},"barkbands_kurtosis":{"dmean":4.63687944412,"dmean2":7.18856096268,"dvar":84.6538391113,"dvar2":193.63861084,"max":286.885498047,"mean":8.52830600739,"median":5.12800693512,"min":-1.92639732361,"var":164.142074585},"barkbands_skewness":{"dmean":0.597349822521,"dmean2":0.886989116669,"dvar":0.520626962185,"dvar2":1.12725424767,"max":14.1719818115,"mean":1.96669685841,"median":1.82138574123,"min":-2.29633617401,"var":1.83518481255},"barkbands_spread":{"dmean":2.360216856,"dmean2":3.56820988655,"dvar":12.5667791367,"dvar2":25.9604473114,"max":82.988243103,"mean":9.04412078857,"median":7.05359077454,"min":0.408374249935,"var":52.4316101074},"dissonance":{"dmean":0.0318345949054,"dmean2":0.0523704141378,"dvar":0.00088128936477,"dvar2":0.00228913105093,"max":0.5,"mean":0.423865318298,"median":0.432136267424,"min":0.167116194963,"var":0.00225657923147},"dynamic_complexity":4.29934215546,"erbbands":{"dmean":[0.0768164917827,1.20496678352,3.63752150536,8.29286193848,5.79819488525,5.21684837341,7.70044231415,9.74938106537,12.5530195236,18.4392242432,14.3622398376,8.13607788086,6.4657831192,7.25378322601,4.88680505753,8.39800930023,15.415148735,11.030708313,11.0688552856,6.85501861572,4.85087156296,2.66109085083,2.34003067017,1.30524301529,1.25231158733,0.935134589672,0.811180591583,0.516636013985,0.396574795246,0.345828384161,0.238530769944,0.117142885923,0.0651662275195,0.0384003855288,0.0391982458532,0.037544567138,0.0125412242487,0.00136728608049,0.0000580693085794,0.0000149704537762],"dmean2":[0.122656479478,1.90675449371,5.99834108353,12.8392028809,9.17225456238,8.67752838135,13.0355920792,15.871547699,19.3634262085,27.3703098297,21.8093662262,11.5006141663,9.44300365448,10.4222869873,7.36341619492,12.1106786728,22.9143390656,16.4916744232,16.3712711334,10.3243637085,7.39048528671,3.98525524139,3.43338799477,1.97620725632,1.88944196701,1.43370771408,1.20921421051,0.734403252602,0.55211687088,0.501418590546,0.337206840515,0.16737537086,0.0929835736752,0.0547535344958,0.0578529387712,0.0580474436283,0.0197284147143,0.0021565684583,0.0000872864475241,0.0000219917783397],"dvar":[0.107271619141,20.2036685944,104.710418701,659.43145752,209.401382446,177.096633911,538.12121582,618.180664062,977.810241699,2212.55078125,2002.81811523,607.561035156,451.389892578,650.547668457,144.283050537,968.216552734,3961.34399414,2152.84033203,4446.81933594,1186.49414062,684.410522461,96.0002288818,162.778167725,14.5386714935,14.0641241074,9.14189910889,6.91780424118,3.09396910667,2.34077858925,2.31651902199,1.15681231022,0.158481016755,0.0358562991023,0.0112710287794,0.0303188432008,0.0214440487325,0.00169688917231,0.0000188942012755,2.90704509354e-8,1.17547549472e-9],"dvar2":[0.252525687218,45.0405158997,270.607391357,1534.88916016,539.460998535,486.176544189,1510.34008789,1691.07775879,2102.15332031,4420.36621094,4042.04589844,936.507629395,832.371582031,1129.63098145,291.915557861,1689.37695312,7726.67431641,3848.6394043,8133.20410156,2514.16381836,1347.0501709,207.998657227,312.94519043,31.5315914154,29.5839424133,21.4436302185,15.2848100662,6.97405433655,4.46814966202,4.90752792358,2.35140872002,0.318410307169,0.0736605674028,0.0242081806064,0.0734137892723,0.054343521595,0.00429230788723,0.0000468728030683,6.74710989301e-8,2.41885711461e-9],"max":[4.04187631607,59.461151123,145.319534302,335.973236084,251.703872681,207.183059692,450.469848633,362.141204834,985.74420166,1439.06835938,1851.9777832,1756.12414551,1008.40783691,1294.09692383,524.091308594,1223.37182617,2794.6940918,2992.41748047,3356.21630859,1869.38269043,1071.78308105,364.502380371,1460.6517334,163.224563599,175.005981445,119.869903564,110.721061707,77.0809707642,61.4430580139,78.6976470947,59.4632911682,20.3977928162,8.07257080078,3.4786875248,7.50195121765,4.48378181458,0.615721642971,0.0438403077424,0.00191822426859,0.000362431368558],"mean":[0.0959251672029,1.73858547211,7.22836923599,12.3147735596,10.0690889359,10.9882926941,12.3222799301,17.6185741425,26.3026618958,37.6090812683,28.3067703247,17.0528869629,12.3876972198,15.5221719742,9.00118541718,16.8672389984,29.415594101,21.6050796509,21.9550151825,13.1923036575,8.80848312378,4.81218481064,3.95724010468,2.13763689995,1.9015301466,1.30802452564,1.12986242771,0.659039080143,0.541342020035,0.479338794947,0.310044527054,0.158765792847,0.0863928347826,0.0486267022789,0.0390946343541,0.0321247279644,0.0101640587673,0.00110284960829,0.0000616521574557,0.0000345694243151],"median":[0.0294020548463,0.616180419922,3.26175498962,4.13505935669,4.45458936691,4.32170248032,6.30606079102,8.05699920654,8.70442676544,12.4217529297,7.45349502563,4.68084049225,2.21309137344,3.54766225815,2.78592252731,2.62799501419,3.95171499252,2.92025756836,2.28392505646,1.77042913437,1.12732458115,0.672224760056,0.381064116955,0.231316953897,0.285373270512,0.222605228424,0.143295913935,0.05593027547,0.0277569461614,0.0233430340886,0.0159129314125,0.0129688251764,0.00720008462667,0.00351615995169,0.00139478454366,0.00046177895274,0.000128865271108,0.0000183555657713,0.0000134186193463,0.0000213767998503],"min":[1.4219227914e-22,3.52359932555e-22,2.0145262863e-21,1.23302022033e-20,1.97059576602e-20,1.86070950684e-20,3.88542081794e-20,4.62585667986e-20,1.24203624667e-19,2.25948907963e-19,4.48781361269e-19,4.01767336233e-19,3.52468069659e-19,7.76850859881e-19,9.1384732386e-19,1.77516619728e-18,2.34272149213e-18,2.35856717074e-18,2.26392426698e-18,2.8353162323e-18,4.29908263656e-18,5.28525894338e-18,5.95874071272e-18,7.38455234817e-18,7.51284061655e-18,8.32152298907e-18,9.7282081408e-18,1.06403575731e-17,1.0622747725e-17,1.1102744918e-17,9.87389449901e-18,1.08115277116e-17,9.69910461813e-18,8.63009444477e-18,6.49906915091e-18,4.87369688396e-18,2.48881523679e-18,1.00482912623e-18,2.59381816413e-19,3.01432951644e-20],"var":[0.096901088953,20.7804203033,131.774658203,729.044311523,273.316497803,307.153381348,459.383270264,780.563110352,3077.63525391,6773.90234375,7021.51025391,2501.17480469,1711.85644531,2389.78735352,428.410675049,3746.96655273,12765.0253906,9381.69628906,16306.2919922,3845.31445312,2042.05993652,261.343017578,535.641052246,39.5578689575,32.3925209045,13.7362546921,11.5934972763,4.36095237732,4.3133058548,3.9954328537,2.23474359512,0.311684221029,0.0714826434851,0.0186966452748,0.0301309619099,0.0176397580653,0.00143599126022,0.0000163996974152,2.91265180863e-8,1.79958770108e-9]},"erbbands_crest":{"dmean":2.58658266068,"dmean2":3.96422505379,"dvar":6.93758630753,"dvar2":14.8992938995,"max":33.6994018555,"mean":11.4602746964,"median":10.2689838409,"min":2.81569433212,"var":26.6450252533},"erbbands_flatness_db":{"dmean":0.0249722916633,"dmean2":0.0304128862917,"dvar":0.000642293947749,"dvar2":0.00104991125409,"max":0.435179263353,"mean":0.224659144878,"median":0.229712978005,"min":0.0268416423351,"var":0.00343591696583},"erbbands_kurtosis":{"dmean":1.32424008846,"dmean2":2.02094316483,"dvar":4.23293876648,"dvar2":9.23518657684,"max":59.0369529724,"mean":1.74661552906,"median":0.737785696983,"min":-1.85827815533,"var":12.0420618057},"erbbands_skewness":{"dmean":0.370787501335,"dmean2":0.552130997181,"dvar":0.157509744167,"dvar2":0.325928360224,"max":6.50386190414,"mean":0.645348131657,"median":0.715414524078,"min":-6.14219999313,"var":0.955579221249},"erbbands_spread":{"dmean":6.13278007507,"dmean2":8.86029529572,"dvar":70.6780014038,"dvar2":148.190292358,"max":147.082748413,"mean":24.3119068146,"median":21.0483646393,"min":2.13123035431,"var":214.298202515},"gfcc":{"cov":[[12190.1572266,-290.170135498,-1023.54998779,642.870422363,-526.432006836,281.898162842,-250.064529419,192.061813354,-248.622573853,88.1965255737,-272.944458008,91.0165786743,-350.469177246],[-290.170135498,1524.62780762,-91.5636291504,-285.265808105,323.176971436,-177.340759277,187.976333618,-123.558921814,150.287261963,-91.2667236328,226.925460815,-195.568161011,197.771942139],[-1023.54998779,-91.5636291504,1047.71105957,132.308609009,-57.1062812805,148.315597534,1.29370296001,34.31016922,18.4981002808,17.7513484955,-8.5867767334,124.871795654,-18.2892532349],[642.870422363,-285.265808105,132.308609009,472.692565918,-49.5753707886,20.7081356049,-12.5490484238,62.4745330811,22.293888092,-42.8864746094,-28.7445602417,46.4980888367,-22.6509952545],[-526.432006836,323.176971436,-57.1062812805,-49.5753707886,468.651489258,-24.1501331329,105.721237183,21.4966850281,48.0950126648,46.589515686,23.6939926147,-33.2238426208,48.4747505188],[281.898162842,-177.340759277,148.315597534,20.7081356049,-24.1501331329,242.343017578,8.03143596649,14.7565631866,3.90214562416,43.4835395813,-18.1634902954,27.4878940582,-39.3032264709],[-250.064529419,187.976333618,1.29370296001,-12.5490484238,105.721237183,8.03143596649,224.223999023,18.359462738,2.32809352875,29.1714401245,48.0759391785,-19.7135658264,29.8603191376],[192.061813354,-123.558921814,34.31016922,62.4745330811,21.4966850281,14.7565631866,18.359462738,158.373977661,28.2366638184,2.64637637138,-7.29312801361,38.32371521,-12.6045808792],[-248.622573853,150.287261963,18.4981002808,22.293888092,48.0950126648,3.90214562416,2.32809352875,28.2366638184,160.921112061,-3.36763095856,33.0750160217,-15.921880722,28.8492679596],[88.1965255737,-91.2667236328,17.7513484955,-42.8864746094,46.589515686,43.4835395813,29.1714401245,2.64637637138,-3.36763095856,168.049545288,0.425470590591,12.3258228302,-11.7889556885],[-272.944458008,226.925460815,-8.5867767334,-28.7445602417,23.6939926147,-18.1634902954,48.0759391785,-7.29312801361,33.0750160217,0.425470590591,143.217895508,-19.3140449524,24.9901409149],[91.0165786743,-195.568161011,124.871795654,46.4980888367,-33.2238426208,27.4878940582,-19.7135658264,38.32371521,-15.921880722,12.3258228302,-19.3140449524,150.730117798,-15.3122463226],[-350.469177246,197.771942139,-18.2892532349,-22.6509952545,48.4747505188,-39.3032264709,29.8603191376,-12.6045808792,28.8492679596,-11.7889556885,24.9901409149,-15.3122463226,132.152145386]],"icov":[[0.000306778412778,-0.000934310606681,0.00060503766872,-0.000874474935699,0.000639236997813,-0.000795248546638,0.000572581135202,-0.00083134387387,0.000903671607375,-0.000884630018845,0.00102882576175,-0.000663862039801,0.000918343197554],[-0.000934310606681,0.00499566318467,-0.00218401220627,0.00361499679275,-0.00286251609214,0.00324792973697,-0.00265672896057,0.00373853347264,-0.00400895532221,0.00410966575146,-0.0050511979498,0.00339824496768,-0.00407313462347],[0.00060503766872,-0.00218401220627,0.00242128618993,-0.00210294080898,0.00147614593152,-0.0023231706582,0.00118948391173,-0.00171070860233,0.00180422014091,-0.00194399780594,0.00224473094568,-0.00238490942866,0.00191525905393],[-0.000874474935699,0.00361499679275,-0.00210294080898,0.00536404876038,-0.00203393748961,0.00264237890951,-0.00218160683289,0.00217257603072,-0.00354267377406,0.00381712103263,-0.00333292339928,0.00213218899444,-0.00287746288814],[0.000639236997813,-0.00286251609214,0.00147614593152,-0.00203393748961,0.00435978593305,-0.00172499846667,0.000493066560011,-0.00256514851935,0.00171498721465,-0.00309095717967,0.00325433071703,-0.00165842240676,0.00190883153118],[-0.000795248546638,0.00324792973697,-0.0023231706582,0.00264237890951,-0.00172499846667,0.00741564203054,-0.0022974582389,0.00257074623369,-0.0033371092286,0.00169386423659,-0.00281773973256,0.00210458226502,-0.00157945870887],[0.000572581135202,-0.00265672896057,0.00118948391173,-0.00218160683289,0.000493066560011,-0.0022974582389,0.00719339819625,-0.00299579114653,0.00329186790623,-0.00294194393791,0.000884875946213,-0.00104739249218,0.00124008196872],[-0.00083134387387,0.00373853347264,-0.00171070860233,0.00217257603072,-0.00256514851935,0.00257074623369,-0.00299579114653,0.0105349309742,-0.00477033294737,0.00331566599198,-0.00332193309441,0.000566238537431,-0.00224583572708],[0.000903671607375,-0.00400895532221,0.00180422014091,-0.00354267377406,0.00171498721465,-0.0033371092286,0.00329186790623,-0.00477033294737,0.0109432796016,-0.0033913012594,0.00235369359143,-0.00159140455071,0.0018972910475],[-0.000884630018845,0.00410966575146,-0.00194399780594,0.00381712103263,-0.00309095717967,0.00169386423659,-0.00294194393791,0.00331566599198,-0.0033913012594,0.0102973496541,-0.00414396077394,0.00206450209953,-0.00281081534922],[0.00102882576175,-0.0050511979498,0.00224473094568,-0.00333292339928,0.00325433071703,-0.00281773973256,0.000884875946213,-0.00332193309441,0.00235369359143,-0.00414396077394,0.0134534677491,-0.00312890601344,0.00368858175352],[-0.000663862039801,0.00339824496768,-0.00238490942866,0.00213218899444,-0.00165842240676,0.00210458226502,-0.00104739249218,0.000566238537431,-0.00159140455071,0.00206450209953,-0.00312890601344,0.0106972754002,-0.00292315543629],[0.000918343197554,-0.00407313462347,0.00191525905393,-0.00287746288814,0.00190883153118,-0.00157945870887,0.00124008196872,-0.00224583572708,0.0018972910475,-0.00281081534922,0.00368858175352,-0.00292315543629,0.0125045161694]],"mean":[-99.7206497192,162.327667236,-96.840927124,13.4052553177,-42.9469947815,2.53314518929,-34.3167915344,-3.83660745621,-16.2524433136,1.25464427471,-10.0879211426,-12.6159534454,-11.2361288071]},"hfc":{"dmean":3.71517062187,"dmean2":5.25203418732,"dvar":54.7401809692,"dvar2":114.13533783,"max":146.740905762,"mean":10.1793279648,"median":5.42260742188,"min":1.1037351493e-16,"var":157.705322266},"melbands":{"dmean":[0.00101609667763,0.00176110153552,0.0013263822766,0.000355009629857,0.000257033854723,0.000220159578021,0.000197431218112,0.000193136176676,0.000107855652459,0.0000474467233289,0.0000329764661728,0.000031150830182,0.0000191579511011,0.0000160311483342,0.0000333607604261,0.0000298782870232,0.0000199729602173,0.0000184878863365,0.0000114740942081,0.00000677589378029,0.00000611484256297,0.00000300079045701,0.0000026222642191,0.00000179129392563,0.00000102967408111,0.00000105445712961,7.66912933159e-7,6.28207089903e-7,5.67748600133e-7,3.75914794404e-7,2.95627160085e-7,2.28317560413e-7,2.1224091995e-7,1.98924112738e-7,1.46419353086e-7,1.12278790709e-7,5.80971999398e-8,4.69647680745e-8,3.77111284422e-8,3.05582439353e-8],"dmean2":[0.00161106465384,0.00282992562279,0.00205962965265,0.000579754530918,0.000433561188402,0.000359326950274,0.000303448468912,0.000288054579869,0.00016356924607,0.0000668287466397,0.0000482744981127,0.0000446335070592,0.0000289984709525,0.0000232172042161,0.000048715959565,0.0000451664964203,0.0000299091807392,0.0000276299779216,0.0000169506201928,0.0000106238076114,0.00000917205943551,0.0000044946309572,0.00000398136853619,0.00000265682228928,0.00000160950310146,0.00000160685465289,0.00000116947308015,9.84966050055e-7,8.69325333497e-7,5.52469089143e-7,4.36003801951e-7,3.23862991536e-7,3.02601421254e-7,2.96966987889e-7,2.145839062e-7,1.65954929798e-7,8.56000283989e-8,6.80803111663e-8,5.42803384462e-8,4.45355787804e-8],"dvar":[0.0000168891838257,0.0000272441247944,0.000015404266378,6.44877218292e-7,5.96139670961e-7,3.14451796157e-7,2.2639365227e-7,2.35437894958e-7,1.09079536514e-7,2.23164668967e-8,1.17467617855e-8,1.26516521703e-8,2.6577771095e-9,3.56128615486e-9,1.514806236e-8,1.27017960594e-8,9.01681307397e-9,1.24877566066e-8,3.55589180323e-9,1.2565380958e-9,1.38510525272e-9,1.39135300503e-10,2.08120146117e-10,7.40388722553e-11,1.01140432834e-11,1.14178805299e-11,5.59744047987e-12,5.17406473569e-12,4.21265453077e-12,1.38414301722e-12,1.19414276644e-12,8.19430569406e-13,7.00751848041e-13,8.83182470299e-13,4.97852681389e-13,1.61265843886e-13,4.38984616615e-14,2.05107893153e-14,1.08183776472e-14,7.45390348836e-15],"dvar2":[0.0000383145779779,0.0000635824617348,0.0000362798018614,0.00000172488569206,0.00000166911081578,8.64679407186e-7,4.79077812088e-7,4.83051678657e-7,2.13491134105e-7,3.38983809911e-8,2.1631068492e-8,2.18940350294e-8,5.25499199711e-9,6.02447691733e-9,2.75018461338e-8,2.66553588091e-8,1.57102473253e-8,2.31178951537e-8,6.71928157558e-9,2.99931990355e-9,2.53472731693e-9,2.66055760756e-10,4.66853666836e-10,1.24856888717e-10,2.22252927867e-11,2.36032304812e-11,1.28323731849e-11,1.24186884734e-11,9.30030358282e-12,3.06497058636e-12,2.80187049777e-12,1.62026804734e-12,1.39380000597e-12,2.04080003764e-12,1.04016795177e-12,3.44485995719e-13,9.3041995278e-14,4.34306656936e-14,2.27417301028e-14,1.62323140904e-14],"max":[0.050959341228,0.0704262033105,0.0554635748267,0.013874723576,0.0155930360779,0.00806225650012,0.014816951938,0.0140985706821,0.0152169577777,0.00959266908467,0.00502096069977,0.00577356712893,0.00259370077401,0.00271993083879,0.00581711251289,0.003910606727,0.0068792742677,0.00514267617837,0.00504477880895,0.00205925432965,0.00165256881155,0.00044222921133,0.000837241881527,0.00104373239446,0.000161852221936,0.000168277183548,0.000112321838969,0.000105119419459,0.000112989582703,0.0000389399901906,0.0000493882762385,0.0000420186552219,0.0000426213628089,0.0000508355296915,0.0000399213531637,0.0000182283383765,0.0000120252407214,0.00000706288119545,0.00000334766150445,0.000002999633125],"mean":[0.00133164436556,0.00336442515254,0.0020860999357,0.00075261015445,0.000442736811237,0.000395637645852,0.000422873621574,0.000383928330848,0.000211182967178,0.0000958017844823,0.0000606911853538,0.0000649994544801,0.000033490556234,0.0000299756920867,0.0000641839069431,0.0000539204447705,0.0000381835925509,0.0000348067042069,0.0000226140273298,0.000011472658116,0.0000108811409518,0.00000493858487971,0.00000435592028225,0.00000286560702989,0.00000156668352247,0.00000150672019572,0.00000107323921839,8.13980420844e-7,7.74589295816e-7,4.91916694045e-7,3.47538048118e-7,2.99880753118e-7,2.92938040047e-7,2.57129642023e-7,1.85756789506e-7,1.37558558322e-7,7.94978376462e-8,6.1312071864e-8,4.82604285423e-8,3.8131009461e-8],"median":[0.000440019764937,0.00163895566948,0.000798197695985,0.000365086831152,0.00022973283194,0.00018222007202,0.000144015823025,0.000121665405459,0.0000524082352058,0.0000222457747441,0.00000900210943655,0.0000133786143124,0.00000865565198183,0.00000460623641629,0.00000764412106946,0.00000711300162948,0.00000412107965531,0.00000308300673169,0.00000231753574553,0.00000161620039307,9.72317934611e-7,6.11022869634e-7,4.11075063766e-7,2.084815236e-7,1.50345528027e-7,1.93360520484e-7,1.6510517753e-7,1.26561801039e-7,9.04608015162e-8,4.6637659068e-8,2.16349462789e-8,1.31605908393e-8,1.36931150863e-8,1.12349685111e-8,8.41650926731e-9,8.13901568364e-9,6.81027945149e-9,4.85401230321e-9,3.48199336031e-9,2.56882870531e-9],"min":[2.20939764435e-24,1.36540936413e-24,2.7571394668e-24,1.70666842236e-24,1.22307785341e-24,1.19616369426e-24,2.16956647952e-24,2.08458170534e-24,4.0011001447e-24,2.33963009954e-24,1.78963430427e-24,2.42478645097e-24,2.75902464715e-24,1.47364877172e-24,3.72834833127e-24,4.03358425348e-24,3.89850996727e-24,3.0147601392e-24,3.2741151223e-24,4.38249072655e-24,3.35218789723e-24,4.80252287097e-24,5.04582059035e-24,3.70758669554e-24,5.12997982159e-24,4.89953146307e-24,4.00737829421e-24,4.61003804909e-24,5.3794574773e-24,4.96034553912e-24,6.14414847324e-24,5.6725906955e-24,4.25373442732e-24,5.64293938623e-24,4.46091533344e-24,6.66133475461e-24,6.89194325189e-24,5.87684887197e-24,5.61290863485e-24,6.63286003137e-24],"var":[0.0000163804907061,0.0000324031170749,0.0000175571731234,0.00000118057039344,5.26270184764e-7,3.86016097309e-7,7.51235177177e-7,6.79811478221e-7,3.95801947661e-7,9.09407376071e-8,4.40023164572e-8,4.5512042135e-8,8.57421245115e-9,1.29017969641e-8,6.12867410155e-8,3.48426283381e-8,3.91624794815e-8,4.27451283258e-8,1.77641847898e-8,2.61526711398e-9,4.51782389277e-9,3.83044346242e-10,5.54897350291e-10,2.72523420497e-10,2.61417398145e-11,2.77776707885e-11,9.51250276465e-12,7.05233137513e-12,7.21567640707e-12,2.06655417605e-12,1.51000826426e-12,1.42102909301e-12,1.24470930524e-12,1.33341569123e-12,9.43238542828e-13,2.71205692452e-13,8.13501013514e-14,3.99770514815e-14,1.93984995303e-14,1.19612105932e-14]},"melbands_crest":{"dmean":2.78492355347,"dmean2":4.42161941528,"dvar":9.69749832153,"dvar2":24.1944770813,"max":32.153591156,"mean":16.057641983,"median":15.5941438675,"min":1.67690646648,"var":27.6214122772},"melbands_flatness_db":{"dmean":0.0312341712415,"dmean2":0.0423378050327,"dvar":0.00109592324588,"dvar2":0.00202926876955,"max":0.634209871292,"mean":0.33832141757,"median":0.336458027363,"min":0.00402890937403,"var":0.00647160131484},"melbands_kurtosis":{"dmean":7.92631196976,"dmean2":12.3938570023,"dvar":264.597503662,"dvar2":636.481567383,"max":500.17086792,"mean":14.9946241379,"median":8.95379257202,"min":-1.90380728245,"var":462.99621582},"melbands_skewness":{"dmean":0.710741639137,"dmean2":1.06219470501,"dvar":0.758861541748,"dvar2":1.7052282095,"max":16.5926456451,"mean":2.5753724575,"median":2.33239030838,"min":-1.61495041847,"var":2.46459460258},"melbands_spread":{"dmean":2.83182644844,"dmean2":4.26538228989,"dvar":24.9250812531,"dvar2":50.5632400513,"max":193.810974121,"mean":10.472448349,"median":7.45416164398,"min":0.429364651442,"var":128.386260986},"mfcc":{"cov":[[8518.08398438,-390.406494141,-709.903686523,253.191711426,-292.916534424,55.4102287292,-89.8528594971,142.605834961,-106.661193848,45.1921577454,87.2705459595,-50.5763397217,-113.707313538],[-390.406494141,1875.7310791,-197.617935181,-83.8865890503,135.031143188,-37.9306373596,163.626449585,-147.689575195,54.8550758362,85.3561553955,-67.3399429321,80.6231765747,66.0340423584],[-709.903686523,-197.617935181,917.922241211,37.7967185974,34.1413116455,93.2468338013,-55.2219657898,108.597496033,-23.1714954376,-47.069984436,41.4760246277,-44.7903556824,22.8477897644],[253.191711426,-83.8865890503,37.7967185974,364.857635498,66.9527816772,-14.636598587,25.7234992981,70.6534881592,35.3676452637,-2.23733782768,4.00142431259,10.3067140579,7.94070959091],[-292.916534424,135.031143188,34.1413116455,66.9527816772,259.445953369,35.7329673767,-5.91380882263,30.7556247711,48.0503921509,28.0917167664,19.5392227173,11.1323442459,17.653503418],[55.4102287292,-37.9306373596,93.2468338013,-14.636598587,35.7329673767,200.506881714,44.4584884644,-8.78959751129,30.4104804993,6.95965147018,36.9388427734,17.7811870575,5.20132255554],[-89.8528594971,163.626449585,-55.2219657898,25.7234992981,-5.91380882263,44.4584884644,215.446289062,-8.4309463501,21.3494720459,28.3392848969,6.2616276741,32.7613372803,12.9459495544],[142.605834961,-147.689575195,108.597496033,70.6534881592,30.7556247711,-8.78959751129,-8.4309463501,204.390945435,2.53996801376,-4.79101467133,32.2428703308,-20.0035152435,4.44824790955],[-106.661193848,54.8550758362,-23.1714954376,35.3676452637,48.0503921509,30.4104804993,21.3494720459,2.53996801376,145.048965454,31.3751869202,-19.3641643524,16.3910217285,15.9398002625],[45.1921577454,85.3561553955,-47.069984436,-2.23733782768,28.0917167664,6.95965147018,28.3392848969,-4.79101467133,31.3751869202,143.23890686,29.2300949097,-4.59645843506,7.05162143707],[87.2705459595,-67.3399429321,41.4760246277,4.00142431259,19.5392227173,36.9388427734,6.2616276741,32.2428703308,-19.3641643524,29.2300949097,128.095657349,32.9469718933,-13.394364357],[-50.5763397217,80.6231765747,-44.7903556824,10.3067140579,11.1323442459,17.7811870575,32.7613372803,-20.0035152435,16.3910217285,-4.59645843506,32.9469718933,120.953849792,38.2255325317],[-113.707313538,66.0340423584,22.8477897644,7.94070959091,17.653503418,5.20132255554,12.9459495544,4.44824790955,15.9398002625,7.05162143707,-13.394364357,38.2255325317,117.536621094]],"icov":[[0.000155745947268,-0.0000180871211342,0.000176983798156,-0.000179928945727,0.000250497745583,-0.000245839444688,0.000180575676495,-0.000179573369678,0.000130514308694,-0.0000752534979256,-0.0000754336506361,0.0000760186158004,0.000052243580285],[-0.0000180871211342,0.000720306241419,-0.000023831928047,0.000262961024418,-0.000551901990548,0.000379903649446,-0.000575064274017,0.000415953516494,0.0000127819357658,-0.000311075273203,0.00045036704978,-0.000396312912926,-0.000124488651636],[0.000176983798156,-0.000023831928047,0.00155613140669,-0.000309971655952,0.000263283145614,-0.00102886813693,0.000551954377443,-0.000740841263905,0.000327380839735,0.000416687253164,-0.000524006143678,0.000826620263979,-0.000521664274856],[-0.000179928945727,0.000262961024418,-0.000309971655952,0.00348656391725,-0.0011730332626,0.000976779381745,-0.000919707352296,-0.000634463969618,-0.000762755691539,0.000276395992842,0.000323363667121,-0.00054800522048,0.0000631060829619],[0.000250497745583,-0.000551901990548,0.000263283145614,-0.0011730332626,0.00532450852916,-0.00134925940074,0.00127683638129,-0.000934333656915,-0.000939679215662,-0.000529156299308,-0.000898805446923,0.000329706148477,-0.000315283832606],[-0.000245839444688,0.000379903649446,-0.00102886813693,0.000976779381745,-0.00134925940074,0.00703790783882,-0.00203148578294,0.00140075501986,-0.00183870154433,0.00068543193629,-0.00183859840035,-0.000102168807643,-0.000223370472668],[0.000180575676495,-0.000575064274017,0.000551954377443,-0.000919707352296,0.00127683638129,-0.00203148578294,0.00609345827252,-0.000704865553416,0.000136537739309,-0.00103934260551,0.000218697139644,-0.000992834684439,0.0000979097821983],[-0.000179573369678,0.000415953516494,-0.000740841263905,-0.000634463969618,-0.000934333656915,0.00140075501986,-0.000704865553416,0.00664321240038,-0.000759915506933,0.000730970990844,-0.00210533058271,0.00162528664805,-0.00102527090348],[0.000130514308694,0.0000127819357658,0.000327380839735,-0.000762755691539,-0.000939679215662,-0.00183870154433,0.000136537739309,-0.000759915506933,0.00902756117284,-0.00240711914375,0.00308961630799,-0.00179273844697,0.000198463065317],[-0.0000752534979256,-0.000311075273203,0.000416687253164,0.000276395992842,-0.000529156299308,0.00068543193629,-0.00103934260551,0.000730970990844,-0.00240711914375,0.00910094566643,-0.00382302352227,0.00282403663732,-0.00143542618025],[-0.0000754336506361,0.00045036704978,-0.000524006143678,0.000323363667121,-0.000898805446923,-0.00183859840035,0.000218697139644,-0.00210533058271,0.00308961630799,-0.00382302352227,0.0125303668901,-0.00555544765666,0.00307103106752],[0.0000760186158004,-0.000396312912926,0.000826620263979,-0.00054800522048,0.000329706148477,-0.000102168807643,-0.000992834684439,0.00162528664805,-0.00179273844697,0.00282403663732,-0.00555544765666,0.0127322850749,-0.00452484190464],[0.000052243580285,-0.000124488651636,-0.000521664274856,0.0000631060829619,-0.000315283832606,-0.000223370472668,0.0000979097821983,-0.00102527090348,0.000198463065317,-0.00143542618025,0.00307103106752,-0.00452484190464,0.0106916222721]],"mean":[-750.268554688,194.421707153,10.1132764816,20.7764225006,9.50109863281,6.5981926918,-2.21672821045,-7.47845983505,-4.17088031769,5.19727039337,-1.78213751316,3.23324036598,0.540978610516]},"pitch_salience":{"dmean":0.0677837729454,"dmean2":0.109129831195,"dvar":0.00598386814818,"dvar2":0.0154653051868,"max":0.888684988022,"mean":0.496592253447,"median":0.497168958187,"min":0.0762300565839,"var":0.0143153565004},"silence_rate_20dB":{"dmean":0,"dmean2":0,"dvar":0,"dvar2":0,"max":1,"mean":1,"median":1,"min":1,"var":0},"silence_rate_30dB":{"dmean":0.0558275654912,"dmean2":0.111661411822,"dvar":0.0527081303298,"dvar2":0.122033201158,"max":1,"mean":0.952616751194,"median":1,"min":0,"var":0.0451461747289},"silence_rate_60dB":{"dmean":0.0184591133147,"dmean2":0.0369203053415,"dvar":0.0181150473654,"dvar2":0.0407294593751,"max":1,"mean":0.0827799662948,"median":0,"min":0,"var":0.0759243145585},"spectral_centroid":{"dmean":108.777572632,"dmean2":162.207366943,"dvar":34979.25,"dvar2":70644.3203125,"max":11769.5332031,"mean":598.762329102,"median":485.763641357,"min":124.594642639,"var":398092.25},"spectral_complexity":{"dmean":2.21385550499,"dmean2":3.31539845467,"dvar":8.86764335632,"dvar2":17.1898365021,"max":41,"mean":10.4390544891,"median":10,"min":0,"var":29.4521770477},"spectral_contrast_coeffs":{"dmean":[0.0445113889873,0.0446379892528,0.0379379168153,0.0339152775705,0.0237592607737,0.0192751251161],"dmean2":[0.0716951489449,0.0707554444671,0.0575759485364,0.0516489371657,0.0357108078897,0.0289021562785],"dvar":[0.00157631479669,0.00160050869454,0.00109991559293,0.000902905478142,0.000494346255437,0.000352171162376],"dvar2":[0.00394654273987,0.00388485565782,0.00231180083938,0.00186244561337,0.000979900592938,0.000762360810768],"max":[-0.268403053284,-0.344898223877,-0.420095533133,-0.427768409252,-0.539267599583,-0.582664072514],"mean":[-0.594229221344,-0.69926327467,-0.742497563362,-0.757773458958,-0.803078532219,-0.802410781384],"median":[-0.597812652588,-0.701989591122,-0.748867750168,-0.766764581203,-0.814595639706,-0.806583762169],"min":[-0.980574786663,-0.970090091228,-0.977457404137,-0.971579015255,-0.967809975147,-0.963933169842],"var":[0.00771396094933,0.00610117195174,0.00580446049571,0.00557014299557,0.00304264295846,0.00190333684441]},"spectral_contrast_valleys":{"dmean":[0.420954912901,0.388965636492,0.412027448416,0.424101412296,0.409617275,0.424160659313],"dmean2":[0.657153785229,0.60664498806,0.605222642422,0.60817694664,0.544265449047,0.467024594545],"dvar":[0.175667628646,0.17620792985,0.182133376598,0.179540067911,0.188473314047,0.21101474762],"dvar2":[0.358916550875,0.394143134356,0.357272773981,0.354489803314,0.330664306879,0.302348583937],"max":[-4.88854074478,-4.08081007004,-5.45496273041,-5.77468061447,-5.88546895981,-8.66843795776],"mean":[-7.56210851669,-6.96575021744,-8.32323169708,-8.73911857605,-9.20658016205,-11.9484405518],"median":[-7.3514957428,-6.82707309723,-8.25523090363,-8.69262123108,-9.20917320251,-12.0819959641],"min":[-28.2162075043,-27.9087677002,-27.5918178558,-27.8404426575,-27.4342021942,-27.4381523132],"var":[2.28060865402,2.02885842323,1.99114131927,2.02126145363,2.0859131813,1.89644479752]},"spectral_decrease":{"dmean":3.20019410971e-9,"dmean2":4.77000439147e-9,"dvar":5.46951474831e-17,"dvar2":1.13725158127e-16,"max":1.55164508011e-28,"mean":-7.56233031751e-9,"median":-4.78499462275e-9,"min":-8.28211312864e-8,"var":8.33372489572e-17},"spectral_energy":{"dmean":0.0123761426657,"dmean2":0.018412636593,"dvar":0.000806067371741,"dvar2":0.00167431810405,"max":0.317728638649,"mean":0.0294651668519,"median":0.0186205692589,"min":1.02854723136e-20,"var":0.0012453176314},"spectral_energyband_high":{"dmean":0.0000585378802498,"dmean2":0.000080807665654,"dvar":2.54549927803e-8,"dvar2":5.13872357999e-8,"max":0.00468220654875,"mean":0.0000806785319583,"median":0.0000106454917841,"min":7.23373888542e-21,"var":4.54188224808e-8},"spectral_energyband_low":{"dmean":0.00874946080148,"dmean2":0.0135989813134,"dvar":0.000570060394239,"dvar2":0.00122136680875,"max":0.273218393326,"mean":0.0156196178868,"median":0.00754245230928,"min":1.45688109931e-23,"var":0.000696257455274},"spectral_energyband_middle_high":{"dmean":0.00108920398634,"dmean2":0.00158701429609,"dvar":0.00000719326499166,"dvar2":0.0000140691699926,"max":0.0670816600323,"mean":0.00271439924836,"median":0.000782088725828,"min":1.29477999672e-21,"var":0.0000292913427984},"spectral_energyband_middle_low":{"dmean":0.00597222428769,"dmean2":0.00889750011265,"dvar":0.000199296147912,"dvar2":0.000453077838756,"max":0.209638208151,"mean":0.0136218238622,"median":0.00800396315753,"min":1.72135709919e-22,"var":0.000313071708661},"spectral_entropy":{"dmean":0.256595760584,"dmean2":0.34565576911,"dvar":0.0741243958473,"dvar2":0.131848067045,"max":9.82401943207,"mean":6.547082901,"median":6.493663311,"min":4.86191082001,"var":0.37135463953},"spectral_flux":{"dmean":0.0303920824081,"dmean2":0.0469035580754,"dvar":0.00244936835952,"dvar2":0.00541700050235,"max":0.463222622871,"mean":0.0635669529438,"median":0.040152721107,"min":6.42674524709e-11,"var":0.00456355838105},"spectral_kurtosis":{"dmean":7.7120847702,"dmean2":12.2328691483,"dvar":74.2623214722,"dvar2":181.73487854,"max":113.285888672,"mean":18.1047725677,"median":13.7766857147,"min":-1.27276456356,"var":213.801528931},"spectral_rms":{"dmean":0.000882268475834,"dmean2":0.00125825370196,"dvar":0.00000251825372288,"dvar2":0.00000468870348413,"max":0.0176062248647,"mean":0.00468386476859,"median":0.00426220707595,"min":3.16774492921e-12,"var":0.00000680802531861},"spectral_rolloff":{"dmean":151.631668091,"dmean2":258.368438721,"dvar":145799.953125,"dvar2":328149.25,"max":19638.28125,"mean":645.461181641,"median":473.73046875,"min":21.533203125,"var":1121159.625},"spectral_skewness":{"dmean":0.619522929192,"dmean2":0.955179691315,"dvar":0.365803927183,"dvar2":0.862643361092,"max":8.97668266296,"mean":3.02017402649,"median":2.83481502533,"min":-0.380672842264,"var":1.45670628548},"spectral_spread":{"dmean":584640.0625,"dmean2":795140.125,"dvar":577549828096,"dvar2":1156715773950,"max":42486188,"mean":2944492.75,"median":2475604,"min":834562,"var":5598455791620},"spectral_strongpeak":{"dmean":0.358607292175,"dmean2":0.599848926067,"dvar":0.748647511005,"dvar2":1.60097312927,"max":16.6594238281,"mean":0.875938892365,"median":0.506554841995,"min":0,"var":1.71975362301},"zerocrossingrate":{"dmean":0.00477154832333,"dmean2":0.00566802546382,"dvar":0.0000422433331551,"dvar2":0.0000514128805662,"max":0.52001953125,"mean":0.0264686904848,"median":0.02197265625,"min":0.00341796875,"var":0.000872853503097}},"metadata":{"audio_properties":{"analysis_sample_rate":44100,"bit_rate":0,"codec":"flac","downmix":"mix","equal_loudness":0,"length":412.585632324,"lossless":true,"md5_encoded":"d2ee1aad5921ee6146821d36fce5f3b4","replay_gain":-8.7292766571,"sample_rate":192000},"tags":{"album":["Complete Studio Albums Collection"],"albumartist":["Grateful Dead"],"albumartistsort":["Grateful Dead"],"artist":["Grateful Dead"],"artistsort":["Grateful Dead"],"asin":["B000002VCI"],"barcode":["603497909360"],"catalognumber":["ARCD 8181"],"date":["2013"],"discnumber":["11"],"discsubtitle":["Go to Heaven"],"disctotal":["13"],"file_name":"03. Grateful Dead - Althea.flac","genre":["Folk rock"],"label":["Grateful Dead Records","Rhino"],"media":["Digital Media"],"musicbrainz_albumartistid":["6faa7ca7-0d99-4a5e-bfa6-1fd5037520c6"],"musicbrainz_albumid":["362d6a04-8c98-4299-8a07-a74d2d26f2e2"],"musicbrainz_artistid":["6faa7ca7-0d99-4a5e-bfa6-1fd5037520c6"],"musicbrainz_recordingid":["d9493cc5-630b-43fd-aff7-bfd471244958"],"musicbrainz_releasegroupid":["f1beaef3-a5cb-427d-931a-8a5df464e554"],"musicbrainz_releasetrackid":["785a3861-12f3-46da-ab05-f026a7443d74"],"originaldate":["2013"],"originalyear":["2013"],"releasecountry":["US"],"releasestatus":["official"],"releasetype":["album","compilation"],"script":["Latn"],"title":["Althea"],"totaldiscs":["13"],"totaltracks":["9"],"tracknumber":["3"],"tracktotal":["9"]},"version":{"essentia":"2.1-beta2","essentia_build_sha":"70f2e5ece6736b2c40cc944ad0e695b16b925413","essentia_git_sha":"v2.1_beta2","extractor":"music 1.0"}},"rhythm":{"beats_count":568,"beats_loudness":{"dmean":0.043557651341,"dmean2":0.0737633854151,"dvar":0.000955233932473,"dvar2":0.002942772815,"max":0.293036371469,"mean":0.0946228057146,"median":0.0959116369486,"min":0,"var":0.00194603565615},"beats_loudness_band_ratio":{"dmean":[0.13811403513,0.0710266679525,0.0751989558339,0.0420217178762,0.023951400071