{"lowlevel":{"average_loudness":0.734692037106,"barkbands":{"dmean":[0.000827056297567,0.00333563075401,0.000815209699795,0.000901174091268,0.000808561919257,0.00131571118254,0.00187927682418,0.00123674084898,0.00142774393316,0.00083429022925,0.000973072252236,0.00108133105095,0.000393135647755,0.000224622970563,0.000248316151556,0.000114110909635,0.000120985452668,0.0000684306505718,0.0000556103041163,0.0000468169855594,0.0000280764779745,0.0000237769145315,0.00000870141138876,0.00000235940501625,0.00000174490048721,0.00000664456638333,0.000156350739417],"dmean2":[0.00138719042297,0.00532199675217,0.00138746830635,0.00158414314501,0.00133009906858,0.00211629574187,0.00287156435661,0.00189796753693,0.00231407629326,0.00137680012267,0.00156374485232,0.00173123169225,0.000650175032206,0.000375229195924,0.000415629037889,0.000190314589418,0.000196082866751,0.000108734580863,0.0000861235312186,0.0000677361022099,0.0000402178156946,0.0000346893211827,0.0000137331426231,0.00000398870952267,0.000002963777888,0.0000108632748379,0.00023302702175],"dvar":[0.00000411389191868,0.0000395676252083,0.00000229897864301,0.00000315858846989,0.0000025532908694,0.00000841398104967,0.0000211417846003,0.0000116442115541,0.00000661453668727,0.00000285305236503,0.00000369242457054,0.00000206636491384,2.83437145754e-7,1.0202345635e-7,9.16737974421e-8,3.38350112372e-8,3.99630160075e-8,2.23894627283e-8,3.8247385703e-8,2.76370535346e-8,6.05321659464e-9,2.58621568605e-9,3.67231689502e-10,1.47515263893e-11,9.08833078239e-12,2.58828264377e-10,4.46991244019e-8],"dvar2":[0.0000110341070467,0.0000976460214588,0.00000603550779488,0.00000977042964223,0.00000645007594358,0.0000201589591597,0.0000439502255176,0.0000259479584201,0.0000166791705851,0.00000745129000279,0.00000878732680576,0.00000522048367202,7.42417455513e-7,2.62914170435e-7,2.511098387e-7,9.45860136881e-8,1.00273737758e-7,5.13374018851e-8,9.03930370555e-8,5.40238076496e-8,1.05068433953e-8,5.31442534424e-9,8.82110939848e-10,3.75603784186e-11,2.40249729833e-11,6.49086950855e-10,9.4077876156e-8],"max":[0.0341464690864,0.088814906776,0.021663762629,0.0298961717635,0.0345027223229,0.0760862007737,0.108627691865,0.0884280875325,0.0462268032134,0.0341534465551,0.0415164493024,0.0336682312191,0.0107192602009,0.007892081514,0.0047468310222,0.00438097584993,0.00485441274941,0.0042509585619,0.0068166567944,0.0105969104916,0.00328872329555,0.0012557633454,0.000305787078105,0.0000440292460553,0.0000362892424164,0.00024303412647,0.00475445762277],"mean":[0.00132481998298,0.00659845536575,0.00108716392424,0.00118678703438,0.00130668759812,0.00222440971993,0.00355061911978,0.002111854963,0.00262305769138,0.00140884250868,0.00180578476284,0.00227288692258,0.000813556194771,0.000456688314443,0.00052110926481,0.000242374502704,0.000253336329479,0.000145056503243,0.000108386564534,0.0000972266279859,0.0000596682584728,0.0000402866608056,0.0000111229501272,0.00000249265326602,0.00000174381386842,0.00000737206937629,0.000588573399],"median":[0.000389616994653,0.00205220840871,0.000374304188881,0.000339665915817,0.000661950791255,0.000861984328367,0.00117416097783,0.000483715033624,0.00126598519273,0.000709334446583,0.000958501652349,0.0015861231368,0.000574676087126,0.000322449952364,0.000429671898019,0.000148017948959,0.000173593944055,0.0000806181415101,0.0000495057174703,0.0000479935697513,0.0000300843785226,0.0000148330400407,0.00000423235451308,9.95467758003e-7,6.36125150777e-7,0.00000272814963864,0.000441249198047],"min":[3.50964611163e-25,1.70165876119e-24,7.39843405849e-25,7.5151120098e-25,6.98028068492e-24,7.57563243237e-24,3.9812780423e-24,4.0328111698e-24,1.16587898884e-23,1.25235636674e-23,1.29648753348e-23,2.39556625418e-23,2.07896481848e-23,2.79542896076e-23,4.50476590235e-23,4.30552645896e-23,5.55716220127e-23,6.86468148119e-23,1.30365663827e-22,1.55143658643e-22,1.99380466474e-22,3.00337496729e-22,3.52943740112e-22,5.93499211742e-22,8.23024716599e-22,1.34069235773e-21,1.81563438347e-21],"var":[0.00000577665696255,0.0000935569041758,0.00000338462382388,0.00000504775061927,0.00000497261180499,0.0000180812548933,0.0000598960468778,0.0000282032196992,0.0000165708297573,0.0000054766633184,0.00000817645104689,0.00000577902301302,7.07136791789e-7,2.56404746324e-7,1.95531640657e-7,8.94352893965e-8,8.99869334603e-8,5.68570825976e-8,7.05013576408e-8,6.65121788757e-8,1.81097821184e-8,5.91333604305e-9,4.29711044525e-10,1.60812405059e-11,9.43673177795e-12,2.422107237e-10,2.91395366503e-7]},"barkbands_crest":{"dmean":2.21972823143,"dmean2":3.6231777668,"dvar":4.31284570694,"dvar2":10.8558673859,"max":22.9674472809,"mean":8.8510055542,"median":8.07216453552,"min":2.50984477997,"var":13.5776100159},"barkbands_flatness_db":{"dmean":0.0196440964937,"dmean2":0.0309532415122,"dvar":0.000295248843031,"dvar2":0.000697519280948,"max":0.313731938601,"mean":0.134275078773,"median":0.130015432835,"min":0.0187767148018,"var":0.00162340980023},"barkbands_kurtosis":{"dmean":1.82128119469,"dmean2":2.93474006653,"dvar":7.74118614197,"dvar2":21.2298793793,"max":73.9125823975,"mean":4.43109178543,"median":3.01682519913,"min":-1.83485710621,"var":32.634803772},"barkbands_skewness":{"dmean":0.363393455744,"dmean2":0.582610666752,"dvar":0.12255422771,"dvar2":0.308875501156,"max":7.2932305336,"mean":1.31165373325,"median":1.27507853508,"min":-2.16659235954,"var":1.01108932495},"barkbands_spread":{"dmean":4.39745998383,"dmean2":6.87524843216,"dvar":18.3077983856,"dvar2":42.290096283,"max":107.659370422,"mean":24.7368869781,"median":23.3519515991,"min":2.92209219933,"var":156.071060181},"dissonance":{"dmean":0.021375561133,"dmean2":0.0364494509995,"dvar":0.000471391744213,"dvar2":0.00132752698846,"max":0.5,"mean":0.463796019554,"median":0.471765995026,"min":0.0819848924875,"var":0.000854315818287},"dynamic_complexity":3.96702480316,"erbbands":{"dmean":[0.127984568477,0.67295974493,0.991999566555,2.16915106773,2.20106863976,3.25912857056,7.10175848007,11.4490308762,22.6791362762,28.6718006134,29.2981014252,29.7340488434,26.4341945648,25.6963882446,38.5130119324,36.5842285156,17.4650821686,12.731253624,11.8041887283,9.47531986237,6.82528018951,5.54247331619,3.47382426262,2.88950371742,2.78252053261,2.31868267059,1.49824738503,0.949042260647,0.913112998009,0.506270170212,0.218769863248,0.075414635241,0.0313076935709,0.019650850445,0.0123862605542,0.00755274295807,0.0130514940247,0.0171830635518,0.0087895905599,0.00408134283498],"dmean2":[0.206171527505,1.07805848122,1.60948193073,3.81884503365,3.78936171532,5.45239448547,11.6376419067,18.2247848511,34.6225013733,43.7040214539,45.1676635742,48.3695259094,43.5901298523,41.3732185364,61.4535751343,59.425365448,28.7493534088,20.8042182922,19.738363266,15.8848171234,11.2679405212,8.97237682343,5.52050447464,4.50140762329,4.26807689667,3.39095282555,2.14927363396,1.3686491251,1.33265542984,0.767255723476,0.345567733049,0.124666512012,0.053255263716,0.0333975292742,0.021006597206,0.0127710755914,0.0212979707867,0.0252781603485,0.0115148052573,0.00607569236308],"dvar":[0.0769931897521,1.68177556992,3.92349553108,17.5771350861,14.2767648697,51.1995315552,250.954483032,799.406799316,3909.57836914,6452.86865234,5059.37255859,3185.07006836,2708.63818359,3321.33276367,3525.73779297,2520.69189453,591.235473633,306.038269043,202.843338013,151.745605469,116.854225159,99.7613296509,47.1498832703,82.649559021,104.600639343,97.9239730835,18.4926052094,5.8716044426,4.19912433624,1.25311863422,0.228270709515,0.0188853275031,0.00268765166402,0.0011586236069,0.000453023152659,0.000149311832502,0.00100808101706,0.00172228598967,0.000235395942582,0.0000237275853578],"dvar2":[0.195179581642,4.03139829636,9.41280269623,55.0476608276,40.7798728943,134.992706299,619.903442383,1861.43884277,7645.56982422,13875.6533203,11697.7919922,8072.98095703,7064.04980469,8166.11669922,8436.71289062,6463.53417969,1561.17785645,788.382202148,545.016418457,411.250518799,328.716491699,250.068710327,107.728492737,184.802047729,246.6275177,213.572296143,29.7467479706,11.4694538116,8.80321979523,2.79390478134,0.549754798412,0.045806992799,0.007045827806,0.00306146475486,0.00119789689779,0.000392079469748,0.00250767171383,0.00397095596418,0.000435056164861,0.000050672202633],"max":[4.39345026016,17.5169315338,30.7347984314,60.6144485474,51.1657943726,185.354888916,354.216522217,744.137573242,1938.08862305,2428.42651367,1856.61425781,1247.22790527,1172.81530762,2029.93334961,1853.46325684,924.735839844,531.43927002,504.361358643,249.646652222,214.052581787,295.15246582,251.04460144,174.995300293,326.867034912,340.221343994,657.937866211,215.52532959,105.412704468,49.6031417847,27.1489124298,6.6300201416,1.62982237339,0.600313782692,0.409589469433,0.256078571081,0.142295241356,0.424405366182,0.786339700222,0.259306281805,0.104167401791],"mean":[0.282541632652,1.07861852646,1.46231663227,2.94548416138,3.221326828,4.85575437546,11.0904302597,19.4438056946,41.7674446106,52.2179107666,57.0849952698,55.8816452026,48.2420196533,50.6981124878,82.4866714478,81.2329101562,40.0452270508,28.5945968628,26.989812851,20.5330982208,15.8866405487,12.7294483185,8.01576042175,6.21175479889,5.56578683853,4.70872449875,3.20556807518,1.94941318035,1.55867791176,0.737284719944,0.275296717882,0.0868525952101,0.0313136093318,0.0195547714829,0.012558652088,0.00808087643236,0.0146900108084,0.0264438092709,0.0256938710809,0.0201424527913],"median":[0.0668005049229,0.386242210865,0.548195362091,0.96685731411,1.52107322216,2.25361514091,4.41215896606,7.360455513,14.0958042145,16.0035438538,17.9871749878,27.2247962952,23.7149105072,27.8802185059,58.3453979492,59.7548141479,31.1423377991,20.8739776611,22.5529117584,16.4938697815,11.1015987396,8.71602630615,4.63420438766,3.18881511688,2.57006812096,2.26778411865,1.6024017334,0.977539777756,0.579542458057,0.267079859972,0.107446238399,0.0366365946829,0.0117314597592,0.00708560179919,0.00473478576168,0.0034483151976,0.00556895136833,0.0101585853845,0.0155269317329,0.0181325934827],"min":[2.96291706826e-23,2.033526525e-22,1.44999429943e-21,3.15628938075e-21,9.56692054878e-21,2.65938437689e-20,4.23013185923e-20,7.21460984908e-20,8.65983719711e-20,1.28210926994e-19,1.95925185633e-19,2.386254767e-19,2.30284394198e-19,6.32681654317e-19,8.7703654583e-19,1.01246121155e-18,1.12986564423e-18,2.20089951495e-18,2.15551997295e-18,2.32719551883e-18,3.28564411112e-18,3.8382396378e-18,5.32307143713e-18,6.20344307179e-18,6.63808264312e-18,7.50216171484e-18,9.10916767706e-18,8.6467670972e-18,1.04163066052e-17,1.13816048733e-17,1.11861545023e-17,1.13630611383e-17,1.00352029903e-17,7.16117387811e-18,5.92662418467e-18,4.02191261127e-18,2.35107746388e-18,8.6992248237e-19,2.30027761413e-19,2.76797380427e-20],"var":[0.226687192917,3.02013754845,6.46744823456,26.738910675,21.6789875031,80.8557128906,488.633361816,1762.56591797,11013.2050781,17584.4179688,16588.8535156,7661.62646484,5708.69775391,7857.87792969,8288.78515625,6571.21533203,1368.45275879,854.477905273,516.618652344,327.191497803,312.885528564,240.133102417,131.817230225,178.622940063,199.731460571,194.792388916,57.3357810974,15.529964447,9.29550743103,2.00941967964,0.256738603115,0.0210327319801,0.00283004925586,0.00119828607421,0.000473982829135,0.000163906472153,0.000956668518484,0.00223751598969,0.000829080760013,0.000209943609661]},"erbbands_crest":{"dmean":2.48379707336,"dmean2":4.02663850784,"dvar":5.32242202759,"dvar2":13.0385570526,"max":29.2831840515,"mean":9.84659576416,"median":9.07109069824,"min":2.53670358658,"var":17.5184955597},"erbbands_flatness_db":{"dmean":0.021940400824,"dmean2":0.0340075269341,"dvar":0.000371573347365,"dvar2":0.000843836052809,"max":0.409913867712,"mean":0.186832204461,"median":0.183268636465,"min":0.0437508076429,"var":0.00233335490339},"erbbands_kurtosis":{"dmean":1.02883839607,"dmean2":1.6510168314,"dvar":1.3551363945,"dvar2":3.35018777847,"max":17.9514369965,"mean":1.58346533775,"median":1.06362175941,"min":-1.64233458042,"var":4.07970714569},"erbbands_skewness":{"dmean":0.316488236189,"dmean2":0.493480592966,"dvar":0.0782718360424,"dvar2":0.187017440796,"max":3.6087641716,"mean":0.206508800387,"median":0.133107572794,"min":-2.50223207474,"var":0.561623752117},"erbbands_spread":{"dmean":3.5298602581,"dmean2":5.50805521011,"dvar":11.3346977234,"dvar2":25.8851661682,"max":129.046646118,"mean":18.3900108337,"median":16.2857570648,"min":1.81106519699,"var":114.00177002},"gfcc":{"cov":[[40814.3984375,3314.96337891,-3631.92749023,-595.13104248,-185.622589111,-902.098083496,1028.65637207,-357.869873047,585.762817383,120.89642334,194.418960571,297.940124512,10.5668544769],[3314.96337891,1038.37463379,-275.031951904,-396.408081055,40.7884597778,-59.0232810974,58.4636039734,-56.2239608765,60.9535102844,-8.29546165466,53.4859771729,-60.9844741821,77.7781982422],[-3631.92749023,-275.031951904,662.908447266,175.709915161,-11.6082315445,223.128311157,-130.187988281,149.0128479,-47.5224266052,48.3455657959,-4.46165275574,-3.25341081619,7.58406925201],[-595.13104248,-396.408081055,175.709915161,585.892883301,145.685546875,-27.3252010345,149.867462158,37.2955780029,65.2723617554,42.1474685669,-15.5029172897,102.680152893,-49.2796554565],[-185.622589111,40.7884597778,-11.6082315445,145.685546875,300.964599609,32.98645401,146.217102051,-3.3535130024,73.8658828735,10.2838973999,36.7778663635,43.4764213562,35.581073761],[-902.098083496,-59.0232810974,223.128311157,-27.3252010345,32.98645401,266.513061523,-47.7631645203,98.2520065308,-41.2985916138,29.555770874,24.9855155945,-5.67162179947,35.9669342041],[1028.65637207,58.4636039734,-130.187988281,149.867462158,146.217102051,-47.7631645203,278.623168945,5.13527393341,133.525314331,32.4647064209,27.9385490417,78.886680603,-8.96681499481],[-357.869873047,-56.2239608765,149.0128479,37.2955780029,-3.3535130024,98.2520065308,5.13527393341,199.223251343,46.2767601013,77.368812561,32.4233207703,-0.265385895967,41.8285598755],[585.762817383,60.9535102844,-47.5224266052,65.2723617554,73.8658828735,-41.2985916138,133.525314331,46.2767601013,158.639724731,64.7402954102,31.9325904846,49.7965087891,-7.87441968918],[120.89642334,-8.29546165466,48.3455657959,42.1474685669,10.2838973999,29.555770874,32.4647064209,77.368812561,64.7402954102,103.201339722,61.1913909912,32.7668457031,24.316947937],[194.418960571,53.4859771729,-4.46165275574,-15.5029172897,36.7778663635,24.9855155945,27.9385490417,32.4233207703,31.9325904846,61.1913909912,85.1494827271,43.7918891907,38.6214256287],[297.940124512,-60.9844741821,-3.25341081619,102.680152893,43.4764213562,-5.67162179947,78.886680603,-0.265385895967,49.7965087891,32.7668457031,43.7918891907,99.2564086914,18.0072116852],[10.5668544769,77.7781982422,7.58406925201,-49.2796554565,35.581073761,35.9669342041,-8.96681499481,41.8285598755,-7.87441968918,24.316947937,38.6214256287,18.0072116852,93.6408920288]],"icov":[[0.000118583040603,-0.000479605572764,0.000824463553727,-0.000349201523932,0.000234817533055,-0.000325325789163,0.000193676896743,-0.000380092184059,0.000243545830017,-0.000438666495029,0.000543409027159,-0.000833718746435,0.000429089326644],[-0.000479605572764,0.00381938973442,-0.00341682438739,0.00225633569062,-0.000673050642945,0.00137459277175,-0.00175352289807,0.00268618064001,-0.00268884538673,0.00281607569195,-0.004032575991,0.00599147100002,-0.00374050671235],[0.000824463553727,-0.00341682438739,0.00907801091671,-0.00389014347456,0.00162672274746,-0.00454726815224,0.00365971238352,-0.00385413132608,0.00129922677297,-0.0033240034245,0.0044927210547,-0.00631466554478,0.00349679752253],[-0.000349201523932,0.00225633569062,-0.00389014347456,0.00695383362472,-0.00452779047191,0.00397873064503,-0.00233347574249,-0.000949379988015,0.00402170652524,-0.00444732792675,0.00484068086371,-0.00401755096391,0.00280192843638],[0.000234817533055,-0.000673050642945,0.00162672274746,-0.00452779047191,0.00949264317751,-0.00416192458943,-0.00219719111919,0.00345321604982,-0.00665270350873,0.00709822494537,-0.00731970369816,0.00635425606743,-0.00634901877493],[-0.000325325789163,0.00137459277175,-0.00454726815224,0.00397873064503,-0.00416192458943,0.00932823959738,-0.00147585792001,-0.00301827513613,0.00553033454344,-0.0023118427489,0.000695481314324,-0.0015381318517,0.00163686659653],[0.000193676896743,-0.00175352289807,0.00365971238352,-0.00233347574249,-0.00219719111919,-0.00147585792001,0.0108413472772,-0.00225583510473,-0.00425190664828,0.000401020806748,0.002288952237,-0.00645776186138,0.00319382781163],[-0.000380092184059,0.00268618064001,-0.00385413132608,-0.000949379988015,0.00345321604982,-0.00301827513613,-0.00225583510473,0.0147810094059,-0.00845174212009,-0.000181685536518,-0.00496808160096,0.0121550699696,-0.010299038142],[0.000243545830017,-0.00268884538673,0.00129922677297,0.00402170652524,-0.00665270350873,0.00553033454344,-0.00425190664828,-0.00845174212009,0.0258224345744,-0.0182670187205,0.0133732669055,-0.0149644454941,0.0122660342604],[-0.000438666495029,0.00281607569195,-0.0033240034245,-0.00444732792675,0.00709822494537,-0.0023118427489,0.000401020806748,-0.000181685536518,-0.0182670187205,0.0404083058238,-0.0300447642803,0.0146000953391,-0.00849573872983],[0.000543409027159,-0.004032575991,0.0044927210547,0.00484068086371,-0.00731970369816,0.000695481314324,0.002288952237,-0.00496808160096,0.0133732669055,-0.0300447642803,0.0453702434897,-0.0253646820784,0.00551603734493],[-0.000833718746435,0.00599147100002,-0.00631466554478,-0.00401755096391,0.00635425606743,-0.0015381318517,-0.00645776186138,0.0121550699696,-0.0149644454941,0.0146000953391,-0.0253646820784,0.0393769554794,-0.0165174398571],[0.000429089326644,-0.00374050671235,0.00349679752253,0.00280192843638,-0.00634901877493,0.00163686659653,0.00319382781163,-0.010299038142,0.0122660342604,-0.00849573872983,0.00551603734493,-0.0165174398571,0.0257578939199]],"mean":[-44.0889015198,104.70639801,-111.552200317,-25.9666690826,-15.3442287445,-18.7219181061,7.12780380249,-21.7393512726,1.9948939085,-7.40607309341,-3.07898855209,-2.20769238472,-4.52141904831]},"hfc":{"dmean":24.2938747406,"dmean2":37.6350021362,"dvar":926.803833008,"dvar2":2201.57446289,"max":455.972717285,"mean":113.308364868,"median":110.991333008,"min":1.08746946973e-16,"var":5922.70458984},"melbands":{"dmean":[0.00102116283961,0.000634659954812,0.00035482639214,0.000176234854735,0.000216670232476,0.000271335884463,0.000346271408489,0.000294662779197,0.000263898808043,0.000183843076229,0.000137587994686,0.000107116211439,0.00013234175276,0.00012168266403,0.0000830565040815,0.0000335031654686,0.000023429382054,0.0000204942025448,0.0000197010867851,0.00000805987019703,0.00000929818816076,0.00000732312355467,0.0000034999284253,0.00000382525877285,0.00000238175630329,0.00000235748552768,0.00000182336657417,0.00000165077517522,0.00000110475639303,6.87013141487e-7,5.74935711484e-7,5.83830171763e-7,4.17104843109e-7,2.34676306832e-7,1.37324747129e-7,7.88932084106e-8,3.45611894659e-8,2.23594742721e-8,1.81838455404e-8,1.60057105347e-8],"dmean2":[0.00164290878456,0.00100392207969,0.000620227248874,0.000294153578579,0.000353353418177,0.000428954372182,0.000529341108631,0.000445679586846,0.000411872868426,0.000300235376926,0.000227089782129,0.000173403343069,0.000212158294744,0.00019684236031,0.000135433539981,0.0000548760544916,0.0000385971579817,0.0000343069877999,0.0000333152565872,0.0000133037165142,0.0000153712098836,0.0000119721462397,0.00000573690749661,0.00000616902889305,0.00000376426055482,0.00000371087594431,0.00000277965204987,0.00000250230164056,0.00000165904612004,0.00000100599606867,8.54219649682e-7,8.7190414888e-7,6.29322983059e-7,3.67376173926e-7,2.20058723244e-7,1.27373979808e-7,5.84066945919e-8,3.82027423029e-8,3.09485592709e-8,2.72147762104e-8],"dvar":[0.00000410660368289,0.00000150860353187,4.33986230064e-7,1.16308662257e-7,2.11294363339e-7,3.92400721694e-7,7.77176524025e-7,6.79177276197e-7,3.7557853716e-7,1.26245694787e-7,7.34974960892e-8,5.38463140742e-8,5.69057334587e-8,2.47208760129e-8,2.12226485274e-8,2.14272577459e-9,1.0142121587e-9,7.01000479886e-10,6.81426137739e-10,1.61395286025e-10,2.03463829118e-10,1.53709073247e-10,5.63821524191e-11,6.59946958192e-11,5.99004873481e-11,7.22717163892e-11,3.43569929451e-11,6.19668621971e-11,1.03296485948e-11,3.37203507304e-12,2.11748977727e-12,1.9692134208e-12,8.33667499183e-13,2.92915810964e-13,9.76325953677e-14,2.74792853267e-14,3.55241044101e-15,1.39618155938e-15,9.89692989088e-16,7.71179188064e-16],"dvar2":[0.0000104070986708,0.00000344973932442,0.00000135017216962,3.03495767184e-7,5.16658303695e-7,9.06266052425e-7,0.00000155959321546,0.00000145890737713,8.83512825567e-7,3.20628572581e-7,1.91427332652e-7,1.3312458691e-7,1.3530116405e-7,6.41422843728e-8,5.25902947857e-8,5.56839774291e-9,2.61166799298e-9,1.86993887041e-9,1.87644588756e-9,4.27627072641e-10,5.69215508062e-10,3.97113869566e-10,1.34045330391e-10,1.53321688678e-10,1.36986699761e-10,1.7923788842e-10,7.45216943709e-11,1.47220818869e-10,1.89335474382e-11,5.61343029351e-12,4.75221207871e-12,4.35176851152e-12,1.79072067504e-12,6.87077944452e-13,2.40684317095e-13,6.58431371491e-14,9.00295395417e-15,3.66662859878e-15,2.61322285019e-15,2.03791108439e-15],"max":[0.0295965783298,0.016391351819,0.010314729996,0.00897477287799,0.00955058820546,0.0168012883514,0.0257660355419,0.0233206227422,0.0166260078549,0.00823581311852,0.00598389701918,0.00774963386357,0.00630531739444,0.00445094658062,0.00300472206436,0.000913213472813,0.000881609506905,0.000597966078203,0.000497745350003,0.000365007232176,0.000342336075846,0.000288532814011,0.000198940746486,0.000214638013858,0.000278339051874,0.000269690644927,0.000213945910218,0.000509267963935,0.000171164356289,0.0000987341845757,0.0000567423703615,0.0000382538237318,0.0000231566773436,0.0000116477203846,0.00000483474559587,0.0000023679408514,6.92717264883e-7,4.6001764531e-7,3.77009342856e-7,3.34579254968e-7],"mean":[0.00215360033326,0.00101764220744,0.000516421685461,0.000273127661785,0.000351243594196,0.000476026441902,0.000652113172691,0.000524330884218,0.000503469491377,0.000334862648742,0.00023911408789,0.000198307185201,0.000263118941803,0.000260560627794,0.000158023583936,0.0000703499390511,0.0000489965896122,0.0000425970174547,0.0000386862739106,0.0000173653406819,0.0000196821383724,0.0000151179920067,0.00000718874525774,0.0000074568929449,0.00000462393381895,0.00000421914819526,0.00000354130906999,0.000003049435918,0.00000218761920223,0.0000013711127167,0.00000105351261936,9.63869524639e-7,6.18100102656e-7,3.16442793746e-7,1.66458931972e-7,9.30565349222e-8,3.59420937457e-8,2.15483844102e-8,1.78369976567e-8,1.58559174679e-8],"median":[0.000659662415273,0.000428143132012,0.000195912900381,0.000137097318657,0.000149774015881,0.000181106472155,0.000222906950512,0.000149128260091,0.000164723052876,0.00016219378449,0.000111608431325,0.000103090766061,0.00016323235468,0.000194161548279,0.0000907707290025,0.000050006499805,0.00003416312029,0.0000329534050252,0.0000305337889586,0.0000115747516247,0.0000134594865813,0.0000101097039078,0.00000403510966862,0.00000401012221118,0.0000022216825073,0.00000184563100447,0.00000165876963365,0.00000140052372899,0.00000106523202703,6.76455670146e-7,4.94160474318e-7,3.43976296335e-7,2.08527993095e-7,1.14310040544e-7,6.29333953839e-8,3.72936810322e-8,1.37831843716e-8,7.51462003734e-9,6.26646912139e-9,5.67021940512e-9],"min":[3.67525513273e-25,8.84009264697e-25,7.87396237039e-25,1.45060683493e-24,1.66627184148e-24,1.64641739579e-24,1.29230158113e-24,1.32688445436e-24,1.46704837253e-24,1.36888587414e-24,8.49984707778e-25,1.89985769704e-24,2.56661575312e-24,2.53247188099e-24,1.45044216022e-24,2.66133191543e-24,3.39930300922e-24,2.3599762028e-24,3.01116648335e-24,2.5497619371e-24,3.30400052605e-24,3.50021882938e-24,4.40075916739e-24,3.18140306112e-24,3.98502552603e-24,3.58722939837e-24,3.12698487208e-24,3.75887527615e-24,4.87199232887e-24,3.53727714813e-24,3.93840700198e-24,4.96651403696e-24,5.33624722678e-24,4.97213506534e-24,5.68599778101e-24,5.65157189111e-24,5.71499039143e-24,6.34917776125e-24,5.4474608372e-24,5.87904900503e-24],"var":[0.000010600441783,0.0000028162489798,7.25555423742e-7,1.78333522172e-7,4.47776130841e-7,9.66911898104e-7,0.00000218566856347,0.00000176948162789,0.00000131464821607,2.83852614302e-7,1.51406567284e-7,1.23401207475e-7,1.24421021042e-7,6.95760746794e-8,4.73253933819e-8,5.71417535511e-9,2.72329536699e-9,1.73307812545e-9,1.26680888002e-9,4.15544654242e-10,4.98702967811e-10,3.36213196173e-10,1.26632287989e-10,1.52934248598e-10,1.1774750619e-10,1.19973614376e-10,7.75316616464e-11,9.99036894878e-11,2.74608252804e-11,9.54610609311e-12,4.53114238838e-12,3.92344013181e-12,1.53505745441e-12,3.93903686795e-13,1.02433916926e-13,2.98224681441e-14,3.70323058649e-15,1.43936742831e-15,1.01939801103e-15,7.96638033843e-16]},"melbands_crest":{"dmean":3.10819625854,"dmean2":5.06857633591,"dvar":8.48266601562,"dvar2":21.9215221405,"max":35.5664329529,"mean":12.9472017288,"median":11.5249118805,"min":1.52819645405,"var":41.1450805664},"melbands_flatness_db":{"dmean":0.0248713903129,"dmean2":0.0391991809011,"dvar":0.000485112133902,"dvar2":0.00114376307465,"max":0.425032198429,"mean":0.228503838181,"median":0.231160193682,"min":0.00326764443889,"var":0.00375956646167},"melbands_kurtosis":{"dmean":2.10921144485,"dmean2":3.49738168716,"dvar":29.540189743,"dvar2":89.6846237183,"max":160.470809937,"mean":3.57363557816,"median":0.861669898033,"min":-1.69572579861,"var":172.131469727},"melbands_skewness":{"dmean":0.449105679989,"dmean2":0.715945839882,"dvar":0.186171963811,"dvar2":0.470180362463,"max":10.46824646,"mean":1.12837409973,"median":0.944854795933,"min":-2.29631233215,"var":1.54859662056},"melbands_spread":{"dmean":4.53705024719,"dmean2":7.14658308029,"dvar":22.5032310486,"dvar2":52.6019020081,"max":178.505279541,"mean":25.549123764,"median":21.531463623,"min":1.69838631153,"var":417.811859131},"mfcc":{"cov":[[13490.9101562,2779.56518555,-1124.31555176,972.910400391,-736.444946289,317.921020508,-103.995910645,333.563751221,143.771682739,190.787628174,233.080947876,245.631362915,318.946746826],[2779.56518555,1910.83435059,-307.563171387,-268.8722229,-101.694198608,13.4575223923,13.0408697128,-47.0573234558,55.0388832092,5.70745420456,12.1563930511,60.8573303223,61.333656311],[-1124.31555176,-307.563171387,494.110046387,-156.953170776,123.130119324,-59.5971107483,20.4042854309,-27.0763473511,-6.29913854599,12.4112586975,-5.64024066925,-4.15388345718,-41.5404281616],[972.910400391,-268.8722229,-156.953170776,631.535949707,-57.577041626,140.491699219,-20.0991363525,124.182502747,43.7324867249,46.0803375244,57.671131134,23.4667434692,59.1080513],[-736.444946289,-101.694198608,123.130119324,-57.577041626,236.191116333,19.1562652588,78.3088684082,-10.0889930725,33.2650032043,-1.51164424419,-12.8688869476,13.6400022507,0.420706361532],[317.921020508,13.4575223923,-59.5971107483,140.491699219,19.1562652588,191.446563721,41.8065643311,81.9935760498,4.65323162079,18.0427532196,7.71719408035,16.8433170319,33.0540275574],[-103.995910645,13.0408697128,20.4042854309,-20.0991363525,78.3088684082,41.8065643311,124.004646301,26.6237640381,36.4775161743,2.57520198822,2.09541893005,17.3235664368,12.0936975479],[333.563751221,-47.0573234558,-27.0763473511,124.182502747,-10.0889930725,81.9935760498,26.6237640381,123.254959106,43.3926429749,42.5870399475,22.6684265137,17.9514503479,26.2530403137],[143.771682739,55.0388832092,-6.29913854599,43.7324867249,33.2650032043,4.65323162079,36.4775161743,43.3926429749,101.510147095,49.6492118835,34.2198524475,27.9575557709,19.2351512909],[190.787628174,5.70745420456,12.4112586975,46.0803375244,-1.51164424419,18.0427532196,2.57520198822,42.5870399475,49.6492118835,83.0068969727,49.6674003601,36.5492401123,20.1715354919],[233.080947876,12.1563930511,-5.64024066925,57.671131134,-12.8688869476,7.71719408035,2.09541893005,22.6684265137,34.2198524475,49.6674003601,85.3741531372,43.7565689087,28.621421814],[245.631362915,60.8573303223,-4.15388345718,23.4667434692,13.6400022507,16.8433170319,17.3235664368,17.9514503479,27.9575557709,36.5492401123,43.7565689087,78.260093689,47.9220695496],[318.946746826,61.333656311,-41.5404281616,59.1080513,0.420706361532,33.0540275574,12.0936975479,26.2530403137,19.2351512909,20.1715354919,28.621421814,47.9220695496,73.3427047729]],"icov":[[0.000197395216674,-0.000313030963298,0.0000520387038705,-0.000352601025952,0.000355562515324,0.000127535371576,-0.0000896444835234,-0.000310596922645,0.000224857183639,-0.000111210618343,0.00000187782325156,-0.000241666741204,-0.0000877702332218],[-0.000313030963298,0.00127572438214,0.000389167340472,0.00115722022019,-0.000116875889944,-0.000764513388276,0.00024300153018,0.00109894445632,-0.00135401799344,0.000341206177836,0.000124140584376,-0.0000373205912183,-0.000268765696092],[0.0000520387038705,0.000389167340472,0.00311491638422,0.000662001955789,-0.00135280797258,0.000681421312038,0.0000748993115849,-0.000543819158338,0.000896506593563,-0.001274784212,-0.000267550320132,-0.000593311851844,0.00116951670498],[-0.000352601025952,0.00115722022019,0.000662001955789,0.0035650737118,-0.000303512875689,-0.00188775302377,0.00150446104817,-0.000503063958604,-0.00188104563858,0.00100678496528,-0.0013415106805,0.00102726381738,-0.00107933278196],[0.000355562515324,-0.000116875889944,-0.00135280797258,-0.000303512875689,0.00789932254702,-0.00168374204077,-0.00329405022785,0.00239073880948,-0.00307133700699,0.000512581551448,0.00195907987654,-0.00175855110865,-0.000520149478689],[0.000127535371576,-0.000764513388276,0.000681421312038,-0.00188775302377,-0.00168374204077,0.0103601487353,-0.00288217514753,-0.00622479198501,0.00576458545402,-0.00197726138867,0.000827738898806,0.000159732851898,-0.00135941442568],[-0.0000896444835234,0.00024300153018,0.0000748993115849,0.00150446104817,-0.00329405022785,-0.00288217514753,0.01325001847,-0.00189520174172,-0.00494761485606,0.0045860959217,-0.000714377616532,-0.00184821558651,0.000350627698936],[-0.000310596922645,0.00109894445632,-0.000543819158338,-0.000503063958604,0.00239073880948,-0.00622479198501,-0.00189520174172,0.0180418137461,-0.00599519722164,-0.00480307452381,0.00206786952913,0.0018790125614,-0.00196618307382],[0.000224857183639,-0.00135401799344,0.000896506593563,-0.00188104563858,-0.00307133700699,0.00576458545402,-0.00494761485606,-0.00599519722164,0.0213215332478,-0.00963478442281,-0.00153934652917,0.0005560410209,-0.00014494684001],[-0.000111210618343,0.000341206177836,-0.001274784212,0.00100678496528,0.000512581551448,-0.00197726138867,0.0045860959217,-0.00480307452381,-0.00963478442281,0.0280162654817,-0.00941828172654,-0.00605950923637,0.00297229550779],[0.00000187782325156,0.000124140584376,-0.000267550320132,-0.0013415106805,0.00195907987654,0.000827738898806,-0.000714377616532,0.00206786952913,-0.00153934652917,-0.00941828172654,0.0226121339947,-0.00759915960953,-0.00105394085404],[-0.000241666741204,-0.0000373205912183,-0.000593311851844,0.00102726381738,-0.00175855110865,0.000159732851898,-0.00184821558651,0.0018790125614,0.0005560410209,-0.00605950923637,-0.00759915960953,0.0298758149147,-0.0155461169779],[-0.0000877702332218,-0.000268765696092,0.00116951670498,-0.00107933278196,-0.000520149478689,-0.00135941442568,0.000350627698936,-0.00196618307382,-0.00014494684001,0.00297229550779,-0.00105394085404,-0.0155461169779,0.0268245954067]],"mean":[-686.97454834,172.660629272,-38.6360092163,11.4955263138,-14.4229021072,14.9653272629,-1.12658905983,4.36958312988,1.84221041203,0.257937282324,0.83338701725,3.54741096497,6.53871059418]},"pitch_salience":{"dmean":0.0573471859097,"dmean2":0.0936082601547,"dvar":0.00255158380605,"dvar2":0.00659115798771,"max":0.967402458191,"mean":0.589182436466,"median":0.60312640667,"min":0.128668308258,"var":0.011742846109},"silence_rate_20dB":{"dmean":0,"dmean2":0,"dvar":0,"dvar2":0,"max":1,"mean":1,"median":1,"min":1,"var":0},"silence_rate_30dB":{"dmean":0.00701062567532,"dmean2":0.0140227871016,"dvar":0.00696147652343,"dvar2":0.0179891642183,"max":1,"mean":0.993866384029,"median":1,"min":0,"var":0.00609600404277},"silence_rate_60dB":{"dmean":0.00503888726234,"dmean2":0.0100788781419,"dvar":0.00501349661499,"dvar2":0.0115110371262,"max":1,"mean":0.100438117981,"median":0,"min":0,"var":0.0903503000736},"spectral_centroid":{"dmean":138.346679688,"dmean2":208.349533081,"dvar":35328.1914062,"dvar2":67818.3515625,"max":11891.5976562,"mean":1313.4543457,"median":1002.15411377,"min":245.446533203,"var":2328689.25},"spectral_complexity":{"dmean":2.6156206131,"dmean2":4.2364153862,"dvar":6.05172681808,"dvar2":13.7083492279,"max":58,"mean":20.374917984,"median":21,"min":0,"var":75.04662323},"spectral_contrast_coeffs":{"dmean":[0.0481866747141,0.0471168458462,0.0367331802845,0.0276414528489,0.0192395821214,0.0462387911975],"dmean2":[0.0809566527605,0.0778874829412,0.0617595352232,0.0465570576489,0.0321595147252,0.0723345205188],"dvar":[0.00148765766062,0.00143534922972,0.000868213246576,0.000457577261841,0.000273657293292,0.00173140503466],"dvar2":[0.0041215326637,0.00384647981264,0.00243176636286,0.00131625216454,0.000736490241252,0.00415745936334],"max":[-0.329773128033,-0.451284885406,-0.595595777035,-0.6486774683,-0.690563082695,-0.417327851057],"mean":[-0.698446035385,-0.755418300629,-0.776946663857,-0.79424315691,-0.822468101978,-0.739773929119],"median":[-0.702013373375,-0.760782837868,-0.774018347263,-0.791810572147,-0.816428422928,-0.73724770546],"min":[-0.98420715332,-0.984000325203,-0.979603946209,-0.970563709736,-0.968464374542,-0.965537488461],"var":[0.00895957741886,0.00623517250642,0.00346699240617,0.00216691778041,0.00148126727436,0.00766503950581]},"spectral_contrast_valleys":{"dmean":[0.388049542904,0.320582479239,0.261394649744,0.212450027466,0.244737356901,0.651277244091],"dmean2":[0.651116073132,0.53273910284,0.437437027693,0.352231681347,0.364359647036,1.05897545815],"dvar":[0.105266653001,0.0735392346978,0.055350985378,0.0407705195248,0.0896349772811,0.316779255867],"dvar2":[0.27311706543,0.185046210885,0.132366165519,0.0908029824495,0.18110576272,0.822791695595],"max":[-5.44573640823,-4.51189804077,-5.11425447464,-5.91933822632,-5.61394834518,-9.23749923706],"mean":[-7.90731191635,-6.85571050644,-7.04955196381,-7.69548463821,-8.25383758545,-11.83116436],"median":[-7.11312198639,-6.12876796722,-6.32693243027,-6.99700260162,-7.5601682663,-11.3558158875],"min":[-28.5242061615,-28.1728343964,-28.0472278595,-27.8628044128,-27.5583667755,-27.4527072906],"var":[10.3146276474,11.0072431564,10.7339487076,10.0246162415,9.66303062439,6.51729249954]},"spectral_decrease":{"dmean":1.92494442608e-9,"dmean2":3.02634761695e-9,"dvar":6.14556441715e-18,"dvar2":1.49964205461e-17,"max":5.48359805914e-13,"mean":-6.48708908813e-9,"median":-5.40768674284e-9,"min":-3.85212821641e-8,"var":2.91740315475e-17},"spectral_energy":{"dmean":0.00774659402668,"dmean2":0.0120247621089,"dvar":0.0000977989184321,"dvar2":0.000233547747484,"max":0.165345713496,"mean":0.0347611829638,"median":0.0324025079608,"min":9.92259771086e-21,"var":0.000632489682175},"spectral_energyband_high":{"dmean":0.000163247226737,"dmean2":0.000225599811529,"dvar":8.0705710559e-8,"dvar2":1.53257616375e-7,"max":0.0101510202512,"mean":0.000514109211508,"median":0.000330847455189,"min":7.09248567893e-21,"var":3.35452256195e-7},"spectral_energyband_low":{"dmean":0.00433366373181,"dmean2":0.0069413096644,"dvar":0.0000570231386519,"dvar2":0.000140391726745,"max":0.098347812891,"mean":0.0094510121271,"median":0.00454272003844,"min":1.15991693589e-23,"var":0.000145231271745},"spectral_energyband_middle_high":{"dmean":0.00216828170232,"dmean2":0.00342069473118,"dvar":0.00000773424289946,"dvar2":0.000019570463337,"max":0.0560247451067,"mean":0.0079053575173,"median":0.00716376490891,"min":1.20557353558e-21,"var":0.0000333432508342},"spectral_energyband_middle_low":{"dmean":0.00459506502375,"dmean2":0.00713006732985,"dvar":0.0000487195393362,"dvar2":0.000111712521175,"max":0.121583469212,"mean":0.0134245827794,"median":0.00912327505648,"min":1.43773358343e-22,"var":0.000213701234316},"spectral_entropy":{"dmean":0.143171682954,"dmean2":0.218239471316,"dvar":0.0199492927641,"dvar2":0.044588431716,"max":9.82615375519,"mean":7.44069242477,"median":7.43199825287,"min":5.89866638184,"var":0.243786260486},"spectral_flux":{"dmean":0.0156985893846,"dmean2":0.0253590364009,"dvar":0.000330423295964,"dvar2":0.00087283126777,"max":0.274001717567,"mean":0.0881037339568,"median":0.0918658301234,"min":6.39599970209e-11,"var":0.00208482448943},"spectral_kurtosis":{"dmean":6.79434490204,"dmean2":10.4552164078,"dvar":122.821762085,"dvar2":296.692626953,"max":195.449478149,"mean":26.4189662933,"median":22.8308486938,"min":-1.27816343307,"var":342.980529785},"spectral_rms":{"dmean":0.000582162872888,"dmean2":0.000895852339454,"dvar":3.99963369091e-7,"dvar2":9.3362274356e-7,"max":0.0127009013668,"mean":0.00529229827225,"median":0.00562247307971,"min":3.11136359732e-12,"var":0.0000059049302763},"spectral_rolloff":{"dmean":4264.04101562,"dmean2":8158.19677734,"dvar":52117248,"dvar2":124255128,"max":21963.8671875,"mean":10475.2597656,"median":3574.51171875,"min":64.599609375,"var":88914776},"spectral_skewness":{"dmean":0.43083485961,"dmean2":0.64753049612,"dvar":0.335488468409,"dvar2":0.782449841499,"max":11.1236181259,"mean":3.4376103878,"median":3.29358291626,"min":-0.0809141471982,"var":1.6892799139},"spectral_spread":{"dmean":433204.25,"dmean2":686271.375,"dvar":367246934016,"dvar2":791579721728,"max":42715428,"mean":4145593,"median":3261853,"min":1024507.6875,"var":30763948965900},"spectral_strongpeak":{"dmean":1.17905950546,"dmean2":2.15967154503,"dvar":26.0734615326,"dvar2":73.7271270752,"max":73.3409194946,"mean":1.40744948387,"median":0.493280887604,"min":0,"var":17.0171260834},"zerocrossingrate":{"dmean":0.0258215684444,"dmean2":0.0331307500601,"dvar":0.000441189447884,"dvar2":0.00070438394323,"max":0.525390625,"mean":0.250179737806,"median":0.2421875,"min":0.052734375,"var":0.00591828441247}},"metadata":{"audio_properties":{"analysis_sample_rate":44100,"bit_rate":160000,"codec":"mp3","downmix":"mix","equal_loudness":0,"length":211.957550049,"lossless":false,"md5_encoded":"46306b70200d5a673721fa4402159de2","replay_gain":-1.06718444824,"sample_rate":44100},"tags":{"acoustid_id":["aa08e45e-9e1f-4d55-8efb-6b5872985c71"],"album":["You & Me"],"albumartist":["The Walkmen"],"artist":["The Walkmen"],"date":["2008"],"discnumber":["1/1"],"file_name":"13 - The Walkmen - I Lost You.mp3","musicbrainz_albumartistid":["b7834ebd-64ae-46c3-a930-2d3a52ee743a"],"musicbrainz_albumid":["67bffab2-20a6-38c2-9434-652b58728556"],"musicbrainz_artistid":["b7834ebd-64ae-46c3-a930-2d3a52ee743a"],"musicbrainz_recordingid":["d9554fc9-f97a-4c82-b034-64329806de96"],"musicbrainz_releasegroupid":["99eeb9b9-1d4c-35a6-acd9-3086f6114a59"],"replaygain_album_gain":["+0.73 dB"],"replaygain_album_peak":["0.342621"],"replaygain_track_gain":["-0.47 dB"],"replaygain_track_peak":["0.318982"],"title":["I Lost You"],"tracknumber":["13/14"]},"version":{"essentia":"2.1-beta1","essentia_build_sha":"e76a03f03bb3900de42a1fa0d9be1e72f12def64","essentia_git_sha":"v2.1_beta1-28-g21ef5f4-dirty","extractor":"music 1.0"}},"rhythm":{"beats_count":362,"beats_loudness":{"dmean":0.016570314765,"dmean2":0.0288473963737,"dvar":0.000243928690907,"dvar2":0.000714669295121,"max":0.143133103848,"mean":0.0406091362238,"median":0.0398772284389,"min":0,"var":0.000709802901838},"beats_loudness_band_ratio":{"dmean":[0.149067237973,0.0864143446088,0.148807287216,0.112718768418,0.0286329388618,0.0703372359276],"dmean2":[0.270705729723,0.152806162834,0.256821513176,0.195956975222,0.0498946197331,0.121848009527],"dvar":[0.0196193046868,0.00894160009921,0.0244026072323,0.0114422133192,0.000879219267517,0.00481800828129],"dvar2":[0.0556078962982,0.0237760674208,0.0686250776052,0.0354935489595,0.00259409355931,0.0134284757078],"max":[0.855350375175,0.641620874405,0.787428438663,0.68627178669,0.282647371292,0.796158909798],"mean":[0.278428375721,0.10779