{"lowlevel":{"average_loudness":0.859633624554,"barkbands":{"dmean":[0.00798076670617,0.0170632172376,0.00828631501645,0.00309559330344,0.00219048978761,0.00160257832613,0.000604346103501,0.000443307857495,0.000406846520491,0.000392041896703,0.000255162100075,0.000409079657402,0.00030259496998,0.000221388487262,0.000273556099273,0.0000975070870481,0.000091957677796,0.000105343904579,0.000109131651698,0.0000756833833293,0.000084079845692,0.0000656332922517,0.0000273285095318,0.00000920273032534,0.00000336401194545,0.0000180293991434,0.000168431026395],"dmean2":[0.0136759039015,0.0290046986192,0.0141138499603,0.00521115632728,0.00364363985136,0.00255565298721,0.000999674550258,0.000729341933038,0.000674958282616,0.000647254404612,0.000428221595939,0.000681690813508,0.000510064419359,0.00037305735168,0.000462548370706,0.000167808451806,0.000157975606271,0.000180794362677,0.000178186324774,0.000116771458124,0.000121402212244,0.0000915802593227,0.0000358058132406,0.0000128814072013,0.00000547995477973,0.0000230406840274,0.000248011288932],"dvar":[0.00029243240715,0.00116712017916,0.000468229467515,0.0000289287327178,0.0000132533241413,0.000011887545952,0.00000217392403101,9.69739744505e-7,7.72499333834e-7,0.00000105560525299,3.45091933696e-7,7.04570709331e-7,4.45041024477e-7,1.77161808779e-7,3.62424145806e-7,5.54012835607e-8,5.14480369418e-8,7.29345543959e-8,4.92965774868e-8,2.1885739443e-8,7.46781410044e-8,5.4641468239e-8,8.34404634276e-9,5.70027525182e-10,3.42294803612e-11,2.55484011724e-9,5.97263181135e-8],"dvar2":[0.000796022184659,0.00317106954753,0.00121372984722,0.0000771045670263,0.0000332474446623,0.0000283246008621,0.00000536067545909,0.00000236177788793,0.00000199621922548,0.0000027000908176,9.12983068702e-7,0.00000182231508461,0.00000118629509416,4.9503489663e-7,0.0000010131604995,1.53978035655e-7,1.42969440731e-7,2.08816828717e-7,1.29563247242e-7,4.81889408377e-8,1.54808262209e-7,1.06711254944e-7,1.39447067227e-8,1.00549135684e-9,8.57630008677e-11,3.9380574357e-9,1.28172658265e-7],"max":[0.181846231222,0.356485635042,0.23775601387,0.107920892537,0.0512940362096,0.0924241691828,0.0474670678377,0.023647679016,0.0187993366271,0.0207776576281,0.0111439172179,0.015826433897,0.0107935629785,0.00884085241705,0.0134216267616,0.00383335188963,0.00318486476317,0.00598994968459,0.00387211539783,0.00624512135983,0.012717589736,0.00885622482747,0.00455680303276,0.000747442303691,0.000079354897025,0.00166945403907,0.00436710193753],"mean":[0.00904774013907,0.0214528944343,0.00851429253817,0.00416657328606,0.00326396618038,0.00239695375785,0.000855400750879,0.000612652860582,0.000605982088018,0.000514204264618,0.00032674256363,0.000700570701156,0.000515346473549,0.000399478565669,0.000500186462887,0.000155729343533,0.000152829816216,0.000188272824744,0.000234280378208,0.000190328413737,0.000192315172171,0.000136089525768,0.0000546176670468,0.0000162729211297,0.0000038647403926,0.0000379804623662,0.000697566079907],"median":[0.00161565700546,0.00770117528737,0.0028857938014,0.00173291366082,0.00186987849884,0.000799084024038,0.000349155045114,0.000254705548286,0.000224785180762,0.000145252532093,0.000124311001855,0.000301965512335,0.000170032231836,0.000181181865628,0.000157567483257,0.0000676988711348,0.0000643364328425,0.0000608708214713,0.000055618071201,0.0000511700636707,0.0000494509113196,0.0000282164310192,0.0000105659519249,0.00000404113825425,0.00000144417833781,0.00000974169324763,0.000490104779601],"min":[1.03054043422e-23,4.47378260144e-23,1.03803753161e-23,1.28446813318e-23,5.3769870016e-23,4.12775696951e-23,1.52768303794e-22,1.13902275575e-22,1.51091803976e-22,4.64353189983e-23,1.89390710624e-22,1.3527125532e-22,2.60481539582e-23,1.27178261874e-22,2.45909098251e-22,1.70086299775e-22,1.44028242457e-22,1.29105808786e-22,3.29058798951e-22,3.76855919063e-22,3.75224908121e-22,3.90704378565e-22,4.72608814994e-22,8.58601661849e-22,1.42578199993e-21,1.40589644471e-21,2.29121698951e-21],"var":[0.000322785024764,0.00118359248154,0.000401311437599,0.000047433484724,0.0000199272526515,0.0000234981234826,0.00000362281207344,0.00000151072686094,0.00000150025664425,0.00000168038570791,4.05163660844e-7,0.00000157258273248,9.44350688314e-7,3.81525580906e-7,7.99525594175e-7,6.44744417855e-8,6.05369621098e-8,9.62273318805e-8,1.24996958561e-7,9.0030390254e-8,2.30016922842e-7,1.4123396852e-7,2.4472209148e-8,1.50259338305e-9,4.10430370246e-11,8.08927236307e-9,6.08535742685e-7]},"barkbands_crest":{"dmean":3.44243621826,"dmean2":5.78547048569,"dvar":7.21586084366,"dvar2":19.8092269897,"max":25.8854007721,"mean":12.473192215,"median":12.1971063614,"min":2.82137107849,"var":16.8780326843},"barkbands_flatness_db":{"dmean":0.0393387898803,"dmean2":0.063893251121,"dvar":0.00120681256521,"dvar2":0.0032603321597,"max":0.535572946072,"mean":0.190014526248,"median":0.175654873252,"min":0.0346510931849,"var":0.00650028232485},"barkbands_kurtosis":{"dmean":10.7615451813,"dmean2":17.9603557587,"dvar":309.070526123,"dvar2":817.352172852,"max":503.739532471,"mean":16.618724823,"median":10.6545963287,"min":-1.83231329918,"var":452.545654297},"barkbands_skewness":{"dmean":1.02646303177,"dmean2":1.67527401447,"dvar":1.00875341892,"dvar2":2.64275145531,"max":18.4437999725,"mean":2.95414495468,"median":2.65737700462,"min":-2.2591688633,"var":2.80887889862},"barkbands_spread":{"dmean":6.89836931229,"dmean2":10.9541168213,"dvar":84.2175979614,"dvar2":191.798736572,"max":127.558334351,"mean":18.9168186188,"median":12.5472450256,"min":0.49734929204,"var":356.88092041},"dissonance":{"dmean":0.0228878557682,"dmean2":0.0389490276575,"dvar":0.000754397769924,"dvar2":0.00213955598883,"max":0.500000238419,"mean":0.459996879101,"median":0.476878941059,"min":0.233415663242,"var":0.00169296457898},"dynamic_complexity":4.75380182266,"erbbands":{"dmean":[0.888329565525,2.73756527901,8.87131023407,9.31428718567,7.67602682114,8.01963996887,9.62432289124,14.6277427673,8.88236904144,10.2084560394,8.34962272644,9.47763156891,10.777756691,10.3817186356,11.2883424759,16.419593811,13.7048549652,10.2549982071,12.8340950012,10.2833375931,4.74661016464,5.07883167267,5.51334667206,6.45409917831,4.19951105118,3.52368497849,3.46698832512,3.39390587807,2.63919973373,1.31824696064,0.708062529564,0.299809545279,0.106054335833,0.0407493188977,0.0232015978545,0.0224957894534,0.0374574884772,0.0440692156553,0.0180602464825,0.00406143488362],"dmean2":[1.52473509312,4.64346075058,14.9669380188,15.6860532761,12.8911075592,13.4619054794,15.3511552811,23.4977645874,14.569396019,16.8252449036,13.7883071899,15.6996011734,17.910533905,17.0513153076,19.0584220886,27.3508720398,22.9668045044,17.0481433868,21.6778011322,17.4363059998,8.17810916901,8.69642829895,9.50970458984,10.6113033295,6.70134449005,5.49017906189,5.17495822906,4.90676212311,3.70134472847,1.76437163353,0.935214996338,0.409250378609,0.152744531631,0.064936324954,0.0379185676575,0.032529823482,0.0472057051957,0.0534509010613,0.0234252233058,0.00646565807983],"dvar":[4.20254039764,21.9961166382,508.712738037,293.849273682,175.13319397,193.6665802,441.862365723,1164.24438477,489.738708496,891.580810547,283.532531738,458.093292236,827.312927246,609.783630371,611.374389648,1236.06567383,865.309326172,430.568267822,721.920349121,511.252166748,154.017715454,165.299667358,227.954421997,194.50793457,70.1824569702,51.0090637207,139.085006714,113.036720276,90.868270874,15.7659473419,5.92378902435,1.02239501476,0.0552862249315,0.00489398650825,0.00166271824855,0.00200302968733,0.0127851730213,0.0143038593233,0.00104135577567,0.0000311247640639],"dvar2":[11.4210948944,59.2177848816,1287.66882324,779.812072754,457.08505249,492.169311523,1030.03210449,2751.53491211,1276.54577637,2203.015625,674.010498047,1171.56604004,2234.72973633,1529.87609863,1621.19592285,3221.86401367,2304.97290039,1154.10266113,2046.46813965,1413.60656738,430.070404053,459.486541748,655.589050293,518.653991699,178.806564331,113.380554199,325.598236084,224.265960693,174.298217773,28.2194385529,9.66170215607,1.8170696497,0.0987668484449,0.0116779655218,0.00419263541698,0.00369717576541,0.0207380019128,0.0207141749561,0.00177177041769,0.00008058793901],"max":[19.9849128723,45.6806259155,244.345962524,285.91519165,184.146499634,234.66394043,576.980651855,1112.453125,565.618408203,877.385742188,399.779907227,480.477600098,1085.62194824,462.17779541,484.108428955,766.932556152,511.298614502,436.823364258,506.360229492,497.710571289,209.294891357,184.153121948,359.450866699,292.110534668,201.02104187,323.934326172,791.889160156,327.524932861,339.580688477,121.567642212,122.878471375,52.4858055115,6.03877973557,0.894930243492,0.575345635414,1.03284716606,4.34252214432,2.74520468712,0.76366686821,0.118742875755],"mean":[0.993673026562,3.44725990295,9.51202487946,12.4711008072,11.096862793,11.1805524826,14.6977548599,21.395860672,13.3898210526,14.5833940506,12.374630928,14.2667198181,14.8718852997,14.4183177948,17.3287715912,29.5976810455,25.4272766113,20.2184715271,25.0476970673,19.0378742218,8.07517051697,8.83823776245,10.1173286438,13.1629915237,9.95936965942,8.80274581909,7.95770549774,7.36676692963,5.33945894241,2.78077912331,1.40011274815,0.548804461956,0.17834675312,0.0519231371582,0.0263501685113,0.0376445986331,0.0790584385395,0.11316870898,0.0617517009377,0.019990792498],"median":[0.222527548671,1.51396155357,3.59358215332,6.14960050583,5.78384494781,5.97061872482,6.00881814957,6.54376077652,5.37557983398,5.72478199005,5.77126216888,5.10204172134,4.71335792542,4.74582672119,7.7715587616,12.4672269821,8.80167484283,9.10424232483,10.078704834,6.51607704163,3.92963528633,3.78659486771,3.36598181725,3.25770521164,2.57983756065,2.4584736824,2.0892496109,1.78621685505,1.10286068916,0.577006697655,0.281296640635,0.126979678869,0.0462935231626,0.0192430689931,0.010054256767,0.0118460543454,0.0199860613793,0.0306255463511,0.0224723983556,0.0162982512265],"min":[1.10395643701e-21,1.02017760144e-20,1.85492150438e-20,1.88549002854e-20,1.03351784367e-19,2.30892630442e-19,2.11308521979e-19,3.88184332641e-19,2.0861606718e-18,2.32721185564e-18,2.51597695297e-18,3.34662097075e-18,1.34306090056e-18,3.2626611046e-18,8.16207399983e-18,5.25096072646e-18,2.58381155346e-18,6.89540984629e-18,1.00532636518e-17,1.08775292798e-17,8.79960939489e-18,8.81759478294e-18,8.12845986128e-18,1.06963378482e-17,1.92366360472e-17,1.76805372614e-17,1.45668375299e-17,1.64344392995e-17,1.36640402016e-17,1.18187152331e-17,1.55564764147e-17,1.7176979483e-17,1.43234346715e-17,1.57827814498e-17,9.62521340119e-18,4.28013068796e-18,2.89973354289e-18,1.23999502341e-18,3.37080494012e-19,3.33858722462e-20],"var":[3.82989192009,24.8715572357,457.033905029,369.190429688,253.21812439,279.021575928,845.830078125,2342.7097168,814.463012695,1363.15600586,461.50302124,939.895751953,1103.83911133,967.120300293,884.717529297,2918.5378418,2119.62597656,1067.52185059,1602.10681152,1090.84448242,167.53062439,198.042785645,274.994689941,420.856903076,219.969558716,198.541473389,397.625366211,310.286254883,228.157913208,48.3016967773,17.0681495667,2.4517557621,0.143665418029,0.00722958846018,0.00194071151782,0.00521157216281,0.0367081202567,0.0548687726259,0.00731418980286,0.000397844880354]},"erbbands_crest":{"dmean":2.38183951378,"dmean2":3.99164628983,"dvar":5.46550035477,"dvar2":14.3551502228,"max":27.2764453888,"mean":7.98541593552,"median":6.82408285141,"min":2.15719342232,"var":17.0562648773},"erbbands_flatness_db":{"dmean":0.0261070486158,"dmean2":0.0415584146976,"dvar":0.000853290839586,"dvar2":0.00232397392392,"max":0.450450032949,"mean":0.144970193505,"median":0.124401420355,"min":0.0361462011933,"var":0.00428041722625},"erbbands_kurtosis":{"dmean":1.47635734081,"dmean2":2.46221256256,"dvar":14.6950979233,"dvar2":40.9636154175,"max":111.208511353,"mean":1.43362629414,"median":0.159216657281,"min":-1.758664608,"var":32.8267440796},"erbbands_skewness":{"dmean":0.396477907896,"dmean2":0.637235641479,"dvar":0.163992464542,"dvar2":0.423190295696,"max":7.67398929596,"mean":0.350084364414,"median":0.133586764336,"min":-4.84434223175,"var":1.04609632492},"erbbands_spread":{"dmean":7.8121175766,"dmean2":12.4265499115,"dvar":68.7796936035,"dvar2":165.280502319,"max":141.615158081,"mean":35.1117134094,"median":32.9473686218,"min":0.978310883045,"var":431.74206543},"gfcc":{"cov":[[17683.4589844,-2642.05297852,-1953.34619141,1312.1072998,814.520874023,-344.32800293,1141.19775391,-569.513183594,334.045593262,272.483459473,6.8818526268,242.022079468,-481.053100586],[-2642.05297852,2144.41674805,639.542236328,-911.071350098,-278.372406006,-11.0295381546,-423.133575439,106.316177368,-135.532562256,-155.424591064,69.1818313599,-171.600738525,255.839675903],[-1953.34619141,639.542236328,791.837524414,-115.548171997,-282.665344238,161.284713745,-240.062973022,133.490905762,-86.6896133423,-53.4032592773,-51.715675354,-48.4022254944,62.2430381775],[1312.1072998,-911.071350098,-115.548171997,673.646362305,188.491073608,23.2154922485,248.944015503,-42.78515625,55.0610542297,60.8575744629,-56.8465194702,64.9188613892,-149.371368408],[814.520874023,-278.372406006,-282.665344238,188.491073608,390.522796631,4.16559934616,227.125946045,-72.1739120483,80.7018585205,32.3559570312,47.5730743408,11.4633893967,-30.7370948792],[-344.32800293,-11.0295381546,161.284713745,23.2154922485,4.16559934616,190.250991821,-12.5042648315,65.1484985352,-8.69686794281,5.84842157364,-13.8250751495,10.5858535767,13.6454849243],[1141.19775391,-423.133575439,-240.062973022,248.944015503,227.125946045,-12.5042648315,304.114471436,-42.4643325806,101.822593689,39.4855079651,16.3015937805,35.9496307373,-70.1274185181],[-569.513183594,106.316177368,133.490905762,-42.78515625,-72.1739120483,65.1484985352,-42.4643325806,145.219543457,6.83628034592,15.7268667221,3.79803347588,-6.92202329636,39.5782089233],[334.045593262,-135.532562256,-86.6896133423,55.0610542297,80.7018585205,-8.69686794281,101.822593689,6.83628034592,105.504508972,47.4643630981,23.4516239166,23.3334503174,-16.4430465698],[272.483459473,-155.424591064,-53.4032592773,60.8575744629,32.3559570312,5.84842157364,39.4855079651,15.7268667221,47.4643630981,76.3551864624,39.1256790161,25.7012634277,-3.37146854401],[6.8818526268,69.1818313599,-51.715675354,-56.8465194702,47.5730743408,-13.8250751495,16.3015937805,3.79803347588,23.4516239166,39.1256790161,77.7702941895,24.3825263977,33.5284843445],[242.022079468,-171.600738525,-48.4022254944,64.9188613892,11.4633893967,10.5858535767,35.9496307373,-6.92202329636,23.3334503174,25.7012634277,24.3825263977,68.1186599731,4.53774213791],[-481.053100586,255.839675903,62.2430381775,-149.371368408,-30.7370948792,13.6454849243,-70.1274185181,39.5782089233,-16.4430465698,-3.37146854401,33.5284843445,4.53774213791,93.5632247925]],"icov":[[0.00010590851889,-0.000127981344122,0.000274514721241,-0.000153854052769,0.000145844969666,-0.000088289809355,-0.000253397971392,0.000236790307099,0.000118780037155,-0.000453506450867,0.000304419110762,-0.000198036723305,0.00014197974815],[-0.000127981344122,0.00304125598632,-0.0024342816323,0.00231125578284,-0.000571111275349,0.00119436962996,0.000277304789051,0.0000384861414204,-0.00098241714295,0.00432610465214,-0.00427641486749,0.00435530813411,-0.00253054522909],[0.000274514721241,-0.0024342816323,0.00543959159404,-0.00392710790038,0.00348758534528,-0.00410341238603,0.000791997939814,0.000644928892143,-0.00143282301724,-0.000130034575704,0.000151407846715,0.000690781336743,-0.000099769080407],[-0.000153854052769,0.00231125578284,-0.00392710790038,0.00837170053273,-0.0050049056299,0.00384183600545,-0.0023046026472,-0.00249948562123,0.00521776778623,-0.00514216255397,0.0066275014542,-0.00571998208761,0.00462637934834],[0.000145844969666,-0.000571111275349,0.00348758534528,-0.0050049056299,0.0104877660051,-0.00557871256024,-0.00271571287885,0.00507812341675,-0.00544676044956,0.00604177080095,-0.0100371139124,0.00989060476422,-0.00554577074945],[-0.000088289809355,0.00119436962996,-0.00410341238603,0.00384183600545,-0.00557871256024,0.0110684307292,-0.000640680373181,-0.00499720592052,0.00483260583133,-0.00448789261281,0.00689535215497,-0.00676062749699,0.00187459192239],[-0.000253397971392,0.000277304789051,0.000791997939814,-0.0023046026472,-0.00271571287885,-0.000640680373181,0.0113882152364,-0.00116333190817,-0.00743130594492,0.00613116798922,-0.00412268843502,0.000338405283401,0.00233773631044],[0.000236790307099,0.0000384861414204,0.000644928892143,-0.00249948562123,0.00507812341675,-0.00499720592052,-0.00116333190817,0.0137019110844,-0.00483297044411,-0.000545730115846,-0.00320111447945,0.0075421561487,-0.00766581622884],[0.000118780037155,-0.00098241714295,-0.00143282301724,0.00521776778623,-0.00544676044956,0.00483260583133,-0.00743130594492,-0.00483297044411,0.0252041462809,-0.0185528006405,0.0123455477878,-0.0117746274918,0.00646852236241],[-0.000453506450867,0.00432610465214,-0.000130034575704,-0.00514216255397,0.00604177080095,-0.00448789261281,0.00613116798922,-0.000545730115846,-0.0185528006405,0.0454332754016,-0.0331245362759,0.0151302237064,-0.00530517520383],[0.000304419110762,-0.00427641486749,0.000151407846715,0.0066275014542,-0.0100371139124,0.00689535215497,-0.00412268843502,-0.00320111447945,0.0123455477878,-0.0331245362759,0.0500015728176,-0.025356054306,0.00198725936934],[-0.000198036723305,0.00435530813411,0.000690781336743,-0.00571998208761,0.00989060476422,-0.00676062749699,0.000338405283401,0.0075421561487,-0.0117746274918,0.0151302237064,-0.025356054306,0.0407136641443,-0.015632590279],[0.00014197974815,-0.00253054522909,-0.000099769080407,0.00462637934834,-0.00554577074945,0.00187459192239,0.00233773631044,-0.00766581622884,0.00646852236241,-0.00530517520383,0.00198725936934,-0.015632590279,0.0296810325235]],"mean":[-32.4912567139,105.522117615,-65.9835205078,5.8840470314,-13.9039287567,-8.22737884521,-2.37990117073,-18.8100891113,-5.27469348907,-6.08466100693,-5.14772176743,-4.44452619553,-8.96735668182]},"hfc":{"dmean":105.683418274,"dmean2":175.840164185,"dvar":25438.0058594,"dvar2":72783.7109375,"max":2119.98852539,"mean":265.530914307,"median":194.952072144,"min":1.12177364235e-16,"var":80732.1484375},"melbands":{"dmean":[0.00625430094078,0.00400879373774,0.00153976783622,0.000513263861649,0.000335490505677,0.000314742035698,0.000132168221171,0.000109145432361,0.0000677002244629,0.0000595286983298,0.0000560045045859,0.000045267828682,0.0000363030158042,0.0000452545828011,0.0000384681443393,0.0000286802587652,0.0000201907514565,0.0000212687500607,0.0000217133783735,0.00000827359053801,0.00000586876194575,0.00000547831587028,0.00000571367036173,0.00000516651334692,0.00000585909765505,0.00000368229689229,0.00000311618077831,0.00000240244730776,0.00000234016965805,0.00000224056952902,0.00000208178335015,0.0000017007258748,0.00000109186498776,6.5716710651e-7,4.54276630535e-7,2.96021539725e-7,1.49126705651e-7,8.33522122434e-8,4.73676493584e-8,3.0323075606e-8],"dmean2":[0.0106875859201,0.00671028858051,0.00257481425069,0.000862910121214,0.000536366773304,0.000504229043145,0.000217165114009,0.000179304595804,0.000112050205644,0.0000989913241938,0.000093262977316,0.0000742994088796,0.00006118381134,0.0000755608416512,0.0000635466712993,0.0000485041637148,0.0000338550889865,0.0000361757993232,0.000036809960875,0.0000140070978887,0.0000101937248473,0.00000939727669902,0.00000988206738839,0.0000088116266852,0.00000962575177255,0.00000601365900366,0.00000501374688611,0.00000378846630156,0.0000035948560253,0.00000333377374773,0.00000311682447318,0.00000246061563303,0.00000156579744726,9.074055356e-7,6.29907503935e-7,4.12337527678e-7,2.09824563058e-7,1.21747348203e-7,7.35690477427e-8,4.95635390507e-8],"dvar":[0.000188665362657,0.0000795326559455,0.00000765046388551,7.69120504174e-7,4.31199310924e-7,5.06234982822e-7,1.04517596355e-7,9.30519021836e-8,1.87774276128e-8,1.81715940073e-8,2.26162786277e-8,1.26421912938e-8,6.88406176508e-9,7.81271225492e-9,7.31597538106e-9,4.67769867285e-9,1.63616320492e-9,1.88205895313e-9,2.56715471103e-9,3.19232668078e-10,2.38704278566e-10,1.79924228294e-10,2.36037411838e-10,1.6783870127e-10,1.55936319413e-10,5.44776689038e-11,3.83225673417e-11,2.39866078389e-11,7.72113969982e-11,5.1103368065e-11,4.48740905545e-11,3.79142724161e-11,1.37001529912e-11,3.72532863932e-12,2.24938232103e-12,1.85764663201e-12,1.6940256435e-13,3.82686063556e-14,7.91530096946e-15,2.86512727233e-15],"dvar2":[0.000513511302415,0.000199860704015,0.0000199018249987,0.00000199204646378,0.00000100525573998,0.00000120998106468,2.69906934136e-7,2.30274665114e-7,4.46646382102e-8,4.64435245817e-8,6.08065491292e-8,3.15227417502e-8,1.82731287879e-8,2.03786498787e-8,1.82099988422e-8,1.22924985746e-8,4.46076153793e-9,5.38493427626e-9,7.28546467599e-9,8.57543369648e-10,6.7172117868e-10,4.99118302244e-10,6.75480005263e-10,4.80055550867e-10,4.14697776119e-10,1.44326675611e-10,9.49679918039e-11,5.56400862883e-11,1.97775393285e-10,1.03445883803e-10,9.71162317231e-11,7.33633501171e-11,2.8874614505e-11,6.76578584824e-12,3.81098061095e-12,3.73541822474e-12,3.09650579917e-13,7.24851426169e-14,1.62011229492e-14,7.20627594733e-15],"max":[0.139300361276,0.0997940525413,0.041566349566,0.0127112995833,0.0151366414502,0.0217941831797,0.00967663805932,0.0087170554325,0.0034453170374,0.0032097264193,0.00532019278035,0.00237138941884,0.00173816957977,0.00220653554425,0.00171448523179,0.00142510200385,0.000838012201712,0.000794729101472,0.00135126605164,0.000399784388719,0.000262381508946,0.000203229807084,0.000310359057039,0.000248145574005,0.000283332396066,0.000130546803121,0.000179777533049,0.000215632346226,0.00067122123437,0.000326783803757,0.000225653042435,0.000216272426769,0.000134998743306,0.000055298780353,0.0000622207662673,0.0000864487228682,0.0000133150488182,0.0000053791186474,0.00000159363867169,7.34305842798e-7],"mean":[0.00768778240308,0.00480070663616,0.00218839710578,0.00076540367445,0.000523565686308,0.000467707111966,0.000198558525881,0.000155228015501,0.0000981490229606,0.0000885021290742,0.0000749296377762,0.0000603236039751,0.0000496887078043,0.0000755610963097,0.0000700850068824,0.0000483974945382,0.0000360999802069,0.0000388472617487,0.00003780953557,0.000013956399016,0.00000867887774803,0.00000885337976797,0.00000931753675104,0.0000091323390734,0.0000111536091936,0.00000758002806833,0.00000678609239912,0.00000550210279471,0.00000487329089083,0.00000471780458611,0.00000411348673879,0.00000323043150274,0.00000213099883695,0.0000013070678051,8.64833850756e-7,5.16080092439e-7,2.60973820332e-7,1.36601414624e-7,6.69224036187e-8,3.39492878254e-8],"median":[0.00240065250546,0.00228903233074,0.00113039149437,0.000453288375866,0.000233152954024,0.000147563638166,0.0000803356742836,0.0000604032902629,0.0000455438348581,0.0000306055626424,0.0000226986176131,0.0000180697534233,0.0000207493085327,0.0000345461594407,0.0000244107213803,0.0000161006173585,0.0000163280892593,0.000016218111341,0.0000113157111628,0.00000530331817572,0.00000397484882342,0.00000370187308363,0.00000334546234626,0.00000274581657322,0.00000246639751822,0.00000192895004147,0.00000166707718563,0.00000155331940732,0.0000012456857803,0.00000113503438115,9.62469698607e-7,6.41214342068e-7,4.2926808419e-7,2.51965190046e-7,1.65339841374e-7,1.05532343753e-7,6.16814190835e-8,3.31069358595e-8,1.97149194747e-8,1.22736949493e-8],"min":[1.19224390359e-23,1.18223743966e-23,6.28110024842e-24,1.17668228117e-23,8.16334958398e-24,1.04003989724e-23,3.11238443723e-23,2.66235569911e-23,2.03039970126e-23,2.14329973852e-23,6.61229521643e-24,1.1235338032e-23,3.02504207335e-23,1.24731168014e-23,1.15379308757e-23,4.5002211169e-24,1.30115759004e-23,1.48190061178e-23,1.5696056939e-23,1.28722441318e-23,9.35491057068e-24,8.52674151541e-24,7.36427214117e-24,7.63149719509e-24,8.14978906502e-24,1.4905340633e-23,1.36999012164e-23,1.07549106966e-23,9.33954513797e-24,8.46372099541e-24,1.00237857322e-23,8.29352741056e-24,6.00303900667e-24,6.5741451142e-24,8.12324626214e-24,1.10485057929e-23,9.85754276277e-24,9.58135467124e-24,1.0868086993e-23,1.44828314653e-23],"var":[0.00018293276662,0.000078064011177,0.0000102355124909,0.00000102824856185,8.62039883032e-7,0.00000102034528027,1.7803073149e-7,1.4399610393e-7,3.00120461816e-8,3.85843996753e-8,3.05509892939e-8,2.0093898101e-8,8.61307825062e-9,1.62084781152e-8,1.92689437739e-8,8.87317508358e-9,3.47626372132e-9,3.79967435293e-9,5.1345176999e-9,5.28905641506e-10,2.30420516001e-10,2.10500269993e-10,2.52212001284e-10,2.2438502445e-10,3.23588905671e-10,1.29466354304e-10,1.18256515691e-10,7.89908832788e-11,1.63463562131e-10,1.45754353031e-10,1.04746808449e-10,9.1560869997e-11,3.20886650584e-11,1.0993555892e-11,6.49668036382e-12,3.36055792569e-12,4.30929028355e-13,9.03375478264e-14,1.64333268673e-14,3.32623972684e-15]},"melbands_crest":{"dmean":5.25269842148,"dmean2":8.81954097748,"dvar":17.8353214264,"dvar2":48.9709892273,"max":38.8775062561,"mean":19.890542984,"median":19.1013660431,"min":1.88023805618,"var":42.8514480591},"melbands_flatness_db":{"dmean":0.0475800707936,"dmean2":0.0769119262695,"dvar":0.00169460312463,"dvar2":0.00453728111461,"max":0.70300334692,"mean":0.309951037169,"median":0.296298235655,"min":0.00658847903833,"var":0.00952880457044},"melbands_kurtosis":{"dmean":17.0441455841,"dmean2":28.5092811584,"dvar":812.648071289,"dvar2":2080.22290039,"max":1173.3026123,"mean":27.9487476349,"median":17.5013141632,"min":-1.7606960535,"var":1448.72155762},"melbands_skewness":{"dmean":1.21831250191,"dmean2":2.00602436066,"dvar":1.52114236355,"dvar2":4.04368829727,"max":32.9422264099,"mean":3.90282201767,"median":3.48174309731,"min":-1.05853962898,"var":5.04706144333},"melbands_spread":{"dmean":4.62557935715,"dmean2":7.48938655853,"dvar":55.7371902466,"dvar2":121.716178894,"max":198.21812439,"mean":11.1176300049,"median":6.59768819809,"min":0.416572123766,"var":225.3099823},"mfcc":{"cov":[[15037.8193359,-2189.57641602,-2730.23364258,1565.08532715,-595.317077637,1059.00671387,76.9482879639,290.776550293,-155.321914673,381.225372314,216.096115112,208.590942383,-13.3496189117],[-2189.57641602,2437.81274414,594.311950684,-777.004882812,106.881561279,-453.43939209,-61.5767745972,-205.076919556,-15.8864469528,-173.678649902,-115.104179382,-111.897850037,12.5218143463],[-2730.23364258,594.311950684,1097.06213379,-307.159423828,96.0526885986,-234.198287964,-55.9384841919,-30.6832027435,44.5341033936,-86.8670043945,-65.0023956299,-60.3448066711,-16.933391571],[1565.08532715,-777.004882812,-307.159423828,567.955810547,-49.815864563,241.731384277,54.608757019,92.9907989502,-3.88013625145,96.097869873,58.0322647095,46.7242393494,-11.3588113785],[-595.317077637,106.881561279,96.0526885986,-49.815864563,160.479385376,8.43613910675,42.3987541199,-5.98778486252,25.7130069733,-15.8360242844,2.98187303543,-2.46781611443,10.8550872803],[1059.00671387,-453.43939209,-234.198287964,241.731384277,8.43613910675,274.082458496,65.1964111328,83.7682723999,4.92661619186,60.7915000916,37.7709236145,44.7296676636,-3.90778183937],[76.9482879639,-61.5767745972,-55.9384841919,54.608757019,42.3987541199,65.1964111328,107.716262817,41.8640708923,28.0225200653,17.4181098938,25.5090255737,11.1417961121,9.64307594299],[290.776550293,-205.076919556,-30.6832027435,92.9907989502,-5.98778486252,83.7682723999,41.8640708923,103.283714294,39.947769165,38.5933990479,17.6048545837,19.0709819794,-3.70021986961],[-155.321914673,-15.8864469528,44.5341033936,-3.88013625145,25.7130069733,4.92661619186,28.0225200653,39.947769165,72.439994812,32.263217926,18.319442749,6.39429235458,5.911216259],[381.225372314,-173.678649902,-86.8670043945,96.097869873,-15.8360242844,60.7915000916,17.4181098938,38.5933990479,32.263217926,77.3212890625,44.6306877136,24.1707572937,5.80986833572],[216.096115112,-115.104179382,-65.0023956299,58.0322647095,2.98187303543,37.7709236145,25.5090255737,17.6048545837,18.319442749,44.6306877136,65.8787155151,34.2957878113,15.4122743607],[208.590942383,-111.897850037,-60.3448066711,46.7242393494,-2.46781611443,44.7296676636,11.1417961121,19.0709819794,6.39429235458,24.1707572937,34.2957878113,53.4861717224,23.7719039917],[-13.3496189117,12.5218143463,-16.933391571,-11.3588113785,10.8550872803,-3.90778183937,9.64307594299,-3.70021986961,5.911216259,5.80986833572,15.4122743607,23.7719039917,44.6350975037]],"icov":[[0.000185519355,-0.0000921191458474,0.000321860192344,-0.000250094366493,0.00042654259596,-0.000407559797168,0.00026757575688,-0.000175770241185,0.0000696140195942,0.00000216567786993,-0.000160075651365,0.000180572358659,-0.00012240227079],[-0.0000921191458474,0.000895135861356,-0.000278630643152,0.000921607075725,-0.000338134530466,0.000683042628225,-0.000743524520658,0.000765891512856,0.000109422580863,-0.000210608603084,0.000516089436132,0.000178145404789,-0.000043843730964],[0.000321860192344,-0.000278630643152,0.00195036514197,-0.000370473921066,-0.0000807573087513,0.000134718487971,0.00129734969232,-0.00126809766516,-0.000809240096714,0.000994800240733,-0.000279373751255,0.000442398042651,0.000304632412735],[-0.000250094366493,0.000921607075725,-0.000370473921066,0.0044685350731,-0.000166404905031,-0.000899993290659,-0.00129132089205,-0.000108201726107,0.00185382913332,-0.00262743257917,0.000196674838662,0.0000832577352412,0.000879186147358],[0.00042654259596,-0.000338134530466,-0.0000807573087513,-0.000166404905031,0.0102650774643,-0.00351907988079,-0.00255396892317,0.00301460828632,-0.004394588992,0.00377912097611,-0.00179309933446,0.0013532419689,-0.00186487601604],[-0.000407559797168,0.000683042628225,0.000134718487971,-0.000899993290659,-0.00351907988079,0.0104980301112,-0.00331811304204,-0.00359898596071,0.00398136023432,-0.00374154490419,0.00329733453691,-0.00542723014951,0.00341363111511],[0.00026757575688,-0.000743524520658,0.00129734969232,-0.00129132089205,-0.00255396892317,-0.00331811304204,0.0167140774429,-0.00551971280947,-0.00345151335932,0.00543474173173,-0.00747173372656,0.00564482761547,-0.00396243296564],[-0.000175770241185,0.000765891512856,-0.00126809766516,-0.000108201726107,0.00301460828632,-0.00359898596071,-0.00551971280947,0.0218221507967,-0.0103354379535,-0.00225130887702,0.00529173063114,-0.0053982026875,0.0038868424017],[0.0000696140195942,0.000109422580863,-0.000809240096714,0.00185382913332,-0.004394588992,0.00398136023432,-0.00345151335932,-0.0103354379535,0.0290874112397,-0.0143275931478,0.000741932191886,0.00152777391486,-0.00159601960331],[0.00000216567786993,-0.000210608603084,0.000994800240733,-0.00262743257917,0.00377912097611,-0.00374154490419,0.00543474173173,-0.00225130887702,-0.0143275931478,0.0362019911408,-0.0189351662993,0.00398761127144,-0.00123914342839],[-0.000160075651365,0.000516089436132,-0.000279373751255,0.000196674838662,-0.00179309933446,0.00329733453691,-0.00747173372656,0.00529173063114,0.000741932191886,-0.0189351662993,0.0376060195267,-0.0183458067477,0.00168096506968],[0.000180572358659,0.000178145404789,0.000442398042651,0.0000832577352412,0.0013532419689,-0.00542723014951,0.00564482761547,-0.0053982026875,0.00152777391486,0.00398761127144,-0.0183458067477,0.0424972288311,-0.0192982014269],[-0.00012240227079,-0.000043843730964,0.000304632412735,0.000879186147358,-0.00186487601604,0.00341363111511,-0.00396243296564,0.0038868424017,-0.00159601960331,-0.00123914342839,0.00168096506968,-0.0192982014269,0.0347196832299]],"mean":[-700.19732666,163.589187622,9.11706066132,32.8568115234,5.20869970322,23.1209907532,5.16823911667,5.42587184906,-1.53551781178,4.02794790268,1.78376042843,1.96384000778,-1.09510171413]},"pitch_salience":{"dmean":0.102457515895,"dmean2":0.172930657864,"dvar":0.0070101134479,"dvar2":0.0196888204664,"max":0.991061210632,"mean":0.500975966454,"median":0.513907432556,"min":0.0405574925244,"var":0.0158753693104},"silence_rate_20dB":{"dmean":0,"dmean2":0,"dvar":0,"dvar2":0,"max":1,"mean":1,"median":1,"min":1,"var":0},"silence_rate_30dB":{"dmean":0.133362874389,"dmean2":0.266755282879,"dvar":0.115577213466,"dvar2":0.233261689544,"max":1,"mean":0.763982713223,"median":1,"min":0,"var":0.180313125253},"silence_rate_60dB":{"dmean":0.00753212207928,"dmean2":0.0150659130886,"dvar":0.00747538963333,"dvar2":0.0172760654241,"max":1,"mean":0.0569276772439,"median":0,"min":0,"var":0.0536869168282},"spectral_centroid":{"dmean":209.248214722,"dmean2":317.762023926,"dvar":81570.7265625,"dvar2":152292.984375,"max":11237.2519531,"mean":966.873046875,"median":794.005432129,"min":143.129974365,"var":546260.1875},"spectral_complexity":{"dmean":3.19472742081,"dmean2":4.8908829689,"dvar":12.2961530685,"dvar2":23.8865089417,"max":55,"mean":18.496843338,"median":16,"min":0,"var":159.980407715},"spectral_contrast_coeffs":{"dmean":[0.0580676347017,0.0489266328514,0.0354817025363,0.0289451293647,0.0245229694992,0.0274096988142],"dmean2":[0.0969919487834,0.0821689143777,0.0595316700637,0.0484859086573,0.0412967465818,0.0419454500079],"dvar":[0.00215177424252,0.00153615197632,0.000775750027969,0.000520905072335,0.000526872405317,0.000801532471087],"dvar2":[0.00575831951573,0.00413184892386,0.00212380546145,0.00143638195004,0.0014396654442,0.00180219870526],"max":[-0.354852348566,-0.458354711533,-0.586857676506,-0.663785934448,-0.684375405312,-0.431115031242],"mean":[-0.675039708614,-0.775217056274,-0.818848907948,-0.826898097992,-0.850395739079,-0.761442542076],"median":[-0.67938965559,-0.786368012428,-0.822289943695,-0.823737323284,-0.831922650337,-0.753943562508],"min":[-0.993597388268,-0.995077908039,-0.975049197674,-0.989861965179,-0.97858607769,-0.957495748997],"var":[0.00829930976033,0.00547339115292,0.00248068198562,0.00238369731233,0.00338109978475,0.00996957812458]},"spectral_contrast_valleys":{"dmean":[0.403487294912,0.389947891235,0.364835053682,0.340249836445,0.445240348577,0.57744294405],"dmean2":[0.667162895203,0.637708723545,0.58329641819,0.540478587151,0.711144566536,0.905719339848],"dvar":[0.128889232874,0.133971363306,0.139931052923,0.144741818309,0.294969469309,0.284016817808],"dvar2":[0.294351547956,0.305788129568,0.306198388338,0.326822251081,0.757033109665,0.76079171896],"max":[-4.89581203461,-4.52663516998,-5.15943670273,-5.47965621948,-5.72224140167,-8.91260433197],"mean":[-6.68663406372,-6.72462320328,-7.32905435562,-7.80700302124,-8.05540752411,-11.0728197098],"median":[-6.46565294266,-6.53080272675,-7.12931489944,-7.33094453812,-7.53696393967,-10.8287744522],"min":[-27.2435340881,-27.4359855652,-27.6020889282,-27.366350174,-27.1852550507,-27.3330764771],"var":[1.35980594158,1.26174497604,1.40337872505,1.93348407745,2.41724610329,1.44971191883]},"spectral_decrease":{"dmean":8.62134186264e-9,"dmean2":1.43045442158e-8,"dvar":2.12037122411e-16,"dvar2":5.5654823901e-16,"max":1.62366813328e-8,"mean":-1.13107425648e-8,"median":-5.84229464806e-9,"min":-1.31571653128e-7,"var":2.36575984531e-16},"spectral_energy":{"dmean":0.0317539051175,"dmean2":0.0528478696942,"dvar":0.00278325402178,"dvar2":0.00737236998975,"max":0.516258597374,"mean":0.066773802042,"median":0.0502332150936,"min":1.04956125399e-20,"var":0.00444028014317},"spectral_energyband_high":{"dmean":0.000293179124128,"dmean2":0.000366735155694,"dvar":4.98848010011e-7,"dvar2":8.39863560032e-7,"max":0.0220215264708,"mean":0.000975492934231,"median":0.000417508243117,"min":7.21038072664e-21,"var":0.00000231567310038},"spectral_energyband_low":{"dmean":0.0280610900372,"dmean2":0.0470215342939,"dvar":0.00252967537381,"dvar2":0.00672666216269,"max":0.457081466913,"mean":0.0390049032867,"median":0.0197279974818,"min":6.54788125254e-23,"var":0.00286122481339},"spectral_energyband_middle_high":{"dmean":0.00130692881066,"dmean2":0.00210392521694,"dvar":0.00000626246992397,"dvar2":0.0000160410654644,"max":0.0404329448938,"mean":0.00372699345462,"median":0.00181030936074,"min":1.76815046007e-21,"var":0.0000236738596868},"spectral_energyband_middle_low":{"dmean":0.0057593039237,"dmean2":0.00934682320803,"dvar":0.00006641602522,"dvar2":0.000168346596183,"max":0.113430418074,"mean":0.012032139115,"median":0.00870574917644,"min":5.26742495037e-22,"var":0.000144044999615},"spectral_entropy":{"dmean":0.256471157074,"dmean2":0.407843023539,"dvar":0.093791924417,"dvar2":0.252437084913,"max":9.79177188873,"mean":7.24238777161,"median":7.59342575073,"min":3.94002056122,"var":0.628908634186},"spectral_flux":{"dmean":0.0419779121876,"dmean2":0.0695932283998,"dvar":0.00319888582453,"dvar2":0.00760953966528,"max":0.623530805111,"mean":0.13487572968,"median":0.120369650424,"min":1.02448098616e-10,"var":0.0082764737308},"spectral_kurtosis":{"dmean":11.0663557053,"dmean2":18.289106369,"dvar":449.518310547,"dvar2":1264.39990234,"max":245.559310913,"mean":22.5521392822,"median":14.0811605453,"min":-1.23861598969,"var":584.568481445},"spectral_rms":{"dmean":0.00160783377942,"dmean2":0.0026112399064,"dvar":0.00000397840358346,"dvar2":0.0000100791785371,"max":0.0224425252527,"mean":0.00708820531145,"median":0.00700057251379,"min":3.19994096325e-12,"var":0.0000149025181599},"spectral_rolloff":{"dmean":5473.73388672,"dmean2":10617.8583984,"dvar":75119104,"dvar2":175695280,"max":22050,"mean":10216.6328125,"median":2476.31835938,"min":21.533203125,"var":106858496},"spectral_skewness":{"dmean":0.726988136768,"dmean2":1.16566729546,"dvar":1.23592531681,"dvar2":3.45895385742,"max":13.5780897141,"mean":3.17224287987,"median":2.56013011932,"min":-0.00519618066028,"var":2.89773011208},"spectral_spread":{"dmean":647264.875,"dmean2":1021297.0625,"dvar":563173588992,"dvar2":1304783093760,"max":41626740,"mean":4021070,"median":4077467.25,"min":666045,"var":2055863009280},"spectral_strongpeak":{"dmean":9.1238079071,"dmean2":17.3280315399,"dvar":843.220031738,"dvar2":2387.00024414,"max":259.461273193,"mean":7.00353765488,"median":0.351255953312,"min":0,"var":724.345825195},"zerocrossingrate":{"dmean":0.0522628612816,"dmean2":0.0693728849292,"dvar":0.00216714316048,"dvar2":0.00364727643318,"max":0.720703125,"mean":0.249810665846,"median":0.2314453125,"min":0.005859375,"var":0.0135902268812}},"metadata":{"audio_properties":{"analysis_sample_rate":44100,"bit_rate":256000,"codec":"mp3","downmix":"mix","equal_loudness":0,"length":209.607589722,"lossless":false,"md5_encoded":"1463ed99d114f6d08accd58399328f6c","replay_gain":0.570268630981,"sample_rate":44100},"tags":{"acoustid_id":["32875e27-527c-42ef-b163-1493bee30f71"],"album":["Start the Machine"],"albumartist":["Fu Manchu"],"artist":["Fu Manchu"],"date":["2004"],"discnumber":["1/1"],"file_name":"09 - Fu Manchu - Today’s Too Soon.mp3","musicbrainz_albumartistid":["f96de591-5dae-41da-855b-eb387d88d7d4"],"musicbrainz_albumid":["a6af29fc-9429-4e12-b8a8-7597945c8bda"],"musicbrainz_artistid":["f96de591-5dae-41da-855b-eb387d88d7d4"],"musicbrainz_recordingid":["d97d3e75-6613-46b3-af2f-17b9ff2b0e46"],"musicbrainz_releasegroupid":["d7400ccd-fcbf-3656-8464-5892c7bde1e4"],"replaygain_album_gain":["-0.68 dB"],"replaygain_album_peak":["0.363156"],"replaygain_track_gain":["+0.10 dB"],"replaygain_track_peak":["0.349542"],"title":["Today’s Too Soon"],"tracknumber":["9/12"]},"version":{"essentia":"2.1-beta1","essentia_build_sha":"e76a03f03bb3900de42a1fa0d9be1e72f12def64","essentia_git_sha":"v2.1_beta1-28-g21ef5f4-dirty","extractor":"music 1.0"}},"rhythm":{"beats_count":513,"beats_loudness":{"dmean":0.0371569618583,"dmean2":0.065804079175,"dvar":0.00180955091491,"dvar2":0.0051583442837,"max":0.271810144186,"mean":0.0784245356917,"median":0.0731776580215,"min":2.12474704497e-9,"var":0.00404253369197},"beats_loudness_band_ratio":{"dmean":[0.171406969428,0.0929168909788,0.0421050712466,0.0247524250299,0.0121036060154,0.103061698377],"dmean2":[0.301951080561,0.159818038344,0.0735213756561,0.0430160984397,0.0216232836246,0.187495440245],"dvar":[0.0221372935921,0.012036556378,0.00376743241213,0.0010223222198,0.000319070473779,0.0129147805274],"dvar2":[0.0621041916311,0.0343716293573,0.0109883733094,0.00279669952579,0.000873664394021,0.0380869619548],"max":[0.970280170441,0.857932686806,0.55972892046,0.30825266242,0.260414838791,0.882700622082],"mean":[0.608938097954,0.147687658668,0.0550894774497,0