{"lowlevel":{"average_loudness":0.957364141941,"barkbands":{"dmean":[0.000176937726792,0.0104233138263,0.00690138665959,0.00301035144366,0.0026884295512,0.00103287922684,0.000561510212719,0.000853203702718,0.000786572578363,0.000505845295265,0.000561234366614,0.000358990917448,0.000399244687287,0.000331438088324,0.000358375633368,0.000306515954435,0.000232398873777,0.00019935349701,0.000172098880284,0.000183275857125,0.000163284756127,0.000123588994029,0.000131735170726,0.000160624957061,0.0000923687330214,0.0000312545416818,0.00000283270310319],"dmean2":[0.00031551241409,0.0178103055805,0.0121435457841,0.00524965301156,0.00444321380928,0.00167279085144,0.000879019149579,0.00130898202769,0.00123322603758,0.000796432199422,0.000869709008839,0.000580529333092,0.00064631679561,0.000541660410818,0.000594861980062,0.000503500050399,0.000380874349503,0.000325754837831,0.00028542758082,0.000303465552861,0.000263977504801,0.000193200015929,0.000192517545656,0.000218916335143,0.00012508466898,0.0000453005486634,0.00000451338610219],"dvar":[2.51753078828e-7,0.000581943080761,0.000185550219612,0.0000311393450829,0.0000310634677589,0.00000218332343138,7.14761767995e-7,0.00000167308462551,0.00000231341596191,6.58320857383e-7,9.591685739e-7,3.37964166874e-7,4.51409391644e-7,3.72543695448e-7,4.23815208705e-7,2.81378447653e-7,1.41340393611e-7,1.3494917539e-7,1.07704259733e-7,1.37268969524e-7,9.67950555264e-8,1.27132409489e-7,2.08134309787e-7,3.49780691522e-7,1.58792033744e-7,1.74371024286e-8,1.18701937168e-10],"dvar2":[6.88495390477e-7,0.00153369631153,0.00051610043738,0.0000854489553603,0.0000808877157397,0.00000546866658624,0.00000169521342741,0.00000400219505536,0.00000589078808844,0.00000150442667746,0.00000230028967962,8.20220463993e-7,0.00000115973830361,9.65630761129e-7,0.00000113311875793,7.25060829154e-7,3.62769895901e-7,3.48378819126e-7,2.73827424735e-7,3.4971864693e-7,2.48124251812e-7,2.9471877383e-7,4.09163277482e-7,5.72530325371e-7,2.79455008467e-7,3.3187458115e-8,2.87961765544e-10],"max":[0.0048559140414,0.184190124273,0.132014811039,0.0712544992566,0.101662032306,0.0243687741458,0.0172983780503,0.0272733531892,0.0526207014918,0.0141690056771,0.0190762132406,0.0135287987068,0.0122347353026,0.0156376641244,0.0127882687375,0.013002675958,0.00757180061191,0.00883864425123,0.0118011450395,0.0133065972477,0.00751935783774,0.0187064129859,0.0142200430855,0.0146693708375,0.0111110527068,0.00443962123245,0.000333502423018],"mean":[0.000126339538838,0.0104696825147,0.00812820252031,0.00331084011123,0.0041818912141,0.00179433636367,0.00106474175118,0.00159254414029,0.00148150720634,0.000864603149239,0.00100993481465,0.000611725321505,0.000697678595316,0.000561017659493,0.000600567669608,0.000553666031919,0.000468988058856,0.000381859135814,0.000359444500646,0.000373279122869,0.000331251649186,0.000229745550314,0.000242538444581,0.000287120230496,0.000149251456605,0.0000441534393758,0.0000031580459563],"median":[0.0000136110211315,0.00381019292399,0.00458594411612,0.00179485394619,0.00262022484094,0.00118197035044,0.000637062592432,0.000968623324297,0.000748839753214,0.000467927631689,0.000516485830303,0.000323727494106,0.000366217136616,0.000263172347331,0.000311815441819,0.000269279058557,0.000262504414422,0.000224502611673,0.000206955854082,0.000190211081645,0.00016872404376,0.0000870508156368,0.0000626232358627,0.0000315361903631,0.00000955497671384,0.00000259688681581,1.93427496242e-7],"min":[9.94389715725e-23,7.43624623244e-24,1.77658449386e-23,1.196344797e-23,3.37473433076e-23,5.58752955958e-23,2.40519761475e-23,5.92787697071e-23,6.84015989772e-23,8.08824513486e-23,2.10010439747e-23,9.62006660022e-23,1.37212724049e-22,9.48315063933e-23,1.91791574079e-22,2.24341918782e-22,1.09688016536e-22,2.13192449048e-22,6.09370739746e-22,2.83770004081e-22,4.11057797713e-22,4.57534831676e-22,6.18130857082e-22,7.17950513995e-22,9.37823895469e-22,1.67659675278e-21,2.47742915866e-21],"var":[1.67118557215e-7,0.000457952439319,0.000150408552145,0.0000258714699157,0.0000317937156069,0.00000395963843403,0.00000190503101294,0.00000366561357623,0.00000523030485056,0.0000014459127442,0.00000218683317144,7.46425655507e-7,9.61741420724e-7,7.72977159613e-7,7.68251652516e-7,6.36627930817e-7,3.52116074964e-7,2.86988608877e-7,2.10150986391e-7,2.78591244296e-7,2.09307074783e-7,2.34263879406e-7,5.32174396994e-7,0.00000107278026462,3.91874550587e-7,4.10539904294e-8,1.57784188493e-10]},"barkbands_crest":{"dmean":2.79363417625,"dmean2":4.51320695877,"dvar":8.38219833374,"dvar2":21.3341579437,"max":26.6673259735,"mean":9.11054897308,"median":8.12414836884,"min":2.43598079681,"var":17.3824653625},"barkbands_flatness_db":{"dmean":0.0230677109212,"dmean2":0.0369720607996,"dvar":0.000640786252916,"dvar2":0.00162195484154,"max":0.470349907875,"mean":0.14351336658,"median":0.128010287881,"min":0.0292360112071,"var":0.00455249566585},"barkbands_kurtosis":{"dmean":4.15053129196,"dmean2":6.95483112335,"dvar":116.676795959,"dvar2":287.724517822,"max":612.85736084,"mean":4.68425321579,"median":1.17460727692,"min":-1.94957840443,"var":418.221008301},"barkbands_skewness":{"dmean":0.683662831783,"dmean2":1.07894742489,"dvar":0.800367057323,"dvar2":1.89175307751,"max":13.689209938,"mean":1.50506281853,"median":1.29119968414,"min":-22.4013004303,"var":2.14955830574},"barkbands_spread":{"dmean":6.24758625031,"dmean2":9.48883152008,"dvar":76.0205612183,"dvar2":138.188705444,"max":112.683326721,"mean":24.133392334,"median":21.153383255,"min":0.43015179038,"var":302.754425049},"dissonance":{"dmean":0.0178812369704,"dmean2":0.0302427969873,"dvar":0.000335878488841,"dvar2":0.00093260279391,"max":0.500000119209,"mean":0.463970154524,"median":0.473779439926,"min":0.120651625097,"var":0.00124158943072},"dynamic_complexity":2.49327611923,"erbbands":{"dmean":[0.225405231118,2.63088011742,7.36349916458,8.9804391861,11.2037906647,7.36494827271,7.53380489349,9.950091362,7.05064487457,14.0976543427,14.3931093216,21.1402511597,15.2979421616,14.3822689056,24.0312137604,14.7496471405,17.5542850494,16.9889945984,18.2812252045,14.0032567978,13.7100419998,10.7569532394,12.2091684341,8.73433971405,8.02814865112,8.7119550705,7.12564754486,5.99188041687,4.81796693802,3.59511303902,3.92159700394,3.4833407402,2.63982820511,1.41334712505,0.4220277071,0.213915109634,0.0364171303809,0.00680916476995,0.000443944969447,0.0000336210796377],"dmean2":[0.389760553837,4.49190282822,12.9148607254,15.609618187,18.9551811218,12.2715597153,12.292637825,16.0847988129,11.1917724609,21.2773246765,22.6196403503,33.0742759705,24.2309627533,22.2102127075,37.5534591675,23.7580833435,28.4489421844,27.563293457,30.1705379486,23.0271968842,22.1954345703,17.4785709381,19.9040107727,14.5931844711,13.1274757385,14.4970722198,11.4932556152,9.75179290771,7.63069868088,5.44852638245,5.72927808762,4.85329771042,3.62135314941,1.91511356831,0.583148479462,0.308331310749,0.0522783137858,0.0101288417354,0.000701571232639,0.0000531947225682],"dvar":[0.315750271082,35.8339004517,227.025115967,267.258728027,779.015869141,154.925643921,149.903182983,230.324752808,102.807228088,432.406219482,616.89251709,1876.99169922,696.491088867,624.139953613,1857.77368164,545.83416748,865.336425781,951.286193848,1202.20471191,616.551635742,504.986022949,298.053985596,568.397949219,208.953079224,312.832702637,325.762084961,221.668777466,132.787750244,192.761077881,135.809799194,188.774139404,150.699752808,108.48513031,36.6433410645,3.70153474808,0.890369296074,0.0216642990708,0.000715801375918,0.00000270038162853,4.31966640235e-9],"dvar2":[0.849368810654,94.6650924683,630.780517578,724.988464355,2035.20117188,412.950927734,377.558288574,564.015563965,261.645019531,995.53729248,1531.67248535,4775.07958984,1601.63220215,1457.11767578,4527.97460938,1358.71398926,2238.28369141,2451.2824707,3277.98193359,1615.17871094,1245.30187988,762.543640137,1459.52539062,541.917480469,787.528076172,826.047851562,566.115539551,341.301208496,450.478851318,305.659942627,373.780914307,268.162384033,178.599060059,63.2285232544,6.83088827133,1.67085170746,0.0407366044819,0.00145768932998,0.00000662502316118,1.04926041189e-8],"max":[4.22666883469,44.6085243225,121.959114075,255.761230469,529.522338867,188.951675415,269.887512207,279.996429443,236.387817383,337.462310791,759.462890625,1601.33325195,550.45111084,581.931945801,1014.54821777,396.270782471,515.664245605,836.372924805,758.31262207,620.828857422,578.107055664,396.574584961,612.233276367,314.251159668,638.057556152,529.794189453,519.386474609,272.332183838,786.136413574,350.175262451,402.585327148,290.961242676,282.257507324,174.83555603,54.0389289856,31.5285148621,4.44246053696,0.951364636421,0.0408546254039,0.00120084465016],"mean":[0.211852356791,2.72458148003,8.52215576172,11.3859176636,13.3205404282,12.4593486786,13.3119974136,16.7675933838,13.837269783,28.8312511444,27.5082321167,39.9529800415,28.1131629944,27.1720504761,44.1331863403,28.0864467621,32.3943023682,31.6523075104,32.7700538635,27.9991645813,28.8211307526,24.0956516266,24.0672054291,18.9971809387,16.5268554688,18.1035900116,14.5313596725,11.9452629089,8.92171669006,6.80810260773,7.02834892273,6.08462190628,4.62424468994,2.30513572693,0.675380051136,0.305234134197,0.0511861816049,0.00904450006783,0.00051265215734,0.0000648029963486],"median":[0.0691370144486,1.05024218559,4.47515296936,7.10873365402,6.72555875778,7.6638507843,8.39874744415,10.362994194,9.48972702026,18.1681022644,17.265329361,20.1899757385,15.7943534851,14.9977722168,23.1965427399,16.5986843109,18.4365768433,17.5058898926,18.2434177399,16.2099094391,15.8009881973,13.8270244598,14.4560432434,11.9958381653,8.65788173676,9.41833305359,7.82505941391,5.63674449921,3.30253553391,2.33143520355,1.68915939331,0.898310601711,0.382209420204,0.15323869884,0.0448937825859,0.0167309101671,0.00314064929262,0.000491221027914,0.00005377771231,0.0000426143706136],"min":[6.61005813313e-22,1.27411976747e-21,1.08359181982e-20,4.90055302154e-20,2.32854444361e-20,1.01515617891e-19,2.88008314365e-19,6.30433532508e-19,3.70397183586e-19,6.45481395417e-19,1.43131817679e-18,1.73311626405e-18,2.50160468983e-18,1.28062044824e-18,1.5833868538e-18,4.02083975802e-18,6.66133965322e-18,5.81034078852e-18,8.5707111486e-18,9.12712576816e-18,1.1753281938e-17,8.01733310907e-18,1.20900147576e-17,2.18683872667e-17,2.53529534259e-17,1.3800700365e-17,1.45896925302e-17,1.89669106474e-17,1.89314543777e-17,1.51611022799e-17,1.7321130594e-17,1.29656052883e-17,1.34075860876e-17,8.7459650778e-18,7.74965415412e-18,4.7981939056e-18,3.13715381744e-18,1.44385016986e-18,3.48155382589e-19,3.52832371633e-20],"var":[0.232087552547,28.3694057465,175.465438843,234.445465088,661.38079834,220.439224243,249.08102417,422.968658447,205.817108154,1081.78930664,1192.09448242,3992.05615234,1586.44555664,1386.76965332,4152.15722656,1252.67370605,1837.58398438,2000.98181152,2145.07592773,1391.21459961,1381.94433594,859.60333252,1182.78295898,486.748321533,547.246643066,646.348205566,427.23928833,286.257720947,342.414733887,301.147094727,472.033172607,416.721496582,320.310028076,91.0522079468,8.93902111053,2.07396006584,0.0529327876866,0.00154860713519,0.00000352840197593,6.18464479629e-9]},"erbbands_crest":{"dmean":2.19555139542,"dmean2":3.62535595894,"dvar":4.30104541779,"dvar2":10.9992780685,"max":30.2980098724,"mean":7.46230363846,"median":6.63183164597,"min":2.42629694939,"var":11.6461467743},"erbbands_flatness_db":{"dmean":0.0159775260836,"dmean2":0.023418545723,"dvar":0.000258371786913,"dvar2":0.000525806040969,"max":0.456351459026,"mean":0.159785702825,"median":0.151897162199,"min":0.0522387847304,"var":0.00287169893272},"erbbands_kurtosis":{"dmean":0.665306866169,"dmean2":1.07222926617,"dvar":1.74235248566,"dvar2":4.17872714996,"max":81.2570419312,"mean":0.0654918029904,"median":-0.403603553772,"min":-1.78170585632,"var":7.63595628738},"erbbands_skewness":{"dmean":0.299669772387,"dmean2":0.464624851942,"dvar":0.08222232759,"dvar2":0.182590425014,"max":6.38615036011,"mean":0.103995002806,"median":0.0744726955891,"min":-4.07662153244,"var":0.390849262476},"erbbands_spread":{"dmean":9.15271377563,"dmean2":14.1839141846,"dvar":111.718795776,"dvar2":244.878768921,"max":151.192825317,"mean":40.2517700195,"median":36.4589233398,"min":1.4664375782,"var":393.082611084},"gfcc":{"cov":[[13882.6152344,-1548.35571289,-1068.24279785,2068.59204102,-310.251708984,1169.64892578,116.846717834,631.759155273,-239.018249512,174.208648682,-317.09173584,40.5583381653,-283.401062012],[-1548.35571289,2053.5480957,-250.339797974,-470.15133667,365.016143799,-366.205169678,134.801956177,-213.58531189,154.777008057,-157.109512329,150.769958496,-91.2190170288,89.3472671509],[-1068.24279785,-250.339797974,774.770324707,-143.454406738,-36.4676475525,85.4510879517,-75.0312423706,-4.01706600189,2.64484000206,60.4734764099,31.0031414032,21.2983913422,7.73971414566],[2068.59204102,-470.15133667,-143.454406738,649.971679688,-39.5907287598,235.506103516,79.9055633545,96.2522201538,4.41988706589,33.6852760315,-39.7641716003,10.6191234589,-38.0686950684],[-310.251708984,365.016143799,-36.4676475525,-39.5907287598,298.813903809,-41.6444969177,74.0894088745,4.05076932907,46.4209403992,-8.10451030731,20.9711112976,-4.00303697586,18.0001583099],[1169.64892578,-366.205169678,85.4510879517,235.506103516,-41.6444969177,310.31036377,29.2686786652,83.3761444092,-11.7884473801,42.8891716003,-7.32415008545,-0.0233211126179,-33.4596214294],[116.846717834,134.801956177,-75.0312423706,79.9055633545,74.0894088745,29.2686786652,167.630584717,20.6707897186,18.0666637421,-4.48569440842,11.9826841354,-6.61804246902,-9.29215621948],[631.759155273,-213.58531189,-4.01706600189,96.2522201538,4.05076932907,83.3761444092,20.6707897186,149.959747314,11.4842367172,33.215965271,-18.6228599548,13.5192260742,-8.57243824005],[-239.018249512,154.777008057,2.64484000206,4.41988706589,46.4209403992,-11.7884473801,18.0666637421,11.4842367172,107.815429688,8.82573127747,18.0583648682,-5.87160110474,17.4645786285],[174.208648682,-157.109512329,60.4734764099,33.6852760315,-8.10451030731,42.8891716003,-4.48569440842,33.215965271,8.82573127747,85.1569824219,2.95685696602,14.8227529526,-6.7071518898],[-317.09173584,150.769958496,31.0031414032,-39.7641716003,20.9711112976,-7.32415008545,11.9826841354,-18.6228599548,18.0583648682,2.95685696602,91.0759429932,10.4666376114,11.640750885],[40.5583381653,-91.2190170288,21.2983913422,10.6191234589,-4.00303697586,-0.0233211126179,-6.61804246902,13.5192260742,-5.87160110474,14.8227529526,10.4666376114,70.9490737915,17.2679691315],[-283.401062012,89.3472671509,7.73971414566,-38.0686950684,18.0001583099,-33.4596214294,-9.29215621948,-8.57243824005,17.4645786285,-6.7071518898,11.640750885,17.2679691315,68.4256591797]],"icov":[[0.000382096681278,-0.000560126965865,0.000385070539778,-0.000945444800891,0.000374025548808,-0.000978506053798,0.000745739438571,-0.00105278519914,0.0011181787122,-0.00069851934677,0.00101859867573,-0.000726536440197,0.000793077109847],[-0.000560126965865,0.00239634001628,-0.000185937358765,0.00206577917561,-0.0016353437677,0.00194410805125,-0.00193506060168,0.00263005425222,-0.00302266422659,0.00244698650204,-0.0031532892026,0.00254708738066,-0.00192603550386],[0.000385070539778,-0.000185937358765,0.00214967993088,-0.000145461483044,0.000153262575623,-0.00183747929987,0.00109768426046,-0.000482270494103,0.000599194550887,-0.00132193206809,0.000371086702216,-0.000731651845854,0.00050238170661],[-0.000945444800891,0.00206577917561,-0.000145461483044,0.00526779703796,-0.00105881388299,0.000712763925549,-0.00298673752695,0.00288565130904,-0.00393840577453,0.0020832659211,-0.00230770651251,0.00160179799423,-0.00188521842938],[0.000374025548808,-0.0016353437677,0.000153262575623,-0.00105881388299,0.00530824158341,-0.000891271803994,-0.00058999704197,-0.00209409999661,0.000781516253483,-0.0015483116731,0.00184773816727,-0.00160137249622,0.000641922175419],[-0.000978506053798,0.00194410805125,-0.00183747929987,0.000712763925549,-0.000891271803994,0.00850976444781,-0.00261579477228,0.00102312420495,-0.00234291236848,0.00138968101237,-0.004060103558,0.00343906413764,-0.00126119703054],[0.000745739438571,-0.00193506060168,0.00109768426046,-0.00298673752695,-0.00058999704197,-0.00261579477228,0.00971117150038,-0.00317064695992,0.00248364266008,-0.00144448829815,0.00149063416757,-0.00177475635428,0.00304597732611],[-0.00105278519914,0.00263005425222,-0.000482270494103,0.00288565130904,-0.00209409999661,0.00102312420495,-0.00317064695992,0.0127159357071,-0.00530285015702,0.000576005200855,-0.00179593113717,0.00117423105985,-0.00250178505667],[0.0011181787122,-0.00302266422659,0.000599194550887,-0.00393840577453,0.000781516253483,-0.00234291236848,0.00248364266008,-0.00530285015702,0.0157633777708,-0.00484850490466,0.00232825940475,-0.000846583396196,-0.0000402245022997],[-0.00069851934677,0.00244698650204,-0.00132193206809,0.0020832659211,-0.0015483116731,0.00138968101237,-0.00144448829815,0.000576005200855,-0.00484850490466,0.0172917488962,-0.00391175458208,-0.0000900114173419,-0.000196200053324],[0.00101859867573,-0.0031532892026,0.000371086702216,-0.00230770651251,0.00184773816727,-0.004060103558,0.00149063416757,-0.00179593113717,0.00232825940475,-0.00391175458208,0.0173735134304,-0.0058740391396,0.00206539453939],[-0.000726536440197,0.00254708738066,-0.000731651845854,0.00160179799423,-0.00160137249622,0.00343906413764,-0.00177475635428,0.00117423105985,-0.000846583396196,-0.0000900114173419,-0.0058740391396,0.0198423173279,-0.00715291220695],[0.000793077109847,-0.00192603550386,0.00050238170661,-0.00188521842938,0.000641922175419,-0.00126119703054,0.00304597732611,-0.00250178505667,-0.0000402245022997,-0.000196200053324,0.00206539453939,-0.00715291220695,0.0200677979738]],"mean":[6.46251726151,114.691505432,-120.388870239,36.6398887634,-54.8600387573,13.8484163284,-30.0413303375,2.97591114044,-18.6502056122,-2.13012933731,-14.2465524673,-6.23165416718,-11.5553846359]},"hfc":{"dmean":7.49735975266,"dmean2":10.8816022873,"dvar":164.895996094,"dvar2":299.250640869,"max":299.83706665,"mean":26.9839000702,"median":21.4683742523,"min":1.17689629663e-16,"var":676.175537109},"melbands":{"dmean":[0.00253315689042,0.00365638476796,0.00162827852182,0.000639287405647,0.000277812068816,0.000208843048313,0.000111063542136,0.000168304948602,0.000114861373731,0.000131466033054,0.0000761859191698,0.0000590688177908,0.0000739683964639,0.0000494950327266,0.0000353474788426,0.000040559352783,0.0000351817107003,0.0000298157610814,0.0000230463392654,0.0000256665043707,0.000015663474187,0.0000128309820866,0.0000130004618768,0.00000901071143744,0.00000786934833741,0.00000659588704366,0.00000587030945098,0.0000064703526732,0.00000517992339155,0.00000431579610449,0.00000361774209523,0.00000290314937956,0.00000244649936576,0.00000215028512685,0.00000242696546593,0.00000225197368309,0.00000224702625928,0.00000193779510482,0.00000188626063391,0.00000100334466424],"dmean2":[0.00431986292824,0.00625078193843,0.00280533684418,0.00106995448004,0.000450856430689,0.00033796732896,0.000174395565409,0.000254063459579,0.000180081347935,0.000206414624699,0.000120578355563,0.0000913760741241,0.000115589362395,0.0000786456439528,0.0000578481558478,0.0000651382579235,0.0000573628822167,0.0000492248618684,0.0000379542907467,0.0000424058744102,0.000025310953788,0.0000209650224861,0.00002139778735,0.0000147240070874,0.0000132696313813,0.0000108539034045,0.00000968731546891,0.0000108060376078,0.00000840055690787,0.00000705384309185,0.00000597827511228,0.0000046488926273,0.00000387780573874,0.00000330023658535,0.00000364548964171,0.00000324692882714,0.00000316822911373,0.00000272959437098,0.00000265414291789,0.00000138805989991],"dvar":[0.0000361077472917,0.0000558778556297,0.00000815220846562,0.00000202046749109,1.8842440852e-7,9.52433012458e-8,2.53628886782e-8,6.28726226637e-8,3.81241598291e-8,7.46123092199e-8,1.74451955104e-8,1.06391508936e-8,1.73443464035e-8,5.97344307351e-9,3.1340634532e-9,5.63192692482e-9,4.62230564935e-9,3.13315440259e-9,2.03172612068e-9,2.12989270665e-9,6.75088207558e-10,4.76786776726e-10,5.30167520996e-10,2.54590210025e-10,1.74549333321e-10,2.2774539199e-10,1.55519180867e-10,1.72776112861e-10,1.15797295364e-10,7.06389599592e-11,5.14386415407e-11,6.48181855412e-11,6.51960430087e-11,5.35929980949e-11,7.99143390351e-11,6.35876837296e-11,6.80873551984e-11,6.07061970137e-11,6.40710540178e-11,2.0575364329e-11],"dvar2":[0.0000953902854235,0.000149583647726,0.0000217873639485,0.00000531662180947,4.78619256228e-7,2.35913702795e-7,6.26030995932e-8,1.45395262052e-7,9.45035552036e-8,1.89298802411e-7,4.0072759333e-8,2.47526568131e-8,4.23108055259e-8,1.4445926233e-8,8.09435096727e-9,1.44499407995e-8,1.19447411961e-8,8.51414139191e-9,5.25266052875e-9,5.60614132894e-9,1.6347956322e-9,1.23432453147e-9,1.34842481625e-9,6.60548171716e-10,4.60336713193e-10,5.82747683442e-10,3.91827043034e-10,4.44869446836e-10,2.96891011775e-10,1.80649800674e-10,1.35623026698e-10,1.54455406798e-10,1.55012225278e-10,1.21755980298e-10,1.65886138159e-10,1.28645566422e-10,1.26133298251e-10,1.09143728777e-10,1.14467151036e-10,3.82328925463e-11],"max":[0.0454919785261,0.0571830607951,0.0362467095256,0.0262253805995,0.00943410024047,0.00557443127036,0.00337454187684,0.00451119802892,0.00576068554074,0.0103560099378,0.0027044066228,0.00222774175927,0.00264048599638,0.00204302510247,0.00111810246017,0.00168452074286,0.00190740881953,0.00114552443847,0.00116342585534,0.00126829533838,0.000731504987925,0.000515823427122,0.00052687182324,0.000328390946379,0.000284300855128,0.000611175084487,0.000368147622794,0.000355515046977,0.000411391054513,0.000212832863326,0.000160562369274,0.000458037859062,0.000374305876903,0.000230397301493,0.000283210800262,0.000297992024571,0.000185508673894,0.000191648432519,0.000208566547371,0.000126071143313],"mean":[0.00250632571988,0.00432719523087,0.00209695426747,0.000910627131816,0.000515653577168,0.000356785603799,0.000217015011003,0.000339327874826,0.000218147659325,0.000244033653871,0.000133162422571,0.00010324777395,0.000134520159918,0.0000918871737667,0.0000637878256384,0.0000691993336659,0.0000588792427152,0.0000509532947035,0.0000398004012823,0.0000436562004325,0.0000309733222821,0.0000256792518485,0.0000242619862547,0.000017269525415,0.0000154122772074,0.000012448016605,0.0000110568698801,0.0000123938762044,0.00000959876524576,0.00000792626087787,0.00000653349479762,0.00000501644944961,0.00000425469806942,0.00000376542038794,0.0000041476532715,0.00000381391532756,0.00000369264671463,0.00000323320773532,0.00000305006437884,0.00000154058852786],"median":[0.000872611068189,0.0021823127754,0.00133468629792,0.000558059778996,0.000326423760271,0.000229583180044,0.000141075739521,0.000211917315028,0.000133654612,0.000118547315651,0.0000717896327842,0.0000530803918082,0.0000703508994775,0.0000534717873961,0.0000361992097169,0.000034724795114,0.0000271410990536,0.0000268052044703,0.0000200007689273,0.0000203656873055,0.0000164528046298,0.0000134473493745,0.0000132830409711,0.000010598388144,0.0000088593833425,0.00000608294612903,0.00000530004808752,0.00000617485829935,0.00000490237198392,0.00000378074923901,0.00000284559973807,0.00000177975414317,0.00000148550202539,0.00000118295770335,9.92314085124e-7,7.48188142552e-7,4.39565837951e-7,2.63285755864e-7,1.78431704967e-7,1.04813395296e-7],"min":[9.1031511348e-24,4.6816591251e-24,7.17418900631e-24,2.97790929087e-24,1.02552690762e-23,1.2741171737e-23,5.68065758712e-24,8.18871698411e-24,1.39628679991e-23,9.52370471629e-24,1.27835217347e-23,5.33830023729e-24,4.02218048024e-24,9.35024366956e-24,1.14139889946e-23,1.51498638478e-23,1.01931549574e-23,1.23908125766e-23,1.17420415352e-23,1.62577464139e-23,1.1477744733e-23,7.33007896523e-24,1.0809387853e-23,8.92392745916e-24,1.85633801584e-23,2.48722510716e-23,9.69256512622e-24,9.50840081473e-24,8.596207029e-24,1.03354488986e-23,1.18713926356e-23,1.11189345057e-23,7.08497278223e-24,1.00305352261e-23,9.85451274803e-24,8.16581240772e-24,8.62516374625e-24,9.62752275572e-24,8.22516235793e-24,7.01945157317e-24],"var":[0.0000280630574707,0.0000456803900306,0.00000727239421394,0.0000018553166683,3.48232589431e-7,1.74294868316e-7,6.02353793511e-8,1.54317675083e-7,7.77943185426e-8,1.59715341397e-7,3.83707430274e-8,2.25415952571e-8,3.93109722552e-8,1.40818139371e-8,6.86912038361e-9,1.10305373724e-8,9.04117047895e-9,5.58975621345e-9,3.93904064921e-9,4.23099910662e-9,1.69856106957e-9,1.16786369464e-9,1.15508969056e-9,5.27129562222e-10,3.64032054501e-10,3.5956163047e-10,2.87831036783e-10,3.27609578354e-10,2.13395690007e-10,1.39911734975e-10,9.65931987174e-11,1.06645199616e-10,1.11107872902e-10,1.12819975584e-10,1.82901582768e-10,1.47104203818e-10,1.7612099279e-10,1.63235300277e-10,1.61387639364e-10,4.42450173721e-11]},"melbands_crest":{"dmean":3.24716353416,"dmean2":5.30368852615,"dvar":9.24709892273,"dvar2":22.470916748,"max":28.7451763153,"mean":13.4669847488,"median":12.771648407,"min":1.71626639366,"var":22.8244247437},"melbands_flatness_db":{"dmean":0.0310700889677,"dmean2":0.0483337268233,"dvar":0.00112592126243,"dvar2":0.00268661603332,"max":0.623768031597,"mean":0.211633265018,"median":0.195403560996,"min":0.0052403868176,"var":0.00770940538496},"melbands_kurtosis":{"dmean":10.2499790192,"dmean2":17.1347064972,"dvar":445.950012207,"dvar2":1166.86962891,"max":350.065765381,"mean":13.2558641434,"median":6.69201564789,"min":-1.72943294048,"var":444.101287842},"melbands_skewness":{"dmean":0.947046399117,"dmean2":1.49588322639,"dvar":1.49871087074,"dvar2":3.61873865128,"max":15.5189113617,"mean":2.74248790741,"median":2.34915661812,"min":-4.06991910934,"var":2.65097808838},"melbands_spread":{"dmean":7.75183820724,"dmean2":11.7590589523,"dvar":122.917579651,"dvar2":249.054473877,"max":271.458770752,"mean":24.0931892395,"median":20.0013122559,"min":0.701779007912,"var":387.483764648},"mfcc":{"cov":[[9229.87597656,-1458.01525879,-405.600158691,549.920349121,34.9772415161,469.121337891,291.721740723,395.771575928,294.996948242,200.103179932,36.8971138,118.850189209,-16.9048404694],[-1458.01525879,1952.21142578,-358.573608398,-19.1923027039,78.250617981,-68.0083618164,-32.8040313721,5.19229507446,-70.011756897,-23.1170883179,16.5526351929,-16.6728839874,9.05512046814],[-405.600158691,-358.573608398,720.928344727,-142.932937622,42.2818450928,29.6013469696,8.95671749115,-55.9917297363,-27.8209533691,17.7428607941,2.24560213089,22.5775241852,4.39614200592],[549.920349121,-19.1923027039,-142.932937622,292.775054932,7.39047574997,72.0198669434,12.7232904434,56.4610481262,51.4066810608,13.9563217163,10.1229104996,24.38920784,9.98093223572],[34.9772415161,78.250617981,42.2818450928,7.39047574997,182.796127319,24.9709663391,18.3836765289,9.86123275757,27.2186126709,23.0456314087,9.86542510986,20.5162086487,2.95265173912],[469.121337891,-68.0083618164,29.6013469696,72.0198669434,24.9709663391,180.621627808,55.8809242249,49.0887718201,15.7747220993,36.5394172668,15.9866676331,21.8426685333,4.97400045395],[291.721740723,-32.8040313721,8.95671749115,12.7232904434,18.3836765289,55.8809242249,138.594924927,46.8555107117,14.4105892181,26.3816280365,22.0320167542,3.70410919189,13.321352005],[395.771575928,5.19229507446,-55.9917297363,56.4610481262,9.86123275757,49.0887718201,46.8555107117,113.860084534,35.5674667358,29.3076515198,13.6318464279,15.9498472214,3.65546989441],[294.996948242,-70.011756897,-27.8209533691,51.4066810608,27.2186126709,15.7747220993,14.4105892181,35.5674667358,114.879096985,29.4776382446,9.85575580597,11.8885574341,4.28298711777],[200.103179932,-23.1170883179,17.7428607941,13.9563217163,23.0456314087,36.5394172668,26.3816280365,29.3076515198,29.4776382446,95.8204498291,31.6816444397,3.88270425797,-0.721289515495],[36.8971138,16.5526351929,2.24560213089,10.1229104996,9.86542510986,15.9866676331,22.0320167542,13.6318464279,9.85575580597,31.6816444397,68.5299530029,13.2014913559,6.47483921051],[118.850189209,-16.6728839874,22.5775241852,24.38920784,20.5162086487,21.8426685333,3.70410919189,15.9498472214,11.8885574341,3.88270425797,13.2014913559,76.6921463013,17.848279953],[-16.9048404694,9.05512046814,4.39614200592,9.98093223572,2.95265173912,4.97400045395,13.321352005,3.65546989441,4.28298711777,-0.721289515495,6.47483921051,17.848279953,61.24817276]],"icov":[[0.000180384682608,0.000141986922245,0.000143331955769,-0.000113251662697,-0.0000204889729503,-0.000229788303841,-0.000150630410644,-0.000271514349151,-0.000118104166177,-0.000136693808599,0.000135522146593,-0.000151332380483,0.000142000542837],[0.000141986922245,0.00074359588325,0.000478649308207,0.0000408783271268,-0.000484530406538,-0.0000375417512259,0.0000482290452055,-0.000373901508283,0.000451162952231,-0.0000640963917249,-0.00016476282326,-0.0000153423115989,-0.0000839456406538],[0.000143331955769,0.000478649308207,0.00204383698292,0.000883056898601,-0.000549946911633,-0.000758574926294,-0.000163926088135,0.000628265901469,0.000289221556159,-0.000523649912793,0.000151453205035,-0.000793692015577,-0.0000466450001113],[-0.000113251662697,0.0000408783271268,0.000883056898601,0.00488809868693,0.0000188031026482,-0.00170768657699,0.000850239011925,-0.000797952816356,-0.00131366308779,0.000554944039322,-0.000304699846311,-0.000662461738102,-0.000573111756239],[-0.0000204889729503,-0.000484530406538,-0.000549946911633,0.0000188031026482,0.00639071315527,-0.000440143718151,-0.000618560356088,0.000590564566664,-0.00160425680224,-0.000895409786608,0.000291324424325,-0.00144931895193,0.000422523909947],[-0.000229788303841,-0.0000375417512259,-0.000758574926294,-0.00170768657699,-0.000440143718151,0.00827478151768,-0.00200915196911,-0.00129470520187,0.00126547191758,-0.00164979882538,0.000186487130122,-0.000971482601017,0.000293797405902],[-0.000150630410644,0.0000482290452055,-0.000163926088135,0.000850239011925,-0.000618560356088,-0.00200915196911,0.00993138179183,-0.00312252016738,0.000244067385211,-0.0000691215100233,-0.00220077997074,0.0018011413049,-0.00226629874669],[-0.000271514349151,-0.000373901508283,0.000628265901469,-0.000797952816356,0.000590564566664,-0.00129470520187,-0.00312252016738,0.0135922804475,-0.00219541206025,-0.00181282812264,0.000295632373309,-0.00182531948667,0.000642701983452],[-0.000118104166177,0.000451162952231,0.000289221556159,-0.00131366308779,-0.00160425680224,0.00126547191758,0.000244067385211,-0.00219541206025,0.011508689262,-0.00255862926133,0.000094338261988,-0.000408660795074,-0.000579273561016],[-0.000136693808599,-0.0000640963917249,-0.000523649912793,0.000554944039322,-0.000895409786608,-0.00164979882538,-0.0000691215100233,-0.00181282812264,-0.00255862926133,0.0148370331153,-0.00597814423963,0.00178019388113,0.000686138868332],[0.000135522146593,-0.00016476282326,0.000151453205035,-0.000304699846311,0.000291324424325,0.000186487130122,-0.00220077997074,0.000295632373309,0.000094338261988,-0.00597814423963,0.0185570158064,-0.0030417800881,-0.000619968515821],[-0.000151332380483,-0.0000153423115989,-0.000793692015577,-0.000662461738102,-0.00144931895193,-0.000971482601017,0.0018011413049,-0.00182531948667,-0.000408660795074,0.00178019388113,-0.0030417800881,0.0161815565079,-0.00435297051445],[0.000142000542837,-0.0000839456406538,-0.0000466450001113,-0.000573111756239,0.000422523909947,0.000293797405902,-0.00226629874669,0.000642701983452,-0.000579273561016,0.000686138868332,-0.000619968515821,-0.00435297051445,0.0182683151215]],"mean":[-626.842529297,134.230255127,-1.42441284657,26.2054481506,1.03253471851,11.2653074265,-0.316455990076,5.41374158859,-0.362397402525,4.13347911835,-2.11050581932,2.08344292641,-2.53677272797]},"pitch_salience":{"dmean":0.0796772837639,"dmean2":0.131696239114,"dvar":0.00603749742731,"dvar2":0.0160558484495,"max":0.881311476231,"mean":0.547678530216,"median":0.560996770859,"min":0.126619875431,"var":0.0113702276722},"silence_rate_20dB":{"dmean":0,"dmean2":0,"dvar":0,"dvar2":0,"max":1,"mean":1,"median":1,"min":1,"var":0},"silence_rate_30dB":{"dmean":0.0783467888832,"dmean2":0.156704470515,"dvar":0.0722170174122,"dvar2":0.184489518404,"max":1,"mean":0.947749257088,"median":1,"min":0,"var":0.0495217479765},"silence_rate_60dB":{"dmean":0.00361814629287,"dmean2":0.00723679643124,"dvar":0.00360424770042,"dvar2":0.00899383891374,"max":1,"mean":0.0339525490999,"median":0,"min":0,"var":0.0328011363745},"spectral_centroid":{"dmean":254.567443848,"dmean2":390.742919922,"dvar":90513.8125,"dvar2":182812.125,"max":11058.3457031,"mean":1319.9934082,"median":1249.7043457,"min":155.502655029,"var":472453.375},"spectral_complexity":{"dmean":3.67561936378,"dmean2":5.8473315239,"dvar":15.0883836746,"dvar2":32.7983970642,"max":57,"mean":24.1528568268,"median":23,"min":0,"var":127.400466919},"spectral_contrast_coeffs":{"dmean":[0.0553323850036,0.0446482561529,0.039418514818,0.0323847867548,0.0222186800092,0.0200155228376],"dmean2":[0.0919972732663,0.0731734409928,0.0638306364417,0.0531431511045,0.0358601622283,0.0315058529377],"dvar":[0.0021532215178,0.00125625892542,0.000975113478489,0.000637687626295,0.000351121998392,0.00040055293357],"dvar2":[0.0058014257811,0.00334567157552,0.00248276209459,0.00166684994474,0.000846406910568,0.000945269188378],"max":[-0.257474124432,-0.498395144939,-0.519084215164,-0.598714411259,-0.611361026764,-0.589973390102],"mean":[-0.632386207581,-0.735960423946,-0.75717741251,-0.768070399761,-0.786994636059,-0.736524164677],"median":[-0.639196634293,-0.737949252129,-0.758440375328,-0.768941283226,-0.788745760918,-0.725324809551],"min":[-0.956573545933,-0.965780258179,-0.962644577026,-0.952000081539,-0.96215313673,-0.959119975567],"var":[0.0054844240658,0.00360652431846,0.00322683667764,0.00222192425281,0.00175103207584,0.00292569608428]},"spectral_contrast_valleys":{"dmean":[0.411116719246,0.334508866072,0.314519166946,0.279968142509,0.259769231081,0.327955842018],"dmean2":[0.66909635067,0.546020567417,0.508483231068,0.445535510778,0.402318507433,0.456602394581],"dvar":[0.128993391991,0.085805349052,0.0796734914184,0.0720272660255,0.0903499498963,0.176109626889],"dvar2":[0.309090048075,0.203617930412,0.182221889496,0.157492280006,0.189649835229,0.324545711279],"max":[-4.87947893143,-4.72979354858,-5.03929328918,-5.87085771561,-5.56127643585,-7.15824365616],"mean":[-6.86166954041,-6.49288129807,-7.07368469238,-7.53381347656,-7.52706718445,-10.3875226974],"median":[-6.61299419403,-6.34272432327,-6.86862373352,-7.29659032822,-7.18449163437,-10.1234922409],"min":[-27.2105484009,-27.1427783966,-27.1457920074,-27.4809246063,-27.1951541901,-27.2260856628],"var":[1.80379104614,1.07117140293,1.28534305096,1.45537698269,1.98575413227,2.27594590187]},"spectral_decrease":{"dmean":5.06243491571e-9,"dmean2":8.21836199094e-9,"dvar":6.92722536331e-17,"dvar2":1.69724015048e-16,"max":6.05179418067e-16,"mean":-9.92853799175e-9,"median":-7.70616370716e-9,"min":-6.09990706835e-8,"var":7.43016639587e-17},"spectral_energy":{"dmean":0.0194361843169,"dmean2":0.0315273664892,"dvar":0.000998087110929,"dvar2":0.00244461698458,"max":0.234248325229,"mean":0.0399199575186,"median":0.0319595858455,"min":1.06124130274e-20,"var":0.00109179527499},"spectral_energyband_high":{"dmean":0.000654304400086,"dmean2":0.000930151261855,"dvar":0.00000249775007433,"dvar2":0.00000439204586655,"max":0.0316148251295,"mean":0.00150931521785,"median":0.000585075467825,"min":7.13975048832e-21,"var":0.00000827092117106},"spectral_energyband_low":{"dmean":0.0162116810679,"dmean2":0.0268817469478,"dvar":0.00100288004614,"dvar2":0.00251525477506,"max":0.225078672171,"mean":0.0205485764891,"median":0.0103339860216,"min":7.1440070303e-23,"var":0.000929702597205},"spectral_energyband_middle_high":{"dmean":0.00157665135339,"dmean2":0.00246236496605,"dvar":0.00000342537532561,"dvar2":0.00000807985270512,"max":0.0419508069754,"mean":0.00609638728201,"median":0.00501495646313,"min":1.86443904935e-21,"var":0.0000238684533542},"spectral_energyband_middle_low":{"dmean":0.00611447682604,"dmean2":0.010029383935,"dvar":0.000101426361653,"dvar2":0.000264390255325,"max":0.173125222325,"mean":0.0138174640015,"median":0.0116252833977,"min":2.96591505524e-22,"var":0.00012172604329},"spectral_entropy":{"dmean":0.148289725184,"dmean2":0.224650025368,"dvar":0.0290362052619,"dvar2":0.0612373426557,"max":9.80996799469,"mean":7.52410173416,"median":7.65060949326,"min":4.33753919601,"var":0.359040170908},"spectral_flux":{"dmean":0.0371277816594,"dmean2":0.0576918646693,"dvar":0.00258354237303,"dvar2":0.0050008376129,"max":0.417796701193,"mean":0.108680054545,"median":0.0906796082854,"min":1.03016567499e-10,"var":0.00474976049736},"spectral_kurtosis":{"dmean":2.53243637085,"dmean2":4.26801300049,"dvar":28.6389350891,"dvar2":83.635269165,"max":215.497711182,"mean":7.1321439743,"median":3.32632017136,"min":-1.21875667572,"var":303.091461182},"spectral_rms":{"dmean":0.00128159392625,"dmean2":0.00200826115906,"dvar":0.00000295185941468,"dvar2":0.00000678086416883,"max":0.0151173723862,"mean":0.00579672772437,"median":0.00558391306549,"min":3.21769694223e-12,"var":0.00000534431137567},"spectral_rolloff":{"dmean":585.665527344,"dmean2":950.286254883,"dvar":1370120.75,"dvar2":2660382.25,"max":19896.6796875,"mean":1679.44494629,"median":1055.12695312,"min":86.1328125,"var":4979570},"spectral_skewness":{"dmean":0.279927521944,"dmean2":0.451074838638,"dvar":0.122807107866,"dvar2":0.332453161478,"max":12.4509515762,"mean":1.60808503628,"median":1.32483434677,"min":-0.141971945763,"var":1.50981891155},"spectral_spread":{"dmean":530312.6875,"dmean2":743907.1875,"dvar":648328314880,"dvar2":929006813184,"max":40616272,"mean":4162599.75,"median":3814536.25,"min":450660.75,"var":4501486960640},"spectral_strongpeak":{"dmean":0.364732980728,"dmean2":0.638492047787,"dvar":0.370747178793,"dvar2":0.991716563702,"max":10.8590593338,"mean":0.571552753448,"median":0.398640543222,"min":8.44829373126e-10,"var":0.400465369225},"zerocrossingrate":{"dmean":0.0112647488713,"dmean2":0.0127338757738,"dvar":0.000292058219202,"dvar2":0.000272447650786,"max":0.841796875,"mean":0.0607137456536,"median":0.0478515625,"min":0.00390625,"var":0.00370033108629}},"metadata":{"audio_properties":{"analysis_sample_rate":44100,"bit_rate":320025,"codec":"mp3","downmix":"mix","equal_loudness":0,"length":333.714294434,"lossless":false,"md5_encoded":"48b81ef667c6bc4c238bc48b49c3ad05","replay_gain":-14.5660858154,"sample_rate":44100},"tags":{"album":["We Need Medicine"],"albumartist":["The Fratellis"],"artist":["The Fratellis"],"composer":["The Fratellis"],"date":["2013"],"encodedby":["exy"],"file_name":"1978035.mp3","genre":["Indie"],"musicbrainz_recordingid":["d97f25ba-5b64-4047-a27a-dcb72c6b526b"],"title":["Until She Saves My Soul"],"tracknumber":["11"]},"version":{"essentia":"2.1-beta2","essentia_build_sha":"70f2e5ece6736b2c40cc944ad0e695b16b925413","essentia_git_sha":"v2.1_beta2","extractor":"music 1.0"}},"rhythm":{"beats_count":704,"beats_loudness":{"dmean":0.02258916758,"dmean2":0.0386632569134,"dvar":0.000494301901199,"dvar2":0.00137563946191,"max":0.189723059535,"mean":0.0549151152372,"median":0.0507476702332,"min":4.06156575039e-9,"var":0.000736118818168},"beats_loudness_band_ratio":{"dmean":[0.13898845017,0.0803570300341,0.0693399235606,0.0462548546493,0.0324871838093,0.030961798504],"dmean2":[0.232275113463,0.138369858265,0.119951143861,0.0798212885857,0.056332975626,0.05340109393],"dvar":[0.0154354656115,0.00607937341556,0.00509358383715,0.00267131999135,0.0015980420867,0.00528058875352],"dvar2":[0.0418316833675,0.0167360175401,0.013691903092,0.00722148409113,0.00414336007088,0.0124644488096],"max":[0.982152819633,0.838113129139,0.62887609005,0.460057497025,0.356999397278,0.922228813171],"mean":[0.630176305771,0.139209374785,0.109037779272,0.07119615376,0.0544233694673,0.0387978255749],"median":[0.672076940536,0.109246686101,0.0789988189936,0.0501228347421,0.0334088355303,0.0146570028737],"min":[0.000271832250291,0.00538210198283,0.00590618001297,0.000981328310445,0.000255509337876,0.0000118762591228],"var":[0.0503810867667