{"lowlevel":{"average_loudness":0.75609588623,"barkbands":{"dmean":[0.000023642422093,0.00187270750757,0.00178560288623,0.00272537372075,0.000925934000406,0.002201651223,0.000610101560596,0.000245697854552,0.000923645682633,0.000161597461556,0.000177519308636,0.000150561856572,0.0000495122330904,0.0000635745891486,0.000128658750327,0.000202242474188,0.000121829369164,0.000264789705398,0.000337854260579,0.0000418261261075,0.0000236381711147,0.00000492117942485,0.00000110445216706,5.28630835106e-7,6.69550601629e-8,1.2493154955e-8,3.89386922706e-9],"dmean2":[0.0000413912421209,0.00279783923179,0.00290606869385,0.00480349361897,0.00154360267334,0.00340096675791,0.00100255582947,0.000400191551307,0.00150950369425,0.000233937855228,0.000282841530861,0.000251274497714,0.0000807647593319,0.0000986406957963,0.000200245398446,0.000331312505296,0.000196279317606,0.000437719572801,0.00055123004131,0.0000725867939764,0.0000395976421714,0.00000791842103354,0.00000183996178293,8.16156784822e-7,1.11894195243e-7,2.24469953736e-8,7.50321493825e-9],"dvar":[1.03489172787e-9,0.0000125517690321,0.00000930666828936,0.0000501357535541,0.00000178364507519,0.00000879026174516,6.24489246093e-7,2.28216023856e-7,0.00000234124081544,1.54893101012e-7,1.06227680874e-7,9.6054158405e-8,1.00432444583e-8,2.21987512816e-8,1.47762548863e-7,1.48754011775e-7,1.63303184308e-7,3.8840133243e-7,5.65147388443e-7,3.44117734308e-9,1.69052050136e-9,7.36129074363e-11,3.65326302196e-12,3.71357111728e-12,1.33803084172e-13,1.03849776543e-13,2.71367790841e-14],"dvar2":[3.0367728332e-9,0.0000319729006151,0.0000321813204209,0.000165810386534,0.00000503591309098,0.000018892580556,0.0000015980444914,5.11364419253e-7,0.00000620821128905,2.12330306226e-7,2.62040941834e-7,2.61585768158e-7,2.41366411302e-8,3.98102457666e-8,3.25128127088e-7,3.98451703632e-7,2.51917015248e-7,9.84916823654e-7,0.00000142516182677,9.99754501407e-9,4.80498840716e-9,1.83297613199e-10,9.58286141411e-12,8.77633642843e-12,4.00664771543e-13,3.11535031713e-13,8.13909689971e-14],"max":[0.000602201092988,0.0493552833796,0.0407155230641,0.110945984721,0.0273551400751,0.0566177815199,0.0123768299818,0.0233954321593,0.0286140460521,0.0379098132253,0.00956079922616,0.00780610134825,0.00229990878142,0.00537817645818,0.0152960997075,0.00808432325721,0.0434845723212,0.023700280115,0.0202086269855,0.0018752043834,0.00105683982838,0.000349123583874,0.0000521510446561,0.000136549118906,0.0000233211394516,0.0000217530396185,0.0000110976998258],"mean":[0.000061978775193,0.00534419249743,0.00555058941245,0.00673987017944,0.00209395168349,0.00489855790511,0.00112561858259,0.000534277933184,0.00181678752415,0.000413324683905,0.000350548740244,0.00029140242259,0.000103787264379,0.000134638961754,0.000298856728477,0.000438904768089,0.000308002054226,0.000638203171548,0.000873663870152,0.000108144864498,0.0000650528454571,0.0000156630176207,0.00000380332448913,0.00000171982651409,1.91815161088e-7,2.1260907701e-8,2.82550738362e-9],"median":[0.0000283884874079,0.00385053176433,0.00396095775068,0.00246820226312,0.00141443032771,0.00256057176739,0.000655516807456,0.000197873159777,0.000965665851254,0.000114493908768,0.000159141156473,0.000119287098642,0.000050519942306,0.000062717248511,0.0000953415728873,0.000214640254853,0.000157807109645,0.000270950957201,0.000499034300447,0.0000800194247859,0.0000415897957282,0.00000971331883193,0.0000022546744276,5.17689841217e-7,9.96794753405e-8,1.21296865885e-8,1.01035579902e-9],"min":[4.55208931307e-25,1.35578273673e-23,5.62747574033e-24,2.33409426814e-24,1.51689369267e-23,2.52955254344e-23,1.96230696341e-23,6.80644887357e-24,3.44614138881e-23,4.19228926255e-23,2.66466106622e-23,5.93375114455e-23,5.19822228524e-23,5.23803325522e-23,4.4744168456e-23,1.10132845734e-22,8.44707082383e-23,1.12200140933e-22,1.37752077716e-22,1.89736383162e-22,3.40482388382e-22,3.88162757081e-22,3.90481579002e-22,5.51797474694e-22,1.03009835657e-21,1.41180030497e-21,2.0909722344e-21],"var":[6.2726832617e-9,0.0000284164398181,0.0000272691268037,0.000155711779371,0.00000496674374517,0.0000352003989974,0.00000169426107277,0.00000216042371903,0.00000620847094979,0.00000134244498895,3.00153203625e-7,2.7817182513e-7,3.25520694844e-8,8.65137366191e-8,5.09292590323e-7,4.13804571053e-7,0.00000107781318093,0.00000138905102176,0.00000156062833412,1.26058932182e-8,6.25779161822e-9,3.7515948681e-10,2.31218325736e-11,2.69292036587e-11,1.7001879776e-13,5.25075995053e-14,1.35810060978e-14]},"barkbands_crest":{"dmean":1.83065640926,"dmean2":2.90575218201,"dvar":3.0100402832,"dvar2":7.97854042053,"max":21.915309906,"mean":9.84258174896,"median":9.23871612549,"min":2.61546754837,"var":12.9026269913},"barkbands_flatness_db":{"dmean":0.0140684917569,"dmean2":0.0229756906629,"dvar":0.000196165361558,"dvar2":0.000545213697478,"max":0.565509557724,"mean":0.226161330938,"median":0.212078422308,"min":0.0373940393329,"var":0.00436592334881},"barkbands_kurtosis":{"dmean":2.41642451286,"dmean2":4.02129602432,"dvar":16.2835960388,"dvar2":49.878238678,"max":86.437286377,"mean":6.29154682159,"median":3.62027621269,"min":-1.77283012867,"var":75.0135345459},"barkbands_skewness":{"dmean":0.367235422134,"dmean2":0.598914504051,"dvar":0.153417557478,"dvar2":0.450056046247,"max":8.26704311371,"mean":1.99075508118,"median":1.84493494034,"min":-2.04518198967,"var":1.41872656345},"barkbands_spread":{"dmean":3.10559511185,"dmean2":5.05387926102,"dvar":11.9110116959,"dvar2":31.8356723785,"max":69.6450958252,"mean":16.303401947,"median":14.2369861603,"min":0.939864575863,"var":102.034675598},"dissonance":{"dmean":0.016310442239,"dmean2":0.0277155768126,"dvar":0.000305235735141,"dvar2":0.000839666405227,"max":0.500000238419,"mean":0.466235905886,"median":0.473595649004,"min":0.168317452073,"var":0.000865524925757},"dynamic_complexity":1.96731162071,"erbbands":{"dmean":[0.0277922619134,0.508418679237,1.57874786854,7.35002708435,4.608273983,3.38824057579,11.6926174164,18.3009624481,12.8229188919,5.21418905258,6.18099498749,25.1267642975,8.55565547943,4.3056139946,8.92335414886,4.54705190659,2.37127137184,2.3255739212,5.00032043457,9.05827999115,8.01084136963,7.02761602402,14.3498125076,10.5894355774,17.453918457,1.40327274799,1.46986961365,1.06341147423,0.183710932732,0.0681498348713,0.0234032869339,0.0080774044618,0.0110971787944,0.00134084967431,0.000265122420387,0.0000735098219593,0.0000209112513403,0.00000517133184985,0.00000367610186913,0.00000749686341805],"dmean2":[0.043355576694,0.757325589657,2.47335195541,12.983130455,7.78917455673,5.57880353928,18.9489974976,27.6967124939,20.3204536438,8.82101631165,10.2431516647,41.3006782532,13.0793619156,6.60641288757,14.3653640747,7.41194343567,3.80446338654,3.82269883156,7.52534389496,14.4865608215,12.8468732834,11.1849880219,23.6101322174,17.1398353577,28.3886833191,2.33718371391,2.53881120682,1.74911892414,0.2953171134,0.111610114574,0.0388354957104,0.0133069260046,0.0169092286378,0.00217962870374,0.000448185164714,0.000128682426293,0.0000377786855097,0.0000096708026831,0.0000062469553086,0.0000124557118397],"dvar":[0.00277332752012,0.908523917198,5.81069374084,350.171081543,74.0641784668,29.6722927094,312.180877686,736.444946289,260.146697998,71.0756149292,116.644233704,1824.78259277,228.932098389,90.4225692749,343.387023926,102.790855408,21.9738025665,11.4487743378,157.331848145,800.850036621,252.132614136,688.425720215,1102.02380371,550.509338379,1630.12231445,4.68256044388,5.42783594131,4.62440729141,0.114749059081,0.0142651116475,0.00173530098982,0.000376105221221,0.00197230372578,0.000023182703444,0.0000059192379922,0.00000169051043031,3.45877396057e-7,4.44336407668e-8,1.17716136838e-9,1.28396973609e-10],"dvar2":[0.00876576825976,2.25393247604,17.7177391052,1223.12084961,226.930847168,74.9734039307,730.272216797,1533.40979004,629.301574707,190.431304932,285.59475708,4799.47363281,497.889251709,158.759857178,900.459899902,275.230102539,51.7113342285,26.9068984985,310.081207275,1793.23779297,639.737487793,1040.82507324,2761.24389648,1406.90783691,4089.92114258,11.9612483978,15.9011621475,13.0014181137,0.294473677874,0.0352471396327,0.00447711953893,0.00102470396087,0.00459005590528,0.0000665556726744,0.0000180915594683,0.00000507952108819,0.00000103742672763,1.33270177116e-7,3.53106388573e-9,4.12280820594e-10],"max":[0.708697915077,13.8269033432,32.8207588196,258.27734375,165.054367065,140.643569946,364.896636963,611.45513916,350.365447998,244.218215942,467.207458496,859.235290527,870.098693848,501.580566406,540.851867676,273.603881836,122.61605072,84.7940063477,358.544891357,1275.70727539,438.936248779,2862.83227539,1210.72351074,767.987365723,962.025939941,54.1941299438,45.1501922607,58.8588447571,15.1289653778,4.47455835342,1.43776512146,1.00681638718,3.15726327896,0.269626587629,0.163345754147,0.0879108011723,0.0396986268461,0.0142121892422,0.00231052795425,0.000167445061379],"mean":[0.0859157517552,1.40374028683,5.29485988617,18.8049430847,10.8439817429,7.47977542877,22.5296001434,40.5285224915,24.8448925018,11.0168733597,13.7888631821,45.7224464417,22.0453491211,11.5815620422,18.221113205,9.70961093903,5.59316015244,5.51370334625,11.5624961853,22.1096420288,19.3984222412,20.677312851,36.3429832458,30.2865962982,41.1445388794,5.03844833374,3.72654700279,2.58901715279,0.650634109974,0.249815285206,0.0877455323935,0.0318101271987,0.0316091701388,0.00431153969839,0.000794651859906,0.000180387796718,0.0000416283073719,0.0000083366949184,0.0000166929094121,0.0000368058499589],"median":[0.0531506575644,0.98877620697,4.04610872269,8.63910770416,5.45744228363,4.30243110657,10.5304498672,20.0836391449,16.2597408295,5.76046085358,6.61357164383,21.4894771576,11.9930086136,5.30846500397,7.76368904114,4.46476364136,2.68445944786,3.46160936356,4.70953941345,9.23968982697,9.31233215332,10.7857961655,16.6141777039,15.067158699,23.3419647217,3.81181669235,2.59355401993,1.41581249237,0.426986634731,0.155678078532,0.0511435754597,0.0160105191171,0.00706800073385,0.00201213615946,0.000443539174739,0.000118491923786,0.0000275503061857,0.00000516698992215,0.0000150274527186,0.0000333518000843],"min":[4.752810466e-22,1.61626002593e-21,6.41484744656e-21,1.23749281176e-20,4.64784902128e-20,5.24670031979e-20,1.13584835725e-19,2.63224897539e-19,2.51460321277e-19,3.38267834234e-19,4.69218357567e-19,6.75027149524e-19,6.61645073273e-19,1.79830636812e-18,1.18211337024e-18,2.60391245594e-18,2.4223667842e-18,3.92824516025e-18,2.9490461219e-18,4.41969797758e-18,5.80536819227e-18,6.27322402827e-18,6.18893515103e-18,7.60220838275e-18,9.08038013738e-18,9.7625286916e-18,1.07670311849e-17,1.3280501367e-17,1.26957392679e-17,1.30051288052e-17,1.11322794018e-17,1.16820170195e-17,8.49156485323e-18,1.01208815309e-17,7.81247273138e-18,4.23621897796e-18,2.64768437241e-18,1.12802930327e-18,2.8502663845e-19,2.89971556463e-20],"var":[0.00773342326283,2.0924243927,19.1791286469,823.188415527,249.600112915,104.634078979,1186.86462402,2836.28491211,698.023925781,276.475250244,880.151306152,4431.22167969,1311.17297363,577.264282227,977.623352051,273.735626221,82.8796691895,44.7312774658,570.387695313,2400.03759766,907.627380371,4761.01708984,3906.80444336,2132.96191406,3814.53540039,22.7386722565,15.1135797501,14.2447633743,0.634386003017,0.0995660498738,0.0128272222355,0.0029155772645,0.0132775427774,0.0000697122886777,0.00000397399162466,8.76413992046e-7,1.74488107518e-7,2.2285131962e-8,6.5975036545e-10,4.2875100692e-10]},"erbbands_crest":{"dmean":2.30179834366,"dmean2":3.70652675629,"dvar":4.22894525528,"dvar2":10.8947305679,"max":26.899848938,"mean":9.53097629547,"median":8.70245933533,"min":2.84913468361,"var":14.2886657715},"erbbands_flatness_db":{"dmean":0.00998702459037,"dmean2":0.0157965123653,"dvar":0.0000763366188039,"dvar2":0.000188824211364,"max":0.455253481865,"mean":0.231221228838,"median":0.224274128675,"min":0.0386677645147,"var":0.00151069264393},"erbbands_kurtosis":{"dmean":0.654823541641,"dmean2":1.05656075478,"dvar":1.36366844177,"dvar2":3.14580225945,"max":69.690284729,"mean":-0.156930029392,"median":-0.783558905125,"min":-1.8894494772,"var":7.27452659607},"erbbands_skewness":{"dmean":0.308971405029,"dmean2":0.493840754032,"dvar":0.0704170763493,"dvar2":0.174854293466,"max":6.27911710739,"mean":0.321089148521,"median":0.329566419125,"min":-2.95205545425,"var":0.672957420349},"erbbands_spread":{"dmean":5.76285266876,"dmean2":9.36075687408,"dvar":28.1679115295,"dvar2":75.4197463989,"max":108.823394775,"mean":42.2198104858,"median":40.7787857056,"min":1.37362074852,"var":273.256774902},"gfcc":{"cov":[[6517.97607422,-934.383850098,-2252.06982422,845.951049805,-636.991577148,60.8169746399,16.3112430573,99.2488174438,-6.70276784897,-187.624053955,-46.1158218384,-65.5179290771,85.4195632935],[-934.383850098,703.698242188,439.075958252,-361.024505615,250.233779907,-135.204818726,24.5059776306,-24.213968277,35.9254341125,33.7894554138,3.19169020653,0.530732393265,-16.9897289276],[-2252.06982422,439.075958252,1203.32189941,-206.766082764,212.227294922,45.854801178,-31.5513706207,-78.2190246582,-25.588306427,46.7740859985,36.3535041809,5.23064136505,-40.1460533142],[845.951049805,-361.024505615,-206.766082764,439.074920654,-63.8805503845,83.4206390381,20.6558628082,-20.5280723572,-21.2341880798,-35.023059845,15.864402771,-29.4506263733,-0.135145321488],[-636.991577148,250.233779907,212.227294922,-63.8805503845,313.602600098,-45.0508079529,20.2809524536,-10.5115652084,-15.1299152374,10.8792772293,-1.57478570938,-28.4428901672,-53.1524391174],[60.8169746399,-135.204818726,45.854801178,83.4206390381,-45.0508079529,147.457855225,21.2381515503,-15.9376211166,-18.6596374512,-16.345790863,4.94921636581,0.922136008739,8.1386384964],[16.3112430573,24.5059776306,-31.5513706207,20.6558628082,20.2809524536,21.2381515503,89.726524353,19.7587852478,11.0702619553,-5.13710546494,-6.55051469803,-2.10351490974,0.0957911908627],[99.2488174438,-24.213968277,-78.2190246582,-20.5280723572,-10.5115652084,-15.9376211166,19.7587852478,79.9841156006,30.59897995,1.94674551487,-7.47081279755,-9.62839126587,-2.92928433418],[-6.70276784897,35.9254341125,-25.588306427,-21.2341880798,-15.1299152374,-18.6596374512,11.0702619553,30.59897995,79.5183334351,18.558259964,-10.4424695969,0.472784757614,3.60034132004],[-187.624053955,33.7894554138,46.7740859985,-35.023059845,10.8792772293,-16.345790863,-5.13710546494,1.94674551487,18.558259964,59.459651947,20.6517391205,12.4974651337,2.30995512009],[-46.1158218384,3.19169020653,36.3535041809,15.864402771,-1.57478570938,4.94921636581,-6.55051469803,-7.47081279755,-10.4424695969,20.6517391205,62.6590919495,18.4074211121,7.30170917511],[-65.5179290771,0.530732393265,5.23064136505,-29.4506263733,-28.4428901672,0.922136008739,-2.10351490974,-9.62839126587,0.472784757614,12.4974651337,18.4074211121,56.0561180115,25.1386203766],[85.4195632935,-16.9897289276,-40.1460533142,-0.135145321488,-53.1524391174,8.1386384964,0.0957911908627,-2.92928433418,3.60034132004,2.30995512009,7.30170917511,25.1386203766,59.0455055237]],"icov":[[0.00139756465796,-0.00320364511572,0.00280749285594,-0.003381712595,0.00253726518713,-0.00212194141932,0.00263721961528,-0.00225798762403,0.00200783694163,0.000391914451029,0.000796271953732,-0.000292972952593,0.00130620505661],[-0.00320364511572,0.0142223993316,-0.0078000407666,0.0122792497277,-0.00889544561505,0.00929974392056,-0.0103670125827,0.0101477066055,-0.00880685914308,0.00206137821078,-0.00511082261801,0.00392674934119,-0.00590096274391],[0.00280749285594,-0.0078000407666,0.00716123636812,-0.0069931303151,0.00494833569974,-0.0061884126626,0.00657749688253,-0.00443513924256,0.00459090340883,-0.000265493348707,0.00157841376495,-0.000993724097498,0.00358223030344],[-0.003381712595,0.0122792497277,-0.0069931303151,0.0145468981937,-0.00790724437684,0.00638457527384,-0.00976575165987,0.0103251142427,-0.0079614687711,0.0021725720726,-0.0062784194015,0.00534167233855,-0.00486335298046],[0.00253726518713,-0.00889544561505,0.00494833569974,-0.00790724437684,0.0109113454819,-0.0039262524806,0.00450442265719,-0.00559208495542,0.00672878837213,-0.00120126130059,0.00270519242622,-0.000429719075328,0.00668009929359],[-0.00212194141932,0.00929974392056,-0.0061884126626,0.00638457527384,-0.0039262524806,0.0156023176387,-0.00975052639842,0.00737464800477,-0.00411221664399,0.00265856343322,-0.00331945740618,0.00244681653567,-0.00423512002453],[0.00263721961528,-0.0103670125827,0.00657749688253,-0.00976575165987,0.00450442265719,-0.00975052639842,0.0213729348034,-0.0108744241297,0.00477245356888,-0.000387748063076,0.00471026264131,-0.00421462208033,0.00341234006919],[-0.00225798762403,0.0101477066055,-0.00443513924256,0.0103251142427,-0.00559208495542,0.00737464800477,-0.0108744241297,0.0248262733221,-0.0119796283543,0.00232056435198,-0.0055143609643,0.00682627921924,-0.00319128669798],[0.00200783694163,-0.00880685914308,0.00459090340883,-0.0079614687711,0.00672878837213,-0.00411221664399,0.00477245356888,-0.0119796283543,0.0231097619981,-0.00796117633581,0.00782141741365,-0.00283449864946,0.00282831117511],[0.000391914451029,0.00206137821078,-0.000265493348707,0.0021725720726,-0.00120126130059,0.00265856343322,-0.000387748063076,0.00232056435198,-0.00796117633581,0.0252170246094,-0.00954201351851,-0.00089743983699,-0.00042045454029],[0.000796271953732,-0.00511082261801,0.00157841376495,-0.0062784194015,0.00270519242622,-0.00331945740618,0.00471026264131,-0.0055143609643,0.00782141741365,-0.00954201351851,0.0243958141655,-0.00844185147434,0.0015214739833],[-0.000292972952593,0.00392674934119,-0.000993724097498,0.00534167233855,-0.000429719075328,0.00244681653567,-0.00421462208033,0.00682627921924,-0.00283449864946,-0.00089743983699,-0.00844185147434,0.0288232453167,-0.010507915169],[0.00130620505661,-0.00590096274391,0.00358223030344,-0.00486335298046,0.00668009929359,-0.00423512002453,0.00341234006919,-0.00319128669798,0.00282831117511,-0.00042045454029,0.0015214739833,-0.010507915169,0.0263358578086]],"mean":[-58.6679916382,180.607833862,-145.478622437,57.4584999084,-38.2228050232,-25.3139362335,-13.3804550171,-2.00319933891,-10.0571985245,-17.0892505646,-1.60938119888,-12.5166425705,1.04384827614]},"hfc":{"dmean":2.72685408592,"dmean2":4.35942459106,"dvar":15.1378364563,"dvar2":37.0386543274,"max":178.965057373,"mean":15.7250881195,"median":13.1545162201,"min":1.09950177127e-16,"var":124.273880005},"melbands":{"dmean":[0.000390390312532,0.000755668326747,0.00108802958857,0.000232450620388,0.000329596048687,0.000407502870075,0.00017426465638,0.000054209267546,0.0000580112755415,0.000161436226335,0.0000407357692893,0.000018701000954,0.0000254862989095,0.000019358300051,0.00000891616127774,0.00000527430756847,0.00000423640040026,0.00000808070944913,0.0000101784362414,0.0000179038524948,0.00000765284494264,0.00000660905789118,0.0000140105184983,0.0000142375074574,0.00000852892662806,0.0000195161428564,0.00000327541988554,7.53079632432e-7,0.00000146529123413,5.6837137663e-7,5.53834922812e-7,1.19840706247e-7,8.29156832083e-8,3.63970542594e-8,1.80647461434e-8,7.03076352693e-9,5.09347009015e-9,1.25608643486e-8,1.38240230374e-9,1.17177545444e-9],"dmean2":[0.00058705243282,0.00117165094707,0.00190750916954,0.000385524414014,0.00053516891785,0.000619305239525,0.000275815458735,0.0000905443521333,0.0000978089883574,0.000263577821897,0.0000619451020611,0.0000284434681816,0.0000409599633713,0.0000317640588037,0.0000143573170135,0.00000863913464855,0.00000705352431396,0.0000122246729006,0.0000156204368977,0.0000294552337436,0.0000121565271911,0.0000103893671621,0.0000235968400375,0.0000234118579101,0.0000138043269544,0.0000320828439726,0.00000539185930393,0.0000012833082792,0.00000254292444879,9.42005385696e-7,9.09979121388e-7,1.93855740349e-7,1.34790766992e-7,6.12449895243e-8,2.99945313031e-8,1.18787086834e-8,8.3713684873e-9,1.9101209503e-8,2.33643615566e-9,1.94493066097e-9],"dvar":[5.39169434433e-7,0.00000146570073412,0.00000710035328666,1.31887176735e-7,2.29241422289e-7,3.28593586119e-7,4.81862620916e-8,8.48274783749e-9,8.49467696185e-9,7.87176759331e-8,5.87172266364e-9,1.92276750077e-9,2.48709830508e-9,1.41293765576e-9,5.39599809279e-10,1.15222525965e-10,3.9208972874e-11,5.63985746993e-10,8.72717120792e-10,1.57238000398e-9,2.58303156642e-10,1.29063548737e-9,5.10237019302e-10,1.90612081674e-9,3.5386407693e-10,2.10767914233e-9,2.84139222567e-11,1.10703785548e-12,5.74480003498e-12,1.24851344541e-12,1.1777046352e-12,4.4219832738e-14,3.01757689745e-14,3.78817782671e-15,1.09755882327e-15,1.75924388866e-16,1.8706432796e-16,2.67183731838e-15,1.77763181589e-17,1.83697673089e-17],"dvar2":[0.00000149303434682,0.00000398064639739,0.0000241964771703,3.68777421045e-7,5.46218814179e-7,6.87903252583e-7,1.15640261811e-7,2.13101287727e-8,2.23561045232e-8,2.06677469805e-7,1.23972476729e-8,3.14907899757e-9,6.38672403852e-9,3.8486152043e-9,1.38655942283e-9,2.88927909375e-10,9.37067923257e-11,1.06963771174e-9,1.8539613178e-9,3.9848981892e-9,6.30379748401e-10,1.87163062826e-9,1.33823963022e-9,4.90702189992e-9,8.82700967875e-10,5.35718314154e-9,7.16749506968e-11,3.08461307712e-12,1.68384958754e-11,3.46834908883e-12,3.31494402241e-12,1.13734149594e-13,7.14431565665e-14,1.01640430013e-14,2.84026473774e-15,4.95770131033e-16,4.9223000977e-16,6.19334524461e-15,5.3107020264e-17,5.23273694495e-17],"max":[0.00990663841367,0.0168875847012,0.0385396964848,0.00796595588326,0.00949921179563,0.0130771948025,0.00503144320101,0.00291832350194,0.00313485530205,0.00569747341797,0.00492706988007,0.00290812249295,0.00143645924982,0.00104579993058,0.000951226858888,0.000310179864755,0.000193657600903,0.000727559963707,0.00102030788548,0.00133587373421,0.000526291725691,0.00404627295211,0.000676675874274,0.00183128239587,0.000626580149401,0.00106388353743,0.000126330603962,0.0000214690971916,0.000046628061682,0.0000306571819237,0.0000353910618287,0.00000867316884978,0.00000766585526435,0.00000136707899401,0.00000117157185286,4.35096950469e-7,8.34737363675e-7,0.00000367187021766,2.51278493124e-7,2.22096119273e-7],"mean":[0.0011044961866,0.00263261632062,0.00295166368596,0.000548411277123,0.000662206381094,0.000924376712646,0.000344254425727,0.000114450762339,0.000116088966024,0.000299921899568,0.000102892925497,0.0000471531020594,0.0000518093875144,0.0000401901343139,0.0000169855247805,0.0000112472589535,0.00000901908970263,0.0000164887660503,0.0000244276707235,0.0000365324922313,0.0000172683430719,0.0000181598479685,0.0000312684533128,0.0000323303866026,0.000020060040697,0.000043344196456,0.00000863463537826,0.00000209295717468,0.00000304694162878,0.00000139133771881,0.0000013505394918,3.4579630892e-7,2.26898308142e-7,1.08058827664e-7,5.64747075771e-8,2.23234888352e-8,1.71981771047e-8,3.33484457826e-8,3.63372820722e-9,2.95066371336e-9],"median":[0.000785833690315,0.00206887209788,0.00142127135769,0.000310664996505,0.000340625119861,0.000498073757626,0.000220854533836,0.0000503559313074,0.0000539133870916,0.000142124554259,0.0000501731665281,0.0000167517773662,0.0000238971333602,0.0000171409938048,0.0000055144723774,0.00000555484712095,0.00000536974130227,0.00000606815910942,0.00000765530148783,0.0000165031578945,0.00000807150627224,0.00000674240254739,0.0000200939448405,0.00000941204689298,0.00000986233771982,0.0000239455221163,0.0000057378706515,0.00000152495260863,0.00000199351529773,7.49329785776e-7,7.53664437525e-7,2.18081638081e-7,1.23184619838e-7,6.29325072055e-8,3.06868415123e-8,1.30561126355e-8,6.87518264542e-9,5.35728972295e-9,2.17430562444e-9,1.26479626772e-9],"min":[5.32805096198e-24,4.07097547153e-24,2.6702089672e-24,3.23099776016e-24,4.05091986631e-24,6.60085988875e-24,4.00157819441e-24,3.45438798294e-24,4.46003969783e-24,4.04450800487e-24,3.00833605042e-24,8.26988603809e-24,3.82238015675e-24,5.43678833802e-24,5.57871112018e-24,5.77892993438e-24,7.57574445062e-24,3.36841752706e-24,3.7305583251e-24,7.03217432185e-24,5.72891930844e-24,6.20780520956e-24,6.51780861265e-24,4.45141389827e-24,6.12944410597e-24,5.6830691349e-24,6.20296120917e-24,5.34818781988e-24,5.67610388754e-24,7.01757487307e-24,7.17445800788e-24,6.14511916659e-24,8.25885145174e-24,6.11696827076e-24,5.55324669016e-24,6.47364384044e-24,6.54433800489e-24,5.81581785917e-24,6.11505883293e-24,8.08863498992e-24],"var":[0.0000012093304349,0.0000044681255531,0.0000192435163626,4.88989655878e-7,8.57750990235e-7,0.00000129167892737,1.3737829363e-7,5.08863031712e-8,4.58780284873e-8,1.95723771412e-7,3.55865488189e-8,1.34307613919e-8,6.89931534126e-9,4.42605285755e-9,1.70188119153e-9,3.94332039244e-10,1.38403843941e-10,1.93620297573e-9,3.44365536087e-9,4.20456869321e-9,8.59114890339e-10,9.01367780415e-9,1.38837963348e-9,6.06401462377e-9,1.0594723987e-9,4.56029880525e-9,9.92912349562e-11,4.16473106002e-12,1.21999936195e-11,3.93089553963e-12,3.8652965377e-12,1.78377400199e-13,1.4489582765e-13,1.84699481322e-14,6.3765686355e-15,8.5004197886e-16,1.34690128838e-15,1.76696951206e-14,3.09660687137e-17,4.47539287541e-17]},"melbands_crest":{"dmean":2.30164957047,"dmean2":3.72401094437,"dvar":5.12429332733,"dvar2":15.0025920868,"max":32.2290420532,"mean":14.3623218536,"median":13.9209690094,"min":1.59136509895,"var":22.2554740906},"melbands_flatness_db":{"dmean":0.0152932917699,"dmean2":0.0242029726505,"dvar":0.000249529693974,"dvar2":0.000669812085107,"max":0.733741819859,"mean":0.294359922409,"median":0.277889251709,"min":0.00347906560637,"var":0.00845174770802},"melbands_kurtosis":{"dmean":6.17577648163,"dmean2":10.3196125031,"dvar":116.711921692,"dvar2":366.326873779,"max":237.109359741,"mean":19.2705745697,"median":11.774810791,"min":-1.75572049618,"var":558.32598877},"melbands_skewness":{"dmean":0.534340679646,"dmean2":0.874118149281,"dvar":0.34920501709,"dvar2":1.03900873661,"max":12.4100675583,"mean":3.23056554794,"median":2.79785346985,"min":-0.601384520531,"var":3.19079375267},"melbands_spread":{"dmean":3.38781070709,"dmean2":5.49925994873,"dvar":20.2773418427,"dvar2":51.43359375,"max":150.779998779,"mean":16.1065731049,"median":12.25440979,"min":0.816264867783,"var":182.902633667},"mfcc":{"cov":[[4781.63037109,-752.994262695,-1703.59924316,401.046722412,-597.24987793,-37.4449195862,-137.425048828,180.4009552,18.6999835968,37.7215614319,-51.3798675537,-88.202293396,-136.723327637],[-752.994262695,727.349731445,106.115905762,-146.848052979,124.825263977,-108.197471619,-4.41840076447,-43.5021743774,39.2832717896,8.98513221741,40.8339920044,-16.3430347443,42.6040267944],[-1703.59924316,106.115905762,990.389587402,-107.423744202,187.16178894,109.559783936,47.6032829285,-57.5362625122,-41.775226593,-37.7533073425,-12.3046865463,50.1851844788,46.3404693604],[401.046722412,-146.848052979,-107.423744202,243.062210083,10.1823644638,40.8734855652,26.8363418579,14.0887861252,-5.17596101761,13.0867395401,1.84492540359,14.0082426071,-15.293170929],[-597.24987793,124.825263977,187.16178894,10.1823644638,227.321456909,25.4768276215,61.6019592285,-24.691942215,-15.2052221298,-6.69514513016,10.010928154,27.5021324158,13.1453294754],[-37.4449195862,-108.197471619,109.559783936,40.8734855652,25.4768276215,139.050109863,43.2280540466,10.6260919571,-11.550031662,-21.8244495392,-11.710893631,9.52151870728,2.58700633049],[-137.425048828,-4.41840076447,47.6032829285,26.8363418579,61.6019592285,43.2280540466,113.923934937,10.1090602875,-14.4058818817,-8.9248380661,-11.4392700195,16.234003067,3.01681804657],[180.4009552,-43.5021743774,-57.5362625122,14.0887861252,-24.691942215,10.6260919571,10.1090602875,79.0073547363,19.362985611,10.3236732483,3.68600535393,-8.83126449585,-8.35067462921],[18.6999835968,39.2832717896,-41.775226593,-5.17596101761,-15.2052221298,-11.550031662,-14.4058818817,19.362985611,70.3431549072,24.6380901337,8.81156635284,-9.39517307281,-2.79201078415],[37.7215614319,8.98513221741,-37.7533073425,13.0867395401,-6.69514513016,-21.8244495392,-8.9248380661,10.3236732483,24.6380901337,67.0963287354,23.2122612,-4.36167383194,-7.62844419479],[-51.3798675537,40.8339920044,-12.3046865463,1.84492540359,10.010928154,-11.710893631,-11.4392700195,3.68600535393,8.81156635284,23.2122612,57.889125824,11.0459527969,0.155269503593],[-88.202293396,-16.3430347443,50.1851844788,14.0082426071,27.5021324158,9.52151870728,16.234003067,-8.83126449585,-9.39517307281,-4.36167383194,11.0459527969,56.9703865051,11.6546993256],[-136.723327637,42.6040267944,46.3404693604,-15.293170929,13.1453294754,2.58700633049,3.01681804657,-8.35067462921,-2.79201078415,-7.62844419479,0.155269503593,11.6546993256,55.7728004456]],"icov":[[0.00113304529805,0.000175527602551,0.00160239927936,-0.000918724748772,0.00139636022504,-0.000819745589979,0.000835708458908,-0.000970801687799,0.000958707998507,-0.000120537268231,0.00106940977275,-0.000511330959853,0.000713914458174],[0.000175527602551,0.00245687318966,0.000152171473019,0.000801153073553,-0.00113649992272,0.0016996661434,-0.000514660321642,0.000770296785049,-0.00147729099263,0.000792204053141,-0.00156874011736,0.00156519468874,-0.00130933662876],[0.00160239927936,0.000152171473019,0.00382703915238,-0.000410646724049,0.000933083414566,-0.00260592671111,0.00160747091286,-0.000870753778145,0.00180219777394,-0.000511311809532,0.00206217728555,-0.00160878594033,0.000553878489882],[-0.000918724748772,0.000801153073553,-0.000410646724049,0.00632694456726,-0.00224806414917,-0.000750585808419,-0.00115283217747,0.000934709736612,-0.000596105994191,-0.00132361927535,-0.000964996288531,-0.000697902578395,-0.0000834815218695],[0.00139636022504,-0.00113649992272,0.000933083414566,-0.00224806414917,0.00901114474982,-0.0013323398307,-0.00210708333179,0.0000390297136619,0.00176150572952,-0.000192733845324,0.000255567254499,-0.00202290248126,0.00144110352267],[-0.000819745589979,0.0016996661434,-0.00260592671111,-0.000750585808419,-0.0013323398307,0.0121903726831,-0.00397924380377,-0.000284323090455,-0.00219949078746,0.00375467841513,-0.00207987916656,0.00201665330678,-0.0014394344762],[0.000835708458908,-0.000514660321642,0.00160747091286,-0.00115283217747,-0.00210708333179,-0.00397924380377,0.0135729890317,-0.003774960991,0.00307875778526,-0.0012542095501,0.00465001398697,-0.00342210265808,0.000856650236528],[-0.000970801687799,0.000770296785049,-0.000870753778145,0.000934709736612,0.0000390297136619,-0.000284323090455,-0.003774960991,0.0167766883969,-0.00521595496684,-0.000242992231506,-0.00312407175079,0.00271182740107,-0.000120717748359],[0.000958707998507,-0.00147729099263,0.00180219777394,-0.000596105994191,0.00176150572952,-0.00219949078746,0.00307875778526,-0.00521595496684,0.0199009329081,-0.00652313278988,0.00213306676596,-0.000328246183926,0.000723859120626],[-0.000120537268231,0.000792204053141,-0.000511311809532,-0.00132361927535,-0.000192733845324,0.00375467841513,-0.0012542095501,-0.000242992231506,-0.00652313278988,0.0214630588889,-0.00827178172767,0.00253440113738,0.00116650515702],[0.00106940977275,-0.00156874011736,0.00206217728555,-0.000964996288531,0.000255567254499,-0.00207987916656,0.00465001398697,-0.00312407175079,0.00213306676596,-0.00827178172767,0.0248494595289,-0.00738740945235,0.00160879443865],[-0.000511330959853,0.00156519468874,-0.00160878594033,-0.000697902578395,-0.00202290248126,0.00201665330678,-0.00342210265808,0.00271182740107,-0.000328246183926,0.00253440113738,-0.00738740945235,0.0234024487436,-0.00486896885559],[0.000713914458174,-0.00130933662876,0.000553878489882,-0.0000834815218695,0.00144110352267,-0.0014394344762,0.000856650236528,-0.000120717748359,0.000723859120626,0.00116650515702,0.00160879443865,-0.00486896885559,0.021068546921]],"mean":[-683.456481934,183.153869629,-29.2644004822,70.1725234985,-2.8969142437,-3.44732809067,0.848487973213,8.32926750183,-1.14602947235,0.406235903502,-2.50745511055,-4.58788728714,-1.10462915897]},"pitch_salience":{"dmean":0.0532047860324,"dmean2":0.0883343070745,"dvar":0.00220665079542,"dvar2":0.00648987432942,"max":0.881064891815,"mean":0.524266421795,"median":0.524518609047,"min":0.206529766321,"var":0.00752610294148},"silence_rate_20dB":{"dmean":0,"dmean2":0,"dvar":0,"dvar2":0,"max":1,"mean":1,"median":1,"min":1,"var":0},"silence_rate_30dB":{"dmean":0.00485329795629,"dmean2":0.00970766693354,"dvar":0.00482959207147,"dvar2":0.0131429042667,"max":1,"mean":0.994926631451,"median":1,"min":0,"var":0.00504780746996},"silence_rate_60dB":{"dmean":0.00154423119966,"dmean2":0.00308880303055,"dvar":0.00154231709894,"dvar2":0.00352051551454,"max":1,"mean":0.00992610584944,"median":0,"min":0,"var":0.00982823316008},"spectral_centroid":{"dmean":181.858566284,"dmean2":297.962341309,"dvar":39662.7265625,"dvar2":100704.515625,"max":11338.5322266,"mean":1185.14453125,"median":1074.03662109,"min":161.396759033,"var":485104.84375},"spectral_complexity":{"dmean":2.37149786949,"dmean2":3.94726967812,"dvar":3.98482227325,"dvar2":10.4938783646,"max":43,"mean":18.1677513123,"median":18,"min":0,"var":51.6195869446},"spectral_contrast_coeffs":{"dmean":[0.0409357622266,0.0480265319347,0.0353020913899,0.0255091171712,0.0188407562673,0.0136450808495],"dmean2":[0.0691336542368,0.0803790315986,0.0591496452689,0.0427659191191,0.0316898487508,0.022820783779],"dvar":[0.00112313148566,0.00137048994657,0.000762442941777,0.000402185803978,0.000211205566302,0.000114968919661],"dvar2":[0.00327655626461,0.00382545846514,0.00214565661736,0.00110430759378,0.000591612944845,0.000310225324938],"max":[-0.395585149527,-0.425641030073,-0.477046370506,-0.582710087299,-0.559305548668,-0.582435071468],"mean":[-0.632875919342,-0.69285094738,-0.738182544708,-0.776382505894,-0.739889442921,-0.685266256332],"median":[-0.6359847188,-0.698010742664,-0.742105185986,-0.782524704933,-0.740922987461,-0.674033343792],"min":[-0.967595517635,-0.975615203381,-0.981924951077,-0.991483032703,-0.98973596096,-0.96311289072],"var":[0.00458145560697,0.00561728095636,0.00490762619302,0.00258254469372,0.00200154213235,0.00267760665156]},"spectral_contrast_valleys":{"dmean":[0.319370090961,0.305999815464,0.249794229865,0.196007058024,0.134182035923,0.142443656921],"dmean2":[0.53759175539,0.519705295563,0.422488808632,0.330397218466,0.223086521029,0.233760029078],"dvar":[0.0844227671623,0.0752883628011,0.0597668290138,0.0436693653464,0.0339457206428,0.0374345332384],"dvar2":[0.20310343802,0.17602789402,0.127804130316,0.0827328488231,0.0499012209475,0.0632872879505],"max":[-5.52536296844,-5.06976509094,-5.97629117966,-6.40276241302,-6.05178546906,-9.48477554321],"mean":[-6.82289266586,-6.64484548569,-7.53242254257,-8.01538467407,-7.74988269806,-12.3973674774],"median":[-6.76297998428,-6.58544015884,-7.38199806213,-7.84320020676,-7.46554660797,-12.2123842239],"min":[-27.8189716339,-27.5906200409,-27.5436382294,-27.4929294586,-27.4272766113,-27.3819084167],"var":[0.763244569302,0.926839470863,1.00379300117,1.09840226173,1.59537744522,0.94559276104]},"spectral_decrease":{"dmean":1.74217129612e-9,"dmean2":2.90570678629e-9,"dvar":7.43426673017e-18,"dvar2":2.39275144353e-17,"max":1.36414448518e-28,"mean":-8.15675438304e-9,"median":-7.19513115754e-9,"min":-3.98781416777e-8,"var":2.35904482618e-17},"spectral_energy":{"dmean":0.00675449054688,"dmean2":0.0112496959046,"dvar":0.000108652719064,"dvar2":0.000349525711499,"max":0.153122186661,"mean":0.0322117097676,"median":0.0287029761821,"min":1.02937029223e-20,"var":0.000350162241375},"spectral_energyband_high":{"dmean":0.0000429266838182,"dmean2":0.0000728279555915,"dvar":4.33043290116e-9,"dvar2":1.24919692368e-8,"max":0.00135525793303,"mean":0.000145378740854,"median":0.00010325936455,"min":7.37276419726e-21,"var":2.12841602121e-8},"spectral_energyband_low":{"dmean":0.00444703409448,"dmean2":0.00741075631231,"dvar":0.0000850486176205,"dvar2":0.000287326402031,"max":0.117170244455,"mean":0.0156614072621,"median":0.0108597166836,"min":4.1143980834e-23,"var":0.000226834512432},"spectral_energyband_middle_high":{"dmean":0.000822969595902,"dmean2":0.00127633218654,"dvar":0.00000186879151443,"dvar2":0.00000418140371039,"max":0.0643291398883,"mean":0.00384188769385,"median":0.00238798605278,"min":1.34083897226e-21,"var":0.0000167822654475},"spectral_energyband_middle_low":{"dmean":0.00510865543038,"dmean2":0.0086025390774,"dvar":0.0000548549578525,"dvar2":0.000169901642948,"max":0.124145939946,"mean":0.0173121988773,"median":0.0142712648958,"min":2.02771874169e-22,"var":0.000181169845746},"spectral_entropy":{"dmean":0.0943357571959,"dmean2":0.153035029769,"dvar":0.00800442229956,"dvar2":0.0200172252953,"max":9.82280826569,"mean":7.0200381279,"median":7.13720417023,"min":4.14950942993,"var":0.243648037314},"spectral_flux":{"dmean":0.0138911483809,"dmean2":0.0231247320771,"dvar":0.000255430466495,"dvar2":0.000661847006995,"max":0.300621569157,"mean":0.0645700395107,"median":0.060763426125,"min":6.38909619655e-11,"var":0.000847168499604},"spectral_kurtosis":{"dmean":4.80077123642,"dmean2":8.54126262665,"dvar":82.3941497803,"dvar2":255.5599823,"max":321.743988037,"mean":11.0394868851,"median":4.18150091171,"min":-1.22308588028,"var":1074.88647461},"spectral_rms":{"dmean":0.000538966211025,"dmean2":0.000880212988704,"dvar":4.30483424907e-7,"dvar2":0.00000132664661123,"max":0.0122224176303,"mean":0.00539501244202,"median":0.00529177719727,"min":3.16901192787e-12,"var":0.0000023198110739},"spectral_rolloff":{"dmean":229.54800415,"dmean2":396.950775146,"dvar":187138.96875,"dvar2":422212.90625,"max":19164.5507813,"mean":931.771362305,"median":624.462890625,"min":107.666015625,"var":1224757.25},"spectral_skewness":{"dmean":0.382185965776,"dmean2":0.672259867191,"dvar":0.178216382861,"dvar2":0.55636626482,"max":14.989192009,"mean":1.43868553638,"median":1.03584206104,"min":-0.0375768356025,"var":3.41723656654},"spectral_spread":{"dmean":160857.96875,"dmean2":276344.25,"dvar":156259500032,"dvar2":332282626048,"max":41752756,"mean":2583037,"median":2623616.75,"min":283582.6875,"var":2082842869760},"spectral_strongpeak":{"dmean":0.412830889225,"dmean2":0.711055219173,"dvar":0.917825698853,"dvar2":2.40756392479,"max":20.9108428955,"mean":0.888906180859,"median":0.522837758064,"min":0,"var":1.67870914936},"zerocrossingrate":{"dmean":0.00453542498872,"dmean2":0.00608905311674,"dvar":0.0000541982335562,"dvar2":0.0000910919843591,"max":0.5341796875,"mean":0.0385827794671,"median":0.03515625,"min":0.00390625,"var":0.000708542589564}},"metadata":{"audio_properties":{"analysis_sample_rate":44100,"bit_rate":192024,"codec":"mp3","downmix":"mix","equal_loudness":0,"length":210.494689941,"lossless":false,"md5_encoded":"d62629432eec4610519ba006e6d8103d","replay_gain":-4.56560325623,"sample_rate":44100},"tags":{"album":["Hawkwind"],"albumartist":["Hawkwind"],"albumartistsort":["Hawkwind"],"artist":["Hawkwind"],"artistsort":["Hawkwind"],"asin":["B0000070SK"],"barcode":["724383755226"],"catalognumber":["hawks 1"],"contentgroup":["Rock"],"date":["1996"],"discnumber":["1/1"],"file_name":"02 -  Hawkwind - The Reason Is_.mp3","genre":["Rock; Psychedelic Rock; Space Rock; Progressive Rock; Instrumental"],"label":["EMI Premier"],"media":["CD"],"musicbrainz album release country":["GB"],"musicbrainz album status":["official"],"musicbrainz album type":["album"],"musicbrainz_albumartistid":["5a28f8c2-31fb-4047-ae57-c5c326989262"],"musicbrainz_albumid":["31158246-94f1-4541-8baf-560ac4a9f266"],"musicbrainz_artistid":["5a28f8c2-31fb-4047-ae57-c5c326989262"],"musicbrainz_recordingid":["d9920c42-5188-4632-82b9-1348eacf72ab"],"musicbrainz_releasegroupid":["aeed00da-1866-31ca-9d92-584f7aee8ad2"],"originaldate":["1996"],"originalyear":["1996"],"script":["Latn"],"title":["The Reason Is?"],"tracknumber":["2/11"]},"version":{"essentia":"2.1-beta2","essentia_build_sha":"2d9f1f26377add8aeb1075a9c2973f962c4f09fd","essentia_git_sha":"v2.1_beta2-1-ge3940c0","extractor":"music 1.0"}},"rhythm":{"beats_count":404,"beats_loudness":{"dmean":0.0097579928115,"dmean2":0.0166876204312,"dvar":0.000139758660225,"dvar2":0.000393394380808,"max":0.145717427135,"mean":0.0334577709436,"median":0.0299829561263,"min":0.000646322383545,"var":0.000346533342963},"beats_loudness_band_ratio":{"dmean":[0.145627364516,0.114318110049,0.0763101279736,0.0262464117259,0.