{"lowlevel":{"average_loudness":0.381742298603,"barkbands":{"dmean":[0.0000858898565639,0.003682696959,0.00152512651403,0.000854722748045,0.000992533168755,0.00149856472854,0.000616824894678,0.000317952886689,0.000697464565746,0.0002426574938,0.000328400317812,0.000391582434531,0.000366833497537,0.000634125783108,0.000212554659811,0.000174005806912,0.000171415420482,0.000236876774579,0.000259750842815,0.000231120560784,0.000116405077279,0.00010197066149,0.000134073779918,0.000128052866785,0.000121754790598,0.000103107304312,0.0000178383343155],"dmean2":[0.000127547216835,0.00575892115012,0.00265058106743,0.00141403428279,0.00160988466814,0.00263297883794,0.000939346035011,0.000465621502372,0.00104480178561,0.000370314781321,0.000515550957061,0.000606643094216,0.000583352230024,0.00106407073326,0.000355717056664,0.000282457709545,0.000282422814053,0.000394245551433,0.000407453859225,0.000361474696547,0.000178712027264,0.000155147994519,0.000207164892345,0.000204430427402,0.000195309316041,0.000172443542397,0.0000294312158076],"dvar":[3.02697067411e-8,0.000102292215161,0.0000118292982734,0.00000341194208886,0.00000709248479325,0.0000315359175147,0.00000190318496607,6.33327033484e-7,0.00000211488077184,3.34253655865e-7,5.50481274786e-7,0.00000139827284329,0.00000120602635434,0.000010459090845,2.28364328336e-7,2.84804286821e-7,1.08346036143e-7,2.33537107874e-7,3.83813159033e-7,4.23127687554e-7,2.47197760928e-7,1.14458153178e-7,1.33063664975e-7,1.008246997e-7,7.66078400716e-8,6.0882960895e-8,2.0700730019e-9],"dvar2":[6.92276458381e-8,0.00023882300593,0.0000329232061631,0.00000899015685718,0.0000176852827281,0.0000920625097933,0.00000429286683357,0.00000126725785776,0.00000435387028119,7.06290450125e-7,0.00000130839305257,0.00000313002669827,0.00000275165712083,0.000030105940823,6.37223593003e-7,7.30282522454e-7,2.9075536645e-7,6.3191589561e-7,8.6364082108e-7,8.48555202992e-7,4.83768417325e-7,2.65003990307e-7,2.87308523639e-7,2.35465009268e-7,1.88973331205e-7,1.57464782546e-7,5.22711873785e-9],"max":[0.0025008530356,0.1552914083,0.0417230948806,0.0436615906656,0.0645302087069,0.0970710068941,0.0337160825729,0.0451769083738,0.0314777009189,0.0221622288227,0.0257530156523,0.0407338179648,0.0389491952956,0.14223600924,0.0216174460948,0.0209289491177,0.00682544289157,0.00885883439332,0.0256942790002,0.0303795579821,0.0382780879736,0.0109652709216,0.0198497530073,0.0110371019691,0.00702447351068,0.00246155681089,0.000482374220155],"mean":[0.000130860600621,0.00429452583194,0.0020325165242,0.00132422207389,0.00141644396354,0.00168739410583,0.00109701429028,0.000659955316223,0.0013737588888,0.000408980005886,0.000534729508217,0.000705199956428,0.000618858262897,0.000949349312577,0.000357982498826,0.000290152995149,0.000328140886268,0.000449866231065,0.000513245060574,0.000345301930793,0.000193403000594,0.000154182213009,0.000180562710739,0.000151058047777,0.0001179024257,0.0000780625123298,0.0000135442905957],"median":[0.000022984098905,0.00107505195774,0.000642693485133,0.00046972950804,0.000595467397943,0.000431111722719,0.00035312937689,0.000166395009728,0.000338193611242,0.000156750320457,0.000174164684722,0.000162280339282,0.000197802030016,0.000184991891729,0.000129175867187,0.0000966259540292,0.000135207505082,0.000174545464688,0.0002091795468,0.00012948125368,0.0000571872878936,0.0000500717724208,0.0000590302661294,0.0000328438545694,0.0000131281940412,0.00000338430868396,2.31153165942e-7],"min":[5.16749754098e-9,1.07993232135e-8,2.98638580531e-9,5.17369569408e-9,9.90338051565e-8,2.44816487083e-8,3.87731127205e-8,2.90067148079e-9,2.31783356952e-8,1.03599466783e-8,1.74740644177e-9,6.61734489427e-9,2.22880188971e-7,7.04588254408e-9,3.44173614053e-8,6.32024850233e-8,5.05708683818e-8,2.42219719837e-8,3.70427493124e-8,1.09371596224e-8,1.17026246471e-8,5.79589087835e-9,7.89640441923e-9,8.05710786977e-9,4.95786878218e-9,4.28493418525e-9,4.87712537023e-9],"var":[5.84248383007e-8,0.000108004205686,0.000013215351828,0.00000669303244649,0.00000820582772576,0.0000220592410187,0.0000046497079893,0.000003592633675,0.00000653397773931,7.04285355368e-7,0.00000118068669508,0.00000428745261161,0.00000268782468993,0.0000155093039211,4.69065696507e-7,4.95693143421e-7,2.77789325764e-7,5.33736454145e-7,8.14929194348e-7,7.80601681072e-7,4.8048144663e-7,1.58234115588e-7,2.13429771634e-7,1.77565752324e-7,9.66994733176e-8,4.76015458162e-8,1.69563552088e-9]},"barkbands_crest":{"dmean":2.74859499931,"dmean2":4.442902565,"dvar":6.90946006775,"dvar2":16.489862442,"max":26.9427757263,"mean":9.83183670044,"median":8.56537342072,"min":2.35624647141,"var":24.3202209473},"barkbands_flatness_db":{"dmean":0.0235757511109,"dmean2":0.0365962423384,"dvar":0.000577685597818,"dvar2":0.00138784490991,"max":0.609084188938,"mean":0.12144395709,"median":0.108097203076,"min":0.022758917883,"var":0.00363251008093},"barkbands_kurtosis":{"dmean":3.9749186039,"dmean2":6.61043787003,"dvar":1286.63330078,"dvar2":3679.22045898,"max":2935.39526367,"mean":4.16045951843,"median":0.297435820103,"min":-1.94627273083,"var":1289.92053223},"barkbands_skewness":{"dmean":0.600851237774,"dmean2":0.92901468277,"dvar":0.718742966652,"dvar2":1.76469242573,"max":10.6847639084,"mean":0.787531554699,"median":0.852689743042,"min":-40.0659103394,"var":3.39411520958},"barkbands_spread":{"dmean":7.72822093964,"dmean2":12.0246963501,"dvar":83.9267807007,"dvar2":188.796005249,"max":119.467483521,"mean":28.6725482941,"median":26.5293540955,"min":0.0310446508229,"var":234.649658203},"dissonance":{"dmean":0.0162155814469,"dmean2":0.027666952461,"dvar":0.000497869215906,"dvar2":0.00139810098335,"max":0.500000059605,"mean":0.47237765789,"median":0.478781044483,"min":0.166910305619,"var":0.00065769982757},"dynamic_complexity":3.94009160995,"erbbands":{"dmean":[0.0871126130223,0.919108748436,1.86674296856,2.34691810608,1.94491612911,3.21472787857,13.0916337967,9.08277416229,7.39826631546,9.49605560303,7.50396156311,14.5529756546,10.8373775482,7.74884271622,13.6618452072,13.3019161224,15.1460752487,37.1166915894,11.8396043777,9.56431293488,11.1736555099,9.39881134033,11.7951545715,13.6139602661,11.6697120667,12.0477046967,5.55257701874,4.21933698654,3.61895251274,3.98465657234,3.81207537651,3.55276942253,1.62051975727,1.43198108673,0.71595031023,0.363822430372,0.229628145695,0.0335891097784,0.00358094135299,0.000143724086229],"dmean2":[0.138034030795,1.4698240757,3.24236822128,3.8887963295,3.1741104126,5.17306947708,23.2640857697,15.5791187286,11.3704223633,14.1181612015,11.0590867996,22.0278377533,16.114938736,12.2455263138,21.1674137115,20.6997795105,24.3938808441,61.5099754333,19.6188297272,16.0106468201,18.0567073822,15.535528183,19.4190940857,22.1331291199,17.6070575714,19.1073455811,8.38115978241,6.47203207016,5.50281953812,6.14828109741,5.90685796738,5.73928451538,2.52840518951,2.29831624031,1.15697205067,0.601266741753,0.38859462738,0.0560913383961,0.00594702875242,0.000233816710534],"dvar":[0.0584466084838,6.43237733841,20.9187202454,20.5271835327,13.5782270432,56.3349189758,3333.00683594,824.606201172,280.17980957,608.471008301,267.437103271,915.42199707,627.619018555,221.785415649,1061.10021973,1336.27001953,1238.82531738,38331.9570312,595.427124023,644.120849609,1274.02416992,325.208129883,549.644775391,661.992858887,1372.07250977,1115.7076416,530.924621582,239.403533936,165.845016479,114.579025269,112.872520447,82.7679595947,17.2627639771,11.3251314163,2.72357082367,0.729912340641,0.320957154036,0.00676696328446,0.00008353672456,1.34912198746e-7],"dvar2":[0.133942276239,15.4874238968,57.5115318298,56.2009963989,35.5339622498,125.854255676,9475.72558594,2392.84619141,613.390075684,1310.02355957,553.725402832,1905.44458008,1287.42956543,550.101379395,2380.09667969,3117.6706543,3055.15136719,109012.828125,1630.02954102,1830.17700195,3264.07104492,882.596008301,1480.09301758,1707.4420166,2828.10498047,2382.99633789,956.25567627,504.06539917,388.105621338,265.23336792,242.84286499,190.406616211,39.1274375916,27.5810565948,6.84195041656,1.88318824768,0.837672472,0.0173177495599,0.000212410304812,3.40349686212e-7],"max":[3.98642492294,35.8202819824,52.1570663452,98.9419555664,92.1612854004,260.114257812,834.670593262,586.163452148,630.071960449,627.047851562,788.863830566,830.30065918,645.423400879,435.55960083,1243.17199707,1122.42797852,776.003723145,8200.8125,529.54309082,1452.0859375,1431.49804688,447.210174561,438.359436035,538.091918945,1454.54150391,1611.1295166,1790.48327637,1008.23449707,442.808776855,257.054321289,569.624816895,416.279846191,133.51914978,87.3389892578,48.1158714294,12.0889873505,4.92168951035,0.857878863811,0.0977612733841,0.00363720487803],"mean":[0.102224461734,1.02786445618,2.39227843285,3.74754834175,3.43064594269,4.96103048325,12.2717075348,11.9677257538,13.2767591476,18.2701740265,16.7211170197,28.0982303619,21.7070217133,14.7755889893,25.3308963776,25.5602741241,27.2646865845,56.7623138428,20.2387733459,17.2987041473,19.7900543213,19.2101154327,23.4050102234,28.7946243286,21.638130188,17.2733821869,9.18287277222,6.74914503098,5.68131637573,5.62494421005,4.98248291016,4.05238723755,1.99947559834,1.46238613129,0.660901784897,0.300957411528,0.165987953544,0.0248797759414,0.00269000814296,0.000129380190629],"median":[0.0252100341022,0.229334071279,0.773296117783,1.63029420376,1.6906888485,1.90808057785,2.67506122589,3.80983114243,4.52315855026,4.95988845825,5.66870546341,8.01760673523,6.16419363022,6.99029493332,9.1012544632,8.18780136108,10.6626634598,11.1431112289,8.30927181244,6.98746395111,6.59490871429,9.01684379578,10.2840499878,11.5627565384,9.42098617554,6.99850082397,2.75366258621,2.09292602539,1.87165427208,2.07598638535,1.36886763573,0.901444911957,0.380241423845,0.175624102354,0.0682659000158,0.0243984796107,0.00462163845077,0.00053151359316,0.0000553025165573,0.0000266405277216],"min":[5.8695172811e-7,0.00000183110432772,0.00000443648514192,0.0000254990754911,0.0000734171990189,0.000293156597763,0.000342181214364,0.000411296292441,0.000413254689192,0.0004986783606,0.000313917873427,0.000569803116377,0.000474893982755,0.000453701330116,0.000992792542093,0.00507341232151,0.0102444486693,0.00408875802532,0.00114085967652,0.00176687259227,0.00382290268317,0.00316866510548,0.00540396757424,0.00508877681568,0.000920652528293,0.000529517303221,0.000535132363439,0.000336756202159,0.000244094742811,0.000335989694577,0.000238400622038,0.000211994134588,0.000121645942272,0.0000653719180264,0.0000442637028755,0.0000208260153158,0.0000123798472487,0.00000638763594907,7.16206784546e-7,9.4958743091e-8],"var":[0.0622513964772,6.46797084808,20.8209838867,34.988861084,28.7537097931,95.6067123413,2127.94091797,711.499145508,782.569580078,1695.90625,1409.10144043,2749.29589844,1776.90100098,534.588989258,3086.86206055,4021.51123047,2889.375,58197.1132812,1185.68273926,1268.19311523,2255.70336914,871.047607422,1259.94360352,1955.17016602,2458.92333984,1812.20324707,1141.00366211,428.041290283,227.708282471,162.513809204,182.767486572,134.485916138,34.2814826965,15.9472951889,3.22744321823,0.636702299118,0.239656731486,0.00530464854091,0.0000671303205309,1.13576220429e-7]},"erbbands_crest":{"dmean":2.54638934135,"dmean2":4.20174312592,"dvar":6.36115598679,"dvar2":16.4358959198,"max":35.110370636,"mean":9.98473262787,"median":7.69362640381,"min":2.38869380951,"var":48.5522155762},"erbbands_flatness_db":{"dmean":0.0238572470844,"dmean2":0.0338154770434,"dvar":0.00054142990848,"dvar2":0.00112341507338,"max":0.669510185719,"mean":0.162995383143,"median":0.152904868126,"min":0.0408534929156,"var":0.00495039252564},"erbbands_kurtosis":{"dmean":2.72455525398,"dmean2":4.5309753418,"dvar":116.985435486,"dvar2":326.765594482,"max":282.368011475,"mean":3.99935650826,"median":-0.253378897905,"min":-1.8353959322,"var":445.619171143},"erbbands_skewness":{"dmean":0.434341579676,"dmean2":0.680812180042,"dvar":0.276088982821,"dvar2":0.683572471142,"max":5.93696165085,"mean":-0.257241785526,"median":-0.0783234089613,"min":-12.1152601242,"var":1.49690270424},"erbbands_spread":{"dmean":9.41857337952,"dmean2":14.6106004715,"dvar":117.502914429,"dvar2":266.78414917,"max":150.988433838,"mean":38.1429786682,"median":34.928855896,"min":0.154366731644,"var":426.857849121},"gfcc":{"cov":[[8300.26757812,-721.862304688,523.805603027,93.1208114624,-631.366577148,-210.895858765,338.630340576,798.999389648,-39.4306526184,-241.980422974,-240.042984009,368.256713867,78.2850646973],[-721.862304688,1843.75830078,-419.444152832,7.41867303848,239.457641602,34.0269508362,104.531097412,-137.048187256,218.629577637,-112.337867737,176.052520752,-142.289871216,38.2609329224],[523.805603027,-419.444152832,1016.04699707,46.6815071106,4.96336698532,106.329360962,-28.9964923859,152.287139893,-36.2806472778,50.9329223633,-46.2208061218,72.2166213989,-51.1158905029],[93.1208114624,7.41867303848,46.6815071106,487.827026367,-78.6318359375,54.3276100159,136.634765625,103.682640076,28.3866329193,-54.3221130371,-10.1607427597,-11.0867300034,64.6713790894],[-631.366577148,239.457641602,4.96336698532,-78.6318359375,511.655853271,63.9927062988,-53.3018798828,-144.289108276,28.7747535706,81.6161575317,64.2742233276,-43.696018219,-45.6303367615],[-210.895858765,34.0269508362,106.329360962,54.3276100159,63.9927062988,227.199005127,50.4656867981,26.7217407227,24.5104961395,5.48439407349,-2.64352726936,-35.424118042,-13.9137077332],[338.630340576,104.531097412,-28.9964923859,136.634765625,-53.3018798828,50.4656867981,317.979492188,164.383056641,30.9895305634,-28.5423069,-24.6815071106,18.9557704926,9.49163627625],[798.999389648,-137.048187256,152.287139893,103.682640076,-144.289108276,26.7217407227,164.383056641,361.341949463,34.0880393982,-46.7281494141,-54.1999206543,55.8974075317,-8.08463954926],[-39.4306526184,218.629577637,-36.2806472778,28.3866329193,28.7747535706,24.5104961395,30.9895305634,34.0880393982,126.138877869,25.0258617401,28.2835216522,-12.5528917313,17.0158290863],[-241.980422974,-112.337867737,50.9329223633,-54.3221130371,81.6161575317,5.48439407349,-28.5423069,-46.7281494141,25.0258617401,146.171829224,41.1191902161,18.7002944946,0.737348735332],[-240.042984009,176.052520752,-46.2208061218,-10.1607427597,64.2742233276,-2.64352726936,-24.6815071106,-54.1999206543,28.2835216522,41.1191902161,135.214019775,14.1445035934,13.3166036606],[368.256713867,-142.289871216,72.2166213989,-11.0867300034,-43.696018219,-35.424118042,18.9557704926,55.8974075317,-12.5528917313,18.7002944946,14.1445035934,120.095695496,31.088924408],[78.2850646973,38.2609329224,-51.1158905029,64.6713790894,-45.6303367615,-13.9137077332,9.49163627625,-8.08463954926,17.0158290863,0.737348735332,13.3166036606,31.088924408,106.289024353]],"icov":[[0.000187973841093,0.0000248451633524,-0.0000614318996668,0.0000739474780858,0.0000385018502129,0.000156851208885,-0.0000670291701681,-0.000248943688348,-0.0000833371959743,0.000281089218333,0.000137935567182,-0.000359696539817,-0.0000984975486062],[0.0000248451633524,0.00134352769237,0.0000241034304054,0.000416711118305,-0.000477716443129,0.000259613996604,-0.000814984901808,0.000548372510821,-0.00217922427692,0.00218811095692,-0.00162873580121,0.00108962424565,-0.000581454019994],[-0.0000614318996668,0.0000241034304054,0.00140480464324,-0.000349673209712,-0.0000995655063889,-0.000804597279057,0.000687313324306,-0.000567251350731,0.000449743616628,-0.000742186792195,0.000385965511668,-0.000871177995577,0.000811932433862],[0.0000739474780858,0.000416711118305,-0.000349673209712,0.00303149688989,-0.0000171379815583,-0.00012685720867,-0.00125553051475,-0.000294287659926,-0.000714352121577,0.00156586384401,-0.000890138500836,0.00144565186929,-0.00235919328406],[0.0000385018502129,-0.000477716443129,-0.0000995655063889,-0.0000171379815583,0.00289478013292,-0.000710795342457,0.000124010519357,0.000768779485952,0.000176095418283,-0.00158158293925,-0.0000692877656547,-0.000240079825744,0.00136493134778],[0.000156851208885,0.000259613996604,-0.000804597279057,-0.00012685720867,-0.000710795342457,0.00578042352572,-0.00116132688709,-0.000253418838838,-0.00100209924858,0.00058122118935,-0.000345874374034,0.00198611547239,-0.000363968021702],[-0.0000670291701681,-0.000814984901808,0.000687313324306,-0.00125553051475,0.000124010519357,-0.00116132688709,0.0053858011961,-0.00227570091374,0.001122719259,-0.00155332067516,0.00137989572249,-0.00137355236802,0.000744282442611],[-0.000248943688348,0.000548372510821,-0.000567251350731,-0.000294287659926,0.000768779485952,-0.000253418838838,-0.00227570091374,0.00611210148782,-0.00320901791565,0.00182938552462,0.000406379811466,-0.00168803904671,0.00180107611232],[-0.0000833371959743,-0.00217922427692,0.000449743616628,-0.000714352121577,0.000176095418283,-0.00100209924858,0.001122719259,-0.00320901791565,0.0140754813328,-0.00577461253852,0.000446568184998,0.00112885818817,-0.00150257535279],[0.000281089218333,0.00218811095692,-0.000742186792195,0.00156586384401,-0.00158158293925,0.00058122118935,-0.00155332067516,0.00182938552462,-0.00577461253852,0.013133989647,-0.00388596323319,-0.000585327506997,-0.00113798759412],[0.000137935567182,-0.00162873580121,0.000385965511668,-0.000890138500836,-0.0000692877656547,-0.000345874374034,0.00137989572249,0.000406379811466,0.000446568184998,-0.00388596323319,0.0117138857022,-0.00411991216242,0.000737508933526],[-0.000359696539817,0.00108962424565,-0.000871177995577,0.00144565186929,-0.000240079825744,0.00198611547239,-0.00137355236802,-0.00168803904671,0.00112885818817,-0.000585327506997,-0.00411991216242,0.0149471387267,-0.00530712585896],[-0.0000984975486062,-0.000581454019994,0.000811932433862,-0.00235919328406,0.00136493134778,-0.000363968021702,0.000744282442611,0.00180107611232,-0.00150257535279,-0.00113798759412,0.000737508933526,-0.00530712585896,0.0138332806528]],"mean":[-20.075345993,77.8735656738,-123.569328308,35.1796073914,-54.3288497925,15.3423948288,-35.6383934021,8.04359340668,-23.0829811096,0.472552210093,-8.55888175964,-2.67022204399,-15.5423202515]},"hfc":{"dmean":9.42349243164,"dmean2":14.402425766,"dvar":290.128112793,"dvar2":682.122314453,"max":338.98260498,"mean":20.9034824371,"median":13.8204269409,"min":0.0129132652655,"var":607.081359863},"melbands":{"dmean":[0.000920780235901,0.00104901345912,0.00038262156886,0.000153060944285,0.000388485059375,0.000224153496674,0.000115450311569,0.0000972196794464,0.0000719569507055,0.0000929156594793,0.0000558018327865,0.0000315545148624,0.0000479857480968,0.0000470041559311,0.0000324352768075,0.0000454653163615,0.0000713162662578,0.0000191619274119,0.0000149371553562,0.0000105144017652,0.0000139066623888,0.0000102336543932,0.000011171981896,0.0000127672938106,0.0000117225481517,0.00000989393538475,0.00000852123775985,0.00000811737118056,0.00000367630696019,0.0000030653061458,0.0000023797679205,0.00000218214381675,0.00000193636469703,0.00000253212397183,0.0000022374370019,0.00000196853875423,0.0000023609420623,9.08051447368e-7,0.0000015609912225,0.00000109550035177],"dmean2":[0.00143103557639,0.00173575954977,0.000631384202279,0.000247395044426,0.000678553653415,0.000384805258363,0.000176847126568,0.000143211495015,0.000106662679173,0.00014023030235,0.0000828877455206,0.0000497234468639,0.0000750035615056,0.0000729696912458,0.0000510641330038,0.0000731240434106,0.000118609255878,0.0000318285237881,0.0000250876601058,0.0000174580964085,0.0000225737749133,0.0000170485855051,0.0000185115022759,0.0000213622734009,0.0000192123025045,0.0000153279670485,0.0000130945991259,0.0000131423648781,0.00000562508148505,0.00000485630016556,0.00000368667383555,0.0000033827614061,0.00000295383415505,0.00000401673378292,0.00000352948995896,0.00000299063094644,0.00000394850849261,0.00000141499845085,0.00000249850404543,0.00000177659023848],"dvar":[0.00000648609193377,0.00000697547966411,5.10065603976e-7,8.17715175572e-8,0.00000264985214926,5.31456635144e-7,6.2743573892e-8,5.69530129724e-8,2.20888960456e-8,3.69341357498e-8,1.68661813404e-8,3.85824483473e-9,1.22962120486e-8,2.2130215882e-8,8.47549852523e-9,2.37779076429e-8,1.45357631709e-7,1.81240467079e-9,1.2660367199e-9,6.40308916999e-10,1.80519232895e-9,4.46176484648e-10,5.02229091648e-10,8.29640300903e-10,5.14206233149e-10,8.65157057106e-10,8.15579048741e-10,5.30457788805e-10,2.0076051932e-10,2.50701487348e-10,6.00663199735e-11,5.70136854394e-11,4.53349198459e-11,3.99450646171e-11,3.57744354973e-11,4.68884583937e-11,3.41055690634e-11,8.9940728476e-12,1.45612515101e-11,6.85984906032e-12],"dvar2":[0.0000147861856021,0.0000179768467206,0.00000136360586112,2.02228747526e-7,0.00000740038785807,0.00000154167616984,1.40333611398e-7,1.20962141636e-7,4.63096085923e-8,7.69629977526e-8,3.45670265745e-8,9.35057098417e-9,2.84638819181e-8,5.0018691411e-8,1.93062810183e-8,5.89387489924e-8,4.15335563275e-7,4.96004348705e-9,3.50590467768e-9,1.75667436153e-9,4.64345140117e-9,1.25138499563e-9,1.33721211881e-9,2.28660224089e-9,1.35123490175e-9,1.96908955807e-9,1.65806324226e-9,1.18890775003e-9,3.77640946292e-10,5.04207953167e-10,1.34231514792e-10,1.34434269272e-10,1.06926585641e-10,9.5116248211e-11,7.97220831017e-11,9.34975916134e-11,8.47001149773e-11,2.02230437257e-11,3.59177340647e-11,1.67047053273e-11],"max":[0.0412673577666,0.0326663032174,0.0153127750382,0.0101135810837,0.0243065040559,0.0142652131617,0.00855712871999,0.0062775821425,0.00516572594643,0.00444968044758,0.00331886694767,0.00175171450246,0.00452526658773,0.00561572331935,0.00461126537994,0.00473355222493,0.0159490630031,0.00115395442117,0.0014177733101,0.00116620527115,0.00169138098136,0.000568108051084,0.000500269874465,0.00060567969922,0.000505859672558,0.00162082805764,0.000906623783521,0.00103044323623,0.000958746764809,0.00120911200065,0.000345533859218,0.000223639974138,0.000248425320024,0.000169532955624,0.000228967794101,0.000549213495106,0.000210837417399,0.000101387842733,0.000070788031735,0.0000814414815977],"mean":[0.00107752694748,0.00134355085902,0.000648667279165,0.000271916709607,0.000394146016333,0.000290494965157,0.000206911092391,0.000192525578314,0.000149260638864,0.000181384122698,0.000107367719465,0.0000566351809539,0.0000840569991851,0.0000820897039375,0.0000575303347432,0.0000736514120945,0.00010617038788,0.0000305335925077,0.0000246450672421,0.0000187025088962,0.0000231841113418,0.0000192879542738,0.0000197915196622,0.0000229063280131,0.0000235594761762,0.0000179608923645,0.0000133925223054,0.0000106244142444,0.0000059952931224,0.00000439374889538,0.00000371475653083,0.00000322194591718,0.0000028656691029,0.00000335244067173,0.00000287431907964,0.00000252302493209,0.00000249149798037,0.00000121076755022,0.0000016109115677,0.00000109140182758],"median":[0.000282613793388,0.000421740493039,0.000312105228659,0.00013964495156,0.000103863159893,0.0000870617805049,0.0000727883743821,0.0000484110569232,0.0000440269432147,0.0000465613993583,0.000028752747312,0.0000252222453128,0.0000288927749352,0.0000188915964827,0.0000194405274669,0.0000204365751415,0.0000185142198461,0.0000106783463707,0.00000883290067577,0.0000076195406109,0.00000703026125848,0.0000074391691669,0.00000816339706944,0.00000847480532684,0.00000848963190947,0.00000741628355172,0.00000490143384013,0.00000377568835574,0.00000155157249537,0.00000119830792755,0.00000106664833766,0.00000104727212147,7.92791070126e-7,0.0000012733753465,7.94330617282e-7,5.45305738342e-7,5.14389796535e-7,2.39114939404e-7,1.90952533785e-7,1.18986058339e-7],"min":[5.07257746918e-9,2.09008055307e-9,5.09801800774e-9,1.44034730809e-8,1.73756440347e-8,8.40922353973e-9,7.37859240374e-9,3.47447337568e-9,2.45383069419e-9,3.41784911484e-9,2.27779128892e-9,1.61293733925e-9,2.86798584881e-10,1.08409725641e-9,1.11272955294e-8,1.95453182528e-8,7.44383721329e-10,4.77608674831e-10,2.53176457576e-9,2.68794786429e-9,3.63292307348e-9,2.54273735401e-9,4.55375870345e-9,1.04538722123e-9,3.38588113102e-9,7.38106353815e-10,2.56079879524e-10,3.28983423836e-10,2.4233681728e-10,2.77007250471e-10,1.18360071744e-10,7.33955882182e-11,1.33863614638e-10,1.29959445982e-10,1.20869522724e-10,8.59205137593e-11,1.02843088212e-10,8.0833242877e-11,5.97845453698e-11,3.51024868894e-11],"var":[0.0000069547095336,0.00000719782838132,9.69004645412e-7,1.83914011131e-7,0.00000178552011221,4.50027982879e-7,1.62087431477e-7,1.84203003073e-7,9.5472799444e-8,1.12486652881e-7,4.63499567616e-8,8.68161897927e-9,3.11333963054e-8,6.06790138136e-8,2.48468783326e-8,4.80203503628e-8,2.20621714675e-7,3.51286733036e-9,2.47538145537e-9,1.27968946551e-9,3.16218984331e-9,1.10939113451e-9,1.06651620868e-9,1.59377422371e-9,1.46103218412e-9,1.42091871602e-9,1.42109080059e-9,7.80586428828e-10,4.41856939926e-10,3.93069743421e-10,1.02790359557e-10,7.44127814922e-11,6.21222656649e-11,5.2716050275e-11,5.42135641934e-11,8.35674029975e-11,4.65438902697e-11,1.81208381633e-11,1.85731447583e-11,9.80894619002e-12]},"melbands_crest":{"dmean":3.50706315041,"dmean2":5.67462778091,"dvar":10.878320694,"dvar2":26.5822544098,"max":37.3856124878,"mean":13.7478160858,"median":12.5673809052,"min":2.70112371445,"var":36.9946136475},"melbands_flatness_db":{"dmean":0.0273517910391,"dmean2":0.0425172150135,"dvar":0.000780452101026,"dvar2":0.00178106117528,"max":0.647558510303,"mean":0.175890684128,"median":0.164801716805,"min":0.0204181745648,"var":0.00513623002917},"melbands_kurtosis":{"dmean":6.72864055634,"dmean2":10.7952775955,"dvar":208.240447998,"dvar2":511.694458008,"max":377.610595703,"mean":10.2759971619,"median":4.00018787384,"min":-1.95697307587,"var":393.264038086},"melbands_skewness":{"dmean":0.802403271198,"dmean2":1.23687231541,"dvar":0.879822671413,"dvar2":1.96336877346,"max":15.3307447433,"mean":2.0549120903,"median":1.8139166832,"min":-12.5923290253,"var":4.17415571213},"melbands_spread":{"dmean":10.1664142609,"dmean2":15.8468532562,"dvar":190.396957397,"dvar2":418.010223389,"max":237.566223145,"mean":34.8067741394,"median":28.9699172974,"min":0.286742478609,"var":698.024841309},"mfcc":{"cov":[[8402.47167969,-576.225769043,353.031555176,182.725463867,-638.060180664,-648.175842285,29.2160644531,600.791687012,346.158996582,-49.1209793091,-126.034698486,-167.349349976,321.023681641],[-576.225769043,1436.24682617,-296.937530518,-97.5150146484,188.346038818,112.2838974,-18.9661655426,-3.806245327,-54.968963623,-0.386131107807,123.564720154,43.6845169067,9.3436794281],[353.031555176,-296.937530518,823.437316895,50.4454956055,15.1540527344,-51.7307357788,49.8428688049,109.692932129,76.4318618774,52.5322151184,-30.620059967,-12.7564506531,84.9199371338],[182.725463867,-97.5150146484,50.4454956055,345.78237915,-35.4370574951,6.55146360397,58.2911376953,76.9892425537,70.0838699341,29.7862300873,-18.910697937,12.5981388092,32.2847213745],[-638.060180664,188.346038818,15.1540527344,-35.4370574951,428.672576904,124.053276062,-9.2118062973,-101.604064941,-68.7605743408,-3.37548589706,49.7198257446,11.6655626297,-36.4226036072],[-648.175842285,112.2838974,-51.7307357788,6.55146360397,124.053276062,271.370513916,43.5198326111,-80.3933639526,-13.1244916916,-2.44357037544,27.5390357971,28.8294506073,-34.9208106995],[29.2160644531,-18.9661655426,49.8428688049,58.2911376953,-9.2118062973,43.5198326111,174.467285156,94.1399841309,41.9310531616,37.6631469727,26.6738319397,27.5095920563,0.976017773151],[600.791687012,-3.806245327,109.692932129,76.9892425537,-101.604064941,-80.3933639526,94.1399841309,281.90423584,114.934776306,59.180355072,26.0426483154,-14.2607517242,28.7579898834],[346.158996582,-54.968963623,76.4318618774,70.0838699341,-68.7605743408,-13.1244916916,41.9310531616,114.934776306,170.490402222,69.1242446899,-2.49129104614,-0.957069456577,29.3685512543],[-49.1209793091,-0.386131107807,52.5322151184,29.7862300873,-3.37548589706,-2.44357037544,37.6631469727,59.180355072,69.1242446899,122.962661743,34.3924942017,20.157781601,6.0103521347],[-126.034698486,123.564720154,-30.620059967,-18.910697937,49.7198257446,27.5390357971,26.6738319397,26.0426483154,-2.49129104614,34.3924942017,133.99319458,31.7260341644,-26.0682010651],[-167.349349976,43.6845169067,-12.7564506531,12.5981388092,11.6655626297,28.8294506073,27.5095920563,-14.2607517242,-0.957069456577,20.157781601,31.7260341644,103.583366394,31.3624668121],[321.023681641,9.3436794281,84.9199371338,32.2847213745,-36.4226036072,-34.9208106995,0.976017773151,28.7579898834,29.3685512543,6.0103521347,-26.0682010651,31.3624668121,146.112365723]],"icov":[[0.000193373576622,0.0000424300233135,0.0000161056323122,4.66102193286e-7,0.0000729963649064,0.000285853224341,-0.0000179427406692,-0.000206733398954,-0.000270961550996,0.000342846265994,-0.000116313218314,0.000255835882854,-0.000345019361703],[0.0000424300233135,0.000936396303587,0.000369398185285,0.000211633188883,-0.000337563804351,-0.000287335482426,0.000308091315674,-0.000548330077436,0.000165889287018,0.000072234608524,-0.00061797950184,0.000015972114852,-0.000611512979958],[0.0000161056323122,0.000369398185285,0.00158040050883,0.000108224063297,-0.000471984938486,0.0000763758507674,-0.000179262875463,-0.000523947644979,-0.00011590126087,-0.000391541921999,0.000155855945195,0.000393400521716,-0.00101375719532],[4.66102193286e-7,0.000211633188883,0.000108224063297,0.0034215550404,-0.000112415240437,-0.000303749460727,-0.000589960080106,-0.000600700790528,-0.000794411229435,-0.0000660839577904,0.000655271403957,-0.000378655444365,-0.000451344822068],[0.0000729963649064,-0.000337563804351,-0.000471984938486,-0.000112415240437,0.00329761765897,-0.000959005090408,0.0000521753390785,0.000785383570474,0.000821782159619,-0.000364946696209,-0.000910838251002,0.000509905454237,0.000176134693902],[0.000285853224341,-0.000287335482426,0.0000763758507674,-0.000303749460727,-0.000959005090408,0.00601845001802,-0.00237284740433,0.00211842916906,-0.0019353349926,0.00119904533494,-0.000488752790261,-0.000275739934295,0.000522966671269],[-0.0000179427406692,0.000308091315674,-0.000179262875463,-0.000589960080106,0.0000521753390785,-0.00237284740433,0.00899877306074,-0.00372428493574,0.00080615398474,-0.000874058983754,-0.0000762499403208,-0.00238189287484,0.000744644610677],[-0.000206733398954,-0.000548330077436,-0.000523947644979,-0.000600700790528,0.000785383570474,0.00211842916906,-0.00372428493574,0.00816139299423,-0.00321705918759,-0.000422785204137,-0.00189837568905,0.00199105218053,-0.0000548934294784],[-0.000270961550996,0.000165889287018,-0.00011590126087,-0.000794411229435,0.000821782159619,-0.0019353349926,0.00080615398474,-0.00321705918759,0.0113009661436,-0.0053369035013,0.00139509595465,0.000280954205664,-0.00066563882865],[0.000342846265994,0.000072234608524,-0.000391541921999,-0.0000660839577904,-0.000364946696209,0.00119904533494,-0.000874058983754,-0.000422785204137,-0.0053369035013,0.0129339024425,-0.00276558194309,-0.00138932524715,0.000114405913337],[-0.000116313218314,-0.00061797950184,0.000155855945195,0.000655271403957,-0.000910838251002,-0.000488752790261,-0.0000762499403208,-0.00189837568905,0.00139509595465,-0.00276558194309,0.0109808547422,-0.00360684725456,0.00265664746985],[0.000255835882854,0.000015972114852,0.000393400521716,-0.000378655444365,0.000509905454237,-0.000275739934295,-0.00238189287484,0.00199105218053,0.000280954205664,-0.00138932524715,-0.00360684725456,0.0138642145321,-0.00464158598334],[-0.000345019361703,-0.000611512979958,-0.00101375719532,-0.000451344822068,0.000176134693902,0.000522966671269,0.000744644610677,-0.0000548934294784,-0.00066563882865,0.000114405913337,0.00265664746985,-0.00464158598334,0.010104204528]],"mean":[-661.114440918,107.310462952,-6.231757164,21.5473880768,4.62950849533,4.9532995224,2.80432868004,6.15340900421,-9.34925746918,5.12334537506,2.03683280945,0.221532642841,-1.7246953249]},"pitch_salience":{"dmean":0.0758248269558,"dmean2":0.122706443071,"dvar":0.00495855044574,"dvar2":0.0122114699334,"max":0.869882524014,"mean":0.533663809299,"median":0.548377513885,"min":0.0500091575086,"var":0.0163561478257},"silence_rate_20dB":{"dmean":0,"dmean2":0,"dvar":0,"dvar2":0,"max":1,"mean":1,"median":1,"min":1,"var":0},"silence_rate_30dB":{"dmean":0.00465353019536,"dmean2":0.00930773746222,"dvar":0.00463187461719,"dvar2":0.0128569379449,"max":1,"mean":0.997019052505,"median":1,"min":0,"var":0.00297206500545},"silence_rate_60dB":{"dmean":0.0298116765916,"dmean2":0.0596276894212,"dvar":0.0289229415357,"dvar2":0.0653799697757,"max":1,"mean":0.146575540304,"median":0,"min":0,"var":0.125091150403},"spectral_centroid":{"dmean":278.832183838,"dmean2":431.759857178,"dvar":91684.6953125,"dvar2":189186.234375,"max":5234.65087891,"mean":1777.71582031,"median":1668.92041016,"min":230.980667114,"var":552052.125},"spectral_complexity":{"dmean":3.42208981514,"dmean2":5.21320533752,"dvar":18.1162490845,"dvar2":35.1437530518,"max":63,"mean":17.4425621033,"median":17,"min":0,"var":121.228378296},"spectral_contrast_coeffs":{"dmean":[0.0488732717931,0.0480235256255,0.0380107536912,0.0321726128459,0.0238268058747,0.0210627280176],"dmean2":[0.0792070627213,0.0784069895744,0.0615463778377,0.0528917871416,0.0388328284025,0.0325230546296],"dvar":[0.00172941375058,0.00174423365388,0.000973480346147,0.000738438393455,0.000424442318035,0.00044295261614],"dvar2":[0.0042878203094,0.00467225536704,0.00243932241574,0.00191553402692,0.00103431602474,0.000953639915679],"max":[-0.275164544582,-0.392575562,-0.403993427753,-0.372600287199,-0.561473309994,-0.502969503403],"mean":[-0.663013994694,-0.730030357838,-0.768171191216,-0.763651490211,-0.764246821404,-0.767547786236],"median":[-0.674798548222,-0.737457633018,-0.778416156769,-0.772715806961,-0.770193099976,-0.769634842873],"min":[-0.894941151142,-0.928193688393,-0.945320606232,-0.920909047127,-0.890895068645,-0.917558550835],"var":[0.00804178696126,0.00634138565511,0.00581510923803,0.00462793791667,0.00292774662375,0.00257517397404]},"spectral_contrast_valleys":{"dmean":[0.418796807528,0.346846222878,0.339569240808,0.288967698812,0.270934134722,0.432829618454],"dmean2":[0.661030173302,0.562008142471,0.547926068306,0.448787778616,0.389893561602,0.570166051388],"dvar":[0.153961479664,0.0934431627393,0.115361019969,0.0932570174336,0.0994453728199,0.239873945713],"dvar2":[0.339442521334,0.229789301753,0.279255062342,0.197477400303,0.179126530886,0.456138491631],"max":[-5.11088085175,-4.99821615219,-5.40637111664,-5.74521112442,-5.13527441025,-7.1919708252],"mean":[-7.68904685974,-7.14456987381,-7.58402824402,-7.90179300308,-7.71181726456,-10.2539625168],"median":[-7.35849475861,-6.93765163422,-7.36621284485,-7.76099729538,-7.50691509247,-10.1698455811],"min":[-13.182890892,-11.5746030807,-12.27003479,-11.878159523,-11.7762041092,-14.0238904953],"var":[1.36034071445,0.924606740475,0.965165555477,0.706052601337,1.00031960011,1.32710587978]},"spectral_decrease":{"dmean":2.15713247265e-9,"dmean2":3.36496963627e-9,"dvar":1.47521756179e-17,"dvar2":3.53134024498e-17,"max":-1.55885894471e-12,"mean":-4.90463403224e-9,"median":-3.60830787471e-9,"min":-6.06193211183e-8,"var":2.59615697595e-17},"spectral_energy":{"dmean":0.00882060267031,"dmean2":0.0137079013512,"dvar":0.000238536245888,"dvar2":0.0005694758147,"max":0.234653428197,"mean":0.0204072352499,"median":0.0151554271579,"min":0.00000705476668372,"var":0.000432794739027},"spectral_energyband_high":{"dmean":0.000749767175876,"dmean2":0.00114202953409,"dvar":0.00000283681879409,"dvar2":0.0000063113620854,"max":0.0607461892068,"mean":0.00103343871888,"median":0.000348359491909,"min":2.52554400504e-7,"var":0.00000482775749333},"spectral_energyband_low":{"dmean":0.00499067641795,"dmean2":0.00779818464071,"dvar":0.000137813622132,"dvar2":0.000318669248372,"max":0.181153252721,"mean":0.00722112786025,"median":0.00307539245114,"min":5.92254778553e-8,"var":0.000169461374753},"spectral_energyband_middle_high":{"dmean":0.00178705493454,"dmean2":0.00277815549634,"dvar":0.0000156874066306,"dvar2":0.0000418131312472,"max":0.142686486244,"mean":0.00530694425106,"median":0.00337615353055,"min":0.00000553329709874,"var":0.000049208974815},"spectral_energyband_middle_low":{"dmean":0.00347411818802,"dmean2":0.00563364243135,"dvar":0.000068575674959,"dvar2":0.000185756784049,"max":0.156661391258,"mean":0.00769102200866,"median":0.00519555062056,"min":2.88477281174e-7,"var":0.0000937546574278},"spectral_entropy":{"dmean":0.18226505816,"dmean2":0.273857474327,"dvar":0.0387645103037,"dvar2":0.0865190401673,"max":8.8473815918,"mean":7.60694313049,"median":7.66108942032,"min":3.64538502693,"var":0.235928207636},"spectral_flux":{"dmean":0.0241699349135,"dmean2":0.0374338775873,"dvar":0.00099324574694,"dvar2":0.00197369302623,"max":0.381986141205,"mean":0.0723735317588,"median":0.0615963935852,"min":0.00209219567478,"var":0.002400591271},"spectral_kurtosis":{"dmean":1.76802492142,"dmean2":2.96539115906,"dvar":11.6413450241,"dvar2":32.5911483765,"max":152.853515625,"mean":4.94070768356,"median":3.6301112175,"min":-1.30648708344,"var":38.5253143311},"spectral_rms":{"dmean":0.000827110896353,"dmean2":0.0012396837119,"dvar":0.00000117625324947,"dvar2":0.00000261001741819,"max":0.0151304388419,"mean":0.00394523562863,"median":0.00384522858076,"min":0.0000829620330478,"var":0.00000434461344412},"spectral_rolloff":{"dmean":739.686584473,"dmean2":1260.19812012,"dvar":1773503.25,"dvar2":4142618.5,"max":14211.9140625,"mean":2186.40136719,"median":1571.92382812,"min":86.1328125,"var":3388213.25},"spectral_skewness":{"dmean":0.226714968681,"dmean2":0.367859601974,"dvar":0.0651054307818,"dvar2":0.171625614166,"max":8.94646835327,"mean":1.49062693119,"median":1.39089095592,"min":-0.265045672655,"var":0.402716070414},"spectral_spread":{"dmean":834676.9375,"dmean2":1201060.25,"dvar":1107189694460,"dvar2":2140504326140,"max":16255529,"mean":4590122.5,"median":4135818,"min":571564.4375,"var":3361517600770},"spectral_strongpeak":{"dmean":0.5800537467,"dmean2":0.992289841175,"dvar":0.997456908226,"dvar2":2.56610369682,"max":20.5682754517,"mean":0.956131577492,"median":0.463450998068,"min":0.00398883549497,"var":1.9907656908},"zerocrossingrate":{"dmean":0.014181564562,"dmean2":0.0166235044599,"dvar":0.000308710412355,"dvar2":0.000374338211259,"max":0.390625,"mean":0.0798962190747,"median":0.06884765625,"min":0.00439453125,"var":0.00196966761723}},"metadata":{"audio_properties":{"analysis_sample_rate":44100,"bit_rate":0,"codec":"flac","downmix":"mix","equal_loudness":0,"length":319.333343506,"lossless":true,"md5_encoded":"eb455357194c7ec5ca7a88560ee1e443","replay_gain":-7.09804153442},"tags":{"acoustid_id":["4c1c61c4-998c-4fe2-b3bb-90101d9b720b"],"album":["Black Celebration"],"albumartist":["Depeche Mode"],"albumartistsort":["Depeche Mode"],"artist":["Depeche Mode"],"artists":["Depeche Mode"],"artistsort":["Depeche Mode"],"asin":["B0000922A1"],"barcode":["4006758468181"],"catalognumber":["CD STUMM 26","INT 846.818"],"composer":["Martin L. Gore"],"composersort":["Gore, Martin L."],"date":["1986"],"discnumber":["1"],"disctotal":["1"],"engineer":["Peter Schmidt","Richard Sullivan"],"file_name":"02 Fly on the Windscreen (final).flac","genre":["Rock; New Wave; Synth Pop; Alternative; Alternative Rock"],"grouping":["Rock"],"isrc":["GBAJH9900266"],"label":["Mute","Intercord"],"language":["eng"],"lyricist":["Martin L. Gore"],"media":["CD"],"mood":["Sexy; Melancholy; Melancholic; Chill"],"musicbrainz_albumartistid":["8538e728-ca0b-4321-b7e5-cff6565dd4c0"],"musicbrainz_albumid":["ec7a1c27-c6e7-3b55-b031-09d784da9d94"],"musicbrainz_artistid":["8538e728-ca0b-4321-b7e5-cff6565dd4c0"],"musicbrainz_recordingid":["d99735eb-b922-4752-8d1a-b31050e7b6cd"],"musicbrainz_releasegroupid":["b9c6879f-3a34-3aa0-a68f-73ced2608f7a"],"musicbrainz_releasetrackid":["910c776e-e0f5-3dee-8dbc-7667f681a6b3"],"musicbrainz_workid":["260d2479-b248-38a2-ae87-189d534f5a23"],"originaldate":["1986-03-17"],"originalyear":["1986"],"performer":["Dave Gahan (lead vocals)"],"producer":["Daniel Miller","Depeche Mode","Gareth Jones"],"releasecountry":["DE"],"releasestatus":["official"],"releasetype":["album"],"replaygain_album_gain":["-0.92 dB"],"replaygain_album_peak":["1.000000"],"replaygain_track_gain":["-1.53 dB"],"replaygai