{"lowlevel":{"average_loudness":0.746129930019,"barkbands":{"dmean":[0.0000926998764044,0.00159668095876,0.00113390490878,0.00118002505042,0.00151913391892,0.000680483586621,0.00062470161356,0.000389842170989,0.000560047745239,0.00051913416246,0.000365177111235,0.000325209955918,0.000313988246489,0.0006727205473,0.000597137026489,0.000216280153836,0.00020872404275,0.000153895511176,0.000181986077223,0.000182077885256,0.000159579300089,0.000155710324179,0.0000361845559382,0.0000207088633033,0.0000149854076881,0.0000079441078924,0.00000338558083968],"dmean2":[0.000148626510054,0.0025446866639,0.00195331824943,0.00197903555818,0.00259816483594,0.00110671063885,0.00102739955764,0.000640803540591,0.000903926033061,0.000829439668451,0.000590577314142,0.000525062321685,0.000508643337525,0.00105733063538,0.000911855546292,0.0003389341,0.000319051643601,0.00023898947984,0.0002896944643,0.000288960087346,0.000247890653554,0.000239860426518,0.0000540887776879,0.000029893079045,0.0000211946244235,0.0000113043688543,0.00000532926060259],"dvar":[8.12784008986e-8,0.0000134589854497,0.00000774106501922,0.00000835705031932,0.0000119160040413,0.00000380635674446,0.00000395073175241,0.0000014398692656,0.00000482371706312,0.0000034116653751,0.00000112533541596,7.90436388343e-7,8.2675609292e-7,0.00000574362366024,0.00000451162304671,3.78959612135e-7,4.83188955513e-7,1.41765582384e-7,2.5231008749e-7,2.54395160937e-7,1.69979429643e-7,2.27626529181e-7,7.46102024607e-9,2.0980370774e-9,1.05097075487e-9,4.34036140362e-10,1.23761625948e-10],"dvar2":[1.93867350617e-7,0.000031622719689,0.0000210517100641,0.000021518628273,0.0000310427676595,0.00000862595697981,0.00000943013856158,0.00000350862865162,0.00001079888807,0.00000781632479629,0.00000273702403319,0.0000020067980131,0.00000207729772228,0.0000127101220642,0.00000921714854485,8.63838408804e-7,9.67171899902e-7,2.91286710308e-7,6.04931017278e-7,5.98279200403e-7,3.84324295055e-7,5.31330499598e-7,1.72105210083e-8,4.27946345027e-9,2.02857974863e-9,9.00933661008e-10,2.87729895465e-10],"max":[0.00538956699893,0.117556318641,0.0745600536466,0.101578935981,0.0761151611805,0.132345631719,0.0858381763101,0.0641749948263,0.0924560129642,0.0676477774978,0.0287021603435,0.0253179706633,0.0343051850796,0.080702714622,0.0793196037412,0.0285468772054,0.037974152714,0.0161473453045,0.0244389530271,0.0181887429208,0.0217613931745,0.0144708016887,0.00417957501486,0.00288361939602,0.00201519252732,0.000892643933184,0.000427157618105],"mean":[0.000100180688605,0.00244075828232,0.00140269531403,0.00152505573351,0.00178839825094,0.000919576908927,0.000841448258143,0.000453444314189,0.000689825974405,0.000684815226123,0.000501166854519,0.000509731646162,0.000480459537357,0.00128894345835,0.00102958374191,0.000488312332891,0.000386258005165,0.00030212465208,0.000329881208017,0.000349017500412,0.000295066973194,0.000242581561906,0.0000759242611821,0.0000445800142188,0.0000279211581073,0.0000132559716803,0.00000343297142535],"median":[0.00000941739108384,0.000957625452429,0.000622450606897,0.000545331218746,0.000589154253248,0.00028544824454,0.000217980516027,0.000136421585921,0.000209843798075,0.000195991553483,0.000138380433782,0.000144232195453,0.000113356822112,0.000121780780319,0.000129973050207,0.0000512370206707,0.0000484038064315,0.0000633121162537,0.0000746573277866,0.0000802661670605,0.0000592291580688,0.0000411500550399,0.000015460056602,0.00000977697982307,0.00000748144611862,0.00000286382532977,2.02106193115e-7],"min":[3.25989156575e-24,1.89997717002e-23,1.12361339926e-23,6.59257862419e-25,3.55155340059e-23,3.41937123622e-23,4.18911520181e-23,3.18102669558e-23,2.04058720876e-23,9.58326970998e-23,5.39761855417e-23,5.02917854403e-23,8.98195701398e-23,9.32348834756e-23,7.09544538407e-23,8.64452207732e-23,1.99680170509e-22,2.06268029971e-22,2.24074438137e-22,2.69217199076e-22,3.597754775e-22,5.12433441741e-22,5.58423805323e-22,7.64294842621e-22,1.12861988922e-21,1.83387517e-21,2.25368104388e-21],"var":[8.34186479892e-8,0.0000163819768204,0.0000068184972406,0.00000996170456347,0.0000118115212899,0.00000617852310825,0.00000611859923083,0.00000170234761754,0.00000582032407692,0.00000456320185549,0.00000145488502312,0.00000119333788007,0.00000126509951315,0.0000143651386679,0.00000954045754042,0.0000021422588361,0.00000127182545384,4.37147605226e-7,5.75900401145e-7,4.86957503654e-7,3.54705775862e-7,3.76160102178e-7,2.50762752785e-8,8.12545231099e-9,2.81984635642e-9,8.26079982197e-10,1.36414088359e-10]},"barkbands_crest":{"dmean":2.70511960983,"dmean2":4.41665077209,"dvar":6.64372587204,"dvar2":16.6206932068,"max":26.3400478363,"mean":9.76628112793,"median":8.75695133209,"min":2.0283613205,"var":20.9620456696},"barkbands_flatness_db":{"dmean":0.023477550596,"dmean2":0.0343214683235,"dvar":0.000528363278136,"dvar2":0.00110566755757,"max":0.497783154249,"mean":0.130987524986,"median":0.123120099306,"min":0.014819146134,"var":0.00320150214247},"barkbands_kurtosis":{"dmean":3.89129137993,"dmean2":6.16908311844,"dvar":215.183944702,"dvar2":586.928955078,"max":1689.75732422,"mean":5.38434648514,"median":0.951150178909,"min":-1.93981778622,"var":276.695739746},"barkbands_skewness":{"dmean":0.65728020668,"dmean2":1.00138008595,"dvar":0.580814957619,"dvar2":1.29137516022,"max":36.2553863525,"mean":1.31231081486,"median":1.04166305065,"min":-6.89173698425,"var":2.90332555771},"barkbands_spread":{"dmean":6.36730289459,"dmean2":9.85297966003,"dvar":52.5179328918,"dvar2":121.656013489,"max":134.130020142,"mean":23.7018032074,"median":22.1866931915,"min":0.263052433729,"var":207.681732178},"dissonance":{"dmean":0.0205368027091,"dmean2":0.0347179509699,"dvar":0.000563520472497,"dvar2":0.00146974890959,"max":0.500000119209,"mean":0.464563757181,"median":0.476920455694,"min":0.124371767044,"var":0.0013075734023},"dynamic_complexity":4.94428682327,"erbbands":{"dmean":[0.0492184907198,0.361141145229,1.11272406578,2.6808784008,4.93296670914,5.47349309921,4.33446311951,6.17176008224,8.86610031128,7.31734466553,9.78851604462,13.2443532944,13.5186166763,16.8907394409,12.5782585144,13.9250974655,13.9685268402,26.6464920044,36.8773880005,19.4067344666,10.1017150879,10.4391384125,8.2589597702,7.36187887192,10.0057973862,8.74075984955,5.70004653931,7.51137495041,6.73597764969,1.90913772583,0.950784027576,0.528140246868,0.307915270329,0.182570129633,0.104386098683,0.0451840236783,0.0125439157709,0.00324883009307,0.000722137221601,0.0000299980292766],"dmean2":[0.0814712047577,0.583156228065,1.90699803829,4.47164058685,8.3990240097,9.49675559998,7.12248516083,10.0959787369,14.5863676071,12.1125240326,15.8782243729,21.3347358704,21.6842765808,26.7546825409,20.2072963715,22.3818740845,22.444934845,41.668838501,56.6648101807,29.9198131561,15.5301485062,15.9566888809,12.7178869247,11.5526800156,15.9995555878,13.8191204071,8.89188671112,11.6292276382,10.4436588287,2.89579486847,1.42005050182,0.776067078114,0.444248586893,0.26098883152,0.148828208447,0.0645273849368,0.0180224440992,0.00482993619516,0.00116350629833,0.0000465086777695],"dvar":[0.0213164202869,0.575012147427,6.82092142105,39.9916343689,133.938217163,193.201339722,141.289810181,320.328826904,821.569335938,351.963165283,932.375488281,2929.06958008,2806.78759766,2709.61254883,1059.27038574,1524.01269531,1852.15258789,6475.74511719,18066.4042969,3246.76000977,985.451293945,1301.41491699,383.876800537,340.75088501,738.607788086,646.37310791,210.202011108,437.906311035,485.123474121,22.4246559143,5.24738407135,1.44229507446,0.47690063715,0.153211832047,0.0558706447482,0.0111319702119,0.00139309326187,0.000101250872831,0.0000059588660406,7.16147852131e-9],"dvar2":[0.0535695552826,1.33833324909,18.4023799896,104.640312195,334.219024658,524.789855957,332.871185303,749.091796875,2003.21362305,859.780517578,2237.13598633,6752.50585938,6585.71923828,6149.80126953,2677.65283203,3848.18017578,4646.84960938,14929.1425781,38955.4648438,6657.34082031,2124.68359375,2577.93041992,838.415710449,814.364501953,1794.87963867,1498.25842285,510.254852295,947.578063965,1129.29187012,54.229763031,11.98183918,3.11867380142,0.966995358467,0.294892519712,0.113706238568,0.022336948663,0.00305606238544,0.00022650428582,0.0000143624429256,1.67472897772e-8],"max":[3.71651530266,24.7647953033,70.2810592651,151.684173584,404.577362061,254.18107605,800.156188965,941.92401123,1256.60852051,765.907836914,1732.05163574,2448.91381836,1942.10559082,1524.36889648,1019.76922607,1254.64367676,1839.35656738,2596.36694336,4595.38476563,2918.79296875,1596.60473633,2690.95410156,946.760314941,739.111206055,1441.97875977,1108.56799316,435.50479126,1253.05212402,685.623657227,174.122161865,112.497261047,70.8845443726,43.1148681641,28.8561878204,10.5568132401,4.59972190857,1.92099571228,0.358626455069,0.104186236858,0.00335560599342],"mean":[0.0615890026093,0.577080965042,1.47844970226,3.79446673393,5.77910900116,6.0069475174,5.95314788818,8.05406761169,11.9958314896,9.47380542755,12.0563812256,16.0872650146,17.218000412,24.0596466064,19.5286064148,22.7522640228,23.6248989105,53.6158905029,66.9764175415,46.4063072205,20.9802417755,20.4588623047,16.9247970581,14.6743507385,18.6832675934,16.8279743195,11.1803121567,12.8100624084,10.1760692596,3.84981632233,1.99064397812,1.1478959322,0.620357394218,0.346826821566,0.186015024781,0.078447945416,0.0196634754539,0.0043128868565,0.0006938148872,0.0000433614150097],"median":[0.0179913118482,0.234645649791,0.772778809071,1.5481762886,2.11975574493,1.67935621738,2.06913709641,2.37338614464,3.0532207489,3.18874001503,4.14496183395,5.08668375015,5.67240428925,8.22593212128,7.89842987061,7.4374461174,6.44265842438,6.85117006302,7.77705001831,5.89465379715,2.97015762329,2.91212940216,3.5268509388,3.84425616264,4.2116765976,4.25905036926,2.26576256752,2.38862085342,1.63859140873,0.817529737949,0.425271183252,0.236673414707,0.147748723626,0.0897518545389,0.049400024116,0.0181675348431,0.00403605494648,0.000651619629934,0.0000432667329733,0.0000210591497307],"min":[1.16709752019e-21,2.06776533497e-21,8.4515119214e-21,8.28583992317e-21,8.65280293073e-20,7.40167609837e-20,1.44032229625e-19,3.42849174056e-19,4.96979262707e-19,8.06180616451e-19,9.27849940667e-19,4.46326909596e-19,2.40477099821e-18,2.64553225525e-18,2.16358974022e-18,2.24667879198e-18,3.62599295083e-18,5.49946646199e-18,2.74215915171e-18,5.21722457877e-18,6.16445391362e-18,1.16376751755e-17,1.16731678413e-17,1.05756885928e-17,1.33557590863e-17,1.38329926689e-17,1.53758714542e-17,1.28019434682e-17,1.92127404537e-17,1.186205867e-17,1.55706906864e-17,1.52854258716e-17,1.33141353579e-17,1.33540062906e-17,6.99513722248e-18,6.66162503053e-18,3.52175247722e-18,1.37653783053e-18,3.15386648472e-19,3.0567793915e-20],"var":[0.0188060272485,0.788977146149,6.18838405609,47.1425857544,140.565536499,172.082763672,215.74017334,456.748596191,1251.5526123,460.841766357,1128.36743164,3395.8972168,3353.66699219,3974.63671875,1390.9909668,2428.90234375,2761.66186523,17941.9746094,42065.8398438,13929.4052734,2588.96069336,3450.97338867,1237.37414551,853.235473633,1535.47509766,1177.03125,479.170196533,827.007202148,747.747253418,61.0607910156,17.8878364563,5.5438709259,1.59602308273,0.461821645498,0.127940669656,0.0254317019135,0.00214037206024,0.000134633897687,0.00000604901015322,8.04882027694e-9]},"erbbands_crest":{"dmean":2.9024116993,"dmean2":4.666659832,"dvar":9.30079555511,"dvar2":22.3171615601,"max":34.4086837769,"mean":9.76830005646,"median":8.21534442902,"min":2.0290749073,"var":29.7328701019},"erbbands_flatness_db":{"dmean":0.0222515873611,"dmean2":0.0314696468413,"dvar":0.000519531895407,"dvar2":0.00100931024645,"max":0.434438556433,"mean":0.161091983318,"median":0.155135110021,"min":0.0254089329392,"var":0.00278455321677},"erbbands_kurtosis":{"dmean":1.5067564249,"dmean2":2.35086989403,"dvar":8.89969921112,"dvar2":20.3646717072,"max":86.6378555298,"mean":1.56151044369,"median":0.213812738657,"min":-1.847204566,"var":20.8146972656},"erbbands_skewness":{"dmean":0.436820179224,"dmean2":0.664257824421,"dvar":0.229072391987,"dvar2":0.502300798893,"max":7.9766831398,"mean":0.118281401694,"median":0.0858499184251,"min":-6.56393623352,"var":0.992798388004},"erbbands_spread":{"dmean":8.89850616455,"dmean2":13.5976934433,"dvar":103.91217804,"dvar2":226.885971069,"max":151.31439209,"mean":36.0616874695,"median":33.0826187134,"min":0.674056947231,"var":447.984710693},"gfcc":{"cov":[[11247.1533203,-361.709381104,-1802.51281738,411.440216064,-179.285919189,230.996749878,-272.60748291,-271.237243652,-44.4713821411,11.4505252838,-77.5970993042,-116.113464355,23.574426651],[-361.709381104,1290.02258301,36.5956726074,-117.672912598,125.527496338,-54.6027030945,73.2787475586,-37.0419998169,28.3411331177,-48.225276947,6.84244632721,-55.1702384949,34.0833015442],[-1802.51281738,36.5956726074,1375.86462402,20.1702098846,19.2500629425,69.3909225464,77.7658462524,117.015022278,26.4526062012,24.5045585632,-6.13091897964,13.7275266647,-50.6765861511],[411.440216064,-117.672912598,20.1702098846,477.537414551,-5.44283246994,0.416312515736,31.0545787811,-17.5983390808,-24.3862133026,-25.042388916,6.33012056351,-15.738735199,-21.2353515625],[-179.285919189,125.527496338,19.2500629425,-5.44283246994,503.536834717,224.461074829,-19.6612548828,14.8664312363,112.429100037,74.3573303223,26.9094696045,-15.4033985138,22.0141849518],[230.996749878,-54.6027030945,69.3909225464,0.416312515736,224.461074829,326.616546631,-1.26291394234,20.4242534637,78.2300415039,64.9719390869,13.1023406982,-1.92701601982,6.07971382141],[-272.60748291,73.2787475586,77.7658462524,31.0545787811,-19.6612548828,-1.26291394234,230.03326416,55.4324493408,-24.0858440399,-4.68967199326,20.4267120361,22.1953372955,17.2451171875],[-271.237243652,-37.0419998169,117.015022278,-17.5983390808,14.8664312363,20.4242534637,55.4324493408,132.32963562,38.5659866333,7.062977314,17.170375824,24.2470436096,1.14038527012],[-44.4713821411,28.3411331177,26.4526062012,-24.3862133026,112.429100037,78.2300415039,-24.0858440399,38.5659866333,148.730285645,58.4476280212,11.3970489502,1.89135563374,16.8182582855],[11.4505252838,-48.225276947,24.5045585632,-25.042388916,74.3573303223,64.9719390869,-4.68967199326,7.062977314,58.4476280212,146.483917236,41.2767410278,1.84110403061,13.6939640045],[-77.5970993042,6.84244632721,-6.13091897964,6.33012056351,26.9094696045,13.1023406982,20.4267120361,17.170375824,11.3970489502,41.2767410278,85.0201034546,28.9957237244,2.43949747086],[-116.113464355,-55.1702384949,13.7275266647,-15.738735199,-15.4033985138,-1.92701601982,22.1953372955,24.2470436096,1.89135563374,1.84110403061,28.9957237244,79.5927734375,23.1222476959],[23.574426651,34.0833015442,-50.6765861511,-21.2353515625,22.0141849518,6.07971382141,17.2451171875,1.14038527012,16.8182582855,13.6939640045,2.43949747086,23.1222476959,68.5319976807]],"icov":[[0.00013484118972,-0.00000882784297573,0.0001783783664,-0.000132033237605,0.0001542421669,-0.000237416054006,0.000108939006168,0.0000384300947189,0.0000291696651402,-0.0000762407580623,0.000104197468318,0.0000884363325895,-0.0000330101720465],[-0.00000882784297573,0.00103215582203,-0.000130127576995,0.000359651225153,-0.000388289103284,0.000436429399997,-0.000558355997782,0.000645254272968,-0.000525660288986,0.000862254411913,-0.00079652830027,0.00117394817062,-0.000690318003763],[0.0001783783664,-0.000130127576995,0.00108983577229,-0.000255029648542,0.000245800154516,-0.000487262819661,0.00000937562072068,-0.000677584088407,0.000135234586196,-0.000487465207698,0.000708114588633,-0.000326362962369,0.000852530181874],[-0.000132033237605,0.000359651225153,-0.000255029648542,0.00246237171814,-0.00029847965925,0.000272803532425,-0.000717276823707,0.000658206758089,-0.00017722848861,0.000857812468894,-0.000920589023735,0.000759574642871,0.000330757291522],[0.0001542421669,-0.000388289103284,0.000245800154516,-0.00029847965925,0.00355508504435,-0.00228805793449,0.000462646246888,-0.00000864221237862,-0.0011323322542,-0.000318369013257,-0.000629013986327,0.000840744818561,-0.00074572378071],[-0.000237416054006,0.000436429399997,-0.000487262819661,0.000272803532425,-0.00228805793449,0.00532462447882,-0.000656822114252,0.000173584383447,-0.00107054261025,-0.000623856671154,0.000247447664151,-0.000281309039565,0.000487325596623],[0.000108939006168,-0.000558355997782,0.00000937562072068,-0.000717276823707,0.000462646246888,-0.000656822114252,0.00592581275851,-0.0029184455052,0.00216461345553,-0.000459606671939,-0.000569866562728,-0.000371059519239,-0.00180193211418],[0.0000384300947189,0.000645254272968,-0.000677584088407,0.000658206758089,-0.00000864221237862,0.000173584383447,-0.0029184455052,0.0112523399293,-0.00400362303481,0.00164768006653,-0.00145816639997,-0.00160725275055,0.00115076568909],[0.0000291696651402,-0.000525660288986,0.000135234586196,-0.00017722848861,-0.0011323322542,-0.00107054261025,0.00216461345553,-0.00400362303481,0.0110726691782,-0.00351402629167,0.00121991313063,-0.000130741871544,-0.0017373500159],[-0.0000762407580623,0.000862254411913,-0.000487465207698,0.000857812468894,-0.000318369013257,-0.000623856671154,-0.000459606671939,0.00164768006653,-0.00351402629167,0.0109944194555,-0.00609648600221,0.00303494674154,-0.00239289086312],[0.000104197468318,-0.00079652830027,0.000708114588633,-0.000920589023735,-0.000629013986327,0.000247447664151,-0.000569866562728,-0.00145816639997,0.00121991313063,-0.00609648600221,0.0179682988673,-0.00776818348095,0.00384657271206],[0.0000884363325895,0.00117394817062,-0.000326362962369,0.000759574642871,0.000840744818561,-0.000281309039565,-0.000371059519239,-0.00160725275055,-0.000130741871544,0.00303494674154,-0.00776818348095,0.019432771951,-0.00759955495596],[-0.0000330101720465,-0.000690318003763,0.000852530181874,0.000330757291522,-0.00074572378071,0.000487325596623,-0.00180193211418,0.00115076568909,-0.0017373500159,-0.00239289086312,0.00384657271206,-0.00759955495596,0.0196415111423]],"mean":[-43.6269226074,86.9315567017,-118.422157288,33.3634414673,-53.4936790466,13.6530609131,-28.2709178925,2.22997927666,-26.7898216248,5.78220033646,-19.7078819275,-2.21660089493,-11.4617033005]},"hfc":{"dmean":6.42777442932,"dmean2":9.37044525146,"dvar":144.914962769,"dvar2":310.772277832,"max":273.721405029,"mean":18.3223438263,"median":9.05195045471,"min":1.17871146176e-16,"var":517.83392334},"melbands":{"dmean":[0.000438718707301,0.000526018848177,0.000530268938746,0.000379473756766,0.000163842181792,0.000135708090966,0.000134011919727,0.0000781619601185,0.0000816181345726,0.0000841026703711,0.0000693248948664,0.0000711868269718,0.000047534776968,0.0000362086830137,0.0000350221780536,0.0000319456376019,0.0000556303348276,0.0000651690861559,0.0000387935288018,0.000018055385226,0.0000123611398521,0.0000127596231323,0.00000812223788671,0.00000805593026598,0.00000603015314482,0.00000838768937683,0.00000698368330632,0.00000610816005064,0.00000373022612621,0.00000381805421057,0.00000493717834615,0.00000464033701064,0.00000194631456907,9.06826301161e-7,6.28951681847e-7,4.09063972029e-7,3.18787073184e-7,2.30425527548e-7,1.97121593715e-7,1.54302441047e-7],"dmean2":[0.000705244427081,0.000871958152857,0.000882657244802,0.000651425798424,0.000271223136224,0.00022097195324,0.000220698275371,0.000129361447762,0.000132216417114,0.000135850757943,0.000111485831439,0.000112995825475,0.0000765488148318,0.0000584797235206,0.0000566876296944,0.000051304778026,0.0000868924762472,0.000101005272882,0.0000594981938775,0.0000284433717752,0.0000191703711607,0.000019381128368,0.0000126245067804,0.0000126755503516,0.00000960562556429,0.0000134726151373,0.0000113045325634,0.00000968336735241,0.00000594161565459,0.00000600706880505,0.00000770238693804,0.00000725663858248,0.00000306898300551,0.00000140358110912,9.63708885138e-7,6.16630188688e-7,4.81029246657e-7,3.4068949617e-7,2.9054820061e-7,2.26149694527e-7],"dvar":[0.00000127152759433,0.0000012876191704,0.00000152849747792,7.43953762594e-7,1.72092697426e-7,1.49206968558e-7,1.87692251075e-7,3.72711141949e-8,5.81706842695e-8,1.36954071195e-7,7.58756115715e-8,5.03763892823e-8,1.63163544897e-8,9.86120962665e-9,9.53134460246e-9,8.22847656679e-9,3.15458486e-8,6.34908943198e-8,2.31405632434e-8,2.20381313198e-9,1.68266101053e-9,2.31330132827e-9,5.01301222755e-10,3.95581761792e-10,2.50782311584e-10,6.11420580832e-10,3.43954226212e-10,3.53067769465e-10,1.00195678143e-10,9.86107237533e-11,2.19860241124e-10,2.502211216e-10,3.19904797097e-11,4.96708143366e-12,2.37402111858e-12,9.93633560847e-13,5.73793616787e-13,2.94100464468e-13,1.90491177519e-13,1.1393791184e-13],"dvar2":[0.00000307190703097,0.00000325761038766,0.00000389839715353,0.00000194841049961,4.23954048756e-7,3.45388002643e-7,4.52796399486e-7,9.24731509144e-8,1.4036339735e-7,3.11194781943e-7,1.76331809598e-7,1.13108264088e-7,4.03860269671e-8,2.511768038e-8,2.48316460727e-8,2.03407832799e-8,7.20417645539e-8,1.38777849656e-7,4.4532431076e-8,5.17482856566e-9,3.59540486272e-9,4.54642323788e-9,1.02929365031e-9,8.61924698281e-10,6.17520978796e-10,1.48755296969e-9,8.5900159208e-10,8.25926105286e-10,2.50045040229e-10,2.41104497478e-10,4.73721839533e-10,5.85575699041e-10,7.94325161202e-11,1.22721798002e-11,5.60591417037e-12,2.28585878524e-12,1.29195417385e-12,6.26521729462e-13,4.09279408324e-13,2.31293256032e-13],"max":[0.0337619483471,0.030840953812,0.0387256108224,0.0186116974801,0.0208965428174,0.0217572115362,0.0171780921519,0.00692141568288,0.0128762377426,0.0172508694232,0.00959296803921,0.00684095453471,0.004317027051,0.0036324695684,0.00542149925604,0.00416989671066,0.00559483747929,0.00906917918473,0.00888604205102,0.00209940597415,0.00167233531829,0.00327659025788,0.00116565648932,0.000936851080041,0.000669030938298,0.00129988405388,0.000860562257003,0.000762292882428,0.000379386037821,0.000321950647049,0.00103887566365,0.00054156279657,0.000232932317886,0.000090170527983,0.0000797048996901,0.000036761721276,0.0000594658813498,0.0000341155246133,0.0000218126497202,0.0000258242798736],"mean":[0.000631290022284,0.000799885485321,0.000725155055989,0.000432756205555,0.00021951844974,0.000179850147106,0.000181788593181,0.0000978453899734,0.000101083911431,0.000100165772892,0.0000862569795572,0.0000990457629086,0.0000693976835464,0.0000560455810046,0.0000546130431758,0.000054389500292,0.000105640130641,0.000113499518193,0.0000729983803467,0.0000446350713901,0.000021736979761,0.0000225760268222,0.0000162175383593,0.0000150879968714,0.0000108954673124,0.0000145627527672,0.0000125050910356,0.0000107713703983,0.00000676563604429,0.00000671634415994,0.00000771043687564,0.00000647848082735,0.00000321647416968,0.00000173642922618,0.00000119497758533,8.37051686631e-7,6.35873732335e-7,4.370554052e-7,3.52990127794e-7,2.75981534514e-7],"median":[0.000224311079364,0.000441988988314,0.000320255639963,0.000135427646455,0.0000771898048697,0.0000532636731805,0.0000460771116195,0.0000325519358739,0.0000339825492119,0.0000296231137327,0.0000259956159425,0.0000308649396175,0.0000229134129768,0.0000174974393303,0.0000153426008183,0.000011735292901,0.0000109833672468,0.0000109959564725,0.00000873557019077,0.00000507053982801,0.00000253547545981,0.00000263905417341,0.0000024418054636,0.00000329417684952,0.00000264706477537,0.00000302563285004,0.00000289980425805,0.00000251073447544,0.0000011810311662,0.00000131191723085,0.00000135598247653,9.15718828765e-7,6.23469588845e-7,3.35228463655e-7,2.54031135682e-7,1.58857218935e-7,1.27485265011e-7,9.71390718973e-8,9.17399489708e-8,6.687479015e-8],"min":[8.20906012913e-24,4.15815643447e-24,1.87155218447e-24,6.5955047065e-24,5.86679917847e-24,8.0199630704e-24,8.02708332893e-24,7.86292531886e-24,8.50115086764e-24,2.90328068266e-24,1.22460037468e-23,1.00577659157e-23,7.52750166196e-24,5.74408752592e-24,4.84824564347e-24,1.0647237494e-23,9.86806853383e-24,4.61958129389e-24,5.59161530687e-24,4.45071851738e-24,7.77732128887e-24,1.16298962801e-23,1.17821093583e-23,9.52430898374e-24,8.35893265707e-24,8.03976347912e-24,1.06671112668e-23,8.74645189929e-24,7.82244807695e-24,1.05089067899e-23,6.271756191e-24,1.17834307003e-23,7.37880769221e-24,5.0713177581e-24,6.79355573093e-24,1.10295186998e-23,8.2042259895e-24,9.10786536757e-24,9.281084234e-24,1.00166141977e-23],"var":[0.00000134461197376,0.00000141843293022,0.00000174144065568,7.14778536803e-7,2.32180838111e-7,2.23586027914e-7,2.90227063715e-7,4.60668516666e-8,7.05759433117e-8,1.56650784788e-7,9.08626844875e-8,7.48807522655e-8,2.16330189318e-8,1.40814160332e-8,1.30057911107e-8,1.59824207202e-8,8.13745799633e-8,1.50170123447e-7,5.32407540277e-8,1.66616143105e-8,3.99870581091e-9,5.32897947991e-9,2.5214283994e-9,1.12893916437e-9,5.34708166633e-10,1.32753297244e-9,6.27880247794e-10,5.68834812587e-10,1.95772828504e-10,1.85067960956e-10,3.80773440556e-10,3.55153295661e-10,5.71153541129e-11,1.31336209269e-11,7.06030589895e-12,3.1555220676e-12,1.86441096936e-12,8.67513688923e-13,4.93427293382e-13,3.08598171973e-13]},"melbands_crest":{"dmean":3.37570118904,"dmean2":5.5610704422,"dvar":9.78886699677,"dvar2":25.6976642609,"max":39.459236145,"mean":13.2848043442,"median":12.4624214172,"min":1.72358441353,"var":30.9823608398},"melbands_flatness_db":{"dmean":0.0292450450361,"dmean2":0.0430093668401,"dvar":0.000831037992612,"dvar2":0.00172117608599,"max":0.560992777348,"mean":0.193834081292,"median":0.187609300017,"min":0.00570188695565,"var":0.00635515572503},"melbands_kurtosis":{"dmean":9.00460147858,"dmean2":14.193523407,"dvar":1078.22680664,"dvar2":3052.01635742,"max":3780.04418945,"mean":15.2092542648,"median":4.74214267731,"min":-1.92989516258,"var":1419.9987793},"melbands_skewness":{"dmean":0.867682754993,"dmean2":1.3316770792,"dvar":1.06562316418,"dvar2":2.40457248688,"max":47.8007926941,"mean":2.40250110626,"median":1.90700829029,"min":-5.28518152237,"var":4.69970178604},"melbands_spread":{"dmean":9.01383876801,"dmean2":13.8588705063,"dvar":131.221679688,"dvar2":286.752166748,"max":203.275314331,"mean":30.552520752,"median":24.5441379547,"min":0.108655147254,"var":567.357116699},"mfcc":{"cov":[[12269.5898438,-982.261901855,-1528.19372559,-52.3570365906,-177.974609375,285.55581665,-224.643234253,-178.320663452,-134.583297729,-6.12856769562,-93.5474777222,-109.454154968,-140.752883911],[-982.261901855,1321.87316895,49.1897468567,-98.0978393555,71.949836731,5.52527809143,39.5807952881,-0.984745621681,63.6187973022,7.48805713654,5.33896970749,2.44287467003,26.3234539032],[-1528.19372559,49.1897468567,1045.84118652,129.900634766,-3.46829795837,-40.2468910217,54.7164344788,70.8300170898,29.8766975403,7.76700258255,12.9304037094,19.32995224,40.873550415],[-52.3570365906,-98.0978393555,129.900634766,407.170379639,-69.0237503052,-28.7703819275,48.6024665833,19.1002750397,-16.2230129242,-33.1030693054,-1.09535717964,-21.2602958679,-12.0721921921],[-177.974609375,71.949836731,-3.46829795837,-69.0237503052,474.845306396,192.169784546,-8.7724237442,20.4057788849,55.1848602295,85.5782928467,40.1044158936,78.2528076172,26.7182006836],[285.55581665,5.52527809143,-40.2468910217,-28.7703819275,192.169784546,259.461486816,61.5791358948,-5.30261182785,52.1316146851,49.2435417175,37.8977088928,40.7586898804,16.5830497742],[-224.643234253,39.5807952881,54.7164344788,48.6024665833,-8.7724237442,61.5791358948,180.518249512,52.9119262695,15.5012655258,19.2818088531,22.2029361725,6.01810836792,16.6193065643],[-178.320663452,-0.984745621681,70.8300170898,19.1002750397,20.4057788849,-5.30261182785,52.9119262695,153.904495239,37.6480789185,-11.2759780884,13.6648569107,7.03406476974,8.11273860931],[-134.583297729,63.6187973022,29.8766975403,-16.2230129242,55.1848602295,52.1316146851,15.5012655258,37.6480789185,122.545310974,39.4268035889,16.7366771698,21.6239318848,15.9898386002],[-6.12856769562,7.48805713654,7.76700258255,-33.1030693054,85.5782928467,49.2435417175,19.2818088531,-11.2759780884,39.4268035889,108.937225342,35.0430641174,22.8898544312,18.2278404236],[-93.5474777222,5.33896970749,12.9304037094,-1.09535717964,40.1044158936,37.8977088928,22.2029361725,13.6648569107,16.7366771698,35.0430641174,84.1833114624,35.6204414368,11.7978582382],[-109.454154968,2.44287467003,19.32995224,-21.2602958679,78.2528076172,40.7586898804,6.01810836792,7.03406476974,21.6239318848,22.8898544312,35.6204414368,99.53956604,41.8050842285],[-140.752883911,26.3234539032,40.873550415,-12.0721921921,26.7182006836,16.5830497742,16.6193065643,8.11273860931,15.9898386002,18.2278404236,11.7978582382,41.8050842285,86.302696228]],"icov":[[0.000121576980746,0.0000586894893786,0.000155968838953,-0.0000427738923463,0.000165651159477,-0.000321160187013,0.000231901038205,-0.000105000559415,0.000149187631905,-0.000175505498191,0.000157379137818,0.0000153385444719,0.000056653872889],[0.0000586894893786,0.000867117021699,0.0000354816802428,0.000227858763537,-0.000227145894314,0.000224263392738,-0.000353832991095,0.000361958023859,-0.000565682072192,0.000394992675865,-0.000111923327495,0.000330266921083,-0.000215653053601],[0.000155968838953,0.0000354816802428,0.00126533675939,-0.000391568377381,0.000135653928737,-0.0000983281715889,0.000121969649626,-0.000445133075118,0.0000314845165121,-0.000337606994435,0.000197443368961,-0.0000535388280696,-0.000350826594513],[-0.0000427738923463,0.000227858763537,-0.000391568377381,0.00287064700387,-0.0000477780595247,0.000422427052399,-0.0010592204053,0.000294940226013,-0.00017724254576,0.00104774406645,-0.000515297637321,0.000428936444223,0.000231823752983],[0.000165651159477,-0.000227145894314,0.000135653928737,-0.0000477780595247,0.00433466769755,-0.00351640325971,0.00226603378542,-0.00186844787095,0.00114270672202,-0.00285712257028,0.00115761044435,-0.00206963834353,0.000577522499952],[-0.000321160187013,0.000224263392738,-0.0000983281715889,0.000422427052399,-0.00351640325971,0.00841964036226,-0.0040869563818,0.00284885475412,-0.00306646549143,0.00183341593947,-0.00204547448084,0.000131671200506,-0.0000997555689537],[0.000231901038205,-0.000353832991095,0.000121969649626,-0.0010592204053,0.00226603378542,-0.0040869563818,0.0089868856594,-0.00386853725649,0.00203144713305,-0.00287822517566,0.000103408885479,0.000187477999134,-0.00087639602134],[-0.000105000559415,0.000361958023859,-0.000445133075118,0.000294940226013,-0.00186844787095,0.00284885475412,-0.00386853725649,0.00969680491835,-0.00411004712805,0.00403432641178,-0.00214560213499,0.000744765333366,-0.000323144893628],[0.000149187631905,-0.000565682072192,0.0000314845165121,-0.00017724254576,0.00114270672202,-0.00306646549143,0.00203144713305,-0.00411004712805,0.0119811203331,-0.00477411272004,0.00131793832406,-0.00124038720969,-0.000184041651664],[-0.000175505498191,0.000394992675865,-0.000337606994435,0.00104774406645,-0.00285712257028,0.00183341593947,-0.00287822517566,0.00403432641178,-0.00477411272004,0.0152298407629,-0.00536477332935,0.00168500922155,-0.00180797849316],[0.000157379137818,-0.000111923327495,0.000197443368961,-0.000515297637321,0.00115761044435,-0.00204547448084,0.000103408885479,-0.00214560213499,0.00131793832406,-0.00536477332935,0.0168578438461,-0.00569188781083,0.00168319034856],[0.0000153385444719,0.000330266921083,-0.0000535388280696,0.000428936444223,-0.00206963834353,0.000131671200506,0.000187477999134,0.000744765333366,-0.00124038720969,0.00168500922155,-0.00569188781083,0.0164372362196,-0.00679122516885],[0.000056653872889,-0.000215653053601,-0.000350826594513,0.000231823752983,0.000577522499952,-0.0000997555689537,-0.00087639602134,-0.000323144893628,-0.000184041651664,-0.00180797849316,0.00168319034856,-0.00679122516885,0.0154589340091]],"mean":[-687.076171875,118.194572449,-5.38009738922,25.9605712891,-4.06033945084,14.2077026367,4.57179737091,-0.615845441818,1.01495432854,1.72877717018,0.290359318256,-4.92776823044,-2.9549665451]},"pitch_salience":{"dmean":0.075173869729,"dmean2":0.122228167951,"dvar":0.00481382384896,"dvar2":0.0122441668063,"max":0.896632909775,"mean":0.570008277893,"median":0.58024764061,"min":0.047962334007,"var":0.0152029693127},"silence_rate_20dB":{"dmean":0,"dmean2":0,"dvar":0,"dvar2":0,"max":1,"mean":1,"median":1,"min":1,"var":0},"silence_rate_30dB":{"dmean":0.00151890190318,"dmean2":0.00303788925521,"dvar":0.00151642865967,"dvar2":0.0040408517234,"max":1,"mean":0.99893116951,"median":1,"min":0,"var":0.0010675622616},"silence_rate_60dB":{"dmean":0.0519239418209,"dmean2":0.103850804269,"dvar":0.0492182448506,"dvar2":0.107547193766,"max":1,"mean":0.161420971155,"median":0,"min":0,"var":0.135382860899},"spectral_centroid":{"dmean":301.277191162,"dmean2":458.556060791,"dvar":115024.234375,"dvar2":252220.203125,"max":11154.1298828,"mean":1556.89660645,"median":1499.18469238,"min":137.01663208,"var":662774.875},"spectral_complexity":{"dmean":3.70679569244,"dmean2":5.43489646912,"dvar":21.1594429016,"dvar2":40.7489128113,"max":63,"mean":16.7601604462,"median":13,"min":0,"var":180.436813354},"spectral_contrast_coeffs":{"dmean":[0.0546758584678,0.0495167039335,0.0411900728941,0.0323255695403,0.0255557429045,0.0244757831097],"dmean2":[0.0905627310276,0.0804225206375,0.0659208372235,0.0511941313744,0.0402229987085,0.037298925221],"dvar":[0.00230166967958,0.00169445865322,0.00125196308363,0.000821626803372,0.00054250244284,0.000670205918141],"dvar2":[0.00587298953906,0.00424263905734,0.00296242395416,0.00184847111814,0.00121107231826,0.00138920161407],"max":[-0.252069532871,-0.378232002258,-0.462352007627,-0.430870741606,-0.522616744041,-0.483019530773],"mean":[-0.658780395985,-0.761865198612,-0.778510093689,-0.778429865837,-0.791401743889,-0.74308860302],"median":[-0.67060816288,-0.775064706802,-0.788751721382,-0.789341032505,-0.798669576645,-0.7470459342],"min":[-0.997077524662,-0.970389187336,-0.967019498348,-0.95718806982,-0.962235689163,-0.956509590149],"var":[0.00875630881637,0.00662008440122,0.00544205214828,0.00575840333477,0.00335111585446,0.00409750733525]},"spectral_contrast_valleys":{"dmean":[0.480550885201,0.450204700232,0.408043414354,0.378098219633,0.344853371382,0.347061574459],"dmean2":[0.755143165588,0.720631241798,0.628816604614,0.563758134842,0.491012185812,0.448560863733],"dvar":[0.201494157314,0.186904326081,0.15377342701,0.158829838037,0.141644507647,0.158119156957],"dvar2":[0.414162784815,0.434416860342,0.320102930069,0.308513581753,0.271814316511,0.268573760986],"max":[-5.15392589569,-4.15553951263,-4.37912988663,-5.23183679581,-5.10956573486,-8.02866077423],"mean":[-7.73223686218,-7.20073747635,-7.62699174881,-8.04377841949,-7.9853310585,-10.6276435852],"median":[-7.46999692917,-7.06281137466,-7.44359397888,-7.9284491539,-7.89174032211,-10.5134735107],"min":[-27.1901168823,-27.7538051605,-27.3713340759,-27.4800624847,-27.2128772736,-27.399684906],"var":[1.30634641647,1.1667932272,1.28831136227,1.63651204109,1.53414285183,1.24117588997]},"spectral_decrease":{"dmean":1.78022596664e-9,"dmean2":2.74621814178e-9,"dvar":9.03498363819e-18,"dvar2":2.02269829987e-17,"max":7.00897967056e-30,"mean":-4.12073397627e-9,"median":-3.05741187923e-9,"min":-5.43714193668e-8,"var":1.66008680387e-17},"spectral_energy":{"dmean":0.00720515288413,"dmean2":0.0110407993197,"dvar":0.000145207101014,"dvar2":0.000324054446537,"max":0.223465308547,"mean":0.0172144267708,"median":0.0126561578363,"min":1.07544675651e-20,"var":0.000286689464701},"spectral_energyband_high":{"dmean":0.000399354874389,"dmean2":0.000584679946769,"dvar":9.04640103272e-7,"dvar2":0.00000197099620891,"max":0.0294340364635,"mean":0.000870741612744,"median":0.000216216023546,"min":7.90871745747e-21,"var":0.00000248773903877},"spectral_energyband_low":{"dmean":0.00272575044073,"dmean2":0.00433707423508,"dvar":0.0000306290057779,"dvar2":0.0000666418782203,"max":0.145142316818,"mean":0.00472212117165,"median":0.00269368500449,"min":4.27542889107e-23,"var":0.0000435612746514},"spectral_energyband_middle_high":{"dmean":0.00227096979506,"dmean2":0.00341025437228,"dvar":0.0000230161112995,"dvar2":0.0000498169392813,"max":0.095275297761,"mean":0.00611537368968,"median":0.00254146847874,"min":1.6082124835e-21,"var":0.0000771859413362},"spectral_energyband_middle_low":{"dmean":0.0039824815467,"dmean2":0.00641807401553,"dvar":0.0000602547297603,"dvar2":0.00014572654618,"max":0.165256857872,"mean":0.00636562472209,"median":0.00360184232704,"min":2.56331755723e-22,"var":0.000081253114331},"spectral_entropy":{"dmean":0.187741219997,"dmean2":0.26913318038,"dvar":0.0385196767747,"dvar2":0.0768533498049,"max":9.79228591919,"mean":7.55339384079,"median":7.62562942505,"min":5.2328877449,"var":0.220630466938},"spectral_flux":{"dmean":0.0242032427341,"dmean2":0.0373704135418,"dvar":0.000950015441049,"dvar2":0.0020011102315,"max":0.418349742889,"mean":0.0701522901654,"median":0.0603109151125,"min":6.91402560205e-11,"var":0.00241450057365},"spectral_kurtosis":{"dmean":1.81568193436,"dmean2":2.9241964817,"dvar":5.34562969208,"dvar2":13.0069961548,"max":44.9929504395,"mean":4.62245750427,"median":3.52047801018,"min":-1.21887338161,"var":13.6171302795},"spectral_rms":{"dmean":0.000790812133346,"dmean2":0.00117614900228,"dvar":0.00000111044789719,"dvar2":0.00000232680827139,"max":0.0147653287277,"mean":0.00360914762132,"median":0.00351389683783,"min":3.23916089263e-12,"var":0.00000376880507247},"spectral_rolloff":{"dmean":527.95111084,"dmean2":866.38269043,"dvar":833855.125,"dvar2":1990043,"max":18518.5546875,"mean":1728.73242188,"median":1421.19140625,"min":21.533203125,"var":2189506.25},"spectral_skewness":{"dmean":0.270017296076,"dmean2":0.41542378068,"dvar":0.0775281116366,"dvar2":0.177580863237,"max":5.54336595535,"mean":1.48288631439,"median":1.38195538521,"min":-0.483146429062,"var":0.374956816435},"spectral_spread":{"dmean":590665.1875,"dmean2":835856.5,"dvar":510080942080,"dvar2":961011122176,"max":41979536,"mean":4458908.5,"median":4136356,"min":916608,"var":2394469695490},"spectral_strongpeak":{"dmean":0.688426792622,"dmean2":1.1459274292,"dvar":1.86161708832,"dvar2":4.32087421417,"max":28.0009765625,"mean":1.19228947163,"median":0.314980983734,"min":0,"var":4.46853637695},"zerocrossingrate":{"dmean":0.0111511116847,"dmean2":0.0130731668323,"dvar":0.000145816593431,"dvar2":0.000196916007553,"max":0.50634765625,"mean":0.0669840201735,"median":0.06298828125,"min":0.0029296875,"var":0.00135592115112}},"metadata":{"audio_properties":{"analysis_sample_rate":44100,"bit_rate":192006,"codec":"mp3","downmix":"mix","equal_loudness":0,"length":825.495483398,"lossless":false,"md5_encoded":"8ff6efc2accfda948bb5175ea668ac78","replay_gain":-5.96996307373,"sample_rate":44100},"tags":{"acoustid_fingerprint":["AQADtJGkJUmSJEmSQjx6_EaPH5KQP8eLM8fDDL83eN_R77iQH7JzvERa3niE_EePnYanGz_0Dz76Qz_iH89xnfiPvmgcHk-29Phx4sKxK0fIHc7CrIR4gs_w_XABA0d-vMvx44fH8PgOatKLfngj5H-hH6GO5vmxI-SPZ_hx_LigHT-O84aOPLiiHH2e44XHPpj6JDhz1Cauoicuo8-LNHLGBDquYb-gMjDR0zi0w90ROuKOm2iOWsWXfMPExDoqF98O3MgPLZoORpqOh7qMU7zQ_Ydj1MeTGfkj_Aqa7OjCLMF97CaNzyfe4T8uPUPP44wTXLmwGw2zZTguC3xyIQyd435hXUcfaFqOH45z4Ub8HIx3GXyOhh8q97iUPEXFF-WFH3lyCHnROImF_2ClHGFHVNINMSFy8fDRH7sTE_lC6DnyHFPWEf1H1HoLPxeKsxXaBW5wJioYakPO4-EG9caqZfihNUkO_TiJH9_RyOsSxJoeEf_Qo0k-vCfOPMJzzA-iZ7iO72h64m-hV0gnPKjHDhd5tBcaPDqizjm-HyVzPAit7GCoHN_hkYcfo-SJegcfRkVao_iF_3hxVEwEIz_ysHAOd4R2zcajS6hhrsKXXIZ0nGURWllOHNmOpPzRKIp09Bnu7MHloakz4hJ-I3wdnMKdw6oP9kG8KsUftMsP5zryicMtVNJxPKZkNOcJpG5efEhPou2gKRfSXGh3XMrBPCd8_MekkdWEZz3-o6JyhBnLIMcldEwyNKOCNjq8HpPFB19afCS6fmi2BDwuoUy4E-kTPDTe69AYnTiR-7B68McXdFFWw2WOTscPHc_SHI129C1OZSf6ojz4Hpd09EOzCzlzXLohPyeeVQjBJM5y3MFI5XgYFRd1PEf7B1pU4l2KX0Gj6PFQJzinEy9uHQ0ZTFeKg9x6_Mhj6GImInxuNHxw5vgp3GByo16ESwmF5EPOhDgntKOI-0cTXnhwZsfh_XiObFyCXhBvZD_qC-V1TIp5DT9-Ep-KpkS4T0TyBPdR6fHRKLJxphJeeWiXwHswHTmaUGYhSWGUo9qD_PgleF4acFuO87iObsRK4pLoIEdyoj8ew5opvHqD-seUnXiiK-hzNAdxHbFSCnJO5AeTF_WLX8fK5PglDsdzlBShhdlxMsQz9HCPJz4qHf_xoMkaj8N040oZDXzwG8lsI8wZPCmNXzkOps_RHFfxEMmXHDlFNIOrpmh_dOHRVPHxhseP_3gleD_-4DryH1q2tESoT_jx4K9wNSgpULdQmRPeKJmOyHogXhf053g-bOpxOg7yNEW0G9_xJerwMdNQMTesSKiEvilELkc6m8WHmgqJ87gePEdJo5F95M2Q9PgFV6GL7zhFpE-K5BOL58IdUUO1pIdxP0jeBblkXHmCa8tRGVeOJA2z6cgV9Em5opl0HMlX5Dmaow23oY5pTPnw5PiJUHyChnqQS3Zx5zqaG-HCQ7uRZuFRLkqOO8eM5wGflAOT6kWoS0h8_Dv-RJgy5aLgGv0S5IGOyxfKJF8yNBW