{"lowlevel":{"average_loudness":0.824132561684,"barkbands":{"dmean":[0.00106423592661,0.00455279229209,0.00241294456646,0.00102252233773,0.00160354131367,0.0010048475815,0.00123435340356,0.000998160568997,0.00138457329012,0.00176899542566,0.00103556155227,0.000551997218281,0.000393643043935,0.000175063978531,0.000188434234587,0.000123768244521,0.0000703210389474,0.0000516749714734,0.000047138069931,0.0000246933286689,0.0000136936359922,0.00000745207671571,0.00000343636884281,0.00000155812165303,0.00000150747257521,0.00000268293956651,0.0000823701921036],"dmean2":[0.00176890275907,0.00757493916899,0.00415759906173,0.00175494072028,0.002582925139,0.00158009852748,0.00190758670215,0.00154581700917,0.00215390673839,0.00277313264087,0.00160361861344,0.000852158467751,0.000619665661361,0.000275229889667,0.000291061936878,0.000194904961972,0.000107958709123,0.0000771818449721,0.0000675248084008,0.0000345026419382,0.0000191196286323,0.0000106351126306,0.00000532673311682,0.00000258830732491,0.00000250447760664,0.00000420365586251,0.000108176973299],"dvar":[0.00000545929560758,0.0000663988321321,0.0000239364908339,0.00000657973941998,0.0000115771335913,0.00000512716087542,0.00000789484602137,0.00000485982991449,0.00000770242513681,0.0000146095881064,0.00000495991253047,0.00000117943125133,6.04082401878e-7,1.37144382961e-7,1.29138925331e-7,7.66172618683e-8,3.18059463211e-8,1.56849111477e-8,1.5556544497e-8,3.64577679157e-9,9.14930686768e-10,2.79401557446e-10,6.71516869888e-11,1.48823488255e-11,1.36480124077e-11,4.82906978294e-11,2.26862137964e-8],"dvar2":[0.0000134112397063,0.000165947058122,0.0000650603178656,0.0000179263552127,0.0000291971027764,0.0000117592589959,0.0000180521583388,0.0000109245765998,0.0000185804419743,0.0000355231386493,0.0000118831958389,0.00000288717569674,0.00000150007292632,3.42887631177e-7,3.14984816896e-7,1.89944458384e-7,7.37369276749e-8,3.49452911053e-8,3.34528671431e-8,7.39026129182e-9,1.74905068206e-9,5.50378742581e-10,1.5489697025e-10,3.58920532184e-11,3.28844000641e-11,1.02172138805e-10,3.80503379915e-8],"max":[0.0456695705652,0.115272060037,0.0893816500902,0.0398625023663,0.0503651872277,0.0474035404623,0.0679135024548,0.0629962533712,0.0638797059655,0.0832467153668,0.0381646491587,0.0169121138752,0.0146158691496,0.00716993398964,0.00476787239313,0.00522726448253,0.00297836516984,0.00334924622439,0.0039646322839,0.00198899279349,0.000713290239219,0.000327751185978,0.000177033725777,0.000111911569547,0.000108149033622,0.000294360565022,0.00324642844498],"mean":[0.000986334285699,0.00497325509787,0.00268442952074,0.00109640986193,0.00226699770428,0.00140064302832,0.0017730233958,0.00154051883146,0.00213283230551,0.00250205746852,0.00144325429574,0.00076831743354,0.000565237714909,0.000258553336607,0.000298252474749,0.000177277412149,0.00010399344319,0.0000811814243207,0.0000717863949831,0.0000392090296373,0.0000213875227928,0.0000106575998871,0.00000389292927139,0.00000144234843447,0.00000141297857681,0.00000306535753225,0.000193691797904],"median":[0.000192093240912,0.00184312602505,0.00100480893161,0.00036760859075,0.000783797120675,0.000388204789488,0.000438432442024,0.000366596621461,0.000592426687945,0.000443178811111,0.000233761529671,0.000198280176846,0.000159869290655,0.0000823093359941,0.0000860448344611,0.000051610833907,0.0000288061000902,0.0000200471204153,0.00001466948288,0.00000790453304944,0.00000459863804281,0.00000223769211516,8.07913636436e-7,3.00573788081e-7,3.1057106753e-7,7.54669315484e-7,0.0000881176601979],"min":[2.13722850722e-24,1.79783135794e-23,1.3457955999e-23,1.72824688412e-23,3.27409082538e-23,7.46604592645e-23,3.51280392184e-23,4.21918405516e-23,4.6613872931e-23,9.53699260492e-23,1.17770496045e-22,7.28185447815e-23,9.17397333138e-23,3.70252118301e-23,9.02244387999e-23,1.69161376141e-22,1.85520988163e-22,1.18092805678e-22,1.93126591788e-22,2.69735423892e-22,3.85968714023e-22,7.89329375003e-22,6.9537041188e-22,6.02545388976e-22,1.09347147846e-21,1.58870285522e-21,2.52330940988e-21],"var":[0.00000518663728144,0.0000708387233317,0.0000254997339653,0.00000561174010727,0.0000166763838934,0.00000913783514989,0.0000153262899403,0.0000140855672726,0.0000161486859724,0.000027570524253,0.00000933210503717,0.00000187256307527,9.80568302111e-7,2.09809741136e-7,2.52166330483e-7,1.09586729025e-7,4.63207570078e-8,2.78806222553e-8,2.98768938478e-8,7.78502506904e-9,2.22370499792e-9,5.62810353877e-10,8.54937509676e-11,1.55372121419e-11,1.42999596539e-11,6.47744635707e-11,7.93924428422e-8]},"barkbands_crest":{"dmean":3.15954709053,"dmean2":5.23203468323,"dvar":7.33177280426,"dvar2":19.1223735809,"max":26.1589889526,"mean":10.1790723801,"median":9.24794864655,"min":2.79100036621,"var":19.0965213776},"barkbands_flatness_db":{"dmean":0.034129422158,"dmean2":0.053970977664,"dvar":0.000930778100155,"dvar2":0.0023603879381,"max":0.48475420475,"mean":0.175358846784,"median":0.165293619037,"min":0.0320763364434,"var":0.00356390303932},"barkbands_kurtosis":{"dmean":8.52969741821,"dmean2":13.6131973267,"dvar":444.654388428,"dvar2":1043.23071289,"max":528.157470703,"mean":13.2277183533,"median":4.74873304367,"min":-1.83817327023,"var":958.157226562},"barkbands_skewness":{"dmean":0.871350705624,"dmean2":1.33247697353,"dvar":1.01580488682,"dvar2":2.30087304115,"max":18.6423606873,"mean":2.02377581596,"median":1.52995157242,"min":-2.06055021286,"var":3.65264582634},"barkbands_spread":{"dmean":5.41355895996,"dmean2":8.25771713257,"dvar":63.9206314087,"dvar2":139.430526733,"max":134.936294556,"mean":16.7456912994,"median":14.3214025497,"min":0.289767682552,"var":221.498397827},"dissonance":{"dmean":0.0314207524061,"dmean2":0.052842784673,"dvar":0.00103982281871,"dvar2":0.00277477921918,"max":0.500000119209,"mean":0.450359195471,"median":0.463749736547,"min":0.146415889263,"var":0.00207371683791},"dynamic_complexity":6.50930547714,"erbbands":{"dmean":[0.150815114379,0.994819521904,2.81045413017,2.92018771172,4.60366106033,5.93287229538,5.4043803215,9.68691635132,12.7674350739,24.242395401,21.8176860809,33.5449752808,38.5133590698,58.484161377,33.9962234497,22.1357059479,19.0104198456,10.30626297,8.09080123901,9.42280483246,5.36675834656,3.76242542267,2.82347345352,2.54507875443,2.05406713486,1.20627486706,0.746281504631,0.433127582073,0.270831108093,0.184486985207,0.081944771111,0.0364722050726,0.0249700397253,0.0169837418944,0.0106647964567,0.00601508282125,0.00426770187914,0.00746029103175,0.00544497789815,0.00246610445902],"dmean2":[0.258685857058,1.65803408623,4.77126407623,5.01357460022,7.50256681442,9.66721916199,8.73171615601,15.2646541595,19.8152313232,37.2792358398,33.5687065125,52.1752471924,60.2010955811,91.4650802612,51.8384361267,33.8471107483,29.6942749023,15.8927488327,12.5576534271,14.5942783356,8.28202724457,5.68839550018,4.22908735275,3.63199663162,2.93574047089,1.67040681839,1.04043745995,0.604287266731,0.386434018612,0.274573981762,0.128264546394,0.0598558858037,0.0414776355028,0.0282162670046,0.0177044589072,0.00995910540223,0.00667207688093,0.0101060923189,0.00677815778181,0.0030983320903],"dvar":[0.103284314275,3.34905266762,32.2562103271,41.0543632507,109.207336426,183.104614258,154.908340454,522.125793457,813.135864258,3579.19067383,2139.3840332,5059.34033203,8002.20019531,17574.5703125,5107.32861328,1873.38598633,1454.17651367,436.170440674,252.774887085,345.535736084,166.911804199,93.2986907959,41.1663398743,46.557800293,27.9874076843,8.76039886475,2.79803848267,0.972205340862,0.368679851294,0.209605634212,0.0356664471328,0.00768955424428,0.00380008295178,0.00174299650826,0.000678338168655,0.000209820776945,0.000100936638773,0.000371713162167,0.000135125679662,0.0000182182448043],"dvar2":[0.275115281343,8.35150527954,83.595161438,112.832008362,281.174560547,462.101867676,394.423034668,1198.03991699,1799.93798828,8220.80957031,4590.33837891,12176.7998047,18386.4414062,43631.8242188,12418.7294922,4616.58251953,3622.43847656,1090.66894531,619.135925293,850.27734375,398.42565918,213.411880493,94.3492279053,96.6677017212,56.1490287781,17.4705505371,5.66469144821,1.78211426735,0.720866799355,0.456881582737,0.0820576101542,0.0184252280742,0.00916219782084,0.00420169858262,0.00163304759189,0.000503559247591,0.000213354258449,0.000711179745849,0.000215522581129,0.00002787298763],"max":[2.5976099968,32.5649299622,108.139381409,98.2399749756,170.889709473,198.028030396,215.078674316,495.581329346,713.268310547,1382.05883789,1584.10742188,1957.94116211,2893.02514648,2673.79736328,1111.76220703,696.301452637,762.89465332,369.875305176,232.549957275,253.38923645,257.469940186,181.46711731,116.096321106,264.442474365,184.122299194,101.638626099,46.9294967651,31.0590400696,14.2653570175,11.684803009,4.15711355209,2.48024177551,1.79281187057,1.21968019009,0.763871133327,0.426713824272,0.359060794115,0.619071722031,0.297753334045,0.0914472416043],"mean":[0.138503268361,1.12509024143,3.23184418678,3.42815065384,6.07517290115,7.78383970261,6.99543762207,13.5196666718,18.4410209656,36.1466827393,36.274684906,51.5322303772,58.5113983154,84.6776885986,50.7590103149,33.1653213501,28.0842227936,16.2621116638,13.1827402115,14.8357753754,8.29838943481,5.79501485825,4.50667858124,3.93673467636,3.20446753502,1.92979562283,1.16364371777,0.669565558434,0.394339084625,0.234968662262,0.0918249636889,0.0353968068957,0.0232541672885,0.015868473798,0.010067990981,0.00581964477897,0.00506487628445,0.0112515920773,0.0106043349952,0.00617579789832],"median":[0.0400527603924,0.434199333191,1.23931932449,1.45934677124,1.89807462692,2.37590932846,2.32427144051,3.6833615303,5.61803197861,7.61265516281,10.10364151,14.450879097,15.1796445847,13.9646759033,10.2922115326,9.80040645599,8.20568275452,5.42804956436,4.53641462326,4.38820791245,2.68798971176,1.65208590031,1.18423771858,0.873038947582,0.651949822903,0.395177781582,0.248868718743,0.145019099116,0.0854889526963,0.0465227477252,0.0208288133144,0.00890455115587,0.0049807545729,0.00344848423265,0.00226887338795,0.00143556599505,0.00145340897143,0.00223791413009,0.00299840490334,0.00323758064769],"min":[4.08304938212e-22,4.27254376799e-21,1.61705311766e-20,3.55214328679e-20,8.9033824339e-20,8.63744515944e-20,4.97273687307e-19,5.36356937274e-19,5.24895987996e-19,3.78499546933e-19,1.24036777168e-18,9.01904386778e-19,3.74824569587e-18,4.43081238988e-18,1.99564002262e-18,3.60338072802e-18,4.17283212762e-18,2.84437799591e-18,2.60946842132e-18,7.61217508195e-18,8.87832142043e-18,1.07748695484e-17,7.09337153766e-18,9.58341927356e-18,8.85529271218e-18,1.49278820149e-17,2.08263713054e-17,1.22750583694e-17,2.021361576e-17,3.32049885516e-17,1.70949761058e-17,1.2999485779e-17,1.12345693835e-17,1.2975825932e-17,6.81822893205e-18,4.61340258394e-18,3.54279098892e-18,1.23068882793e-18,3.64496490687e-19,4.01476957064e-20],"var":[0.0821940228343,3.84555411339,37.2605323792,38.7593841553,155.23638916,234.131942749,188.84362793,936.794494629,1455.3013916,8227.90332031,6728.20019531,10362.7333984,16031.9228516,32447.5195312,9161.328125,3165.39892578,2393.54052734,732.470092773,455.312896729,636.403625488,243.236297607,141.584503174,73.2150039673,87.9268493652,59.7417030334,19.3449935913,6.39899015427,2.33289241791,0.757467567921,0.322551727295,0.0443296059966,0.00821441039443,0.00397114176303,0.00182369584218,0.000712842505891,0.000222779752221,0.00013999537623,0.00073375296779,0.000433505629189,0.0000664759063511]},"erbbands_crest":{"dmean":3.25358939171,"dmean2":5.26953792572,"dvar":9.06353473663,"dvar2":22.305688858,"max":31.979352951,"mean":10.3439445496,"median":9.1834602356,"min":2.27652740479,"var":24.1921634674},"erbbands_flatness_db":{"dmean":0.0319179929793,"dmean2":0.0484222397208,"dvar":0.000738721806556,"dvar2":0.00177424983121,"max":0.424440205097,"mean":0.188706859946,"median":0.186365142465,"min":0.036910533905,"var":0.00324271526188},"erbbands_kurtosis":{"dmean":1.86400485039,"dmean2":2.9371535778,"dvar":8.30244064331,"dvar2":21.2965126038,"max":64.9498901367,"mean":2.30205464363,"median":1.1939997673,"min":-1.7613120079,"var":18.7843933105},"erbbands_skewness":{"dmean":0.462277561426,"dmean2":0.708157539368,"dvar":0.195395722985,"dvar2":0.448345243931,"max":6.69653081894,"mean":0.370825856924,"median":0.232606768608,"min":-3.78945994377,"var":0.940660059452},"erbbands_spread":{"dmean":6.81381654739,"dmean2":10.2903909683,"dvar":58.7796401978,"dvar2":132.336105347,"max":133.871582031,"mean":21.9568824768,"median":17.4366798401,"min":1.02105367184,"var":241.357177734},"gfcc":{"cov":[[18538.6523438,1504.29492188,-1943.22192383,-1448.57678223,-87.684425354,-576.739013672,-177.465072632,184.163482666,13.5275020599,-98.6689910889,150.107025146,-281.546142578,392.704956055],[1504.29492188,1219.48217773,-35.3713493347,-479.002960205,40.07213974,-43.7508163452,-49.7718315125,18.6535587311,8.73534679413,-48.2777099609,48.3463287354,-132.735488892,151.233306885],[-1943.22192383,-35.3713493347,805.930664062,425.707672119,-108.354240417,236.488830566,-137.637283325,101.061325073,-73.3109817505,35.2979125977,-25.3234939575,14.4299192429,-50.2703895569],[-1448.57678223,-479.002960205,425.707672119,719.49230957,141.393783569,2.02683377266,89.6075286865,-26.9697723389,-19.1136665344,15.4748258591,-45.9175567627,76.5189437866,-116.084030151],[-87.684425354,40.07213974,-108.354240417,141.393783569,332.738769531,-18.5572319031,163.299865723,-65.8030319214,20.7215576172,-28.8524684906,4.8208656311,-6.8578004837,1.63120269775],[-576.739013672,-43.7508163452,236.488830566,2.02683377266,-18.5572319031,385.626281738,-82.536857605,113.703392029,-58.0488243103,17.0075473785,9.47617530823,-11.3423519135,13.7451190948],[-177.465072632,-49.7718315125,-137.637283325,89.6075286865,163.299865723,-82.536857605,301.653503418,-47.5596237183,87.9336471558,1.97396624088,-6.91819047928,40.8523025513,-49.3140220642],[184.163482666,18.6535587311,101.061325073,-26.9697723389,-65.8030319214,113.703392029,-47.5596237183,197.230789185,47.4258079529,42.2113876343,12.5776910782,-34.5549240112,25.5028896332],[13.5275020599,8.73534679413,-73.3109817505,-19.1136665344,20.7215576172,-58.0488243103,87.9336471558,47.4258079529,147.494873047,56.7206039429,5.71761989594,11.3097362518,-23.4081287384],[-98.6689910889,-48.2777099609,35.2979125977,15.4748258591,-28.8524684906,17.0075473785,1.97396624088,42.2113876343,56.7206039429,79.5681838989,32.6451835632,13.8940420151,-10.7720355988],[150.107025146,48.3463287354,-25.3234939575,-45.9175567627,4.8208656311,9.47617530823,-6.91819047928,12.5776910782,5.71761989594,32.6451835632,65.708946228,22.4180107117,25.623380661],[-281.546142578,-132.735488892,14.4299192429,76.5189437866,-6.8578004837,-11.3423519135,40.8523025513,-34.5549240112,11.3097362518,13.8940420151,22.4180107117,97.5908050537,-6.06908988953],[392.704956055,151.233306885,-50.2703895569,-116.084030151,1.63120269775,13.7451190948,-49.3140220642,25.5028896332,-23.4081287384,-10.7720355988,25.623380661,-6.06908988953,100.288032532]],"icov":[[0.000116827417514,-0.000318679085467,0.000655459531117,-0.000397190655349,0.000247736170422,-0.0000370479465346,0.000144725025166,-0.000410846376326,0.000391105626477,-0.000239914952544,0.000104868187918,-0.000103815247712,0.000101032019302],[-0.000318679085467,0.00368910538964,-0.00473941862583,0.00421514501795,-0.00224547577091,0.00154519779608,-0.00110160245094,0.00207957834937,-0.00285510276444,0.00326749845408,-0.00291997403838,0.00309802638367,-0.00243956455961],[0.000655459531117,-0.00473941862583,0.0104782367125,-0.00877976510674,0.00555221177638,-0.0039376989007,0.00206130649894,-0.00273084687069,0.0032074409537,-0.00342735112645,0.00206308369525,-0.00137614132836,0.00159758864902],[-0.000397190655349,0.00421514501795,-0.00877976510674,0.0113330865279,-0.00819026678801,0.00508211646229,-0.000892681768164,-0.00121820659842,0.00206859409809,-0.0014080342371,0.00312173855491,-0.00364173925482,0.00253720488399],[0.000247736170422,-0.00224547577091,0.00555221177638,-0.00819026678801,0.0115661332384,-0.00490990141407,-0.00281317089684,0.00429120939225,-0.00443731248379,0.00506312027574,-0.00652531394735,0.00720319291577,-0.00465959822759],[-0.0000370479465346,0.00154519779608,-0.0039376989007,0.00508211646229,-0.00490990141407,0.00688796397299,0.000152991371579,-0.00454012816772,0.00500482460484,-0.00296967639588,0.00256528472528,-0.00324057159014,0.00208695000038],[0.000144725025166,-0.00110160245094,0.00206130649894,-0.000892681768164,-0.00281317089684,0.000152991371579,0.00759916380048,-0.00144534930587,-0.00176383799408,0.000066804132075,0.00202439143322,-0.00457822717726,0.00402468023822],[-0.000410846376326,0.00207957834937,-0.00273084687069,-0.00121820659842,0.00429120939225,-0.00454012816772,-0.00144534930587,0.0153090907261,-0.011819249019,0.00506938993931,-0.0071872388944,0.0105973584577,-0.00809402298182],[0.000391105626477,-0.00285510276444,0.0032074409537,0.00206859409809,-0.00443731248379,0.00500482460484,-0.00176383799408,-0.011819249019,0.0256715919822,-0.020640835166,0.0142627125606,-0.0108571816236,0.00777445547283],[-0.000239914952544,0.00326749845408,-0.00342735112645,-0.0014080342371,0.00506312027574,-0.00296967639588,0.000066804132075,0.00506938993931,-0.020640835166,0.0389242991805,-0.025166278705,0.00965438690037,-0.00189000007231],[0.000104868187918,-0.00291997403838,0.00206308369525,0.00312173855491,-0.00652531394735,0.00256528472528,0.00202439143322,-0.0071872388944,0.0142627125606,-0.025166278705,0.0383999198675,-0.0168021991849,0.00101590249687],[-0.000103815247712,0.00309802638367,-0.00137614132836,-0.00364173925482,0.00720319291577,-0.00324057159014,-0.00457822717726,0.0105973584577,-0.0108571816236,0.00965438690037,-0.0168021991849,0.0261765494943,-0.00940966513008],[0.000101032019302,-0.00243956455961,0.00159758864902,0.00253720488399,-0.00465959822759,0.00208695000038,0.00402468023822,-0.00809402298182,0.00777445547283,-0.00189000007231,0.00101590249687,-0.00940966513008,0.0216018278152]],"mean":[-85.7370681763,125.505477905,-92.1804199219,-15.2133150101,-14.6641206741,-14.8518733978,6.01940822601,-12.4525003433,-3.88749718666,-9.60082435608,-8.38173675537,-6.60549259186,-6.17712068558]},"hfc":{"dmean":18.4327392578,"dmean2":23.8166446686,"dvar":864.25,"dvar2":1428.64282227,"max":448.281921387,"mean":44.4466018677,"median":26.5743637085,"min":1.17276608457e-16,"var":2782.95605469},"melbands":{"dmean":[0.00129943934735,0.00138899683952,0.000529663229827,0.000384051789297,0.000197653629584,0.000209604899283,0.000210243350011,0.000252292433288,0.000189024285646,0.000208115277928,0.000198997469852,0.000248317839578,0.000125947626657,0.0000709960368113,0.0000454848122899,0.0000369560730178,0.0000190907903743,0.0000128455631057,0.0000146366355693,0.0000111538256533,0.00000576131833441,0.00000434359753854,0.00000299264547721,0.00000246603758569,0.00000213555154005,0.00000183887607363,0.00000110956727895,7.85793645264e-7,5.31770979251e-7,3.35991586553e-7,2.43899734187e-7,1.68850334603e-7,1.27007623973e-7,9.34870385549e-8,5.25355865477e-8,2.8677204611e-8,2.0248670296e-8,1.77347203589e-8,1.56330859369e-8,1.38661953031e-8],"dmean2":[0.00217098067515,0.0023311234545,0.000892570533324,0.000618355290499,0.000317310419632,0.000329880713252,0.000325118657202,0.00038718880387,0.000291952281259,0.000324883090798,0.000311880256049,0.000389404332964,0.000193572195712,0.000109278102173,0.0000708108927938,0.0000585353700444,0.0000299581934087,0.000020386196411,0.0000226814736379,0.0000176413723239,0.00000898515190784,0.00000671913130645,0.00000460268483948,0.00000370315410692,0.00000312515362566,0.00000270012947112,0.0000016033849306,0.00000112819645892,7.69247662902e-7,4.81206598124e-7,3.51533032017e-7,2.46100825052e-7,1.89533665207e-7,1.42523134627e-7,8.28260340313e-8,4.67604266419e-8,3.3648767328e-8,2.94784676669e-8,2.59834447291e-8,2.30382806166e-8],"dvar":[0.00000601859164817,0.0000070321380008,0.00000128715510073,6.78123285525e-7,1.95425968741e-7,2.32670217315e-7,2.09182971389e-7,3.616392803e-7,1.47936006556e-7,1.9154086317e-7,2.13399488302e-7,3.17346803058e-7,6.8627514338e-8,1.88673379142e-8,7.37063388101e-9,6.17452533547e-9,1.64235369748e-9,6.71938338304e-10,8.78525086012e-10,5.46393819079e-10,2.19779000554e-10,1.32891100901e-10,4.73331200623e-11,3.62360939865e-11,3.48450990284e-11,2.34167876062e-11,8.65196976563e-12,4.06169672548e-12,1.56012962965e-12,6.0620383496e-13,3.31970860306e-13,1.53905032707e-13,9.66405774849e-14,5.8836162125e-14,1.55810067404e-14,4.54054510123e-15,2.52304264043e-15,1.92204692984e-15,1.48422671672e-15,1.15996143456e-15],"dvar2":[0.0000154075951286,0.0000175116492755,0.00000343526448887,0.00000171122792381,4.93302195537e-7,5.32930016561e-7,4.72492814652e-7,8.32729313061e-7,3.29637117602e-7,4.68361434969e-7,4.91976209105e-7,7.90971455444e-7,1.64470776554e-7,4.5509498392e-8,1.82097998902e-8,1.56113451055e-8,4.15273460064e-9,1.68380265286e-9,2.1574040332e-9,1.38958544671e-9,5.25376131488e-10,3.13699122234e-10,1.11847801854e-10,8.43824454755e-11,7.42200814696e-11,5.17054767057e-11,1.81311389513e-11,8.83009550895e-12,3.41888865309e-12,1.26441337869e-12,6.41189846443e-13,3.15713790831e-13,2.08600972325e-13,1.33306655103e-13,3.62138568915e-14,1.08466575362e-14,6.08531042736e-15,4.63594388098e-15,3.57946255576e-15,2.79611843932e-15],"max":[0.0237757377326,0.0543741360307,0.0165605209768,0.0114160552621,0.00954825244844,0.0102357985452,0.0117521174252,0.0142832556739,0.0113854249939,0.0125839840621,0.0149384625256,0.0109098171815,0.00458731409162,0.00195586425252,0.0011975299567,0.00170195871033,0.000832604186144,0.000345189240761,0.000474187487271,0.000374414346879,0.000269890530035,0.000208566940273,0.000109442873509,0.000161872274475,0.00023030450393,0.000132922257762,0.000112125249871,0.0000688548097969,0.0000338870559062,0.0000181326631719,0.0000210269754461,0.00000980266304396,0.00000680011680743,0.0000061756127252,0.00000278507172879,0.00000187292562259,0.00000145381557104,0.00000127518205773,0.00000112359998639,9.95617369881e-7],"mean":[0.00135647773277,0.00167358305771,0.000674030045047,0.000528811884578,0.000265196809778,0.000294412573567,0.000306654023007,0.00038465342368,0.000304037617752,0.000315263721859,0.000291397445835,0.000350650312612,0.000181206720299,0.000103100188426,0.0000671061352477,0.0000521624751855,0.000027674197554,0.0000192934148799,0.0000225511103054,0.000016247118765,0.00000832461319078,0.00000626517521596,0.00000451617233921,0.00000372709746443,0.00000311884309667,0.00000269598922387,0.00000168917449628,0.00000118967068374,7.90470323864e-7,4.9272648539e-7,3.59526609373e-7,2.3819742978e-7,1.67424687447e-7,1.11715593221e-7,5.79309258342e-8,2.82087384562e-8,1.87097093374e-8,1.6422099236e-8,1.45271048524e-8,1.29476909194e-8],"median":[0.000495576998219,0.000719516014215,0.000295095116599,0.000167943406268,0.0000897793870536,0.0000821184075903,0.0000897716890904,0.0000823375303298,0.000083542217908,0.0000866752307047,0.000070136062277,0.0000524129791302,0.0000330548718921,0.0000258154395851,0.0000211658352782,0.0000142775306813,0.00000844749865792,0.00000639527434032,0.00000610368078924,0.00000471312023365,0.0000025465399176,0.00000173603189069,0.00000118495188417,8.84679479896e-7,6.43953512736e-7,5.41245412933e-7,3.20379939467e-7,2.38863009372e-7,1.64806706948e-7,1.04539800816e-7,7.61860547982e-8,5.10424236211e-8,3.27563256519e-8,2.09126973516e-8,1.21380088203e-8,6.90653223501e-9,3.90032850461e-9,3.43687056592e-9,3.07658898357e-9,2.78881961968e-9],"min":[4.05281826007e-24,7.74345549021e-24,8.26425830439e-24,5.65391323028e-24,1.41276720863e-23,1.21155356194e-23,7.99757046474e-24,3.80860467319e-24,1.02780371797e-23,6.54604588875e-24,1.82755595239e-23,1.65002091241e-23,9.80489418595e-24,8.17378305831e-24,7.18073024094e-24,9.82748242911e-24,4.66519125928e-24,3.17448849807e-24,8.1361954139e-24,1.12808584616e-23,1.02187945146e-23,1.14992451369e-23,8.64290049484e-24,5.07713363512e-24,8.11572605113e-24,6.74672579215e-24,6.08783287651e-24,1.08624466375e-23,1.28834428012e-23,8.86177231958e-24,7.30832612577e-24,9.6874966949e-24,1.86905792462e-23,1.77877263624e-23,1.06570422462e-23,7.34721539068e-24,7.7262638445e-24,7.4037380634e-24,9.80015234305e-24,1.11233008508e-23],"var":[0.00000567142069485,0.00000874078887136,0.00000135670552481,9.69900952441e-7,2.47671351872e-7,4.21027721131e-7,3.78153600877e-7,8.69528150815e-7,4.1478031676e-7,3.77073178015e-7,4.21398368644e-7,5.7360171013e-7,1.28250874809e-7,3.29277156652e-8,1.23330412549e-8,9.15927600431e-9,2.48942599868e-9,1.05828090735e-9,1.62336077913e-9,8.4591256222e-10,2.94483798458e-10,1.83892137628e-10,7.5529603405e-11,6.09996844703e-11,6.15574952123e-11,4.17231665883e-11,1.78278121432e-11,7.68525781208e-12,3.06640650372e-12,1.28731964325e-12,7.14095503649e-13,2.9222013264e-13,1.57674939186e-13,8.07287044288e-14,1.90416242209e-14,4.84020926434e-15,2.63248755578e-15,2.00567025756e-15,1.55020899512e-15,1.21368661682e-15]},"melbands_crest":{"dmean":4.53652477264,"dmean2":7.55961227417,"dvar":14.1703777313,"dvar2":39.3718490601,"max":36.511592865,"mean":15.0097541809,"median":14.0921058655,"min":1.99827039242,"var":37.8733901978},"melbands_flatness_db":{"dmean":0.0424659177661,"dmean2":0.0671014338732,"dvar":0.00138331903145,"dvar2":0.00349695095792,"max":0.649166762829,"mean":0.291636496782,"median":0.281734079123,"min":0.00572208315134,"var":0.0055752065964},"melbands_kurtosis":{"dmean":10.8914556503,"dmean2":17.2706489563,"dvar":680.732910156,"dvar2":1619.8918457,"max":813.985717773,"mean":15.6939249039,"median":3.06418418884,"min":-1.74091351032,"var":1602.39282227},"melbands_skewness":{"dmean":1.0133882761,"dmean2":1.55520272255,"dvar":1.28485071659,"dvar2":3.09635543823,"max":19.2096557617,"mean":2.17788887024,"median":1.54710769653,"min":-2.66954660416,"var":5.25913333893},"melbands_spread":{"dmean":5.17216205597,"dmean2":8.02805995941,"dvar":47.4717216492,"dvar2":102.710845947,"max":152.061691284,"mean":15.5271759033,"median":14.4297075272,"min":0.25156095624,"var":152.07220459},"mfcc":{"cov":[[14510.0488281,2771.96191406,-2589.29443359,-39.7388114929,-952.590820312,-287.097381592,-399.915039062,-79.4811325073,35.0648078918,-74.2400360107,-18.7444000244,-124.091186523,64.9137573242],[2771.96191406,1894.30786133,-413.303588867,-330.806396484,-143.463470459,-147.327194214,-62.0561943054,-84.5874176025,47.5044670105,-27.9019832611,-49.5875854492,-18.9169406891,-17.5785121918],[-2589.29443359,-413.303588867,1141.77575684,10.3109369278,272.223083496,32.1151618958,59.022731781,33.8595428467,-28.3821125031,33.4663887024,-1.43116688728,49.6134300232,-35.9065170288],[-39.7388114929,-330.806396484,10.3109369278,685.731689453,25.2256259918,98.9427642822,18.9849243164,38.5731010437,0.493141442537,-13.3715333939,51.4661827087,-30.6534576416,14.5788040161],[-952.590820312,-143.463470459,272.223083496,25.2256259918,287.026306152,68.6457290649,93.3185348511,21.7807502747,13.2083683014,10.125377655,-18.3005104065,22.8944244385,-20.2232208252],[-287.097381592,-147.327194214,32.1151618958,98.9427642822,68.6457290649,197.830154419,92.4674453735,53.4378700256,-8.90026569366,-9.54078483582,3.97400355339,-11.7324743271,19.0121440887],[-399.915039062,-62.0561943054,59.022731781,18.9849243164,93.3185348511,92.4674453735,163.195739746,54.8259544373,17.0379962921,-1.0687892437,-10.7054414749,4.07720470428,-3.24091482162],[-79.4811325073,-84.5874176025,33.8595428467,38.5731010437,21.7807502747,53.4378700256,54.8259544373,99.0051727295,43.1161727905,23.2775802612,17.1501045227,6.41378593445,10.2263479233],[35.0648078918,47.5044670105,-28.3821125031,0.493141442537,13.2083683014,-8.90026569366,17.0379962921,43.1161727905,100.544578552,57.4860038757,32.4669494629,19.08086586,-1.61506724358],[-74.2400360107,-27.9019832611,33.4663887024,-13.3715333939,10.125377655,-9.54078483582,-1.0687892437,23.2775802612,57.4860038757,85.4253005981,54.3613319397,26.9166164398,3.68291544914],[-18.7444000244,-49.5875854492,-1.43116688728,51.4661827087,-18.3005104065,3.97400355339,-10.7054414749,17.1501045227,32.4669494629,54.3613319397,89.1006393433,43.6691894531,12.5059175491],[-124.091186523,-18.9169406891,49.6134300232,-30.6534576416,22.8944244385,-11.7324743271,4.07720470428,6.41378593445,19.08086586,26.9166164398,43.6691894531,68.69165802,24.6802959442],[64.9137573242,-17.5785121918,-35.9065170288,14.5788040161,-20.2232208252,19.0121440887,-3.24091482162,10.2263479233,-1.61506724358,3.68291544914,12.5059175491,24.6802959442,58.5679855347]],"icov":[[0.000183632189874,-0.000227935364819,0.000336685363436,-0.000159381786943,0.000213448875002,-0.0000370031593775,0.000317825673847,-0.00047789371456,0.000448261911515,-0.000437102629803,0.00046964752255,-0.000453623360954,0.000291610369459],[-0.000227935364819,0.000975530943833,-0.000268181232968,0.000493858533446,-0.000148858016473,0.000253987120232,-0.000518531771377,0.00119803962298,-0.00146877369843,0.00118358770851,-0.000643137609586,0.000788038247265,-0.000423325574957],[0.000336685363436,-0.000268181232968,0.00198852038011,-0.000376386684366,-0.000665428000502,0.0000980362165137,0.000923346669879,-0.00179251411464,0.0023957581725,-0.00215839734301,0.00182498246431,-0.00232931692153,0.00175530044362],[-0.000159381786943,0.000493858533446,-0.000376386684366,0.00235758488998,-0.000884208420757,-0.000104651458969,-0.000211078411667,0.000514714163728,-0.00156130094547,0.00324615044519,-0.00463227182627,0.00420021917671,-0.00189363700338],[0.000213448875002,-0.000148858016473,-0.000665428000502,-0.000884208420757,0.00714839436114,-0.0023078143131,-0.00163279869594,0.00104802660644,-0.000595710705966,-0.0028159969952,0.00616350071505,-0.00644651055336,0.00403610197827],[-0.0000370031593775,0.000253987120232,0.0000980362165137,-0.000104651458969,-0.0023078143131,0.00998849608004,-0.00428863661364,-0.00269540934823,0.0021207863465,0.00215458427556,-0.00537903932855,0.00679077440873,-0.00539262127131],[0.000317825673847,-0.000518531771377,0.000923346669879,-0.000211078411667,-0.00163279869594,-0.00428863661364,0.0119068976492,-0.00514153297991,0.000355466996552,-0.000646595668513,0.00417276192456,-0.00452218251303,0.00356080685742],[-0.00047789371456,0.00119803962298,-0.00179251411464,0.000514714163728,0.00104802660644,-0.00269540934823,-0.00514153297991,0.0197788253427,-0.0102485595271,0.00267838570289,-0.00307427835651,0.0039331051521,-0.00429097190499],[0.000448261911515,-0.00146877369843,0.0023957581725,-0.00156130094547,-0.000595710705966,0.0021207863465,0.000355466996552,-0.0102485595271,0.024711875245,-0.016510579735,0.00539419660345,-0.00614240113646,0.00499100005254],[-0.000437102629803,0.00118358770851,-0.00215839734301,0.00324615044519,-0.0028159969952,0.00215458427556,-0.000646595668513,0.00267838570289,-0.016510579735,0.0352078564465,-0.0225964877754,0.0109181497246,-0.00591193092987],[0.00046964752255,-0.000643137609586,0.00182498246431,-0.00463227182627,0.00616350071505,-0.00537903932855,0.00417276192456,-0.00307427835651,0.00539419660345,-0.0225964877754,0.0401502847672,-0.0277253873646,0.0108802178875],[-0.000453623360954,0.000788038247265,-0.00232931692153,0.00420021917671,-0.00644651055336,0.00679077440873,-0.00452218251303,0.0039331051521,-0.00614240113646,0.0109181497246,-0.0277253873646,0.0430210009217,-0.0201662611216],[0.000291610369459,-0.000423325574957,0.00175530044362,-0.00189363700338,0.00403610197827,-0.00539262127131,0.00356080685742,-0.00429097190499,0.00499100005254,-0.00591193092987,0.0108802178875,-0.0201662611216,0.0289459899068]],"mean":[-746.205688477,185.862167358,-14.6783399582,18.1129608154,-4.1396689415,9.86594200134,7.50409173965,7.29779338837,6.90867710114,3.23423242569,2.32675981522,-1.50148904324,2.34302735329]},"pitch_salience":{"dmean":0.0950057432055,"dmean2":0.15841960907,"dvar":0.00650072842836,"dvar2":0.0176680702716,"max":0.882996618748,"mean":0.569241166115,"median":0.586624860764,"min":0.0954109057784,"var":0.0155520252883},"silence_rate_20dB":{"dmean":0,"dmean2":0,"dvar":0,"dvar2":0,"max":1,"mean":1,"median":1,"min":1,"var":0},"silence_rate_30dB":{"dmean":0.0266457684338,"dmean2":0.0532984994352,"dvar":0.0259368438274,"dvar2":0.0648253858089,"max":1,"mean":0.978973507881,"median":1,"min":0,"var":0.0205847341567},"silence_rate_60dB":{"dmean":0.0527690686285,"dmean2":0.105551928282,"dvar":0.0499790050089,"dvar2":0.106445662677,"max":1,"mean":0.176048055291,"median":0,"min":0,"var":0.145065411925},"spectral_centroid":{"dmean":179.933578491,"dmean2":259.575012207,"dvar":71711.046875,"dvar2":120461.804688,"max":10840.4345703,"mean":849.073059082,"median":760.728027344,"min":105.185997009,"var":311066.9375},"spectral_complexity":{"dmean":3.21447229385,"dmean2":4.33729600906,"dvar":13.6638793945,"dvar2":20.8796844482,"max":52,"mean":13.4449520111,"median":13,"min":0,"var":93.7120132446},"spectral_contrast_coeffs":{"dmean":[0.055202819407,0.0478121712804,0.041875846684,0.0313066132367,0.0237772446126,0.0446204021573],"dmean2":[0.0899698659778,0.0780986025929,0.0672554299235,0.0498830042779,0.0375840552151,0.069419041276],"dvar":[0.00195400067605,0.00150852219667,0.00116892834194,0.000634573865682,0.000415968650486,0.00178534444422],"dvar2":[0.00519547471777,0.00389945227653,0.00288479262963,0.00155921420082,0.00102589372545,0.00407095532864],"max":[-0.393330931664,-0.383144140244,-0.518139660358,-0.602582633495,-0.641904830933,-0.469345420599],"mean":[-0.687597930431,-0.781277656555,-0.789993643761,-0.818471074104,-0.838896751404,-0.782318115234],"median":[-0.690262138844,-0.78711771965,-0.79446208477,-0.818370819092,-0.834294557571,-0.801319122314],"min":[-0.951310396194,-0.974651157856,-0.966206252575,-0.978557050228,-0.968796312809,-0.963512599468],"var":[0.00677796313539,0.00579929817468,0.00514131598175,0.00284689990804,0.00192850083113,0.00545928068459]},"spectral_contrast_valleys":{"dmean":[0.494318306446,0.47160589695,0.454489260912,0.417487919331,0.446447014809,0.801661372185],"dmean2":[0.763207614422,0.690745472908,0.637228965759,0.579042971134,0.605670213699,1.28692913055],"dvar":[0.208065807819,0.197164490819,0.204784736037,0.19595515728,0.221161946654,0.472322791815],"dvar2":[0.405997246504,0.327911615372,0.329375326633,0.340931802988,0.397992730141,1.15141308308],"max":[-4.98372411728,-4.38596343994,-4.61739253998,-5.47585821152,-5.93886566162,-8.6884803772],"mean":[-7.45835256577,-6.92981100082,-7.2555346489,-8.0782699585,-8.57468223572,-11.9148387909],"median":[-7.17355871201,-6.56763744354,-6.88829946518,-7.69998931885,-8.32737445831,-11.7104635239],"min":[-27.5579853058,-27.2230758667,-27.0616950989,-27.4491024017,-27.1964511871,-27.1639919281],"var":[1.75537610054,2.36733198166,2.47436380386,2.18190121651,1.78040719032,1.81152892113]},"spectral_decrease":{"dmean":2.9564448667e-9,"dmean2":4.45822712081e-9,"dvar":1.92727391722e-17,"dvar2":4.15581131488e-17,"max":6.25759969015e-13,"mean":-6.00680349905e-9,"median":-3.7158660593e-9,"min":-6.86114773885e-8,"var":4.46697912509e-17},"spectral_energy":{"dmean":0.0123070385307,"dmean2":0.0180844832212,"dvar":0.000334422977176,"dvar2":0.000684040540364,"max":0.276659876108,"mean":0.0267025586218,"median":0.016894550994,"min":1.02570024372e-20,"var":0.000855107966345},"spectral_energyband_high":{"dmean":0.0000903272739379,"dmean2":0.000115030372399,"dvar":3.17919983672e-8,"dvar2":5.26656052102e-8,"max":0.00415775366127,"mean":0.000180421222467,"median":0.0000638146884739,"min":7.66596498929e-21,"var":9.72580878056e-8},"spectral_energyband_low":{"dmean":0.00713766273111,"dmean2":0.0117165651172,"dvar":0.000140623815241,"dvar2":0.000342495768564,"max":0.193572491407,"mean":0.00893011689186,"median":0.00425800681114,"min":3.87814118426e-23,"var":0.000175908469828},"spectral_energyband_middle_high":{"dmean":0.00307914381847,"dmean2":0.00448040105402,"dvar":0.0000285380065179,"dvar2":0.0000637364501017,"max":0.0818341672421,"mean":0.00599114922807,"median":0.00208439817652,"min":1.2224698507e-21,"var":0.0000792717037257},"spectral_energyband_middle_low":{"dmean":0.00509926909581,"dmean2":0.0075339670293,"dvar":0.0000673012473271,"dvar2":0.00015133935085,"max":0.113183997571,"mean":0.0108184069395,"median":0.00594007503241,"min":3.17068517088e-22,"var":0.000179573093192},"spectral_entropy":{"dmean":0.249398618937,"dmean2":0.378379285336,"dvar":0.0647189617157,"dvar2":0.15786151588,"max":9.79876804352,"mean":7.1370882988,"median":7.18288421631,"min":4.65238952637,"var":0.25376367569},"spectral_flux":{"dmean":0.0270907152444,"dmean2":0.0412566587329,"dvar":0.00104503554758,"dvar2":0.00208650319837,"max":0.33392059803,"mean":0.0888881832361,"median":0.0818718746305,"min":1.01276861897e-10,"var":0.00363432383165},"spectral_kurtosis":{"dmean":9.03458499908,"dmean2":14.320274353,"dvar":123.180343628,"dvar2":307.679992676,"max":181.990951538,"mean":25.8485031128,"median":22.128364563,"min":-1.17759799957,"var":244.188369751},"spectral_rms":{"dmean":0.00107495987322,"dmean2":0.0015142733464,"dvar":0.00000153255314217,"dvar2":0.00000289073068416,"max":0.0164290014654,"mean":0.00432397332042,"median":0.00405986327678,"min":3.1633575967e-12,"var":0.00000735454023015},"spectral_rolloff":{"dmean":1815.37121582,"dmean2":3426.90576172,"dvar":25126282,"dvar2":67219584,"max":22050,"mean":2491.87744141,"median":968.994140625,"min":43.06640625,"var":27416758},"spectral_skewness":{"dmean":0.589054465294,"dmean2":0.900346875191,"dvar":0.396601825953,"dvar2":0.952343642712,"max":10.731294632,"mean":3.46337461472,"median":3.35605287552,"min":0.0149969831109,"var":1.20366930962},"spectral_spread":{"dmean":593468.25,"dmean2":938079.1875,"dvar":411292827648,"dvar2":883383992320,"max":38954472,"mean":3179158.25,"median":3018122,"min":767823.25,"var":1288444444670},"spectral_strongpeak":{"dmean":0.536087930202,"dmean2":0.904641091824,"dvar":1.64256167412,"dvar2":4.46665620804,"max":46.6945457458,"mean":0.722903490067,"median":0.258567601442,"min":0,"var":1.66364872456},"zerocrossingrate":{"dmean":0.0267564225942,"dmean2":0.0336352102458,"dvar":0.000649728928693,"dvar2":0.000968369771726,"max":0.56298828125,"mean":0.144704058766,"median":0.13916015625,"min":0.0048828125,"var":0.00481938710436}},"metadata":{"audio_properties":{"analysis_sample_rate":44100,"bit_rate":168103,"codec":"mp3","downmix":"mix","equal_loudness":0,"length":177.763259888,"lossless":false,"md5_encoded":"48af6da7f42655f882c507690e03c9ad","replay_gain":-5.18597221375,"sample_rate":44100},"tags":{"album":["The Very Best of Sting & The Police"],"albumartist":["Various Artists"],"albumartistsort":["Various Artists"],"artist":["The Police"],"artistsort":["Police, The"],"asin":["B000024VEK"],"barcode":["731454042826"],"catalognumber":["540 428 2"],"composer":["Sting"],"date":["1997"],"discnumber":["1/1"],"file_name":"02. The Police - Can't Stand Losing You.mp3","genre":["New Wave"],"label":["A & M Records"],"musicbrainz album release country":["DE"],"musicbrainz album status":["official"],"musicbrainz album type":["compilation"],"musicbrainz_albumartistid":["89ad4ac3-39f7-470e-963a-56509c546377"],"musicbrainz_albumid":["a69e671c-6f45-4b5a-8de3-64b5b98e4c70"],"musicbrainz_artistid":["9e0e2b01-41db-4008-bd8b-988977d6019a"],"musicbrainz_recordingid":["da9c479c-aadb-4b45-b770-e57a5d485be2"],"musicip_puid":["f6a2e9ef-5d4f-4942-b0c7-6d6b589ba0ff"],"title":["Can't Stand Losing You"],"tracknumber":["2/18"]},"version":{"essentia":"2.1-beta1","essentia_build_sha":"ca57ba49d9b1854bd80e60cf9ccf267278fb7d6b","essentia_git_sha":"v2.1_beta1-28-g21ef5f4-dirty","extractor":"music 1.0"}},"rhythm":{"beats_count":422,"beats_loudness":{"dmean":0.0282894037664,"dmean2":0.0524436049163,"dvar":0.000648329209071,"dvar2":0.00210646446794,"max":0.166947096586,"mean":0.0511647351086,"median":0.0450719222426,"min":5.70106877262e-8,"var":0.0012810844928},"beats_loudness_band_ratio":{"dmean":[0.257680058479,0.0889361798763,0.131508946419,0.142598003149,0.0212293993682,0.0443883761764],"dmean2":[0.488346874714,0.157191455364,0.237090542912,0.264535397291,0.0378906317055,0.0811112523079],"dvar":[0.0382730104029,0.0111621227115,0.0199562702328,0.016219323501,0.000713040179107,0.00330