{"lowlevel":{"average_loudness":0.921119809151,"barkbands":{"dmean":[0.000183504074812,0.00396494753659,0.00116717128549,0.00097160943551,0.0008903471753,0.00080266216537,0.000665336381644,0.000673115311656,0.000918023230042,0.000846604525577,0.00056474423036,0.00058660202194,0.000537841813639,0.000568795017898,0.000498300592881,0.00039526107139,0.000362331513315,0.000322389241774,0.000305051042233,0.000230125588132,0.000344398315065,0.000505961070303,0.000530026736669,0.00035229025525,0.000317183352308,0.000252106518019,0.000142371296533],"dmean2":[0.000225901560043,0.00576883694157,0.00212785671465,0.0016635308275,0.00142948469147,0.00129801302683,0.00107780541293,0.00107223854866,0.0014398759231,0.00130736210849,0.000898957194295,0.000935315154493,0.000856976257637,0.000904416840058,0.000793206912931,0.000628857989796,0.000568967720028,0.000508667784743,0.00047745325719,0.000370791909518,0.000559879525099,0.000787280674558,0.000783099967521,0.000507010379806,0.000448022037745,0.000380947371013,0.000215523934457],"dvar":[2.04376576107e-7,0.0000979176620604,0.0000110659311758,0.00000947347507463,0.00000357922726835,0.00000506471496919,0.00000591196430832,0.00000426644555773,0.00000684730366629,0.00000609116341366,0.00000245105798058,0.00000244701959673,0.00000161418995503,0.00000159773105679,0.00000142630506161,0.00000135739037432,4.05486048294e-7,6.04556760209e-7,3.05351676388e-7,1.85605514957e-7,4.71273551739e-7,8.84213136487e-7,9.87510588857e-7,5.26447252014e-7,3.82015883815e-7,2.75742280564e-7,1.11941353964e-7],"dvar2":[3.14584042371e-7,0.000206447308301,0.0000312912416121,0.0000246125164267,0.00000862548949954,0.0000120437898659,0.0000137274973895,0.000010354022379,0.0000157902632054,0.000013454987311,0.000005804175089,0.00000600696512265,0.00000394041671825,0.00000384391887565,0.00000344197451341,0.0000036892265598,9.80170170806e-7,0.00000153149983362,6.79795505221e-7,4.6912578e-7,0.00000123249776607,0.00000210166399484,0.00000199042915483,0.00000109451218577,7.68951281316e-7,6.22404968453e-7,2.41715184757e-7],"max":[0.00626332173124,0.0927774682641,0.0311888828874,0.0333262383938,0.0643540471792,0.069624684751,0.0681085586548,0.0526694022119,0.0662560239434,0.075692795217,0.0417045876384,0.038255803287,0.0253458824009,0.0330851450562,0.0306469742209,0.0454989597201,0.0141753265634,0.0196201596409,0.0209243539721,0.00654838699847,0.0071515571326,0.0140739176422,0.0168425459415,0.0180334225297,0.0118643539026,0.00961528625339,0.00552839785814],"mean":[0.000230180216022,0.00499625084922,0.00104549597017,0.000843652524054,0.00122475426178,0.000922172272112,0.000784805510193,0.000801585731097,0.00119011208881,0.00117874785792,0.000740689632948,0.000755942659453,0.000714732741471,0.000791812781245,0.000708865874913,0.000581837433856,0.000593881413806,0.000502911454532,0.000496038817801,0.000315722834785,0.000450183142675,0.000765669217799,0.000901818333659,0.000603924156167,0.000544554379303,0.000365305342712,0.00020490802126],"median":[0.00000782845017966,0.000198831156013,0.0000467458739877,0.0000495639797009,0.000385588675272,0.000231295940466,0.000121508870507,0.000170954328496,0.000265877926722,0.000221326714382,0.000167109072208,0.000202376628295,0.000208506200579,0.000223688213737,0.000226330710575,0.000222945905989,0.000274654652458,0.000246178067755,0.000241578964051,0.000144800607814,0.000167875201441,0.000260666070972,0.000237503030803,0.000171911524376,0.000102035875898,0.0000573822071601,0.0000105605631688],"min":[1.35193071414e-25,1.24647832748e-24,6.93010262325e-25,8.95721876987e-25,5.19681803394e-24,5.03737583436e-24,8.19874340621e-24,4.3474128431e-24,1.09081137953e-23,1.25221279406e-23,1.89883016627e-23,2.77743315024e-23,3.38830242279e-23,4.25966618801e-23,4.38365114094e-23,3.75405367942e-23,6.39001567036e-23,7.65024936544e-23,1.15119885538e-22,1.83532982951e-22,2.31912711552e-22,3.19376837693e-22,3.51419332677e-22,5.91641740922e-22,7.24167545722e-22,1.24399936679e-21,1.90086145154e-21],"var":[3.84274557064e-7,0.000150348394527,0.00000749562514102,0.00000717978582543,0.00000490080765303,0.00000659406396153,0.00000864163484948,0.00000518172964803,0.0000100325351013,0.0000114479107651,0.00000389440765503,0.00000319354262501,0.00000252096083386,0.00000264604727818,0.00000216700846067,0.00000149086963575,8.02507429398e-7,8.37793663777e-7,5.84042027185e-7,2.20367027737e-7,5.06575361214e-7,0.00000135812786084,0.00000277291269413,0.00000120752144994,0.00000101899627225,4.59245256934e-7,2.00099947278e-7]},"barkbands_crest":{"dmean":3.11311507225,"dmean2":4.86510181427,"dvar":9.97314739227,"dvar2":20.8018054962,"max":26.3307304382,"mean":8.79620742798,"median":7.20659208298,"min":1.89759945869,"var":25.4855003357},"barkbands_flatness_db":{"dmean":0.0237176623195,"dmean2":0.0349754914641,"dvar":0.00062527199043,"dvar2":0.00124716036953,"max":0.410548001528,"mean":0.097709454596,"median":0.0880684107542,"min":0.010134271346,"var":0.00219405116513},"barkbands_kurtosis":{"dmean":2.46584320068,"dmean2":3.83046078682,"dvar":70.9056777954,"dvar2":159.617523193,"max":433.501800537,"mean":1.70774114132,"median":-0.271978259087,"min":-1.93866193295,"var":82.1837310791},"barkbands_skewness":{"dmean":0.646701991558,"dmean2":0.937888145447,"dvar":0.631365299225,"dvar2":1.22783112526,"max":17.8985595703,"mean":0.573289632797,"median":0.392415374517,"min":-10.148188591,"var":1.90494310856},"barkbands_spread":{"dmean":11.1134185791,"dmean2":16.7137203217,"dvar":157.531570435,"dvar2":346.230987549,"max":121.443389893,"mean":36.1577682495,"median":30.8250999451,"min":0.426846385002,"var":496.873474121},"dissonance":{"dmean":0.0151076102629,"dmean2":0.0251204166561,"dvar":0.000288921990432,"dvar2":0.000757067638915,"max":0.500000059605,"mean":0.476391971111,"median":0.482826948166,"min":0.255699515343,"var":0.000509467732627},"dynamic_complexity":3.26851606369,"erbbands":{"dmean":[0.128916695714,0.922080934048,1.447955966,2.44772744179,2.65016007423,3.32751750946,5.2897105217,6.69794464111,9.84608650208,9.04821777344,16.6167049408,20.5037212372,25.1716098785,22.9204044342,20.7284469604,23.0516166687,22.8716239929,25.8294258118,25.5599765778,24.8327941895,18.4621715546,19.6304531097,17.202299118,16.6737976074,13.4995355606,10.8392944336,10.7871875763,16.9537277222,16.1211585999,19.4837989807,14.6117248535,7.91917991638,5.93994426727,3.57547616959,2.47097849846,0.766787111759,0.575539827347,0.260412991047,0.0168110523373,0.0002588100906],"dmean2":[0.170320093632,1.42554819584,2.51403737068,4.20309400558,4.3077044487,5.39103031158,8.47484779358,10.9499120712,15.7857017517,14.4528837204,26.3675994873,31.9243965149,38.828578949,34.7673225403,32.8741760254,36.4184646606,36.287815094,40.3918304443,39.5691719055,39.574672699,28.8730735779,30.3881645203,26.544424057,26.5365371704,20.8298778534,17.5028018951,17.6916885376,27.2766075134,25.2497558594,29.5201683044,21.7193050385,11.4690313339,8.60496902466,5.04853248596,3.62632727623,1.10806417465,0.91337043047,0.388451248407,0.0253640376031,0.000383553415304],"dvar":[0.0965512394905,5.99734640121,16.9009780884,47.9335746765,39.7240142822,62.7399559021,236.78213501,363.241363525,1370.60888672,835.244445801,2565.30249023,3697.57714844,5157.04101562,4037.81274414,3136.7890625,4124.10302734,2957.54394531,3327.2019043,3392.30859375,6858.86816406,1509.4876709,1233.83825684,1244.72717285,1148.96447754,643.709350586,444.855407715,511.623199463,1086.21972656,922.946777344,1407.01953125,775.260253906,221.61605835,204.150390625,49.2007904053,27.930223465,2.1950275898,2.30956888199,0.364343255758,0.00150743732229,3.23554843362e-7],"dvar2":[0.16151972115,13.8223590851,45.7442092896,124.805450439,95.4716873169,155.966125488,555.098205566,884.676818848,3087.41137695,2068.17504883,6168.34863281,8464.70605469,11479.6025391,8505.48144531,7798.12988281,10094.4912109,7223.41992188,8070.81347656,7665.61865234,18830.4414062,3729.30444336,2967.17797852,2888.03466797,2883.25415039,1408.54187012,1136.31115723,1359.91491699,2805.44848633,2231.51391602,3114.29785156,1622.60644531,449.446472168,434.907867432,99.5252761841,61.9026184082,4.50726175308,5.86267757416,0.777164161205,0.00322816031985,6.84519818606e-7],"max":[3.4186065197,23.2436962128,42.294708252,75.9282226562,98.0705032349,330.00378418,464.131896973,704.276184082,1206.70300293,1099.88867188,1262.92102051,1758.20654297,2050.07836914,2388.42138672,1560.46899414,1852.44042969,1188.3236084,1906.40258789,1509.13928223,2732.54760742,899.831848145,779.981994629,859.418334961,1160.42211914,747.591186523,274.477081299,241.427383423,399.360351562,325.520629883,839.451538086,659.421081543,299.656341553,403.340148926,177.093948364,132.71812439,28.6238059998,40.9804382324,8.47089672089,0.521828353405,0.00734553579241],"mean":[0.177622526884,0.980828166008,1.34709215164,2.2040579319,3.09560108185,4.33638191223,6.23450756073,7.61194038391,11.6259975433,11.4730167389,20.5092124939,27.7579650879,35.5324935913,33.6757011414,29.3681926727,31.721818924,32.938873291,39.0561332703,38.5395889282,37.5188980103,30.6976394653,33.7110214233,29.4705142975,26.9570140839,21.2544574738,15.0212240219,14.078417778,22.1074199677,24.1819896698,30.2886447906,24.8622817993,13.9978837967,9.92341899872,6.22427606583,3.87416982651,1.23823022842,0.710467994213,0.383036017418,0.0249134879559,0.000411625340348],"median":[0.00591708812863,0.0386410430074,0.0724763274193,0.165838748217,0.520887970924,1.24032664299,1.51380956173,2.05108737946,1.94261455536,2.80278325081,5.14592885971,6.55625867844,7.80031490326,7.1700835228,8.34910202026,8.97440433502,10.6047496796,12.0376358032,13.4002285004,13.5255613327,13.2501544952,16.127199173,15.4133777618,13.2904014587,10.8786392212,7.01396751404,5.91276454926,7.61267137527,8.59491539001,9.0149307251,6.41409254074,4.28177499771,2.41237449646,1.26600527763,0.651001155376,0.258958280087,0.0987725704908,0.0265991054475,0.00140524480958,0.0000663877872285],"min":[3.82368611597e-23,6.09059890684e-22,1.72017236895e-21,3.75799421003e-21,8.48277030127e-21,2.16808998403e-20,2.9017822237e-20,8.28711607545e-20,1.12185982837e-19,1.34768595171e-19,2.10197993233e-19,3.11432208157e-19,6.10066432972e-19,9.35706191932e-19,1.11384615429e-18,1.15952689343e-18,1.64823698665e-18,2.22089309074e-18,2.39560914575e-18,2.91795819294e-18,3.26478406364e-18,4.11914976023e-18,4.84841659008e-18,6.09661931313e-18,8.60530301464e-18,8.13268509985e-18,8.67445531384e-18,8.85490476447e-18,9.53775642221e-18,1.04833545569e-17,9.39303621096e-18,1.10259378894e-17,1.01773399165e-17,6.77159827938e-18,5.55157635904e-18,4.01693877425e-18,2.41372998463e-18,9.52107529118e-19,2.38127746615e-19,2.68597144812e-20],"var":[0.18886642158,6.93105602264,12.7787370682,36.7794761658,43.7595977783,77.8401107788,316.982727051,443.334106445,2127.62597656,994.591186523,3205.75878906,5494.20654297,9523.3046875,8165.22998047,4740.19433594,5514.47607422,4800.54833984,5855.73144531,5560.90185547,7277.19921875,2701.30761719,2540.69067383,2232.49707031,1790.76916504,1139.67565918,509.379821777,493.71875,1238.60742188,1317.67724609,2695.734375,2271.82666016,614.986572266,405.228179932,136.386703491,55.848575592,4.69928503036,2.49839091301,0.659672498703,0.00283791637048,6.30848774108e-7]},"erbbands_crest":{"dmean":2.78805422783,"dmean2":4.49984455109,"dvar":8.05340957642,"dvar2":19.8313903809,"max":32.2252655029,"mean":8.36736392975,"median":7.12029743195,"min":2.33579707146,"var":18.7877388},"erbbands_flatness_db":{"dmean":0.0225654151291,"dmean2":0.0312431827188,"dvar":0.00046200217912,"dvar2":0.000843659974635,"max":0.428772896528,"mean":0.146145507693,"median":0.139951497316,"min":0.0371699668467,"var":0.00261962111108},"erbbands_kurtosis":{"dmean":1.18921160698,"dmean2":1.89847266674,"dvar":3.91441321373,"dvar2":8.50252246857,"max":130.567733765,"mean":0.694475412369,"median":0.0300718545914,"min":-1.79898583889,"var":7.98435640335},"erbbands_skewness":{"dmean":0.464695751667,"dmean2":0.694166481495,"dvar":0.20456032455,"dvar2":0.465441256762,"max":4.92847394943,"mean":-0.071626201272,"median":-0.0673680528998,"min":-4.07132530212,"var":0.809660494328},"erbbands_spread":{"dmean":10.781252861,"dmean2":16.1640300751,"dvar":136.320022583,"dvar2":300.995483398,"max":161.734985352,"mean":39.3126220703,"median":36.7827377319,"min":0.51500415802,"var":381.232330322},"gfcc":{"cov":[[17925.4199219,-290.101226807,78.3898086548,431.148773193,-360.00100708,258.980010986,-352.857330322,-31.8489990234,-392.703521729,-8.5708694458,-382.626525879,0.097882591188,-346.477264404],[-290.101226807,2124.65209961,-75.1429214478,344.772125244,302.644287109,66.0814743042,3.5167620182,3.10739779472,32.1042251587,-100.480110168,83.2243041992,-59.8221206665,10.8499526978],[78.3898086548,-75.1429214478,1775.72058105,553.855224609,344.223114014,165.719299316,191.843490601,-23.9963970184,-3.67634797096,-15.2786273956,-82.6700057983,-45.7676849365,-110.938117981],[431.148773193,344.772125244,553.855224609,718.376953125,225.835800171,177.866119385,76.4559555054,1.62668931484,25.9865989685,-26.3263587952,-34.2430725098,-54.108505249,-40.2665214539],[-360.00100708,302.644287109,344.223114014,225.835800171,417.592254639,158.78225708,127.94115448,43.7297286987,57.7839698792,1.90652990341,-0.0213304515928,-19.2812786102,-5.07781076431],[258.980010986,66.0814743042,165.719299316,177.866119385,158.78225708,346.977874756,174.33026123,68.8619537354,24.3808822632,19.5013751984,2.69133520126,-13.0366220474,-6.67206001282],[-352.857330322,3.5167620182,191.843490601,76.4559555054,127.94115448,174.33026123,319.370269775,102.588493347,31.7126617432,-3.82593917847,3.03259801865,-1.03906726837,-8.10774898529],[-31.8489990234,3.10739779472,-23.9963970184,1.62668931484,43.7297286987,68.8619537354,102.588493347,188.418716431,92.7038574219,27.9546203613,26.2318000793,11.4749526978,12.598025322],[-392.703521729,32.1042251587,-3.67634797096,25.9865989685,57.7839698792,24.3808822632,31.7126617432,92.7038574219,182.157669067,71.6175537109,26.8328056335,6.37398433685,23.9084911346],[-8.5708694458,-100.480110168,-15.2786273956,-26.3263587952,1.90652990341,19.5013751984,-3.82593917847,27.9546203613,71.6175537109,124.935783386,45.3921356201,22.9788837433,10.2790441513],[-382.626525879,83.2243041992,-82.6700057983,-34.2430725098,-0.0213304515928,2.69133520126,3.03259801865,26.2318000793,26.8328056335,45.3921356201,130.156188965,51.5532264709,26.2045726776],[0.097882591188,-59.8221206665,-45.7676849365,-54.108505249,-19.2812786102,-13.0366220474,-1.03906726837,11.4749526978,6.37398433685,22.9788837433,51.5532264709,102.818756104,48.9930992126],[-346.477264404,10.8499526978,-110.938117981,-40.2665214539,-5.07781076431,-6.67206001282,-8.10774898529,12.598025322,23.9084911346,10.2790441513,26.2045726776,48.9930992126,103.367675781]],"icov":[[0.0000837911939016,-0.0000233585506066,0.0000212519717024,-0.0000712713808753,0.0000830174685689,-0.000135580587084,0.000177438807441,-0.000194165593712,0.000245057977736,-0.000200297916308,0.000380611832952,-0.000343556690495,0.000340848375345],[-0.0000233585506066,0.000696144299582,0.000174953194801,-0.000293226039503,-0.000537083076779,0.000127305116621,0.0000692627290846,0.000161951946211,-0.000269291980658,0.000882552587427,-0.000979562173598,0.00062473595608,-0.00018355116481],[0.0000212519717024,0.000174953194801,0.000971424684394,-0.000659302517306,-0.000578295148443,0.000219900772208,-0.000376120646251,0.000272056087852,0.000115689501399,-0.000166376456036,0.000406401057262,-0.000529962242581,0.000899684673641],[-0.0000712713808753,-0.000293226039503,-0.000659302517306,0.00244099600241,-0.000297055958072,-0.000868891424034,0.000285076675937,0.000366684631445,-0.000693605397828,0.000604765838943,-0.000166657569935,0.000733298133127,-0.000262851681327],[0.0000830174685689,-0.000537083076779,-0.000578295148443,-0.000297055958072,0.0041726869531,-0.00116501143202,-0.000458408729173,0.0000186463385035,-0.000783914816566,-0.000140796153573,0.00049098348245,-0.000194176245714,-0.00014729097893],[-0.000135580587084,0.000127305116621,0.000219900772208,-0.000868891424034,-0.00116501143202,0.00516016734764,-0.00238886266015,-0.000430672807852,0.000748340040445,-0.00119259906933,-0.000520638073795,0.00106359343044,-0.000855941441841],[0.000177438807441,0.0000692627290846,-0.000376120646251,0.000285076675937,-0.000458408729173,-0.00238886266015,0.0058097592555,-0.00274680973962,0.000703180034179,0.000743868586142,0.000558571016882,-0.000960404402576,0.000985606922768],[-0.000194165593712,0.000161951946211,0.000272056087852,0.000366684631445,0.0000186463385035,-0.000430672807852,-0.00274680973962,0.00949938036501,-0.00516640720889,0.00168111314997,-0.00181337329559,0.000248793658102,-0.00026349662221],[0.000245057977736,-0.000269291980658,0.000115689501399,-0.000693605397828,-0.000783914816566,0.000748340040445,0.000703180034179,-0.00516640720889,0.0111845908687,-0.00628952123225,0.00173416850157,0.000493169936817,-0.00123662664555],[-0.000200297916308,0.000882552587427,-0.000166376456036,0.000604765838943,-0.000140796153573,-0.00119259906933,0.000743868586142,0.00168111314997,-0.00628952123225,0.0140751991421,-0.00513530056924,0.0000250017237704,0.000407643557992],[0.000380611832952,-0.000979562173598,0.000406401057262,-0.000166657569935,0.00049098348245,-0.000520638073795,0.000558571016882,-0.00181337329559,0.00173416850157,-0.00513530056924,0.0138493617997,-0.0070807589218,0.00195985450409],[-0.000343556690495,0.00062473595608,-0.000529962242581,0.000733298133127,-0.000194176245714,0.00106359343044,-0.000960404402576,0.000248793658102,0.000493169936817,0.0000250017237704,-0.0070807589218,0.0177639275789,-0.00828787870705],[0.000340848375345,-0.00018355116481,0.000899684673641,-0.000262851681327,-0.00014729097893,-0.000855941441841,0.000985606922768,-0.00026349662221,-0.00123662664555,0.000407643557992,0.00195985450409,-0.00828787870705,0.0154229272157]],"mean":[6.0023522377,14.0247192383,-122.79397583,17.2391986847,-60.6678009033,18.4328193665,-36.921207428,10.3113584518,-18.3493690491,3.24477028847,-16.5506038666,9.16103935242,-13.1349306107]},"hfc":{"dmean":21.1258239746,"dmean2":28.6159706116,"dvar":897.775390625,"dvar2":1612.22888184,"max":325.894378662,"mean":48.3695983887,"median":28.7740859985,"min":1.08456844806e-16,"var":2881.46191406},"melbands":{"dmean":[0.00110496184789,0.000885478453711,0.000424065830885,0.000200456721359,0.000176038171048,0.000153199580382,0.000145331359818,0.000105953789898,0.00014370464487,0.000130751548568,0.000129279884277,0.0000974255453912,0.0000739852257539,0.000065068663389,0.0000590527197346,0.000052381077694,0.0000518443775945,0.0000453863322036,0.0000382807520509,0.0000318365455314,0.0000219257672143,0.0000219800076593,0.0000198812940653,0.0000146927222886,0.0000147081764226,0.0000110612963908,0.00000915818236535,0.00000710114773028,0.00000618877356828,0.00000834828460938,0.0000105263407022,0.0000091068141046,0.0000113646410682,0.0000110254004539,0.00000946804721025,0.0000070259311542,0.00000449497792943,0.00000525511768501,0.00000302331159219,0.00000314735234497],"dmean2":[0.00153675838374,0.00141898402944,0.000721952877939,0.000322767184116,0.000281461892882,0.000248898111749,0.000233985265368,0.000168912651134,0.000228576696827,0.000204177660635,0.000199666799745,0.000148639606778,0.000117108858831,0.000103449303424,0.0000936212163651,0.0000835931641632,0.000082223858044,0.0000711872926331,0.000061149476096,0.0000511307589477,0.0000349123074557,0.0000346192391589,0.00003100045069,0.0000233035971178,0.0000237150852627,0.0000172124618985,0.000014654808183,0.0000116077335406,0.0000101812138382,0.0000137969727803,0.000017034348275,0.0000145435415106,0.0000177291040018,0.0000167389516719,0.0000144175810419,0.0000106163424789,0.00000664662411509,0.00000778727280704,0.00000437077369497,0.00000454282508144],"dvar":[0.00000720832804291,0.00000548512525711,0.00000133577691486,1.91233112901e-7,2.23673993105e-7,1.79204107553e-7,2.82026007881e-7,1.06588956328e-7,1.89412460827e-7,1.463317858e-7,1.38542404216e-7,7.81355566914e-8,4.17617727066e-8,3.09042675894e-8,2.4930187692e-8,1.49738070832e-8,1.45480223424e-8,1.19275469501e-8,1.00674606429e-8,1.29389601256e-8,2.01850403059e-9,1.72237812901e-9,1.51121071212e-9,1.49201218047e-9,8.92514451234e-10,5.08410813449e-10,2.83427614711e-10,2.08542183522e-10,1.53769330602e-10,2.9785612865e-10,4.1380263105e-10,3.03543107316e-10,4.66432947821e-10,4.76305939134e-10,3.6779335133e-10,1.97169267024e-10,7.54945134185e-11,2.32914076914e-10,3.90775363457e-11,4.01328519029e-11],"dvar2":[0.0000139517769639,0.0000133668663693,0.00000342411908605,4.52448347232e-7,5.31028945261e-7,4.28762177762e-7,6.45478507977e-7,2.62831861164e-7,4.53291335134e-7,3.35068733648e-7,3.0750166502e-7,1.66768955978e-7,1.0099744685e-7,7.69515082766e-8,5.99251137601e-8,3.65128691726e-8,3.54904265976e-8,2.73965792275e-8,2.50577514294e-8,3.58870053674e-8,4.9034958316e-9,4.19995771495e-9,3.44911876837e-9,3.91064336469e-9,2.23193574733e-9,1.13418274772e-9,6.78963829603e-10,5.36147293229e-10,4.00855459937e-10,7.96663346403e-10,1.06735786876e-9,7.57717888433e-10,1.11797149316e-9,1.0606731049e-9,8.23172863207e-10,4.28061724955e-10,1.63150021271e-10,5.11795716918e-10,8.2080002517e-11,8.47336784071e-11],"max":[0.0257528834045,0.0236412342638,0.0120366578922,0.0131811518222,0.0132895400748,0.0142867993563,0.0159585848451,0.011891159229,0.00927712395787,0.011666206643,0.0109550533816,0.00952849816531,0.00541693763807,0.0039435364306,0.00340524781495,0.00300767133012,0.00382891087793,0.00262303627096,0.00262141390704,0.00453024217859,0.00123799673747,0.00116172316484,0.000959055265412,0.00110712542664,0.001109951525,0.000745116965845,0.000328751921188,0.000203759933356,0.000137082650326,0.000172881293111,0.000246175128268,0.000201357586775,0.00030982014141,0.000430355692515,0.000500947819091,0.000299675331917,0.00020139112894,0.000473785301438,0.00020568088803,0.000147534228745],"mean":[0.00147748400923,0.000918339472264,0.000406122766435,0.000266490853392,0.00021622965869,0.00017650371592,0.000172030500835,0.000132245782879,0.000176716290298,0.000172751126229,0.000177518915734,0.000137876806548,0.0000996633098111,0.0000845750328153,0.0000784144503996,0.0000714494526619,0.0000728076556697,0.0000629373389529,0.0000534135906491,0.0000450333027402,0.0000339683501807,0.0000348942085111,0.0000318797174259,0.0000225126259465,0.0000221438040171,0.0000165360997926,0.0000129391100927,0.00000913552412385,0.00000783503128332,0.0000105122680907,0.0000133257562993,0.0000127372768475,0.000016609496015,0.0000164690482052,0.000015120604985,0.0000113628657346,0.00000745297029425,0.00000802626709628,0.00000515614829055,0.00000511391772307],"median":[0.0000558258252568,0.0000472804567835,0.0000413810557802,0.0000719212403055,0.0000578882500122,0.000045233668061,0.0000280205422314,0.0000310564864776,0.0000411532455473,0.0000382679354516,0.0000353929754056,0.0000258682994172,0.0000249885488302,0.0000231780122704,0.0000218298864638,0.0000203039999178,0.0000201574512175,0.0000197090303118,0.0000173031548911,0.0000158447182912,0.0000141745367728,0.0000151694675878,0.000014898736481,0.0000112703874038,0.00000983192057902,0.00000756149256631,0.00000606965022598,0.00000375063973479,0.00000328856958731,0.00000378825529879,0.00000442878808826,0.00000457403848486,0.00000523037942912,0.00000466568417323,0.00000366178414879,0.00000303682463709,0.00000237771109823,0.00000171005262928,0.00000120502568279,9.37199672535e-7],"min":[5.0603459848e-25,7.51325917274e-25,1.41075969567e-24,1.27561184818e-24,1.31638727951e-24,1.66399341397e-24,1.52660924442e-24,1.12175872811e-24,1.69300594313e-24,1.57937191024e-24,3.26859368761e-24,3.42893499141e-24,3.25338346328e-24,3.85651061824e-24,2.29570119675e-24,3.76765411474e-24,3.26131861513e-24,3.54922286882e-24,3.76354888259e-24,3.17570827425e-24,2.95410876572e-24,3.24238970049e-24,3.82860111384e-24,3.48534446259e-24,4.02396725019e-24,3.82874586982e-24,4.49052798853e-24,4.36029494169e-24,4.67490568689e-24,4.42552584994e-24,4.56627677923e-24,4.35785065617e-24,5.68468748305e-24,5.16099625466e-24,5.01267620499e-24,5.61464846758e-24,6.51587748116e-24,6.56146299185e-24,6.08465258377e-24,5.46154042664e-24],"var":[0.0000127063140098,0.00000547866147826,0.00000108131132492,2.48739098652e-7,3.05439215254e-7,2.31459111433e-7,4.24272258215e-7,1.28941564981e-7,2.4137938226e-7,2.19864844553e-7,2.54704758618e-7,1.52908285145e-7,6.43972413172e-8,4.0048949046e-8,3.50913467173e-8,2.43711486547e-8,2.35891999267e-8,1.81047763448e-8,1.37453453064e-8,1.19994023606e-8,3.58236706965e-9,3.20465742831e-9,2.79386380697e-9,1.84099746559e-9,1.39517142284e-9,8.68049854219e-10,3.96872951169e-10,2.26280993942e-10,1.55472010266e-10,2.94551077973e-10,4.63921401295e-10,3.81070702771e-10,7.27606142004e-10,8.81550388243e-10,9.31933308301e-10,4.85884554813e-10,1.75639433553e-10,3.83039544527e-10,1.09149300709e-10,9.69085783842e-11]},"melbands_crest":{"dmean":4.27476215363,"dmean2":6.57895755768,"dvar":16.3274383545,"dvar2":35.6951255798,"max":36.1804046631,"mean":13.2015800476,"median":11.426325798,"min":1.48689115047,"var":48.836894989},"melbands_flatness_db":{"dmean":0.0308766197413,"dmean2":0.0445546060801,"dvar":0.00119976478163,"dvar2":0.00230142800137,"max":0.519734501839,"mean":0.125494092703,"median":0.110551796854,"min":0.00251788506284,"var":0.00467850733548},"melbands_kurtosis":{"dmean":7.39490747452,"dmean2":11.2050018311,"dvar":463.467681885,"dvar2":948.153137207,"max":706.289001465,"mean":8.98822593689,"median":2.31170701981,"min":-1.90212345123,"var":688.235229492},"melbands_skewness":{"dmean":0.893492996693,"dmean2":1.27449548244,"dvar":1.40805089474,"dvar2":2.63017296791,"max":21.7991867065,"mean":1.89875030518,"median":1.41626119614,"min":-6.08748197556,"var":3.92940688133},"melbands_spread":{"dmean":17.6162414551,"dmean2":27.041513443,"dvar":499.150970459,"dvar2":1087.6340332,"max":286.874908447,"mean":52.0245399475,"median":42.9338607788,"min":0.324504703283,"var":1465.89416504},"mfcc":{"cov":[[7741.28173828,91.5162506104,524.164794922,229.119018555,157.927017212,202.118545532,69.9816513062,0.483095049858,-17.2573719025,-61.2529182434,3.26168441772,-114.180679321,-86.8781585693],[91.5162506104,1533.28259277,-73.8969802856,187.708282471,211.63331604,42.5526733398,62.243347168,80.7221069336,-30.9942550659,6.37443971634,-18.7104930878,40.2858428955,26.8031787872],[524.164794922,-73.8969802856,1175.36437988,447.426635742,246.248291016,255.841369629,160.280960083,92.7962417603,73.3007659912,17.9872970581,57.0633621216,7.51762390137,-0.455140769482],[229.119018555,187.708282471,447.426635742,538.415893555,237.296554565,164.057479858,74.6329040527,74.43724823,50.4857177734,27.8413639069,12.6470346451,8.42848491669,-0.00455837324262],[157.927017212,211.63331604,246.248291016,237.296554565,360.482116699,155.164962769,49.4852294922,50.0253715515,52.9845161438,50.1919288635,18.3861274719,21.2370586395,28.7265605927],[202.118545532,42.5526733398,255.841369629,164.057479858,155.164962769,318.217559814,162.058670044,84.7706375122,76.930305481,41.3103256226,29.9660110474,13.9528484344,8.80261993408],[69.9816513062,62.243347168,160.280960083,74.6329040527,49.4852294922,162.058670044,268.406646729,139.708694458,57.4812545776,29.9573459625,34.4195022583,19.0243968964,1.35154747963],[0.483095049858,80.7221069336,92.7962417603,74.43724823,50.0253715515,84.7706375122,139.708694458,204.68963623,94.8360290527,51.325843811,41.9188346863,22.9911174774,5.99229049683],[-17.2573719025,-30.9942550659,73.3007659912,50.4857177734,52.9845161438,76.930305481,57.4812545776,94.8360290527,171.44178772,81.8148422241,43.4507713318,17.7675094604,-0.621073842049],[-61.2529182434,6.37443971634,17.9872970581,27.8413639069,50.1919288635,41.3103256226,29.9573459625,51.325843811,81.8148422241,137.9793396,62.4423027039,27.5575027466,9.39646434784],[3.26168441772,-18.7104930878,57.0633621216,12.6470346451,18.3861274719,29.9660110474,34.4195022583,41.9188346863,43.4507713318,62.4423027039,121.086708069,52.6495132446,10.7129468918],[-114.180679321,40.2858428955,7.51762390137,8.42848491669,21.2370586395,13.9528484344,19.0243968964,22.9911174774,17.7675094604,27.5575027466,52.6495132446,101.151351929,45.7701301575],[-86.8781585693,26.8031787872,-0.455140769482,-0.00455837324262,28.7265605927,8.80261993408,1.35154747963,5.99229049683,-0.621073842049,9.39646434784,10.7129468918,45.7701301575,96.8364944458]],"icov":[[0.000138477393193,-0.000014444869521,-0.0000472613501188,0.00000504685021951,-0.000022915779482,-0.0000685795530444,0.0000185227781913,0.0000154519293574,0.0000232547845371,0.0000815608218545,-0.000105486884422,0.000172995991306,0.0000619680868112],[-0.000014444869521,0.000812900369056,0.000248160853516,-0.000270527554676,-0.000517109292559,0.000158700611792,-0.000160804382176,-0.000384143437259,0.000458763563074,-0.0000229611850955,0.000259980908595,-0.000379333941964,0.000083885352069],[-0.0000472613501188,0.000248160853516,0.00150010362267,-0.00103717646562,-0.000325258035446,-0.000321670988342,-0.000435418653069,0.000130214975798,-0.0000983633217402,0.000580206047744,-0.000720253388863,0.000257739797235,-0.0000794109437265],[0.00000504685021951,-0.000270527554676,-0.00103717646562,0.00353582319804,-0.00129788892809,-0.000469890306704,0.000498293200508,-0.00066076713847,0.000109193904791,-0.000121093755297,0.000563074718229,-0.000266795745119,0.000612625095528],[-0.000022915779482,-0.000517109292559,-0.000325258035446,-0.00129788892809,0.00504089193419,-0.00170774082653,0.00089729973115,0.0000433757668361,-0.000233708095038,-0.00117340357974,0.000390996196074,-0.00000574180194235,-0.0011625518091],[-0.0000685795530444,0.000158700611792,-0.000321670988342,-0.000469890306704,-0.00170774082653,0.00632955366746,-0.0034631062299,0.00108389148954,-0.001493453281,0.0000495193780807,-0.0000266560182354,0.000214662766666,-0.000307387206703],[0.0000185227781913,-0.000160804382176,-0.000435418653069,0.000498293200508,0.00089729973115,-0.0034631062299,0.00803550239652,-0.00472697475925,0.00126249494497,0.0000625630782451,-0.000118126517918,-0.000491384300403,0.00053542770911],[0.0000154519293574,-0.000384143437259,0.000130214975798,-0.00066076713847,0.0000433757668361,0.00108389148954,-0.00472697475925,0.010143591091,-0.00422851089388,0.0000235927745962,-0.00100440264214,0.000143404948176,-0.000538415159099],[0.0000232547845371,0.000458763563074,-0.0000983633217402,0.000109193904791,-0.000233708095038,-0.001493453281,0.00126249494497,-0.00422851089388,0.0108131216839,-0.0047002681531,0.000235327766859,-0.000383903505281,0.00102341291495],[0.0000815608218545,-0.0000229611850955,0.000580206047744,-0.000121093755297,-0.00117340357974,0.0000495193780807,0.0000625630782451,0.0000235927745962,-0.0047002681531,0.0126761682332,-0.00519659183919,0.000618229503743,-0.000553976860829],[-0.000105486884422,0.000259980908595,-0.000720253388863,0.000563074718229,0.000390996196074,-0.0000266560182354,-0.000118126517918,-0.00100440264214,0.000235327766859,-0.00519659183919,0.0144103486091,-0.0070957611315,0.00204566773027],[0.000172995991306,-0.000379333941964,0.000257739797235,-0.000266795745119,-0.00000574180194235,0.000214662766666,-0.000491384300403,0.000143404948176,-0.000383903505281,0.000618229503743,-0.0070957611315,0.0170749947429,-0.00710643967614],[0.0000619680868112,0.000083885352069,-0.0000794109437265,0.000612625095528,-0.0011625518091,-0.000307387206703,0.00053542770911,-0.000538415159099,0.00102341291495,-0.000553976860829,0.00204566773027,-0.00710643967614,0.013950268738]],"mean":[-633.048217773,58.4257888794,-9.59706687927,1.85388875008,-0.978295266628,4.91296243668,-7.02655267715,8.8858165741,-2.3182528019,1.52750945091,1.72602212429,-1.58486962318,-1.79391932487]},"pitch_salience":{"dmean":0.0862273648381,"dmean2":0.134857833385,"dvar":0.00779008073732,"dvar2":0.017150927335,"max":0.873575687408,"mean":0.582617998123,"median":0.60882627964,"min":0.0227771308273,"var":0.0199745837599},"silence_rate_20dB":{"dmean":0,"dmean2":0,"dvar":0,"dvar2":0,"max":1,"mean":1,"median":1,"min":1,"var":0},"silence_rate_30dB":{"dmean":0.000408524560044,"dmean2":0.000817104708403,"dvar":0.000408286461607,"dvar2":0.00108883320354,"max":1,"mean":0.999727666378,"median":1,"min":0,"var":0.000272234465228},"silence_rate_60dB":{"dmean":0.061006333679,"dmean2":0.122020974755,"dvar":0.057286053896,"dvar2":0.124159872532,"max":1,"mean":0.116830065846,"median":0,"min":0,"var":0.103192508221},"spectral_centroid":{"dmean":391.847747803,"dmean2":602.481872559,"dvar":208831.546875,"dvar2":481586.4375,"max":11730.0322266,"mean":2346.88867188,"median":2237.45849609,"min":315.605377197,"var":1333374.75},"spectral_complexity":{"dmean":5.80390834808,"dmean2":8.09628200531,"dvar":39.1991729736,"dvar2":69.8766326904,"max":63,"mean":20.1124038696,"median":18,"min":0,"var":156.341796875},"spectral_contrast_coeffs":{"dmean":[0.0594573281705,0.0576521195471,0.04508311674,0.0368524640799,0.0274624060839,0.0241417083889],"dmean2":[0.0916288122535,0.0917291119695,0.0704870298505,0.057717166841,0.0425202585757,0.0378567390144],"dvar":[0.00286554754712,0.00241245352663,0.00145512481686,0.00103521079291,0.000576917082071,0.000577718135901],"dvar2":[0.0062848594971,0.00564693054184,0.0032512312755,0.00231848447584,0.00125073979143,0.00142664613668],"max":[-0.261080622673,-0.376372843981,-0.397949695587,-0.500130236149,-0.524934530258,-0.607813358307],"mean":[-0.674476921558,-0.732796907425,-0.765922129154,-0.775807321072,-0.778333067894,-0.766788244247],"median":[-0.683202266693,-0.743338227272,-0.776590585709,-0.784086763859,-0.782794177532,-0.765892267227],"min":[-0.980231165886,-0.97643750906,-0.97780841589,-0.971399366856,-0.968199908733,-0.964641153812],"var":[0.0107617257163,0.00802333746105,0.00583122624084,0.00387225556187,0.00226915651001,0.00170630018692]},"spectral_contrast_valleys":{"dmean":[0.511854767799,0.490837842226,0.410583585501,0.365348577499,0.366408914328,0.410472154617],"dmean2":[0.751224339008,0.746556162834,0.616104185581,0.534365832806,0.503171920776,0.504184484482],"dvar":[0.261505424976,0.20619443059,0.15650549531,0.128288522363,0.148478239775,0.191365540028],"dvar2":[0.482969433069,0.443241268396,0.311439007521,0.240270853043,0.286996632814,0.311585456133],"max":[-5.29500293732,-4.91732788086,-4.97112751007,-5.48612165451,-5.45117282867,-6.96601343155],"mean":[-8.48837089539,-7.49933290482,-7.50807523727,-7.6197476387,-7.46079730988,-9.34804916382],"median":[-8.29451370239,-7.25022363663,-7.28930521011,-7.3949546814,-7.2127571106,-9.16082763672],"min":[-28.3439407349,-28.1149654388,-27.8156776428,-27.5891857147,-27.540353775,-27.3917560577],"var":[4.96340370178,4.08824920654,3.98961305618,3.88347125053,3.89638566971,3.72139310837]},"spectral_decrease":{"dmean":2.2996875515e-9,"dmean2":3.19512216684e-9,"dvar":9.10426828629e-18,"dvar2":1.855795917e-17,"max":1.72981743335e-28,"mean":-4.99950170152e-9,"median":-3.45722850348e-9,"min":-3.46177664312e-8,"var":2.32669726658e-17},"spectral_energy":{"dmean":0.0099508324638,"dmean2":0.0134258279577,"dvar":0.00014970562188,"dvar2":0.00029285668279,"max":0.139721527696,"mean":0.0232565607876,"median":0.0171440951526,"min":9.88596588819e-21,"var":0.000431100139394},"spectral_energyband_high":{"dmean":0.00213405699469,"dmean2":0.00299676228315,"dvar":0.0000121744169519,"dvar2":0.0000233536538872,"max":0.0396817475557,"mean":0.00398553814739,"median":0.0013506594114,"min":7.16966631528e-21,"var":0.000033772943425},"spectral_energyband_low":{"dmean":0.00499513978139,"dmean2":0.00736412871629,"dvar":0.000115757473395,"dvar2":0.000238172418904,"max":0.105909131467,"mean":0.00673344777897,"median":0.000515004969202,"min":1.08848636979e-23,"var":0.000198586218175},"spectral_energyband_middle_high":{"dmean":0.00287967082113,"dmean2":0.0041480306536,"dvar":0.0000175106270035,"dvar2":0.0000372948525182,"max":0.0932475104928,"mean":0.0070484187454,"median":0.00393009092659,"min":1.12378605252e-21,"var":0.0000627227127552},"spectral_energyband_middle_low":{"dmean":0.00372596993111,"dmean2":0.00565323000774,"dvar":0.0000362537575711,"dvar2":0.0000802135764388,"max":0.084087587893,"mean":0.00617193849757,"median":0.00318499375135,"min":1.64604082515e-22,"var":0.0000643425955786},"spectral_entropy":{"dmean":0.174440428615,"dmean2":0.241844207048,"dvar":0.0340166911483,"dvar2":0.0628484338522,"max":9.82524490356,"mean":8.05661201477,"median":8.10722160339,"min":5.35770130157,"var":0.185834378004},"spectral_flux":{"dmean":0.0292932633311,"dmean2":0.0412788838148,"dvar":0.000904580927454,"dvar2":0.00180471222848,"max":0.301921665668,"mean":0.0986959934235,"median":0.0926941409707,"min":6.3406169204e-11,"var":0.00288449181244},"spectral_kurtosis":{"dmean":1.03212559223,"dmean2":1.56012022495,"dvar":1.40661585331,"dvar2":3.12331151962,"max":23.9081859589,"mean":2.8271188736,"median":2.37149977684,"min":-1.32939732075,"var":4.68542337418},"spectral_rms":{"dmean":0.000972618989181,"dmean2":0.00124942918774,"dvar":0.00000101876025838,"dvar2":0.00000174939748376,"max":0.0116753447801,"mean":0.00425016926602,"median":0.00408973637968,"min":3.10561494056e-12,"var":0.00000462548314317},"spectral_rolloff":{"dmean":1474.40112305,"dmean2":2345.65161133,"dvar":4099341,"dvar2":8386617,"max":19810.546875,"mean":4618.26025391,"median":3273.046875,"min":21.533203125,"var":13677588},"spectral_skewness":{"dmean":0.211445495486,"dmean2":0.310660660267,"dvar":0.0477111451328,"dvar2":0.100390531123,"max":3.70206403732,"mean":1.2864151001,"median":1.27872252464,"min":-0.127069592476,"var":0.195825338364},"spectral_spread":{"dmean":936276.25,"dmean2":1324019.125,"dvar":1234234376190,"dvar2":2352078651390,"max":44585096,"mean":6341957,"median":5753876,"min":1887976.125,"var":13677070647300},"spectral_strongpeak":{"dmean":0.950514793396,"dmean2":1.62050521374,"dvar":4.33361339569,"dvar2":10.9718046188,"max":38.3804397583,"mean":1.34334588051,"median":0.598219633102,"min":0,"var":4.85103368759},"zerocrossingrate":{"dmean":0.0267014410347,"dmean2":0.0288063660264,"dvar":0.000797661894467,"dvar2":0.000869405339472,"max":0.52978515625,"mean":0.144392088056,"median":0.123046875,"min":0.0009765625,"var":0.00781686697155}},"metadata":{"audio_properties":{"analysis_sample_rate":44100,"bit_rate":124655,"codec":"aac","downmix":"mix","equal_loudness":0,"length":341.031463623,"lossless":false,"md5_encoded":"3d4fb284fc53222e59c298c19bfac2ca","replay_gain":-7.99139404297,"sample_rate":44100},"tags":{"album":["Grandmaster Flash & The Furious Five"],"artist":["Grandmaster Flash & The Furious Five"],"asin":["B000GGSM2G"],"barcode":["081227160623"],"bpm":["110"],"composer":["Chase/Robinson"],"date":["1983"],"discnumber":["1/1"],"encodedby":["iTunes 12.3.3.17"],"file_name":"02 The Party Mix.m4a","genre":["Dance/Bass"],"musicbrainz_albumid":["9165e1de-a977-37ff-ade7-2034d7b52b0e"],"musicbrainz_recordingid":["daa5a603-1e59-4ccb-836c-12f096cad79e"],"musicbrainz_releasegroupid":["fc85b058-2682-31d5-8734-ac06daed48f2"],"title":["The Party Mix"],"tracknumber":["2/7"]},"version":{"essentia":"2.1-beta2","essentia_build_sha":"cead25079874084f62182a551b7393616cd33d87","essentia_git_sha":"v2.1_beta2-1-ge3940c0","extractor":"music 1.0"}},"rhythm":{"beats_count":624,"beats_loudness":{"dmean":0.0194151308388,"dmean2":0.0324008315802,"dvar":0.000220510773943,"dvar2":0.000646393222269,"max":0.111509479582,"mean":0.0421558469534,"median":0.0428522378206,"min":0,"var":0.000352786824806},"beats_loudness_band_ratio":{"dmean":[0.304304182529,0.0822666957974,0.103536859155,0.12593768537,0.0996627807617,0.220123052597],"dmean2":[0.530819118023,0.153078958392,0.188164785504,0.223751693964,0.176866844296,0.375516951084],"dvar":[0.0464538037777,0.00843956135213,0.015807216987,0.0200237017125,0.00995996501297,0.0179061088711],"dvar2":[0.134056910872,0.0242935605347,0.0459488704801,0.0587823428214,0.0284314639866,0.0619748160243],"max":[0.951993107796,0.725029349327,0.796674787998,0.895613670349,0.60123449564,0.923495769501],"mean":[0.294132441282,0.0783258005977,0.0