{"lowlevel":{"average_loudness":0.644310951233,"barkbands":{"dmean":[0.0000803880975582,0.00445471284911,0.00254036136903,0.00131649768446,0.00338119734079,0.00062924582744,0.000317435333272,0.000229407145525,0.000287473056233,0.000230959427427,0.000163874297868,0.000169774939422,0.000205147138331,0.000246304494794,0.000255297170952,0.000235935847741,0.000290648458758,0.000251146033406,0.00016849063104,0.000163480770425,0.000121938232041,0.0000660573132336,0.0000361408601748,0.0000225440053327,0.00000911083316169,0.00000446010426458,0.00000271941848951],"dmean2":[0.000138991817948,0.00760334683582,0.0043889740482,0.00223322911188,0.00581765547395,0.00102543574758,0.000510670884978,0.000376830343157,0.000451037602033,0.000372935202904,0.000261675741058,0.00026642868761,0.000328392867232,0.000401161145419,0.000408914260333,0.000377286021831,0.000467562524136,0.000399014155846,0.000276759703411,0.00026263835025,0.000196462904569,0.000104408587504,0.0000557150815439,0.0000343425781466,0.0000136324661071,0.00000681411756887,0.00000413809448219],"dvar":[5.75367806732e-8,0.000196527005755,0.0000514462844876,0.00000699484826328,0.000101054320112,0.00000132801744712,3.62790530062e-7,2.35874523469e-7,2.82466345425e-7,2.49454132017e-7,1.10157692745e-7,1.28843552716e-7,1.48863932736e-7,1.84529753255e-7,2.01314946935e-7,1.92185069636e-7,2.5488819233e-7,1.54446681222e-7,7.36156948733e-8,7.7219716843e-8,4.00666735345e-8,1.30744899351e-8,4.13994660775e-9,1.76291370391e-9,4.57635179751e-10,1.42493281063e-10,4.92674546992e-11],"dvar2":[1.57727583883e-7,0.000525077397469,0.000147606056998,0.000018769162125,0.000273755838862,0.00000350609434463,8.52341884183e-7,5.65896755234e-7,6.47252363706e-7,5.99324835093e-7,2.64964313601e-7,2.87097066121e-7,3.50500272361e-7,4.50579079825e-7,4.86912142605e-7,4.6034935508e-7,6.41215649466e-7,3.75307735112e-7,1.95952125637e-7,1.92425176238e-7,1.01486946846e-7,3.1589127758e-8,9.47127265505e-9,3.9168783772e-9,9.9592845082e-10,3.29713895075e-10,1.15850912197e-10],"max":[0.00474108569324,0.17472705245,0.0863974541426,0.0422409288585,0.1136803478,0.0168477334082,0.0128633007407,0.0152512928471,0.0139518603683,0.0189573802054,0.008744020015,0.00875931885093,0.00813907850534,0.00977537222207,0.0122387511656,0.0230384208262,0.0102496733889,0.00775336800143,0.00437704846263,0.00577541580424,0.00485545443371,0.00220456486568,0.00176317885052,0.00116760050878,0.000490941165481,0.000229789729929,0.000102587604488],"mean":[0.0000790855046944,0.00627413671464,0.00413108570501,0.00243789982051,0.00376065867022,0.00130954850465,0.00052553077694,0.000387968291761,0.000507023592945,0.000407304527471,0.000278920895653,0.000280073727481,0.000331074930727,0.000444034318207,0.00047792159603,0.000472262356197,0.00062231119955,0.000538602296729,0.000408916355809,0.000388353248127,0.000325058324961,0.000160622672411,0.0000919116428122,0.0000562758978049,0.0000169584218384,0.0000060905722421,0.00000289918170893],"median":[0.00000577585979045,0.0023828712292,0.00156874686945,0.0013521744404,0.0012652000878,0.000456209148979,0.000172275264049,0.000139771625982,0.000215386069613,0.000174495886313,0.000144075063872,0.000132253713673,0.00014611746883,0.000244215596467,0.000232255813899,0.000233266531723,0.000259989494225,0.000299431325402,0.000160869967658,0.00014455668861,0.000105730243376,0.0000613141164649,0.0000222676499106,0.0000109078937385,0.00000266622964773,5.43280407328e-7,1.61151675115e-7],"min":[3.21754945666e-24,1.18063999633e-23,1.47860585532e-23,2.94995265204e-24,3.74911635678e-23,2.79090279243e-23,3.96302135549e-23,3.02749132869e-23,1.2404047296e-23,2.32381241288e-23,1.93275560281e-23,3.48130249708e-23,9.03095916015e-23,7.5696296742e-23,1.03640804474e-22,1.15006327433e-22,1.09137404246e-22,1.60028222259e-22,2.11736539983e-22,2.21518377343e-22,3.9291084145e-22,3.91270591369e-22,4.55111652924e-22,5.35636100261e-22,1.04433339578e-21,1.61367569236e-21,2.38326365282e-21],"var":[5.28751407103e-8,0.000167157035321,0.0000510897807544,0.0000135869759106,0.0000800157868071,0.00000380557435165,8.69426287409e-7,8.98848838915e-7,9.17035720249e-7,6.49994433388e-7,2.6442228318e-7,2.7033712513e-7,2.95214789503e-7,4.25691695227e-7,4.94896369219e-7,4.5308394192e-7,7.92257196736e-7,4.49927767932e-7,2.56525083842e-7,2.67151989419e-7,1.75883485554e-7,4.49381367673e-8,1.86065562957e-8,8.5879774403e-9,1.13004827718e-9,2.0972766579e-10,5.59250007415e-11]},"barkbands_crest":{"dmean":2.68261289597,"dmean2":4.34260988235,"dvar":8.30081748962,"dvar2":21.7562866211,"max":25.5673351288,"mean":10.7269554138,"median":10.0890750885,"min":2.50702142715,"var":17.9354324341},"barkbands_flatness_db":{"dmean":0.0215583462268,"dmean2":0.0325494296849,"dvar":0.000473433959996,"dvar2":0.00113059580326,"max":0.393522143364,"mean":0.155981361866,"median":0.142863035202,"min":0.0268804039806,"var":0.00396880600601},"barkbands_kurtosis":{"dmean":2.80956816673,"dmean2":4.57648420334,"dvar":37.0555229187,"dvar2":96.6222229004,"max":188.147994995,"mean":3.31342339516,"median":0.48230612278,"min":-1.89760494232,"var":62.0300331116},"barkbands_skewness":{"dmean":0.57553678751,"dmean2":0.887945473194,"dvar":0.499908924103,"dvar2":1.18120002747,"max":12.3349704742,"mean":1.42056655884,"median":1.22471940517,"min":-4.20272397995,"var":1.80652666092},"barkbands_spread":{"dmean":5.65177774429,"dmean2":8.76718235016,"dvar":41.816696167,"dvar2":97.8891220093,"max":113.106887817,"mean":25.4554481506,"median":23.6981735229,"min":0.765061080456,"var":184.683639526},"dissonance":{"dmean":0.0130550852045,"dmean2":0.0218394566327,"dvar":0.00023404591775,"dvar2":0.000637592049316,"max":0.499999970198,"mean":0.473586827517,"median":0.481190472841,"min":0.257918745279,"var":0.000597923295572},"dynamic_complexity":3.96230077744,"erbbands":{"dmean":[0.100483298302,1.10703265667,2.66369509697,4.08973026276,7.83411169052,13.2102823257,5.56087589264,5.31852245331,4.63763189316,4.75175046921,5.08540248871,6.35923290253,6.80051517487,6.98085021973,5.8091635704,6.9998755455,8.5994720459,11.5541734695,11.3883228302,13.235748291,12.929476738,14.6618518829,14.4024009705,9.27917289734,8.52483558655,7.33901596069,5.36397409439,4.54573869705,2.55066370964,1.68807375431,1.00947582722,0.651447474957,0.276183634996,0.129315346479,0.0538675189018,0.0216088034213,0.00752264913172,0.00216882606037,0.000441347103333,0.0000407303705288],"dmean2":[0.174278512597,1.89691448212,4.60380363464,6.95524930954,13.2941436768,23.0915164948,9.65219783783,8.58526802063,7.46495771408,7.61167764664,8.22940921783,10.0389966965,10.5146684647,11.0436353683,9.19491004944,11.0225858688,13.7134065628,18.5315494537,17.9064807892,21.4546966553,20.3964710236,23.3493003845,22.5352916718,15.241818428,13.9579200745,11.8392486572,8.60750484467,7.31119728088,4.07156944275,2.62188911438,1.55620193481,1.01544213295,0.414509475231,0.192723363638,0.08210927248,0.0332441106439,0.0115294950083,0.00331683270633,0.000674140173942,0.0000624696476734],"dvar":[0.122458048165,11.6915187836,59.738609314,90.7851333618,392.271118164,1762.12731934,176.700942993,93.7960739136,82.1912612915,83.8899459839,146.674667358,137.910827637,180.800109863,253.234085083,133.913238525,197.896240234,269.282531738,431.394897461,458.539642334,417.032531738,688.333068848,651.845092773,535.343200684,214.27305603,207.505355835,161.88949585,73.6221313477,63.4817771912,20.9749240875,9.07542800903,3.45868873596,1.66257631779,0.297387570143,0.0841564387083,0.0179925542325,0.00343924574554,0.000401756813517,0.000031559218769,0.00000131500496536,7.98759636211e-9],"dvar2":[0.332260608673,31.4045410156,171.281295776,252.763320923,1063.52001953,4829.2109375,500.837860107,239.605270386,195.851577759,190.689849854,334.820495605,321.971832275,381.998016357,595.00793457,318.812927246,434.123474121,617.951538086,1035.28796387,1062.93933105,1034.25756836,1677.46643066,1596.92492676,1279.24938965,572.612243652,551.567687988,402.890380859,183.337265015,163.733520508,52.0757904053,21.1635761261,8.10499572754,4.04804134369,0.622871398926,0.181287378073,0.0407196134329,0.00805320683867,0.000930691894609,0.0000732430053176,0.00000311375356432,1.86364452759e-8],"max":[4.67014980316,45.574131012,97.5262527466,125.882072449,267.315032959,485.207397461,154.377212524,181.256744385,219.666824341,221.346298218,433.977264404,328.024810791,369.796020508,655.740356445,344.839416504,343.918029785,427.770507812,536.538574219,702.780029297,499.338897705,1555.06994629,671.59979248,464.152770996,225.043685913,283.865722656,248.828170776,245.380905151,115.745780945,87.8154144287,67.3913803101,59.3655319214,34.6583251953,17.7368831635,8.06911945343,2.55108046532,1.19598376751,0.389482438564,0.0822511687875,0.0166348479688,0.00132613559254],"mean":[0.11363838613,1.62901651859,4.47247171402,7.58202791214,11.0625286102,12.8536319733,8.08244514465,11.2336511612,8.31285381317,8.25110244751,9.10493087769,10.9172706604,13.2425661087,13.1376504898,10.7082433701,12.4103946686,15.3548736572,22.0565700531,22.5826072693,26.7012729645,27.9936122894,34.0886573792,32.4701576233,22.5163173676,20.990404129,17.8696727753,13.6848115921,11.5236291885,6.22493982315,3.86283516884,2.63137340546,1.54985761642,0.682717621326,0.265137821436,0.0883197113872,0.0306122004986,0.0102512855083,0.00258675729856,0.000479658367112,0.0000628907873761],"median":[0.0391926728189,0.642113804817,2.57088446617,3.76180076599,4.78993701935,3.50750589371,2.94978046417,3.6622710228,3.1881775856,3.19970989227,3.64110946655,5.2360162735,5.37633037567,6.08814716339,6.05771827698,6.42824077606,7.64239501953,12.0824966431,12.0756092072,15.7104587555,13.015789032,14.9712581635,17.5976333618,10.5515165329,7.873254776,6.69481468201,5.27117109299,3.49132370949,2.26487088203,1.36612832546,0.556811332703,0.299621522427,0.12807071209,0.0436513572931,0.0123674087226,0.00315966503695,0.00091421417892,0.00021236151224,0.0000433639688708,0.0000314537282975],"min":[1.68667902624e-22,2.83557897685e-21,1.57125073774e-20,2.33771322371e-20,1.72835495428e-20,8.48671540349e-20,1.87765436631e-19,2.67607739864e-19,4.48533930868e-19,8.00722671974e-19,3.76421307343e-19,3.33355079329e-19,1.56838924212e-18,8.60852963941e-19,1.31347564858e-18,1.55599911052e-18,3.94185393569e-18,3.30693139739e-18,5.39108098632e-18,5.18709742009e-18,7.12428741306e-18,7.10237953453e-18,6.96331972022e-18,9.0029965639e-18,1.1282147158e-17,1.2401808909e-17,1.02396952726e-17,1.51149588366e-17,1.44405220873e-17,1.21282362922e-17,1.25918900507e-17,1.23232350226e-17,1.02403288929e-17,1.08954385673e-17,8.1304128347e-18,4.8005191103e-18,3.17766622871e-18,1.06650981316e-18,2.96248713477e-19,3.65185312417e-20],"var":[0.0937377288938,10.0888109207,55.3731536865,118.435386658,410.925354004,1275.52172852,191.072494507,298.032073975,201.269851685,248.837524414,630.12902832,327.752410889,658.239440918,677.760192871,312.674713135,452.174316406,581.071044922,1119.8079834,1047.42822266,1028.10314941,1678.21020508,2275.18701172,1667.32324219,708.611450195,699.606445312,562.45904541,292.00289917,241.385055542,68.5525894165,29.0269927979,16.5466480255,6.67390060425,1.40889656544,0.246954381466,0.0331851877272,0.00514194089919,0.000595413672272,0.0000407093539252,0.00000146345394114,9.71783986614e-9]},"erbbands_crest":{"dmean":2.20209860802,"dmean2":3.57465076447,"dvar":5.19941043854,"dvar2":12.8930597305,"max":31.1670837402,"mean":7.97198820114,"median":6.70061206818,"min":2.39920568466,"var":17.4618587494},"erbbands_flatness_db":{"dmean":0.0173328239471,"dmean2":0.024228554219,"dvar":0.000403341575293,"dvar2":0.000710922526196,"max":0.441260933876,"mean":0.183977469802,"median":0.165441691875,"min":0.0304711777717,"var":0.00479907123372},"erbbands_kurtosis":{"dmean":0.847734570503,"dmean2":1.30738914013,"dvar":2.06057262421,"dvar2":4.25900220871,"max":40.2749443054,"mean":0.305516242981,"median":-0.351999521255,"min":-1.78877925873,"var":6.4200387001},"erbbands_skewness":{"dmean":0.32869553566,"dmean2":0.501877188683,"dvar":0.103109411895,"dvar2":0.229515820742,"max":5.21040678024,"mean":-0.417471289635,"median":-0.462442517281,"min":-4.91333246231,"var":0.602658569813},"erbbands_spread":{"dmean":8.01058197021,"dmean2":12.3633708954,"dvar":76.0356063843,"dvar2":176.678268433,"max":135.860046387,"mean":40.5111274719,"median":40.4091033936,"min":2.06358623505,"var":330.281707764},"gfcc":{"cov":[[15460.78125,-2821.31958008,948.862304688,2130.12939453,-1168.1348877,1375.3737793,-455.770843506,448.93661499,-62.9468421936,208.65411377,-18.3522510529,205.413818359,-174.640853882],[-2821.31958008,2511.92456055,-662.821228027,-669.430786133,726.026855469,-578.71862793,383.771606445,-237.631256104,140.867599487,-171.037094116,29.6150531769,-178.268951416,42.6997032166],[948.862304688,-662.821228027,1455.27160645,357.3074646,19.1562652588,490.570892334,7.06101465225,258.587890625,-19.496088028,196.798736572,-23.1103916168,68.1609649658,-74.1971359253],[2130.12939453,-669.430786133,357.3074646,829.643676758,-198.573547363,301.355865479,-35.8172912598,134.225799561,51.2470054626,62.1093330383,48.3105773926,22.8120365143,-4.73985433578],[-1168.1348877,726.026855469,19.1562652588,-198.573547363,548.483337402,-121.05947876,171.630203247,-6.7143907547,44.6687583923,-14.5398235321,-27.9181537628,-48.2201728821,-27.4641189575],[1375.3737793,-578.71862793,490.570892334,301.355865479,-121.05947876,460.150146484,1.42755436897,140.641586304,0.828577280045,85.3831787109,9.89908885956,39.1026344299,-38.9822235107],[-455.770843506,383.771606445,7.06101465225,-35.8172912598,171.630203247,1.42755436897,256.735717773,47.3473777771,80.3763885498,7.39645671844,6.18744182587,-28.0760364532,-6.33573246002],[448.93661499,-237.631256104,258.587890625,134.225799561,-6.7143907547,140.641586304,47.3473777771,183.362670898,58.3414039612,63.5800285339,6.30028009415,25.0560741425,-16.962020874],[-62.9468421936,140.867599487,-19.496088028,51.2470054626,44.6687583923,0.828577280045,80.3763885498,58.3414039612,146.633605957,38.7256355286,21.5086078644,-7.13150835037,4.15081739426],[208.65411377,-171.037094116,196.798736572,62.1093330383,-14.5398235321,85.3831787109,7.39645671844,63.5800285339,38.7256355286,115.162437439,34.5846824646,24.163816452,-8.99338340759],[-18.3522510529,29.6150531769,-23.1103916168,48.3105773926,-27.9181537628,9.89908885956,6.18744182587,6.30028009415,21.5086078644,34.5846824646,94.9846954346,30.0321311951,16.1641311646],[205.413818359,-178.268951416,68.1609649658,22.8120365143,-48.2201728821,39.1026344299,-28.0760364532,25.0560741425,-7.13150835037,24.163816452,30.0321311951,86.5221862793,27.670759201],[-174.640853882,42.6997032166,-74.1971359253,-4.73985433578,-27.4641189575,-38.9822235107,-6.33573246002,-16.962020874,4.15081739426,-8.99338340759,16.1641311646,27.670759201,80.7739715576]],"icov":[[0.000164817742188,-0.000219454959733,0.000196289969608,-0.000435149850091,0.000276663951809,-0.000383535370929,0.000259646418272,-0.000239483240875,0.000289303628961,-0.000413046363974,0.000697017821949,-0.000676946830936,0.000537744956091],[-0.000219454959733,0.00224858662114,-0.000661714235321,0.00140097783878,-0.00180009531323,0.00131699885242,-0.00167650275398,0.00183571944945,-0.00210701301694,0.00291657797061,-0.00366775458679,0.00354288937524,-0.00195795926265],[0.000196289969608,-0.000661714235321,0.00191529246513,-0.000969446729869,0.000100352510344,-0.00156320759561,0.000643002451397,-0.00155677553266,0.00184452231042,-0.00297657051124,0.0025314502418,-0.00194406695664,0.00121308199596],[-0.000435149850091,0.00140097783878,-0.000969446729869,0.00339178065769,-0.000888105772901,0.00044024825911,-0.000802801048849,0.000726296391804,-0.00234934268519,0.002950088121,-0.00412122253329,0.00380570348352,-0.00240267650224],[0.000276663951809,-0.00180009531323,0.000100352510344,-0.000888105772901,0.00438266061246,-0.000331666495185,-0.000319715909427,-0.0012278908398,0.00135346013121,-0.00207576178946,0.00337060214952,-0.00266890414059,0.00257610296831],[-0.000383535370929,0.00131699885242,-0.00156320759561,0.00044024825911,-0.000331666495185,0.00589701440185,-0.00198240624741,0.0000274154372164,-0.000527954020072,0.00132904644124,-0.00255996733904,0.00180245819502,-0.000282170978608],[0.000259646418272,-0.00167650275398,0.000643002451397,-0.000802801048849,-0.000319715909427,-0.00198240624741,0.00766302784905,-0.0027612587437,-0.000945436942857,-0.00107926665805,0.00171207590029,-0.00101379398257,0.000880062929355],[-0.000239483240875,0.00183571944945,-0.00155677553266,0.000726296391804,-0.0012278908398,0.0000274154372164,-0.0027612587437,0.0120629724115,-0.00523108011112,0.000898817670532,-0.00151215505321,0.00026471648016,-0.000382499245461],[0.000289303628961,-0.00210701301694,0.00184452231042,-0.00234934268519,0.00135346013121,-0.000527954020072,-0.000945436942857,-0.00523108011112,0.013493668288,-0.0070419376716,0.00320030725561,-0.00197668001056,0.000887814327143],[-0.000413046363974,0.00291657797061,-0.00297657051124,0.002950088121,-0.00207576178946,0.00132904644124,-0.00107926665805,0.000898817670532,-0.0070419376716,0.0201657600701,-0.0107593126595,0.00423829210922,-0.00164789950941],[0.000697017821949,-0.00366775458679,0.0025314502418,-0.00412122253329,0.00337060214952,-0.00255996733904,0.00171207590029,-0.00151215505321,0.00320030725561,-0.0107593126595,0.022028978914,-0.011571617797,0.0034500870388],[-0.000676946830936,0.00354288937524,-0.00194406695664,0.00380570348352,-0.00266890414059,0.00180245819502,-0.00101379398257,0.00026471648016,-0.00197668001056,0.00423829210922,-0.011571617797,0.0242772046477,-0.0103879878297],[0.000537744956091,-0.00195795926265,0.00121308199596,-0.00240267650224,0.00257610296831,-0.000282170978608,0.000880062929355,-0.000382499245461,0.000887814327143,-0.00164789950941,0.0034500870388,-0.0103879878297,0.0189187731594]],"mean":[-44.2287750244,115.781814575,-142.486602783,46.2259750366,-39.0536346436,-2.89145946503,-25.7753791809,-5.6261920929,-17.2998523712,-8.9031162262,-15.1676225662,-6.97565937042,-7.80577754974]},"hfc":{"dmean":3.93665194511,"dmean2":5.995885849,"dvar":30.9906768799,"dvar2":74.6598434448,"max":94.8061523438,"mean":17.4098377228,"median":12.5013160706,"min":1.17765942037e-16,"var":231.825271606},"melbands":{"dmean":[0.00109823944513,0.00140890700277,0.000707536877599,0.000866962654982,0.000249956967309,0.000117986710393,0.000069725960202,0.0000506471951667,0.0000427435916208,0.0000410279644711,0.0000347714631062,0.0000297627248074,0.0000222953149205,0.0000181853556569,0.0000197299759748,0.0000204970438062,0.0000233076261793,0.0000197041645151,0.0000198527723114,0.0000167649868672,0.0000171444571606,0.0000158680613822,0.0000186550460057,0.000011825936781,0.00000806121806818,0.0000066833836172,0.00000703514433553,0.00000507651157022,0.00000376703974325,0.00000358013403456,0.00000266036045105,0.00000161243747243,0.00000126937527511,9.33177034312e-7,6.58883891447e-7,4.52410631624e-7,3.84040077961e-7,2.18551377884e-7,1.66096029375e-7,1.07903076696e-7],"dmean2":[0.00188570702448,0.00239161588252,0.001201543957,0.00149026862346,0.000439595198259,0.000190647842828,0.000111827539513,0.0000815691673779,0.0000686367420712,0.0000647058041068,0.000053860614571,0.0000473720137961,0.0000354230141966,0.0000286595550278,0.000031312189094,0.0000328724599967,0.000037533853174,0.0000312937045237,0.0000321278093907,0.0000272224606306,0.0000272807046713,0.0000255249742622,0.0000294258916256,0.0000189204638446,0.0000134160754897,0.0000111069794002,0.0000115396978799,0.00000821593584988,0.00000606404819337,0.00000587277691011,0.00000433187415183,0.00000262399544226,0.0000020175696136,0.00000146697993841,0.00000103322702216,7.13316978818e-7,6.03546709499e-7,3.35014476605e-7,2.56471622606e-7,1.65654924444e-7],"dvar":[0.0000131129336296,0.0000165525907505,0.0000022105248263,0.00000681526807966,4.42619580099e-7,4.47882797516e-8,1.74479595216e-8,9.03039598654e-9,1.00530188618e-8,5.91911941683e-9,4.66940441868e-9,4.86911178044e-9,2.0581600868e-9,1.6904211364e-9,1.55968260529e-9,1.44719192186e-9,1.81282600042e-9,1.37406452883e-9,1.29310107067e-9,7.03718694428e-10,1.39721567649e-9,8.17920231544e-10,1.05399078354e-9,3.59307167352e-10,1.76928041662e-10,1.27385491044e-10,1.63633467887e-10,7.8595380204e-11,3.77392735118e-11,3.76826000958e-11,2.32130634159e-11,8.62862212236e-12,5.03958810447e-12,2.90578954128e-12,1.49057806029e-12,8.06771207999e-13,6.25659517684e-13,2.00426345442e-13,1.21000973997e-13,7.66765123617e-14],"dvar2":[0.0000352253882738,0.0000456739217043,0.00000610002962276,0.0000184048803931,0.00000125612973534,1.15284514379e-7,4.14261194237e-8,2.12679420741e-8,2.26174936557e-8,1.36217046531e-8,9.94250282105e-9,1.15218572461e-8,4.94682428354e-9,3.85816312232e-9,3.40304051605e-9,3.49196516147e-9,4.31975744064e-9,3.18501447438e-9,3.27012883439e-9,1.74339198633e-9,3.40717631886e-9,1.99785432642e-9,2.51876897117e-9,8.81156536625e-10,4.81200523872e-10,3.44281575471e-10,4.30514984773e-10,1.95589072716e-10,9.31462823539e-11,9.97382385015e-11,6.14675046973e-11,2.21792046534e-11,1.23163571356e-11,6.87763648116e-12,3.5738048805e-12,1.95199824186e-12,1.53095277341e-12,4.40638817751e-13,2.87250719088e-13,1.72787294455e-13],"max":[0.046767976135,0.0526742972434,0.0221747737378,0.0309823770076,0.00737451668829,0.00370925641619,0.00315429549664,0.00211964477785,0.00375695549883,0.00191303458996,0.00180528638884,0.00295037985779,0.00141020957381,0.00131002953276,0.00111254851799,0.000713274464943,0.000979132018983,0.00101364136208,0.000669936707709,0.000649390683975,0.00220270827413,0.000824376766104,0.00058801920386,0.000435973459389,0.000226906879107,0.000210928585147,0.000319522223435,0.000181647483259,0.000165578603628,0.000147932107211,0.0000705171842128,0.0000552880228497,0.0000482165814901,0.0000386028514185,0.0000327289744746,0.0000341141894751,0.000022779826395,0.0000153066830535,0.0000101025152617,0.00000841226665216],"mean":[0.00141838891432,0.00242230156437,0.00138834642712,0.00094314198941,0.000327513553202,0.000252983591054,0.000124400379718,0.0000855096586747,0.0000751260959078,0.0000705486017978,0.0000659639918013,0.0000531712030352,0.0000385939674743,0.0000298467512039,0.0000334118740284,0.0000348148314515,0.0000413978305005,0.0000350555201294,0.0000371828682546,0.0000320832550642,0.000033244057704,0.000033247837564,0.0000371883688786,0.0000241237266891,0.0000174928372871,0.0000148807685036,0.0000153446908371,0.0000109371667349,0.00000832509795146,0.00000833669218991,0.00000598781389272,0.00000353446102963,0.00000273324872069,0.0000019114877432,0.00000160977992891,0.0000010869655398,8.57712450397e-7,4.92496951665e-7,3.38074897854e-7,1.88720989058e-7],"median":[0.000573790748604,0.00159867445473,0.000775126100052,0.000307183887344,0.000115282957267,0.0000839815475047,0.0000444633406005,0.0000332925046678,0.0000298053346341,0.0000311168878397,0.0000257358005911,0.0000227127129619,0.0000207171869988,0.0000143448196468,0.0000162274554896,0.0000159521259775,0.0000215225391003,0.0000184679847735,0.0000172742365976,0.0000187690566236,0.0000135936534207,0.0000144615514728,0.0000161527914315,0.0000132974200824,0.00000714050474926,0.00000583682231081,0.00000449635990663,0.00000416870716435,0.00000337339861289,0.00000253660755334,0.00000173038893081,0.00000133507285227,9.76184537649e-7,6.50123865853e-7,3.18081333717e-7,2.26921969215e-7,1.53360304012e-7,9.22002243442e-8,5.33215853693e-8,2.95273814288e-8],"min":[3.10675315366e-24,6.78249590104e-24,3.95839594846e-24,3.47804631592e-24,7.59380857649e-24,5.50237305038e-24,6.56899109147e-24,1.00473584738e-23,2.18089018339e-24,2.01433482502e-24,8.18823183465e-24,3.27958054787e-24,3.46764557932e-24,3.83932015583e-24,5.51058785342e-24,8.17346514736e-24,5.02096673867e-24,8.84288225634e-24,7.26961435457e-24,7.15029046519e-24,7.22267555299e-24,5.680692297e-24,6.94382505591e-24,7.08468248142e-24,6.46122007005e-24,6.8241485457e-24,5.7445703088e-24,8.93523183593e-24,5.61910868714e-24,7.56634753951e-24,7.5800326985e-24,6.97387907867e-24,7.07438548003e-24,5.73961784003e-24,6.0739919175e-24,7.62771855136e-24,6.09925952672e-24,6.45214225318e-24,9.13983553348e-24,8.0286476401e-24],"var":[0.0000104691634988,0.0000153541932377,0.00000321781499224,0.00000535452682016,3.76000912183e-7,1.44010343206e-7,4.31936761913e-8,2.46255567049e-8,4.34929816606e-8,1.64837494765e-8,1.69098832714e-8,1.27949189022e-8,5.01313968115e-9,2.96121593912e-9,3.87767418175e-9,3.0478604085e-9,4.23294954643e-9,2.80222689497e-9,3.28397642413e-9,1.57713686555e-9,2.93326296585e-9,2.42452213861e-9,2.8690376741e-9,9.51496659241e-10,4.9199133656e-10,3.58762936026e-10,4.7311266016e-10,2.27246971241e-10,1.16867002187e-10,1.27119079152e-10,7.17223849755e-11,2.29268080215e-11,1.4654341976e-11,7.87541906688e-12,6.40117906597e-12,3.20369512169e-12,2.22165016418e-12,7.80504892488e-13,3.94059866118e-13,1.63061987415e-13]},"melbands_crest":{"dmean":3.02753305435,"dmean2":4.91903114319,"dvar":10.0423641205,"dvar2":25.6129245758,"max":32.99609375,"mean":15.1727933884,"median":14.7135238647,"min":1.71929049492,"var":25.744184494},"melbands_flatness_db":{"dmean":0.0266289841384,"dmean2":0.0400996208191,"dvar":0.00079546822235,"dvar2":0.00187348038889,"max":0.525400340557,"mean":0.21746507287,"median":0.201697871089,"min":0.00340572372079,"var":0.00650769565254},"melbands_kurtosis":{"dmean":8.15007209778,"dmean2":13.2713794708,"dvar":303.96484375,"dvar2":778.827209473,"max":342.897766113,"mean":14.3370780945,"median":7.5480427742,"min":-1.86955118179,"var":483.525268555},"melbands_skewness":{"dmean":0.811011314392,"dmean2":1.25822746754,"dvar":1.07140183449,"dvar2":2.50432777405,"max":14.4656152725,"mean":2.90290594101,"median":2.69731760025,"min":-2.37068319321,"var":3.52233433723},"melbands_spread":{"dmean":7.83564519882,"dmean2":12.100736618,"dvar":91.3510131836,"dvar2":207.150527954,"max":188.526382446,"mean":26.955121994,"median":24.4006538391,"min":0.762729644775,"var":343.084503174},"mfcc":{"cov":[[11255.2919922,-2357.72924805,979.892089844,1009.20562744,-137.653518677,642.776245117,-75.371307373,322.726867676,-32.2053985596,160.151672363,-43.5582313538,254.789169312,22.668176651],[-2357.72924805,2274.1887207,-662.42401123,-174.220046997,162.71887207,-167.224746704,115.284126282,-30.1389026642,96.0617141724,-10.9191570282,82.8775863647,-74.7508239746,-2.64302325249],[979.892089844,-662.42401123,1152.90698242,133.003372192,116.763198853,272.696350098,104.041770935,133.106140137,51.6805076599,127.46194458,61.6472930908,79.0762481689,71.1306610107],[1009.20562744,-174.220046997,133.003372192,496.515106201,51.9812202454,87.1076583862,47.2406692505,57.8290596008,62.8231658936,85.7567825317,4.72022008896,63.4693832397,66.3724822998],[-137.653518677,162.71887207,116.763198853,51.9812202454,283.090087891,60.5137023926,72.4306335449,39.5939598083,38.4265327454,37.1991271973,38.2868881226,9.10354804993,3.33925223351],[642.776245117,-167.224746704,272.696350098,87.1076583862,60.5137023926,238.731048584,81.5317077637,75.6157302856,31.1755886078,61.5643005371,55.3437385559,35.6391868591,5.18075799942],[-75.371307373,115.284126282,104.041770935,47.2406692505,72.4306335449,81.5317077637,173.718414307,67.6598129272,49.8873062134,48.0726470947,45.9249687195,18.9577522278,23.9615383148],[322.726867676,-30.1389026642,133.106140137,57.8290596008,39.5939598083,75.6157302856,67.6598129272,140.164169312,66.0520629883,50.9569664001,44.2916374207,35.3528671265,22.3427238464],[-32.2053985596,96.0617141724,51.6805076599,62.8231658936,38.4265327454,31.1755886078,49.8873062134,66.0520629883,141.759216309,73.4498977661,38.0207252502,20.3355808258,31.7421607971],[160.151672363,-10.9191570282,127.46194458,85.7567825317,37.1991271973,61.5643005371,48.0726470947,50.9569664001,73.4498977661,131.744918823,68.4452133179,29.6926288605,27.0511131287],[-43.5582313538,82.8775863647,61.6472930908,4.72022008896,38.2868881226,55.3437385559,45.9249687195,44.2916374207,38.0207252502,68.4452133179,129.614959717,44.0762176514,7.63049507141],[254.789169312,-74.7508239746,79.0762481689,63.4693832397,9.10354804993,35.6391868591,18.9577522278,35.3528671265,20.3355808258,29.6926288605,44.0762176514,92.295463562,47.5833511353],[22.668176651,-2.64302325249,71.1306610107,66.3724822998,3.33925223351,5.18075799942,23.9615383148,22.3427238464,31.7421607971,27.0511131287,7.63049507141,47.5833511353,97.9742279053]],"icov":[[0.000168059486896,0.0000884080509422,0.0000158736165758,-0.000260394008365,0.000092932707048,-0.000331503310008,0.000230118515901,-0.000326523208059,0.000168439219124,-0.0000611513896729,0.000206290220376,-0.000268718780717,0.000237680113059],[0.0000884080509422,0.000778968562372,0.000431230291724,0.0000337958808814,-0.000410385080613,0.000103272584965,-0.000422547396738,0.0000232305374084,-0.000397768802941,0.000234890670981,-0.000643935229164,0.000602090673055,-0.000407094717957],[0.0000158736165758,0.000431230291724,0.00160150800366,0.000255374645349,-0.000545252987649,-0.00120466516819,-0.000103555619717,-0.00047460506903,0.000279887841316,-0.000841283996124,0.000213440522202,0.000127510458697,-0.00104886479676],[-0.000260394008365,0.0000337958808814,0.000255374645349,0.00321941985749,-0.000589101633523,-0.000206676297239,-0.000445068551926,0.000384681246942,-0.000476313551189,-0.00172997487243,0.0013936056057,-0.000956238654908,-0.00126525270753],[0.000092932707048,-0.000410385080613,-0.000545252987649,-0.000589101633523,0.00451731495559,-0.000458820955828,-0.000844792753924,-0.000165175108123,-0.000200306356419,0.000134654343128,-0.000227386917686,-0.000152598324348,0.000996491406113],[-0.000331503310008,0.000103272584965,-0.00120466516819,-0.000206676297239,-0.000458820955828,0.00828367192298,-0.00256156665273,-0.000748904538341,0.000224037110456,-0.000318851729389,-0.00178722944111,-0.000130363056087,0.00168693612795],[0.000230118515901,-0.000422547396738,-0.000103555619717,-0.000445068551926,-0.000844792753924,-0.00256156665273,0.0093632703647,-0.00288175838068,-0.000051644492487,-0.000371048721718,-0.000545633549336,0.000766464800108,-0.00136707373895],[-0.000326523208059,0.0000232305374084,-0.00047460506903,0.000384681246942,-0.000165175108123,-0.000748904538341,-0.00288175838068,0.0127415405586,-0.00462814653292,0.000750737439375,-0.00139500270598,-0.00156058836728,0.000163242744748],[0.000168439219124,-0.000397768802941,0.000279887841316,-0.000476313551189,-0.000200306356419,0.000224037110456,-0.000051644492487,-0.00462814653292,0.0126939062029,-0.0058197802864,0.00105246668682,0.000453747459687,-0.00167528842576],[-0.0000611513896729,0.000234890670981,-0.000841283996124,-0.00172997487243,0.000134654343128,-0.000318851729389,-0.000371048721718,0.000750737439375,-0.0058197802864,0.0164721310139,-0.00750095956028,0.00254809553735,-0.00158079876564],[0.000206290220376,-0.000643935229164,0.000213440522202,0.0013936056057,-0.000227386917686,-0.00178722944111,-0.000545633549336,-0.00139500270598,0.00105246668682,-0.00750095956028,0.0157643146813,-0.00822379719466,0.00388603773899],[-0.000268718780717,0.000602090673055,0.000127510458697,-0.000956238654908,-0.000152598324348,-0.000130363056087,0.000766464800108,-0.00156058836728,0.000453747459687,0.00254809553735,-0.00822379719466,0.021096881479,-0.00964205246419],[0.000237680113059,-0.000407094717957,-0.00104886479676,-0.00126525270753,0.000996491406113,0.00168693612795,-0.00136707373895,0.000163242744748,-0.00167528842576,-0.00158079876564,0.00388603773899,-0.00964205246419,0.0172928310931]],"mean":[-669.786987305,128.98727417,-26.2540054321,41.1436576843,6.12386035919,9.47382736206,-1.09898984432,3.6278719902,-0.159583240747,-0.351762324572,-4.54252624512,-2.87775683403,-6.81106853485]},"pitch_salience":{"dmean":0.0704035386443,"dmean2":0.114094786346,"dvar":0.00460484297946,"dvar2":0.0117857335135,"max":0.857162714005,"mean":0.52960062027,"median":0.534910976887,"min":0.0867420956492,"var":0.0142093421891},"silence_rate_20dB":{"dmean":0,"dmean2":0,"dvar":0,"dvar2":0,"max":1,"mean":1,"median":1,"min":1,"var":0},"silence_rate_30dB":{"dmean":0.0152426119894,"dmean2":0.0304878056049,"dvar":0.0150091042742,"dvar2":0.0395472049713,"max":1,"mean":0.989669799805,"median":1,"min":0,"var":0.0102236010134},"silence_rate_60dB":{"dmean":0.0277754254639,"dmean2":0.0555555559695,"dvar":0.027002632618,"dvar2":0.0624659173191,"max":1,"mean":0.122692629695,"median":0,"min":0,"var":0.107634574175},"spectral_centroid":{"dmean":268.885925293,"dmean2":412.51171875,"dvar":92102.8984375,"dvar2":210436.484375,"max":11250.8896484,"mean":1617.33813477,"median":1629.33203125,"min":183.215484619,"var":526618.5},"spectral_complexity":{"dmean":3.34007954597,"dmean2":5.1727643013,"dvar":11.6054372787,"dvar2":25.7951698303,"max":59,"mean":22.0630817413,"median":17,"min":0,"var":217.281936646},"spectral_contrast_coeffs":{"dmean":[0.0523703768849,0.0461800694466,0.0362442992628,0.030825342983,0.0219973828644,0.0190496053547],"dmean2":[0.0861144214869,0.0756733939052,0.0591674484313,0.0501808449626,0.0353228524327,0.0299489703029],"dvar":[0.00247734133154,0.00141928950325,0.000838817679323,0.000624412088655,0.000367662054487,0.000330525974277],"dvar2":[0.00642219278961,0.00370221119374,0.00213560927659,0.00151701434515,0.000856577360537,0.000733739580028],"max":[-0.258788049221,-0.398839473724,-0.536496460438,-0.515254318714,-0.548539459705,-0.532613277435],"mean":[-0.607037901878,-0.738997340202,-0.780980706215,-0.776683211327,-0.78356051445,-0.702489793301],"median":[-0.621087133884,-0.745295524597,-0.789197444916,-0.781981945038,-0.78981256485,-0.694283008575],"min":[-0.978232800961,-0.957348108292,-0.967318832874,-0.964945018291,-0.963484048843,-0.960087299347],"var":[0.00982468668371,0.00536839198321,0.0036911489442,0.00309985410422,0.00235199299641,0.0023472700268]},"spectral_contrast_valleys":{"dmean":[0.420400202274,0.392141520977,0.318444639444,0.281365126371,0.244425103068,0.329706698656],"dmean2":[0.683014988899,0.649995803833,0.521483242512,0.44949567318,0.373143792152,0.441613078117],"dvar":[0.15619854629,0.130176901817,0.0803436264396,0.0714222937822,0.0711705982685,0.196987047791],"dvar2":[0.360136002302,0.33180847764,0.195761471987,0.168021738529,0.152067646384,0.380088150501],"max":[-4.73972558975,-4.68505525589,-5.61115407944,-5.8862695694,-5.55187988281,-8.3787279129],"mean":[-7.70475435257,-7.228703022,-7.60872125626,-7.7060084343,-7.50842189789,-11.2785139084],"median":[-7.2128534317,-7.06763935089,-7.4708776474,-7.56090307236,-7.29053974152,-10.6020727158],"min":[-27.5960674286,-28.0502758026,-27.677696228,-27.4872150421,-27.3538017273,-27.3616065979],"var":[2.30898714066,1.39783239365,1.26377093792,1.34276902676,2.02218079567,3.61621236801]},"spectral_decrease":{"dmean":2.61664845347e-9,"dmean2":4.34620606171e-9,"dvar":3.3054335801e-17,"dvar2":8.53961081193e-17,"max":7.97998840954e-29,"mean":-6.132025554e-9,"median":-4.83568340925e-9,"min":-6.71261730645e-8,"var":4.10102648116e-17},"spectral_energy":{"dmean":0.010105740279,"dmean2":0.0167476031929,"dvar":0.000482571951579,"dvar2":0.00124518107623,"max":0.257166564465,"mean":0.024722782895,"median":0.0194990187883,"min":1.06582981253e-20,"var":0.00063025316922},"spectral_energyband_high":{"dmean":0.000251907476922,"dmean2":0.000378060183721,"dvar":1.50521898945e-7,"dvar2":3.33221123583e-7,"max":0.00853488221765,"mean":0.000835671206005,"median":0.000332801573677,"min":7.72370122669e-21,"var":0.00000102181741113},"spectral_energyband_low":{"dmean":0.00676625361666,"dmean2":0.0113265924156,"dvar":0.000375890231226,"dvar2":0.000989402760752,"max":0.24278870225,"mean":0.0118909403682,"median":0.00886007025838,"min":3.64743376382e-23,"var":0.000355766213033},"spectral_energyband_middle_high":{"dmean":0.00109881383833,"dmean2":0.00169834215194,"dvar":0.00000182142628091,"dvar2":0.00000441637666881,"max":0.0289774592966,"mean":0.00441715773195,"median":0.00352000305429,"min":1.4282426401e-21,"var":0.0000137027054734},"spectral_energyband_middle_low":{"dmean":0.00487366784364,"dmean2":0.0082443440333,"dvar":0.000136173548526,"dvar2":0.000366637046682,"max":0.133427083492,"mean":0.00905868783593,"median":0.0056477598846,"min":2.95406219926e-22,"var":0.000143545606988},"spectral_entropy":{"dmean":0.134123936296,"dmean2":0.197629183531,"dvar":0.0201147459447,"dvar2":0.0427832305431,"max":9.80815124512,"mean":7.52109622955,"median":7.65338420868,"min":5.14950037003,"var":0.224632337689},"spectral_flux":{"dmean":0.0253139417619,"dmean2":0.0381897836924,"dvar":0.00154048763216,"dvar2":0.00303825060837,"max":0.413684874773,"mean":0.0741877704859,"median":0.0612314045429,"min":6.45835676605e-11,"var":0.00355226290412},"spectral_kurtosis":{"dmean":2.84276127815,"dmean2":4.93119287491,"dvar":21.8162345886,"dvar2":63.7946166992,"max":94.7769165039,"mean":5.67727613449,"median":3.13719940186,"min":-1.26482415199,"var":61.0268249512},"spectral_rms":{"dmean":0.000788169156294,"dmean2":0.00124628609046,"dvar":0.00000177863148565,"dvar2":0.00000436673735749,"max":0.0158396400511,"mean":0.00437158858404,"median":0.00436158571392,"min":3.22464559395e-12,"var":0.00000500897886013},"spectral_rolloff":{"dmean":473.484588623,"dmean2":781.324890137,"dvar":439758.21875,"dvar2":998287.5,"max":19250.6835938,"mean":1629.99829102,"median":1571.92382812,"min":86.1328125,"var":1454400},"spectral_skewness":{"dmean":0.286637037992,"dmean2":0.481767356396,"dvar":0.123960867524,"dvar2":0.353525549173,"max":7.36645460129,"mean":1.21903920174,"median":1.04175436497,"min":-0.39401742816,"var":0.484047830105},"spectral_spread":{"dmean":394442.53125,"dmean2":563487.25,"dvar":329481715712,"dvar2":649083682816,"max":42123432,"mean":3390072.5,"median":3439357.5,"min":757488.1875,"var":2257104666620},"spectral_strongpeak":{"dmean":0.297236591578,"dmean2":0.508744299412,"dvar":0.307795077562,"dvar2":0.783354878426,"max":8.64407730103,"mean":0.62474656105,"median":0.424780488014,"min":0,"var":0.493392497301},"zerocrossingrate":{"dmean":0.0085117816925,"dmean2":0.0103096067905,"dvar":0.0000738393719075,"dvar2":0.000103343350929,"max":0.51171875,"mean":0.0569416955113,"median":0.0556640625,"min":0.0048828125,"var":0.000904388725758}},"metadata":{"audio_properties":{"analysis_sample_rate":44100,"bit_rate":0,"codec":"flac","downmix":"mix","equal_loudness":0,"length":274.200012207,"lossless":true,"md5_encoded":"513d4685350d13b87579ada89ef14a84","replay_gain":-14.2162189484,"sample_rate":44100},"tags":{"album":["Favourite Worst Nightmare"],"albumartist":["Arctic Monkeys"],"albumartistsort":["Arctic Monkeys"],"artist":["Arctic Monkeys"],"artistsort":["Arctic Monkeys"],"asin":["B000NA2UMS"],"barcode":["5034202018810"],"catalognumber":["WIGLP188"],"date":["2007-04-23"],"discnumber":["1"],"disctotal":["1"],"file_name":"01-09 If You Were There, Beware.flac","isrc":["GBCEL0700071"],"label":["Domino"],"media":["12\" Vinyl"],"musicbrainz_albumartistid":["ada7a83c-e3e1-40f1-93f9-3e73dbc9298a"],"musicbrainz_albumid":["8d5e7b96-4b32-36df-ac7c-17fc113d2fdf"],"musicbrainz_artistid":["ada7a83c-e3e1-40f1-93f9-3e73dbc9298a"],"musicbrainz_recordingid":["dab20810-4afd-402f-90c7-f5ab6e271e57"],"musicbrainz_releasegroupid":["f113fa38-7908-3ec9-8145-d2455e78a8b2"],"originaldate":["2007-04-18"],"releasecountry":["GB"],"releasestatus":["official"],"releasetype":["album"],"script":["Latn"],"title":["If You Were There, Beware"],"totaldiscs":["1"],"totaltracks":["12"],"tracknumber":["9"],"tracktotal":["12"]},"version":{"essentia":"2.1-beta1","essentia_build_sha":"ca57ba49d9b1854bd80e60cf9ccf267278fb7d6b","essentia_git_sha":"v2.1_beta1-28-g21ef5f4-dirty","extractor":"music 1.0"}},"rhythm":{"beats_count":447,"beats_loudness":{"dmean":0.0177391543984,"dmean2":0.0322867333889,"dvar":0.000326790177496,"dvar2":0.000950449088123,"max":0.182565450668,"mean":0.0353429839015,"median":0.0326953195035,"min":2.28185159656e-9,"var":0.000750119041186},"beats_loudness_band_ratio":{"dmean":[0.23188111186,0.169153034687,0.0567618794739,0.0638985857368,0.0734318867326,0.0415077134967],"dmean2":[0.426542580128,0.31809642911,0.0998939424753,0.114367060363,0.125049158931,0.07478