{"lowlevel":{"average_loudness":0.807364106178,"barkbands":{"dmean":[0.00328661384992,0.00465252622962,0.00127939961385,0.000409597327234,0.000576356833335,0.000546105555259,0.000601836130954,0.000486315751914,0.000350329995854,0.000693599751685,0.000566287781112,0.00063795997994,0.000545435701497,0.000359820842277,0.000338929909049,0.000264040369075,0.000251499528531,0.000228781995247,0.000172105399542,0.000126765458845,0.0000880889419932,0.0000709389496478,0.0000461114759673,0.0000210382095247,0.00000343033912031,0.0000331403243763,0.000206205906579],"dmean2":[0.00529544288293,0.00791330821812,0.00219318782911,0.000697530515026,0.000963470316492,0.00091283977963,0.00102673342917,0.000799858244136,0.000584953057114,0.00119154388085,0.000957530923188,0.00107348791789,0.000915123906452,0.000611065072007,0.000544095644727,0.000424782774644,0.000403059908422,0.000347388791852,0.00025685140281,0.000186627075891,0.000130378757603,0.0000995524169412,0.0000673936592648,0.0000299571875075,0.00000525256609762,0.0000454598848592,0.000278629508102],"dvar":[0.0000894074837561,0.0000952812551986,0.00000724236770111,6.37307380202e-7,0.00000125079543523,0.00000177362755949,0.00000203685044653,0.0000017541779016,3.69657072952e-7,0.00000195238135348,0.00000107422522433,0.00000123896188597,8.63381899308e-7,3.62814461141e-7,3.47300954218e-7,2.30600250006e-7,2.33745922174e-7,2.9655532785e-7,1.49061477828e-7,9.07706834141e-8,3.81127982507e-8,3.31816103483e-8,1.17498633045e-8,1.96106175743e-9,3.87146148473e-11,4.73224703867e-9,9.98137394959e-8],"dvar2":[0.000205055170227,0.000255865888903,0.0000197915032913,0.0000016723591898,0.00000319494324685,0.00000477193952975,0.00000577697619519,0.00000439711357103,0.00000101728892332,0.00000569179155718,0.00000299999214803,0.00000353380187335,0.0000024396781555,0.00000101235900729,8.5910528469e-7,5.63103014883e-7,5.77954665459e-7,6.85402198997e-7,3.49569575064e-7,2.07104918104e-7,8.564843057e-8,6.71554190035e-8,2.68158810712e-8,4.13624112738e-9,8.45676167982e-11,9.20091292045e-9,1.76768637061e-7],"max":[0.177417621017,0.15637537837,0.0344059206545,0.0116916345432,0.0305510126054,0.0328189246356,0.0209336783737,0.0295599345118,0.00799588672817,0.0226471927017,0.0135743683204,0.0145147526637,0.0127012468874,0.00915104523301,0.0103742843494,0.00658113090321,0.0091403760016,0.00805728975683,0.00986372493207,0.00920029077679,0.00496834237128,0.00762766227126,0.00163388857618,0.000857554376125,0.000104986000224,0.00131949398201,0.00528384977952],"mean":[0.00292898714542,0.00603842129931,0.00140418438241,0.000452697073342,0.000832169665955,0.000794927414972,0.000882931402884,0.000666138483211,0.000574098317884,0.00117050029803,0.00097785401158,0.00121575768571,0.00100645166822,0.000691430876032,0.000650700181723,0.000499060901348,0.000498626148328,0.000379932142096,0.000292445765808,0.000225950352615,0.000168750091689,0.000124505124404,0.000076500873547,0.0000336507473548,0.00000481816186948,0.0000613895172137,0.000768468191382],"median":[0.000396401388571,0.00365664018318,0.00061050185468,0.000154025532538,0.000328966445522,0.000252713012742,0.000194234424271,0.000133019377245,0.000224134346354,0.000244523980655,0.000179466413101,0.00019211905601,0.000269157870207,0.000214243133087,0.00019514876476,0.000201917529921,0.000211819744436,0.000120665194117,0.000106692124973,0.0000714311026968,0.000057721947087,0.000041895735194,0.0000298157356156,0.0000146713864524,0.00000216148691834,0.0000247219122684,0.000415590766352],"min":[1.01168799965e-23,1.09671111247e-23,9.67947950152e-24,3.29734676041e-23,8.71610016042e-23,2.09202030869e-23,3.00195116802e-23,1.87875128965e-23,8.18751665335e-23,6.34828808392e-23,9.15602201262e-23,1.0403461646e-22,2.71986163962e-22,1.17618782315e-22,1.01651934671e-22,2.65496325201e-22,6.80819967146e-23,2.99091702344e-22,2.54746511335e-22,2.71167818591e-22,5.13658662634e-22,4.98767745533e-22,5.45501026762e-22,6.87350031502e-22,1.15796864509e-21,1.55448774895e-21,2.48125547484e-21],"var":[0.0000849529533298,0.0000797607281129,0.00000609668359175,7.01270948866e-7,0.00000167894393144,0.00000288189971798,0.00000362804871656,0.00000255551344708,7.12814824055e-7,0.00000372370595869,0.00000221294112634,0.00000289404056275,0.00000197009785552,8.49310708873e-7,8.77052286796e-7,4.90980482937e-7,4.84564282033e-7,5.15438102866e-7,2.80288844579e-7,1.70475104255e-7,9.60378798709e-8,7.61861329579e-8,1.89946174345e-8,3.32318683682e-9,5.95141574911e-11,1.03569313126e-8,8.43493694447e-7]},"barkbands_crest":{"dmean":2.88896679878,"dmean2":4.63599777222,"dvar":7.26257753372,"dvar2":17.1654567719,"max":25.6811466217,"mean":10.9694004059,"median":8.84107589722,"min":2.19142007828,"var":41.9465103149},"barkbands_flatness_db":{"dmean":0.0296867731959,"dmean2":0.04459714517,"dvar":0.00128280592617,"dvar2":0.00286179990508,"max":0.495191574097,"mean":0.125605463982,"median":0.0864527076483,"min":0.017762510106,"var":0.00757791148499},"barkbands_kurtosis":{"dmean":16.1566791534,"dmean2":25.0219688416,"dvar":1708.26464844,"dvar2":3985.44482422,"max":958.675048828,"mean":24.2738056183,"median":1.50216221809,"min":-1.90169453621,"var":3297.37084961},"barkbands_skewness":{"dmean":1.02715969086,"dmean2":1.54839479923,"dvar":2.18811202049,"dvar2":5.11657619476,"max":23.4120235443,"mean":2.78996253014,"median":1.23613166809,"min":-2.72744822502,"var":9.76556110382},"barkbands_spread":{"dmean":7.3369383812,"dmean2":11.2846736908,"dvar":74.3752059937,"dvar2":161.166442871,"max":109.925605774,"mean":31.2201900482,"median":33.5373191833,"min":0.184962570667,"var":433.967254639},"dissonance":{"dmean":0.0120629696175,"dmean2":0.0204922519624,"dvar":0.000170653118403,"dvar2":0.000460933457362,"max":0.500000059605,"mean":0.483315646648,"median":0.487996459007,"min":0.336755156517,"var":0.000252588069998},"dynamic_complexity":6.09628105164,"erbbands":{"dmean":[0.220099881291,0.804500579834,1.52274858952,1.34570467472,1.5942440033,1.99730873108,2.64811682701,5.53337049484,7.66736984253,11.2063264847,8.09441757202,7.2886300087,16.1918869019,24.6457080841,21.140296936,24.4372673035,24.2560577393,18.3470859528,17.7985630035,14.12611866,13.5774154663,14.6502256393,12.3917808533,11.3183765411,6.43936395645,5.8492102623,4.96513986588,2.59360814095,2.47458124161,2.20125365257,1.17921054363,0.635699808598,0.247465714812,0.0625469088554,0.0153264384717,0.047591894865,0.0750220417976,0.0520895682275,0.020911347121,0.00438027177006],"dmean2":[0.370513707399,1.37182950974,2.57840299606,2.27318572998,2.66912889481,3.39054226875,4.49046945572,9.31449127197,13.0562820435,18.7853450775,13.2808923721,12.2717733383,27.5323467255,42.2071990967,35.8019638062,41.1070671082,40.8477134705,30.7139339447,29.00639534,22.4588699341,21.7403411865,23.2580909729,18.7428073883,17.18633461,9.38342380524,8.53294086456,7.38362693787,3.74103140831,3.48952007294,3.14419341087,1.69942975044,0.908579826355,0.351566016674,0.0925793647766,0.0236229132861,0.0665275678039,0.104377456009,0.0712251216173,0.0280843246728,0.00593417463824],"dvar":[0.310600608587,1.97768652439,8.47250652313,8.04748630524,12.6367349625,13.31889534,27.8973388672,199.883453369,403.513214111,745.117736816,322.510894775,153.08934021,932.413330078,2636.29321289,1473.45288086,1753.27319336,1753.03967285,938.668212891,933.591064453,646.586608887,655.408081055,799.913208008,855.134094238,694.711425781,210.269088745,183.297851562,132.216720581,32.3519134521,39.130821228,29.254322052,7.65440797806,1.94925749302,0.258553475142,0.0150127401575,0.000672532536555,0.00937242619693,0.0267037320882,0.011183347553,0.00137910502963,0.0000421611985075],"dvar2":[0.819092214108,5.502202034,23.0915908813,21.3197517395,32.6821861267,34.832069397,74.8110427856,538.016235352,1164.76062012,1986.77368164,823.341186523,417.82989502,2692.00830078,7725.91308594,4185.37060547,4969.85693359,5033.08544922,2591.76171875,2359.07080078,1561.0213623,1572.03564453,1982.36816406,1995.53613281,1585.39099121,480.608459473,401.914154053,306.490234375,66.1132888794,81.0464324951,62.1064033508,17.5778522491,4.24158000946,0.549450457096,0.0323110111058,0.00147807865869,0.0183365978301,0.0533983483911,0.0214695017785,0.00267949141562,0.0000785740776337],"max":[8.62789726257,21.9909706116,37.9614334106,41.136844635,87.9399185181,98.4968719482,88.9549484253,338.047668457,351.789581299,473.731170654,310.67980957,155.036773682,396.113433838,896.173828125,599.320739746,523.273925781,644.422973633,509.065032959,492.649963379,361.669158936,344.526428223,520.044677734,490.656921387,634.985290527,447.31072998,393.246520996,272.660949707,179.136581421,234.222885132,170.580856323,44.9003448486,33.0718765259,7.77694511414,2.36128854752,0.415762335062,2.2395503521,2.90428900719,2.07422542572,0.675065875053,0.135601639748],"mean":[0.239404216409,1.11676490307,1.82772052288,1.59969687462,2.17312312126,2.68117046356,3.44178390503,7.98502922058,11.5151252747,15.6817483902,12.464846611,12.5202331543,27.3267021179,43.1718559265,40.8633842468,49.4059295654,47.1951255798,37.9799156189,37.0813369751,29.2027893066,26.8004131317,29.0237140656,21.9162559509,18.7499542236,11.8630437851,10.5446586609,8.93991184235,5.14652395248,4.43851613998,3.62473797798,1.95959115028,1.020180583,0.390531629324,0.0928242430091,0.0212661791593,0.0788214728236,0.133744463325,0.116642579436,0.0586387105286,0.0188587773591],"median":[0.118534848094,0.666851341724,0.907482385635,0.626526713371,0.814984738827,1.07494568825,1.39563202858,2.38470339775,2.61815214157,3.22488737106,3.24885749817,5.15149116516,6.55036687851,8.35192394257,8.00085639954,8.25202178955,12.3834991455,11.9357089996,11.6310920715,10.9184913635,12.3328762054,12.6759433746,8.10924434662,6.25749731064,4.48834133148,3.35452270508,2.66363453865,2.00223112106,1.53582286835,1.18001055717,0.792881846428,0.433575600386,0.174144461751,0.0424042083323,0.00967221148312,0.0336339473724,0.0532626733184,0.0452409759164,0.025161601603,0.00908668152988],"min":[8.72001139589e-22,4.96014482135e-22,6.70816617644e-21,6.6509470077e-20,1.70852837204e-19,3.37019101701e-19,2.35566123355e-19,1.78816234208e-19,4.23065892838e-19,3.24742190447e-19,8.39835700443e-19,1.27512497044e-18,1.6766203452e-18,3.02570942787e-18,3.91619148436e-18,4.9301337628e-18,9.26776715181e-18,1.07359606267e-17,4.06510012464e-18,8.47593527555e-18,1.38731266451e-17,5.57313144503e-18,1.36175460338e-17,1.12744155008e-17,1.58268420523e-17,1.48396069543e-17,1.82935376523e-17,2.09655130106e-17,2.10170579433e-17,1.60986089338e-17,1.65635555756e-17,1.62051861927e-17,9.34100903197e-18,1.09844398925e-17,9.45551316262e-18,5.89566695025e-18,3.06639182475e-18,1.42743249586e-18,2.92759355461e-19,3.62302749541e-20],"var":[0.240128979087,1.97191333771,7.64226388931,8.13740634918,15.0199718475,16.7796535492,31.7599620819,321.977539062,724.94317627,1184.3182373,555.274475098,312.462158203,1856.68127441,4985.86621094,3427.03662109,4513.07714844,4185.08154297,2535.05297852,2666.88574219,1576.06896973,1411.37390137,1648.11657715,1504.6829834,1310.62817383,417.36340332,367.482788086,282.683074951,86.916809082,89.4584350586,56.4615974426,12.2511205673,3.20423316956,0.426845520735,0.0234536211938,0.00104213063605,0.0176689941436,0.0527780205011,0.0330078229308,0.00701040960848,0.000458605500171]},"erbbands_crest":{"dmean":1.81288504601,"dmean2":3.04060482979,"dvar":2.89713644981,"dvar2":7.77476215363,"max":19.627532959,"mean":6.394759655,"median":5.8880982399,"min":2.17832303047,"var":5.39067745209},"erbbands_flatness_db":{"dmean":0.0168696735054,"dmean2":0.0257226917893,"dvar":0.000294871540973,"dvar2":0.000610959716141,"max":0.27008241415,"mean":0.11161249876,"median":0.113352239132,"min":0.0285303071141,"var":0.00114950898569},"erbbands_kurtosis":{"dmean":0.957135617733,"dmean2":1.51990509033,"dvar":3.04320311546,"dvar2":6.22705459595,"max":52.9206733704,"mean":0.889338076115,"median":0.504360377789,"min":-1.74302268028,"var":6.80290555954},"erbbands_skewness":{"dmean":0.334804028273,"dmean2":0.516588389874,"dvar":0.122213579714,"dvar2":0.258392244577,"max":3.94668745995,"mean":0.193272635341,"median":0.199890375137,"min":-5.836414814,"var":0.571551978588},"erbbands_spread":{"dmean":8.76829910278,"dmean2":13.621673584,"dvar":128.452331543,"dvar2":278.615936279,"max":148.916091919,"mean":37.8266487122,"median":29.2340965271,"min":3.78968119621,"var":553.743347168},"gfcc":{"cov":[[12725.8056641,-1298.42431641,-2907.30834961,-1560.02197266,538.409790039,-231.695663452,48.0772895813,-703.338012695,-157.114898682,-569.829101562,-93.5746231079,206.66557312,-183.517272949],[-1298.42431641,760.02520752,301.690246582,-46.9717178345,-49.5833129883,43.7809867859,17.4707870483,91.4027175903,40.7516899109,84.315071106,58.1718444824,-55.302520752,64.5706253052],[-2907.30834961,301.690246582,1196.80249023,562.825683594,-232.853744507,142.109451294,-63.5652732849,264.129241943,51.6647224426,225.246505737,26.317647934,-6.95433235168,33.4981689453],[-1560.02197266,-46.9717178345,562.825683594,557.644226074,-95.9604568481,29.4755458832,0.385017991066,112.886749268,9.2958612442,111.600578308,-4.67323493958,-20.2197399139,-6.3944067955],[538.409790039,-49.5833129883,-232.853744507,-95.9604568481,240.060852051,-27.1976089478,-3.28083372116,-93.0837020874,-13.3197097778,-94.351348877,-4.50964832306,15.6543951035,5.52809095383],[-231.695663452,43.7809867859,142.109451294,29.4755458832,-27.1976089478,136.299453735,-6.96889829636,57.6088180542,-9.94916915894,43.9054756165,6.78882837296,7.22748994827,4.7616071701],[48.0772895813,17.4707870483,-63.5652732849,0.385017991066,-3.28083372116,-6.96889829636,105.371910095,-1.45518946648,22.0343666077,6.7973780632,8.5311088562,-10.4832162857,1.09718585014],[-703.338012695,91.4027175903,264.129241943,112.886749268,-93.0837020874,57.6088180542,-1.45518946648,132.177444458,24.8420028687,72.5946884155,10.7726488113,-8.39643573761,13.9996833801],[-157.114898682,40.7516899109,51.6647224426,9.2958612442,-13.3197097778,-9.94916915894,22.0343666077,24.8420028687,62.3680725098,33.5660896301,15.3709545135,4.53085422516,0.251903295517],[-569.829101562,84.315071106,225.246505737,111.600578308,-94.351348877,43.9054756165,6.7973780632,72.5946884155,33.5660896301,114.576835632,37.3986778259,-5.29520225525,10.330488205],[-93.5746231079,58.1718444824,26.317647934,-4.67323493958,-4.50964832306,6.78882837296,8.5311088562,10.7726488113,15.3709545135,37.3986778259,54.147026062,16.4333362579,11.3359937668],[206.66557312,-55.302520752,-6.95433235168,-20.2197399139,15.6543951035,7.22748994827,-10.4832162857,-8.39643573761,4.53085422516,-5.29520225525,16.4333362579,50.4133148193,8.42619991302],[-183.517272949,64.5706253052,33.4981689453,-6.3944067955,5.52809095383,4.7616071701,1.09718585014,13.9996833801,0.251903295517,10.330488205,11.3359937668,8.42619991302,43.2196006775]],"icov":[[0.000250065582804,0.000108943546365,0.000443129916675,0.000302239408484,-0.0000749891842133,0.00000392857828047,-0.0000652377857477,0.0000730242900318,0.000339868711308,-0.000501452188473,0.000532227626536,-0.00108869257383,0.000778011512011],[0.000108943546365,0.00301556917839,-0.001417997526,0.00182881136425,-0.000120300566778,-0.000325239117956,-0.000445096869953,0.000303983717458,-0.000945025938563,0.00120330450591,-0.00371703179553,0.00537653686479,-0.00306443148293],[0.000443129916675,-0.001417997526,0.00477373320609,-0.00274502160028,0.000719310599379,-0.00124218931887,0.00234972592443,-0.0020493385382,-0.00066156941466,-0.00242109014653,0.00313377589919,-0.00514738028869,0.00130716979038],[0.000302239408484,0.00182881136425,-0.00274502160028,0.00612163823098,-0.00218990980648,0.00282213836908,-0.00270133512095,-0.000811869569588,0.0041786483489,-0.0046193045564,0.00180216517765,0.000576259102672,0.00237984699197],[-0.0000749891842133,-0.000120300566778,0.000719310599379,-0.00218990980648,0.00932736508548,-0.00409659603611,0.00201146909967,0.00490290578455,-0.00622558034956,0.0108462823555,-0.00609549554065,0.00282857497223,-0.00491003366187],[0.00000392857828047,-0.000325239117956,-0.00124218931887,0.00282213836908,-0.00409659603611,0.0137220490724,-0.00262874481268,-0.00633308291435,0.0100489482284,-0.0101159438491,0.00583450449631,-0.00642818817869,0.00509556103498],[-0.0000652377857477,-0.000445096869953,0.00234972592443,-0.00270133512095,0.00201146909967,-0.00262874481268,0.0130157759413,0.000808746786788,-0.00748736364767,0.00318537582643,-0.00345482281409,0.00425416929647,-0.00303393625654],[0.0000730242900318,0.000303983717458,-0.0020493385382,-0.000811869569588,0.00490290578455,-0.00633308291435,0.000808746786788,0.0200328622013,-0.00751428958029,0.00223975325935,-0.00179126800504,0.00482625328004,-0.00607744371518],[0.000339868711308,-0.000945025938563,-0.00066156941466,0.0041786483489,-0.00622558034956,0.0100489482284,-0.00748736364767,-0.00751428958029,0.0316880680621,-0.0174767728895,0.00771356001496,-0.0121367974207,0.0106350043789],[-0.000501452188473,0.00120330450591,-0.00242109014653,-0.0046193045564,0.0108462823555,-0.0101159438491,0.00318537582643,0.00223975325935,-0.0174767728895,0.0412851795554,-0.0266805924475,0.0165502689779,-0.00980803184211],[0.000532227626536,-0.00371703179553,0.00313377589919,0.00180216517765,-0.00609549554065,0.00583450449631,-0.00345482281409,-0.00179126800504,0.00771356001496,-0.0266805924475,0.0439168438315,-0.023865852505,0.00592213962227],[-0.00108869257383,0.00537653686479,-0.00514738028869,0.000576259102672,0.00282857497223,-0.00642818817869,0.00425416929647,0.00482625328004,-0.0121367974207,0.0165502689779,-0.023865852505,0.0447763614357,-0.016260581091],[0.000778011512011,-0.00306443148293,0.00130716979038,0.00237984699197,-0.00491003366187,0.00509556103498,-0.00303393625654,-0.00607744371518,0.0106350043789,-0.00980803184211,0.00592213962227,-0.016260581091,0.0363699831069]],"mean":[-19.5375556946,65.0174865723,-85.2923736572,11.7400064468,-19.2291145325,-2.77603316307,2.07550430298,-8.45917129517,1.5067718029,-2.91111397743,-3.05437111855,2.94413542747,-10.5892496109]},"hfc":{"dmean":18.9480075836,"dmean2":28.694355011,"dvar":678.195495605,"dvar2":1459.94238281,"max":418.256225586,"mean":81.4354095459,"median":67.6645126343,"min":1.12364545281e-16,"var":6561.12597656},"melbands":{"dmean":[0.00171906792093,0.000852374883834,0.00023062240507,0.000126260682009,0.0000927105429582,0.000117692165077,0.000117069095722,0.000122868092149,0.0000636598269921,0.0000486109784106,0.0000846616967465,0.00010306891636,0.0000736316651455,0.0000755925793783,0.0000677526331856,0.0000480957023683,0.0000359901641787,0.0000299770417769,0.0000231492595049,0.0000192173047253,0.0000168315855262,0.0000160385334311,0.0000141993450598,0.0000102898748082,0.0000098600412457,0.000005468407835,0.00000442667578682,0.00000400360113417,0.00000378188474315,0.00000209670156437,0.00000143893214499,0.00000140846861996,0.00000155244799771,0.0000011596260947,7.18804528788e-7,5.42397344816e-7,3.46731610534e-7,1.9305686294e-7,1.06543780021e-7,3.39453514187e-8],"dmean2":[0.0028417755384,0.00143337005284,0.000386867468478,0.000211533013498,0.000157729635248,0.000197084911633,0.000199230678845,0.000203975650948,0.000104742939584,0.0000813808073872,0.000144211109728,0.000177070585778,0.000124980142573,0.000128003317514,0.000115745737276,0.0000805547679192,0.0000610876595601,0.0000496416469105,0.0000373269358533,0.0000313297859975,0.0000272923625744,0.0000259309381363,0.000022301917852,0.0000155943416758,0.0000153282398969,0.00000813466431282,0.00000674873263051,0.00000598368933424,0.00000584457848163,0.00000310712948703,0.00000210699977288,0.0000020453696834,0.00000226174006457,0.00000172642000962,0.00000106700326796,8.01133523964e-7,5.0288156217e-7,2.79923796143e-7,1.56922965289e-7,5.23919325701e-8],"dvar":[0.0000167897305801,0.00000206095501198,2.16035502376e-7,6.95593271871e-8,3.28599369936e-8,8.9226951161e-8,8.65934808303e-8,9.73572085172e-8,1.69475722345e-8,6.87016443734e-9,2.55117384995e-8,4.70660701524e-8,1.79385235555e-8,1.96090148563e-8,1.31683446369e-8,6.899786964e-9,3.66507246774e-9,2.5860118491e-9,1.66894031928e-9,1.19398058107e-9,1.00499653044e-9,9.40117539372e-10,1.00934538505e-9,6.05541061738e-10,5.32646093898e-10,1.45011891384e-10,1.30273139498e-10,8.278209368e-11,8.94833998566e-11,2.34270363525e-11,1.24577795996e-11,1.29436643695e-11,1.90927447463e-11,7.79780059967e-12,3.02598484464e-12,1.53878027941e-12,5.57474530948e-13,1.57235999936e-13,4.80737106753e-14,4.10757065771e-15],"dvar2":[0.0000432353044744,0.00000562837567486,5.66775497646e-7,1.75914053102e-7,8.87137261429e-8,2.40024178311e-7,2.4818058364e-7,2.53911707659e-7,4.40191243456e-8,1.88090929498e-8,7.37340286605e-8,1.38660723792e-7,5.0210111624e-8,5.65199087532e-8,3.80605271744e-8,1.93382589941e-8,1.02538262325e-8,6.73622002623e-9,4.15355394523e-9,2.9704421145e-9,2.46103426527e-9,2.40266317952e-9,2.44965026042e-9,1.3837396784e-9,1.25287047403e-9,3.32207789056e-10,3.38797462307e-10,1.80007536654e-10,2.20006776686e-10,5.2859834565e-11,2.7306648262e-11,2.69671091013e-11,4.23806302552e-11,1.73670262199e-11,7.12537581021e-12,3.58688751444e-12,1.18930527319e-12,3.38149782697e-13,1.0663257793e-13,9.06330759276e-15],"max":[0.0634807646275,0.0152123756707,0.00583863258362,0.00843399297446,0.00275336881168,0.00747817894444,0.0048670778051,0.00594562338665,0.00199951813556,0.00099011650309,0.0020780833438,0.00384723441675,0.00207518879324,0.00197676825337,0.00142714369576,0.00105921982322,0.000989150372334,0.000729371386115,0.000569670810364,0.000435917580035,0.000442484248197,0.000600596307777,0.000421488482971,0.000455351662822,0.000565257738344,0.000296283775242,0.000403565674787,0.00022466268274,0.000234855440794,0.00016816346033,0.000102362260805,0.00011261018517,0.000203597242944,0.0000464889162686,0.0000336776138283,0.000027298954592,0.0000168604910868,0.00000544886188436,0.00000409352014685,0.00000122803771774],"mean":[0.00207290728576,0.00115329772234,0.000293767108815,0.000183447089512,0.000121755816508,0.000175250082975,0.000177611829713,0.000170670638909,0.0000966260340647,0.0000798660403234,0.000138816234539,0.000175474226126,0.00013451979612,0.000133688852657,0.000128516257973,0.0000883385000634,0.0000679923541611,0.000059625486756,0.0000445749064966,0.0000354959120159,0.0000301405398204,0.0000303972756228,0.0000241519283009,0.0000169609993463,0.0000154084573296,0.00000933688170335,0.00000758196301831,0.00000680477751303,0.00000627751524007,0.00000385918383472,0.00000262141929852,0.00000247284219768,0.00000244223065238,0.00000182781411695,0.0000011694787645,8.38003359149e-7,5.37899552455e-7,2.96884451245e-7,1.57869678219e-7,4.57922517683e-8],"median":[0.00112270377576,0.000653972791042,0.000128158862935,0.0000689461739967,0.0000505579955643,0.0000530920769961,0.0000405241044064,0.0000336783887178,0.0000264443860942,0.0000321118568536,0.0000322369414789,0.0000332936178893,0.0000254481819866,0.00002161888915,0.0000238766442635,0.000025092595024,0.0000209479967452,0.0000185112112376,0.0000147848586494,0.0000135981626954,0.0000129231157189,0.0000118979805848,0.00000949760215008,0.0000051974238886,0.00000494471623824,0.00000342935754816,0.0000025787139748,0.00000208259075407,0.00000170162752511,0.00000134255890316,0.00000105360061298,8.62721435624e-7,7.30812985239e-7,6.06738353781e-7,4.68837754397e-7,3.33038627787e-7,2.29055956424e-7,1.31160163619e-7,6.78781475472e-8,2.004520816e-8],"min":[5.89474457603e-24,2.41356293244e-24,1.45104463302e-23,1.83253871341e-23,1.11632803214e-23,4.46372367826e-24,6.28174829765e-24,3.31482862805e-24,8.78543977181e-24,8.78315207518e-24,8.58558107261e-24,1.20663233207e-23,1.13635263514e-23,1.26861526332e-23,9.89735420607e-24,3.23862269245e-23,1.79404687663e-23,5.43750856802e-24,9.56112748877e-24,1.44882714501e-23,1.60843910746e-23,4.48164975347e-24,9.98009388212e-24,1.27911728966e-23,8.28848580051e-24,1.09711595589e-23,1.13026657325e-23,8.56793583188e-24,1.16271833874e-23,9.13595985985e-24,1.21572553172e-23,1.1125624835e-23,1.04237468886e-23,8.5412699667e-24,9.8252207649e-24,9.97378299488e-24,9.46328585956e-24,6.05724795036e-24,6.95261612183e-24,1.03374289395e-23],"var":[0.0000140724114317,0.00000208778010347,2.30291334447e-7,9.20686602512e-8,3.67892454278e-8,1.5103640294e-7,1.57849157745e-7,1.52251757868e-7,2.96850668491e-8,1.33207942454e-8,4.94878307222e-8,8.57932036524e-8,3.91609304984e-8,3.82529066201e-8,3.14821129166e-8,1.53924233359e-8,8.4889908436e-9,6.94534607604e-9,3.92312449193e-9,2.48115683554e-9,1.93018512284e-9,1.82603165921e-9,1.61935753695e-9,1.09684861194e-9,9.36875355073e-10,2.73123745842e-10,2.02739908195e-10,1.58672533446e-10,1.59460958327e-10,5.38468714062e-11,2.61111774563e-11,2.82216854053e-11,3.60746328643e-11,1.3074739208e-11,4.55860479573e-12,2.3091259807e-12,9.05824243738e-13,2.51546857346e-13,7.27911654563e-14,5.85805402871e-15]},"melbands_crest":{"dmean":4.51216316223,"dmean2":7.31079053879,"dvar":16.2712783813,"dvar2":41.0766716003,"max":38.355846405,"mean":17.2078113556,"median":16.5164031982,"min":3.11079216003,"var":66.6534805298},"melbands_flatness_db":{"dmean":0.0372908599675,"dmean2":0.0555621236563,"dvar":0.00165360711981,"dvar2":0.00356969190761,"max":0.641527831554,"mean":0.218783885241,"median":0.176664054394,"min":0.00744124408811,"var":0.0117009999231},"melbands_kurtosis":{"dmean":26.0440673828,"dmean2":42.0545959473,"dvar":3747.6809082,"dvar2":9793.48144531,"max":918.975708008,"mean":42.0222702026,"median":3.5713429451,"min":-1.90220582485,"var":6745.87939453},"melbands_skewness":{"dmean":1.28633332253,"dmean2":2.00858235359,"dvar":3.09207177162,"dvar2":7.37773704529,"max":24.1038284302,"mean":3.63933753967,"median":1.95735251904,"min":-1.28028643131,"var":13.0580406189},"melbands_spread":{"dmean":7.55567741394,"dmean2":11.789059639,"dvar":116.170860291,"dvar2":239.509033203,"max":201.829910278,"mean":27.0727348328,"median":28.0707855225,"min":0.157789692283,"var":517.557556152},"mfcc":{"cov":[[13164.2011719,-466.644378662,-3458.71899414,-1281.72277832,-454.7137146,154.632980347,-280.234039307,211.500228882,-435.304595947,-460.57635498,-512.927001953,54.7207450867,-126.109169006],[-466.644378662,750.606811523,42.9055633545,-169.659820557,11.8711948395,-40.8816299438,24.9052314758,-31.1222057343,32.0302772522,14.509062767,23.5303974152,16.5448436737,37.0149726868],[-3458.71899414,42.9055633545,1478.35620117,425.34362793,115.052368164,-47.665473938,79.069190979,-64.8132324219,144.565994263,180.610809326,192.759567261,23.8400192261,57.9923553467],[-1281.72277832,-169.659820557,425.34362793,410.777648926,60.9414405823,12.3151197433,24.3528518677,-19.3126354218,38.551399231,60.9925537109,57.7275238037,-14.1899662018,0.556970536709],[-454.7137146,11.8711948395,115.052368164,60.9414405823,186.933914185,22.1934623718,10.658788681,12.127576828,4.40651845932,-26.0394535065,1.29274451733,1.26607227325,2.28363990784],[154.632980347,-40.8816299438,-47.665473938,12.3151197433,22.1934623718,85.005317688,21.0837020874,10.5308618546,-9.50076961517,-8.98371505737,-2.2415189743,-1.00800597668,-3.04270768166],[-280.234039307,24.9052314758,79.069190979,24.3528518677,10.658788681,21.0837020874,74.546661377,4.79301357269,16.5754203796,17.827293396,13.7570066452,-3.03537321091,6.97803068161],[211.500228882,-31.1222057343,-64.8132324219,-19.3126354218,12.127576828,10.5308618546,4.79301357269,59.9057426453,5.09320402145,-12.7543916702,-17.9593925476,2.08648490906,-3.04143881798],[-435.304595947,32.0302772522,144.565994263,38.551399231,4.40651845932,-9.50076961517,16.5754203796,5.09320402145,65.0342102051,32.4646377563,20.836566925,2.74587750435,6.36662244797],[-460.57635498,14.509062767,180.610809326,60.9925537109,-26.0394535065,-8.98371505737,17.827293396,-12.7543916702,32.4646377563,86.426399231,44.7154502869,3.09498953819,9.89975070953],[-512.927001953,23.5303974152,192.759567261,57.7275238037,1.29274451733,-2.2415189743,13.7570066452,-17.9593925476,20.836566925,44.7154502869,72.8467712402,13.127202034,12.9462423325],[54.7207450867,16.5448436737,23.8400192261,-14.1899662018,1.26607227325,-1.00800597668,-3.03537321091,2.08648490906,2.74587750435,3.09498953819,13.127202034,46.119594574,15.7017774582],[-126.109169006,37.0149726868,57.9923553467,0.556970536709,2.28363990784,-3.04270768166,6.97803068161,-3.04143881798,6.36662244797,9.89975070953,12.9462423325,15.7017774582,37.2117271423]],"icov":[[0.000281565269688,0.000155402347445,0.000392724585254,0.000331607705448,0.000350986199919,-0.000340696395142,0.000324818975059,-0.000302006665152,0.000493340718094,-0.000031007675716,0.000458860566141,-0.000661748170387,0.0000910704402486],[0.000155402347445,0.00190179923084,0.00023140340636,0.00127042399254,-0.000382558791898,0.000532980426215,-0.00052805012092,0.00103521847632,-0.000745955912862,-0.000126206228742,-0.000234393053688,-0.000127510429593,-0.0011974904919],[0.000392724585254,0.00023140340636,0.00231849262491,-0.000558668922167,-0.000486161065055,0.000584263179917,-0.000197460962227,0.000467308243969,-0.00102561060339,-0.0010525068501,-0.00153088802472,-0.0010460880585,-0.000921802013181],[0.000331607705448,0.00127042399254,-0.000558668922167,0.00488626724109,-0.000632149341982,-0.00108708848711,0.000420249591116,0.000463012722321,0.000201259550522,-0.00120304734446,-0.0000174163469637,0.000846390379593,0.00050110189477],[0.000350986199919,-0.000382558791898,-0.000486161065055,-0.000632149341982,0.00771309668198,-0.00227822177112,0.000422316516051,-0.00221725692973,0.000786169373896,0.00438179820776,0.000767211779021,-0.00100890861358,0.000275649741525],[-0.000340696395142,0.000532980426215,0.000584263179917,-0.00108708848711,-0.00227822177112,0.0153426611796,-0.00561031512916,-0.000813985068817,0.00128292257432,0.000399319105782,-0.00258059380576,0.000170945844729,0.000300776562653],[0.000324818975059,-0.00052805012092,-0.000197460962227,0.000420249591116,0.000422316516051,-0.00561031512916,0.0176143422723,-0.00241880258545,-0.0015236021718,-0.00181454699486,0.000111861001642,0.00211521657184,-0.00224597286433],[-0.000302006665152,0.00103521847632,0.000467308243969,0.000463012722321,-0.00221725692973,-0.000813985068817,-0.00241880258545,0.0214673355222,-0.00611492758617,0.000341887207469,0.00357777019963,-0.00187336863019,-0.0000097402053143],[0.000493340718094,-0.000745955912862,-0.00102561060339,0.000201259550522,0.000786169373896,0.00128292257432,-0.0015236021718,-0.00611492758617,0.0244116671383,-0.00550698908046,0.00151957035996,-0.00148007646203,0.00123613327742],[-0.000031007675716,-0.000126206228742,-0.0010525068501,-0.00120304734446,0.00438179820776,0.000399319105782,-0.00181454699486,0.000341887207469,-0.00550698908046,0.0228605102748,-0.00864672847092,0.00160401721951,-0.000997448340058],[0.000458860566141,-0.000234393053688,-0.00153088802472,-0.0000174163469637,0.000767211779021,-0.00258059380576,0.000111861001642,0.00357777019963,0.00151957035996,-0.00864672847092,0.0281357243657,-0.00725491018966,-0.000499357236549],[-0.000661748170387,-0.000127510429593,-0.0010460880585,0.000846390379593,-0.00100890861358,0.000170945844729,0.00211521657184,-0.00187336863019,-0.00148007646203,0.00160401721951,-0.00725491018966,0.0293649118394,-0.0110122933984],[0.0000910704402486,-0.0011974904919,-0.000921802013181,0.00050110189477,0.000275649741525,0.000300776562653,-0.00224597286433,-0.0000097402053143,0.00123613327742,-0.000997448340058,-0.000499357236549,-0.0110122933984,0.0351044908166]],"mean":[-682.379089355,123.727500916,-4.64589071274,29.331697464,0.668053627014,20.1697673798,3.87973976135,13.7135353088,0.900636613369,10.6679258347,2.15384984016,7.08016347885,2.00920271873]},"pitch_salience":{"dmean":0.0910747721791,"dmean2":0.146881952882,"dvar":0.00728813186288,"dvar2":0.0177423208952,"max":0.847751915455,"mean":0.517867922783,"median":0.572798371315,"min":0.0699439644814,"var":0.0336722955108},"silence_rate_20dB":{"dmean":0,"dmean2":0,"dvar":0,"dvar2":0,"max":1,"mean":1,"median":1,"min":1,"var":0},"silence_rate_30dB":{"dmean":0.00521564716473,"dmean2":0.0104333870113,"dvar":0.00518844416365,"dvar2":0.0127322357148,"max":1,"mean":0.995988786221,"median":1,"min":0,"var":0.00399514148012},"silence_rate_60dB":{"dmean":0.0569709129632,"dmean2":0.113964684308,"dvar":0.0537252277136,"dvar2":0.114219114184,"max":1,"mean":0.105695948005,"median":0,"min":0,"var":0.0945243164897},"spectral_centroid":{"dmean":262.05090332,"dmean2":387.500396729,"dvar":104348.664062,"dvar2":182012.515625,"max":11255.7880859,"mean":1518.07312012,"median":1518.91723633,"min":126.176750183,"var":521272.09375},"spectral_complexity":{"dmean":3.7151453495,"dmean2":5.14004802704,"dvar":22.4400215149,"dvar2":33.9904174805,"max":60,"mean":20.907541275,"median":22,"min":0,"var":300.970001221},"spectral_contrast_coeffs":{"dmean":[0.047897413373,0.0443463511765,0.0363690145314,0.0271668881178,0.0211972668767,0.0232982262969],"dmean2":[0.0808993428946,0.0755752846599,0.0618101097643,0.0456978455186,0.0342481918633,0.0341773219407],"dvar":[0.00146603956819,0.00119865476154,0.000806456082501,0.00046801159624,0.000328542810166,0.000449612998636],"dvar2":[0.00404780497774,0.00338032050058,0.0023343891371,0.00127167778555,0.000793579791207,0.000863088353071],"max":[-0.499650090933,-0.569427728653,-0.633954167366,-0.654826521873,-0.664138376713,-0.493640244007],"mean":[-0.745124816895,-0.804983258247,-0.829986155033,-0.83849054575,-0.825396835804,-0.738408684731],"median":[-0.747947871685,-0.808577239513,-0.830367267132,-0.83258330822,-0.818610310555,-0.735049128532],"min":[-0.978167533875,-0.963378071785,-0.969063103199,-0.986445605755,-0.968999087811,-0.960129141808],"var":[0.00368962925859,0.00267721503042,0.00205154693685,0.00210321135819,0.00165237020701,0.00322233862244]},"spectral_contrast_valleys":{"dmean":[0.451382607222,0.412568420172,0.408714383841,0.373590976,0.339875727892,0.416526913643],"dmean2":[0.726320683956,0.651092946529,0.627517521381,0.55100864172,0.444645166397,0.556983172894],"dvar":[0.177000895143,0.165391013026,0.206316575408,0.19871237874,0.173777699471,0.181824788451],"dvar2":[0.371165543795,0.323828190565,0.386004537344,0.359680920839,0.261489272118,0.322192102671],"max":[-5.29874229431,-4.73310852051,-4.98862552643,-5.33655595779,-5.47104740143,-8.72049427032],"mean":[-7.16970252991,-6.90959119797,-7.19960165024,-7.55437278748,-7.64371156693,-10.7479743958],"median":[-7.10476112366,-6.78157806396,-6.95100927353,-7.11479759216,-7.32410526276,-10.5686817169],"min":[-26.9436893463,-27.0239467621,-27.3903045654,-27.1080207825,-27.1849594116,-27.1948566437],"var":[0.631351351738,1.05798745155,1.96289610863,2.14315152168,1.59756982327,0.93864184618]},"spectral_decrease":{"dmean":2.58963073207e-9,"dmean2":3.98219235365e-9,"dvar":2.25826693061e-17,"dvar2":5.37419442499e-17,"max":7.9476192294e-10,"mean":-4.8506132444e-9,"median":-3.10154169014e-9,"min":-6.9606628017e-8,"var":3.03779366808e-17},"spectral_energy":{"dmean":0.0103984056041,"dmean2":0.0156792122871,"dvar":0.000342034531059,"dvar2":0.000799085653853,"max":0.266700536013,"mean":0.0256937723607,"median":0.0192392654717,"min":1.03396324489e-20,"var":0.000643431674689},"spectral_energyband_high":{"dmean":0.000418226845795,"dmean2":0.000526331714354,"dvar":5.59943998724e-7,"dvar2":0.00000100904583178,"max":0.0115517498925,"mean":0.00112009281293,"median":0.000538525753655,"min":7.31279360285e-21,"var":0.00000227385226026},"spectral_energyband_low":{"dmean":0.00722892396152,"dmean2":0.011794266291,"dvar":0.000226826086873,"dvar2":0.000570594100282,"max":0.226216435432,"mean":0.00949953775853,"median":0.00541023770347,"min":4.44775618691e-23,"var":0.000207596909604},"spectral_energyband_middle_high":{"dmean":0.002251152182,"dmean2":0.00337227201089,"dvar":0.0000121809034681,"dvar2":0.0000276466616924,"max":0.0529119335115,"mean":0.00736402766779,"median":0.00314503326081,"min":1.81374677185e-21,"var":0.0000744647259125},"spectral_energyband_middle_low":{"dmean":0.0018753905315,"dmean2":0.00301369628869,"dvar":0.0000101160885606,"dvar2":0.0000249924705713,"max":0.0504193082452,"mean":0.00447837403044,"median":0.0019604919944,"min":2.77991478043e-22,"var":0.0000349433576048},"spectral_entropy":{"dmean":0.141501411796,"dmean2":0.211116477847,"dvar":0.0385717786849,"dvar2":0.0812576785684,"max":9.80448436737,"mean":7.830098629,"median":7.89165639877,"min":5.38048028946,"var":0.102609217167},"spectral_flux":{"dmean":0.0244060344994,"dmean2":0.037611912936,"dvar":0.00116554496344,"dvar2":0.00261969561689,"max":0.463514655828,"mean":0.0892074480653,"median":0.087149053812,"min":1.0168398068e-10,"var":0.00321430014446},"spectral_kurtosis":{"dmean":2.01857042313,"dmean2":2.93434119225,"dvar":6.1305270195,"dvar2":12.7963609695,"max":42.1540031433,"mean":10.7437782288,"median":10.6479816437,"min":-1.21477508545,"var":31.7712898254},"spectral_rms":{"dmean":0.000921147176996,"dmean2":0.00132973946165,"dvar":0.00000151794677095,"dvar2":0.00000324015991282,"max":0.0161305814981,"mean":0.00441807089373,"median":0.00433243764564,"min":3.17607398714e-12,"var":0.00000554774351258},"spectral_rolloff":{"dmean":3965.26708984,"dmean2":7210.64648438,"dvar":41423576,"dvar2":93808608,"max":22050,"mean":8009.88525391,"median":2885.44921875,"min":21.533203125,"var":80195304},"spectral_skewness":{"dmean":0.23344963789,"dmean2":0.337394207716,"dvar":0.0652569904923,"dvar2":0.13455606997,"max":5.03001642227,"mean":2.17913269997,"median":2.17289233208,"min":-0.016201948747,"var":0.378691732883},"spectral_spread":{"dmean":502261.46875,"dmean2":740317.1875,"dvar":535183982592,"dvar2":854704914432,"max":40912264,"mean":4775892,"median":4446033,"min":1725461.125,"var":1872884400130},"spectral_strongpeak":{"dmean":1.84879076481,"dmean2":3.31482768059,"dvar":48.1923675537,"dvar2":121.167655945,"max":65.1544418335,"mean":1.61446774006,"median":0.140936017036,"min":0,"var":44.201259613},"zerocrossingrate":{"dmean":0.0360275171697,"dmean2":0.0444054752588,"dvar":0.00131740386132,"dvar2":0.00193567574024,"max":0.66650390625,"mean":0.205300420523,"median":0.217041015625,"min":0.0087890625,"var":0.0114724030718}},"metadata":{"audio_properties":{"analysis_sample_rate":44100,"bit_rate":256000,"codec":"mp3","downmix":"mix","equal_loudness":0,"length":115.748573303,"lossless":false,"md5_encoded":"35c230b86335d4b1a66861355cf7c56d","replay_gain":-2.18887519836,"sample_rate":44100},"tags":{"acoustid_id":["f8c8d146-0c6c-4dd3-aaf3-6254945017c5"],"album":["Doolittle"],"albumartist":["Pixies"],"artist":["Pixies"],"date":["1989"],"discnumber":["1/1"],"file_name":"02 - Pixies - Tame.mp3","musicbrainz_albumartistid":["b6b2bb8d-54a9-491f-9607-7b546023b433"],"musicbrainz_albumid":["abb2d8b4-e6d9-3619-812b-d2582554e24f"],"musicbrainz_artistid":["b6b2bb8d-54a9-491f-9607-7b546023b433"],"musicbrainz_recordingid":["dac6aecc-fbf7-418b-9bdc-1107469b7768"],"musicbrainz_releasegroupid":["1aa41b19-5a72-341b-bd91-4cf61d1dab6b"],"replaygain_album_gain":["-0.25 dB"],"replaygain_album_peak":["0.800974"],"replaygain_track_gain":["-0.24 dB"],"replaygain_track_peak":["0.775998"],"title":["Tame"],"tracknumber":["2/15"]},"version":{"essentia":"2.1-beta1","essentia_build_sha":"e76a03f03bb3900de42a1fa0d9be1e72f12def64","essentia_git_sha":"v2.1_beta1-28-g21ef5f4-dirty","extractor":"music 1.0"}},"rhythm":{"beats_count":266,"beats_loudness":{"dmean":0.0158099513501,"dmean2":0.0268628578633,"dvar":0.000374798139092,"dvar2":0.000902898376808,"max":0.157160997391,"mean":0.0393344648182,"median":0.0383369028568,"min":0.000615235243458,"var":0.000658875040244},"beats_loudness_band_ratio":{"dmean":[0.299657702446,0.0388496853411,0.0574844218791,0.0784499496222,0.113709241152,0.121201515198],"dmean2":[0.576510310173,0.0686991214752,0.103350788355,0.143576294184,0.221437081695,0.233871862292],"dvar":[0.0558813735843,0.00129512452986,0.00273615028709,0.00281705521047,0.00763789378107,0.00932302791625],"dvar2":[0.216986909509,0.00356815475971,0.00831098854542,0.00932712852955,0.0290545709431,0.0325092822313],"max":[0.988700807095,0.292163640261,0.434304833412,0.389301002026,0.356886655092,0.640185832977],"mean":[0.461822241545,0.054401274770