{"lowlevel":{"average_loudness":0.368128359318,"barkbands":{"dmean":[0.000789956189692,0.00356802972965,0.00137216143776,0.00122866418678,0.00106174428947,0.00156406953465,0.00119249697309,0.000582177191973,0.000463323376607,0.000368663691916,0.000188002479263,0.000140553645906,0.000132185334223,0.000240964334807,0.000100495133665,0.0000591271746089,0.0000422395205533,0.0000523066628375,0.0000384970808227,0.0000267494251602,0.0000251249184657,0.0000112753032226,0.00000344346312886,0.00000160939930538,0.00000118948298677,0.00000185916030659,0.0000309274691972],"dmean2":[0.00144599599298,0.00630797958001,0.00234335288405,0.00208905828185,0.00174650200643,0.0022614877671,0.00188892590813,0.000940422469284,0.000727472710423,0.000575747981202,0.000301895866869,0.00022576894844,0.000219382054638,0.000374664436094,0.000157323040185,0.0000936243523029,0.0000675787741784,0.0000833455851534,0.0000596731297264,0.0000394048183807,0.0000366066778952,0.0000179941343958,0.00000558643705517,0.00000293428252007,0.00000236716255131,0.00000328226133206,0.0000439175855718],"dvar":[0.0000031491788377,0.0000387926847907,0.00000904997523321,0.00000623512505626,0.00000786896271165,0.0000266661263595,0.00000909370373847,0.00000507358754476,0.00000306961464958,0.00000311432563649,3.23963206483e-7,1.99715344706e-7,8.71565717375e-8,2.33871745081e-7,3.69148409618e-8,2.11069739464e-8,1.20273986326e-8,2.26671801329e-8,1.76744023861e-8,2.78540444043e-8,1.78729031575e-8,2.22532503535e-9,2.51290460662e-10,4.32873528688e-11,1.44538504429e-11,4.94412635832e-11,5.87466431057e-9],"dvar2":[0.00000980617278401,0.000120167387649,0.0000267109498964,0.0000173772950802,0.000017816262698,0.0000530558063474,0.0000218600034714,0.0000124758635138,0.00000762241825214,0.00000825978986541,8.04831074674e-7,5.23329106272e-7,2.29106575489e-7,5.4640355529e-7,8.77116121956e-8,5.38381819126e-8,3.00606721737e-8,5.7343477522e-8,3.93548518218e-8,5.41646869578e-8,2.75584710607e-8,4.31793001354e-9,4.06372713257e-10,9.24082893539e-11,4.19790105455e-11,9.45355599358e-11,1.15864606798e-8],"max":[0.0557720176876,0.122379496694,0.0632337778807,0.0462553426623,0.122177630663,0.186000555754,0.102455802262,0.0903659388423,0.0531939938664,0.0969909280539,0.0185717176646,0.0245762448758,0.00976694840938,0.0166858099401,0.00574897881597,0.00663524586707,0.00310816382989,0.0048558069393,0.00571586145088,0.0144864721224,0.0104192057624,0.00300386734307,0.0010324124014,0.000579228100833,0.0000763530406402,0.000558708969038,0.00317068654113],"mean":[0.00105458509643,0.00534301251173,0.00191131734755,0.00173903000541,0.00194428523537,0.00309125590138,0.00242127571255,0.0010074499296,0.000826097675599,0.000615649740212,0.000321937026456,0.000265535258222,0.000248187832767,0.000558017345611,0.000200723749003,0.000105058687041,0.0000671535744914,0.0000810470228316,0.0000573755169171,0.000042659106839,0.000039552738599,0.0000148046319737,0.00000492453955303,0.00000157029273851,6.55031954011e-7,0.00000219483604269,0.0000663623795845],"median":[0.000294622092042,0.00193808053154,0.000467994075734,0.000392599788029,0.000520562462043,0.000216974061914,0.000424450146966,0.000152764696395,0.000107319792733,0.0000829155542306,0.0000598040933255,0.0000476846544188,0.0000713247136446,0.00012025446631,0.0000584506051382,0.0000279546475213,0.0000163197910297,0.0000209127028938,0.00000830316730571,0.00000292759750664,0.00000359030536856,0.00000138568634611,3.38629433827e-7,1.36348774049e-7,3.55440974431e-8,1.73641041101e-7,0.0000228220160352],"min":[1.22567478351e-24,6.68644183064e-24,1.75134595416e-24,4.23596336327e-24,9.75631455369e-24,1.52859123772e-23,8.51495987779e-24,1.31380042711e-23,3.61659214233e-23,4.19236593983e-23,1.48649509546e-23,3.80418894539e-23,4.852208644e-23,6.38995129931e-23,4.97488061684e-23,6.85457017765e-23,9.04692822923e-23,1.36130066099e-22,1.4321213114e-22,2.2432185016e-22,3.11387961264e-22,3.05845790575e-22,4.7697726163e-22,6.84995767638e-22,1.10000309529e-21,1.42461776745e-21,2.15348939803e-21],"var":[0.00000435235187979,0.0000721401229384,0.0000154995886987,0.0000121354096336,0.0000215250383917,0.00010180688696,0.0000292904405796,0.0000137550205181,0.00000711286566002,0.0000061852260842,7.41467658827e-7,5.24164533999e-7,2.20284135821e-7,0.00000119207936677,1.32764895966e-7,4.46932766351e-8,2.22614602308e-8,3.83798877124e-8,4.37961986677e-8,8.80240733636e-8,7.03013824932e-8,6.01634697617e-9,1.11545161996e-9,1.23655571893e-10,7.76076945763e-12,1.94674609766e-10,2.03388239584e-8]},"barkbands_crest":{"dmean":3.16038155556,"dmean2":5.39859724045,"dvar":7.68906879425,"dvar2":22.2333946228,"max":26.2963428497,"mean":10.86577034,"median":10.074962616,"min":2.1516354084,"var":20.4518871307},"barkbands_flatness_db":{"dmean":0.0376313813031,"dmean2":0.0635489225388,"dvar":0.00151516729966,"dvar2":0.00376596790738,"max":0.507472276688,"mean":0.191132292151,"median":0.186249047518,"min":0.0242635793984,"var":0.0056728143245},"barkbands_kurtosis":{"dmean":10.0911903381,"dmean2":17.4778175354,"dvar":2177.82763672,"dvar2":7095.84570312,"max":1281.78771973,"mean":14.924539566,"median":4.22636604309,"min":-1.822884202,"var":2889.34863281},"barkbands_skewness":{"dmean":0.732801437378,"dmean2":1.2005636692,"dvar":1.24240243435,"dvar2":3.76203274727,"max":30.6682682037,"mean":2.11136484146,"median":1.64585065842,"min":-2.16433310509,"var":4.63714313507},"barkbands_spread":{"dmean":4.81002140045,"dmean2":7.45383071899,"dvar":42.8540496826,"dvar2":91.5409011841,"max":96.1591873169,"mean":16.0538654327,"median":11.7420196533,"min":0.174620896578,"var":190.764755249},"dissonance":{"dmean":0.0253382138908,"dmean2":0.0426272302866,"dvar":0.000765207281802,"dvar2":0.00204587471671,"max":0.500000059605,"mean":0.450003385544,"median":0.463911831379,"min":0.129680141807,"var":0.00209428649396},"dynamic_complexity":7.98326826096,"erbbands":{"dmean":[0.132515266538,0.755487680435,1.4458605051,2.90692305565,3.07487130165,4.00654554367,8.18885993958,13.8810758591,13.3700304031,21.7028503418,8.80468845367,10.7914113998,11.5367555618,7.08170127869,8.04486370087,5.22269821167,5.70608901978,11.5189599991,6.66589736938,4.03314828873,2.69806313515,2.36090826988,2.78085374832,2.33642482758,1.67804372311,1.21142065525,1.12476098537,0.904801845551,0.444173365831,0.187335029244,0.0903808400035,0.0443739853799,0.0220584888011,0.0135202575475,0.00838038604707,0.00494450423867,0.00371190416627,0.00409042881802,0.00295579223894,0.000696893257555],"dmean2":[0.23614642024,1.33468675613,2.48828268051,4.91710853577,5.11603355408,6.47551393509,12.8290958405,20.2598056793,21.6372203827,33.2757301331,14.0094633102,16.9507274628,17.9269580841,11.1683511734,12.8908033371,8.3770236969,9.24436473846,17.7928638458,10.3597431183,6.32890129089,4.24892091751,3.74439358711,4.4041466713,3.64956331253,2.56056928635,1.81533181667,1.58880448341,1.3721767664,0.701938033104,0.30372184515,0.146320432425,0.0769373849034,0.042090959847,0.0267991367728,0.0167105775326,0.00967232137918,0.0064257113263,0.00632337806746,0.00420333771035,0.00100555655081],"dvar":[0.0585704892874,1.85726416111,8.71012210846,34.3936805725,39.2730369568,171.286270142,615.827941895,2636.41943359,1498.58996582,4742.56884766,1445.46679688,1793.63769531,2838.44604492,787.350891113,744.867492676,241.740768433,152.473724365,570.552307129,147.643295288,74.8009185791,34.5644111633,38.638507843,65.7750396729,48.5290107727,47.3070526123,54.8364562988,54.9941368103,22.1062240601,3.4866836071,0.646398067474,0.212899252772,0.0555474720895,0.00514327688143,0.00184466247447,0.000719503615983,0.000230365811149,0.000286212336505,0.000265901093371,0.000166238794918,0.00000205552964871],"dvar2":[0.183645933867,5.7249212265,25.7876930237,95.7124176025,105.801452637,373.101593018,1472.01489258,5181.11816406,3809.35644531,10665.9648438,3421.69262695,4462.17675781,7818.29931641,1988.12365723,1781.15869141,667.425231934,390.287567139,1322.29821777,355.422576904,185.238357544,86.8762359619,96.0500183105,165.796539307,113.539199829,103.600410461,107.043388367,95.4653549194,36.283870697,6.61324739456,1.21822547913,0.364248842001,0.104500263929,0.0140260737389,0.0053510311991,0.00208988599479,0.000660991820041,0.000537588377483,0.000438209419372,0.000264373462414,0.00000453625443697],"max":[5.25177049637,21.7531318665,55.489112854,121.616233826,139.559997559,658.367553711,854.412841797,2267.45556641,1545.13781738,2243.98217773,1573.0065918,1540.29125977,2304.39428711,1218.56262207,1278.95715332,407.162139893,471.482879639,898.530090332,270.35055542,294.120056152,143.639816284,190.545791626,304.316986084,277.09262085,309.292236328,591.866577148,496.080078125,321.50869751,109.528343201,48.1283988953,34.2549514771,22.7730503082,3.4223446846,0.862576782703,0.538064062595,0.313711196184,1.54245901108,0.954924285412,0.831701099873,0.0360803976655],"mean":[0.199846237898,1.01995491982,2.11439847946,4.5975394249,4.91405534744,7.40667772293,14.9936847687,28.0051002502,26.2726325989,44.0567245483,17.5048770905,19.3161010742,21.0959949493,12.5643234253,15.3638458252,11.0422744751,12.7447462082,25.8687820435,16.1191158295,8.44037818909,5.00671434402,3.93790555,4.45809602737,3.58699512482,2.52727770805,1.97410714626,1.76209640503,1.351957798,0.599141359329,0.250191777945,0.132696509361,0.0538251362741,0.0172342434525,0.00796612724662,0.00450530741364,0.00331149506383,0.00463575450704,0.00605194270611,0.00516283139586,0.00211698189378],"median":[0.0730193406343,0.299039661884,0.646102547646,1.14370727539,1.61208820343,1.59570169449,2.02552843094,1.92885088921,4.57570648193,5.94243240356,3.33910965919,2.59318351746,3.29706525803,2.59071540833,3.18098831177,2.27000331879,3.83140659332,6.17631721497,4.57427310944,2.63781881332,1.47256946564,1.03258132935,1.19921040535,0.749640285969,0.259813904762,0.139296174049,0.141056329012,0.127571672201,0.0577488914132,0.0211852900684,0.00860807299614,0.00432649627328,0.00150281831156,0.000578986888286,0.000206434517168,0.00030375237111,0.000382024038117,0.000674077833537,0.000796300708316,0.00118437153287],"min":[2.38158419951e-22,1.58696720976e-21,2.01469511515e-21,1.23674035205e-20,2.20388137827e-20,2.56786605096e-20,1.02454784541e-19,9.3566683623e-20,1.904558028e-19,1.96154922124e-19,4.98850965638e-19,6.22305655809e-19,1.13795640119e-18,1.30647718361e-18,1.26916823605e-18,1.70640546469e-18,2.11311311129e-18,3.07771385939e-18,3.17061534116e-18,3.47144955622e-18,3.73910907242e-18,5.31402993944e-18,7.10300653744e-18,6.80419250424e-18,7.71922879683e-18,1.03287933779e-17,1.05444517713e-17,1.35529862413e-17,1.16545753026e-17,1.46712624648e-17,1.34402820557e-17,1.24052954753e-17,1.04965530507e-17,1.03019770096e-17,6.23522335093e-18,4.42506513899e-18,2.42504684939e-18,1.00362588863e-18,2.77973036722e-19,2.98116118946e-20],"var":[0.112804584205,2.94694781303,14.3256912231,81.9416732788,76.3802261353,438.938751221,1735.60437012,10000.9736328,3957.89575195,15903.1943359,4316.60253906,4213.52441406,5787.73828125,1591.94848633,1828.07128906,695.029296875,508.657653809,2788.55249023,661.87121582,235.455169678,80.271484375,74.6419448853,112.537940979,102.387519836,129.375930786,181.789749146,174.88633728,72.5094223022,9.80797195435,2.11472964287,0.93523144722,0.190956369042,0.00767547218129,0.0010551958112,0.000381182617275,0.00017884139379,0.00108569907025,0.00101919344161,0.000686696846969,0.00000761143610362]},"erbbands_crest":{"dmean":2.77216935158,"dmean2":4.49158096313,"dvar":7.49478578568,"dvar2":18.6286487579,"max":32.0943412781,"mean":10.3860998154,"median":9.04509162903,"min":1.83999967575,"var":27.0276947021},"erbbands_flatness_db":{"dmean":0.0299920309335,"dmean2":0.0519420169294,"dvar":0.000961734040175,"dvar2":0.00240164319985,"max":0.403483271599,"mean":0.190982803702,"median":0.185611486435,"min":0.0330359339714,"var":0.00309914909303},"erbbands_kurtosis":{"dmean":1.33046603203,"dmean2":2.12408041954,"dvar":4.91524410248,"dvar2":11.4973669052,"max":81.5074005127,"mean":1.31663513184,"median":0.156677961349,"min":-1.85550189018,"var":13.8042631149},"erbbands_skewness":{"dmean":0.424886614084,"dmean2":0.66004884243,"dvar":0.19922195375,"dvar2":0.453160971403,"max":8.13704872131,"mean":0.295061200857,"median":0.250426858664,"min":-4.4757976532,"var":1.03667056561},"erbbands_spread":{"dmean":6.24243831635,"dmean2":9.98674488068,"dvar":60.0502319336,"dvar2":152.311859131,"max":224.232940674,"mean":26.7323188782,"median":23.9689979553,"min":1.50797688961,"var":267.719512939},"gfcc":{"cov":[[14725.6699219,1534.58520508,-2174.20703125,-921.211242676,203.092071533,-1010.7802124,508.914367676,-863.247619629,472.74508667,166.21875,288.845031738,124.749359131,66.4999923706],[1534.58520508,1899.44519043,73.0017318726,-623.814147949,58.9400253296,-68.9260940552,-20.411233902,-80.8716049194,215.323898315,93.945526123,217.83026123,-104.394134521,97.5523834229],[-2174.20703125,73.0017318726,957.765808105,207.657897949,-243.545211792,314.477508545,-219.798461914,237.065750122,-77.7090530396,61.9384040833,-18.0815258026,-20.7261390686,-8.72520542145],[-921.211242676,-623.814147949,207.657897949,518.202636719,77.2270431519,15.5397863388,63.9406890869,51.965511322,-70.4611206055,-47.5413246155,-93.5295562744,37.9179840088,-47.1965293884],[203.092071533,58.9400253296,-243.545211792,77.2270431519,312.114593506,-49.162311554,119.016525269,-63.3300819397,37.569103241,-27.4653644562,29.5993423462,-26.3937797546,3.43405508995],[-1010.7802124,-68.9260940552,314.477508545,15.5397863388,-49.162311554,324.352813721,-102.757270813,119.132583618,-78.3322753906,28.326171875,-11.9250307083,-14.0662498474,-5.54728603363],[508.914367676,-20.411233902,-219.798461914,63.9406890869,119.016525269,-102.757270813,232.878204346,-55.531578064,65.7282485962,-26.0150604248,-0.733150362968,26.5124320984,5.18780994415],[-863.247619629,-80.8716049194,237.065750122,51.965511322,-63.3300819397,119.132583618,-55.531578064,207.369857788,-7.11492919922,24.0061035156,-11.7366895676,-17.4956588745,9.4136505127],[472.74508667,215.323898315,-77.7090530396,-70.4611206055,37.569103241,-78.3322753906,65.7282485962,-7.11492919922,160.125610352,68.0419235229,51.7828102112,-0.204009488225,6.03132534027],[166.21875,93.945526123,61.9384040833,-47.5413246155,-27.4653644562,28.326171875,-26.0150604248,24.0061035156,68.0419235229,128.679336548,79.6553115845,2.28459095955,13.7858867645],[288.845031738,217.83026123,-18.0815258026,-93.5295562744,29.5993423462,-11.9250307083,-0.733150362968,-11.7366895676,51.7828102112,79.6553115845,131.953765869,26.2042999268,22.5928421021],[124.749359131,-104.394134521,-20.7261390686,37.9179840088,-26.3937797546,-14.0662498474,26.5124320984,-17.4956588745,-0.204009488225,2.28459095955,26.2042999268,94.5234375,28.4095058441],[66.4999923706,97.5523834229,-8.72520542145,-47.1965293884,3.43405508995,-5.54728603363,5.18780994415,9.4136505127,6.03132534027,13.7858867645,22.5928421021,28.4095058441,80.3165664673]],"icov":[[0.00017598301929,-0.000359431956895,0.000723699573427,-0.000520455650985,0.000577596540097,-0.000123342266306,0.0000595664641878,0.000202708703,0.00003918143193,-0.000468608050141,0.0000942460246733,-0.000144238132634,0.000104818354885],[-0.000359431956895,0.00315743125975,-0.00428649690002,0.00488147279248,-0.00335521809757,0.00171734846663,-0.00112859730143,0.000888557697181,-0.00144414661918,0.00235958700068,-0.00152282556519,0.00163049669936,-0.00134867848828],[0.000723699573427,-0.00428649690002,0.0109319128096,-0.0114754131064,0.0103736054152,-0.00650320900604,0.00357718858868,-0.000434007437434,-0.0022286910098,0.0011602952145,-0.0043106614612,0.00399599550292,-0.0022541214712],[-0.000520455650985,0.00488147279248,-0.0114754131064,0.0172137413174,-0.0138984266669,0.00855948962271,-0.0047116773203,-0.00154090928845,0.00541830807924,-0.00584673695266,0.00962223298848,-0.00929806008935,0.00621983548626],[0.000577596540097,-0.00335521809757,0.0103736054152,-0.0138984266669,0.0175349935889,-0.00856792088598,0.00144465861376,0.00282432069071,-0.0063764997758,0.00869206991047,-0.0126205962151,0.0125311166048,-0.00710450904444],[-0.000123342266306,0.00171734846663,-0.00650320900604,0.00855948962271,-0.00856792088598,0.0106289973482,-0.00186868361197,-0.00304711353965,0.00710502220318,-0.00764260999858,0.00757431006059,-0.00707349134609,0.00506754079834],[0.0000595664641878,-0.00112859730143,0.00357718858868,-0.0047116773203,0.00144465861376,-0.00186868361197,0.00905380491167,0.000256228784565,-0.00489877769724,0.00337356328964,-0.00132343033329,-0.000258082960499,-0.00161193322856],[0.000202708703,0.000888557697181,-0.000434007437434,-0.00154090928845,0.00282432069071,-0.00304711353965,0.000256228784565,0.00951768271625,-0.00458388123661,0.00338801997714,-0.00365734426305,0.00564732402563,-0.00486909225583],[0.00003918143193,-0.00144414661918,-0.0022286910098,0.00541830807924,-0.0063764997758,0.00710502220318,-0.00489877769724,-0.00458388123661,0.0194670595229,-0.0162175092846,0.0100875208154,-0.00928857922554,0.00805025082082],[-0.000468608050141,0.00235958700068,0.0011602952145,-0.00584673695266,0.00869206991047,-0.00764260999858,0.00337356328964,0.00338801997714,-0.0162175092846,0.0311020575464,-0.0228702947497,0.015495358035,-0.0104704359546],[0.0000942460246733,-0.00152282556519,-0.0043106614612,0.00962223298848,-0.0126205962151,0.00757431006059,-0.00132343033329,-0.00365734426305,0.0100875208154,-0.0228702947497,0.0314886160195,-0.0205037817359,0.0100974813104],[-0.000144238132634,0.00163049669936,0.00399599550292,-0.00929806008935,0.0125311166048,-0.00707349134609,-0.000258082960499,0.00564732402563,-0.00928857922554,0.015495358035,-0.0205037817359,0.0307259522378,-0.0156231373549],[0.000104818354885,-0.00134867848828,-0.0022541214712,0.00621983548626,-0.00710450904444,0.00506754079834,-0.00161193322856,-0.00486909225583,0.00805025082082,-0.0104704359546,0.0100974813104,-0.0156231373549,0.0226191878319]],"mean":[-114.106735229,135.322814941,-92.6671066284,0.909061074257,-10.8417224884,-17.0997219086,-4.14517307281,-18.3919429779,2.62652635574,-5.88142204285,-5.23232793808,-6.9659075737,-9.08244132996]},"hfc":{"dmean":6.65609884262,"dmean2":10.4241256714,"dvar":105.370750427,"dvar2":270.008972168,"max":245.12449646,"mean":27.8528594971,"median":13.3094100952,"min":1.10213895541e-16,"var":1055.24291992},"melbands":{"dmean":[0.00103737052996,0.000795633939561,0.000485387834487,0.000216367916437,0.000267234659987,0.000303329376038,0.000211631282582,0.000215651394683,0.0000686641869834,0.0000669888977427,0.0000604569249845,0.000033072734368,0.0000275078236882,0.0000185215976671,0.0000110792298074,0.0000165590809047,0.0000219314042624,0.0000127088769659,0.00000760654302212,0.00000465922539661,0.00000314331259688,0.0000024335058697,0.00000289639228868,0.00000239956352743,0.00000196161158783,0.00000140413612826,0.00000107383459635,8.04986541425e-7,7.45886325149e-7,6.44033661956e-7,5.1814811286e-7,2.86317174414e-7,1.54990729584e-7,8.73816361491e-8,5.59935813271e-8,3.81637939029e-8,2.41291573388e-8,1.60320166032e-8,1.27692150187e-8,1.09614317623e-8],"dmean2":[0.00183765555266,0.00138350145426,0.000813137565274,0.000353639305104,0.000417726463638,0.000439169147285,0.000339354999596,0.000331847812049,0.000109291671833,0.000105316859845,0.0000938768134802,0.0000518611523148,0.0000440689800598,0.0000298538943753,0.0000176892117452,0.0000263956644631,0.0000339881698892,0.0000201302173082,0.000012036649423,0.00000745924717194,0.00000506672586198,0.00000390929380956,0.00000462222033093,0.00000382781945518,0.00000311655162477,0.0000022034214453,0.00000165071310221,0.00000123395227547,0.00000109903294288,9.82542587735e-7,7.91951208612e-7,4.58516325352e-7,2.55354080991e-7,1.41521240948e-7,9.09182560349e-8,6.48103082312e-8,4.24738928473e-8,3.05789704669e-8,2.5122011138e-8,2.17865281371e-8],"dvar":[0.00000334997912432,0.00000215898012357,8.88832630608e-7,2.68790074642e-7,5.91358684687e-7,0.00000115826412639,3.21009054005e-7,4.76443091202e-7,8.29758874943e-8,6.21445295224e-8,7.69360681829e-8,2.12741024797e-8,7.51276107991e-9,3.58189167216e-9,8.04188216019e-10,1.13672626867e-9,2.0470127815e-9,5.93234183999e-10,2.53127019345e-10,1.58936724892e-10,4.62805731238e-11,3.75463132807e-11,1.10813282161e-10,4.5014904998e-11,3.58628370056e-11,2.9854920619e-11,2.88669001897e-11,3.08916607572e-11,3.41787223523e-11,1.60051746162e-11,6.64385517088e-12,1.51476661076e-12,4.89361860496e-13,1.45300994001e-13,8.53232144226e-14,6.34243295362e-14,1.69062101151e-14,2.95404455597e-15,1.60271773219e-15,1.22418124916e-15],"dvar2":[0.0000104010141513,0.00000655846997688,0.00000245862474912,6.24826668627e-7,0.00000136381993343,0.00000225215558203,8.06317757451e-7,0.00000109655195502,1.99658003908e-7,1.55909958721e-7,2.09720241173e-7,5.36523998562e-8,1.86641404554e-8,9.14513442751e-9,2.13469553145e-9,2.73134026507e-9,4.79942530163e-9,1.45099654514e-9,6.09447270428e-10,4.11807976608e-10,1.18816720351e-10,9.53754922262e-11,2.8924732054e-10,1.13186848782e-10,8.55409770795e-11,7.07564423719e-11,6.51526402273e-11,6.37770461442e-11,6.69329938696e-11,3.20413175159e-11,1.10583920493e-11,3.04859067678e-12,1.02658062173e-12,2.65758308372e-13,1.40447088638e-13,1.37768987299e-13,3.28555542148e-14,8.1380528469e-15,4.63803562884e-15,3.55476180447e-15],"max":[0.0389419868588,0.0265449825674,0.0171129591763,0.0211206637323,0.0274557620287,0.0449782535434,0.0213584639132,0.0233408678323,0.0112459389493,0.00861088745296,0.0129017867148,0.00704884203151,0.00316505134106,0.00311236293055,0.00102192163467,0.00130431773141,0.00156279536895,0.000599650142249,0.000635233300272,0.000681250880007,0.000130183529109,0.000188251855434,0.000485462427605,0.000219573295908,0.000231292971876,0.000254147307714,0.000252377067227,0.000489882426336,0.000431302236393,0.000298177357763,0.00019198062364,0.0000677135103615,0.0000403305712098,0.0000216401531361,0.0000213992971112,0.000018284732505,0.0000135226728162,0.00000249667527896,8.0332364405e-7,7.01822045812e-7],"mean":[0.00168040639255,0.00121111818589,0.000814685074147,0.000400351389544,0.000514909857884,0.000616351724602,0.000421708944486,0.000431634340202,0.000125688951812,0.000117109710118,0.000106691084511,0.0000550211552763,0.0000488623736601,0.0000354420371877,0.0000233571499848,0.0000350711197825,0.0000483401163365,0.0000282556356979,0.0000148852705024,0.0000081408652477,0.00000527848760612,0.00000381280324291,0.00000438161487182,0.00000366160520571,0.00000285993087346,0.00000198520524464,0.00000155731663654,0.00000125077929169,0.00000112988755063,9.70767587205e-7,7.19361253232e-7,3.66951638853e-7,1.97986153694e-7,1.11652042278e-7,8.158285425e-8,5.00398549264e-8,2.56700758428e-8,1.22634142841e-8,8.0900859345e-9,6.10920247723e-9],"median":[0.00065342662856,0.000392912013922,0.00023552190396,0.000122288183775,0.0000747960293666,0.0000416010007029,0.0000771529885242,0.0000571472774027,0.0000211899150599,0.0000150746382133,0.0000153719538503,0.00000894824006537,0.00000959251428867,0.00000635281594441,0.00000509063966092,0.00000957994234341,0.0000105999388325,0.00000691110471962,0.00000422999619332,0.00000213087150769,0.00000143058332469,9.15467239793e-7,0.00000106878940187,9.59384124144e-7,5.65278412523e-7,2.15785860291e-7,1.13582487415e-7,7.90302863152e-8,7.98394879098e-8,8.51309778227e-8,6.54349037177e-8,3.28941283101e-8,1.65638205374e-8,8.35733082738e-9,4.68987737534e-9,3.28311045017e-9,2.04377137436e-9,1.03203712243e-9,7.17041537257e-10,3.63870156228e-10],"min":[2.39813951845e-24,1.59795471215e-24,3.68954308006e-24,2.00455709132e-24,3.72993749157e-24,2.10995226091e-24,2.77262224257e-24,2.34019965712e-24,4.15375814049e-24,4.02616383338e-24,5.59419527646e-24,5.02134894178e-24,2.54714232725e-24,4.32911876428e-24,3.50563002076e-24,5.44677650037e-24,5.41454206606e-24,4.84999928126e-24,4.02286363378e-24,5.83723898262e-24,3.47885529278e-24,5.15996994663e-24,6.09650206343e-24,7.07850254509e-24,4.50127187963e-24,5.87459351864e-24,4.5988046698e-24,5.39435708765e-24,5.67620170629e-24,6.34201372094e-24,6.14157047581e-24,5.2700574581e-24,7.08286179045e-24,7.7688962544e-24,4.87885620761e-24,7.14049991249e-24,5.78230231475e-24,6.16590841245e-24,6.54413566207e-24,8.00788324336e-24],"var":[0.00000703381783751,0.00000371726514459,0.00000211143674278,6.73307397392e-7,0.0000018274906779,0.00000448802575193,8.91684408089e-7,0.00000154417625708,2.24045535901e-7,1.43147957488e-7,1.56354474257e-7,4.17571541789e-8,1.73852221508e-8,9.44233846667e-9,2.41546471713e-9,4.45344872091e-9,9.56966061949e-9,2.32920549514e-9,9.49398670791e-10,3.15843379228e-10,9.40813538186e-11,7.03803890167e-11,1.55592580486e-10,7.66760682724e-11,6.95672061624e-11,6.76460276683e-11,7.19982615194e-11,9.1949156622e-11,8.67379432168e-11,5.06186655092e-11,1.78843832105e-11,3.66897788193e-12,1.30976241138e-12,4.79819200865e-13,3.80626872252e-13,1.67029733686e-13,4.92636869341e-14,4.34052547051e-15,1.03199910843e-15,6.63731735216e-16]},"melbands_crest":{"dmean":3.8694922924,"dmean2":6.6353302002,"dvar":10.9770355225,"dvar2":31.2115192413,"max":37.8521690369,"mean":16.2927303314,"median":15.0278806686,"min":1.91630733013,"var":44.6730613708},"melbands_flatness_db":{"dmean":0.0463230386376,"dmean2":0.0778270810843,"dvar":0.00214764312841,"dvar2":0.00528650451452,"max":0.649112582207,"mean":0.307811975479,"median":0.307232439518,"min":0.0039427978918,"var":0.00870498735458},"melbands_kurtosis":{"dmean":13.5996379852,"dmean2":23.7103500366,"dvar":4589.05517578,"dvar2":15777.5302734,"max":2158.734375,"mean":23.4800758362,"median":6.16340065002,"min":-1.88043630123,"var":8617.61132812},"melbands_skewness":{"dmean":0.834498286247,"dmean2":1.37046897411,"dvar":1.33680105209,"dvar2":3.90110349655,"max":36.0237464905,"mean":2.71729111671,"median":2.18172216415,"min":-2.59870839119,"var":6.45482349396},"melbands_spread":{"dmean":5.34168291092,"dmean2":8.34905910492,"dvar":66.7276992798,"dvar2":142.595199585,"max":168.656585693,"mean":16.0087490082,"median":11.3817501068,"min":0.169263109565,"var":275.454833984},"mfcc":{"cov":[[12080.7148438,2000.9206543,-2423.80004883,308.653015137,-1009.14794922,258.311096191,-514.667602539,-328.688659668,-285.228851318,16.0398616791,2.18903803825,97.6270370483,-14.4434432983],[2000.9206543,2215.98657227,-141.215377808,-413.711425781,-28.5901947021,-79.8689117432,-117.521492004,-233.460784912,-56.5108375549,45.0747337341,157.390823364,90.9586715698,-58.3738822937],[-2423.80004883,-141.215377808,1289.25134277,-180.296875,223.313491821,-80.9827728271,47.7009162903,33.9430847168,16.0983943939,61.0190315247,-9.2277173996,27.8835067749,11.8761091232],[308.653015137,-413.711425781,-180.296875,497.504638672,-43.1503753662,58.6328544617,13.608127594,66.2096328735,37.1025238037,-21.4071655273,-18.4593334198,-29.3391208649,27.9300842285],[-1009.14794922,-28.5901947021,223.313491821,-43.1503753662,268.616516113,2.20538306236,84.6342086792,15.1055603027,14.235490799,11.4166679382,41.0642166138,-4.46523809433,-11.0937204361],[258.311096191,-79.8689117432,-80.9827728271,58.6328544617,2.20538306236,170.165176392,37.2395057678,15.5024614334,-16.8083133698,2.08939957619,-10.1879606247,3.63545465469,2.9050347805],[-514.667602539,-117.521492004,47.7009162903,13.608127594,84.6342086792,37.2395057678,144.262298584,51.7500038147,20.5128707886,-8.57272815704,-0.0323632135987,-12.7961940765,7.01109600067],[-328.688659668,-233.460784912,33.9430847168,66.2096328735,15.1055603027,15.5024614334,51.7500038147,128.528366089,47.4920349121,-11.4586811066,-21.6257305145,-26.0941257477,-0.846364200115],[-285.228851318,-56.5108375549,16.0983943939,37.1025238037,14.235490799,-16.8083133698,20.5128707886,47.4920349121,111.196418762,24.759393692,11.0675086975,-15.0661535263,-9.78249740601],[16.0398616791,45.0747337341,61.0190315247,-21.4071655273,11.4166679382,2.08939957619,-8.57272815704,-11.4586811066,24.759393692,92.0413208008,45.5782928467,18.5170078278,-3.55373382568],[2.18903803825,157.390823364,-9.2277173996,-18.4593334198,41.0642166138,-10.1879606247,-0.0323632135987,-21.6257305145,11.0675086975,45.5782928467,130.270446777,42.8737106323,-5.39840078354],[97.6270370483,90.9586715698,27.8835067749,-29.3391208649,-4.46523809433,3.63545465469,-12.7961940765,-26.0941257477,-15.0661535263,18.5170078278,42.8737106323,85.0436553955,37.1468086243],[-14.4434432983,-58.3738822937,11.8761091232,27.9300842285,-11.0937204361,2.9050347805,7.01109600067,-0.846364200115,-9.78249740601,-3.55373382568,-5.39840078354,37.1468086243,86.0391998291]],"icov":[[0.000289809540845,-0.000267906056251,0.000382118014386,-0.000241745234234,0.00053849152755,-0.000295944540994,0.000396658986574,-0.00015796450316,0.000589674862567,-0.000537337677088,0.000283878180198,-0.000153694025357,0.0000671854504617],[-0.000267906056251,0.00094857334625,-0.000264377216808,0.000685132981744,-0.00040246109711,0.000316679565003,-0.000255302264122,0.00104160315823,-0.000761976349168,0.000744256423786,-0.000875660625752,-0.000136919959914,0.000329419301124],[0.000382118014386,-0.000264377216808,0.00161640229635,-0.00000901736348169,-0.000286606460577,0.000203458723263,0.000642192317173,-0.000670547771733,0.00098231213633,-0.00169010879472,0.00124454952311,-0.000946812215261,0.000090586290753],[-0.000241745234234,0.000685132981744,-0.00000901736348169,0.00306424568407,-0.000220590794925,-0.00061128922971,0.00023362711363,-0.000299982464639,-0.00134631397668,0.0010793665424,-0.00114394456614,0.00123985751998,-0.00131457869429],[0.00053849152755,-0.00040246109711,-0.000286606460577,-0.000220590794925,0.00697902264073,-0.000729059742298,-0.0024988707155,0.000619529746473,0.000918490637559,-0.000173446067492,-0.00205865059979,0.0010228077881,0.000589220609982],[-0.000295944540994,0.000316679565003,0.000203458723263,-0.00061128922971,-0.000729059742298,0.00770705984905,-0.00270784436725,-0.000538266496733,0.00162222550716,-0.00146153836977,0.00129965518136,-0.00177739770152,0.00116966164205],[0.000396658986574,-0.000255302264122,0.000642192317173,0.00023362711363,-0.0024988707155,-0.00270784436725,0.0115828495473,-0.00350314588286,-0.000117509873235,0.00055004155729,-0.000293352408335,0.00123001739848,-0.00202029221691],[-0.00015796450316,0.00104160315823,-0.000670547771733,-0.000299982464639,0.000619529746473,-0.000538266496733,-0.00350314588286,0.0133877294138,-0.00522167468444,0.00240883696824,-0.000186229401152,0.00133109861054,0.000304735527607],[0.000589674862567,-0.000761976349168,0.00098231213633,-0.00134631397668,0.000918490637559,0.00162222550716,-0.000117509873235,-0.00522167468444,0.014236192219,-0.00560878310353,0.000241665897192,0.000937724951655,0.000902609957848],[-0.000537337677088,0.000744256423786,-0.00169010879472,0.0010793665424,-0.000173446067492,-0.00146153836977,0.00055004155729,0.00240883696824,-0.00560878310353,0.0168160852045,-0.00590123422444,-0.000065516171162,0.0000183839347301],[0.000283878180198,-0.000875660625752,0.00124454952311,-0.00114394456614,-0.00205865059979,0.00129965518136,-0.000293352408335,-0.000186229401152,0.000241665897192,-0.00590123422444,0.0140930861235,-0.00770119158551,0.00335878855549],[-0.000153694025357,-0.000136919959914,-0.000946812215261,0.00123985751998,0.0010228077881,-0.00177739770152,0.00123001739848,0.00133109861054,0.000937724951655,-0.000065516171162,-0.00770119158551,0.0220555532724,-0.0101873492822],[0.0000671854504617,0.000329419301124,0.000090586290753,-0.00131457869429,0.000589220609982,0.00116966164205,-0.00202029221691,0.000304735527607,0.000902609957848,0.0000183839347301,0.00335878855549,-0.0101873492822,0.0171881671995]],"mean":[-772.651550293,187.061386108,-13.2869033813,30.4769248962,7.31561946869,15.1053390503,-1.12752568722,1.12688028812,2.34740209579,3.00034427643,8.05603885651,1.89503371716,-5.61311340332]},"pitch_salience":{"dmean":0.0834170803428,"dmean2":0.141916424036,"dvar":0.0053039570339,"dvar2":0.0148626165465,"max":0.874136090279,"mean":0.534887433052,"median":0.549780845642,"min":0.0502276644111,"var":0.0181483980268},"silence_rate_20dB":{"dmean":0,"dmean2":0,"dvar":0,"dvar2":0,"max":1,"mean":1,"median":1,"min":1,"var":0},"silence_rate_30dB":{"dmean":0.0103085078299,"dmean2":0.0206185560673,"dvar":0.0102025447413,"dvar2":0.0248261298984,"max":1,"mean":0.986704528332,"median":1,"min":0,"var":0.0131188491359},"silence_rate_60dB":{"dmean":0.0348098911345,"dmean2":0.0696249827743,"dvar":0.0336024537683,"dvar2":0.0738765895367,"max":1,"mean":0.31543174386,"median":0,"min":0,"var":0.21595954895},"spectral_centroid":{"dmean":194.775497437,"dmean2":291.287353516,"dvar":84590.0234375,"dvar2":165182.421875,"max":11398.9736328,"mean":874.758972168,"median":641.690185547,"min":116.454856873,"var":542721.6875},"spectral_complexity":{"dmean":2.24426674843,"dmean2":3.4613776207,"dvar":9.64776992798,"dvar2":19.1298389435,"max":51,"mean":10.6609649658,"median":10,"min":0,"var":77.0128097534},"spectral_contrast_coeffs":{"dmean":[0.0481492988765,0.0519576705992,0.0415121391416,0.0305011402816,0.02736758627,0.0439638830721],"dmean2":[0.0813252404332,0.0881088599563,0.0701482370496,0.0513938590884,0.0468248166144,0.0739805400372],"dvar":[0.00146189436782,0.00198549730703,0.00126724748407,0.000721687800251,0.000714474299457,0.00204724352807],"dvar2":[0.00405469303951,0.0053860344924,0.00344341178425,0.00196708994918,0.00193622999359,0.00476499134675],"max":[-0.377718389034,-0.335016161203,-0.498140603304,-0.543197572231,-0.668058872223,-0.466438055038],"mean":[-0.698624074459,-0.745010852814,-0.791255176067,-0.810791134834,-0.821885764599,-0.745174109936],"median":[-0.700038433075,-0.760306358337,-0.800075054169,-0.816696882248,-0.82070761919,-0.747667133808],"min":[-0.973395526409,-0.967689931393,-0.976886212826,-0.985929608345,-0.970837533474,-0.963395476341],"var":[0.00603379681706,0.0100102405995,0.00551717821509,0.00370688736439,0.00202568736859,0.00594911118969]},"spectral_contrast_valleys":{"dmean":[0.391914576292,0.46953368187,0.451440811157,0.406640589237,0.501226246357,0.745171010494],"dmean2":[0.67096722126,0.79780459404,0.750256478786,0.655874311924,0.809098124504,1.41384708881],"dvar":[0.134285196662,0.223646000028,0.248148053885,0.245297685266,0.364404052496,0.787838876247],"dvar2":[0.339071393013,0.558788836002,0.583216547966,0.519439995289,0.774391710758,1.97573649883],"max":[-5.12446117401,-4.29072618484,-5.64702510834,-6.03391313553,-5.48486042023,-8.86359500885],"mean":[-7.46444654465,-7.36404371262,-8.06915664673,-8.32359600067,-8.91421794891,-12.5436134338],"median":[-7.20058679581,-7.07140779495,-7.76204872131,-7.98883390427,-8.77404212952,-12.7447128296],"min":[-27.9633655548,-27.9757328033,-27.478345871,-27.6164627075,-27.401802063,-27.3873901367],"var":[1.98872435093,2.40285134315,2.29146051407,2.29530620575,2.10671281815,1.22101211548]},"spectral_decrease":{"dmean":1.70306513336e-9,"dmean2":2.78072831428e-9,"dvar":7.45360042262e-18,"dvar2":2.02598832804e-17,"max":1.23247539564e-28,"mean":-5.38635136493e-9,"median":-2.4983661806e-9,"min":-5.45760237003e-8,"var":4.33599805294e-17},"spectral_energy":{"dmean":0.00666857231408,"dmean2":0.0108163068071,"dvar":0.000113214016892,"dvar2":0.000303937093122,"max":0.227437123656,"mean":0.0228555705398,"median":0.0107608409598,"min":9.99109456637e-21,"var":0.000751465326175},"spectral_energyband_high":{"dmean":0.0000755589644541,"dmean2":0.000109672560939,"dvar":9.91191555499e-8,"dvar2":1.53516268142e-7,"max":0.0211707372218,"mean":0.000128287967527,"median":0.0000184841883311,"min":7.32883315192e-21,"var":4.14397163695e-7},"spectral_energyband_low":{"dmean":0.00452827941626,"dmean2":0.00787699595094,"dvar":0.0000593830336584,"dvar2":0.000183250842383,"max":0.179602831602,"mean":0.00911472458392,"median":0.00402484368533,"min":2.46582267972e-23,"var":0.000162212061696},"spectral_energyband_middle_high":{"dmean":0.000792828563135,"dmean2":0.0011849271832,"dvar":0.0000035453149394,"dvar2":0.00000871860720508,"max":0.101094760001,"mean":0.00245713000186,"median":0.000952281523496,"min":1.21998891471e-21,"var":0.0000146023867273},"spectral_energyband_middle_low":{"dmean":0.0037323536817,"dmean2":0.00570172211155,"dvar":0.0000563818502997,"dvar2":0.000128775311168,"max":0.198491230607,"mean":0.0111898779869,"median":0.00332978088409,"min":1.94669136713e-22,"var":0.000308598217089},"spectral_entropy":{"dmean":0.285669833422,"dmean2":0.480488449335,"dvar":0.109930492938,"dvar2":0.256815105677,"max":9.82142066956,"mean":7.04325532913,"median":7.07230567932,"min":4.59076213837,"var":0.366275280714},"spectral_flux":{"dmean":0.0163071230054,"dmean2":0.0261072758585,"dvar":0.000342344254022,"dvar2":0.000820711487904,"max":0.272032380104,"mean":0.0637912005186,"median":0.054851308465,"min":6.47110490193e-11,"var":0.00225906446576},"spectral_kurtosis":{"dmean":7.17212533951,"dmean2":12.3410768509,"dvar":105.444900513,"dvar2":277.133392334,"max":129.617202759,"mean":22.8384342194,"median":18.0218276978,"min":-1.25518643856,"var":229.619338989},"spectral_rms":{"dmean":0.0005927234306,"dmean2":0.000948403961957,"dvar":4.65267845584e-7,"dvar2":0.00000126640600229,"max":0.0148959681392,"mean":0.00382093782537,"median":0.00324012059718,"min":3.1220841884e-12,"var":0.00000769858979766},"spectral_rolloff":{"dmean":444.521148682,"dmean2":764.413513184,"dvar":2177139,"dvar2":5921291,"max":22028.4667969,"mean":1121.95214844,"median":667.529296875,"min":43.06640625,"var":3022903.75},"spectral_skewness":{"dmean":0.493801265955,"dmean2":0.809402108192,"dvar":0.385482639074,"dvar2":0.951561570168,"max":9.78949260712,"mean":3.05361533165,"median":2.80915307999,"min":-0.0587687380612,"var":1.26430773735},"spectral_spread":{"dmean":577731.8125,"dmean2":1027143.375,"dvar":580899241984,"dvar2":1467681210370,"max":42239916,"mean":3000507.75,"median":2808536.5,"min":862880.75,"var":3803523579900},"spectral_strongpeak":{"dmean":0.31547871232,"dmean2":0.53380972147,"dvar":0.340934723616,"dvar2":0.88068985939,"max":9.5530500412,"mean":0.569400906563,"median":0.172053992748,"min":0,"var":0.900926887989},"zerocrossingrate":{"dmean":0.0187314413488,"dmean2":0.0248361378908,"dvar":0.000277738348814,"dvar2":0.000493150728289,"max":0.5185546875,"mean":0.105383701622,"median":0.103515625,"min":0.00439453125,"var":0.00214837281965}},"metadata":{"audio_properties":{"analysis_sample_rate":44100,"bit_rate":804318,"codec":"alac","downmix":"mix","equal_loudness":0,"length":310.839996338,"lossless":true,"md5_encoded":"bf2dc36becd1e8f45dae042018a16f9d","replay_gain":-7.05756187439,"sample_rate":44100},"tags":{"album":["Dance Hall at Louse Point"],"albumartistsort":["Parish, John & Harvey, PJ"],"artist":["John Parish & PJ Harvey"],"artistsort":["Parish, John & Harvey, PJ"],"asin":["B000001E9Y"],"barcode":["731452427823"],"catalognumber":["314-524 278-2"],"date":["1996-09-24"],"file_name":"02 - Rope Bridge Crossing.m4a","label":["Island Records"],"media":["CD"],"musicbrainz_albumartistid":["4ae92e70-3690-473b-8fbc-49749565669f","e795e03d-b5d5-4a5f-834d-162cfb308a2c"],"musicbrainz_albumid":["c9167f5e-d288-44ec-91cf-34d4abfb1fd3"],"musicbrainz_artistid":["4ae92e70-3690-473b-8fbc-49749565669f","e795e03d-b5d5-4a5f-834d-162cfb308a2c"],"musicbrainz_recordingid":["dad0cd2c-2d2a-4359-8a68-be049b815f4f"],"musicbrainz_releasegroupid":["a2bd8b47-4f79-3274-8d36-334f168831c3"],"script":["Latn"],"title":["Rope Bridge Crossing"],"tracknumber":["2/12"]},"version":{"essentia":"2.1-beta1","essentia_build_sha":"ca57ba49d9b1854bd80e60cf9ccf267278fb7d6b","essentia_git_sha":"v2.1_beta1-28-g21ef5f4-dirty","extractor":"music 1.0"}},"rhythm":{"beats_count":443,"beats_loudness":{"dmean":0.0174722354859,"dmean2":0.0303978752345,"dvar":0.000369618122932,"dvar2":0.00106030423194,"max":0.151461362839,"mean":0.0274052657187,"median":0.0171422362328,"min":0.00000115008356261,"var":0.000807367963716},"beats_loudness_band_ratio":{"dmean":[0.211943909526,0.127309516072,0.117527335882,0.0804087147117,0.0680887848139,0.0568574965],"dmean2":[0.364651501179,0.224654525518,0.202366605401,0.138866111636,0.124197751284,0.107372269034],"dvar":[0.0240149274468,0.0162031967193,0.0151300635189,0.00775037892163,0.004172