{"lowlevel":{"average_loudness":0.959086537361,"barkbands":{"dmean":[0.0000843585730763,0.00142689596396,0.00348492735066,0.00336842006072,0.00332427211106,0.00112055742647,0.000748066115193,0.000816609070171,0.00109619891737,0.000596637255512,0.000507919176016,0.000259619846474,0.000248006428592,0.000348783360096,0.000354934774805,0.000230139616178,0.000308487331495,0.000151113112224,0.000137986222398,0.0000923319312278,0.000097373042081,0.0000622231164016,0.0000421215336246,0.0000248229553108,0.0000243069571297,0.0000105986709968,0.00000241519660449],"dmean2":[0.000125530699734,0.00244188751094,0.00649898918346,0.00598953990266,0.00548753561452,0.00188245705795,0.00116328743752,0.00122116773855,0.0016743359156,0.000970190449152,0.000794555817265,0.000421405246016,0.000404764839914,0.000568485760596,0.000579558836762,0.000386896746932,0.000521664042026,0.000256750296103,0.000228857199545,0.000147239014041,0.000152000458911,0.0000912715186132,0.000057896522776,0.0000332168419845,0.0000331055562128,0.0000158350194397,0.00000373555076294],"dvar":[3.71566919455e-8,0.00000888701288204,0.0000898518119357,0.0000367429274775,0.0000386457286368,0.00000373807984033,0.00000171823057826,0.00000607511856288,0.00000425140524385,0.00000335606591761,0.00000254440055869,0.00000103733850665,7.20304456081e-7,6.49888590942e-7,6.14532666532e-7,1.18452177844e-7,1.3632235607e-7,2.30711982852e-8,1.93835116846e-8,1.39791787035e-8,1.43851082157e-8,1.06601865113e-8,1.09064943743e-8,5.99055383077e-9,4.67768224155e-9,5.29253862958e-10,2.50693979464e-11],"dvar2":[7.85117748592e-8,0.0000239715191128,0.000256400904618,0.000105886036181,0.0000990681292024,0.0000101539490061,0.00000382477173844,0.0000116508981591,0.00000962457670539,0.00000996622657112,0.00000617528849034,0.00000262913977167,0.00000181838129265,0.00000164857215168,0.00000157622264396,3.2220091839e-7,3.66784036032e-7,6.50724345519e-8,5.14109608218e-8,3.12055199458e-8,3.0748104507e-8,1.9718918054e-8,1.89867375155e-8,1.02456816364e-8,8.04129474119e-9,1.10449083213e-9,5.5930034909e-11],"max":[0.00200062710792,0.0264447294176,0.0780527442694,0.0694359317422,0.0698083341122,0.0277009662241,0.0377241298556,0.0586863979697,0.0558860823512,0.0652688592672,0.0347095541656,0.0447348430753,0.0325578376651,0.0202724207193,0.0227554123849,0.00807128846645,0.00982197467238,0.0021003773436,0.00231168465689,0.00222599622793,0.00262256362475,0.00410770019516,0.00486028846353,0.00298215914518,0.00206459802575,0.000563179317396,0.000100346027466],"mean":[0.0000845284084789,0.0018333545886,0.00302839488722,0.00476047163829,0.00622772751376,0.00182367512025,0.00144681287929,0.00124930310994,0.00228783185594,0.000997724593617,0.000827096344437,0.000411415414419,0.000382353260648,0.00063565041637,0.00070208060788,0.000487600744236,0.000783247873187,0.000408560532378,0.000418443582021,0.00026063239784,0.000318120204611,0.000170083119883,0.0000966992374742,0.000056669661717,0.0000484415868414,0.0000180984625331,0.00000368685368812],"median":[0.0000131545166369,0.000858336745296,0.00106875388883,0.00314986915328,0.00450678821653,0.00108633970376,0.000732838758267,0.000372478098143,0.00133036042098,0.000439360417658,0.000214565341594,0.000174932763912,0.0000910694798222,0.000338224665029,0.00042632460827,0.000394207047066,0.000696068513207,0.000384565792046,0.000395375565859,0.000224098155741,0.000280697131529,0.000113786139991,0.0000432905508205,0.0000260045726463,0.0000216971784539,0.00000770167662267,0.00000136671656037],"min":[1.13420409357e-23,4.17776791101e-23,1.85915819357e-23,5.33805214054e-24,3.20757975365e-23,7.861756227e-23,8.07479789633e-23,3.73239976311e-23,1.27869203052e-22,1.22336296746e-22,1.3773240037e-22,4.20615743726e-23,5.74668193167e-23,1.30731884614e-22,1.2191395955e-22,9.37684185048e-23,1.60410750378e-22,3.15016822402e-22,2.70591154959e-22,4.94011557985e-22,4.61866725653e-22,5.31681647828e-22,5.81221102934e-22,8.51891724585e-22,1.39978043767e-21,1.68780256611e-21,2.37134243731e-21],"var":[4.25110364688e-8,0.00000853599703987,0.0000550183394807,0.0000317714911944,0.0000441874399257,0.00000505379603055,0.00000489011335958,0.0000118053958431,0.0000109822040031,0.00000602533600613,0.00000615762382949,0.00000161502839546,0.00000172377133367,0.00000130172861645,0.00000138697873808,2.10044916571e-7,2.99384112168e-7,4.95555987357e-8,5.06803417011e-8,3.37772583237e-8,4.20272563417e-8,3.47998359018e-8,3.23921405254e-8,1.77125834e-8,1.32551853937e-8,1.26976729131e-9,4.67447434926e-11]},"barkbands_crest":{"dmean":2.11612296104,"dmean2":3.51335930824,"dvar":4.00830793381,"dvar2":11.0732584,"max":26.2017021179,"mean":8.70315170288,"median":8.21098327637,"min":2.74357533455,"var":8.49760437012},"barkbands_flatness_db":{"dmean":0.0169095825404,"dmean2":0.0274100098759,"dvar":0.000330041802954,"dvar2":0.000913228199352,"max":0.471349865198,"mean":0.123549215496,"median":0.105178073049,"min":0.0298172142357,"var":0.00529256975278},"barkbands_kurtosis":{"dmean":1.80497419834,"dmean2":3.03244972229,"dvar":11.2935552597,"dvar2":30.4014148712,"max":138.242279053,"mean":1.93452858925,"median":0.87454020977,"min":-1.73262882233,"var":24.4971866608},"barkbands_skewness":{"dmean":0.4354557693,"dmean2":0.713336825371,"dvar":0.276403784752,"dvar2":0.747262120247,"max":11.7762756348,"mean":1.29725980759,"median":1.27690005302,"min":-1.92433059216,"var":0.659408152103},"barkbands_spread":{"dmean":4.59589576721,"dmean2":7.31524610519,"dvar":27.2142372131,"dvar2":66.733291626,"max":130.38130188,"mean":23.4365577698,"median":23.4347991943,"min":0.715616464615,"var":98.0348892212},"dissonance":{"dmean":0.0136727029458,"dmean2":0.0229115430266,"dvar":0.000254311249591,"dvar2":0.000604451983236,"max":0.500000119209,"mean":0.464756608009,"median":0.478253662586,"min":0.10774217546,"var":0.00263209384866},"dynamic_complexity":2.52611327171,"erbbands":{"dmean":[0.0339099243283,0.405347943306,2.9356174469,8.85557937622,12.6283254623,9.99461841583,9.71967124939,8.28853130341,10.7268209457,12.9228487015,18.813835144,26.5771522522,16.0262680054,21.8394489288,15.4109869003,11.0619745255,10.6934709549,14.8838376999,19.1356506348,13.2568645477,13.5293064117,15.8109550476,9.52070140839,7.26150178909,6.22288131714,4.18846845627,3.92732334137,4.28128623962,2.4204480648,1.75775945187,1.13458895683,0.627335011959,0.376613765955,0.266752243042,0.172654420137,0.0754317641258,0.0145171983168,0.00287713040598,0.000401887285989,0.0000317904159601],"dmean2":[0.055014219135,0.725571453571,5.42262792587,16.0735206604,21.063079834,16.8808326721,16.068561554,14.0346403122,16.4953250885,20.0456676483,28.1869392395,40.0524597168,25.9599895477,34.8837165833,24.4817295074,17.7625999451,17.3913822174,24.2415466309,31.4028816223,21.4760379791,22.630241394,26.7146701813,16.0932807922,12.2465524673,10.3808574677,6.66439819336,6.20828962326,6.8611907959,3.63431334496,2.49453139305,1.56353497505,0.842811107635,0.517490148544,0.364216029644,0.244810938835,0.113085210323,0.0212665274739,0.00439311284572,0.000617970712483,0.0000493585357617],"dvar":[0.00521945767105,0.801925718784,60.3492584229,390.170349121,542.232421875,278.79800415,241.817672729,212.01713562,394.832702637,794.108764648,3762.5,2753.62817383,1068.77929688,4674.65722656,2118.32568359,1288.88269043,1245.16589355,1111.55151367,1386.93945312,856.40447998,379.098266602,354.682037354,99.3851394653,53.0500411987,54.0270004272,29.7535190582,24.8060855865,25.7388706207,14.2710256577,12.9382228851,8.89295959473,3.4174311161,1.3649096489,0.844313323498,0.177116602659,0.0298552438617,0.000910289993044,0.000031583753298,7.30472947907e-7,2.91257018503e-9],"dvar2":[0.0123865008354,2.2919754982,171.941940308,1124.97753906,1355.01403809,768.344299316,663.826721191,592.190246582,858.479309082,1713.49731445,7528.83789062,6008.34667969,2809.21264648,13498.3427734,5102.55712891,3262.73779297,3012.1171875,2704.8125,3552.41137695,2219.56274414,1020.72924805,958.175598145,277.155151367,142.910964966,137.031616211,65.0645828247,53.9609107971,58.9668045044,27.3320922852,23.5506439209,15.5216398239,5.61845350266,2.43722438812,1.44168114662,0.333922535181,0.0631005391479,0.00173814047594,0.0000668806169415,0.00000164685582149,6.64967059194e-9],"max":[0.681444764137,7.27781057358,61.6212234497,187.561645508,261.794006348,205.353378296,219.07963562,173.414077759,614.406738281,747.187866211,1580.66149902,1740.63269043,839.63458252,2362.78808594,1022.93756104,1124.51818848,1554.14147949,928.180053711,823.635559082,871.397705078,542.798706055,472.427825928,189.047637939,123.492233276,171.212127686,119.58895874,120.97593689,92.096282959,137.525817871,147.548141479,138.43572998,68.2210235596,43.6791152954,31.9619140625,12.3700551987,3.57796430588,0.904461562634,0.1365968436,0.0151329478249,0.00104864186142],"mean":[0.0423590131104,0.475299417973,2.79331898689,10.8618745804,20.5359573364,19.6441249847,15.9617977142,14.0549001694,21.0815830231,22.5361976624,31.9733695984,55.9628181458,30.0535564423,38.6160621643,27.1908359528,18.8893013,18.2774600983,27.8288631439,38.8283729553,28.2675762177,32.981174469,41.9315223694,27.581823349,21.6820335388,17.6079730988,12.3277254105,12.4539203644,12.3589801788,6.85043334961,4.38534784317,2.55260109901,1.38161325455,0.870566964149,0.568927109241,0.313814789057,0.122288733721,0.025786774233,0.00488225929439,0.000629471614957,0.0000710946042091],"median":[0.0156939849257,0.227496474981,1.11125922203,6.84268712997,14.4298286438,13.5034828186,10.3783607483,8.67429542542,10.0260267258,11.1593475342,12.160610199,31.5172576904,17.6022586823,13.820728302,9.10476112366,8.1100358963,5.46668148041,14.3691806793,24.8038272858,17.4506072998,27.8347854614,37.9761734009,25.7893600464,20.7010993958,15.6928291321,10.5841827393,11.0088148117,10.7757368088,4.97699832916,2.37502741814,1.12859416008,0.582720816135,0.417553603649,0.258374214172,0.131570965052,0.049675386399,0.010973919183,0.00201491615735,0.000248441181611,0.0000488129735459],"min":[6.67217392433e-22,1.1281116659e-20,2.81948486133e-20,1.38841926544e-20,4.95042458077e-20,1.55986708461e-19,1.96288951232e-19,8.19119530689e-19,8.41446324493e-19,1.82709328741e-18,8.09944133141e-19,3.10182038398e-18,2.81521098713e-18,4.86577414806e-18,4.43357889544e-18,2.05127846537e-18,3.06868993929e-18,6.55229615538e-18,7.41198496601e-18,4.58759330806e-18,6.18432775502e-18,9.31844519922e-18,1.48709504821e-17,1.41635406591e-17,1.63688670379e-17,2.44346638319e-17,1.84866346945e-17,2.00377158027e-17,1.72126557828e-17,1.67133861087e-17,1.68818282056e-17,1.75987969277e-17,1.32093572169e-17,1.37488899073e-17,1.1116937683e-17,5.3992651113e-18,3.14360044954e-18,1.32078668442e-18,2.72825440071e-19,4.01332297392e-20],"var":[0.00563997495919,0.645654976368,38.5314674377,264.998931885,576.329772949,389.541259766,315.495117188,289.006835938,1226.59887695,1569.14355469,7199.61181641,7445.75634766,1893.5,9573.5390625,5091.26806641,2137.23803711,3424.36279297,2387.24707031,3253.58349609,1679.15319824,765.296875,774.538574219,230.836914062,125.890014648,125.414459229,73.5758056641,66.6949615479,67.7700500488,44.1228294373,40.9667320251,26.0206737518,10.2127161026,3.91249585152,2.23305821419,0.475057572126,0.0633064433932,0.00264746393077,0.0000777009990998,0.00000132423497234,5.57041124338e-9]},"erbbands_crest":{"dmean":1.94860208035,"dmean2":3.11661434174,"dvar":4.47429990768,"dvar2":11.0375957489,"max":29.1185932159,"mean":7.81376361847,"median":6.19256210327,"min":2.50478672981,"var":20.9716510773},"erbbands_flatness_db":{"dmean":0.012038054876,"dmean2":0.0171369519085,"dvar":0.000135236143251,"dvar2":0.000269772717729,"max":0.43336096406,"mean":0.154993966222,"median":0.141129329801,"min":0.0198668371886,"var":0.00344277732074},"erbbands_kurtosis":{"dmean":0.49604794383,"dmean2":0.735381603241,"dvar":0.689473390579,"dvar2":1.27962553501,"max":57.4940223694,"mean":0.361724734306,"median":-0.847677826881,"min":-1.61132991314,"var":22.5526294708},"erbbands_skewness":{"dmean":0.25024920702,"dmean2":0.388331800699,"dvar":0.0521695613861,"dvar2":0.125948861241,"max":4.07511377335,"mean":0.0836886689067,"median":0.0066393064335,"min":-1.96072041988,"var":0.408601135015},"erbbands_spread":{"dmean":6.2498960495,"dmean2":9.81625366211,"dvar":38.5547561646,"dvar2":92.4160614014,"max":117.416069031,"mean":42.8060264587,"median":45.0617828369,"min":0.952159285545,"var":263.929138184},"gfcc":{"cov":[[14240.9482422,-2217.46142578,-2365.68554688,589.692382812,-390.709411621,822.953796387,-124.01789093,284.748443604,-557.614746094,-129.818588257,-704.636352539,-266.694458008,-310.0362854],[-2217.46142578,1317.71960449,121.22063446,-114.319007874,113.088401794,-313.296051025,164.278823853,-142.324417114,168.725387573,-38.6450042725,165.433502197,6.81485557556,152.471618652],[-2365.68554688,121.22063446,1016.36779785,-163.74067688,18.4076728821,-81.3202896118,-110.078514099,13.1603288651,78.7212753296,76.9623565674,144.048431396,111.535308838,-5.36820268631],[589.692382812,-114.319007874,-163.74067688,289.345458984,36.4861679077,40.5145988464,5.35201358795,23.1392669678,9.76954650879,-15.6884565353,-40.4331855774,-35.0472221375,4.96786165237],[-390.709411621,113.088401794,18.4076728821,36.4861679077,170.493331909,-0.105160064995,59.2242774963,-9.93882083893,15.7669849396,19.4064674377,-1.09556818008,4.83891057968,27.0742149353],[822.953796387,-313.296051025,-81.3202896118,40.5145988464,-0.105160064995,204.292648315,11.998714447,46.8312149048,-62.8507232666,-8.05421066284,-43.7132987976,-15.1181659698,-49.1386833191],[-124.01789093,164.278823853,-110.078514099,5.35201358795,59.2242774963,11.998714447,123.573020935,1.6258648634,15.7477388382,-21.7121219635,-0.488943636417,-10.9991340637,15.0349225998],[284.748443604,-142.324417114,13.1603288651,23.1392669678,-9.93882083893,46.8312149048,1.6258648634,80.4249420166,5.2560915947,9.62474060059,-33.0282974243,-10.8033876419,-22.6271190643],[-557.614746094,168.725387573,78.7212753296,9.76954650879,15.7669849396,-62.8507232666,15.7477388382,5.2560915947,85.1334686279,19.32380867,27.9377403259,-6.95834159851,16.1274280548],[-129.818588257,-38.6450042725,76.9623565674,-15.6884565353,19.4064674377,-8.05421066284,-21.7121219635,9.62474060059,19.32380867,56.5372810364,17.7731990814,12.958313942,-12.9378547668],[-704.636352539,165.433502197,144.048431396,-40.4331855774,-1.09556818008,-43.7132987976,-0.488943636417,-33.0282974243,27.9377403259,17.7731990814,88.2978973389,38.2745246887,18.6620616913],[-266.694458008,6.81485557556,111.535308838,-35.0472221375,4.83891057968,-15.1181659698,-10.9991340637,-10.8033876419,-6.95834159851,12.958313942,38.2745246887,61.317565918,15.1756858826],[-310.0362854,152.471618652,-5.36820268631,4.96786165237,27.0742149353,-49.1386833191,15.0349225998,-22.6271190643,16.1274280548,-12.9378547668,18.6620616913,15.1756858826,62.0581817627]],"icov":[[0.000301307823975,-0.000316209858283,0.00054639368318,-0.000368650915334,0.000673913629726,-0.00069472566247,0.000557017454412,-0.000380552315619,0.000913810566999,-0.00091616564896,0.00163652899209,-0.000909104477614,0.00054286950035],[-0.000316209858283,0.0038630340714,-0.000740805757232,0.00144816073589,-0.00186743540689,0.00358590297401,-0.003708435921,0.00223424634896,-0.00346711161546,0.00400254223496,-0.00634911982343,0.00469243805856,-0.00338646001182],[0.00054639368318,-0.000740805757232,0.00335699506104,0.00042142655002,-0.000852877623402,-0.00141404476017,0.00450927438214,-0.00297940173186,-0.000792303530034,0.000673637608998,0.0000150858841153,-0.00446588452905,0.00331399589777],[-0.000368650915334,0.00144816073589,0.00042142655002,0.00562910921872,-0.00356322014704,0.000464545330033,0.00141296291258,-0.000599690247327,-0.00487743178383,0.00508023425937,-0.00403663702309,0.00249958829954,-0.00152322615031],[0.000673913629726,-0.00186743540689,-0.000852877623402,-0.00356322014704,0.0141025623307,-0.00352670694701,-0.00661958986893,0.00385824660771,0.00521170906723,-0.0141966501251,0.0117603158578,-0.0023366692476,-0.00504740234464],[-0.00069472566247,0.00358590297401,-0.00141404476017,0.000464545330033,-0.00352670694701,0.0137067930773,-0.00561890006065,-0.00277219107375,0.00374998664483,0.00495047355071,-0.00937028042972,0.00640874635428,0.00161001924425],[0.000557017454412,-0.003708435921,0.00450927438214,0.00141296291258,-0.00661958986893,-0.00561890006065,0.0218584872782,-0.00733084278181,-0.00371004268527,0.00850533600897,0.000142523931572,-0.00683508859947,0.00700720027089],[-0.000380552315619,0.00223424634896,-0.00297940173186,-0.000599690247327,0.00385824660771,-0.00277219107375,-0.00733084278181,0.0251181013882,-0.00875886715949,-0.00474644266069,0.00965204183012,-0.000197323752218,-0.00211179582402],[0.000913810566999,-0.00346711161546,-0.000792303530034,-0.00487743178383,0.00521170906723,0.00374998664483,-0.00371004268527,-0.00875886715949,0.0334350802004,-0.0160181410611,0.000965603627264,0.00853800866753,-0.00260023842566],[-0.00091616564896,0.00400254223496,0.000673637608998,0.00508023425937,-0.0141966501251,0.00495047355071,0.00850533600897,-0.00474644266069,-0.0160181410611,0.0423754714429,-0.0178656745702,-0.00191635999363,0.0104011856019],[0.00163652899209,-0.00634911982343,0.0000150858841153,-0.00403663702309,0.0117603158578,-0.00937028042972,0.000142523931572,0.00965204183012,0.000965603627264,-0.0178656745702,0.045435488224,-0.0211334582418,0.00256319902837],[-0.000909104477614,0.00469243805856,-0.00446588452905,0.00249958829954,-0.0023366692476,0.00640874635428,-0.00683508859947,-0.000197323752218,0.00853800866753,-0.00191635999363,-0.0211334582418,0.0401834920049,-0.0150687191635],[0.00054286950035,-0.00338646001182,0.00331399589777,-0.00152322615031,-0.00504740234464,0.00161001924425,0.00700720027089,-0.00211179582402,-0.00260023842566,0.0104011856019,0.00256319902837,-0.0150687191635,0.0343223959208]],"mean":[12.6816263199,98.5899887085,-122.054740906,38.9786720276,-55.6817779541,-4.62482643127,-37.2235107422,2.54283452034,-23.625837326,-5.79682064056,-27.7303123474,-4.99358654022,-8.61733722687]},"hfc":{"dmean":4.6159954071,"dmean2":7.01244974136,"dvar":36.5477638245,"dvar2":77.1583404541,"max":115.938659668,"mean":22.3347568512,"median":20.2007980347,"min":1.1832649256e-16,"var":150.212387085},"melbands":{"dmean":[0.000334995856974,0.00120347039774,0.0015863069566,0.000826555769891,0.000331297516823,0.000193117899471,0.000158783077495,0.000143708792166,0.000173998661921,0.000158021473908,0.0000804755472927,0.000090730485681,0.0000649797002552,0.0000290633197437,0.0000322365340253,0.0000188243539014,0.0000321885090671,0.0000328038986481,0.0000223923161684,0.0000152730026457,0.0000180769566214,0.0000178687259904,0.0000154261051648,0.00000710970334694,0.00000686005841999,0.00000532853937329,0.00000360357785212,0.00000338001677846,0.00000290066373054,0.00000254752103501,0.00000283924850919,0.00000149898960444,0.00000140421775541,9.55004338721e-7,7.17603427347e-7,5.64315939755e-7,3.48869718891e-7,2.6044057222e-7,3.00935340647e-7,2.12558731505e-7],"dmean2":[0.000551470904611,0.00221606413834,0.00281603471376,0.00137650419492,0.000546907831449,0.000324141379679,0.000244141148869,0.000221867885557,0.000259805616224,0.000240700377617,0.000130670770886,0.000145339799928,0.000101991732663,0.0000467721802124,0.0000526661642652,0.0000304506193061,0.0000526931689819,0.0000538551612408,0.0000361150632671,0.0000254311671597,0.0000302635580738,0.0000301917461911,0.0000260777123913,0.0000120881513794,0.0000116067803901,0.00000889256261871,0.00000588047623751,0.00000546895262232,0.00000473727823191,0.0000040542026909,0.00000464955519419,0.00000234009689848,0.00000212764757634,0.00000139284975376,0.0000010162966646,7.96892891231e-7,4.84885447349e-7,3.6892382127e-7,4.26544033871e-7,2.96068350281e-7],"dvar":[4.74343465839e-7,0.00000982347501122,0.00000904311582417,0.00000257810438598,2.39813715552e-7,1.12892898585e-7,8.40015630388e-8,1.17650330367e-7,2.70001095259e-7,9.10738506832e-8,2.95158564256e-8,8.67984226716e-8,4.07730915697e-8,1.58142476891e-8,1.1566977598e-8,3.03104297217e-9,4.99548358235e-9,4.39501635086e-9,4.28533164509e-9,6.30264895829e-10,7.62251817221e-10,3.99014793429e-10,3.87692294934e-10,4.98245750213e-11,4.72136323093e-11,3.16992612714e-11,2.34840254881e-11,1.82769337859e-11,1.20133269652e-11,1.06758117971e-11,1.1830077716e-11,5.71865861956e-12,5.39759860071e-12,4.51084482267e-12,3.45457430023e-12,2.28939415169e-12,1.21284384445e-12,5.91245151796e-13,1.07535107121e-12,5.79396719404e-13],"dvar2":[0.00000120395793601,0.0000280891290458,0.0000257691772276,0.0000067467512963,6.69453982027e-7,3.08741419985e-7,1.81501434326e-7,2.3943360361e-7,5.53447421225e-7,2.00503052383e-7,7.82564484325e-8,2.5435946327e-7,9.81262004984e-8,3.98958661663e-8,3.10626724342e-8,7.02954272569e-9,1.23103571781e-8,1.13053397754e-8,1.09014859362e-8,1.71323233378e-9,2.07077577308e-9,1.08495668005e-9,1.06043274162e-9,1.41584188817e-10,1.28871496807e-10,8.33958457847e-11,5.64974768358e-11,4.31725905026e-11,2.84727848937e-11,2.43029311953e-11,2.90271140457e-11,1.22934084787e-11,1.0878070146e-11,8.71842788935e-12,6.27915384618e-12,4.07979552919e-12,2.16719112274e-12,1.13130251694e-12,2.02642178211e-12,1.09472001776e-12],"max":[0.00616044737399,0.024346716702,0.0287856906652,0.0180875416845,0.00682242307812,0.00395490974188,0.00900977198035,0.00982598774135,0.0115907676518,0.0100244339556,0.00447390181944,0.0105686979368,0.0050436258316,0.0064598233439,0.00352925038897,0.00186251488049,0.00183807814028,0.00172659894451,0.00241098785773,0.000653245020658,0.000801772752311,0.000381175108487,0.000543359783478,0.0000963797065197,0.000114437105367,0.000092096728622,0.000141802971484,0.0000834296588437,0.0000838916748762,0.0000580536943744,0.0000559285690542,0.0000815590610728,0.0000753705317038,0.0000852252560435,0.000088648761448,0.0000504807430843,0.000041806295485,0.000029558690585,0.0000431304506492,0.0000297324859275],"mean":[0.000441393407527,0.00118810776621,0.00219013239257,0.00152068934403,0.000609390437603,0.000326836539898,0.000314286153298,0.000242517751758,0.000300554616842,0.000333458534442,0.000140339965583,0.000155280489707,0.000109452623292,0.0000463473552372,0.0000522686714248,0.0000304630339087,0.0000565799709875,0.000064540807216,0.0000437056260125,0.0000316798796121,0.0000404487400374,0.0000435720794485,0.0000362836144632,0.0000182947096619,0.0000175931800186,0.0000145021094795,0.0000087119606178,0.00000847944102134,0.00000811451627669,0.000007124455351,0.00000704937656337,0.0000036529540921,0.00000331513592755,0.00000210350503949,0.00000149242123371,0.00000117131992283,7.09494429429e-7,5.83230701068e-7,6.10903555298e-7,4.28290263699e-7],"median":[0.000192112813238,0.000486949284095,0.00148308672942,0.00111064803787,0.000422903627623,0.000198424473638,0.000152409047587,0.00011334233568,0.000118668554933,0.000192325256648,0.0000753155181883,0.0000529296485183,0.0000303385677398,0.0000198750167328,0.0000174216474988,0.00000789504883869,0.0000283885474346,0.0000404650418204,0.0000247553580266,0.0000240395293076,0.0000331978226313,0.0000391434587073,0.0000315103789035,0.0000171877254616,0.0000165264973475,0.000013278598999,0.00000723247467249,0.00000715113219485,0.00000719934541848,0.00000602653653914,0.00000596859808866,0.00000254794485954,0.00000211651058635,9.78979869615e-7,6.3563504682e-7,4.9440109251e-7,2.8971854249e-7,2.78548128563e-7,2.74890567198e-7,1.89785637872e-7],"min":[1.05060968674e-23,1.55726570054e-23,3.5198378001e-24,7.11906498398e-24,6.99511758083e-24,1.72746054757e-23,1.40221082977e-23,1.76496772817e-23,8.56182294873e-24,1.91019386538e-23,1.52599935633e-23,2.02705792869e-23,1.75474503747e-23,5.64948338186e-24,5.29015013979e-24,6.20074214345e-24,1.31258487134e-23,1.15057942602e-23,7.88012721976e-24,5.95166996224e-24,7.4367495257e-24,1.01065987723e-23,8.78453652607e-24,1.63218145412e-23,1.04943586171e-23,1.14555927299e-23,1.00801443219e-23,1.87405425404e-23,1.42583926492e-23,8.60425104365e-24,1.29119759002e-23,8.92665218473e-24,1.17191708798e-23,8.36824910436e-24,8.74654498487e-24,1.27153002547e-23,9.87605811708e-24,8.3309186286e-24,9.95961584188e-24,1.25779161838e-23],"var":[5.04566003201e-7,0.00000642074110146,0.00000695487506164,0.00000270212603937,3.75035682509e-7,1.65867092505e-7,2.63769550202e-7,2.34178372693e-7,5.30016166067e-7,2.50332988116e-7,4.96987446752e-8,1.729994068e-7,1.03975715149e-7,2.3938206084e-8,2.32269119493e-8,7.59943041828e-9,1.04067563456e-8,9.65853885759e-9,8.86011353174e-9,1.04609165774e-9,1.48081802376e-9,8.32203694845e-10,7.75503494754e-10,1.01104909167e-10,9.79070713392e-11,7.44284842091e-11,4.90252768937e-11,3.88866126799e-11,2.84004000872e-11,2.60026774418e-11,2.55801595184e-11,1.42706358883e-11,1.60392636672e-11,1.24494138956e-11,9.47161706705e-12,6.11655170957e-12,3.33331127457e-12,1.67199392352e-12,2.55698370463e-12,1.33628720068e-12]},"melbands_crest":{"dmean":2.87014055252,"dmean2":4.83033704758,"dvar":6.76645088196,"dvar2":19.2848873138,"max":38.9835929871,"mean":13.1253986359,"median":12.5492286682,"min":1.80415403843,"var":16.923828125},"melbands_flatness_db":{"dmean":0.0207802541554,"dmean2":0.0338400229812,"dvar":0.000574980396777,"dvar2":0.00155407330021,"max":0.593006789684,"mean":0.186439633369,"median":0.164396494627,"min":0.00532800052315,"var":0.00745587376878},"melbands_kurtosis":{"dmean":5.27621078491,"dmean2":9.01993179321,"dvar":484.042510986,"dvar2":1321.19799805,"max":1462.87145996,"mean":8.91472816467,"median":6.85856437683,"min":-1.27913653851,"var":367.947723389},"melbands_skewness":{"dmean":0.621191620827,"dmean2":1.01989817619,"dvar":0.714825987816,"dvar2":1.9023553133,"max":33.3507843018,"mean":2.42722272873,"median":2.44824910164,"min":-1.33046853542,"var":1.53365206718},"melbands_spread":{"dmean":5.89796447754,"dmean2":9.52722358704,"dvar":38.7728233337,"dvar2":97.2991256714,"max":165.352539062,"mean":23.6524238586,"median":23.5584526062,"min":0.423709213734,"var":122.870895386},"mfcc":{"cov":[[9764.27441406,-919.025085449,-1657.2298584,-151.41394043,-213.653930664,239.355209351,79.4899291992,289.922698975,213.07421875,88.7139968872,-38.8934936523,-192.893325806,-329.458282471],[-919.025085449,853.003356934,2.25102448463,85.2857818604,-64.935005188,-58.7713508606,-5.95816516876,-46.4916419983,28.9875202179,-36.0913734436,6.00406122208,12.5455026627,6.78295230865],[-1657.2298584,2.25102448463,803.192749023,-41.3206481934,86.6333999634,-85.0196456909,-59.5977592468,-50.3262786865,-123.536476135,5.8496131897,-6.79909229279,54.2624511719,105.782493591],[-151.41394043,85.2857818604,-41.3206481934,231.739059448,40.800151825,7.64555597305,-18.6652355194,-5.24997806549,48.0044975281,1.69311308861,0.759350538254,0.284823298454,1.01070928574],[-213.653930664,-64.935005188,86.6333999634,40.800151825,109.483268738,24.2366847992,4.93352174759,-12.6390962601,5.49363422394,6.21269798279,0.939015269279,6.38730335236,16.7868728638],[239.355209351,-58.7713508606,-85.0196456909,7.64555597305,24.2366847992,101.407051086,54.4255867004,28.5042610168,9.28133010864,3.86265826225,3.89193224907,-3.09133434296,-5.74711322784],[79.4899291992,-5.95816516876,-59.5977592468,-18.6652355194,4.93352174759,54.4255867004,82.996673584,40.1850357056,13.6826629639,-6.93328857422,2.61518931389,1.5686198473,-3.33505368233],[289.922698975,-46.4916419983,-50.3262786865,-5.24997806549,-12.6390962601,28.5042610168,40.1850357056,74.5713043213,30.0778484344,13.5277233124,-3.57403087616,-6.02126216888,-10.342549324],[213.07421875,28.9875202179,-123.536476135,48.0044975281,5.49363422394,9.28133010864,13.6826629639,30.0778484344,85.9198989868,25.8287792206,8.0564365387,-15.6020898819,-22.0766925812],[88.7139968872,-36.0913734436,5.8496131897,1.69311308861,6.21269798279,3.86265826225,-6.93328857422,13.5277233124,25.8287792206,56.0406036377,22.1064815521,-0.0796954482794,-9.74711418152],[-38.8934936523,6.00406122208,-6.79909229279,0.759350538254,0.939015269279,3.89193224907,2.61518931389,-3.57403087616,8.0564365387,22.1064815521,44.0071105957,18.3726711273,0.807471334934],[-192.893325806,12.5455026627,54.2624511719,0.284823298454,6.38730335236,-3.09133434296,1.5686198473,-6.02126216888,-15.6020898819,-0.0796954482794,18.3726711273,43.5749359131,25.343875885],[-329.458282471,6.78295230865,105.782493591,1.01070928574,16.7868728638,-5.74711322784,-3.33505368233,-10.342549324,-22.0766925812,-9.74711418152,0.807471334934,25.343875885,53.2313766479]],"icov":[[0.000226995980483,0.000159204617376,0.000432820088463,0.000147765967995,-0.00000324328266288,-0.000190794322407,0.000564274843782,-0.000713173940312,0.000259979802649,-0.000161332514836,0.000176841058419,0.0000406341678172,0.000455179280834],[0.000159204617376,0.00174310582224,-0.00013040813792,-0.000594388286117,0.00178686412983,0.000339282181812,-0.000923409766983,0.00150757899974,-0.00164853956085,0.00105992273893,-0.000037028134102,-0.000479689624626,0.000481184804812],[0.000432820088463,-0.00013040813792,0.00389326643199,0.000396308663767,-0.00308526074514,0.00261769001372,0.00101870822255,-0.00303272088058,0.00547472853214,-0.00369811337441,0.00125576998107,0.000422018580139,-0.00294532068074],[0.000147765967995,-0.000594388286117,0.000396308663767,0.00634088646621,-0.00246432097629,-0.00207873457111,0.00442146882415,-0.00110422924627,-0.00396462529898,0.00210404675454,0.000304877059534,-0.00141435337719,0.000107295985799],[-0.00000324328266288,0.00178686412983,-0.00308526074514,-0.00246432097629,0.0163373723626,-0.00557157816365,-0.00266582495533,0.00791749265045,-0.00712802261114,0.000257881038124,0.00193451158702,-0.00114696845412,-0.000844463298563],[-0.000190794322407,0.000339282181812,0.00261769001372,-0.00207873457111,-0.00557157816365,0.0210482347757,-0.0128297097981,-0.00175386166666,0.00752688199282,-0.00531956274062,-0.000787424098235,0.00295798317529,-0.00275042233989],[0.000564274843782,-0.000923409766983,0.00101870822255,0.00442146882415,-0.00266582495533,-0.0128297097981,0.0303833242506,-0.0145645355806,-0.00282841525041,0.0102624623105,-0.00485035218298,-0.00218484993093,0.00185092410538],[-0.000713173940312,0.00150757899974,-0.00303272088058,-0.00110422924627,0.00791749265045,-0.00175386166666,-0.0145645355806,0.0303928032517,-0.0109004704282,-0.00582446344197,0.00853946339339,-0.00378556642681,-0.000166416910361],[0.000259979802649,-0.00164853956085,0.00547472853214,-0.00396462529898,-0.00712802261114,0.00752688199282,-0.00282841525041,-0.0109004704282,0.0306435655802,-0.0128729715943,-0.00223216274753,0.0077973739244,-0.00154653890058],[-0.000161332514836,0.00105992273893,-0.00369811337441,0.00210404675454,0.000257881038124,-0.00531956274062,0.0102624623105,-0.00582446344197,-0.0128729715943,0.0362358763814,-0.0181992985308,0.00175976112951,0.00576560478657],[0.000176841058419,-0.000037028134102,0.00125576998107,0.000304877059534,0.00193451158702,-0.000787424098235,-0.00485035218298,0.00853946339339,-0.00223216274753,-0.0181992985308,0.0422983020544,-0.0209417510778,0.00432885996997],[0.0000406341678172,-0.000479689624626,0.000422018580139,-0.00141435337719,-0.00114696845412,0.00295798317529,-0.00218484993093,-0.00378556642681,0.0077973739244,0.00175976112951,-0.0209417510778,0.0448875315487,-0.0181881096214],[0.000455179280834,0.000481184804812,-0.00294532068074,0.000107295985799,-0.000844463298563,-0.00275042233989,0.00185092410538,-0.000166416910361,-0.00154653890058,0.00576560478657,0.00432885996997,-0.0181881096214,0.0364539064467]],"mean":[-621.598754883,121.110900879,-8.20187282562,39.0195159912,-0.858294606209,-0.234583079815,-9.12672519684,0.550108790398,5.92686605453,-4.15184879303,-4.82806253433,-7.65762615204,-10.4547834396]},"pitch_salience":{"dmean":0.0609256401658,"dmean2":0.100966669619,"dvar":0.00311657600105,"dvar2":0.00885005947202,"max":0.927181482315,"mean":0.615665614605,"median":0.62456035614,"min":0.0475671328604,"var":0.0082732597366},"silence_rate_20dB":{"dmean":0,"dmean2":0,"dvar":0,"dvar2":0,"max":1,"mean":1,"median":1,"min":1,"var":0},"silence_rate_30dB":{"dmean":0,"dmean2":0,"dvar":0,"dvar2":0,"max":1,"mean":1,"median":1,"min":1,"var":0},"silence_rate_60dB":{"dmean":0.00102867430542,"dmean2":0.00205761310644,"dvar":0.00102762551978,"dvar2":0.00231061689556,"max":1,"mean":0.0433273352683,"median":0,"min":0,"var":0.0414496511221},"spectral_centroid":{"dmean":214.520675659,"dmean2":346.897888184,"dvar":53972.9609375,"dvar2":131884.28125,"max":10944.0751953,"mean":1380.25256348,"median":1407.85620117,"min":215.854431152,"var":191571.78125},"spectral_complexity":{"dmean":3.44014406204,"dmean2":5.41203689575,"dvar":9.64364433289,"dvar2":21.0148944855,"max":57,"mean":27.6310100555,"median":28,"min":0,"var":75.5621871948},"spectral_contrast_coeffs":{"dmean":[0.046879645437,0.0440991930664,0.0367992185056,0.0279780961573,0.0169608108699,0.0156401973218],"dmean2":[0.077887378633,0.0720604509115,0.0599547177553,0.0467551089823,0.0289862211794,0.0246447511017],"dvar":[0.00163398648147,0.00131154572591,0.000883692700882,0.000505665375385,0.000168394763023,0.000213027989957],"dvar2":[0.00455663865432,0.00354242301546,0.002422520658,0.00134774600156,0.000491469050758,0.000462472438812],"max":[-0.345258533955,-0.480372607708,-0.521283745766,-0.559430778027,-0.695862412453,-0.552237093449],"mean":[-0.576396465302,-0.733746469021,-0.759283065796,-0.777232408524,-0.806989192963,-0.711604058743],"median":[-0.576798796654,-0.740702390671,-0.7664077878,-0.778800487518,-0.804393947124,-0.708532452583],"min":[-0.995602309704,-0.973171174526,-0.969373226166,-0.98607468605,-0.966733574867,-0.958279967308],"var":[0.00452351057902,0.00446397857741,0.00373913254589,0.0026195042301,0.000748243182898,0.00262126652524]},"spectral_contrast_valleys":{"dmean":[0.378836423159,0.31327611208,0.265497088432,0.217917606235,0.135381102562,0.204870045185],"dmean2":[0.628576338291,0.519480228424,0.434485346079,0.357961893082,0.220137551427,0.265906155109],"dvar":[0.131222710013,0.0853786095977,0.0677573978901,0.0548204928637,0.0342764593661,0.07562276721],"dvar2":[0.314685285091,0.193663313985,0.145550474524,0.10764875263,0.0515438206494,0.110229663551],"max":[-5.31088781357,-4.60127687454,-5.39518213272,-5.86213541031,-5.90834999084,-7.62578630447],"mean":[-7.1670999527,-6.53492927551,-7.14506816864,-7.54721164703,-7.01435899734,-10.3279018402],"median":[-7.06486749649,-6.36491537094,-6.92323493958,-7.3084526062,-6.69456481934,-10.0180263519],"min":[-26.6763916016,-26.8995342255,-27.1874160767,-27.0975990295,-27.2259941101,-27.2434215546],"var":[0.915473043919,1.22333014011,1.45716273785,1.62767422199,1.96860802174,1.9437084198]},"spectral_decrease":{"dmean":2.97010638306e-9,"dmean2":5.07416642037e-9,"dvar":2.4201054792e-17,"dvar2":6.5715820368e-17,"max":6.34891361858e-17,"mean":-7.35071248315e-9,"median":-6.14058315307e-9,"min":-3.81976050789e-8,"var":2.63224438454e-17},"spectral_energy":{"dmean":0.0115346619859,"dmean2":0.0196564849466,"dvar":0.000357334065484,"dvar2":0.000967167783529,"max":0.14795704186,"mean":0.0297690965235,"median":0.0250953752548,"min":1.09196266144e-20,"var":0.00040484269266},"spectral_energyband_high":{"dmean":0.00023092412448,"dmean2":0.000310993578751,"dvar":1.55370187827e-7,"dvar2":2.23458087589e-7,"max":0.0137451468036,"mean":0.000881965272129,"median":0.000678174081258,"min":7.9963994102e-21,"var":6.44892793389e-7},"spectral_energyband_low":{"dmean":0.00630303565413,"dmean2":0.0114388717338,"dvar":0.00025398391881,"dvar2":0.000720170559362,"max":0.122376851737,"mean":0.00725107872859,"median":0.00372673477978,"min":7.29010533213e-23,"var":0.000173880951479},"spectral_energyband_middle_high":{"dmean":0.00160874286667,"dmean2":0.00251736515202,"dvar":0.00000785378142609,"dvar2":0.0000211145088542,"max":0.0689981728792,"mean":0.00599124096334,"median":0.00434366287664,"min":1.58279576378e-21,"var":0.0000292989461741},"spectral_energyband_middle_low":{"dmean":0.00717107020319,"dmean2":0.011818128638,"dvar":0.000105796279968,"dvar2":0.00026133179199,"max":0.111571125686,"mean":0.0180737059563,"median":0.0152290929109,"min":3.70249985221e-22,"var":0.000159860544954},"spectral_entropy":{"dmean":0.0850697606802,"dmean2":0.131937757134,"dvar":0.00686203036457,"dvar2":0.0161509364843,"max":9.81191921234,"mean":7.62097549438,"median":7.75210475922,"min":4.33581161499,"var":0.404516279697},"spectral_flux":{"dmean":0.0262342467904,"dmean2":0.0426128096879,"dvar":0.0014628872741,"dvar2":0.00276946695521,"max":0.321367323399,"mean":0.0870202258229,"median":0.0745096504688,"min":1.04497015208e-10,"var":0.00281695066951},"spectral_kurtosis":{"dmean":1.65216779709,"dmean2":2.83413743973,"dvar":15.4998311996,"dvar2":42.7817497253,"max":198.808914185,"mean":7.06432390213,"median":3.31954956055,"min":-1.1611084938,"var":333.119842529},"spectral_rms":{"dmean":0.000894320895895,"dmean2":0.00148512388114,"dvar":0.00000156343162416,"dvar2":0.00000410127313444,"max":0.0120145054534,"mean":0.00509450817481,"median":0.00494805956259,"min":3.26393838172e-12,"var":0.00000308894800582},"spectral_rolloff":{"dmean":468.268676758,"dmean2":780.925415039,"dvar":417866.15625,"dvar2":921656.75,"max":21705.46875,"mean":1529.78051758,"median":1550.390625,"min":21.533203125,"var":1354249.5},"spectral_skewness":{"dmean":0.176241517067,"dmean2":0.296422481537,"dvar":0.0522282160819,"dvar2":0.15037086606,"max":11.8482704163,"mean":1.5113503933,"median":1.23404800892,"min":-0.00636778725311,"var":1.85381472111},"spectral_spread":{"dmean":306003.46875,"dmean2":431825.65625,"dvar":210522275840,"dvar2":285773987840,"max":40456432,"mean":3963614,"median":3935781,"min":568890.5,"var":1312480034820},"spectral_strongpeak":{"dmean":0.525742590427,"dmean2":0.888764083385,"dvar":0.738765478134,"dvar2":1.8802075386,"max":11.1990566254,"mean":0.939694941044,"median":0.57232093811,"min":0,"var":1.28888952732},"zerocrossingrate":{"dmean":0.0075079286471,"dmean2":0.00940217729658,"dvar":0.000106642291939,"dvar2":0.000128766798298,"max":0.77978515625,"mean":0.0621346980333,"median":0.060546875,"min":0.00732421875,"var":0.00115688110236}},"metadata":{"audio_properties":{"analysis_sample_rate":44100,"bit_rate":0,"codec":"flac","downmix":"mix","equal_loudness":0,"length":180.559997559,"lossless":true,"md5_encoded":"8e5f447d89b70b5f13ed4acbd7204605","replay_gain":-13.1478996277},"tags":{"acoustid_id":["cc9e1887-cc7d-4dfe-9eb0-e1bbf5e0631c"],"album":["Foo Fighters"],"albumartist":["Foo Fighters"],"artist":["Foo Fighters"],"discnumber":["1"],"disctotal":["1"],"file_name":"08 - Foo Fighters - Oh, George.flac","musicbrainz_albumartistid":["67f66c07-6e61-4026-ade5-7e782fad3a5d"],"musicbrainz_albumid":["3264956b-3373-4aac-bb2f-6c3ef00aee32"],"musicbrainz_artistid":["67f66c07-6e61-4026-ade5-7e782fad3a5d"],"musicbrainz_recordingid":["dadf93b2-14f2-4169-afa9-0f8c88d30c14"],"musicbrainz_releasegroupid":["440c9ce8-8ce4-3103-a745-0b385ae70a34"],"replaygain_album_gain":["-7.97 dB"],"replaygain_album_peak":["1.000000"],"replaygain_track_gain":["-8.41 dB"],"replaygain_track_peak":["0.918121"],"title":["Oh, George"],"tracknumber":["8"],"tracktotal":["12"]},"version":{"essentia":"2.1-beta1","essentia_build_sha":"46c2b6830b139c2e69ed9f3e0d9145e1b8fbae31","essentia_git_sha":"v2.1_beta1-6-g5578087","extractor":"music 1.0"}},"rhythm":{"beats_count":376,"beats_loudness":{"dmean":0.0167218074203,"dmean2":0.0300132837147,"dvar":0.000169689621544,"dvar2":0.000553202873562,"max":0.090953849256,"mean":0.0377281159163,"median":0.0354063585401,"min":7.1527244927e-7,"var":0.000311919196974},"beats_loudness_band_ratio":{"dmean":[0.171404480934,0.202892646194,0.104715049267,0.0546457655728,0.0411164462566,0.0412577353418],"dmean2":[0.293106257915,0.384443998337,0.183321505785,0.0977014377713,0.0709553956985,0.0809125080705],"dvar":[0.0155614698306,0.016129815951,0.00935829244554,0.00688208965585,0.0017664124025,0.000930658366997],"dvar2":[0.0507888831198,0.0545272640884,0.0296015944332,0.0178636983037,0.00476765586063,0.00310511258431],"max":[0.871696949005,0.899950802326,0.605533242226,0.585617184639,0.335519880056,0.181901797652],"mean":[0.389552861452,0.31428