{"lowlevel":{"average_loudness":0.409677922726,"barkbands":{"dmean":[3.38660754551e-7,0.000772314961068,0.000594551849645,0.000307415553834,0.000187087527593,0.000146843129187,0.0000720140669728,0.000338280719006,0.00107614672743,0.00181784911547,0.00144048174843,0.000357475277269,0.0000702094403096,0.0000846298135002,0.000101236357295,0.0000530732904735,0.0000532659178134,0.0000112948418973,0.0000218429922825,0.00000287250304609,0.00000155209693276,0.00000119136166177,3.47592674643e-7,4.87816464556e-7,6.44386517479e-8,1.92063343007e-8,2.21453699822e-8],"dmean2":[5.99273164426e-7,0.00128838559613,0.000728328945115,0.000294693454634,0.000299033999909,0.000221462963964,0.000111629560706,0.000415853428422,0.00153944443446,0.00255778548308,0.00169656507205,0.00043419279973,0.000100613702671,0.000114796224807,0.000153698492795,0.0000702205434209,0.0000747221565689,0.0000175543009391,0.0000309783681587,0.00000470035229228,0.00000239908672484,0.00000179746427875,5.81910512665e-7,8.15372402485e-7,1.03951265373e-7,3.22473781011e-8,3.63009498017e-8],"dvar":[2.02331925628e-13,0.00000405441369367,0.00000156020723807,6.05342336257e-7,4.82736879803e-7,3.55263040319e-7,8.90624676231e-8,0.00000293880293611,0.0000335867844115,0.0000685557024553,0.0000415665635956,0.0000118583066069,2.6090745564e-8,1.04526051814e-7,9.78591359058e-8,2.45936391252e-8,3.46907889082e-8,1.55174195715e-9,7.38434025038e-9,1.02749572739e-10,5.03049130129e-11,2.31763167685e-11,3.30010628199e-12,1.03797977158e-11,8.49467116657e-14,4.63114946274e-16,5.13844596518e-16],"dvar2":[5.93745050955e-13,0.0000129327045215,0.00000276959281109,5.36081984137e-7,0.00000127012845041,7.97885377324e-7,2.26034998718e-7,0.00000419789421358,0.0000704494450474,0.000145371843246,0.000070188936661,0.0000199725836865,5.01611090442e-8,1.77087144948e-7,2.16117570062e-7,4.88227165363e-8,6.6782547492e-8,3.21615556409e-9,1.58661723759e-8,2.50608839236e-10,1.22137189251e-10,5.05821148855e-11,8.97616616452e-12,2.80644552736e-11,2.10811687659e-13,1.24715775901e-15,1.3166168959e-15],"max":[0.00000341922032021,0.036346539855,0.0194815918803,0.0233092214912,0.0146258808672,0.0198772475123,0.00677954033017,0.0463732853532,0.133768379688,0.160079702735,0.125591859221,0.117432631552,0.00227937707677,0.00922964513302,0.00377082196064,0.00207291683182,0.00386786670424,0.000708635197952,0.00175986450631,0.000161520321853,0.000124364276417,0.0000845420945552,0.0000358949582733,0.0000606181347393,0.0000052103755479,3.89107526644e-7,3.74323093411e-7],"mean":[3.64228100125e-7,0.00163902807981,0.00164451310411,0.00117038958706,0.000424851954449,0.000415337766754,0.000171476960531,0.00102510093711,0.00214022025466,0.00338198477402,0.002513312269,0.000561299908441,0.000133416935569,0.000177712034201,0.000148029575939,0.000089725930593,0.0000864696630742,0.0000179845410457,0.0000303877186525,0.00000373058560399,0.00000173594162334,0.00000136397113693,4.34840444541e-7,5.43615044535e-7,1.64403928693e-7,1.34884032832e-7,1.8346058539e-7],"median":[1.68625206243e-7,0.0000937914956012,0.000104704362457,0.0000404086604249,0.0000511995713168,0.0000417111659772,0.0000208818782994,0.0000393495211028,0.000149559811689,0.0000296002544928,0.0000263197161985,0.0000293577104458,0.000023427501219,0.0000246251493081,0.0000161508014571,0.0000101604446172,0.00000490272213938,0.00000188563126358,0.00000183992506209,3.06911772441e-7,1.49208247535e-7,8.49631760502e-8,7.49170254721e-8,9.46443137195e-8,1.25356422132e-7,1.67269973872e-7,2.29469037549e-7],"min":[1.39304175834e-11,1.68783220733e-9,4.19442702793e-10,3.02153246867e-10,6.82978951172e-10,4.19728501955e-10,7.78274000801e-10,3.10384662416e-10,1.37766784092e-10,9.09404773708e-11,1.77463495288e-11,3.30826234463e-11,1.04104370957e-10,1.3867103299e-10,1.34284319775e-10,6.74932054689e-11,1.74873213132e-10,9.58356657921e-11,7.19848000652e-11,9.48467415718e-11,1.04175307269e-10,1.47552428609e-10,2.14340906135e-10,1.41025649492e-10,2.5898225231e-10,3.00889674287e-10,9.35647892497e-10],"var":[2.28470101995e-13,0.0000122568862935,0.0000082575943452,0.00000699496285961,7.91284719526e-7,0.00000212763507079,2.95196997513e-7,0.000018272878151,0.000102221834823,0.000158227761858,0.000100043631392,0.0000236316427618,7.79730626732e-8,3.62028714562e-7,1.54590921397e-7,4.93805814017e-8,8.9656644775e-8,2.65895905294e-9,1.03757527015e-8,1.18245746528e-10,4.7273462922e-11,2.7900725133e-11,2.70664805672e-12,8.8287545677e-12,1.12046182337e-13,6.71518953792e-15,1.03262100002e-14]},"barkbands_crest":{"dmean":2.34154272079,"dmean2":3.61435055733,"dvar":5.84009838104,"dvar2":13.7592697144,"max":26.2697715759,"mean":11.4240474701,"median":10.0402479172,"min":2.66055250168,"var":28.4820365906},"barkbands_flatness_db":{"dmean":0.0190173275769,"dmean2":0.027553813532,"dvar":0.00045543172746,"dvar2":0.000885388406459,"max":0.436774432659,"mean":0.199247762561,"median":0.216984122992,"min":0.0156353153288,"var":0.00814341474324},"barkbands_kurtosis":{"dmean":2.28520441055,"dmean2":3.34000873566,"dvar":17.5682315826,"dvar2":36.2045135498,"max":79.2925491333,"mean":3.8938806057,"median":1.41753125191,"min":-1.77258658409,"var":70.0584869385},"barkbands_skewness":{"dmean":0.499757021666,"dmean2":0.740917980671,"dvar":0.391975104809,"dvar2":0.842653393745,"max":4.74611568451,"mean":0.796254038811,"median":0.751209497452,"min":-6.25600576401,"var":1.369561553},"barkbands_spread":{"dmean":3.42875123024,"dmean2":5.0481095314,"dvar":24.5204696655,"dvar2":50.4284515381,"max":110.856369019,"mean":17.5695056915,"median":11.3934412003,"min":0.381391078234,"var":434.491668701},"dissonance":{"dmean":0.0324060320854,"dmean2":0.0550527535379,"dvar":0.00152448681183,"dvar2":0.00408712541685,"max":0.499844014645,"mean":0.44011297822,"median":0.458580434322,"min":0.151214912534,"var":0.00343498005532},"dynamic_complexity":14.2978553772,"erbbands":{"dmean":[0.0060443370603,0.22164298594,0.719080209732,0.922356545925,0.464941799641,0.79823666811,0.992626488209,1.30600523949,0.755132198334,3.3167424202,11.7566547394,21.9571666718,33.0309333801,75.5858306885,45.7940177917,11.4926080704,4.04593896866,3.90445613861,4.35529279709,5.17670488358,2.08906292915,2.22951388359,1.26420593262,1.37337696552,0.461527258158,0.139039546251,0.082290917635,0.0621353685856,0.0446352139115,0.0159246325493,0.0105794090778,0.0132410842925,0.00369412102737,0.000980196520686,0.000343314168276,0.000097670708783,0.0000436584268755,0.000015629826521,0.00000545311877431,0.00000676324225424],"dmean2":[0.0100804250687,0.366019427776,0.990688681602,0.889813184738,0.571190774441,1.34954547882,1.41192984581,1.98919069767,1.17240095139,4.58176898956,13.8443346024,32.6020240784,49.0078315735,100.731391907,51.5437088013,13.5503377914,5.47991943359,5.19047021866,6.50910377502,7.42500782013,2.79678153992,3.13726019859,1.86162805557,1.95393681526,0.66444337368,0.222036629915,0.126373380423,0.0970087051392,0.0682105273008,0.0257421731949,0.0173718165606,0.0218492932618,0.00641981046647,0.0016185696004,0.000546478258912,0.000163866570801,0.0000731364343665,0.0000269750471489,0.00000832554360386,0.00000858023213368],"dvar":[0.000258148327703,0.32911247015,2.66941666603,4.75051307678,1.24608182907,12.5945978165,6.19450902939,40.8579483032,10.3123340607,384.496246338,3320.60742188,10542.5361328,18441.7734375,115076.25,35774.859375,8508.56054688,79.9021224976,273.653076172,174.19480896,465.725494385,29.0757408142,51.1693534851,19.3124980927,35.422039032,1.84464025497,0.221374586225,0.129980534315,0.106334738433,0.0370828546584,0.00425353087485,0.00438979966566,0.00861360970885,0.000537192856427,0.0000188923586393,0.00000128553540435,1.9080406588e-8,2.03989136693e-9,2.77122325087e-10,6.470439462e-11,2.59892607435e-10],"dvar2":[0.000697049836162,1.04129111767,6.14063024521,4.34611701965,2.2614607811,35.4125480652,13.4930267334,83.5637512207,28.5159683228,789.485839844,4799.22265625,24153.3886719,40273.1796875,226003.21875,53658.6523438,15658.4882813,140.338928223,374.339752197,442.279724121,884.706298828,54.2051086426,103.876617432,44.3371963501,75.8149719238,4.12627410889,0.507469832897,0.307974010706,0.260829538107,0.0872037261724,0.0103437695652,0.0124154891819,0.0228611454368,0.00155199796427,0.0000474379085063,0.00000313506075145,5.13935560775e-8,5.62873125887e-9,7.85364329126e-10,1.40327263698e-10,5.0044651756e-10],"max":[0.433717519045,9.87330245972,22.3824214935,53.006942749,24.8111686707,77.4646377563,41.575088501,235.097915649,94.7823867798,551.667602539,1263.19921875,1966.39343262,2551.15844727,5931.63232422,3142.72485352,3003.72436523,112.756500244,539.711181641,165.366119385,355.058624268,101.31426239,125.185157776,73.1565704346,121.83001709,14.7185125351,7.93323230743,5.35183525085,7.90813159943,2.87524867058,0.921591758728,1.45242345333,1.7669249773,0.441310316324,0.0714252516627,0.0196547973901,0.00270344899036,0.00070034887176,0.000231046622503,0.000125477366964,0.000203522577067],"mean":[0.013610242866,0.485687762499,2.00325417519,3.46620059013,1.37071180344,1.68492162228,2.83296132088,3.50722122192,2.10484910011,7.78607368469,34.3352050781,41.3302192688,64.66847229,142.154006958,81.9559326172,19.4685707092,7.64530181885,9.16575241089,7.24243021011,8.17695617676,3.90407514572,3.58248615265,1.97725093365,1.874153018,0.722625672817,0.19380043447,0.0909727960825,0.0724843218923,0.0505261644721,0.0204150788486,0.0125817349181,0.0140505013987,0.00497219711542,0.00207891548052,0.00104824744631,0.000516794272698,0.000259625609033,0.000101520025055,0.0000322444648191,0.0000207807552215],"median":[0.00148228788748,0.0259091239423,0.113990619779,0.134904146194,0.137033909559,0.146500304341,0.264843285084,0.329450517893,0.230872496963,0.630027830601,1.77464222908,3.97414326668,2.55214142799,2.05521297455,2.13186049461,1.29655492306,1.61501729488,1.80643200874,1.12375438213,1.00305783749,0.661351978779,0.374883234501,0.166435226798,0.111193276942,0.0778170228004,0.0195649452507,0.0084874369204,0.00591336190701,0.00356021034531,0.00251564756036,0.00217679305933,0.00188276893459,0.00162154994905,0.00129273929633,0.000935238145757,0.000605695473496,0.000318053935189,0.000127096427605,0.0000353939067281,0.00000748323100197],"min":[6.80737173298e-8,3.08904191115e-7,5.46344267605e-7,7.6567329188e-7,8.46548800837e-7,0.00000362791161024,0.00000228055114349,0.00000485737245981,0.0000109450202217,0.00000883687971509,0.00000664822664476,0.00000320275830745,0.00000306135439132,0.00000149629568114,0.00000127864359456,0.00000142502494782,0.00000464037839265,0.0000061234277382,0.00000827403164294,0.00000503459114043,0.00000390982086174,0.0000112307752715,0.00000619165120952,0.00000382453254133,0.00000347884406438,0.00000470839904665,0.0000020559823497,0.0000061469627326,0.0000055397927099,0.00000433784407505,0.00000628011457593,0.00000504498302689,0.00000195566190087,0.0000029953541798,0.0000015549391037,9.92356376628e-7,5.24109793787e-7,2.58097742289e-7,8.13702385472e-8,1.78766317305e-8],"var":[0.00147215742618,0.99105322361,12.028591156,53.8837966919,7.21710586548,16.6743240356,21.7071838379,278.659240723,43.2404518127,1467.97961426,19707.3476563,22718.6289063,54042.2734375,258029.28125,97983.5546875,15220.9189453,245.526672363,1166.16015625,264.621795654,734.951538086,81.8863525391,116.037727356,35.1858863831,46.6070671082,3.20325660706,0.273024141788,0.125051632524,0.10081294924,0.039361461997,0.00511547317728,0.0030630317051,0.00770553946495,0.000378463068046,0.0000239966593654,0.00000250867583418,1.1931851418e-7,2.52667344824e-8,3.79039954979e-9,5.30558097456e-10,9.25250986938e-10]},"erbbands_crest":{"dmean":2.74520373344,"dmean2":3.96756982803,"dvar":10.5162649155,"dvar2":19.7056941986,"max":33.6267623901,"mean":14.3087911606,"median":12.2395792007,"min":2.05571770668,"var":63.0528869629},"erbbands_flatness_db":{"dmean":0.019464045763,"dmean2":0.025754744187,"dvar":0.000656401272863,"dvar2":0.00106515025254,"max":0.459360182285,"mean":0.236087471247,"median":0.236095622182,"min":0.0307846162468,"var":0.00870126578957},"erbbands_kurtosis":{"dmean":2.31891322136,"dmean2":3.21303343773,"dvar":21.9057636261,"dvar2":44.3837509155,"max":81.6595306396,"mean":3.99596953392,"median":0.857159674168,"min":-1.63531410694,"var":72.2596740723},"erbbands_skewness":{"dmean":0.439509272575,"dmean2":0.624416410923,"dvar":0.295791596174,"dvar2":0.623373508453,"max":6.02569293976,"mean":0.415391176939,"median":0.143378481269,"min":-3.23927116394,"var":1.59571039677},"erbbands_spread":{"dmean":4.02166223526,"dmean2":5.55446386337,"dvar":24.9172229767,"dvar2":45.7811698914,"max":97.6050338745,"mean":19.9934902191,"median":16.3318328857,"min":0.816800355911,"var":271.5418396},"gfcc":{"cov":[[22548.3691406,7987.67041016,-2677.95019531,-88.6229248047,1185.97949219,-0.81542044878,855.080871582,442.821960449,-109.528587341,-1073.17663574,-282.257476807,-215.121917725,291.73348999],[7987.67041016,3801.63842773,-303.20199585,-257.948425293,686.620544434,-56.9589233398,139.437835693,63.2557449341,-112.635215759,-393.671722412,-97.675453186,-43.1657867432,74.9523086548],[-2677.95019531,-303.20199585,1428.09729004,75.5802764893,138.049362183,155.262161255,-192.616622925,-124.788246155,-50.2732467651,92.580116272,-23.279176712,75.5274734497,-19.684381485],[-88.6229248047,-257.948425293,75.5802764893,312.665405273,25.5481090546,36.4614639282,33.3074569702,-2.22200942039,-12.4264354706,-16.8770751953,6.6615447998,20.249288559,39.6365127563],[1185.97949219,686.620544434,138.049362183,25.5481090546,361.950317383,91.9475097656,22.152967453,12.9446878433,-46.9021110535,-97.4275131226,-49.8213195801,36.2002220154,58.7667541504],[-0.81542044878,-56.9589233398,155.262161255,36.4614639282,91.9475097656,224.674102783,69.4429092407,-26.6143035889,-33.3577270508,-36.4051475525,-35.687210083,40.4484214783,58.2586936951],[855.080871582,139.437835693,-192.616622925,33.3074569702,22.152967453,69.4429092407,258.836456299,75.369430542,-15.9653091431,-96.7897262573,-56.5987586975,-15.8385658264,58.5948295593],[442.821960449,63.2557449341,-124.788246155,-2.22200942039,12.9446878433,-26.6143035889,75.369430542,152.09463501,83.8603439331,-18.4089260101,-43.3994522095,-59.4956245422,-22.6337337494],[-109.528587341,-112.635215759,-50.2732467651,-12.4264354706,-46.9021110535,-33.3577270508,-15.9653091431,83.8603439331,135.565475464,51.6586647034,-23.1601257324,-46.4003181458,-41.550945282],[-1073.17663574,-393.671722412,92.580116272,-16.8770751953,-97.4275131226,-36.4051475525,-96.7897262573,-18.4089260101,51.6586647034,169.380340576,54.6329803467,-27.5305156708,-68.790802002],[-282.257476807,-97.675453186,-23.279176712,6.6615447998,-49.8213195801,-35.687210083,-56.5987586975,-43.3994522095,-23.1601257324,54.6329803467,115.302139282,24.9007072449,-43.3515701294],[-215.121917725,-43.1657867432,75.5274734497,20.249288559,36.2002220154,40.4484214783,-15.8385658264,-59.4956245422,-46.4003181458,-27.5305156708,24.9007072449,112.918067932,68.1593399048],[291.73348999,74.9523086548,-19.684381485,39.6365127563,58.7667541504,58.2586936951,58.5948295593,-22.6337337494,-41.550945282,-68.790802002,-43.3515701294,68.1593399048,135.402984619]],"icov":[[0.00105801830068,-0.0025266376324,0.00160595367197,-0.00211697421037,0.00152316433378,-0.00213574804366,0.00019591639284,-0.00129229878075,0.000125978476717,-0.0000707798462827,0.000790285062976,-0.000391994253732,0.000382329337299],[-0.0025266376324,0.00676734605804,-0.00383731164038,0.00578104937449,-0.00515023106709,0.00584561238065,-0.000772200757638,0.00393138173968,-0.000951145368163,0.00172395375557,-0.00288146804087,0.00229394459166,-0.00133427244145],[0.00160595367197,-0.00383731164038,0.00358682824299,-0.00361301074736,0.0020222174935,-0.00396287953481,0.00106503383722,-0.00189278519247,0.00100136804394,-0.00113267090637,0.00295160338283,-0.00191965152044,0.00193638692144],[-0.00211697421037,0.00578104937449,-0.00361301074736,0.00853514112532,-0.00458383001387,0.00485305907205,-0.0011701710755,0.00327907619067,-0.0014471183531,0.0020638438873,-0.00442150514573,0.00309914140962,-0.00307804532349],[0.00152316433378,-0.00515023106709,0.0020222174935,-0.00458383001387,0.00945198442787,-0.0060288766399,0.00242292322218,-0.0059459451586,0.00321838352829,-0.00136724696495,0.00365099334158,-0.00365392747335,0.000955499825068],[-0.00213574804366,0.00584561238065,-0.00396287953481,0.00485305907205,-0.0060288766399,0.0121386097744,-0.00385899958201,0.00599697884172,-0.00190746679436,0.000805845309515,-0.00139410956763,0.000841538188979,-0.00161064777058],[0.00019591639284,-0.000772200757638,0.00106503383722,-0.0011701710755,0.00242292322218,-0.00385899958201,0.00872176792473,-0.00613476708531,0.00390117405914,0.00148781458847,0.00104738795199,0.00108015711885,-0.00194362632465],[-0.00129229878075,0.00393138173968,-0.00189278519247,0.00327907619067,-0.0059459451586,0.00599697884172,-0.00613476708531,0.0209147948772,-0.0123158227652,0.00445707002655,-0.001913565211,0.0057944310829,0.000479865062516],[0.000125978476717,-0.000951145368163,0.00100136804394,-0.0014471183531,0.00321838352829,-0.00190746679436,0.00390117405914,-0.0123158227652,0.0192388761789,-0.00743022188544,0.00732940528542,-0.00421762373298,0.00309988413937],[-0.0000707798462827,0.00172395375557,-0.00113267090637,0.0020638438873,-0.00136724696495,0.000805845309515,0.00148781458847,0.00445707002655,-0.00743022188544,0.0166119970381,-0.00853777956218,0.00742394151166,-0.00153378548566],[0.000790285062976,-0.00288146804087,0.00295160338283,-0.00442150514573,0.00365099334158,-0.00139410956763,0.00104738795199,-0.001913565211,0.00732940528542,-0.00853777956218,0.0229443293065,-0.0136851863936,0.0120043288916],[-0.000391994253732,0.00229394459166,-0.00191965152044,0.00309914140962,-0.00365392747335,0.000841538188979,0.00108015711885,0.0057944310829,-0.00421762373298,0.00742394151166,-0.0136851863936,0.0258055329323,-0.0147807244211],[0.000382329337299,-0.00133427244145,0.00193638692144,-0.00307804532349,0.000955499825068,-0.00161064777058,-0.00194362632465,0.000479865062516,0.00309988413937,-0.00153378548566,0.0120043288916,-0.0147807244211,0.0211381018162]],"mean":[-212.405990601,121.403244019,-115.160552979,-18.5581378937,-25.5098972321,7.03647232056,-21.2198257446,6.07817077637,-16.2688941956,-8.07801628113,-17.728767395,-7.36336135864,-11.0447368622]},"hfc":{"dmean":4.60166025162,"dmean2":5.60953569412,"dvar":152.556289673,"dvar2":290.24697876,"max":155.658462524,"mean":10.2311725616,"median":2.0457675457,"min":0.0000364272600564,"var":400.903076172},"melbands":{"dmean":[0.000132632572786,0.000354511721525,0.000139704934554,0.000036442597775,0.0000367282664229,0.0000281154207187,0.0000123846057249,0.0000397284529754,0.000119035939861,0.000139933050377,0.000169210135937,0.000313770899083,0.00016614436754,0.0000678539145156,0.00000970565815805,0.00000872251257533,0.00000707296385372,0.00000688703312335,0.00000713873396307,0.00000589828641751,0.00000204030311579,0.00000219345702135,0.00000255270992966,5.48487150809e-7,0.00000129111106162,4.50264309393e-7,1.49270249494e-7,8.32316402466e-8,5.91411577489e-8,3.04724707689e-8,3.98569213189e-8,3.26301190512e-8,1.08097442109e-8,8.15455436509e-9,6.67949295874e-9,6.82853729117e-9,8.76055850085e-9,3.30850835617e-9,1.21996879265e-9,7.52876205823e-10],"dmean2":[0.000221492780838,0.000532067788299,0.000136793227284,0.0000589521623624,0.000053750576626,0.00004319038635,0.0000195651246031,0.0000527301453985,0.000148361054016,0.000207114004297,0.000252142403042,0.000424585916335,0.000192548293853,0.0000781481940066,0.0000133152443595,0.0000119882861327,0.00000964954688243,0.0000103517468233,0.000010360035958,0.00000819825618237,0.00000273189539257,0.00000298775171359,0.00000382602047466,8.10045662547e-7,0.00000186208910691,6.34070204342e-7,2.41983656224e-7,1.34867420343e-7,9.33125150482e-8,4.71659191703e-8,6.17305886408e-8,4.85929128047e-8,1.82361130641e-8,1.33539614922e-8,1.1633001229e-8,1.02702966132e-8,1.5358747163e-8,5.91887561185e-9,2.04547956351e-9,1.20571685969e-9],"dvar":[1.20752858379e-7,7.22779532225e-7,1.00574524708e-7,1.55077124475e-8,1.33295570137e-8,1.78582322263e-8,2.43529663102e-9,5.2118942051e-8,3.61658294423e-7,5.31685088845e-7,5.06793469413e-7,0.00000205374976758,4.40867864882e-7,2.90832190331e-7,1.65312741274e-9,6.32921770549e-10,8.44089020902e-10,5.15569753556e-10,5.62895730027e-10,5.07280051298e-10,4.8275813902e-11,6.49593018265e-11,1.1196275157e-10,3.89604667972e-12,3.55387178019e-11,1.82164309678e-12,3.52866634567e-13,1.04592990356e-13,6.43896015066e-14,1.56028720489e-14,4.05927698952e-14,2.16382680952e-14,3.07668158596e-15,1.22191003619e-15,3.07325131428e-15,1.47829558026e-15,6.4389382125e-15,4.34000703341e-16,3.35625257908e-17,7.31163720436e-18],"dvar2":[3.71380139086e-7,0.00000195101415557,9.83473782412e-8,4.18282617431e-8,3.3918372111e-8,3.85646536927e-8,6.47152598177e-9,9.83385604059e-8,5.9814414044e-7,0.00000117959211821,0.00000111259259938,0.00000408934056395,6.79705976836e-7,5.04319700667e-7,3.57531337869e-9,9.50226897167e-10,1.22391408119e-9,1.27249077941e-9,1.06874586958e-9,9.7973362756e-10,7.72879815703e-11,1.10878119186e-10,2.54714249692e-10,7.72122209919e-12,7.65255914192e-11,3.80893970878e-12,8.6605505753e-13,2.38188592114e-13,1.53786597172e-13,3.90511224974e-14,9.72249489034e-14,4.64517272846e-14,8.39123184186e-15,2.73156499962e-15,8.83101897137e-15,2.92983275444e-15,1.86693058067e-14,1.27525850055e-15,8.78261397658e-17,1.69585111571e-17],"max":[0.00748103763908,0.0112335113809,0.00805724784732,0.00263101002201,0.00225213170052,0.0047269910574,0.00138388981577,0.0066093779169,0.0136137995869,0.0173091925681,0.012946145609,0.02632326819,0.0098882233724,0.0172050893307,0.000813587976154,0.000710851920303,0.000918812118471,0.000379454926588,0.000333622068865,0.000361768354196,0.00019168095605,0.00020572761423,0.000203755727853,0.0000327049456246,0.000121667180792,0.0000151739759531,0.0000106963298094,0.00000574450177737,0.0000037750953652,0.000002074835038,0.00000467538256999,0.00000269091060545,8.53439189541e-7,4.55541538713e-7,0.00000126722625282,9.95819505079e-7,0.00000174206434167,3.54706003236e-7,9.56472874236e-8,4.35573781488e-8],"mean":[0.000284217501758,0.000936165452003,0.000512811355293,0.0000856679180288,0.0000976912197075,0.0000759961767471,0.000034439490264,0.0000958055534284,0.000317808007821,0.000268583418801,0.000325958826579,0.000582650536671,0.000296515208902,0.00010837258742,0.0000167007146956,0.0000171268166014,0.0000158788880071,0.0000110145083454,0.0000111662557174,0.00000919482772588,0.00000386337023883,0.00000363061190001,0.00000368231872017,9.26248901578e-7,0.00000166111783528,7.3386195254e-7,1.87041180766e-7,1.06637664032e-7,6.08526207202e-8,3.50076092559e-8,4.54791369009e-8,3.62257530639e-8,1.22084751197e-8,1.06558495361e-8,7.24670368157e-9,8.42198399909e-9,8.18369816358e-9,3.85711906858e-9,2.10420081359e-9,1.61954827327e-9],"median":[0.0000206844015338,0.0000561822707823,0.0000262023186224,0.0000105148510556,0.00000939782421483,0.00000729820294509,0.00000299096109302,0.00000617171826889,0.000014883971744,0.0000223362185352,0.00000681160872773,0.00000597397547608,0.00000454769451608,0.00000371760756934,0.00000230461432693,0.00000255524355453,0.0000026849202186,0.00000130886110128,0.00000110294433853,8.92295020094e-7,2.98752922845e-7,2.84846493059e-7,1.28003961208e-7,7.71039054825e-8,6.76351774587e-8,4.81780233486e-8,1.21330927527e-8,9.38423383445e-9,3.74235753497e-9,3.25162652359e-9,2.63454968952e-9,1.58341728618e-9,1.44108391886e-9,1.2779053371e-9,1.20928478342e-9,1.11485232157e-9,1.14956633102e-9,1.09390474456e-9,1.07549302797e-9,1.04089237229e-9],"min":[5.93694648998e-10,3.33964439436e-10,1.71332059651e-10,1.55743903885e-10,1.06468688033e-10,1.01079006276e-10,1.66555741421e-10,8.84874742924e-11,5.0720934397e-11,1.75171734756e-11,1.52670393688e-11,6.61958769049e-12,3.17832240561e-12,4.20984774818e-12,7.19338867985e-12,9.96220293759e-12,1.16496725461e-11,1.41029922116e-11,8.84781570926e-12,4.67886103125e-12,4.005760567e-12,1.18400688559e-11,7.40089326629e-12,4.95362952047e-12,2.80040010278e-12,3.13344402508e-12,2.76095596038e-12,3.28066003183e-12,1.04505510148e-12,1.63524705929e-12,4.19722806858e-12,3.01428652004e-12,3.12460213953e-12,1.99537847183e-12,2.83219086204e-12,4.4277281494e-12,2.83840724362e-12,1.03957402582e-12,1.77314749255e-12,2.84388419931e-12],"var":[4.56315376596e-7,0.00000268542453341,0.00000111685142201,2.66517279357e-8,3.06710923326e-8,1.14697968456e-7,1.13906271082e-8,2.25904202011e-7,0.00000179578898951,0.00000137144195378,0.00000143615295656,0.00000458866861663,0.00000116521300697,5.7421971178e-7,3.35201266743e-9,2.47178522095e-9,3.44336359426e-9,7.8501832812e-10,1.16921827775e-9,8.31883395502e-10,1.65081476267e-10,1.85163842592e-10,2.17244833234e-10,7.45978365885e-12,4.53908230447e-11,3.77977727242e-12,4.0627039493e-13,1.19135997183e-13,6.15897713689e-14,1.44448357084e-14,4.01090463197e-14,2.59744635333e-14,2.62218509405e-15,1.61561412645e-15,1.93673215181e-15,2.48304362707e-15,3.94339449671e-15,2.83332997313e-16,3.79280773527e-17,1.25012889582e-17]},"melbands_crest":{"dmean":2.88253307343,"dmean2":4.67467594147,"dvar":8.60841369629,"dvar2":20.50041008,"max":33.9350662231,"mean":15.5516119003,"median":15.0545473099,"min":4.04304409027,"var":38.2513771057},"melbands_flatness_db":{"dmean":0.0217155646533,"dmean2":0.0308094490319,"dvar":0.00051938649267,"dvar2":0.00107747106813,"max":0.535532772541,"mean":0.284014701843,"median":0.308569937944,"min":0.0583181120455,"var":0.0113151175901},"melbands_kurtosis":{"dmean":3.29289603233,"dmean2":5.04790639877,"dvar":32.3482513428,"dvar2":71.824005127,"max":99.3970184326,"mean":6.16526889801,"median":2.6140396595,"min":-1.77278089523,"var":101.213607788},"melbands_skewness":{"dmean":0.582466483116,"dmean2":0.852872490883,"dvar":0.520169138908,"dvar2":1.0527946949,"max":7.17233133316,"mean":1.24647283554,"median":1.09568858147,"min":-4.51587724686,"var":2.24797582626},"melbands_spread":{"dmean":4.57672834396,"dmean2":6.82906770706,"dvar":29.5870132446,"dvar2":63.1999397278,"max":106.378852844,"mean":18.850812912,"median":15.8780984879,"min":0.462238013744,"var":179.064285278},"mfcc":{"cov":[[17587.8964844,8082.15771484,-2640.76806641,367.165496826,176.647644043,-99.7534408569,401.750366211,944.869018555,411.352233887,75.0902481079,-198.675979614,-455.682739258,-343.515655518],[8082.15771484,5450.57568359,-703.687744141,58.159122467,551.596801758,90.2744140625,210.970840454,411.152008057,188.422195435,-67.1684570313,-116.168487549,-214.662338257,-156.257049561],[-2640.76806641,-703.687744141,887.936523438,24.172492981,149.523635864,147.746109009,-27.2498588562,-114.528327942,-36.6339187622,-62.8984451294,-41.2220191956,92.7554016113,88.612991333],[367.165496826,58.159122467,24.172492981,254.285980225,64.0860748291,8.6073589325,39.6620063782,53.9130363464,34.0057220459,6.64852714539,-27.2874832153,-9.4957780838,8.77283287048],[176.647644043,551.596801758,149.523635864,64.0860748291,326.297576904,108.518478394,21.7902946472,22.1053600311,1.90697288513,-43.9179916382,-45.3308639526,0.0658332183957,48.7251014709],[-99.7534408569,90.2744140625,147.746109009,8.6073589325,108.518478394,196.355987549,98.3719787598,40.2436752319,33.2291755676,-53.0322914124,-68.5597076416,-20.9915676117,21.9822998047],[401.750366211,210.970840454,-27.2498588562,39.6620063782,21.7902946472,98.3719787598,172.951446533,97.108757019,33.4364280701,-18.8866195679,-48.6831893921,-41.3736114502,-7.17690896988],[944.869018555,411.152008057,-114.528327942,53.9130363464,22.1053600311,40.2436752319,97.108757019,194.404708862,121.235450745,8.50707244873,-43.9899940491,-69.9496917725,-63.0676307678],[411.352233887,188.422195435,-36.6339187622,34.0057220459,1.90697288513,33.2291755676,33.4364280701,121.235450745,197.258331299,73.2158279419,-27.495508194,-64.4943008423,-83.9132537842],[75.0902481079,-67.1684570313,-62.8984451294,6.64852714539,-43.9179916382,-53.0322914124,-18.8866195679,8.50707244873,73.2158279419,154.310516357,73.8158035278,0.0855823978782,-39.9064407349],[-198.675979614,-116.168487549,-41.2220191956,-27.2874832153,-45.3308639526,-68.5597076416,-48.6831893921,-43.9899940491,-27.495508194,73.8158035278,141.446212769,56.0783996582,-20.6668872833],[-455.682739258,-214.662338257,92.7554016113,-9.4957780838,0.0658332183957,-20.9915676117,-41.3736114502,-69.9496917725,-64.4943008423,0.0855823978782,56.0783996582,161.737960815,88.7561721802],[-343.515655518,-156.257049561,88.612991333,8.77283287048,48.7251014709,21.9822998047,-7.17690896988,-63.0676307678,-83.9132537842,-39.9064407349,-20.6668872833,88.7561721802,170.463775635]],"icov":[[0.00107048870996,-0.00148810108658,0.00193827634212,-0.00172696891241,0.0021082253661,-0.002083389787,0.00192402664106,-0.00213857903145,0.00175450497773,-0.00173642742448,0.00165979133453,-0.000658506061882,-0.000168447935721],[-0.00148810108658,0.00241373665631,-0.00239722756669,0.00260248314589,-0.00375827518292,0.00321197183803,-0.00293428171426,0.0026357921306,-0.00252939271741,0.00262888008729,-0.00227565644309,0.00085934769595,0.000484666816192],[0.00193827634212,-0.00239722756669,0.00547105772421,-0.00328585528769,0.0028005593922,-0.00496590975672,0.00374883064069,-0.00284178671427,0.00261753797531,-0.00276039610617,0.00348277552985,-0.00224695773795,0.000214396815863],[-0.00172696891241,0.00260248314589,-0.00328585528769,0.00762512115762,-0.00496760895476,0.00525012938306,-0.00456167478114,0.00237353495322,-0.00324900611304,0.00244812620804,-0.00191267451737,0.00086078356253,-0.0000562272143725],[0.0021082253661,-0.00375827518292,0.0028005593922,-0.00496760895476,0.0106315119192,-0.0078745065257,0.00648260954767,-0.00498250313103,0.00462706573308,-0.00403548870236,0.0029173057992,-0.000516525062267,-0.00203503202647],[-0.002083389787,0.00321197183803,-0.00496590975672,0.00525012938306,-0.0078745065257,0.0177107565105,-0.0120308259502,0.00697084190324,-0.00862889084965,0.00752095319331,-0.00303855142556,0.00177078996785,-0.000680816709064],[0.00192402664106,-0.00293428171426,0.00374883064069,-0.00456167478114,0.00648260954767,-0.0120308259502,0.017594864592,-0.0112767070532,0.0087827667594,-0.00649591116235,0.00452783377841,-0.000556971819606,-0.000617676880211],[-0.00213857903145,0.0026357921306,-0.00284178671427,0.00237353495322,-0.00498250313103,0.00697084190324,-0.0112767070532,0.0202620886266,-0.0132818240672,0.0080126626417,-0.00431198161095,0.00170981988776,0.000933181436267],[0.00175450497773,-0.00252939271741,0.00261753797531,-0.00324900611304,0.00462706573308,-0.00862889084965,0.0087827667594,-0.0132818240672,0.0204808395356,-0.0136224767193,0.00934604369104,-0.00224005058408,0.00446188310161],[-0.00173642742448,0.00262888008729,-0.00276039610617,0.00244812620804,-0.00403548870236,0.00752095319331,-0.00649591116235,0.0080126626417,-0.0136224767193,0.0191685874015,-0.0122208166867,0.00312576116994,-0.00223338534124],[0.00165979133453,-0.00227565644309,0.00348277552985,-0.00191267451737,0.0029173057992,-0.00303855142556,0.00452783377841,-0.00431198161095,0.00934604369104,-0.0122208166867,0.0202095359564,-0.00821368768811,0.00616662623361],[-0.000658506061882,0.00085934769595,-0.00224695773795,0.00086078356253,-0.000516525062267,0.00177078996785,-0.000556971819606,0.00170981988776,-0.00224005058408,0.00312576116994,-0.00821368768811,0.0136174885556,-0.00734414439648],[-0.000168447935721,0.000484666816192,0.000214396815863,-0.0000562272143725,-0.00203503202647,-0.000680816709064,-0.000617676880211,0.000933181436267,0.00446188310161,-0.00223338534124,0.00616662623361,-0.00734414439648,0.0130964741111]],"mean":[-863.237976074,169.737503052,-19.7582588196,-3.84204602242,8.41923618317,3.71688079834,4.89859390259,8.86044883728,6.05065774918,5.63176584244,1.68475210667,-5.15993833542,-6.36158943176]},"pitch_salience":{"dmean":0.0641822963953,"dmean2":0.102294459939,"dvar":0.00476244837046,"dvar2":0.0117574566975,"max":0.795808315277,"mean":0.497801661491,"median":0.492332458496,"min":0.0796657130122,"var":0.0230470895767},"silence_rate_20dB":{"dmean":0,"dmean2":0,"dvar":0,"dvar2":0,"max":1,"mean":1,"median":1,"min":1,"var":0},"silence_rate_30dB":{"dmean":0.00978473573923,"dmean2":0.019588638097,"dvar":0.0096888365224,"dvar2":0.0211636051536,"max":1,"mean":0.984359741211,"median":1,"min":0,"var":0.0153958881274},"silence_rate_60dB":{"dmean":0.0489236786962,"dmean2":0.0979431942105,"dvar":0.0465292669833,"dvar2":0.0942255482078,"max":1,"mean":0.481915920973,"median":0,"min":0,"var":0.249675273895},"spectral_centroid":{"dmean":125.42578125,"dmean2":174.890380859,"dvar":22668.5488281,"dvar2":48667.3710938,"max":3481.88232422,"mean":1001.18048096,"median":872.898742676,"min":236.120925903,"var":278439.96875},"spectral_complexity":{"dmean":1.41095888615,"dmean2":2.09990215302,"dvar":5.13247299194,"dvar2":9.62165164948,"max":27,"mean":6.86608028412,"median":6,"min":0,"var":41.1934623718},"spectral_contrast_coeffs":{"dmean":[0.0388559177518,0.0378249064088,0.0364164151251,0.0268627572805,0.0219450499862,0.0163266919553],"dmean2":[0.06395624578,0.0603152997792,0.0545814335346,0.0411841273308,0.0308591071516,0.023128144443],"dvar":[0.00109809439164,0.00132733059581,0.0016543668462,0.000720903393812,0.00052200909704,0.000433939334471],"dvar2":[0.00277221831493,0.00288111134432,0.00307709514163,0.00156179210171,0.000934729818255,0.000773654028308],"max":[-0.452143013477,-0.309313803911,-0.370099723339,-0.518492221832,-0.587473869324,-0.695225536823],"mean":[-0.701982319355,-0.758412718773,-0.73401838541,-0.779959976673,-0.780776560307,-0.837905168533],"median":[-0.690353035927,-0.765708684921,-0.748002111912,-0.779175102711,-0.776472389698,-0.84685343504],"min":[-0.921319425106,-0.962030351162,-0.936962306499,-0.953023850918,-0.93228250742,-0.906740367413],"var":[0.00711691053584,0.0107182534412,0.0133507186547,0.00502014812082,0.00603541452438,0.0019871564582]},"spectral_contrast_valleys":{"dmean":[0.411023736,0.387956768274,0.370933592319,0.320734918118,0.267053097486,0.129758909345],"dmean2":[0.659332573414,0.593818962574,0.537399947643,0.473458826542,0.387604176998,0.20292006433],"dvar":[0.130921468139,0.163539126515,0.191248521209,0.153019487858,0.138712510467,0.0301190409809],"dvar2":[0.301525503397,0.290805280209,0.375086426735,0.29656869173,0.27905485034,0.0655114650726],"max":[-6.00759935379,-5.79788923264,-5.43268251419,-6.75240755081,-7.70525455475,-10.7982139587],"mean":[-9.08635902405,-8.5175075531,-8.78536224365,-9.39367485046,-10.4204082489,-12.8852472305],"median":[-8.67092704773,-8.10955429077,-8.30822753906,-8.94876670837,-10.4414558411,-12.6917552948],"min":[-13.9937467575,-12.7751369476,-14.1684617996,-13.9180116653,-14.028632164,-15.4876089096],"var":[3.96944761276,2.82278347015,3.12030315399,2.31260585785,1.24078857899,0.439036309719]},"spectral_decrease":{"dmean":1.41131972775e-9,"dmean2":1.79582249071e-9,"dvar":1.12056213708e-17,"dvar2":2.17284762835e-17,"max":-1.7532786856e-15,"mean":-3.93507848528e-9,"median":-8.40186031859e-10,"min":-4.10212734892e-8,"var":4.03854522816e-17},"spectral_energy":{"dmean":0.00572653021663,"dmean2":0.00726409582421,"dvar":0.000188167570741,"dvar2":0.000364015257219,"max":0.168941542506,"mean":0.0157798398286,"median":0.00337288156152,"min":9.92134019384e-9,"var":0.000661079480778},"spectral_energyband_high":{"dmean":0.00000473716818306,"dmean2":0.00000720040452507,"dvar":3.25784899058e-10,"dvar2":7.89402654355e-10,"max":0.000273657147773,"mean":0.00000647817159916,"median":0.00000117741456052,"min":1.98604355184e-9,"var":3.33350513859e-10},"spectral_energyband_low":{"dmean":0.00133944267873,"dmean2":0.0019176582573,"dvar":0.0000103525298982,"dvar2":0.0000253265516221,"max":0.0592945069075,"mean":0.00422500679269,"median":0.000253722595517,"min":2.83848722304e-9,"var":0.0000567970600969},"spectral_energyband_middle_high":{"dmean":0.00362597126514,"dmean2":0.00452689174563,"dvar":0.0001314842375,"dvar2":0.000252484722296,"max":0.16643409431,"mean":0.00682500423864,"median":0.000538929423783,"min":9.61488444418e-10,"var":0.000300116109429},"spectral_energyband_middle_low":{"dmean":0.00203106179833,"dmean2":0.00259731640108,"dvar":0.0000433709501522,"dvar2":0.000086085878138,"max":0.140869662166,"mean":0.00601020688191,"median":0.00126060866751,"min":3.36760130892e-9,"var":0.000168229074916},"spectral_entropy":{"dmean":0.16151817143,"dmean2":0.209444701672,"dvar":0.0432652942836,"dvar2":0.0745731666684,"max":9.03761196136,"mean":6.79839658737,"median":6.65540885925,"min":3.93284678459,"var":0.752253293991},"spectral_flux":{"dmean":0.0178904999048,"dmean2":0.0287596508861,"dvar":0.0015122119803,"dvar2":0.00377267086878,"max":0.359697729349,"mean":0.0338147878647,"median":0.0193939078599,"min":0.000256275525317,"var":0.00208844430745},"spectral_kurtosis":{"dmean":6.22815275192,"dmean2":10.235086441,"dvar":56.8390960693,"dvar2":152.42590332,"max":81.8784790039,"mean":21.7791805267,"median":18.5734786987,"min":1.36522066593,"var":234.905853271},"spectral_rms":{"dmean":0.000561698980164,"dmean2":0.000669360917527,"dvar":0.00000114274735097,"dvar2":0.00000199703936232,"max":0.0128382639959,"mean":0.00275305542164,"median":0.0018140055472,"min":0.00000311116627927,"var":0.00000781566814112},"spectral_rolloff":{"dmean":377.926544189,"dmean2":631.991760254,"dvar":1442917.375,"dvar2":3123060.25,"max":20219.6777344,"mean":2093.12060547,"median":968.994140625,"min":107.666015625,"var":14365343},"spectral_skewness":{"dmean":0.456967264414,"dmean2":0.736375331879,"dvar":0.258890986443,"dvar2":0.677243769169,"max":7.22491884232,"mean":3.2139172554,"median":3.08609819412,"min":0.803981840611,"var":1.47279798985},"spectral_spread":{"dmean":372005.09375,"dmean2":514443.9375,"dvar":426289954816,"dvar2":624738828288,"max":24474602,"mean":3217465.5,"median":2123479.5,"min":1001921.375,"var":6173737091070},"spectral_strongpeak":{"dmean":0.570144534111,"dmean2":0.745186507702,"dvar":1.50234282017,"dvar2":2.47630691528,"max":15.5314350128,"mean":1.4261007309,"median":0.268016934395,"min":0,"var":5.56411218643},"zerocrossingrate":{"dmean":0.00728838611394,"dmean2":0.00839308090508,"dvar":0.000145475321915,"dvar2":0.000176715650014,"max":0.3857421875,"mean":0.0667647048831,"median":0.0400390625,"min":0.00927734375,"var":0.00555498059839}},"metadata":{"audio_properties":{"analysis_sample_rate":44100,"bit_rate":0,"codec":"flac","downmix":"mix","equal_loudness":0,"length":23.7199993134,"lossless":true,"md5_encoded":"f5c073cee023bd440c5e8b1dbf939440","replay_gain":-1.72353172302,"sample_rate":44100},"tags":{"acoustid_id":["99513df6-3130-4243-83b6-2b166421e54c"],"album":["The Columbia Masters"],"albumartist":["Earth, Wind & Fire"],"albumartistsort":["Earth, Wind & Fire"],"artist":["Earth, Wind & Fire"],"artistsort":["Earth, Wind & Fire"],"asin":["B005L12SH6"],"barcode":["886978946928"],"catalognumber":["88697894692"],"date":["2012"],"discnumber":["1"],"discsubtitle":["Last Days and Time"],"disctotal":["16"],"file_name":"104. Earth, Wind & Fire ~ Interlude.flac","genre":["Soul","Jazz"],"grouping":["Jazz"],"isrc":["USSM11104001"],"label":["Legacy"],"media":["CD"],"mood":["Funky"],"musicbrainz_albumartistid":["535afeda-2538-435d-9dd1-5e10be586774"],"musicbrainz_albumid":["728bbd58-e625-4d6a-8544-28c829c363c2"],"musicbrainz_artistid":["535afeda-2538-435d-9dd1-5e10be586774"],"musicbrainz_recordingid":["dafc629e-cf00-41e1-aaea-4fbc5cd67b10"],"musicbrainz_releasegroupid":["93ded9dc-3e27-40a1-83e5-92e36a48f808"],"musicbrainz_releasetrackid":["09c3e41a-f0ef-4c7a-89be-021c8254cc48"],"originaldate":["2012-06-12"],"originalyear":["2012"],"releasestatus":["official"],"releasetype":["album","compilation"],"script":["Latn"],"title":["Interlude"],"totaldiscs":["16"],"totaltracks":["11"],"tracknumber":["4"],"tracktotal":["11"],"website":["http://www.earthwindandfire.com/"]},"version":{"essentia":"2.1-beta2","essentia_build_sha":"2d9f1f26377add8aeb1075a9c2973f962c4f09fd","essentia_git_sha":"v2.1_beta2-1-ge3940c0","extractor":"music 1.0"}},"rhythm":{"beats_count":52,"beats_loudness":{"dmean