{"lowlevel":{"average_loudness":0.943606734276,"barkbands":{"dmean":[0.00494098989293,0.0109391743317,0.00263800891116,0.00135886762291,0.00274811452255,0.00165933987591,0.00150260597002,0.00125613680575,0.000995311303996,0.00109336711466,0.00156248081475,0.000850287382491,0.000661584781483,0.00053537695203,0.000460654817289,0.000257893843809,0.000171759325895,0.000136482412927,0.000110203473014,0.0000860204090714,0.0000758440437494,0.0000658597637084,0.0000804014416644,0.0000317121812259,0.00000292823415293,0.0000383309052268,0.000261880108155],"dmean2":[0.0084618953988,0.0187394730747,0.00456580985337,0.00229376554489,0.00444447575137,0.00266561564058,0.00245454325341,0.00214468641207,0.0016210807953,0.00179202051368,0.0025977329351,0.0013855099678,0.00107444613241,0.000876888865605,0.000758145353757,0.000420242460677,0.000282363616861,0.000214517320273,0.000173830369022,0.00013106354163,0.000110691529699,0.0000941206744756,0.000115786169772,0.0000481540228066,0.00000487749366584,0.0000547248928342,0.000404429272749],"dvar":[0.0000746085643186,0.000237998145167,0.0000121091943583,0.00000560214402867,0.0000198049201572,0.0000091541924121,0.00000826794894238,0.00000458123076896,0.00000253497842095,0.00000269463907898,0.00000840975826577,0.00000207160405807,0.0000010878128478,6.84820463448e-7,3.90284839114e-7,1.59343812811e-7,7.99895474302e-8,6.6674907373e-8,3.62373278051e-8,3.28521316817e-8,2.69092854666e-8,8.55444337589e-9,1.30485160454e-8,2.49635645488e-9,2.04135892218e-11,2.79918532797e-9,8.61992290879e-8],"dvar2":[0.000190973834833,0.000656555290334,0.0000361286038242,0.0000145971089296,0.0000467718055006,0.0000206966724363,0.0000182303465408,0.0000127095954667,0.00000627256758889,0.00000663000128043,0.0000206404456549,0.00000498947065353,0.00000270207192443,0.00000169461509358,9.66198513197e-7,3.96768882638e-7,2.05287321364e-7,1.57463986739e-7,8.4914390186e-8,6.64760335667e-8,5.80593670918e-8,1.83602164583e-8,2.89235266848e-8,5.74477798665e-9,5.13568909621e-11,6.03814065414e-9,2.15567581563e-7],"max":[0.0845530554652,0.190082296729,0.0535828210413,0.0483832582831,0.0978836268187,0.0721910819411,0.11304295063,0.0429953224957,0.0349958837032,0.0371164381504,0.0789011344314,0.0372072681785,0.0219043157995,0.0207719355822,0.0126520236954,0.0104747377336,0.00602403841913,0.00777878100052,0.00466177938506,0.00776619277894,0.00659954734147,0.00236210576259,0.00149335770402,0.000723622739315,0.0000502234106534,0.000686369545292,0.00566158629954],"mean":[0.00533476890996,0.0153266564012,0.00345069938339,0.00159414066002,0.00493960268795,0.00281219836324,0.00269357301295,0.00175889208913,0.00163616193458,0.00171102792956,0.00236473651603,0.00145940564107,0.00112936273217,0.000898214115296,0.00083695363719,0.000410028238548,0.000275106052868,0.000227496595471,0.000188393009012,0.000161822652444,0.000140335789183,0.000118143048894,0.000120848075312,0.0000395934075641,0.00000303697174786,0.0000566304952372,0.000807290140074],"median":[0.00270471908152,0.0105642499402,0.00215158844367,0.000810855068266,0.00205429503694,0.00136472797021,0.00120426737703,0.000833524623886,0.00098225241527,0.00106739881448,0.00127737352159,0.000858216488268,0.000658544769976,0.000564091547858,0.000601796898991,0.000250757322647,0.000154474691954,0.000107215702883,0.000104477127024,0.0000948690503719,0.0000875475961948,0.0000744006538298,0.0000662810052745,0.0000177307047124,0.0000013898556972,0.0000308477247017,0.000648308196105],"min":[8.49841036486e-25,1.67285074422e-24,3.54448763263e-25,1.45281791344e-24,7.0050114743e-24,7.96261051601e-24,5.74336216832e-24,6.21909223139e-24,5.40329212069e-24,1.57635881657e-23,1.29139583076e-23,3.01160461669e-23,2.18278853771e-23,3.72131942284e-23,4.44994543369e-23,7.5792114943e-23,6.85281322664e-23,1.2474788871e-22,1.14431834745e-22,1.78913463978e-22,2.90773448089e-22,2.5686598495e-22,4.03790811055e-22,5.78296082428e-22,9.18840241775e-22,1.29128982364e-21,2.02101973488e-21],"var":[0.0000674761249684,0.000266010843916,0.000016834208509,0.00000593251206737,0.0000700876844348,0.0000230219411606,0.0000387746258639,0.00000742153406463,0.00000503427099829,0.00000490248157803,0.0000148763174366,0.00000421937511419,0.0000022980234462,0.00000134287847686,7.8208006471e-7,2.57169347151e-7,1.32426762889e-7,1.15561014979e-7,7.04843117205e-8,7.19759896128e-8,5.26666603662e-8,2.27589715962e-8,2.49030982502e-8,3.44197359503e-9,2.14258454728e-11,5.09908248958e-9,4.69370235123e-7]},"barkbands_crest":{"dmean":2.99751448631,"dmean2":4.96763038635,"dvar":6.79648065567,"dvar2":18.1720638275,"max":25.2702312469,"mean":9.91362380981,"median":9.24388122559,"min":2.31201434135,"var":16.4727401733},"barkbands_flatness_db":{"dmean":0.0253903884441,"dmean2":0.0377844832838,"dvar":0.00050060171634,"dvar2":0.00113538396545,"max":0.365280091763,"mean":0.121606588364,"median":0.114600330591,"min":0.0226476229727,"var":0.00196474744007},"barkbands_kurtosis":{"dmean":3.49231171608,"dmean2":5.63738298416,"dvar":42.4386177063,"dvar2":107.621490479,"max":154.542282104,"mean":5.74914741516,"median":3.2049407959,"min":-1.95302033424,"var":82.9744033813},"barkbands_skewness":{"dmean":0.578640937805,"dmean2":0.921540975571,"dvar":0.366391271353,"dvar2":0.913914561272,"max":10.7261133194,"mean":1.80203926563,"median":1.64756512642,"min":-2.132563591,"var":1.44479942322},"barkbands_spread":{"dmean":6.64348649979,"dmean2":10.4082374573,"dvar":42.7727508545,"dvar2":104.263687134,"max":147.865402222,"mean":28.8421974182,"median":25.3525562286,"min":1.09690773487,"var":407.45199585},"dissonance":{"dmean":0.0183182768524,"dmean2":0.0311475917697,"dvar":0.000344953936292,"dvar2":0.000951029767748,"max":0.500000059605,"mean":0.472173541784,"median":0.478708714247,"min":0.269146978855,"var":0.000601281702984},"dynamic_complexity":1.55804407597,"erbbands":{"dmean":[0.525998651981,1.85973548889,3.06542372704,3.60816335678,6.31515693665,10.1478204727,13.3651361465,14.1606788635,18.1288490295,29.4036655426,22.9068527222,21.5202102661,30.3273658752,41.0222663879,56.8144111633,32.0469322205,29.0162525177,27.4438762665,24.3659381866,18.265958786,12.4985074997,9.04784870148,7.24332952499,6.22569465637,5.19923830032,4.0113492012,3.4131758213,2.90835881233,2.49595618248,1.83278179169,2.42348814011,1.47172939777,0.148414745927,0.0338206142187,0.0210095383227,0.0203303024173,0.106220148504,0.0453566201031,0.0141954394057,0.00631282152608],"dmean2":[0.903193533421,3.19055271149,5.31966733932,6.07404708862,10.5423145294,16.5112438202,20.9306507111,23.0144882202,29.6694793701,49.4438095093,38.2426490784,34.8020172119,49.8366584778,67.554901123,94.5209579468,52.1284446716,46.9485778809,44.5737762451,39.7760543823,29.8837547302,20.4517059326,14.7520198822,11.4010286331,9.83032417297,8.16346740723,6.10044622421,5.02593803406,4.23380661011,3.59494996071,2.61186647415,3.51513552666,2.16198611259,0.229435041547,0.055939309299,0.0348442308605,0.0317699983716,0.152836337686,0.0627077892423,0.0199420470744,0.009730219841],"dvar":[0.672707378864,5.96387434006,16.1021671295,25.6665744781,136.528625488,369.199737549,760.46661377,634.244445801,1009.15551758,3440.12695312,1569.38952637,1183.12060547,2336.51098633,3842.09326172,10330.2558594,3178.68017578,2164.07519531,2128.68261719,1054.4822998,644.104492188,394.404052734,235.624130249,184.868911743,131.965591431,81.9199066162,76.8213272095,56.7039375305,32.0806808472,12.7556743622,6.84388589859,12.3839035034,4.94696426392,0.0518798343837,0.0026080654934,0.00101575942244,0.000644890300464,0.023133661598,0.00332191144116,0.000340635247994,0.0000440586118202],"dvar2":[1.84902608395,16.4036369324,47.5845489502,69.3974990845,346.23916626,868.704406738,1619.47680664,1501.22631836,2254.16162109,8253.61328125,3999.28149414,2839.52075195,5589.15527344,9837.44628906,25756.8105469,7505.93408203,5345.12841797,5245.48535156,2627.80224609,1647.11218262,986.191955566,603.366149902,430.548431396,310.423431396,192.531967163,154.171844482,118.178924561,69.8970413208,27.2995071411,15.3341436386,27.7526874542,11.0340442657,0.117479346693,0.00656108045951,0.00255317892879,0.00148580619134,0.0503938756883,0.00693497667089,0.000727968232241,0.000104644619569],"max":[9.56704807281,35.0581016541,68.1559829712,108.509529114,179.676605225,461.211151123,843.725891113,566.061462402,953.10333252,2394.40917969,868.555786133,683.33190918,1172.48132324,1472.54821777,2795.48486328,1416.92773438,949.661376953,1424.17883301,683.816589355,524.219299316,411.155426025,407.004882812,429.932434082,305.80078125,197.113952637,394.986480713,297.591491699,198.637298584,85.0040817261,86.4557113647,46.667804718,29.5171737671,3.97274565697,0.595844388008,0.35493889451,0.415202915668,2.17885947227,1.18398892879,0.544532775879,0.121164888144],"mean":[0.684110283852,2.48192405701,4.24420213699,4.99052143097,8.29533958435,18.3409137726,24.3195152283,22.8800601959,30.2454051971,49.1993484497,35.6761322021,37.0608901978,47.8849525452,69.1717987061,94.1478729248,59.2981681824,53.3180809021,48.8066711426,45.610118866,34.348651886,21.0674495697,15.2195425034,12.5893983841,10.559636116,9.26149463654,7.6111831665,6.28363132477,5.25312137604,4.43251419067,3.16049647331,3.52684593201,1.9358496666,0.181886702776,0.0376566983759,0.0227352324873,0.0273129753768,0.148796051741,0.0834321156144,0.037982814014,0.0280637852848],"median":[0.425935864449,1.63505923748,2.78087377548,3.16143131256,4.13529777527,6.31356334686,8.01435184479,12.3785629272,15.8564882278,19.8684959412,19.6499519348,21.9543914795,30.6436729431,46.0336380005,54.2912330627,35.990070343,32.577709198,31.1048469543,33.2725296021,25.2358093262,13.2488775253,8.64544677734,6.09736156464,5.31813716888,5.52255725861,4.42949581146,3.82087087631,3.2838075161,2.75643110275,1.95919346809,1.89330720901,0.904550850391,0.0897816866636,0.0197108872235,0.0112813748419,0.0169720053673,0.0754333734512,0.0560377091169,0.0274259522557,0.0268732961267],"min":[8.20713215308e-23,3.6272912419e-22,1.45353172843e-21,5.32281515331e-21,1.8771392202e-20,1.94944659952e-20,3.92132821134e-20,8.0260184538e-20,1.40020468277e-19,1.47536619064e-19,2.72909812494e-19,1.72655470554e-19,5.08059398711e-19,6.04555083647e-19,1.11620548019e-18,1.29200555539e-18,1.25307429986e-18,2.10113532922e-18,2.36503034645e-18,3.0299148141e-18,3.87485230607e-18,4.76977983797e-18,6.20564916249e-18,6.44708870763e-18,8.2628262528e-18,8.26215292778e-18,9.95656044788e-18,1.15054048597e-17,1.06745019344e-17,1.01510157206e-17,1.12920576089e-17,1.09350555555e-17,8.65946928269e-18,8.9041823951e-18,6.50632393848e-18,3.97526334704e-18,2.37422859487e-18,9.81047890414e-19,2.4977145111e-19,2.90017116021e-20],"var":[0.67795085907,7.11727905273,22.1080036163,32.4046554565,165.032897949,1507.72998047,2704.08984375,1242.01843262,2403.70043945,16775.2050781,2872.11791992,2738.12866211,4258.45751953,6940.67041016,19584.28125,6577.97900391,4954.84277344,4206.69775391,2175.39648438,1247.15368652,630.556213379,407.004119873,342.93939209,244.900039673,159.508422852,167.801223755,113.859916687,65.717590332,33.3049736023,15.9589853287,22.1580734253,7.57541751862,0.0696122869849,0.00279965251684,0.00108577590436,0.000964668521192,0.0387862883508,0.00854902807623,0.001522726845,0.00030815298669]},"erbbands_crest":{"dmean":2.58696341515,"dmean2":4.26670885086,"dvar":5.61703538895,"dvar2":14.258266449,"max":29.5458316803,"mean":8.30477333069,"median":7.35086107254,"min":2.37040400505,"var":15.2134542465},"erbbands_flatness_db":{"dmean":0.0220027659088,"dmean2":0.0320798642933,"dvar":0.000407149345847,"dvar2":0.000814892002381,"max":0.360290050507,"mean":0.139269888401,"median":0.13294903934,"min":0.0354168899357,"var":0.00164876133204},"erbbands_kurtosis":{"dmean":1.08157515526,"dmean2":1.75072944164,"dvar":1.84649860859,"dvar2":4.50681781769,"max":38.1451454163,"mean":1.21550905704,"median":0.672847628593,"min":-1.63828194141,"var":4.97472572327},"erbbands_skewness":{"dmean":0.38439515233,"dmean2":0.60152733326,"dvar":0.113186560571,"dvar2":0.268724411726,"max":4.81385421753,"mean":0.253442138433,"median":0.252984464169,"min":-3.53080892563,"var":0.469453454018},"erbbands_spread":{"dmean":6.90674114227,"dmean2":10.5761957169,"dvar":51.0355796814,"dvar2":114.247680664,"max":125.707351685,"mean":27.9748458862,"median":26.2587375641,"min":1.87483870983,"var":184.431610107},"gfcc":{"cov":[[36163.6523438,4380.63037109,-1720.8815918,-236.015396118,4.69132661819,-691.261047363,669.467773438,-1177.11901855,488.752075195,-572.27947998,-0.368971258402,-18.0480709076,-344.473693848],[4380.63037109,1576.07617188,-131.890365601,-361.012298584,149.251586914,-150.64390564,80.6078567505,-166.626266479,21.8537979126,-96.5955352783,40.1494178772,-103.494064331,94.2197570801],[-1720.8815918,-131.890365601,437.679992676,96.948097229,-57.0081520081,91.9747543335,-60.506149292,78.177482605,-39.5927848816,31.2051734924,0.0512110777199,-1.54743516445,33.3001861572],[-236.015396118,-361.012298584,96.948097229,321.922729492,34.3784065247,27.9511547089,39.4755172729,7.4267244339,24.3110752106,-2.24206399918,-20.6961612701,49.0243415833,-62.518283844],[4.69132661819,149.251586914,-57.0081520081,34.3784065247,206.737792969,54.4369163513,50.638256073,-2.5601913929,6.12199687958,-9.26801490784,2.28140258789,-22.126996994,18.3656044006],[-691.261047363,-150.64390564,91.9747543335,27.9511547089,54.4369163513,277.24887085,5.54073238373,61.5494155884,-16.8604068756,28.5536956787,-12.2421102524,12.4116125107,-6.95838165283],[669.467773438,80.6078567505,-60.506149292,39.4755172729,50.638256073,5.54073238373,164.148086548,-26.2385902405,66.652885437,-23.2720222473,9.70452594757,25.443195343,-34.8109817505],[-1177.11901855,-166.626266479,78.177482605,7.4267244339,-2.5601913929,61.5494155884,-26.2385902405,174.386047363,-4.50511360168,50.5947265625,9.54315090179,-1.83198344707,35.7981376648],[488.752075195,21.8537979126,-39.5927848816,24.3110752106,6.12199687958,-16.8604068756,66.652885437,-4.50511360168,113.426200867,20.0731658936,12.9230165482,22.0903167725,-36.4244155884],[-572.27947998,-96.5955352783,31.2051734924,-2.24206399918,-9.26801490784,28.5536956787,-23.2720222473,50.5947265625,20.0731658936,76.9825439453,29.7013320923,1.80754220486,12.9550161362],[-0.368971258402,40.1494178772,0.0512110777199,-20.6961612701,2.28140258789,-12.2421102524,9.70452594757,9.54315090179,12.9230165482,29.7013320923,55.5817718506,26.1296863556,14.3190469742],[-18.0480709076,-103.494064331,-1.54743516445,49.0243415833,-22.126996994,12.4116125107,25.443195343,-1.83198344707,22.0903167725,1.80754220486,26.1296863556,75.0295562744,1.40067541599],[-344.473693848,94.2197570801,33.3001861572,-62.518283844,18.3656044006,-6.95838165283,-34.8109817505,35.7981376648,-36.4244155884,12.9550161362,14.3190469742,1.40067541599,97.4926300049]],"icov":[[0.000115690243547,-0.000469497346785,0.000624717562459,-0.000819503271487,0.000847971008625,-0.000420615106123,0.0000811444042483,0.000202210809221,-0.000362142425729,0.00044609469478,-0.000462138908915,0.00048703403445,-0.000245127332164],[-0.000469497346785,0.00367157626897,-0.00292738340795,0.00461265724152,-0.00419246451929,0.00172946660314,-0.000660062709358,0.000506473472342,-0.000453788175946,0.00154451967683,-0.00138874538243,0.0011886638822,-0.000945724430494],[0.000624717562459,-0.00292738340795,0.00763345556334,-0.007977549918,0.0080498624593,-0.00480269920081,0.00125886569731,0.000485917553306,-0.00267331767827,0.00425909552723,-0.00630057509989,0.0072080893442,-0.00501764006913],[-0.000819503271487,0.00461265724152,-0.007977549918,0.0151737239212,-0.0121729765087,0.0066672405228,-0.0018123826012,-0.00144838588312,0.00467078061774,-0.00701352767646,0.0115186339244,-0.0134116550907,0.00893344078213],[0.000847971008625,-0.00419246451929,0.0080498624593,-0.0121729765087,0.0175962075591,-0.00812001340091,-0.000731963722501,0.00191613018978,-0.00532788131386,0.0084187341854,-0.0120220379904,0.0151063147932,-0.00992756988853],[-0.000420615106123,0.00172946660314,-0.00480269920081,0.0066672405228,-0.00812001340091,0.00896082352847,-0.0017059801612,-0.00233039818704,0.00574744539335,-0.00873163808137,0.0108967283741,-0.0109345000237,0.00703831715509],[0.0000811444042483,-0.000660062709358,0.00125886569731,-0.0018123826012,-0.000731963722501,-0.0017059801612,0.0113741839305,-0.000343334802892,-0.00671263877302,0.00688244681805,-0.0047915042378,-0.0000159450937645,0.000817403779365],[0.000202210809221,0.000506473472342,0.000485917553306,-0.00144838588312,0.00191613018978,-0.00233039818704,-0.000343334802892,0.00978712458163,-0.0026177468244,-0.000918421661481,-0.0028782794252,0.00490973796695,-0.00561713287607],[-0.000362142425729,-0.000453788175946,-0.00267331767827,0.00467078061774,-0.00532788131386,0.00574744539335,-0.00671263877302,-0.0026177468244,0.0218055602163,-0.0176884420216,0.0136178815737,-0.0150856571272,0.0117594720796],[0.00044609469478,0.00154451967683,0.00425909552723,-0.00701352767646,0.0084187341854,-0.00873163808137,0.00688244681805,-0.000918421661481,-0.0176884420216,0.0425620302558,-0.0339733548462,0.0247341971844,-0.0129130883142],[-0.000462138908915,-0.00138874538243,-0.00630057509989,0.0115186339244,-0.0120220379904,0.0108967283741,-0.0047915042378,-0.0028782794252,0.0136178815737,-0.0339733548462,0.0561675690114,-0.0364804714918,0.0135130593553],[0.00048703403445,0.0011886638822,0.0072080893442,-0.0134116550907,0.0151063147932,-0.0109345000237,-0.0000159450937645,0.00490973796695,-0.0150856571272,0.0247341971844,-0.0364804714918,0.0473126471043,-0.0201696213335],[-0.000245127332164,-0.000945724430494,-0.00501764006913,0.00893344078213,-0.00992756988853,0.00703831715509,0.000817403779365,-0.00561713287607,0.0117594720796,-0.0129130883142,0.0135130593553,-0.0201696213335,0.0268889516592]],"mean":[11.6019239426,88.4318313599,-91.5983047485,-4.48517179489,-19.9607830048,-4.77709817886,5.21942853928,-20.5255661011,5.40905475616,-7.72514677048,-3.17261433601,3.25649809837,-9.57218647003]},"hfc":{"dmean":54.9733467102,"dmean2":87.8364944458,"dvar":4106.80273438,"dvar2":9766.0390625,"max":1287.56774902,"mean":238.384109497,"median":231.667266846,"min":1.09883235054e-16,"var":15563.9179688},"melbands":{"dmean":[0.00388144445606,0.00177529500797,0.000665333063807,0.000565935624763,0.000472753337817,0.000316496531013,0.000281729589915,0.00031653791666,0.000179529699381,0.000141396842082,0.000154544453835,0.000165772886248,0.00021829547768,0.000104608086986,0.0000750608378439,0.0000640358339297,0.0000531345867785,0.000041666229663,0.000033489184716,0.0000204829884751,0.0000146085230881,0.0000106018478618,0.000007572746199,0.00000675866522215,0.00000521773290529,0.00000419624984715,0.0000035696523355,0.00000269008592113,0.00000230674845625,0.00000193033565665,0.00000175901766397,0.0000015351198499,0.00000118648665648,0.00000101647060546,0.00000136005382956,0.00000151918379743,6.97123141435e-7,9.75338352305e-8,3.0280279617e-8,2.6722611679e-8],"dmean2":[0.00664577819407,0.00306321843527,0.00111127528362,0.000927701941691,0.000744174409192,0.000511522172019,0.000459792616311,0.000535449886229,0.000298171566101,0.000229747136473,0.000254272192251,0.000273255136563,0.000362898601452,0.000171477397089,0.000121792145364,0.000104164493678,0.0000869228388183,0.0000682177415001,0.0000553237769054,0.0000336248485837,0.0000241140314756,0.0000175165805558,0.0000122358378576,0.0000107962505353,0.00000837116022012,0.00000673472277413,0.00000561219121664,0.00000418392892243,0.00000348518506144,0.00000288459114017,0.00000261682998826,0.00000227593886848,0.00000171806550497,0.000001496371965,0.00000201096372621,0.00000222833500629,0.00000106208131001,1.57373790444e-7,5.06104917974e-8,4.45744241517e-8],"dvar":[0.0000342698185705,0.00000454638347946,9.47633452597e-7,8.48661841246e-7,8.39188487589e-7,3.0305426435e-7,2.45498938511e-7,3.523813632e-7,9.26143499669e-8,5.26577466076e-8,6.03181362635e-8,6.33299990227e-8,1.77979899263e-7,3.09144887467e-8,1.60921533876e-8,1.10988116475e-8,7.97726595891e-9,3.10781667068e-9,2.28783592071e-9,9.49838097064e-10,5.74505887307e-10,3.20300147516e-10,2.27945773368e-10,1.70441744052e-10,9.63897017758e-11,5.1969550191e-11,4.49263369562e-11,3.84340129167e-11,2.75949697121e-11,1.60188997483e-11,1.17354919185e-11,5.24460292903e-12,2.99050497907e-12,2.20703685362e-12,4.00760067493e-12,5.19145186909e-12,1.29486330512e-12,3.09960017993e-14,2.25913851428e-15,1.73212710824e-15],"dvar2":[0.000093804570497,0.0000129607687995,0.00000245827823164,0.00000203346689887,0.00000185026863164,7.11401469289e-7,5.46501553345e-7,8.92166553967e-7,2.29943310615e-7,1.29412683236e-7,1.44503360389e-7,1.61683487931e-7,4.33331109662e-7,7.50586011122e-8,4.03526776438e-8,2.72017732783e-8,1.9618616065e-8,7.83356046696e-9,5.78910164251e-9,2.36431985101e-9,1.46033385384e-9,8.38714708795e-10,5.66192037699e-10,4.12311407239e-10,2.31740668322e-10,1.27130722616e-10,1.02363020837e-10,7.87382728462e-11,5.9426262522e-11,3.43880861287e-11,2.70987329798e-11,1.16317120866e-11,6.87613768008e-12,5.05579952903e-12,9.17948442952e-12,1.16488632976e-11,2.98707412971e-12,7.30738847253e-14,5.68799607092e-15,4.36148953596e-15],"max":[0.0699204802513,0.0292210355401,0.0179180447012,0.0200421065092,0.0225517563522,0.013268054463,0.014999027364,0.0213341023773,0.00797360297292,0.00489961402491,0.0060404133983,0.00638905260712,0.0125220324844,0.00535551505163,0.00269840890542,0.00270435656421,0.00234551681206,0.000990733038634,0.000913319527172,0.000800977286417,0.000541773042642,0.000474446889712,0.000533344980795,0.000474893575301,0.000287056231173,0.000130678643472,0.000223892595386,0.000263926660409,0.000174221146153,0.000146377569763,0.000130335509311,0.00005928833707,0.0000537252453796,0.0000451353189419,0.0000286154336209,0.0000323540589307,0.0000162979595189,0.00000376862453777,5.45846774003e-7,4.64039260351e-7],"mean":[0.00532836047933,0.00261812866665,0.000946118903812,0.000929169589654,0.000893283810001,0.000519736378919,0.000494037754834,0.000511298014317,0.000275726168184,0.000234587496379,0.000236330466578,0.000266935036052,0.000340311933542,0.000183045878657,0.000128577594296,0.000107858017145,0.0000882088352228,0.0000720951356925,0.0000598720544076,0.0000342232997355,0.0000224473697017,0.0000163773493114,0.0000123152985907,0.0000107528048829,0.000008285093827,0.00000692239927957,0.00000619896127318,0.00000476609056932,0.00000398331576434,0.00000334321180162,0.00000296388725474,0.00000259620219367,0.00000200905606107,0.00000165087442383,0.00000196497035176,0.00000204382467928,8.2674961277e-7,1.00708355433e-7,3.06689855734e-8,2.73840061737e-8],"median":[0.00359704950824,0.00192846509162,0.000607971451245,0.000404076883569,0.000291864504106,0.000274332007393,0.000248083291808,0.000211382197449,0.000150906285853,0.000137223949423,0.000146768143168,0.000172366315383,0.000184423668543,0.000111312569061,0.0000726536673028,0.0000634827592876,0.0000534191894985,0.0000503784467583,0.0000427539343946,0.000022327505576,0.0000129157397168,0.0000091026431619,0.00000589639785176,0.00000506361357111,0.00000402734622185,0.00000388632770409,0.00000369387794308,0.00000263207766693,0.00000231000240092,0.00000201239072339,0.00000175346690412,0.00000157633610343,0.00000124799498735,9.75813918558e-7,0.00000104746686702,9.92358764051e-7,3.22163316469e-7,3.59787648563e-8,1.33517588097e-8,1.21553203059e-8],"min":[9.86434372985e-25,8.5330620662e-25,1.27687718107e-24,1.41863164004e-24,1.40021341423e-24,1.67837257334e-24,1.94302041868e-24,1.27298010959e-24,1.90787232662e-24,7.08738768268e-25,2.29824211772e-24,1.95536333084e-24,2.26964216282e-24,2.93368969283e-24,2.45616773221e-24,2.82319079039e-24,3.45058961769e-24,2.87752930448e-24,3.40289587622e-24,3.73223978212e-24,3.58709608088e-24,3.58826043957e-24,4.53923699398e-24,3.51896492551e-24,4.00703040655e-24,4.64749908132e-24,3.84012637167e-24,4.89270584409e-24,5.49557306938e-24,5.24250372997e-24,5.75023630225e-24,5.89020192051e-24,4.54080524946e-24,5.31564257437e-24,6.32671021381e-24,4.61874667905e-24,5.75357594489e-24,5.07358297219e-24,5.66021386233e-24,5.81457816426e-24],"var":[0.0000352437127731,0.000006453007245,0.00000118409968763,0.00000253672328654,0.00000316371097142,6.37481036847e-7,7.31966679268e-7,0.00000145874980717,1.72503220597e-7,1.10480293358e-7,1.08996268011e-7,1.10475021131e-7,3.23027336435e-7,6.53423199992e-8,3.0437664833e-8,2.15804085713e-8,1.52353294425e-8,5.98090421633e-9,4.24171409108e-9,1.63545099685e-9,8.37833080691e-10,4.90928520058e-10,3.78992032202e-10,2.66306698915e-10,1.6631410138e-10,9.22509568735e-11,8.57819718036e-11,7.75338543368e-11,5.07536616901e-11,3.14969751669e-11,2.14845207597e-11,1.23576747793e-11,6.66441424615e-12,4.64664331318e-12,7.08258712095e-12,8.16134399645e-12,1.72327169895e-12,3.41764004521e-14,2.33001060801e-15,1.80129412464e-15]},"melbands_crest":{"dmean":4.6642203331,"dmean2":7.75180864334,"dvar":16.8338375092,"dvar2":44.8905830383,"max":36.6270179749,"mean":15.93846035,"median":15.1858577728,"min":1.59298729897,"var":40.1558647156},"melbands_flatness_db":{"dmean":0.0331261195242,"dmean2":0.0493211336434,"dvar":0.000812284066342,"dvar2":0.00188176333904,"max":0.520528495312,"mean":0.225297272205,"median":0.221912384033,"min":0.00365382363088,"var":0.00422979332507},"melbands_kurtosis":{"dmean":6.60188245773,"dmean2":10.7303886414,"dvar":220.011901855,"dvar2":547.691711426,"max":343.851257324,"mean":9.65746021271,"median":4.33611965179,"min":-1.87733995914,"var":409.680511475},"melbands_skewness":{"dmean":0.811217665672,"dmean2":1.30774390697,"dvar":0.800630331039,"dvar2":1.99999821186,"max":14.3958377838,"mean":2.22638034821,"median":1.85826838017,"min":-1.99017500877,"var":2.63924121857},"melbands_spread":{"dmean":6.22246742249,"dmean2":9.95995426178,"dvar":51.7395629883,"dvar2":134.001037598,"max":241.577880859,"mean":25.0601444244,"median":19.5610637665,"min":0.761963069439,"var":860.731445312},"mfcc":{"cov":[[12179.2802734,2384.37133789,-647.039428711,600.98046875,-451.466522217,600.341125488,-361.071105957,398.225646973,-268.494873047,317.414855957,-167.459915161,201.915847778,-42.5851364136],[2384.37133789,1736.53735352,-160.672668457,-100.689811707,-7.84326696396,13.3307828903,37.2191925049,-52.4573326111,41.0929298401,-19.3660869598,19.0906620026,-62.9414405823,81.445854187],[-647.039428711,-160.672668457,443.791534424,-34.6770706177,47.671459198,-30.9055423737,23.5722579956,-18.6621742249,5.54500007629,0.0465184263885,-10.8169355392,-12.7178821564,-11.115937233],[600.98046875,-100.689811707,-34.6770706177,330.128570557,-52.4486808777,53.489566803,-64.7707977295,71.2798080444,-43.6039657593,37.5925674438,-22.4353637695,32.0017700195,-23.1156921387],[-451.466522217,-7.84326696396,47.671459198,-52.4486808777,200.338409424,-7.37470006943,90.3628311157,-38.2663497925,58.1238975525,-25.3691310883,26.2332744598,-32.4158782959,10.3993282318],[600.341125488,13.3307828903,-30.9055423737,53.489566803,-7.37470006943,252.699264526,-3.87370276451,106.534828186,-43.1054115295,77.4467315674,-35.09349823,31.4282550812,-24.2916622162],[-361.071105957,37.2191925049,23.5722579956,-64.7707977295,90.3628311157,-3.87370276451,142.835220337,-8.30112838745,57.643901825,-37.7125587463,27.512834549,-28.1047916412,24.5194587708],[398.225646973,-52.4573326111,-18.6621742249,71.2798080444,-38.2663497925,106.534828186,-8.30112838745,151.900726318,-6.5551738739,57.2185287476,-25.086566925,44.2769851685,-11.1251935959],[-268.494873047,41.0929298401,5.54500007629,-43.6039657593,58.1238975525,-43.1054115295,57.643901825,-6.5551738739,100.768180847,-5.76626300812,32.6750640869,-16.4914283752,27.3573703766],[317.414855957,-19.3660869598,0.0465184263885,37.5925674438,-25.3691310883,77.4467315674,-37.7125587463,57.2185287476,-5.76626300812,94.9200515747,4.83876228333,34.4886932373,-14.2937850952],[-167.459915161,19.0906620026,-10.8169355392,-22.4353637695,26.2332744598,-35.09349823,27.512834549,-25.086566925,32.6750640869,4.83876228333,77.6429519653,13.6252574921,22.2844924927],[201.915847778,-62.9414405823,-12.7178821564,32.0017700195,-32.4158782959,31.4282550812,-28.1047916412,44.2769851685,-16.4914283752,34.4886932373,13.6252574921,74.8030395508,11.5854177475],[-42.5851364136,81.445854187,-11.115937233,-23.1156921387,10.3993282318,-24.2916622162,24.5194587708,-11.1251935959,27.3573703766,-14.2937850952,22.2844924927,11.5854177475,64.7603759766]],"icov":[[0.000199365968001,-0.000314727163641,0.000125039543491,-0.00024927634513,0.0000889282600838,-0.000146394711919,0.000105973107566,-0.000104060643935,0.000140590171213,-0.00019891782722,0.000251176621532,-0.000430653803051,0.000219523382839],[-0.000314727163641,0.0011947263265,0.0000251152450801,0.00053067819681,0.0000657838318148,-0.0000437749185949,-0.0000934820491238,0.000304900750052,-0.000238752312725,0.0000982907295111,-0.000508593337145,0.00168396357913,-0.001458675717],[0.000125039543491,0.0000251152450801,0.00261559081264,0.0000530508405063,-0.000529938552063,0.000660891470034,-0.000669253931846,0.000184960154002,0.000617484736722,-0.00140794657636,0.00123407144565,-0.00023026848794,0.000181629889994],[-0.00024927634513,0.00053067819681,0.0000530508405063,0.00411269627512,-0.00033587339567,0.00024820418912,0.00131585949566,-0.00173521914985,0.000747104117181,0.000364661187632,-0.000710147956852,0.000787469267379,-0.000135119989864],[0.0000889282600838,0.0000657838318148,-0.000529938552063,-0.00033587339567,0.00841743126512,-0.00186755415052,-0.00365040474571,0.00273196422495,-0.00339312152937,0.000430706480984,-0.000502649752889,0.000268989417236,0.00121742172632],[-0.000146394711919,-0.0000437749185949,0.000660891470034,0.00024820418912,-0.00186755415052,0.00896445661783,-0.00342922937125,-0.00349990418181,0.00510913692415,-0.00663390662521,0.00288503989577,0.000253259087913,-0.000140185584314],[0.000105973107566,-0.0000934820491238,-0.000669253931846,0.00131585949566,-0.00365040474571,-0.00342922937125,0.0160915907472,-0.00407282356173,-0.00444779219106,0.00805048085749,-0.00551004102454,0.00391033152118,-0.00209798617288],[-0.000104060643935,0.000304900750052,0.000184960154002,-0.00173521914985,0.00273196422495,-0.00349990418181,-0.00407282356173,0.0151804657653,-0.00475846789777,-0.00380000541918,0.00607805373147,-0.00722238048911,0.00173086556606],[0.000140590171213,-0.000238752312725,0.000617484736722,0.000747104117181,-0.00339312152937,0.00510913692415,-0.00444779219106,-0.00475846789777,0.02023553662,-0.00627414789051,-0.00330924615264,0.00557273766026,-0.00569807738066],[-0.00019891782722,0.0000982907295111,-0.00140794657636,0.000364661187632,0.000430706480984,-0.00663390662521,0.00805048085749,-0.00380000541918,-0.00627414789051,0.0239526163787,-0.007308752276,-0.00330795533955,0.00441966485232],[0.000251176621532,-0.000508593337145,0.00123407144565,-0.000710147956852,-0.000502649752889,0.00288503989577,-0.00551004102454,0.00607805373147,-0.00330924615264,-0.007308752276,0.022719969973,-0.00897603202611,-0.00137113919482],[-0.000430653803051,0.00168396357913,-0.00023026848794,0.000787469267379,0.000268989417236,0.000253259087913,0.00391033152118,-0.00722238048911,0.00557273766026,-0.00330795533955,-0.00897603202611,0.0272161960602,-0.00969336833805],[0.000219523382839,-0.001458675717,0.000181629889994,-0.000135119989864,0.00121742172632,-0.000140185584314,-0.00209798617288,0.00173086556606,-0.00569807738066,0.00441966485232,-0.00137113919482,-0.00969336833805,0.0238354727626]],"mean":[-637.787414551,153.095108032,-15.126739502,21.5123348236,-9.88471221924,28.3048229218,-5.16889667511,15.7134599686,-5.19500732422,12.2120914459,-4.3710565567,4.48614311218,2.01110219955]},"pitch_salience":{"dmean":0.0798891782761,"dmean2":0.132147729397,"dvar":0.00512618338689,"dvar2":0.0138560766354,"max":0.8433791399,"mean":0.559010386467,"median":0.571491956711,"min":0.141581103206,"var":0.0131696043536},"silence_rate_20dB":{"dmean":0,"dmean2":0,"dvar":0,"dvar2":0,"max":1,"mean":1,"median":1,"min":1,"var":0},"silence_rate_30dB":{"dmean":0.0500174462795,"dmean2":0.100046530366,"dvar":0.0475157015026,"dvar2":0.119585849345,"max":1,"mean":0.957199335098,"median":1,"min":0,"var":0.0409687571228},"silence_rate_60dB":{"dmean":0.000232639285969,"dmean2":0.000465332705062,"dvar":0.000232585167396,"dvar2":0.000465116172563,"max":1,"mean":0.0423354282975,"median":0,"min":0,"var":0.0405431389809},"spectral_centroid":{"dmean":216.527618408,"dmean2":321.210784912,"dvar":58512.2421875,"dvar2":118553.695312,"max":11627.9980469,"mean":1260.82189941,"median":1064.05786133,"min":244.206954956,"var":1350477.375},"spectral_complexity":{"dmean":4.09631252289,"dmean2":6.05281543732,"dvar":15.8132200241,"dvar2":32.0246658325,"max":63,"mean":24.391254425,"median":24,"min":0,"var":95.6196594238},"spectral_contrast_coeffs":{"dmean":[0.0555809773505,0.0510253049433,0.0391365587711,0.0289093460888,0.0198155138642,0.0526112914085],"dmean2":[0.0920339822769,0.0863725617528,0.0658383667469,0.048008903861,0.0331221595407,0.0771492123604],"dvar":[0.00197332375683,0.00160157377832,0.000958617427386,0.000522667600308,0.000290669762762,0.00186402734835],"dvar2":[0.00527984276414,0.00456357095391,0.00263051944785,0.00137892342173,0.000785291194916,0.00396703928709],"max":[-0.334604948759,-0.480412781239,-0.543243646622,-0.630051851273,-0.698189139366,-0.395742982626],"mean":[-0.695936083794,-0.768328130245,-0.796368956566,-0.807542145252,-0.825999557972,-0.696369171143],"median":[-0.703813195229,-0.770811319351,-0.797715485096,-0.807617306709,-0.823606133461,-0.686953902245],"min":[-0.977210998535,-0.975459337234,-0.978932023048,-0.970416426659,-0.967057704926,-0.965022146702],"var":[0.00783043634146,0.00490265572444,0.00298455287702,0.00202098744921,0.00111052161083,0.0082599427551]},"spectral_contrast_valleys":{"dmean":[0.394281983376,0.361491680145,0.308726191521,0.282573729753,0.32035830617,0.580373466015],"dmean2":[0.649033367634,0.600009143353,0.498630642891,0.437878549099,0.452183127403,0.915031909943],"dvar":[0.121911197901,0.106643818319,0.082996532321,0.089435428381,0.133471369743,0.25775372982],"dvar2":[0.287219047546,0.243669241667,0.166466876864,0.16625957191,0.24949632585,0.626894593239],"max":[-5.1324634552,-4.62681055069,-4.96411418915,-5.60038948059,-5.2539973259,-9.06219577789],"mean":[-6.94268989563,-6.50951910019,-6.69222784042,-7.23423528671,-7.708111763,-11.2115488052],"median":[-6.40569114685,-6.00782108307,-6.18006801605,-6.73737430573,-7.24963760376,-10.902557373],"min":[-28.1676826477,-28.1195049286,-27.9994812012,-27.6674118042,-27.5580024719,-27.3854522705],"var":[7.49709939957,6.95327281952,6.72337341309,6.2429599762,5.7042350769,3.77756667137]},"spectral_decrease":{"dmean":4.86215068207e-9,"dmean2":8.05575250951e-9,"dvar":3.44114513273e-17,"dvar2":9.25991704236e-17,"max":1.04594501948e-8,"mean":-1.00849941731e-8,"median":-8.92356855076e-9,"min":-6.94117545663e-8,"var":4.90007037974e-17},"spectral_energy":{"dmean":0.018734684214,"dmean2":0.0307845640928,"dvar":0.000479595910292,"dvar2":0.00128223677166,"max":0.276238888502,"mean":0.0596852526069,"median":0.0570037104189,"min":1.00162961101e-20,"var":0.000819342851173},"spectral_energyband_high":{"dmean":0.000391224457417,"dmean2":0.000524922914337,"dvar":2.51396215845e-7,"dvar2":4.97832843394e-7,"max":0.0149682564661,"mean":0.00090614653891,"median":0.000702365068719,"min":7.03757106445e-21,"var":8.50170636113e-7},"spectral_energyband_low":{"dmean":0.0147998090833,"dmean2":0.0252586789429,"dvar":0.000413083616877,"dvar2":0.00113622914068,"max":0.246881976724,"mean":0.023627448827,"median":0.0179119855165,"min":9.15244074188e-24,"var":0.000473636493552},"spectral_energyband_middle_high":{"dmean":0.00314566725865,"dmean2":0.00493803154677,"dvar":0.0000141297441587,"dvar2":0.0000344341169694,"max":0.0836573466659,"mean":0.00932009052485,"median":0.00773144792765,"min":1.27567638568e-21,"var":0.0000549105461687},"spectral_energyband_middle_low":{"dmean":0.00588741246611,"dmean2":0.00934648700058,"dvar":0.0000490526144858,"dvar2":0.000116637711471,"max":0.131736651063,"mean":0.0159423295408,"median":0.0117190489545,"min":1.32586755349e-22,"var":0.000215144638787},"spectral_entropy":{"dmean":0.181620359421,"dmean2":0.254007905722,"dvar":0.0342724099755,"dvar2":0.063743814826,"max":9.81598854065,"mean":7.65150976181,"median":7.68754959106,"min":5.80112743378,"var":0.205273196101},"spectral_flux":{"dmean":0.0309980846941,"dmean2":0.0490487776697,"dvar":0.00111897243187,"dvar2":0.00236676237546,"max":0.428401023149,"mean":0.1360706985,"median":0.131961524487,"min":6.26817139859e-11,"var":0.00267156143673},"spectral_kurtosis":{"dmean":4.74382829666,"dmean2":6.7013297081,"dvar":43.5064735413,"dvar2":93.5709609985,"max":107.008750916,"mean":15.7201728821,"median":13.0114355087,"min":-1.25385904312,"var":95.9359588623},"spectral_rms":{"dmean":0.00113661924843,"dmean2":0.00183356250636,"dvar":0.00000138219604651,"dvar2":0.00000361847264685,"max":0.0164164956659,"mean":0.0073128300719,"median":0.00745743792504,"min":3.12601919177e-12,"var":0.00000475203160022},"spectral_rolloff":{"dmean":5121.8515625,"dmean2":9783.62207031,"dvar":61899300,"dvar2":146532288,"max":22006.9335938,"mean":13876.9726562,"median":20671.875,"min":64.599609375,"var":85797392},"spectral_skewness":{"dmean":0.415833771229,"dmean2":0.565339803696,"dvar":0.225672379136,"dvar2":0.446578115225,"max":7.81899309158,"mean":2.65207505226,"median":2.48831987381,"min":-0.0895783156157,"var":0.781513273716},"spectral_spread":{"dmean":561011,"dmean2":814945.375,"dvar":473331302400,"dvar2":892867313664,"max":42954740,"mean":4641289.5,"median":4222271,"min":1173225.5,"var":14572989710300},"spectral_strongpeak":{"dmean":4.09420251846,"dmean2":7.6716375351,"dvar":269.734863281,"dvar2":725.479858398,"max":212.631210327,"mean":3.60343670845,"median":0.281524777412,"min":0,"var":282.511016846},"zerocrossingrate":{"dmean":0.0371051728725,"dmean2":0.0486626587808,"dvar":0.0010888556717,"dvar2":0.00180534180254,"max":0.70947265625,"mean":0.27743563056,"median":0.273681640625,"min":0.0068359375,"var":0.00742000434548}},"metadata":{"audio_properties":{"analysis_sample_rate":44100,"bit_rate":192000,"codec":"mp3","downmix":"mix","equal_loudness":0,"length":199.601638794,"lossless":false,"md5_encoded":"4416812dd195b77c32e8e92c67d67924","replay_gain":0.669145584106,"sample_rate":44100},"tags":{"acoustid_id":["d5aa7141-7784-4c96-aca4-04c48baebddc"],"album":["First Impressions of Earth"],"albumartist":["The Strokes"],"artist":["The Strokes"],"date":["2006"],"discnumber":["1/1"],"file_name":"02 - The Strokes - Juicebox.mp3","musicbrainz_albumartistid":["f181961b-20f7-459e-89de-920ef03c7ed0"],"musicbrainz_albumid":["1a9c8458-e405-3a31-a079-3fb8876570be"],"musicbrainz_artistid":["f181961b-20f7-459e-89de-920ef03c7ed0"],"musicbrainz_recordingid":["db067411-52bf-4569-942d-93f78dea8f6d"],"musicbrainz_releasegroupid":["5ef51a9b-55eb-3400-99a8-47b892e11df7"],"replaygain_album_gain":["+0.13 dB"],"replaygain_album_peak":["0.623519"],"replaygain_track_gain":["-0.14 dB"],"replaygain_track_peak":["0.623519"],"title":["Juicebox"],"tracknumber":["2/14"]},"version":{"essentia":"2.1-beta1","essentia_build_sha":"e76a03f03bb3900de42a1fa0d9be1e72f12def64","essentia_git_sha":"v2.1_beta1-28-g21ef5f4-dirty","extractor":"music 1.0"}},"rhythm":{"beats_count":512,"beats_loudness":{"dmean":0.020099747926,"dmean2":0.0343031100929,"dvar":0.000294344528811,"dvar2":0.000916705233976,"max":0.149407461286,"mean":0.0594116039574,"median":0.0589710399508,"min":0,"var":0.000495529966429},"beats_loudness_band_ratio":{"dmean":[0.162493824959,0.089943446219,0.0656194984913,0.0759941115975,0.0367591045797,0.0755490288138],"dmean2":[0.274085730314,0.157021075487,0.112584300339,0.136089965701,0.0680527612567,0.134222656488],"dvar":[0.0149963842705,0.0088724186644,0.00509235076606,0.00466762762517,0.000908068206627,0.00539824645966],"dvar2":[0.0476470664144,0.0247556827962,0.012452531606,0.0127903176472,0.00289673963562,0.015237278305],"max":[0.98260641098,0.608480095863,0.782189786434,0.48991677165,0.262332499027,0.612356364727],"mean"