{"lowlevel":{"average_loudness":0.961441874504,"barkbands":{"dmean":[0.00626919372007,0.0125177921727,0.00393380550668,0.00137669325341,0.00183451373596,0.00142261292785,0.00138797459658,0.000995991867967,0.000725181598682,0.000641229795292,0.000569091469515,0.000710047839675,0.000669000612106,0.000619997736067,0.000387860578485,0.000324055727106,0.000197276254767,0.000178846821655,0.000163931123097,0.000115681898023,0.000150392748765,0.000143437442603,0.0000434435169154,0.0000225384137593,0.00000272132979262,0.0000228942935792,0.00021142118203],"dmean2":[0.0104365916923,0.0214372705668,0.00672883354127,0.00236498517916,0.00300948764198,0.00226757326163,0.00212747091427,0.00155425153207,0.00116721936502,0.00105492176954,0.000917077704798,0.00115898915101,0.00108937290497,0.00100147980265,0.000628647976555,0.00054076401284,0.000324534921674,0.0002836821659,0.000257306266576,0.000176777975867,0.000231205151067,0.000222140966798,0.000066134831286,0.0000330277180183,0.00000454336350231,0.0000331428709615,0.000325987755787],"dvar":[0.000143034631037,0.000711673463229,0.000124054771732,0.00000829601594887,0.0000133017138069,0.00000773779902374,0.0000107278356154,0.00000649812636766,0.00000214208034777,0.00000128533667976,0.00000131847070861,0.00000127778093884,8.37012919419e-7,6.3979581455e-7,3.11505573336e-7,2.22647798864e-7,8.91083757892e-8,8.00064015039e-8,5.23972474298e-8,3.92951733375e-8,8.2045367833e-8,5.80397454542e-8,4.74651473681e-9,1.471410771e-9,1.87392358575e-11,1.25405785756e-9,8.61544577901e-8],"dvar2":[0.000370606663637,0.00193615269382,0.000326898967614,0.0000226824540732,0.0000343089486705,0.0000187210043805,0.0000231982212426,0.0000141888358485,0.00000519795730725,0.0000033987439565,0.00000346397791873,0.00000328165333485,0.0000021662490326,0.00000164406117165,7.89102557519e-7,5.83349333283e-7,2.29086225545e-7,2.05193785519e-7,1.26048973925e-7,8.74037056064e-8,1.75091088295e-7,1.32805311637e-7,1.04453938832e-8,3.15009174301e-9,4.65938537753e-11,2.51870546641e-9,2.17726181972e-7],"max":[0.147344350815,0.274245381355,0.142791882157,0.040407679975,0.0538740456104,0.060758177191,0.0790489912033,0.0502508096397,0.0283339750022,0.0188984721899,0.0348997376859,0.0263817571104,0.0159503426403,0.0178817156702,0.0120514817536,0.00551421241835,0.00594232045114,0.00578612834215,0.0023999104742,0.00617463048548,0.00721575971693,0.00494761019945,0.00189573608804,0.000708409701474,0.000051732200518,0.000628700305242,0.00638095848262],"mean":[0.00896161142737,0.0170972589403,0.00364394695498,0.0016233130591,0.00242703151889,0.00207062368281,0.00240084086545,0.00145554426126,0.00108590337913,0.000924172985833,0.000862860295456,0.00115723302588,0.0011728934478,0.00118935562205,0.000729246530682,0.000526960182469,0.000352837931132,0.000318025413435,0.000298840459436,0.000214680185309,0.000241879548412,0.000207977747777,0.0000739870229154,0.0000403661942983,0.00000267491464001,0.0000471735511383,0.000634505064227],"median":[0.00430350890383,0.0107800262049,0.00106474081986,0.000622495135758,0.00106957007665,0.00079417868983,0.000660233723465,0.000333184347255,0.000481388822664,0.000463800417492,0.000404869089834,0.000701930955984,0.000789280980825,0.00082173908595,0.000493698113132,0.000345283129718,0.000228319142479,0.000209944657399,0.000191298080608,0.000119034382806,0.000122724886751,0.00007461279165,0.0000326099579979,0.000012803970094,0.00000100327008568,0.0000153051805682,0.000381084362743],"min":[1.04349676461e-23,1.83649469308e-23,1.77289290093e-24,8.54074142989e-24,4.09633379976e-23,3.71259714558e-23,9.98847537146e-23,2.95165781433e-23,7.14217182429e-23,3.27788587743e-23,1.63644698281e-23,6.50479240772e-23,7.43009721946e-23,1.15536795371e-22,1.4117391651e-22,1.07696881124e-22,2.30698749283e-22,2.76835803128e-22,1.17563827109e-22,2.47098978176e-22,4.78342331784e-22,5.49380253419e-22,5.75199759199e-22,7.60104867876e-22,1.48824827256e-21,1.59991068804e-21,2.66557821484e-21],"var":[0.000171415682416,0.000623925880063,0.0000969234461081,0.00000965742583503,0.0000173782864294,0.0000132178156491,0.0000327324742102,0.0000139518406286,0.00000357280191565,0.00000187742602975,0.00000221810842049,0.00000240809322349,0.00000169660665961,0.00000161529715115,7.21236801837e-7,3.42227366446e-7,1.76764970661e-7,1.29312255126e-7,1.00412101744e-7,8.52331396572e-8,1.71800152771e-7,8.92140477049e-8,9.03168118072e-9,3.68034824838e-9,2.02592231185e-11,4.08151601405e-9,4.58055097852e-7]},"barkbands_crest":{"dmean":2.86889052391,"dmean2":4.71702671051,"dvar":6.34986829758,"dvar2":16.5660800934,"max":24.3274478912,"mean":10.7616672516,"median":10.3832559586,"min":1.98802614212,"var":18.0643177032},"barkbands_flatness_db":{"dmean":0.0258014332503,"dmean2":0.0404033027589,"dvar":0.00057254038984,"dvar2":0.00141768320464,"max":0.470055729151,"mean":0.129903376102,"median":0.118168137968,"min":0.0270622130483,"var":0.0032396777533},"barkbands_kurtosis":{"dmean":4.5592007637,"dmean2":7.35704421997,"dvar":79.3353424072,"dvar2":203.244750977,"max":313.101470947,"mean":7.69727706909,"median":2.89712810516,"min":-1.88623428345,"var":283.903564453},"barkbands_skewness":{"dmean":0.666744410992,"dmean2":1.06092762947,"dvar":0.513837099075,"dvar2":1.25877189636,"max":12.4758672714,"mean":2.04511618614,"median":1.69060075283,"min":-1.98853039742,"var":2.19122052193},"barkbands_spread":{"dmean":7.49978685379,"dmean2":11.8442487717,"dvar":64.5735015869,"dvar2":153.875747681,"max":122.837493896,"mean":27.0417995453,"median":25.2912578583,"min":0.441099345684,"var":248.792114258},"dissonance":{"dmean":0.0148264653981,"dmean2":0.0250000245869,"dvar":0.000226220698096,"dvar2":0.000621106533799,"max":0.499999940395,"mean":0.475905895233,"median":0.481981933117,"min":0.273144811392,"var":0.000455606816104},"dynamic_complexity":3.24550867081,"erbbands":{"dmean":[0.687421619892,1.80709159374,4.25323915482,4.30867433548,5.82416439056,5.84812021255,9.07578468323,12.7265396118,19.7343635559,19.7693309784,20.3984928131,15.6524419785,18.344587326,16.9374065399,25.9212608337,24.0732440948,29.4890880585,28.2158946991,24.260093689,18.1930198669,15.5524892807,10.7850284576,9.61821269989,8.89894485474,7.25579166412,5.53759908676,5.38119745255,6.55381774902,5.83358621597,2.52962875366,1.09950518608,0.612916052341,0.302624166012,0.040515024215,0.0196216981858,0.0367181748152,0.0530591234565,0.0520640537143,0.0182946007699,0.00436546560377],"dmean2":[1.18434929848,3.10111403465,7.27614355087,7.27560567856,9.85971355438,9.73485660553,14.4103708267,20.2854995728,30.1682300568,30.7715568542,31.506111145,25.2050323486,29.9729862213,27.5500030518,42.0289039612,39.0158157349,47.9844284058,45.4371566772,39.2627906799,29.7794914246,25.8453083038,17.5072116852,15.2510232925,13.9899530411,11.2731590271,8.43710422516,8.16405010223,10.1980848312,9.08927631378,3.87924480438,1.67189788818,0.916158020496,0.447723418474,0.0647190511227,0.0324692986906,0.0550867468119,0.0770707577467,0.0779639258981,0.0264079440385,0.0068023018539],"dvar":[2.15907645226,14.2444210052,123.885749817,106.346466064,164.491867065,139.306671143,287.356658936,783.18572998,2614.5715332,2392.71630859,2861.57763672,988.020629883,1192.43066406,882.144775391,2265.23803711,1297.74389648,1704.23120117,1335.24951172,1077.09143066,708.334594727,588.207885742,255.158966064,260.798065186,149.364242554,109.236709595,104.362693787,108.157051086,144.079360962,99.1847381592,16.7940177917,2.97512888908,1.02559220791,0.292522966862,0.00327363121323,0.000929917790927,0.00373580795713,0.00718131056055,0.00680244062096,0.000847555638757,0.0000430143336416],"dvar2":[5.93917417526,38.9874534607,325.68170166,283.522155762,447.100280762,356.693756104,658.851379395,1912.02197266,5590.26660156,5303.83300781,6482.43896484,2384.16040039,3012.18286133,2337.7277832,5741.19726562,3293.27246094,4418.21533203,3417.35058594,2793.05175781,1799.05957031,1562.37341309,646.826904297,664.877075195,359.884277344,261.0675354,229.400741577,229.974243164,318.120025635,229.56036377,37.2514381409,6.60952138901,2.2594909668,0.624727725983,0.00767502561212,0.00230258051306,0.00800266582519,0.0146778672934,0.0145321451128,0.00171217892785,0.000110088156362],"max":[15.2465438843,40.6914825439,146.677001953,141.970458984,173.648544312,214.531478882,322.899383545,567.558288574,1398.22875977,1325.69104004,1099.20483398,674.980224609,806.747375488,505.995178223,1135.7097168,590.904052734,755.368469238,666.703552246,525.115356445,646.046630859,318.149169922,357.552642822,333.24508667,246.265548706,121.21105957,362.375030518,247.481643677,309.473876953,200.77180481,99.8301086426,49.2747573853,17.2845191956,9.2627658844,0.714419305325,0.381342977285,1.16012954712,1.44768595695,1.72352457047,0.587537944317,0.180171728134],"mean":[0.925126433372,2.22505116463,4.1219496727,4.9717373848,6.9428024292,7.37279367447,12.956158638,18.5294342041,34.4425735474,31.4590339661,30.8042697906,24.3001766205,28.073638916,27.9518909454,43.9776191711,43.9270324707,54.0076065063,57.125629425,49.2503509521,35.5747642517,26.353225708,20.2836170197,17.5079116821,16.7537956238,13.3563261032,10.4113874435,9.28855800629,9.78481769562,8.1429643631,4.01385545731,1.89335381985,1.07828867435,0.533418357372,0.0572907999158,0.0216898676008,0.0663103610277,0.10712236166,0.0983889773488,0.04353678599,0.0179411023855],"median":[0.555206596851,1.18476259708,1.44892084599,1.94768154621,2.56640315056,3.04986143112,5.11682987213,6.82356214523,8.57837772369,9.48457717896,8.37027168274,10.9834594727,14.600812912,15.7244262695,24.4542064667,29.2030353546,36.9176635742,40.5617828369,36.3309516907,25.2522945404,17.1942939758,13.4840021133,11.7639284134,11.4369468689,8.07168006897,5.74471330643,5.02363204956,4.63159227371,2.83517742157,1.63650512695,0.817747056484,0.373622864485,0.158130437136,0.0285448860377,0.0103520676494,0.0225656051189,0.0325444415212,0.0323820598423,0.0218162536621,0.00946913938969],"min":[8.54599246673e-22,3.12995652216e-21,2.88081622439e-21,1.25705700649e-20,3.27142629811e-20,1.47826248601e-19,3.06402562291e-19,3.05325857477e-19,8.8453804001e-19,1.29935350417e-18,9.15280724464e-19,1.09267436311e-18,2.07321095251e-18,6.54159347223e-19,8.38399766599e-19,3.00315758924e-18,3.00415372149e-18,4.53472654075e-18,6.63726456149e-18,8.33548579781e-18,8.67411037953e-18,1.22956733646e-17,1.08238154796e-17,1.2854587724e-17,8.44461904474e-18,1.07983118469e-17,1.7316266772e-17,1.86547144863e-17,2.01430506363e-17,1.74197520297e-17,1.79031927756e-17,1.48995792031e-17,1.42225748851e-17,1.49964834118e-17,1.08420581208e-17,6.73910662492e-18,2.77841654591e-18,1.36422710827e-18,3.56533326327e-19,4.12268432884e-20],"var":[1.90742003918,11.9079017639,98.6123046875,98.8358688354,165.928619385,191.796432495,563.937866211,1237.3815918,8230.51953125,5260.44140625,5666.49951172,1666.61206055,1841.87573242,1417.68212891,4196.59375,2592.1809082,3492.23046875,3471.16113281,2595.52758789,1615.7244873,898.634643555,526.693969727,394.205963135,300.63269043,208.767959595,225.482498169,233.71635437,269.882507324,146.279632568,28.0164146423,5.95367908478,2.32727098465,0.730309963226,0.00568803865463,0.00106768391561,0.010082452558,0.0222714673728,0.0157269928604,0.0030206956435,0.000348152447259]},"erbbands_crest":{"dmean":2.43455266953,"dmean2":3.93917965889,"dvar":5.43666028976,"dvar2":12.9447526932,"max":30.8879985809,"mean":8.05999851227,"median":7.14885807037,"min":2.13111519814,"var":14.5755357742},"erbbands_flatness_db":{"dmean":0.0195421800017,"dmean2":0.0289769545197,"dvar":0.000314399978379,"dvar2":0.000638006604277,"max":0.301814496517,"mean":0.134369105101,"median":0.128557249904,"min":0.0511032789946,"var":0.00128297763877},"erbbands_kurtosis":{"dmean":0.900789558887,"dmean2":1.41734230518,"dvar":1.15007007122,"dvar2":2.55597686768,"max":21.4077072144,"mean":0.734675228596,"median":0.247392758727,"min":-1.79936361313,"var":3.15170168877},"erbbands_skewness":{"dmean":0.342187553644,"dmean2":0.529820859432,"dvar":0.0932555496693,"dvar2":0.212897360325,"max":4.48871231079,"mean":0.0141160627827,"median":-0.0294936355203,"min":-3.72883486748,"var":0.477351307869},"erbbands_spread":{"dmean":7.32059288025,"dmean2":11.3044948578,"dvar":55.4538040161,"dvar2":125.920036316,"max":116.064064026,"mean":30.5294494629,"median":29.0012226105,"min":4.40290641785,"var":159.98475647},"gfcc":{"cov":[[12637.4316406,-359.568023682,-789.137207031,170.209365845,-337.23739624,-672.893676758,200.067901611,-184.032241821,247.544677734,8.65281200409,71.4970779419,178.996566772,-160.017196655],[-359.568023682,892.656616211,105.388374329,-65.5405273438,144.163787842,-4.38374900818,35.5311088562,3.09514355659,-18.2095737457,27.6523208618,85.0378952026,-52.4201469421,61.1702156067],[-789.137207031,105.388374329,371.258636475,123.833305359,-17.2026119232,104.408576965,-39.6837539673,69.6661605835,-47.8550758362,25.0563049316,-19.6866474152,8.5433807373,20.3689136505],[170.209365845,-65.5405273438,123.833305359,344.778961182,87.6167221069,43.6954040527,68.0451202393,-2.04702544212,-25.1622180939,-5.74414730072,-56.2679176331,35.2182617188,-32.0689468384],[-337.23739624,144.163787842,-17.2026119232,87.6167221069,237.295684814,98.7560195923,75.1751708984,-1.81657361984,-7.42621517181,-18.3448677063,10.0776338577,-13.7477588654,34.8932304382],[-672.893676758,-4.38374900818,104.408576965,43.6954040527,98.7560195923,247.06463623,31.6055908203,50.9677696228,-32.5601158142,18.0458278656,-18.5425071716,5.60017871857,26.0610160828],[200.067901611,35.5311088562,-39.6837539673,68.0451202393,75.1751708984,31.6055908203,180.44519043,9.49277973175,47.8997917175,-6.00624084473,0.107474923134,15.1408109665,-5.44292068481],[-184.032241821,3.09514355659,69.6661605835,-2.04702544212,-1.81657361984,50.9677696228,9.49277973175,140.156112671,35.2638015747,45.3062667847,15.3923473358,-10.787109375,21.8779468536],[247.544677734,-18.2095737457,-47.8550758362,-25.1622180939,-7.42621517181,-32.5601158142,47.8997917175,35.2638015747,143.232971191,62.6919212341,26.9510593414,7.67073822021,-16.9109573364],[8.65281200409,27.6523208618,25.0563049316,-5.74414730072,-18.3448677063,18.0458278656,-6.00624084473,45.3062667847,62.6919212341,103.636039734,50.0996589661,7.28355646133,6.82864332199],[71.4970779419,85.0378952026,-19.6866474152,-56.2679176331,10.0776338577,-18.5425071716,0.107474923134,15.3923473358,26.9510593414,50.0996589661,86.9992599487,26.1644382477,28.5014648438],[178.996566772,-52.4201469421,8.5433807373,35.2182617188,-13.7477588654,5.60017871857,15.1408109665,-10.787109375,7.67073822021,7.28355646133,26.1644382477,76.5778808594,23.0037117004],[-160.017196655,61.1702156067,20.3689136505,-32.0689468384,34.8932304382,26.0610160828,-5.44292068481,21.8779468536,-16.9109573364,6.82864332199,28.5014648438,23.0037117004,85.9594421387]],"icov":[[0.000120890908875,-0.0000602923573751,0.000346837041434,-0.000328989088302,0.000359465513611,0.0000671270245221,-0.0000362823921023,-0.0000235965217144,-0.000139180236147,0.000157265705639,-0.000209304562304,-0.0000611547875451,-0.0000536434963578],[-0.0000602923573751,0.00201889569871,-0.00170188886113,0.00129319028929,-0.00200576800853,0.00127402588259,-0.0010430989787,0.000709064537659,0.000988541753031,-0.00115389283746,-0.00109132018406,0.0014186372282,-0.00021341786487],[0.000346837041434,-0.00170188886113,0.00715794088319,-0.00558338547125,0.00590143306181,-0.00393303809687,0.00226153130643,-0.00153737561777,-0.00177492573857,0.00351439486258,-0.00309251667932,0.0022141255904,-0.00278656068258],[-0.000328989088302,0.00129319028929,-0.00558338547125,0.0139956381172,-0.0128721464425,0.0081462552771,-0.00380525947548,-0.00251696212217,0.00949669722468,-0.0147569514811,0.0174512118101,-0.015013997443,0.00943898968399],[0.000359465513611,-0.00200576800853,0.00590143306181,-0.0128721464425,0.0200331360102,-0.0114561300725,0.00113948457874,0.00396081991494,-0.0103030903265,0.0171486530453,-0.0188771151006,0.0170913022012,-0.0114027969539],[0.0000671270245221,0.00127402588259,-0.00393303809687,0.0081462552771,-0.0114561300725,0.0133701646701,-0.00345913972706,-0.00386555842124,0.00949611049145,-0.0143166417256,0.0149319302291,-0.0119197703898,0.00579546811059],[-0.0000362823921023,-0.0010430989787,0.00226153130643,-0.00380525947548,0.00113948457874,-0.00345913972706,0.00964210741222,-0.000619480910245,-0.0061019686982,0.006564124953,-0.00356554309838,0.000736734364182,-0.000663229613565],[-0.0000235965217144,0.000709064537659,-0.00153737561777,-0.00251696212217,0.00396081991494,-0.00386555842124,-0.000619480910245,0.0123705500737,-0.00524056144059,0.0019715258386,-0.00631465716287,0.00910939462483,-0.00627841707319],[-0.000139180236147,0.000988541753031,-0.00177492573857,0.00949669722468,-0.0103030903265,0.00949611049145,-0.0061019686982,-0.00524056144059,0.0215412974358,-0.0209721606225,0.0153469359502,-0.0135628487915,0.0096965841949],[0.000157265705639,-0.00115389283746,0.00351439486258,-0.0147569514811,0.0171486530453,-0.0143166417256,0.006564124953,0.0019715258386,-0.0209721606225,0.0414176471531,-0.0335769504309,0.020924333483,-0.00981365703046],[-0.000209304562304,-0.00109132018406,-0.00309251667932,0.0174512118101,-0.0188771151006,0.0149319302291,-0.00356554309838,-0.00631465716287,0.0153469359502,-0.0335769504309,0.0506742671132,-0.0310693494976,0.00934650283307],[-0.0000611547875451,0.0014186372282,0.0022141255904,-0.015013997443,0.0170913022012,-0.0119197703898,0.000736734364182,0.00910939462483,-0.0135628487915,0.020924333483,-0.0310693494976,0.0412750504911,-0.0179196577519],[-0.0000536434963578,-0.00021341786487,-0.00278656068258,0.00943898968399,-0.0114027969539,0.00579546811059,-0.000663229613565,-0.00627841707319,0.0096965841949,-0.00981365703046,0.00934650283307,-0.0179196577519,0.024678433314]],"mean":[19.3091831207,82.2858276367,-100.472694397,6.12619400024,-15.1198005676,-4.75836038589,1.89438247681,-18.0847969055,3.10324549675,-1.55362892151,-1.97497594357,2.25652217865,-10.1800231934]},"hfc":{"dmean":24.0245265961,"dmean2":37.3623733521,"dvar":1090.00549316,"dvar2":2699.18261719,"max":801.351928711,"mean":103.672264099,"median":68.5619506836,"min":1.23629726138e-16,"var":8854.00585938},"melbands":{"dmean":[0.00472164899111,0.00214518164285,0.000781955721322,0.000406874634791,0.000295887992252,0.00028886666405,0.000284414505586,0.000217918000999,0.00016201598919,0.0000984892540146,0.0000960782635957,0.0000734372879378,0.0000849223288242,0.0000887264104676,0.0000668670618325,0.0000651563968859,0.0000565020382055,0.0000463730393676,0.0000287296406896,0.0000243119065999,0.0000182710300578,0.0000125088854475,0.0000092442624009,0.00000922510298551,0.00000762375066188,0.00000628319094176,0.00000469732822239,0.00000366114909411,0.00000332212175636,0.00000382526150133,0.00000403851618103,0.00000381621612178,0.00000214824126488,0.00000118632078738,6.90611273058e-7,4.70178832757e-7,3.61437372476e-7,2.62706151943e-7,7.71078489947e-8,2.50415848058e-8],"dmean2":[0.00806547235698,0.00365379825234,0.00131156446878,0.000681860663462,0.000467834761366,0.000458437163616,0.000434272078564,0.000340456841514,0.000251970981481,0.000159185889061,0.000157394591952,0.000119944423204,0.000137682931381,0.000144434467074,0.000110434812086,0.00010606777505,0.0000916889694054,0.0000759073518566,0.0000467840727651,0.0000404549209634,0.0000306614820147,0.0000205941141758,0.0000149602847159,0.0000146989514178,0.0000121544244394,0.00000995669324766,0.00000730742749511,0.0000057188503888,0.00000512426822752,0.00000595249548496,0.00000638211349724,0.00000602166210228,0.00000334781293532,0.00000184329564945,0.00000107347898393,7.1450381256e-7,5.47708623344e-7,3.92031836327e-7,1.21198610259e-7,4.18183390138e-8],"dvar":[0.000101450030343,0.0000221020873141,0.000003320466476,7.61312378472e-7,3.02806313357e-7,3.6102261447e-7,4.91269361191e-7,2.77679447436e-7,1.67370771464e-7,3.67730166317e-8,3.15714601129e-8,1.67252878214e-8,2.98872784299e-8,2.26586092111e-8,9.49795708749e-9,8.27428170425e-9,5.48077627727e-9,4.20984358485e-9,2.04570049789e-9,1.1373432196e-9,8.43417946594e-10,3.64855257118e-10,1.88128651546e-10,2.31659233463e-10,1.09890319067e-10,8.37851524271e-11,5.60789054083e-11,4.41656676509e-11,4.20381160438e-11,5.87095164151e-11,5.41946418298e-11,4.35382216391e-11,1.27173367323e-11,3.73955293814e-12,1.20055332863e-12,5.89464132887e-13,3.79701749643e-13,2.29780577161e-13,1.81399610366e-14,1.595822884e-15],"dvar2":[0.000274664198514,0.0000579620136705,0.00000880463448993,0.00000205790479413,6.78318315295e-7,8.7762612111e-7,0.0000010583630683,6.06802302627e-7,3.92924704329e-7,8.85564759301e-8,8.03021933393e-8,4.43396821481e-8,7.81757734103e-8,5.83248223052e-8,2.50487062203e-8,2.12339301697e-8,1.40909568458e-8,1.10385993679e-8,5.05036190646e-9,2.967686763e-9,2.26151475324e-9,9.44530564873e-10,4.79203621229e-10,6.00883953705e-10,2.69612554504e-10,2.0840192072e-10,1.28480878714e-10,9.97324722807e-11,9.14681663744e-11,1.2527354154e-10,1.25167848308e-10,1.03660531547e-10,2.89087694755e-11,8.36624519662e-12,2.77405876048e-12,1.33423957646e-12,8.56640550596e-13,4.9904573746e-13,4.28853221652e-14,3.96861532623e-15],"max":[0.105450183153,0.058957003057,0.0253768395633,0.0121341338381,0.0123281143606,0.0120202591643,0.0189219377935,0.0122733879834,0.00767706148326,0.00427435804158,0.00391390407458,0.00223140628077,0.00522871175781,0.0036151795648,0.00151570083108,0.00175747391768,0.00141291623004,0.00106951384805,0.0011845753761,0.000465912307845,0.000417500239564,0.000449496845249,0.000188195757801,0.000378408789402,0.000229916695389,0.000106322928332,0.000208447803743,0.000211600679904,0.000189298632904,0.000200003152713,0.000182700896403,0.000127118182718,0.0000710119056748,0.0000558182109671,0.0000287611874228,0.0000262640314759,0.0000112100042315,0.00000755237124395,0.00000252600489148,4.7530414804e-7],"mean":[0.00679561775178,0.00236247200519,0.000955380848609,0.000505717471242,0.00043067522347,0.000433355715359,0.000501648988575,0.000337475241395,0.000237763611949,0.000148305553012,0.000142464254168,0.00011367713887,0.000136335831485,0.000141133714351,0.000110475142719,0.000115722454211,0.000105918690679,0.0000858080238686,0.0000533486054337,0.0000407544794143,0.0000283455428871,0.0000216468069993,0.0000160416348081,0.0000155680954776,0.0000134351394081,0.0000106840680019,0.00000825607639854,0.000006446612133,0.00000553409518034,0.00000586571786698,0.00000563260027775,0.00000502623879584,0.00000318141746902,0.00000184122939118,0.00000112588998036,7.92304433617e-7,6.04394585935e-7,4.53805512279e-7,1.17327729754e-7,2.44495410584e-8],"median":[0.00449090311304,0.0011279938044,0.000392161484342,0.000206890239497,0.000174785629497,0.000158795010066,0.000130862244987,0.0000952169430093,0.0000666755149723,0.0000673733520671,0.0000722427794244,0.000061170598201,0.0000702210818417,0.0000810585916042,0.0000717610237189,0.0000776331798988,0.0000715311252861,0.000059166293795,0.0000349440997525,0.0000277832423308,0.0000171361407411,0.0000137626075229,0.0000103969796328,0.0000100409833976,0.00000883601205715,0.00000637691528027,0.00000450654579254,0.00000346286060449,0.00000298213672068,0.00000282936343865,0.00000249255572271,0.00000169138809269,0.00000112363306926,8.01564397079e-7,4.89437354645e-7,2.93235103754e-7,1.92838243152e-7,1.26504730247e-7,4.22939727684e-8,8.96643648218e-9],"min":[7.31657682198e-24,2.13874134522e-24,2.99148657313e-24,5.1777725651e-24,1.11161064393e-23,6.64174891605e-24,1.74250696493e-23,1.21550204743e-23,7.54183684233e-24,8.62995213194e-24,1.04555174727e-23,2.49039975955e-24,2.38495745551e-24,6.83194406916e-24,6.81704879755e-24,6.81814925851e-24,8.84335715061e-24,1.18184719017e-23,1.04152335017e-23,8.9176473375e-24,1.09137557285e-23,1.35436042052e-23,8.92167920558e-24,1.27735986534e-23,1.03346411051e-23,3.84160193599e-24,8.93260808456e-24,6.1402246791e-24,1.22545581544e-23,8.79046008261e-24,1.17475051858e-23,1.19283854694e-23,9.39005195742e-24,9.22145897134e-24,1.03847463943e-23,9.13049620922e-24,9.09132689869e-24,8.39783217717e-24,1.3498563403e-23,1.24751654732e-23],"var":[0.0000926150751184,0.0000186038996617,0.00000320122376252,7.74840714257e-7,6.43610633233e-7,6.23433777491e-7,0.00000156722057909,6.24811775651e-7,3.17713158893e-7,6.28313543416e-8,4.87309463892e-8,2.55556837914e-8,5.09565438733e-8,4.16990459939e-8,1.65360987125e-8,1.73355445554e-8,1.31081678845e-8,8.98157903606e-9,4.52228121617e-9,1.99019001279e-9,1.21384524654e-9,6.98153812539e-10,3.21366933065e-10,3.50238671398e-10,2.08797604206e-10,1.43265385666e-10,1.12304214539e-10,8.9715880558e-11,8.49975714812e-11,1.20275664428e-10,8.88337320371e-11,6.02150482254e-11,2.02604738542e-11,6.05225418393e-12,2.189098295e-12,1.24393811224e-12,8.11269074922e-13,5.51233158511e-13,3.56218825054e-14,1.71873435267e-15]},"melbands_crest":{"dmean":4.75689220428,"dmean2":7.86160039902,"dvar":17.7961177826,"dvar2":46.9634475708,"max":39.2478179932,"mean":19.8140239716,"median":19.0619297028,"min":1.14950656891,"var":65.5650253296},"melbands_flatness_db":{"dmean":0.0330679044127,"dmean2":0.0510757304728,"dvar":0.000893591495696,"dvar2":0.00215346831828,"max":0.574958562851,"mean":0.226852029562,"median":0.217012748122,"min":0.000139919371577,"var":0.00533979991451},"melbands_kurtosis":{"dmean":10.2696218491,"dmean2":16.9782543182,"dvar":1309.76171875,"dvar2":3807.06591797,"max":1980.42468262,"mean":16.2409076691,"median":6.45367097855,"min":-1.54833626747,"var":2295.28222656},"melbands_skewness":{"dmean":0.96069508791,"dmean2":1.54221701622,"dvar":1.4056892395,"dvar2":3.64522647858,"max":40.2673988342,"mean":2.85844087601,"median":2.34933876991,"min":-0.957532942295,"var":5.0118021965},"melbands_spread":{"dmean":7.32039308548,"dmean2":11.6818237305,"dvar":72.6818313599,"dvar2":194.583343506,"max":160.059036255,"mean":21.8535461426,"median":19.8871173859,"min":0.18690751493,"var":209.753631592},"mfcc":{"cov":[[9160.38671875,-34.1332054138,-706.223510742,364.671325684,-461.175109863,43.4544830322,-471.316925049,131.542160034,-186.727737427,76.9561004639,-143.784606934,266.264099121,-108.31867218],[-34.1332054138,989.028259277,-8.25797462463,-38.1476631165,67.6309280396,-35.2862472534,86.7134933472,-63.9355926514,-12.7153997421,-1.58433747292,94.0639038086,-37.2136878967,37.5],[-706.223510742,-8.25797462463,415.30960083,21.8449039459,59.8235206604,-5.20004272461,40.2405586243,-7.25769329071,27.2516498566,-10.272895813,21.4823970795,-28.2294883728,1.904556036],[364.671325684,-38.1476631165,21.8449039459,306.409515381,10.5372524261,70.0106277466,8.56286716461,51.4043502808,5.02098989487,7.36322975159,-9.60883235931,-8.28362846375,-5.82156133652],[-461.175109863,67.6309280396,59.8235206604,10.5372524261,191.528244019,42.7885627747,91.3921279907,-7.84346199036,37.3880996704,-8.77505588531,13.1756677628,-25.6938304901,26.2872714996],[43.4544830322,-35.2862472534,-5.20004272461,70.0106277466,42.7885627747,200.356933594,69.3029098511,59.1150360107,17.9679889679,9.11064910889,-4.54680633545,-10.4017601013,-7.11756515503],[-471.316925049,86.7134933472,40.2405586243,8.56286716461,91.3921279907,69.3029098511,181.483840942,40.7344398499,44.2703018188,-11.5350847244,9.00831413269,-46.376625061,20.3649978638],[131.542160034,-63.9355926514,-7.25769329071,51.4043502808,-7.84346199036,59.1150360107,40.7344398499,108.60105896,36.3767814636,17.2088813782,-17.2268161774,2.91416335106,-4.51491880417],[-186.727737427,-12.7153997421,27.2516498566,5.02098989487,37.3880996704,17.9679889679,44.2703018188,36.3767814636,100.773696899,38.8866233826,21.8151607513,2.99460816383,21.6861114502],[76.9561004639,-1.58433747292,-10.272895813,7.36322975159,-8.77505588531,9.11064910889,-11.5350847244,17.2088813782,38.8866233826,95.5328369141,43.6649055481,30.8612003326,5.02492618561],[-143.784606934,94.0639038086,21.4823970795,-9.60883235931,13.1756677628,-4.54680633545,9.00831413269,-17.2268161774,21.8151607513,43.6649055481,111.953399658,22.8393993378,15.8882293701],[266.264099121,-37.2136878967,-28.2294883728,-8.28362846375,-25.6938304901,-10.4017601013,-46.376625061,2.91416335106,2.99460816383,30.8612003326,22.8393993378,91.1928024292,20.483505249],[-108.31867218,37.5,1.904556036,-5.82156133652,26.2872714996,-7.11756515503,20.3649978638,-4.51491880417,21.6861114502,5.02492618561,15.8882293701,20.483505249,71.8972244263]],"icov":[[0.00018023182929,-0.0000958206073847,0.000209719539271,-0.000205234042369,0.000159048388014,-0.0000780935661169,0.000309263559757,-0.000201439092052,0.000108844258648,-0.0000400337448809,0.000229504235904,-0.000404626392992,0.000167734309798],[-0.0000958206073847,0.00132456724532,0.0000696488059475,0.0000966322331806,-0.000206910946872,0.000346107350197,-0.000861762207933,0.000566335336771,0.000534298538696,-0.0000516985455761,-0.00121514883358,0.000805105315521,-0.000558062107302],[0.000209719539271,0.0000696488059475,0.00292661879212,-0.000514737737831,-0.000434864050476,0.00029684585752,0.000158622060553,-0.00000282121914097,-0.000531195022631,0.000537920743227,-0.000549433170818,0.000125378530356,0.000512025726493],[-0.000205234042369,0.0000966322331806,-0.000514737737831,0.00406973483041,-0.000587893882766,-0.000985158374533,0.000648509478197,-0.00166664342396,0.000526966759935,-0.000195667336811,-0.000368126988178,0.00123035383876,-0.000601817504503],[0.000159048388014,-0.000206910946872,-0.000434864050476,-0.000587893882766,0.00833798758686,-0.00138839927968,-0.0030799806118,0.00315710622817,-0.00232186121866,0.000669961795211,0.000514005776495,-0.000222747577936,-0.00120049982797],[-0.0000780935661169,0.000346107350197,0.00029684585752,-0.000985158374533,-0.00138839927968,0.0072814701125,-0.00241452851333,-0.00265705655329,0.0012243083911,-0.0007701315335,-0.000336316908943,-0.000297640042845,0.00120338529814],[0.000309263559757,-0.000861762207933,0.000158622060553,0.000648509478197,-0.0030799806118,-0.00241452851333,0.0122255384922,-0.00482821511105,-0.0017694075359,0.00204296293668,-0.00130038312636,0.00432912260294,-0.00247038737871],[-0.000201439092052,0.000566335336771,-0.00000282121914097,-0.00166664342396,0.00315710622817,-0.00265705655329,-0.00482821511105,0.0167820584029,-0.00535875279456,-0.00150240212679,0.003453705227,-0.00234482111409,0.00189653097186],[0.000108844258648,0.000534298538696,-0.000531195022631,0.000526966759935,-0.00232186121866,0.0012243083911,-0.0017694075359,-0.00535875279456,0.0171675793827,-0.00647033471614,-0.00106829253491,0.0012827180326,-0.00377850607038],[-0.0000400337448809,-0.0000516985455761,0.000537920743227,-0.000195667336811,0.000669961795211,-0.0007701315335,0.00204296293668,-0.00150240212679,-0.00647033471614,0.017447238788,-0.00578438909724,-0.00323165999725,0.0018735404592],[0.000229504235904,-0.00121514883358,-0.000549433170818,-0.000368126988178,0.000514005776495,-0.000336316908943,-0.00130038312636,0.003453705227,-0.00106829253491,-0.00578438909724,0.0140801277012,-0.00355889089406,-0.0000427767990914],[-0.000404626392992,0.000805105315521,0.000125378530356,0.00123035383876,-0.000222747577936,-0.000297640042845,0.00432912260294,-0.00234482111409,0.0012827180326,-0.00323165999725,-0.00355889089406,0.0182850975543,-0.00683872401714],[0.000167734309798,-0.000558062107302,0.000512025726493,-0.000601817504503,-0.00120049982797,0.00120338529814,-0.00247038737871,0.00189653097186,-0.00377850607038,0.0018735404592,-0.0000427767990914,-0.00683872401714,0.0187336839736]],"mean":[-638.140625,140.659713745,-21.1133022308,28.3415489197,-2.38692784309,27.7214756012,-0.475045591593,10.0677614212,-3.11794137955,9.53002548218,3.1517701149,7.15746259689,-0.930121064186]},"pitch_salience":{"dmean":0.0856605991721,"dmean2":0.140126571059,"dvar":0.00612568669021,"dvar2":0.0162965543568,"max":0.973016500473,"mean":0.495896726847,"median":0.513197004795,"min":0.0414520204067,"var":0.0206116382033},"silence_rate_20dB":{"dmean":0,"dmean2":0,"dvar":0,"dvar2":0,"max":1,"mean":1,"median":1,"min":1,"var":0},"silence_rate_30dB":{"dmean":0.0947303697467,"dmean2":0.189480155706,"dvar":0.0857565253973,"dvar2":0.178185239434,"max":1,"mean":0.912147641182,"median":1,"min":0,"var":0.0801343396306},"silence_rate_60dB":{"dmean":0.00492105819285,"dmean2":0.00984312500805,"dvar":0.00489684101194,"dvar2":0.0111816935241,"max":1,"mean":0.0357765257359,"median":0,"min":0,"var":0.0344965644181},"spectral_centroid":{"dmean":274.447631836,"dmean2":402.914703369,"dvar":92639.53125,"dvar2":177224.625,"max":10986.5390625,"mean":1387.71472168,"median":1324.59643555,"min":201.003921509,"var":355945.90625},"spectral_complexity":{"dmean":5.1523475647,"dmean2":7.33845996857,"dvar":29.3553009033,"dvar2":54.3051109314,"max":58,"mean":25.7109184265,"median":26,"min":0,"var":148.412796021},"spectral_contrast_coeffs":{"dmean":[0.0552161112428,0.0507114455104,0.038370128721,0.0291603337973,0.0201249998063,0.040074121207],"dmean2":[0.0906689465046,0.0833718255162,0.063989110291,0.0481764934957,0.0331595763564,0.0606668367982],"dvar":[0.00202627829276,0.00162116007414,0.000918278761674,0.000542490743101,0.000275235361187,0.00135590706486],"dvar2":[0.00525345373899,0.00438171671703,0.0025044225622,0.00143299112096,0.000715034955647,0.00303029105999],"max":[-0.310737580061,-0.414076477289,-0.581853568554,-0.562940120697,-0.669450283051,-0.403327971697],"mean":[-0.72368824482,-0.763185918331,-0.80077701807,-0.801568090916,-0.816119611263,-0.701171934605],"median":[-0.735592365265,-0.773207187653,-0.804729640484,-0.804348647594,-0.81507563591,-0.691039741039],"min":[-0.946928262711,-0.974957227707,-0.976176679134,-0.971964240074,-0.970375955105,-0.962597548962],"var":[0.00679276650771,0.00593247637153,0.00255400734022,0.00194591050968,0.000944625993725,0.00477695511654]},"spectral_contrast_valleys":{"dmean":[0.407083809376,0.388563454151,0.322019845247,0.287689983845,0.315546631813,0.489573895931],"dmean2":[0.657400429249,0.628211736679,0.514363288879,0.433499336243,0.438643276691,0.744281411171],"dvar":[0.127143964171,0.114190980792,0.0845663398504,0.0839553177357,0.125208154321,0.212851122022],"dvar2":[0.281013667583,0.262062132359,0.176126897335,0.14248432219,0.212766140699,0.508931815624],"max":[-4.85061311722,-4.62593126297,-4.93468427658,-5.45974206924,-5.63392066956,-9.02484703064],"mean":[-6.78119087219,-6.52854537964,-6.79775762558,-6.98012304306,-7.3533372879,-10.7830038071],"median":[-6.55074167252,-6.37792253494,-6.60623598099,-6.6979227066,-7.06521844864,-10.5754995346],"min":[-27.6857776642,-27.7680301666,-27.4637012482,-27.2204322815,-27.182264328,-27.2012062073],"var":[1.25400280952,1.39557421207,1.18450498581,1.23306202888,1.49030482769,1.06736826897]},"spectral_decrease":{"dmean":5.84849635388e-9,"dmean2":9.51241663216e-9,"dvar":1.00651588398e-16,"dvar2":2.5603699001e-16,"max":1.97893856857e-9,"mean":-1.15509548593e-8,"median":-9.5951362411e-9,"min":-9.69182423205e-8,"var":1.15149470498e-16},"spectral_energy":{"dmean":0.0224466826767,"dmean2":0.0362040810287,"dvar":0.00144360761624,"dvar2":0.00363297993317,"max":0.373513191938,"mean":0.0529993660748,"median":0.045078985393,"min":1.07235848092e-20,"var":0.00177297089249},"spectral_energyband_high":{"dmean":0.000492184713949,"dmean2":0.000722978496924,"dvar":5.84002805226e-7,"dvar2":0.00000120472884646,"max":0.0154147390276,"mean":0.00107420480344,"median":0.000620158214588,"min":8.06222812355e-21,"var":0.00000149457650878},"spectral_energyband_low":{"dmean":0.0186772290617,"dmean2":0.0314663685858,"dvar":0.00126828462817,"dvar2":0.00333330081776,"max":0.350672572851,"mean":0.0284158103168,"median":0.0203886087984,"min":3.00783039058e-23,"var":0.00124256778508},"spectral_energyband_middle_high":{"dmean":0.00235552969389,"dmean2":0.00356457615271,"dvar":0.00000789093610365,"dvar2":0.0000174985143531,"max":0.0486491024494,"mean":0.00753631489351,"median":0.00649477634579,"min":1.30764441219e-21,"var":0.0000347484638041},"spectral_energyband_middle_low":{"dmean":0.00510953506455,"dmean2":0.00808079726994,"dvar":0.0000573470679228,"dvar2":0.000144015415572,"max":0.0916316583753,"mean":0.0112905139104,"median":0.00742807099596,"min":3.06043624269e-22,"var":0.000133511828608},"spectral_entropy":{"dmean":0.146650537848,"dmean2":0.209561929107,"dvar":0.0216224212199,"dvar2":0.0410210378468,"max":9.79786968231,"mean":7.724817276,"median":7.77953672409,"min":5.70316553116,"var":0.108512334526},"spectral_flux":{"dmean":0.0365897715092,"dmean2":0.0573220215738,"dvar":0.00238619954325,"dvar2":0.00488357199356,"max":0.550696730614,"mean":0.123724348843,"median":0.111248522997,"min":1.03554741171e-10,"var":0.00493246363476},"spectral_kurtosis":{"dmean":2.81100296974,"dmean2":4.1567325592,"dvar":11.3209514618,"dvar2":24.5646018982,"max":63.4127998352,"mean":12.1020822525,"median":10.8563308716,"min":-1.19708848,"var":30.3773918152},"spectral_rms":{"dmean":0.00131412234623,"dmean2":0.00204560765997,"dvar":0.00000306316337628,"dvar2":0.00000716945260137,"max":0.0190893448889,"mean":0.0066801449284,"median":0.00663170404732,"min":3.23450662955e-12,"var":0.00000708236393621},"spectral_rolloff":{"dmean":2521.44458008,"dmean2":4666.07910156,"dvar":28914628,"dvar2":72315080,"max":21985.4003906,"mean":5563.84423828,"median":1507.32421875,"min":21.533203125,"var":64196660},"spectral_skewness":{"dmean":0.290985971689,"dmean2":0.413595676422,"dvar":0.105777040124,"dvar2":0.202262744308,"max":6.33658885956,"mean":2.24864149094,"median":2.19987869263,"min":0.0041072270833,"var":0.385374218225},"spectral_spread":{"dmean":428939.65625,"dmean2":654052.8125,"dvar":238005305344,"dvar2":430000078848,"max":39270232,"mean":4082710.75,"median":4078667,"min":1662429.25,"var":974206140416},"spectral_strongpeak":{"dmean":1.92304027081,"dmean2":3.53431296349,"dvar":80.5358505249,"dvar2":222.699508667,"max":131.594726562,"mean":1.73992228508,"median":0.252438545227,"min":0,"var":71.8012161255},"zerocrossingrate":{"dmean":0.0277035273612,"dmean2":0.0341946557164,"dvar":0.000785728334449,"dvar2":0.00105545530096,"max":0.634765625,"mean":0.172081619501,"median":0.14794921875,"min":0.0009765625,"var":0.0117827653885}},"metadata":{"audio_properties":{"analysis_sample_rate":44100,"bit_rate":201954,"codec":"mp3","downmix":"mix","equal_loudness":0,"length":226.482696533,"lossless":false,"md5_encoded":"dd51e2a19d3305c42cf62d87e5a2615e","replay_gain":0.434141159058,"sample_rate":44100},"tags":{"acoustid_id":["bb7da5ae-1214-493a-b864-a844de7f4e5b"],"album":["The Black and White Album"],"albumartist":["The Hives"],"artist":["The Hives"],"date":["2007"],"discnumber":["1/1"],"file_name":"07 - The Hives - Won’t Be Long.mp3","musicbrainz_albumartistid":["487bfd74-71bf-46dd-b89c-80b7a0f06f2f"],"musicbrainz_albumid":["3f42eb42-4c79-400d-afa5-10de47311071"],"musicbrainz_artistid":["487bfd74-71bf-46dd-b89c-80b7a0f06f2f"],"musicbrainz_recordingid":["db4e3bb1-e3fe-4354-92a9-d32d989159c5"],"musicbrainz_releasegroupid":["fd41db70-4e44-3f67-8b2b-b2a9bfa7bc2e"],"replaygain_album_gain":["+0.50 dB"],"replaygain_album_peak":["0.317742"],"replaygain_track_gain":["+0.67 dB"],"replaygain_track_peak":["0.286820"],"title":["Won’t Be Long"],"tracknumber":["7/14"]},"version":{"essentia":"2.1-beta1","essentia_build_sha":"e76a03f03bb3900de42a1fa0d9be1e72f12def64","essentia_git_sha":"v2.1_beta1-28-g21ef5f4-dirty","extractor":"music 1.0"}},"rhythm":{"beats_count":563,"beats_loudness":{"dmean":0.0262185800821,"dmean2":0.0451521724463,"dvar":0.000550623575691,"dvar2":0.00165489583742,"max":0.2086699754,"mean":0.0683551505208,"median":0.0668861418962,"min":3.4929519277e-9,"var":0.00114205130376},"beats_loudness_band_ratio":{"dmean":[0.180297762156,0.0932260230184,0.0877135694027,0.0584034770727,0.0342335365713,0.0511799417436],"dmean2":[0.319147735834,0.174839362502,0.160073921084,0.101940400898,0.0592627897859,0.086870521307],"dvar":[0.0198177732527,0.006442011334,0.0110584767535,0.00295608909801,0.000921359925997,0.00435541849583],"dvar2":[0.0614565126598,0.0192301068455,0.0308702364564,0.00840643420815,0.00253805331886,0.0115240653977],"max":[0.990902662277,0.570553958416,0.696453034878,0.455750197172,0.274373888969,0.726743519306],"mean":[