{"lowlevel":{"average_loudness":0.943466663361,"barkbands":{"dmean":[0.00124325091019,0.00578730646521,0.00100856507197,0.000738421862479,0.00196278048679,0.00259755202569,0.00238212500699,0.00206349068321,0.00209970935248,0.000740983814467,0.000374380091671,0.000450977531727,0.000425414473284,0.000228795252042,0.000198826543055,0.000113270027214,0.000073574417911,0.0000534705068276,0.0000473053296446,0.0000301124746329,0.0000122343390103,0.0000061226651269,0.00000351926314579,0.00000204603338716,0.00000185116505236,0.00000438952429249,0.000068721419666],"dmean2":[0.00210401415825,0.00966118089855,0.00167510285974,0.00122738163918,0.00304440618493,0.00396420620382,0.00385971018113,0.00339495041408,0.00339616416022,0.00119013746735,0.000598103506491,0.000738503527828,0.000704486330505,0.000371782283764,0.000317816389725,0.000179619557457,0.000109284781502,0.0000784144285717,0.000066718988819,0.0000414410897065,0.0000173341541085,0.00000908710262593,0.00000537228606845,0.00000334950073011,0.00000306180754706,0.00000647107299301,0.0000953058843152],"dvar":[0.00000599535133006,0.000138860646985,0.00000257741635323,0.0000020917477741,0.0000186468714674,0.0000423932651756,0.0000144667519635,0.00000893367177923,0.0000111938470582,0.00000303824845105,7.73095962359e-7,6.82632673943e-7,4.78915751501e-7,1.48419132984e-7,2.09589416045e-7,4.62751401642e-8,2.54062495486e-8,1.47097836134e-8,2.21618208229e-8,1.53939634373e-8,6.62867649659e-10,1.86876805697e-10,3.96760992116e-11,1.50970017737e-11,1.33739928854e-11,4.41922713701e-11,1.86517628009e-8],"dvar2":[0.0000149972629515,0.00032910387381,0.00000663224318487,0.00000499260158904,0.0000422400516982,0.0000873981989571,0.0000343284118571,0.0000230146160902,0.0000275289312412,0.00000675121737004,0.00000172969089363,0.00000160448303177,0.00000121493826555,3.66390509043e-7,5.15905924203e-7,1.08646396768e-7,5.04802351031e-8,3.0651705174e-8,4.15272332077e-8,3.05559133551e-8,1.30051980296e-9,4.09322936656e-10,9.497491682e-11,3.69771470388e-11,3.30990304609e-11,9.19552767265e-11,3.60304959202e-8],"max":[0.0330213867128,0.106362707913,0.0401932410896,0.0481265634298,0.145755916834,0.217773377895,0.0921990126371,0.0488836318254,0.0584355890751,0.0608888976276,0.0264229625463,0.019292967394,0.0106072407216,0.0091401161626,0.018311182037,0.00287383794785,0.00223809294403,0.00207948544994,0.0036808734294,0.00454333424568,0.00080959754996,0.000483574433019,0.000255907158135,0.0000913423573365,0.0000818290209281,0.000146332895383,0.00357308262028],"mean":[0.00121927075088,0.00556986406446,0.00138820253778,0.000937144155614,0.00265700533055,0.00369463046081,0.00381311331876,0.00288651930168,0.00309613230638,0.00102029391564,0.000513539824169,0.000643651117571,0.000561599910725,0.000315317214699,0.000297849037452,0.000173359119799,0.000119534452097,0.0000852267548908,0.000075385432865,0.0000446836493211,0.000020346884412,0.00000955255836743,0.00000508031007485,0.00000215124737224,0.00000174391516339,0.00000660763453197,0.000144414501847],"median":[0.000321252766298,0.00172028806992,0.000791373546235,0.00045362408855,0.000955470721237,0.00125835242216,0.00218328717165,0.00177629874088,0.00173576909583,0.000424394966103,0.000236524181673,0.000375292671379,0.000299245584756,0.0001445824455,0.000109639040602,0.0000657686614431,0.0000353239665856,0.0000239380387939,0.0000175122913788,0.0000101510922832,0.00000924061896512,0.00000485490772917,0.00000285960663859,8.78105538504e-7,5.37922517196e-7,0.00000380115602638,0.0000719303352525],"min":[4.40778941124e-11,4.98289881579e-11,2.98528714769e-12,2.29555822051e-13,3.90392687795e-13,3.46440974866e-13,4.1875945528e-13,2.17932497135e-13,2.22227604699e-13,3.44835949075e-13,3.04597682797e-13,5.26346165004e-13,2.51072681525e-13,5.71693517179e-13,1.13891350777e-12,7.33839746782e-13,1.38323478106e-12,1.94969496277e-12,2.51031812525e-12,3.1452019808e-12,6.33270736197e-12,6.55424846341e-12,3.7674798177e-12,5.5906390628e-12,8.06497577055e-12,1.12712894573e-11,2.32804331368e-11],"var":[0.00000615121462033,0.000133962996188,0.00000328915825776,0.00000284984957943,0.0000288989795081,0.00008082655404,0.0000298094273603,0.0000129966956592,0.000018981330868,0.00000514469456903,0.00000120844742924,9.42301426221e-7,6.06738183251e-7,2.21921538923e-7,3.40939493526e-7,8.53867234696e-8,5.76298901933e-8,3.06064578126e-8,4.41058709555e-8,2.56609506977e-8,1.42722045293e-9,3.27986915405e-10,5.52694209843e-11,1.58820786383e-11,1.33789247042e-11,7.8821740801e-11,4.67819738503e-8]},"barkbands_crest":{"dmean":3.12541723251,"dmean2":5.19457769394,"dvar":7.75217294693,"dvar2":19.5715847015,"max":26.96600914,"mean":9.59086608887,"median":8.43081378937,"min":2.31214380264,"var":19.6441268921},"barkbands_flatness_db":{"dmean":0.0293670631945,"dmean2":0.0461576282978,"dvar":0.000703196565155,"dvar2":0.00160156190395,"max":0.888146817684,"mean":0.17496727407,"median":0.160724312067,"min":0.0193886626512,"var":0.00894996710122},"barkbands_kurtosis":{"dmean":75.7531204224,"dmean2":127.849098206,"dvar":658618.4375,"dvar2":1546712.75,"max":67432.5546875,"mean":676.214416504,"median":4.57943058014,"min":-1.4835139513,"var":28807782},"barkbands_skewness":{"dmean":0.852078795433,"dmean2":1.34928691387,"dvar":9.36338329315,"dvar2":19.5366516113,"max":212.715255737,"mean":3.6886985302,"median":1.30959951878,"min":-2.24890589714,"var":316.040161133},"barkbands_spread":{"dmean":4.12323141098,"dmean2":6.27835035324,"dvar":28.6395664215,"dvar2":61.029914856,"max":94.1741943359,"mean":13.2236967087,"median":11.3566703796,"min":0.00477751530707,"var":79.9861755371},"dissonance":{"dmean":0.0316281095147,"dmean2":0.0541495829821,"dvar":0.000864325265866,"dvar2":0.00240685860626,"max":0.500000178814,"mean":0.453213185072,"median":0.462080478668,"min":0.250054776669,"var":0.00134950131178},"dynamic_complexity":3.46056866646,"erbbands":{"dmean":[0.219902306795,1.14383804798,1.25768744946,1.85990047455,3.86493849754,6.58627319336,14.3735027313,22.8875846863,28.8038578033,40.9156570435,46.4355430603,50.8744468689,26.2307033539,20.5550327301,13.8491420746,19.5434532166,19.3101482391,12.0564775467,10.9179811478,8.11221694946,5.33193206787,4.04234743118,2.88434028625,2.60263085365,2.19908547401,1.36093020439,0.694947898388,0.423328459263,0.236165508628,0.147554367781,0.090942427516,0.0507005676627,0.0314496196806,0.0209369286895,0.0130673702806,0.00745600974187,0.00839250255376,0.0105014862493,0.00703876558691,0.00167819764465],"dmean2":[0.373957961798,1.89350390434,2.05729031563,3.03051137924,6.14849805832,10.401679039,21.9504737854,35.1242752075,46.5171394348,66.9227218628,76.8672485352,82.3397293091,41.9114456177,31.7781963348,22.0532093048,31.9561004639,31.6831912994,19.669719696,17.3455486298,12.7320346832,8.2371931076,5.92488670349,4.19492816925,3.69180893898,3.05900359154,1.87519180775,0.987385332584,0.608138203621,0.344067871571,0.223949685693,0.139396801591,0.0809977203608,0.0519835352898,0.0346393696964,0.021593214944,0.0122497528791,0.0123339602724,0.0146280042827,0.00931538455188,0.00234140874818],"dvar":[0.196730434895,5.93654108047,4.9574174881,10.2849283218,86.0311431885,279.161468506,2139.48193359,3566.24389648,2873.6081543,3694.33203125,5255.65771484,7245.59033203,2425.80541992,3764.41235352,932.26965332,1234.67285156,958.596374512,388.382537842,608.801696777,213.726730347,109.635421753,76.8481140137,40.0540733337,52.8588409424,58.1885795593,31.0301074982,4.80132389069,0.650456726551,0.262669354677,0.176816031337,0.0201255902648,0.00788567587733,0.00377843668684,0.00171059637796,0.000665041967295,0.00021100025333,0.000165621444467,0.000691008521244,0.000446620862931,0.00000700617283655],"dvar2":[0.505752265453,13.8061380386,12.4897918701,24.9294109344,193.467025757,644.003051758,4399.74414062,7311.27734375,6330.78320312,9378.7578125,13451.3144531,17693.5878906,5873.6328125,7618.74951172,2075.5300293,3014.21240234,2420.15966797,966.346801758,1440.92102051,499.085144043,245.139419556,150.633789062,79.2191696167,108.097122192,103.695625305,62.8181495667,10.2959709167,1.31066787243,0.537730038166,0.473339051008,0.0454600304365,0.0189798306674,0.00933283567429,0.00423308974132,0.00164491287433,0.000519800698385,0.000352338945959,0.00158813619055,0.00089309545001,0.0000137450660986],"max":[4.2981801033,25.2461719513,42.8928833008,104.794311523,228.313095093,641.763061523,1623.18164062,2516.72900391,1485.13916016,1144.34350586,1430.26843262,1748.71154785,1120.63500977,2289.23754883,923.840209961,933.814208984,400.900939941,383.448974609,1017.83978271,244.928939819,150.38508606,121.161857605,78.6278533936,210.356765747,201.445129395,227.856948853,67.3492279053,22.500617981,19.7032871246,22.7235450745,2.92233657837,2.13837718964,1.37394189835,0.923381090164,0.578320503235,0.327698409557,0.278272122145,1.08850562572,0.688397347927,0.0510714352131],"mean":[0.1967587322,1.11224424839,1.69696712494,2.68720793724,4.92154026031,8.55186653137,19.7601032257,32.4143028259,47.1497497559,63.8571395874,69.3064498901,74.9442520142,39.9857330322,29.7427749634,21.1461753845,28.2647457123,26.8989696503,17.5224075317,16.6000385284,12.9878168106,8.54927825928,6.77269792557,4.79204034805,4.2178478241,3.46127581596,2.06175899506,1.08870744705,0.691747784615,0.372649401426,0.220945715904,0.129922255874,0.0612156279385,0.0302997529507,0.0197570472956,0.0123727042228,0.00751499040052,0.0128259137273,0.0175981614739,0.0126906512305,0.004075916484],"median":[0.0526864677668,0.352575063705,0.924843788147,1.53732657433,1.82325792313,2.91241645813,4.44496154785,11.3217868805,25.3979377747,39.0471611023,43.7048377991,42.1206741333,21.6132164001,11.0639820099,11.4749336243,16.7469825745,15.0493984222,8.53673553467,6.74978733063,5.17122650146,3.26878356934,2.04540085793,1.36727011204,1.15584206581,0.745444893837,0.464234650135,0.407922327518,0.337278187275,0.189352795482,0.117222681642,0.0742275267839,0.0314454622567,0.00994721055031,0.00610770145431,0.00383151881397,0.00277756061405,0.00735977943987,0.00905600469559,0.0051535461098,0.00275201210752],"min":[1.30386967889e-9,1.24244863287e-8,1.21708687573e-8,7.52008375571e-8,1.06403994948e-7,1.46725056993e-7,1.24227668152e-7,9.32896355721e-8,7.63048007002e-8,5.97776548261e-8,5.4369518665e-8,4.44137064903e-8,4.65700686902e-8,4.75126320509e-8,4.39671197228e-8,4.6202679016e-8,4.05404740889e-8,5.86186779117e-8,5.87662896123e-8,8.05220494726e-8,1.03634519633e-7,9.07549804197e-8,1.16136078532e-7,1.17842702707e-7,1.52299449496e-7,1.66982616179e-7,2.04957473215e-7,2.36701239942e-7,2.66451166908e-7,1.35428990689e-7,1.0826069996e-7,1.10061940006e-7,8.73554029113e-8,7.5913511921e-8,6.82125573803e-8,3.99107484839e-8,2.60788137751e-8,1.04839035231e-8,3.1840015069e-9,3.33994804036e-10],"var":[0.169509351254,5.76601743698,5.64077281952,15.4196252823,131.061401367,375.656311035,4509.15429688,6573.14111328,6245.84277344,6203.10107422,7864.22412109,12215.2431641,4041.54858398,7060.11816406,1424.85717773,1606.36035156,1246.52893066,590.897460938,1001.2644043,432.776489258,215.417434692,181.255569458,92.0167770386,102.910865784,115.341819763,51.95520401,8.11105155945,1.31908941269,0.496231019497,0.191470250487,0.0313869938254,0.00933549366891,0.00380922458135,0.00171125528868,0.000666664564051,0.000215753039811,0.000295534613542,0.00106358353514,0.00083345110761,0.0000200225185836]},"erbbands_crest":{"dmean":3.40692996979,"dmean2":5.59672355652,"dvar":9.06486225128,"dvar2":22.4700984955,"max":34.5954856873,"mean":11.0040950775,"median":9.86273002625,"min":3.15918707848,"var":27.0972099304},"erbbands_flatness_db":{"dmean":0.0309480689466,"dmean2":0.0474575459957,"dvar":0.000686160696205,"dvar2":0.00158945436124,"max":0.420679032803,"mean":0.201707437634,"median":0.196765810251,"min":0.0419795773923,"var":0.00217738398351},"erbbands_kurtosis":{"dmean":2.18168115616,"dmean2":3.51725411415,"dvar":7.82177066803,"dvar2":19.1103401184,"max":40.2604484558,"mean":2.71813416481,"median":1.44185209274,"min":-1.74022901058,"var":16.670167923},"erbbands_skewness":{"dmean":0.525775134563,"dmean2":0.818386018276,"dvar":0.217256814241,"dvar2":0.505795419216,"max":5.41848325729,"mean":0.854962050915,"median":0.760491073132,"min":-3.33622431755,"var":0.844274401665},"erbbands_spread":{"dmean":4.64481163025,"dmean2":7.19110059738,"dvar":27.9160041809,"dvar2":65.4010696411,"max":200.5806427,"mean":16.6973209381,"median":14.6542253494,"min":1.5957223177,"var":101.766319275},"gfcc":{"cov":[[14500.8085938,750.62109375,-1766.2253418,-765.672607422,-402.41998291,-862.657836914,-103.926956177,-373.403289795,-18.8222923279,-47.9390907288,-152.09526062,-21.1837882996,-211.515441895],[750.62109375,922.062805176,-149.278335571,-409.454620361,-5.91180944443,-71.2095184326,-58.8358078003,-102.958381653,-2.50979614258,-83.9036026001,-2.51981949806,-77.1941680908,-6.09474658966],[-1766.2253418,-149.278335571,552.287475586,206.46824646,-114.680908203,206.038604736,-37.3082199097,77.0983123779,-13.8119325638,61.8180885315,11.6758127213,31.6059780121,-2.47258496284],[-765.672607422,-409.454620361,206.46824646,420.240020752,134.328735352,6.32874488831,101.151847839,40.1621856689,13.3441867828,31.9762897491,8.28171062469,61.1693840027,-13.8999795914],[-402.41998291,-5.91180944443,-114.680908203,134.328735352,323.432495117,-29.0608406067,115.381263733,-3.75777959824,40.1364631653,-41.3840293884,20.6626834869,1.60149025917,18.5513629913],[-862.657836914,-71.2095184326,206.038604736,6.32874488831,-29.0608406067,299.281097412,-47.3809661865,104.827850342,-34.2529602051,21.1112957001,-1.92702126503,-14.6305036545,26.2404308319],[-103.926956177,-58.8358078003,-37.3082199097,101.151847839,115.381263733,-47.3809661865,248.390853882,-17.1320533752,77.9850234985,-4.39781856537,-9.32472610474,40.9690742493,-64.7978591919],[-373.403289795,-102.958381653,77.0983123779,40.1621856689,-3.75777959824,104.827850342,-17.1320533752,166.268417358,25.3754501343,25.5310440063,17.2603244781,-18.5816249847,27.9129295349],[-18.8222923279,-2.50979614258,-13.8119325638,13.3441867828,40.1364631653,-34.2529602051,77.9850234985,25.3754501343,134.597183228,57.0114402771,14.1508808136,28.1393089294,-24.8923358917],[-47.9390907288,-83.9036026001,61.8180885315,31.9762897491,-41.3840293884,21.1112957001,-4.39781856537,25.5310440063,57.0114402771,93.8495788574,36.5587997437,22.9608669281,2.69389796257],[-152.09526062,-2.51981949806,11.6758127213,8.28171062469,20.6626834869,-1.92702126503,-9.32472610474,17.2603244781,14.1508808136,36.5587997437,65.7183761597,26.0892963409,24.4615001678],[-21.1837882996,-77.1941680908,31.6059780121,61.1693840027,1.60149025917,-14.6305036545,40.9690742493,-18.5816249847,28.1393089294,22.9608669281,26.0892963409,87.4000320435,9.95666503906],[-211.515441895,-6.09474658966,-2.47258496284,-13.8999795914,18.5513629913,26.2404308319,-64.7978591919,27.9129295349,-24.8923358917,2.69389796257,24.4615001678,9.95666503906,97.966758728]],"icov":[[0.00022002607875,-0.000424135709181,0.00116325297859,-0.000672397844028,0.000633948366158,-0.0000273288387689,0.000243561924435,-0.00026165676536,0.000431153166573,-0.000827740761451,0.000702649063896,-0.00064862385625,0.000528330157977],[-0.000424135709181,0.00398277724162,-0.00451321061701,0.00605485588312,-0.00368799339049,0.00170173018705,-0.000336035620421,0.001081045717,-0.000913396186661,0.00280977226794,-0.00186440325342,0.00168729620054,-0.000225791678531],[0.00116325297859,-0.00451321061701,0.0136118447408,-0.0128995571285,0.0110899005085,-0.00666072359309,0.00159744929988,0.00181148957927,-0.0036386968568,0.000977530959062,-0.00227206526324,0.000248855125392,0.000559149659239],[-0.000672397844028,0.00605485588312,-0.0128995571285,0.0212189946324,-0.0167870186269,0.00990187749267,-0.00117506354582,-0.00673885596916,0.0124524943531,-0.011234190315,0.0106408055872,-0.00871954392642,0.00498172780499],[0.000633948366158,-0.00368799339049,0.0110899005085,-0.0167870186269,0.0199996400625,-0.00927183590829,-0.00196853862144,0.00796412210912,-0.0150099964812,0.0165687054396,-0.0150981619954,0.0111702140421,-0.00747244618833],[-0.0000273288387689,0.00170173018705,-0.00666072359309,0.00990187749267,-0.00927183590829,0.0115969460458,-0.0000399630334869,-0.00831683911383,0.0115211484954,-0.011491464451,0.0107250874862,-0.00695954496041,0.00354915554635],[0.000243561924435,-0.000336035620421,0.00159744929988,-0.00117506354582,-0.00196853862144,-0.0000399630334869,0.00893311668187,-0.000795290165115,-0.00241047469899,0.000525739393197,0.00247168494388,-0.00512334471568,0.006173835136],[-0.00026165676536,0.001081045717,0.00181148957927,-0.00673885596916,0.00796412210912,-0.00831683911383,-0.000795290165115,0.0167189761996,-0.015355296433,0.0146089168265,-0.0145590594038,0.0137095656246,-0.00803958903998],[0.000431153166573,-0.000913396186661,-0.0036386968568,0.0124524943531,-0.0150099964812,0.0115211484954,-0.00241047469899,-0.015355296433,0.0354729183018,-0.033964369446,0.0233606807888,-0.0187694430351,0.011108041741],[-0.000827740761451,0.00280977226794,0.000977530959062,-0.011234190315,0.0165687054396,-0.011491464451,0.000525739393197,0.0146089168265,-0.033964369446,0.051772672683,-0.0352566801012,0.0194520503283,-0.0102831227705],[0.000702649063896,-0.00186440325342,-0.00227206526324,0.0106408055872,-0.0150981619954,0.0107250874862,0.00247168494388,-0.0145590594038,0.0233606807888,-0.0352566801012,0.0465058386326,-0.0231390800327,0.00626762583852],[-0.00064862385625,0.00168729620054,0.000248855125392,-0.00871954392642,0.0111702140421,-0.00695954496041,-0.00512334471568,0.0137095656246,-0.0187694430351,0.0194520503283,-0.0231390800327,0.0320382490754,-0.0128548527136],[0.000528330157977,-0.000225791678531,0.000559149659239,0.00498172780499,-0.00747244618833,0.00354915554635,0.006173835136,-0.00803958903998,0.011108041741,-0.0102831227705,0.00626762583852,-0.0128548527136,0.0217404104769]],"mean":[-42.1390113831,128.526748657,-91.8555984497,-26.5860652924,-26.2743396759,-18.7389850616,-1.99939763546,-9.82158565521,4.39064073563,-0.299924045801,-4.88251781464,-5.09061908722,-12.6423482895]},"hfc":{"dmean":11.8466119766,"dmean2":16.6885528564,"dvar":178.245681763,"dvar2":354.624053955,"max":194.076034546,"mean":34.6689186096,"median":27.7708759308,"min":0.00000234246658692,"var":713.909729004},"melbands":{"dmean":[0.00182233657688,0.000919730751775,0.000353874085704,0.000356750882929,0.000464654091047,0.000518806453329,0.000449590355856,0.000430998246884,0.000387317559216,0.000316704827128,0.000129600986838,0.000086766165623,0.000048864283599,0.0000452971034974,0.0000585913003306,0.0000357383178198,0.0000223261158681,0.0000184665605047,0.0000147328910316,0.00000916036151466,0.00000602404952588,0.00000460552109871,0.00000323344602293,0.00000247064804171,0.00000218598256652,0.00000182945780125,0.00000136358994496,8.54294285091e-7,5.22197410646e-7,2.83748732954e-7,2.36078804505e-7,1.44137345615e-7,1.06651242504e-7,7.72720625264e-8,5.6772169188e-8,4.07188665008e-8,2.77315308495e-8,2.24813305749e-8,1.94035720824e-8,1.70575322755e-8],"dmean2":[0.00306706503034,0.00148673879448,0.000569270981941,0.000561538850889,0.00071213504998,0.000797127024271,0.000727794016711,0.00070560653694,0.000639474776108,0.000512325903401,0.000208457160625,0.000134550035,0.0000782633287599,0.0000733279302949,0.0000968888853095,0.0000593108961766,0.0000366463755199,0.000029538083254,0.0000236364339798,0.0000146692727867,0.000009430926184,0.00000694532991474,0.0000048416932259,0.00000368196333511,0.0000031964327718,0.00000264926143245,0.00000192551124201,0.00000123311644984,7.67784115396e-7,4.13128788068e-7,3.46024165765e-7,2.14467604565e-7,1.63463383274e-7,1.1909713038e-7,8.75890009411e-8,6.3825204677e-8,4.52841995013e-8,3.72108530655e-8,3.21656266067e-8,2.82110885763e-8],"dvar":[0.0000133683361128,0.00000319834725815,4.05474452236e-7,5.96049062551e-7,0.00000186362240129,0.00000158070292855,5.94803282183e-7,3.8314340145e-7,3.89638245224e-7,2.82026604737e-7,6.17603106434e-8,6.79853044971e-8,1.18872041099e-8,7.75021380406e-9,1.0035815734e-8,3.49412054845e-9,1.37277034185e-9,1.61825386424e-9,1.10569209344e-9,2.78921968855e-10,1.51301721152e-10,1.05945585638e-10,5.34242615424e-11,3.16694170888e-11,4.04245491248e-11,3.52445433949e-11,3.00207116111e-11,1.40714679492e-11,3.48959576513e-12,3.183933965e-13,2.04456473995e-13,1.05732256446e-13,7.87203147719e-14,4.25156329413e-14,7.42093696606e-15,4.36801931295e-15,2.61045961696e-15,1.91845847476e-15,1.48010494852e-15,1.13462043224e-15],"dvar2":[0.0000326202753058,0.00000759150589147,9.60694137575e-7,0.0000013701962871,0.00000393223854189,0.00000327776001541,0.00000134340916702,9.77471472652e-7,9.90202579487e-7,6.85867689754e-7,1.49948448325e-7,1.37730410188e-7,2.7088999488e-8,1.7770975802e-8,2.57089389777e-8,8.98098750923e-9,3.44199424518e-9,3.80865783356e-9,2.78723200076e-9,6.63657295785e-10,3.45799194834e-10,2.19289378323e-10,1.13174407346e-10,6.77201072996e-11,8.52975953758e-11,6.74322125915e-11,5.61442767277e-11,3.13790000928e-11,7.87203375402e-12,6.67802564549e-13,4.09053921378e-13,2.18992372522e-13,2.06339611196e-13,1.12899591748e-13,1.67318975108e-14,1.03475569245e-14,6.33159288007e-15,4.7438414789e-15,3.66363941951e-15,2.80882880397e-15],"max":[0.0337758027017,0.0240268949419,0.0167560148984,0.0186641830951,0.0421289503574,0.0500009655952,0.0216120760888,0.0100627988577,0.0146777993068,0.0112662473693,0.00576162291691,0.010200063698,0.00263084680773,0.00236867065541,0.00187051424291,0.00120687962044,0.000624032050837,0.0014301642077,0.000939836318139,0.000232839098317,0.000186578021385,0.000147557046148,0.000105786115455,0.0000969310349319,0.000182628049515,0.000118588402984,0.000186197459698,0.000148408711539,0.000050063667004,0.0000163059175975,0.0000118528987514,0.000013888331523,0.0000117309919005,0.0000113352316475,0.00000173792773239,0.00000151626591105,0.00000119134449506,9.74377712737e-7,8.51648394473e-7,7.52940081838e-7],"mean":[0.00173730449751,0.00110674032476,0.000516783678904,0.000462386204163,0.000638538971543,0.000745198805816,0.000748591672163,0.000669878849294,0.000571052194573,0.00045477997628,0.000186857461813,0.000120244301797,0.0000700265882188,0.0000661474332446,0.0000778833709774,0.0000480722555949,0.0000304925579258,0.000026643201636,0.000021592617486,0.0000140047150126,0.00000902573265193,0.00000726228336134,0.00000514085195391,0.00000387027375837,0.00000335679828822,0.00000282881569547,0.00000196971154764,0.00000123205779801,7.58538760692e-7,4.50421424603e-7,3.71476858163e-7,2.17164199512e-7,1.56507468319e-7,1.10379048124e-7,7.94785890434e-8,5.43000489017e-8,2.98387092812e-8,2.11958131047e-8,1.82339405796e-8,1.60303468277e-8],"median":[0.000504892726894,0.000531514000613,0.000292533251923,0.000165742458194,0.000151899555931,0.000265250622761,0.000427497783676,0.000419353425968,0.000349177687895,0.000247626710916,0.0000968954336713,0.000041906885599,0.0000352267670678,0.0000377990290872,0.0000447138590971,0.000024998009394,0.0000140777665365,0.0000105982844616,0.00000781679136708,0.00000544257454749,0.00000319457740261,0.0000021148457563,0.000001397581741,0.00000108730205284,8.81377559381e-7,6.13081851952e-7,3.91040487102e-7,2.76853540981e-7,2.53879534284e-7,2.11661586036e-7,1.78335312739e-7,1.05733420241e-7,8.05011381999e-8,5.90814046575e-8,4.5360849299e-8,2.9752239783e-8,1.27829125063e-8,6.58706111878e-9,5.59962476387e-9,4.90834572986e-9],"min":[1.88421760833e-11,6.55496880733e-12,3.10624762674e-13,9.15612800422e-14,5.43760389905e-14,6.47941376659e-14,8.62261447681e-14,3.19236756713e-14,7.64117501911e-14,3.30955322013e-14,6.68527258833e-14,5.9558037484e-14,4.70384094089e-14,7.362391404e-14,5.98860492988e-14,4.06041167486e-14,7.45229480339e-14,5.89279466152e-14,8.05993116758e-14,6.16208134323e-14,9.98471392914e-14,7.38789319435e-14,8.07620368693e-14,9.28758209662e-14,8.25402978388e-14,9.12229886356e-14,8.99751668028e-14,8.38286146228e-14,7.78593904844e-14,1.16601783025e-13,1.17608139481e-13,1.31264045315e-13,7.05335516014e-14,7.41447986449e-14,6.89421732051e-14,3.77124106412e-14,8.15976450362e-14,5.78119027802e-14,5.93193774808e-14,6.33260330567e-14],"var":[0.000012480901205,0.00000333461048285,6.17213061105e-7,8.58798216541e-7,0.00000375158174393,0.0000029346813335,0.00000130484011152,6.35721619346e-7,5.8591075458e-7,4.67976832397e-7,9.9734982939e-8,1.25574644017e-7,1.76553367481e-8,1.12527906992e-8,1.15041576265e-8,4.72002747998e-9,1.98086458347e-9,2.59749932674e-9,1.71069070021e-9,5.16770903847e-10,2.72263517287e-10,2.22788731907e-10,1.13052518735e-10,6.2775430687e-11,7.31240831775e-11,6.82056772172e-11,5.1873411816e-11,2.02143388833e-11,5.16374269732e-12,6.34849161088e-13,3.96862637154e-13,1.88291249996e-13,1.02106636948e-13,4.39087615822e-14,1.15393703978e-14,5.90249318877e-15,2.8395875349e-15,1.92623444898e-15,1.47473433611e-15,1.13459068021e-15]},"melbands_crest":{"dmean":4.16844987869,"dmean2":6.95408582687,"dvar":13.612408638,"dvar2":35.8824234009,"max":39.9997329712,"mean":13.1368865967,"median":11.7495174408,"min":4.14331865311,"var":36.3792419434},"melbands_flatness_db":{"dmean":0.036129463464,"dmean2":0.0572405122221,"dvar":0.000972034933511,"dvar2":0.00235367007554,"max":0.88125705719,"mean":0.287284165621,"median":0.275741040707,"min":0.0793331116438,"var":0.00740234646946},"melbands_kurtosis":{"dmean":876.151855469,"dmean2":1395.23217773,"dvar":89645000,"dvar2":206798768,"max":632786.0625,"mean":5446.91796875,"median":2.22598052025,"min":-1.78675472736,"var":2234588416},"melbands_skewness":{"dmean":1.53417634964,"dmean2":2.36672306061,"dvar":92.8005752563,"dvar2":186.006072998,"max":765.635437012,"mean":9.55512237549,"median":1.06779026985,"min":-2.93507242203,"var":4844.38525391},"melbands_spread":{"dmean":4.39888381958,"dmean2":6.91337013245,"dvar":30.34258461,"dvar2":66.372467041,"max":107.530151367,"mean":14.1867818832,"median":12.9703464508,"min":0.00148678116966,"var":71.3863830566},"mfcc":{"cov":[[7182.36523438,888.981018066,-853.257995605,381.082427979,-346.814544678,-92.7165374756,-280.958557129,-103.924324036,-122.43964386,14.0875692368,-63.4690361023,-91.3659133911,-50.9383125305],[888.981018066,1385.7878418,-135.326889038,-271.296813965,-57.7857780457,-73.1622161865,-93.5597915649,-78.5670776367,-52.2536354065,-60.7831764221,-34.9162063599,-17.0222206116,-34.4139785767],[-853.257995605,-135.326889038,620.481384277,-139.263214111,-15.4313678741,20.6595840454,-6.85101747513,-25.1086826324,-10.1143074036,-16.2893733978,22.9258155823,47.6952285767,0.919022858143],[381.082427979,-271.296813965,-139.263214111,451.671051025,-34.5160102844,52.4266891479,-0.39932385087,52.0170440674,-22.4103221893,36.1541175842,11.9019145966,-13.0808916092,6.36883687973],[-346.814544678,-57.7857780457,-15.4313678741,-34.5160102844,216.814941406,-14.105799675,57.271812439,-0.602306187153,27.7646560669,-12.7112503052,-5.0336728096,-10.0451946259,-7.3380317688],[-92.7165374756,-73.1622161865,20.6595840454,52.4266891479,-14.105799675,149.671127319,26.328956604,41.010433197,0.119873464108,13.1460666656,7.4921503067,12.6293058395,1.5239636898],[-280.958557129,-93.5597915649,-6.85101747513,-0.39932385087,57.271812439,26.328956604,126.299530029,48.2590560913,19.6014194489,-6.06183099747,-7.32272529602,-8.78352737427,-4.21602678299],[-103.924324036,-78.5670776367,-25.1086826324,52.0170440674,-0.602306187153,41.010433197,48.2590560913,119.480888367,42.8883209229,15.8241882324,13.3756999969,23.699842453,9.75084972382],[-122.43964386,-52.2536354065,-10.1143074036,-22.4103221893,27.7646560669,0.119873464108,19.6014194489,42.8883209229,83.1505279541,34.5834617615,13.6578493118,20.3555870056,12.7652244568],[14.0875692368,-60.7831764221,-16.2893733978,36.1541175842,-12.7112503052,13.1460666656,-6.06183099747,15.8241882324,34.5834617615,74.0233764648,42.0624084473,17.5059356689,14.8468780518],[-63.4690361023,-34.9162063599,22.9258155823,11.9019145966,-5.0336728096,7.4921503067,-7.32272529602,13.3756999969,13.6578493118,42.0624084473,68.9906311035,40.2820281982,15.3129987717],[-91.3659133911,-17.0222206116,47.6952285767,-13.0808916092,-10.0451946259,12.6293058395,-8.78352737427,23.699842453,20.3555870056,17.5059356689,40.2820281982,77.9056854248,41.924079895],[-50.9383125305,-34.4139785767,0.919022858143,6.36883687973,-7.3380317688,1.5239636898,-4.21602678299,9.75084972382,12.7652244568,14.8468780518,15.3129987717,41.924079895,58.5683059692]],"icov":[[0.000218044340727,-0.000106116582174,0.000251223973464,-0.000173501699464,0.000240327353822,0.0000711350294296,0.00024732449674,0.000108282132715,0.0000641608930891,-0.000127126375446,0.000218679415411,-0.000175569002749,0.000256988481851],[-0.000106116582174,0.00105955894105,0.000314811593853,0.000815199397039,0.000090080749942,0.0000808958429843,0.00047599663958,-0.000116778617667,0.00056704506278,0.000286914320895,0.000107976535219,-0.000451493047876,0.000598225160502],[0.000251223973464,0.000314811593853,0.00240384833887,0.000625389220659,0.00056963507086,-0.000303295644699,0.000305969355395,0.000697295297869,0.00051930983318,0.000401196477469,0.00000882950644154,-0.00215366389602,0.00160737382248],[-0.000173501699464,0.000815199397039,0.000625389220659,0.00367223587818,-0.000136834409204,-0.000549138465431,0.000768072437495,-0.00215326808393,0.00293470080942,-0.00192160450388,0.00015105579223,0.000868721748702,-0.000483961950522],[0.000240327353822,0.000090080749942,0.00056963507086,-0.000136834409204,0.00634998269379,0.000386350875488,-0.00257788039744,0.00225573941134,-0.00334614142776,0.00282516796142,-0.00166799710132,0.000494998472277,0.00058722338872],[0.0000711350294296,0.0000808958429843,-0.000303295644699,-0.000549138465431,0.000386350875488,0.00828715413809,-0.00131358101498,-0.00244739791378,0.00263203028589,-0.00293571525253,0.00216248142533,-0.00261592678726,0.00179720763117],[0.00024732449674,0.00047599663958,0.000305969355395,0.000768072437495,-0.00257788039744,-0.00131358101498,0.012481498532,-0.00521336030215,0.000334841315635,0.00121470191516,-0.0000387685540773,0.00334207201377,-0.000878971535712],[0.000108282132715,-0.000116778617667,0.000697295297869,-0.00215326808393,0.00225573941134,-0.00244739791378,-0.00521336030215,0.0159061718732,-0.00861679762602,0.00351094012149,-0.00137504853774,-0.00434436369687,0.00202895351686],[0.0000641608930891,0.00056704506278,0.00051930983318,0.00293470080942,-0.00334614142776,0.00263203028589,0.000334841315635,-0.00861679762602,0.0251350235194,-0.0155535759404,0.00864651799202,-0.00631289416924,0.00175535585731],[-0.000127126375446,0.000286914320895,0.000401196477469,-0.00192160450388,0.00282516796142,-0.00293571525253,0.00121470191516,0.00351094012149,-0.0155535759404,0.0338589586318,-0.022219331935,0.0110000846907,-0.00706387450919],[0.000218679415411,0.000107976535219,0.00000882950644154,0.00015105579223,-0.00166799710132,0.00216248142533,-0.0000387685540773,-0.00137504853774,0.00864651799202,-0.022219331935,0.036759391427,-0.0212695710361,0.00956007931381],[-0.000175569002749,-0.000451493047876,-0.00215366389602,0.000868721748702,0.000494998472277,-0.00261592678726,0.00334207201377,-0.00434436369687,-0.00631289416924,0.0110000846907,-0.0212695710361,0.0387024208903,-0.0229400154203],[0.000256988481851,0.000598225160502,0.00160737382248,-0.000483961950522,0.00058722338872,0.00179720763117,-0.000878971535712,0.00202895351686,0.00175535585731,-0.00706387450919,0.00956007931381,-0.0229400154203,0.0326316058636]],"mean":[-702.579833984,195.254333496,-14.3314065933,10.3251743317,-11.0434617996,4.50168228149,-6.16578960419,1.94522571564,1.13789153099,8.6558008194,8.74529457092,6.71822452545,3.04684758186]},"pitch_salience":{"dmean":0.0876157581806,"dmean2":0.143731981516,"dvar":0.00586697785184,"dvar2":0.0152188520879,"max":0.852407872677,"mean":0.608205497265,"median":0.632128477097,"min":0.000280959386146,"var":0.0172240193933},"silence_rate_20dB":{"dmean":0,"dmean2":0,"dvar":0,"dvar2":0,"max":1,"mean":1,"median":1,"min":1,"var":0},"silence_rate_30dB":{"dmean":0.0175464246422,"dmean2":0.0350979827344,"dvar":0.0172375235707,"dvar2":0.0470260493457,"max":1,"mean":0.987426877022,"median":1,"min":0,"var":0.0124153159559},"silence_rate_60dB":{"dmean":0.00906565319747,"dmean2":0.018133956939,"dvar":0.00898453779519,"dvar2":0.0201443955302,"max":1,"mean":0.035526316613,"median":0,"min":0,"var":0.0342632122338},"spectral_centroid":{"dmean":139.756454468,"dmean2":200.986404419,"dvar":37351.7460938,"dvar2":68822.9296875,"max":3920.65795898,"mean":779.411682129,"median":656.964599609,"min":140.059066772,"var":199658.703125},"spectral_complexity":{"dmean":3.45547604561,"dmean2":4.92483186722,"dvar":11.0084180832,"dvar2":19.521314621,"max":53,"mean":17.245759964,"median":16,"min":0,"var":60.3840522766},"spectral_contrast_coeffs":{"dmean":[0.0579509697855,0.0534076280892,0.043813560158,0.0307218395174,0.0258409902453,0.0473717115819],"dmean2":[0.0935125797987,0.0890938267112,0.0722883790731,0.0508633963764,0.0419152900577,0.0742018297315],"dvar":[0.00219571287744,0.0017712994013,0.00114705204032,0.000617923040409,0.000533450103831,0.00186930131167],"dvar2":[0.00544895790517,0.00486344890669,0.00307033956051,0.00167703267653,0.00136231374927,0.004399985075],"max":[-0.337299227715,-0.424438357353,-0.519958555698,-0.549820244312,-0.67797523737,-0.486323088408],"mean":[-0.690161824226,-0.748667120934,-0.783306062222,-0.811883866787,-0.829720497131,-0.778857350349],"median":[-0.699085116386,-0.75001013279,-0.787920176983,-0.814446926117,-0.828098297119,-0.787827730179],"min":[-0.934467494488,-0.97446835041,-0.968157827854,-0.981242835522,-0.969742357731,-0.929500162601],"var":[0.00693586701527,0.00460836058483,0.0031535809394,0.00158908753656,0.00164130388293,0.00492867268622]},"spectral_contrast_valleys":{"dmean":[0.455600887537,0.364356845617,0.346468508244,0.370760887861,0.406386524439,0.758364677429],"dmean2":[0.728528261185,0.583453536034,0.536927640438,0.546100795269,0.582109153271,1.22656917572],"dvar":[0.137704953551,0.0948523953557,0.0941852256656,0.120637916028,0.167595893145,0.402298033237],"dvar2":[0.322425156832,0.218738526106,0.200230941176,0.240159004927,0.352131724358,1.04304635525],"max":[-5.17756986618,-4.2772603035,-5.13789558411,-5.70202922821,-5.94808912277,-8.84979057312],"mean":[-7.20630931854,-6.08204555511,-6.89315032959,-7.5712428093,-8.34617900848,-11.5668201447],"median":[-7.04931259155,-5.85231494904,-6.67088699341,-7.3828754425,-8.2133140564,-11.4304046631],"min":[-16.9454917908,-16.6783180237,-16.8126564026,-16.6641540527,-15.8848438263,-17.5850658417],"var":[1.51916003227,1.94117951393,1.80547702312,1.77219295502,1.56715083122,1.36099720001]},"spectral_decrease":{"dmean":3.32722427387e-9,"dmean2":4.95280438884e-9,"dvar":1.96316760011e-17,"dvar2":4.20647215693e-17,"max":-9.35934084327e-17,"mean":-7.1556760517e-9,"median":-5.34321875634e-9,"min":-6.17793816104e-8,"var":4.02140009016e-17},"spectral_energy":{"dmean":0.0132197430357,"dmean2":0.0194623563439,"dvar":0.000297077698633,"dvar2":0.000629084708635,"max":0.242900639772,"mean":0.0301517099142,"median":0.0231040418148,"min":5.65713587086e-10,"var":0.000649700581562},"spectral_energyband_high":{"dmean":0.0000902461397345,"dmean2":0.000119666423416,"dvar":4.70361491978e-8,"dvar2":9.02773606981e-8,"max":0.0071205268614,"mean":0.000174777887878,"median":0.0000831641082186,"min":9.42926778325e-11,"var":1.01170549272e-7},"spectral_energyband_low":{"dmean":0.00709618953988,"dmean2":0.0116487899795,"dvar":0.000175221110112,"dvar2":0.000413515401306,"max":0.126699820161,"mean":0.00831275992095,"median":0.00384235242382,"min":1.10326331404e-10,"var":0.000181881361641},"spectral_energyband_middle_high":{"dmean":0.00174102082383,"dmean2":0.00256227329373,"dvar":0.00000644480360279,"dvar2":0.0000137211636684,"max":0.0696947202086,"mean":0.0036395015195,"median":0.00223884778097,"min":1.95118348562e-11,"var":0.0000181389041245},"spectral_energyband_middle_low":{"dmean":0.00746322795749,"dmean2":0.0112459491938,"dvar":0.0000973375717876,"dvar2":0.000214148065425,"max":0.224281162024,"mean":0.0174401719123,"median":0.0131825488061,"min":4.03711048966e-12,"var":0.000266469694907},"spectral_entropy":{"dmean":0.235020011663,"dmean2":0.356725752354,"dvar":0.0453762598336,"dvar2":0.101833835244,"max":8.8526802063,"mean":7.07895231247,"median":7.08309459686,"min":5.36444568634,"var":0.198045998812},"spectral_flux":{"dmean":0.0288276094943,"dmean2":0.0455886349082,"dvar":0.000919069570955,"dvar2":0.00212484248914,"max":0.331999689341,"mean":0.102440752089,"median":0.0947555303574,"min":0.0000144616078614,"var":0.00237920042127},"spectral_kurtosis":{"dmean":10.0555610657,"dmean2":16.1054439545,"dvar":208.316955566,"dvar2":529.504211426,"max":217.490127563,"mean":26.6800880432,"median":21.8788108826,"min":0.773569583893,"var":320.357055664},"spectral_rms":{"dmean":0.00109196745325,"dmean2":0.00155175221153,"dvar":0.00000121872187719,"dvar2":0.00000239538644564,"max":0.0153940329328,"mean":0.00499031413347,"median":0.00474768690765,"min":7.42910287954e-7,"var":0.00000451288860859},"spectral_rolloff":{"dmean":707.749389648,"dmean2":1303.21862793,"dvar":8299338.5,"dvar2":21497512,"max":21985.4003906,"mean":1294.61450195,"median":753.662109375,"min":21.533203125,"var":7847871.5},"spectral_skewness":{"dmean":0.610202848911,"dmean2":0.94059830904,"dvar":0.533019542694,"dvar2":1.30101203918,"max":11.8854484558,"mean":3.5886631012,"median":3.36903572083,"min":0.880765974522,"var":1.28311812878},"spectral_spread":{"dmean":574138.0625,"dmean2":901812.25,"dvar":250904051712,"dvar2":619569610752,"max":11796407,"mean":2950385.75,"median":2810744,"min":765389.5625,"var":1458718638080},"spectral_strongpeak":{"dmean":0.654991924763,"dmean2":1.1051646471,"dvar":3.48878765106,"dvar2":9.88960933685,"max":64.6597366333,"mean":0.891628324986,"median":0.545189619064,"min":0,"var":2.54019737244},"zerocrossingrate":{"dmean":0.0214748084545,"dmean2":0.0268256925046,"dvar":0.00038841238711,"dvar2":0.000580416235607,"max":0.38720703125,"mean":0.112102381885,"median":0.10498046875,"min":0,"var":0.00255020987242}},"metadata":{"audio_properties":{"analysis_sample_rate":44100,"bit_rate":192000,"codec":"mp3","downmix":"mix","equal_loudness":0,"length":158.798370361,"lossless":false,"md5_encoded":"d702027b43feb654ea54b8bfe43e9ecf","replay_gain":-5.80844688416,"sample_rate":44100},"tags":{"album":["The Head on the Door"],"albumartist":["The Cure"],"albumartistsort":["Cure, The"],"artist":["The Cure"],"artistsort":["Cure, The"],"asin":["B0000261KZ"],"barcode":["075596043526"],"catalognumber":["9 60435-2"],"composer":["Robert Smith"],"date":["1985-08"],"file_name":"09 Screw.mp3","label":["Elektra"],"musicbrainz album release country":["US"],"musicbrainz album status":["official"],"musicbrainz album type":["album"],"musicbrainz_albumartistid":["69ee3720-a7cb-4402-b48d-a02c366f2bcf"],"musicbrainz_albumid":["a64d99de-2c9c-4148-b190-7787575d8264"],"musicbrainz_artistid":["69ee3720-a7cb-4402-b48d-a02c366f2bcf"],"musicbrainz_recordingid":["db857a8b-538a-46d2-af6b-25c5e91a4109"],"title":["Screw"],"tracknumber":["9/10"]},"version":{"essentia":"2.1-beta1","essentia_build_sha":"9f04d4dd351e2d05498f0c7e4880499648f24ac0","essentia_git_sha":"v2.1_beta1-34-gf95df8b","extractor":"music 1.0"}},"rhythm":{"beats_count":308,"beats_loudness":{"dmean":0.0323540531099,"dmean2":0.060701739043,"dvar":0.000624057662208,"dvar2":0.00199889251962,"max":0.148531541228,"mean":0.0546734072268,"median":0.0527918338776,"min":0.0000553137797397,"var":0.000796598498709},"beats_loudness_band_ratio":{"dmean":[0.234598681331,0.180894359946,0.208961814642,0.0602171383798,0.0554619506001,0.0321700461209],"dmean2":[0.430452287197,0.335996866226,0.388381391764,0.110146664083,0.109455160797,0.0573548711836],"dvar":[0.0250491276383,0.0216289721429,0.0224406402558,0.00409072125331,0.000942258862779,0.000910006521735],"dvar2":[0.0823349356651,0.0645154416561,0.070987649262,0.0107759376988,0.00298515800387,0.00287492969073],"max":[0.999738395214,0.798038125038,0.842109620571,0.591452121735,0.231529504061,0.198633089662],"mean":[0.38137340545