{"lowlevel":{"average_loudness":0.854044497013,"barkbands":{"dmean":[0.0000254705373663,0.00353455822915,0.0020545150619,0.00129380600993,0.00177491048817,0.00095054745907,0.000947439228185,0.00130917632487,0.000711467291694,0.000735471898224,0.000334294920322,0.000231881072978,0.000187838537386,0.000342056242516,0.00038366561057,0.000784718722571,0.000276339793345,0.000103868042061,0.0000976072769845,0.0000728340382921,0.0000890315859579,0.000106861603854,0.000108285123133,0.0000633657473372,0.000031391664379,0.0000129580812427,0.00000105616868495],"dmean2":[0.0000423123274231,0.00588735286146,0.00362919713371,0.00212164386176,0.00289970985614,0.0015271070879,0.00147123262286,0.00195078621618,0.00112036790233,0.00116034469102,0.000538140360732,0.000371440488379,0.000307314854581,0.000555318489205,0.000628502981272,0.00129143183585,0.000447566853836,0.000169278966496,0.000155506757437,0.000111631918116,0.000134141824674,0.000161938354722,0.00015490585065,0.000085262421635,0.0000417683695559,0.0000181009945663,0.00000186221200238],"dvar":[2.45263476195e-9,0.000060260106693,0.0000224585892283,0.00000701041608409,0.0000106411425804,0.00000348195771949,0.00000819675369712,0.0000134320562211,0.00000267592076852,0.00000287772195406,7.87030501215e-7,4.60532532998e-7,1.88798424006e-7,0.00000162541380178,0.00000165141500474,0.00000647638717055,4.86282033307e-7,4.325438141e-8,3.61691228079e-8,1.84118267299e-8,4.99284205091e-8,1.51608915644e-7,1.1258406829e-7,2.84815460105e-8,9.56768619886e-9,1.08434572432e-9,1.11355091814e-11],"dvar2":[6.42970743314e-9,0.000154994719196,0.0000631301154499,0.0000179138041858,0.0000275331658486,0.00000859612737258,0.0000196081291506,0.0000305047888105,0.00000609991138845,0.00000766887023929,0.00000190612149709,0.00000106537163447,4.75807013345e-7,0.00000328885448653,0.00000430250429417,0.0000171971696545,0.00000125101541926,1.12275500896e-7,9.23460419244e-8,4.14153760175e-8,1.12537385633e-7,3.62967256251e-7,2.40293076104e-7,5.21586578373e-8,1.66097073873e-8,1.92668103693e-9,3.13784484507e-11],"max":[0.000595517165493,0.0647093802691,0.113395266235,0.0607956089079,0.0614578872919,0.0473990738392,0.0793809071183,0.110248632729,0.056696087122,0.0493193566799,0.0255360286683,0.0285138897598,0.0123480400071,0.0794852152467,0.0413500070572,0.0747937336564,0.0354027412832,0.00701423175633,0.0063545210287,0.00300608738326,0.00670558400452,0.0145386587828,0.018528688699,0.00728717818856,0.00489487545565,0.00169530790299,0.0000591648022237],"mean":[0.0000277895305771,0.00347026600502,0.00237239035778,0.00171270652208,0.00289391702972,0.00165266508702,0.00157342129387,0.00269772624597,0.00133376184385,0.00142093002796,0.000546564522665,0.000403891404858,0.000313175958581,0.000609706097748,0.00067784631392,0.00148449186236,0.000559977081139,0.000184634031029,0.000181452574907,0.000119823038403,0.000152312408318,0.000180695918971,0.000177504247404,0.000118165793538,0.0000612703515799,0.0000221594709728,9.44008888837e-7],"median":[0.0000102004978544,0.000937330187298,0.000976387236733,0.000834117119666,0.00154656532686,0.000752881343942,0.00031370902434,0.000725186604541,0.000559709733352,0.000701443757862,0.000231353100389,0.000202192459255,0.000152843975229,0.000229958910495,0.000237113330513,0.000595496036112,0.000288929441012,0.0000919991871342,0.0000829871132737,0.0000542447160115,0.0000553756253794,0.0000592484539084,0.0000432445813203,0.0000342268249369,0.0000196412365767,0.00000559070213058,1.10757923721e-7],"min":[6.03949148024e-25,1.50509464095e-24,2.01917783933e-24,6.7987129091e-25,6.812140505e-24,5.75257764142e-24,7.72513971771e-24,8.21214299755e-24,1.56306777249e-23,1.40823898926e-23,1.12880205298e-23,2.40613493927e-23,2.3520541066e-23,3.32123346862e-23,4.6830838079e-23,5.87868234248e-23,7.90931633543e-23,9.82635246475e-23,7.53679349679e-23,1.56414709198e-22,2.95825565761e-22,3.43192207633e-22,3.70783381411e-22,4.63682948514e-22,8.91340525376e-22,1.31038565966e-21,1.92941877167e-21],"var":[2.31274843721e-9,0.0000534550381417,0.0000216033640754,0.00000792289392848,0.0000158747025125,0.00000752482173993,0.0000205647666007,0.000045813529141,0.00000700856389813,0.00000639670588498,0.0000015973258769,0.00000100097292943,3.37093950975e-7,0.00000444340594186,0.00000390733475797,0.0000139901931107,0.0000014294655557,8.68905374318e-8,9.16123141792e-8,3.1798428779e-8,7.72201858013e-8,2.07701006616e-7,2.03826076017e-7,6.42393587214e-8,2.2815630274e-8,2.48835752004e-9,7.94451917446e-12]},"barkbands_crest":{"dmean":2.89428520203,"dmean2":4.67698907852,"dvar":7.61198472977,"dvar2":19.2908382416,"max":26.0156555176,"mean":9.41469287872,"median":8.32440376282,"min":2.34686493874,"var":18.5532054901},"barkbands_flatness_db":{"dmean":0.0227065365762,"dmean2":0.0350980684161,"dvar":0.000577939266805,"dvar2":0.00134558870923,"max":0.423057764769,"mean":0.129352033138,"median":0.119838610291,"min":0.021945906803,"var":0.00274343322963},"barkbands_kurtosis":{"dmean":2.82840013504,"dmean2":4.51242351532,"dvar":71.8391952515,"dvar2":184.751434326,"max":277.238555908,"mean":3.55511975288,"median":1.01349902153,"min":-1.9324041605,"var":119.920402527},"barkbands_skewness":{"dmean":0.557067453861,"dmean2":0.851241230965,"dvar":0.44352966547,"dvar2":1.01036787033,"max":14.9074754715,"mean":1.24537205696,"median":1.1230700016,"min":-4.40322160721,"var":1.72270488739},"barkbands_spread":{"dmean":5.67991781235,"dmean2":8.40616798401,"dvar":43.2695426941,"dvar2":89.2321166992,"max":135.808837891,"mean":23.3533573151,"median":21.3651161194,"min":0.770214080811,"var":206.067718506},"dissonance":{"dmean":0.0164243150502,"dmean2":0.0274577978998,"dvar":0.000282151246211,"dvar2":0.000753819069359,"max":0.500000178814,"mean":0.466781258583,"median":0.474341154099,"min":0.263297617435,"var":0.000739835784771},"dynamic_complexity":3.82158231735,"erbbands":{"dmean":[0.0621525347233,0.950674653053,2.49098181725,3.03065228462,4.77248239517,6.00667715073,10.4280509949,6.04440498352,8.42713737488,25.4699821472,24.0300960541,17.099275589,19.6947994232,17.047492981,13.1718101501,9.22657871246,8.00156784058,17.3108882904,10.727684021,35.2761421204,30.7628154755,13.4877824783,5.60986566544,5.54394197464,4.3487405777,3.34691953659,3.33413147926,3.83301234245,3.89874339104,3.48662734032,3.04925894737,1.78721678257,0.86078286171,0.434323966503,0.191823706031,0.0755979940295,0.0210811588913,0.00293457717635,0.00017630882212,0.0000142524559124],"dmean2":[0.0931527018547,1.63481283188,4.44045543671,5.07299232483,7.76286411285,9.86833572388,16.8572654724,9.80631446838,13.3915052414,37.1292495728,36.8338470459,26.45104599,31.0744628906,26.8956336975,20.9998664856,14.6692457199,13.0014657974,27.9940624237,17.3313655853,57.3770713806,50.8580093384,21.724943161,9.01922512054,8.80993556976,6.77144670486,5.0866894722,4.99345493317,5.83473396301,5.91923856735,5.15174674988,4.37077999115,2.45859050751,1.1738692522,0.595766484737,0.258830755949,0.105130143464,0.0299549996853,0.00449712108821,0.000306259898935,0.0000223265287786],"dvar":[0.0151643110439,4.57315444946,32.371761322,36.1845016479,84.6229705811,146.761154175,446.682495117,160.938796997,466.268707275,6362.98632812,4080.37475586,1550.60473633,2250.3984375,1904.96240234,1244.19152832,868.830444336,359.363372803,3872.9296875,883.56842041,15364.2753906,7931.73925781,1036.70092773,104.151283264,163.030410767,63.3528633118,38.7965774536,50.6897544861,136.619537354,208.111251831,129.663085938,100.346954346,21.6869544983,5.66655158997,1.88773870468,0.361648529768,0.0386283360422,0.00325531046838,0.0000549954056623,3.50157591811e-7,4.6827486333e-10],"dvar2":[0.0322154201567,12.1626062393,90.8097686768,96.5776901245,208.795135498,383.427276611,1112.96240234,392.201446533,1116.73339844,13204.2763672,10186.8896484,3509.10668945,5788.07861328,5087.08349609,3105.72607422,1943.32092285,883.226867676,7715.23583984,2286.70727539,38536.9140625,21941.4394531,2555.57739258,274.822723389,385.952270508,151.666915894,86.1297988892,112.433898926,327.859344482,503.149230957,276.162384033,224.13822937,39.1099205017,10.6767692566,3.5645506382,0.632660865784,0.0665018036962,0.00612966250628,0.000128475061501,0.00000100082331755,1.15630838238e-9],"max":[1.09485566616,17.9749164581,103.360183716,138.719146729,128.098800659,253.516326904,448.382415771,360.874053955,666.720031738,2122.0480957,2317.60229492,1141.6295166,1117.88952637,1417.34033203,1186.26220703,1301.92321777,664.579589844,3897.8972168,1259.48425293,4502.84814453,3128.79589844,2263.89892578,361.247467041,401.165771484,197.855163574,138.158050537,215.168121338,412.489715576,644.317382812,383.450317383,629.152954102,208.82421875,93.5102767944,59.3719520569,33.3014144897,10.346124649,2.60933828354,0.243774816394,0.0116816246882,0.000401871890062],"mean":[0.0689306110144,0.89658921957,2.72539258003,4.40568065643,7.24517345428,9.13952732086,16.8392314911,10.3850374222,14.0776004791,50.2131958008,51.2347259521,35.217918396,37.7812767029,33.5270576477,24.0074748993,17.470949173,14.863743782,31.019733429,22.7434482574,71.7022094727,64.8242340088,29.9629383087,11.7729349136,10.4701061249,7.7780008316,5.6194601059,5.70359420776,6.37524318695,6.39052391052,5.86468362808,4.8771905899,3.17735433578,1.63331723213,0.8268430233,0.367572724819,0.136506289244,0.0337930284441,0.00412846775725,0.000176577770617,0.00003589654807],"median":[0.0175493694842,0.254968643188,1.04820585251,2.54854416847,3.87876415253,4.33006858826,5.89716386795,5.30438137054,5.34121894836,6.63201093674,21.5580635071,17.20362854,18.9302215576,15.623506546,11.1296634674,9.39651203156,7.94602918625,12.9497509003,9.12435436249,26.3955345154,29.1629943848,16.3404426575,6.53624200821,4.61218643188,3.71626758575,2.62501692772,2.24632263184,2.16917562485,2.02484846115,1.72752308846,1.18865144253,0.822193324566,0.516296744347,0.266281068325,0.118627727032,0.0381079539657,0.00744940899312,0.000820725806989,0.0000404443053412,0.0000300929641526],"min":[4.24027251597e-23,3.33411114959e-22,2.6385357096e-21,2.96378853867e-21,8.74221097675e-21,2.31268374004e-20,3.45765114962e-20,4.04696434481e-20,6.02779501688e-20,1.14810833715e-19,1.92893478216e-19,4.42155954755e-19,3.64351449736e-19,6.41853949937e-19,9.74406870866e-19,1.2316287119e-18,1.18260037283e-18,1.92861440476e-18,2.91661278367e-18,3.25859964779e-18,3.4376375147e-18,5.13344855351e-18,5.68943924301e-18,7.19627197868e-18,5.29024932401e-18,8.1873460219e-18,9.32789987362e-18,9.44043862314e-18,9.93392299606e-18,1.18286496723e-17,9.38421350254e-18,1.07052614726e-17,7.98585061495e-18,7.71906915097e-18,6.58679868591e-18,4.66677765373e-18,2.17163965514e-18,9.04699843658e-19,2.2462896035e-19,2.31453100237e-20],"var":[0.0188186876476,3.69733119011,27.470905304,44.9416046143,106.814125061,227.254608154,1049.29992676,302.045288086,958.571228027,23898.875,9933.75390625,4327.60498047,4553.67529297,4420.85351562,2628.49658203,1997.81445312,682.69543457,10317.5029297,2237.59790039,40905.59375,19513.1289062,3886.48535156,267.451812744,406.929901123,133.964569092,68.2067565918,87.1130599976,180.755844116,275.058654785,220.19480896,164.151489258,47.9634437561,12.827996254,4.15045022964,0.837177336216,0.0930281803012,0.00663891108707,0.0000835265018395,2.42115334004e-7,8.48264458675e-10]},"erbbands_crest":{"dmean":2.72053956985,"dmean2":4.26830148697,"dvar":7.16996669769,"dvar2":16.874212265,"max":32.1625976562,"mean":10.154466629,"median":8.59817886353,"min":2.25585436821,"var":29.9088592529},"erbbands_flatness_db":{"dmean":0.0203992724419,"dmean2":0.0283353868872,"dvar":0.000511478225235,"dvar2":0.000915376411285,"max":0.353560417891,"mean":0.163676604629,"median":0.156983613968,"min":0.0316657759249,"var":0.0025958456099},"erbbands_kurtosis":{"dmean":1.0866266489,"dmean2":1.6859112978,"dvar":3.79672789574,"dvar2":8.75419521332,"max":47.8799362183,"mean":0.843730211258,"median":-0.047993183136,"min":-1.875846982,"var":9.82228565216},"erbbands_skewness":{"dmean":0.380838155746,"dmean2":0.568188130856,"dvar":0.139528810978,"dvar2":0.309118509293,"max":6.17863893509,"mean":0.248390704393,"median":0.211861386895,"min":-6.12316131592,"var":0.947981238365},"erbbands_spread":{"dmean":7.92351770401,"dmean2":11.5644340515,"dvar":83.6588745117,"dvar2":160.550537109,"max":151.57472229,"mean":35.7361183167,"median":31.3157615662,"min":2.47207427025,"var":385.326049805},"gfcc":{"cov":[[20469.890625,267.430084229,-1548.80993652,446.329315186,-1183.52966309,543.956481934,-833.134521484,56.7873077393,-193.277359009,20.8014907837,-424.888519287,-134.500015259,-199.222381592],[267.430084229,1720.4420166,-531.57232666,-191.146865845,443.169799805,-229.041687012,157.092071533,-13.6042823792,171.135009766,-148.349624634,119.994018555,-163.682220459,135.704940796],[-1548.80993652,-531.57232666,908.191833496,165.013275146,-80.9151687622,99.4359359741,29.4712696075,-42.1524009705,-74.7343215942,64.2003097534,-53.5284233093,102.644096375,-60.0477714539],[446.329315186,-191.146865845,165.013275146,345.265533447,-0.0225751828402,93.9442977905,-5.22081708908,-11.1940355301,-38.2811927795,5.96696043015,-12.1001567841,0.818867385387,10.7988710403],[-1183.52966309,443.169799805,-80.9151687622,-0.0225751828402,430.036987305,-44.8759078979,131.104751587,26.457447052,68.4480361938,-40.0882492065,57.6640625,-36.687046051,74.6993789673],[543.956481934,-229.041687012,99.4359359741,93.9442977905,-44.8759078979,208.180786133,-0.31439319253,24.8855018616,-22.55037117,22.2882099152,-40.5278205872,18.0452232361,-10.6064949036],[-833.134521484,157.092071533,29.4712696075,-5.22081708908,131.104751587,-0.31439319253,186.003631592,50.7197570801,29.3072376251,-20.1050205231,44.3590621948,0.60931879282,24.0096263885],[56.7873077393,-13.6042823792,-42.1524009705,-11.1940355301,26.457447052,24.8855018616,50.7197570801,124.203453064,50.77186203,21.0557155609,7.97613811493,10.1780309677,2.09461569786],[-193.277359009,171.135009766,-74.7343215942,-38.2811927795,68.4480361938,-22.55037117,29.3072376251,50.77186203,144.778121948,38.9751853943,21.6411457062,-42.5438804626,15.4662399292],[20.8014907837,-148.349624634,64.2003097534,5.96696043015,-40.0882492065,22.2882099152,-20.1050205231,21.0557155609,38.9751853943,101.190925598,9.91729259491,10.0710124969,-31.9682044983],[-424.888519287,119.994018555,-53.5284233093,-12.1001567841,57.6640625,-40.5278205872,44.3590621948,7.97613811493,21.6411457062,9.91729259491,109.306671143,19.1212387085,16.5369205475],[-134.500015259,-163.682220459,102.644096375,0.818867385387,-36.687046051,18.0452232361,0.60931879282,10.1780309677,-42.5438804626,10.0710124969,19.1212387085,111.93157959,12.7860450745],[-199.222381592,135.704940796,-60.0477714539,10.7988710403,74.6993789673,-10.6064949036,24.0096263885,2.09461569786,15.4662399292,-31.9682044983,16.5369205475,12.7860450745,93.3581161499]],"icov":[[0.000159419112606,-0.000328535941662,0.000357223238098,-0.000408021733165,0.000440553441877,-0.000415289599914,0.00043350760825,-0.000273463199846,0.00024653604487,-0.000288767943857,0.000553739082534,-0.000400987250032,0.000406783859944],[-0.000328535941662,0.00212063360959,-0.000446483521955,0.00122280535288,-0.00160586030688,0.00133943371475,-0.00122902833391,0.00120696786325,-0.00162415916566,0.00213765609078,-0.00193297187798,0.00194294354878,-0.00140881258994],[0.000357223238098,-0.000446483521955,0.0027151752729,-0.00167414569296,0.000802283873782,-0.000856306985952,-0.000407368585002,0.000958474294748,0.000120651755424,-0.00148612167686,0.00268022366799,-0.0029021713417,0.00208922987804],[-0.000408021733165,0.00122280535288,-0.00167414569296,0.00505077978596,-0.00148871494457,-0.000421159726102,-0.000519726483617,0.000428667903179,0.000516544678248,0.000802900583949,-0.00269681052305,0.00324681028724,-0.00281944707967],[0.000440553441877,-0.00160586030688,0.000802283873782,-0.00148871494457,0.00528982793912,-0.00104995607398,-0.000626944878604,-0.000889449263923,0.00028820039006,-0.000857018341776,0.00104754138738,-0.000472132931463,-0.000670166453347],[-0.000415289599914,0.00133943371475,-0.000856306985952,-0.000421159726102,-0.00104995607398,0.00788716040552,-0.00205581006594,-0.000524092232808,-0.00000334347942044,-0.0004696258693,0.0009385823505,0.000741666648537,-0.00148671015631],[0.00043350760825,-0.00122902833391,-0.000407368585002,-0.000519726483617,-0.000626944878604,-0.00205581006594,0.0106100756675,-0.00489611085504,0.000942740705796,0.00189193000551,-0.00212393980473,0.0000488130463054,0.00102015491575],[-0.000273463199846,0.00120696786325,0.000958474294748,0.000428667903179,-0.000889449263923,-0.000524092232808,-0.00489611085504,0.013560699299,-0.00587305612862,0.0000111585841296,0.000988842104562,-0.00338718271814,0.00110148498788],[0.00024653604487,-0.00162415916566,0.000120651755424,0.000516544678248,0.00028820039006,-0.00000334347942044,0.000942740705796,-0.00587305612862,0.0154241165146,-0.00869022123516,0.0000903030741028,0.00548633746803,-0.00373522914015],[-0.000288767943857,0.00213765609078,-0.00148612167686,0.000802900583949,-0.000857018341776,-0.0004696258693,0.00189193000551,0.0000111585841296,-0.00869022123516,0.0194624755532,-0.00519161578268,-0.0007620723336,0.00450142053887],[0.000553739082534,-0.00193297187798,0.00268022366799,-0.00269681052305,0.00104754138738,0.0009385823505,-0.00212393980473,0.000988842104562,0.0000903030741028,-0.00519161578268,0.0163881164044,-0.00702211959288,0.00208590342663],[-0.000400987250032,0.00194294354878,-0.0029021713417,0.00324681028724,-0.000472132931463,0.000741666648537,0.0000488130463054,-0.00338718271814,0.00548633746803,-0.0007620723336,-0.00702211959288,0.0182108338922,-0.00781679805368],[0.000406783859944,-0.00140881258994,0.00208922987804,-0.00281944707967,-0.000670166453347,-0.00148671015631,0.00102015491575,0.00110148498788,-0.00373522914015,0.00450142053887,0.00208590342663,-0.00781679805368,0.0182387903333]],"mean":[-20.2087612152,95.606880188,-121.038238525,28.9733562469,-58.2264976501,17.1564674377,-42.2838096619,11.7473268509,-16.2904129028,-3.7226600647,-25.432477951,-1.40211832523,-6.77025270462]},"hfc":{"dmean":6.15020990372,"dmean2":9.0769109726,"dvar":88.2337188721,"dvar2":195.272399902,"max":219.794830322,"mean":21.1704082489,"median":16.8490505219,"min":1.08413474072e-16,"var":360.393096924},"melbands":{"dmean":[0.000784494041,0.00129433244001,0.000576785823796,0.000370522524463,0.000340091384714,0.000144106234075,0.000144941164763,0.000283129804302,0.000189965387108,0.0000986617596936,0.00010057741747,0.0000746717123548,0.0000464344811917,0.0000288875908154,0.0000227536293096,0.0000163714194059,0.0000374521150661,0.000018598524548,0.0000298265003948,0.000066828339186,0.0000312671909342,0.0000171264782693,0.0000085241817942,0.00000440450776296,0.00000491729406349,0.00000378075719709,0.00000280993822344,0.00000222701373787,0.00000211529641092,0.00000237316658058,0.00000232364550357,0.00000231933108807,0.00000215702220885,0.00000201481748263,0.00000189887623492,0.00000155304826421,0.00000101059845292,6.55672181438e-7,4.74355033475e-7,3.61815665428e-7],"dmean2":[0.00124951521866,0.0022712724749,0.000947565829847,0.00060139130801,0.000551473232917,0.000232439677347,0.000228937482461,0.000412672088714,0.000293382589007,0.000153402535943,0.000158910581376,0.000117716976092,0.0000742366464692,0.00004584974522,0.0000367846150766,0.0000267222585535,0.0000606041976425,0.0000302256175928,0.0000490193269798,0.000108404346975,0.0000519818568137,0.0000277222115983,0.0000137855258799,0.000007157930213,0.00000787743010733,0.00000597515054324,0.00000443524277216,0.00000342895418726,0.00000323792619383,0.00000364709080714,0.00000362142350241,0.00000360829722013,0.00000331269848175,0.00000302213402392,0.00000280512222162,0.0000022016317871,0.00000142944986692,9.19140916267e-7,6.70837096095e-7,5.14769681104e-7],"dvar":[0.00000273748219115,0.00000838353844301,0.00000116202522804,4.74837833053e-7,4.3719921905e-7,8.41174738753e-8,1.51351400746e-7,7.57281384267e-7,2.69715314971e-7,5.19816296674e-8,5.82217474232e-8,3.9360656956e-8,1.51579406804e-8,6.66151889206e-9,2.96390489929e-9,1.42235401235e-9,2.03080503525e-8,2.98892488537e-9,1.00866204278e-8,5.0947626562e-8,6.77797151738e-9,2.02556882378e-9,4.42226227859e-10,6.60632729077e-11,1.42752115684e-10,5.83207163118e-11,2.75692923352e-11,1.7984608594e-11,1.94985121799e-11,2.96364356667e-11,6.09233913318e-11,7.66022384413e-11,5.88482526598e-11,4.1143168733e-11,4.52369808279e-11,2.07748158954e-11,6.25014883598e-12,3.0978611603e-12,2.04384447734e-12,1.35736474144e-12],"dvar2":[0.00000661114791001,0.000023121085178,0.00000297988412967,0.00000120002448512,0.00000110122618935,2.05805321229e-7,3.66551347497e-7,0.00000157031320214,6.74620594054e-7,1.16937179939e-7,1.50088169448e-7,1.04859068983e-7,3.68949777396e-8,1.54658241769e-8,6.8228644956e-9,3.57388940664e-9,4.02483273376e-8,7.4877091194e-9,2.62313264443e-8,1.29938669602e-7,1.85655473217e-8,4.95528240663e-9,1.16684140128e-9,1.69073130496e-10,3.3524530374e-10,1.44596612461e-10,6.54377871334e-11,4.06780789608e-11,4.473943091e-11,6.89958090661e-11,1.51604909182e-10,1.89446805465e-10,1.42069453424e-10,8.64736962591e-11,1.09083318767e-10,4.01256736171e-11,1.21430704034e-11,6.08776093772e-12,3.88304449359e-12,2.68303023028e-12],"max":[0.0131852552295,0.0417924970388,0.0215855110437,0.0113668236881,0.0147783206776,0.00831059273332,0.012106468901,0.0263230148703,0.0208299513906,0.00654337275773,0.00541003560647,0.00673834001645,0.00388029613532,0.00382963055745,0.0016921996139,0.00114643014967,0.00898785423487,0.00223399722017,0.00308995996602,0.00662280619144,0.00316214933991,0.00328383082524,0.000797825865448,0.000268881616648,0.000369470217265,0.000261959561612,0.000135554771987,0.0000737706868676,0.0001047278638,0.000154792971443,0.000301614956697,0.000344053667504,0.000298961356748,0.000226274103625,0.000380397919798,0.000287538947305,0.0000977722593234,0.0000698747535353,0.0000627951594652,0.0000566334929317],"mean":[0.00080985063687,0.00138142250944,0.000862474145833,0.000583102286328,0.000553024874534,0.000249453267315,0.000238590713707,0.000567005714402,0.000400739896577,0.000194213323994,0.000186980672879,0.000139481562655,0.0000789552213973,0.0000513978811796,0.0000398693591706,0.0000279180530924,0.0000641148071736,0.0000334107280651,0.000056689921621,0.000124929909362,0.0000632300143479,0.0000340054939443,0.0000151759604705,0.00000793919480202,0.00000856177848618,0.00000642004624751,0.00000442553164248,0.00000353351583726,0.000003368274065,0.00000388685793951,0.00000360299350177,0.00000358339843842,0.00000350287268702,0.00000318147931466,0.00000283201052298,0.0000025149031444,0.0000017338517182,0.00000117825516099,8.67736844157e-7,6.50214587949e-7],"median":[0.00020893063629,0.00053382688202,0.000513583188877,0.000314824806992,0.000211651364225,0.000124017664348,0.0000758897440392,0.000090148387244,0.000190365331946,0.000087649692432,0.0000883643369889,0.0000593387521803,0.0000356520577043,0.0000248327978625,0.0000198748602998,0.0000144474870467,0.000024249751732,0.0000113672067528,0.0000202311312023,0.0000448043756478,0.0000292488057312,0.0000174954202521,0.00000707155140844,0.00000401290481022,0.00000332121294377,0.00000292293634629,0.00000193611549548,0.0000015466584955,0.00000125752683289,0.00000144673549585,0.00000113464261631,0.00000108122662823,0.00000114633803605,8.45159433993e-7,6.70216195431e-7,5.81957579016e-7,4.64877302875e-7,3.60491583251e-7,2.72421829095e-7,2.05347390647e-7],"min":[4.34806325892e-25,1.09149358644e-24,6.40831550787e-25,4.49662154459e-25,1.35036075768e-24,1.02337268626e-24,1.11213709026e-24,1.26177049473e-24,1.29309399191e-24,2.30197303537e-24,1.50662286174e-24,2.39730628412e-24,2.66381939108e-24,3.41286944464e-24,2.15873127777e-24,2.71129560415e-24,2.99665637307e-24,4.31834805191e-24,5.01345638842e-24,3.71917466781e-24,4.15973100084e-24,4.40449560707e-24,3.98519710328e-24,4.12635232379e-24,4.43614115671e-24,2.46082378649e-24,4.57290873286e-24,5.16589231987e-24,4.24653883257e-24,5.73493831714e-24,4.60778742892e-24,5.45820117843e-24,5.64662691653e-24,5.34975725865e-24,4.59670551093e-24,5.46430341196e-24,6.29501496592e-24,4.44594275346e-24,5.9106365734e-24,6.10955731698e-24],"var":[0.00000278125480691,0.00000684875794832,0.00000146920638144,6.78988669733e-7,9.55401105784e-7,1.64273671999e-7,3.26877625412e-7,0.00000295486483992,6.23341918526e-7,1.40666514881e-7,1.17547543255e-7,8.97273224609e-8,3.12017895965e-8,1.43568037458e-8,6.5996501597e-9,2.45653541953e-9,5.39142384071e-8,7.19543713501e-9,2.70970748062e-8,1.18136775029e-7,1.71051173226e-8,6.88878110111e-9,9.2929663964e-10,1.51928053471e-10,3.36859734551e-10,1.23720811374e-10,4.46063984361e-11,2.97876723288e-11,3.1706585274e-11,4.56959574346e-11,7.21239942769e-11,9.51398473892e-11,8.12747646961e-11,7.07239891651e-11,6.34131080979e-11,3.98291608028e-11,1.31147705543e-11,6.66101852495e-12,4.41192091541e-12,2.79190624612e-12]},"melbands_crest":{"dmean":3.55447912216,"dmean2":5.7115983963,"dvar":10.3238754272,"dvar2":24.1308555603,"max":34.1656684875,"mean":13.2997140884,"median":12.3064374924,"min":1.6158554554,"var":28.9767551422},"melbands_flatness_db":{"dmean":0.0274553392082,"dmean2":0.0417620204389,"dvar":0.00085264025256,"dvar2":0.001972299302,"max":0.560014903545,"mean":0.186545997858,"median":0.175871893764,"min":0.00307111558504,"var":0.00478282338008},"melbands_kurtosis":{"dmean":6.73422527313,"dmean2":10.6581802368,"dvar":282.816833496,"dvar2":626.118652344,"max":653.198486328,"mean":11.4178028107,"median":5.07525539398,"min":-1.9176440239,"var":679.12097168},"melbands_skewness":{"dmean":0.756591141224,"dmean2":1.15626764297,"dvar":0.794152498245,"dvar2":1.75564908981,"max":18.7250003815,"mean":2.23153448105,"median":1.90906858444,"min":-2.0401468277,"var":2.95975089073},"melbands_spread":{"dmean":7.7577586174,"dmean2":12.0836524963,"dvar":118.528068542,"dvar2":255.800430298,"max":261.11315918,"mean":27.9217395782,"median":23.14402771,"min":0.58302116394,"var":547.529724121},"mfcc":{"cov":[[10973.1660156,-7.98590898514,-219.367904663,-260.921020508,-155.403503418,133.287002563,-380.558074951,-117.121871948,-30.4880084991,79.6711883545,-61.9863510132,-51.6979827881,-73.6440048218],[-7.98590898514,1741.86279297,-603.906188965,55.0277671814,143.194778442,-103.538360596,32.2969436646,45.6146736145,106.301094055,39.8314285278,7.35598230362,36.9866752625,18.3057003021],[-219.367904663,-603.906188965,829.419311523,62.8309669495,-60.5915260315,130.907409668,-8.56675243378,-7.2146396637,-50.6245002747,-36.8951873779,-24.3560523987,-14.6979293823,1.91626191139],[-260.921020508,55.0277671814,62.8309669495,240.120223999,83.9021682739,33.758895874,60.3253135681,18.1233406067,11.4867305756,10.0416278839,-9.64315891266,-11.8560724258,-1.00790631771],[-155.403503418,143.194778442,-60.5915260315,83.9021682739,187.864212036,50.0687522888,29.5549507141,13.9220409393,40.1271133423,28.1185436249,-5.81049346924,-7.28499412537,-2.40438246727],[133.287002563,-103.538360596,130.907409668,33.758895874,50.0687522888,147.212280273,41.4192581177,7.39670324326,12.9766197205,5.60336351395,-11.8373813629,-10.6417541504,-10.3917150497],[-380.558074951,32.2969436646,-8.56675243378,60.3253135681,29.5549507141,41.4192581177,151.912689209,69.6394424438,7.47652435303,-7.43114566803,-2.35687923431,1.84983730316,-2.04165792465],[-117.121871948,45.6146736145,-7.2146396637,18.1233406067,13.9220409393,7.39670324326,69.6394424438,114.936355591,38.1840858459,-4.64374256134,-0.00308150472119,3.61523413658,8.59300518036],[-30.4880084991,106.301094055,-50.6245002747,11.4867305756,40.1271133423,12.9766197205,7.47652435303,38.1840858459,122.896705627,55.3068122864,3.52881669998,5.5088429451,6.76465988159],[79.6711883545,39.8314285278,-36.8951873779,10.0416278839,28.1185436249,5.60336351395,-7.43114566803,-4.64374256134,55.3068122864,97.1299133301,37.4226951599,12.3701105118,9.08200836182],[-61.9863510132,7.35598230362,-24.3560523987,-9.64315891266,-5.81049346924,-11.8373813629,-2.35687923431,-0.00308150472119,3.52881669998,37.4226951599,86.2835235596,41.1723098755,15.7309837341],[-51.6979827881,36.9866752625,-14.6979293823,-11.8560724258,-7.28499412537,-10.6417541504,1.84983730316,3.61523413658,5.5088429451,12.3701105118,41.1723098755,71.4023132324,33.459022522],[-73.6440048218,18.3057003021,1.91626191139,-1.00790631771,-2.40438246727,-10.3917150497,-2.04165792465,8.59300518036,6.76465988159,9.08200836182,15.7309837341,33.459022522,64.6614379883]],"icov":[[0.000118120384286,-0.0000107465539259,0.000104927377834,-1.64845872064e-7,0.000183751020813,-0.000376969575882,0.000462031603092,-0.00023699781741,0.000217319480726,-0.000266370072495,0.000207959339605,-0.0000763844655012,0.000130403161165],[-0.0000107465539259,0.000856372411363,0.000528866774403,-0.000241977497353,-0.000416350871092,0.000366235530237,-0.000036100140278,-0.0000480754206365,-0.000474202533951,0.00022623584664,0.000221089358092,-0.000494773848914,-0.00000543225678484],[0.000104927377834,0.000528866774403,0.00218282151036,-0.000976085430011,0.00112564093433,-0.00223536696285,0.00141021853779,-0.000826507690363,0.000604798202403,0.0000219501416723,0.000526794581674,-0.000341654784279,-0.000290873314952],[-1.64845872064e-7,-0.000241977497353,-0.000976085430011,0.00588706787676,-0.00258492236026,0.000960186705925,-0.00253126048483,0.000833527534269,0.000110157343443,-0.000534899940249,0.000105782070023,0.00103432009928,-0.0004408309469],[0.000183751020813,-0.000416350871092,0.00112564093433,-0.00258492236026,0.00857307203114,-0.00392728485167,0.00129717669915,-0.000649029912893,-0.00048925698502,-0.00154932006262,0.000836249848362,0.000265529408352,-0.00000371459896087],[-0.000376969575882,0.000366235530237,-0.00223536696285,0.000960186705925,-0.00392728485167,0.0120631493628,-0.00514586362988,0.00269493740052,-0.00224948325194,0.00056453270372,-0.0000448323080491,0.00035605346784,0.000802919792477],[0.000462031603092,-0.000036100140278,0.00141021853779,-0.00253126048483,0.00129717669915,-0.00514586362988,0.013661056757,-0.00839030556381,0.00341829517856,-0.00134507729672,0.00123716425151,-0.00189758732449,0.00173501833342],[-0.00023699781741,-0.0000480754206365,-0.000826507690363,0.000833527534269,-0.000649029912893,0.00269493740052,-0.00839030556381,0.0159555654973,-0.00705379806459,0.00494354311377,-0.00250042718835,0.00187354674563,-0.00251270295121],[0.000217319480726,-0.000474202533951,0.000604798202403,0.000110157343443,-0.00048925698502,-0.00224948325194,0.00341829517856,-0.00705379806459,0.0157050583512,-0.0101491203532,0.00476818485186,-0.00212713587098,0.000754322623834],[-0.000266370072495,0.00022623584664,0.0000219501416723,-0.000534899940249,-0.00154932006262,0.00056453270372,-0.00134507729672,0.00494354311377,-0.0101491203532,0.0204299557954,-0.00996089819819,0.00330516393296,-0.00213738600723],[0.000207959339605,0.000221089358092,0.000526794581674,0.000105782070023,0.000836249848362,-0.0000448323080491,0.00123716425151,-0.00250042718835,0.00476818485186,-0.00996089819819,0.0212144292891,-0.0116212842986,0.0023080916144],[-0.0000763844655012,-0.000494773848914,-0.000341654784279,0.00103432009928,0.000265529408352,0.00035605346784,-0.00189758732449,0.00187354674563,-0.00212713587098,0.00330516393296,-0.0116212842986,0.0257406812161,-0.0108964182436],[0.000130403161165,-0.00000543225678484,-0.000290873314952,-0.0004408309469,-0.00000371459896087,0.000802919792477,0.00173501833342,-0.00251270295121,0.000754322623834,-0.00213738600723,0.0023080916144,-0.0108964182436,0.021432692185]],"mean":[-653.102478027,121.616783142,-1.92984640598,14.210272789,7.14342546463,3.81630182266,-10.684715271,7.89764976501,8.97594642639,2.23337626457,-7.05489587784,-2.43093800545,-1.05121088028]},"pitch_salience":{"dmean":0.0792639404535,"dmean2":0.127521067858,"dvar":0.00586090702564,"dvar2":0.0147769963369,"max":0.877557098866,"mean":0.566933214664,"median":0.585117161274,"min":0.0791053920984,"var":0.0148933455348},"silence_rate_20dB":{"dmean":0,"dmean2":0,"dvar":0,"dvar2":0,"max":1,"mean":1,"median":1,"min":1,"var":0},"silence_rate_30dB":{"dmean":0.000601187348366,"dmean2":0.00120246503502,"dvar":0.000600882864092,"dvar2":0.00180247158278,"max":1,"mean":0.999699413776,"median":1,"min":0,"var":0.000300450687064},"silence_rate_60dB":{"dmean":0.0189374014735,"dmean2":0.0378776490688,"dvar":0.018581174314,"dvar2":0.0389988236129,"max":1,"mean":0.108806729317,"median":0,"min":0,"var":0.096969589591},"spectral_centroid":{"dmean":214.740646362,"dmean2":323.831390381,"dvar":73930.1953125,"dvar2":146699.75,"max":11728.8583984,"mean":1360.83557129,"median":1215.67773438,"min":178.06401062,"var":991750.375},"spectral_complexity":{"dmean":3.37942433357,"dmean2":5.16654157639,"dvar":14.2279472351,"dvar2":28.6522293091,"max":58,"mean":20.1591529846,"median":21,"min":0,"var":111.027648926},"spectral_contrast_coeffs":{"dmean":[0.0539860837162,0.0453958958387,0.035384748131,0.0306331235915,0.0224414654076,0.0161472037435],"dmean2":[0.0866669341922,0.0728841796517,0.0569452792406,0.04997908324,0.0364605784416,0.0263229347765],"dvar":[0.00206254469231,0.001483130618,0.000847554008942,0.000626339751761,0.000395215436583,0.000225828640396],"dvar2":[0.00511686317623,0.00370536465198,0.00217055273242,0.00166259123944,0.000984131358564,0.000566376547795],"max":[-0.289594948292,-0.376342684031,-0.53530973196,-0.454584240913,-0.616110146046,-0.586488842964],"mean":[-0.649884223938,-0.720407545567,-0.771522164345,-0.769161999226,-0.791590511799,-0.773243844509],"median":[-0.651256978512,-0.73008877039,-0.775411128998,-0.771712362766,-0.794363200665,-0.771984815598],"min":[-0.980172216892,-0.976801991463,-0.973806738853,-0.973589420319,-0.965331196785,-0.964231669903],"var":[0.0074805743061,0.00761077832431,0.00365858990699,0.00319331255741,0.00192047317978,0.00119026028551]},"spectral_contrast_valleys":{"dmean":[0.439192146063,0.348850101233,0.297235965729,0.261261314154,0.283516794443,0.345353662968],"dmean2":[0.701190054417,0.561185598373,0.473513543606,0.403907746077,0.409027248621,0.438655167818],"dvar":[0.15799061954,0.110104136169,0.0877976194024,0.0716382116079,0.116005726159,0.253351718187],"dvar2":[0.352064877748,0.254401475191,0.190060853958,0.136938840151,0.218459904194,0.427764356136],"max":[-5.17219400406,-4.88042593002,-5.43180465698,-5.59709835052,-5.88678073883,-7.32033061981],"mean":[-7.48420715332,-6.9678235054,-7.35283994675,-7.71688508987,-7.86392688751,-10.3002586365],"median":[-7.18179893494,-6.59115076065,-6.93338871002,-7.29883861542,-7.51900959015,-9.95079231262],"min":[-28.1718883514,-28.1552944183,-28.0939655304,-27.7312965393,-27.5103549957,-27.4144248962],"var":[3.8233230114,4.03400659561,3.93506646156,3.95645642281,3.75710344315,3.69394755363]},"spectral_decrease":{"dmean":2.37816921711e-9,"dmean2":3.8000544933e-9,"dvar":1.03845436968e-17,"dvar2":2.62460156655e-17,"max":2.11707512099e-28,"mean":-6.10189765382e-9,"median":-5.23656140672e-9,"min":-4.3982378628e-8,"var":2.17247175748e-17},"spectral_energy":{"dmean":0.00940152350813,"dmean2":0.0149667980149,"dvar":0.000156901369337,"dvar2":0.000394414790208,"max":0.168771803379,"mean":0.0249501857907,"median":0.0216307062656,"min":9.92203871772e-21,"var":0.000350864545908},"spectral_energyband_high":{"dmean":0.000386154279113,"dmean2":0.000509653764311,"dvar":8.95464097539e-7,"dvar2":0.00000168022927483,"max":0.027914525941,"mean":0.000775418360718,"median":0.000269619224127,"min":7.08173636993e-21,"var":0.00000206136223824},"spectral_energyband_low":{"dmean":0.0054004304111,"dmean2":0.00896274670959,"dvar":0.000118671639939,"dvar2":0.000308230199153,"max":0.157024249434,"mean":0.00671656057239,"median":0.00324817327783,"min":1.16969486681e-23,"var":0.000117077092},"spectral_energyband_middle_high":{"dmean":0.00180654018186,"dmean2":0.00285442452878,"dvar":0.0000111173949335,"dvar2":0.0000293024440907,"max":0.0904221236706,"mean":0.0061317756772,"median":0.00402612797916,"min":1.05057996246e-21,"var":0.0000555837104912},"spectral_energyband_middle_low":{"dmean":0.0049663381651,"dmean2":0.00780633557588,"dvar":0.0000541850749869,"dvar2":0.000134748028358,"max":0.12967838347,"mean":0.0124452160671,"median":0.00909807905555,"min":1.45647224848e-22,"var":0.000147611965076},"spectral_entropy":{"dmean":0.160718053579,"dmean2":0.22635127604,"dvar":0.0345938839018,"dvar2":0.0636769533157,"max":9.82288455963,"mean":7.63033294678,"median":7.65017127991,"min":4.76722669601,"var":0.228186860681},"spectral_flux":{"dmean":0.0254164580256,"dmean2":0.0392777249217,"dvar":0.000884941488039,"dvar2":0.00181483058259,"max":0.29842287302,"mean":0.0818325355649,"median":0.0743878632784,"min":6.41934005952e-11,"var":0.00239105126821},"spectral_kurtosis":{"dmean":2.02644777298,"dmean2":3.26305675507,"dvar":9.37914943695,"dvar2":23.3840789795,"max":96.0517425537,"mean":5.22803115845,"median":4.15915393829,"min":-1.26238381863,"var":22.1909351349},"spectral_rms":{"dmean":0.000844536465593,"dmean2":0.001303588273,"dvar":9.43063923842e-7,"dvar2":0.00000223243387154,"max":0.0128318127245,"mean":0.00451095961034,"median":0.00459381425753,"min":3.11127599378e-12,"var":0.00000399293685405},"spectral_rolloff":{"dmean":474.006561279,"dmean2":769.69921875,"dvar":674916.8125,"dvar2":1377696,"max":19401.4160156,"mean":1768.25732422,"median":1335.05859375,"min":64.599609375,"var":4646003},"spectral_skewness":{"dmean":0.242382973433,"dmean2":0.371845245361,"dvar":0.0780065283179,"dvar2":0.182123482227,"max":7.73300743103,"mean":1.64401364326,"median":1.63146710396,"min":-0.373025596142,"var":0.301227688789},"spectral_spread":{"dmean":551724.8125,"dmean2":740154.375,"dvar":609786855424,"dvar2":973472923648,"max":42504112,"mean":4786692.5,"median":4395199,"min":865125.375,"var":11515460583400},"spectral_strongpeak":{"dmean":0.676565408707,"dmean2":1.11515331268,"dvar":1.47372031212,"dvar2":3.66009497643,"max":23.7324180603,"mean":1.2193171978,"median":0.550634264946,"min":0,"var":3.19140958786},"zerocrossingrate":{"dmean":0.0106384912506,"dmean2":0.0119330929592,"dvar":0.00018289302534,"dvar2":0.000205674165045,"max":0.52490234375,"mean":0.0684344470501,"median":0.05810546875,"min":0.00341796875,"var":0.00311764283106}},"metadata":{"audio_properties":{"analysis_sample_rate":44100,"bit_rate":190686,"codec":"mp3","downmix":"mix","equal_loudness":0,"length":308.976318359,"lossless":false,"md5_encoded":"9d2f1ef21ee3ea0b71dee2e7bb946f3a","replay_gain":-6.18935012817,"sample_rate":44100},"tags":{"acoustid_id":["9721a8d4-f585-40dc-a418-704cc9378019"],"album":["Chinatown"],"albumartist":["Thin Lizzy"],"albumartistsort":["Thin Lizzy"],"artist":["Thin Lizzy"],"artistsort":["Thin Lizzy"],"date":["2011-06-27"],"discnumber":["1/2"],"file_name":"09 - Hey You.mp3","label":["Mercury","Universal UMC"],"media":["CD"],"musicbrainz album release country":["GB"],"musicbrainz album status":["official"],"musicbrainz album type":["album"],"musicbrainz_albumartistid":["6a726ac6-019e-455c-8bbb-571a77bed52e"],"musicbrainz_albumid":["dde1fde5-2e16-45de-ba63-cd1853861761"],"musicbrainz_artistid":["6a726ac6-019e-455c-8bbb-571a77bed52e"],"musicbrainz_recordingid":["dbc723e3-4a6e-4fec-8020-22998d752fa8"],"musicbrainz_releasegroupid":["0765ba50-a1d4-3fa7-a663-07fe12ea405a"],"originaldate":["1980"],"script":["Latn"],"title":["Hey You"],"tracknumber":["9/9"]},"version":{"essentia":"2.1-beta2","essentia_build_sha":"70f2e5ece6736b2c40cc944ad0e695b16b925413","essentia_git_sha":"v2.1_beta2","extractor":"music 1.0"}},"rhythm":{"beats_count":685,"beats_loudness":{"dmean":0.0142284221947,"dmean2":0.0253361072391,"dvar":0.000180588438525,"dvar2":0.000534317281563,"max":0.140901550651,"mean":0.0316924080253,"median":0.0301498081535,"min":0,"var":0.000313644995913},"beats_loudness_band_ratio":{"dmean":[0.21883828938,0.132415115833,0.134456127882,0.0740182474256,0.0622787624598,0.0840212255716],"dmean2":[0.388535767794,0.243108898401,0.236682116985,0.130474805832,0.11024788022,0.159260734916],"dvar":[0.0328870750964,0.0155568579212,0.0227589793503,0.00950548518449,0.00529253156856,0.007684182