{"lowlevel":{"average_loudness":0.502889692783,"barkbands":{"dmean":[0.00843553245068,0.0148761756718,0.00134757638443,0.00163087423425,0.00119227205869,0.00153702718671,0.00131935218815,0.000624624197371,0.00102950783912,0.000455539440736,0.000283541303361,0.000101530618849,0.0000432708438893,0.0000169975119206,0.000016050749764,0.0000114488602776,0.0000141592754517,0.0000140594402183,0.0000105147846625,0.00000794669813331,0.00000552452411284,0.00000381119139092,0.00000289543299914,0.00000273790419669,0.00000273304817711,0.00000308829908136,0.0000140427855513],"dmean2":[0.0143069867045,0.0243383999914,0.00225195265375,0.00284193595871,0.00192938128021,0.00233540474437,0.00212691817433,0.000928418303374,0.00159439805429,0.000703438476194,0.000407835264923,0.000159137838637,0.0000708119332558,0.0000282938399323,0.0000266546576313,0.0000189032616618,0.0000228118315135,0.0000223143433686,0.0000164151879289,0.0000125575852508,0.00000891293984751,0.00000640221924186,0.0000049636323638,0.00000469980250273,0.00000466389110443,0.00000519992408954,0.0000232892289205],"dvar":[0.00035702943569,0.000963237311225,0.00000589102728554,0.0000138333325594,0.00000762832178225,0.0000218112400034,0.0000141344244184,0.00000471673138236,0.0000101324485513,0.00000191892036128,8.1852601852e-7,8.12632592329e-8,1.11063895858e-8,1.31238642176e-9,1.04743924645e-9,7.75889574811e-10,8.74169270304e-9,4.81471795766e-9,5.63658542063e-9,2.04609817978e-9,2.69136296582e-10,6.53290269104e-11,3.37544124596e-11,2.99615054988e-11,2.89174691137e-11,3.45184505979e-11,9.38507604964e-10],"dvar2":[0.000995759037323,0.00245870137587,0.0000156748283189,0.0000467845493404,0.0000194513868337,0.0000487934958073,0.0000375707350031,0.00000854871905176,0.000023812182917,0.00000445017622042,0.00000169569864283,1.87547556152e-7,2.85669159439e-8,3.45549167058e-9,2.73622213776e-9,1.90552218449e-9,1.97181062589e-8,1.0193470068e-8,1.06510809061e-8,4.20110568555e-9,5.05964881103e-10,1.52343498927e-10,8.75792494082e-11,7.88803883323e-11,7.59715346188e-11,9.01662286501e-11,2.42791453609e-9],"max":[0.283285140991,0.424778193235,0.0483245514333,0.074357829988,0.0998088270426,0.171541273594,0.0954316034913,0.0774100422859,0.136368200183,0.0518078655005,0.0287879686803,0.00986928399652,0.00287128984928,0.000758862530347,0.000669287168421,0.000913342344575,0.0068010748364,0.00298824929632,0.00504810083658,0.00310194306076,0.000677478208672,0.00026208217605,0.000133269379148,0.000126376879052,0.000122356199427,0.000123437072034,0.000694979215041],"mean":[0.011988254264,0.0300358459353,0.00201506912708,0.00271867029369,0.00237471424043,0.00302384188399,0.00237895222381,0.00125158869196,0.00226312247105,0.000813958584331,0.00064405676676,0.000228059463552,0.0000780707778176,0.000029605198506,0.0000266225288215,0.0000164961711562,0.0000202115697903,0.0000213854491449,0.0000149779425556,0.0000104778810055,0.0000074630047493,0.00000431264106737,0.00000283778240373,0.00000261528066403,0.00000268334406428,0.00000331132764586,0.000027617214073],"median":[0.00416187755764,0.0101387100294,0.000905882334337,0.000614296644926,0.000746652076486,0.000326931854943,0.000138144299854,0.0000646443659207,0.0000733414635761,0.0000390129971493,0.000019941086066,0.0000144850455399,0.0000112511916086,0.00000826844916446,0.00000631192369838,0.00000441949305241,0.00000411966948377,0.00000376089428755,0.0000025706708584,0.0000019526955839,0.00000188897013231,0.00000136997402933,8.75105797604e-7,7.94688844508e-7,8.64793150868e-7,0.00000123241761685,0.00000693641550242],"min":[9.67081408634e-26,3.04087163238e-24,7.41119585579e-25,4.55404913938e-25,7.06865046124e-24,2.22857682511e-24,8.53428933655e-24,7.91041553421e-24,1.17000891234e-23,1.65197886517e-23,1.36969982082e-23,1.66048657226e-23,1.93574396569e-23,2.71496956605e-23,4.55640126622e-23,3.40973798239e-23,4.86572877328e-23,8.64481679575e-23,8.16049911398e-23,1.49003165356e-22,2.44123091918e-22,3.324217193e-22,4.09021375375e-22,5.92630631709e-22,7.78875869914e-22,1.24397422422e-21,1.87107648714e-21],"var":[0.000447596248705,0.00199919310398,0.0000110241253424,0.0000357073513442,0.0000246251383942,0.000098285927379,0.0000391403373214,0.0000197567860596,0.0000501494650962,0.00000506533933731,0.00000323693461723,4.50475937441e-7,3.27115472487e-8,3.25699178738e-9,2.56883159189e-9,1.44098988297e-9,1.32297524047e-8,8.99221586081e-9,1.17041309977e-8,4.15012291199e-9,6.33292751573e-10,1.03652919581e-10,3.5424781164e-11,2.96407967615e-11,2.94471703965e-11,3.77023169629e-11,3.3332403504e-9]},"barkbands_crest":{"dmean":2.3808131218,"dmean2":3.92860770226,"dvar":4.74559116364,"dvar2":12.8655223846,"max":25.255449295,"mean":15.0281171799,"median":15.2828178406,"min":3.15057992935,"var":25.3793354034},"barkbands_flatness_db":{"dmean":0.0536824651062,"dmean2":0.0882788896561,"dvar":0.00254393997602,"dvar2":0.00708503415808,"max":0.667719960213,"mean":0.292456179857,"median":0.280984312296,"min":0.0347095951438,"var":0.0104242162779},"barkbands_kurtosis":{"dmean":45.2318115234,"dmean2":76.4447784424,"dvar":7267.84033203,"dvar2":20633.4003906,"max":1225.86413574,"mean":91.6281356812,"median":28.0124797821,"min":-1.81776714325,"var":18003.0078125},"barkbands_skewness":{"dmean":1.62326908112,"dmean2":2.65672469139,"dvar":3.90966105461,"dvar2":10.7601585388,"max":25.7333202362,"mean":4.74873638153,"median":3.56815433502,"min":-2.4037835598,"var":18.2761325836},"barkbands_spread":{"dmean":1.67887973785,"dmean2":2.74874830246,"dvar":9.21436595917,"dvar2":23.4673309326,"max":120.77822113,"mean":5.48730659485,"median":3.21252346039,"min":0.123287968338,"var":70.3618621826},"dissonance":{"dmean":0.0374014414847,"dmean2":0.0627979263663,"dvar":0.00137102231383,"dvar2":0.00382746080868,"max":0.500000059605,"mean":0.42597296834,"median":0.441630542278,"min":0.125754013658,"var":0.00381798553281},"dynamic_complexity":4.91014003754,"erbbands":{"dmean":[0.927173674107,1.64076602459,1.62834692001,3.44478583336,4.17317342758,3.87092113495,11.7918577194,10.4334630966,12.3987903595,24.0149650574,13.3983020782,20.4151439667,20.763753891,10.1318502426,7.3910484314,3.59244394302,2.09500074387,1.05689847469,0.846608519554,0.715315043926,0.61530059576,0.792427480221,0.774231851101,0.591163754463,0.474846214056,0.377368718386,0.255917817354,0.200857758522,0.142785817385,0.104547545314,0.0796681120992,0.060292776674,0.0440612025559,0.0304510854185,0.0195317715406,0.0113688064739,0.00583776691929,0.00257296441123,0.00101100036409,0.00187863130122],"dmean2":[1.51954448223,2.71571588516,2.67020106316,5.98243808746,7.1308426857,6.31826448441,17.9500465393,16.1872749329,19.3828086853,38.5620956421,20.0134010315,30.8693370819,32.8954086304,15.5609235764,10.7607221603,5.59325170517,3.31930661201,1.73060750961,1.41767168045,1.18319356441,0.994605541229,1.27213394642,1.22545623779,0.924425661564,0.742359995842,0.579276800156,0.410555124283,0.329366862774,0.239351332188,0.178219467402,0.136742845178,0.103599660099,0.0755793750286,0.0520715154707,0.0332596823573,0.0192449633032,0.00982121843845,0.00428630178794,0.00165539607406,0.00302091427147],"dvar":[3.97878932953,11.0515365601,10.3854160309,54.1652107239,69.8821868896,90.3284606934,1433.39355469,1100.98730469,1802.22509766,4942.64404297,1363.9954834,4938.64453125,3360.30639648,918.26184082,470.959320068,102.850532532,27.559545517,5.51859855652,3.52206850052,1.93258678913,3.21559262276,26.2880477905,14.031791687,14.8865070343,9.73795413971,5.02593135834,0.664267003536,0.397440969944,0.102860271931,0.0465226434171,0.0253867860883,0.0145968375728,0.00771760568023,0.00363066280261,0.00146094174124,0.000480379239889,0.000123126490507,0.0000237863769144,0.00000384274835596,0.00000871204247233],"dvar2":[10.5333919525,27.998922348,26.0148162842,180.362930298,226.842376709,235.95375061,3014.52954102,2643.08251953,4357.36962891,12609.5625,2805.24584961,10549.3447266,8524.67089844,2232.12158203,1001.82073975,236.290359497,64.2904281616,14.1465024948,9.35022258759,4.8882522583,6.56352138519,56.0344009399,27.9949760437,29.5216426849,17.4118766785,9.48362064362,1.17758655548,0.878276288509,0.238104179502,0.115637995303,0.0663984641433,0.0384630747139,0.0203048847616,0.00954413227737,0.00383509136736,0.00125831377227,0.000321373110637,0.0000618389385636,0.00000973354781308,0.0000228593544307],"max":[24.1387958527,57.2028045654,64.9960784912,151.739685059,201.010543823,362.727050781,1864.05651855,1202.48681641,1382.09692383,2763.3371582,981.081665039,3498.06835938,1798.82263184,950.857543945,665.221191406,384.329040527,176.312744141,65.6952667236,53.4477958679,42.3492889404,114.398918152,352.702880859,172.883682251,253.053359985,160.953643799,163.783966064,40.6409797668,27.9407577515,10.3007421494,6.3366394043,3.69284892082,2.80431246758,2.02314019203,1.37887001038,0.864764511585,0.483713537455,0.230267003179,0.10338781029,0.0544485710561,0.0795894265175],"mean":[1.79090535641,3.07644510269,2.74608016014,6.01676511765,6.99600410461,7.29114627838,25.4400157928,18.9160442352,23.6640110016,43.6331863403,30.252494812,47.1766281128,39.9871788025,22.1272544861,18.0171127319,8.77448558807,4.63564157486,1.96542942524,1.54916751385,1.19343447685,0.920942485332,1.17625689507,1.19708836079,0.887219130993,0.68393522501,0.502228498459,0.355624705553,0.255996733904,0.165616542101,0.10851366818,0.0778039842844,0.0577425584197,0.042144998908,0.0295578688383,0.0194208994508,0.011695840396,0.00636444753036,0.00316895404831,0.00212538335472,0.00793860014528],"median":[0.54421210289,1.12828993797,1.29688739777,1.87566804886,2.56076431274,2.1168589592,2.31999444962,2.4928483963,1.83044195175,2.24375772476,1.67863214016,1.68897891045,1.49119365215,1.16375923157,0.789681255817,0.635256707668,0.572117686272,0.425262033939,0.439934432507,0.332026034594,0.246725201607,0.242837071419,0.217180728912,0.164966180921,0.119266152382,0.0943183153868,0.0847491174936,0.0665055662394,0.0515199229121,0.0352911539376,0.02432115376,0.0177601967007,0.0128457136452,0.00932230241597,0.00638869777322,0.00405636336654,0.0024286005646,0.00140149134677,0.00106773455627,0.0034588156268],"min":[6.45084505031e-23,4.30730928461e-22,1.76599869995e-21,4.29710877037e-21,4.7246052429e-21,1.82886886937e-20,3.61395177313e-20,4.55403575383e-20,7.28816430011e-20,1.58445916422e-19,2.2383494451e-19,3.05426515018e-19,5.23832957511e-19,8.73016758246e-19,8.6318680234e-19,9.6913835075e-19,1.3994374986e-18,1.75921319199e-18,2.15489813993e-18,2.90638655655e-18,3.3887126766e-18,3.63223692368e-18,4.89629380394e-18,4.29255452717e-18,6.67249707891e-18,7.33609445353e-18,9.54988537153e-18,1.0167999393e-17,1.14104668592e-17,1.10871624896e-17,1.13748691416e-17,9.60900810581e-18,9.13981223722e-18,8.14546090441e-18,5.23152405002e-18,4.02359385587e-18,2.28984335109e-18,9.59941136314e-19,2.46243370702e-19,2.64463794376e-20],"var":[7.43290758133,22.031206131,20.5805892944,148.708312988,146.135375977,233.942901611,9420.41210938,2675.00073242,5104.08007812,15560.9091797,6089.00878906,28861.3574219,8767.62597656,2384.84472656,2247.30493164,630.508666992,142.180221558,16.3803501129,9.22850131989,4.79824781418,6.4973859787,42.8799514771,29.414686203,30.9165782928,20.983789444,10.2648258209,1.7502809763,0.739229083061,0.169442385435,0.0588771700859,0.0257492270321,0.014378067106,0.00766995875165,0.00366097991355,0.00150311342441,0.00050839438336,0.000135697351652,0.0000288784376608,0.00000903520958673,0.000127505743876]},"erbbands_crest":{"dmean":3.26392292976,"dmean2":5.48202610016,"dvar":8.51561069489,"dvar2":23.5027809143,"max":31.6731376648,"mean":11.7384300232,"median":10.9600658417,"min":2.15791010857,"var":27.2065181732},"erbbands_flatness_db":{"dmean":0.0385512188077,"dmean2":0.0636146217585,"dvar":0.00115381006617,"dvar2":0.0031968425028,"max":0.40767365694,"mean":0.173011004925,"median":0.170840233564,"min":0.03129016608,"var":0.00460302224383},"erbbands_kurtosis":{"dmean":5.72071218491,"dmean2":9.74004745483,"dvar":179.225112915,"dvar2":505.746307373,"max":376.378936768,"mean":7.46329545975,"median":3.36750078201,"min":-1.87636184692,"var":232.105941772},"erbbands_skewness":{"dmean":0.77600389719,"dmean2":1.28858959675,"dvar":0.828786075115,"dvar2":2.3008544445,"max":15.8943004608,"mean":1.43739271164,"median":1.21482157707,"min":-3.62066650391,"var":2.46266341209},"erbbands_spread":{"dmean":8.70597362518,"dmean2":14.6034097672,"dvar":111.593727112,"dvar2":305.097839355,"max":128.869094849,"mean":24.7380371094,"median":17.8462085724,"min":0.747583150864,"var":348.606719971},"gfcc":{"cov":[[33800.3359375,4252.37158203,-2672.19506836,-1566.88513184,-1494.19287109,-664.310546875,-61.6836471558,273.976470947,-170.691558838,-117.480072021,-39.9362449646,45.790561676,133.972702026],[4252.37158203,1242.89562988,-327.472442627,-548.887329102,-242.109390259,-274.786224365,82.6684036255,-48.5202407837,51.7932052612,-86.3717803955,9.22939872742,-32.4856834412,50.5068016052],[-2672.19506836,-327.472442627,1010.23895264,497.351196289,398.140350342,282.67388916,29.2162284851,-35.2636909485,87.7486419678,49.4012336731,55.7960891724,-49.8157958984,4.14940452576],[-1566.88513184,-548.887329102,497.351196289,805.089416504,363.778991699,201.754898071,-7.02854776382,36.0378303528,28.6896781921,51.6189193726,24.3420410156,24.6383724213,-0.0996293649077],[-1494.19287109,-242.109390259,398.140350342,363.778991699,386.208526611,225.769439697,94.8206253052,-11.420996666,67.741065979,49.7822380066,71.561378479,12.8675794601,24.2717952728],[-664.310546875,-274.786224365,282.67388916,201.754898071,225.769439697,341.825073242,76.8996276855,45.7310256958,54.2796516418,98.5880813599,72.5572891235,17.3984985352,25.3587722778],[-61.6836471558,82.6684036255,29.2162284851,-7.02854776382,94.8206253052,76.8996276855,182.922683716,70.2749023438,92.0554199219,36.1293258667,51.6394195557,11.2595329285,32.1445083618],[273.976470947,-48.5202407837,-35.2636909485,36.0378303528,-11.420996666,45.7310256958,70.2749023438,171.890075684,90.3707427979,62.7960205078,20.0404567719,19.1261863708,14.4019813538],[-170.691558838,51.7932052612,87.7486419678,28.6896781921,67.741065979,54.2796516418,92.0554199219,90.3707427979,152.937393188,81.6052932739,50.5147361755,0.936525702477,26.0520420074],[-117.480072021,-86.3717803955,49.4012336731,51.6189193726,49.7822380066,98.5880813599,36.1293258667,62.7960205078,81.6052932739,116.258155823,67.5428314209,29.6574001312,25.870803833],[-39.9362449646,9.22939872742,55.7960891724,24.3420410156,71.561378479,72.5572891235,51.6394195557,20.0404567719,50.5147361755,67.5428314209,98.8489837646,50.3155441284,40.834854126],[45.790561676,-32.4856834412,-49.8157958984,24.6383724213,12.8675794601,17.3984985352,11.2595329285,19.1261863708,0.936525702477,29.6574001312,50.3155441284,75.0372009277,43.1807060242],[133.972702026,50.5068016052,4.14940452576,-0.0996293649077,24.2717952728,25.3587722778,32.1445083618,14.4019813538,26.0520420074,25.870803833,40.834854126,43.1807060242,62.427066803]],"icov":[[0.000118482967082,-0.000604698900133,0.000266964343609,-0.000331694085617,0.000252968515269,-0.000454489490949,0.000251444726018,-0.00040206083213,0.000544136506505,-0.000281561748125,-0.0000786798991612,0.000193959931494,0.0000731454056222],[-0.000604698900133,0.00492055527866,-0.0011684250785,0.00222391472198,-0.000661020167172,0.0030568279326,-0.00177165493369,0.00271931663156,-0.00430280622095,0.00369896902703,-0.00188736838754,0.00143928930629,-0.00280012981966],[0.000266964343609,-0.0011684250785,0.00307519477792,-0.00164198782295,-0.000199862086447,-0.00213911337778,0.00189459102694,-0.000240940396907,-0.000633159477729,0.00143302371725,-0.00255320454016,0.00413814699277,-0.00132983119693],[-0.000331694085617,0.00222391472198,-0.00164198782295,0.00462705129758,-0.00447475956753,0.00248611299321,0.000700036413036,-0.0010642047273,-0.000350960966898,-0.000415401416831,0.00245170900598,-0.00268808123656,0.00021829448815],[0.000252968515269,-0.000661020167172,-0.000199862086447,-0.00447475956753,0.0124956471846,-0.0050881258212,-0.00379292201251,0.00497379526496,-0.00398169923574,0.00437006121501,-0.00415349006653,0.0000139604662763,0.000569998053834],[-0.000454489490949,0.0030568279326,-0.00213911337778,0.00248611299321,-0.0050881258212,0.0101353414357,-0.00273467111401,-0.0011383445235,0.00386572722346,-0.00614208076149,0.000112121015263,0.00239952979609,-0.00262068747543],[0.000251444726018,-0.00177165493369,0.00189459102694,0.000700036413036,-0.00379292201251,-0.00273467111401,0.0135669149458,-0.00540938647464,-0.00370292062871,0.00554017955437,-0.00476490007713,0.00298442994244,-0.00208148197271],[-0.00040206083213,0.00271931663156,-0.000240940396907,-0.0010642047273,0.00497379526496,-0.0011383445235,-0.00540938647464,0.015966527164,-0.0111146550626,0.000341753446264,0.00470255175605,-0.00677324505523,0.0024132959079],[0.000544136506505,-0.00430280622095,-0.000633159477729,-0.000350960966898,-0.00398169923574,0.00386572722346,-0.00370292062871,-0.0111146550626,0.0288296826184,-0.0183297581971,-0.000301202613628,0.0104417670518,-0.00465697934851],[-0.000281561748125,0.00369896902703,0.00143302371725,-0.000415401416831,0.00437006121501,-0.00614208076149,0.00554017955437,0.000341753446264,-0.0183297581971,0.0350794680417,-0.017726117745,0.00135799671989,-0.000852405326441],[-0.0000786798991612,-0.00188736838754,-0.00255320454016,0.00245170900598,-0.00415349006653,0.000112121015263,-0.00476490007713,0.00470255175605,-0.000301202613628,-0.017726117745,0.038522683084,-0.0240104347467,0.00368859898299],[0.000193959931494,0.00143928930629,0.00413814699277,-0.00268808123656,0.0000139604662763,0.00239952979609,0.00298442994244,-0.00677324505523,0.0104417670518,0.00135799671989,-0.0240104347467,0.0482212379575,-0.0253834929317],[0.0000731454056222,-0.00280012981966,-0.00132983119693,0.00021829448815,0.000569998053834,-0.00262068747543,-0.00208148197271,0.0024132959079,-0.00465697934851,-0.000852405326441,0.00368859898299,-0.0253834929317,0.0370155200362]],"mean":[-126.445205688,117.529388428,-34.9362373352,2.5934343338,-22.2188529968,-3.23092269897,-2.38719844818,-1.54206228256,-1.78833377361,-5.95604705811,-2.31308412552,-4.0804233551,0.53770583868]},"hfc":{"dmean":65.9359283447,"dmean2":108.470649719,"dvar":8992.44628906,"dvar2":25228.8613281,"max":2062.28076172,"mean":229.741500854,"median":136.059432983,"min":1.08641802391e-16,"var":71475.046875},"melbands":{"dmean":[0.00616627605632,0.00112686573993,0.000618997903075,0.000245209754212,0.000352930073859,0.000251685967669,0.000209632824408,0.000238644061028,0.000124555648654,0.000133869674755,0.000105574225017,0.000043039854063,0.0000345686239598,0.0000105376857391,0.00000985861515801,0.00000336362290909,0.00000186154420589,0.00000145779779359,0.0000010964674857,8.56698306961e-7,7.38671928957e-7,8.72172392974e-7,7.21106687251e-7,7.20064235793e-7,4.8230936045e-7,4.13202627669e-7,3.03109089828e-7,2.39656372969e-7,1.71059795662e-7,1.38144727657e-7,1.1072389583e-7,8.46344931915e-8,6.6422600753e-8,5.53776580148e-8,4.67199292586e-8,4.04188504888e-8,3.54404647851e-8,3.12844470329e-8,2.78225158468e-8,2.49368792282e-8],"dmean2":[0.0101385870948,0.001857420546,0.00107030628715,0.000410211010603,0.000540137581993,0.000387026695535,0.000333574687829,0.000376409676392,0.000187271012692,0.000205346994335,0.000167308724485,0.0000667106796755,0.0000493993684358,0.0000172083182406,0.0000150375817611,0.00000551522043679,0.00000306092238134,0.00000243987756221,0.00000182042219876,0.00000142363739997,0.00000119484889183,0.0000014026441022,0.00000115632360576,0.00000114992337785,7.59121292049e-7,6.58809710785e-7,4.64201889372e-7,3.73874030402e-7,2.79668626035e-7,2.24797801707e-7,1.8410220548e-7,1.41288182931e-7,1.12797579277e-7,9.47457294842e-8,8.02501105568e-8,6.94731596695e-8,6.08918284684e-8,5.36849249499e-8,4.7655237978e-8,4.26192023895e-8],"dvar":[0.000175304507138,0.00000485673581352,0.0000017133432948,2.01263588906e-7,0.00000117039962788,5.98019539666e-7,4.10244439308e-7,4.73985352301e-7,1.23494686477e-7,1.82787388781e-7,8.8117687369e-8,1.65692455312e-8,1.16906306857e-8,7.91395227129e-10,1.02663866297e-9,6.79096917588e-11,1.7095717203e-11,1.1155009208e-11,4.55183677209e-12,3.78915648858e-12,6.5183340496e-12,3.49249275333e-11,1.20925500516e-11,1.4270678389e-11,1.26700221495e-11,9.12189507957e-12,3.71425720042e-12,1.75789602059e-12,3.2712455791e-13,1.83623461488e-13,1.24854377596e-13,3.79993718512e-14,1.82123789655e-14,1.33252843099e-14,8.7580555533e-15,6.55519263748e-15,5.04198521787e-15,3.89674585121e-15,3.05608830919e-15,2.42773534023e-15],"dvar2":[0.000463552074507,0.0000120914501167,0.00000576840284339,5.67758831949e-7,0.0000025596946216,0.00000140806957916,0.00000104049649963,0.00000114053204925,2.69721482482e-7,4.08690254972e-7,2.22724608534e-7,4.05195237363e-8,2.42678783735e-8,2.0581396587e-9,2.16521023333e-9,1.69308539411e-10,4.46550539601e-11,2.9845046573e-11,1.17029667207e-11,9.55912259071e-12,1.34583056505e-11,7.48749326429e-11,2.32895074753e-11,3.2619792284e-11,2.61600706375e-11,1.97087415832e-11,6.39457063689e-12,3.30689360444e-12,6.19327560156e-13,3.56127996017e-13,2.95290132407e-13,8.67129447673e-14,4.50658323051e-14,3.34154023353e-14,2.28261826758e-14,1.72783980862e-14,1.32828039136e-14,1.02530441412e-14,8.03772348836e-15,6.38128915011e-15],"max":[0.159885540605,0.0462214425206,0.0263734851032,0.0139115396887,0.0482734106481,0.024405984208,0.0179378911853,0.0279085822403,0.0143787255511,0.0187233556062,0.00927451811731,0.00420192163438,0.003090567654,0.000585180590861,0.00119349511806,0.000316471996484,0.000104313978227,0.000102085832623,0.0000481911665702,0.0000796884487499,0.000182203337317,0.000427672144724,0.000183071111678,0.000155325804371,0.00024157151347,0.000203489282285,0.000127954670461,0.0000907926005311,0.0000331579685735,0.0000197903500521,0.0000150419491547,0.00000662514321448,0.00000306869333144,0.00000339831285601,0.00000215954196392,0.0000018957013026,0.00000164081791354,0.00000143837576161,0.0000012693062672,0.00000112586496925],"mean":[0.0119730727747,0.00213778926991,0.00110639212653,0.000447394297225,0.000760805851314,0.000473302410683,0.000394867820432,0.000445148296421,0.000270614342298,0.000296544167213,0.00019617221551,0.000088982640591,0.0000812000289443,0.0000211819697142,0.0000222468715947,0.00000594956645728,0.0000032171994917,0.00000257000306192,0.00000180057941179,0.00000128425313051,0.00000103305194443,0.00000121669677355,0.00000111127326363,0.00000104028754322,6.79318702623e-7,5.62433058349e-7,3.99485628577e-7,3.15866230949e-7,2.33353716794e-7,1.80927827387e-7,1.35149633707e-7,9.7406918087e-8,7.19311685771e-8,5.54918173634e-8,4.55026416546e-8,3.89854228899e-8,3.37203687195e-8,2.98225657502e-8,2.67487685335e-8,2.42417357299e-8],"median":[0.0040896050632,0.00101761729456,0.000374067167286,0.000190153747099,0.0000830633071018,0.0000569012772758,0.000027883626899,0.0000219731700781,0.0000131672723001,0.0000100508623291,0.00000672380792821,0.00000448639912065,0.00000269637121164,0.00000163893469107,0.00000144970613292,0.00000102025694559,7.19995966847e-7,6.96044025972e-7,4.71199371077e-7,3.48176513398e-7,2.60904556626e-7,2.39426071857e-7,2.09780182558e-7,1.74607322379e-7,1.21421578569e-7,9.22836846939e-8,6.61824088866e-8,5.84666395298e-8,5.32218038529e-8,4.43433663122e-8,3.50576847552e-8,2.92501454169e-8,2.32582806348e-8,1.70400795696e-8,1.41503573303e-8,1.21885630477e-8,1.02181587636e-8,9.04406416424e-9,8.29729351892e-9,7.68951302632e-9],"min":[1.17280009944e-24,8.2053968563e-25,7.02823001732e-25,1.15886378686e-24,9.69948363357e-25,8.95124117636e-25,1.36311456776e-24,1.92932737109e-24,1.59641189744e-24,1.60703696636e-24,1.81013462983e-24,2.66946309921e-24,1.82979462131e-24,2.21443531009e-24,1.88162495215e-24,3.00462426264e-24,2.5142856789e-24,2.25376692875e-24,3.22178524529e-24,3.86189183291e-24,3.37861355426e-24,3.02820489282e-24,3.71741590242e-24,3.4666843523e-24,3.27612908419e-24,3.61186986317e-24,3.47201507987e-24,4.61109472827e-24,4.44835430124e-24,5.02204235051e-24,5.10715570902e-24,5.05779983763e-24,4.97268845127e-24,4.89035819404e-24,5.4803452929e-24,5.78158642348e-24,5.5968367772e-24,5.33314187583e-24,5.44184572528e-24,6.27335008445e-24],"var":[0.000319515296724,0.0000101228988569,0.00000434206185673,5.03741546254e-7,0.00000702580973666,0.00000174475349013,0.00000114146826036,0.00000161557079537,6.02679790518e-7,9.42053816289e-7,2.27834973998e-7,4.0030609938e-8,5.13853457562e-8,2.79340706122e-9,6.04238437063e-9,1.76493777926e-10,4.47054095132e-11,2.77166414819e-11,1.09476941401e-11,7.40715128122e-12,1.16202082678e-11,5.24541104996e-11,3.06144935791e-11,2.24818271638e-11,2.33189995091e-11,1.54026878058e-11,8.44615696827e-12,3.69850114076e-12,8.55997889758e-13,4.04444381631e-13,1.98533301344e-13,6.26338783898e-14,2.51327330123e-14,1.60165104242e-14,8.93785100185e-15,6.45567050134e-15,4.96457826495e-15,3.86452641196e-15,3.05656370643e-15,2.45395969204e-15]},"melbands_crest":{"dmean":3.52590107918,"dmean2":5.83991479874,"dvar":13.8552150726,"dvar2":36.5162620544,"max":39.5108299255,"mean":24.5878505707,"median":26.2247695923,"min":1.54808831215,"var":96.2563171387},"melbands_flatness_db":{"dmean":0.0609809421003,"dmean2":0.100277021527,"dvar":0.00315787945874,"dvar2":0.00887619610876,"max":0.817509651184,"mean":0.417887359858,"median":0.411016911268,"min":0.00235746381804,"var":0.0153506519273},"melbands_kurtosis":{"dmean":68.2692718506,"dmean2":113.673187256,"dvar":20913.0957031,"dvar2":57988.984375,"max":2486.41137695,"mean":130.79586792,"median":27.0522136688,"min":-1.87999463081,"var":54473.15625},"melbands_skewness":{"dmean":1.74230766296,"dmean2":2.87890839577,"dvar":4.91727495193,"dvar2":13.6522274017,"max":36.6193275452,"mean":5.406291008,"median":3.59568309784,"min":-1.91868913174,"var":26.8368740082},"melbands_spread":{"dmean":1.8432559967,"dmean2":2.98090052605,"dvar":17.620470047,"dvar2":45.6667480469,"max":187.475814819,"mean":7.75206232071,"median":2.55174970627,"min":0.0490144081414,"var":410.552612305},"mfcc":{"cov":[[13383.1865234,3129.34667969,-1286.71228027,-830.78894043,-1306.85583496,-913.748291016,-330.76739502,-34.0651702881,-14.1870565414,-206.03704834,-35.3322105408,63.8672904968,-5.71521472931],[3129.34667969,2050.89648438,-42.3355255127,-266.374053955,-377.460510254,-212.522476196,-103.165931702,-13.5690431595,20.1841964722,-34.163028717,12.489991188,-4.17391967773,-35.634979248],[-1286.71228027,-42.3355255127,659.89263916,261.775817871,358.349578857,244.076446533,110.321281433,39.3447685242,36.2746276855,108.319374084,46.2549133301,8.56024837494,14.1518449783],[-830.78894043,-266.374053955,261.775817871,514.794250488,294.360931396,142.562759399,72.7798995972,65.5218429565,34.7961006165,33.6623878479,27.0275096893,13.8443527222,0.123596705496],[-1306.85583496,-377.460510254,358.349578857,294.360931396,426.764831543,296.559173584,141.239898682,57.244468689,27.9099445343,77.0660171509,34.5076293945,23.3502540588,42.2982330322],[-913.748291016,-212.522476196,244.076446533,142.562759399,296.559173584,316.793640137,170.177658081,46.8011169434,29.2402477264,64.8365631104,23.7761631012,26.0741691589,63.596912384],[-330.76739502,-103.165931702,110.321281433,72.7798995972,141.239898682,170.177658081,153.059463501,71.3168182373,31.9550437927,39.6694374084,17.220035553,29.207359314,49.5709228516],[-34.0651702881,-13.5690431595,39.3447685242,65.5218429565,57.244468689,46.8011169434,71.3168182373,93.028427124,61.7828292847,37.7357215881,29.1904563904,28.6886787415,23.820892334],[-14.1870565414,20.1841964722,36.2746276855,34.7961006165,27.9099445343,29.2402477264,31.9550437927,61.7828292847,100.063034058,80.9309997559,46.3339195251,39.7381019592,22.3442363739],[-206.03704834,-34.163028717,108.319374084,33.6623878479,77.0660171509,64.8365631104,39.6694374084,37.7357215881,80.9309997559,123.922920227,78.1589050293,46.6240539551,31.09608078],[-35.3322105408,12.489991188,46.2549133301,27.0275096893,34.5076293945,23.7761631012,17.220035553,29.1904563904,46.3339195251,78.1589050293,88.9497833252,55.9395713806,20.6328639984],[63.8672904968,-4.17391967773,8.56024837494,13.8443527222,23.3502540588,26.0741691589,29.207359314,28.6886787415,39.7381019592,46.6240539551,55.9395713806,74.3506851196,49.021900177],[-5.71521472931,-35.634979248,14.1518449783,0.123596705496,42.2982330322,63.596912384,49.5709228516,23.820892334,22.3442363739,31.09608078,20.6328639984,49.021900177,77.9525985718]],"icov":[[0.000172206084244,-0.000254242186202,0.000287051661871,-0.0000554100006411,0.0000102537696876,0.000311442097882,-0.000205369360629,-0.000106897357909,0.000309772934997,-0.000361495680409,0.000321665167576,-0.000291399977868,-0.0000984874131973],[-0.000254242186202,0.00108992913738,-0.00104150443804,0.000155492540216,0.00133645860478,-0.00106879917439,0.000752061663661,-0.000227422235184,-0.000976134324446,0.00150691100862,-0.00130056228954,0.000666430511046,0.000010296439541],[0.000287051661871,-0.00104150443804,0.00418748846278,-0.000533392129,-0.00303066847846,0.000700109754689,-0.00059480877826,-0.000151365398779,0.00272750156,-0.00501189939678,0.00260527175851,-0.000853212666698,0.00134784705006],[-0.0000554100006411,0.000155492540216,-0.000533392129,0.00416242796928,-0.0044585741125,0.00265425792895,-0.00119039660785,0.000816613959614,-0.00392952887341,0.00474263355136,-0.00296890572645,0.00120529159904,0.000180859278771],[0.0000102537696876,0.00133645860478,-0.00303066847846,-0.0044585741125,0.0194595307112,-0.017318982631,0.012165563181,-0.0141633311287,0.0140447448939,-0.0110237216577,0.00855253078043,-0.00814040098339,0.00455852784216],[0.000311442097882,-0.00106879917439,0.000700109754689,0.00265425792895,-0.017318982631,0.0304629988968,-0.0285291243345,0.0249888561666,-0.0196896810085,0.0140844443813,-0.013980967924,0.0150836519897,-0.0113063175231],[-0.000205369360629,0.000752061663661,-0.00059480877826,-0.00119039660785,0.012165563181,-0.0285291243345,0.0449380464852,-0.0394713208079,0.0281825978309,-0.0208549108356,0.0209283251315,-0.0177007429302,0.00643076607957],[-0.000106897357909,-0.000227422235184,-0.000151365398779,0.000816613959614,-0.0141633311287,0.0249888561666,-0.0394713208079,0.0608213059604,-0.0497866161168,0.0363112948835,-0.0317701511085,0.0241583380848,-0.0132704442367],[0.000309772934997,-0.000976134324446,0.00272750156,-0.00392952887341,0.0140447448939,-0.0196896810085,0.0281825978309,-0.0497866161168,0.0713776424527,-0.0581427328289,0.0423119775951,-0.0348348356783,0.0182638764381],[-0.000361495680409,0.00150691100862,-0.00501189939678,0.00474263355136,-0.0110237216577,0.0140844443813,-0.0208549108356,0.0363112948835,-0.0581427328289,0.0717842951417,-0.0567115321755,0.0353452786803,-0.0209648683667],[0.000321665167576,-0.00130056228954,0.00260527175851,-0.00296890572645,0.00855253078043,-0.013980967924,0.0209283251315,-0.0317701511085,0.0423119775951,-0.0567115321755,0.0733203738928,-0.0539554432034,0.0271447449923],[-0.000291399977868,0.000666430511046,-0.000853212666698,0.00120529159904,-0.00814040098339,0.0150836519897,-0.0177007429302,0.0241583380848,-0.0348348356783,0.0353452786803,-0.0539554432034,0.0704084262252,-0.0376897379756],[-0.0000984874131973,0.000010296439541,0.00134784705006,0.000180859278771,0.00455852784216,-0.0113063175231,0.00643076607957,-0.0132704442367,0.0182638764381,-0.0209648683667,0.0271447449923,-0.0376897379756,0.0389422923326]],"mean":[-790.825500488,177.69430542,39.2532196045,27.8995437622,8.06752300262,10.1883039474,8.60232543945,10.5343570709,8.20524024963,5.39501476288,4.57809591293,3.05971860886,1.19176220894]},"pitch_salience":{"dmean":0.0711841881275,"dmean2":0.116558939219,"dvar":0.00441911490634,"dvar2":0.0114717548713,"max":0.932510375977,"mean":0.380765408278,"median":0.37569642067,"min":0.0209930874407,"var":0.0364482924342},"silence_rate_20dB":{"dmean":0.00756568880752,"dmean2":0.0151329245418,"dvar":0.00750844879076,"dvar2":0.0191983971745,"max":1,"mean":0.994275212288,"median":1,"min":0,"var":0.00569202750921},"silence_rate_30dB":{"dmean":0.0697270184755,"dmean2":0.139468297362,"dvar":0.0648651644588,"dvar2":0.137603804469,"max":1,"mean":0.766203224659,"median":1,"min":0,"var":0.179135844111},"silence_rate_60dB":{"dmean":0.00552090769634,"dmean2":0.011042945087,"dvar":0.00549042737111,"dvar2":0.0139884827659,"max":1,"mean":0.0580658353865,"median":0,"min":0,"var":0.0546941943467},"spectral_centroid":{"dmean":96.9425201416,"dmean2":156.467468262,"dvar":28874.5214844,"dvar2":53944.9648438,"max":11746.8466797,"mean":639.915771484,"median":382.516204834,"min":74.937538147,"var":2365260},"spectral_complexity":{"dmean":1.35732543468,"dmean2":2.29734158516,"dvar":2.1417183876,"dvar2":5.08766174316,"max":42,"mean":6.71059083939,"median":5,"min":0,"var":27.450592041},"spectral_contrast_coeffs":{"dmean":[0.0512392446399,0.0478205271065,0.0387369953096,0.0354683846235,0.0285431016237,0.0191474948078],"dmean2":[0.0863442793489,0.0798126384616,0.0640294477344,0.0593555644155,0.0478202030063,0.0317138507962],"dvar":[0.00169105036184,0.0015619287733,0.00116742367391,0.000893700169399,0.000632028153632,0.000508738157805],"dvar2":[0.00478880526498,0.00422854907811,0.00311398599297,0.00235190801322,0.00161982141435,0.00130383588839],"max":[-0.308669298887,-0.293770760298,-0.400672286749,-0.632085800171,-0.684434771538,-0.481266856194],"mean":[-0.709451973438,-0.775923371315,-0.815812349319,-0.878028392792,-0.898373007774,-0.847188055515],"median":[-0.7257553339,-0.781285881996,-0.829660475254,-0.884119510651,-0.910241723061,-0.853416442871],"min":[-0.981881082058,-0.980411887169,-0.978307545185,-0.990366637707,-0.973490953445,-0.966374754906],"var":[0.011756314896,0.0106703648344,0.010949216783,0.00537777412683,0.00338000664487,0.00165462121367]},"spectral_contrast_valleys":{"dmean":[0.41506883502,0.495928049088,0.546057224274,0.643665730953,0.692421972752,0.682919681072],"dmean2":[0.683664321899,0.818098843098,0.896381497383,1.07174122334,1.15199506283,1.1294131279],"dvar":[0.13394112885,0.22602429986,0.296766757965,0.389128595591,0.407342791557,0.360911071301],"dvar2":[0.330509632826,0.579482674599,0.787931442261,1.04588294029,1.09030401707,0.942414581776],"max":[-4.77061986923,-4.45387792587,-5.30174255371,-6.11360740662,-5.89250230789,-8.6276216507],"mean":[-7.3511095047,-7.51359701157,-8.36922550201,-9.14787483215,-9.31130027771,-11.6339597702],"median":[-6.80748558044,-6.98327445984,-7.88434123993,-8.60408782959,-8.81092262268,-11.2457962036],"min":[-28.4198303223,-28.24741745,-28.0081558228,-27.6856803894,-27.5219860077,-27.4162845612],"var":[9.58151531219,10.1029233932,9.30611610413,8.23449039459,7.97459363937,6.12732982635]},"spectral_decrease":{"dmean":6.30287910752e-9,"dmean2":1.03199004897e-8,"dvar":1.42391558859e-16,"dvar2":3.75558156368e-16,"max":1.90355784468e-8,"mean":-1.30406174748e-8,"median":-7.73512276453e-9,"min":-1.45957798736e-7,"var":2.62630188593e-16},"spectral_energy":{"dmean":0.0251293927431,"dmean2":0.0408900007606,"dvar":0.0021868085023,"dvar2":0.0057091601193,"max":0.576489925385,"mean":0.0700565502048,"median":0.0465914160013,"min":9.95251111444e-21,"var":0.00540567515418},"spectral_energyband_high":{"dmean":0.0000299240509776,"dmean2":0.0000488975492772,"dvar":3.71402775201e-9,"dvar2":8.34969782204e-9,"max":0.00217169802636,"mean":0.000040304443246,"median":0.0000162898541021,"min":7.02242897404e-21,"var":7.02579328049e-9},"spectral_energyband_low":{"dmean":0.0211723539978,"dmean2":0.0348151624203,"dvar":0.00192355003674,"dvar2":0.00507592083886,"max":0.518949985504,"mean":0.0430296361446,"median":0.0191027373075,"min":1.05574130581e-23,"var":0.0035283039324},"spectral_energyband_middle_high":{"dmean":0.000658956414554,"dmean2":0.000979506759904,"dvar":0.00000254681185652,"dvar2":0.00000570191059523,"max":0.0462064445019,"mean":0.00175514898729,"median":0.000152386317495,"min":1.12499945943e-21,"var":0.0000117862728075},"spectral_energyband_middle_low":{"dmean":0.00481406459585,"dmean2":0.00764286750928,"dvar":0.0000712974724593,"dvar2":0.000184724543942,"max":0.22435452044,"mean":0.0143320765346,"median":0.00490300543606,"min":1.60996274497e-22,"var":0.000453368935268},"spectral_entropy":{"dmean":0.452985107899,"dmean2":0.754110097885,"dvar":0.185150206089,"dvar2":0.514321386814,"max":9.82800865173,"mean":6.82169055939,"median":6.76871681213,"min":3.88658905029,"var":0.631021678448},"spectral_flux":{"dmean":0.0329942628741,"dmean2":0.0542155206203,"dvar":0.00230005732737,"dvar2":0.00570876710117,"max":0.593993842602,"mean":0.0988278612494,"median":0.0822110697627,"min":6.39705718952e-11,"var":0.00552097475156},"spectral_kurtosis":{"dmean":9.59012126923,"dmean2":15.9841508865,"dvar":170.688095093,"dvar2":470.979309082,"max":161.625976562,"mean":20.5852661133,"median":14.899597168,"min":-1.26333975792,"var":321.656341553},"spectral_rms":{"dmean":0.00131434819195,"dmean2":0.00208298582584,"dvar":0.00000319167315865,"dvar2":0.00000784534404374,"max":0.0237155891955,"mean":0.00721259368584,"median":0.00674203503877,"min":3.11604995279e-12,"var":0.0000163263484865},"spectral_rolloff":{"dmean":4774.32324219,"dmean2":9473.24609375,"dvar":76807048,"dvar2":195490128,"max":22050,"mean":10962.7509766,"median":3197.68066406,"min":21.533203125,"var":113202112},"spectral_skewness":{"dmean":0.77535033226,"dmean2":1.28553652763,"dvar":0.719495415688,"dvar2":2.01159572601,"max":10.7261161804,"mean":3.3605659008,"median":3.13390302658,"min":-0.0782284215093,"var":2.00255179405},"spectral_spread":{"dmean":852191.3125,"dmean2":1417171,"dvar":775009271808,"dvar2":1887552929790,"max":42865992,"mean":5015556.5,"median":4246964,"min":986794.6875,"var":28945791582200},"spectral_strongpeak":{"dmean":3.17717719078,"dmean2":5.96672058105,"dvar":165.560409546,"dvar2":458.485229492,"max":256.826873779,"mean":4.07047128677,"median":0.37041670084,"min":0,"var":404.010894775},"zerocrossingrate":{"dmean":0.0430810749531,"dmean2":0.0574666596949,"dvar":0.00153312890325,"dvar2":0.00269749085419,"max":0.92236328125,"mean":0.251231789589,"median":0.2236328125,"min":0.0107421875,"var":0.0195629000664}},"metadata":{"audio_properties":{"analysis_sample_rate":44100,"bit_rate":160000,"codec":"mp3","downmix":"mix","equal_loudness":0,"length":227.108566284,"lossless":false,"md5_encoded":"699c30091466438fb02d10d75a146c0b","replay_gain":3.9947681427,"sample_rate":44100},"tags":{"acoustid_id":["3d42c80e-e216-4d3f-b917-f249d881b070"],"album":["You & Me"],"albumartist":["The Walkmen"],"artist":["The Walkmen"],"date":["2008"],"discnumber":["1/1"],"file_name":"10 - The Walkmen - Long Time Ahead of Us.mp3","musicbrainz_albumartistid":["b7834ebd-64ae-46c3-a930-2d3a52ee743a"],"musicbrainz_albumid":["67bffab2-20a6-38c2-9434-652b58728556"],"musicbrainz_artistid":["b7834ebd-64ae-46c3-a930-2d3a52ee743a"],"musicbrainz_recordingid":["dbd57fd2-4c05-4e12-aa05-bcd4484562c0"],"musicbrainz_releasegroupid":["99eeb9b9-1d4c-35a6-acd9-3086f6114a59"],"replaygain_album_gain":["+0.73 dB"],"replaygain_album_peak":["0.342621"],"replaygain_track_gain":["+4.16 dB"],"replaygain_track_peak":["0.318358"],"title":["Long Time Ahead of Us"],"tracknumber":["10/14"]},"version":{"essentia":"2.1-beta1","essentia_build_sha":"e76a03f03bb3900de42a1fa0d9be1e72f12def64","essentia_git_sha":"v2.1_beta1-28-g21ef5f4-dirty","extractor":"music 1.0"}},"rhythm":{"beats_count":538,"beats_loudness":{"dmean":0.0572157762945,"dmean2":0.0957592725754,"dvar":0.00313550233841,"dvar2":0.00877079274505,"max":0.505657017231,"mean":0.0883869305253,"median":0.0698490664363,"min":0,"var":0.00560070946813},"beats_loudness_band_ratio":{"dmean":[0.165922731161,0.0785411819816,0.0733636394143,0.0248881019652,0.00241556554101,0.0810155794024],"dmean2":[0.275976717472,0.134043589234,0.123867705464,0.0427103228867,0.00437162723392,0.136644050479],"dvar":[0.0297987591475,0.0175682269037,0.017070831731,0.00346280820668,0.0000824335511425,0.0103752138093],"dvar2":[0.0667149275541,0.0434433929622,0.0431333780289,0.0087930476293,0.000242174646701,0.0268040988594],"max":[0.976041197777,0.94131565094,0.815982878208,0.62855297327,0.1