{"lowlevel":{"average_loudness":0.767312645912,"barkbands":{"dmean":[0.000512614555191,0.00592405209318,0.00251900963485,0.00252286111936,0.00111427169759,0.000339373596944,0.000235778017668,0.000210259226151,0.000449798128102,0.000302152475342,0.000237846295931,0.000236778520048,0.000330606766511,0.000288662500679,0.000300082901958,0.000261727487668,0.00032335461583,0.000210549027543,0.000201646995265,0.000179071997991,0.000150124324136,0.000141060605529,0.0000994264919427,0.0000656964766677,0.0000727679798729,0.0000502311049786,0.0000132314689836],"dmean2":[0.00072287110379,0.00979082565755,0.0043371594511,0.00385018717498,0.00191686535254,0.000548953772523,0.000387217703974,0.000346778513631,0.000716897193342,0.000487882469315,0.00039213502896,0.000390187255107,0.000543429458048,0.000471724109957,0.000491533777677,0.000435025256593,0.000545172079001,0.000351109338226,0.000337370991474,0.00029612830258,0.000241249057581,0.000215151492739,0.000148521678057,0.0000932515249588,0.000105518520286,0.0000780617483542,0.0000205473334063],"dvar":[0.00000278846437141,0.000372564129066,0.0000474879561807,0.0000446062076662,0.00000623453342996,5.9397939367e-7,1.61393799658e-7,1.87655444961e-7,7.02927650309e-7,3.67300458493e-7,2.50072389463e-7,2.02091356982e-7,4.17244706341e-7,2.82784839101e-7,3.14237212251e-7,1.7879403913e-7,3.21551340221e-7,9.66521298551e-8,9.45256175555e-8,8.13800227206e-8,6.41244497501e-8,6.71378330708e-8,3.81870393085e-8,2.03884695793e-8,2.09171364673e-8,1.63104179052e-8,6.32796148814e-10],"dvar2":[0.00000547321815247,0.000981513177976,0.000135250258609,0.0000956739895628,0.0000175218483491,0.00000145275282648,4.18839448457e-7,4.9422851589e-7,0.00000169148950135,9.4721684718e-7,6.54455561744e-7,5.45717682598e-7,0.00000107834750906,6.93086462888e-7,7.65927211432e-7,4.79793186514e-7,8.9712210638e-7,2.61820304104e-7,2.53058175304e-7,2.13869256527e-7,1.6246872292e-7,1.40716366559e-7,7.89327287976e-8,3.65972496752e-8,4.19196233281e-8,4.00048243421e-8,1.45038236976e-9],"max":[0.031965509057,0.230120837688,0.117354407907,0.114267811179,0.0389609187841,0.020046627149,0.012483949773,0.0130575662479,0.01620878838,0.0161226969212,0.0172490756959,0.0100253494456,0.0111648114398,0.0148657541722,0.0155209330842,0.00889370031655,0.0117505323142,0.00742539390922,0.00731360260397,0.00541812786832,0.00528027070686,0.00749974185601,0.00557777984068,0.0042521758005,0.00323158781976,0.00397325819358,0.000823984621093],"mean":[0.000762972864322,0.00932971853763,0.004909935873,0.00378458946943,0.00174938386772,0.000610759772826,0.000423118006438,0.000332864292432,0.000849289877806,0.000624926353339,0.000444128992967,0.000480891700136,0.000656038406305,0.000615371274762,0.000662035890855,0.000598519458435,0.000756725261454,0.000527952681296,0.00053622800624,0.000486805103719,0.000415143527789,0.000416170456447,0.000285173213342,0.00019056131714,0.000175934255822,0.0000890684314072,0.0000202722312679],"median":[0.000165311706951,0.00553364586085,0.0030868453905,0.00114725611638,0.00105149578303,0.000292764860205,0.000250715645961,0.000173908498255,0.000349662732333,0.0002528327459,0.000201000177185,0.000255453633144,0.000250685232459,0.000288353359792,0.000327866291627,0.000393072230509,0.000484386546304,0.000357253244147,0.000370456284145,0.000331865972839,0.00028889789246,0.000254480983131,0.000161028365255,0.000101643905509,0.0000863097957335,0.0000340479309671,0.00000672779515298],"min":[2.49245060069e-24,1.67463211047e-23,6.83078444363e-24,8.62420685797e-24,2.38020161033e-23,1.44483030235e-23,1.0865126398e-23,1.59037009065e-23,2.25742077469e-23,4.15218041868e-23,1.66858296728e-23,4.1446628898e-23,4.20126302866e-23,7.40422510612e-23,1.1078521477e-22,1.61371014981e-22,1.10892146444e-22,1.70174159947e-22,1.51703177489e-22,2.8490003155e-22,4.05446838354e-22,4.27308660527e-22,3.63714506124e-22,7.47809896378e-22,8.86465895096e-22,1.62611419868e-21,2.148891639e-21],"var":[0.00000490219008498,0.000337485835189,0.0000476529348816,0.0000692543108016,0.00000646242642688,0.00000114903025406,3.00835694134e-7,2.80607878267e-7,0.00000185401404451,0.00000113529381451,6.38994890778e-7,4.70525662877e-7,0.0000011619504221,0.00000103148136077,0.00000119106914553,5.40435053153e-7,9.55693053584e-7,3.28369310409e-7,3.27308953274e-7,2.90976629458e-7,2.19888761421e-7,2.99215770383e-7,1.81344020689e-7,1.01433109023e-7,8.3763509906e-8,2.82417165209e-8,1.17833909297e-9]},"barkbands_crest":{"dmean":2.18503594398,"dmean2":3.44903111458,"dvar":5.87780761719,"dvar2":13.6838350296,"max":26.0442752838,"mean":10.0409574509,"median":9.14949035645,"min":2.19233059883,"var":17.9488143921},"barkbands_flatness_db":{"dmean":0.0157946012914,"dmean2":0.0248052440584,"dvar":0.0003342491691,"dvar2":0.000836731458548,"max":0.387546896935,"mean":0.102766156197,"median":0.093518987298,"min":0.0171601735055,"var":0.00216043833643},"barkbands_kurtosis":{"dmean":2.07071232796,"dmean2":3.35255098343,"dvar":23.3604030609,"dvar2":59.9568328857,"max":163.174346924,"mean":2.38623595238,"median":0.106866359711,"min":-1.9776558876,"var":51.9192314148},"barkbands_skewness":{"dmean":0.458092153072,"dmean2":0.717279732227,"dvar":0.343258231878,"dvar2":0.866348445415,"max":11.8590488434,"mean":1.35036110878,"median":1.1088616848,"min":-4.75416851044,"var":1.48308646679},"barkbands_spread":{"dmean":6.2429060936,"dmean2":9.58885669708,"dvar":59.4356079102,"dvar2":142.968261719,"max":161.12171936,"mean":35.8029403687,"median":35.9154701233,"min":1.69902873039,"var":287.013000488},"dissonance":{"dmean":0.00922711286694,"dmean2":0.0156875252724,"dvar":0.0000957478259807,"dvar2":0.000261403474724,"max":0.500000119209,"mean":0.482248872519,"median":0.48667511344,"min":0.356183201075,"var":0.000232031525229},"dynamic_complexity":4.30439472198,"erbbands":{"dmean":[0.166453167796,1.43136441708,3.04937982559,5.67139387131,5.6705288887,3.49717330933,2.87452316284,2.79035902023,2.97127962112,4.27993631363,5.33343553543,10.5076150894,8.37252140045,8.56042003632,9.26186180115,9.71406555176,14.5439577103,15.1459598541,14.654129982,13.8799057007,14.9489746094,15.7303161621,11.7518835068,9.44656658173,10.7722949982,7.73239850998,6.51445245743,5.69058799744,5.25477457047,4.30131959915,2.72082090378,1.69249272346,1.02083027363,0.799410521984,0.576296150684,0.266231656075,0.0842063054442,0.0180123895407,0.00226340116933,0.000106481616967],"dmean2":[0.268861860037,2.44169688225,5.30628919601,8.88262653351,9.0674905777,6.03284692764,4.69010162354,4.59157371521,4.88906002045,7.02688980103,8.53147125244,17.0018768311,13.6122016907,14.0285511017,15.2064199448,15.9337482452,23.8313102722,24.7750587463,23.8787822723,22.9692783356,25.0078659058,26.2990722656,19.5059967041,15.8572340012,17.9772396088,12.7001438141,10.6791200638,8.94805908203,8.10401630402,6.5157661438,4.10494947433,2.45527815819,1.46264243126,1.15635704994,0.867390096188,0.413943946362,0.131713539362,0.028212716803,0.0035298478324,0.000164136261446],"dvar":[0.222703665495,24.0545902252,84.0904159546,178.489578247,198.904586792,52.7399749756,37.8445892334,45.7227783203,32.8728256226,65.1966705322,99.8836898804,404.203063965,290.095275879,300.974609375,328.870819092,333.546173096,848.15032959,795.382629395,912.296508789,665.137939453,624.214660645,665.585266113,300.076019287,203.492858887,312.542785645,146.622909546,118.492073059,100.055534363,92.9723052979,63.5816802979,32.7974739075,12.8835105896,5.52525234222,3.02561044693,1.26546478271,0.368540555239,0.0618511028588,0.00137773668393,0.0000187170517165,3.89095937692e-8],"dvar2":[0.525867581367,66.1203536987,238.361953735,409.197296143,472.928161621,147.11177063,89.0527572632,119.699287415,86.0101089478,166.489944458,256.299560547,1023.36071777,771.826843262,779.063598633,856.568359375,888.479553223,2174.75878906,1997.30957031,2173.73779297,1767.21191406,1737.46655273,1859.58544922,807.80645752,556.450439453,828.277282715,385.346923828,302.332550049,250.696075439,205.294799805,135.499526978,70.0082321167,24.9645709991,10.073756218,6.01138591766,2.76958370209,0.895353138447,0.155023232102,0.00320896226913,0.0000429920874012,8.82404975755e-8],"max":[6.23371171951,60.2445220947,135.363525391,256.827697754,236.937332153,141.372085571,173.634429932,148.5834198,251.319335938,184.43119812,265.211029053,365.012359619,456.287322998,451.860076904,580.121948242,451.197296143,510.351501465,884.579284668,964.107788086,529.821411133,523.189147949,550.714599609,387.546691895,286.228820801,511.313659668,214.345916748,234.881820679,205.663513184,300.458374023,243.313476562,154.079925537,124.745788574,63.3225517273,43.4508705139,25.0230236053,17.0838699341,7.77163124084,0.846994936466,0.139202266932,0.00461482489482],"mean":[0.263939768076,2.0808365345,6.01027488708,9.44007778168,8.6945142746,5.51573562622,5.24759101868,4.76926326752,5.40112495422,7.38942956924,9.72763061523,19.155412674,17.8139839172,18.8652839661,19.931055069,21.212184906,30.7731609344,34.7689056396,34.1040916443,30.9430007935,36.6216087341,40.3721847534,31.6766605377,26.0651283264,28.5133647919,22.1388263702,17.9383563995,15.6469774246,14.8560628891,12.2710943222,7.59545135498,4.72924280167,2.85651516914,2.07009863853,1.20300316811,0.481485396624,0.142266258597,0.0297751259059,0.00342895672657,0.000195979257114],"median":[0.121146678925,1.28619420528,4.11707115173,4.10968208313,3.70257639885,3.17885613441,2.69103646278,2.32050776482,3.22813773155,4.27316522598,5.05167198181,8.05587673187,8.60210895538,8.23183059692,10.6033935547,11.8309469223,13.0033407211,16.5404529572,16.8720264435,19.5273475647,24.6091480255,27.7624053955,21.8920402527,18.3515510559,19.0086650848,15.3663845062,12.5877380371,10.3939962387,9.05312252045,7.36558151245,4.15127563477,2.56045174599,1.46333110332,1.05435633659,0.542054712772,0.189344227314,0.0519268326461,0.0104655846953,0.00114026234951,0.0000978870302788],"min":[5.73713671472e-22,2.57716197777e-21,5.79914517035e-21,1.8139860807e-20,7.06478094452e-20,5.33016930595e-20,8.77072722058e-20,1.75819229601e-19,1.08606151941e-19,2.96418337201e-19,4.34126202356e-19,4.95175336888e-19,1.54554944124e-18,1.04822353815e-18,9.62802664245e-19,2.33407972947e-18,2.21876661618e-18,4.14675029573e-18,3.03342826375e-18,6.08874124497e-18,5.29839126278e-18,6.38677359249e-18,9.06973266854e-18,8.44527169025e-18,1.26915206467e-17,1.29774819476e-17,1.37225880454e-17,1.93859653088e-17,1.35433239446e-17,1.15682796852e-17,1.16309452341e-17,1.55396085477e-17,1.0714880756e-17,9.03790772165e-18,7.62769381743e-18,5.20951566905e-18,2.89889933124e-18,1.25353111036e-18,3.02396862627e-19,3.36433257495e-20],"var":[0.288470029831,18.0413074493,73.3248062134,283.40814209,270.236175537,67.1015701294,75.7881546021,68.5756912231,54.8606147766,111.481208801,195.599243164,923.161437988,782.827758789,1011.36364746,916.23449707,825.565856934,2403.12792969,3212.27270508,3810.88769531,1697.07324219,2029.25244141,2229.08886719,1146.62536621,763.307189941,998.315429688,578.287841797,381.615753174,363.495513916,373.11618042,280.842559814,141.519226074,57.7963180542,25.9419822693,12.4820604324,4.07200813293,0.736151218414,0.0891940444708,0.00270460965112,0.0000339247671945,7.80634081821e-8]},"erbbands_crest":{"dmean":1.83917987347,"dmean2":3.02265667915,"dvar":3.53142809868,"dvar2":8.93707275391,"max":31.9154720306,"mean":7.17742919922,"median":6.02206707001,"min":2.07731771469,"var":15.5018644333},"erbbands_flatness_db":{"dmean":0.0110658621415,"dmean2":0.0169072560966,"dvar":0.00012588086247,"dvar2":0.000271501921816,"max":0.401588857174,"mean":0.124790348113,"median":0.11125203222,"min":0.0208400767297,"var":0.00252806348726},"erbbands_kurtosis":{"dmean":0.647425889969,"dmean2":1.03779745102,"dvar":2.27552437782,"dvar2":5.83807039261,"max":84.8651428223,"mean":0.348290473223,"median":-0.0493655204773,"min":-1.77863311768,"var":5.33360242844},"erbbands_skewness":{"dmean":0.23747779429,"dmean2":0.372830241919,"dvar":0.0602888613939,"dvar2":0.141809955239,"max":7.01618862152,"mean":-0.360703647137,"median":-0.360192090273,"min":-5.23689842224,"var":0.376888543367},"erbbands_spread":{"dmean":7.33065509796,"dmean2":11.4281358719,"dvar":67.0213775635,"dvar2":155.637893677,"max":133.071456909,"mean":44.3614120483,"median":40.6619796753,"min":1.40536892414,"var":367.259216309},"gfcc":{"cov":[[23897.9414062,-560.63861084,653.598449707,1242.65612793,-310.813690186,1343.2635498,161.337753296,744.733398438,-686.959716797,-189.456558228,-616.893798828,-70.591758728,-176.038330078],[-560.63861084,1046.03027344,-673.473571777,44.9553146362,-28.537902832,-241.719772339,30.6077098846,-209.231338501,59.1276473999,-133.367416382,67.3001556396,-62.1100502014,67.3938751221],[653.598449707,-673.473571777,1097.08630371,72.3188171387,111.925422668,391.333221436,59.9977340698,278.810516357,-15.1651344299,132.68699646,-28.9893264771,71.0453033447,-35.3454856873],[1242.65612793,44.9553146362,72.3188171387,332.010803223,8.97926425934,98.5077438354,30.0129108429,7.79335212708,4.06152915955,-40.5425109863,-22.6294384003,-36.5835380554,11.1839704514],[-310.813690186,-28.537902832,111.925422668,8.97926425934,203.692596436,-20.5302829742,9.69317340851,28.6318626404,22.4108104706,52.009513855,22.0967826843,21.692817688,1.83070671558],[1343.2635498,-241.719772339,391.333221436,98.5077438354,-20.5302829742,448.498168945,114.692764282,184.094055176,9.05525970459,22.5768756866,-10.4878149033,21.2701358795,2.24018335342],[161.337753296,30.6077098846,59.9977340698,30.0129108429,9.69317340851,114.692764282,148.371536255,58.749961853,11.8877096176,-4.40519666672,11.2397003174,8.76585197449,3.64412140846],[744.733398438,-209.231338501,278.810516357,7.79335212708,28.6318626404,184.094055176,58.749961853,206.383468628,30.7506523132,54.4491615295,-10.6739883423,31.3532905579,-3.37108206749],[-686.959716797,59.1276473999,-15.1651344299,4.06152915955,22.4108104706,9.05525970459,11.8877096176,30.7506523132,144.907363892,46.3020706177,37.2652015686,9.12919139862,17.4157867432],[-189.456558228,-133.367416382,132.68699646,-40.5425109863,52.009513855,22.5768756866,-4.40519666672,54.4491615295,46.3020706177,112.752067566,36.2251319885,32.7943534851,-16.147069931],[-616.893798828,67.3001556396,-28.9893264771,-22.6294384003,22.0967826843,-10.4878149033,11.2397003174,-10.6739883423,37.2652015686,36.2251319885,91.6941146851,29.9286956787,6.96396350861],[-70.591758728,-62.1100502014,71.0453033447,-36.5835380554,21.692817688,21.2701358795,8.76585197449,31.3532905579,9.12919139862,32.7943534851,29.9286956787,76.8597183228,19.9222927094],[-176.038330078,67.3938751221,-35.3454856873,11.1839704514,1.83070671558,2.24018335342,3.64412140846,-3.37108206749,17.4157867432,-16.147069931,6.96396350861,19.9222927094,65.4639587402]],"icov":[[0.000152359119966,-0.000212221348193,0.000275574682746,-0.000597784644924,0.000122301513329,-0.000421377277235,0.000337392411893,-0.000680324039422,0.000893039512448,-0.000578013190534,0.000948454253376,-0.000619390571956,0.000543734291568],[-0.000212221348193,0.00256647425704,0.000437001057435,0.000603733875323,-0.000573032652028,0.001009846339,-0.00150873546954,0.00146660150494,-0.00211982894689,0.00265945866704,-0.00312887318432,0.00207712780684,-0.00201839045621],[0.000275574682746,0.000437001057435,0.00286716572009,-0.0015143310884,-0.000733853667043,-0.00192847952712,0.000852728087921,-0.00219650450163,0.00216011167504,-0.0019625723362,0.00204029493034,-0.00177263456862,0.00128752156161],[-0.000597784644924,0.000603733875323,-0.0015143310884,0.00620127143338,-0.00113588850945,0.000622156483587,-0.00133900379296,0.00335362856276,-0.00406802259386,0.00359249208122,-0.00345231359825,0.00424500089139,-0.00280463229865],[0.000122301513329,-0.000573032652028,-0.000733853667043,-0.00113588850945,0.00651841145009,0.00129288260359,-0.000648813496809,-0.0010429212125,0.000956774281804,-0.00316784018651,0.000395562063204,-0.000727650825866,-0.000384021317586],[-0.000421377277235,0.001009846339,-0.00192847952712,0.000622156483587,0.00129288260359,0.00661972444504,-0.00346380379051,-0.000889145885594,-0.00243513542227,0.00253458158113,-0.00388249824755,0.0024338492658,-0.00249057356268],[0.000337392411893,-0.00150873546954,0.000852728087921,-0.00133900379296,-0.000648813496809,-0.00346380379051,0.0106307761744,-0.00364788621664,0.0020067258738,0.000428759289207,0.000944354396779,-0.00240937038325,0.00271137594245],[-0.000680324039422,0.00146660150494,-0.00219650450163,0.00335362856276,-0.0010429212125,-0.000889145885594,-0.00364788621664,0.0142225213349,-0.00622415542603,0.000222400092753,-0.0009670497966,0.00103787053376,-0.00260539236479],[0.000893039512448,-0.00211982894689,0.00216011167504,-0.00406802259386,0.000956774281804,-0.00243513542227,0.0020067258738,-0.00622415542603,0.0156171275303,-0.00903935078532,0.00346106826328,-0.00139018555637,-0.00026002782397],[-0.000578013190534,0.00265945866704,-0.0019625723362,0.00359249208122,-0.00316784018651,0.00253458158113,0.000428759289207,0.000222400092753,-0.00903935078532,0.0230934694409,-0.0100797349587,-0.000529998447746,0.00335836061276],[0.000948454253376,-0.00312887318432,0.00204029493034,-0.00345231359825,0.000395562063204,-0.00388249824755,0.000944354396779,-0.0009670497966,0.00346106826328,-0.0100797349587,0.0243334285915,-0.010756380856,0.00476030213758],[-0.000619390571956,0.00207712780684,-0.00177263456862,0.00424500089139,-0.000727650825866,0.0024338492658,-0.00240937038325,0.00103787053376,-0.00139018555637,-0.000529998447746,-0.010756380856,0.0247238352895,-0.0115023497492],[0.000543734291568,-0.00201839045621,0.00128752156161,-0.00280463229865,-0.000384021317586,-0.00249057356268,0.00271137594245,-0.00260539236479,-0.00026002782397,0.00335836061276,0.00476030213758,-0.0115023497492,0.0236923936754]],"mean":[4.92399835587,63.4862861633,-113.524925232,44.5013313293,-41.3307342529,20.1701908112,-27.3894462585,7.51189804077,-19.5951461792,0.807973861694,-19.3274612427,-1.28824579716,-13.9134292603]},"hfc":{"dmean":5.08395624161,"dmean2":7.41798114777,"dvar":56.0496673584,"dvar2":118.489891052,"max":138.335357666,"mean":27.9227924347,"median":22.7020816803,"min":1.10948967938e-16,"var":547.751159668},"melbands":{"dmean":[0.00152015138883,0.00169500696938,0.000980128650554,0.000301112886518,0.000107297419163,0.0000617943587713,0.0000455891349702,0.0000460175942862,0.0000543722526345,0.0000618446210865,0.0000424309473601,0.0000363528051821,0.0000341928098351,0.0000249623299169,0.0000330261100316,0.0000312835400109,0.000030351746318,0.0000249226741289,0.000019632265321,0.0000179856833711,0.0000206434251595,0.0000185432909348,0.0000157284684974,0.0000104952850961,0.00000848034414958,0.00000839459062263,0.0000082929045675,0.00000530228726348,0.00000482883751829,0.00000419862362833,0.00000354291410076,0.00000331969067702,0.00000303215142594,0.00000244118245973,0.00000176697790266,0.00000137875292694,0.00000103265745111,7.45987222217e-7,7.83132463766e-7,6.99915858604e-7],"dmean2":[0.00249354727566,0.00294334627688,0.00152787286788,0.000496555410791,0.000176366098458,0.000100825222034,0.000074826515629,0.0000756334047765,0.0000857381601236,0.000100075638329,0.0000689221487846,0.0000594916346017,0.0000562614732189,0.0000410350075981,0.0000538311287528,0.0000510813442816,0.0000497874134453,0.0000406381768698,0.0000322479281749,0.0000299782877846,0.0000348258181475,0.0000312584816129,0.0000260637170868,0.0000176065441337,0.0000143494307849,0.000014057858607,0.0000137877786983,0.00000879596609593,0.00000801746045909,0.00000687805868438,0.00000565917844142,0.00000520045432495,0.00000472891997561,0.00000375607100978,0.00000273249133897,0.00000207701737054,0.00000154003009811,0.00000109727079689,0.00000116143701234,0.00000103753779968],"dvar":[0.0000220747442654,0.0000295315894618,0.00000542425277672,4.59982970824e-7,4.06664995012e-8,2.04844479157e-8,6.7259238179e-9,7.72942065908e-9,9.99356153386e-9,1.28958639323e-8,7.44566142075e-9,5.82961012796e-9,5.34363397975e-9,2.26700747064e-9,3.99639299431e-9,3.9843262023e-9,3.42277362009e-9,2.60148080855e-9,1.2118652748e-9,9.82583014952e-10,1.30736388382e-9,1.03263420037e-9,6.68989974528e-10,2.57513371738e-10,1.65615882119e-10,1.73714917451e-10,1.93378965618e-10,7.02339159053e-11,6.13414666284e-11,5.39980699044e-11,4.16930344416e-11,3.89117349453e-11,3.14450791794e-11,2.05317516461e-11,1.36237826576e-11,9.09114537123e-12,4.73408118262e-12,2.92328422753e-12,3.11202279224e-12,2.41910549752e-12],"dvar2":[0.000055940632592,0.000082908954937,0.0000122191440823,0.000001207726541,1.00250971968e-7,5.24187022677e-8,1.74169905165e-8,2.00313401422e-8,2.40996609335e-8,3.25578710658e-8,1.97485636733e-8,1.49489771673e-8,1.3998172399e-8,6.27458396352e-9,1.01294750365e-8,1.04960475866e-8,8.47195380516e-9,6.25472917903e-9,3.04877145751e-9,2.61737320706e-9,3.7084986193e-9,2.94780422294e-9,1.75293368709e-9,7.2104094917e-10,4.57021309686e-10,4.65104399439e-10,5.15566866977e-10,1.88020932157e-10,1.61128596576e-10,1.40829833906e-10,1.0585624044e-10,8.99831389956e-11,7.06264491335e-11,4.55293650004e-11,3.10868102094e-11,1.90470209049e-11,9.80399095241e-12,5.60103656164e-12,6.44621075269e-12,5.06118888119e-12],"max":[0.0615453645587,0.0669470503926,0.0384018272161,0.0100035443902,0.00465209549293,0.00332876620814,0.00327966036275,0.00188530352898,0.00179560319521,0.00199042912573,0.002240244532,0.00214242283255,0.0026632680092,0.0011172357481,0.0013280059211,0.00143806275446,0.00193314417265,0.00154062639922,0.000823270704132,0.000695066002663,0.000829737226013,0.000822969595902,0.000593975710217,0.00036995348637,0.000238914028159,0.00035509702866,0.000300980493193,0.000189729893464,0.000138641989906,0.000200915135792,0.000146003585542,0.000215684645809,0.000180263043148,0.000116040180728,0.000091783782409,0.0000928694789764,0.000082642880443,0.0000473857217003,0.0000413411071349,0.0000416769653384],"mean":[0.00246373843402,0.00306717958301,0.00167547224555,0.000484230840812,0.000196763852728,0.000108702413854,0.0000836948966025,0.0000787627868704,0.0000974728609435,0.000116203053039,0.0000877470956766,0.0000763092320994,0.0000670071094646,0.0000521529909747,0.0000656241390971,0.0000643824459985,0.000063840423536,0.0000530548059032,0.0000425594735134,0.0000388525113522,0.0000448197606602,0.0000426213118772,0.0000356098571501,0.0000244685979851,0.0000203658491955,0.0000204709776881,0.0000196436030819,0.0000135099498948,0.0000115893981274,0.00000992665900412,0.00000872007422004,0.00000833554167912,0.00000804756109574,0.00000624888025413,0.00000443515045845,0.00000353389873453,0.00000262220714831,0.00000191298249774,0.00000195909683498,0.00000166322240602],"median":[0.00131501746364,0.00219881837256,0.000774248386733,0.000269529264187,0.000106304731162,0.0000534585160494,0.0000506494943693,0.0000463620708615,0.0000426843180321,0.0000498545232404,0.0000395071801904,0.0000302085318253,0.0000319543250953,0.0000286604499706,0.0000296226626233,0.0000257971514657,0.0000278032584902,0.0000246913259616,0.0000235359530052,0.0000247252628469,0.0000278905154119,0.0000279483228951,0.0000224458817684,0.000016041980416,0.0000136954113259,0.0000137303823067,0.0000121661705634,0.00000910908693186,0.00000774766340328,0.00000646156604489,0.00000542116185898,0.00000496100801683,0.00000463611468149,0.00000357781800631,0.000002328376695,0.00000178461880296,0.00000139983512781,9.28386043597e-7,9.78157459031e-7,8.19761339699e-7],"min":[4.43822414393e-24,3.34231490857e-24,6.98385028052e-24,5.84977832114e-24,3.52385901856e-24,3.37084879637e-24,1.80862198905e-24,3.30120046427e-24,3.44799781518e-24,3.16065207501e-24,7.5710736052e-24,3.99930785272e-24,2.56451915805e-24,5.00575197839e-24,7.34138097542e-24,3.80802486042e-24,7.40633262692e-24,3.21164562165e-24,7.47733089725e-24,1.03950686393e-23,3.88209968828e-24,5.40374492685e-24,9.48333633719e-24,6.79354074257e-24,6.14728025104e-24,5.46132664533e-24,1.13085261802e-23,7.28459009e-24,7.9919577194e-24,9.66359894264e-24,1.12480741913e-23,5.8774282903e-24,6.34293274389e-24,5.96391663337e-24,6.50713848005e-24,7.41521362299e-24,8.64386132743e-24,5.3656413674e-24,8.44025948323e-24,7.32314566674e-24],"var":[0.0000238291158894,0.0000229975648836,0.00000866404297994,5.63773141948e-7,8.284704478e-8,3.44189245993e-8,1.21988605883e-8,1.28275701172e-8,2.34985755299e-8,3.14347232688e-8,2.00405398942e-8,1.93043891983e-8,1.3581028746e-8,5.23364640515e-9,1.05174660092e-8,1.16898251079e-8,1.27988952769e-8,9.79505720977e-9,3.56960216941e-9,2.5842177287e-9,3.57796081651e-9,2.83653056599e-9,2.02943573058e-9,7.78519915201e-10,5.06026054392e-10,5.16545084484e-10,5.51237722135e-10,2.35495845047e-10,1.71080219435e-10,1.4461606912e-10,1.33298552751e-10,1.28296373525e-10,1.21157209265e-10,7.82783560194e-11,4.99369955109e-11,3.56790812173e-11,1.90770472336e-11,1.22757698104e-11,1.28058024254e-11,8.35178714381e-12]},"melbands_crest":{"dmean":2.82836794853,"dmean2":4.53452110291,"dvar":8.44543838501,"dvar2":20.8787441254,"max":37.7346229553,"mean":16.6250572205,"median":16.2626056671,"min":1.84390437603,"var":27.3711471558},"melbands_flatness_db":{"dmean":0.0207132585347,"dmean2":0.0323016010225,"dvar":0.000564858841244,"dvar2":0.00140315515455,"max":0.538295447826,"mean":0.17166249454,"median":0.161808520555,"min":0.006205921527,"var":0.00294237723574},"melbands_kurtosis":{"dmean":7.64135694504,"dmean2":12.3942041397,"dvar":288.590515137,"dvar2":751.639709473,"max":382.906188965,"mean":15.6492967606,"median":7.39420413971,"min":-1.8920173645,"var":688.311645508},"melbands_skewness":{"dmean":0.715902864933,"dmean2":1.12968826294,"dvar":0.914316356182,"dvar2":2.29075264931,"max":16.5964241028,"mean":3.10591125488,"median":2.67697048187,"min":-2.9331741333,"var":3.83150935173},"melbands_spread":{"dmean":7.51176738739,"dmean2":11.6580381393,"dvar":73.1544265747,"dvar2":171.610931396,"max":199.39024353,"mean":31.6467075348,"median":29.6670684814,"min":0.895790934563,"var":342.310516357},"mfcc":{"cov":[[13562.3447266,-9.28922653198,694.270263672,601.442871094,350.994415283,464.783813477,577.378234863,549.233276367,316.382171631,202.702285767,169.606994629,13.0584764481,-168.450515747],[-9.28922653198,741.294799805,-316.689178467,80.063117981,-66.9838485718,-12.6955251694,-9.85828399658,-10.7440748215,-37.1513214111,-35.0663948059,-47.0441093445,-44.3035354614,-12.5791654587],[694.270263672,-316.689178467,708.535400391,-61.7102279663,148.470443726,131.496520996,131.642318726,148.816711426,115.620323181,90.6010818481,91.771232605,54.3205757141,31.4311199188],[601.442871094,80.063117981,-61.7102279663,286.350311279,43.5203933716,12.5270652771,-5.86397790909,-30.6107826233,-8.84761238098,-20.7390499115,-28.5843353271,-11.9217605591,-17.9870948792],[350.994415283,-66.9838485718,148.470443726,43.5203933716,202.664550781,33.7213134766,23.5018024445,15.2959537506,44.3613243103,36.8208999634,14.7755689621,33.292881012,36.4428863525],[464.783813477,-12.6955251694,131.496520996,12.5270652771,33.7213134766,157.567352295,75.4838485718,73.7583847046,32.1439971924,33.1092796326,35.4895019531,2.78484916687,-8.20816707611],[577.378234863,-9.85828399658,131.642318726,-5.86397790909,23.5018024445,75.4838485718,160.21736145,92.9691772461,34.5245094299,25.7867889404,35.9584236145,18.0425662994,-6.57341098785],[549.233276367,-10.7440748215,148.816711426,-30.6107826233,15.2959537506,73.7583847046,92.9691772461,155.361373901,74.5312728882,47.5372657776,37.2915306091,12.0367994308,8.09091663361],[316.382171631,-37.1513214111,115.620323181,-8.84761238098,44.3613243103,32.1439971924,34.5245094299,74.5312728882,116.328262329,56.4832992554,24.0237140656,11.4925832748,18.3534851074],[202.702285767,-35.0663948059,90.6010818481,-20.7390499115,36.8208999634,33.1092796326,25.7867889404,47.5372657776,56.4832992554,92.0155639648,38.0597267151,17.7951107025,11.6556577682],[169.606994629,-47.0441093445,91.771232605,-28.5843353271,14.7755689621,35.4895019531,35.9584236145,37.2915306091,24.0237140656,38.0597267151,90.2732925415,41.5480880737,13.9800863266],[13.0584764481,-44.3035354614,54.3205757141,-11.9217605591,33.292881012,2.78484916687,18.0425662994,12.0367994308,11.4925832748,17.7951107025,41.5480880737,84.2902450562,39.6110420227],[-168.450515747,-12.5791654587,31.4311199188,-17.9870948792,36.4428863525,-8.20816707611,-6.57341098785,8.09091663361,18.3534851074,11.6556577682,13.9800863266,39.6110420227,80.962272644]],"icov":[[0.000114135851618,0.00000745767329136,0.00000569797066419,-0.000249194767093,-0.00012868232443,-0.0000209086556424,-0.000183031545021,-0.000283891073195,-0.0000598419901507,-0.0000113857558972,-0.000102094949398,0.00000825428924145,0.000279164029052],[0.00000745767329136,0.00183068343904,0.000956593139563,-0.000394263508497,0.0000620496939518,-0.000256454542978,-0.000352939998265,-0.000701042474248,0.000207549426705,-0.0000535364160896,0.000128517072881,0.000620237959083,-0.000536523584742],[0.00000569797066419,0.000956593139563,0.00291291181929,0.000349907553755,-0.00138387805782,-0.000879856524989,-0.000724233919755,-0.00115897168871,-0.00066737330053,-0.00000303647311739,-0.000895352859516,0.000131503664306,-0.0000599069280725],[-0.000249194767093,-0.000394263508497,0.000349907553755,0.00476410379633,-0.00115041073877,-0.000840949476697,0.000233442988247,0.00156136963051,-0.000564453133848,0.000929083034862,0.00106920604594,-0.000477568450151,0.000681566190906],[-0.00012868232443,0.0000620496939518,-0.00138387805782,-0.00115041073877,0.00768879335374,-0.000864944246132,-0.000349840003764,0.00249366974458,-0.00146293221042,-0.00172615016345,0.00174305448309,-0.0014899331145,-0.00279450975358],[-0.0000209086556424,-0.000256454542978,-0.000879856524989,-0.000840949476697,-0.000864944246132,0.0101173752919,-0.00211610179394,-0.00267508788966,0.00130470830481,-0.00103364931419,-0.0022793659009,0.00190031237435,0.00089887494687],[-0.000183031545021,-0.000352939998265,-0.000724233919755,0.000233442988247,-0.000349840003764,-0.00211610179394,0.0116312885657,-0.00527146132663,0.00128477474209,0.00106085790321,-0.000683360733092,-0.00222270120867,0.00207295198925],[-0.000283891073195,-0.000701042474248,-0.00115897168871,0.00156136963051,0.00249366974458,-0.00267508788966,-0.00527146132663,0.0165711678565,-0.00669289892539,-0.00101404660381,-0.0000101237983472,0.000579735962674,-0.00199913326651],[-0.0000598419901507,0.000207549426705,-0.00066737330053,-0.000564453133848,-0.00146293221042,0.00130470830481,0.00128477474209,-0.00669289892539,0.0168359987438,-0.00668431166559,0.000701711454894,0.00142545031849,-0.00206749630161],[-0.0000113857558972,-0.0000535364160896,-0.00000303647311739,0.000929083034862,-0.00172615016345,-0.00103364931419,0.00106085790321,-0.00101404660381,-0.00668431166559,0.0185149218887,-0.00512403948233,-0.000120535580209,0.000828793272376],[-0.000102094949398,0.000128517072881,-0.000895352859516,0.00106920604594,0.00174305448309,-0.0022793659009,-0.000683360733092,-0.0000101237983472,0.000701711454894,-0.00512403948233,0.0192435439676,-0.00849938299507,0.000736630987376],[0.00000825428924145,0.000620237959083,0.000131503664306,-0.000477568450151,-0.0014899331145,0.00190031237435,-0.00222270120867,0.000579735962674,0.00142545031849,-0.000120535580209,-0.00849938299507,0.0209799855947,-0.00852138549089],[0.000279164029052,-0.000536523584742,-0.0000599069280725,0.000681566190906,-0.00279450975358,0.00089887494687,0.00207295198925,-0.00199913326651,-0.00206749630161,0.000828793272376,0.000736630987376,-0.00852138549089,0.0191319528967]],"mean":[-630.764038086,91.6867370605,-4.83117866516,29.6434402466,9.92910003662,16.5687675476,4.9560303688,10.0886793137,5.00378322601,3.72689914703,1.5933907032,-1.03896224499,-0.933193743229]},"pitch_salience":{"dmean":0.0636935830116,"dmean2":0.102705225348,"dvar":0.00430621160194,"dvar2":0.0107684042305,"max":0.824258387089,"mean":0.51889359951,"median":0.533158481121,"min":0.0959744527936,"var":0.0147253163159},"silence_rate_20dB":{"dmean":0,"dmean2":0,"dvar":0,"dvar2":0,"max":1,"mean":1,"median":1,"min":1,"var":0},"silence_rate_30dB":{"dmean":0.0348757393658,"dmean2":0.0697562620044,"dvar":0.0336620099843,"dvar2":0.0749179050326,"max":1,"mean":0.969382822514,"median":1,"min":0,"var":0.029680930078},"silence_rate_60dB":{"dmean":0.00123575446196,"dmean2":0.00247167865746,"dvar":0.00123432290275,"dvar2":0.00273996102624,"max":1,"mean":0.088762268424,"median":0,"min":0,"var":0.0808794721961},"spectral_centroid":{"dmean":240.725967407,"dmean2":373.912475586,"dvar":65793.1015625,"dvar2":152652.5,"max":10930.125,"mean":1925.54650879,"median":1979.21862793,"min":188.831680298,"var":401725.75},"spectral_complexity":{"dmean":3.15529322624,"dmean2":5.11747360229,"dvar":9.39012145996,"dvar2":23.1270751953,"max":62,"mean":27.3674049377,"median":29,"min":0,"var":273.449035645},"spectral_contrast_coeffs":{"dmean":[0.0442164093256,0.0411086678505,0.032913736999,0.027392199263,0.0188024323434,0.0155572080985],"dmean2":[0.0729797035456,0.0684450268745,0.0547410659492,0.0454754941165,0.0314983427525,0.0245253425092],"dvar":[0.00143213942647,0.00108952715527,0.000681117700879,0.000480545830214,0.000250005308772,0.000202542098123],"dvar2":[0.00366268027574,0.00295313703828,0.00187233381439,0.00129224488046,0.00066458620131,0.000450876977993],"max":[-0.253765672445,-0.471076786518,-0.561483979225,-0.559825062752,-0.627870082855,-0.550539553165],"mean":[-0.655233860016,-0.763773620129,-0.783841967583,-0.782617211342,-0.800072968006,-0.739932000637],"median":[-0.6609852314,-0.769478738308,-0.784566760063,-0.788411021233,-0.802613198757,-0.742017745972],"min":[-0.966832756996,-0.965613663197,-0.977417528629,-0.981372177601,-0.974750876427,-0.962750017643],"var":[0.00690783420578,0.00368965580128,0.00310795311816,0.00259201019071,0.00115262321196,0.0025783686433]},"spectral_contrast_valleys":{"dmean":[0.343651086092,0.328456252813,0.269332528114,0.232034504414,0.178182154894,0.188574329019],"dmean2":[0.577975332737,0.547871589661,0.446133524179,0.38221436739,0.287040859461,0.260671168566],"dvar":[0.0894709825516,0.0811611190438,0.0529914610088,0.0499870292842,0.041151765734,0.0566863119602],"dvar2":[0.240028619766,0.210609033704,0.136899039149,0.12135938555,0.0920872017741,0.101933591068],"max":[-4.96240186691,-5.01158428192,-5.47136688232,-5.79872369766,-5.44990539551,-7.51727819443],"mean":[-7.34118366241,-7.25741195679,-7.46973800659,-7.56014204025,-7.21133422852,-9.91895771027],"median":[-6.80627679825,-6.87504339218,-7.10172080994,-7.09078645706,-6.6476111412,-9.30983829498],"min":[-27.6311016083,-27.4825439453,-27.4790706635,-27.436006546,-27.2296085358,-27.2968196869],"var":[3.14868164062,2.22562384605,2.37503147125,2.4038105011,2.6021091938,3.12559723854]},"spectral_decrease":{"dmean":2.65709920733e-9,"dmean2":4.34659863657e-9,"dvar":4.11356720099e-17,"dvar2":1.08352613431e-16,"max":8.15179876226e-17,"mean":-7.47251149846e-9,"median":-6.66205268729e-9,"min":-7.72020456452e-8,"var":5.65691483219e-17},"spectral_energy":{"dmean":0.0102597465739,"dmean2":0.0167335290462,"dvar":0.000597100297455,"dvar2":0.00156699935906,"max":0.295581549406,"mean":0.0307357031852,"median":0.027836708352,"min":1.02820424221e-20,"var":0.000881401298102},"spectral_energyband_high":{"dmean":0.000460495823063,"dmean2":0.000644739076961,"dvar":6.01405020006e-7,"dvar2":0.00000117009665246,"max":0.0154652455822,"mean":0.00182158395182,"median":0.00125738664065,"min":7.51384211255e-21,"var":0.0000041628204599},"spectral_energyband_low":{"dmean":0.00856307148933,"dmean2":0.0142209557816,"dvar":0.000574191682972,"dvar2":0.00153696746565,"max":0.282522380352,"mean":0.0169980488718,"median":0.0123517336324,"min":3.39554195709e-23,"var":0.000584945140872},"spectral_energyband_middle_high":{"dmean":0.00118264276534,"dmean2":0.00191245903261,"dvar":0.00000242834835262,"dvar2":0.00000645859790893,"max":0.0289405658841,"mean":0.00605093222111,"median":0.004660485778,"min":1.49672182513e-21,"var":0.0000269309548457},"spectral_energyband_middle_low":{"dmean":0.00347949750721,"dmean2":0.00536063034087,"dvar":0.0000577316677663,"dvar2":0.000125803315314,"max":0.121970929205,"mean":0.00796636007726,"median":0.00526870600879,"min":2.80368637806e-22,"var":0.000111146866402},"spectral_entropy":{"dmean":0.0857984647155,"dmean2":0.132247135043,"dvar":0.00938308611512,"dvar2":0.0208380259573,"max":9.82525539398,"mean":7.93977642059,"median":8.01533699036,"min":5.10545873642,"var":0.121569670737},"spectral_flux":{"dmean":0.0208405461162,"dmean2":0.0330821089447,"dvar":0.00126683386043,"dvar2":0.0026859305799,"max":0.449952244759,"mean":0.0778619945049,"median":0.0714652910829,"min":6.60640708805e-11,"var":0.0032557414379},"spectral_kurtosis":{"dmean":0.842800378799,"dmean2":1.41437995434,"dvar":1.60189127922,"dvar2":4.73563289642,"max":27.3456611633,"mean":3.21772050858,"median":2.9559006691,"min":-1.22673261166,"var":4.74730825424},"spectral_rms":{"dmean":0.000699982279912,"dmean2":0.00110681145452,"dvar":0.00000145947433339,"dvar2":0.00000362317837244,"max":0.0169815272093,"mean":0.00490771140903,"median":0.00521131139249,"min":3.16721670592e-12,"var":0.00000590017862123},"spectral_rolloff":{"dmean":558.252197266,"dmean2":902.039489746,"dvar":982648.0625,"dvar2":2369288,"max":21296.3378906,"mean":2112.8371582,"median":1916.45507812,"min":43.06640625,"var":4515442},"spectral_skewness":{"dmean":0.135396242142,"dmean2":0.217831656337,"dvar":0.0201982185245,"dvar2":0.0530537739396,"max":4.71241140366,"mean":1.22701919079,"median":1.24141585827,"min":-0.156654685736,"var":0.124340392649},"spectral_spread":{"dmean":421747.4375,"dmean2":609700.3125,"dvar":324533616640,"dvar2":640567476224,"max":41931668,"mean":5088625.5,"median":4902637,"min":1603583.75,"var":3727185936380},"spectral_strongpeak":{"dmean":0.228430300951,"dmean2":0.391437321901,"dvar":0.245195090771,"dvar2":0.63612395525,"max":9.18561935425,"mean":0.434487611055,"median":0.293491393328,"min":0,"var":0.333032816648},"zerocrossingrate":{"dmean":0.0104210469872,"dmean2":0.012415619567,"dvar":0.000133534151246,"dvar2":0.000183786862181,"max":0.72705078125,"mean":0.079184487462,"median":0.0732421875,"min":0.00634765625,"var":0.00262119551189}},"metadata":{"audio_properties":{"analysis_sample_rate":44100,"bit_rate":0,"codec":"flac","downmix":"mix","equal_loudness":0,"length":338.200012207,"lossless":true,"md5_encoded":"0694f3990bf4d029812b5dd1e2bd4053","replay_gain":-12.7016239166,"sample_rate":44100},"tags":{"album":["Mechanical Animals"],"albumartist":["Marilyn Manson"],"albumartistsort":["Marilyn Manson"],"artist":["Marilyn Manson"],"artistsort":["Marilyn Manson"],"asin":["B00000AFGM"],"barcode":["606949027322"],"catalognumber":["IND 90273"],"composer":["Twiggy Ramirez","Madonna Wayne Gacy","Zim Zum"],"date":["1998-09-14"],"file_name":"14 - Marilyn Manson - Coma White.flac","format":["CD"],"genre":["Industrial Metal","Marilyn Manson","Industrial","90S","Alternative Metal","Metal","Rock","Alternative Rock","Alternative","Hard Rock","Depressive"],"label":["Nothing Records"],"language":["eng"],"lyricist":["Marilyn Manson"],"mixer":["Tom Lord-Alge"],"musicbrainz_albumartistid":["5dfdca28-9ddc-4853-933c-8bc97d87beec"],"musicbrainz_albumid":["a0011f45-94d2-4eba-9544-885854e30514"],"musicbrainz_artistid":["5dfdca28-9ddc-4853-933c-8bc97d87beec"],"musicbrainz_recordingid":["dbe0469e-8063-4e3e-ad34-81761bb9506d"],"musicip_puid":["d7de24fc-7dcc-52d9-6e48-149171e783b4"],"producer":["Marilyn Manson","Michael Beinhorn"],"releasecountry":["GB"],"releasestatus":["official"],"releasetype":["album"],"script":["Latn"],"title":["Coma White"],"totaltracks":["14"],"tracknumber":["14"]},"version":{"essentia":"2.1-beta1","essentia_build_sha":"81dca3489dfd3c4275b86ac4d56d870715677d3f","essentia_git_sha":"v2.1_beta1-28-g21ef5f4","extractor":"music 1.0"}},"rhythm":{"beats_count":889,"beats_loudness":{"dmean":0.0193244311959,"dmean2":0.0326044522226,"dvar":0.00037108786637,"dvar2":0.00102989049628,"max":0.162461876869,"mean":0.0455409288406,"median":0.0369950607419,"min":4.58651366886e-10,"var":0.0011869778391},"beats_loudness_band_ratio":{"dmean":[0.156043991446,0.048