{"lowlevel":{"average_loudness":0.85580855608,"barkbands":{"dmean":[0.0012136483565,0.0061064735055,0.00198168703355,0.000838835141622,0.00188750168309,0.00117959699128,0.00105843832716,0.000533720711246,0.000723510223906,0.000783861731179,0.000516220694408,0.000586248293985,0.000663246610202,0.000476659508422,0.000529501179699,0.000163061820786,0.000118614269013,0.000105940678623,0.000107549465611,0.0000561395390832,0.0000299071762129,0.000015088159671,0.00000548181787963,0.00000196512905859,0.00000195770121536,0.00000348757748725,0.000256020080997],"dmean2":[0.00206410838291,0.0101920971647,0.00329924956895,0.00137516122777,0.00307379150763,0.0018701707013,0.0016551228473,0.00086504383944,0.00115699274465,0.00129398016725,0.000873835058883,0.000985113321804,0.00109499145765,0.000788142322563,0.000852063414641,0.000271051219897,0.000194050080609,0.000164959012181,0.000160676121595,0.0000857817285578,0.000045005876018,0.0000227547880058,0.00000856190672494,0.00000324641678162,0.00000321766788147,0.00000552372694074,0.000402236735681],"dvar":[0.0000117240933832,0.000108788066427,0.0000189713409782,0.00000369436770598,0.0000209674144571,0.0000115118127724,0.00000676950458001,0.00000209047357203,0.00000392969013774,0.00000354197777597,6.17321632035e-7,7.4680013995e-7,0.00000174345927917,0.00000158229499903,0.00000214930719267,1.18381429104e-7,6.11260091432e-8,1.23207243519e-7,2.33471396882e-7,2.14999253956e-8,5.84840931239e-9,1.18093745893e-9,1.54559989807e-10,1.16865276137e-11,1.08644733834e-11,4.00903858722e-11,1.14881942181e-7],"dvar2":[0.000028714459404,0.000293632940156,0.0000502988623339,0.00000834650290926,0.0000513830818818,0.0000248210981226,0.0000143861961988,0.00000488288378619,0.00000862231263454,0.000008987097317,0.00000160861952736,0.00000185106557637,0.00000441057409262,0.00000397916437578,0.00000512572523803,2.90199153596e-7,1.40878753996e-7,2.73592320355e-7,4.91064213293e-7,4.68590037883e-8,1.18366916269e-8,2.46614817456e-9,3.42642497708e-10,2.85912474252e-11,2.64976547648e-11,9.15760453579e-11,2.68347861265e-7],"max":[0.0644169002771,0.158209726214,0.0723147690296,0.061140447855,0.182411879301,0.116284102201,0.0744803696871,0.0657370537519,0.0707351192832,0.0653235465288,0.025466511026,0.0479628108442,0.0358622223139,0.0516531318426,0.0481449402869,0.0181033946574,0.0163283925503,0.0242933202535,0.0315170064569,0.00660846056417,0.00356254214421,0.00116275984328,0.000575714802835,0.000065338339482,0.0000622313600616,0.00032450305298,0.0116556696594],"mean":[0.00111361418385,0.00964468158782,0.00238717184402,0.00107008230407,0.00308497925289,0.00181052845437,0.00197337614372,0.000861738342792,0.0012191782007,0.00123581790831,0.000875990372151,0.00111464213114,0.00123491161503,0.000851901539136,0.000959837227128,0.000337577192113,0.000248808879405,0.000215880470932,0.000211712002056,0.000120601122035,0.0000674662442179,0.0000347369568772,0.00000951684978645,0.00000199486930796,0.00000207364610105,0.00000577382161282,0.00100396154448],"median":[0.000297719612718,0.00530972704291,0.00121987820603,0.00046439410653,0.00161291286349,0.000738258939236,0.000643296749331,0.000397322699428,0.000496570020914,0.000679791148286,0.000618161167949,0.000834385165945,0.000658982666209,0.000528760952875,0.000498683075421,0.000207790726563,0.000141816271935,0.0000661072990624,0.0000559679283469,0.0000353472933057,0.0000217447413888,0.0000110788732854,0.0000038625084926,7.49995933802e-7,8.67319386089e-7,0.00000293934931506,0.000821138382889],"min":[4.0184341798e-24,8.54131572063e-24,2.46789888273e-24,3.73686645133e-24,3.83429913505e-23,1.93146581523e-23,3.1256533932e-23,2.67734689621e-23,5.27716138721e-23,5.96392602081e-23,2.56294691882e-23,4.97221142708e-23,3.24380677078e-23,7.33022174906e-23,7.87368191062e-23,9.49427610245e-23,1.16496100718e-22,1.36476167778e-22,1.13523369905e-22,2.60081659679e-22,3.02206251416e-22,4.26106158829e-22,6.20808844218e-22,7.8929549816e-22,1.09907756581e-21,1.81093807362e-21,2.60289424184e-21],"var":[0.0000101705109046,0.000152338878252,0.0000177148631337,0.00000651466325507,0.0000315674260492,0.0000243211507041,0.0000231113499467,0.00000436831669504,0.00000903573254618,0.00000546491855857,0.00000106283289369,0.00000149016204887,0.00000383145834348,0.00000206404456549,0.0000040498339331,2.54723261151e-7,1.56737257839e-7,2.68514014579e-7,4.96400105021e-7,5.98079026304e-8,1.8177869876e-8,3.97762667248e-9,3.2305316755e-10,1.25852540195e-11,1.20512575613e-11,8.32375834925e-11,8.82346682829e-7]},"barkbands_crest":{"dmean":2.77414274216,"dmean2":4.54312181473,"dvar":6.0370054245,"dvar2":15.7433137894,"max":25.7891197205,"mean":10.3795042038,"median":9.53636360168,"min":2.19569373131,"var":21.9262104034},"barkbands_flatness_db":{"dmean":0.0231419298798,"dmean2":0.0363608896732,"dvar":0.000394996255636,"dvar2":0.000988284824416,"max":0.424328356981,"mean":0.141724079847,"median":0.134575769305,"min":0.0304528772831,"var":0.00218071322888},"barkbands_kurtosis":{"dmean":2.75034618378,"dmean2":4.39708518982,"dvar":31.6478462219,"dvar2":80.2226715088,"max":265.420227051,"mean":5.68770933151,"median":2.89846658707,"min":-1.73006081581,"var":102.964988708},"barkbands_skewness":{"dmean":0.471793264151,"dmean2":0.748361885548,"dvar":0.23531717062,"dvar2":0.593370437622,"max":13.3071737289,"mean":1.81439137459,"median":1.61506104469,"min":-2.06444621086,"var":1.0495891571},"barkbands_spread":{"dmean":6.24362277985,"dmean2":9.89369392395,"dvar":36.543006897,"dvar2":92.5397491455,"max":118.356468201,"mean":30.7145233154,"median":29.3970909119,"min":0.592895567417,"var":252.401382446},"dissonance":{"dmean":0.0165842492133,"dmean2":0.028462972492,"dvar":0.000295812234981,"dvar2":0.000824342656415,"max":0.500000178814,"mean":0.473333895206,"median":0.479622453451,"min":0.125072211027,"var":0.000566786387935},"dynamic_complexity":2.50277042389,"erbbands":{"dmean":[0.210376366973,1.30782616138,2.47079133987,2.32565355301,4.36048650742,6.94260549545,9.31501674652,10.25365448,14.4361410141,12.2350664139,13.1805515289,17.0670642853,14.6295900345,28.7867279053,20.1940460205,22.4691410065,30.5246753693,22.7553958893,27.9961929321,16.3454303741,7.69028377533,6.33909606934,5.65794277191,5.80330228806,4.36140537262,2.61133670807,1.54153811932,0.947563529015,0.539626777172,0.381604880095,0.101589865983,0.0437945723534,0.0315688364208,0.0217749103904,0.0140223931521,0.00827498361468,0.00517343403772,0.0111238714308,0.00901368167251,0.00581719866022],"dmean2":[0.359932184219,2.16644692421,4.09990644455,3.80649638176,7.12130737305,11.3551540375,15.1542139053,16.2298717499,22.6147136688,19.6857128143,21.0928688049,27.2442684174,24.0198917389,47.865940094,34.0448799133,37.7298851013,50.3589782715,37.1776199341,45.1536331177,26.4183120728,12.6002664566,10.2585821152,8.7897644043,8.74903774261,6.56386327744,3.95818352699,2.32045483589,1.44000899792,0.81209051609,0.569486796856,0.160399332643,0.0722786039114,0.0521106161177,0.035849776119,0.0230057109147,0.0135166924447,0.00818630028516,0.0158989150077,0.012455329299,0.00908203888685],"dvar":[0.196278423071,4.64380311966,26.0503311157,24.6518592834,81.4775695801,382.03692627,827.94909668,1001.6473999,1480.17944336,874.431762695,1155.73901367,2499.98852539,1500.36755371,3509.95532227,914.691162109,975.977416992,4161.29492188,2302.19091797,6329.36035156,1531.54223633,268.158782959,179.260162354,322.986572266,593.55255127,315.699615479,45.449634552,16.0848846436,5.03063726425,1.47226762772,0.836948692799,0.0411753840744,0.00580025836825,0.00298709073104,0.00137794180773,0.000544446811546,0.000176056986675,0.0000634666503174,0.000682278710883,0.000382085185265,0.0000535589533683],"dvar2":[0.543406784534,12.4686946869,68.6860122681,59.1345443726,194.726806641,934.594238281,1863.90539551,2165.36865234,3169.52197266,2081.15429688,2610.71264648,5489.98583984,3782.0234375,8723.46875,2374.42138672,2507.19360352,10527.0517578,5703.09472656,15178.7099609,3731.67138672,643.021240234,391.396514893,703.155822754,1237.47583008,661.769836426,96.5624237061,33.0212898254,10.339053154,3.01367974281,1.73518872261,0.0946074053645,0.014180525206,0.00730398949236,0.00336439535022,0.00132634374313,0.000427410501288,0.000144006116898,0.00131864461582,0.000689485401381,0.000123206875287],"max":[6.72854852676,38.1008529663,86.0292129517,150.692901611,316.236236572,819.118713379,1024.94360352,1269.76391602,1344.5300293,1152.8404541,1255.39526367,1696.46289062,1299.69519043,1816.38452148,1315.08178711,1113.36376953,1859.41040039,1719.71069336,2849.92138672,1187.16247559,1004.40002441,1019.08996582,1094.98156738,1808.81835938,877.243041992,313.161468506,242.42616272,97.3671722412,49.6719741821,30.6975440979,8.63712692261,1.46452438831,1.04340696335,0.704504668713,0.438231557608,0.243490695953,0.318185329437,1.27675354481,0.83141285181,0.285202980042],"mean":[0.272961765528,2.15844130516,3.29936718941,3.20284104347,6.64178466797,10.4174509048,13.2016496658,16.1023960114,26.7807655334,22.2909603119,22.5737895966,28.8201007843,25.4716587067,47.7020530701,39.6213798523,46.0677185059,59.1446418762,45.7336883545,51.9123878479,33.8400650024,17.5880260468,14.2104377747,12.0761728287,11.7596158981,9.05713558197,5.73840141296,3.4207777977,2.2040913105,1.26854264736,0.797721743584,0.169901207089,0.0469819232821,0.0324878357351,0.0227879527956,0.0150850145146,0.0093156658113,0.00871821679175,0.0318200215697,0.0343968831003,0.0322689190507],"median":[0.141230553389,1.15579271317,1.97979784012,1.62962698936,2.96375775337,5.23085546494,5.65509223938,6.35853481293,8.99390506744,9.22871589661,10.1775007248,11.7610111237,14.5807476044,28.7147006989,29.8037929535,35.0443649292,32.3422470093,29.4954833984,29.0797348022,19.6110248566,11.1524295807,8.21901798248,4.2654671669,3.25867414474,2.50708723068,1.70067381859,1.05119466782,0.725590109825,0.418143987656,0.268959224224,0.0758373662829,0.0195523872972,0.012613799423,0.00927247479558,0.00647846236825,0.00432607997209,0.00493558496237,0.0106235463172,0.0117477923632,0.029078444466],"min":[3.28880276572e-22,2.10027983383e-21,5.35575132042e-21,9.2492654221e-21,2.43124214783e-20,1.32210771771e-19,7.85156670885e-20,2.57566697806e-19,4.02599635026e-19,4.0056854473e-19,7.45565338151e-19,1.25366635439e-18,1.78199291888e-18,1.38809168253e-18,1.13743796575e-18,1.80147384948e-18,1.62620079173e-18,4.87031247449e-18,3.41239920024e-18,5.15312511233e-18,4.30346628022e-18,6.12339018647e-18,8.14837506171e-18,6.74640856178e-18,9.94578724759e-18,1.01312063993e-17,1.14722241638e-17,1.48876661479e-17,1.47539755629e-17,1.58671505636e-17,1.79989306597e-17,1.70753801971e-17,1.16507107148e-17,1.11089859958e-17,9.29250977829e-18,5.70197847391e-18,3.14152608736e-18,1.44391458655e-18,2.80867962071e-19,3.58881452979e-20],"var":[0.176055267453,7.73523139954,25.4056606293,38.6138267517,143.83821106,525.585449219,1375.61328125,2194.87036133,4603.35644531,2383.54418945,2646.39819336,5581.81982422,2225.15795898,6212.09912109,1782.25585938,2175.27905273,9182.41699219,3978.37573242,10497.1162109,3250.93823242,635.784545898,497.053344727,752.705566406,1241.08288574,741.863464355,132.411026001,49.2877349854,17.326374054,5.35723495483,2.30786514282,0.0837233439088,0.00638532219455,0.0032355224248,0.00151224841829,0.000611041905358,0.000205376083613,0.00013411193504,0.00312807550654,0.00282465387136,0.000589878472965]},"erbbands_crest":{"dmean":2.32768964767,"dmean2":3.85413646698,"dvar":4.67460584641,"dvar2":11.9373722076,"max":32.4240188599,"mean":8.51422595978,"median":7.52549743652,"min":2.5064637661,"var":13.8273410797},"erbbands_flatness_db":{"dmean":0.0219694152474,"dmean2":0.0341410934925,"dvar":0.000360291131074,"dvar2":0.000881275162101,"max":0.504051983356,"mean":0.171325713396,"median":0.165887728333,"min":0.0551490299404,"var":0.00171831250191},"erbbands_kurtosis":{"dmean":0.941233038902,"dmean2":1.5151245594,"dvar":7.40473651886,"dvar2":18.549829483,"max":280.596405029,"mean":1.02739453316,"median":0.393086910248,"min":-1.81107509136,"var":43.5099067688},"erbbands_skewness":{"dmean":0.313503861427,"dmean2":0.497424542904,"dvar":0.0812729895115,"dvar2":0.192757025361,"max":9.5379781723,"mean":-0.0900397822261,"median":-0.176916211843,"min":-3.53159236908,"var":0.499683439732},"erbbands_spread":{"dmean":4.33955192566,"dmean2":6.84329652786,"dvar":15.915848732,"dvar2":37.3493118286,"max":74.6326522827,"mean":22.4401702881,"median":21.5416584015,"min":0.37769651413,"var":66.4495697021},"gfcc":{"cov":[[15661.5527344,1048.89807129,-835.003234863,527.39276123,552.691772461,-351.392059326,626.784729004,-241.549423218,161.009658813,82.7831115723,71.7588577271,-15.9426574707,-140.418258667],[1048.89807129,1006.86071777,153.725341797,-276.829528809,143.932601929,27.1257972717,-48.6036491394,-73.0997009277,13.3920135498,-55.6525306702,61.1953239441,-64.4139480591,73.8369674683],[-835.003234863,153.725341797,447.718292236,-34.5928955078,-99.8143768311,198.562606812,-197.830444336,82.3471832275,-103.262428284,-27.7995967865,17.0382194519,-9.13217735291,60.8697242737],[527.39276123,-276.829528809,-34.5928955078,413.669189453,44.8006057739,-74.4761886597,166.369888306,-10.9810009003,-3.77741980553,28.4340076447,-30.6571044922,69.3921737671,-50.919303894],[552.691772461,143.932601929,-99.8143768311,44.8006057739,228.196121216,7.97970438004,117.441131592,-29.5611095428,50.7276725769,-10.9091377258,9.53638935089,11.4580125809,6.6253900528],[-351.392059326,27.1257972717,198.562606812,-74.4761886597,7.97970438004,302.824279785,-103.792457581,107.020141602,-45.1049461365,-1.68809139729,16.2581710815,-25.1152038574,52.2821846008],[626.784729004,-48.6036491394,-197.830444336,166.369888306,117.441131592,-103.792457581,298.229644775,-34.7713279724,84.6242675781,10.4268045425,-24.9456596375,59.3172111511,-43.0513954163],[-241.549423218,-73.0997009277,82.3471832275,-10.9810009003,-29.5611095428,107.020141602,-34.7713279724,149.532852173,15.0868120193,22.6878662109,12.5126791,-13.5853300095,29.6859359741],[161.009658813,13.3920135498,-103.262428284,-3.77741980553,50.7276725769,-45.1049461365,84.6242675781,15.0868120193,127.937911987,47.7752113342,10.4787969589,15.3972225189,-19.6133975983],[82.7831115723,-55.6525306702,-27.7995967865,28.4340076447,-10.9091377258,-1.68809139729,10.4268045425,22.6878662109,47.7752113342,91.9451751709,38.1970977783,6.01127719879,-11.8896865845],[71.7588577271,61.1953239441,17.0382194519,-30.6571044922,9.53638935089,16.2581710815,-24.9456596375,12.5126791,10.4787969589,38.1970977783,71.6014633179,17.9920539856,18.7550678253],[-15.9426574707,-64.4139480591,-9.13217735291,69.3921737671,11.4580125809,-25.1152038574,59.3172111511,-13.5853300095,15.3972225189,6.01127719879,17.9920539856,82.5111160278,10.273182869],[-140.418258667,73.8369674683,60.8697242737,-50.919303894,6.6253900528,52.2821846008,-43.0513954163,29.6859359741,-19.6133975983,-11.8896865845,18.7550678253,10.273182869,77.5736160278]],"icov":[[0.0001092479215,-0.000326027540723,0.000477017369121,-0.000375357602024,0.000114934468002,-0.000169743143488,0.000112614397949,-0.000149493294884,0.000161696603755,-0.0000402511577704,-0.0000431148255302,-0.0000767695455579,0.000166985541],[-0.000326027540723,0.00388358789496,-0.00433001667261,0.00279766623862,-0.0020581742283,0.00169032008853,-0.00236113718711,0.00293096434325,-0.00201772968285,0.00155855366029,-0.00318500259891,0.00438960641623,-0.0025306364987],[0.000477017369121,-0.00433001667261,0.0100576113909,-0.00472093513235,0.00369528308511,-0.00445807445794,0.00491956155747,-0.00349167804234,0.00246794847772,0.000639059871901,0.00183035153896,-0.00530821690336,0.00173198524863],[-0.000375357602024,0.00279766623862,-0.00472093513235,0.00810401514173,-0.00397453736514,0.00333084422164,-0.00369609706104,-0.000585840840358,0.00394782191142,-0.00478599965572,0.00329510704614,-0.00242293416522,0.00173783535138],[0.000114934468002,-0.0020581742283,0.00369528308511,-0.00397453736514,0.0103926816955,-0.00448811706156,-0.00143066386227,0.00252770050429,-0.00444116350263,0.00533019565046,-0.00440364750102,0.0025193747133,-0.0025403322652],[-0.000169743143488,0.00169032008853,-0.00445807445794,0.00333084422164,-0.00448811706156,0.00831971131265,-0.000753225525841,-0.00358388037421,0.00296296970919,-0.00284027075395,0.00139042653609,0.00052394164959,-0.000593848293647],[0.000112614397949,-0.00236113718711,0.00491956155747,-0.00369609706104,-0.00143066386227,-0.000753225525841,0.0109428912401,-0.00278001534753,-0.00162556942087,0.0000122334849948,0.00512370886281,-0.00775069696829,0.00331016816199],[-0.000149493294884,0.00293096434325,-0.00349167804234,-0.000585840840358,0.00252770050429,-0.00358388037421,-0.00278001534753,0.0152859035879,-0.00792531110346,0.00269759376533,-0.00551905389875,0.00883671175689,-0.00732429046184],[0.000161696603755,-0.00201772968285,0.00246794847772,0.00394782191142,-0.00444116350263,0.00296296970919,-0.00162556942087,-0.00792531110346,0.0208911113441,-0.0129782129079,0.00788652617484,-0.00861684791744,0.00590839097276],[-0.0000402511577704,0.00155855366029,0.000639059871901,-0.00478599965572,0.00533019565046,-0.00284027075395,0.0000122334849948,0.00269759376533,-0.0129782129079,0.0273623932153,-0.0187919829041,0.00871929060668,-0.000464714335976],[-0.0000431148255302,-0.00318500259891,0.00183035153896,0.00329510704614,-0.00440364750102,0.00139042653609,0.00512370886281,-0.00551905389875,0.00788652617484,-0.0187919829041,0.0333227291703,-0.0161478072405,0.00127054762561],[-0.0000767695455579,0.00438960641623,-0.00530821690336,-0.00242293416522,0.0025193747133,0.00052394164959,-0.00775069696829,0.00883671175689,-0.00861684791744,0.00871929060668,-0.0161478072405,0.0296643748879,-0.0108603797853],[0.000166985541,-0.0025306364987,0.00173198524863,0.00173783535138,-0.0025403322652,-0.000593848293647,0.00331016816199,-0.00732429046184,0.00590839097276,-0.000464714335976,0.00127054762561,-0.0108603797853,0.0231944862753]],"mean":[-18.0170154572,113.905654907,-101.61541748,-17.8668022156,-1.73854911327,-16.1136112213,4.50187110901,-22.693239212,-0.304041832685,-6.3684668541,-2.3995847702,-3.6377017498,-1.54255342484]},"hfc":{"dmean":33.2409591675,"dmean2":53.913433075,"dvar":1053.73852539,"dvar2":2813.89990234,"max":639.226379395,"mean":178.917739868,"median":175.080169678,"min":1.18747017948e-16,"var":7028.92871094},"melbands":{"dmean":[0.00179278024007,0.00141034333501,0.000428963627201,0.000398316391511,0.000325509434333,0.000226876712986,0.000220756977797,0.000124576370581,0.000119790143799,0.00010366771312,0.0000762370764278,0.000122419602121,0.0000683916223352,0.0000662273741909,0.0000676995041431,0.0000620173595962,0.0000440802687081,0.0000469101869385,0.0000383796541428,0.0000136329445013,0.00000951691799855,0.00000730874307919,0.00000559195905225,0.00000547325271327,0.00000511579037266,0.00000416079274146,0.00000252960239777,0.00000174600756964,0.00000107481321265,8.36742401589e-7,5.54787334295e-7,3.35554517505e-7,3.02840561517e-7,1.95450851947e-7,6.97101825153e-8,2.92806419111e-8,2.5479502952e-8,2.24136407212e-8,1.98918161942e-8,1.7831428778e-8],"dmean2":[0.00301755126566,0.00233201845549,0.000696175498888,0.000649374618661,0.000527461757883,0.000358268938726,0.000344517029589,0.000200744456379,0.000190401362488,0.000166111829458,0.000125326012494,0.000203567557037,0.000115802016808,0.000111640205432,0.000113086956844,0.000101637575426,0.0000729864987079,0.0000763178541092,0.0000619844649918,0.0000227223426918,0.0000157280574058,0.0000120115109894,0.00000894671848073,0.00000859918691276,0.00000786978398537,0.00000631954571872,0.00000394923290514,0.00000272152533398,0.00000165453013778,0.00000129492389078,8.64902574449e-7,5.22220773291e-7,4.57467621118e-7,2.99011816196e-7,1.11904483902e-7,4.84626383468e-8,4.21373833603e-8,3.70170631925e-8,3.27991784843e-8,2.93442798949e-8],"dvar":[0.0000112203870231,0.00000642575469101,7.4310258924e-7,8.11298093595e-7,9.62020749284e-7,4.32667604855e-7,3.12028134886e-7,9.90417845514e-8,1.04454585426e-7,8.89717242103e-8,4.3395374405e-8,6.85502925535e-8,1.00056167796e-8,1.05179047694e-8,1.51053445308e-8,1.39959404066e-8,1.01666470798e-8,1.8556274739e-8,1.26886288143e-8,8.40321201512e-10,4.25267099313e-10,2.27949104037e-10,2.14057410686e-10,3.51016493649e-10,4.86176765513e-10,3.58301666115e-10,6.10565140113e-11,2.00625922125e-11,8.43839841752e-12,5.71949172051e-12,1.55631009382e-12,5.60618012516e-13,7.83556325292e-13,2.27457945057e-13,2.39530668385e-14,2.64182249414e-15,1.98027239816e-15,1.51191527085e-15,1.17001582153e-15,9.18365721028e-16],"dvar2":[0.0000302848729916,0.0000170239727595,0.00000175610716724,0.00000196937094188,0.0000022598119358,9.39891549478e-7,6.63685625568e-7,2.35770485801e-7,2.31955837648e-7,1.96415911091e-7,1.09742870791e-7,1.71216086642e-7,2.65434643154e-8,2.54084824292e-8,3.91793406607e-8,3.4171460328e-8,2.55091041623e-8,4.53628672403e-8,3.03570431015e-8,2.17125162294e-9,1.04705755177e-9,5.25089027814e-10,4.51605197682e-10,8.05609801091e-10,1.05835573638e-9,7.71249009102e-10,1.3404589938e-10,4.57803656095e-11,1.88870880741e-11,1.26944626685e-11,3.44547610928e-12,1.24344566761e-12,1.66029755048e-12,4.89769954194e-13,5.81505465525e-14,6.47198943811e-15,4.84752889955e-15,3.69808147321e-15,2.85931683807e-15,2.24173770469e-15],"max":[0.0509338490665,0.036853145808,0.0227598808706,0.0435283593833,0.0424280501902,0.0257590264082,0.0174968205392,0.012730599381,0.0122017450631,0.00920122675598,0.00704346690327,0.00814247317612,0.0028744423762,0.00651897676289,0.00388435134664,0.00402100291103,0.00386125710793,0.00618305662647,0.0044635552913,0.00128920923453,0.00148055842146,0.0011526721064,0.000815599225461,0.00134034571238,0.00167827052064,0.000922001781873,0.000272092816886,0.000184566350072,0.0002198444854,0.000106990184577,0.0000452760141343,0.0000289505624096,0.0000383237202186,0.0000182380936167,0.00000766214179748,9.83175823421e-7,8.51410277392e-7,7.42271538456e-7,6.51057746381e-7,5.74299917844e-7],"mean":[0.00269672949798,0.00218645902351,0.000642566010356,0.000639399222564,0.000475662731333,0.000358205783414,0.000415948801674,0.000223167458898,0.000199513262487,0.000172757849214,0.000124831800349,0.000194923050003,0.000125748600112,0.000125310500152,0.00012756488286,0.000117302188301,0.0000796897293185,0.0000809596531326,0.0000686250059516,0.0000274870708381,0.0000191397448361,0.0000150202004079,0.0000112976076707,0.0000105143435576,0.00000946665659285,0.00000781753897172,0.00000500232818013,0.00000350499567503,0.00000217664683078,0.00000166326799445,0.00000117713466352,7.3213863061e-7,5.95863753006e-7,3.81567417662e-7,1.07752740064e-7,2.93562152365e-8,2.5692159511e-8,2.28299033012e-8,2.05208507964e-8,1.86796782486e-8],"median":[0.00146258075256,0.00135886180215,0.000344525295077,0.000312165590003,0.000212329701753,0.000142515345942,0.000137753682793,0.0000964734499576,0.0000835730315885,0.0000696652859915,0.0000690211163601,0.000111989880679,0.0000928625522647,0.0000936427095439,0.0000816345709609,0.0000650425499771,0.0000490626698593,0.000044595952204,0.0000345296430169,0.0000166034151334,0.0000113567184599,0.0000086452546384,0.00000493718243888,0.00000292068989438,0.00000248068681685,0.00000196757218873,0.00000139979761116,0.00000100627767097,6.47954891519e-7,4.88831915391e-7,3.73460409264e-7,2.27340152037e-7,1.8492454501e-7,1.29694825546e-7,4.42734346962e-8,1.0633074865e-8,9.50652356835e-9,8.66366800523e-9,8.07610867071e-9,7.63164820228e-9],"min":[2.56469034087e-24,5.73791626706e-24,3.37874332188e-24,7.0794144683e-24,4.85284509698e-24,5.26315098088e-24,6.77378451006e-24,4.63537981124e-24,6.5995898227e-24,7.98597736488e-24,9.1959748198e-24,6.51292871909e-24,3.51705667098e-24,4.8646448784e-24,4.26334669745e-24,3.3084644927e-24,8.71926459705e-24,5.10838475431e-24,5.63876552318e-24,6.16497321785e-24,3.75514356964e-24,5.7032422804e-24,8.84357014305e-24,6.47621907687e-24,4.9350818742e-24,5.71829177432e-24,8.93254103139e-24,6.35832775889e-24,6.75753081997e-24,6.09108180015e-24,7.72479419663e-24,7.92565553804e-24,9.29548252324e-24,9.28338691898e-24,8.71054216202e-24,1.09587523546e-23,9.61934226813e-24,7.84414332957e-24,8.26387018482e-24,9.69766511197e-24],"var":[0.0000131209617393,0.00000776931483415,0.0000012266820022,0.00000133223988996,0.00000146286777181,9.60344095802e-7,0.00000103513741578,2.4993866532e-7,2.43175435344e-7,1.97747723973e-7,6.16245614538e-8,1.17258267096e-7,1.84048154495e-8,2.06343635512e-8,3.02360234627e-8,3.24233511151e-8,1.48950398682e-8,2.72076121632e-8,2.37190107555e-8,1.74252179352e-9,8.75526429134e-10,5.63266877585e-10,5.48134204692e-10,6.88324508502e-10,9.10514719177e-10,7.43724859475e-10,1.46967021886e-10,5.11044435936e-11,2.24594873949e-11,1.34668613067e-11,4.87928447646e-12,1.86607044921e-12,1.65067189518e-12,5.60052980554e-13,4.11932925379e-14,2.8248127392e-15,2.12395756161e-15,1.63135782196e-15,1.27276049451e-15,1.01004337916e-15]},"melbands_crest":{"dmean":3.73772239685,"dmean2":6.15632295609,"dvar":11.3235492706,"dvar2":30.0267353058,"max":36.5599021912,"mean":14.4579401016,"median":13.9554595947,"min":2.01360559464,"var":27.2546863556},"melbands_flatness_db":{"dmean":0.031324967742,"dmean2":0.0492206178606,"dvar":0.000679631775711,"dvar2":0.00169843633194,"max":0.563696324825,"mean":0.253481954336,"median":0.248471498489,"min":0.00439611915499,"var":0.00392495235428},"melbands_kurtosis":{"dmean":3.48510336876,"dmean2":5.67125988007,"dvar":24.7795352936,"dvar2":63.8515777588,"max":166.586273193,"mean":5.66209411621,"median":2.9542286396,"min":-1.86240935326,"var":73.7063903809},"melbands_skewness":{"dmean":0.608800411224,"dmean2":0.970293343067,"dvar":0.349639743567,"dvar2":0.883755624294,"max":8.59893512726,"mean":1.89264547825,"median":1.72626459599,"min":-7.29679679871,"var":1.2721145153},"melbands_spread":{"dmean":5.45592069626,"dmean2":8.63948249817,"dvar":32.9908370972,"dvar2":80.7438201904,"max":135.124588013,"mean":21.8723182678,"median":20.0608921051,"min":0.334717959166,"var":178.735870361},"mfcc":{"cov":[[8448.83886719,621.550048828,-1248.68225098,1160.6003418,-336.446685791,459.055328369,106.486717224,117.595375061,141.481704712,107.586936951,341.216308594,-67.4071578979,166.978286743],[621.550048828,1324.74694824,-30.9780788422,-173.518768311,162.400177002,69.4974594116,26.7384185791,-29.9544467926,8.92539596558,0.0138228461146,-21.6938037872,19.3095340729,12.3919792175],[-1248.68225098,-30.9780788422,662.742858887,-294.185852051,178.329650879,-103.767189026,31.3653011322,-22.1538257599,-55.8887329102,-14.3189582825,-121.789802551,34.8818092346,-60.6188354492],[1160.6003418,-173.518768311,-294.185852051,596.066223145,-199.173706055,109.446144104,7.80960988998,51.8043518066,24.2176761627,-27.0162620544,96.978225708,-69.0391769409,56.3769187927],[-336.446685791,162.400177002,178.329650879,-199.173706055,248.338592529,-5.63093614578,43.0871620178,-1.73618686199,-7.00079345703,18.1015090942,-54.7115783691,39.1856956482,-35.0749168396],[459.055328369,69.4974594116,-103.767189026,109.446144104,-5.63093614578,154.675354004,45.9405975342,42.1472244263,23.3318042755,-6.02719259262,35.1097373962,-16.4013309479,17.202003479],[106.486717224,26.7384185791,31.3653011322,7.80960988998,43.0871620178,45.9405975342,108.439453125,47.6515045166,14.8221559525,8.85411643982,-14.8603487015,-2.38188409805,-13.890458107],[117.595375061,-29.9544467926,-22.1538257599,51.8043518066,-1.73618686199,42.1472244263,47.6515045166,110.130706787,56.6548652649,-2.81594872475,11.0161170959,-7.66283559799,6.45457792282],[141.481704712,8.92539596558,-55.8887329102,24.2176761627,-7.00079345703,23.3318042755,14.8221559525,56.6548652649,88.641204834,36.2977409363,18.6673908234,8.91921520233,9.16317176819],[107.586936951,0.0138228461146,-14.3189582825,-27.0162620544,18.1015090942,-6.02719259262,8.85411643982,-2.81594872475,36.2977409363,77.9774093628,31.0752182007,17.6165447235,4.34798955917],[341.216308594,-21.6938037872,-121.789802551,96.978225708,-54.7115783691,35.1097373962,-14.8603487015,11.0161170959,18.6673908234,31.0752182007,92.1065444946,20.7113208771,27.2143859863],[-67.4071578979,19.3095340729,34.8818092346,-69.0391769409,39.1856956482,-16.4013309479,-2.38188409805,-7.66283559799,8.91921520233,17.6165447235,20.7113208771,72.1138916016,25.7841701508],[166.978286743,12.3919792175,-60.6188354492,56.3769187927,-35.0749168396,17.202003479,-13.890458107,6.45457792282,9.16317176819,4.34798955917,27.2143859863,25.7841701508,66.1905822754]],"icov":[[0.000237395201111,-0.000159785879077,0.000297249935102,-0.000450483872555,0.00012737045472,-0.000336372089805,0.0000453383036074,-0.000272111938102,0.000465495657409,-0.000757267815061,0.000389007531339,-0.000586416281294,0.000331721035764],[-0.000159785879077,0.00107940949965,-0.0000715636706445,0.000789582263678,-0.0010154505726,0.0000484338816023,-0.000658945529722,0.00147682463285,-0.0015191641869,0.00174334971234,-0.00121984491125,0.00167155859526,-0.00142384355422],[0.000297249935102,-0.0000715636706445,0.00319629837759,-0.000440595002146,-0.000230285004363,-0.000107885505713,0.000482031202409,-0.00224073184654,0.00335300364532,-0.00261449930258,0.00418338738382,-0.003541886108,0.00215899269097],[-0.000450483872555,0.000789582263678,-0.000440595002146,0.00496433163062,-0.000121938028315,0.000851125747431,-0.00274496036582,0.00257815304212,-0.00359256658703,0.00561238778755,-0.00651000719517,0.00745544675738,-0.00485542137176],[0.00012737045472,-0.0010154505726,-0.000230285004363,-0.000121938028315,0.00965710822493,-0.00379932275973,0.00164181122091,-0.0045916531235,0.00572214648128,-0.00741459894925,0.0087267300114,-0.00993513967842,0.00663589080796],[-0.000336372089805,0.0000484338816023,-0.000107885505713,0.000851125747431,-0.00379932275973,0.0133876316249,-0.00746260443702,0.00371233490296,-0.00648828409612,0.0091276280582,-0.0108470637351,0.00979554839432,-0.00646225083619],[0.0000453383036074,-0.000658945529722,0.000482031202409,-0.00274496036582,0.00164181122091,-0.00746260443702,0.0202708821744,-0.0135254180059,0.0111169405282,-0.0133674619719,0.0140211470425,-0.0114233531058,0.0091949403286],[-0.000272111938102,0.00147682463285,-0.00224073184654,0.00257815304212,-0.0045916531235,0.00371233490296,-0.0135254180059,0.0288973674178,-0.0245638061315,0.0198063254356,-0.0162791982293,0.0153435152024,-0.0100765936077],[0.000465495657409,-0.0015191641869,0.00335300364532,-0.00359256658703,0.00572214648128,-0.00648828409612,0.0111169405282,-0.0245638061315,0.037470035255,-0.0267701465636,0.0192042123526,-0.0184264741838,0.0105408793315],[-0.000757267815061,0.00174334971234,-0.00261449930258,0.00561238778755,-0.00741459894925,0.0091276280582,-0.0133674619719,0.0198063254356,-0.0267701465636,0.0397417582572,-0.0273429211229,0.0188458114862,-0.0116323949769],[0.000389007531339,-0.00121984491125,0.00418338738382,-0.00651000719517,0.0087267300114,-0.0108470637351,0.0140211470425,-0.0162791982293,0.0192042123526,-0.0273429211229,0.0429226346314,-0.0288253463805,0.0133149214089],[-0.000586416281294,0.00167155859526,-0.003541886108,0.00745544675738,-0.00993513967842,0.00979554839432,-0.0114233531058,0.0153435152024,-0.0184264741838,0.0188458114862,-0.0288253463805,0.0453649908304,-0.0246384758502],[0.000331721035764,-0.00142384355422,0.00215899269097,-0.00485542137176,0.00663589080796,-0.00646225083619,0.0091949403286,-0.0100765936077,0.0105408793315,-0.0116323949769,0.0133149214089,-0.0246384758502,0.0321867130697]],"mean":[-679.075012207,183.970489502,-34.8238792419,20.500957489,-0.21720944345,20.6423416138,4.54670286179,2.24578499794,3.23839902878,-0.999142289162,5.08345985413,-2.59649705887,5.73664426804]},"pitch_salience":{"dmean":0.072749465704,"dmean2":0.119566686451,"dvar":0.00410201400518,"dvar2":0.0107870511711,"max":0.883213579655,"mean":0.571389734745,"median":0.587090611458,"min":0.0766785517335,"var":0.0136182857677},"silence_rate_20dB":{"dmean":0,"dmean2":0,"dvar":0,"dvar2":0,"max":1,"mean":1,"median":1,"min":1,"var":0},"silence_rate_30dB":{"dmean":0.0147295221686,"dmean2":0.0294601470232,"dvar":0.0145106799901,"dvar2":0.0374085567892,"max":1,"mean":0.988747656345,"median":1,"min":0,"var":0.0111244190484},"silence_rate_60dB":{"dmean":0.00194399792235,"dmean2":0.00388814113103,"dvar":0.00194025516976,"dvar2":0.00439656944945,"max":1,"mean":0.0362616814673,"median":0,"min":0,"var":0.0349439866841},"spectral_centroid":{"dmean":148.209075928,"dmean2":220.331451416,"dvar":29831.3828125,"dvar2":53104.8046875,"max":11386.3369141,"mean":1078.19506836,"median":996.794067383,"min":112.996742249,"var":285037.78125},"spectral_complexity":{"dmean":2.90523004532,"dmean2":4.67257356644,"dvar":6.84104824066,"dvar2":15.9161577225,"max":62,"mean":23.0967483521,"median":23,"min":0,"var":97.4739074707},"spectral_contrast_coeffs":{"dmean":[0.0513011701405,0.0481172837317,0.0348666384816,0.0275003574789,0.0231365151703,0.0437507517636],"dmean2":[0.085544899106,0.0807689130306,0.059230864048,0.0463527552783,0.0378734655678,0.0681199654937],"dvar":[0.00164293544367,0.00144675513729,0.000749871309381,0.000464558921522,0.000404295191402,0.0016004225472],"dvar2":[0.00450437096879,0.00402480177581,0.00212156283669,0.00128639070317,0.00105084478855,0.00382651318796],"max":[-0.263256847858,-0.445743441582,-0.574198067188,-0.592946469784,-0.638604164124,-0.420800328255],"mean":[-0.693176865578,-0.772144734859,-0.812768042088,-0.806496143341,-0.811945736408,-0.756628572941],"median":[-0.702260136604,-0.781547605991,-0.816547632217,-0.810058474541,-0.810464978218,-0.764342367649],"min":[-0.973718345165,-0.979050576687,-0.981333971024,-0.98281788826,-0.981557488441,-0.97843259573],"var":[0.00592990033329,0.0047761821188,0.00193956354633,0.00170143402647,0.00165685859974,0.00770409870893]},"spectral_contrast_valleys":{"dmean":[0.395408511162,0.334630817175,0.26550579071,0.219632849097,0.303594231606,0.672091126442],"dmean2":[0.657068312168,0.565252661705,0.44910249114,0.360299825668,0.447439879179,1.06235349178],"dvar":[0.106635048985,0.0745662152767,0.0485165901482,0.0389195159078,0.108594469726,0.300133705139],"dvar2":[0.276670217514,0.194612905383,0.122189857066,0.0863280594349,0.232208713889,0.798835337162],"max":[-5.04931735992,-4.7113275528,-5.08367347717,-5.31263828278,-5.127866745,-8.96561527252],"mean":[-6.95749378204,-6.4951300621,-6.64778089523,-7.07220458984,-7.90773153305,-11.3631458282],"median":[-6.68128967285,-6.29619693756,-6.40263843536,-6.75778388977,-7.67017936707,-11.221745491],"min":[-27.2058734894,-27.6792697906,-27.37525177,-27.4209861755,-27.3383197784,-27.346906662],"var":[2.02114701271,1.56152260303,1.54693686962,1.64393627644,1.76345527172,1.30039811134]},"spectral_decrease":{"dmean":2.79917178325e-9,"dmean2":4.48736559022e-9,"dvar":1.71708169874e-17,"dvar2":4.29500000393e-17,"max":2.42268982653e-9,"mean":-5.85779247331e-9,"median":-3.97104615857e-9,"min":-5.37131832345e-8,"var":3.28596075586e-17},"spectral_energy":{"dmean":0.0111347427592,"dmean2":0.0177980475128,"dvar":0.00025628626463,"dvar2":0.000640114711132,"max":0.219890490174,"mean":0.0383370630443,"median":0.0324196219444,"min":1.06843284652e-20,"var":0.000628512876574},"spectral_energyband_high":{"dmean":0.000161438874784,"dmean2":0.000229662284255,"dvar":8.27717485663e-8,"dvar2":1.40852080222e-7,"max":0.0122275659814,"mean":0.000641457038,"median":0.00034848015639,"min":7.97124067955e-21,"var":6.82287748077e-7},"spectral_energyband_low":{"dmean":0.0081013282761,"dmean2":0.0133657976985,"dvar":0.000184241536772,"dvar2":0.000483960087877,"max":0.177739813924,"mean":0.0133737903088,"median":0.00829215720296,"min":4.56150835172e-23,"var":0.000240366600337},"spectral_energyband_middle_high":{"dmean":0.00204912968911,"dmean2":0.00319238449447,"dvar":0.0000123002919281,"dvar2":0.0000282122728095,"max":0.098976880312,"mean":0.00724057434127,"median":0.00574620533735,"min":1.33153016115e-21,"var":0.0000483478579554},"spectral_energyband_middle_low":{"dmean":0.00398982176557,"dmean2":0.00624290388077,"dvar":0.0000485496930196,"dvar2":0.000111866662337,"max":0.206402212381,"mean":0.0102483322844,"median":0.00651689060032,"min":2.45765967329e-22,"var":0.000131406006403},"spectral_entropy":{"dmean":0.150491654873,"dmean2":0.228868305683,"dvar":0.0249077118933,"dvar2":0.056890886277,"max":9.8004360199,"mean":7.40287446976,"median":7.47852706909,"min":4.85198926926,"var":0.161905631423},"spectral_flux":{"dmean":0.0208967402577,"dmean2":0.0339055173099,"dvar":0.000694840506185,"dvar2":0.00160172604956,"max":0.373134464025,"mean":0.103640064597,"median":0.0989288762212,"min":6.80866335534e-11,"var":0.00233613769524},"spectral_kurtosis":{"dmean":8.09784412384,"dmean2":12.5489406586,"dvar":119.224319458,"dvar2":299.539550781,"max":211.554122925,"mean":29.3013362885,"median":24.4257316589,"min":-1.24048101902,"var":251.3152771},"spectral_rms":{"dmean":0.000797925109509,"dmean2":0.0012552512344,"dvar":8.98257042081e-7,"dvar2":0.00000217126284952,"max":0.0146467508748,"mean":0.00576468650252,"median":0.00562395714223,"min":3.228581031e-12,"var":0.00000416999182562},"spectral_rolloff":{"dmean":3485.19018555,"dmean2":6700.20947266,"dvar":47586412,"dvar2":114867512,"max":22050,"mean":16902.2988281,"median":21124.0722656,"min":86.1328125,"var":65366152},"spectral_skewness":{"dmean":0.535221815109,"dmean2":0.803350150585,"dvar":0.406372636557,"dvar2":0.9655559659,"max":12.4594402313,"mean":3.74024748802,"median":3.4291498661,"min":-0.0173171125352,"var":1.35466837883},"spectral_spread":{"dmean":429659,"dmean2":678095.4375,"dvar":230319767552,"dvar2":475373731840,"max":42245888,"mean":3394214.5,"median":3379270.5,"min":1099635.625,"var":675856515072},"spectral_strongpeak":{"dmean":5.1350030899,"dmean2":9.6667098999,"dvar":212.790481567,"dvar2":598.948242188,"max":137.203933716,"mean":4.46033906937,"median":0.340358406305,"min":0,"var":193.564956665},"zerocrossingrate":{"dmean":0.0354072637856,"dmean2":0.0451742485166,"dvar":0.000889180402737,"dvar2":0.00143739802297,"max":0.80419921875,"mean":0.316541850567,"median":0.31494140625,"min":0.0390625,"var":0.00799202732742}},"metadata":{"audio_properties":{"analysis_sample_rate":44100,"bit_rate":128000,"codec":"mp3","downmix":"mix","equal_loudness":0,"length":621.088439941,"lossless":false,"md5_encoded":"f588d55493706fbcc1ca15d40014db2e","replay_gain":-8.61251449585,"sample_rate":44100},"tags":{"album":["The Cure"],"albumartist":["The Cure"],"albumartistsort":["Cure, The"],"artist":["The Cure"],"artistsort":["Cure, The"],"asin":["B0002CHGZI"],"barcode":["602498628850"],"catalognumber":["0602498628850"],"date":["2004-06-28"],"file_name":"11 - The Cure - The Promise.mp3","fmps_playcount":["2"],"fmps_rating_amarok_score":["0.75"],"genre":["Angry","Faves","Reasons Why I Love The Cure","Tripping","80S","Atmospheric","Epic","Mesmerizing","Melancholy","The Cure","Dark","Intense","Cool","Is This Desire","Over 10 Minutes","Takes Your Breath Away","Goth","British","New Wave","Gotanygoodmusic","To Infinity And Beyond","Uk","Rock","Favourites","Alternative","Alternative Rock","Mental","Indie","Powerful","Darkwave","Post-Punk","Painfully Beautiful","Best Of The Cure","Wish This Song Would Never End","Favorite Bands"],"label":["Geffen Records"],"musicbrainz album release country":["DE"],"musicbrainz album status":["official"],"musicbrainz album type":["album"],"musicbrainz_albumartistid":["69ee3720-a7cb-4402-b48d-a02c366f2bcf"],"musicbrainz_albumid":["d984e1a3-7281-46bb-ad8b-1478a00f2fbf"],"musicbrainz_artistid":["69ee3720-a7cb-4402-b48d-a02c366f2bcf"],"musicbrainz_recordingid":["dc2722f7-8ce3-4c9d-881a-ad6caaf125c3"],"title":["The Promise"],"tracknumber":["11/12"]},"version":{"essentia":"2.1-beta1","essentia_build_sha":"81dca3489dfd3c4275b86ac4d56d870715677d3f","essentia_git_sha":"v2.1_beta1-28-g21ef5f4","extractor":"music 1.0"}},"rhythm":{"beats_count":1669,"beats_loudness":{"dmean":0.017130035907,"dmean2":0.0298078563064,"dvar":0.00029897748027,"dvar2":0.000831365352497,"max":0.154685527086,"mean":0.0444548353553,"median":0.0409127771854,"min":2.83163270609e-9,"var":0.000635539356153},"beats_loudness_band_ratio":