{"lowlevel":{"average_loudness":0.90971827507,"barkbands":{"dmean":[0.0000086161580839,0.00125508999918,0.00309154437855,0.00251886295155,0.00563116371632,0.000710181309842,0.000610777526163,0.000610346905887,0.00024683403899,0.00012902537128,0.000300922576571,0.000211354519706,0.000317915342748,0.000416324706748,0.000186521167052,0.000283373781713,0.00023569285986,0.000259434222244,0.000102042438812,0.000147667815327,0.0000466332967335,0.0000428377388744,0.0000799104673206,0.0000717634175089,0.0000302051248582,0.00000445625846623,1.02932879997e-7],"dmean2":[0.0000140892425406,0.00179461075459,0.0046958187595,0.00405798247084,0.00846704747528,0.00115778995678,0.000981958932243,0.000944174535107,0.000378269643988,0.000202577663003,0.000469831400551,0.000326994282659,0.00049359339755,0.000642014667392,0.000296141544823,0.000437855575001,0.000364830106264,0.000401340832468,0.000154991765157,0.00024198977917,0.0000751800835133,0.0000678338255966,0.00012864045857,0.000118185700558,0.0000492678991577,0.00000742651309338,1.71755772271e-7],"dvar":[1.86201595809e-10,0.00000306218453261,0.0000176396879397,0.0000146707989188,0.0000538006934221,0.00000496385791848,0.00000272470651907,0.0000024430639769,5.71300006413e-7,2.18836476051e-7,7.65350591792e-7,3.76211318098e-7,0.00000158353009283,0.0000020892593966,4.44772410901e-7,9.34899787808e-7,5.38054791832e-7,5.90801278122e-7,8.81480985981e-8,2.37826910165e-7,1.16854721455e-8,7.54400453218e-9,5.08585458192e-8,3.12587786766e-8,4.35869118576e-9,9.05448147015e-11,5.62164044157e-14],"dvar2":[4.01034178088e-10,0.00000693914034855,0.0000451232626801,0.0000402256009693,0.000127193678054,0.0000127047696878,0.00000682785639583,0.00000530858415004,0.00000126932741296,5.07504296365e-7,0.00000177543927293,7.95445544099e-7,0.00000347714149029,0.00000470389204565,0.00000106597781269,0.00000212259669752,0.00000126593727146,0.00000134648314543,1.83988120739e-7,6.47943068088e-7,3.02641893768e-8,1.91605167288e-8,1.31320888386e-7,8.32739246448e-8,1.1461533056e-8,2.39560093984e-10,1.42378743886e-13],"max":[0.000350908318069,0.0321369469166,0.0601112693548,0.0597876310349,0.107958182693,0.0540592037141,0.0439875945449,0.0316258817911,0.032519005239,0.0162901189178,0.0208634529263,0.0149888908491,0.0277852807194,0.0488334484398,0.0145987486467,0.0306222587824,0.0152861252427,0.0154641708359,0.0172132272273,0.0195896979421,0.00205196789466,0.0016352024395,0.00700509222224,0.00389659544453,0.00133317243308,0.000211231876165,0.00000774820819061],"mean":[0.00000991313845589,0.00320341065526,0.00634754309431,0.00401786761358,0.0121738696471,0.00113587989472,0.000936444033869,0.000861098989844,0.000419446529122,0.000179572554771,0.000421926408308,0.00028745495365,0.000403594400268,0.000560531567317,0.000234478749917,0.000443653058028,0.000365850457456,0.000390823697671,0.000180032904609,0.000196112057893,0.0000727426304366,0.0000706754362909,0.000115568400361,0.0000995154259726,0.0000440131989308,0.00000584417784921,1.81663082799e-7],"median":[0.0000055728287407,0.00149263045751,0.00363795878366,0.0021524913609,0.0086071100086,0.000589403673075,0.000414920417825,0.000243638030952,0.000186202378245,0.0000653462921036,0.000135188776767,0.00009761354886,0.0000657081036479,0.0000830927747302,0.0000448583414254,0.0000773160718381,0.0000613801603322,0.00009124459757,0.0000598735532549,0.0000673717295285,0.000032478616049,0.0000346247907146,0.0000379865523428,0.0000383751030313,0.0000190546670638,0.00000237112067225,9.62885025046e-8],"min":[1.05535297146e-15,1.58346647325e-15,1.0554460392e-15,1.05560549315e-15,2.63943047309e-15,2.63881976234e-15,2.63982434341e-15,2.63929918299e-15,3.69533623943e-15,3.6945078412e-15,3.6950656124e-15,4.75067195259e-15,5.27847639323e-15,5.80675517232e-15,6.8617135323e-15,7.91759981688e-15,8.97429544143e-15,1.1085409019e-14,1.37242148052e-14,1.68922781172e-14,2.21684870032e-14,2.69203350611e-14,3.21991612789e-14,4.381065145e-14,6.1228386456e-14,8.60435922273e-14,1.22464064172e-13],"var":[2.64867294764e-10,0.0000174966135091,0.0000550392214791,0.0000266803162958,0.000143027791637,0.00000668380334901,0.00000403880449085,0.00000420414608016,9.16379292448e-7,2.91201530445e-7,0.00000116376179449,5.78728020173e-7,0.00000251379219662,0.00000382402686228,5.89847843457e-7,0.00000204200614462,0.00000123668894503,9.90593662209e-7,1.74230081029e-7,2.34063037396e-7,1.4730609621e-8,1.10352358362e-8,6.35954933159e-8,3.83739049425e-8,5.27926946603e-9,9.55698853389e-11,6.90681642738e-14]},"barkbands_crest":{"dmean":2.62365865707,"dmean2":4.13424396515,"dvar":5.25107765198,"dvar2":12.991686821,"max":25.2032318115,"mean":11.9220056534,"median":11.321931839,"min":1.93163311481,"var":17.785741806},"barkbands_flatness_db":{"dmean":0.0247842557728,"dmean2":0.0360407680273,"dvar":0.000550578755792,"dvar2":0.00115850579459,"max":0.433022111654,"mean":0.180647552013,"median":0.177685335279,"min":0.0116904573515,"var":0.00391268590465},"barkbands_kurtosis":{"dmean":7.20803499222,"dmean2":10.8781137466,"dvar":123.52217865,"dvar2":294.567871094,"max":277.935913086,"mean":15.9911518097,"median":9.42495250702,"min":-1.92416369915,"var":414.512207031},"barkbands_skewness":{"dmean":0.768826305866,"dmean2":1.13158833981,"dvar":0.553327679634,"dvar2":1.25461316109,"max":14.1293506622,"mean":2.90093541145,"median":2.80961513519,"min":-1.84680128098,"var":3.10555243492},"barkbands_spread":{"dmean":5.21235227585,"dmean2":7.89032173157,"dvar":39.7880973816,"dvar2":88.1196517944,"max":84.2575302124,"mean":16.2119960785,"median":12.0733890533,"min":0.590487003326,"var":184.554840088},"dissonance":{"dmean":0.0176556650549,"dmean2":0.0290943104774,"dvar":0.00026838251506,"dvar2":0.000682968820911,"max":0.499997973442,"mean":0.458187162876,"median":0.462522447109,"min":0,"var":0.000645885127597},"dynamic_complexity":2.68313312531,"erbbands":{"dmean":[0.00786763615906,0.405305743217,3.19719433784,4.73391962051,20.9675331116,13.9930305481,9.93035316467,5.65689897537,6.88741922379,14.6222047806,8.24492073059,5.69889259338,3.60131621361,6.16978168488,12.9213209152,6.09605741501,12.4019012451,23.7920074463,8.78567028046,12.1423435211,13.7698812485,12.9066839218,14.9889822006,6.99691152573,6.05982112885,5.71623849869,2.19757270813,1.61412847042,1.82182264328,0.990733385086,1.96733283997,2.45003390312,0.830419242382,0.395406275988,0.194207653403,0.0431783087552,0.00496783712879,0.000705161655787,0.0000221930713451,0.000010688513612],"dmean2":[0.0123556340113,0.573319017887,4.67323589325,7.53089094162,31.6656131744,21.8380413055,15.4633655548,9.27784919739,11.0845823288,23.5025882721,12.6367359161,8.7381067276,5.58443260193,9.55891799927,19.9585933685,9.4085817337,19.0405387878,36.3626098633,13.3935279846,18.7168426514,21.0045852661,19.6665058136,23.0115222931,10.6302127838,9.4531955719,9.3317861557,3.50597929955,2.60048651695,2.89940571785,1.55008542538,3.13775086403,4.01397609711,1.34562683105,0.652908086777,0.317467242479,0.0710324198008,0.00820926576853,0.00114516937174,0.0000352917086275,0.0000162987471413],"dvar":[0.00010748677596,0.309447318316,18.1779212952,46.5795097351,791.551818848,483.576599121,507.275756836,382.160003662,280.142669678,1103.0513916,629.541564941,224.816223145,79.2496795654,700.717407227,1384.49841309,281.762115479,2711.78442383,6997.27050781,693.401977539,1556.28881836,1884.87316895,1674.49597168,2145.11938477,318.897613525,285.558319092,349.404388428,24.7976322174,18.054983139,15.5123310089,3.99518656731,23.3783130646,42.0479507446,4.01409339905,0.988885939121,0.178275033832,0.00768260331824,0.000124334153952,0.00000223346114581,1.61251179076e-9,1.2526689408e-10],"dvar2":[0.00026744286879,0.684030532837,43.376789093,127.608566284,1889.8717041,1209.11633301,1169.17028809,1017.38720703,685.073791504,2687.42944336,1426.57885742,522.475952148,198.586380005,1509.72021484,3106.60620117,654.239257812,5874.99414062,15848.3076172,1508.0534668,3597.25097656,4124.34326172,3761.54174805,4918.34228516,664.366577148,677.394104004,950.442443848,63.4585876465,47.0990829468,39.894317627,9.93114089966,58.1966972351,110.362884521,10.7143659592,2.67373228073,0.4591781497,0.0199941061437,0.000330677896272,0.000005486088412,3.99388166983e-9,3.01463215502e-10],"max":[0.155259013176,10.4037828445,67.0336914062,88.9715042114,360.512878418,528.481384277,609.89642334,572.205383301,309.402008057,676.046447754,732.849487305,562.070495605,361.397521973,1322.37011719,901.551574707,588.598449707,1425.95056152,2927.79345703,549.204956055,1006.56976318,1101.37646484,1050.03930664,1105.93981934,546.163391113,732.831481934,736.725952148,97.8272247314,122.109916687,79.1519393921,41.4655685425,128.387359619,168.017807007,47.9349784851,24.2073192596,8.12472724915,1.71597719193,0.247492313385,0.0348008498549,0.000815101782791,0.000149965984747],"mean":[0.0176563337445,1.05561029911,7.37099647522,9.43555164337,39.0517997742,29.9943561554,18.7247467041,9.13969802856,11.0357675552,22.1914844513,12.4699029922,10.2258749008,6.32799243927,8.70270061493,19.5010147095,9.4803686142,16.9422569275,32.6347312927,13.069029808,18.8588657379,21.9242324829,21.2691631317,23.491147995,12.709189415,10.0472421646,7.99309921265,3.67369604111,2.58261752129,2.90905356407,1.64650511742,3.06581878662,3.30080676079,1.19636762142,0.554976224899,0.266269147396,0.0588722005486,0.00657604634762,0.0009787727613,0.0000551995944988,0.0000407134539273],"median":[0.0104863820598,0.505720853806,4.10158920288,6.90792894363,24.6822357178,21.0102958679,8.91729640961,4.92853593826,5.30264854431,8.68281745911,4.71498203278,4.96790266037,3.42388439178,2.41333508492,7.74735450745,4.07673692703,3.48084545135,5.14156150818,3.13074588776,3.86822366714,3.87507104874,3.97018742561,5.13497638702,4.37843704224,3.50290775299,2.9608464241,1.72343552113,1.23810446262,1.35228705406,0.842228293419,1.05818200111,0.981631994247,0.579677164555,0.274839371443,0.0924262180924,0.020885001868,0.00259396107867,0.00026962190168,0.000039588270738,0.0000392479269067],"min":[5.77193051384e-14,3.21829395815e-13,1.08640050081e-12,2.63738510198e-12,5.32417122542e-12,9.47535192669e-12,1.540937343e-11,2.34470672045e-11,3.39075920119e-11,4.70609939907e-11,6.32245575338e-11,8.26889320904e-11,1.05737835154e-10,1.32741859171e-10,1.6393111868e-10,1.99601904449e-10,2.40058833922e-10,2.85510004527e-10,3.36021238612e-10,3.91781912468e-10,4.52398812856e-10,5.17640152964e-10,5.86535153779e-10,6.57655152558e-10,7.29198479377e-10,7.97938548569e-10,8.60021276416e-10,9.10370501206e-10,9.42773192847e-10,9.50252876386e-10,9.25756582504e-10,8.63932370088e-10,7.62824636791e-10,6.26437401952e-10,4.67047567287e-10,3.04962527453e-10,1.64801283731e-10,6.6925513742e-11,1.6955627874e-11,1.80312958575e-12],"var":[0.000367565109627,1.85400974751,78.3820877075,93.8994598389,1819.66442871,1086.84741211,1073.70227051,427.242492676,432.62600708,1876.39233398,930.128601074,357.462646484,112.231376648,1153.56884766,2173.30224609,443.846374512,4403.14697266,12183.4140625,1171.42480469,2804.43701172,4106.08447266,3810.12060547,3662.57373047,718.481689453,467.946228027,349.647827148,35.5247688293,19.6305809021,21.0723419189,5.99210453033,36.8799476624,54.5282325745,4.40142917633,0.924602985382,0.248765811324,0.0102757401764,0.000124161786516,0.00000363962271877,2.73572520193e-9,5.06580888349e-10]},"erbbands_crest":{"dmean":2.99278569221,"dmean2":4.73580741882,"dvar":7.42412996292,"dvar2":17.9235057831,"max":32.8806304932,"mean":10.0731172562,"median":9.16421127319,"min":2.5450425148,"var":19.902671814},"erbbands_flatness_db":{"dmean":0.0209294054657,"dmean2":0.0302197858691,"dvar":0.000409805361414,"dvar2":0.000807938049547,"max":0.307056099176,"mean":0.160176023841,"median":0.156104207039,"min":0.047107566148,"var":0.00178235874046},"erbbands_kurtosis":{"dmean":1.47994101048,"dmean2":2.28766608238,"dvar":6.15005779266,"dvar2":14.0299768448,"max":56.5335655212,"mean":1.32610809803,"median":0.02283847332,"min":-1.83034861088,"var":16.3674144745},"erbbands_skewness":{"dmean":0.472864001989,"dmean2":0.698015213013,"dvar":0.208760529757,"dvar2":0.453458428383,"max":6.31741380692,"mean":0.721742868423,"median":0.688026189804,"min":-3.71947312355,"var":1.40165436268},"erbbands_spread":{"dmean":11.589302063,"dmean2":17.5624580383,"dvar":138.491241455,"dvar2":311.861755371,"max":139.915649414,"mean":48.6296386719,"median":44.8486785889,"min":4.03548574448,"var":484.142089844},"gfcc":{"cov":[[7066.921875,-537.656311035,-1246.30651855,46.1620788574,-223.83039856,355.058685303,-336.289123535,147.861602783,-77.6649703979,91.5947036743,-33.5645179749,-34.1779670715,-91.6729049683],[-537.656311035,1101.67932129,6.19352149963,-117.026199341,409.292114258,-231.904220581,140.702178955,-165.778106689,116.084068298,-166.1590271,47.4424629211,-121.220466614,24.0381259918],[-1246.30651855,6.19352149963,848.476013184,124.436904907,-144.01776123,52.1439056396,104.98513031,-15.2594003677,-72.3534545898,-11.0065135956,-54.3617019653,7.7136220932,25.8460197449],[46.1620788574,-117.026199341,124.436904907,208.270950317,2.4995675087,36.7816123962,20.4899158478,15.3744049072,-8.6883687973,-4.47271203995,-5.91808843613,-4.81773710251,-6.87808132172],[-223.83039856,409.292114258,-144.01776123,2.4995675087,421.455291748,-70.1649627686,36.3082084656,-35.6784210205,70.4895935059,-48.8804283142,38.4717140198,-46.2026939392,-25.0370445251],[355.058685303,-231.904220581,52.1439056396,36.7816123962,-70.1649627686,215.603363037,10.3384246826,22.8278274536,-42.8820724487,44.7523384094,3.24669384956,20.8247394562,-16.622253418],[-336.289123535,140.702178955,104.98513031,20.4899158478,36.3082084656,10.3384246826,150.373245239,-12.420788765,-7.31337118149,-23.6212005615,18.3804016113,-9.66139602661,6.94755649567],[147.861602783,-165.778106689,-15.2594003677,15.3744049072,-35.6784210205,22.8278274536,-12.420788765,126.485366821,27.7588233948,39.9448776245,-5.31380844116,25.7772502899,-0.479556798935],[-77.6649703979,116.084068298,-72.3534545898,-8.6883687973,70.4895935059,-42.8820724487,-7.31337118149,27.7588233948,134.55859375,21.7920970917,5.09053421021,-2.08111262321,9.7292842865],[91.5947036743,-166.1590271,-11.0065135956,-4.47271203995,-48.8804283142,44.7523384094,-23.6212005615,39.9448776245,21.7920970917,116.760520935,18.7299804688,24.6458930969,-6.3424744606],[-33.5645179749,47.4424629211,-54.3617019653,-5.91808843613,38.4717140198,3.24669384956,18.3804016113,-5.31380844116,5.09053421021,18.7299804688,82.2215805054,15.2130870819,-8.77741241455],[-34.1779670715,-121.220466614,7.7136220932,-4.81773710251,-46.2026939392,20.8247394562,-9.66139602661,25.7772502899,-2.08111262321,24.6458930969,15.2130870819,83.8591537476,17.0623111725],[-91.6729049683,24.0381259918,25.8460197449,-6.87808132172,-25.0370445251,-16.622253418,6.94755649567,-0.479556798935,9.7292842865,-6.3424744606,-8.77741241455,17.0623111725,60.750579834]],"icov":[[0.000429747771705,-0.0010784448823,0.00101904128678,-0.00107355893124,0.00089876097627,-0.00115048850421,0.000966302584857,-0.00101146462839,0.00112442253157,-0.000720397976693,0.000945117615629,-0.000357176933903,0.000438826478785],[-0.0010784448823,0.00814652256668,-0.00383429857902,0.00600495003164,-0.00529964827001,0.00501015270129,-0.00494585325941,0.00618564011529,-0.00693446025252,0.00599180161953,-0.00569768296555,0.00516613433138,-0.00327657605521],[0.00101904128678,-0.00383429857902,0.00439790962264,-0.00421582395211,0.00329507305287,-0.00315058720298,0.00156289699953,-0.00284455530345,0.00414307368919,-0.00306275789626,0.00425110803917,-0.00214094761759,0.00123353244271],[-0.00107355893124,0.00600495003164,-0.00421582395211,0.0102988826111,-0.0044772750698,0.00323615083471,-0.0038804768119,0.00373525405303,-0.00544590316713,0.0050224266015,-0.00461880769581,0.00397171452641,-0.00190925202332],[0.00089876097627,-0.00529964827001,0.00329507305287,-0.0044772750698,0.00711714429781,-0.0031646611169,0.00264032091945,-0.00348982424475,0.0027131496463,-0.00243610702455,0.00242339447141,-0.00214877910912,0.0035470193252],[-0.00115048850421,0.00501015270129,-0.00315058720298,0.00323615083471,-0.0031646611169,0.0100176949054,-0.00453558377922,0.00373358116485,-0.00264465576038,0.001159185078,-0.00331655191258,0.00162818818353,-0.000418740877649],[0.000966302584857,-0.00494585325941,0.00156289699953,-0.0038804768119,0.00264032091945,-0.00453558377922,0.0120030613616,-0.00436149537563,0.00433714222163,-0.0015934871044,0.000364774023183,-0.00137477030512,0.000328773225192],[-0.00101146462839,0.00618564011529,-0.00284455530345,0.00373525405303,-0.00348982424475,0.00373358116485,-0.00436149537563,0.0150252077729,-0.00766628840938,0.00211579655297,-0.00248409132473,0.000940572470427,-0.00131448637694],[0.00112442253157,-0.00693446025252,0.00414307368919,-0.00544590316713,0.0027131496463,-0.00264465576038,0.00433714222163,-0.00766628840938,0.0165295824409,-0.00816230289638,0.00568649265915,-0.00351697090082,0.000209404926863],[-0.000720397976693,0.00599180161953,-0.00306275789626,0.0050224266015,-0.00243610702455,0.001159185078,-0.0015934871044,0.00211579655297,-0.00816230289638,0.017187455669,-0.00785755552351,0.00282912631519,-0.00090242997976],[0.000945117615629,-0.00569768296555,0.00425110803917,-0.00461880769581,0.00242339447141,-0.00331655191258,0.000364774023183,-0.00248409132473,0.00568649265915,-0.00785755552351,0.0204570032656,-0.00777789903805,0.00478822924197],[-0.000357176933903,0.00516613433138,-0.00214094761759,0.00397171452641,-0.00214877910912,0.00162818818353,-0.00137477030512,0.000940572470427,-0.00351697090082,0.00282912631519,-0.00777789903805,0.0196078363806,-0.00727023556828],[0.000438826478785,-0.00327657605521,0.00123353244271,-0.00190925202332,0.0035470193252,-0.000418740877649,0.000328773225192,-0.00131448637694,0.000209404926863,-0.00090242997976,0.00478822924197,-0.00727023556828,0.0215837210417]],"mean":[-21.1631526947,105.862319946,-98.9482803345,48.074886322,-60.2963676453,11.0635051727,-48.5436897278,1.19111311436,-30.9897918701,-11.9968652725,-14.228764534,-11.6241016388,-13.9974451065]},"hfc":{"dmean":4.96933221817,"dmean2":7.32777929306,"dvar":44.4648170471,"dvar2":99.6909713745,"max":134.023880005,"mean":15.9805412292,"median":12.159526825,"min":5.96514793116e-9,"var":160.925125122},"melbands":{"dmean":[0.000191434752196,0.0012554815039,0.00123636645731,0.00133566872682,0.000399728713091,0.000127757870359,0.00011088084284,0.000163002550835,0.000062438652094,0.0000339423277183,0.0000180129591172,0.0000232615202549,0.0000446092453785,0.0000280509211734,0.0000159866594913,0.0000373048023903,0.000046504803322,0.0000153348501044,0.0000152406464622,0.0000210138859984,0.0000158038437803,0.0000144763762364,0.0000140054607982,0.0000129305417431,0.00000558276406082,0.00000362631362805,0.00000784382518759,0.00000272888200925,0.00000174161459654,9.39365691011e-7,0.00000104795640254,0.00000123962570342,6.28905809208e-7,5.93386232595e-7,7.20425987311e-7,0.00000289635204354,8.97990048543e-7,6.13769259417e-7,5.10974132339e-7,2.87091182827e-7],"dmean2":[0.000281542510493,0.00182028417476,0.00194691610523,0.00200645579025,0.000625243759714,0.000208453988307,0.000177437381353,0.000258845771896,0.0000955009600148,0.000051895622164,0.0000280593503703,0.0000363456456398,0.0000689757216605,0.0000432685701526,0.0000255459854088,0.0000573244251427,0.0000712397231837,0.0000235914685618,0.0000239982073253,0.0000322704545397,0.0000242052665271,0.0000222255439439,0.0000216313583223,0.0000201045659196,0.00000857734357851,0.00000557207749807,0.0000128602896439,0.00000444691931989,0.00000281848747363,0.00000152238237661,0.00000171304418473,0.00000198045381694,0.0000010068362144,9.44036230521e-7,0.00000114513693461,0.00000478075480714,0.00000147510286297,0.00000100809438663,8.44471855999e-7,4.77082721773e-7],"dvar":[7.01690510141e-8,0.00000278350125882,0.00000261663672063,0.00000314702833748,6.99451106811e-7,1.7916781303e-7,7.89257725842e-8,1.32944265374e-7,4.3445577802e-8,7.17523906957e-9,2.07452144352e-9,1.11796758517e-8,1.54340789038e-8,6.4239800146e-9,5.04061192785e-9,2.04763583866e-8,2.80491612159e-8,2.80295875399e-9,3.0907789661e-9,6.21653617472e-9,2.672176036e-9,2.46955167427e-9,1.63323232716e-9,1.8375407862e-9,2.17520113033e-10,1.94430901934e-10,7.02128244434e-10,6.61144819447e-11,2.02792227455e-11,6.21483593755e-12,7.06552654925e-12,7.53862510611e-12,1.65243925314e-12,1.47799480987e-12,2.73782060391e-12,7.48300171827e-11,4.78352600586e-12,2.38606291843e-12,1.50656180239e-12,5.68184280007e-13],"dvar2":[1.64597622643e-7,0.00000651821437714,0.00000692415596859,0.00000751365860197,0.00000159265346156,4.68324799385e-7,1.92510640318e-7,3.09967674639e-7,9.79236460807e-8,1.64462203855e-8,5.1954462954e-9,2.42120048455e-8,3.55165070687e-8,1.34903164195e-8,1.1874156769e-8,4.51861517092e-8,6.31697005815e-8,6.05278938082e-9,7.1382828537e-9,1.40179867714e-8,5.61491209083e-9,5.63288571342e-9,3.81529208227e-9,4.30555813224e-9,4.55108978281e-10,4.04786315578e-10,1.903344371e-9,1.79365328146e-10,5.2386619348e-11,1.60398395954e-11,1.86816968145e-11,1.95009459969e-11,4.22572610584e-12,3.70804385461e-12,6.70133046277e-12,1.96400382069e-10,1.2574786698e-11,6.37468897113e-12,4.05044617638e-12,1.54748913336e-12],"max":[0.00457866396755,0.027301358059,0.0209668222815,0.0293958112597,0.023663084954,0.011091212742,0.00593936722726,0.00750076491386,0.00613992894068,0.00307254726067,0.00176531623583,0.00514858122915,0.00333032477647,0.00190494034905,0.00236890767701,0.00372997811064,0.00595352891833,0.00102990190499,0.00127870228607,0.00262231775559,0.00129332847428,0.00132718775421,0.000842670153361,0.00118011061568,0.000475679495139,0.000999445212074,0.00108083710074,0.000288376118988,0.0000935291900532,0.0000743660930311,0.0000673826143611,0.0000624045787845,0.0000236600262724,0.0000220106721827,0.0000412058507209,0.000254908169154,0.0000542592279089,0.0000405518949265,0.0000255647501035,0.0000183857791853],"mean":[0.000473136024084,0.0030015881639,0.00255779060535,0.00278002303094,0.000778574903961,0.00020502069674,0.000174730244908,0.000245199247729,0.0000934486815822,0.000059761950979,0.000029637472835,0.0000308503840643,0.0000659460711177,0.0000386413448723,0.0000207616903936,0.0000485542914248,0.0000625015964033,0.0000203966974368,0.0000198125399038,0.0000332760537276,0.0000226685478992,0.0000215128638956,0.0000217906708713,0.0000189460024558,0.00000946363979892,0.00000587489785175,0.0000100068036772,0.0000039008150452,0.00000258005161413,0.0000014520348941,0.00000152684674504,0.0000019105048068,9.50282071699e-7,9.01478529158e-7,0.00000115669740808,0.00000367825236935,0.00000122150959214,8.22706795134e-7,7.02350178017e-7,3.755067155e-7],"median":[0.00023067665461,0.00165865989402,0.00197701668367,0.00189750711434,0.000371008412912,0.000107653424493,0.0000808552722447,0.0000884156179382,0.0000352440147253,0.0000280279618892,0.0000147058453877,0.00000741863550502,0.0000248671494774,0.0000129098552861,0.00000607929086982,0.00000740860559745,0.00000911572169571,0.00000433693185187,0.00000408896767112,0.00000530360284756,0.00000379301627618,0.00000362889386452,0.00000386635520044,0.00000440011945102,0.00000321555626215,0.00000193222876987,0.00000270438977168,0.00000156068426804,0.00000110754444904,6.62584852762e-7,6.7883382826e-7,8.60072077558e-7,4.46440139967e-7,4.27330178354e-7,4.88385694553e-7,7.87974101968e-7,4.44703005087e-7,3.87061902529e-7,3.1099853004e-7,1.85039951361e-7],"min":[5.27839010175e-16,5.27705708365e-16,5.2779152339e-16,5.27889938031e-16,5.27840545422e-16,5.27769077017e-16,5.27955583084e-16,5.27879350119e-16,5.27911802069e-16,5.27878397207e-16,5.2776992405e-16,5.27862568279e-16,5.27886708718e-16,5.27852192125e-16,5.27819422538e-16,5.27868497509e-16,5.27897984844e-16,5.27806611164e-16,5.27849915724e-16,5.27892532069e-16,5.27810846329e-16,5.27872150339e-16,5.27917254843e-16,5.27873579707e-16,5.27821063664e-16,5.27867809295e-16,5.27931548524e-16,5.27845998196e-16,5.27853039158e-16,5.27811693362e-16,5.27836310257e-16,5.27850921576e-16,5.27837104351e-16,5.27878608965e-16,5.27846633471e-16,5.27835410285e-16,5.27830910422e-16,5.27853780312e-16,5.27833133884e-16,5.27822228334e-16],"var":[3.56465051254e-7,0.000013195091924,0.00000559090040042,0.00000794943480287,0.00000167747759861,2.1535754513e-7,1.22705955619e-7,2.39423854964e-7,6.37964348016e-8,1.20385585944e-8,2.86599366461e-9,1.77567116566e-8,2.35153798656e-8,1.01570378774e-8,6.90636126066e-9,3.2886163126e-8,5.06234130171e-8,4.42534497935e-9,4.31497904074e-9,1.34023592224e-8,5.10860642677e-9,5.2335167311e-9,3.49430062663e-9,2.78550604804e-9,4.84955187119e-10,2.94688329294e-10,7.09448277902e-10,6.85195095107e-11,2.37543405085e-11,7.20656303729e-12,7.49160455893e-12,1.00715581708e-11,2.14564845925e-12,2.08072838473e-12,4.35210981836e-12,8.88003073851e-11,6.05365887626e-12,2.46548983486e-12,1.53686872256e-12,4.86031625103e-13]},"melbands_crest":{"dmean":3.14723396301,"dmean2":4.90615606308,"dvar":6.869784832,"dvar2":17.0781021118,"max":32.6822891235,"mean":16.7722263336,"median":16.3073501587,"min":1.00020027161,"var":23.9715709686},"melbands_flatness_db":{"dmean":0.0295126400888,"dmean2":0.0419758558273,"dvar":0.000778754765633,"dvar2":0.00159624556545,"max":0.558687508106,"mean":0.255039781332,"median":0.252353906631,"min":-3.27888187712e-7,"var":0.00654901657254},"melbands_kurtosis":{"dmean":18.2372131348,"dmean2":27.7505741119,"dvar":709.272399902,"dvar2":1700.68273926,"max":520.830322266,"mean":43.0124816895,"median":29.3121795654,"min":-1.73325073719,"var":2153.56445312},"melbands_skewness":{"dmean":1.09187948704,"dmean2":1.62473189831,"dvar":1.16861581802,"dvar2":2.6962864399,"max":18.2183151245,"mean":4.55925130844,"median":4.32264184952,"min":-0.771905362606,"var":5.20451784134},"melbands_spread":{"dmean":5.36551141739,"dmean2":7.98924779892,"dvar":58.5294075012,"dvar2":125.944206238,"max":137.094421387,"mean":14.4801673889,"median":8.44342041016,"min":0.512514293194,"var":239.374221802},"mfcc":{"cov":[[5518.53710938,-465.465057373,-800.81262207,-312.083526611,55.1314735413,-56,-120.01550293,-12.8143844604,-104.895744324,89.726272583,9.79563331604,121.132492065,-19.2163238525],[-465.465057373,1222.8828125,-241.651565552,168.168365479,150.344451904,19.8507404327,11.4570360184,21.5946903229,17.6724948883,-46.0668296814,42.8624763489,-40.5752372742,-18.2810649872],[-800.81262207,-241.651565552,848.640136719,19.6647758484,-148.512390137,68.639755249,83.7400054932,-2.46806311607,40.0322875977,-2.94181609154,-46.106967926,-48.34116745,-6.84376478195],[-312.083526611,168.168365479,19.6647758484,234.210525513,68.8922958374,5.54472541809,19.9042892456,29.8641300201,23.8004322052,-3.53271722794,6.64005374908,-11.3042144775,16.6342735291],[55.1314735413,150.344451904,-148.512390137,68.8922958374,218.637451172,25.7442150116,-2.96711111069,21.9294548035,16.8140964508,-2.54046630859,39.9691352844,19.3319683075,-0.341604471207],[-56,19.8507404327,68.639755249,5.54472541809,25.7442150116,149.382995605,67.6405029297,10.0579319,-5.22185659409,-5.83144903183,25.5081386566,6.45857620239,-18.6808242798],[-120.01550293,11.4570360184,83.7400054932,19.9042892456,-2.96711111069,67.6405029297,157.07144165,33.724155426,-26.0310726166,0.676394164562,13.9509506226,-10.7360639572,-14.984992981],[-12.8143844604,21.5946903229,-2.46806311607,29.8641300201,21.9294548035,10.0579319,33.724155426,91.5993652344,17.6012592316,-5.05527257919,6.09267950058,1.0847401619,0.98925024271],[-104.895744324,17.6724948883,40.0322875977,23.8004322052,16.8140964508,-5.22185659409,-26.0310726166,17.6012592316,104.407592773,18.2438793182,-10.8879518509,1.73063719273,26.2792205811],[89.726272583,-46.0668296814,-2.94181609154,-3.53271722794,-2.54046630859,-5.83144903183,0.676394164562,-5.05527257919,18.2438793182,106.074249268,-1.07405555248,1.73852682114,26.9913311005],[9.79563331604,42.8624763489,-46.106967926,6.64005374908,39.9691352844,25.5081386566,13.9509506226,6.09267950058,-10.8879518509,-1.07405555248,96.3004379272,27.0509414673,-14.3418054581],[121.132492065,-40.5752372742,-48.34116745,-11.3042144775,19.3319683075,6.45857620239,-10.7360639572,1.0847401619,1.73063719273,1.73852682114,27.0509414673,86.16355896,22.1634082794],[-19.2163238525,-18.2810649872,-6.84376478195,16.6342735291,-0.341604471207,-18.6808242798,-14.984992981,0.98925024271,26.2792205811,26.9913311005,-14.3418054581,22.1634082794,89.8530731201]],"icov":[[0.000249049451668,0.0000981819321169,0.000235073253862,0.000218771325308,-0.0000427938175562,-0.000067476539698,0.000100850978924,-0.000126326092868,0.000165089149959,-0.000226806630963,0.000151411106344,-0.000198754452867,0.000147701532114],[0.0000981819321169,0.00110623077489,0.000429209787399,-0.000548604584765,-0.000299948238535,-0.000165880090208,-0.0000982860874501,0.000153593588038,-0.0002672879491,0.000396967137931,-0.000295506295515,0.000689876440447,0.0000682020399836],[0.000235073253862,0.000429209787399,0.00196089572273,-0.000353490642738,0.00111258623656,-0.000843420857564,-0.000687942025252,0.000348680565367,-0.00101746234577,0.000135937574669,0.000377815566026,0.000480798567878,0.000261154782493],[0.000218771325308,-0.000548604584765,-0.000353490642738,0.00580992363393,-0.00173728610389,0.000490879348945,-0.000437972776126,-0.00117701187264,-0.000185754732229,0.0000305273097183,-0.00000341426311934,0.000635440752376,-0.00124408921693],[-0.0000427938175562,-0.000299948238535,0.00111258623656,-0.00173728610389,0.00676757702604,-0.00143834482878,0.000424115220085,-0.000610776944086,-0.00123437226284,0.000036676399759,-0.00156675139442,-0.000620062288363,0.000393198017264],[-0.000067476539698,-0.000165880090208,-0.000843420857564,0.000490879348945,-0.00143834482878,0.00943436194211,-0.00388539815322,0.000831529672723,-0.000733484572265,0.000329138652887,-0.00130115274806,-0.00118801801,0.00129655562341],[0.000100850978924,-0.0000982860874501,-0.000687942025252,-0.000437972776126,0.000424115220085,-0.00388539815322,0.0101133836433,-0.00396702857688,0.00356661644764,-0.00124169443734,-0.0005269740941,0.00100587273482,-0.0000479669688502],[-0.000126326092868,0.000153593588038,0.000348680565367,-0.00117701187264,-0.000610776944086,0.000831529672723,-0.00396702857688,0.0135400714353,-0.00347684929147,0.00139230315108,-0.000347649358446,-0.000199733709451,0.000200990281883],[0.000165089149959,-0.0002672879491,-0.00101746234577,-0.000185754732229,-0.00123437226284,-0.000733484572265,0.00356661644764,-0.00347684929147,0.0129905575886,-0.00211909902282,0.00111321615987,-0.000041963186959,-0.00256101088598],[-0.000226806630963,0.000396967137931,0.000135937574669,0.0000305273097183,0.000036676399759,0.000329138652887,-0.00124169443734,0.00139230315108,-0.00211909902282,0.0110717685893,-0.00111226853915,0.0014105909504,-0.00334847578779],[0.000151411106344,-0.000295506295515,0.000377815566026,-0.00000341426311934,-0.00156675139442,-0.00130115274806,-0.0005269740941,-0.000347649358446,0.00111321615987,-0.00111226853915,0.0136961238459,-0.00483126426116,0.00302746286616],[-0.000198754452867,0.000689876440447,0.000480798567878,0.000635440752376,-0.000620062288363,-0.00118801801,0.00100587273482,-0.000199733709451,-0.000041963186959,0.0014105909504,-0.00483126426116,0.0157265011221,-0.00512430490926],[0.000147701532114,0.0000682020399836,0.000261154782493,-0.00124408921693,0.000393198017264,0.00129655562341,-0.0000479669688502,0.000200990281883,-0.00256101088598,-0.00334847578779,0.00302746286616,-0.00512430490926,0.0151878707111]],"mean":[-664.048278809,125.456054688,21.910484314,33.3235931396,14.4381752014,3.34014558792,0.798788130283,2.52736568451,-9.99819946289,-1.88798749447,-7.11428356171,-2.27251148224,-7.14766931534]},"pitch_salience":{"dmean":0.0735797733068,"dmean2":0.116489291191,"dvar":0.00392111344263,"dvar2":0.00987413246185,"max":0.996097624302,"mean":0.520177900791,"median":0.531002044678,"min":0.12161847204,"var":0.0113899502903},"silence_rate_20dB":{"dmean":0,"dmean2":0,"dvar":0,"dvar2":0,"max":1,"mean":1,"median":1,"min":1,"var":0},"silence_rate_30dB":{"dmean":0.0014618356945,"dmean2":0.00292397662997,"dvar":0.00145958201028,"dvar2":0.00395928975195,"max":1,"mean":0.999060332775,"median":1,"min":0,"var":0.00093879760243},"silence_rate_60dB":{"dmean":0.00605617603287,"dmean2":0.0121136177331,"dvar":0.00601921835914,"dvar2":0.0144716296345,"max":1,"mean":0.0400918759406,"median":0,"min":0,"var":0.0384864807129},"spectral_centroid":{"dmean":231.294067383,"dmean2":345.598876953,"dvar":88819.0390625,"dvar2":175825.9375,"max":11440.1347656,"mean":900.476318359,"median":688.189880371,"min":139.144012451,"var":403494.375},"spectral_complexity":{"dmean":2.60123205185,"dmean2":3.98830413818,"dvar":7.14556264877,"dvar2":15.7290477753,"max":43,"mean":13.8011064529,"median":13,"min":0,"var":47.3901176453},"spectral_contrast_coeffs":{"dmean":[0.0515902079642,0.0451966933906,0.0369625277817,0.0330063924193,0.025648644194,0.0243364237249],"dmean2":[0.0842465534806,0.0733246952295,0.0580989308655,0.0515585131943,0.0397648960352,0.0365632325411],"dvar":[0.00171125680208,0.00145692925435,0.000940988073125,0.00075182778528,0.000483838754008,0.000455198489362],"dvar2":[0.00468304846436,0.00372997950763,0.00226212269627,0.001727192197,0.00108290929347,0.00094143836759],"max":[-0.278204292059,-0.471812397242,-0.52879601717,-0.513724863529,-0.56317037344,-0.641843557358],"mean":[-0.543397903442,-0.733338236809,-0.760907590389,-0.768565058708,-0.767952859402,-0.777863204479],"median":[-0.54359972477,-0.7385379076,-0.766745567322,-0.776993572712,-0.773257613182,-0.778223633766],"min":[-0.952952504158,-0.995682954788,-0.997244656086,-0.98881649971,-0.985817432404,-0.963071227074],"var":[0.00609554536641,0.0045430525206,0.00364394625649,0.0034227038268,0.00228134845383,0.0014950169716]},"spectral_contrast_valleys":{"dmean":[0.415627360344,0.336087077856,0.308447897434,0.290310829878,0.273131579161,0.461018562317],"dmean2":[0.680532872677,0.537490010262,0.483846545219,0.439813613892,0.388052612543,0.647087216377],"dvar":[0.141901880503,0.104742385447,0.0891846120358,0.0861157849431,0.0828680768609,0.23774009943],"dvar2":[0.332994252443,0.222872167826,0.177438437939,0.155388072133,0.137768015265,0.414537638426],"max":[-5.59390354156,-5.1148223877,-5.93253326416,-6.24257516861,-5.89696931839,-7.89819669724],"mean":[-7.16670513153,-6.96179056168,-7.86396551132,-8.2538690567,-8.04322528839,-10.3912191391],"median":[-7.01337623596,-6.84491539001,-7.70660924911,-8.08055877686,-7.89047670364,-10.1601753235],"min":[-27.1523132324,-27.379693985,-27.668926239,-27.3430099487,-27.2244949341,-27.2045707703],"var":[0.781119823456,0.713006913662,0.89912956953,1.15362584591,1.00417625904,1.19043815136]},"spectral_decrease":{"dmean":2.37986141904e-9,"dmean2":3.6447942442e-9,"dvar":6.59018847206e-18,"dvar2":1.61206102838e-17,"max":8.76348439231e-25,"mean":-8.40662917057e-9,"median":-7.97830956856e-9,"min":-3.43060477803e-8,"var":2.66893695846e-17},"spectral_energy":{"dmean":0.00926469359547,"dmean2":0.01417648606,"dvar":0.0000983346180874,"dvar2":0.000239621731453,"max":0.132972687483,"mean":0.0331778749824,"median":0.0316989980638,"min":5.41052662742e-13,"var":0.000400628254283},"spectral_energyband_high":{"dmean":0.000237921820371,"dmean2":0.000367738801287,"dvar":2.35711183905e-7,"dvar2":5.77960236114e-7,"max":0.0086463317275,"mean":0.000454420194728,"median":0.00022379955044,"min":3.92722855104e-13,"var":4.38335007402e-7},"spectral_energyband_low":{"dmean":0.00435459660366,"dmean2":0.00646032067016,"dvar":0.0000314382450597,"dvar2":0.000077255506767,"max":0.0851356759667,"mean":0.0109438654035,"median":0.00703530805185,"min":3.69434478736e-15,"var":0.000133868306875},"spectral_energyband_middle_high":{"dmean":0.00158810277935,"dmean2":0.00230897590518,"dvar":0.00000807612650533,"dvar2":0.000016741671061,"max":0.0509679503739,"mean":0.00359865021892,"median":0.00139133539051,"min":7.91798470865e-14,"var":0.0000268910607701},"spectral_energyband_middle_low":{"dmean":0.00767225027084,"dmean2":0.0117862466723,"dvar":0.0000842821900733,"dvar2":0.000206512966543,"max":0.118498601019,"mean":0.019614553079,"median":0.0164203047752,"min":1.63637922386e-14,"var":0.000236518870224},"spectral_entropy":{"dmean":0.240549355745,"dmean2":0.351935148239,"dvar":0.0635278001428,"dvar2":0.126661121845,"max":9.79951763153,"mean":7.15753078461,"median":7.2169880867,"min":4.8767619133,"var":0.308008879423},"spectral_flux":{"dmean":0.0238700266927,"dmean2":0.0384930260479,"dvar":0.00053862342611,"dvar2":0.00129815889522,"max":0.276303827763,"mean":0.0803183615208,"median":0.0758509933949,"min":0.0000021027897219,"var":0.00160799839068},"spectral_kurtosis":{"dmean":2.21423864365,"dmean2":3.57661366463,"dvar":9.2285900116,"dvar2":22.1831207275,"max":48.7790870667,"mean":5.13999557495,"median":3.90230798721,"min":-1.19715547562,"var":22.2602577209},"spectral_rms":{"dmean":0.000779911119025,"dmean2":0.00117645086721,"dvar":5.60412843242e-7,"dvar2":0.00000133189644203,"max":0.0113898841664,"mean":0.00536422524601,"median":0.00556110171601,"min":2.29751222491e-8,"var":0.00000359377759196},"spectral_rolloff":{"dmean":381.41696167,"dmean2":637.286804199,"dvar":598838,"dvar2":1346903.75,"max":18755.4199219,"mean":932.35748291,"median":387.59765625,"min":107.666015625,"var":1438385.75},"spectral_skewness":{"dmean":0.274200052023,"dmean2":0.424007445574,"dvar":0.0894244164228,"dvar2":0.20470534265,"max":5.60239458084,"mean":1.69353723526,"median":1.60381114483,"min":-0.032580755651,"var":0.347229212523},"spectral_spread":{"dmean":792002.4375,"dmean2":1175650,"dvar":848116187136,"dvar2":1672404402180,"max":40713044,"mean":4803435.5,"median":4775727,"min":1606017.625,"var":2518182526980},"spectral_strongpeak":{"dmean":0.451745957136,"dmean2":0.762928307056,"dvar":0.855255126953,"dvar2":2.27055287361,"max":11.3963537216,"mean":0.853911578655,"median":0.622752189636,"min":0,"var":1.00478518009},"zerocrossingrate":{"dmean":0.00891616754234,"dmean2":0.0106766652316,"dvar":0.0000860939180711,"dvar2":0.000108860629553,"max":0.49462890625,"mean":0.0457088463008,"median":0.03759765625,"min":0.001953125,"var":0.00105310790241}},"metadata":{"audio_properties":{"analysis_sample_rate":44100,"bit_rate":0,"codec":"flac","downmix":"mix","equal_loudness":0,"length":222.373336792,"lossless":true,"md5_encoded":"1c471faacfc0cc463500610b50f358f2","replay_gain":-5.44094657898},"tags":{"album":["Led Zeppelin III"],"albumartist":["Led Zeppelin"],"albumartistsort":["Led Zeppelin"],"albumsort":["Led Zeppelin III (1994-09-23, Led Zeppelin, 9bd8109a-d291-3431-9e60-222370bc850b)"],"arranger":["Charles Obscure"],"artist":["Led Zeppelin"],"artists":["Led Zeppelin"],"artistsort":["Led Zeppelin"],"asin":["B000002J1U"],"barcode":["075678267826"],"catalognumber":["7567-82678-2"],"composer":["[traditional]"],"composersort":["[traditional]"],"date":["1994-09-23"],"discnumber":["1"],"disctotal":["1"],"engineer":["Andrew Johns","Terry Manning"],"file_name":"10 - Led Zeppelin - Hats Off to (Roy) Harper.flac","genre":["Rock"],"label":["Atlantic"],"language":["eng"],"media":["CD"],"musicbrainz_albumartistid":["678d88b2-87b0-403b-b63d-5da7465aecc3"],"musicbrainz_albumid":["9bd8109a-d291-3431-9e60-222370bc850b"],"musicbrainz_artistid":["678d88b2-87b0-403b-b63d-5da7465aecc3"],"musicbrainz_recordingid":["dc7dc185-0f78-4422-841e-0c381826e0f2"],"musicbrainz_releasegroupid":["53f80f76-f8af-3558-bfd5-e7221e055c75"],"musicbrainz_releasetrackid":["61b6890a-9005-4a3d-b107-9bc60c61b702"],"musicbrainz_workid":["cfccf1bd-5e22-38b9-be90-a985ef1a8a9f"],"musicip_puid":["ceeaa22b-7fc4-cde9-772e-ada889fdd69e"],"originaldate":["1970-10-05"],"performer":["John Paul Jones (bass guitar, mandolin, organ and synthesizer)","Robert Plant (vocals)","John Bonham (drums and percussion)","Jimmy Page (acoustic guitar, banjo, electric guitar and steel guitar)","John Paul Jones (background vocals)","Jimmy Page (background vocals)","John Bonham (background vocals)"],"producer":["Jimmy Page","Peter Grant"],"releasecountry":["FR"],"releasestatus":["official"],"releasetype":["album"],"repla