{"lowlevel":{"average_loudness":0.804976344109,"barkbands":{"dmean":[0.00000858732801134,0.000699441297911,0.00147153553553,0.00148837489542,0.00289779505692,0.0019333177479,0.00082027062308,0.000525308481883,0.000507725577336,0.000220048372285,0.000321274303133,0.000351045600837,0.000205970311072,0.000233728205785,0.00019020185573,0.000220946865738,0.000137290451676,0.000124998710817,0.0000753589047235,0.0000825677925604,0.0000263237343461,0.0000273765508609,0.0000231750145758,0.0000113281112135,0.00000510298923473,0.0000012579456552,7.20628179351e-8],"dmean2":[0.0000128229403344,0.00110599771142,0.0024899635464,0.00252386694774,0.00494618993253,0.00321061699651,0.00127221120056,0.000802136259153,0.000766917306464,0.000344749569194,0.000478922884213,0.000533671176527,0.000328798429109,0.000360043282853,0.000287495902739,0.00033861582051,0.000210321246414,0.000188947218703,0.000113559319288,0.000122771103634,0.0000392240399378,0.0000407150655519,0.0000338921672665,0.000015873418306,0.00000709014284439,0.00000191092158275,1.21092696759e-7],"dvar":[8.65874427713e-10,0.0000028176862088,0.0000109338052425,0.00000696519919074,0.0000452286549262,0.000015947740394,0.00000231922604144,0.00000143213583215,0.00000104713410565,2.53072016676e-7,7.15928251793e-7,5.42180202956e-7,2.94513114341e-7,2.31784483162e-7,2.1473138645e-7,2.03458711212e-7,1.17457567228e-7,8.29642843314e-8,2.61545274327e-8,5.49431860009e-8,4.56799753579e-9,8.76770211988e-9,1.99006304769e-8,5.63030644329e-9,7.70069397138e-10,5.55577771288e-11,6.23147963352e-13],"dvar2":[1.83995174652e-9,0.00000663441824145,0.0000288325882138,0.0000180374481715,0.000123538047774,0.0000426117585448,0.00000550546337763,0.00000349945821654,0.00000242713645093,5.77088542286e-7,0.00000162637354606,0.00000118087734791,6.95339338108e-7,5.3111705256e-7,4.58242766399e-7,4.63557142893e-7,2.85739247374e-7,1.84147125992e-7,5.98074834102e-8,1.16906910819e-7,1.05097672787e-8,2.00222025626e-8,3.8926433632e-8,9.7911172503e-9,1.36748190549e-9,1.38216965651e-10,1.79586792486e-12],"max":[0.000567426322959,0.0242394506931,0.0742474123836,0.0665293112397,0.0834420919418,0.0587629489601,0.03463466838,0.0292546954006,0.0269153621048,0.0156413950026,0.0247390456498,0.0211168788373,0.0146874925122,0.0103422449902,0.0130502982065,0.0110804531723,0.00998092722148,0.00593581935391,0.00360484467819,0.00856742076576,0.00118753116112,0.00265547097661,0.00925734452903,0.00556175131351,0.00205670902506,0.000518080429174,0.0000473820509796],"mean":[0.00000898990765563,0.00100387388375,0.00215268321335,0.00214676838368,0.00417691329494,0.00316003058106,0.00171619781759,0.00110744708218,0.00117788638454,0.000462709373096,0.000624843814876,0.000773310137447,0.000363099185051,0.000463433767436,0.000383985927328,0.000457035115687,0.000252427242231,0.000246482726652,0.000146754595335,0.000188819496543,0.0000365627347492,0.0000346765300492,0.0000357931930921,0.0000172349427885,0.00000697382574799,0.00000148377421283,6.30474943364e-8],"median":[6.68588711505e-7,0.000321775267366,0.00112392159645,0.00110503449105,0.00235898606479,0.00159845652524,0.000805812596809,0.000291468692012,0.000396192335756,0.00012989185052,0.000186319026398,0.000355471565854,0.000124124519061,0.000186866498552,0.0000878178834682,0.000133147041197,0.0000589625014982,0.0000526103394805,0.0000298718405247,0.0000245274804911,0.00000528506780029,0.00000157579370352,0.00000114208751256,6.35070875887e-7,2.40839455046e-7,6.38401260744e-8,3.74268260828e-9],"min":[2.66903839622e-25,2.97688081347e-24,1.58820794124e-24,1.62071729357e-24,4.3055614055e-24,9.35320978657e-24,3.45418564012e-24,1.20978122814e-23,1.03000866309e-23,8.77067860655e-24,1.19080462687e-23,2.1879563655e-23,2.45943495742e-23,2.21081203251e-23,3.81640808526e-23,3.76754856515e-23,5.01999651864e-23,8.44961411139e-23,1.05222653605e-22,1.46452165894e-22,1.97616106485e-22,3.04225735333e-22,3.37042424721e-22,5.21208604233e-22,8.67218294854e-22,1.31413372084e-21,1.94473009484e-21],"var":[1.05994701904e-9,0.0000037416386931,0.0000126572558656,0.0000134333731694,0.0000400462377002,0.0000209169065783,0.00000612437315795,0.00000523515700479,0.00000405535456593,8.66010168465e-7,0.00000201838111025,0.00000220931315198,7.13491886017e-7,6.53022709685e-7,8.84309372395e-7,7.43745374621e-7,2.68737068154e-7,2.63822670377e-7,7.39663548188e-8,2.23938926069e-7,7.39615613199e-9,1.54930468454e-8,5.94825202427e-8,1.73429235417e-8,2.27646701489e-9,9.07199107503e-11,3.91988796023e-13]},"barkbands_crest":{"dmean":1.99749040604,"dmean2":3.28685307503,"dvar":3.6235268116,"dvar2":9.6845035553,"max":23.2768306732,"mean":8.76983642578,"median":8.17074775696,"min":2.32753562927,"var":9.95853900909},"barkbands_flatness_db":{"dmean":0.0204227678478,"dmean2":0.028552705422,"dvar":0.000409139960539,"dvar2":0.000771317398176,"max":0.421038001776,"mean":0.197699666023,"median":0.197185918689,"min":0.0321202650666,"var":0.00344159686938},"barkbands_kurtosis":{"dmean":1.79736244678,"dmean2":2.84726405144,"dvar":6.29253959656,"dvar2":14.7525367737,"max":45.7866401672,"mean":2.82078289986,"median":1.59765505791,"min":-1.88847029209,"var":19.5079593658},"barkbands_skewness":{"dmean":0.405956357718,"dmean2":0.627438545227,"dvar":0.177869305015,"dvar2":0.415574342012,"max":5.78461694717,"mean":1.31969821453,"median":1.31144928932,"min":-2.22642803192,"var":0.985045850277},"barkbands_spread":{"dmean":3.22170948982,"dmean2":4.88786649704,"dvar":17.8689155579,"dvar2":36.0035018921,"max":104.721199036,"mean":14.9789962769,"median":12.6531715393,"min":1.07072353363,"var":105.675338745},"dissonance":{"dmean":0.0194068159908,"dmean2":0.0316682085395,"dvar":0.000366266991477,"dvar2":0.000925610016566,"max":0.500000059605,"mean":0.455863028765,"median":0.463287889957,"min":0.20777335763,"var":0.00107209582347},"dynamic_complexity":4.79365062714,"erbbands":{"dmean":[0.0134773030877,0.191295027733,1.25627720356,3.61897492409,7.83251333237,9.70215511322,13.5291538239,15.9167938232,12.2726278305,12.5502099991,10.8343725204,11.7563648224,8.61273670197,6.70472478867,13.5718650818,12.5990467072,9.16321182251,10.075802803,10.6211967468,9.26876735687,11.9410924911,7.44751119614,6.47245502472,4.17671442032,4.0515999794,3.96793961525,1.48476779461,0.914742290974,0.913966715336,0.987407445908,0.651679992676,0.259008347988,0.193926244974,0.0753832384944,0.0264274608344,0.00852697063237,0.00174627488013,0.00025057271705,0.0000132378900162,0.00000829598775454],"dmean2":[0.0212330427021,0.306351870298,2.10074234009,6.05733060837,13.70540905,16.518913269,22.6667938232,26.2369556427,19.5752277374,18.6800327301,15.9239902496,17.5986309052,13.3038024902,10.4448127747,19.9756202698,19.5666637421,14.5689954758,15.6439228058,16.1855640411,13.6845579147,18.3042583466,11.3786859512,9.63827705383,6.25733470917,6.08881568909,5.81597185135,2.1988670826,1.34636807442,1.36542594433,1.43491137028,0.962570607662,0.378701597452,0.274159193039,0.104628503323,0.0376961901784,0.0128320148215,0.00264467508532,0.000382810947485,0.000021082792955,0.0000129538411784],"dvar":[0.00172373245005,0.184672161937,7.73685407639,38.6051750183,447.774932861,418.775634766,564.705627441,1298.00292969,599.652709961,1033.33886719,522.756164551,665.849060059,441.332702637,256.383270264,1165.08703613,676.804077148,482.281951904,432.420959473,621.440429688,419.745025635,719.289550781,342.646575928,191.542007446,93.9302825928,84.903968811,137.813827515,13.1783256531,7.03601455688,11.1286497116,16.0969314575,22.5192985535,2.19415211678,2.02689981461,0.216236248612,0.0196226332337,0.00313368719071,0.0000721702526789,0.00000195242660084,1.36399558315e-8,2.29011254405e-10],"dvar2":[0.00407601799816,0.442562222481,20.18775177,100.285110474,1242.55334473,1152.12658691,1541.01074219,3472.89233398,1485.21875,2588.30004883,1143.57983398,1555.56396484,1056.17224121,638.786804199,2563.97143555,1566.79882812,1169.05810547,1054.29797363,1363.09997559,854.077270508,1636.22290039,825.630187988,412.56048584,217.314163208,187.438171387,293.821075439,28.9136390686,15.7935590744,26.7678203583,34.0074691772,49.4747238159,4.10848236084,3.67161130905,0.348583310843,0.0363210737705,0.00789611879736,0.000159105300554,0.00000474984472021,3.89152070568e-8,5.73080083388e-10],"max":[0.49615380168,6.3935880661,62.1755256653,130.340148926,305.82220459,287.473999023,582.221618652,583.167175293,450.549163818,1071.90039062,456.382598877,786.822875977,784.574279785,661.91204834,1051.83642578,643.294677734,519.910827637,426.311920166,809.646606445,869.003234863,717.625915527,571.809753418,313.68536377,194.939178467,281.948516846,461.708282471,89.1136550903,47.0272979736,119.271629333,191.29888916,330.126678467,93.3677368164,103.280303955,34.7716827393,10.0839977264,3.99873256683,0.554256558418,0.0691215097904,0.00693800905719,0.000199239701033],"mean":[0.0164009705186,0.294824302197,2.00843048096,5.61548948288,9.08511734009,14.4072065353,23.9534816742,25.1630039215,22.7169780731,28.0478916168,24.4706249237,27.3360748291,19.8720207214,14.0265264511,31.4706459045,29.7464199066,18.2869167328,20.5919475555,22.7081851959,21.2471904755,24.8949337006,15.1786556244,13.5273828506,8.36947250366,8.63392162323,9.20018005371,2.77013683319,1.21277880669,1.13985192776,1.35367786884,0.967480480671,0.406584948301,0.280884504318,0.108675852418,0.0357183814049,0.0104472823441,0.00199085962959,0.000266655668383,0.0000204091647902,0.0000249414260907],"median":[0.00461803842336,0.111450597644,1.08914172649,3.17897033691,4.02975225449,7.75059509277,13.1354351044,11.9190092087,10.5930461884,10.3893909454,7.09273719788,10.018155098,5.37500572205,5.67236614227,11.9765892029,13.5624237061,7.55287361145,8.25014972687,8.15965080261,6.53719234467,7.40413618088,4.61281490326,3.40540552139,1.8151204586,1.73202300072,1.20704555511,0.461797177792,0.126492843032,0.0614325106144,0.0482446402311,0.0281044468284,0.0162790417671,0.00865779351443,0.00358577817678,0.00131376949139,0.00042907524039,0.0000950724934228,0.0000153219261847,0.0000101678051578,0.0000208667079278],"min":[9.00264978216e-23,6.72694636713e-22,2.108187527e-21,7.60957372817e-21,6.69653354518e-21,1.67144605905e-20,5.08318513038e-20,6.68469533046e-20,9.55179703762e-20,1.19969855798e-19,2.34226039064e-19,2.7211341851e-19,3.69044174598e-19,7.56673236404e-19,7.34985904911e-19,9.682743606e-19,1.35807257432e-18,1.71002355269e-18,1.53349183624e-18,2.35161575166e-18,3.36758834491e-18,3.74262913951e-18,4.9398957348e-18,5.48018653627e-18,5.95845244028e-18,8.6858191211e-18,8.63550420598e-18,7.89718512509e-18,1.01069633899e-17,1.0764448727e-17,8.30060028265e-18,1.00250981519e-17,7.20894355849e-18,7.43858544014e-18,6.34268527944e-18,3.85569149436e-18,2.21515225049e-18,9.73881817972e-19,2.50010273663e-19,2.57778817934e-20],"var":[0.00181386887562,0.264051020145,10.186955452,66.814125061,346.687835693,420.362915039,1008.48266602,1575.57470703,1136.72851562,2722.02880859,1946.72570801,2496.38183594,1336.83312988,539.768005371,4792.72021484,2468.33349609,1253.95446777,1232.03588867,2602.94067383,1901.88842773,2274.33105469,891.295227051,681.13885498,265.374389648,271.559967041,561.877685547,35.8404388428,11.2497682571,16.6750526428,39.8245162964,55.7986564636,7.13611984253,5.75209379196,0.687955200672,0.0582069605589,0.00517995562404,0.000129071748233,0.0000022152269139,8.8021661071e-9,4.50261855578e-10]},"erbbands_crest":{"dmean":2.10572957993,"dmean2":3.32188558578,"dvar":4.24570989609,"dvar2":10.3987083435,"max":28.2209568024,"mean":8.744556427,"median":7.90341663361,"min":2.45212364197,"var":13.8523797989},"erbbands_flatness_db":{"dmean":0.0176527015865,"dmean2":0.0227452274412,"dvar":0.000354712363333,"dvar2":0.000542666064575,"max":0.365840494633,"mean":0.225409820676,"median":0.232363298535,"min":0.0433966852725,"var":0.00284090172499},"erbbands_kurtosis":{"dmean":0.59753704071,"dmean2":0.928206562996,"dvar":0.784107267857,"dvar2":1.81248795986,"max":19.3054008484,"mean":-0.098549887538,"median":-0.538159966469,"min":-1.72818231583,"var":2.32807445526},"erbbands_skewness":{"dmean":0.301504462957,"dmean2":0.464724361897,"dvar":0.0921125859022,"dvar2":0.212247684598,"max":3.5937769413,"mean":0.17585426569,"median":0.181397348642,"min":-3.25016331673,"var":0.501986861229},"erbbands_spread":{"dmean":5.20742702484,"dmean2":7.45332670212,"dvar":34.9287872314,"dvar2":69.8955459595,"max":120.579307556,"mean":29.4011135101,"median":27.3673706055,"min":4.68328523636,"var":179.704559326},"gfcc":{"cov":[[37233.9101562,3031.51928711,-4937.27050781,2026.46374512,-2076.51293945,-444.367645264,-1110.15002441,96.6214828491,-497.44833374,-323.761108398,-206.688659668,-529.442138672,-183.094207764],[3031.51928711,2322.68823242,-509.030426025,-568.416015625,518.194580078,-251.31427002,8.63857269287,-173.38130188,1.07332110405,-131.944824219,113.022201538,-111.948577881,69.4775924683],[-4937.27050781,-509.030426025,1250.83898926,-224.526016235,190.196731567,301.255096436,94.0538253784,-15.8476924896,47.6713638306,87.7169342041,-18.1462974548,125.621406555,-6.08341836929],[2026.46374512,-568.416015625,-224.526016235,736.279602051,-230.796859741,2.06441926956,-37.929977417,70.4663543701,42.7319526672,2.88215446472,-26.7482242584,-25.5060214996,0.399686783552],[-2076.51293945,518.194580078,190.196731567,-230.796859741,555.726196289,-44.9950942993,104.507400513,-43.4242477417,70.7265701294,-10.4750547409,40.4839706421,9.96310043335,60.1622009277],[-444.367645264,-251.31427002,301.255096436,2.06441926956,-44.9950942993,285.86151123,21.435333252,12.4825763702,-13.9934225082,49.262550354,-41.8570137024,45.7759094238,-22.8617630005],[-1110.15002441,8.63857269287,94.0538253784,-37.929977417,104.507400513,21.435333252,199.609939575,47.8138275146,27.773015976,8.33484554291,42.9949913025,-6.0125041008,11.6408052444],[96.6214828491,-173.38130188,-15.8476924896,70.4663543701,-43.4242477417,12.4825763702,47.8138275146,145.071716309,15.2699203491,22.0418491364,8.56221675873,-25.9741020203,0.77950334549],[-497.44833374,1.07332110405,47.6713638306,42.7319526672,70.7265701294,-13.9934225082,27.773015976,15.2699203491,114.549942017,15.8137531281,6.73818063736,3.49797201157,8.48683071136],[-323.761108398,-131.944824219,87.7169342041,2.88215446472,-10.4750547409,49.262550354,8.33484554291,22.0418491364,15.8137531281,77.0473937988,1.39601838589,12.197725296,-5.37186956406],[-206.688659668,113.022201538,-18.1462974548,-26.7482242584,40.4839706421,-41.8570137024,42.9949913025,8.56221675873,6.73818063736,1.39601838589,87.5935897827,-6.51492643356,14.3538303375],[-529.442138672,-111.948577881,125.621406555,-25.5060214996,9.96310043335,45.7759094238,-6.0125041008,-25.9741020203,3.49797201157,12.197725296,-6.51492643356,108.67313385,-3.1810464859],[-183.094207764,69.4775924683,-6.08341836929,0.399686783552,60.1622009277,-22.8617630005,11.6408052444,0.77950334549,8.48683071136,-5.37186956406,14.3538303375,-3.1810464859,65.87159729]],"icov":[[0.000471515813842,-0.00140038272366,0.000988123356365,-0.00149095465895,0.00144265184645,-0.000924920430407,0.00120259658433,-0.00120694132056,0.00106907309964,-0.000594192766584,0.000871358148288,-0.000498608569615,0.000650947040413],[-0.00140038272366,0.0052567650564,-0.00231440551579,0.00515752891079,-0.00510968081653,0.00238611572422,-0.00323573476635,0.004392078612,-0.00352458003908,0.00270353467204,-0.00358460145071,0.00234633567743,-0.00209824531339],[0.000988123356365,-0.00231440551579,0.00379627197981,-0.00241260137409,0.00222278921865,-0.0034171724692,0.00247590779327,-0.0020007097628,0.00156060757581,-0.00128084491007,0.00127387233078,-0.00142320455052,0.00127107498702],[-0.00149095465895,0.00515752891079,-0.00241260137409,0.00704544782639,-0.0043075713329,0.00237915059552,-0.00348636019044,0.00381438247859,-0.00491076661274,0.00274650333449,-0.00308604026213,0.00218360032886,-0.00288412789814],[0.00144265184645,-0.00510968081653,0.00222278921865,-0.0043075713329,0.0080949626863,-0.00204940559343,0.00218971027061,-0.0032872648444,0.00180255807936,-0.00206605391577,0.00342560978606,-0.00198179669678,-0.0000648140339763],[-0.000924920430407,0.00238611572422,-0.0034171724692,0.00237915059552,-0.00204940559343,0.00800459459424,-0.00355358351953,0.00198204256594,-0.000484338088427,-0.00150293065235,0.00120742188301,-0.000204156021937,-0.000496334047057],[0.00120259658433,-0.00323573476635,0.00247590779327,-0.00348636019044,0.00218971027061,-0.00355358351953,0.0104371225461,-0.00537496525794,0.0019204095006,-0.00033181408071,-0.00135982129723,-0.000613812881056,0.00198347563855],[-0.00120694132056,0.004392078612,-0.0020007097628,0.00381438247859,-0.0032872648444,0.00198204256594,-0.00537496525794,0.012813729234,-0.00375060690567,-0.000188700825674,-0.00293039926328,0.00397984450683,-0.00240814615972],[0.00106907309964,-0.00352458003908,0.00156060757581,-0.00491076661274,0.00180255807936,-0.000484338088427,0.0019204095006,-0.00375060690567,0.0137736164033,-0.00416130106896,0.00280277524143,-0.00188193633221,0.00193803454749],[-0.000594192766584,0.00270353467204,-0.00128084491007,0.00274650333449,-0.00206605391577,-0.00150293065235,-0.00033181408071,-0.000188700825674,-0.00416130106896,0.0180322378874,-0.0037600286305,0.000648604240268,-0.000354514893843],[0.000871358148288,-0.00358460145071,0.00127387233078,-0.00308604026213,0.00342560978606,0.00120742188301,-0.00135982129723,-0.00293039926328,0.00280277524143,-0.0037600286305,0.0171675328165,-0.00189906044398,-0.000595820194576],[-0.000498608569615,0.00234633567743,-0.00142320455052,0.00218360032886,-0.00198179669678,-0.000204156021937,-0.000613812881056,0.00397984450683,-0.00188193633221,0.000648604240268,-0.00189906044398,0.0123800635338,-0.000897802761756],[0.000650947040413,-0.00209824531339,0.00127107498702,-0.00288412789814,-0.0000648140339763,-0.000496334047057,0.00198347563855,-0.00240814615972,0.00193803454749,-0.000354514893843,-0.000595820194576,-0.000897802761756,0.0187111794949]],"mean":[-101.746101379,158.845321655,-135.366867065,11.9541463852,-43.5445594788,-6.71122646332,-38.5044136047,-8.85279273987,-23.3070144653,-9.53153705597,-8.03584003448,-9.79082393646,-7.30204534531]},"hfc":{"dmean":3.63501405716,"dmean2":5.24667596817,"dvar":41.8275527954,"dvar2":92.9360198975,"max":154.798080444,"mean":13.2066869736,"median":9.02781200409,"min":1.0596069165e-16,"var":177.808807373},"melbands":{"dmean":[0.000157436850714,0.000502268085256,0.00068427878432,0.000662932696287,0.00044409011025,0.000355179101462,0.000179516340722,0.000130157030071,0.000088344917458,0.00007209899195,0.0000432403103332,0.0000269634529104,0.0000484265583509,0.0000424014942837,0.00002868253614,0.0000173518910742,0.0000203197960218,0.0000195178909053,0.0000135862856041,0.0000127069033624,0.0000155823654495,0.0000082450451373,0.00000761620094636,0.00000585376301387,0.00000342049634128,0.00000297082715406,0.00000336540142598,0.00000267151358457,0.00000110420864985,6.38581298062e-7,5.14633597959e-7,5.46648436739e-7,5.25221082626e-7,5.53203562959e-7,4.35323642023e-7,2.24152060468e-7,1.42624358546e-7,1.46375569443e-7,1.0359042335e-7,5.61767699025e-8],"dmean2":[0.000248569645919,0.000831683457363,0.00115377816837,0.00115429842845,0.000742998265196,0.000585870991927,0.000284752633888,0.000194994441699,0.000128419196699,0.000108816508146,0.0000672942551319,0.0000422154844273,0.0000715823189239,0.0000636925979052,0.0000437521230197,0.0000278606385109,0.0000316109653795,0.0000296207781503,0.0000205483738682,0.00001911212712,0.0000241598663706,0.0000126183249449,0.0000114446338557,0.00000889930925041,0.00000524566894455,0.00000450733932666,0.00000501557406096,0.00000392864922105,0.000001673397378,9.64353489508e-7,7.71914983488e-7,8.38159621708e-7,7.88773775184e-7,8.24251230824e-7,6.45787736175e-7,3.36824882652e-7,2.12392919252e-7,2.11845602394e-7,1.44793716572e-7,8.10200546653e-8],"dvar":[1.77830202119e-7,0.00000114894714898,0.00000142977785345,0.00000306146102957,5.78348419822e-7,6.21014180524e-7,1.18367530888e-7,1.07955379747e-7,3.28605622713e-8,2.32669670197e-8,1.09157873851e-8,4.1946917051e-9,1.63429252353e-8,7.92581023035e-9,6.59593446528e-9,1.6047367879e-9,1.8811792124e-9,2.13142992145e-9,1.12700904165e-9,7.18698878188e-10,1.2902493518e-9,4.74272621176e-10,3.17630810542e-10,2.07250550055e-10,6.61453947171e-11,4.22189436189e-11,8.43619896163e-11,6.38643929407e-11,8.25473023269e-12,2.89718379495e-12,2.4827388409e-12,4.24672623456e-12,3.60007965279e-12,6.02807474076e-12,1.00891326543e-11,2.56100761258e-12,6.46673795242e-13,1.15042871063e-12,7.56281322289e-13,1.16003289873e-13],"dvar2":[4.16792033775e-7,0.00000294036635751,0.00000375592162527,0.00000845693648444,0.00000159194974003,0.00000165754022419,2.91471081937e-7,2.77257527159e-7,7.07526126575e-8,5.4302489616e-8,2.60780410599e-8,1.06413526879e-8,3.78925975042e-8,1.6925044477e-8,1.55260941881e-8,3.94035026829e-9,4.51494885922e-9,4.56888482603e-9,2.53599563571e-9,1.48459800009e-9,3.00042568568e-9,1.12660247797e-9,7.07479130835e-10,4.82626383302e-10,1.54507948102e-10,9.7161827195e-11,1.78187520294e-10,1.38962161222e-10,1.87094003484e-11,6.55822011281e-12,5.71067498845e-12,1.06154529611e-11,8.15082463329e-12,1.26637589304e-11,2.28840470878e-11,5.53006338638e-12,1.32783996472e-12,2.30458729357e-12,1.39137659727e-12,2.20053941974e-13],"max":[0.00591153651476,0.023016884923,0.0219823457301,0.0223287101835,0.0176818557084,0.011962194927,0.00657065259293,0.0110512841493,0.00323107792065,0.0043013128452,0.00382723519579,0.00260140723549,0.00386722944677,0.00306941638701,0.00324260210618,0.00103899068199,0.000930068548769,0.00126128981356,0.000921744096559,0.0008602963062,0.000798808294348,0.000609381939285,0.000465903343866,0.000306444388116,0.000168532249518,0.000167847334524,0.000342795450706,0.000256926869042,0.0000730904284865,0.0000368781948055,0.0000274178528343,0.0000704500562279,0.0000565164664295,0.000131269960548,0.000222286529606,0.000101164187072,0.0000481344759464,0.0000631014117971,0.0000757341040298,0.000024964192562],"mean":[0.000211316597415,0.000836162245832,0.00105784996413,0.000832132587675,0.000822499161586,0.000570757722016,0.000342926185112,0.000291958480375,0.000198036315851,0.000165949735674,0.0000958701930358,0.0000521234542248,0.000102427409729,0.0000940808749874,0.0000591345160501,0.0000316599471262,0.0000390024652006,0.0000381842037314,0.0000280067433778,0.0000274298163276,0.00002949636837,0.0000143547431435,0.0000148362369146,0.0000106430825326,0.00000622939069217,0.00000569199346501,0.00000707214212525,0.00000592162496105,0.00000195583220375,8.40153518311e-7,6.26974667739e-7,6.38440553757e-7,6.80395316977e-7,7.63520858982e-7,6.13520569459e-7,3.39725460208e-7,2.13062364196e-7,2.07004021036e-7,1.45411604535e-7,7.4995682553e-8],"median":[0.000066283660999,0.000449537415989,0.000625512795523,0.000417205767008,0.000501149101183,0.000280412088614,0.000165796547662,0.00010057372856,0.0000523268972756,0.0000573710422032,0.0000234639392147,0.0000202272531169,0.0000334693540935,0.0000445194236818,0.0000193609921553,0.0000134817528306,0.0000141048931255,0.0000130221069412,0.00000708085917722,0.00000734858622309,0.00000738041489967,0.0000031556387512,0.00000340667111232,0.00000193445430341,0.00000112670625185,0.00000114463114187,0.0000010978701539,6.61519379719e-7,2.90150609317e-7,1.17719189063e-7,4.12213339018e-8,3.19745225852e-8,2.7214117182e-8,2.47911877693e-8,1.62586850649e-8,1.07323172571e-8,8.57724469228e-9,6.23937435051e-9,3.82575082725e-9,2.43583508919e-9],"min":[1.25904537474e-24,1.30560226903e-24,1.96864853734e-24,7.23387126417e-25,1.59226298212e-24,1.62190492367e-24,1.4568713766e-24,1.46205438996e-24,1.68413934377e-24,1.65610657986e-24,1.55491791243e-24,2.19548391292e-24,1.64838570236e-24,2.01169371871e-24,1.53246200069e-24,2.76264966022e-24,2.96892022086e-24,1.52109352897e-24,3.05965046623e-24,3.05874209289e-24,3.16255165207e-24,3.24026372035e-24,3.47688392938e-24,3.95004309476e-24,3.95581755659e-24,3.31601231384e-24,4.56656510789e-24,5.19715329982e-24,4.45646497464e-24,5.08493665276e-24,4.25620908398e-24,4.91107170925e-24,5.68479910687e-24,4.83781769116e-24,4.78236747485e-24,4.72783312604e-24,5.20238581421e-24,4.49067432223e-24,5.56735428416e-24,5.81897566938e-24],"var":[2.08259265833e-7,0.00000162660842307,0.00000225374651563,0.00000234408071265,0.00000100798752101,7.61314311148e-7,2.38205032588e-7,3.07998874405e-7,1.22331513808e-7,9.24748420061e-8,3.35825980358e-8,8.27180368645e-9,5.06129325117e-8,3.49641311459e-8,2.01619734241e-8,3.4602691823e-9,5.14708098365e-9,7.85353915234e-9,3.99798638639e-9,3.31322880243e-9,3.44155060006e-9,1.02423058923e-9,1.04386810307e-9,5.44346456799e-10,1.66907973553e-10,1.15158417524e-10,2.84245543769e-10,2.58378707318e-10,2.22577026254e-11,4.37220008462e-12,3.71566969901e-12,5.29639656785e-12,7.24519055861e-12,1.51877382198e-11,2.27158240135e-11,6.95814890081e-12,1.80913368054e-12,2.96213986499e-12,1.91362702594e-12,2.80127429499e-13]},"melbands_crest":{"dmean":2.74852204323,"dmean2":4.51400470734,"dvar":6.54861688614,"dvar2":17.6291542053,"max":31.8401794434,"mean":12.1513109207,"median":11.4897460938,"min":1.55490136147,"var":21.4180469513},"melbands_flatness_db":{"dmean":0.0251108184457,"dmean2":0.0346168093383,"dvar":0.000683716090862,"dvar2":0.00122050964274,"max":0.568125188351,"mean":0.262516438961,"median":0.260309845209,"min":0.00306186592206,"var":0.00754773942754},"melbands_kurtosis":{"dmean":3.47389316559,"dmean2":5.43943071365,"dvar":25.3546409607,"dvar2":59.9112548828,"max":107.57975769,"mean":7.38734102249,"median":4.97445201874,"min":-1.79629445076,"var":70.6811523438},"melbands_skewness":{"dmean":0.489634662867,"dmean2":0.750554680824,"dvar":0.266336619854,"dvar2":0.61677223444,"max":7.98492622375,"mean":2.09881925583,"median":2.00685858727,"min":-1.06966388226,"var":1.21816062927},"melbands_spread":{"dmean":4.6473326683,"dmean2":7.23368120193,"dvar":58.7444953918,"dvar2":124.669830322,"max":182.931045532,"mean":20.3993911743,"median":14.7213973999,"min":1.16227817535,"var":486.125152588},"mfcc":{"cov":[[13656.7304688,451.626861572,-1053.69470215,1401.8927002,-589.233459473,-354.731628418,-291.273681641,75.4997253418,-237.19078064,266.183013916,-129.754959106,-67.8313064575,-2.60396742821],[451.626861572,3072.33764648,-420.821746826,-192.001586914,354.667877197,-57.6599655151,169.229568481,-83.89402771,-48.5171051025,-52.7968864441,-65.3519210815,30.6811828613,41.2508773804],[-1053.69470215,-420.821746826,761.079040527,-236.392211914,22.2624855042,204.599212646,-17.215713501,21.344745636,35.4137496948,-60.2178573608,38.6587371826,13.2522830963,-25.8436717987],[1401.8927002,-192.001586914,-236.392211914,502.998016357,-17.9087791443,-68.5967788696,-37.9679450989,31.873052597,-11.9015674591,72.4031677246,-24.5413150787,3.20130085945,23.3530635834],[-589.233459473,354.667877197,22.2624855042,-17.9087791443,283.328308105,71.8637084961,18.3836631775,-10.025475502,38.7846946716,-5.26443004608,-11.9480791092,6.24830198288,3.25381278992],[-354.731628418,-57.6599655151,204.599212646,-68.5967788696,71.8637084961,226.737915039,7.21997070312,18.4190444946,35.5047721863,-40.6404685974,33.2224273682,-14.272562027,-6.33985280991],[-291.273681641,169.229568481,-17.215713501,-37.9679450989,18.3836631775,7.21997070312,177.512084961,27.6986522675,15.9919071198,32.3892326355,8.49639892578,4.97470092773,5.5417265892],[75.4997253418,-83.89402771,21.344745636,31.873052597,-10.025475502,18.4190444946,27.6986522675,98.6402816772,25.4002456665,4.4697971344,19.5650310516,9.77071762085,16.5339622498],[-237.19078064,-48.5171051025,35.4137496948,-11.9015674591,38.7846946716,35.5047721863,15.9919071198,25.4002456665,101.359413147,26.9672584534,14.4002408981,9.19297027588,-0.0498515851796],[266.183013916,-52.7968864441,-60.2178573608,72.4031677246,-5.26443004608,-40.6404685974,32.3892326355,4.4697971344,26.9672584534,135.727294922,3.7116291523,5.61889982224,-3.91673541069],[-129.754959106,-65.3519210815,38.6587371826,-24.5413150787,-11.9480791092,33.2224273682,8.49639892578,19.5650310516,14.4002408981,3.7116291523,90.6826629639,15.712313652,-8.27550601959],[-67.8313064575,30.6811828613,13.2522830963,3.20130085945,6.24830198288,-14.272562027,4.97470092773,9.77071762085,9.19297027588,5.61889982224,15.712313652,73.9880447388,21.9858551025],[-2.60396742821,41.2508773804,-25.8436717987,23.3530635834,3.25381278992,-6.33985280991,5.5417265892,16.5339622498,-0.0498515851796,-3.91673541069,-8.27550601959,21.9858551025,76.0864868164]],"icov":[[0.000148634790094,-0.000112690111564,0.0000383301594411,-0.000372838636395,0.000408248452004,-0.000148302715388,0.000286475522444,-0.000203673887881,0.000180895847734,-0.000246365292696,0.000127073202748,0.0000547579329577,0.000172649233718],[-0.000112690111564,0.000603979453444,0.000337249221047,0.000578655977733,-0.000970413850155,0.000146849561133,-0.000649387773592,0.000384804268833,0.000213469538721,0.000407766317949,0.0000670657755109,-0.000332833296852,-0.00025235011708],[0.0000383301594411,0.000337249221047,0.00236682966352,0.000943150254898,-0.0000369332847185,-0.00184844294563,0.00028796098195,-0.000471937149996,0.000310486851959,-0.0000107013074739,0.000516442290973,-0.00122721085791,0.000672488415148],[-0.000372838636395,0.000578655977733,0.000943150254898,0.0039205965586,-0.00142232968938,0.0000578058352403,0.000185038006748,-0.000890887109563,0.000465338554932,-0.0008758562617,0.000491870800033,-0.000542413035873,-0.000798260967713],[0.000408248452004,-0.000970413850155,-0.0000369332847185,-0.00142232968938,0.00624447874725,-0.00215549371205,0.000896262063179,0.000176367073436,-0.00143629766535,-0.000774779939093,0.00140072684735,-0.000435536843725,0.000651221431326],[-0.000148302715388,0.000146849561133,-0.00184844294563,0.0000578058352403,-0.00215549371205,0.00786983501166,-0.0008037899388,-0.0000404406127927,-0.00188783800695,0.00227080634795,-0.00274844304658,0.00280729448423,-0.000909486610908],[0.000286475522444,-0.000649387773592,0.00028796098195,0.000185038006748,0.000896262063179,-0.0008037899388,0.00763058383018,-0.00287405913696,0.000437448412413,-0.00281145889312,0.000222971866606,0.000160524155945,0.000199790549232],[-0.000203673887881,0.000384804268833,-0.000471937149996,-0.000890887109563,0.000176367073436,-0.0000404406127927,-0.00287405913696,0.013636207208,-0.00333668664098,0.00169646937866,-0.00247735017911,-0.000147480983287,-0.00300893909298],[0.000180895847734,0.000213469538721,0.000310486851959,0.000465338554932,-0.00143629766535,-0.00188783800695,0.000437448412413,-0.00333668664098,0.0134091172367,-0.00358194625005,-0.0000906836357899,-0.0014041721588,0.000670709647238],[-0.000246365292696,0.000407766317949,-0.0000107013074739,-0.0008758562617,-0.000774779939093,0.00227080634795,-0.00281145889312,0.00169646937866,-0.00358194625005,0.0105021484196,-0.00110799772665,-0.000170653234818,0.000561229069717],[0.000127073202748,0.0000670657755109,0.000516442290973,0.000491870800033,0.00140072684735,-0.00274844304658,0.000222971866606,-0.00247735017911,-0.0000906836357899,-0.00110799772665,0.0139005705714,-0.00406647333875,0.00285545666702],[0.0000547579329577,-0.000332833296852,-0.00122721085791,-0.000542413035873,-0.000435536843725,0.00280729448423,0.000160524155945,-0.000147480983287,-0.0014041721588,-0.000170653234818,-0.00406647333875,0.0171294528991,-0.00519683258608],[0.000172649233718,-0.00025235011708,0.000672488415148,-0.000798260967713,0.000651221431326,-0.000909486610908,0.000199790549232,-0.00300893909298,0.000670709647238,0.000561229069717,0.00285545666702,-0.00519683258608,0.0161363333464]],"mean":[-720.12677002,182.988220215,-23.9829387665,17.633605957,4.88365983963,-0.929830849171,-3.54055333138,-5.07879018784,-11.9829244614,-2.386698246,-10.1717720032,-3.1213619709,0.859651505947]},"pitch_salience":{"dmean":0.0619608350098,"dmean2":0.101911604404,"dvar":0.00348081067204,"dvar2":0.00956890266389,"max":0.947364628315,"mean":0.605687260628,"median":0.609584391117,"min":0.21598406136,"var":0.00899297464639},"silence_rate_20dB":{"dmean":0,"dmean2":0,"dvar":0,"dvar2":0,"max":1,"mean":1,"median":1,"min":1,"var":0},"silence_rate_30dB":{"dmean":0.000262777553871,"dmean2":0.000525624200236,"dvar":0.000262735120486,"dvar2":0.000788266421296,"max":1,"mean":0.999868631363,"median":1,"min":0,"var":0.000131345092086},"silence_rate_60dB":{"dmean":0.0197083167732,"dmean2":0.0394218116999,"dvar":0.0193187315017,"dvar2":0.0420747697353,"max":1,"mean":0.109563849866,"median":0,"min":0,"var":0.0975509360433},"spectral_centroid":{"dmean":172.425415039,"dmean2":262.577392578,"dvar":83076.25,"dvar2":161163.734375,"max":11780.7783203,"mean":1141.10046387,"median":783.73626709,"min":194.246322632,"var":2525222.75},"spectral_complexity":{"dmean":2.80751538277,"dmean2":4.17634677887,"dvar":12.1870203018,"dvar2":22.265007019,"max":50,"mean":16.2149238586,"median":15,"min":0,"var":75.2031173706},"spectral_contrast_coeffs":{"dmean":[0.0523443371058,0.0419826582074,0.0328835397959,0.0285737421364,0.0238376110792,0.0205821618438],"dmean2":[0.0861368328333,0.0686078593135,0.0519346781075,0.0444569997489,0.036619156599,0.0309835020453],"dvar":[0.00223443773575,0.00126978382468,0.000803006114438,0.000620924402028,0.00045832892647,0.000422140670707],"dvar2":[0.00574594503269,0.00321501516737,0.00189373386092,0.00142646208405,0.0010129964212,0.00087793165585],"max":[-0.270568609238,-0.429694592953,-0.52273619175,-0.566815853119,-0.555268764496,-0.627610146999],"mean":[-0.589786350727,-0.706629872322,-0.758551955223,-0.766114354134,-0.770246267319,-0.77983045578],"median":[-0.586036622524,-0.704578399658,-0.76241928339,-0.768082141876,-0.768449127674,-0.773361086845],"min":[-0.982933938503,-0.978220462799,-0.981796979904,-0.973414003849,-0.967889308929,-0.965423822403],"var":[0.00993745215237,0.00655062310398,0.00479619670659,0.00374139449559,0.00359179661609,0.00332729076035]},"spectral_contrast_valleys":{"dmean":[0.417900711298,0.350298374891,0.305503308773,0.319894939661,0.371365070343,0.38792976737],"dmean2":[0.675126075745,0.54778689146,0.469016551971,0.471886307001,0.485958248377,0.472416967154],"dvar":[0.181712687016,0.167289122939,0.14029635489,0.145924195647,0.214702680707,0.248353421688],"dvar2":[0.372199207544,0.303489506245,0.24518674612,0.249844029546,0.336525648832,0.341892063618],"max":[-5.50237798691,-4.40224647522,-5.03815221786,-5.57668304443,-5.83950710297,-7.40412998199],"mean":[-8.12717151642,-7.27055501938,-7.88795232773,-8.44771766663,-8.99877738953,-12.3656616211],"median":[-7.51648521423,-6.70978975296,-7.3481221199,-7.88614082336,-8.3592414856,-12.1037282944],"min":[-28.2369365692,-28.0662612915,-27.9380702972,-27.8000526428,-27.5465145111,-27.4166908264],"var":[9.84569168091,10.4938907623,9.68588447571,9.4728603363,9.82296848297,6.9809589386]},"spectral_decrease":{"dmean":1.82377946079e-9,"dmean2":2.8944091568e-9,"dvar":1.10491965539e-17,"dvar2":2.82696418966e-17,"max":1.93097876974e-28,"mean":-5.28545829326e-9,"median":-4.49176562611e-9,"min":-3.58152263402e-8,"var":1.99126163156e-17},"spectral_energy":{"dmean":0.00715192779899,"dmean2":0.0113110197708,"dvar":0.000169551654835,"dvar2":0.000432143191574,"max":0.139146327972,"mean":0.0211464725435,"median":0.0178341567516,"min":1.01092497236e-20,"var":0.000316413934343},"spectral_energyband_high":{"dmean":0.000120770506328,"dmean2":0.000170685045305,"dvar":1.32610963988e-7,"dvar2":2.52992009564e-7,"max":0.0192432068288,"mean":0.000218598361243,"median":0.0000254787064478,"min":6.99807561358e-21,"var":4.24243836505e-7},"spectral_energyband_low":{"dmean":0.00238094246015,"dmean2":0.00382606778294,"dvar":0.0000185372737178,"dvar2":0.0000441505253548,"max":0.101055704057,"mean":0.00435384549201,"median":0.00258477265015,"min":1.542493649e-23,"var":0.0000329603753926},"spectral_energyband_middle_high":{"dmean":0.0011354056187,"dmean2":0.00166795065161,"dvar":0.00000342934731634,"dvar2":0.00000771765007812,"max":0.0420580357313,"mean":0.00419727014378,"median":0.00231001479551,"min":1.1031378392e-21,"var":0.0000248683718382},"spectral_energyband_middle_low":{"dmean":0.0058352034539,"dmean2":0.00962307117879,"dvar":0.000134238958708,"dvar2":0.000358945282642,"max":0.126388266683,"mean":0.013654041104,"median":0.0109518822283,"min":1.58033237206e-22,"var":0.000178711503395},"spectral_entropy":{"dmean":0.180656716228,"dmean2":0.24212256074,"dvar":0.0378966033459,"dvar2":0.0648230537772,"max":9.83281326294,"mean":7.01284742355,"median":6.97170877457,"min":4.97823429108,"var":0.442939400673},"spectral_flux":{"dmean":0.0215621832758,"dmean2":0.0333251357079,"dvar":0.000900089391507,"dvar2":0.00189945159946,"max":0.320693820715,"mean":0.0669756084681,"median":0.0585483387113,"min":6.42923561611e-11,"var":0.00224121054634},"spectral_kurtosis":{"dmean":7.13627624512,"dmean2":11.9594097137,"dvar":82.8542251587,"dvar2":212.884918213,"max":134.85559082,"mean":15.0793218613,"median":8.82105255127,"min":-1.2785320282,"var":284.255310059},"spectral_rms":{"dmean":0.000675139774103,"dmean2":0.00102542235982,"dvar":9.5463155958e-7,"dvar2":0.00000224585051001,"max":0.011651288718,"mean":0.00410720240325,"median":0.00417123176157,"min":3.14049090552e-12,"var":0.00000376163143301},"spectral_rolloff":{"dmean":287.265777588,"dmean2":481.926513672,"dvar":378944.09375,"dvar2":757547.1875,"max":19724.4140625,"mean":1530.0020752,"median":990.52734375,"min":21.533203125,"var":8259395.5},"spectral_skewness":{"dmean":0.553681612015,"dmean2":0.894806087017,"dvar":0.357270896435,"dvar2":0.884079873562,"max":9.69025611877,"mean":2.31102180481,"median":1.92452502251,"min":-0.121466524899,"var":1.80608355999},"spectral_spread":{"dmean":413802.4375,"dmean2":564527.125,"dvar":749841481728,"dvar2":1355829870590,"max":42938192,"mean":3449784.75,"median":2309131.25,"min":681601.6875,"var":33921798504400},"spectral_strongpeak":{"dmean":0.431990742683,"dmean2":0.736590921879,"dvar":0.540267705917,"dvar2":1.38027846813,"max":12.9963321686,"mean":0.844847798347,"median":0.485577583313,"min":0,"var":1.05307650566},"zerocrossingrate":{"dmean":0.00611708452925,"dmean2":0.00752286752686,"dvar":0.000148862265632,"dvar2":0.00025010065292,"max":0.5302734375,"mean":0.0515015497804,"median":0.0361328125,"min":0.00537109375,"var":0.00563258863986}},"metadata":{"audio_properties":{"analysis_sample_rate":44100,"bit_rate":160000,"codec":"mp3","downmix":"mix","equal_loudness":0,"length":176.71836853,"lossless":false,"md5_encoded":"0498272c8e9f1afa59e36b70c9d877ba","replay_gain":-9.47891807556,"sample_rate":44100},"tags":{"album":["Lou Reed"],"albumartist":["Lou Reed"],"albumartistsort":["Reed, Lou"],"artist":["Lou Reed"],"artistsort":["Reed, Lou"],"asin":["B00004LCBS"],"barcode":["743217271220"],"catalognumber":["74321 72712 2"],"date":["2000"],"discnumber":["1/1"],"encoding":["Audiograbber 1.83.01, LAME dll 3.93, 160 Kbit/s, Joint Stereo, Normal quality"],"file_name":"Going Down - Lou Reed.mp3","genre":["Blues"],"isrc":["USRC10000335"],"label":["Bertelsmann Music Group"],"media":["CD"],"musicbrainz album release country":["GB"],"musicbrainz album status":["official"],"musicbrainz album type":["album"],"musicbrainz_albumartistid":["9d1ebcfe-4c15-4d18-95d3-d919898638a1"],"musicbrainz_albumid":["a736f812-30a8-3df4-b6b9-7460ef2ccecd"],"musicbrainz_artistid":["9d1ebcfe-4c15-4d18-95d3-d919898638a1"],"musicbrainz_recordingid":["dcd61a3e-1dd8-48d5-93c9-c87cbcbd2302"],"originaldate":["1972"],"script":["Latn"],"title":["Going Down"],"tracknumber":["2/10"]},"version":{"essentia":"2.1-beta2","essentia_build_sha":"70f2e5ece6736b2c40cc944ad0e695b16b925413","essentia_git_sha":"v2.1_beta2","extractor":"music 1.0"}},"rhythm":{"beats_count":474,"beats_loudness":{"dmean":0.0181868523359,"dmean2":0.0333159603179,"dvar":0.000171146195498,"dvar2":0.000564239395317,"max":0.0907319560647,"mean":0.0320855006576,"median":0.0311606526375,"min":0,"var":0.000315050769132},"beats_loudness_band_ratio":{"dmean":[0.200525715947,0.199922844768,0.10443443805,0.066609300673,0.0505875013769,0.0281851626933],"dmean2":[0.347733795643,0.35503128171,0.175008162856,0.118128091097,0.0868150293827,0.052