{"lowlevel":{"average_loudness":0.483376979828,"barkbands":{"dmean":[0.0000697490759194,0.00525316409767,0.00419685291126,0.00207503582351,0.00177946523763,0.000658498844132,0.000534624385182,0.000348283268977,0.000178503003553,0.000241987800109,0.000270408287179,0.00020638910064,0.000272467441391,0.000280264823232,0.000415752845583,0.000122339784866,0.0000872615419212,0.000154395442223,0.0000925383137655,0.000041861738282,0.0000811289719422,0.0000607118163316,0.0000534528080607,0.000102172416518,0.000062216524384,0.0000143960987771,7.47031435822e-7],"dmean2":[0.000105630548205,0.00859550666064,0.00729838386178,0.00342679722235,0.00297899637371,0.00106530205812,0.000847107090522,0.00056230975315,0.000295659381663,0.000384548678994,0.00043715085485,0.000331010087393,0.000423623801908,0.000449042127002,0.000661559868604,0.000196061155293,0.00014098000247,0.000250578887062,0.00014853788889,0.0000685467675794,0.000137598108267,0.000098785465525,0.00008629666263,0.000165226840181,0.000106884479464,0.0000241635334532,0.0000012826086504],"dvar":[4.55764883611e-8,0.000145738013089,0.000119765754789,0.0000233400824072,0.0000124701464301,0.0000018344289856,0.00000156773626259,6.94548020874e-7,2.24218737799e-7,4.26178843327e-7,0.00000102193962448,7.05268405454e-7,6.8527140229e-7,8.71823544912e-7,0.00000233731407207,1.21192755387e-7,5.30615693606e-8,1.7426151544e-7,7.54657136781e-8,1.00698391847e-8,1.62753579502e-7,3.05717264837e-8,3.17666071226e-8,1.78428848585e-7,1.10995109992e-7,4.90385199114e-9,1.26092530514e-11],"dvar2":[1.01441045786e-7,0.000373183982447,0.00033627814264,0.0000600183593633,0.0000321391635225,0.00000448485934612,0.00000375365084437,0.00000178365473857,5.80553091822e-7,0.000001000683028,0.00000257307192442,0.00000181441419045,0.0000016156404854,0.00000209956670005,0.00000558568945053,2.8116025419e-7,1.31654786628e-7,4.48611075399e-7,1.927856772e-7,2.53848337906e-8,4.48638644457e-7,7.79529685246e-8,7.95532457687e-8,4.65782676429e-7,3.12627776111e-7,1.36000268824e-8,3.5196168896e-11],"max":[0.00433728378266,0.187798246741,0.157921552658,0.0860964357853,0.0590090304613,0.023190477863,0.0219868123531,0.0204175189137,0.0156085249037,0.0130690904334,0.0417526513338,0.0371621213853,0.0183687191457,0.027825916186,0.060650896281,0.0122870355844,0.00746559165418,0.00842717662454,0.00694938702509,0.00440212897956,0.0158195868134,0.00408701365814,0.00733418762684,0.009591255337,0.00852039735764,0.00195910129696,0.0000816011743154],"mean":[0.0000861763110152,0.00806921441108,0.00555207766593,0.00284903915599,0.00271664420143,0.00106678635348,0.000880540115759,0.000572896562517,0.000251896621194,0.000362656341167,0.000389848544728,0.000319000158925,0.00042628418305,0.00042800133815,0.000714836234692,0.000196024426259,0.000140826232382,0.000271404656814,0.000154888257384,0.0000762498821132,0.000107550426037,0.000095888353826,0.0000824844100862,0.00012126598449,0.0000626676555839,0.0000142908456837,7.37347306767e-7],"median":[0.00000336026960213,0.00131301686633,0.000967593165115,0.000421412754804,0.000710502150469,0.000229809957091,0.000103018915979,0.0000634463503957,0.0000645186009933,0.0000389197230106,0.0000256694529526,0.0000272557535936,0.0000262900557573,0.0000238244174398,0.0000230495516007,0.0000202647661354,0.0000135555446832,0.000014128406292,0.0000139202020364,0.0000105192621049,0.0000110469854917,0.0000116255514513,0.00000634918433207,0.00000577721220907,0.00000260243359662,7.34466425456e-7,1.34941274155e-7],"min":[9.54297185504e-24,4.06639305742e-23,3.57138473266e-24,1.82372697933e-23,2.48877127454e-23,2.12947274234e-23,5.54043203919e-23,3.19150560831e-23,5.51552675378e-23,5.15785658826e-23,5.46663567923e-23,5.26003111488e-23,7.4200654331e-23,5.28536459399e-23,7.65228651985e-23,5.03406885056e-23,1.79143041434e-22,1.12479700617e-22,2.01850068113e-22,3.13400124552e-22,3.26904009611e-22,4.47297815264e-22,5.03636367849e-22,7.58896206752e-22,1.23519219548e-21,1.32320827182e-21,2.27527578931e-21],"var":[6.69513653406e-8,0.000217409833567,0.000122321740491,0.0000374875817215,0.0000218261884584,0.00000424167501478,0.00000394503740608,0.0000015448213162,3.21852979823e-7,8.35163689317e-7,0.00000141556540711,0.000001290808882,0.00000150232597207,0.00000179298831426,0.0000059397775658,2.83443455373e-7,1.1675538758e-7,3.9838317889e-7,1.38679908446e-7,3.33705365563e-8,1.50960346446e-7,5.9805202568e-8,7.0422153442e-8,1.70995278381e-7,7.60126255273e-8,3.48081985457e-9,8.47528991432e-12]},"barkbands_crest":{"dmean":2.96362090111,"dmean2":4.84519767761,"dvar":7.16729211807,"dvar2":18.6960945129,"max":26.9146957397,"mean":12.2656030655,"median":11.8099012375,"min":2.83339834213,"var":22.055562973},"barkbands_flatness_db":{"dmean":0.0337490178645,"dmean2":0.0534129440784,"dvar":0.00123780220747,"dvar2":0.00302843516693,"max":0.653323173523,"mean":0.182764753699,"median":0.175641641021,"min":0.0229071769863,"var":0.00507315387949},"barkbands_kurtosis":{"dmean":14.2538747787,"dmean2":23.80834198,"dvar":23572.3203125,"dvar2":68850.2578125,"max":11174.2539062,"mean":21.8243217468,"median":9.34511089325,"min":-1.96664297581,"var":13648.2128906},"barkbands_skewness":{"dmean":0.976806402206,"dmean2":1.51704132557,"dvar":2.76861071587,"dvar2":7.00443315506,"max":101.243179321,"mean":2.87982487679,"median":2.48978376389,"min":-3.59024572372,"var":6.61321306229},"barkbands_spread":{"dmean":5.56880140305,"dmean2":9.02143287659,"dvar":74.0526733398,"dvar2":171.632751465,"max":116.037849426,"mean":15.0367717743,"median":9.21024894714,"min":0.0448179990053,"var":270.28024292},"dissonance":{"dmean":0.0219504442066,"dmean2":0.0370437204838,"dvar":0.000505844363943,"dvar2":0.00138232705649,"max":0.500000119209,"mean":0.457775443792,"median":0.466902136803,"min":0.206261500716,"var":0.00126830581576},"dynamic_complexity":8.09610271454,"erbbands":{"dmean":[0.105297327042,1.41187226772,4.8039393425,5.42288732529,7.51043796539,4.94268846512,5.43425559998,5.31432962418,7.93828201294,6.52400875092,6.86201238632,4.6395778656,4.2155380249,11.3239498138,8.48142337799,9.85288143158,12.9804143906,13.296046257,21.9444408417,12.4401292801,6.58551549911,4.21159505844,8.98131942749,5.70936441422,3.40175700188,2.13002490997,2.76893496513,3.22832322121,1.94935822487,2.13536930084,1.63424098492,2.60327506065,1.17802894115,0.874422669411,0.342644393444,0.101225785911,0.0195979531854,0.00276200077496,0.000136091388413,0.0000168695387401],"dmean2":[0.164714112878,2.3586037159,8.33029460907,8.99530506134,12.553902626,8.38752365112,9.1023683548,8.4828710556,12.2591533661,10.6578779221,11.0739927292,7.59897851944,6.93644762039,18.161157608,13.4544820786,15.6939601898,19.9052219391,21.0676002502,34.9995422363,20.0468978882,10.5604610443,6.78105640411,14.6294183731,9.14032363892,5.41266393661,3.45247888565,4.63137102127,5.50972127914,3.18117809296,3.46552824974,2.64860081673,4.16610383987,1.94704699516,1.51188385487,0.585183382034,0.173492833972,0.0331433713436,0.00445823837072,0.000225172756473,0.0000271239478025],"dvar":[0.0779902786016,10.6662502289,157.937759399,152.07182312,268.167022705,120.030082703,156.021606445,122.007034302,336.540374756,256.46295166,299.408721924,139.816345215,86.8792953491,1825.20544434,606.665344238,1762.11865234,1571.05895996,1948.4251709,7163.42431641,1533.39111328,318.68927002,93.8413009644,622.583679199,234.818023682,104.368057251,26.999584198,75.4614562988,400.205963135,32.7927398682,41.401927948,31.9160614014,109.744598389,25.1873397827,23.1620807648,2.98685288429,0.264738678932,0.00922037940472,0.000120818731375,3.03235395904e-7,1.17473719641e-9],"dvar2":[0.181804895401,28.263004303,443.170166016,387.008209229,700.858276367,327.445037842,410.056732178,288.083953857,749.265441895,650.635192871,774.503601074,354.840942383,221.196273804,4620.08398438,1456.42565918,4515.44482422,3646.11328125,4477.19580078,17506.734375,3798.70849609,729.73651123,233.162734985,1625.57873535,606.19519043,252.273895264,68.2535629272,193.946304321,1125.75219727,83.7331390381,104.438140869,81.7112045288,281.144256592,67.9600067139,65.0497589111,8.41314983368,0.745581507683,0.0255384016782,0.000310305709718,8.1178700384e-7,2.99676528037e-9],"max":[6.07849025726,46.0329971313,173.169006348,212.062698364,264.783630371,252.15687561,295.815155029,223.745758057,354.524261475,371.381988525,581.88684082,361.014129639,175.69744873,1337.58874512,539.790527344,1916.77954102,988.078918457,1282.19140625,2431.38574219,1574.94494629,791.444702148,193.309860229,491.842285156,443.519561768,260.549713135,204.350479126,229.055328369,880.485046387,130.949630737,154.490600586,198.195297241,209.405136108,115.633232117,117.175796509,44.7236061096,15.866692543,2.56442642212,0.210738107562,0.0109472759068,0.000650751404464],"mean":[0.148479744792,2.09563589096,6.67327690125,8.2621717453,10.2478656769,7.27650547028,7.90342187881,8.79262638092,14.1470146179,10.6236915588,11.6376724243,6.98166179657,6.44400978088,16.5496368408,13.9246044159,16.5113773346,21.810092926,21.6949634552,36.8504104614,21.6574249268,11.5150432587,7.9064245224,15.3965806961,10.1601133347,5.98661756516,3.92574858665,4.12772130966,4.05918693542,3.03564524651,3.25039958954,2.4093401432,3.09206914902,1.42434620857,0.867396593094,0.350335836411,0.100266464055,0.0191576629877,0.0027888470795,0.000151406085934,0.0000361428392353],"median":[0.0204395446926,0.34413293004,1.24349069595,1.49338924885,1.94240379333,1.78869140148,2.65960073471,1.52888524532,1.60011768341,1.57842206955,1.50522184372,1.84056019783,1.30973744392,1.35968804359,1.06776928902,1.18107497692,1.30109238625,1.30919504166,1.34245097637,1.02397227287,1.15618848801,0.839013338089,0.806170225143,0.746358275414,0.630185306072,0.525533080101,0.474103599787,0.41367071867,0.395479112864,0.297582030296,0.176097244024,0.141147747636,0.0757351741195,0.0352264866233,0.0151742091402,0.00457450188696,0.00100707961246,0.000181787865586,0.0000334933356498,0.0000171928768395],"min":[2.06135367548e-21,6.13255752224e-21,5.83219483245e-21,4.88690551078e-20,5.20002600749e-20,7.72547013305e-20,1.18868826704e-19,3.04538459082e-19,4.53729245501e-19,6.30061663124e-19,1.15447106212e-18,1.32597889713e-18,1.07437898912e-18,2.02349491616e-18,2.09613688357e-18,2.40364024232e-18,3.10523767389e-18,3.906743841e-18,4.69202940988e-18,3.60801335304e-18,6.09711479431e-18,1.21125661827e-17,6.96612055377e-18,8.49122570918e-18,1.37996953405e-17,1.53156262358e-17,1.23439914657e-17,1.32768204133e-17,1.35215145005e-17,1.17761882235e-17,1.53080525701e-17,1.42832171502e-17,1.30920754137e-17,1.02950642612e-17,8.79845630511e-18,3.80835608381e-18,3.02450691405e-18,1.13100518892e-18,3.55402725526e-19,3.10454939499e-20],"var":[0.112180151045,14.614771843,161.04927063,280.880462646,363.897827148,183.385070801,229.537811279,319.25579834,1047.45715332,514.096374512,697.497619629,232.076751709,152.941650391,2356.06518555,1346.17407227,3310.31396484,3757.78833008,4317.90136719,16464.3554688,4018.79101562,872.656860352,260.166107178,1329.20532227,566.472839355,197.158584595,88.0165481567,140.150268555,303.406555176,61.4138870239,84.0916442871,58.4839706421,110.274230957,24.1461048126,15.7415533066,2.09731149673,0.182259827852,0.00654292479157,0.000104737970105,2.38791102447e-7,2.27686269838e-9]},"erbbands_crest":{"dmean":2.95003581047,"dmean2":4.88481283188,"dvar":7.7711224556,"dvar2":19.796585083,"max":29.7608013153,"mean":9.19056606293,"median":7.90822172165,"min":2.10182714462,"var":22.7701148987},"erbbands_flatness_db":{"dmean":0.0215065348893,"dmean2":0.0330600179732,"dvar":0.000444268225692,"dvar2":0.00104137230664,"max":0.398770332336,"mean":0.150269836187,"median":0.143025234342,"min":0.0357638671994,"var":0.0026589310728},"erbbands_kurtosis":{"dmean":2.05314850807,"dmean2":3.27067017555,"dvar":22.500377655,"dvar2":49.7387161255,"max":150.027801514,"mean":2.45182704926,"median":0.561959981918,"min":-1.88730490208,"var":49.8743553162},"erbbands_skewness":{"dmean":0.478754818439,"dmean2":0.762271344662,"dvar":0.270291537046,"dvar2":0.632573544979,"max":8.81452274323,"mean":0.745694577694,"median":0.682726204395,"min":-6.19087457657,"var":1.42671823502},"erbbands_spread":{"dmean":10.4949817657,"dmean2":16.3825492859,"dvar":146.317550659,"dvar2":343.951782227,"max":185.841873169,"mean":39.9358024597,"median":35.1741142273,"min":1.11606371403,"var":623.178344727},"gfcc":{"cov":[[22461.4199219,-188.968353271,-3728.92626953,2167.53662109,-495.938842773,631.250732422,-804.887268066,-23.8547058105,-239.370544434,-163.566329956,-230.184616089,-555.786743164,-539.138549805],[-188.968353271,1911.81054688,310.594787598,-488.704620361,362.267364502,-202.978057861,184.354812622,-139.466827393,71.681098938,-74.0009078979,46.1742973328,-57.7739524841,82.9449386597],[-3728.92626953,310.594787598,1784.39672852,-276.693756104,35.4720726013,92.828742981,79.2343215942,59.8293190002,-30.9351940155,-15.5011129379,-52.5992546082,68.9618988037,94.9338989258],[2167.53662109,-488.704620361,-276.693756104,803.565307617,76.0428771973,233.07635498,-6.81123638153,58.1839752197,8.4314250946,-30.1797122955,-33.1855888367,-105.399398804,-79.7900466919],[-495.938842773,362.267364502,35.4720726013,76.0428771973,407.411804199,37.4954376221,174.533569336,6.13120603561,76.961265564,1.46313512325,47.2950782776,-24.7044715881,7.89145803452],[631.250732422,-202.978057861,92.828742981,233.07635498,37.4954376221,222.760604858,34.039981842,68.2400588989,9.44046783447,-5.48543310165,-19.9422073364,-34.3989601135,-37.433631897],[-804.887268066,184.354812622,79.2343215942,-6.81123638153,174.533569336,34.039981842,205.277175903,42.2202148438,73.3417053223,5.90589189529,32.1555328369,-0.95070463419,16.8503246307],[-23.8547058105,-139.466827393,59.8293190002,58.1839752197,6.13120603561,68.2400588989,42.2202148438,101.658966064,36.779094696,21.6593875885,-1.36748218536,1.96503937244,-9.70754909515],[-239.370544434,71.681098938,-30.9351940155,8.4314250946,76.961265564,9.44046783447,73.3417053223,36.779094696,112.842506409,38.4674873352,45.1572380066,5.80192708969,0.447158336639],[-163.566329956,-74.0009078979,-15.5011129379,-30.1797122955,1.46313512325,-5.48543310165,5.90589189529,21.6593875885,38.4674873352,77.5977554321,35.8474845886,23.7128639221,5.63050127029],[-230.184616089,46.1742973328,-52.5992546082,-33.1855888367,47.2950782776,-19.9422073364,32.1555328369,-1.36748218536,45.1572380066,35.8474845886,79.3118133545,38.0788536072,11.9105806351],[-555.786743164,-57.7739524841,68.9618988037,-105.399398804,-24.7044715881,-34.3989601135,-0.95070463419,1.96503937244,5.80192708969,23.7128639221,38.0788536072,81.7936935425,42.4643211365],[-539.138549805,82.9449386597,94.9338989258,-79.7900466919,7.89145803452,-37.433631897,16.8503246307,-9.70754909515,0.447158336639,5.63050127029,11.9105806351,42.4643211365,73.1611862183]],"icov":[[0.000392453512177,-0.00102073315065,0.000885205285158,-0.0010198391974,0.000671040441375,-0.00135829229839,0.00139253132511,-0.000907324254513,0.000820420274977,-0.000849714677315,0.000951212190557,-0.00136269198265,0.00127639283892],[-0.00102073315065,0.00406096503139,-0.00252599664964,0.0036274115555,-0.00261047133245,0.00391214713454,-0.00361453788355,0.00337037700228,-0.00303509249352,0.00388235063292,-0.00409206142649,0.00709197716787,-0.00505962362513],[0.000885205285158,-0.00252599664964,0.00280461995862,-0.00203851982951,0.00146798812784,-0.0039002019912,0.00305787310936,-0.00246247299947,0.00215607183054,-0.00210659718141,0.00327436649241,-0.00415988685563,0.00236997311004],[-0.0010198391974,0.0036274115555,-0.00203851982951,0.00570332072675,-0.00281088217162,0.00143133162055,-0.00262861093506,0.00245131319389,-0.00285644968972,0.00406930455938,-0.00415870221332,0.00792709644884,-0.00501614715904],[0.000671040441375,-0.00261047133245,0.00146798812784,-0.00281088217162,0.00627667782828,-0.00270071718842,-0.0011262599146,-0.000482288916828,0.0012812219793,-0.00221597170457,0.000272129225777,-0.0022585557308,0.00250001507811],[-0.00135829229839,0.00391214713454,-0.0039002019912,0.00143133162055,-0.00270071718842,0.013924812898,-0.0058725727722,-0.000596054363996,-0.00185250770301,0.00329373776913,-0.00349668366835,0.00549283949658,-0.00199443101883],[0.00139253132511,-0.00361453788355,0.00305787310936,-0.00262861093506,-0.0011262599146,-0.0058725727722,0.0155215570703,-0.00682842964306,-0.00073829368921,-0.000136375922011,0.00153614347801,-0.00301490118727,0.00167568412144],[-0.000907324254513,0.00337037700228,-0.00246247299947,0.00245131319389,-0.000482288916828,-0.000596054363996,-0.00682842964306,0.0203729011118,-0.00744787743315,-0.00110211630818,0.00259402231313,0.000853788573295,-0.00140316190664],[0.000820420274977,-0.00303509249352,0.00215607183054,-0.00285644968972,0.0012812219793,-0.00185250770301,-0.00073829368921,-0.00744787743315,0.0199726372957,-0.00752546498552,-0.00458116363734,-0.00126387795899,0.00360605795868],[-0.000849714677315,0.00388235063292,-0.00210659718141,0.00406930455938,-0.00221597170457,0.00329373776913,-0.000136375922011,-0.00110211630818,-0.00752546498552,0.0238077938557,-0.0108778709546,0.00616352306679,-0.0052750329487],[0.000951212190557,-0.00409206142649,0.00327436649241,-0.00415870221332,0.000272129225777,-0.00349668366835,0.00153614347801,0.00259402231313,-0.00458116363734,-0.0108778709546,0.0338450521231,-0.0234503615648,0.0100028635934],[-0.00136269198265,0.00709197716787,-0.00415988685563,0.00792709644884,-0.0022585557308,0.00549283949658,-0.00301490118727,0.000853788573295,-0.00126387795899,0.00616352306679,-0.0234503615648,0.0441449433565,-0.0224489457905],[0.00127639283892,-0.00505962362513,0.00236997311004,-0.00501614715904,0.00250001507811,-0.00199443101883,0.00167568412144,-0.00140316190664,0.00360605795868,-0.0052750329487,0.0100028635934,-0.0224489457905,0.0301878191531]],"mean":[-103.232078552,102.260658264,-84.4618835449,29.428396225,-48.4898262024,18.1531639099,-35.6718635559,4.491086483,-19.8340129852,0.982771754265,-13.1068067551,-1.8304284811,-10.2569894791]},"hfc":{"dmean":5.43749666214,"dmean2":8.51991081238,"dvar":173.623153687,"dvar2":437.146087646,"max":276.945678711,"mean":13.0877799988,"median":3.66403603554,"min":1.18146153951e-16,"var":458.676513672},"melbands":{"dmean":[0.00118610064965,0.0022553044837,0.000998125644401,0.000448022299679,0.000183297888725,0.00012223063095,0.00011943388381,0.0000723658158677,0.0000515754290973,0.000027598844099,0.0000216251428355,0.0000461915697088,0.0000330799593939,0.0000225362055062,0.0000272428478638,0.0000255392715189,0.0000265826292889,0.0000348462817783,0.0000272450815828,0.000010286214092,0.00000851573531691,0.00000438152983406,0.00000834283036966,0.00000708926381776,0.00000500828218719,0.00000297025940199,0.00000187254909179,0.0000014020066601,0.00000143677686992,0.00000230304681281,0.00000173380021806,0.00000102352998965,0.00000147098137404,0.00000110453254365,8.92706225386e-7,0.00000139103735819,0.00000163901961514,7.76663625857e-7,8.64100115905e-7,7.25305369542e-7],"dmean2":[0.00191310606897,0.00385570619255,0.00165240827482,0.000751365791075,0.000307517650072,0.000194275198737,0.00018504462787,0.000118202988233,0.0000830993740237,0.0000456053676317,0.0000356934870069,0.0000739160677767,0.0000528243799636,0.0000358800461981,0.0000431721382483,0.0000394210110244,0.0000421142758569,0.0000556781960768,0.0000432927845395,0.0000166233730852,0.0000137179367812,0.00000711429629519,0.0000137473607538,0.0000114520707939,0.00000815162366052,0.00000481638880956,0.00000298666782328,0.00000232561569646,0.00000239329278884,0.00000391653748011,0.00000295973541142,0.00000170252008047,0.00000239937821789,0.00000180266931693,0.00000146769775711,0.00000226587167163,0.00000263909282694,0.00000128405747546,0.00000148736921801,0.00000126880684093],"dvar":[0.00000801269197837,0.0000317180383718,0.00000452616541224,8.29523628454e-7,1.65060995982e-7,6.39547508285e-8,7.49738546801e-8,2.9826527026e-8,1.65525850804e-8,5.9115561335e-9,2.37375608059e-9,2.83682179969e-8,1.14241496263e-8,7.81063391742e-9,7.65014629422e-9,5.78318903877e-9,8.67853877651e-9,1.77139209967e-8,1.00564658823e-8,9.55428181015e-10,5.91040105746e-10,1.20123230807e-10,5.64204238884e-10,3.84591747338e-10,2.0368740028e-10,1.11879172593e-10,2.23392346288e-11,1.34682490854e-11,1.56340392021e-11,1.4810171145e-10,8.7874943433e-11,8.33271993073e-12,2.4469658938e-11,1.24538929516e-11,9.80018583646e-12,2.99507675605e-11,4.53690557345e-11,1.00537191419e-11,2.48043408729e-11,1.80742972672e-11],"dvar2":[0.0000195811971935,0.0000877014972502,0.0000118294683489,0.00000214330293602,4.43459271082e-7,1.4912751567e-7,1.70577138192e-7,7.53221414129e-8,4.33393125832e-8,1.5210128268e-8,6.06827832428e-9,7.11533232334e-8,2.79246883395e-8,2.02720489284e-8,1.89709936649e-8,1.34433877363e-8,1.91672473449e-8,4.37633964623e-8,2.29002701246e-8,2.30396945966e-9,1.31721999974e-9,2.99558183814e-10,1.4657263181e-9,9.91030035813e-10,5.4239074343e-10,2.88400164861e-10,5.18058339283e-11,3.47703324466e-11,3.96382128509e-11,4.07620770471e-10,2.47631692929e-10,2.21165776665e-11,6.29348309578e-11,3.1318812127e-11,2.52957273184e-11,7.7449213709e-11,1.1686027146e-10,2.72873321161e-11,6.89560422651e-11,5.13102615951e-11],"max":[0.0541140213609,0.0727333799005,0.0332028977573,0.0140813942999,0.00847613066435,0.00451409351081,0.00541816744953,0.00442386977375,0.00481970515102,0.00265209004283,0.00090109615121,0.00494298757985,0.00328709650785,0.00347312376834,0.00271784048527,0.00190398888662,0.00265426747501,0.00415733736008,0.00582753913477,0.00130208092742,0.00101856864057,0.000318576669088,0.000524135597516,0.000551908451598,0.000455366709502,0.00036945354077,0.000142754724948,0.000146423612023,0.000148505394463,0.000455966219306,0.000406709237723,0.0000656909614918,0.000129360429128,0.000136264949106,0.000142650009366,0.000139724535984,0.00018075783737,0.000106753403088,0.000162170588737,0.000122859419207],"mean":[0.0017848421121,0.00336378067732,0.00152333232109,0.000650405185297,0.000272600998869,0.000203193048947,0.000210659447475,0.000116966446512,0.0000881447995198,0.000038638128899,0.0000311023031827,0.0000662742022541,0.0000502633338328,0.0000361947968486,0.0000462219286419,0.0000408008672821,0.0000396771320084,0.0000551297744096,0.000046064677008,0.0000159883275046,0.0000136045418913,0.00000720913976693,0.0000131694459924,0.0000121038283396,0.00000808365894045,0.00000449087747256,0.00000338498989549,0.00000238761731453,0.00000219724597628,0.00000282934729512,0.00000219811931856,0.0000015721748241,0.00000206006211556,0.00000165965172982,0.00000131168644657,0.00000170554585566,0.00000189518902971,9.65489334703e-7,8.86435088887e-7,6.85579834681e-7],"median":[0.00029064854607,0.000718879920896,0.000316662393743,0.000126980434288,0.00009531089745,0.0000351642120222,0.0000236882333411,0.0000167126236192,0.0000121214516184,0.0000100206489151,0.00000583290511713,0.00000544717931916,0.00000356664895662,0.00000289885883831,0.00000309792744702,0.00000250261427936,0.00000227242776418,0.00000208263440982,0.00000156794362738,0.0000011617086102,0.00000127679015804,8.08754748505e-7,7.19409058547e-7,6.7063183451e-7,5.84061808695e-7,4.60079689901e-7,3.89129326095e-7,3.10053366093e-7,2.83635216647e-7,2.64277588258e-7,2.22149481033e-7,2.07545426179e-7,1.9512086169e-7,1.38115211712e-7,9.00552450389e-8,8.82758754983e-8,8.18923737711e-8,5.35221715836e-8,3.60737821836e-8,2.61864361306e-8],"min":[1.66585587513e-23,4.10329431396e-24,9.11258748895e-24,4.11791230096e-24,5.16327921812e-24,6.04889982983e-24,8.00546775127e-24,5.90113947696e-24,8.90472500701e-24,8.74415315861e-24,4.77903611524e-24,7.7618761812e-24,7.48621189332e-24,5.24072405977e-24,7.39495330836e-24,5.0992805106e-24,5.93744088367e-24,7.18105998479e-24,5.40624482706e-24,2.725072271e-24,7.60365908261e-24,1.28905133615e-23,7.02811642135e-24,5.71057474252e-24,6.58094233419e-24,8.80243499115e-24,1.10255073421e-23,9.56840394176e-24,7.81494995405e-24,8.83840073754e-24,6.81527859368e-24,8.04120315027e-24,8.66142216004e-24,5.87379637469e-24,8.69047275173e-24,6.95208521845e-24,9.1038674205e-24,1.02577366332e-23,7.31379924273e-24,7.76172235333e-24],"var":[0.0000119676697068,0.0000358366160071,0.00000739777169656,0.00000138199425237,2.38815175635e-7,1.74224567218e-7,2.25416556532e-7,6.17317965634e-8,3.97395290008e-8,8.3536342288e-9,3.87770260346e-9,3.81606106714e-8,2.10007051749e-8,1.4085795641e-8,1.65307429967e-8,1.31651445301e-8,1.81941146593e-8,3.78551163749e-8,2.70109286049e-8,1.89524840266e-9,1.48576195791e-9,2.72691119685e-10,1.03598840617e-9,8.22454604421e-10,4.16463946662e-10,1.41149203436e-10,5.83143949795e-11,3.84795771635e-11,3.63579860663e-11,1.27805058203e-10,7.17464421207e-11,1.61013702371e-11,3.54785992251e-11,2.53702978764e-11,2.02695187024e-11,3.22733263725e-11,4.39519948214e-11,1.04629699002e-11,1.75102224387e-11,1.16108078013e-11]},"melbands_crest":{"dmean":3.70416331291,"dmean2":6.01047849655,"dvar":10.7996644974,"dvar2":26.5834388733,"max":39.9953308105,"mean":17.3057861328,"median":17.0927753448,"min":2.04474830627,"var":36.1879844666},"melbands_flatness_db":{"dmean":0.0415669456124,"dmean2":0.0655866712332,"dvar":0.00194292631932,"dvar2":0.00465452671051,"max":0.633632779121,"mean":0.27060058713,"median":0.269382476807,"min":0.00465458026156,"var":0.0102786859497},"melbands_kurtosis":{"dmean":23.3453521729,"dmean2":38.030456543,"dvar":48693.0546875,"dvar2":143269.46875,"max":16060.8759766,"mean":40.859992981,"median":18.1971244812,"min":-1.93486487865,"var":28310.6855469},"melbands_skewness":{"dmean":1.14465534687,"dmean2":1.7663564682,"dvar":3.95857620239,"dvar2":10.2152023315,"max":122.306587219,"mean":3.90359282494,"median":3.34768152237,"min":-1.71915125847,"var":9.19609165192},"melbands_spread":{"dmean":6.01594734192,"dmean2":9.73424911499,"dvar":166.645797729,"dvar2":387.2996521,"max":287.810974121,"mean":16.0405273438,"median":7.45238351822,"min":0.0539248287678,"var":672.437011719},"mfcc":{"cov":[[22632.1542969,-1994.66894531,-2802.40356445,634.78729248,373.960510254,288.601654053,-273.761138916,-6.46061468124,-299.894165039,93.7829055786,72.0991210938,24.1203289032,-201.737182617],[-1994.66894531,2361.87109375,153.422439575,-165.522598267,-0.139810651541,-37.5306282043,47.3592681885,-46.7734642029,51.8901329041,-56.3876190186,-19.1755123138,-22.7093677521,27.1192779541],[-2802.40356445,153.422439575,1330.03747559,-68.7393264771,67.6191253662,7.66389083862,81.9808578491,46.3553314209,72.5941925049,12.8017692566,-71.4178390503,-45.6567153931,-16.0481262207],[634.78729248,-165.522598267,-68.7393264771,325.662384033,142.075500488,121.968017578,75.1623077393,60.8099098206,42.0904312134,47.5527763367,29.0076179504,13.159743309,3.54608201981],[373.960510254,-0.139810651541,67.6191253662,142.075500488,211.562759399,113.851409912,72.3912353516,56.209274292,33.3391952515,43.7290000916,17.7754611969,14.231171608,4.08281421661],[288.601654053,-37.5306282043,7.66389083862,121.968017578,113.851409912,153.180984497,86.9123458862,60.5345535278,40.3800239563,43.0947532654,24.107667923,18.33710289,13.4272613525],[-273.761138916,47.3592681885,81.9808578491,75.1623077393,72.3912353516,86.9123458862,128.746917725,70.6440658569,55.2699432373,28.8522758484,18.6890220642,8.98298835754,11.7359466553],[-6.46061468124,-46.7734642029,46.3553314209,60.8099098206,56.209274292,60.5345535278,70.6440658569,112.562042236,54.3061332703,42.3020210266,19.2239170074,20.7996921539,12.7675294876],[-299.894165039,51.8901329041,72.5941925049,42.0904312134,33.3391952515,40.3800239563,55.2699432373,54.3061332703,97.524810791,42.6047019958,18.6683998108,9.58903503418,16.7370223999],[93.7829055786,-56.3876190186,12.8017692566,47.5527763367,43.7290000916,43.0947532654,28.8522758484,42.3020210266,42.6047019958,81.7593460083,41.7840538025,24.8410434723,12.9483451843],[72.0991210938,-19.1755123138,-71.4178390503,29.0076179504,17.7754611969,24.107667923,18.6890220642,19.2239170074,18.6683998108,41.7840538025,69.7529144287,41.1182975769,20.3402690887],[24.1203289032,-22.7093677521,-45.6567153931,13.159743309,14.231171608,18.33710289,8.98298835754,20.7996921539,9.58903503418,24.8410434723,41.1182975769,64.437286377,35.2722969055],[-201.737182617,27.1192779541,-16.0481262207,3.54608201981,4.08281421661,13.4272613525,11.7359466553,12.7675294876,16.7370223999,12.9483451843,20.3402690887,35.2722969055,60.060760498]],"icov":[[0.0000805385134299,0.0000385885759897,0.000165302757523,-0.0000259244043264,-0.000165853940416,-0.000149405241245,0.000235874118516,-0.0000840521388454,0.000128558720462,-0.000119913900562,0.000137363793328,-0.0000337949568348,0.000278601859463],[0.0000385885759897,0.000512784929015,0.0000832360965433,0.000333621894242,-0.000389432185329,0.0000931766990107,-0.000289128249278,0.000398449192289,-0.000483911193442,0.000435612164438,-0.000117079034681,0.000191187413293,-0.00015363516286],[0.000165302757523,0.0000832360965433,0.00129930058029,0.000399533688324,-0.000876348058227,0.000183822412509,-0.000328226044076,-0.000049388694606,-0.000298511615256,-0.000863293418661,0.00172774656676,-0.0000802242138889,0.000665635860059],[-0.0000259244043264,0.000333621894242,0.000399533688324,0.00537504302338,-0.00235484400764,-0.00188680575229,-0.000527156633325,-0.0000308262679027,-0.0010086648399,0.0000960841134656,-0.000673854839988,0.000877803424373,0.000216203843593],[-0.000165853940416,-0.000389432185329,-0.000876348058227,-0.00235484400764,0.00980065017939,-0.00437966967002,-0.000744858873077,-0.000501962727867,0.00114485621452,-0.00168529397342,0.000721528951544,-0.00116082467139,0.000570443400647],[-0.000149405241245,0.0000931766990107,0.000183822412509,-0.00188680575229,-0.00437966967002,0.0166626106948,-0.00767835602164,-0.0000375125455321,0.000477719149785,-0.00265979627147,0.00105511012953,-0.000871994707268,-0.0017073781928],[0.000235874118516,-0.000289128249278,-0.000328226044076,-0.000527156633325,-0.000744858873077,-0.00767835602164,0.0193702690303,-0.00706909038126,-0.00360380299389,0.00426697963849,-0.00437566963956,0.00331579521298,-0.0000298459344776],[-0.0000840521388454,0.000398449192289,-0.000049388694606,-0.0000308262679027,-0.000501962727867,-0.0000375125455321,-0.00706909038126,0.0178178865463,-0.00478460034356,-0.00404896773398,0.00375052331947,-0.00527724111453,0.00119780295063],[0.000128558720462,-0.000483911193442,-0.000298511615256,-0.0010086648399,0.00114485621452,0.000477719149785,-0.00360380299389,-0.00478460034356,0.0192143917084,-0.00746622448787,0.0000603546395723,0.00337388063781,-0.00357989245094],[-0.000119913900562,0.000435612164438,-0.000863293418661,0.0000960841134656,-0.00168529397342,-0.00265979627147,0.00426697963849,-0.00404896773398,-0.00746622448787,0.0261955987662,-0.0137397684157,0.000955401919782,0.000425524398452],[0.000137363793328,-0.000117079034681,0.00172774656676,-0.000673854839988,0.000721528951544,0.00105511012953,-0.00437566963956,0.00375052331947,0.0000603546395723,-0.0137397684157,0.033428568393,-0.0172157213092,0.00252322480083],[-0.0000337949568348,0.000191187413293,-0.0000802242138889,0.000877803424373,-0.00116082467139,-0.000871994707268,0.00331579521298,-0.00527724111453,0.00337388063781,0.000955401919782,-0.0172157213092,0.0359599292278,-0.0159596372396],[0.000278601859463,-0.00015363516286,0.000665635860059,0.000216203843593,0.000570443400647,-0.0017073781928,-0.0000298459344776,0.00119780295063,-0.00357989245094,0.000425524398452,0.00252322480083,-0.0159596372396,0.02733826451]],"mean":[-752.879272461,134.937652588,23.4650764465,21.3716220856,12.2425289154,12.5901021957,1.67170953751,3.99646043777,-0.924319684505,2.55690908432,1.01127398014,-0.173480972648,-3.39554214478]},"pitch_salience":{"dmean":0.0977391824126,"dmean2":0.158506289124,"dvar":0.00772563088685,"dvar2":0.0193559583277,"max":0.882980465889,"mean":0.520550310612,"median":0.540175080299,"min":0.000858948391397,"var":0.0226914510131},"silence_rate_20dB":{"dmean":0,"dmean2":0,"dvar":0,"dvar2":0,"max":1,"mean":1,"median":1,"min":1,"var":0},"silence_rate_30dB":{"dmean":0.0246628820896,"dmean2":0.04933013767,"dvar":0.0240564662963,"dvar2":0.0571946427226,"max":1,"mean":0.97631508112,"median":1,"min":0,"var":0.0231269393116},"silence_rate_60dB":{"dmean":0.0521646551788,"dmean2":0.104338571429,"dvar":0.0494453534484,"dvar2":0.1040905267,"max":1,"mean":0.338507950306,"median":0,"min":0,"var":0.223912313581},"spectral_centroid":{"dmean":231.668029785,"dmean2":379.116729736,"dvar":110245.351562,"dvar2":254686.4375,"max":11143.8496094,"mean":912.445251465,"median":595.206298828,"min":109.266937256,"var":714707.625},"spectral_complexity":{"dmean":2.91722846031,"dmean2":4.56410264969,"dvar":14.5952072144,"dvar2":32.4201126099,"max":60,"mean":10.9463319778,"median":6,"min":0,"var":132.133132935},"spectral_contrast_coeffs":{"dmean":[0.0571363791823,0.0456682406366,0.0350510887802,0.0259351059794,0.0189625732601,0.018647056073],"dmean2":[0.0935588777065,0.0756081864238,0.0579609125853,0.042348831892,0.0308954752982,0.0299730375409],"dvar":[0.00249021826312,0.00138498132583,0.000822497473564,0.000535644532647,0.000288256822387,0.000349044421455],"dvar2":[0.00626351684332,0.00358704966493,0.00213943677954,0.00129634037148,0.000696605886333,0.000826331437565],"max":[-0.279403716326,-0.393620043993,-0.46036362648,-0.475838571787,-0.567179501057,-0.580278754234],"mean":[-0.65291672945,-0.779761791229,-0.81782835722,-0.828916192055,-0.834172010422,-0.807738482952],"median":[-0.652655005455,-0.7896874547,-0.833357691765,-0.850227296352,-0.851771950722,-0.810135364532],"min":[-0.969084441662,-0.971864700317,-0.970421075821,-0.96616256237,-0.962712287903,-0.965521752834],"var":[0.00984780862927,0.00542731257156,0.00434821471572,0.00458841305226,0.00341047812253,0.00320086674765]},"spectral_contrast_valleys":{"dmean":[0.457523047924,0.454317599535,0.43158146739,0.487466484308,0.462890714407,0.45064201951],"dmean2":[0.728113055229,0.736697912216,0.678158402443,0.734618961811,0.690475940704,0.65251493454],"dvar":[0.173694103956,0.198098003864,0.1925637573,0.285015076399,0.31464856863,0.291886717081],"dvar2":[0.387315779924,0.436051756144,0.415996462107,0.619564592838,0.721604347229,0.672830402851],"max":[-5.04973459244,-4.78942155838,-5.3161072731,-5.3331284523,-5.72523021698,-7.37588262558],"mean":[-7.74605178833,-7.44857263565,-8.15094566345,-8.5425786972,-8.77420043945,-10.9753284454],"median":[-7.45735692978,-7.23777008057,-7.9239192009,-8.27891159058,-8.34896564484,-10.8374738693],"min":[-27.0344467163,-27.5363807678,-27.4652938843,-27.5067157745,-27.3280105591,-27.2979850769],"var":[2.1436984539,1.88705968857,1.86743783951,2.54688024521,2.83855438232,2.48701810837]},"spectral_decrease":{"dmean":2.93649238259e-9,"dmean2":4.77035833057e-9,"dvar":3.07730444634e-17,"dvar2":7.87573815161e-17,"max":9.44315229577e-29,"mean":-6.57703136397e-9,"median":-2.82820522557e-9,"min":-7.4580654541e-8,"var":7.19944123848e-17},"spectral_energy":{"dmean":0.0114017659798,"dmean2":0.0184716265649,"dvar":0.000451709958725,"dvar2":0.00115362729412,"max":0.285820096731,"mean":0.0260102264583,"median":0.0112552326173,"min":1.03597973997e-20,"var":0.00110288220458},"spectral_energyband_high":{"dmean":0.000355723808752,"dmean2":0.000575639947783,"dvar":0.00000186314878192,"dvar2":0.00000490384036311,"max":0.029791533947,"mean":0.000520524394233,"median":0.0000613980300841,"min":7.29872587788e-21,"var":0.0000022649148832},"spectral_energyband_low":{"dmean":0.00883540138602,"dmean2":0.0145002333447,"dvar":0.000396151037421,"dvar2":0.00102335959673,"max":0.25657466054,"mean":0.015322573483,"median":0.00399156752974,"min":7.82178180503e-23,"var":0.000607137975749},"spectral_energyband_middle_high":{"dmean":0.00129996286705,"dmean2":0.00201125466265,"dvar":0.00000917576107895,"dvar2":0.0000212635186472,"max":0.0900102183223,"mean":0.00342115852982,"median":0.000313474738505,"min":1.33001817354e-21,"var":0.0000470796148875},"spectral_energyband_middle_low":{"dmean":0.00412526680157,"dmean2":0.0067351218313,"dvar":0.0000579305997235,"dvar2":0.000146629594383,"max":0.110452227294,"mean":0.00839538313448,"median":0.0026582442224,"min":2.76402598584e-22,"var":0.000145556565258},"spectral_entropy":{"dmean":0.288455396891,"dmean2":0.455534428358,"dvar":0.0936462432146,"dvar2":0.233122676611,"max":9.82399749756,"mean":7.33188056946,"median":7.4017162323,"min":4.5575428009,"var":0.414041399956},"spectral_flux":{"dmean":0.0290336962789,"dmean2":0.0457747541368,"dvar":0.00157814845443,"dvar2":0.0034396101255,"max":0.48757687211,"mean":0.0711563006043,"median":0.0577211081982,"min":6.8264290054e-11,"var":0.00415559159592},"spectral_kurtosis":{"dmean":2.67480635643,"dmean2":4.22892045975,"dvar":12.355047226,"dvar2":30.6233844757,"max":44.7166366577,"mean":7.02970457077,"median":5.00329780579,"min":-1.19965577126,"var":42.2218208313},"spectral_rms":{"dmean":0.000962514255662,"dmean2":0.00149428204168,"dvar":0.00000178562515885,"dvar2":0.00000423523033533,"max":0.0166987683624,"mean":0.00393294775859,"median":0.00331371626817,"min":3.17916960119e-12,"var":0.00000990780517895},"spectral_rolloff":{"dmean":379.77835083,"dmean2":659.146057129,"dvar":895484.0625,"dvar2":2123100.75,"max":18927.6855469,"mean":1050.70373535,"median":387.59765625,"min":21.533203125,"var":3130798.75},"spectral_skewness":{"dmean":0.360908538103,"dmean2":0.562380254269,"dvar":0.17611721158,"dvar2":0.422885656357,"max":5.59412193298,"mean":2.0201292038,"median":1.80356884003,"min":-0.183012083173,"var":0.872689962387},"spectral_spread":{"dmean":785457.625,"dmean2":1195577.5,"dvar":895309578240,"dvar2":2030924070910,"max":41112396,"mean":4889356.5,"median":4596927,"min":1631323.125,"var":4063865077760},"spectral_strongpeak":{"dmean":0.273323506117,"dmean2":0.465654522181,"dvar":0.463318228722,"dvar2":1.21819531918,"max":17.8762893677,"mean":0.514168381691,"median":0.288114786148,"min":0,"var":0.900301396847},"zerocrossingrate":{"dmean":0.00937992054969,"dmean2":0.011451930739,"dvar":0.000209379490116,"dvar2":0.000295401521726,"max":0.52294921875,"mean":0.0455402284861,"median":0.029296875,"min":0,"var":0.00257174973376}},"metadata":{"audio_properties":{"analysis_sample_rate":44100,"bit_rate":0,"codec":"flac","downmix":"mix","equal_loudness":0,"length":261.733337402,"lossless":true,"md5_encoded":"b1f5b02f2888cd57c3b5dcfaf1ca309e","replay_gain":-7.87731742859},"tags":{"album":["Led Zeppelin II"],"albumartist":["Led Zeppelin"],"albumartistsort":["Led Zeppelin"],"albumsort":["Led Zeppelin II (1994-07-19, Led Zeppelin, 472aea5a-ef4f-360f-84b9-0ed21abcec65)"],"artist":["Led Zeppelin"],"artists":["Led Zeppelin"],"artistsort":["Led Zeppelin"],"asin":["B000002J03"],"barcode":["075678263323"],"catalognumber":["82633-2"],"composer":["John Paul Jones","Jimmy Page","John Bonham"],"composersort":["Jones, John Paul","Page, Jimmy","Bonham, John"],"date":["1994-07-19"],"discnumber":["1"],"disctotal":["1"],"engineer":["Andrew Johns","Eddie Kramer","George Chkiantz","Chris Huston"],"file_name":"08 - Led Zeppelin - Moby Dick.flac","genre":["Rock, Hard Rock"],"label":["Atlantic"],"media":["CD"],"mixer":["Eddie Kramer"],"musicbrainz_albumartistid":["678d88b2-87b0-403b-b63d-5da7465aecc3"],"musicbrainz_albumid":["472aea5a-ef4f-360f-84b9-0ed21abcec65"],"musicbrainz_artistid":["678d88b2-87b0-403b-b63d-5da7465aecc3"],"musicbrainz_recordingid":["dce2ef42-e12c-4c0f-ab27-b69495c3a41e"],"musicbrainz_releasegroupid":["33b4653d-006e-3cc1-8afb-386b15a6cd6e"],"musicbrainz_releasetrackid":["f62074fa-cda4-3d1e-9280-4ea530b49e20"],"musicbrainz_workid":["2f5a6c59-d6b4-3bb7-9134-0fee120e3209"],"musicip_puid":["a313809d-6345-92f8-e138-5941af3e0578"],"originaldate":["1969-10-22"],"producer":["Jimmy Page","Peter Grant"],"releasecountry":["US"],"releasestatus":["official"],"releasetype":["album"],"replaygain_album_gain":["-5.23 dB"],"replaygain_album_peak":["0.99996948"],"replaygain_track_gain":["-2.81 dB"],"replaygain_track_peak":["0.99993896"],"script":["Latn"],"title":["Moby Dick"],"totaldiscs":["1"],"totaltracks":["9"],"tracknumber":["8"],"tracktotal":["9"],"work":["Moby Dick"]},"version":{"essentia":"2.