{"lowlevel":{"average_loudness":0.894769012928,"barkbands":{"dmean":[0.0000839949061628,0.002574196551,0.00161841453519,0.000627614150289,0.00181055534631,0.00104809994809,0.000481208146084,0.00109058315866,0.000923165294807,0.000568068819121,0.0002594650432,0.000258482788922,0.000433449604316,0.000372593407519,0.000317414698657,0.000187317898963,0.000284398760414,0.000233929982642,0.000214261948713,0.000112512156193,0.0000960220422712,0.000106426603452,0.000091540037829,0.0000671231246088,0.0000384991726605,0.0000059400185819,0.00000158002058015],"dmean2":[0.000109929489554,0.00415861885995,0.00283273053356,0.00103838311043,0.00299592874944,0.00168942846358,0.000752533436753,0.00167033215985,0.00138492591213,0.000877484155353,0.000400683173211,0.000401727942517,0.000696444418281,0.000596817408223,0.000521010777447,0.000303738139337,0.000461369170807,0.000373198738089,0.000344781321473,0.000182891832083,0.000154371795361,0.000168579455931,0.000143068813486,0.0000999761177809,0.0000543585774722,0.00000843771249492,0.00000261166655946],"dvar":[2.81071645958e-8,0.0000192863153643,0.0000101144378277,0.00000100672173176,0.00000943551640376,0.00000350234063262,0.00000174723663804,0.00000662079855829,0.00000607307174505,0.00000182334849796,3.07236263097e-7,3.19591293874e-7,7.47723618133e-7,4.76770367186e-7,6.45226066354e-7,9.148405411e-8,2.43111827558e-7,2.03058419856e-7,1.3983152769e-7,4.44183463344e-8,2.73722857713e-8,3.45777024791e-8,3.05367464648e-8,2.55103085323e-8,7.82667441968e-9,1.08020481449e-10,2.1672724379e-11],"dvar2":[4.58101609979e-8,0.0000480610615341,0.0000291524866043,0.00000262305638898,0.0000253009384323,0.00000912418727239,0.00000391996718463,0.0000147549753819,0.0000132541044877,0.00000424710106017,7.11969164513e-7,6.72654380196e-7,0.00000180723452559,0.00000115045770599,0.00000175477725861,2.19508450527e-7,6.03158468948e-7,4.65430701979e-7,3.34559416615e-7,1.0702760278e-7,6.7724300834e-8,8.30916633277e-8,7.03809917013e-8,5.49458327725e-8,1.54315635825e-8,2.2303055236e-10,5.40335692856e-11],"max":[0.00228079501539,0.0564413666725,0.0526846423745,0.0173952709883,0.0367604680359,0.0413048751652,0.0567725859582,0.0512785762548,0.059120554477,0.0319252572954,0.0174915716052,0.0179653763771,0.0244573745877,0.0131322164088,0.0242862235755,0.00730461673811,0.0102852918208,0.00891704019159,0.00856638140976,0.00624601822346,0.00360050518066,0.00370299513452,0.00380757427774,0.00386835727841,0.00215418240987,0.000167149933986,0.0000565968330193],"mean":[0.000131480308482,0.00535523658618,0.00246539828368,0.000905309047084,0.00343867600895,0.00194028031547,0.00100470276084,0.00230177817866,0.00200795568526,0.00114343175665,0.000516321335454,0.000478108646348,0.000789522542618,0.000686480372678,0.000562152185012,0.000363644794561,0.000583677960094,0.000497168803122,0.000479390029795,0.000243903021328,0.000224936389714,0.00026905615232,0.000226373638725,0.000166645928402,0.0000899091173778,0.0000105448089016,0.00000145460171552],"median":[0.0000294219389616,0.00374100590125,0.00144997821189,0.00051543029258,0.00212196540087,0.00107163307257,0.00039609943633,0.000546407187358,0.000398701289669,0.000314411299769,0.000192174586118,0.000225771509577,0.0003431996156,0.000316408317303,0.000287166039925,0.000238658540184,0.000314311182592,0.000259562919382,0.000271670578513,0.000156250869622,0.000141506578075,0.000165615638252,0.00014731156989,0.0000937989825616,0.0000458287104266,0.00000369669487554,1.94920303898e-7],"min":[3.47853675075e-23,2.74506176968e-23,1.36710399513e-23,1.5429830583e-23,5.55098194939e-23,4.76083993406e-23,3.31354302143e-23,1.95468735593e-23,4.28711381434e-23,7.97725619203e-23,7.0674370354e-23,4.0731466534e-23,1.23990683215e-22,8.20995438185e-23,1.17646676437e-22,1.51601016846e-22,1.19134215669e-22,1.74550735005e-22,2.25437362589e-22,3.59603619418e-22,4.21783125337e-22,3.75132617706e-22,5.4987482503e-22,6.35856927654e-22,1.64780739395e-21,1.72288049689e-21,2.17892298044e-21],"var":[7.10822263272e-8,0.0000339503712894,0.0000117107656479,0.00000146192735428,0.0000160580420925,0.00000740276982469,0.00000910567177925,0.0000218943114305,0.000026287520086,0.00000625355414741,9.95860204966e-7,8.90888827598e-7,0.00000186846011729,0.00000115058549,0.0000012401683307,1.94044062596e-7,6.61969863813e-7,5.70604242967e-7,4.28022730148e-7,9.46260882984e-8,6.87077914563e-8,1.00685099369e-7,7.89001290968e-8,6.154311194e-8,2.07635313387e-8,2.39088221443e-10,1.83403153775e-11]},"barkbands_crest":{"dmean":2.15856409073,"dmean2":3.47484087944,"dvar":4.51018428802,"dvar2":11.4091596603,"max":25.4794807434,"mean":9.89577579498,"median":9.10953330994,"min":2.24580335617,"var":16.9479389191},"barkbands_flatness_db":{"dmean":0.0149388173595,"dmean2":0.0232379250228,"dvar":0.000239293294726,"dvar2":0.000568980700336,"max":0.315548568964,"mean":0.116216011345,"median":0.107339322567,"min":0.0245297346264,"var":0.00175120786298},"barkbands_kurtosis":{"dmean":1.66742658615,"dmean2":2.67001104355,"dvar":10.494436264,"dvar2":25.6366615295,"max":132.727813721,"mean":2.52085828781,"median":1.03215503693,"min":-1.85769402981,"var":25.5553150177},"barkbands_skewness":{"dmean":0.381824433804,"dmean2":0.601727068424,"dvar":0.193248286843,"dvar2":0.449924081564,"max":10.4876623154,"mean":1.42655193806,"median":1.27826929092,"min":-2.06096220016,"var":0.809080481529},"barkbands_spread":{"dmean":4.97521114349,"dmean2":7.73096561432,"dvar":33.5376167297,"dvar2":75.3723983765,"max":125.790084839,"mean":26.3945388794,"median":25.2568874359,"min":1.23938655853,"var":143.132858276},"dissonance":{"dmean":0.0140480389819,"dmean2":0.0235990099609,"dvar":0.000184753560461,"dvar2":0.000489682948682,"max":0.500000119209,"mean":0.471321821213,"median":0.475825965405,"min":0.133439615369,"var":0.000423114193836},"dynamic_complexity":3.71695542336,"erbbands":{"dmean":[0.0631508305669,0.660493850708,1.90400934219,1.60195219517,4.39509391785,5.96426820755,9.61344337463,8.33279800415,6.41871356964,14.5286436081,21.4759750366,23.3452281952,17.9529743195,10.9676971436,11.567946434,11.0037698746,20.274263382,17.0017280579,18.6493778229,10.7724533081,9.83437156677,11.9627466202,12.2103967667,12.7478265762,7.98324680328,5.33245658875,4.20991325378,3.67039489746,3.88607478142,3.38041424751,2.50204372406,1.51217961311,1.14960575104,0.582768142223,0.2034804672,0.0437509231269,0.00861514918506,0.00204766844399,0.000288106530206,0.0000154245863087],"dmean2":[0.0927487835288,1.08432352543,3.30296516418,2.70071792603,7.33926439285,9.80233192444,15.7334823608,13.4516744614,9.80970954895,22.3519897461,32.2946243286,34.4105796814,27.8000335693,16.9957122803,17.7122421265,17.2992782593,32.4979438782,27.4059696198,30.3449420929,17.5781097412,15.8432226181,19.3162097931,19.5367603302,20.4752521515,12.8459224701,8.66564559937,6.77366781235,5.89852523804,6.17344999313,5.34227561951,3.9004907608,2.30919408798,1.69860160351,0.846884727478,0.28529766202,0.0604335553944,0.0123837320134,0.00322938710451,0.000475596694741,0.0000250030661846],"dvar":[0.0133250569925,1.34999525547,13.276227951,7.37319517136,65.334602356,110.799606323,308.304901123,211.382858276,257.679718018,1370.13977051,2982.18847656,4227.31054688,2323.7097168,755.942749023,516.44934082,639.358703613,1736.62268066,922.342895508,2247.4465332,372.395568848,221.60383606,417.38684082,536.922973633,543.083984375,222.567855835,103.735923767,53.6139373779,43.912197113,50.537109375,37.7369155884,25.1160964966,10.4220609665,9.15775775909,2.01320934296,0.193755254149,0.00605792598799,0.000256710016401,0.0000281444954453,7.54170287109e-7,9.20564069418e-10],"dvar2":[0.0287485979497,3.44872713089,38.3154830933,20.5118846893,173.378036499,290.876525879,796.710754395,560.956420898,552.00177002,3228.37744141,6476.17041016,9108.24023438,5245.84960938,1760.92016602,1211.40429688,1381.89916992,4235.61523438,2246.65966797,6181.36767578,904.481140137,517.848754883,1005.3571167,1260.26867676,1315.27587891,506.927062988,245.017150879,131.062591553,108.748718262,121.890312195,88.3536834717,59.1064872742,23.4464950562,19.8022956848,4.00199604034,0.389268010855,0.0119501911104,0.000563756388146,0.0000683356556692,0.00000189153331576,2.29593788426e-9],"max":[1.4372535944,14.9901018143,57.8309516907,35.3803024292,128.227996826,197.808456421,368.910369873,349.488037109,845.852722168,762.651428223,1435.45812988,1625.31970215,1225.70092773,1094.35534668,840.924743652,875.334472656,1122.86743164,753.41204834,1459.45019531,410.927581787,424.837127686,565.444580078,634.666687012,853.746276855,449.629974365,300.222106934,180.107223511,162.012084961,138.946289062,135.671142578,97.1832504272,89.5460205078,87.9874649048,38.2464294434,16.6898841858,1.62509226799,0.212069094181,0.067400380969,0.0123974885792,0.000389282999095],"mean":[0.123062372208,1.29006636143,3.19324350357,2.66760277748,6.86019802094,11.3257665634,16.6626586914,15.6369609833,15.1220407486,29.5148735046,49.2548065186,53.9109649658,37.5593605042,22.1809387207,24.5426254272,23.1494731903,38.4507751465,34.3854217529,35.5811347961,22.118139267,22.1980876923,27.9824771881,28.9191818237,29.1427497864,18.4439964294,12.0666866302,9.90044784546,8.8490524292,9.52059650421,8.50430011749,6.06172227859,3.73603081703,2.63161230087,1.35210263729,0.452390134335,0.0906460285187,0.0137165486813,0.00233517028391,0.000284766254481,0.0000445394834969],"median":[0.0615059807897,0.915807068348,2.10953712463,1.75794291496,3.79963588715,6.46382904053,8.84466171265,8.86927032471,6.68142127991,10.1162405014,11.2724399567,11.8952999115,9.98326778412,9.08501338959,11.4899101257,12.2808065414,17.3692874908,18.4441261292,18.5264263153,13.8472156525,15.4208917618,16.6099758148,16.2190666199,15.7326993942,11.1031608582,7.82673072815,6.35613965988,5.58452320099,5.63041400909,5.30291128159,3.89761781693,2.15532398224,1.29422879219,0.653759121895,0.231496214867,0.0410454235971,0.00430145673454,0.000456788635347,0.0000605538407399,0.0000401389042963],"min":[6.21398432548e-22,7.10528193682e-21,2.00592736417e-20,2.52820677955e-20,1.83889139034e-19,1.65652662885e-19,7.58847803761e-20,4.78016664152e-19,4.43250107911e-19,5.5728424488e-19,4.58572387987e-19,1.01261827247e-18,1.66865108038e-18,2.53691227389e-18,3.05497817987e-18,1.81237319482e-18,5.85320859658e-18,5.07744511732e-18,3.70073988611e-18,7.82661007523e-18,8.42039588769e-18,7.27567800877e-18,9.83813796267e-18,8.77102947754e-18,1.32779553051e-17,1.62349498055e-17,1.58761899933e-17,1.81102460091e-17,1.3227631291e-17,1.56236004671e-17,1.46731699433e-17,1.17650262483e-17,1.3837834157e-17,1.84872269558e-17,1.08760403547e-17,5.76581282896e-18,2.96817570754e-18,1.46940467411e-18,3.12415467411e-19,3.19075486263e-20],"var":[0.0314677245915,1.97178196907,15.595659256,9.79763221741,89.2168273926,214.119888306,573.606567383,448.438903809,1978.28527832,3161.97119141,12419.3359375,18711.3808594,8016.87109375,2050.55175781,1654.73022461,1854.02404785,4470.94824219,2438.5246582,4802.38623047,855.235473633,615.896728516,1304.39794922,1696.95935059,1667.54211426,694.259216309,231.555877686,144.766433716,107.081176758,137.705062866,109.34967804,60.8538322449,25.9401817322,20.274723053,5.1903834343,0.488861113787,0.0158236157149,0.00044779869495,0.0000278243405774,6.29840599231e-7,1.29772437241e-9]},"erbbands_crest":{"dmean":2.20753717422,"dmean2":3.53033566475,"dvar":4.8182258606,"dvar2":11.5490856171,"max":28.0644264221,"mean":8.3349237442,"median":7.18466567993,"min":2.27206969261,"var":17.7926712036},"erbbands_flatness_db":{"dmean":0.0119851743802,"dmean2":0.0175769291818,"dvar":0.000130613319925,"dvar2":0.000264724949375,"max":0.30623292923,"mean":0.145180955529,"median":0.14120554924,"min":0.0294794272631,"var":0.00127508747391},"erbbands_kurtosis":{"dmean":0.525243103504,"dmean2":0.83421343565,"dvar":0.442941129208,"dvar2":0.997341692448,"max":34.7704849243,"mean":-0.0689369291067,"median":-0.378694415092,"min":-1.69551229477,"var":2.07271146774},"erbbands_skewness":{"dmean":0.263922005892,"dmean2":0.411412030458,"dvar":0.059303868562,"dvar2":0.139392063022,"max":3.45372462273,"mean":0.210165888071,"median":0.183291316032,"min":-3.08684635162,"var":0.421945601702},"erbbands_spread":{"dmean":6.6143655777,"dmean2":10.1874246597,"dvar":47.8048210144,"dvar2":106.859786987,"max":138.118118286,"mean":42.9773902893,"median":40.951385498,"min":3.35854244232,"var":247.303970337},"gfcc":{"cov":[[10136.0341797,-1135.21142578,17.4112625122,317.644714355,-849.721374512,757.967224121,-330.085693359,401.447967529,75.7460021973,176.090454102,-187.519683838,14.4095277786,-195.077835083],[-1135.21142578,885.371704102,-131.609848022,-127.755134583,209.44418335,-180.553939819,100.490890503,-63.1529579163,25.6562137604,-83.4242401123,108.961181641,-31.6636276245,82.6139984131],[17.4112625122,-131.609848022,430.867004395,92.0189361572,83.3688583374,78.430015564,-11.6143827438,58.9672431946,3.36161732674,62.7967224121,-16.0490036011,36.0469818115,-7.05543899536],[317.644714355,-127.755134583,92.0189361572,254.680999756,7.91320419312,84.6717147827,-18.4712772369,26.7456760406,11.5809364319,16.2936038971,1.04707324505,2.59202623367,13.6559000015],[-849.721374512,209.44418335,83.3688583374,7.91320419312,435.46975708,12.9072313309,137.535919189,77.3589172363,20.7847366333,22.4952888489,17.6382312775,39.4922714233,36.2517433167],[757.967224121,-180.553939819,78.430015564,84.6717147827,12.9072313309,272.114135742,29.7277183533,79.5028381348,26.5186500549,38.4789657593,-19.6714401245,7.7984161377,-8.84704875946],[-330.085693359,100.490890503,-11.6143827438,-18.4712772369,137.535919189,29.7277183533,165.722595215,71.5983123779,30.8996238708,-0.0914175212383,11.0815849304,17.4980106354,3.37589764595],[401.447967529,-63.1529579163,58.9672431946,26.7456760406,77.3589172363,79.5028381348,71.5983123779,200.655929565,63.0112495422,41.4527854919,-2.97946047783,20.5120410919,-1.39323830605],[75.7460021973,25.6562137604,3.36161732674,11.5809364319,20.7847366333,26.5186500549,30.8996238708,63.0112495422,93.2349014282,31.3639659882,5.28573799133,-7.51615858078,-6.51448822021],[176.090454102,-83.4242401123,62.7967224121,16.2936038971,22.4952888489,38.4789657593,-0.0914175212383,41.4527854919,31.3639659882,89.2985610962,9.25774383545,9.96214580536,-11.3929023743],[-187.519683838,108.961181641,-16.0490036011,1.04707324505,17.6382312775,-19.6714401245,11.0815849304,-2.97946047783,5.28573799133,9.25774383545,80.1018066406,19.3401069641,18.4090595245],[14.4095277786,-31.6636276245,36.0469818115,2.59202623367,39.4922714233,7.7984161377,17.4980106354,20.5120410919,-7.51615858078,9.96214580536,19.3401069641,77.4023132324,21.9443454742],[-195.077835083,82.6139984131,-7.05543899536,13.6559000015,36.2517433167,-8.84704875946,3.37589764595,-1.39323830605,-6.51448822021,-11.3929023743,18.4090595245,21.9443454742,74.7849960327]],"icov":[[0.000237017375184,-0.000244581227889,0.000224749921472,-0.000221987225814,0.000489466649015,-0.00059725047322,0.000559246516787,-0.000682111887727,0.000319951766869,-0.000392063433537,0.000613420270383,-0.000619394180831,0.000603207619861],[-0.000244581227889,0.00335099105723,-0.000438593648141,0.00144847494084,-0.00186015013605,0.00157604843844,-0.00144784024451,0.00170991185587,-0.00231902627274,0.00313192396425,-0.00454296497628,0.00363150448538,-0.00313249393366],[0.000224749921472,-0.000438593648141,0.00339810270816,-0.00116016773973,-0.000151694272063,-0.000908523099497,0.00148688373156,-0.00120324571617,0.00115361413918,-0.00221561500803,0.00172737275716,-0.00204999977723,0.00141901348252],[-0.000221987225814,0.00144847494084,-0.00116016773973,0.00554619543254,-0.00108987255953,-0.00049830385251,0.000113876325486,0.000884036824573,-0.00159980729222,0.00190940417815,-0.00273051648401,0.00238002859987,-0.00269538792782],[0.000489466649015,-0.00186015013605,-0.000151694272063,-0.00108987255953,0.00521012302488,-0.00115054810885,-0.00154540908989,-0.00205401820131,0.00192990887444,-0.00286111026071,0.00309149408713,-0.00280321505852,0.000679964025039],[-0.00059725047322,0.00157604843844,-0.000908523099497,-0.00049830385251,-0.00115054810885,0.00674050999805,-0.00274487934075,0.000778574671131,-0.0011547782924,0.000419936841354,-0.00143607938662,0.00232435250655,-0.00216531497426],[0.000559246516787,-0.00144784024451,0.00148688373156,0.000113876325486,-0.00154540908989,-0.00274487934075,0.0120713850483,-0.00428426777944,-0.000522367947269,0.000972082256339,0.00130873639137,-0.00349679333158,0.00378387467936],[-0.000682111887727,0.00170991185587,-0.00120324571617,0.000884036824573,-0.00205401820131,0.000778574671131,-0.00428426777944,0.0106513872743,-0.00572299771011,0.000595541787334,-0.00186805322301,0.00108060357161,-0.00272859283723],[0.000319951766869,-0.00231902627274,0.00115361413918,-0.00159980729222,0.00192990887444,-0.0011547782924,-0.000522367947269,-0.00572299771011,0.0175856500864,-0.00681972038001,0.00223191292025,0.000620757171419,0.00240358617157],[-0.000392063433537,0.00313192396425,-0.00221561500803,0.00190940417815,-0.00286111026071,0.000419936841354,0.000972082256339,0.000595541787334,-0.00681972038001,0.0192765891552,-0.00727837532759,0.00206828210503,-0.000109067725134],[0.000613420270383,-0.00454296497628,0.00172737275716,-0.00273051648401,0.00309149408713,-0.00143607938662,0.00130873639137,-0.00186805322301,0.00223191292025,-0.00727837532759,0.0215631090105,-0.00867546908557,0.00184118782636],[-0.000619394180831,0.00363150448538,-0.00204999977723,0.00238002859987,-0.00280321505852,0.00232435250655,-0.00349679333158,0.00108060357161,0.000620757171419,0.00206828210503,-0.00867546908557,0.0213862098753,-0.00821427255869],[0.000603207619861,-0.00313249393366,0.00141901348252,-0.00269538792782,0.000679964025039,-0.00216531497426,0.00378387467936,-0.00272859283723,0.00240358617157,-0.000109067725134,0.00184118782636,-0.00821427255869,0.0203740838915]],"mean":[8.49450683594,92.5896530151,-125.4633255,44.3998832703,-63.526222229,18.9893283844,-40.4614143372,8.56031036377,-19.3524093628,-0.613337695599,-9.25527954102,-3.70358157158,-8.55637645721]},"hfc":{"dmean":4.00437498093,"dmean2":6.03670358658,"dvar":32.0857963562,"dvar2":70.9031219482,"max":102.176696777,"mean":23.5624465942,"median":20.8549633026,"min":1.11876442546e-16,"var":295.408416748},"melbands":{"dmean":[0.000625394517556,0.00091855583014,0.000344485597452,0.000363635073882,0.000329196656821,0.000185459590284,0.0000967677333392,0.000180100149009,0.000184001852176,0.00013608187146,0.0000884419423528,0.0000473615764349,0.0000370007910533,0.0000302028438455,0.0000416937546106,0.0000368671535398,0.0000363313374692,0.000032148000173,0.0000189402144315,0.0000149374700413,0.0000130728449221,0.0000130469597934,0.0000168698825291,0.0000111222798296,0.0000117625477287,0.00000734670993552,0.00000459502143713,0.00000374835599359,0.00000296095799968,0.00000260339174929,0.00000234959634327,0.00000255547161032,0.00000204120806302,0.00000204613229471,0.00000171777492142,0.00000115610066587,9.32570912937e-7,8.88837803359e-7,7.4682640161e-7,4.60041547967e-7],"dmean2":[0.000978789525107,0.0015523834154,0.000574725738261,0.000607281632256,0.000537587853614,0.000297570775729,0.000148795996211,0.000275518250419,0.000277297251159,0.000200266658794,0.000136975140776,0.0000733049892006,0.0000564341098652,0.0000470392114948,0.0000661476733512,0.0000589050941926,0.0000587038521189,0.0000521401780134,0.0000309330680466,0.0000245408100454,0.0000212869344978,0.0000212955892493,0.0000273285695584,0.0000177919937414,0.0000189987149497,0.0000118453908726,0.0000075576836025,0.00000613566453467,0.00000481369579575,0.00000423269648309,0.00000379877837986,0.00000411408791479,0.0000032200964597,0.00000325788118971,0.00000273499927061,0.00000179404457867,0.00000145132867146,0.0000013444397382,0.000001119438366,6.78546882682e-7],"dvar":[0.00000116928140415,0.0000028461220154,2.91319139478e-7,3.97823271214e-7,3.19926300563e-7,1.02224575471e-7,6.22196836275e-8,1.97305780603e-7,2.09186595157e-7,1.39016222533e-7,5.77732244267e-8,1.43640770389e-8,5.92094329122e-9,3.5401506171e-9,7.80422837465e-9,5.21202725423e-9,4.4473535965e-9,6.00401950379e-9,1.85886872561e-9,6.48120168645e-10,4.35839891955e-10,4.80749440257e-10,1.19041565494e-9,5.26286736413e-10,4.95482821439e-10,1.99871522111e-10,8.72581729094e-11,5.12346692849e-11,2.78048903346e-11,2.20102078924e-11,1.78093356035e-11,2.26412152915e-11,1.47835563236e-11,1.39398683568e-11,1.08451147368e-11,6.07850358589e-12,4.24307030483e-12,5.76832678845e-12,3.19841137082e-12,1.25343377171e-12],"dvar2":[0.00000276366176877,0.00000794898551248,7.7850239677e-7,0.00000106923152998,8.3468756884e-7,2.69618567472e-7,1.33056019536e-7,4.59117700302e-7,4.57932230802e-7,2.94769563425e-7,1.3107155894e-7,3.33141052522e-8,1.34527500251e-8,7.65930607827e-9,1.80029147145e-8,1.23983117106e-8,1.1051279003e-8,1.61356457085e-8,4.7802926062e-9,1.6076723286e-9,1.0173741849e-9,1.17091369933e-9,2.79919198931e-9,1.25919685789e-9,1.20942722504e-9,4.48254211527e-10,2.173213276e-10,1.2253856263e-10,6.79548917137e-11,5.52941754883e-11,4.38428529592e-11,5.58680705864e-11,3.50778468772e-11,3.33570809863e-11,2.60268126495e-11,1.42683581963e-11,9.69858741928e-12,1.28077175601e-11,6.80946054751e-12,2.53598010647e-12],"max":[0.014373736456,0.0220080055296,0.00748393312097,0.00995917711407,0.00986266136169,0.00771148642525,0.0130853811279,0.0094174426049,0.0117385080084,0.00880230031908,0.0060485615395,0.00461519183591,0.00243945536204,0.00156573089771,0.00249933009036,0.0014733937569,0.00141285092104,0.00218818848953,0.00140752003063,0.000544191570953,0.000678748707287,0.000578284496441,0.000832940742839,0.000623312604148,0.000782804389019,0.000370517664123,0.000373866729205,0.000200094407774,0.000134044632432,0.000114939328341,0.000108510561404,0.000106923587737,0.0000878835271578,0.0000832180157886,0.0000614528762526,0.0000510927893629,0.0000607287620369,0.0000708479492459,0.0000526925359736,0.0000332888412231],"mean":[0.00128936406691,0.001753572491,0.00059701455757,0.000656945689116,0.000604675442446,0.000348872912582,0.0002211931278,0.000362983293599,0.000429295032518,0.000299242150504,0.000176722751348,0.0000874611432664,0.0000769566904637,0.0000595627207076,0.0000787598619354,0.0000682124664309,0.0000660813093418,0.0000588482289459,0.0000347148852597,0.0000276638256764,0.000026685784178,0.0000277688777715,0.0000327799207298,0.0000237248859776,0.0000239789715124,0.0000153224864334,0.00000948674460233,0.00000758329542805,0.0000063594270614,0.00000537976575288,0.00000511099187861,0.00000572812814426,0.00000461586569145,0.00000475566412206,0.00000377022524845,0.00000259973785433,0.00000208803612622,0.00000185735291325,0.00000162755463862,9.7849363101e-7],"median":[0.000857871025801,0.00127049116418,0.000406729843235,0.000398695119657,0.000334595533786,0.000197718720301,0.0000920151360333,0.000111907211249,0.0000878629871295,0.0000660872319713,0.0000411183500546,0.0000327952802763,0.0000312699994538,0.0000310218019877,0.0000332492854795,0.0000331737537635,0.0000307358750433,0.0000287896145892,0.0000187336772797,0.0000173313728737,0.0000170057828655,0.0000160422605404,0.0000155226771312,0.0000118059015222,0.0000121687562569,0.00000827617623145,0.00000583452037972,0.0000046951981858,0.00000395617189497,0.00000312545967063,0.00000303680280922,0.00000317257149618,0.00000266144661509,0.00000279356345345,0.00000233548325923,0.0000013475155356,0.00000114951035357,8.5008230144e-7,7.67801907386e-7,4.5080412292e-7],"min":[8.42068153329e-24,1.02335722459e-23,9.42378601631e-24,1.41518869606e-23,3.36607027144e-24,1.04664116418e-23,7.43213390054e-24,5.9909497133e-24,3.65740567564e-24,6.75177686853e-24,8.74046838932e-24,1.04289888693e-23,1.18842376577e-23,4.0073846051e-24,5.61240218615e-24,1.58172543731e-23,8.27251767807e-24,4.8443940301e-24,1.04478868212e-23,1.06887134338e-23,9.23216065838e-24,6.87308553195e-24,8.78205634738e-24,8.58150187287e-24,6.43846537723e-24,1.03280170401e-23,1.01273158374e-23,1.10787546643e-23,1.05438667387e-23,9.34626228857e-24,1.04960270579e-23,7.71206198162e-24,7.04285234306e-24,9.30737617911e-24,8.14649004871e-24,7.41758257229e-24,7.34335628313e-24,8.77867844499e-24,1.22636829085e-23,1.68020935707e-23],"var":[0.00000233234140978,0.00000363923845725,4.13934856169e-7,6.27857616564e-7,6.26417318017e-7,2.22384016979e-7,4.5804958404e-7,4.83294741116e-7,9.15451437322e-7,5.8634037714e-7,1.99218689545e-7,3.8363538124e-8,2.08590247297e-8,1.02113197897e-8,2.03544736621e-8,1.216944856e-8,1.06522435317e-8,1.32400819197e-8,3.44252670814e-9,1.26972377057e-9,1.15905496312e-9,1.30296018419e-9,3.01649971668e-9,1.53195689467e-9,1.28510990738e-9,5.90278270707e-10,1.71503963808e-10,1.04760929098e-10,6.96093668817e-11,4.78379315327e-11,4.06123086549e-11,5.69332428424e-11,3.79971540343e-11,3.70086149226e-11,2.49849654854e-11,1.39110736819e-11,9.44572458444e-12,1.16002381312e-11,7.51250017056e-12,3.07195675148e-12]},"melbands_crest":{"dmean":2.78683495522,"dmean2":4.53593158722,"dvar":7.19108104706,"dvar2":18.7679481506,"max":35.5050010681,"mean":13.7034769058,"median":12.9049015045,"min":1.88110888004,"var":24.197063446},"melbands_flatness_db":{"dmean":0.0187920555472,"dmean2":0.0292967949063,"dvar":0.000432112516137,"dvar2":0.000984446844086,"max":0.40585437417,"mean":0.173011273146,"median":0.161001175642,"min":0.00407182099298,"var":0.00321617838927},"melbands_kurtosis":{"dmean":4.89027166367,"dmean2":7.82987928391,"dvar":92.7300567627,"dvar2":230.72517395,"max":251.689529419,"mean":11.4932518005,"median":7.27230453491,"min":-1.48946785927,"var":222.707321167},"melbands_skewness":{"dmean":0.550124585629,"dmean2":0.862637579441,"dvar":0.436988413334,"dvar2":1.03483438492,"max":12.2830944061,"mean":2.63894081116,"median":2.38021469116,"min":-0.533123731613,"var":1.96782255173},"melbands_spread":{"dmean":6.02060365677,"dmean2":9.4745426178,"dvar":58.6987686157,"dvar2":136.600112915,"max":194.647537231,"mean":25.6886825562,"median":23.9776306152,"min":1.06528282166,"var":193.204376221},"mfcc":{"cov":[[8893.84472656,-987.109863281,228.744476318,-219.396850586,-198.996582031,120.501182556,-182.780471802,123.416297913,160.045700073,139.070098877,292.032104492,23.9211235046,-164.329452515],[-987.109863281,835.887023926,-173.970001221,9.27078819275,37.9983634949,-64.1586532593,40.8785629272,2.65282487869,-32.8807067871,-41.659538269,-33.5281219482,10.1251602173,23.9920845032],[228.744476318,-173.970001221,327.475860596,34.3747901917,22.8423442841,30.7558021545,-10.2016515732,-16.293964386,5.80027627945,16.799911499,2.05916595459,2.14726424217,22.5721149445],[-219.396850586,9.27078819275,34.3747901917,200.744613647,71.9645843506,-2.41846394539,21.507768631,8.91258716583,10.6078023911,2.31996703148,-3.97747755051,-5.34487438202,8.63931846619],[-198.996582031,37.9983634949,22.8423442841,71.9645843506,219.838134766,49.0607719421,72.9365844727,49.2425308228,62.0561408997,34.7584762573,8.61910152435,19.5104064941,24.027759552],[120.501182556,-64.1586532593,30.7558021545,-2.41846394539,49.0607719421,158.655944824,40.5233535767,19.5597553253,18.9852542877,19.6496200562,-0.386307924986,-4.23532629013,9.61782836914],[-182.780471802,40.8785629272,-10.2016515732,21.507768631,72.9365844727,40.5233535767,131.405944824,66.7772293091,39.4493865967,14.2187652588,12.0353469849,11.8670845032,11.8031835556],[123.416297913,2.65282487869,-16.293964386,8.91258716583,49.2425308228,19.5597553253,66.7772293091,143.51083374,71.4093933105,26.6793575287,44.5662155151,17.0118789673,5.3619055748],[160.045700073,-32.8807067871,5.80027627945,10.6078023911,62.0561408997,18.9852542877,39.4493865967,71.4093933105,121.927429199,48.3706130981,42.3616867065,16.7770195007,0.505834102631],[139.070098877,-41.659538269,16.799911499,2.31996703148,34.7584762573,19.6496200562,14.2187652588,26.6793575287,48.3706130981,99.8621292114,47.8454780579,6.73442983627,-0.60633456707],[292.032104492,-33.5281219482,2.05916595459,-3.97747755051,8.61910152435,-0.386307924986,12.0353469849,44.5662155151,42.3616867065,47.8454780579,115.343421936,35.3205947876,-10.121055603],[23.9211235046,10.1251602173,2.14726424217,-5.34487438202,19.5104064941,-4.23532629013,11.8670845032,17.0118789673,16.7770195007,6.73442983627,35.3205947876,76.378616333,24.9090175629],[-164.329452515,23.9920845032,22.5721149445,8.63931846619,24.027759552,9.61782836914,11.8031835556,5.3619055748,0.505834102631,-0.60633456707,-10.121055603,24.9090175629,79.6874313354]],"icov":[[0.000156696609338,0.000124474798213,-0.00006089267481,0.000114277696412,0.0000781021881266,-0.000134383983095,0.000269405980362,-0.000157221948029,-0.000108095948235,0.0000327001143887,-0.000279518280877,-0.0000128135807245,0.000223301642109],[0.000124474798213,0.00160704774316,0.000716929440387,0.000113139336463,-0.000396209681639,0.000565701688174,-0.000318447913742,-0.0000731446853024,0.000390756438719,0.000299025821732,-0.0000451645064459,-0.0000497290893691,-0.000329616159433],[-0.00006089267481,0.000716929440387,0.00373299792409,-0.000608223082963,-0.000332332303515,-0.000301378080621,0.000150672101881,0.00066141912248,0.0000337649798894,-0.000273812183877,-0.000025911243938,0.000129658263177,-0.00130924291443],[0.000114277696412,0.000113139336463,-0.000608223082963,0.00602084910497,-0.00218552583829,0.000821387046017,-0.000101705350971,-0.0000481013303215,0.000238731197896,0.000535972591024,-0.000537401239853,0.00121442158706,-0.000146015634527],[0.0000781021881266,-0.000396209681639,-0.000332332303515,-0.00218552583829,0.00759928533807,-0.00149408273865,-0.00220566405915,0.0000356110358553,-0.00258767581545,-0.0014486197615,0.00122238439508,-0.00149550812785,-0.000547184434254],[-0.000134383983095,0.000565701688174,-0.000301378080621,0.000821387046017,-0.00149408273865,0.00788571219891,-0.00233792513609,0.000205788339372,0.000419223972131,-0.000880272884388,0.000613112759311,0.00117055489682,-0.000917325844057],[0.000269405980362,-0.000318447913742,0.000150672101881,-0.000101705350971,-0.00220566405915,-0.00233792513609,0.0126120178029,-0.0049081556499,-0.000242346883169,0.00031536273309,0.000115776492748,-0.000589944771491,0.000232254955336],[-0.000157221948029,-0.0000731446853024,0.00066141912248,-0.0000481013303215,0.0000356110358553,0.000205788339372,-0.0049081556499,0.012711526826,-0.00532585568726,0.00126421172172,-0.0029588334728,0.000798507302534,-0.00123021181207],[-0.000108095948235,0.000390756438719,0.0000337649798894,0.000238731197896,-0.00258767581545,0.000419223972131,-0.000242346883169,-0.00532585568726,0.0149290496483,-0.00425925524905,-0.000677387346514,-0.000956380623393,0.000833640457131],[0.0000327001143887,0.000299025821732,-0.000273812183877,0.000535972591024,-0.0014486197615,-0.000880272884388,0.00031536273309,0.00126421172172,-0.00425925524905,0.0151967154816,-0.00605933833867,0.00273375120014,-0.00107333401684],[-0.000279518280877,-0.0000451645064459,-0.000025911243938,-0.000537401239853,0.00122238439508,0.000613112759311,0.000115776492748,-0.0029588334728,-0.000677387346514,-0.00605933833867,0.0156846176833,-0.00728193484247,0.00346865272149],[-0.0000128135807245,-0.0000497290893691,0.000129658263177,0.00121442158706,-0.00149550812785,0.00117055489682,-0.000589944771491,0.000798507302534,-0.000956380623393,0.00273375120014,-0.00728193484247,0.0190649069846,-0.00669392151758],[0.000223301642109,-0.000329616159433,-0.00130924291443,-0.000146015634527,-0.000547184434254,-0.000917325844057,0.000232254955336,-0.00123021181207,0.000833640457131,-0.00107333401684,0.00346865272149,-0.00669392151758,0.0163390282542]],"mean":[-624.069091797,109.063682556,2.27307677269,22.324388504,6.40858078003,6.34608602524,-2.38997745514,4.66786909103,-4.22738075256,2.56709599495,3.13395285606,0.0719334706664,-2.63352274895]},"pitch_salience":{"dmean":0.0615405216813,"dmean2":0.0995841994882,"dvar":0.00363602000289,"dvar2":0.0089801447466,"max":0.962573707104,"mean":0.542422354221,"median":0.553164958954,"min":0.100469835103,"var":0.0130778299645},"silence_rate_20dB":{"dmean":0,"dmean2":0,"dvar":0,"dvar2":0,"max":1,"mean":1,"median":1,"min":1,"var":0},"silence_rate_30dB":{"dmean":0,"dmean2":0,"dvar":0,"dvar2":0,"max":1,"mean":1,"median":1,"min":1,"var":0},"silence_rate_60dB":{"dmean":0.00704432046041,"dmean2":0.0140900192782,"dvar":0.00699715642259,"dvar2":0.014869784005,"max":1,"mean":0.0901976153255,"median":0,"min":0,"var":0.0820611789823},"spectral_centroid":{"dmean":216.103729248,"dmean2":342.488891602,"dvar":60914.03125,"dvar2":133630.015625,"max":10981.8554688,"mean":1486.4473877,"median":1468.39160156,"min":274.805267334,"var":273710.53125},"spectral_complexity":{"dmean":3.19381666183,"dmean2":5.14559698105,"dvar":10.6505117416,"dvar2":24.7814178467,"max":54,"mean":22.5637836456,"median":23,"min":0,"var":112.569015503},"spectral_contrast_coeffs":{"dmean":[0.0467371121049,0.043713748455,0.0355827957392,0.0278031341732,0.0205536726862,0.0157744549215],"dmean2":[0.0766480714083,0.071400821209,0.0575469620526,0.0457649081945,0.0338003337383,0.0251453798264],"dvar":[0.00158819742501,0.00130804092623,0.000838759995531,0.000491456477903,0.00028216568171,0.000206031400012],"dvar2":[0.00417776592076,0.00342324655503,0.00217933347449,0.00129970547277,0.000696347444318,0.000470177124953],"max":[-0.32103946805,-0.394518554211,-0.468260377645,-0.54825335741,-0.562794446945,-0.584343492985],"mean":[-0.650190889835,-0.721126317978,-0.762763917446,-0.782533526421,-0.77673971653,-0.758369028568],"median":[-0.659168064594,-0.725396513939,-0.771245837212,-0.78734600544,-0.782122969627,-0.761442542076],"min":[-0.99754846096,-0.992876589298,-0.97605741024,-0.977137684822,-0.974013864994,-0.963026702404],"var":[0.00635476829484,0.00523574789986,0.00416331598535,0.00205337954685,0.00189160672016,0.00134786264971]},"spectral_contrast_valleys":{"dmean":[0.338979452848,0.310542434454,0.267307221889,0.224376603961,0.18912217021,0.195035532117],"dmean2":[0.562677145004,0.51301497221,0.441172242165,0.361846625805,0.294953942299,0.266920030117],"dvar":[0.103477083147,0.0800659507513,0.0560815818608,0.0470371544361,0.0473014749587,0.0615330636501],"dvar2":[0.234495967627,0.18362750113,0.124193251133,0.0902756601572,0.0833253860474,0.0960426181555],"max":[-5.48844480515,-4.60016155243,-5.47702360153,-5.67538309097,-5.78003120422,-7.68116188049],"mean":[-7.17148828506,-6.69805622101,-7.30685138702,-7.47197437286,-7.42191553116,-9.8867931366],"median":[-6.79704093933,-6.51131725311,-7.09524297714,-7.19547367096,-7.12337112427,-9.50958156586],"min":[-27.6710910797,-27.4121379852,-27.1624565125,-27.540802002,-27.5418815613,-27.1378097534],"var":[1.42714726925,0.986828327179,0.934743523598,1.02567529678,1.08514523506,1.80124020576]},"spectral_decrease":{"dmean":1.48382162113e-9,"dmean2":2.41867326167e-9,"dvar":3.48923642093e-18,"dvar2":9.00711261463e-18,"max":3.60659752518e-29,"mean":-6.55666143601e-9,"median":-6.55711529518e-9,"min":-2.19685869496e-8,"var":1.40189974645e-17},"spectral_energy":{"dmean":0.00577624933794,"dmean2":0.00939062144607,"dvar":0.0000519410314155,"dvar2":0.00013328071509,"max":0.0841125845909,"mean":0.0268835388124,"median":0.0267551448196,"min":1.00113984577e-20,"var":0.000234311461099},"spectral_energyband_high":{"dmean":0.000325232773321,"dmean2":0.000482823990751,"dvar":3.26500696701e-7,"dvar2":7.23856203422e-7,"max":0.0118353720754,"mean":0.00111411930993,"median":0.000840489345137,"min":7.57713677749e-21,"var":0.00000116331023037},"spectral_energyband_low":{"dmean":0.0036284015514,"dmean2":0.00596760865301,"dvar":0.0000377758478862,"dvar2":0.0000989363252302,"max":0.0801538974047,"mean":0.00830099545419,"median":0.00640521850437,"min":5.57963400856e-23,"var":0.0000654527902952},"spectral_energyband_middle_high":{"dmean":0.00136001396459,"dmean2":0.0020856007468,"dvar":0.00000356136115442,"dvar2":0.00000805040963314,"max":0.0433084182441,"mean":0.00590594345704,"median":0.0045542800799,"min":1.32977209942e-21,"var":0.0000290540629067},"spectral_energyband_middle_low":{"dmean":0.00378950475715,"dmean2":0.0060921930708,"dvar":0.0000280352087429,"dvar2":0.0000707961662556,"max":0.0651277750731,"mean":0.0122333122417,"median":0.00949286855757,"min":2.25283806081e-22,"var":0.000101437108242},"spectral_entropy":{"dmean":0.100489735603,"dmean2":0.150885522366,"dvar":0.0100172106177,"dvar2":0.0207838434726,"max":9.78956222534,"mean":7.7318072319,"median":7.78035640717,"min":5.57738780975,"var":0.113410308957},"spectral_flux":{"dmean":0.0179043319076,"dmean2":0.0279976651073,"dvar":0.000434091576608,"dvar2":0.000948689004872,"max":0.231643438339,"mean":0.0776410922408,"median":0.0751326978207,"min":1.00056976593e-10,"var":0.00170249969233},"spectral_kurtosis":{"dmean":0.989193916321,"dmean2":1.68356359005,"dvar":1.89126574993,"dvar2":5.63499641418,"max":33.1654090881,"mean":3.22047114372,"median":2.65106487274,"min":-1.09541678429,"var":6.29830503464},"spectral_rms":{"dmean":0.000519939523656,"dmean2":0.000833084690385,"dvar":3.63066902764e-7,"dvar2":9.00297663975e-7,"max":0.00905875582248,"mean":0.00480349687859,"median":0.00510906847194,"min":3.12525482923e-12,"var":0.00000315422903441},"spectral_rolloff":{"dmean":471.630371094,"dmean2":778.521240234,"dvar":583419.4375,"dvar2":1316686.75,"max":18453.9550781,"mean":1555.61645508,"median":1356.59179688,"min":43.06640625,"var":1367723.125},"spectral_skewness":{"dmean":0.145340576768,"dmean2":0.236197054386,"dvar":0.0208429992199,"dvar2":0.0552516579628,"max":4.61277770996,"mean":1.33624601364,"median":1.30777537823,"min":0.00568436086178,"var":0.110063329339},"spectral_spread":{"dmean":359904.34375,"dmean2":517031.78125,"dvar":196027629568,"dvar2":289801502720,"max":37630620,"mean":4734454.5,"median":4680361,"min":1524329.25,"var":1497702727680},"spectral_strongpeak":{"dmean":0.479648172855,"dmean2":0.822883784771,"dvar":0.736944496632,"dvar2":1.92666876316,"max":12.2042512894,"mean":0.956759333611,"median":0.406645864248,"min":0,"var":1.48260593414},"zerocrossingrate":{"dmean":0.00847624894232,"dmean2":0.0101788006723,"dvar":0.0000858792845975,"dvar2":0.000106653307739,"max":0.513671875,"mean":0.064601585269,"median":0.0634765625,"min":0.005859375,"var":0.000793435378}},"metadata":{"audio_properties":{"analysis_sample_rate":44100,"bit_rate":325348,"codec":"aac","downmix":"mix","equal_loudness":0,"length":237.310958862,"lossless":false,"md5_encoded":"2f8c981bd36a19f59e5409bb3098bc7a","replay_gain":-15.8758554459,"sample_rate":48000},"tags":{"album":["Original Sin"],"artist":["INXS"],"file_name":"copy8506665371993613436.m4a","musicbrainz_recordingid":["dd12112c-b0f9-498d-8e9e-06fc1da898e4"],"title":["Never Tear Us Apart (feat. Ben Harper & Mylene Farmer)"],"tracknumber":["4"]},"version":{"essentia":"2.1-beta2","essentia_build_sha":"cead25079874084f62182a551b7393616cd33d87","essentia_git_sha":"v2.1_beta2-1-ge3940c0","extractor":"music 1.0"}},"rhythm":{"beats_count":422,"beats_loudness":{"dmean":0.0100000305101,"dmean2":0.0176536533982,"dvar":0.000089209061116,"dvar2":0.000250681128819,"max":0.0670559629798,"mean":0.0287008006126,"median":0.0294532384723,"min":0.00000619539332547,"var":0.000232041071285},"beats_loudness_band_ratio":{"dmean":[0.184713855386,0.124801039696,0.122311510146,0.0668055191636,0.0551266074181,0.0501325167716],"dmean2":[0.309467703104,0.209887474775,0.21076656878,0.116166867316,0.0960199832916,0.0880209729075],"dvar":[0.0228506010026,0.0125322425738,0.0174569971859,0.00542796216905,0.00300100748427,0.0024810754694],"dvar2":[0.0589997060597,0.0334152765572,0.0474398210645,0.0143066914752,0.00863901898265,0.00663036154583],"max":[0.976690292358,0.762873351574,0.805040359497,0.505952656269,0.504134654999,0.475993335247],"mean":[0.384126633406,0.213051408529,0.190590664744,0.105819515884,0.08941514045,0.0710370317101],"median":[0.352312535048,0.169107735157,0.132682859898,0.0862922072411,0.0764029473066,0.059152007103],"min":[0.0134270694107,0.00564673962072,0.00253712129779,0.00251597980969,0.000346928631188,0.000741673400626],"var":[0.0520608350635,0.0255399923772,0.0262696035206,0.00744616892189,0.00414436962456,0.00300300377421