{"lowlevel":{"average_loudness":0.951906561852,"barkbands":{"dmean":[0.000007095917681,0.000366538384696,0.00091094954405,0.00132459390443,0.00216694991104,0.000193270476302,0.0000788694887888,0.000155453235493,0.0000531837977178,0.0000531351033715,0.0000201585407922,0.0000403662488679,0.0000465403500129,0.0000785993834143,0.000105883438664,0.000137955532409,0.000514085229952,0.000511688704137,0.000649785506539,0.000220945759793,0.000112212073873,0.0000747301091906,0.00002336072248,0.00000765041295381,0.00000391564344682,0.00000155743646246,3.5169551893e-7],"dmean2":[0.0000108713120426,0.000612474919762,0.00156244670507,0.0022521247156,0.00365542364307,0.000309582363116,0.000121620643768,0.000235647035879,0.0000861912922119,0.0000820351197035,0.000031952651625,0.0000653270180919,0.0000753924541641,0.000124835903989,0.000168681319337,0.000220979898586,0.000833477417473,0.000823616050184,0.0010313030798,0.000356968579581,0.000177706155227,0.000112121982966,0.0000352426031895,0.0000116004111987,0.00000563755747862,0.00000223708752856,5.2255893479e-7],"dvar":[1.05357104985e-10,6.21865979156e-7,0.00000151790493419,0.00000446471995019,0.0000187504247151,1.27979035369e-7,4.0809965185e-8,1.28655699427e-7,1.89420887864e-8,1.51816497151e-8,1.63983182588e-9,8.20629963982e-9,1.80328800781e-8,3.0751305502e-8,5.67411291286e-8,4.52960513542e-8,5.27208101175e-7,9.68141534941e-7,0.0000012187908851,1.17498736074e-7,5.19030187718e-8,2.24510365854e-8,1.9211447988e-9,2.16393097885e-10,1.04125152944e-10,9.4832631331e-12,5.19938909635e-13],"dvar2":[2.10262293687e-10,0.00000163206357229,0.0000042246083467,0.0000117008294183,0.0000512511360284,3.13664628493e-7,8.89017570671e-8,2.96824822499e-7,4.99594463577e-8,3.16934318789e-8,3.71774722119e-9,2.05359427241e-8,4.05345872423e-8,7.08708043362e-8,1.44837315474e-7,1.06778685449e-7,0.00000132251557261,0.00000231930448535,0.00000283583813143,2.82732486312e-7,1.27063728428e-7,5.13999331986e-8,4.31027480374e-9,4.54132426109e-10,2.10510192611e-10,1.85079312987e-11,1.07682883877e-12],"max":[0.000165456847753,0.00985117908567,0.0157655365765,0.0334414578974,0.0514372177422,0.00677582947537,0.00454193772748,0.00598574150354,0.00257934257388,0.00402866862714,0.00125674519222,0.00191867991816,0.00500079337507,0.00528790941462,0.0044657215476,0.00325526832603,0.0123231159523,0.023766014725,0.0220658928156,0.00504102976993,0.00397934066132,0.0027281306684,0.000946580374148,0.000342047977028,0.000322943727951,0.0000633639647276,0.0000108780586743],"mean":[0.0000263807087322,0.000429677922511,0.0013438493479,0.00174312619492,0.00313193234615,0.000294585886877,0.000123719481053,0.000239774410147,0.0000857956401887,0.0000936599972192,0.000033094704122,0.0000667640342726,0.0000635838296148,0.000131471810164,0.000184928590897,0.000263843947323,0.00100062799174,0.0009816394886,0.00150822137948,0.000458278256701,0.000237056767219,0.000164380398928,0.0000518658671353,0.0000164100747497,0.0000088350589067,0.0000032464895412,6.63557102598e-7],"median":[0.0000246066756517,0.000197180197574,0.000926032662392,0.00104314507917,0.00206849956885,0.000139954237966,0.0000523343405803,0.0000786999225966,0.0000502321490785,0.0000545692128071,0.0000162210199051,0.0000378691111109,0.0000158165330504,0.0000620541904937,0.000107087958895,0.000181959490874,0.00070763862459,0.000455150875496,0.000995432725176,0.000344902189681,0.000166123907547,0.0000697422874509,0.0000302046246361,0.0000108264885057,0.00000246331455855,4.30394180739e-7,5.66495330645e-8],"min":[5.16680917346e-25,2.04125036468e-24,3.00752135432e-25,1.03694681308e-24,1.09390040107e-23,8.08745248742e-24,8.3668054889e-24,7.92381906985e-24,1.61298594394e-23,1.10193913035e-23,1.06598064148e-23,1.65593389821e-23,2.39087489838e-23,2.46022602714e-23,5.22349202439e-23,4.89908749215e-23,7.17764090386e-23,7.68669915689e-23,1.4101103251e-22,1.65668767058e-22,2.05084814343e-22,2.97832175469e-22,3.79176078892e-22,5.70652083366e-22,8.93167956372e-22,1.23356085637e-21,1.9235568157e-21],"var":[2.16054590885e-10,5.53810480142e-7,0.00000215955537897,0.00000484094516651,0.0000169342056324,2.60776317873e-7,8.82102639821e-8,2.63138787204e-7,2.21900542385e-8,3.0011122476e-8,3.64543906173e-9,1.22476659925e-8,2.97751476808e-8,6.81045619899e-8,1.04811284984e-7,8.7973170082e-8,0.00000104059222394,0.00000224672339755,0.00000315930583383,1.95314214579e-7,6.7777655488e-8,5.37421662727e-8,4.38902958422e-9,5.15212206231e-10,2.90110380163e-10,3.37158113928e-11,1.50336926068e-12]},"barkbands_crest":{"dmean":2.24769759178,"dmean2":3.74340844154,"dvar":4.4551987648,"dvar2":11.9841632843,"max":26.9044647217,"mean":8.51622200012,"median":7.80013084412,"min":2.91189551353,"var":11.0565624237},"barkbands_flatness_db":{"dmean":0.0186896696687,"dmean2":0.030462436378,"dvar":0.000382886908483,"dvar2":0.00101878400892,"max":0.529701530933,"mean":0.137286677957,"median":0.126317128539,"min":0.0263329613954,"var":0.0024760547094},"barkbands_kurtosis":{"dmean":2.83302545547,"dmean2":3.6265103817,"dvar":582.613830566,"dvar2":762.264038086,"max":3319.31884766,"mean":6.24799728394,"median":-1.27461504936,"min":-1.90796935558,"var":12384.7841797},"barkbands_skewness":{"dmean":0.57078576088,"dmean2":0.901737034321,"dvar":0.386343121529,"dvar2":0.890935361385,"max":55.9723167419,"mean":0.700027406216,"median":0.435364723206,"min":-3.16596245766,"var":6.81346511841},"barkbands_spread":{"dmean":6.54965353012,"dmean2":10.9706315994,"dvar":46.7491226196,"dvar2":127.795570374,"max":101.126022339,"mean":39.8263320923,"median":42.4445877075,"min":0.145872458816,"var":134.282852173},"dissonance":{"dmean":0.00455744750798,"dmean2":0.00766545161605,"dvar":0.0000229743782256,"dvar2":0.0000627745248494,"max":0.500000059605,"mean":0.49110865593,"median":0.492424994707,"min":0.379665583372,"var":0.0000425204270869},"dynamic_complexity":2.51781725883,"erbbands":{"dmean":[0.00620299717411,0.10487806797,0.756481289864,2.84649991989,8.19369411469,6.03069114685,3.19450330734,1.04085659981,0.575367927551,2.96776747704,2.46094369888,1.16889488697,1.85543906689,1.03499209881,1.09819245338,1.61024129391,2.14833760262,3.47610616684,5.01829910278,4.8281993866,9.58654689789,26.1694831848,27.7671737671,28.716217041,27.7033901215,9.39168739319,5.55505657196,4.0616312027,2.82541441917,1.55972099304,0.597677707672,0.250931888819,0.0832419097424,0.051237989217,0.0241086035967,0.0103384470567,0.00234513590112,0.000399271055358,0.0000619891143288,0.00000758828082326],"dmean2":[0.00940723996609,0.179319798946,1.30829942226,4.78730106354,13.9456377029,10.2682781219,5.10311794281,1.72093605995,0.916634440422,4.5076675415,3.74730205536,1.91720569134,2.91336679459,1.59799456596,1.76242172718,2.5754468441,3.4259750843,5.48942899704,7.99566650391,7.81065797806,15.1358890533,42.4863624573,44.8841285706,45.42786026,43.9515190125,15.169585228,8.82081222534,6.32366943359,4.23162412643,2.34091162682,0.893827855587,0.37518632412,0.122398413718,0.0758996382356,0.0357727669179,0.0148630142212,0.0033945706673,0.000579445215408,0.000091434296337,0.0000114173381007],"dvar":[0.000160140683874,0.0503342039883,1.170170784,14.1627674103,334.092529297,103.944229126,26.236907959,3.86726999283,0.648561298847,64.0032043457,40.9605674744,8.05931949615,20.5819683075,2.78312969208,10.3858737946,9.45663166046,35.1574554443,70.126373291,109.495780945,61.8963432312,191.504592896,1260.93811035,2879.10693359,2505.27368164,2343.41674805,218.045455933,123.572952271,62.3642921448,31.5157012939,10.6662387848,1.09891176224,0.215143620968,0.0339765995741,0.0199741758406,0.00347375846468,0.00044996230281,0.0000213767671084,6.51613902392e-7,1.54624402171e-8,1.0856048005e-10],"dvar2":[0.000355923053576,0.135832950473,3.24862909317,37.6220626831,890.527099609,285.813995361,63.5643196106,9.99507427216,1.61505961418,140.226760864,92.8805847168,21.3615283966,45.9433441162,6.26069879532,23.9068870544,23.4627761841,78.4223632812,165.143508911,265.33026123,158.580245972,439.058502197,3131.22094727,7021.80371094,5879.10253906,5441.17871094,526.909851074,296.821258545,148.699005127,71.171081543,24.8303394318,2.39650821686,0.456781744957,0.0711503922939,0.0421622060239,0.00724599137902,0.000899549981114,0.0000433328350482,0.00000133235221256,3.18404005384e-8,2.34285674194e-10],"max":[0.190036296844,3.00388169289,14.5463485718,50.9136543274,209.595443726,109.627807617,106.128242493,39.9240150452,11.4161128998,142.712646484,167.718551636,54.3729476929,139.935714722,36.6122970581,123.069366455,66.0371170044,223.468231201,183.238128662,232.955200195,185.025405884,225.052536011,571.553344727,1195.65124512,1105.75671387,869.971618652,194.86907959,187.922271729,111.157836914,80.718788147,67.0015945435,24.4152126312,10.5387010574,4.27433633804,4.04243946075,1.91812121868,0.54358536005,0.0898554027081,0.0133375823498,0.00215341383591,0.000128063198645],"mean":[0.00823240820318,0.125979140401,1.09708440304,4.55986356735,9.81834316254,9.1683807373,5.29583787918,1.55632960796,1.05616664886,4.4159488678,4.1797246933,2.03802371025,3.18606376648,1.92570364475,1.89729821682,2.8409075737,3.3115503788,5.83012294769,9.23087692261,9.76473999023,20.4789161682,54.9747886658,57.5303344727,67.0625839233,62.1679496765,21.4984512329,11.7039995193,8.78956508636,6.0684762001,3.2778646946,1.37675082684,0.56716299057,0.178745239973,0.106085456908,0.052216488868,0.022074142471,0.00479517737404,0.00078419293277,0.000121567099995,0.0000230574896705],"median":[0.00251731439494,0.0645446926355,0.78946185112,3.18018579483,5.55849075317,5.72146224976,2.8382422924,0.813494443893,0.731501460075,1.0420191288,1.68027698994,1.27506160736,1.77849578857,1.19748795033,1.03220403194,1.70908308029,1.0756726265,2.39425158501,5.23888111115,7.31417322159,14.6720485687,40.8396606445,28.3791923523,42.9953842163,39.721988678,17.2234096527,8.72305393219,5.50143527985,2.62627220154,1.45441508293,0.85700750351,0.370550632477,0.0845271497965,0.0360907763243,0.0131614804268,0.00312625989318,0.000596407800913,0.0000960277247941,0.0000216276130232,0.0000194498607016],"min":[9.89720795126e-23,4.13752975706e-22,2.42249939806e-21,4.68836681569e-21,1.14534747646e-20,1.8835035026e-20,4.58530221163e-20,3.49250711892e-20,1.29758375125e-19,1.2731341018e-19,2.94721841464e-19,2.89593606009e-19,5.89995153902e-19,7.53261323172e-19,6.75073730132e-19,1.06631449514e-18,1.38733532926e-18,1.45133594761e-18,1.63253616804e-18,3.21431322497e-18,2.81798204218e-18,4.83307776639e-18,5.5308893991e-18,5.38102288367e-18,8.27620920793e-18,7.95545255462e-18,9.68881862721e-18,9.83683928911e-18,9.8618672929e-18,1.1342161593e-17,1.08099080919e-17,1.06886798101e-17,9.00607202142e-18,7.31851934705e-18,5.64821669718e-18,3.92483221304e-18,2.54339302719e-18,8.96971908786e-19,2.56048485339e-19,2.56605013102e-20],"var":[0.000216265470954,0.0413606874645,1.37251615524,21.4184741974,275.68951416,115.72290802,61.5651168823,5.31547260284,1.29090809822,135.869018555,106.3565979,10.1897506714,36.6528167725,6.25318956375,19.9699611664,15.9638271332,62.2232208252,149.562057495,244.691650391,103.571815491,410.171203613,2645.06542969,6605.95166016,7144.69335938,5516.07177734,364.352966309,156.876052856,99.0284423828,66.5928192139,24.5919704437,2.86708593369,0.543789565563,0.0838089510798,0.0450231134892,0.00982511416078,0.0016103371745,0.0000740669711377,0.00000197960480364,4.41419807373e-8,2.85997170391e-10]},"erbbands_crest":{"dmean":2.0573990345,"dmean2":3.4068582058,"dvar":3.7017416954,"dvar2":9.6882724762,"max":27.241230011,"mean":8.80972957611,"median":8.25553894043,"min":2.73330044746,"var":8.82650947571},"erbbands_flatness_db":{"dmean":0.0146197928116,"dmean2":0.0220937132835,"dvar":0.000190393591765,"dvar2":0.000413200818002,"max":0.328887492418,"mean":0.194576770067,"median":0.194913119078,"min":0.0439770705998,"var":0.00155057909433},"erbbands_kurtosis":{"dmean":2.00445461273,"dmean2":3.22990751266,"dvar":6.31360578537,"dvar2":15.6754341125,"max":45.1961021423,"mean":2.71476244926,"median":1.86403107643,"min":-1.8866571188,"var":17.3737831116},"erbbands_skewness":{"dmean":0.417441338301,"dmean2":0.670679032803,"dvar":0.170843973756,"dvar2":0.444526791573,"max":5.8364200592,"mean":-1.52927720547,"median":-1.56979393959,"min":-5.37364768982,"var":0.643529772758},"erbbands_spread":{"dmean":10.6122713089,"dmean2":17.1955890656,"dvar":118.485641479,"dvar2":317.154632568,"max":113.219528198,"mean":38.138420105,"median":34.6519393921,"min":4.02452993393,"var":326.775695801},"gfcc":{"cov":[[32562.7539062,1359.04089355,-3953.57983398,1822.6171875,-1629.46655273,-417.218475342,-1328.10583496,38.0103492737,-912.887268066,-550.236633301,-693.946533203,-237.508499146,-645.351074219],[1359.04089355,1325.55090332,-568.383300781,372.414978027,213.673538208,-309.801971436,202.730728149,-218.911911011,100.199050903,-100.850471497,12.1133966446,-110.658721924,164.326385498],[-3953.57983398,-568.383300781,1003.76690674,-306.762756348,180.952484131,136.989074707,73.4011917114,101.565513611,9.44412517548,122.343940735,15.6247415543,98.9926071167,17.8329391479],[1822.6171875,372.414978027,-306.762756348,381.101165771,-36.9109077454,-82.6074142456,-16.6545085907,-88.4215698242,23.9095668793,-76.5184860229,-6.31984567642,-32.3412742615,18.6489276886],[-1629.46655273,213.673538208,180.952484131,-36.9109077454,324.590423584,-54.659866333,149.253936768,-12.2173070908,49.3716964722,42.7514762878,11.1948652267,8.04427528381,87.3407897949],[-417.218475342,-309.801971436,136.989074707,-82.6074142456,-54.659866333,198.113250732,-0.64301431179,79.1048812866,-10.5932779312,28.1994495392,21.1857643127,24.5967292786,-34.4894294739],[-1328.10583496,202.730728149,73.4011917114,-16.6545085907,149.253936768,-0.64301431179,188.075698853,-17.2267436981,67.9668121338,15.2469177246,29.8970985413,0.0754899531603,71.482208252],[38.0103492737,-218.911911011,101.565513611,-88.4215698242,-12.2173070908,79.1048812866,-17.2267436981,141.712844849,-2.0742456913,39.0769195557,-18.2834815979,15.5455627441,-35.5303726196],[-912.887268066,100.199050903,9.44412517548,23.9095668793,49.3716964722,-10.5932779312,67.9668121338,-2.0742456913,133.556289673,21.7224979401,49.4668617249,-16.9754390717,25.6425418854],[-550.236633301,-100.850471497,122.343940735,-76.5184860229,42.7514762878,28.1994495392,15.2469177246,39.0769195557,21.7224979401,88.5603103638,26.2300701141,17.6890621185,-18.4865093231],[-693.946533203,12.1133966446,15.6247415543,-6.31984567642,11.1948652267,21.1857643127,29.8970985413,-18.2834815979,49.4668617249,26.2300701141,90.0718688965,19.192232132,7.06811523438],[-237.508499146,-110.658721924,98.9926071167,-32.3412742615,8.04427528381,24.5967292786,0.0754899531603,15.5455627441,-16.9754390717,17.6890621185,19.192232132,73.5790481567,15.2263002396],[-645.351074219,164.326385498,17.8329391479,18.6489276886,87.3407897949,-34.4894294739,71.482208252,-35.5303726196,25.6425418854,-18.4865093231,7.06811523438,15.2263002396,113.965118408]],"icov":[[0.000456251378637,-0.000896038371138,0.0011028193403,-0.00119751167949,0.000806135358289,-0.000473973253975,0.00151940761134,-0.00139879540075,0.00167576503009,-0.0010902377544,0.00224696542136,-0.00172408123035,0.00128573528491],[-0.000896038371138,0.00538613600656,-0.000976897543296,0.000577375292778,-0.00246265623719,0.00409047398716,-0.0061702770181,0.00325375376269,-0.0023366457317,0.00198338832706,-0.00567093398422,0.00637582782656,-0.00442471774295],[0.0011028193403,-0.000976897543296,0.00491371145472,-0.00247361301444,0.000597171252593,-0.00124888157006,0.00295752077363,-0.00268245115876,0.00357808056287,-0.00353098195046,0.00625659665093,-0.00520628271624,0.00269217649475],[-0.00119751167949,0.000577375292778,-0.00247361301444,0.00828013941646,-0.00214109080844,-0.000327687273966,-0.00172021985054,0.00515939854085,-0.00678330007941,0.00508626876399,-0.00435472419485,0.00198688963428,-0.00199639122002],[0.000806135358289,-0.00246265623719,0.000597171252593,-0.00214109080844,0.00865532737225,0.00104935967829,-0.000916115357541,-0.00345627567731,0.00389164825901,-0.00510785914958,0.00444273557514,-0.00242391834036,-0.00010179754463],[-0.000473973253975,0.00409047398716,-0.00124888157006,-0.000327687273966,0.00104935967829,0.0122734466568,-0.00700593646616,-0.00297603663057,0.00150039629079,0.00166105362587,-0.00748935109004,0.00493606366217,-0.00221950863488],[0.00151940761134,-0.0061702770181,0.00295752077363,-0.00172021985054,-0.000916115357541,-0.00700593646616,0.0194305554032,-0.00361900078133,0.000917675788514,-0.00286287791096,0.0082552023232,-0.00767941772938,0.0024289356079],[-0.00139879540075,0.00325375376269,-0.00268245115876,0.00515939854085,-0.00345627567731,-0.00297603663057,-0.00361900078133,0.0177642535418,-0.0090462686494,-0.0000543071291759,0.000221633905312,0.00210844818503,-0.00174949341454],[0.00167576503009,-0.0023366457317,0.00357808056287,-0.00678330007941,0.00389164825901,0.00150039629079,0.000917675788514,-0.0090462686494,0.0209768880159,-0.00638497946784,-0.000927361659706,0.00136753125116,0.00160357682034],[-0.0010902377544,0.00198338832706,-0.00353098195046,0.00508626876399,-0.00510785914958,0.00166105362587,-0.00286287791096,-0.0000543071291759,-0.00638497946784,0.0233513731509,-0.0103370472789,0.0015509435907,0.00254108058289],[0.00224696542136,-0.00567093398422,0.00625659665093,-0.00435472419485,0.00444273557514,-0.00748935109004,0.0082552023232,0.000221633905312,-0.000927361659706,-0.0103370472789,0.0329204313457,-0.0177645590156,0.00871783774346],[-0.00172408123035,0.00637582782656,-0.00520628271624,0.00198688963428,-0.00242391834036,0.00493606366217,-0.00767941772938,0.00210844818503,0.00136753125116,0.0015509435907,-0.0177645590156,0.0308784283698,-0.0127210635692],[0.00128573528491,-0.00442471774295,0.00269217649475,-0.00199639122002,-0.00010179754463,-0.00221950863488,0.0024289356079,-0.00174949341454,0.00160357682034,0.00254108058289,0.00871783774346,-0.0127210635692,0.0208884719759]],"mean":[-71.1184310913,82.3014144897,-140.855148315,80.5829086304,-40.8590583801,-17.9488887787,-33.0186157227,-2.31155443192,-27.4726810455,-18.3883285522,-23.7514438629,-10.253988266,-15.0262804031]},"hfc":{"dmean":5.23771953583,"dmean2":7.78403615952,"dvar":56.6790847778,"dvar2":122.522689819,"max":109.544830322,"mean":17.9286003113,"median":13.5788373947,"min":1.04350905534e-16,"var":195.950881958},"melbands":{"dmean":[0.000077697521192,0.000305713911075,0.000618961057626,0.000550192315131,0.000128771251184,0.0000250944776781,0.0000100028773886,0.0000338118661602,0.0000177511592483,0.00000755582732381,0.0000093707076303,0.00000443714407083,0.00000334806645697,0.00000360048920811,0.00000582096026847,0.00000451440337201,0.00000708569677954,0.00000811476184026,0.00000781818653195,0.00000874982652022,0.0000141385944517,0.0000278672905552,0.0000343930332747,0.0000249018430623,0.0000255409322563,0.0000286938829959,0.0000124997814055,0.00000590515674048,0.00000418373701905,0.00000276808918898,0.00000245116370934,0.00000185293515642,0.00000128838246383,7.34822606319e-7,3.81054434229e-7,2.45365100682e-7,1.31068517817e-7,6.19181648176e-8,5.40742242094e-8,4.24330188764e-8],"dmean2":[0.000125056758407,0.000526027579326,0.00104423367884,0.000936707830988,0.000206632801564,0.0000410968750657,0.0000158223610924,0.0000513951090397,0.0000270005002676,0.0000124684056573,0.000014708024537,0.00000688007412464,0.00000534625041837,0.00000583374139751,0.00000928456483962,0.00000724384017303,0.0000111918161565,0.0000130107437144,0.0000125868418763,0.0000142762755786,0.0000223983097385,0.0000454002874903,0.0000561934502912,0.0000401713077736,0.0000408449268434,0.0000461127820017,0.0000201741786441,0.00000967168125499,0.00000672582609695,0.00000443257567895,0.0000038611879063,0.00000282181440525,0.00000194620724869,0.00000112686109333,5.76296713461e-7,3.7620586113e-7,2.00974170639e-7,9.36637860605e-8,8.05628204148e-8,6.42284732066e-8],"dvar":[2.64427981733e-8,2.09949902796e-7,0.00000102773276467,0.00000129035311147,3.74090411981e-8,2.18587881129e-9,2.91437957101e-10,7.63069873955e-9,2.5122772751e-9,4.04416639066e-10,5.33590227558e-10,5.88189219553e-11,6.40575301136e-11,8.24532317423e-11,2.29643831728e-10,1.25493476721e-10,3.16418780066e-10,2.43123715604e-10,4.02216787654e-10,2.24170834673e-10,4.49891762733e-10,1.79827952529e-9,3.14415005143e-9,3.77264264273e-9,2.14668860465e-9,2.87380275132e-9,4.13750755879e-10,8.8865782788e-11,6.49206452485e-11,3.20112270025e-11,2.1226980243e-11,1.242711576e-11,8.40180355843e-12,2.15534014247e-12,4.4008161915e-13,1.92387203174e-13,6.3286629084e-14,1.99856102533e-14,1.63140968155e-14,1.52920499207e-14],"dvar2":[6.55721024145e-8,5.79022525926e-7,0.00000268256007985,0.00000353634050043,9.331013473e-8,5.57739410212e-9,6.86864010113e-10,1.69626250823e-8,5.47858247657e-9,1.11699405281e-9,1.18372434077e-9,1.30500873996e-10,1.46434281367e-10,2.00027425179e-10,5.1866849704e-10,3.07046582604e-10,7.35913385785e-10,5.78601777601e-10,1.06860353899e-9,5.34636279692e-10,1.0368258474e-9,4.52970505549e-9,7.82922171538e-9,9.04689123615e-9,5.18941734029e-9,6.7796785963e-9,1.02084107834e-9,2.15251941271e-10,1.56013743591e-10,8.04028718604e-11,5.16596071476e-11,2.88947407667e-11,1.9910913196e-11,5.11777859674e-12,9.98711963823e-13,4.31505851016e-13,1.36375380932e-13,4.47459079609e-14,3.43991497884e-14,3.30737329613e-14],"max":[0.00210088514723,0.00644971709698,0.0136698903516,0.0131250834092,0.00303734908812,0.000893867574632,0.000350316666299,0.00144998542964,0.00137256819289,0.000411101238569,0.000720464333426,0.000158043185365,0.000288104842184,0.000270491233096,0.000536069332156,0.000267214054475,0.000449732324341,0.000337209727149,0.000496296677738,0.000280087901046,0.000342763552908,0.000804194365628,0.000865810259711,0.00177773355972,0.00107282027602,0.00117783702444,0.000339391845046,0.000157870890689,0.000125834660139,0.000135213413159,0.0000550316326553,0.0000598769511271,0.0000599273225816,0.0000269670417765,0.0000149012885231,0.00000972848556557,0.00000598293945586,0.00000290963475891,0.00000316023488267,0.00000347518448507],"mean":[0.0000959341778071,0.000446374819148,0.000912962888833,0.000757427420467,0.000214457715629,0.00003743634079,0.0000173927037395,0.0000499948728248,0.0000306540714519,0.0000121968350868,0.0000157778140419,0.00000776370416133,0.00000560661328564,0.00000609485732639,0.0000090605171863,0.00000646843682262,0.0000112598836495,0.0000141698201332,0.0000133095891215,0.0000153243090608,0.0000263362217083,0.0000530111210537,0.00006540150207,0.0000451228333986,0.0000544924732822,0.0000597503349127,0.000024927299819,0.0000117996096378,0.00000797157736088,0.00000536293646292,0.00000498462486576,0.00000374805813408,0.00000250592506745,0.0000014462349327,8.04037028956e-7,5.37624316621e-7,2.65641915576e-7,1.18019805484e-7,1.05006293438e-7,8.17558287736e-8],"median":[0.0000418505551352,0.000321870786138,0.00061707966961,0.000476061599329,0.000124615980894,0.000019078999685,0.0000108239237306,0.0000119909964269,0.0000122853771245,0.00000764219475968,0.00000860336513142,0.0000043850941438,0.00000282960718323,0.00000368564747077,0.00000381171867048,0.0000017700144781,0.00000429102874477,0.00000783371979196,0.00000774881209509,0.0000103443544504,0.0000173297084984,0.0000385394159821,0.000035652272345,0.0000181594732567,0.0000352888600901,0.0000370139969164,0.0000162843934959,0.00000919547892408,0.00000579954939894,0.00000357519161298,0.00000290403568215,0.00000156148007591,9.5497057373e-7,6.51421714792e-7,4.82086136344e-7,3.33836965183e-7,1.6733744701e-7,5.09893851586e-8,2.88724493203e-8,2.87392616372e-8],"min":[7.50940460115e-25,1.67826252724e-24,1.4172684884e-24,1.19826107819e-24,1.32157157477e-24,8.93470862394e-25,2.06259516584e-24,1.21634739077e-24,2.91354455189e-24,1.90232821218e-24,2.47987734115e-24,3.04987983227e-24,1.67383859529e-24,2.3317675229e-24,3.19768968616e-24,3.0506146562e-24,2.46140655748e-24,1.34909138188e-24,3.78420204995e-24,2.77081476502e-24,2.33230059566e-24,3.72829823861e-24,4.67383283606e-24,3.14629401767e-24,3.9389020122e-24,4.35430867071e-24,4.03024066654e-24,4.926295147e-24,4.9595397177e-24,4.82578835122e-24,4.98814302526e-24,4.68019499926e-24,5.20172198776e-24,5.26387121088e-24,5.88596652631e-24,6.15079857068e-24,5.13740734145e-24,5.6136643636e-24,6.11391104032e-24,5.77587230952e-24],"var":[2.76697882384e-8,2.38073326386e-7,0.00000112096506655,0.00000113053829409,7.68283285879e-8,3.28854254938e-9,5.97094595989e-10,1.55970720783e-8,7.2001706819e-9,3.68294200692e-10,9.53366829926e-10,1.24888197006e-10,1.33042230011e-10,1.21294918554e-10,3.86865817159e-10,2.29382388084e-10,6.60101473482e-10,5.51628853707e-10,6.04340466559e-10,3.43159944904e-10,8.75136241252e-10,2.95415159002e-9,7.15609482782e-9,7.52252837799e-9,5.3235060804e-9,5.88961057701e-9,8.67070526489e-10,1.3243635355e-10,8.0499627797e-11,3.94995980368e-11,3.5507482371e-11,2.63738076517e-11,1.64648225609e-11,4.68690667874e-12,1.04833654778e-12,4.86390387602e-13,1.40442819592e-13,4.15578487421e-14,4.18173050983e-14,3.01188720774e-14]},"melbands_crest":{"dmean":3.15909075737,"dmean2":5.22650909424,"dvar":7.46704339981,"dvar2":19.9522590637,"max":39.9400939941,"mean":14.0839138031,"median":13.951341629,"min":1.55539214611,"var":24.3209896088},"melbands_flatness_db":{"dmean":0.0263048168272,"dmean2":0.0432236641645,"dvar":0.000729295425117,"dvar2":0.00195502513088,"max":0.540754139423,"mean":0.178000196815,"median":0.16364428401,"min":0.00360282417387,"var":0.00451438315213},"melbands_kurtosis":{"dmean":7.0151553154,"dmean2":10.7650976181,"dvar":712.740722656,"dvar2":1073.05847168,"max":3259.71435547,"mean":13.467965126,"median":2.63543558121,"min":-1.91491305828,"var":11746.0712891},"melbands_skewness":{"dmean":0.815084576607,"dmean2":1.31282353401,"dvar":0.809979438782,"dvar2":2.06376719475,"max":54.0274429321,"mean":2.42677879333,"median":2.01603794098,"min":-1.4009270668,"var":7.15481567383},"melbands_spread":{"dmean":14.7400474548,"dmean2":24.0259876251,"dvar":187.003982544,"dvar2":490.761352539,"max":159.369827271,"mean":54.128200531,"median":52.1515808105,"min":0.229644596577,"var":839.066223145},"mfcc":{"cov":[[10065.2558594,437.046783447,-625.820861816,624.553833008,-177.298233032,-158.886016846,-371.452209473,160.224456787,-400.046600342,-129.272003174,-31.9473838806,-215.051696777,-298.627685547],[437.046783447,1054.1842041,-365.34979248,510.989501953,22.4364929199,43.6853599548,63.2368965149,-69.0788497925,142.330612183,-26.6193561554,-129.990829468,26.8808917999,55.1634521484],[-625.820861816,-365.34979248,453.153533936,-162.628509521,44.0166282654,-8.17108058929,25.2494792938,23.5148773193,-19.5412731171,-4.14213418961,39.2649497986,-8.20478725433,-5.66690349579],[624.553833008,510.989501953,-162.628509521,494.376953125,42.9612045288,53.7051925659,-25.2274875641,-17.5248699188,43.9549179077,-28.1171092987,-77.1603469849,-13.5543889999,15.1144475937],[-177.298233032,22.4364929199,44.0166282654,42.9612045288,121.49004364,-2.04734826088,31.8552951813,-2.52144622803,30.7017784119,2.48150205612,5.75113010406,-3.10255742073,13.1898441315],[-158.886016846,43.6853599548,-8.17108058929,53.7051925659,-2.04734826088,102.371376038,24.5491867065,9.12873458862,2.10520124435,3.24381232262,-5.17996072769,16.9709377289,5.85929632187],[-371.452209473,63.2368965149,25.2494792938,-25.2274875641,31.8552951813,24.5491867065,123.040962219,7.19308757782,55.6319198608,-6.20786619186,-14.1552619934,15.5016860962,25.3622875214],[160.224456787,-69.0788497925,23.5148773193,-17.5248699188,-2.52144622803,9.12873458862,7.19308757782,85.7826690674,4.47964191437,12.0334272385,10.999124527,-0.213118731976,-6.74815893173],[-400.046600342,142.330612183,-19.5412731171,43.9549179077,30.7017784119,2.10520124435,55.6319198608,4.47964191437,131.955764771,20.7944660187,-40.1610145569,10.1397781372,33.6505317688],[-129.272003174,-26.6193561554,-4.14213418961,-28.1171092987,2.48150205612,3.24381232262,-6.20786619186,12.0334272385,20.7944660187,86.7952728271,22.8874969482,9.3217382431,-4.41633272171],[-31.9473838806,-129.990829468,39.2649497986,-77.1603469849,5.75113010406,-5.17996072769,-14.1552619934,10.999124527,-40.1610145569,22.8874969482,142.080413818,21.4043178558,-9.0479888916],[-215.051696777,26.8808917999,-8.20478725433,-13.5543889999,-3.10255742073,16.9709377289,15.5016860962,-0.213118731976,10.1397781372,9.3217382431,21.4043178558,69.8998641968,35.2029457092],[-298.627685547,55.1634521484,-5.66690349579,15.1144475937,13.1898441315,5.85929632187,25.3622875214,-6.74815893173,33.6505317688,-4.41633272171,-9.0479888916,35.2029457092,68.3097305298]],"icov":[[0.000188644087757,-0.0000559169893677,0.000184738630196,-0.000238430307945,0.0000839180574985,0.000427597900853,0.0000846480907057,-0.000559235340916,0.000549814023543,0.000135855254484,0.0000225973999477,0.000108533044113,0.000483369192807],[-0.0000559169893677,0.00362715101801,0.00149167072959,-0.00324584171176,0.000936738215387,0.000946058018599,-0.00253721792251,0.0021548923105,-0.00185798713937,0.0000375219351554,0.000466376688564,-0.00173821090721,0.000436513975728],[0.000184738630196,0.00149167072959,0.00364235485904,-0.000591811374761,-0.000942253274843,0.000450167339295,-0.00102334853727,-0.000315379002132,0.0000999959593173,0.000695621420164,0.00000234203116634,0.0000139630647027,0.000517081702128],[-0.000238430307945,-0.00324584171176,-0.000591811374761,0.00659296521917,-0.00281527871266,-0.00373697443865,0.00427527399734,-0.00101618573535,-0.000340168131515,0.00106805039104,0.000528779346496,0.00205867225304,-0.00150688691065],[0.0000839180574985,0.000936738215387,-0.000942253274843,-0.00281527871266,0.0110882464796,0.00188685569447,-0.00348958303221,0.00101706001442,-0.00138101598714,-0.000739001086913,-0.00175703305285,0.0014403903624,-0.00109410309233],[0.000427597900853,0.000946058018599,0.000450167339295,-0.00373697443865,0.00188685569447,0.0138006871566,-0.00455820513889,-0.00184310530312,0.00300802476704,-0.00129390868824,0.000675381044857,-0.00362188834697,0.00232226680964],[0.0000846480907057,-0.00253721792251,-0.00102334853727,0.00427527399734,-0.00348958303221,-0.00455820513889,0.0149636734277,-0.00226885266602,-0.0040914346464,0.00318169896491,0.00014530790213,0.000328640540829,-0.00125590118114],[-0.000559235340916,0.0021548923105,-0.000315379002132,-0.00101618573535,0.00101706001442,-0.00184310530312,-0.00226885266602,0.0152521599084,-0.00345932366326,-0.00162175763398,-0.000680145516526,-0.000987066887319,0.000342391984304],[0.000549814023543,-0.00185798713937,0.0000999959593173,-0.000340168131515,-0.00138101598714,0.00300802476704,-0.0040914346464,-0.00345932366326,0.015892047435,-0.0046859565191,0.0030407696031,0.00152929895557,-0.00334342173301],[0.000135855254484,0.0000375219351554,0.000695621420164,0.00106805039104,-0.000739001086913,-0.00129390868824,0.00318169896491,-0.00162175763398,-0.0046859565191,0.0147464936599,-0.00232012243941,-0.00195448705927,0.00325884181075],[0.0000225973999477,0.000466376688564,0.00000234203116634,0.000528779346496,-0.00175703305285,0.000675381044857,0.00014530790213,-0.000680145516526,0.0030407696031,-0.00232012243941,0.0098989084363,-0.00426554260775,0.00162699993234],[0.000108533044113,-0.00173821090721,0.0000139630647027,0.00205867225304,0.0014403903624,-0.00362188834697,0.000328640540829,-0.000987066887319,0.00152929895557,-0.00195448705927,-0.00426554260775,0.0243448261172,-0.0127538228408],[0.000483369192807,0.000436513975728,0.000517081702128,-0.00150688691065,-0.00109410309233,0.00232226680964,-0.00125590118114,0.000342391984304,-0.00334342173301,0.00325884181075,0.00162699993234,-0.0127538228408,0.0259341429919]],"mean":[-683.450805664,90.1583938599,-29.721157074,79.3621063232,6.66658973694,1.8450114727,-4.13566827774,8.49633026123,-4.87856197357,-3.65040874481,-7.05236673355,-10.0144815445,-10.8943748474]},"pitch_salience":{"dmean":0.0704077035189,"dmean2":0.118424557149,"dvar":0.00433646049351,"dvar2":0.0121236369014,"max":0.859156012535,"mean":0.599549651146,"median":0.60595369339,"min":0.00611419323832,"var":0.00950825959444},"silence_rate_20dB":{"dmean":0,"dmean2":0,"dvar":0,"dvar2":0,"max":1,"mean":1,"median":1,"min":1,"var":0},"silence_rate_30dB":{"dmean":0,"dmean2":0,"dvar":0,"dvar2":0,"max":1,"mean":1,"median":1,"min":1,"var":0},"silence_rate_60dB":{"dmean":0.0164249520749,"dmean2":0.0328556448221,"dvar":0.0161548200995,"dvar2":0.0342234186828,"max":1,"mean":0.0704053118825,"median":0,"min":0,"var":0.0654482468963},"spectral_centroid":{"dmean":293.564697266,"dmean2":486.449707031,"dvar":119266.078125,"dvar2":310772.78125,"max":11768.7001953,"mean":2604.49829102,"median":2566.91796875,"min":159.814437866,"var":1827660.375},"spectral_complexity":{"dmean":3.85916471481,"dmean2":5.98462057114,"dvar":16.1827049255,"dvar2":34.1614532471,"max":53,"mean":20.3127174377,"median":21,"min":0,"var":74.6880111694},"spectral_contrast_coeffs":{"dmean":[0.0585549846292,0.0429187864065,0.0330270789564,0.0315153673291,0.0224056951702,0.0175871793181],"dmean2":[0.0938715711236,0.0699248760939,0.052503593266,0.0505729131401,0.0362315773964,0.0274558197707],"dvar":[0.00242657843046,0.00125107518397,0.000725821824744,0.000749032187741,0.000388921063859,0.000297722988762],"dvar2":[0.00597288785502,0.00328533630818,0.00187972211279,0.00187389703933,0.000895998207852,0.000652848917525],"max":[-0.265081375837,-0.437659054995,-0.476815998554,-0.532780051231,-0.553879916668,-0.534178435802],"mean":[-0.579325795174,-0.774486124516,-0.809311389923,-0.776904284954,-0.772836506367,-0.671163499355],"median":[-0.573170185089,-0.781344175339,-0.809085488319,-0.777769446373,-0.778406977654,-0.659590125084],"min":[-0.976018607616,-0.978739261627,-0.985127389431,-0.973623633385,-0.967737913132,-0.964245080948],"var":[0.0105814412236,0.00496889650822,0.00272738584317,0.00341287115589,0.00312765385024,0.00396809726954]},"spectral_contrast_valleys":{"dmean":[0.471190214157,0.352799475193,0.321956604719,0.296665787697,0.215077608824,0.258607298136],"dmean2":[0.747448861599,0.577227950096,0.505651950836,0.470921337605,0.334659844637,0.350406914949],"dvar":[0.169754728675,0.135188087821,0.139969974756,0.144475340843,0.112098708749,0.153789028525],"dvar2":[0.386498004198,0.287591606379,0.284777313471,0.30340513587,0.212132662535,0.265330135822],"max":[-5.76170921326,-6.08224868774,-6.429063797,-6.47096538544,-5.30559444427,-8.49394893646],"mean":[-8.29257678986,-8.0762796402,-8.7010974884,-8.61277389526,-7.23374319077,-11.441324234],"median":[-7.80182027817,-7.52775621414,-8.12483024597,-8.06952667236,-6.63507843018,-10.7997703552],"min":[-28.0969524384,-28.2669582367,-27.8520011902,-27.8250865936,-27.5107955933,-27.3902587891],"var":[8.72221755981,8.83550930023,8.22452163696,8.32488155365,9.49687576294,6.60654640198]},"spectral_decrease":{"dmean":1.08411002397e-9,"dmean2":1.74853054258e-9,"dvar":2.71862462252e-18,"dvar2":6.88395422198e-18,"max":1.66793694312e-28,"mean":-2.9307278826e-9,"median":-2.65713051562e-9,"min":-1.93333971055e-8,"var":3.83608772743e-18},"spectral_energy":{"dmean":0.00443015107885,"dmean2":0.00705164251849,"dvar":0.0000429418651038,"dvar2":0.000106350824353,"max":0.0765477493405,"mean":0.0126873841509,"median":0.0114823328331,"min":9.93139135163e-21,"var":0.0000679802396917},"spectral_energyband_high":{"dmean":0.000262235320406,"dmean2":0.000392963615013,"dvar":2.51101454296e-7,"dvar2":5.59224758945e-7,"max":0.0076989303343,"mean":0.000675886287354,"median":0.000483388575958,"min":7.00191344082e-21,"var":4.39186692347e-7},"spectral_energyband_low":{"dmean":0.00155030435417,"dmean2":0.00258633610792,"dvar":0.0000041073653847,"dvar2":0.0000109499314931,"max":0.0253403298557,"mean":0.00275744032115,"median":0.00206972006708,"min":1.494808585e-23,"var":0.00000661628291709},"spectral_energyband_middle_high":{"dmean":0.00142026785761,"dmean2":0.00217842985876,"dvar":0.0000041053563109,"dvar2":0.00000903915224626,"max":0.0343102253973,"mean":0.00458592548966,"median":0.00337811280042,"min":1.18606289756e-21,"var":0.0000153414839588},"spectral_energyband_middle_low":{"dmean":0.00319956615567,"dmean2":0.00533536495641,"dvar":0.0000352201095666,"dvar2":0.0000933320188778,"max":0.0688655003905,"mean":0.00566338282079,"median":0.00442917924374,"min":1.19479534797e-22,"var":0.0000347548739228},"spectral_entropy":{"dmean":0.105899527669,"dmean2":0.169840887189,"dvar":0.0157292187214,"dvar2":0.037678334862,"max":9.82381439209,"mean":7.6034283638,"median":7.60227632523,"min":5.2344212532,"var":0.166716948152},"spectral_flux":{"dmean":0.0163563694805,"dmean2":0.0241538770497,"dvar":0.000372460926883,"dvar2":0.000712565029971,"max":0.222697868943,"mean":0.062584079802,"median":0.0581009611487,"min":6.33201130418e-11,"var":0.000914530770388},"spectral_kurtosis":{"dmean":1.80671131611,"dmean2":3.15394330025,"dvar":3.18370819092,"dvar2":9.67422771454,"max":34.2994651794,"mean":3.9517762661,"median":3.76915931702,"min":-1.26320922375,"var":5.51168775558},"spectral_rms":{"dmean":0.000564584042877,"dmean2":0.000871020718478,"dvar":4.63418899699e-7,"dvar2":0.00000106835489078,"max":0.0086418017745,"mean":0.0033069003839,"median":0.00334698008373,"min":3.11274183512e-12,"var":0.00000144236776123},"spectral_rolloff":{"dmean":457.796264648,"dmean2":798.532836914,"dvar":509693.5,"dvar2":1340590.75,"max":19595.2148438,"mean":3227.87182617,"median":3294.58007812,"min":21.533203125,"var":6264644.5},"spectral_skewness":{"dmean":0.221185654402,"dmean2":0.373420387506,"dvar":0.043552018702,"dvar2":0.126075491309,"max":4.82860851288,"mean":0.694462418556,"median":0.673886358738,"min":-0.267428398132,"var":0.145821705461},"spectral_spread":{"dmean":307029.15625,"dmean2":483610.65625,"dvar":552439906304,"dvar2":1243894775810,"max":49231888,"mean":3770907.25,"median":2872916,"min":1470921.25,"var":30007627874300},"spectral_strongpeak":{"dmean":0.600614190102,"dmean2":1.04484546185,"dvar":1.75872313976,"dvar2":4.4851641655,"max":20.7005443573,"mean":0.817442119122,"median":0.310057908297,"min":0,"var":2.79270601273},"zerocrossingrate":{"dmean":0.00926429033279,"dmean2":0.0119396802038,"dvar":0.000102650250483,"dvar2":0.000179411377758,"max":0.52783203125,"mean":0.0960161089897,"median":0.09130859375,"min":0,"var":0.00427909521386}},"metadata":{"audio_properties":{"analysis_sample_rate":44100,"bit_rate":0,"codec":"flac","downmix":"mix","equal_loudness":0,"length":132.866668701,"lossless":true,"md5_encoded":"590d0a5cdccbaa5780f080549b6b5649","replay_gain":-11.1414909363,"sample_rate":44100},"tags":{"album":["All the Stuff (and More), Volume 1"],"albumartist":["Ramones"],"albumartistsort":["Ramones"],"artist":["Ramones"],"artistsort":["Ramones"],"asin":["B000002LLG"],"barcode":["075992622028"],"catalognumber":["CD 26220"],"date":["1990-07-04"],"discnumber":["1"],"disctotal":["1"],"file_name":"01-22 Suzy Is a Headbanger.flac","genre":["Alternative"],"label":["Sire Records"],"labelno":["9 26220-2"],"media":["CD"],"musicbrainz_albumartistid":["d6ed7887-a401-47a8-893c-34b967444d26"],"musicbrainz_albumid":["6d641a1d-2074-3689-8b56-fb64d3b318ff"],"musicbrainz_artistid":["d6ed7887-a401-47a8-893c-34b967444d26"],"musicbrainz_recordingid":["dd2d633f-120d-4904-ba02-fe6837d1bc87"],"musicbrainz_releasegroupid":["6ca4022d-ea6d-39f4-998a-46adf789160b"],"originaldate":["1990-05-31"],"publisher":["Sire Records"],"release date":["1990-05-31"],"releasecountry":["CA"],"releasestatus":["official"],"releasetype":["album","compilation"],"script":["Latn"],"title":["Suzy Is a Headbanger"],"totaldiscs":["1"],"totaltracks":["33"],"tracknumber":["22"],"tracktotal":["33"]},"version":{"essentia":"2.1-beta1","essentia_build_sha":"ca57ba49d9b1854bd80e60cf9ccf267278fb7d6b","essentia_git_sha":"v2.1_beta1-28-g21ef5f4-dirty","extractor":"music 1.0"}},"rhythm":{"beats_count":204,"beats_loudness":{"dmean":0.00879030581564,"dmean2":0.0153148621321,"dvar":0.0000934444542509,"dvar2":0.000267649505986,"max":0.0635301172733,"mean":0.0210112500936,"median":0.019772157073,"min":0,"var":0.000113370027975},"beats_loudness_band_ratio":{"dmean":[0.179407790303,0.111241132021,0.0173572842032,0.01161240041