{"lowlevel":{"average_loudness":0.941461205482,"barkbands":{"dmean":[0.0000865438123583,0.00255390093662,0.00172690604813,0.000857523467857,0.00174364133272,0.000550059136003,0.000534289691132,0.000270328222541,0.000564903602935,0.000835206767078,0.000379654869903,0.000419334450271,0.000410083157476,0.000456143694464,0.000825653842185,0.000530392164364,0.000414502515923,0.000363622239092,0.000337007280905,0.000257174717262,0.000292487296974,0.000222338800086,0.000154403416673,0.000125040838611,0.0000767143501434,0.0000343759274983,0.00000747721287553],"dmean2":[0.000143639059388,0.00438049528748,0.00289670354687,0.0014538008254,0.00291521730833,0.000880761479493,0.000874664401636,0.000436400674516,0.000888032314833,0.00127299595624,0.000606081157457,0.000670104636811,0.000658888253383,0.000740681367461,0.00139347615186,0.000848641793709,0.000675062881783,0.000609434093349,0.000559778360184,0.000425965437898,0.000487895216793,0.000353478768375,0.000239775006776,0.000190763530554,0.000111106543045,0.0000495866552228,0.0000113913210953],"dvar":[1.035428987e-8,0.000017696796931,0.00000609693006481,0.00000186821955594,0.0000125682900034,0.00000118495916013,0.00000162957815064,6.12854762494e-7,0.00000252445283877,0.00000359821933671,9.28452720927e-7,0.00000104018124603,7.94958282313e-7,8.53935603118e-7,0.00000252483619079,8.16390297587e-7,4.47052741492e-7,4.32970836073e-7,2.57077829247e-7,2.04918421787e-7,3.40384104902e-7,3.43836745742e-7,2.35437511265e-7,1.56868196655e-7,3.67421257863e-8,8.87237483482e-9,2.27626875682e-10],"dvar2":[2.66392916615e-8,0.0000471347739222,0.0000163301865541,0.00000517978924108,0.0000336154771503,0.00000281659686152,0.00000413904626839,0.00000157511010457,0.00000566161725146,0.00000802728573035,0.00000210192933991,0.00000250123798651,0.00000188274475477,0.00000207937614505,0.00000656347356198,0.00000198257430384,0.00000108104927676,0.0000011625801335,6.57943814986e-7,5.27755673829e-7,8.7268790594e-7,7.48663239847e-7,4.87124225401e-7,3.3620418094e-7,7.74922028768e-8,2.12405488753e-8,5.30829491474e-10],"max":[0.00293859676458,0.0672233700752,0.0396615043283,0.0448123179376,0.0408967398107,0.0280624609441,0.0267540570349,0.0298917889595,0.0379795953631,0.0524622015655,0.04069942981,0.0420742183924,0.027121629566,0.0274884440005,0.0419330783188,0.0236426312476,0.021972104907,0.0206774808466,0.0111931534484,0.00772267393768,0.0137542365119,0.0269639249891,0.0276018939912,0.013950292021,0.00710848718882,0.00524442270398,0.000263848894974],"mean":[0.000125287100673,0.00343289249577,0.00248813536018,0.00121854746249,0.00234424881637,0.00087636965327,0.000792269594967,0.00037097177119,0.000945303530898,0.00151122058742,0.000562682631426,0.000654775707517,0.000635850476101,0.000678563548718,0.00120320532005,0.00103015743662,0.000769017497078,0.000600417901296,0.000664043996949,0.000489107216708,0.000606070738286,0.000442048854893,0.000304879649775,0.000276679405943,0.000180189876119,0.000072191185609,0.0000105572917164],"median":[0.0000829633863759,0.00217789108865,0.0015631171409,0.000800216919743,0.00137792900205,0.000470141472761,0.000351037626388,0.000161490926985,0.000320621998981,0.000325277447701,0.000221344685997,0.00027300324291,0.000281655578874,0.000368966371752,0.000600610394031,0.000543464673683,0.000477729859995,0.000369570218027,0.000476387969684,0.000343964959029,0.000469676189823,0.00028090775595,0.000168769838638,0.000168317346834,0.000114090704301,0.0000420282085543,0.00000461288436782],"min":[6.42386592846e-25,3.17680696027e-24,1.52976567411e-24,5.49024263764e-25,8.78012521589e-24,1.41210456547e-23,5.31958411788e-24,8.55915028798e-24,1.26491700451e-23,1.48455023779e-23,2.3303916706e-23,2.52071809016e-23,3.60155108922e-23,3.01600456728e-23,5.63491801188e-23,7.91168481141e-23,1.05202401968e-22,7.48302095096e-23,1.65752411557e-22,1.24169798817e-22,2.32731839473e-22,3.19426062613e-22,4.0555450209e-22,6.69044217584e-22,7.2656957038e-22,1.33162891391e-21,2.05125908317e-21],"var":[2.25711325186e-8,0.0000189544098248,0.0000086415111582,0.00000241519842348,0.0000115261573228,0.00000187190687484,0.00000225915869123,7.29618989226e-7,0.00000646886110189,0.0000112218112918,0.00000200516365112,0.00000223926758736,0.00000197429358195,0.00000119793128306,0.00000330976649821,0.00000212333179661,9.57376187216e-7,5.78023900744e-7,5.07362074131e-7,3.09818744881e-7,4.49197386843e-7,6.01895010277e-7,4.83413600705e-7,2.7638532174e-7,7.17922432614e-8,1.26646471088e-8,2.86769025193e-10]},"barkbands_crest":{"dmean":2.31754684448,"dmean2":3.89214229584,"dvar":4.76225090027,"dvar2":12.9876241684,"max":26.3702278137,"mean":7.66040372849,"median":6.74218082428,"min":1.8968654871,"var":14.073346138},"barkbands_flatness_db":{"dmean":0.0154435364529,"dmean2":0.0248127337545,"dvar":0.000247443298576,"dvar2":0.000590667594224,"max":0.331385105848,"mean":0.0749375671148,"median":0.0662196427584,"min":0.0150268729776,"var":0.0013746782206},"barkbands_kurtosis":{"dmean":1.30833351612,"dmean2":2.12843227386,"dvar":22.1358318329,"dvar2":46.9736633301,"max":258.18170166,"mean":0.733882784843,"median":-0.652660012245,"min":-1.91805291176,"var":35.4154129028},"barkbands_skewness":{"dmean":0.440479546785,"dmean2":0.693762183189,"dvar":0.256012439728,"dvar2":0.575155615807,"max":13.6404771805,"mean":0.757033348083,"median":0.5614798069,"min":-3.16033673286,"var":1.03595042229},"barkbands_spread":{"dmean":6.97120285034,"dmean2":11.0821733475,"dvar":51.0816459656,"dvar2":119.38381958,"max":130.78616333,"mean":39.3095436096,"median":39.2005805969,"min":0.816655874252,"var":199.404266357},"dissonance":{"dmean":0.0109261404723,"dmean2":0.0185828972608,"dvar":0.000197230168851,"dvar2":0.000492840015795,"max":0.500000178814,"mean":0.482252001762,"median":0.487089663744,"min":0,"var":0.000327233428834},"dynamic_complexity":2.52782726288,"erbbands":{"dmean":[0.0594186298549,0.645423233509,1.85025215149,2.41555523872,5.38632774353,5.65234518051,3.71082663536,4.87736082077,7.20386457443,6.53536224365,6.27363109589,11.1655817032,18.6934909821,25.8360824585,16.1563510895,15.3514156342,18.4979896545,18.6138286591,41.828540802,28.0709075928,30.2614650726,21.83852005,19.1197376251,17.1400318146,16.5160522461,11.9084739685,11.1005115509,11.7875900269,8.36772155762,6.20637893677,4.24138689041,3.06667518616,1.94644296169,1.10199153423,0.459889233112,0.173820108175,0.0591042675078,0.0147826317698,0.00113954022527,0.0000549847027287],"dmean2":[0.102191485465,1.10845685005,3.10856866837,4.04212188721,9.03451251984,9.64910030365,6.06708669662,7.80056619644,11.7310914993,10.685921669,10.0270967484,17.7137565613,28.1138763428,39.4750328064,25.7555980682,24.271478653,29.499792099,29.6269798279,70.6322174072,46.1713523865,48.356426239,35.3985824585,31.6286621094,28.7260360718,27.4506988525,19.6176128387,18.6253509521,19.5740222931,13.4310922623,9.81532287598,6.57239627838,4.74054431915,2.95503211021,1.6422586441,0.680043458939,0.252492308617,0.0856255590916,0.0222415458411,0.00170999253169,0.0000833163285279],"dvar":[0.0098704174161,1.11286842823,6.73757553101,15.4884796143,103.035583496,130.813476562,48.6694946289,100.507499695,276.117889404,286.3777771,305.659088135,1033.26501465,2308.62036133,3845.02368164,1741.44812012,1163.96081543,1619.21398926,1407.35314941,6302.06445312,2931.47241211,2551.80444336,1317.59851074,1295.44104004,698.730041504,689.858154297,471.559997559,545.054382324,561.444274902,507.894073486,265.566802979,201.586074829,101.31640625,30.9152069092,8.50103855133,1.31047487259,0.329255372286,0.0160092711449,0.000926776148845,0.00000511962525707,1.22659189472e-8],"dvar2":[0.0261568576097,2.98767256737,18.2934188843,42.2572746277,280.977813721,354.611663818,117.488899231,242.286865234,682.370178223,768.370605469,748.510864258,2346.89160156,4890.76220703,8467.19824219,4089.63037109,2842.77636719,3772.59790039,3285.00195312,16601.5175781,7123.13427734,6148.33544922,3129.39746094,3406.59399414,1824.5345459,1758.00646973,1218.86975098,1436.40893555,1390.8671875,1112.18481445,596.917907715,426.464141846,218.792633057,63.7901268005,18.7093257904,2.69333481789,0.778464019299,0.0364818498492,0.0021267873235,0.0000117450072139,2.87384338549e-8],"max":[1.62537109852,19.1286392212,54.6996955872,97.1893844604,128.42048645,124.738395691,184.484481812,282.217956543,378.470428467,491.008148193,622.503967285,964.645507812,1181.09130859,1849.77856445,1948.15002441,765.893981934,1437.73059082,779.813537598,1849.98791504,1469.74267578,1324.83752441,1357.60888672,1263.73254395,476.735168457,696.586120605,473.933563232,484.962768555,772.278076172,1017.0803833,709.277954102,756.352661133,392.938476562,219.562316895,116.926757812,57.6805000305,36.218585968,4.98142957687,0.536356985569,0.0326469950378,0.00153793860227],"mean":[0.0794918611646,0.84250164032,2.75260543823,3.64476037025,7.16309595108,7.16409015656,5.84889888763,7.84804821014,11.3980131149,9.14357471466,9.42284584045,18.3731861115,32.4083328247,49.2631797791,28.4907588959,25.4740829468,30.5436534882,31.1070232391,63.3546485901,47.0560150146,60.7862434387,42.9371986389,34.1059684753,33.6213531494,32.7893066406,23.0860328674,21.2355594635,24.3286647797,16.6084690094,12.2802238464,8.26269245148,6.17361593246,4.37240457535,2.42901539803,1.05734741688,0.390546709299,0.119040809572,0.0226976741105,0.00172012485564,0.000101759433164],"median":[0.0486698672175,0.521947860718,1.87532258034,2.49532437325,3.88930916786,4.11531734467,3.5250222683,4.17772293091,5.17777061462,4.60537433624,4.3173365593,7.30017089844,9.18130302429,12.3073005676,11.9865427017,11.9857177734,14.0274362564,17.5286026001,32.7805786133,26.1134262085,33.8057556152,26.966178894,21.4980697632,23.448802948,23.2501296997,16.4940071106,15.8884887695,18.6141395569,10.8593978882,7.31134414673,4.496509552,3.5201716423,2.6593952179,1.5099542141,0.684391856194,0.237837791443,0.0687376111746,0.0111783370376,0.000775699852966,0.000061062099121],"min":[1.03074377101e-22,1.55573488124e-21,2.14345195712e-21,5.61589033344e-21,1.89888405367e-20,2.94817122331e-20,4.00530352251e-20,1.15705054732e-19,1.56655483986e-19,2.00816640638e-19,2.39296009984e-19,3.54930896535e-19,4.18301849497e-19,1.18003125324e-18,5.59196893251e-19,1.36354075515e-18,1.64653030625e-18,1.68178546774e-18,2.12008148756e-18,3.46686056497e-18,5.27281938774e-18,6.68349568593e-18,5.3108275097e-18,6.5026876525e-18,9.5546565493e-18,8.03668665386e-18,8.8718718932e-18,9.46755525798e-18,1.06529522251e-17,1.13391126052e-17,1.10101403941e-17,1.091815791e-17,1.08207838626e-17,8.04851285507e-18,6.09129102921e-18,4.69558670011e-18,2.37316401342e-18,1.03386295894e-18,2.64017931102e-19,2.81982445775e-20],"var":[0.0117514273152,1.16094303131,9.08638381958,18.1535873413,105.44569397,115.290046692,71.0181808472,154.062194824,432.536712646,291.2137146,417.05255127,2147.26098633,6023.68115234,11869.8505859,4992.40869141,2092.77734375,4442.77929688,2226.20581055,8732.69042969,4426.35351562,7091.93457031,2834.4296875,1848.00537109,1305.16894531,1268.9465332,697.39666748,627.22052002,809.127746582,869.357727051,495.020202637,382.874267578,172.912597656,59.0275039673,15.204914093,2.55218577385,0.466134905815,0.027407573536,0.00121187127661,0.00000705872253093,1.54949741926e-8]},"erbbands_crest":{"dmean":2.4049448967,"dmean2":3.92373371124,"dvar":5.6857252121,"dvar2":13.8140115738,"max":30.1844081879,"mean":7.95414066315,"median":6.5906791687,"min":2.14646410942,"var":19.6199054718},"erbbands_flatness_db":{"dmean":0.0136234564707,"dmean2":0.0202096831053,"dvar":0.000157864225912,"dvar2":0.000312299293,"max":0.352667510509,"mean":0.12229783833,"median":0.117453843355,"min":0.0423730500042,"var":0.00129228294827},"erbbands_kurtosis":{"dmean":0.748885095119,"dmean2":1.19217216969,"dvar":1.21937000751,"dvar2":2.72894835472,"max":39.598033905,"mean":0.432991594076,"median":0.0476575270295,"min":-1.75017750263,"var":3.42164206505},"erbbands_skewness":{"dmean":0.29860407114,"dmean2":0.456715613604,"dvar":0.0899622440338,"dvar2":0.198436260223,"max":5.12992429733,"mean":-0.201718777418,"median":-0.28993844986,"min":-4.98245668411,"var":0.493212074041},"erbbands_spread":{"dmean":7.70748233795,"dmean2":11.8776607513,"dvar":66.87134552,"dvar2":147.736831665,"max":144.91645813,"mean":40.6660041809,"median":37.3059005737,"min":4.24886035919,"var":333.137390137},"gfcc":{"cov":[[24324.2050781,1115.56604004,-1558.68762207,734.800170898,-818.326416016,70.0763168335,-858.777160645,-97.9636917114,-453.799957275,56.1906166077,-411.168884277,-45.9835968018,-325.018188477],[1115.56604004,531.511230469,-205.702423096,20.6317501068,-22.6333560944,-22.7252616882,-14.2922954559,-1.81346547604,-28.723192215,-26.7412414551,-16.4159641266,-19.6390342712,4.73098421097],[-1558.68762207,-205.702423096,730.515319824,58.4136161804,51.8938179016,56.7692947388,-55.4219932556,-60.6763725281,-36.2010993958,-1.88394725323,21.2003479004,0.0112890480086,-42.4433326721],[734.800170898,20.6317501068,58.4136161804,222.201416016,2.56225013733,-3.67393040657,-63.8539352417,-22.9048938751,-18.9917201996,2.15185022354,-3.60188388824,-6.34637880325,-24.0887527466],[-818.326416016,-22.6333560944,51.8938179016,2.56225013733,178.855804443,21.5742282867,37.0612716675,11.4427719116,0.254212409258,-8.89667797089,16.4192085266,1.69541954994,6.2979927063],[70.0763168335,-22.7252616882,56.7692947388,-3.67393040657,21.5742282867,139.173843384,45.3628311157,2.53594708443,-39.1451187134,-9.81067466736,3.23874855042,-4.59338140488,-3.02711749077],[-858.777160645,-14.2922954559,-55.4219932556,-63.8539352417,37.0612716675,45.3628311157,175.353256226,58.9187278748,11.0710277557,-20.3788509369,8.95353603363,1.20256912708,29.2034282684],[-97.9636917114,-1.81346547604,-60.6763725281,-22.9048938751,11.4427719116,2.53594708443,58.9187278748,113.972824097,53.4377670288,-9.46118354797,-17.7916297913,1.71788704395,13.3458881378],[-453.799957275,-28.723192215,-36.2010993958,-18.9917201996,0.254212409258,-39.1451187134,11.0710277557,53.4377670288,127.417572021,25.3832931519,-11.7192811966,-0.416277736425,12.6393527985],[56.1906166077,-26.7412414551,-1.88394725323,2.15185022354,-8.89667797089,-9.81067466736,-20.3788509369,-9.46118354797,25.3832931519,72.4119567871,28.3162841797,2.74513173103,-8.0248298645],[-411.168884277,-16.4159641266,21.2003479004,-3.60188388824,16.4192085266,3.23874855042,8.95353603363,-17.7916297913,-11.7192811966,28.3162841797,78.9822692871,19.0357437134,-7.26545715332],[-45.9835968018,-19.6390342712,0.0112890480086,-6.34637880325,1.69541954994,-4.59338140488,1.20256912708,1.71788704395,-0.416277736425,2.74513173103,19.0357437134,51.3057479858,20.3338184357],[-325.018188477,4.73098421097,-42.4433326721,-24.0887527466,6.2979927063,-3.02711749077,29.2034282684,13.3458881378,12.6393527985,-8.0248298645,-7.26545715332,20.3338184357,66.046913147]],"icov":[[0.000157471629791,-0.000140836738865,0.00039114188985,-0.00033561870805,0.000398796226364,-0.000402055826271,0.000631033850368,-0.000380866986234,0.00069064082345,-0.000543410773389,0.000964987615589,-0.000628982088529,0.00075704959454],[-0.000140836738865,0.00241155084223,0.000336579978466,0.0000459889488411,-0.000292891112622,0.000564018322621,-0.000159982388141,0.000244737486355,-0.0000383039332519,0.00133461516816,-0.00117945647798,0.00162802427076,-0.00101914512925],[0.00039114188985,0.000336579978466,0.00279348203912,-0.00109304429498,0.000515632214956,-0.00174472725485,0.00214696326293,-0.000250884651905,0.00154126086272,-0.00067535659764,0.00207679416053,-0.00163335748948,0.00262377480976],[-0.00033561870805,0.0000459889488411,-0.00109304429498,0.00595832616091,-0.00127971603069,0.000688402156811,0.000493812258355,0.000508773955517,-0.000976122799329,0.0011449099984,-0.00182923430111,0.00139966281131,-0.00065796461422],[0.000398796226364,-0.000292891112622,0.000515632214956,-0.00127971603069,0.00728614488617,-0.00144441227894,0.000571594864596,-0.0013099234784,0.00133177218959,-0.000217090666411,0.000607230991591,-0.000918239878956,0.00116731307935],[-0.000402055826271,0.000564018322621,-0.00174472725485,0.000688402156811,-0.00144441227894,0.0104902368039,-0.00446911435574,0.000152947730385,0.00183641957119,0.00016031441919,-0.00151556474157,0.00219008256681,-0.00149829045404],[0.000631033850368,-0.000159982388141,0.00214696326293,0.000493812258355,0.000571594864596,-0.00446911435574,0.0126308929175,-0.00590963615105,0.00282996706665,0.00064932659734,0.0000954394345172,0.000192799343495,-0.000485043885419],[-0.000380866986234,0.000244737486355,-0.000250884651905,0.000508773955517,-0.0013099234784,0.000152947730385,-0.00590963615105,0.0156701635569,-0.00789311900735,0.00319982948713,0.000524820759892,-0.000925193715375,-0.0000470747036161],[0.00069064082345,-0.0000383039332519,0.00154126086272,-0.000976122799329,0.00133177218959,0.00183641957119,0.00282996706665,-0.00789311900735,0.0163603704423,-0.00841959286481,0.00665186345577,-0.00164650939405,0.00142142258119],[-0.000543410773389,0.00133461516816,-0.00067535659764,0.0011449099984,-0.000217090666411,0.00016031441919,0.00064932659734,0.00319982948713,-0.00841959286481,0.0226000305265,-0.012136307545,0.00404963223264,-0.0019164053956],[0.000964987615589,-0.00117945647798,0.00207679416053,-0.00182923430111,0.000607230991591,-0.00151556474157,0.0000954394345172,0.000524820759892,0.00665186345577,-0.012136307545,0.0260695405304,-0.0126158250496,0.00922927446663],[-0.000628982088529,0.00162802427076,-0.00163335748948,0.00139966281131,-0.000918239878956,0.00219008256681,0.000192799343495,-0.000925193715375,-0.00164650939405,0.00404963223264,-0.0126158250496,0.0296469572932,-0.0131694134325],[0.00075704959454,-0.00101914512925,0.00262377480976,-0.00065796461422,0.00116731307935,-0.00149829045404,-0.000485043885419,-0.0000470747036161,0.00142142258119,-0.0019164053956,0.00922927446663,-0.0131694134325,0.024994192645]],"mean":[27.7507514954,49.3022460938,-113.217704773,43.2351799011,-47.9352226257,22.4947662354,-36.2149543762,9.59355258942,-25.6599731445,3.54701423645,-21.3095359802,1.99962711334,-9.56222438812]},"hfc":{"dmean":10.5254335403,"dmean2":16.0778083801,"dvar":341.016418457,"dvar2":790.897521973,"max":409.16494751,"mean":32.6970939636,"median":28.7563610077,"min":1.04699949283e-16,"var":641.381652832},"melbands":{"dmean":[0.000617593002971,0.000907485722564,0.000461794348666,0.000440222473117,0.000135651978781,0.000107586813101,0.000110617271275,0.0000673349495628,0.0000529197168362,0.0000783045688877,0.0000981058838079,0.000112647183414,0.0000535171056981,0.0000503701667185,0.0000421229269705,0.0000385567400372,0.0000360386620741,0.0000674385591992,0.0000543935202586,0.0000328602363879,0.0000370866036974,0.0000237955719058,0.0000230813147937,0.0000168455717358,0.0000146365928231,0.0000141786103995,0.0000108239573819,0.00000788469697,0.0000070400169534,0.00000804514547781,0.00000700455802871,0.00000508336006533,0.00000435760557593,0.00000336411380886,0.00000267610607807,0.00000217576939576,0.00000197555641535,0.00000153513087753,0.00000119685614663,9.28573115289e-7],"dmean2":[0.00105972727761,0.00153249327559,0.00077080441406,0.000744168704841,0.000221422174945,0.000171285966644,0.000180204719072,0.000109946660814,0.000085144318291,0.00012419198174,0.000148663340951,0.000172718981048,0.0000858579733176,0.0000802950671641,0.0000671843299642,0.0000615684184595,0.0000575547965127,0.000114600377856,0.0000907583817025,0.0000530420402356,0.0000595104902459,0.0000390850582335,0.0000379118027922,0.0000285081405309,0.0000245963528869,0.0000236827127083,0.0000178970076377,0.0000131297811095,0.0000118412581287,0.0000134892316055,0.0000116910596262,0.00000827944768389,0.00000696210599926,0.00000539443681191,0.00000421967979491,0.00000334533115165,0.00000311568533107,0.00000235874222199,0.0000018392797756,0.00000140149563777],"dvar":[0.00000109210861865,0.00000168893552654,4.31214743912e-7,8.68985580382e-7,5.52864598546e-8,4.67813059402e-8,6.6146121469e-8,2.99721421015e-8,2.00477483503e-8,5.187331098e-8,6.05204064641e-8,7.54523199475e-8,1.74656946683e-8,1.62650604096e-8,1.07889484013e-8,6.36851416047e-9,6.10103789711e-9,1.59686219803e-8,1.23902630378e-8,3.77290687581e-9,4.19987555844e-9,1.65601243829e-9,1.59607038697e-9,1.23172672062e-9,4.95552432422e-10,4.93662499768e-10,3.32796873392e-10,2.28290830684e-10,2.15736095655e-10,2.22681678652e-10,2.30470711959e-10,1.78043441101e-10,1.46676823465e-10,8.69626662348e-11,8.0492432164e-11,6.30455548878e-11,3.45602400864e-11,1.79490797225e-11,1.18257443768e-11,5.0452819006e-12],"dvar2":[0.00000288130809167,0.00000450986317446,0.00000117653155485,0.0000023492730179,1.33560959625e-7,1.10532432984e-7,1.65502925142e-7,8.0322621443e-8,4.71766661292e-8,1.17830047941e-7,1.30049244262e-7,1.66536239021e-7,4.10509315429e-8,3.90950916085e-8,2.7576378514e-8,1.44091316656e-8,1.43408875886e-8,4.17339478531e-8,3.13250474449e-8,8.99627305984e-9,1.00405568304e-8,3.99683708352e-9,4.15126422126e-9,3.30448224339e-9,1.29945676441e-9,1.26768850972e-9,8.44147196588e-10,5.9666938057e-10,5.70129055077e-10,5.75535286096e-10,5.72045244507e-10,3.99795641037e-10,3.31955934962e-10,2.05832698108e-10,1.78101866588e-10,1.3505183083e-10,7.90204013335e-11,3.75029660105e-11,2.67571884788e-11,1.11979045828e-11],"max":[0.0127776162699,0.0289599541575,0.016080794856,0.0107571613044,0.00759292719886,0.00562536483631,0.00583501346409,0.00507751107216,0.00441176444292,0.0063582197763,0.006100312341,0.00835038628429,0.00563525827602,0.00527636054903,0.00336541305296,0.00207719020545,0.00193966389634,0.00230659428053,0.00299809477292,0.00211063097231,0.00210432265885,0.00128857197706,0.000759314745665,0.0014535819646,0.00042904689326,0.000618181598838,0.000453497079434,0.000383868667996,0.000341001490597,0.000276508188108,0.000581121421419,0.000572254648432,0.000543079513591,0.000435800437117,0.000509879318997,0.000346053217072,0.00017837905034,0.000148948922288,0.00015921612794,0.0000750334002078],"mean":[0.000838621635921,0.00137342896778,0.000744151941035,0.000560895889066,0.000219029112486,0.000173441629158,0.000173798238393,0.0000935749994824,0.0000787366152508,0.000129299878608,0.000167891877936,0.000210838887142,0.0000871511219884,0.0000786837917985,0.0000672517926432,0.0000592308679188,0.000055550957768,0.0000983784266282,0.0000794332590885,0.0000591809730395,0.0000710992171662,0.000042241281335,0.0000400158678531,0.0000268776402663,0.0000268376115855,0.0000262392568402,0.0000199251335289,0.0000139341273098,0.0000117468134704,0.0000156847017934,0.0000132271870825,0.00000925614858716,0.00000833338890516,0.00000619097409071,0.00000486920816911,0.00000404681713917,0.00000371786472897,0.00000319818423122,0.00000252753898167,0.00000188568662907],"median":[0.000530028133653,0.000940087542403,0.000526792486198,0.000315699609928,0.000138790201163,0.0000934180134209,0.00008020925452,0.0000470765444334,0.0000348114044755,0.0000441054726252,0.0000443049575551,0.0000450423540315,0.0000355937227141,0.0000309069946525,0.0000299462026305,0.0000278635670838,0.0000297150327242,0.0000500293972436,0.000039571103116,0.000031169205613,0.000039589300286,0.0000273123805528,0.0000204680582101,0.0000165074725373,0.0000183325682883,0.0000182469375432,0.0000137961342261,0.00000923753850657,0.00000798986002337,0.0000120242639241,0.00000964098126133,0.0000058110235841,0.00000508658558829,0.00000357606177204,0.00000258325735558,0.00000208006622415,0.00000215805516746,0.00000188709441318,0.00000156413659624,0.00000113125634016],"min":[1.74930595986e-24,2.02025305675e-24,8.52641591307e-25,1.92074101457e-24,1.33289468699e-24,2.72006675134e-24,2.05885557071e-24,2.15327669904e-24,1.75824079569e-24,2.07377332486e-24,1.80124949224e-24,3.79913084815e-24,2.08663747686e-24,2.78883037594e-24,2.82024577542e-24,3.98406035472e-24,2.95205200812e-24,2.88022208118e-24,3.54179771555e-24,5.01602728611e-24,5.93892473103e-24,6.50804409237e-24,4.66717761103e-24,3.7784208828e-24,4.66059535564e-24,6.13366372295e-24,5.16157685629e-24,3.83014728122e-24,3.53555900908e-24,3.98141412081e-24,5.70169177429e-24,4.79850717454e-24,5.03819388312e-24,6.06081320722e-24,6.26537391184e-24,5.12313053678e-24,6.30735077833e-24,5.54533520414e-24,6.80236967383e-24,5.93778561588e-24],"var":[0.00000119366245599,0.00000212076110984,5.77308924221e-7,7.56458575779e-7,8.38849274487e-8,7.51371871388e-8,9.96128051156e-8,3.0859368394e-8,3.01052835994e-8,1.21048074675e-7,1.59843111192e-7,2.36844769574e-7,4.3811109407e-8,3.64755265991e-8,2.36988597635e-8,1.26143220314e-8,8.86833362301e-9,2.23804050847e-8,1.62636144552e-8,7.59919593918e-9,1.05370006054e-8,2.98042923674e-9,3.39779204772e-9,1.51719958819e-9,9.23526477514e-10,8.83652651051e-10,5.40379463398e-10,3.10993175656e-10,2.34653740883e-10,3.12429526694e-10,3.04471226009e-10,2.92544544145e-10,2.4298321688e-10,1.52252654928e-10,1.4574645657e-10,1.05870215372e-10,5.54731642566e-11,3.3431101637e-11,1.92876669497e-11,9.02723468893e-12]},"melbands_crest":{"dmean":3.21330165863,"dmean2":5.37312555313,"dvar":7.597032547,"dvar2":20.1479701996,"max":39.320690155,"mean":12.2698669434,"median":11.5072193146,"min":1.58214628696,"var":23.8357143402},"melbands_flatness_db":{"dmean":0.0230802968144,"dmean2":0.0373166240752,"dvar":0.000521418231074,"dvar2":0.00126751023345,"max":0.36524784565,"mean":0.128172338009,"median":0.117773473263,"min":0.00345300952904,"var":0.00240464624949},"melbands_kurtosis":{"dmean":4.84543991089,"dmean2":7.78351783752,"dvar":98.3462142944,"dvar2":240.529586792,"max":210.654251099,"mean":7.86453676224,"median":2.86888742447,"min":-1.88130271435,"var":247.718399048},"melbands_skewness":{"dmean":0.668476760387,"dmean2":1.05341815948,"dvar":0.52848470211,"dvar2":1.23743510246,"max":11.563120842,"mean":2.11711740494,"median":1.74337720871,"min":-0.853189229965,"var":2.3295249939},"melbands_spread":{"dmean":11.5590648651,"dmean2":18.5923347473,"dvar":174.871612549,"dvar2":398.949859619,"max":237.722335815,"mean":45.6833534241,"median":44.3536758423,"min":1.49923729897,"var":593.190612793},"mfcc":{"cov":[[9388.046875,765.890136719,-351.680297852,380.258178711,24.9256572723,105.389694214,-142.04788208,-57.527053833,22.3807697296,-14.5443964005,-34.7098045349,25.6726284027,23.302526474],[765.890136719,499.18170166,-78.7367095947,33.1881256104,15.1475639343,3.14356279373,24.1617527008,10.8502101898,8.18874168396,-16.2978115082,1.94636130333,-20.8346538544,-17.9499607086],[-351.680297852,-78.7367095947,500.896118164,23.9374580383,78.9766082764,61.7186355591,8.31263065338,-30.8346939087,-55.5687866211,-32.23021698,-4.53315019608,25.9790363312,-17.1256961823],[380.258178711,33.1881256104,23.9374580383,191.320144653,56.0928764343,-0.524405300617,-23.3898944855,-10.2740449905,-4.08655452728,-15.8988494873,1.88208532333,11.3731784821,11.6773824692],[24.9256572723,15.1475639343,78.9766082764,56.0928764343,162.491363525,33.2426071167,-2.78347945213,-9.37504386902,-18.4877586365,-10.8215885162,-0.513768196106,9.49860095978,5.9774389267],[105.389694214,3.14356279373,61.7186355591,-0.524405300617,33.2426071167,113.730873108,56.638885498,-12.1613864899,-26.4647102356,-14.0001754761,-3.17331218719,-0.807518184185,-6.95855140686],[-142.04788208,24.1617527008,8.31263065338,-23.3898944855,-2.78347945213,56.638885498,163.734710693,40.86769104,-24.5549736023,-5.45708942413,0.033755607903,-17.8998699188,-16.0120201111],[-57.527053833,10.8502101898,-30.8346939087,-10.2740449905,-9.37504386902,-12.1613864899,40.86769104,109.126701355,49.5668716431,16.0501613617,-1.64522743225,-20.7374000549,-4.54445838928],[22.3807697296,8.18874168396,-55.5687866211,-4.08655452728,-18.4877586365,-26.4647102356,-24.5549736023,49.5668716431,116.226554871,37.169380188,-6.50382661819,-12.5610742569,-2.37796378136],[-14.5443964005,-16.2978115082,-32.23021698,-15.8988494873,-10.8215885162,-14.0001754761,-5.45708942413,16.0501613617,37.169380188,70.9899597168,18.8002796173,-7.14929294586,-3.77871704102],[-34.7098045349,1.94636130333,-4.53315019608,1.88208532333,-0.513768196106,-3.17331218719,0.033755607903,-1.64522743225,-6.50382661819,18.8002796173,58.9367256165,24.6372337341,3.85903120041],[25.6726284027,-20.8346538544,25.9790363312,11.3731784821,9.49860095978,-0.807518184185,-17.8998699188,-20.7374000549,-12.5610742569,-7.14929294586,24.6372337341,70.0503158569,29.5901317596],[23.302526474,-17.9499607086,-17.1256961823,11.6773824692,5.9774389267,-6.95855140686,-16.0120201111,-4.54445838928,-2.37796378136,-3.77871704102,3.85903120041,29.5901317596,58.955368042]],"icov":[[0.000147766797454,-0.000217023582081,0.000112352252472,-0.000287752598524,0.000124134225189,-0.000349516485585,0.000245948147494,-0.0000681741803419,0.000103776423202,-0.000184414762771,0.000241981935687,-0.000197699613636,0.0000486070894112],[-0.000217023582081,0.00252714334056,0.000266607268713,0.000057047825976,-0.000519146677107,0.000563206616789,-0.000732218788471,0.000252425146755,-0.000588062801398,0.00127899344079,-0.00101623823866,0.000829477328807,0.000569515686948],[0.000112352252472,0.000266607268713,0.00264605670236,-0.000293255405268,-0.000836673309095,-0.00124105392024,0.000499831046909,-0.000282081979094,0.000857154780533,0.000237677842961,0.000744764925912,-0.00155272218399,0.00169622758403],[-0.000287752598524,0.000057047825976,-0.000293255405268,0.00670768832788,-0.00228628818877,0.00106535316445,0.000134284680826,0.000347453955328,-0.000695744180121,0.00177601433825,-0.00113061245065,0.000447128317319,-0.000926520791836],[0.000124134225189,-0.000519146677107,-0.000836673309095,-0.00228628818877,0.00798453390598,-0.00252228230238,0.00112497142982,-0.000796366774011,0.00102638802491,-0.000762279960327,0.000566932489164,-0.000367168395314,-0.000720706477296],[-0.000349516485585,0.000563206616789,-0.00124105392024,0.00106535316445,-0.00252228230238,0.0137273687869,-0.00577834295109,0.00328186363913,-0.000848049821798,0.00149563141167,-0.000411749788327,0.000711160188075,0.0000293613902613],[0.000245948147494,-0.000732218788471,0.000499831046909,0.000134284680826,0.00112497142982,-0.00577834295109,0.0106729744002,-0.00587044423446,0.00421563070267,-0.000867269642185,0.000290424766717,0.000213457664358,0.00143688940443],[-0.0000681741803419,0.000252425146755,-0.000282081979094,0.000347453955328,-0.000796366774011,0.00328186363913,-0.00587044423446,0.0153427915648,-0.00748591031879,0.00136299803853,-0.00216424977407,0.00370665942319,-0.00192389206495],[0.000103776423202,-0.000588062801398,0.000857154780533,-0.000695744180121,0.00102638802491,-0.000848049821798,0.00421563070267,-0.00748591031879,0.01549872756,-0.00734578538686,0.0046726167202,-0.00187784072477,0.00132144743111],[-0.000184414762771,0.00127899344079,0.000237677842961,0.00177601433825,-0.000762279960327,0.00149563141167,-0.000867269642185,0.00136299803853,-0.00734578538686,0.0215539578348,-0.00977107509971,0.00486885523424,-0.000416030234192],[0.000241981935687,-0.00101623823866,0.000744764925912,-0.00113061245065,0.000566932489164,-0.000411749788327,0.000290424766717,-0.00216424977407,0.0046726167202,-0.00977107509971,0.0254843533039,-0.0117989573628,0.00365725671872],[-0.000197699613636,0.000829477328807,-0.00155272218399,0.000447128317319,-0.000367168395314,0.000711160188075,0.000213457664358,0.00370665942319,-0.00187784072477,0.00486885523424,-0.0117989573628,0.0254870504141,-0.0115275476128],[0.0000486070894112,0.000569515686948,0.00169622758403,-0.000926520791836,-0.000720706477296,0.0000293613902613,0.00143688940443,-0.00192389206495,0.00132144743111,-0.000416030234192,0.00365725671872,-0.0115275476128,0.0236839111894]],"mean":[-605.113037109,79.3744506836,-1.92984855175,24.6456813812,11.4870767593,13.3045473099,3.83143830299,4.77392578125,4.95855951309,0.500555157661,-2.28481078148,-3.63468050957,-2.71036553383]},"pitch_salience":{"dmean":0.0650184750557,"dmean2":0.107331201434,"dvar":0.00327179767191,"dvar2":0.00879487209022,"max":0.920522153378,"mean":0.601207375526,"median":0.611681520939,"min":0.0289806649089,"var":0.0104249073192},"silence_rate_20dB":{"dmean":0,"dmean2":0,"dvar":0,"dvar2":0,"max":1,"mean":1,"median":1,"min":1,"var":0},"silence_rate_30dB":{"dmean":0,"dmean2":0,"dvar":0,"dvar2":0,"max":1,"mean":1,"median":1,"min":1,"var":0},"silence_rate_60dB":{"dmean":0.000996884773485,"dmean2":0.00199401797727,"dvar":0.000995890935883,"dvar2":0.00248854630627,"max":1,"mean":0.0301520060748,"median":0,"min":0,"var":0.029242862016},"spectral_centroid":{"dmean":284.38067627,"dmean2":450.893432617,"dvar":132258.890625,"dvar2":291932.46875,"max":11856.2099609,"mean":2155.58959961,"median":2175.80053711,"min":264.311706543,"var":794789.6875},"spectral_complexity":{"dmean":5.12398767471,"dmean2":7.67796611786,"dvar":30.365562439,"dvar2":60.7714195251,"max":63,"mean":29.6786689758,"median":32,"min":0,"var":170.861984253},"spectral_contrast_coeffs":{"dmean":[0.0493339560926,0.0457950867712,0.0382445305586,0.0292391330004,0.0204780437052,0.0166973117739],"dmean2":[0.0833111405373,0.0760039687157,0.062011256814,0.048160854727,0.0334515236318,0.0265867840499],"dvar":[0.0017248201184,0.00138054124545,0.00100238341838,0.000566333881579,0.0002926455345,0.00023538833193],"dvar2":[0.00469752401114,0.00375636131503,0.00247523305006,0.00146013672929,0.000728605024051,0.000568240706343],"max":[-0.38734343648,-0.48117429018,-0.505009591579,-0.569194018841,-0.622445821762,-0.54827350378],"mean":[-0.681164622307,-0.763712286949,-0.7819840312,-0.789585530758,-0.794463276863,-0.745112359524],"median":[-0.681598484516,-0.76625007391,-0.793536424637,-0.794080734253,-0.7976308465,-0.739365577698],"min":[-0.977182209492,-0.977272391319,-0.980390191078,-0.994568407536,-0.987483024597,-0.964396417141],"var":[0.00504857767373,0.00402917619795,0.00472438707948,0.0024702961091,0.00155582360458,0.00201778998598]},"spectral_contrast_valleys":{"dmean":[0.394814223051,0.374393880367,0.319036513567,0.286101967096,0.244820162654,0.201684713364],"dmean2":[0.656226813793,0.605401992798,0.50436681509,0.445497334003,0.3724604249,0.286357849836],"dvar":[0.145983994007,0.140055119991,0.112975545228,0.122424289584,0.129840508103,0.0950850918889],"dvar2":[0.331238120794,0.288834810257,0.215060800314,0.224329516292,0.245817452669,0.159071147442],"max":[-5.4562664032,-5.03961467743,-5.27331972122,-5.3022441864,-5.33094072342,-7.00040721893],"mean":[-7.19937896729,-7.11952638626,-7.27418994904,-7.27348041534,-7.05377292633,-9.41634082794],"median":[-6.89004898071,-6.80520343781,-6.96510219574,-6.92534065247,-6.65290260315,-9.15165901184],"min":[-28.0006370544,-28.0789451599,-27.7380752563,-27.7367153168,-27.472530365,-27.3678607941],"var":[4.01532411575,4.09367322922,3.89018845558,3.95922350883,3.94315552711,3.2427148819]},"spectral_decrease":{"dmean":1.95095051225e-9,"dmean2":3.11877035308e-9,"dvar":6.70058895969e-18,"dvar2":1.63050566711e-17,"max":1.8453109984e-28,"mean":-5.38387157079e-9,"median":-4.77155204237e-9,"min":-3.41999140119e-8,"var":1.10245672512e-17},"spectral_energy":{"dmean":0.00809374637902,"dmean2":0.0128280073404,"dvar":0.000119138152513,"dvar2":0.000288624549285,"max":0.131983995438,"mean":0.0232857037336,"median":0.0207884050906,"min":9.92876279137e-21,"var":0.00020032338216},"spectral_energyband_high":{"dmean":0.000828346936032,"dmean2":0.0012643688824,"dvar":0.00000349552760781,"dvar2":0.00000763563821238,"max":0.0549455881119,"mean":0.00211684708484,"median":0.00153609528206,"min":7.37084568754e-21,"var":0.0000066285815592},"spectral_energyband_low":{"dmean":0.00400880770758,"dmean2":0.00672879628837,"dvar":0.0000352052193193,"dvar2":0.0000903133695829,"max":0.111317202449,"mean":0.00662488536909,"median":0.00471580261365,"min":2.91987082192e-23,"var":0.0000441247029812},"spectral_energyband_middle_high":{"dmean":0.00301858130842,"dmean2":0.00472333421931,"dvar":0.0000188428984984,"dvar2":0.0000449542130809,"max":0.0607556402683,"mean":0.00844949111342,"median":0.00621551647782,"min":1.201079679e-21,"var":0.0000528574637428},"spectral_energyband_middle_low":{"dmean":0.00328699615784,"dmean2":0.00529864290729,"dvar":0.0000261321129074,"dvar2":0.0000663586106384,"max":0.0650326013565,"mean":0.00678115524352,"median":0.00503729656339,"min":2.06033567888e-22,"var":0.000037360990973},"spectral_entropy":{"dmean":0.0923346877098,"dmean2":0.138933137059,"dvar":0.0103559922427,"dvar2":0.0209298171103,"max":9.82414531708,"mean":8.04950428009,"median":8.0617275238,"min":6.57876205444,"var":0.0771444961429},"spectral_flux":{"dmean":0.0207205992192,"dmean2":0.0315708741546,"dvar":0.000590608571656,"dvar2":0.00123864144552,"max":0.263938903809,"mean":0.0873728245497,"median":0.0825237482786,"min":6.39761230103e-11,"var":0.00146371976007},"spectral_kurtosis":{"dmean":0.65971326828,"dmean2":1.0725260973,"dvar":0.460303455591,"dvar2":1.21301078796,"max":13.0682563782,"mean":2.84929966927,"median":2.72395563126,"min":-1.2473205328,"var":1.79479396343},"spectral_rms":{"dmean":0.000766115554143,"dmean2":0.00119373598136,"dvar":7.83625296208e-7,"dvar2":0.00000181243046882,"max":0.0113474605605,"mean":0.00452402466908,"median":0.00450348388404,"min":3.11233005514e-12,"var":0.00000225096209761},"spectral_rolloff":{"dmean":714.105407715,"dmean2":1177.41320801,"dvar":914563.75,"dvar2":2003052.125,"max":19530.6152344,"mean":2807.02978516,"median":2627.05078125,"min":21.533203125,"var":4060449},"spectral_skewness":{"dmean":0.119685053825,"dmean2":0.190032079816,"dvar":0.0137755945325,"dvar2":0.0327514857054,"max":2.54533982277,"mean":1.23752868176,"median":1.23556399345,"min":-0.0785954594612,"var":0.066901050508},"spectral_spread":{"dmean":470154.25,"dmean2":675868.8125,"dvar":990214619136,"dvar2":1931815813120,"max":48714868,"mean":5497156,"median":5020896.5,"min":2157662.5,"var":8928026951680},"spectral_strongpeak":{"dmean":0.691237032413,"dmean2":1.2011077404,"dvar":1.42045116425,"dvar2":3.61553907394,"max":11.9210414886,"mean":0.976288259029,"median":0.309474676847,"min":0,"var":2.2227306366},"zerocrossingrate":{"dmean":0.0116377044469,"dmean2":0.0139081049711,"dvar":0.000180965231266,"dvar2":0.000215901513002,"max":0.53173828125,"mean":0.101319268346,"median":0.09619140625,"min":0,"var":0.00228712148964}},"metadata":{"audio_properties":{"analysis_sample_rate":44100,"bit_rate":0,"codec":"flac","downmix":"mix","equal_loudness":0,"length":186.333328247,"lossless":true,"md5_encoded":"754ecbc8ddda0670687e0412688fdb20","replay_gain":-13.0034656525},"tags":{"acoustid_id":["20d088e9-cb64-4a18-b7d7-53bdb85bb801"],"album":["Keep the Faith"],"albumartist":["Bon Jovi"],"albumartistsort":["Bon Jovi"],"artist":["Bon Jovi"],"artists":["Bon Jovi"],"artistsort":["Bon Jovi"],"asin":["B0000260CF"],"barcode":["731451419720"],"catalognumber":["514 197-2"],"composer":["Jon Bon Jovi"],"composersort":["Bon Jovi, Jon"],"date":["1992"],"discnumber":["1"],"disctotal":["1"],"file_name":"09 Fear.flac","genre":["Rock; Hard Rock"],"grouping":["Rock"],"isrc":["USPG19290097"],"label":["Jambco","Mercury"],"language":["eng"],"lyricist":["Jon Bon Jovi"],"media":["CD"],"mood":["Angry; Energetic"],"musicbrainz_albumartistid":["5dcdb5eb-cb72-4e6e-9e63-b7bace604965"],"musicbrainz_albumid":["104d844a-69f5-3251-aa77-ddbf21167eb5"],"musicbrainz_artistid":["5dcdb5eb-cb72-4e6e-9e63-b7bace604965"],"musicbrainz_recordingid":["dd4e6ffb-bc39-46a4-9afa-bcbe72ffce80"],"musicbrainz_releasegroupid":["0e2ccac6-fd7b-3b8e-8dfe-07b56b61cb29"],"musicbrainz_releasetrackid":["32687539-ff4b-3592-9333-8804cbb06bf1"],"musicbrainz_workid":["3f653e85-11ef-4ae2-89bf-7674febdd762"],"originaldate":["1992-11-03"],"originalyear":["1992"],"releasecountry":["XE"],"releasestatus":["official"],"releasetype":["album"],"replaygain_album_gain":["-7.40 dB"],"replaygain_album_peak":["0.999969"],"replaygain_track_gain":["-8.01 dB"],"replaygain_track_peak":["0.999969"],"script":["Latn"],"title":["Fear"],"totaldiscs":["1"],"totaltracks":["13"],"tracknumber":["9"],"tracktotal":["13"],"work":["Fear"]},"version":{"essentia":"2.1-beta1","essentia_build_sha":"ed039d7e5a6e3dec64cf0be7c36ef885fb432306","essentia_git_sha":"v2.1_beta1-7-ge0e83e8","extractor":"music 1.0"}},"rhythm":{"beats_count":420,"beats_loudne