{"lowlevel":{"average_loudness":0.954394519329,"barkbands":{"dmean":[0.00344278966077,0.0113959945738,0.00405383389443,0.00136023736559,0.0036093017552,0.00342227541842,0.00229949876666,0.000642385450192,0.00067038211273,0.00103892863262,0.000598990474828,0.00174322829116,0.000688994245138,0.000299453909975,0.000251762103289,0.000156322392286,0.0000780053742346,0.0000460584706161,0.0000292201239063,0.0000176290814125,0.0000134852316478,0.0000086366708274,0.00000951172933128,0.00000899071892491,0.00000663696209813,0.0000570068259549,0.000339819380315],"dmean2":[0.00596331339329,0.0195391401649,0.00707353651524,0.0022435488645,0.00592339877039,0.00556347891688,0.00373660679907,0.0010398349259,0.00103543582372,0.00170851626899,0.00099101732485,0.0028829772491,0.00115929066669,0.000507265271153,0.000424264377216,0.000263023423031,0.000131510023493,0.0000751856932766,0.000046379500418,0.0000275338497886,0.0000209951922443,0.0000135896225402,0.0000149190009324,0.000013881560335,0.0000103407037386,0.0000877411148394,0.000528158037923],"dvar":[0.0000424214194936,0.000427396356827,0.0000261738150584,0.00000468618782179,0.0000377609649149,0.0000375625932065,0.0000182696039701,0.00000184500618161,0.0000023803604563,0.0000017910618908,6.18225271865e-7,0.00000356344116881,5.83988992275e-7,1.13339190477e-7,9.44652640555e-8,3.39410775041e-8,1.04865289785e-8,4.38387548485e-9,2.08724992845e-9,9.77399050583e-10,6.91858292878e-10,2.25478469229e-10,2.94392871192e-10,3.91737531302e-10,9.16792752825e-11,2.43783127019e-8,2.15229547962e-7],"dvar2":[0.000114950395073,0.00116408220492,0.00007216045924,0.0000115760021799,0.000091998364951,0.0000884811015567,0.0000460081100755,0.00000401407669415,0.00000512544875164,0.00000471263274449,0.00000158923501203,0.0000090105122581,0.00000161668140208,3.07355207951e-7,2.58362518935e-7,9.07159929397e-8,2.78194232095e-8,1.14302585175e-8,4.82637396715e-9,1.99255278943e-9,1.43959855148e-9,4.99558505673e-10,6.75008937634e-10,8.76462513677e-10,2.00533062378e-10,5.52514194396e-8,4.45485142109e-7],"max":[0.114230714738,0.269830852747,0.0633806362748,0.0252993442118,0.0658472180367,0.0903478786349,0.102867670357,0.0448998957872,0.0281573925167,0.0274005252868,0.0118476683274,0.034336514771,0.0101996557787,0.00436980510131,0.00424816645682,0.00335413590074,0.00149613257963,0.000860155560076,0.000802282243967,0.000616504112259,0.000683556601871,0.000366288935766,0.000405652303016,0.000413728004787,0.000178199115908,0.00362727977335,0.0100188665092],"mean":[0.00362537475303,0.0139371221885,0.00483480934054,0.00146266957745,0.00481020892039,0.00494057638571,0.00384631194174,0.00089486775687,0.00110101001337,0.00174780318048,0.00102392025292,0.00444601895288,0.00126176164486,0.000584821915254,0.000481808529003,0.000313934899168,0.000161687392392,0.0000945555948419,0.0000590999261476,0.0000360702870239,0.0000265511353064,0.0000167122507264,0.0000157255508384,0.0000139427938848,0.0000103448701338,0.0000871085503604,0.00117640011013],"median":[0.00144359632395,0.00810054596514,0.00290505774319,0.000607535126619,0.00226890528575,0.00254852185026,0.0017862765817,0.00041603774298,0.000448355945991,0.00123951933347,0.000719285220839,0.00298543926328,0.00105278845876,0.000499695073813,0.000397392082959,0.00025777835981,0.000127216451801,0.0000703716359567,0.0000390970562876,0.0000225685707846,0.0000153114451678,0.000010566198398,0.00000956332223723,0.00000756012468628,0.00000623666119282,0.0000376270836568,0.00101116800215],"min":[5.33581510357e-26,3.61971705703e-24,1.87696199534e-24,4.29778757571e-24,1.45807464586e-23,8.94124137831e-24,1.35735178107e-23,1.26066441314e-23,2.11511736713e-23,1.35638526869e-23,1.32650952849e-23,4.3115634537e-23,3.71232356862e-23,2.68790753492e-23,5.93808798627e-23,5.25783965929e-23,9.26612048926e-23,1.14005357607e-22,1.37142193573e-22,1.74007216153e-22,2.07946359945e-22,3.54406452314e-22,4.56505551211e-22,5.78258368566e-22,8.37443377386e-22,1.36152989766e-21,1.97850677115e-21],"var":[0.0000415044487454,0.000400850403821,0.0000321272018482,0.00000540793053005,0.0000536586012458,0.0000577606879233,0.0000469177066407,0.00000326568238052,0.00000580834966968,0.00000352455299435,0.0000011331950418,0.0000273678251688,0.00000102485853404,2.11332846334e-7,1.63731158409e-7,6.50411067227e-8,1.96545961728e-8,8.56589288389e-9,4.96290519791e-9,2.53095278069e-9,1.70977898506e-9,5.07659581039e-10,5.44669254143e-10,6.63190946604e-10,1.69279215645e-10,3.98695334525e-8,8.73269300428e-7]},"barkbands_crest":{"dmean":2.98074579239,"dmean2":4.97551250458,"dvar":6.63099241257,"dvar2":17.811882019,"max":24.8982620239,"mean":9.55692672729,"median":8.7289390564,"min":2.88863730431,"var":14.381685257},"barkbands_flatness_db":{"dmean":0.0231128111482,"dmean2":0.037453584373,"dvar":0.000374768453185,"dvar2":0.000948966422584,"max":0.398729741573,"mean":0.140088632703,"median":0.133495330811,"min":0.0424713641405,"var":0.00183901214041},"barkbands_kurtosis":{"dmean":3.5826587677,"dmean2":5.78599071503,"dvar":53.9381217957,"dvar2":128.846115112,"max":339.357025146,"mean":7.24072027206,"median":4.31252861023,"min":-1.75477421284,"var":291.03729248},"barkbands_skewness":{"dmean":0.554116606712,"dmean2":0.88344091177,"dvar":0.305642902851,"dvar2":0.72070646286,"max":13.1652698517,"mean":1.90166354179,"median":1.80314707756,"min":-2.61510968208,"var":1.60788667202},"barkbands_spread":{"dmean":6.62022924423,"dmean2":10.4592313766,"dvar":41.9506721497,"dvar2":93.6716918945,"max":120.755187988,"mean":26.410358429,"median":24.7999916077,"min":0.749430179596,"var":155.38911438},"dissonance":{"dmean":0.0240253787488,"dmean2":0.0412722304463,"dvar":0.000719827366993,"dvar2":0.00185652228538,"max":0.500000059605,"mean":0.462597221136,"median":0.470935344696,"min":0.164360955358,"var":0.00113671727013},"dynamic_complexity":1.66247236729,"erbbands":{"dmean":[0.436379164457,2.32679152489,4.92424535751,3.77056622505,8.08535957336,14.4205446243,16.8956871033,33.3504753113,36.5008811951,23.0787830353,11.5601024628,16.257232666,19.5086307526,33.6910476685,40.5838394165,55.5283737183,30.706029892,14.7331047058,11.8899679184,12.6871080399,6.03568267822,4.2544054985,2.66903400421,1.78731703758,1.16782271862,0.851722478867,0.694254279137,0.419197678566,0.319687664509,0.275337398052,0.281165331602,0.194795116782,0.151955589652,0.0900973826647,0.0399102494121,0.0628448799253,0.109912969172,0.112134717405,0.0338484942913,0.00713820615783],"dmean2":[0.760963916779,3.96259617805,8.49976062775,6.26326847076,13.5392961502,23.6683940887,27.9741840363,54.1151771545,59.1620941162,37.2902946472,18.5932273865,25.205488205,31.5166301727,55.5725097656,66.9147872925,91.2860565186,51.8080825806,24.6329555511,20.0458526611,21.2609920502,10.0966320038,7.15999507904,4.37715005875,2.84366822243,1.83614909649,1.33533024788,1.07966673374,0.657154619694,0.501544177532,0.434882164001,0.439509302378,0.299863785505,0.237865626812,0.139401808381,0.0623114965856,0.0961487069726,0.167920097709,0.169970110059,0.0496702045202,0.0111508145928],"dvar":[0.694943368435,15.661907196,38.6457214355,26.3785228729,207.421112061,691.338684082,913.133605957,4336.37109375,5409.50195312,1562.67297363,599.393676758,1620.51904297,910.675292969,2007.7623291,1925.62011719,3710.67138672,1187.19042969,289.109436035,159.212646484,270.346191406,53.1113815308,32.6189880371,14.1931648254,7.02016353607,3.75669980049,2.41540765762,1.88026785851,0.67569309473,0.334305197001,0.193208009005,0.253337085247,0.168512567878,0.118851855397,0.0198388826102,0.00316580827348,0.0212186649442,0.109346754849,0.0904935523868,0.00657056318596,0.0000592555661569],"dvar2":[1.9497102499,41.8428001404,105.417259216,67.6874923706,538.241760254,1639.73266602,2250.56616211,10213.0683594,13433.4335938,3852.81420898,1397.11669922,3429.28881836,2193.20727539,5279.91601562,4981.72021484,9476.96582031,3246.39819336,770.888061523,440.123779297,728.510498047,143.799285889,87.075881958,37.3671035767,17.0188770294,8.33275032043,5.07500362396,3.90279006958,1.4524692297,0.724552571774,0.430369973183,0.585772573948,0.374202787876,0.271692037582,0.0435169897974,0.00693909358233,0.0466034375131,0.252377778292,0.192191302776,0.0123034929857,0.000133658948471],"max":[10.3175439835,65.2804718018,99.8814697266,67.9537124634,258.190032959,310.292755127,411.144805908,994.754272461,1776.07958984,773.56237793,914.420410156,812.566955566,862.584716797,684.510375977,582.388977051,929.991455078,421.047607422,234.892227173,155.245986938,322.419586182,81.6483306885,73.4310684204,55.120136261,41.6639442444,36.7882423401,33.6674804688,28.1241073608,26.2819499969,14.4933643341,11.4639997482,10.3328704834,9.64611339569,7.67517852783,3.22786784172,0.894067883492,3.57105517387,7.84781932831,9.82540225983,2.2042953968,0.178120315075],"mean":[0.486379265785,2.76240587234,6.02844381332,5.01008081436,9.22811985016,18.1071014404,23.477809906,47.15026474,62.0946121216,35.9532966614,19.0314655304,26.7325553894,34.3957901001,58.7604980469,99.5863265991,146.191772461,63.4425811768,32.3325271606,25.9860744476,25.6516036987,13.663479805,9.21366119385,5.83239507675,3.73565149307,2.46487522125,1.75176298618,1.33664536476,0.834096133709,0.619287610054,0.505315840244,0.450553864241,0.305369764566,0.230749905109,0.140506401658,0.0611914731562,0.0982950776815,0.168498769403,0.192162156105,0.0796045213938,0.0337081067264],"median":[0.216204166412,1.59642839432,3.90170383453,2.78695058823,3.92491817474,7.300365448,13.5555591583,22.333240509,26.2421092987,21.5807056427,9.01446533203,10.6295681,23.9607849121,41.8896064758,73.9668884277,106.033233643,54.4296188354,28.3147583008,23.5617542267,20.5280666351,11.4904766083,7.33068084717,4.45318222046,2.59781742096,1.62769842148,1.06992793083,0.779298663139,0.496482133865,0.390518158674,0.320513367653,0.268586546183,0.167698502541,0.124763116241,0.0816688239574,0.0370154641569,0.0506077520549,0.0720108971,0.092123940587,0.0476211458445,0.0324685871601],"min":[1.07506910797e-22,3.87390935571e-22,3.12538239108e-21,9.28699099727e-21,3.12446635318e-20,3.01874523919e-20,4.75803141758e-20,5.57469261919e-20,1.80325644955e-19,2.98015700512e-19,3.73976135603e-19,3.29170941296e-19,6.35054577e-19,7.96983402015e-19,1.0179671325e-18,1.84941496304e-18,2.09199581063e-18,2.09535809303e-18,3.32309512695e-18,2.42886676946e-18,3.09694622222e-18,5.40089052121e-18,5.43034600923e-18,7.32987736404e-18,6.76448907561e-18,8.59303013589e-18,9.4883538873e-18,8.45646840702e-18,1.35754210339e-17,1.29368475272e-17,1.14941527218e-17,1.11907023413e-17,9.86953277564e-18,7.55661749611e-18,6.59405554142e-18,4.2050115214e-18,2.40598840128e-18,1.00327444027e-18,2.68005820534e-19,2.79638519649e-20],"var":[0.619215965271,15.3158750534,45.4454727173,36.9935913086,216.847946167,998.761291504,1214.45043945,6427.49609375,14547.9072266,2458.5925293,1174.08740234,3734.08862305,1980.20446777,3496.75854492,8813.99511719,21309.9746094,2170.75390625,590.037536621,326.098114014,503.04586792,104.854110718,61.7197990417,28.8937683105,15.9710206985,9.49235343933,6.11814928055,4.38477611542,1.61415874958,0.756936430931,0.425045341253,0.451844960451,0.298411220312,0.185659781098,0.0365181155503,0.00569491973147,0.0363817848265,0.164380759001,0.178297057748,0.0183422360569,0.000320848397678]},"erbbands_crest":{"dmean":2.60898470879,"dmean2":4.27453422546,"dvar":5.30360078812,"dvar2":13.8101634979,"max":29.7023544312,"mean":9.92226314545,"median":8.82365989685,"min":2.3253493309,"var":19.5808792114},"erbbands_flatness_db":{"dmean":0.0201535765082,"dmean2":0.0307665839791,"dvar":0.000307280191919,"dvar2":0.000669288972858,"max":0.36432749033,"mean":0.15706487,"median":0.151087537408,"min":0.0227975193411,"var":0.00236915005371},"erbbands_kurtosis":{"dmean":1.51099348068,"dmean2":2.39620232582,"dvar":7.10959863663,"dvar2":14.8784151077,"max":78.3931732178,"mean":2.13487434387,"median":0.88473546505,"min":-1.54512691498,"var":25.4632129669},"erbbands_skewness":{"dmean":0.389814049006,"dmean2":0.624039769173,"dvar":0.138353019953,"dvar2":0.37424787879,"max":5.63009166718,"mean":-0.0290314853191,"median":-0.0753078758717,"min":-4.9731221199,"var":0.621545791626},"erbbands_spread":{"dmean":4.6231970787,"dmean2":7.18033790588,"dvar":20.1171131134,"dvar2":43.9745826721,"max":153.274902344,"mean":21.0446052551,"median":19.3339710236,"min":1.04838645458,"var":171.323776245},"gfcc":{"cov":[[19036.2050781,1258.03186035,-1071.21679688,-466.68838501,-42.5420875549,-255.784317017,-67.3003768921,-282.226501465,-57.7685203552,-20.9063491821,40.6558876038,90.2236099243,-125.212295532],[1258.03186035,649.3671875,-121.261489868,-195.014633179,60.9501342773,-45.0614891052,-23.1175117493,-50.8530235291,34.1151580811,-39.7424087524,63.1043052673,-2.87724733353,63.6218757629],[-1071.21679688,-121.261489868,322.54675293,223.775115967,-8.60162734985,23.824678421,-39.658782959,58.5349693298,-17.2351608276,24.3719482422,-32.2883491516,-4.54092073441,-31.5315666199],[-466.68838501,-195.014633179,223.775115967,308.728790283,38.9500083923,2.43730473518,-3.86314892769,42.2325401306,-19.4221057892,15.1648874283,-37.2860832214,-4.1920208931,-37.2437324524],[-42.5420875549,60.9501342773,-8.60162734985,38.9500083923,128.461196899,28.8323173523,36.5633392334,-15.612364769,2.37439370155,-25.8479728699,5.71319150925,1.18463683128,13.2227897644],[-255.784317017,-45.0614891052,23.824678421,2.43730473518,28.8323173523,163.112579346,41.4474449158,-1.92850756645,-26.2002925873,-0.0470199882984,7.53364896774,22.8470401764,9.64978408813],[-67.3003768921,-23.1175117493,-39.658782959,-3.86314892769,36.5633392334,41.4474449158,104.372306824,11.2050561905,14.4233131409,6.1980381012,14.4816598892,16.4393978119,3.54215526581],[-282.226501465,-50.8530235291,58.5349693298,42.2325401306,-15.612364769,-1.92850756645,11.2050561905,92.5000228882,48.072593689,29.172208786,-8.4789981842,-14.9909677505,-11.0312690735],[-57.7685203552,34.1151580811,-17.2351608276,-19.4221057892,2.37439370155,-26.2002925873,14.4233131409,48.072593689,92.8082427979,41.9221992493,11.1529140472,-11.4472322464,3.32119488716],[-20.9063491821,-39.7424087524,24.3719482422,15.1648874283,-25.8479728699,-0.0470199882984,6.1980381012,29.172208786,41.9221992493,72.1289749146,27.6003990173,11.2452135086,-4.25742673874],[40.6558876038,63.1043052673,-32.2883491516,-37.2860832214,5.71319150925,7.53364896774,14.4816598892,-8.4789981842,11.1529140472,27.6003990173,63.3979988098,34.3964347839,22.4666576385],[90.2236099243,-2.87724733353,-4.54092073441,-4.1920208931,1.18463683128,22.8470401764,16.4393978119,-14.9909677505,-11.4472322464,11.2452135086,34.3964347839,55.0998497009,21.3211078644],[-125.212295532,63.6218757629,-31.5315666199,-37.2437324524,13.2227897644,9.64978408813,3.54215526581,-11.0312690735,3.32119488716,-4.25742673874,22.4666576385,21.3211078644,58.3199806213]],"icov":[[0.000135004884214,-0.000527602038346,0.000946722750086,-0.00049550057156,0.0000953250419116,-0.0000246770359809,0.00028396921698,-0.000237728614593,0.000509854464326,-0.000855110643897,0.0010917467298,-0.00108569709118,0.000865989364684],[-0.000527602038346,0.00504784844816,-0.00495788780972,0.00390417734161,-0.00180601328611,0.000829713768326,-0.000387798208976,0.00204489659518,-0.00389480520971,0.00623661465943,-0.00828894414008,0.00623760651797,-0.00455443793908],[0.000946722750086,-0.00495788780972,0.0155179193243,-0.00962572544813,0.00202449131757,-0.00242148363031,0.00548866996542,-0.00585607020184,0.00592656852677,-0.00843902863562,0.00997282471508,-0.00945380050689,0.00684553012252],[-0.00049550057156,0.00390417734161,-0.00962572544813,0.0124309957027,-0.00640589231625,0.00316035351716,-0.00189116282854,-0.000285978370812,0.00105627859011,0.000041949457227,-0.00129597587511,0.00226987106726,-0.00198610615917],[0.0000953250419116,-0.00180601328611,0.00202449131757,-0.00640589231625,0.0151737108827,-0.00335819390602,-0.00373794743791,0.00438307970762,-0.00612589064986,0.00835657864809,-0.00428392877802,0.00292936526239,-0.00111174094491],[-0.0000246770359809,0.000829713768326,-0.00242148363031,0.00316035351716,-0.00335819390602,0.00905483588576,-0.00326814781874,-0.00137133058161,0.00470667658374,-0.00288147875108,0.0015069966903,-0.00176555512007,-0.00146029610187],[0.00028396921698,-0.000387798208976,0.00548866996542,-0.00189116282854,-0.00373794743791,-0.00326814781874,0.0156993996352,-0.00425119744614,-0.00072117568925,-0.0013299890561,0.00143453537021,-0.00705617433414,0.00439416430891],[-0.000237728614593,0.00204489659518,-0.00585607020184,-0.000285978370812,0.00438307970762,-0.00137133058161,-0.00425119744614,0.022910060361,-0.0141534442082,0.00409955205396,-0.00369521440007,0.00744899362326,-0.00245968042873],[0.000509854464326,-0.00389480520971,0.00592656852677,0.00105627859011,-0.00612589064986,0.00470667658374,-0.00072117568925,-0.0141534442082,0.031662620604,-0.0228218100965,0.0104539496824,-0.00128146074712,0.000171340274392],[-0.000855110643897,0.00623661465943,-0.00843902863562,0.000041949457227,0.00835657864809,-0.00288147875108,-0.0013299890561,0.00409955205396,-0.0228218100965,0.0442924238741,-0.0288149323314,0.00819316320121,-0.0010989542352],[0.0010917467298,-0.00828894414008,0.00997282471508,-0.00129597587511,-0.00428392877802,0.0015069966903,0.00143453537021,-0.00369521440007,0.0104539496824,-0.0288149323314,0.052457511425,-0.0296331569552,0.00381308235228],[-0.00108569709118,0.00623760651797,-0.00945380050689,0.00226987106726,0.00292936526239,-0.00176555512007,-0.00705617433414,0.00744899362326,-0.00128146074712,0.00819316320121,-0.0296331569552,0.0474241152406,-0.0165829211473],[0.000865989364684,-0.00455443793908,0.00684553012252,-0.00198610615917,-0.00111174094491,-0.00146029610187,0.00439416430891,-0.00245968042873,0.000171340274392,-0.0010989542352,0.00381308235228,-0.0165829211473,0.03067249991]],"mean":[18.2903690338,97.2189407349,-75.0440979004,-31.127571106,-6.40272855759,-2.34478259087,-10.2547187805,-15.000289917,-7.9525346756,-3.92725968361,2.67373347282,6.09774303436,-4.19518709183]},"hfc":{"dmean":50.5299377441,"dmean2":81.0293502808,"dvar":3361.26928711,"dvar2":8140.79052734,"max":1334.38671875,"mean":200.47492981,"median":189.731674194,"min":1.08010941516e-16,"var":9403.19726562},"melbands":{"dmean":[0.0035109736491,0.00263142306358,0.000741579569876,0.000823149632197,0.000585866568144,0.000727833248675,0.000528456352185,0.000225162366405,0.0000935812786338,0.00010359731823,0.00010347164789,0.000147040293086,0.000103116057289,0.000224810297368,0.00011174834799,0.0000487273937324,0.0000284394136543,0.00002184787445,0.0000214868396142,0.0000141903865369,0.0000070081996455,0.00000511667349201,0.00000323983022099,0.0000022622493816,0.00000153353857968,0.0000010727812878,6.92825665283e-7,5.91009381878e-7,5.07024424223e-7,3.2522277138e-7,2.40490265924e-7,1.88907179677e-7,1.74449340307e-7,1.57237266762e-7,1.76129134388e-7,1.39554160228e-7,1.15905557152e-7,1.11017143922e-7,9.71237099634e-8,7.21461361763e-8],"dmean2":[0.00609354581684,0.00443527242169,0.0012172749266,0.00135914538987,0.000960915000178,0.00117909442633,0.000858006649651,0.000363846949767,0.000149248371599,0.000161823540111,0.000167987294844,0.000243200920522,0.000170247803908,0.000369786896044,0.000188528778381,0.0000815716921352,0.00004792924301,0.0000372697504645,0.000036441917473,0.000023871409212,0.0000118649195429,0.00000864977118908,0.00000541546432942,0.00000370136831407,0.00000247943171416,0.00000170993462234,0.0000010958922303,9.44449425333e-7,7.94839650098e-7,5.18123272286e-7,3.83856360031e-7,3.01156489968e-7,2.75940379879e-7,2.51370948945e-7,2.78586014701e-7,2.21506795128e-7,1.80201325861e-7,1.76579987965e-7,1.50758793893e-7,1.12875106595e-7],"dvar":[0.0000443286262453,0.0000124810121633,0.00000103970830878,0.0000022281881229,0.00000100254203517,0.00000186255772405,0.00000101831687971,1.53991180696e-7,3.9262818774e-8,6.37082848698e-8,2.42464714972e-8,3.85116898372e-8,1.3850304903e-8,6.70897293276e-8,1.46919338917e-8,3.25574411875e-9,1.09718290009e-9,5.49404410854e-10,7.71854191672e-10,3.09978653856e-10,7.59302620779e-11,4.64717223037e-11,1.92970691509e-11,1.01391993759e-11,5.41386336803e-12,3.13002943876e-12,1.34070077089e-12,1.27252288568e-12,1.08066311975e-12,4.37618962335e-13,2.16640819325e-13,1.36581325134e-13,7.50334920607e-14,7.40349960699e-14,9.634927269e-14,9.43991182423e-14,6.31953392611e-14,7.81793588743e-14,3.05956872522e-14,1.20876539775e-14],"dvar2":[0.000122496159747,0.0000327092784573,0.00000257362739831,0.00000561829938306,0.00000235786433223,0.00000436628852185,0.00000252363133768,3.66591336842e-7,9.26951457814e-8,1.35294740744e-7,5.90755000474e-8,1.0180872323e-7,3.57284015706e-8,1.67374793136e-7,4.11720648685e-8,8.6631999352e-9,2.92762525334e-9,1.53630408395e-9,2.10703743342e-9,8.30559121479e-10,2.06469202846e-10,1.25454077682e-10,5.25577185939e-11,2.61768835774e-11,1.33960594353e-11,7.25245948366e-12,2.96692640074e-12,2.81052308163e-12,2.36344884635e-12,9.76799695816e-13,4.82624140305e-13,3.04228105381e-13,1.70487118888e-13,1.7409856922e-13,2.28094480153e-13,2.20476984109e-13,1.43633030274e-13,1.85453608308e-13,6.70747975933e-14,2.73187912179e-14],"max":[0.0839130803943,0.067112095654,0.0127227650955,0.0171364992857,0.0153797278181,0.0200439766049,0.0240529756993,0.00721612665802,0.00623055268079,0.00541534041986,0.00449626287445,0.00303457630798,0.00185565499123,0.00509720155969,0.00120409124065,0.000692440138664,0.000439790834207,0.000275303405942,0.000403414858738,0.000361369427992,0.000101986661321,0.0000979901378741,0.0000677666903357,0.0000458615613752,0.0000368815744878,0.0000361503189197,0.0000212171853491,0.0000244608690991,0.0000211602382478,0.0000170735911524,0.0000136297630888,0.00000890849241841,0.00000652582775729,0.00000794045354269,0.00000651287518849,0.0000069900024755,0.00000622351944912,0.00000617795330982,0.00000383192491427,0.00000259512557932],"mean":[0.00424162205309,0.00343544315547,0.000999486306682,0.00100850104354,0.000838381820358,0.00106020388193,0.00091033661738,0.000338948477292,0.000150403357111,0.000164461074746,0.000174720873474,0.000243152768235,0.00022487109527,0.000570655451156,0.000214688261622,0.0000946195650613,0.0000561906381336,0.0000421271433879,0.0000391718531318,0.000026821899155,0.0000138389632411,0.00000997280221782,0.00000645373074804,0.00000436764776168,0.0000028945514714,0.00000208462734008,0.00000135519803734,0.00000111099268452,9.08228400931e-7,5.96771883465e-7,4.44588010851e-7,3.45153154058e-7,3.16075784212e-7,2.70249643108e-7,2.73566485021e-7,2.11982964515e-7,1.75742286501e-7,1.62188200648e-7,1.48420781443e-7,1.09187965336e-7],"median":[0.0022593694739,0.00229844450951,0.000568003975786,0.000418804876972,0.000464420532808,0.000519277935382,0.000402846810175,0.000198994821403,0.0000626316905254,0.0000661211670376,0.000119200893096,0.000168098980794,0.00017955385556,0.000337085890351,0.000180478484253,0.0000802054200904,0.0000471252787975,0.0000372064569092,0.0000312288975692,0.0000212871036638,0.0000112269653982,0.00000776019987825,0.00000496953589391,0.00000313841974275,0.00000194019776245,0.0000013414737623,8.60551608639e-7,6.48162028938e-7,5.08311472913e-7,3.40305774671e-7,2.58138015852e-7,2.12678600064e-7,2.00907010139e-7,1.68696942637e-7,1.61274968491e-7,1.16772824299e-7,9.41888416151e-8,8.48277750265e-8,8.3650931515e-8,6.3637841663e-8],"min":[1.57697032182e-24,1.59725588e-24,1.77778028866e-24,2.67336283309e-24,1.75921503891e-24,1.24357058618e-24,2.81942575451e-24,3.57013083825e-24,2.83998130033e-24,2.44706309407e-24,2.99425113617e-24,2.4243646076e-24,3.07664962987e-24,5.55332044866e-24,3.48493031061e-24,3.60785968876e-24,3.02029675946e-24,4.41739308844e-24,3.47222373358e-24,3.71152508361e-24,2.80616086117e-24,4.54354614668e-24,3.12611712509e-24,5.68452063897e-24,4.86826417223e-24,4.75438381752e-24,5.36514162402e-24,4.76172337939e-24,4.56268036236e-24,4.16451268121e-24,4.76391799042e-24,6.7396686425e-24,6.95522409599e-24,6.11697615936e-24,6.16220904924e-24,6.50838921901e-24,7.21649640552e-24,6.82767475394e-24,4.89273108764e-24,5.9059349624e-24],"var":[0.0000403644880862,0.0000148675599121,0.00000145510227867,0.00000281566963167,0.00000151527126491,0.00000292549088954,0.00000275340858025,2.42827752572e-7,8.62247304667e-8,1.37577998771e-7,5.24390202372e-8,6.61653274392e-8,3.30823262118e-8,6.00112002758e-7,2.68897561995e-8,5.86086690291e-9,2.09210648805e-9,9.77128822299e-10,1.25454213684e-9,5.68966540548e-10,1.26860549843e-10,8.03613425804e-11,3.4687835937e-11,2.00033375281e-11,1.09673893231e-11,7.08315177345e-12,3.31435183118e-12,2.75126883081e-12,2.18999449651e-12,9.36276880678e-13,4.80952951076e-13,2.75022165415e-13,1.677792562e-13,1.39701320174e-13,1.65166776198e-13,1.48171378596e-13,1.06010930286e-13,1.10148205119e-13,5.37979491684e-14,2.08918508036e-14]},"melbands_crest":{"dmean":4.41706323624,"dmean2":7.50681304932,"dvar":13.6477079391,"dvar2":38.1700668335,"max":36.6260261536,"mean":14.4732618332,"median":13.8020420074,"min":1.63322257996,"var":29.4673080444},"melbands_flatness_db":{"dmean":0.0301565006375,"dmean2":0.0489420704544,"dvar":0.000621750717983,"dvar2":0.00159102422185,"max":0.556604325771,"mean":0.255680799484,"median":0.252915948629,"min":0.00443385867402,"var":0.00309603172354},"melbands_kurtosis":{"dmean":5.01539230347,"dmean2":8.15934276581,"dvar":340.904174805,"dvar2":793.985595703,"max":964.938049316,"mean":7.99194717407,"median":2.60287547112,"min":-1.89340054989,"var":1151.95068359},"melbands_skewness":{"dmean":0.702726900578,"dmean2":1.12829256058,"dvar":0.545809328556,"dvar2":1.29473936558,"max":27.0537586212,"mean":1.73808217049,"median":1.56384921074,"min":-2.66749882698,"var":2.80104207993},"melbands_spread":{"dmean":5.17015361786,"dmean2":8.33745765686,"dvar":25.9886322021,"dvar2":58.6268920898,"max":204.176361084,"mean":19.209569931,"median":17.4686851501,"min":0.330570191145,"var":204.309661865},"mfcc":{"cov":[[6644.74121094,1019.23419189,-193.429992676,68.3571014404,-12.329782486,64.2519989014,-11.5239095688,-39.1733207703,-100.349388123,-1.98954188824,12.388584137,2.84654164314,36.1798591614],[1019.23419189,997.809936523,-142.750411987,-138.625915527,43.1495132446,-4.99674749374,-20.2128582001,-17.7278003693,-5.55956268311,-63.0234184265,-13.8228225708,28.5071907043,49.7413024902],[-193.429992676,-142.750411987,274.626678467,116.552261353,46.7067184448,-7.38447475433,0.234448105097,0.868702590466,-4.2424788475,18.6305198669,17.0050601959,-0.868024945259,-16.4564762115],[68.3571014404,-138.625915527,116.552261353,269.297149658,61.5220527649,-21.5592670441,-1.67492997646,6.23471689224,4.70768594742,22.3226680756,15.0638484955,-4.50303030014,-29.6932048798],[-12.329782486,43.1495132446,46.7067184448,61.5220527649,109.47088623,24.0795497894,9.2116727829,11.3400478363,5.21469640732,-3.60419821739,-0.0221573766321,-9.45414924622,-10.4421253204],[64.2519989014,-4.99674749374,-7.38447475433,-21.5592670441,24.0795497894,128.635787964,66.8675689697,29.0549144745,-7.34053516388,-20.3939971924,-15.125462532,-5.21394205093,20.3487033844],[-11.5239095688,-20.2128582001,0.234448105097,-1.67492997646,9.2116727829,66.8675689697,87.8641967773,38.971244812,-3.10360693932,-15.3983678818,-16.4834747314,-1.72220945358,13.0916805267],[-39.1733207703,-17.7278003693,0.868702590466,6.23471689224,11.3400478363,29.0549144745,38.971244812,62.4454421997,21.8277378082,2.42669653893,-3.97823476791,-0.210289657116,3.75686478615],[-100.349388123,-5.55956268311,-4.2424788475,4.70768594742,5.21469640732,-7.34053516388,-3.10360693932,21.8277378082,57.000087738,31.5767192841,17.5268478394,5.27433872223,-6.32307386398],[-1.98954188824,-63.0234184265,18.6305198669,22.3226680756,-3.60419821739,-20.3939971924,-15.3983678818,2.42669653893,31.5767192841,73.6794509888,38.1150932312,8.34818744659,-12.8914680481],[12.388584137,-13.8228225708,17.0050601959,15.0638484955,-0.0221573766321,-15.125462532,-16.4834747314,-3.97823476791,17.5268478394,38.1150932312,58.8630867004,22.0084457397,0.235171377659],[2.84654164314,28.5071907043,-0.868024945259,-4.50303030014,-9.45414924622,-5.21394205093,-1.72220945358,-0.210289657116,5.27433872223,8.34818744659,22.0084457397,48.4431533813,26.886051178],[36.1798591614,49.7413024902,-16.4564762115,-29.6932048798,-10.4421253204,20.3487033844,13.0916805267,3.75686478615,-6.32307386398,-12.8914680481,0.235171377659,26.886051178,56.319606781]],"icov":[[0.000214721439988,-0.000293110962957,0.000118758180179,-0.000310943403747,0.000303976150462,-0.000302773638396,0.000140823889524,-0.000131456923555,0.000642472645268,-0.000475315493532,-0.0000801178393885,0.00021590765391,-0.00000591549087403],[-0.000293110962957,0.00176201830618,0.00040349070332,0.00106039398815,-0.00177124922629,0.000908327405341,-0.0000162874948728,0.000525381066836,-0.00128628313541,0.00180290814023,-0.0000871926458785,-0.000918264209758,-0.00067179830512],[0.000118758180179,0.00040349070332,0.00498342746869,-0.00152268272359,-0.00156751205213,0.000247003335971,-0.000182669988135,-0.0000427411396231,0.00161043449771,-0.000674995593727,-0.000924934633076,-0.000238113396335,0.0000299691037071],[-0.000310943403747,0.00106039398815,-0.00152268272359,0.0061168577522,-0.00354341929778,0.00209908070974,-0.00108348473441,-0.00017676508287,-0.000236777501414,0.00023413967574,-0.000155144705786,-0.00139249116182,0.00158392929006],[0.000303976150462,-0.00177124922629,-0.00156751205213,-0.00354341929778,0.0139236412942,-0.00432057213038,0.00174066051841,-0.00147041096352,-0.000760747352615,0.000752628722694,-0.000983581296168,0.00234877504408,0.00184866169002],[-0.000302773638396,0.000908327405341,0.000247003335971,0.00209908070974,-0.00432057213038,0.0154144344851,-0.0103649040684,0.0000744329590816,-0.0000230748864851,0.00155663292389,-0.0013541438384,0.00294496188872,-0.0044413972646],[0.000140823889524,-0.0000162874948728,-0.000182669988135,-0.00108348473441,0.00174066051841,-0.0103649040684,0.0253185797483,-0.0122612696141,0.0040153702721,-0.0000923644693103,0.0034188174177,-0.00175892119296,-0.000445459911134],[-0.000131456923555,0.000525381066836,-0.0000427411396231,-0.00017676508287,-0.00147041096352,0.0000744329590816,-0.0122612696141,0.0286871995777,-0.0131649067625,0.00157746451441,0.0016025248915,0.0000869022624101,-0.00101334939245],[0.000642472645268,-0.00128628313541,0.00161043449771,-0.000236777501414,-0.000760747352615,-0.0000230748864851,0.0040153702721,-0.0131649067625,0.0317552797496,-0.0124844862148,-0.00157979235519,-0.00110595289152,0.00212321477011],[-0.000475315493532,0.00180290814023,-0.000674995593727,0.00023413967574,0.000752628722694,0.00155663292389,-0.0000923644693103,0.00157746451441,-0.0124844862148,0.0286089163274,-0.0137388128787,0.000154454872245,0.00326311774552],[-0.0000801178393885,-0.0000871926458785,-0.000924934633076,-0.000155144705786,-0.000983581296168,-0.0013541438384,0.0034188174177,0.0016025248915,-0.00157979235519,-0.0137388128787,0.032463721931,-0.0136318784207,0.00223161932081],[0.00021590765391,-0.000918264209758,-0.000238113396335,-0.00139249116182,0.00234877504408,0.00294496188872,-0.00175892119296,0.0000869022624101,-0.00110595289152,0.000154454872245,-0.0136318784207,0.0384363345802,-0.0187376737595],[-0.00000591549087403,-0.00067179830512,0.0000299691037071,0.00158392929006,0.00184866169002,-0.0044413972646,-0.000445459911134,-0.00101334939245,0.00212321477011,0.00326311774552,0.00223161932081,-0.0187376737595,0.0312364324927]],"mean":[-650.694641113,176.129394531,-9.7007856369,-0.720064938068,12.7050199509,15.1404428482,7.39547920227,3.78204154968,-3.73090076447,-4.44832992554,-2.49050855637,5.82297372818,9.61231136322]},"pitch_salience":{"dmean":0.0793365985155,"dmean2":0.133121803403,"dvar":0.00466823484749,"dvar2":0.0125911375508,"max":0.94367814064,"mean":0.579056680202,"median":0.59146130085,"min":0.0859316140413,"var":0.0118908332661},"silence_rate_20dB":{"dmean":0,"dmean2":0,"dvar":0,"dvar2":0,"max":1,"mean":1,"median":1,"min":1,"var":0},"silence_rate_30dB":{"dmean":0.0645161271095,"dmean2":0.129060581326,"dvar":0.0603537969291,"dvar2":0.139181822538,"max":1,"mean":0.940105319023,"median":1,"min":0,"var":0.0563073158264},"silence_rate_60dB":{"dmean":0.000877770478837,"dmean2":0.00175592629239,"dvar":0.00087699998403,"dvar2":0.00175284291618,"max":1,"mean":0.0215006582439,"median":0,"min":0,"var":0.0210383795202},"spectral_centroid":{"dmean":132.370666504,"dmean2":206.807250977,"dvar":64681.75,"dvar2":128433.28125,"max":11692.6582031,"mean":906.999511719,"median":797.694946289,"min":117.754173279,"var":969715.5},"spectral_complexity":{"dmean":2.8189599514,"dmean2":4.57243204117,"dvar":6.05390405655,"dvar2":14.670126915,"max":41,"mean":21.6586227417,"median":23,"min":0,"var":41.6666984558},"spectral_contrast_coeffs":{"dmean":[0.0579681247473,0.0578218586743,0.0399251841009,0.0281665697694,0.0220902822912,0.0158004593104],"dmean2":[0.0967318862677,0.0952857807279,0.0661540478468,0.0483355633914,0.0370181426406,0.025101987645],"dvar":[0.00213990546763,0.00200034840964,0.000953605980612,0.000476834014989,0.000365736050298,0.000187859259313],"dvar2":[0.00585883716121,0.00545827159658,0.00262531707995,0.00138651113957,0.000960691366345,0.000460562121589],"max":[-0.375163465738,-0.453926682472,-0.522336900234,-0.655045568943,-0.719546556473,-0.664706707001],"mean":[-0.688283264637,-0.725841403008,-0.770429670811,-0.803245067596,-0.812995672226,-0.812738001347],"median":[-0.691501021385,-0.729725003242,-0.775660097599,-0.802266359329,-0.810297310352,-0.812998473644],"min":[-0.9768191576,-0.978117763996,-0.984874486923,-0.984069466591,-0.979801237583,-0.978485882282],"var":[0.00599294155836,0.00610625417903,0.00401373812929,0.00142115796916,0.0010623462731,0.00110645731911]},"spectral_contrast_valleys":{"dmean":[0.431905657053,0.373823851347,0.285010278225,0.238350063562,0.274875998497,0.377758234739],"dmean2":[0.704823613167,0.612016677856,0.463920176029,0.390570551157,0.424507647753,0.585089027882],"dvar":[0.17352604866,0.146244987845,0.109548181295,0.0975384041667,0.122756376863,0.141388565302],"dvar2":[0.358347445726,0.277183055878,0.188772082329,0.160883679986,0.217417374253,0.28334453702],"max":[-4.8340139389,-4.69439601898,-5.21492433548,-5.88282680511,-6.34925460815,-8.83489990234],"mean":[-6.75679159164,-6.41153240204,-6.57963323593,-7.08198595047,-8.070104599,-10.7027368546],"median":[-6.4589805603,-6.11711978912,-6.23321294785,-6.71551513672,-7.77178239822,-10.4705629349],"min":[-28.0713729858,-28.1918144226,-27.76471138,-27.6328887939,-27.4069004059,-27.4093532562],"var":[4.50431680679,4.64313793182,4.57542276382,4.39384841919,3.95393276215,2.99483585358]},"spectral_decrease":{"dmean":5.13024778215e-9,"dmean2":8.39919689355e-9,"dvar":4.96450576423e-17,"dvar2":1.2897516578e-16,"max":1.56949883645e-10,"mean":-1.06130704225e-8,"median":-9.16893760916e-9,"min":-9.40264683891e-8,"var":6.63089750416e-17},"spectral_energy":{"dmean":0.0203637555242,"dmean2":0.032404333353,"dvar":0.000699511787388,"dvar2":0.00171358929947,"max":0.375995218754,"mean":0.0582398585975,"median":0.0529681891203,"min":9.97842190089e-21,"var":0.00118410796858},"spectral_energyband_high":{"dmean":0.000321265833918,"dmean2":0.000475145847304,"dvar":3.42205510151e-7,"dvar2":6.69610074056e-7,"max":0.0121210729703,"mean":0.000905207241885,"median":0.000655588810332,"min":7.17085134844e-21,"var":0.00000105217395685},"spectral_energyband_low":{"dmean":0.0155072836205,"dmean2":0.0260670855641,"dvar":0.000614213640802,"dvar2":0.00164661859162,"max":0.339050173759,"mean":0.0219536498189,"median":0.0151919927448,"min":1.47591347305e-23,"var":0.000652261136565},"spectral_energyband_middle_high":{"dmean":0.00256362021901,"dmean2":0.00415411917493,"dvar":0.00000583476821703,"dvar2":0.000015001472093,"max":0.0363806374371,"mean":0.0100599592552,"median":0.00948789529502,"min":1.10413950323e-21,"var":0.0000327248817484},"spectral_energyband_middle_low":{"dmean":0.00795670598745,"dmean2":0.0126510225236,"dvar":0.00010183636914,"dvar2":0.000250319804763,"max":0.113156944513,"mean":0.0173395033926,"median":0.0126543156803,"min":2.02147992478e-22,"var":0.000228670076467},"spectral_entropy":{"dmean":0.169823408127,"dmean2":0.262653380632,"dvar":0.024080067873,"dvar2":0.0578690692782,"max":9.81879520416,"mean":7.32956409454,"median":7.34364318848,"min":5.64813089371,"var":0.176538139582},"spectral_flux":{"dmean":0.0316949523985,"dmean2":0.0495397634804,"dvar":0.00117853656411,"dvar2":0.00253093475476,"max":0.515204131603,"mean":0.140567526221,"median":0.136679708958,"min":6.4374769404e-11,"var":0.00305114733055},"spectral_kurtosis":{"dmean":5.90610742569,"dmean2":9.26079273224,"dvar":40.9563751221,"dvar2":104.891372681,"max":93.0618133545,"mean":25.2090854645,"median":23.4140281677,"min":-1.23954308033,"var":138.569442749},"spectral_rms":{"dmean":0.00121059210505,"dmean2":0.0018838745309,"dvar":0.00000155831662596,"dvar2":0.00000368734731637,"max":0.0191526655108,"mean":0.00719707459211,"median":0.00718862190843,"min":3.12010356787e-12,"var":0.00000502148986925},"spectral_rolloff":{"dmean":6129.26513672,"dmean2":11808.8447266,"dvar":69928456,"dvar2":165038608,"max":22028.4667969,"mean":11533.6904297,"median":17732.59375,"min":64.599609375,"var":92458528},"spectral_skewness":{"dmean":0.434487849474,"dmean2":0.68049544096,"dvar":0.189986869693,"dvar2":0.478330284357,"max":8.15169811249,"mean":3.86032032967,"median":3.80882763863,"min":-0.0791594907641,"var":0.849369108677},"spectral_spread":{"dmean":550207.8125,"dmean2":850613.5,"dvar":612184162304,"dvar2":980136099840,"max":42328968,"mean":4473923,"median":3978828.5,"min":1839695.875,"var":12986712326100},"spectral_strongpeak":{"dmean":1.27930939198,"dmean2":2.38458800316,"dvar":31.7804069519,"dvar2":96.5458450317,"max":84.8681411743,"mean":1.36160993576,"median":0.393169999123,"min":0,"var":18.5271568298},"zerocrossingrate":{"dmean":0.0318484306335,"dmean2":0.0430574901402,"dvar":0.000714077905286,"dvar2":0.00125859805848,"max":0.51611328125,"mean":0.257304280996,"median":0.2509765625,"min":0.03271484375,"var":0.00477540912107}},"metadata":{"audio_properties":{"analysis_sample_rate":44100,"bit_rate":320000,"codec":"mp3","downmix":"mix","equal_loudness":0,"length":105.795921326,"lossless":false,"md5_encoded":"772b7df0aa4aa32dce42e5c91502577d","replay_gain":1.34877967834,"sample_rate":44100},"tags":{"acoustid_id":["498e8626-cd19-4686-8dda-e89e9a048e37"],"album":["Barely Legal"],"albumartist":["The Hives"],"artist":["The Hives"],"date":["1997"],"discnumber":["1/1"],"file_name":"04 - The Hives - I’m a Wicked One.mp3","musicbrainz_albumartistid":["487bfd74-71bf-46dd-b89c-80b7a0f06f2f"],"musicbrainz_albumid":["81e118c6-f751-30d5-878b-16d10c9a4411"],"musicbrainz_artistid":["487bfd74-71bf-46dd-b89c-80b7a0f06f2f"],"musicbrainz_recordingid":["dd548e2e-965f-4f06-ba28-20c77509f6f6"],"musicbrainz_releasegroupid":["99dd78c1-74a5-3a3a-b6c4-f9935d43c1e0"],"replaygain_album_gain":["-0.17 dB"],"replaygain_album_peak":["0.321453"],"replaygain_track_gain":["+0.46 dB"],"replaygain_track_peak":["0.298325"],"title":["I’m a Wicked One"],"tracknumber":["4/14"]},"version":{"essentia":"2.1-beta1","essentia_build_sha":"e76a03f03bb3900de42a1fa0d9be1e72f12def64","essentia_git_sha":"v2.1_beta1-28-g21ef5f4-dirty","extractor":"music 1.0"}},"rhythm":{"beats_count":210,"beats_loudness":{"dmean":0.0251449495554,"dmean2":0.0440617948771,"dvar":0.000687866937369,"dvar2":0.00189206853975,"max":0.159312188625,"mean":0.0655639842153,"median":0.0635778009892,"min":0,"var":0.000865469686687},"beats_loudness_band_ratio":{"dmean":[0.164969176054,0.110050737858,0.0809063538909,0.0713198557496,0.0131122870371,0.0762104764581],"dmean2":[0.280869632959,0.19073151052,0.145710289478,0.122460976243,0.0225494764745,0.129172816873],"dvar":[0.0186231769621,0.0091521544382,0.00815421063453,0.00727458950132,0.000129151187139,0.00686287693679],"dvar2":[0.0483571514487,0.0262641925365,0.0237828660756,0.01836649701,0.000339659076417,0.0190069116652],"max":[0.952575147152,0.538831651211,0.517069935799,0.559373438358,0.0737047940493,0.680350542068]