{"lowlevel":{"average_loudness":0.6036632061,"barkbands":{"dmean":[0.000110000757559,0.00373509270139,0.0014166861074,0.000914914300665,0.00192024139687,0.000938315293752,0.001019296702,0.000740906922147,0.000799672154244,0.000460328476038,0.000530586170498,0.000304385321215,0.000241183384787,0.000240026594838,0.000177454494406,0.0000664352701278,0.000079646379163,0.0000500905516674,0.0000620253049419,0.0000755971923354,0.000106758532638,0.0000721358010196,0.0000819870838313,0.0000363838516932,0.0000298444301734,0.0000242011919909,0.0000201797956834],"dmean2":[0.000157484260853,0.00644314941019,0.00241638324223,0.00157502538059,0.00316334445961,0.0013542015804,0.00140663096681,0.00108807755169,0.00109439471271,0.000631645321846,0.000723141129129,0.000451670348411,0.000355327472789,0.000370729976567,0.000282715831418,0.0001077311681,0.000129647087306,0.0000799617046141,0.0000986211307463,0.000116825664009,0.000160587689606,0.000105303370219,0.000119396325317,0.0000497469845868,0.0000399708442274,0.0000342446292052,0.0000316780387948],"dvar":[1.44977420291e-7,0.000150638792547,0.0000277125964203,0.0000101491714304,0.00000975477087195,0.00000223516326514,0.00000392140964323,0.00000420887499786,0.00000318854972647,0.0000016187110532,0.00000152484915361,0.00000100873910469,5.83042776725e-7,6.36859169845e-7,3.10606111498e-7,4.46958914324e-8,3.94655366165e-8,2.7681748449e-8,9.77808767288e-8,8.84379005583e-8,1.31192820163e-7,9.09470827537e-8,8.86919835352e-8,1.22941736791e-8,6.37353547717e-9,4.39076641712e-9,6.96719748561e-9],"dvar2":[2.83152303382e-7,0.000418664363679,0.0000774882209953,0.0000284093930532,0.0000278762672679,0.00000512197811986,0.00000741165968066,0.00000884919518285,0.00000615199860476,0.00000261643958765,0.00000304357081404,0.00000204599132303,0.00000120194340525,0.00000141628163419,7.85599524988e-7,1.12479874304e-7,9.44876603626e-8,6.92539856573e-8,2.36179673152e-7,2.01219975793e-7,3.03619145825e-7,2.03710115443e-7,1.71370402313e-7,2.04403747261e-8,1.08691118328e-8,8.70277183651e-9,1.76371219851e-8],"max":[0.0104572083801,0.212771937251,0.085257306695,0.0889213383198,0.0579332299531,0.0338299572468,0.0600050985813,0.0650655403733,0.0821280777454,0.0532896220684,0.0470644980669,0.0566083416343,0.0378346703947,0.0359368957579,0.0196278803051,0.0102459890768,0.0113402791321,0.00947475060821,0.0128156738356,0.011313538067,0.00780733022839,0.0114933336154,0.0119840903208,0.00667580822483,0.00249168975279,0.00145276158582,0.00120703293942],"mean":[0.000158470880706,0.00543336058035,0.00220210291445,0.00134568021167,0.00446058670059,0.00294168433174,0.00246708351187,0.0014736331068,0.00194548175205,0.00118867889978,0.00109968485776,0.000577131810132,0.000483966665342,0.00042333258898,0.000239061308093,0.000100036864751,0.000130455824547,0.0000728680679458,0.0000836360777612,0.000104969090899,0.000130596483359,0.000102304657048,0.000107768537418,0.0000589703959122,0.000045256671001,0.0000304903805954,0.0000178172304004],"median":[0.0000110318596853,0.00245830579661,0.00100169843063,0.000549400108866,0.00288582127541,0.00174047937617,0.000954476534389,0.000369998655515,0.000642470200546,0.000250541896094,0.00038809038233,0.000127548293676,0.0000988837273326,0.0000889620714588,0.0000545330985915,0.0000231900012295,0.0000407921761507,0.0000199674104806,0.0000149093539221,0.0000150709793161,0.0000141321743286,0.00000936535889196,0.0000082974365796,0.00000840062330099,0.00000537169989911,0.00000403795820603,6.1648989913e-7],"min":[4.03555798347e-24,1.64810161382e-24,5.47076536606e-24,5.94121242765e-24,1.98524972066e-23,1.07052400697e-23,2.44898523256e-23,2.34579843962e-23,2.79776430458e-23,1.87750709823e-23,4.38493098887e-23,2.43059625377e-23,3.38854412977e-23,7.17633265693e-23,5.33524363794e-23,7.65543123496e-23,1.13127601544e-22,1.1322857574e-22,1.30666756258e-22,2.62839391186e-22,2.97027941242e-22,4.36160058537e-22,5.58418958562e-22,6.59480446623e-22,8.98717498177e-22,1.47477811288e-21,2.26003373444e-21],"var":[2.28018578241e-7,0.000122843222925,0.0000213341918425,0.00000920518141356,0.0000267792529485,0.0000128694255181,0.0000197402514459,0.0000137970018841,0.0000193270388991,0.0000116458149932,0.00000559966929359,0.00000352353208655,0.0000022463921141,0.00000176233550064,4.20677167767e-7,9.06482426899e-8,1.21115675711e-7,4.48030270661e-8,1.86527060464e-7,1.71674301441e-7,2.06936221048e-7,1.9523342587e-7,2.28133174573e-7,4.7831743899e-8,1.91850304532e-8,7.32303728768e-9,6.16675821519e-9]},"barkbands_crest":{"dmean":2.1692943573,"dmean2":3.47632193565,"dvar":4.62884187698,"dvar2":12.7996664047,"max":26.7391548157,"mean":9.94379138947,"median":9.40941047668,"min":2.32982444763,"var":12.0092229843},"barkbands_flatness_db":{"dmean":0.0252661928535,"dmean2":0.0345876477659,"dvar":0.000697221374139,"dvar2":0.0012813830981,"max":0.416028380394,"mean":0.172727674246,"median":0.169380143285,"min":0.0181244648993,"var":0.00408730981871},"barkbands_kurtosis":{"dmean":2.96088862419,"dmean2":4.61840581894,"dvar":26.7618370056,"dvar2":63.0149230957,"max":256.566192627,"mean":5.12041902542,"median":3.2444794178,"min":-1.90889000893,"var":57.9510002136},"barkbands_skewness":{"dmean":0.503502428532,"dmean2":0.750118017197,"dvar":0.326698213816,"dvar2":0.735355854034,"max":15.932847023,"mean":1.48491454124,"median":1.39133989811,"min":-2.06858658791,"var":1.18680107594},"barkbands_spread":{"dmean":4.20912981033,"dmean2":6.12863492966,"dvar":43.3944816589,"dvar2":91.0191421509,"max":141.419708252,"mean":14.4084243774,"median":10.5444221497,"min":1.02425277233,"var":187.10546875},"dissonance":{"dmean":0.0271913520992,"dmean2":0.0439290851355,"dvar":0.000608325819485,"dvar2":0.00154406728689,"max":0.500000059605,"mean":0.430375903845,"median":0.440015852451,"min":0.180159673095,"var":0.00221675704233},"dynamic_complexity":5.31256437302,"erbbands":{"dmean":[0.0826491490006,0.929578602314,1.76745975018,2.43778634071,4.33694553375,7.41448020935,8.58685588837,6.54467010498,13.4173803329,15.0089559555,16.6606216431,16.8521213531,15.2580499649,18.95362854,11.1274871826,11.6277475357,11.3294916153,11.933385849,8.90414619446,6.84545612335,3.13875055313,4.73763465881,2.9009308815,2.6490380764,3.41459560394,3.54800200462,5.52886772156,2.98204612732,2.65123128891,2.32958245277,2.48436045647,0.871772348881,0.632094562054,0.342415958643,0.214756801724,0.119364321232,0.0403918102384,0.0161853171885,0.00412729103118,0.000148125836859],"dmean2":[0.139316990972,1.62680089474,3.03893303871,4.21221113205,7.15802097321,12.3500261307,12.5490903854,9.78872394562,19.2298259735,21.2925338745,23.8775138855,22.8856334686,20.5611190796,25.615447998,15.919757843,17.1648292542,16.6630401611,18.1612510681,14.5015134811,10.5753612518,5.04519224167,7.74301862717,4.62873029709,4.25871801376,5.32745218277,5.46200847626,8.61861801147,4.32373189926,3.85954117775,3.37979841232,3.66457867622,1.22661077976,0.86893504858,0.460049033165,0.295945942402,0.168118104339,0.0582245774567,0.0250941384584,0.00642279908061,0.00023143607541],"dvar":[0.0701624751091,9.5699672699,40.5683364868,72.1064453125,87.5199279785,169.763000488,179.775039673,146.109481812,576.271789551,1251.27124023,1475.3026123,1929.19335938,2017.5480957,2137.97363281,783.659545898,1408.84790039,1114.37084961,1850.69885254,813.966674805,350.156860352,79.6130371094,119.542976379,97.9865646362,100.414230347,297.050201416,191.523483276,389.743011475,114.464523315,120.311927795,87.3554611206,87.0511398315,7.60925292969,3.78729724884,0.920457482338,0.339306622744,0.105297833681,0.0130094606429,0.00343449041247,0.000333045085426,2.72811320201e-7],"dvar2":[0.183535888791,27.1078071594,112.035522461,203.797363281,241.55506897,488.721191406,410.73538208,360.69140625,1250.61230469,2609.39477539,3163.79541016,3595.15380859,3126.91162109,4277.18359375,1632.25671387,2910.28100586,2383.99121094,4040.49438477,2159.08056641,803.449401855,197.330169678,298.428588867,249.292724609,251.187164307,637.07598877,435.758636475,958.499267578,236.786315918,264.430114746,178.621002197,171.578231812,14.8293008804,6.14975452423,1.53801846504,0.618885278702,0.204523891211,0.0268233772367,0.00856334622949,0.000831749814097,6.81363246713e-7],"max":[4.49807357788,52.6279640198,106.127075195,183.993774414,278.184783936,258.373748779,350.080169678,283.452392578,809.011291504,1063.26794434,1072.20458984,2429.46533203,2092.69750977,2409.66699219,1574.80090332,2012.50390625,1527.91894531,2079.91723633,1253.81494141,775.247741699,405.205596924,318.370300293,582.078491211,367.60168457,706.533935547,513.832580566,431.909881592,400.765960693,433.451324463,324.60446167,406.836090088,135.66355896,102.03931427,34.210811615,18.4419288635,7.04444551468,3.09379553795,0.932082235813,0.263988286257,0.00822022557259],"mean":[0.128732979298,1.29122447968,2.77343654633,3.99351429939,8.62295436859,16.40234375,25.9376487732,18.5853557587,31.1366577148,34.2678985596,35.8831710815,44.2348365784,43.9290428162,41.1296310425,25.3238487244,24.007856369,24.4581604004,23.2095165253,13.8676738739,10.4415235519,5.56923675537,7.61054515839,4.50452470779,3.60461521149,4.909512043,4.83075380325,6.17729616165,4.25443506241,3.76745152473,3.22452044487,3.17347288132,1.32274377346,1.01222169399,0.533818364143,0.310456901789,0.160030990839,0.0488253496587,0.0156207596883,0.00364139815792,0.000157165442943],"median":[0.0424907505512,0.611323535442,1.37138664722,1.75306677818,4.68117523193,9.16842269897,16.1829528809,11.3476743698,14.3937778473,9.71081733704,14.600071907,13.2534732819,10.2193374634,15.8265399933,9.55617141724,6.13209581375,5.77564382553,5.00471878052,4.13645553589,2.84829354286,1.53796172142,2.48384952545,1.43334317207,0.826283335686,0.869084715843,0.680840373039,0.602167248726,0.501818776131,0.356650233269,0.238662242889,0.243453547359,0.162329554558,0.142250061035,0.0622718147933,0.0356007963419,0.0207188501954,0.00612638099119,0.00105856871232,0.000121563236462,0.0000377984179067],"min":[9.75545343313e-23,3.75203678296e-22,6.23102715415e-21,1.86015390643e-20,2.70774665462e-20,4.28746032244e-20,3.0194331562e-20,8.93013461814e-20,1.71777185689e-19,4.90928539924e-19,4.6251757422e-19,5.40038718181e-19,5.17248651534e-19,1.77320867436e-18,1.55936449484e-18,1.43535326721e-18,2.24706198339e-18,4.14910776047e-18,4.0940295258e-18,5.37998270404e-18,6.59520656325e-18,6.33622913476e-18,5.321635038e-18,7.87169390015e-18,7.74090341042e-18,1.17744544529e-17,1.45648920011e-17,1.05655159256e-17,1.31358067984e-17,1.51683219123e-17,1.56200171207e-17,1.23763408451e-17,1.04487643452e-17,9.66254323505e-18,7.49388163691e-18,5.31434509526e-18,2.7810196833e-18,1.12267051707e-18,2.70590010315e-19,3.45148833094e-20],"var":[0.0744931921363,7.17684173584,31.8592700958,63.3411445618,140.629272461,480.848480225,959.122375488,520.120361328,2395.78686523,4313.09082031,4922.86083984,14159.234375,16561.4804688,8285.85839844,2751.73974609,5137.66992188,4708.83300781,5330.72851562,1070.81933594,712.753295898,235.423843384,257.19519043,161.152603149,152.132965088,663.463256836,367.128234863,483.398010254,248.51499939,274.793640137,206.102523804,204.146499634,23.3553600311,14.5332174301,3.18109107018,0.834345936775,0.193562462926,0.0198370143771,0.00331481918693,0.000297081656754,2.54883673279e-7]},"erbbands_crest":{"dmean":2.26458477974,"dmean2":3.40548014641,"dvar":4.25720691681,"dvar2":9.36204147339,"max":29.3852005005,"mean":10.0099287033,"median":9.02480888367,"min":1.92392134666,"var":19.7158527374},"erbbands_flatness_db":{"dmean":0.0244347788393,"dmean2":0.0305318273604,"dvar":0.000627563335001,"dvar2":0.000991883338429,"max":0.381854325533,"mean":0.176792562008,"median":0.174198061228,"min":0.0214269887656,"var":0.00398340215907},"erbbands_kurtosis":{"dmean":1.35205554962,"dmean2":2.01924705505,"dvar":2.93153309822,"dvar2":6.40243959427,"max":32.3187294006,"mean":1.93559443951,"median":1.12624406815,"min":-1.81793117523,"var":9.40227794647},"erbbands_skewness":{"dmean":0.383776307106,"dmean2":0.554421961308,"dvar":0.122278653085,"dvar2":0.262271314859,"max":4.70672130585,"mean":0.7681427598,"median":0.738244652748,"min":-3.32736754417,"var":0.604719400406},"erbbands_spread":{"dmean":7.79404640198,"dmean2":11.0665044785,"dvar":108.86025238,"dvar2":213.840164185,"max":152.81439209,"mean":28.0473117828,"median":22.392534256,"min":2.36252593994,"var":361.497070312},"gfcc":{"cov":[[21427.9765625,-789.377624512,-1052.2479248,449.10748291,-1007.65692139,468.867034912,-380.686584473,198.363067627,-252.182373047,116.557235718,-261.123596191,127.079650879,-189.347747803],[-789.377624512,2337.02172852,-312.590759277,-369.813720703,217.584899902,-193.458633423,146.166564941,-118.949401855,57.620426178,-202.352249146,213.792175293,-54.0143318176,122.842643738],[-1052.2479248,-312.590759277,664.183044434,56.33203125,27.854467392,23.2480506897,6.17249250412,19.3387260437,1.90092289448,49.0435791016,-40.2534103394,5.14282894135,-4.26096391678],[449.10748291,-369.813720703,56.33203125,470.127227783,-28.3949832916,40.7752189636,-32.4627151489,2.52437114716,26.3722019196,38.8344306946,-34.8759078979,-21.0156440735,3.0918264389],[-1007.65692139,217.584899902,27.854467392,-28.3949832916,333.624328613,-10.5165710449,75.5350418091,0.249880686402,45.8310050964,0.0524012632668,19.9483985901,-2.98733782768,11.6175880432],[468.867034912,-193.458633423,23.2480506897,40.7752189636,-10.5165710449,198.486923218,23.2824554443,23.9318027496,-23.9476299286,21.1585330963,-18.7708110809,4.90093612671,-17.2450828552],[-380.686584473,146.166564941,6.17249250412,-32.4627151489,75.5350418091,23.2824554443,184.629318237,16.147441864,7.20080471039,-13.4224023819,32.3326377869,-6.41048574448,9.19080924988],[198.363067627,-118.949401855,19.3387260437,2.52437114716,0.249880686402,23.9318027496,16.147441864,125.597160339,24.05900383,21.4540786743,-18.7676467896,3.71891665459,-17.9167957306],[-252.182373047,57.620426178,1.90092289448,26.3722019196,45.8310050964,-23.9476299286,7.20080471039,24.05900383,124.290313721,24.0254402161,-9.50687026978,-20.2413578033,1.80021357536],[116.557235718,-202.352249146,49.0435791016,38.8344306946,0.0524012632668,21.1585330963,-13.4224023819,21.4540786743,24.0254402161,101.757545471,-6.49971961975,-3.52252745628,-17.8977832794],[-261.123596191,213.792175293,-40.2534103394,-34.8759078979,19.9483985901,-18.7708110809,32.3326377869,-18.7676467896,-9.50687026978,-6.49971961975,98.6469955444,20.6349773407,15.1164503098],[127.079650879,-54.0143318176,5.14282894135,-21.0156440735,-2.98733782768,4.90093612671,-6.41048574448,3.71891665459,-20.2413578033,-3.52252745628,20.6349773407,79.4721221924,19.2369403839],[-189.347747803,122.842643738,-4.26096391678,3.0918264389,11.6175880432,-17.2450828552,9.19080924988,-17.9167957306,1.80021357536,-17.8977832794,15.1164503098,19.2369403839,74.6707382202]],"icov":[[0.0000767536766944,-0.0000790085105109,0.00012946157949,-0.000105126498966,0.000200661001145,-0.000141560783959,0.000046714925702,-0.000101235527836,0.000140323172673,-0.000197761270101,0.00031864902121,-0.000292607728625,0.000202485767659],[-0.0000790085105109,0.00110599875916,0.0000609744020039,0.000689373526257,-0.00056871061679,0.000414520472987,-0.000114012538688,0.000382611644454,-0.000786124030128,0.00168761110399,-0.00215655076317,0.00174212560523,-0.00134364631958],[0.00012946157949,0.0000609744020039,0.00188919913489,-0.000194537075004,0.0000918874357012,-0.000142980454257,-0.000152737207827,-0.000149658793816,0.000379703677027,-0.000867624243256,0.000978325959295,-0.000528160075191,3.0411618468e-7],[-0.000105126498966,0.000689373526257,-0.000194537075004,0.00284215901047,-0.000298256840324,-0.000187444500625,0.000234854989685,0.000490156002343,-0.00101153831929,0.000427563296398,-0.0010114395991,0.00180114863906,-0.00157004012726],[0.000200661001145,-0.00056871061679,0.0000918874357012,-0.000298256840324,0.00419718958437,-0.000381354271667,-0.00120877148584,0.0000163923305081,-0.000777885667048,-0.00102980947122,0.00121688691434,-0.00145638873801,0.000774418469518],[-0.000141560783959,0.000414520472987,-0.000142980454257,-0.000187444500625,-0.000381354271667,0.00627059536055,-0.0013804679038,-0.000446885533165,0.00120472989511,-0.000475365668535,0.00025263405405,0.000123124744277,0.000303054199321],[0.000046714925702,-0.000114012538688,-0.000152737207827,0.000234854989685,-0.00120877148584,-0.0013804679038,0.00700860843062,-0.0014650602825,0.0000297771475744,0.000992660759948,-0.00232192780823,0.0014212311944,-0.000716227397788],[-0.000101235527836,0.000382611644454,-0.000149658793816,0.000490156002343,0.0000163923305081,-0.000446885533165,-0.0014650602825,0.00973547622561,-0.0024252536241,-0.000524924776983,0.00101802241988,-0.00126431440003,0.00154782633763],[0.000140323172673,-0.000786124030128,0.000379703677027,-0.00101153831929,-0.000777885667048,0.00120472989511,0.0000297771475744,-0.0024252536241,0.0109743112698,-0.00372426398098,0.00244038086385,0.00105399591848,-0.000396494258894],[-0.000197761270101,0.00168761110399,-0.000867624243256,0.000427563296398,-0.00102980947122,-0.000475365668535,0.000992660759948,-0.000524924776983,-0.00372426398098,0.014739761129,-0.00466991402209,0.00255619245581,0.000366883294191],[0.00031864902121,-0.00215655076317,0.000978325959295,-0.0010114395991,0.00121688691434,0.00025263405405,-0.00232192780823,0.00101802241988,0.00244038086385,-0.00466991402209,0.0175726320595,-0.00713206222281,0.0019543946255],[-0.000292607728625,0.00174212560523,-0.000528160075191,0.00180114863906,-0.00145638873801,0.000123124744277,0.0014212311944,-0.00126431440003,0.00105399591848,0.00255619245581,-0.00713206222281,0.018718926236,-0.00672731501982],[0.000202485767659,-0.00134364631958,3.0411618468e-7,-0.00157004012726,0.000774418469518,0.000303054199321,-0.000716227397788,0.00154782633763,-0.000396494258894,0.000366883294191,0.0019543946255,-0.00672731501982,0.0180250871927]],"mean":[-54.455493927,121.289360046,-88.1871795654,7.78335762024,-55.5739555359,8.13569259644,-30.8600959778,2.31568670273,-20.8584823608,2.49003529549,-13.2401809692,0.60429918766,-6.70946502686]},"hfc":{"dmean":5.15397644043,"dmean2":7.17669677734,"dvar":117.394615173,"dvar2":235.343307495,"max":228.67817688,"mean":15.6851072311,"median":9.61545276642,"min":1.1220260317e-16,"var":379.983093262},"melbands":{"dmean":[0.00089377653785,0.00105404842179,0.000434996705735,0.00044760882156,0.000288223993266,0.000160317998962,0.000200382623007,0.000169125152752,0.000150213716552,0.000105204228021,0.0000768266399973,0.0000742283664295,0.0000464355798613,0.0000251866877079,0.0000411668188462,0.0000231565209106,0.0000244292768912,0.0000149388606587,0.00001489177248,0.00000591556272411,0.00000343533042724,0.00000544594831808,0.00000301194359054,0.00000252168206316,0.00000215075124288,0.0000026397556212,0.00000252739278039,0.00000237263998315,0.00000354721373697,0.00000244718194153,0.00000165419771747,0.00000159485011864,0.00000133989760798,0.00000137890913265,0.00000151827248374,9.06735351691e-7,4.84816325752e-7,4.8475294534e-7,3.68451566146e-7,2.79209103837e-7],"dmean2":[0.00152772990987,0.00181625981349,0.00074482022319,0.000743458804209,0.000437623180915,0.000237811167608,0.000282639288343,0.000240932000452,0.000213128398173,0.000141243755934,0.000104251346784,0.000101188961708,0.0000649046633043,0.0000358271354344,0.0000619735365035,0.0000343254905601,0.0000373685761588,0.000024503979148,0.0000233952141571,0.00000944276598602,0.00000561524075238,0.0000088945735115,0.00000490312140755,0.00000405610626331,0.00000351271273757,0.00000425392636316,0.00000390065406464,0.00000375605986846,0.00000559447653359,0.00000374045407625,0.00000244177726927,0.00000236986511482,0.00000198616135094,0.00000205820697374,0.00000226672295867,0.00000133358923904,6.97522011706e-7,6.8655197083e-7,5.14558166742e-7,3.86420367704e-7],"dvar":[0.00000838424239191,0.0000130021726363,0.00000214759438677,5.94511618601e-7,2.16842266809e-7,7.46443404864e-8,1.35894168807e-7,1.74247915652e-7,1.10974411882e-7,7.92277461414e-8,5.09479463062e-8,3.09592032011e-8,1.09035376283e-8,8.63888338642e-9,1.67763580805e-8,6.86555878815e-9,9.06078856389e-9,2.24393237325e-9,1.8034084226e-9,3.79872050482e-10,1.12591318213e-10,1.70679859135e-10,7.84702511303e-11,7.45362382926e-11,6.87494575158e-11,2.31822783192e-10,1.31600841335e-10,8.62389951117e-11,1.59183749515e-10,7.28080790102e-11,3.99679143948e-11,4.43204049849e-11,3.5482828481e-11,3.35584962596e-11,3.67616770358e-11,9.71331261951e-12,2.93368064216e-12,2.35179714245e-12,1.50543347319e-12,6.12888862925e-13],"dvar2":[0.0000228830922424,0.0000359972655133,0.00000605938339504,0.00000173133412318,5.39427048807e-7,1.85645973261e-7,2.7798128599e-7,3.65734734942e-7,2.35116075942e-7,1.43188955803e-7,7.98630566123e-8,6.22361611136e-8,2.22166036679e-8,1.49428771579e-8,3.75944928521e-8,1.38905829061e-8,1.97705176674e-8,5.91550852747e-9,4.35306857227e-9,9.24680776393e-10,2.75309025577e-10,4.18503898203e-10,2.01612865292e-10,1.87678109165e-10,1.77743500474e-10,5.53561252392e-10,2.77175921104e-10,2.04287350924e-10,3.94994231767e-10,1.69151345708e-10,8.42555122893e-11,1.00044056373e-10,8.15211162464e-11,7.13156617094e-11,7.10266637172e-11,2.08450687267e-11,6.21652989502e-12,4.36568706533e-12,2.7902506694e-12,1.11771887319e-12],"max":[0.0495894998312,0.0612240582705,0.0363134779036,0.0144769009203,0.0124281765893,0.00629927264526,0.0123378727585,0.0120006697252,0.0112331993878,0.0162079520524,0.0103346323594,0.00910818576813,0.0044842637144,0.00606597121805,0.00809480529279,0.00523701589555,0.00468745455146,0.00205526058562,0.0010233343346,0.00101560296025,0.000655163137708,0.000521512236446,0.000543096160982,0.000334257259965,0.00028636935167,0.000665547850076,0.000527208845597,0.000359053141437,0.000345200678566,0.000231260026339,0.00029875227483,0.00030282852822,0.000214579602471,0.000215006191866,0.00027972398675,0.00010896378808,0.0000954554634518,0.0000843370580697,0.0000606347348366,0.0000245519022428],"mean":[0.00135233520996,0.00160905288067,0.000758901936933,0.000961834855843,0.000857114733662,0.000475940760225,0.000477546767797,0.00036981588346,0.000308856222546,0.000277604849543,0.000211068370845,0.0001583317935,0.000100795325125,0.0000538304157089,0.0000764628202887,0.0000445135847258,0.0000449648832728,0.0000217811957555,0.0000203835224966,0.00000884340443008,0.00000573015859118,0.00000860917953105,0.00000476882905787,0.00000336127504852,0.00000272717534244,0.00000356022792403,0.00000348280423168,0.00000309399524667,0.00000392286619899,0.00000298130316878,0.00000231852777688,0.0000021831574486,0.000001850518629,0.00000179820676749,0.00000193686514649,0.0000011813092442,7.17060515854e-7,7.3693485092e-7,5.83861776704e-7,4.09586021988e-7],"median":[0.000567624869291,0.000856045866385,0.00041363784112,0.000571303768083,0.000557936611585,0.000298675848171,0.000202930590604,0.0000883234170033,0.000121140168631,0.0000723165649106,0.0000441364536528,0.0000599688792136,0.0000392503498006,0.0000139332023537,0.0000139364328788,0.00000774518684921,0.00000795490632299,0.00000591495245317,0.00000469170117867,0.00000192431366486,0.00000144625676057,0.00000254256610788,0.00000164044672601,8.40317511575e-7,5.86459975693e-7,5.73578972762e-7,5.81832864555e-7,3.51568417045e-7,3.55966619736e-7,3.10428276862e-7,2.65738009375e-7,2.10400628475e-7,1.25122397776e-7,1.16283288776e-7,1.42588035601e-7,1.07443767661e-7,8.8240156515e-8,1.05273187501e-7,6.82436152033e-8,4.16766212652e-8],"min":[1.13202427368e-24,2.62652954166e-24,5.08653133508e-24,3.67250605109e-24,8.61571792577e-25,2.02789968272e-24,3.67085496521e-24,6.28888906657e-24,3.51859613303e-24,3.56499495933e-24,2.39240982448e-24,6.53840892633e-24,6.76264973839e-24,4.19584229207e-24,3.99397160313e-24,3.90813840904e-24,7.57628797578e-24,5.89074268466e-24,5.3146533428e-24,4.83243056004e-24,7.25544010183e-24,6.67968839243e-24,5.10952268617e-24,5.10818201706e-24,6.7244601931e-24,4.06701578422e-24,6.0842968075e-24,7.90779099398e-24,7.23356420006e-24,7.51016486584e-24,5.91432962573e-24,6.09218304997e-24,5.86979408889e-24,7.73319793186e-24,8.62134250402e-24,7.69826874869e-24,6.40920731512e-24,7.24924044397e-24,7.14471716289e-24,8.0269042575e-24],"var":[0.00000751814786781,0.0000100980068964,0.00000189444244825,0.00000140159863804,9.9637850326e-7,3.07346937234e-7,6.3027852093e-7,5.69054634525e-7,3.5082962313e-7,6.12178951087e-7,4.06321476021e-7,1.21931606145e-7,4.02734805505e-8,3.11053938162e-8,5.89895314818e-8,2.88785919622e-8,2.5748684962e-8,3.0333484613e-9,2.7768505273e-9,8.6549861722e-10,3.77982062316e-10,4.33411112555e-10,1.31343366738e-10,1.01586600243e-10,8.88801601762e-11,4.52759413294e-10,2.59302551653e-10,1.5490525529e-10,1.97532878943e-10,1.19832296863e-10,7.97906810068e-11,9.59523641098e-11,6.93753804404e-11,7.19508619351e-11,8.98128099669e-11,2.10891911573e-11,7.67020561648e-12,7.7192792089e-12,5.27142348869e-12,1.74688562227e-12]},"melbands_crest":{"dmean":2.4465174675,"dmean2":3.94919729233,"dvar":5.74739313126,"dvar2":15.2532691956,"max":39.4207572937,"mean":12.7922964096,"median":12.0748062134,"min":1.95334076881,"var":18.925617218},"melbands_flatness_db":{"dmean":0.0294167976826,"dmean2":0.0410055071115,"dvar":0.0010469352128,"dvar2":0.00196244963445,"max":0.533397734165,"mean":0.263335287571,"median":0.261180043221,"min":0.00553354714066,"var":0.00604319293052},"melbands_kurtosis":{"dmean":5.76640748978,"dmean2":9.06022167206,"dvar":180.998016357,"dvar2":435.834564209,"max":766.835083008,"mean":10.3071680069,"median":6.06393623352,"min":-1.81382775307,"var":329.036193848},"melbands_skewness":{"dmean":0.613197505474,"dmean2":0.918066859245,"dvar":0.632812023163,"dvar2":1.39845430851,"max":24.1231517792,"mean":2.07915687561,"median":1.87612068653,"min":-1.18974101543,"var":2.04432678223},"melbands_spread":{"dmean":3.86238145828,"dmean2":5.69198989868,"dvar":42.5477600098,"dvar2":80.5642776489,"max":193.454391479,"mean":14.4370918274,"median":11.3770542145,"min":0.849874377251,"var":170.613815308},"mfcc":{"cov":[[14375.6894531,62.7015571594,-447.738800049,-18.8619384766,-279.91519165,166.47996521,-172.556747437,-18.516834259,-28.1214828491,80.6341171265,-32.9934043884,-19.8648929596,-100.339080811],[62.7015571594,2449.76855469,-193.922393799,-152.759094238,3.20676851273,-111.810508728,81.7341308594,41.3988380432,-61.3432502747,-99.7991790771,-23.641960144,20.1440639496,-16.6819782257],[-447.738800049,-193.922393799,545.920288086,46.6489677429,0.0344043299556,24.3771972656,-0.402382194996,-25.7307529449,15.55514431,14.1522674561,-17.4048805237,-5.35666751862,-16.0801277161],[-18.8619384766,-152.759094238,46.6489677429,314.885894775,60.7319107056,35.0969352722,-26.7988357544,-12.5114536285,22.1926116943,47.6519470215,-13.1709413528,-9.85584926605,18.1745014191],[-279.91519165,3.20676851273,0.0344043299556,60.7319107056,180.809951782,34.9435310364,-13.9445171356,8.2299118042,21.8138046265,21.7953472137,0.8046682477,1.10785782337,8.26001262665],[166.47996521,-111.810508728,24.3771972656,35.0969352722,34.9435310364,158.347991943,35.9297904968,3.83135294914,14.9075918198,15.7736959457,0.501845002174,-8.13190460205,-4.29838323593],[-172.556747437,81.7341308594,-0.402382194996,-26.7988357544,-13.9445171356,35.9297904968,174.043258667,40.6473464966,-1.50420951843,-22.1650505066,12.5341491699,4.67987060547,-0.511682748795],[-18.516834259,41.3988380432,-25.7307529449,-12.5114536285,8.2299118042,3.83135294914,40.6473464966,105.264083862,20.6442127228,-1.02420687675,-0.666112482548,6.68188905716,5.4284901619],[-28.1214828491,-61.3432502747,15.55514431,22.1926116943,21.8138046265,14.9075918198,-1.50420951843,20.6442127228,108.661117554,41.838848114,8.06073474884,1.83314788342,1.04350304604],[80.6341171265,-99.7991790771,14.1522674561,47.6519470215,21.7953472137,15.7736959457,-22.1650505066,-1.02420687675,41.838848114,112.569137573,24.7476997375,2.56731939316,-1.74642157555],[-32.9934043884,-23.641960144,-17.4048805237,-13.1709413528,0.8046682477,0.501845002174,12.5341491699,-0.666112482548,8.06073474884,24.7476997375,92.7479705811,17.8752098083,-3.07344412804],[-19.8648929596,20.1440639496,-5.35666751862,-9.85584926605,1.10785782337,-8.13190460205,4.67987060547,6.68188905716,1.83314788342,2.56731939316,17.8752098083,78.9460525513,13.7363595963],[-100.339080811,-16.6819782257,-16.0801277161,18.1745014191,8.26001262665,-4.29838323593,-0.511682748795,5.4284901619,1.04350304604,-1.74642157555,-3.07344412804,13.7363595963,78.1466903687]],"icov":[[0.0000796967724455,-0.00000894741606317,0.0000741746334825,-0.0000116186101877,0.000169870065292,-0.000157428701641,0.000123097328469,-0.0000301138115901,0.0000269129086519,-0.0000743749187677,0.0000461128984171,-0.0000232222173508,0.0000985418882919],[-0.00000894741606317,0.000468683312647,0.000128085244796,0.000135555121233,-0.000202977389563,0.000362939754268,-0.000266135641141,-0.000055199223425,0.00012222728401,0.00020949721511,0.000154179360834,-0.000107046958874,0.000154830791871],[0.0000741746334825,0.000128085244796,0.0020344692748,-0.000216522646951,0.000220184258069,-0.000244157970883,-0.000118143943837,0.000504672818352,-0.000251093762927,-0.000143815690535,0.000542692025192,-0.000178845846676,0.000571953249164],[-0.0000116186101877,0.000135555121233,-0.000216522646951,0.00385688547976,-0.00103715341538,-0.000405246857554,0.000182065894478,0.000395051116357,-0.0000209496629395,-0.00136877095792,0.0007884731167,0.000386820320273,-0.000933734932914],[0.000169870065292,-0.000202977389563,0.000220184258069,-0.00103715341538,0.00675468984991,-0.00176172563806,0.00111944228411,-0.000704838428646,-0.000661148806103,-0.000471441628179,-0.0000882911335793,-0.000206682292628,-0.000262125395238],[-0.000157428701641,0.000362939754268,-0.000244157970883,-0.000405246857554,-0.00176172563806,0.00791609752923,-0.00239145150408,0.000513949373271,-0.000419121963205,-0.000515641528182,0.000297568680253,0.000631243514363,0.00038443642552],[0.000123097328469,-0.000266135641141,-0.000118143943837,0.000182065894478,0.00111944228411,-0.00239145150408,0.00755548430607,-0.0028193029575,0.000152244247147,0.00145703414455,-0.00144344265573,-0.0000850612559589,0.0000187529931281],[-0.0000301138115901,-0.000055199223425,0.000504672818352,0.000395051116357,-0.000704838428646,0.000513949373271,-0.0028193029575,0.0113587798551,-0.00238745147362,0.0000510690479132,0.000901563151274,-0.000695596216246,-0.00055246357806],[0.0000269129086519,0.00012222728401,-0.000251093762927,-0.0000209496629395,-0.000661148806103,-0.000419121963205,0.000152244247147,-0.00238745147362,0.0114841302857,-0.00394798442721,0.0000210800990317,-0.0000264746486209,-0.00000857193390402],[-0.0000743749187677,0.00020949721511,-0.000143815690535,-0.00136877095792,-0.000471441628179,-0.000515641528182,0.00145703414455,0.0000510690479132,-0.00394798442721,0.012376466766,-0.00332194077782,-0.0000303239103232,0.000469415594125],[0.0000461128984171,0.000154179360834,0.000542692025192,0.0007884731167,-0.0000882911335793,0.000297568680253,-0.00144344265573,0.000901563151274,0.0000210800990317,-0.00332194077782,0.0127006405964,-0.00277377152815,0.000886585970875],[-0.0000232222173508,-0.000107046958874,-0.000178845846676,0.000386820320273,-0.000206682292628,0.000631243514363,-0.0000850612559589,-0.000695596216246,-0.0000264746486209,-0.0000303239103232,-0.00277377152815,0.0139445858076,-0.00263564777561],[0.0000985418882919,0.000154830791871,0.000571953249164,-0.000933734932914,-0.000262125395238,0.00038443642552,0.0000187529931281,-0.00055246357806,-0.00000857193390402,0.000469415594125,0.000886585970875,-0.00263564777561,0.0138869835064]],"mean":[-704.601074219,159.217025757,20.0285663605,11.2787008286,-1.79087221622,4.36487817764,0.0966094657779,0.00427827890962,-0.684872210026,0.0876888036728,-3.31317949295,0.8912961483,-3.64265775681]},"pitch_salience":{"dmean":0.0603760443628,"dmean2":0.0973926186562,"dvar":0.00345967500471,"dvar2":0.00947136897594,"max":0.85103905201,"mean":0.563064217567,"median":0.568720936775,"min":0.0307502821088,"var":0.00971616432071},"silence_rate_20dB":{"dmean":0,"dmean2":0,"dvar":0,"dvar2":0,"max":1,"mean":1,"median":1,"min":1,"var":0},"silence_rate_30dB":{"dmean":0.0162510946393,"dmean2":0.0325047783554,"dvar":0.0159869976342,"dvar2":0.039415076375,"max":1,"mean":0.986856758595,"median":1,"min":0,"var":0.0129704773426},"silence_rate_60dB":{"dmean":0.00557635631412,"dmean2":0.01115360111,"dvar":0.00554526038468,"dvar2":0.0121445581317,"max":1,"mean":0.104508526623,"median":0,"min":0,"var":0.0935864895582},"spectral_centroid":{"dmean":162.953231812,"dmean2":238.700302124,"dvar":75803.7109375,"dvar2":148333.484375,"max":11240.4033203,"mean":779.474975586,"median":637.584533691,"min":224.087402344,"var":306053.1875},"spectral_complexity":{"dmean":2.47064447403,"dmean2":3.74123644829,"dvar":15.8180065155,"dvar2":30.0762863159,"max":62,"mean":13.1519832611,"median":12,"min":0,"var":64.2990264893},"spectral_contrast_coeffs":{"dmean":[0.0424723550677,0.0397384092212,0.0367281287909,0.031198028475,0.0222934428602,0.0181624572724],"dmean2":[0.0706539824605,0.0634639412165,0.0555608607829,0.0495798401535,0.0353925526142,0.0286091882735],"dvar":[0.00132345838938,0.00110861344729,0.000937797187362,0.000726253259927,0.000369585497538,0.000314395700116],"dvar2":[0.00369407515973,0.00285211438313,0.00211174064316,0.00168480747379,0.000874859048054,0.00072958425153],"max":[-0.273524582386,-0.395677566528,-0.383115440607,-0.447818249464,-0.598799407482,-0.599731862545],"mean":[-0.646774828434,-0.692874908447,-0.713347196579,-0.760483801365,-0.807108998299,-0.792129933834],"median":[-0.645267665386,-0.690683960915,-0.716180026531,-0.768095433712,-0.810966074467,-0.793080985546],"min":[-0.984772741795,-0.966633081436,-0.974892556667,-0.968687832355,-0.964464306831,-0.964795529842],"var":[0.00771915912628,0.00703158602118,0.00676707318053,0.00457933172584,0.00209583179094,0.00165223516524]},"spectral_contrast_valleys":{"dmean":[0.332927554846,0.306548386812,0.306586503983,0.330212563276,0.375653982162,0.463916599751],"dmean2":[0.547930121422,0.501172184944,0.484911173582,0.496989369392,0.505770742893,0.54599905014],"dvar":[0.105923086405,0.0827086418867,0.0866044312716,0.128689184785,0.194552212954,0.272076994181],"dvar2":[0.250182151794,0.199701085687,0.190213769674,0.245475560427,0.345859080553,0.428823024035],"max":[-4.90278339386,-4.3840880394,-5.22079324722,-5.63436698914,-5.304936409,-7.54047632217],"mean":[-7.3087978363,-6.85565042496,-8.0295009613,-8.56643772125,-8.72165203094,-11.0617485046],"median":[-7.00300645828,-6.59047317505,-7.74741125107,-8.35431289673,-8.5212726593,-10.7730178833],"min":[-27.637014389,-28.2100563049,-27.6812553406,-27.3608474731,-27.3951206207,-27.2899799347],"var":[2.02725887299,2.11048054695,2.19372057915,2.12350392342,2.32417392731,2.70955014229]},"spectral_decrease":{"dmean":2.0730488437e-9,"dmean2":3.35150840414e-9,"dvar":2.24167120598e-17,"dvar2":5.87581527729e-17,"max":4.73603715555e-17,"mean":-6.88952894734e-9,"median":-5.49612444445e-9,"min":-8.89756677225e-8,"var":3.98382557628e-17},"spectral_energy":{"dmean":0.00816805567592,"dmean2":0.0131213180721,"dvar":0.000335133983754,"dvar2":0.000873544544447,"max":0.3436024189,"mean":0.0274253673851,"median":0.0218568369746,"min":1.01029594351e-20,"var":0.000621752289589},"spectral_energyband_high":{"dmean":0.000370956142433,"dmean2":0.000507478252985,"dvar":0.0000011643498965,"dvar2":0.00000221456571126,"max":0.0280168764293,"mean":0.000549160176888,"median":0.0000744792923797,"min":7.35844928746e-21,"var":0.00000314250269184},"spectral_energyband_low":{"dmean":0.00503226043656,"dmean2":0.00850402098149,"dvar":0.000268415547907,"dvar2":0.000718313909601,"max":0.26490047574,"mean":0.00861137639731,"median":0.00465338444337,"min":1.57959377737e-23,"var":0.000244342023507},"spectral_energyband_middle_high":{"dmean":0.00137038272806,"dmean2":0.00193684198894,"dvar":0.00000669987184665,"dvar2":0.0000141212576636,"max":0.0680335611105,"mean":0.00410344265401,"median":0.00193346024025,"min":1.23608834147e-21,"var":0.0000357726676157},"spectral_energyband_middle_low":{"dmean":0.00401651207358,"dmean2":0.00625363504514,"dvar":0.0000402010737162,"dvar2":0.00010417021258,"max":0.158063650131,"mean":0.0152761079371,"median":0.0115506816655,"min":1.58943204037e-22,"var":0.000185689816135},"spectral_entropy":{"dmean":0.247470855713,"dmean2":0.322270750999,"dvar":0.0758511200547,"dvar2":0.127821430564,"max":9.82632923126,"mean":7.01029825211,"median":6.97725582123,"min":4.63589763641,"var":0.447447866201},"spectral_flux":{"dmean":0.0198980271816,"dmean2":0.0306770130992,"dvar":0.00104827876203,"dvar2":0.0020677219145,"max":0.469976603985,"mean":0.0628136694431,"median":0.053297739476,"min":6.45917971887e-11,"var":0.00254794652574},"spectral_kurtosis":{"dmean":4.65316963196,"dmean2":7.22823953629,"dvar":51.3398933411,"dvar2":121.943702698,"max":120.781143188,"mean":11.8311061859,"median":7.86855840683,"min":-1.24811041355,"var":182.681594849},"spectral_rms":{"dmean":0.000639159581624,"dmean2":0.000993891735561,"dvar":0.00000105676474504,"dvar2":0.00000260422325482,"max":0.0183090660721,"mean":0.00465089874342,"median":0.0046177636832,"min":3.13951360568e-12,"var":0.00000512559563504},"spectral_rolloff":{"dmean":299.310333252,"dmean2":486.722106934,"dvar":803323.3125,"dvar2":1886431.5,"max":20348.8769531,"mean":997.300842285,"median":624.462890625,"min":21.533203125,"var":2903362.75},"spectral_skewness":{"dmean":0.458050489426,"dmean2":0.67696338892,"dvar":0.297671884298,"dvar2":0.641291618347,"max":9.20065975189,"mean":2.51433038712,"median":2.32771658897,"min":-0.00238425703719,"var":1.28806495667},"spectral_spread":{"dmean":794673.625,"dmean2":1033034.375,"dvar":854014164992,"dvar2":1548689866750,"max":41712688,"mean":4228655.5,"median":3929660,"min":696399.5,"var":4490558177280},"spectral_strongpeak":{"dmean":0.389560669661,"dmean2":0.647346258163,"dvar":0.480768948793,"dvar2":1.1311661005,"max":11.8485431671,"mean":0.971991956234,"median":0.509176373482,"min":0,"var":1.51568579674},"zerocrossingrate":{"dmean":0.00962388236076,"dmean2":0.0110829183832,"dvar":0.000196464548935,"dvar2":0.000264163129032,"max":0.5234375,"mean":0.0441999174654,"median":0.033203125,"min":0,"var":0.00173617317341}},"metadata":{"audio_properties":{"analysis_sample_rate":44100,"bit_rate":0,"codec":"flac","downmix":"mix","equal_loudness":0,"length":291.466674805,"lossless":true,"md5_encoded":"3eee0dd34d74e5fd21e4b45fd87e4ad5","replay_gain":-8.97052383423},"tags":{"acoustid_id":["51ea1b04-927c-4fea-a32b-f8530a87848c"],"album":["Fields of Gold: The Best of Sting 1984-1994"],"albumartist":["Sting"],"albumartistsort":["Sting"],"artist":["Sting"],"artists":["Sting"],"artistsort":["Sting"],"asin":["B00000744Q"],"barcode":["731454032124"],"catalognumber":["540 321-2"],"composer":["Sting"],"composersort":["Sting"],"date":["1994-11-07"],"discnumber":["1"],"disctotal":["1"],"file_name":"16 Why Should I Cry for You_.flac","genre":["Soft Rock"],"grouping":["Rock"],"isrc":["USAM19100050"],"label":["A&M Records"],"language":["eng"],"lyricist":["Sting"],"media":["CD"],"mood":["Mellow; Spiritual; Relaxed; Smooth"],"musicbrainz_albumartistid":["7944ed53-2a58-4035-9b93-140a71e41c34"],"musicbrainz_albumid":["9544939a-d5ef-4355-afc4-2a45af23045f"],"musicbrainz_artistid":["7944ed53-2a58-4035-9b93-140a71e41c34"],"musicbrainz_recordingid":["dd666c72-0de6-45b6-a9e8-a29ffc356f30"],"musicbrainz_releasegroupid":["33cdbfa4-86da-33fa-b7d4-67f3efcaf558"],"musicbrainz_releasetrackid":["602d97d5-4e5e-3dbb-a8e2-112ffae65a3c"],"musicbrainz_workid":["230d2365-f698-4177-8bda-c03ee5fff1a2"],"originaldate":["1994-11-07"],"originalyear":["1994"],"producer":["Sting","Hugh Padgham"],"releasecountry":["DE"],"releasestatus":["official"],"releasetype":["album","compilation"],"remixer":["Mark Mazzetti","Hugh Padgham"],"replaygain_album_gain":["-4.81 dB"],"replaygain_album_peak":["0.979279"],"replaygain_track_gain":["-3.79 dB"],"replaygain_track_peak":["0.979218"],"script":["Latn"],"title":["Why Should I Cry for You