{"lowlevel":{"average_loudness":0.826961576939,"barkbands":{"dmean":[0.00195250217803,0.00435936870053,0.0013158810325,0.00176280376036,0.00400597928092,0.00123931071721,0.000436429749243,0.00027624971699,0.000289198680548,0.000116915507533,0.0000734524364816,0.0000718346200301,0.0000314703975164,0.0000321561310557,0.0000165386991284,0.00000718884120943,0.00000481379629491,0.00000409701851822,0.00000355046836376,0.00000304507307192,0.00000274880244433,0.00000220817787522,0.00000176942853614,0.00000163929701102,0.00000157823774316,0.00000155837687998,0.00000208848518923],"dmean2":[0.00309203448705,0.0068841483444,0.00215308065526,0.00279119820334,0.00605474319309,0.00196140003391,0.000694966875017,0.000441943499027,0.000454589258879,0.000193544285139,0.000109524786239,0.000114795482659,0.0000519070781593,0.0000515142237418,0.000027417918318,0.0000118494035632,0.0000080517729657,0.00000688641648594,0.00000595833080297,0.00000509762639922,0.00000457679743704,0.00000369833060176,0.00000302625153381,0.00000281421625914,0.00000271081125902,0.00000267321888714,0.00000342121688846],"dvar":[0.0000342087550962,0.000131052263896,0.00000716385238775,0.000013353529539,0.0000800652196631,0.0000211967035284,0.00000287430498247,9.74846784629e-7,0.00000473067757412,5.94212224314e-7,4.50968769883e-7,1.50243479879e-7,9.49081968571e-9,1.47913779003e-8,3.74037734119e-9,4.0644421162e-10,1.54718710066e-10,9.32895358186e-11,6.92570098493e-11,5.66955891956e-11,6.03620278761e-11,3.14486353625e-11,1.95160936023e-11,1.48474080253e-11,1.37962315183e-11,1.34644751945e-11,2.144110757e-11],"dvar2":[0.0000837358893477,0.000292432843708,0.0000163296699611,0.0000294406909234,0.00016087210679,0.0000505814350618,0.00000653890947433,0.0000023194249934,0.0000121718694572,0.00000137158110647,8.74535714956e-7,3.83089712841e-7,2.48780587242e-8,3.93527699316e-8,9.65929913832e-9,9.15249598332e-10,3.92108262526e-10,2.47407316856e-10,1.67718117172e-10,1.45011891384e-10,1.22693757931e-10,7.51045892144e-11,5.23838195043e-11,4.06968729549e-11,3.78297983217e-11,3.68598068734e-11,5.35005303948e-11],"max":[0.125657141209,0.26469001174,0.0884158834815,0.0953713059425,0.244036197662,0.15718151629,0.0705661922693,0.027614036575,0.144551232457,0.0381632447243,0.0641863420606,0.015142836608,0.00388297694735,0.00475103687495,0.00245893280953,0.00142043689266,0.000539444270544,0.000302976230159,0.000229242723435,0.000262256653514,0.000451324507594,0.00023340973712,0.000159211500431,0.000102164398413,0.0000984399521258,0.000096838673926,0.000108575746708],"mean":[0.00380214583129,0.0115852290764,0.00197695777752,0.00265334895812,0.00720225647092,0.00213748402894,0.000705052050762,0.000441242038505,0.000422973651439,0.00017654702242,0.000118250412925,0.000120047792734,0.0000508840639668,0.0000524099559698,0.0000254439546552,0.00000960351735557,0.00000601995407123,0.00000486277758682,0.00000414469059251,0.00000332979152518,0.0000030321803024,0.00000228710973715,0.00000169485576862,0.00000150354003381,0.00000143229590321,0.00000144400587487,0.00000299649991575],"median":[0.000368958484614,0.00201421510428,0.000682143843733,0.00065389322117,0.00169124198146,0.000201006332645,0.000099626937299,0.0000658887220197,0.0000426885817433,0.000014947143427,0.00000952413029154,0.0000109246084321,0.0000109265247374,0.00000823047594167,0.0000048788924687,0.00000273014165941,0.0000018981716039,0.0000015490916212,0.00000131845388296,9.66414745562e-7,7.58746296015e-7,5.48836851522e-7,4.13498355556e-7,3.28433145569e-7,3.00250462715e-7,3.24393454321e-7,9.63196725934e-7],"min":[1.8503877958e-23,1.14117817618e-23,3.59479433779e-23,4.1856120283e-23,7.45781211187e-23,2.33540535497e-23,4.51407793202e-23,8.22063745177e-23,1.01348500901e-22,2.50552462913e-23,8.49828051835e-23,8.09869154651e-23,1.51179134034e-22,6.37696223119e-23,2.75723547117e-22,1.43500993071e-22,9.49776665418e-23,1.36653289139e-22,3.54761982457e-22,3.63322549539e-22,2.97876048757e-22,5.61015711957e-22,4.84970378975e-22,9.72063134572e-22,1.32009382372e-21,1.62813297578e-21,2.55932306853e-21],"var":[0.0000954558345256,0.000616592937149,0.000019358119971,0.0000345942826243,0.000259008840658,0.0000602672553214,0.00000686534258421,0.00000203651393349,0.00000608490927334,0.00000125004373785,0.00000125598512568,3.40706179713e-7,2.21935287925e-8,2.93775244131e-8,7.62181340264e-9,7.63272722804e-10,2.34444741398e-10,1.15861813199e-10,9.78031544641e-11,8.12621706037e-11,1.4284680383e-10,5.24032726934e-11,1.85237988143e-11,1.34336031882e-11,1.24566676418e-11,1.22140682984e-11,4.24977275593e-11]},"barkbands_crest":{"dmean":2.77317643166,"dmean2":4.52239704132,"dvar":6.10010814667,"dvar2":15.6692018509,"max":25.8551025391,"mean":13.7993021011,"median":12.9579820633,"min":3.68343472481,"var":22.7365894318},"barkbands_flatness_db":{"dmean":0.0509294457734,"dmean2":0.0833556652069,"dvar":0.00181536434684,"dvar2":0.00510087795556,"max":0.575929880142,"mean":0.277146369219,"median":0.273089051247,"min":0.0452904291451,"var":0.00571661675349},"barkbands_kurtosis":{"dmean":16.4272708893,"dmean2":27.2033500671,"dvar":868.012878418,"dvar2":2371.73730469,"max":700.395629883,"mean":31.744550705,"median":14.0909538269,"min":-1.85906422138,"var":2908.98681641},"barkbands_skewness":{"dmean":1.10706436634,"dmean2":1.80945003033,"dvar":1.3994550705,"dvar2":3.81259512901,"max":18.5534915924,"mean":2.91374635696,"median":2.35615539551,"min":-2.65638566017,"var":6.63919305801},"barkbands_spread":{"dmean":1.68758833408,"dmean2":2.75229787827,"dvar":18.1985931396,"dvar2":50.4373092651,"max":125.133255005,"mean":4.43113660812,"median":3.08973550797,"min":0.135503157973,"var":40.2592811584},"dissonance":{"dmean":0.0333716757596,"dmean2":0.0559794530272,"dvar":0.000959400378633,"dvar2":0.00267055234872,"max":0.500000059605,"mean":0.436357289553,"median":0.445170134306,"min":0.214450880885,"var":0.00193202646915},"dynamic_complexity":6.0306854248,"erbbands":{"dmean":[0.234056845307,0.621275424957,1.19777214527,3.8762485981,11.1837558746,13.6612033844,11.0360937119,10.5833921432,7.06322431564,5.87719678879,5.72868061066,6.77279758453,4.5241189003,3.03844571114,3.04545092583,2.82900428772,1.4515504837,1.35037446022,1.31385040283,0.543702185154,0.345571577549,0.268967777491,0.228478401899,0.191392064095,0.170939683914,0.145101189613,0.118510335684,0.103918761015,0.081953316927,0.063144095242,0.0487296171486,0.036315176636,0.0262521132827,0.0178376976401,0.0111217740923,0.00615275790915,0.00287627149373,0.00107411842328,0.000261734094238,0.0000382720245398],"dmean2":[0.36961081624,0.998983919621,1.95050287247,6.03144884109,17.1788253784,20.9407329559,17.2169208527,16.7202606201,11.2454690933,9.58451652527,9.08564376831,10.7039031982,7.25408363342,4.98405361176,4.50790691376,4.59896802902,2.37438750267,2.17153143883,2.12127971649,0.878884613514,0.571809947491,0.447606146336,0.382645517588,0.32125505805,0.285655289888,0.242495089769,0.198089644313,0.171291530132,0.136702716351,0.107392273843,0.0834182873368,0.0623346343637,0.0450825095177,0.0306337848306,0.0190997086465,0.0105660976842,0.00493390206248,0.00181761488784,0.000434836896602,0.0000597644211666],"dvar":[0.459382355213,1.91466712952,4.48597335815,75.4719390869,724.272827148,1202.97045898,1803.60717773,1728.17321777,776.12512207,480.539001465,504.677185059,2285.61279297,1035.96887207,413.693054199,769.707458496,244.890029907,19.7836723328,20.9124736786,27.496257782,4.50665378571,0.76474750042,0.404248386621,0.29360589385,0.176192805171,0.175030231476,0.140269353986,0.0900078415871,0.102861531079,0.0496812984347,0.0234290249646,0.0138346236199,0.00725258281454,0.00381710310467,0.00176207930781,0.000685021106619,0.000209705263842,0.000045472268539,0.00000661924650558,3.99748273594e-7,6.08620576159e-9],"dvar2":[1.02164816856,4.57783889771,10.8630180359,157.804443359,1508.8182373,2581.05053711,3860.89233398,4373.61279297,1783.35168457,1280.20849609,1193.15075684,5715.18115234,2595.7355957,1118.57983398,1371.32629395,646.00579834,49.7331504822,53.4399986267,72.9971542358,11.3017578125,1.78885185719,1.00924861431,0.772199928761,0.459767073393,0.424063324928,0.351284384727,0.207111150026,0.196664363146,0.110775664449,0.0607686340809,0.0375279597938,0.019871853292,0.0104653416201,0.00483115762472,0.00187815609388,0.000574954028707,0.000124589336338,0.000017249445591,9.31828708417e-7,1.46415732871e-8],"max":[14.4853391647,33.8817329407,57.1114425659,282.114654541,794.18737793,1036.16125488,1412.3190918,1778.90698242,1285.83483887,583.18939209,725.958129883,2962.58154297,1655.57727051,860.153930664,2790.45703125,701.005859375,164.497238159,143.203292847,186.182571411,150.696243286,46.8293952942,22.2652664185,18.7739601135,10.2476739883,12.660993576,14.8354854584,13.6482248306,21.2778835297,11.4540739059,4.87945890427,3.20549368858,2.26223611832,1.63712012768,1.11272418499,0.69371765852,0.383983701468,0.179005399346,0.0728596821427,0.0259487591684,0.00232974602841],"mean":[0.646869897842,1.37704861164,1.95244765282,6.43500804901,19.8613815308,21.4979171753,19.2047519684,17.5771694183,12.3373346329,9.72133159637,9.35290431976,10.0295200348,7.04778003693,4.72523975372,5.23854541779,4.98026227951,2.61338925362,2.3424551487,2.26588869095,0.846649229527,0.468068599701,0.344112545252,0.277194023132,0.226962149143,0.196398586035,0.158769086003,0.129942148924,0.113009475172,0.085379473865,0.0625519603491,0.0466958172619,0.0337878502905,0.0239015314728,0.0162107609212,0.0101109491661,0.0056046852842,0.00268765562214,0.00107589038089,0.000309450260829,0.0000960230463534],"median":[0.0671984702349,0.362059384584,0.880722522736,1.83024406433,4.40900421143,5.17039680481,2.35543727875,1.77009022236,1.48712491989,1.47487401962,1.44305860996,1.09141302109,0.533627152443,0.49023899436,0.414034128189,0.490180283785,0.538482308388,0.465979248285,0.374542534351,0.207958906889,0.141685828567,0.111336402595,0.0906613767147,0.0742887333035,0.0613654851913,0.045621778816,0.0354853011668,0.0263250879943,0.020146459341,0.0155541300774,0.0114789847285,0.00768433790654,0.00506271608174,0.00340881221928,0.00212615984492,0.00118668505456,0.000618108082563,0.000266314804321,0.0000987794483081,0.0000472720639664],"min":[4.44535363213e-22,2.89638281033e-21,3.01843375399e-20,9.48495761295e-20,1.79331684052e-19,3.70579732008e-19,1.58558981672e-19,2.15946032535e-19,5.55461035412e-19,9.66777370486e-19,2.13768575215e-18,2.35448730916e-18,9.80139232511e-19,2.57159140748e-18,2.05475800061e-18,4.13191563862e-18,6.59510357926e-18,4.91061974497e-18,9.13966003598e-18,1.21635602131e-17,7.90957959939e-18,5.94445571713e-18,7.45915576762e-18,1.4477713782e-17,1.73623308059e-17,1.72650676008e-17,1.35118133263e-17,1.2023320012e-17,2.07911466462e-17,1.48142273988e-17,1.34393117728e-17,1.9068192296e-17,1.58027611703e-17,1.11198568034e-17,1.22807485448e-17,6.09889736853e-18,2.48232290295e-18,1.70144992904e-18,3.32317639744e-19,3.67569305104e-20],"var":[2.16102075577,7.2372045517,11.4696540833,221.487960815,2621.30493164,2667.24462891,5424.66650391,4077.89575195,2230.11157227,863.996459961,1057.51489258,3337.13452148,2017.71191406,718.056213379,2320.23950195,559.412597656,57.6508331299,43.4273834229,65.2119064331,7.34522771835,1.42990374565,0.668811559677,0.376681119204,0.233148053288,0.246922433376,0.202799513936,0.171500772238,0.242001518607,0.0899361521006,0.0272476114333,0.0129191232845,0.00657996116206,0.00344885326922,0.00159204518422,0.000619022524916,0.000189559243154,0.0000413527195633,0.00000804403316579,7.70626343183e-7,2.15353317401e-8]},"erbbands_crest":{"dmean":3.46567726135,"dmean2":5.72508811951,"dvar":8.77123165131,"dvar2":23.6215343475,"max":29.99933815,"mean":12.0445461273,"median":11.1465625763,"min":2.24653100967,"var":25.9247016907},"erbbands_flatness_db":{"dmean":0.0446089208126,"dmean2":0.0731554254889,"dvar":0.00141311669722,"dvar2":0.00397886848077,"max":0.416161000729,"mean":0.198659807444,"median":0.197753041983,"min":0.0443405546248,"var":0.00419886643067},"erbbands_kurtosis":{"dmean":3.48131632805,"dmean2":5.72497415543,"dvar":27.1090946198,"dvar2":71.2442398071,"max":126.143981934,"mean":5.19140100479,"median":3.23269987106,"min":-1.8009455204,"var":50.9033126831},"erbbands_skewness":{"dmean":0.605296373367,"dmean2":0.970937728882,"dvar":0.314397126436,"dvar2":0.828624784946,"max":8.2557516098,"mean":1.54245913029,"median":1.48376274109,"min":-4.70013952255,"var":1.3002525568},"erbbands_spread":{"dmean":7.44517040253,"dmean2":12.2092638016,"dvar":61.6601371765,"dvar2":167.808517456,"max":151.793701172,"mean":21.7164649963,"median":17.8686180115,"min":1.160110116,"var":229.010955811},"gfcc":{"cov":[[16914.0078125,2723.76586914,-98.453086853,-465.868988037,-155.106430054,-168.489456177,-465.496185303,-312.226196289,-414.192810059,-110.452056885,-94.6487503052,-213.413879395,124.688018799],[2723.76586914,1889.53015137,103.317886353,-291.044219971,59.2112312317,-205.42741394,9.12495803833,-325.150695801,18.1920814514,-125.493309021,28.081735611,-142.962127686,-49.7889060974],[-98.453086853,103.317886353,423.694335938,227.017990112,14.7133932114,125.402671814,13.496295929,68.0931625366,-20.648229599,19.1487216949,5.30625534058,10.3294839859,-12.9369649887],[-465.868988037,-291.044219971,227.017990112,365.340332031,143.233764648,106.126335144,73.0171432495,106.150489807,9.30150699615,9.29607105255,-11.1812849045,37.050983429,-7.43385839462],[-155.106430054,59.2112312317,14.7133932114,143.233764648,250.627975464,95.5501937866,101.965629578,-11.40691185,15.1562347412,-42.007183075,13.6207561493,-3.68935084343,12.0620193481],[-168.489456177,-205.42741394,125.402671814,106.126335144,95.5501937866,258.726898193,78.5389938354,94.2425384521,-58.5184745789,-6.1603178978,-0.812657356262,38.1084747314,20.8715953827],[-465.496185303,9.12495803833,13.496295929,73.0171432495,101.965629578,78.5389938354,185.077911377,59.4162063599,43.5896339417,-36.8830451965,5.84786128998,30.7371044159,7.13589382172],[-312.226196289,-325.150695801,68.0931625366,106.150489807,-11.40691185,94.2425384521,59.4162063599,189.911849976,45.0951309204,52.9239578247,7.19108247757,45.030254364,26.4950962067],[-414.192810059,18.1920814514,-20.648229599,9.30150699615,15.1562347412,-58.5184745789,43.5896339417,45.0951309204,151.912612915,88.4880752563,58.3111572266,22.7874317169,9.4404668808],[-110.452056885,-125.493309021,19.1487216949,9.29607105255,-42.007183075,-6.1603178978,-36.8830451965,52.9239578247,88.4880752563,140.563720703,79.7495803833,35.0096893311,15.1231184006],[-94.6487503052,28.081735611,5.30625534058,-11.1812849045,13.6207561493,-0.812657356262,5.84786128998,7.19108247757,58.3111572266,79.7495803833,90.924407959,48.4570236206,24.7773227692],[-213.413879395,-142.962127686,10.3294839859,37.050983429,-3.68935084343,38.1084747314,30.7371044159,45.030254364,22.7874317169,35.0096893311,48.4570236206,89.4592971802,50.2860374451],[124.688018799,-49.7889060974,-12.9369649887,-7.43385839462,12.0620193481,20.8715953827,7.13589382172,26.4950962067,9.4404668808,15.1231184006,24.7773227692,50.2860374451,78.7631607056]],"icov":[[0.000182472445886,-0.000697798212059,0.00086604047101,-0.000783445313573,0.000295563251711,-0.000225652183872,0.000348166387994,-0.000617673096713,0.00119552994147,-0.00124717282597,0.000752860563807,-0.0000565117697988,-0.000575480924454],[-0.000697798212059,0.00462548155338,-0.00747542688623,0.00836993567646,-0.00589604629204,0.00490333978087,-0.00316014955752,0.00282479939051,-0.00278522539884,0.00259008654393,-0.000356359960278,-0.00163594330661,0.00352346920408],[0.00086604047101,-0.00747542688623,0.0331837125123,-0.047931227833,0.0521014556289,-0.0395744554698,0.0151909980923,0.00876404438168,-0.0284746047109,0.048510402441,-0.0583085007966,0.0503832325339,-0.0267120767385],[-0.000783445313573,0.00836993567646,-0.047931227833,0.0803169831634,-0.0907027423382,0.0654207468033,-0.0231650359929,-0.0215059183538,0.0562574565411,-0.0933224111795,0.108778171241,-0.0930262729526,0.048474997282],[0.000295563251711,-0.00589604629204,0.0521014556289,-0.0907027423382,0.114742286503,-0.0816797837615,0.0250514894724,0.0310434345156,-0.0783009305596,0.12566819787,-0.141127198935,0.118360631168,-0.0587530806661],[-0.000225652183872,0.00490333978087,-0.0395744554698,0.0654207468033,-0.0816797837615,0.0683844685555,-0.0254684556276,-0.0238715875894,0.0654556453228,-0.095443226397,0.100006334484,-0.0827852636576,0.0397304370999],[0.000348166387994,-0.00316014955752,0.0151909980923,-0.0231650359929,0.0250514894724,-0.0254684556276,0.0248882900923,0.000945209234487,-0.0292463656515,0.0448725707829,-0.0379078350961,0.0220485981554,-0.00916261319071],[-0.000617673096713,0.00282479939051,0.00876404438168,-0.0215059183538,0.0310434345156,-0.0238715875894,0.000945209234487,0.0253165345639,-0.0294612571597,0.0328650213778,-0.0339005030692,0.032162681222,-0.0175058078021],[0.00119552994147,-0.00278522539884,-0.0284746047109,0.0562574565411,-0.0783009305596,0.0654556453228,-0.0292463656515,-0.0294612571597,0.0921958312392,-0.121809117496,0.109391912818,-0.0824461057782,0.03474830091],[-0.00124717282597,0.00259008654393,0.048510402441,-0.0933224111795,0.12566819787,-0.095443226397,0.0448725707829,0.0328650213778,-0.121809117496,0.20209261775,-0.200015023351,0.140617504716,-0.0573621802032],[0.000752860563807,-0.000356359960278,-0.0583085007966,0.108778171241,-0.141127198935,0.100006334484,-0.0379078350961,-0.0339005030692,0.109391912818,-0.200015023351,0.232911601663,-0.170624345541,0.0701802447438],[-0.0000565117697988,-0.00163594330661,0.0503832325339,-0.0930262729526,0.118360631168,-0.0827852636576,0.0220485981554,0.032162681222,-0.0824461057782,0.140617504716,-0.170624345541,0.157911986113,-0.0747156366706],[-0.000575480924454,0.00352346920408,-0.0267120767385,0.048474997282,-0.0587530806661,0.0397304370999,-0.00916261319071,-0.0175058078021,0.03474830091,-0.0573621802032,0.0701802447438,-0.0747156366706,0.0536842681468]],"mean":[-153.804611206,143.736709595,-51.6938514709,13.8338661194,-31.6874237061,1.58244764805,-22.6573791504,-7.93686723709,-13.6072998047,-0.510419130325,-9.45445346832,-3.74894404411,-10.0746154785]},"hfc":{"dmean":1.84801161289,"dmean2":2.75950527191,"dvar":13.2975978851,"dvar2":28.7002601624,"max":139.297927856,"mean":5.55478811264,"median":2.64751005173,"min":1.1919418517e-16,"var":73.2991714478},"melbands":{"dmean":[0.00161475932691,0.000629256654065,0.000828543445095,0.000897454214282,0.000429352221545,0.000232040474657,0.000100590710645,0.0000629051210126,0.000046588582336,0.0000428149905929,0.0000224097548198,0.000012961207176,0.00000974672093434,0.00000861263561092,0.00000581286212764,0.00000251765300163,0.00000274575518233,0.00000252092490882,0.00000100570980521,5.69247447402e-7,3.89291869851e-7,2.89135272169e-7,2.34632253182e-7,1.90466408867e-7,1.53275891535e-7,1.35694122605e-7,1.10518179497e-7,9.4382954785e-8,7.58344071983e-8,6.61361383436e-8,5.88267141666e-8,4.78385651093e-8,3.96870163399e-8,3.36615677554e-8,2.8742874747e-8,2.44641782388e-8,2.12945483469e-8,1.86792981083e-8,1.64502260702e-8,1.45584184708e-8],"dmean2":[0.00254670833237,0.00101187708788,0.00128108914942,0.00136719155125,0.000657891388983,0.000367457832908,0.000160530849826,0.000101859630377,0.000073760318628,0.0000675180563121,0.0000359896876034,0.0000217291781155,0.0000143892439155,0.0000137095557875,0.00000946261752688,0.0000041064472498,0.00000443870203526,0.00000408637970395,0.00000162058154274,9.40776374136e-7,6.50838558158e-7,4.842544854e-7,3.92725155507e-7,3.20887153293e-7,2.57878241428e-7,2.27187541668e-7,1.86053952689e-7,1.5769677475e-7,1.27138974904e-7,1.09478442312e-7,9.66237720945e-8,7.94844865482e-8,6.71660913554e-8,5.71458542709e-8,4.92384231165e-8,4.1981987664e-8,3.65677195191e-8,3.20764428352e-8,2.82517849115e-8,2.50023575177e-8],"dvar":[0.0000198548459593,0.00000111109295631,0.00000274851367976,0.00000401944134865,0.00000212379541153,7.65708477957e-7,1.47502703385e-7,5.09096409473e-8,3.25748565899e-8,1.14449093758e-7,2.64083617196e-8,8.41278513519e-9,7.13813674835e-9,2.77248557445e-9,6.33971874997e-10,4.42755034025e-11,9.536392509e-11,1.16522666516e-10,1.17759517415e-11,4.64647981549e-12,9.77272733224e-13,5.07781045943e-13,3.03560236843e-13,1.93859549724e-13,1.12145488479e-13,1.19856707025e-13,7.04752079719e-14,6.90966449096e-14,3.67688159379e-14,3.41302100514e-14,3.76360150456e-14,1.74119446888e-14,1.00769010988e-14,7.76919540935e-15,5.28562873943e-15,3.26948576651e-15,2.50421394504e-15,1.93341178266e-15,1.4980493415e-15,1.17387088023e-15],"dvar2":[0.0000447260208603,0.0000026839122711,0.0000058460514083,0.00000834954425954,0.00000437830613009,0.00000190030982594,3.45671537616e-7,1.34123254725e-7,7.8595718378e-8,2.91092305815e-7,6.58750778371e-8,2.37991635288e-8,1.1695336255e-8,7.12877357145e-9,1.61870106208e-9,1.09497202971e-10,2.46363457412e-10,3.13429560084e-10,2.73852676647e-11,1.13151276543e-11,2.4559952596e-12,1.25627947715e-12,7.83796747124e-13,5.18547010886e-13,2.9522451107e-13,2.76953237904e-13,1.85437982244e-13,1.71043924467e-13,8.76329851783e-14,6.85824552531e-14,7.53509803381e-14,3.88295793359e-14,2.43793548039e-14,1.99383932487e-14,1.42802792296e-14,8.9481204293e-15,6.86519060255e-15,5.30201925048e-15,4.10670075488e-15,3.2186053444e-15],"max":[0.0927555561066,0.024157743901,0.0455792620778,0.0477569624782,0.0453690849245,0.034584287554,0.0164981279522,0.00531295640394,0.00532634463161,0.0225772745907,0.00859899632633,0.00413835700601,0.00861935783178,0.00245841103606,0.000839689746499,0.000211977472645,0.000313802069286,0.000387317995774,0.0001687927288,0.000170533458004,0.0000416805778514,0.0000280830154225,0.0000172581330844,0.0000116897972475,0.00000817125601316,0.0000113362866614,0.00000659032275507,0.0000116812780107,0.00000820236709842,0.0000119439237096,0.0000112632560558,0.00000677760181134,0.0000040099657781,0.00000408712412536,0.0000026744569368,0.00000151679478222,0.00000132732259317,0.00000116462399546,0.00000102584715478,9.08282572709e-7],"mean":[0.0044245487079,0.0012354736682,0.00148494029418,0.00158507202286,0.000739878509194,0.000394355156459,0.000176634799573,0.000103474892967,0.000073372713814,0.0000618928897893,0.0000337558776664,0.0000186717643373,0.0000169808190549,0.0000141893524415,0.0000098721257018,0.00000424900463258,0.00000442387818111,0.00000417976161771,0.00000154242934514,7.82936581345e-7,4.90645106765e-7,3.62821054978e-7,2.8324404866e-7,2.23341160677e-7,1.78713435162e-7,1.54943180064e-7,1.22719399087e-7,1.00917773693e-7,8.22597883143e-8,7.18428765367e-8,6.29233625205e-8,4.95127068234e-8,4.0303948623e-8,3.25787787858e-8,2.7469365449e-8,2.32482246787e-8,1.95624227928e-8,1.69790581594e-8,1.49393173388e-8,1.32152839782e-8],"median":[0.000663043174427,0.000555902894121,0.000438244023826,0.000407670042478,0.000103019949165,0.0000382030957553,0.0000218215373025,0.0000155393827299,0.0000111596973511,0.00000599891882302,0.00000234631397689,0.00000191671961147,0.00000130819569222,0.00000123157519738,0.00000119796993658,0.00000106548259282,7.81642370384e-7,6.08311779615e-7,3.28187695686e-7,2.03795678999e-7,1.4821972627e-7,1.13779542232e-7,9.13456830176e-8,7.04414944153e-8,5.87439146216e-8,4.75470258721e-8,3.66964734155e-8,2.81415850623e-8,2.24406733196e-8,1.81453891912e-8,1.3768311824e-8,1.15061329353e-8,9.91789583793e-9,7.90219267799e-9,6.75554812091e-9,5.66880586916e-9,4.27680557635e-9,3.57380680605e-9,3.13169801203e-9,2.76598566273e-9],"min":[4.53378123196e-24,1.17571860869e-23,1.9503137533e-23,2.02679949786e-23,7.45792728556e-24,4.40642358312e-24,8.77582986826e-24,1.15854297685e-23,1.96244012313e-23,1.37690259421e-23,4.33079430484e-24,9.78545507553e-24,9.50939320175e-24,7.47254803358e-24,1.23481975216e-23,1.48848444489e-23,7.91853054635e-24,1.06029169217e-23,2.35133529654e-23,1.03500349368e-23,8.54715723564e-24,6.47090215437e-24,4.65911703031e-24,7.67869632077e-24,1.24773821723e-23,1.25557602364e-23,1.16083217232e-23,1.16343060125e-23,9.88776481291e-24,5.74298154293e-24,7.15023840037e-24,1.07884538512e-23,1.27411370271e-23,6.68686544894e-24,7.02528125526e-24,9.84378897289e-24,1.32283887981e-23,1.09894209e-23,1.0587636686e-23,8.34697747005e-24],"var":[0.0000903445470612,0.0000035026923797,0.00000935793741519,0.0000125389642562,0.00000660051182422,0.00000199338569473,4.28732676028e-7,9.56795744855e-8,6.7880073118e-8,1.51697733486e-7,5.05121562355e-8,1.25565922104e-8,2.61207322438e-8,6.19490236886e-9,1.5502368278e-9,1.0861267441e-10,1.82366982626e-10,2.55347076816e-10,2.41423218222e-11,7.25207177296e-12,1.55356435182e-12,8.31690727572e-13,4.10843126013e-13,2.48465852927e-13,1.43589743502e-13,1.69360239808e-13,9.25502689352e-14,9.67332225606e-14,6.30488771001e-14,7.71604663301e-14,7.96747853782e-14,3.18202089027e-14,1.45477231065e-14,8.26422009845e-15,4.87400333784e-15,2.98773635023e-15,2.2648077058e-15,1.74593078066e-15,1.3533898784e-15,1.06011964937e-15]},"melbands_crest":{"dmean":3.57964229584,"dmean2":5.85611772537,"dvar":10.7552900314,"dvar2":26.4961338043,"max":39.4338874817,"mean":19.9106140137,"median":18.2095794678,"min":2.00985050201,"var":65.2388305664},"melbands_flatness_db":{"dmean":0.0577305927873,"dmean2":0.0943819060922,"dvar":0.00230353465304,"dvar2":0.00650963420048,"max":0.722782373428,"mean":0.401955723763,"median":0.401973962784,"min":0.0055348649621,"var":0.00907218083739},"melbands_kurtosis":{"dmean":24.8699245453,"dmean2":40.9491424561,"dvar":3216.53710938,"dvar2":9052.44433594,"max":1453.3762207,"mean":49.3006477356,"median":19.6561088562,"min":-1.75935077667,"var":10738.2011719},"melbands_skewness":{"dmean":1.15663480759,"dmean2":1.87751221657,"dvar":1.80997693539,"dvar2":4.87636947632,"max":33.1050033569,"mean":3.68879628181,"median":2.92179679871,"min":-1.8983798027,"var":10.4658327103},"melbands_spread":{"dmean":1.71618378162,"dmean2":2.78306055069,"dvar":21.707025528,"dvar2":54.4375610352,"max":192.51914978,"mean":5.91275882721,"median":2.80496072769,"min":0.0749517083168,"var":278.615539551},"mfcc":{"cov":[[8565.30175781,1441.65527344,-400.98526001,-104.174095154,-196.47744751,15.6085300446,-169.820388794,-198.49331665,-197.444244385,-118.197174072,-132.622131348,-128.751098633,-124.380912781],[1441.65527344,1703.74743652,117.958618164,-99.728263855,-16.6714363098,21.9597606659,-63.0095443726,-146.643371582,-141.458358765,-22.9858722687,12.8351259232,-57.0947761536,-85.9476089478],[-400.98526001,117.958618164,451.246673584,108.087081909,60.2950286865,41.4636421204,47.8253555298,39.2130966187,16.2279434204,12.5234889984,37.2928886414,44.1244697571,9.78248786926],[-104.174095154,-99.728263855,108.087081909,256.273895264,106.628410339,33.7133712769,29.6240139008,46.4071006775,47.2053794861,29.9224891663,17.3810596466,23.9264297485,24.2082042694],[-196.47744751,-16.6714363098,60.2950286865,106.628410339,164.197341919,97.6642379761,70.8140029907,40.4689445496,21.8190078735,16.7107791901,7.48053836823,12.4880752563,19.2913188934],[15.6085300446,21.9597606659,41.4636421204,33.7133712769,97.6642379761,146.60496521,113.556053162,61.7122421265,13.7135782242,-8.69208049774,-11.7863502502,3.23661088943,12.0732221603],[-169.820388794,-63.0095443726,47.8253555298,29.6240139008,70.8140029907,113.556053162,171.002380371,134.705368042,51.7482795715,-9.26893043518,-23.3436489105,1.99192523956,19.362154007],[-198.49331665,-146.643371582,39.2130966187,46.4071006775,40.4689445496,61.7122421265,134.705368042,168.457763672,95.7910308838,2.1173684597,-22.3201713562,7.27545547485,24.1618499756],[-197.444244385,-141.458358765,16.2279434204,47.2053794861,21.8190078735,13.7135782242,51.7482795715,95.7910308838,98.8748321533,40.3555679321,4.43026351929,14.2019109726,23.3588733673],[-118.197174072,-22.9858722687,12.5234889984,29.9224891663,16.7107791901,-8.69208049774,-9.26893043518,2.1173684597,40.3555679321,70.1626358032,52.9596176147,25.3514518738,15.33132267],[-132.622131348,12.8351259232,37.2928886414,17.3810596466,7.48053836823,-11.7863502502,-23.3436489105,-22.3201713562,4.43026351929,52.9596176147,81.2521743774,54.3043174744,20.385389328],[-128.751098633,-57.0947761536,44.1244697571,23.9264297485,12.4880752563,3.23661088943,1.99192523956,7.27545547485,14.2019109726,25.3514518738,54.3043174744,72.6131439209,50.7390365601],[-124.380912781,-85.9476089478,9.78248786926,24.2082042694,19.2913188934,12.0732221603,19.362154007,24.1618499756,23.3588733673,15.33132267,20.385389328,50.7390365601,70.4142456055]],"icov":[[0.000175147113623,-0.000159243616508,0.000210039812373,-0.000224235773203,0.00042211523396,-0.000517450622283,0.00053760613082,-0.000525471696164,0.000702482648194,-0.000792590028141,0.00109666504432,-0.000834826263599,0.000392077781726],[-0.000159243616508,0.000900359998923,-0.000512361060828,0.000439994153567,-0.000295731791994,-0.0000245698265644,-0.00018708728021,0.000284991896478,0.000550227647182,0.00015593363787,-0.00140686251689,0.00168109859806,-0.000244062219281],[0.000210039812373,-0.000512361060828,0.00319695868529,-0.00143630779348,0.000352996779839,-0.000304547516862,-0.000372317037545,-0.000619627477136,0.000663214013912,-0.000291955569992,0.00127658958081,-0.00430136127397,0.00263923220336],[-0.000224235773203,0.000439994153567,-0.00143630779348,0.00696709658951,-0.00541249848902,0.00173014763277,0.00173832057044,-0.00136920972727,-0.00147933478002,0.000104688406282,-0.000730481348,0.000816998130176,-0.000786000397056],[0.00042211523396,-0.000295731791994,0.000352996779839,-0.00541249848902,0.0160124152899,-0.0104345763102,0.00103026733268,-0.000566803151742,0.00366037944332,-0.0065154931508,0.00369771476835,-0.000874311546795,-0.000726335623767],[-0.000517450622283,-0.0000245698265644,-0.000304547516862,0.00173014763277,-0.0104345763102,0.0253486707807,-0.0210100263357,0.0125109050423,-0.00743587175384,0.00822039507329,-0.0041952370666,0.000229133860557,0.000226540971198],[0.00053760613082,-0.00018708728021,-0.000372317037545,0.00173832057044,0.00103026733268,-0.0210100263357,0.046257365495,-0.0444948300719,0.0306832864881,-0.0220466013998,0.0143571160734,-0.00441794004291,-0.000307740818243],[-0.000525471696164,0.000284991896478,-0.000619627477136,-0.00136920972727,-0.000566803151742,0.0125109050423,-0.0444948300719,0.070642657578,-0.0665541738272,0.0496374033391,-0.0291996169835,0.0147831952199,-0.00494682323188],[0.000702482648194,0.000550227647182,0.000663214013912,-0.00147933478002,0.00366037944332,-0.00743587175384,0.0306832864881,-0.0665541738272,0.095788910985,-0.0848431587219,0.0613476000726,-0.0360024794936,0.0118797328323],[-0.000792590028141,0.00015593363787,-0.000291955569992,0.000104688406282,-0.0065154931508,0.00822039507329,-0.0220466013998,0.0496374033391,-0.0848431587219,0.119723506272,-0.10299090296,0.0665103346109,-0.0278312303126],[0.00109666504432,-0.00140686251689,0.00127658958081,-0.000730481348,0.00369771476835,-0.0041952370666,0.0143571160734,-0.0291996169835,0.0613476000726,-0.10299090296,0.128959417343,-0.100106604397,0.0429448895156],[-0.000834826263599,0.00168109859806,-0.00430136127397,0.000816998130176,-0.000874311546795,0.000229133860557,-0.00441794004291,0.0147831952199,-0.0360024794936,0.0665103346109,-0.100106604397,0.114559657872,-0.0588694363832],[0.000392077781726,-0.000244062219281,0.00263923220336,-0.000786000397056,-0.000726335623767,0.000226540971198,-0.000307740818243,-0.00494682323188,0.0118797328323,-0.0278312303126,0.0429448895156,-0.0588694363832,0.0485481619835]],"mean":[-814.80078125,188.555908203,38.2019729614,27.6585426331,14.7324447632,13.7071237564,4.11455249786,-0.373560279608,-2.09319615364,3.07930159569,2.98184800148,-0.258235961199,-2.62354803085]},"pitch_salience":{"dmean":0.0867904126644,"dmean2":0.141002103686,"dvar":0.00563230272382,"dvar2":0.0143296029419,"max":0.850783705711,"mean":0.496592193842,"median":0.530656814575,"min":0.0335746593773,"var":0.0311179421842},"silence_rate_20dB":{"dmean":0,"dmean2":0,"dvar":0,"dvar2":0,"max":1,"mean":1,"median":1,"min":1,"var":0},"silence_rate_30dB":{"dmean":0.0294736847281,"dmean2":0.0589538998902,"dvar":0.0286049228162,"dvar2":0.0603569373488,"max":1,"mean":0.928207397461,"median":1,"min":0,"var":0.06663518399},"silence_rate_60dB":{"dmean":0.0336842089891,"dmean2":0.06737588346,"dvar":0.0325472839177,"dvar2":0.0759121254086,"max":1,"mean":0.181475743651,"median":0,"min":0,"var":0.148548424244},"spectral_centroid":{"dmean":75.5190887451,"dmean2":120.635322571,"dvar":17815.6269531,"dvar2":31613.7089844,"max":11279.0556641,"mean":418.004943848,"median":307.354858398,"min":76.5676956177,"var":297794.15625},"spectral_complexity":{"dmean":1.34980607033,"dmean2":2.26218962669,"dvar":1.78199899197,"dvar2":4.58509206772,"max":24,"mean":5.82971429825,"median":5,"min":0,"var":15.0009813309},"spectral_contrast_coeffs":{"dmean":[0.0538302473724,0.0455597229302,0.0368164032698,0.0346751213074,0.0289917569607,0.0207019969821],"dmean2":[0.0878442078829,0.0760606974363,0.0617284029722,0.0574663728476,0.0484030917287,0.0355787202716],"dvar":[0.00185788527597,0.00138350343332,0.000876265519764,0.000823692360427,0.000591780990362,0.000779186433647],"dvar2":[0.00491306884214,0.0037352682557,0.00243626674637,0.00223334343173,0.00157179450616,0.00207169284113],"max":[-0.279104113579,-0.423238515854,-0.50979155302,-0.616409480572,-0.734722614288,-0.47927236557],"mean":[-0.662668287754,-0.784619867802,-0.841040074825,-0.858709692955,-0.900714695454,-0.842515468597],"median":[-0.669861316681,-0.796494185925,-0.848434090614,-0.861925959587,-0.902547717094,-0.852528810501],"min":[-0.964015841484,-0.960989296436,-0.970343470573,-0.986905097961,-0.97276109457,-0.957054078579],"var":[0.0125863617286,0.00614144653082,0.0039211041294,0.00336345774122,0.00155867217109,0.00124291551765]},"spectral_contrast_valleys":{"dmean":[0.372010201216,0.401585459709,0.466285765171,0.506633579731,0.681191921234,0.883150756359],"dmean2":[0.616118431091,0.656747758389,0.765498101711,0.824607431889,1.11981022358,1.45175039768],"dvar":[0.102149643004,0.126578181982,0.176670849323,0.222466826439,0.358584731817,0.574665248394],"dvar2":[0.256620138884,0.323649019003,0.465393453836,0.602599620819,0.992231011391,1.63513827324],"max":[-5.07682752609,-4.53567504883,-5.095515728,-6.20320606232,-6.25378513336,-8.73136234283],"mean":[-7.24280643463,-7.35702610016,-8.40204906464,-9.00727939606,-9.33569431305,-11.8862838745],"median":[-7.00545978546,-7.18534851074,-8.28782463074,-8.82635307312,-9.2049703598,-11.7213773727],"min":[-27.4804172516,-27.3242721558,-27.326379776,-27.1226730347,-27.193819046,-27.3080158234],"var":[2.69464254379,2.26098799706,1.99425816536,1.7363243103,1.57487785816,1.72352969646]},"spectral_decrease":{"dmean":2.71101918692e-9,"dmean2":4.12014333762e-9,"dvar":2.20816890225e-17,"dvar2":4.76182600007e-17,"max":7.19444556389e-18,"mean":-8.21830337117e-9,"median":-4.11199252426e-9,"min":-8.51432631066e-8,"var":1.11969960277e-16},"spectral_energy":{"dmean":0.0103761805221,"dmean2":0.0157658532262,"dvar":0.000321854080539,"dvar2":0.000693191366736,"max":0.32435888052,"mean":0.031521383673,"median":0.015839677304,"min":1.07434638011e-20,"var":0.00163949537091},"spectral_energyband_high":{"dmean":0.0000145863396028,"dmean2":0.0000245653045567,"dvar":1.14924503247e-9,"dvar2":2.98501423579e-9,"max":0.000862918968778,"mean":0.0000151234617078,"median":0.00000410083066527,"min":7.78056504704e-21,"var":1.48829726321e-9},"spectral_energyband_low":{"dmean":0.00657326122746,"dmean2":0.0102597074583,"dvar":0.000212628554436,"dvar2":0.000482949923025,"max":0.291485995054,"mean":0.0178138948977,"median":0.00531644374132,"min":7.13667314824e-23,"var":0.000957702635787},"spectral_energyband_middle_high":{"dmean":0.000247213814873,"dmean2":0.000376882613637,"dvar":0.00000135876803142,"dvar2":0.00000320350000038,"max":0.0698367729783,"mean":0.000525960640516,"median":0.0000909826994757,"min":1.57705356321e-21,"var":0.00000437627568317},"spectral_energyband_middle_low":{"dmean":0.00573477102444,"dmean2":0.00868553016335,"dvar":0.000127212799271,"dvar2":0.000264352711383,"max":0.259172260761,"mean":0.0136341806501,"median":0.00472938641906,"min":3.75787763532e-22,"var":0.000573638069909},"spectral_entropy":{"dmean":0.483224868774,"dmean2":0.793907463551,"dvar":0.175094336271,"dvar2":0.483595818281,"max":9.79564476013,"mean":6.54648351669,"median":6.5039691925,"min":4.18722724915,"var":0.540013074875},"spectral_flux":{"dmean":0.0213304441422,"dmean2":0.0356308072805,"dvar":0.000803418632131,"dvar2":0.00207967567258,"max":0.393123537302,"mean":0.0653085336089,"median":0.0556334257126,"min":1.03650678318e-10,"var":0.00224612187594},"spectral_kurtosis":{"dmean":11.6068019867,"dmean2":19.6716251373,"dvar":217.845046997,"dvar2":600.713806152,"max":156.182449341,"mean":20.428817749,"median":14.8850030899,"min":-1.21810948849,"var":291.163757324},"spectral_rms":{"dmean":0.000821469759103,"dmean2":0.00122369732708,"dvar":0.00000102250646705,"dvar2":0.00000198063980861,"max":0.0177889764309,"mean":0.00458131870255,"median":0.00393107440323,"min":3.23750336435e-12,"var":0.00000976399314823},"spectral_rolloff":{"dmean":90.1762695312,"dmean2":155.542816162,"dvar":203140.8125,"dvar2":526940,"max":18906.1523438,"mean":554.496643066,"median":215.33203125,"min":21.533203125,"var":4802855.5},"spectral_skewness":{"dmean":0.873247861862,"dmean2":1.44719696045,"dvar":0.796604275703,"dvar2":2.21159696579,"max":10.0354709625,"mean":3.38513445854,"median":3.15736269951,"min":-0.0177776347846,"var":1.5829666853},"spectral_spread":{"dmean":965397.5,"dmean2":1603324.875,"dvar":761270239232,"dvar2":1964074598400,"max":40833664,"mean":3345281.75,"median":3141571.25,"min":646143,"var":2494010753020},"spectral_strongpeak":{"dmean":0.242458850145,"dmean2":0.399041563272,"dvar":0.147564306855,"dvar2":0.375279158354,"max":10.2205524445,"mean":0.483000665903,"median":0.287969589233,"min":0,"var":0.376168310642},"zerocrossingrate":{"dmean":0.00235121627338,"dmean2":0.00307745975442,"dvar":0.0000516513864568,"dvar2":0.0000775435037212,"max":0.52734375,"mean":0.0187138412148,"median":0.009765625,"min":0,"var":0.00370248500258}},"metadata":{"audio_properties":{"analysis_sample_rate":44100,"bit_rate":131629,"codec":"mp3","downmix":"mix","equal_loudness":0,"length":209.555358887,"lossless":false,"md5_encoded":"4e2296b463302bcc8ed5b863b770e88b","replay_gain":-2.27692985535,"sample_rate":44100},"tags":{"album":["The Complete Columbia Album Collection"],"albumartist":["Johnny Cash"],"albumartistsort":["Cash, Johnny"],"artist":["Johnny Cash"],"artists":["Johnny Cash"],"artistsort":["Cash, Johnny"],"asin":["B008DDC874"],"barcode":["886979104723"],"catalognumber":["88697910472"],"composer":["Franz Xaver Gruber"],"date":["2012-12-04"],"discnumber":["10/63"],"file_name":"07 - Silent Night.mp3","label":["Columbia","Legacy"],"language":["eng"],"lyricist":["John Freeman Young","Sir David Willcocks","Josef Mohr"],"media":["CD"],"musicbrainz album release country":["US"],"musicbrainz album status":["official"],"musicbrainz album type":["album","compilation"],"musicbrainz release track id":["8f701c69-cb48-3bc3-98a0-2d06eb1a261b"],"musicbrainz_albumartistid":["d43d12a1-2dc9-4257-a2fd-0a3bb1081b86"],"musicbrainz_albumid":["de36c451-000c-4488-9375-b6d40b6636e5"],"musicbrainz_artistid":["d43d12a1-2dc9-4257-a2fd-0a3bb1081b86"],"musicbrainz_recordingid":["dd68a650-5936-49d9-89ca-6a4c92cc3187"],"musicbrainz_releasegroupid":["30578604-ce5e-4d3d-a09c-6c06fc4c526b"],"musicbrainz_workid":["590e5567-c188-31f0-b7a8-a94e7e51c7b3"],"originaldate":["2012"],"script":["Latn"],"title":["Silent Night"],"tracknumber":["7/12"],"work":["Silent Night"]},"version":{"essentia":"2.1-beta1","essentia_build_sha":"ca57ba49d9b1854bd80e60cf9ccf267278fb7d6b","essentia_git_sha":"v2.1_beta1-28-g21ef5f4-dirty","extractor":"music 1.0"}},"rhythm":{"beats_count":352,"beats_loudness":{"dmean":0.0483374260366,"dmean2":0.0862929448485,"dvar":0.00242244591936,"dvar2":0.00609161285684,"max":0.218345165253,"mean":0.0468500293791,"median":0.0256264340132,"min":6.05184180547e-10,"var":0.00254051364027},"beats_loudness_band_ratio":{"dmean":[0.220317482948,0.232830584049,0.06617617