{"lowlevel":{"average_loudness":0.942421495914,"barkbands":{"dmean":[0.00466085039079,0.0135407410562,0.0022818762809,0.000989150372334,0.00212845974602,0.00219664396718,0.00169360276777,0.00112367852125,0.00079305714462,0.000628040928859,0.000520198023878,0.000550367345568,0.000384508806746,0.000329700036673,0.000312124437187,0.000306160363834,0.000267805531621,0.000191090148292,0.000166927435203,0.000128066443722,0.0000810876008472,0.0000523302587681,0.0000245450810326,0.00000794431252871,0.00000272202078122,0.0000149908410094,0.00043099350296],"dmean2":[0.0078077907674,0.022469503805,0.00391197530553,0.00169517146423,0.00344319897704,0.00362596381456,0.00276493746787,0.00185039034113,0.00129938020837,0.00103621173184,0.000850230979268,0.000894725439139,0.000638255150989,0.000547573901713,0.000521555251908,0.000513844715897,0.000450317806099,0.000312286050757,0.000266907038167,0.000201839866349,0.000121032935567,0.0000736690126359,0.0000348831999872,0.000011692713997,0.00000444366651209,0.00002190676787,0.000683365273289],"dvar":[0.000075179792475,0.000434378307546,0.0000170824714587,0.00000304982563648,0.0000208733999898,0.000016767939087,0.0000091321335276,0.00000668961183692,0.00000287850025416,0.00000139969426982,9.8046984931e-7,6.13132669969e-7,2.30921685329e-7,1.45404314367e-7,1.61579009728e-7,2.11966550978e-7,1.5871366088e-7,9.44208267128e-8,1.04423001801e-7,9.72639071506e-8,6.2272114576e-8,1.65128746232e-8,4.6294852396e-9,2.00381142235e-10,1.73245619239e-11,5.511578971e-10,2.12289691603e-7],"dvar2":[0.000183588694199,0.00108845788054,0.0000454160690424,0.00000754310804041,0.0000488188379677,0.0000419753996539,0.0000225601197599,0.000017158303308,0.00000720895195627,0.0000036832573187,0.00000242299006459,0.00000126429165448,5.78096319259e-7,3.75413975462e-7,4.29806220836e-7,5.72069154714e-7,4.33742741279e-7,2.44046873377e-7,2.37949379311e-7,1.93010350813e-7,1.22352417975e-7,2.77187268694e-8,8.01008148699e-9,3.58766127917e-10,4.30061160295e-11,1.04406927548e-9,5.46319995465e-7],"max":[0.0833829492331,0.304926395416,0.0783643722534,0.0563114397228,0.154251947999,0.108837038279,0.0946086496115,0.0830549374223,0.0455320514739,0.0259670559317,0.0288797300309,0.0465690605342,0.0137491067871,0.00889429822564,0.00754103856161,0.0172817483544,0.0119779724628,0.00966418441385,0.0104183293879,0.0108909867704,0.0127531308681,0.00457279896364,0.00304281548597,0.000874959863722,0.0000731306499802,0.000842771551106,0.0171096902341],"mean":[0.00465328060091,0.0146232917905,0.00241707870737,0.00115818844642,0.00316368439235,0.00330694718286,0.00275684264489,0.00175987300463,0.00121906131972,0.000997269176878,0.000833195226733,0.000982532510534,0.00071650207974,0.000642325670924,0.000629418762401,0.000626792316325,0.00056552211754,0.000414940004703,0.000369593966752,0.00028158837813,0.000191496816115,0.000117169969599,0.0000520231369592,0.0000140128722705,0.00000294980827675,0.0000363204417226,0.00206349231303],"median":[0.00183040334377,0.00733134290203,0.00109311344568,0.000607449212112,0.00149024662096,0.00185615429655,0.00146191217937,0.00084350904217,0.000591750605963,0.000531455618329,0.000462578522274,0.000727436039597,0.000563715817407,0.000518827175256,0.00049031880917,0.000448108476121,0.000395656446926,0.000257707637502,0.000213367238757,0.000159418312251,0.000104345577711,0.0000569715448364,0.0000263378024101,0.00000736385800337,0.00000143182728607,0.0000230678942899,0.00186350906733],"min":[5.24684404267e-25,1.58100063191e-23,1.8011538823e-23,1.38630818278e-23,1.68570172224e-23,2.51025495466e-23,4.42602086016e-23,7.95554484665e-23,9.53701532411e-23,8.22429713529e-23,8.18675997797e-23,9.25525882123e-23,1.31486035639e-22,8.70976024309e-23,5.14736158278e-23,1.29557857639e-22,2.36502821792e-22,2.11297819724e-22,2.94438760912e-22,3.04477842657e-22,2.61250335022e-22,4.29438105344e-22,6.64000707962e-22,1.19623736046e-21,1.13639419548e-21,1.85802537038e-21,2.35174617317e-21],"var":[0.000070309608418,0.000443988421466,0.0000176763915078,0.00000421642334913,0.0000371376845578,0.000026834944947,0.0000231823851209,0.0000151618269228,0.00000502788543599,0.00000235138145399,0.00000182948713245,0.00000131344199872,4.20468182938e-7,2.76474366956e-7,3.02237509686e-7,4.85830412345e-7,3.92954859763e-7,2.54414715073e-7,3.14040960347e-7,3.03223998799e-7,1.76085166004e-7,5.59444153225e-8,1.20530385672e-8,5.01452102064e-10,1.95459048252e-11,1.94073068727e-9,0.000001733027716]},"barkbands_crest":{"dmean":3.43397426605,"dmean2":5.69709873199,"dvar":8.81978797913,"dvar2":22.4713306427,"max":26.4542560577,"mean":9.52106666565,"median":8.64249134064,"min":2.39599394798,"var":18.054353714},"barkbands_flatness_db":{"dmean":0.0245791375637,"dmean2":0.0393571928144,"dvar":0.000484263699036,"dvar2":0.00122506357729,"max":0.34412714839,"mean":0.108792603016,"median":0.102646380663,"min":0.0334744378924,"var":0.00140334514435},"barkbands_kurtosis":{"dmean":3.14660549164,"dmean2":5.09428310394,"dvar":24.1245975494,"dvar2":60.3462944031,"max":222.55368042,"mean":4.32837295532,"median":2.39828205109,"min":-1.8456236124,"var":79.0341796875},"barkbands_skewness":{"dmean":0.597034156322,"dmean2":0.94967341423,"dvar":0.359783768654,"dvar2":0.897718429565,"max":14.2187690735,"mean":1.79692304134,"median":1.66046702862,"min":-1.84515762329,"var":0.979653835297},"barkbands_spread":{"dmean":10.5830745697,"dmean2":16.6232452393,"dvar":88.3735122681,"dvar2":219.677886963,"max":128.279724121,"mean":43.368221283,"median":41.8330764771,"min":1.14315879345,"var":373.81942749},"dissonance":{"dmean":0.0141595257446,"dmean2":0.0242467578501,"dvar":0.000208314173506,"dvar2":0.00057417183416,"max":0.500000119209,"mean":0.476845324039,"median":0.482130914927,"min":0.263882189989,"var":0.000413701636717},"dynamic_complexity":1.81792402267,"erbbands":{"dmean":[0.569835364819,2.53950285912,3.06756615639,2.86147451401,5.00064373016,7.2905421257,16.3737754822,16.9730949402,22.4795036316,29.1116523743,18.4528312683,18.6178016663,17.0566806793,20.4227771759,17.9043636322,22.4136009216,16.412771225,15.4940013885,14.7773513794,14.7001485825,14.8013563156,13.3771190643,10.9334583282,8.57820320129,8.23796844482,6.22981071472,3.71819496155,2.98392653465,1.95152962208,1.31731379032,0.611735343933,0.278282403946,0.0779554396868,0.0302567351609,0.019771926105,0.0155872758478,0.0320125184953,0.0397000536323,0.0188365895301,0.0108602698892],"dmean2":[0.955678761005,4.26044225693,5.23319149017,4.83206129074,8.27595615387,11.7054452896,27.2066783905,28.0712718964,36.7266197205,47.8349914551,30.5139064789,30.5117340088,28.0910892487,33.6946220398,29.1200256348,36.5363769531,27.0984897614,25.5320396423,24.5031375885,24.5682220459,24.7131481171,22.2201023102,17.8379459381,13.9621286392,13.183339119,9.80283164978,5.58929920197,4.38596820831,2.78722167015,1.88643240929,0.872478663921,0.395406574011,0.118152432144,0.0493322387338,0.0321985296905,0.0242422875017,0.0456304065883,0.0558377616107,0.0275608282536,0.0171185396612],"dvar":[0.782965362072,20.2289447784,32.6080322266,21.8087558746,112.414726257,317.541503906,1250.99572754,949.314941406,1683.32775879,3985.87597656,1455.64099121,1848.75476074,1025.80615234,1611.47387695,844.471862793,983.868835449,422.984710693,340.678619385,328.219573975,373.28729248,479.612976074,405.617706299,285.354675293,229.902084351,340.017120361,227.657821655,121.636940002,69.5692596436,22.990606308,15.8279438019,2.37830781937,0.287607729435,0.0153556605801,0.00217400491238,0.000885242479853,0.000429737410741,0.00245352671482,0.00409225560725,0.000744013756048,0.000125182326883],"dvar2":[2.01017928123,50.7868804932,86.8521270752,55.563785553,253.237426758,735.199768066,3183.57421875,2391.51123047,4154.92138672,9731.140625,3836.69140625,4666.90478516,2686.66918945,4245.88085938,2025.29150391,2233.99023438,1066.28320312,859.083312988,866.022338867,1009.23309326,1265.88964844,1079.03552246,719.187255859,572.482543945,772.431518555,447.172027588,222.008422852,132.355361938,39.332447052,28.7574501038,4.03978586197,0.495602309704,0.0307542383671,0.00539661664516,0.00219056359492,0.000981442513876,0.00445843627676,0.00777448248118,0.00162432470825,0.000323184794979],"max":[8.02446746826,74.6447525024,89.1818161011,129.381271362,435.966583252,579.061035156,926.58392334,966.10760498,1629.63024902,2173.91918945,1355.34265137,1138.32714844,906.964355469,926.177062988,1230.05041504,1177.6809082,636.74822998,451.957336426,380.672027588,426.487091064,728.457397461,564.192321777,523.701538086,388.565093994,644.755432129,507.89730835,575.817504883,301.592132568,162.688735962,224.48475647,66.4745559692,35.3126792908,5.37120485306,0.816039502621,0.523302972317,0.436833024025,2.25333857536,2.23673629761,1.13101828098,0.431304305792],"mean":[0.593817234039,2.601167202,3.23571181297,3.63763332367,6.64476633072,10.1535491943,21.9251670837,26.008687973,35.9918518066,47.9062805176,31.4398174286,28.7944202423,28.0889186859,34.773235321,33.5869026184,41.145904541,33.4900016785,33.2901191711,32.7588844299,33.247089386,32.3586196899,30.4070892334,25.4747371674,19.4930534363,18.0896453857,13.6981725693,8.96345424652,6.78135871887,4.33251523972,2.75895452499,1.3108934164,0.541474282742,0.12438505888,0.0348297432065,0.0221909191459,0.0241880789399,0.0765234231949,0.121468067169,0.0956954285502,0.063010416925],"median":[0.285564929247,1.19989871979,1.50408887863,1.98514163494,3.28446245193,4.1194229126,10.2968873978,14.9898881912,18.9967498779,22.9218578339,16.5202045441,13.7672185898,15.335609436,18.1845378876,22.5456142426,30.3180847168,26.9058151245,27.7559814453,26.4773139954,26.353351593,23.5631103516,21.288848877,16.6014518738,11.4765386581,10.1439571381,7.66170454025,4.99059152603,3.5840446949,2.12782692909,1.2990912199,0.684196949005,0.287336677313,0.0693254247308,0.0181435551494,0.011243105866,0.0158727075905,0.0479736328125,0.0751786753535,0.0734689980745,0.0596567615867],"min":[1.73461450624e-22,4.7016255354e-21,2.04353419368e-20,3.41174101004e-20,5.70321709933e-20,4.6894006299e-20,1.712540715e-19,1.77612983685e-19,2.95461289233e-19,1.4650491546e-18,1.6002953561e-18,2.87304207888e-18,1.45864956839e-18,3.53588940748e-18,3.35724527853e-18,4.20434564101e-18,5.6761063323e-18,3.9190824806e-18,4.52411381349e-18,3.21089531468e-18,8.40322361817e-18,1.27944831263e-17,1.07998065623e-17,1.37002856017e-17,1.55676053027e-17,1.62096049915e-17,1.026683755e-17,1.25067202261e-17,1.37086914111e-17,1.54306423912e-17,2.26228090725e-17,2.36352930316e-17,1.69173754652e-17,1.28837764462e-17,9.33844477207e-18,6.19955532291e-18,3.45584396678e-18,1.47279270251e-18,3.00860374639e-19,3.68342105053e-20],"var":[0.737357914448,19.8829212189,30.3807163239,30.2361392975,187.366088867,537.248291016,1718.98669434,1622.78259277,4234.27050781,10420.6328125,3168.09765625,3063.32714844,1791.7109375,2839.75512695,1788.07006836,1946.40478516,797.473022461,672.256469727,691.920410156,813.314453125,1173.30700684,1129.02331543,859.636291504,651.520507812,940.627380371,704.85925293,391.537841797,206.93699646,76.5435180664,40.5274353027,6.55821228027,0.766854763031,0.0347064770758,0.00248021213338,0.00101777573582,0.000767440767959,0.00843828823417,0.0216159075499,0.00874053686857,0.0011034499621]},"erbbands_crest":{"dmean":2.07557415962,"dmean2":3.4530980587,"dvar":4.36595582962,"dvar2":11.0249176025,"max":28.880033493,"mean":6.78796195984,"median":5.8206448555,"min":1.94280016422,"var":11.1628255844},"erbbands_flatness_db":{"dmean":0.0154220154509,"dmean2":0.0236811973155,"dvar":0.000180600036401,"dvar2":0.000421822885983,"max":0.337388366461,"mean":0.128511548042,"median":0.123102396727,"min":0.0246838591993,"var":0.00114764564205},"erbbands_kurtosis":{"dmean":0.696711540222,"dmean2":1.12194335461,"dvar":1.08500266075,"dvar2":2.39193105698,"max":53.9917564392,"mean":0.198031052947,"median":-0.174362897873,"min":-1.59809696674,"var":3.043435812},"erbbands_skewness":{"dmean":0.306474357843,"dmean2":0.477513462305,"dvar":0.0711106359959,"dvar2":0.162767648697,"max":4.71465396881,"mean":0.0824653059244,"median":0.0368891172111,"min":-2.81576013565,"var":0.438883900642},"erbbands_spread":{"dmean":5.45211791992,"dmean2":8.60440063477,"dvar":22.3945827484,"dvar2":54.5160179138,"max":127.823173523,"mean":31.775352478,"median":31.439371109,"min":2.09203100204,"var":104.97328949},"gfcc":{"cov":[[15388.7460938,1254.99450684,-782.913391113,143.086975098,287.343841553,-575.702880859,483.381866455,-265.633575439,319.395385742,-28.9541015625,217.195297241,79.177192688,2.33344912529],[1254.99450684,757.505981445,-13.6584157944,-294.342163086,86.3376083374,-96.7965316772,-40.9924240112,-69.5748062134,2.86035132408,-61.7965774536,24.514415741,-59.2289009094,66.0541381836],[-782.913391113,-13.6584157944,249.220626831,27.4916763306,-86.2945175171,102.147506714,-78.0406417847,17.7440757751,-60.868927002,-3.01733016968,-39.2077484131,-0.376802772284,-3.09864878654],[143.086975098,-294.342163086,27.4916763306,375.058410645,68.5879364014,11.5246725082,116.311737061,22.5743370056,31.068983078,28.7621212006,6.55850839615,47.8175506592,-53.2417411804],[287.343841553,86.3376083374,-86.2945175171,68.5879364014,211.70300293,-13.7419528961,43.1882514954,16.4000701904,32.3367385864,-5.19389247894,32.2939605713,-10.689704895,17.6006660461],[-575.702880859,-96.7965316772,102.147506714,11.5246725082,-13.7419528961,165.057723999,-15.8484983444,41.8822746277,-36.2459983826,1.5943967104,-22.364774704,6.40565299988,4.4541888237],[483.381866455,-40.9924240112,-78.0406417847,116.311737061,43.1882514954,-15.8484983444,177.993484497,-5.61007595062,64.4300765991,11.0088481903,14.3324213028,36.724067688,-32.1745758057],[-265.633575439,-69.5748062134,17.7440757751,22.5743370056,16.4000701904,41.8822746277,-5.61007595062,123.775794983,19.0698566437,40.4146118164,11.5970468521,-21.0908584595,11.3241443634],[319.395385742,2.86035132408,-60.868927002,31.068983078,32.3367385864,-36.2459983826,64.4300765991,19.0698566437,114.023590088,42.7144927979,26.8486232758,17.2375926971,-25.4600334167],[-28.9541015625,-61.7965774536,-3.01733016968,28.7621212006,-5.19389247894,1.5943967104,11.0088481903,40.4146118164,42.7144927979,69.7370834351,32.5670814514,7.92930841446,-1.11144852638],[217.195297241,24.514415741,-39.2077484131,6.55850839615,32.2939605713,-22.364774704,14.3324213028,11.5970468521,26.8486232758,32.5670814514,56.7762832642,23.5875549316,13.6714191437],[79.177192688,-59.2289009094,-0.376802772284,47.8175506592,-10.689704895,6.40565299988,36.724067688,-21.0908584595,17.2375926971,7.92930841446,23.5875549316,72.0393295288,8.1358089447],[2.33344912529,66.0541381836,-3.09864878654,-53.2417411804,17.6006660461,4.4541888237,-32.1745758057,11.3241443634,-25.4600334167,-1.11144852638,13.6714191437,8.1358089447,67.9899139404]],"icov":[[0.00013717985712,-0.000618112564553,0.00087277230341,-0.000715412257705,0.000546840310562,-0.00027383340057,0.000236464446061,-0.0000186615034181,0.00000359596538146,-0.000173275577254,0.000130749118398,-0.000232186299399,0.0000667495769449],[-0.000618112564553,0.00827457476407,-0.00997515302151,0.00808235630393,-0.0055419257842,0.00461423117667,-0.00513317110017,0.00296892481856,-0.0033440401312,0.00653842836618,-0.0075300023891,0.00736710522324,-0.00444729719311],[0.00087277230341,-0.00997515302151,0.0207906998694,-0.0121518010274,0.00958138518035,-0.00964089576155,0.00990667380393,-0.0030702278018,0.00419959146529,-0.00788423977792,0.0106544038281,-0.00882365368307,0.0048007639125],[-0.000715412257705,0.00808235630393,-0.0121518010274,0.0145768346265,-0.0102289421484,0.00732227321714,-0.00790328066796,-0.000009345439139,0.00199618143961,0.000280726642814,-0.0015542890178,-0.000745758938137,0.00261703971773],[0.000546840310562,-0.0055419257842,0.00958138518035,-0.0102289421484,0.0147125646472,-0.00693906331435,0.00368219916709,-0.0000234191338677,-0.00451289629564,0.00555500062183,-0.00614975485951,0.00562847685069,-0.00485177291557],[-0.00027383340057,0.00461423117667,-0.00964089576155,0.00732227321714,-0.00693906331435,0.0144623210654,-0.00500412704423,-0.00344411330298,0.00388903240673,-0.000905706488993,0.00304301897995,-0.00354380789213,0.001129204873],[0.000236464446061,-0.00513317110017,0.00990667380393,-0.00790328066796,0.00368219916709,-0.00500412704423,0.0148702757433,-0.0018263614038,-0.0021148242522,-0.00220569781959,0.00607454776764,-0.00809727795422,0.00487675983459],[-0.0000186615034181,0.00296892481856,-0.0030702278018,-0.000009345439139,-0.0000234191338677,-0.00344411330298,-0.0018263614038,0.0163305271417,-0.00638886215165,-0.000862318498548,-0.00752129592001,0.0135579500347,-0.00890004448593],[0.00000359596538146,-0.0033440401312,0.00419959146529,0.00199618143961,-0.00451289629564,0.00388903240673,-0.0021148242522,-0.00638886215165,0.0252134222537,-0.0190102569759,0.0118867978454,-0.0153408283368,0.0145564405248],[-0.000173275577254,0.00653842836618,-0.00788423977792,0.000280726642814,0.00555500062183,-0.000905706488993,-0.00220569781959,-0.000862318498548,-0.0190102569759,0.045488730073,-0.0326349921525,0.0185623634607,-0.0107987569645],[0.000130749118398,-0.0075300023891,0.0106544038281,-0.0015542890178,-0.00614975485951,0.00304301897995,0.00607454776764,-0.00752129592001,0.0118867978454,-0.0326349921525,0.0563058108091,-0.0303577445447,0.00832797586918],[-0.000232186299399,0.00736710522324,-0.00882365368307,-0.000745758938137,0.00562847685069,-0.00354380789213,-0.00809727795422,0.0135579500347,-0.0153408283368,0.0185623634607,-0.0303577445447,0.0437182225287,-0.0200186781585],[0.0000667495769449,-0.00444729719311,0.0048007639125,0.00261703971773,-0.00485177291557,0.001129204873,0.00487675983459,-0.00890004448593,0.0145564405248,-0.0107987569645,0.00832797586918,-0.0200186781585,0.0322620533407]],"mean":[29.9387702942,83.3800201416,-96.8719329834,-3.30638790131,-9.77701950073,-24.8471565247,5.07043933868,-20.8265762329,8.4029712677,-5.26220941544,1.08903551102,3.15288496017,-7.87675666809]},"hfc":{"dmean":86.2645339966,"dmean2":138.052398682,"dvar":6973.81347656,"dvar2":17906.7910156,"max":1593.57556152,"mean":355.984130859,"median":340.165222168,"min":1.23070882916e-16,"var":23566.4804688},"melbands":{"dmean":[0.00451506860554,0.00218671630137,0.000519130320754,0.000429212144809,0.000503557675984,0.000394327740651,0.00033633664134,0.000308546092128,0.000146217033034,0.00011394017929,0.0000874989200383,0.0000859242281877,0.0000659408979118,0.0000627759509371,0.0000464891090814,0.0000397566291213,0.0000309171009576,0.0000257606734522,0.0000258944892266,0.0000231415760936,0.0000169083432411,0.0000142813159982,0.0000162430987984,0.00000956384792516,0.00000740844916436,0.00000676203126204,0.00000585500720263,0.00000410105485571,0.00000263251718025,0.0000022608026029,0.00000167408336438,0.00000123902100313,0.00000100422869309,6.78411993249e-7,3.79855833899e-7,2.68150074589e-7,1.46952331193e-7,6.40703916588e-8,2.89227291006e-8,2.4524025477e-8],"dmean2":[0.00746709760278,0.00366957345977,0.00086810614448,0.000697012234014,0.000829076801892,0.000648305285722,0.000548473384697,0.000507717486471,0.000242064154008,0.000186643432244,0.000144411766087,0.00014185278269,0.000107617037429,0.000102279234852,0.0000764427968534,0.0000662642487441,0.0000511286198162,0.000042782878154,0.000043357595132,0.0000391385110561,0.0000282191849692,0.0000239219316427,0.0000272336546914,0.0000157650738402,0.0000122177953017,0.0000110135379146,0.00000946566706261,0.00000652650260236,0.00000410176971855,0.00000345414605363,0.00000249689492193,0.00000180480253675,0.0000015007459524,9.93346816358e-7,5.54348332571e-7,3.93508656771e-7,2.15965641814e-7,9.79871259688e-8,4.71559893356e-8,4.00998985128e-8],"dvar":[0.0000450810730399,0.0000160943345691,6.82706513544e-7,9.07430717234e-7,0.00000116462979349,4.88562875489e-7,3.60482147244e-7,4.61079139313e-7,9.0879218817e-8,6.49874039027e-8,2.69033630929e-8,2.84840453446e-8,1.41606646409e-8,8.46772074681e-9,3.4872575938e-9,2.55282683881e-9,1.40952682859e-9,1.00056363195e-9,1.20790533131e-9,1.25235377624e-9,5.84047477048e-10,4.76802652916e-10,6.25550999889e-10,2.52318249627e-10,1.76092085358e-10,1.73480285692e-10,1.88233220677e-10,1.16611303946e-10,5.94939097986e-11,4.53713212833e-11,2.01368834801e-11,8.90240919177e-12,7.24130000754e-12,4.96579426884e-12,1.07145206336e-12,3.6009221863e-13,8.09456465072e-14,1.13497366616e-14,1.99062081143e-15,1.44439075721e-15],"dvar2":[0.000112597124826,0.0000412474291807,0.00000169160853147,0.0000020415113795,0.00000293344123747,0.00000122249105061,8.84800044787e-7,0.00000113246358069,2.38895154325e-7,1.6462384167e-7,7.01457381069e-8,7.53462572334e-8,3.51828717271e-8,1.71351235423e-8,8.60373461364e-9,6.4445586645e-9,3.56032936466e-9,2.65022070955e-9,3.2046887366e-9,3.45068640328e-9,1.54354562465e-9,1.26251153976e-9,1.71357283918e-9,6.58956389454e-10,4.50836673549e-10,4.01355532142e-10,4.3626230406e-10,2.45430509249e-10,1.177773018e-10,9.04067029572e-11,3.95313781709e-11,1.59647278036e-11,1.5089120925e-11,9.4341461726e-12,1.94814997467e-12,7.4228291699e-13,1.55738106872e-13,2.3373245681e-14,4.88934522209e-15,3.59492090705e-15],"max":[0.0748420953751,0.0673441886902,0.0199852939695,0.039982676506,0.0256701074541,0.0191633123904,0.0222985837609,0.0220372155309,0.00949038658291,0.00629302626476,0.00440636649728,0.00406685611233,0.00286333658732,0.00585460290313,0.00129354163073,0.00149712560233,0.00100443453994,0.000670847482979,0.000809710996691,0.00132774526719,0.000607160793152,0.000582942680921,0.00080047204392,0.000496691383887,0.000331283110427,0.000421957229264,0.000522898160852,0.000346115499269,0.00040234340122,0.000257200445049,0.000141250493471,0.0000999840121949,0.0000948273009271,0.000135702415719,0.000048117890401,0.0000425935140811,0.0000179967046279,0.00000437387734564,7.47522335587e-7,6.66024504881e-7],"mean":[0.00493871793151,0.00234832521528,0.000710830790922,0.000597401405685,0.000704597914591,0.000614007061813,0.000551345699932,0.000507373653818,0.000240205219598,0.000173138760147,0.000138680246891,0.000140742457006,0.00011266565707,0.000111798843136,0.0000855414109537,0.0000728419909137,0.0000603082662565,0.0000516370746482,0.0000498098706885,0.0000455947083537,0.0000344882610079,0.0000296825292025,0.000031394411053,0.0000190619484783,0.0000151703598021,0.0000137385450216,0.0000117653207781,0.00000836806793814,0.00000571294958718,0.00000487718261866,0.00000352646793544,0.00000254161022895,0.00000199581359084,0.00000132414925247,7.69030577885e-7,5.35570450211e-7,2.53314311749e-7,9.66572528682e-8,3.26589812971e-8,2.62521542282e-8],"median":[0.00251011317596,0.00114476692397,0.000420716183726,0.000272035802482,0.000330839917297,0.00035548422602,0.000298115162877,0.000243971662712,0.000123180856463,0.000082490441855,0.0000739222814445,0.0000720379466657,0.0000676483541611,0.0000825293027447,0.0000644360261504,0.0000576770544285,0.0000488040532218,0.0000406958388339,0.0000379421799153,0.0000327599846059,0.0000250549728662,0.0000205000960705,0.0000206947643164,0.0000111392473627,0.00000867210655997,0.00000787337012298,0.00000649614912618,0.00000447875527243,0.00000311504982164,0.00000262594221567,0.00000179441258297,0.0000012272918184,9.22088077004e-7,6.09620258274e-7,3.90225039837e-7,2.90132192049e-7,1.24685612946e-7,4.99877970128e-8,1.64357523147e-8,1.25320109845e-8],"min":[3.11473189007e-24,9.34410790944e-24,6.81093906984e-24,3.74055200948e-24,4.85049034718e-24,4.16976925586e-24,5.68332354255e-24,1.5857068183e-23,1.2117970833e-23,1.78034830701e-23,6.98013868996e-24,1.4798241721e-23,1.18292264424e-23,8.76136215926e-24,1.37174013067e-23,1.22047605209e-23,6.25440046222e-24,8.07832142245e-24,3.72181340754e-24,5.9961617173e-24,1.09372811384e-23,1.35484288785e-23,1.13203054512e-23,1.08584281801e-23,1.11273271968e-23,1.04956018619e-23,9.81394163168e-24,1.15986282004e-23,6.36259944069e-24,5.35428808126e-24,8.59475236949e-24,7.40616617727e-24,9.15454463392e-24,8.14403038041e-24,1.24096198094e-23,1.32849177817e-23,1.53133237159e-23,1.03179251425e-23,1.33586541883e-23,1.01303387524e-23],"var":[0.0000458712893305,0.0000154958997882,0.00000102677097402,0.00000151815106619,0.00000177289189196,8.64051798999e-7,9.11896847811e-7,0.00000118474542887,1.85044811474e-7,1.07711301212e-7,4.65454945697e-8,4.90445231094e-8,2.72174105476e-8,1.80422663476e-8,6.69999167258e-9,4.42507941401e-9,2.57225174494e-9,1.9264703166e-9,2.12663398003e-9,2.59399413061e-9,1.2948510042e-9,1.1587870663e-9,1.39582723158e-9,6.13648465375e-10,4.28861557378e-10,4.70100625094e-10,4.55960325052e-10,3.18285453549e-10,1.71456501774e-10,1.17757886775e-10,5.75408297399e-11,2.68287024541e-11,1.8569633678e-11,1.09388800101e-11,2.67921015235e-12,7.72974783139e-13,1.86123970511e-13,2.42501771973e-14,2.39006672628e-15,1.60727021665e-15]},"melbands_crest":{"dmean":5.280813694,"dmean2":8.64298629761,"dvar":20.3028678894,"dvar2":50.5816574097,"max":37.9876213074,"mean":15.7410621643,"median":14.6913957596,"min":1.84795880318,"var":42.2237091064},"melbands_flatness_db":{"dmean":0.0336931012571,"dmean2":0.0533720739186,"dvar":0.000822925998364,"dvar2":0.00204561953433,"max":0.504134774208,"mean":0.209948554635,"median":0.205658778548,"min":0.00600947951898,"var":0.00269806478173},"melbands_kurtosis":{"dmean":6.00226974487,"dmean2":9.794465065,"dvar":122.298347473,"dvar2":293.618591309,"max":909.906799316,"mean":8.47176647186,"median":5.14204883575,"min":-1.59762370586,"var":360.379394531},"melbands_skewness":{"dmean":0.824231803417,"dmean2":1.30932891369,"dvar":0.697267413139,"dvar2":1.70941746235,"max":20.7164916992,"mean":2.29342532158,"median":2.07354617119,"min":-1.09111857414,"var":1.63461124897},"melbands_spread":{"dmean":7.70215845108,"dmean2":12.3322343826,"dvar":60.8151664734,"dvar2":151.389083862,"max":144.836151123,"mean":23.5400848389,"median":20.6966362,"min":0.436628520489,"var":202.18913269},"mfcc":{"cov":[[7788.65966797,878.673217773,-573.554748535,845.27532959,-237.805282593,268.760742188,-74.322517395,242.426712036,-91.2585144043,222.744430542,32.4225997925,151.38861084,34.8445777893],[878.673217773,1106.13439941,-112.520622253,-143.051742554,54.9258728027,-48.5136451721,-33.8037796021,-69.7450256348,6.62161540985,-71.1297531128,-12.4586496353,-30.6155929565,13.6799736023],[-573.554748535,-112.520622253,361.304229736,-122.95425415,-6.36130857468,-1.81095850468,3.67381858826,-20.6830348969,-5.70452260971,-37.9345932007,-19.5104122162,-31.1676750183,-28.7735595703],[845.27532959,-143.051742554,-122.95425415,380.418457031,-33.4909439087,84.3394241333,4.278403759,77.7879562378,-26.351348877,78.3421096802,15.5647497177,37.2791824341,9.87349891663],[-237.805282593,54.9258728027,-6.36130857468,-33.4909439087,191.349578857,-32.4548339844,44.6126327515,-29.1081390381,33.7879753113,-27.8802204132,12.6319265366,-6.69816350937,7.62822532654],[268.760742188,-48.5136451721,-1.81095850468,84.3394241333,-32.4548339844,144.186340332,6.60717535019,64.7947006226,-21.0826816559,18.9686431885,-24.8952045441,16.0032348633,-5.33940982819],[-74.322517395,-33.8037796021,3.67381858826,4.278403759,44.6126327515,6.60717535019,99.1675338745,15.024846077,26.0386238098,-10.1672420502,3.23818993568,-16.1897449493,10.2931995392],[242.426712036,-69.7450256348,-20.6830348969,77.7879562378,-29.1081390381,64.7947006226,15.024846077,95.6266403198,4.6397857666,34.5797195435,-6.75203800201,19.3780632019,-6.06742572784],[-91.2585144043,6.62161540985,-5.70452260971,-26.351348877,33.7879753113,-21.0826816559,26.0386238098,4.6397857666,65.8008499146,17.0603103638,24.0772781372,2.01672673225,9.61550521851],[222.744430542,-71.1297531128,-37.9345932007,78.3421096802,-27.8802204132,18.9686431885,-10.1672420502,34.5797195435,17.0603103638,81.1578369141,33.1612472534,36.7575950623,5.7291021347],[32.4225997925,-12.4586496353,-19.5104122162,15.5647497177,12.6319265366,-24.8952045441,3.23818993568,-6.75203800201,24.0772781372,33.1612472534,64.7917251587,28.6388778687,19.6288604736],[151.38861084,-30.6155929565,-31.1676750183,37.2791824341,-6.69816350937,16.0032348633,-16.1897449493,19.3780632019,2.01672673225,36.7575950623,28.6388778687,67.4574203491,21.0415287018],[34.8445777893,13.6799736023,-28.7735595703,9.87349891663,7.62822532654,-5.33940982819,10.2931995392,-6.06742572784,9.61550521851,5.7291021347,19.6288604736,21.0415287018,48.8709144592]],"icov":[[0.000247769028647,-0.000299132341752,0.0000975703005679,-0.000490667996928,0.000225616924581,-0.0000610454371781,-0.0000723634075257,-0.000187137367902,0.000131176551804,-0.000188312755199,0.00000183935480891,-0.000239440982114,0.0001123942493],[-0.000299132341752,0.00147155160084,0.00043766933959,0.000955380673986,-0.000461517716758,-0.000184272852493,0.00077029602835,0.000465772172902,-0.000463340926217,0.00105300289579,-0.000183923577424,0.000722805096302,-0.000456091947854],[0.0000975703005679,0.00043766933959,0.00367080490105,0.00106355443131,0.00032488652505,-0.00089674879564,-0.000114437003504,0.000347168184817,0.000190941238543,0.000857714680023,-0.000709942716639,0.000538793974556,0.00158786331303],[-0.000490667996928,0.000955380673986,0.00106355443131,0.0057116295211,-0.00112414639443,-0.00115761824418,-0.000303545879433,-0.00142427906394,0.00340666645207,-0.00351333455183,-0.00094489089679,0.00196813582443,-0.00123552035075],[0.000225616924581,-0.000461517716758,0.00032488652505,-0.00112414639443,0.00758508592844,0.000142043878441,-0.00297432020307,0.00225170468912,-0.00377943576314,0.00364780868404,-0.000695092254318,-0.00276038865559,0.00190795725212],[-0.0000610454371781,-0.000184272852493,-0.00089674879564,-0.00115761824418,0.000142043878441,0.0121649643406,-0.00130435451865,-0.00619350699708,0.00283568585292,-0.00100919383112,0.00484963366762,-0.0025036802981,-0.000695786729921],[-0.0000723634075257,0.00077029602835,-0.000114437003504,-0.000303545879433,-0.00297432020307,-0.00130435451865,0.0156125556678,-0.00436949823052,-0.00460323505104,0.0036202641204,-0.00238413922489,0.0063752764836,-0.0049851401709],[-0.000187137367902,0.000465772172902,0.000347168184817,-0.00142427906394,0.00225170468912,-0.00619350699708,-0.00436949823052,0.0214943550527,-0.00514705386013,-0.00397377228364,0.0051112906076,-0.00528623815626,0.0047575449571],[0.000131176551804,-0.000463340926217,0.000190941238543,0.00340666645207,-0.00377943576314,0.00283568585292,-0.00460323505104,-0.00514705386013,0.0266945380718,-0.00962484441698,-0.00553444540128,0.00485203647986,-0.00329949194565],[-0.000188312755199,0.00105300289579,0.000857714680023,-0.00351333455183,0.00364780868404,-0.00100919383112,0.0036202641204,-0.00397377228364,-0.00962484441698,0.030608093366,-0.0105101447552,-0.00761407520622,0.00492399930954],[0.00000183935480891,-0.000183923577424,-0.000709942716639,-0.00094489089679,-0.000695092254318,0.00484963366762,-0.00238413922489,0.0051112906076,-0.00553444540128,-0.0105101447552,0.0308384820819,-0.00890878308564,-0.00463131442666],[-0.000239440982114,0.000722805096302,0.000538793974556,0.00196813582443,-0.00276038865559,-0.0025036802981,0.0063752764836,-0.00528623815626,0.00485203647986,-0.00761407520622,-0.00890878308564,0.02947675623,-0.0111289294437],[0.0001123942493,-0.000456091947854,0.00158786331303,-0.00123552035075,0.00190795725212,-0.000695786729921,-0.0049851401709,0.0047575449571,-0.00329949194565,0.00492399930954,-0.00463131442666,-0.0111289294437,0.0296845957637]],"mean":[-629.701965332,151.301391602,-28.2276630402,35.1471290588,-5.4556221962,17.7342796326,-7.06921100616,8.52557182312,-3.68314194679,6.58236312866,0.744662225246,8.57800388336,4.90376472473]},"pitch_salience":{"dmean":0.0890067592263,"dmean2":0.145089313388,"dvar":0.00613510375842,"dvar2":0.015597765334,"max":0.842018544674,"mean":0.574490666389,"median":0.594723045826,"min":0.0716556981206,"var":0.0129523389041},"silence_rate_20dB":{"dmean":0,"dmean2":0,"dvar":0,"dvar2":0,"max":1,"mean":1,"median":1,"min":1,"var":0},"silence_rate_30dB":{"dmean":0.100453555584,"dmean2":0.200923979282,"dvar":0.0903601571918,"dvar2":0.213291570544,"max":1,"mean":0.912320494652,"median":1,"min":0,"var":0.0799945741892},"silence_rate_60dB":{"dmean":0.0015118427109,"dmean2":0.00302393944003,"dvar":0.00150952814147,"dvar2":0.00301469559781,"max":1,"mean":0.0277147889137,"median":0,"min":0,"var":0.0269454251975},"spectral_centroid":{"dmean":220.462982178,"dmean2":342.112518311,"dvar":46851.90625,"dvar2":93224.0078125,"max":10974.2138672,"mean":1410.80187988,"median":1333.72607422,"min":165.744049072,"var":380842.4375},"spectral_complexity":{"dmean":3.77103972435,"dmean2":5.83771514893,"dvar":11.51704216,"dvar2":23.8083763123,"max":64,"mean":29.1997146606,"median":29,"min":0,"var":97.1000137329},"spectral_contrast_coeffs":{"dmean":[0.0552460476756,0.0510664992034,0.0367295965552,0.0256585162133,0.0200478956103,0.0379264429212],"dmean2":[0.0916117355227,0.0856987535954,0.061696305871,0.0438267402351,0.0335517823696,0.0590914450586],"dvar":[0.00193310901523,0.00159314472694,0.000826874864288,0.000387696112739,0.00031955979648,0.000988147570752],"dvar2":[0.00518131908029,0.00445261504501,0.00233246549033,0.00111143337563,0.000808106386103,0.00247101392597],"max":[-0.337989389896,-0.471984565258,-0.580882430077,-0.652917921543,-0.635204911232,-0.417058825493],"mean":[-0.710544586182,-0.757096648216,-0.808793485165,-0.81687027216,-0.805255293846,-0.697243750095],"median":[-0.719730615616,-0.761503279209,-0.81192189455,-0.8174482584,-0.804131627083,-0.689184606075],"min":[-0.973751008511,-0.959146857262,-0.968310236931,-0.963998436928,-0.966620981693,-0.95913207531],"var":[0.00620679790154,0.00401263171807,0.00208724988624,0.00104248418938,0.00114805146586,0.00552283972502]},"spectral_contrast_valleys":{"dmean":[0.416381657124,0.33165293932,0.27656853199,0.222455337644,0.211507990956,0.495698571205],"dmean2":[0.679228067398,0.550190389156,0.456012904644,0.360835134983,0.333686113358,0.771781623363],"dvar":[0.119340732694,0.0774902775884,0.059241682291,0.0466455891728,0.0689933001995,0.182266578078],"dvar2":[0.286594420671,0.188194051385,0.135480299592,0.0953691005707,0.138321429491,0.451001822948],"max":[-4.96188354492,-4.30878210068,-5.22518873215,-5.6679444313,-5.41181468964,-8.92760848999],"mean":[-6.78116750717,-6.15905475616,-6.67532205582,-6.89792633057,-7.19007062912,-10.9657049179],"median":[-6.56698560715,-5.97307538986,-6.4878821373,-6.6695561409,-6.97015619278,-10.8267269135],"min":[-26.8701038361,-27.1690940857,-27.417383194,-27.2193183899,-27.243303299,-27.245716095],"var":[1.78295052052,1.74545896053,1.57876324654,1.5514677763,1.57055914402,1.01154792309]},"spectral_decrease":{"dmean":5.54705659184e-9,"dmean2":8.88352236217e-9,"dvar":5.13652558267e-17,"dvar2":1.24807432807e-16,"max":1.26443540083e-8,"mean":-6.87465195881e-9,"median":-4.39240332994e-9,"min":-8.80367849732e-8,"var":6.46605827518e-17},"spectral_energy":{"dmean":0.021788533777,"dmean2":0.0339834019542,"dvar":0.000759738730267,"dvar2":0.00179455662146,"max":0.379702597857,"mean":0.0582354143262,"median":0.0499280132353,"min":1.08412132851e-20,"var":0.00125143444166},"spectral_energyband_high":{"dmean":0.00041840042104,"dmean2":0.000611971539911,"dvar":4.22240390208e-7,"dvar2":7.38061658012e-7,"max":0.0259172208607,"mean":0.00184072914999,"median":0.00149997684639,"min":7.90434487089e-21,"var":0.00000287614057015},"spectral_energyband_low":{"dmean":0.0175291337073,"dmean2":0.0285290386528,"dvar":0.000672715425026,"dvar2":0.0016427092487,"max":0.340721994638,"mean":0.0211256369948,"median":0.011784250848,"min":4.08942968912e-23,"var":0.000726856174879},"spectral_energyband_middle_high":{"dmean":0.00179475196637,"dmean2":0.00278583564796,"dvar":0.00000438492816102,"dvar2":0.0000104997006929,"max":0.0563186556101,"mean":0.00679932394996,"median":0.00598444277421,"min":1.52213773705e-21,"var":0.0000180807237484},"spectral_energyband_middle_low":{"dmean":0.00553668802604,"dmean2":0.00880887918174,"dvar":0.0000585630405112,"dvar2":0.000139971540193,"max":0.163950785995,"mean":0.013642908074,"median":0.00952177867293,"min":2.80072076593e-22,"var":0.000165053323144},"spectral_entropy":{"dmean":0.11169757694,"dmean2":0.171433910728,"dvar":0.0125326644629,"dvar2":0.0290487296879,"max":9.80916404724,"mean":7.70543003082,"median":7.75020170212,"min":5.18165111542,"var":0.10545181483},"spectral_flux":{"dmean":0.0334483161569,"dmean2":0.0541072525084,"dvar":0.00133696966805,"dvar2":0.00326912733726,"max":0.479741603136,"mean":0.144266694784,"median":0.137520492077,"min":1.04121149203e-10,"var":0.00307035329752},"spectral_kurtosis":{"dmean":3.39454364777,"dmean2":5.13367891312,"dvar":29.8610515594,"dvar2":73.9223937988,"max":154.496536255,"mean":19.5077667236,"median":17.9427127838,"min":-1.17848873138,"var":92.8846130371},"spectral_rms":{"dmean":0.00127643893939,"dmean2":0.00194203737192,"dvar":0.00000185041392342,"dvar2":0.00000414958276451,"max":0.0192468576133,"mean":0.00718185352162,"median":0.00697927316651,"min":3.25219820692e-12,"var":0.00000523569815414},"spectral_rolloff":{"dmean":3018.9387207,"dmean2":5823.95947266,"dvar":42861988,"dvar2":111120464,"max":22050,"mean":19569.4433594,"median":21576.2695312,"min":21.533203125,"var":32879806},"spectral_skewness":{"dmean":0.276272714138,"dmean2":0.41242146492,"dvar":0.122669704258,"dvar2":0.290735423565,"max":10.4684610367,"mean":2.95649814606,"median":2.86602759361,"min":-0.0124371964484,"var":0.675678133965},"spectral_spread":{"dmean":349450.9375,"dmean2":539098.8125,"dvar":178260115456,"dvar2":302708654080,"max":40127300,"mean":4228678,"median":4162563.25,"min":1404132.625,"var":826829111296},"spectral_strongpeak":{"dmean":9.46336936951,"dmean2":17.7765331268,"dvar":486.207763672,"dvar2":1291.46337891,"max":212.528289795,"mean":7.37926435471,"median":0.310931026936,"min":0,"var":443.703033447},"zerocrossingrate":{"dmean":0.0485491640866,"dmean2":0.062457755208,"dvar":0.00155103264842,"dvar2":0.00256388168782,"max":0.88427734375,"mean":0.36408534646,"median":0.36865234375,"min":0,"var":0.00792754627764}},"metadata":{"audio_properties":{"analysis_sample_rate":44100,"bit_rate":212216,"codec":"mp3","downmix":"mix","equal_loudness":0,"length":276.454956055,"lossless":false,"md5_encoded":"08c3b23c6ce15464cd7f8278c5523113","replay_gain":-2.80655097961,"sample_rate":44100},"tags":{"acoustid_id":["8d4fc576-4e95-4f84-994e-2547579bf326"],"album":["Loose Nut"],"albumartist":["Black Flag"],"albumartistsort":["Black Flag"],"artist":["Black Flag"],"artists":["Black Flag"],"artistsort":["Black Flag"],"asin":["B000000M07"],"barcode":["018861003528"],"catalognumber":["SST CD 035"],"date":["1985"],"file_name":"01 - Loose Nut.mp3","label":["SST Records"],"media":["CD"],"musicbrainz album release country":["US"],"musicbrainz album status":["official"],"musicbrainz album type":["album"],"musicbrainz release track id":["8df3c745-5505-385a-a7f7-07ad9d6247d4"],"musicbrainz_albumartistid":["9941a936-196a-4a62-ae53-a69cbc33f20e"],"musicbrainz_albumid":["bcd918ec-55aa-4c63-bc3d-49f54c50134b"],"musicbrainz_artistid":["9941a936-196a-4a62-ae53-a69cbc33f20e"],"musicbrainz_recordingid":["dd79442e-73c5-4dac-ae33-15137ee2f58b"],"musicbrainz_releasegroupid":["216eb671-acb1-3135-b5de-9b38c5066a25"],"originaldate":["1985"],"script":["Latn"],"title":["Loose Nut"],"tracknumber":["1/9"]},"version":{"essentia":"2.1-beta1","essentia_build_sha":"ca57ba49d9b1854bd80e60cf9ccf267278fb7d6b","essentia_git_sha":"v2.1_beta1-28-g21ef5f4-dirty","extractor":"music 1.0"}},"rhythm":{"beats_count":420,"beats_loudness":{"dmean":0.0272661950439,"dmean2":0.0469949394464,"dvar":0.000551391451154,"dvar2":0.00153955072165,"max":0.174246653914,"mean":0.0784566551447,"median":0.0778820365667,"min":4.5265355908e-9,"var":0.00102239020634},"beats_loudness_band_ratio":{"dmean":[0.172100037336,0.0748243331909,0.0656748190522,0.033223528415,0.0281930100173,0.112770192325],"dmean2":[0.293127566576,0.133202746511,0.115081183612,0.0551195070148,0.0490857549012,0.195226818323],"dvar":[0.0182174220681,0.007674891036,0.0056414171122,0.00164388574194,0.00103025464341,0.00787671003491],"dvar2":[0.054873611778,0.0219801198691,0.0160289257