{"lowlevel":{"average_loudness":0.543884396553,"barkbands":{"dmean":[0.00000983428981272,0.000671796849929,0.00061676785117,0.00062347156927,0.000737882917747,0.000482295785332,0.000257032283116,0.000380668934667,0.000539797532838,0.000364497565897,0.000313457916491,0.000576460384764,0.00027215515729,0.000445378915174,0.000335234915838,0.000751466082875,0.000168629121617,0.000188085105037,0.000152942026034,0.0000643726598355,0.0000446412741439,0.0000157856611622,0.0000122766650748,0.0000116484352475,0.0000102441463241,0.00000216506077777,1.0131209649e-7],"dmean2":[0.0000157823724294,0.00109880289529,0.000995191512629,0.00104300293606,0.00122086051852,0.000795079336967,0.000406231702073,0.000554529600777,0.00078048807336,0.000547064933926,0.00045850884635,0.000885690620635,0.000421497708885,0.000713202985935,0.000520596979186,0.00119942089077,0.000269679934718,0.0003053106484,0.000248332013143,0.000100767611002,0.0000699277734384,0.0000243179729296,0.0000183471129276,0.0000164436823979,0.0000136963981276,0.00000305808998746,1.45895768355e-7],"dvar":[7.18508919029e-10,0.00000368381847693,0.00000511891676069,0.00000661671765556,0.00000477629282614,0.00000256725957115,6.03693024459e-7,0.00000177889398856,0.00000329764861817,0.00000172016450506,0.00000103065610801,0.00000392046285924,6.8323532787e-7,0.00000241966063186,0.00000128060798943,0.0000179396283784,1.43449170764e-7,1.91598743982e-7,1.49026192275e-7,2.36506725315e-8,8.04264743692e-8,3.00146685284e-9,1.82640713664e-9,6.17767037525e-9,1.50564147816e-8,5.89906234971e-10,3.77501849225e-13],"dvar2":[1.5961019173e-9,0.0000084692328528,0.0000137407450893,0.0000162174837897,0.0000129205554913,0.00000703867681295,0.00000144496857502,0.00000413161569668,0.00000656244492347,0.00000357467365575,0.00000189341949408,0.00000966497282207,0.00000165625101545,0.00000636933737042,0.00000286218778456,0.0000481611095893,3.63160324923e-7,4.96387826843e-7,4.10939975382e-7,5.80369707848e-8,1.8982834149e-7,7.10858616415e-9,3.65449714934e-9,1.20759438005e-8,3.03435818694e-8,1.26152555069e-9,7.29534705216e-13],"max":[0.000860238214955,0.0597993955016,0.0492904931307,0.0797162652016,0.0504783131182,0.0290421508253,0.0182018168271,0.0549346879125,0.0668824762106,0.0484509170055,0.0351582877338,0.0496216826141,0.027604194358,0.0334213040769,0.0307259485126,0.0965408235788,0.0099400896579,0.00770348496735,0.00720602925867,0.00412658555433,0.021189711988,0.00267821527086,0.00185612472706,0.00532501516864,0.0104654496536,0.00207914831117,0.0000347281456925],"mean":[0.0000124248035718,0.00239470228553,0.00157741608564,0.000986703205854,0.00130858004559,0.000791102065705,0.000425183039624,0.000835229351651,0.0012684854446,0.000708166335244,0.000657988770399,0.00109284871724,0.00048686566879,0.000755497720093,0.000549127755221,0.000971210829448,0.000363256433047,0.000383268430596,0.000333048839821,0.000163144344697,0.000099700577266,0.0000388190928788,0.0000337658675562,0.0000306781403197,0.0000231988342421,0.000005445833267,3.48961918917e-7],"median":[0.0000025292195005,0.00163318472914,0.000518261105753,0.000235682164202,0.000540359294973,0.000290831609163,0.000116170638648,0.00018526770873,0.000232384394621,0.000158762355568,0.000104758830275,0.000170191604411,0.0000862692177179,0.000091715817689,0.000108221109258,0.0000719219169696,0.000086571148131,0.0000875765254023,0.000074704970757,0.0000199077039724,0.0000100970428321,0.00000451371715826,0.00000196557130039,0.00000137120014188,4.28206419656e-7,1.10075987436e-7,3.20951478727e-8],"min":[8.09560852032e-24,2.35893676023e-23,3.87281037781e-23,1.00909753821e-23,2.96167729446e-23,1.12724209632e-22,1.95663600014e-23,1.95867189236e-23,4.26916028677e-23,8.3211604192e-23,8.59410250588e-23,5.97100304977e-23,1.31323820594e-22,1.80464982984e-22,1.50433793007e-22,1.14367286991e-22,2.42713593118e-22,1.84674660319e-22,2.25444329809e-22,2.60417550341e-22,4.937947159e-22,4.04205537321e-22,6.02211012926e-22,8.85230172887e-22,1.36416593002e-21,1.85814068291e-21,2.54770396781e-21],"var":[1.01483010884e-9,0.00000906395507627,0.00000847436058393,0.00000836716662889,0.00000656082374917,0.00000281274242298,0.00000117432614388,0.00000706034825271,0.0000181047216756,0.00000408239839089,0.00000460975661554,0.0000111322569865,0.00000152228255956,0.00000488372052132,0.00000230090677178,0.0000245794744842,4.65852679099e-7,4.88987041081e-7,3.94173270024e-7,9.8643241131e-8,2.29118512607e-7,1.37359554842e-8,8.34278068851e-9,2.04594616804e-8,5.16055074229e-8,1.97122296264e-9,1.74151838783e-12]},"barkbands_crest":{"dmean":1.83470511436,"dmean2":2.91768550873,"dvar":4.21402215958,"dvar2":10.6105585098,"max":25.230890274,"mean":9.82161235809,"median":8.97618198395,"min":2.75153374672,"var":17.6858520508},"barkbands_flatness_db":{"dmean":0.0150237772614,"dmean2":0.0223861709237,"dvar":0.000307602749672,"dvar2":0.000628850015346,"max":0.449202716351,"mean":0.181823968887,"median":0.167268097401,"min":0.031018126756,"var":0.00557451462373},"barkbands_kurtosis":{"dmean":1.60508215427,"dmean2":2.50102806091,"dvar":10.5137701035,"dvar2":25.0235176086,"max":143.058563232,"mean":2.74907922745,"median":0.544922471046,"min":-1.94765555859,"var":47.8175773621},"barkbands_skewness":{"dmean":0.37652644515,"dmean2":0.572635769844,"dvar":0.191338568926,"dvar2":0.450969815254,"max":9.69664859772,"mean":0.989182949066,"median":0.863290309906,"min":-5.35896635056,"var":1.50803995132},"barkbands_spread":{"dmean":3.39760184288,"dmean2":5.1746840477,"dvar":21.8204669952,"dvar2":50.7595710754,"max":155.28414917,"mean":20.5680541992,"median":17.326631546,"min":0.759014487267,"var":320.736999512},"dissonance":{"dmean":0.0220110192895,"dmean2":0.0369322225451,"dvar":0.000591612653807,"dvar2":0.00160799722653,"max":0.499987840652,"mean":0.443171977997,"median":0.458080112934,"min":0.15050560236,"var":0.00229991530068},"dynamic_complexity":5.71828603745,"erbbands":{"dmean":[0.0157055538148,0.171220093966,0.58624702692,1.4597479105,2.73057866096,2.29693412781,2.70402741432,4.29012775421,3.92876672745,4.23512983322,9.79316520691,12.0515823364,12.9129304886,10.2528553009,13.865986824,24.6450271606,10.7013835907,23.9420051575,14.654882431,26.061466217,28.8429718018,8.5445318222,9.76929187775,9.1495885849,4.92825889587,2.94414567947,2.01219177246,1.29589080811,0.588026463985,0.466778159142,0.348204135895,0.2580293715,0.191223919392,0.13529060781,0.0641714036465,0.018153835088,0.00269779330119,0.000271953322226,0.0000180085080501,0.00000546015280634],"dmean2":[0.0246778279543,0.281976401806,0.957711935043,2.37365627289,4.60203933716,3.81774187088,4.30413770676,7.20879745483,6.36175060272,6.47078990936,14.062789917,17.1280460358,19.0154056549,15.1016168594,20.0803642273,38.2130661011,16.3983669281,38.3509063721,22.8177986145,41.1271781921,45.9861984253,13.4991970062,15.4022884369,14.9783916473,7.53122663498,4.61630153656,3.09094691277,2.05354237556,0.912115573883,0.716137766838,0.519939124584,0.369718164206,0.267236411572,0.188946068287,0.0866703465581,0.0250914543867,0.0039897612296,0.00038759803283,0.000025450679459,0.00000833956255519],"dvar":[0.00264240126126,0.233142361045,4.28650999069,25.6423549652,117.143226624,53.4962692261,43.5076408386,244.158187866,168.772476196,185.251358032,1113.99072266,1979.60107422,2063.16210938,1026.12890625,1814.46850586,7839.75585938,1099.91687012,6615.76660156,1471.63598633,10561.8417969,22888.0898438,344.068908691,572.335021973,753.627380371,129.008285522,47.0375938416,77.158416748,77.0908737183,5.38438272476,2.95735311508,1.4981610775,1.36178803444,2.7877061367,2.07129836082,0.748390734196,0.0620936490595,0.000779219495598,0.000004919395451,9.94483073669e-9,1.2743012201e-10],"dvar2":[0.00557525269687,0.57584130764,11.7942323685,62.9340782166,310.311035156,149.147232056,115.389228821,676.719299316,424.183166504,387.983428955,2528.80419922,3825.90673828,4255.31005859,2204.12646484,3229.59912109,19691.2675781,2674.4362793,17494.0625,3435.72680664,28654.34375,59449.5859375,862.778869629,1390.53417969,2078.40698242,298.283905029,116.014282227,169.629272461,189.05430603,13.7920389175,7.00623369217,3.00529146194,2.66717219353,5.72457790375,4.25629615784,1.48007488251,0.140195220709,0.00168646371458,0.00000910773815122,1.87110522631e-8,2.90037910355e-10],"max":[1.7714600563,13.0559072495,49.4504508972,115.686485291,280.122650146,263.115966797,128.643066406,268.166870117,288.814788818,611.230957031,1274.93884277,2110.59326172,1702.8717041,965.455200195,1649.55834961,2295.49853516,1027.1015625,1808.85339355,734.74041748,1949.68212891,3671.77978516,418.355072021,512.292419434,596.720214844,337.457427979,184.74319458,555.564453125,680.744262695,113.276390076,96.8267974854,63.3883399963,72.6818313599,112.707695007,93.5433502197,79.6126327515,22.6948204041,2.21668124199,0.191586345434,0.00663805939257,0.000535422004759],"mean":[0.0416235625744,0.63710552454,1.83591222763,2.88562226295,3.85547947884,4.06685400009,5.32535982132,6.32595491409,6.24641180038,8.48605632782,22.8308048248,30.8190689087,26.4527015686,22.7944507599,30.2793731689,46.9428520203,21.9761371613,42.4664230347,27.7603855133,41.0135192871,41.0922737122,19.5197696686,21.6297798157,20.3390426636,13.1317672729,7.99310112,5.05871009827,2.77154183388,1.47643876076,1.20454573631,0.946502745152,0.690493285656,0.475891917944,0.298620432615,0.140382379293,0.041185811162,0.00696747470647,0.000840051565319,0.0000692582252668,0.0000226827760343],"median":[0.0214772969484,0.435831844807,0.710462510586,0.940166950226,1.32201468945,1.44840168953,2.06761670113,1.90169882774,1.91111600399,2.47782325745,5.7514667511,5.76489639282,7.68985462189,5.73521757126,6.94739866257,8.05278968811,5.17664432526,7.03049755096,5.69905090332,6.65735149384,5.61608123779,5.86657094955,5.68584060669,4.42100811005,2.83719110489,1.05859816074,0.581620633602,0.325420200825,0.174437433481,0.10845926404,0.0553797408938,0.0331273302436,0.0185588635504,0.00670837517828,0.00235740328208,0.000750648556277,0.00015803752467,0.0000324437423842,0.0000127911371237,0.0000144560326589],"min":[8.87260461043e-22,4.76823094227e-21,3.89229998796e-20,3.62170820696e-20,2.29120677092e-20,1.32982983647e-19,6.89422470326e-19,7.11713953859e-19,4.49761518596e-19,1.83505792519e-19,4.99157125863e-19,7.65549763256e-19,2.53760834637e-18,3.13263927245e-18,3.33164010947e-18,2.55857964965e-18,7.29878364482e-18,8.53226958399e-18,8.1065544643e-18,6.87301020889e-18,6.67186139061e-18,1.48091650534e-17,1.17402877577e-17,7.2806427468e-18,1.35390159879e-17,1.24392330414e-17,1.62334823871e-17,2.02833867903e-17,1.59978649527e-17,1.52018971734e-17,1.78375096719e-17,1.71884557868e-17,1.48563805228e-17,1.18744324648e-17,1.14932262795e-17,6.75980764693e-18,3.45900234915e-18,1.15723312159e-18,3.24135996305e-19,4.19334817137e-20],"var":[0.00451838457957,0.621996283531,9.83998298645,43.2958068848,109.854797363,87.7367324829,86.3093643188,242.299468994,247.643295288,594.511535645,4703.67236328,14233.7392578,4989.73339844,3631.89477539,7048.06640625,20872.8671875,2732.98608398,13105.7509766,3681.53369141,17260.0410156,31983.2636719,1187.68005371,1548.7734375,2011.13024902,593.701904297,220.012527466,292.358947754,191.626602173,22.0639133453,11.0831680298,6.35349750519,5.19493484497,8.52154064178,6.92255496979,2.35216116905,0.164945781231,0.00252202432603,0.0000202638912015,5.29844115249e-8,6.47317921487e-10]},"erbbands_crest":{"dmean":2.26273059845,"dmean2":3.56681394577,"dvar":5.46170186996,"dvar2":13.3060045242,"max":31.5477466583,"mean":10.2030353546,"median":8.96331596375,"min":2.2607088089,"var":24.1733169556},"erbbands_flatness_db":{"dmean":0.0140939457342,"dmean2":0.0207373164594,"dvar":0.000242837224505,"dvar2":0.000515433610417,"max":0.406452447176,"mean":0.210948452353,"median":0.209621161222,"min":0.0219812337309,"var":0.00319311046042},"erbbands_kurtosis":{"dmean":1.00900089741,"dmean2":1.58004748821,"dvar":4.0036315918,"dvar2":10.0173110962,"max":40.6125335693,"mean":1.09481942654,"median":0.155654072762,"min":-1.64562916756,"var":9.76240253448},"erbbands_skewness":{"dmean":0.289336740971,"dmean2":0.439359813929,"dvar":0.0889072418213,"dvar2":0.201616168022,"max":4.95387601852,"mean":0.0463012568653,"median":0.0314221903682,"min":-4.4808807373,"var":0.703070700169},"erbbands_spread":{"dmean":4.43061256409,"dmean2":6.71903657913,"dvar":25.8707504272,"dvar2":57.4550704956,"max":131.657089233,"mean":25.2731266022,"median":23.4828147888,"min":1.57199597359,"var":167.499572754},"gfcc":{"cov":[[24460.1269531,-411.784545898,-4066.33618164,1947.65698242,-1113.50866699,531.235107422,-173.086593628,422.304077148,-530.039306641,180.829742432,390.729125977,27.8997135162,-18.979511261],[-411.784545898,2319.29638672,353.470611572,-573.798583984,359.119384766,-259.869689941,94.9233627319,-224.624465942,193.220809937,-180.791625977,-62.8886299133,-84.0584945679,62.0524215698],[-4066.33618164,353.470611572,1693.81469727,-387.814178467,1.42409193516,130.469268799,-81.7254486084,-94.8866424561,79.735206604,-0.0889756679535,-83.0800933838,-14.9845676422,-28.7928218842],[1947.65698242,-573.798583984,-387.814178467,695.79498291,-29.7543907166,81.6192626953,58.2298240662,95.3216552734,-26.6884880066,65.243057251,90.3803253174,3.7725019455,27.4818191528],[-1113.50866699,359.119384766,1.42409193516,-29.7543907166,471.845184326,-87.3922576904,123.306999207,-32.4200782776,87.7420196533,-19.7319965363,-28.2602386475,-1.59050023556,27.2412338257],[531.235107422,-259.869689941,130.469268799,81.6192626953,-87.3922576904,300.227478027,40.4990501404,15.5965833664,-49.2263183594,45.1736602783,73.3538360596,4.88996362686,-32.1734657288],[-173.086593628,94.9233627319,-81.7254486084,58.2298240662,123.306999207,40.4990501404,249.215744019,28.0086479187,37.7175750732,-2.36356019974,26.9725170135,-1.8235257864,-0.720159351826],[422.304077148,-224.624465942,-94.8866424561,95.3216552734,-32.4200782776,15.5965833664,28.0086479187,189.898513794,35.4900016785,-2.71432447433,-13.0586624146,16.3433036804,5.22944736481],[-530.039306641,193.220809937,79.735206604,-26.6884880066,87.7420196533,-49.2263183594,37.7175750732,35.4900016785,166.685134888,8.10230827332,-32.4788131714,-1.95853590965,34.3104515076],[180.829742432,-180.791625977,-0.0889756679535,65.243057251,-19.7319965363,45.1736602783,-2.36356019974,-2.71432447433,8.10230827332,132.140014648,45.1228485107,-9.05079078674,-10.9797649384],[390.729125977,-62.8886299133,-83.0800933838,90.3803253174,-28.2602386475,73.3538360596,26.9725170135,-13.0586624146,-32.4788131714,45.1228485107,137.248580933,22.4923496246,-1.09196031094],[27.8997135162,-84.0584945679,-14.9845676422,3.7725019455,-1.59050023556,4.88996362686,-1.8235257864,16.3433036804,-1.95853590965,-9.05079078674,22.4923496246,112.693313599,38.3604507446],[-18.979511261,62.0524215698,-28.7928218842,27.4818191528,27.2412338257,-32.1734657288,-0.720159351826,5.22944736481,34.3104515076,-10.9797649384,-1.09196031094,38.3604507446,96.4084014893]],"icov":[[0.000299389474094,-0.000724681362044,0.000756736204494,-0.000844748923555,0.000652879127301,-0.00101907749195,0.000613748154137,-0.000661598518491,0.000784392352216,-0.000921892409679,0.000934923649766,-0.000716263893992,0.000419524585595],[-0.000724681362044,0.00273974682204,-0.00190218607895,0.00264943973161,-0.00186247483362,0.00290616089478,-0.00178363395389,0.0024476617109,-0.00286380224861,0.00351262651384,-0.00322948954999,0.00276575866155,-0.00159722438548],[0.000756736204494,-0.00190218607895,0.00274220202118,-0.00180105026811,0.00163329567295,-0.00333858793601,0.00188762554899,-0.00135182437953,0.00143876462243,-0.00247543631122,0.00292755314149,-0.00196669553407,0.00123917707242],[-0.000844748923555,0.00264943973161,-0.00180105026811,0.00480702426285,-0.00208903872408,0.00270382664166,-0.00203853822313,0.0014295661822,-0.00241417717189,0.00267885066569,-0.0039773164317,0.00323172309436,-0.00254659750499],[0.000652879127301,-0.00186247483362,0.00163329567295,-0.00208903872408,0.00447224173695,-0.00158348167315,-0.000145179335959,-0.000742709904443,0.000904971268028,-0.00224887370132,0.00267216167413,-0.00203819968738,0.000920730817597],[-0.00101907749195,0.00290616089478,-0.00333858793601,0.00270382664166,-0.00158348167315,0.00876238942146,-0.00348444818519,0.00199257023633,-0.0018267291598,0.0029061071109,-0.00554024428129,0.00270337541588,-0.000758797628805],[0.000613748154137,-0.00178363395389,0.00188762554899,-0.00203853822313,-0.000145179335959,-0.00348444818519,0.00686879409477,-0.00225479481742,0.000679122342262,-0.00139090232551,0.00105724786408,-0.00144986819942,0.00165427068714],[-0.000661598518491,0.0024476617109,-0.00135182437953,0.0014295661822,-0.000742709904443,0.00199257023633,-0.00225479481742,0.00909084733576,-0.00481946766376,0.00361438957043,-0.00113982229959,0.000875688332599,-0.00038655300159],[0.000784392352216,-0.00286380224861,0.00143876462243,-0.00241417717189,0.000904971268028,-0.0018267291598,0.000679122342262,-0.00481946766376,0.0120604718104,-0.00566055439413,0.0044895876199,-0.00184004346374,-0.00163711491041],[-0.000921892409679,0.00351262651384,-0.00247543631122,0.00267885066569,-0.00224887370132,0.0029061071109,-0.00139090232551,0.00361438957043,-0.00566055439413,0.01404872071,-0.00711983954534,0.00444137770683,-0.000779805763159],[0.000934923649766,-0.00322948954999,0.00292755314149,-0.0039773164317,0.00267216167413,-0.00554024428129,0.00105724786408,-0.00113982229959,0.0044895876199,-0.00711983954534,0.0150949489325,-0.00577568635345,0.00179699820001],[-0.000716263893992,0.00276575866155,-0.00196669553407,0.00323172309436,-0.00203819968738,0.00270337541588,-0.00144986819942,0.000875688332599,-0.00184004346374,0.00444137770683,-0.00577568635345,0.0141536016017,-0.00654639536515],[0.000419524585595,-0.00159722438548,0.00123917707242,-0.00254659750499,0.000920730817597,-0.000758797628805,0.00165427068714,-0.00038655300159,-0.00163711491041,-0.000779805763159,0.00179699820001,-0.00654639536515,0.0152180651203]],"mean":[-98.9989471436,132.38848877,-129.847473145,21.0436439514,-38.093952179,8.1844291687,-26.8270778656,6.55484485626,-16.5243167877,-7.98223161697,-13.1564016342,-6.77454566956,-9.42708206177]},"hfc":{"dmean":4.41681718826,"dmean2":6.65589046478,"dvar":118.628349304,"dvar2":306.402893066,"max":218.037216187,"mean":15.3798475266,"median":7.00089502335,"min":1.26576222889e-16,"var":421.770141602},"melbands":{"dmean":[0.000162460361025,0.000270745600574,0.000286875816528,0.000180597620783,0.0000920144593692,0.0000954863498919,0.0000595265373704,0.0000523314993188,0.0000808081895229,0.000079018100223,0.0000650277070235,0.0000423219462391,0.000043790347263,0.0000752453706809,0.0000324512548104,0.0000288751816697,0.0000496813299833,0.000023654767574,0.0000251932870015,0.0000652259623166,0.000024664306693,0.00000781216567702,0.000011515472579,0.00000914971587918,0.00000820181048766,0.00000438876440967,0.00000291106607619,0.00000189358036096,0.00000133346384246,0.00000146865181705,5.64085610222e-7,3.51234689333e-7,3.03449951389e-7,2.61951498715e-7,2.23038085778e-7,1.90474622741e-7,1.56717931077e-7,1.44339082908e-7,1.38514366199e-7,1.15954975399e-7],"dmean2":[0.000261419307208,0.000442011776613,0.000475123233628,0.000300354178762,0.000147567174281,0.000159451272339,0.0000962902340689,0.0000787066383054,0.000114980066428,0.000112768408144,0.0000959846438491,0.0000625951724942,0.0000635721007711,0.000115129972983,0.0000499710149597,0.0000446740414191,0.0000799884728622,0.000037036210415,0.0000386664250982,0.000104015067336,0.0000393939153582,0.0000124203224914,0.000018270313376,0.0000146437541844,0.0000136050857691,0.00000682094605509,0.00000446527110398,0.00000300056490232,0.00000205573633139,0.00000233838090935,8.96780363746e-7,5.55606561647e-7,4.71952546377e-7,4.01581644383e-7,3.38844102998e-7,2.82428004539e-7,2.26414158533e-7,2.06637594147e-7,1.97539520741e-7,1.63341169923e-7],"dvar":[2.45159725409e-7,7.70535280026e-7,0.00000109911161417,3.40447940061e-7,4.80567976524e-8,1.17291229174e-7,3.62432643897e-8,2.81434129334e-8,6.7224910083e-8,8.07207953812e-8,5.29949026884e-8,1.88909936583e-8,1.92133438048e-8,6.92241286515e-8,1.00236503542e-8,9.51714707043e-9,3.1983397264e-8,3.96814581194e-9,1.2319207876e-8,1.33864247687e-7,1.25127819217e-8,3.04291619679e-10,7.25613513719e-10,4.68329042214e-10,7.28455740173e-10,1.19057791403e-10,5.42561932881e-11,1.98357892611e-11,2.10529736006e-11,1.66359939713e-10,5.2555277838e-12,2.02617415034e-12,1.0757129779e-12,9.92212063379e-13,6.50586030361e-13,5.22568533584e-13,5.55270618981e-13,1.44546158896e-12,1.57281783084e-12,1.82838921954e-12],"dvar2":[5.25442032995e-7,0.00000209901031667,0.00000274198714578,9.05040622001e-7,1.31044018303e-7,3.22950398868e-7,9.1385160772e-8,6.15254904801e-8,1.46378170029e-7,1.56719579536e-7,1.08908331242e-7,4.06816376142e-8,3.40645449626e-8,1.70197409943e-7,2.43331026439e-8,2.32134649281e-8,8.50773247407e-8,9.64088275879e-9,2.75548366346e-8,3.67214482822e-7,3.13134655983e-8,7.53983764312e-10,1.80995429755e-9,1.17876708394e-9,2.01274885647e-9,2.86036166974e-10,1.23910617877e-10,4.99995392311e-11,4.67567269624e-11,4.00270150358e-10,1.2954582719e-11,5.32398083952e-12,2.70302725515e-12,2.31114324727e-12,1.35867239768e-12,1.12460713485e-12,1.07334096038e-12,2.97201911519e-12,3.53699773463e-12,3.80652800946e-12],"max":[0.0170625820756,0.0220166034997,0.0293391272426,0.0130002889782,0.00626148190349,0.00615494232625,0.00428599212319,0.00676206452772,0.00897700060159,0.0121422884986,0.00875074975193,0.00444354629144,0.00542144617066,0.00672832271084,0.00352017115802,0.00371651607566,0.00408096984029,0.00143460079562,0.00331341009587,0.00790303666145,0.00282590207644,0.000336644006893,0.000537645246368,0.000453675515018,0.000610594288446,0.00032203856972,0.000250378478086,0.0000971923000179,0.000248309341259,0.00100392755121,0.000145526282722,0.0000602085310675,0.0000392752772314,0.0000562627865293,0.0000347492496076,0.0000386441206501,0.0000470106424473,0.0000871588999871,0.0000669622531859,0.0000894507393241],"mean":[0.000538582331501,0.00095453474205,0.000522222893778,0.000289738614811,0.000182035859325,0.000144482371979,0.0000956141739152,0.000107271356683,0.000186692239367,0.000194004067453,0.000127926788991,0.0000887973510544,0.0000927411529119,0.000142902892549,0.0000610005117778,0.0000515775682288,0.0000837258485262,0.0000425731268479,0.0000403878366342,0.0000838281121105,0.0000364854640793,0.0000175456079887,0.0000228915396292,0.0000184815799003,0.0000163640033861,0.0000108454760266,0.00000705490174369,0.00000474350781587,0.00000319608784594,0.00000272077022601,0.00000125915073568,8.20547711555e-7,7.1347380981e-7,6.38333915504e-7,5.63180208246e-7,4.7980842055e-7,3.87467878227e-7,3.3887837958e-7,2.97415283512e-7,2.38922751805e-7],"median":[0.000351809518179,0.000535177299753,0.000201873976039,0.000100898563687,0.0000737349473638,0.0000462180178147,0.0000292488075502,0.0000291487194772,0.0000448744503956,0.000034558972402,0.0000365529122064,0.0000179058151843,0.0000186980960279,0.0000223556780838,0.0000113040459837,0.0000100152283267,0.0000108867316158,0.00000659922716295,0.00000744200360714,0.00000716923113941,0.00000585713451073,0.00000448075206805,0.00000434860976384,0.00000414657552028,0.00000290658681479,0.00000199756755137,8.06881814697e-7,5.13233658239e-7,3.29651612674e-7,1.92824899159e-7,1.10756246841e-7,9.0321236712e-8,7.24260473817e-8,4.74591601574e-8,2.97116535819e-8,2.31203021173e-8,1.80616517298e-8,1.27667831862e-8,8.20656786971e-9,4.0928447298e-9],"min":[6.06124668628e-24,1.55896048931e-23,6.57293657929e-24,3.96171941945e-24,2.05573396923e-23,1.79649739415e-23,6.34969209856e-24,1.96146615602e-24,3.99457192628e-24,5.69316261019e-24,1.25795183603e-23,1.20834281917e-23,1.18060796858e-23,6.83458517547e-24,1.00027476007e-23,1.54586792263e-23,1.57404161655e-23,1.28417081151e-23,1.02034093603e-23,9.10914016679e-24,6.80632660013e-24,1.48238670787e-23,1.35662492464e-23,8.70594625839e-24,4.58629806901e-24,1.1157146139e-23,7.02087073394e-24,8.77965899909e-24,1.04585853528e-23,9.80687738227e-24,1.27026784803e-23,8.36244861012e-24,8.47195275896e-24,9.0167905872e-24,1.09133486763e-23,9.29306308685e-24,1.05623276616e-23,1.24314972889e-23,6.47328411987e-24,1.14834489862e-23],"var":[5.15333056228e-7,0.00000193058804143,0.00000145840999721,4.34003169403e-7,9.60453405696e-8,1.19221013506e-7,5.45851932543e-8,9.10694097911e-8,2.89827994493e-7,5.31162754669e-7,1.24561253756e-7,6.19374631583e-8,8.38958484906e-8,1.9425328901e-7,2.54012171297e-8,1.89216908808e-8,6.02644689707e-8,1.08027125023e-8,2.02143173311e-8,1.79528313993e-7,1.79828738567e-8,1.0773046899e-9,2.03542693811e-9,1.24945176427e-9,1.80799042404e-9,4.42266334666e-10,2.25378229968e-10,8.44804087796e-11,7.96562885097e-11,3.72160691153e-10,1.63587390162e-11,7.38486875818e-12,3.79402152056e-12,3.56290431186e-12,2.53458105198e-12,1.88842192751e-12,2.00711929715e-12,4.02709506367e-12,4.89950224489e-12,5.36974674795e-12]},"melbands_crest":{"dmean":2.29541397095,"dmean2":3.65730214119,"dvar":6.30374908447,"dvar2":15.9546041489,"max":33.3331794739,"mean":14.285405159,"median":12.9392852783,"min":2.05168700218,"var":35.5585594177},"melbands_flatness_db":{"dmean":0.0179526824504,"dmean2":0.0260142609477,"dvar":0.000504531199113,"dvar2":0.000935148331337,"max":0.599725723267,"mean":0.250655442476,"median":0.231626808643,"min":0.00658722687513,"var":0.0108763109893},"melbands_kurtosis":{"dmean":3.02354025841,"dmean2":4.7312374115,"dvar":38.9246177673,"dvar2":94.9354782104,"max":219.225906372,"mean":7.07905578613,"median":2.96737480164,"min":-1.8764231205,"var":151.887268066},"melbands_skewness":{"dmean":0.45489859581,"dmean2":0.69107401371,"dvar":0.2685957551,"dvar2":0.629488825798,"max":9.82727909088,"mean":1.84834372997,"median":1.62687730789,"min":-3.6936788559,"var":1.97641932964},"melbands_spread":{"dmean":5.02495479584,"dmean2":7.68069505692,"dvar":47.1985397339,"dvar2":106.90096283,"max":194.247161865,"mean":26.2752017975,"median":21.6096343994,"min":0.579925835133,"var":412.075622559},"mfcc":{"cov":[[16548.7402344,-2009.57116699,-2541.74023438,896.847167969,-503.98348999,110.818855286,421.58996582,287.295623779,-524.545227051,247.033081055,30.6966915131,187.839569092,76.0330123901],[-2009.57116699,2347.67797852,273.126525879,-171.113204956,205.107589722,44.8669471741,-76.506362915,-10.5912876129,154.04057312,-78.8645858765,9.40236473083,-65.5584030151,-64.6209564209],[-2541.74023438,273.126525879,1404.53503418,-263.323272705,84.2304153442,71.9012527466,-71.126701355,-71.8365249634,33.2152748108,-25.3762340546,-40.3280029297,50.4589042664,-14.7294874191],[896.847167969,-171.113204956,-263.323272705,468.657836914,36.0213775635,23.6206855774,42.6900291443,39.3455085754,43.0335540771,52.3748893738,30.9146766663,-5.01074457169,38.0083084106],[-503.98348999,205.107589722,84.2304153442,36.0213775635,231.050292969,28.8862476349,-23.1741962433,-4.96996831894,53.6030044556,-1.55524599552,-2.87619233131,-13.0783319473,12.6428232193],[110.818855286,44.8669471741,71.9012527466,23.6206855774,28.8862476349,235.37940979,103.84651947,-7.33471345901,-30.3795719147,26.5453910828,29.2444972992,26.2213459015,18.670873642],[421.58996582,-76.506362915,-71.126701355,42.6900291443,-23.1741962433,103.84651947,212.619110107,55.5262374878,-56.5781860352,33.1567611694,42.2661552429,29.1503810883,9.8938703537],[287.295623779,-10.5912876129,-71.8365249634,39.3455085754,-4.96996831894,-7.33471345901,55.5262374878,190.234802246,50.695728302,3.39953517914,5.75623321533,3.98506736755,21.1710739136],[-524.545227051,154.04057312,33.2152748108,43.0335540771,53.6030044556,-30.3795719147,-56.5781860352,50.695728302,197.190658569,25.6074752808,-3.73647928238,-18.2271327972,9.36872577667],[247.033081055,-78.8645858765,-25.3762340546,52.3748893738,-1.55524599552,26.5453910828,33.1567611694,3.39953517914,25.6074752808,152.960250854,49.1524848938,7.68575954437,-4.28985261917],[30.6966915131,9.40236473083,-40.3280029297,30.9146766663,-2.87619233131,29.2444972992,42.2661552429,5.75623321533,-3.73647928238,49.1524848938,118.319511414,26.6069564819,-14.7665452957],[187.839569092,-65.5584030151,50.4589042664,-5.01074457169,-13.0783319473,26.2213459015,29.1503810883,3.98506736755,-18.2271327972,7.68575954437,26.6069564819,101.765457153,26.758228302],[76.0330123901,-64.6209564209,-14.7294874191,38.0083084106,12.6428232193,18.670873642,9.8938703537,21.1710739136,9.36872577667,-4.28985261917,-14.7665452957,26.758228302,119.911506653]],"icov":[[0.000123027595691,0.0000307750015054,0.000188869278645,-0.000147465558257,0.000113421236165,-0.000103849044535,0.0000846876428113,-0.000206674958463,0.000334089505486,-0.000216434738832,0.000258785759797,-0.000302828411805,0.000107830383058],[0.0000307750015054,0.000545853225049,0.0000193049436348,0.000177636553417,-0.000343545136275,-0.000213781051571,0.0000351544185833,-0.0000107691075755,-0.000353943760274,0.000326911424054,-0.000217670705752,0.000196296387003,0.000257965089986],[0.000188869278645,0.0000193049436348,0.00120050867554,0.000261300941929,-0.000111194436613,-0.000572071468923,0.000398886011681,-0.000128402010887,0.000263854308287,-0.000392874964746,0.000757495348807,-0.00110830273479,0.000351773516741],[-0.000147465558257,0.000177636553417,0.000261300941929,0.00294713233598,-0.000732646905817,-0.000109085485747,-0.000402737146942,0.00020594651869,-0.0010970714502,-0.000182567353477,-0.00071613676846,0.000652059621643,-0.00077623303514],[0.000113421236165,-0.000343545136275,-0.000111194436613,-0.000732646905817,0.00540439737961,-0.000868937931955,0.000520060129929,0.000102616177173,-0.000671444809996,-0.00000295472864309,0.000143434779602,0.000338147539878,-0.000539467320777],[-0.000103849044535,-0.000213781051571,-0.000572071468923,-0.000109085485747,-0.000868937931955,0.00633897911757,-0.00336233270355,0.00129169924185,-0.0000115178454507,-0.000245247443672,-0.0005788327544,-0.0000709396263119,-0.000994407339022],[0.0000846876428113,0.0000351544185833,0.000398886011681,-0.000402737146942,0.000520060129929,-0.00336233270355,0.00858542043716,-0.00324621237814,0.00289438501932,-0.00122226739768,-0.000997634720989,-0.000956535281148,0.000296087964671],[-0.000206674958463,-0.0000107691075755,-0.000128402010887,0.00020594651869,0.000102616177173,0.00129169924185,-0.00324621237814,0.00745906308293,-0.00330899702385,0.00117897195742,-0.00039655121509,0.000469747930765,-0.00106979440898],[0.000334089505486,-0.000353943760274,0.000263854308287,-0.0010970714502,-0.000671444809996,-0.0000115178454507,0.00289438501932,-0.00330899702385,0.00863017886877,-0.00255416566506,0.000786832999438,-0.0002205374185,-0.000223983224714],[-0.000216434738832,0.000326911424054,-0.000392874964746,-0.000182567353477,-0.00000295472864309,-0.000245247443672,-0.00122226739768,0.00117897195742,-0.00255416566506,0.00886749848723,-0.00357663049363,0.000938769779168,0.000121074153867],[0.000258785759797,-0.000217670705752,0.000757495348807,-0.00071613676846,0.000143434779602,-0.0005788327544,-0.000997634720989,-0.00039655121509,0.000786832999438,-0.00357663049363,0.0120728835464,-0.00394801842049,0.00244426913559],[-0.000302828411805,0.000196296387003,-0.00110830273479,0.000652059621643,0.000338147539878,-0.0000709396263119,-0.000956535281148,0.000469747930765,-0.0002205374185,0.000938769779168,-0.00394801842049,0.0132436491549,-0.00346432393417],[0.000107830383058,0.000257965089986,0.000351773516741,-0.00077623303514,-0.000539467320777,-0.000994407339022,0.000296087964671,-0.00106979440898,-0.000223983224714,0.000121074153867,0.00244426913559,-0.00346432393417,0.0101714385673]],"mean":[-729.40423584,157.691543579,-17.8290367126,19.6083316803,8.12480068207,4.09242200851,2.24764251709,9.76669311523,1.64906477928,4.73991775513,-0.9439021945,-0.604178190231,-3.31323719025]},"pitch_salience":{"dmean":0.0504364259541,"dmean2":0.0800955668092,"dvar":0.0025908111129,"dvar2":0.00661443406716,"max":0.882082462311,"mean":0.496594667435,"median":0.498154789209,"min":0.103392846882,"var":0.0121882138774},"silence_rate_20dB":{"dmean":0,"dmean2":0,"dvar":0,"dvar2":0,"max":1,"mean":1,"median":1,"min":1,"var":0},"silence_rate_30dB":{"dmean":0.000197608926101,"dmean2":0.000395256909542,"dvar":0.000197563291295,"dvar2":0.00059270276688,"max":1,"mean":0.999901175499,"median":1,"min":0,"var":0.0000987832900137},"silence_rate_60dB":{"dmean":0.0197608936578,"dmean2":0.0395256914198,"dvar":0.0193739626557,"dvar2":0.043887976557,"max":1,"mean":0.197984591126,"median":0,"min":0,"var":0.158774957061},"spectral_centroid":{"dmean":150.982421875,"dmean2":225.110153198,"dvar":39485.0234375,"dvar2":77197.0703125,"max":10650.0800781,"mean":1289.03967285,"median":1235.95397949,"min":143.273101807,"var":562096.8125},"spectral_complexity":{"dmean":2.19385433197,"dmean2":3.41324114799,"dvar":10.042301178,"dvar2":20.5505504608,"max":50,"mean":14.7763290405,"median":14,"min":0,"var":95.6809692383},"spectral_contrast_coeffs":{"dmean":[0.0381270423532,0.0374857150018,0.0345631353557,0.0300218015909,0.0225503928959,0.0157914031297],"dmean2":[0.0628777071834,0.0607795752585,0.0548544600606,0.0480885803699,0.0351144261658,0.0242139771581],"dvar":[0.00123095489107,0.00109675829299,0.000959747470915,0.000738590490073,0.000467897916678,0.000289237679681],"dvar2":[0.00324426987208,0.00284721865319,0.00231417734176,0.00176101352554,0.00102500559296,0.000592084252276],"max":[-0.326020121574,-0.41566413641,-0.437404066324,-0.343752563,-0.507968127728,-0.582966208458],"mean":[-0.658075273037,-0.715761780739,-0.717134654522,-0.728531479836,-0.740884065628,-0.76833987236],"median":[-0.665354430676,-0.718247950077,-0.7207493186,-0.731758952141,-0.735790133476,-0.764345765114],"min":[-0.952566325665,-0.970428347588,-0.969196856022,-0.966474592686,-0.957872569561,-0.958345651627],"var":[0.00690596411005,0.0054644276388,0.00656861625612,0.00642193108797,0.00627196487039,0.00440611923113]},"spectral_contrast_valleys":{"dmean":[0.326449632645,0.319062173367,0.307407855988,0.286253660917,0.260101258755,0.236069336534],"dmean2":[0.537351131439,0.519677758217,0.489904493093,0.443364202976,0.383149147034,0.33008274436],"dvar":[0.100615158677,0.0942807719111,0.0979329943657,0.100961022079,0.115374222398,0.114262469113],"dvar2":[0.237884402275,0.211459845304,0.204835116863,0.192244753242,0.193026125431,0.186626628041],"max":[-5.3439540863,-5.04146957397,-5.29864311218,-5.16955900192,-5.76490211487,-7.67798280716],"mean":[-7.94076108932,-7.67530965805,-8.13684558868,-8.73067760468,-9.01514530182,-11.9385719299],"median":[-7.55229902267,-7.45456695557,-7.87869310379,-8.45054626465,-8.66109848022,-11.9093389511],"min":[-27.5552902222,-26.7803783417,-27.23072052,-26.92162323,-27.3155765533,-27.2587089539],"var":[2.58821702003,2.227394104,2.50549244881,2.73782110214,3.02993583679,2.29000282288]},"spectral_decrease":{"dmean":1.01985342393e-9,"dmean2":1.58993473942e-9,"dvar":4.07509039849e-18,"dvar2":1.02125306613e-17,"max":1.18044232065e-16,"mean":-3.94814270166e-9,"median":-2.80165268762e-9,"min":-3.12743928532e-8,"var":1.479613365e-17},"spectral_energy":{"dmean":0.00418205698952,"dmean2":0.00650431076065,"dvar":0.000068078545155,"dvar2":0.000171092324308,"max":0.120339907706,"mean":0.0162962097675,"median":0.0113757280633,"min":1.1047926851e-20,"var":0.000256235682173},"spectral_energyband_high":{"dmean":0.000101315519714,"dmean2":0.000147580591147,"dvar":1.65835118082e-7,"dvar2":3.50905651203e-7,"max":0.0253064781427,"mean":0.000301727821352,"median":0.0000389722008549,"min":8.05654852698e-21,"var":7.87631051935e-7},"spectral_energyband_low":{"dmean":0.00128849083558,"dmean2":0.00208081468008,"dvar":0.0000146605298141,"dvar2":0.000036748326238,"max":0.0862307474017,"mean":0.00459759449586,"median":0.00314701534808,"min":6.6120118576e-23,"var":0.0000358357719961},"spectral_energyband_middle_high":{"dmean":0.00214784708805,"dmean2":0.00326653802767,"dvar":0.0000281260581687,"dvar2":0.0000721280448488,"max":0.101979441941,"mean":0.00621061166748,"median":0.00218224711716,"min":1.53430603642e-21,"var":0.0000939436431509},"spectral_energyband_middle_low":{"dmean":0.00224386202171,"dmean2":0.00353938969783,"dvar":0.0000329697140842,"dvar2":0.0000831980214571,"max":0.113180570304,"mean":0.0059228898026,"median":0.0032649692148,"min":2.62293272247e-22,"var":0.0000721717151464},"spectral_entropy":{"dmean":0.134432479739,"dmean2":0.200546488166,"dvar":0.0265707634389,"dvar2":0.0539559461176,"max":9.80533885956,"mean":6.96310424805,"median":7.06684160233,"min":4.83679819107,"var":0.403726398945},"spectral_flux":{"dmean":0.0144282970577,"dmean2":0.0229829009622,"dvar":0.000503686722368,"dvar2":0.00114869442768,"max":0.292884260416,"mean":0.0489844530821,"median":0.0366994701326,"min":1.05109115855e-10,"var":0.00186876370572},"spectral_kurtosis":{"dmean":4.33918046951,"dmean2":7.46383571625,"dvar":32.4362831116,"dvar2":93.2225265503,"max":93.9546585083,"mean":12.4304533005,"median":7.07649850845,"min":-1.41207540035,"var":169.322402954},"spectral_rms":{"dmean":0.000431872031186,"dmean2":0.000653330120258,"dvar":4.83136886942e-7,"dvar2":0.00000115066006856,"max":0.0108353486285,"mean":0.00347886444069,"median":0.00333140674047,"min":3.28305720283e-12,"var":0.00000379615426027},"spectral_rolloff":{"dmean":251.48387146,"dmean2":419.230285645,"dvar":265896.21875,"dvar2":629274.6875,"max":19509.0820312,"mean":1599.70910645,"median":1162.79296875,"min":86.1328125,"var":5048095.5},"spectral_skewness":{"dmean":0.366633236408,"dmean2":0.614893436432,"dvar":0.174590319395,"dvar2":0.466578871012,"max":7.9167804718,"mean":2.21215343475,"median":1.74256467819,"min":0.0239913817495,"var":1.56685876846},"spectral_spread":{"dmean":292315.875,"dmean2":445618.125,"dvar":264818458624,"dvar2":413179969536,"max":40643144,"mean":3001849.5,"median":2747296.5,"min":934228.375,"var":3000688705540},"spectral_strongpeak":{"dmean":0.621870517731,"dmean2":1.05369341373,"dvar":2.14113879204,"dvar2":5.70887517929,"max":24.8004989624,"mean":1.17146444321,"median":0.311693221331,"min":0,"var":4.25278043747},"zerocrossingrate":{"dmean":0.00522023346275,"dmean2":0.00622524833307,"dvar":0.000051226666983,"dvar2":0.0000573020806769,"max":0.66552734375,"mean":0.0522111207247,"median":0.04296875,"min":0.0029296875,"var":0.00389094930142}},"metadata":{"audio_properties":{"analysis_sample_rate":44100,"bit_rate":0,"codec":"flac","downmix":"mix","equal_loudness":0,"length":235,"lossless":true,"md5_encoded":"c5077fb8fe21e23adbc9e4925e3dc39f","replay_gain":-16.2249107361,"sample_rate":44100},"tags":{"album":["Sticky Fingers"],"albumartist":["The Rolling Stones"],"albumartistsort":["Rolling Stones, The"],"artist":["The Rolling Stones"],"artistsort":["Rolling Stones, The"],"barcode":["5099745019526"],"catalognumber":["450195 2"],"date":["1986"],"discnumber":["1"],"disctotal":["1"],"engineer":["Chris Kimsey","Jimmy Johnson","Glyn Johns","Andy Johns"],"file_name":"01-07 I Got the Blues.flac","genre":["Rock"],"isrc":["GBCJN7100008"],"label":["CBS"],"labelno":["2701562"],"media":["CD"],"musicbrainz_albumartistid":["b071f9fa-14b0-4217-8e97-eb41da73f598"],"musicbrainz_albumid":["19497421-341d-3b79-b3c1-3f09df947e76"],"musicbrainz_artistid":["b071f9fa-14b0-4217-8e97-eb41da73f598"],"musicbrainz_recordingid":["dd7fdd0c-f4ff-4183-aaca-faf5c2b9a22c"],"musicbrainz_releasegroupid":["4a4213d0-f224-3d51-bcca-476f61162681"],"originaldate":["1971-04-23"],"publisher":["Polydor"],"release date":["2009-05-04"],"releasecountry":["FR"],"releasestatus":["official"],"releasetype":["album"],"script":["Latn"],"title":["I Got the Blues"],"totaldiscs":["1"],"totaltracks":["10"],"tracknumber":["7"],"tracktotal":["10"]},"version":{"essentia":"2.1-beta1","essentia_build_sha":"ca57ba49d9b1854bd80e60cf9ccf267278fb7d6b","essentia_git_sha":"v2.1_beta1-28-g21ef5f4-dirty","extractor":"music 1.0"}},"rhythm":{"beats_count":473,"beats_loudness":{"dmean":0.01082823053,"dmean2":0.0179255884141,"dvar":0.000130103246192,"dvar2":0.000327559158904,"max":0.0846076980233,"mean":0.0205544307828,"median":0.0170204434544,"min":1.85299012245e-10,"var":0.