{"lowlevel":{"average_loudness":0.440795272589,"barkbands":{"dmean":[0.000285877526039,0.000669373723213,0.000335815711878,0.000426655897172,0.0019581830129,0.00278244516812,0.000763469201047,0.000776150845923,0.00053616653895,0.000317416765029,0.000192834049813,0.000220696922042,0.000198410023586,0.00019647910085,0.0000753024141886,0.0000360302256013,0.0000145085768963,0.0000307259469992,0.0000451413361588,0.0000551392731722,0.0000514396269864,0.0000210483976844,0.00000987587827694,0.00000188694752978,8.725928069e-7,0.0000040790064304,0.0000884569089976],"dmean2":[0.000440324394731,0.00121253821999,0.00054461939726,0.000702387071215,0.00299337785691,0.00384684372693,0.00121766550001,0.00117825833149,0.000844401540235,0.000504029623698,0.000307631387841,0.000364220846677,0.000331363844452,0.000328020745656,0.000129389096401,0.0000605270070082,0.000023564478397,0.0000461071504105,0.0000636076219962,0.0000761736082495,0.0000713449335308,0.0000259337539319,0.0000122703386296,0.00000300430929201,0.00000170938528754,0.00000569927397009,0.000139135096106],"dvar":[0.00000209669838114,0.00000928260487854,0.00000109117354441,0.00000193307141672,0.0000246708787017,0.0000707609724486,0.00000593539607507,0.0000121518132801,0.00000480963308291,0.00000181718939984,2.98507956131e-7,3.71438972024e-7,2.08200219731e-7,1.78660997108e-7,3.92174719366e-8,1.05219388757e-8,1.56448676236e-9,2.02436876151e-8,6.53435492382e-8,1.07316104447e-7,8.81665229713e-8,1.16500329383e-8,2.30531793655e-9,7.28151081097e-11,6.32577931009e-12,3.88716558941e-10,4.53716673121e-8],"dvar2":[0.0000047170851758,0.0000270884393103,0.00000260130286733,0.00000495483664054,0.0000541372901353,0.000139975949423,0.0000142559892993,0.000024440125344,0.0000112555107989,0.00000474800026495,7.41130463666e-7,0.00000100810552794,5.84420263294e-7,4.95588039939e-7,1.13492163223e-7,2.98527496057e-8,3.92593602072e-9,4.15508409901e-8,1.3651056463e-7,2.15592081076e-7,2.00791760108e-7,1.67141855911e-8,3.46127615458e-9,1.30174121482e-10,1.81541535277e-11,7.04472535862e-10,1.1632101149e-7],"max":[0.0250174663961,0.0429712869227,0.0235848966986,0.0478739887476,0.153896167874,0.143616363406,0.0874890163541,0.120164163411,0.061097536236,0.036259893328,0.0122945858166,0.012928138487,0.00780588993803,0.00648092944175,0.00341265765019,0.00247610523365,0.000926135398913,0.0054705706425,0.00650060642511,0.00989424344152,0.00941378623247,0.00335627398454,0.00154496671166,0.000440089468611,0.0000248832202487,0.00109130633064,0.00564743764699],"mean":[0.000292270560749,0.000586582696997,0.000473421037896,0.000638919475023,0.00296598789282,0.00505507318303,0.00110808759928,0.00123864866327,0.000862706452608,0.00049415131798,0.000323098880472,0.000426240847446,0.000369313464034,0.000386397878174,0.000150626146933,0.0000767566962168,0.0000286544909613,0.0000574053156015,0.0000765776785556,0.0000891339368536,0.0000849454227136,0.0000384941340599,0.0000186015804502,0.00000293974176202,5.36465222467e-7,0.0000073217706813,0.000228057615459],"median":[0.00000152791767505,5.89961814512e-7,0.00000101679825093,0.00000235989932662,0.000101553370769,0.000127875595354,0.0000858956627781,0.0000427156301157,0.0000855119287735,0.000069150046329,0.0000457121859654,0.0000773594947532,0.0000482551367895,0.0000346883171005,0.00000870048188517,0.00000442826785729,0.00000222739299716,0.00000123305267152,5.31200726073e-7,9.49942432271e-7,0.00000176501589522,7.68032634824e-7,3.67992186057e-7,1.48196463101e-7,2.43432545233e-8,2.21934726596e-7,0.0000095665363915],"min":[8.23183059916e-25,6.73542378197e-24,2.55201492384e-24,4.14068592643e-24,2.33262698686e-23,6.498711079e-24,1.2713296548e-23,1.33046834806e-23,1.42710664885e-23,3.36363442674e-23,2.27851649301e-23,3.71984898611e-23,3.79440864788e-23,3.93110877643e-23,5.74042784241e-23,3.74271774821e-23,9.15425811964e-23,7.91029641622e-23,1.62708228879e-22,1.73701466288e-22,3.15199989593e-22,3.52166036856e-22,4.17128669292e-22,5.84158492779e-22,9.51547197456e-22,1.4491758026e-21,2.01148534741e-21],"var":[0.00000262220601144,0.00000645509771857,0.00000239243308897,0.00000437786002294,0.0000618610574747,0.000219202731387,0.0000130691632876,0.0000363371873391,0.0000118745319924,0.00000391522780774,6.48067782549e-7,9.79656874733e-7,5.05747550505e-7,4.69624467314e-7,8.53123012234e-8,3.13263726071e-8,4.02337052563e-9,4.77431889578e-8,1.51060859821e-7,2.40452266098e-7,2.13262623561e-7,3.94717361019e-8,9.1788097123e-9,3.02092101334e-10,3.79199492986e-12,1.661695892e-9,1.72330729242e-7]},"barkbands_crest":{"dmean":2.79099297523,"dmean2":4.46186161041,"dvar":7.69364786148,"dvar2":17.7363853455,"max":26.8473148346,"mean":11.5392990112,"median":9.79415893555,"min":2.75012922287,"var":34.4388885498},"barkbands_flatness_db":{"dmean":0.0401101596653,"dmean2":0.067087136209,"dvar":0.00184283743147,"dvar2":0.00442366860807,"max":0.536673605442,"mean":0.209856584668,"median":0.206053689122,"min":0.0184699948877,"var":0.00716468691826},"barkbands_kurtosis":{"dmean":9.70712375641,"dmean2":15.0329179764,"dvar":814.484985352,"dvar2":1828.7244873,"max":852.566101074,"mean":16.7948875427,"median":8.55998039246,"min":-1.83678889275,"var":1408.76000977},"barkbands_skewness":{"dmean":0.829723954201,"dmean2":1.23566997051,"dvar":1.37400746346,"dvar2":2.84288549423,"max":25.3581752777,"mean":2.43143820763,"median":2.0839471817,"min":-2.91303658485,"var":4.55338096619},"barkbands_spread":{"dmean":4.53630924225,"dmean2":7.05601882935,"dvar":42.3890609741,"dvar2":98.3822402954,"max":120.812561035,"mean":14.715051651,"median":11.3717899323,"min":0.141240283847,"var":156.073410034},"dissonance":{"dmean":0.0337092988193,"dmean2":0.0567636117339,"dvar":0.00117360893637,"dvar2":0.00311419647187,"max":0.499999910593,"mean":0.434247970581,"median":0.454074561596,"min":0.109968282282,"var":0.00370927061886},"dynamic_complexity":8.01375961304,"erbbands":{"dmean":[0.0283424928784,0.117238871753,0.33603104949,0.974759578705,2.44025492668,7.30822038651,20.8910007477,20.2491989136,11.6666975021,11.2958850861,15.9990291595,13.0027599335,8.6414899826,8.81613826752,8.11046600342,8.26047420502,8.09303855896,9.2872505188,6.45629405975,2.51983523369,1.42360842228,0.764177680016,1.42830371857,2.28503775597,2.02892303467,2.59823107719,2.52222633362,1.62548446655,0.845634520054,0.457366943359,0.287305474281,0.072736531496,0.0209745913744,0.0101086888462,0.00613516755402,0.00438631232828,0.00763775315136,0.00904072634876,0.00483375461772,0.00156502181198],"dmean2":[0.051573138684,0.208440005779,0.543191611767,1.54151201248,3.87141513824,11.0822095871,30.3699150085,28.2878341675,18.5015392303,17.1018981934,25.1661128998,20.2294254303,13.5329933167,13.8170461655,13.0868902206,13.7229347229,13.4737997055,15.6728534698,10.9050731659,4.22742652893,2.42823672295,1.23119151592,2.13289356232,3.23892474174,2.7233569622,3.63700127602,3.67877912521,2.21850419044,1.09586822987,0.564459562302,0.374247759581,0.102310471237,0.0361307859421,0.019424431026,0.0121347354725,0.00798894651234,0.0105798123404,0.0106078926474,0.006335566286,0.00250092730857],"dvar":[0.0276032667607,0.182792276144,1.10865485668,10.9476928711,39.9779090881,499.858062744,3576.26660156,3875.10229492,1329.73583984,1901.05273438,4544.75195312,3138.2578125,1153.96789551,1169.4786377,453.87322998,527.06652832,368.448699951,381.962677002,239.480422974,43.990901947,11.726984024,4.92665433884,34.7325363159,182.965789795,119.985542297,213.619094849,225.79145813,85.6357345581,19.6065196991,5.99300765991,2.12117195129,0.137322992086,0.00547453435138,0.000838663137984,0.000316796504194,0.000154913825099,0.00152400950901,0.00177736056503,0.000565779570024,0.00000952741811489],"dvar2":[0.0794881656766,0.527655303478,2.7033700943,25.1997928619,101.535118103,1026.12512207,7737.13720703,7956.41699219,3017.87695312,3872.51147461,10213.0771484,7359.78369141,2576.21826172,2829.75976562,1159.79711914,1411.91418457,1047.52832031,1075.27490234,676.135192871,122.568138123,34.1871070862,11.8105249405,68.0367202759,368.280548096,215.35925293,426.35647583,513.749023438,175.549209595,31.6069011688,9.01285362244,3.82729673386,0.232179746032,0.012179074809,0.00234851939604,0.000913389376365,0.000372789829271,0.00281719025224,0.00217276276089,0.00102390849497,0.0000247525877057],"max":[2.33926439285,5.4182806015,17.2624359131,106.928199768,139.978439331,886.213867188,1113.45666504,989.383483887,1497.25109863,1481.234375,1935.85681152,1966.14453125,915.072021484,1189.51135254,443.03894043,519.612854004,422.027954102,264.829711914,324.897644043,175.989196777,72.983039856,68.8057098389,175.534317017,421.288604736,309.589660645,398.306274414,381.412445068,331.97644043,131.628555298,90.6465148926,53.0200996399,17.4236774445,3.81147193909,0.424333184958,0.173809766769,0.525490283966,2.11544084549,1.24611902237,0.659439563751,0.0823523402214],"mean":[0.0219160057604,0.115939036012,0.466578066349,1.65174639225,3.97356414795,10.7548866272,34.5986709595,36.4742050171,18.2934494019,18.0754375458,26.4652957916,21.2353954315,14.2991676331,14.9040899277,15.3836488724,16.9891452789,16.6412086487,19.5022773743,13.5057401657,6.04720449448,3.30018401146,1.71109807491,2.79322648048,3.80666136742,3.77159762383,4.23425769806,4.07632732391,2.74569010735,1.52015960217,0.832333803177,0.508754789829,0.129857614636,0.0265957787633,0.00747676705942,0.00353945093229,0.00438663316891,0.0141416192055,0.0188490264118,0.0109686898068,0.0070893606171],"median":[0.0000436111513409,0.000187729034224,0.0015368622262,0.00902198068798,0.0744064599276,0.745124340057,0.953852295876,1.45867192745,2.3535797596,1.46922361851,1.43042385578,2.2188231945,1.71320807934,2.94357395172,2.41078042984,3.06923007965,2.5657453537,1.91631007195,0.907962322235,0.33667126298,0.235593855381,0.13770121336,0.0871628299356,0.0425357632339,0.0252377390862,0.0445450618863,0.0655359774828,0.0663577616215,0.032952927053,0.0155431367457,0.01005440671,0.00509712798521,0.00154651515186,0.000456082605524,0.000144837395055,0.000286291236989,0.000506192096509,0.000471451028716,0.000302704109345,0.00117935263552],"min":[1.22762622423e-22,6.56887580734e-22,4.87401070207e-21,7.67694290386e-21,2.2088908293e-20,5.36077692731e-20,9.09253796048e-20,7.75751756567e-20,1.68159084765e-19,2.48279372382e-19,3.74480741626e-19,4.30737863772e-19,8.00852384234e-19,1.25912988233e-18,1.12764259633e-18,1.19757461666e-18,2.27513070312e-18,2.36017893216e-18,2.77983516066e-18,2.85844358184e-18,3.45081781058e-18,5.7462702734e-18,6.22561688888e-18,7.59521374349e-18,7.02511176633e-18,8.48113162416e-18,1.146513109e-17,1.2747675457e-17,1.20355564948e-17,1.37984487794e-17,1.23985961395e-17,1.26909804978e-17,1.10932066984e-17,9.42364189362e-18,6.77855693628e-18,4.138239848e-18,2.71401764009e-18,1.00071628083e-18,2.60793787869e-19,2.85167931238e-20],"var":[0.0184745788574,0.155309021473,2.01648211479,31.9602813721,85.8501434326,1212.25109863,9421.45703125,11393.7763672,3004.78100586,5144.23486328,12032.2695312,7376.10253906,2764.69726562,2514.15209961,1087.05456543,1462.00061035,977.545776367,1100.02819824,609.256286621,142.423019409,40.1708717346,14.2019948959,90.830039978,375.205474854,354.468780518,509.878540039,483.426269531,227.817687988,60.6941108704,19.8375282288,7.12527084351,0.556749999523,0.0168509557843,0.000686248939019,0.000176337489393,0.000358741381206,0.00686893193051,0.00817143917084,0.00190650706645,0.0000909364316612]},"erbbands_crest":{"dmean":2.970692873,"dmean2":4.80432987213,"dvar":8.38372039795,"dvar2":19.9858093262,"max":33.6962623596,"mean":12.1102552414,"median":10.6581382751,"min":2.31004738808,"var":29.5634174347},"erbbands_flatness_db":{"dmean":0.0363242775202,"dmean2":0.0623241849244,"dvar":0.00143481325358,"dvar2":0.00355801451951,"max":0.480350136757,"mean":0.257877081633,"median":0.25906419754,"min":0.0373174399137,"var":0.00517057115212},"erbbands_kurtosis":{"dmean":2.6617975235,"dmean2":4.12823963165,"dvar":35.3158378601,"dvar2":71.4471206665,"max":203.451843262,"mean":3.4702641964,"median":1.20198774338,"min":-1.7568680048,"var":83.7995376587},"erbbands_skewness":{"dmean":0.517059624195,"dmean2":0.786395311356,"dvar":0.34555131197,"dvar2":0.721746206284,"max":7.23853683472,"mean":0.410586833954,"median":0.218198880553,"min":-3.82972931862,"var":1.5958096981},"erbbands_spread":{"dmean":4.17523288727,"dmean2":6.51835203171,"dvar":43.6282844543,"dvar2":97.0669631958,"max":98.4382781982,"mean":14.9909420013,"median":11.185303688,"min":0.625928521156,"var":146.892791748},"gfcc":{"cov":[[25451.7324219,753.526306152,-1282.40270996,4100.8671875,509.136505127,-1411.51281738,862.498779297,-1520.49755859,263.924530029,196.837966919,-948.548156738,12.5586442947,-577.243896484],[753.526306152,1839.95397949,90.5594100952,-692.270141602,258.09967041,-146.451416016,-225.90486145,-153.606903076,112.606056213,-123.240882874,64.3377151489,-212.324645996,89.9849472046],[-1282.40270996,90.5594100952,534.47479248,153.75630188,-37.574180603,147.822174072,-79.5008392334,114.3463974,-77.7493286133,20.8905792236,-36.6709289551,-25.417350769,2.17794728279],[4100.8671875,-692.270141602,153.75630188,1969.71142578,115.041534424,-181.240478516,378.61038208,-322.270080566,-34.7158584595,154.941833496,-400.897613525,94.3420410156,-206.782501221],[509.136505127,258.09967041,-37.574180603,115.041534424,567.845397949,128.283340454,189.791534424,21.3067874908,73.4958572388,-46.9170684814,79.5651168823,-110.472755432,-76.9101638794],[-1411.51281738,-146.451416016,147.822174072,-181.240478516,128.283340454,338.097167969,27.0476932526,188.190200806,-38.3419265747,6.20851802826,75.2549819946,-16.0745620728,15.774892807],[862.498779297,-225.90486145,-79.5008392334,378.61038208,189.791534424,27.0476932526,330.250488281,25.9754371643,76.6432342529,0.46806538105,-55.4855613708,-27.8141803741,-82.8569717407],[-1520.49755859,-153.606903076,114.3463974,-322.270080566,21.3067874908,188.190200806,25.9754371643,380.325286865,56.7134971619,0.739080071449,85.3780670166,-39.7938232422,15.3704404831],[263.924530029,112.606056213,-77.7493286133,-34.7158584595,73.4958572388,-38.3419265747,76.6432342529,56.7134971619,161.484039307,31.7926521301,-1.64454245567,-26.7851696014,-16.2080821991],[196.837966919,-123.240882874,20.8905792236,154.941833496,-46.9170684814,6.20851802826,0.46806538105,0.739080071449,31.7926521301,113.935409546,-1.37878417969,32.0170440674,4.13806867599],[-948.548156738,64.3377151489,-36.6709289551,-400.897613525,79.5651168823,75.2549819946,-55.4855613708,85.3780670166,-1.64454245567,-1.37878417969,209.790969849,25.0543022156,35.5657920837],[12.5586442947,-212.324645996,-25.417350769,94.3420410156,-110.472755432,-16.0745620728,-27.8141803741,-39.7938232422,-26.7851696014,32.0170440674,25.0543022156,146.922592163,54.275932312],[-577.243896484,89.9849472046,2.17794728279,-206.782501221,-76.9101638794,15.774892807,-82.8569717407,15.3704404831,-16.2080821991,4.13806867599,35.5657920837,54.275932312,120.00125885]],"icov":[[0.000159599454491,-0.000420462805778,0.000766381039284,-0.000661203463096,0.000331738759996,-0.00013614333875,0.0000815847379272,-0.000241501184064,0.000140114323585,0.00010388494411,-0.000296048761811,0.0000532245103386,0.000326527951984],[-0.000420462805778,0.00305866659619,-0.00351632689126,0.00259622372687,-0.00228456174955,0.00162980984896,0.000510042940732,0.00248312810436,-0.00232543377206,0.000370374764316,0.00117767893244,0.00177720026113,-0.00290264911018],[0.000766381039284,-0.00351632689126,0.00885103177279,-0.00718691339716,0.00525849731639,-0.00492819910869,0.00293717859313,-0.00333132781088,-0.0000719347881386,0.00423712143674,-0.0062166787684,0.00417237682268,0.000050713566452],[-0.000661203463096,0.00259622372687,-0.00718691339716,0.0124899931252,-0.0103656398132,0.00841211155057,-0.00568396085873,0.000711763917934,0.00921843387187,-0.0150741087273,0.018339170143,-0.0141387572512,0.00748481275514],[0.000331738759996,-0.00228456174955,0.00525849731639,-0.0103656398132,0.0134658990428,-0.00984357856214,0.00255373190157,0.0014657326974,-0.0101607535034,0.0148991197348,-0.0188823547214,0.0145005192608,-0.00599666219205],[-0.00013614333875,0.00162980984896,-0.00492819910869,0.00841211155057,-0.00984357856214,0.013145191595,-0.004469092004,-0.00284236157313,0.0106903230771,-0.0132632609457,0.0135723054409,-0.0106590986252,0.00464910781011],[0.0000815847379272,0.000510042940732,0.00293717859313,-0.00568396085873,0.00255373190157,-0.004469092004,0.00970135163516,-0.0000667551430524,-0.0081347040832,0.0091556655243,-0.00718503491953,0.0071502327919,-0.00342549220659],[-0.000241501184064,0.00248312810436,-0.00333132781088,0.000711763917934,0.0014657326974,-0.00284236157313,-0.0000667551430524,0.00833643320948,-0.00733922235668,0.00403312686831,-0.00404151342809,0.00555586908013,-0.00398300820962],[0.000140114323585,-0.00232543377206,-0.0000719347881386,0.00921843387187,-0.0101607535034,0.0106903230771,-0.0081347040832,-0.00733922235668,0.0260792318732,-0.0225290227681,0.0199108682573,-0.0174706317484,0.0120098572224],[0.00010388494411,0.000370374764316,0.00423712143674,-0.0150741087273,0.0148991197348,-0.0132632609457,0.0091556655243,0.00403312686831,-0.0225290227681,0.0358873531222,-0.0278863515705,0.0217282939702,-0.014575606212],[-0.000296048761811,0.00117767893244,-0.0062166787684,0.018339170143,-0.0188823547214,0.0135723054409,-0.00718503491953,-0.00404151342809,0.0199108682573,-0.0278863515705,0.0397928580642,-0.0293608978391,0.0162146147341],[0.0000532245103386,0.00177720026113,0.00417237682268,-0.0141387572512,0.0145005192608,-0.0106590986252,0.0071502327919,0.00555586908013,-0.0174706317484,0.0217282939702,-0.0293608978391,0.0368596576154,-0.0216741543263],[0.000326527951984,-0.00290264911018,0.000050713566452,0.00748481275514,-0.00599666219205,0.00464910781011,-0.00342549220659,-0.00398300820962,0.0120098572224,-0.014575606212,0.0162146147341,-0.0216741543263,0.0257899053395]],"mean":[-169.771530151,107.127090454,-111.603942871,-60.5719261169,-37.0631904602,-25.6852474213,-16.293756485,-35.2762374878,-6.2621254921,-13.2914018631,4.33132982254,-5.67514228821,-4.74003696442]},"hfc":{"dmean":10.929567337,"dmean2":16.6850910187,"dvar":372.785522461,"dvar2":911.016052246,"max":330.103607178,"mean":50.2610435486,"median":10.7296228409,"min":1.11260848116e-16,"var":3944.37939453},"melbands":{"dmean":[0.000223254828597,0.000162991549587,0.000184540069313,0.000324764114339,0.000654436240438,0.000467003002996,0.00017035320343,0.000140254574944,0.000126917191665,0.0000767697420088,0.0000447107959189,0.0000388683220081,0.0000274271096714,0.0000273017831205,0.0000198003781406,0.0000179717590072,0.0000193683099496,0.00001285374492,0.00000442208147433,0.00000324977008859,0.00000154252916218,8.8000820142e-7,9.21597290926e-7,0.00000168411963841,0.00000201930924959,0.00000168156384461,0.00000157807050982,0.00000187760974768,0.0000017987283627,0.00000140839347296,8.03671071026e-7,5.2103246162e-7,3.64310182022e-7,2.30137288781e-7,1.95178188278e-7,8.93258302881e-8,3.04690601638e-8,1.56459041278e-8,1.04860307104e-8,7.93144216971e-9],"dmean2":[0.000397093506763,0.000268929579761,0.000295522389933,0.00049826852046,0.000945268082432,0.000649508903734,0.000272506324109,0.000209614780033,0.000199437054107,0.000118798103358,0.0000703175683157,0.0000612628791714,0.000043948610255,0.000045231263357,0.0000330148322973,0.0000301721083815,0.0000327338311763,0.00002165940532,0.00000748796901462,0.00000542702400708,0.00000260602405433,0.00000142070530273,0.00000149086781676,0.0000025742242542,0.00000294763458442,0.00000239457267526,0.00000219019375436,0.00000270500640909,0.00000266322535936,0.00000200346971724,0.00000110393125397,7.14032069027e-7,4.85036537157e-7,2.96384683907e-7,2.63559599034e-7,1.26844057036e-7,4.63565754671e-8,2.73023452735e-8,1.95063449837e-8,1.54891051096e-8],"dvar":[0.00000134350295866,2.39251619405e-7,2.74548739299e-7,9.19288311252e-7,0.00000295248401017,0.00000198247471417,2.90097489142e-7,3.21612446896e-7,2.39585403961e-7,1.07156665763e-7,3.2206433076e-8,2.54089727036e-8,6.28833740635e-9,6.94343604835e-9,2.44413000949e-9,1.51550105798e-9,1.68983815829e-9,9.578519089e-10,1.12965081733e-10,1.01828760701e-10,1.14259487288e-11,5.8603503994e-12,9.36557949249e-12,6.04808078619e-11,1.55213175645e-10,8.73772235122e-11,7.56471621455e-11,1.19190754488e-10,1.2451334408e-10,8.22229229147e-11,1.9328554382e-11,8.07424353072e-12,3.83884113733e-12,1.62082359253e-12,1.10536926834e-12,2.20266310074e-13,2.23394758502e-14,3.70782362265e-15,8.81624078754e-16,5.32381171415e-16],"dvar2":[0.00000383555925509,5.95841754603e-7,6.74162151881e-7,0.00000197295730686,0.00000641002816337,0.00000396303948946,6.8439618417e-7,6.18996409685e-7,5.45458135548e-7,2.44799252869e-7,7.4124109517e-8,6.32602805695e-8,1.63222981797e-8,1.870902544e-8,6.98490065787e-9,4.16711820606e-9,4.73167283133e-9,2.67609334692e-9,3.24259674667e-10,2.83893047959e-10,3.2700498559e-11,1.46320126154e-11,2.04336356863e-11,1.2754730605e-10,3.29376637076e-10,1.82009740612e-10,1.56133675433e-10,2.4453630787e-10,2.87052853709e-10,1.93406402005e-10,3.73641360907e-11,1.47633086311e-11,6.45290765267e-12,2.74068116292e-12,2.09757168232e-12,4.44452336263e-13,3.4990853124e-14,9.05538275251e-15,2.33117210194e-15,1.52567309762e-15],"max":[0.0165072791278,0.00765044894069,0.0165215488523,0.0296640414745,0.0286661330611,0.0228984765708,0.0210167784244,0.0176138281822,0.0127017144114,0.0117528624833,0.00459721311927,0.00547445379198,0.00196869042702,0.00192430894822,0.000857344188262,0.000682747282553,0.000606698391493,0.000684641301632,0.000223558497964,0.000230793477385,0.0000571458185732,0.0000681965684635,0.0000888717549969,0.000246547395363,0.000381177320378,0.00022158214415,0.000234415623709,0.000317763158819,0.000322270236211,0.000359916855814,0.000118714815471,0.0000787203316577,0.0000549299656996,0.0000476265013276,0.0000396537361667,0.0000155239504238,0.00000838687446958,0.00000310631162392,7.29162309199e-7,2.29954409292e-7],"mean":[0.000193685118575,0.000216050990275,0.000319067417877,0.000499071960803,0.00108447216917,0.000851193442941,0.000258851388935,0.00022369902581,0.000208884390304,0.000121819532069,0.0000704761841916,0.0000623675587121,0.0000487201941723,0.0000511523976456,0.0000388644584746,0.0000346382330463,0.0000372221984435,0.0000247886164289,0.00000941062171478,0.00000676674017086,0.00000314559292747,0.00000171541546479,0.00000176659000317,0.00000302981811728,0.00000309294546241,0.00000283790154754,0.00000254150631918,0.00000291396577268,0.00000269390170615,0.00000220792298933,0.00000132238369588,8.98221344414e-7,6.13950760453e-7,4.03955937145e-7,3.37708371489e-7,1.47597987166e-7,5.1089141806e-8,1.88319955186e-8,9.12415831777e-9,4.98100760637e-9],"median":[3.42195392022e-7,3.66007100183e-7,0.00000132253694574,0.00000288995693154,0.0000339509351761,0.0000266076931439,0.0000230662790273,0.0000128895662783,0.0000117380786833,0.0000126993718368,0.00000746072055335,0.0000111424869829,0.00000720144453226,0.00000700972032064,0.00000942506358115,0.00000329746217176,0.00000352934421244,0.00000138407062877,5.58173326226e-7,2.88349156108e-7,2.36735388626e-7,1.33472468633e-7,9.50063920868e-8,6.0901300003e-8,2.61795811696e-8,1.69265597094e-8,1.781853598e-8,3.12062908847e-8,3.95439982981e-8,3.88446288468e-8,3.37457883859e-8,1.78126207118e-8,9.94030813217e-9,6.30954399838e-9,5.54731238722e-9,4.91171991968e-9,2.19382911837e-9,1.05529796013e-9,5.81299897107e-10,2.47582621071e-10],"min":[2.25542018399e-24,1.82683895671e-24,2.60861865202e-24,3.11226965797e-24,4.00893156133e-24,1.70839346395e-24,2.66458024742e-24,2.66442957499e-24,3.51740376977e-24,1.80134060568e-24,3.44437181603e-24,4.86836041326e-24,2.92471817497e-24,4.55714531982e-24,2.40350337818e-24,4.65718865982e-24,3.94280884583e-24,2.22678374427e-24,4.48690908913e-24,3.03649167942e-24,3.4817969551e-24,5.68689550473e-24,5.40605983918e-24,3.82297259129e-24,5.529220748e-24,5.58545351434e-24,4.07313616155e-24,5.54849025333e-24,5.42137241821e-24,5.07659010996e-24,6.92295100749e-24,6.49460663571e-24,7.29412662948e-24,7.36322137845e-24,6.60633655559e-24,6.98508563669e-24,7.05391138409e-24,6.94968708129e-24,7.71396155868e-24,7.46898553773e-24],"var":[9.83535073829e-7,4.0276606228e-7,7.53553763388e-7,0.00000216666285269,0.00000800593261374,0.00000604956585448,6.47675278742e-7,9.60587840382e-7,6.22021161689e-7,2.55068869137e-7,7.51482787109e-8,5.25692520625e-8,1.31195747599e-8,1.72368803675e-8,6.05039573998e-9,3.93482757488e-9,4.30887148184e-9,2.26284746496e-9,3.02716407496e-10,2.80802575636e-10,3.28562663188e-11,1.50666597254e-11,2.45637121754e-11,1.37233405195e-10,2.81284884274e-10,2.10502351661e-10,1.77871967155e-10,2.5645655044e-10,2.29060007073e-10,1.72952666078e-10,5.19096224338e-11,2.15863698444e-11,1.09816912508e-11,4.89752856325e-12,3.30927971658e-12,6.51976844908e-13,1.04193570276e-13,9.40127797388e-15,1.14669351048e-15,3.25694967889e-16]},"melbands_crest":{"dmean":3.41221857071,"dmean2":5.51313924789,"dvar":11.7750291824,"dvar2":27.3819675446,"max":37.097026825,"mean":13.8712348938,"median":12.0434608459,"min":1.60517060757,"var":45.8552436829},"melbands_flatness_db":{"dmean":0.043621852994,"dmean2":0.0716804265976,"dvar":0.00207812874578,"dvar2":0.00465743383393,"max":0.624473929405,"mean":0.299942374229,"median":0.306168049574,"min":0.0034261578694,"var":0.00942840240896},"melbands_kurtosis":{"dmean":5.93447113037,"dmean2":9.24091815948,"dvar":193.210784912,"dvar2":439.224365234,"max":184.966079712,"mean":8.61155033112,"median":1.57063245773,"min":-1.87375223637,"var":446.986083984},"melbands_skewness":{"dmean":0.696612894535,"dmean2":1.06176888943,"dvar":0.838060438633,"dvar2":1.74646174908,"max":12.337553978,"mean":1.41507720947,"median":0.950668811798,"min":-4.8202290535,"var":3.8781337738},"melbands_spread":{"dmean":4.79758167267,"dmean2":7.4238781929,"dvar":92.943145752,"dvar2":197.019104004,"max":160.917861938,"mean":15.5494031906,"median":11.4447307587,"min":0.302359849215,"var":309.878356934},"mfcc":{"cov":[[15769.3251953,1178.84191895,-1513.43908691,3803.8918457,526.002197266,1097.68737793,-361.364105225,159.030517578,-59.2824554443,455.588195801,-378.434326172,42.3201332092,-182.595108032],[1178.84191895,2051.4831543,-98.3431930542,-287.894226074,215.460281372,-29.8486862183,-136.062530518,-214.734222412,5.78260231018,17.9709281921,-0.642975509167,-77.3747329712,-85.2254867554],[-1513.43908691,-98.3431930542,601.03515625,-246.703308105,-34.638999939,-158.331939697,17.9071216583,-32.4489898682,10.3091821671,-56.0217857361,-1.45199596882,-36.7486228943,11.2216615677],[3803.8918457,-287.894226074,-246.703308105,1520.4909668,203.205200195,380.240509033,-22.0455112457,119.698471069,23.0569515228,136.38053894,-158.693588257,25.1716766357,-0.445669919252],[526.002197266,215.460281372,-34.638999939,203.205200195,287.935668945,149.209121704,91.7954711914,41.0742263794,22.7725009918,54.3849143982,10.1032400131,-1.92206096649,29.5008964539],[1097.68737793,-29.8486862183,-158.331939697,380.240509033,149.209121704,284.498443604,98.1646499634,64.9926528931,-12.6247005463,47.123664856,-38.5848350525,15.6322717667,25.295671463],[-361.364105225,-136.062530518,17.9071216583,-22.0455112457,91.7954711914,98.1646499634,251.755737305,130.250473022,10.2594404221,58.5709152222,46.9079933167,-1.67650794983,59.3096199036],[159.030517578,-214.734222412,-32.4489898682,119.698471069,41.0742263794,64.9926528931,130.250473022,208.894210815,73.7250061035,81.9240264893,53.5327148438,12.1642560959,23.2338523865],[-59.2824554443,5.78260231018,10.3091821671,23.0569515228,22.7725009918,-12.6247005463,10.2594404221,73.7250061035,154.313674927,77.5921630859,28.8671550751,14.3131361008,-1.79231274128],[455.588195801,17.9709281921,-56.0217857361,136.38053894,54.3849143982,47.123664856,58.5709152222,81.9240264893,77.5921630859,173.747619629,68.9778366089,12.2012033463,14.5056171417],[-378.434326172,-0.642975509167,-1.45199596882,-158.693588257,10.1032400131,-38.5848350525,46.9079933167,53.5327148438,28.8671550751,68.9778366089,154.667877197,37.419303894,16.0580730438],[42.3201332092,-77.3747329712,-36.7486228943,25.1716766357,-1.92206096649,15.6322717667,-1.67650794983,12.1642560959,14.3131361008,12.2012033463,37.419303894,82.6034317017,33.8895797729],[-182.595108032,-85.2254867554,11.2216615677,-0.445669919252,29.5008964539,25.295671463,59.3096199036,23.2338523865,-1.79231274128,14.5056171417,16.0580730438,33.8895797729,93.1667709351]],"icov":[[0.000361666752724,-0.000339449790772,0.000369518966181,-0.000784018076956,0.000241963425651,-0.000263446388999,0.000498266483191,-0.000481266091811,0.000608015572652,-0.000452912470791,0.000117043171485,-0.000165779216331,0.000270124088274],[-0.000339449790772,0.00110419199336,-0.000139780095196,0.00103487283923,-0.00117954355665,0.000250633398537,-0.0000679951699567,0.00119982520118,-0.000718771945685,-0.0000459527691419,-0.0000429650535807,0.000655297015328,0.000178471003892],[0.000369518966181,-0.000139780095196,0.00266497978009,-0.000864137546159,-0.000294021592708,0.00140223081689,-0.000399498268962,0.00019995830371,-0.0000407283732784,0.000234953462495,0.000196573120775,0.000769070116803,-0.000162938624271],[-0.000784018076956,0.00103487283923,-0.000864137546159,0.00344416731969,-0.0014170006616,-0.000935536751058,0.000732950749807,-0.000251679884968,-0.00040891682147,-0.00102869223338,0.00200533657335,-0.000474006927107,-0.000191409999388],[0.000241963425651,-0.00117954355665,-0.000294021592708,-0.0014170006616,0.00704004568979,-0.00308889127336,-0.0014484655112,0.00062794459518,-0.00126026873477,0.000783627328929,-0.0021759220399,0.00139394332655,-0.00147945969366],[-0.000263446388999,0.000250633398537,0.00140223081689,-0.000935536751058,-0.00308889127336,0.0100461924449,-0.00405798014253,0.00023429756402,0.00117816834245,-0.000106773142761,0.00262034265324,-0.00252324203029,0.000820377725177],[0.000498266483191,-0.0000679951699567,-0.000399498268962,0.000732950749807,-0.0014484655112,-0.00405798014253,0.0115530556068,-0.00649724528193,0.00340529414825,-0.00273548299447,0.000166982965311,0.00243328046054,-0.00363043812104],[-0.000481266091811,0.00119982520118,0.00019995830371,-0.000251679884968,0.00062794459518,0.00023429756402,-0.00649724528193,0.0128799527884,-0.00613443879411,0.00136226706672,-0.00386972585693,0.00191578676458,0.000430724147009],[0.000608015572652,-0.000718771945685,-0.0000407283732784,-0.00040891682147,-0.00126026873477,0.00117816834245,0.00340529414825,-0.00613443879411,0.0127260712907,-0.00647067790851,0.00378850242123,-0.00395007384941,0.00201439601369],[-0.000452912470791,-0.0000459527691419,0.000234953462495,-0.00102869223338,0.000783627328929,-0.000106773142761,-0.00273548299447,0.00136226706672,-0.00647067790851,0.0136544527486,-0.00744723761454,0.00373051105998,-0.00210417248309],[0.000117043171485,-0.0000429650535807,0.000196573120775,0.00200533657335,-0.0021759220399,0.00262034265324,0.000166982965311,-0.00386972585693,0.00378850242123,-0.00744723761454,0.0152011886239,-0.00809350702912,0.00256863725372],[-0.000165779216331,0.000655297015328,0.000769070116803,-0.000474006927107,0.00139394332655,-0.00252324203029,0.00243328046054,0.00191578676458,-0.00395007384941,0.00373051105998,-0.00809350702912,0.0208322778344,-0.00844304915518],[0.000270124088274,0.000178471003892,-0.000162938624271,-0.000191409999388,-0.00147945969366,0.000820377725177,-0.00363043812104,0.000430724147009,0.00201439601369,-0.00210417248309,0.00256863725372,-0.00844304915518,0.0168890617788]],"mean":[-815.038391113,167.019882202,-22.0522785187,-20.8175239563,-24.2765140533,4.62267875671,-11.1981525421,-12.7020845413,-16.69099617,-6.77652740479,-2.82669186592,-1.53881943226,-6.37586259842]},"pitch_salience":{"dmean":0.0807842612267,"dmean2":0.130096301436,"dvar":0.00665823696181,"dvar2":0.0155328791589,"max":0.887020409107,"mean":0.581560850143,"median":0.625311791897,"min":0.0246396418661,"var":0.0269074477255},"silence_rate_20dB":{"dmean":0,"dmean2":0,"dvar":0,"dvar2":0,"max":1,"mean":1,"median":1,"min":1,"var":0},"silence_rate_30dB":{"dmean":0.00947617832571,"dmean2":0.0189573466778,"dvar":0.00938654597849,"dvar2":0.0233370047063,"max":1,"mean":0.989210546017,"median":1,"min":0,"var":0.0106733003631},"silence_rate_60dB":{"dmean":0.0189523566514,"dmean2":0.0379146933556,"dvar":0.0185927804559,"dvar2":0.0406881198287,"max":1,"mean":0.45605263114,"median":0,"min":0,"var":0.248078599572},"spectral_centroid":{"dmean":144.985473633,"dmean2":210.397705078,"dvar":150532.546875,"dvar2":249920.9375,"max":11601.0537109,"mean":932.996032715,"median":740.86114502,"min":175.749176025,"var":959265.0625},"spectral_complexity":{"dmean":1.60252702236,"dmean2":2.60084247589,"dvar":4.78761529922,"dvar2":8.90073108673,"max":55,"mean":8.96342086792,"median":4,"min":0,"var":87.7773208618},"spectral_contrast_coeffs":{"dmean":[0.0620418936014,0.0572786070406,0.0389817133546,0.0323370434344,0.0390199497342,0.0318908318877],"dmean2":[0.101611368358,0.094485886395,0.0654672905803,0.0549702979624,0.0695670619607,0.0553503930569],"dvar":[0.00285364082083,0.00310845836066,0.00111417053267,0.00082684122026,0.00194101280067,0.00139318930451],"dvar2":[0.00701604736969,0.00767188845202,0.00293620908633,0.00229259580374,0.00525295501575,0.00352075882256],"max":[-0.181198358536,-0.239107698202,-0.520195126534,-0.595294475555,-0.655870676041,-0.474519312382],"mean":[-0.62125736475,-0.732120990753,-0.798108816147,-0.783392965794,-0.817056775093,-0.788846611977],"median":[-0.646039962769,-0.771140694618,-0.809181809425,-0.785205662251,-0.814765870571,-0.777044177055],"min":[-0.97409927845,-0.975947141647,-0.979580819607,-0.981988310814,-0.96694201231,-0.963026404381],"var":[0.0159005876631,0.0167933292687,0.00395998451859,0.00246000592597,0.00253266468644,0.00988809112459]},"spectral_contrast_valleys":{"dmean":[0.670871794224,0.502299904823,0.358437806368,0.357843637466,0.603881061077,0.683563232422],"dmean2":[1.14431059361,0.867220580578,0.601583719254,0.61380392313,1.09008002281,1.2788361311],"dvar":[0.518850982189,0.403595745564,0.258309751749,0.274743229151,0.715471923351,0.752675175667],"dvar2":[1.31022429466,0.931434810162,0.52086442709,0.579310178757,1.75349867344,1.80772900581],"max":[-5.64811038971,-4.68549585342,-5.46928596497,-5.88671398163,-5.68829059601,-9.23826026917],"mean":[-9.82827949524,-7.57257175446,-7.86729383469,-8.79016590118,-9.96598911285,-12.8106222153],"median":[-10.513130188,-7.59749412537,-7.88577222824,-8.99383735657,-9.82860851288,-12.8008956909],"min":[-27.9146785736,-28.1340141296,-27.6745834351,-27.4618873596,-27.5200042725,-27.3530063629],"var":[5.03119850159,3.58504986763,3.22055912018,4.08174467087,5.5639834404,2.56867527962]},"spectral_decrease":{"dmean":1.56377533145e-9,"dmean2":2.28137064795e-9,"dvar":8.54389478032e-18,"dvar2":1.82818859862e-17,"max":2.06039296735e-9,"mean":-3.50820017481e-9,"median":-1.08186437586e-9,"min":-4.60725608775e-8,"var":3.0587603805e-17},"spectral_energy":{"dmean":0.0062247896567,"dmean2":0.00903572235256,"dvar":0.000128885178128,"dvar2":0.000272722740192,"max":0.1958437711,"mean":0.0177995506674,"median":0.00740503892303,"min":1.02430009513e-20,"var":0.000588356284425},"spectral_energyband_high":{"dmean":0.000131196036818,"dmean2":0.000172727071913,"dvar":4.10146100194e-7,"dvar2":7.04300305188e-7,"max":0.0161700937897,"mean":0.000280936597846,"median":0.00000720750540495,"min":7.48848143352e-21,"var":0.00000142916906043},"spectral_energyband_low":{"dmean":0.00122134166304,"dmean2":0.00203099381179,"dvar":0.0000181731466,"dvar2":0.000049999809562,"max":0.0640033632517,"mean":0.00164085440338,"median":0.00000360376770914,"min":2.29192586623e-23,"var":0.0000245510473178},"spectral_energyband_middle_high":{"dmean":0.000752317311708,"dmean2":0.00118168757763,"dvar":0.00000274736362371,"dvar2":0.00000716968088454,"max":0.0402099080384,"mean":0.00236855261028,"median":0.000383057631552,"min":1.28757851707e-21,"var":0.0000135295658765},"spectral_energyband_middle_low":{"dmean":0.00545184360817,"dmean2":0.00775957712904,"dvar":0.000113719863293,"dvar2":0.000234059392824,"max":0.186805173755,"mean":0.0119878193364,"median":0.0030418804381,"min":1.8664836506e-22,"var":0.000406278646551},"spectral_entropy":{"dmean":0.331577062607,"dmean2":0.551256477833,"dvar":0.160435944796,"dvar2":0.382048398256,"max":9.825548172,"mean":6.70762014389,"median":6.68187046051,"min":3.60765314102,"var":0.65221709013},"spectral_flux":{"dmean":0.0173132009804,"dmean2":0.0283647142351,"dvar":0.000606220215559,"dvar2":0.00149084709119,"max":0.30415648222,"mean":0.0554519034922,"median":0.0390173457563,"min":6.62171567578e-11,"var":0.0025207742583},"spectral_kurtosis":{"dmean":13.6806583405,"dmean2":24.1885051727,"dvar":324.568878174,"dvar2":872.880981445,"max":120.098960876,"mean":46.4257049561,"median":37.2633628845,"min":-1.27125537395,"var":898.699157715},"spectral_rms":{"dmean":0.000571352895349,"dmean2":0.000820722430944,"dvar":6.96334041095e-7,"dvar2":0.00000144369266764,"max":0.013822702691,"mean":0.0031906098593,"median":0.00268782908097,"min":3.16119786598e-12,"var":0.00000718546380085},"spectral_rolloff":{"dmean":2211.91235352,"dmean2":4217.27783203,"dvar":32458936,"dvar2":80559088,"max":22028.4667969,"mean":13708.8935547,"median":20951.8066406,"min":21.533203125,"var":94549192},"spectral_skewness":{"dmean":0.850172638893,"dmean2":1.47476840019,"dvar":1.23181521893,"dvar2":3.24480271339,"max":9.44659423828,"mean":5.0071721077,"median":4.46791172028,"min":-0.0747556090355,"var":4.85676193237},"spectral_spread":{"dmean":623800.4375,"dmean2":1093510.25,"dvar":1790397120510,"dvar2":3822932197380,"max":53073580,"mean":3193030.75,"median":2631005.5,"min":1086744.875,"var":9520201859070},"spectral_strongpeak":{"dmean":2.00944876671,"dmean2":3.58344173431,"dvar":27.6990509033,"dvar2":69.7494125366,"max":74.4580078125,"mean":2.81291937828,"median":1.04244494438,"min":0,"var":28.1222324371},"zerocrossingrate":{"dmean":0.032104589045,"dmean2":0.0396846160293,"dvar":0.00109175685793,"dvar2":0.00144637445919,"max":0.669921875,"mean":0.314680427313,"median":0.3203125,"min":0.0078125,"var":0.028580121696}},"metadata":{"audio_properties":{"analysis_sample_rate":44100,"bit_rate":805469,"codec":"alac","downmix":"mix","equal_loudness":0,"length":88.1999969482,"lossless":true,"md5_encoded":"ba99f815e75895b85ff4fb69b44c5f42","replay_gain":-11.154794693,"sample_rate":44100},"tags":{"album":["Dance Hall at Louse Point"],"albumartistsort":["Parish, John & Harvey, PJ"],"artist":["John Parish & PJ Harvey"],"artistsort":["Parish, John & Harvey, PJ"],"asin":["B000001E9Y"],"barcode":["731452427823"],"catalognumber":["314-524 278-2"],"date":["1996-09-24"],"file_name":"12 - Lost Fun Zone.m4a","label":["Island Records"],"media":["CD"],"musicbrainz_albumartistid":["4ae92e70-3690-473b-8fbc-49749565669f","e795e03d-b5d5-4a5f-834d-162cfb308a2c"],"musicbrainz_albumid":["c9167f5e-d288-44ec-91cf-34d4abfb1fd3"],"musicbrainz_artistid":["4ae92e70-3690-473b-8fbc-49749565669f","e795e03d-b5d5-4a5f-834d-162cfb308a2c"],"musicbrainz_recordingid":["ddb76555-3dcb-4ef2-8e39-822649e4e1e7"],"musicbrainz_releasegroupid":["a2bd8b47-4f79-3274-8d36-334f168831c3"],"script":["Latn"],"title":["Lost Fun Zone"],"tracknumber":["12/12"]},"version":{"essentia":"2.1-beta1","essentia_build_sha":"ca57ba49d9b1854bd80e60cf9ccf267278fb7d6b","essentia_git_sha":"v2.1_beta1-28-g21ef5f4-dirty","extractor":"music 1.0"}},"rhythm":{"beats_count":182,"beats_loudness":{"dmean":0.0133717991412,"dmean2":0.0232779048383,"dvar":0.00041879247874,"dvar2":0.00125063909218,"max":0.128730729222,"mean":0.0195315927267,"median":0.00751866074279,"min":0.000259950844338,"var":0.000626412045676},"beats_loudness_band_ratio":{"dmean":[0.0748004689813,0.193774357438,0.1613176018,0.108518898487,0.0238740611821,0.122365489602],"dmean2":[0.131155624986,0.333062678576,0.273939043283,0.188948988914,0.0418805480003,0.226197645068],"dvar":[0.0183174405247,0.0569166988134,0.0341744795442,0.0105043770745,0.000888014095835,0.0414854958653],"dvar2":[0.0513127446175,0.165948301554