{"lowlevel":{"average_loudness":0.964454233646,"barkbands":{"dmean":[0.000118187337648,0.004952901043,0.00437945919111,0.0019384714542,0.00281621934846,0.00195719744079,0.000804654089734,0.000955329160206,0.000670896319207,0.000475114706205,0.000494478736073,0.000615348399151,0.000421792617999,0.000552316079848,0.000377962016501,0.000357971119229,0.000273735524388,0.000117845054774,0.0000816015817691,0.0000611153591308,0.0000455200824945,0.0000492825856782,0.0000342822095263,0.000115531409392,0.0000989168693195,0.0000263825459115,9.96822677735e-7],"dmean2":[0.000179510039743,0.00800228584558,0.0073966877535,0.00338336336426,0.00458409776911,0.00333992531523,0.00129335012753,0.0014143375447,0.000982890836895,0.000721049378626,0.000722657889128,0.000876687350683,0.000626808381639,0.00082374754129,0.000569810857996,0.000531770754606,0.000417863222538,0.00018593374989,0.000131275359308,0.0000972948400886,0.0000668988359394,0.0000708063525963,0.0000489939775434,0.000155462970724,0.000130066997372,0.0000364947627531,0.00000151365236434],"dvar":[5.73162637352e-8,0.0000785172160249,0.0000467294230475,0.00000963719321589,0.0000119153801279,0.0000147052915054,0.00000296833286484,0.00000667171070745,0.00000341040026797,8.31191812267e-7,0.00000380781511922,0.00000422590164817,0.00000166124755197,0.00000246721401709,9.777828609e-7,9.08160188828e-7,3.7280392462e-7,3.7608007375e-8,1.57194364192e-8,7.22547000009e-9,3.5452003555e-9,4.54652404613e-9,2.0441544013e-9,4.37109406448e-8,3.76047957218e-8,1.9721690947e-9,4.06339068296e-12],"dvar2":[1.25373134097e-7,0.000188491801964,0.00012168547255,0.0000257116571447,0.0000311722142214,0.0000398726479034,0.00000684836913933,0.0000120369622891,0.00000535345407116,0.00000168260021383,0.00000598725455347,0.00000760476723372,0.00000340547012456,0.0000049401578508,0.00000203885383598,0.00000171423255324,8.13846554593e-7,8.08039857247e-8,4.00348127982e-8,1.90213089724e-8,7.37339878043e-9,9.04153019121e-9,4.11882483675e-9,7.86979867939e-8,6.64806876216e-8,3.79871822886e-9,9.25411830499e-12],"max":[0.00345959980041,0.0654372051358,0.0747217535973,0.0282607339323,0.0624741762877,0.0497118011117,0.0398661643267,0.0515540055931,0.0529741458595,0.0219830591232,0.0602507032454,0.0600249767303,0.0268815979362,0.0394424758852,0.0232214704156,0.0324359275401,0.0150293717161,0.00734473252669,0.00273313582875,0.00175320438575,0.00072681508027,0.000768773257732,0.000487012352096,0.00316032301635,0.0053845490329,0.00104612647556,0.0000279830255749],"mean":[0.000129495645524,0.00659344391897,0.00676197884604,0.00219039130025,0.00546434428543,0.00263938028365,0.00117321382277,0.00177260639612,0.00115533079952,0.000811941514257,0.000780350586865,0.00101901707239,0.00064602663042,0.000870485324413,0.000624569365755,0.000664757681079,0.000498367648106,0.000237173226196,0.00017974578077,0.000144482328324,0.000104209590063,0.000107858526462,0.0000770552214817,0.00018468858616,0.000153486194904,0.0000611457289779,0.00000175681134351],"median":[0.000025310961064,0.00252880062908,0.00386825599708,0.00124199106358,0.00378553848714,0.0010964020621,0.000495806103572,0.00047707898193,0.000338478799677,0.000335594057105,0.000162556621945,0.000198794950848,0.000194435066078,0.000197047455003,0.000237917236518,0.000268807081738,0.000236062536715,0.0001608243183,0.000125562015455,0.000107227679109,0.0000770616607042,0.0000776774613769,0.0000562687637284,0.0000771959603298,0.0000537625783181,0.0000297850237985,6.36722802483e-7],"min":[7.34955771592e-25,9.0756327082e-25,1.46287115682e-24,1.68780636369e-24,1.07012926098e-23,7.74287409972e-24,6.26700764278e-24,7.92510649085e-24,1.28932491312e-23,1.48327827846e-23,1.48729216052e-23,2.44578955703e-23,1.74650017884e-23,3.76748545628e-23,4.97774670628e-23,4.88776449827e-23,6.05978398039e-23,7.47847900541e-23,1.08846813132e-22,1.6974178844e-22,2.50007312696e-22,3.03869700319e-22,3.95194928247e-22,5.85737931151e-22,7.83940634605e-22,1.24971915109e-21,1.84006266678e-21],"var":[7.16994534855e-8,0.0000964412247413,0.0000718269438948,0.00000887710484676,0.0000329252688971,0.0000187411442312,0.00000575393414692,0.0000215429627133,0.0000124701873574,0.000002142684707,0.000010628594282,0.0000130527478177,0.00000321414700011,0.00000584987628827,0.00000221538539336,0.00000290689081339,8.0900389321e-7,8.20358110332e-8,3.71521053921e-8,2.10502566489e-8,9.54386525365e-9,1.13032845306e-8,5.61567237156e-9,8.09604898677e-8,7.41869001786e-8,6.78175915425e-9,8.20404508217e-12]},"barkbands_crest":{"dmean":2.87772893906,"dmean2":4.67953252792,"dvar":6.61822128296,"dvar2":17.1369228363,"max":24.1506996155,"mean":10.4743766785,"median":9.84235191345,"min":2.45893096924,"var":15.1209411621},"barkbands_flatness_db":{"dmean":0.023069806397,"dmean2":0.0336966849864,"dvar":0.000527002674062,"dvar2":0.00110251328442,"max":0.435683071613,"mean":0.130339205265,"median":0.122206896544,"min":0.023955848068,"var":0.00275470176712},"barkbands_kurtosis":{"dmean":4.69909238815,"dmean2":7.41914272308,"dvar":90.7813415527,"dvar2":214.881256104,"max":225.957290649,"mean":7.39466047287,"median":3.27483487129,"min":-1.85909605026,"var":239.960464478},"barkbands_skewness":{"dmean":0.666058957577,"dmean2":1.00126171112,"dvar":0.569645345211,"dvar2":1.29430603981,"max":12.53054142,"mean":2.01377558708,"median":1.86293828487,"min":-2.15722155571,"var":2.43335604668},"barkbands_spread":{"dmean":6.08739328384,"dmean2":8.92776203156,"dvar":46.0222473145,"dvar2":94.6609191895,"max":99.9056625366,"mean":21.1848239899,"median":19.599357605,"min":0.452894061804,"var":143.518966675},"dissonance":{"dmean":0.0158566720784,"dmean2":0.0265387501568,"dvar":0.000277718441794,"dvar2":0.000738545146305,"max":0.500000059605,"mean":0.467043459415,"median":0.47516566515,"min":0.23290361464,"var":0.000806031341199},"dynamic_complexity":2.27672076225,"erbbands":{"dmean":[0.117863193154,1.27610599995,4.73384857178,5.34334182739,6.08318805695,12.7383089066,13.9954185486,16.9513759613,11.8515138626,15.9879293442,19.9912624359,14.9436101913,14.9476356506,13.5304689407,20.3754138947,22.9389953613,17.9809055328,24.9346904755,20.6877536774,16.1031494141,19.229839325,12.82807827,6.81574058533,4.58861732483,3.54468750954,2.98449778557,2.06197619438,1.82412040234,1.70173406601,1.54567265511,0.980994641781,1.49795866013,2.49183797836,1.50092875957,0.516091883183,0.167495682836,0.0418281331658,0.00423998525366,0.000154097331688,0.0000173594671651],"dmean2":[0.173256829381,2.13031196594,8.02830696106,9.25123786926,10.3083286285,20.9406070709,23.1705780029,28.9290218353,19.2022342682,24.5392856598,28.7347126007,21.4325237274,23.0004940033,19.5618305206,27.6590557098,32.5974807739,26.4806137085,36.7245635986,30.7414321899,23.2282295227,28.1782112122,19.1094245911,10.6204710007,7.27861690521,5.67532396317,4.77944087982,3.10934662819,2.68927431107,2.47939968109,2.20578622818,1.42312860489,2.0842692852,3.35002851486,1.98278927803,0.689699828625,0.229252934456,0.0595694594085,0.00604023691267,0.000214948828216,0.0000247171119554],"dvar":[0.0528451576829,5.12314224243,55.4021568298,60.0378341675,94.2305526733,280.700195312,503.431610107,1225.49377441,653.3359375,1301.38586426,3210.71655273,1479.46203613,789.041625977,1215.1348877,5444.81640625,6317.48730469,3011.80566406,4727.96484375,2636.59936523,2026.08947754,2348.13183594,590.350830078,129.22984314,51.8498420715,22.9555492401,17.2410678864,8.29164981842,5.73983049393,5.21161174774,5.62806749344,1.66842341423,5.6560716629,23.5007591248,8.67688369751,1.0403431654,0.084998510778,0.00576355401427,0.0000726080252207,8.30900219739e-8,4.9976134342e-10],"dvar2":[0.111687421799,13.1597318649,144.416656494,165.10887146,250.516647339,763.242797852,1276.65246582,3308.38110352,1640.171875,2675.18432617,5574.63037109,2299.33349609,1618.05200195,2009.2911377,7673.06787109,11244.015625,5934.10009766,9068.3046875,5289.43017578,3418.84155273,4328.875,1177.51843262,274.675109863,131.271316528,56.1781272888,45.7622642517,18.3794574738,12.0491189957,10.6886968613,11.0390443802,3.58695340157,10.6032142639,43.7123527527,15.6364183426,1.8431956768,0.158154323697,0.0122553994879,0.000154191948241,1.73961879568e-7,1.05231956482e-9],"max":[1.7963488102,16.3687515259,79.4477767944,86.452255249,103.657737732,230.20501709,323.452484131,417.469573975,481.148803711,852.545593262,1322.73400879,1295.85327148,615.453857422,1178.69555664,2885.76904297,2271.98388672,1427.17810059,2272.46728516,1435.39147949,1877.92651367,1875.73779297,609.735656738,367.579956055,130.678390503,107.848014832,105.333267212,49.8036231995,32.031414032,28.6712722778,27.6848373413,22.316488266,64.5605697632,57.7147026062,52.3874282837,35.1397476196,10.4809045792,1.31460750103,0.136513262987,0.0037117775064,0.000454194174381],"mean":[0.133761748672,1.72925293446,7.50325679779,7.55231380463,8.52070903778,22.3665981293,23.8607025146,22.5474891663,17.1141433716,26.8381786346,37.8103103638,27.2593288422,24.0143947601,26.1477413177,36.1953201294,40.5868453979,31.6955337524,41.6340827942,36.6800460815,31.4433841705,39.7679252625,27.0073337555,14.7108573914,10.1486587524,8.43806266785,7.01251077652,4.78157806396,4.17136955261,3.72798371315,3.10586833954,2.22359085083,2.83184051514,3.56001734734,2.13646173477,0.887365460396,0.365721911192,0.0922422558069,0.00921182148159,0.000331432034727,0.0000566941562283],"median":[0.0311421174556,0.77115893364,4.16364192963,5.27603673935,5.35506916046,14.8985109329,12.320016861,9.23226451874,6.84316539764,11.5445241928,9.87487411499,9.07146453857,11.538520813,8.96598052979,8.60458660126,9.13942337036,10.3193454742,10.7325172424,13.560095787,12.7665309906,16.8770961761,13.5211105347,9.6140537262,7.16959667206,6.60584354401,5.18419456482,3.39089393616,2.99655508995,2.75312924385,2.06064343452,1.61220920086,1.59803843498,1.08075332642,0.597823619843,0.383661091328,0.183611214161,0.0422324985266,0.00363055896014,0.000151394517161,0.0000499080997542],"min":[4.27596973411e-23,2.24195405224e-22,3.05450537183e-21,5.55914283536e-21,1.22039973832e-20,2.56382659845e-20,4.8264163129e-20,1.0051483921e-19,1.36660525253e-19,2.08744223306e-19,2.22890691991e-19,2.88096926089e-19,3.50036959989e-19,6.48182657104e-19,8.81904917326e-19,1.29721700005e-18,9.0723411826e-19,2.40607794358e-18,2.33392525349e-18,3.29715246819e-18,3.86616939118e-18,4.48978168216e-18,5.17756623148e-18,4.55195423136e-18,6.74458752366e-18,8.41078404897e-18,8.27650864731e-18,8.90135840049e-18,9.7564356792e-18,1.16841925045e-17,1.08814972652e-17,1.06343729213e-17,1.02608636516e-17,8.19637800701e-18,5.98301225985e-18,4.07941241719e-18,2.0249989373e-18,9.89321867889e-19,2.4014692034e-19,2.82650846484e-20],"var":[0.0669286102057,5.98824691772,89.4499893188,68.6124801636,101.541107178,590.258178711,1059.6003418,1657.09509277,935.987854004,3022.77954102,11488.4736328,6151.70947266,1696.01135254,4449.40625,18076.3242188,20793.9824219,6733.92285156,11907.9199219,6522.43798828,6407.61962891,10082.9296875,1969.00708008,307.351501465,116.674713135,62.5175704956,47.9620323181,23.8145275116,15.8022508621,13.0369253159,11.370672226,4.93782138824,13.0760202408,39.8206634521,15.7249746323,2.25349712372,0.256903886795,0.0169408656657,0.000209247300518,2.12087698515e-7,1.22581478301e-9]},"erbbands_crest":{"dmean":2.35790348053,"dmean2":3.7760579586,"dvar":6.02678108215,"dvar2":14.1004247665,"max":29.5019989014,"mean":8.03517723083,"median":6.46436452866,"min":2.19208502769,"var":22.9598140717},"erbbands_flatness_db":{"dmean":0.0164598859847,"dmean2":0.0222418159246,"dvar":0.000273377343547,"dvar2":0.00045785860857,"max":0.383915275335,"mean":0.132293209434,"median":0.12019880861,"min":0.0410957336426,"var":0.00234542461112},"erbbands_kurtosis":{"dmean":0.746668100357,"dmean2":1.16435456276,"dvar":1.21749329567,"dvar2":2.7082118988,"max":20.6475086212,"mean":0.192985966802,"median":-0.467072963715,"min":-1.71291530132,"var":3.9845187664},"erbbands_skewness":{"dmean":0.338292568922,"dmean2":0.514292418957,"dvar":0.101229295135,"dvar2":0.232005685568,"max":4.20742607117,"mean":0.275598943233,"median":0.272806823254,"min":-3.17203164101,"var":0.498990267515},"erbbands_spread":{"dmean":9.4620923996,"dmean2":13.8768787384,"dvar":101.33366394,"dvar2":207.849838257,"max":161.399383545,"mean":47.9938659668,"median":45.9697570801,"min":2.72909593582,"var":494.704650879},"gfcc":{"cov":[[25152.0507812,1130.4597168,-1946.49145508,519.223571777,-1262.10839844,567.546386719,-1099.19812012,343.606994629,-590.289245605,115.208198547,-453.693511963,64.514465332,-214.673446655],[1130.4597168,1075.39526367,-130.394287109,185.924118042,194.535934448,21.1590652466,113.76750946,29.5455093384,91.7733688354,-90.2104949951,50.8825035095,-89.1059646606,33.3749580383],[-1946.49145508,-130.394287109,855.641296387,330.387176514,160.922317505,102.188461304,144.650268555,38.2934761047,69.020652771,-1.15077412128,5.25628566742,4.54965496063,-5.41100788116],[519.223571777,185.924118042,330.387176514,521.652160645,95.2594833374,94.2748718262,39.2589797974,49.6349411011,59.8309936523,-12.6314430237,-9.13271999359,-37.900100708,-0.447824090719],[-1262.10839844,194.535934448,160.922317505,95.2594833374,357.566009521,40.8603553772,121.261360168,19.4388027191,113.575752258,10.7907476425,25.0459690094,0.328607469797,24.8031826019],[567.546386719,21.1590652466,102.188461304,94.2748718262,40.8603553772,194.627975464,58.4444351196,60.2848587036,0.275590538979,9.28931808472,16.0349273682,-4.82858991623,6.52902793884],[-1099.19812012,113.76750946,144.650268555,39.2589797974,121.261360168,58.4444351196,222.28288269,27.2203788757,57.6380004883,-10.4474363327,43.3849906921,-13.8362350464,-6.92130327225],[343.606994629,29.5455093384,38.2934761047,49.6349411011,19.4388027191,60.2848587036,27.2203788757,102.820388794,41.6356964111,4.67835426331,-5.08625888824,-2.31002640724,8.12212181091],[-590.289245605,91.7733688354,69.020652771,59.8309936523,113.575752258,0.275590538979,57.6380004883,41.6356964111,120.495094299,19.3797645569,16.5081634521,-14.0827007294,19.2912330627],[115.208198547,-90.2104949951,-1.15077412128,-12.6314430237,10.7907476425,9.28931808472,-10.4474363327,4.67835426331,19.3797645569,90.8758468628,22.0121021271,14.050526619,-7.43333673477],[-453.693511963,50.8825035095,5.25628566742,-9.13271999359,25.0459690094,16.0349273682,43.3849906921,-5.08625888824,16.5081634521,22.0121021271,89.921661377,6.40064811707,20.9221134186],[64.514465332,-89.1059646606,4.54965496063,-37.900100708,0.328607469797,-4.82858991623,-13.8362350464,-2.31002640724,-14.0827007294,14.050526619,6.40064811707,76.8044281006,20.8069877625],[-214.673446655,33.3749580383,-5.41100788116,-0.447824090719,24.8031826019,6.52902793884,-6.92130327225,8.12212181091,19.2912330627,-7.43333673477,20.9221134186,20.8069877625,79.5905227661]],"icov":[[0.00035380438203,-0.000856863858644,0.000679553777445,-0.00061426468892,0.00102376530413,-0.00144425139297,0.00113260641228,-0.000806735595688,0.00073468167102,-0.00140601873863,0.00163466192316,-0.00156723789405,0.00100722070783],[-0.000856863858644,0.00376026984304,-0.000856827071402,0.000694363494404,-0.00330497487448,0.00369658274576,-0.0031139315106,0.00170487642754,-0.002018726198,0.00513871572912,-0.00509531702846,0.0050508514978,-0.00267214816995],[0.000679553777445,-0.000856827071402,0.00348692364059,-0.00261693424545,0.00140590616502,-0.00296828802675,0.00104946293868,-0.00130372622516,0.00109302706551,-0.00198992318474,0.0030451444909,-0.00335573591292,0.00207022903487],[-0.00061426468892,0.000694363494404,-0.00261693424545,0.00444801757112,-0.00160602468532,0.00132494932041,-0.000805005489383,0.00129646353889,-0.00223485776223,0.00233535910957,-0.00228290376253,0.00339900446124,-0.0014400461223],[0.00102376530413,-0.00330497487448,0.00140590616502,-0.00160602468532,0.0082848733291,-0.00542019773275,0.0019387549255,0.0000259482021647,-0.00240477826446,-0.00474714674056,0.00599199580029,-0.00634118076414,0.00248461472802],[-0.00144425139297,0.00369658274576,-0.00296828802675,0.00132494932041,-0.00542019773275,0.0145989032462,-0.00655586225912,-0.00252182618715,0.00254566338845,0.00380488228984,-0.00776891224086,0.00799719337374,-0.0057712434791],[0.00113260641228,-0.0031139315106,0.00104946293868,-0.000805005489383,0.0019387549255,-0.00655586225912,0.0117910662666,-0.00290312292054,-0.000299422477838,-0.00163805752527,0.00139976164792,-0.00505500985309,0.00655586551875],[-0.000806735595688,0.00170487642754,-0.00130372622516,0.00129646353889,0.0000259482021647,-0.00252182618715,-0.00290312292054,0.0181052926928,-0.0100247263908,0.00374931073748,-0.000601342646405,0.00138391822111,-0.0022972417064],[0.00073468167102,-0.002018726198,0.00109302706551,-0.00223485776223,-0.00240477826446,0.00254566338845,-0.000299422477838,-0.0100247263908,0.0213791746646,-0.00850512739271,0.00303753954358,0.00166476424783,-0.00278252200224],[-0.00140601873863,0.00513871572912,-0.00198992318474,0.00233535910957,-0.00474714674056,0.00380488228984,-0.00163805752527,0.00374931073748,-0.00850512739271,0.0223274789751,-0.0124043067917,0.00359831377864,0.00103966705501],[0.00163466192316,-0.00509531702846,0.0030451444909,-0.00228290376253,0.00599199580029,-0.00776891224086,0.00139976164792,-0.000601342646405,0.00303753954358,-0.0124043067917,0.0239934194833,-0.0079264100641,-0.000436822068878],[-0.00156723789405,0.0050508514978,-0.00335573591292,0.00339900446124,-0.00634118076414,0.00799719337374,-0.00505500985309,0.00138391822111,0.00166476424783,0.00359831377864,-0.0079264100641,0.024828357622,-0.0102894920856],[0.00100722070783,-0.00267214816995,0.00207022903487,-0.0014400461223,0.00248461472802,-0.0057712434791,0.00655586551875,-0.0022972417064,-0.00278252200224,0.00103966705501,-0.000436822068878,-0.0102894920856,0.020614143461]],"mean":[8.11068439484,82.7415771484,-102.286315918,29.4685840607,-53.0821342468,15.2126111984,-49.5972137451,10.8501148224,-28.7323894501,3.15669631958,-20.8679428101,0.363671213388,-11.109796524]},"hfc":{"dmean":5.26160669327,"dmean2":6.63745594025,"dvar":38.9761009216,"dvar2":59.40990448,"max":87.8951721191,"mean":22.4246025085,"median":17.8374462128,"min":1.05566490457e-16,"var":250.270935059},"melbands":{"dmean":[0.00120628299192,0.0020894492045,0.000937687407713,0.000610257673543,0.000505583593622,0.000372613576474,0.000175434252014,0.000186762830708,0.000159772869665,0.0000901515013538,0.0000750471153879,0.0000562317036383,0.0000687655847287,0.0000730935134925,0.0000491024075018,0.0000418253875978,0.0000528516175109,0.0000387631444028,0.000029133141652,0.0000217840115511,0.0000260583383351,0.0000166066256497,0.00000905205979507,0.00000500849728269,0.00000409076938013,0.00000312450561069,0.0000022892047582,0.00000214395709008,0.00000156013106789,0.00000114749570912,0.00000114734291401,0.00000102147839698,0.00000102080605302,8.54738289036e-7,5.61324668524e-7,6.3271528461e-7,0.00000102170463379,0.00000179767823738,0.00000164628659149,0.00000120666925341],"dmean2":[0.00187404255848,0.0035223190207,0.00161817332264,0.0010059926426,0.000828926160466,0.000634976313449,0.000282589229755,0.000278738007182,0.000225745388889,0.000132584988023,0.000115528004244,0.0000816706888145,0.0000951592592173,0.000101650337456,0.000071706585004,0.0000620717328275,0.0000784910807852,0.0000578243780183,0.0000430308573414,0.0000325069631799,0.0000385173407267,0.0000251770452451,0.0000140835345519,0.00000806244406704,0.00000658581575408,0.00000509584197061,0.00000371117062059,0.0000034455115383,0.00000243567023972,0.0000017251608142,0.0000017324308601,0.00000153514963586,0.00000148963977153,0.00000124401515222,8.40468487695e-7,9.33759736199e-7,0.00000143670956732,0.00000248450601248,0.00000222847006626,0.00000162397009262],"dvar":[0.00000510483414473,0.0000108902595457,0.00000184441432793,5.93063759879e-7,5.19245645592e-7,5.72527937948e-7,1.40457530051e-7,1.88078260521e-7,2.00719611598e-7,5.02843455763e-8,2.01657393006e-8,1.93859008846e-8,6.29410976671e-8,6.42405240114e-8,2.21602824979e-8,1.67270339801e-8,2.23956853063e-8,1.11161213567e-8,7.25926563305e-9,4.3393622029e-9,4.98718222275e-9,1.34413891129e-9,3.01701302829e-10,5.41886362171e-11,4.78585573949e-11,2.29920735229e-11,8.06825526528e-12,1.10989637619e-11,5.75854555013e-12,2.27449547911e-12,2.27944377783e-12,1.76963652065e-12,2.31059420729e-12,1.70605836316e-12,5.24553274081e-13,9.95610603509e-13,2.74088759501e-12,1.22165957905e-11,1.06331037725e-11,5.73702934117e-12],"dvar2":[0.0000115818411359,0.0000288616374746,0.00000497096516483,0.00000157885779117,0.00000131787737701,0.0000015545883798,3.43879634102e-7,3.6748147636e-7,3.20707471246e-7,8.1386346551e-8,4.06107716344e-8,3.23367217447e-8,8.65581313292e-8,1.14257304062e-7,3.99256592232e-8,3.43193349295e-8,4.35923048769e-8,2.14238262686e-8,1.42692124783e-8,8.39381808504e-9,9.22258358571e-9,2.8098787741e-9,7.01457114616e-10,1.29813382266e-10,1.23393198437e-10,5.77979816785e-11,2.0542560708e-11,3.0035429005e-11,1.33209060102e-11,5.02726853202e-12,5.017476018e-12,3.88740472104e-12,4.8068536998e-12,3.46315771199e-12,1.17516771054e-12,2.27145537622e-12,5.13172533981e-12,2.32522681665e-11,1.97780715416e-11,1.07063932372e-11],"max":[0.0157442484051,0.0299153439701,0.0119627742097,0.00890066102147,0.0139483259991,0.00803777668625,0.00689326180145,0.0101569397375,0.0114082479849,0.00731118256226,0.00313054444268,0.00436951313168,0.00965199340135,0.00891515891999,0.00416547991335,0.00282268295996,0.00426095724106,0.00286457827315,0.0023616484832,0.00283750193194,0.00296297948807,0.000920470803976,0.000584143970627,0.000235413623159,0.000129601117806,0.000101343968709,0.000072849317803,0.0000956034127739,0.0000509450292157,0.0000182537060027,0.0000219527446461,0.0000172711006599,0.0000156572332344,0.0000156434052769,0.00000993666162685,0.000032483261748,0.0000390102795791,0.0000414861751779,0.0000381454447052,0.0000461155905214],"mean":[0.00149780837819,0.00342322466895,0.00134748301934,0.0010787602514,0.000943100545555,0.000498867710121,0.000253264734056,0.000321228173561,0.00031048769597,0.000154377674335,0.000116455186799,0.000102053272713,0.000116980474559,0.000116111194075,0.0000834083912196,0.0000652421003906,0.000081385980593,0.0000614608361502,0.000048118581617,0.0000378101685783,0.0000493391635246,0.000030190216421,0.0000170679904841,0.0000101215009636,0.00000803048897069,0.00000648463583275,0.000005277134278,0.00000453145912616,0.0000032443949749,0.00000236708160628,0.00000242381202042,0.00000213666089621,0.00000195814959625,0.00000160891306678,0.00000121047173707,0.00000134501351567,0.00000179923813448,0.00000253628422797,0.00000223572351388,0.00000168361475517],"median":[0.000496574328281,0.00204927567393,0.000984578160569,0.000748172868043,0.000547672039829,0.000204578434932,0.000099795346614,0.000120060038171,0.0000763661955716,0.0000494735322718,0.0000514596904395,0.0000337348901667,0.0000266190982074,0.0000223164024646,0.0000222951675823,0.000019633978809,0.0000179744965862,0.0000197553272301,0.0000175327550096,0.0000154701738211,0.0000194420154003,0.0000136278622449,0.00000988315787254,0.00000714701218385,0.00000525152609043,0.00000468861071568,0.00000396502673539,0.0000031698850762,0.00000209583504329,0.00000178343134394,0.00000162576952789,0.00000157906947607,0.00000124332677842,0.00000105043181975,8.85649342308e-7,8.81880225734e-7,9.60352963375e-7,7.73957594902e-7,5.71788802972e-7,4.6043913926e-7],"min":[5.23926062418e-25,1.42870115367e-24,1.48993184688e-24,1.87533694188e-24,1.67838736448e-24,2.56001614279e-24,2.02275394303e-24,2.02164263523e-24,1.28840776371e-24,1.49390780445e-24,1.43456071387e-24,1.99376093818e-24,2.3470278399e-24,2.60399158838e-24,2.20395627904e-24,1.93030634747e-24,3.51071659588e-24,2.75479536662e-24,3.32496351853e-24,3.46337429195e-24,4.11854220639e-24,3.62855151031e-24,3.52713634119e-24,3.28748473692e-24,2.87380923367e-24,4.67483705599e-24,3.87761777505e-24,5.44949412619e-24,3.51442424214e-24,4.4037513168e-24,4.15910661743e-24,5.26311272112e-24,5.88408943179e-24,5.51657096896e-24,5.17410357303e-24,5.14391702164e-24,6.02173777114e-24,6.31808717525e-24,6.5377608771e-24,6.70316173752e-24],"var":[0.00000620986111244,0.0000169289942278,0.00000199960504688,0.00000117923423204,0.00000139061512527,7.48260504224e-7,2.21407205458e-7,4.97327221183e-7,8.28314796308e-7,1.91681664319e-7,4.46208048288e-8,6.66646968739e-8,2.15300445916e-7,1.754190464e-7,6.83704612925e-8,3.49472131234e-8,5.14307032518e-8,2.54841818759e-8,1.63944786635e-8,9.1506047184e-9,1.91747133726e-8,3.17671000616e-9,5.91104942771e-10,1.1486485374e-10,9.380651117e-11,4.6266632886e-11,2.4696715159e-11,2.57704118461e-11,1.50770645968e-11,4.97120834081e-12,6.10786811753e-12,4.28311769732e-12,4.72157859685e-12,3.21019231163e-12,1.44563853076e-12,2.52065881189e-12,5.8999667131e-12,2.01386927967e-11,1.81196706944e-11,1.0018920589e-11]},"melbands_crest":{"dmean":3.63114142418,"dmean2":5.83293056488,"dvar":10.2081642151,"dvar2":24.6611652374,"max":32.3082466125,"mean":15.2384853363,"median":14.5405778885,"min":1.70235800743,"var":31.4339294434},"melbands_flatness_db":{"dmean":0.0282486062497,"dmean2":0.0412454865873,"dvar":0.000854537705891,"dvar2":0.00177465146407,"max":0.559211671352,"mean":0.202004089952,"median":0.19571313262,"min":0.00266870204359,"var":0.00479160808027},"melbands_kurtosis":{"dmean":12.1345376968,"dmean2":19.1288490295,"dvar":532.714477539,"dvar2":1273.70483398,"max":459.290039062,"mean":23.1400203705,"median":13.2313051224,"min":-1.8716584444,"var":1247.19665527},"melbands_skewness":{"dmean":0.924531519413,"dmean2":1.40173041821,"dvar":1.09708869457,"dvar2":2.49697327614,"max":15.6665220261,"mean":3.40081262589,"median":3.14712333679,"min":-1.66464197636,"var":4.41788196564},"melbands_spread":{"dmean":6.18757486343,"dmean2":9.32301139832,"dvar":53.2446861267,"dvar2":114.983207703,"max":162.927246094,"mean":20.3292808533,"median":15.9894733429,"min":0.349528700113,"var":373.113891602},"mfcc":{"cov":[[7053.63574219,681.590209961,58.3376197815,-113.54586792,87.4109802246,-33.7342185974,-37.9583854675,-10.3769664764,40.3874320984,-41.9681510925,-25.9484539032,-24.7392063141,-41.1941070557],[681.590209961,1001.65167236,-140.5493927,133.769882202,119.510864258,56.8753356934,56.1111068726,92.4259643555,54.4592437744,26.517999649,31.6045608521,13.8811655045,23.8941307068],[58.3376197815,-140.5493927,649.53918457,228.145843506,94.1588821411,79.6518249512,88.4832000732,66.6433792114,62.3402061462,19.9682159424,17.4168014526,8.91294574738,11.794336319],[-113.54586792,133.769882202,228.145843506,387.558959961,150.429931641,97.7734680176,15.6985120773,71.087097168,54.1413078308,76.2655639648,8.91361522675,3.59406542778,17.4536724091],[87.4109802246,119.510864258,94.1588821411,150.429931641,241.549606323,75.4893341064,19.1558132172,44.6692466736,78.4968719482,33.3684806824,22.7925186157,11.7652168274,12.0887079239],[-33.7342185974,56.8753356934,79.6518249512,97.7734680176,75.4893341064,140.813705444,71.9574432373,44.1646194458,26.9627494812,42.952293396,23.7722148895,18.1808719635,9.64017868042],[-37.9583854675,56.1111068726,88.4832000732,15.6985120773,19.1558132172,71.9574432373,141.397186279,61.8711471558,19.0781402588,19.4850082397,34.6146125793,17.6952171326,15.4910612106],[-10.3769664764,92.4259643555,66.6433792114,71.087097168,44.6692466736,44.1646194458,61.8711471558,129.10748291,59.3461494446,30.1691474915,3.75465106964,14.8006324768,15.8308763504],[40.3874320984,54.4592437744,62.3402061462,54.1413078308,78.4968719482,26.9627494812,19.0781402588,59.3461494446,110.331596375,39.5296821594,13.4724321365,3.61769676208,13.2840394974],[-41.9681510925,26.517999649,19.9682159424,76.2655639648,33.3684806824,42.952293396,19.4850082397,30.1691474915,39.5296821594,94.9852142334,36.9762763977,11.4280738831,5.45443296432],[-25.9484539032,31.6045608521,17.4168014526,8.91361522675,22.7925186157,23.7722148895,34.6146125793,3.75465106964,13.4724321365,36.9762763977,72.7473602295,28.9382324219,7.14680290222],[-24.7392063141,13.8811655045,8.91294574738,3.59406542778,11.7652168274,18.1808719635,17.6952171326,14.8006324768,3.61769676208,11.4280738831,28.9382324219,55.1175346375,24.6169815063],[-41.1941070557,23.8941307068,11.794336319,17.4536724091,12.0887079239,9.64017868042,15.4910612106,15.8308763504,13.2840394974,5.45443296432,7.14680290222,24.6169815063,51.5120811462]],"icov":[[0.000165269026184,-0.000169689286849,-0.000143142722663,0.000218844943447,-0.000084476378106,-0.00000149230618263,0.000126687940792,0.0000624189560767,0.00000586926580581,-0.000108316169644,0.000158131428179,-0.0000353612922481,0.00013723813754],[-0.000169689286849,0.00152611616068,0.000914201315027,-0.0010254161898,-0.000217242311919,0.000130136264488,-0.000696614268236,-0.000725617341232,-0.000282534718281,0.000997905968688,-0.000984916463494,0.000346897955751,-0.000308293267153],[-0.000143142722663,0.000914201315027,0.00288018840365,-0.0023784134537,0.000283113797195,0.000286019087071,-0.00213597109541,0.000226268646657,-0.00158699834719,0.00206732284278,-0.000705904327333,-0.000311072974,0.000497678294778],[0.000218844943447,-0.0010254161898,-0.0023784134537,0.00663754576817,-0.00247876555659,-0.00204533967189,0.00330235552974,-0.00197572819889,0.00288755912334,-0.00461274245754,0.00155297212768,0.00172497949097,-0.0017712211702],[-0.000084476378106,-0.000217242311919,0.000283113797195,-0.00247876555659,0.00785309635103,-0.00291886972263,0.00100667739753,0.000911858747713,-0.0052229212597,0.00306990649551,-0.00216354057193,-0.00053219293477,0.000504933937918],[-0.00000149230618263,0.000130136264488,0.000286019087071,-0.00204533967189,-0.00291886972263,0.0141088608652,-0.00735479826108,0.00113062537275,0.000992552144453,-0.00387801486067,0.00288247386925,-0.00355543964542,0.001928742975],[0.000126687940792,-0.000696614268236,-0.00213597109541,0.00330235552974,0.00100667739753,-0.00735479826108,0.0162334423512,-0.00725192669779,0.00274901394732,0.00141941895708,-0.00740975933149,0.00434406520799,-0.00362557009794],[0.0000624189560767,-0.000725617341232,0.000226268646657,-0.00197572819889,0.000911858747713,0.00113062537275,-0.00725192669779,0.0160483829677,-0.00738184712827,-0.00166424992494,0.00683219917119,-0.00577010400593,0.0017167662736],[0.00000586926580581,-0.000282534718281,-0.00158699834719,0.00288755912334,-0.0052229212597,0.000992552144453,0.00274901394732,-0.00738184712827,0.0183705259115,-0.00627371668816,-0.00106936087832,0.00450598588213,-0.00407552439719],[-0.000108316169644,0.000997905968688,0.00206732284278,-0.00461274245754,0.00306990649551,-0.00387801486067,0.00141941895708,-0.00166424992494,-0.00627371668816,0.0210161544383,-0.0109892720357,0.00179843709338,0.000687750405632],[0.000158131428179,-0.000984916463494,-0.000705904327333,0.00155297212768,-0.00216354057193,0.00288247386925,-0.00740975933149,0.00683219917119,-0.00106936087832,-0.0109892720357,0.0280305035412,-0.0140203321353,0.00456623034552],[-0.0000353612922481,0.000346897955751,-0.000311072974,0.00172497949097,-0.00053219293477,-0.00355543964542,0.00434406520799,-0.00577010400593,0.00450598588213,0.00179843709338,-0.0140203321353,0.0325450673699,-0.0144053893164],[0.00013723813754,-0.000308293267153,0.000497678294778,-0.0017712211702,0.000504933937918,0.001928742975,-0.00362557009794,0.0017167662736,-0.00407552439719,0.000687750405632,0.00456623034552,-0.0144053893164,0.0274639315903]],"mean":[-628.804870605,116.009567261,7.19020557404,18.6627197266,15.2338752747,2.44589710236,-2.23997831345,-0.78606659174,-0.21429541707,-2.0646071434,-3.96082663536,-2.13218641281,-3.16987681389]},"pitch_salience":{"dmean":0.0809897184372,"dmean2":0.13009634614,"dvar":0.0055957888253,"dvar2":0.0138141140342,"max":0.897684931755,"mean":0.566611289978,"median":0.583137273788,"min":0.0575332790613,"var":0.0176309645176},"silence_rate_20dB":{"dmean":0,"dmean2":0,"dvar":0,"dvar2":0,"max":1,"mean":1,"median":1,"min":1,"var":0},"silence_rate_30dB":{"dmean":0,"dmean2":0,"dvar":0,"dvar2":0,"max":1,"mean":1,"median":1,"min":1,"var":0},"silence_rate_60dB":{"dmean":0.00977790169418,"dmean2":0.0195585358888,"dvar":0.00968298967928,"dvar2":0.0228081252426,"max":1,"mean":0.0381284914911,"median":0,"min":0,"var":0.0366740003228},"spectral_centroid":{"dmean":226.248504639,"dmean2":350.345733643,"dvar":76077.40625,"dvar2":163490.640625,"max":11614.0507812,"mean":1250.57128906,"median":1064.85375977,"min":125.942901611,"var":1748350.375},"spectral_complexity":{"dmean":3.6513478756,"dmean2":5.44341993332,"dvar":12.0304574966,"dvar2":23.0406341553,"max":48,"mean":19.0955314636,"median":18,"min":0,"var":78.3401260376},"spectral_contrast_coeffs":{"dmean":[0.0582747198641,0.0491028018296,0.037458371371,0.0294380411506,0.0204296819866,0.0145827122033],"dmean2":[0.0926313698292,0.0808018743992,0.0596229061484,0.0464393347502,0.0327315367758,0.0236358530819],"dvar":[0.00221629347652,0.0016098379856,0.000973767542746,0.000642860482913,0.000299293169519,0.000155843023094],"dvar2":[0.00540937483311,0.00416268454865,0.00223269034177,0.00144116266165,0.000703648780473,0.000392409274355],"max":[-0.308842390776,-0.349253952503,-0.4089448452,-0.517440438271,-0.63202381134,-0.678138613701],"mean":[-0.60529589653,-0.73575091362,-0.785051107407,-0.793965756893,-0.801907122135,-0.796613276005],"median":[-0.606240749359,-0.749953269958,-0.799645602703,-0.809796631336,-0.806542396545,-0.796582639217],"min":[-0.97854757309,-0.981120705605,-0.978869020939,-0.971603691578,-0.968180119991,-0.966547906399],"var":[0.00908944755793,0.00745923165232,0.00573198869824,0.00444051343948,0.00185116298962,0.00109891220927]},"spectral_contrast_valleys":{"dmean":[0.473393857479,0.38248822093,0.330750912428,0.265080600977,0.200512886047,0.282935142517],"dmean2":[0.761085867882,0.628885388374,0.525298297405,0.41590860486,0.300696462393,0.349032759666],"dvar":[0.195027336478,0.135684087873,0.112624049187,0.0834965109825,0.0669038817286,0.124080859125],"dvar2":[0.401451766491,0.281332910061,0.213503718376,0.148318335414,0.100897289813,0.16792100668],"max":[-5.15766429901,-4.54580402374,-5.33991003036,-5.94024372101,-6.15883731842,-7.9732208252],"mean":[-7.35709095001,-6.8326625824,-7.45613527298,-7.62297391891,-7.63867855072,-9.91744804382],"median":[-6.8065905571,-6.48320388794,-7.12563991547,-7.27541065216,-7.2682762146,-9.59708309174],"min":[-28.2447185516,-27.9739303589,-27.8429412842,-27.8828849792,-27.6597385406,-27.4539852142],"var":[7.54555845261,7.30041694641,6.83990430832,6.66918706894,6.63759708405,5.65346860886]},"spectral_decrease":{"dmean":2.80041789757e-9,"dmean2":4.41271330587e-9,"dvar":1.11996929674e-17,"dvar2":2.7378677387e-17,"max":1.85971334326e-28,"mean":-8.74704841891e-9,"median":-7.78233832932e-9,"min":-3.02444362887e-8,"var":2.6649261251e-17},"spectral_energy":{"dmean":0.0107694137841,"dmean2":0.0168905667961,"dvar":0.000162532203831,"dvar2":0.000394830160076,"max":0.115823380649,"mean":0.0350473597646,"median":0.0311485864222,"min":1.00223699099e-20,"var":0.000409623171436},"spectral_energyband_high":{"dmean":0.000342893210473,"dmean2":0.000438940594904,"dvar":2.91142498554e-7,"dvar2":4.79828315747e-7,"max":0.00789301563054,"mean":0.00076630100375,"median":0.000504221592564,"min":6.93285839995e-21,"var":6.95476671808e-7},"spectral_energyband_low":{"dmean":0.00814137235284,"dmean2":0.0130273317918,"dvar":0.000155131987412,"dvar2":0.00038280847366,"max":0.09696598351,"mean":0.0146876918152,"median":0.00975990761071,"min":9.96913423756e-24,"var":0.000254537590081},"spectral_energyband_middle_high":{"dmean":0.00189594575204,"dmean2":0.00253499741666,"dvar":0.00000954397455644,"dvar2":0.0000145117901411,"max":0.0668157562613,"mean":0.00627119187266,"median":0.00344980275258,"min":1.20900635532e-21,"var":0.0000678105425322},"spectral_energyband_middle_low":{"dmean":0.00602317415178,"dmean2":0.00964280217886,"dvar":0.0000607074180152,"dvar2":0.000153318338562,"max":0.0809040740132,"mean":0.0147114014253,"median":0.011935820803,"min":1.62284717858e-22,"var":0.000123386838823},"spectral_entropy":{"dmean":0.162419319153,"dmean2":0.223649978638,"dvar":0.0280517507344,"dvar2":0.0520715788007,"max":9.82520294189,"mean":7.70492362976,"median":7.73921585083,"min":5.59249639511,"var":0.23015524447},"spectral_flux":{"dmean":0.0320971608162,"dmean2":0.0491978414357,"dvar":0.00112342240755,"dvar2":0.00247970153578,"max":0.317559272051,"mean":0.101335830986,"median":0.0926887691021,"min":6.41898478815e-11,"var":0.00281736953184},"spectral_kurtosis":{"dmean":1.29592072964,"dmean2":1.91615355015,"dvar":2.33868408203,"dvar2":5.31643915176,"max":34.4916877747,"mean":4.36892843246,"median":3.66830182076,"min":-1.25667059422,"var":9.32457542419},"spectral_rms":{"dmean":0.000868635775987,"dmean2":0.00133404624648,"dvar":8.85770532477e-7,"dvar2":0.00000206962090488,"max":0.0106300720945,"mean":0.00554763106629,"median":0.0055126096122,"min":3.1269670013e-12,"var":0.0000034162699194},"spectral_rolloff":{"dmean":453.767181396,"dmean2":733.37487793,"dvar":720412.25,"dvar2":1499206.875,"max":19896.6796875,"mean":1432.86950684,"median":882.861328125,"min":64.599609375,"var":6348073},"spectral_skewness":{"dmean":0.180722817779,"dmean2":0.263214230537,"dvar":0.0308731738478,"dvar2":0.064664542675,"max":3.91808772087,"mean":1.65889513493,"median":1.6088681221,"min":-0.0865999683738,"var":0.213072568178},"spectral_spread":{"dmean":737088.625,"dmean2":978022.625,"dvar":1031339769860,"dvar2":1930162077700,"max":53782364,"mean":5985672,"median":5276241,"min":1368296.375,"var":22298874609700},"spectral_strongpeak":{"dmean":0.518560528755,"dmean2":0.856897711754,"dvar":1.06503212452,"dvar2":2.51376438141,"max":15.7383556366,"mean":1.00246298313,"median":0.533486247063,"min":0,"var":2.32669258118},"zerocrossingrate":{"dmean":0.012560130097,"dmean2":0.0145062096417,"dvar":0.000216527114389,"dvar2":0.000277958315564,"max":0.52685546875,"mean":0.0678382217884,"median":0.05615234375,"min":0.00390625,"var":0.0042637437582}},"metadata":{"audio_properties":{"analysis_sample_rate":44100,"bit_rate":0,"codec":"flac","downmix":"mix","equal_loudness":0,"length":166.226669312,"lossless":true,"md5_encoded":"b219fea4ed2b54e7b7cd3a4eb77fbe56","replay_gain":-15.522351265,"sample_rate":44100},"tags":{"album":["Thickfreakness"],"albumartist":["The Black Keys"],"albumartistsort":["Black Keys, The"],"artist":["The Black Keys"],"artistsort":["Black Keys, The"],"catalognumber":["80371-1"],"date":["2003-04-08"],"discnumber":["1"],"disctotal":["1"],"file_name":"01-03 Set You Free.flac","genre":["Rock"],"label":["Fat Possum Records"],"media":["Vinyl"],"musicbrainz_albumartistid":["d15721d8-56b4-453d-b506-fc915b14cba2"],"musicbrainz_albumid":["36b58cd2-2a2f-36ad-81b3-7ab044d01d19"],"musicbrainz_artistid":["d15721d8-56b4-453d-b506-fc915b14cba2"],"musicbrainz_recordingid":["ddca057c-0e46-4b9f-a84b-6a0d37ab098e"],"musicbrainz_releasegroupid":["35bacad8-4327-33f2-9e7a-3a69721ca707"],"originaldate":["2003-04-08"],"releasecountry":["US"],"releasestatus":["official"],"releasetype":["album"],"script":["Latn"],"title":["Set You Free"],"totaldiscs":["1"],"totaltracks":["11"],"tracknumber":["3"],"tracktotal":["11"],"year":["2003"]},"version":{"essentia":"2.1-beta1","essentia_build_sha":"ca57ba49d9b1854bd80e60cf9ccf267278fb7d6b","essentia_git_sha":"v2.1_beta1-28-g21ef5f4-dirty","extractor":"music 1.0"}},"rhythm":{"beats_count":342,"beats_loudness":{"dmean":0.0164697188884,"dmean2":0.0289730187505,"dvar":0.000189136044355,"dvar2":0.000555803533643,"max":0.0921178162098,"mean":0.0464645214379,"median":0.0456474721432,"min":0,"var":0.000256907078438},"beats_loudness_band_ratio":{"dmean":[0.346425592899,0.175674214959,0.119738824666,0.11015868932,0.060684338212,0.0563259199262],"dmean2":[0.652813613415,0.331104546785,0.213864937425,0.200597688556,0.111548230052,0.110309183598],"dvar":[0.0531542226672,0.0198220983148,0.0154160894454,0.0187797416002,0.0033978105057,0.00226797978394],"dvar2":[0.175355881453,0.0646484792233,0.0402309186757,0.0519323348999,0.00958239287138,0.00714491540566],"max":[0.984830319881,0.780051827431,0.853270113468,0.716190636158,0.461655855