{"lowlevel":{"average_loudness":0.618528068066,"barkbands":{"dmean":[0.0000270159780484,0.000185650947969,0.000709883461241,0.00147387490142,0.00192170636728,0.00223598675802,0.000750403851271,0.000608713249676,0.000340296770446,0.000348029221641,0.000168935817783,0.000131195163704,0.000296966172755,0.000356105709216,0.00015156394511,0.000164735538419,0.0000720248062862,0.0000707025028532,0.0000531651203346,0.0000761689370847,0.0000468975886179,0.0000572222488699,0.0000539344728168,0.0000537551568414,0.0000645834661555,0.0000628618217888,0.0000291433589155],"dmean2":[0.0000456315538031,0.000326863635564,0.00109422579408,0.00228900043294,0.00300015904941,0.0032295207493,0.0010161040118,0.000894944474567,0.000515109859407,0.000524738396052,0.000262977438979,0.000205993521377,0.000453476124676,0.000565435213502,0.000238096821704,0.000270133692538,0.000112973728392,0.000107324070996,0.000080632569734,0.000118145893794,0.0000693753245287,0.0000838287960505,0.0000807504329714,0.0000791697821114,0.0000963345519267,0.0000963721249718,0.0000454249784525],"dvar":[7.5942180322e-10,8.29708213246e-8,0.00000160537274496,0.0000101129089671,0.00000792384162196,0.0000161445041158,0.00000685251370669,0.00000263919878307,8.34152160678e-7,8.22988909022e-7,4.26883076443e-7,1.07044428432e-7,0.00000116639421321,0.00000106790548671,1.69587025312e-7,0.00000100509680578,2.89615407212e-8,1.77430727888e-8,1.04344879404e-8,6.40002397745e-8,3.30778924251e-8,5.84854582542e-8,7.67830954373e-8,2.36298429712e-8,3.56771074905e-8,2.5862423314e-8,4.77460515569e-9],"dvar2":[2.30739849449e-9,2.40545972474e-7,0.00000374216347154,0.0000244420189119,0.0000195241718757,0.0000350971167791,0.0000105200060716,0.00000616005490883,0.00000185522731044,0.00000189423906249,9.83976747193e-7,2.30160225101e-7,0.00000255532609117,0.0000026902407626,3.99327973355e-7,0.00000300802025777,6.65371544528e-8,4.2487396712e-8,2.37698820627e-8,1.65252373563e-7,7.8076077159e-8,1.2168229091e-7,1.45604175827e-7,5.06549611146e-8,8.57982485059e-8,6.09314056987e-8,1.14464571155e-8],"max":[0.000516457483172,0.00569903338328,0.0369427837431,0.107460677624,0.060446254909,0.11330153048,0.112686999142,0.0469335280359,0.0246569346637,0.0239964481443,0.0316043011844,0.0169254932553,0.0302463583648,0.0298756919801,0.01471186243,0.047037538141,0.00672696856782,0.00351567007601,0.00204310030676,0.0101348981261,0.0134119093418,0.0134455738589,0.0173761863261,0.00635154079646,0.00763589935377,0.00324338511564,0.00147904758342],"mean":[0.000130411586724,0.000261155248154,0.00165351270698,0.00293759279884,0.00465510552749,0.00537333637476,0.00162523484323,0.00130807352252,0.000693678972311,0.000806219584774,0.000352723291144,0.000255222053966,0.000540512846783,0.000736318761483,0.000287777278572,0.000302191940136,0.000149137660628,0.000140245843795,0.000102194797364,0.000111498833576,0.0000709478335921,0.0000864492903929,0.0000689074804541,0.0000666403866489,0.0000727320366423,0.000061021248257,0.0000340778642567],"median":[0.000130485190311,0.00013584390399,0.000688523985445,0.00108334177639,0.00289704441093,0.0024774807971,0.000318413658533,0.0004212638014,0.000171059306012,0.000131114618853,0.000070317000791,0.00009120409959,0.0000904751577764,0.0000622168736299,0.0000871955198818,0.000059917132603,0.0000535804356332,0.0000624234089628,0.0000464916302008,0.0000428444036515,0.0000249357690336,0.000028342130463,0.0000156453734235,0.0000155171692313,0.0000158923648996,0.00000872674718266,0.0000144504083437],"min":[5.81907092433e-25,1.80026262725e-24,2.07228277218e-24,1.16464650708e-25,4.11929990729e-24,1.28301055489e-23,9.06703471598e-24,7.99667510762e-24,2.22959291739e-23,1.46960700343e-23,1.41539143332e-23,1.59688324183e-23,2.00727408605e-23,2.43294374605e-23,5.13146603554e-23,6.18937615664e-23,5.21690440474e-23,8.05717348153e-23,1.17865323436e-22,1.36188429185e-22,2.10770860639e-22,3.17573110388e-22,3.93668703277e-22,6.22873968472e-22,8.56000869486e-22,1.29986172507e-21,1.90803405257e-21],"var":[1.616311196e-9,1.41265246612e-7,0.00000597581629336,0.0000308503222186,0.0000295336485578,0.0000733343549655,0.0000334683209076,0.00000968268341239,0.00000265868675342,0.00000420217793362,0.00000158390594152,3.24574443766e-7,0.00000322514620166,0.0000042985084292,4.75129638744e-7,0.00000240847521127,7.58556808478e-8,4.32352322832e-8,2.34021548806e-8,7.32990201868e-8,5.36543218743e-8,1.03290886955e-7,1.47517795313e-7,3.49978250824e-8,3.73764272865e-8,2.57829047001e-8,4.78380446367e-9]},"barkbands_crest":{"dmean":2.17912840843,"dmean2":3.41753435135,"dvar":3.75103783607,"dvar2":9.20998477936,"max":25.4872894287,"mean":11.2372665405,"median":10.5523357391,"min":2.78848052025,"var":15.4422874451},"barkbands_flatness_db":{"dmean":0.0223608445376,"dmean2":0.0298751909286,"dvar":0.000414479261963,"dvar2":0.000717469491065,"max":0.341570109129,"mean":0.141146242619,"median":0.136965215206,"min":0.0190490745008,"var":0.00262247817591},"barkbands_kurtosis":{"dmean":5.1981253624,"dmean2":7.66667938232,"dvar":54.6694412231,"dvar2":123.98500061,"max":180.586502075,"mean":12.3296499252,"median":7.95652770996,"min":-1.90797400475,"var":196.784439087},"barkbands_skewness":{"dmean":0.593598306179,"dmean2":0.880876600742,"dvar":0.35052216053,"dvar2":0.811319470406,"max":11.5579214096,"mean":2.51759338379,"median":2.50488400459,"min":-2.18901824951,"var":2.11518788338},"barkbands_spread":{"dmean":5.6661195755,"dmean2":8.26888656616,"dvar":77.9210968018,"dvar2":160.632614136,"max":140.364318848,"mean":15.6434650421,"median":11.6695518494,"min":0.722798287868,"var":218.908096313},"dissonance":{"dmean":0.0196451842785,"dmean2":0.0317595265806,"dvar":0.000333435891662,"dvar2":0.000865519745275,"max":0.5,"mean":0.44088190794,"median":0.44961553812,"min":0.257214576006,"var":0.00153804605361},"dynamic_complexity":3.68847727776,"erbbands":{"dmean":[0.0017947035376,0.0579777359962,0.575787186623,3.32934999466,5.38955640793,6.03639173508,17.3717346191,16.8300495148,14.0805330276,7.51714038849,12.2713098526,7.54525136948,8.54888629913,10.2716712952,5.56712055206,5.70298719406,11.6131000519,17.9382190704,10.359046936,9.61431217194,5.57215499878,3.53985309601,3.55481648445,3.4934835434,2.29350948334,3.72174739838,1.99232316017,2.05393362045,2.07353210449,1.49035406113,1.54442846775,1.24328529835,0.894352018833,0.632493257523,0.511242747307,0.233038961887,0.124514363706,0.0431670099497,0.00509086670354,0.000182542469702],"dmean2":[0.0031330906786,0.100810602307,0.906133294106,5.08042812347,8.54309940338,9.28194522858,26.6145896912,23.4338531494,18.5122337341,11.1047973633,18.0699615479,11.3592195511,12.6514959335,15.1288299561,8.8649930954,8.7235918045,17.4534263611,28.326997757,15.5192317963,15.4358558655,9.00549316406,5.51539516449,5.48641014099,5.28468608856,3.43610095978,5.79039382935,2.97107243538,3.04283308983,3.03262019157,2.22680497169,2.29417586327,1.86046385765,1.33875453472,0.939838588238,0.778122842312,0.352328628302,0.193320870399,0.0679223239422,0.00785526074469,0.000283040397335],"dvar":[0.00000501544855069,0.00871003698558,1.07796609402,38.3538589478,114.342605591,79.1903457642,740.597595215,1450.14208984,2279.38623047,411.545532227,1182.4362793,450.870330811,610.366882324,797.989562988,473.65612793,176.921203613,1684.30285645,2565.64355469,1242.94970703,1798.9564209,830.085571289,69.1379547119,47.0820198059,41.8690338135,26.0931377411,175.168380737,42.4647598267,67.7593612671,70.7508392334,53.5973014832,92.3587646484,19.9891452789,4.90838861465,2.27690958977,3.72402882576,0.337937653065,0.1141282022,0.0147212678567,0.000115828734124,9.89980293298e-8],"dvar2":[0.0000144557898238,0.0247077234089,2.62157726288,94.4882049561,279.793792725,192.827163696,1883.01501465,2927.00488281,3470.21240234,872.284301758,2802.17480469,974.356872559,1287.87963867,1791.47583008,1141.52978516,361.890411377,3587.55395508,6424.44384766,2131.49829102,4859.84570312,2305.38330078,159.487976074,114.432044983,93.0983657837,62.8168716431,448.949920654,100.069145203,145.315841675,130.920928955,117.351371765,189.260177612,41.942199707,10.9872980118,5.06756210327,9.57849216461,0.781932890415,0.27458640933,0.0357631929219,0.000271042285021,2.27527181096e-7],"max":[0.0325878150761,2.03349232674,27.8266086578,182.112762451,237.34072876,242.812728882,582.901062012,1307.63305664,2020.66674805,849.513977051,1153.73950195,744.873352051,800.53692627,772.093505859,1056.3737793,769.583312988,1173.30737305,1597.5904541,1163.32751465,1941.35107422,978.786315918,346.880004883,185.796737671,133.233474731,151.210647583,527.361816406,451.086395264,572.195129395,561.780273438,458.08392334,665.915710449,213.174545288,44.1852684021,26.4801902771,93.2000427246,13.3119840622,6.22878837585,2.18213224411,0.225466579199,0.0069228024222],"mean":[0.00326173496433,0.0973547399044,1.37729084492,7.44152975082,9.936378479,14.9762496948,38.3313446045,40.9547996521,33.4398231506,17.0187664032,26.9920005798,16.6016349792,18.8943462372,26.1952056885,12.6897602081,12.6105728149,23.7790222168,38.3341178894,22.3715763092,18.6799964905,11.5996446609,7.94962120056,7.70749139786,7.02459478378,4.4038848877,5.34874248505,3.15757751465,3.06468057632,3.24489665031,2.11602115631,1.92508995533,1.54806256294,1.07306313515,0.73796582222,0.541413605213,0.243857964873,0.116503171623,0.0392245315015,0.00634965207428,0.000288837356493],"median":[0.00237668165937,0.0504807680845,0.613332748413,3.13793325424,4.99350643158,9.28039741516,20.564409256,15.0067949295,8.26429748535,6.92105817795,8.74874687195,4.601085186,3.98469424248,4.53021812439,3.39536046982,4.61121988297,4.8790178299,4.27330875397,4.0072016716,5.23771190643,3.34685826302,3.3382871151,3.59554243088,3.35614490509,2.01732683182,2.0843539238,1.20042324066,1.07319927216,1.06079554558,0.633955717087,0.414568662643,0.326295822859,0.255411505699,0.18103531003,0.0979577749968,0.042055092752,0.014776231721,0.00423870608211,0.00306191248819,0.000194210238988],"min":[7.17815397899e-23,3.09732135913e-22,2.93866918797e-21,3.00173585317e-21,5.185493882e-21,1.90393486373e-20,4.92061925997e-20,1.19885043936e-19,1.29626439817e-19,1.75959785682e-19,2.38684930306e-19,4.71069329284e-19,3.88402449829e-19,8.9930042221e-19,1.07042930509e-18,1.03575689235e-18,1.53166645542e-18,1.49539510255e-18,2.0047117124e-18,3.69702998107e-18,3.85343122334e-18,3.79928191249e-18,5.01518157825e-18,6.74065469343e-18,7.25507790279e-18,6.88460852185e-18,8.19753936859e-18,9.1396037877e-18,1.1573792844e-17,9.72842238058e-18,1.11906667725e-17,1.15078632405e-17,1.10700158627e-17,8.74742670594e-18,6.46133441214e-18,3.66152449404e-18,2.50993357141e-18,8.59358351972e-19,2.58412541681e-19,2.82163843898e-20],"var":[0.00000912074938242,0.0200041085482,4.32909059525,133.92250061,247.506607056,315.550048828,2734.02270508,6546.40380859,11334.1611328,1689.83410645,4028.31201172,1547.6776123,2469.28393555,5247.11621094,1499.95507812,736.776306152,5352.72851562,10036.5361328,4729.12304688,3398.30639648,2170.68359375,191.887786865,124.551902771,100.66015625,47.7646408081,197.403457642,64.1583023071,128.318008423,160.993942261,76.1783905029,161.421981812,33.2714805603,6.530585289,2.81312417984,3.24446225166,0.36617898941,0.107445195317,0.0134992804378,0.000125704071252,1.23871146229e-7]},"erbbands_crest":{"dmean":2.6118209362,"dmean2":4.03901958466,"dvar":5.55691289902,"dvar2":13.6673555374,"max":30.6256694794,"mean":10.6720514297,"median":9.72696304321,"min":2.11598515511,"var":23.671453476},"erbbands_flatness_db":{"dmean":0.0199922788888,"dmean2":0.0261897388846,"dvar":0.000338380312314,"dvar2":0.000544542446733,"max":0.339818626642,"mean":0.149666696787,"median":0.14830866456,"min":0.0276603475213,"var":0.00233557494357},"erbbands_kurtosis":{"dmean":1.35235571861,"dmean2":2.02846074104,"dvar":3.428804636,"dvar2":7.2992939949,"max":42.8475227356,"mean":1.78564500809,"median":0.558325409889,"min":-1.7809702158,"var":13.5875825882},"erbbands_skewness":{"dmean":0.398986816406,"dmean2":0.587586045265,"dvar":0.144139140844,"dvar2":0.313711047173,"max":5.43033361435,"mean":0.960203647614,"median":0.885772109032,"min":-3.2653324604,"var":0.89405554533},"erbbands_spread":{"dmean":9.31197166443,"dmean2":13.1606063843,"dvar":139.03074646,"dvar2":262.70413208,"max":138.182998657,"mean":37.9338111877,"median":32.9650344849,"min":3.51738619804,"var":477.657867432},"gfcc":{"cov":[[18975.7304688,330.271759033,-2093.26782227,-19.9313392639,-899.299621582,49.5787124634,-787.414428711,-194.625030518,-556.097900391,113.232696533,-321.897155762,-0.994056761265,-197.717514038],[330.271759033,1214.87512207,-119.289329529,-181.625350952,111.285423279,-188.955444336,43.4722480774,-71.0277709961,124.194198608,-136.682739258,50.7325668335,-109.609443665,36.6683387756],[-2093.26782227,-119.289329529,1032.29309082,218.91696167,71.1501541138,-1.78998720646,67.0607757568,52.4575691223,-27.0418434143,-28.572561264,-13.4331617355,-53.6937599182,-80.3403930664],[-19.9313392639,-181.625350952,218.91696167,279.761871338,2.83051300049,20.4133911133,-30.1876792908,10.3741950989,-43.9778747559,-1.56214702129,-27.5904865265,-10.2912216187,-30.8243217468],[-899.299621582,111.285423279,71.1501541138,2.83051300049,172.69178772,-0.995920181274,47.6737937927,-0.770980775356,30.5366020203,-36.1985321045,11.2645988464,-23.5777893066,12.8291034698],[49.5787124634,-188.955444336,-1.78998720646,20.4133911133,-0.995920181274,153.309310913,30.4216861725,8.3458108902,-58.309463501,17.6803779602,-18.7517204285,1.11659991741,-32.7261161804],[-787.414428711,43.4722480774,67.0607757568,-30.1876792908,47.6737937927,30.4216861725,130.749938965,17.2253265381,28.7097549438,-9.39041900635,24.4872646332,-15.6893768311,2.9879925251],[-194.625030518,-71.0277709961,52.4575691223,10.3741950989,-0.770980775356,8.3458108902,17.2253265381,72.3371353149,22.2219257355,15.2452497482,-8.03935337067,-2.1592695713,-11.2440280914],[-556.097900391,124.194198608,-27.0418434143,-43.9778747559,30.5366020203,-58.309463501,28.7097549438,22.2219257355,134.3722229,18.6311855316,23.7188053131,-14.2330598831,27.322019577],[113.232696533,-136.682739258,-28.572561264,-1.56214702129,-36.1985321045,17.6803779602,-9.39041900635,15.2452497482,18.6311855316,103.438919067,18.7392082214,10.7034749985,-2.68070721626],[-321.897155762,50.7325668335,-13.4331617355,-27.5904865265,11.2645988464,-18.7517204285,24.4872646332,-8.03935337067,23.7188053131,18.7392082214,85.1532974243,24.3292255402,24.329000473],[-0.994056761265,-109.609443665,-53.6937599182,-10.2912216187,-23.5777893066,1.11659991741,-15.6893768311,-2.1592695713,-14.2330598831,10.7034749985,24.3292255402,86.5662384033,35.2891082764],[-197.717514038,36.6683387756,-80.3403930664,-30.8243217468,12.8291034698,-32.7261161804,2.9879925251,-11.2440280914,27.322019577,-2.68070721626,24.329000473,35.2891082764,81.5498657227]],"icov":[[0.000163952790899,-0.000236489475355,0.000319111364661,-0.000176924935658,0.000531158759259,-0.00001923898526,0.000464408047264,-0.000142323522596,0.000630664813798,-0.000325213826727,0.00033581192838,0.0000383635197068,0.000284653913695],[-0.000236489475355,0.00220909109339,-0.000290639669402,0.00104437500704,-0.0010272145737,0.00148280814756,-0.000733966415282,0.00135857926216,-0.00164283602498,0.00260124704801,-0.00181718496606,0.0024012774229,-0.000348447443685],[0.000319111364661,-0.000290639669402,0.00207738694735,-0.00133660680149,0.000568647636101,0.00091716874158,-0.000111084933451,-0.000933265138883,0.00168971566018,-0.000370552821551,0.000346732442267,0.00037546583917,0.00175551942084],[-0.000176924935658,0.00104437500704,-0.00133660680149,0.00536576937884,-0.001028674189,0.000117044604849,0.00111663981806,0.000240567140281,-0.0000866022674018,0.000915678625461,-0.000311253417749,0.00115141668357,-0.000332401890773],[0.000531158759259,-0.0010272145737,0.000568647636101,-0.001028674189,0.00955853797495,-0.00161304499488,0.000224192204769,-0.000121814206068,0.000218008950469,0.00159140489995,0.000049374790251,0.0018714198377,-0.00110024982132],[-0.00001923898526,0.00148280814756,0.00091716874158,0.000117044604849,-0.00161304499488,0.0122905233875,-0.00490302406251,0.00010327356722,0.00482354126871,-0.00198893249035,0.00164759787731,0.000181215611519,0.00336289894767],[0.000464408047264,-0.000733966415282,-0.000111084933451,0.00111663981806,0.000224192204769,-0.00490302406251,0.0136947752908,-0.00274418620393,-0.000853480771184,0.00153524498455,-0.00336763914675,0.00267322151922,-0.000930089387111],[-0.000142323522596,0.00135857926216,-0.000933265138883,0.000240567140281,-0.000121814206068,0.00010327356722,-0.00274418620393,0.0184737090021,-0.00539005827159,-0.00059007445816,0.00246074446477,-0.00147306360304,0.00261363829486],[0.000630664813798,-0.00164283602498,0.00168971566018,-0.0000866022674018,0.000218008950469,0.00482354126871,-0.000853480771184,-0.00539005827159,0.0163323376328,-0.00586114870384,0.000928403344005,0.00263416022062,-0.00199226709083],[-0.000325213826727,0.00260124704801,-0.000370552821551,0.000915678625461,0.00159140489995,-0.00198893249035,0.00153524498455,-0.00059007445816,-0.00586114870384,0.0164505876601,-0.00646914169192,0.00266368640587,0.000118562420539],[0.00033581192838,-0.00181718496606,0.000346732442267,-0.000311253417749,0.000049374790251,0.00164759787731,-0.00336763914675,0.00246074446477,0.000928403344005,-0.00646914169192,0.0187999624759,-0.00694310292602,-0.000156559675816],[0.0000383635197068,0.0024012774229,0.00037546583917,0.00115141668357,0.0018714198377,0.000181215611519,0.00267322151922,-0.00147306360304,0.00263416022062,0.00266368640587,-0.00694310292602,0.0215391665697,-0.0087485993281],[0.000284653913695,-0.000348447443685,0.00175551942084,-0.000332401890773,-0.00110024982132,0.00336289894767,-0.000930089387111,0.00261363829486,-0.00199226709083,0.000118562420539,-0.000156559675816,-0.0087485993281,0.0211340337992]],"mean":[-28.2181625366,78.550491333,-85.2777481079,4.35409784317,-53.5143470764,-12.4744663239,-45.1985855103,-10.933350563,-27.6531276703,-5.68600225449,-16.4801883698,-5.55398607254,-12.5941534042]},"hfc":{"dmean":5.11344861984,"dmean2":7.32341957092,"dvar":77.658744812,"dvar2":158.331329346,"max":256.379577637,"mean":15.5919656754,"median":10.2376327515,"min":1.04613869559e-16,"var":262.769042969},"melbands":{"dmean":[0.0000324122738675,0.00021886844479,0.000591912015807,0.000424253201345,0.000505861185957,0.000388494401705,0.000193612853764,0.0000934881536523,0.0000962322956184,0.0000458663307654,0.0000437929447799,0.0000444725992566,0.0000226200645557,0.0000131718998091,0.0000169548038684,0.0000339887483278,0.0000360174672096,0.0000197294029931,0.0000103225847852,0.0000163398544828,0.00000536439983989,0.00000387116324418,0.00000397699841415,0.0000038008017782,0.00000308388985104,0.00000156038345267,0.00000256803855336,0.00000255294003182,0.00000127356418034,0.00000117428578505,0.00000131325396069,0.00000125922986172,0.00000104129719602,7.96938650183e-7,7.90460035205e-7,0.00000114067017876,6.53066990708e-7,6.03962917012e-7,6.60018315557e-7,4.91531068292e-7],"dmean2":[0.0000570479896851,0.000347866094671,0.000909291149583,0.000666262523737,0.000773738196585,0.000541366171092,0.000256746192463,0.000138924762723,0.000141618671478,0.000069292182161,0.0000646065964247,0.0000656872653053,0.0000360234225809,0.0000203629515454,0.0000256802395597,0.0000514877938258,0.0000571506861888,0.0000295924710372,0.0000162274391187,0.0000268479252554,0.00000850183005241,0.0000060949323597,0.00000628144425718,0.00000586992200624,0.00000472322017231,0.00000239095106735,0.00000400609542339,0.00000402755540563,0.00000194892209038,0.00000177402932877,0.00000197569147531,0.00000186251315881,0.00000155526970502,0.00000121789628338,0.00000117623517326,0.00000175729098828,9.70033170233e-7,9.1856952622e-7,9.98092332338e-7,7.37773689252e-7],"dvar":[2.11149808749e-9,1.52896376449e-7,0.00000127306248032,4.85630778257e-7,5.86308033235e-7,6.50208505704e-7,3.90347565826e-7,6.54667360322e-8,6.92232973165e-8,1.70797793686e-8,1.56478332514e-8,1.48324890148e-8,9.52065359883e-9,9.11601516496e-10,2.77338574328e-9,1.71398415461e-8,1.07063895527e-8,5.32676214249e-9,7.15220660474e-10,1.00642782996e-8,6.31159180475e-10,8.61486645909e-11,9.50249254283e-11,4.97107216502e-11,3.4267592236e-11,9.97950767162e-12,9.64659185865e-11,7.10157280204e-11,1.51756055639e-11,1.66070421304e-11,3.08338701793e-11,2.55921811521e-11,3.21319325314e-11,1.44847701541e-11,2.986012132e-11,2.55740949251e-11,6.60029756544e-12,2.40763203645e-12,2.50442548644e-12,1.54006733581e-12],"dvar2":[6.1799072526e-9,3.73084873218e-7,0.00000308221137857,0.00000122046515116,0.00000148031836034,0.00000131131321268,6.0616605424e-7,1.4484538724e-7,1.5815882648e-7,3.69313148951e-8,3.34994432194e-8,3.33808323205e-8,2.33559287466e-8,1.91101845459e-9,5.86341997177e-9,3.74487179045e-8,2.67074842242e-8,9.33021304661e-9,1.76092118664e-9,2.90441555251e-8,1.48577850023e-9,2.00075234158e-10,2.30411828506e-10,1.18214146805e-10,7.84741022164e-11,2.37061620334e-11,2.59015864312e-10,1.78070710954e-10,3.52191158182e-11,3.88301474308e-11,6.83502837662e-11,4.44793334109e-11,7.84499756823e-11,3.05303664294e-11,6.08469455377e-11,5.63660403075e-11,1.37404211273e-11,5.46165066298e-12,5.73822283093e-12,3.5268008132e-12],"max":[0.000849360541906,0.0103450892493,0.0365209542215,0.0122689604759,0.0153030510992,0.0259002670646,0.0262170117348,0.0105112977326,0.00936714373529,0.00419344659895,0.00416363868862,0.0033429954201,0.0048806341365,0.00187994446605,0.00176507036667,0.00400099856779,0.0036591461394,0.0025462214835,0.0009696885827,0.00495695695281,0.000923301209696,0.000351567810867,0.000307236274239,0.000160074385349,0.00011620780424,0.0000745366560295,0.000411099579651,0.000300029962091,0.000231703466852,0.000273379468126,0.000363224098692,0.000401026773034,0.000402085424867,0.000249727250775,0.000353419251041,0.000280670123175,0.000155908768647,0.0000370269699488,0.0000302047137666,0.0000229333109019],"mean":[0.0000525835093867,0.000510286074132,0.00127764185891,0.000893005984835,0.00117566995323,0.000951512192842,0.000453294458566,0.00020008260617,0.000210577069083,0.0000962476988207,0.0000925063577597,0.000109064487333,0.0000483857947984,0.0000273969399132,0.0000356399614247,0.0000641170045128,0.0000726135476725,0.0000393662812712,0.0000200999002118,0.0000287144921458,0.0000100919360193,0.0000079737528722,0.00000766050652601,0.00000716741897122,0.00000568731275052,0.00000301228556054,0.00000369879899154,0.00000352254892277,0.00000199132000489,0.00000166923905454,0.00000183628628747,0.00000193026289708,0.00000146630361542,0.00000106404797862,9.73912733571e-7,0.00000129707234464,8.18740033992e-7,7.15637725079e-7,7.63910861679e-7,5.57944076718e-7],"median":[0.0000340896222042,0.000234615639783,0.000617375364527,0.000490156584419,0.000657285621855,0.000374021590687,0.000113406495075,0.0000790003396105,0.000065044281655,0.0000241936941165,0.0000180110127985,0.0000177692636498,0.0000104680211734,0.0000106297911771,0.0000103530655906,0.0000104494747575,0.00000673555496178,0.00000491928767588,0.00000675496357871,0.00000583402106713,0.00000291621518045,0.00000310742598231,0.00000288985393126,0.00000306662309413,0.00000257701685769,0.00000132888840199,0.00000135019001846,0.00000130323996927,7.14314694505e-7,5.4256418025e-7,6.02376530878e-7,6.02711054398e-7,4.4991577397e-7,2.8019991305e-7,2.069234597e-7,2.22528370841e-7,1.76694655352e-7,1.68236653053e-7,1.81645390285e-7,1.34112326577e-7],"min":[8.29869050518e-25,1.72142603775e-24,4.58474914062e-25,6.49967447538e-25,1.3806447334e-24,2.51507296208e-24,1.87215408534e-24,2.16727582467e-24,1.84518293099e-24,2.53815621546e-24,1.41060793856e-24,2.51411351001e-24,2.64354822961e-24,1.42656186151e-24,2.37904671797e-24,2.18010309742e-24,2.20160961506e-24,2.74208701465e-24,3.70872304967e-24,4.16231412587e-24,4.28579255121e-24,3.36426496326e-24,3.05696893079e-24,4.36191723414e-24,4.57945154521e-24,5.04947498849e-24,4.09944191173e-24,3.72660179323e-24,3.19574435516e-24,5.26867813481e-24,5.35826985668e-24,6.11213649771e-24,4.13321699138e-24,4.59158580365e-24,5.10738408425e-24,6.36678434779e-24,5.34332567569e-24,7.00217394162e-24,6.102371583e-24,7.02697572848e-24],"var":[3.48823747665e-9,5.82658913117e-7,0.00000395607185055,0.00000137954725687,0.00000228699650506,0.00000301432737615,0.00000191396839,2.57510663459e-7,2.45288305223e-7,5.69980080911e-8,6.40315036549e-8,9.44793754343e-8,3.04165439502e-8,3.27980398396e-9,1.0151515184e-8,4.70094576599e-8,4.23838493191e-8,2.03032328727e-8,1.65694769017e-9,2.1260145644e-8,1.22056242891e-9,2.14177064972e-10,2.1657355076e-10,1.26734706063e-10,7.34390187551e-11,2.18159362103e-11,9.67246838179e-11,8.68849783786e-11,2.37322227842e-11,2.62223211894e-11,5.48771202091e-11,6.54233889286e-11,3.53588963664e-11,2.17695236837e-11,5.14214296143e-11,3.88255087802e-11,1.00364248162e-11,3.17249308421e-12,2.98439441562e-12,1.77931714501e-12]},"melbands_crest":{"dmean":2.96177220345,"dmean2":4.71512174606,"dvar":6.68082284927,"dvar2":17.0333995819,"max":39.041519165,"mean":15.705696106,"median":14.9683532715,"min":1.55665016174,"var":29.1149921417},"melbands_flatness_db":{"dmean":0.0268143359572,"dmean2":0.0355149134994,"dvar":0.000640834565274,"dvar2":0.00111549161375,"max":0.489832818508,"mean":0.232146769762,"median":0.226011574268,"min":0.00296276016161,"var":0.00482191890478},"melbands_kurtosis":{"dmean":8.46561336517,"dmean2":12.7502002716,"dvar":199.667694092,"dvar2":500.963500977,"max":755.61907959,"mean":21.8612098694,"median":16.8115081787,"min":-1.8146289587,"var":492.167144775},"melbands_skewness":{"dmean":0.697264611721,"dmean2":1.03606855869,"dvar":0.524243891239,"dvar2":1.18221271038,"max":20.4639587402,"mean":3.25264835358,"median":3.1595249176,"min":-0.942932665348,"var":2.93915700912},"melbands_spread":{"dmean":4.15306949615,"dmean2":6.2596077919,"dvar":46.5434799194,"dvar2":107.071266174,"max":184.326843262,"mean":14.1951580048,"median":9.70155906677,"min":0.602693796158,"var":266.523651123},"mfcc":{"cov":[[8795.73632812,-235.598175049,-843.14642334,-258.772521973,-190.481582642,67.2268600464,-139.867263794,-243.197570801,-203.018814087,-83.9582138062,-62.7920188904,-230.347671509,-181.21156311],[-235.598175049,1327.16455078,-61.9595108032,33.6041488647,39.9754562378,-79.4122238159,-56.595954895,14.7971773148,14.8344535828,-23.2839546204,21.6985454559,-0.131149217486,-11.858581543],[-843.14642334,-61.9595108032,717.194580078,196.71144104,81.1409072876,13.901799202,69.4848709106,10.9794588089,3.53121066093,21.7024326324,-30.5942668915,62.0670585632,26.5126667023],[-258.772521973,33.6041488647,196.71144104,223.688613892,75.6742782593,-11.182056427,-5.6273188591,-0.413367658854,10.3191680908,-3.09922480583,-31.483373642,23.225194931,29.7102031708],[-190.481582642,39.9754562378,81.1409072876,75.6742782593,123.207946777,8.72165489197,5.45589256287,6.45278596878,2.24548959732,4.29343986511,-21.3428649902,-4.26277780533,3.62250351906],[67.2268600464,-79.4122238159,13.901799202,-11.182056427,8.72165489197,97.9991912842,48.7989082336,4.40674352646,-11.5919933319,6.47936439514,4.69469642639,-18.4469108582,-15.8622970581],[-139.867263794,-56.595954895,69.4848709106,-5.6273188591,5.45589256287,48.7989082336,126.568183899,28.5669002533,-17.8564128876,5.27095508575,2.75656485558,-4.07479143143,-12.1849746704],[-243.197570801,14.7971773148,10.9794588089,-0.413367658854,6.45278596878,4.40674352646,28.5669002533,88.1735305786,9.3376531601,-8.8566608429,-2.16271018982,-7.04972219467,-4.88555049896],[-203.018814087,14.8344535828,3.53121066093,10.3191680908,2.24548959732,-11.5919933319,-17.8564128876,9.3376531601,81.3584136963,21.9961624146,5.61839389801,9.83081436157,3.54379677773],[-83.9582138062,-23.2839546204,21.7024326324,-3.09922480583,4.29343986511,6.47936439514,5.27095508575,-8.8566608429,21.9961624146,88.6255722046,21.4389953613,8.2997713089,-0.44535446167],[-62.7920188904,21.6985454559,-30.5942668915,-31.483373642,-21.3428649902,4.69469642639,2.75656485558,-2.16271018982,5.61839389801,21.4389953613,79.3502960205,13.969540596,-10.4716033936],[-230.347671509,-0.131149217486,62.0670585632,23.225194931,-4.26277780533,-18.4469108582,-4.07479143143,-7.04972219467,9.83081436157,8.2997713089,13.969540596,79.1209487915,29.7742023468],[-181.21156311,-11.858581543,26.5126667023,29.7102031708,3.62250351906,-15.8622970581,-12.1849746704,-4.88555049896,3.54379677773,-0.44535446167,-10.4716033936,29.7742023468,75.3144378662]],"icov":[[0.00016598890943,0.0000233067767113,0.000152681503096,-0.0000637876946712,0.000196170760319,-0.000103484802821,0.000128359853989,0.000390401401091,0.000319137587212,0.00000628310999673,0.000203572242754,0.000214160405449,0.000317986996379],[0.0000233067767113,0.000837777100969,0.000108599102532,-0.000140974691021,-0.000354256713763,0.000662067555822,0.000148350663949,-0.000107480613224,0.00000399721557187,0.000251553079579,-0.000415445043473,0.0000985708611552,0.000283449189737],[0.000152681503096,0.000108599102532,0.00230513489805,-0.00172646576539,-0.000148596533109,-0.0000980112672551,-0.0010689747287,0.000328964029904,0.000408089865232,-0.000493718602229,0.000729643215891,-0.0012974969577,0.000681218749378],[-0.0000637876946712,-0.000140974691021,-0.00172646576539,0.00765382545069,-0.0034650771413,0.000360888807336,0.000777227280196,0.000118894844491,-0.000834948034026,0.000683173304424,0.00113687245175,-0.000637443154119,-0.00175768171903],[0.000196170760319,-0.000354256713763,-0.000148596533109,-0.0034650771413,0.0112856002524,-0.00153771915939,0.000347277120454,-0.000242888272624,0.000568125862628,-0.00123929337133,0.00207622162998,0.0013712476939,0.000721702468581],[-0.000103484802821,0.000662067555822,-0.0000980112672551,0.000360888807336,-0.00153771915939,0.0142872733995,-0.00512356497347,0.000823162379675,0.000297859049169,-0.000432535394793,-0.00149881665129,0.00271701416932,0.000755835557356],[0.000128359853989,0.000148350663949,-0.0010689747287,0.000777227280196,0.000347277120454,-0.00512356497347,0.0120202517137,-0.00357115431689,0.00281526660547,-0.000937442702707,0.000147875049151,-0.000596217461862,0.00113743613474],[0.000390401401091,-0.000107480613224,0.000328964029904,0.000118894844491,-0.000242888272624,0.000823162379675,-0.00357115431689,0.0141682308167,-0.00217412528582,0.00215583364479,0.000251260207733,0.00183262955397,0.000711545580998],[0.000319137587212,0.00000399721557187,0.000408089865232,-0.000834948034026,0.000568125862628,0.000297859049169,0.00281526660547,-0.00217412528582,0.0152096711099,-0.00402648514137,0.000378963595722,-0.00101173098665,0.00101724499837],[0.00000628310999673,0.000251553079579,-0.000493718602229,0.000683173304424,-0.00123929337133,-0.000432535394793,-0.000937442702707,0.00215583364479,-0.00402648514137,0.0137485601008,-0.0036747159902,0.0000124956650325,-0.000329391245032],[0.000203572242754,-0.000415445043473,0.000729643215891,0.00113687245175,0.00207622162998,-0.00149881665129,0.000147875049151,0.000251260207733,0.000378963595722,-0.0036747159902,0.0164203010499,-0.0043228706345,0.00329621438868],[0.000214160405449,0.0000985708611552,-0.0012974969577,-0.000637443154119,0.0013712476939,0.00271701416932,-0.000596217461862,0.00183262955397,-0.00101173098665,0.0000124956650325,-0.0043228706345,0.0184885878116,-0.00609477097169],[0.000317986996379,0.000283449189737,0.000681218749378,-0.00175768171903,0.000721702468581,0.000755835557356,0.00113743613474,0.000711545580998,0.00101724499837,-0.000329391245032,0.00329621438868,-0.00609477097169,0.0177135653794]],"mean":[-682.26159668,131.113204956,12.6320438385,17.4607925415,3.23075890541,-4.24285936356,-9.45827770233,-10.9555168152,-10.9879598618,-8.46432113647,-5.05995178223,-7.64581251144,-7.0757651329]},"pitch_salience":{"dmean":0.0606552772224,"dmean2":0.0959205627441,"dvar":0.00290099927224,"dvar2":0.00717868609354,"max":0.921724379063,"mean":0.574051618576,"median":0.585741400719,"min":0.0590640753508,"var":0.0134237101302},"silence_rate_20dB":{"dmean":0,"dmean2":0,"dvar":0,"dvar2":0,"max":1,"mean":1,"median":1,"min":1,"var":0},"silence_rate_30dB":{"dmean":0.00247327983379,"dmean2":0.00494699645787,"dvar":0.00246707024053,"dvar2":0.00651252176613,"max":1,"mean":0.99805688858,"median":1,"min":0,"var":0.00193937763106},"silence_rate_60dB":{"dmean":0.013073050417,"dmean2":0.026148410514,"dvar":0.0129011571407,"dvar2":0.0289995502681,"max":1,"mean":0.0534357875586,"median":0,"min":0,"var":0.0505800582469},"spectral_centroid":{"dmean":179.969238281,"dmean2":264.059234619,"dvar":67837.203125,"dvar2":141148.90625,"max":11852.8681641,"mean":883.734558105,"median":683.709655762,"min":179.746780396,"var":1036421.9375},"spectral_complexity":{"dmean":2.22047519684,"dmean2":3.37897515297,"dvar":7.50217437744,"dvar2":14.203286171,"max":56,"mean":12.9869279861,"median":12,"min":0,"var":48.7879066467},"spectral_contrast_coeffs":{"dmean":[0.0487717166543,0.0416952855885,0.0307255480438,0.0270196348429,0.021611334756,0.0171338263899],"dmean2":[0.0833611562848,0.0662887394428,0.0494575053453,0.0435658097267,0.0336987040937,0.0258300807327],"dvar":[0.00151636637747,0.00118360517081,0.000629125570413,0.000478390196804,0.000334577256581,0.000230556324823],"dvar2":[0.00441332953051,0.00304009090178,0.00158768286929,0.00121481204405,0.000768798228819,0.000495961925481],"max":[-0.260049730539,-0.28036442399,-0.48977419734,-0.49959358573,-0.625133037567,-0.609410464764],"mean":[-0.536515414715,-0.657907247543,-0.764637827873,-0.764771163464,-0.785826027393,-0.789670050144],"median":[-0.532255291939,-0.663526833057,-0.781589150429,-0.779401361942,-0.78889966011,-0.790204763412],"min":[-0.977825820446,-0.977945923805,-0.976922214031,-0.97359585762,-0.967075049877,-0.965048551559],"var":[0.00869148317724,0.00869051553309,0.00639344612136,0.00584867503494,0.00232468685135,0.00187180575449]},"spectral_contrast_valleys":{"dmean":[0.443277984858,0.291110396385,0.261805713177,0.270248323679,0.30234721303,0.410881280899],"dmean2":[0.773812711239,0.472425401211,0.415141195059,0.390952438116,0.383107155561,0.485481798649],"dvar":[0.131958708167,0.0697134956717,0.0587470531464,0.062949411571,0.0955626145005,0.178168833256],"dvar2":[0.371214181185,0.159144669771,0.124752104282,0.113192848861,0.140577197075,0.239174202085],"max":[-6.23230361938,-4.65876150131,-5.88285970688,-6.14415454865,-5.92081356049,-7.82427358627],"mean":[-8.15527534485,-7.15711688995,-7.98831033707,-8.39640331268,-8.41322135925,-10.604177475],"median":[-7.91915559769,-6.86727619171,-7.71611404419,-8.12083244324,-8.15693283081,-10.4856376648],"min":[-27.9730014801,-28.2645626068,-27.8369102478,-27.9865875244,-27.5539608002,-27.3685760498],"var":[3.63129019737,4.10156679153,3.76643061638,3.78551220894,3.71446728706,3.16619467735]},"spectral_decrease":{"dmean":1.38333555721e-9,"dmean2":2.027008561e-9,"dvar":3.04991418016e-18,"dvar2":6.7336546775e-18,"max":2.27552739605e-28,"mean":-5.68822500213e-9,"median":-4.78229633671e-9,"min":-3.70087818169e-8,"var":1.89993262013e-17},"spectral_energy":{"dmean":0.00549337035045,"dmean2":0.00802169367671,"dvar":0.0000471410457976,"dvar2":0.00010346477211,"max":0.142324075103,"mean":0.0228828825057,"median":0.0191546622664,"min":9.73130734745e-21,"var":0.000304672139464},"spectral_energyband_high":{"dmean":0.000362144113751,"dmean2":0.000519185210578,"dvar":8.50466562952e-7,"dvar2":0.00000161933053278,"max":0.0400136485696,"mean":0.000514921790455,"median":0.000177838795935,"min":7.05910118639e-21,"var":0.00000167162716025},"spectral_energyband_low":{"dmean":0.00156222353689,"dmean2":0.00239470833912,"dvar":0.00000618210515313,"dvar2":0.0000151307231135,"max":0.0564363189042,"mean":0.00385186076164,"median":0.00194113235921,"min":1.38822322151e-23,"var":0.0000244570346695},"spectral_energyband_middle_high":{"dmean":0.00101568864193,"dmean2":0.00151562690735,"dvar":0.00000392713855035,"dvar2":0.00000951286619966,"max":0.0487013794482,"mean":0.00363822327927,"median":0.00124868378043,"min":1.14067136145e-21,"var":0.0000309456772811},"spectral_energyband_middle_low":{"dmean":0.00481523945928,"dmean2":0.00708060199395,"dvar":0.0000415884460381,"dvar2":0.0000910809103516,"max":0.12977540493,"mean":0.0167791731656,"median":0.0128094498068,"min":1.40435492215e-22,"var":0.000220169065869},"spectral_entropy":{"dmean":0.245356321335,"dmean2":0.311688065529,"dvar":0.0566490069032,"dvar2":0.0905381888151,"max":9.82371044159,"mean":7.19880962372,"median":7.18123435974,"min":5.23594093323,"var":0.348336219788},"spectral_flux":{"dmean":0.0154739404097,"dmean2":0.0247298926115,"dvar":0.000242775859078,"dvar2":0.000612901581917,"max":0.222080469131,"mean":0.0580032430589,"median":0.0523045100272,"min":6.28433555194e-11,"var":0.00110466498882},"spectral_kurtosis":{"dmean":2.06378054619,"dmean2":2.94335484505,"dvar":5.48791980743,"dvar2":10.4666023254,"max":38.3278541565,"mean":6.84443664551,"median":5.89234161377,"min":-1.25800323486,"var":19.5451087952},"spectral_rms":{"dmean":0.000536977429874,"dmean2":0.00078030244913,"dvar":2.88956130134e-7,"dvar2":6.35915966996e-7,"max":0.0117835802957,"mean":0.00437064794824,"median":0.00432290136814,"min":3.08122668005e-12,"var":0.00000322216783388},"spectral_rolloff":{"dmean":434.288085938,"dmean2":740.511962891,"dvar":1446045.625,"dvar2":3581044.5,"max":19336.8164062,"mean":1148.50878906,"median":538.330078125,"min":21.533203125,"var":4563139},"spectral_skewness":{"dmean":0.266829848289,"dmean2":0.368606954813,"dvar":0.0760608464479,"dvar2":0.130203828216,"max":5.13873100281,"mean":2.04509162903,"median":1.97768473625,"min":-0.0929305404425,"var":0.384372085333},"spectral_spread":{"dmean":848577.875,"dmean2":1100963.875,"dvar":1045814837250,"dvar2":1769213657090,"max":42182440,"mean":5352676,"median":4704738,"min":1985251.875,"var":12788301824000},"spectral_strongpeak":{"dmean":0.416364580393,"dmean2":0.689179122448,"dvar":0.544438064098,"dvar2":1.42912530899,"max":16.4478626251,"mean":1.12864232063,"median":0.703303575516,"min":0,"var":1.5860247612},"zerocrossingrate":{"dmean":0.0134773561731,"dmean2":0.015999019146,"dvar":0.000277290586382,"dvar2":0.000369990913896,"max":0.52392578125,"mean":0.0578575320542,"median":0.0458984375,"min":0.00390625,"var":0.00281177647412}},"metadata":{"audio_properties":{"analysis_sample_rate":44100,"bit_rate":272290,"codec":"mp3","downmix":"mix","equal_loudness":0,"length":262.87020874,"lossless":false,"md5_encoded":"d51d2e88b55efaccb5d75f521d84b494","replay_gain":-4.51052284241,"sample_rate":44100},"tags":{"album":["Wheels Of Fire"],"albumartist":["Cream"],"artist":["Cream"],"date":["1968"],"discnumber":["1"],"file_name":"2002418.mp3","genre":["Classic Rock"],"musicbrainz_recordingid":["dde0cdae-98d4-4631-a54b-df4459ed5349"],"title":["As You Said"],"tracknumber":["04"]},"version":{"essentia":"2.1-beta2","essentia_build_sha":"70f2e5ece6736b2c40cc944ad0e695b16b925413","essentia_git_sha":"v2.1_beta2","extractor":"music 1.0"}},"rhythm":{"beats_count":404,"beats_loudness":{"dmean":0.0122993849218,"dmean2":0.020658120513,"dvar":0.000138993375003,"dvar2":0.000362679391401,"max":0.0923307090998,"mean":0.0249128080904,"median":0.0218734592199,"min":0,"var":0.000332828436513},"beats_loudness_band_ratio":{"dmean":[0.154050678015,0.160128057003,0.0801627933979,0.0519795678556,0.0380835048854,0.0526263415813],"dmean2":[0.264533936977,0.270645320415,0.136954903603,0.0897262096405,0.0665427520871,0.0918401628733],"dvar":[0.0194884371012,0.0171810332686,0.00783081818372,0.00623707752675,0.00487997336313,0.00316380220465],"dvar2":[0.0514391623437,0.0472884997725,0.0196341108531,0.0165756680071,0.0124386362731,0.00834428519011],"max":[0.917185246944,0.917053878307,0.921246170998,0.665401101112,0.750155746937,0.447678804398],"mean":[0.310043245554,0.420124858618,0.137478426099,0.0790708661079,0.0483827888966,0.0599727854133],"median":[0.296737074852,0.406427443027,0.101455047727,0.0380668193102,0.0257327482104,0.0371082946658],"min":[0,0,0,0,0,0],"var":[0.0428488887846,0.035215318203,0.0187768507749,0.0122151114047,0.00584293249995,0.00443450734019]},"beats_position":[0