{"lowlevel":{"average_loudness":0.956066846848,"barkbands":{"dmean":[0.000109775814053,0.00328392372467,0.00232660770416,0.00139388651587,0.000947732944041,0.000469618156785,0.000426450977102,0.00112092040945,0.000746625009924,0.000633644871414,0.000260576809524,0.000517698586918,0.000437912734924,0.000475740846014,0.000447012775112,0.000393702619476,0.000438682269305,0.000393367721699,0.000338913756423,0.000288800947601,0.000231288853684,0.000205202712095,0.000109179090941,0.0000615408353042,0.0000243084286922,0.00000540911787539,4.76101490676e-7],"dmean2":[0.00016462514759,0.00517929624766,0.00401402870193,0.0023215804249,0.00149991468061,0.000762825715356,0.000684121798258,0.00179711938836,0.00121577712707,0.000999538693577,0.000417208502768,0.000839262269437,0.000706067774445,0.000780878996011,0.000722266442608,0.000646288273856,0.000721777672879,0.000650957692415,0.000559426669497,0.000484842195874,0.000369867222616,0.00029650767101,0.000156412701472,0.0000899879669305,0.0000354486473952,0.00000815822841105,6.71794282425e-7],"dvar":[4.29401616486e-8,0.0000393811242247,0.0000134383917612,0.00000442324198957,0.00000167492544279,9.24151663639e-7,0.00000111947247206,0.0000065158264988,0.00000408510140915,0.00000249551749221,6.31863031231e-7,0.00000110546693577,7.53296717448e-7,8.22010861157e-7,6.54027132896e-7,3.5464688608e-7,2.6798298336e-7,2.42658558136e-7,1.66322422501e-7,1.25236852e-7,1.16626246438e-7,1.03400971341e-7,3.92905228352e-8,5.17284171053e-8,7.82180631376e-9,9.5193541938e-10,4.716941681e-12],"dvar2":[9.01367869233e-8,0.0000846852854011,0.0000377885517082,0.0000117479021355,0.00000426499627793,0.00000231142280427,0.00000283784493149,0.0000164955636137,0.000010161262253,0.00000563939465792,0.00000142969679473,0.00000277691060546,0.00000180165341135,0.00000208931601264,0.00000164331288488,8.82262611412e-7,7.16520219157e-7,6.35090088963e-7,4.44617171524e-7,3.33093908012e-7,2.73644928939e-7,1.93339559473e-7,8.31760189612e-8,1.21152027077e-7,1.68627547481e-8,2.28476859654e-9,1.04631667913e-11],"max":[0.00275058299303,0.0640952065587,0.0405232012272,0.0276874266565,0.020672718063,0.0213421117514,0.0196442939341,0.0437725037336,0.0425395481288,0.0379610769451,0.0274834819138,0.0212128087878,0.022956687957,0.015918277204,0.0224771797657,0.0230180285871,0.00889976788312,0.010193394497,0.00651462888345,0.00555963767692,0.00494084274396,0.00748895294964,0.00643004057929,0.00636990740895,0.00284690596163,0.00185046065599,0.000103212463728],"mean":[0.000149655432324,0.00494449585676,0.00313125806861,0.00230690045282,0.00205586687662,0.000824832124636,0.000694935151841,0.00170547771268,0.00109621370211,0.0010609041201,0.000390936009353,0.000845988630317,0.000731724663638,0.000798822788056,0.000817432941403,0.000781906594057,0.000991279841401,0.000910180679057,0.000846000330057,0.000697538955137,0.000489903090056,0.000493891537189,0.000219123670831,0.000102459533082,0.0000384023733204,0.00000760663033361,7.15696501175e-7],"median":[0.0000576359161641,0.00263897539116,0.00186522153672,0.00131806056015,0.00139584869612,0.000512683647685,0.000271511264145,0.000394518894609,0.000425638398156,0.00033053176594,0.000122625278891,0.000391216977732,0.000338054145686,0.000438050832599,0.000464988901513,0.000552357232664,0.000822940899525,0.00075140822446,0.000713861838449,0.000578237231821,0.000333129311912,0.000265274866251,0.00010781839228,0.0000440442054241,0.0000163177901413,0.00000295524910143,2.99024407013e-7],"min":[2.02133476623e-10,1.80790693527e-9,5.90910320675e-10,1.11300454964e-10,2.54673837574e-10,9.70271502032e-11,1.01104943862e-10,9.18234099867e-11,5.58309821985e-11,1.10498294542e-11,4.65640546954e-12,9.14370055366e-12,4.38202182873e-11,5.2794404265e-11,6.45094533347e-11,3.175027255e-11,6.48578343809e-11,1.13275201719e-10,8.13412670553e-11,8.38196873021e-11,2.35089780976e-10,1.59250113096e-10,2.50771403643e-10,2.0715798521e-10,2.57519200408e-10,4.327664338e-10,7.05062008777e-10],"var":[6.03281051781e-8,0.00005060474723,0.0000137747110784,0.00000783731411502,0.00000470108170703,0.00000146868512729,0.00000213823409467,0.0000130315920615,0.0000058924001678,0.00000540580958841,0.00000112812506359,0.00000202318915399,0.00000144430907767,0.00000141174643886,0.00000128946339828,7.97832683475e-7,6.37955849925e-7,6.00440785092e-7,4.89421211114e-7,3.35202571478e-7,2.26583495078e-7,3.06336033873e-7,9.09064681309e-8,7.57085771852e-8,1.2935746696e-8,9.31589250186e-10,7.24840283281e-12]},"barkbands_crest":{"dmean":2.44441008568,"dmean2":3.95321846008,"dvar":5.96588897705,"dvar2":14.1702003479,"max":23.440530777,"mean":7.97723245621,"median":7.03920650482,"min":2.08430075645,"var":13.9786787033},"barkbands_flatness_db":{"dmean":0.0155688971281,"dmean2":0.0240110028535,"dvar":0.000221279304242,"dvar2":0.000483498559333,"max":0.351172834635,"mean":0.104222849011,"median":0.0958878472447,"min":0.0274395123124,"var":0.00138277700171},"barkbands_kurtosis":{"dmean":1.0365499258,"dmean2":1.6228749752,"dvar":4.17939710617,"dvar2":9.12902641296,"max":40.9205360413,"mean":0.288913458586,"median":-0.768963813782,"min":-1.79501831532,"var":12.6054763794},"barkbands_skewness":{"dmean":0.399860590696,"dmean2":0.620206773281,"dvar":0.171561360359,"dvar2":0.370223850012,"max":5.64988470078,"mean":0.776228785515,"median":0.622565567493,"min":-1.34640049934,"var":0.724638104439},"barkbands_spread":{"dmean":6.10716819763,"dmean2":9.29026031494,"dvar":36.3315353394,"dvar2":81.3631057739,"max":112.653343201,"mean":35.6729812622,"median":35.6843299866,"min":1.95838665962,"var":183.546173096},"dissonance":{"dmean":0.00949241686612,"dmean2":0.01608062163,"dvar":0.000097500756965,"dvar2":0.000260673463345,"max":0.500000119209,"mean":0.481469869614,"median":0.486155688763,"min":0.387710481882,"var":0.000255276827374},"dynamic_complexity":2.67667794228,"erbbands":{"dmean":[0.11097856611,0.730334103107,2.19473361969,4.21659660339,2.26980662346,4.01957130432,5.53248167038,3.41887354851,4.10011911392,12.325545311,26.2686023712,15.292342186,18.2345638275,15.22590065,11.6157026291,20.3793487549,19.2640094757,20.2655239105,25.338136673,18.1168441772,22.9799175262,22.4335803986,23.2541847229,14.9845905304,18.3536052704,13.0893182755,9.43916130066,9.38384056091,7.04725694656,5.76947307587,3.02271008492,1.58747136593,0.886970341206,0.366921633482,0.131041407585,0.0369675084949,0.00815720669925,0.00109365757089,0.0000814818122308,0.0000109374332169],"dmean2":[0.176184371114,1.16447126865,3.77514839172,7.09294366837,3.61252951622,6.38426399231,8.90176486969,5.51627540588,6.60070943832,19.5740947723,42.2814674377,24.8719711304,28.4956111908,24.1461524963,18.5070114136,32.9195594788,30.8545417786,32.733001709,41.3441696167,29.0672187805,37.8753814697,36.8207015991,38.9732055664,24.6691932678,30.3211021423,21.773223877,15.6694545746,15.339682579,10.0196695328,7.78138637543,4.53898239136,2.2809741497,1.30491805077,0.533918678761,0.193692296743,0.0557601712644,0.0124933784828,0.0015963872429,0.000113797570521,0.0000157662016136],"dvar":[0.0561879612505,1.76905322075,12.3107795715,41.5732154846,8.57157516479,37.3895568848,98.7636184692,60.5303764343,105.276626587,894.604431152,4253.02587891,1883.02978516,2665.47265625,1488.00842285,952.06463623,1768.84301758,1312.20910645,1727.92871094,2086.98193359,1048.56628418,1043.10656738,715.328491211,851.83026123,341.801696777,534.702758789,258.440612793,177.632369995,197.589233398,111.303131104,90.7828903198,35.6053085327,27.7051906586,11.8723220825,1.99985492229,0.212909802794,0.0347975641489,0.00223855278455,0.0000298937175103,1.32207503611e-7,2.03488212391e-10],"dvar2":[0.127749428153,3.94967985153,34.8241882324,109.165962219,21.6182060242,89.5259246826,261.904296875,154.027740479,246.085510254,2291.49267578,10951.9609375,4726.54003906,6047.23681641,3518.63500977,2149.8215332,4436.57373047,3213.78149414,4326.38769531,5440.21582031,2591.2722168,2691.69262695,1904.82104492,2265.75756836,878.987182617,1440.16052246,656.663146973,446.28717041,443.933380127,211.857925415,176.897277832,78.0413589478,66.0287857056,27.2872371674,4.31711626053,0.475374817848,0.0818349123001,0.00559517508373,0.0000700937889633,2.98615645988e-7,4.1792683203e-10],"max":[2.41482281685,13.4772310257,42.9758491516,67.3327102661,44.1789474487,122.265739441,205.291824341,250.995132446,270.362182617,559.831726074,1214.41125488,884.061828613,1704.84924316,796.21295166,970.593322754,901.661315918,947.282470703,895.823547363,1094.9354248,690.243347168,909.812805176,433.534088135,595.622924805,451.508117676,384.63949585,263.091247559,186.363235474,184.743484497,238.595932007,216.22505188,185.840789795,130.78755188,96.0785980225,57.2267379761,14.8555631638,9.55647373199,2.79638171196,0.212852671742,0.0167310740799,0.000488006015075],"mean":[0.137386202812,1.12659072876,3.3044936657,6.33809280396,5.07900381088,7.83136558533,10.3289775848,6.24105978012,6.97209453583,19.8983840942,40.1412620544,23.6379642487,32.1216125488,26.1448917389,20.9972114563,34.6424102783,35.2709922791,37.3675117493,47.0593299866,37.1612281799,49.2371788025,55.5824623108,56.6940956116,38.8789787292,45.3744316101,32.8902244568,20.232088089,20.6551132202,17.0383434296,12.0001010895,5.84858083725,2.74845170975,1.42042589188,0.583911478519,0.196508795023,0.0525497049093,0.0110381115228,0.00158778461628,0.000140812378959,0.0000401243814849],"median":[0.0511157810688,0.636122047901,2.28523731232,3.84552979469,3.53381085396,4.23575115204,6.03141641617,3.97995328903,3.50810194016,7.7575302124,8.9897518158,10.1063556671,11.475859642,10.0657157898,8.96581745148,16.6169300079,18.2364711761,21.2794055939,26.382642746,23.496509552,36.6683807373,46.7578582764,47.5118637085,33.2804222107,37.626285553,27.3868026733,15.4520978928,12.8848905563,9.75557136536,5.69997787476,2.82003188133,1.22602045536,0.565930306911,0.240238010883,0.0787709653378,0.0181844662875,0.00466313771904,0.000699519354384,0.0000725509016775,0.0000378257245757],"min":[3.61643657243e-8,4.62712733906e-7,7.38695291602e-7,5.85587088153e-7,4.6426137601e-7,8.56350538925e-7,7.43542386772e-7,5.36908544291e-7,8.41196538204e-7,0.00000162460480624,0.00000182967562523,0.00000138747043366,8.92657681106e-7,1.74876788606e-7,2.338306615e-7,5.43205544545e-7,0.00000256021303358,0.00000342137172993,0.00000248340666076,0.00000355289807885,0.00000248959713645,0.00000402541763833,0.00000593802633375,0.0000054405118135,0.00000445125942861,0.00000411594783145,0.00000550930735699,0.00000784079384175,0.00000488088744532,0.00000710866470399,0.00000712246946932,0.00000330483430844,0.00000440219855591,0.00000213918451664,0.00000228660655921,0.00000160245417646,8.02985255177e-7,5.16181785315e-7,1.06722922055e-7,7.37139727036e-9],"var":[0.0619513466954,2.27517151833,12.7883729935,53.162525177,25.7582511902,106.443122864,194.802566528,87.720413208,196.691345215,1686.11364746,8244.84472656,2571.1652832,5419.96142578,2879.87280273,1821.27380371,3287.58911133,2771.15698242,3119.24267578,4114.69335938,2179.35473633,2654.03515625,1925.65930176,2169.88427734,984.543151855,1519.6373291,737.387512207,321.064453125,443.720092773,338.50112915,232.100952148,74.2283706665,39.8948745728,18.1452980042,3.2536919117,0.327990680933,0.0385643877089,0.00196907599457,0.0000351558919647,2.01955842272e-7,5.37907218767e-10]},"erbbands_crest":{"dmean":1.9848818779,"dmean2":3.23355603218,"dvar":4.1892285347,"dvar2":10.289106369,"max":25.392616272,"mean":7.30661869049,"median":6.14684152603,"min":2.06553030014,"var":13.2174301147},"erbbands_flatness_db":{"dmean":0.0138030312955,"dmean2":0.0197955444455,"dvar":0.000160426832736,"dvar2":0.000306297792122,"max":0.323323041201,"mean":0.160396650434,"median":0.15574426949,"min":0.0254872757941,"var":0.001454715617},"erbbands_kurtosis":{"dmean":0.623709321022,"dmean2":1.00613081455,"dvar":0.414637118578,"dvar2":1.05014836788,"max":9.77978992462,"mean":0.167268931866,"median":-0.0479633808136,"min":-1.69344842434,"var":1.27066135406},"erbbands_skewness":{"dmean":0.2826346457,"dmean2":0.436776161194,"dvar":0.065704613924,"dvar2":0.150578767061,"max":2.77731513977,"mean":-0.419201731682,"median":-0.482516437769,"min":-2.41816139221,"var":0.44199693203},"erbbands_spread":{"dmean":6.30401134491,"dmean2":9.78194332123,"dvar":37.9408531189,"dvar2":88.9572143555,"max":108.584899902,"mean":37.3140068054,"median":35.1231079102,"min":6.87458658218,"var":180.84475708},"gfcc":{"cov":[[9365.03710938,-877.767089844,-107.057052612,1066.6517334,-750.085388184,1045.36437988,166.80657959,108.895782471,-50.2662124634,-83.9368362427,-186.821060181,-45.9797286987,-45.5801391602],[-877.767089844,813.114196777,-225.332809448,-111.668205261,248.044769287,-279.014190674,97.2932281494,-51.1232528687,50.6154785156,-27.3481903076,68.7635498047,-26.7892093658,60.7143173218],[-107.057052612,-225.332809448,581.10723877,105.390853882,-29.2594680786,157.476730347,-74.4021911621,51.9656906128,4.06275081635,17.5090141296,-31.3877620697,38.5781059265,0.903355419636],[1066.6517334,-111.668205261,105.390853882,457.949249268,-57.8597106934,94.256111145,54.2636756897,-44.734577179,35.2819366455,-48.5589942932,-10.3514175415,-6.49326896667,27.9836139679],[-750.085388184,248.044769287,-29.2594680786,-57.8597106934,241.352828979,-98.2746124268,45.0845718384,19.4798755646,16.1607837677,28.6367263794,28.9436244965,2.72013187408,27.0977420807],[1045.36437988,-279.014190674,157.476730347,94.256111145,-98.2746124268,340.414581299,66.9118652344,72.8144226074,-12.8330259323,-1.52847003937,-23.7881507874,15.5330257416,-1.42097914219],[166.80657959,97.2932281494,-74.4021911621,54.2636756897,45.0845718384,66.9118652344,192.531036377,12.2655649185,12.201883316,-18.1112060547,18.5599632263,5.57941246033,15.77302742],[108.895782471,-51.1232528687,51.9656906128,-44.734577179,19.4798755646,72.8144226074,12.2655649185,126.45565033,38.4599151611,47.3481788635,0.061139639467,-8.35102939606,-2.51448607445],[-50.2662124634,50.6154785156,4.06275081635,35.2819366455,16.1607837677,-12.8330259323,12.201883316,38.4599151611,111.673904419,38.9078140259,8.4492931366,-29.4142055511,-4.14721441269],[-83.9368362427,-27.3481903076,17.5090141296,-48.5589942932,28.6367263794,-1.52847003937,-18.1112060547,47.3481788635,38.9078140259,85.8197250366,19.1255836487,-1.9050719738,-13.6656112671],[-186.821060181,68.7635498047,-31.3877620697,-10.3514175415,28.9436244965,-23.7881507874,18.5599632263,0.061139639467,8.4492931366,19.1255836487,71.9379577637,24.5609512329,6.801841259],[-45.9797286987,-26.7892093658,38.5781059265,-6.49326896667,2.72013187408,15.5330257416,5.57941246033,-8.35102939606,-29.4142055511,-1.9050719738,24.5609512329,68.0443725586,22.0441932678],[-45.5801391602,60.7143173218,0.903355419636,27.9836139679,27.0977420807,-1.42097914219,15.77302742,-2.51448607445,-4.14721441269,-13.6656112671,6.801841259,22.0441932678,67.1248626709]],"icov":[[0.00055717129726,-0.00091500103008,0.000978186260909,-0.00166337122209,0.00138795608655,-0.00179924617987,0.00076477084076,-0.000943834835198,0.00114702957217,-0.00145049381536,0.00165200035553,-0.000987048842944,0.00100509799086],[-0.00091500103008,0.00502968020737,-0.0016662934795,0.0037974959705,-0.00435779010877,0.00473073683679,-0.00281906453893,0.00248841405846,-0.00362827233039,0.00501159904525,-0.00523743964732,0.00410238560289,-0.00413678726181],[0.000978186260909,-0.0016662934795,0.00444141495973,-0.00367672159337,0.00156351015903,-0.00456162262708,0.00329527631402,-0.00231270445511,0.00137413362972,-0.00244366563857,0.00426564225927,-0.00430344231427,0.00262413243763],[-0.00166337122209,0.0037974959705,-0.00367672159337,0.00857964996248,-0.00427280878648,0.00501433946192,-0.00352434325032,0.00525663886219,-0.00599341606721,0.00642274878919,-0.00616595009342,0.00474404543638,-0.00523137440905],[0.00138795608655,-0.00435779010877,0.00156351015903,-0.00427280878648,0.0113476533443,-0.00255782250315,-0.000179179551196,-0.00424488866702,0.00510730408132,-0.00753407599404,0.00461825774983,-0.00244500976987,0.00100902619306],[-0.00179924617987,0.00473073683679,-0.00456162262708,0.00501433946192,-0.00255782250315,0.0130657637492,-0.00653841346502,-0.000442459917394,-0.00207204534672,0.00497774267569,-0.00544045679271,0.00400372920558,-0.00457892473787],[0.00076477084076,-0.00281906453893,0.00329527631402,-0.00352434325032,-0.000179179551196,-0.00653841346502,0.010362489149,-0.00201177620329,0.000300186133245,0.000298713595839,0.00177363038529,-0.00390031468123,0.00309815723449],[-0.000943834835198,0.00248841405846,-0.00231270445511,0.00525663886219,-0.00424488866702,-0.000442459917394,-0.00201177620329,0.0164245031774,-0.00615636631846,-0.00189927930478,-0.00285140518099,0.00426127715036,-0.00413724640384],[0.00114702957217,-0.00362827233039,0.00137413362972,-0.00599341606721,0.00510730408132,-0.00207204534672,0.000300186133245,-0.00615636631846,0.0186564438045,-0.0106782549992,0.00256945472211,0.00380323687568,0.00160330091603],[-0.00145049381536,0.00501159904525,-0.00244366563857,0.00642274878919,-0.00753407599404,0.00497774267569,0.000298713595839,-0.00189927930478,-0.0106782549992,0.0269558168948,-0.0106498375535,0.00183343864046,0.000147980565089],[0.00165200035553,-0.00523743964732,0.00426564225927,-0.00616595009342,0.00461825774983,-0.00544045679271,0.00177363038529,-0.00285140518099,0.00256945472211,-0.0106498375535,0.0268734693527,-0.0141519950703,0.00578410830349],[-0.000987048842944,0.00410238560289,-0.00430344231427,0.00474404543638,-0.00244500976987,0.00400372920558,-0.00390031468123,0.00426127715036,0.00380323687568,0.00183343864046,-0.0141519950703,0.0291525535285,-0.0116843469441],[0.00100509799086,-0.00413678726181,0.00262413243763,-0.00523137440905,0.00100902619306,-0.00457892473787,0.00309815723449,-0.00413724640384,0.00160330091603,0.000147980565089,0.00578410830349,-0.0116843469441,0.0234604366124]],"mean":[17.1199378967,89.7686080933,-144.573196411,57.2205047607,-52.2944297791,10.9825992584,-30.4732341766,5.38220310211,-17.1424980164,-3.44406080246,-16.0266628265,-4.34751939774,-12.3180065155]},"hfc":{"dmean":7.11957406998,"dmean2":10.3760662079,"dvar":71.8563842773,"dvar2":147.18460083,"max":124.731300354,"mean":30.5576896667,"median":29.5776596069,"min":0.0000292043332593,"var":309.687774658},"melbands":{"dmean":[0.000941497622989,0.00101261888631,0.000641402497422,0.000172171814484,0.000204388648854,0.0000780767441029,0.0000679431977915,0.000157148737344,0.000208090015803,0.0000947050575633,0.0000950718458625,0.0000683546677465,0.0000381295612897,0.0000562024797546,0.0000493921652378,0.0000437429771409,0.0000401032339141,0.0000452592212241,0.0000298113973258,0.0000223535680561,0.0000305390785797,0.0000242219903157,0.0000269425981969,0.0000203678955586,0.0000132048580781,0.0000134761103254,0.0000140338597703,0.00000882498716237,0.00000660084378978,0.00000550350250705,0.00000593059894527,0.00000398510246669,0.00000427117629442,0.00000295050426757,0.00000202777505365,0.00000118421928619,9.42202518672e-7,7.18341084394e-7,4.36290946482e-7,2.83625013253e-7],"dmean2":[0.00148322887253,0.00167978112586,0.00106787064578,0.000270892312983,0.000326106906869,0.000126266590087,0.000109278458694,0.000249299337156,0.000336572382366,0.000153487519128,0.000148520310177,0.00010844533972,0.0000609986345808,0.0000906152126845,0.0000806133830338,0.0000694524787832,0.0000651860391372,0.0000746209625504,0.000048192392569,0.0000363205181202,0.0000509030469402,0.0000399762357119,0.0000449481667602,0.0000340544356732,0.0000219915727939,0.0000221358022827,0.0000234236740653,0.0000147335304064,0.0000110991277325,0.00000904557418835,0.00000962928879744,0.00000585015732213,0.00000640775533611,0.0000040262384573,0.00000319534024129,0.00000174623994553,0.00000141403518228,0.00000107850576114,6.49490459637e-7,4.22130995048e-7],"dvar":[0.00000365305595551,0.00000238644611272,8.83048642208e-7,5.23280299092e-8,1.06634942654e-7,2.9657757139e-8,2.82957159925e-8,1.22018164461e-7,2.86979144448e-7,7.35903142868e-8,6.87764227791e-8,2.98852107505e-8,1.2768599511e-8,1.57884816332e-8,1.07001580929e-8,7.96222199284e-9,7.29681071121e-9,6.77839917529e-9,3.15586778932e-9,1.9490964398e-9,1.91836302399e-9,8.88544626765e-10,1.083896084e-9,6.77625344725e-10,2.80773848615e-10,2.57507903889e-10,3.18196247129e-10,1.19929857711e-10,8.37639263507e-11,7.28640203729e-11,7.08711908604e-11,3.62229343742e-11,4.93433766069e-11,2.22625390345e-11,1.42124289768e-11,1.04188827704e-11,1.19911259741e-11,7.81682097523e-12,3.11060595684e-12,1.16559875901e-12],"dvar2":[0.00000800924044597,0.00000625766006124,0.00000232667593991,1.28212690242e-7,2.82522933048e-7,7.47483568375e-8,6.71451232392e-8,3.05361737674e-7,7.46514558614e-7,1.82437574381e-7,1.56311457999e-7,7.00691202837e-8,2.8684358e-8,3.95707537848e-8,2.77807483684e-8,1.88968343195e-8,1.83293380474e-8,1.7780548589e-8,7.78013387048e-9,4.94966778675e-9,5.0390829287e-9,2.39417041747e-9,2.88585200181e-9,1.76195003032e-9,7.42781725016e-10,6.81476208797e-10,8.87766526958e-10,3.05657055222e-10,2.16263701391e-10,1.73256436975e-10,1.57354018704e-10,7.55347590031e-11,1.0044355625e-10,4.46033800172e-11,3.2658511312e-11,2.35729370052e-11,2.94988374006e-11,1.84513290064e-11,6.97156134905e-12,2.6067553064e-12],"max":[0.0198505651206,0.0190207641572,0.0105851115659,0.00432375445962,0.00582321546972,0.00510037643835,0.00401800079271,0.00614079320803,0.00950142368674,0.00538563309237,0.00831604190171,0.00348074105568,0.00434860540554,0.00299068866298,0.00338672357611,0.002207336016,0.00182200677227,0.00158698891755,0.00146006327122,0.00204770779237,0.00144749868196,0.000397010357119,0.000707952480298,0.000540991022717,0.000370244524674,0.000233180035139,0.000254948216025,0.000175948720425,0.000114577713248,0.000122863100842,0.000111656911031,0.000141884927871,0.000171097082784,0.0000979627729976,0.000119826712762,0.0000810486963019,0.000100022807601,0.0000765924851294,0.0000519055429322,0.0000455115077784],"mean":[0.00129831314553,0.0016951977741,0.00109484069981,0.000397427444113,0.000396897172322,0.000140682634083,0.000113525355118,0.000250851269811,0.000312077492708,0.00014367949916,0.000164226978086,0.000113236776087,0.0000622405786999,0.0000918601072044,0.0000831272045616,0.0000750716499169,0.0000671887173667,0.000078112090705,0.0000552204837732,0.0000439189025201,0.0000607456750004,0.0000540568107681,0.0000601071878918,0.0000435507281509,0.0000295069421554,0.0000322898558807,0.0000314129174512,0.000019585737391,0.0000127578578031,0.0000110234277599,0.0000125416272567,0.00000941276812227,0.00000899507904251,0.00000567995175516,0.00000368134965356,0.00000208101710086,0.0000014943690303,0.00000106805111955,6.82956112996e-7,4.24589046588e-7],"median":[0.000617585261352,0.00123355258256,0.00071211787872,0.000266514107352,0.000242951355176,0.000088812528702,0.0000537523155799,0.0000928107765503,0.0000690660672262,0.0000560497865081,0.0000552320234419,0.0000390749737562,0.0000232843849517,0.0000382054568036,0.0000429599786003,0.0000357679309673,0.0000359356054105,0.0000408655105275,0.0000320406143146,0.0000299417260976,0.0000433383211202,0.0000439713512606,0.0000491809259984,0.0000343386382156,0.0000237411531998,0.0000272403322015,0.0000243818485615,0.0000157488793775,0.00000948885008256,0.00000690714568918,0.00000768701556808,0.00000555632459509,0.00000456171073893,0.00000260588080891,0.00000178679044893,9.14751126402e-7,6.28974930805e-7,4.05317507557e-7,2.58680103116e-7,1.69152187368e-7],"min":[4.29452251538e-10,4.39852543277e-10,9.67121591144e-11,5.05885749957e-11,3.68194121025e-11,1.37320068511e-11,1.57387696625e-11,1.76879847574e-11,1.20302231718e-11,8.98768386104e-12,4.30781408808e-12,6.30547534759e-13,7.06777518455e-13,1.00154097255e-12,2.58086954585e-12,5.26226284769e-12,6.19153730022e-12,3.10827557269e-12,6.20572516985e-12,2.34936310857e-12,3.10893671918e-12,4.17296839444e-12,3.60869103697e-12,5.02830849874e-12,3.76867634322e-12,2.75159495883e-12,3.05503062084e-12,2.75255079146e-12,3.04162099153e-12,4.13508420213e-12,3.38864613453e-12,2.59898114315e-12,2.59306920554e-12,4.02765321095e-12,3.72446648175e-12,3.48087075656e-12,1.74290605819e-12,3.40994788829e-12,2.42525314068e-12,1.51654220865e-12],"var":[0.00000434064349975,0.00000295578684018,0.00000134214849368,1.74035491796e-7,2.32330265248e-7,4.47761223654e-8,5.40888578371e-8,2.3428172824e-7,5.20934406723e-7,1.07885703926e-7,1.41322658465e-7,6.02953065254e-8,2.39002879709e-8,2.80967142885e-8,1.94471585502e-8,1.54535566566e-8,1.22458381213e-8,1.2592655807e-8,5.90221072017e-9,3.12432879568e-9,4.91066876052e-9,2.07745753933e-9,2.56066390314e-9,1.52985257795e-9,6.70722422047e-10,7.52711948326e-10,8.09372235899e-10,2.91423829513e-10,1.38414946171e-10,1.29978222629e-10,1.70962410895e-10,1.02218837561e-10,1.20038187723e-10,5.50135423327e-11,2.83192306411e-11,1.75682125098e-11,1.54697313987e-11,1.11459053792e-11,4.90550482179e-12,1.74525780113e-12]},"melbands_crest":{"dmean":3.33209896088,"dmean2":5.40375375748,"dvar":9.29692268372,"dvar2":22.9319820404,"max":32.1109237671,"mean":13.1128435135,"median":12.368021965,"min":2.80148863792,"var":23.6558322906},"melbands_flatness_db":{"dmean":0.0223980266601,"dmean2":0.0344684235752,"dvar":0.000476437562611,"dvar2":0.00100748590194,"max":0.465057909489,"mean":0.14990927279,"median":0.139485016465,"min":0.0206269845366,"var":0.00276880338788},"melbands_kurtosis":{"dmean":3.70038938522,"dmean2":5.81237411499,"dvar":44.076171875,"dvar2":99.75730896,"max":130.092056274,"mean":6.22194290161,"median":3.09566307068,"min":-1.6935968399,"var":102.897232056},"melbands_skewness":{"dmean":0.581122875214,"dmean2":0.898365736008,"dvar":0.402692764997,"dvar2":0.872568309307,"max":10.1071538925,"mean":2.07795453072,"median":1.87098956108,"min":-0.485681444407,"var":1.53078830242},"melbands_spread":{"dmean":9.99103355408,"dmean2":15.8976955414,"dvar":104.808113098,"dvar2":248.408843994,"max":167.94442749,"mean":40.7551383972,"median":40.0918617249,"min":1.47294485569,"var":346.011444092},"mfcc":{"cov":[[7335.17285156,-540.886230469,123.057380676,358.821411133,-368.597839355,574.115783691,207.72694397,340.904327393,138.24256897,175.742324829,20.5243930817,-68.7441864014,-59.5219841003],[-540.886230469,733.549316406,-239.047897339,40.0377426147,41.1736984253,-82.0841217041,37.7484893799,-16.5518474579,25.0610427856,-5.90562534332,20.7907161713,11.2314653397,-12.3706264496],[123.057380676,-239.047897339,480.700195312,16.9538726807,70.1477584839,64.6328582764,-30.1857204437,29.2823390961,11.7676734924,-7.69928884506,-17.3232364655,0.234095200896,2.82065224648],[358.821411133,40.0377426147,16.9538726807,341.65536499,18.8409156799,62.5948600769,0.167112469673,14.3334236145,21.3828201294,-9.47189998627,-16.9660663605,-10.0493831635,7.11244010925],[-368.597839355,41.1736984253,70.1477584839,18.8409156799,172.355773926,-42.8099975586,-24.4270095825,-32.0727996826,16.2393131256,18.6544303894,4.15923261642,6.23361587524,9.13299369812],[574.115783691,-82.0841217041,64.6328582764,62.5948600769,-42.8099975586,167.96887207,66.4226150513,68.6726837158,23.3470115662,6.99532699585,-5.3468952179,-8.56110286713,-7.37849664688],[207.72694397,37.7484893799,-30.1857204437,0.167112469673,-24.4270095825,66.4226150513,149.601470947,67.392364502,24.5681972504,-2.92314577103,0.778436660767,7.65507507324,-8.01671695709],[340.904327393,-16.5518474579,29.2823390961,14.3334236145,-32.0727996826,68.6726837158,67.392364502,105.146583557,30.1715660095,13.1464567184,-1.06554698944,-4.03978443146,-4.05209684372],[138.24256897,25.0610427856,11.7676734924,21.3828201294,16.2393131256,23.3470115662,24.5681972504,30.1715660095,89.7495193481,53.5968742371,15.7490625381,-6.13585186005,-4.89499139786],[175.742324829,-5.90562534332,-7.69928884506,-9.47189998627,18.6544303894,6.99532699585,-2.92314577103,13.1464567184,53.5968742371,106.887741089,45.9496536255,13.0966663361,1.84205329418],[20.5243930817,20.7907161713,-17.3232364655,-16.9660663605,4.15923261642,-5.3468952179,0.778436660767,-1.06554698944,15.7490625381,45.9496536255,68.8558425903,32.3472137451,12.28241539],[-68.7441864014,11.2314653397,0.234095200896,-10.0493831635,6.23361587524,-8.56110286713,7.65507507324,-4.03978443146,-6.13585186005,13.0966663361,32.3472137451,62.2203063965,33.8734664917],[-59.5219841003,-12.3706264496,2.82065224648,7.11244010925,9.13299369812,-7.37849664688,-8.01671695709,-4.05209684372,-4.89499139786,1.84205329418,12.28241539,33.8734664917,59.1376571655]],"icov":[[0.000229667813983,0.000100023898995,0.0000158398906933,-0.000193210828002,0.000349863810698,-0.000459346687421,0.0000169456870935,-0.000271715747658,0.0000866097616381,-0.000442788703367,-0.0000126863096739,0.000148167877342,0.0000856282713357],[0.000100023898995,0.00198928709142,0.000988642103039,-0.000447045109468,-0.000604716362432,0.000677367323078,-0.000371930800611,-0.000443627417553,-0.00096817134181,0.000920652819332,-0.000676162075251,-0.00064885156462,0.00102377275471],[0.0000158398906933,0.000988642103039,0.00331250741147,0.000197102534003,-0.00204775040038,-0.0014371946454,0.00173251051456,-0.00156170886476,-0.00100152997766,0.00151174108032,0.000334624201059,-0.00159490958322,0.00101989449468],[-0.000193210828002,-0.000447045109468,0.000197102534003,0.00368321756832,-0.001003743615,-0.00169983040541,0.0010357311694,0.000283531291643,-0.00112080771942,0.00119186844677,0.00069975288352,-0.0000133792673296,-0.000905165623408],[0.000349863810698,-0.000604716362432,-0.00204775040038,-0.001003743615,0.00873141176999,0.00161025754642,-0.00114702153951,0.00241073709913,-0.000842020730488,-0.00285734143108,0.000962845806498,0.000696987845004,-0.00127371132839],[-0.000459346687421,0.000677367323078,-0.0014371946454,-0.00169983040541,0.00161025754642,0.0121061988175,-0.00378118548542,-0.00266178022139,-0.000117430652608,-0.000244629511144,-0.000343799532857,0.00115690845996,-0.0000741900439607],[0.0000169456870935,-0.000371930800611,0.00173251051456,0.0010357311694,-0.00114702153951,-0.00378118548542,0.0123634357005,-0.0062324795872,-0.0028494107537,0.0035187585745,0.000454522116343,-0.00505201937631,0.00314025394619],[-0.000271715747658,-0.000443627417553,-0.00156170886476,0.000283531291643,0.00241073709913,-0.00266178022139,-0.0062324795872,0.0181582774967,-0.00266724871472,-0.00164600368589,0.00112684164196,0.00178786821198,-0.00205859425478],[0.0000866097616381,-0.00096817134181,-0.00100152997766,-0.00112080771942,-0.000842020730488,-0.000117430652608,-0.0028494107537,-0.00266724871472,0.020247977227,-0.0107798147947,0.0000759099348215,0.00536039285362,-0.00146081193816],[-0.000442788703367,0.000920652819332,0.00151174108032,0.00119186844677,-0.00285734143108,-0.000244629511144,0.0035187585745,-0.00164600368589,-0.0107798147947,0.0213338695467,-0.0106284720823,-0.00189614621922,0.00204319111072],[-0.0000126863096739,-0.000676162075251,0.000334624201059,0.00069975288352,0.000962845806498,-0.000343799532857,0.000454522116343,0.00112684164196,0.0000759099348215,-0.0106284720823,0.0278216972947,-0.0130734927952,0.00174027273897],[0.000148167877342,-0.00064885156462,-0.00159490958322,-0.0000133792673296,0.000696987845004,0.00115690845996,-0.00505201937631,0.00178786821198,0.00536039285362,-0.00189614621922,-0.0130734927952,0.0339927189052,-0.0166872404516],[0.0000856282713357,0.00102377275471,0.00101989449468,-0.000905165623408,-0.00127371132839,-0.0000741900439607,0.00314025394619,-0.00205859425478,-0.00146081193816,0.00204319111072,0.00174027273897,-0.0166872404516,0.0267546363175]],"mean":[-606.952331543,100.256614685,-21.082408905,40.2472953796,2.62985992432,11.5097236633,-2.93822622299,9.22034358978,0.305376261473,2.78408026695,2.33204054832,-0.27691668272,-3.28290629387]},"pitch_salience":{"dmean":0.0657345950603,"dmean2":0.105740308762,"dvar":0.00363569776528,"dvar2":0.00897017680109,"max":0.83938229084,"mean":0.586074888706,"median":0.59344792366,"min":0.207622855902,"var":0.00971858017147},"silence_rate_20dB":{"dmean":0,"dmean2":0,"dvar":0,"dvar2":0,"max":1,"mean":1,"median":1,"min":1,"var":0},"silence_rate_30dB":{"dmean":0,"dmean2":0,"dvar":0,"dvar2":0,"max":1,"mean":1,"median":1,"min":1,"var":0},"silence_rate_60dB":{"dmean":0.00153570517432,"dmean2":0.00307180336677,"dvar":0.00153318233788,"dvar2":0.00357441557571,"max":1,"mean":0.046833012253,"median":0,"min":0,"var":0.0446398481727},"spectral_centroid":{"dmean":246.946731567,"dmean2":386.87588501,"dvar":67978.078125,"dvar2":146001.609375,"max":11028.7021484,"mean":2096.87670898,"median":2191.27709961,"min":248.838943481,"var":331385.125},"spectral_complexity":{"dmean":4.60378789902,"dmean2":7.14808654785,"dvar":23.1122379303,"dvar2":44.6051559448,"max":65,"mean":32.7298774719,"median":35,"min":0,"var":167.492477417},"spectral_contrast_coeffs":{"dmean":[0.0483357422054,0.046676684171,0.0370301790535,0.0296223238111,0.0208045989275,0.0220402218401],"dmean2":[0.0785913467407,0.0761627554893,0.0596832893789,0.0494643785059,0.0341015830636,0.0340567342937],"dvar":[0.00159515650012,0.00150270364247,0.000887199479621,0.000571103766561,0.000280175649095,0.000496024789754],"dvar2":[0.00431845942512,0.00391772342846,0.00221584574319,0.00155039073434,0.000738036236726,0.00103762059007],"max":[-0.38587513566,-0.406276673079,-0.494770377874,-0.620112836361,-0.640807449818,-0.542490124702],"mean":[-0.657649993896,-0.743932366371,-0.773209452629,-0.783252418041,-0.785998106003,-0.697165131569],"median":[-0.659295260906,-0.753315210342,-0.780544400215,-0.78628885746,-0.787449538708,-0.690512597561],"min":[-0.952635169029,-0.959541559219,-0.966176509857,-0.960101306438,-0.956136822701,-0.961893498898],"var":[0.00483228405938,0.00503132259473,0.00366424233653,0.00179172807839,0.00097963726148,0.00300960778259]},"spectral_contrast_valleys":{"dmean":[0.36665892601,0.314760029316,0.272074460983,0.236549600959,0.204374581575,0.292181134224],"dmean2":[0.585936486721,0.512944638729,0.440577596426,0.380992412567,0.319403767586,0.376303702593],"dvar":[0.12370223552,0.0880610868335,0.0711457431316,0.0643426626921,0.0728860720992,0.123768262565],"dvar2":[0.266600519419,0.192682698369,0.143157288432,0.125466987491,0.124753430486,0.193473666906],"max":[-5.36355113983,-5.33522844315,-5.35750579834,-5.81052446365,-5.49688482285,-7.46758079529],"mean":[-7.1004114151,-6.79137086868,-7.22321796417,-7.14118766785,-6.70589113235,-10.0995035172],"median":[-6.85764217377,-6.64703130722,-7.10011434555,-6.98014640808,-6.45852613449,-9.82493972778],"min":[-27.5610237122,-27.2235240936,-27.2175502777,-27.3425731659,-27.401927948,-27.2063922882],"var":[1.23503935337,0.758269011974,0.915698587894,0.805209040642,1.0976215601,1.70110452175]},"spectral_decrease":{"dmean":1.84262727299e-9,"dmean2":2.83536039092e-9,"dvar":4.36535552006e-18,"dvar2":9.39362847227e-18,"max":-1.26664343432e-15,"mean":-6.45501208041e-9,"median":-6.18046813727e-9,"min":-2.34919070863e-8,"var":1.15631379305e-17},"spectral_energy":{"dmean":0.00735384924337,"dmean2":0.0112190134823,"dvar":0.000066233878897,"dvar2":0.000141470067319,"max":0.0919076055288,"mean":0.0271344594657,"median":0.0263669583946,"min":7.42952765975e-9,"var":0.000191297513084},"spectral_energyband_high":{"dmean":0.000615532044321,"dmean2":0.000887690752279,"dvar":8.61026194343e-7,"dvar2":0.00000176363266746,"max":0.0141875185072,"mean":0.00164217059501,"median":0.00110719772056,"min":2.29608398961e-9,"var":0.00000243773547481},"spectral_energyband_low":{"dmean":0.00514397397637,"dmean2":0.00816805660725,"dvar":0.0000549063915969,"dvar2":0.00011911954789,"max":0.0738200470805,"mean":0.00951241888106,"median":0.007005373016,"min":3.24276872021e-9,"var":0.0000865199181135},"spectral_energyband_middle_high":{"dmean":0.0021481809672,"dmean2":0.00322586297989,"dvar":0.00000646892885925,"dvar2":0.0000139425110319,"max":0.0456428676844,"mean":0.0084434999153,"median":0.00762726739049,"min":5.97046523332e-10,"var":0.0000336668344971},"spectral_energyband_middle_low":{"dmean":0.00333853252232,"dmean2":0.00529644731432,"dvar":0.0000164493485499,"dvar2":0.0000410856882809,"max":0.0515123233199,"mean":0.00895621534437,"median":0.00757657596841,"min":1.43476341918e-9,"var":0.0000397372350562},"spectral_entropy":{"dmean":0.0914539694786,"dmean2":0.134436711669,"dvar":0.00923927966505,"dvar2":0.0174643844366,"max":9.7983789444,"mean":7.84557151794,"median":7.87882614136,"min":6.05614948273,"var":0.0750985518098},"spectral_flux":{"dmean":0.0216122437268,"dmean2":0.0335439182818,"dvar":0.000494499108754,"dvar2":0.00109335815068,"max":0.231235533953,"mean":0.0897964835167,"median":0.0876671150327,"min":0.0000669577275403,"var":0.00144040083978},"spectral_kurtosis":{"dmean":1.40576016903,"dmean2":2.4866874218,"dvar":4.36207008362,"dvar2":14.6326179504,"max":36.6623802185,"mean":3.3069422245,"median":2.63317871094,"min":-1.19657874107,"var":9.92969036102},"spectral_rms":{"dmean":0.000667339656502,"dmean2":0.00100041844416,"dvar":4.66257603193e-7,"dvar2":9.42702854445e-7,"max":0.00946921110153,"mean":0.00490906229243,"median":0.00507186958566,"min":0.00000269227030003,"var":0.00000237378458223},"spectral_rolloff":{"dmean":585.17779541,"dmean2":943.732910156,"dvar":611051.3125,"dvar2":1437902.125,"max":14621.0449219,"mean":2499.05053711,"median":2583.984375,"min":86.1328125,"var":1606227.75},"spectral_skewness":{"dmean":0.196221843362,"dmean2":0.33026266098,"dvar":0.0442169010639,"dvar2":0.131226360798,"max":3.62806987762,"mean":1.00281691551,"median":0.959399282932,"min":-0.151051715016,"var":0.15746833384},"spectral_spread":{"dmean":353024.25,"dmean2":505855.4375,"dvar":273107107840,"dvar2":403835551744,"max":40810132,"mean":3730587.25,"median":3614950.75,"min":1276709.25,"var":1275271053310},"spectral_strongpeak":{"dmean":0.514551639557,"dmean2":0.886548876762,"dvar":0.724760293961,"dvar2":1.77265632153,"max":9.36019515991,"mean":0.781487882137,"median":0.353437900543,"min":0,"var":1.06872117519},"zerocrossingrate":{"dmean":0.00971782207489,"dmean2":0.0111455991864,"dvar":0.0000952432310442,"dvar2":0.000121633980598,"max":0.2822265625,"mean":0.078968539834,"median":0.07763671875,"min":0.005859375,"var":0.000769790785853}},"metadata":{"audio_properties":{"analysis_sample_rate":44100,"bit_rate":0,"codec":"flac","downmix":"mix","equal_loudness":0,"length":181.440002441,"lossless":true,"md5_encoded":"50e3ecaa8a4f0479f7dd067d99da0117","replay_gain":-14.2181472778,"sample_rate":44100},"tags":{"album":["Cut the Crap"],"albumartist":["The Clash"],"albumartistsort":["Clash, The"],"artist":["The Clash"],"artistsort":["Clash, The"],"asin":["B00004UBBA"],"barcode":["5099749535022"],"catalognumber":["495350 2"],"date":["2000"],"discnumber":["1"],"disctotal":["1"],"file_name":"01-06 Movers and Shakers.flac","genre":["Alternative"],"isrc":["GBBBN9902154"],"label":["Columbia"],"media":["CD"],"musicbrainz_albumartistid":["8f92558c-2baa-4758-8c38-615519e9deda"],"musicbrainz_albumid":["91a48102-e906-3f38-a699-e6371f1a7e87"],"musicbrainz_artistid":["8f92558c-2baa-4758-8c38-615519e9deda"],"musicbrainz_recordingid":["ddf79ec7-59e9-4654-8578-fdb2bd0f65f9"],"musicbrainz_releasegroupid":["baa6b405-9291-39c1-9722-602c391dda81"],"originaldate":["1985-11-04"],"releasecountry":["XE"],"releasestatus":["official"],"releasetype":["album"],"script":["Latn"],"title":["Movers and Shakers"],"totaldiscs":["1"],"totaltracks":["13"],"tracknumber":["6"],"tracktotal":["13"]},"version":{"essentia":"2.1-beta1","essentia_build_sha":"ca57ba49d9b1854bd80e60cf9ccf267278fb7d6b","essentia_git_sha":"v2.1_beta1-28-g21ef5f4-dirty","extractor":"music 1.0"}},"rhythm":{"beats_count":439,"beats_loudness":{"dmean":0.0109330276027,"dmean2":0.0191504340619,"dvar":0.0000722027543816,"dvar2":0.000214087674976,"max":0.0673620849848,"mean":0.0347442217171,"median":0.0354232043028,"min":6.41494324327e-8,"var":0.000143025958096},"beats_loudness_band_ratio":{"dmean":[0.158457785845,0.0652484223247,0.0957062393427,0.0935839638114,0.0720584541559,0.0816086381674],"dmean2":[0.277834951878,0.114609219134,0.16709689796,0.169116050005,0.124542526901,0.153256490827],"dvar":[0.0148650892079,0.00468374229968,0.0137211093679,0.010741465725,0.0050521