{"lowlevel":{"average_loudness":0.889975488186,"barkbands":{"dmean":[0.00010331368685,0.00255284109153,0.00182665954344,0.00128167110961,0.00164594210219,0.00157540768851,0.000697351351846,0.00101371249184,0.000614504271653,0.000282852211967,0.0000874014222063,0.0000977161398623,0.0000681641176925,0.000224632618483,0.0000490245984111,0.0000843716261443,0.0000940290847211,0.000101030898804,0.000333472125931,0.000263374589849,0.000105315317342,0.000118372561701,0.000464102922706,0.000313943746733,0.000155257963343,0.0000524258612131,0.0000192387815332],"dmean2":[0.000178610061994,0.00405877036974,0.00310701038688,0.00207433081232,0.00265894643962,0.00235436996445,0.00104816805106,0.00152092473581,0.000943925406318,0.000432334141806,0.000138627234264,0.000154187713633,0.000107706247945,0.000356252625352,0.000078279976151,0.000138635281473,0.000151292275405,0.000164929864695,0.000539702770766,0.000410234002629,0.000165111880051,0.00018374879437,0.000733637658413,0.000481729861349,0.000241708636167,0.0000800281850388,0.000029172277209],"dvar":[1.33072433073e-7,0.0000424580030085,0.0000218850072997,0.00000784074200055,0.0000169951617863,0.0000196491655515,0.00000193071537069,0.00000526179246663,0.00000163666402386,3.29664118226e-7,4.2606998818e-8,1.52934532593e-7,4.47709567197e-8,2.95052643651e-7,3.47969262293e-8,4.93096088405e-8,4.51397710322e-8,3.97896720017e-8,6.70237284339e-7,4.6261436637e-7,1.09318527564e-7,1.34372612592e-7,0.00000183204622317,9.78964294518e-7,4.03368233037e-7,3.02686551379e-8,6.72217126407e-9],"dvar2":[3.58112231424e-7,0.0000964171922533,0.0000612836665823,0.0000188580106624,0.0000430583313573,0.0000394455746573,0.00000415281192545,0.0000116199007607,0.00000362738296644,7.20971513601e-7,9.47813703078e-8,3.35696171305e-7,8.82103208255e-8,7.32762146072e-7,9.39946218637e-8,1.25809648921e-7,1.0591762134e-7,1.01325653645e-7,0.00000165722644851,0.00000108692483991,2.81641064248e-7,3.35345220037e-7,0.00000434242519987,0.00000231450144383,0.00000107420430595,7.59368887771e-8,1.53139190218e-8],"max":[0.00450080633163,0.0725033208728,0.06791010499,0.063839495182,0.0671369507909,0.144083276391,0.0525746680796,0.0734574645758,0.0395445749164,0.0154317878187,0.00936200469732,0.0254070386291,0.013185499236,0.0157798118889,0.0122588677332,0.00614254456013,0.00549329444766,0.00416448898613,0.0182013735175,0.0156939346343,0.00995048042387,0.00870376266539,0.0266877897084,0.0217539668083,0.026288272813,0.00541121186689,0.00215504551306],"mean":[0.000109895663627,0.00485694222152,0.00312602357008,0.00255485833623,0.00282048713416,0.00296444841661,0.001490401919,0.00217818724923,0.0012230516877,0.000595546967816,0.000138414558023,0.000161099247634,0.000113967311336,0.000358105608029,0.0000825239330879,0.000135352835059,0.000155575980898,0.000178612113814,0.000618664256763,0.000503718969412,0.000196117543965,0.000218676854274,0.000892805517651,0.000524059811141,0.000252402824117,0.0000879214858287,0.0000265361777565],"median":[0.00000650062975183,0.00170267280191,0.0017035943456,0.000708622741513,0.00142229686026,0.00110820075497,0.000645295367576,0.000433138338849,0.000347986118868,0.000186978242709,0.0000539698557986,0.0000647998094792,0.0000388008884329,0.000114135102194,0.0000385173989343,0.0000636094991933,0.000071134447353,0.0000880385559867,0.000216155356611,0.000159418777912,0.0000887188361958,0.0000774097570684,0.00016802715254,0.00012757096556,0.0000542204907106,0.0000115763796202,0.00000132487241444],"min":[3.12656618416e-24,1.84288446641e-23,2.59146861873e-24,3.51241264683e-24,2.7146477108e-23,1.12929919312e-23,5.68642873573e-23,6.53334980357e-23,8.23458577476e-23,1.34005202987e-22,4.71485186764e-23,4.89974130007e-23,1.63583195529e-22,9.73673407939e-23,2.14402776247e-22,1.72739333662e-22,1.10475287098e-22,2.30001749652e-22,1.51691413995e-22,4.76858314027e-22,4.39832086144e-22,3.57654817438e-22,4.79611627913e-22,9.81532595635e-22,1.26248057289e-21,1.86436978105e-21,2.31029000536e-21],"var":[1.1886053386e-7,0.0000679087388562,0.0000234373601415,0.0000213250314118,0.0000216222852032,0.0000468868274766,0.00000562282275496,0.000018350123355,0.00000566098833588,0.00000119600179005,8.55729425098e-8,2.28044868322e-7,1.45480029801e-7,4.72716948252e-7,3.94841990214e-8,6.79185276908e-8,7.99860444545e-8,8.13711480419e-8,0.00000145389662976,0.00000109675272597,1.31357964506e-7,1.86809742786e-7,0.00000364869924852,0.00000129233160351,4.03944795835e-7,4.51127597501e-8,1.3063293558e-8]},"barkbands_crest":{"dmean":2.10554289818,"dmean2":3.32026457787,"dvar":5.17602348328,"dvar2":11.7550430298,"max":26.9669322968,"mean":10.8706645966,"median":9.7362651825,"min":2.5326924324,"var":25.6363372803},"barkbands_flatness_db":{"dmean":0.0192644204944,"dmean2":0.0288162026554,"dvar":0.000457508285763,"dvar2":0.00100729928818,"max":0.559909403324,"mean":0.162667244673,"median":0.133228287101,"min":0.0299076642841,"var":0.00884829182178},"barkbands_kurtosis":{"dmean":8.87494277954,"dmean2":13.5974712372,"dvar":2656.38500977,"dvar2":5857.5,"max":2202.36865234,"mean":13.9671440125,"median":2.63111495972,"min":-1.92962050438,"var":4565.5703125},"barkbands_skewness":{"dmean":0.67715793848,"dmean2":1.0174318552,"dvar":1.64975059032,"dvar2":3.48954224586,"max":43.7837524414,"mean":2.03177571297,"median":1.54418456554,"min":-5.58198308945,"var":6.66570997238},"barkbands_spread":{"dmean":6.41370153427,"dmean2":9.59798431396,"dvar":91.8337402344,"dvar2":195.262832642,"max":110.623924255,"mean":27.0100135803,"median":20.5723419189,"min":0.0441935174167,"var":497.458282471},"dissonance":{"dmean":0.0182360019535,"dmean2":0.0304140653461,"dvar":0.000433525739936,"dvar2":0.00115719763562,"max":0.5,"mean":0.449095159769,"median":0.464146375656,"min":0.0951547920704,"var":0.00287300208583},"dynamic_complexity":3.72906923294,"erbbands":{"dmean":[0.0607074797153,0.659785926342,1.96538519859,3.48780560493,4.74568223953,6.08160018921,4.66775798798,17.859369278,11.6591768265,11.4361486435,23.423822403,15.2080640793,10.619058609,5.77783536911,3.89113879204,3.58100128174,2.48039364815,11.2756814957,4.14248895645,2.55666399002,5.85129737854,4.06297874451,5.31245803833,9.98040103912,18.483247757,12.8454685211,4.34923601151,4.1668009758,4.29927158356,4.9603934288,17.2640113831,5.35313892365,6.50796556473,2.72534012794,0.630510866642,0.249180927873,0.100579805672,0.0209495369345,0.00308185908943,0.000211274746107],"dmean2":[0.0958244726062,1.07302057743,3.2783370018,5.78086328506,7.67277145386,9.9356918335,7.08896303177,26.7049713135,17.5136737823,17.2072849274,35.4623222351,23.0691356659,16.2448291779,8.93306159973,6.10857391357,5.68527507782,3.87648630142,17.7779483795,6.73917531967,3.99354481697,9.54015922546,6.51552200317,8.68879508972,16.4205303192,29.5764045715,19.9269733429,6.77161216736,6.52619600296,6.68470573425,7.70352745056,27.3842067719,8.25204467773,10.0641126633,4.21640920639,0.921377539635,0.366848319769,0.159278929234,0.0331055894494,0.00477637490258,0.000311150273774],"dvar":[0.0269002988935,2.91552233696,25.6726036072,55.6215896606,111.874435425,248.156784058,56.9932937622,3227.80151367,467.553344727,693.744018555,3429.27539062,1078.1920166,522.687744141,126.804122925,96.1309280396,238.070922852,60.3500137329,686.44354248,203.581588745,61.6180305481,231.157699585,68.7833175659,97.5765609741,600.325439453,2251.04248047,1121.72558594,105.479171753,192.898071289,164.033187866,248.054351807,2805.76733398,168.682785034,560.88873291,108.984535217,3.61799025536,0.473666578531,0.148475721478,0.00704207038507,0.000178109912667,8.79309652646e-7],"dvar2":[0.057308178395,7.31285762787,69.8774185181,143.558197021,281.359466553,645.36895752,131.76109314,6464.27636719,1043.98950195,1350.56030273,7547.52978516,2356.08959961,1102.30969238,278.974273682,206.264755249,506.457061768,109.313362122,1699.18896484,553.040344238,135.15536499,595.594482422,169.836959839,252.210571289,1552.51904297,5324.91845703,2632.69311523,264.356628418,488.085479736,412.866394043,610.514648438,6681.97851562,387.369781494,1338.21862793,275.740203857,8.38581562042,1.06422460079,0.39489865303,0.018140681088,0.000432007713243,0.00000184567966244],"max":[1.72190618515,18.2342948914,59.4174156189,114.107330322,155.946472168,242.03062439,167.704483032,1868.26147461,498.714874268,637.235839844,1854.890625,1083.06420898,645.551940918,400.087554932,550.635375977,1105.32739258,506.054260254,730.310668945,790.46862793,414.210418701,406.329162598,174.173126221,195.008132935,461.62487793,1057.69763184,798.614746094,278.910583496,323.16696167,360.709686279,375.400878906,1070.45849609,198.399475098,577.44744873,353.374786377,53.100605011,16.3694572449,13.5129013062,2.27062320709,0.270984649658,0.0259168893099],"mean":[0.110270544887,1.18046998978,3.54893732071,7.02140808105,8.35928630829,9.87999153137,9.94893264771,31.9689102173,25.2018547058,25.6104183197,49.6126861572,31.7413749695,22.9739608765,11.9627447128,6.83117341995,6.17431545258,4.93254518509,18.7401123047,7.38125610352,4.67347812653,10.08452034,7.80963039398,9.44767093658,18.8513507843,35.4358024597,25.5405101776,9.38356113434,7.4648976326,7.88650751114,9.10840129852,32.7167320251,10.7269544601,9.96909427643,4.37131690979,1.16949284077,0.448082387447,0.156297042966,0.0299584269524,0.00421782210469,0.000322278327076],"median":[0.0226403977722,0.480852484703,1.72691881657,3.03827691078,3.99473190308,4.76491737366,5.22207689285,9.52663612366,12.3946113586,9.78241157532,11.7324876785,11.3720741272,7.51231241226,5.10034704208,3.2204015255,2.56378221512,2.39746713638,6.87931537628,3.63804531097,2.43705892563,4.8330283165,4.36030578613,5.25050258636,7.90615701675,11.0329942703,8.24496269226,4.4366607666,3.20685720444,2.77818417549,3.44884371758,5.15572834015,3.32082390785,1.95739996433,0.857199430466,0.26146030426,0.0744118243456,0.0175249483436,0.00247057015076,0.000251999270404,0.0000573532670387],"min":[7.33572181351e-22,3.21892407834e-21,2.97436740323e-21,7.20957535645e-21,5.17147890595e-20,8.91166457979e-20,9.57278416073e-20,1.57153343317e-19,7.30657785754e-19,1.2487763728e-18,1.20550655496e-18,1.8853114997e-18,3.02024589992e-18,4.2124098248e-18,1.75507749572e-18,2.68276282744e-18,7.15693375029e-18,4.09248517959e-18,1.04135595383e-17,7.97944079238e-18,9.85295607616e-18,6.45649416479e-18,1.2637657954e-17,9.29064531319e-18,1.09976119165e-17,2.11189980276e-17,1.97539266782e-17,1.67964350422e-17,1.27917732826e-17,1.06867657141e-17,1.51990053499e-17,1.79893502539e-17,1.7340484966e-17,1.65481286572e-17,7.61345555754e-18,6.39542011144e-18,3.32875841901e-18,1.45693627055e-18,3.95803467414e-19,2.93204120136e-20],"var":[0.0592563897371,3.83302760124,28.983745575,114.728401184,172.891204834,289.324523926,160.478500366,7474.34716797,1299.4942627,2127.21142578,11320.4101562,3512.40966797,1930.12927246,470.446716309,178.807601929,384.747375488,230.14755249,1180.5501709,257.716644287,102.587211609,338.877532959,133.024688721,186.109237671,1075.41491699,5284.0625,2806.71313477,192.693695068,229.911071777,231.376525879,309.806518555,5575.92333984,326.665527344,668.149841309,122.628517151,6.32156467438,0.946595847607,0.174731463194,0.0093063917011,0.000299847859424,0.0000019395840809]},"erbbands_crest":{"dmean":2.37200140953,"dmean2":3.72941803932,"dvar":5.48714399338,"dvar2":13.0034456253,"max":32.8582000732,"mean":10.7594900131,"median":9.33586025238,"min":2.41054534912,"var":35.3542900085},"erbbands_flatness_db":{"dmean":0.0162636339664,"dmean2":0.0240234434605,"dvar":0.000321930507198,"dvar2":0.000696887320373,"max":0.523771822453,"mean":0.161651045084,"median":0.136885464191,"min":0.0439624674618,"var":0.00670157978311},"erbbands_kurtosis":{"dmean":2.04228949547,"dmean2":3.19359493256,"dvar":52.6016693115,"dvar2":113.975563049,"max":206.907867432,"mean":2.85070681572,"median":-0.259437084198,"min":-1.83858931065,"var":145.052474976},"erbbands_skewness":{"dmean":0.41930359602,"dmean2":0.645281612873,"dvar":0.267357259989,"dvar2":0.615284442902,"max":11.2561235428,"mean":0.705996274948,"median":0.570078194141,"min":-4.83163499832,"var":1.99472439289},"erbbands_spread":{"dmean":8.48671722412,"dmean2":13.0014591217,"dvar":114.895904541,"dvar2":256.229797363,"max":158.061325073,"mean":49.614616394,"median":51.8017158508,"min":0.453206092119,"var":932.011901855},"gfcc":{"cov":[[14510.8144531,-4132.27783203,-829.419067383,2522.82104492,-907.077392578,1037.02758789,-83.78565979,1188.17346191,148.505355835,-245.173126221,-546.219970703,-655.218200684,-708.714538574],[-4132.27783203,2791.90380859,53.4439659119,-1192.14379883,406.554473877,-425.06539917,130.602676392,-424.19619751,24.703371048,166.232727051,278.467590332,174.556442261,299.689422607],[-829.419067383,53.4439659119,844.615478516,43.5549087524,117.763092041,123.471733093,48.776966095,-25.5276107788,36.0718002319,18.7703151703,-37.1053352356,136.827423096,-0.762471199036],[2522.82104492,-1192.14379883,43.5549087524,1248.73937988,-134.148727417,397.299835205,45.6261825562,359.499084473,39.2828102112,-147.861709595,-141.12449646,-185.881622314,-200.878890991],[-907.077392578,406.554473877,117.763092041,-134.148727417,268.442626953,-0.122837357223,86.512512207,-51.9292259216,7.07408714294,48.3054542542,39.0166320801,63.2437744141,51.6800765991],[1037.02758789,-425.06539917,123.471733093,397.299835205,-0.122837357223,398.152893066,99.4159622192,145.818328857,23.780456543,-30.3827018738,-46.6389274597,-25.1451854706,-64.3654632568],[-83.78565979,130.602676392,48.776966095,45.6261825562,86.512512207,99.4159622192,177.433837891,64.9409790039,27.5570011139,28.794883728,8.12858200073,11.5568265915,0.469494104385],[1188.17346191,-424.19619751,-25.5276107788,359.499084473,-51.9292259216,145.818328857,64.9409790039,255.895751953,82.1331863403,-10.5168037415,-39.1435317993,-86.5042877197,-78.5074920654],[148.505355835,24.703371048,36.0718002319,39.2828102112,7.07408714294,23.780456543,27.5570011139,82.1331863403,116.257537842,46.1950073242,8.99524211884,-19.306558609,-14.9034366608],[-245.173126221,166.232727051,18.7703151703,-147.861709595,48.3054542542,-30.3827018738,28.794883728,-10.5168037415,46.1950073242,131.38873291,46.3949356079,52.6031417847,26.803150177],[-546.219970703,278.467590332,-37.1053352356,-141.12449646,39.0166320801,-46.6389274597,8.12858200073,-39.1435317993,8.99524211884,46.3949356079,135.013656616,45.286895752,58.4379806519],[-655.218200684,174.556442261,136.827423096,-185.881622314,63.2437744141,-25.1451854706,11.5568265915,-86.5042877197,-19.306558609,52.6031417847,45.286895752,168.232254028,79.1547088623],[-708.714538574,299.689422607,-0.762471199036,-200.878890991,51.6800765991,-64.3654632568,0.469494104385,-78.5074920654,-14.9034366608,26.803150177,58.4379806519,79.1547088623,129.036132812]],"icov":[[0.000211246966501,0.0000449405524705,0.000204667099752,-0.0000701571480022,0.000269437732641,-0.000301135820337,0.000279698782833,-0.000574915611651,0.00017316735466,-0.000269276526524,0.000354250281816,-0.0000562253771932,0.000288925453788],[0.0000449405524705,0.00114212732296,-0.0000857745035319,0.000469744642032,-0.000651682436001,0.000404389254982,-0.00119924952742,0.00126775924582,-0.00108864787035,0.000360351346899,-0.000978164374828,0.0010339479195,-0.000828456250019],[0.000204667099752,-0.0000857745035319,0.00197790563107,-0.000266542134341,-0.000266651855782,-0.000773108273279,0.000487119192258,-0.0000997441602522,-0.00106831034645,0.000306599598844,0.00121145928279,-0.0022320994176,0.00121228094213],[-0.0000701571480022,0.000469744642032,-0.000266542134341,0.00238949689083,-0.00043277637451,-0.000894509779755,0.0000443539611297,-0.00151520816144,0.000158325812663,0.00151651690248,-0.000454784429166,0.000786647666246,0.000473772204714],[0.000269437732641,-0.000651682436001,-0.000266651855782,-0.00043277637451,0.00641412381083,-0.000512207683641,-0.00189459323883,-0.0000548199241166,0.000626756693237,-0.00140104268212,0.000653486116789,-0.000518116576131,-0.000147487458889],[-0.000301135820337,0.000404389254982,-0.000773108273279,-0.000894509779755,-0.000512207683641,0.00523723429069,-0.00295148440637,0.000704344245605,-0.000313484371873,0.000723558827303,-0.000834901700728,-0.000273082754575,-0.000374298775569],[0.000279698782833,-0.00119924952742,0.000487119192258,0.0000443539611297,-0.00189459323883,-0.00295148440637,0.0110708158463,-0.00551622500643,0.00222059944645,-0.00179651449434,0.00152186804917,-0.00145889061969,0.00111888477113],[-0.000574915611651,0.00126775924582,-0.0000997441602522,-0.00151520816144,-0.0000548199241166,0.000704344245605,-0.00551622500643,0.0147383501753,-0.00809908099473,0.00083821330918,-0.00191125494894,0.0027417242527,-0.00102689536288],[0.00017316735466,-0.00108864787035,-0.00106831034645,0.000158325812663,0.000626756693237,-0.000313484371873,0.00222059944645,-0.00809908099473,0.0169614758343,-0.00631670793518,0.000296727928799,0.00193713058252,0.000325036846334],[-0.000269276526524,0.000360351346899,0.000306599598844,0.00151651690248,-0.00140104268212,0.000723558827303,-0.00179651449434,0.00083821330918,-0.00631670793518,0.0139219649136,-0.00289653078653,-0.00382026541047,0.00151918886695],[0.000354250281816,-0.000978164374828,0.00121145928279,-0.000454784429166,0.000653486116789,-0.000834901700728,0.00152186804917,-0.00191125494894,0.000296727928799,-0.00289653078653,0.0120703633875,-0.00193066883367,-0.00197608349845],[-0.0000562253771932,0.0010339479195,-0.0022320994176,0.000786647666246,-0.000518116576131,-0.000273082754575,-0.00145889061969,0.0027417242527,0.00193713058252,-0.00382026541047,-0.00193066883367,0.0139612881467,-0.00642668269575],[0.000288925453788,-0.000828456250019,0.00121228094213,0.000473772204714,-0.000147487458889,-0.000374298775569,0.00111888477113,-0.00102689536288,0.000325036846334,0.00151918886695,-0.00197608349845,-0.00642668269575,0.0158082228154]],"mean":[-21.1841907501,83.3072509766,-83.4200744629,28.2306518555,-68.1255264282,4.36977624893,-37.9648399353,9.96156978607,-21.2708358765,0.467943012714,-9.75554943085,-7.48578977585,-13.789065361]},"hfc":{"dmean":10.1827812195,"dmean2":14.922246933,"dvar":514.912475586,"dvar2":1128.01647949,"max":352.523712158,"mean":30.0625228882,"median":18.3474655151,"min":1.13418413087e-16,"var":1364.42077637},"melbands":{"dmean":[0.000598979415372,0.000962681486271,0.000583075627219,0.000434312532889,0.000165575693245,0.000361758196959,0.000169450053363,0.000140824020491,0.000178914851858,0.0000919116864679,0.0000528357668372,0.0000254918413702,0.0000125909027702,0.0000113457454063,0.00000648421837468,0.00000773971987655,0.0000245338833338,0.00000861780881678,0.00000350021718987,0.00000373876082449,0.00000879061917658,0.00000547325089428,0.00000434945422967,0.0000041985254029,0.00000886024918145,0.0000165500823641,0.0000127108796733,0.000008308267752,0.00000270183068096,0.000003005877943,0.00000242565033659,0.00000268669055004,0.0000022694503059,0.0000028097251743,0.0000101902160168,0.00000800003726908,0.00000233116020354,0.00000349860215465,0.00000624521544523,0.00000125784868032],"dmean2":[0.000952173024416,0.00158156745601,0.000961666810326,0.000704786449205,0.000254397920799,0.000540527689736,0.000253023288678,0.00021142391779,0.000271392724244,0.000140251926496,0.0000807834076113,0.000039317048504,0.0000197538265638,0.000018173144781,0.000010232924069,0.0000122292003653,0.0000387383588532,0.0000140972342706,0.00000560639136893,0.00000596579684498,0.0000143799525176,0.00000883373013494,0.00000708020616003,0.00000685431768943,0.0000146946458699,0.0000268441726803,0.0000201322473004,0.0000129754998852,0.00000425905409429,0.00000483217718283,0.00000383544875149,0.00000425006101068,0.00000354471285391,0.00000443360295321,0.0000162449196068,0.000012868421436,0.00000357455542144,0.00000537493588126,0.00000996469134407,0.00000191911999536],"dvar":[0.00000235008656091,0.00000588925331613,0.00000143695137922,0.00000127616215195,7.17576895681e-8,0.00000120412505566,9.59820951607e-8,8.96035672326e-8,1.88323099337e-7,4.23143013961e-8,1.29042598829e-8,2.67153610345e-9,8.88556339618e-10,1.26177013282e-9,1.73753222921e-9,3.37965627706e-10,3.45757178444e-9,8.22466317274e-10,7.64298971334e-11,9.59937199174e-11,5.63519841901e-10,1.44224854282e-10,7.15532147422e-11,5.97695781757e-11,5.07056452381e-10,1.89667059836e-9,1.19666576648e-9,4.99079610972e-10,3.02145738984e-11,1.32110655748e-10,5.58958331009e-11,5.8436665229e-11,6.28657612078e-11,8.70728350533e-11,9.78285674691e-10,5.73492586753e-10,3.52812050408e-11,1.2808443195e-10,7.56839313443e-10,1.48144829737e-11],"dvar2":[0.00000493975767313,0.0000156240967044,0.00000369871008843,0.00000323556264448,1.73430379391e-7,0.00000241224438469,2.09386087135e-7,1.80567027996e-7,4.17938395003e-7,9.22741207887e-8,2.7227772037e-8,5.86201887032e-9,1.88053239647e-9,2.52825405056e-9,3.75618158799e-9,7.70308150599e-10,8.56789750259e-9,2.2002892841e-9,1.79981474169e-10,2.25447993607e-10,1.44047573869e-9,3.52332441e-10,1.75046754869e-10,1.55704338312e-10,1.31177513296e-9,4.56713555863e-9,2.83050205496e-9,1.17799603405e-9,7.25636009613e-11,3.56727536399e-10,1.38814695849e-10,1.492004853e-10,1.62032040563e-10,2.14411363664e-10,2.34959807166e-9,1.42061173936e-9,8.19432161014e-11,3.05995701e-10,1.88239068777e-9,3.69945706014e-11],"max":[0.0162398051471,0.0275332797319,0.0211075339466,0.0187681429088,0.00471196882427,0.0359247103333,0.00946601945907,0.00763814523816,0.0125207584351,0.00603859918192,0.00326503789984,0.0018505564658,0.00137748371344,0.00222442904487,0.00271609961055,0.000623224303126,0.00164680671878,0.00139519828372,0.000358592660632,0.000554531812668,0.000653521332424,0.000274775316939,0.000223187060328,0.000134643560159,0.000429964216892,0.00128152070101,0.00089934974676,0.000469499063911,0.000185245648026,0.000459339877125,0.000181228897418,0.000199896574486,0.000226939984714,0.00021556923457,0.000780831789598,0.00050409079995,0.00012787351443,0.000299411127344,0.000749380618799,0.000121686585771],"mean":[0.00116093992256,0.00181969162077,0.00121361052152,0.00071320758434,0.000356978940545,0.00066517770756,0.000365419720765,0.000314148317557,0.000376333831809,0.000186060889973,0.000110786852019,0.0000494919695484,0.0000207898647204,0.0000194714430108,0.0000105670960693,0.0000136164480864,0.0000392306719732,0.0000133102321342,0.00000578633580517,0.00000616711668044,0.0000142575172504,0.00000908712263481,0.00000736043148208,0.00000747227022657,0.000014682089386,0.0000282534947473,0.000022959888156,0.0000152443553816,0.00000558409738005,0.0000047321054808,0.00000419773095928,0.0000046781774472,0.00000386429610444,0.00000466641222374,0.0000188121121028,0.0000145891281136,0.00000424002382715,0.00000536771040061,0.00000892855769052,0.00000212008990275],"median":[0.000349695619661,0.000924775260501,0.000619899248704,0.000345958367689,0.000188763355254,0.000219184803427,0.000176684043254,0.000103577476693,0.000088069231424,0.0000558161482331,0.0000335205513693,0.0000181830673682,0.00000888410977495,0.00000837239440443,0.00000363159051631,0.00000510449990543,0.0000131203705678,0.00000542256020708,0.00000267414111477,0.00000291734272651,0.00000603215403316,0.00000434797902926,0.00000390929062632,0.0000037488991893,0.00000587037447985,0.00000846129205456,0.00000651057052892,0.00000483859548694,0.00000264831123786,0.00000191221920431,0.00000149147524553,0.00000159967419222,0.00000125325823319,0.00000167135601714,0.00000286519889414,0.00000277564345197,0.0000013679886024,0.00000125546910112,0.00000113735313789,4.9999255225e-7],"min":[5.74312511562e-24,2.63052886923e-24,2.68601142885e-24,4.87330183797e-24,4.14097109965e-24,4.04687616531e-24,1.03910596482e-23,1.4021669691e-23,1.02838921053e-23,1.1771828923e-23,1.51275012188e-23,1.79775294516e-23,6.22013668323e-24,5.84452924068e-24,1.49247513444e-23,1.15375159349e-23,7.12672166792e-24,1.52071745925e-23,1.69945914088e-23,1.06473416236e-23,1.06994245872e-23,5.40082377492e-24,1.11300874211e-23,1.08592107301e-23,7.24411915898e-24,4.98814026425e-24,1.30167713383e-23,1.44069462017e-23,1.26518450724e-23,1.19389285954e-23,9.30918109286e-24,8.64550294697e-24,4.15419319728e-24,6.27331892445e-24,8.04319502406e-24,9.70890401329e-24,1.23627772489e-23,1.20172041075e-23,1.28731489553e-23,1.43803221461e-23],"var":[0.00000443597764388,0.00000704250260242,0.00000307513823827,0.00000149590800902,2.09409051877e-7,0.00000282355631498,2.74265602229e-7,2.92599168006e-7,6.0727836626e-7,1.41550970056e-7,4.72664360984e-8,9.79834524628e-9,1.78550485508e-9,2.4786541708e-9,3.32226601785e-9,8.05430111495e-10,5.69030200737e-9,1.02881314579e-9,1.31006885895e-10,1.53499865596e-10,8.05395972137e-10,2.40579139943e-10,1.28109453601e-10,1.22288498772e-10,7.630835408e-10,4.11987910454e-9,2.58950572096e-9,1.10160380817e-9,6.99622790257e-11,1.14994430644e-10,7.69784375132e-11,8.15897835404e-11,7.21188456176e-11,1.01001020048e-10,1.88380799848e-9,1.00995334318e-9,6.11242723103e-11,1.53793977553e-10,8.25447321606e-10,2.09772060833e-11]},"melbands_crest":{"dmean":2.6641190052,"dmean2":4.26651620865,"dvar":7.90839529037,"dvar2":18.9626274109,"max":34.1355209351,"mean":15.267952919,"median":13.968460083,"min":1.62608468533,"var":36.9994888306},"melbands_flatness_db":{"dmean":0.0245766676962,"dmean2":0.0359778404236,"dvar":0.000766994024161,"dvar2":0.00162674020976,"max":0.640826523304,"mean":0.234511762857,"median":0.204228833318,"min":0.00389486341737,"var":0.0132180107757},"melbands_kurtosis":{"dmean":10.1325902939,"dmean2":15.7145013809,"dvar":528.214416504,"dvar2":1267.16052246,"max":540.49822998,"mean":22.4650650024,"median":10.9564409256,"min":-1.92261350155,"var":1449.03820801},"melbands_skewness":{"dmean":0.748369753361,"dmean2":1.14405572414,"dvar":1.02418065071,"dvar2":2.30720257759,"max":17.8164863586,"mean":3.17716860771,"median":2.72418856621,"min":-2.04517292976,"var":4.7366104126},"melbands_spread":{"dmean":8.60886001587,"dmean2":13.1318264008,"dvar":268.73336792,"dvar2":597.788696289,"max":254.54914856,"mean":25.4066867828,"median":16.1442184448,"min":0.205581262708,"var":824.675354004},"mfcc":{"cov":[[14261.2177734,-5461.23632812,158.935546875,992.583129883,190.411621094,-176.311889648,175.608276367,896.419372559,398.62097168,1123.50744629,464.571350098,34.1714630127,-534.785095215],[-5461.23632812,3677.88842773,-378.81362915,-653.946289062,-194.97694397,38.8109130859,-75.6545639038,-491.40133667,-161.45954895,-357.710510254,-168.915802002,-27.7342948914,298.599029541],[158.935546875,-378.81362915,674.19342041,159.737838745,131.392333984,141.308074951,27.6506233215,163.771774292,81.719581604,-13.1253700256,72.6097106934,33.997303009,-36.2691421509],[992.583129883,-653.946289062,159.737838745,458.49307251,120.441169739,21.5382041931,66.9492874146,169.606292725,72.933883667,124.289772034,57.5791473389,36.8658905029,-61.4980201721],[190.411621094,-194.97694397,131.392333984,120.441169739,173.899383545,68.7910614014,47.4722976685,81.4954833984,37.6943206787,29.0332126617,27.6950378418,16.1293029785,-13.5904378891],[-176.311889648,38.8109130859,141.308074951,21.5382041931,68.7910614014,233.403579712,99.1165237427,74.8552093506,55.6104316711,-44.2391319275,20.5849971771,29.7626647949,6.94534397125],[175.608276367,-75.6545639038,27.6506233215,66.9492874146,47.4722976685,99.1165237427,183.721847534,101.870620728,43.9885025024,39.9318199158,5.25406074524,35.7460670471,21.2024097443],[896.419372559,-491.40133667,163.771774292,169.606292725,81.4954833984,74.8552093506,101.870620728,226.114105225,95.2751312256,90.2964553833,63.2181663513,26.9369297028,-39.1375389099],[398.62097168,-161.45954895,81.719581604,72.933883667,37.6943206787,55.6104316711,43.9885025024,95.2751312256,135.118438721,72.4938583374,58.4732055664,20.2010288239,-25.3218822479],[1123.50744629,-357.710510254,-13.1253700256,124.289772034,29.0332126617,-44.2391319275,39.9318199158,90.2964553833,72.4938583374,243.424636841,84.7332382202,24.7453098297,-24.6511230469],[464.571350098,-168.915802002,72.6097106934,57.5791473389,27.6950378418,20.5849971771,5.25406074524,63.2181663513,58.4732055664,84.7332382202,137.292831421,40.2905006409,-28.8926067352],[34.1714630127,-27.7342948914,33.997303009,36.8658905029,16.1293029785,29.7626647949,35.7460670471,26.9369297028,20.2010288239,24.7453098297,40.2905006409,89.2923660278,32.0036697388],[-534.785095215,298.599029541,-36.2691421509,-61.4980201721,-13.5904378891,6.94534397125,21.2024097443,-39.1375389099,-25.3218822479,-24.6511230469,-28.8926067352,32.0036697388,110.132080078]],"icov":[[0.000250783137744,0.000283182453131,0.000132707544253,0.0000958062082645,0.000160714480444,-0.000106583152956,0.000104768798337,-0.000322680338286,0.000103643164039,-0.000711976608727,-0.0000476893910673,0.0000613190204604,0.000273030687822],[0.000283182453131,0.000877702317666,0.000215569220018,0.000358339661034,0.000204329116968,-0.000310053728754,-0.00014714190911,0.000639559759293,-0.000299104693113,-0.000398163188947,-0.000382779428037,0.000519263092428,-0.000842348381411],[0.000132707544253,0.000215569220018,0.00239843921736,-0.000215741150896,-0.000733635562938,-0.000969632470515,0.00126665213611,-0.00158295966685,-0.000168593775015,0.000497287255712,-0.000609764305409,-0.000152724373038,-0.00014948095486],[0.0000958062082645,0.000358339661034,-0.000215741150896,0.00396718410775,-0.00154091778677,0.000584461318795,-0.000177678986802,-0.00137551454827,0.0000879401341081,-0.00114738242701,0.000819582201075,-0.00147153506987,0.00136230909266],[0.000160714480444,0.000204329116968,-0.000733635562938,-0.00154091778677,0.0085881864652,-0.00185165111907,-0.000169356091646,-0.000821150490083,0.000465678487672,-0.000873873534147,-0.000241941350396,0.000652317597996,-0.000299848616123],[-0.000106583152956,-0.000310053728754,-0.000969632470515,0.000584461318795,-0.00185165111907,0.00862389989197,-0.00425053713843,-0.0000849727584864,-0.00252265087329,0.0035094129853,-0.00125647627283,-0.000730931351427,0.000434167450294],[0.000104768798337,-0.00014714190911,0.00126665213611,-0.000177678986802,-0.000169356091646,-0.00425053713843,0.0113531509414,-0.00537466350943,0.000736565503757,-0.00237528281286,0.00310988142155,-0.00234974501655,-0.00148654112127],[-0.000322680338286,0.000639559759293,-0.00158295966685,-0.00137551454827,-0.000821150490083,-0.0000849727584864,-0.00537466350943,0.0137763200328,-0.00410986598581,0.000549125485122,-0.00175819045398,0.00139541586395,-0.000444677396445],[0.000103643164039,-0.000299104693113,-0.000168593775015,0.0000879401341081,0.000465678487672,-0.00252265087329,0.000736565503757,-0.00410986598581,0.0132176922634,-0.00320985773578,-0.00161427841522,-0.000477052934002,0.00195775856264],[-0.000711976608727,-0.000398163188947,0.000497287255712,-0.00114738242701,-0.000873873534147,0.0035094129853,-0.00237528281286,0.000549125485122,-0.00320985773578,0.0104463361204,-0.00412337295711,0.000691794673912,-0.00221394957043],[-0.0000476893910673,-0.000382779428037,-0.000609764305409,0.000819582201075,-0.000241941350396,-0.00125647627283,0.00310988142155,-0.00175819045398,-0.00161427841522,-0.00412337295711,0.013996321708,-0.0067856060341,0.00423857942224],[0.0000613190204604,0.000519263092428,-0.000152724373038,-0.00147153506987,0.000652317597996,-0.000730931351427,-0.00234974501655,0.00139541586395,-0.000477052934002,0.000691794673912,-0.0067856060341,0.0185000672936,-0.00801827758551],[0.000273030687822,-0.000842348381411,-0.00014948095486,0.00136230909266,-0.000299848616123,0.000434167450294,-0.00148654112127,-0.000444677396445,0.00195775856264,-0.00221394957043,0.00423857942224,-0.00801827758551,0.0168615244329]],"mean":[-674.196533203,117.641273499,32.5538673401,23.1976852417,0.260579288006,-6.70004463196,-1.61922347546,-0.82372623682,-7.75593948364,10.5088148117,-2.66851210594,-1.40816783905,-1.27694952488]},"pitch_salience":{"dmean":0.0650288909674,"dmean2":0.102996826172,"dvar":0.00422972813249,"dvar2":0.0102959861979,"max":0.900893449783,"mean":0.533297717571,"median":0.547771453857,"min":0.0201041959226,"var":0.0195992477238},"silence_rate_20dB":{"dmean":0,"dmean2":0,"dvar":0,"dvar2":0,"max":1,"mean":1,"median":1,"min":1,"var":0},"silence_rate_30dB":{"dmean":0.000205212389119,"dmean2":0.000410466920584,"dvar":0.000205169752007,"dvar2":0.00061552983243,"max":1,"mean":0.999897420406,"median":1,"min":0,"var":0.000102585014247},"silence_rate_60dB":{"dmean":0.0270880367607,"dmean2":0.0541816316545,"dvar":0.0263531114906,"dvar2":0.0561663359404,"max":1,"mean":0.108546219766,"median":0,"min":0,"var":0.0967609137297},"spectral_centroid":{"dmean":248.014923096,"dmean2":381.095947266,"dvar":123580.476562,"dvar2":278934.25,"max":11604.9707031,"mean":1306.6003418,"median":1134.66601562,"min":159.71421814,"var":732637.875},"spectral_complexity":{"dmean":2.97044944763,"dmean2":4.59035396576,"dvar":13.5788269043,"dvar2":27.8705272675,"max":50,"mean":15.2947568893,"median":15,"min":0,"var":87.727684021},"spectral_contrast_coeffs":{"dmean":[0.0478256009519,0.0455274879932,0.0364891067147,0.0280461683869,0.0222121961415,0.0149273779243],"dmean2":[0.0782246440649,0.0732326209545,0.0590873099864,0.0458217300475,0.0352821573615,0.023855144158],"dvar":[0.00188891298603,0.00156733149197,0.000985259423032,0.000586196489166,0.000410063716117,0.000186603632756],"dvar2":[0.00481319380924,0.00374572747387,0.00245388108306,0.00148798886221,0.000942085986026,0.000435871741502],"max":[-0.317493200302,-0.240992605686,-0.474938333035,-0.597392499447,-0.574635863304,-0.662449598312],"mean":[-0.62394541502,-0.694747984409,-0.755010783672,-0.791841089725,-0.786729574203,-0.793832063675],"median":[-0.627235412598,-0.697494029999,-0.761899590492,-0.794331431389,-0.791497945786,-0.785368800163],"min":[-0.96144682169,-0.967524290085,-0.967788040638,-0.95363175869,-0.953624546528,-0.956260144711],"var":[0.0079834619537,0.00877096038312,0.00542586902156,0.00236065289937,0.00307781528682,0.00173855270259]},"spectral_contrast_valleys":{"dmean":[0.393345206976,0.353975236416,0.326488733292,0.294028401375,0.236115500331,0.251602381468],"dmean2":[0.642221868038,0.57902187109,0.525146842003,0.460850268602,0.363348931074,0.349952071905],"dvar":[0.129511639476,0.115530632436,0.10308226198,0.0911007001996,0.0698255375028,0.103425689042],"dvar2":[0.310010254383,0.271732509136,0.230361744761,0.195547327399,0.146210074425,0.206091374159],"max":[-5.33619451523,-4.80328130722,-5.78737211227,-6.33578300476,-5.77683258057,-7.22308683395],"mean":[-7.5522813797,-6.79694700241,-7.82195425034,-8.46022701263,-8.06909370422,-10.0749988556],"median":[-7.30183839798,-6.64940023422,-7.63718414307,-8.12281417847,-7.43569087982,-9.45494842529],"min":[-26.9811210632,-27.4353866577,-27.172668457,-27.4335422516,-27.5177345276,-27.3988685608],"var":[1.50914311409,0.965490996838,0.931162297726,1.26278889179,2.29636573792,2.94229006767]},"spectral_decrease":{"dmean":1.79395076572e-9,"dmean2":2.76528910881e-9,"dvar":7.88303123763e-18,"dvar2":1.87960316765e-17,"max":9.44636818464e-17,"mean":-6.31643892746e-9,"median":-6.27601259851e-9,"min":-3.70930806071e-8,"var":2.15615082225e-17},"spectral_energy":{"dmean":0.00716250529513,"dmean2":0.011018418707,"dvar":0.00011764701776,"dvar2":0.000280319043668,"max":0.144723534584,"mean":0.0265664700419,"median":0.026905881241,"min":1.04085816688e-20,"var":0.000362946651876},"spectral_energyband_high":{"dmean":0.00107266614214,"dmean2":0.00159781123511,"dvar":0.00000753356744099,"dvar2":0.0000167584657902,"max":0.0413959138095,"mean":0.0023818758782,"median":0.000804708863143,"min":7.82827818187e-21,"var":0.0000153409855557},"spectral_energyband_low":{"dmean":0.00422780402005,"dmean2":0.00665401807055,"dvar":0.0000880935040186,"dvar2":0.000210607540794,"max":0.101541504264,"mean":0.00968398153782,"median":0.00637399032712,"min":2.28353143956e-23,"var":0.00014596330584},"spectral_energyband_middle_high":{"dmean":0.000869939045515,"dmean2":0.00133235414978,"dvar":0.00000233806895267,"dvar2":0.00000531973819307,"max":0.027223277837,"mean":0.0026753754355,"median":0.00171423796564,"min":1.59975609654e-21,"var":0.0000100886654764},"spectral_energyband_middle_low":{"dmean":0.00455133989453,"dmean2":0.00699461810291,"dvar":0.0000512553415319,"dvar2":0.000118986368761,"max":0.144469633698,"mean":0.0135171534494,"median":0.0120992427692,"min":2.73743417893e-22,"var":0.000130325919599},"spectral_entropy":{"dmean":0.167720913887,"dmean2":0.241117209196,"dvar":0.0363987199962,"dvar2":0.0790513157845,"max":9.786236763,"mean":7.33932781219,"median":7.64428567886,"min":3.44295454025,"var":0.872627556324},"spectral_flux":{"dmean":0.0221907217056,"dmean2":0.0353603810072,"dvar":0.00081011664588,"dvar2":0.00195655948482,"max":0.290983855724,"mean":0.0706912130117,"median":0.0631383955479,"min":1.02022459925e-10,"var":0.00244349101558},"spectral_kurtosis":{"dmean":2.82902669907,"dmean2":4.59069252014,"dvar":40.4006614685,"dvar2":107.811607361,"max":135.382324219,"mean":9.48950386047,"median":2.17213916779,"min":-1.20536267757,"var":312.17098999},"spectral_rms":{"dmean":0.000638631812762,"dmean2":0.000953305279836,"dvar":7.17083196378e-7,"dvar2":0.00000159789999543,"max":0.0118824951351,"mean":0.00466306693852,"median":0.00512344017625,"min":3.18664625937e-12,"var":0.00000417438195655},"spectral_rolloff":{"dmean":759.040710449,"dmean2":1251.94030762,"dvar":2273104,"dvar2":4832108,"max":22050,"mean":2133.69580078,"median":732.12890625,"min":64.599609375,"var":7222252},"spectral_skewness":{"dmean":0.266269087791,"dmean2":0.420208394527,"dvar":0.169099241495,"dvar2":0.441356152296,"max":10.0876636505,"mean":1.94380223751,"median":1.2379822731,"min":-0.128509894013,"var":2.68598365784},"spectral_spread":{"dmean":612731.4375,"dmean2":919868.3125,"dvar":652076646400,"dvar2":1272916082690,"max":41531616,"mean":5476994.5,"median":5722696,"min":760973.875,"var":5694336008190},"spectral_strongpeak":{"dmean":0.492163896561,"dmean2":0.858320891857,"dvar":2.38136196136,"dvar2":6.44284820557,"max":30.1621608734,"mean":0.854316651821,"median":0.467503905296,"min":3.9512482175e-9,"var":2.08424425125},"zerocrossingrate":{"dmean":0.013940163888,"dmean2":0.015789847821,"dvar":0.00037440971937,"dvar2":0.00044224638259,"max":0.70556640625,"mean":0.0778998732567,"median":0.0595703125,"min":0.00341796875,"var":0.00416751718149}},"metadata":{"audio_properties":{"analysis_sample_rate":44100,"bit_rate":0,"codec":"flac","downmix":"mix","equal_loudness":0,"length":226.293334961,"lossless":true,"md5_encoded":"543d8199c3c8b8c291f72be9b8b58da7","replay_gain":-11.4118156433,"sample_rate":44100},"tags":{"album":["Black Sabbath"],"albumartist":["Black Sabbath"],"albumartistsort":["Black Sabbath"],"artist":["Black Sabbath"],"artistsort":["Black Sabbath"],"date":["1970"],"engineer":["Barry Sheffield","Tom Allom"],"file_name":"06 - Black Sabbath - Sleeping Village.flac","genre":["Heavy Metal","Metal","70S","Rock","Hard Rock","Doom Metal","Classic Rock"],"language":["eng"],"musicbrainz_albumartistid":["5182c1d9-c7d2-4dad-afa0-ccfeada921a8"],"musicbrainz_albumid":["588dc172-c06d-42ac-b206-fd25bed8e8cf"],"musicbrainz_artistid":["5182c1d9-c7d2-4dad-afa0-ccfeada921a8"],"musicbrainz_recordingid":["de2b4d2c-35c2-4999-8b2b-75b17cd5b0dc"],"musicip_puid":["45dd6edd-a730-6b06-9855-1f39fcc9d768"],"producer":["Rodger Bain"],"releasecountry":["GB"],"releasestatus":["official"],"releasetype":["album"],"script":["Latn"],"title":["Sleeping Village"],"totaltracks":["8"],"tracknumber":["6"]},"version":{"essentia":"2.1-beta1","essentia_build_sha":"81dca3489dfd3c4275b86ac4d56d870715677d3f","essentia_git_sha":"v2.1_beta1-28-g21ef5f4","extractor":"music 1.0"}},"rhythm":{"beats_count":492,"beats_loudness":{"dmean":0.0100276367739,"dmean2":0.0166529305279,"dvar":0.0000927366854739,"dvar2":0.00026392066502,"max":0.075417123735,"mean":0.0315449796617,"median":0.0346483811736,"min":0.0000857482882566,"var":0.000312761432724},"beats_loudness_band_ratio":{"dmean":[0.195945695043,0.153194457293,0.119597151875,0.0397808589041,0.0171529371291,0.0994687229395],"dmean2":[0.332658737898,0.258338749409,0.195761874318,0.0640424266458,0.0289776530117,0.172448977828],"dvar":[0.033890