{"lowlevel":{"average_loudness":0.932743728161,"barkbands":{"dmean":[0.0076059778221,0.019121106714,0.00265061529353,0.00122819130775,0.00137023860589,0.00094370811712,0.000839522224851,0.000613906478975,0.000987205537967,0.00108989456203,0.00102060998324,0.000948399188928,0.000565876136534,0.000493101542816,0.000575325859245,0.000307958980557,0.000365205371054,0.0002023166453,0.000155436428031,0.0000865927504492,0.0000860513537191,0.0000849761781865,0.000121980403492,0.000049204671086,0.00000693185074851,0.000137868875754,0.000310332135996],"dmean2":[0.0126994866878,0.0327506959438,0.00452271429822,0.00212565716356,0.00222615734674,0.00152369053103,0.00138104707003,0.00099589000456,0.00155118992552,0.00172483280767,0.00165576953441,0.00152305676602,0.000922538980376,0.000778101733886,0.000910174509045,0.000477322231745,0.000556667684577,0.000293791556032,0.000221703769057,0.000120333075756,0.000117108167615,0.000114517490147,0.000170576342498,0.0000696551360306,0.0000109496586447,0.000191722429008,0.000392677640775],"dvar":[0.000160174517077,0.00144973152783,0.0000246486270044,0.00000671548468745,0.00000547303761778,0.00000280793392449,0.00000209366339732,7.48131810724e-7,0.00000162397986969,0.00000303866363538,0.0000019087972305,0.00000159936075761,6.07810420661e-7,5.14163900789e-7,7.75569446887e-7,4.34503050428e-7,3.23094440091e-7,1.5779586704e-7,7.7923878905e-8,2.17488302923e-8,1.94676310628e-8,1.57006212476e-8,4.54385720161e-8,7.98649502087e-9,1.26588392546e-10,5.89601718559e-8,2.69406086773e-7],"dvar2":[0.000424672092777,0.0039921165444,0.0000665531842969,0.0000185841763596,0.0000140157308124,0.00000726945654606,0.00000547477884538,0.0000019054770064,0.00000387586760553,0.00000680714674672,0.00000488585692437,0.00000396102723244,0.00000156732289724,0.00000121064215364,0.00000189919182958,0.00000105969593278,7.44803742236e-7,3.31991856228e-7,1.62559686601e-7,4.45653185466e-8,3.78447460037e-8,2.93158901599e-8,8.68540510623e-8,1.52664494379e-8,2.86063450705e-10,1.11671425884e-7,4.56564862361e-7],"max":[0.190161108971,0.431438237429,0.0956020653248,0.0436922460794,0.0482156910002,0.0347104743123,0.0299253314734,0.0147108333185,0.0156153906137,0.024653647095,0.021674849093,0.021820647642,0.0107734100893,0.0107367951423,0.0140054319054,0.0198772996664,0.00899976398796,0.00776688428596,0.00688987411559,0.00300409924239,0.00327809900045,0.00203410559334,0.00228972174227,0.0008975774399,0.000159846662427,0.00266348826699,0.0137724438682],"mean":[0.00954913441092,0.0218702368438,0.00292273750529,0.00139600306284,0.00205671810545,0.00151778350119,0.00146549753845,0.00090491148876,0.00151315121911,0.00151055853348,0.00161311705597,0.00144317257218,0.000892957439646,0.000777808716521,0.00092093157582,0.000469451857498,0.00056754227262,0.000316286023008,0.000251505727647,0.000136941016535,0.000145100188092,0.000143692101119,0.000172263520653,0.0000624247695669,0.00000734032164473,0.000191473329323,0.000671012676321],"median":[0.00508425896987,0.00873985793442,0.00131085666362,0.000688146159519,0.00106298923492,0.000708638457581,0.00073235965101,0.000526752555743,0.00101021211594,0.000788339762948,0.000992889516056,0.000912740477361,0.000580426480155,0.000466721307021,0.00053822027985,0.000176593021024,0.000233766186284,0.000110230954306,0.0000892472307896,0.0000489986086905,0.0000452325621154,0.0000400751378038,0.0000335731056111,0.00000829196324048,0.00000227226701099,0.0000276203318208,0.00023305680952],"min":[1.82420608414e-25,9.73701369114e-25,5.71270239899e-25,8.75157259264e-25,5.50076022426e-24,4.31730438893e-24,1.05479009733e-23,9.86829730349e-24,1.9943328229e-23,1.38699464954e-23,1.6072223684e-23,2.9660150828e-23,2.49959129071e-23,2.51686513573e-23,4.10033237792e-23,3.99502670459e-23,6.50352455047e-23,8.05011664741e-23,1.40792271915e-22,9.81393768737e-23,1.99819792579e-22,2.97786206966e-22,3.28384442783e-22,5.21409340934e-22,8.66187752211e-22,1.28063421869e-21,1.82306951741e-21],"var":[0.000177132111276,0.00131850887556,0.0000227338023251,0.00000580965433983,0.00000805628405942,0.00000481420784126,0.00000471327939522,0.00000131122567382,0.0000026357652132,0.00000475621209262,0.00000349477318196,0.00000266228539658,9.87624048321e-7,9.32811815346e-7,0.00000136848882448,7.35236767468e-7,6.15754743194e-7,3.15840935627e-7,1.68154159041e-7,4.56239099833e-8,4.46138059829e-8,4.07674320968e-8,8.62487894437e-8,1.37381261922e-8,1.57745344564e-10,1.12864704249e-7,0.00000132193122226]},"barkbands_crest":{"dmean":3.15102744102,"dmean2":5.12538146973,"dvar":7.53301048279,"dvar2":19.5131492615,"max":26.6684398651,"mean":10.0943784714,"median":9.31999969482,"min":2.06437945366,"var":19.5186405182},"barkbands_flatness_db":{"dmean":0.0313520990312,"dmean2":0.046962544322,"dvar":0.000803775968961,"dvar2":0.00175443629269,"max":0.440192401409,"mean":0.129526466131,"median":0.123662337661,"min":0.0171751752496,"var":0.0036479907576},"barkbands_kurtosis":{"dmean":4.12199735641,"dmean2":6.81967258453,"dvar":259.615264893,"dvar2":651.634094238,"max":1096.5144043,"mean":4.5026140213,"median":1.86304140091,"min":-1.85617315769,"var":243.445770264},"barkbands_skewness":{"dmean":0.708149731159,"dmean2":1.1104695797,"dvar":0.707218587399,"dvar2":1.63470113277,"max":31.4991226196,"mean":1.50126361847,"median":1.33601403236,"min":-2.24886369705,"var":1.8356347084},"barkbands_spread":{"dmean":8.33313274384,"dmean2":12.4208879471,"dvar":72.1124801636,"dvar2":149.825805664,"max":127.409866333,"mean":27.6933765411,"median":23.8570251465,"min":0.430061906576,"var":261.759796143},"dissonance":{"dmean":0.0217534564435,"dmean2":0.0362672358751,"dvar":0.000575702579226,"dvar2":0.00151703180745,"max":0.500000059605,"mean":0.466527044773,"median":0.475757718086,"min":0.141033574939,"var":0.000988583196886},"dynamic_complexity":1.95449757576,"erbbands":{"dmean":[0.898148655891,3.1646001339,3.67627859116,3.3818295002,3.8768260479,5.20245265961,6.33107757568,8.72153949738,10.6356487274,16.2822780609,12.2400817871,24.2909240723,20.242067337,35.4822921753,47.1881103516,33.2907409668,26.8550434113,20.6366539001,33.2318229675,20.1953334808,15.6752119064,19.7422943115,12.7049789429,9.09224128723,6.29936933517,4.00723361969,3.53565835953,3.43974041939,3.15244412422,3.13646364212,3.60322523117,1.58580088615,0.546466886997,0.120300374925,0.0370335318148,0.122458122671,0.29159745574,0.162221744657,0.0252732653171,0.00582779571414],"dmean2":[1.52564871311,5.54016780853,6.324447155,5.76553440094,6.48986339569,8.5171251297,10.4236812592,14.0527410507,17.379776001,26.5731983185,19.7552471161,38.082649231,32.0936012268,55.8391876221,76.2952041626,53.4277954102,43.70936203,32.4659156799,52.3623123169,31.1161975861,23.7530860901,29.8216762543,18.4297733307,13.011964798,8.86857128143,5.614133358,4.92081689835,4.62259149551,4.27119970322,4.32776451111,5.11970949173,2.23180651665,0.781441509724,0.182263955474,0.059170473367,0.174206122756,0.405992627144,0.217720299959,0.0309112612158,0.00751848053187],"dvar":[2.84968733788,47.2686157227,51.5978431702,46.5431404114,49.7073898315,86.8821716309,135.342605591,267.112335205,494.783782959,592.126586914,312.210266113,1038.28540039,719.843811035,3568.85253906,3779.51977539,2005.35705566,1407.47094727,833.528259277,2661.45898438,1138.47070312,1006.9395752,914.819763184,534.896789551,284.006134033,123.917274475,47.6853981018,35.5397033691,29.9252605438,23.3003330231,25.1339588165,42.0739898682,8.21191596985,0.990744173527,0.0410835966468,0.00356791913509,0.0486332513392,0.271927237511,0.0636754333973,0.00131637766026,0.000104482314782],"dvar2":[7.75802373886,133.529144287,140.824371338,126.639572144,130.351028442,226.246963501,351.186523438,694.41204834,1279.85461426,1532.52185059,807.371704102,2427.69628906,1716.71655273,7963.54345703,9638.91796875,4981.80322266,3618.2722168,1998.87561035,6304.96875,2703.89306641,2357.74194336,2076.06298828,1137.95800781,580.272705078,247.644760132,97.8714141846,72.9262084961,56.6102371216,44.5751686096,47.4193611145,82.3608398438,15.5928230286,1.91644203663,0.0860848277807,0.00837501976639,0.0929088145494,0.512911319733,0.115306980908,0.00196825456806,0.000180371134775],"max":[16.0940666199,94.2318572998,116.988090515,105.54120636,176.48890686,147.739807129,198.827896118,370.275482178,549.683410645,710.011901855,403.613098145,420.89730835,371.840240479,967.989135742,1023.77026367,770.960388184,585.343688965,460.254364014,1028.36047363,981.840332031,649.318115234,440.109649658,491.253295898,370.697601318,278.215270996,137.443664551,150.557357788,81.547958374,95.756980896,66.4681777954,72.4967956543,29.5806560516,10.3667707443,2.74008870125,1.12789738178,2.2682955265,5.66766691208,2.85068321228,0.514375209808,0.247540488839],"mean":[1.06016325951,3.22843265533,4.04070711136,4.13364839554,5.2248544693,7.27580881119,9.20311737061,13.7898054123,17.656539917,26.4287433624,20.5386428833,36.7860488892,31.8925991058,53.9311676025,79.8513641357,55.9995689392,44.9482002258,35.2557296753,55.3456306458,33.1365623474,25.148979187,31.5228366852,20.8590717316,14.9641199112,10.3285627365,6.40344715118,5.85523414612,5.72639274597,5.27815580368,4.91336727142,4.95001792908,2.10912775993,0.659438312054,0.135069176555,0.0398504398763,0.14933784306,0.400027036667,0.263110101223,0.0497181378305,0.0132465399802],"median":[0.38913500309,1.2242372036,1.71816682816,2.19128417969,2.88090610504,3.18770742416,4.2186756134,6.09879302979,7.45953607559,14.6090984344,13.7381362915,23.7762584686,20.5600166321,31.9261932373,53.8191947937,38.5214614868,30.5293006897,23.4751625061,32.3329696655,18.9771575928,10.0163297653,12.8782691956,8.21854686737,5.11784076691,3.72440552711,2.31348109245,2.00103473663,1.64620256424,1.48005533218,1.2911491394,0.885346353054,0.324354559183,0.0819450616837,0.0340501964092,0.0149711724371,0.0200266651809,0.0537076182663,0.0644997507334,0.0155480671674,0.00539213139564],"min":[2.98948211701e-23,2.23385415468e-22,1.10706210035e-21,5.36145555469e-21,5.38891730479e-21,1.57204980713e-20,4.53816034841e-20,6.82299799017e-20,1.30721846668e-19,2.45973658123e-19,3.12544714382e-19,5.36734131633e-19,4.12285842451e-19,3.15680013247e-19,8.82429866822e-19,1.50909890036e-18,1.41353213925e-18,1.67589108209e-18,2.25869379717e-18,2.95560938647e-18,2.5701357764e-18,4.37419270414e-18,4.66988743925e-18,4.81172823478e-18,6.30705902404e-18,5.60124896841e-18,1.05887994055e-17,9.11092791741e-18,9.15236801173e-18,9.68103568483e-18,1.00540536092e-17,9.00103366431e-18,8.35185073905e-18,8.53983415069e-18,6.73648859828e-18,4.23641667413e-18,2.17727709781e-18,9.74079307344e-19,2.13749195925e-19,2.67960587325e-20],"var":[2.89855051041,36.1502380371,45.1499633789,42.2730026245,57.888710022,121.989097595,196.703735352,447.026367188,914.206420898,1298.73083496,529.382324219,1679.06945801,1198.4967041,5623.13427734,7024.20556641,3447.8125,2350.31005859,1472.12670898,5095.08154297,1870.11279297,1875.3692627,1824.59289551,1132.7791748,630.438171387,277.019561768,98.0899734497,74.7817306519,69.9915771484,57.4546661377,55.3616371155,75.4547119141,14.7559175491,1.63089168072,0.0585649497807,0.00415388634428,0.0813026577234,0.511080622673,0.151685103774,0.00482771964744,0.000500433379784]},"erbbands_crest":{"dmean":2.90520238876,"dmean2":4.7012014389,"dvar":7.62769937515,"dvar2":18.2872714996,"max":31.5054283142,"mean":8.87459850311,"median":7.92666149139,"min":2.00765490532,"var":17.5724182129},"erbbands_flatness_db":{"dmean":0.0281738936901,"dmean2":0.0401200205088,"dvar":0.000758070673328,"dvar2":0.00138842733577,"max":0.424109131098,"mean":0.149510160089,"median":0.134550571442,"min":0.0230020377785,"var":0.00338948192075},"erbbands_kurtosis":{"dmean":1.24544429779,"dmean2":1.95287954807,"dvar":2.90844678879,"dvar2":6.74403190613,"max":48.3407974243,"mean":1.34324455261,"median":0.667138814926,"min":-1.75480282307,"var":5.79409742355},"erbbands_skewness":{"dmean":0.411466479301,"dmean2":0.635188817978,"dvar":0.148256883025,"dvar2":0.338033735752,"max":3.16169762611,"mean":-0.0140218567103,"median":0.0305040441453,"min":-4.67643976212,"var":0.490178287029},"erbbands_spread":{"dmean":6.89598894119,"dmean2":10.1979885101,"dvar":46.0540618896,"dvar2":89.609916687,"max":96.6812057495,"mean":25.4740638733,"median":24.4560604095,"min":1.88228964806,"var":155.726287842},"gfcc":{"cov":[[28410.5898438,-139.413833618,-1676.50878906,690.849060059,-417.357116699,-171.176132202,13.7285461426,-235.460250854,231.177597046,-145.412445068,-262.16885376,489.104919434,-568.49029541],[-139.413833618,2006.01525879,-273.325317383,-520.228210449,222.043518066,-24.9281826019,93.7471008301,-69.8011169434,-61.8702011108,35.4777870178,133.898452759,-241.484024048,253.604614258],[-1676.50878906,-273.325317383,488.332489014,115.238929749,-69.311340332,146.487915039,-115.08556366,111.84627533,-10.7335147858,58.5542678833,11.3257703781,22.5937862396,-15.1227617264],[690.849060059,-520.228210449,115.238929749,380.681518555,71.4144897461,-64.5005569458,30.3720321655,-5.57404947281,57.5640525818,3.71586465836,-33.3213119507,80.4478683472,-76.366569519],[-417.357116699,222.043518066,-69.311340332,71.4144897461,254.629821777,-23.4507884979,106.55532074,-41.9038352966,28.5815658569,-4.75235509872,25.4671096802,-39.8659324646,48.4007415771],[-171.176132202,-24.9281826019,146.487915039,-64.5005569458,-23.4507884979,348.933197021,-44.4034996033,129.453781128,-62.6737213135,33.1587982178,1.70902335644,-16.5146751404,-5.76221227646],[13.7285461426,93.7471008301,-115.08556366,30.3720321655,106.55532074,-44.4034996033,211.866577148,-24.7865257263,45.2462310791,-27.9430999756,1.56034314632,9.82192802429,-4.20698213577],[-235.460250854,-69.8011169434,111.84627533,-5.57404947281,-41.9038352966,129.453781128,-24.7865257263,154.505340576,0.574659585953,28.6878623962,4.81052303314,-9.72538852692,9.65528678894],[231.177597046,-61.8702011108,-10.7335147858,57.5640525818,28.5815658569,-62.6737213135,45.2462310791,0.574659585953,112.309555054,23.1473369598,-0.834340453148,33.7282104492,-25.0643291473],[-145.412445068,35.4777870178,58.5542678833,3.71586465836,-4.75235509872,33.1587982178,-27.9430999756,28.6878623962,23.1473369598,73.931350708,36.1826782227,-6.93812322617,12.0662479401],[-262.16885376,133.898452759,11.3257703781,-33.3213119507,25.4671096802,1.70902335644,1.56034314632,4.81052303314,-0.834340453148,36.1826782227,61.5203552246,3.82706212997,26.4284858704],[489.104919434,-241.484024048,22.5937862396,80.4478683472,-39.8659324646,-16.5146751404,9.82192802429,-9.72538852692,33.7282104492,-6.93812322617,3.82706212997,100.919418335,-34.3109169006],[-568.49029541,253.604614258,-15.1227617264,-76.366569519,48.4007415771,-5.76221227646,-4.20698213577,9.65528678894,-25.0643291473,12.0662479401,26.4284858704,-34.3109169006,116.337127686]],"icov":[[0.000144042365719,-0.000412496156059,0.000907289155293,-0.00106587063055,0.000711405649781,-0.000476344779599,0.000449186540209,-0.0000883561151568,-0.000239198285271,0.0000767724704929,0.000305234774714,-0.000679431133904,0.000396145362174],[-0.000412496156059,0.00272279931232,-0.00249837967567,0.00409657880664,-0.00210667075589,0.000978827942163,-0.00173620996065,0.00132759707049,-0.000490662176162,0.00085728848353,-0.00387010490522,0.00488110864535,-0.00271073565818],[0.000907289155293,-0.00249837967567,0.00941807031631,-0.00936875771731,0.00658908346668,-0.00502027152106,0.0041410275735,-0.000746656383853,-0.0032579950057,0.00200363714248,-0.00167909567244,-0.00206595496275,0.00103831337765],[-0.00106587063055,0.00409657880664,-0.00936875771731,0.0208883751184,-0.0175787638873,0.0112182851881,-0.00358188501559,-0.00539437029511,0.0122204124928,-0.0159698966891,0.0151435928419,-0.00901209376752,0.00473351869732],[0.000711405649781,-0.00210667075589,0.00658908346668,-0.0175787638873,0.0235364902765,-0.0123279374093,-0.000647967099212,0.00993773527443,-0.0173781774938,0.0207269005477,-0.0226795766503,0.0172017496079,-0.00953321810812],[-0.000476344779599,0.000978827942163,-0.00502027152106,0.0112182851881,-0.0123279374093,0.0129967061803,-0.00160475389566,-0.00942798424512,0.0145651819184,-0.0159429069608,0.0157170277089,-0.0109302680939,0.00674446346238],[0.000449186540209,-0.00173620996065,0.0041410275735,-0.00358188501559,-0.000647967099212,-0.00160475389566,0.00940907467157,-0.00161766540259,-0.00318660121411,0.00363416736946,0.000119953780086,-0.0037915490102,0.00262248213403],[-0.0000883561151568,0.00132759707049,-0.000746656383853,-0.00539437029511,0.00993773527443,-0.00942798424512,-0.00161766540259,0.017433706671,-0.0126957548782,0.0119438143447,-0.0154020264745,0.0148216243833,-0.00917454343289],[-0.000239198285271,-0.000490662176162,-0.0032579950057,0.0122204124928,-0.0173781774938,0.0145651819184,-0.00318660121411,-0.0126957548782,0.033514034003,-0.0319884717464,0.0304590184242,-0.0246454887092,0.012739058584],[0.0000767724704929,0.00085728848353,0.00200363714248,-0.0159698966891,0.0207269005477,-0.0159429069608,0.00363416736946,0.0119438143447,-0.0319884717464,0.0574477761984,-0.0499098598957,0.0320987887681,-0.0140341902152],[0.000305234774714,-0.00387010490522,-0.00167909567244,0.0151435928419,-0.0226795766503,0.0157170277089,0.000119953780086,-0.0154020264745,0.0304590184242,-0.0499098598957,0.0707663446665,-0.0416773334146,0.0145180188119],[-0.000679431133904,0.00488110864535,-0.00206595496275,-0.00901209376752,0.0172017496079,-0.0109302680939,-0.0037915490102,0.0148216243833,-0.0246454887092,0.0320987887681,-0.0416773334146,0.0463547334075,-0.014709815383],[0.000396145362174,-0.00271073565818,0.00103831337765,0.00473351869732,-0.00953321810812,0.00674446346238,0.00262248213403,-0.00917454343289,0.012739058584,-0.0140341902152,0.0145180188119,-0.014709815383,0.021403118968]],"mean":[7.87960004807,90.287651062,-96.0462036133,-7.6060256958,-14.8148794174,2.55530333519,1.27080535889,-10.281329155,1.55496644974,-5.04511070251,-6.08387851715,5.72825431824,-11.6842546463]},"hfc":{"dmean":25.9800872803,"dmean2":35.9789543152,"dvar":1164.48754883,"dvar2":2482.18481445,"max":478.402587891,"mean":66.0112457275,"median":50.3530044556,"min":1.04290627228e-16,"var":3112.67700195},"melbands":{"dmean":[0.00662838341668,0.00260291714221,0.000572490564082,0.000309542694595,0.000222144968575,0.000192072402569,0.000155919537065,0.000169143328094,0.000115011287562,0.000147201950313,0.000106724815851,0.00015298226208,0.000155688452651,0.000121164426673,0.000077587836131,0.0000453932698292,0.0000410579668824,0.0000566145063203,0.0000377645701519,0.0000235860388784,0.0000183196261787,0.000021221316274,0.0000175906079676,0.0000093362887128,0.00000773020929046,0.00000557097973797,0.00000370548787032,0.00000251690016739,0.00000227343457482,0.00000225088547268,0.00000207680795938,0.00000203486979444,0.00000148160756908,0.00000201715852199,0.00000239973269345,0.00000140097051826,8.37061634229e-7,4.24601694249e-7,2.06773449918e-7,6.56215775052e-8],"dmean2":[0.0112639321014,0.0044997963123,0.000968536944129,0.000507221266162,0.000361657235771,0.000308437825879,0.000255059974734,0.000275299593341,0.000184257747605,0.00023173612135,0.00016973282618,0.000241482266574,0.000252863916103,0.000193659667275,0.000127100865939,0.0000738283342798,0.0000655136609566,0.000089706016297,0.0000595414385316,0.0000370027119061,0.0000282087985397,0.0000326093686454,0.0000266974784608,0.0000136829166877,0.000011384067875,0.00000808032837085,0.00000533250249646,0.00000364080847248,0.00000326741110257,0.00000322070945913,0.00000286668228,0.00000285520468424,0.00000208244978239,0.00000286492695523,0.00000348264939021,0.00000201608668249,0.0000012022996998,6.17171622252e-7,3.07631694341e-7,1.04770798259e-7],"dvar":[0.000162026713951,0.0000290180541924,0.00000123431891552,3.1147254731e-7,1.48220493656e-7,1.21481676274e-7,9.40336377653e-8,6.08733401464e-8,2.54983767434e-8,3.76119970724e-8,2.03115995134e-8,7.12563448246e-8,4.40049383599e-8,2.70539199931e-8,1.11035163286e-8,3.96915211809e-9,3.56325990936e-9,8.10928657557e-9,3.42349326665e-9,2.50718912298e-9,1.38651112813e-9,1.15390097477e-9,8.56082871259e-10,3.46319167788e-10,2.13374498625e-10,1.01616257075e-10,4.39162213539e-11,2.00473318501e-11,1.56416407604e-11,1.4877477722e-11,1.14661509454e-11,1.10783266241e-11,5.00894204586e-12,1.18489003331e-11,1.96996256113e-11,6.64673698025e-12,2.42802891508e-12,6.2015296327e-13,1.46294448452e-13,1.19220903766e-14],"dvar2":[0.000442663847934,0.0000807467586128,0.00000329995941684,8.07882543086e-7,3.80564841862e-7,3.14676015023e-7,2.44708417085e-7,1.57093225539e-7,6.41858193262e-8,8.93645761835e-8,4.83558970643e-8,1.58655325322e-7,1.13622839137e-7,6.67013466682e-8,2.85433650049e-8,1.00440198381e-8,8.66472582572e-9,1.90739459782e-8,8.52955217567e-9,6.19189943762e-9,3.27232485553e-9,2.70296407479e-9,1.96492044857e-9,7.48589190636e-10,4.6115872232e-10,2.15517159674e-10,9.47592629363e-11,4.3451662407e-11,3.34531742585e-11,3.20680669519e-11,2.27152047172e-11,2.29721033862e-11,1.01980854317e-11,2.36544915599e-11,4.00282550161e-11,1.33110007391e-11,4.76752578388e-12,1.23185435377e-12,3.02255128478e-13,2.75097802069e-14],"max":[0.126679375768,0.0874048992991,0.017261788249,0.0122371017933,0.00552970077842,0.00801982171834,0.00726646604016,0.00701931212097,0.0030661157798,0.00251597049646,0.00187905796338,0.00421960512176,0.00310947513208,0.00289115961641,0.00202139420435,0.000952728907578,0.00103523244616,0.00199882406741,0.000848455179948,0.00179907062557,0.000760017370339,0.000529983546585,0.000657136144582,0.000367846776498,0.000305567955365,0.000264859641902,0.000115960407129,0.000107681320515,0.0000790553094703,0.000107812498754,0.0000445141777163,0.0000722787444829,0.0000293854100164,0.0000426233236794,0.0000545986695215,0.0000336993434757,0.0000183947886399,0.00000864542198542,0.00000524196730112,0.00000147361856762],"mean":[0.00805204547942,0.00284810177982,0.000755461223889,0.000449720653705,0.000332238705596,0.00031251317705,0.000270138378255,0.000269494776148,0.00018292250752,0.000221477093874,0.000159794173669,0.000218429297092,0.000253562786384,0.000186877688975,0.000125283986563,0.0000737416485208,0.0000642580926069,0.0000909317459445,0.0000592986179981,0.0000353697432729,0.0000273681998806,0.0000324851171172,0.0000268540661637,0.0000143152710734,0.0000120527920444,0.00000864428147906,0.00000571942018723,0.00000380289316126,0.00000357584144695,0.00000352350707544,0.00000327808970724,0.00000319871492138,0.00000241100337917,0.00000292230697596,0.00000319217383549,0.00000187648947758,0.0000010617419548,4.99725445025e-7,2.31297718756e-7,6.75240698911e-8],"median":[0.0035215492826,0.00120501755737,0.000432661676314,0.000239202781813,0.000156080524903,0.000142133969348,0.000126382496092,0.000150321880938,0.000118391093565,0.000142797682201,0.0000969897882896,0.000118341544294,0.000163605523994,0.000122214172734,0.0000834949896671,0.0000486066492158,0.0000401685610996,0.0000506484248035,0.000034974902519,0.0000148591361722,0.0000100589804788,0.0000137505885505,0.0000101645855466,0.00000481520919493,0.00000388989337807,0.00000309617553285,0.00000186462318652,0.00000136659559757,0.0000012697753391,0.00000104257242128,8.86382565568e-7,8.44625560603e-7,6.80884795656e-7,6.86525027049e-7,5.45584498468e-7,3.15695103836e-7,1.28260595034e-7,5.50060512694e-8,3.75470179392e-8,2.03330721149e-8],"min":[3.43347740041e-25,4.83620545669e-25,9.94809906431e-25,6.69705536247e-25,1.67959708268e-24,1.65693744761e-24,2.38895461372e-24,2.37632771164e-24,2.44178206474e-24,2.64648397547e-24,1.42703182539e-24,8.02534724329e-25,1.99297562715e-24,3.13327110742e-24,3.22822451965e-24,2.85683748294e-24,2.8108551752e-24,3.1603657185e-24,2.51147792572e-24,2.50537943928e-24,2.41895006356e-24,2.88004596798e-24,3.40499937382e-24,4.17980238328e-24,3.25267624948e-24,4.63065019568e-24,4.58539048453e-24,2.76068677707e-24,5.34648861349e-24,3.70086047303e-24,5.03937244131e-24,4.63220464609e-24,5.73200099356e-24,5.06105901646e-24,4.42010006463e-24,4.82098497717e-24,5.42283259974e-24,5.45132507235e-24,5.99519220725e-24,6.48568935203e-24],"var":[0.000156789057655,0.0000236441464949,0.00000121577943446,4.0379342181e-7,2.33788284731e-7,2.10625103136e-7,1.83800636933e-7,1.28426862034e-7,4.22872616923e-8,5.97972515948e-8,3.33140448561e-8,1.09590267527e-7,7.90598591038e-8,4.34574687347e-8,1.87788558037e-8,6.39928776636e-9,5.89396487172e-9,1.51915440227e-8,5.63977531343e-9,3.86097864791e-9,2.41867348372e-9,2.03612238181e-9,1.66379210409e-9,6.60000942787e-10,4.31200630757e-10,2.00171934583e-10,9.12605199743e-11,3.58682458734e-11,3.03049911554e-11,2.80336448499e-11,2.45740060245e-11,2.31682971419e-11,1.21168474559e-11,2.27124846708e-11,3.29986211967e-11,1.1404803317e-11,4.07346075273e-12,9.83732301348e-13,2.11406087948e-13,1.41006082949e-14]},"melbands_crest":{"dmean":5.02829837799,"dmean2":8.18861293793,"dvar":19.5135669708,"dvar2":48.6653404236,"max":39.1683273315,"mean":17.4603633881,"median":16.8983001709,"min":1.55624175072,"var":61.6665496826},"melbands_flatness_db":{"dmean":0.0408769883215,"dmean2":0.0615469552577,"dvar":0.00132110540289,"dvar2":0.0028682644479,"max":0.577585160732,"mean":0.228771880269,"median":0.227725312114,"min":0.00281865894794,"var":0.00674395356327},"melbands_kurtosis":{"dmean":7.15032482147,"dmean2":11.7468738556,"dvar":390.742584229,"dvar2":970.50793457,"max":851.560424805,"mean":8.36744880676,"median":3.72375488281,"min":-1.900421381,"var":446.943572998},"melbands_skewness":{"dmean":0.926874220371,"dmean2":1.45270562172,"dvar":1.07365596294,"dvar2":2.53070068359,"max":25.2629985809,"mean":2.14056587219,"median":1.88985192776,"min":-2.28560352325,"var":2.74166035652},"melbands_spread":{"dmean":8.00132369995,"dmean2":12.6795225143,"dvar":63.4509429932,"dvar2":151.019485474,"max":197.767425537,"mean":25.6983623505,"median":22.0994434357,"min":0.284948587418,"var":377.146179199},"mfcc":{"cov":[[9401.76953125,-660.055419922,-70.5645828247,883.32244873,-88.6161499023,329.586975098,-415.014831543,479.909576416,-144.452423096,125.68775177,-94.8695144653,196.108444214,12.700056076],[-660.055419922,2294.20727539,-289.425506592,-262.448272705,26.1479930878,-1.78835976124,247.710083008,-204.475860596,109.155197144,-39.3818969727,99.9844589233,-105.975242615,55.6924438477],[-70.5645828247,-289.425506592,491.360290527,-157.855209351,97.036567688,-40.2078170776,-12.9319496155,11.8317947388,-23.1241989136,40.3170967102,-15.7338085175,59.9273796082,4.257396698],[883.32244873,-262.448272705,-157.855209351,508.212219238,-36.3256340027,61.8889045715,-109.695549011,42.8813323975,-15.6187906265,-10.0707902908,7.67524528503,1.20919263363,14.5005607605],[-88.6161499023,26.1479930878,97.036567688,-36.3256340027,190.982330322,22.821521759,51.6211929321,-21.5658569336,19.0240783691,24.6616973877,12.5586824417,3.77341413498,-3.36272978783],[329.586975098,-1.78835976124,-40.2078170776,61.8889045715,22.821521759,151.349990845,32.7202033997,53.6052627563,-2.99760961533,20.0312271118,7.76945638657,10.6026716232,0.737004995346],[-415.014831543,247.710083008,-12.9319496155,-109.695549011,51.6211929321,32.7202033997,190.754165649,4.57426548004,46.7346611023,-0.957143068314,26.4642677307,-19.0044116974,1.11860859394],[479.909576416,-204.475860596,11.8317947388,42.8813323975,-21.5658569336,53.6052627563,4.57426548004,152.384689331,15.9103364944,30.2268562317,-16.4724674225,37.7725906372,-1.64932620525],[-144.452423096,109.155197144,-23.1241989136,-15.6187906265,19.0240783691,-2.99760961533,46.7346611023,15.9103364944,88.1462554932,25.7899436951,18.2473449707,-13.6890144348,7.06046819687],[125.68775177,-39.3818969727,40.3170967102,-10.0707902908,24.6616973877,20.0312271118,-0.957143068314,30.2268562317,25.7899436951,79.141746521,16.8636875153,14.0395078659,-2.68885326385],[-94.8695144653,99.9844589233,-15.7338085175,7.67524528503,12.5586824417,7.76945638657,26.4642677307,-16.4724674225,18.2473449707,16.8636875153,61.8669891357,16.5156097412,14.9289512634],[196.108444214,-105.975242615,59.9273796082,1.20919263363,3.77341413498,10.6026716232,-19.0044116974,37.7725906372,-13.6890144348,14.0395078659,16.5156097412,82.0598526001,29.1696510315],[12.700056076,55.6924438477,4.257396698,14.5005607605,-3.36272978783,0.737004995346,1.11860859394,-1.64932620525,7.06046819687,-2.68885326385,14.9289512634,29.1696510315,59.5455245972]],"icov":[[0.000179684298928,-0.0000956961230258,-0.0000286993690679,-0.000251564226346,-0.0000703287441866,-0.000140252508572,0.000303900334984,-0.000504574039951,0.000271478813374,-0.000193526313524,0.000226102740271,-0.00020542605489,0.0000955885989242],[-0.0000956961230258,0.00079373724293,0.000410268374253,0.000533727754373,0.000094091068604,-0.000189316822798,-0.000614510092419,0.00105006550439,-0.000563372857869,0.000195436223294,-0.000691319524776,0.000678165699355,-0.000916250690352],[-0.0000286993690679,0.000410268374253,0.00341238360852,0.00107585685328,-0.00164890754968,0.00098206824623,0.00000992207606032,0.000186451376067,0.000870523159392,-0.0013780152658,0.000985790044069,-0.00165289652068,-0.000586760172155],[-0.000251564226346,0.000533727754373,0.00107585685328,0.00366150448099,-0.000535812578164,-0.00106859847438,0.00196594535373,-0.000402910343837,-0.000486667937366,0.00147335848305,-0.00252143666148,0.00204083300196,-0.00172258215025],[-0.0000703287441866,0.000094091068604,-0.00164890754968,-0.000535812578164,0.00751884747297,-0.00164773629513,-0.0023726131767,0.00333294691518,-0.00185083551332,-0.00160947442055,0.00101085251663,-0.00143237039447,0.00135229201987],[-0.000140252508572,-0.000189316822798,0.00098206824623,-0.00106859847438,-0.00164773629513,0.0100027536973,-0.00257234508172,-0.00335902674124,0.00370026985183,-0.0024324292317,-0.000680697092321,0.000459720031358,-0.000467718782602],[0.000303900334984,-0.000614510092419,0.00000992207606032,0.00196594535373,-0.0023726131767,-0.00257234508172,0.0105744851753,-0.00378525722772,-0.00253650243394,0.00366089702584,-0.0045031462796,0.0030270407442,-0.000262957706582],[-0.000504574039951,0.00105006550439,0.000186451376067,-0.000402910343837,0.00333294691518,-0.00335902674124,-0.00378525722772,0.0154639296234,-0.00583749264479,-0.00305931246839,0.00718924449757,-0.0081300586462,0.00267377332784],[0.000271478813374,-0.000563372857869,0.000870523159392,-0.000486667937366,-0.00185083551332,0.00370026985183,-0.00253650243394,-0.00583749264479,0.0194736141711,-0.0062399241142,-0.00359298149124,0.00635567167774,-0.00454252958298],[-0.000193526313524,0.000195436223294,-0.0013780152658,0.00147335848305,-0.00160947442055,-0.0024324292317,0.00366089702584,-0.00305931246839,-0.0062399241142,0.0198417585343,-0.00720818154514,0.000428742438089,0.00261695520021],[0.000226102740271,-0.000691319524776,0.000985790044069,-0.00252143666148,0.00101085251663,-0.000680697092321,-0.0045031462796,0.00718924449757,-0.00359298149124,-0.00720818154514,0.0279533341527,-0.0114948777482,0.000214368337765],[-0.00020542605489,0.000678165699355,-0.00165289652068,0.00204083300196,-0.00143237039447,0.000459720031358,0.0030270407442,-0.0081300586462,0.00635567167774,0.000428742438089,-0.0114948777482,0.02687157318,-0.0123538384214],[0.0000955885989242,-0.000916250690352,-0.000586760172155,-0.00172258215025,0.00135229201987,-0.000467718782602,-0.000262957706582,0.00267377332784,-0.00454252958298,0.00261695520021,0.000214368337765,-0.0123538384214,0.0249078795314]],"mean":[-644.025512695,153.483062744,-18.378288269,13.1357984543,-0.039199590683,23.2038612366,1.34360265732,17.1495075226,0.963433623314,7.88896656036,2.291898489,5.57587146759,2.09068012238]},"pitch_salience":{"dmean":0.0905966386199,"dmean2":0.146928086877,"dvar":0.00624765083194,"dvar2":0.016155032441,"max":0.995927512646,"mean":0.512401044369,"median":0.522070169449,"min":0.0417844802141,"var":0.0190585125238},"silence_rate_20dB":{"dmean":0.000205528718652,"dmean2":0.000411099696066,"dvar":0.00020546183805,"dvar2":0.000616381876171,"max":1,"mean":0.999897241592,"median":1,"min":0,"var":0.000102737074485},"silence_rate_30dB":{"dmean":0.106052823365,"dmean2":0.212127447128,"dvar":0.0948011130095,"dvar2":0.18666626513,"max":1,"mean":0.874332129955,"median":1,"min":0,"var":0.109877027571},"silence_rate_60dB":{"dmean":0.00822114851326,"dmean2":0.0164439883083,"dvar":0.00815383996814,"dvar2":0.0180248208344,"max":1,"mean":0.0307233873755,"median":0,"min":0,"var":0.0297801699489},"spectral_centroid":{"dmean":242.987594604,"dmean2":344.824829102,"dvar":69507.6171875,"dvar2":122845.335938,"max":11822.6337891,"mean":1425.07202148,"median":1180.73815918,"min":191.073623657,"var":1821494},"spectral_complexity":{"dmean":4.97071218491,"dmean2":6.58170604706,"dvar":22.674571991,"dvar2":34.607585907,"max":60,"mean":23.8455619812,"median":22,"min":0,"var":123.208450317},"spectral_contrast_coeffs":{"dmean":[0.0533511005342,0.0479124709964,0.0428172014654,0.0316883511841,0.024297690019,0.0398367568851],"dmean2":[0.0892981812358,0.0795287042856,0.0699973627925,0.0523313470185,0.0392435155809,0.0587727464736],"dvar":[0.0017535291845,0.00139424798544,0.00114628695883,0.000641271995846,0.000449078914244,0.00148968433496],"dvar2":[0.00482411170378,0.00386282405816,0.00297981943004,0.00168321654201,0.0011101255659,0.00325364083983],"max":[-0.411799311638,-0.533895671368,-0.573640227318,-0.575159966946,-0.664383530617,-0.429706275463],"mean":[-0.726916849613,-0.770531177521,-0.777004063129,-0.792069554329,-0.812248408794,-0.739074707031],"median":[-0.730002939701,-0.771513223648,-0.77847391367,-0.794153928757,-0.807505965233,-0.74253988266],"min":[-0.986612379551,-0.989216387272,-0.993938446045,-0.987042784691,-0.987248361111,-0.966236710548],"var":[0.0051835263148,0.00377486879006,0.00313103105873,0.00213421485387,0.00164923665579,0.00717043364421]},"spectral_contrast_valleys":{"dmean":[0.448524832726,0.383365035057,0.374695658684,0.341236025095,0.421577841043,0.697317421436],"dmean2":[0.707356512547,0.607657551765,0.562798023224,0.484601736069,0.555398881435,1.0403958559],"dvar":[0.164854034781,0.128723412752,0.124966666102,0.12000092864,0.196551725268,0.383571535349],"dvar2":[0.332261145115,0.254250645638,0.220280736685,0.188747853041,0.325151711702,0.824905335903],"max":[-4.69434642792,-4.60103321075,-5.08672189713,-5.40371656418,-5.23803663254,-8.51332759857],"mean":[-6.97676944733,-6.71750593185,-6.83546686172,-7.32902574539,-7.85974264145,-10.9702959061],"median":[-6.57009220123,-6.29893016815,-6.43073177338,-6.94529056549,-7.42227172852,-10.5949888229],"min":[-28.350938797,-27.9513244629,-28.2266483307,-27.8170528412,-27.5156097412,-27.4554576874],"var":[7.69012355804,7.73436784744,7.54751157761,7.26350879669,7.34089851379,5.65195846558]},"spectral_decrease":{"dmean":7.46523731721e-9,"dmean2":1.22338965625e-8,"dvar":1.70587644547e-16,"dvar2":4.48272758516e-16,"max":2.35449798674e-28,"mean":-1.29350583578e-8,"median":-8.9001606085e-9,"min":-1.61913348506e-7,"var":1.88241068482e-16},"spectral_energy":{"dmean":0.029628334567,"dmean2":0.0479994229972,"dvar":0.00263057486154,"dvar2":0.00685330713168,"max":0.628453850746,"mean":0.0548072308302,"median":0.0391540229321,"min":9.9353883142e-21,"var":0.0030189845711},"spectral_energyband_high":{"dmean":0.0006902065943,"dmean2":0.000874915043823,"dvar":8.39074630221e-7,"dvar2":0.00000136971732445,"max":0.00991624221206,"mean":0.00127157627139,"median":0.000460839190055,"min":7.04245902332e-21,"var":0.00000263790889221},"spectral_energyband_low":{"dmean":0.0247214008123,"dmean2":0.0417291633785,"dvar":0.00218045874499,"dvar2":0.0058847903274,"max":0.554563939571,"mean":0.0323769934475,"median":0.0168231129646,"min":7.61529241438e-24,"var":0.00215984554961},"spectral_energyband_middle_high":{"dmean":0.00339189381339,"dmean2":0.00489734392613,"dvar":0.0000135509380925,"dvar2":0.000027950234653,"max":0.0606041997671,"mean":0.00871797464788,"median":0.0072974297218,"min":1.1220334434e-21,"var":0.0000405053433497},"spectral_energyband_middle_low":{"dmean":0.0038464430254,"dmean2":0.0060625015758,"dvar":0.0000347543355019,"dvar2":0.0000833400627016,"max":0.0895127728581,"mean":0.00909840874374,"median":0.00719100236893,"min":1.52717854561e-22,"var":0.0000632319133729},"spectral_entropy":{"dmean":0.210198789835,"dmean2":0.288577467203,"dvar":0.0472699999809,"dvar2":0.0824998319149,"max":9.82217502594,"mean":7.63277339935,"median":7.7126250267,"min":5.79639482498,"var":0.280385166407},"spectral_flux":{"dmean":0.0434484370053,"dmean2":0.0688105747104,"dvar":0.00337797310203,"dvar2":0.00696387374774,"max":0.642553269863,"mean":0.130205765367,"median":0.111507594585,"min":6.3335732492e-11,"var":0.00608562678099},"spectral_kurtosis":{"dmean":5.64958333969,"dmean2":8.53116130829,"dvar":82.0624923706,"dvar2":190.04977417,"max":144.585922241,"mean":15.7166929245,"median":12.3872509003,"min":-1.30304133892,"var":163.90296936},"spectral_rms":{"dmean":0.00168068660423,"dmean2":0.00258413050324,"dvar":0.00000460780620415,"dvar2":0.0000111879089673,"max":0.0247613750398,"mean":0.00662434194237,"median":0.00618053786457,"min":3.11336828714e-12,"var":0.00000958877899393},"spectral_rolloff":{"dmean":939.442504883,"dmean2":1600.24353027,"dvar":4745383.5,"dvar2":12062946,"max":22006.9335938,"mean":2074.54833984,"median":1162.79296875,"min":21.533203125,"var":11805804},"spectral_skewness":{"dmean":0.42064294219,"dmean2":0.602585434914,"dvar":0.279695808887,"dvar2":0.580950975418,"max":8.31788539886,"mean":2.62921786308,"median":2.3659954071,"min":-0.0985150709748,"var":0.964959561825},"spectral_spread":{"dmean":714827.625,"dmean2":1019545.5625,"dvar":653149208576,"dvar2":1082660814850,"max":44432028,"mean":4579932,"median":3834942,"min":744494.4375,"var":23927881465900},"spectral_strongpeak":{"dmean":0.451435446739,"dmean2":0.804767608643,"dvar":3.68110656738,"dvar2":10.7942991257,"max":64.7597808838,"mean":0.457930535078,"median":0.213980704546,"min":0,"var":2.13887095451},"zerocrossingrate":{"dmean":0.0236642546952,"dmean2":0.0293986462057,"dvar":0.000410004897276,"dvar2":0.000633626943454,"max":0.52978515625,"mean":0.137904688716,"median":0.12890625,"min":0,"var":0.00498009286821}},"metadata":{"audio_properties":{"analysis_sample_rate":44100,"bit_rate":192000,"codec":"mp3","downmix":"mix","equal_loudness":0,"length":225.933059692,"lossless":false,"md5_encoded":"b46d7b678825fde5fca6593043e93ade","replay_gain":-1.91538619995,"sample_rate":44100},"tags":{"acoustid_id":["f18dc8cf-4c91-4f19-a7c4-4660a6deb60a"],"album":["De Afrekening, Volume 47"],"albumartist":["Various Artists"],"albumartistsort":["Various Artists"],"artist":["Franz Ferdinand"],"artistsort":["Franz Ferdinand"],"barcode":["0600753241721"],"catalognumber":["532.417-2"],"date":["2009"],"discnumber":["2/2"],"encodedby":["iTunes v4.0.1"],"file_name":"Franz Ferdinand - Can'T Stop Feeling.mp3","isrc":["GBCEL0800932"],"label":["Universal Music"],"media":["CD"],"musicbrainz album release country":["BE"],"musicbrainz album status":["official"],"musicbrainz album type":["album/compilation"],"musicbrainz_albumartistid":["89ad4ac3-39f7-470e-963a-56509c546377"],"musicbrainz_albumid":["c409c6d9-d95f-45f2-989f-d4bf7036638b"],"musicbrainz_artistid":["aa7a2827-f74b-473c-bd79-03d065835cf7"],"musicbrainz_recordingid":["de424573-da98-476f-abe9-5da309e7cb3f"],"musicbrainz_releasegroupid":["2925bb3e-a6ba-4098-8a4f-85da9662f949"],"originaldate":["2009"],"script":["Latn"],"title":["Can't Stop Feeling"],"tracknumber":["16/20"]},"version":{"essentia":"2.1-beta1","essentia_build_sha":"ca57ba49d9b1854bd80e60cf9ccf267278fb7d6b","essentia_git_sha":"v2.1_beta1-28-g21ef5f4-dirty","extractor":"music 1.0"}},"rhythm":{"beats_count":462,"beats_loudness":{"dmean":0.0442778915167,"dmean2":0.076575525105,"dvar":0.0016064690426,"dvar2":0.00456324126571,"max":0.269100427628,"mean":0.0890089645982,"median":0.0792784839869,"min":0,"var":0.00215265806764},"beats_loudness_band_ratio":{"dmean":[0.169417709112,0.0461011864245,0.0420201122761,0.0613370351493,0.0577035099268,0.0546787790954],"dmean2":[0.304554104805,0.0837401375175,0.0720081776381,0.104418300092,0.109703861177,0.105080783367],"dvar":[0.0150620350614,0.00237359665334,0.001