{"lowlevel":{"average_loudness":0.787845373154,"barkbands":{"dmean":[0.0000884170876816,0.0021661198698,0.00200911518186,0.000784601608757,0.000834120437503,0.000330563052557,0.000473242951557,0.000287038594251,0.000337266828865,0.000316058809403,0.000381478457712,0.000504643598106,0.000439193128841,0.000521146634128,0.000382081896532,0.000346502580214,0.000236798485275,0.000248326687142,0.000204577707336,0.000121048695291,0.0000760435941629,0.0000754297943786,0.0000601181091042,0.0000299928269669,0.0000166713107319,0.00000759335125622,0.00000347422269442],"dmean2":[0.000121555160149,0.00349887367338,0.00341622717679,0.00131628871895,0.00136131665204,0.000537521904334,0.000768762780353,0.000464849144919,0.000532305391971,0.000507122604176,0.000624392007012,0.000821462017484,0.000714200315997,0.000849154021125,0.000617290497757,0.000564482761547,0.000388840067899,0.000405673810747,0.000332724972395,0.000195014436031,0.000124021171359,0.000123199162772,0.0000967630767263,0.0000460031333205,0.0000245579030889,0.000011317474673,0.00000537149526281],"dvar":[5.91549706996e-8,0.0000229632023547,0.0000144782216012,0.00000233350169765,0.00000327398197442,3.50568882368e-7,0.00000101387934137,4.5255870873e-7,3.75029088673e-7,4.45791954462e-7,6.58538851894e-7,0.00000129646991809,8.77086051787e-7,9.98746372716e-7,4.29029398674e-7,3.19186739262e-7,1.97235223709e-7,2.32501889741e-7,1.87538645946e-7,7.23028747984e-8,3.06088452362e-8,3.41669590398e-8,2.3313493358e-8,8.1946121e-9,2.90107515788e-9,7.28936855321e-10,1.90238297337e-10],"dvar2":[1.05135008255e-7,0.0000581966414757,0.000040374299715,0.00000638568690192,0.00000869503128342,8.93221340448e-7,0.00000262871276391,0.00000115968009595,9.78284447228e-7,0.00000116113642434,0.00000178780135229,0.00000358635134035,0.00000233719515563,0.00000260216052084,0.00000109032578166,8.30868430057e-7,5.25154234765e-7,6.01739145623e-7,4.79817913401e-7,1.74701071387e-7,8.17646608198e-8,9.20285501138e-8,5.92906559405e-8,1.81153598788e-8,6.2852936189e-9,1.62900304357e-9,4.54179915899e-10],"max":[0.00310639780946,0.0859143510461,0.0691777840257,0.0388689860702,0.0282570589334,0.0155729930848,0.0217637289315,0.0136377969757,0.0128250401467,0.0175666101277,0.0156815517694,0.0271716546267,0.0208217445761,0.0229231100529,0.016837829724,0.00998580269516,0.00705302506685,0.00901164952666,0.0153454365209,0.00741926580667,0.00355773232877,0.00299564469606,0.00429387949407,0.00403720140457,0.00178143673111,0.00116582529154,0.000292384240311],"mean":[0.000123755453387,0.00465271901339,0.00406520580873,0.0012020918075,0.00143307494,0.000619070837274,0.000741435971577,0.00043805182213,0.000674052222166,0.000612928182818,0.000719724048395,0.00103293394204,0.00091035082005,0.00104013737291,0.000789185694885,0.000751677202061,0.000510252546519,0.000621151761152,0.000538883847184,0.000287754781311,0.000161561125424,0.000168968836078,0.000135884154588,0.0000635763644823,0.0000309176102746,0.0000127601533677,0.00000435264018961],"median":[0.0000291002688755,0.00306361191906,0.00300291180611,0.000645700783934,0.000835083075799,0.000295579462545,0.000296480953693,0.000146527163452,0.000307411159156,0.00016823943588,0.000218262983253,0.000289133226033,0.000263187044766,0.000457149872091,0.000443539116532,0.000444317760412,0.000252971192822,0.000197664514417,0.000106952400529,0.0000707902290742,0.0000635897013126,0.0000550797303731,0.0000378802797059,0.0000147238715726,0.00000999481562758,0.00000367598795492,8.76723618148e-7],"min":[1.83297018089e-24,3.94055033706e-24,3.04350346957e-24,1.93414593072e-24,1.15858407651e-23,1.56454672892e-23,5.67636894481e-24,8.75402023081e-24,2.3382340524e-23,1.85576577613e-23,1.42361767483e-23,3.92197881585e-23,3.51224288396e-23,5.20480170073e-23,5.26002354182e-23,6.9216732106e-23,8.86770723571e-23,9.78680024114e-23,1.47604407686e-22,2.2899475924e-22,2.61589002475e-22,3.40024470404e-22,4.39660934882e-22,5.63846725487e-22,8.80507104875e-22,1.40224168369e-21,2.12857300546e-21],"var":[9.86276376125e-8,0.0000338919417118,0.0000234538001678,0.00000321643233292,0.00000417120236307,0.0000010175922398,0.00000165514200035,7.41193332487e-7,9.46142336034e-7,0.00000125017925257,0.00000160417187089,0.00000353248242391,0.00000254783981291,0.00000261080253949,0.0000011098924233,8.17685929633e-7,4.99410987231e-7,8.5229760316e-7,6.73131978601e-7,2.15595989062e-7,6.60001333586e-8,7.7006532706e-8,5.15842941695e-8,1.90403710576e-8,5.1302579962e-9,9.56064560853e-10,1.98393204642e-10]},"barkbands_crest":{"dmean":1.94484806061,"dmean2":3.1719827652,"dvar":3.94600367546,"dvar2":10.353219986,"max":24.7410354614,"mean":9.0963010788,"median":8.2926158905,"min":2.40919232368,"var":15.1524810791},"barkbands_flatness_db":{"dmean":0.0150716695935,"dmean2":0.0232555493712,"dvar":0.000273003737675,"dvar2":0.000628859852441,"max":0.389406055212,"mean":0.127504914999,"median":0.115081608295,"min":0.024863390252,"var":0.00320186186582},"barkbands_kurtosis":{"dmean":1.67715740204,"dmean2":2.66189408302,"dvar":16.5119018555,"dvar2":40.3357772827,"max":218.135147095,"mean":2.38183069229,"median":-0.0673491209745,"min":-1.88752257824,"var":67.8093261719},"barkbands_skewness":{"dmean":0.399831712246,"dmean2":0.628947615623,"dvar":0.181451961398,"dvar2":0.44057238102,"max":11.6634016037,"mean":1.12828576565,"median":0.880709409714,"min":-3.09185194969,"var":1.68943119049},"barkbands_spread":{"dmean":4.31386232376,"dmean2":6.72927522659,"dvar":23.9076786041,"dvar2":56.2932624817,"max":126.671417236,"mean":26.4098129272,"median":26.4910583496,"min":0.624260902405,"var":150.776565552},"dissonance":{"dmean":0.0120505727828,"dmean2":0.0204694829881,"dvar":0.000178702757694,"dvar2":0.000488097546622,"max":0.500000059605,"mean":0.476349949837,"median":0.481984913349,"min":0.202955529094,"var":0.000426247570431},"dynamic_complexity":3.90075397491,"erbbands":{"dmean":[0.0542750060558,0.545338332653,2.06354165077,2.53952884674,2.76292943954,2.89535546303,2.48845100403,2.8201777935,4.96055316925,8.14386940002,5.92304372787,6.629966259,9.15954017639,11.2775173187,14.4012374878,19.0363712311,18.2845172882,22.5388736725,21.2405548096,18.3553009033,17.7685852051,13.325345993,13.4216194153,10.1671705246,8.89646244049,5.52979373932,3.30567717552,2.89837694168,2.63027787209,2.2815694809,1.58803534508,0.716136336327,0.499287426472,0.242741033435,0.0923143476248,0.041370395571,0.0124571518973,0.00308680161834,0.00062983884709,0.0000368693254131],"dmean2":[0.0831858068705,0.908517301083,3.52512478828,4.25719165802,4.54474115372,4.85039806366,4.01430511475,4.63752269745,8.05978775024,13.0713939667,9.58276176453,10.4296941757,14.7443590164,17.9923019409,23.5452518463,31.0175991058,29.5272960663,36.5999755859,34.2350578308,29.7519626617,28.9693317413,21.6898956299,21.7734661102,16.5843963623,14.3580856323,8.90746116638,5.41709947586,4.68560218811,4.24798965454,3.73077392578,2.54106378555,1.11862421036,0.758092522621,0.359809279442,0.137568771839,0.0627450495958,0.0184963401407,0.00465328013524,0.000976342475042,0.0000575685844524],"dvar":[0.0234707593918,1.32717359066,14.773806572,27.450340271,33.1052703857,43.2427101135,23.3242950439,27.4173240662,124.851486206,375.160369873,180.734191895,167.320709229,311.24798584,610.413269043,977.776245117,1804.25634766,1431.91052246,2291.66577148,1645.89855957,928.526672363,945.517456055,619.213012695,712.122680664,418.590606689,368.184265137,175.725097656,56.1697921753,45.4951324463,42.9853363037,33.5319328308,17.604888916,4.16382837296,2.66832494736,0.601793587208,0.105507329106,0.020324183628,0.00236057210714,0.0000960730758379,0.00000644203282718,2.11866826305e-8],"dvar2":[0.0533643104136,3.59602546692,42.9769592285,74.6096038818,82.9064865112,120.095161438,57.7265586853,73.0913238525,331.503448486,939.008666992,462.838592529,432.533905029,808.111328125,1529.34020996,2704.79638672,4963.57373047,3726.12158203,6033.88574219,4203.89257812,2369.54956055,2447.78808594,1623.62268066,1825.73217773,1084.29309082,952.341064453,426.237304688,147.728363037,118.812385559,113.173675537,89.110458374,44.1575469971,9.98521614075,5.71876478195,1.30432426929,0.235589697957,0.0478659048676,0.00519595341757,0.000217055945541,0.0000153724813572,5.10469355675e-8],"max":[1.85881793499,20.717206955,54.9354896545,138.632644653,109.419662476,104.532119751,111.901435852,111.341888428,303.881744385,452.840942383,280.810424805,335.837127686,368.95803833,629.247802734,624.369995117,1164.7232666,1013.11474609,1333.95874023,1056.89831543,565.361999512,583.622619629,463.072875977,541.412353516,726.032775879,688.217834473,449.069458008,150.241638184,134.698577881,111.068893433,112.588569641,103.652389526,52.6756515503,81.0673446655,25.1220798492,13.0116853714,4.91529798508,2.41385197639,0.252884864807,0.0552247799933,0.00355057767592],"mean":[0.087111286819,1.21582233906,4.6362862587,4.48322963715,4.51935482025,4.65015363693,4.34981298447,5.35623407364,8.28981113434,12.4935503006,10.2958545685,13.5856723785,18.45013237,25.2488555908,29.6151847839,41.9538764954,42.725894928,48.5208854675,46.2608680725,42.1323432922,40.7569084167,31.9180145264,33.9998512268,28.456035614,24.563949585,13.7377634048,7.39655256271,6.4188079834,5.933634758,5.25775241852,3.48962044716,1.50913524628,1.01387453079,0.472290933132,0.156559199095,0.0656762346625,0.0212355703115,0.00480688875541,0.000790252699517,0.0000649759167572],"median":[0.0444352775812,0.860193371773,3.53924655914,2.91778993607,2.44263410568,2.6419813633,2.03500127792,2.65347981453,3.67044878006,4.3785982132,4.54784297943,6.35538959503,8.08526039124,7.85722780228,11.3680944443,11.9653759003,13.517991066,20.3406181335,24.6716327667,27.2172546387,24.2040405273,16.6277313232,12.0739803314,6.57136964798,4.92215681076,3.29396152496,2.95031309128,2.19591093063,2.01414394379,1.39297437668,0.993721008301,0.348713487387,0.242723017931,0.154364556074,0.045271627605,0.0172109566629,0.00636079628021,0.00133643613663,0.000162409240147,0.0000357762364729],"min":[4.37593197921e-23,1.02589995048e-21,2.82905806328e-21,1.09416115241e-20,1.96326923992e-20,2.73785602892e-20,5.5354054175e-20,1.23248967768e-19,1.11306121159e-19,8.88729829463e-20,2.66366968945e-19,5.59099079144e-19,7.45741889513e-19,7.44356258589e-19,1.0387538711e-18,1.42047073703e-18,1.64657900651e-18,1.7879651629e-18,2.99374737579e-18,3.63146681853e-18,4.90173210288e-18,5.23101161163e-18,6.25828597359e-18,9.05240737061e-18,7.36128210318e-18,9.22979542579e-18,1.08358972796e-17,1.11741074438e-17,1.20468028424e-17,1.07924049502e-17,1.36569074232e-17,1.02751440977e-17,1.07637414876e-17,9.02846545496e-18,5.83151992092e-18,4.51585606943e-18,2.30894770772e-18,9.90216463721e-19,2.51499069519e-19,2.94829626975e-20],"var":[0.0284107849002,1.9638710022,24.5227642059,36.1372909546,47.1758842468,47.3225288391,49.1592063904,72.5835418701,198.046783447,664.46282959,308.288146973,418.003143311,747.90637207,2357.33398438,2317.0390625,5379.66113281,4864.41845703,5964.46337891,4408.02246094,2417.9284668,2523.34667969,1801.89123535,2539.74047852,1680.65319824,1371.20751953,510.204589844,131.296737671,114.108955383,102.407234192,69.8882064819,38.5383682251,9.59736061096,5.6025056839,1.16790020466,0.154564082623,0.0255119781941,0.00301567208953,0.00013149897859,0.00000662987667965,2.09820374408e-8]},"erbbands_crest":{"dmean":2.17925333977,"dmean2":3.54319119453,"dvar":4.11573410034,"dvar2":10.5397605896,"max":31.9051074982,"mean":8.52351665497,"median":7.52763080597,"min":2.29672074318,"var":14.3561372757},"erbbands_flatness_db":{"dmean":0.0133728664368,"dmean2":0.0201398730278,"dvar":0.000199865826289,"dvar2":0.00040905867354,"max":0.38510197401,"mean":0.161742120981,"median":0.155835300684,"min":0.0263614542782,"var":0.001945031574},"erbbands_kurtosis":{"dmean":0.797634959221,"dmean2":1.26841402054,"dvar":1.48798108101,"dvar2":3.69816589355,"max":34.9456176758,"mean":0.616675436497,"median":0.242232501507,"min":-1.76812672615,"var":3.59796953201},"erbbands_skewness":{"dmean":0.284669339657,"dmean2":0.445791572332,"dvar":0.0686021596193,"dvar2":0.164483636618,"max":2.94299459457,"mean":-0.380741328001,"median":-0.335651814938,"min":-4.4297747612,"var":0.430956035852},"erbbands_spread":{"dmean":5.70483827591,"dmean2":9.04164981842,"dvar":37.2798919678,"dvar2":91.6123962402,"max":134.286346436,"mean":32.374961853,"median":29.7123680115,"min":2.81172394753,"var":184.330169678},"gfcc":{"cov":[[16381.4853516,-1171.45727539,-1283.55834961,926.335876465,-1141.9329834,764.033447266,92.9074325562,198.264221191,-299.133758545,16.6763591766,64.333366394,175.922195435,-415.328674316],[-1171.45727539,1443.06860352,-5.30568790436,-73.1592712402,423.722198486,-92.1080474854,121.29637146,-84.8041305542,112.70778656,-36.9917221069,61.2430534363,-50.1109237671,56.7264175415],[-1283.55834961,-5.30568790436,857.829284668,1.75173056126,184.395889282,70.1019363403,-26.0644226074,15.2179079056,41.4554710388,119.384338379,-15.993434906,-1.88138651848,59.0330924988],[926.335876465,-73.1592712402,1.75173056126,420.39541626,-51.597278595,87.5344238281,81.2255249023,14.3133296967,21.9428119659,-12.3704566956,53.7403488159,10.232629776,-31.0103168488],[-1141.9329834,423.722198486,184.395889282,-51.597278595,395.269866943,21.199426651,29.719745636,-26.3669338226,41.7537918091,20.7173652649,21.1125202179,-14.6786737442,56.1880607605],[764.033447266,-92.1080474854,70.1019363403,87.5344238281,21.199426651,269.485137939,124.261123657,7.72493028641,-11.8178634644,23.6069831848,44.55027771,8.48917865753,-37.046459198],[92.9074325562,121.29637146,-26.0644226074,81.2255249023,29.719745636,124.261123657,251.4972229,20.0247612,19.4592018127,-11.1697216034,55.8798675537,12.4438457489,-35.713470459],[198.264221191,-84.8041305542,15.2179079056,14.3133296967,-26.3669338226,7.72493028641,20.0247612,106.033493042,26.2913227081,14.3538761139,-2.74172902107,3.98103380203,-3.86992144585],[-299.133758545,112.70778656,41.4554710388,21.9428119659,41.7537918091,-11.8178634644,19.4592018127,26.2913227081,110.259101868,23.3837432861,1.0847389698,-14.1492643356,1.89145851135],[16.6763591766,-36.9917221069,119.384338379,-12.3704566956,20.7173652649,23.6069831848,-11.1697216034,14.3538761139,23.3837432861,107.452285767,16.8302612305,5.26775169373,-0.181002661586],[64.333366394,61.2430534363,-15.993434906,53.7403488159,21.1125202179,44.55027771,55.8798675537,-2.74172902107,1.0847389698,16.8302612305,100.627655029,23.4993095398,-24.066411972],[175.922195435,-50.1109237671,-1.88138651848,10.232629776,-14.6786737442,8.48917865753,12.4438457489,3.98103380203,-14.1492643356,5.26775169373,23.4993095398,67.0508346558,7.57598876953],[-415.328674316,56.7264175415,59.0330924988,-31.0103168488,56.1880607605,-37.046459198,-35.713470459,-3.86992144585,1.89145851135,-0.181002661586,-24.066411972,7.57598876953,80.6547012329]],"icov":[[0.000170155675733,-0.000189229060197,0.000257353211055,-0.00034433597466,0.000365088984836,-0.000653856492136,0.000408518826589,-0.000405295431847,0.000446811493021,-0.000397237105062,0.000505830685142,-0.000523612368852,0.000484067655634],[-0.000189229060197,0.00166743691079,-0.000115982227726,0.000572816585191,-0.00169489777181,0.00157264841255,-0.0013455391163,0.00147517211735,-0.00157078634948,0.000945115927607,-0.00149962690193,0.00147807551548,-0.00101131538395],[0.000257353211055,-0.000115982227726,0.00206575612538,-0.000716676935554,-0.000241333938902,-0.00137786124833,0.000749505707063,-0.000637804041617,0.000509964651428,-0.00223365821876,0.00137110531796,-0.000762526411563,-0.0000804282462923],[-0.00034433597466,0.000572816585191,-0.000716676935554,0.00364928599447,-0.00022906671802,0.000701123382896,-0.00118960428517,0.000918750592973,-0.00202161818743,0.00189760769717,-0.00261687906459,0.00124707724899,-0.00109574722592],[0.000365088984836,-0.00169489777181,-0.000241333938902,-0.00022906671802,0.00566114438698,-0.0024915325921,0.00106194184627,-0.000636116310488,0.000556220358703,-0.000862523156684,0.000102006182715,-0.000490380858537,-0.00142638618127],[-0.000653856492136,0.00157264841255,-0.00137786124833,0.000701123382896,-0.0024915325921,0.00872849300504,-0.00461139902472,0.00208511506207,-0.000530808407348,0.000458654743852,-0.00264705950394,0.00265353592113,-0.000417602830566],[0.000408518826589,-0.0013455391163,0.000749505707063,-0.00118960428517,0.00106194184627,-0.00461139902472,0.00784863624722,-0.00262192660011,0.000281187705696,0.000570452655666,-0.000134486632305,-0.00260686059482,0.00273507717066],[-0.000405295431847,0.00147517211735,-0.000637804041617,0.000918750592973,-0.000636116310488,0.00208511506207,-0.00262192660011,0.0124979270622,-0.00449164723977,0.000166353958775,-0.00080619356595,0.000860585016198,-0.0016806172207],[0.000446811493021,-0.00157078634948,0.000509964651428,-0.00202161818743,0.000556220358703,-0.000530808407348,0.000281187705696,-0.00449164723977,0.0137444194406,-0.00418485002592,0.00256692082621,0.000492570223287,0.00192072684877],[-0.000397237105062,0.000945115927607,-0.00223365821876,0.00189760769717,-0.000862523156684,0.000458654743852,0.000570452655666,0.000166353958775,-0.00418485002592,0.0140985557809,-0.00465433392674,0.000742209900636,-0.00060243147891],[0.000505830685142,-0.00149962690193,0.00137110531796,-0.00261687906459,0.000102006182715,-0.00264705950394,-0.000134486632305,-0.00080619356595,0.00256692082621,-0.00465433392674,0.0172719322145,-0.00740860030055,0.00604364322498],[-0.000523612368852,0.00147807551548,-0.000762526411563,0.00124707724899,-0.000490380858537,0.00265353592113,-0.00260686059482,0.000860585016198,0.000492570223287,0.000742209900636,-0.00740860030055,0.0205354876816,-0.00640030857176],[0.000484067655634,-0.00101131538395,-0.0000804282462923,-0.00109574722592,-0.00142638618127,-0.000417602830566,0.00273507717066,-0.0016806172207,0.00192072684877,-0.00060243147891,0.00604364322498,-0.00640030857176,0.0195305384696]],"mean":[-19.6953353882,95.1245193481,-127.842521667,35.2699432373,-33.106918335,17.0861701965,-32.9675445557,3.89417982101,-16.7556266785,-1.48827922344,-16.9845695496,-3.2386610508,-13.7605886459]},"hfc":{"dmean":4.0054526329,"dmean2":6.1540222168,"dvar":40.5170555115,"dvar2":96.0162582397,"max":133.483825684,"mean":20.8596801758,"median":12.8113365173,"min":1.10693349277e-16,"var":405.383117676},"melbands":{"dmean":[0.00052639778005,0.000919923943002,0.000424552214099,0.000198640016606,0.0000931147660594,0.0000645789696136,0.000078984980064,0.0000834149395814,0.0000486214594275,0.0000450166007795,0.0000478297370137,0.0000466457531729,0.0000510677164129,0.0000493934894621,0.0000589416558796,0.0000442007403763,0.0000436723676103,0.0000402526275138,0.0000310297546093,0.0000238262291532,0.0000220533220272,0.0000163682561833,0.0000113011537906,0.0000136096296046,0.00000891060790309,0.00000891455147212,0.00000565928894503,0.00000375341505787,0.00000230448267757,0.00000183618089977,0.00000187340799584,0.00000166973802607,0.00000150459959514,0.00000135793334266,0.00000106535287614,6.81773485667e-7,3.84714553547e-7,3.87867515883e-7,2.96164813562e-7,1.92499754803e-7],"dmean2":[0.000828870863188,0.00155950244516,0.000707491184585,0.000328492285917,0.00015068599896,0.000105643572169,0.00012861196592,0.000133606430609,0.0000787949320511,0.0000709923333488,0.0000768611498643,0.0000745919533074,0.0000838925043354,0.0000807890100987,0.0000957561205723,0.0000713767149136,0.0000709829255356,0.0000652099188301,0.0000507666736667,0.0000390021523344,0.0000359617188224,0.000026938292649,0.0000183254269359,0.0000223475544772,0.00001457309736,0.0000145910207721,0.00000911224651645,0.00000609473363511,0.00000378974095838,0.00000305825574287,0.00000305747153106,0.00000273368414128,0.00000249538857133,0.00000222711560127,0.00000172361512796,0.00000108795904907,6.04190177e-7,6.00057489919e-7,4.46162601975e-7,2.90880308285e-7],"dvar":[0.00000168740859863,0.00000285326427729,6.25387599484e-7,1.95201380393e-7,3.01251965595e-8,1.33888642395e-8,2.84358261382e-8,3.63008609838e-8,1.1762305796e-8,7.40368477636e-9,8.53722070815e-9,1.033171948e-8,1.298863328e-8,1.4183758168e-8,1.95417388937e-8,9.20011977712e-9,8.3301827658e-9,6.65195720728e-9,2.93665047835e-9,1.5923126151e-9,1.61096569418e-9,1.033289454e-9,4.84667805889e-10,8.00043142846e-10,3.35417610353e-10,3.98248461986e-10,1.78000489348e-10,9.56765708326e-11,2.41097992265e-11,2.35199065085e-11,1.77249760008e-11,1.70386829645e-11,1.41719882357e-11,1.10601909575e-11,7.58526401412e-12,3.74434467806e-12,1.19618410229e-12,1.58502995885e-12,8.71842799777e-13,4.11926542139e-13],"dvar2":[0.00000405261198466,0.00000817622913019,0.00000167355153735,5.21231470429e-7,7.72257990889e-8,3.53000828568e-8,7.53856284064e-8,9.09898290047e-8,3.05876604045e-8,1.9193507228e-8,2.22826148644e-8,2.58457113489e-8,3.57273641782e-8,4.02660020882e-8,5.18157570184e-8,2.42713138476e-8,2.17164135563e-8,1.69467053723e-8,7.56837703619e-9,4.15991197045e-9,4.16881551502e-9,2.73030242859e-9,1.21316001689e-9,2.09965356213e-9,8.68582650249e-10,1.01890129667e-9,4.50233905713e-10,2.31885136093e-10,6.19023096671e-11,6.4488372975e-11,4.62064032869e-11,4.44405935662e-11,3.85911753942e-11,2.91931687157e-11,1.93935249804e-11,9.41706695262e-12,2.82465869271e-12,3.44271442951e-12,1.85732787657e-12,9.43041976974e-13],"max":[0.0209079235792,0.022724699229,0.0195595156401,0.00717465439811,0.00334871490486,0.00251736771315,0.00430501857772,0.00407635141164,0.00227963528596,0.00220612320118,0.0018053536769,0.00246132817119,0.00250896718353,0.00358708994463,0.002955931006,0.00261772703379,0.00279270065948,0.00229026842862,0.00151495670434,0.000699727970641,0.000859678024426,0.000596649770159,0.000583666202147,0.000650350237265,0.000663102895487,0.000563600740861,0.000602837477345,0.000371687812731,0.0001071166771,0.000140680145705,0.0000770840342739,0.0000856596161611,0.0000655055919196,0.0000813860024209,0.0000687477804604,0.0000476906716358,0.0000392839901906,0.0000630480644759,0.0000360332087439,0.0000185718927241],"mean":[0.00102715264075,0.00222133449279,0.000798189546913,0.000336077879183,0.000162285912666,0.000123593199532,0.000131347071147,0.000128674262669,0.000083801423898,0.0000902284809854,0.0000927212458919,0.000100327597465,0.0000983615755104,0.000100859222584,0.000121359422337,0.0000909569280338,0.0000879932413227,0.0000774974687374,0.0000623396990704,0.0000503861192556,0.0000454281798739,0.000033694672311,0.0000265749640675,0.0000313650198223,0.0000218165678234,0.000021513658794,0.0000132160721478,0.00000804175761004,0.0000047996873036,0.00000344400405083,0.00000390519744542,0.00000349787342202,0.0000029911452657,0.00000296062444249,0.00000220891115532,0.0000013074288745,7.66165783261e-7,7.57666157369e-7,5.46842784388e-7,3.50235865199e-7],"median":[0.000624586944468,0.00176846631803,0.000552463694476,0.000190589169506,0.0000826592877274,0.0000616984034423,0.0000589351257076,0.0000437427188444,0.0000342262501363,0.0000396230097977,0.0000365496962331,0.0000290509760816,0.000034207932913,0.0000288631053991,0.0000309927563649,0.0000290737843898,0.0000353948489646,0.0000350816044374,0.0000365316627722,0.0000314383141813,0.0000240505396505,0.0000161314528668,0.00001177116701,0.00000854804602568,0.00000469252790936,0.00000410900611314,0.00000273662249128,0.00000190060234218,0.00000174925912688,0.00000124418079395,0.00000125903784465,0.00000113156511361,8.40132599933e-7,7.27295798697e-7,5.99184090788e-7,3.20802257647e-7,1.56509244675e-7,1.57164578241e-7,1.58480105483e-7,1.11921629298e-7],"min":[1.16033885815e-24,1.66917583569e-24,2.3477220375e-24,1.47321263025e-24,2.59430200988e-24,2.68310132097e-24,1.69353566323e-24,1.05487032449e-24,1.95749207199e-24,3.4595372725e-24,3.39318499847e-24,2.38231161604e-24,2.29403374201e-24,3.0604661484e-24,3.19084513451e-24,3.01617634174e-24,2.87788093923e-24,4.02057159842e-24,3.9238126808e-24,4.68906889559e-24,4.42381007747e-24,4.91507912265e-24,4.30222373501e-24,4.45613325863e-24,5.88768979296e-24,4.92979887271e-24,4.72601953482e-24,5.0624272957e-24,6.30399733062e-24,5.37151483127e-24,5.24445379413e-24,5.49196284745e-24,5.65053059472e-24,5.52578565319e-24,7.49478128933e-24,6.72520172236e-24,6.36734759448e-24,7.32261870765e-24,6.78634790884e-24,6.28884252377e-24],"var":[0.00000223948518396,0.00000484579368276,9.15583484584e-7,2.43499073349e-7,5.53442802698e-8,3.67139918467e-8,4.49852279871e-8,6.50342428798e-8,2.01473433492e-8,1.83983903668e-8,2.04076400223e-8,3.84177880619e-8,2.95529805072e-8,3.3838166047e-8,5.78145247232e-8,2.63681076973e-8,2.07762269611e-8,1.62139119908e-8,6.93435842081e-9,3.66398666962e-9,3.94237753554e-9,2.49795650831e-9,1.53605761444e-9,2.48051557072e-9,1.0927490024e-9,1.24434973436e-9,4.71845118533e-10,2.23797605448e-10,5.82691742079e-11,3.84497399197e-11,4.52978141108e-11,4.04142067034e-11,2.54973941266e-11,2.29612370783e-11,1.54616076886e-11,7.62567006068e-12,2.76213275342e-12,3.31352415124e-12,1.7416817771e-12,7.00438025723e-13]},"melbands_crest":{"dmean":2.65772175789,"dmean2":4.38662815094,"dvar":6.64377164841,"dvar2":18.0139541626,"max":34.5419387817,"mean":15.0486841202,"median":14.3825235367,"min":1.80971205235,"var":34.2841491699},"melbands_flatness_db":{"dmean":0.0194530710578,"dmean2":0.0299749467522,"dvar":0.000444183155196,"dvar2":0.0010369240772,"max":0.507095396519,"mean":0.196505382657,"median":0.178804546595,"min":0.00403866218403,"var":0.00644429214299},"melbands_kurtosis":{"dmean":4.55503320694,"dmean2":7.27979564667,"dvar":86.8000869751,"dvar2":225.183639526,"max":307.810882568,"mean":10.1926288605,"median":3.74630689621,"min":-1.82330656052,"var":350.356262207},"melbands_skewness":{"dmean":0.567637860775,"dmean2":0.896740078926,"dvar":0.365893721581,"dvar2":0.915950119495,"max":13.1327877045,"mean":2.39649581909,"median":2.00623226166,"min":-1.92612457275,"var":3.1136238575},"melbands_spread":{"dmean":5.89250516891,"dmean2":9.33754634857,"dvar":39.8237724304,"dvar2":96.2256393433,"max":162.468948364,"mean":31.3240337372,"median":29.1746578217,"min":0.531747817993,"var":373.37878418},"mfcc":{"cov":[[10437.9140625,-1227.26403809,-491.200256348,169.998031616,-797.532958984,291.434539795,260.990692139,468.338989258,-381.593902588,171.569869995,137.318496704,42.7760238647,84.8985748291],[-1227.26403809,1334.87023926,-13.6480588913,55.8286857605,280.631896973,121.730934143,45.5710945129,6.79649400711,82.7616882324,53.3096733093,67.8057327271,-23.5338783264,18.6853752136],[-491.200256348,-13.6480588913,499.881835938,46.3266296387,75.518371582,50.5126647949,17.1351089478,-61.3699302673,58.4357872009,26.1507034302,13.1982784271,48.1620826721,-5.13849496841],[169.998031616,55.8286857605,46.3266296387,327.52532959,29.8210163116,40.0991325378,15.7224054337,53.6943511963,0.465172082186,36.9432220459,13.1754808426,4.19881296158,67.3499221802],[-797.532958984,280.631896973,75.518371582,29.8210163116,303.294128418,30.1637477875,-6.67623090744,-72.7197494507,64.8114624023,-2.02853488922,-16.1136760712,18.8209838867,-5.64238500595],[291.434539795,121.730934143,50.5126647949,40.0991325378,30.1637477875,257.205627441,123.625564575,76.6356506348,-20.9165992737,74.0282363892,44.2430801392,11.9771203995,-3.03561687469],[260.990692139,45.5710945129,17.1351089478,15.7224054337,-6.67623090744,123.625564575,182.271011353,80.7042160034,-18.0630531311,50.2890892029,32.7270431519,7.20933246613,5.54265117645],[468.338989258,6.79649400711,-61.3699302673,53.6943511963,-72.7197494507,76.6356506348,80.7042160034,184.941223145,-31.7087421417,55.1677284241,39.6902542114,-11.4519662857,24.1370334625],[-381.593902588,82.7616882324,58.4357872009,0.465172082186,64.8114624023,-20.9165992737,-18.0630531311,-31.7087421417,143.429367065,0.527166247368,-8.54917812347,4.08293437958,-18.2456607819],[171.569869995,53.3096733093,26.1507034302,36.9432220459,-2.02853488922,74.0282363892,50.2890892029,55.1677284241,0.527166247368,120.401870728,56.5470352173,6.92262077332,13.3269338608],[137.318496704,67.8057327271,13.1982784271,13.1754808426,-16.1136760712,44.2430801392,32.7270431519,39.6902542114,-8.54917812347,56.5470352173,112.864212036,20.0216884613,12.8707799911],[42.7760238647,-23.5338783264,48.1620826721,4.19881296158,18.8209838867,11.9771203995,7.20933246613,-11.4519662857,4.08293437958,6.92262077332,20.0216884613,72.592628479,17.286857605],[84.8985748291,18.6853752136,-5.13849496841,67.3499221802,-5.64238500595,-3.03561687469,5.54265117645,24.1370334625,-18.2456607819,13.3269338608,12.8707799911,17.286857605,90.3688049316]],"icov":[[0.000152229462401,0.000100414210465,0.00013731609215,-0.0000958311502472,0.000259079068201,-0.000171331557794,-0.0000357256358257,-0.0000927370783756,0.000132710818434,-0.0000761985211284,-0.0000242791793426,-0.00019366639026,0.0000313701348205],[0.000100414210465,0.00116384017747,0.000284615147393,-0.0000156014957611,-0.000886470545083,-0.000515414518304,-0.00000439939094576,-0.000111662760901,-0.000353635143256,0.0000605235909461,-0.000882769585587,0.000794145627879,-0.000456248468254],[0.00013731609215,0.000284615147393,0.00265279994346,-0.0005495082587,0.0000479045411339,-0.000715896312613,-0.000314287433866,0.00107997877058,-0.000738151720725,-0.000521382899024,-0.000175639172085,-0.00133929925505,0.000291356351227],[-0.0000958311502472,-0.0000156014957611,-0.0005495082587,0.00408128229901,-0.000753816391807,-0.000319724465953,0.000603109772783,-0.00109942932613,-0.000293335324386,-0.000420915108407,0.000317569007166,0.000876037753187,-0.00299078738317],[0.000259079068201,-0.000886470545083,0.0000479045411339,-0.000753816391807,0.00582317868248,-0.00104561494663,-0.000190737919183,0.00191189337056,-0.00102879456244,-0.00035236144322,0.00130231119692,-0.00179256615229,0.00033559644362],[-0.000171331557794,-0.000515414518304,-0.000715896312613,-0.000319724465953,-0.00104561494663,0.00735154189169,-0.00339864590205,-0.00112208619248,0.00126509054098,-0.00206075212918,0.0000262157082034,-0.000673906470183,0.00183943542652],[-0.0000357256358257,-0.00000439939094576,-0.000314287433866,0.000603109772783,-0.000190737919183,-0.00339864590205,0.0091891977936,-0.002669878304,0.000177232519491,-0.000532146543264,-0.0000276679966191,-0.000432258821093,-0.000208564990317],[-0.0000927370783756,-0.000111662760901,0.00107997877058,-0.00109942932613,0.00191189337056,-0.00112208619248,-0.002669878304,0.00970697961748,-0.0000962375270319,-0.00181589124259,-0.000981317949481,0.00160431256518,-0.00127501145471],[0.000132710818434,-0.000353635143256,-0.000738151720725,-0.000293335324386,-0.00102879456244,0.00126509054098,0.000177232519491,-0.0000962375270319,0.00881298817694,-0.00113687780686,0.000636295531876,-0.000727022998035,0.00211365194991],[-0.0000761985211284,0.0000605235909461,-0.000521382899024,-0.000420915108407,-0.00035236144322,-0.00206075212918,-0.000532146543264,-0.00181589124259,-0.00113687780686,0.0134213455021,-0.00517853396013,0.00106025999412,-0.000904533779249],[-0.0000242791793426,-0.000882769585587,-0.000175639172085,0.000317569007166,0.00130231119692,0.0000262157082034,-0.0000276679966191,-0.000981317949481,0.000636295531876,-0.00517853396013,0.0132572827861,-0.00387821323238,0.0000505343014083],[-0.00019366639026,0.000794145627879,-0.00133929925505,0.000876037753187,-0.00179256615229,-0.000673906470183,-0.000432258821093,0.00160431256518,-0.000727022998035,0.00106025999412,-0.00387821323238,0.0179205220193,-0.00442670937628],[0.0000313701348205,-0.000456248468254,0.000291356351227,-0.00299078738317,0.00033559644362,0.00183943542652,-0.000208564990317,-0.00127501145471,0.00211365194991,-0.000904533779249,0.0000505343014083,-0.00442670937628,0.0152119947597]],"mean":[-654.45526123,123.082397461,-20.1547012329,24.1540145874,17.1953830719,16.1319599152,0.715848207474,7.5771818161,1.75836765766,2.9160027504,1.8612947464,-3.15338206291,1.10457217693]},"pitch_salience":{"dmean":0.0600039474666,"dmean2":0.0988091006875,"dvar":0.0030504707247,"dvar2":0.00815530028194,"max":0.864662587643,"mean":0.521178543568,"median":0.530734419823,"min":0.0787094160914,"var":0.0138506917283},"silence_rate_20dB":{"dmean":0,"dmean2":0,"dvar":0,"dvar2":0,"max":1,"mean":1,"median":1,"min":1,"var":0},"silence_rate_30dB":{"dmean":0,"dmean2":0,"dvar":0,"dvar2":0,"max":1,"mean":1,"median":1,"min":1,"var":0},"silence_rate_60dB":{"dmean":0.00833265297115,"dmean2":0.0166666675359,"dvar":0.00826321914792,"dvar2":0.0194934643805,"max":1,"mean":0.0643685683608,"median":0,"min":0,"var":0.0602252557874},"spectral_centroid":{"dmean":182.173812866,"dmean2":282.204925537,"dvar":43223.4453125,"dvar2":90860.7421875,"max":11604.9423828,"mean":1614.59350586,"median":1618.85693359,"min":175.027557373,"var":659063.1875},"spectral_complexity":{"dmean":2.84747982025,"dmean2":4.5178103447,"dvar":8.09609031677,"dvar2":18.921087265,"max":58,"mean":22.7016010284,"median":19,"min":0,"var":197.34185791},"spectral_contrast_coeffs":{"dmean":[0.0435909926891,0.042954813689,0.0336714796722,0.0279133226722,0.0211682394147,0.0171534810215],"dmean2":[0.0729486420751,0.0707936435938,0.0556969344616,0.0460276566446,0.0347266793251,0.0271595641971],"dvar":[0.00136708421633,0.00120583106764,0.000730727624614,0.000505339354277,0.000332066760166,0.000295552890748],"dvar2":[0.00380119518377,0.0032207313925,0.0019755102694,0.00132338970434,0.000861341424752,0.000711780099664],"max":[-0.295672893524,-0.435473322868,-0.473321199417,-0.541549444199,-0.579482316971,-0.591062545776],"mean":[-0.649478852749,-0.741533994675,-0.777611196041,-0.758047401905,-0.768761515617,-0.752094626427],"median":[-0.655200958252,-0.747839212418,-0.785724818707,-0.760947644711,-0.76897996664,-0.752853512764],"min":[-0.981374442577,-0.974350690842,-0.988234341145,-0.97138851881,-0.965956747532,-0.963505625725],"var":[0.00589380180463,0.00501226028427,0.00407965481281,0.00255686091259,0.00172566471156,0.00262349378318]},"spectral_contrast_valleys":{"dmean":[0.337260186672,0.30631223321,0.272520810366,0.232537597418,0.212030991912,0.23713067174],"dmean2":[0.562402009964,0.502336263657,0.44027402997,0.369864106178,0.323721408844,0.331770479679],"dvar":[0.0888474434614,0.0775874629617,0.0650051534176,0.053341165185,0.0684287920594,0.117160178721],"dvar2":[0.227548792958,0.181925714016,0.14547945559,0.113309726119,0.138431578875,0.217307522893],"max":[-5.45169878006,-5.04101991653,-5.22204828262,-5.49170589447,-5.47135210037,-7.76336431503],"mean":[-7.46583938599,-7.3202009201,-7.51863098145,-7.49579381943,-7.74266147614,-10.6379442215],"median":[-7.07423782349,-6.99337387085,-7.24848079681,-7.26905155182,-7.55822944641,-10.3561792374],"min":[-28.0801715851,-27.997964859,-27.6587257385,-27.5716838837,-27.6002483368,-27.3278331757],"var":[2.87520670891,2.51150107384,2.74258041382,2.5714931488,3.04294347763,2.77452588081]},"spectral_decrease":{"dmean":1.31907584855e-9,"dmean2":2.10790496169e-9,"dvar":3.87148195866e-18,"dvar2":9.75763674545e-18,"max":1.53345544029e-18,"mean":-5.41844791258e-9,"median":-4.75919392784e-9,"min":-2.87863191062e-8,"var":1.47233599541e-17},"spectral_energy":{"dmean":0.00522408867255,"dmean2":0.0083287069574,"dvar":0.0000589442825003,"dvar2":0.00014784981613,"max":0.11423586309,"mean":0.0223425161093,"median":0.0191402882338,"min":1.0341048511e-20,"var":0.000253256643191},"spectral_energyband_high":{"dmean":0.000245410308708,"dmean2":0.000376714742742,"dvar":3.52788674718e-7,"dvar2":8.84053520167e-7,"max":0.0103056924418,"mean":0.000697259791195,"median":0.000277338345768,"min":7.38544817185e-21,"var":0.00000102192620943},"spectral_energyband_low":{"dmean":0.00378857157193,"dmean2":0.00618697842583,"dvar":0.000047277622798,"dvar2":0.00012277935457,"max":0.0990426763892,"mean":0.00957049615681,"median":0.00771475024521,"min":2.32624226224e-23,"var":0.000085133156972},"spectral_energyband_middle_high":{"dmean":0.00160681887064,"dmean2":0.00256974669173,"dvar":0.00000526530629941,"dvar2":0.0000138070172397,"max":0.0451139621437,"mean":0.00763872265816,"median":0.00423198658973,"min":1.2773240826e-21,"var":0.0000603698827035},"spectral_energyband_middle_low":{"dmean":0.00195334642194,"dmean2":0.00312521867454,"dvar":0.00000980163076747,"dvar2":0.0000253640882875,"max":0.0511565878987,"mean":0.00523133855313,"median":0.00433017872274,"min":2.14057570715e-22,"var":0.0000220802412514},"spectral_entropy":{"dmean":0.109869815409,"dmean2":0.166241973639,"dvar":0.0166889615357,"dvar2":0.0339345037937,"max":9.83188915253,"mean":7.58545160294,"median":7.67100381851,"min":5.5668387413,"var":0.189563155174},"spectral_flux":{"dmean":0.0147485155612,"dmean2":0.0228584036231,"dvar":0.000307903275825,"dvar2":0.00068278296385,"max":0.277666330338,"mean":0.0675106793642,"median":0.0621908456087,"min":6.59553869853e-11,"var":0.00155786413234},"spectral_kurtosis":{"dmean":1.85288894176,"dmean2":3.16640520096,"dvar":9.00044727325,"dvar2":27.4489860535,"max":65.4992370605,"mean":6.04768514633,"median":4.64065504074,"min":-1.28462696075,"var":29.8399505615},"spectral_rms":{"dmean":0.000498189590871,"dmean2":0.000785576005001,"dvar":3.64270505315e-7,"dvar2":8.89382306468e-7,"max":0.010556970723,"mean":0.00432565528899,"median":0.00432127900422,"min":3.1762914781e-12,"var":0.00000308628250423},"spectral_rolloff":{"dmean":348.520904541,"dmean2":586.746337891,"dvar":427497.25,"dvar2":1165500.875,"max":21662.4023438,"mean":1707.2635498,"median":1701.12304688,"min":21.533203125,"var":2445121.25},"spectral_skewness":{"dmean":0.207604289055,"dmean2":0.344628840685,"dvar":0.0630252733827,"dvar2":0.180462837219,"max":5.90666389465,"mean":1.62287342548,"median":1.51664543152,"min":-0.0542623959482,"var":0.31688195467},"spectral_spread":{"dmean":359979.625,"dmean2":538998.5,"dvar":409866731520,"dvar2":835963060224,"max":47586836,"mean":3879321,"median":3653409.25,"min":961664,"var":5412853645310},"spectral_strongpeak":{"dmean":0.404720246792,"dmean2":0.716838359833,"dvar":0.769577622414,"dvar2":2.07321357727,"max":8.50541210175,"mean":0.664454162121,"median":0.347403943539,"min":0,"var":0.99248456955},"zerocrossingrate":{"dmean":0.00669915834442,"dmean2":0.00828390661627,"dvar":0.0000601719802944,"dvar2":0.0000784096046118,"max":0.5283203125,"mean":0.0613816455007,"median":0.05908203125,"min":0.00390625,"var":0.00162488548085}},"metadata":{"audio_properties":{"analysis_sample_rate":44100,"bit_rate":0,"codec":"flac","downmix":"mix","equal_loudness":0,"length":284.226654053,"lossless":true,"md5_encoded":"ff2f177aad2636032402e6212998a7ca","replay_gain":-11.9370994568},"tags":{"acoustid_id":["95ca9bf2-fa90-4845-a5b3-7777ce200e22"],"album":["Use Your Illusion II"],"albumartist":["Guns N' Roses"],"albumartistsort":["Guns N' Roses"],"artist":["Guns N' Roses"],"artists":["Guns N' Roses"],"artistsort":["Guns N' Roses"],"asin":["B000000OSG"],"barcode":["720642442029"],"catalognumber":["424 420-2","GED 24420","GEFD 24420"],"date":["1991"],"discnumber":["1"],"disctotal":["1"],"file_name":"13 Don't Cry (alternate lyrics).flac","genre":["Hard Rock"],"grouping":["Rock"],"isrc":["USGF19142013"],"label":["Geffen Records"],"media":["CD"],"musicbrainz_albumartistid":["eeb1195b-f213-4ce1-b28c-8565211f8e43"],"musicbrainz_albumid":["22fe3554-d593-37bb-8e6e-40f33f3d23f9"],"musicbrainz_artistid":["eeb1195b-f213-4ce1-b28c-8565211f8e43"],"musicbrainz_recordingid":["de5479b3-522f-450f-a4d3-6636f593e5e3"],"musicbrainz_releasegroupid":["617c9f00-9488-3a70-a994-9de312541617"],"musicbrainz_releasetrackid":["64e2997c-4e23-328a-8fd4-2d086ac65bbb"],"musicbrainz_workid":["71781c25-f781-4b8b-a4d6-c5158be41e1e"],"originaldate":["1991-09-17"],"originalyear":["1991"],"performer":["Shannon Hoon (additional background vocals)"],"releasecountry":["DE"],"releasestatus":["official"],"releasetype":["album"],"replaygain_album_gain":["-6.97 dB"],"replaygain_album_peak":["1.000000"],"replaygain_track_gain":["-6.43 dB"],"replaygain_track_peak":["0.998932"],"script":["Latn"],"title":["Don't Cry (alternate lyrics)"],"totaldiscs":["1"],"totaltracks":["14"],"tracknumber":["13"],"tracktotal":["14"],"work":["Don't Cry"]},"version":{"essentia":"2.1-beta1","essentia_build_sha":"ed039d7e5a6e3dec64cf0be7c36ef885fb432306","essentia_git_sha":"v2.1_beta1-7-ge0e