{"lowlevel":{"average_loudness":0.93100053072,"barkbands":{"dmean":[0.000209010904655,0.00564123690128,0.00298247346655,0.00229252967983,0.00201918906532,0.00126778136473,0.000888510316145,0.000599125167355,0.000377442396712,0.00025526349782,0.000152136577526,0.000284671434201,0.000217497508856,0.000232431790209,0.000210780781345,0.000214019688428,0.000210310565308,0.00020198560378,0.000368785724277,0.000249853328569,0.000181204653927,0.000147102895426,0.000119266973343,0.000113523332402,0.0000680997327436,0.0000335439872288,0.00000383010774385],"dmean2":[0.000291882373858,0.00935511291027,0.00518883438781,0.00403498392552,0.00331597356126,0.00209229858592,0.00138606771361,0.000928632798605,0.00061512569664,0.000416780967498,0.000249173230259,0.000452522886917,0.000352881586878,0.000379121309379,0.000346707558492,0.000347353110556,0.000346366607118,0.000332165131113,0.000605680455919,0.000424480473157,0.000298957340419,0.000223922426812,0.00018277973868,0.000156633002916,0.0000913804688025,0.0000446168742201,0.00000563413323107],"dvar":[7.26760447378e-8,0.000101753270428,0.0000548233656446,0.0000324089887727,0.0000103964712252,0.00000380089841201,0.00000279599044006,0.00000133476828523,4.71271874858e-7,2.59595651642e-7,7.55103926053e-8,1.99117621946e-7,1.8172012517e-7,2.33739626765e-7,1.32827381094e-7,1.19052749881e-7,1.27899440372e-7,1.34742123237e-7,5.95041001361e-7,3.17498916047e-7,1.48048997062e-7,1.13648631839e-7,3.41206060739e-7,2.48975737804e-7,5.24687067127e-8,8.9138003645e-9,3.50011075678e-10],"dvar2":[1.51889139488e-7,0.000267182214884,0.000152013526531,0.0000869038558449,0.00002663720079,0.0000101534287751,0.00000698573785485,0.00000310584960062,0.00000118551588457,6.43252519694e-7,1.80775288072e-7,4.76627036505e-7,4.64746136686e-7,6.51270397611e-7,3.4604187249e-7,2.88311980512e-7,3.29558901058e-7,3.47271139844e-7,0.00000155059012741,8.61726675794e-7,3.9164416421e-7,2.27969550792e-7,7.33911178941e-7,4.24076972649e-7,8.54273736195e-8,1.63055293712e-8,7.56945450764e-10],"max":[0.00362742412835,0.122463442385,0.0977178141475,0.0746700316668,0.0571906790137,0.0322858728468,0.0394586883485,0.0296383649111,0.0174667313695,0.0165059939027,0.00718597369269,0.00651784241199,0.00879798084497,0.00980640202761,0.00869862362742,0.00623785797507,0.00526720285416,0.00796205271035,0.0129248462617,0.00758872879669,0.00391207495704,0.0119647597894,0.0424800030887,0.0192874521017,0.0127608561888,0.0038430232089,0.00143555121031],"mean":[0.000371585076209,0.00873161107302,0.0032388579566,0.00210966123268,0.00326740648597,0.00226573855616,0.0016409533564,0.00115877855569,0.000667272310238,0.000422893819632,0.000239832515945,0.000511497550178,0.000343134626746,0.000369586108718,0.00041037471965,0.000432028435171,0.000385289255064,0.000400066404836,0.000657396856695,0.000361711048754,0.00028455563006,0.000266284449026,0.000190244740224,0.000196431908989,0.000119639953482,0.0000559924919799,0.00000676861873217],"median":[0.000254202779615,0.00441797962412,0.00131220952608,0.000593736651354,0.00189586472698,0.00140916882083,0.000860158237629,0.000425137521233,0.000352488365024,0.000209792837268,0.000106093037175,0.000267345574684,0.000151624291902,0.000157483067596,0.000161012008903,0.000210591490031,0.000175700843101,0.000209051795537,0.000308913935442,0.000157993956236,0.000120520635392,0.000107297732029,0.0000562052773603,0.0000557487182959,0.0000376879106625,0.0000159716983035,0.00000248435094363],"min":[3.26075285395e-25,1.83730832422e-24,5.62670127614e-25,8.39274146053e-25,4.84598989571e-24,6.39249569127e-24,6.33370977662e-24,8.74208082101e-24,7.90604366708e-24,1.12492985034e-23,1.36548998572e-23,2.39386799443e-23,1.83962457761e-23,1.98309202831e-23,2.81906954437e-23,3.78848777347e-23,6.19670688326e-23,6.98615848752e-23,1.03258004987e-22,1.3162972192e-22,2.26914312152e-22,2.87980678536e-22,3.66917205669e-22,5.2450450296e-22,7.52904650405e-22,1.23011167882e-21,1.93282079428e-21],"var":[1.31471495024e-7,0.000143945202581,0.000040913488192,0.0000252596164501,0.0000166486170201,0.0000067979835876,0.00000572804628973,0.00000439767063654,8.85447775545e-7,5.69409394302e-7,1.97715422701e-7,4.20338011509e-7,3.48889358293e-7,3.8864391172e-7,4.00676867685e-7,3.4945227867e-7,3.06595012489e-7,3.67430402548e-7,9.45752105963e-7,3.29227589191e-7,1.91401170468e-7,2.11498189628e-7,4.44334688154e-7,6.22538664174e-7,1.43389840446e-7,2.13430979557e-8,6.43119779653e-10]},"barkbands_crest":{"dmean":2.54474711418,"dmean2":4.17957782745,"dvar":5.62275123596,"dvar2":15.0511693954,"max":25.026102066,"mean":9.52946186066,"median":8.63901329041,"min":2.50872445107,"var":15.7283678055},"barkbands_flatness_db":{"dmean":0.0188564658165,"dmean2":0.0304865203798,"dvar":0.000371853500837,"dvar2":0.000957957934588,"max":0.345543563366,"mean":0.10702008009,"median":0.0955047160387,"min":0.021775085479,"var":0.00239838962443},"barkbands_kurtosis":{"dmean":2.17362380028,"dmean2":3.51261806488,"dvar":11.0221652985,"dvar2":27.3743782043,"max":85.0129318237,"mean":3.10822200775,"median":1.71960449219,"min":-1.93037092686,"var":26.7270469666},"barkbands_skewness":{"dmean":0.469918310642,"dmean2":0.74726998806,"dvar":0.239163324237,"dvar2":0.56699436903,"max":8.51184558868,"mean":1.52486014366,"median":1.46579790115,"min":-2.60477876663,"var":1.06307590008},"barkbands_spread":{"dmean":6.41490411758,"dmean2":10.2401285172,"dvar":53.1994438171,"dvar2":117.354957581,"max":112.163002014,"mean":27.9671535492,"median":26.774055481,"min":1.5961959362,"var":189.816558838},"dissonance":{"dmean":0.0131797641516,"dmean2":0.0221970211715,"dvar":0.000161110452609,"dvar2":0.000430756626884,"max":0.500000059605,"mean":0.474559098482,"median":0.478302180767,"min":0.301008701324,"var":0.000328998547047},"dynamic_complexity":3.44710540771,"erbbands":{"dmean":[0.118196323514,1.44149780273,3.33580684662,5.93642187119,6.23460531235,6.82876729965,10.8455677032,10.6251621246,13.7314147949,10.9330120087,11.6415891647,8.25438308716,8.05974388123,5.91753292084,7.69887256622,9.62481021881,9.79228305817,8.44880962372,10.624206543,10.8697576523,11.7973947525,12.4215345383,10.1373615265,16.420255661,15.9082756042,10.7563619614,9.28303527832,6.33735322952,5.33043622971,3.71574115753,3.56973290443,3.04049706459,1.48466289043,0.868899405003,0.429458081722,0.193019777536,0.0536859817803,0.0069252406247,0.000671351968776,0.0000462777425128],"dmean2":[0.193799972534,2.40939617157,5.57803726196,10.4568519592,10.7159776688,11.1202344894,17.884431839,17.4117660522,21.6158599854,17.2121868134,17.9931983948,13.418258667,13.1215867996,9.59095191956,12.4036121368,15.5980710983,15.9379339218,13.7717838287,17.2918109894,17.882478714,19.0718841553,20.4512386322,16.564699173,27.1735725403,26.2946891785,18.0697803497,15.9574384689,9.78781700134,8.19802951813,5.72539806366,5.47750043869,4.33204603195,2.05620265007,1.1761392355,0.584548592567,0.254721850157,0.0718536749482,0.00964198540896,0.000968097243458,0.0000676367271808],"dvar":[0.0396264828742,6.969830513,54.7893066406,208.991836548,168.04019165,127.60194397,299.655487061,281.134124756,696.468688965,533.930603027,477.44720459,234.172515869,205.844009399,159.825317383,147.860275269,231.982940674,359.346954346,241.086135864,374.093292236,353.950378418,392.936920166,468.66973877,369.921569824,937.852111816,1510.91821289,555.452636719,465.901000977,163.67930603,135.202331543,132.756088257,435.307434082,216.320251465,36.2123298645,9.19092845917,1.99033749104,0.361225903034,0.0260015223175,0.000417985778768,0.0000109947404781,4.85836757491e-8],"dvar2":[0.107890024781,18.2313995361,144.81854248,569.590148926,439.837097168,317.354034424,767.137512207,738.735961914,1736.82336426,1355.6373291,1103.30615234,583.426513672,520.086364746,364.358398438,353.703613281,584.181274414,927.202087402,635.002624512,1023.12347412,938.854675293,952.373901367,1237.35925293,933.061218262,2493.171875,4005.89746094,1484.19348145,1307.7734375,378.562591553,278.184844971,277.031860352,982.395507812,386.637664795,61.9174308777,15.7044258118,3.37174153328,0.646491467953,0.0501358918846,0.000780874339398,0.0000250072971539,1.0401622319e-7],"max":[2.36390471458,32.8850898743,94.8954162598,159.624404907,236.093307495,288.040100098,272.381591797,320.303436279,577.096679688,544.100708008,510.844726562,296.797088623,435.841125488,728.80078125,316.613830566,232.396697998,378.548492432,265.445648193,405.800842285,313.537994385,390.483520508,354.144439697,422.490325928,529.397521973,815.670166016,330.524200439,266.660400391,213.061660767,357.933563232,386.502624512,1633.57434082,745.184204102,310.037506104,158.608261108,79.2531814575,35.9834365845,6.66878271103,1.04982662201,0.250837117434,0.0180729757994],"mean":[0.171893358231,2.18544197083,4.30713224411,5.87679481506,7.20686006546,11.0214233398,17.3933010101,19.9910011292,25.3876190186,20.9863319397,23.9802932739,14.9432497025,14.144402504,11.0052042007,14.3683900833,17.6965579987,15.9554615021,14.9097518921,20.1462574005,22.4251899719,24.8269538879,24.3397789001,20.3568401337,33.4360809326,26.442489624,16.5429420471,12.989610672,11.0773849487,9.71517276764,6.32412528992,5.5594625473,5.02055835724,2.62266325951,1.50054788589,0.739640474319,0.334744691849,0.0838234350085,0.0124116307124,0.00107358430978,0.00010140419181],"median":[0.0967993289232,1.04468870163,1.89624738693,2.09905290604,3.20349884033,5.68229150772,10.2229385376,12.8732013702,13.9557418823,9.67975711823,10.6807498932,8.00493240356,8.38649082184,5.38615036011,8.51487541199,10.345199585,8.05974197388,7.28755474091,10.7824859619,10.377122879,11.7883720398,11.6265525818,11.4423923492,14.751531601,13.6896114349,7.59450435638,5.17141532898,4.63268756866,4.04407119751,2.10156917572,1.64161968231,1.2478260994,0.859269976616,0.522850573063,0.200287312269,0.0922459289432,0.0227194316685,0.00398836098611,0.000337848905474,0.0000549645556021],"min":[6.49255370409e-23,3.36733595143e-22,9.39712011958e-22,4.05617343381e-21,8.98196087625e-21,1.5700894537e-20,3.96135890623e-20,5.8549595053e-20,8.21655886166e-20,1.34811375918e-19,1.76971543894e-19,2.47233324949e-19,4.67254062106e-19,7.26250308956e-19,7.32261068576e-19,1.18104796162e-18,1.3782969335e-18,1.90046151941e-18,1.90049688138e-18,2.31809115541e-18,4.09359484238e-18,3.90123150939e-18,4.11088539873e-18,5.52977890912e-18,5.51849244326e-18,5.91948561598e-18,6.38496082618e-18,8.67570601093e-18,9.50435900497e-18,1.06736036162e-17,1.03308662925e-17,1.04952618218e-17,9.66815648269e-18,6.95252501322e-18,6.1928361348e-18,4.16097366636e-18,2.25306710785e-18,8.62288949484e-19,2.43565089125e-19,2.62976274835e-20],"var":[0.0491750314832,9.7344379425,51.0166893005,157.175323486,159.355895996,252.88684082,469.007049561,535.48815918,1386.92797852,1177.22717285,1495.71325684,439.771759033,402.246185303,815.687805176,338.633575439,438.114959717,609.710144043,527.536865234,746.704040527,941.05078125,1155.47595215,1173.92138672,967.447937012,2049.52392578,1861.30932617,614.585021973,454.304931641,274.109619141,254.663253784,207.984527588,509.681671143,470.73425293,94.6394119263,24.0358486176,5.13024663925,0.85947561264,0.0553428195417,0.00105865509249,0.0000189252295968,7.84899114592e-8]},"erbbands_crest":{"dmean":1.93691694736,"dmean2":3.13385152817,"dvar":3.65086960793,"dvar2":8.91038608551,"max":26.2749099731,"mean":6.88281869888,"median":6.21105384827,"min":2.086186409,"var":9.13022232056},"erbbands_flatness_db":{"dmean":0.0126576907933,"dmean2":0.0183773618191,"dvar":0.000175757770194,"dvar2":0.000333016738296,"max":0.332782655954,"mean":0.124291703105,"median":0.117948770523,"min":0.0330117754638,"var":0.00138563953806},"erbbands_kurtosis":{"dmean":0.537115216255,"dmean2":0.853029191494,"dvar":0.829032123089,"dvar2":1.80208218098,"max":30.1866073608,"mean":-0.374803721905,"median":-0.715927839279,"min":-1.79577815533,"var":1.85603880882},"erbbands_skewness":{"dmean":0.295894801617,"dmean2":0.454390794039,"dvar":0.0877091810107,"dvar2":0.190157532692,"max":4.26339769363,"mean":0.0302373580635,"median":0.0202200934291,"min":-5.12927913666,"var":0.432124465704},"erbbands_spread":{"dmean":7.62861776352,"dmean2":11.7103433609,"dvar":59.3136405945,"dvar2":133.888336182,"max":135.809921265,"mean":48.7561759949,"median":46.9645004272,"min":4.01364278793,"var":255.706237793},"gfcc":{"cov":[[38866.1171875,829.721618652,-2751.58325195,1543.45617676,-1676.25085449,541.085449219,-1221.5032959,510.975769043,-730.933776855,195.793365479,-487.202362061,149.250717163,-408.099578857],[829.721618652,1351.12719727,-294.380432129,-57.1430625916,172.325866699,-237.837081909,138.63633728,-52.8587799072,74.1832809448,-56.7191238403,108.211624146,-1.02833604813,61.0184860229],[-2751.58325195,-294.380432129,575.118408203,-125.188964844,128.132965088,67.2490158081,77.704460144,-28.7464847565,-4.34625005722,4.84552431107,6.23846197128,8.77213287354,28.6956710815],[1543.45617676,-57.1430625916,-125.188964844,348.679779053,-84.8506774902,56.1300125122,-12.6850891113,-23.2569580078,-6.31508541107,0.816869795322,-45.8043022156,-19.8531742096,-3.65767717361],[-1676.25085449,172.325866699,128.132965088,-84.8506774902,314.657806396,-76.263458252,72.2813873291,2.5468480587,61.5214729309,-24.79961586,24.6288700104,3.29194450378,27.822725296],[541.085449219,-237.837081909,67.2490158081,56.1300125122,-76.263458252,190.962844849,-15.0908823013,5.84228992462,-38.3702888489,35.3739204407,-17.8353652954,-4.12563800812,-11.0246114731],[-1221.5032959,138.63633728,77.704460144,-12.6850891113,72.2813873291,-15.0908823013,225.317749023,-32.0462417603,23.1690101624,-1.13275313377,32.9901313782,1.66089367867,27.9077358246],[510.975769043,-52.8587799072,-28.7464847565,-23.2569580078,2.5468480587,5.84228992462,-32.0462417603,113.106315613,10.9129209518,4.26069259644,-4.8346247673,13.0668230057,-17.9082317352],[-730.933776855,74.1832809448,-4.34625005722,-6.31508541107,61.5214729309,-38.3702888489,23.1690101624,10.9129209518,104.372596741,13.4393310547,17.7169094086,-12.6376800537,21.9142894745],[195.793365479,-56.7191238403,4.84552431107,0.816869795322,-24.79961586,35.3739204407,-1.13275313377,4.26069259644,13.4393310547,100.967437744,1.33284413815,-0.00365016655996,14.532784462],[-487.202362061,108.211624146,6.23846197128,-45.8043022156,24.6288700104,-17.8353652954,32.9901313782,-4.8346247673,17.7169094086,1.33284413815,87.0813064575,17.5233192444,10.6284093857],[149.250717163,-1.02833604813,8.77213287354,-19.8531742096,3.29194450378,-4.12563800812,1.66089367867,13.0668230057,-12.6376800537,-0.00365016655996,17.5233192444,54.526638031,8.23451805115],[-408.099578857,61.0184860229,28.6956710815,-3.65767717361,27.822725296,-11.0246114731,27.9077358246,-17.9082317352,21.9142894745,14.532784462,10.6284093857,8.23451805115,86.2132034302]],"icov":[[0.000116924005852,-0.000254625541857,0.000265165726887,-0.000335649878252,0.000225304465857,-0.000291566975648,0.000374189694412,-0.000475657347124,0.000586936250329,-0.000309861556161,0.000436931906734,-0.000456498004496,0.000194039181224],[-0.000254625541857,0.0019442072371,0.000338165235007,0.000873706885614,-0.00109554920346,0.00153534975834,-0.00142395985313,0.00150045554619,-0.00109216186684,0.00100876577199,-0.0021092586685,0.00145523180254,-0.00110570981633],[0.000265165726887,0.000338165235007,0.00372191844508,0.000340253027389,-0.000946476997342,-0.00172144756652,-0.0000728866361897,0.0000206107906706,0.00157768756617,-0.000293773045996,0.000883312663063,-0.00112061621621,-0.000448716367828],[-0.000335649878252,0.000873706885614,0.000340253027389,0.00485871080309,-0.0002608699142,-0.000591140647884,-0.00150294648483,0.00252898782492,-0.00259409658611,0.00157357379794,0.000559257925488,0.00141594687011,-0.000903954205569],[0.000225304465857,-0.00109554920346,-0.000946476997342,-0.0002608699142,0.005525900051,0.000503671879414,0.000133240057039,-0.00160566589329,-0.00110889435746,0.000342701969203,0.00139484880492,-0.00123337341938,0.000220228233957],[-0.000291566975648,0.00153534975834,-0.00172144756652,-0.000591140647884,0.000503671879414,0.00920968782157,-0.00126028258819,0.000125732141896,0.00110280804802,-0.00166041660123,-0.00216206419282,0.00258172187023,-0.000450173829449],[0.000374189694412,-0.00142395985313,-0.0000728866361897,-0.00150294648483,0.000133240057039,-0.00126028258819,0.00689487159252,-0.000561039429158,0.00143599521834,-0.00114797777496,0.00014915408974,-0.00150197406765,0.000140550677315],[-0.000475657347124,0.00150045554619,0.0000206107906706,0.00252898782492,-0.00160566589329,0.000125732141896,-0.000561039429158,0.0129860220477,-0.00511296512559,0.00121543405112,-0.000552499550395,-0.00198252918199,0.00155246059876],[0.000586936250329,-0.00109216186684,0.00157768756617,-0.00259409658611,-0.00110889435746,0.00110280804802,0.00143599521834,-0.00511296512559,0.0171293206513,-0.00422277115285,-0.000926333828829,0.00306580448523,-0.00193274312187],[-0.000309861556161,0.00100876577199,-0.000293773045996,0.00157357379794,0.000342701969203,-0.00166041660123,-0.00114797777496,0.00121543405112,-0.00422277115285,0.0126429870725,-0.00126261101104,0.000921191240195,-0.00270519475453],[0.000436931906734,-0.0021092586685,0.000883312663063,0.000559257925488,0.00139484880492,-0.00216206419282,0.00014915408974,-0.000552499550395,-0.000926333828829,-0.00126261101104,0.0173607468605,-0.00730061950162,0.00140653329436],[-0.000456498004496,0.00145523180254,-0.00112061621621,0.00141594687011,-0.00123337341938,0.00258172187023,-0.00150197406765,-0.00198252918199,0.00306580448523,0.000921191240195,-0.00730061950162,0.0248184297234,-0.00436025578529],[0.000194039181224,-0.00110570981633,-0.000448716367828,-0.000903954205569,0.000220228233957,-0.000450173829449,0.000140550677315,0.00155246059876,-0.00193274312187,-0.00270519475453,0.00140653329436,-0.00436025578529,0.0147499339655]],"mean":[-13.0181665421,83.6444702148,-100.604423523,38.9535903931,-51.7993278503,7.06225681305,-35.1373214722,10.8206701279,-20.0309066772,7.84537124634,-9.74838066101,3.96649169922,-10.1594371796]},"hfc":{"dmean":8.56865978241,"dmean2":12.5547227859,"dvar":263.848876953,"dvar2":593.737854004,"max":593.625732422,"mean":22.4821605682,"median":17.8136978149,"min":1.08314589593e-16,"var":561.859436035},"melbands":{"dmean":[0.00131733017042,0.0017854218604,0.00102959293872,0.00042511097854,0.000375468604034,0.000242049776716,0.000192972584045,0.00012698257342,0.0000906523273443,0.0000494150262966,0.0000418140916736,0.0000261032910203,0.0000230586720136,0.0000353044561052,0.000025230612664,0.000018354936401,0.0000171497413248,0.000019604971385,0.0000181213945325,0.0000144482573887,0.0000151333770191,0.000015598765458,0.00000904352054931,0.0000101404984889,0.0000147225455294,0.0000131936067191,0.0000111266117528,0.00000699168731444,0.00000627475674264,0.00000479653363072,0.00000375790136786,0.00000337210394719,0.0000027009095902,0.00000190435309833,0.00000203135186894,0.00000222739640776,0.00000184049406471,0.000001084022756,9.54708184508e-7,6.80817549892e-7],"dmean2":[0.00217049266212,0.00295921065845,0.00179898785427,0.000703803729266,0.000614768185187,0.000395955488784,0.000304155546473,0.000198739464395,0.000141036420246,0.000080511548731,0.0000681491073919,0.0000422997400165,0.0000375524505216,0.0000557354178454,0.0000415946524299,0.000029550792533,0.0000280632411886,0.0000320235376421,0.0000297117076116,0.0000236919695453,0.0000245272422035,0.0000258465443039,0.0000148293665916,0.0000167777616298,0.0000245140909101,0.0000217389533645,0.0000187397181435,0.0000118705747809,0.000010875622138,0.00000801252554083,0.00000590405306866,0.00000527896600033,0.00000426203177994,0.00000294949063573,0.00000318018373946,0.00000337535857398,0.00000261412446889,0.00000153465373387,0.00000139411417877,9.31534827942e-7],"dvar":[0.00000519933746546,0.0000122904475575,0.00000589413230045,5.50167897018e-7,3.50700304352e-7,1.40828319672e-7,1.38363219548e-7,6.12112813769e-8,2.75586291565e-8,8.02698441049e-9,5.65388358353e-9,3.08747583055e-9,1.48489265328e-9,3.38740124839e-9,2.05153272148e-9,1.25101629056e-9,1.01783426132e-9,1.73708003537e-9,1.14522080708e-9,5.56337365065e-10,6.86686263407e-10,8.14063094712e-10,2.72545458424e-10,4.05551231486e-10,7.65648044965e-10,8.40550573589e-10,8.57926896192e-10,2.55503701529e-10,2.35073349675e-10,1.06676507905e-10,5.57805676649e-11,4.98897312351e-11,5.61813547073e-11,3.67931796141e-11,1.24856541772e-10,1.63872554415e-10,7.72627725687e-11,2.41872320783e-11,1.0676439767e-11,5.81637732769e-12],"dvar2":[0.0000139620478876,0.0000306941510644,0.000015868607079,0.00000140493114031,8.94834840892e-7,3.71958435608e-7,3.46045936794e-7,1.52352129135e-7,6.49230003091e-8,2.01089189744e-8,1.42526612734e-8,7.21417681149e-9,3.59825125251e-9,7.99102828353e-9,5.30273380761e-9,3.14129233736e-9,2.72136646551e-9,4.85377027459e-9,2.99297631123e-9,1.40949085736e-9,1.71020908546e-9,2.178708991e-9,6.61738108754e-10,1.05530262307e-9,2.04640127066e-9,2.19850981864e-9,2.33734476218e-9,6.94677204649e-10,6.62692845044e-10,2.82705414634e-10,1.26989696536e-10,1.04915798271e-10,1.21460660973e-10,7.75771460959e-11,2.85163864744e-10,3.50870332788e-10,1.36866670775e-10,4.51730909623e-11,1.89249484139e-11,1.03913900054e-11],"max":[0.0260978229344,0.0442397892475,0.0257059000432,0.0163859147578,0.00921639055014,0.00741876568645,0.00892033148557,0.00588727556169,0.0035602140706,0.0018695370527,0.00222337734886,0.00289106462151,0.00101496896241,0.000950061657932,0.000763052026741,0.00104081013706,0.000503001792822,0.000940456404351,0.000882099848241,0.000443193304818,0.000514885527082,0.00048617972061,0.000432473607361,0.000570019241422,0.000475269596791,0.000516660278663,0.000621089828201,0.000248916738201,0.000224114308367,0.000124138561659,0.00014741619816,0.000182356219739,0.000310186704155,0.000229568977375,0.000869870069437,0.000907606619876,0.000307127105771,0.000276734994259,0.000152457272634,0.000128436411615],"mean":[0.00204491568729,0.00263989786617,0.0010599186644,0.000621325278189,0.000622567953542,0.000463358388515,0.000358369725291,0.000244099835982,0.000184249249287,0.000087161490228,0.0000705536876922,0.0000460108785774,0.0000407811821788,0.0000621043072897,0.0000381078898499,0.0000307503069052,0.0000284345715045,0.0000324715329043,0.0000359559162462,0.0000257263473031,0.0000291812975775,0.0000277472026937,0.0000161227053468,0.0000192915704247,0.0000284187517536,0.0000226779575314,0.0000155565558089,0.0000100241941254,0.00000829565851745,0.00000697909717928,0.00000636296681478,0.00000590998797634,0.00000440224721387,0.00000311509393214,0.00000304980767396,0.00000343458827956,0.00000293755851999,0.0000018511681219,0.00000156095529746,0.00000115191460281],"median":[0.00111479265615,0.00129475374706,0.000420780328568,0.000328730442561,0.000363363244105,0.000299145351164,0.000202744442504,0.000101537269074,0.0000857171762618,0.0000460110604763,0.0000400095013902,0.0000214399660763,0.000022963497031,0.0000316747682518,0.0000193733794731,0.0000134092524604,0.0000127909006551,0.0000160151248565,0.0000118640627988,0.000014055885913,0.0000117209419841,0.0000113060123113,0.00000873905810295,0.00000940815880313,0.000011459869711,0.0000106195475382,0.0000063193265305,0.00000430354975833,0.00000302965554511,0.00000279102300738,0.00000250885022979,0.00000231851890931,0.0000016255172568,9.08509719011e-7,8.55219752793e-7,9.06685045265e-7,6.58531121189e-7,5.51899233869e-7,5.76234072014e-7,3.85390308111e-7],"min":[6.39594173153e-25,5.03711304507e-25,9.9975882532e-25,1.12954665879e-24,1.43675216946e-24,1.45237634855e-24,1.09844571899e-24,1.78136743642e-24,1.61129346259e-24,1.35669284556e-24,2.05478938718e-24,2.66625716849e-24,2.17637040483e-24,2.05172347927e-24,2.08553464931e-24,2.42724927472e-24,2.53663233341e-24,2.03359703339e-24,3.57468138238e-24,2.2378674372e-24,4.5771251944e-24,3.21867456953e-24,3.63671898169e-24,3.1342345038e-24,3.31524909091e-24,3.27783696805e-24,3.72991382574e-24,3.66959830979e-24,3.95141729046e-24,4.68925782777e-24,4.65222948574e-24,4.47648941986e-24,4.96064372854e-24,5.25616167326e-24,5.68224438083e-24,4.60695912497e-24,5.38413897234e-24,5.3316532953e-24,5.83685835724e-24,5.32175545753e-24],"var":[0.00000714100815458,0.0000147875534822,0.00000460338378616,7.60642024034e-7,5.89790147387e-7,2.70994632956e-7,2.68129952019e-7,1.58709298148e-7,8.05825237649e-8,1.52026125022e-8,1.08209858851e-8,1.34841631194e-8,3.41975447959e-9,6.80712686218e-9,3.09768855011e-9,3.00397484665e-9,2.00217820101e-9,2.8047280054e-9,3.86743526093e-9,1.11364184541e-9,1.87112081385e-9,1.85789816864e-9,6.06924621671e-10,1.1182340609e-9,1.60187596521e-9,1.22035792582e-9,9.49032297193e-10,2.64857386023e-10,2.13935646975e-10,1.2844972308e-10,9.46742753638e-11,9.2232478599e-11,8.60403831515e-11,5.60613083733e-11,1.41164149814e-10,2.33746355605e-10,1.77919345923e-10,5.6232747625e-11,2.65113729581e-11,1.41678665327e-11]},"melbands_crest":{"dmean":2.85128378868,"dmean2":4.69484710693,"dvar":6.60334968567,"dvar2":17.3495197296,"max":31.6352005005,"mean":12.7875185013,"median":12.422211647,"min":1.53732836246,"var":19.7149219513},"melbands_flatness_db":{"dmean":0.0251967068762,"dmean2":0.0407220497727,"dvar":0.000695911876392,"dvar2":0.00178105488885,"max":0.494618117809,"mean":0.183422997594,"median":0.172568202019,"min":0.00234533683397,"var":0.00490248762071},"melbands_kurtosis":{"dmean":6.29605865479,"dmean2":10.1851501465,"dvar":86.0654754639,"dvar2":212.163894653,"max":217.214324951,"mean":13.3694562912,"median":9.41857337952,"min":-1.92899644375,"var":195.063537598},"melbands_skewness":{"dmean":0.665740132332,"dmean2":1.05764937401,"dvar":0.513040304184,"dvar2":1.21070706844,"max":11.6685094833,"mean":2.91448283195,"median":2.70659041405,"min":-0.505028486252,"var":1.81230986118},"melbands_spread":{"dmean":7.7629737854,"dmean2":12.5552158356,"dvar":116.945259094,"dvar2":253.694473267,"max":265.455383301,"mean":26.6534309387,"median":21.7471694946,"min":1.18920981884,"var":529.62121582},"mfcc":{"cov":[[14430.5898438,163.085678101,35.0510559082,563.956787109,62.9286651611,119.260307312,-63.9401817322,116.012687683,-47.706489563,72.3964233398,-19.2954101562,-73.4979782104,-30.7480602264],[163.085678101,1409.35961914,-146.640319824,126.10269165,80.6646270752,-102.347633362,55.646282196,31.2955875397,5.33611536026,-36.722442627,37.7467956543,41.2320899963,26.8933467865],[35.0510559082,-146.640319824,329.762084961,-55.4986953735,-28.1479969025,72.6998443604,33.0393333435,-19.3254451752,-2.6733956337,-12.7244825363,-18.5904254913,18.3958625793,1.92983841896],[563.956787109,126.10269165,-55.4986953735,270.493896484,4.03507804871,44.8030967712,-5.83733463287,18.1927776337,32.1099662781,12.7851772308,-20.9518051147,2.33230566978,8.10776805878],[62.9286651611,80.6646270752,-28.1479969025,4.03507804871,211.312515259,-36.5857887268,-33.8998680115,12.3827762604,2.50543665886,12.7028017044,-10.6707286835,-14.9841051102,-4.93834018707],[119.260307312,-102.347633362,72.6998443604,44.8030967712,-36.5857887268,175.874435425,43.3662567139,-25.3091526031,18.3023490906,15.0103206635,-12.0819702148,11.1189250946,5.43995952606],[-63.9401817322,55.646282196,33.0393333435,-5.83733463287,-33.8998680115,43.3662567139,118.17665863,19.6466331482,9.5454864502,-21.0336437225,11.666557312,18.5366573334,9.1498260498],[116.012687683,31.2955875397,-19.3254451752,18.1927776337,12.3827762604,-25.3091526031,19.6466331482,105.304771423,-9.69175052643,-11.4556255341,12.8381443024,-4.5492401123,-13.6766290665],[-47.706489563,5.33611536026,-2.6733956337,32.1099662781,2.50543665886,18.3023490906,9.5454864502,-9.69175052643,100.657829285,25.4451179504,-20.8834552765,5.90952777863,22.3593559265],[72.3964233398,-36.722442627,-12.7244825363,12.7851772308,12.7028017044,15.0103206635,-21.0336437225,-11.4556255341,25.4451179504,72.3419876099,10.3115282059,-4.89624500275,-0.568406283855],[-19.2954101562,37.7467956543,-18.5904254913,-20.9518051147,-10.6707286835,-12.0819702148,11.666557312,12.8381443024,-20.8834552765,10.3115282059,81.3270568848,16.8976268768,-4.73466968536],[-73.4979782104,41.2320899963,18.3958625793,2.33230566978,-14.9841051102,11.1189250946,18.5366573334,-4.5492401123,5.90952777863,-4.89624500275,16.8976268768,59.7615432739,18.0251502991],[-30.7480602264,26.8933467865,1.92983841896,8.10776805878,-4.93834018707,5.43995952606,9.1498260498,-13.6766290665,22.3593559265,-0.568406283855,-4.73466968536,18.0251502991,79.8866195679]],"icov":[[0.000078335237049,-0.00000418688114223,-0.0000519099048688,-0.000173081600224,-0.0000103670599856,-0.0000207827542908,0.0000314749631798,-0.0000691252062097,0.0000992057248368,-0.0000798315886641,-0.0000207479279197,0.000102867154055,-0.0000170588446053],[-0.00000418688114223,0.000918106234167,0.000243501548539,-0.000551164674107,-0.000401278142817,0.000700421922375,-0.000760178198107,0.000276326376479,-1.61880038263e-7,0.000372336595319,-0.000344359839801,-0.000507497112267,-0.000101963938505],[-0.0000519099048688,0.000243501548539,0.00386484176852,0.00105207483284,0.00000799995541456,-0.00144595955499,-0.000499120273162,0.00015968453954,0.000194790831301,0.000523956899997,0.00114630383905,-0.00138894666452,0.000211910868529],[-0.000173081600224,-0.000551164674107,0.00105207483284,0.00528687844053,0.000264116650214,-0.00219134497456,0.00131054862868,-0.00150970777031,-0.00119578174781,-0.000133391193231,0.00141864910256,-0.000668669352308,-0.000117384704936],[-0.0000103670599856,-0.000401278142817,0.00000799995541456,0.000264116650214,0.00539899384603,0.00050227495376,0.00130767363589,-0.000887430913281,-0.0000587805370742,-0.00112443661783,0.000978365424089,0.000670308421832,0.000017133756046],[-0.0000207827542908,0.000700421922375,-0.00144595955499,-0.00219134497456,0.00050227495376,0.00902127753943,-0.00413135858253,0.00246555684134,0.000399079144699,-0.00258811027743,0.000988499261439,-0.000718067109119,0.000416060152929],[0.0000314749631798,-0.000760178198107,-0.000499120273162,0.00131054862868,0.00130767363589,-0.00413135858253,0.0128724379465,-0.00331648089923,-0.00249984278344,0.00422038882971,-0.00217726361006,-0.0010657357052,-0.000691760040354],[-0.0000691252062097,0.000276326376479,0.00015968453954,-0.00150970777031,-0.000887430913281,0.00246555684134,-0.00331648089923,0.0117622995749,0.000298532773741,0.00128576287534,-0.00182471307926,0.00103015091736,0.0017855563201],[0.0000992057248368,-1.61880038263e-7,0.000194790831301,-0.00119578174781,-0.0000587805370742,0.000399079144699,-0.00249984278344,0.000298532773741,0.0138178830966,-0.00624779472128,0.00461183208972,-0.001508717658,-0.0028366597835],[-0.0000798315886641,0.000372336595319,0.000523956899997,-0.000133391193231,-0.00112443661783,-0.00258811027743,0.00422038882971,0.00128576287534,-0.00624779472128,0.0195684060454,-0.00593681447208,0.00215426948853,0.000738262955565],[-0.0000207479279197,-0.000344359839801,0.00114630383905,0.00141864910256,0.000978365424089,0.000988499261439,-0.00217726361006,-0.00182471307926,0.00461183208972,-0.00593681447208,0.0171070620418,-0.00562399346381,0.000816232233774],[0.000102867154055,-0.000507497112267,-0.00138894666452,-0.000668669352308,0.000670308421832,-0.000718067109119,-0.0010657357052,0.00103015091736,-0.001508717658,0.00215426948853,-0.00562399346381,0.0215111747384,-0.0040487581864],[-0.0000170588446053,-0.000101963938505,0.000211910868529,-0.000117384704936,0.000017133756046,0.000416060152929,-0.000691760040354,0.0017855563201,-0.0028366597835,0.000738262955565,0.000816232233774,-0.0040487581864,0.0146710565314]],"mean":[-643.851257324,112.826683044,8.79656982422,32.0400428772,6.41618013382,2.48695850372,0.290734618902,1.3596200943,-1.9629380703,1.46881771088,2.75042629242,2.05403447151,3.14269447327]},"pitch_salience":{"dmean":0.0726835429668,"dmean2":0.11955010891,"dvar":0.00452145887539,"dvar2":0.0118686398491,"max":0.868111014366,"mean":0.572953939438,"median":0.581541895866,"min":0.154102757573,"var":0.0129564972594},"silence_rate_20dB":{"dmean":0,"dmean2":0,"dvar":0,"dvar2":0,"max":1,"mean":1,"median":1,"min":1,"var":0},"silence_rate_30dB":{"dmean":0.0134879956022,"dmean2":0.0269784163684,"dvar":0.013306661509,"dvar2":0.0372237600386,"max":1,"mean":0.991907954216,"median":1,"min":0,"var":0.00802747532725},"silence_rate_60dB":{"dmean":0.0129484757781,"dmean2":0.0258992798626,"dvar":0.012781009078,"dvar2":0.0322435162961,"max":1,"mean":0.0805610492826,"median":0,"min":0,"var":0.0740715190768},"spectral_centroid":{"dmean":293.446685791,"dmean2":470.412109375,"dvar":102686.273438,"dvar2":241957.828125,"max":11828.8662109,"mean":1768.6796875,"median":1563.68432617,"min":284.280090332,"var":2288178.25},"spectral_complexity":{"dmean":4.67125272751,"dmean2":7.09037780762,"dvar":34.9434204102,"dvar2":71.8364334106,"max":64,"mean":20.6916923523,"median":20,"min":0,"var":135.385864258},"spectral_contrast_coeffs":{"dmean":[0.0483324229717,0.0441814772785,0.0343573242426,0.0293294116855,0.0227683112025,0.0176162179559],"dmean2":[0.0794320181012,0.0726086348295,0.0563503392041,0.0482701696455,0.0373856909573,0.0280329305679],"dvar":[0.00164706539363,0.00123903108761,0.000744031043723,0.000597482372541,0.000507051008753,0.000348652887624],"dvar2":[0.0044371727854,0.00334783433937,0.00197393842973,0.00153500935994,0.00118140073027,0.000744400022086],"max":[-0.383918881416,-0.492886900902,-0.538558542728,-0.58006131649,-0.530174314976,-0.57139903307],"mean":[-0.68139654398,-0.738311350346,-0.797007381916,-0.788387537003,-0.78149408102,-0.7629160285],"median":[-0.680733680725,-0.738692820072,-0.798777461052,-0.790973424911,-0.789588093758,-0.75772190094],"min":[-0.978434085846,-0.979957938194,-0.975530862808,-0.974021196365,-0.96873664856,-0.965557873249],"var":[0.0063893920742,0.00482438411564,0.00296094664373,0.00338848913088,0.00388302328065,0.00272097950801]},"spectral_contrast_valleys":{"dmean":[0.416641801596,0.332374632359,0.334960579872,0.308769822121,0.308269351721,0.284949839115],"dmean2":[0.67734670639,0.544117093086,0.538251280785,0.489419698715,0.463704943657,0.368472695351],"dvar":[0.145022258162,0.0872348546982,0.106063403189,0.124627992511,0.172723338008,0.139698535204],"dvar2":[0.339617580175,0.216029718518,0.238256722689,0.263999134302,0.375586807728,0.265841215849],"max":[-5.06328773499,-4.73459434509,-5.26857328415,-5.73703193665,-5.25749874115,-6.98481082916],"mean":[-7.33918857574,-6.95959806442,-7.7570438385,-8.15647983551,-7.87168645859,-10.3488521576],"median":[-6.76493549347,-6.37560462952,-7.19115257263,-7.54538345337,-7.27232408524,-9.71196556091],"min":[-28.3586292267,-28.2220020294,-27.8032989502,-27.7311038971,-27.5463371277,-27.4225311279],"var":[9.88082885742,10.068104744,9.34170722961,9.1222448349,9.57601451874,8.11215209961]},"spectral_decrease":{"dmean":3.10328096553e-9,"dmean2":4.98719421316e-9,"dvar":2.51275434002e-17,"dvar2":5.9884799237e-17,"max":1.61615314063e-28,"mean":-7.17137149664e-9,"median":-5.71733593802e-9,"min":-5.60411734796e-8,"var":3.90736695615e-17},"spectral_energy":{"dmean":0.0122698415071,"dmean2":0.0196106210351,"dvar":0.000384746817872,"dvar2":0.000914802832995,"max":0.215399712324,"mean":0.0291056223214,"median":0.0235282853246,"min":9.85977560516e-21,"var":0.000616551202256},"spectral_energyband_high":{"dmean":0.000699209980667,"dmean2":0.00101823930163,"dvar":0.00000296015673484,"dvar2":0.00000628921543466,"max":0.0745064616203,"mean":0.00129437807482,"median":0.000566764385439,"min":6.9123226719e-21,"var":0.00000573897614231},"spectral_energyband_low":{"dmean":0.008450335823,"dmean2":0.0139189092442,"dvar":0.000236806037719,"dvar2":0.000586481473874,"max":0.194486677647,"mean":0.0134405633435,"median":0.00742203276604,"min":1.11105528585e-23,"var":0.000304694432998},"spectral_energyband_middle_high":{"dmean":0.00147208652925,"dmean2":0.00234024599195,"dvar":0.00000508703487867,"dvar2":0.0000127327084556,"max":0.0312459077686,"mean":0.00431509083137,"median":0.00349200610071,"min":1.1155599877e-21,"var":0.0000145058929775},"spectral_energyband_middle_low":{"dmean":0.00526383146644,"dmean2":0.00864402670413,"dvar":0.000077723270806,"dvar2":0.000197057350306,"max":0.124696418643,"mean":0.0112214302644,"median":0.00873589050025,"min":1.40684721774e-22,"var":0.000109210974188},"spectral_entropy":{"dmean":0.13418969512,"dmean2":0.206571906805,"dvar":0.0267917159945,"dvar2":0.0569984987378,"max":9.82501792908,"mean":7.7630739212,"median":7.7811088562,"min":5.5432767868,"var":0.243437305093},"spectral_flux":{"dmean":0.0279376916587,"dmean2":0.0438279807568,"dvar":0.00155275384896,"dvar2":0.00338030606508,"max":0.412358731031,"mean":0.0840845778584,"median":0.0719648525119,"min":6.10420464175e-11,"var":0.00311894854531},"spectral_kurtosis":{"dmean":1.26960015297,"dmean2":2.12044978142,"dvar":11.4307661057,"dvar2":29.7585086823,"max":83.6907348633,"mean":3.95923733711,"median":3.12571978569,"min":-1.2763967514,"var":27.7189292908},"spectral_rms":{"dmean":0.000981826218776,"dmean2":0.00152887101285,"dvar":0.00000171257079273,"dvar2":0.00000384518489227,"max":0.0144964149222,"mean":0.00483110314235,"median":0.0047910772264,"min":3.10149865859e-12,"var":0.00000505617208546},"spectral_rolloff":{"dmean":607.981445312,"dmean2":1032.05419922,"dvar":868543,"dvar2":1857590.5,"max":19767.4804688,"mean":1897.12878418,"median":1141.25976562,"min":43.06640625,"var":8266327},"spectral_skewness":{"dmean":0.180216640234,"dmean2":0.289643198252,"dvar":0.0873775482178,"dvar2":0.210563912988,"max":7.29917526245,"mean":1.37316298485,"median":1.3638241291,"min":-0.175628662109,"var":0.348521500826},"spectral_spread":{"dmean":429547.25,"dmean2":601683.125,"dvar":376003592192,"dvar2":646920536064,"max":43397124,"mean":5726050.5,"median":4892241,"min":905520.6875,"var":29303836246000},"spectral_strongpeak":{"dmean":0.326672017574,"dmean2":0.5663869977,"dvar":0.463230073452,"dvar2":1.30385529995,"max":12.0323791504,"mean":0.534353196621,"median":0.33060002327,"min":0,"var":0.518698394299},"zerocrossingrate":{"dmean":0.0101890126243,"dmean2":0.0122168231755,"dvar":0.000160278723342,"dvar2":0.000175891822437,"max":0.53955078125,"mean":0.0742699429393,"median":0.0625,"min":0.00341796875,"var":0.00520928110927}},"metadata":{"audio_properties":{"analysis_sample_rate":44100,"bit_rate":0,"codec":"flac","downmix":"mix","equal_loudness":0,"length":258.226654053,"lossless":true,"md5_encoded":"420908515e9620668b5139256be59538","replay_gain":-7.99752807617,"sample_rate":44100},"tags":{"acoustid_id":["66b791d7-22ed-4eb8-a6e0-717d18ed3ba9"],"album":["Music for the Masses"],"albumartist":["Depeche Mode"],"albumartistsort":["Depeche Mode"],"artist":["Depeche Mode"],"artistsort":["Depeche Mode"],"asin":["B000002LCI"],"barcode":["075992561426"],"catalognumber":["9 25614-2"],"composer":["Martin L. Gore"],"composersort":["Gore, Martin L."],"date":["1987-10-06"],"discnumber":["1"],"disctotal":["1"],"engineer":["David Bascombe"],"file_name":"09 Nothing.flac","genre":["Synthpop"],"isrc":["GB0028759000","GBAJH0600236"],"label":["Sire Records"],"language":["eng"],"lyricist":["Martin L. Gore"],"media":["CD"],"musicbrainz_albumartistid":["8538e728-ca0b-4321-b7e5-cff6565dd4c0"],"musicbrainz_albumid":["3f9d1a59-f16f-3408-9731-af829637df56"],"musicbrainz_artistid":["8538e728-ca0b-4321-b7e5-cff6565dd4c0"],"musicbrainz_recordingid":["debd6061-0b84-471f-aa60-74b84a280429"],"musicbrainz_releasegroupid":["e59021bd-1710-3c13-9449-b78560039592"],"musicbrainz_releasetrackid":["b4c26198-a947-3989-99c8-0ec392919db6"],"musicbrainz_workid":["dc1a7daa-675f-3df5-854b-53484c7e154a"],"originaldate":["1987-09-28"],"originalyear":["1987"],"performer":["Dave Gahan (lead vocals)"],"producer":["Daniel Miller","Depeche Mode","David Bascombe"],"releasecountry":["US"],"releasestatus":["official"],"releasetype":["album"],"script":["Latn"],"title":["Nothing"],"totaldiscs":["1"],"totaltracks":["14"],"tracknumber":["9"],"tracktotal":["14"],"work":["Nothing"]},"version":{"essentia":"2.1-beta2","essentia_build_sha":"cead25079874084f62182a551b7393616cd33d87","essentia_git_sha":"v2.1_beta2-1-ge3940c0","extractor":"music 1.0"}},"rhythm":{"beats_count":462,"