{"lowlevel":{"average_loudness":0.83072078228,"barkbands":{"dmean":[0.0000368792243535,0.00115292123519,0.00205730251037,0.00214119628072,0.001403780072,0.000570337055251,0.000733874971047,0.000231742684264,0.000374261697289,0.000262070185272,0.000175815628609,0.000220614630962,0.000307430804241,0.000325963250361,0.000486489967443,0.000346948480001,0.000337710080203,0.000170099112438,0.000239195360336,0.000163014352438,0.0000542291963939,0.0000326559966197,0.0000323446474795,0.0000206089061976,0.0000323597632814,0.0000362057398888,0.0000146588099597],"dmean2":[0.0000550653930986,0.00184965541121,0.00333432876505,0.0035925838165,0.00222254358232,0.000931159651373,0.00125181558542,0.000367210828699,0.000581843487453,0.000386991974665,0.000280865875538,0.000341333943652,0.000479200767586,0.000518960878253,0.000778162037022,0.000556098821107,0.000542043533642,0.000266913237283,0.00037578860065,0.000251552439295,0.0000806814205134,0.0000463606374979,0.0000455296503787,0.0000277120434475,0.0000419811294705,0.0000445488622063,0.0000183383745025],"dvar":[9.49549239238e-9,0.00000959444423643,0.0000274390895356,0.0000202131177502,0.0000067284099714,0.00000149487175349,0.00000414781879954,6.09901917414e-7,0.00000152317375068,0.00000112706368327,3.1556797353e-7,6.64634342229e-7,0.0000020253837647,0.00000250297853199,9.44208181863e-7,4.73991264016e-7,5.18566025676e-7,1.85939441621e-7,3.51393481424e-7,1.42192064345e-7,7.38546201973e-9,3.83780207613e-9,4.52941284479e-9,3.71776565089e-9,4.59628646254e-9,5.91168491937e-9,1.06786179899e-9],"dvar2":[2.04946708493e-8,0.0000212252271012,0.00006905614282,0.0000549597825739,0.00001609503488,0.00000369428357772,0.000011297814126,0.00000127891985358,0.00000306266383632,0.0000020644331471,7.60560908475e-7,0.00000145746037106,0.00000497573046232,0.00000623583628112,0.00000243329895966,0.00000116294984309,0.00000131822707772,4.54543624073e-7,8.76183037235e-7,3.08519133796e-7,1.63804099174e-8,7.35371852301e-9,9.23420362398e-9,7.83837172946e-9,8.25980972508e-9,9.97802107605e-9,1.85485693471e-9],"max":[0.00206216936931,0.0578245446086,0.0738406702876,0.0650885403156,0.0402965955436,0.0212978515774,0.0439603812993,0.0466005578637,0.0415991730988,0.101378038526,0.0247458927333,0.0329926870763,0.0870074927807,0.148411974311,0.028148766607,0.0146847441792,0.0210822615772,0.0234046112746,0.0177849344909,0.0119174029678,0.00200633681379,0.00353852496482,0.00269706384279,0.00416497886181,0.00204546749592,0.00235538673587,0.000493422325235],"mean":[0.0000509749042976,0.00191827968229,0.0031650676392,0.00363012659363,0.0029501398094,0.000844531750772,0.000955685216468,0.000385849940358,0.000548087060452,0.00045183787006,0.000261670938926,0.00033415298094,0.00052668544231,0.000497074273881,0.000949661596678,0.000695681083016,0.000682203506585,0.000351173890522,0.000530567311216,0.000382289057598,0.000127606996102,0.0000755667642807,0.0000703872865415,0.0000445594669145,0.0000617089317529,0.000056163098634,0.0000202228366106],"median":[0.00000563768935535,0.00103933236096,0.00124098616652,0.00171286729164,0.0014349402627,0.000332699681167,0.000211665959796,0.000111365210614,0.000111756336992,0.000103689679236,0.0000568176255911,0.0000705300481059,0.000104333405034,0.000165170044056,0.00049830658827,0.000330048787873,0.000342818995705,0.000169370090589,0.000263195019215,0.000195367800188,0.0000764089272707,0.0000367367392755,0.0000296757061733,0.0000181086943485,0.000023383039661,0.00000966836796579,0.0000015815351162],"min":[1.75994189534e-23,3.92455492003e-23,4.12422729028e-23,1.58499526576e-23,4.86317728157e-23,8.0618763547e-23,7.67044925333e-23,3.58957428741e-23,5.25543678897e-23,1.90615010127e-22,1.06368729661e-22,9.06503227146e-23,6.42499060745e-23,1.66011094825e-22,5.6004687717e-23,1.4883134514e-22,1.57335959896e-22,2.45087193541e-22,2.91844102731e-22,3.97870391028e-22,3.89101564667e-22,4.5247799346e-22,7.07336308474e-22,9.63500320814e-22,1.1954753082e-21,1.79388433973e-21,2.42743784403e-21],"var":[1.52662682495e-8,0.0000125387023218,0.0000315583747579,0.0000278707939287,0.0000173451153387,0.0000021389680569,0.00000527054817212,0.00000215174168261,0.00000379774337489,0.00000628532234259,9.17385250432e-7,0.00000127214161694,0.00000380601818506,0.00000306860420096,0.00000203075728678,0.00000119692958833,0.00000122110384382,3.84146858323e-7,9.21636512885e-7,4.76808878602e-7,2.43413627032e-8,1.19292256073e-8,1.25218173608e-8,9.67991375944e-9,1.21662786512e-8,1.43771474725e-8,2.1757331492e-9]},"barkbands_crest":{"dmean":1.95118820667,"dmean2":3.15727615356,"dvar":3.38944101334,"dvar2":8.51936626434,"max":24.9290828705,"mean":8.35764503479,"median":7.78025913239,"min":1.96680319309,"var":11.6580677032},"barkbands_flatness_db":{"dmean":0.0181072819978,"dmean2":0.0264477469027,"dvar":0.000296986690955,"dvar2":0.000640428042971,"max":0.303307175636,"mean":0.110339522362,"median":0.108422838151,"min":0.00700737209991,"var":0.00186094245873},"barkbands_kurtosis":{"dmean":1.7406386137,"dmean2":2.74756288528,"dvar":9.26362228394,"dvar2":21.4235229492,"max":97.4145126343,"mean":2.06192827225,"median":0.332944273949,"min":-1.90753948689,"var":34.7375144958},"barkbands_skewness":{"dmean":0.484177649021,"dmean2":0.729864120483,"dvar":0.248206913471,"dvar2":0.540108382702,"max":8.51651477814,"mean":1.09050822258,"median":1.04713606834,"min":-6.44841146469,"var":1.54373204708},"barkbands_spread":{"dmean":6.33503341675,"dmean2":9.75146389008,"dvar":53.6165809631,"dvar2":124.03553009,"max":109.830299377,"mean":29.8481731415,"median":28.181728363,"min":1.8434625864,"var":214.248580933},"dissonance":{"dmean":0.0116803273559,"dmean2":0.0199570450932,"dvar":0.000234021747019,"dvar2":0.00064548739465,"max":0.500000119209,"mean":0.479575932026,"median":0.486312747002,"min":0.247869387269,"var":0.000469713122584},"dynamic_complexity":4.25163602829,"erbbands":{"dmean":[0.0321800895035,0.30003708601,1.81215584278,5.15587234497,7.0428314209,3.50092148781,3.59188055992,4.91257715225,11.6662778854,5.90073299408,5.53855800629,8.7407875061,8.90453147888,6.0508313179,7.48282003403,9.44095802307,13.1747179031,16.185503006,18.9511318207,21.2067527771,18.0272979736,14.5901756287,9.97084617615,9.29172897339,12.8460559845,7.77806711197,2.80068874359,1.91913795471,1.295383811,1.05557024479,0.828913092613,0.479477196932,0.3442722857,0.27760463953,0.309164315462,0.141990184784,0.0697958320379,0.0214538797736,0.00255065551028,0.0000898867001524],"dmean2":[0.0468214415014,0.490217208862,2.96580791473,8.54895114899,11.4542665482,5.61169815063,5.79595088959,8.1065788269,20.0352954865,9.44100570679,8.83441638947,13.6599349976,12.9486398697,9.37756824493,11.7410030365,14.730761528,20.2348270416,25.3760356903,30.2508640289,33.431678772,28.7657699585,23.2529067993,15.5693130493,14.6639842987,20.0505561829,12.0347690582,4.20941638947,2.83991074562,1.85130751133,1.47977256775,1.16683018208,0.672097444534,0.459803283215,0.36153793335,0.420379161835,0.181889280677,0.0870293304324,0.0270474236459,0.00319482246414,0.000110201603093],"dvar":[0.00812652055174,0.628938674927,20.5208358765,143.831542969,173.443664551,40.3869934082,55.4731140137,116.005393982,1133.77770996,299.284179688,234.850418091,847.190979004,1302.57800293,450.380065918,650.10748291,1217.05700684,2929.4675293,6510.96386719,1625.83239746,1679.55444336,1344.6060791,796.102050781,657.160888672,444.300262451,1253.78015137,259.452453613,18.5471153259,11.8029317856,5.5654501915,6.0315079689,3.00960278511,2.19173073769,0.845647215843,0.401425629854,0.454104274511,0.101990886033,0.0227791201323,0.0023506488651,0.0000324696738971,3.47336275297e-8],"dvar2":[0.017534436658,1.46574187279,52.0943183899,381.97277832,442.315917969,100.542068481,134.474517822,291.143127441,3134.20239258,675.98638916,504.720611572,1771.47802734,2315.44946289,957.270874023,1556.64685059,2722.74243164,6609.71142578,14151.3144531,3998.59960938,4264.69238281,3442.28637695,1928.87683105,1604.92224121,1132.84790039,3025.95678711,574.061096191,42.7146911621,26.4158687592,11.2124233246,12.8578386307,6.04266881943,4.97325134277,1.67996692657,0.759405434132,0.896136105061,0.186750292778,0.0385186262429,0.00413029268384,0.0000571603413846,5.84482720001e-8],"max":[1.71618855,15.2992658615,66.5479049683,193.306915283,188.244338989,114.359703064,114.064109802,183.206665039,738.069458008,748.307800293,950.78918457,1028.50134277,3521.64379883,1367.6217041,1259.14892578,1365.42932129,2616.55761719,8653.38476562,1641.38354492,1039.03137207,1083.67004395,902.057434082,1512.23120117,656.56427002,1146.6105957,697.605102539,99.3361053467,87.6941375732,103.914718628,176.809890747,59.6553115845,112.132789612,47.5997772217,29.4219055176,18.2162837982,12.3121290207,4.59415531158,0.803705275059,0.0858894661069,0.002501957817],"mean":[0.0450175069273,0.495272159576,2.94870829582,9.27631664276,13.5393810272,6.71547317505,5.44608879089,7.24959897995,14.1636285782,9.94760131836,9.0700340271,13.0425100327,16.9524288177,9.98663520813,11.7005815506,15.2104072571,23.7776794434,26.7808799744,37.6427268982,46.1142921448,41.2536621094,32.5581855774,22.5898647308,21.4954986572,28.1978130341,18.4658622742,7.03208494186,4.37959289551,3.00400686264,2.36170315742,1.79277646542,1.03741967678,0.717401742935,0.549369513988,0.532647073269,0.235246509314,0.103805430233,0.0301587004215,0.00352319143713,0.000144849953358],"median":[0.0115693993866,0.284767478704,1.40174102783,4.45642900467,6.28094768524,3.30379199982,2.62086009979,2.58465886116,3.48134326935,2.59100627899,3.03411865234,2.93309783936,3.94028997421,2.80472826958,2.80387592316,3.77664613724,5.65068149567,9.57578849792,20.8598213196,24.4326705933,21.6473960876,18.1117210388,11.1120834351,11.5725727081,12.7441101074,9.81323051453,4.37952709198,2.53829097748,1.47056114674,1.02369105816,0.781285643578,0.420454114676,0.283839911222,0.205971315503,0.19762185216,0.0593257769942,0.0146029377356,0.00252362596802,0.000304247427266,0.0000407215011364],"min":[1.71081710971e-21,7.14861521492e-21,3.77368034941e-20,6.51234191008e-20,9.44339307964e-20,1.18870106249e-19,2.83471151157e-19,9.92617975835e-19,1.11410040893e-18,9.39009744503e-19,6.88273413058e-19,1.30158203214e-18,3.77292421586e-18,4.72204738072e-18,6.13213017682e-18,3.74884457464e-18,3.40297430434e-18,8.10136638749e-18,4.05952037782e-18,5.80037863881e-18,6.70555328414e-18,9.56479778361e-18,1.38657415766e-17,1.78298053117e-17,1.15596612904e-17,2.09872446997e-17,1.60556005051e-17,1.73166704361e-17,1.38012090811e-17,1.60086083745e-17,2.12965937052e-17,2.36065501596e-17,1.44267941978e-17,1.08601990188e-17,1.01877822445e-17,5.97388266743e-18,3.55931226729e-18,1.41982067646e-18,3.50631702849e-19,3.48168882435e-20],"var":[0.0113169355318,0.751559436321,23.7419281006,189.288330078,352.484130859,87.7948913574,71.7498855591,177.058380127,1093.73144531,901.138977051,795.512817383,2043.26953125,8269.79785156,1107.54992676,1884.7286377,2256.84155273,6925.57714844,9828.796875,3453.50952148,4529.90380859,3578.95703125,2181.48339844,1528.37902832,1127.84912109,3342.47705078,943.378967285,68.9351806641,34.0465316772,17.8415660858,14.855389595,8.27895545959,5.25779485703,2.18387126923,1.02493321896,1.00591492653,0.24854247272,0.0524534732103,0.00473202299327,0.000065749976784,7.7115601016e-8]},"erbbands_crest":{"dmean":2.26096916199,"dmean2":3.64116239548,"dvar":5.28365707397,"dvar2":12.6135845184,"max":31.8376903534,"mean":8.52214336395,"median":7.40210723877,"min":2.2880795002,"var":18.2872619629},"erbbands_flatness_db":{"dmean":0.0179724693298,"dmean2":0.0238595195115,"dvar":0.000311659503495,"dvar2":0.000525697832927,"max":0.380588144064,"mean":0.14547085762,"median":0.138562217355,"min":0.0349516421556,"var":0.00235088355839},"erbbands_kurtosis":{"dmean":0.966333448887,"dmean2":1.52016830444,"dvar":2.11933660507,"dvar2":4.9757733345,"max":43.246055603,"mean":0.741573870182,"median":0.00877237319946,"min":-1.80997669697,"var":6.1653676033},"erbbands_skewness":{"dmean":0.323195427656,"dmean2":0.498441338539,"dvar":0.108183138072,"dvar2":0.24761402607,"max":4.11874914169,"mean":-0.44843223691,"median":-0.487511754036,"min":-4.6821269989,"var":0.666444242001},"erbbands_spread":{"dmean":7.81392669678,"dmean2":11.8662977219,"dvar":62.5672302246,"dvar2":141.695465088,"max":140.048828125,"mean":40.9492759705,"median":39.7157440186,"min":1.86715710163,"var":371.211486816},"gfcc":{"cov":[[10629.2861328,754.902038574,-464.544891357,10.7200069427,303.088409424,19.6185722351,-42.9263916016,53.5243682861,-190.596725464,-100.357963562,-87.0770721436,-169.460296631,-145.975662231],[754.902038574,1380.66662598,-257.495666504,307.319732666,334.002319336,-45.7514686584,91.5281066895,7.86389446259,-47.6021385193,-108.420188904,-50.9226036072,-173.765258789,48.7673339844],[-464.544891357,-257.495666504,924.271728516,68.4502639771,54.8833770752,157.236907959,-2.13188385963,-13.3261127472,13.1641931534,-8.79206466675,-82.6549835205,51.8538475037,-45.4704856873],[10.7200069427,307.319732666,68.4502639771,556.270935059,218.322311401,16.4205799103,-3.40351676941,29.939157486,19.658946991,-53.15467453,-62.6433944702,-105.183006287,26.3796596527],[303.088409424,334.002319336,54.8833770752,218.322311401,451.852111816,-19.1136226654,62.9406433105,27.3573207855,-20.4249744415,-24.6980400085,-70.9751586914,-75.6157531738,-0.118173904717],[19.6185722351,-45.7514686584,157.236907959,16.4205799103,-19.1136226654,258.64630127,56.2278823853,-2.60011410713,0.220288768411,-12.0933094025,8.85571575165,14.0086069107,-12.1438312531],[-42.9263916016,91.5281066895,-2.13188385963,-3.40351676941,62.9406433105,56.2278823853,162.883987427,30.0310096741,-28.5799694061,-5.59575462341,8.98840045929,-10.4071159363,1.19693994522],[53.5243682861,7.86389446259,-13.3261127472,29.939157486,27.3573207855,-2.60011410713,30.0310096741,88.5827102661,29.6433944702,-4.7387342453,-8.10934257507,-4.58079195023,6.3751373291],[-190.596725464,-47.6021385193,13.1641931534,19.658946991,-20.4249744415,0.220288768411,-28.5799694061,29.6433944702,97.9773712158,26.8615646362,-1.8349339962,6.17621469498,4.19692993164],[-100.357963562,-108.420188904,-8.79206466675,-53.15467453,-24.6980400085,-12.0933094025,-5.59575462341,-4.7387342453,26.8615646362,93.1823730469,45.3800697327,23.5046863556,-9.08901405334],[-87.0770721436,-50.9226036072,-82.6549835205,-62.6433944702,-70.9751586914,8.85571575165,8.98840045929,-8.10934257507,-1.8349339962,45.3800697327,102.06325531,43.0694847107,-6.39347219467],[-169.460296631,-173.765258789,51.8538475037,-105.183006287,-75.6157531738,14.0086069107,-10.4071159363,-4.58079195023,6.17621469498,23.5046863556,43.0694847107,99.4682540894,15.6460895538],[-145.975662231,48.7673339844,-45.4704856873,26.3796596527,-0.118173904717,-12.1438312531,1.19693994522,6.3751373291,4.19692993164,-9.08901405334,-6.39347219467,15.6460895538,67.3451538086]],"icov":[[0.000116897470434,-0.0000729639214114,0.0000932845578063,0.0000291088654194,-0.0000430247055192,-0.000121226665215,0.000209953941521,-0.000246052746661,0.00032144060242,-0.0000962719568633,0.000211938197026,-0.0000975800212473,0.000365193554899],[-0.0000729639214114,0.00136297754943,0.0000651053778711,-0.0000622531224508,-0.000710614549462,0.000213883104152,-0.000521420908626,0.000682561600115,-0.000484149262775,0.00148059346247,-0.00142413005233,0.00209418404847,-0.00148656475358],[0.0000932845578063,0.0000651053778711,0.00188343785703,-0.000567121489439,-0.000153044369654,-0.00100358412601,0.0000422232187702,0.000236416366533,0.000314006552799,-0.000724507845007,0.00290300906636,-0.00272560212761,0.00223598559387],[0.0000291088654194,-0.0000622531224508,-0.000567121489439,0.00319262803532,-0.00119438383263,-0.000388228945667,0.00107151316479,-0.000641589518636,-0.000806213589385,0.00131512188818,-0.00176307861693,0.00371550745331,-0.00235858466476],[-0.0000430247055192,-0.000710614549462,-0.000153044369654,-0.00119438383263,0.00383540266193,0.000515188381542,-0.00128984451294,-0.000567744777072,0.00099641433917,-0.00189191813115,0.00269267242402,-0.000766252807807,0.00107836141251],[-0.000121226665215,0.000213883104152,-0.00100358412601,-0.000388228945667,0.000515188381542,0.00529290409759,-0.00254996633157,0.00133797666058,-0.00149807671551,0.00176660576835,-0.00167058163788,0.000107281572127,0.0000790747144492],[0.000209953941521,-0.000521420908626,0.0000422232187702,0.00107151316479,-0.00128984451294,-0.00254996633157,0.00964302755892,-0.00483519304544,0.00414020335302,-0.00103104428854,-0.00139603181742,0.00140667182859,-0.000590798037592],[-0.000246052746661,0.000682561600115,0.000236416366533,-0.000641589518636,-0.000567744777072,0.00133797666058,-0.00483519304544,0.0160664860159,-0.00717950053513,0.00291521218605,-0.00017381174257,-0.000443282071501,-0.000884019827936],[0.00032144060242,-0.000484149262775,0.000314006552799,-0.000806213589385,0.00099641433917,-0.00149807671551,0.00414020335302,-0.00717950053513,0.0162722207606,-0.00672459509224,0.00355124543421,-0.00130160816479,0.000630713358987],[-0.0000962719568633,0.00148059346247,-0.000724507845007,0.00131512188818,-0.00189191813115,0.00176660576835,-0.00103104428854,0.00291521218605,-0.00672459509224,0.0188555475324,-0.0101027488708,0.00301169976592,-0.000922518083826],[0.000211938197026,-0.00142413005233,0.00290300906636,-0.00176307861693,0.00269267242402,-0.00167058163788,-0.00139603181742,-0.00017381174257,0.00355124543421,-0.0101027488708,0.0228487811983,-0.0122540257871,0.00731740472838],[-0.0000975800212473,0.00209418404847,-0.00272560212761,0.00371550745331,-0.000766252807807,0.000107281572127,0.00140667182859,-0.000443282071501,-0.00130160816479,0.00301169976592,-0.0122540257871,0.0249007362872,-0.0114495931193],[0.000365193554899,-0.00148656475358,0.00223598559387,-0.00235858466476,0.00107836141251,0.0000790747144492,-0.000590798037592,-0.000884019827936,0.000630713358987,-0.000922518083826,0.00731740472838,-0.0114495931193,0.0224517844617]],"mean":[-17.6495571136,63.9378890991,-115.723068237,36.3902168274,-36.4808959961,0.723301708698,-43.4016227722,4.22225379944,-27.0498065948,3.63885092735,-25.2726325989,-5.96011972427,-14.2616014481]},"hfc":{"dmean":4.92303276062,"dmean2":6.71359825134,"dvar":47.2242355347,"dvar2":89.6216812134,"max":276.442932129,"mean":18.5339946747,"median":14.3448791504,"min":1.24782987965e-16,"var":273.020324707},"melbands":{"dmean":[0.00029048070428,0.000747472979128,0.000937922508456,0.000364699546481,0.000119555254059,0.00011910989997,0.000165178556927,0.0000575978519919,0.0000479028967675,0.0000558510764677,0.0000446741905762,0.0000248066698987,0.0000241460420511,0.000023288974262,0.0000274980429822,0.0000322182313539,0.0000321928382618,0.0000293532339128,0.0000397577350668,0.0000277266062767,0.0000220277452172,0.0000187854839169,0.0000136064945764,0.00000693562424203,0.00000858628027345,0.0000101309742604,0.00000808238746686,0.00000516661521033,0.00000213769999391,0.00000144337718666,0.00000109697464268,7.93237290964e-7,6.53209156098e-7,6.82748520831e-7,5.88472573781e-7,3.52042405893e-7,2.99658921676e-7,2.51794688211e-7,2.39434115201e-7,2.34534482502e-7],"dmean2":[0.000448863196652,0.00121274765115,0.00153340457473,0.000580874388106,0.00019226007862,0.000196867447812,0.000283324421616,0.0000915678174351,0.0000773571882746,0.0000865311085363,0.0000648122295388,0.0000382548678317,0.0000382198413718,0.0000357270764653,0.0000431091575592,0.0000497968540003,0.0000507966324221,0.0000468886719318,0.0000639505669824,0.0000441327501903,0.0000354549738404,0.0000303117758449,0.0000212363120227,0.0000109741940832,0.0000137324987008,0.0000159818046086,0.0000125601754917,0.0000081277148638,0.00000332334593622,0.00000220347919822,0.00000165194887813,0.0000011590724398,9.68963831838e-7,9.9588919511e-7,8.57775262375e-7,5.14073462909e-7,4.346216258e-7,3.512457738e-7,3.22888297433e-7,3.15013437557e-7],"dvar":[6.5322598175e-7,0.00000354605322173,0.00000402331170335,4.51213651331e-7,5.09978264063e-8,7.03543960867e-8,2.16100886519e-7,3.19949897687e-8,1.64668669811e-8,3.72800030846e-8,3.32981677786e-8,8.64886651186e-9,6.0097318233e-9,6.01378502552e-9,1.24943806412e-8,2.54950354162e-8,2.46386573366e-8,4.51952830716e-9,7.35597138757e-9,2.90689494697e-9,2.49551868059e-9,1.5151720989e-9,1.31408794957e-9,2.20926957284e-10,4.28483692971e-10,8.81597461699e-10,4.82185014139e-10,1.05728155397e-10,1.2610829915e-11,5.53105391349e-12,4.4377682952e-12,2.06042800009e-12,2.08808317859e-12,2.43141227638e-12,1.3749130957e-12,8.2572078515e-13,1.02595915704e-12,4.19260492209e-13,4.89998883482e-13,2.63671544451e-13],"dvar2":[0.00000139455107728,0.00000872098644322,0.0000105201397673,0.0000011074532722,1.21232005768e-7,1.78280998853e-7,5.96811389642e-7,6.97887898582e-8,3.63344732079e-8,7.52406918991e-8,5.88435291604e-8,1.79326455907e-8,1.4493092948e-8,1.32274848852e-8,2.93334512236e-8,5.66511353384e-8,5.3924761545e-8,1.10269651188e-8,1.95040446016e-8,7.09569869528e-9,6.52140075275e-9,3.83171849805e-9,3.05359737496e-9,5.31636179524e-10,1.0927425631e-9,2.11012340934e-9,1.06790720711e-9,2.374455077e-10,3.07241246333e-11,1.27141179529e-11,1.02565959198e-11,4.27943010889e-12,4.85070403983e-12,5.30081274014e-12,2.85387685706e-12,1.82312173171e-12,2.45798628846e-12,8.47417784815e-13,1.02432309596e-12,5.20493370626e-13],"max":[0.0158489290625,0.0281047187746,0.0289191100746,0.00907471496612,0.00385246379301,0.00413798121735,0.0103535810485,0.0096051171422,0.00646040728316,0.00694329058751,0.0182027276605,0.00619435450062,0.00335871311836,0.00266224611551,0.00564856221899,0.0103395255283,0.0161358322948,0.0023292270489,0.00267482199706,0.00127136684023,0.00168407824822,0.00127912964672,0.00139607442543,0.000735215900932,0.000682957819663,0.0012631539721,0.000729432678781,0.000437313778093,0.0000807581527624,0.00005249883543,0.0000599816194153,0.0000630913636996,0.000100879253296,0.0000950126413954,0.0000360579324479,0.0000424863937951,0.0000791784259491,0.0000327061061398,0.000043462136091,0.0000194612293853],"mean":[0.00045736937318,0.00125481828582,0.00175575364847,0.000747496262193,0.000193710860913,0.000172435626155,0.000211018559639,0.000100298166217,0.0000727589213056,0.0000838221385493,0.0000836275576148,0.0000390421664633,0.0000364611951227,0.0000368168621208,0.0000438981660409,0.0000547480340174,0.0000488189944008,0.0000524215611222,0.0000744385251892,0.0000569184885535,0.0000464567601739,0.0000366261410818,0.0000274720659945,0.0000144279147207,0.000017459735318,0.0000202597984753,0.000018012138753,0.0000109147258627,0.0000046147329158,0.00000311576445711,0.0000022488823106,0.00000170774467279,0.00000134845481625,0.00000139210624184,0.00000117284889711,7.11384132046e-7,5.9373996919e-7,5.00515056956e-7,4.63644852289e-7,4.42060809291e-7],"median":[0.000210041645914,0.000665512401611,0.000926480512135,0.000365888583474,0.0000932251641643,0.0000593415279582,0.0000516985965078,0.0000257833889918,0.0000226933880185,0.0000171412648342,0.0000183703486982,0.0000098195123428,0.00000840193752083,0.00000790804188,0.0000088282431534,0.0000117338240671,0.0000151065578393,0.0000263257388724,0.0000362567334378,0.000027155441785,0.0000230707537412,0.0000193154555745,0.0000112149600682,0.00000746168507249,0.00000869132236403,0.00000914310476219,0.00000754741222408,0.00000602715954301,0.00000274685180557,0.00000177946117219,0.00000121415064314,8.15052544567e-7,5.94192101744e-7,5.59623174468e-7,5.02916918776e-7,2.79411125348e-7,2.30817718716e-7,1.91056074073e-7,1.7598384261e-7,1.57951987489e-7],"min":[1.27063932263e-23,1.61192524157e-23,1.15004939037e-23,7.52486528881e-24,9.90116913741e-24,1.97653343875e-23,1.6813184955e-23,9.79961591764e-24,5.39737132516e-24,8.30174970777e-24,2.02248979296e-23,2.0714081621e-23,1.67124505729e-23,1.24112653733e-23,1.09741035878e-23,8.33838125277e-24,1.46498632957e-23,6.28047980932e-24,5.65224084516e-24,9.12417112248e-24,7.80793855832e-24,1.07903163518e-23,1.00730840168e-23,1.17700579302e-23,1.54834399924e-23,7.86213409137e-24,9.91071908753e-24,1.49762481843e-23,1.00522367896e-23,8.42882573327e-24,1.09399837759e-23,7.76838428367e-24,8.05722175981e-24,8.49071187129e-24,1.12151132161e-23,1.57535396555e-23,1.39011396333e-23,9.85081535697e-24,9.33792797311e-24,8.98994091743e-24],"var":[8.88058025339e-7,0.00000425276220994,0.00000582734583077,0.00000106182028503,7.89106451293e-8,1.0058951716e-7,2.31501715575e-7,1.0461551625e-7,4.6148901589e-8,9.5866745653e-8,2.15378761936e-7,2.06989572149e-8,1.69321037191e-8,1.38338052125e-8,2.66164761342e-8,4.75627395247e-8,3.73751873894e-8,8.83578543664e-9,1.45258143291e-8,7.87925102941e-9,5.55467716268e-9,3.31699290257e-9,3.37628502933e-9,5.04394415124e-10,9.32061650083e-10,2.05536831999e-9,1.51334889065e-9,3.20627469019e-10,3.51327369974e-11,1.57980139387e-11,1.10260489974e-11,5.97890617224e-12,4.72318755287e-12,5.66766208618e-12,3.47280602712e-12,1.92228156136e-12,2.18528190335e-12,1.11016295982e-12,9.4904390336e-13,6.68122024719e-13]},"melbands_crest":{"dmean":2.74062561989,"dmean2":4.48619365692,"dvar":6.46664762497,"dvar2":16.6454277039,"max":32.9084510803,"mean":13.3215169907,"median":13.1473121643,"min":1.82353901863,"var":21.8823776245},"melbands_flatness_db":{"dmean":0.0220688916743,"dmean2":0.032832659781,"dvar":0.000484918768052,"dvar2":0.00105532456655,"max":0.425538510084,"mean":0.174504995346,"median":0.173402532935,"min":0.00405124016106,"var":0.00349261797965},"melbands_kurtosis":{"dmean":4.94560050964,"dmean2":7.71311759949,"dvar":63.8187713623,"dvar2":149.958587646,"max":286.289825439,"mean":10.780043602,"median":5.48763513565,"min":-1.81690454483,"var":332.235717773},"melbands_skewness":{"dmean":0.654215276241,"dmean2":0.990455746651,"dvar":0.44578948617,"dvar2":0.988757550716,"max":13.3173513412,"mean":2.50725436211,"median":2.32062745094,"min":-2.67368173599,"var":3.09475445747},"melbands_spread":{"dmean":9.21764087677,"dmean2":14.1492805481,"dvar":136.963439941,"dvar2":290.378356934,"max":253.72454834,"mean":34.5552520752,"median":28.5113258362,"min":1.22183859348,"var":612.928344727},"mfcc":{"cov":[[8510.7109375,905.819946289,-493.448059082,208.297836304,313.811706543,-74.8747406006,217.679489136,-29.1215133667,-3.45304226875,146.961853027,-115.560783386,-65.5953826904,-49.7989730835],[905.819946289,1044.87561035,-277.828033447,245.196411133,123.770492554,36.7114830017,128.781021118,15.240032196,61.3285713196,33.8307571411,-47.2086296082,-48.3581542969,-27.5341758728],[-493.448059082,-277.828033447,761.49786377,-122.376350403,36.3477287292,121.669319153,-23.0826244354,64.5558547974,10.8356313705,-31.2381534576,24.7668075562,6.38321065903,-16.5472068787],[208.297836304,245.196411133,-122.376350403,530.412353516,223.393051147,32.0124092102,54.9735374451,9.08280849457,102.277755737,58.6743888855,-28.2258911133,-47.060382843,-2.05199027061],[313.811706543,123.770492554,36.3477287292,223.393051147,297.579162598,79.1408920288,26.7335777283,33.2045097351,74.365524292,52.60729599,-19.5096549988,-33.7137870789,-15.0340452194],[-74.8747406006,36.7114830017,121.669319153,32.0124092102,79.1408920288,176.236663818,76.1396942139,37.7706069946,27.5565509796,16.6208534241,14.4229154587,-7.64681053162,-16.5768985748],[217.679489136,128.781021118,-23.0826244354,54.9735374451,26.7335777283,76.1396942139,188.409393311,51.8772087097,18.0951423645,20.9405918121,5.48614168167,-3.89615678787,-8.57892513275],[-29.1215133667,15.240032196,64.5558547974,9.08280849457,33.2045097351,37.7706069946,51.8772087097,110.990936279,43.0807380676,8.12540149689,-0.493813544512,-7.13023471832,-13.0902614594],[-3.45304226875,61.3285713196,10.8356313705,102.277755737,74.365524292,27.5565509796,18.0951423645,43.0807380676,113.56502533,40.7664260864,-10.768157959,-20.4822559357,-12.0925712585],[146.961853027,33.8307571411,-31.2381534576,58.6743888855,52.60729599,16.6208534241,20.9405918121,8.12540149689,40.7664260864,85.3579025269,17.3810119629,-8.84856319427,-4.20367765427],[-115.560783386,-47.2086296082,24.7668075562,-28.2258911133,-19.5096549988,14.4229154587,5.48614168167,-0.493813544512,-10.768157959,17.3810119629,70.8265075684,30.2563304901,3.32546401024],[-65.5953826904,-48.3581542969,6.38321065903,-47.060382843,-33.7137870789,-7.64681053162,-3.89615678787,-7.13023471832,-20.4822559357,-8.84856319427,30.2563304901,78.7047042847,31.8973655701],[-49.7989730835,-27.5341758728,-16.5472068787,-2.05199027061,-15.0340452194,-16.5768985748,-8.57892513275,-13.0902614594,-12.0925712585,-4.20367765427,3.32546401024,31.8973655701,75.0327377319]],"icov":[[0.000150163832586,-0.0000951336987782,0.0000241171255766,0.0000904239423107,-0.000218285436858,0.000198221459868,-0.000192331674043,0.0000727575825294,0.000192705643713,-0.000284338922938,0.000251599791227,-0.0000775273947511,0.000100237157312],[-0.0000951336987782,0.00135269027669,0.000411076907767,-0.000321114755934,-0.0000874735487741,-0.000251299032243,-0.000590253097471,0.000121758508612,-0.000362625170965,0.000372753565898,0.000321072846418,0.000158381459187,0.000276710838079],[0.0000241171255766,0.000411076907767,0.00192607950885,0.000404362101108,-0.000439004070358,-0.00135177269112,0.000589768926147,-0.000831787532661,-0.000268195610261,0.00092833180679,-0.00043508343515,0.000153521468746,0.000101194134913],[0.0000904239423107,-0.000321114755934,0.000404362101108,0.00358392880298,-0.00241995160468,0.000712012406439,-0.000999698415399,0.00120728195179,-0.00197679712437,0.000199885267648,-0.000253158214036,0.0010237346869,-0.000833258207422],[-0.000218285436858,-0.0000874735487741,-0.000439004070358,-0.00241995160468,0.00678027793765,-0.00268293078989,0.00163712934591,-0.00111987208948,-0.00044184862054,-0.00213012285531,0.00151453458238,-0.0000305323956127,0.000172947882675],[0.000198221459868,-0.000251299032243,-0.00135177269112,0.000712012406439,-0.00268293078989,0.00976636726409,-0.00400045933202,0.0005089189508,-0.000633345684037,0.000232191057876,-0.00188562867697,0.00044948499999,0.000815622508526],[-0.000192331674043,-0.000590253097471,0.000589768926147,-0.000999698415399,0.00163712934591,-0.00400045933202,0.00876867212355,-0.00401051016524,0.00156295683701,-0.00134094059467,0.0000308219860017,-0.00049748114543,-0.000107535051939],[0.0000727575825294,0.000121758508612,-0.000831787532661,0.00120728195179,-0.00111987208948,0.0005089189508,-0.00401051016524,0.0135597363114,-0.00551558751613,0.00173470564187,-0.000360667821951,0.0000397101357521,0.000945071573369],[0.000192705643713,-0.000362625170965,-0.000268195610261,-0.00197679712437,-0.00044184862054,-0.000633345684037,0.00156295683701,-0.00551558751613,0.0158534776419,-0.00659983046353,0.00328390882351,-0.000172503583599,0.000982660101727],[-0.000284338922938,0.000372753565898,0.00092833180679,0.000199885267648,-0.00213012285531,0.000232191057876,-0.00134094059467,0.00173470564187,-0.00659983046353,0.0187017004937,-0.00782548263669,0.00304929655977,-0.0010332884267],[0.000251599791227,0.000321072846418,-0.00043508343515,-0.000253158214036,0.00151453458238,-0.00188562867697,0.0000308219860017,-0.000360667821951,0.00328390882351,-0.00782548263669,0.0216256435961,-0.00877793692052,0.00287339556962],[-0.0000775273947511,0.000158381459187,0.000153521468746,0.0010237346869,-0.0000305323956127,0.00044948499999,-0.00049748114543,0.0000397101357521,-0.000172503583599,0.00304929655977,-0.00877793692052,0.0202475935221,-0.00796368066221],[0.000100237157312,0.000276710838079,0.000101194134913,-0.000833258207422,0.000172947882675,0.000815622508526,-0.000107535051939,0.000945071573369,0.000982660101727,-0.0010332884267,0.00287339556962,-0.00796368066221,0.0172211360186]],"mean":[-664.902282715,103.148925781,-17.1416797638,37.8666152954,15.8378925323,6.08051347733,-4.35456848145,-4.03056716919,0.363472521305,3.8034222126,-5.0979475975,-7.42722892761,-0.847432136536]},"pitch_salience":{"dmean":0.0576343946159,"dmean2":0.0926606357098,"dvar":0.00261918152682,"dvar2":0.00656759273261,"max":0.8727196455,"mean":0.582862377167,"median":0.586978077888,"min":0.13942989707,"var":0.0103908637539},"silence_rate_20dB":{"dmean":0,"dmean2":0,"dvar":0,"dvar2":0,"max":1,"mean":1,"median":1,"min":1,"var":0},"silence_rate_30dB":{"dmean":0.00438890559599,"dmean2":0.00877834670246,"dvar":0.00436978694052,"dvar2":0.0122363287956,"max":1,"mean":0.996891379356,"median":1,"min":0,"var":0.00309934141114},"silence_rate_60dB":{"dmean":0.0320633947849,"dmean2":0.0641307011247,"dvar":0.0310393813998,"dvar2":0.0651331841946,"max":1,"mean":0.15226136148,"median":0,"min":0,"var":0.129084870219},"spectral_centroid":{"dmean":271.467041016,"dmean2":416.524780273,"dvar":96759.7734375,"dvar2":208467.890625,"max":11053.5419922,"mean":1748.47851562,"median":1682.80383301,"min":213.435134888,"var":497493.28125},"spectral_complexity":{"dmean":3.74166417122,"dmean2":5.27115345001,"dvar":16.830373764,"dvar2":27.8257293701,"max":57,"mean":18.7241859436,"median":18,"min":0,"var":128.972549438},"spectral_contrast_coeffs":{"dmean":[0.0499255768955,0.0461246706545,0.0363948792219,0.0310358013958,0.0201078150421,0.0172483548522],"dmean2":[0.081508718431,0.0765164270997,0.0593717619777,0.0497261211276,0.0325131379068,0.0261986143887],"dvar":[0.00186798057985,0.00146774190944,0.000931932707317,0.000672548601869,0.000279291794868,0.000251106132055],"dvar2":[0.00455836718902,0.00386327458546,0.00231427676044,0.00161881395616,0.000682679819874,0.000532063364517],"max":[-0.337519794703,-0.391244828701,-0.411954045296,-0.488518357277,-0.547476947308,-0.559713840485],"mean":[-0.624137759209,-0.758580505848,-0.791346490383,-0.759437143803,-0.785222709179,-0.762092649937],"median":[-0.614343523979,-0.769363284111,-0.804186344147,-0.761212229729,-0.787414908409,-0.763897538185],"min":[-0.977272391319,-0.969926476479,-0.964442312717,-0.963451445103,-0.963019549847,-0.960085332394],"var":[0.00722760567442,0.00585274770856,0.00527655798942,0.00436041969806,0.00228356500156,0.00150704407133]},"spectral_contrast_valleys":{"dmean":[0.425810575485,0.409678131342,0.366263896227,0.292612761259,0.223423659801,0.293198645115],"dmean2":[0.681397140026,0.65695899725,0.574819862843,0.437821775675,0.317009598017,0.326248586178],"dvar":[0.186663910747,0.176324486732,0.156689122319,0.107163704932,0.0690724104643,0.109436042607],"dvar2":[0.370983988047,0.370152324438,0.307663142681,0.188006177545,0.105373963714,0.155761405826],"max":[-5.13582086563,-4.66574907303,-5.57490634918,-5.63048505783,-5.50041675568,-7.76040840149],"mean":[-7.72207069397,-7.23359012604,-7.87284231186,-7.6903629303,-7.4263048172,-10.3228759766],"median":[-7.3136677742,-7.04841041565,-7.70357942581,-7.47108364105,-7.16112852097,-10.1275615692],"min":[-26.8281898499,-27.1074848175,-27.3597202301,-27.2623023987,-27.2478065491,-27.2390117645],"var":[1.7283411026,1.23135769367,1.22197246552,1.18544650078,1.10628414154,1.09831595421]},"spectral_decrease":{"dmean":1.85644011275e-9,"dmean2":2.87483925554e-9,"dvar":1.23350570879e-17,"dvar2":2.85455562617e-17,"max":9.36467917101e-12,"mean":-5.00417263183e-9,"median":-3.96246591094e-9,"min":-4.6009247967e-8,"var":2.43623450853e-17},"spectral_energy":{"dmean":0.0073454612866,"dmean2":0.0112935006618,"dvar":0.000185596203664,"dvar2":0.000427281920565,"max":0.179679438472,"mean":0.0205679852515,"median":0.0165731012821,"min":1.12295390397e-20,"var":0.000385228311643},"spectral_energyband_high":{"dmean":0.000228551973123,"dmean2":0.000286136666546,"dvar":1.20594734199e-7,"dvar2":1.93879117205e-7,"max":0.0103579703718,"mean":0.000609242182691,"median":0.000381819612812,"min":7.96162066596e-21,"var":4.93415086567e-7},"spectral_energyband_low":{"dmean":0.00369655597024,"dmean2":0.00589694967493,"dvar":0.0000893400065252,"dvar2":0.000212564118556,"max":0.142708361149,"mean":0.00717796524987,"median":0.00399489887059,"min":9.78307807985e-23,"var":0.000124053025502},"spectral_energyband_middle_high":{"dmean":0.00163503899239,"dmean2":0.00244043185376,"dvar":0.00000799537883722,"dvar2":0.0000168312108144,"max":0.166160613298,"mean":0.00542083475739,"median":0.00355192599818,"min":1.67582904597e-21,"var":0.0000387157524528},"spectral_energyband_middle_low":{"dmean":0.00429648673162,"dmean2":0.00689046131447,"dvar":0.0000547512318008,"dvar2":0.000138638031785,"max":0.102965913713,"mean":0.00955205224454,"median":0.00673879496753,"min":3.41024569327e-22,"var":0.00010362881585},"spectral_entropy":{"dmean":0.12589238584,"dmean2":0.175944328308,"dvar":0.0154536701739,"dvar2":0.0301508158445,"max":9.81168270111,"mean":7.69540643692,"median":7.70091247559,"min":5.99768972397,"var":0.126269176602},"spectral_flux":{"dmean":0.0212912950665,"dmean2":0.0336102135479,"dvar":0.000984648708254,"dvar2":0.0023966585286,"max":0.415013253689,"mean":0.0674539133906,"median":0.0578325875103,"min":1.05969517883e-10,"var":0.00217189034447},"spectral_kurtosis":{"dmean":1.18765211105,"dmean2":1.95437538624,"dvar":1.92975831032,"dvar2":5.35845088959,"max":29.5211029053,"mean":4.83754444122,"median":4.53008842468,"min":-1.13101553917,"var":5.51176452637},"spectral_rms":{"dmean":0.00071591057349,"dmean2":0.0010561759118,"dvar":0.00000110870018943,"dvar2":0.00000232263414546,"max":0.0132399778813,"mean":0.00396220944822,"median":0.00402105459943,"min":3.30993175576e-12,"var":0.00000436725940745},"spectral_rolloff":{"dmean":618.321533203,"dmean2":975.695678711,"dvar":1231692.5,"dvar2":2467112,"max":19035.3515625,"mean":2255.21875,"median":1959.52148438,"min":86.1328125,"var":4212686.5},"spectral_skewness":{"dmean":0.179370671511,"dmean2":0.276768237352,"dvar":0.0347675196826,"dvar2":0.0822729170322,"max":3.44620323181,"mean":1.47222566605,"median":1.46590685844,"min":-0.0517680346966,"var":0.129933327436},"spectral_spread":{"dmean":559195.25,"dmean2":728049.9375,"dvar":442642432000,"dvar2":784538140672,"max":39762644,"mean":4622711.5,"median":4359845,"min":1101570.375,"var":2712970723330},"spectral_strongpeak":{"dmean":0.567856729031,"dmean2":0.970103025436,"dvar":1.21363377571,"dvar2":3.00700449944,"max":19.2576465607,"mean":0.960165917873,"median":0.394037127495,"min":0,"var":2.38739061356},"zerocrossingrate":{"dmean":0.0131759447977,"dmean2":0.0144048025832,"dvar":0.000294373894576,"dvar2":0.000311030482408,"max":0.49609375,"mean":0.0866818279028,"median":0.07568359375,"min":0.005859375,"var":0.00260754581541}},"metadata":{"audio_properties":{"analysis_sample_rate":44100,"bit_rate":0,"codec":"flac","downmix":"mix","equal_loudness":0,"length":380.906677246,"lossless":true,"md5_encoded":"a41988412de4c5a14696717ee961fbdd","replay_gain":-9.31295776367,"sample_rate":44100},"tags":{"album":["Boxed Set"],"albumartist":["Led Zeppelin"],"albumartistsort":["Led Zeppelin"],"artist":["Led Zeppelin"],"artistsort":["Led Zeppelin"],"asin":["B000002IQ1"],"barcode":["075678214424"],"catalognumber":["7 82144-2"],"date":["1990-10-08"],"discnumber":["3"],"disctotal":["4"],"file_name":"03-03 For Your Life.flac","genre":["Hard rock / Heavy metal / Blues-rock / Folk rock"],"label":["Atlantic"],"media":["CD"],"musicbrainz_albumartistid":["678d88b2-87b0-403b-b63d-5da7465aecc3"],"musicbrainz_albumid":["e53120aa-ef15-491d-ad39-8ef159a6ca6b"],"musicbrainz_artistid":["678d88b2-87b0-403b-b63d-5da7465aecc3"],"musicbrainz_recordingid":["decb7c06-25a5-42ad-9fc2-4b84dd7d2a0f"],"musicbrainz_releasegroupid":["92d5e425-6dff-34d7-8edf-0c82156b46b0"],"originaldate":["1990-10-08"],"releasecountry":["US"],"releasestatus":["official"],"releasetype":["album","compilation"],"script":["Latn"],"title":["For Your Life"],"totaldiscs":["4"],"totaltracks":["10"],"tracknumber":["3"],"tracktotal":["10"]},"version":{"essentia":"2.1-beta1","essentia_build_sha":"ca57ba49d9b1854bd80e60cf9ccf267278fb7d6b","essentia_git_sha":"v2.1_beta1-28-g21ef5f4-dirty","extractor":"music 1.0"}},"rhythm":{"beats_count":579,"beats_loudness":{"dmean":0.0230997242033,"dmean2":0.0415778495371,"dvar":0.0003877406416,"dvar2":0.00121472566389,"max":0.11806409806,"mean":0.0327894240618,"median":0.02733053267,"min":5.93664033488e-8,"var":0.000496121821925},"beats_loudness_band_ratio":{"dmean":[0.385718971491,0.146150425076,0.127125158906,0.0777005180717,0.089360460639,0.12798564136],"dmean2