{"lowlevel":{"average_loudness":0.893423199654,"barkbands":{"dmean":[0.00012499607692,0.00395310577005,0.00164243136533,0.000711230619345,0.000698180869222,0.000369582907297,0.000374065217329,0.000314168224577,0.000440109404735,0.000324146298226,0.000227311058552,0.000212153085158,0.000383464066545,0.000455945148133,0.000379065226298,0.000365673360648,0.000551350705791,0.000337946752552,0.000363075174391,0.000283150147879,0.000225678755669,0.00019877118757,0.000139820083859,0.000133892099257,0.000149767103721,0.000102480393252,0.0000147886294144],"dmean2":[0.00019202978001,0.00637756660581,0.00296887313016,0.00120422104374,0.00119926512707,0.000607847759966,0.000642730621621,0.000486559758428,0.000695403316058,0.000501307251398,0.000321286584949,0.00032319696038,0.000587429560255,0.000683795136865,0.000599173945375,0.000561164866667,0.000870052492246,0.000537997286301,0.000575507176109,0.000457641785033,0.000372536160285,0.000312699354254,0.000224838964641,0.000209585559787,0.000229548473726,0.000158618990099,0.0000234009239648],"dvar":[4.50263826224e-8,0.0000615494718659,0.0000134517686092,0.00000167317091382,0.0000020993356884,0.00000111724637009,0.00000245130149779,0.00000116819467166,0.00000269433871836,0.00000203490185413,4.20679555191e-7,2.69305132861e-7,8.94121853889e-7,0.00000114531428608,9.7046040537e-7,4.51281522373e-7,0.00000152696236455,3.92519893921e-7,3.69983638393e-7,3.08008822003e-7,2.41125093225e-7,1.72729500036e-7,1.88598903605e-7,2.44118979253e-7,1.83653170893e-7,5.99050977712e-8,1.18922416359e-9],"dvar2":[1.0108713866e-7,0.00014758243924,0.0000388279258914,0.00000464064532935,0.0000058355285546,0.00000300891952065,0.0000069236825766,0.00000278892412098,0.00000679427148498,0.00000475267370348,7.76627302912e-7,5.86357373322e-7,0.00000204179377761,0.000002318120778,0.00000227431451094,0.0000010155538348,0.00000381484869649,9.48142542256e-7,8.88661816134e-7,7.4501213021e-7,6.22241770998e-7,4.08667801821e-7,4.96916186421e-7,6.70263318625e-7,4.87786792291e-7,1.59112545361e-7,3.13674486385e-9],"max":[0.00204227492213,0.0730287134647,0.0578726828098,0.0220731943846,0.0178666114807,0.026218354702,0.05002669245,0.0252400226891,0.0521056875587,0.0488344505429,0.0196128115058,0.0131646459922,0.018485756591,0.0190610811114,0.0305441264063,0.0137913068756,0.0208764113486,0.00877141859382,0.00942144915462,0.0116451401263,0.00570965837687,0.00833807419986,0.0126035409048,0.0122723951936,0.0103733921424,0.00568299461156,0.00057810236467],"mean":[0.000167674137629,0.00452058156952,0.00210663722828,0.00105787755456,0.00106269633397,0.000572784978431,0.000461302231997,0.000579553947318,0.000621171086095,0.000474989064969,0.000443723110948,0.000346010288922,0.000652770628221,0.000743998738471,0.000572235672735,0.000691289606038,0.000948472006712,0.000580360123422,0.000635413394775,0.000439243565779,0.000350468355464,0.000373707502149,0.000255437684245,0.000237692365772,0.000205721022212,0.000122834928334,0.0000151294862007],"median":[0.0000581533495279,0.00151110370643,0.000728353741579,0.000611830560956,0.000602878222708,0.000204070383916,0.000114524271339,0.0000699544907548,0.000120987970149,0.000102447986137,0.0000773399078753,0.0000769791004132,0.000156077250722,0.000208431665669,0.000186130957445,0.000263597496087,0.000377573625883,0.0002362105879,0.000314538279781,0.000153951565153,0.000155800327775,0.000171366584254,0.000127464809339,0.000117068047985,0.00008516714297,0.0000379654193239,0.00000309814731736],"min":[1.50285299408e-24,6.52366551044e-24,1.67324142758e-24,1.75433277876e-24,1.39835314217e-23,1.23798410991e-23,2.02397253592e-23,1.82859141122e-23,2.3736592713e-23,1.98576042921e-23,1.58602914686e-23,5.36836443636e-23,5.55285502072e-23,5.95487747069e-23,6.16015485544e-23,7.09238523484e-23,9.19215436643e-23,1.28168679896e-22,1.82819360444e-22,2.34866989332e-22,2.54677495472e-22,3.34482451177e-22,4.00014073207e-22,6.02710380812e-22,9.96889559136e-22,1.35263548464e-21,2.01046389245e-21],"var":[6.54476082218e-8,0.0000666695123073,0.0000115512548291,0.00000185819510534,0.00000218748823499,0.00000133365244892,0.00000178095240244,0.00000252428048952,0.00000298242321151,0.0000023507827791,0.00000173324895059,6.82662005147e-7,0.00000191853723663,0.00000253804751082,0.00000153561143179,0.00000128461795157,0.00000271107569461,7.44637588923e-7,7.37189452593e-7,5.39762936569e-7,2.85022537128e-7,3.13539345598e-7,1.95593230501e-7,2.18834827592e-7,1.72285155031e-7,5.70083606988e-8,1.05884034873e-9]},"barkbands_crest":{"dmean":2.89100718498,"dmean2":4.62855815887,"dvar":8.79742336273,"dvar2":20.7696533203,"max":25.3641719818,"mean":9.25142383575,"median":8.03029346466,"min":2.05390548706,"var":21.4958953857},"barkbands_flatness_db":{"dmean":0.0235546790063,"dmean2":0.0355038754642,"dvar":0.000816954008769,"dvar2":0.00162270059809,"max":0.535461544991,"mean":0.107743553817,"median":0.0950491130352,"min":0.0112575422972,"var":0.00426726182923},"barkbands_kurtosis":{"dmean":3.9483537674,"dmean2":6.03462505341,"dvar":219.442459106,"dvar2":462.91809082,"max":484.173980713,"mean":4.91556119919,"median":-0.451879501343,"min":-1.95893168449,"var":645.876281738},"barkbands_skewness":{"dmean":0.688387691975,"dmean2":1.02422714233,"dvar":0.883289039135,"dvar2":1.91370773315,"max":16.8353672028,"mean":1.03165006638,"median":0.630119502544,"min":-4.27240276337,"var":3.24865841866},"barkbands_spread":{"dmean":9.96979522705,"dmean2":15.6179027557,"dvar":148.240356445,"dvar2":353.073730469,"max":121.901390076,"mean":39.4396514893,"median":38.1490631104,"min":0.359765410423,"var":367.279998779},"dissonance":{"dmean":0.012816994451,"dmean2":0.0209967494011,"dvar":0.000218903835048,"dvar2":0.000553367135581,"max":0.500000059605,"mean":0.474703878164,"median":0.48095831275,"min":0.312301725149,"var":0.00050955399638},"dynamic_complexity":3.66560864449,"erbbands":{"dmean":[0.11758659035,0.929364264011,1.90422201157,2.23416423798,1.83216702938,2.85858368874,2.82517743111,3.30157780647,5.23465776443,5.49173355103,7.23789262772,9.99338817596,11.1554803848,7.37713384628,8.74670314789,9.01020240784,16.1814117432,19.7778148651,19.9692344666,19.4248485565,21.0010604858,29.2230186462,19.7033157349,17.4432296753,17.590845108,12.6484308243,9.88821697235,8.27700233459,7.23703193665,5.62986040115,3.88106012344,2.99813508987,2.30333352089,1.55985736847,1.14620518684,0.542212307453,0.174900576472,0.0302406251431,0.0027881891001,0.0000744882854633],"dmean2":[0.176251664758,1.58595538139,3.45255351067,3.89758729935,3.0726313591,4.94794559479,4.61857414246,5.48031759262,9.23892688751,8.63785743713,11.1606893539,15.6742630005,17.2707901001,10.8517913818,12.5748710632,13.5900993347,24.5733699799,29.5894508362,30.61236763,30.3953609467,31.6231594086,45.8972320557,30.8774299622,27.4398212433,27.8973236084,20.3757381439,16.392496109,13.6054849625,11.4006900787,8.88381767273,6.25009870529,4.76563739777,3.61546444893,2.40351819992,1.78078138828,0.842365860939,0.271043479443,0.0470796748996,0.00445724092424,0.000117730160127],"dvar":[0.0500484444201,3.78301048279,17.8961925507,20.5542125702,8.52883052826,46.5894889832,36.7801399231,117.126846313,783.768737793,278.943756104,569.059509277,1799.32836914,2778.57836914,353.59979248,558.409179688,430.179168701,1532.7454834,2181.69799805,3115.34936523,2295.13549805,1370.31774902,4484.984375,1567.65307617,878.168701172,961.61907959,651.797302246,495.693450928,304.831573486,220.261566162,143.44090271,168.052490234,106.698806763,84.6880950928,24.5994319916,10.610499382,1.62097680569,0.180145293474,0.00677442364395,0.0000442559830844,3.01047826667e-8],"dvar2":[0.104478225112,9.84927654266,51.5523147583,58.6291160583,23.2500324249,130.050384521,91.1322250366,323.030792236,2258.16455078,690.842834473,1346.35827637,4598.9453125,6489.29541016,705.398132324,1140.12902832,922.777587891,3384.32958984,4295.50048828,7171.39257812,5206.03076172,2999.89648438,10926.8623047,3741.296875,2079.96411133,2276.56713867,1597.44592285,1288.26342773,776.898071289,513.084655762,346.655578613,443.45111084,290.521789551,235.100341797,66.0564422607,28.4700260162,4.26167821884,0.480343043804,0.0184941086918,0.000117337353004,8.02423869573e-8],"max":[1.89927506447,18.0814189911,58.2452774048,51.2689056396,43.5392227173,81.0301742554,131.774902344,287.832733154,960.532653809,509.291564941,492.369598389,1625.61523438,1760.32873535,626.049377441,607.774475098,561.3515625,933.58605957,1099.20605469,1611.84216309,1021.13513184,873.550537109,1407.01159668,582.97857666,474.817657471,575.702575684,544.503356934,264.313995361,237.972061157,224.717453003,283.245147705,359.979034424,232.919372559,232.884536743,104.397071838,93.320098877,23.8865718842,10.6497106552,2.42877411842,0.0885430127382,0.00213303882629],"mean":[0.133486479521,0.990136802197,2.41354489326,3.13266277313,3.13935470581,3.80972194672,4.65273809433,4.69251537323,5.6711139679,9.94772052765,12.6188936234,14.3313074112,15.7204856873,13.8421192169,17.6758651733,16.2320480347,29.5808868408,34.4994544983,32.6631469727,33.5408859253,43.2652397156,53.2291145325,35.9198913574,31.4751205444,31.4717941284,20.3339996338,14.456618309,13.1592483521,13.5076141357,10.7832508087,7.05156040192,5.41077518463,3.79158711433,2.24423742294,1.45478594303,0.663676738739,0.205466032028,0.0338956639171,0.00277638575062,0.000092776324891],"median":[0.0335988104343,0.339434027672,1.24526131153,1.87700271606,1.92827129364,1.65634703636,1.69952118397,1.75987434387,1.67805564404,2.0971801281,2.49314045906,3.34345197678,3.33785510063,4.65819215775,4.8399553299,5.11670398712,8.0355796814,10.4329557419,11.3043708801,12.6795015335,18.6251430511,21.131975174,17.3609962463,16.9429626465,13.9548902512,7.35874080658,6.01380491257,6.13167047501,6.10139751434,5.55270814896,3.38058614731,2.75779938698,1.73594272137,0.972145020962,0.534747898579,0.217755898833,0.0613822937012,0.00917337648571,0.000502719834913,0.0000407243678637],"min":[4.0565201792e-22,1.14923175182e-21,1.99498131705e-21,5.9769062032e-21,2.14562072129e-20,5.34879767183e-20,6.94372306187e-20,1.33378182109e-19,3.87955487955e-19,3.73793819826e-19,3.32684184153e-19,4.72018467338e-19,1.1205187101e-18,6.91043020544e-19,8.7037898267e-19,2.30423174425e-18,3.20920786623e-18,2.89459861244e-18,2.39273634748e-18,4.58217527504e-18,3.26152083612e-18,5.16532561277e-18,5.6084255874e-18,8.10735517513e-18,1.02920872382e-17,1.05600755587e-17,1.21669615797e-17,1.13810763049e-17,9.79857308679e-18,1.03780759716e-17,1.16478337806e-17,1.2227971113e-17,1.11073274986e-17,9.24600072117e-18,7.60963977338e-18,5.06497123368e-18,2.71101042498e-18,9.62597937044e-19,2.76256792047e-19,3.10194216048e-20],"var":[0.0663227215409,3.38904070854,14.2411327362,17.8898429871,14.1844587326,42.9741668701,70.5311965942,114.817184448,472.000305176,470.712799072,1024.72583008,1840.22497559,3227.39550781,824.507080078,1946.83093262,1118.64550781,3722.03173828,4926.94970703,4893.26171875,4626.02734375,4658.41357422,9062.89355469,2768.97192383,1680.98425293,2095.96435547,1122.43029785,541.845275879,383.405639648,422.76159668,226.309066772,171.004684448,100.924667358,69.7319717407,22.2990036011,9.37881660461,1.6184669733,0.166471019387,0.00551837822422,0.0000383308142773,2.59757495513e-8]},"erbbands_crest":{"dmean":2.3523709774,"dmean2":3.72355127335,"dvar":6.02513408661,"dvar2":14.0437812805,"max":28.4352893829,"mean":8.36952495575,"median":7.3224697113,"min":2.30560302734,"var":16.7755451202},"erbbands_flatness_db":{"dmean":0.0202892683446,"dmean2":0.0284932907671,"dvar":0.000418610346969,"dvar2":0.000822428613901,"max":0.358465582132,"mean":0.135484546423,"median":0.129185572267,"min":0.0288557428867,"var":0.00226537836716},"erbbands_kurtosis":{"dmean":1.28454005718,"dmean2":2.00240540504,"dvar":9.11763381958,"dvar2":19.3274555206,"max":68.4510955811,"mean":1.37712371349,"median":0.394538879395,"min":-1.85803425312,"var":21.9144763947},"erbbands_skewness":{"dmean":0.389216542244,"dmean2":0.582960963249,"dvar":0.267226457596,"dvar2":0.539753615856,"max":6.99138069153,"mean":-0.33961135149,"median":-0.432761758566,"min":-4.53616857529,"var":1.02855455875},"erbbands_spread":{"dmean":11.2184696198,"dmean2":16.9616279602,"dvar":223.89364624,"dvar2":493.629760742,"max":181.968780518,"mean":41.7472076416,"median":34.9221954346,"min":3.22207069397,"var":653.359985352},"gfcc":{"cov":[[13236.1640625,-351.638183594,-1452.78466797,-265.55355835,-1051.51025391,71.8792037964,-362.153869629,-59.1443519592,-216.84715271,91.6984786987,-69.1351699829,117.782203674,-207.404525757],[-351.638183594,1461.19360352,-480.714447021,-14.5729036331,115.494003296,-147.411315918,62.6302833557,-12.5522108078,120.084732056,-127.852035522,75.1903762817,-90.3554840088,29.2402019501],[-1452.78466797,-480.714447021,1610.56420898,287.83984375,178.387329102,100.38143158,5.01873064041,-36.4545059204,-158.087966919,24.1218547821,-72.4737854004,14.1672706604,-4.54562568665],[-265.55355835,-14.5729036331,287.83984375,616.029418945,112.054870605,30.2283306122,-1.49683570862,-25.1496562958,26.5643196106,-50.6862297058,-28.6185894012,-81.204284668,42.6823196411],[-1051.51025391,115.494003296,178.387329102,112.054870605,414.127258301,41.7787895203,46.1770401001,27.5266628265,30.8464069366,-2.09615969658,-11.0017547607,-12.8387880325,26.201631546],[71.8792037964,-147.411315918,100.38143158,30.2283306122,41.7787895203,221.001052856,49.8384628296,-1.28001189232,-51.4133834839,-12.6612930298,2.6366558075,19.9018573761,-13.615152359],[-362.153869629,62.6302833557,5.01873064041,-1.49683570862,46.1770401001,49.8384628296,203.603988647,58.8057174683,11.0945901871,-3.19504904747,16.0507392883,-17.6472072601,-17.8208808899],[-59.1443519592,-12.5522108078,-36.4545059204,-25.1496562958,27.5266628265,-1.28001189232,58.8057174683,111.478370667,47.009311676,8.7737121582,-1.17792725563,-0.451831430197,3.53461527824],[-216.84715271,120.084732056,-158.087966919,26.5643196106,30.8464069366,-51.4133834839,11.0945901871,47.009311676,152.849395752,30.8277015686,2.4297478199,-25.7366523743,20.4376144409],[91.6984786987,-127.852035522,24.1218547821,-50.6862297058,-2.09615969658,-12.6612930298,-3.19504904747,8.7737121582,30.8277015686,100.122428894,19.0570850372,12.6815042496,-7.62483978271],[-69.1351699829,75.1903762817,-72.4737854004,-28.6185894012,-11.0017547607,2.6366558075,16.0507392883,-1.17792725563,2.4297478199,19.0570850372,85.9789657593,33.9141960144,-2.24523973465],[117.782203674,-90.3554840088,14.1672706604,-81.204284668,-12.8387880325,19.9018573761,-17.6472072601,-0.451831430197,-25.7366523743,12.6815042496,33.9141960144,103.789985657,28.5594139099],[-207.404525757,29.2402019501,-4.54562568665,42.6823196411,26.201631546,-13.615152359,-17.8208808899,3.53461527824,20.4376144409,-7.62483978271,-2.24523973465,28.5594139099,93.0997390747]],"icov":[[0.000149397121277,-0.000127039878862,0.000194642270799,-0.000234341947362,0.000337749312166,-0.000173534092028,0.00026063923724,-0.000305689085508,0.00046753953211,-0.000612185860518,0.000651982612908,-0.000518926652148,0.00045286124805],[-0.000127039878862,0.00150163890794,-0.0000551998782612,0.000681110366713,-0.000821192748845,0.000894696684554,-0.000625212327577,0.00117575691547,-0.00147018674761,0.00299519789405,-0.00268730986863,0.00203865231015,-0.000994097092189],[0.000194642270799,-0.0000551998782612,0.00120905868243,-0.000841781089548,0.0000574051045987,-0.000135017180583,0.000189002108527,-0.000448189879535,0.00177689571865,-0.00159926549532,0.00169864867348,-0.00116603029892,0.000790809746832],[-0.000234341947362,0.000681110366713,-0.000841781089548,0.00308776414022,-0.000930837646592,-0.0000559647705813,-0.000281371932942,0.00146318483166,-0.00211502541788,0.00316755007952,-0.00278247520328,0.00395853538066,-0.00260602217168],[0.000337749312166,-0.000821192748845,0.0000574051045987,-0.000930837646592,0.00382336857729,-0.00119248265401,0.000315767509164,-0.00132245826535,0.000632243289147,-0.00217917887494,0.00226366892457,-0.00154183700215,0.000510421872605],[-0.000173534092028,0.000894696684554,-0.000135017180583,-0.0000559647705813,-0.00119248265401,0.00627961335704,-0.00203873543069,0.000953971582931,0.000591899326537,0.00207895901985,-0.00126304104924,-0.000535345228855,0.000353051815182],[0.00026063923724,-0.000625212327577,0.000189002108527,-0.000281371932942,0.000315767509164,-0.00203873543069,0.00744907232001,-0.00451457779855,0.0014059751993,-0.00116074038669,-0.000623922329396,0.000890773430001,0.00143348181155],[-0.000305689085508,0.00117575691547,-0.000448189879535,0.00146318483166,-0.00132245826535,0.000953971582931,-0.00451457779855,0.0141138415784,-0.00592096615583,0.00323013402522,-0.0010360624874,0.000327514833771,-0.00119239836931],[0.00046753953211,-0.00147018674761,0.00177689571865,-0.00211502541788,0.000632243289147,0.000591899326537,0.0014059751993,-0.00592096615583,0.0140448594466,-0.00821026321501,0.00358875351958,-0.0000241490106418,-0.00069937214721],[-0.000612185860518,0.00299519789405,-0.00159926549532,0.00316755007952,-0.00217917887494,0.00207895901985,-0.00116074038669,0.00323013402522,-0.00821026321501,0.0199451539665,-0.00931811146438,0.0040774201043,-0.0013019478647],[0.000651982612908,-0.00268730986863,0.00169864867348,-0.00278247520328,0.00226366892457,-0.00126304104924,-0.000623922329396,-0.0010360624874,0.00358875351958,-0.00931811146438,0.0221875328571,-0.0117696281523,0.0053477678448],[-0.000518926652148,0.00203865231015,-0.00116603029892,0.00395853538066,-0.00154183700215,-0.000535345228855,0.000890773430001,0.000327514833771,-0.0000241490106418,0.0040774201043,-0.0117696281523,0.0213129874319,-0.00963698141277],[0.00045286124805,-0.000994097092189,0.000790809746832,-0.00260602217168,0.000510421872605,0.000353051815182,0.00143348181155,-0.00119239836931,-0.00069937214721,-0.0013019478647,0.0053477678448,-0.00963698141277,0.0166553892195]],"mean":[-3.62147641182,43.6439933777,-107.654724121,48.6220664978,-41.7127456665,21.709072113,-37.4224357605,14.506275177,-23.4615535736,3.74342298508,-19.45362854,3.52449989319,-15.1256122589]},"hfc":{"dmean":10.6805210114,"dmean2":15.7202224731,"dvar":397.078552246,"dvar2":940.173950195,"max":383.976409912,"mean":27.7454910278,"median":20.3514404297,"min":1.1076984694e-16,"var":749.933959961},"melbands":{"dmean":[0.0010642047273,0.00106671324465,0.000366747117369,0.000157440881594,0.000106871826574,0.0000743302007322,0.0000776388988015,0.000061978949816,0.00006214716268,0.000062821796746,0.000056065076933,0.0000310454743158,0.0000321899060509,0.0000234352701227,0.0000307850059471,0.0000379558186978,0.000041291481466,0.0000370727757399,0.0000269669362751,0.0000246733343374,0.0000261264467554,0.0000302440475934,0.0000296655471175,0.0000158995881065,0.0000149983352458,0.000013819671949,0.000012369228898,0.00000812551206764,0.00000641048018224,0.00000588754255659,0.00000469930273539,0.00000408346568292,0.00000446536432719,0.00000288889646072,0.00000236280652643,0.00000223004235522,0.00000175766854227,0.00000166886604802,0.00000153439373207,0.00000129186560116],"dmean2":[0.00166185514536,0.00189246959053,0.000633105984889,0.000271403696388,0.000176799600013,0.000123297053506,0.000135970665724,0.0000964052742347,0.0000960050092544,0.0000990112530417,0.0000869591458468,0.0000462805837742,0.0000454231121694,0.000035471519368,0.0000465646080556,0.0000581126805628,0.0000615636454313,0.0000567068818782,0.0000426846418122,0.0000384482009395,0.0000397492513002,0.0000473217987746,0.0000474081753055,0.000025200410164,0.0000237812564592,0.0000221904847422,0.0000195766915567,0.0000133575013024,0.0000106953511931,0.00000986855502561,0.00000775919124862,0.00000650318543194,0.00000706619448465,0.00000462793377665,0.00000384081386073,0.00000364858738067,0.00000278754123428,0.00000265986614068,0.00000240288545683,0.0000020131153633],"dvar":[0.0000043144036681,0.00000514109206051,4.99294515066e-7,9.89393171835e-8,5.04443633531e-8,6.57931806813e-8,1.46268078538e-7,3.72476769428e-8,4.02740134575e-8,6.71706601452e-8,7.16431074466e-8,6.96988733395e-9,7.86254528151e-9,3.00868374659e-9,5.93342353028e-9,9.33301791406e-9,1.02188426609e-8,1.14702976006e-8,4.72475480962e-9,2.85348811246e-9,2.21941642842e-9,4.36329683495e-9,5.21380849605e-9,8.87728945909e-10,6.74169997605e-10,6.02501992741e-10,5.42144773519e-10,3.01272840009e-10,2.09929171269e-10,1.61900298723e-10,9.77482261799e-11,7.21194631792e-11,9.50905049146e-11,3.54526720481e-11,5.35005650892e-11,7.48076392498e-11,2.84757373931e-11,4.32006305728e-11,2.87723976589e-11,1.66203682761e-11],"dvar2":[0.00000969353368419,0.0000143668457895,0.00000142143335324,2.77127611525e-7,1.29548936911e-7,1.82714899211e-7,4.1964455022e-7,9.09784318992e-8,9.53800451953e-8,1.7186830803e-7,1.67285648445e-7,1.41867460002e-8,1.46934056033e-8,6.66907284952e-9,1.19503678064e-8,2.14313171654e-8,1.98879579472e-8,2.64261981187e-8,1.09580344798e-8,6.6805276866e-9,4.90299179035e-9,1.03278310348e-8,1.31749571253e-8,2.13825246398e-9,1.60730118104e-9,1.4830070505e-9,1.22439758332e-9,7.63713592367e-10,5.45270328889e-10,4.23982293718e-10,2.48225773269e-10,1.71270719829e-10,2.27922042351e-10,8.66212934714e-11,1.39707675983e-10,2.05821595878e-10,7.64708366074e-11,1.20412999016e-10,7.76692044013e-11,4.48818308907e-11],"max":[0.0180431362242,0.0229905899614,0.00861796271056,0.00427321717143,0.00470562605187,0.00720901880413,0.0127678215504,0.00557462172583,0.00349848298356,0.0096633117646,0.00899430084974,0.00237518479116,0.00279724155553,0.00174759933725,0.00204677716829,0.00191319349688,0.00230374373496,0.0029823242221,0.00189322489314,0.00117128284182,0.00140737043694,0.00195399019867,0.00114060402848,0.000491965562105,0.000440316449385,0.000538702472113,0.000521394773386,0.000451476633316,0.000193904139451,0.000189548693015,0.000124579164549,0.000125442616991,0.000262255198322,0.000127392166178,0.000191339699086,0.000241465779254,0.000133999550599,0.000171861087438,0.000140465039294,0.0000774375075707],"mean":[0.00121799926274,0.00131624820642,0.000566177011933,0.000236328924075,0.000172625266714,0.000106114457594,0.0000876261037774,0.000119598924357,0.000102369675005,0.0000879232757143,0.0000778500470915,0.000055276475905,0.0000650810834486,0.0000400482858822,0.0000528235977981,0.0000642332233838,0.000066034423071,0.0000567608040001,0.0000403496560466,0.0000444049073849,0.0000500809837831,0.0000544792928849,0.0000454769178759,0.0000268073708867,0.0000251460351137,0.0000230888908845,0.0000210291691474,0.0000115386155812,0.00000871284373716,0.00000876001649885,0.00000706655828253,0.00000703137084201,0.00000813525639387,0.00000519237028129,0.0000040661229832,0.00000367913162336,0.0000031022470921,0.00000270826194537,0.00000226958468375,0.00000174775539108],"median":[0.000389486376662,0.000799527624622,0.000377039657906,0.000147784798173,0.0000677695716149,0.0000389494452975,0.0000238418488152,0.0000203984709515,0.0000175881996256,0.000017734735593,0.0000135923010021,0.0000160250838235,0.0000135593791128,0.0000101020978036,0.0000154701501742,0.0000155089273903,0.0000180860843102,0.0000171005685843,0.0000121552820929,0.000018265840481,0.0000191596082004,0.0000182827443496,0.0000186282068171,0.0000113326914288,0.0000120561408039,0.0000101806126622,0.00000707396884536,0.00000363277786164,0.0000032865114008,0.00000373277021026,0.00000321148445437,0.00000306478409584,0.00000338155314239,0.00000270856480711,0.0000018573826992,0.00000170890120899,0.00000157687293267,0.0000012306292092,9.33162596084e-7,7.26287055386e-7],"min":[5.22723690488e-24,1.13028907551e-24,2.16092174729e-24,2.71387300995e-24,2.40801645142e-24,3.33460497651e-24,5.08651358571e-24,4.85237414702e-24,2.12746201478e-24,3.47604182036e-24,5.48703601667e-24,2.57150669073e-24,2.06097780377e-24,5.13059749968e-24,6.43313977726e-24,5.84475288275e-24,5.27601138578e-24,3.67382029335e-24,5.40328817638e-24,4.84084455046e-24,3.65884376907e-24,4.62076340195e-24,3.84833013065e-24,6.06908480824e-24,6.53495529329e-24,6.41188825891e-24,6.3782563575e-24,6.26644084622e-24,7.08464224952e-24,6.40802796807e-24,6.26313433573e-24,4.42631826072e-24,6.02070791323e-24,5.83294836816e-24,6.24847375024e-24,7.57437577695e-24,6.45922030765e-24,7.28017956867e-24,7.76579050902e-24,7.13079455677e-24],"var":[0.00000513835948368,0.00000417782030127,4.65504939484e-7,9.75141460913e-8,8.40816412051e-8,6.07047354606e-8,9.13769255817e-8,7.20681754274e-8,6.25635294682e-8,6.97488857782e-8,8.31240356547e-8,1.44377194644e-8,3.38295116364e-8,8.69577032603e-9,1.48206575901e-8,2.04039061202e-8,2.12183213222e-8,1.79520149857e-8,7.92282506268e-9,5.92584070702e-9,7.33423011212e-9,1.12279394671e-8,6.51327303203e-9,1.77221670672e-9,1.24043708638e-9,1.10864517566e-9,1.28927934995e-9,4.3523065707e-10,2.23175547487e-10,1.8539458857e-10,1.21303966871e-10,1.2600080701e-10,1.6721136975e-10,5.22675097647e-11,5.75449514428e-11,6.22769613656e-11,2.97675564753e-11,3.50829053308e-11,2.65454949688e-11,1.4281782354e-11]},"melbands_crest":{"dmean":3.75220823288,"dmean2":5.84996557236,"dvar":12.1246528625,"dvar2":28.3606491089,"max":37.1079177856,"mean":14.6717243195,"median":13.8243951797,"min":1.88325369358,"var":38.7383155823},"melbands_flatness_db":{"dmean":0.0322487093508,"dmean2":0.0485465526581,"dvar":0.00153003458399,"dvar2":0.00305795739405,"max":0.683696985245,"mean":0.163081198931,"median":0.146755665541,"min":0.00505752675235,"var":0.00764159159735},"melbands_kurtosis":{"dmean":13.8507022858,"dmean2":21.5364837646,"dvar":1318.38708496,"dvar2":2988.49902344,"max":915.437072754,"mean":20.6686038971,"median":3.43335151672,"min":-1.91167187691,"var":3460.33276367},"melbands_skewness":{"dmean":1.11858093739,"dmean2":1.6890257597,"dvar":2.41886162758,"dvar2":5.38016796112,"max":22.2663421631,"mean":2.75878000259,"median":1.94619357586,"min":-1.77613484859,"var":7.58681058884},"melbands_spread":{"dmean":14.7983045578,"dmean2":22.961019516,"dvar":490.227996826,"dvar2":1150.43884277,"max":311.640106201,"mean":44.6879348755,"median":40.2514152527,"min":0.313683927059,"var":976.588684082},"mfcc":{"cov":[[10575.6201172,-155.80140686,-999.704284668,-428.698577881,-624.002929688,-213.601577759,-381.319885254,-116.560958862,-286.081848145,-41.0047035217,18.0368843079,-56.1507873535,-32.3841323853],[-155.80140686,1198.625,-310.048461914,-21.5632038116,13.8231782913,-77.0168457031,-26.7063713074,55.1923027039,-22.2728538513,-3.26343846321,44.1828804016,-14.4117031097,-7.45413398743],[-999.704284668,-310.048461914,1092.90600586,247.492614746,145.142623901,119.82862854,149.099899292,-31.0877780914,18.4970836639,-57.0248146057,-87.0306549072,6.63395023346,23.8721046448],[-428.698577881,-21.5632038116,247.492614746,498.957641602,183.624313354,69.2891693115,29.5569801331,6.84201049805,77.1559143066,44.9708709717,-46.8948554993,0.878482282162,16.342048645],[-624.002929688,13.8231782913,145.142623901,183.624313354,340.376373291,101.181541443,35.3763160706,6.22827959061,59.1547164917,-10.2734956741,-40.4608345032,1.77908277512,6.68008852005],[-213.601577759,-77.0168457031,119.82862854,69.2891693115,101.181541443,175.508209229,86.0362243652,19.9403133392,13.7545480728,-4.71144866943,0.436269491911,3.01291584969,-9.49735164642],[-381.319885254,-26.7063713074,149.099899292,29.5569801331,35.3763160706,86.0362243652,207.382797241,64.3669433594,15.6525125504,-20.5008182526,14.4074296951,19.7516956329,-6.60925197601],[-116.560958862,55.1923027039,-31.0877780914,6.84201049805,6.22827959061,19.9403133392,64.3669433594,123.908691406,33.7504348755,2.37408900261,19.3827037811,9.09835910797,-6.93201780319],[-286.081848145,-22.2728538513,18.4970836639,77.1559143066,59.1547164917,13.7545480728,15.6525125504,33.7504348755,132.546005249,45.1720199585,-8.90777778625,1.06697487831,0.99994802475],[-41.0047035217,-3.26343846321,-57.0248146057,44.9708709717,-10.2734956741,-4.71144866943,-20.5008182526,2.37408900261,45.1720199585,120.278808594,42.7830848694,-6.92376184464,-0.911553800106],[18.0368843079,44.1828804016,-87.0306549072,-46.8948554993,-40.4608345032,0.436269491911,14.4074296951,19.3827037811,-8.90777778625,42.7830848694,106.928565979,21.6627635956,-6.0194478035],[-56.1507873535,-14.4117031097,6.63395023346,0.878482282162,1.77908277512,3.01291584969,19.7516956329,9.09835910797,1.06697487831,-6.92376184464,21.6627635956,70.3925933838,21.8040027618],[-32.3841323853,-7.45413398743,23.8721046448,16.342048645,6.68008852005,-9.49735164642,-6.60925197601,-6.93201780319,0.99994802475,-0.911553800106,-6.0194478035,21.8040027618,74.2087249756]],"icov":[[0.000122963392641,0.0000387322215829,0.0000984562648227,-0.0000341343147738,0.0001881608041,-0.0000829162381706,0.000156510606757,-0.0000127680423248,0.000172920379555,0.0000549576434423,0.0000679664735799,0.0000314686694765,0.0000132046716317],[0.0000387322215829,0.000999147770926,0.000296962622087,-0.000161691074027,-0.000263130030362,0.000540239096154,-0.0000425616635766,-0.00044419040205,0.000350616668584,0.000293520017294,-0.000445458572358,0.000442316377303,-0.0000623276282568],[0.0000984562648227,0.000296962622087,0.00145393784624,-0.000585792528,0.0000611488794675,-0.000200364025659,-0.000908896443434,0.00067718909122,0.000196261986275,0.000506299955305,0.000577110738959,0.000148810780956,-0.000308093789499],[-0.0000341343147738,-0.000161691074027,-0.000585792528,0.00312228966504,-0.00122077122796,-0.000277697225101,0.0000878663486219,-0.000239099812461,-0.000472553307191,-0.00188874942251,0.0013442147756,-0.000517310458235,-0.000226236574235],[0.0001881608041,-0.000263130030362,0.0000611488794675,-0.00122077122796,0.0049985148944,-0.0025960309431,0.000729994440917,0.000431905733421,-0.00147856329568,0.00127729203086,0.000703419209458,-0.000167315054568,-0.000230160745559],[-0.0000829162381706,0.000540239096154,-0.000200364025659,-0.000277697225101,-0.0025960309431,0.00917945429683,-0.00330883148126,-0.000019975246687,0.00074142543599,-0.000332986877766,-0.000937375123613,0.000609481998254,0.000986425788142],[0.000156510606757,-0.0000425616635766,-0.000908896443434,0.0000878663486219,0.000729994440917,-0.00330883148126,0.00851267389953,-0.00363607308827,-0.000252500700299,0.00152028887533,-0.00125904066954,-0.00122296391055,0.00054566579638],[-0.0000127680423248,-0.00044419040205,0.00067718909122,-0.000239099812461,0.000431905733421,-0.000019975246687,-0.00363607308827,0.0114680575207,-0.00332209747285,0.0013916780008,-0.0015809442848,-0.000100848686998,0.000453856308013],[0.000172920379555,0.000350616668584,0.000196261986275,-0.000472553307191,-0.00147856329568,0.00074142543599,-0.000252500700299,-0.00332209747285,0.0117275146767,-0.00534701487049,0.00321848294698,-0.00111906975508,0.000412946712459],[0.0000549576434423,0.000293520017294,0.000506299955305,-0.00188874942251,0.00127729203086,-0.000332986877766,0.00152028887533,0.0013916780008,-0.00534701487049,0.0145102562383,-0.00755647569895,0.00360070215538,-0.00100627576467],[0.0000679664735799,-0.000445458572358,0.000577110738959,0.0013442147756,0.000703419209458,-0.000937375123613,-0.00125904066954,-0.0015809442848,0.00321848294698,-0.00755647569895,0.015885123983,-0.00580265792087,0.00191741483286],[0.0000314686694765,0.000442316377303,0.000148810780956,-0.000517310458235,-0.000167315054568,0.000609481998254,-0.00122296391055,-0.000100848686998,-0.00111906975508,0.00360070215538,-0.00580265792087,0.018594365567,-0.00577583443373],[0.0000132046716317,-0.0000623276282568,-0.000308093789499,-0.000226236574235,-0.000230160745559,0.000986425788142,0.00054566579638,0.000453856308013,0.000412946712459,-0.00100627576467,0.00191741483286,-0.00577583443373,0.0156965572387]],"mean":[-647.987121582,74.9388580322,0.479507416487,31.8653755188,18.7217483521,12.3231115341,3.25916194916,10.1783914566,2.24755787849,2.90268731117,2.36124610901,-0.348683685064,-2.0351524353]},"pitch_salience":{"dmean":0.0827626362443,"dmean2":0.131778046489,"dvar":0.00634586904198,"dvar2":0.0154101997614,"max":0.898112297058,"mean":0.528303027153,"median":0.529213428497,"min":0.0888793095946,"var":0.0167821962386},"silence_rate_20dB":{"dmean":0,"dmean2":0,"dvar":0,"dvar2":0,"max":1,"mean":1,"median":1,"min":1,"var":0},"silence_rate_30dB":{"dmean":0,"dmean2":0,"dvar":0,"dvar2":0,"max":1,"mean":1,"median":1,"min":1,"var":0},"silence_rate_60dB":{"dmean":0.0500512830913,"dmean2":0.100112833083,"dvar":0.0475438944995,"dvar2":0.113262720406,"max":1,"mean":0.0685057938099,"median":0,"min":0,"var":0.0638184696436},"spectral_centroid":{"dmean":331.789886475,"dmean2":495.936767578,"dvar":190844.484375,"dvar2":400729.8125,"max":11341.9814453,"mean":2148.87573242,"median":2209.65209961,"min":119.424407959,"var":630338},"spectral_complexity":{"dmean":5.38420534134,"dmean2":7.90727233887,"dvar":50.2583122253,"dvar2":95.8454208374,"max":63,"mean":18.4701061249,"median":17,"min":0,"var":162.87940979},"spectral_contrast_coeffs":{"dmean":[0.0547481104732,0.0534247979522,0.0440172925591,0.0388592481613,0.0282954312861,0.0220027249306],"dmean2":[0.0867445766926,0.08465564996,0.0674703270197,0.0591140463948,0.0435969680548,0.0342420712113],"dvar":[0.00221541454084,0.00226489617489,0.00158810813446,0.00124544790015,0.000646312080789,0.000525554467458],"dvar2":[0.00553113361821,0.00527193490416,0.00329563231207,0.00246813800186,0.00136498000938,0.00126227922738],"max":[-0.379376858473,-0.363010048866,-0.453449815512,-0.469105154276,-0.568020641804,-0.59361332655],"mean":[-0.670917868614,-0.725645124912,-0.756718337536,-0.750155210495,-0.762737095356,-0.764086604118],"median":[-0.664515197277,-0.734186053276,-0.76710575819,-0.758251309395,-0.766292691231,-0.764979660511],"min":[-0.975356280804,-0.965351760387,-0.974474847317,-0.9722879529,-0.964670777321,-0.96118324995],"var":[0.0063184411265,0.00888729654253,0.00812711380422,0.00626471079886,0.00336963660084,0.00225082179531]},"spectral_contrast_valleys":{"dmean":[0.504032313824,0.563624203205,0.508396208286,0.476444154978,0.394039899111,0.323775529861],"dmean2":[0.794427394867,0.877323627472,0.768326342106,0.699095964432,0.554539561272,0.425474584103],"dvar":[0.218441337347,0.311958253384,0.27113327384,0.26475584507,0.24131923914,0.177673310041],"dvar2":[0.482691645622,0.688510894775,0.542090713978,0.499710053205,0.452223211527,0.308223217726],"max":[-5.38937425613,-4.80626869202,-5.29655218124,-5.46573066711,-5.06657886505,-6.96528816223],"mean":[-7.57730054855,-7.7800321579,-8.12924385071,-8.06137180328,-7.5144367218,-9.67133903503],"median":[-7.46182346344,-7.61771678925,-7.94273471832,-7.93164014816,-7.37742137909,-9.38096141815],"min":[-27.9259414673,-27.5853233337,-27.6666049957,-27.5419025421,-27.4180278778,-27.3512516022],"var":[1.43147587776,1.74091041088,1.78465533257,1.75855004787,1.68700182438,1.75884926319]},"spectral_decrease":{"dmean":1.97394056656e-9,"dmean2":3.04449243593e-9,"dvar":9.38280481396e-18,"dvar2":2.27921263265e-17,"max":2.02587921272e-24,"mean":-4.43088099544e-9,"median":-3.54950158155e-9,"min":-2.82004002372e-8,"var":1.41983169865e-17},"spectral_energy":{"dmean":0.00816121231765,"dmean2":0.0123913446441,"dvar":0.000153618035256,"dvar2":0.000369529094314,"max":0.109168060124,"mean":0.0192397851497,"median":0.015616373159,"min":1.02522114135e-20,"var":0.000251462566666},"spectral_energyband_high":{"dmean":0.000894582422916,"dmean2":0.00137413688935,"dvar":0.00000401507486458,"dvar2":0.0000100567367554,"max":0.0398604385555,"mean":0.00172936276067,"median":0.000981968594715,"min":7.51322334268e-21,"var":0.0000053475155255},"spectral_energyband_low":{"dmean":0.00531784398481,"dmean2":0.00860674399883,"dvar":0.000102476536995,"dvar2":0.000255942577496,"max":0.0986107587814,"mean":0.00734351621941,"median":0.00443306751549,"min":2.64758506752e-23,"var":0.00011205879855},"spectral_energyband_middle_high":{"dmean":0.00219325441867,"dmean2":0.00322460546158,"dvar":0.0000141677028296,"dvar2":0.0000298678969557,"max":0.049157101661,"mean":0.00627744151279,"median":0.00424930313602,"min":1.22793629074e-21,"var":0.0000450139959867},"spectral_energyband_middle_low":{"dmean":0.00217515579425,"dmean2":0.00356335216202,"dvar":0.0000151757813001,"dvar2":0.0000399092314183,"max":0.07278829813,"mean":0.00452977605164,"median":0.00334332860075,"min":2.48414015615e-22,"var":0.0000209831323446},"spectral_entropy":{"dmean":0.183190956712,"dmean2":0.252422183752,"dvar":0.0514142885804,"dvar2":0.0904662683606,"max":9.80418395996,"mean":7.82800006866,"median":7.91225814819,"min":4.53693199158,"var":0.245908349752},"spectral_flux":{"dmean":0.0290412381291,"dmean2":0.0433289185166,"dvar":0.00114243419375,"dvar2":0.00214742706157,"max":0.316885620356,"mean":0.0790358632803,"median":0.0651275664568,"min":6.40898098481e-11,"var":0.00257043959573},"spectral_kurtosis":{"dmean":1.08604001999,"dmean2":1.73774576187,"dvar":3.13966608047,"dvar2":7.4085817337,"max":57.8136520386,"mean":3.29263997078,"median":2.77119970322,"min":-1.26751935482,"var":8.56351566315},"spectral_rms":{"dmean":0.000861612090375,"dmean2":0.00125244481023,"dvar":0.00000118947173178,"dvar2":0.0000026629252261,"max":0.0103201465681,"mean":0.00396762788296,"median":0.00390326604247,"min":3.16261882134e-12,"var":0.00000302840589939},"spectral_rolloff":{"dmean":1062.96887207,"dmean2":1747.22143555,"dvar":3116578.75,"dvar2":7075240,"max":19207.6171875,"mean":2952.78540039,"median":2627.05078125,"min":21.533203125,"var":5591444},"spectral_skewness":{"dmean":0.197268843651,"dmean2":0.307716161013,"dvar":0.0579853765666,"dvar2":0.132635340095,"max":5.95550966263,"mean":1.30543828011,"median":1.26583111286,"min":-0.0688408389688,"var":0.19450622797},"spectral_spread":{"dmean":823829.0625,"dmean2":1180730.875,"dvar":1014056615940,"dvar2":2086347866110,"max":43020708,"mean":5728025,"median":5230733,"min":1161011.875,"var":5408581222400},"spectral_strongpeak":{"dmean":0.620483696461,"dmean2":1.07982838154,"dvar":1.62022936344,"dvar2":3.98602294922,"max":13.2575597763,"mean":0.885260343552,"median":0.300297141075,"min":0,"var":2.27906799316},"zerocrossingrate":{"dmean":0.0196213945746,"dmean2":0.0220709238201,"dvar":0.000549181131646,"dvar2":0.000679234159179,"max":0.5107421875,"mean":0.104271456599,"median":0.09619140625,"min":0.0029296875,"var":0.00304774311371}},"metadata":{"audio_properties":{"analysis_sample_rate":44100,"bit_rate":192000,"codec":"mp3","downmix":"mix","equal_loudness":0,"length":226.37713623,"lossless":false,"md5_encoded":"af3cf1e94fae9ef87d4a320a029c535a","replay_gain":-16.7650508881,"sample_rate":44100},"tags":{"album":["By the Way"],"albumartist":["Red Hot Chili Peppers"],"albumartistsort":["Red Hot Chili Peppers"],"artist":["Red Hot Chili Peppers"],"artistsort":["Red Hot Chili Peppers"],"asin":["B000067CPX"],"date":["2002"],"discnumber":["0"],"file_name":"17 Time.mp3","genre":["Rock"],"musicbrainz album release country":["GB"],"musicbrainz album status":["official"],"musicbrainz album type":["album"],"musicbrainz_albumartistid":["8bfac288-ccc5-448d-9573-c33ea2aa5c30"],"musicbrainz_albumid":["3f66063a-e91b-4025-9582-1adb1695123b"],"musicbrainz_artistid":["8bfac288-ccc5-448d-9573-c33ea2aa5c30"],"musicbrainz_recordingid":["dedc3d0a-66a2-435f-952a-cb4fc993ff77"],"musicip_puid":["37f22a02-75d3-6aff-862f-691a5ee26743"],"releasedate":["2002"],"taggingdate":["2008-04-17T17:24:54"],"title":["Time"],"tracknumber":["17/18"]},"version":{"essentia":"2.1-beta2","essentia_build_sha":"70f2e5ece6736b2c40cc944ad0e695b16b925413","essentia_git_sha":"v2.1_beta2","extractor":"music 1.0"}},"rhythm":{"beats_count":434,"beats_loudness":{"dmean":0.0149005139247,"dmean2":0.0240193493664,"dvar":0.000130690459628,"dvar2":0.000356652628398,"max":0.0912505090237,"mean":0.033922765404,"median":0.0317930206656,"min":1.46311123217e-7,"var":0.000239638742642},"beats_loudness_band_ratio":{"dmean":[0.386067032814,0.0428882837296,0.0668409690261,0.0887154489756,0.183496281505,0.156530946493],"dmean2":[0.758710205555,0.0784494057298,0.117066629231,0.167608559132,0.359090059996,0.294096261263],"dvar":[0.0400517322123,0.0021971447859,0.0065540811047,0.00838294625282,0.0144768161699,0.0102879712358],"dvar2":[0.126566067338,0.00620166724548,0.0162244718522,0.0250136945397,