{"lowlevel":{"average_loudness":0.960677087307,"barkbands":{"dmean":[0.000244526367169,0.00501311011612,0.00665569351986,0.00340189388953,0.0028259283863,0.00135907693766,0.000679562217556,0.000756151159294,0.000664042425342,0.000973746820819,0.000332622963469,0.000317603320582,0.000330080249114,0.000393348775106,0.000297245976981,0.000238061737036,0.000203051240533,0.000216935324715,0.000267333030934,0.000334447773639,0.000226864562137,0.000203509538551,0.000140151227242,0.0000866284171934,0.0000539226821274,0.0000329007016262,0.0000206794138649],"dmean2":[0.000440837262431,0.00846715923399,0.0114218518138,0.00592162972316,0.00479679973796,0.00235434458591,0.00115161761642,0.0012013517553,0.00106921989936,0.00156542169861,0.000537921499927,0.000527137541212,0.000535727478564,0.000625845452305,0.000478441565065,0.000374844268663,0.000333271222189,0.000348980160197,0.000439297873527,0.000558367348276,0.000366361840861,0.00033497941331,0.000222127273446,0.000133343870402,0.000082202917838,0.0000530437282578,0.0000342345629178],"dvar":[1.15764258624e-7,0.0000506425712956,0.000101538571471,0.0000215939016925,0.0000119076039482,0.00000417545152231,0.00000107275229766,0.00000231176591114,0.00000165587630363,0.00000246381659963,4.05250830227e-7,2.80375644479e-7,3.69961384195e-7,5.44434271887e-7,3.42072212334e-7,2.08188026818e-7,9.36693780318e-8,1.44174535421e-7,1.71314695763e-7,2.40328745349e-7,9.46068468011e-8,1.238598486e-7,7.07483209794e-8,4.40552661019e-8,1.21079404281e-8,4.44978232039e-9,3.43651684886e-9],"dvar2":[3.62649700492e-7,0.000141315322253,0.000297814054647,0.0000593991244386,0.0000324517568515,0.0000114385966299,0.00000294006440527,0.00000533587171958,0.00000403406511396,0.00000631366674497,0.00000101089096916,7.16945010026e-7,9.4392896699e-7,0.00000141597661241,8.57839609125e-7,5.0759348369e-7,2.32810592138e-7,3.44826105447e-7,4.21821454211e-7,6.31022430753e-7,2.37434718997e-7,2.9359782161e-7,1.4537926063e-7,8.81991937263e-8,2.40579591804e-8,1.14109059979e-8,8.8399811915e-9],"max":[0.00375640927814,0.0978456884623,0.102971352637,0.0663657709956,0.0364447757602,0.0238207187504,0.016531534493,0.0438778139651,0.0324495621026,0.0235956739634,0.0147061012685,0.012264910154,0.010774099268,0.0265513714403,0.013167870231,0.0126057323068,0.00651434110478,0.00852324813604,0.00957196950912,0.00986506883055,0.0050804563798,0.00817863550037,0.00672064907849,0.00609692232683,0.00315631274134,0.000987404608168,0.000593812088482],"mean":[0.000258152897004,0.00792651064694,0.0109495176002,0.00478067761287,0.00493007153273,0.00189234595746,0.00110785674769,0.00129524699878,0.0011595916003,0.0017686233623,0.00056957337074,0.000581361469813,0.000594312616158,0.000746802659705,0.000556883809622,0.000477637600852,0.00040981368511,0.000457917078165,0.00057308684336,0.000713546120096,0.000586005160585,0.000531656725798,0.000348729401594,0.000232240592595,0.000136701724841,0.0000766518569435,0.0000404257552873],"median":[0.000108298532723,0.00454800482839,0.00647708959877,0.00250188820064,0.00362611655146,0.0012014277745,0.000657649710774,0.000462806434371,0.000486850098241,0.000701761629898,0.00024394315551,0.000316954014124,0.000276152830338,0.000336045166478,0.000255568622379,0.000208439741982,0.00026436249027,0.000282379536657,0.000389728083974,0.000526277348399,0.000451655127108,0.000376185344066,0.000262342800852,0.00016183234402,0.0000928805020521,0.0000460688424937,0.0000143154402394],"min":[6.04218593327e-25,7.50527313937e-24,3.07297708793e-24,7.16201392431e-25,9.50763561965e-24,1.33835806152e-23,1.51889282398e-23,1.61287960549e-23,2.6676902921e-23,2.43635967154e-23,2.03611894282e-23,5.65086436177e-23,4.59483677833e-23,2.35372649172e-23,5.96932940247e-23,6.70713333664e-23,7.91410692993e-23,8.1443848945e-23,1.87654320486e-22,1.96247729426e-22,2.71974703391e-22,3.44631291873e-22,4.2551864047e-22,6.26006945334e-22,9.3187621241e-22,1.40720860439e-21,1.9889416465e-21],"var":[1.40301111173e-7,0.0000908379515749,0.000166934769368,0.0000374454612029,0.0000227160508075,0.00000476500053992,0.00000184341388376,0.00000673268277751,0.00000376944899472,0.0000063182719714,9.77704189609e-7,6.84255383021e-7,8.71215377174e-7,0.00000131313390739,7.97507880179e-7,6.01548265422e-7,2.18994813395e-7,3.47339693008e-7,4.26194588954e-7,4.58793863345e-7,2.74989957916e-7,3.20922936226e-7,1.96343421521e-7,1.17270509747e-7,3.25920730404e-8,7.65985852524e-9,3.75779718453e-9]},"barkbands_crest":{"dmean":2.47236847878,"dmean2":4.20578098297,"dvar":4.42156124115,"dvar2":12.5862112045,"max":23.6574020386,"mean":8.95506763458,"median":8.50494098663,"min":2.2648267746,"var":9.84855079651},"barkbands_flatness_db":{"dmean":0.0192980878055,"dmean2":0.031244572252,"dvar":0.000272671168204,"dvar2":0.000691485940479,"max":0.275780707598,"mean":0.101867876947,"median":0.0934181660414,"min":0.0241330377758,"var":0.00174019322731},"barkbands_kurtosis":{"dmean":2.54351258278,"dmean2":4.21368026733,"dvar":16.256401062,"dvar2":42.7297325134,"max":66.7658996582,"mean":3.32415056229,"median":1.39963054657,"min":-1.89587545395,"var":41.3910980225},"barkbands_skewness":{"dmean":0.538100063801,"dmean2":0.872622489929,"dvar":0.255165338516,"dvar2":0.644450008869,"max":7.54484558105,"mean":1.66044068336,"median":1.52404117584,"min":-2.71837878227,"var":1.19667005539},"barkbands_spread":{"dmean":6.88674736023,"dmean2":11.2414007187,"dvar":43.3061485291,"dvar2":105.033302307,"max":100.459465027,"mean":30.3313179016,"median":29.4448604584,"min":3.38304877281,"var":179.205947876},"dissonance":{"dmean":0.0138409836218,"dmean2":0.0235459599644,"dvar":0.000155526926392,"dvar2":0.00043962354539,"max":0.5,"mean":0.473855406046,"median":0.477818459272,"min":0.362554699183,"var":0.000326450419379},"dynamic_complexity":2.4156062603,"erbbands":{"dmean":[0.110995419323,1.32451915741,6.56868219376,9.64803695679,11.704454422,8.95544242859,7.87100076675,11.3486795425,9.76503276825,10.5223970413,17.9667644501,14.3762893677,34.0492782593,16.5749416351,11.1379899979,14.3614702225,13.5550203323,21.6790351868,14.7865152359,13.8323879242,11.4785737991,8.62740898132,10.1465978622,13.9132013321,15.4266138077,14.1527452469,10.0002832413,9.20745182037,7.54939699173,5.72108411789,4.00145530701,2.11797595024,1.43289661407,0.758521437645,0.325470596552,0.135655596852,0.0599309541285,0.0224173758179,0.00317389611155,0.000218666158617],"dmean2":[0.187426313758,2.2524793148,11.2199878693,16.5015964508,20.2689056396,14.82310009,13.6003570557,19.5209636688,16.3061408997,17.5591640472,28.1492137909,23.0473537445,55.1413230896,26.0811824799,17.9897460938,23.765209198,21.8229751587,34.2238349915,23.4363746643,22.068063736,18.2895698547,14.0853404999,16.3145008087,22.8774528503,25.4498977661,23.4436817169,16.4689731598,15.0437717438,12.3945932388,9.17092323303,6.3960018158,3.20698356628,2.24774765968,1.1806050539,0.500749230385,0.218620598316,0.0970959365368,0.0371449775994,0.00524334982038,0.000364314415492],"dvar":[0.0262407343835,3.66427516937,92.8550262451,177.062988281,205.226394653,161.269683838,140.562683105,283.516174316,197.728271484,279.056518555,1571.29418945,1019.86401367,3012.72094727,1182.32263184,370.359741211,612.505004883,562.850646973,1370.04748535,872.708557129,645.867553711,341.333068848,148.799591064,327.414642334,529.078491211,684.004516602,409.901794434,189.865661621,182.914596558,152.354919434,118.669593811,60.4302978516,26.3042411804,9.8740901947,2.4309566021,0.492758393288,0.0580803751945,0.0168475974351,0.00336802913807,0.0000781859271228,4.57923164277e-7],"dvar2":[0.0723087862134,10.2803573608,265.777618408,489.973754883,591.480041504,396.971588135,394.442596436,767.536560059,517.218688965,768.545349121,3524.62841797,2536.078125,7903.69824219,2742.56982422,957.66204834,1564.73156738,1413.8380127,3492.65600586,2160.99365234,1567.62854004,826.162780762,361.016357422,784.982421875,1282.44824219,1791.30822754,1053.73632812,463.308044434,476.052612305,365.072387695,258.652191162,127.404151917,54.1246566772,20.3516426086,5.05986881256,0.975243151188,0.139487788081,0.0433179847896,0.00886386167258,0.000201440299861,0.00000117270008104],"max":[1.91348087788,28.4672966003,108.906990051,207.815460205,147.663574219,176.102645874,128.621627808,232.201904297,213.095458984,412.111999512,1179.33825684,936.935302734,888.520324707,712.356018066,387.769775391,616.882324219,501.18170166,1184.52294922,819.137268066,695.928039551,550.136291504,311.244659424,417.677520752,516.686584473,569.666809082,450.575164795,261.076812744,222.538345337,298.370574951,283.439819336,217.533004761,179.167312622,82.9050445557,48.2415542603,21.1845722198,5.51951694489,2.12080693245,0.593468844891,0.0892508998513,0.0067151854746],"mean":[0.147682785988,2.15785002708,11.6052541733,15.4044561386,17.8079414368,15.5812950134,11.2307024002,15.4127082825,15.9162797928,18.252702713,31.3052387238,26.9103946686,63.4222145081,32.701877594,21.4846630096,26.9117584229,26.6106395721,43.2194480896,30.4778823853,29.5755023956,25.2010364532,19.4461994171,22.7066326141,29.8835067749,33.1025619507,31.7557144165,25.1856746674,22.7761287689,19.3613910675,14.1454801559,9.71847057343,5.57549095154,3.50157594681,1.79056990147,0.845757067204,0.36255183816,0.131029993296,0.0429766997695,0.00615331530571,0.000458839465864],"median":[0.0793406367302,1.19408524036,6.52368354797,9.35066604614,13.1649122238,9.17971992493,7.51457214355,9.50504302979,9.97134590149,10.5029935837,11.19302845,13.4476470947,30.7191619873,14.8138113022,12.446190834,14.9952106476,14.7229661942,22.5999488831,16.2079162598,15.2691507339,16.8150157928,14.3743200302,14.0716733932,19.8328380585,21.007982254,24.1477203369,19.677072525,17.335226059,14.1224088669,9.30769824982,7.49222421646,4.06054115295,2.46406340599,1.20284664631,0.565962016582,0.239871665835,0.0715188235044,0.0211629141122,0.0023049688898,0.000162554220879],"min":[2.14652258241e-22,1.5123931213e-21,4.44740320636e-21,9.16284281955e-21,1.98242347943e-20,3.84727906753e-20,5.02411571048e-20,1.35269685676e-19,1.55401090437e-19,2.3510512526e-19,3.60889130186e-19,7.10697090392e-19,4.56121710326e-19,1.20855026942e-18,9.63253477679e-19,2.12251463933e-18,1.9748839931e-18,1.6837411295e-18,3.61248260989e-18,3.77613988049e-18,4.75670459403e-18,4.8689467993e-18,5.31733121727e-18,5.50514753843e-18,8.64758104292e-18,9.98493191571e-18,1.05668410689e-17,1.15127254081e-17,1.18956860435e-17,1.12801495168e-17,1.17214470649e-17,1.18811483442e-17,1.13973758989e-17,9.45637756636e-18,7.28737268827e-18,3.91006042166e-18,2.74028806917e-18,1.06652811453e-18,2.8218382548e-19,2.80718475025e-20],"var":[0.038424834609,6.84397935867,186.74949646,327.834320068,330.551757812,374.036651611,158.514938354,332.718658447,358.199584961,570.289611816,4479.20507812,2222.98168945,7462.08105469,3304.51855469,860.249694824,1509.16552734,1353.95153809,3360.75854492,2174.33081055,1799.38330078,968.739257812,380.140106201,798.538696289,1193.68945312,1684.92602539,837.073669434,495.424560547,453.218353271,398.532836914,311.711273193,154.741409302,63.4552383423,26.5973701477,6.12875413895,1.26745343208,0.160170912743,0.0254192128778,0.0035939568188,0.0000846394905238,4.88982948355e-7]},"erbbands_crest":{"dmean":2.1311249733,"dmean2":3.48005366325,"dvar":4.37113809586,"dvar2":11.1445608139,"max":28.8635482788,"mean":7.2566151619,"median":6.36948347092,"min":2.31230974197,"var":11.8559837341},"erbbands_flatness_db":{"dmean":0.0116352317855,"dmean2":0.0177961010486,"dvar":0.000139181982377,"dvar2":0.000293160846923,"max":0.337498486042,"mean":0.116367064416,"median":0.0999426096678,"min":0.0402831546962,"var":0.00239181960933},"erbbands_kurtosis":{"dmean":0.499477684498,"dmean2":0.823209345341,"dvar":0.600611627102,"dvar2":1.48311328888,"max":15.6494579315,"mean":-0.49238550663,"median":-0.74312376976,"min":-1.86492228508,"var":1.15227663517},"erbbands_skewness":{"dmean":0.297565072775,"dmean2":0.473399788141,"dvar":0.0770254582167,"dvar2":0.18553981185,"max":2.86434626579,"mean":-0.0285644866526,"median":0.00291116489097,"min":-3.10051751137,"var":0.336195856333},"erbbands_spread":{"dmean":8.69447517395,"dmean2":13.936712265,"dvar":66.5816040039,"dvar2":161.281784058,"max":139.507522583,"mean":55.3610610962,"median":54.9184150696,"min":8.34837341309,"var":417.088867188},"gfcc":{"cov":[[11462.4384766,243.033477783,246.547897339,483.409301758,-148.419555664,572.916748047,-267.047698975,94.9936294556,-256.093353271,-17.095035553,-228.363693237,11.5030975342,-194.11177063],[243.033477783,667.354614258,-177.380615234,27.6810131073,146.763870239,-29.551158905,58.7230148315,-11.6543884277,23.4931755066,-50.4308280945,-14.6176252365,-59.7389030457,-23.2687339783],[246.547897339,-177.380615234,1395.57116699,503.12701416,103.259796143,437.621368408,-42.2688331604,27.6627998352,-143.590164185,22.1879806519,-85.3773956299,58.5449676514,-155.749801636],[483.409301758,27.6810131073,503.12701416,530.30255127,77.5619277954,241.945785522,-16.643447876,47.541633606,-58.2158050537,-15.4075307846,-37.7628822327,3.70362091064,-74.4252243042],[-148.419555664,146.763870239,103.259796143,77.5619277954,240.481384277,59.3957672119,68.2596969604,30.1239528656,10.5639123917,-15.594540596,-6.90999317169,-13.1299362183,-18.415605545],[572.916748047,-29.551158905,437.621368408,241.945785522,59.3957672119,365.16583252,-30.0067558289,14.9854898453,-93.7492828369,21.2516021729,-31.4613227844,21.8869400024,-68.3243179321],[-267.047698975,58.7230148315,-42.2688331604,-16.643447876,68.2596969604,-30.0067558289,124.08379364,26.6530399323,31.1825523376,-5.96083068848,14.7612037659,-12.447760582,12.4557600021],[94.9936294556,-11.6543884277,27.6627998352,47.541633606,30.1239528656,14.9854898453,26.6530399323,80.3812026978,30.4402675629,-0.868023872375,-3.84093928337,1.36683082581,5.90375518799],[-256.093353271,23.4931755066,-143.590164185,-58.2158050537,10.5639123917,-93.7492828369,31.1825523376,30.4402675629,94.0168685913,19.8172531128,18.4786834717,-6.11672544479,24.3881721497],[-17.095035553,-50.4308280945,22.1879806519,-15.4075307846,-15.594540596,21.2516021729,-5.96083068848,-0.868023872375,19.8172531128,75.2797164917,42.2842254639,20.1365890503,-3.23763895035],[-228.363693237,-14.6176252365,-85.3773956299,-37.7628822327,-6.90999317169,-31.4613227844,14.7612037659,-3.84093928337,18.4786834717,42.2842254639,75.9785308838,23.1059837341,18.3074378967],[11.5030975342,-59.7389030457,58.5449676514,3.70362091064,-13.1299362183,21.8869400024,-12.447760582,1.36683082581,-6.11672544479,20.1365890503,23.1059837341,57.6269378662,12.4181756973],[-194.11177063,-23.2687339783,-155.749801636,-74.4252243042,-18.415605545,-68.3243179321,12.4557600021,5.90375518799,24.3881721497,-3.23763895035,18.3074378967,12.4181756973,72.987487793]],"icov":[[0.00012459057325,-0.000096109113656,0.000141098280437,-0.0000760397597332,0.000110167151433,-0.0000760067996453,0.000113753674668,-0.000380315934308,0.000420894357376,-0.000379141012672,0.00054586440092,-0.000269639189355,0.000243763439357],[-0.000096109113656,0.00224467902444,0.000378151744371,-0.00028310585185,-0.00128848082386,-0.000140664880746,-0.000352672563167,0.00141462136526,-0.00109758519102,0.00152608600911,-0.000736922840588,0.00108149100561,0.000902538828086],[0.000141098280437,0.000378151744371,0.00207338389009,-0.00110988132656,-0.00042631989345,-0.000536577834282,-0.000453789310995,-0.000369245361071,0.00157706160098,-0.00178855331615,0.00289150443859,-0.00253493967466,0.00238568056375],[-0.0000760397597332,-0.00028310585185,-0.00110988132656,0.00373795046471,-0.0000246619765676,-0.00143441173714,0.000741212686989,-0.00156028801575,-0.000852348690387,0.00246773846447,-0.00213108141907,0.0011311294511,0.000537777959835],[0.000110167151433,-0.00128848082386,-0.00042631989345,-0.0000246619765676,0.00658957287669,-0.00135297991801,-0.0026210360229,-0.00108165142592,-0.0012393965153,0.00145987106953,-0.000551589764655,0.0000254103633779,0.000491136917844],[-0.0000760067996453,-0.000140664880746,-0.000536577834282,-0.00143441173714,-0.00135297991801,0.00719061819836,0.0000555883634661,-0.00215425877832,0.00644926121458,-0.00552094867453,0.00283054145984,-0.00116042234004,0.000787512748502],[0.000113753674668,-0.000352672563167,-0.000453789310995,0.000741212686989,-0.0026210360229,0.0000555883634661,0.0119304191321,-0.00294869788922,-0.00165422586724,0.00226065097377,-0.00400011148304,0.00296744983643,-0.00127772265114],[-0.000380315934308,0.00141462136526,-0.000369245361071,-0.00156028801575,-0.00108165142592,-0.00215425877832,-0.00294869788922,0.0201801434159,-0.010671149008,0.00408446090296,-0.000431351538282,-0.000387835840229,-0.00243703299202],[0.000420894357376,-0.00109758519102,0.00157706160098,-0.000852348690387,-0.0012393965153,0.00644926121458,-0.00165422586724,-0.010671149008,0.0264497566968,-0.0142051167786,0.00651239464059,-0.000246191164479,-0.000924085907172],[-0.000379141012672,0.00152608600911,-0.00178855331615,0.00246773846447,0.00145987106953,-0.00552094867453,0.00226065097377,0.00408446090296,-0.0142051167786,0.0319983884692,-0.0193718411028,0.000436931237346,0.00361248268746],[0.00054586440092,-0.000736922840588,0.00289150443859,-0.00213108141907,-0.000551589764655,0.00283054145984,-0.00400011148304,-0.000431351538282,0.00651239464059,-0.0193718411028,0.0313291139901,-0.0106931012124,-0.000632259238046],[-0.000269639189355,0.00108149100561,-0.00253493967466,0.0011311294511,0.0000254103633779,-0.00116042234004,0.00296744983643,-0.000387835840229,-0.000246191164479,0.000436931237346,-0.0106931012124,0.0279949139804,-0.00816249474883],[0.000243763439357,0.000902538828086,0.00238568056375,0.000537777959835,0.000491136917844,0.000787512748502,-0.00127772265114,-0.00243703299202,-0.000924085907172,0.00361248268746,-0.000632259238046,-0.00816249474883,0.0235689207911]],"mean":[48.8745040894,61.7386512756,-101.640983582,37.7510795593,-54.6769485474,9.62590789795,-24.6347541809,1.19659674168,-23.3440647125,0.408165752888,-19.5937252045,-4.82102108002,-13.3838100433]},"hfc":{"dmean":6.90346384048,"dmean2":10.8695459366,"dvar":80.6840209961,"dvar2":185.3878479,"max":154.057907104,"mean":33.8421173096,"median":34.1587753296,"min":1.10364601231e-16,"var":324.193359375},"melbands":{"dmean":[0.00113378057722,0.00275400048122,0.00162825756706,0.000749953032937,0.000265502836555,0.000256523664575,0.000147490223753,0.000118354437291,0.000137792871101,0.000100976598333,0.000171153966221,0.0000696974457242,0.0000408318410337,0.0000366009626305,0.0000294675046462,0.0000353955729224,0.0000450338993687,0.0000249465938396,0.0000208177370951,0.0000201917882805,0.0000144487667058,0.0000108260046545,0.00000949977311393,0.0000102962130768,0.0000125679962366,0.00000967869073065,0.000013610086171,0.00000984547114058,0.00000727100086806,0.00000593225786361,0.0000061294022089,0.00000496057009514,0.00000406235130868,0.00000309664892484,0.00000268240728474,0.00000181153279755,0.00000127859880195,0.0000011478016404,8.95330572348e-7,6.30477529739e-7],"dmean2":[0.00189887033775,0.00470075663179,0.00279874913394,0.00127780146431,0.000447156955488,0.000440380128566,0.000246965704719,0.000196447421331,0.000216582702706,0.000161542295245,0.000277470855508,0.000109779459308,0.0000658349163132,0.0000604004635534,0.0000477818248328,0.0000572094322706,0.0000711312823114,0.0000396364921471,0.0000341750856023,0.0000316258810926,0.0000232772144955,0.0000178068075911,0.0000153524979396,0.0000165040728461,0.0000208740693779,0.0000160718263942,0.0000224690975301,0.000016321102521,0.000012100234926,0.00000972340149019,0.0000101557279777,0.00000821734738565,0.00000665252309773,0.00000495838366987,0.00000436789878222,0.00000279010828308,0.00000196988935386,0.00000181120481102,0.00000143115960327,9.87543103292e-7],"dvar":[0.00000253217763202,0.0000153398304974,0.00000432223578173,8.30786632378e-7,1.32013681764e-7,1.42504916312e-7,4.41879954849e-8,3.28136664507e-8,9.1397780011e-8,4.7017422844e-8,7.57005125251e-8,2.20401847884e-8,5.3138631273e-9,3.45580675187e-9,2.58503596307e-9,4.8442259093e-9,6.62201582458e-9,2.50737186569e-9,1.72382108587e-9,1.72178893365e-9,4.97789365284e-10,2.54851251213e-10,2.64814781215e-10,3.48092027425e-10,4.2875195061e-10,2.47028369982e-10,5.86232062894e-10,2.31053648436e-10,1.1539363215e-10,6.9435117378e-11,8.04098870821e-11,6.12545986156e-11,5.68420241431e-11,3.45170940441e-11,2.71486288311e-11,1.29893847414e-11,1.16314015711e-11,6.86860464338e-12,2.88929188734e-12,1.67416883308e-12],"dvar2":[0.00000705695538272,0.0000436267328041,0.0000120670374599,0.0000022925698886,3.60631418062e-7,3.86051652868e-7,1.17608365713e-7,8.93990872441e-8,2.03409541655e-7,1.16062430777e-7,1.98872953661e-7,5.1305402593e-8,1.3328542714e-8,8.83782913519e-9,6.45837694435e-9,1.2460852794e-8,1.69321250354e-8,6.31212015989e-9,4.56349535938e-9,4.1665320083e-9,1.23218890646e-9,6.3754068691e-10,6.66340760347e-10,8.2122786349e-10,1.05383468618e-9,6.27565055478e-10,1.57968205183e-9,5.98772365024e-10,2.79127054803e-10,1.76389680639e-10,2.12621642515e-10,1.52316104174e-10,1.3463666293e-10,7.41894184975e-11,5.88672791069e-11,2.7984831466e-11,2.50810535535e-11,1.48630985991e-11,6.36305157869e-12,3.57363466076e-12],"max":[0.0182063095272,0.0503641851246,0.0292197912931,0.00978179182857,0.0042185196653,0.00466201407835,0.00327357114293,0.00376148195937,0.0086348541081,0.00636176625267,0.00447718426585,0.00289121014066,0.00179220666178,0.00127035158221,0.00108402839396,0.00145453540608,0.00277525093406,0.00129281659611,0.000882906664629,0.000937754055485,0.000526467163581,0.000412213295931,0.000492160907015,0.000417548144469,0.000448651990155,0.000330829236191,0.000481238821521,0.000429669365985,0.000290418509394,0.000160463314387,0.000138048664667,0.000182239615242,0.000173776003066,0.000144205187098,0.000148727267515,0.000141187614645,0.000115350951091,0.0000708433217369,0.000062448947574,0.000037020588934],"mean":[0.00171685626265,0.00505421543494,0.00278442399576,0.00125283910893,0.000422658922616,0.000356571370503,0.000246457668254,0.000206359211006,0.000234998544329,0.000181786948815,0.000316077726893,0.000129780397401,0.0000732401167625,0.0000671422894811,0.0000546247501916,0.0000643922539894,0.0000846311886562,0.0000479063928651,0.0000384652194043,0.000040752132918,0.0000285727874143,0.0000216788175749,0.0000185404933291,0.0000216946828004,0.0000246835916187,0.0000195853208425,0.0000270602813544,0.0000198536872631,0.0000159876999533,0.0000136783028211,0.0000133625298986,0.0000114618042062,0.00000926095799514,0.00000709561345502,0.00000591654725213,0.00000427091754318,0.00000305932144329,0.0000025688734695,0.0000019535316369,0.00000136445828502],"median":[0.00105323432945,0.00305960141122,0.00200944580138,0.000915103708394,0.000285748828901,0.000222700051381,0.000156481750309,0.000115737559099,0.0000796884996817,0.0000797732209321,0.000150248422869,0.0000512821607117,0.000036056713725,0.0000393270893255,0.0000295857280435,0.0000290841508104,0.0000392595065932,0.0000228334101848,0.0000183835527423,0.0000160543186212,0.0000176413250301,0.0000146684988067,0.0000108621843538,0.0000130289045046,0.0000154083336383,0.0000125834194478,0.0000150025780385,0.0000142802173286,0.0000123737909234,0.00000984637335932,0.00000971615008893,0.00000839826043375,0.00000589874844081,0.0000046016257329,0.00000437694006905,0.00000327202633343,0.00000211872429645,0.00000178158859399,0.00000129983368424,8.77753620898e-7],"min":[2.27641946407e-24,2.40576977556e-24,2.14247600996e-24,2.02790382424e-24,2.22131082452e-24,3.00558134814e-24,2.65843600705e-24,3.22509648894e-24,2.71798593349e-24,3.98444019124e-24,2.40562146971e-24,4.25089926122e-24,2.89647103811e-24,6.17056466395e-24,3.88258720432e-24,2.8172264103e-24,2.54106139296e-24,4.87402443456e-24,4.0863416931e-24,4.86085282403e-24,5.48489859804e-24,4.19580245459e-24,4.70063990734e-24,2.82190829978e-24,4.25058884446e-24,6.98509194758e-24,5.48562395565e-24,6.73871254308e-24,5.46703208183e-24,6.09888678995e-24,5.2526689916e-24,4.65024510613e-24,6.34142917501e-24,5.40747781665e-24,6.56661543686e-24,6.24200114651e-24,6.92070354277e-24,5.6743703657e-24,6.86783329605e-24,8.35616612187e-24],"var":[0.0000041551211325,0.0000326789158862,0.00000793787512521,0.00000148949709455,1.97523988277e-7,1.72380609342e-7,8.18138516934e-8,7.56658025125e-8,2.56960561273e-7,1.04505495813e-7,1.86781107914e-7,6.15758253275e-8,1.33000952474e-8,8.15551892686e-9,5.84434900475e-9,1.13109388522e-8,1.56606105861e-8,5.99992588945e-9,3.49610784767e-9,4.90708806922e-9,1.28274724176e-9,5.61401591881e-10,5.70490654717e-10,8.54189274868e-10,8.97319052395e-10,5.47514922289e-10,1.34628475035e-9,4.06757655336e-10,2.33210478706e-10,1.73294142924e-10,1.79818021584e-10,1.40998213105e-10,1.30238347884e-10,8.95937490863e-11,6.35313537889e-11,3.0140990398e-11,2.45377017316e-11,1.62624289035e-11,7.64561764593e-12,3.76484173698e-12]},"melbands_crest":{"dmean":3.79228925705,"dmean2":6.44174289703,"dvar":10.0845479965,"dvar2":27.2195301056,"max":29.7474918365,"mean":15.5303230286,"median":15.0528373718,"min":1.89070677757,"var":27.9819355011},"melbands_flatness_db":{"dmean":0.0261211376637,"dmean2":0.042370993644,"dvar":0.000505682255607,"dvar2":0.00127976643853,"max":0.348035812378,"mean":0.174220472574,"median":0.170902773738,"min":0.00354236364365,"var":0.00255210977048},"melbands_kurtosis":{"dmean":9.02272987366,"dmean2":14.8860816956,"dvar":193.279327393,"dvar2":510.098571777,"max":272.217254639,"mean":18.5786914825,"median":11.755853653,"min":-1.81584739685,"var":562.980102539},"melbands_skewness":{"dmean":0.83922380209,"dmean2":1.36465525627,"dvar":0.629619240761,"dvar2":1.61999392509,"max":13.2133407593,"mean":3.41273641586,"median":3.1531496048,"min":-1.13331830502,"var":3.10637497902},"melbands_spread":{"dmean":8.34710597992,"dmean2":13.5804300308,"dvar":100.152549744,"dvar2":235.601959229,"max":205.303451538,"mean":25.8932743073,"median":22.3609390259,"min":1.72120249271,"var":331.592834473},"mfcc":{"cov":[[6421.24658203,258.857055664,507.575195312,81.0143737793,260.268341064,276.946777344,148.624130249,141.011077881,17.5303478241,-10.9793138504,0.693032264709,-24.600736618,-114.660873413],[258.857055664,682.903381348,-300.953826904,11.446688652,-15.2640028,-26.9690036774,0.961588323116,8.38009738922,21.5605373383,25.7230052948,-0.491573810577,-9.53382968903,-9.7348690033],[507.575195312,-300.953826904,1233.98657227,222.336364746,315.45513916,339.620880127,209.056304932,119.154815674,-3.50755238533,-53.7791824341,17.1750736237,52.9670906067,-52.6486320496],[81.0143737793,11.446688652,222.336364746,298.087738037,125.023132324,64.936088562,68.1506652832,80.4619369507,34.7123374939,17.8457069397,2.50839614868,8.62284469604,15.8747806549],[260.268341064,-15.2640028,315.45513916,125.023132324,250.879058838,156.920608521,108.903953552,80.7889633179,23.3239765167,-1.11535727978,14.7829284668,9.27055454254,-20.8890781403],[276.946777344,-26.9690036774,339.620880127,64.936088562,156.920608521,227.656005859,129.037185669,57.138584137,-5.16019868851,-10.799539566,21.2187042236,14.522895813,-31.1027488708],[148.624130249,0.961588323116,209.056304932,68.1506652832,108.903953552,129.037185669,156.059051514,67.3843536377,7.22907972336,4.56863451004,15.1243267059,3.11825942993,-16.0727272034],[141.011077881,8.38009738922,119.154815674,80.4619369507,80.7889633179,57.138584137,67.3843536377,98.1435928345,37.8117332458,7.44679260254,3.49342870712,-4.45029306412,-8.60241127014],[17.5303478241,21.5605373383,-3.50755238533,34.7123374939,23.3239765167,-5.16019868851,7.22907972336,37.8117332458,71.7427139282,29.0621261597,-2.32261562347,-4.67158222198,1.02759122849],[-10.9793138504,25.7230052948,-53.7791824341,17.8457069397,-1.11535727978,-10.799539566,4.56863451004,7.44679260254,29.0621261597,62.8591499329,21.4164524078,-1.48733770847,6.89326047897],[0.693032264709,-0.491573810577,17.1750736237,2.50839614868,14.7829284668,21.2187042236,15.1243267059,3.49342870712,-2.32261562347,21.4164524078,55.7626190186,22.7577400208,1.84985947609],[-24.600736618,-9.53382968903,52.9670906067,8.62284469604,9.27055454254,14.522895813,3.11825942993,-4.45029306412,-4.67158222198,-1.48733770847,22.7577400208,58.7092399597,23.5576343536],[-114.660873413,-9.7348690033,-52.6486320496,15.8747806549,-20.8890781403,-31.1027488708,-16.0727272034,-8.60241127014,1.02759122849,6.89326047897,1.84985947609,23.5576343536,69.6432952881]],"icov":[[0.000174993489054,-0.0000942265542108,-0.0000586756214034,0.0000642039813101,-0.0000570160191273,-0.000125165912323,0.000122197699966,-0.000208592085983,0.0000982939818641,-0.0000898727521417,0.0000717490256648,0.0000420810392825,0.000136686547194],[-0.0000942265542108,0.00186626892537,0.000822279544082,-0.000438664894318,-0.000133349385578,-0.000348349509295,-0.000395386072341,0.0000532552076038,-0.000262254703557,-0.000106659128505,0.000376414711354,-0.000777964887675,0.000814691826236],[-0.0000586756214034,0.000822279544082,0.0020674993284,-0.000889481161721,-0.000658027362078,-0.00173327024095,-0.000364530191291,0.00000356460054718,-0.000120469514513,0.00106117024552,0.000618378340732,-0.00178216979839,0.00121208513156],[0.0000642039813101,-0.000438664894318,-0.000889481161721,0.00545493792742,-0.0017374017043,0.00104443368036,0.0000715561618563,-0.00292604439892,0.000473104562843,-0.00194132619072,0.000995691167191,0.000228447053814,-0.00218960247003],[-0.0000570160191273,-0.000133349385578,-0.000658027362078,-0.0017374017043,0.00932836625725,-0.00404150271788,-0.000408555555623,-0.00207845377736,-0.00165132677648,0.000775212189183,-0.000921714759897,0.000322965177475,0.000290963944281],[-0.000125165912323,-0.000348349509295,-0.00173327024095,0.00104443368036,-0.00404150271788,0.0136200655252,-0.00651593180373,0.000823521404527,0.00169208133593,0.000544289243408,-0.00170492962934,-0.00100270472467,0.00197091465816],[0.000122197699966,-0.000395386072341,-0.000364530191291,0.0000715561618563,-0.000408555555623,-0.00651593180373,0.015405125916,-0.00720449071378,0.00315805664286,-0.00280289212242,-0.00028580869548,0.00117867277004,-0.000673420261592],[-0.000208592085983,0.0000532552076038,0.00000356460054718,-0.00292604439892,-0.00207845377736,0.000823521404527,-0.00720449071378,0.0232178904116,-0.0111436927691,0.00473135337234,-0.00255601666868,0.00279845274054,0.00010065503011],[0.0000982939818641,-0.000262254703557,-0.000120469514513,0.000473104562843,-0.00165132677648,0.00169208133593,0.00315805664286,-0.0111436927691,0.0252122990787,-0.012840074487,0.00659036776051,-0.00244333408773,0.00108932342846],[-0.0000898727521417,-0.000106659128505,0.00106117024552,-0.00194132619072,0.000775212189183,0.000544289243408,-0.00280289212242,0.00473135337234,-0.012840074487,0.0281880609691,-0.0137480013072,0.00560235464945,-0.00263546220958],[0.0000717490256648,0.000376414711354,0.000618378340732,0.000995691167191,-0.000921714759897,-0.00170492962934,-0.00028580869548,-0.00255601666868,0.00659036776051,-0.0137480013072,0.029596067965,-0.01308335457,0.00389468669891],[0.0000420810392825,-0.000777964887675,-0.00178216979839,0.000228447053814,0.000322965177475,-0.00100270472467,0.00117867277004,0.00279845274054,-0.00244333408773,0.00560235464945,-0.01308335457,0.0282356794924,-0.0108940480277],[0.000136686547194,0.000814691826236,0.00121208513156,-0.00218960247003,0.000290963944281,0.00197091465816,-0.000673420261592,0.00010065503011,0.00108932342846,-0.00263546220958,0.00389468669891,-0.0108940480277,0.0207640882581]],"mean":[-596.817199707,95.4890670776,8.76814174652,31.0846576691,-3.69765520096,12.2688817978,2.83722281456,2.71007370949,0.953153073788,4.0513420105,-1.28358888626,-3.42501735687,-5.02350568771]},"pitch_salience":{"dmean":0.0764444544911,"dmean2":0.128096342087,"dvar":0.00432755611837,"dvar2":0.0118738729507,"max":0.84847933054,"mean":0.547585248947,"median":0.550652861595,"min":0.181717664003,"var":0.0108949299902},"silence_rate_20dB":{"dmean":0,"dmean2":0,"dvar":0,"dvar2":0,"max":1,"mean":1,"median":1,"min":1,"var":0},"silence_rate_30dB":{"dmean":0.00689145969227,"dmean2":0.0137846153229,"dvar":0.00684326793998,"dvar2":0.019745901227,"max":1,"mean":0.996185541153,"median":1,"min":0,"var":0.00380030041561},"silence_rate_60dB":{"dmean":0.00147674127948,"dmean2":0.00295384624042,"dvar":0.00147452775855,"dvar2":0.00343752815388,"max":1,"mean":0.0402362495661,"median":0,"min":0,"var":0.0386157669127},"spectral_centroid":{"dmean":317.041107178,"dmean2":514.882873535,"dvar":100325.898438,"dvar2":232340.3125,"max":11594.9384766,"mean":1723.81567383,"median":1669.45678711,"min":328.242828369,"var":669234.5625},"spectral_complexity":{"dmean":4.42037916183,"dmean2":6.86079978943,"dvar":21.5435676575,"dvar2":47.034324646,"max":57,"mean":25.1733722687,"median":25,"min":0,"var":112.895729065},"spectral_contrast_coeffs":{"dmean":[0.0553164109588,0.0487275086343,0.0407448522747,0.0289639495313,0.0216106306762,0.0174252148718],"dmean2":[0.0927419513464,0.0821217224002,0.0669643878937,0.0472858548164,0.0352432131767,0.0278555639088],"dvar":[0.00188718258869,0.00146831490565,0.00105153326876,0.000557669030968,0.000328964990331,0.000233235390624],"dvar2":[0.0052161347121,0.00413908623159,0.00276266061701,0.00140299811028,0.000784128787927,0.000562335015275],"max":[-0.304834663868,-0.425163865089,-0.369035512209,-0.494824767113,-0.569361448288,-0.585058808327],"mean":[-0.613174140453,-0.743812561035,-0.750005364418,-0.774246573448,-0.771957933903,-0.73019772768],"median":[-0.611284255981,-0.75016283989,-0.756228506565,-0.785871207714,-0.780830979347,-0.733887434006],"min":[-0.985634565353,-0.973375558853,-0.974253535271,-0.967504799366,-0.965411186218,-0.965427994728],"var":[0.00625134631991,0.00486328173429,0.00581599911675,0.00463332654908,0.00295044644736,0.00137058098335]},"spectral_contrast_valleys":{"dmean":[0.397786617279,0.353331506252,0.302977412939,0.269450455904,0.221817865968,0.221203416586],"dmean2":[0.670295059681,0.583896040916,0.491627782583,0.425025194883,0.341895103455,0.324743360281],"dvar":[0.14425830543,0.130843743682,0.0987932235003,0.0960077270865,0.0931900367141,0.0926910638809],"dvar2":[0.346056193113,0.292183458805,0.210360810161,0.198230624199,0.186797976494,0.171563103795],"max":[-5.14467763901,-4.76254606247,-5.44103145599,-5.99231529236,-5.49329614639,-7.35570430756],"mean":[-7.03718280792,-6.6024017334,-7.16368818283,-7.51763916016,-7.15347909927,-9.49170017242],"median":[-6.61173629761,-6.3957452774,-6.94352579117,-7.31074047089,-6.92796897888,-9.10885429382],"min":[-28.2735042572,-28.1188774109,-27.5455627441,-27.5262413025,-27.4921169281,-27.3644428253],"var":[2.88965630531,2.14909434319,2.05160784721,1.98185014725,2.00394511223,2.15333271027]},"spectral_decrease":{"dmean":3.48887030377e-9,"dmean2":5.84426684824e-9,"dvar":1.53738217006e-17,"dvar2":4.35627224976e-17,"max":1.04357308483e-28,"mean":-1.07662954107e-8,"median":-1.04182680261e-8,"min":-5.01394659125e-8,"var":4.29901844735e-17},"spectral_energy":{"dmean":0.0134549075738,"dmean2":0.0224934890866,"dvar":0.000224864343181,"dvar2":0.000636523182038,"max":0.195328935981,"mean":0.0437040738761,"median":0.0430739447474,"min":1.01769727129e-20,"var":0.000647879496682},"spectral_energyband_high":{"dmean":0.00066936807707,"dmean2":0.00104606640525,"dvar":0.00000116057071864,"dvar2":0.0000025604970233,"max":0.0196862127632,"mean":0.00228825258091,"median":0.00182647362817,"min":7.17646551373e-21,"var":0.00000405951914217},"spectral_energyband_low":{"dmean":0.0109167154878,"dmean2":0.0185987520963,"dvar":0.000203308925848,"dvar2":0.000582293781918,"max":0.175663083792,"mean":0.021958630532,"median":0.0170184951276,"min":2.01134523941e-23,"var":0.000437808572315},"spectral_energyband_middle_high":{"dmean":0.00170652777888,"dmean2":0.00268046907149,"dvar":0.00000387544150726,"dvar2":0.0000094623219411,"max":0.0292346067727,"mean":0.00657619396225,"median":0.00575330061838,"min":1.35722839692e-21,"var":0.0000223295191972},"spectral_energyband_middle_low":{"dmean":0.00634302059188,"dmean2":0.0106749068946,"dvar":0.0000418921663368,"dvar2":0.000114397058496,"max":0.0711242780089,"mean":0.0162208676338,"median":0.0152876963839,"min":2.21555434873e-22,"var":0.000105504070234},"spectral_entropy":{"dmean":0.116466529667,"dmean2":0.18463601172,"dvar":0.0128239989281,"dvar2":0.0284630190581,"max":9.82037258148,"mean":7.84049367905,"median":7.92819452286,"min":6.33272266388,"var":0.128170415759},"spectral_flux":{"dmean":0.0242594629526,"dmean2":0.038755171001,"dvar":0.000581058964599,"dvar2":0.00142405705992,"max":0.371554553509,"mean":0.106217443943,"median":0.105114556849,"min":6.48313278062e-11,"var":0.00193276989739},"spectral_kurtosis":{"dmean":0.753642976284,"dmean2":1.27553761005,"dvar":0.978602945805,"dvar2":2.98581671715,"max":15.9566860199,"mean":2.68191051483,"median":2.27795600891,"min":-1.27590560913,"var":2.75217080116},"spectral_rms":{"dmean":0.000956989591941,"dmean2":0.00157654890791,"dvar":8.78760090472e-7,"dvar2":0.00000237781250689,"max":0.0138045214117,"mean":0.00616176100448,"median":0.00648254249245,"min":3.15099248777e-12,"var":0.00000467075642518},"spectral_rolloff":{"dmean":696.257568359,"dmean2":1189.70422363,"dvar":801091.4375,"dvar2":1873373.125,"max":19272.2167969,"mean":1781.38525391,"median":1378.125,"min":107.666015625,"var":2909860.75},"spectral_skewness":{"dmean":0.14262239635,"dmean2":0.230837836862,"dvar":0.0219707973301,"dvar2":0.0544732138515,"max":2.49662661552,"mean":1.14209389687,"median":1.15198457241,"min":-0.0527455359697,"var":0.0845989435911},"spectral_spread":{"dmean":418485.625,"dmean2":646512.0625,"dvar":484048470016,"dvar2":1013014986750,"max":42648752,"mean":5554413.5,"median":5659738.5,"min":2072496.875,"var":5851152646140},"spectral_strongpeak":{"dmean":0.421546578407,"dmean2":0.735510289669,"dvar":0.473419606686,"dvar2":1.290979743,"max":9.54650402069,"mean":0.773103177547,"median":0.571916997433,"min":0,"var":0.694045841694},"zerocrossingrate":{"dmean":0.0107066752389,"dmean2":0.0135446516797,"dvar":0.000145012963912,"dvar2":0.00023341247288,"max":0.51904296875,"mean":0.0738905891776,"median":0.06982421875,"min":0.0078125,"var":0.00144909019582}},"metadata":{"audio_properties":{"analysis_sample_rate":44100,"bit_rate":0,"codec":"flac","downmix":"mix","equal_loudness":0,"length":188.679992676,"lossless":true,"md5_encoded":"7c1a92b05e74ce6086a3644076890a95","replay_gain":-14.0423488617,"sample_rate":44100},"tags":{"album":["West Ryder Pauper Lunatic Asylum"],"albumartist":["Kasabian"],"albumartistsort":["Kasabian"],"artist":["Kasabian"],"artistsort":["Kasabian"],"asin":["B0021MFCOO"],"date":["2009"],"discnumber":["1"],"disctotal":["2"],"file_name":"14. Cunny Grope Lane.flac","genre":["Alternative"],"language":["eng"],"musicbrainz_albumartistid":["69b39eab-6577-46a4-a9f5-817839092033"],"musicbrainz_albumid":["9abf8864-0a0e-4b3b-b560-e950aa8ec9d9"],"musicbrainz_artistid":["69b39eab-6577-46a4-a9f5-817839092033"],"musicbrainz_recordingid":["df45e8a8-4a82-4fa3-9e47-da4fe67d88f9"],"musicbrainz_releasegroupid":["4a8b40bb-6af1-4284-b0b6-ac5c06f6442a"],"musicip_puid":["6689579f-4f94-062a-bd10-c7d4dc0b657f"],"originaldate":["2009-06-08"],"releasecountry":["JP"],"releasestatus":["official"],"releasetype":["album"],"script":["Latn"],"title":["Cunny Grope Lane"],"totaldiscs":["2"],"totaltracks":["15"],"tracknumber":["14"],"tracktotal":["15"]},"version":{"essentia":"2.1-beta2","essentia_build_sha":"70f2e5ece6736b2c40cc944ad0e695b16b925413","essentia_git_sha":"v2.1_beta2","extractor":"music 1.0"}},"rhythm":{"beats_count":393,"beats_loudness":{"dmean":0.0208150558174,"dmean2":0.0365265458822,"dvar":0.000410364096751,"dvar2":0.00122033548541,"max":0.171400085092,"mean":0.0560195781291,"median":0.0550875514746,"min":9.85771553275e-9,"var":0.00088088150369},"beats_loudness_band_ratio":{"dmean":[0.169280409813,0.0914746820927,0.0763012617826,0.0547251068056,0.0383816584945,0.0436619929969],"dmean2":[0.294491767883,0.15426003933,0.13294711709,0.0979870632291,0.0688432306051,0.0774969756603],"dvar":[0.0200316086411,0.00578207150102,0.00542893074453,0.00440676324069,0