{"lowlevel":{"average_loudness":0.823039472103,"barkbands":{"dmean":[0.000297516497085,0.00518436450511,0.00326708541252,0.00140367203858,0.00153974583372,0.000613564450759,0.000569775293116,0.000869559531566,0.00100656144787,0.000530824007001,0.000370685069356,0.00044550182065,0.000317235622788,0.000436751462985,0.000337758159731,0.000230195335462,0.000257033825619,0.000157861824846,0.000167490856256,0.000112974536023,0.000116794406495,0.000166537894984,0.0000949578607106,0.0000792010469013,0.0000607140718785,0.0000497270957567,0.0000255360937444],"dmean2":[0.000460698298411,0.00851489696652,0.00589824141935,0.00248992140405,0.00255030719563,0.00102286902256,0.000919181038626,0.00141920638271,0.00157242652494,0.000850277720019,0.000581068161409,0.00071623158874,0.00051416043425,0.000703966361471,0.000545175222214,0.000375758769223,0.000423712364864,0.000258561049122,0.000271570897894,0.000179330832907,0.000174673114088,0.000243322007009,0.000136526563438,0.000113089750812,0.0000847479605,0.000067230364948,0.000036101006117],"dvar":[5.84281679039e-7,0.00019800690643,0.000114021881018,0.0000185721983144,0.0000114656286314,0.00000188177375549,0.00000124401140056,0.00000471054272566,0.00000725753625375,0.00000229774127547,7.48788977489e-7,0.00000205552305488,5.27772726855e-7,0.00000127798739413,0.00000107398932414,3.14032121196e-7,3.54986013917e-7,1.03223065651e-7,1.03629602677e-7,7.5805971278e-8,9.55713588269e-8,1.29671335003e-7,5.68039979498e-8,3.29305827051e-8,2.13819024708e-8,1.36050086752e-8,5.0671276064e-9],"dvar2":[0.00000134191498091,0.000510073849,0.000322164210957,0.0000517619409948,0.0000296555881505,0.00000509567053086,0.00000312266092806,0.0000121179382404,0.0000179218186531,0.00000578066737944,0.00000178611139745,0.00000526796929989,0.00000129182262754,0.00000299447788166,0.00000243554018198,8.02807164746e-7,9.3894203701e-7,2.64026141394e-7,2.5844474294e-7,1.82842455843e-7,1.93363845824e-7,2.71325831136e-7,1.14611225399e-7,6.70846205253e-8,4.35146603195e-8,2.63837200976e-8,1.03270236806e-8],"max":[0.0126953721046,0.136781826615,0.160956412554,0.0610832050443,0.0501169785857,0.0237421765924,0.0212192777544,0.0479097887874,0.0734819248319,0.0534153804183,0.0197612829506,0.0419323928654,0.0177787393332,0.0324994921684,0.0352337732911,0.0115372603759,0.0179328564554,0.00554260145873,0.00638621579856,0.00556607404724,0.00832258164883,0.00710992468521,0.00518645904958,0.00421467097476,0.0030540204607,0.00323394197039,0.00146015721839],"mean":[0.000322102481732,0.00581087032333,0.00273636658676,0.00132403953467,0.00203907466494,0.000898976344615,0.000922830950003,0.00121154193766,0.00162971613463,0.000780763279181,0.000592640601099,0.000714372727089,0.000486953911604,0.000663913029712,0.000511899241246,0.000356452190317,0.000399172276957,0.000246639625402,0.000298675964586,0.000175944835064,0.000192372608581,0.000312921561999,0.000169015300344,0.000152402470121,0.000109778011392,0.0000777116656536,0.0000335600270773],"median":[0.0000156767800945,0.00042904401198,0.000142551405588,0.00015377625823,0.000967094383668,0.000337710545864,0.000392777728848,0.000322397740092,0.000414994661696,0.000159991817782,0.000159867617185,0.000193813073565,0.000181653886102,0.00019754547975,0.000163142365636,0.00012957357103,0.000144435383845,0.0000998488249024,0.000124438403873,0.00007021829515,0.0000725743739167,0.000115657298011,0.0000687815045239,0.0000686217535986,0.0000486836361233,0.000017983980797,0.00000308590210807],"min":[1.93020280948e-24,1.69025045199e-24,1.28626689382e-24,4.6158046223e-24,2.96015510845e-23,3.05629200925e-23,2.26216845516e-23,3.13343377054e-23,2.09281863593e-23,1.82277387758e-23,5.68296658299e-24,6.10536310132e-23,5.70221542016e-23,5.26832298963e-23,7.79698696015e-23,1.08014672162e-22,1.16897801313e-22,1.48720828883e-22,2.26207745217e-22,2.49612856999e-22,3.58644288827e-22,4.17766851453e-22,6.00146141108e-22,8.3432872734e-22,9.88144184032e-22,1.32587671689e-21,2.08044244331e-21],"var":[7.01651742929e-7,0.000185490571312,0.0000750095423427,0.000014694708625,0.0000119791129691,0.00000235213155975,0.00000218907985072,0.00000716794875188,0.0000159194551088,0.00000375073273062,0.00000160919137215,0.00000455221243101,9.15515386168e-7,0.00000246252761826,0.00000181623659046,4.54774237824e-7,5.12637711836e-7,1.60399380889e-7,2.21772111786e-7,1.05919482962e-7,1.53547517812e-7,2.82305137489e-7,1.04148575986e-7,6.70352875431e-8,3.80068456707e-8,2.60975845379e-8,7.81471776179e-9]},"barkbands_crest":{"dmean":2.85141253471,"dmean2":4.54116916656,"dvar":6.97208213806,"dvar2":16.6300868988,"max":25.3066959381,"mean":9.17874717712,"median":8.1786403656,"min":1.9774364233,"var":17.8944683075},"barkbands_flatness_db":{"dmean":0.0222062207758,"dmean2":0.0333424024284,"dvar":0.000556178856641,"dvar2":0.001284119091,"max":0.35943031311,"mean":0.10087249428,"median":0.0915027782321,"min":0.00832310784608,"var":0.00220932788216},"barkbands_kurtosis":{"dmean":3.60331869125,"dmean2":5.80474328995,"dvar":83.5118942261,"dvar2":213.362197876,"max":236.559280396,"mean":3.76256036758,"median":0.837537646294,"min":-1.93034386635,"var":104.777954102},"barkbands_skewness":{"dmean":0.636050343513,"dmean2":0.956660032272,"dvar":0.689528465271,"dvar2":1.55314517021,"max":14.513584137,"mean":1.39297497272,"median":1.10476231575,"min":-4.80066394806,"var":1.83222019672},"barkbands_spread":{"dmean":7.03846502304,"dmean2":10.5595035553,"dvar":65.6338119507,"dvar2":150.296661377,"max":115.943870544,"mean":26.9123191833,"median":24.9752197266,"min":1.02137315273,"var":194.194839478},"dissonance":{"dmean":0.0166016817093,"dmean2":0.027863483876,"dvar":0.000247562100412,"dvar2":0.000660285295453,"max":0.500000119209,"mean":0.470340937376,"median":0.476256668568,"min":0.29125520587,"var":0.000535362225492},"dynamic_complexity":5.40660190582,"erbbands":{"dmean":[0.141501039267,1.26705908775,3.52444124222,4.63056373596,3.79829573631,6.50074338913,5.56901597977,5.38086271286,6.65018796921,11.4218673706,22.903219223,22.2705097198,18.2448253632,13.7081155777,13.7723064423,15.5346374512,15.0218458176,19.0473613739,16.8971748352,15.886469841,11.732831955,14.644654274,8.94002628326,7.60181760788,8.29103183746,4.8522977829,4.12410879135,5.24740600586,6.27701568604,4.45518779755,2.48533844948,1.71960437298,1.32484972477,0.76367020607,0.411179274321,0.183226659894,0.0968059003353,0.0334405824542,0.00411717314273,0.000211828009924],"dmean2":[0.218922927976,2.18364691734,6.32536458969,8.25527954102,6.63405370712,10.638584137,9.23776054382,8.97305297852,10.8625020981,18.2202301025,36.9501724243,35.2057762146,29.129196167,21.1181964874,22.2615699768,24.8352832794,24.2989749908,30.5222816467,27.119556427,25.7488536835,19.0817108154,24.0764656067,14.6366052628,12.3296022415,13.3268728256,7.65892362595,6.28892087936,7.77705812454,9.30678272247,6.5294046402,3.53576040268,2.46880960464,1.91383779049,1.09204483032,0.575898051262,0.249095290899,0.135218545794,0.0471001565456,0.00585488276556,0.000301699183183],"dvar":[0.127431467175,13.3963546753,129.537353516,210.568222046,85.5935287476,263.503204346,161.080993652,149.047225952,206.813995361,506.54119873,4224.09863281,4009.6887207,2157.46606445,1320.68603516,1051.45983887,2853.93896484,1210.93896484,2581.59570312,2050.80102539,2448.9543457,757.098205566,1125.234375,321.302398682,230.035766602,297.028839111,148.417160034,117.287307739,205.377655029,171.545211792,110.094841003,41.2033081055,17.5414924622,9.60995197296,3.45058202744,0.944442391396,0.14777700603,0.0585392080247,0.00794520694762,0.000138041956234,3.58177800308e-7],"dvar2":[0.288381814957,36.216999054,364.612243652,590.368835449,237.343154907,661.072875977,428.423156738,405.726287842,543.728149414,1253.64794922,10652.4482422,10301.5488281,5444.66894531,2976.14453125,2864.4387207,7122.31591797,2873.55419922,6288.19091797,4789.62158203,5691.12548828,1924.24743652,2971.06835938,828.779418945,575.940124512,757.571289062,349.31918335,256.555450439,410.73815918,369.021728516,223.299316406,84.368850708,36.5252838135,19.7163486481,7.05193662643,1.99368035793,0.282264053822,0.119240432978,0.0162436105311,0.000284650916001,7.49008904677e-7],"max":[4.50044298172,37.0427970886,152.408691406,156.933853149,187.870895386,257.751922607,164.504699707,205.591140747,296.18838501,433.390838623,1596.90490723,2019.70556641,973.288085938,1386.28918457,1025.78430176,1943.86206055,961.914001465,1143.75805664,1604.09912109,1898.49499512,439.330291748,932.538696289,389.431671143,259.986022949,394.232116699,289.051208496,213.328186035,533.63079834,258.85333252,246.673156738,144.281280518,105.861595154,67.6600799561,37.1793212891,28.9032382965,8.31778240204,8.16143131256,2.39862370491,0.278086394072,0.0111418124288],"mean":[0.170347884297,1.28549385071,3.08724308014,4.2074713707,4.39856767654,8.30962657928,7.45413541794,8.13398361206,11.0435495377,18.038848877,33.467250824,35.5841522217,27.9612903595,23.4554100037,22.7899208069,26.2365150452,25.1589317322,30.7427082062,28.6034469604,25.3688621521,19.7433853149,23.816204071,15.0917873383,12.872926712,15.1436042786,7.92690372467,6.79552125931,8.805103302,11.5912046432,8.18938827515,4.37678909302,3.23785996437,2.45610356331,1.36732649803,0.734247863293,0.312512129545,0.141582980752,0.0456787012517,0.00540345394984,0.000281596148852],"median":[0.0104421023279,0.0868262350559,0.191514670849,0.406392067671,1.70193052292,3.29036855698,3.19168257713,3.05190038681,4.54999256134,7.58514928818,7.8665933609,9.3913602829,7.90779495239,6.19936466217,7.87523460388,7.92883586884,9.52501487732,10.50319767,11.0809440613,8.66342353821,8.01587486267,9.16451072693,6.6718621254,5.50555515289,6.65005636215,3.37798881531,2.60170125961,3.29214715958,4.25346183777,3.13370132446,1.76483988762,1.53315997124,1.01156353951,0.607741355896,0.30693462491,0.0976245105267,0.0300008580089,0.00551896635443,0.000524805625901,0.0000522786649526],"min":[1.00696201285e-22,5.68661074172e-22,3.33027377673e-21,1.26784896699e-20,4.25665430697e-20,6.96125476721e-20,1.01550624433e-19,2.60136644571e-19,2.75853257155e-19,2.52221973675e-19,1.14045459004e-18,6.5570183227e-19,6.85734950854e-19,5.21305248655e-19,7.68894312966e-19,2.97918341354e-18,2.56261442988e-18,3.16403408542e-18,3.87858123627e-18,4.66786911855e-18,5.61240804846e-18,6.03691052138e-18,6.79380104779e-18,9.19066730128e-18,9.81518783657e-18,1.25965834735e-17,1.26582961102e-17,1.49730725461e-17,1.41482427809e-17,1.7293962674e-17,1.58669437684e-17,1.64483425512e-17,1.26248589883e-17,9.36941358702e-18,8.73071021294e-18,4.4544317051e-18,2.59144415577e-18,1.08790204797e-18,2.48867161755e-19,3.28410413347e-20],"var":[0.153354555368,10.5835313797,87.0209274292,147.524368286,78.6033325195,277.702972412,165.956634521,199.682723999,338.341156006,882.114746094,7124.44726562,7669.84179688,3632.8203125,3114.67553711,1948.76574707,6072.55761719,2426.95239258,4888.5546875,3613.48754883,4259.62988281,1142.56237793,1712.43518066,547.23840332,383.392974854,627.862365723,204.95262146,179.521820068,334.872406006,373.644470215,211.798416138,74.69190979,33.0410804749,19.886051178,6.03954553604,1.66179668903,0.311320871115,0.099310323596,0.0130590694025,0.000209385805647,5.09372000579e-7]},"erbbands_crest":{"dmean":2.43366861343,"dmean2":3.98476243019,"dvar":5.37018108368,"dvar2":13.225569725,"max":26.9861812592,"mean":7.67467832565,"median":6.67132234573,"min":2.2170176506,"var":13.3216266632},"erbbands_flatness_db":{"dmean":0.0165559798479,"dmean2":0.0233567282557,"dvar":0.000244718394242,"dvar2":0.000459268427221,"max":0.379498362541,"mean":0.129946455359,"median":0.124444812536,"min":0.0257327724248,"var":0.001767508802},"erbbands_kurtosis":{"dmean":0.710566699505,"dmean2":1.11279225349,"dvar":1.11361658573,"dvar2":2.31032109261,"max":36.7494049072,"mean":0.128904089332,"median":-0.278260827065,"min":-1.75004267693,"var":3.08908200264},"erbbands_skewness":{"dmean":0.319969654083,"dmean2":0.489693015814,"dvar":0.0852883830667,"dvar2":0.190954193473,"max":3.06686830521,"mean":0.278884887695,"median":0.281841099262,"min":-4.68119955063,"var":0.360417723656},"erbbands_spread":{"dmean":9.01484298706,"dmean2":13.7198238373,"dvar":93.9225692749,"dvar2":206.711364746,"max":153.605270386,"mean":41.9220123291,"median":39.6609802246,"min":3.87422227859,"var":305.339019775},"gfcc":{"cov":[[16826.6054688,295.012359619,27.6373767853,736.762756348,-242.250076294,498.231719971,19.6446743011,219.29385376,24.1007633209,84.4334030151,-325.765655518,16.4944915771,-257.953643799],[295.012359619,1220.88842773,227.309783936,342.167938232,319.439025879,262.740234375,180.533828735,112.671066284,99.7823867798,2.61684560776,47.8743972778,-45.3697280884,-29.070848465],[27.6373767853,227.309783936,934.493286133,431.868835449,341.705596924,240.598403931,168.127838135,86.6955032349,65.8983230591,52.5819854736,-17.4949417114,-15.8504066467,-57.1815071106],[736.762756348,342.167938232,431.868835449,695.439147949,256.173736572,295.901062012,164.333511353,111.299575806,109.653167725,34.1336593628,0.480544894934,-31.4718494415,-36.6270637512],[-242.250076294,319.439025879,341.705596924,256.173736572,403.678405762,144.901031494,170.30708313,80.1808929443,81.59740448,34.8349761963,18.0530662537,-16.6220016479,-22.1036491394],[498.231719971,262.740234375,240.598403931,295.901062012,144.901031494,332.423980713,174.932876587,99.1503448486,79.2987213135,27.4178829193,-5.52900648117,-11.2239875793,-42.0682373047],[19.6446743011,180.533828735,168.127838135,164.333511353,170.30708313,174.932876587,263.427581787,85.8313827515,74.6593093872,13.2358188629,21.9058818817,4.8848695755,-32.257144928],[219.29385376,112.671066284,86.6955032349,111.299575806,80.1808929443,99.1503448486,85.8313827515,123.578453064,53.5836982727,23.97615242,7.91058588028,-6.05580186844,-9.43667507172],[24.1007633209,99.7823867798,65.8983230591,109.653167725,81.59740448,79.2987213135,74.6593093872,53.5836982727,146.711196899,39.6335754395,10.643237114,3.1757209301,1.57527184486],[84.4334030151,2.61684560776,52.5819854736,34.1336593628,34.8349761963,27.4178829193,13.2358188629,23.97615242,39.6335754395,82.1005249023,20.8490657806,8.44285964966,0.383008003235],[-325.765655518,47.8743972778,-17.4949417114,0.480544894934,18.0530662537,-5.52900648117,21.9058818817,7.91058588028,10.643237114,20.8490657806,85.7730484009,26.4061946869,15.2148885727],[16.4944915771,-45.3697280884,-15.8504066467,-31.4718494415,-16.6220016479,-11.2239875793,4.8848695755,-6.05580186844,3.1757209301,8.44285964966,26.4061946869,71.0015640259,25.7183990479],[-257.953643799,-29.070848465,-57.1815071106,-36.6270637512,-22.1036491394,-42.0682373047,-32.257144928,-9.43667507172,1.57527184486,0.383008003235,15.2148885727,25.7183990479,81.0983352661]],"icov":[[0.0000832924342831,-0.0000410859320255,0.0000614775708527,-0.000129289372126,0.000114115442557,-0.0000261096083705,0.0000426523620263,-0.000142468095873,0.000090068213467,-0.000192111037904,0.000413150206441,-0.000316138932249,0.000275008438621],[-0.0000410859320255,0.0012748654699,0.000142567849252,-0.000037074303691,-0.000893300399184,-0.000760209804866,0.000262784713414,-0.000104963473859,-0.000252973317401,0.000877113314345,-0.00118078908417,0.000901484978385,-0.000199003392481],[0.0000614775708527,0.000142567849252,0.00202018558048,-0.000825764145702,-0.00124075717758,-0.000439995958004,0.000108530082798,0.0000205779069802,0.000633132178336,-0.000849334755912,0.00100161903538,-0.000806962721981,0.000836971972603],[-0.000129289372126,-0.000037074303691,-0.000825764145702,0.00318243936636,-0.00071074673906,-0.00184105103835,0.000492984836455,-0.0000927109431359,-0.000946602143813,0.000805958872661,-0.00110889633652,0.00136102188844,-0.000741877651308],[0.000114115442557,-0.000893300399184,-0.00124075717758,-0.00071074673906,0.0055646202527,0.00117415643763,-0.00227958057076,-0.000439816911239,-0.00044730870286,-0.00120233092457,0.000443589524366,0.000492465565912,-0.000210274956771],[-0.0000261096083705,-0.000760209804866,-0.000439995958004,-0.00184105103835,0.00117415643763,0.00755411293358,-0.00313629186712,-0.00166243175045,-0.000241489760811,-0.00119204295333,0.00179058965296,-0.000810544064734,0.00123181357048],[0.0000426523620263,0.000262784713414,0.000108530082798,0.000492984836455,-0.00227958057076,-0.00313629186712,0.00828126166016,-0.00217353040352,-0.00155411416199,0.0023747687228,-0.00185444334056,-0.00171579991002,0.00223283516243],[-0.000142468095873,-0.000104963473859,0.0000205779069802,-0.0000927109431359,-0.000439816911239,-0.00166243175045,-0.00217353040352,0.01277177874,-0.00180400011595,-0.0015576510923,-0.000856739992741,0.00184367306065,-0.00126031215768],[0.000090068213467,-0.000252973317401,0.000633132178336,-0.000946602143813,-0.00044730870286,-0.000241489760811,-0.00155411416199,-0.00180400011595,0.0103134214878,-0.0043135304004,0.00144953117706,-0.000748719496187,-0.00107502448373],[-0.000192111037904,0.000877113314345,-0.000849334755912,0.000805958872661,-0.00120233092457,-0.00119204295333,0.0023747687228,-0.0015576510923,-0.0043135304004,0.0169694982469,-0.00534281693399,0.0000712007167749,0.000269206997473],[0.000413150206441,-0.00118078908417,0.00100161903538,-0.00110889633652,0.000443589524366,0.00179058965296,-0.00185444334056,-0.000856739992741,0.00144953117706,-0.00534281693399,0.0178617164493,-0.00678841676563,0.000107520514575],[-0.000316138932249,0.000901484978385,-0.000806962721981,0.00136102188844,0.000492465565912,-0.000810544064734,-0.00171579991002,0.00184367306065,-0.000748719496187,0.0000712007167749,-0.00678841676563,0.0203431360424,-0.00655442103744],[0.000275008438621,-0.000199003392481,0.000836971972603,-0.000741877651308,-0.000210274956771,0.00123181357048,0.00223283516243,-0.00126031215768,-0.00107502448373,0.000269206997473,0.000107520514575,-0.00655442103744,0.0167903378606]],"mean":[-17.1566810608,52.8582038879,-113.623809814,14.6412439346,-59.1998519897,10.6995897293,-39.2986450195,6.03975343704,-20.304353714,3.21386551857,-17.5843658447,2.74665403366,-12.7542734146]},"hfc":{"dmean":7.76280736923,"dmean2":10.8315343857,"dvar":234.578201294,"dvar2":443.797943115,"max":307.458679199,"mean":20.9190597534,"median":12.558807373,"min":1.12343740035e-16,"var":624.895080566},"melbands":{"dmean":[0.0013375307899,0.00179911230225,0.000771581486333,0.000341262901202,0.000223856928642,0.000116688548587,0.000106022482214,0.000134376212372,0.000206432901905,0.000134786387207,0.0000920375387068,0.0000571688287891,0.0000451788437204,0.0000447244965471,0.0000433818204328,0.0000340965889336,0.0000391025423596,0.0000303001597786,0.0000279594514723,0.0000180847036972,0.0000137447186717,0.0000167992075149,0.0000109175507532,0.00000692560934112,0.00000648456034469,0.00000685737268213,0.00000535011895408,0.0000030932910704,0.00000264432037511,0.00000291430387733,0.00000317591297971,0.00000379871357836,0.00000356603027285,0.00000229411989494,0.0000015488359395,0.00000120597690056,0.00000108916731278,0.00000103859895262,7.85876579812e-7,6.43733869765e-7],"dmean2":[0.00213291193359,0.00316634541377,0.00136898271739,0.000568831106648,0.000367558910511,0.000194497348275,0.000172848624061,0.000214229439734,0.000332659110427,0.00021111634851,0.000147493032273,0.0000884119144757,0.0000725711288396,0.0000725202116882,0.0000695890776115,0.0000547009221918,0.0000630711292615,0.0000486713870487,0.000044918488129,0.0000294851379294,0.0000225271669478,0.0000277122308034,0.0000177832971531,0.0000115069997264,0.0000106072429844,0.0000111241788545,0.00000859561168909,0.0000049548766583,0.00000413264024246,0.00000441876545665,0.00000478801257486,0.00000576204092795,0.00000534112496098,0.00000341353825206,0.00000226887118515,0.000001728060397,0.00000161112291153,0.00000152738425641,0.00000115094337616,9.38177436183e-7],"dvar":[0.0000121095845316,0.0000305475368805,0.00000537626738151,4.9685149861e-7,2.86140021899e-7,6.87375631969e-8,4.8277531306e-8,7.44074952763e-8,3.7010596543e-7,1.39134940014e-7,5.72505349794e-8,2.4200204507e-8,9.89394166595e-9,1.88290893988e-8,2.315426606e-8,6.51091802695e-9,1.17165912528e-8,7.14936554402e-9,7.48756079361e-9,2.4813870958e-9,1.11662601388e-9,1.65373392758e-9,4.67111460623e-10,2.38889769077e-10,1.68603644934e-10,1.84096946021e-10,1.34899064141e-10,6.93052837342e-11,4.79463344027e-11,6.35421021355e-11,7.17236339765e-11,6.40356795367e-11,6.32351809804e-11,3.00012722998e-11,1.65352818243e-11,9.76602392705e-12,6.38597464839e-12,5.9277248908e-12,3.74606942688e-12,2.40103553359e-12],"dvar2":[0.0000297415263049,0.0000847135015647,0.0000150602099893,0.00000128528688492,7.44883209336e-7,1.8721399897e-7,1.24481942976e-7,1.80836380537e-7,9.16533849704e-7,3.56126520273e-7,1.44670963209e-7,5.54295169763e-8,2.5627898026e-8,5.07353057344e-8,5.39922808684e-8,1.60876076905e-8,2.83670296142e-8,1.67415166175e-8,1.7173039879e-8,6.07433081612e-9,2.84419399144e-9,4.39414638009e-9,1.19290166634e-9,6.26740659371e-10,4.24754342809e-10,4.68687366695e-10,3.36901562203e-10,1.65925398421e-10,1.12482384518e-10,1.35679106839e-10,1.45982850808e-10,1.46362477693e-10,1.36022929031e-10,6.26251828173e-11,3.52638751533e-11,2.00040296827e-11,1.39309900421e-11,1.25713918442e-11,7.75035331052e-12,5.03046779579e-12],"max":[0.035623382777,0.0582748986781,0.0243264064193,0.00925906095654,0.00817103870213,0.00452182954177,0.00416148034856,0.00719358026981,0.0162112377584,0.0139940297231,0.00469475286081,0.00680897478014,0.00216580089182,0.00542347459123,0.0054732747376,0.00201694783755,0.00237806071527,0.00279560079798,0.00248941709287,0.00155362102669,0.000504823110532,0.00130372680724,0.000384680053685,0.000323791231494,0.000226373245823,0.000296808313578,0.000257209350821,0.000188321588212,0.000127022402012,0.000181113719009,0.000328349735355,0.000154644498252,0.00016239436809,0.000117055067676,0.0000844969108584,0.0000918153309613,0.0000593578879489,0.0000520365938428,0.0000405913888244,0.0000303945071209],"mean":[0.00157507380936,0.00169865216594,0.000737005379051,0.000444838806288,0.000301204796415,0.000178810252692,0.000174161090399,0.000207122939173,0.000300207961118,0.00021534669213,0.000135668786243,0.0000938764569582,0.000073837916716,0.000070252623118,0.0000705983766238,0.0000506040341861,0.0000597637226747,0.0000473485379189,0.0000409787498938,0.0000279008545476,0.000020873016183,0.0000255212544289,0.0000176814810402,0.0000104575938167,0.0000102061967482,0.0000118986745292,0.00000883195752976,0.00000448916080131,0.00000404901629736,0.00000449887784271,0.00000512897804583,0.00000667958192935,0.00000606705361861,0.00000394455810238,0.0000025388155791,0.00000204708885576,0.00000198030306819,0.00000185747762771,0.00000132073603254,0.00000110610778847],"median":[0.000109111155325,0.00011812664161,0.000107572457637,0.000198724825168,0.000134529531351,0.0000676491326885,0.0000732941844035,0.0000809482735349,0.0000575033627683,0.0000578301551286,0.0000341042978107,0.0000218158402276,0.0000233174105233,0.0000222273883992,0.0000172318141267,0.0000175182540261,0.0000174547276401,0.0000161501520779,0.0000119580454339,0.00000940924564929,0.00000796537460701,0.00000885372264747,0.0000073332030297,0.00000423342225986,0.00000390602690459,0.00000498801728099,0.00000346255956174,0.00000162404990078,0.00000145720014189,0.00000157961108016,0.00000185018188859,0.00000232202046391,0.00000219638172894,0.00000148332378558,9.21353603189e-7,8.52854782352e-7,8.8558601874e-7,7.18777869224e-7,5.07423919771e-7,4.55215371176e-7],"min":[1.12695170084e-24,3.73566580503e-24,4.41997345246e-24,4.24316842435e-24,3.38778997874e-24,6.42298240425e-24,4.18778486678e-24,3.76877074735e-24,8.38765666035e-24,3.49971750828e-24,3.07832891752e-24,1.78428957442e-24,1.4669559772e-24,7.02650872283e-24,5.54150962318e-24,6.72599768301e-24,5.55842950631e-24,5.438132557e-24,6.14294309378e-24,7.83697100622e-24,6.43321077474e-24,6.4551332193e-24,4.82532292329e-24,7.66543004693e-24,6.65742989313e-24,8.35084919937e-24,5.00631995824e-24,8.84262114338e-24,6.81942248001e-24,1.01278246527e-23,7.01856883782e-24,7.2541108712e-24,8.73774050831e-24,9.59147417893e-24,7.73514484057e-24,9.13651600679e-24,1.02500831047e-23,9.6997508602e-24,6.58548696186e-24,8.27557372521e-24],"var":[0.0000128852543639,0.0000217310825974,0.00000392288893636,5.45994623735e-7,2.88112687485e-7,9.18225708801e-8,8.03653321668e-8,1.33436202532e-7,6.81940662162e-7,2.61667963741e-7,9.45400344676e-8,5.3721478821e-8,1.9633803916e-8,3.34350538367e-8,5.69646054771e-8,1.08627347117e-8,2.23053344683e-8,1.22705312577e-8,1.29716086761e-8,4.0766701126e-9,1.4693817274e-9,2.3141273342e-9,8.22318768634e-10,3.30257848846e-10,2.69876371251e-10,3.78909514875e-10,2.43432302094e-10,8.66346855366e-11,6.64183083532e-11,9.28763663199e-11,1.16633230851e-10,1.32869659719e-10,1.22011248327e-10,5.33207297759e-11,2.72551842206e-11,1.85118725904e-11,1.18194091667e-11,1.2332087608e-11,6.55897254911e-12,4.20214037178e-12]},"melbands_crest":{"dmean":3.59799289703,"dmean2":5.69217300415,"dvar":11.1020889282,"dvar2":25.1829814911,"max":37.6296730042,"mean":13.2403697968,"median":12.1554336548,"min":1.62575793266,"var":32.662273407},"melbands_flatness_db":{"dmean":0.0286616049707,"dmean2":0.0416632331908,"dvar":0.000988961313851,"dvar2":0.00206268648617,"max":0.485432475805,"mean":0.160445168614,"median":0.148507833481,"min":0.00516404397786,"var":0.00432465877384},"melbands_kurtosis":{"dmean":10.1281223297,"dmean2":16.2927894592,"dvar":683.09564209,"dvar2":1717.93603516,"max":894.591186523,"mean":13.7257423401,"median":5.02074575424,"min":-1.90980029106,"var":826.247314453},"melbands_skewness":{"dmean":0.895835518837,"dmean2":1.35620439053,"dvar":1.52536284924,"dvar2":3.33434176445,"max":24.0956268311,"mean":2.5115468502,"median":1.97084450722,"min":-2.68783974648,"var":3.82115101814},"melbands_spread":{"dmean":9.09836864471,"dmean2":13.6715784073,"dvar":138.098236084,"dvar2":279.056365967,"max":249.96307373,"mean":29.5707740784,"median":26.2981567383,"min":0.425847113132,"var":443.166412354},"mfcc":{"cov":[[13083.6386719,456.033935547,314.44329834,381.558044434,16.6037502289,380.038208008,-21.2849960327,300.729736328,177.022583008,152.827011108,165.579299927,-41.1384010315,-48.4595794678],[456.033935547,1002.69494629,62.3517913818,122.052558899,175.983703613,115.85786438,129.456100464,101.858100891,70.711730957,56.7093696594,55.1187286377,47.9511489868,52.817779541],[314.44329834,62.3517913818,638.156799316,282.273162842,222.452896118,245.668792725,140.799026489,138.552566528,106.952697754,86.3465118408,64.0729064941,40.0672874451,44.6173248291],[381.558044434,122.052558899,282.273162842,421.257904053,240.661056519,199.41607666,132.234313965,117.616439819,99.2920227051,92.4940872192,50.437286377,44.0665168762,52.6763916016],[16.6037502289,175.983703613,222.452896118,240.661056519,293.098205566,155.516555786,95.6152801514,78.7145996094,88.9766693115,81.9446182251,38.5807685852,38.9848861694,38.7904891968],[380.038208008,115.85786438,245.668792725,199.41607666,155.516555786,292.616577148,133.890472412,150.194274902,111.124069214,80.8800582886,86.8695755005,56.5205802917,21.52384758],[-21.2849960327,129.456100464,140.799026489,132.234313965,95.6152801514,133.890472412,213.197814941,119.829994202,63.8366584778,51.5213470459,52.2707748413,41.0291213989,28.7927455902],[300.729736328,101.858100891,138.552566528,117.616439819,78.7145996094,150.194274902,119.829994202,196.651748657,94.7676467896,60.3821411133,72.0117034912,40.1754951477,18.3590736389],[177.022583008,70.711730957,106.952697754,99.2920227051,88.9766693115,111.124069214,63.8366584778,94.7676467896,136.551986694,70.5314865112,44.2060661316,30.0921325684,17.9014492035],[152.827011108,56.7093696594,86.3465118408,92.4940872192,81.9446182251,80.8800582886,51.5213470459,60.3821411133,70.5314865112,112.708343506,55.9622039795,24.5746517181,6.39839935303],[165.579299927,55.1187286377,64.0729064941,50.437286377,38.5807685852,86.8695755005,52.2707748413,72.0117034912,44.2060661316,55.9622039795,112.724784851,37.4433097839,6.42060422897],[-41.1384010315,47.9511489868,40.0672874451,44.0665168762,38.9848861694,56.5205802917,41.0291213989,40.1754951477,30.0921325684,24.5746517181,37.4433097839,89.0908889771,32.3570976257],[-48.4595794678,52.817779541,44.6173248291,52.6763916016,38.7904891968,21.52384758,28.7927455902,18.3590736389,17.9014492035,6.39839935303,6.42060422897,32.3570976257,99.3850784302]],"icov":[[0.000090183566499,-0.0000569420226384,-0.0000142761455209,-0.000129350723,0.000176365836523,-0.000112147237814,0.00018340718816,-0.000113070833322,-0.00000449331173513,-0.0000539004176972,-0.0000395908355131,0.000121839679196,0.0000395757233491],[-0.0000569420226384,0.0012471965747,0.000280334294075,0.000294441211736,-0.000950658868533,0.0000539781030966,-0.000559965032153,-0.000182605741429,0.0000266070546786,0.000107510852104,-0.000175727545866,-0.0000685514969518,-0.000395221257349],[-0.0000142761455209,0.000280334294075,0.00275862496346,-0.000610954302829,-0.000918483128771,-0.00137004966382,-0.000284896086669,-0.00024987992947,0.000104475147964,-0.00000400513590648,0.0000622555962764,0.000534181250259,-0.00048316406901],[-0.000129350723,0.000294441211736,-0.000610954302829,0.00575303798541,-0.00324301957153,-0.00103658053558,-0.000965296523646,-0.000354890333256,0.000405567756388,-0.00111614807975,0.000808095966931,0.000185864468222,-0.00127295590937],[0.000176365836523,-0.000950658868533,-0.000918483128771,-0.00324301957153,0.00851134397089,-0.00130591646302,0.000257103558397,0.00119155307766,-0.00127340888139,-0.00203027296811,0.00100988405757,-0.00029572416679,-0.000220245987293],[-0.000112147237814,0.0000539781030966,-0.00137004966382,-0.00103658053558,-0.00130591646302,0.00937706232071,-0.00141311064363,-0.0021696202457,-0.0021539318841,0.000927842862438,-0.00249067158438,-0.0016943597002,0.00141097512096],[0.00018340718816,-0.000559965032153,-0.000284896086669,-0.000965296523646,0.000257103558397,-0.00141311064363,0.00869719404727,-0.00364405871369,0.000908469606657,-0.000593156262767,0.0000450800180261,-0.000543067464605,-0.000565815309528],[-0.000113070833322,-0.000182605741429,-0.00024987992947,-0.000354890333256,0.00119155307766,-0.0021696202457,-0.00364405871369,0.0121201332659,-0.00453677587211,0.00086632190505,-0.00283538317308,-0.000173095584614,0.00016473303549],[-0.00000449331173513,0.0000266070546786,0.000104475147964,0.000405567756388,-0.00127340888139,-0.0021539318841,0.000908469606657,-0.00453677587211,0.0150551497936,-0.00599606893957,0.001604832476,-0.000446650112281,-0.00102382618934],[-0.0000539004176972,0.000107510852104,-0.00000400513590648,-0.00111614807975,-0.00203027296811,0.000927842862438,-0.000593156262767,0.00086632190505,-0.00599606893957,0.0170663297176,-0.00595282763243,-0.0000728030499886,0.0015028284397],[-0.0000395908355131,-0.000175727545866,0.0000622555962764,0.000808095966931,0.00100988405757,-0.00249067158438,0.0000450800180261,-0.00283538317308,0.001604832476,-0.00595282763243,0.0154546275735,-0.00354034081101,0.000522176444065],[0.000121839679196,-0.0000685514969518,0.000534181250259,0.000185864468222,-0.00029572416679,-0.0016943597002,-0.000543067464605,-0.000173095584614,-0.000446650112281,-0.0000728030499886,-0.00354034081101,0.0157719440758,-0.0043918704614],[0.0000395757233491,-0.000395221257349,-0.00048316406901,-0.00127295590937,-0.000220245987293,0.00141097512096,-0.000565815309528,0.00016473303549,-0.00102382618934,0.0015028284397,0.000522176444065,-0.0043918704614,0.0125804943964]],"mean":[-662.533996582,95.3753890991,-2.72677898407,7.15815067291,-0.19915689528,2.23518013954,-7.12747955322,1.27328383923,-1.84616720676,-0.940424740314,2.85309720039,-3.54610490799,-1.99672019482]},"pitch_salience":{"dmean":0.0751892924309,"dmean2":0.119242779911,"dvar":0.00489047728479,"dvar2":0.0117661841214,"max":0.884122550488,"mean":0.565773844719,"median":0.577008843422,"min":0.0385573618114,"var":0.013748543337},"silence_rate_20dB":{"dmean":0,"dmean2":0,"dvar":0,"dvar2":0,"max":1,"mean":1,"median":1,"min":1,"var":0},"silence_rate_30dB":{"dmean":0.0224422439933,"dmean2":0.0448887199163,"dvar":0.0219384208322,"dvar2":0.061356395483,"max":1,"mean":0.986799895763,"median":1,"min":0,"var":0.0130255650729},"silence_rate_60dB":{"dmean":0.0375294685364,"dmean2":0.0750660151243,"dvar":0.0361174233258,"dvar2":0.0790413990617,"max":1,"mean":0.190929666162,"median":0,"min":0,"var":0.154475241899},"spectral_centroid":{"dmean":287.211456299,"dmean2":433.724151611,"dvar":110032.289062,"dvar2":220937.078125,"max":11091.1396484,"mean":1553.82421875,"median":1465.13183594,"min":180.458129883,"var":428247.5},"spectral_complexity":{"dmean":3.61282420158,"dmean2":5.34402132034,"dvar":22.3205623627,"dvar2":39.750705719,"max":62,"mean":17.0959835052,"median":16,"min":0,"var":133.960678101},"spectral_contrast_coeffs":{"dmean":[0.0563802756369,0.0475838929415,0.0401562005281,0.0318548679352,0.0237104911357,0.01702988334],"dmean2":[0.0902768522501,0.0772024989128,0.0639634281397,0.0510857477784,0.0373578518629,0.026036536321],"dvar":[0.0023478672374,0.00153233367018,0.00106899940874,0.00070574041456,0.000415180256823,0.000236925887293],"dvar2":[0.00571880210191,0.0037940973416,0.00256743328646,0.0016860710457,0.000948435685132,0.000508830009494],"max":[-0.287147372961,-0.359069496393,-0.447880208492,-0.517985463142,-0.57363396883,-0.580366373062],"mean":[-0.639855027199,-0.746663630009,-0.762338876724,-0.776197135448,-0.788053452969,-0.772195875645],"median":[-0.655482769012,-0.75458663702,-0.769281566143,-0.782287836075,-0.791634321213,-0.774086415768],"min":[-0.966648936272,-0.971752285957,-0.969444692135,-0.968628048897,-0.96411049366,-0.962241709232],"var":[0.0118213575333,0.0060039581731,0.00496587017551,0.00328520708717,0.00227729277685,0.00204353709705]},"spectral_contrast_valleys":{"dmean":[0.506590604782,0.387674033642,0.33637958765,0.303885936737,0.305291175842,0.271693915129],"dmean2":[0.774499773979,0.616325736046,0.528277099133,0.466140717268,0.436209350824,0.348334550858],"dvar":[0.27707618475,0.163274273276,0.135456442833,0.130726009607,0.161093875766,0.133867695928],"dvar2":[0.511599779129,0.321976602077,0.254365921021,0.242624759674,0.303755730391,0.225386708975],"max":[-4.92548084259,-4.37670040131,-5.1702208519,-5.35312509537,-5.36617136002,-7.33017444611],"mean":[-8.10639667511,-7.08149862289,-7.63674211502,-7.83745956421,-7.85382986069,-9.97533512115],"median":[-7.71970844269,-6.75495815277,-7.41343927383,-7.5723028183,-7.6155166626,-9.66220283508],"min":[-27.2808074951,-27.2420558929,-27.2342243195,-27.2460289001,-27.3266525269,-27.2701416016],"var":[3.28344535828,1.97759723663,1.73762106895,1.66310822964,1.66544437408,1.749579072]},"spectral_decrease":{"dmean":3.22673598951e-9,"dmean2":5.2058140021e-9,"dvar":4.52466140705e-17,"dvar2":1.18229494052e-16,"max":1.44181675836e-28,"mean":-5.63710145229e-9,"median":-3.33338245895e-9,"min":-6.47769127227e-8,"var":5.27657520131e-17},"spectral_energy":{"dmean":0.0127359032631,"dmean2":0.020355174318,"dvar":0.00067511072848,"dvar2":0.00175625400152,"max":0.247486025095,"mean":0.0231731142849,"median":0.0140625331551,"min":1.05369731861e-20,"var":0.000824689748697},"spectral_energyband_high":{"dmean":0.000530637043994,"dmean2":0.00071548554115,"dvar":0.00000157815463808,"dvar2":0.00000282710470856,"max":0.0265834853053,"mean":0.00112326757517,"median":0.000527961587068,"min":7.69718378727e-21,"var":0.00000330862189912},"spectral_energyband_low":{"dmean":0.00854440312833,"dmean2":0.0141983367503,"dvar":0.000548156735022,"dvar2":0.00143936392851,"max":0.23405893147,"mean":0.0096175763756,"median":0.000994619331323,"min":4.59641071361e-23,"var":0.000493012892548},"spectral_energyband_middle_high":{"dmean":0.00193978019524,"dmean2":0.00297035626136,"dvar":0.0000147553801071,"dvar2":0.000034838951251,"max":0.0654369741678,"mean":0.00499119888991,"median":0.00250269961543,"min":1.26523636064e-21,"var":0.0000442060954811},"spectral_energyband_middle_low":{"dmean":0.0045575061813,"dmean2":0.00748838670552,"dvar":0.0000747313242755,"dvar2":0.000197190107428,"max":0.113041527569,"mean":0.00831786822528,"median":0.00527434051037,"min":2.11058876911e-22,"var":0.000105357372377},"spectral_entropy":{"dmean":0.142598837614,"dmean2":0.20611231029,"dvar":0.0204384364188,"dvar2":0.0428997576237,"max":9.81326961517,"mean":7.82600736618,"median":7.84793806076,"min":6.05262565613,"var":0.104799345136},"spectral_flux":{"dmean":0.0296700503677,"dmean2":0.0458277910948,"dvar":0.0023337888997,"dvar2":0.00465310923755,"max":0.462443113327,"mean":0.0811948254704,"median":0.0628686249256,"min":6.96180058046e-11,"var":0.00461838999763},"spectral_kurtosis":{"dmean":0.844125151634,"dmean2":1.33225047588,"dvar":1.28825891018,"dvar2":3.30888152122,"max":34.5237846375,"mean":3.69439911842,"median":3.22691392899,"min":-1.31135213375,"var":5.06702947617},"spectral_rms":{"dmean":0.00102887616958,"dmean2":0.00152803340461,"dvar":0.00000259582998297,"dvar2":0.00000621608251095,"max":0.0155386542901,"mean":0.00399899575859,"median":0.00370399048552,"min":3.20623974419e-12,"var":0.00000661605372443},"spectral_rolloff":{"dmean":779.986999512,"dmean2":1232.43737793,"dvar":2115708.75,"dvar2":4875991,"max":20844.140625,"mean":2117.96020508,"median":1636.5234375,"min":43.06640625,"var":4263194.5},"spectral_skewness":{"dmean":0.153152227402,"dmean2":0.230513975024,"dvar":0.0273414254189,"dvar2":0.0619381144643,"max":3.85051870346,"mean":1.52269160748,"median":1.490036726,"min":-0.172720462084,"var":0.14009988308},"spectral_spread":{"dmean":531719.125,"dmean2":755098.375,"dvar":785035624448,"dvar2":1305562710020,"max":48626632,"mean":5617325.5,"median":5480603.5,"min":1287949.625,"var":2303143968770},"spectral_strongpeak":{"dmean":0.493661135435,"dmean2":0.828000962734,"dvar":0.799106657505,"dvar2":1.97536230087,"max":13.9807052612,"mean":0.784019947052,"median":0.37581372261,"min":0,"var":1.30713641644},"zerocrossingrate":{"dmean":0.0152013627812,"dmean2":0.0169210825115,"dvar":0.000296164507745,"dvar2":0.000350357935531,"max":0.5087890625,"mean":0.0866202041507,"median":0.07666015625,"min":0.0048828125,"var":0.00235511991195}},"metadata":{"audio_properties":{"analysis_sample_rate":44100,"bit_rate":320034,"codec":"mp3","downmix":"mix","equal_loudness":0,"length":246.230209351,"lossless":false,"md5_encoded":"2ad528c452f139e6c64a0e0fa3b23f52","replay_gain":-12.8031654358,"sample_rate":44100},"tags":{"album":["1997  -  In the Name of Love"],"artist":["Earth, Wind & Fire"],"asin":["B000006ZLD"],"barcode":["4945817180643"],"bpm":["154"],"composer":["Damian Johnson/Paul Minor/Damian Johnson/Kevin Guillaurme/Ralph Hawkins, Jr./Ralph Tresvant"],"date":["1997"],"discnumber":["1/1"],"file_name":"copy6117104746219481203.mp3","genre":["Soul"],"initialkey":["Bbm"],"mood":["funk"],"musicbrainz_albumartistid":["535afeda-2538-435d-9dd1-5e10be586774"],"musicbrainz_albumid":["5d02ba78-6ea3-4d1f-af66-688ee58d8a05"],"musicbrainz_artistid":["535afeda-2538-435d-9dd1-5e10be586774"],"musicbrainz_recordingid":["df4826a6-9e4d-45de-a123-7e715ea61292"],"musicbrainz_releasegroupid":["e0bd9d95-cfb9-3480-94b8-d847b42e0e4d"],"title":["Fill You Up"],"tracknumber":["05/13"]},"version":{"essentia":"2.1-beta2","essentia_build_sha":"cead25079874084f62182a551b7393616cd33d87","essentia_git_sha":"v2.1_beta2-1-ge3940c0","extractor":"music 1.0"}},"rhythm":{"beats_count":632,"beats_loudness":{"dmean":0.0261697806418,"dmean2":0.0474209301174,"dvar":0.000551442382857,"dvar2":0.00175672234036,"max":0.131928637624,"mean":0.0352837182581,"median":0.0332513265312,"min":1.37405935519e-8,"var":0.000711022992618},"beats_loudness_band_ratio":{"dmean":[0.4562523067,0.142584696412,0.15660944581,0.103292882442,0.0950061380863,0.141603812575],"dmean2":[0.86445915699,0.257074058056,0.274417221546,0.17722029984,0.171747013927,0.263402312994],"dvar":[0.101863205433,0.0166643317789,0.0144616188481,0.00924907252192,0.00616429047659,0.0108740972355],"dvar2":[0.283063143492,0.0480923987925,0.0429854989052,0.0272186249495,0.0196391548961,0.0340855233371],"max":[0.98094022274,0.88499343