{"lowlevel":{"average_loudness":0.831075906754,"barkbands":{"dmean":[0.00426391884685,0.00912395212799,0.00550322560593,0.000931197893806,0.000858583080117,0.000754677748773,0.000582062639296,0.000437134644017,0.00087550416356,0.00102511502337,0.00134015677031,0.00082160695456,0.000642968225293,0.000844836817123,0.000478438596474,0.000330170849338,0.000239455795963,0.000173755790456,0.000115499467938,0.000085631996626,0.0000579085099162,0.0000261605218839,0.0000137895931402,0.0000103888578451,0.0000023414959287,0.0000210313719435,0.000340475671692],"dmean2":[0.00741388183087,0.0159622970968,0.00931779481471,0.00155831698794,0.00142683892045,0.0012003906304,0.000944394909311,0.000717066985089,0.00142708152998,0.00166068179533,0.00219656084664,0.00136811763514,0.0010796271963,0.0014425709378,0.000813443562947,0.000554195139557,0.0004035710881,0.000289303512545,0.000181863579201,0.000132091823616,0.0000857612394611,0.0000394615599362,0.0000207678294828,0.0000153508499352,0.00000388455555367,0.000030265415262,0.000527471420355],"dvar":[0.0000928237204789,0.000343611522112,0.000211087113712,0.00000312279621539,0.00000257395277004,0.0000038878029045,0.00000213495809476,9.04593946416e-7,0.00000287016951006,0.00000308673247673,0.00000453011443824,0.00000144732337048,7.50898266233e-7,0.00000126121676658,4.19329268198e-7,2.30464053175e-7,1.29846554842e-7,1.10427414768e-7,3.78673163937e-8,3.79830389363e-8,2.05796482078e-8,8.67731575482e-9,9.7106822583e-10,5.95016813598e-10,1.68486787022e-11,2.20002038809e-9,2.40143606334e-7],"dvar2":[0.000248222786468,0.000960273260716,0.000557819614187,0.00000824740163807,0.00000660679506836,0.00000972099860519,0.00000526590110894,0.00000225326766667,0.00000704609556124,0.0000078056473285,0.0000111055924208,0.00000377367382498,0.00000207245830097,0.00000352412553184,0.00000117550894174,6.16835791334e-7,3.59079336931e-7,2.97814409578e-7,8.8469334969e-8,7.88893146364e-8,3.9867554591e-8,2.22305356345e-8,2.35872787968e-9,1.22762566779e-9,4.13423149881e-11,4.60023574789e-9,5.34729792889e-7],"max":[0.139947548509,0.202767014503,0.170033156872,0.0346517078578,0.0260072313249,0.0577475614846,0.0422225445509,0.0271960776299,0.0449000522494,0.0365072526038,0.0561962537467,0.0278357826173,0.0175623167306,0.0339806675911,0.00923777930439,0.00756883621216,0.00449408730492,0.0072267986834,0.00429079914466,0.0091976672411,0.00660641817376,0.00519882934168,0.00100936379749,0.00117191730533,0.0000699731390341,0.00141516793519,0.0179752726108],"mean":[0.00524700945243,0.0110574979335,0.00540927611291,0.00117199565284,0.00126630824525,0.00116491154768,0.000938657671213,0.000698234827723,0.00149861711543,0.00182310771197,0.00228448561393,0.00155937578529,0.00124065135606,0.00168957584538,0.000967490195762,0.000628991110716,0.000457559945062,0.000328344234731,0.000255903025391,0.000195539570996,0.000134983376483,0.0000583346554777,0.0000274098565569,0.0000152767806867,0.00000243523572863,0.0000400739481847,0.00143031845801],"median":[0.00281705707312,0.0066472934559,0.00130498199724,0.000476306769997,0.000665072118863,0.000355608295649,0.00028774086968,0.000307395821437,0.0008629495278,0.000949589186348,0.00136458547786,0.00109321228229,0.0010181851685,0.00143006991129,0.000825959083159,0.000501943461131,0.000323694694089,0.000191243307199,0.000152560314746,0.0000981022676569,0.000071729766205,0.000031072901038,0.0000133744861159,0.00000504441413796,9.45137401231e-7,0.0000160636300279,0.0013933259761],"min":[3.88870560951e-25,6.88711384543e-24,5.0826043855e-24,2.54170352573e-24,7.96624322048e-24,1.36745819368e-23,4.09140105252e-24,1.41401786871e-23,2.91281651216e-23,2.37958771877e-23,6.71573065833e-24,2.95957955554e-23,3.68224209349e-23,3.63287928012e-23,4.33832540213e-23,9.40452203301e-23,7.40533960881e-23,1.21827361555e-22,1.38883190659e-22,2.34944562758e-22,3.03131276024e-22,3.57673169498e-22,4.04176759675e-22,6.777425892e-22,9.80932405015e-22,1.38523601352e-21,2.09892637571e-21],"var":[0.0000801467976999,0.000276761740679,0.000172106068931,0.00000364344577974,0.00000361949878425,0.00000733189381208,0.00000502122384205,0.00000181979646641,0.00000577717719352,0.00000824141443445,0.0000101950554381,0.00000358052193405,0.00000163405468356,0.00000324933989759,9.43391114561e-7,4.48119578778e-7,2.64077726797e-7,1.91508846115e-7,1.1090088492e-7,1.19509564911e-7,6.55324754462e-8,1.29277859529e-8,1.79321191229e-9,9.82265713212e-10,1.85234171751e-11,4.66834437773e-9,0.00000196066207536]},"barkbands_crest":{"dmean":2.82926774025,"dmean2":4.66759157181,"dvar":7.25175237656,"dvar2":18.9925727844,"max":25.4998664856,"mean":9.29149150848,"median":8.31894874573,"min":2.21160292625,"var":17.3420600891},"barkbands_flatness_db":{"dmean":0.0260690040886,"dmean2":0.0420425385237,"dvar":0.000712884357199,"dvar2":0.00183641235344,"max":0.466068476439,"mean":0.133668735623,"median":0.115273997188,"min":0.02392122522,"var":0.00386650534347},"barkbands_kurtosis":{"dmean":4.26361656189,"dmean2":7.17756175995,"dvar":155.309265137,"dvar2":448.481658936,"max":352.163482666,"mean":6.96124267578,"median":1.6301857233,"min":-1.96835207939,"var":421.854644775},"barkbands_skewness":{"dmean":0.601460695267,"dmean2":0.973704457283,"dvar":0.588171064854,"dvar2":1.54204022884,"max":14.9726676941,"mean":1.63600838184,"median":1.22262167931,"min":-10.162021637,"var":2.70365166664},"barkbands_spread":{"dmean":7.3065071106,"dmean2":11.5656194687,"dvar":64.5181274414,"dvar2":155.173019409,"max":133.291854858,"mean":32.4189414978,"median":32.6178894043,"min":0.395415782928,"var":365.00012207},"dissonance":{"dmean":0.0181662868708,"dmean2":0.030935999006,"dvar":0.000455838016933,"dvar2":0.00123894773424,"max":0.500000178814,"mean":0.471119225025,"median":0.482201784849,"min":0.218341648579,"var":0.00101983943023},"dynamic_complexity":4.49276304245,"erbbands":{"dmean":[0.457961678505,1.47804248333,5.47095727921,4.75110721588,2.34239125252,2.96177315712,4.79254245758,6.8955245018,7.42972707748,10.020362854,9.82179641724,20.8174858093,20.1686573029,42.474521637,50.3551216125,30.8987674713,28.2698745728,42.1951446533,26.8588829041,21.743473053,16.0408859253,12.4017505646,9.87037277222,7.06922960281,4.75986862183,4.09515428543,2.92002010345,1.81823241711,0.98978048563,0.591993749142,0.391367375851,0.293176710606,0.117123350501,0.0296676643193,0.0164143405855,0.0249644443393,0.0502466037869,0.0350940190256,0.0222219526768,0.0072857728228],"dmean2":[0.804842591286,2.57795453072,9.29450321198,7.9150390625,3.87740564346,4.97209978104,7.72018957138,11.0219984055,12.0658845901,16.4183082581,16.2918128967,33.8397712708,33.0805664062,69.1842193604,82.2973327637,51.5005187988,47.4439888,71.8451004028,45.7375564575,36.6549568176,26.8916740417,20.8475208282,16.4879703522,11.3560571671,7.38680171967,6.32269382477,4.31351184845,2.69628453255,1.47874224186,0.907688438892,0.586158275604,0.433028280735,0.17528283596,0.0481327325106,0.0271778199822,0.0375093780458,0.072302043438,0.0503741279244,0.0309575274587,0.0111889541149],"dvar":[1.01905858517,7.12000751495,192.080383301,127.70665741,14.5031137466,38.1911048889,144.61138916,374.098480225,402.786193848,526.550048828,443.495727539,1912.42419434,1090.60681152,5089.23876953,6690.28759766,2085.32250977,1478.82312012,3262.22485352,1227.30737305,934.911254883,606.969055176,362.323577881,390.569793701,136.012756348,84.5689239502,89.3746109009,57.8736763,19.3104476929,12.9530487061,3.15462327003,0.744506001472,0.467508405447,0.0751438811421,0.00269770622253,0.000816701562144,0.00306670833379,0.0134675037116,0.0129534043372,0.002215473447,0.000103755606688],"dvar2":[2.85113286972,19.6980342865,509.077789307,335.728637695,36.4322242737,98.8125305176,342.845092773,953.140930176,955.58770752,1410.19299316,1073.7232666,4808.29541016,2775.98266602,13032.890625,16417.6386719,5605.08203125,4022.54223633,9091.48730469,3504.97021484,2585.30786133,1620.05517578,983.399169922,1065.38513184,329.067382812,195.070739746,181.16519165,114.195068359,40.69896698,32.7541542053,7.91488027573,1.78887176514,1.00164830685,0.150655537844,0.0062643578276,0.0020156451501,0.00599971134216,0.0275672189891,0.0330730006099,0.00401517283171,0.000229402605328],"max":[11.4713191986,23.6408824921,154.40385437,171.51449585,94.1403427124,139.788192749,335.935302734,591.19909668,581.898254395,775.050537109,692.972839355,1118.33703613,854.06439209,2159.10205078,2578.3659668,923.409729004,781.901428223,1747.40759277,467.318908691,534.912109375,465.841064453,288.927185059,448.705871582,231.577209473,266.908996582,478.79208374,315.760131836,224.036773682,208.43522644,68.8253250122,26.9327983856,29.5202560425,14.1376142502,1.39862859249,0.493393778801,2.21418619156,3.63222694397,6.47858715057,2.92525720596,0.300936102867],"mean":[0.560447990894,1.63447499275,5.56212091446,5.49991512299,3.40301632881,4.16039133072,6.73657083511,10.646985054,11.9111442566,16.5639266968,16.7833309174,35.4710350037,37.5525169373,81.4093780518,93.3427352905,63.3571128845,59.828540802,85.7204589844,60.0140380859,46.0943489075,32.1302223206,25.4742336273,19.0351295471,15.7628211975,10.9536876678,9.32300281525,6.83851003647,4.20634078979,2.26052737236,1.20622944832,0.770568549633,0.478702634573,0.151406347752,0.0331602394581,0.0177015718073,0.0331448353827,0.0920409634709,0.0890053212643,0.0756967738271,0.0379609055817],"median":[0.312969207764,0.784404993057,1.57826435566,1.92409443855,1.92176270485,2.04328775406,1.99419927597,3.25399017334,3.5515165329,6.00187110901,8.57078170776,19.334400177,24.6022834778,49.6821594238,62.3139419556,49.3857536316,51.9003601074,73.4352416992,55.4129981995,38.9537963867,26.2676372528,18.6085472107,11.4985294342,9.86089324951,6.2856836319,4.64800262451,3.42856788635,2.29361820221,1.19662046432,0.64149671793,0.362382739782,0.170830175281,0.0459200628102,0.0140011878684,0.00745693035424,0.0121109224856,0.0349755659699,0.0492752715945,0.0441542342305,0.0423863269389],"min":[7.55635219853e-23,1.46404495976e-21,6.97244028474e-21,9.48275411366e-21,1.5613925866e-20,4.54824969007e-20,7.99823358627e-20,8.16655062376e-20,6.15607457402e-20,2.10000012723e-19,3.61396088504e-19,6.56939811454e-19,6.04909478841e-19,8.91133668022e-19,3.13226931592e-19,1.51638243245e-18,2.04747322775e-18,3.06722003934e-18,2.36108386775e-18,3.7976730462e-18,4.26286825576e-18,4.7186609033e-18,5.98261934906e-18,7.16748361183e-18,6.040007072e-18,1.13128612013e-17,1.19771922851e-17,1.03047191133e-17,1.30932227132e-17,1.1705555271e-17,1.11350670005e-17,1.34152664596e-17,1.1663315293e-17,9.58121814595e-18,7.34800254562e-18,4.39382997188e-18,2.61160813077e-18,1.10280174215e-18,2.47082881475e-19,2.99964673745e-20],"var":[0.810917258263,5.98164653778,158.701919556,115.965988159,21.0656929016,50.1780891418,230.849639893,701.933837891,953.430908203,1159.21203613,816.765625,3654.83178711,2273.78125,13108.5712891,15063.7167969,4999.11474609,3554.25268555,8399.30175781,3222.00756836,2243.05175781,1125.56286621,779.706359863,634.819458008,380.921142578,240.381088257,280.116149902,180.773040771,56.4191665649,20.155664444,4.65296506882,1.43326497078,0.827448129654,0.115090690553,0.0033283343073,0.000905662425794,0.00485111912712,0.0272478535771,0.0208727996796,0.0110319852829,0.0011938076932]},"erbbands_crest":{"dmean":2.34629154205,"dmean2":3.85965657234,"dvar":4.79170846939,"dvar2":11.9399795532,"max":29.3389701843,"mean":8.82007598877,"median":7.82102394104,"min":2.31565022469,"var":14.5623435974},"erbbands_flatness_db":{"dmean":0.0215625632554,"dmean2":0.0326179563999,"dvar":0.00042475227383,"dvar2":0.000940440455452,"max":0.423168182373,"mean":0.160908460617,"median":0.154120698571,"min":0.0369613543153,"var":0.00205910392106},"erbbands_kurtosis":{"dmean":1.10046315193,"dmean2":1.74544560909,"dvar":1.94371056557,"dvar2":4.61919498444,"max":41.4667434692,"mean":1.91913068295,"median":1.43289208412,"min":-1.62710165977,"var":6.89143848419},"erbbands_skewness":{"dmean":0.379239886999,"dmean2":0.59073972702,"dvar":0.122159048915,"dvar2":0.278031349182,"max":3.42044901848,"mean":0.0347945615649,"median":-0.00413570646197,"min":-5.57926511765,"var":0.547261059284},"erbbands_spread":{"dmean":5.14151573181,"dmean2":7.98136043549,"dvar":36.4583396912,"dvar2":83.4627761841,"max":142.891418457,"mean":21.3206119537,"median":18.864566803,"min":2.57673358917,"var":140.728118896},"gfcc":{"cov":[[14054.3916016,-985.195739746,-1570.64929199,232.996109009,1025.50732422,-274.297637939,682.390869141,-626.595214844,370.330474854,-86.8568344116,201.292312622,112.062110901,-306.400421143],[-985.195739746,1246.59265137,104.444198608,-230.714889526,-116.330673218,-76.3881759644,-56.3325958252,17.5389194489,-42.9192695618,-37.5697479248,-14.5407800674,-61.7439804077,99.5191497803],[-1570.64929199,104.444198608,573.839294434,183.515945435,-210.476547241,138.537811279,-124.729324341,184.938598633,-67.7249832153,54.4029312134,-31.260383606,9.52436065674,45.7413673401],[232.996109009,-230.714889526,183.515945435,373.612609863,69.4027481079,-33.8126831055,84.6820602417,13.9383420944,31.7152233124,41.7578353882,0.859664738178,43.7838058472,-19.810842514],[1025.50732422,-116.330673218,-210.476547241,69.4027481079,429.932037354,52.3706703186,175.022369385,-84.151763916,97.1238098145,-27.6018180847,62.0448799133,0.222774729133,-7.19160270691],[-274.297637939,-76.3881759644,138.537811279,-33.8126831055,52.3706703186,314.428039551,-38.0357246399,106.50239563,-42.2773551941,-7.11891412735,-10.7920751572,-2.83493876457,29.5143547058],[682.390869141,-56.3325958252,-124.729324341,84.6820602417,175.022369385,-38.0357246399,252.24659729,-67.3765029907,91.6304931641,-7.32911682129,14.8293190002,31.0251102448,-3.89478492737],[-626.595214844,17.5389194489,184.938598633,13.9383420944,-84.151763916,106.50239563,-67.3765029907,188.921508789,-9.43587970734,34.4592971802,1.57983112335,-9.50785827637,34.1769142151],[370.330474854,-42.9192695618,-67.7249832153,31.7152233124,97.1238098145,-42.2773551941,91.6304931641,-9.43587970734,124.621520996,38.0121192932,34.4327163696,18.7075862885,-18.0903244019],[-86.8568344116,-37.5697479248,54.4029312134,41.7578353882,-27.6018180847,-7.11891412735,-7.32911682129,34.4592971802,38.0121192932,92.9338226318,42.4714508057,14.6615848541,20.3662815094],[201.292312622,-14.5407800674,-31.260383606,0.859664738178,62.0448799133,-10.7920751572,14.8293190002,1.57983112335,34.4327163696,42.4714508057,78.596496582,28.7429981232,14.8372468948],[112.062110901,-61.7439804077,9.52436065674,43.7838058472,0.222774729133,-2.83493876457,31.0251102448,-9.50785827637,18.7075862885,14.6615848541,28.7429981232,69.7453918457,20.1067047119],[-306.400421143,99.5191497803,45.7413673401,-19.810842514,-7.19160270691,29.5143547058,-3.89478492737,34.1769142151,-18.0903244019,20.3662815094,14.8372468948,20.1067047119,99.1694030762]],"icov":[[0.000139810232213,-0.0000357630269718,0.000553934252821,-0.000462582247565,0.00019888037059,-0.00031722872518,-0.0000123832523968,0.000160397292348,-0.000189382190001,0.000202109309612,-0.000437299284386,0.0001210856135,0.000137840950629],[-0.0000357630269718,0.00138364429586,-0.00138152425643,0.00142672902439,-0.000139372219564,0.00103990570642,-0.000418955867644,0.000335949705914,-0.000339459569659,0.00107469712384,-0.000541979155969,0.00137367693242,-0.00150867574848],[0.000553934252821,-0.00138152425643,0.00920179765671,-0.00808717124164,0.00543600926176,-0.00563081074506,0.00164735410362,-0.000415739050368,-0.0027266247198,0.00262246676721,-0.00435952050611,0.0030782490503,-0.00149179215077],[-0.000462582247565,0.00142672902439,-0.00808717124164,0.012877353467,-0.00913238804787,0.00792404636741,-0.00263245566748,-0.00354568776675,0.00780572509393,-0.00998933520168,0.0116865336895,-0.0102873640135,0.00535233784467],[0.00019888037059,-0.000139372219564,0.00543600926176,-0.00913238804787,0.0145265944302,-0.00884665735066,-0.00095620698994,0.00620950432494,-0.0112898023799,0.0143089517951,-0.0177250113338,0.0148810753599,-0.00743184797466],[-0.00031722872518,0.00103990570642,-0.00563081074506,0.00792404636741,-0.00884665735066,0.0107484413311,-0.000814567145426,-0.00594987394288,0.00808256305754,-0.00720328232273,0.0102657685056,-0.00865420792252,0.00350699271075],[-0.0000123832523968,-0.000418955867644,0.00164735410362,-0.00263245566748,-0.00095620698994,-0.000814567145426,0.00863760802895,0.00135614187457,-0.0055504059419,0.00196554348804,0.00204990641214,-0.00173744396307,-0.00222917553037],[0.000160397292348,0.000335949705914,-0.000415739050368,-0.00354568776675,0.00620950432494,-0.00594987394288,0.00135614187457,0.0132256858051,-0.00823330599815,0.00582428975031,-0.00860685575753,0.00951575022191,-0.00598141271621],[-0.000189382190001,-0.000339459569659,-0.0027266247198,0.00780572509393,-0.0112898023799,0.00808256305754,-0.0055504059419,-0.00823330599815,0.02625448443,-0.0190038606524,0.0122695593163,-0.0142960296944,0.0117226792499],[0.000202109309612,0.00107469712384,0.00262246676721,-0.00998933520168,0.0143089517951,-0.00720328232273,0.00196554348804,0.00582428975031,-0.0190038606524,0.0363284647465,-0.0276361536235,0.0187167581171,-0.0129951871932],[-0.000437299284386,-0.000541979155969,-0.00435952050611,0.0116865336895,-0.0177250113338,0.0102657685056,0.00204990641214,-0.00860685575753,0.0122695593163,-0.0276361536235,0.0446740463376,-0.0265767499804,0.00886258296669],[0.0001210856135,0.00137367693242,0.0030782490503,-0.0102873640135,0.0148810753599,-0.00865420792252,-0.00173744396307,0.00951575022191,-0.0142960296944,0.0187167581171,-0.0265767499804,0.0380616784096,-0.0143646588549],[0.000137840950629,-0.00150867574848,-0.00149179215077,0.00535233784467,-0.00743184797466,0.00350699271075,-0.00222917553037,-0.00598141271621,0.0117226792499,-0.0129951871932,0.00886258296669,-0.0143646588549,0.0205658040941]],"mean":[-0.508616924286,90.9887771606,-104.627838135,-9.95009803772,-4.94132328033,-6.45532894135,11.0197601318,-14.39656353,0.319103062153,-9.10622882843,-7.38160228729,-1.64787423611,-7.52091789246]},"hfc":{"dmean":44.6340255737,"dmean2":70.4059753418,"dvar":4702.28564453,"dvar2":11675.1279297,"max":1413.56726074,"mean":184.21812439,"median":192.407501221,"min":1.13279433509e-16,"var":30171.0292969},"melbands":{"dmean":[0.00331698986702,0.00243071466684,0.000754549633712,0.000178612724994,0.000160944182426,0.000150537583977,0.000112921843538,0.000104210550489,0.0000901338207768,0.000134543093736,0.00010344957991,0.000174897693796,0.000189448503079,0.0000954496572376,0.0000826849864097,0.0000621005310677,0.0000866092959768,0.0000494962114317,0.0000358155884896,0.0000256206458289,0.0000204197040148,0.0000150063542605,0.00000999567146209,0.00000899782935448,0.00000609827384324,0.00000438035249317,0.00000336461289407,0.00000293019775199,0.00000204273351301,0.00000155587372319,0.00000101241801076,6.40811094854e-7,4.61611989522e-7,3.03061199247e-7,2.57308698792e-7,1.85717269119e-7,1.89882413792e-7,1.0212205126e-7,3.60288758827e-8,2.16413198473e-8],"dmean2":[0.00581704732031,0.00415533781052,0.0012525699567,0.000295702775475,0.000260779139353,0.000239459986915,0.000183175885468,0.000170459810761,0.000148502236698,0.000219288092921,0.000170220198925,0.000285178481136,0.000310213217745,0.0001579534146,0.000138769144542,0.000104932420072,0.000148054459714,0.0000845547983772,0.0000607249421591,0.0000431217886216,0.0000344405161741,0.0000254244096141,0.000016664598661,0.0000150655214384,0.00000986509803624,0.00000700331293046,0.0000052860705182,0.00000461822537545,0.0000030988232993,0.00000233719674725,0.00000155550731051,9.82789856607e-7,7.19507397662e-7,4.71286568882e-7,3.96166427663e-7,2.80345346937e-7,2.84700007569e-7,1.53601888542e-7,5.72691618572e-8,3.5950105115e-8],"dvar":[0.0000516066829732,0.0000287810780719,0.00000308318317366,1.0064812983e-7,1.4336696097e-7,1.65726120827e-7,8.91373801437e-8,5.46904885823e-8,3.63795287228e-8,7.79825555242e-8,2.92110300393e-8,9.05618193769e-8,9.66819371229e-8,2.07093791005e-8,1.34459288148e-8,6.91650958728e-9,1.40443452423e-8,4.23856238996e-9,2.56537813215e-9,1.32327515612e-9,1.006572381e-9,4.96329199962e-10,3.11447201362e-10,3.26894483704e-10,1.01054990764e-10,6.35860183951e-11,5.70637009867e-11,4.65868350841e-11,3.08699836526e-11,1.49880767519e-11,5.71185113096e-12,4.44539327224e-12,4.09735656862e-12,5.78055832368e-13,3.44172308925e-13,1.51312515577e-13,2.32406541928e-13,5.87733935955e-14,5.50665605779e-15,1.47582489103e-15],"dvar2":[0.000144069155795,0.0000762474155636,0.00000801377518655,2.55229906543e-7,3.49588930249e-7,4.19991295075e-7,2.11849950915e-7,1.44944607428e-7,8.63125251271e-8,1.94512750795e-7,7.41270014259e-8,2.30512000599e-7,2.32900035257e-7,5.34796384954e-8,3.66303360977e-8,1.90019555646e-8,3.90659415928e-8,1.21241550133e-8,7.11622671901e-9,3.62628949091e-9,2.72080180608e-9,1.37590261406e-9,8.41980485333e-10,8.879011415e-10,2.47783987772e-10,1.55882751152e-10,1.34191963097e-10,9.79572811755e-11,6.50201628649e-11,3.0408321694e-11,1.33507779485e-11,1.11525675847e-11,1.08848477107e-11,1.43886280928e-12,8.63198401646e-13,3.34622195404e-13,5.11231844618e-13,1.19073980819e-13,1.19985122302e-14,3.59840094191e-15],"max":[0.0797768384218,0.0590387657285,0.0255745388567,0.00678748963401,0.00883924681693,0.0122832972556,0.00900962296873,0.00723154982552,0.00671861786395,0.00784378312528,0.00417947163805,0.00848191883415,0.00890791974962,0.00298958364874,0.00231730961241,0.00151200569235,0.00400748010725,0.000845987000503,0.0008201203309,0.000749449362047,0.000621095241513,0.000319359707646,0.000281386601273,0.000424159399699,0.000207114047953,0.000217219509068,0.000269836920779,0.000345775624737,0.000212880026083,0.000190712453332,0.0000975974835455,0.000114368376671,0.000116836534289,0.0000212658342207,0.0000195370612346,0.0000112403922685,0.0000227449363592,0.0000119237247418,0.0000029018171972,6.68542440962e-7],"mean":[0.00419162074104,0.00261984928511,0.000913381925784,0.000264751550276,0.000229569239309,0.00023557752138,0.000184448887012,0.000173015490873,0.000147148195538,0.000226983058383,0.000183077761903,0.00032117930823,0.000332432042342,0.000185777054867,0.000151533633471,0.000124277736177,0.000165378733072,0.0000999488402158,0.0000708317602403,0.0000489105150336,0.000036248973629,0.0000281749216811,0.0000182022904482,0.0000159220326168,0.0000125602064145,0.00000891008767212,0.00000682089739712,0.00000604952947469,0.00000444141733169,0.00000326063923239,0.00000215942600335,0.00000136264520734,8.7832393092e-7,5.75712704176e-7,4.73786030852e-7,3.40735937243e-7,2.73330670097e-7,1.24548463987e-7,3.89725762773e-8,2.2198628713e-8],"median":[0.00258783996105,0.00103475688957,0.000363644037861,0.000147222453961,0.0000752685155021,0.0000725810823496,0.0000571316923015,0.0000652784510748,0.0000745740544517,0.00012690704898,0.000113565271022,0.000185052995221,0.000207798671909,0.00013176263019,0.000114243084681,0.00010478036711,0.000135326059535,0.0000860362488311,0.0000590668350924,0.0000384965605917,0.0000274937992799,0.0000201856692001,0.0000107983141788,0.00000878295395523,0.00000752657251724,0.00000501368003825,0.00000333357138516,0.00000276577793556,0.0000021003609163,0.00000166634004017,0.00000113859232442,6.80613311488e-7,4.42279940671e-7,2.8911699701e-7,2.11190268828e-7,1.5151857724e-7,7.53873194981e-8,3.13753929504e-8,1.3293870893e-8,8.30758928316e-9],"min":[1.29151429795e-24,3.17515626883e-24,1.90113939879e-24,2.51109749755e-24,3.37325245555e-24,2.01098847706e-24,8.58630426084e-25,3.11774612759e-24,3.08473584858e-24,3.73887252461e-24,2.74984565887e-24,2.9337670012e-24,9.03362389284e-25,2.5988795725e-24,3.64814523747e-24,3.81735747936e-24,4.21548887291e-24,3.66667873558e-24,3.73751095069e-24,6.92191759971e-24,3.82625149164e-24,4.51193964565e-24,5.24829357459e-24,5.40282827048e-24,5.31927764542e-24,4.03668999887e-24,5.96679597567e-24,6.62514497172e-24,6.50073253507e-24,5.26543828307e-24,4.78397990654e-24,4.84721657442e-24,5.70469536219e-24,5.61521684186e-24,5.84566717254e-24,7.06746559216e-24,6.87857127069e-24,8.55902170365e-24,7.2222637676e-24,8.16272717272e-24],"var":[0.0000412126828451,0.0000245491410169,0.00000287139528155,1.56518595418e-7,2.21976748094e-7,3.20587218994e-7,2.1726076227e-7,1.23993444845e-7,6.65269297428e-8,1.4887031341e-7,6.02470180411e-8,2.31803880979e-7,2.23348052941e-7,5.1024507286e-8,2.86521721904e-8,1.56021986442e-8,3.46748869617e-8,9.88181181327e-9,5.52834311662e-9,2.83462164852e-9,1.63844460221e-9,9.84222148226e-10,5.50492040841e-10,5.04684849467e-10,2.58853521951e-10,1.53316762064e-10,1.37756389629e-10,1.32976435419e-10,8.48794715069e-11,4.26868158876e-11,1.38368353234e-11,7.18983162937e-12,4.40003198807e-12,9.11029064687e-13,5.89893368527e-13,3.06945739442e-13,3.57459206549e-13,8.7880088406e-14,7.05036471032e-15,1.62474440047e-15]},"melbands_crest":{"dmean":4.75164842606,"dmean2":7.87513685226,"dvar":20.3774452209,"dvar2":53.327293396,"max":38.9916191101,"mean":17.297203064,"median":15.8829240799,"min":1.67162168026,"var":62.5797843933},"melbands_flatness_db":{"dmean":0.0350192859769,"dmean2":0.0559520311654,"dvar":0.00112209294457,"dvar2":0.00285243010148,"max":0.590124428272,"mean":0.234840735793,"median":0.219770997763,"min":0.00484627205878,"var":0.00576417986304},"melbands_kurtosis":{"dmean":7.51565980911,"dmean2":12.760931015,"dvar":547.632995605,"dvar2":1567.53503418,"max":908.496948242,"mean":10.4210643768,"median":1.86744141579,"min":-1.95194673538,"var":1323.20727539},"melbands_skewness":{"dmean":0.876926600933,"dmean2":1.4269015789,"dvar":1.23289883137,"dvar2":3.36003565788,"max":25.9709644318,"mean":2.01290416718,"median":1.49301111698,"min":-3.73910474777,"var":4.58625984192},"melbands_spread":{"dmean":7.12021780014,"dmean2":11.4650535583,"dvar":75.0807113647,"dvar2":184.937515259,"max":343.415466309,"mean":26.2911891937,"median":24.9888305664,"min":0.226027876139,"var":318.363372803},"mfcc":{"cov":[[10191.7216797,-478.895812988,-2010.18981934,571.704467773,-30.0682201385,692.017883301,-6.41584348679,255.189544678,-242.849060059,182.987792969,-73.9073257446,289.656799316,99.2380905151],[-478.895812988,1071.37207031,60.3469429016,-175.524490356,-14.6180210114,-113.584434509,19.3986225128,-81.3715438843,48.8584403992,-68.9028244019,43.7315101624,-84.8403549194,-0.237142875791],[-2010.18981934,60.3469429016,923.11920166,-68.7966461182,24.8706607819,-201.720474243,12.3201751709,-44.7895355225,61.4298286438,-17.3627433777,7.66723489761,-49.7722663879,-48.9724349976],[571.704467773,-175.524490356,-68.7966461182,493.958953857,-53.2171630859,72.5371551514,-19.9788646698,18.1672401428,5.26417016983,20.0537052155,21.7559814453,61.05519104,28.7807369232],[-30.0682201385,-14.6180210114,24.8706607819,-53.2171630859,226.709320068,44.5211601257,66.7020797729,36.4649276733,16.987613678,20.6584262848,14.6496734619,12.4920091629,16.0232410431],[692.017883301,-113.584434509,-201.720474243,72.5371551514,44.5211601257,237.897521973,57.2664337158,82.4506225586,2.20620918274,37.1072349548,-16.1421337128,24.717464447,17.9258975983],[-6.41584348679,19.3986225128,12.3201751709,-19.9788646698,66.7020797729,57.2664337158,122.278678894,45.5362052917,44.034954071,3.2061817646,-2.10640311241,-9.59176826477,10.2468414307],[255.189544678,-81.3715438843,-44.7895355225,18.1672401428,36.4649276733,82.4506225586,45.5362052917,133.691802979,22.8738155365,47.6652946472,-18.2102928162,14.7609834671,-4.80692195892],[-242.849060059,48.8584403992,61.4298286438,5.26417016983,16.987613678,2.20620918274,44.034954071,22.8738155365,104.152336121,15.209277153,23.0399112701,-11.6858692169,12.4970664978],[182.987792969,-68.9028244019,-17.3627433777,20.0537052155,20.6584262848,37.1072349548,3.2061817646,47.6652946472,15.209277153,90.1687088013,16.9333381653,32.8731231689,-1.43651509285],[-73.9073257446,43.7315101624,7.66723489761,21.7559814453,14.6496734619,-16.1421337128,-2.10640311241,-18.2102928162,23.0399112701,16.9333381653,82.096824646,24.2540588379,21.5820960999],[289.656799316,-84.8403549194,-49.7722663879,61.05519104,12.4920091629,24.717464447,-9.59176826477,14.7609834671,-11.6858692169,32.8731231689,24.2540588379,79.4046401978,23.9214706421],[99.2380905151,-0.237142875791,-48.9724349976,28.7807369232,16.0232410431,17.9258975983,10.2468414307,-4.80692195892,12.4970664978,-1.43651509285,21.5820960999,23.9214706421,62.1774749756]],"icov":[[0.000213690946111,-0.0000342605853803,0.000380845332984,-0.000145089739817,0.0000143821962411,-0.000154252251377,-0.0000868852366693,-0.0000578429353482,0.000273597979685,-0.000204841402592,0.000222629489144,-0.000389716966311,0.0000894790500752],[-0.0000342605853803,0.00119931367226,0.000051521234127,0.000317170401104,0.00010115859186,0.000327935413225,-0.000249421456829,0.000272922508884,-0.00040485651698,0.000492752355058,-0.000930449983571,0.00104409898631,-0.000091360983788],[0.000380845332984,0.000051521234127,0.00221078586765,-0.000367569708033,-0.00035292195389,0.00115872384049,-0.000638424709905,0.000104566766822,-0.000380191224394,-0.000507791293785,0.000523634254932,-0.000442966993432,0.00122728920542],[-0.000145089739817,0.000317170401104,-0.000367569708033,0.00268156826496,0.000811540463474,-0.000823991722427,0.000558057217859,-0.0000174462802534,-0.000800971174613,0.000747980666347,-0.000700503063854,-0.00130597851239,-0.000439001829363],[0.0000143821962411,0.00010115859186,-0.00035292195389,0.000811540463474,0.00588061846793,-0.000609516631812,-0.00289033120498,-0.000513052684255,0.000963537837379,-0.000627505069133,-0.00123407051433,-0.000668274587952,-0.00110194575973],[-0.000154252251377,0.000327935413225,0.00115872384049,-0.000823991722427,-0.000609516631812,0.0079639153555,-0.00287752668373,-0.00236014230177,0.000685760111082,-0.00139307614882,0.00106130889617,0.000665896222927,-0.00110028474592],[-0.0000868852366693,-0.000249421456829,-0.000638424709905,0.000558057217859,-0.00289033120498,-0.00287752668373,0.0142211047933,-0.00289204809815,-0.00482091447338,0.00291928043589,0.000352556118742,0.0011456735665,-0.00114295538515],[-0.0000578429353482,0.000272922508884,0.000104566766822,-0.0000174462802534,-0.000513052684255,-0.00236014230177,-0.00289204809815,0.0134893339127,-0.00244073802605,-0.00537731358781,0.00402567023411,-0.00143649475649,0.00203757174313],[0.000273597979685,-0.00040485651698,-0.000380191224394,-0.000800971174613,0.000963537837379,0.000685760111082,-0.00482091447338,-0.00244073802605,0.0153992343694,-0.00332617061213,-0.00396046927199,0.00442274520174,-0.00370593275875],[-0.000204841402592,0.000492752355058,-0.000507791293785,0.000747980666347,-0.000627505069133,-0.00139307614882,0.00291928043589,-0.00537731358781,-0.00332617061213,0.0186205152422,-0.00410496396944,-0.00589708890766,0.00404152134433],[0.000222629489144,-0.000930449983571,0.000523634254932,-0.000700503063854,-0.00123407051433,0.00106130889617,0.000352556118742,0.00402567023411,-0.00396046927199,-0.00410496396944,0.0187187548727,-0.00546319503337,-0.00305137597024],[-0.000389716966311,0.00104409898631,-0.000442966993432,-0.00130597851239,-0.000668274587952,0.000665896222927,0.0011456735665,-0.00143649475649,0.00442274520174,-0.00589708890766,-0.00546319503337,0.0231761746109,-0.00748343160376],[0.0000894790500752,-0.000091360983788,0.00122728920542,-0.000439001829363,-0.00110194575973,-0.00110028474592,-0.00114295538515,0.00203757174313,-0.00370593275875,0.00404152134433,-0.00305137597024,-0.00748343160376,0.0228332206607]],"mean":[-660.950927734,158.177093506,-33.4299545288,20.2476902008,-3.09712195396,23.5936813354,6.96951198578,15.100104332,4.9059844017,9.56739139557,-0.96468436718,3.42219948769,-2.11811900139]},"pitch_salience":{"dmean":0.0825475901365,"dmean2":0.137633606791,"dvar":0.00653397431597,"dvar2":0.0172440055758,"max":0.851377904415,"mean":0.536343574524,"median":0.565990030766,"min":0.0418545305729,"var":0.0198118425906},"silence_rate_20dB":{"dmean":0,"dmean2":0,"dvar":0,"dvar2":0,"max":1,"mean":1,"median":1,"min":1,"var":0},"silence_rate_30dB":{"dmean":0.0792113766074,"dmean2":0.158436566591,"dvar":0.0729369372129,"dvar2":0.167359903455,"max":1,"mean":0.933705508709,"median":1,"min":0,"var":0.0618995279074},"silence_rate_60dB":{"dmean":0.00959609169513,"dmean2":0.0191938579082,"dvar":0.00950400717556,"dvar2":0.0202213712037,"max":1,"mean":0.0819958150387,"median":0,"min":0,"var":0.075272500515},"spectral_centroid":{"dmean":187.024047852,"dmean2":279.080718994,"dvar":53697.2578125,"dvar2":104415.851562,"max":11782.2001953,"mean":1354.52539062,"median":1319.77124023,"min":148.020370483,"var":550237.4375},"spectral_complexity":{"dmean":3.36404085159,"dmean2":5.18495893478,"dvar":11.5821218491,"dvar2":23.5998859406,"max":61,"mean":24.9161720276,"median":28,"min":0,"var":178.546615601},"spectral_contrast_coeffs":{"dmean":[0.0541589483619,0.0456418059766,0.038691945374,0.0277747977525,0.0218321997672,0.0415763966739],"dmean2":[0.0891692340374,0.0761530175805,0.0641627386212,0.0467087998986,0.0363277345896,0.0649887546897],"dvar":[0.00194357545115,0.00128521141596,0.000912161835004,0.0004718019336,0.000387109321309,0.00136058032513],"dvar2":[0.00503632286564,0.0035567546729,0.00249288626947,0.00131896522362,0.000995487440377,0.00338085042313],"max":[-0.424244642258,-0.464256644249,-0.506765365601,-0.634537398815,-0.659301877022,-0.436872839928],"mean":[-0.712949752808,-0.786317646503,-0.781472563744,-0.809923827648,-0.809490919113,-0.720873594284],"median":[-0.719942688942,-0.793223023415,-0.784974575043,-0.808584213257,-0.801425337791,-0.714364528656],"min":[-0.978477060795,-0.974758088589,-0.972318232059,-0.980572044849,-0.973180532455,-0.962656319141],"var":[0.00646741269156,0.00388162210584,0.0028880413156,0.00146802782547,0.001743812114,0.00681415153667]},"spectral_contrast_valleys":{"dmean":[0.408559948206,0.377519220114,0.309255152941,0.282397419214,0.287030279636,0.639996945858],"dmean2":[0.673143804073,0.618230760098,0.49903562665,0.446337401867,0.429090887308,1.01029801369],"dvar":[0.141452386975,0.121549166739,0.096012994647,0.106425598264,0.130292549729,0.318622946739],"dvar2":[0.323629498482,0.278065502644,0.202667817473,0.217624351382,0.275195866823,0.789981365204],"max":[-4.89104175568,-4.71214771271,-4.97231578827,-5.31354284286,-5.34968233109,-8.91736793518],"mean":[-7.03183317184,-6.74718093872,-6.6361618042,-7.04413557053,-7.60922384262,-11.2558851242],"median":[-6.74467563629,-6.57281303406,-6.18632030487,-6.38844871521,-7.16780471802,-11.067656517],"min":[-28.0390148163,-27.6911621094,-27.5597934723,-27.5910015106,-27.3975811005,-27.3522090912],"var":[1.77790260315,1.62374150753,2.03537321091,2.43360590935,2.1944026947,1.45746743679]},"spectral_decrease":{"dmean":4.97275598477e-9,"dmean2":8.3934823536e-9,"dvar":6.68628353275e-17,"dvar2":1.77068095103e-16,"max":9.076654095e-9,"mean":-8.23102475067e-9,"median":-6.06956795934e-9,"min":-7.38152508006e-8,"var":7.14922343437e-17},"spectral_energy":{"dmean":0.0190210547298,"dmean2":0.0320310182869,"dvar":0.000953496433794,"dvar2":0.00253094593063,"max":0.310332387686,"mean":0.047774925828,"median":0.0443076491356,"min":1.03990787853e-20,"var":0.00148963776883},"spectral_energyband_high":{"dmean":0.000308376736939,"dmean2":0.000431804219261,"dvar":3.14131483492e-7,"dvar2":5.81841959502e-7,"max":0.0344210900366,"mean":0.00117824913468,"median":0.000902756175492,"min":7.33453455891e-21,"var":0.00000186206955277},"spectral_energyband_low":{"dmean":0.0161527171731,"dmean2":0.0279784090817,"dvar":0.000830568256788,"dvar2":0.00225025531836,"max":0.261084079742,"mean":0.0212699975818,"median":0.0136650800705,"min":1.65349111153e-23,"var":0.000749605183955},"spectral_energyband_middle_high":{"dmean":0.0029113413766,"dmean2":0.00467044347897,"dvar":0.0000131597616928,"dvar2":0.0000333177486027,"max":0.071720354259,"mean":0.011148606427,"median":0.01140717417,"min":1.18453475408e-21,"var":0.0000863380628289},"spectral_energyband_middle_low":{"dmean":0.00284061906859,"dmean2":0.00451367162168,"dvar":0.000019770790459,"dvar2":0.0000495881940878,"max":0.0821335092187,"mean":0.00707093439996,"median":0.0049583138898,"min":1.73169849768e-22,"var":0.0000527336524101},"spectral_entropy":{"dmean":0.143047302961,"dmean2":0.212708428502,"dvar":0.0286013130099,"dvar2":0.0627180710435,"max":9.81128025055,"mean":7.57199478149,"median":7.66752433777,"min":4.98601388931,"var":0.154393345118},"spectral_flux":{"dmean":0.0333671309054,"dmean2":0.0550566539168,"dvar":0.00213486631401,"dvar2":0.00464655458927,"max":0.440289616585,"mean":0.117457464337,"median":0.11620888114,"min":6.53375686888e-11,"var":0.00513950316235},"spectral_kurtosis":{"dmean":4.74298286438,"dmean2":7.36834669113,"dvar":65.8366699219,"dvar2":173.17980957,"max":173.195999146,"mean":20.2456855774,"median":18.6492080688,"min":-1.38989078999,"var":133.054336548},"spectral_rms":{"dmean":0.00117303756997,"dmean2":0.00190939789172,"dvar":0.0000025225376703,"dvar2":0.00000636307549939,"max":0.0174000952393,"mean":0.00619374448434,"median":0.00657472200692,"min":3.18519126005e-12,"var":0.00000824721246317},"spectral_rolloff":{"dmean":3451.3762207,"dmean2":6542.05859375,"dvar":44001516,"dvar2":106962600,"max":22050,"mean":10035.0703125,"median":2928.515625,"min":21.533203125,"var":95207080},"spectral_skewness":{"dmean":0.344282954931,"dmean2":0.516801536083,"dvar":0.213427260518,"dvar2":0.527429163456,"max":10.6999902725,"mean":3.02175402641,"median":2.92628479004,"min":-0.432517468929,"var":0.765399813652},"spectral_spread":{"dmean":486122.9375,"dmean2":736258.375,"dvar":394570072064,"dvar2":787891159040,"max":41752896,"mean":3756977.25,"median":3596420.75,"min":726165.625,"var":3882067951620},"spectral_strongpeak":{"dmean":4.68021869659,"dmean2":8.68879795074,"dvar":300.467285156,"dvar2":778.567382812,"max":204.476745605,"mean":4.44340801239,"median":0.222954839468,"min":0,"var":332.743530273},"zerocrossingrate":{"dmean":0.0323854461312,"dmean2":0.0414766855538,"dvar":0.00108093291055,"dvar2":0.00177266809624,"max":0.70361328125,"mean":0.215538740158,"median":0.2314453125,"min":0.0029296875,"var":0.0161350332201}},"metadata":{"audio_properties":{"analysis_sample_rate":44100,"bit_rate":256000,"codec":"mp3","downmix":"mix","equal_loudness":0,"length":266.161621094,"lossless":false,"md5_encoded":"b5eb7b5200cd84f69fa2da1a7e54caca","replay_gain":-0.555616378784,"sample_rate":44100},"tags":{"acoustid_id":["b81cca09-76cd-45c6-a890-10ce05000fbd"],"album":["The Vertigo of Bliss"],"albumartist":["Biffy Clyro"],"artist":["Biffy Clyro"],"date":["2003"],"discnumber":["1/1"],"file_name":"08 - Biffy Clyro - Eradicate the Doubt.mp3","musicbrainz_albumartistid":["892500b7-09a6-4049-ba92-2d192dd70563"],"musicbrainz_albumid":["4eb8fcf8-918f-4cd2-994e-5e7e0b639146"],"musicbrainz_artistid":["892500b7-09a6-4049-ba92-2d192dd70563"],"musicbrainz_recordingid":["df71e920-5f18-4837-9390-ce83b3bb62ea"],"musicbrainz_releasegroupid":["36d8920f-217c-3222-a34d-a8a8303306e1"],"replaygain_album_gain":["+0.01 dB"],"replaygain_album_peak":["0.385421"],"replaygain_track_gain":["-0.90 dB"],"replaygain_track_peak":["0.377278"],"title":["Eradicate the Doubt"],"tracknumber":["8/13"]},"version":{"essentia":"2.1-beta1","essentia_build_sha":"e76a03f03bb3900de42a1fa0d9be1e72f12def64","essentia_git_sha":"v2.1_beta1-28-g21ef5f4-dirty","extractor":"music 1.0"}},"rhythm":{"beats_count":470,"beats_loudness":{"dmean":0.0230452176183,"dmean2":0.0417547151446,"dvar":0.000488057354232,"dvar2":0.00146817183122,"max":0.159490764141,"mean":0.0505739711225,"median":0.0482521392405,"min":1.68469007633e-8,"var":0.000977681716904},"beats_loudness_band_ratio":{"dmean":[0.176866933703,0.0515921898186,0.0708710774779,0.104336902499,0.0381079651415,0.073858782649],"dmean2":[0.29503685236,0.0916379615664,0.126003578305,0.176045909524,0.0653540715575,0.127782419324],"dvar":[0.0187912713736,0.00395367806777,0.00688015343621,0.0113408276811,0.00197633961216,0.00637970166281],"dvar2":[0.0479939691722,0.0109723769128,0.0204718802124,0.0311423931271,0.00529828527942,0.014653487131],"max":[0.981992185116,0.447543382645,0.503692209721,0.812280416489,0.576846420765,0.933956444263],"mean":[0.4