{"lowlevel":{"average_loudness":0.834178864956,"barkbands":{"dmean":[0.000251663848758,0.00842212699354,0.00220919097774,0.00130921800155,0.00143008923624,0.00125415506773,0.000998377334327,0.000654212082736,0.00068488024408,0.000548454467207,0.000261269742623,0.000476730929222,0.000236618376221,0.000246339535806,0.000271384022199,0.000229584271437,0.000330684066284,0.0000915937780519,0.000101142300991,0.00009285993292,0.000111367538921,0.0000693710971973,0.0000557024250156,0.0000515304891451,0.0000261580462393,0.0000143501811181,0.0000115443308459],"dmean2":[0.0004184457066,0.0133530134335,0.00396268535405,0.00225295196287,0.00245215510949,0.00206164177507,0.00163133093156,0.00102114479523,0.00110763066914,0.000890355848242,0.000430444692029,0.00071588990977,0.00039233424468,0.000412021734519,0.000456485751783,0.000393599766539,0.000573917117435,0.000154769804794,0.000172431624378,0.000156187306857,0.000188556572539,0.000111474750156,0.0000812475409475,0.000078192766523,0.0000401023280574,0.0000229889592447,0.0000196374512598],"dvar":[2.64373682057e-7,0.000466996163595,0.0000350733462255,0.00000585801490161,0.00000613579823039,0.00000496097345604,0.0000028875820135,0.0000014147847196,0.00000224014956984,0.00000158095531333,3.37071867307e-7,0.00000292917820843,2.72066216667e-7,4.44835052349e-7,2.8120231832e-7,4.26136978149e-7,7.28761847313e-7,2.93816579955e-8,3.67153170089e-8,3.60608147787e-8,6.1850734312e-8,2.0939177503e-8,2.54440504222e-8,1.55526080903e-8,4.00941058132e-9,1.74616332504e-9,1.86678605907e-9],"dvar2":[7.25037466509e-7,0.00113593204878,0.00010263078002,0.0000160726031027,0.0000172432446561,0.0000133789471874,0.00000751290963308,0.00000326290796693,0.00000612856410953,0.00000420554351876,8.88460817805e-7,0.00000474582429888,7.21776757473e-7,0.00000123452525713,7.66128493979e-7,0.00000123608049307,0.00000217054275709,8.12959086716e-8,1.05707350428e-7,1.01701722599e-7,1.78554046215e-7,5.14395459561e-8,5.04543429258e-8,3.10386916169e-8,8.42188629946e-9,4.40203828944e-9,5.16975307008e-9],"max":[0.0099965389818,0.222578465939,0.0678902864456,0.0378172211349,0.0386324562132,0.0495192185044,0.032572671771,0.0360824838281,0.0344314053655,0.0307855661958,0.0129617229104,0.0736959949136,0.0116192726418,0.0141412187368,0.01273801364,0.0158632714301,0.0159831792116,0.00413799192756,0.00547274714336,0.00342533993535,0.00466108694673,0.00366276036948,0.0053602331318,0.00448634289205,0.00193821021821,0.00134269054979,0.00168236868922],"mean":[0.000394154340029,0.0116634694859,0.00360878556967,0.00227455282584,0.00263931090012,0.00209710071795,0.00164170085918,0.00110396766104,0.00123699638061,0.000957613810897,0.000402695965022,0.000924658204895,0.000426267069997,0.000402123143431,0.000447712111054,0.000419235933805,0.000575423706323,0.000193175394088,0.000227054755669,0.000214508909266,0.000260105298366,0.000173465581611,0.000129404128529,0.000106406187115,0.0000500673595525,0.0000228396820603,0.0000133710964292],"median":[0.0000596902900725,0.00453493371606,0.00119642878417,0.00100603397004,0.00166127365083,0.00108296005055,0.000857892388012,0.000528222357389,0.00043364870362,0.000310249539325,0.000122327212011,0.000193334199139,0.000163514108863,0.0000916806748137,0.000168410871993,0.000104125545477,0.000136815768201,0.0000836010149214,0.0000797527318355,0.000069503672421,0.0000642293598503,0.0000649154244456,0.0000331381525029,0.0000394633316319,0.0000160614799825,0.00000745781653677,0.0000046632358135],"min":[1.09969718765e-23,2.46986290973e-23,4.42058324194e-24,4.8766568634e-24,2.87092042503e-23,5.77768392859e-24,2.79207945735e-23,3.45632211211e-23,5.68735706724e-23,2.83249627252e-23,2.06217123199e-23,5.44243153339e-23,6.39810433454e-23,7.8223990098e-23,9.33501770746e-23,7.04528329683e-23,7.33442921758e-23,1.77517823886e-22,2.09698161269e-22,2.00902867047e-22,3.62513620013e-22,3.70654184927e-22,5.30457638626e-22,7.43479517014e-22,1.05514157273e-21,1.61345708323e-21,2.22277486201e-21],"var":[5.90859485783e-7,0.000490137957968,0.0000350493974111,0.00000994391211862,0.0000101012819869,0.00000932572856982,0.00000552423034605,0.00000342264434039,0.00000580558935326,0.00000369552822121,5.63531671105e-7,0.0000119903661471,6.21484730345e-7,8.43389898364e-7,5.54821156129e-7,8.62471949858e-7,0.00000130360649564,8.33940347889e-8,1.26156237457e-7,1.12680112352e-7,1.99777602461e-7,7.97499382088e-8,1.09426359529e-7,6.4561788804e-8,1.23881820357e-8,2.43758235818e-9,1.75518510837e-9]},"barkbands_crest":{"dmean":2.73040509224,"dmean2":4.49169015884,"dvar":9.77193641663,"dvar2":23.4156761169,"max":26.7073993683,"mean":11.8736600876,"median":10.7152299881,"min":1.97305309772,"var":29.0020542145},"barkbands_flatness_db":{"dmean":0.0253474768251,"dmean2":0.0404636710882,"dvar":0.000869974435773,"dvar2":0.00234474381432,"max":0.496982961893,"mean":0.15444894135,"median":0.134629994631,"min":0.0220291037112,"var":0.0060596531257},"barkbands_kurtosis":{"dmean":5.88529396057,"dmean2":9.58083438873,"dvar":235.199142456,"dvar2":595.162231445,"max":432.527374268,"mean":8.80023002625,"median":3.26086425781,"min":-1.94510018826,"var":286.848693848},"barkbands_skewness":{"dmean":0.684610724449,"dmean2":1.07449245453,"dvar":0.955409228802,"dvar2":2.25549125671,"max":19.4688529968,"mean":2.0709297657,"median":1.76550531387,"min":-5.01138544083,"var":2.61720299721},"barkbands_spread":{"dmean":4.69985485077,"dmean2":7.50752401352,"dvar":43.9714622498,"dvar2":106.316879272,"max":141.03175354,"mean":19.2451267242,"median":16.7081336975,"min":0.302096307278,"var":188.462554932},"dissonance":{"dmean":0.022897137329,"dmean2":0.0383894890547,"dvar":0.000520473346114,"dvar2":0.00139309524093,"max":0.500000059605,"mean":0.447434484959,"median":0.462074607611,"min":0.0760514363647,"var":0.00272466102615},"dynamic_complexity":3.85241317749,"erbbands":{"dmean":[0.262622594833,1.87604808807,2.63481473923,3.62513113022,4.12661743164,5.45586490631,6.05583620071,12.7187957764,16.5733757019,7.87901210785,16.2496929169,18.8576965332,14.6765203476,13.9928512573,13.4706687927,20.777557373,10.8565425873,13.0162858963,15.5970897675,8.85926818848,14.15350914,12.6820421219,5.23898077011,3.62976312637,5.74529314041,4.66275835037,4.84686613083,3.19944548607,2.43718314171,1.70639014244,1.68371856213,1.17095410824,0.807629168034,0.331813871861,0.180754244328,0.0715833976865,0.0256687086076,0.00897617638111,0.00178674026392,0.000140193602419],"dmean2":[0.426049143076,3.01434755325,4.65601301193,6.31838226318,7.05954742432,9.3020324707,10.1730747223,20.8084583282,27.0128231049,12.8231296539,25.445438385,30.369934082,23.6778240204,22.7110290527,22.2519664764,30.6594963074,17.821559906,21.7361106873,26.1830368042,15.1296033859,24.3293933868,21.8263511658,8.75381755829,6.20365047455,9.7563085556,7.7982711792,8.21627235413,5.34164237976,3.95885515213,2.59337878227,2.47734737396,1.76143658161,1.24784648418,0.507054388523,0.280551999807,0.113341927528,0.0416482500732,0.0150292310864,0.00302959582768,0.000238873442868],"dvar":[0.38442209363,25.6069068909,47.3798713684,56.0753173828,51.5858078003,114.748413086,140.542129517,569.506164551,838.118896484,162.187133789,996.595581055,1780.34155273,1122.61352539,1289.75561523,1019.7890625,6897.44482422,531.236572266,1157.18273926,925.952758789,382.68081665,1119.36254883,1025.11560059,89.4028091431,48.6521987915,121.503120422,96.1010284424,125.28477478,39.4051818848,23.3855190277,20.6455726624,25.3513469696,9.16967391968,4.02473640442,0.730801165104,0.173094570637,0.0283019673079,0.00692304689437,0.00087883498054,0.0000326886984112,4.80027665617e-7],"dvar2":[0.953809797764,62.6409645081,132.985794067,158.059356689,141.746047974,322.467681885,397.213592529,1506.98181152,2117.37133789,426.737854004,2308.1706543,4894.17236328,2994.26098633,3372.36694336,2666.40649414,10433.2998047,1389.05493164,3209.75561523,2510.79052734,1131.90966797,3252.76074219,3031.78613281,239.196411133,140.505233765,345.172729492,266.627288818,358.014892578,110.656005859,58.7672462463,43.5421905518,53.1479263306,17.8971500397,8.46129608154,1.44837939739,0.395703494549,0.0651351138949,0.0182814784348,0.00239327410236,0.0000896263809409,0.00000135229561238],"max":[7.11859846115,54.4779205322,69.3154449463,72.1420669556,160.893737793,185.53414917,290.813842773,540.968994141,523.602600098,357.701141357,981.067687988,919.890930176,883.907470703,1097.72949219,714.897705078,3773.19116211,552.019897461,842.914489746,682.397155762,376.175323486,634.460998535,699.39642334,223.957351685,294.000335693,234.744735718,180.526138306,199.973937988,136.717376709,120.702003479,138.043746948,179.017791748,122.076400757,83.0371017456,31.7346477509,15.2853250504,3.83069944382,2.93958997726,1.11898493767,0.234246104956,0.0254832133651],"mean":[0.363183259964,2.50807332993,4.10152101517,6.8380484581,7.56495904922,9.48059082031,9.9417886734,20.7402648926,28.2016830444,14.6489486694,27.8174190521,34.4521522522,28.1296482086,24.2291297913,23.8478012085,41.19739151,21.5407505035,23.6925601959,26.7376804352,18.147480011,27.6228122711,24.8700389862,12.3342485428,8.90508270264,12.5001573563,11.0540437698,11.8626174927,8.29929828644,6.24167585373,4.21812105179,3.8110408783,2.53504371643,1.57756853104,0.678449630737,0.310305953026,0.122707262635,0.0375123508275,0.0113012427464,0.00209638732485,0.000189150217921],"median":[0.104692578316,0.979629576206,1.85245490074,3.16787290573,4.45810842514,5.32220554352,5.86365938187,9.64545822144,14.3596496582,8.70572090149,13.0277137756,13.1158714294,10.6284780502,8.1906414032,6.93787002563,9.420337677,8.68177604675,7.62515878677,10.8924617767,6.54986476898,7.3358745575,6.6826043129,5.37777376175,3.43391132355,4.42943763733,3.68101978302,2.50851631165,2.56842803955,2.44232940674,1.35872912407,0.949471950531,0.759660124779,0.618315815926,0.210496455431,0.107994109392,0.0387118905783,0.0130995791405,0.00415396410972,0.000764189753681,0.000085234612925],"min":[1.28731850851e-21,3.84517008009e-21,7.43135992702e-21,2.22379445905e-20,3.00201518819e-20,7.95913637763e-20,7.02346779657e-20,8.56870645053e-20,4.04641969807e-19,7.4632184652e-19,8.35067211007e-19,1.38306045985e-18,8.03067160324e-19,1.08787299325e-18,7.97884098304e-19,2.57856081773e-18,3.12677497549e-18,2.97258106469e-18,4.11351831462e-18,5.23439808905e-18,3.57551921703e-18,4.79991402769e-18,9.13935976942e-18,9.61965640184e-18,1.02964663324e-17,9.7633649712e-18,1.53131480027e-17,1.23413337344e-17,1.08989391956e-17,1.4189059181e-17,1.50155945927e-17,1.40965803886e-17,1.31637439964e-17,1.25204555601e-17,6.97150715392e-18,6.02914205466e-18,2.95917370773e-18,9.98319938592e-19,2.62733681502e-19,3.37326321751e-20],"var":[0.434665888548,25.2231578827,43.8429107666,79.0658874512,102.071426392,157.067047119,189.844024658,1092.5982666,1655.27124023,379.038421631,2321.05102539,4221.56201172,2868.90234375,2791.76123047,2187.14282227,28632.9902344,1434.87207031,2388.92089844,1857.72583008,949.624145508,2629.76123047,2260.61474609,306.222625732,184.083938599,356.187469482,305.372344971,438.20010376,167.916122437,93.519821167,83.3540344238,98.3301315308,42.2016944885,13.8951807022,2.61985564232,0.404671609402,0.0579272210598,0.00784757081419,0.000846867391374,0.0000328039677697,4.0654691702e-7]},"erbbands_crest":{"dmean":2.75074887276,"dmean2":4.49406051636,"dvar":6.75163936615,"dvar2":17.0255584717,"max":33.333820343,"mean":9.37565803528,"median":8.16076850891,"min":2.47546958923,"var":22.0370044708},"erbbands_flatness_db":{"dmean":0.0212381444871,"dmean2":0.0331531316042,"dvar":0.000623767147772,"dvar2":0.00163796392735,"max":0.489988446236,"mean":0.151043310761,"median":0.136898636818,"min":0.0229929927737,"var":0.00337991351262},"erbbands_kurtosis":{"dmean":1.30737149715,"dmean2":2.0610897541,"dvar":13.1190061569,"dvar2":28.3865184784,"max":144.428268433,"mean":1.1097317934,"median":0.0186008214951,"min":-1.9194239378,"var":22.3634719849},"erbbands_skewness":{"dmean":0.376567780972,"dmean2":0.591942250729,"dvar":0.196294188499,"dvar2":0.466064035892,"max":9.77401351929,"mean":0.536611437798,"median":0.442493081093,"min":-4.75840091705,"var":0.815652549267},"erbbands_spread":{"dmean":8.27764320374,"dmean2":13.0930337906,"dvar":107.204444885,"dvar2":251.688796997,"max":143.89465332,"mean":37.3954086304,"median":34.5390968323,"min":1.21001958847,"var":337.774261475},"gfcc":{"cov":[[18558.3710938,-808.101989746,-1350.54309082,2351.43725586,-201.593231201,709.586975098,189.312057495,388.102905273,-625.258056641,111.276672363,-250.749252319,371.276397705,147.877197266],[-808.101989746,1691.80749512,36.1368522644,-76.3179855347,474.621490479,-51.4470252991,124.198852539,-120.68977356,-76.9744033813,-137.559310913,37.4464950562,-133.117919922,-37.8700866699],[-1350.54309082,36.1368522644,1784.2310791,-124.344459534,156.666564941,326.710571289,-161.952713013,231.0990448,194.231430054,88.3459625244,71.590927124,-28.60115242,-44.6625289917],[2351.43725586,-76.3179855347,-124.344459534,881.703369141,55.0180053711,112.467811584,121.665412903,8.12360954285,-111.770233154,25.1343250275,-40.1368293762,74.7122879028,70.2236328125],[-201.593231201,474.621490479,156.666564941,55.0180053711,372.897521973,50.5052261353,93.0683517456,19.276556015,-20.7099933624,-5.5209274292,24.8146209717,-24.3777446747,21.8519077301],[709.586975098,-51.4470252991,326.710571289,112.467811584,50.5052261353,269.011627197,23.2048149109,102.806266785,3.98230361938,22.7733364105,32.787776947,23.0613937378,12.1080236435],[189.312057495,124.198852539,-161.952713013,121.665412903,93.0683517456,23.2048149109,210.84992981,1.47300314903,-56.4903755188,13.4024419785,13.4756994247,11.2883424759,30.524892807],[388.102905273,-120.68977356,231.0990448,8.12360954285,19.276556015,102.806266785,1.47300314903,167.992736816,78.8870010376,61.2424125671,22.6115550995,23.527759552,27.3215026855],[-625.258056641,-76.9744033813,194.231430054,-111.770233154,-20.7099933624,3.98230361938,-56.4903755188,78.8870010376,187.745330811,85.1896209717,26.5833396912,0.668046593666,21.9217472076],[111.276672363,-137.559310913,88.3459625244,25.1343250275,-5.5209274292,22.7733364105,13.4024419785,61.2424125671,85.1896209717,138.533737183,35.5748634338,24.8944396973,34.4174308777],[-250.749252319,37.4464950562,71.590927124,-40.1368293762,24.8146209717,32.787776947,13.4756994247,22.6115550995,26.5833396912,35.5748634338,94.8321914673,20.6521987915,20.0970458984],[371.276397705,-133.117919922,-28.60115242,74.7122879028,-24.3777446747,23.0613937378,11.2883424759,23.527759552,0.668046593666,24.8944396973,20.6521987915,96.7797088623,51.1617088318],[147.877197266,-37.8700866699,-44.6625289917,70.2236328125,21.8519077301,12.1080236435,30.524892807,27.3215026855,21.9217472076,34.4174308777,20.0970458984,51.1617088318,97.8571929932]],"icov":[[0.000175443070475,-0.000118921001558,0.00025339378044,-0.000314415054163,0.000135453330586,-0.000430862128269,0.000472130719572,-0.00077715027146,0.000744251417927,-0.000559649255592,0.000441313604824,-0.000327105954057,0.000233398735872],[-0.000118921001558,0.00134385190904,-0.000191200975678,0.000200634734938,-0.0015523644397,0.000508952361997,-0.000660040823277,0.00124683498871,-0.000974722905084,0.00158901291434,-0.00115716143046,0.00128752575256,-0.000166037367308],[0.00025339378044,-0.000191200975678,0.0014305888908,-0.000399771321099,-0.000350077054463,-0.0017120015109,0.00159746408463,-0.00163997907657,0.000483799580252,-0.00100692769047,0.000439044466475,-0.000385639810702,0.00108969875146],[-0.000314415054163,0.000200634734938,-0.000399771321099,0.00220776512288,-0.000360728939995,-0.0000253431153396,-0.00120213034097,0.00164347793907,-0.000291296135401,0.0000480372546008,0.000563297478948,-0.000190127670066,-0.00118211121298],[0.000135453330586,-0.0015523644397,-0.000350077054463,-0.000360728939995,0.00545196095482,-0.000406140665291,-0.00100663490593,-0.00148927094415,0.00147347874008,-0.0010769024957,0.000500627036672,0.000363362953067,-0.00138786237221],[-0.000430862128269,0.000508952361997,-0.0017120015109,-0.0000253431153396,-0.000406140665291,0.00797251518816,-0.00191847328097,-0.00147386430763,-0.000247981079156,0.00232988386415,-0.00296637462452,0.000633708317764,-0.000286944879917],[0.000472130719572,-0.000660040823277,0.00159746408463,-0.00120213034097,-0.00100663490593,-0.00191847328097,0.00880305096507,-0.00321418978274,0.00454190047458,-0.00376272317953,0.000529994315002,-0.00032877465128,-0.000394575879909],[-0.00077715027146,0.00124683498871,-0.00163997907657,0.00164347793907,-0.00148927094415,-0.00147386430763,-0.00321418978274,0.015127251856,-0.00714654335752,0.00148657092359,-0.00112529064063,0.000559847045224,-0.00196041236632],[0.000744251417927,-0.000974722905084,0.000483799580252,-0.000291296135401,0.00147347874008,-0.000247981079156,0.00454190047458,-0.00714654335752,0.0149930939078,-0.00831548124552,0.00183476228267,0.000416035763919,-0.0018202571664],[-0.000559649255592,0.00158901291434,-0.00100692769047,0.0000480372546008,-0.0010769024957,0.00232988386415,-0.00376272317953,0.00148657092359,-0.00831548124552,0.0157813429832,-0.00518523855135,0.00117910979316,-0.0015617357567],[0.000441313604824,-0.00115716143046,0.000439044466475,0.000563297478948,0.000500627036672,-0.00296637462452,0.000529994315002,-0.00112529064063,0.00183476228267,-0.00518523855135,0.015631031245,-0.00431979028508,-0.000453460786957],[-0.000327105954057,0.00128752575256,-0.000385639810702,-0.000190127670066,0.000363362953067,0.000633708317764,-0.00032877465128,0.000559847045224,0.000416035763919,0.00117910979316,-0.00431979028508,0.0183222554624,-0.00846028979868],[0.000233398735872,-0.000166037367308,0.00108969875146,-0.00118211121298,-0.00138786237221,-0.000286944879917,-0.000394575879909,-0.00196041236632,-0.0018202571664,-0.0015617357567,-0.000453460786957,-0.00846028979868,0.0176368895918]],"mean":[-17.622751236,93.2506637573,-94.9991073608,18.1352386475,-51.9968757629,8.62589359283,-32.575668335,3.64764213562,-12.9342432022,2.86682295799,-14.1680755615,-2.76254415512,-10.2203531265]},"hfc":{"dmean":4.08556222916,"dmean2":6.46596097946,"dvar":31.6006088257,"dvar2":73.5350265503,"max":139.943099976,"mean":19.0392570496,"median":11.361035347,"min":1.11588941034e-16,"var":360.27255249},"melbands":{"dmean":[0.00236867391504,0.00170528877061,0.000623105966952,0.000329278234858,0.000218967048568,0.000274486141279,0.000239099361352,0.0000858389248606,0.000128550032969,0.000120397948194,0.0000733432825655,0.0000606698995398,0.0000369461558876,0.0000583875516895,0.0000312451229547,0.000024651955755,0.0000279280138784,0.0000245076098508,0.0000140568408824,0.0000186628549272,0.0000193115083675,0.0000180258866749,0.00000706924356564,0.00000452400036011,0.00000305047979055,0.00000510037125423,0.0000025427204946,0.00000381703830499,0.00000288830983664,0.0000041470616452,0.00000181185487236,0.00000163419292676,0.00000126237011955,9.5651932952e-7,0.00000106237018827,9.08330889615e-7,7.13799920504e-7,6.49280650578e-7,4.38152000015e-7,2.44503070235e-7],"dmean2":[0.00378686049953,0.00282144197263,0.00108274444938,0.000557124149054,0.000372689653886,0.000449059123639,0.000389928638469,0.000138688017614,0.000201066388399,0.000193764353753,0.000118421048683,0.0000986746308627,0.0000611226350884,0.0000874926117831,0.0000484681331727,0.0000410141219618,0.0000467327263323,0.0000409354433941,0.0000236371270148,0.000032266452763,0.000033274434827,0.0000312662850774,0.0000117315839816,0.00000770256792748,0.00000523378048456,0.00000872422151588,0.0000042481528908,0.00000640478356217,0.00000493144762004,0.00000712359224053,0.00000301964746541,0.00000270045211437,0.00000203215404326,0.00000146732759276,0.00000159720332249,0.00000139761982609,0.00000109629706913,0.00000102567128124,6.93334300195e-7,3.76140093294e-7],"dvar":[0.0000346468405041,0.000018003724108,0.00000142763406075,3.05855081706e-7,1.89052869359e-7,2.46202944254e-7,1.67674215845e-7,1.79456041138e-8,6.0840662286e-8,7.57245786076e-8,2.85292713897e-8,2.56455141567e-8,6.96359681029e-9,3.74456163854e-8,1.02784829537e-8,2.86108936542e-9,6.02281335915e-9,2.17152673621e-9,7.55502327365e-10,3.04624658831e-9,2.23949880862e-9,2.44851783293e-9,1.98245336813e-10,1.04069801388e-10,4.17957057852e-11,1.17655982179e-10,1.92283584888e-11,7.28682808537e-11,4.46531041309e-11,1.1059955729e-10,1.35743733962e-11,1.01649808362e-11,1.00541996603e-11,7.1288014554e-12,1.02608546659e-11,7.54528037272e-12,3.09806455663e-12,2.54817759775e-12,1.30972956005e-12,4.23048369339e-13],"dvar2":[0.0000850464930409,0.0000455880581285,0.00000403297281082,8.43156840347e-7,5.42598343145e-7,6.51545974506e-7,4.26534143116e-7,4.58190392294e-8,1.42401077596e-7,2.0727310357e-7,7.60574110359e-8,6.72356748055e-8,1.85455331092e-8,6.20996516432e-8,1.77626997555e-8,7.67393792955e-9,1.68009108847e-8,5.85249315677e-9,2.0640724685e-9,8.96954421847e-9,6.58844356849e-9,7.27209936713e-9,5.22225984678e-10,3.04736846868e-10,1.21449225676e-10,3.41062983411e-10,5.21597938452e-11,2.04952596561e-10,1.27417257301e-10,3.23303023242e-10,3.70245258063e-11,2.66525638365e-11,2.43900212527e-11,1.59073830497e-11,2.2122019494e-11,1.63398374692e-11,6.55591596635e-12,5.72027451448e-12,2.70115440432e-12,8.74657984928e-13],"max":[0.0600532405078,0.0446155667305,0.0135524719954,0.00946697033942,0.00770554412156,0.0112735386938,0.00775150535628,0.00452878046781,0.00727573269978,0.00622472818941,0.00450835749507,0.00492601981387,0.00187321868725,0.00817465595901,0.00418278481811,0.00127235171385,0.00185917713679,0.000977883697487,0.000737787922844,0.00135677494109,0.000861416745465,0.00102226424497,0.000361754791811,0.000282960943878,0.000292198179523,0.000322613224853,0.0000873793032952,0.000170624058228,0.000127753708512,0.000200277310796,0.0000844227979542,0.0000787169192336,0.0000875014666235,0.000070934795076,0.0000965376675595,0.000111461617053,0.0000629750065855,0.0000610858405707,0.0000496884385939,0.0000209966619877],"mean":[0.0032973177731,0.00261903950013,0.00120114383753,0.000621984072495,0.000363742525224,0.000453653367003,0.000407773477491,0.000156971684191,0.000218017667066,0.000214321451494,0.000135925700306,0.000099264914752,0.0000608659793215,0.000114618953376,0.0000612999501755,0.0000436121154053,0.0000452190397482,0.0000412187837355,0.0000251274123002,0.0000315981596941,0.0000346374617948,0.0000313644159178,0.000014225054656,0.00000896059555089,0.00000635475544186,0.00000999024268822,0.00000602355430601,0.00000795780943008,0.00000681834671923,0.00000790889316704,0.00000409579979532,0.00000377938704332,0.00000280592212221,0.00000212302120417,0.00000226577139983,0.00000191466938304,0.00000139942108035,0.00000118707930596,8.27148539884e-7,4.84062297801e-7],"median":[0.00120447319932,0.00150667084381,0.000685577397235,0.000379435397917,0.000223740193178,0.000214905361645,0.000210855097976,0.0000926529755816,0.0000992562709143,0.000074543262599,0.0000487659563078,0.0000306127622025,0.0000175013083208,0.0000267495670414,0.0000171487463376,0.000017060279788,0.0000101455034383,0.0000162317792274,0.00000930788519327,0.00000792825358076,0.00000811882728158,0.00000694680511515,0.00000522416485182,0.00000360549393008,0.00000217423212234,0.00000309098822981,0.00000255838131125,0.00000225614985538,0.00000155309010097,0.0000012929060631,0.000001448028911,0.00000143820602716,0.00000101742364222,5.86645001022e-7,5.55251062906e-7,4.62144527091e-7,4.32777710557e-7,4.55608613947e-7,2.93894260039e-7,1.25339823853e-7],"min":[1.01088833135e-23,6.81199456573e-24,3.93920177934e-24,5.39867767882e-24,4.05498131668e-24,2.10596397739e-24,5.65919149859e-24,8.20919029118e-24,6.35614143089e-24,7.9876678938e-24,3.6585152085e-24,4.40823875206e-24,2.54072474657e-24,5.61059451139e-24,5.50838062061e-24,5.49970827825e-24,5.11876774155e-24,6.18183827514e-24,5.90912590477e-24,6.25384944288e-24,3.39383778087e-24,4.04400668376e-24,8.36169761454e-24,7.24279308379e-24,7.67621535323e-24,7.8639374274e-24,6.97562325014e-24,6.055256471e-24,8.30175365208e-24,6.8881638193e-24,5.62672080044e-24,5.23589544217e-24,9.38265007555e-24,6.5719587862e-24,7.44289948532e-24,9.29777731962e-24,8.62843673015e-24,8.71139097636e-24,8.7734056987e-24,1.04818038958e-23],"var":[0.0000371593268937,0.0000179482485692,0.00000196874134417,5.87235945204e-7,2.22893206114e-7,4.81602057789e-7,3.35670165441e-7,4.61572966515e-8,1.43187762092e-7,1.81809866717e-7,7.13713319556e-8,5.3297330993e-8,1.30457635805e-8,1.52928777197e-7,3.97983477285e-8,6.24910567737e-9,1.13322382589e-8,4.39985203826e-9,1.65013414044e-9,5.45571055e-9,4.54100756997e-9,4.52456916378e-9,5.42002387416e-10,2.42492664837e-10,1.23182616885e-10,2.94958196756e-10,7.03048869122e-11,1.9105067528e-10,1.42852660256e-10,2.48985360107e-10,4.27166635397e-11,3.39448608111e-11,3.10831117789e-11,2.50261322082e-11,3.53485261895e-11,2.89285088939e-11,1.22758244542e-11,7.66192057716e-12,4.32944175302e-12,1.34789239232e-12]},"melbands_crest":{"dmean":3.10332107544,"dmean2":4.96161460876,"dvar":9.33699607849,"dvar2":23.0999565125,"max":34.8583145142,"mean":16.2526607513,"median":15.7306060791,"min":2.24012565613,"var":37.7607345581},"melbands_flatness_db":{"dmean":0.0285448972136,"dmean2":0.0451095923781,"dvar":0.00115871895105,"dvar2":0.00298034399748,"max":0.573631584644,"mean":0.237575724721,"median":0.211926788092,"min":0.00611584447324,"var":0.00959104672074},"melbands_kurtosis":{"dmean":11.6822900772,"dmean2":18.9722385406,"dvar":703.973022461,"dvar2":1772.05053711,"max":661.782775879,"mean":19.6600036621,"median":9.65529060364,"min":-1.88948905468,"var":1141.94238281},"melbands_skewness":{"dmean":0.862752377987,"dmean2":1.37699019909,"dvar":1.38389527798,"dvar2":3.4467124939,"max":19.7206707001,"mean":3.02286577225,"median":2.605240345,"min":-5.94033432007,"var":3.98661589622},"melbands_spread":{"dmean":5.00192785263,"dmean2":8.01783275604,"dvar":77.0758209229,"dvar2":170.578201294,"max":211.597305298,"mean":18.9979991913,"median":15.149766922,"min":0.395774453878,"var":256.238983154},"mfcc":{"cov":[[13875.0136719,-828.823486328,-1060.18518066,1319.6829834,-231.028549194,759.001037598,542.200500488,386.503936768,180.551101685,-228.732116699,-357.419189453,-305.282806396,-81.4840774536],[-828.823486328,1625.43041992,156.780563354,-71.7094955444,335.183288574,44.6553955078,122.436721802,22.5872097015,-9.82723903656,39.4713401794,70.9342956543,4.35809898376,-122.754966736],[-1060.18518066,156.780563354,1192.20129395,-72.2761993408,391.952697754,52.4245758057,-18.6441898346,69.4340896606,38.7872505188,148.918640137,115.370811462,126.654708862,-3.05499053001],[1319.6829834,-71.7094955444,-72.2761993408,516.677246094,23.9818820953,187.380187988,82.5558853149,22.7278232574,57.9875640869,-46.4578895569,-44.8810920715,-48.4920539856,-1.77349030972],[-231.028549194,335.183288574,391.952697754,23.9818820953,371.433105469,68.1401596069,40.3907585144,48.6115570068,36.652633667,80.2352600098,39.1470146179,34.119468689,-39.8784217834],[759.001037598,44.6553955078,52.4245758057,187.380187988,68.1401596069,210.079742432,113.446044922,48.1059494019,22.092628479,-21.5809268951,-6.29032230377,-31.0923748016,-21.1969127655],[542.200500488,122.436721802,-18.6441898346,82.5558853149,40.3907585144,113.446044922,224.014129639,64.093132019,14.0943460464,-9.7188167572,2.96960067749,-16.1387519836,-26.6219539642],[386.503936768,22.5872097015,69.4340896606,22.7278232574,48.6115570068,48.1059494019,64.093132019,113.961799622,16.4308319092,-0.701348304749,-3.92289328575,-14.2424669266,-10.1023111343],[180.551101685,-9.82723903656,38.7872505188,57.9875640869,36.652633667,22.092628479,14.0943460464,16.4308319092,128.596359253,53.7699661255,13.2494506836,46.8924293518,23.4176445007],[-228.732116699,39.4713401794,148.918640137,-46.4578895569,80.2352600098,-21.5809268951,-9.7188167572,-0.701348304749,53.7699661255,125.902709961,61.1807632446,48.155040741,0.543306469917],[-357.419189453,70.9342956543,115.370811462,-44.8810920715,39.1470146179,-6.29032230377,2.96960067749,-3.92289328575,13.2494506836,61.1807632446,102.729888916,58.4680252075,7.58090019226],[-305.282806396,4.35809898376,126.654708862,-48.4920539856,34.119468689,-31.0923748016,-16.1387519836,-14.2424669266,46.8924293518,48.155040741,58.4680252075,136.393951416,55.1963653564],[-81.4840774536,-122.754966736,-3.05499053001,-1.77349030972,-39.8784217834,-21.1969127655,-26.6219539642,-10.1023111343,23.4176445007,0.543306469917,7.58090019226,55.1963653564,107.023338318]],"icov":[[0.000135502938065,0.0000518936139997,0.000124107507872,-0.000205675634788,0.0000604734304943,-0.000283044733806,-0.0000378880467906,-0.000392259011278,0.0000410350803577,-0.000216042011743,0.0003532046685,-0.000153276050696,0.000128995714476],[0.0000518936139997,0.000933629111387,0.000249733158853,0.000109919717943,-0.00103164149914,0.0001091552258,-0.000448622478871,0.000168414844666,-0.000107359039248,0.000553481979296,-0.000614803633653,-0.0000599348422838,0.000755984743591],[0.000124107507872,0.000249733158853,0.00174067937769,0.0000103201591628,-0.0014907179866,-0.000837305735331,0.000576138030738,-0.00111015944276,0.000719290692359,-0.000837969651911,-0.000176941990503,-0.00116942136083,0.000210535072256],[-0.000205675634788,0.000109919717943,0.0000103201591628,0.00368999992497,-0.000486187083879,-0.00240283994935,0.00016475301527,0.00141056021675,-0.00184368691407,0.00135519332252,-0.000243676375248,0.00107980147004,-0.000595112273004],[0.0000604734304943,-0.00103164149914,-0.0014907179866,-0.000486187083879,0.00625859061256,-0.00139875558671,0.000306763657136,-0.00125363841653,0.000252342404565,-0.0029193428345,0.00204758462496,-0.00100091355853,0.00115590321366],[-0.000283044733806,0.0001091552258,-0.000837305735331,-0.00240283994935,-0.00139875558671,0.0111786201596,-0.00362207414582,0.000236220716033,-0.00127276056446,0.00311273545958,-0.00288657541387,0.0024015204981,-0.000111287925392],[-0.0000378880467906,-0.000448622478871,0.000576138030738,0.00016475301527,0.000306763657136,-0.00362207414582,0.00745167071,-0.0030676247552,0.000288717943477,-0.000343778752722,-0.000337999255862,-0.00111525505781,0.00097441195976],[-0.000392259011278,0.000168414844666,-0.00111015944276,0.00141056021675,-0.00125363841653,0.000236220716033,-0.0030676247552,0.0132530489936,-0.00251682056114,0.00224869465455,-0.00118886993732,0.0030138050206,-0.000977047020569],[0.0000410350803577,-0.000107359039248,0.000719290692359,-0.00184368691407,0.000252342404565,-0.00127276056446,0.000288717943477,-0.00251682056114,0.0135834738612,-0.00762056652457,0.00411743205041,-0.00515252491459,-0.000993506517261],[-0.000216042011743,0.000553481979296,-0.000837969651911,0.00135519332252,-0.0029193428345,0.00311273545958,-0.000343778752722,0.00224869465455,-0.00762056652457,0.018259562552,-0.00935540441424,0.00204802793451,0.00130553322379],[0.0003532046685,-0.000614803633653,-0.000176941990503,-0.000243676375248,0.00204758462496,-0.00288657541387,-0.000337999255862,-0.00118886993732,0.00411743205041,-0.00935540441424,0.0196926109493,-0.00746702961624,0.0011523142457],[-0.000153276050696,-0.0000599348422838,-0.00116942136083,0.00107980147004,-0.00100091355853,0.0024015204981,-0.00111525505781,0.0030138050206,-0.00515252491459,0.00204802793451,-0.00746702961624,0.0165060311556,-0.00695808185264],[0.000128995714476,0.000755984743591,0.000210535072256,-0.000595112273004,0.00115590321366,-0.000111287925392,0.00097441195976,-0.000977047020569,-0.000993506517261,0.00130553322379,0.0011523142457,-0.00695808185264,0.014581755735]],"mean":[-666.188049316,129.394378662,13.375995636,17.0476894379,4.63142108917,5.8650393486,-5.90212917328,0.0346491672099,2.82580018044,3.87717151642,-0.51367855072,5.80016565323,-1.37213540077]},"pitch_salience":{"dmean":0.0756635665894,"dmean2":0.125209346414,"dvar":0.00672164419666,"dvar2":0.0176008865237,"max":0.961566507816,"mean":0.485385924578,"median":0.494689226151,"min":0.0535068139434,"var":0.0161907728761},"silence_rate_20dB":{"dmean":0,"dmean2":0,"dvar":0,"dvar2":0,"max":1,"mean":1,"median":1,"min":1,"var":0},"silence_rate_30dB":{"dmean":0.0355923585594,"dmean2":0.0711898878217,"dvar":0.0343331247568,"dvar2":0.0784753262997,"max":1,"mean":0.969567120075,"median":1,"min":0,"var":0.0295056570321},"silence_rate_60dB":{"dmean":0.00406769802794,"dmean2":0.00813598744571,"dvar":0.00405107391998,"dvar2":0.00952245853841,"max":1,"mean":0.0740848332644,"median":0,"min":0,"var":0.068599998951},"spectral_centroid":{"dmean":171.238143921,"dmean2":276.061584473,"dvar":53195.4765625,"dvar2":116492.476562,"max":11363.9736328,"mean":1117.73144531,"median":1015.81536865,"min":184.000518799,"var":450228.71875},"spectral_complexity":{"dmean":2.32599687576,"dmean2":3.84468984604,"dvar":5.25719690323,"dvar2":13.6940755844,"max":54,"mean":17.6746082306,"median":15,"min":0,"var":124.899307251},"spectral_contrast_coeffs":{"dmean":[0.0443432666361,0.0466087311506,0.0398601777852,0.0310329850763,0.0213081352413,0.0181349255145],"dmean2":[0.072742305696,0.0759953483939,0.0643672719598,0.0516414456069,0.0356825329363,0.0297308824956],"dvar":[0.00145621434785,0.00148039706983,0.00105635507498,0.000624639680609,0.000331835326506,0.000267664116109],"dvar2":[0.00362662691623,0.00389959244058,0.00271436595358,0.00173276208807,0.000868373317644,0.00068006379297],"max":[-0.267688333988,-0.387571036816,-0.480364888906,-0.550564885139,-0.598982334137,-0.504559993744],"mean":[-0.64873611927,-0.708475887775,-0.743099451065,-0.770323395729,-0.781877577305,-0.765566110611],"median":[-0.658761262894,-0.713322281837,-0.744803607464,-0.774403333664,-0.780012845993,-0.759768366814],"min":[-0.972828567028,-0.986550688744,-0.974479913712,-0.975624024868,-0.961593210697,-0.962429702282],"var":[0.00966651085764,0.00626067630947,0.00417523179203,0.00270498590544,0.00210848287679,0.00354930013418]},"spectral_contrast_valleys":{"dmean":[0.371848881245,0.365569084883,0.339973688126,0.261541426182,0.238724976778,0.363080650568],"dmean2":[0.619950056076,0.593617618084,0.543658673763,0.424662262201,0.380180627108,0.558887004852],"dvar":[0.143965601921,0.165130198002,0.16206009686,0.0926763117313,0.135766506195,0.261133462191],"dvar2":[0.33100733161,0.37117934227,0.36326366663,0.205843403935,0.295823454857,0.658286690712],"max":[-4.85298061371,-4.74702978134,-5.26303911209,-5.93011569977,-6.01988744736,-7.50926351547],"mean":[-7.36001825333,-6.85720586777,-7.68282032013,-8.12321567535,-8.22026920319,-10.451631546],"median":[-6.80002069473,-6.60419464111,-7.36124610901,-7.75708007812,-7.7804775238,-10.1315784454],"min":[-27.3816013336,-27.3499927521,-27.4304103851,-27.5294189453,-27.4278697968,-27.2334957123],"var":[2.96436572075,1.87598919868,2.35421085358,2.34494280815,2.71162033081,2.49897098541]},"spectral_decrease":{"dmean":2.95022162256e-9,"dmean2":4.63391325312e-9,"dvar":3.37560728193e-17,"dvar2":7.68959339702e-17,"max":2.88978628353e-12,"mean":-8.18162959604e-9,"median":-6.10003247914e-9,"min":-6.33967545127e-8,"var":5.75142054805e-17},"spectral_energy":{"dmean":0.0113384984434,"dmean2":0.0177923738956,"dvar":0.000486822449602,"dvar2":0.00110656255856,"max":0.241825833917,"mean":0.0326061695814,"median":0.0241734609008,"min":1.02239111737e-20,"var":0.000874683784787},"spectral_energyband_high":{"dmean":0.000286907219561,"dmean2":0.000447989965323,"dvar":2.87170280444e-7,"dvar2":6.16852560142e-7,"max":0.0165757723153,"mean":0.000897694146261,"median":0.000295942299999,"min":7.373876529e-21,"var":0.00000194567155631},"spectral_energyband_low":{"dmean":0.00963324028999,"dmean2":0.0153911104426,"dvar":0.000514848448802,"dvar2":0.00121484091505,"max":0.231427952647,"mean":0.0169899873435,"median":0.0120488386601,"min":8.45465524812e-23,"var":0.000592996831983},"spectral_energyband_middle_high":{"dmean":0.00137569371145,"dmean2":0.00221180124208,"dvar":0.00000570515931031,"dvar2":0.0000131008082462,"max":0.0750694274902,"mean":0.00486915791407,"median":0.00245899730362,"min":1.32666653705e-21,"var":0.0000420171963924},"spectral_energyband_middle_low":{"dmean":0.00406727520749,"dmean2":0.00680718896911,"dvar":0.0000336343073286,"dvar2":0.0000923198385863,"max":0.0770882517099,"mean":0.0113766128197,"median":0.00862798281014,"min":1.96837103185e-22,"var":0.0000860996879055},"spectral_entropy":{"dmean":0.182609155774,"dmean2":0.28338187933,"dvar":0.0761274322867,"dvar2":0.190327450633,"max":9.81080818176,"mean":7.35823488235,"median":7.5134267807,"min":3.85836362839,"var":0.396039456129},"spectral_flux":{"dmean":0.0269761942327,"dmean2":0.0429956093431,"dvar":0.0017012906028,"dvar2":0.00371057423763,"max":0.406445801258,"mean":0.0807851627469,"median":0.0689767748117,"min":6.76561376367e-11,"var":0.00371641782112},"spectral_kurtosis":{"dmean":2.97939276695,"dmean2":5.07048368454,"dvar":63.1334075928,"dvar2":178.043228149,"max":101.975379944,"mean":6.84852933884,"median":4.03932857513,"min":-1.22555911541,"var":90.8587341309},"spectral_rms":{"dmean":0.000818280212115,"dmean2":0.00127325276844,"dvar":0.00000157796864642,"dvar2":0.00000344726436197,"max":0.015359936282,"mean":0.00511044543236,"median":0.00485632196069,"min":3.15825078763e-12,"var":0.00000569428038943},"spectral_rolloff":{"dmean":416.398986816,"dmean2":721.427490234,"dvar":1678867.5,"dvar2":3886525,"max":20327.34375,"mean":1236.20092773,"median":775.1953125,"min":64.599609375,"var":3078565.5},"spectral_skewness":{"dmean":0.299900531769,"dmean2":0.483496546745,"dvar":0.297428458929,"dvar2":0.804895579815,"max":7.88167381287,"mean":1.86951684952,"median":1.57053256035,"min":-0.0500344149768,"var":0.996561944485},"spectral_spread":{"dmean":803280.4375,"dmean2":1247757.25,"dvar":2005897969660,"dvar2":5058833940480,"max":41001752,"mean":4938535.5,"median":4592946,"min":686264.3125,"var":4914829852670},"spectral_strongpeak":{"dmean":0.346883684397,"dmean2":0.599499821663,"dvar":0.520637154579,"dvar2":1.31472742558,"max":12.3220643997,"mean":0.696155309677,"median":0.418025195599,"min":0,"var":0.971505105495},"zerocrossingrate":{"dmean":0.00899051781744,"dmean2":0.0116395102814,"dvar":0.000150239997311,"dvar2":0.000247473333729,"max":0.64794921875,"mean":0.0531332120299,"median":0.046875,"min":0.00244140625,"var":0.00202997936867}},"metadata":{"audio_properties":{"analysis_sample_rate":44100,"bit_rate":320026,"codec":"mp3","downmix":"mix","equal_loudness":0,"length":319.660400391,"lossless":false,"md5_encoded":"2e5ef34d5b764af196b3f76016387a79","replay_gain":-14.2011642456,"sample_rate":44100},"tags":{"album":["In Dream"],"albumartist":["Editors"],"artist":["Editors"],"artistsort":["Editors"],"composer":["Editors"],"date":["2015"],"discnumber":["1/1"],"file_name":"07. Editors - Our Love.mp3","genre":["Post-Punk Revival"],"label":["Play It Again Sam"],"musicbrainz album type":["Album"],"musicbrainz_albumid":["1496936d-6413-4fbf-99ba-0fd5daef2deb"],"musicbrainz_artistid":["0efe858c-89e5-4e47-906a-356fa953fd6e"],"musicbrainz_recordingid":["df8e48a9-916d-4775-8759-ada8494ed7d0"],"releasecountry":["XW"],"title":["Our Love"],"tracknumber":["7/10"]},"version":{"essentia":"2.1-beta2","essentia_build_sha":"c0e182ba78c2de26e491b7b7a4a2c98c1ed34208","essentia_git_sha":"v2.1_beta2-2-gbb40004","extractor":"music 1.0"}},"rhythm":{"beats_count":640,"beats_loudness":{"dmean":0.0289833713323,"dmean2":0.0493160411716,"dvar":0.00118231622037,"dvar2":0.00341782718897,"max":0.225412815809,"mean":0.0652484446764,"median":0.0631737262011,"min":1.99875463402e-10,"var":0.002156926319},"beats_loudness_band_ratio":{"dmean":[0.118812464178,0.0649844929576,0.0738694369793,0.0553686358035,0.0271840281785,0.0225206315517],"dmean2":[0.208849146962,0.110895387828,0.130585670471,0.0977193117142,0.0459537431598,0.0404061153531],"dvar":[0.0175643172115,0.00588030274957,0.00829142704606,0.0106318229809,0.00276974961162,0.00330718210898],"dvar2":[0.0479080863297,0.0152508215979,0.0225899852812,0.0309571437538,0.00636763777584,0.00875173509121],"max":[0.982176542282,0.658608138561,0.957068920135,0.920696914196,0.867477059364,0.886251032352],"mean":[0.655437886715,0.105544887483,0.121997967362,0.0699385777116,0.042879499495,0.0290729962289],"median":[0.