{"lowlevel":{"average_loudness":0.95570987463,"barkbands":{"dmean":[0.0000884427790879,0.0134858619422,0.0106062563136,0.00389368482865,0.00146840082016,0.00167357933242,0.00072497833753,0.000314913020702,0.00027036110987,0.000166736208485,0.000107263847895,0.000129313528305,0.0000993645080598,0.0000663228202029,0.0000661844242131,0.000117656039947,0.000240755442064,0.000425370701123,0.000249182077823,0.000175362278242,0.0001175411453,0.000058433990489,0.0000552548517589,0.0000492613689858,0.0000447393176728,0.00000774361706135,2.09817400787e-7],"dmean2":[0.000141368378536,0.0221191588789,0.0186094883829,0.00677960785106,0.00240896712057,0.00272786710411,0.00123039702885,0.000522151123732,0.000462513184175,0.000287255417788,0.000181985116797,0.000215322885197,0.000166798214195,0.000112048022856,0.000112628862553,0.000199259637157,0.000409577798564,0.000717328337487,0.000425510748755,0.000301114749163,0.000197906279936,0.0000993259236566,0.0000869913128554,0.000074994735769,0.0000655860494589,0.0000111766630653,2.27447330303e-7],"dvar":[4.90826543853e-8,0.00085231999401,0.00044912379235,0.000032542480767,0.00000371576084035,0.0000053232938626,9.83261656984e-7,1.81328715598e-7,1.51753809519e-7,5.80345407286e-8,2.60608388203e-8,3.95758839034e-8,3.76420743464e-8,8.68534133502e-9,7.34748573095e-9,2.12224335883e-8,9.19117084663e-8,2.80573317468e-7,8.96163285802e-8,4.88057843029e-8,4.36054783393e-8,1.48872514316e-8,2.1145835305e-8,1.61331250581e-8,2.16678444076e-8,3.49201423333e-9,1.74460949159e-11],"dvar2":[1.09035170226e-7,0.0021277370397,0.00130709086079,0.0000959395838436,0.00000955150153459,0.0000130626276587,0.00000290778348244,4.77682078781e-7,4.64749660978e-7,1.71301891783e-7,7.33814218279e-8,1.06559092217e-7,1.00842427742e-7,2.4416937805e-8,2.04577688123e-8,5.95932334591e-8,2.57455212704e-7,7.84694464073e-7,2.55219958945e-7,1.37630976837e-7,1.15533005385e-7,3.99063679879e-8,4.85519677795e-8,3.51027118484e-8,4.31805915468e-8,4.29681268344e-9,2.2102810901e-11],"max":[0.00479812733829,0.245651751757,0.193885594606,0.0606382638216,0.0305767599493,0.0408480502665,0.0150471152738,0.00656179944053,0.00555488560349,0.00504017155617,0.00389277236536,0.00333316717297,0.00572234392166,0.00144920230377,0.00104479305446,0.00216371938586,0.00276990793645,0.0050119580701,0.00333498232067,0.0027635411825,0.00424630660564,0.00327762565576,0.00419556675479,0.00345116178505,0.00644711684436,0.00407633883879,0.000276930368273],"mean":[0.000095508650702,0.0175330881029,0.0144848767668,0.00552271306515,0.0032198317349,0.00348499044776,0.00134064874146,0.000585241708905,0.000507167482283,0.000311502226396,0.000181410025107,0.000233076934819,0.000175371620571,0.000129756081151,0.000142642398714,0.000262782006757,0.000568689312786,0.00111091928557,0.00070302397944,0.000516937987413,0.00029214360984,0.000134359128424,0.000132028362714,0.00011605292093,0.0000912643808988,0.0000135153059091,3.95956561761e-7],"median":[0.0000206162731047,0.00830991752446,0.00916475709528,0.00356492493302,0.00224128435366,0.00245520798489,0.000950086163357,0.000438914401457,0.000318892067298,0.000204540832783,0.00013477486209,0.00017296988517,0.000131038264954,0.0001059424103,0.000130292333779,0.000258924206719,0.000567273120396,0.00116873439401,0.000775375519879,0.000572898192331,0.000182992531336,0.0000735184294172,0.0000430100953963,0.0000292726126645,0.000012618222172,0.00000121979257983,2.3984203068e-8],"min":[4.29987947706e-23,5.64510189062e-23,4.75487898551e-23,8.03232688737e-23,1.01686814945e-22,6.13990637373e-23,5.89840638947e-23,1.60315673706e-23,6.74553066788e-23,1.02614420706e-22,2.57259326774e-23,7.26289215525e-23,1.15412887411e-22,1.33247959627e-22,1.04190230318e-22,1.67810101586e-22,1.58810751136e-22,3.52820223427e-22,2.38477271218e-22,2.70454637846e-22,4.51925513148e-22,4.5398543723e-22,6.71735987698e-22,9.49478943002e-22,1.06791188026e-21,1.61580200698e-21,2.43307079052e-21],"var":[5.14046689659e-8,0.000830744509585,0.000360372127034,0.0000366552012565,0.000011588615962,0.0000132880513775,0.00000181096731922,3.39777244562e-7,3.86849364986e-7,1.58794776439e-7,3.70296078245e-8,6.0094436094e-8,4.54684823126e-8,1.87826039166e-8,1.79226109509e-8,5.40169970975e-8,2.63678543888e-7,9.32523448682e-7,3.25694173853e-7,1.84938556913e-7,1.50457410086e-7,3.35795036221e-8,4.99286585409e-8,4.20887680264e-8,5.11583486684e-8,1.21991163837e-8,6.16222906036e-11]},"barkbands_crest":{"dmean":2.6316883564,"dmean2":4.26807641983,"dvar":7.31346416473,"dvar2":19.0180397034,"max":26.1807861328,"mean":11.8260946274,"median":11.1361656189,"min":2.91209626198,"var":19.8456115723},"barkbands_flatness_db":{"dmean":0.0257504284382,"dmean2":0.0408525504172,"dvar":0.000976975308731,"dvar2":0.00241305679083,"max":0.507906794548,"mean":0.206668019295,"median":0.161551445723,"min":0.0565084069967,"var":0.0110733909532},"barkbands_kurtosis":{"dmean":8.38484954834,"dmean2":13.4504547119,"dvar":556.621887207,"dvar2":1438.56298828,"max":616.318054199,"mean":18.3709068298,"median":4.65401649475,"min":-1.92253923416,"var":2006.55541992},"barkbands_skewness":{"dmean":0.750120520592,"dmean2":1.16642785072,"dvar":0.974426686764,"dvar2":2.2813949585,"max":20.2906570435,"mean":2.8437974453,"median":2.28035712242,"min":-1.85765624046,"var":3.99430036545},"barkbands_spread":{"dmean":5.28166723251,"dmean2":8.35362052917,"dvar":41.8202819824,"dvar2":97.1993637085,"max":101.84828186,"mean":19.4702720642,"median":20.3288955688,"min":0.156481966376,"var":209.664215088},"dissonance":{"dmean":0.0132940700278,"dmean2":0.0219809301198,"dvar":0.000366640422726,"dvar2":0.000929976406042,"max":0.500000119209,"mean":0.469316780567,"median":0.483962774277,"min":0.231565639377,"var":0.00136962626129},"dynamic_complexity":2.46340203285,"erbbands":{"dmean":[0.251333415508,3.57122182846,11.3069734573,12.9543294907,7.12665748596,5.65511751175,8.14325904846,15.3624105453,13.0125179291,8.19947242737,5.95660495758,5.17566680908,7.36403226852,3.29125857353,5.0360212326,4.69002008438,4.62215852737,3.48151230812,2.62323665619,4.64769363403,6.53395366669,12.6328554153,21.2051544189,16.9864311218,11.34953022,7.1924571991,5.87943840027,4.03637695313,2.17594313622,1.4994109869,1.75035774708,1.0389521122,0.880148470402,0.529429495335,0.309948474169,0.0723712071776,0.00671350210905,0.00097598193679,0.0000325624059769,0.0000249177937803],"dmean2":[0.396507799625,5.92480182648,19.583574295,22.7846546173,12.1795291901,9.12269306183,13.6251468658,25.1351852417,22.3622074127,13.6113653183,9.83402824402,8.86816883087,12.7411355972,5.62484455109,8.37916564941,7.86829185486,7.77686834335,5.90416383743,4.42293977737,7.90177726746,11.1112031937,21.3647861481,35.6412353516,29.0927066803,19.4280967712,12.3326101303,10.0197057724,6.74542379379,3.67814445496,2.41522669792,2.78014945984,1.6359885931,1.31665372849,0.795763015747,0.456533759832,0.104134723544,0.00934446044266,0.00124390656129,0.0000454762957816,0.0000397395924665],"dvar":[0.370049357414,57.8224487305,509.990203857,493.57144165,90.9733581543,75.6703567505,145.59942627,470.771850586,386.243164063,122.881744385,65.8962936401,56.69789505,153.531478882,20.786277771,55.2581710815,54.474697113,74.6101150513,25.2750968933,11.9854593277,34.8928260803,64.0598983765,248.102432251,731.175598145,409.521820068,200.128646851,78.7122268677,78.0125045776,69.4001159668,19.2663040161,10.6471414566,26.1162948608,6.96856498718,5.6687040329,2.40658545494,1.33206772804,0.125080645084,0.0125123672187,0.000352834584191,1.7720140022e-7,2.1779618109e-9],"dvar2":[0.883558452129,148.415847778,1456.13012695,1453.76708984,260.210876465,175.408828735,374.903961182,1200.14416504,1135.22131348,323.349822998,175.673095703,168.595596313,486.647949219,59.2361412048,148.803726196,146.750030518,200.926315308,70.7694854736,33.289642334,99.0954818726,180.373184204,691.260559082,2025.57958984,1176.99609375,561.197509766,222.930023193,220.830657959,178.873260498,50.8516235352,26.5467586517,60.1211395264,15.7829227448,12.2009677887,5.09417915344,2.620885849,0.193692088127,0.0194635074586,0.000533483049367,2.57390212255e-7,5.23842924594e-9],"max":[4.42300653458,64.5638809204,199.579421997,229.512496948,110.98941803,178.459579468,161.737503052,344.112457275,355.262939453,142.198257446,98.5507507324,162.531936646,245.288543701,84.9495239258,174.549606323,115.196525574,230.658172607,86.8860473633,44.7080307007,68.2825012207,125.780166626,182.686737061,282.332702637,193.86151123,175.242248535,96.4002990723,229.905044556,168.560150146,100.957275391,97.5669555664,166.444717407,65.1101303101,66.2427520752,52.5410308838,57.60313797,21.594871521,7.55332994461,1.18988204002,0.0282619222999,0.000914428150281],"mean":[0.26774725318,4.78963184357,16.2335891724,18.9178733826,13.3715591431,11.3173961639,15.3061256409,30.9859027863,24.9608860016,15.110414505,11.7505426407,10.1455345154,13.8380727768,6.32069921494,9.81994628906,8.71834659576,8.58486938477,7.10837554932,6.08804273605,10.7017068863,16.6367511749,33.9760131836,56.5782394409,47.1223487854,33.4722862244,22.5215263367,16.2784614563,8.71667861938,5.02952575684,3.84578514099,3.88551521301,2.47084617615,1.94713938236,1.09739863873,0.603451013565,0.132463291287,0.0124633777887,0.00187442149036,0.0000782369024819,0.0000628919224255],"median":[0.0909890830517,2.45263195038,10.40483284,13.4635915756,8.55521774292,7.50861787796,10.4269752502,21.0254516602,15.8346786499,10.9122943878,9.11486721039,6.70163536072,8.38622665405,4.89148569107,7.74281311035,6.76552724838,6.65735054016,5.83914613724,5.62743425369,10.5392780304,17.4239292145,36.1429824829,59.4442863464,51.2641830444,36.9417953491,25.402507782,14.3472499847,4.20623683929,2.76461338997,1.72686362267,1.17337822914,0.762876987457,0.393846869469,0.172686398029,0.0711105614901,0.0129220122471,0.00104521866888,0.000164272685652,0.000033783249819,0.0000535673971171],"min":[2.79855921132e-21,8.69852953962e-21,3.52706808201e-20,2.35773357948e-19,2.1023906792e-19,4.78642219491e-19,1.2622182904e-19,5.64416299519e-19,1.15316814926e-18,4.61063390703e-19,4.13593511601e-19,1.7221957222e-18,2.46125812827e-18,2.56360808059e-18,1.57769192208e-18,2.72349175324e-18,5.3443758874e-18,7.06524077939e-18,4.10390234e-18,8.69542103365e-18,8.0204292461e-18,1.03492718883e-17,2.09878319979e-17,1.32685767313e-17,9.90802479826e-18,1.25740353571e-17,1.43378755907e-17,1.95735897241e-17,1.41098665636e-17,1.91286443095e-17,1.9682026485e-17,1.66872108054e-17,1.73233143508e-17,1.13994306155e-17,8.58335543144e-18,5.6474478328e-18,2.90576141481e-18,1.32077975678e-18,3.49960368234e-19,3.65772642964e-20],"var":[0.347281992435,55.1569213867,437.376403809,428.274200439,211.2290802,184.879577637,298.378448486,1080.15222168,809.443664551,242.80696106,122.394889832,156.115631104,438.736541748,36.9190750122,93.1883773804,80.8411407471,94.8102340698,53.9804191589,32.3348350525,89.7043609619,199.053527832,863.764648438,2445.32714844,1503.84204102,751.872497559,333.790496826,292.763671875,171.096557617,47.6469345093,30.8785228729,53.1138801575,18.1751289368,13.4193916321,5.45907974243,3.1552696228,0.356689125299,0.0389678739011,0.00122043432202,6.23084474682e-7,3.08752756695e-9]},"erbbands_crest":{"dmean":1.55925691128,"dmean2":2.59854912758,"dvar":2.47365903854,"dvar2":6.60062360764,"max":29.6944389343,"mean":8.1236000061,"median":6.40906906128,"min":2.81519770622,"var":27.3806648254},"erbbands_flatness_db":{"dmean":0.0118273440748,"dmean2":0.0178443863988,"dvar":0.00034003314795,"dvar2":0.000764088879805,"max":0.398190945387,"mean":0.176643550396,"median":0.15028463304,"min":0.0582940466702,"var":0.00466146413237},"erbbands_kurtosis":{"dmean":1.29640293121,"dmean2":1.96830058098,"dvar":35.1684379578,"dvar2":71.1124649048,"max":271.461395264,"mean":2.65986561775,"median":-0.945778250694,"min":-1.80165231228,"var":349.997924805},"erbbands_skewness":{"dmean":0.330177843571,"dmean2":0.521189451218,"dvar":0.158881157637,"dvar2":0.369114845991,"max":13.5562725067,"mean":0.257552742958,"median":-0.235960766673,"min":-2.49851870537,"var":2.82460570335},"erbbands_spread":{"dmean":7.96537351608,"dmean2":13.1155433655,"dvar":122.591300964,"dvar2":328.602783203,"max":136.737319946,"mean":50.0966796875,"median":55.2874298096,"min":0.937802672386,"var":545.859191895},"gfcc":{"cov":[[12424.3505859,-3231.99291992,-3080.23535156,3471.39038086,-1560.45849609,355.023986816,-374.13494873,968.894287109,-164.100006104,119.41444397,354.890197754,-30.1971130371,404.696014404],[-3231.99291992,2263.52319336,918.421569824,-1566.24023438,778.300231934,140.575271606,523.850402832,-335.241363525,308.515869141,-12.4133329391,16.355096817,-40.6545524597,-107.027770996],[-3080.23535156,918.421569824,1263.92224121,-998.124450684,408.338287354,214.739425659,139.605484009,-225.664779663,69.0536575317,-11.73163414,-122.76084137,-9.72232341766,-101.805206299],[3471.39038086,-1566.24023438,-998.124450684,1585.61181641,-513.189086914,-126.523841858,-234.181838989,284.559295654,-166.227310181,-29.4903564453,59.3035240173,-4.76347064972,140.17678833],[-1560.45849609,778.300231934,408.338287354,-513.189086914,433.854370117,32.8871078491,214.87437439,-126.441352844,110.876350403,-16.2537460327,-4.85233020782,-8.18995761871,-47.6863288879],[355.023986816,140.575271606,214.739425659,-126.523841858,32.8871078491,471.07723999,145.325546265,97.3231735229,84.6197738647,52.3019714355,2.32965016365,-7.35282421112,11.3156232834],[-374.13494873,523.850402832,139.605484009,-234.181838989,214.87437439,145.325546265,278.040557861,-18.927822113,129.727432251,21.0065135956,35.090057373,-6.77038192749,-5.80157089233],[968.894287109,-335.241363525,-225.664779663,284.559295654,-126.441352844,97.3231735229,-18.927822113,159.759918213,3.40773224831,35.1074829102,32.7659072876,11.8965549469,37.4142684937],[-164.100006104,308.515869141,69.0536575317,-166.227310181,110.876350403,84.6197738647,129.727432251,3.40773224831,120.000724792,47.3297729492,41.9765548706,8.42757892609,1.48838531971],[119.41444397,-12.4133329391,-11.73163414,-29.4903564453,-16.2537460327,52.3019714355,21.0065135956,35.1074829102,47.3297729492,80.6289672852,45.7065582275,27.8979110718,5.18016958237],[354.890197754,16.355096817,-122.76084137,59.3035240173,-4.85233020782,2.32965016365,35.090057373,32.7659072876,41.9765548706,45.7065582275,81.6517562866,27.3614807129,19.7930431366],[-30.1971130371,-40.6545524597,-9.72232341766,-4.76347064972,-8.18995761871,-7.35282421112,-6.77038192749,11.8965549469,8.42757892609,27.8979110718,27.3614807129,51.1044960022,14.0615825653],[404.696014404,-107.027770996,-101.805206299,140.17678833,-47.6863288879,11.3156232834,-5.80157089233,37.4142684937,1.48838531971,5.18016958237,19.7930431366,14.0615825653,47.1982460022]],"icov":[[0.000803738075774,-0.000840225198772,0.000973806600086,-0.00135028536897,0.00140145723708,-0.00131767278071,0.00072641094448,-0.000636852288153,0.0000573352517677,-0.000205948294024,-0.00095851207152,0.000810801167972,-0.000178930815309],[-0.000840225198772,0.00803973153234,-0.000682177196722,0.00702079990879,-0.00377898383886,0.00170212227385,-0.00499715190381,0.00438212556764,-0.00521466694772,0.00728810532019,-0.00613401830196,0.00593106681481,-0.00503165554255],[0.000973806600086,-0.000682177196722,0.00383159820922,-0.000684300903231,0.0000744037970435,-0.00314839882776,0.00148372713011,0.00146850163583,0.000396821589675,-0.0013607700821,0.00166805507615,-0.0000192903844436,-0.000308377348119],[-0.00135028536897,0.00702079990879,-0.000684300903231,0.008804644458,-0.00361572066322,0.0028787071351,-0.0048257871531,0.00186685845256,-0.00204425794072,0.00644609332085,-0.00464936858043,0.00543229980394,-0.0068550510332],[0.00140145723708,-0.00377898383886,0.0000744037970435,-0.00361572066322,0.0107595473528,-0.000987424049526,-0.00125577312429,-0.0017395085888,-0.00148584682029,0.00189136608969,-0.00124948052689,-0.00177170336246,0.00353627419099],[-0.00131767278071,0.00170212227385,-0.00314839882776,0.0028787071351,-0.000987424049526,0.00712124723941,-0.00424092868343,-0.0036207723897,-0.000370341207599,-0.000595686316956,0.00214069825597,0.00109621882439,-0.00168591144029],[0.00072641094448,-0.00499715190381,0.00148372713011,-0.0048257871531,-0.00125577312429,-0.00424092868343,0.014623763971,-0.00127717317082,-0.00513448053971,-0.00124282203615,0.00121484941337,-0.00223721843213,0.00298589747399],[-0.000636852288153,0.00438212556764,0.00146850163583,0.00186685845256,-0.0017395085888,-0.0036207723897,-0.00127717317082,0.019868992269,-0.00484858267009,-0.0000317647136399,-0.00158325117081,0.000486684817588,-0.00310067553073],[0.0000573352517677,-0.00521466694772,0.000396821589675,-0.00204425794072,-0.00148584682029,-0.000370341207599,-0.00513448053971,-0.00484858267009,0.0329452678561,-0.0179152730852,0.000513695122208,0.000861835025717,-0.00313411536627],[-0.000205948294024,0.00728810532019,-0.0013607700821,0.00644609332085,0.00189136608969,-0.000595686316956,-0.00124282203615,-0.0000317647136399,-0.0179152730852,0.0393576808274,-0.0192176662385,-0.00308904447593,0.00336366915144],[-0.00095851207152,-0.00613401830196,0.00166805507615,-0.00464936858043,-0.00124948052689,0.00214069825597,0.00121484941337,-0.00158325117081,0.000513695122208,-0.0192176662385,0.0388522483408,-0.0158323012292,0.0018609353574],[0.000810801167972,0.00593106681481,-0.0000192903844436,0.00543229980394,-0.00177170336246,0.00109621882439,-0.00223721843213,0.000486684817588,0.000861835025717,-0.00308904447593,-0.0158323012292,0.0394866019487,-0.0172044467181],[-0.000178930815309,-0.00503165554255,-0.000308377348119,-0.0068550510332,0.00353627419099,-0.00168591144029,0.00298589747399,-0.00310067553073,-0.00313411536627,0.00336366915144,0.0018609353574,-0.0172044467181,0.0418824963272]],"mean":[-20.4811401367,125.188926697,-99.1313095093,51.9370918274,-49.055809021,3.57535123825,-37.4965248108,13.4046869278,-25.0965576172,-4.86789894104,-7.39149141312,-5.26051092148,-10.0218858719]},"hfc":{"dmean":4.45716905594,"dmean2":7.19424581528,"dvar":44.0798530579,"dvar2":108.006782532,"max":175.107116699,"mean":23.4109153748,"median":25.9288291931,"min":1.18993875113e-16,"var":252.869750977},"melbands":{"dmean":[0.00305240880698,0.00534093752503,0.00203807232901,0.000360635225661,0.000270113378065,0.000337949662935,0.000178635149496,0.0000842641093186,0.0000473176442028,0.000035406977986,0.0000368139299098,0.0000141001537486,0.0000164919583767,0.0000160758900165,0.0000115680559247,0.00000868354163686,0.00000682873314872,0.00000454282690043,0.0000050641810958,0.00000804802220955,0.0000084693192548,0.0000128646297526,0.0000240012832364,0.0000204182706511,0.0000152054690261,0.00000976643150352,0.00000830363751447,0.00000497311430081,0.00000453268285128,0.00000375435070055,0.00000210397092815,0.000001564886702,8.13253677734e-7,9.10187850423e-7,0.00000111760652999,8.54901998082e-7,6.65520474286e-7,7.31873399218e-7,4.83014105157e-7,4.89945932713e-7],"dmean2":[0.0049504712224,0.00899864453822,0.00357856298797,0.000596028112341,0.00044791115215,0.000551993551198,0.000305984023726,0.00013987798593,0.0000779641632107,0.0000608567534073,0.0000636440236121,0.0000240935132751,0.0000277760973404,0.0000267314717348,0.0000194340664166,0.0000146231104736,0.0000115818047561,0.0000076790993262,0.00000865825040819,0.0000137299575727,0.0000144104660649,0.0000218466520892,0.0000403040248784,0.0000347271743522,0.0000261111617874,0.0000168164078787,0.0000141937489389,0.00000853266828926,0.00000782854385761,0.00000630508156974,0.00000352714846485,0.00000269545148512,0.00000131857621,0.00000147984894738,0.00000178806772055,0.00000135867674089,0.00000106801962829,0.00000111851625206,7.32354806132e-7,7.62057823067e-7],"dvar":[0.0000485323616886,0.000111560511868,0.0000116921610243,2.13304247154e-7,1.45217200043e-7,2.22448662157e-7,6.93729589329e-8,1.27818298168e-8,4.14037870655e-9,2.68148414584e-9,3.70498298707e-9,3.76002839975e-10,6.13819717277e-10,6.78042788582e-10,5.55311407968e-10,2.00019570351e-10,9.80138956108e-11,3.79079753698e-11,4.44965661539e-11,1.01723851564e-10,1.0624048169e-10,2.58833648958e-10,1.00929919977e-9,6.7092748024e-10,3.33840594058e-10,1.49656759207e-10,1.15083775842e-10,3.7261402297e-11,3.76572419081e-11,6.14420389566e-11,2.04842236923e-11,1.01967063265e-11,2.69077403588e-12,3.72918839905e-12,9.64462884556e-12,6.15419824476e-12,2.69492241023e-12,3.73725312849e-12,1.93733137172e-12,2.07404189309e-12],"dvar2":[0.000118591175124,0.00030190567486,0.0000344314576068,5.64707363537e-7,3.70334475974e-7,5.62608875043e-7,2.02149323059e-7,3.37319825405e-8,1.10290629962e-8,8.16956280403e-9,1.1697402158e-8,1.06904229913e-9,1.7046348777e-9,1.81106474262e-9,1.43275502573e-9,5.52080436922e-10,2.76617673212e-10,1.05140507412e-10,1.2652877357e-10,2.86477563893e-10,3.03232161603e-10,7.2300537779e-10,2.8086606374e-9,1.87676607588e-9,9.54810674969e-10,4.23896862056e-10,3.22651516615e-10,1.06272150802e-10,1.07375365543e-10,1.62041824403e-10,5.41054943903e-11,2.77110678154e-11,6.56476045399e-12,9.45137284408e-12,2.25014295391e-11,1.37962566718e-11,6.51667348556e-12,8.37103823759e-12,3.99404901513e-12,4.72174990079e-12],"max":[0.0542755350471,0.08897100389,0.0348868258297,0.00737558864057,0.00517695536837,0.00771753164008,0.00463545555249,0.00145363307092,0.000848661118653,0.00101194472518,0.00118731986731,0.000339658989105,0.000642700877506,0.000473583524581,0.000786590913776,0.000312247109832,0.000168956175912,0.0000840139691718,0.00008649956726,0.000120429045637,0.000123769699712,0.000180912174983,0.000367110304069,0.000266921095317,0.000164578828844,0.000144908597576,0.000156604888616,0.0000645623003948,0.000124383397633,0.00017526197189,0.000106897074147,0.0000738879025448,0.0000434809007857,0.0000475013075629,0.0000987975363387,0.0000776386586949,0.0000483744115627,0.0000435237234342,0.0000441140546172,0.0000477385037811],"mean":[0.00370467733592,0.00812934152782,0.00324785104021,0.000802910944913,0.000552026322111,0.0007096878835,0.000348685745848,0.000153145228978,0.0000896415658644,0.0000671971865813,0.0000680609373376,0.0000244382226811,0.0000295212976198,0.0000291195156024,0.0000203806630452,0.0000160296422109,0.0000127666207845,0.00000916452972888,0.0000108776039269,0.0000174758533831,0.0000191625313164,0.000029874374377,0.0000536089100933,0.0000495238455187,0.0000371793503291,0.0000246155886998,0.000021274012397,0.0000134579549922,0.0000111211747935,0.0000078625171227,0.00000399756481784,0.00000312448491968,0.00000197661825041,0.0000021140847366,0.00000230963610193,0.00000181253631126,0.00000141610814808,0.00000152078678184,9.67878463598e-7,9.28787244447e-7],"median":[0.00157096725889,0.00523767713457,0.00248298607767,0.000572158838622,0.000404856808018,0.000488934805617,0.000229346842389,0.00011160755821,0.0000681620585965,0.0000417695227952,0.0000415064714616,0.0000180932984222,0.0000227185100812,0.0000213529347093,0.0000152756510943,0.0000125008036775,0.00000999236544885,0.00000777559580456,0.0000100318102341,0.0000170288112713,0.0000190710670722,0.0000299578277918,0.0000519975073985,0.0000502488583152,0.0000383979931939,0.0000257954925473,0.0000220588844968,0.0000145636295201,0.0000106294883153,0.00000334155561177,0.00000189182514987,0.00000160450122166,0.00000110558505639,8.17494253624e-7,6.50655181289e-7,5.72819374156e-7,4.10763163927e-7,2.86957032358e-7,1.80121190851e-7,1.28649290332e-7],"min":[2.21460834673e-23,1.64105882143e-23,3.43888449957e-23,2.86016288664e-23,6.15983457791e-24,1.43340538763e-23,1.6265958456e-23,4.49102339318e-24,3.53406766754e-24,1.12671953908e-23,1.27307579842e-23,1.15214791815e-23,4.45025624489e-24,5.07424561535e-24,1.17696201124e-23,1.31458818361e-23,1.2936862884e-23,6.20954346457e-24,9.16399282098e-24,1.19788773005e-23,8.85140747615e-24,7.09799924236e-24,2.26811331094e-23,1.42287030801e-23,1.03035741849e-23,8.77305228901e-24,5.70844205706e-24,9.46551439162e-24,7.64856183419e-24,1.26732358247e-23,1.00189484371e-23,7.23531862672e-24,1.00603320802e-23,1.07980219451e-23,1.21990964996e-23,1.06455651088e-23,9.49998209115e-24,1.22386941616e-23,1.10088268782e-23,9.06463578997e-24],"var":[0.0000462697717012,0.000105846935185,0.0000103963129732,6.46203261567e-7,3.37475427159e-7,5.40995529263e-7,1.49347769707e-7,2.55351260137e-8,7.60081686479e-9,7.60224772023e-9,1.02571302563e-8,6.09671924057e-10,9.11732911391e-10,9.88368942245e-10,6.81863621121e-10,2.87351670236e-10,1.94572524759e-10,8.35389257769e-11,1.04130787326e-10,2.43414177703e-10,2.85977630465e-10,7.29998506088e-10,2.52235055065e-9,1.95432936501e-9,1.00900643396e-9,4.3202147415e-10,3.50999590504e-10,1.2661038884e-10,1.12406049746e-10,1.69395580896e-10,3.76526518298e-11,2.00789419813e-11,7.96071281811e-12,9.82686675088e-12,1.96104053135e-11,1.20322501962e-11,6.39318459283e-12,8.33387959337e-12,4.31257590403e-12,4.13434694466e-12]},"melbands_crest":{"dmean":3.04281592369,"dmean2":5.0113825798,"dvar":8.2160320282,"dvar2":20.6115379333,"max":31.4981250763,"mean":18.0727539063,"median":18.3086853027,"min":2.94688749313,"var":23.0158290863},"melbands_flatness_db":{"dmean":0.0317273139954,"dmean2":0.0497412644327,"dvar":0.0015118381707,"dvar2":0.00362097425386,"max":0.654795944691,"mean":0.28997951746,"median":0.231355860829,"min":0.00836536847055,"var":0.0192461013794},"melbands_kurtosis":{"dmean":16.089756012,"dmean2":25.6683826447,"dvar":775.563476563,"dvar2":1952.93896484,"max":493.223693848,"mean":36.9786682129,"median":21.4405403137,"min":-1.30303263664,"var":2432.27563477},"melbands_skewness":{"dmean":1.02146077156,"dmean2":1.61663281918,"dvar":1.52931773663,"dvar2":3.75315380096,"max":15.6223449707,"mean":4.532725811,"median":4.07850646973,"min":-0.347198605537,"var":3.9570069313},"melbands_spread":{"dmean":4.74682378769,"dmean2":7.54993438721,"dvar":38.5069236755,"dvar2":85.6013183594,"max":160.144317627,"mean":13.67623806,"median":12.3100986481,"min":0.282800525427,"var":131.520629883},"mfcc":{"cov":[[16392.6953125,-5996.34814453,-1504.58935547,2023.63671875,-536.144958496,-630.792663574,52.7654533386,302.657165527,-57.5269546509,282.884643555,124.521354675,225.27684021,-144.05317688],[-5996.34814453,3932.50854492,515.613342285,-1320.11535645,127.706626892,540.43951416,125.371383667,24.1609954834,200.984115601,34.5712165833,128.411132813,148.038330078,200.134475708],[-1504.58935547,515.613342285,639.64465332,-427.130279541,91.278968811,197.741989136,44.8301467896,10.8897123337,93.2172241211,-8.45129394531,26.7659435272,10.6200885773,11.0794506073],[2023.63671875,-1320.11535645,-427.130279541,863.846740723,-45.2260665894,-256.929260254,-56.6834754944,-19.2793540955,-125.494270325,-16.2387943268,-81.8504943848,-97.2738571167,-89.5663146973],[-536.144958496,127.706626892,91.278968811,-45.2260665894,115.998832703,36.1876411438,12.7951059341,4.21313047409,11.7046718597,-7.16624736786,1.93449521065,-13.9872570038,2.56438231468],[-630.792663574,540.43951416,197.741989136,-256.929260254,36.1876411438,237.127243042,86.6098098755,65.8237380981,103.520065308,49.794670105,66.393196106,78.2707519531,49.79322052],[52.7654533386,125.371383667,44.8301467896,-56.6834754944,12.7951059341,86.6098098755,93.6289596558,64.4602661133,56.2528457642,40.716835022,41.9024887085,44.9344749451,26.0878753662],[302.657165527,24.1609954834,10.8897123337,-19.2793540955,4.21313047409,65.8237380981,64.4602661133,92.4101867676,66.2990112305,42.7789840698,38.5097541809,46.6230278015,14.8096780777],[-57.5269546509,200.984115601,93.2172241211,-125.494270325,11.7046718597,103.520065308,56.2528457642,66.2990112305,104.642189026,52.9731712341,47.8428077698,51.7752151489,21.2342224121],[282.884643555,34.5712165833,-8.45129394531,-16.2387943268,-7.16624736786,49.794670105,40.716835022,42.7789840698,52.9731712341,69.2804031372,48.5503997803,41.7489356995,19.0858688354],[124.521354675,128.411132813,26.7659435272,-81.8504943848,1.93449521065,66.393196106,41.9024887085,38.5097541809,47.8428077698,48.5503997803,72.6522827148,59.9540023804,29.9584655762],[225.27684021,148.038330078,10.6200885773,-97.2738571167,-13.9872570038,78.2707519531,44.9344749451,46.6230278015,51.7752151489,41.7489356995,59.9540023804,97.4749298096,51.9718780518],[-144.05317688,200.134475708,11.0794506073,-89.5663146973,2.56438231468,49.79322052,26.0878753662,14.8096780777,21.2342224121,19.0858688354,29.9584655762,51.9718780518,83.9791259766]],"icov":[[0.000291308475425,0.000443500874098,0.000323006795952,0.0000787235694588,0.000523447757587,-0.0000136881335493,-0.0000234447343246,-0.000453811342595,0.0000580630512559,-0.00046286804718,-0.000212957835174,-0.000816587998997,0.000235401792452],[0.000443500874098,0.00134972110391,0.000984745449387,0.00106926751323,0.000510063837282,-0.00114764249884,-0.000125833234051,-0.000178305766894,-0.0000351030503225,-0.000490198901389,-0.000281784596154,-0.000469167047413,-0.000198755617021],[0.000323006795952,0.000984745449387,0.00396134704351,0.00173881708179,-0.000739049632102,-0.002494628774,-0.000613566779066,0.00131146272179,-0.00241826171987,0.00178156455513,-0.000714029127266,0.00118742801715,0.000726599595509],[0.0000787235694588,0.00106926751323,0.00173881708179,0.00397088378668,-0.000716751324944,-0.000275737140328,-0.000628955254797,-0.00133214204106,0.00235120300204,-0.00251304847188,0.00193862523884,0.0012715391349,0.00070630852133],[0.000523447757587,0.000510063837282,-0.000739049632102,-0.000716751324944,0.0119595574215,-0.00104140257463,-0.000727063277736,-0.0018661894137,-0.000470813101856,0.00217622984201,-0.00379836116917,0.00356338382699,-0.00140314630698],[-0.0000136881335493,-0.00114764249884,-0.002494628774,-0.000275737140328,-0.00104140257463,0.0142780710012,-0.00531151751056,0.000097192976682,-0.00430822465569,-0.00088181492174,0.0000542766683793,-0.00496105989441,0.000286036956822],[-0.0000234447343246,-0.000125833234051,-0.000613566779066,-0.000628955254797,-0.000727063277736,-0.00531151751056,0.0268372241408,-0.0145463543013,0.00307064200751,-0.00364830298349,-0.00289907259867,0.00168478174601,-0.00288604386151],[-0.000453811342595,-0.000178305766894,0.00131146272179,-0.00133214204106,-0.0018661894137,0.000097192976682,-0.0145463543013,0.0340181477368,-0.0165791846812,0.00310087809339,0.000968282984104,-0.0045202919282,0.00251111807302],[0.0000580630512559,-0.0000351030503225,-0.00241826171987,0.00235120300204,-0.000470813101856,-0.00430822465569,0.00307064200751,-0.0165791846812,0.0358209460974,-0.0176162589341,0.00395555840805,-0.0030703493394,0.00298390444368],[-0.00046286804718,-0.000490198901389,0.00178156455513,-0.00251304847188,0.00217622984201,-0.00088181492174,-0.00364830298349,0.00310087809339,-0.0176162589341,0.0430184863508,-0.0215992890298,0.00608451338485,-0.00288087804802],[-0.000212957835174,-0.000281784596154,-0.000714029127266,0.00193862523884,-0.00379836116917,0.0000542766683793,-0.00289907259867,0.000968282984104,0.00395555840805,-0.0215992890298,0.0439326055348,-0.0181065890938,0.00272354204208],[-0.000816587998997,-0.000469167047413,0.00118742801715,0.0012715391349,0.00356338382699,-0.00496105989441,0.00168478174601,-0.0045202919282,-0.0030703493394,0.00608451338485,-0.0181065890938,0.0369753837585,-0.013006683439],[0.000235401792452,-0.000198755617021,0.000726599595509,0.00070630852133,-0.00140314630698,0.000286036956822,-0.00288604386151,0.00251111807302,0.00298390444368,-0.00288087804802,0.00272354204208,-0.013006683439,0.0207476392388]],"mean":[-664.050476074,143.793869019,13.320227623,46.9517745972,13.9260406494,-2.4152598381,5.86764955521,7.42906761169,-4.52581787109,-1.7445319891,-1.44539391994,3.9449365139,0.565663337708]},"pitch_salience":{"dmean":0.0833073854446,"dmean2":0.135896638036,"dvar":0.00604745792225,"dvar2":0.0153004452586,"max":0.906354129314,"mean":0.465442240238,"median":0.485659092665,"min":0.0271352939308,"var":0.0241380427033},"silence_rate_20dB":{"dmean":0,"dmean2":0,"dvar":0,"dvar2":0,"max":1,"mean":1,"median":1,"min":1,"var":0},"silence_rate_30dB":{"dmean":0.0861839205027,"dmean2":0.172393366694,"dvar":0.0787554830313,"dvar2":0.148009523749,"max":1,"mean":0.905685544014,"median":1,"min":0,"var":0.0854170843959},"silence_rate_60dB":{"dmean":0.00385014060885,"dmean2":0.00770142162219,"dvar":0.00383575004525,"dvar2":0.00882864650339,"max":1,"mean":0.0253183301538,"median":0,"min":0,"var":0.0246771257371},"spectral_centroid":{"dmean":223.635360718,"dmean2":369.736633301,"dvar":78722.625,"dvar2":186035.109375,"max":11185.2519531,"mean":1295.18640137,"median":1523.0526123,"min":114.028106689,"var":576167.9375},"spectral_complexity":{"dmean":3.12187170982,"dmean2":5.19609022141,"dvar":8.74002361298,"dvar2":23.5473060608,"max":54,"mean":27.3932476044,"median":35,"min":0,"var":242.694137573},"spectral_contrast_coeffs":{"dmean":[0.0510014891624,0.0450285077095,0.0321150049567,0.0248093493283,0.0204920470715,0.015934990719],"dmean2":[0.0845154374838,0.0746398940682,0.0543604791164,0.0414337292314,0.0339104682207,0.0257165338844],"dvar":[0.00180754030589,0.00141901709139,0.000620515551418,0.000379755365429,0.000303737499053,0.00034235502244],"dvar2":[0.00486599002033,0.00388285960071,0.0017901485553,0.00105670769699,0.000798838213086,0.000723752251361],"max":[-0.219390466809,-0.348049759865,-0.620586335659,-0.6722022295,-0.652213394642,-0.651362538338],"mean":[-0.598974823952,-0.736397266388,-0.814641177654,-0.815538585186,-0.797781169415,-0.77828091383],"median":[-0.607653617859,-0.749220132828,-0.817514181137,-0.818337440491,-0.791732668877,-0.764454424381],"min":[-0.96230006218,-0.96135020256,-0.959285259247,-0.959771990776,-0.963192164898,-0.961856603622],"var":[0.00662218453363,0.00729190791026,0.00155918265227,0.00121924455743,0.00135662069079,0.0036127071362]},"spectral_contrast_valleys":{"dmean":[0.411762952805,0.313745319843,0.299558132887,0.262825369835,0.230071261525,0.225076004863],"dmean2":[0.664092957973,0.512977778912,0.487321197987,0.416032135487,0.355478584766,0.349753290415],"dvar":[0.154263779521,0.101709455252,0.0930386409163,0.0921744629741,0.208783015609,0.200863212347],"dvar2":[0.337219923735,0.196998342872,0.177795812488,0.166842132807,0.376908987761,0.421748310328],"max":[-4.85677146912,-4.95770740509,-5.82118654251,-6.36953306198,-5.77236127853,-7.73691129684],"mean":[-6.84402179718,-6.51815080643,-7.40270042419,-7.94055128098,-7.50956201553,-10.5456590652],"median":[-6.58248138428,-6.19429397583,-7.03326225281,-7.33529090881,-6.37527751923,-10.0347976685],"min":[-26.9410476685,-27.2561607361,-27.4091072083,-27.0964164734,-27.3295345306,-27.2285709381],"var":[1.202714324,1.20029342175,1.23145532608,1.47340536118,3.54008793831,2.53638672829]},"spectral_decrease":{"dmean":5.86681814241e-9,"dmean2":9.42861166919e-9,"dvar":1.21130423078e-16,"dvar2":3.01042762174e-16,"max":-3.33897571679e-30,"mean":-1.3185917247e-8,"median":-1.0683073981e-8,"min":-9.11933000225e-8,"var":1.41153090811e-16},"spectral_energy":{"dmean":0.0223434250802,"dmean2":0.0359117463231,"dvar":0.00175266573206,"dvar2":0.00435695983469,"max":0.347943037748,"mean":0.0518900938332,"median":0.0428723841906,"min":1.08056905629e-20,"var":0.00207362091169},"spectral_energyband_high":{"dmean":0.000301920576021,"dmean2":0.000478326284792,"dvar":3.39659266047e-7,"dvar2":7.41241649393e-7,"max":0.0169183779508,"mean":0.00101204472594,"median":0.000730661791749,"min":7.68547239614e-21,"var":0.00000142635497014},"spectral_energyband_low":{"dmean":0.021516667679,"dmean2":0.0346004962921,"dvar":0.00171260489151,"dvar2":0.00425459537655,"max":0.336386352777,"mean":0.0353813059628,"median":0.023615270853,"min":1.94353668081e-22,"var":0.00188028940465},"spectral_energyband_middle_high":{"dmean":0.000792086822912,"dmean2":0.00132215162739,"dvar":8.42394342726e-7,"dvar2":0.00000230641035159,"max":0.0128575582057,"mean":0.00400705961511,"median":0.00494546256959,"min":1.5461647489e-21,"var":0.00000817564978206},"spectral_energyband_middle_low":{"dmean":0.00533981109038,"dmean2":0.00918866321445,"dvar":0.0000502151997352,"dvar2":0.00014726286463,"max":0.0783848613501,"mean":0.0148209640756,"median":0.0138865727931,"min":3.98890432355e-22,"var":0.0000868350907695},"spectral_entropy":{"dmean":0.148140564561,"dmean2":0.232098907232,"dvar":0.0616971217096,"dvar2":0.146311700344,"max":9.80601501465,"mean":7.18782424927,"median":7.6444644928,"min":3.89025974274,"var":0.886780142784},"spectral_flux":{"dmean":0.0373053774238,"dmean2":0.055696260184,"dvar":0.00278413761407,"dvar2":0.00486526405439,"max":0.549833238125,"mean":0.105100914836,"median":0.093157030642,"min":1.03950424657e-10,"var":0.00638742512092},"spectral_kurtosis":{"dmean":4.90863323212,"dmean2":8.1223154068,"dvar":116.796768188,"dvar2":269.438232422,"max":141.816925049,"mean":15.4850597382,"median":3.24998521805,"min":-1.20741891861,"var":703.674438477},"spectral_rms":{"dmean":0.00126693409402,"dmean2":0.00196120212786,"dvar":0.00000347952072843,"dvar2":0.0000080685949797,"max":0.0184243489057,"mean":0.00657566729933,"median":0.00646735774353,"min":3.24686566695e-12,"var":0.00000738508242648},"spectral_rolloff":{"dmean":467.13571167,"dmean2":798.005615234,"dvar":582071.5625,"dvar2":1287742.75,"max":19035.3515625,"mean":911.493469238,"median":409.130859375,"min":64.599609375,"var":1280164.25},"spectral_skewness":{"dmean":0.376759022474,"dmean2":0.618010163307,"dvar":0.519138455391,"dvar2":1.14468836784,"max":10.0073242188,"mean":2.1675028801,"median":1.14365553856,"min":-0.0210912730545,"var":4.49777173996},"spectral_spread":{"dmean":367424.1875,"dmean2":552171,"dvar":428543180800,"dvar2":655777726464,"max":41428776,"mean":3592616.25,"median":3625874.5,"min":651780.9375,"var":2616743165950},"spectral_strongpeak":{"dmean":0.216795533895,"dmean2":0.364286929369,"dvar":0.0670570284128,"dvar2":0.173987239599,"max":2.87711071968,"mean":0.551473081112,"median":0.456520438194,"min":1.59523616539e-9,"var":0.136251196265},"zerocrossingrate":{"dmean":0.00778892822564,"dmean2":0.00969128403813,"dvar":0.000105374921986,"dvar2":0.000140848787851,"max":0.51318359375,"mean":0.042746514082,"median":0.04296875,"min":0.00244140625,"var":0.000860750791617}},"metadata":{"audio_properties":{"analysis_sample_rate":44100,"bit_rate":192000,"codec":"mp3","downmix":"mix","equal_loudness":0,"length":156.786941528,"lossless":false,"md5_encoded":"7c2b6b6308b257f7993451fc209169f6","replay_gain":-9.96982765198,"sample_rate":44100},"tags":{"album":["The Maggot"],"albumartist":["Melvins"],"albumartistsort":["Melvins"],"artist":["Melvins"],"artistsort":["Melvins"],"asin":["B00000IWWL"],"barcode":["689230000228"],"catalognumber":["IPC-002"],"contentgroup":["Rock"],"date":["1999-05-17"],"discnumber":["1/1"],"file_name":"13 - Judy.mp3","genre":["Rock","Grunge","Stoner Rock","Sludge Metal","Experimental","Alternative"],"label":["Ipecac Recordings"],"language":["eng"],"media":["CD"],"musicbrainz album release country":["US"],"musicbrainz album status":["official"],"musicbrainz album type":["album"],"musicbrainz_albumartistid":["9ccfbc94-a4f4-42f7-b6f5-d903ab77cccb"],"musicbrainz_albumid":["9ea06e0c-e354-4911-87ac-4c7747bfc217"],"musicbrainz_artistid":["9ccfbc94-a4f4-42f7-b6f5-d903ab77cccb"],"musicbrainz_recordingid":["df9ea4e8-89bc-4c12-8baf-4f7a05df122f"],"musicip_puid":["c0e5209e-0546-f524-decb-5f6d029ac3ea"],"script":["Latn"],"title":["Judy"],"tracknumber":["13/16"]},"version":{"essentia":"2.1-beta2","essentia_build_sha":"2d9f1f26377add8aeb1075a9c2973f962c4f09fd","essentia_git_sha":"v2.1_beta2-1-ge3940c0","extractor":"music 1.0"}},"rhythm":{"beats_count":322,"beats_loudness":{"dmean":0.0333416424692,"dmean2":0.0575746074319,"dvar":0.000834585982375,"dvar2":0.00253705494106,"max":0.211159661412,"mean":0.0927216038108,"median":0.0935827344656,"min":0.000510226876941,"var":0.00182226451579},"beats_loudness_band_ratio":{"dmean":[0.0699194818735,0.0525193065405,0.0255493540317,0.00544912088662,0.0122604006901,0.0221693385392],"dmean2":[0.11419250071,0.0897936671972,0.0450184568763,0.00943450257182,0.0211304612458,0.0404752939939],"dvar":[0.0062182219699,0.00696652010083,0.00250728055835,0.00005207448703,0.000283896166366,0.00559698278084],"dvar2":[0.0155850872397,0.02059307321