{"lowlevel":{"average_loudness":0.551250874996,"barkbands":{"dmean":[0.00253246119246,0.00376379513182,0.00150462263264,0.00203531957231,0.00375826656818,0.00119290943258,0.000383090518881,0.000374467141228,0.000535465951543,0.000310970179271,0.000128227111418,0.000126950108097,0.000079068056948,0.000114107249829,0.000124218247947,0.0000239288183366,0.00000774694854044,0.00000741489157008,0.0000167045418493,0.00000473536238133,0.00000211395808947,0.00000173420380634,0.00000139988333103,0.00000131598960706,0.00000126658778754,0.0000012435662029,0.0000053759426919],"dmean2":[0.00393295055255,0.00600700592622,0.00256185606122,0.00332147837617,0.00560910766944,0.001762351254,0.000592197815422,0.000569309166167,0.000820411019959,0.000479400478071,0.000193239582586,0.00019202362455,0.000120198143122,0.000187813464436,0.000194305554032,0.0000365174601029,0.0000117099552881,0.0000111633653432,0.0000234745639318,0.00000729922248865,0.00000346056617673,0.00000285085843643,0.00000232961224356,0.00000219440562432,0.00000211295491681,0.00000207393964047,0.00000792639730207],"dvar":[0.0000555786282348,0.000143090088386,0.00000463599781142,0.0000186003289855,0.0000860448926687,0.0000244520560955,0.00000330733382725,0.00000284554903374,0.00000451948471891,0.0000019510164293,4.77503078855e-7,6.05743650794e-7,7.58885150276e-8,8.11842255644e-7,4.12793554005e-7,1.00435473271e-8,8.90778895091e-10,1.13247000666e-9,1.34192221779e-8,1.06626996121e-9,2.2916196718e-11,1.50538366495e-11,1.04485682259e-11,9.44343908627e-12,8.76405371886e-12,8.421608029e-12,4.36376906832e-10],"dvar2":[0.000119135816931,0.000316811318044,0.0000122297833514,0.0000440498806711,0.000190413644304,0.0000525604955328,0.00000801561509434,0.00000617972773398,0.0000101412933873,0.00000447182856078,0.00000106468678496,0.00000128842270897,1.62028769068e-7,0.00000210206644624,0.00000100215061138,2.25261960196e-8,1.90906268571e-9,2.49026155252e-9,2.4905725482e-8,1.982485065e-9,5.64973033634e-11,3.81602319188e-11,2.67017345734e-11,2.41458381067e-11,2.24210268407e-11,2.15285411026e-11,9.32762089789e-10],"max":[0.165706038475,0.250877887011,0.0412523262203,0.131072148681,0.174320995808,0.120221413672,0.0548986643553,0.0507581979036,0.0595519915223,0.0426176786423,0.033474560827,0.046141538769,0.00787955056876,0.0415809750557,0.0223749242723,0.00417303480208,0.00148698699195,0.00154655484948,0.00514953490347,0.00246938480996,0.000133835070301,0.0000810122292023,0.0000678653232171,0.0000642356390017,0.0000618024860159,0.0000607756592217,0.000710194115527],"mean":[0.0045344280079,0.00841846968979,0.00205096113496,0.00276070227847,0.00552474008873,0.00168684206437,0.000485123309772,0.000459383591078,0.000677472620737,0.000388143846067,0.000162090174854,0.000174807879375,0.000108447413368,0.000122728000861,0.000152225387865,0.0000323830790876,0.0000102724670796,0.00000994814399746,0.000022434272978,0.00000591259959037,0.00000225915141527,0.00000181917482678,0.00000137443680615,0.00000122625795029,0.00000117200579552,0.00000117413469525,0.00000806444950285],"median":[0.000439471885329,0.00140706496313,0.00113963522017,0.00100244034547,0.00145942508243,0.000125398568343,0.0000492840845254,0.0000323011481669,0.0000412884364778,0.0000240955159825,0.0000108920075945,0.000015904655811,0.00000888445720193,0.0000079479523265,0.00000793056824477,0.00000527278461959,0.00000233534524341,0.00000193380969904,0.00000157326996941,9.89398131424e-7,6.63704213366e-7,5.15993122008e-7,3.59525472504e-7,2.62847578369e-7,2.44184917619e-7,2.71005916375e-7,0.00000119776996144],"min":[7.0672147344e-24,6.94112241845e-24,3.06898111301e-24,1.58238650275e-23,2.47865933991e-23,2.70772498304e-23,4.38955781585e-23,7.4267145839e-23,6.04554598769e-23,3.95188579495e-23,5.01300973538e-23,5.59112992076e-23,9.25573466213e-23,5.41966942528e-23,6.57975817508e-23,1.3906934921e-22,1.65427539704e-22,1.55344925459e-22,2.32860303894e-22,1.66790994271e-22,4.20430575984e-22,4.02606030327e-22,6.19430748393e-22,7.26129474347e-22,9.83682841136e-22,1.50107229836e-21,2.10993599618e-21],"var":[0.000147805913002,0.000430690561188,0.00000778567118687,0.0000299128405459,0.000151260610437,0.0000480869639432,0.00000483107078253,0.0000044688035814,0.00000719109175407,0.00000300162332678,8.58690896166e-7,9.41146765854e-7,1.43283401144e-7,6.45266311494e-7,4.32651290794e-7,1.63261315578e-8,1.54127566265e-9,2.26644059076e-9,2.64144901507e-8,1.55694879211e-9,2.58791425789e-11,1.58600407113e-11,1.01808613623e-11,9.08360886509e-12,8.41346870645e-12,8.11444921672e-12,7.65680685522e-10]},"barkbands_crest":{"dmean":2.89878773689,"dmean2":4.77608776093,"dvar":6.0283870697,"dvar2":15.9390668869,"max":25.9338436127,"mean":12.5891342163,"median":11.9896821976,"min":3.66877985001,"var":16.4877204895},"barkbands_flatness_db":{"dmean":0.0463398732245,"dmean2":0.0742212533951,"dvar":0.00146859907545,"dvar2":0.00382421258837,"max":0.577334344387,"mean":0.260535001755,"median":0.255949765444,"min":0.0386882871389,"var":0.00543570239097},"barkbands_kurtosis":{"dmean":12.2427368164,"dmean2":19.9498004913,"dvar":401.387420654,"dvar2":1054.48120117,"max":909.970703125,"mean":23.3041877747,"median":14.7934875488,"min":-1.85005307198,"var":904.180664062},"barkbands_skewness":{"dmean":0.999459087849,"dmean2":1.61047959328,"dvar":0.911458611488,"dvar2":2.346316576,"max":24.0831775665,"mean":2.80886316299,"median":2.59420871735,"min":-2.64432907104,"var":3.61984395981},"barkbands_spread":{"dmean":2.41303348541,"dmean2":3.74347043037,"dvar":17.5211105347,"dvar2":36.3443870544,"max":132.484375,"mean":6.23123073578,"median":3.63728642464,"min":0.226767778397,"var":81.1603317261},"dissonance":{"dmean":0.0287429559976,"dmean2":0.0483730994165,"dvar":0.000874072429724,"dvar2":0.00245868996717,"max":0.500000119209,"mean":0.451730340719,"median":0.459144800901,"min":0.130445182323,"var":0.00131598371081},"dynamic_complexity":5.78064537048,"erbbands":{"dmean":[0.224604323506,0.474202722311,1.43760454655,4.22777032852,9.15390014648,14.4331998825,14.7482013702,7.81303501129,4.24745941162,7.91342258453,8.09261703491,12.1071071625,11.7808637619,6.54125261307,4.63744068146,5.17806768417,3.78522968292,3.58432984352,8.42191791534,3.39111614227,0.931934714317,0.439596176147,0.377798944712,0.694321036339,0.738249123096,0.211311608553,0.0992710962892,0.0771376565099,0.0631436035037,0.0506187453866,0.0385924093425,0.0291359499097,0.0210711061954,0.0143163502216,0.00892537459731,0.00493797147647,0.00230364315212,0.000851773598697,0.000321296742186,0.000108003041532],"dmean2":[0.353997409344,0.782536506653,2.46182322502,6.88028335571,14.4326448441,21.5050601959,21.8551273346,11.3589172363,6.37368774414,12.3021287918,12.1725416183,18.3828887939,17.2520542145,9.56540393829,6.87910556793,7.70546293259,5.64004468918,5.74584293365,13.3917503357,5.12775468826,1.3904094696,0.654262900352,0.549995541573,0.994516670704,1.03959882259,0.316264599562,0.159103408456,0.126681357622,0.103988707066,0.0834404528141,0.064244158566,0.0485963709652,0.0351382307708,0.0238780286163,0.0148867862299,0.00823533721268,0.00384111586027,0.00140498043038,0.000479946203995,0.00015128715313],"dvar":[0.675658226013,1.08014273643,3.9651658535,76.5239257812,408.351104736,1701.53320312,2471.08569336,1166.20776367,310.991943359,1772.4107666,1337.9185791,2487.29125977,2531.48510742,873.648986816,664.285827637,934.538513184,212.676437378,800.788452148,2490.86669922,211.172454834,13.5741119385,2.81093072891,2.65100002289,18.7578239441,29.6073646545,1.27587342262,0.0510177500546,0.030982542783,0.0199094079435,0.0130130006,0.00802590884268,0.00462825736031,0.00242286059074,0.00111920561176,0.000435091118561,0.000133096749778,0.0000289053696179,0.00000372981912733,0.00000150130108523,1.37586056326e-7],"dvar2":[1.46988022327,2.68184638023,10.9445724487,179.59815979,975.399230957,3818.06884766,5339.43212891,2287.30541992,714.566955566,4015.29785156,3145.53637695,5771.48193359,5683.89013672,1839.36035156,1576.71960449,1950.68591309,436.572143555,1855.92163086,6325.13525391,505.668334961,28.6332550049,5.71764993668,5.2208404541,36.8573684692,53.0838737488,2.20520758629,0.118002906442,0.0777733325958,0.0503807999194,0.033124320209,0.0205215550959,0.0118334824219,0.00619723694399,0.00286279176362,0.00111295387615,0.000340436701663,0.0000739069073461,0.00000948768501985,0.00000259077546616,2.60086352455e-7],"max":[16.0296096802,21.4029273987,31.6266536713,306.682800293,508.807098389,806.975952148,1218.11706543,1311.06225586,562.246459961,1641.66235352,1223.47290039,1491.11889648,1197.09875488,942.51550293,1207.84069824,1839.15393066,752.110717773,1708.64733887,1776.01696777,598.216674805,118.883102417,90.4072952271,83.6639480591,208.614440918,296.074127197,76.4075927734,8.50167751312,4.60801124573,2.96002459526,2.38778018951,1.894094944,1.42273199558,1.0279853344,0.698326706886,0.435578107834,0.240905091166,0.112574778497,0.0405302904546,0.0715154483914,0.0126422615722],"mean":[0.509481549263,0.868195354939,2.07523608208,6.23595905304,13.2067956924,19.6173038483,20.2597370148,11.2632551193,6.03797483444,9.76391983032,10.2972707748,15.2347984314,15.1708669662,9.00152206421,6.30502939224,7.48241615295,5.53612470627,4.38082122803,9.83776950836,4.69233512878,1.34219157696,0.607893645763,0.516957879066,0.926831543446,0.98440438509,0.274554520845,0.111841954291,0.0814078897238,0.0663860961795,0.0516172945499,0.0377055369318,0.0274055767804,0.0195625163615,0.0132686104625,0.00827510282397,0.00458774715662,0.0021834729705,0.000875635072589,0.000429317355156,0.000199704780243],"median":[0.0496221706271,0.278676688671,1.25059199333,2.71841549873,5.31606626511,3.88157105446,1.87120103836,0.874963223934,0.686737179756,0.805164694786,0.781916379929,1.02344405651,0.682254910469,0.743986070156,0.583372354507,0.583425283432,0.449246585369,0.421378582716,0.415291041136,0.45675611496,0.236329004169,0.139247909188,0.100447036326,0.100336939096,0.0703040286899,0.0462678894401,0.0322958864272,0.0235782489181,0.0187207031995,0.0143972942606,0.00972364656627,0.00610867189243,0.00414348719642,0.00277160480618,0.00173662567977,0.000968286476564,0.000508277677,0.000242767200689,0.0000976538649411,0.0000473687578051],"min":[2.33571061258e-22,1.60585746233e-21,3.65354529013e-21,3.16929178756e-20,4.74103802587e-20,9.24833807509e-20,1.74610692877e-19,2.87179686187e-19,5.84306012444e-19,4.95960072795e-19,1.18713414977e-18,8.50414616695e-19,1.23567931197e-18,2.36346428676e-18,1.1112260597e-18,3.00577251395e-18,3.77001419446e-18,3.57493067803e-18,3.50378528713e-18,1.10092958427e-17,6.59588898725e-18,9.92920889375e-18,8.65953793868e-18,1.18411334821e-17,9.99677466054e-18,7.21250705257e-18,1.54636121561e-17,1.71439650504e-17,1.6678470815e-17,1.47625964393e-17,1.81309536486e-17,1.57369804593e-17,1.24660204584e-17,8.62786022994e-18,9.51519755254e-18,5.44742398016e-18,2.77401573826e-18,1.11237325581e-18,3.61461849363e-19,3.00539338088e-20],"var":[1.97804832458,2.82048034668,6.53659486771,135.109146118,600.709411621,2729.10522461,4430.11767578,2486.00488281,591.35168457,2526.76733398,1914.7689209,3713.93481445,4112.28222656,1640.63464355,1063.47875977,1510.86938477,410.829498291,764.872436523,2311.62304688,275.767791748,25.2709102631,5.44744062424,5.77475976944,35.5634040833,55.7466812134,2.30542683601,0.0719486698508,0.033047311008,0.0211333278567,0.0132084228098,0.00778260128573,0.00445345882326,0.00232914439403,0.00107535440475,0.00041804058128,0.000127969527966,0.0000278645038634,0.00000379408220397,0.00000305538742396,3.12032170768e-7]},"erbbands_crest":{"dmean":3.40519094467,"dmean2":5.61910963058,"dvar":8.63435745239,"dvar2":22.5219268799,"max":32.8509521484,"mean":11.230922699,"median":10.5313844681,"min":2.0809981823,"var":21.0488052368},"erbbands_flatness_db":{"dmean":0.0418714284897,"dmean2":0.0669098645449,"dvar":0.00121253624093,"dvar2":0.00312014576048,"max":0.420383065939,"mean":0.195385694504,"median":0.191611588001,"min":0.0286380909383,"var":0.0036457690876},"erbbands_kurtosis":{"dmean":2.66334104538,"dmean2":4.27849245071,"dvar":18.4623355865,"dvar2":45.6189346313,"max":82.5889892578,"mean":3.06529998779,"median":1.25374698639,"min":-1.8653588295,"var":32.474861145},"erbbands_skewness":{"dmean":0.607101202011,"dmean2":0.926811695099,"dvar":0.323067307472,"dvar2":0.711623191833,"max":7.89042425156,"mean":1.01620328426,"median":1.04838716984,"min":-6.12631845474,"var":1.72498393059},"erbbands_spread":{"dmean":7.55807971954,"dmean2":12.0882997513,"dvar":52.1010093689,"dvar2":127.390914917,"max":118.199195862,"mean":25.6120204926,"median":23.6072330475,"min":1.02073574066,"var":188.281890869},"gfcc":{"cov":[[17567.3203125,2558.09448242,-431.014343262,-496.949035645,-32.1433105469,-285.316436768,-406.165649414,-470.869598389,-272.142486572,-42.8690910339,-64.7965621948,-333.475708008,155.555648804],[2558.09448242,1855.72229004,52.8978157043,-292.831817627,111.632919312,-123.197120667,103.427314758,-249.474243164,40.1967468262,-147.906890869,-5.32692289352,-105.056228638,50.3414802551],[-431.014343262,52.8978157043,495.439575195,194.667495728,-170.587493896,112.933952332,-11.766960144,137.916610718,-34.1673126221,31.8840789795,-21.1782226562,72.1281280518,-4.39614963531],[-496.949035645,-292.831817627,194.667495728,407.82522583,163.562820435,28.3435668945,54.6076622009,108.405426025,24.4373340607,5.68215894699,0.349078506231,39.0040512085,-39.8427391052],[-32.1433105469,111.632919312,-170.587493896,163.562820435,437.055145264,23.1737213135,133.096511841,-67.3537368774,77.2272415161,-41.8369064331,51.3514709473,-40.3145904541,1.78513276577],[-285.316436768,-123.197120667,112.933952332,28.3435668945,23.1737213135,256.32510376,57.9856948853,65.5656967163,-52.295501709,16.7334346771,8.07774734497,52.2283859253,9.7734746933],[-406.165649414,103.427314758,-11.766960144,54.6076622009,133.096511841,57.9856948853,181.936416626,36.3178634644,33.537979126,-55.0802345276,8.49779319763,20.357208252,8.66757678986],[-470.869598389,-249.474243164,137.916610718,108.405426025,-67.3537368774,65.5656967163,36.3178634644,172.938446045,27.8654136658,26.4455375671,-14.0413532257,48.3804283142,8.65621185303],[-272.142486572,40.1967468262,-34.1673126221,24.4373340607,77.2272415161,-52.295501709,33.537979126,27.8654136658,131.127334595,51.5782928467,27.6092739105,-8.55694770813,11.1079940796],[-42.8690910339,-147.906890869,31.8840789795,5.68215894699,-41.8369064331,16.7334346771,-55.0802345276,26.4455375671,51.5782928467,119.98248291,54.5242729187,12.746216774,1.64154458046],[-64.7965621948,-5.32692289352,-21.1782226562,0.349078506231,51.3514709473,8.07774734497,8.49779319763,-14.0413532257,27.6092739105,54.5242729187,80.7453994751,30.35105896,8.4094247818],[-333.475708008,-105.056228638,72.1281280518,39.0040512085,-40.3145904541,52.2283859253,20.357208252,48.3804283142,-8.55694770813,12.746216774,30.35105896,88.2470779419,23.9348983765],[155.555648804,50.3414802551,-4.39614963531,-39.8427391052,1.78513276577,9.7734746933,8.66757678986,8.65621185303,11.1079940796,1.64154458046,8.4094247818,23.9348983765,71.2756881714]],"icov":[[0.000168595273863,-0.000648938817903,0.001297398936,-0.00141461647581,0.00101116579026,-0.000610727875028,0.000490116537549,-0.000367116648704,0.000660197576508,-0.00045134651009,-0.000406800681958,0.000856673810631,-0.000909124326427],[-0.000648938817903,0.00442945677787,-0.00900908187032,0.0099858045578,-0.00755415391177,0.00500055775046,-0.00312974420376,0.00263274461031,-0.00216335523874,0.00167174672242,0.0031461995095,-0.00402180012316,0.00415649730712],[0.001297398936,-0.00900908187032,0.0364347137511,-0.0528220906854,0.0568342655897,-0.0400611683726,0.0136973485351,0.0115203345194,-0.0317131355405,0.045738376677,-0.0553446263075,0.044711381197,-0.0273391250521],[-0.00141461647581,0.0099858045578,-0.0528220906854,0.0931890979409,-0.105726189911,0.0744948089123,-0.0225277803838,-0.0340916626155,0.0740304663777,-0.103865318,0.115317367017,-0.0916115790606,0.0521945878863],[0.00101116579026,-0.00755415391177,0.0568342655897,-0.105726189911,0.130673423409,-0.0918152853847,0.0249128080904,0.0465897619724,-0.102191291749,0.141325443983,-0.150432944298,0.115607328713,-0.0602387823164],[-0.000610727875028,0.00500055775046,-0.0400611683726,0.0744948089123,-0.0918152853847,0.0725175887346,-0.023620378226,-0.033759791404,0.0797006189823,-0.108228430152,0.109464898705,-0.082934871316,0.0413071364164],[0.000490116537549,-0.00312974420376,0.0136973485351,-0.0225277803838,0.0249128080904,-0.023620378226,0.0217264126986,0.00317820650525,-0.0264189261943,0.0411297231913,-0.0375336557627,0.0229159910232,-0.0111173093319],[-0.000367116648704,0.00263274461031,0.0115203345194,-0.0340916626155,0.0465897619724,-0.033759791404,0.00317820650525,0.0365990921855,-0.0488885417581,0.0562457926571,-0.0505674518645,0.0381700359285,-0.0213017053902],[0.000660197576508,-0.00216335523874,-0.0317131355405,0.0740304663777,-0.102191291749,0.0797006189823,-0.0264189261943,-0.0488885417581,0.117208793759,-0.147027015686,0.132540285587,-0.0918383598328,0.0406165383756],[-0.00045134651009,0.00167174672242,0.045738376677,-0.103865318,0.141325443983,-0.108228430152,0.0411297231913,0.0562457926571,-0.147027015686,0.214920908213,-0.201670825481,0.137543782592,-0.0603968910873],[-0.000406800681958,0.0031461995095,-0.0553446263075,0.115317367017,-0.150432944298,0.109464898705,-0.0375336557627,-0.0505674518645,0.132540285587,-0.201670825481,0.218085944653,-0.152277380228,0.0685711055994],[0.000856673810631,-0.00402180012316,0.044711381197,-0.0916115790606,0.115607328713,-0.082934871316,0.0229159910232,0.0381700359285,-0.0918383598328,0.137543782592,-0.152277380228,0.129506856203,-0.0608055107296],[-0.000909124326427,0.00415649730712,-0.0273391250521,0.0521945878863,-0.0602387823164,0.0413071364164,-0.0111173093319,-0.0213017053902,0.0406165383756,-0.0603968910873,0.0685711055994,-0.0608055107296,0.04774197191]],"mean":[-152.037460327,144.136001587,-62.457244873,12.2188940048,-20.4955863953,4.48570108414,-20.6361732483,-8.83343029022,-16.1423988342,-8.14162158966,-15.1354379654,-7.63228225708,-7.36297464371]},"hfc":{"dmean":2.65396261215,"dmean2":3.70415091515,"dvar":28.1080646515,"dvar2":54.899810791,"max":101.084686279,"mean":5.97415685654,"median":2.13932061195,"min":1.06779368846e-16,"var":93.6239776611},"melbands":{"dmean":[0.00152027898002,0.000648306799121,0.000834495120216,0.000824862334412,0.000542757625226,0.000180645627552,0.0000668735665386,0.0000859086503624,0.0000667230415274,0.0000792587161413,0.0000595914389123,0.0000287037528324,0.000017061483959,0.0000126097083921,0.0000153983746713,0.00000544866270502,0.00000717483180779,0.0000151815056597,0.0000077057738963,0.0000024487153496,8.85916449533e-7,4.81398217289e-7,3.48731276745e-7,3.53729916469e-7,6.00473413215e-7,6.99858162534e-7,3.26194623312e-7,1.03053331202e-7,6.38236770101e-8,5.02195334207e-8,4.31030606762e-8,3.66640442451e-8,3.14829975423e-8,2.6823974153e-8,2.26598562136e-8,1.95779250589e-8,1.71079346245e-8,1.49893395474e-8,1.32039721379e-8,1.16837046704e-8],"dmean2":[0.0023909737356,0.00109996483661,0.00134746334516,0.00125730258878,0.000792577688117,0.000263779220404,0.000101532859844,0.000131881504785,0.000101590616396,0.000120643002447,0.0000884221444721,0.0000430124637205,0.0000254812566709,0.0000186750403373,0.0000231125613936,0.00000829191867524,0.0000118810794447,0.0000243300164584,0.0000120330396385,0.00000368070868717,0.00000137566939884,7.29467956262e-7,5.25499956439e-7,5.32069293513e-7,8.69659174896e-7,9.8057410014e-7,4.93682819069e-7,1.58962293995e-7,1.03702490151e-7,8.28610424719e-8,7.09522183229e-8,6.04424741368e-8,5.17663387711e-8,4.43578329623e-8,3.7733304481e-8,3.26318563282e-8,2.85390697741e-8,2.49949412279e-8,2.20229559034e-8,1.9487673697e-8],"dvar":[0.00002787692938,8.53885353536e-7,0.00000266478809863,0.00000392329820897,0.00000297026872431,5.88926070577e-7,8.11801612599e-8,1.89433563946e-7,8.60539302039e-8,1.05624955893e-7,6.61538877011e-8,1.76932193341e-8,9.02394514668e-9,5.92646420827e-9,6.57656284986e-9,4.79662476405e-10,3.9719831868e-9,9.45357392368e-9,1.59326996041e-9,9.6858625287e-11,1.3055533217e-11,3.66692787246e-12,2.03821248074e-12,3.07951385746e-12,1.48291431218e-11,2.41122104921e-11,9.07362726621e-12,1.10618010249e-13,2.12284193452e-14,1.30796413671e-14,9.78989499602e-15,6.64340984839e-15,4.9655718346e-15,3.67590953878e-15,2.75597691268e-15,2.08463299825e-15,1.59753283176e-15,1.22575853039e-15,9.5187212096e-16,7.45461997236e-16],"dvar2":[0.0000601935207669,0.00000232796060118,0.0000062226818045,0.00000910617018235,0.00000624248832537,0.00000118822413242,1.89870362988e-7,4.14206596133e-7,2.00492252134e-7,2.41789336997e-7,1.49634587387e-7,3.82151981171e-8,2.13362216783e-8,1.39287914536e-8,1.37111673126e-8,1.04483155461e-9,9.32043509039e-9,2.46737990039e-8,4.06265243669e-9,2.16031956213e-10,2.90541722625e-11,7.84257641467e-12,4.29198907317e-12,6.75106585218e-12,3.0742131063e-11,4.39956751586e-11,1.68763631542e-11,2.09985810207e-13,5.10171128975e-14,3.25744138152e-14,2.48173860341e-14,1.68222030815e-14,1.26035436292e-14,9.35853330323e-15,7.04617655591e-15,5.3289574393e-15,4.08588449668e-15,3.1355067536e-15,2.43485613446e-15,1.90683654745e-15],"max":[0.104874975979,0.016750684008,0.0463878773153,0.033870190382,0.0383359342813,0.0255290418863,0.00784272514284,0.017057010904,0.00883987639099,0.00964842457324,0.00624726247042,0.00429131137207,0.00481323199347,0.00424118433148,0.00590999610722,0.000831098412164,0.00361616583541,0.00387513474561,0.0019585005939,0.00035405086237,0.000099473822047,0.0000997186798486,0.0000733540509827,0.0000994398142211,0.000180965958862,0.000246932293521,0.00021840602858,0.0000179835005838,0.00000486891076434,0.00000253805228567,0.00000260081287706,0.0000017078542669,0.00000148202980199,0.00000125879535062,0.00000111195583941,9.60006786954e-7,8.33403760225e-7,7.31306101898e-7,6.44174690478e-7,5.69812073081e-7],"mean":[0.00348000763915,0.00105917244218,0.00129257736262,0.00120429939125,0.000768055964727,0.000260759290541,0.0000929492161958,0.000106938940007,0.0000839840940898,0.0000990166445263,0.0000749816390453,0.0000373909824702,0.0000219173689402,0.0000171191823028,0.0000210633097595,0.00000761450928621,0.00000811085010355,0.000016907675672,0.00000966130482993,0.00000340070164384,0.00000116849639653,6.29018813925e-7,4.54751273082e-7,4.75368068464e-7,7.65193533425e-7,9.16935846362e-7,4.11286094959e-7,1.26303120851e-7,7.09444023528e-8,5.31131547632e-8,4.49744206321e-8,3.84069771542e-8,3.26757572111e-8,2.69583981805e-8,2.21609717244e-8,1.86608097863e-8,1.59521729159e-8,1.39012774625e-8,1.22285470638e-8,1.08148610067e-8],"median":[0.000453024433227,0.00062227610033,0.00058664631797,0.000381176418159,0.0000804576266091,0.0000198387151613,0.0000105263688965,0.00000841046312416,0.00000625880602456,0.00000617296154815,0.00000321262245961,0.00000302660600937,0.00000176005346475,0.00000180682377504,0.00000115387774713,7.94208460775e-7,7.43258738112e-7,6.38004564735e-7,6.03293926815e-7,4.93013430969e-7,2.02280403983e-7,1.43541484476e-7,8.77504078289e-8,9.03160426446e-8,7.91752370333e-8,5.3809316114e-8,4.22130597144e-8,2.67834856515e-8,2.0469908435e-8,1.58701123354e-8,1.26002950296e-8,1.07076827405e-8,9.44901312749e-9,7.33300486999e-9,5.71373970359e-9,4.42535874612e-9,3.43839712258e-9,2.93145885344e-9,2.56051801983e-9,2.25164953349e-9],"min":[2.39245873386e-24,1.71208750235e-24,6.04696554289e-24,4.9128363911e-24,6.65603360932e-24,6.6207525942e-24,9.10376565745e-24,7.70105263883e-24,8.05571345776e-24,6.87964096608e-24,6.3130286047e-24,9.61653550103e-24,4.84271454523e-24,5.00779749472e-24,8.0502545403e-24,9.50312017983e-24,5.82528734548e-24,3.98850913579e-24,6.38797551829e-24,1.14373305999e-23,7.0161659675e-24,9.52039071163e-24,5.83829921168e-24,9.06323950616e-24,9.7354744263e-24,8.68575457466e-24,4.76234934051e-24,4.65344985356e-24,8.07554147662e-24,8.59272578583e-24,1.04631039481e-23,9.53738198666e-24,7.56646744637e-24,9.11560093761e-24,1.06361074555e-23,9.28756078203e-24,8.79085687964e-24,9.10645330655e-24,7.08936989292e-24,6.77584895905e-24],"var":[0.0000835315222503,0.00000176548530817,0.00000474514808957,0.00000649233061267,0.00000544805607205,0.0000012484134686,1.44366566701e-7,2.87724589043e-7,1.25181415456e-7,1.6162144334e-7,1.04899349651e-7,3.0258032524e-8,1.48981067483e-8,8.48613268545e-9,1.02029247273e-8,7.8581491314e-10,3.62233776308e-9,8.11488920505e-9,1.59240598485e-9,1.57775389975e-10,2.21220281676e-11,5.99870023446e-12,4.00828025285e-12,5.7138135369e-12,2.55261124738e-11,4.97687550893e-11,1.28435317936e-11,2.30097489456e-13,2.81623919877e-14,1.41935667727e-14,1.01775023549e-14,7.08785269449e-15,5.15135750015e-15,3.69458915637e-15,2.674578317e-15,2.01021818921e-15,1.5350017891e-15,1.17821224172e-15,9.14382336836e-16,7.16008755836e-16]},"melbands_crest":{"dmean":4.050096035,"dmean2":6.73629522324,"dvar":11.5442285538,"dvar2":30.3665142059,"max":39.0931472778,"mean":19.3061313629,"median":18.2263221741,"min":1.93490982056,"var":48.2538337708},"melbands_flatness_db":{"dmean":0.0535375624895,"dmean2":0.0859114676714,"dvar":0.00194067996927,"dvar2":0.00512103457004,"max":0.727653086185,"mean":0.386490404606,"median":0.386567920446,"min":0.00410127826035,"var":0.00868515390903},"melbands_kurtosis":{"dmean":20.1291561127,"dmean2":32.964466095,"dvar":1448.26062012,"dvar2":3694.36230469,"max":886.090881348,"mean":39.0842552185,"median":24.6393737793,"min":-1.87528777122,"var":2874.94433594},"melbands_skewness":{"dmean":1.15368819237,"dmean2":1.84021949768,"dvar":1.44857406616,"dvar2":3.6189801693,"max":23.4047260284,"mean":3.81558489799,"median":3.4862215519,"min":-2.46581339836,"var":5.47673463821},"melbands_spread":{"dmean":2.78275728226,"dmean2":4.32390117645,"dvar":32.625617981,"dvar2":69.0495605469,"max":198.442886353,"mean":7.5911898613,"median":3.12559056282,"min":0.106374330819,"var":317.612884521},"mfcc":{"cov":[[8357.92578125,1628.70300293,-563.909179688,-110.303749084,-175.278594971,44.1555595398,-250.275512695,-376.688476562,-251.097915649,70.1527099609,-24.7095279694,-257.394348145,-154.565032959],[1628.70300293,1819.85803223,81.4855728149,-163.062393188,-17.8817424774,46.2788925171,-14.7382879257,-95.9799957275,-41.6278762817,15.1198749542,-37.7381286621,-117.409683228,-66.2358856201],[-563.909179688,81.4855728149,662.302612305,32.6557426453,-71.3043670654,-50.0864601135,16.1545219421,71.2083816528,63.0943565369,-57.7730674744,-20.0255775452,118.513946533,-3.93759632111],[-110.303749084,-163.062393188,32.6557426453,368.817840576,148.664001465,0.60770714283,13.2758550644,62.2217750549,41.7414741516,33.9704627991,27.6230812073,19.1376342773,43.9783592224],[-175.278594971,-17.8817424774,-71.3043670654,148.664001465,205.123168945,100.653358459,54.8769111633,34.0786972046,19.134759903,33.1767616272,25.9493236542,10.8323392868,39.269367218],[44.1555595398,46.2788925171,-50.0864601135,0.60770714283,100.653358459,161.419815063,101.948539734,30.0769615173,-1.92311406136,1.30385100842,10.0979099274,10.5240278244,19.1308917999],[-250.275512695,-14.7382879257,16.1545219421,13.2758550644,54.8769111633,101.948539734,157.910675049,113.938537598,27.9653701782,-18.7501945496,-8.88532161713,13.0252857208,15.8747854233],[-376.688476562,-95.9799957275,71.2083816528,62.2217750549,34.0786972046,30.0769615173,113.938537598,169.72265625,85.2865447998,-16.4029750824,-14.539730072,20.2951583862,14.2073440552],[-251.097915649,-41.6278762817,63.0943565369,41.7414741516,19.134759903,-1.92311406136,27.9653701782,85.2865447998,101.524017334,34.5052680969,-4.08040809631,10.5068225861,7.15943717957],[70.1527099609,15.1198749542,-57.7730674744,33.9704627991,33.1767616272,1.30385100842,-18.7501945496,-16.4029750824,34.5052680969,88.1248016357,43.3579063416,-17.4190044403,3.68099594116],[-24.7095279694,-37.7381286621,-20.0255775452,27.6230812073,25.9493236542,10.0979099274,-8.88532161713,-14.539730072,-4.08040809631,43.3579063416,70.3498077393,33.0430870056,11.531208992],[-257.394348145,-117.409683228,118.513946533,19.1376342773,10.8323392868,10.5240278244,13.0252857208,20.2951583862,10.5068225861,-17.4190044403,33.0430870056,104.347305298,44.0387802124],[-154.565032959,-66.2358856201,-3.93759632111,43.9783592224,39.269367218,19.1308917999,15.8747854233,14.2073440552,7.15943717957,3.68099594116,11.531208992,44.0387802124,68.9836196899]],"icov":[[0.000226006974117,-0.000225824027439,0.0002764374658,-0.000381387537345,0.000737290421966,-0.000897499849088,0.00100064335857,-0.000909949885681,0.00133742683101,-0.00134828640148,0.00120063533541,-0.000879979459569,0.000629028945696],[-0.000225824027439,0.000939050398301,-0.000761797185987,0.000770868908148,-0.0010637975065,0.000736335176043,-0.00125328544527,0.00168109918013,-0.00179786409717,0.00190889008809,-0.00197772379033,0.00267394026741,-0.00108741340227],[0.0002764374658,-0.000761797185987,0.00348108028993,-0.00160695321392,0.00210356921889,-0.00048595861881,0.000424736965215,-0.000805061950814,0.000490680627991,-0.00229978654534,0.00483914604411,-0.00767042534426,0.00427610473707],[-0.000381387537345,0.000770868908148,-0.00160695321392,0.00627360632643,-0.00642045587301,0.00408931728452,-0.000213047213037,-0.00133151153568,-0.000689399952535,0.00180087762419,-0.00368633144535,0.00411057798192,-0.00339408754371],[0.000737290421966,-0.0010637975065,0.00210356921889,-0.00642045587301,0.0162658561021,-0.0123431859538,0.0063972081989,-0.00566047662869,0.00601440574974,-0.00851522386074,0.00603126874194,-0.00495882565156,0.00068873912096],[-0.000897499849088,0.000736335176043,-0.00048595861881,0.00408931728452,-0.0123431859538,0.0259321928024,-0.0241861902177,0.0190771836787,-0.0155820222571,0.0144795915112,-0.0118148010224,0.00543388025835,-0.00311655108817],[0.00100064335857,-0.00125328544527,0.000424736965215,-0.000213047213037,0.0063972081989,-0.0241861902177,0.0440362840891,-0.042296346277,0.0345096997917,-0.0272327978164,0.0212857332081,-0.0115540912375,0.00453131925315],[-0.000909949885681,0.00168109918013,-0.000805061950814,-0.00133151153568,-0.00566047662869,0.0190771836787,-0.042296346277,0.0617434754968,-0.0598282217979,0.0511017814279,-0.0365124940872,0.022972997278,-0.0097529515624],[0.00133742683101,-0.00179786409717,0.000490680627991,-0.000689399952535,0.00601440574974,-0.0155820222571,0.0345096997917,-0.0598282217979,0.0813182741404,-0.0729442760348,0.055713314563,-0.0355851538479,0.0158728789538],[-0.00134828640148,0.00190889008809,-0.00229978654534,0.00180087762419,-0.00851522386074,0.0144795915112,-0.0272327978164,0.0511017814279,-0.0729442760348,0.0915439277887,-0.0726565271616,0.0490710288286,-0.0223891623318],[0.00120063533541,-0.00197772379033,0.00483914604411,-0.00368633144535,0.00603126874194,-0.0118148010224,0.0212857332081,-0.0365124940872,0.055713314563,-0.0726565271616,0.0795796662569,-0.0521190017462,0.0239470750093],[-0.000879979459569,0.00267394026741,-0.00767042534426,0.00411057798192,-0.00495882565156,0.00543388025835,-0.0115540912375,0.022972997278,-0.0355851538479,0.0490710288286,-0.0521190017462,0.0558839514852,-0.0291083715856],[0.000629028945696,-0.00108741340227,0.00427610473707,-0.00339408754371,0.00068873912096,-0.00311655108817,0.00453131925315,-0.0097529515624,0.0158728789538,-0.0223891623318,0.0239470750093,-0.0291083715856,0.0328344888985]],"mean":[-810.008056641,188.828613281,23.9157466888,25.6614837646,19.8783016205,16.8505535126,7.92571353912,4.0122013092,2.04192876816,4.07664394379,-2.50483250618,-8.5085439682,-3.32039999962]},"pitch_salience":{"dmean":0.0928037315607,"dmean2":0.154800862074,"dvar":0.00582878710702,"dvar2":0.0154121061787,"max":0.857335746288,"mean":0.537402570248,"median":0.5586617589,"min":0.0469233989716,"var":0.021106634289},"silence_rate_20dB":{"dmean":0.000979431904852,"dmean2":0.00195905566216,"dvar":0.000978467753157,"dvar2":0.00215110369027,"max":1,"mean":0.999020636082,"median":1,"min":0,"var":0.000978372176178},"silence_rate_30dB":{"dmean":0.0295788440853,"dmean2":0.0591634847224,"dvar":0.0287041645497,"dvar2":0.068589374423,"max":1,"mean":0.946919977665,"median":1,"min":0,"var":0.0502586103976},"silence_rate_60dB":{"dmean":0.0479921661317,"dmean2":0.0959937274456,"dvar":0.0456821285188,"dvar2":0.106364987791,"max":1,"mean":0.162765651941,"median":0,"min":0,"var":0.136269807816},"spectral_centroid":{"dmean":109.453773499,"dmean2":163.753829956,"dvar":37734.59375,"dvar2":55682.8710938,"max":11382.1875,"mean":464.146453857,"median":314.818969727,"min":112.447486877,"var":329056.09375},"spectral_complexity":{"dmean":1.7651321888,"dmean2":2.6656870842,"dvar":3.95216393471,"dvar2":7.26729488373,"max":36,"mean":6.37537956238,"median":5,"min":0,"var":26.9595375061},"spectral_contrast_coeffs":{"dmean":[0.0558459535241,0.0453916490078,0.0397526212037,0.0345159620047,0.0342027768493,0.0217090118676],"dmean2":[0.0901252254844,0.0752565637231,0.063892364502,0.0547155924141,0.0548403412104,0.0372494384646],"dvar":[0.00203898455948,0.00135192507878,0.00109680602327,0.000818019616418,0.000784379662946,0.00077129463898],"dvar2":[0.00500341784209,0.00356499617919,0.00266122212633,0.00200693984516,0.00194150605239,0.00203347182833],"max":[-0.304155439138,-0.460566729307,-0.419742405415,-0.572183787823,-0.647900462151,-0.564746439457],"mean":[-0.651463091373,-0.804423511028,-0.820470035076,-0.839126765728,-0.876456260681,-0.843506991863],"median":[-0.657261610031,-0.814575493336,-0.831277251244,-0.844189524651,-0.880347907543,-0.852848351002],"min":[-0.959611177444,-0.972029983997,-0.964966595173,-0.982936263084,-0.969340860844,-0.961432397366],"var":[0.00987345911562,0.00468707177788,0.00431241467595,0.00352765759453,0.00246980250813,0.00110349839088]},"spectral_contrast_valleys":{"dmean":[0.371372640133,0.44768050313,0.43134111166,0.459859937429,0.639097571373,0.878172755241],"dmean2":[0.620243549347,0.706365466118,0.668603241444,0.706411242485,1.0087852478,1.42090284824],"dvar":[0.103049680591,0.157643914223,0.143028587103,0.178211942315,0.304999262094,0.571107208729],"dvar2":[0.252741426229,0.350702464581,0.311691462994,0.397834151983,0.765613853931,1.55460894108],"max":[-4.80699682236,-4.30784273148,-5.25294399261,-5.84808969498,-6.30847120285,-8.96578788757],"mean":[-7.28870916367,-7.56320142746,-8.30374908447,-8.86330604553,-9.3893995285,-11.9797210693],"median":[-7.07826185226,-7.44701480865,-8.22163677216,-8.75210189819,-9.2963142395,-11.8131942749],"min":[-27.5871143341,-27.4575252533,-27.3929367065,-27.4723014832,-27.3478298187,-27.2833518982],"var":[2.69757008553,2.32874822617,2.07548117638,2.03143310547,1.69738018513,1.73818230629]},"spectral_decrease":{"dmean":2.90625701282e-9,"dmean2":4.29592139639e-9,"dvar":3.15014034626e-17,"dvar2":6.60618730316e-17,"max":6.42437184647e-18,"mean":-7.22620541183e-9,"median":-3.14182457828e-9,"min":-1.2250629311e-7,"var":1.13593470974e-16},"spectral_energy":{"dmean":0.0111711444333,"dmean2":0.0164895188063,"dvar":0.000459310103906,"dvar2":0.000961561047006,"max":0.466611564159,"mean":0.0278151985258,"median":0.012124819681,"min":9.87442574929e-21,"var":0.00166392175015},"spectral_energyband_high":{"dmean":0.0000129108284455,"dmean2":0.0000206193835766,"dvar":8.64775639986e-10,"dvar2":2.00084482316e-9,"max":0.000841919449158,"mean":0.0000146557622429,"median":0.00000379773359782,"min":7.0418467158e-21,"var":1.25949517482e-9},"spectral_energyband_low":{"dmean":0.00651901494712,"dmean2":0.0102949105203,"dvar":0.000307166948915,"dvar2":0.000656209711451,"max":0.370579570532,"mean":0.0152740003541,"median":0.00478217657655,"min":1.92083938552e-23,"var":0.00101002573501},"spectral_energyband_middle_high":{"dmean":0.000683302641846,"dmean2":0.000999861280434,"dvar":0.00000493938159707,"dvar2":0.0000107583637146,"max":0.0587315633893,"mean":0.00110771437176,"median":0.000114473266876,"min":1.39052756626e-21,"var":0.0000101516752693},"spectral_energyband_middle_low":{"dmean":0.00624066311866,"dmean2":0.00903792586178,"dvar":0.000160605864949,"dvar2":0.000328935100697,"max":0.231110692024,"mean":0.0117436386645,"median":0.00383623829111,"min":2.8677534956e-22,"var":0.000440121628344},"spectral_entropy":{"dmean":0.436409473419,"dmean2":0.699750244617,"dvar":0.139753490686,"dvar2":0.370254725218,"max":9.80929946899,"mean":6.61297082901,"median":6.59221506119,"min":4.48428106308,"var":0.43012046814},"spectral_flux":{"dmean":0.0232709422708,"dmean2":0.0378147959709,"dvar":0.000939600926358,"dvar2":0.00239548552781,"max":0.402772337198,"mean":0.0705852359533,"median":0.0552165396512,"min":1.03412223229e-10,"var":0.00286359526217},"spectral_kurtosis":{"dmean":10.8533992767,"dmean2":18.0531291962,"dvar":185.174377441,"dvar2":494.056945801,"max":147.222717285,"mean":20.8602600098,"median":15.746465683,"min":-1.22004044056,"var":275.377990723},"spectral_rms":{"dmean":0.000912026385777,"dmean2":0.00132658483926,"dvar":0.00000125712927002,"dvar2":0.00000241882571572,"max":0.0213361382484,"mean":0.0042648781091,"median":0.00343934469856,"min":3.10380193769e-12,"var":0.00000894736513146},"spectral_rolloff":{"dmean":136.037628174,"dmean2":231.166793823,"dvar":159279.984375,"dvar2":371080.71875,"max":18970.7519531,"mean":622.16986084,"median":215.33203125,"min":21.533203125,"var":4816164.5},"spectral_skewness":{"dmean":0.770084738731,"dmean2":1.24605762959,"dvar":0.607608616352,"dvar2":1.60701417923,"max":9.63188743591,"mean":3.32098507881,"median":3.09124088287,"min":-0.0200125537813,"var":1.35537326336},"spectral_spread":{"dmean":910674.0625,"dmean2":1478799.875,"dvar":762768719872,"dvar2":1739470929920,"max":41981352,"mean":3173469.25,"median":2919940.75,"min":585620.375,"var":2563051618300},"spectral_strongpeak":{"dmean":0.236694335938,"dmean2":0.39065387845,"dvar":0.170213550329,"dvar2":0.434788614511,"max":10.0855522156,"mean":0.393658310175,"median":0.225025445223,"min":0,"var":0.286531031132},"zerocrossingrate":{"dmean":0.00330907385796,"dmean2":0.00411746092141,"dvar":0.0000478023357573,"dvar2":0.0000812138387118,"max":0.51904296875,"mean":0.0211309920996,"median":0.0107421875,"min":0.00048828125,"var":0.00369720556773}},"metadata":{"audio_properties":{"analysis_sample_rate":44100,"bit_rate":143557,"codec":"mp3","downmix":"mix","equal_loudness":0,"length":237.062286377,"lossless":false,"md5_encoded":"651dad94e47df1bb9c97957be38a6db0","replay_gain":-1.77705192566,"sample_rate":44100},"tags":{"album":["The Complete Columbia Album Collection"],"albumartist":["Johnny Cash"],"albumartistsort":["Cash, Johnny"],"artist":["Johnny Cash"],"artists":["Johnny Cash"],"artistsort":["Cash, Johnny"],"asin":["B008DDC874"],"barcode":["886979104723"],"catalognumber":["88697910472"],"date":["2012-12-04"],"discnumber":["13/63"],"file_name":"04 - The Talking Leaves.mp3","label":["Columbia","Legacy"],"media":["CD"],"musicbrainz album release country":["US"],"musicbrainz album status":["official"],"musicbrainz album type":["album","compilation"],"musicbrainz release track id":["cfb64645-cc3d-32ec-a3f5-64c1a5e82e02"],"musicbrainz_albumartistid":["d43d12a1-2dc9-4257-a2fd-0a3bb1081b86"],"musicbrainz_albumid":["de36c451-000c-4488-9375-b6d40b6636e5"],"musicbrainz_artistid":["d43d12a1-2dc9-4257-a2fd-0a3bb1081b86"],"musicbrainz_recordingid":["dfa84955-70d5-4005-8b3a-3977a6837f21"],"musicbrainz_releasegroupid":["30578604-ce5e-4d3d-a09c-6c06fc4c526b"],"originaldate":["2012"],"script":["Latn"],"title":["The Talking Leaves"],"tracknumber":["4/8"]},"version":{"essentia":"2.1-beta1","essentia_build_sha":"ca57ba49d9b1854bd80e60cf9ccf267278fb7d6b","essentia_git_sha":"v2.1_beta1-28-g21ef5f4-dirty","extractor":"music 1.0"}},"rhythm":{"beats_count":463,"beats_loudness":{"dmean":0.0431717298925,"dmean2":0.0772287771106,"dvar":0.00316125620157,"dvar2":0.00865942519158,"max":0.438250482082,"mean":0.0391837358475,"median":0.0237827971578,"min":6.68197219778e-10,"var":0.00265002436936},"beats_loudness_band_ratio":{"dmean":[0.266612112522,0.211508616805,0.0878355279565,0.043838378042,0.0233685187995,0.00476476317272],"dmean2":[0.44443076849,0.354768425226,0.157153382897,0.0802324861288,0.0450372472405,0.00773899164051],"d