{"lowlevel":{"average_loudness":0.80266815424,"barkbands":{"dmean":[0.0281473752111,0.0262752920389,0.00454553356394,0.00222606258467,0.00383072765544,0.00175641395617,0.000816032057628,0.000698466785252,0.000813092978206,0.000445213430794,0.000238812950556,0.000296052690828,0.000236359715927,0.000187038138392,0.000122480516438,0.0000608493501204,0.0000552595884074,0.0000672575260978,0.0000435053552792,0.0000269473330263,0.0000167646321643,0.0000112686966531,0.00000900249779079,0.00000728992017685,0.00000621943399892,0.00000776422166382,0.0000851915028761],"dmean2":[0.0438535548747,0.0446543544531,0.00764781516045,0.0037332251668,0.00617713900283,0.00289681879804,0.001339000999,0.0011481664842,0.00133761577308,0.000724836543668,0.000388443848351,0.000484278338263,0.000383315054933,0.000310761708533,0.000201680959435,0.000101895464468,0.0000929120651563,0.000109348133265,0.0000683014295646,0.0000440180265286,0.0000277631515928,0.0000191128820006,0.0000155027901201,0.0000125317928905,0.0000105472263385,0.0000130896196424,0.000131633554702],"dvar":[0.00138260005042,0.00129677925725,0.0000463057112938,0.0000144679906953,0.0000336060365953,0.0000126905188154,0.00000210355028685,0.00000206084905585,0.00000352048755303,7.90384547145e-7,4.00114970489e-7,2.92267031909e-7,2.42516279059e-7,9.95520537117e-8,6.68243274049e-8,2.11647659398e-8,2.77755329847e-8,5.10132558418e-8,2.39163053806e-8,1.04956692226e-8,2.2291752888e-9,5.58365742531e-10,3.4647260061e-10,1.66522476364e-10,1.07914822911e-10,1.71041084074e-10,2.33181829401e-8],"dvar2":[0.00330390268937,0.00381852895953,0.000127222941956,0.0000374809133064,0.0000851176955621,0.0000320357976307,0.00000536950392416,0.00000551683569938,0.00000878056107467,0.00000196039650291,8.89995135367e-7,7.19212380318e-7,5.88832563153e-7,2.65271182798e-7,1.75117563117e-7,5.51395658022e-8,7.40609138461e-8,1.09396459891e-7,4.71839882721e-8,2.56274788057e-8,5.41475175808e-9,1.48846124315e-9,9.522247435e-10,4.51858189754e-10,2.86118212456e-10,4.62795191059e-10,5.18470386623e-8],"max":[0.481538802385,0.514938652515,0.130679041147,0.0728846490383,0.098229303956,0.0722525417805,0.0331612154841,0.030642464757,0.0551794953644,0.0279813092202,0.0255745351315,0.0116463396698,0.0168130192906,0.00650289468467,0.00643739197403,0.00320520531386,0.00588486762717,0.0101421969011,0.00781181687489,0.00642728805542,0.00209906394593,0.00060743780341,0.000320238352288,0.000170410712599,0.000133850626298,0.000154197914526,0.00288090808317],"mean":[0.0511789917946,0.0443071871996,0.00648418348283,0.00320938671939,0.00745861232281,0.00276735541411,0.0012954036938,0.00107910146471,0.00133587047458,0.000732878572308,0.000385017308872,0.000522908987477,0.000407776300563,0.000337334146025,0.000196777764359,0.0000852067387314,0.0000776750603109,0.00010900759662,0.0000660867444822,0.0000363202379958,0.0000199242040253,0.0000128232877614,0.00000885505323822,0.00000682080963088,0.00000607132960795,0.00000845268186822,0.000196987981326],"median":[0.0351604111493,0.0314839817584,0.00342567055486,0.00135022215545,0.00463115097955,0.00124848843552,0.000639990903437,0.000415432645241,0.000530719989911,0.000341762526659,0.000144408506458,0.000238618755247,0.000158640847076,0.000151953732711,0.0000850442083902,0.0000323833155562,0.0000305292232952,0.0000400463468395,0.0000235718180193,0.0000113337773655,0.00000663772470944,0.00000500699934491,0.00000296738676298,0.0000022943845579,0.00000222377070713,0.00000371284431822,0.0000970019536908],"min":[9.10533170412e-23,1.02940845038e-22,9.55704481804e-23,6.96539882394e-23,4.76639288374e-23,4.10973812426e-23,3.4204778503e-23,1.76553665466e-23,1.02520868114e-22,8.82403842036e-23,4.78990283198e-23,6.92072847078e-23,8.32046054181e-23,8.07708622404e-23,1.0470401227e-22,1.62594557178e-22,1.19322217e-22,2.23631742019e-22,4.07041574316e-22,3.31057154017e-22,3.00455257885e-22,4.28422002011e-22,8.12270661817e-22,8.51220145209e-22,1.1930022482e-21,1.65318891469e-21,2.19215140789e-21],"var":[0.00309572461993,0.00213535595685,0.0000786535965744,0.0000286959875666,0.0000814372324385,0.000023966513254,0.00000378057393391,0.00000354253211299,0.00000725445897842,0.00000156112560035,0.00000102266437807,6.98530016052e-7,5.85819520893e-7,2.26853401841e-7,1.19618036365e-7,2.61707100435e-8,3.4330582821e-8,1.13979375271e-7,5.40063531673e-8,1.84520008162e-8,3.38882411022e-9,5.70523239762e-10,3.04423763975e-10,1.54918272655e-10,1.12803807961e-10,1.78088183089e-10,7.43902077716e-8]},"barkbands_crest":{"dmean":2.82781291008,"dmean2":4.7072429657,"dvar":5.32981824875,"dvar2":14.1208333969,"max":25.3444709778,"mean":13.1623258591,"median":12.9962339401,"min":3.24954676628,"var":12.6358680725},"barkbands_flatness_db":{"dmean":0.0437965989113,"dmean2":0.0720676928759,"dvar":0.00128510850482,"dvar2":0.00356667488813,"max":0.501550912857,"mean":0.237918287516,"median":0.234742164612,"min":0.0434351041913,"var":0.00365561340004},"barkbands_kurtosis":{"dmean":14.5415887833,"dmean2":23.8841705322,"dvar":358.473358154,"dvar2":983.124389648,"max":301.315704346,"mean":29.3518390656,"median":21.5531597137,"min":-1.84639286995,"var":749.692260742},"barkbands_skewness":{"dmean":1.03743219376,"dmean2":1.67023706436,"dvar":0.865760684013,"dvar2":2.33353352547,"max":13.1785230637,"mean":3.92233133316,"median":3.70643401146,"min":-1.95587944984,"var":3.06904840469},"barkbands_spread":{"dmean":2.82963705063,"dmean2":4.62011384964,"dvar":12.9368963242,"dvar2":31.6789741516,"max":135.764038086,"mean":7.96598911285,"median":5.82432889938,"min":0.439062923193,"var":141.102325439},"dissonance":{"dmean":0.0264479108155,"dmean2":0.0448156856,"dvar":0.000594610639382,"dvar2":0.00164997030515,"max":0.500000059605,"mean":0.452880322933,"median":0.45988458395,"min":0.199453130364,"var":0.00108851119876},"dynamic_complexity":3.84624838829,"erbbands":{"dmean":[1.71067512035,3.18568658829,5.46540737152,6.14468574524,8.16412639618,14.3251714706,19.2085609436,13.6731872559,10.4112539291,14.8879356384,14.7062616348,20.0723323822,10.471455574,13.8650102615,10.1460046768,12.3229017258,11.3493108749,8.35272312164,8.11389446259,3.66782188416,3.22227120399,3.17089438438,3.73902225494,2.89653921127,1.63265037537,1.31742215157,0.86957103014,0.548904895782,0.414131909609,0.322292566299,0.250738054514,0.170888125896,0.113005682826,0.0700940415263,0.044128511101,0.0262026228011,0.0152954244986,0.00706850644201,0.00356037518941,0.00376151758246],"dmean2":[2.90032029152,5.4847202301,9.25829696655,10.1669921875,13.4339599609,22.9354782104,31.3556194305,22.6500434875,16.9001693726,24.8317661285,23.9174079895,32.8103752136,17.3398838043,22.5213928223,16.4428825378,19.850561142,18.3411922455,13.761633873,13.3577270508,5.96099042892,5.45150279999,5.31531858444,6.1284866333,4.55336523056,2.58115363121,2.1625828743,1.42570841312,0.917979598045,0.700751006603,0.551372647285,0.432103276253,0.293914556503,0.193936958909,0.119031250477,0.0747225061059,0.0443015396595,0.0258583128452,0.0117291389033,0.00555932056159,0.00565585121512],"dvar":[5.36433935165,24.2056217194,67.5782546997,100.39540863,174.384307861,512.320617676,1192.95446777,1006.6963501,357.616943359,861.916320801,1050.13293457,2322.62573242,471.295166016,816.650085449,768.262329102,576.588012695,550.397949219,199.074813843,237.92237854,63.9991188049,71.6756439209,88.516242981,152.046966553,116.191574097,33.6744232178,21.5043296814,8.57684612274,1.56811356544,0.788024663925,0.419290572405,0.275600612164,0.100375369191,0.0378955490887,0.0137538416311,0.0053712814115,0.00175905693322,0.000762923969887,0.000168653699802,0.0000497225191793,0.0000263794299826],"dvar2":[15.9697885513,67.5661010742,187.403121948,251.616027832,458.54296875,1273.37219238,2958.98608398,2586.65673828,908.24432373,2229.02514648,2797.65625,5684.78369141,1188.34399414,1998.17724609,1688.5144043,1376.19628906,1362.4375,529.52746582,612.087524414,157.210479736,192.939239502,231.134506226,345.611328125,225.992431641,71.5082244873,51.0995140076,19.9303894043,3.94997310638,2.07422780991,1.1483887434,0.760254263878,0.27408093214,0.102245748043,0.0364717580378,0.014234486036,0.00467245653272,0.00208943965845,0.000453305896372,0.000116944414913,0.0000554343605472],"max":[29.8653507233,89.0313644409,161.751220703,190.816970825,264.979400635,399.502716064,784.584716797,780.964904785,597.987854004,801.356933594,1060.3873291,1437.73522949,740.167175293,965.782043457,1200.63891602,603.314331055,720.398864746,393.036956787,325.795806885,276.213470459,147.662719727,333.453033447,601.896057129,454.972686768,240.009078979,267.377624512,163.013366699,37.3089485168,27.6819458008,11.4356203079,9.11185836792,4.66240406036,2.24589252472,1.51165258884,0.943677425385,0.5287322402,0.375730425119,0.21276126802,0.246735796332,0.102233491838],"mean":[2.85154438019,4.42717075348,7.81602525711,10.1347303391,14.0169343948,26.4021339417,30.281419754,21.4496440887,17.3508300781,23.5175704956,24.7709026337,32.862991333,18.3182926178,23.670091629,18.6662349701,22.9271678925,20.5431308746,16.2719135284,14.9605998993,6.24411821365,4.61875152588,4.66384601593,6.02197885513,4.68826055527,2.37321162224,1.76898527145,1.1106210947,0.638002872467,0.469622910023,0.350364387035,0.242282271385,0.160897821188,0.105321921408,0.0678370594978,0.043709192425,0.0268888976425,0.0166481677443,0.00980606582016,0.00780834490433,0.0147884348407],"median":[1.89565432072,2.85833525658,4.42732000351,4.97407865524,8.19687461853,15.0478906631,14.8934297562,9.26645565033,9.15205192566,10.2436561584,10.2464981079,12.7746839523,9.90263080597,10.3830423355,8.64518642426,10.1174707413,8.02054214478,7.737180233,7.02868509293,2.85124874115,1.83104586601,1.87329638004,2.30963850021,1.70781672001,0.835717618465,0.545623123646,0.35314938426,0.231168434024,0.183465138078,0.133675694466,0.0791151151061,0.0529013425112,0.0355909466743,0.0245792940259,0.0164562370628,0.0110239256173,0.00727455178276,0.00505129434168,0.00462836679071,0.0110372500494],"min":[2.83069202772e-21,2.48220955982e-20,1.10944940499e-19,1.50818264274e-19,1.92139270443e-19,1.70680912883e-19,3.76893575774e-19,2.53471921129e-19,4.89984830243e-19,3.78943717073e-19,4.18630033405e-19,2.15122256288e-18,2.90640744287e-18,2.71887132913e-18,1.81539716035e-18,3.17394763826e-18,3.66856214669e-18,3.77259086207e-18,5.0840931679e-18,6.10152780288e-18,1.04217676516e-17,7.33026613893e-18,1.04341976946e-17,1.31955871412e-17,2.32452691009e-17,1.80184455047e-17,1.400340511e-17,1.17767746945e-17,1.67477968222e-17,1.637657967e-17,2.11789537328e-17,1.70972607787e-17,1.57337528005e-17,1.14201630704e-17,9.80905098361e-18,6.94159961169e-18,2.89326788563e-18,1.09493690888e-18,3.0310242184e-19,3.62862388924e-20],"var":[9.28282260895,29.3604660034,105.486862183,238.980651855,323.514434814,1259.10632324,2342.93286133,1835.72192383,685.126342773,1494.50793457,2044.6081543,4872.375,850.126220703,1831.43591309,2087.57958984,1512.74572754,1378.15002441,493.848052979,531.943847656,108.217811584,79.8586425781,120.582435608,302.596862793,266.191650391,69.2579193115,40.6852340698,16.9062709808,1.99652457237,0.807634472847,0.41019231081,0.236582383513,0.0905524790287,0.0362653434277,0.0142706716433,0.00567372748628,0.00191144202836,0.000740364834201,0.000199298578082,0.000120525990496,0.000179883645615]},"erbbands_crest":{"dmean":2.52923369408,"dmean2":4.16664123535,"dvar":5.18182659149,"dvar2":12.9856328964,"max":31.786491394,"mean":8.41681003571,"median":7.55450153351,"min":2.15621066093,"var":13.5657281876},"erbbands_flatness_db":{"dmean":0.0294881667942,"dmean2":0.0477710328996,"dvar":0.000620243197773,"dvar2":0.00166795786936,"max":0.462967038155,"mean":0.150648459792,"median":0.145279824734,"min":0.0294788721949,"var":0.00200496381149},"erbbands_kurtosis":{"dmean":1.04220545292,"dmean2":1.68428611755,"dvar":2.30491638184,"dvar2":5.40062570572,"max":75.9812164307,"mean":0.889790952206,"median":0.32604265213,"min":-1.72077941895,"var":6.13154411316},"erbbands_skewness":{"dmean":0.362011909485,"dmean2":0.578261733055,"dvar":0.0992743074894,"dvar2":0.236080721021,"max":3.64706516266,"mean":0.488252699375,"median":0.481657624245,"min":-3.84231448174,"var":0.472969204187},"erbbands_spread":{"dmean":6.22614526749,"dmean2":10.0513858795,"dvar":33.3086738586,"dvar2":84.9944839478,"max":107.252914429,"mean":28.0203742981,"median":27.0871601105,"min":0.928426682949,"var":115.103485107},"gfcc":{"cov":[[16300.4130859,1437.08740234,-201.945175171,614.028381348,266.841186523,-40.7110328674,97.4275741577,-4.52959537506,163.738967896,328.710601807,244.969650269,12.7328004837,-156.805603027],[1437.08740234,941.924499512,67.7779388428,-207.174316406,187.265396118,-124.241508484,92.3899993896,-107.331672668,40.4747962952,-59.3319244385,81.8233642578,-63.3052444458,6.56199645996],[-201.945175171,67.7779388428,469.327178955,120.435760498,-71.290435791,116.637382507,-22.2133579254,39.816204071,1.13638925552,51.4756698608,-0.34445348382,9.17411518097,8.41970729828],[614.028381348,-207.174316406,120.435760498,445.944061279,54.5721092224,66.9278945923,22.4664535522,83.1180267334,44.207233429,102.608840942,13.7197875977,52.2390937805,-29.0514144897],[266.841186523,187.265396118,-71.290435791,54.5721092224,228.218612671,-26.5498199463,73.6838760376,2.06312847137,46.9920501709,-1.81679916382,35.6467170715,0.277662187815,4.70018339157],[-40.7110328674,-124.241508484,116.637382507,66.9278945923,-26.5498199463,185.423553467,11.5921850204,60.3347816467,-3.74279379845,50.0071868896,-0.166367828846,17.9700679779,4.90222501755],[97.4275741577,92.3899993896,-22.2133579254,22.4664535522,73.6838760376,11.5921850204,140.490615845,19.5007286072,41.1319923401,12.857544899,26.4479980469,3.36359882355,-2.20301151276],[-4.52959537506,-107.331672668,39.816204071,83.1180267334,2.06312847137,60.3347816467,19.5007286072,120.121482849,45.2067947388,49.1403846741,7.9277048111,15.0236730576,2.44300556183],[163.738967896,40.4747962952,1.13638925552,44.207233429,46.9920501709,-3.74279379845,41.1319923401,45.2067947388,105.725418091,58.5373306274,24.4978733063,9.14102935791,-4.03793716431],[328.710601807,-59.3319244385,51.4756698608,102.608840942,-1.81679916382,50.0071868896,12.857544899,49.1403846741,58.5373306274,114.038848877,48.3446807861,21.8762493134,-14.8400011063],[244.969650269,81.8233642578,-0.34445348382,13.7197875977,35.6467170715,-0.166367828846,26.4479980469,7.9277048111,24.4978733063,48.3446807861,73.5484619141,24.8864212036,-0.755571424961],[12.7328004837,-63.3052444458,9.17411518097,52.2390937805,0.277662187815,17.9700679779,3.36359882355,15.0236730576,9.14102935791,21.8762493134,24.8864212036,55.1146240234,20.1617927551],[-156.805603027,6.56199645996,8.41970729828,-29.0514144897,4.70018339157,4.90222501755,-2.20301151276,2.44300556183,-4.03793716431,-14.8400011063,-0.755571424961,20.1617927551,71.8073577881]],"icov":[[0.000125776350615,-0.000540157197975,0.000408706167946,-0.000368153705494,0.000287876289804,-0.000154556546477,0.000149357365444,-0.000141604032251,0.000324295600876,-0.000695698254276,0.000544016831554,-0.000352759932866,0.000107490210212],[-0.000540157197975,0.00548641849309,-0.00349353044294,0.00241099088453,-0.00293699558824,0.00143219181336,-0.00126859697048,0.00255397101864,-0.00358484033495,0.00618925550953,-0.0079907188192,0.00574424630031,-0.000946610583924],[0.000408706167946,-0.00349353044294,0.00524797756225,-0.00284750340506,0.00318503240123,-0.00281979772262,0.00131803529803,-0.000972224632278,0.00128350092564,-0.00308662140742,0.00323369796388,-0.0014097711537,-0.000633954652585],[-0.000368153705494,0.00241099088453,-0.00284750340506,0.00627988576889,-0.00416939565912,0.00217480584979,-0.0012323904084,-0.000958773132879,0.001545218518,-0.0035222559236,0.00317864469253,-0.00419839890674,0.0025407737121],[0.000287876289804,-0.00293699558824,0.00318503240123,-0.00416939565912,0.00967672467232,-0.00209071068093,-0.000897796533536,-0.0000176124776772,-0.00303874420933,0.00346852652729,-0.00318198278546,0.00185638293624,-0.00168963649776],[-0.000154556546477,0.00143219181336,-0.00281979772262,0.00217480584979,-0.00209071068093,0.0103128785267,-0.00258380873129,-0.00343383243307,0.00532270502299,-0.00625522714108,0.00396408559754,-0.00232808082364,-0.0000855668185977],[0.000149357365444,-0.00126859697048,0.00131803529803,-0.0012323904084,-0.000897796533536,-0.00258380873129,0.0103406878188,-0.000734077417292,-0.00348462769762,0.00264956988394,-0.00278867175803,0.000453166983789,0.000561361492146],[-0.000141604032251,0.00255397101864,-0.000972224632278,-0.000958773132879,-0.0000176124776772,-0.00343383243307,-0.000734077417292,0.0149509925395,-0.00758120650426,0.0028448747471,-0.00424083508551,0.00393734592944,-0.00210062554106],[0.000324295600876,-0.00358484033495,0.00128350092564,0.001545218518,-0.00303874420933,0.00532270502299,-0.00348462769762,-0.00758120650426,0.0245679616928,-0.0204190798104,0.0141604728997,-0.00806810613722,0.00107293226756],[-0.000695698254276,0.00618925550953,-0.00308662140742,-0.0035222559236,0.00346852652729,-0.00625522714108,0.00264956988394,0.0028448747471,-0.0204190798104,0.0412177965045,-0.0317193754017,0.013447011821,0.000297275022604],[0.000544016831554,-0.0079907188192,0.00323369796388,0.00317864469253,-0.00318198278546,0.00396408559754,-0.00278867175803,-0.00424083508551,0.0141604728997,-0.0317193754017,0.0481150485575,-0.0260787103325,0.00489098485559],[-0.000352759932866,0.00574424630031,-0.0014097711537,-0.00419839890674,0.00185638293624,-0.00232808082364,0.000453166983789,0.00393734592944,-0.00806810613722,0.013447011821,-0.0260787103325,0.0409870296717,-0.0123684033751],[0.000107490210212,-0.000946610583924,-0.000633954652585,0.0025407737121,-0.00168963649776,-0.0000855668185977,0.000561361492146,-0.00210062554106,0.00107293226756,0.000297275022604,0.00489098485559,-0.0123684033751,0.0192007590085]],"mean":[-35.0332565308,125.216316223,-61.2950515747,-5.5651922226,-12.7168245316,-4.58135509491,-6.7584028244,-7.5295996666,-6.23552703857,-7.2403922081,0.776698052883,-4.04753541946,-1.3507502079]},"hfc":{"dmean":81.1792221069,"dmean2":131.366516113,"dvar":9386.31835938,"dvar2":24596.8300781,"max":1592.86853027,"mean":283.2159729,"median":235.466400146,"min":1.17962890432e-16,"var":49013.4335938},"melbands":{"dmean":[0.0116156563163,0.00305886031128,0.00101305753924,0.0007628002204,0.000693100271747,0.000304455985315,0.000157342859893,0.00015918322606,0.000128957311972,0.000119304982945,0.0000535482540727,0.0000606500179856,0.0000335757613357,0.0000330679104081,0.0000317930971505,0.0000197718545678,0.0000169886698131,0.0000148324415932,0.00000783394261816,0.000004244684078,0.0000037746021917,0.00000324911343341,0.00000374999603991,0.00000310411610371,0.00000244954821937,0.00000149329491705,9.05501792658e-7,9.02069189124e-7,6.08056552664e-7,3.95057497826e-7,3.00713907109e-7,2.45438513957e-7,2.04249332114e-7,1.68109593801e-7,1.46535171552e-7,1.25759768821e-7,9.69293125763e-8,8.28110060525e-8,6.56017462575e-8,5.70665932287e-8],"dmean2":[0.0193676874042,0.00521019008011,0.00168063293677,0.00122312479652,0.00112172111403,0.000502031296492,0.000255185965216,0.000264703878202,0.000211693622987,0.000194969165022,0.000088495289674,0.0000987049206742,0.0000547769122932,0.0000540631299373,0.0000509170495206,0.0000322751729982,0.000028204969567,0.0000246252348006,0.0000129388536152,0.00000701619956089,0.00000645681211608,0.00000547974741494,0.00000630326758255,0.00000507290042151,0.00000387093359677,0.00000239217501985,0.00000145532760598,0.00000151690153416,0.00000100264833236,6.49161336241e-7,5.09690266881e-7,4.16850866714e-7,3.48578168996e-7,2.88239306201e-7,2.52522681876e-7,2.16780051687e-7,1.66925005374e-7,1.42621615851e-7,1.11690461324e-7,9.68560982528e-8],"dvar":[0.000236462714383,0.000020992330974,0.00000244266720983,0.0000013477124412,0.00000142378110013,4.44954309842e-7,7.56050937412e-8,9.47634077875e-8,7.98124091261e-8,8.0606085362e-8,1.26672947687e-8,1.60612607658e-8,8.30775714888e-9,3.65285091064e-9,4.09623757136e-9,1.39020861489e-9,8.39609659575e-10,7.51966211521e-10,2.89259838304e-10,9.23420784282e-11,1.06290670709e-10,8.29601318197e-11,1.53708185069e-10,1.30307792334e-10,8.46062664372e-11,3.03321014139e-11,1.0965288573e-11,1.26233043116e-11,4.78184809458e-12,1.32071708171e-12,4.63799029564e-13,3.07921873763e-13,1.62114204981e-13,1.12316934724e-13,9.21585737953e-14,6.72506958433e-14,3.07085052645e-14,2.21103110863e-14,1.18865531093e-14,9.16356918866e-15],"dvar2":[0.000683699501678,0.0000584498302487,0.00000629578607914,0.00000344207705893,0.000003554847126,0.00000114205545287,1.91146739326e-7,2.46593373276e-7,2.12813986877e-7,1.98486674208e-7,3.20894635308e-8,3.94631278766e-8,1.8168849536e-8,8.89503848356e-9,9.7351193773e-9,3.61760066347e-9,2.24560658957e-9,1.95171745432e-9,7.65041585638e-10,2.25143820254e-10,2.93554763831e-10,2.23362384144e-10,3.74975078765e-10,2.76174250136e-10,1.67202446333e-10,6.87232562524e-11,2.43879222372e-11,3.22894419535e-11,1.13452493927e-11,3.22463757085e-12,1.23361271285e-12,8.13317078616e-13,4.37987374233e-13,3.07418451589e-13,2.53778877253e-13,1.85602293083e-13,8.37334623296e-14,6.0296907712e-14,3.151569717e-14,2.43029049982e-14],"max":[0.191426903009,0.0783190578222,0.0268577374518,0.0242563225329,0.0240152738988,0.0158038605005,0.00788777228445,0.008539265953,0.00985214393586,0.00887914467603,0.00380315515213,0.00430328818038,0.00356602179818,0.00139459175989,0.00189312722068,0.000781487673521,0.000783728610259,0.000541633809917,0.000536505947821,0.000266359886155,0.000193501560716,0.000299654493574,0.000460320065031,0.000581317639444,0.000405319122365,0.000253786420217,0.000166299127159,0.00022398022702,0.000123656602227,0.0000545248585695,0.0000134501315188,0.0000180388269655,0.00000758862370276,0.00000561100705454,0.00000525911218574,0.00000449026265414,0.00000242193459599,0.0000019322837943,0.00000139299629609,0.00000123412144148],"mean":[0.0220243129879,0.00450721010566,0.00179687782656,0.0014600190334,0.00116971193347,0.000485755736008,0.000262072484475,0.000252707279287,0.000214650630369,0.000192919047549,0.0000884112087078,0.0000989467298496,0.0000569781477679,0.0000603249391133,0.0000564056099392,0.000035156357626,0.000030355022318,0.0000262924277195,0.0000124366169985,0.00000613184874965,0.00000504970194015,0.0000045308333938,0.00000557633347853,0.00000494657160743,0.00000379213815904,0.00000204454545383,0.00000125521512473,0.00000115940792966,7.71528732457e-7,4.65564738761e-7,3.34966472337e-7,2.71051476375e-7,2.32323230875e-7,1.76886558734e-7,1.41388269981e-7,1.18486880751e-7,9.00110777025e-8,7.58407026069e-8,6.27958911537e-8,5.51300125551e-8],"median":[0.0159358680248,0.00288766529411,0.00101343414281,0.000930663140025,0.000588561524637,0.000215544685489,0.000137975221151,0.000108267551695,0.0000849219868542,0.0000753469430492,0.0000450455445389,0.0000415234935645,0.0000233551108977,0.0000289595482172,0.0000210355046875,0.0000146126149048,0.0000138190371217,0.0000117471017802,0.00000545994544154,0.00000233365767599,0.00000193293180928,0.00000173215778432,0.0000021674841264,0.00000172580666913,0.00000133928688228,6.72785915867e-7,3.99952341468e-7,3.39993107445e-7,2.31521809724e-7,1.52247437768e-7,1.20383376156e-7,1.03522076245e-7,9.18645710613e-8,6.54454268556e-8,4.55726016924e-8,3.75113451412e-8,2.96054114557e-8,2.47043754342e-8,2.22176854692e-8,1.97294944826e-8],"min":[3.0002566948e-23,4.95637267783e-23,3.09707264706e-23,1.12654172983e-23,1.21312828608e-23,6.13984089827e-24,7.44871417905e-24,3.94751597885e-24,3.14818826992e-24,1.56155110852e-23,1.47048200795e-23,1.17251496566e-23,5.42928548195e-24,7.73206670532e-24,7.46194653187e-24,8.66669490633e-24,7.06728967618e-24,8.17824801103e-24,8.27077035116e-24,8.7300428036e-24,1.26726717891e-23,6.50464804617e-24,1.04223924145e-23,9.39264494322e-24,9.58761743797e-24,1.93649717009e-23,1.30028085003e-23,1.11278273346e-23,7.71266467135e-24,7.79519529926e-24,6.59000279611e-24,1.02958228377e-23,7.08316076874e-24,1.04350686203e-23,1.12738928199e-23,1.45757577022e-23,8.93362098197e-24,1.19837840153e-23,9.38152042673e-24,9.34014467225e-24],"var":[0.000474567525089,0.0000295206700685,0.00000569994926991,0.0000028958393159,0.00000313768396154,8.36675326354e-7,1.46249249156e-7,1.65532270557e-7,1.61618189054e-7,1.64037857076e-7,2.20326139555e-8,3.42690107402e-8,2.15035544926e-8,9.61515134179e-9,1.05792112848e-8,3.2933902272e-9,1.86974369321e-9,1.63704383382e-9,4.80648687518e-10,1.34433839061e-10,1.06462567928e-10,1.04527594913e-10,2.46907133628e-10,2.69944483433e-10,1.85388329688e-10,5.53072899978e-11,2.08963905207e-11,1.9556432862e-11,9.61424776597e-12,1.87592606379e-12,4.870483899e-13,3.00731228114e-13,1.69420426581e-13,1.0774282806e-13,8.01846992125e-14,5.69436059178e-14,2.79103861333e-14,2.0063498321e-14,1.22649701606e-14,9.50828110501e-15]},"melbands_crest":{"dmean":4.95527076721,"dmean2":8.24330329895,"dvar":17.9587268829,"dvar2":47.6252746582,"max":38.7650337219,"mean":24.6257095337,"median":25.0405292511,"min":4.25735712051,"var":53.7636260986},"melbands_flatness_db":{"dmean":0.0505851395428,"dmean2":0.0838872492313,"dvar":0.00169569463469,"dvar2":0.00477706128731,"max":0.660313844681,"mean":0.359211981297,"median":0.358297497034,"min":0.0108322519809,"var":0.00511776888743},"melbands_kurtosis":{"dmean":15.863820076,"dmean2":26.132226944,"dvar":581.198913574,"dvar2":1560.18725586,"max":629.369750977,"mean":30.8634777069,"median":21.112039566,"min":-1.47438144684,"var":1246.12792969},"melbands_skewness":{"dmean":1.11526584625,"dmean2":1.80983746052,"dvar":1.14314603806,"dvar2":3.08523273468,"max":19.3725910187,"mean":4.09876346588,"median":3.82400894165,"min":-2.72926163673,"var":4.21089458466},"melbands_spread":{"dmean":2.34316539764,"dmean2":3.86837244034,"dvar":13.4512205124,"dvar2":36.1401329041,"max":186.011291504,"mean":7.02805614471,"median":4.63678693771,"min":0.172851085663,"var":220.055709839},"mfcc":{"cov":[[10170.1796875,871.107543945,-437.921478271,667.778198242,105.254943848,275.888122559,65.9634094238,-3.59105634689,-80.625038147,236.333511353,342.913848877,299.542449951,145.604782104],[871.107543945,1218.00549316,-81.3618164062,-39.5917015076,19.7490177155,9.67692470551,37.2074241638,-9.42464923859,-63.308139801,-9.18095779419,80.9107894897,-30.376159668,-34.656162262],[-437.921478271,-81.3618164062,528.459411621,-3.84379267693,16.939245224,38.9340171814,17.896900177,-10.15965271,29.1723403931,6.05241441727,8.70821094513,25.9357204437,11.2284345627],[667.778198242,-39.5917015076,-3.84379267693,355.503753662,79.3465576172,59.7195968628,19.6252918243,26.4297199249,15.5670461655,41.171245575,56.4737510681,57.6831092834,38.3989295959],[105.254943848,19.7490177155,16.939245224,79.3465576172,141.239059448,32.1992607117,13.2950992584,15.2222862244,21.4594211578,15.5590620041,17.8421916962,17.1391639709,16.4414920807],[275.888122559,9.67692470551,38.9340171814,59.7195968628,32.1992607117,112.447151184,44.3796615601,14.395781517,7.8759355545,22.5698719025,19.2030601501,28.7440414429,23.5777664185],[65.9634094238,37.2074241638,17.896900177,19.6252918243,13.2950992584,44.3796615601,100.569404602,32.828830719,9.02602672577,7.03897476196,15.9151554108,13.9447660446,9.92734336853],[-3.59105634689,-9.42464923859,-10.15965271,26.4297199249,15.2222862244,14.395781517,32.828830719,69.953956604,37.2751197815,9.58240127563,3.91031289101,8.08991527557,7.59477758408],[-80.625038147,-63.308139801,29.1723403931,15.5670461655,21.4594211578,7.8759355545,9.02602672577,37.2751197815,87.5871810913,39.111125946,-10.0956459045,11.3383016586,21.5029029846],[236.333511353,-9.18095779419,6.05241441727,41.171245575,15.5590620041,22.5698719025,7.03897476196,9.58240127563,39.111125946,70.8540878296,45.8376045227,32.4997520447,22.6326503754],[342.913848877,80.9107894897,8.70821094513,56.4737510681,17.8421916962,19.2030601501,15.9151554108,3.91031289101,-10.0956459045,45.8376045227,118.238861084,54.8740653992,13.7137565613],[299.542449951,-30.376159668,25.9357204437,57.6831092834,17.1391639709,28.7440414429,13.9447660446,8.08991527557,11.3383016586,32.4997520447,54.8740653992,76.8151397705,40.2530212402],[145.604782104,-34.656162262,11.2284345627,38.3989295959,16.4414920807,23.5777664185,9.92734336853,7.59477758408,21.5029029846,22.6326503754,13.7137565613,40.2530212402,56.6640472412]],"icov":[[0.000151793079567,-0.000116565686767,0.00012615644664,-0.000199210335268,0.0000730113970349,-0.000201850547455,0.0000737417212804,0.000023986591259,0.000285821472062,-0.000429095729487,0.000146430087625,-0.000490140810143,0.0000709986197762],[-0.000116565686767,0.00107156147715,0.0000338578647643,0.000336767348927,-0.000294460682198,-0.0000215445998037,-0.000389406108297,0.0000518299166288,0.0000856306505739,0.000632876879536,-0.00140831829049,0.00157808803488,-0.000189819329535],[0.00012615644664,0.0000338578647643,0.00225400691852,0.0000136863245643,-0.0000106861907625,-0.00104534463026,-0.00028522653156,0.00154599675443,-0.00174474704545,0.00117139273789,-0.00053796719294,-0.00117939629126,0.000683674064931],[-0.000199210335268,0.000336767348927,0.0000136863245643,0.0041058473289,-0.00174668210093,-0.000813405029476,0.000433030858403,-0.00127946957946,0.000612302741501,-0.000305770721752,-0.000765407283325,-0.000463448668597,-0.0007220817497],[0.0000730113970349,-0.000294460682198,-0.0000106861907625,-0.00174668210093,0.00882695335895,-0.00179431308061,0.00027655242593,0.000271990487818,-0.00275330035947,0.00166343897581,-0.00133691565134,0.000625491200481,-0.000821797118988],[-0.000201850547455,-0.0000215445998037,-0.00104534463026,-0.000813405029476,-0.00179431308061,0.013835596852,-0.00511667272076,-0.000870691030286,0.00340635026805,-0.00447769928724,0.00278643728234,-0.00154282781295,-0.00204188819043],[0.0000737417212804,-0.000389406108297,-0.00028522653156,0.000433030858403,0.00027655242593,-0.00511667272076,0.0145071558654,-0.00667272508144,0.00119269569404,0.000891667266842,-0.00121291656978,-0.0000435408983321,-0.000747308658902],[0.000023986591259,0.0000518299166288,0.00154599675443,-0.00127946957946,0.000271990487818,-0.000870691030286,-0.00667272508144,0.0250675342977,-0.0148398224264,0.00827981345356,-0.00396937318146,-0.000437892507762,0.00221937103197],[0.000285821472062,0.0000856306505739,-0.00174474704545,0.000612302741501,-0.00275330035947,0.00340635026805,0.00119269569404,-0.0148398224264,0.0315577983856,-0.0227792542428,0.0118761248887,-0.00154651713092,-0.00424245884642],[-0.000429095729487,0.000632876879536,0.00117139273789,-0.000305770721752,0.00166343897581,-0.00447769928724,0.000891667266842,0.00827981345356,-0.0227792542428,0.0388479344547,-0.0169323887676,0.00267059355974,-0.00309217325412],[0.000146430087625,-0.00140831829049,-0.00053796719294,-0.000765407283325,-0.00133691565134,0.00278643728234,-0.00121291656978,-0.00396937318146,0.0118761248887,-0.0169323887676,0.0233483836055,-0.0153441987932,0.00686650536954],[-0.000490140810143,0.00157808803488,-0.00117939629126,-0.000463448668597,0.000625491200481,-0.00154282781295,-0.0000435408983321,-0.000437892507762,-0.00154651713092,0.00267059355974,-0.0153441987932,0.037320882082,-0.0199790410697],[0.0000709986197762,-0.000189819329535,0.000683674064931,-0.0007220817497,-0.000821797118988,-0.00204188819043,-0.000747308658902,0.00221937103197,-0.00424245884642,-0.00309217325412,0.00686650536954,-0.0199790410697,0.0340006202459]],"mean":[-704.278869629,187.8515625,12.5054416656,22.3741054535,12.4198675156,12.7548837662,9.77917480469,8.3526506424,0.208565562963,3.87846302986,6.51522922516,0.465233713388,-2.15252947807]},"pitch_salience":{"dmean":0.0929139479995,"dmean2":0.153073251247,"dvar":0.00573548767716,"dvar2":0.0153465680778,"max":0.907024621964,"mean":0.412417143583,"median":0.413970082998,"min":0.0714190155268,"var":0.0171123631299},"silence_rate_20dB":{"dmean":0.0344027839601,"dmean2":0.0688122138381,"dvar":0.033221244812,"dvar2":0.0857315063477,"max":1,"mean":0.970238685608,"median":1,"min":0,"var":0.0288752708584},"silence_rate_30dB":{"dmean":0.0991495922208,"dmean2":0.198318347335,"dvar":0.0893157050014,"dvar2":0.194735124707,"max":1,"mean":0.448159247637,"median":0,"min":0,"var":0.247296541929},"silence_rate_60dB":{"dmean":0.0110166212544,"dmean2":0.0220353733748,"dvar":0.0108959292993,"dvar2":0.0256115086377,"max":1,"mean":0.0704415887594,"median":0,"min":0,"var":0.0654904171824},"spectral_centroid":{"dmean":121.055603027,"dmean2":192.708557129,"dvar":30121.3730469,"dvar2":61484.4375,"max":11270.3046875,"mean":584.393920898,"median":498.506011963,"min":160.876205444,"var":193464.734375},"spectral_complexity":{"dmean":2.72381138802,"dmean2":4.37460136414,"dvar":9.11330223083,"dvar2":21.2840595245,"max":56,"mean":14.1243600845,"median":14,"min":0,"var":60.9258308411},"spectral_contrast_coeffs":{"dmean":[0.0527289249003,0.0479428954422,0.0380938462913,0.0326702184975,0.0320731699467,0.0260978545994],"dmean2":[0.0872607156634,0.0811003595591,0.0641453564167,0.0542114004493,0.0528472065926,0.0424371287227],"dvar":[0.00166410882957,0.00137110962532,0.000876645499375,0.000741295167245,0.00077334564412,0.00082711072173],"dvar2":[0.00458938395604,0.00384816504084,0.00242027663626,0.00200884486549,0.00203976640478,0.00200706883334],"max":[-0.279955506325,-0.470904618502,-0.548304498196,-0.607764959335,-0.661306679249,-0.553817749023],"mean":[-0.694591641426,-0.776845037937,-0.801932275295,-0.820601701736,-0.845013618469,-0.831738233566],"median":[-0.702365040779,-0.780673921108,-0.803805470467,-0.824489653111,-0.840359628201,-0.842187404633],"min":[-0.957556426525,-0.973806977272,-0.960978150368,-0.986118197441,-0.976386785507,-0.958311736584],"var":[0.00776851223782,0.00390199269168,0.00248316861689,0.00284964567982,0.00273548671976,0.00219500041567]},"spectral_contrast_valleys":{"dmean":[0.355548858643,0.368843644857,0.342562496662,0.386860579252,0.527560174465,0.725122928619],"dmean2":[0.595413029194,0.614845454693,0.56208884716,0.619074463844,0.850478708744,1.18320560455],"dvar":[0.0913510099053,0.100754320621,0.0959792435169,0.140975743532,0.24173361063,0.343903630972],"dvar2":[0.230719566345,0.253362208605,0.2342851758,0.345417350531,0.647331237793,0.965671658516],"max":[-4.38932991028,-4.53136253357,-5.24431800842,-5.77030706406,-5.70225381851,-8.58041667938],"mean":[-6.37699508667,-6.51561689377,-7.16602897644,-7.86586856842,-8.31625652313,-10.9290790558],"median":[-5.93325614929,-6.22866344452,-6.92751789093,-7.6023888588,-8.06935882568,-10.7476158142],"min":[-27.3051166534,-27.1885356903,-27.5252876282,-27.2041015625,-27.1790828705,-27.352640152],"var":[2.5373108387,1.80822682381,1.54460847378,1.61192393303,1.62341737747,1.46682786942]},"spectral_decrease":{"dmean":1.28816344258e-8,"dmean2":2.07282155884e-8,"dvar":2.4859331741e-16,"dvar2":6.72380523942e-16,"max":6.41943920243e-9,"mean":-2.88389205849e-8,"median":-2.3177035402e-8,"min":-1.86697519666e-7,"var":6.49932403835e-16},"spectral_energy":{"dmean":0.049120541662,"dmean2":0.0786219090223,"dvar":0.00353688164614,"dvar2":0.00957628712058,"max":0.736994981766,"mean":0.134532779455,"median":0.114429369569,"min":1.07425509944e-20,"var":0.0114354193211},"spectral_energyband_high":{"dmean":0.000101014295069,"dmean2":0.000163621560205,"dvar":3.91429892943e-8,"dvar2":9.7778269037e-8,"max":0.00699850032106,"mean":0.0001707868214,"median":0.0000886533453013,"min":7.46741417729e-21,"var":7.25758582121e-8},"spectral_energyband_low":{"dmean":0.041497670114,"dmean2":0.0679564625025,"dvar":0.00276631419547,"dvar2":0.00778190791607,"max":0.628204703331,"mean":0.091639354825,"median":0.0721714124084,"min":2.55272107268e-22,"var":0.00673562241718},"spectral_energyband_middle_high":{"dmean":0.00101333495695,"dmean2":0.00156295509078,"dvar":0.00000260226147475,"dvar2":0.00000604018032391,"max":0.0380029641092,"mean":0.00286180269904,"median":0.00169805344194,"min":1.57628121159e-21,"var":0.0000121487100841},"spectral_energyband_middle_low":{"dmean":0.00612516608089,"dmean2":0.00983992870897,"dvar":0.0000658698554616,"dvar2":0.000167798047187,"max":0.133941635489,"mean":0.0172940399498,"median":0.0128174526617,"min":3.23406844067e-22,"var":0.000262723071501},"spectral_entropy":{"dmean":0.313303947449,"dmean2":0.509280383587,"dvar":0.0809178575873,"dvar2":0.216117620468,"max":9.8042011261,"mean":7.10508871078,"median":7.13750076294,"min":4.9512591362,"var":0.228587552905},"spectral_flux":{"dmean":0.0461119040847,"dmean2":0.0768720880151,"dvar":0.00220672087744,"dvar2":0.0061655966565,"max":0.632369637489,"mean":0.159256115556,"median":0.154425486922,"min":1.03646279059e-10,"var":0.00790819711983},"spectral_kurtosis":{"dmean":10.2945146561,"dmean2":17.0175991058,"dvar":129.329345703,"dvar2":352.251953125,"max":178.898101807,"mean":23.3834018707,"median":19.9790630341,"min":-1.19802856445,"var":208.509475708},"spectral_rms":{"dmean":0.00191985990386,"dmean2":0.00302983052097,"dvar":0.00000360779745279,"dvar2":0.00000960491161095,"max":0.0268145389855,"mean":0.0103045525029,"median":0.0105659076944,"min":3.23736588752e-12,"var":0.0000250683224294},"spectral_rolloff":{"dmean":4161.12109375,"dmean2":8172.93847656,"dvar":65273628,"dvar2":162538416,"max":22050,"mean":7339.94775391,"median":495.263671875,"min":21.533203125,"var":98441984},"spectral_skewness":{"dmean":0.760952413082,"dmean2":1.24572873116,"dvar":0.568546175957,"dvar2":1.56043553352,"max":11.1157913208,"mean":3.51794719696,"median":3.37429094315,"min":-0.0367750227451,"var":1.18232047558},"spectral_spread":{"dmean":809532.5,"dmean2":1318798.25,"dvar":547759357952,"dvar2":1339586248700,"max":40438920,"mean":3848219.5,"median":3740593.25,"min":1189407,"var":1383157202940},"spectral_strongpeak":{"dmean":2.27219343185,"dmean2":4.22443294525,"dvar":119.542739868,"dvar2":323.147247314,"max":160.2472229,"mean":1.98971235752,"median":0.250867038965,"min":0,"var":108.674041748},"zerocrossingrate":{"dmean":0.0453958101571,"dmean2":0.0588568858802,"dvar":0.00147712847684,"dvar2":0.00241217738949,"max":0.81591796875,"mean":0.216759741306,"median":0.19091796875,"min":0.0029296875,"var":0.0147877354175}},"metadata":{"audio_properties":{"analysis_sample_rate":44100,"bit_rate":256000,"codec":"mp3","downmix":"mix","equal_loudness":0,"length":240.275344849,"lossless":false,"md5_encoded":"208371957d5f668cc0c1fe47ae6dd3eb","replay_gain":-2.74596977234},"tags":{"album":["Total Life Forever"],"albumartist":["Foals"],"albumartistsort":["Foals"],"artist":["Foals"],"artistsort":["Foals"],"asin":["B003D7F33Q"],"barcode":["5051865913726"],"catalognumber":["5051865913726"],"composer":[""],"conductor":[""],"copyright":["2010 Warner Music UK Limited"],"date":["2010"],"discnumber":["1/1"],"file_name":"09. Alabaster.mp3","genre":["Alternative & Punk"],"isrc":["GBAHT1000045"],"label":["Warner Music UK"],"media":["CD"],"musicbrainz album release country":["GB"],"musicbrainz album status":["official"],"musicbrainz album type":["album"],"musicbrainz_albumartistid":["6a65d878-fcd0-42cf-aff9-ca1d636a8bcc"],"musicbrainz_albumid":["507b4cda-bebd-468e-a1fc-f8873f162f67"],"musicbrainz_artistid":["6a65d878-fcd0-42cf-aff9-ca1d636a8bcc"],"musicbrainz_recordingid":["dfafc351-c813-466d-a4bf-f28275c3f1eb"],"originaldate":["2010"],"script":["Latn"],"title":["Alabaster"],"tracknumber":["9/11"]},"version":{"essentia":"2.1-beta1","essentia_build_sha":"12879b851c9f4b0d899e1af4e221aa110f283a84","essentia_git_sha":"v2.1_beta1-7-ge0e83e8-dirty","extractor":"music 1.0"}},"rhythm":{"beats_count":507,"beats_loudness":{"dmean":0.0795664340258,"dmean2":0.138371258974,"dvar":0.00639345077798,"dvar2":0.0192926730961,"max":0.558048009872,"mean":0.149487584829,"median":0.133441478014,"min":1.68956315605e-9,"var":0.0119286542758},"beats_loudness_band_ratio":{"dmean":[0.154548749328,0.0818448886275,0.0298534445465,0.018592203036,0.00824184622616,0.0807860568166],"dmean2":[0.275040835142,0.145472899079,0.0534025207162,0.0321899950504,0.0143238529563,0.143268346786],"dvar":[0.0176671985537,0.00633715931326,0.000946250220295,0.00109119631816,0.000460753770312,0.00649566948414],"dvar2":[0.05046514