{"lowlevel":{"average_loudness":0.820957899094,"barkbands":{"dmean":[0.00369628472254,0.00658970093355,0.00218001496978,0.00158011878375,0.00313236075453,0.00151432969142,0.000817922875285,0.000579746556468,0.000524831237271,0.000263762951363,0.00013485069212,0.000137358932989,0.0000585822817811,0.0000924385385588,0.0000661115554976,0.0000281543743768,0.0000169086542883,0.0000133558414745,0.0000102413359855,0.00000700299142409,0.00000539625261808,0.00000292559798254,0.00000187335456303,0.00000166323513895,0.00000159600369898,0.00000158403850037,0.00000498508279634],"dmean2":[0.00592800974846,0.0111520187929,0.00366648472846,0.00250977627002,0.00472529465333,0.0023969723843,0.00125637243036,0.000897393038031,0.000813580933027,0.000413701374782,0.000220593385166,0.000221809852519,0.0000932923794608,0.000149745930685,0.000106076273369,0.00004278115739,0.0000258588115685,0.0000204286734515,0.0000155148627528,0.0000106297266029,0.00000804199771665,0.00000461094168713,0.00000306874335365,0.00000275584670817,0.00000264726349997,0.00000261864011009,0.00000726825373931],"dvar":[0.0000603426451562,0.000171184205101,0.0000134000147227,0.00000996872404357,0.000039132173697,0.0000123644158521,0.00000468970620204,0.00000306893275592,0.00000147867001488,6.07530012076e-7,9.03474912661e-8,1.46582280536e-7,1.42815581583e-8,6.19971700644e-8,3.60039962288e-8,7.28410798345e-9,1.23454335643e-9,6.68788857627e-10,4.69652094992e-10,3.35643096649e-10,6.448906964e-10,4.37712262269e-11,1.30132658122e-11,1.1297011937e-11,1.04875570034e-11,1.01219388773e-11,8.42722697181e-11],"dvar2":[0.000148216102389,0.000452854088508,0.0000342895327776,0.0000247370571742,0.0000805046365713,0.0000298657123494,0.000010373175428,0.00000729730345483,0.00000332861304742,0.00000139533676702,2.42378092707e-7,3.91752536189e-7,3.5133066234e-8,1.62203150467e-7,9.56094154958e-8,1.72735603599e-8,2.77417266936e-9,1.60797597459e-9,1.11186893026e-9,6.86790513349e-10,1.29080335309e-9,1.03584779643e-10,3.22541056363e-11,2.80624880972e-11,2.60572934757e-11,2.51487303204e-11,1.73785041913e-10],"max":[0.124860100448,0.171155408025,0.0586586818099,0.0921799242496,0.142532542348,0.0701775401831,0.0454242490232,0.0612474866211,0.0293986909091,0.0228660497814,0.00590148707852,0.0143529158086,0.00291456514969,0.00833589024842,0.00627792067826,0.00508390879259,0.00176369864494,0.000537337560672,0.000900643644854,0.00086988491239,0.00165085250046,0.000228603865253,0.0000586133501201,0.0000550352997379,0.0000526373514731,0.0000517983426107,0.000318449368933],"mean":[0.00502293650061,0.00920459628105,0.00264466903172,0.00232067145407,0.0057736877352,0.00243870890699,0.00128186331131,0.000891944917385,0.000910964095965,0.000400266522774,0.000190709994058,0.000226163174375,0.0000969450265984,0.000155344503582,0.000107214968011,0.0000423751007474,0.0000233786868193,0.0000176662524609,0.0000143044326251,0.0000114691692943,0.00000860084219312,0.00000368734640688,0.00000205363608075,0.00000159001137945,0.00000150213440975,0.0000015725540834,0.00000971129884419],"median":[0.00204989593476,0.00432201847434,0.00118372659199,0.000850463169627,0.00155674223788,0.00054971606005,0.000305888912408,0.000142119868542,0.00026095676003,0.000119390933833,0.0000705118582118,0.0000711979664629,0.000036653567804,0.000048418998631,0.0000306021720462,0.0000159361115948,0.00000856335191202,0.00000630908107269,0.00000547659192307,0.00000411066685047,0.00000241977909354,0.00000136227345138,7.73309750457e-7,4.19543397356e-7,3.6502592593e-7,4.72009332952e-7,0.00000410897382608],"min":[1.33262682927e-23,2.42276538933e-23,2.3109382029e-23,1.00600875334e-23,3.08122821801e-23,9.30509842213e-23,4.36456039149e-23,1.40246452743e-23,4.79100692171e-23,4.64722061342e-23,6.50152904792e-23,2.86755785809e-22,1.56704757576e-22,8.19153984397e-23,1.37241653156e-22,1.36841139008e-22,1.54305269894e-22,2.29193249266e-22,1.71402914936e-22,2.21270208013e-22,6.1636562619e-22,5.53681552214e-22,6.69862310519e-22,9.71948932757e-22,1.13104932837e-21,1.85777354073e-21,2.9658443733e-21],"var":[0.0000788786855992,0.000215359657886,0.0000164400571521,0.0000199580335902,0.000133382927743,0.0000330267575919,0.00000978749449132,0.00000741804296922,0.00000401083707402,0.00000118396735616,1.50297054802e-7,3.4005685734e-7,3.20168282997e-8,1.20196958164e-7,6.02926206739e-8,1.43786147433e-8,2.41548137048e-9,1.02798547452e-9,8.14557588047e-10,1.05018571617e-9,1.63637370321e-9,7.88388035411e-11,1.49376778308e-11,1.2062221881e-11,1.11682408113e-11,1.08746362609e-11,2.90420826277e-10]},"barkbands_crest":{"dmean":2.76688194275,"dmean2":4.51492643356,"dvar":5.31789827347,"dvar2":13.7644615173,"max":24.007850647,"mean":11.3246526718,"median":10.677942276,"min":3.57903647423,"var":15.3583288193},"barkbands_flatness_db":{"dmean":0.0385774038732,"dmean2":0.0609229803085,"dvar":0.00100710615516,"dvar2":0.00251911999658,"max":0.451513946056,"mean":0.223395511508,"median":0.219895884395,"min":0.0348980389535,"var":0.00338720949367},"barkbands_kurtosis":{"dmean":6.14474534988,"dmean2":10.0106620789,"dvar":80.6927719116,"dvar2":211.857269287,"max":183.853820801,"mean":11.1754369736,"median":7.2198381424,"min":-1.84070885181,"var":155.173675537},"barkbands_skewness":{"dmean":0.709300875664,"dmean2":1.12549006939,"dvar":0.471840471029,"dvar2":1.17744243145,"max":11.7180995941,"mean":2.19449949265,"median":2.01607084274,"min":-2.70957589149,"var":2.0935382843},"barkbands_spread":{"dmean":2.6287381649,"dmean2":4.19333600998,"dvar":17.9572696686,"dvar2":47.1928787231,"max":126.367858887,"mean":7.81462812424,"median":6.29794216156,"min":0.605815827847,"var":48.6998023987},"dissonance":{"dmean":0.0292093325406,"dmean2":0.0488274544477,"dvar":0.000712898967322,"dvar2":0.00193231075536,"max":0.500000059605,"mean":0.447677761316,"median":0.456494152546,"min":0.229015424848,"var":0.00149387167767},"dynamic_complexity":4.81131219864,"erbbands":{"dmean":[0.382383882999,0.848711311817,2.1342651844,3.84137940407,6.88844251633,11.1384792328,17.453119278,10.6853637695,13.0417547226,9.05516052246,13.0264692307,12.7538061142,8.68938541412,5.91714143753,5.89012670517,4.47438287735,2.60235738754,3.37480211258,4.76449298859,2.19217228889,1.43298125267,0.933941364288,0.744817614555,0.599103569984,0.459973812103,0.332371026278,0.251378923655,0.181433156133,0.110406637192,0.0732324495912,0.0507092513144,0.03700267151,0.0265805926174,0.0180406887084,0.0112458989024,0.00622459826991,0.00293309800327,0.00125608069357,0.000485522818053,0.0000995342779788],"dmean2":[0.64281463623,1.44615745544,3.58299875259,6.16314268112,10.8899765015,16.8597602844,26.9223136902,16.9139080048,20.3384933472,13.8332443237,20.3361968994,19.7027587891,13.4757480621,9.35719871521,9.65185165405,7.11439085007,4.09220838547,5.38826179504,7.6274895668,3.47651934624,2.15631532669,1.40786588192,1.12982547283,0.906388223171,0.697159647942,0.505498707294,0.364813446999,0.276450693607,0.173536971211,0.117900371552,0.0832261070609,0.0612513273954,0.0440596528351,0.0299167111516,0.018649013713,0.0103201810271,0.00484681827947,0.00199934793636,0.000712497334462,0.000140177551657],"dvar":[0.662957191467,2.13728809357,12.2381620407,48.4692344666,192.312911987,598.729370117,1764.24487305,687.263183594,1270.72058105,537.567199707,1707.20361328,889.646850586,776.379089355,169.530807495,220.617248535,120.167373657,24.9316883087,60.4143676758,206.929718018,32.4633560181,18.9194049835,3.55986952782,2.13044595718,1.67076003551,0.83076864481,0.773647546768,0.908953726292,0.957080483437,0.0696911364794,0.0188489481807,0.00979437772185,0.00552946561947,0.00290282489732,0.00133980240207,0.000520608737133,0.000159441391588,0.0000346186388924,0.00000598230508331,0.00000196468704416,2.62086246039e-8],"dvar2":[1.71938502789,5.83627796173,31.5728206635,121.395355225,421.475158691,1209.87390137,3884.35449219,1722.01843262,2871.36181641,1232.31640625,3981.19897461,1986.08251953,1844.50134277,392.707366943,595.909301758,323.358673096,61.4518280029,162.619262695,516.222412109,86.7953720093,42.4476966858,7.87038230896,5.04687452316,3.98765516281,1.9010746479,1.67835855484,1.4581874609,2.19082808495,0.153634473681,0.0456463545561,0.0243152081966,0.0137305865064,0.0072121322155,0.00332860299386,0.0012933149701,0.000396081857616,0.0000859813590068,0.0000139485809996,0.0000034127942854,5.41785496466e-8],"max":[11.3822402954,19.498714447,46.4918289185,191.644546509,318.304534912,568.313110352,980.359069824,809.637451172,801.57208252,909.908630371,1426.49182129,761.885192871,789.289428711,333.829956055,439.169128418,418.453155518,135.000961304,211.015670776,474.394683838,303.263397217,273.912689209,87.9544830322,32.629322052,56.1561203003,28.1304912567,41.0220527649,52.9839668274,54.8199996948,9.69153690338,2.40568256378,1.59886610508,1.21897423267,0.879057526588,0.595290005207,0.370977669954,0.205585256219,0.0963563248515,0.0710405632854,0.0832440182567,0.00658514816314],"mean":[0.527175188065,1.08880221844,2.68515825272,5.78195428848,11.0858659744,18.9640712738,29.1989822388,18.4483165741,20.247718811,15.3884429932,21.706451416,22.4170436859,14.3670597076,9.40609836578,9.40821552277,7.97364139557,4.82271242142,6.1275935173,8.0178232193,3.83344388008,2.20351004601,1.33968067169,1.00484192371,0.814027965069,0.682512581348,0.543256044388,0.424024909735,0.268553614616,0.143374100327,0.0876351818442,0.0543063171208,0.0362628959119,0.0251417662948,0.017008787021,0.0106052244082,0.00588709628209,0.00292063248344,0.00156324286945,0.000843571440782,0.000229394849157],"median":[0.204675674438,0.538441956043,1.33949482441,2.56351256371,3.82498693466,4.43204879761,5.51346206665,4.34714460373,4.42309379578,3.73612165451,4.24642324448,6.45746660233,4.10311126709,3.66620540619,3.50114035606,2.673787117,1.98385894299,2.21043038368,2.18313169479,1.34622251987,0.842621326447,0.505498409271,0.366602063179,0.296826869249,0.270471930504,0.193276107311,0.12556104362,0.0792439356446,0.0513387881219,0.0354112610221,0.0193264447153,0.0104406177998,0.00627107685432,0.00415292335674,0.00258522271179,0.00146216084249,0.000880159437656,0.000614063814282,0.000311604031594,0.000125986916828],"min":[1.28813882288e-21,3.4627101184e-21,2.45883055997e-20,2.99680395033e-20,2.48470871156e-20,9.27573714041e-20,2.97120225801e-19,1.045499529e-18,8.44813518273e-19,3.7580790122e-19,4.98999030968e-19,1.00281587202e-18,9.92983486268e-19,2.81175068383e-18,3.92639062131e-18,1.24743294876e-17,6.33130410139e-18,5.1184943688e-18,5.42995847511e-18,7.59201090016e-18,8.29575052272e-18,9.87060728325e-18,1.05534324712e-17,9.97405614502e-18,1.21929151986e-17,9.65248885471e-18,1.86177246236e-17,2.62455458269e-17,2.19377695221e-17,1.84978644985e-17,1.76229125512e-17,1.73327607534e-17,1.65804598386e-17,1.1983443289e-17,8.18338961704e-18,6.64510871524e-18,3.70575425499e-18,1.40320747764e-18,4.09307009968e-19,4.33157392913e-20],"var":[0.842418968678,2.51785206795,14.394613266,93.3271560669,465.305786133,1793.47729492,5058.97070312,2089.74609375,2578.49536133,1244.52087402,4139.87207031,2435.31347656,1579.66088867,334.087005615,413.881072998,336.523681641,67.5870895386,125.437286377,366.01385498,68.6615447998,37.8828430176,7.19623088837,3.31650161743,2.70280385017,1.8006991148,2.3215508461,3.10043501854,1.73559010029,0.145705744624,0.0263148546219,0.0109281335026,0.00592909101397,0.00309358793311,0.00142751133535,0.000554796599317,0.000169966704561,0.0000372527210857,0.0000101666182672,0.00000681256051394,9.14365188009e-8]},"erbbands_crest":{"dmean":2.86545586586,"dmean2":4.62697553635,"dvar":6.8361697197,"dvar2":16.1842193604,"max":29.8428478241,"mean":9.7856092453,"median":8.67217540741,"min":2.14881062508,"var":20.578338623},"erbbands_flatness_db":{"dmean":0.03273088485,"dmean2":0.0517894662917,"dvar":0.000762522802688,"dvar2":0.00186071661301,"max":0.368636250496,"mean":0.186681270599,"median":0.183223113418,"min":0.0461118817329,"var":0.00255419500172},"erbbands_kurtosis":{"dmean":1.35520505905,"dmean2":2.14387655258,"dvar":3.72899103165,"dvar2":8.91265583038,"max":44.1735038757,"mean":1.55060470104,"median":0.616990566254,"min":-1.67434954643,"var":9.09842395782},"erbbands_skewness":{"dmean":0.405103832483,"dmean2":0.632412910461,"dvar":0.125308290124,"dvar2":0.292288184166,"max":5.0952000618,"mean":0.655935645103,"median":0.623712778091,"min":-2.8918159008,"var":0.697314441204},"erbbands_spread":{"dmean":5.5161690712,"dmean2":8.4848241806,"dvar":27.3271503448,"dvar2":59.8780097961,"max":119.131820679,"mean":23.7043609619,"median":22.1499614716,"min":1.68358492851,"var":138.458633423},"gfcc":{"cov":[[17499.9902344,3170.6105957,-414.957244873,-373.082397461,36.3362693787,-463.07699585,-130.011642456,-349.500305176,-150.798309326,-79.7067947388,-53.2897872925,-260.756072998,145.703277588],[3170.6105957,1852.48864746,-78.4570999146,-257.75793457,134.75189209,-239.071350098,138.920913696,-217.014312744,89.4178009033,-84.4158401489,33.3661651611,-105.483421326,50.7162132263],[-414.957244873,-78.4570999146,366.583343506,97.103225708,-126.6510849,152.708114624,-115.751419067,109.501373291,-57.8954162598,34.6056518555,-15.3601007462,17.4527378082,-10.1106109619],[-373.082397461,-257.75793457,97.103225708,254.161758423,104.819282532,44.1077804565,40.8672409058,17.1861343384,-13.7856407166,-27.4549160004,-21.3321838379,36.1253471375,-34.6535873413],[36.3362693787,134.75189209,-126.6510849,104.819282532,267.355072021,8.24202060699,139.382232666,-65.0365753174,35.4136924744,-63.121307373,5.48089313507,0.617297112942,-1.00004518032],[-463.07699585,-239.071350098,152.708114624,44.1077804565,8.24202060699,259.551818848,-21.9148693085,111.104949951,-61.8262481689,4.32676076889,-18.8965263367,22.987247467,1.98279416561],[-130.011642456,138.920913696,-115.751419067,40.8672409058,139.382232666,-21.9148693085,207.956771851,-29.1112213135,54.9912757874,-49.8875656128,-2.15113067627,10.8570108414,3.56156897545],[-349.500305176,-217.014312744,109.501373291,17.1861343384,-65.0365753174,111.104949951,-29.1112213135,172.247741699,8.25249099731,21.6400718689,-7.20008182526,20.2559680939,3.4658806324],[-150.798309326,89.4178009033,-57.8954162598,-13.7856407166,35.4136924744,-61.8262481689,54.9912757874,8.25249099731,119.475997925,37.074092865,18.8328971863,3.03820061684,2.39587903023],[-79.7067947388,-84.4158401489,34.6056518555,-27.4549160004,-63.121307373,4.32676076889,-49.8875656128,21.6400718689,37.074092865,101.865119934,43.9258766174,-3.07186937332,9.91767597198],[-53.2897872925,33.3661651611,-15.3601007462,-21.3321838379,5.48089313507,-18.8965263367,-2.15113067627,-7.20008182526,18.8328971863,43.9258766174,65.826713562,27.3866481781,11.825214386],[-260.756072998,-105.483421326,17.4527378082,36.1253471375,0.617297112942,22.987247467,10.8570108414,20.2559680939,3.03820061684,-3.07186937332,27.3866481781,75.8210525513,20.0868167877],[145.703277588,50.7162132263,-10.1106109619,-34.6535873413,-1.00004518032,1.98279416561,3.56156897545,3.4658806324,2.39587903023,9.91767597198,11.825214386,20.0868167877,67.0574493408]],"icov":[[0.000239974251599,-0.00111827114597,0.00217668712139,-0.00196464732289,0.00106029235758,-0.000630221096799,0.000846511218697,-0.000863296212628,0.00136201095302,-0.00182853848673,0.00140538299456,-0.000592946540564,-0.000177083857125],[-0.00111827114597,0.00734379747882,-0.0148005727679,0.0143735120073,-0.00899408943951,0.006201016251,-0.0054755709134,0.00498814368621,-0.00645916862413,0.00988619029522,-0.0068720174022,0.0035272273235,0.000711334170774],[0.00217668712139,-0.0148005727679,0.0459177345037,-0.0513954497874,0.0457488559186,-0.0336710549891,0.0174500178546,-0.000775115622673,-0.00985572393984,0.0139061044902,-0.022175559774,0.021747007966,-0.0166894458234],[-0.00196464732289,0.0143735120073,-0.0513954497874,0.0738177746534,-0.071061834693,0.050565186888,-0.0209197904915,-0.010620049201,0.0346294827759,-0.050657723099,0.0617751777172,-0.0538870953023,0.0344039462507],[0.00106029235758,-0.00899408943951,0.0457488559186,-0.071061834693,0.0843321382999,-0.05920195207,0.0165517125279,0.0227873772383,-0.0549586042762,0.081090785563,-0.0888316258788,0.0714756175876,-0.0401502065361],[-0.000630221096799,0.006201016251,-0.0336710549891,0.050565186888,-0.05920195207,0.0500572025776,-0.0148586705327,-0.0202440302819,0.0451714806259,-0.0616205632687,0.0665497854352,-0.0530289933085,0.0288545824587],[0.000846511218697,-0.0054755709134,0.0174500178546,-0.0209197904915,0.0165517125279,-0.0148586705327,0.0161942467093,0.00144420168363,-0.0113271325827,0.0142039870843,-0.0134985428303,0.0111403679475,-0.00877913367003],[-0.000863296212628,0.00498814368621,-0.000775115622673,-0.010620049201,0.0227873772383,-0.0202440302819,0.00144420168363,0.0249595865607,-0.0335437729955,0.0435593351722,-0.0411341190338,0.0302192959934,-0.0149723421782],[0.00136201095302,-0.00645916862413,-0.00985572393984,0.0346294827759,-0.0549586042762,0.0451714806259,-0.0113271325827,-0.0335437729955,0.0789204761386,-0.101725995541,0.0958968922496,-0.0725392103195,0.0355587638915],[-0.00182853848673,0.00988619029522,0.0139061044902,-0.050657723099,0.081090785563,-0.0616205632687,0.0142039870843,0.0435593351722,-0.101725995541,0.16137714684,-0.155006408691,0.113805368543,-0.0545485988259],[0.00140538299456,-0.0068720174022,-0.022175559774,0.0617751777172,-0.0888316258788,0.0665497854352,-0.0134985428303,-0.0411341190338,0.0958968922496,-0.155006408691,0.17339591682,-0.123202964664,0.0561009421945],[-0.000592946540564,0.0035272273235,0.021747007966,-0.0538870953023,0.0714756175876,-0.0530289933085,0.0111403679475,0.0302192959934,-0.0725392103195,0.113805368543,-0.123202964664,0.10789732635,-0.0503014959395],[-0.000177083857125,0.000711334170774,-0.0166894458234,0.0344039462507,-0.0401502065361,0.0288545824587,-0.00877913367003,-0.0149723421782,0.0355587638915,-0.0545485988259,0.0561009421945,-0.0503014959395,0.0417819693685]],"mean":[-102.106567383,147.762329102,-77.0562820435,3.30393409729,-26.0280246735,-2.71018838882,-13.4245491028,-6.70845842361,-9.75671386719,-1.73729467392,-9.77867698669,-3.31816101074,-4.28725194931]},"hfc":{"dmean":2.49076080322,"dmean2":3.5977396965,"dvar":12.2594442368,"dvar2":25.8023490906,"max":60.5355758667,"mean":7.42185401917,"median":4.41630458832,"min":1.30125304173e-16,"var":68.4414596558},"melbands":{"dmean":[0.00257546780631,0.000999760697596,0.000722674361896,0.000596188183408,0.00060267560184,0.000247648451477,0.000185125405551,0.000104774037027,0.000105783932668,0.000076488002378,0.0000437225062342,0.0000255930572166,0.000019254946892,0.0000163740951393,0.00000995693517325,0.0000048615720516,0.00000714967563908,0.00000913617077458,0.00000396449922846,0.00000227706209444,0.00000166476456798,0.00000104277421542,7.65297443195e-7,6.28458110441e-7,4.90799720865e-7,3.81533538985e-7,2.87839071689e-7,2.14189739722e-7,1.69780960846e-7,1.36567521736e-7,9.99407561153e-8,6.73878162161e-8,4.82067008534e-8,3.81203442146e-8,2.99250615399e-8,2.50953320347e-8,2.1654674498e-8,1.89149460539e-8,1.66424580783e-8,1.47225085456e-8],"dmean2":[0.00427785748616,0.00166765996255,0.0011429018341,0.000903589883819,0.000912460673135,0.00039072157233,0.000287576374831,0.000160420167958,0.000165350240422,0.000118718089652,0.0000681547535351,0.0000405566788686,0.0000316750556522,0.0000266672177531,0.0000159480332513,0.00000769407506596,0.00001157684801,0.0000146912107084,0.00000641755332254,0.00000353324662683,0.00000254546125689,0.00000160031800078,0.00000118091145396,9.71847612163e-7,7.54071777465e-7,5.87748559155e-7,4.45530531579e-7,3.30750424382e-7,2.48898658128e-7,2.10203424444e-7,1.53673610725e-7,1.06670029254e-7,7.71665398247e-8,6.18920594775e-8,4.92045053591e-8,4.1414427443e-8,3.58930947186e-8,3.13539416652e-8,2.75973626174e-8,2.44160975882e-8],"dvar":[0.0000284803427348,0.0000023785189569,0.00000164440496064,0.00000128746967221,0.00000204595676223,3.37156251362e-7,2.47998940495e-7,7.16329253692e-8,1.03184724765e-7,3.10789367575e-8,2.0179644622e-8,3.34081184938e-9,1.88017290625e-9,2.50287612857e-9,5.00538221981e-10,7.5218484219e-11,3.0775981763e-10,7.87075737918e-10,1.2221015866e-10,3.92202555155e-11,2.89117306485e-11,4.71904806898e-12,2.23056165552e-12,1.56117436687e-12,1.25041708758e-12,6.49523783283e-13,4.28680420154e-13,3.90253774392e-13,3.75909589914e-13,4.53964312972e-13,3.03338029608e-13,3.09161740262e-14,8.70465774927e-15,5.14545749216e-15,3.40171163299e-15,2.50201250641e-15,1.90545842485e-15,1.46945509739e-15,1.13995366932e-15,8.92366044712e-16],"dvar2":[0.0000726312355255,0.00000609088965575,0.00000400577391702,0.00000256702901424,0.00000439021096099,8.41586938805e-7,5.61345984806e-7,1.66767648579e-7,2.34531853494e-7,7.13221481874e-8,4.78137138771e-8,7.65443619599e-9,5.12600806246e-9,6.6851413294e-9,1.30280852773e-9,1.89133528283e-10,8.33128066535e-10,1.95695082361e-9,3.28372773417e-10,1.04027529646e-10,6.57702156626e-11,1.08092380532e-11,5.33557052707e-12,3.802045484e-12,3.04936458029e-12,1.59980015346e-12,9.87126504669e-13,8.72137973819e-13,6.05490917821e-13,9.56386879414e-13,7.0529779933e-13,7.21323771113e-14,2.07971864014e-14,1.26337098606e-14,8.45969243279e-15,6.20531509071e-15,4.73403791957e-15,3.65095764222e-15,2.83214063299e-15,2.217084599e-15],"max":[0.072213716805,0.0183630157262,0.0345185697079,0.0238024555147,0.0367015115917,0.0163096301258,0.0108650922775,0.00827509816736,0.00993442442268,0.00408031139523,0.00408945512027,0.00150493741967,0.00101980136242,0.00203668209724,0.000652390532196,0.000191268118215,0.000483426556457,0.00100621767342,0.000574488425627,0.000294561468763,0.000329499715008,0.000101895129774,0.000032281048334,0.0000323559688695,0.0000494147716381,0.0000258259969996,0.000025277988243,0.0000267032737611,0.0000300624615193,0.0000387506770494,0.0000318324127875,0.00000693520178174,0.00000238622033066,0.00000124397877244,9.31282556849e-7,8.28387896945e-7,7.11451718871e-7,6.25628729267e-7,5.5004954902e-7,4.85404427764e-7],"mean":[0.00375595223159,0.00137929699849,0.00118205754552,0.00102229684126,0.00106504315045,0.000424467347329,0.00029102616827,0.00017127628962,0.000179355076398,0.000131215492729,0.0000690577726346,0.000039072787331,0.0000293790089927,0.0000265330563707,0.0000163204331329,0.00000825234474178,0.0000120658996821,0.0000146488246173,0.00000665765082886,0.00000353820723831,0.00000235632637668,0.00000142915484957,0.00000101220962279,8.10689925856e-7,6.42795953354e-7,5.23030848854e-7,4.36367940893e-7,3.40064559623e-7,2.77617687061e-7,2.08152542314e-7,1.38036085673e-7,8.4853503779e-8,5.85299666511e-8,4.43699939012e-8,3.20353876759e-8,2.54089655982e-8,2.07514627704e-8,1.78469417023e-8,1.56775037397e-8,1.38615137146e-8],"median":[0.00161424744874,0.000767028250266,0.000529470504262,0.000315690442221,0.000206427517696,0.000101908568467,0.0000656119082123,0.0000367275133613,0.0000362977443729,0.0000379628545488,0.0000181397608685,0.0000147049659063,0.0000112608404379,0.00000806041134638,0.00000544753629583,0.00000343584360962,0.00000410467237089,0.00000363930894309,0.00000213453358811,0.00000125621977531,8.3571075038e-7,5.19356206041e-7,3.69121522681e-7,2.76470302651e-7,2.28730584695e-7,1.98863602918e-7,1.66774242416e-7,1.16259521121e-7,8.29650446121e-8,5.46859411088e-8,4.05146600713e-8,2.94431998782e-8,2.24667324744e-8,1.78394756745e-8,1.15066276507e-8,8.09611044872e-9,5.54221779581e-9,4.39940572861e-9,3.82311693414e-9,3.36919581123e-9],"min":[9.4934534783e-24,9.91470677941e-24,5.31286893943e-24,2.94745689335e-24,1.04503567447e-23,2.12651782716e-23,1.26457700546e-23,3.55000817985e-24,5.02038258717e-24,6.18791684285e-24,4.82604394215e-24,1.10118766145e-23,9.34142814895e-24,3.39498786119e-23,1.95970088252e-23,1.33337956034e-23,9.29154768505e-24,8.07665929252e-24,1.21611475569e-23,9.05931255658e-24,9.25177252935e-24,9.59593203191e-24,1.06525765046e-23,9.5017404621e-24,7.93357885697e-24,7.1441460276e-24,1.07948507243e-23,4.49683374817e-24,1.18126990176e-23,1.39349675666e-23,1.50553378009e-23,1.37904955804e-23,8.2102875967e-24,1.17851401619e-23,1.11068081358e-23,8.1696123507e-24,1.17041604345e-23,1.22868667417e-23,1.03863391045e-23,1.02543871297e-23],"var":[0.0000378319091396,0.00000308817993755,0.00000368794121641,0.00000362643982044,0.0000067234236667,0.00000102480066744,5.11717985319e-7,1.72312624613e-7,2.51777237281e-7,8.14858793774e-8,4.04229112405e-8,6.46989173347e-9,3.50895135171e-9,5.27809174145e-9,1.17629217478e-9,1.65334759772e-10,5.81558190493e-10,1.39179834324e-9,2.17766069066e-10,7.90787227367e-11,4.94052854183e-11,8.89177880631e-12,3.36423185317e-12,2.32339104553e-12,1.87287945569e-12,1.05507291272e-12,9.91023777798e-13,1.10052353515e-12,1.27608752558e-12,1.00042283485e-12,5.07356201322e-13,5.76333414586e-14,1.29706832839e-14,6.62348466885e-15,3.79227831321e-15,2.71035148298e-15,2.03431352371e-15,1.56566999339e-15,1.21431680934e-15,9.50510303739e-16]},"melbands_crest":{"dmean":4.45220661163,"dmean2":7.40305805206,"dvar":15.8136453629,"dvar2":42.4025230408,"max":37.7753868103,"mean":18.4104499817,"median":17.0756092072,"min":1.80143129826,"var":54.4716186523},"melbands_flatness_db":{"dmean":0.0450433678925,"dmean2":0.0715510398149,"dvar":0.00135287200101,"dvar2":0.00343950232491,"max":0.590661287308,"mean":0.343730181456,"median":0.343225926161,"min":0.00495108775795,"var":0.00607437593862},"melbands_kurtosis":{"dmean":9.5364074707,"dmean2":15.5584812164,"dvar":239.783477783,"dvar2":643.332092285,"max":312.847930908,"mean":17.8924045563,"median":10.8863544464,"min":-1.73874461651,"var":469.203186035},"melbands_skewness":{"dmean":0.845976293087,"dmean2":1.34348464012,"dvar":0.77367913723,"dvar2":1.94110107422,"max":14.8842020035,"mean":2.90971517563,"median":2.63252592087,"min":-0.919427037239,"var":3.14079904556},"melbands_spread":{"dmean":2.78459215164,"dmean2":4.45654916763,"dvar":19.618347168,"dvar2":47.4508743286,"max":200.515518188,"mean":9.41118717194,"median":6.10647392273,"min":0.463407129049,"var":291.97769165},"mfcc":{"cov":[[8063.45117188,1648.46936035,-519.203613281,227.549758911,-199.100036621,6.28056764603,-159.482208252,-205.201431274,-113.683654785,21.3640995026,-34.7370033264,-84.821647644,-84.97605896],[1648.46936035,1665.40612793,-66.7405166626,-12.6348199844,-50.4539604187,-6.5635933876,-21.2444000244,-86.778213501,-6.58393383026,49.6429176331,2.39222335815,-38.6511573792,-2.62099266052],[-519.203613281,-66.7405166626,514.087341309,-84.7329025269,55.5258331299,-45.4624595642,0.888326764107,0.137256681919,-3.02430295944,8.64598083496,6.50347042084,23.7982997894,-16.6935329437],[227.549758911,-12.6348199844,-84.7329025269,252.910476685,26.4357814789,44.4482803345,6.99893331528,29.0087623596,7.47862672806,-11.2755756378,3.13300204277,-6.79471111298,9.94694232941],[-199.100036621,-50.4539604187,55.5258331299,26.4357814789,145.80569458,56.1074867249,41.8123474121,47.2126998901,12.2937688828,-10.1681728363,2.36559224129,14.5186157227,11.040596962],[6.28056764603,-6.5635933876,-45.4624595642,44.4482803345,56.1074867249,135.347091675,75.7245788574,33.4272880554,15.275636673,-8.10169696808,-13.5530672073,-3.04793047905,10.3240213394],[-159.482208252,-21.2444000244,0.888326764107,6.99893331528,41.8123474121,75.7245788574,124.876724243,77.1724700928,22.8695869446,-14.0494241714,-21.180480957,1.79992496967,9.57570457458],[-205.201431274,-86.778213501,0.137256681919,29.0087623596,47.2126998901,33.4272880554,77.1724700928,157.9662323,65.6195907593,-20.6971321106,-6.7620806694,7.86448955536,16.8097705841],[-113.683654785,-6.58393383026,-3.02430295944,7.47862672806,12.2937688828,15.275636673,22.8695869446,65.6195907593,82.2839202881,32.4197540283,0.638030827045,-1.00049221516,7.3569149971],[21.3640995026,49.6429176331,8.64598083496,-11.2755756378,-10.1681728363,-8.10169696808,-14.0494241714,-20.6971321106,32.4197540283,80.3819580078,34.9208106995,-3.51619124413,-2.35810923576],[-34.7370033264,2.39222335815,6.50347042084,3.13300204277,2.36559224129,-13.5530672073,-21.180480957,-6.7620806694,0.638030827045,34.9208106995,60.1600723267,26.6371307373,3.26359295845],[-84.821647644,-38.6511573792,23.7982997894,-6.79471111298,14.5186157227,-3.04793047905,1.79992496967,7.86448955536,-1.00049221516,-3.51619124413,26.6371307373,55.3006477356,31.2461681366],[-84.97605896,-2.62099266052,-16.6935329437,9.94694232941,11.040596962,10.3240213394,9.57570457458,16.8097705841,7.3569149971,-2.35810923576,3.26359295845,31.2461681366,58.4365844727]],"icov":[[0.000196731620235,-0.000196109118406,0.000163182252436,-0.000177923924639,0.000168343103724,-0.000236085033976,0.000475818873383,-0.000415821617935,0.00067979801679,-0.000649730383884,0.000833652098663,-0.000732641841751,0.000639117846731],[-0.000196109118406,0.000843967485707,-0.000124638201669,0.000197469387786,-0.000113010573841,0.000341835228028,-0.000813668011688,0.00104557315353,-0.00103717681486,0.000730393745471,-0.00128236261662,0.00158086442389,-0.00113663903903],[0.000163182252436,-0.000124638201669,0.00262953341007,0.000405498751206,-0.00131629337557,0.00110043853056,0.000115532289783,-0.000604395987466,0.00123996357433,-0.00201026769355,0.00244648288935,-0.00306255393662,0.00238675507717],[-0.000177923924639,0.000197469387786,0.000405498751206,0.00490172952414,-0.000679268443491,-0.00144156557508,0.000916036195122,-0.000503997260239,-0.000667747692205,0.00188116345089,-0.00269616069272,0.00286296708509,-0.00181078480091],[0.000168343103724,-0.000113010573841,-0.00131629337557,-0.000679268443491,0.0101228058338,-0.00470324326307,0.00133692473173,-0.00333814229816,0.00215604994446,-0.000893043645192,0.000433737121057,-0.00237672403455,0.000578031293117],[-0.000236085033976,0.000341835228028,0.00110043853056,-0.00144156557508,-0.00470324326307,0.0156925208867,-0.0112042613328,0.00679439492524,-0.00615290179849,0.00476537458599,-0.00427898205817,0.00472290860489,-0.00308997090906],[0.000475818873383,-0.000813668011688,0.000115532289783,0.000916036195122,0.00133692473173,-0.0112042613328,0.0230359826237,-0.0155972801149,0.0126513969153,-0.0126259531826,0.0155830234289,-0.0105396192521,0.00563428597525],[-0.000415821617935,0.00104557315353,-0.000604395987466,-0.000503997260239,-0.00333814229816,0.00679439492524,-0.0155972801149,0.0275180749595,-0.0273498743773,0.0243172068149,-0.0203719288111,0.0137160206214,-0.00834601745009],[0.00067979801679,-0.00103717681486,0.00123996357433,-0.000667747692205,0.00215604994446,-0.00615290179849,0.0126513969153,-0.0273498743773,0.045097310096,-0.0356549061835,0.0276523251086,-0.0172767043114,0.00846108421683],[-0.000649730383884,0.000730393745471,-0.00201026769355,0.00188116345089,-0.000893043645192,0.00476537458599,-0.0126259531826,0.0243172068149,-0.0356549061835,0.0503393523395,-0.0415612906218,0.0284056439996,-0.0137530695647],[0.000833652098663,-0.00128236261662,0.00244648288935,-0.00269616069272,0.000433737121057,-0.00427898205817,0.0155830234289,-0.0203719288111,0.0276523251086,-0.0415612906218,0.0603351853788,-0.0414156615734,0.0199102051556],[-0.000732641841751,0.00158086442389,-0.00306255393662,0.00286296708509,-0.00237672403455,0.00472290860489,-0.0105396192521,0.0137160206214,-0.0172767043114,0.0284056439996,-0.0414156615734,0.0574201866984,-0.0300288628787],[0.000639117846731,-0.00113663903903,0.00238675507717,-0.00181078480091,0.000578031293117,-0.00308997090906,0.00563428597525,-0.00834601745009,0.00846108421683,-0.0137530695647,0.0199102051556,-0.0300288628787,0.0342196002603]],"mean":[-757.75970459,196.910491943,10.0000286102,23.4959449768,6.81426382065,12.2243099213,4.76044940948,2.06719851494,3.56104946136,5.35284805298,0.357398092747,-2.83609080315,0.303497761488]},"pitch_salience":{"dmean":0.091106325388,"dmean2":0.150265559554,"dvar":0.00630488852039,"dvar2":0.0168169923127,"max":0.908947885036,"mean":0.534672617912,"median":0.553200423717,"min":0.0823175162077,"var":0.0200023278594},"silence_rate_20dB":{"dmean":0,"dmean2":0,"dvar":0,"dvar2":0,"max":1,"mean":1,"median":1,"min":1,"var":0},"silence_rate_30dB":{"dmean":0.0349090918899,"dmean2":0.0698266476393,"dvar":0.0336916856468,"dvar2":0.0787757784128,"max":1,"mean":0.96570110321,"median":1,"min":0,"var":0.0331228859723},"silence_rate_60dB":{"dmean":0.0220606066287,"dmean2":0.0441265590489,"dvar":0.0215753559023,"dvar2":0.0499429628253,"max":1,"mean":0.0677493661642,"median":0,"min":0,"var":0.0631598606706},"spectral_centroid":{"dmean":110.830909729,"dmean2":171.389755249,"dvar":29689.8027344,"dvar2":54085.6484375,"max":11367.1953125,"mean":572.106201172,"median":446.694824219,"min":154.311843872,"var":316963.59375},"spectral_complexity":{"dmean":2.19781827927,"dmean2":3.37277245522,"dvar":4.76526498795,"dvar2":9.43192577362,"max":35,"mean":9.99866676331,"median":9,"min":0,"var":25.9188289642},"spectral_contrast_coeffs":{"dmean":[0.0530815683305,0.0474456399679,0.0364233180881,0.0273451153189,0.026101520285,0.0359110310674],"dmean2":[0.0870136469603,0.0788867026567,0.0601015128195,0.0451364032924,0.0422836132348,0.0593726858497],"dvar":[0.00175433850382,0.00142760865856,0.000853117264342,0.000480578572024,0.000509508652613,0.0016371102538],"dvar2":[0.00458700442687,0.00384605675936,0.00229868921451,0.00124570797198,0.00127042352688,0.00412958860397],"max":[-0.337322533131,-0.478465676308,-0.499014168978,-0.612756311893,-0.687311470509,-0.441947191954],"mean":[-0.682390213013,-0.772271811962,-0.803952753544,-0.830859899521,-0.85899323225,-0.814850270748],"median":[-0.690985918045,-0.778692424297,-0.808824717999,-0.83341729641,-0.854688704014,-0.834235012531],"min":[-0.969445943832,-0.961929440498,-0.969241917133,-0.979766726494,-0.965044498444,-0.959405958652],"var":[0.00857826229185,0.00487588252872,0.00309528154321,0.00201262277551,0.00134558312129,0.00315683986992]},"spectral_contrast_valleys":{"dmean":[0.39374563098,0.384473413229,0.347299188375,0.359186649323,0.48561924696,0.865867197514],"dmean2":[0.642830371857,0.60886579752,0.530882239342,0.518446087837,0.716614127159,1.39115583897],"dvar":[0.12651103735,0.117109879851,0.10445959866,0.117106236517,0.194019779563,0.556874752045],"dvar2":[0.290627241135,0.25021609664,0.205805718899,0.218101143837,0.429154336452,1.49556803703],"max":[-5.05684566498,-4.23235225677,-5.41857719421,-6.23121356964,-6.3456287384,-9.04339504242],"mean":[-6.98602437973,-6.89466238022,-7.62914276123,-8.33905124664,-8.86933612823,-11.7832012177],"median":[-6.72899961472,-6.71717882156,-7.43361377716,-8.14269447327,-8.6831035614,-11.6186523438],"min":[-27.2366371155,-27.7817974091,-27.1430206299,-27.1641712189,-27.2705574036,-27.2562122345],"var":[2.82464265823,2.37961411476,2.02071857452,1.78020215034,1.50654911995,1.61773896217]},"spectral_decrease":{"dmean":3.58784668641e-9,"dmean2":5.55276535863e-9,"dvar":2.9282627127e-17,"dvar2":6.78730478485e-17,"max":1.17058406483e-17,"mean":-8.25207635557e-9,"median":-5.51473622323e-9,"min":-6.88318877451e-8,"var":6.97940987205e-17},"spectral_energy":{"dmean":0.0137233939022,"dmean2":0.0212167818099,"dvar":0.000424476398621,"dvar2":0.000981918768957,"max":0.260945826769,"mean":0.0318183153868,"median":0.0212286692113,"min":1.14961004155e-20,"var":0.00102931563742},"spectral_energyband_high":{"dmean":0.0000205162687053,"dmean2":0.0000313935270242,"dvar":2.21391216471e-9,"dvar2":4.25989554742e-9,"max":0.00244061485864,"mean":0.0000307830523525,"median":0.0000116963274195,"min":8.47030766212e-21,"var":6.49416964649e-9},"spectral_energyband_low":{"dmean":0.0100087281317,"dmean2":0.0162014421076,"dvar":0.000324826221913,"dvar2":0.00078862515511,"max":0.240021839738,"mean":0.0168720260262,"median":0.00947103090584,"min":6.59908716053e-23,"var":0.000507819640916},"spectral_energyband_middle_high":{"dmean":0.000531613710336,"dmean2":0.000799707660917,"dvar":9.41958148815e-7,"dvar2":0.00000220234778681,"max":0.0232470948249,"mean":0.00121506361756,"median":0.000567731680349,"min":1.62588417946e-21,"var":0.00000327855627802},"spectral_energyband_middle_low":{"dmean":0.00554756447673,"dmean2":0.00824170559645,"dvar":0.0000792493592598,"dvar2":0.000168181562913,"max":0.172741442919,"mean":0.0137576786801,"median":0.0060389447026,"min":2.44883149934e-22,"var":0.000354130956111},"spectral_entropy":{"dmean":0.301994740963,"dmean2":0.471670895815,"dvar":0.0696193575859,"dvar2":0.164638757706,"max":9.80157184601,"mean":6.90540409088,"median":6.89647436142,"min":5.02075242996,"var":0.293133109808},"spectral_flux":{"dmean":0.0283432044089,"dmean2":0.0466805398464,"dvar":0.00117588415742,"dvar2":0.00288261123933,"max":0.39507240057,"mean":0.0842933058739,"median":0.0737866535783,"min":1.0721987187e-10,"var":0.00285237282515},"spectral_kurtosis":{"dmean":7.15327262878,"dmean2":11.7566823959,"dvar":71.8577270508,"dvar2":188.233322144,"max":117.410179138,"mean":17.7026996613,"median":15.0570888519,"min":-1.19294607639,"var":116.164726257},"spectral_rms":{"dmean":0.00109462800901,"dmean2":0.00165384775028,"dvar":0.00000159345563588,"dvar2":0.0000033974508824,"max":0.0159556046128,"mean":0.00491637457162,"median":0.00455092266202,"min":3.34898601906e-12,"var":0.00000687148167344},"spectral_rolloff":{"dmean":151.79486084,"dmean2":258.113189697,"dvar":175792.75,"dvar2":427060.5,"max":19466.015625,"mean":675.508239746,"median":301.46484375,"min":21.533203125,"var":5094198},"spectral_skewness":{"dmean":0.543477058411,"dmean2":0.85655605793,"dvar":0.291549175978,"dvar2":0.745661079884,"max":8.35594463348,"mean":3.03000855446,"median":2.92733407021,"min":-0.0422301962972,"var":0.783449113369},"spectral_spread":{"dmean":750157.3125,"dmean2":1219303.125,"dvar":532658192384,"dvar2":1209802817540,"max":40038868,"mean":3023476,"median":2754738.75,"min":818716.375,"var":2007126114300},"spectral_strongpeak":{"dmean":0.264996498823,"dmean2":0.447425425053,"dvar":0.176283150911,"dvar2":0.448077470064,"max":5.49560403824,"mean":0.438742101192,"median":0.187632501125,"min":0,"var":0.423129081726},"zerocrossingrate":{"dmean":0.00342548522167,"dmean2":0.00439311051741,"dvar":0.0000386888750654,"dvar2":0.0000544796675968,"max":0.529296875,"mean":0.0241167508066,"median":0.0146484375,"min":0.0009765625,"var":0.00390847446397}},"metadata":{"audio_properties":{"analysis_sample_rate":44100,"bit_rate":137530,"codec":"mp3","downmix":"mix","equal_loudness":0,"length":191.556991577,"lossless":false,"md5_encoded":"bcdd13dfdbff4a5ed233616f99b649ac","replay_gain":-2.87886619568,"sample_rate":44100},"tags":{"album":["The Complete Columbia Album Collection"],"albumartist":["Johnny Cash"],"albumartistsort":["Cash, Johnny"],"artist":["Johnny Cash"],"artists":["Johnny Cash"],"artistsort":["Cash, Johnny"],"asin":["B008DDC874"],"barcode":["886979104723"],"catalognumber":["88697910472"],"composer":["Roy Cash Jr.","Johnny Cash"],"date":["2012-12-04"],"discnumber":["12/63"],"file_name":"06 - I Still Miss Someone.mp3","label":["Columbia","Legacy"],"language":["eng"],"lyricist":["Roy Cash Jr.","Johnny Cash"],"media":["CD"],"musicbrainz album release country":["US"],"musicbrainz album status":["official"],"musicbrainz album type":["album","compilation"],"musicbrainz release track id":["d75601e1-31f9-3b63-ad3d-25bc5f65c026"],"musicbrainz_albumartistid":["d43d12a1-2dc9-4257-a2fd-0a3bb1081b86"],"musicbrainz_albumid":["de36c451-000c-4488-9375-b6d40b6636e5"],"musicbrainz_artistid":["d43d12a1-2dc9-4257-a2fd-0a3bb1081b86"],"musicbrainz_recordingid":["dfdde395-72ec-4511-96ab-4d3fed8dcf7b"],"musicbrainz_releasegroupid":["30578604-ce5e-4d3d-a09c-6c06fc4c526b"],"musicbrainz_workid":["cb1b5631-2798-3549-a3cd-99be9a17fb56"],"originaldate":["2012"],"script":["Latn"],"title":["I Still Miss Someone"],"tracknumber":["6/12"],"work":["I Still Miss Someone"]},"version":{"essentia":"2.1-beta1","essentia_build_sha":"ca57ba49d9b1854bd80e60cf9ccf267278fb7d6b","essentia_git_sha":"v2.1_beta1-28-g21ef5f4-dirty","extractor":"music 1.0"}},"rhythm":{"beats_count":430,"beats_loudness":{"dmean":0.0402013510466,"dmean2":0.0752161592245,"dvar":0.000842996756546,"dvar2":0.00248756632209,"max":0.202816307545,"mean":0.0516829006374,"median":0.0451976545155,"min":6.14433004476e-10,"var":0.00118117500097},"beats_loudness_band_ratio":{"dmean":[0.343025326729,0.22726584971,0.1