{"lowlevel":{"average_loudness":0.862952768803,"barkbands":{"dmean":[0.000173248641659,0.00109824771062,0.000885297486093,0.000887071655598,0.00139485043474,0.000692791480105,0.00042223057244,0.000603811116889,0.000644819287118,0.000981260207482,0.000379854784114,0.000444723409601,0.000708147650585,0.000595394114498,0.000942086859141,0.000349041743902,0.00021909881616,0.000247900257818,0.0000876179838087,0.0000880513543962,0.0000446812809969,0.0000637694247416,0.0000810995261418,0.0000888176000444,0.0000707454673829,0.0000391495486838,7.61681008044e-7],"dmean2":[0.000275085942121,0.00182103167754,0.00146925635636,0.00145958689973,0.00218039820902,0.00100860942621,0.000639758480247,0.000899282225873,0.00097278424073,0.00151741411537,0.000591933319811,0.000716531649232,0.00116406055167,0.000923274899833,0.00152407120913,0.000559767999221,0.000357585086022,0.000393791007809,0.000140860240208,0.000134585963679,0.0000639574573142,0.0000890246155905,0.000112853813334,0.000128061306896,0.000109228880319,0.0000637287666905,0.00000129485181333],"dvar":[1.20211907984e-7,0.00000265078051598,0.00000129471766286,0.00000223330926019,0.00000700152168065,0.00000151245512825,8.41172550281e-7,0.00000179623543772,0.00000225364465223,0.00000675685851093,0.00000213214411815,0.0000013108958683,0.00000339583129971,0.00000395294364353,0.0000059523863456,0.0000011644327742,5.01135389186e-7,5.04107049437e-7,4.02417015266e-8,3.23131175151e-8,1.60851101327e-8,3.56690499359e-8,5.03641786054e-8,7.0330209212e-8,6.76153533163e-8,2.64369717229e-8,1.41199109696e-11],"dvar2":[3.10126608838e-7,0.00000787613316788,0.00000371590112991,0.00000559869704375,0.0000175568056875,0.00000325711380356,0.00000196131304619,0.00000409224867326,0.00000534837499799,0.000017754806322,0.00000569853091292,0.00000336370385412,0.00000906973400561,0.00000904917214939,0.0000155768248078,0.00000299196995002,0.0000013045093965,0.00000122406459013,1.07197315913e-7,7.29361318008e-8,2.85897847618e-8,6.52968452641e-8,9.15550799618e-8,1.43920757978e-7,1.66950414382e-7,6.67223289952e-8,3.83202879151e-11],"max":[0.00557439867407,0.02057354711,0.0133706284687,0.0348198339343,0.0579367242754,0.0348348580301,0.019522709772,0.0262702498585,0.035813242197,0.0597971342504,0.0437779128551,0.0367685444653,0.0329541228712,0.0565690137446,0.0645628869534,0.0209658071399,0.0258758626878,0.0202515181154,0.00897504761815,0.00530339451507,0.00591794541106,0.00956418924034,0.0115675460547,0.00955025944859,0.00825201533735,0.00283781532198,0.0000641228543827],"mean":[0.00028195604682,0.0029869878199,0.00157606834546,0.00157933006994,0.00279867858626,0.0016004430363,0.000757150468417,0.00105416413862,0.00112759647891,0.00165035668761,0.000610228802543,0.000778663554229,0.00118003413081,0.000954315066338,0.00153197452892,0.000600010971539,0.000404552731197,0.000483318202896,0.000202391267521,0.000202325332793,0.0000855683028931,0.000119000724226,0.000158791386639,0.000167361460626,0.0000892322932486,0.0000367074535461,6.79656409375e-7],"median":[0.0000729356397642,0.00184899009764,0.00108135235496,0.00080461462494,0.00142422516365,0.000838100619148,0.000352293893229,0.000279624655377,0.000345748878317,0.00050769461086,0.000129404172185,0.000259472348262,0.000249203003477,0.000215181556996,0.00030895328382,0.000112543522846,0.000102347155917,0.000124712620163,0.000101293728221,0.0000903549807845,0.0000232178826991,0.0000271604039881,0.000044838838221,0.0000497259643453,0.0000156079877343,0.00000211568294617,9.6116906434e-8],"min":[6.40770019636e-26,1.65323532338e-24,5.10290108634e-25,9.37348624819e-26,2.46060487759e-24,5.48674611028e-24,5.22996044715e-24,8.7312978813e-24,1.3331858161e-23,8.25266204908e-24,1.56048772402e-23,1.23575802332e-23,2.6632518451e-23,4.17398611183e-23,3.98372800762e-23,4.34849287257e-23,6.77818004303e-23,9.14319765866e-23,1.18327393978e-22,1.71551132434e-22,2.32515678963e-22,2.86938195694e-22,3.93611047011e-22,5.98278471894e-22,7.50192130094e-22,1.20459812485e-21,1.9525767996e-21],"var":[2.17631395572e-7,0.0000114587528515,0.00000263742663265,0.00000530598981641,0.0000165795772773,0.00000589653427596,0.00000161623370332,0.00000398754036723,0.00000520420553585,0.000013963269339,0.00000425553480454,0.00000259467651631,0.00000729584689907,0.0000073181663538,0.0000109971651909,0.00000247305320045,0.00000106221477836,0.00000131632134526,1.05935825445e-7,1.02042719163e-7,5.03644379535e-8,1.19765402928e-7,1.58399089401e-7,1.53158893568e-7,7.39160697094e-8,2.37557795657e-8,9.7966895013e-12]},"barkbands_crest":{"dmean":2.20069169998,"dmean2":3.63667869568,"dvar":4.27470541,"dvar2":11.4399204254,"max":23.805896759,"mean":9.04462432861,"median":8.18257141113,"min":2.46185278893,"var":13.4854412079},"barkbands_flatness_db":{"dmean":0.0168022606522,"dmean2":0.0247985702008,"dvar":0.000260350643657,"dvar2":0.000548793934286,"max":0.400648087263,"mean":0.128711417317,"median":0.122218847275,"min":0.0204822607338,"var":0.00228493055329},"barkbands_kurtosis":{"dmean":1.88445711136,"dmean2":2.93256115913,"dvar":13.2652339935,"dvar2":31.0006408691,"max":123.873710632,"mean":3.33424544334,"median":0.528282761574,"min":-1.92983460426,"var":55.4362869263},"barkbands_skewness":{"dmean":0.426371216774,"dmean2":0.65732306242,"dvar":0.18050815165,"dvar2":0.404538303614,"max":8.56492424011,"mean":1.07199263573,"median":0.847983241081,"min":-3.17153859138,"var":1.78497469425},"barkbands_spread":{"dmean":5.07232093811,"dmean2":7.63806819916,"dvar":46.2047348022,"dvar2":95.3364181519,"max":105.020431519,"mean":23.3090457916,"median":21.2554092407,"min":0.801160871983,"var":208.536361694},"dissonance":{"dmean":0.0204564612359,"dmean2":0.0342058166862,"dvar":0.000413372530602,"dvar2":0.00114375655539,"max":0.500000059605,"mean":0.45525470376,"median":0.463434815407,"min":0.207124978304,"var":0.00113553029951},"dynamic_complexity":3.30764126778,"erbbands":{"dmean":[0.0382191315293,0.239191308618,0.900468528271,1.96701312065,3.83530807495,4.74984073639,6.40060758591,4.913002491,5.39099597931,7.38935518265,15.0789728165,12.481306076,20.6622161865,30.129032135,17.256155014,17.6273021698,29.2574977875,26.7431240082,55.3086624146,29.4655437469,13.4113225937,9.80464363098,14.742808342,4.66541910172,5.19669818878,4.11401081085,2.04318785667,1.72847247124,2.26233077049,2.42854380608,2.42597484589,2.07083392143,1.35967564583,0.751993894577,0.564194858074,0.288663208485,0.0372827909887,0.00250558182597,0.000161549760378,0.0000130483822431],"dmean2":[0.0640810802579,0.391177862883,1.51340901852,3.2383711338,6.17972517014,7.55194711685,9.00176143646,7.51516866684,8.23154067993,11.1139183044,22.384475708,18.539894104,32.1642913818,46.7166175842,27.0007629395,28.4154338837,47.7470397949,42.07787323,89.7891159058,46.9972038269,21.2434520721,15.6730289459,23.233165741,7.3034787178,8.17168998718,6.29082965851,3.01177740097,2.41337680817,3.14688134193,3.42512607574,3.41521048546,2.96467018127,2.00478029251,1.13412833214,0.887744069099,0.467207044363,0.0614687614143,0.00417177705094,0.000270281743724,0.0000204444731935],"dvar":[0.0068221995607,0.1033558622,1.37686121464,8.9158039093,54.3426055908,112.916435242,181.445770264,103.909461975,122.818725586,343.293395996,1113.23937988,802.22052002,3994.14453125,7459.65380859,3276.11352539,1594.20935059,6734.61328125,5540.69287109,24654.2070312,6539.93212891,1481.39440918,1113.73327637,1913.60913086,114.502754211,147.43057251,71.2674942017,30.2501945496,26.164598465,53.0937652588,48.0384750366,49.689994812,47.430229187,15.0085334778,6.03093624115,5.99241399765,1.43109500408,0.0256240162998,0.000125645950902,5.6982020169e-7,1.34428179699e-9],"dvar2":[0.0199316628277,0.314199596643,3.98776435852,22.930770874,137.029220581,277.803039551,342.720916748,250.138290405,284.948669434,791.479125977,2518.42358398,1761.21728516,9885.65332031,21366.2695312,8554.79199219,3958.39794922,17979.9648438,12600.4462891,63919.453125,17059.6171875,3641.90844727,2679.24316406,4605.49023438,278.690002441,384.83392334,164.487075806,59.5838317871,43.8088569641,95.2043533325,93.4085464478,95.878364563,96.04246521,33.044593811,14.534743309,14.929898262,3.59458327293,0.0668444111943,0.000334307231242,0.00000153841290285,3.49076745287e-9],"max":[1.1677107811,4.07977676392,15.9501237869,58.9399604797,159.813919067,301.544464111,662.786132812,300.432891846,260.91229248,414.485748291,641.371948242,820.007080078,1952.84301758,2359.65307617,1527.03100586,1555.62121582,1576.86645508,2379.92138672,3924.67993164,1825.91149902,1048.64672852,1572.36230469,1377.90197754,299.003448486,517.407043457,204.394577026,197.677993774,252.58934021,415.688812256,297.124542236,421.269866943,292.292602539,97.4181060791,54.6220550537,116.975128174,21.8761768341,2.51049876213,0.202913895249,0.0154200922698,0.0006833455991],"mean":[0.101618766785,0.609682142735,1.77572476864,3.9845263958,6.79725885391,8.93905830383,14.9199619293,10.6267375946,10.330827713,13.6368169785,27.01313591,23.6892604828,38.1036834717,51.5144958496,30.9639720917,33.8605537415,51.3389968872,49.0156402588,88.943687439,55.2607421875,26.7770614624,20.8694114685,30.4542236328,11.3794536591,12.4617586136,9.72025775909,4.15202140808,3.27911424637,4.12321090698,4.48494815826,4.65926742554,3.96820569038,2.39847683907,1.08362650871,0.634803175926,0.280183285475,0.033044051379,0.0021917799022,0.000158937793458,0.0000368544933735],"median":[0.0310603044927,0.453597605228,1.22011852264,2.41654205322,3.08050608635,4.00033569336,7.17978906631,5.04648685455,5.29501152039,5.21022319794,8.94659900665,8.48844242096,14.9607257843,16.1163330078,11.0324630737,13.5403957367,11.4784603119,17.5922222137,19.7330513,9.45877933502,7.29979324341,5.77040433884,7.05469036102,5.03894138336,6.4091758728,4.4740729332,1.4709302187,0.835681319237,0.949247837067,1.11490178108,1.33898019791,1.11838018894,0.718310594559,0.243152946234,0.0839365273714,0.0195108875632,0.00218328065239,0.000199055721168,0.0000338976824423,0.0000292900167551],"min":[6.37901453172e-23,5.22703375741e-22,1.40707703501e-21,5.58875654753e-21,4.17660576112e-21,8.58718246656e-21,4.46282519724e-20,8.05686518206e-20,1.7386563579e-19,1.58993522912e-19,2.59427363045e-19,4.38953318219e-19,6.27197033265e-19,6.92775963927e-19,9.45684368264e-19,1.05951806903e-18,1.514515796e-18,2.22294408507e-18,2.57501448765e-18,2.71756748569e-18,2.43937175644e-18,3.97569306736e-18,5.9070861786e-18,4.72406776937e-18,5.44825819181e-18,7.16472165576e-18,8.68948022249e-18,9.448516869e-18,9.42482558908e-18,9.48514690807e-18,1.11630389401e-17,9.48821492096e-18,8.40192246307e-18,7.31265380933e-18,5.37180312856e-18,4.01904891199e-18,2.14798084206e-18,9.02465732222e-19,2.53073504417e-19,2.66597888045e-20],"var":[0.0271567907184,0.34398946166,3.26223015785,24.1353797913,120.691268921,242.077178955,803.341125488,343.711212158,268.012145996,693.250915527,2453.14477539,1964.01269531,8273.80957031,14382.9794922,6847.37402344,3604.76269531,14631.78125,12302.1445312,43738.90625,14412.3193359,3976.40234375,2469.36987305,5336.96533203,389.584411621,388.933898926,224.907623291,83.2315750122,89.9445648193,161.115219116,134.766204834,140.363540649,104.489463806,29.0592384338,8.09794521332,5.74079751968,1.31425631046,0.0202689059079,0.0000927574001253,4.08295079524e-7,1.60859703335e-9]},"erbbands_crest":{"dmean":3.02025318146,"dmean2":4.92607116699,"dvar":8.29502010345,"dvar2":21.7213783264,"max":30.9167613983,"mean":10.8873662949,"median":9.74406433105,"min":2.17157125473,"var":28.1289234161},"erbbands_flatness_db":{"dmean":0.0175315979868,"dmean2":0.0255714282393,"dvar":0.000281637272565,"dvar2":0.000595174904447,"max":0.364449799061,"mean":0.169532388449,"median":0.16929577291,"min":0.0241366997361,"var":0.0021981575992},"erbbands_kurtosis":{"dmean":1.18755459785,"dmean2":1.88475561142,"dvar":2.99357032776,"dvar2":7.88207149506,"max":40.4867477417,"mean":1.45181393623,"median":0.599522829056,"min":-1.81556224823,"var":8.0584897995},"erbbands_skewness":{"dmean":0.356432646513,"dmean2":0.537808358669,"dvar":0.106948643923,"dvar2":0.241220682859,"max":4.77502536774,"mean":0.163786590099,"median":0.153527289629,"min":-3.42612719536,"var":0.709140598774},"erbbands_spread":{"dmean":6.90563869476,"dmean2":10.4071149826,"dvar":66.8499450684,"dvar2":139.416519165,"max":140.480453491,"mean":31.7421035767,"median":27.5790634155,"min":2.06446146965,"var":380.187164307},"gfcc":{"cov":[[27158.5957031,1031.58203125,-3074.30029297,979.416381836,-1313.31787109,1013.2789917,-934.225341797,624.284545898,-240.053100586,5.30895519257,-173.106079102,-278.963989258,-204.396682739],[1031.58203125,1109.61315918,-307.733215332,-196.781326294,56.2160263062,-95.3479385376,30.6019535065,-117.64175415,-44.5235786438,-131.262908936,102.179420471,-100.441452026,29.5745277405],[-3074.30029297,-307.733215332,842.956726074,21.6314907074,76.9192047119,-121.292602539,53.3001060486,-88.8608474731,-27.9760379791,72.6401748657,-76.2663650513,114.655395508,-2.10770153999],[979.416381836,-196.781326294,21.6314907074,432.758209229,-32.8515281677,40.1630859375,-48.2379264832,74.2418670654,98.5144348145,-7.44101667404,-23.5469875336,-2.01451206207,8.89004421234],[-1313.31787109,56.2160263062,76.9192047119,-32.8515281677,250.555908203,-34.0005493164,69.444519043,7.4433131218,31.1491832733,-1.75121974945,13.5914611816,5.2767457962,34.2138938904],[1013.2789917,-95.3479385376,-121.292602539,40.1630859375,-34.0005493164,293.743682861,87.069190979,44.0331077576,-1.65619266033,26.0259590149,43.3775558472,-16.6723918915,-18.1455001831],[-934.225341797,30.6019535065,53.3001060486,-48.2379264832,69.444519043,87.069190979,213.443511963,4.99821090698,-1.20582270622,0.477993875742,58.5063056946,-2.35115814209,1.34334528446],[624.284545898,-117.64175415,-88.8608474731,74.2418670654,7.4433131218,44.0331077576,4.99821090698,169.565841675,66.0350189209,19.1150455475,-7.90603971481,-9.24924373627,6.17496156693],[-240.053100586,-44.5235786438,-27.9760379791,98.5144348145,31.1491832733,-1.65619266033,-1.20582270622,66.0350189209,176.641738892,-4.15106487274,23.7329463959,-19.9182929993,24.4724140167],[5.30895519257,-131.262908936,72.6401748657,-7.44101667404,-1.75121974945,26.0259590149,0.477993875742,19.1150455475,-4.15106487274,127.756530762,11.772321701,37.9021148682,-7.8282160759],[-173.106079102,102.179420471,-76.2663650513,-23.5469875336,13.5914611816,43.3775558472,58.5063056946,-7.90603971481,23.7329463959,11.772321701,156.807067871,11.5047798157,-1.79265892506],[-278.963989258,-100.441452026,114.655395508,-2.01451206207,5.2767457962,-16.6723918915,-2.35115814209,-9.24924373627,-19.9182929993,37.9021148682,11.5047798157,116.965461731,20.4117298126],[-204.396682739,29.5745277405,-2.10770153999,8.89004421234,34.2138938904,-18.1455001831,1.34334528446,6.17496156693,24.4724140167,-7.8282160759,-1.79265892506,20.4117298126,80.1089248657]],"icov":[[0.000407101266319,-0.000856952741742,0.00102459231857,-0.000999396550469,0.00112315476872,-0.00129179912619,0.00131436402444,-0.00116161152255,0.000937403645366,-0.000859746942297,0.0010610872414,-0.000868566508871,0.000662823265884],[-0.000856952741742,0.00339348148555,-0.00166619441006,0.00244369055144,-0.00261994730681,0.0033819519449,-0.00295365438797,0.0032865179237,-0.00156686361879,0.00265861046501,-0.00324212666601,0.00291200610809,-0.0021491961088],[0.00102459231857,-0.00166619441006,0.00479658134282,-0.00286889006384,0.00238524586894,-0.00215543969534,0.00189174234401,-0.00131744425744,0.00205597025342,-0.00305019924417,0.00395050970837,-0.00367711368017,0.00233599822968],[-0.000999396550469,0.00244369055144,-0.00286889006384,0.00560822663829,-0.00242810696363,0.00246902066283,-0.00228924490511,0.0021400062833,-0.00376965245232,0.00302426004782,-0.00259562488645,0.00216328632087,-0.00184241030365],[0.00112315476872,-0.00261994730681,0.00238524586894,-0.00242810696363,0.00827317871153,-0.00275457673706,0.00183869781904,-0.00373357138596,0.00180828617886,-0.00258912541904,0.00299136922695,-0.00213474826887,0.0000702175311744],[-0.00129179912619,0.0033819519449,-0.00215543969534,0.00246902066283,-0.00275457673706,0.00946354866028,-0.0069677294232,0.00350143807009,-0.00219374289736,0.00160581816453,-0.0039697252214,0.00340590067208,-0.0018378373934],[0.00131436402444,-0.00295365438797,0.00189174234401,-0.00228924490511,0.00183869781904,-0.0069677294232,0.0120250899345,-0.00486610922962,0.00354238203727,-0.00146999431308,0.0007166613359,-0.00182177661918,0.00181213021278],[-0.00116161152255,0.0032865179237,-0.00131744425744,0.0021400062833,-0.00373357138596,0.00350143807009,-0.00486610922962,0.0123497899622,-0.00541713926941,0.000908298476133,-0.00137658033054,0.00215342594311,-0.00176781311166],[0.000937403645366,-0.00156686361879,0.00205597025342,-0.00376965245232,0.00180828617886,-0.00219374289736,0.00354238203727,-0.00541713926941,0.0109060555696,-0.00166247936431,-0.000243539441726,0.000677413016092,-0.00114058947656],[-0.000859746942297,0.00265861046501,-0.00305019924417,0.00302426004782,-0.00258912541904,0.00160581816453,-0.00146999431308,0.000908298476133,-0.00166247936431,0.0123362466693,-0.00400687893853,-0.000135182461236,-0.000508692581207],[0.0010610872414,-0.00324212666601,0.00395050970837,-0.00259562488645,0.00299136922695,-0.0039697252214,0.0007166613359,-0.00137658033054,-0.000243539441726,-0.00400687893853,0.0124819613993,-0.00556371733546,0.00359337800182],[-0.000868566508871,0.00291200610809,-0.00367711368017,0.00216328632087,-0.00213474826887,0.00340590067208,-0.00182177661918,0.00215342594311,0.000677413016092,-0.000135182461236,-0.00556371733546,0.0151385357603,-0.00628218660131],[0.000662823265884,-0.0021491961088,0.00233599822968,-0.00184241030365,0.0000702175311744,-0.0018378373934,0.00181213021278,-0.00176781311166,-0.00114058947656,-0.000508692581207,0.00359337800182,-0.00628218660131,0.0168729871511]],"mean":[-26.7466278076,99.5474319458,-120.109588623,29.0482368469,-55.7129402161,24.845746994,-43.5425796509,8.18881607056,-24.1177215576,-4.2293715477,-10.7509422302,-7.25262594223,-7.07424068451]},"hfc":{"dmean":6.27328205109,"dmean2":9.19111537933,"dvar":98.2397460938,"dvar2":211.313247681,"max":174.703720093,"mean":22.5941123962,"median":16.7414302826,"min":1.0878098711e-16,"var":463.471466064},"melbands":{"dmean":[0.000304900779156,0.000398214702727,0.000365474203136,0.000319228071021,0.000208818077226,0.000113778376544,0.0000845180329634,0.0000868093047757,0.000119124801131,0.0000862938759383,0.000108125772385,0.000131973225507,0.0000590176241531,0.0000553844765818,0.0000648536879453,0.0000531202858838,0.0000528308737557,0.0000965266954154,0.0000444995712314,0.0000343748251908,0.0000152941975102,0.0000101351488411,0.0000144085097418,0.0000145422818605,0.00000301176191897,0.00000422433959102,0.00000400371482101,0.00000264085474555,0.00000145474166402,0.00000108939968868,0.00000104443529381,0.00000128719727854,0.00000138174232234,0.00000141881446325,0.00000143857721469,0.00000139386327191,0.00000132304330691,0.00000102816647995,7.99685778929e-7,6.18713045242e-7],"dmean2":[0.000510521116666,0.000665806001052,0.000596553785726,0.000510190671775,0.00029802240897,0.000171690713614,0.000128417639644,0.000130521220854,0.000175713314093,0.000129824024043,0.000168484752066,0.00020517379744,0.0000923186089494,0.0000885014087544,0.000106826977571,0.0000863240711624,0.0000826190589578,0.000156553738634,0.0000708900915924,0.0000559076288482,0.0000248052874667,0.0000163945915119,0.000022983760573,0.0000232916336245,0.00000486016870127,0.00000695014614394,0.00000623429741609,0.00000411074870499,0.00000219037156057,0.00000161024945555,0.00000148544916101,0.00000182247026714,0.00000200279714591,0.00000205097194339,0.00000211079441215,0.00000195631037059,0.00000194843619283,0.0000015258010535,0.00000123704660382,9.6064866284e-7],"dvar":[2.95214164225e-7,2.58858847246e-7,3.1234560538e-7,4.27263017855e-7,1.88170361071e-7,4.99211836313e-8,2.77908824842e-8,3.79034652553e-8,6.41357758013e-8,3.94958163952e-8,9.9586308977e-8,1.42848037399e-7,4.01485422685e-8,1.93947435889e-8,3.32582246187e-8,1.63718016921e-8,2.65498805163e-8,7.77737554358e-8,1.25548273999e-8,1.07460005339e-8,2.59762966692e-9,1.30826449674e-9,1.9520434158e-9,2.03561878465e-9,4.92328434964e-11,1.03610744984e-10,7.07796737887e-11,3.17130835481e-11,1.55455596312e-11,1.26899636632e-11,8.9650587301e-12,1.88999805389e-11,1.67264865153e-11,1.71155294798e-11,1.7488094306e-11,1.97916769779e-11,2.17590112594e-11,8.82664080715e-12,6.45017459583e-12,4.81471676764e-12],"dvar2":[8.6034430069e-7,7.60053922022e-7,7.81743494827e-7,0.00000108611209271,3.77872339641e-7,1.17816611578e-7,6.45513651421e-8,8.68793108566e-8,1.44290112303e-7,9.28420931245e-8,2.45599721893e-7,4.03323269893e-7,1.07286496132e-7,4.90007288079e-8,8.82211637077e-8,4.19331769308e-8,5.97419642645e-8,1.9870535084e-7,3.13251042883e-8,2.78114065111e-8,6.4526419763e-9,3.05935077272e-9,5.11653075463e-9,5.00202723686e-9,1.23001567265e-10,2.85511697617e-10,1.64964694682e-10,7.56711499017e-11,3.36855508765e-11,2.63657654737e-11,1.48832838415e-11,3.54704182692e-11,3.33754586468e-11,3.41120083569e-11,3.68670545481e-11,3.45312389793e-11,4.76504426195e-11,1.87609233704e-11,1.58526265032e-11,1.20019333014e-11],"max":[0.0076870881021,0.00756129948422,0.011343142949,0.016027867794,0.0193834863603,0.00619617803022,0.00359620479867,0.0037844593171,0.00463379779831,0.00443603983149,0.00959101319313,0.0102714179084,0.00521433074027,0.00373821030371,0.00313026248477,0.00356734357774,0.00562008330598,0.00590399745852,0.00245042424649,0.00196377793327,0.00135892559774,0.00169029261451,0.00121491937898,0.00131048413459,0.000180171467946,0.00048178122961,0.000253063510172,0.000127986510051,0.000120325443277,0.000180200018804,0.000144667341374,0.000229365279665,0.000191616345546,0.000204578769626,0.000204287614906,0.000233844300965,0.000227765092859,0.000106475526991,0.0000593497461523,0.000045852331823],"mean":[0.000856615952216,0.000888604961801,0.000752064224798,0.000578108883929,0.000488498422783,0.000251326127909,0.000160187730216,0.000160135401529,0.000212577535422,0.000155057379743,0.000196029403014,0.000218781482545,0.000097508651379,0.0000968797830865,0.00011101191194,0.0000907761641429,0.0000876202248037,0.000147367347381,0.0000786634482211,0.0000592335927649,0.0000269231259153,0.0000192061179405,0.0000270354248642,0.000026555320801,0.00000631713965049,0.00000891377931111,0.00000891498621058,0.00000571196414967,0.00000268575990958,0.00000190868559002,0.00000186505906186,0.00000222115409088,0.00000246930108005,0.00000250800098911,0.00000264741288447,0.00000262547177954,0.0000023692450668,0.0000017923099449,0.00000121519565255,8.16007741378e-7],"median":[0.000441954965936,0.00068001600448,0.000459203845821,0.000254909973592,0.000249758129939,0.000123180740047,0.0000824972812552,0.0000575892918278,0.0000691072491463,0.0000493923507747,0.0000762211420806,0.0000622640436632,0.0000303725064441,0.0000294124583888,0.0000236518317251,0.0000263708407147,0.0000226659994951,0.0000289199670078,0.0000157051490532,0.00000956572512223,0.00000713566259947,0.0000050205981097,0.00000620448463451,0.00000573370653001,0.00000287184207082,0.00000428600651503,0.00000381294375984,0.00000241534439738,8.18706382688e-7,4.83726807943e-7,4.28670830388e-7,4.92080800996e-7,5.5461816828e-7,5.95368760514e-7,7.32780449653e-7,7.50675894778e-7,6.11416623997e-7,5.21311335433e-7,3.06781942072e-7,1.41011312849e-7],"min":[6.56818310069e-25,7.65203114585e-25,9.41908894127e-25,6.74338910774e-25,1.09882082235e-24,1.47386067948e-24,2.41364517119e-24,1.80784220004e-24,1.54198808776e-24,2.31296738981e-24,2.41833810472e-24,2.70475594725e-24,2.47758609465e-24,2.72705408681e-24,2.52871256435e-24,2.70924081871e-24,3.23577569345e-24,3.51691546487e-24,2.93640081055e-24,3.44165458464e-24,2.02979689319e-24,3.93268302725e-24,2.88600995364e-24,3.67091018547e-24,3.41185023635e-24,4.95148150355e-24,3.46126685004e-24,3.99043316754e-24,4.76155574644e-24,4.57698122728e-24,4.35304491554e-24,4.57675442977e-24,4.71016658606e-24,4.50662548416e-24,6.59124249103e-24,5.37570565483e-24,5.74884475161e-24,5.28733232863e-24,5.09180881454e-24,5.10460098298e-24],"var":[0.00000126600582462,6.66504433866e-7,8.16839133222e-7,8.82856852513e-7,7.61411911299e-7,1.73191835984e-7,5.9968790822e-8,8.06360915817e-8,1.42367426292e-7,9.24621943454e-8,2.08367268328e-7,2.79164851236e-7,8.04378572639e-8,4.34916529457e-8,6.95092694514e-8,3.58993972327e-8,5.52981553881e-8,1.34793765483e-7,2.68745186105e-8,2.18139160069e-8,6.2292708769e-9,2.56738363902e-9,4.21255474947e-9,4.81296247301e-9,1.26766430686e-10,2.17886916842e-10,2.11436687603e-10,8.57389922948e-11,3.63964795802e-11,3.15645252991e-11,3.04143550622e-11,5.09781765412e-11,5.02998233343e-11,4.21263891826e-11,4.38787721435e-11,5.46744940988e-11,3.88894055847e-11,1.82476846133e-11,8.96283568197e-12,5.62032668669e-12]},"melbands_crest":{"dmean":2.81391906738,"dmean2":4.64609622955,"dvar":6.79331159592,"dvar2":18.0443592072,"max":35.1028022766,"mean":12.9595088959,"median":11.9088153839,"min":1.56125152111,"var":30.2449607849},"melbands_flatness_db":{"dmean":0.0197060015053,"dmean2":0.0288664940745,"dvar":0.000392395100789,"dvar2":0.000791976402979,"max":0.500488340855,"mean":0.19152289629,"median":0.182930782437,"min":0.00314173079096,"var":0.00454050768167},"melbands_kurtosis":{"dmean":4.28149032593,"dmean2":6.63635587692,"dvar":78.5688934326,"dvar2":188.228256226,"max":297.921844482,"mean":9.64668464661,"median":3.29103755951,"min":-1.73033809662,"var":367.125915527},"melbands_skewness":{"dmean":0.54271197319,"dmean2":0.837917029858,"dvar":0.327379882336,"dvar2":0.735729932785,"max":16.1378974915,"mean":2.02312874794,"median":1.72757601738,"min":-2.21921682358,"var":3.01017856598},"melbands_spread":{"dmean":6.22694778442,"dmean2":9.55909729004,"dvar":76.4948654175,"dvar2":168.787185669,"max":199.750549316,"mean":29.4062786102,"median":27.0833129883,"min":0.861778497696,"var":491.707550049},"mfcc":{"cov":[[10918.0507812,-233.965820312,-326.475036621,-137.118286133,217.268508911,14.5940513611,-9.033203125,323.702667236,46.0072479248,536.516906738,69.6624908447,74.8597183228,-22.3630771637],[-233.965820312,1381.48999023,-185.643966675,-71.5636520386,-17.6013393402,-37.2803726196,93.4780807495,-52.0494003296,-111.313987732,-56.7897987366,-35.9705429077,-73.3540039062,-23.6492176056],[-326.475036621,-185.643966675,459.66607666,109.410552979,-38.118560791,75.6980667114,-47.1341438293,-28.7355976105,-0.253988057375,-70.4462280273,-7.27833795547,22.292224884,5.73588848114],[-137.118286133,-71.5636520386,109.410552979,327.894866943,85.3878479004,-32.5421524048,-89.5420913696,-3.46993398666,44.0823707581,-19.0340709686,-38.1099739075,14.3542308807,16.2240715027],[217.268508911,-17.6013393402,-38.118560791,85.3878479004,168.450424194,-16.0596313477,-58.4447288513,16.9446754456,34.6386032104,38.5711975098,-21.3307361603,5.97041893005,0.0161542277783],[14.5940513611,-37.2803726196,75.6980667114,-32.5421524048,-16.0596313477,171.795532227,75.1996307373,11.1476459503,-4.05131006241,-16.0241737366,25.9186401367,-0.323603540659,-1.03053355217],[-9.033203125,93.4780807495,-47.1341438293,-89.5420913696,-58.4447288513,75.1996307373,208.773376465,30.6902942657,-26.3596534729,1.84227013588,36.6375579834,-3.25730443001,10.3715744019],[323.702667236,-52.0494003296,-28.7355976105,-3.46993398666,16.9446754456,11.1476459503,30.6902942657,143.763946533,19.3303565979,55.4620399475,0.611346185207,17.3165664673,4.02312135696],[46.0072479248,-111.313987732,-0.253988057375,44.0823707581,34.6386032104,-4.05131006241,-26.3596534729,19.3303565979,140.836791992,29.1249752045,-9.37640380859,-16.5941371918,-5.85151195526],[536.516906738,-56.7897987366,-70.4462280273,-19.0340709686,38.5711975098,-16.0241737366,1.84227013588,55.4620399475,29.1249752045,185.041183472,19.8303699493,-2.55521345139,-17.8363819122],[69.6624908447,-35.9705429077,-7.27833795547,-38.1099739075,-21.3307361603,25.9186401367,36.6375579834,0.611346185207,-9.37640380859,19.8303699493,92.9092407227,29.790430069,9.07066059113],[74.8597183228,-73.3540039062,22.292224884,14.3542308807,5.97041893005,-0.323603540659,-3.25730443001,17.3165664673,-16.5941371918,-2.55521345139,29.790430069,92.1541595459,36.6795387268],[-22.3630771637,-23.6492176056,5.73588848114,16.2240715027,0.0161542277783,-1.03053355217,10.3715744019,4.02312135696,-5.85151195526,-17.8363819122,9.07066059113,36.6795387268,85.3209991455]],"icov":[[0.000112289366371,0.00000315524266625,0.0000341651721101,0.0000471114071843,-0.0000786725067883,-0.0000630166614428,0.0000597534854023,-0.00013843200577,0.0000449910803582,-0.000263309921138,-0.00000101139983144,-0.0000682045647409,-0.00000496213988299],[0.00000315524266625,0.000917618337553,0.000304894696455,-0.000042582538299,-0.000181040595635,0.000242611335125,-0.000478977482999,0.000211673221202,0.000710993015673,0.000265053764451,0.000239429995418,0.000634877884295,0.0000997622337309],[0.0000341651721101,0.000304894696455,0.00330724194646,-0.00123300158884,0.00143687147647,-0.00199728552252,0.00109061459079,0.000266816408839,0.000231372774579,0.000503641669638,0.000413214904256,-0.000709324784111,0.000318200531183],[0.0000471114071843,-0.000042582538299,-0.00123300158884,0.00456409109756,-0.00214493833482,0.000834363978356,0.000596400350332,-0.000161256612046,-0.000901685387362,0.000393557333155,0.000791707949247,-0.000409798609326,-0.000726413272787],[-0.0000786725067883,-0.000181040595635,0.00143687147647,-0.00214493833482,0.00881060026586,-0.00155885715503,0.00215915776789,-0.000196741020773,-0.000972899259068,-0.00145590084139,0.00143740605563,-0.00122472329531,-0.0000306013716909],[-0.0000630166614428,0.000242611335125,-0.00199728552252,0.000834363978356,-0.00155885715503,0.00867036078125,-0.00344263203442,-0.000433417211752,-0.000204618932912,0.00110506056808,-0.00172788836062,0.00103100517299,0.000527730328031],[0.0000597534854023,-0.000478977482999,0.00109061459079,0.000596400350332,0.00215915776789,-0.00344263203442,0.00807522516698,-0.00186349381693,0.000518208602443,-0.000141636293847,-0.00168293132447,0.000905220047571,-0.00144387606997],[-0.00013843200577,0.000211673221202,0.000266816408839,-0.000161256612046,-0.000196741020773,-0.000433417211752,-0.00186349381693,0.00913694594055,-0.000988722313195,-0.00225098547526,0.00205668131821,-0.00249082804658,0.000139389027026],[0.0000449910803582,0.000710993015673,0.000231372774579,-0.000901685387362,-0.000972899259068,-0.000204618932912,0.000518208602443,-0.000988722313195,0.00884669739753,-0.000803920498583,-0.000229630168178,0.002657990437,-0.000333482166752],[-0.000263309921138,0.000265053764451,0.000503641669638,0.000393557333155,-0.00145590084139,0.00110506056808,-0.000141636293847,-0.00225098547526,-0.000803920498583,0.0080916620791,-0.0023462807294,0.00100417027716,0.0014869129518],[-0.00000101139983144,0.000239429995418,0.000413214904256,0.000791707949247,0.00143740605563,-0.00172788836062,-0.00168293132447,0.00205668131821,-0.000229630168178,-0.0023462807294,0.0149291157722,-0.00562927266583,0.000300871761283],[-0.0000682045647409,0.000634877884295,-0.000709324784111,-0.000409798609326,-0.00122472329531,0.00103100517299,0.000905220047571,-0.00249082804658,0.002657990437,0.00100417027716,-0.00562927266583,0.0169402174652,-0.00598812941462],[-0.00000496213988299,0.0000997622337309,0.000318200531183,-0.000726413272787,-0.0000306013716909,0.000527730328031,-0.00144387606997,0.000139389027026,-0.000333482166752,0.0014869129518,0.000300871761283,-0.00598812941462,0.0148691395298]],"mean":[-655.34753418,124.618385315,-0.456081777811,8.77442836761,12.1900691986,5.93695211411,1.78731012344,5.30964708328,-6.09843444824,7.80103158951,-4.64286279678,-6.00482130051,-3.65973639488]},"pitch_salience":{"dmean":0.059598274529,"dmean2":0.0971304252744,"dvar":0.00276052765548,"dvar2":0.0071438816376,"max":0.958977103233,"mean":0.537934482098,"median":0.54078578949,"min":0.140684098005,"var":0.00990639720112},"silence_rate_20dB":{"dmean":0,"dmean2":0,"dvar":0,"dvar2":0,"max":1,"mean":1,"median":1,"min":1,"var":0},"silence_rate_30dB":{"dmean":0,"dmean2":0,"dvar":0,"dvar2":0,"max":1,"mean":1,"median":1,"min":1,"var":0},"silence_rate_60dB":{"dmean":0.0122576104477,"dmean2":0.0245176851749,"dvar":0.0121093932539,"dvar2":0.0267291292548,"max":1,"mean":0.0686156302691,"median":0,"min":0,"var":0.0639001578093},"spectral_centroid":{"dmean":185.251846313,"dmean2":275.104766846,"dvar":73815.203125,"dvar2":139605,"max":11703.6074219,"mean":1407.72338867,"median":1248.56762695,"min":214.149047852,"var":1680001},"spectral_complexity":{"dmean":2.35908770561,"dmean2":3.69011259079,"dvar":6.18376588821,"dvar2":13.2750606537,"max":52,"mean":17.1833438873,"median":17,"min":0,"var":77.5600967407},"spectral_contrast_coeffs":{"dmean":[0.044532712549,0.041046872735,0.0369394049048,0.0309747494757,0.0209862608463,0.0140412393957],"dmean2":[0.0733127817512,0.0656910166144,0.0588882043958,0.0500534176826,0.0329674184322,0.0221240092069],"dvar":[0.00135130400304,0.00113038753625,0.000907767913304,0.000649276014883,0.000308503134875,0.000175908950041],"dvar2":[0.00360915670171,0.0028534932062,0.00229665380903,0.00162634742446,0.000724935845938,0.000396446615923],"max":[-0.320114910603,-0.414518177509,-0.463531494141,-0.506498336792,-0.579580962658,-0.584893107414],"mean":[-0.649359047413,-0.704868078232,-0.725052237511,-0.725884914398,-0.765883982182,-0.7998265028],"median":[-0.652598917484,-0.707420527935,-0.724390625954,-0.725819528103,-0.765693128109,-0.79852771759],"min":[-0.985400497913,-0.979948580265,-0.976493000984,-0.972415328026,-0.967871904373,-0.965034365654],"var":[0.00848142057657,0.00579306529835,0.00576894078404,0.00529182842001,0.00271049025469,0.00131324061658]},"spectral_contrast_valleys":{"dmean":[0.342065304518,0.306398898363,0.266891330481,0.230433911085,0.212254554033,0.284671097994],"dmean2":[0.56955653429,0.501320838928,0.433203995228,0.364911139011,0.307469010353,0.36407110095],"dvar":[0.122615419328,0.10127979517,0.0802740380168,0.0725793763995,0.0809033066034,0.144304201007],"dvar2":[0.268483877182,0.211873754859,0.159632831812,0.135777741671,0.132145479321,0.234329685569],"max":[-5.59623336792,-5.32497930527,-4.6231713295,-5.83540821075,-5.84205245972,-7.36202478409],"mean":[-7.57827568054,-7.34282541275,-7.8040266037,-8.17389965057,-8.27496242523,-10.417924881],"median":[-7.0581741333,-6.9278049469,-7.38017463684,-7.71553039551,-7.80468893051,-10.0773296356],"min":[-28.4173812866,-28.5623836517,-27.824886322,-27.6508235931,-27.4852371216,-27.3967266083],"var":[6.65088844299,6.64283418655,6.36196374893,6.28002548218,6.30767059326,5.42805671692]},"spectral_decrease":{"dmean":1.16712606246e-9,"dmean2":1.80689563312e-9,"dvar":1.76240610915e-18,"dvar2":4.28381577759e-18,"max":2.40308606961e-28,"mean":-5.55572521321e-9,"median":-5.23321785906e-9,"min":-2.41573552273e-8,"var":1.20589714964e-17},"spectral_energy":{"dmean":0.00477920891717,"dmean2":0.00735044851899,"dvar":0.0000301539021166,"dvar2":0.0000723098855815,"max":0.0956484600902,"mean":0.023017892614,"median":0.0215394180268,"min":9.84762719771e-21,"var":0.000212999933865},"spectral_energyband_high":{"dmean":0.000356809439836,"dmean2":0.000485275755636,"dvar":7.96049107521e-7,"dvar2":0.00000151763140366,"max":0.0178001951426,"mean":0.000729889550712,"median":0.000242511217948,"min":7.0811248702e-21,"var":0.00000220621723201},"spectral_energyband_low":{"dmean":0.00195021717809,"dmean2":0.00326387630776,"dvar":0.00000552490473638,"dvar2":0.000015934016119,"max":0.0288089103997,"mean":0.0056965239346,"median":0.00458025746047,"min":1.40279995109e-23,"var":0.0000210366597457},"spectral_energyband_middle_high":{"dmean":0.00259767123498,"dmean2":0.00400358671322,"dvar":0.0000186630823009,"dvar2":0.0000463535034214,"max":0.0757455229759,"mean":0.00826597865671,"median":0.00556892435998,"min":1.17030324897e-21,"var":0.0000856073893374},"spectral_energyband_middle_low":{"dmean":0.00295059243217,"dmean2":0.0044730072841,"dvar":0.0000151636522787,"dvar2":0.0000364672123396,"max":0.0787428840995,"mean":0.00931570120156,"median":0.0076188351959,"min":1.36078834317e-22,"var":0.0000564277288504},"spectral_entropy":{"dmean":0.155791535974,"dmean2":0.218337744474,"dvar":0.0279079675674,"dvar2":0.053032245487,"max":9.8268699646,"mean":7.44171333313,"median":7.43915367126,"min":4.2586684227,"var":0.328394204378},"spectral_flux":{"dmean":0.0150770386681,"dmean2":0.0240171886981,"dvar":0.00023192804656,"dvar2":0.000539616099559,"max":0.288146972656,"mean":0.0680155828595,"median":0.0661759898067,"min":6.15341458343e-11,"var":0.00130051351152},"spectral_kurtosis":{"dmean":1.6342407465,"dmean2":2.63332009315,"dvar":3.69502210617,"dvar2":9.67490673065,"max":47.3390960693,"mean":5.40540409088,"median":4.68146419525,"min":-1.25068366528,"var":18.9499568939},"spectral_rms":{"dmean":0.000476237473777,"dmean2":0.000725642079487,"dvar":2.21740805273e-7,"dvar2":5.13218083142e-7,"max":0.00965999811888,"mean":0.00443248124793,"median":0.00458411034197,"min":3.09958721016e-12,"var":0.00000280941912933},"spectral_rolloff":{"dmean":375.386779785,"dmean2":623.571594238,"dvar":892650.125,"dvar2":1999349.125,"max":19659.8144531,"mean":1778.99060059,"median":1335.05859375,"min":43.06640625,"var":5911857.5},"spectral_skewness":{"dmean":0.205950826406,"dmean2":0.31593772769,"dvar":0.0423728935421,"dvar2":0.095735013485,"max":6.00310325623,"mean":1.76978635788,"median":1.73802423477,"min":-0.294064611197,"var":0.396350443363},"spectral_spread":{"dmean":601851.3125,"dmean2":846039.75,"dvar":950494887936,"dvar2":1823757828100,"max":42594896,"mean":5031855,"median":4072486.75,"min":1805034.375,"var":20328422047700},"spectral_strongpeak":{"dmean":0.897652745247,"dmean2":1.54636418819,"dvar":2.33077216148,"dvar2":6.11504220963,"max":23.4903373718,"mean":1.48616659641,"median":0.538461089134,"min":0,"var":4.13831949234},"zerocrossingrate":{"dmean":0.00951567105949,"dmean2":0.0109381480142,"dvar":0.000189838508959,"dvar2":0.000249229487963,"max":0.52734375,"mean":0.06785736233,"median":0.056640625,"min":0.0068359375,"var":0.00387891102582}},"metadata":{"audio_properties":{"analysis_sample_rate":44100,"bit_rate":0,"codec":"flac","downmix":"mix","equal_loudness":0,"length":231.106674194,"lossless":true,"md5_encoded":"792dd0e6e4e53202fc714da9f51d9d13","replay_gain":-12.2964458466,"sample_rate":44100},"tags":{"album":["Greatest Hits"],"albumartist":["Bee Gees"],"albumartistsort":["Bee Gees"],"artist":["Bee Gees"],"artistsort":["Bee Gees"],"barcode":["4607147861974"],"catalognumber":["16036-1","16036-2"],"date":["2008"],"discnumber":["1"],"disctotal":["2"],"file_name":"10. Melody Fair.flac","genre":["Pop","Oldies"],"isrc":["GBA076900080"],"label":["Star Mark","Star Mark"],"language":["eng"],"media":["CD"],"musicbrainz_albumartistid":["bf0f7e29-dfe1-416c-b5c6-f9ebc19ea810"],"musicbrainz_albumid":["084a82ee-cabf-4884-8ae5-dbe166a2391b"],"musicbrainz_artistid":["bf0f7e29-dfe1-416c-b5c6-f9ebc19ea810"],"musicbrainz_recordingid":["dffe6031-9368-4488-98c3-0fea1a4100df"],"musicbrainz_releasegroupid":["2ac2dfb7-e337-4545-9f9d-b5ba3118b3fe"],"musicip_puid":["b9371874-24f3-e1db-fbdb-2e8c871cf53c"],"originaldate":["2008"],"releasecountry":["RU"],"releasestatus":["bootleg"],"releasetype":["album","compilation"],"script":["Latn"],"title":["Melody Fair"],"totaldiscs":["2"],"totaltracks":["23"],"tracknumber":["10"],"tracktotal":["23"]},"version":{"essentia":"2.1-beta2","essentia_build_sha":"70f2e5ece6736b2c40cc944ad0e695b16b925413","essentia_git_sha":"v2.1_beta2","extractor":"music 1.0"}},"rhythm":{"beats_count":621,"beats_loudness":{"dmean":0.010068683885,"dmean2":0.0173504073173,"dvar":0.000100656536233,"dvar2":0.000267668394372,"max":0.0868333876133,"mean":0.0279864966869,"median":0.0265758242458,"min":0,"var":0.000257792969933},"beats_loudness_band_ratio":{"dmean":[0.161020696163,0.123839087784,0.0912923961878,0.101939745247,0.0890065804124,0.0538892075419],"dmean2":[0.27613735199,0.212803095579,0.159702092409,0.179648801684,0.152826622128,0.09834852