{"lowlevel":{"average_loudness":0.57933396101,"barkbands":{"dmean":[0.00214160373434,0.00438754074275,0.00151054398157,0.00100013089832,0.00218908139504,0.000758246227633,0.000554905855097,0.000312604213832,0.00052008102648,0.000398472620873,0.000514013634529,0.00023434504692,0.00018332383479,0.000262544373982,0.0000634125390206,0.0000341277918778,0.0000217876531678,0.0000146241090988,0.0000144704545164,0.00000695662720318,0.0000053857866078,0.00000274866329164,0.00000214697934098,0.00000173876310328,0.00000185130659247,0.00000301266618408,0.000114233553177],"dmean2":[0.00334687740542,0.00684918509796,0.00236386153847,0.00170480902307,0.00335655082017,0.00114680244587,0.000880396575667,0.000486078963149,0.000763646909036,0.000627875211649,0.000822180474643,0.000352595176082,0.000298605446005,0.000431253749412,0.000101397235994,0.0000533485726919,0.0000351025119016,0.0000244887996814,0.0000237034437305,0.0000109282600533,0.00000858437942952,0.0000045497768042,0.00000359504224434,0.00000292699314741,0.00000310420205096,0.00000494677124152,0.000163510223501],"dvar":[0.0000233481277974,0.0000761850387789,0.00000686910561853,0.00000224882683142,0.0000156551595865,0.00000265800827037,0.0000013484569763,4.00556643854e-7,0.00000287662601295,0.00000198743009605,0.00000518639899383,0.00000113994917683,0.00000255211512012,0.00000120323272768,3.81325619969e-8,1.41184051117e-8,5.03995645218e-9,2.30795316192e-9,4.93466689733e-9,5.14628173409e-10,5.91200255418e-10,4.16026137151e-11,3.93824001188e-11,8.81486203475e-12,9.73627081735e-12,4.2134209316e-11,1.33852253725e-7],"dvar2":[0.000059389967646,0.00019800598966,0.0000161463685799,0.00000660612977299,0.000043282569095,0.00000577741366214,0.00000347487753061,9.15092869036e-7,0.00000596405561737,0.00000496990605825,0.0000128331903397,0.0000025184090191,0.00000524859524376,0.00000333563389177,9.24317262729e-8,2.93636226445e-8,1.18628724621e-8,6.5462533172e-9,1.33227855414e-8,1.1218406204e-9,1.4875136678e-9,1.05780703641e-10,1.10809687814e-10,2.3304603039e-11,2.53024528413e-11,1.12036206701e-10,2.55619880818e-7],"max":[0.0762315243483,0.103800430894,0.0470864288509,0.0222086422145,0.11320798099,0.0527631826699,0.0320504680276,0.012151254341,0.0576197393239,0.0490912348032,0.0778692439198,0.0367147512734,0.0817114636302,0.0304719526321,0.00458256434649,0.00601997505873,0.00278586614877,0.00143907719757,0.00260955793783,0.00085740693612,0.00133904395625,0.000205626667594,0.000246493902523,0.0000457760543213,0.0000457754613308,0.00024379901879,0.0158081557602],"mean":[0.00445108348504,0.00927643012255,0.00261237099767,0.00164560356643,0.00751667097211,0.00194458989426,0.00112560112029,0.000580831780098,0.00103019305971,0.00087484944379,0.00127129617613,0.000397046969738,0.000284722540528,0.000383258797228,0.000125013204524,0.0000628234192845,0.0000414531023125,0.0000272087672784,0.0000301225263684,0.0000130040371005,0.0000112005509436,0.00000421324875788,0.00000305375124299,0.00000189885315649,0.00000194901372197,0.00000430040245192,0.000319784478052],"median":[0.000670986424666,0.00268096616492,0.000932044000365,0.000827545358334,0.0023397821933,0.000751486222725,0.000386085244827,0.000183823460247,0.000205848700716,0.000126905535581,0.0000499347079312,0.0000525308751094,0.0000336307493853,0.0000197901554202,0.0000159031696967,0.00000717788407201,0.00000600958037467,0.00000433659897681,0.00000326142912854,0.00000223364418162,0.00000174067201897,0.00000117644151487,7.82574147706e-7,6.42141060325e-7,6.80955508869e-7,0.00000122208882658,0.0000436933842138],"min":[7.69768746522e-8,2.48169271799e-7,3.16467321682e-7,2.04922461222e-8,4.65200358235e-8,5.3218722762e-9,7.24615611958e-9,5.30737587212e-9,9.27823684549e-9,7.52428785944e-9,4.19098666882e-9,7.30799243343e-9,8.83412809571e-9,8.8691942679e-9,6.33877883516e-9,1.72277014876e-9,2.53529330863e-9,1.96411997777e-9,5.27742827217e-9,6.45078834793e-9,4.42696990177e-9,4.5952099903e-9,3.95451182911e-9,4.87340390265e-9,2.79152340132e-10,1.01406341102e-8,7.13763199656e-8],"var":[0.0000643800231046,0.000204773197765,0.0000220699093916,0.00000519870445714,0.000213842402445,0.0000156423375302,0.00000531187833985,0.00000103993897937,0.00000810174969956,0.00000929635280045,0.000031264993595,0.00000196551354747,0.00000354602980224,0.00000173307716977,1.01093874605e-7,5.04579276139e-8,1.22491208288e-8,6.57068621734e-9,1.74908763029e-8,1.96697280685e-9,4.45870540489e-9,1.39861372483e-10,1.58006649431e-10,1.10945497581e-11,1.14961226302e-11,1.83562803846e-10,7.14684745162e-7]},"barkbands_crest":{"dmean":2.32076644897,"dmean2":3.7787232399,"dvar":4.47084999084,"dvar2":12.1581869125,"max":26.1287574768,"mean":11.920545578,"median":10.8286876678,"min":3.49527788162,"var":23.9290599823},"barkbands_flatness_db":{"dmean":0.0350202992558,"dmean2":0.0561062470078,"dvar":0.000939070363529,"dvar2":0.00257142726332,"max":0.528171181679,"mean":0.230349630117,"median":0.220207870007,"min":0.0630072057247,"var":0.00511145312339},"barkbands_kurtosis":{"dmean":11.8765602112,"dmean2":19.1594028473,"dvar":477.162506104,"dvar2":1170.01000977,"max":500.023834229,"mean":26.7897930145,"median":13.2387428284,"min":-1.7435863018,"var":1867.82458496},"barkbands_skewness":{"dmean":0.91664069891,"dmean2":1.47425282001,"dvar":1.24555528164,"dvar2":3.38213849068,"max":16.2817058563,"mean":2.9553604126,"median":2.48928451538,"min":-4.0786948204,"var":4.33301925659},"barkbands_spread":{"dmean":3.00599980354,"dmean2":4.71024084091,"dvar":22.025177002,"dvar2":53.3996772766,"max":106.402046204,"mean":11.1500558853,"median":7.16562795639,"min":0.267576754093,"var":129.689407349},"dissonance":{"dmean":0.041005667299,"dmean2":0.0689982250333,"dvar":0.00143965380266,"dvar2":0.00392537983134,"max":0.5,"mean":0.413426786661,"median":0.426587581635,"min":0.122332304716,"var":0.00324161606841},"dynamic_complexity":4.37557458878,"erbbands":{"dmean":[0.24868106842,0.615188717842,1.55604434013,2.42614102364,5.25720357895,8.70822811127,6.83756542206,6.26769971848,5.34894037247,10.6567964554,6.96324396133,11.3671150208,9.59013080597,15.8241262436,18.1086673737,9.23889732361,7.62894248962,14.8463287354,3.58455753326,2.9267385006,1.39955115318,1.27553713322,0.802382349968,0.874846935272,0.522158563137,0.322487205267,0.30091586709,0.134413361549,0.102660961449,0.0816293135285,0.0556430965662,0.0386927388608,0.0278163831681,0.0199633408338,0.0136195523664,0.00870248489082,0.00545158376917,0.00387584907003,0.00351755414158,0.00525245117024],"dmean2":[0.38164627552,1.00094854832,2.4130449295,4.07718420029,8.49623394012,13.3741254807,10.1237125397,9.23435401917,8.14211750031,17.3102397919,10.5518312454,16.430814743,14.4860086441,25.0749492645,28.6232051849,13.945151329,12.140999794,24.2104110718,5.73701906204,4.61847257614,2.14092111588,2.04699730873,1.33649492264,1.43558812141,0.846682965755,0.504684090614,0.483124792576,0.216604322195,0.169037997723,0.13668744266,0.0928541049361,0.0651341825724,0.0468494072556,0.0335254110396,0.022805986926,0.0145162893459,0.00891040079296,0.00607491610572,0.0051705846563,0.00758783053607],"dvar":[0.295288264751,1.45222425461,7.66941785812,12.3141822815,69.7386245728,395.864807129,169.103210449,186.459228516,113.621826172,638.489990234,278.902282715,1709.85229492,747.370666504,3000.23022461,5674.51855469,2932.69262695,3085.33105469,4027.47998047,114.824386597,75.904876709,35.2556419373,20.9846668243,6.6282916069,18.815322876,4.27561092377,1.05490064621,2.55950593948,0.130760744214,0.0709682404995,0.0835290327668,0.0148822981864,0.0045512849465,0.00225812965073,0.00114274874795,0.000524783041328,0.000215553955059,0.0000915509444894,0.000105361490569,0.000115726485092,0.000158318172907],"dvar2":[0.743593871593,4.04506254196,17.2198696136,35.1123390198,184.333877563,1140.43994141,359.856201172,382.97845459,262.367462158,1669.75170898,580.069396973,3372.15429688,1720.90478516,7691.47753906,13971.9619141,5916.30078125,6284.48388672,11159.3261719,291.119567871,180.480133057,66.5565490723,49.0204658508,18.6046199799,51.0677986145,11.1512489319,2.310151577,6.57839918137,0.289275199175,0.186526998878,0.234615772963,0.038816023618,0.0119837941602,0.00595577713102,0.00299334409647,0.00135385035537,0.00054474308854,0.000218656947254,0.000232950333157,0.00020992399368,0.000402559322538],"max":[7.03039455414,19.1584300995,54.1021690369,56.8162345886,173.452438354,506.625335693,474.003936768,637.354064941,403.813262939,627.167724609,497.901763916,1484.80505371,692.396728516,1716.72216797,2923.9453125,2329.29248047,2688.24414062,1826.22595215,238.493881226,238.390411377,341.758514404,195.4559021,77.0684204102,185.908721924,124.16317749,36.637008667,89.9680175781,11.7109355927,9.1570558548,10.3858671188,5.01320981979,1.15082669258,0.745244920254,0.511759281158,0.326091438532,0.205942466855,0.292500853539,0.464527577162,0.514121234417,0.348347485065],"mean":[0.534763097763,1.07389509678,2.87630271912,4.30476903915,11.8168344498,29.508014679,24.5479278564,16.3464183807,12.3303060532,20.4288864136,13.8970575333,22.8677654266,20.9918689728,36.3901939392,47.3963890076,16.9374084473,13.3143625259,21.8222980499,7.38202047348,5.97210836411,3.03253912926,2.56475496292,1.59600770473,1.64349877834,1.25950777531,0.638158321381,0.6448777318,0.234852209687,0.155314803123,0.123377785087,0.0796934142709,0.0454163812101,0.0291381273419,0.0208556205034,0.0144875319675,0.00956495292485,0.00787745136768,0.00803263206035,0.0114405369386,0.0203782394528],"median":[0.100125476718,0.423369318247,1.03218853474,2.64067625999,6.21773004532,6.28940486908,5.79040622711,6.64138507843,5.45266866684,5.19666099548,4.57824277878,4.91367912292,4.47853660583,4.34890842438,2.89646458626,2.42147064209,1.86194956303,1.37933731079,1.06827795506,0.732189893723,0.40677011013,0.337599486113,0.260496109724,0.220560893416,0.152017280459,0.110196433961,0.081488750875,0.0622917562723,0.0434829257429,0.029529472813,0.0215554721653,0.0146560752764,0.0100964689627,0.00731008639559,0.00509632239118,0.00338410283439,0.00244690896943,0.00211078044958,0.00309134717099,0.0099909696728],"min":[0.0000160653671628,0.0000439697141701,0.000311753683491,0.000192261344637,0.000125568592921,0.0000982884957921,0.0000890668452485,0.0000605926506978,0.0000813158185338,0.000107754429337,0.000110334818601,0.000245508184889,0.000196769062313,0.000257560488535,0.000165794481291,0.000380245182896,0.000406690058298,0.000506203854457,0.000574710604269,0.000193616462639,0.000125794234918,0.000122865356389,0.000134383546538,0.000184066127986,0.000278843624983,0.000309266324621,0.00020868635329,0.000177663328941,0.000171655643499,0.000118294286949,0.00012430078641,0.000167179096024,0.0000228645185416,0.00000703967634763,0.00000525950827068,0.00000946828640735,0.0000276752143691,0.0000131863516799,0.00000699568136042,0.00000310290374728],"var":[0.817746043205,2.71924042702,27.1744556427,25.3729343414,295.855895996,4451.38671875,3120.35913086,1140.84558105,445.03918457,2094.59399414,749.739440918,5148.58105469,2914.58105469,10205.5146484,40836.8867188,4571.00732422,4736.92919922,6024.80761719,305.224822998,246.839889526,155.662139893,52.6563301086,21.497587204,43.7195091248,29.9338130951,4.57344579697,18.7122039795,0.570962905884,0.186908945441,0.283391624689,0.07489862293,0.00802912376821,0.00259371264838,0.00132210983429,0.000631099101156,0.00027344445698,0.000380147102987,0.00087337824516,0.00124931405298,0.000851657241583]},"erbbands_crest":{"dmean":2.72913169861,"dmean2":4.40462350845,"dvar":7.03752565384,"dvar2":17.8485736847,"max":31.3855285645,"mean":12.8478183746,"median":11.4824476242,"min":2.22542095184,"var":32.5700836182},"erbbands_flatness_db":{"dmean":0.0326955169439,"dmean2":0.0524365194142,"dvar":0.00080716580851,"dvar2":0.00221480662003,"max":0.446536660194,"mean":0.198117032647,"median":0.194006234407,"min":0.0347657985985,"var":0.00302112894133},"erbbands_kurtosis":{"dmean":3.56193614006,"dmean2":5.78275251389,"dvar":67.4899902344,"dvar2":190.460021973,"max":158.232971191,"mean":6.75727081299,"median":1.81360292435,"min":-1.73114264011,"var":227.171356201},"erbbands_skewness":{"dmean":0.485042124987,"dmean2":0.75621008873,"dvar":0.244428902864,"dvar2":0.610119640827,"max":9.0436258316,"mean":1.06216740608,"median":0.714520931244,"min":-4.14807271957,"var":2.65380430222},"erbbands_spread":{"dmean":4.41203927994,"dmean2":7.10147333145,"dvar":20.9486713409,"dvar2":53.8700752258,"max":115.306411743,"mean":18.0773143768,"median":16.185333252,"min":0.915638506413,"var":132.872695923},"gfcc":{"cov":[[6651.51123047,-329.367919922,-1319.91503906,-348.764465332,383.268035889,-39.588634491,181.69682312,245.39515686,197.406005859,217.680587769,188.918869019,54.1758270264,251.847564697],[-329.367919922,736.10369873,131.970932007,-218.159576416,113.089080811,34.9588623047,78.1725234985,-66.5855712891,56.1248092651,-27.9398937225,44.4103622437,-16.7985534668,48.9681663513],[-1319.91503906,131.970932007,987.626098633,274.152526855,-139.937789917,108.882225037,-159.596359253,-59.7663917542,-100.563117981,-25.0303440094,-32.0047073364,14.2284431458,24.1419467926],[-348.764465332,-218.159576416,274.152526855,443.672241211,82.823638916,87.4188079834,-16.9983272552,48.8359146118,-3.72639465332,51.7958297729,3.11112880707,55.4142417908,4.34666395187],[383.268035889,113.089080811,-139.937789917,82.823638916,357.356933594,103.405448914,135.910552979,23.9099273682,104.284927368,65.4845809937,68.2936782837,32.9082107544,47.3279418945],[-39.588634491,34.9588623047,108.882225037,87.4188079834,103.405448914,327.124420166,39.6334838867,93.4067687988,-6.79033041,49.9672775269,2.88560295105,45.6231575012,45.0897903442],[181.69682312,78.1725234985,-159.596359253,-16.9983272552,135.910552979,39.6334838867,180.705947876,54.3637008667,71.8269805908,2.52116274834,15.0029859543,20.5481338501,19.6419620514],[245.39515686,-66.5855712891,-59.7663917542,48.8359146118,23.9099273682,93.4067687988,54.3637008667,141.462249756,34.1163635254,30.3467197418,-6.92076873779,22.8906002045,25.9500789642],[197.406005859,56.1248092651,-100.563117981,-3.72639465332,104.284927368,-6.79033041,71.8269805908,34.1163635254,117.211456299,62.8127212524,37.9608383179,9.36492443085,12.5749998093],[217.680587769,-27.9398937225,-25.0303440094,51.7958297729,65.4845809937,49.9672775269,2.52116274834,30.3467197418,62.8127212524,112.986953735,64.1616363525,28.4313201904,3.43326020241],[188.918869019,44.4103622437,-32.0047073364,3.11112880707,68.2936782837,2.88560295105,15.0029859543,-6.92076873779,37.9608383179,64.1616363525,92.084022522,41.355758667,16.2906322479],[54.1758270264,-16.7985534668,14.2284431458,55.4142417908,32.9082107544,45.6231575012,20.5481338501,22.8906002045,9.36492443085,28.4313201904,41.355758667,84.8401947021,47.0103988647],[251.847564697,48.9681663513,24.1419467926,4.34666395187,47.3279418945,45.0897903442,19.6419620514,25.9500789642,12.5749998093,3.43326020241,16.2906322479,47.0103988647,98.1508102417]],"icov":[[0.000319755781675,0.000188668826013,0.000301981635857,0.000212036407902,-0.000256682513282,0.000252175901551,0.000018411936253,-0.000443007331342,0.000563409295864,-0.000699570868164,-0.000369899062207,0.000754045671783,-0.00122437695973],[0.000188668826013,0.00308917905204,-0.00114809267689,0.00223656045273,-0.00110561633483,-0.000581373460591,-0.00074186042184,0.000632886192761,-0.00170456804335,0.00182239280548,-0.00229561445303,0.00130771531258,-0.00115132948849],[0.000301981635857,-0.00114809267689,0.00293977395631,-0.00256981118582,0.00189156108536,-0.00112016918138,0.00116620201152,0.00110045005567,0.0000262011380983,0.000186031975318,-0.000953163893428,0.00181346724275,-0.00245343078859],[0.000212036407902,0.00223656045273,-0.00256981118582,0.00666012102738,-0.00431429641321,0.0016499964986,0.000136361079058,-0.00253105396405,0.00181337445974,-0.00275762472302,0.00290155224502,-0.00391965219751,0.00190138013568],[-0.000256682513282,-0.00110561633483,0.00189156108536,-0.00431429641321,0.009192741476,-0.00388632179238,-0.0032748982776,0.00480336882174,-0.00507253594697,0.00242535560392,-0.00492708059028,0.00427233986557,-0.00298937573098],[0.000252175901551,-0.000581373460591,-0.00112016918138,0.0016499964986,-0.00388632179238,0.00778423110023,-0.00131644064095,-0.00505074532703,0.0081394193694,-0.00849432032555,0.00563311297446,-0.00256822677329,-0.000708365347236],[0.000018411936253,-0.00074186042184,0.00116620201152,0.000136361079058,-0.0032748982776,-0.00131644064095,0.0140713052824,-0.0040236483328,-0.00788183696568,0.00934497918934,-0.00134515936952,-0.00428997259587,0.00342267984524],[-0.000443007331342,0.000632886192761,0.00110045005567,-0.00253105396405,0.00480336882174,-0.00505074532703,-0.0040236483328,0.0154737727717,-0.00554876821116,-0.00050049345009,0.00230283476412,0.00060791883152,-0.00256437179632],[0.000563409295864,-0.00170456804335,0.0000262011380983,0.00181337445974,-0.00507253594697,0.0081394193694,-0.00788183696568,-0.00554876821116,0.0298936981708,-0.02233617194,0.00697151944041,0.00222663581371,-0.00420309882611],[-0.000699570868164,0.00182239280548,0.000186031975318,-0.00275762472302,0.00242535560392,-0.00849432032555,0.00934497918934,-0.00050049345009,-0.02233617194,0.0384816899896,-0.0212944578379,0.000195242799236,0.00691361445934],[-0.000369899062207,-0.00229561445303,-0.000953163893428,0.00290155224502,-0.00492708059028,0.00563311297446,-0.00134515936952,0.00230283476412,0.00697151944041,-0.0212944578379,0.0345899984241,-0.0156709738076,0.00326511031017],[0.000754045671783,0.00130771531258,0.00181346724275,-0.00391965219751,0.00427233986557,-0.00256822677329,-0.00428997259587,0.00060791883152,0.00222663581371,0.000195242799236,-0.0156709738076,0.0301566552371,-0.0151771865785],[-0.00122437695973,-0.00115132948849,-0.00245343078859,0.00190138013568,-0.00298937573098,-0.000708365347236,0.00342267984524,-0.00256437179632,-0.00420309882611,0.00691361445934,0.00326511031017,-0.0151771865785,0.023207673803]],"mean":[-79.0486068726,129.48739624,-52.4803886414,-19.9034500122,-20.3733959198,-13.7006664276,-8.92079639435,-18.0564193726,-8.90383434296,-13.3332777023,-3.56383156776,-8.29104328156,-1.69665431976]},"hfc":{"dmean":66.2297744751,"dmean2":99.0948486328,"dvar":10901.5097656,"dvar2":29358.6972656,"max":2465.18896484,"mean":301.203796387,"median":181.894958496,"min":0.0276469551027,"var":123432.90625},"melbands":{"dmean":[0.00170373020228,0.000736463756766,0.000460504932562,0.000508118129801,0.000271459575742,0.000139206138556,0.0000873625176609,0.00010453446157,0.000064961190219,0.0000712344699423,0.0000496559550811,0.0000651308218949,0.0000746408331906,0.0000235396637436,0.0000298470313282,0.0000194323765754,0.0000272696433967,0.00000582257325732,0.00000498760118717,0.00000279733262687,0.00000151269296111,0.00000152115569563,8.13394706256e-7,8.39345318582e-7,7.499523349e-7,4.59375741002e-7,3.00862524227e-7,1.99611946528e-7,2.0713427773e-7,1.23854889011e-7,7.16268999668e-8,6.484270898e-8,5.0152550557e-8,4.79366981665e-8,3.46166224574e-8,2.75075109357e-8,2.28119692025e-8,1.96731839708e-8,1.78269274898e-8,1.64790296964e-8],"dmean2":[0.00261916150339,0.00115614384413,0.000765126140323,0.000793170533143,0.000400578574045,0.000206747747143,0.000133944209665,0.000168768383446,0.000098276315839,0.000103454447526,0.0000755484288675,0.000102653342765,0.000118788724649,0.0000353940267814,0.0000454972068837,0.000031695690268,0.0000444853139925,0.00000933384217205,0.00000796182848717,0.00000437654716734,0.0000023387665351,0.00000243418162427,0.00000133465414365,0.00000141353086747,0.00000122582321183,7.57896884807e-7,4.79804839415e-7,3.1503310538e-7,3.32389163304e-7,2.0060824113e-7,1.16359323954e-7,1.08182611314e-7,8.25667143545e-8,8.06549778076e-8,5.74877141446e-8,4.58607409826e-8,3.83946634486e-8,3.31423990474e-8,2.99987554797e-8,2.76637290852e-8],"dvar":[0.0000128813799165,0.00000162917922353,3.89576968018e-7,9.10000608201e-7,2.70882253517e-7,8.61318056877e-8,2.74517653054e-8,5.6782901936e-8,3.49892630425e-8,5.57604664664e-8,2.18676134978e-8,5.29534283089e-8,1.0891419322e-7,8.14209144551e-9,9.24039298411e-8,6.77266376314e-9,1.33236035538e-8,4.34323577103e-10,3.05359737496e-10,6.79337142095e-11,5.87768028693e-11,2.83843764465e-11,5.67069438281e-12,1.14209466537e-11,1.60548900563e-11,3.97627200263e-12,1.15189574459e-12,3.625675064e-13,9.71818871036e-13,2.91243320693e-13,3.67145143497e-14,3.77319635497e-14,1.62647300413e-14,4.90374512101e-14,7.60433484573e-15,3.03685790843e-15,1.57241946955e-15,1.13208632142e-15,9.20984535143e-16,7.76595434366e-16],"dvar2":[0.0000329278118443,0.00000389120077671,0.00000110055066216,0.0000025964118322,6.15267708781e-7,1.80438306074e-7,6.58208847426e-8,1.47002211293e-7,7.16806098922e-8,1.11497399757e-7,5.02602759411e-8,1.35540702217e-7,2.69248602081e-7,1.79195289718e-8,1.8067133567e-7,1.8286918646e-8,3.61067229449e-8,1.10677200738e-9,7.56234463939e-10,1.62146712723e-10,1.02538831592e-10,6.56750695494e-11,1.46957047226e-11,3.31270774701e-11,4.33211660988e-11,1.0207967284e-11,2.66280248719e-12,8.10418518318e-13,2.45890113826e-12,7.2940226992e-13,8.01308889034e-14,1.04543245805e-13,4.10362458532e-14,1.43632989617e-13,1.98811558443e-14,7.71662854465e-15,4.19520341589e-15,2.98847877461e-15,2.42367932297e-15,2.03053258039e-15],"max":[0.0468837842345,0.0222388133407,0.00840100739151,0.0194068439305,0.0225645992905,0.0123117612675,0.00523243937641,0.00567707978189,0.00537860579789,0.00799421779811,0.00393442390487,0.00775688234717,0.0127113144845,0.00278721307404,0.015256581828,0.00222680554725,0.00314460787922,0.000522171787452,0.000504817173351,0.000178621106897,0.000553656893317,0.000209175035707,0.0000621441504336,0.00011200136214,0.000172499407199,0.000123839854496,0.0000419866264565,0.0000161341176863,0.0000528345226485,0.0000276713162748,0.00000685182567395,0.00000653194365441,0.00000413857969761,0.00000736279025659,0.00000371016813006,0.00000148566357439,5.96932522967e-7,5.30379281827e-7,4.68218416927e-7,4.18735055518e-7],"mean":[0.00373519188724,0.00141998555046,0.000946293701418,0.00146501278505,0.0010905090021,0.000361820973922,0.000197074376047,0.000201271352125,0.00012366779265,0.000141547003295,0.000106734041765,0.000142918201163,0.000192085761228,0.0000444029319624,0.0000456868656329,0.0000295712670777,0.0000398616248276,0.0000112861525849,0.00000950749381445,0.00000544317208551,0.00000308145672534,0.00000292034246741,0.00000143139970987,0.00000148671381339,0.00000128864678572,0.00000106013965251,6.22049014964e-7,3.44557037124e-7,4.19582931954e-7,2.40032164811e-7,1.06967569025e-7,9.1699732252e-8,7.21897066569e-8,6.8862760827e-8,4.88225779804e-8,3.43846764395e-8,2.49184886059e-8,2.04327417208e-8,1.84388451174e-8,1.72188769909e-8],"median":[0.000897537800483,0.000590385054238,0.000579755520448,0.000537530053407,0.000225832467549,0.000136531540193,0.000085127314378,0.0000501651047671,0.0000330479670083,0.0000290192983812,0.0000200306349143,0.0000166581212397,0.00000848034142109,0.00000634028856439,0.00000411709606851,0.00000336047355631,0.00000208351707442,0.00000140925669712,0.00000115613909202,6.26719213415e-7,3.95308745738e-7,3.54428152605e-7,2.49142715347e-7,2.03719736191e-7,1.63409154652e-7,1.16056746435e-7,8.91185365504e-8,6.3129256489e-8,5.00321526431e-8,4.13835330448e-8,3.25280673508e-8,2.52331933126e-8,1.88991950978e-8,1.4918754232e-8,1.26201928907e-8,1.05006705553e-8,8.17716827584e-9,6.92214063847e-9,6.36128616449e-9,5.998002095e-9],"min":[1.43980841472e-7,1.4814190763e-7,4.22796624377e-8,1.26266712641e-8,3.52752915767e-9,1.35922184619e-9,1.61098356877e-9,9.09338104815e-10,9.48304879067e-10,1.4058934017e-9,1.08836828439e-9,9.54130108255e-10,5.51397427717e-10,7.98179855543e-10,9.564680159e-10,7.07967739988e-10,8.8184870517e-10,7.43353711918e-10,5.10828435107e-10,8.86778914189e-11,1.71575212371e-10,1.17471768424e-10,1.5861209568e-10,7.85100942591e-11,1.51132967252e-10,2.07733025226e-10,2.01046929105e-10,2.05323577585e-10,1.31441121876e-10,1.20276830162e-10,9.54361242811e-11,1.03908881499e-10,7.76049016715e-11,6.00950331164e-11,7.07966046898e-11,7.55037560252e-11,8.82196052321e-11,4.43199947228e-12,5.09425184328e-12,2.48868590666e-12],"var":[0.0000363394028682,0.00000514509065397,0.00000113198257168,0.00000571860482523,0.00000724404708308,5.2388156746e-7,1.16277824702e-7,1.87532052109e-7,9.02045655948e-8,1.69889119661e-7,9.12224820127e-8,1.82539793059e-7,7.6848647268e-7,1.77389534173e-8,1.31936999992e-7,1.05281987572e-8,2.02091818835e-8,1.12386344675e-9,7.17244319492e-10,2.16314882673e-10,2.90948459769e-10,7.49563189295e-11,1.30775650725e-11,2.69512728107e-11,3.39702710406e-11,2.60997907314e-11,5.37358395628e-12,1.14832514157e-12,6.81312688558e-12,1.94437456587e-12,8.85997479268e-14,7.25175873669e-14,5.20980014771e-14,1.3489213815e-13,3.37790776253e-14,7.93322418662e-15,2.07973397144e-15,1.30016984541e-15,1.04803672437e-15,9.0216049844e-16]},"melbands_crest":{"dmean":3.55482149124,"dmean2":5.78593301773,"dvar":12.2757444382,"dvar2":33.4120025635,"max":38.0034332275,"mean":17.78881073,"median":16.8889064789,"min":5.16146421432,"var":43.2218475342},"melbands_flatness_db":{"dmean":0.0423719994724,"dmean2":0.0680949911475,"dvar":0.0013293545926,"dvar2":0.00365895056166,"max":0.684173762798,"mean":0.360628217459,"median":0.351909428835,"min":0.101536393166,"var":0.0069465637207},"melbands_kurtosis":{"dmean":8.83146381378,"dmean2":14.4454965591,"dvar":254.41557312,"dvar2":695.360107422,"max":474.898345947,"mean":16.1293258667,"median":7.65312957764,"min":-1.91037428379,"var":638.926208496},"melbands_skewness":{"dmean":0.760643064976,"dmean2":1.22547781467,"dvar":0.685713350773,"dvar2":1.86596286297,"max":16.9851055145,"mean":2.34280943871,"median":2.0269048214,"min":-3.67346024513,"var":2.84829831123},"melbands_spread":{"dmean":2.23141694069,"dmean2":3.51184797287,"dvar":9.86467552185,"dvar2":24.5443515778,"max":91.8563842773,"mean":8.608086586,"median":6.06706666946,"min":0.336241930723,"var":64.2786407471},"mfcc":{"cov":[[7023.28076172,-130.035385132,-1694.81433105,-119.275360107,-195.532653809,-77.3686523438,-13.3552732468,48.4372215271,143.154449463,186.802215576,109.047683716,95.6186218262,112.269287109],[-130.035385132,850.666015625,-25.3928585052,-195.001220703,-13.8049764633,22.2584877014,16.4223308563,-12.9413328171,11.5051765442,-16.702671051,17.3949241638,-1.39360260963,2.21630311012],[-1694.81433105,-25.3928585052,1007.16711426,91.9450073242,126.07434845,57.6499557495,5.14901924133,-35.5504722595,-52.1383094788,-96.2163619995,-71.9326629639,-24.4112701416,-35.0793952942],[-119.275360107,-195.001220703,91.9450073242,324.094604492,93.9060058594,35.0137176514,0.388107985258,5.56599617004,1.97788023949,8.17649459839,8.77368736267,28.5991077423,15.2456817627],[-195.532653809,-13.8049764633,126.07434845,93.9060058594,212.294372559,137.711120605,70.2541503906,17.8436775208,37.6211128235,2.52430796623,26.1139202118,46.0258026123,26.6152458191],[-77.3686523438,22.2584877014,57.6499557495,35.0137176514,137.711120605,177.555892944,93.4710769653,36.8262939453,43.0738830566,6.69122123718,20.6117115021,48.858253479,37.229309082],[-13.3552732468,16.4223308563,5.14901924133,0.388107985258,70.2541503906,93.4710769653,117.91620636,73.6945953369,52.1318893433,4.275785923,10.0860137939,23.4015274048,26.2416934967],[48.4372215271,-12.9413328171,-35.5504722595,5.56599617004,17.8436775208,36.8262939453,73.6945953369,108.278633118,78.721572876,15.4469432831,-6.58778619766,4.31848239899,15.8028898239],[143.154449463,11.5051765442,-52.1383094788,1.97788023949,37.6211128235,43.0738830566,52.1318893433,78.721572876,124.094146729,42.7440490723,9.51299571991,18.1140937805,11.4274425507],[186.802215576,-16.702671051,-96.2163619995,8.17649459839,2.52430796623,6.69122123718,4.275785923,15.4469432831,42.7440490723,80.0219345093,43.4485778809,0.548292756081,0.997896969318],[109.047683716,17.3949241638,-71.9326629639,8.77368736267,26.1139202118,20.6117115021,10.0860137939,-6.58778619766,9.51299571991,43.4485778809,84.6421279907,56.1903877258,10.6645584106],[95.6186218262,-1.39360260963,-24.4112701416,28.5991077423,46.0258026123,48.858253479,23.4015274048,4.31848239899,18.1140937805,0.548292756081,56.1903877258,106.619506836,50.0775527954],[112.269287109,2.21630311012,-35.0793952942,15.2456817627,26.6152458191,37.229309082,26.2416934967,15.8028898239,11.4274425507,0.997896969318,10.6645584106,50.0775527954,77.0894470215]],"icov":[[0.000251583056524,0.000049734771892,0.000413482630393,0.0000149187599163,0.0000226104839385,0.0000396247596655,-0.0000864030880621,0.000282297318336,-0.000185135562788,-0.000231883837841,0.000365532148862,-0.000278383551631,-0.0000773022838985],[0.000049734771892,0.00148705358151,0.000053800366004,0.000817456515506,0.000163514821907,-0.000474810687592,0.000125625621877,0.000718094175681,-0.00115151889622,0.00169451138936,-0.00186891376507,0.00138922291808,-0.00076462252764],[0.000413482630393,0.000053800366004,0.00201997370459,-0.000162690426805,-0.000921467784792,0.00000607005767961,-0.00011631835514,0.000648397312034,0.0000309097340505,0.000459335249616,0.00169473385904,-0.000752527092118,0.000813387974631],[0.0000149187599163,0.000817456515506,-0.000162690426805,0.00454657757655,-0.00277393590659,0.000634826370515,0.00178276724182,-0.0019880218897,0.00169850909151,-0.00193363311701,0.00153815711383,-0.00184258294757,0.000190782564459],[0.0000226104839385,0.000163514821907,-0.000921467784792,-0.00277393590659,0.013032425195,-0.00811341684312,-0.00187890988309,0.00451658153906,-0.00512034352869,0.00466739712283,-0.00604947190732,0.00361753860489,-0.00159030966461],[0.0000396247596655,-0.000474810687592,0.00000607005767961,0.000634826370515,-0.00811341684312,0.0178004987538,-0.0108612496406,0.00310458312742,0.00130053493194,-0.00589975435287,0.00689884508029,-0.00657351640984,0.000298001919873],[-0.0000864030880621,0.000125625621877,-0.00011631835514,0.00178276724182,-0.00187890988309,-0.0108612496406,0.0289826616645,-0.0181250814348,0.00145965593401,0.00687684491277,-0.00889704748988,0.00569833116606,-0.00331584666856],[0.000282297318336,0.000718094175681,0.000648397312034,-0.0019880218897,0.00451658153906,0.00310458312742,-0.0181250814348,0.0321226678789,-0.0166958756745,0.00319129694253,0.0010721856961,0.00350481900387,-0.0032087508589],[-0.000185135562788,-0.00115151889622,0.0000309097340505,0.00169850909151,-0.00512034352869,0.00130053493194,0.00145965593401,-0.0166958756745,0.0263986568898,-0.0195630155504,0.0160592552274,-0.0148413851857,0.00780567433685],[-0.000231883837841,0.00169451138936,0.000459335249616,-0.00193363311701,0.00466739712283,-0.00589975435287,0.00687684491277,0.00319129694253,-0.0195630155504,0.044861394912,-0.0385960191488,0.0290009696037,-0.0120574375615],[0.000365532148862,-0.00186891376507,0.00169473385904,0.00153815711383,-0.00604947190732,0.00689884508029,-0.00889704748988,0.0010721856961,0.0160592552274,-0.0385960191488,0.0563384369016,-0.0394658483565,0.017516406253],[-0.000278383551631,0.00138922291808,-0.000752527092118,-0.00184258294757,0.00361753860489,-0.00657351640984,0.00569833116606,0.00350481900387,-0.0148413851857,0.0290009696037,-0.0394658483565,0.0430847741663,-0.0210488121957],[-0.0000773022838985,-0.00076462252764,0.000813387974631,0.000190782564459,-0.00159030966461,0.000298001919873,-0.00331584666856,-0.0032087508589,0.00780567433685,-0.0120574375615,0.017516406253,-0.0210488121957,0.0258797071874]],"mean":[-760.114318848,199.296264648,21.1124305725,15.6838970184,4.92262220383,8.61023044586,4.41394996643,2.15427780151,-2.01478123665,-0.773683965206,-1.73335421085,-3.85402870178,-3.32120251656]},"pitch_salience":{"dmean":0.0643174797297,"dmean2":0.10434281081,"dvar":0.00341831543483,"dvar2":0.00904908590019,"max":0.849892914295,"mean":0.494610607624,"median":0.504567682743,"min":0.115409143269,"var":0.0175204295665},"silence_rate_20dB":{"dmean":0,"dmean2":0,"dvar":0,"dvar2":0,"max":1,"mean":1,"median":1,"min":1,"var":0},"silence_rate_30dB":{"dmean":0.0373721495271,"dmean2":0.0747589990497,"dvar":0.0359761603177,"dvar2":0.0853013172746,"max":1,"mean":0.875909566879,"median":1,"min":0,"var":0.108694829047},"silence_rate_60dB":{"dmean":0.014555468224,"dmean2":0.0289199296385,"dvar":0.0143450861797,"dvar2":0.0332009829581,"max":1,"mean":0.0627335309982,"median":0,"min":0,"var":0.05879919976},"spectral_centroid":{"dmean":72.2532196045,"dmean2":113.922119141,"dvar":8982.85058594,"dvar2":22430.3339844,"max":3209.93920898,"mean":500.432006836,"median":419.490783691,"min":132.162918091,"var":90624.140625},"spectral_complexity":{"dmean":1.62234461308,"dmean2":2.62640166283,"dvar":2.16615819931,"dvar2":4.95095014572,"max":36,"mean":9.41809272766,"median":8,"min":0,"var":28.3524551392},"spectral_contrast_coeffs":{"dmean":[0.0485623478889,0.0470601059496,0.037901584059,0.0354660823941,0.0303512327373,0.0227776374668],"dmean2":[0.08018656075,0.0780192092061,0.062142752111,0.0576826371253,0.0505614504218,0.037642903626],"dvar":[0.00152335537132,0.00142196938396,0.000908669782802,0.000784921750892,0.000614231161308,0.000563145964406],"dvar2":[0.00425875931978,0.00377437006682,0.00235104491003,0.00204125489108,0.00159840448759,0.00155463302508],"max":[-0.298722207546,-0.493723928928,-0.458282709122,-0.484716236591,-0.614667415619,-0.5992847085],"mean":[-0.633740246296,-0.748547613621,-0.776379168034,-0.813962042332,-0.86309248209,-0.841638743877],"median":[-0.642746210098,-0.753074467182,-0.780782341957,-0.815693259239,-0.871571063995,-0.853333473206],"min":[-0.908459603786,-0.972702503204,-0.950087249279,-0.976811766624,-0.969548046589,-0.922673821449],"var":[0.0108025763184,0.00473294826224,0.00558713171631,0.00472429953516,0.00427432497963,0.0016093950253]},"spectral_contrast_valleys":{"dmean":[0.374734431505,0.364576935768,0.362930417061,0.41729876399,0.567652225494,0.696660339832],"dmean2":[0.615468025208,0.587122321129,0.569986045361,0.662437200546,0.924345910549,1.12096989155],"dvar":[0.0958036929369,0.0892476215959,0.0899575129151,0.144394651055,0.260378181934,0.303180217743],"dvar2":[0.257618635893,0.229807823896,0.223112955689,0.392103999853,0.714528203011,0.842458188534],"max":[-5.24165964127,-4.94578552246,-5.47997617722,-6.23589801788,-6.72391700745,-9.12609481812],"mean":[-7.08655118942,-6.82419586182,-7.64284658432,-8.54057312012,-8.96953964233,-11.4364595413],"median":[-6.90381669998,-6.72583198547,-7.6098856926,-8.49178028107,-8.83137130737,-11.3623065948],"min":[-11.6467666626,-11.8031988144,-12.2009086609,-12.0767316818,-12.0741233826,-15.0626678467],"var":[0.93940782547,0.689535677433,0.811105251312,0.887503147125,0.851392805576,0.878967404366]},"spectral_decrease":{"dmean":2.23381424469e-9,"dmean2":3.4779088498e-9,"dvar":1.22038190935e-17,"dvar2":3.12362788414e-17,"max":6.44501474412e-9,"mean":-5.26540144818e-9,"median":-2.44541076277e-9,"min":-5.14927798179e-8,"var":4.66413497711e-17},"spectral_energy":{"dmean":0.0100068124011,"dmean2":0.0147727504373,"dvar":0.000205081523745,"dvar2":0.000517412030604,"max":0.233187660575,"mean":0.0471929050982,"median":0.0330271534622,"min":0.00000402930254495,"var":0.00189688708633},"spectral_energyband_high":{"dmean":0.0000576889542572,"dmean2":0.0000832417281345,"dvar":2.32567778369e-8,"dvar2":3.38248113962e-8,"max":0.00802621245384,"mean":0.00016837460862,"median":0.000031397001294,"min":8.12232485714e-8,"var":2.51259876904e-7},"spectral_energyband_low":{"dmean":0.0065619754605,"dmean2":0.0100401611999,"dvar":0.000144934441778,"dvar2":0.0003674152249,"max":0.173986300826,"mean":0.0163649674505,"median":0.0059717213735,"min":0.00000108497170004,"var":0.000521487847436},"spectral_energyband_middle_high":{"dmean":0.00120107922703,"dmean2":0.00186687195674,"dvar":0.000013275857782,"dvar2":0.0000302366424876,"max":0.108921520412,"mean":0.00343785854056,"median":0.000537339656148,"min":1.98458167233e-7,"var":0.0000626560795354},"spectral_energyband_middle_low":{"dmean":0.00356068834662,"dmean2":0.00538109848276,"dvar":0.0000223953611567,"dvar2":0.0000586810965615,"max":0.117632173002,"mean":0.0139664774761,"median":0.0086925663054,"min":1.95118772695e-7,"var":0.000248808704782},"spectral_entropy":{"dmean":0.355285346508,"dmean2":0.57643443346,"dvar":0.115418113768,"dvar2":0.320968180895,"max":8.47294425964,"mean":6.54703092575,"median":6.64662075043,"min":3.85972189903,"var":0.412421226501},"spectral_flux":{"dmean":0.0177722908556,"dmean2":0.0286602620035,"dvar":0.000436917180195,"dvar2":0.0011634004768,"max":0.312688738108,"mean":0.0774055197835,"median":0.0645971670747,"min":0.00153035181575,"var":0.0022268963512},"spectral_kurtosis":{"dmean":14.8422622681,"dmean2":24.3310489655,"dvar":265.126159668,"dvar2":731.170349121,"max":186.042068481,"mean":34.073638916,"median":29.2488021851,"min":3.95694732666,"var":421.387756348},"spectral_rms":{"dmean":0.000693617505021,"dmean2":0.00100800895598,"dvar":6.45338786853e-7,"dvar2":0.00000153333155595,"max":0.0150831080973,"mean":0.00602956023067,"median":0.00567640876397,"min":0.0000626979017397,"var":0.00000968632048171},"spectral_rolloff":{"dmean":2713.16235352,"dmean2":5335.04785156,"dvar":45799376,"dvar2":120015664,"max":22050,"mean":16645.4296875,"median":21705.46875,"min":43.06640625,"var":80252392},"spectral_skewness":{"dmean":0.9902972579,"dmean2":1.61395215988,"dvar":0.948428332806,"dvar2":2.63197231293,"max":11.5471773148,"mean":4.44678544998,"median":4.23670434952,"min":1.41715979576,"var":1.86239278316},"spectral_spread":{"dmean":798880.3125,"dmean2":1303953.25,"dvar":510668996608,"dvar2":1404075638780,"max":8210878,"mean":3512650.25,"median":3397576,"min":1131152.375,"var":1121846951940},"spectral_strongpeak":{"dmean":9.52200698853,"dmean2":17.8626403809,"dvar":715.463317871,"dvar2":1971.43225098,"max":292.637969971,"mean":13.6755619049,"median":0.394871026278,"min":0,"var":1480.97045898},"zerocrossingrate":{"dmean":0.0418776087463,"dmean2":0.0534827895463,"dvar":0.00129137071781,"dvar2":0.0021427704487,"max":0.798828125,"mean":0.331988245249,"median":0.33349609375,"min":0.00390625,"var":0.0158340986818}},"metadata":{"audio_properties":{"analysis_sample_rate":44100,"bit_rate":195170,"codec":"mp3","downmix":"mix","equal_loudness":0,"length":118.048416138,"lossless":false,"md5_encoded":"98bdf9a94aa640d5d6883960a1140835","replay_gain":2.02836799622,"sample_rate":44100},"tags":{"album":["Chicago II"],"albumartist":["Chicago"],"albumartistsort":["Chicago"],"artist":["Chicago"],"date":["1970"],"file_name":"17 - Chicago - P.M. Mourning.mp3","genre":["Jazz","Pop Rock","Jazz Fusion","blues rock","rock","jazz","Pop","Easy Listening","Soft Rock","Rock","Classic Rock","Progressive Rock","Funk","classic rock"],"musicbrainz_albumid":["15f216d2-aad8-45be-963c-63b6f74dd52a"],"musicbrainz_artistid":["3f5be744-e867-42fb-8913-5fd69e4099b5"],"musicbrainz_recordingid":["e0145cbd-002d-421d-947b-9c1f9f00a8de"],"title":["P.M. Mourning"],"tracknumber":["17/25"]},"version":{"essentia":"2.1-beta1","essentia_build_sha":"ca57ba49d9b1854bd80e60cf9ccf267278fb7d6b","essentia_git_sha":"v2.1_beta1-28-g21ef5f4-dirty","extractor":"music 1.0"}},"rhythm":{"beats_count":281,"beats_loudness":{"dmean":0.0267815832049,"dmean2":0.046158477664,"dvar":0.000684102182277,"dvar2":0.00169392942917,"max":0.207003027201,"mean":0.0600546896458,"median":0.0502009429038,"min":0.00000834978800413,"var":0.00215166946873},"beats_loudness_band_ratio":{"dmean":[0.190048292279,0.101686507463,0.0619606971741,0.0437552891672,0.00598543789238,0.1334015131],"dmean2":[0.315826296806,0.179609045386,0.107122235,0.0755924135447,0.0109687726945,0.230099961162],"dvar":[0.0255630519241,0.00960846152157,0.00544741377234,0.00525435525924,0.000341523293173,0.0130683332682],"dvar2":[0.0656438171864,0.0272365119308,0.0148069150746,0.0129083264619,0.00100647006184,0.0357321128249],"max":[0.941864073277,0.813585460186,0.701638877392,0.814203798771,0.204800382257,0.764752805233],"mean":[0.430059820414,0.193495169282,0.0786101967096,0.0538273826241,0.00648969225585,0.278330415487],"median":[0.414350360632,0.137585192919,0.049349937588,0.0208037383854,0.00203358987346,0.