{"lowlevel":{"average_loudness":0.734405755997,"barkbands":{"dmean":[0.000734827888664,0.00251622637734,0.00187411066145,0.000630407070275,0.00296820234507,0.00271582067944,0.00100210995879,0.000826920149848,0.000778137240559,0.000901709368918,0.000553587742615,0.000385363935493,0.000202191484277,0.000125733116874,0.000096438016044,0.0000725767458789,0.0000487439901917,0.000044788899686,0.00005042587145,0.000032623855077,0.0000184901891771,0.0000156743444677,0.00000818689750304,0.00000156449311817,0.00000159391777288,0.00000234819117395,0.0000769540056353],"dmean2":[0.0012516718125,0.00417185015976,0.00310150720179,0.0010152333416,0.00466833356768,0.00429163267836,0.00160510896239,0.00135688704904,0.00123674073257,0.00145150069147,0.000889040064067,0.000625386019237,0.000321953877574,0.000198119538254,0.000153405970195,0.000114811038657,0.0000749930550228,0.0000675011106068,0.0000762585841585,0.0000475920205645,0.0000265097387455,0.0000225010626309,0.0000125544229377,0.00000260209753833,0.00000263524702859,0.00000374658998226,0.000101382589492],"dvar":[0.00000232108413911,0.0000232807396969,0.0000217824399442,0.00000416036209572,0.0000402297155233,0.0000419528587372,0.00000603129183219,0.00000974684007815,0.00000267235782303,0.00000711789380148,0.0000031812016914,0.00000206885761145,6.12589133198e-7,9.79410046398e-8,2.68192916764e-8,2.17552145187e-8,9.11361386358e-9,9.59146451152e-9,1.80162036401e-8,1.18545280259e-8,1.98953831188e-9,1.09836428841e-9,5.35142097302e-10,9.70479772933e-12,9.38003581058e-12,1.55574598343e-11,2.84725416577e-8],"dvar2":[0.00000623286905466,0.0000616094766883,0.0000543699097761,0.00000893518699741,0.0000920906968531,0.0000964414139162,0.0000153238288476,0.0000256865660049,0.00000611278028373,0.0000170819785126,0.00000766158609622,0.00000521241418028,0.00000123467521007,2.38905386141e-7,6.63796839717e-8,5.42452696095e-8,2.12292494695e-8,2.22595062382e-8,4.04917095409e-8,2.34291892554e-8,3.96198185371e-9,2.34655228581e-9,1.30712618507e-9,2.43296788965e-11,2.34989683962e-11,3.75528462493e-11,4.49363639632e-8],"max":[0.0226277019829,0.0671782270074,0.075303055346,0.125782668591,0.134224772453,0.219699725509,0.0597033686936,0.10134871304,0.0401938930154,0.0766622573137,0.0402592904866,0.0526604354382,0.052577342838,0.0131680397317,0.00316300312988,0.00491382647306,0.00191088486463,0.00246113305911,0.0036466778256,0.00414521526545,0.0017141798744,0.000721898453776,0.000758108741138,0.0000436704540334,0.0000415924187109,0.0000716030554031,0.00551330344751],"mean":[0.000972034991719,0.00355789600872,0.00201518577524,0.000948452972807,0.00481162359938,0.00427787704393,0.00155229237862,0.00111355469562,0.00125805311836,0.0014083981514,0.000777134788223,0.000586860347539,0.000322243984556,0.000209165838896,0.000180076123797,0.000131359367515,0.0000861598236952,0.0000806747775641,0.0000829849450383,0.0000574365512875,0.0000320806102536,0.0000262423272943,0.0000111964600364,0.00000156346220592,0.00000164916150425,0.00000314342878482,0.000181091774721],"median":[0.000305090186885,0.0015311188763,0.000531100784428,0.000242355745286,0.00161728588864,0.00162315671332,0.000502448179759,0.000294384139124,0.000415882444941,0.000317130441545,0.000153990316903,0.000127445906401,0.000112276247819,0.0000809250341263,0.000100638353615,0.0000679457371007,0.0000424832614954,0.0000366505591956,0.0000296041507681,0.0000184839518624,0.0000120185268315,0.0000102468147816,0.00000382620646633,4.68914322482e-7,5.41719373359e-7,0.00000149128652538,0.0000901460225577],"min":[6.69650463895e-25,1.98614586665e-24,1.90401519122e-24,9.65991535664e-25,9.73547284857e-24,9.80908303736e-24,4.1843734378e-24,9.49330517245e-24,1.44602053568e-23,1.37960349617e-23,1.24132675022e-23,2.53110517947e-23,2.508870346e-23,3.9636672748e-23,4.75145564473e-23,5.72594561837e-23,8.99898820538e-23,8.16304871243e-23,1.35810444904e-22,1.64263080034e-22,2.40518944215e-22,3.40301038727e-22,4.39991070015e-22,6.04977604919e-22,9.17108029445e-22,1.39588525709e-21,2.00700229507e-21],"var":[0.00000312660336022,0.000030829825846,0.0000223049682972,0.0000225156727538,0.000086605832621,0.0000758737296565,0.0000121048124129,0.0000120196518765,0.00000602015188633,0.000014159643797,0.00000534964101462,0.00000394214339394,0.00000110932455755,1.91302135022e-7,5.69159617214e-8,4.19323633594e-8,1.70132441468e-8,1.71938285831e-8,3.22094457772e-8,2.67684239219e-8,4.91437823769e-9,1.9403649798e-9,6.2081839669e-10,1.0321988056e-11,1.02734747792e-11,2.20950462787e-11,9.65557518384e-8]},"barkbands_crest":{"dmean":3.01054954529,"dmean2":4.93841218948,"dvar":6.39114427567,"dvar2":16.3369064331,"max":25.5487689972,"mean":10.6890859604,"median":9.91548538208,"min":2.86922907829,"var":16.0534477234},"barkbands_flatness_db":{"dmean":0.0266955066472,"dmean2":0.0414795726538,"dvar":0.000501361733768,"dvar2":0.00120585144032,"max":0.442617118359,"mean":0.156825870275,"median":0.150998830795,"min":0.0376348085701,"var":0.00231711682864},"barkbands_kurtosis":{"dmean":6.80056810379,"dmean2":10.9051761627,"dvar":269.762542725,"dvar2":713.810791016,"max":796.802490234,"mean":13.5412836075,"median":8.43267345428,"min":-1.78092169762,"var":472.095275879},"barkbands_skewness":{"dmean":0.684649467468,"dmean2":1.08790004253,"dvar":0.515427708626,"dvar2":1.28575348854,"max":18.5875644684,"mean":2.43128275871,"median":2.28234291077,"min":-2.24559259415,"var":2.12047839165},"barkbands_spread":{"dmean":4.6531124115,"dmean2":7.16735696793,"dvar":26.0734634399,"dvar2":58.056312561,"max":126.749954224,"mean":15.1033010483,"median":12.8600749969,"min":0.17929071188,"var":112.995758057},"dissonance":{"dmean":0.0265106223524,"dmean2":0.0445039905608,"dvar":0.000623814121354,"dvar2":0.00171044748276,"max":0.500000119209,"mean":0.451294869184,"median":0.459355771542,"min":0.233282774687,"var":0.00124855106696},"dynamic_complexity":4.87174367905,"erbbands":{"dmean":[0.0844110101461,0.569012999535,2.10255694389,1.87486028671,3.84667611122,11.3982896805,21.9312419891,22.1084632874,16.8326072693,14.0354785919,17.8848953247,17.1610660553,22.6043128967,25.2134532928,22.3454036713,12.3530721664,9.60488414764,5.9717874527,5.34276485443,4.99492406845,3.30261182785,2.58933162689,2.36718869209,2.5029194355,2.19741439819,1.5483943224,0.910084307194,0.672503590584,0.575513422489,0.497314274311,0.129522070289,0.0353236831725,0.0252432860434,0.0176016651094,0.0114837046713,0.00688174925745,0.00397241534665,0.00486776744947,0.00284828268923,0.00300358468667],"dmean2":[0.139707669616,0.956518054008,3.5197057724,2.99353051186,6.2689614296,18.094789505,34.3571968079,35.3266029358,26.3926868439,22.696056366,29.015417099,27.4634590149,36.2257614136,39.6217079163,35.2840538025,19.9097194672,15.1660137177,9.38239002228,8.31806755066,7.944460392,5.11464214325,3.93593335152,3.54147982597,3.7524061203,3.24411797523,2.25692343712,1.30203175545,0.969625413418,0.828458547592,0.728861033916,0.200863972306,0.0584293864667,0.0419280305505,0.0291485432535,0.0189542509615,0.0113224023953,0.0063940603286,0.00679568061605,0.00367467501201,0.00390802929178],"dvar":[0.0326553732157,1.20630574226,26.1342658997,29.3374061584,61.4428482056,672.017089844,2373.85400391,4226.56201172,1496.4173584,1866.03918457,4238.39501953,1308.21691895,3162.50097656,7911.46679688,5646.24951172,1367.89477539,1696.18200684,197.473144531,125.576789856,72.6527023315,45.8522033691,29.0889930725,27.6798324585,34.3834877014,47.1077880859,25.5482540131,5.90805673599,2.11124014854,1.51201105118,1.55733788013,0.109409637749,0.00480735488236,0.00250131660141,0.00117496773601,0.000475892768009,0.000160363910254,0.0000463910764665,0.0000734672285034,0.0000247068128374,0.0000254159494943],"dvar2":[0.0857258215547,3.22305655479,65.7225875854,63.6711845398,150.823120117,1554.78686523,5352.10400391,9867.48242188,3525.65209961,4678.63037109,10656.4423828,3054.27783203,8137.16845703,17835.2480469,13656.9472656,3249.46337891,3389.2097168,474.143676758,285.180053711,180.469955444,114.11416626,68.0437545776,64.68309021,77.5300064087,98.324256897,48.9894447327,11.3491239548,4.2791967392,3.30097365379,3.54568767548,0.271241486073,0.0120096011087,0.00626841560006,0.002944028005,0.00119179673493,0.000401437137043,0.000114343682071,0.000135601439979,0.0000419415446231,0.0000373807124561],"max":[2.96741271019,15.4725151062,78.0067977905,291.58026123,167.631408691,575.622558594,1246.61499023,2433.81762695,830.763305664,1399.00439453,2682.70922852,781.986022949,1532.31738281,2760.25878906,1702.47302246,1428.7935791,2872.51367188,368.044769287,435.824249268,181.957641602,173.068649292,133.336654663,135.929504395,180.961853027,256.484741211,205.510894775,91.6710510254,44.8322296143,28.7657432556,32.9900054932,12.1041870117,1.01408302784,0.693085312843,0.468053638935,0.294889897108,0.168029725552,0.127076998353,0.155892282724,0.119864337146,0.160607725382],"mean":[0.125401169062,0.7151953578,2.29253149033,2.923432827,5.83999156952,17.3503398895,34.1463890076,33.804485321,27.0727653503,20.8510780334,26.0375156403,27.8486289978,37.6428489685,41.0763244629,34.4076766968,20.9538993835,15.8335475922,10.6854286194,10.0647516251,9.61437129974,6.43665552139,4.8362736702,4.34946870804,4.46712017059,3.68377566338,2.70868039131,1.60037350655,1.15713572502,0.951764941216,0.765292704105,0.178916528821,0.0377811379731,0.0255961753428,0.0180513709784,0.0120275709778,0.00741281732917,0.00513106584549,0.0090366769582,0.00675103394315,0.0100824777037],"median":[0.0375395044684,0.309677392244,0.733065485954,0.871559143066,2.23813533783,5.04016971588,10.8878355026,12.0804624557,8.83306121826,6.85063505173,8.08021259308,9.84357070923,10.2364044189,8.71277427673,6.87745285034,5.77001476288,5.62361907959,3.90795135498,5.1940202713,5.28781223297,3.48790335655,2.44452285767,2.00694322586,1.84518456459,1.22629880905,0.862784981728,0.57396543026,0.441897153854,0.375580012798,0.273871004581,0.066945515573,0.0132908364758,0.00795981287956,0.00584818143398,0.00405157217756,0.00264872610569,0.00244067818858,0.00447315024212,0.00370445568115,0.00721030309796],"min":[3.71645025779e-23,9.44772535732e-22,2.47694993513e-21,8.61064402292e-21,2.08087235104e-20,2.3304114161e-20,5.50169393013e-20,7.22857821544e-20,8.28066988278e-20,3.00497966133e-19,3.2652507486e-19,3.82494441551e-19,4.93808782817e-19,4.43290588062e-19,7.01791043532e-19,1.32429237925e-18,1.3655441866e-18,2.67598160078e-18,2.08303268831e-18,3.94550717886e-18,3.4891607339e-18,5.93350384582e-18,5.33010867619e-18,6.27062998987e-18,7.8266282732e-18,8.11465090813e-18,9.14759021652e-18,8.19705381357e-18,1.02802585555e-17,1.14593044298e-17,1.11994009726e-17,1.13890081398e-17,1.13620668672e-17,8.65373195796e-18,6.89566627228e-18,4.01515661362e-18,2.5547586956e-18,1.07625792988e-18,2.61946464053e-19,2.87476249823e-20],"var":[0.0468346327543,1.34261763096,25.0295639038,141.4737854,130.090881348,1337.86303711,4991.33740234,6417.31396484,3606.97045898,2665.01147461,5794.37841797,2794.25683594,6666.36523438,15945.34375,9936.53515625,3071.734375,2958.53344727,444.494018555,274.07244873,165.554672241,93.8790893555,53.4826316833,48.5645217896,65.1170730591,91.0281677246,59.6792602539,15.3635435104,4.7821097374,2.6340675354,2.19181895256,0.128122806549,0.00526868272573,0.00267686787993,0.00127394800074,0.000526645919308,0.000182261894224,0.0000609387352597,0.000170102764969,0.0000830944845802,0.000128907267936]},"erbbands_crest":{"dmean":3.13786554337,"dmean2":5.11027669907,"dvar":8.13080501556,"dvar2":20.4854183197,"max":31.4258174896,"mean":10.1446332932,"median":9.19123268127,"min":2.36111569405,"var":23.0614147186},"erbbands_flatness_db":{"dmean":0.0249242074788,"dmean2":0.03855529055,"dvar":0.000473711930681,"dvar2":0.00109864387196,"max":0.427941590548,"mean":0.171516850591,"median":0.166132867336,"min":0.0353136211634,"var":0.00209797569551},"erbbands_kurtosis":{"dmean":1.71243214607,"dmean2":2.70094752312,"dvar":13.6027488708,"dvar2":29.1070346832,"max":173.676605225,"mean":2.08921933174,"median":0.755561351776,"min":-1.67818713188,"var":35.3896484375},"erbbands_skewness":{"dmean":0.442030161619,"dmean2":0.683075606823,"dvar":0.190222039819,"dvar2":0.43465924263,"max":10.1261978149,"mean":0.841612875462,"median":0.739897608757,"min":-3.80154752731,"var":0.889599621296},"erbbands_spread":{"dmean":5.91467094421,"dmean2":9.14834022522,"dvar":37.2360343933,"dvar2":80.3199996948,"max":80.0896606445,"mean":25.3527374268,"median":23.6707267761,"min":0.771020710468,"var":165.885650635},"gfcc":{"cov":[[23527.7480469,1417.48535156,-1720.0111084,110.196495056,15.1493778229,-136.77406311,237.673294067,-44.2831077576,37.2880210876,-108.808738708,19.6026935577,59.6883049011,61.6452484131],[1417.48535156,630.898925781,-58.401714325,-164.449081421,27.772354126,-92.7235183716,48.9486808777,-106.018363953,41.8931121826,-47.9292907715,0.573826611042,-30.5543804169,14.6537208557],[-1720.0111084,-58.401714325,466.511169434,15.3506069183,-31.6010341644,98.9939117432,-142.756362915,68.3493423462,-60.7434005737,26.091178894,10.7054395676,-41.6817932129,28.5022029877],[110.196495056,-164.449081421,15.3506069183,457.812194824,138.169403076,-64.9690170288,69.9052352905,-38.1547737122,24.6618270874,7.23764801025,-26.2278881073,35.5797805786,-47.2835388184],[15.1493778229,27.772354126,-31.6010341644,138.169403076,227.042617798,45.6214523315,114.190505981,-16.2245960236,45.2856445312,1.04967725277,13.7371377945,15.3387470245,-8.31938648224],[-136.77406311,-92.7235183716,98.9939117432,-64.9690170288,45.6214523315,256.745941162,7.09543514252,104.608253479,-16.1648044586,27.6455345154,19.3190784454,-1.59889268875,31.780462265],[237.673294067,48.9486808777,-142.756362915,69.9052352905,114.190505981,7.09543514252,258.332244873,-15.3232412338,100.443344116,5.72175550461,0.416864037514,36.6830482483,-31.5740089417],[-44.2831077576,-106.018363953,68.3493423462,-38.1547737122,-16.2245960236,104.608253479,-15.3232412338,162.934860229,21.1522159576,47.6107139587,23.0231800079,-14.3117294312,16.048412323],[37.2880210876,41.8931121826,-60.7434005737,24.6618270874,45.2856445312,-16.1648044586,100.443344116,21.1522159576,149.428131104,51.7562637329,20.4086151123,35.9053764343,-18.4214324951],[-108.808738708,-47.9292907715,26.091178894,7.23764801025,1.04967725277,27.6455345154,5.72175550461,47.6107139587,51.7562637329,84.1448135376,43.3883399963,13.2193546295,3.90995335579],[19.6026935577,0.573826611042,10.7054395676,-26.2278881073,13.7371377945,19.3190784454,0.416864037514,23.0231800079,20.4086151123,43.3883399963,70.8243713379,28.8539047241,19.221113205],[59.6883049011,-30.5543804169,-41.6817932129,35.5797805786,15.3387470245,-1.59889268875,36.6830482483,-14.3117294312,35.9053764343,13.2193546295,28.8539047241,83.2218399048,21.0927524567],[61.6452484131,14.6537208557,28.5022029877,-47.2835388184,-8.31938648224,31.780462265,-31.5740089417,16.048412323,-18.4214324951,3.90995335579,19.221113205,21.0927524567,71.2866210938]],"icov":[[0.000113617745228,-0.000469021761091,0.000625245389529,-0.00045399289229,0.000314880628139,-0.000334119540639,0.000193351472262,-0.00036303824163,0.000238103035372,-0.0000315967263305,-0.00017849773576,0.0000303315537167,-0.0000974698486971],[-0.000469021761091,0.00477258767933,-0.00291785784066,0.00303822755814,-0.00190776004456,0.00213340856135,-0.00124954269268,0.00346255348995,-0.00319067179225,0.00223261746578,-0.000766732555348,0.00250511872582,-0.00138177280314],[0.000625245389529,-0.00291785784066,0.00670128967613,-0.00360904168338,0.00227244826965,-0.00335521670058,0.00273310393095,-0.00221924064681,0.00127116090152,-0.000603878870606,-0.00169474736322,0.00176065717824,-0.00124531215988],[-0.00045399289229,0.00303822755814,-0.00360904168338,0.00681990804151,-0.00529407151043,0.00412337761372,-0.00109754188452,0.00105887162499,0.000863580673467,-0.00278359511867,0.00505547039211,-0.00393691658974,0.00273161614314],[0.000314880628139,-0.00190776004456,0.00227244826965,-0.00529407151043,0.0106229977682,-0.00491127930582,-0.00182389095426,0.00139191152994,-0.00248165149242,0.00423028878868,-0.00670377770439,0.00481879198924,-0.00248372857459],[-0.000334119540639,0.00213340856135,-0.00335521670058,0.00412337761372,-0.00491127930582,0.00931405462325,-0.00200574565679,-0.0033658312168,0.00293845147826,-0.00274137267843,0.00376922357827,-0.00314332940616,-0.000105792474642],[0.000193351472262,-0.00124954269268,0.00273310393095,-0.00109754188452,-0.00182389095426,-0.00200574565679,0.00838603172451,-0.000639095320366,-0.00344121525995,0.00128485483583,0.000499715213664,-0.00172444351483,0.0022241959814],[-0.00036303824163,0.00346255348995,-0.00221924064681,0.00105887162499,0.00139191152994,-0.0033658312168,-0.000639095320366,0.0139230117202,-0.00570865394548,-0.000497780856676,-0.00299234269187,0.00671007251367,-0.003189179115],[0.000238103035372,-0.00319067179225,0.00127116090152,0.000863580673467,-0.00248165149242,0.00293845147826,-0.00344121525995,-0.00570865394548,0.0187185313553,-0.0132309524342,0.00688847806305,-0.00972094759345,0.00525767868385],[-0.0000315967263305,0.00223261746578,-0.000603878870606,-0.00278359511867,0.00423028878868,-0.00274137267843,0.00128485483583,-0.000497780856676,-0.0132309524342,0.0313399992883,-0.0189898312092,0.00807881727815,-0.00204768311232],[-0.00017849773576,-0.000766732555348,-0.00169474736322,0.00505547039211,-0.00670377770439,0.00376922357827,0.000499715213664,-0.00299234269187,0.00688847806305,-0.0189898312092,0.0326862893999,-0.0141226071864,0.000962139922194],[0.0000303315537167,0.00250511872582,0.00176065717824,-0.00393691658974,0.00481879198924,-0.00314332940616,-0.00172444351483,0.00671007251367,-0.00972094759345,0.00807881727815,-0.0141226071864,0.0271260365844,-0.0113405985758],[-0.0000974698486971,-0.00138177280314,-0.00124531215988,0.00273161614314,-0.00248372857459,-0.000105792474642,0.0022241959814,-0.003189179115,0.00525767868385,-0.00204768311232,0.000962139922194,-0.0113405985758,0.0227334350348]],"mean":[-67.8677368164,115.915550232,-89.9659194946,-9.5883808136,-25.9114894867,-27.7565441132,-2.73992490768,-22.8399600983,-2.63114309311,-9.0553894043,-6.48202228546,0.906117796898,-0.959540367126]},"hfc":{"dmean":53.105091095,"dmean2":78.2846755981,"dvar":4479.95898438,"dvar2":9239.95898438,"max":1287.94946289,"mean":170.400848389,"median":134.891326904,"min":1.04653792604e-16,"var":24985.7539062},"melbands":{"dmean":[0.000710994179826,0.000954712159,0.000349135807483,0.00050749379443,0.00072887429269,0.00049222772941,0.000242430454819,0.000158797352924,0.000146083548316,0.000109037202492,0.000117784424219,0.000110180408228,0.0000784010335337,0.0000513086379215,0.0000241298366745,0.0000170895164047,0.0000117342124213,0.00000986861959973,0.00000708436027708,0.00000596116115048,0.00000409560016124,0.00000301177669826,0.00000245723822445,0.00000220394440476,0.00000215433874473,0.00000202519640879,0.00000134888136927,0.00000101447426459,6.4974756242e-7,4.33416175838e-7,4.11840233028e-7,3.53281393473e-7,2.85845942471e-7,2.99383373203e-7,9.3014200786e-8,2.31086829672e-8,2.02194652132e-8,1.7893524884e-8,1.59890429785e-8,1.44424436854e-8],"dmean2":[0.00117422803305,0.00159793253988,0.000558004714549,0.000802386261057,0.00114485342056,0.000782153103501,0.000380552897695,0.00025668629678,0.000235353858443,0.000173513995833,0.000189349229913,0.000174233849975,0.000124856640468,0.0000823574373499,0.0000390003260691,0.0000270309628831,0.0000185762237379,0.0000156153164426,0.0000113394071377,0.00000956440544542,0.00000646341095489,0.00000468300095235,0.0000038273278733,0.00000336624748343,0.00000330848160957,0.0000031622894312,0.00000200587146537,0.00000151163374085,9.57013071456e-7,6.41249357614e-7,6.11451298482e-7,5.20173557561e-7,4.22907362463e-7,4.49767014743e-7,1.46933189171e-7,3.85317271423e-8,3.36680407997e-8,2.97468325527e-8,2.65220663209e-8,2.39075621522e-8],"dvar":[0.00000205866263059,0.00000459955663246,7.60149589496e-7,0.00000119481171623,0.00000253822167906,0.00000179798314548,3.07608360117e-7,2.65863434379e-7,2.31318281863e-7,5.20002316762e-8,8.56637782931e-8,1.5055223912e-7,6.53092087077e-8,3.80117874954e-8,5.04243580224e-9,4.13753031836e-9,7.90334353518e-10,5.32878852155e-10,1.3784771935e-10,1.45180784061e-10,8.21365891968e-11,3.59286038421e-11,3.08349110134e-11,2.18195652518e-11,2.66092634038e-11,3.52892853828e-11,2.48505296202e-11,1.0663024283e-11,3.22562311063e-12,1.46385833143e-12,7.59455161519e-13,5.78532339222e-13,3.91509876818e-13,6.89296655778e-13,6.86147780303e-14,2.1486775829e-15,1.63397737723e-15,1.26276847035e-15,9.88619904223e-16,7.85828781705e-16],"dvar2":[0.00000538248013982,0.0000116783312478,0.00000173093496869,0.00000276374544228,0.00000578536537432,0.0000041738062464,7.37436948839e-7,6.82691563725e-7,5.73467900722e-7,1.22498761357e-7,2.21566864411e-7,3.406231599e-7,1.55870111485e-7,9.26501755316e-8,1.08189714965e-8,8.59877591353e-9,1.91628046764e-9,1.23441679101e-9,3.40147077171e-10,3.52457646402e-10,2.13188675047e-10,8.48808454079e-11,7.61962576368e-11,5.08986602865e-11,6.18691695098e-11,8.42737477025e-11,5.07732397792e-11,2.06420817939e-11,6.75305861578e-12,3.26974363384e-12,1.6021835551e-12,1.29665397343e-12,8.65609613068e-13,1.6327266145e-12,1.76900920128e-13,5.39103648401e-15,4.09804831332e-15,3.16572910091e-15,2.47812173038e-15,1.96895582622e-15],"max":[0.0224738903344,0.031611893326,0.0429965630174,0.0275698993355,0.040501601994,0.0491529814899,0.0113768782467,0.0142320813611,0.018972588703,0.00524265225977,0.00803748238832,0.0123858042061,0.00606088992208,0.00775166600943,0.00387940998189,0.00422652391717,0.000735716836061,0.00104486860801,0.000288011156954,0.000473368592793,0.00027058480191,0.000124193014926,0.000139720868901,0.000121750541439,0.00017145392485,0.000126442333567,0.00018603116041,0.000127010425786,0.0000721129545127,0.0000477388566651,0.0000231485046243,0.0000155978541443,0.0000163313616213,0.0000228297358262,0.0000103169750219,6.95856840593e-7,5.71815519379e-7,4.92018955356e-7,4.30981344834e-7,3.81764721169e-7],"mean":[0.00108510465361,0.00113156042062,0.000556774553843,0.00078884488903,0.00115843384992,0.000772351166233,0.000391568930354,0.00022763335437,0.000213912731851,0.000173668711795,0.000190146194655,0.00017140712589,0.000115455033665,0.0000781260096119,0.0000391189096263,0.0000277095405181,0.0000192132774828,0.0000168487713381,0.0000132925060825,0.0000106316228994,0.0000071715589911,0.0000051899405662,0.00000405248601965,0.00000380135338673,0.00000362308242075,0.00000304237141791,0.00000225916028285,0.0000016772115714,0.00000107901871615,7.18323860838e-7,6.65867844418e-7,5.60278920148e-7,4.50642744454e-7,4.29493951515e-7,1.19577833857e-7,2.28225616183e-8,2.00802166006e-8,1.79339192385e-8,1.61988804592e-8,1.48154439827e-8],"median":[0.000428899598774,0.000456792215118,0.000197724060854,0.000265234732069,0.000373395479983,0.000279004714685,0.000126041704789,0.0000694182672305,0.0000684003316564,0.0000572677818127,0.0000487509496452,0.000033782380342,0.0000226492084039,0.0000155835059559,0.0000137514525704,0.00000965125582297,0.00000665242441755,0.00000793023900769,0.0000073750888987,0.00000547081890545,0.00000365336290997,0.00000254614997175,0.00000179964365543,0.00000167994562617,0.0000014601366729,9.81731545835e-7,7.04635681359e-7,5.21420872701e-7,3.70084080714e-7,2.59754528997e-7,2.49290280863e-7,2.1548989082e-7,1.69425845797e-7,1.42921464885e-7,4.12726564036e-8,6.63416788171e-9,5.90300430758e-9,5.45683720432e-9,5.07272845951e-9,4.78168260543e-9],"min":[4.99017138387e-25,2.19661375895e-24,1.86351842501e-24,1.69457577633e-24,1.68852698813e-24,1.69710940034e-24,1.19557559846e-24,3.72533922135e-24,3.48330289056e-24,2.29541720682e-24,2.24882550404e-24,1.68703761874e-24,1.97680457024e-24,2.78476971443e-24,2.22356815e-24,3.13340403048e-24,4.05816476486e-24,2.83242440729e-24,4.44942794094e-24,4.41207971581e-24,3.02680663687e-24,5.23960269399e-24,3.9090988472e-24,3.99597530983e-24,4.84272519486e-24,5.20240238029e-24,4.40348428739e-24,3.79519877097e-24,6.47670343746e-24,4.47084433122e-24,3.93787925403e-24,5.17758954937e-24,6.11156851786e-24,5.49020092662e-24,6.61109259798e-24,5.77128232234e-24,6.57717631223e-24,7.22359615367e-24,7.13406754067e-24,6.87833855672e-24],"var":[0.00000300461579172,0.00000456288944406,0.00000331638625539,0.00000255679015027,0.00000538786116522,0.00000295684912999,7.33897593364e-7,3.56712405392e-7,3.40781866726e-7,1.13367214283e-7,1.77480217189e-7,2.98199978488e-7,1.14757312986e-7,7.573251537e-8,9.8549186589e-9,7.25605886487e-9,1.60120450232e-9,1.02703578975e-9,3.0828853359e-10,2.76714401393e-10,1.42069592202e-10,6.45827280543e-11,4.52049092603e-11,3.92919655146e-11,4.63671635809e-11,5.23204500558e-11,4.95747193296e-11,2.38049059631e-11,7.3115792934e-12,2.95294930001e-12,1.49843212924e-12,9.62247534257e-13,6.16981726126e-13,8.60702676665e-13,7.07892064736e-14,2.27079157005e-15,1.73080552508e-15,1.34551173083e-15,1.0622313025e-15,8.53686020478e-16]},"melbands_crest":{"dmean":3.92345356941,"dmean2":6.43261194229,"dvar":10.9338626862,"dvar2":28.4651966095,"max":37.9730262756,"mean":14.6020183563,"median":13.5427341461,"min":1.16879534721,"var":32.3300323486},"melbands_flatness_db":{"dmean":0.0320219732821,"dmean2":0.0497892051935,"dvar":0.000697210838553,"dvar2":0.00171216996387,"max":0.582974433899,"mean":0.267618715763,"median":0.263612926006,"min":0.000127324194182,"var":0.0035526023712},"melbands_kurtosis":{"dmean":6.49434566498,"dmean2":10.6426477432,"dvar":126.487617493,"dvar2":328.788452148,"max":317.234710693,"mean":11.6979560852,"median":7.64319181442,"min":-1.79311382771,"var":299.768310547},"melbands_skewness":{"dmean":0.709747433662,"dmean2":1.13220047951,"dvar":0.488930702209,"dvar2":1.21970772743,"max":11.5773992538,"mean":2.19521570206,"median":2.06683206558,"min":-2.36405777931,"var":2.00707507133},"melbands_spread":{"dmean":3.98862409592,"dmean2":6.23724651337,"dvar":26.5356941223,"dvar2":54.9218978882,"max":170.34815979,"mean":13.2873811722,"median":10.6673145294,"min":0.301977515221,"var":193.287612915},"mfcc":{"cov":[[12590.9140625,1826.68395996,-1613.72485352,851.246948242,-538.996398926,486.573791504,-64.9741973877,306.862762451,167.285812378,-44.3949241638,208.993972778,-176.373519897,300.614105225],[1826.68395996,1177.46618652,-149.63293457,-18.1253223419,-88.3131103516,45.7224159241,-37.120464325,-6.59823417664,9.22853755951,-24.6505260468,13.3847761154,-60.3231964111,13.9754190445],[-1613.72485352,-149.63293457,576.278747559,-208.985198975,156.200775146,-127.809104919,16.7395839691,-80.5279693604,-43.9985923767,22.7417049408,-69.7129898071,44.0580558777,-85.4415435791],[851.246948242,-18.1253223419,-208.985198975,576.593505859,-36.4554290771,127.355293274,-42.1168403625,28.9790821075,7.4780216217,-24.4223575592,63.887512207,-75.3428344727,48.5815238953],[-538.996398926,-88.3131103516,156.200775146,-36.4554290771,202.641845703,1.05432724953,40.6350669861,-12.0158538818,-11.612121582,11.7902870178,-23.6435527802,27.5700702667,-32.020275116],[486.573791504,45.7224159241,-127.809104919,127.355293274,1.05432724953,185.912017822,44.2887039185,62.7453651428,36.8824920654,-4.87980651855,35.8499412537,-23.8957653046,42.5716705322],[-64.9741973877,-37.120464325,16.7395839691,-42.1168403625,40.6350669861,44.2887039185,125.517608643,37.8789482117,17.0085296631,17.7837867737,-11.8576107025,18.6431255341,-7.94384860992],[306.862762451,-6.59823417664,-80.5279693604,28.9790821075,-12.0158538818,62.7453651428,37.8789482117,103.704200745,57.3132286072,9.50948524475,30.6713275909,5.47938108444,31.8681507111],[167.285812378,9.22853755951,-43.9985923767,7.4780216217,-11.612121582,36.8824920654,17.0085296631,57.3132286072,81.8907089233,41.3426055908,32.0694885254,12.8680973053,20.0824718475],[-44.3949241638,-24.6505260468,22.7417049408,-24.4223575592,11.7902870178,-4.87980651855,17.7837867737,9.50948524475,41.3426055908,75.6054000854,38.8628082275,24.5648956299,6.81978464127],[208.993972778,13.3847761154,-69.7129898071,63.887512207,-23.6435527802,35.8499412537,-11.8576107025,30.6713275909,32.0694885254,38.8628082275,89.1243133545,32.8892784119,37.3578300476],[-176.373519897,-60.3231964111,44.0580558777,-75.3428344727,27.5700702667,-23.8957653046,18.6431255341,5.47938108444,12.8680973053,24.5648956299,32.8892784119,85.3347473145,28.8826694489],[300.614105225,13.9754190445,-85.4415435791,48.5815238953,-32.020275116,42.5716705322,-7.94384860992,31.8681507111,20.0824718475,6.81978464127,37.3578300476,28.8826694489,76.9430999756]],"icov":[[0.000182679505087,-0.000265611073701,0.00038656705874,-0.000231302663451,0.000199215268367,-0.000223222727072,0.000261123146629,-0.000545273360331,0.000431849475717,-0.000633159419522,0.000699569412973,-0.000579838117119,0.000190442835446],[-0.000265611073701,0.00138121470809,-0.000462294003228,0.000784416624811,-0.000334677577484,0.000425829930464,-0.000714787922334,0.0017787667457,-0.00152519671246,0.00200455868617,-0.00230409088545,0.00251102074981,-0.001010654727],[0.00038656705874,-0.000462294003228,0.00409153103828,-0.000271361437626,-0.00101714860648,-0.000244955794187,0.00146233069245,-0.00102325447369,0.00196256837808,-0.00345963193104,0.00388259929605,-0.00363433687016,0.0028490179684],[-0.000231302663451,0.000784416624811,-0.000271361437626,0.00363775924779,-0.00154048402328,0.000466906931251,-0.00124518689699,0.00277351564728,-0.00201854389161,0.00397372152656,-0.00622881622985,0.0068591600284,-0.00338956480846],[0.000199215268367,-0.000334677577484,-0.00101714860648,-0.00154048402328,0.00871899351478,-0.00411507673562,0.00165768770967,-0.00321845663711,0.0041764411144,-0.0052825063467,0.00664954353124,-0.00843714177608,0.005851786118],[-0.000223222727072,0.000425829930464,-0.000244955794187,0.000466906931251,-0.00411507673562,0.014471065253,-0.00887725595385,0.00363664026372,-0.00774637935683,0.0102486005053,-0.0118877636269,0.0137094659731,-0.0101748863235],[0.000261123146629,-0.000714787922334,0.00146233069245,-0.00124518689699,0.00165768770967,-0.00887725595385,0.0185820162296,-0.0118785882369,0.00985703803599,-0.0142008047551,0.01592140086,-0.0152777852491,0.0106501635164],[-0.000545273360331,0.0017787667457,-0.00102325447369,0.00277351564728,-0.00321845663711,0.00363664026372,-0.0118785882369,0.0301475357264,-0.0231392681599,0.0187551472336,-0.0164357237518,0.0139856301248,-0.0110373189673],[0.000431849475717,-0.00152519671246,0.00196256837808,-0.00201854389161,0.0041764411144,-0.00774637935683,0.00985703803599,-0.0231392681599,0.0388747341931,-0.0272968765348,0.0150458374992,-0.0139772547409,0.00888368487358],[-0.000633159419522,0.00200455868617,-0.00345963193104,0.00397372152656,-0.0052825063467,0.0102486005053,-0.0142008047551,0.0187551472336,-0.0272968765348,0.0434625558555,-0.029777565971,0.018537748605,-0.0105725247413],[0.000699569412973,-0.00230409088545,0.00388259929605,-0.00622881622985,0.00664954353124,-0.0118877636269,0.01592140086,-0.0164357237518,0.0150458374992,-0.029777565971,0.0457770787179,-0.0309283286333,0.0118214078248],[-0.000579838117119,0.00251102074981,-0.00363433687016,0.0068591600284,-0.00843714177608,0.0137094659731,-0.0152777852491,0.0139856301248,-0.0139772547409,0.018537748605,-0.0309283286333,0.0465458407998,-0.0254742857069],[0.000190442835446,-0.001010654727,0.0028490179684,-0.00338956480846,0.005851786118,-0.0101748863235,0.0106501635164,-0.0110373189673,0.00888368487358,-0.0105725247413,0.0118214078248,-0.0254742857069,0.0339171215892]],"mean":[-724.343078613,175.80329895,-11.0953845978,28.508480072,-11.3132686615,8.84512901306,-6.54891204834,0.803160071373,-0.383557379246,-5.00327396393,2.23395347595,-9.49622631073,4.22254323959]},"pitch_salience":{"dmean":0.0755100548267,"dmean2":0.123373664916,"dvar":0.0039727347903,"dvar2":0.0101168937981,"max":0.983602404594,"mean":0.569787561893,"median":0.583650171757,"min":0.0776217058301,"var":0.0125273875892},"silence_rate_20dB":{"dmean":0,"dmean2":0,"dvar":0,"dvar2":0,"max":1,"mean":1,"median":1,"min":1,"var":0},"silence_rate_30dB":{"dmean":0.0190863981843,"dmean2":0.0381776541471,"dvar":0.0187225416303,"dvar2":0.0453760623932,"max":1,"mean":0.978244245052,"median":1,"min":0,"var":0.0212822519243},"silence_rate_60dB":{"dmean":0.0231581628323,"dmean2":0.0463222190738,"dvar":0.0226199887693,"dvar2":0.0515513755381,"max":1,"mean":0.1316793859,"median":0,"min":0,"var":0.114334121346},"spectral_centroid":{"dmean":157.815170288,"dmean2":241.733856201,"dvar":53732.4492188,"dvar2":98183.7109375,"max":11557.2568359,"mean":819.156555176,"median":659.456726074,"min":218.450088501,"var":816482.9375},"spectral_complexity":{"dmean":2.79170370102,"dmean2":4.07457351685,"dvar":8.65708065033,"dvar2":15.7895689011,"max":47,"mean":13.4984731674,"median":13,"min":0,"var":68.7993469238},"spectral_contrast_coeffs":{"dmean":[0.0554963536561,0.0527024306357,0.0396876968443,0.0254215206951,0.0196235459298,0.0476604737341],"dmean2":[0.0909682139754,0.0876723080873,0.0658430606127,0.0423615127802,0.0319125764072,0.0752617791295],"dvar":[0.00199161260389,0.00175831315573,0.000977038638666,0.000413924717577,0.00027088704519,0.00181804364547],"dvar2":[0.0051819360815,0.00477052805945,0.00268098292872,0.00112760032061,0.000698945252225,0.00425903685391],"max":[-0.328925728798,-0.403310477734,-0.554334461689,-0.604642987251,-0.692755520344,-0.409132421017],"mean":[-0.657928109169,-0.74413728714,-0.791409552097,-0.828763484955,-0.834712386131,-0.753600537777],"median":[-0.665933787823,-0.750850439072,-0.796455085278,-0.828800201416,-0.83069396019,-0.760687589645],"min":[-0.982161521912,-0.980928957462,-0.978545069695,-0.977986991405,-0.977699697018,-0.963645160198],"var":[0.01026279293,0.00567507231608,0.00359935685992,0.00148459826596,0.00129102286883,0.00589876575395]},"spectral_contrast_valleys":{"dmean":[0.445689827204,0.368061393499,0.330371409655,0.284377336502,0.311669260263,0.689343452454],"dmean2":[0.719241976738,0.593924760818,0.509833216667,0.423242509365,0.427417874336,1.09336864948],"dvar":[0.152298018336,0.112516246736,0.10113606602,0.0873671919107,0.122298121452,0.326375842094],"dvar2":[0.335287243128,0.238198488951,0.18782915175,0.149532034993,0.203699588776,0.854405283928],"max":[-5.11033153534,-4.47288608551,-4.87716960907,-5.93155908585,-6.04896402359,-9.18271541595],"mean":[-7.56852912903,-6.76882171631,-7.4391784668,-8.06834125519,-8.41217041016,-11.7628536224],"median":[-7.13783311844,-6.38247299194,-7.05969238281,-7.64351844788,-7.98915052414,-11.4704341888],"min":[-27.7741756439,-28.0329494476,-28.0577640533,-27.7899055481,-27.562915802,-27.3902568817],"var":[4.10205745697,4.17904138565,4.1446185112,3.95813941956,3.83230853081,3.04559826851]},"spectral_decrease":{"dmean":2.32862329419e-9,"dmean2":3.60097240915e-9,"dvar":1.27752420781e-17,"dvar2":2.99559918503e-17,"max":4.38219061039e-9,"mean":-4.34223945689e-9,"median":-2.46278331062e-9,"min":-6.02170828756e-8,"var":3.12103020614e-17},"spectral_energy":{"dmean":0.0104885930195,"dmean2":0.0155530879274,"dvar":0.000214639643673,"dvar2":0.000472568470286,"max":0.270721554756,"mean":0.03184447065,"median":0.0248965881765,"min":1.0073016951e-20,"var":0.000850919575896},"spectral_energyband_high":{"dmean":0.0000875240875757,"dmean2":0.000113828558824,"dvar":2.9239169308e-8,"dvar2":5.02676762437e-8,"max":0.00450419168919,"mean":0.000190663879039,"median":0.0000926145294216,"min":7.23165962478e-21,"var":8.69861622732e-8},"spectral_energyband_low":{"dmean":0.00442308699712,"dmean2":0.00719252368435,"dvar":0.0000759512040531,"dvar2":0.000190367019968,"max":0.135747775435,"mean":0.00683311605826,"median":0.00310843857005,"min":2.1423521588e-23,"var":0.000117281815619},"spectral_energyband_middle_high":{"dmean":0.00154823332559,"dmean2":0.00229392480105,"dvar":0.0000126622817334,"dvar2":0.0000281316824839,"max":0.0794265121222,"mean":0.00370923941955,"median":0.00146010937169,"min":1.14158325941e-21,"var":0.000041394654545},"spectral_energyband_middle_low":{"dmean":0.00616392539814,"dmean2":0.0094578191638,"dvar":0.000103540092823,"dvar2":0.000238167092903,"max":0.227134436369,"mean":0.0143329305574,"median":0.00898963026702,"min":1.50871654986e-22,"var":0.000303473003441},"spectral_entropy":{"dmean":0.216965556145,"dmean2":0.329351663589,"dvar":0.041971039027,"dvar2":0.0924959778786,"max":9.82336807251,"mean":7.21001052856,"median":7.25940227509,"min":4.3510017395,"var":0.23815779388},"spectral_flux":{"dmean":0.0217752363533,"dmean2":0.0347991548479,"dvar":0.000599122606218,"dvar2":0.00139693648089,"max":0.364154726267,"mean":0.0899510011077,"median":0.0859941914678,"min":6.47883760529e-11,"var":0.0028098479379},"spectral_kurtosis":{"dmean":5.52779340744,"dmean2":8.67416000366,"dvar":51.7695922852,"dvar2":131.186050415,"max":124.630737305,"mean":20.218711853,"median":17.8012046814,"min":-1.26353156567,"var":111.682937622},"spectral_rms":{"dmean":0.000841039523948,"dmean2":0.00121957343072,"dvar":8.44647445319e-7,"dvar2":0.0000017416399487,"max":0.016251726076,"mean":0.00491318572313,"median":0.00492842309177,"min":3.13485782472e-12,"var":0.00000692833646099},"spectral_rolloff":{"dmean":3550.53173828,"dmean2":6917.88232422,"dvar":54243812,"dvar2":130705040,"max":22050,"mean":17127.8300781,"median":21748.5351562,"min":64.599609375,"var":73011048},"spectral_skewness":{"dmean":0.437780082226,"dmean2":0.656623244286,"dvar":0.257327020168,"dvar2":0.598086476326,"max":9.23729896545,"mean":3.06177067757,"median":2.93407344818,"min":-0.0624440349638,"var":0.939339458942},"spectral_spread":{"dmean":501534.96875,"dmean2":803267.8125,"dvar":491444731904,"dvar2":1073106518020,"max":44538240,"mean":3791090.5,"median":3517581.5,"min":1437375.125,"var":8783703572480},"spectral_strongpeak":{"dmean":7.79679727554,"dmean2":14.3622570038,"dvar":269.006896973,"dvar2":710.621459961,"max":215.381591797,"mean":7.24934530258,"median":0.829318404198,"min":0,"var":279.336273193},"zerocrossingrate":{"dmean":0.0456417761743,"dmean2":0.0574769414961,"dvar":0.00145823508501,"dvar2":0.00232339650393,"max":0.91845703125,"mean":0.340763658285,"median":0.33642578125,"min":0.03173828125,"var":0.0139451837167}},"metadata":{"audio_properties":{"analysis_sample_rate":44100,"bit_rate":128000,"codec":"mp3","downmix":"mix","equal_loudness":0,"length":182.466369629,"lossless":false,"md5_encoded":"9b91c7dabc9220f51017718fca55f205","replay_gain":-8.19437599182,"sample_rate":44100},"tags":{"album":["Strange Days"],"albumartist":["The Doors"],"albumartistsort":["Doors, The"],"artist":["The Doors"],"artistsort":["Doors, The"],"asin":["B000002I27"],"catalognumber":["EKS 74014"],"date":["1967-10"],"file_name":"06 - The Doors - Moonlight Drive.mp3","genre":["60S","The Doors","Blues Rock","Psychedelic Rock","Rock","Psychedelic","Classic Rock"],"label":["Elektra"],"musicbrainz album release country":["US"],"musicbrainz album status":["official"],"musicbrainz album type":["album"],"musicbrainz_albumartistid":["9efff43b-3b29-4082-824e-bc82f646f93d"],"musicbrainz_albumid":["c8a31b83-ce83-4b58-9df7-416a8645946f"],"musicbrainz_artistid":["9efff43b-3b29-4082-824e-bc82f646f93d"],"musicbrainz_recordingid":["e02cb5c9-44b6-4bcb-9dfa-3a8f05139207"],"title":["Moonlight Drive"],"tracknumber":["6/10"]},"version":{"essentia":"2.1-beta1","essentia_build_sha":"81dca3489dfd3c4275b86ac4d56d870715677d3f","essentia_git_sha":"v2.1_beta1-28-g21ef5f4","extractor":"music 1.0"}},"rhythm":{"beats_count":344,"beats_loudness":{"dmean":0.0236390680075,"dmean2":0.0407315902412,"dvar":0.000501625065226,"dvar2":0.00146436085925,"max":0.192338347435,"mean":0.0484558828175,"median":0.0470308065414,"min":0,"var":0.00121662020683},"beats_loudness_band_ratio":{"dmean":[0.165049821138,0.215914070606,0.0919637680054,0.0574089512229,0.0211292989552,0.11952739954],"dmean2":[0.293499112129,0.383302211761,0.154793202877,0.102862499654,0.0385392643511,0.21394136548],"dvar":[0.0181922614574,0.0299129616469,0.0080841621384,0.00542114349082,0.000455951754702,0.0079486053437],"dvar2":[0.0519388094544,0.0888477638364,0.0215172749013,0.0152793806046,0.00127139373217,0.0240528061986],"max":[0.893730759621,0.979613363743