{"lowlevel":{"average_loudness":0.669007003307,"barkbands":{"dmean":[0.000178983740625,0.00147778831888,0.000708997366019,0.000978665542789,0.00260319490917,0.00106083112769,0.000923018436879,0.00100233138073,0.000721252930816,0.000692457251716,0.000452600186691,0.000552784418687,0.000495015352499,0.000397581985453,0.000297805876471,0.000164205877809,0.000122634446598,0.000124356796732,0.0000836428953335,0.000100233257399,0.0000880594889168,0.000107513173134,0.000102315440017,0.0000670036315569,0.0000525291434315,0.0000258080162894,0.00000173529258518],"dmean2":[0.000228374658036,0.00243529235013,0.00117197469808,0.0015538764419,0.00416529830545,0.00168747652788,0.00144447758794,0.00148679758422,0.00110670155846,0.00100173125975,0.000651955720969,0.000824350572657,0.000772781146225,0.000604543311056,0.000468186452053,0.00025228067534,0.000193192448933,0.000192547144252,0.000130813292344,0.000149764877278,0.000131583161419,0.000158432725584,0.000148414837895,0.0000922653925954,0.0000741626427043,0.000037481149775,0.00000268733697339],"dvar":[1.08542565158e-7,0.0000057797728914,0.00000220002198148,0.00000468007374366,0.0000261195073108,0.00000666968298901,0.00000719300669516,0.00000884426299308,0.00000675928822602,0.00000861270200403,0.00000278380639429,0.00000222050925913,0.00000230804903367,0.00000216165767597,9.93471985566e-7,4.25669213655e-7,2.68241848289e-7,9.54268344344e-8,5.12157569688e-8,9.8021629924e-8,5.42664047032e-8,1.39606555649e-7,1.25450966948e-7,4.41641070381e-8,1.71574949803e-8,4.68546801358e-9,3.08575109909e-11],"dvar2":[1.95540522441e-7,0.0000156120768224,0.00000616173292656,0.0000109864877231,0.00006153673894,0.0000158630300575,0.0000168812784977,0.0000188756312127,0.0000145831800182,0.0000164317043527,0.0000053229769037,0.00000485665259475,0.0000056937374211,0.00000517358239449,0.00000233172477238,8.98943767424e-7,6.82640802552e-7,2.17082515519e-7,1.16716442733e-7,2.07220651305e-7,1.16003093353e-7,3.03491731302e-7,2.62462890532e-7,8.76800214655e-8,3.45482753517e-8,9.9825712141e-9,7.3097888853e-11],"max":[0.00541247287765,0.036359641701,0.0364733375609,0.047647010535,0.102194450796,0.0694070532918,0.0677032321692,0.0746771022677,0.0812200978398,0.150240302086,0.0681608319283,0.057812590152,0.0300387889147,0.0345621779561,0.0282536819577,0.025410162285,0.0354631654918,0.00765721779317,0.00751190586016,0.0118153141811,0.00446162046865,0.0107111828402,0.00769893312827,0.00615084869787,0.00222934992053,0.000945241947193,0.0000812019570731],"mean":[0.000359158613719,0.00341419223696,0.00157446006779,0.00169072626159,0.00445844558999,0.00172292650677,0.00141505582724,0.00158095150255,0.00107647664845,0.00140318903141,0.000746922334656,0.000930970942136,0.000797180866357,0.000567433191463,0.000420350086642,0.000250632263487,0.000201735063456,0.000224023038754,0.000140343399835,0.000145783473272,0.000127385137603,0.00014845491387,0.000136924296385,0.0000923137922655,0.0000653505776427,0.000028659704185,0.00000169180839293],"median":[0.000060850099544,0.00185604928993,0.00068474834552,0.000580637482926,0.0019437315641,0.000658241799101,0.000209927093238,0.000159478309797,0.000145479818457,0.000171813357156,0.0000875264086062,0.0001809951209,0.000115732327686,0.0000766635057516,0.0000778939283919,0.000075097392255,0.0000688927830197,0.000054958563851,0.0000443978860858,0.0000304349850921,0.0000253346624959,0.0000260637280007,0.0000200180365937,0.0000112436027848,0.00000757079214964,0.00000257706096818,9.89022765907e-8],"min":[5.32709486256e-25,9.72112504643e-25,1.94325668252e-24,8.37237800234e-25,3.82462249387e-24,5.79157774128e-24,8.54778516892e-24,2.92850115744e-24,1.10641757259e-23,1.25194529132e-23,8.27141169508e-24,7.39110997803e-24,2.77109859717e-23,3.2949438901e-23,3.73202868294e-23,6.35659194935e-23,8.31508934568e-23,8.47218436852e-23,1.29408201259e-22,1.79567764145e-22,2.57597997383e-22,3.19488035526e-22,3.67686704772e-22,5.34789431629e-22,9.07004248484e-22,1.19544057308e-21,2.0290043704e-21],"var":[4.09160207937e-7,0.0000197160989046,0.00000674827515468,0.0000109159836938,0.0000612045259913,0.000011823960449,0.0000156536152645,0.0000203123090614,0.0000137959104904,0.0000486798307975,0.00000879033177625,0.00000628015868642,0.00000561108117836,0.00000326393887917,0.00000150811763433,8.07360152066e-7,4.17802652919e-7,2.65765294216e-7,9.66162474469e-8,1.9413573682e-7,9.84144534755e-8,1.99293708647e-7,1.9155483244e-7,8.1120923312e-8,2.7151319415e-8,6.15299855511e-9,3.2228098662e-11]},"barkbands_crest":{"dmean":2.72105550766,"dmean2":4.42211198807,"dvar":6.11977863312,"dvar2":15.811583519,"max":26.0562477112,"mean":10.7253017426,"median":9.9470281601,"min":2.4124557972,"var":17.3375968933},"barkbands_flatness_db":{"dmean":0.0242704693228,"dmean2":0.0353381037712,"dvar":0.000570263073314,"dvar2":0.00111794332042,"max":0.554657816887,"mean":0.152548328042,"median":0.148490786552,"min":0.023128753528,"var":0.00354243582115},"barkbands_kurtosis":{"dmean":3.57535219193,"dmean2":5.53775215149,"dvar":35.7354660034,"dvar2":84.6816482544,"max":136.962478638,"mean":6.357899189,"median":3.02409076691,"min":-1.94723260403,"var":105.871589661},"barkbands_skewness":{"dmean":0.581208825111,"dmean2":0.885543584824,"dvar":0.358978033066,"dvar2":0.833981633186,"max":10.3932390213,"mean":1.60323810577,"median":1.49603295326,"min":-2.52465224266,"var":2.00600838661},"barkbands_spread":{"dmean":6.02179861069,"dmean2":8.71957206726,"dvar":67.8153076172,"dvar2":126.412208557,"max":104.108398438,"mean":19.1106414795,"median":13.8570728302,"min":0.758542239666,"var":269.246368408},"dissonance":{"dmean":0.0227138102055,"dmean2":0.0371797867119,"dvar":0.000496921536978,"dvar2":0.00126554095186,"max":0.499999970198,"mean":0.450687229633,"median":0.460340619087,"min":0.22236379981,"var":0.00137771316804},"dynamic_complexity":4.53359985352,"erbbands":{"dmean":[0.0528151057661,0.32077935338,0.815333068371,1.72448253632,8.14251708984,8.19877815247,7.64045333862,8.86571884155,10.5501346588,16.6627883911,20.8457794189,16.9072532654,16.0580749512,21.5091571808,19.7239761353,20.4052677155,22.6880054474,19.2202663422,17.8960590363,10.278503418,8.90129947662,6.39872360229,6.46901321411,4.87472200394,4.2110452652,4.80853414536,4.02044916153,3.45137071609,3.53811717033,4.01079177856,2.74899339676,1.58493494987,1.06698942184,0.597286939621,0.375967234373,0.155121549964,0.0384862981737,0.00627127895132,0.000268684088951,0.0000128212350319],"dmean2":[0.0863623321056,0.525707840919,1.3316038847,2.72895526886,12.9641723633,13.1545085907,12.356262207,14.0121879578,16.5864276886,25.2062835693,30.7780036926,25.4158668518,24.7651824951,29.8769569397,28.0109519958,30.4344997406,34.9883041382,28.9493179321,27.4596710205,15.9824781418,13.44780159,9.9185552597,9.93620681763,7.4862613678,6.58760118484,7.20190238953,5.94701194763,5.20211315155,5.1916384697,5.78923416138,4.02019309998,2.22549247742,1.51360821724,0.848741889,0.541697800159,0.229848831892,0.0557733215392,0.00911863334477,0.000414700392867,0.0000182347066584],"dvar":[0.00968980230391,0.297293901443,2.61039352417,13.3611469269,280.138336182,349.557342529,338.460845947,586.620849609,841.839599609,2860.31738281,3896.10302734,3542.86962891,5730.10107422,10034.4707031,4152.98876953,3218.80175781,5066.44287109,4990.28759766,3315.3203125,1345.18395996,1654.80029297,357.568389893,267.778594971,208.527252197,114.934127808,249.166870117,111.982078552,101.821914673,155.719604492,211.96472168,93.906578064,31.2327785492,10.2024040222,2.2412610054,0.979257464409,0.176203474402,0.0102491704747,0.000318551436067,7.84182248026e-7,4.73464212281e-10],"dvar2":[0.025086786598,0.793485224247,7.28042125702,29.6606273651,645.863830566,854.011047363,805.56842041,1425.17871094,1989.18835449,6349.93603516,8264.98730469,7278.03710938,14156.2890625,15709.7744141,8411.18847656,6807.0703125,12515.46875,11850.8203125,7626.04833984,3278.75292969,3528.36669922,795.403381348,598.09753418,447.04888916,280.466552734,529.762939453,230.434921265,222.763870239,342.529785156,461.660461426,198.281936646,65.2596130371,20.803861618,4.60283946991,2.05042266846,0.382346659899,0.0218438785523,0.000677508069202,0.00000189663364836,9.61329016391e-10],"max":[1.64268004894,9.54201698303,42.9082679749,122.377532959,505.408813477,515.124511719,436.79397583,851.214538574,561.815368652,1736.21655273,1612.34985352,2001.44873047,2078.01000977,6521.71728516,3121.24731445,1650.10144043,1550.01806641,1976.93774414,1733.47033691,1119.68444824,2130.06616211,987.188964844,420.246185303,547.797363281,318.191040039,680.827392578,272.541290283,210.594512939,387.555389404,435.904571533,211.371444702,157.699356079,71.5017929077,23.8898887634,19.0507564545,5.42770814896,1.22591876984,0.371053636074,0.0162275992334,0.00036044276203],"mean":[0.107665322721,0.716732144356,2.03565382957,3.46080613136,13.3857040405,13.0679321289,12.7759809494,14.0507173538,16.5067977905,29.7449455261,32.324344635,26.1622371674,25.1066570282,51.5067024231,38.6557159424,36.4032745361,39.0583000183,30.534822464,26.8874397278,15.1667051315,14.4109582901,11.5577163696,11.8048810959,9.25260925293,7.08115148544,7.07095098495,6.00016880035,4.79590511322,4.85764551163,5.36433935165,3.66329240799,2.17064785957,1.42786109447,0.762122869492,0.444318175316,0.17239266634,0.0423569269478,0.00690217129886,0.000273208774161,0.0000353161776729],"median":[0.0360314771533,0.367406964302,0.954710960388,1.65023636818,5.56237030029,4.9970831871,5.34197187424,4.836769104,3.72585606575,3.28124284744,4.60575199127,4.34449052811,4.58257579803,6.62018203735,7.78910207748,7.49350118637,6.11307048798,5.039894104,4.77245330811,4.0576133728,4.46467494965,4.22785282135,3.41499400139,2.4141767025,2.18197727203,1.49022066593,1.20860910416,0.917184233665,0.84969240427,0.849757194519,0.521310508251,0.277661174536,0.174248874187,0.0902204364538,0.0487102866173,0.0165335852653,0.00348058738746,0.000515839434229,0.0000308331909764,0.0000265257276624],"min":[1.00826224495e-22,3.33628815325e-22,2.85714242028e-21,8.21560065694e-21,1.8510188921e-20,2.22469078679e-20,7.7191299229e-20,7.91985822323e-20,1.22758721083e-19,1.20730293275e-19,1.89060452504e-19,3.15613864647e-19,5.19349638591e-19,7.22917856762e-19,9.88994511161e-19,5.15023225493e-19,1.51486455603e-18,1.91409159475e-18,2.31891606128e-18,3.09854495555e-18,4.03774278024e-18,5.10171914598e-18,6.14705292866e-18,5.9310429835e-18,8.0785229677e-18,8.85869986912e-18,8.6987553987e-18,8.87621210987e-18,1.10128386573e-17,1.15401249387e-17,1.04576151778e-17,9.1075745272e-18,9.89058286786e-18,8.87543786882e-18,6.41966270724e-18,3.9621111753e-18,2.16166923363e-18,9.34323766333e-19,2.30309804152e-19,2.75351882307e-20],"var":[0.0286271553487,1.07572853565,9.5453004837,37.6911315918,671.948425293,738.739868164,685.237487793,950.835876465,1727.95117188,8710.95703125,7519.33496094,7636.82519531,9387.42675781,80959.0546875,16087.3994141,8119.60498047,13362.6220703,7803.31298828,5729.32421875,1783.78442383,3504.22460938,805.620605469,658.221984863,571.565673828,213.044265747,482.700317383,233.27180481,159.29069519,215.857299805,299.995849609,139.908538818,51.5330200195,17.9236888885,3.73645186424,1.37481176853,0.222490131855,0.0135108912364,0.000419713003794,7.85696897765e-7,1.17288001533e-9]},"erbbands_crest":{"dmean":3.08782148361,"dmean2":4.90312767029,"dvar":8.86198425293,"dvar2":21.183139801,"max":32.2014884949,"mean":10.6827516556,"median":9.53595924377,"min":2.28109550476,"var":28.1095218658},"erbbands_flatness_db":{"dmean":0.0215427540243,"dmean2":0.0298114623874,"dvar":0.00042749530985,"dvar2":0.000780070549808,"max":0.390096336603,"mean":0.164839312434,"median":0.1616435498,"min":0.0474900566041,"var":0.00244934903458},"erbbands_kurtosis":{"dmean":1.53628003597,"dmean2":2.3666806221,"dvar":7.50856208801,"dvar2":16.3251342773,"max":98.3590393066,"mean":1.64489638805,"median":0.438673615456,"min":-1.80253434181,"var":18.6771736145},"erbbands_skewness":{"dmean":0.456017017365,"dmean2":0.6718557477,"dvar":0.223601639271,"dvar2":0.463755428791,"max":7.29287338257,"mean":0.487915664911,"median":0.451312959194,"min":-5.61945009232,"var":1.03961014748},"erbbands_spread":{"dmean":9.23577308655,"dmean2":13.6261301041,"dvar":114.970527649,"dvar2":246.159759521,"max":153.957229614,"mean":35.015827179,"median":31.574256897,"min":2.17909693718,"var":423.718963623},"gfcc":{"cov":[[29237.0371094,1000.57293701,-2379.27880859,417.309814453,-1341.7442627,454.510223389,-822.723449707,138.256195068,-582.242919922,36.6800537109,-358.781799316,45.6896324158,-338.030303955],[1000.57293701,1712.56567383,-94.0345535278,-224.90071106,175.745376587,-134.293228149,140.535064697,-66.9678421021,130.004562378,-167.75100708,83.7107925415,-84.1656265259,24.1764698029],[-2379.27880859,-94.0345535278,1012.09527588,164.940246582,160.797958374,-68.4530181885,-52.2454414368,-31.4683628082,10.5853557587,6.55850553513,-80.7917175293,8.2778968811,59.6193313599],[417.309814453,-224.90071106,164.940246582,528.174438477,27.7017974854,18.7197628021,-71.39402771,-37.4805641174,0.984569311142,23.0022296906,-38.9704360962,7.84183692932,39.6452598572],[-1341.7442627,175.745376587,160.797958374,27.7017974854,401.396148682,29.2117900848,70.7421951294,-10.7095050812,24.9810199738,-6.12968587875,1.49033105373,2.38283753395,51.0693397522],[454.510223389,-134.293228149,-68.4530181885,18.7197628021,29.2117900848,216.198944092,60.9710960388,28.911026001,-38.7038764954,12.9646806717,4.64750576019,11.7466039658,-1.6089836359],[-822.723449707,140.535064697,-52.2454414368,-71.39402771,70.7421951294,60.9710960388,258.026702881,53.8267784119,38.6161308289,-29.2394180298,47.294708252,-11.2842283249,15.1630544662],[138.256195068,-66.9678421021,-31.4683628082,-37.4805641174,-10.7095050812,28.911026001,53.8267784119,139.48500061,34.8344726562,25.4494724274,-5.7591753006,6.59653234482,-3.39406466484],[-582.242919922,130.004562378,10.5853557587,0.984569311142,24.9810199738,-38.7038764954,38.6161308289,34.8344726562,168.030990601,26.4952869415,37.0980186462,-11.8058366776,-0.995072185993],[36.6800537109,-167.75100708,6.55850553513,23.0022296906,-6.12968587875,12.9646806717,-29.2394180298,25.4494724274,26.4952869415,117.641593933,20.7409648895,14.0573720932,-8.5277671814],[-358.781799316,83.7107925415,-80.7917175293,-38.9704360962,1.49033105373,4.64750576019,47.294708252,-5.7591753006,37.0980186462,20.7409648895,118.638221741,25.8277282715,-3.07324790955],[45.6896324158,-84.1656265259,8.2778968811,7.84183692932,2.38283753395,11.7466039658,-11.2842283249,6.59653234482,-11.8058366776,14.0573720932,25.8277282715,100.353340149,36.0456886292],[-338.030303955,24.1764698029,59.6193313599,39.6452598572,51.0693397522,-1.6089836359,15.1630544662,-3.39406466484,-0.995072185993,-8.5277671814,-3.07324790955,36.0456886292,107.102386475]],"icov":[[0.000119347387226,-0.000302239641314,0.000252322875895,-0.000242772264755,0.000336292461725,-0.000338639423717,0.000346777815139,-0.000297932012472,0.000397480966058,-0.00035074268817,0.000546860101167,-0.000366733438568,0.000285216112388],[-0.000302239641314,0.0017441775417,-0.000544423586689,0.000932918919716,-0.00124591658823,0.00125925417524,-0.000925831554923,0.00108799652662,-0.00168485636823,0.00222583301365,-0.00207928754389,0.00169162033126,-0.0010787564097],[0.000252322875895,-0.000544423586689,0.00177357415669,-0.000744940247387,0.000208720026421,-0.000240165813011,0.000719044764992,-0.000395028211642,0.000654963951092,-0.00086673675105,0.00197209464386,-0.000947453896515,0.000302818167256],[-0.000242772264755,0.000932918919716,-0.000744940247387,0.00283112120815,-0.000769385602325,0.000224088333198,-0.000202225273824,0.00137616915163,-0.00148458243348,0.000710979802534,-0.000754293636419,0.00107347348239,-0.00150774850044],[0.000336292461725,-0.00124591658823,0.000208720026421,-0.000769385602325,0.00415914040059,-0.00164251204114,0.000169080638443,-0.000286992930342,0.000895392964594,-0.00167261681054,0.00196429318748,-0.00110887596384,-0.000224955554586],[-0.000338639423717,0.00125925417524,-0.000240165813011,0.000224088333198,-0.00164251204114,0.00711007229984,-0.00272459234111,0.0000567510178371,0.000706065038685,0.000339192309184,-0.00159934943076,0.000648097135127,-0.000255210296018],[0.000346777815139,-0.000925831554923,0.000719044764992,-0.000202225273824,0.000169080638443,-0.00272459234111,0.00730382511392,-0.00338469655253,0.000369008659618,0.0014687179355,-0.0013909478439,0.000739201379474,-0.000453112792457],[-0.000297932012472,0.00108799652662,-0.000395028211642,0.00137616915163,-0.000286992930342,0.0000567510178371,-0.00338469655253,0.0107484320179,-0.00351074105129,-0.0012691442389,0.00184798787814,-0.000693437061273,-0.000365181767847],[0.000397480966058,-0.00168485636823,0.000654963951092,-0.00148458243348,0.000895392964594,0.000706065038685,0.000369008659618,-0.00351074105129,0.00994837749749,-0.00354145234451,-0.000486380246002,0.0000632858718745,0.00101513415575],[-0.00035074268817,0.00222583301365,-0.00086673675105,0.000710979802534,-0.00167261681054,0.000339192309184,0.0014687179355,-0.0012691442389,-0.00354145234451,0.0137272607535,-0.00524630211294,0.00145050766878,-0.000414263631683],[0.000546860101167,-0.00207928754389,0.00197209464386,-0.000754293636419,0.00196429318748,-0.00159934943076,-0.0013909478439,0.00184798787814,-0.000486380246002,-0.00524630211294,0.0159375239164,-0.00672479532659,0.00296992133372],[-0.000366733438568,0.00169162033126,-0.000947453896515,0.00107347348239,-0.00110887596384,0.000648097135127,0.000739201379474,-0.000693437061273,0.0000632858718745,0.00145050766878,-0.00672479532659,0.0154073629528,-0.00625970354304],[0.000285216112388,-0.0010787564097,0.000302818167256,-0.00150774850044,-0.000224955554586,-0.000255210296018,-0.000453112792457,-0.000365181767847,0.00101513415575,-0.000414263631683,0.00296992133372,-0.00625970354304,0.013194498606]],"mean":[-51.8410263062,99.1837081909,-106.442977905,30.0910205841,-53.0423660278,18.1815319061,-37.3042640686,3.46141958237,-25.6425380707,0.238078400493,-14.4504556656,3.27392792702,-10.4086837769]},"hfc":{"dmean":5.89488363266,"dmean2":7.88444805145,"dvar":94.4228286743,"dvar2":171.321166992,"max":185.729415894,"mean":17.3595981598,"median":9.90385437012,"min":1.07781236769e-16,"var":414.610900879},"melbands":{"dmean":[0.000416534108808,0.000405116181355,0.000465093296953,0.000636298093013,0.000269712385489,0.00019761553267,0.000169412582181,0.000191725732293,0.000166434096172,0.000102062433143,0.000081575330114,0.0000911195238587,0.0000648075219942,0.0000677102580084,0.0000533188031113,0.0000432538799942,0.00003854836541,0.0000313737182296,0.0000186628112715,0.0000114168487926,0.000011408017599,0.00000701191311236,0.00000709532741894,0.00000585496354688,0.00000413360248785,0.00000318782849718,0.00000301326826957,0.00000345670696333,0.00000286042768494,0.00000198364818971,0.00000219157982428,0.00000194575864043,0.00000236395953834,0.00000224137193072,0.00000178528193828,0.00000116609294309,9.24526204926e-7,7.65407605741e-7,6.56235272345e-7,4.79627715322e-7],"dmean2":[0.000686980085447,0.000657185155433,0.000731034262571,0.00101490691304,0.000432902947068,0.000311698269797,0.000264902075287,0.00028905790532,0.000247135641985,0.000154822380864,0.000125965641928,0.000126199098304,0.0000924218693399,0.0000993831636151,0.000083738079411,0.000065623295086,0.0000584477420489,0.0000485179298266,0.0000292966997222,0.0000176187277248,0.0000176096436917,0.0000111385170385,0.0000110750725071,0.00000913370786293,0.00000645338104732,0.00000502364900967,0.00000469626820632,0.00000526631583853,0.00000429970486948,0.00000302804005514,0.00000339883081324,0.00000293082644021,0.00000350326968146,0.00000328543706019,0.00000266131723947,0.00000170061093741,0.00000134499214255,0.00000110686301014,9.52832522216e-7,6.96081144724e-7],"dvar":[5.15706631177e-7,5.29310511865e-7,8.67521293912e-7,0.00000156827968567,4.01795006155e-7,2.59099437017e-7,2.12208092876e-7,3.3115324527e-7,2.3529744908e-7,1.42279418469e-7,1.47176280052e-7,1.85408723041e-7,4.84827289426e-8,3.2166479258e-8,2.92844806182e-8,1.5476189219e-8,2.1552803986e-8,1.07274997774e-8,4.30161417597e-9,2.02177186104e-9,3.47062312223e-9,6.38345376558e-10,3.2332486688e-10,2.28378010947e-10,1.74016870358e-10,7.56684090386e-11,8.1971762711e-11,1.42186568075e-10,6.60517057716e-11,2.93465009238e-11,4.83908919879e-11,4.86542715838e-11,7.67262919865e-11,6.85657156052e-11,4.00276964352e-11,1.95501601019e-11,1.14770987852e-11,5.76953979384e-12,3.2762447269e-12,1.52247843239e-12],"dvar2":[0.00000136629546432,0.00000144944681324,0.00000196645191863,0.0000037459080886,9.62593503573e-7,6.19791194367e-7,5.02111333844e-7,7.27047392957e-7,5.04154115788e-7,2.91189110158e-7,3.5652433894e-7,2.96392784094e-7,9.31763821654e-8,7.12155099336e-8,7.29282803036e-8,3.54862450536e-8,5.07504793745e-8,2.53499230496e-8,1.06611270922e-8,4.3913472858e-9,7.89942866675e-9,1.56275614671e-9,7.61532115146e-10,5.2413651197e-10,3.80084741458e-10,1.92228982732e-10,1.77525605327e-10,3.17399051486e-10,1.37313826976e-10,6.69222316452e-11,1.10273692955e-10,1.11965520189e-10,1.69875599698e-10,1.49591158904e-10,8.54372059211e-11,4.36438662987e-11,2.48704876138e-11,1.19020305764e-11,6.98510693731e-12,3.27350516485e-12],"max":[0.0117280818522,0.0177317578346,0.026985457167,0.0243729948997,0.0179653484374,0.0165231060237,0.0095141697675,0.0157991331071,0.0130157256499,0.0135934958234,0.0102134160697,0.0275911353528,0.0103926984593,0.00732671143487,0.00349397910759,0.00239127012901,0.00358388014138,0.00257667480037,0.00224788347259,0.00205275346525,0.0036517593544,0.00157836463768,0.000479665672174,0.000341081729857,0.00051341264043,0.000295199104585,0.00045258688624,0.000558828527573,0.000188251797226,0.000100102071883,0.000156862166477,0.000213643943425,0.000263236870524,0.000236677704379,0.000159962961334,0.000135301146656,0.000110029628559,0.0000554163561901,0.0000448672508355,0.0000213532912312],"mean":[0.00093563424889,0.00103855435736,0.00090474949684,0.00104674079921,0.000458314956632,0.000314728502417,0.000263743364485,0.000344701576978,0.000250972894719,0.000152861292008,0.000121915654745,0.000212324463064,0.000117806674098,0.000118617026601,0.0000875889090821,0.0000700342279742,0.0000559170912311,0.000043898486183,0.0000261923341895,0.0000157657177624,0.0000172464897332,0.0000112173202069,0.0000121675866467,0.00000990173521132,0.00000724246865502,0.00000510318977831,0.00000462560046799,0.00000472424835607,0.0000040367017391,0.00000280206245407,0.00000282485143543,0.0000025795206966,0.0000030901333048,0.00000293469361168,0.00000228241196965,0.0000015251619061,0.00000122750054743,0.00000101657167306,8.16758586097e-7,5.90624097185e-7],"median":[0.000448900857009,0.000535236264113,0.000449944229331,0.000451483036159,0.000199089583475,0.000110769120511,0.0000514538041898,0.0000346223823726,0.0000374775772798,0.0000209368190554,0.0000199292153411,0.0000233383016166,0.0000197559820663,0.0000235966199398,0.0000121060184028,0.0000115973452921,0.00000761731234888,0.00000675147020957,0.00000573050238017,0.00000439091763837,0.00000493477045893,0.00000399682085117,0.00000349286801793,0.00000231552371588,0.00000175619834408,0.00000160527144999,0.00000122112760437,8.4079096041e-7,7.2574027854e-7,5.54845428269e-7,4.89193553221e-7,4.40655867351e-7,4.79831783196e-7,4.4584729153e-7,3.07851422576e-7,2.08207211472e-7,1.38809525652e-7,1.21317782487e-7,9.06759751729e-8,6.71120119478e-8],"min":[1.58650518498e-24,1.30455387289e-24,2.09572318234e-24,1.01484371937e-24,2.24907261471e-24,1.84078759524e-24,2.34537971225e-24,1.21175207879e-24,1.63877017818e-24,1.8423724168e-24,2.24094320587e-24,2.55685833259e-24,2.07357650407e-24,1.90840717431e-24,2.4781177869e-24,3.30456475881e-24,3.10473781126e-24,3.35837532774e-24,3.34386778126e-24,3.86028295109e-24,3.42387760414e-24,4.1200927125e-24,4.64554388957e-24,3.50253926374e-24,3.42633569472e-24,4.5210691329e-24,4.66276827301e-24,5.08150589669e-24,4.93969316062e-24,5.40467223284e-24,4.16893188001e-24,5.23186712396e-24,6.0434582673e-24,5.28573606859e-24,5.15775798065e-24,4.97704769663e-24,4.10429380072e-24,6.00428106817e-24,6.5288510876e-24,6.92673122895e-24],"var":[0.00000158570253461,0.00000211207952816,0.00000228476915254,0.00000340965743817,9.22072160847e-7,4.44567234581e-7,4.57010031596e-7,0.0000010394930996,4.38704091721e-7,3.05377994891e-7,2.37230608491e-7,0.00000146923991906,1.82452239983e-7,9.2848551958e-8,6.74678446444e-8,3.61681102845e-8,3.27949827295e-8,1.71259344484e-8,5.44675549108e-9,2.89096169226e-9,7.06205849355e-9,1.13018994163e-9,8.65256033489e-10,5.49588152765e-10,4.24526580556e-10,1.20546392313e-10,1.61382074371e-10,2.47269371645e-10,1.2707693231e-10,4.88962377532e-11,6.57580656593e-11,6.24295684593e-11,1.02086970821e-10,9.5515657883e-11,5.67886675185e-11,2.77168045459e-11,1.77604961987e-11,9.88766967608e-12,5.19920695038e-12,2.30212268519e-12]},"melbands_crest":{"dmean":3.43475031853,"dmean2":5.55008792877,"dvar":9.83715057373,"dvar2":25.3380203247,"max":35.2557601929,"mean":15.0323209763,"median":14.2383327484,"min":1.45008051395,"var":32.7598457336},"melbands_flatness_db":{"dmean":0.0289090219885,"dmean2":0.0416176021099,"dvar":0.00086894253036,"dvar2":0.00169025955256,"max":0.692734062672,"mean":0.224527060986,"median":0.21939060092,"min":0.00329668587074,"var":0.00678624259308},"melbands_kurtosis":{"dmean":7.64295148849,"dmean2":12.0044937134,"dvar":159.410919189,"dvar2":389.523590088,"max":295.037902832,"mean":15.5002307892,"median":8.15202999115,"min":-1.798422575,"var":448.092773438},"melbands_skewness":{"dmean":0.763955116272,"dmean2":1.16613042355,"dvar":0.631977319717,"dvar2":1.46810352802,"max":12.9914007187,"mean":2.58373260498,"median":2.40017747879,"min":-1.67537236214,"var":3.41351032257},"melbands_spread":{"dmean":7.34897279739,"dmean2":11.0302248001,"dvar":149.948654175,"dvar2":310.104492188,"max":212.239318848,"mean":21.8893108368,"median":14.8848924637,"min":0.67217695713,"var":557.720581055},"mfcc":{"cov":[[12935.90625,484.629852295,-540.532714844,-170.411651611,-315.911529541,30.1602783203,-126.702804565,61.6556167603,-189.344100952,-17.4094276428,45.9034309387,-28.3704280853,-34.323841095],[484.629852295,2083.08569336,-105.222450256,10.0021648407,58.3530044556,-8.81800460815,26.5404758453,120.56476593,4.70464515686,6.23143768311,18.3686084747,-3.17629289627,25.0669384003],[-540.532714844,-105.222450256,666.054443359,192.028747559,96.4013061523,16.8748703003,-59.3790359497,-56.1941261292,42.6219825745,-32.8861579895,-63.0104598999,-14.4108524323,-1.11585080624],[-170.411651611,10.0021648407,192.028747559,409.385040283,143.412719727,58.9556427002,-38.9877510071,-24.622428894,52.8099365234,-13.3752470016,-43.2276535034,-16.8976268768,7.45997238159],[-315.911529541,58.3530044556,96.4013061523,143.412719727,288.636047363,78.4409790039,-4.88351964951,-35.4987716675,41.9436912537,-16.5881328583,-27.5701942444,-23.8016204834,-8.99360179901],[30.1602783203,-8.81800460815,16.8748703003,58.9556427002,78.4409790039,180.347824097,67.0738220215,19.0672664642,8.41174793243,3.04242420197,-7.68470287323,-9.06638431549,-7.97658061981],[-126.702804565,26.5404758453,-59.3790359497,-38.9877510071,-4.88351964951,67.0738220215,193.40675354,57.8232307434,20.6740455627,4.71322727203,-2.51617908478,-1.88003778458,-16.1676559448],[61.6556167603,120.56476593,-56.1941261292,-24.622428894,-35.4987716675,19.0672664642,57.8232307434,146.371673584,25.6724338531,16.8748435974,14.132024765,6.19279432297,7.6015253067],[-189.344100952,4.70464515686,42.6219825745,52.8099365234,41.9436912537,8.41174793243,20.6740455627,25.6724338531,140.265609741,27.573141098,-15.9818973541,-10.7263259888,-1.73585021496],[-17.4094276428,6.23143768311,-32.8861579895,-13.3752470016,-16.5881328583,3.04242420197,4.71322727203,16.8748435974,27.573141098,112.45677948,46.5832672119,11.9856710434,3.76383876801],[45.9034309387,18.3686084747,-63.0104598999,-43.2276535034,-27.5701942444,-7.68470287323,-2.51617908478,14.132024765,-15.9818973541,46.5832672119,112.973754883,37.3324356079,9.20707798004],[-28.3704280853,-3.17629289627,-14.4108524323,-16.8976268768,-23.8016204834,-9.06638431549,-1.88003778458,6.19279432297,-10.7263259888,11.9856710434,37.3324356079,89.7486419678,39.050743103],[-34.323841095,25.0669384003,-1.11585080624,7.45997238159,-8.99360179901,-7.97658061981,-16.1676559448,7.6015253067,-1.73585021496,3.76383876801,9.20707798004,39.050743103,93.3667221069]],"icov":[[0.0000859279825818,-0.0000212367140193,0.000064624393417,-0.0000124545940707,0.000108977859782,-0.00010609565652,0.000119663462101,-0.0000212885588553,0.0000608426053077,0.0000259629287029,0.00000623159394308,0.0000374763840227,0.0000467415375169],[-0.0000212367140193,0.000527855474502,0.000052803541621,-0.0000274951235042,-0.000269715994364,0.000205022966838,-0.0000280623789877,-0.000502040376887,0.000112217465357,-4.75635800967e-7,-0.0000526925068698,0.000100932986243,-0.000154060893692],[0.000064624393417,0.000052803541621,0.00192849047016,-0.000664654246066,-0.0000561085907975,-0.000129321779241,0.000483915675431,0.000342843035469,-0.000353513489245,0.000256151484791,0.000644547166303,-0.000242870053626,0.000146286954987],[-0.0000124545940707,-0.0000274951235042,-0.000664654246066,0.00352210062556,-0.00112663395703,-0.000862941204105,0.000839591899421,-0.000022805403205,-0.000812809972558,0.0000211993865378,0.000576897233259,0.0000200106605917,-0.000402783800382],[0.000108977859782,-0.000269715994364,-0.0000561085907975,-0.00112663395703,0.0052811615169,-0.00220482121222,0.000460035807919,0.00147673441097,-0.00133047113195,0.00083860947052,-0.0002617535647,0.0006502707256,0.000176894682227],[-0.00010609565652,0.000205022966838,-0.000129321779241,-0.000862941204105,-0.00220482121222,0.0080015398562,-0.00299923331477,-0.000838732987177,0.00117275759112,-0.000799144618213,0.000067784829298,0.000256765400991,-0.0000665587067488],[0.000119663462101,-0.0000280623789877,0.000483915675431,0.000839591899421,0.000460035807919,-0.00299923331477,0.00748035311699,-0.00213518436067,-0.00100548937917,0.000402850710088,0.000691762892529,-0.000689432548825,0.00143266969826],[-0.0000212885588553,-0.000502040376887,0.000342843035469,-0.000022805403205,0.00147673441097,-0.000838732987177,-0.00213518436067,0.00916514638811,-0.00193691521417,-0.0000881417290657,-0.000844206486363,0.000198515830562,-0.000944688159507],[0.0000608426053077,0.000112217465357,-0.000353513489245,-0.000812809972558,-0.00133047113195,0.00117275759112,-0.00100548937917,-0.00193691521417,0.00934051442891,-0.00322807207704,0.00192707381211,0.000469710241305,-0.0000741284457035],[0.0000259629287029,-4.75635800967e-7,0.000256151484791,0.0000211993865378,0.00083860947052,-0.000799144618213,0.000402850710088,-0.0000881417290657,-0.00322807207704,0.0120368758217,-0.00524823740125,0.000449429964647,-0.000115205541078],[0.00000623159394308,-0.0000526925068698,0.000644547166303,0.000576897233259,-0.0002617535647,0.000067784829298,0.000691762892529,-0.000844206486363,0.00192707381211,-0.00524823740125,0.013478432782,-0.00494653638452,0.00113430025522],[0.0000374763840227,0.000100932986243,-0.000242870053626,0.0000200106605917,0.0006502707256,0.000256765400991,-0.000689432548825,0.000198515830562,0.000469710241305,0.000449429964647,-0.00494653638452,0.0160977207124,-0.00632328307256],[0.0000467415375169,-0.000154060893692,0.000146286954987,-0.000402783800382,0.000176894682227,-0.0000665587067488,0.00143266969826,-0.000944688159507,-0.0000741284457035,-0.000115205541078,0.00113430025522,-0.00632328307256,0.0136754121631]],"mean":[-686.541564941,127.882301331,6.38698720932,19.7192420959,6.83679437637,11.8409261703,0.682230889797,5.17927742004,-4.48179531097,-2.41048240662,-2.11509633064,-1.50320458412,-0.41847255826]},"pitch_salience":{"dmean":0.0696513727307,"dmean2":0.112124167383,"dvar":0.00390515080653,"dvar2":0.00999237038195,"max":0.976923465729,"mean":0.538679420948,"median":0.541759610176,"min":0.160451978445,"var":0.012422548607},"silence_rate_20dB":{"dmean":0,"dmean2":0,"dvar":0,"dvar2":0,"max":1,"mean":1,"median":1,"min":1,"var":0},"silence_rate_30dB":{"dmean":0.00218072789721,"dmean2":0.00436204997823,"dvar":0.00217598117888,"dvar2":0.00516093848273,"max":1,"mean":0.995911717415,"median":1,"min":0,"var":0.00407171854749},"silence_rate_60dB":{"dmean":0.0130843669176,"dmean2":0.0261723008007,"dvar":0.0129128871486,"dvar2":0.0290329586715,"max":1,"mean":0.0943036228418,"median":0,"min":0,"var":0.0854130834341},"spectral_centroid":{"dmean":251.731674194,"dmean2":374.799621582,"dvar":138697.265625,"dvar2":257907.6875,"max":11856.46875,"mean":1217.17346191,"median":911.597045898,"min":154.084823608,"var":1706827.25},"spectral_complexity":{"dmean":3.05247378349,"dmean2":4.58206129074,"dvar":16.6663513184,"dvar2":33.1936035156,"max":54,"mean":13.6283731461,"median":12,"min":0,"var":75.5964889526},"spectral_contrast_coeffs":{"dmean":[0.0498465523124,0.0485586114228,0.0379075333476,0.0309870354831,0.0223591066897,0.0198188256472],"dmean2":[0.0806905478239,0.0777931511402,0.0597058162093,0.0493288524449,0.0354757718742,0.0298969130963],"dvar":[0.001837150543,0.00164647318888,0.00106437655631,0.000684927101247,0.000369114073692,0.000345156964613],"dvar2":[0.00474343914539,0.00407691160217,0.0024619481992,0.00165661913343,0.000865207868628,0.000734183995519],"max":[-0.310774385929,-0.39590331912,-0.416616439819,-0.543472588062,-0.582477688789,-0.583505272865],"mean":[-0.634107708931,-0.707480788231,-0.75174176693,-0.777125298977,-0.797203063965,-0.777864277363],"median":[-0.631864905357,-0.713053107262,-0.761028409004,-0.783023416996,-0.798602223396,-0.778014421463],"min":[-0.983698904514,-0.97955930233,-0.975174129009,-0.971351802349,-0.965833961964,-0.965249061584],"var":[0.010558931157,0.0078568328172,0.00676909694448,0.00369779206812,0.00206184922718,0.00224187690765]},"spectral_contrast_valleys":{"dmean":[0.359891891479,0.386318296194,0.334734678268,0.303902536631,0.313558697701,0.394579410553],"dmean2":[0.594956934452,0.610158383846,0.516281604767,0.453968435526,0.426420778036,0.476965218782],"dvar":[0.111525923014,0.138580411673,0.127340272069,0.123202331364,0.151492521167,0.201964825392],"dvar2":[0.250240087509,0.290701597929,0.243536993861,0.216276779771,0.251015812159,0.306493133307],"max":[-5.36047935486,-4.79850959778,-5.11689376831,-5.6302075386,-5.74721336365,-7.56487846375],"mean":[-7.72148895264,-7.49037694931,-7.98961639404,-8.35185813904,-8.3521566391,-10.7886304855],"median":[-7.24298095703,-7.08179712296,-7.56568861008,-7.96990203857,-7.96563148499,-10.5481100082],"min":[-28.0461864471,-27.8399868011,-28.3573627472,-27.7844524384,-27.5420856476,-27.360080719],"var":[6.21368455887,6.39137887955,6.16343021393,5.917304039,5.95766067505,5.10872602463]},"spectral_decrease":{"dmean":1.64843849682e-9,"dmean2":2.45291165157e-9,"dvar":4.39305035415e-18,"dvar2":9.28853186673e-18,"max":6.41094494737e-19,"mean":-5.8679789916e-9,"median":-4.90428320177e-9,"min":-4.42203749174e-8,"var":2.29132024071e-17},"spectral_energy":{"dmean":0.00659192120656,"dmean2":0.00972034502774,"dvar":0.000069455607445,"dvar2":0.000144445715705,"max":0.18129606545,"mean":0.0237217377871,"median":0.0198147818446,"min":1.0033130528e-20,"var":0.000373142102035},"spectral_energyband_high":{"dmean":0.000438893359387,"dmean2":0.000585706904531,"dvar":0.00000121177731671,"dvar2":0.00000227089776672,"max":0.0179201737046,"mean":0.000685568666086,"median":0.000132825109176,"min":6.75626745608e-21,"var":0.00000253983603216},"spectral_energyband_low":{"dmean":0.00209109368734,"dmean2":0.00338197429664,"dvar":0.0000100562720036,"dvar2":0.0000271729313681,"max":0.0562537275255,"mean":0.00590185075998,"median":0.00395004684106,"min":1.50554971508e-23,"var":0.0000408199048252},"spectral_energyband_middle_high":{"dmean":0.00195077143144,"dmean2":0.00273397238925,"dvar":0.0000166054378496,"dvar2":0.0000316947443935,"max":0.164463371038,"mean":0.00561152398586,"median":0.00209074723534,"min":1.28324783478e-21,"var":0.000116410315968},"spectral_energyband_middle_low":{"dmean":0.00493473326787,"dmean2":0.00737679656595,"dvar":0.0000562955865462,"dvar2":0.000120307915495,"max":0.151682183146,"mean":0.0121917733923,"median":0.007528424263,"min":1.47705621696e-22,"var":0.000195302563952},"spectral_entropy":{"dmean":0.217836558819,"dmean2":0.297115027905,"dvar":0.0537745207548,"dvar2":0.0962945222855,"max":9.82052612305,"mean":7.40395498276,"median":7.40233707428,"min":4.24278974533,"var":0.369514524937},"spectral_flux":{"dmean":0.0207724776119,"dmean2":0.0317805409431,"dvar":0.000484148098622,"dvar2":0.00109561451245,"max":0.402680963278,"mean":0.0730223059654,"median":0.0672052577138,"min":6.43434958092e-11,"var":0.00203089020215},"spectral_kurtosis":{"dmean":2.11784005165,"dmean2":3.30597400665,"dvar":7.25685501099,"dvar2":16.9710044861,"max":75.887008667,"mean":5.76989221573,"median":4.8006529808,"min":-1.24540150166,"var":22.5573825836},"spectral_rms":{"dmean":0.000642947212327,"dmean2":0.000934253039304,"dvar":4.63594403755e-7,"dvar2":9.29552754769e-7,"max":0.0132994065061,"mean":0.00437161279842,"median":0.00439675990492,"min":3.12864512943e-12,"var":0.00000403206740884},"spectral_rolloff":{"dmean":467.384216309,"dmean2":758.458862305,"dvar":923751.125,"dvar2":1839286.5,"max":19681.3476562,"mean":1515.10229492,"median":861.328125,"min":64.599609375,"var":6421359.5},"spectral_skewness":{"dmean":0.286097198725,"dmean2":0.419345170259,"dvar":0.0929206460714,"dvar2":0.18725413084,"max":7.76455831528,"mean":1.7871389389,"median":1.75572705269,"min":-0.417880415916,"var":0.491525352001},"spectral_spread":{"dmean":712342.3125,"dmean2":973230.3125,"dvar":1116939223040,"dvar2":2127871475710,"max":43293920,"mean":4966461,"median":4179433.5,"min":1272419.75,"var":18107651326000},"spectral_strongpeak":{"dmean":0.541679143906,"dmean2":0.885429084301,"dvar":0.846866965294,"dvar2":2.05647134781,"max":14.1089076996,"mean":1.06273436546,"median":0.476866602898,"min":0,"var":2.21445965767},"zerocrossingrate":{"dmean":0.0115055218339,"dmean2":0.0126336114481,"dvar":0.000221496855374,"dvar2":0.000242098074523,"max":0.52490234375,"mean":0.0589283853769,"median":0.0419921875,"min":0.0029296875,"var":0.00426323432475}},"metadata":{"audio_properties":{"analysis_sample_rate":44100,"bit_rate":192000,"codec":"mp3","downmix":"mix","equal_loudness":0,"length":170.344482422,"lossless":false,"md5_encoded":"3371fbcaef0095e89f89b9aa896156a3","replay_gain":-7.5702381134,"sample_rate":44100},"tags":{"album":["The Singles A's & B's... Plus"],"artist":["The Small Faces"],"asin":["B000025QZH"],"barcode":["4009910417324"],"bpm":["130"],"composer":["Lane/Marriot"],"date":["1967"],"file_name":"10 Itchycoo Park.mp3","genre":["Rock"],"initialkey":["A"],"language":["eng"],"musicbrainz_albumartistid":["7771a68c-ef6a-400f-978d-64050d45a54c"],"musicbrainz_albumid":["061a747b-24cd-4133-a828-f69526e84ec4"],"musicbrainz_artistid":["7771a68c-ef6a-400f-978d-64050d45a54c"],"musicbrainz_recordingid":["e061ca2c-dca9-442c-8159-6acaf2af20ce"],"musicbrainz_releasegroupid":["8f9eb990-56df-347d-bd09-e7e4cdf31cfe"],"title":["Itchycoo Park"],"tracknumber":["10"]},"version":{"essentia":"2.1-beta2","essentia_build_sha":"cead25079874084f62182a551b7393616cd33d87","essentia_git_sha":"v2.1_beta2-1-ge3940c0","extractor":"music 1.0"}},"rhythm":{"beats_count":361,"beats_loudness":{"dmean":0.0155799919739,"dmean2":0.027773110196,"dvar":0.000222892296733,"dvar2":0.000643438659608,"max":0.154171451926,"mean":0.0310597140342,"median":0.0290027726442,"min":0,"var":0.000355685217073},"beats_loudness_band_ratio":{"dmean":[0.227997019887,0.216959312558,0.163581654429,0.128388628364,0.0767472088337,0.0763824060559],"dmean2":[0.40918725729,0.38296058774,0.283884614706,0.222585976124,0.142422050238,0.141954705119],"dvar":[0.0300212800503,0.0284180641174,0.0278116781265,0.0210469849408,0.00867670495063,0.00915049761534],"dvar2":[0.0975504145026,0.0806322321296,0.0729094445705,0.0560507699847,0.0254287272692,0.0260891336948],"max":[0.9538878