{"lowlevel":{"average_loudness":0.981398224831,"barkbands":{"dmean":[0.000650852220133,0.00851696822792,0.00500842370093,0.00214316346683,0.00380841060542,0.00147859449498,0.000802297785413,0.000705999496859,0.00120881141629,0.00104063621257,0.000510111742187,0.000473987369332,0.000692502537277,0.000888625741936,0.000641590333544,0.000549778109416,0.000597259728238,0.000362273829523,0.000327782792738,0.000191056664335,0.0000948619708652,0.000100025412394,0.0000972772468231,0.0000870119911269,0.0000559523869015,0.0000589253140788,0.00000725718291505],"dmean2":[0.000968322041444,0.0136957904324,0.00843234546483,0.00363537995145,0.00617751479149,0.00245680729859,0.00135574571323,0.00113062968012,0.00192768452689,0.00167983374558,0.000815227802377,0.00078967405716,0.00112858682405,0.00142890412826,0.00101838540286,0.000916526361834,0.00100068480242,0.000605852226727,0.000553802587092,0.00032924185507,0.000162943368196,0.000169052756974,0.000159126124345,0.000142429154948,0.0000912791292649,0.0000980593758868,0.00001246269494],"dvar":[0.00000155518307565,0.000217309207073,0.00003139355249,0.00000786817690823,0.0000418965028075,0.00000751255629439,0.00000288216938316,0.00000227676741815,0.00000501896738569,0.00000343896545019,3.87632752563e-7,8.34673016925e-7,0.00000192313359548,0.00000226206248044,0.00000185413364306,5.03746434788e-7,4.97397309118e-7,2.21519556476e-7,1.08879753213e-7,7.99789461325e-8,1.81090129558e-8,2.54425351898e-8,3.26086890823e-8,4.84261946099e-8,1.67066360746e-8,1.53658792357e-8,4.73433181547e-10],"dvar2":[0.00000302019634546,0.000449169485364,0.0000832613441162,0.0000221646369027,0.000106263491034,0.000019311086362,0.00000775533771957,0.00000544110844203,0.0000121108232634,0.00000938793709793,9.31643569402e-7,0.00000211854148802,0.00000467141762783,0.00000559113277632,0.00000436105665358,0.00000130514104058,0.00000127602163502,5.78587446398e-7,2.97881030065e-7,2.01133914857e-7,4.50875603519e-8,6.23381808396e-8,8.34164879393e-8,1.2639321767e-7,4.34018794238e-8,3.94578698604e-8,1.30756550032e-9],"max":[0.0093878088519,0.0857070609927,0.048003770411,0.0305059496313,0.0598264746368,0.0443316027522,0.0223701968789,0.0243163760751,0.0266681052744,0.0296910498291,0.00941861048341,0.0166062377393,0.0281894505024,0.0218798611313,0.0176686644554,0.0130198318511,0.0131939798594,0.0073825805448,0.00607034144923,0.0074532199651,0.0020303868223,0.00246578315273,0.0030450259801,0.00351956509985,0.00246952660382,0.00203152396716,0.00037982876529],"mean":[0.000606078421697,0.00950369331986,0.0068631679751,0.00328410393558,0.00579933263361,0.00211434881203,0.00106463849079,0.00109584804159,0.00205681030639,0.00186244153883,0.000917291617952,0.000819394015707,0.00106188456994,0.00143196689896,0.00106885191053,0.00109492777847,0.0012739127269,0.000773447216488,0.000863277819008,0.000352723407559,0.000202626048122,0.000163793971296,0.000157968024723,0.000133968351292,0.0000964882274275,0.0000741834810469,0.0000064297382778],"median":[0.0000178642803803,0.00291316467337,0.00482283718884,0.00235859164968,0.00398391578346,0.00123717705719,0.000605075620115,0.000616941950284,0.000796004431322,0.000939089106396,0.000685797538608,0.000550476135686,0.00049664377002,0.000885151326656,0.000445885001682,0.000875619414728,0.00107956537977,0.000618634861894,0.000804868876003,0.000285363232251,0.000164516561199,0.00010564517288,0.0000885257395566,0.000067550688982,0.0000541385779798,0.0000309841125272,0.00000131371325551],"min":[7.80631064523e-25,4.51943697969e-24,1.01793802627e-24,2.50596102698e-24,1.1145151509e-23,8.0203101692e-24,1.30263717755e-23,3.67335802086e-24,1.62601098412e-23,2.05632529936e-23,9.54457560926e-24,2.80060988364e-23,1.81311727347e-23,3.96213972454e-23,5.0384179985e-23,6.37182832442e-23,7.41424237744e-23,9.96013128359e-23,1.5912908491e-22,1.47090865548e-22,2.91883709859e-22,2.57751427674e-22,4.4970196038e-22,5.08694619703e-22,8.74704016864e-22,1.37624466528e-21,2.07301538731e-21],"var":[0.00000183685233424,0.000246722134762,0.0000440270050603,0.0000105046874523,0.0000445271398348,0.00000891842137207,0.000002723282023,0.0000035322821077,0.0000104786240627,0.00000806950265542,7.6937931226e-7,0.00000136122741878,0.00000300855072055,0.00000344595241586,0.00000358710758519,8.74523436778e-7,8.70058215696e-7,3.94603290488e-7,1.91270132177e-7,9.13608886322e-8,2.43070292782e-8,3.62892293992e-8,4.56492692535e-8,5.25593186751e-8,2.02052845566e-8,1.84314004059e-8,3.45207862296e-10]},"barkbands_crest":{"dmean":3.29075813293,"dmean2":5.46266222,"dvar":9.26751422882,"dvar2":21.2528514862,"max":24.9687213898,"mean":8.75294685364,"median":7.81438684464,"min":2.36169934273,"var":13.5284395218},"barkbands_flatness_db":{"dmean":0.0215299334377,"dmean2":0.0340155772865,"dvar":0.000358712073648,"dvar2":0.000874091230799,"max":0.263301938772,"mean":0.100108139217,"median":0.0971521288157,"min":0.0133353639394,"var":0.000801549176686},"barkbands_kurtosis":{"dmean":1.68369472027,"dmean2":2.707675457,"dvar":5.61168622971,"dvar2":12.6700525284,"max":59.0548362732,"mean":0.964075624943,"median":0.153717398643,"min":-1.83166790009,"var":8.21216106415},"barkbands_skewness":{"dmean":0.553369760513,"dmean2":0.8607468009,"dvar":0.279407978058,"dvar2":0.601645350456,"max":7.02081155777,"mean":1.10024142265,"median":1.01497721672,"min":-2.24564480782,"var":0.66287612915},"barkbands_spread":{"dmean":6.00704526901,"dmean2":9.88057613373,"dvar":33.8138771057,"dvar2":86.2436828613,"max":86.5637664795,"mean":28.0972976685,"median":27.3706760406,"min":2.53281736374,"var":67.7011413574},"dissonance":{"dmean":0.0111340908334,"dmean2":0.0190295409411,"dvar":0.000101606092358,"dvar2":0.000277347571682,"max":0.499826282263,"mean":0.479948163033,"median":0.482729524374,"min":0.396855115891,"var":0.00016368823708},"dynamic_complexity":1.24249720573,"erbbands":{"dmean":[0.247889220715,1.99022042751,5.2428689003,6.76749992371,11.1083164215,11.9600973129,11.3219823837,13.1674127579,11.8831129074,12.3791418076,16.0206794739,29.3040561676,35.589466095,20.3350429535,22.7728633881,20.3122501373,30.5761871338,37.0835418701,40.869468689,22.0545711517,32.2196960449,30.3123664856,21.5053443909,16.3473873138,15.0186634064,9.07196521759,4.12912273407,3.9275496006,3.5562312603,3.14150762558,2.77540040016,2.18676567078,1.26241540909,0.675798535347,0.397676378489,0.273442953825,0.103102348745,0.0247754659504,0.00057236343855,0.0000280800159089],"dmean2":[0.384965091944,3.21050667763,8.71360969543,11.4712352753,18.1947154999,19.65716362,18.9126472473,21.9620742798,19.9356479645,20.5272445679,25.5978336334,46.1738624573,56.52734375,32.7463188171,36.3101615906,33.2578239441,49.7249526978,60.2954826355,64.3151092529,34.4637680054,54.0065002441,50.9546813965,36.0040130615,27.8306694031,25.3649349213,15.6810588837,7.0823597908,6.80346632004,6.02574968338,5.18512582779,4.55757570267,3.63674807549,2.04476976395,1.10102117062,0.64766907692,0.455061376095,0.171235918999,0.0415259040892,0.000957172189374,0.0000450586194347],"dvar":[0.227531284094,11.0721960068,36.4413032532,68.3702087402,299.307983398,488.048309326,414.931915283,612.22833252,571.320922852,559.979797363,1108.55053711,3338.37939453,4258.82617188,1213.74804688,803.360595703,1622.86279297,3909.33984375,3233.9230957,5887.296875,1889.54589844,1498.19702148,1332.10522461,740.829772949,261.820678711,310.454620361,206.226608276,33.2296104431,29.700258255,31.8575897217,30.7468852997,27.539680481,30.4509239197,9.76006698608,2.81910347939,0.773253798485,0.33198684454,0.0515637286007,0.00404202518985,0.00000217866204366,1.53395085523e-9],"dvar2":[0.472792208195,24.7717247009,91.5095901489,187.31300354,779.155456543,1242.19458008,1057.28173828,1611.80786133,1540.43786621,1407.84179688,2512.27734375,8009.27929688,11270.1191406,3259.03540039,1890.84191895,4057.5559082,9573.06347656,8081.19726562,13379.4472656,4465.16699219,3836.40063477,3451.41748047,1930.48168945,711.185424805,818.696899414,515.520568848,86.348526001,72.855430603,77.616973877,76.631187439,70.7127609253,81.4474182129,24.8282775879,7.54087543488,1.93623578548,0.869184315205,0.131829619408,0.0107441395521,0.00000580770301895,3.85379195222e-9],"max":[3.74246072769,22.085767746,55.215473175,78.0515594482,170.064575195,302.985351562,354.486633301,345.419311523,322.972717285,436.327789307,625.329101562,823.92578125,1010.59680176,806.204467773,523.97845459,850.74395752,1255.19506836,1101.86877441,1064.58557129,993.362304688,656.893493652,684.257873535,464.097625732,274.732757568,389.122680664,470.867218018,85.0013046265,78.688293457,82.7399749756,91.9864273071,91.3819274902,86.1025848389,44.451335907,31.8623085022,14.6781654358,7.36565208435,4.64698600769,0.822499752045,0.0202946960926,0.000476606248412],"mean":[0.242662072182,2.22430801392,7.27304267883,10.6755828857,16.8856811523,16.9382629395,17.0207614899,18.1642284393,16.565738678,18.3259105682,25.7144317627,51.4280433655,64.4120407104,38.5836753845,41.4839096069,37.6861839294,50.7471427917,65.0484466553,72.6056137085,44.1812400818,70.4237823486,70.4499893188,49.7501296997,41.8485031128,36.5090560913,17.126953125,8.4343996048,8.18326282501,5.97497320175,5.06544160843,4.44757080078,3.15505313873,2.02818870544,1.15478658676,0.640317261219,0.36584225297,0.124658189714,0.0254653245211,0.000614491931628,0.0000704718477209],"median":[0.030967945233,0.832652568817,5.25067043304,7.68983840942,11.3437480927,10.7221422195,11.1121444702,10.3404941559,10.2652845383,10.847407341,15.2049465179,20.8029518127,29.9070587158,25.0818824768,29.4943809509,25.9537734985,25.4283866882,46.6523475647,33.7408752441,25.9353370667,58.4962692261,60.9295272827,40.5443763733,39.0947990417,32.4270248413,13.8715133667,6.82867336273,6.59664058685,3.83299922943,3.05252146721,2.44289493561,1.58755612373,0.981054008007,0.670170783997,0.325484752655,0.163876861334,0.0483367964625,0.00726504251361,0.000198439694941,0.0000597863872827],"min":[1.44081102448e-22,4.49039418194e-22,1.72883635886e-21,3.64768272832e-21,1.31088271524e-20,2.72277452303e-20,8.34144697829e-20,6.11797773693e-20,1.75565595346e-19,2.17014788661e-19,1.61325978369e-19,4.19139059675e-19,6.53462654352e-19,7.89376649102e-19,8.36476054687e-19,1.39653244029e-18,1.22184647398e-18,2.56955158009e-18,2.27142348641e-18,2.79226148142e-18,4.02666807261e-18,5.05443047113e-18,5.45105654382e-18,6.69789979552e-18,9.12790331794e-18,6.90418788695e-18,9.27680327282e-18,1.06337417825e-17,9.5842323921e-18,1.11074093895e-17,1.21380524445e-17,9.6123921017e-18,9.68935298589e-18,8.58925571075e-18,5.7226720513e-18,4.71069349964e-18,2.59806635696e-18,9.68817818262e-19,2.58236042017e-19,2.84790950136e-20],"var":[0.252816945314,11.7791366577,47.3282546997,100.300315857,343.357513428,482.960144043,489.905975342,679.19909668,538.13684082,755.572387695,1676.62988281,6752.01708984,10202.2568359,2563.13452148,1657.34033203,2788.31298828,6380.22607422,4398.68261719,12531.8691406,3292.51318359,2839.82543945,2384.51928711,1377.45874023,463.735748291,514.748291016,223.864486694,40.1434898376,40.6296272278,46.4199981689,43.6054878235,38.3015785217,30.4755573273,11.6503915787,3.05604338646,1.0250120163,0.399183064699,0.0604739673436,0.00359658012167,0.00000192219613382,1.95960692118e-9]},"erbbands_crest":{"dmean":2.37051010132,"dmean2":3.8389582634,"dvar":5.44761896133,"dvar2":13.3217859268,"max":24.7974681854,"mean":7.56158447266,"median":6.48005390167,"min":2.24952554703,"var":13.2289905548},"erbbands_flatness_db":{"dmean":0.0160867236555,"dmean2":0.0237405803055,"dvar":0.000190202059457,"dvar2":0.000404187507229,"max":0.265684217215,"mean":0.13716186583,"median":0.137849330902,"min":0.0634458586574,"var":0.000766910263337},"erbbands_kurtosis":{"dmean":0.570698320866,"dmean2":0.912630677223,"dvar":0.373462855816,"dvar2":0.905169725418,"max":11.8055868149,"mean":-0.0125813949853,"median":-0.22952234745,"min":-1.58074581623,"var":1.05317115784},"erbbands_skewness":{"dmean":0.286292076111,"dmean2":0.454164713621,"dvar":0.0574498660862,"dvar2":0.143047600985,"max":2.58859443665,"mean":-0.258142709732,"median":-0.287898778915,"min":-2.80819249153,"var":0.221750155091},"erbbands_spread":{"dmean":7.59523248672,"dmean2":11.727891922,"dvar":50.2870368958,"dvar2":115.796333313,"max":104.297782898,"mean":37.1494483948,"median":35.7060813904,"min":10.2308015823,"var":138.360198975},"gfcc":{"cov":[[23647.28125,1175.8145752,-1900.19372559,369.249755859,-834.555908203,409.895996094,-769.212646484,228.056869507,-555.780639648,1.46883678436,-386.621032715,105.331977844,-276.510314941],[1175.8145752,667.221862793,-373.17868042,119.009529114,30.7469005585,-54.3140792847,110.658088684,-17.1730632782,1.06519877911,-57.5366439819,20.8287963867,-68.3920059204,33.1165809631],[-1900.19372559,-373.17868042,504.668029785,-27.3193626404,90.4384307861,35.0552864075,39.657459259,22.3057346344,52.929485321,56.4755439758,39.2721595764,56.705821991,17.5256843567],[369.249755859,119.009529114,-27.3193626404,205.444534302,23.8524971008,31.614982605,26.623374939,7.18060398102,25.5573501587,5.28525018692,31.0033378601,-8.72799777985,24.719285965],[-834.555908203,30.7469005585,90.4384307861,23.8524971008,162.117507935,3.71432638168,73.1817092896,20.0086746216,48.742816925,27.8937206268,27.154258728,5.59865474701,28.9478282928],[409.895996094,-54.3140792847,35.0552864075,31.614982605,3.71432638168,133.965011597,25.7716140747,50.3874549866,22.1297950745,10.9111089706,16.2099399567,10.8229122162,-1.03850102425],[-769.212646484,110.658088684,39.657459259,26.623374939,73.1817092896,25.7716140747,191.303192139,39.9382743835,46.6820449829,-4.18079996109,27.0282592773,-9.66055297852,18.5807704926],[228.056869507,-17.1730632782,22.3057346344,7.18060398102,20.0086746216,50.3874549866,39.9382743835,103.664726257,33.679309845,23.2749443054,5.94058179855,6.77862262726,11.0752105713],[-555.780639648,1.06519877911,52.929485321,25.5573501587,48.742816925,22.1297950745,46.6820449829,33.679309845,105.087150574,40.6623458862,39.0665054321,0.656184017658,14.6158399582],[1.46883678436,-57.5366439819,56.4755439758,5.28525018692,27.8937206268,10.9111089706,-4.18079996109,23.2749443054,40.6623458862,78.197883606,29.7678813934,25.2168521881,-0.397070348263],[-386.621032715,20.8287963867,39.2721595764,31.0033378601,27.154258728,16.2099399567,27.0282592773,5.94058179855,39.0665054321,29.7678813934,83.2365875244,23.9067687988,22.9768657684],[105.331977844,-68.3920059204,56.705821991,-8.72799777985,5.59865474701,10.8229122162,-9.66055297852,6.77862262726,0.656184017658,25.2168521881,23.9067687988,73.5092163086,15.2947540283],[-276.510314941,33.1165809631,17.5256843567,24.719285965,28.9478282928,-1.03850102425,18.5807704926,11.0752105713,14.6158399582,-0.397070348263,22.9768657684,15.2947540283,69.8901519775]],"icov":[[0.000239604734816,-0.000788846344221,0.000268819654593,-0.000332373718265,0.000621968123596,-0.0010564798722,0.000947847671341,-0.000765223230701,0.00086745020235,-0.0010738093406,0.00119532912504,-0.00118340039626,0.000646348053124],[-0.000788846344221,0.00758830970153,0.00291832559742,-0.000621687620878,-0.00350370258093,0.00533884065226,-0.00589490449056,0.00285776797682,-0.00254586851224,0.0047636218369,-0.00605075247586,0.00533047644421,-0.00320145301521],[0.000268819654593,0.00291832559742,0.00577016500756,-0.00108844297938,-0.00156366615556,-0.000417012401158,-0.00120009237435,-0.000146319260239,0.000644437095616,-0.00104010605719,-0.000203983858228,-0.00177977920976,-0.0000816577594378],[-0.000332373718265,-0.000621687620878,-0.00108844297938,0.00687295151874,-0.000828908814583,-0.000813275808468,-0.000501533912029,0.0017484278651,-0.00168317055795,0.000721110322047,-0.00252543296665,0.00259170634672,-0.00237166206352],[0.000621968123596,-0.00350370258093,-0.00156366615556,-0.000828908814583,0.0114632537588,-0.0024485650938,0.000292106095003,-0.00159072235692,0.000670755049214,-0.00581357441843,0.00430977903306,-0.00261296192184,-0.000822092406452],[-0.0010564798722,0.00533884065226,-0.000417012401158,-0.000813275808468,-0.0024485650938,0.0155545929447,-0.00541177159175,-0.00157434423454,-0.00418428890407,0.00682834815234,-0.00758539466187,0.0043934318237,-0.000937673728913],[0.000947847671341,-0.00589490449056,-0.00120009237435,-0.000501533912029,0.000292106095003,-0.00541177159175,0.0131143797189,-0.00576368579641,0.0013167085126,-0.00100076210219,0.00377849093638,-0.00462141958997,0.00373507500626],[-0.000765223230701,0.00285776797682,-0.000146319260239,0.0017484278651,-0.00159072235692,-0.00157434423454,-0.00576368579641,0.0172305293381,-0.00516887148842,-0.000960879086051,-0.00022437601001,0.00360594806261,-0.00516586331651],[0.00086745020235,-0.00254586851224,0.000644437095616,-0.00168317055795,0.000670755049214,-0.00418428890407,0.0013167085126,-0.00516887148842,0.0199664775282,-0.0105944238603,-0.000425049918704,0.000283396133455,0.00104304857086],[-0.0010738093406,0.0047636218369,-0.00104010605719,0.000721110322047,-0.00581357441843,0.00682834815234,-0.00100076210219,-0.000960879086051,-0.0105944238603,0.0280286762863,-0.0106116309762,-0.000306922534946,0.0023585523013],[0.00119532912504,-0.00605075247586,-0.000203983858228,-0.00252543296665,0.00430977903306,-0.00758539466187,0.00377849093638,-0.00022437601001,-0.000425049918704,-0.0106116309762,0.0262691956013,-0.0109672257677,-0.000533685844857],[-0.00118340039626,0.00533047644421,-0.00177977920976,0.00259170634672,-0.00261296192184,0.0043934318237,-0.00462141958997,0.00360594806261,0.000283396133455,-0.000306922534946,-0.0109672257677,0.025884475559,-0.00799334235489],[0.000646348053124,-0.00320145301521,-0.0000816577594378,-0.00237166206352,-0.000822092406452,-0.000937673728913,0.00373507500626,-0.00516586331651,0.00104304857086,0.0023585523013,-0.000533685844857,-0.00799334235489,0.0211137980223]],"mean":[43.9574661255,85.1784744263,-123.574615479,35.1723213196,-43.1865081787,13.0660238266,-39.102180481,13.4897890091,-29.5599498749,-2.02704334259,-22.208694458,0.430382847786,-16.6967010498]},"hfc":{"dmean":7.57743597031,"dmean2":12.300242424,"dvar":60.5318450928,"dvar2":153.014678955,"max":115.60105896,"mean":34.0668678284,"median":33.3714256287,"min":1.09819462738e-16,"var":165.704589844},"melbands":{"dmean":[0.00222202553414,0.00270452699624,0.00116693833843,0.000899169535842,0.000413728295825,0.000288493058179,0.000176778194145,0.000137333699968,0.000140506381285,0.000187675876077,0.000179142065463,0.0000872116143,0.0000698217772879,0.0000567290444451,0.0000617069890723,0.0000672533569741,0.0000797599859652,0.0000750018589315,0.0000418849958805,0.0000319245737046,0.0000427246923209,0.0000347410968971,0.0000296988800983,0.0000169046288647,0.0000151846888912,0.0000132071882035,0.00000952107347985,0.00000579982588533,0.00000280871108771,0.0000025498325158,0.00000242306873588,0.00000210796474676,0.00000199210921892,0.00000180369545433,0.00000170038822489,0.00000160247248004,0.00000129042905428,9.87760358839e-7,7.31484249172e-7,5.54308655865e-7],"dmean2":[0.00354627566412,0.00437771202996,0.00195479812101,0.0014592949301,0.000688555242959,0.00048069487093,0.000296894053463,0.000225585084991,0.000224550924031,0.00029669541982,0.000285169982817,0.000141054362757,0.000111416709842,0.0000932209513849,0.000098872333183,0.00010941097571,0.000130016225739,0.000118410003779,0.0000660157747916,0.0000525406248926,0.0000719288073014,0.0000581040803809,0.0000497368891956,0.0000286866761599,0.0000260347860603,0.0000223993847612,0.0000161705447681,0.0000101191162685,0.00000484016982227,0.00000440721532868,0.00000419623938797,0.00000361194247489,0.00000332686590809,0.00000298075133287,0.00000281562097371,0.00000265196035798,0.00000215351428778,0.00000160814272476,0.00000120175400298,9.09215259526e-7],"dvar":[0.0000162530450325,0.0000116051924124,0.0000016690372604,0.00000268938720183,4.57111980268e-7,2.81920733869e-7,1.30942510168e-7,6.9586526763e-8,7.57377165428e-8,1.34048718792e-7,1.08647292052e-7,2.43420696933e-8,7.67121299816e-9,9.61318580295e-9,1.34350148784e-8,2.22688996132e-8,1.53515280488e-8,1.97965288606e-8,8.48316883406e-9,2.93704216503e-9,2.52412979407e-9,1.92705762458e-9,1.42292022609e-9,4.55166626612e-10,2.26535928904e-10,2.22748014478e-10,1.67396554951e-10,8.7077955957e-11,1.51990156572e-11,1.29968267051e-11,1.12845800412e-11,1.12175537956e-11,1.23638738136e-11,1.03971536242e-11,9.3605036916e-12,1.49591866672e-11,1.17182756554e-11,5.71482271228e-12,3.60510774879e-12,1.76428273033e-12],"dvar2":[0.0000330048824253,0.0000271291210083,0.000004584958333,0.00000679697268424,0.00000117198737826,7.3832165981e-7,3.53710987611e-7,1.72719381908e-7,1.74688437937e-7,3.21408037962e-7,2.87792715881e-7,6.51381171224e-8,1.81936563592e-8,2.3865482035e-8,3.16497796859e-8,5.463953201e-8,3.81695102192e-8,4.53328894423e-8,1.95884233278e-8,7.65245289358e-9,6.48360876099e-9,4.93518870215e-9,3.53939832998e-9,1.21648424667e-9,6.18316120526e-10,6.12744854855e-10,4.25227991707e-10,2.2277622802e-10,4.01148524121e-11,3.32475331988e-11,2.85150982687e-11,2.78204820292e-11,3.11669821895e-11,2.60766547244e-11,2.35827208456e-11,3.99604620227e-11,3.15704025422e-11,1.43706635133e-11,9.64129991121e-12,4.72219008688e-12],"max":[0.0273817665875,0.0286757647991,0.0118930432945,0.0148517601192,0.0100692454726,0.00796797405928,0.00468563847244,0.00448171375319,0.00464067282155,0.00482506817207,0.00511173764244,0.00351764797233,0.00140022370033,0.00176606595051,0.00210007862188,0.00385286053643,0.00195361324586,0.00212991959415,0.00135956786107,0.000932152674068,0.000872698205058,0.000990638625808,0.000543944945093,0.000363724975614,0.000220223766519,0.000323927990394,0.000222284637857,0.000287999340799,0.0000596010249865,0.0000515111714776,0.0000492251274409,0.0000488667101308,0.0000549723590666,0.0000567133611185,0.0000514998901053,0.0000668605862302,0.0000574694640818,0.0000326407352986,0.000037108991819,0.0000262384146481],"mean":[0.00238322978839,0.00368427205831,0.00204519997351,0.00128692411818,0.000645374762826,0.000406207836932,0.000243826201768,0.000207041433896,0.000220990026719,0.000326329958625,0.000316150311846,0.000153286513523,0.000126033410197,0.000103337151813,0.000103283658973,0.000103249491076,0.00012780072575,0.000124816448078,0.000070542548201,0.0000591520583839,0.0000867746930453,0.0000727264559828,0.0000612439253018,0.0000336123266607,0.0000341321065207,0.0000306658257614,0.0000189756010514,0.00000950941921474,0.0000051945917221,0.00000473634736409,0.00000470238364869,0.0000033583894492,0.00000296960661217,0.00000280355607174,0.00000265486460194,0.00000226441920859,0.00000175482000486,0.00000149737070387,0.00000114495105663,9.10706205559e-7],"median":[0.000544685695786,0.00244436901994,0.00165635370649,0.00081667304039,0.000434245012002,0.000238207867369,0.000148076578625,0.000121864839457,0.000124598387629,0.000123354649986,0.000139329960803,0.0000918835721677,0.0000912036921363,0.0000741564581404,0.0000596872923779,0.0000488892110297,0.0000860083600855,0.0000573150828131,0.0000301242271235,0.0000426879705628,0.0000719763702364,0.0000611365612713,0.0000478914153064,0.0000269394186034,0.0000312595366267,0.0000276890605164,0.0000157411341206,0.00000741975827623,0.00000421001595896,0.00000363997196473,0.00000373734974346,0.00000217893875742,0.00000171173860508,0.0000016188915879,0.00000140991073749,0.00000110239568585,8.48425656841e-7,6.7088490141e-7,5.95069934661e-7,5.1221979902e-7],"min":[2.34879705769e-24,8.57105360739e-25,9.30115916632e-25,8.79160333927e-25,2.48005621536e-24,1.0669160333e-24,3.11259466866e-24,2.71870912172e-24,1.56855938824e-24,2.57312760268e-24,2.96541748122e-24,3.3274369919e-24,2.23278894791e-24,3.51518588734e-24,4.10688165892e-24,4.38557832813e-24,4.51698638329e-24,2.76330776743e-24,4.57163827237e-24,2.55666742825e-24,4.6668806049e-24,4.0139617329e-24,3.20615495253e-24,4.44765103175e-24,4.86266720411e-24,5.92588722685e-24,5.06078804273e-24,3.79458148731e-24,4.16412732266e-24,5.38174635722e-24,5.399133246e-24,4.56399105476e-24,4.37219688059e-24,5.88041531212e-24,6.14159690265e-24,5.71537732771e-24,4.97112059022e-24,6.79941460088e-24,6.36248742244e-24,6.90656242219e-24],"var":[0.0000185543049156,0.0000145109161167,0.00000257660553871,0.00000270754867415,5.82458881127e-7,3.20144607713e-7,1.22736082631e-7,1.04637706499e-7,1.15456131766e-7,2.80857477719e-7,2.62639190396e-7,5.03736394819e-8,1.55711887828e-8,1.66233373733e-8,2.26411334125e-8,3.24350253322e-8,2.06160031269e-8,3.97716917178e-8,1.5519717067e-8,4.19782208994e-9,4.52243043014e-9,3.12627923549e-9,2.61524202294e-9,7.4497202851e-10,3.65890234777e-10,3.24372223526e-10,2.37533520631e-10,8.464846879e-11,1.70752630785e-11,1.66207048125e-11,1.45303014412e-11,1.50004331873e-11,1.64832696103e-11,1.44945375147e-11,1.38041843581e-11,1.56724685313e-11,1.11605507822e-11,6.97600874636e-12,3.72596268075e-12,1.93976844136e-12]},"melbands_crest":{"dmean":4.0310177803,"dmean2":6.74237060547,"dvar":11.9605226517,"dvar2":31.2914352417,"max":29.3609848022,"mean":13.3762073517,"median":12.8886699677,"min":1.58321928978,"var":20.430147171},"melbands_flatness_db":{"dmean":0.0295640639961,"dmean2":0.0463970303535,"dvar":0.000733398832381,"dvar2":0.00160569150466,"max":0.347444444895,"mean":0.165391817689,"median":0.162011802197,"min":0.00369117408991,"var":0.0018383290153},"melbands_kurtosis":{"dmean":5.59150600433,"dmean2":8.85451221466,"dvar":56.0937042236,"dvar2":127.543937683,"max":128.988220215,"mean":7.42349767685,"median":4.72122192383,"min":-1.61795961857,"var":82.4710693359},"melbands_skewness":{"dmean":0.837081551552,"dmean2":1.29457688332,"dvar":0.668799519539,"dvar2":1.45215046406,"max":8.91366386414,"mean":2.32804512978,"median":2.16573810577,"min":-0.342728465796,"var":1.44235122204},"melbands_spread":{"dmean":9.18031406403,"dmean2":14.5729637146,"dvar":74.0962371826,"dvar2":171.407714844,"max":156.701965332,"mean":30.2365627289,"median":28.1548919678,"min":1.96593642235,"var":286.436737061},"mfcc":{"cov":[[7315.09912109,1063.51525879,-86.3557662964,53.8333969116,126.944061279,44.0339736938,-9.78510951996,102.246818542,-73.0675048828,7.70217037201,-29.0194282532,-47.2543754578,-75.1270294189],[1063.51525879,632.399841309,-238.350509644,137.456100464,-37.0832176208,6.66776704788,51.2324562073,31.9604415894,21.5952987671,-2.95665574074,13.7216873169,-7.60626125336,-23.5862293243],[-86.3557662964,-238.350509644,257.562591553,-28.745349884,38.8005371094,15.1832695007,0.37790286541,8.79704666138,-6.322265625,5.21230888367,2.7347638607,19.5783576965,22.1357288361],[53.8333969116,137.456100464,-28.745349884,182.594360352,13.9897499084,30.8667907715,26.1205825806,1.87115359306,22.8621406555,-2.14890742302,9.37699890137,5.80063247681,21.6216773987],[126.944061279,-37.0832176208,38.8005371094,13.9897499084,122.487739563,11.4622030258,-6.52313184738,-7.82285785675,8.7269115448,23.0830955505,-2.34151601791,4.10601329803,10.8806867599],[44.0339736938,6.66776704788,15.1832695007,30.8667907715,11.4622030258,85.1062011719,18.8387088776,25.4719982147,-2.44537305832,19.3831806183,14.0934734344,7.75172567368,9.74922275543],[-9.78510951996,51.2324562073,0.37790286541,26.1205825806,-6.52313184738,18.8387088776,103.742584229,43.3258361816,38.580532074,-3.16379261017,17.8654937744,16.9452133179,5.81692123413],[102.246818542,31.9604415894,8.79704666138,1.87115359306,-7.82285785675,25.4719982147,43.3258361816,87.8859329224,30.3435020447,20.6233310699,13.3909807205,15.1595306396,4.25588941574],[-73.0675048828,21.5952987671,-6.322265625,22.8621406555,8.7269115448,-2.44537305832,38.580532074,30.3435020447,90.3913726807,25.7875671387,21.3823566437,0.171133503318,3.23451280594],[7.70217037201,-2.95665574074,5.21230888367,-2.14890742302,23.0830955505,19.3831806183,-3.16379261017,20.6233310699,25.7875671387,84.8176651001,30.3945865631,13.0049524307,3.48228883743],[-29.0194282532,13.7216873169,2.7347638607,9.37699890137,-2.34151601791,14.0934734344,17.8654937744,13.3909807205,21.3823566437,30.3945865631,63.0336112976,25.672700882,13.1671304703],[-47.2543754578,-7.60626125336,19.5783576965,5.80063247681,4.10601329803,7.75172567368,16.9452133179,15.1595306396,0.171133503318,13.0049524307,25.672700882,61.6050338745,27.0409545898],[-75.1270294189,-23.5862293243,22.1357288361,21.6216773987,10.8806867599,9.74922275543,5.81692123413,4.25588941574,3.23451280594,3.48228883743,13.1671304703,27.0409545898,59.1961517334]],"icov":[[0.000245919800363,-0.00069896056084,-0.000467979174573,0.000347599736415,-0.000398695352487,-0.0000755677756388,0.000265537993982,-0.000276802980807,0.000233172686421,0.0000878645587363,0.00000349998981619,0.000207994264201,0.0000474755179312],[-0.00069896056084,0.00523579167202,0.00401852047071,-0.00323337037116,0.00112829124555,0.000942039128859,-0.00166316260584,-0.000671919435263,0.000346401007846,-0.000326177891111,-0.000668912311085,-0.000589097908232,0.00114476971794],[-0.000467979174573,0.00401852047071,0.00756859406829,-0.00140528765041,-0.000679647142533,-0.0000808829354355,-0.00117557414342,-0.00104848342016,0.000487164157676,0.000291106145596,-0.000384293671232,-0.00123774225358,-0.000373393500922],[0.000347599736415,-0.00323337037116,-0.00140528765041,0.00890842173249,-0.00125965720508,-0.00353827001527,0.0000404281418014,0.00213292543776,-0.0024276075419,0.00142620119732,0.000537274056114,0.000328103895299,-0.00313920923509],[-0.000398695352487,0.00112829124555,-0.000679647142533,-0.00125965720508,0.0105037493631,-0.000968349399045,-0.000296997954138,0.00273008272052,-0.00176972593181,-0.00350709725171,0.00280596246012,-0.000902214320377,-0.00118946516886],[-0.0000755677756388,0.000942039128859,-0.0000808829354355,-0.00353827001527,-0.000968349399045,0.0164809729904,-0.00275617558509,-0.0047669201158,0.00560995098203,-0.00360612082295,-0.00266407546587,0.00264803972095,-0.00103216036223],[0.000265537993982,-0.00166316260584,-0.00117557414342,0.0000404281418014,-0.000296997954138,-0.00275617558509,0.0163651928306,-0.00533871771768,-0.00588595820591,0.00556665239856,-0.00195997604169,-0.00339354178868,0.00136365042999],[-0.000276802980807,-0.000671919435263,-0.00104848342016,0.00213292543776,0.00273008272052,-0.0047669201158,-0.00533871771768,0.0188660882413,-0.00487474026158,-0.00344173889607,0.00316444854252,-0.00339238089509,-0.000239903194597],[0.000233172686421,0.000346401007846,0.000487164157676,-0.0024276075419,-0.00176972593181,0.00560995098203,-0.00588595820591,-0.00487474026158,0.0187464822084,-0.00490604527295,-0.00438377493992,0.00573704391718,-0.000912628776859],[0.0000878645587363,-0.000326177891111,0.000291106145596,0.00142620119732,-0.00350709725171,-0.00360612082295,0.00556665239856,-0.00344173889607,-0.00490604527295,0.0189685896039,-0.00737215252593,-0.00198897090741,0.00199132366106],[0.00000349998981619,-0.000668912311085,-0.000384293671232,0.000537274056114,0.00280596246012,-0.00266407546587,-0.00195997604169,0.00316444854252,-0.00438377493992,-0.00737215252593,0.0253193546087,-0.00840393826365,-0.001546221436],[0.000207994264201,-0.000589097908232,-0.00123774225358,0.000328103895299,-0.000902214320377,0.00264803972095,-0.00339354178868,-0.00339238089509,0.00573704391718,-0.00198897090741,-0.00840393826365,0.0263299122453,-0.00967541057616],[0.0000474755179312,0.00114476971794,-0.000373393500922,-0.00313920923509,-0.00118946516886,-0.00103216036223,0.00136365042999,-0.000239903194597,-0.000912628776859,0.00199132366106,-0.001546221436,-0.00967541057616,0.0236638821661]],"mean":[-587.637512207,115.980957031,-16.2974681854,27.1416816711,12.754907608,3.49877309799,3.43572998047,9.12167930603,-0.764970719814,0.532848656178,-1.56241261959,-4.04047727585,-4.88015270233]},"pitch_salience":{"dmean":0.0857246890664,"dmean2":0.140688374639,"dvar":0.00573249626905,"dvar2":0.0144242849201,"max":0.981773972511,"mean":0.577535867691,"median":0.584707200527,"min":0.174313426018,"var":0.0108258230612},"silence_rate_20dB":{"dmean":0,"dmean2":0,"dvar":0,"dvar2":0,"max":1,"mean":1,"median":1,"min":1,"var":0},"silence_rate_30dB":{"dmean":0.00159193424042,"dmean2":0.00318471342325,"dvar":0.00158935901709,"dvar2":0.00476675899699,"max":1,"mean":0.999204218388,"median":1,"min":0,"var":0.000795150001068},"silence_rate_60dB":{"dmean":0.00159193424042,"dmean2":0.00318471342325,"dvar":0.00158945377916,"dvar2":0.00317451078445,"max":1,"mean":0.0289124660194,"median":0,"min":0,"var":0.0280765648931},"spectral_centroid":{"dmean":251.053817749,"dmean2":408.473052979,"dvar":94375.765625,"dvar2":190125.578125,"max":11694.9912109,"mean":1743.24963379,"median":1615.63500977,"min":371.679656982,"var":1216171.25},"spectral_complexity":{"dmean":3.91668868065,"dmean2":6.56316328049,"dvar":10.4435157776,"dvar2":27.3983764648,"max":53,"mean":35.410610199,"median":37,"min":0,"var":62.9272346497},"spectral_contrast_coeffs":{"dmean":[0.0602437593043,0.049595490098,0.0380735248327,0.03199300915,0.0223744753748,0.0194189082831],"dmean2":[0.0957217365503,0.0822310298681,0.0622061155736,0.0527825132012,0.0371205434203,0.0319212265313],"dvar":[0.00233215768822,0.0016667174641,0.000912808987778,0.000665436033159,0.000303805485601,0.000272498233244],"dvar2":[0.00596540700644,0.00455215247348,0.00239270506427,0.0017347834073,0.000829029770102,0.000705308746547],"max":[-0.352988779545,-0.480534702539,-0.554887652397,-0.617620944977,-0.648291528225,-0.643766820431],"mean":[-0.614868402481,-0.75946199894,-0.774627566338,-0.78134727478,-0.776310026646,-0.753021776676],"median":[-0.611599981785,-0.764547765255,-0.780705690384,-0.784942746162,-0.775718331337,-0.752411723137],"min":[-0.974901616573,-0.989784419537,-0.981935620308,-0.983177185059,-0.965162813663,-0.964954376221],"var":[0.00760309863836,0.00418707868084,0.00337606505491,0.00215179380029,0.00115863303654,0.00167842023075]},"spectral_contrast_valleys":{"dmean":[0.472214728594,0.344235211611,0.279489398003,0.23449061811,0.204095363617,0.296843707561],"dmean2":[0.756250679493,0.565368235111,0.459194988012,0.382119774818,0.332519739866,0.449595957994],"dvar":[0.232430487871,0.160006791353,0.125846549869,0.110900767148,0.107429131866,0.148318961263],"dvar2":[0.443793684244,0.276918709278,0.196806445718,0.16102398932,0.140101000667,0.257408797741],"max":[-5.17605304718,-5.04834747314,-5.32463502884,-5.64870595932,-5.63062334061,-7.63430213928],"mean":[-7.02327680588,-6.58782529831,-6.84803104401,-7.07677221298,-6.90607881546,-9.9143819809],"median":[-6.68930339813,-6.23608589172,-6.49387550354,-6.72509670258,-6.56859540939,-9.58954238892],"min":[-27.989282608,-28.2101993561,-27.5716190338,-27.5307197571,-27.5843372345,-27.3979873657],"var":[6.11062574387,6.1999464035,6.06489849091,5.92801380157,5.95303678513,4.71106338501]},"spectral_decrease":{"dmean":4.07883193887e-9,"dmean2":6.54367626751e-9,"dvar":1.8773524092e-17,"dvar2":4.03489736166e-17,"max":2.08471347939e-28,"mean":-1.10363327366e-8,"median":-9.83438752655e-9,"min":-3.53998679259e-8,"var":3.06252438316e-17},"spectral_energy":{"dmean":0.0156951770186,"dmean2":0.025173438713,"dvar":0.000272505916655,"dvar2":0.000588753784541,"max":0.13754786551,"mean":0.044743668288,"median":0.040483802557,"min":9.98256103513e-21,"var":0.000456224224763},"spectral_energyband_high":{"dmean":0.0004572973412,"dmean2":0.000758549605962,"dvar":5.12222868565e-7,"dvar2":0.00000124602195228,"max":0.011404030025,"mean":0.000971320958342,"median":0.000713531917427,"min":7.03762276324e-21,"var":7.87071542163e-7},"spectral_energyband_low":{"dmean":0.0130527606234,"dmean2":0.020889557898,"dvar":0.000295297650155,"dvar2":0.000608710804954,"max":0.122360035777,"mean":0.0187040045857,"median":0.0112176202238,"min":2.06220294419e-23,"var":0.000403265672503},"spectral_energyband_middle_high":{"dmean":0.00280741788447,"dmean2":0.00442912708968,"dvar":0.00000802043814474,"dvar2":0.0000198980778805,"max":0.0334699191153,"mean":0.0109491087496,"median":0.00966619700193,"min":1.21945506413e-21,"var":0.0000273568311968},"spectral_energyband_middle_low":{"dmean":0.00653227884322,"dmean2":0.0106406100094,"dvar":0.0000585872658121,"dvar2":0.000153489178047,"max":0.0778132155538,"mean":0.0163737870753,"median":0.0150407366455,"min":1.57681821761e-22,"var":0.0000842570370878},"spectral_entropy":{"dmean":0.102752782404,"dmean2":0.162753909826,"dvar":0.0106794685125,"dvar2":0.0235552918166,"max":9.82096004486,"mean":7.83513975143,"median":7.79777526855,"min":6.70440101624,"var":0.079091206193},"spectral_flux":{"dmean":0.0358005575836,"dmean2":0.0601719580591,"dvar":0.00119265483227,"dvar2":0.00336345564574,"max":0.325647771358,"mean":0.12448053807,"median":0.118619054556,"min":6.49247183793e-11,"var":0.00219872151501},"spectral_kurtosis":{"dmean":1.22233355045,"dmean2":2.05670523643,"dvar":1.28813481331,"dvar2":3.64954018593,"max":16.733373642,"mean":4.6058511734,"median":4.51120185852,"min":-1.2383890152,"var":2.92167830467},"spectral_rms":{"dmean":0.00110771425534,"dmean2":0.00175851269159,"dvar":0.00000111479607767,"dvar2":0.00000237491144617,"max":0.0115841720253,"mean":0.00637235026807,"median":0.00628461595625,"min":3.12075061973e-12,"var":0.00000304537024931},"spectral_rolloff":{"dmean":591.469665527,"dmean2":969.433959961,"dvar":616891.4375,"dvar2":1317212.125,"max":19552.1484375,"mean":1879.35180664,"median":1636.5234375,"min":86.1328125,"var":4515099},"spectral_skewness":{"dmean":0.175039425492,"dmean2":0.291062891483,"dvar":0.0246922653168,"dvar2":0.0640978813171,"max":2.50768780708,"mean":1.4844148159,"median":1.51228189468,"min":-0.0856484398246,"var":0.0972489118576},"spectral_spread":{"dmean":497544.5,"dmean2":761144.375,"dvar":836227039232,"dvar2":1391506751490,"max":42538720,"mean":4573896,"median":3939732,"min":1686078.5,"var":17949540745200},"spectral_strongpeak":{"dmean":0.6526658535,"dmean2":1.15659892559,"dvar":1.02291107178,"dvar2":2.69970822334,"max":9.09226608276,"mean":0.839214801788,"median":0.464430332184,"min":0,"var":1.15783572197},"zerocrossingrate":{"dmean":0.0102655654773,"dmean2":0.0133954677731,"dvar":0.000153765809955,"dvar2":0.000231313984841,"max":0.52880859375,"mean":0.0708369165659,"median":0.0625,"min":0.01220703125,"var":0.00289359246381}},"metadata":{"audio_properties":{"analysis_sample_rate":44100,"bit_rate":128000,"codec":"mp3","downmix":"mix","equal_loudness":0,"length":87.5102005005,"lossless":false,"md5_encoded":"f70cbd638dc96a0b225f113a02b85f5d","replay_gain":-14.6377105713,"sample_rate":44100},"tags":{"album":["The Gang's All Here"],"albumartist":["Dropkick Murphys"],"artist":["Dropkick Murphys"],"asin":["B000023XKO"],"barcode":["8714092041323"],"bpm":["81"],"composer":["Ken Casey"],"date":["1999"],"discnumber":["1/1"],"file_name":"07 Devil's Brigade 1.mp3","genre":["Punk"],"initialkey":["C"],"label":["Epitaph"],"language":["eng"],"musicbrainz_albumid":["108f2db5-8c8a-411c-9d10-cffa5969b349"],"musicbrainz_recordingid":["e077d061-febf-493a-8132-5aa5c62ad093"],"musicbrainz_releasegroupid":["c9cb34d6-d10e-3494-b6b7-7fa3de0c64ca"],"title":["Devil's Brigade"],"tracknumber":["7"]},"version":{"essentia":"2.1-beta2","essentia_build_sha":"cead25079874084f62182a551b7393616cd33d87","essentia_git_sha":"v2.1_beta2-1-ge3940c0","extractor":"music 1.0"}},"rhythm":{"beats_count":120,"beats_loudness":{"dmean":0.022165460512,"dmean2":0.0385401062667,"dvar":0.000277163431747,"dvar2":0.000755715649575,"max":0.103648483753,"mean":0.0621894113719,"median":0.0610461384058,"min":0,"var":0.000536443025339},"beats_loudness_band_ratio":{"dmean":[0.161570012569,0.0817651972175,0.0634255260229,0.0571149475873,0.059694044292,0.0263109002262],"dmean2":[0.279027789831,0.143623962998,0.110472455621,0.0930813848972,0.102900438011,0.0460860319436],"dvar":[0.0193266514689,0.00584795791656,0.0026204448659,0.00359728722833,0.00327389058657,0.00160291499924],"dvar2":[0.0537949204445,0.0191360414028,0.00748903816566,0.00979595631361,0.00908353365958,0.00430379901081],"max":[0.912145793438,0.370333522558,0.342890620232,0.393463462591,0.350081145763,0.308966159821],"mean":[0.629850924015,0.0981528684497,0.0952668264508,0.0830714181066,0.09196613729,0.0346526689827],"median":[0.651460409164,0.0708053261042,0.0747333019972,0.0657495558262