{"lowlevel":{"average_loudness":0.936566829681,"barkbands":{"dmean":[0.013156786561,0.0152167482302,0.00205271109007,0.000914231117349,0.00183021323755,0.0012463547755,0.000706955499481,0.000725749006961,0.00064847903559,0.000576407706831,0.000517413194757,0.00103772862349,0.00106686970685,0.00101501867175,0.000773267471232,0.000413204339566,0.000265602429863,0.000230790217756,0.000169952429133,0.00010884040239,0.000105371997051,0.0000834421880427,0.0000447977363365,0.0000107740297608,0.00000335840900334,0.0000243971517193,0.000417342962464],"dmean2":[0.021547101438,0.0255998708308,0.00349257513881,0.00152468122542,0.00304168253206,0.00201799091883,0.00115710229147,0.0011996855028,0.00105576531496,0.000955207156949,0.000861576991156,0.00172298646066,0.0017750619445,0.0016934950836,0.00127396988682,0.000685008126311,0.000437548413174,0.000372184120351,0.00026468897704,0.000167693200638,0.000157881411724,0.000123997568153,0.0000664043836878,0.0000161151747307,0.00000561193883186,0.0000357654971594,0.000629285816103],"dvar":[0.000652371556498,0.000546682684217,0.000013358259821,0.00000284551265395,0.0000153521159518,0.00000484605016027,0.0000016977667201,0.000002789134669,0.00000205839432965,0.0000012035244481,5.67630934256e-7,0.00000213244311453,0.00000260620208792,0.00000256399266618,0.00000175962850335,3.53987388735e-7,1.67590101796e-7,1.83833122946e-7,1.10414354992e-7,6.61766250687e-8,1.04922875721e-7,7.49129114297e-8,1.74940169018e-8,4.67999472509e-10,2.91249628581e-11,3.15024473174e-9,2.18013170183e-7],"dvar2":[0.00157375575509,0.00147156021558,0.0000363111539627,0.00000720148636901,0.0000402927398682,0.0000119689457279,0.00000425722191721,0.00000736415722713,0.00000523185235579,0.00000307679147227,0.00000148318235915,0.00000561357683182,0.0000068439039751,0.00000685617169438,0.00000461951867692,9.3898626119e-7,4.30333528811e-7,4.48473315373e-7,2.59085794596e-7,1.53157358795e-7,2.335849274e-7,1.62145752824e-7,3.76020317105e-8,1.01758312887e-9,7.24892784687e-11,7.12740355624e-9,5.39048585324e-7],"max":[0.259493201971,0.22715100646,0.0517186969519,0.056998860091,0.0555687621236,0.0489536970854,0.036249589175,0.0314929783344,0.0379912108183,0.0340969488025,0.0131182549521,0.0392758026719,0.0386614687741,0.041147377342,0.0320416353643,0.0175734497607,0.0106448344886,0.0109957447276,0.0107371993363,0.00790825020522,0.0106333801523,0.00738235143945,0.00420598546043,0.000740987830795,0.0000862124361447,0.00130400981288,0.00882343389094],"mean":[0.0125905005261,0.0203191637993,0.00250994344242,0.00115231925156,0.00251450855285,0.00192152196541,0.00104391202331,0.00104319269303,0.00100229575764,0.000851870921906,0.00079504068708,0.00181128515396,0.00191082211677,0.00190830952488,0.00152808451094,0.000802085734904,0.000485269789351,0.000407427462051,0.000311627954943,0.000203591509489,0.000187373821973,0.0001400973415,0.0000688246873324,0.0000166083045769,0.00000336962193614,0.0000381792451662,0.00135087885428],"median":[0.00311227282509,0.0132272485644,0.00122936675325,0.000537612068001,0.00122783868574,0.000960851786658,0.000541984743904,0.000391427718569,0.000381988444133,0.000426524493378,0.00051347311819,0.00129926099908,0.0012885130709,0.00139031140134,0.000988086219877,0.00057194265537,0.000348992936779,0.00024218847102,0.000149772153236,0.000093141788966,0.0000660603982396,0.0000367743377865,0.0000155294928845,0.00000578844901611,0.00000140471820487,0.0000104587070382,0.00117927428801],"min":[8.38932667889e-25,2.93907011863e-24,7.05467164879e-25,1.40540826051e-24,1.07020940925e-23,1.96300605195e-23,1.03136708156e-23,1.81382993041e-23,1.70624555348e-23,2.72346149592e-23,2.26499273497e-23,4.23857646502e-23,2.5708609292e-23,4.21754890428e-23,5.66208575037e-23,7.26487251167e-23,8.77722110335e-23,1.00007071331e-22,7.68129640632e-23,2.36156631761e-22,3.04850185004e-22,3.5147895794e-22,4.64568896109e-22,6.60718945622e-22,9.09462768205e-22,1.4442597729e-21,1.95494040357e-21],"var":[0.000637412595097,0.000563798414078,0.0000150108144226,0.00000451182904726,0.0000180471652129,0.00000916689805308,0.00000282527616946,0.00000480545713799,0.00000426418000643,0.00000206174331652,8.88313707037e-7,0.00000388114358429,0.00000568084578845,0.00000487081069878,0.00000416068041886,8.04763601536e-7,2.77335090004e-7,2.96434393476e-7,2.24848264452e-7,1.28403314648e-7,2.00666065098e-7,1.50130446741e-7,3.46303039578e-8,1.00189578855e-9,3.0633922482e-11,5.90649307242e-9,0.00000115773900689]},"barkbands_crest":{"dmean":2.8774960041,"dmean2":4.63719654083,"dvar":5.89822006226,"dvar2":15.1064014435,"max":24.810426712,"mean":10.5715475082,"median":10.0738277435,"min":2.35018205643,"var":19.7660999298},"barkbands_flatness_db":{"dmean":0.0279868245125,"dmean2":0.0440813079476,"dvar":0.000658795062918,"dvar2":0.00158784084488,"max":0.395466536283,"mean":0.13330860436,"median":0.124505333602,"min":0.0243925768882,"var":0.00278165983036},"barkbands_kurtosis":{"dmean":4.78259277344,"dmean2":7.72730970383,"dvar":103.176673889,"dvar2":273.953155518,"max":250.488342285,"mean":6.9914393425,"median":2.06466317177,"min":-1.79183888435,"var":252.597259521},"barkbands_skewness":{"dmean":0.712131559849,"dmean2":1.11962044239,"dvar":0.597045600414,"dvar2":1.44185125828,"max":13.014213562,"mean":1.97453713417,"median":1.51994943619,"min":-2.04944443703,"var":2.45328712463},"barkbands_spread":{"dmean":8.6045217514,"dmean2":13.4180011749,"dvar":67.7417144775,"dvar2":153.713104248,"max":104.813804626,"mean":34.1024093628,"median":33.3435325623,"min":0.887235224247,"var":278.400939941},"dissonance":{"dmean":0.0113498428836,"dmean2":0.0194905288517,"dvar":0.000127009261632,"dvar2":0.000354941294063,"max":0.500000178814,"mean":0.482755631208,"median":0.486470907927,"min":0.310072422028,"var":0.00020012864843},"dynamic_complexity":2.5546476841,"erbbands":{"dmean":[0.934039056301,1.90117907524,2.44850707054,2.53622102737,4.50373411179,6.70245552063,9.02878952026,11.1326255798,9.21876907349,12.1108589172,17.5127849579,15.0376720428,15.0554895401,16.6908569336,25.2192115784,41.26039505,47.9413757324,48.9710884094,41.9623069763,32.9247894287,18.5152664185,14.5138158798,12.3425397873,10.7629871368,6.80060005188,4.97037172318,4.94817876816,3.63809132576,3.10132575035,2.13800525665,1.15349400043,0.380195319653,0.12669865787,0.0406816452742,0.0237951222807,0.0238356832415,0.0480858907104,0.052889034152,0.0199911221862,0.00874316319823],"dmean2":[1.57931602001,3.15815782547,4.11573934555,4.18333530426,7.55163764954,11.2694263458,14.8633317947,18.0356330872,15.0704622269,19.9198150635,28.9372749329,24.4268856049,24.7994556427,27.8659648895,41.8652877808,68.8854598999,79.5616607666,81.6559906006,68.7151870728,54.4929122925,30.3160228729,23.7393741608,19.9731903076,16.8944568634,10.5734567642,7.63944482803,7.45504760742,5.46218729019,4.61110496521,3.17087602615,1.72394824028,0.558523833752,0.193341761827,0.0669820308685,0.0396734476089,0.0368030406535,0.0691087767482,0.0749906897545,0.027704179287,0.0129732042551],"dvar":[2.393440485,6.87994861603,16.0085582733,20.9413070679,83.8708267212,225.25453186,286.737121582,428.23034668,249.126419067,653.142211914,1867.02355957,1239.27905273,1010.16271973,665.304748535,1244.15966797,3554.99462891,4988.078125,7208.34716797,4363.59521484,3111.98706055,680.01739502,504.4480896,475.305603027,467.623474121,165.005493164,133.796020508,257.264404297,112.62272644,111.24874115,46.3531455994,12.2336091995,0.848653376102,0.0531829856336,0.00389488763176,0.00144515780266,0.00138661626261,0.0115804411471,0.0154067613184,0.00136713217944,0.0000939729288802],"dvar2":[6.37619829178,18.6582279205,42.9918670654,53.1343574524,216.21131897,592.726257324,726.275512695,1035.36779785,619.057678223,1633.56054688,5009.51123047,3103.71435547,2571.21704102,1715.36108398,3285.41918945,9392.98828125,13237.8222656,19335.75,11345.0292969,8353.80371094,1764.12512207,1287.18518066,1178.40063477,1098.46325684,380.828155518,304.479858398,585.553588867,247.778518677,243.352020264,102.032806396,27.1713428497,1.8095498085,0.122309528291,0.0096321683377,0.00359637942165,0.00319018098526,0.0254129078239,0.0323850922287,0.00293673737906,0.000225660405704],"max":[13.8332719803,29.4098777771,56.2415809631,125.690170288,202.623474121,226.287796021,444.694030762,462.049560547,441.055114746,1003.05285645,981.437988281,966.286132812,961.46887207,600.065368652,650.030822754,1956.10571289,1381.2208252,2331.27197266,2758.85424805,1113.19958496,491.193725586,607.195007324,615.992492676,727.292114258,299.975128174,310.698791504,567.714538574,294.834899902,346.957519531,218.199264526,129.241928101,38.6841506958,6.48732709885,0.966636121273,0.61108392477,0.812641680241,2.7933819294,2.45169520378,0.744662761688,0.202974811196],"mean":[1.08589494228,2.67780423164,3.32253193855,3.51384305954,5.86779880524,8.50559806824,12.5350732803,16.6551589966,13.7867050171,18.4266719818,26.1704006195,23.6909503937,23.4770526886,27.5267620087,44.6663360596,75.8130569458,90.5962753296,95.8703536987,88.2911834717,67.6413116455,38.7654037476,27.8430957794,22.4663143158,19.4647331238,13.0371665955,9.59948825836,8.8304901123,6.373295784,5.13220643997,3.44483184814,1.74474227428,0.588713943958,0.189507186413,0.0470479391515,0.0249788463116,0.0349831655622,0.0774290561676,0.0957975834608,0.0540156699717,0.0353107079864],"median":[0.584895730019,1.84162259102,1.8175560236,1.80739974976,2.75812125206,3.76490330696,5.6706571579,8.18982696533,7.92667579651,8.41651344299,9.47480964661,9.02822685242,10.8231887817,18.0441837311,32.4813613892,55.6088409424,64.4334411621,68.7759399414,63.2694702148,44.8461418152,28.9158096313,20.4145355225,13.9826536179,9.59970855713,6.6237859726,4.40658521652,3.27367973328,2.06344127655,1.38134455681,0.847029328346,0.395777702332,0.167065650225,0.0764286667109,0.0235355310142,0.0113092381507,0.0164947174489,0.0211717002094,0.0269294716418,0.0266047939658,0.0326224863529],"min":[1.04233390475e-22,9.51048788825e-22,7.50609910829e-22,5.87661742018e-21,2.09596031929e-20,2.50890390603e-20,5.97489100059e-20,1.64518779211e-19,1.60810825793e-19,2.67413585064e-19,4.14920309304e-19,3.51633341023e-19,9.37601572908e-19,1.18906623688e-18,1.75018844471e-18,1.93712092339e-18,1.65284707099e-18,2.45313376709e-18,2.64299756706e-18,4.20996467891e-18,4.13108184056e-18,5.56621621511e-18,7.37916574802e-18,8.41678772585e-18,5.72794905001e-18,9.93247625717e-18,1.04843711619e-17,1.17253240604e-17,1.28235982295e-17,1.26320190637e-17,1.35436837681e-17,1.43216380353e-17,1.09808135327e-17,9.0666836808e-18,5.80710692591e-18,4.24220362969e-18,2.40085864071e-18,1.1051803e-18,2.56374213555e-19,2.78583735121e-20],"var":[2.31191658974,8.16967773438,19.7906150818,33.3362884521,111.368896484,256.384521484,457.376525879,744.839355469,403.484222412,1196.30810547,3289.63574219,2599.80639648,1887.1796875,1048.82751465,2157.96557617,6614.3046875,11271.8066406,14065.2060547,10465.8730469,7226.54785156,1550.9822998,872.338684082,768.965637207,874.10736084,358.104522705,273.752716064,478.578430176,225.229766846,210.992950439,90.3524856567,23.0270671844,1.86318910122,0.102026432753,0.00456023402512,0.00153424369637,0.00249322713353,0.0238648690283,0.035707257688,0.00514661334455,0.00061590783298]},"erbbands_crest":{"dmean":2.07755804062,"dmean2":3.49296164513,"dvar":3.73652076721,"dvar2":9.64271640778,"max":27.5481567383,"mean":7.52530813217,"median":6.93960428238,"min":2.49443745613,"var":7.91347503662},"erbbands_flatness_db":{"dmean":0.0203931294382,"dmean2":0.0311594102532,"dvar":0.000323315616697,"dvar2":0.000751148967538,"max":0.317550718784,"mean":0.147277697921,"median":0.144356191158,"min":0.0454269982874,"var":0.00146004848648},"erbbands_kurtosis":{"dmean":0.95541703701,"dmean2":1.54560089111,"dvar":1.11783897877,"dvar2":2.80859017372,"max":20.2107543945,"mean":1.12355709076,"median":0.693595051765,"min":-1.71080136299,"var":3.37635731697},"erbbands_skewness":{"dmean":0.305207848549,"dmean2":0.487453788519,"dvar":0.0658917576075,"dvar2":0.162143662572,"max":2.14711356163,"mean":-0.50840395689,"median":-0.504113137722,"min":-3.30059933662,"var":0.263343125582},"erbbands_spread":{"dmean":5.32056188583,"dmean2":8.33272266388,"dvar":26.9416694641,"dvar2":61.5237350464,"max":104.997314453,"mean":24.9628219604,"median":22.8509712219,"min":3.08653974533,"var":117.812919617},"gfcc":{"cov":[[10114.4111328,-785.245605469,-815.413085938,517.469238281,-402.976409912,-399.534515381,148.807266235,-273.868408203,115.976638794,34.7842903137,-92.6336898804,170.516357422,-255.33581543],[-785.245605469,929.571594238,-21.1031093597,-376.852508545,257.206085205,22.3418006897,-82.2041473389,70.1712112427,2.7135515213,-32.6799049377,81.2506332397,-99.6793289185,152.838973999],[-815.413085938,-21.1031093597,338.200592041,94.4034957886,-22.2437438965,153.524429321,-41.0390625,79.5111618042,-43.728767395,19.9409332275,-4.26012325287,11.029791832,-1.16782665253],[517.469238281,-376.852508545,94.4034957886,367.756835938,-76.5290222168,-11.740685463,99.4831390381,-37.3119621277,-15.5946455002,19.3971843719,-34.4797706604,57.5833015442,-84.6949462891],[-402.976409912,257.206085205,-22.2437438965,-76.5290222168,225.62802124,32.0512199402,-8.69937229156,6.385825634,-3.37382888794,-17.7084655762,43.1392555237,-34.6949768066,55.0475654602],[-399.534515381,22.3418006897,153.524429321,-11.740685463,32.0512199402,200.480804443,-35.7880516052,68.6481018066,-16.7983036041,17.5701179504,-0.929746508598,0.554212808609,13.8547935486],[148.807266235,-82.2041473389,-41.0390625,99.4831390381,-8.69937229156,-35.7880516052,151.209503174,-3.53029131889,47.7277336121,10.7846508026,-5.55225610733,20.9540863037,-30.5108852386],[-273.868408203,70.1712112427,79.5111618042,-37.3119621277,6.385825634,68.6481018066,-3.53029131889,147.723739624,19.058347702,24.9365291595,15.3038463593,-18.6685619354,29.363986969],[115.976638794,2.7135515213,-43.728767395,-15.5946455002,-3.37382888794,-16.7983036041,47.7277336121,19.058347702,96.3006210327,28.9136199951,5.27785825729,12.9460000992,-12.9863624573],[34.7842903137,-32.6799049377,19.9409332275,19.3971843719,-17.7084655762,17.5701179504,10.7846508026,24.9365291595,28.9136199951,67.9245910645,33.0538291931,12.1502532959,7.28575706482],[-92.6336898804,81.2506332397,-4.26012325287,-34.4797706604,43.1392555237,-0.929746508598,-5.55225610733,15.3038463593,5.27785825729,33.0538291931,71.8694610596,17.5184402466,31.7461948395],[170.516357422,-99.6793289185,11.029791832,57.5833015442,-34.6949768066,0.554212808609,20.9540863037,-18.6685619354,12.9460000992,12.1502532959,17.5184402466,69.301574707,-2.55551123619],[-255.33581543,152.838973999,-1.16782665253,-84.6949462891,55.0475654602,13.8547935486,-30.5108852386,29.363986969,-12.9863624573,7.28575706482,31.7461948395,-2.55551123619,87.7418670654]],"icov":[[0.000198478024686,-0.000245332776103,0.000901083054487,-0.00066097790841,0.000346719025401,-0.00021965612541,0.000467634672532,-0.000182575677172,0.00000854439713294,-0.000203421936021,0.000176062676474,-0.000447785889264,0.000361190526746],[-0.000245332776103,0.00364972930402,-0.00262402044609,0.00305547146127,-0.00197421316989,0.000958612246905,-0.0013458149042,0.0007258336409,-0.00143116130494,0.00261856685393,-0.00285198912024,0.0037544593215,-0.0030687188264],[0.000901083054487,-0.00262402044609,0.0111633306369,-0.00661991536617,0.00323357735761,-0.00538255879655,0.00439036404714,-0.00324376788922,0.00165930762887,-0.00115884141997,0.000728587096091,-0.00301028066315,0.0023756173905],[-0.00066097790841,0.00305547146127,-0.00661991536617,0.0121474638581,-0.005410913378,0.00466299476102,-0.0064899767749,0.000077999131463,0.00632205605507,-0.00639954209328,0.00592385651544,-0.00519275572151,0.00393967982382],[0.000346719025401,-0.00197421316989,0.00323357735761,-0.005410913378,0.0122652342543,-0.00587482750416,0.000673172238749,0.00320899882354,-0.00566479703411,0.00999532360584,-0.0118106631562,0.00922677759081,-0.00546565512195],[-0.00021965612541,0.000958612246905,-0.00538255879655,0.00466299476102,-0.00587482750416,0.0118044884875,-0.000459553441033,-0.00363354338333,0.00441408297047,-0.00743699865416,0.00828012544662,-0.00647403718904,0.0030848106835],[0.000467634672532,-0.0013458149042,0.00439036404714,-0.0064899767749,0.000673172238749,-0.000459553441033,0.0129487477243,-0.00193719612435,-0.0056358105503,0.00120037817396,-0.0000751817715354,-0.00157782668248,0.00134768197313],[-0.000182575677172,0.0007258336409,-0.00324376788922,0.000077999131463,0.00320899882354,-0.00363354338333,-0.00193719612435,0.0127742672339,-0.0062832320109,0.0036910243798,-0.00666420860216,0.00957140792161,-0.0066982335411],[0.00000854439713294,-0.00143116130494,0.00165930762887,0.00632205605507,-0.00566479703411,0.00441408297047,-0.0056358105503,-0.0062832320109,0.0251664035022,-0.0187272392213,0.0146413417533,-0.0151631636545,0.0111831761897],[-0.000203421936021,0.00261856685393,-0.00115884141997,-0.00639954209328,0.00999532360584,-0.00743699865416,0.00120037817396,0.0036910243798,-0.0187272392213,0.0418883748353,-0.0303405374289,0.0188457071781,-0.0119839161634],[0.000176062676474,-0.00285198912024,0.000728587096091,0.00592385651544,-0.0118106631562,0.00828012544662,-0.0000751817715354,-0.00666420860216,0.0146413417533,-0.0303405374289,0.0448379702866,-0.0258086323738,0.0072262743488],[-0.000447785889264,0.0037544593215,-0.00301028066315,-0.00519275572151,0.00922677759081,-0.00647403718904,-0.00157782668248,0.00957140792161,-0.0151631636545,0.0188457071781,-0.0258086323738,0.0389605499804,-0.0147503074259],[0.000361190526746,-0.0030687188264,0.0023756173905,0.00393967982382,-0.00546565512195,0.0030848106835,0.00134768197313,-0.0066982335411,0.0111831761897,-0.0119839161634,0.0072262743488,-0.0147503074259,0.0268864445388]],"mean":[22.7179985046,92.4121398926,-103.555755615,-2.91469240189,3.72581338882,-5.35792970657,0.988553524017,-19.5119781494,4.99879693985,-1.96752929688,2.73098897934,0.736307740211,-5.03327417374]},"hfc":{"dmean":41.8545455933,"dmean2":65.117477417,"dvar":2626.68798828,"dvar2":5969.03173828,"max":1921.35058594,"mean":177.957626343,"median":171.552352905,"min":1.09458050985e-16,"var":11128.5380859},"melbands":{"dmean":[0.0065995156765,0.00153538386803,0.000466821511509,0.000394042232074,0.000308192364173,0.000240809546085,0.000139380455948,0.000133315785206,0.000146036341903,0.0000903694526642,0.0000778416142566,0.0000707916769898,0.0000785992888268,0.00011841457308,0.000107815503725,0.000107864143502,0.0000972551351879,0.0000757129237172,0.0000562197565159,0.0000363186009054,0.0000218850746023,0.000016845526261,0.0000128875926748,0.000011368538253,0.00000922372510104,0.00000612252915744,0.000004034959602,0.00000345876605934,0.00000337467122336,0.00000280520589513,0.0000020693901206,0.00000188834417258,0.00000158537238804,0.00000111009444481,7.56485007969e-7,4.06910288575e-7,1.77200206508e-7,9.94886377725e-8,5.05211978918e-8,3.06409901896e-8],"dmean2":[0.010990283452,0.00254660868086,0.000768056721427,0.000654731527902,0.000508897472173,0.000389475753764,0.000227661250392,0.000219337263843,0.00024156809377,0.000146967809997,0.000128529180074,0.000118700241728,0.000130365719087,0.000196178662009,0.000179692491656,0.000180266099051,0.000163085947861,0.000125331353047,0.000093186084996,0.0000606547109783,0.0000360141675628,0.000027913329177,0.0000212452450796,0.0000183557822311,0.0000146865086208,0.00000965637627814,0.00000637049879515,0.00000540867222298,0.00000519132299814,0.00000432650358562,0.00000316372961606,0.00000286735621557,0.00000238469647229,0.00000167292307651,0.00000115353134333,6.03155967838e-7,2.68633669975e-7,1.53566332983e-7,8.11099312159e-8,5.12557392085e-8],"dvar":[0.000116446477477,0.00000451326150142,6.83268353896e-7,7.08038157882e-7,3.36834233394e-7,1.8712970018e-7,5.67867317613e-8,7.25643545252e-8,1.25350851476e-7,4.35364491125e-8,2.72983768923e-8,1.28971677782e-8,1.26194388272e-8,2.98023792311e-8,2.28622454301e-8,3.20282254052e-8,2.51930298845e-8,1.34989619482e-8,1.05104449588e-8,3.18505977148e-9,9.92783300013e-10,7.00581426205e-10,4.4609899108e-10,5.03092012494e-10,3.55273699348e-10,1.42053549479e-10,5.91308876863e-11,7.9340638226e-11,1.20345150512e-10,8.3398371542e-11,3.50314430242e-11,4.3409938838e-11,2.94252365529e-11,1.20831313705e-11,5.57127434464e-12,1.40136144876e-12,1.60824682022e-13,3.62155746743e-14,6.57616644381e-15,2.471671998e-15],"dvar2":[0.000302314932924,0.0000119754204206,0.00000174051126578,0.00000184270209047,8.77202126048e-7,4.56793941339e-7,1.40789069292e-7,1.82020528428e-7,3.33406489972e-7,1.08499833118e-7,6.99797837456e-8,3.32520748714e-8,3.33300427258e-8,7.63927587855e-8,6.17013000692e-8,8.48622647709e-8,6.82695784349e-8,3.52157805139e-8,2.7979922379e-8,8.51885051389e-9,2.58765053829e-9,1.82086146161e-9,1.16230580716e-9,1.24420163061e-9,8.51276493741e-10,3.38913092035e-10,1.40911116109e-10,1.88044108063e-10,2.8026730936e-10,1.95699387251e-10,7.70510183434e-11,9.7224221729e-11,6.64126045824e-11,2.7014838283e-11,1.26849104137e-11,3.14320791617e-12,3.62424608553e-13,8.49029437792e-14,1.58199801458e-14,6.15620200284e-15],"max":[0.0952979698777,0.0302314944565,0.019828306511,0.0134593294933,0.0115763228387,0.00962362531573,0.00583690498024,0.00935921724886,0.00827961787581,0.00628530979156,0.00515861390159,0.00266401655972,0.00181528821122,0.00405608676374,0.00258093606681,0.00374357635155,0.00405376870185,0.00512068485841,0.00248411018401,0.00181161472574,0.000510531652253,0.00073366711149,0.000394603208406,0.00066509807948,0.000665602448862,0.000288002338493,0.000165110395756,0.000300288200378,0.0003628875711,0.000327399990056,0.000174680390046,0.000229189172387,0.000149227664224,0.000121734403365,0.0000993045032374,0.000050121510867,0.000014641755115,0.00000546080354979,0.00000234330582316,7.92361731783e-7],"mean":[0.00818970054388,0.0023200919386,0.000678295909893,0.000524241826497,0.000433123175753,0.00036994999391,0.000211565100471,0.000202247421839,0.000217857348616,0.000139236391988,0.000116805756988,0.00011038602679,0.000129394320538,0.000200381211471,0.000194776657736,0.000193055355339,0.000176597328391,0.000146109538036,0.000109386448457,0.0000685075719957,0.0000407786319556,0.0000300084084301,0.0000216086482396,0.0000191851686395,0.0000155513407663,0.0000107595124064,0.00000731143472876,0.00000614971395407,0.00000573503348278,0.00000459299326394,0.00000341426652994,0.00000299054977404,0.00000247400839726,0.00000168583176219,0.00000109025609163,5.97119651502e-7,2.65293692792e-7,1.4629056011e-7,6.48142233217e-8,3.02505398508e-8],"median":[0.00465159583837,0.00153960834723,0.000370637106244,0.000245116243605,0.000202585099032,0.000187748897588,0.000121116710943,0.0000910316593945,0.0000750452527427,0.0000530936995347,0.0000523325943504,0.0000691320601618,0.0000880742882146,0.000139605865115,0.00014150084462,0.000126413811813,0.000124359648908,0.000103649595985,0.0000684663536958,0.0000460768424091,0.0000291584219667,0.0000210969246837,0.0000141932978295,0.0000106334427983,0.00000717594866728,0.00000523129119756,0.00000352729466613,0.00000264641812464,0.0000020634579414,0.00000152796360453,0.00000102814897218,7.68603683809e-7,5.99622580921e-7,3.8182076878e-7,2.34189570847e-7,1.40373927593e-7,8.2995384787e-8,5.67493074755e-8,3.00687368338e-8,1.20663754544e-8],"min":[1.32104106581e-24,6.20971336548e-25,1.34457673092e-24,2.4374955918e-24,1.67657180111e-24,3.36641027049e-24,2.20884090576e-24,3.25276657405e-24,3.84428919067e-24,2.33107371974e-24,4.43955810772e-24,4.14589004183e-24,5.71655312489e-24,4.97705203537e-24,3.17082818347e-24,2.72931160951e-24,4.34505099355e-24,3.85560697807e-24,5.42448447448e-24,4.1011888442e-24,5.40319154092e-24,5.05200447099e-24,7.07707234027e-24,5.14711900805e-24,5.76006393141e-24,2.72722191697e-24,5.96824984632e-24,6.68997356091e-24,5.89229161305e-24,5.88403578924e-24,4.99630103032e-24,6.13283778559e-24,6.68221353619e-24,6.20121309341e-24,7.42258316156e-24,7.02092516534e-24,7.75788612275e-24,7.25418660185e-24,6.6583284057e-24,6.35518927577e-24],"var":[0.000118567040772,0.00000625646180197,0.00000102761885046,8.90629451078e-7,4.80731443986e-7,3.3907457464e-7,9.38474258305e-8,1.36906720627e-7,2.31225044445e-7,8.94959768516e-8,4.93045462235e-8,1.95600389219e-8,2.09288533171e-8,5.27139540907e-8,4.72544314789e-8,6.61848460481e-8,4.69237555478e-8,2.85643722009e-8,2.32629719932e-8,7.08219660694e-9,1.9013646213e-9,1.13672515845e-9,6.40536235164e-10,7.54637796696e-10,6.24314766551e-10,2.74821554402e-10,1.1863630911e-10,1.40304642904e-10,2.20087198466e-10,1.30652433317e-10,6.95185228827e-11,7.61340920863e-11,5.39605929384e-11,2.18358230802e-11,9.56730788343e-12,2.84034167713e-12,3.10243096404e-13,6.51801271919e-14,9.7817473861e-15,2.58055405996e-15]},"melbands_crest":{"dmean":5.44549036026,"dmean2":8.89755153656,"dvar":23.8530311584,"dvar2":58.8734970093,"max":38.979473114,"mean":19.5242881775,"median":18.8618564606,"min":1.89519894123,"var":63.7120895386},"melbands_flatness_db":{"dmean":0.0353256314993,"dmean2":0.0552004985511,"dvar":0.000942942861002,"dvar2":0.00227620801888,"max":0.532282292843,"mean":0.237572282553,"median":0.229005753994,"min":0.00412913970649,"var":0.00497179431841},"melbands_kurtosis":{"dmean":7.99177742004,"dmean2":12.9914293289,"dvar":255.058639526,"dvar2":658.018859863,"max":543.190856934,"mean":11.9136953354,"median":4.239757061,"min":-1.77378082275,"var":633.440979004},"melbands_skewness":{"dmean":0.936028301716,"dmean2":1.49344825745,"dvar":0.957199811935,"dvar2":2.41119670868,"max":20.7920780182,"mean":2.65272259712,"median":2.16750001907,"min":-1.65627408028,"var":3.88885951042},"melbands_spread":{"dmean":7.90802574158,"dmean2":12.5909166336,"dvar":69.3759307861,"dvar2":160.302642822,"max":152.657806396,"mean":25.5659866333,"median":23.9826984406,"min":0.467410862446,"var":258.477233887},"mfcc":{"cov":[[6902.65087891,-568.674743652,-568.952148438,528.953369141,-503.927764893,188.831542969,-385.269500732,67.5116043091,-234.588684082,120.708557129,-53.9242668152,-6.0199508667,-127.900413513],[-568.674743652,1244.0168457,-243.111923218,-313.616210938,280.548156738,-141.416122437,91.897102356,-86.6270065308,104.501327515,-82.7796096802,55.7640342712,-4.3568444252,53.9466056824],[-568.952148438,-243.111923218,425.636108398,-1.87792491913,25.5270290375,36.0185775757,43.2378997803,42.207901001,13.5027770996,12.220662117,0.616608381271,15.5577859879,7.21313142776],[528.953369141,-313.616210938,-1.87792491913,331.461303711,-126.527580261,69.0517807007,-13.6146402359,37.8646354675,-53.1789207458,41.3288536072,-20.2011756897,-5.41600799561,-15.0851221085],[-503.927764893,280.548156738,25.5270290375,-126.527580261,245.686126709,-15.8954668045,83.3954391479,-23.7285556793,37.538974762,-45.2955856323,12.694188118,6.58387088776,25.2725296021],[188.831542969,-141.416122437,36.0185775757,69.0517807007,-15.8954668045,147.471954346,-1.1241697073,29.3416690826,-25.7176380157,10.5851535797,-14.153427124,10.1776676178,-9.04871273041],[-385.269500732,91.897102356,43.2378997803,-13.6146402359,83.3954391479,-1.1241697073,122.988250732,3.23393297195,29.1298599243,-12.6341371536,8.59535694122,0.93853521347,24.1768722534],[67.5116043091,-86.6270065308,42.207901001,37.8646354675,-23.7285556793,29.3416690826,3.23393297195,90.5195617676,16.5135250092,26.6095428467,-2.35409903526,14.8065748215,-6.45331335068],[-234.588684082,104.501327515,13.5027770996,-53.1789207458,37.538974762,-25.7176380157,29.1298599243,16.5135250092,91.4169387817,16.5811157227,26.0694065094,4.13152933121,15.7645292282],[120.708557129,-82.7796096802,12.220662117,41.3288536072,-45.2955856323,10.5851535797,-12.6341371536,26.6095428467,16.5811157227,74.4987258911,21.9205513,15.4174423218,0.443330079317],[-53.9242668152,55.7640342712,0.616608381271,-20.2011756897,12.694188118,-14.153427124,8.59535694122,-2.35409903526,26.0694065094,21.9205513,63.1606674194,15.8591747284,16.4392948151],[-6.0199508667,-4.3568444252,15.5577859879,-5.41600799561,6.58387088776,10.1776676178,0.93853521347,14.8065748215,4.13152933121,15.4174423218,15.8591747284,62.1366653442,23.6956672668],[-127.900413513,53.9466056824,7.21313142776,-15.0851221085,25.2725296021,-9.04871273041,24.1768722534,-6.45331335068,15.7645292282,0.443330079317,16.4392948151,23.6956672668,56.7525863647]],"icov":[[0.000236211126321,-0.0000142323151522,0.000278566381894,-0.000214615909499,0.000102149184386,-0.000178028931259,0.000465617427835,-0.000160735769896,0.000271460041404,-0.000133816472953,-0.0000772486455389,-0.0000290127936751,0.000123038727907],[-0.0000142323151522,0.00175076525193,0.00102982809767,0.000760031631216,-0.00118113786448,0.000594204000663,-0.000412035034969,0.000264614529442,-0.000889374874532,0.000804775976576,-0.000723021163139,0.000092420312285,-0.000387207081076],[0.000278566381894,0.00102982809767,0.00355659192428,0.000440684350906,-0.000634759024251,-0.000338062469382,-0.000584121327847,-0.00106501567643,-0.0000496809843753,-0.0000293303673971,-0.000356242526323,-0.000220261514187,-0.000120333963423],[-0.000214615909499,0.000760031631216,0.000440684350906,0.00537165207788,0.00147147732787,-0.000937574426644,-0.00227726972662,-0.00091155275004,0.00197154283524,-0.00166787102353,0.000331711780746,0.00117928360123,-0.000895684119314],[0.000102149184386,-0.00118113786448,-0.000634759024251,0.00147147732787,0.00826505851001,-0.00128352479078,-0.00368832214735,0.000748951046262,-0.000546420924366,0.00257336138748,-0.000252308527706,-0.00123195536435,0.000315130222589],[-0.000178028931259,0.000594204000663,-0.000338062469382,-0.000937574426644,-0.00128352479078,0.00885787419975,-0.000601746025495,-0.00185333553236,0.00166140159126,-0.000297750870232,0.000855676014908,-0.00136666977778,0.000720786396414],[0.000465617427835,-0.000412035034969,-0.000584121327847,-0.00227726972662,-0.00368832214735,-0.000601746025495,0.0136515414342,-0.0012939972803,-0.00185943755787,0.000894042197615,-0.000327507732436,0.00195953971706,-0.00372009002604],[-0.000160735769896,0.000264614529442,-0.00106501567643,-0.00091155275004,0.000748951046262,-0.00185333553236,-0.0012939972803,0.0159129295498,-0.00507562374696,-0.00276116048917,0.00280223600566,-0.00436793360859,0.0034544498194],[0.000271460041404,-0.000889374874532,-0.0000496809843753,0.00197154283524,-0.000546420924366,0.00166140159126,-0.00185943755787,-0.00507562374696,0.0183055642992,-0.00522022647783,-0.00367177114822,0.00317683047615,-0.00259615317918],[-0.000133816472953,0.000804775976576,-0.0000293303673971,-0.00166787102353,0.00257336138748,-0.000297750870232,0.000894042197615,-0.00276116048917,-0.00522022647783,0.0222190059721,-0.0072091720067,-0.00355457793921,0.00145445147064],[-0.0000772486455389,-0.000723021163139,-0.000356242526323,0.000331711780746,-0.000252308527706,0.000855676014908,-0.000327507732436,0.00280223600566,-0.00367177114822,-0.0072091720067,0.0224702488631,-0.00340513605624,-0.00265731127001],[-0.0000290127936751,0.000092420312285,-0.000220261514187,0.00117928360123,-0.00123195536435,-0.00136666977778,0.00195953971706,-0.00436793360859,0.00317683047615,-0.00355457793921,-0.00340513605624,0.0230979882181,-0.0103248655796],[0.000123038727907,-0.000387207081076,-0.000120333963423,-0.000895684119314,0.000315130222589,0.000720786396414,-0.00372009002604,0.0034544498194,-0.00259615317918,0.00145445147064,-0.00265731127001,-0.0103248655796,0.0257854983211]],"mean":[-637.757568359,157.404449463,-34.9934425354,24.3811016083,10.7200965881,28.8065700531,2.97034454346,7.69512891769,-1.24129939079,7.2053027153,4.28176832199,7.98691082001,3.5678396225]},"pitch_salience":{"dmean":0.0954210311174,"dmean2":0.153624564409,"dvar":0.00748834805563,"dvar2":0.018165031448,"max":0.945874094963,"mean":0.503406524658,"median":0.527565717697,"min":0.0504701025784,"var":0.0226875543594},"silence_rate_20dB":{"dmean":0,"dmean2":0,"dvar":0,"dvar2":0,"max":1,"mean":1,"median":1,"min":1,"var":0},"silence_rate_30dB":{"dmean":0.130097791553,"dmean2":0.260214418173,"dvar":0.113179467618,"dvar2":0.224512442946,"max":1,"mean":0.869477033615,"median":1,"min":0,"var":0.113496772945},"silence_rate_60dB":{"dmean":0.00217312574387,"dmean2":0.00434656627476,"dvar":0.00216758460738,"dvar2":0.00490733236074,"max":1,"mean":0.0273794010282,"median":0,"min":0,"var":0.0266278181225},"spectral_centroid":{"dmean":214.944030762,"dmean2":323.667633057,"dvar":57239.1992188,"dvar2":110870.007812,"max":11705.0634766,"mean":1435.2286377,"median":1330.9777832,"min":256.628601074,"var":405696.65625},"spectral_complexity":{"dmean":4.15385723114,"dmean2":6.13619232178,"dvar":15.0994472504,"dvar2":28.904214859,"max":65,"mean":28.2239608765,"median":29,"min":0,"var":140.647689819},"spectral_contrast_coeffs":{"dmean":[0.0527739524841,0.0490769073367,0.0368882529438,0.0275815408677,0.0238825455308,0.0369099788368],"dmean2":[0.0875984206796,0.0822685956955,0.0625341311097,0.0465419776738,0.0396103076637,0.0570083074272],"dvar":[0.00174349278677,0.00145680410787,0.000837022729684,0.000450679217465,0.000411065120716,0.00112479599193],"dvar2":[0.00472524389625,0.0041266111657,0.00232230289839,0.00130005297251,0.00111514271703,0.00258116563782],"max":[-0.430299729109,-0.487214148045,-0.610322833061,-0.658705174923,-0.627417325974,-0.48239299655],"mean":[-0.736081600189,-0.776783943176,-0.80713224411,-0.805294632912,-0.797450661659,-0.733473002911],"median":[-0.742454469204,-0.782907187939,-0.810559868813,-0.806946158409,-0.797923982143,-0.725187599659],"min":[-0.972970366478,-0.973584711552,-0.976597726345,-0.971337616444,-0.966957390308,-0.963379442692],"var":[0.00471732951701,0.00368744181469,0.00199983105995,0.00122515647672,0.00132885016501,0.00672032358125]},"spectral_contrast_valleys":{"dmean":[0.405099511147,0.364360630512,0.311110526323,0.24575997889,0.307409614325,0.5383015275],"dmean2":[0.665249109268,0.594848096371,0.504035294056,0.390081197023,0.45515370369,0.848624527454],"dvar":[0.105458423495,0.0871373713017,0.065339691937,0.0486865714192,0.107810176909,0.222666591406],"dvar2":[0.270366489887,0.222488969564,0.15932162106,0.106986112893,0.228297039866,0.588910460472],"max":[-4.81500530243,-4.58153963089,-5.1367521286,-5.11594057083,-5.52230644226,-8.80710983276],"mean":[-6.60047960281,-6.45647668839,-6.66162014008,-6.60002088547,-7.40325689316,-10.8761005402],"median":[-6.44645595551,-6.28728294373,-6.47339582443,-6.33805465698,-7.12869596481,-10.7337417603],"min":[-28.3380146027,-27.7895126343,-27.7724952698,-27.5612812042,-27.4422836304,-27.4183692932],"var":[1.32341182232,1.39489269257,1.307330966,1.43857514858,1.72278749943,1.21229147911]},"spectral_decrease":{"dmean":7.78976527727e-9,"dmean2":1.25824302089e-8,"dvar":1.40105469874e-16,"dvar2":3.4427317975e-16,"max":1.12038813782e-8,"mean":-1.23458478996e-8,"median":-9.14696141052e-9,"min":-1.04227005693e-7,"var":1.63560434223e-16},"spectral_energy":{"dmean":0.0298765171319,"dmean2":0.0480636283755,"dvar":0.00200149370357,"dvar2":0.00492603331804,"max":0.41023054719,"mean":0.0627373307943,"median":0.0520610809326,"min":9.9931374763e-21,"var":0.00250757997856},"spectral_energyband_high":{"dmean":0.000456683977973,"dmean2":0.000640369020402,"dvar":9.13900464639e-7,"dvar2":0.00000191023991647,"max":0.0251745432615,"mean":0.00117157574277,"median":0.000658285105601,"min":7.25790564556e-21,"var":0.00000268044641416},"spectral_energyband_low":{"dmean":0.0239600036293,"dmean2":0.0393939763308,"dvar":0.00143251253758,"dvar2":0.0036383648403,"max":0.32672727108,"mean":0.0325177796185,"median":0.0197181068361,"min":1.84582754868e-23,"var":0.00155650696252},"spectral_energyband_middle_high":{"dmean":0.00330054713413,"dmean2":0.00519482605159,"dvar":0.0000161284497153,"dvar2":0.0000408359919675,"max":0.0725536346436,"mean":0.0108032654971,"median":0.00949635356665,"min":1.17812390238e-21,"var":0.0000738837989047},"spectral_energyband_middle_low":{"dmean":0.00403186026961,"dmean2":0.00649281544611,"dvar":0.000039286154788,"dvar2":0.00010073291196,"max":0.0984237864614,"mean":0.00891475845128,"median":0.00636601541191,"min":2.33272783484e-22,"var":0.0000752901396481},"spectral_entropy":{"dmean":0.128166347742,"dmean2":0.19196125865,"dvar":0.0151298223063,"dvar2":0.0339022129774,"max":9.81863307953,"mean":7.67731142044,"median":7.69580364227,"min":6.6571688652,"var":0.0767774730921},"spectral_flux":{"dmean":0.0431594513357,"dmean2":0.0713629126549,"dvar":0.00295169861056,"dvar2":0.00747097562999,"max":0.490070343018,"mean":0.141412287951,"median":0.13237901032,"min":6.42030595355e-11,"var":0.00535747455433},"spectral_kurtosis":{"dmean":5.58243274689,"dmean2":8.56956958771,"dvar":49.0576133728,"dvar2":121.27620697,"max":109.173576355,"mean":21.6294403076,"median":18.6102638245,"min":-1.26501011848,"var":147.864181519},"spectral_rms":{"dmean":0.00160784821492,"dmean2":0.00249894196168,"dvar":0.00000376013213099,"dvar2":0.00000873732096807,"max":0.0200056228787,"mean":0.00727034173906,"median":0.00712680118158,"min":3.12240337752e-12,"var":0.00000834916409076},"spectral_rolloff":{"dmean":5167.38330078,"dmean2":9757.89160156,"dvar":59193820,"dvar2":129558544,"max":22050,"mean":9704.53320312,"median":3036.18164062,"min":43.06640625,"var":89449368},"spectral_skewness":{"dmean":0.405574679375,"dmean2":0.605795502663,"dvar":0.20731882751,"dvar2":0.485687166452,"max":7.94248771667,"mean":3.07233691216,"median":2.89111280441,"min":-0.0624663382769,"var":0.966960966587},"spectral_spread":{"dmean":457669.1875,"dmean2":707571.6875,"dvar":249348997120,"dvar2":568928305152,"max":42254168,"mean":3692810.75,"median":3550793,"min":1513983.75,"var":2657023688700},"spectral_strongpeak":{"dmean":2.93566012383,"dmean2":5.55628442764,"dvar":187.332992554,"dvar2":524.532287598,"max":259.522918701,"mean":2.23705196381,"median":0.214185446501,"min":0,"var":147.987579346},"zerocrossingrate":{"dmean":0.041277397424,"dmean2":0.0513163283467,"dvar":0.00136460643262,"dvar2":0.00216834829189,"max":0.8359375,"mean":0.242447733879,"median":0.2314453125,"min":0.03515625,"var":0.00823323149234}},"metadata":{"audio_properties":{"analysis_sample_rate":44100,"bit_rate":268627,"codec":"mp3","downmix":"mix","equal_loudness":0,"length":320.5496521,"lossless":false,"md5_encoded":"135f64e373cfde9556682ec5b384a4a8","replay_gain":-9.18018722534,"sample_rate":44100},"tags":{"album":["The World Needs a Hero"],"albumartist":["Megadeth"],"albumartistsort":["Megadeth"],"artist":["Megadeth"],"artistsort":["Megadeth"],"asin":["B00005EBQE"],"barcode":["060768450325"],"catalognumber":["0607684503-2"],"date":["2001"],"discnumber":["1/1"],"encoding":["LAME v3.97"],"file_name":"05. Megadeth - Burning Bridges.mp3","genre":["Thrash Metal"],"isrc":["GBAJE0100019"],"label":["Sanctuary Records"],"musicbrainz album release country":["US"],"musicbrainz album status":["official"],"musicbrainz album type":["album"],"musicbrainz_albumartistid":["a9044915-8be3-4c7e-b11f-9e2d2ea0a91e"],"musicbrainz_albumid":["771f1527-4c83-4f68-b85e-676cb1235536"],"musicbrainz_artistid":["a9044915-8be3-4c7e-b11f-9e2d2ea0a91e"],"musicbrainz_recordingid":["e0846065-b93a-474c-b3b7-f8ed69b2c4fd"],"musicip_puid":["e4fb35d4-b5fd-9288-84c0-16aa18ce9623"],"replaygain_track_gain":["-9.90 dB"],"title":["Burning Bridges"],"tracknumber":["5/12"]},"version":{"essentia":"2.1-beta1","essentia_build_sha":"ca57ba49d9b1854bd80e60cf9ccf267278fb7d6b","essentia_git_sha":"v2.1_beta1-28-g21ef5f4-dirty","extractor":"music 1.0"}},"rhythm":{"beats_count":839,"beats_loudness":{"dmean":0.0349424257874,"dmean2":0.0632837563753,"dvar":0.00115432380699,"dvar2":0.00326418620534,"max":0.256405621767,"mean":0.0681692436337,"median":0.0629934221506,"min":1.33979061179e-9,"var":0.00147358281538},"beats_loudness_band_ratio":{"dmean":[0.254583090544,0.0729135945439,0.0476994663477,0.0678931251168,0.0557194575667,0.0926891490817],"dmean2":[0.460649609566,0.13234911859,0.0852835774422,0.119307763875,0.0979812145233,0.166079282761],"dvar":[0.0314926095307,0.00510767707601,0.0034773608204,0.00391680281609,0.00203656917438,0.00703292153776],"dvar2":[0.0938525795937,0.0151150599122,0.0100113125518,0.0119717530906,0.006187753286