{"lowlevel":{"average_loudness":0.94380992651,"barkbands":{"dmean":[0.00824034307152,0.0187523532659,0.00284472759813,0.000891017494723,0.00117405189667,0.00202577910386,0.000940731493756,0.00055937981233,0.00116328417789,0.00129160680808,0.00133054121397,0.00108683912549,0.000793134793639,0.000684273254592,0.000295120029477,0.000258286047028,0.000151596512296,0.00010631299665,0.0000871405645739,0.0000597774705966,0.0000618601698079,0.0000323260428559,0.0000137117540362,0.00000611283940088,0.00000393181426261,0.00000557254952582,0.00027740673977],"dmean2":[0.0140345254913,0.0313123613596,0.00480949087068,0.00151941203512,0.00193648925051,0.0031132621225,0.00149484036956,0.000918351288419,0.00189472106285,0.00208037206903,0.00216027558781,0.00176279444713,0.00130712008104,0.00112608843483,0.000476694694953,0.000424431782449,0.000243377886363,0.000164739409229,0.000131991197122,0.0000871623924468,0.0000891800373211,0.0000462206044176,0.0000193062296603,0.00000939439178183,0.00000644985493636,0.00000852188441058,0.00042371993186],"dvar":[0.000272518838756,0.00101528002415,0.0000223364459089,0.00000203295894607,0.00000338656991516,0.0000365364503523,0.00000441343308921,0.00000158453212862,0.00000766549419495,0.0000103631082311,0.0000107935838969,0.0000034026229514,0.00000188190028894,0.0000017827190959,2.55581312558e-7,1.40126999781e-7,5.70501867969e-8,5.73811895777e-8,3.29455431824e-8,3.45563009319e-8,2.37532091774e-8,5.08922282094e-9,5.94552296285e-10,9.0147396492e-11,3.74408837267e-11,5.66768403043e-11,8.44082563844e-8],"dvar2":[0.000700697361026,0.00269395625219,0.0000613531738054,0.00000555665519641,0.00000868398274179,0.0000801299829618,0.00000950468438532,0.00000385382054446,0.0000193595224118,0.0000244382845267,0.0000280916974589,0.00000845508111524,0.00000486786848342,0.00000432566230302,5.92531421262e-7,3.60771906571e-7,1.37062926342e-7,1.2306061592e-7,6.9327619201e-8,4.85341793421e-8,4.94823915176e-8,1.02828696669e-8,1.13760711962e-9,1.88450893779e-10,9.16588194233e-11,1.23420815235e-10,2.01355746299e-7],"max":[0.201826930046,0.395077139139,0.08078674227,0.0275844559073,0.0338027663529,0.131626948714,0.0589623562992,0.0608476214111,0.066975556314,0.0856677442789,0.086551502347,0.0501252450049,0.0373245961964,0.0480848364532,0.0133777558804,0.00725384568796,0.00426754588261,0.00576726393774,0.00750259123743,0.0239998456091,0.00810152757913,0.00210758834146,0.000731159700081,0.000161758580361,0.0000869227878866,0.000145768673974,0.00645633181557],"mean":[0.00821230746806,0.0239384453744,0.00364195252769,0.0010629176395,0.00176501309033,0.00318076368421,0.00141831615474,0.00082818523515,0.00177306123078,0.0018284060061,0.00192580325529,0.00180380512029,0.00140090624336,0.00123609707225,0.000551196630113,0.000466806872282,0.000286795169814,0.000191945320694,0.000171431296621,0.000126104307128,0.00010985352128,0.000051701645134,0.000021511945306,0.00000760491411711,0.00000418459194407,0.00000835119772091,0.00096305977786],"median":[0.00316089834087,0.0132283000275,0.00212283851579,0.000593978969846,0.00103706226218,0.000795143831056,0.0006223032251,0.000434345740359,0.000833310070448,0.000800371752121,0.000771260529291,0.00103169423528,0.000846605049446,0.000703218800481,0.000354324583896,0.000308675429551,0.000184046686627,0.0000884346663952,0.0000819249617052,0.0000632101946394,0.0000486348362756,0.0000217049982894,0.00000936648848437,0.00000302639978145,0.00000193334517462,0.00000485556029162,0.000828881864436],"min":[1.5459202389e-25,3.13602344312e-24,1.85310191119e-24,7.81937171664e-25,9.83927747737e-24,9.3694989754e-24,1.20331414644e-23,6.48152416645e-24,2.14203692998e-23,1.5291267165e-23,1.40649686884e-23,3.73549619994e-23,3.4735331638e-23,5.24537881243e-23,3.73187879937e-23,5.79651143515e-23,5.44713945527e-23,1.11549627298e-22,1.41287992107e-22,1.60575754836e-22,2.05800948584e-22,3.32193643835e-22,4.14064960728e-22,5.22730689261e-22,9.02743541315e-22,1.33675779722e-21,1.93058663922e-21],"var":[0.000242220427026,0.0010289310012,0.0000227576347243,0.00000215126078729,0.00000506145488544,0.000085575695266,0.00000884142355062,0.00000246465333475,0.0000126789991555,0.0000155200032168,0.0000173794069269,0.00000665729794491,0.00000364728725799,0.00000422734046879,5.70615554807e-7,2.52713590498e-7,1.0760661695e-7,1.06522293208e-7,7.99489185965e-8,1.36070838153e-7,4.40918093148e-8,8.31711499671e-9,1.10759890148e-9,1.42330314201e-10,4.14891905554e-11,9.89387113903e-11,4.79315644952e-7]},"barkbands_crest":{"dmean":3.38055992126,"dmean2":5.49668741226,"dvar":8.02403831482,"dvar2":20.6609630585,"max":24.7361164093,"mean":11.2443523407,"median":10.8303117752,"min":2.42986273766,"var":21.7147769928},"barkbands_flatness_db":{"dmean":0.0296800322831,"dmean2":0.0468640513718,"dvar":0.000714583380613,"dvar2":0.0017827184638,"max":0.366962462664,"mean":0.142305731773,"median":0.136392891407,"min":0.025734225288,"var":0.00212169904262},"barkbands_kurtosis":{"dmean":6.52586746216,"dmean2":10.4464073181,"dvar":174.853820801,"dvar2":399.49432373,"max":332.933258057,"mean":8.67645168304,"median":3.70062637329,"min":-1.57518219948,"var":274.195281982},"barkbands_skewness":{"dmean":0.845563828945,"dmean2":1.32171666622,"dvar":0.925849378109,"dvar2":2.13951396942,"max":16.3421897888,"mean":2.17310595512,"median":1.7939234972,"min":-2.92828083038,"var":2.50395011902},"barkbands_spread":{"dmean":7.93983078003,"dmean2":12.4925832748,"dvar":55.5455169678,"dvar2":136.290359497,"max":98.5098495483,"mean":27.4712162018,"median":26.2612075806,"min":0.934374511242,"var":191.336654663},"dissonance":{"dmean":0.0177604388446,"dmean2":0.0303660333157,"dvar":0.000336040218826,"dvar2":0.000919478421565,"max":0.500000059605,"mean":0.473283797503,"median":0.480503976345,"min":0.284428268671,"var":0.00057569774799},"dynamic_complexity":2.05010771751,"erbbands":{"dmean":[0.974609315395,2.82199978828,3.74857187271,2.67791461945,3.5848441124,3.89541959763,7.95234537125,19.4914054871,13.77983284,15.2391214371,13.0296554565,28.2225589752,29.257106781,45.5642318726,46.8142623901,44.1682815552,37.2389030457,37.2047424316,16.7872982025,13.8334379196,12.0586776733,8.04961109161,5.90018606186,4.51738929749,4.22417640686,2.77038359642,2.34698224068,2.41367268562,1.24270486832,0.761913955212,0.331195890903,0.159393906593,0.0886957421899,0.0473632365465,0.0265798848122,0.017024744302,0.0106776617467,0.00990076828748,0.00876259058714,0.00824126601219],"dmean2":[1.65726733208,4.68070888519,6.25655794144,4.5302772522,5.99439477921,6.42363071442,12.7760629654,30.1041946411,21.4021053314,24.569524765,21.2214984894,46.1886367798,46.7360038757,73.4430618286,75.2677841187,71.7318344116,61.1425437927,61.1937522888,26.9323692322,22.4018192291,19.6025066376,12.8193969727,9.12161254883,6.82243824005,6.32783460617,4.02635908127,3.41367554665,3.5113492012,1.78250718117,1.06744968891,0.469384938478,0.239367559552,0.13821528852,0.0766676962376,0.0439977049828,0.0273155849427,0.016291860491,0.0136285731569,0.0118731390685,0.0123637234792],"dvar":[3.40981602669,18.187335968,30.2084102631,21.8184452057,29.5371742249,46.2670249939,386.233886719,4250.21337891,1494.12182617,1571.53308105,746.941101074,4742.02197266,5627.17529297,12445.8476562,10599.2548828,6071.62597656,3928.21899414,5258.81396484,877.738769531,500.989471436,374.198669434,165.754333496,156.779388428,110.293060303,93.6062850952,85.4295730591,35.3151321411,36.679019928,8.05366706848,2.38402342796,0.315312802792,0.0655610561371,0.018312914297,0.00516428658739,0.00181355513632,0.00062612775946,0.000209658304811,0.000236820356804,0.000185439319466,0.000065518070187],"dvar2":[9.25981998444,47.3565483093,80.8995513916,60.2213172913,77.5275268555,120.442230225,911.284057617,9352.71777344,2981.73608398,3796.20117188,1887.02075195,12017.3789062,13227.4970703,29699.9980469,27604.9316406,15094.8330078,10321.203125,12826.5507812,1969.30957031,1247.61450195,962.308532715,388.864227295,339.879730225,233.424499512,169.097229004,129.941986084,72.5981216431,79.173034668,16.4719772339,4.69946098328,0.596413493156,0.132327526808,0.0396063737571,0.0123666832224,0.0044926321134,0.00150427164044,0.00044921200606,0.000443331286078,0.0003286661522,0.000145621786942],"max":[22.0956726074,46.8305892944,69.7481079102,89.6831970215,108.076828003,168.833480835,533.675537109,1569.23571777,1079.55151367,1888.66040039,818.307556152,1991.88830566,2252.78295898,3019.42285156,2446.39575195,2128.41601562,1479.58666992,2469.63134766,865.69519043,773.58380127,465.024780273,256.640625,346.099121094,219.88432312,879.063354492,1169.25292969,502.860565186,175.161911011,98.6571044922,51.2140541077,14.1383571625,5.65416049957,1.94879174232,1.02541124821,0.599369525909,0.377579420805,0.254757642746,0.477675259113,0.300457149744,0.177039414644],"mean":[1.0940785408,3.75251507759,5.18745565414,3.60421538353,4.90292453766,5.61638212204,11.441409111,30.7230625153,21.9940319061,22.61759758,21.1619491577,42.6099433899,45.0244636536,69.3370437622,76.3053436279,78.1842880249,70.431098938,70.1984939575,35.0323867798,27.6219673157,22.8318595886,16.2034931183,11.4298439026,8.73192119598,8.4765329361,5.9539642334,4.62077188492,3.94449782372,2.00290465355,1.19602096081,0.514701068401,0.21136637032,0.105868324637,0.0519596859813,0.0274220071733,0.0200819391757,0.0162516850978,0.0239873118699,0.0332959219813,0.0372208058834],"median":[0.479840010405,2.25707793236,3.21048641205,2.25155687332,2.86375594139,3.08172821999,4.5004324913,6.87629175186,8.29592418671,9.51307678223,11.9542694092,19.6424503326,21.9853916168,31.5287380219,37.5120124817,46.7132263184,43.3949546814,41.4778366089,22.8051986694,18.9999065399,14.3993701935,10.601723671,5.99185848236,3.76831245422,4.03459215164,3.04569387436,2.32424926758,1.61460614204,0.854886054993,0.500713765621,0.225235447288,0.0859009101987,0.0422379784286,0.0231808386743,0.0121570602059,0.0103832297027,0.00946771819144,0.0151418084279,0.0216837637126,0.034189697355],"min":[9.39872674525e-23,8.28449353324e-22,3.25981781988e-21,5.1056697412e-21,6.06950842654e-21,3.18751625667e-20,6.11061647571e-20,8.19043869512e-20,2.40509845834e-19,1.81923240911e-19,2.1574360593e-19,5.95916991606e-19,5.47721675107e-19,6.80186688594e-19,1.13444129718e-18,1.54068106974e-18,1.94668044293e-18,2.82526888299e-18,3.10241574723e-18,2.86727435527e-18,3.69994082964e-18,4.01204393297e-18,6.25654144967e-18,6.63444056688e-18,9.6265013214e-18,7.66337011724e-18,9.19184851519e-18,1.0243892387e-17,1.21704861963e-17,1.18960665466e-17,1.15750584304e-17,1.05813200384e-17,1.00716146536e-17,7.97669537993e-18,6.94843543227e-18,4.50293550826e-18,2.55400141175e-18,9.14837045463e-19,2.32133970047e-19,2.82598372214e-20],"var":[3.06770181656,20.8483123779,37.1530685425,21.1386356354,38.6813735962,64.9370346069,642.182495117,10146.2246094,3607.85888672,2558.49584961,1218.99719238,7468.31054688,9113.69238281,18934.5625,17906.1582031,11969.1708984,8056.16943359,12467.5380859,2314.98535156,985.485473633,654.647033691,328.179229736,300.348754883,217.864929199,320.560302734,304.294189453,78.5232315063,57.6646957397,13.0273513794,3.94808197021,0.615285038948,0.110656999052,0.0271597784013,0.00614324770868,0.00192335958127,0.000774163985625,0.000370762863895,0.000699647178408,0.00112994178198,0.000461069459561]},"erbbands_crest":{"dmean":2.7819082737,"dmean2":4.61312770844,"dvar":7.28670978546,"dvar2":18.4638366699,"max":30.5052757263,"mean":8.85534381866,"median":7.74345350266,"min":2.0656106472,"var":17.5385799408},"erbbands_flatness_db":{"dmean":0.0224882885814,"dmean2":0.0344834290445,"dvar":0.000374152179575,"dvar2":0.000838173786178,"max":0.312758624554,"mean":0.152614548802,"median":0.150176808238,"min":0.0295040104538,"var":0.00158390367869},"erbbands_kurtosis":{"dmean":1.09786450863,"dmean2":1.76259756088,"dvar":1.78528988361,"dvar2":4.49807786942,"max":28.3305702209,"mean":1.31285452843,"median":0.871999025345,"min":-1.58551561832,"var":3.60813975334},"erbbands_skewness":{"dmean":0.352015674114,"dmean2":0.558703243732,"dvar":0.0957733467221,"dvar2":0.233522340655,"max":3.65336728096,"mean":-0.0643102899194,"median":-0.130836322904,"min":-2.95166993141,"var":0.385114580393},"erbbands_spread":{"dmean":6.07258605957,"dmean2":9.28922462463,"dvar":35.5476417542,"dvar2":76.8714599609,"max":108.617881775,"mean":23.8149623871,"median":21.4985847473,"min":2.56425285339,"var":139.278015137},"gfcc":{"cov":[[10429.3330078,439.204406738,-894.901367188,141.103012085,-10.4943590164,-103.665382385,94.8600845337,-142.519851685,58.8535118103,-94.7028198242,-11.3980026245,49.7191429138,23.9715328217],[439.204406738,564.979675293,-37.0851097107,-161.955459595,129.281356812,-76.8703994751,28.5900764465,-15.8179693222,43.7133750916,15.9548034668,39.2786254883,-32.8773841858,57.7266235352],[-894.901367188,-37.0851097107,416.229370117,129.108154297,-29.3194198608,120.664146423,-79.4101638794,111.956771851,-30.1769676208,65.4289321899,17.1492099762,-2.00159311295,5.94567108154],[141.103012085,-161.955459595,129.108154297,318.54083252,16.4259147644,5.71575069427,73.0344009399,20.6671028137,1.03432095051,3.98196053505,-13.8623971939,23.4832725525,-31.1564655304],[-10.4943590164,129.281356812,-29.3194198608,16.4259147644,200.31036377,3.18469500542,90.6790618896,-17.0107192993,16.2065162659,-10.0767831802,4.82358837128,-26.5333366394,1.58530426025],[-103.665382385,-76.8703994751,120.664146423,5.71575069427,3.18469500542,220.667053223,-40.8515586853,63.9224777222,-29.1832485199,1.49543607235,-7.86816501617,7.21005153656,6.46556520462],[94.8600845337,28.5900764465,-79.4101638794,73.0344009399,90.6790618896,-40.8515586853,182.603973389,-29.826128006,42.8432769775,-18.0079708099,-6.96540689468,1.02050316334,-16.5259799957],[-142.519851685,-15.8179693222,111.956771851,20.6671028137,-17.0107192993,63.9224777222,-29.826128006,138.418029785,5.89258146286,36.4082641602,5.77402257919,-9.17240333557,17.2022819519],[58.8535118103,43.7133750916,-30.1769676208,1.03432095051,16.2065162659,-29.1832485199,42.8432769775,5.89258146286,96.282081604,36.7469062805,15.1694660187,3.05995631218,-11.7700395584],[-94.7028198242,15.9548034668,65.4289321899,3.98196053505,-10.0767831802,1.49543607235,-18.0079708099,36.4082641602,36.7469062805,84.5209732056,37.0018730164,-3.16990351677,3.23165130615],[-11.3980026245,39.2786254883,17.1492099762,-13.8623971939,4.82358837128,-7.86816501617,-6.96540689468,5.77402257919,15.1694660187,37.0018730164,54.5475883484,20.2895851135,11.0227146149],[49.7191429138,-32.8773841858,-2.00159311295,23.4832725525,-26.5333366394,7.21005153656,1.02050316334,-9.17240333557,3.05995631218,-3.16990351677,20.2895851135,73.7450485229,26.9703540802],[23.9715328217,57.7266235352,5.94567108154,-31.1564655304,1.58530426025,6.46556520462,-16.5259799957,17.2022819519,-11.7700395584,3.23165130615,11.0227146149,26.9703540802,61.9431152344]],"icov":[[0.000191773098777,-0.000478085188661,0.000904308515601,-0.000765954959206,0.000341049628332,-0.000445951794973,0.00032993638888,-0.00010326966003,0.000172182000824,-0.000253403093666,-0.000043764419388,0.0000352088645741,0.0000921804457903],[-0.000478085188661,0.00485706701875,-0.00349621311761,0.00367194763385,-0.00268609193154,0.00246579269879,-0.00109923805576,0.000879485392943,-0.00259530660696,0.0024684520904,-0.00224191555753,0.00250714574941,-0.00419965432957],[0.000904308515601,-0.00349621311761,0.00976916123182,-0.0066489665769,0.00206393958069,-0.00423955544829,0.00352578377351,-0.00242896215059,0.00313916918822,-0.00482632312924,-0.0000975107468548,0.000192642284674,0.00141288677696],[-0.000765954959206,0.00367194763385,-0.0066489665769,0.00979219563305,-0.00291543663479,0.00379026774317,-0.00435759499669,-0.000295289384667,0.0000148332610479,0.00042556624976,0.00283706071787,-0.00415264489129,0.00232022558339],[0.000341049628332,-0.00268609193154,0.00206393958069,-0.00291543663479,0.00987356342375,-0.00319377449341,-0.00339450431056,0.00121727003716,0.000146239850437,0.00131892156787,-0.00382550340146,0.00553797511384,-0.00222781533375],[-0.000445951794973,0.00246579269879,-0.00423955544829,0.00379026774317,-0.00319377449341,0.00828266516328,-0.00026144698495,-0.00236629974097,0.000485449156258,0.00132540764753,0.00202369969338,-0.00305160647258,0.000984281068668],[0.00032993638888,-0.00109923805576,0.00352578377351,-0.00435759499669,-0.00339450431056,-0.00026144698495,0.0114591624588,-0.000282388966298,-0.00360828242265,0.00146827008575,0.000534842489287,-0.000987831386738,0.00118901580572],[-0.00010326966003,0.000879485392943,-0.00242896215059,-0.000295289384667,0.00121727003716,-0.00236629974097,-0.000282388966298,0.0121310343966,-0.00294497702271,-0.0015330677852,-0.000506237207446,0.00528670148924,-0.00661483220756],[0.000172182000824,-0.00259530660696,0.00313916918822,0.0000148332610479,0.000146239850437,0.000485449156258,-0.00360828242265,-0.00294497702271,0.0196392685175,-0.0124976718798,0.00483722565696,-0.00732091534883,0.00856946408749],[-0.000253403093666,0.0024684520904,-0.00482632312924,0.00042556624976,0.00131892156787,0.00132540764753,0.00146827008575,-0.0015330677852,-0.0124976718798,0.0306486096233,-0.0198398176581,0.0106060476974,-0.00594083033502],[-0.000043764419388,-0.00224191555753,-0.0000975107468548,0.00283706071787,-0.00382550340146,0.00202369969338,0.000534842489287,-0.000506237207446,0.00483722565696,-0.0198398176581,0.0388026311994,-0.0175998024642,0.00642492063344],[0.0000352088645741,0.00250714574941,0.000192642284674,-0.00415264489129,0.00553797511384,-0.00305160647258,-0.000987831386738,0.00528670148924,-0.00732091534883,0.0106060476974,-0.0175998024642,0.0312935784459,-0.018450172618],[0.0000921804457903,-0.00419965432957,0.00141288677696,0.00232022558339,-0.00222781533375,0.000984281068668,0.00118901580572,-0.00661483220756,0.00856946408749,-0.00594083033502,0.00642492063344,-0.018450172618,0.0319901332259]],"mean":[17.5177097321,102.51272583,-99.4810028076,-8.05599403381,-4.55843496323,-5.46109580994,11.3145103455,-16.4999713898,2.91557359695,-4.62496376038,0.789548039436,-3.05772900581,-1.00126385689]},"hfc":{"dmean":67.0847396851,"dmean2":102.007926941,"dvar":8087.12255859,"dvar2":16459.859375,"max":2933.94067383,"mean":241.401733398,"median":204.278259277,"min":1.09690627703e-16,"var":27447.6210938},"melbands":{"dmean":[0.00695868302137,0.00238470360637,0.00046834393288,0.000267779396381,0.000251122255577,0.000421107339207,0.000205814110814,0.000153552929987,0.000128366882564,0.000173778607859,0.000151056956383,0.000189665559446,0.000185001234058,0.000119566670037,0.000112287059892,0.0000687415740686,0.0000740625982871,0.0000300128776871,0.0000194444182853,0.0000204371408472,0.0000138659515869,0.00000932717739488,0.00000737528262107,0.00000453891971119,0.0000038701473386,0.00000355616020897,0.00000267938867182,0.00000183453107638,0.00000149242418956,0.00000170127884758,0.00000136076937451,7.42835595702e-7,5.77383673317e-7,3.75411360665e-7,2.11622932511e-7,1.25392901396e-7,8.68732641379e-8,6.46200533083e-8,5.10439193135e-8,3.63601628806e-8],"dmean2":[0.0117080062628,0.00394719047472,0.000786078744568,0.000440930656623,0.000403077196097,0.000647220294923,0.000319898506859,0.000248356140219,0.000209524456295,0.000284246110823,0.00024186228984,0.000306298257783,0.000299260398606,0.000194105145056,0.000184395248652,0.000113034642709,0.000122147714137,0.0000485389391542,0.0000314419994538,0.0000335355071002,0.0000227387354244,0.0000150678788486,0.0000117663794299,0.00000709359255779,0.00000598097085458,0.00000548045363757,0.00000400255066779,0.00000278156721834,0.00000225075336857,0.00000250234165833,0.00000203667855203,0.00000109973007056,8.37823904476e-7,5.34704156507e-7,3.04567038256e-7,1.86650140677e-7,1.33500691391e-7,1.00969309358e-7,8.10533506979e-8,5.97448703843e-8],"dvar":[0.00016158958897,0.0000101610357888,5.9904380123e-7,1.71735436538e-7,3.31899883577e-7,0.00000181804716703,2.96841704994e-7,1.56924244266e-7,8.24049095627e-8,1.7384934381e-7,1.48171622527e-7,2.27747975146e-7,2.01962294e-7,3.95106170004e-8,3.81384346326e-8,1.27715837905e-8,2.15905409107e-8,3.14161119341e-9,9.95354687561e-10,8.02342969841e-10,5.21383380914e-10,2.270831162e-10,1.91757068557e-10,1.15001945467e-10,7.94072238519e-11,5.64131068248e-11,7.79547121299e-11,2.90443606665e-11,1.34544103289e-11,1.83293918238e-11,1.19454142758e-11,3.02596359428e-12,1.60158409972e-12,5.50962541649e-13,1.32978751708e-13,4.36615363818e-14,1.96263649457e-14,1.00718553235e-14,5.98114824473e-15,3.21506453493e-15],"dvar2":[0.000432969274698,0.0000262067133008,0.00000163707750289,4.39148152509e-7,7.77441698574e-7,0.00000398215934183,5.97799783009e-7,3.77802308549e-7,2.11125481542e-7,4.42475254658e-7,3.5026980072e-7,5.39302845937e-7,5.27084182522e-7,9.80462928624e-8,9.57851966632e-8,3.19716768615e-8,5.33287156657e-8,7.09741065918e-9,2.46937070791e-9,2.02605998645e-9,1.35744537832e-9,5.52247747532e-10,4.51521403599e-10,2.52742188289e-10,1.75272893421e-10,1.19973378454e-10,1.31558069993e-10,4.43882153256e-11,2.92546403768e-11,3.92849190678e-11,2.71929093826e-11,6.43405511161e-12,3.30716205289e-12,1.11216569808e-12,2.62970065645e-13,8.88036728029e-14,4.13564276954e-14,2.19781976635e-14,1.35433080495e-14,7.86643902686e-15],"max":[0.152549296618,0.0369079038501,0.0142512768507,0.0084981797263,0.0139906043187,0.030862795189,0.0145792970434,0.0204259604216,0.00791109353304,0.0129627827555,0.0113099757582,0.0136240543798,0.0116167385131,0.00396605022252,0.00590131245553,0.00346810836345,0.005627208855,0.00156631006394,0.00121812929865,0.000567833369132,0.000489413621835,0.000371338566765,0.000408734340454,0.000236659732764,0.00018732342869,0.000365939544281,0.00114378193393,0.00061711249873,0.000313752738293,0.000187723489944,0.000104647217086,0.0000609574199189,0.0000320608814945,0.0000271005337709,0.00000836523122416,0.00000473942873214,0.00000262405251306,0.00000163308902756,0.00000101497960259,8.13469682726e-7],"mean":[0.00836583133787,0.00349770463072,0.000676959927659,0.000390351255191,0.000370405323338,0.000671417277772,0.000327436777297,0.000228217642871,0.000194459891645,0.000262068700977,0.000222370348638,0.000276814302197,0.000276483042398,0.000197280780412,0.000196369801415,0.000130403597723,0.000130985892611,0.0000569332842133,0.0000370971574739,0.0000366018030036,0.0000240886129177,0.000017155201931,0.0000132647101054,0.00000803606781119,0.00000686791872795,0.00000656004749544,0.000005143153885,0.00000367624852515,0.00000287247212327,0.00000278698394141,0.00000207140374187,0.00000115681177704,8.58269459059e-7,5.79430718517e-7,3.21761206123e-7,1.71062211507e-7,1.08779694585e-7,7.65473373576e-8,5.78312402411e-8,3.82816658373e-8],"median":[0.0042171580717,0.00229946523905,0.000450028834166,0.000228001576033,0.000156234847964,0.000157614296768,0.000127593331854,0.0000985336009762,0.00010291820945,0.000120311473438,0.000101479083241,0.000120511060231,0.000119697862829,0.000112130714115,0.000113645437523,0.0000821924331831,0.0000740718605812,0.0000346748674929,0.0000247323823714,0.0000245501832978,0.0000141526516018,0.0000109350012281,0.00000736685933589,0.00000356417876901,0.00000275841989605,0.00000311429812427,0.00000232112006415,0.00000192587685888,0.00000145943306507,0.00000116447870369,8.16884096366e-7,4.87573402097e-7,3.46035619714e-7,2.43435920311e-7,1.38220144663e-7,6.98235282925e-8,4.28917701356e-8,2.994426751e-8,2.37307542506e-8,1.72266876319e-8],"min":[1.48283367646e-24,1.53385956639e-24,9.26671552704e-25,1.02935353382e-24,2.54117952488e-24,1.68392635133e-24,3.55611080781e-24,1.8815608572e-24,1.78702297746e-24,2.90130971368e-24,2.14216776256e-24,2.64771302076e-24,2.24599290174e-24,5.13106568863e-24,3.24204930701e-24,3.05532810011e-24,4.47806201407e-24,3.21192330068e-24,2.76247118044e-24,2.32548464022e-24,3.84054170694e-24,2.56275151798e-24,3.98650740124e-24,4.5365276512e-24,4.60329762708e-24,5.29125730607e-24,6.24563108997e-24,3.53995927521e-24,5.56687741774e-24,4.34336756438e-24,5.34695325256e-24,5.77135292539e-24,5.8449828357e-24,5.17757771646e-24,5.59877343072e-24,6.5147991083e-24,5.68464330684e-24,5.400990619e-24,6.83323149016e-24,5.85134697105e-24],"var":[0.000150094288983,0.0000139842704812,6.1724972511e-7,2.47312755164e-7,5.71999350996e-7,0.00000437670132669,7.01720352936e-7,2.54999122262e-7,1.24735180407e-7,2.76664849252e-7,2.35426639961e-7,3.41992858921e-7,3.22095161209e-7,7.27013613755e-8,7.89669130086e-8,2.8683681208e-8,4.96033365494e-8,7.79831843545e-9,2.00600491773e-9,1.59370228126e-9,8.38996205843e-10,4.08270278696e-10,3.39819422601e-10,2.02621225354e-10,1.45101125559e-10,1.38099504055e-10,2.77776079916e-10,1.00076703868e-10,2.89498147676e-11,3.10617850885e-11,1.64307595307e-11,4.66423948076e-12,2.37817122765e-12,8.9897799491e-13,2.50700122554e-13,7.35737154794e-14,3.07707384692e-14,1.47223999349e-14,8.05472259258e-15,3.55307747945e-15]},"melbands_crest":{"dmean":5.27462434769,"dmean2":8.62462425232,"dvar":21.6190605164,"dvar2":56.7881202698,"max":37.4861755371,"mean":18.0528106689,"median":17.6692008972,"min":1.52899825573,"var":53.2443122864},"melbands_flatness_db":{"dmean":0.0374589860439,"dmean2":0.058742377907,"dvar":0.00104802986607,"dvar2":0.00260821846314,"max":0.51115912199,"mean":0.252206504345,"median":0.248473227024,"min":0.00433273846284,"var":0.00397238740698},"melbands_kurtosis":{"dmean":10.2804584503,"dmean2":16.4171829224,"dvar":424.890441895,"dvar2":1013.96051025,"max":812.106201172,"mean":12.569188118,"median":4.64810752869,"min":-1.72806251049,"var":683.03692627},"melbands_skewness":{"dmean":1.1101680994,"dmean2":1.73445522785,"dvar":1.4103345871,"dvar2":3.35822200775,"max":22.7675552368,"mean":2.52594995499,"median":2.09905481339,"min":-1.750228405,"var":4.10627651215},"melbands_spread":{"dmean":6.73758792877,"dmean2":10.7789964676,"dvar":40.1972198486,"dvar2":99.1173400879,"max":159.664352417,"mean":20.0335712433,"median":18.4408435822,"min":0.323163956404,"var":171.066833496},"mfcc":{"cov":[[4677.85546875,314.067993164,-297.197418213,142.442001343,-131.629684448,113.612724304,-83.7091674805,109.114128113,-21.4816951752,-36.6492271423,-28.3152046204,-0.906922101974,-13.5840320587],[314.067993164,915.842346191,-183.624526978,-70.0928039551,43.5429763794,-15.7657299042,18.5128002167,-61.0235671997,31.4609870911,18.728061676,2.11839914322,18.3978481293,44.4578704834],[-297.197418213,-183.624526978,444.582763672,-12.072851181,103.960266113,-27.4352626801,25.0869941711,-4.27749443054,4.60178041458,20.6628341675,12.7440490723,20.2960090637,3.96366500854],[142.442001343,-70.0928039551,-12.072851181,345.588806152,-48.1622161865,36.7591896057,21.8655128479,28.4569454193,9.96698856354,26.0205116272,26.2370491028,-6.17334032059,3.77741146088],[-131.629684448,43.5429763794,103.960266113,-48.1622161865,155.815811157,5.68555164337,46.7403373718,0.0833282023668,18.0127277374,10.3297557831,8.46451282501,12.7769231796,2.7471075058],[113.612724304,-15.7657299042,-27.4352626801,36.7591896057,5.68555164337,139.530166626,34.3508682251,43.8414230347,6.29453659058,-6.67895793915,8.44638538361,4.40270900726,-10.9067974091],[-83.7091674805,18.5128002167,25.0869941711,21.8655128479,46.7403373718,34.3508682251,110.34703064,33.7636260986,24.3069171906,7.10215902328,-3.84727621078,-1.60649204254,4.49382019043],[109.114128113,-61.0235671997,-4.27749443054,28.4569454193,0.0833282023668,43.8414230347,33.7636260986,96.1809921265,28.7764492035,-1.00743508339,-12.530216217,-6.80600357056,3.30494570732],[-21.4816951752,31.4609870911,4.60178041458,9.96698856354,18.0127277374,6.29453659058,24.3069171906,28.7764492035,67.4790725708,30.179397583,6.69969940186,4.84921884537,7.47192811966],[-36.6492271423,18.728061676,20.6628341675,26.0205116272,10.3297557831,-6.67895793915,7.10215902328,-1.00743508339,30.179397583,73.3324890137,38.8045005798,13.2479324341,3.13776278496],[-28.3152046204,2.11839914322,12.7440490723,26.2370491028,8.46451282501,8.44638538361,-3.84727621078,-12.530216217,6.69969940186,38.8045005798,82.2128982544,32.7555503845,-11.7613277435],[-0.906922101974,18.3978481293,20.2960090637,-6.17334032059,12.7769231796,4.40270900726,-1.60649204254,-6.80600357056,4.84921884537,13.2479324341,32.7555503845,51.3416099548,16.3284454346],[-13.5840320587,44.4578704834,3.96366500854,3.77741146088,2.7471075058,-10.9067974091,4.49382019043,3.30494570732,7.47192811966,3.13776278496,-11.7613277435,16.3284454346,59.0893325806]],"icov":[[0.000254824088188,-0.000138621398946,0.0000692271569278,-0.000118557407404,0.0000610534189036,-0.000110512461106,0.000323093874613,-0.000469521270134,0.00022416083084,-0.0000320637773257,0.000199537855224,-0.0002582311281,0.000228697710554],[-0.000138621398946,0.00156587001402,0.000794405408669,0.000263338995865,-0.000706451479346,-0.0000409254498663,-0.000515156192705,0.00164464896079,-0.000991738517769,-0.000149290732224,-0.0000443443532276,0.0000789820260252,-0.00120496319141],[0.0000692271569278,0.000794405408669,0.00329141225666,-0.000172890853719,-0.00231986865401,0.000721020333003,-0.000123126636026,0.000206868702662,0.000393755035475,-0.00087879615603,0.000595677352976,-0.00122537545394,-0.0000987287639873],[-0.000118557407404,0.000263338995865,-0.000172890853719,0.00359898223542,0.00142466265243,-0.000694134854712,-0.00108279299457,-0.000156533598783,0.0000284035413642,-0.000801141606644,-0.00191891589202,0.00193655327894,-0.00142525136471],[0.0000610534189036,-0.000706451479346,-0.00231986865401,0.00142466265243,0.0100044133142,-0.000498996698298,-0.00366464233957,0.000714313122444,-0.00140528823249,0.00038208955084,-0.000798355147708,-0.000737930880859,0.000494048581459],[-0.000110512461106,-0.0000409254498663,0.000721020333003,-0.000694134854712,-0.000498996698298,0.00976643897593,-0.00220720795915,-0.0040380647406,0.0010650253389,0.00163871038239,-0.00127928028814,-0.00212210114114,0.00233109854162],[0.000323093874613,-0.000515156192705,-0.000123126636026,-0.00108279299457,-0.00366464233957,-0.00220720795915,0.0133532583714,-0.00334681803361,-0.00165987457149,-0.000377605290851,0.001170957461,0.000779944995884,-0.00027853786014],[-0.000469521270134,0.00164464896079,0.000206868702662,-0.000156533598783,0.000714313122444,-0.0040380647406,-0.00334681803361,0.0178240314126,-0.00788956601173,0.00161741662305,0.00161957123782,0.00169191800524,-0.00210358155891],[0.00022416083084,-0.000991738517769,0.000393755035475,0.0000284035413642,-0.00140528823249,0.0010650253389,-0.00165987457149,-0.00788956601173,0.0240229554474,-0.0102398162708,0.00239911722019,-0.00181651464663,0.0000844115274958],[-0.0000320637773257,-0.000149290732224,-0.00087879615603,-0.000801141606644,0.00038208955084,0.00163871038239,-0.000377605290851,0.00161741662305,-0.0102398162708,0.0244853645563,-0.0122081087902,0.00366612011567,-0.00301031931303],[0.000199537855224,-0.0000443443532276,0.000595677352976,-0.00191891589202,-0.000798355147708,-0.00127928028814,0.001170957461,0.00161957123782,0.00239911722019,-0.0122081087902,0.0274346712977,-0.0178092829883,0.0105102099478],[-0.0002582311281,0.0000789820260252,-0.00122537545394,0.00193655327894,-0.000737930880859,-0.00212210114114,0.000779944995884,0.00169191800524,-0.00181651464663,0.00366612011567,-0.0178092829883,0.0358438305557,-0.0140864271671],[0.000228697710554,-0.00120496319141,-0.0000987287639873,-0.00142525136471,0.000494048581459,0.00233109854162,-0.00027853786014,-0.00210358155891,0.0000844115274958,-0.00301031931303,0.0105102099478,-0.0140864271671,0.0246603190899]],"mean":[-642.867004395,167.516220093,-28.1733036041,21.4150409698,-1.46814894676,25.1720237732,9.27453899384,9.05638599396,6.0331735611,5.28586912155,3.76765108109,6.03999519348,5.62577676773]},"pitch_salience":{"dmean":0.0941380858421,"dmean2":0.151947051287,"dvar":0.00702227652073,"dvar2":0.0180931929499,"max":0.97678476572,"mean":0.505612492561,"median":0.514781951904,"min":0.0726231411099,"var":0.0189589019865},"silence_rate_20dB":{"dmean":0.0002990430512,"dmean2":0.000598130864091,"dvar":0.000298915139865,"dvar2":0.00074715167284,"max":1,"mean":0.999551475048,"median":1,"min":0,"var":0.000448211590992},"silence_rate_30dB":{"dmean":0.131728470325,"dmean2":0.263476639986,"dvar":0.114369235933,"dvar2":0.228737264872,"max":1,"mean":0.839201629162,"median":1,"min":0,"var":0.134952276945},"silence_rate_60dB":{"dmean":0.0001495215256,"dmean2":0.000299065432046,"dvar":0.000149476836668,"dvar2":0.000298975995975,"max":1,"mean":0.0139044625685,"median":0,"min":0,"var":0.013710424304},"spectral_centroid":{"dmean":176.877471924,"dmean2":260.299468994,"dvar":38452.1875,"dvar2":74312.046875,"max":11553.109375,"mean":1181.16235352,"median":1099.29931641,"min":181.367416382,"var":503301.34375},"spectral_complexity":{"dmean":3.69318175316,"dmean2":5.41652345657,"dvar":12.870967865,"dvar2":22.1511936188,"max":60,"mean":23.9815349579,"median":23,"min":0,"var":68.6514358521},"spectral_contrast_coeffs":{"dmean":[0.0518436990678,0.0486352741718,0.0398036018014,0.0293681677431,0.0206837225705,0.0405497774482],"dmean2":[0.0864997729659,0.0809793993831,0.0663191750646,0.0492798015475,0.0341448150575,0.0628204718232],"dvar":[0.00163671816699,0.00146599381696,0.00101924873888,0.000542065303307,0.000292864133371,0.0012405323796],"dvar2":[0.0045105475001,0.00396692194045,0.00273993378505,0.00146631000098,0.000768965517636,0.00288667832501],"max":[-0.430430561304,-0.411434859037,-0.531549990177,-0.614677131176,-0.622874736786,-0.49630689621],"mean":[-0.728017508984,-0.776343047619,-0.793049812317,-0.795447647572,-0.811982095242,-0.737840235233],"median":[-0.731493532658,-0.788160026073,-0.800632357597,-0.798490464687,-0.812702596188,-0.738645136356],"min":[-0.979148447514,-0.983155846596,-0.976774394512,-0.970811665058,-0.966789245605,-0.963579535484],"var":[0.00384020805359,0.00501616531983,0.00315654976293,0.00157752376981,0.000978958327323,0.00466346228495]},"spectral_contrast_valleys":{"dmean":[0.409007787704,0.353264570236,0.294317901134,0.254860073328,0.243551388383,0.600368797779],"dmean2":[0.664175450802,0.575271606445,0.464171826839,0.387817949057,0.358406335115,0.936904907227],"dvar":[0.115961775184,0.0854328945279,0.0623183995485,0.0564468838274,0.0752058401704,0.250442147255],"dvar2":[0.274878025055,0.207848891616,0.13450871408,0.107366837561,0.135067462921,0.641911447048],"max":[-4.73787593842,-4.62635850906,-5.07703876495,-5.36075305939,-5.75414037704,-8.8241853714],"mean":[-6.62415027618,-6.38675642014,-6.47579669952,-6.93541955948,-7.57104873657,-10.9312925339],"median":[-6.46463155746,-6.23978614807,-6.32113599777,-6.76386260986,-7.45144319534,-10.7970228195],"min":[-28.0508117676,-28.000579834,-27.7785968781,-27.5608348846,-27.5184726715,-27.4131507874],"var":[2.24948596954,2.16460227966,2.15861487389,2.14899682999,2.09275794029,1.68694448471]},"spectral_decrease":{"dmean":7.65150254267e-9,"dmean2":1.24915837674e-8,"dvar":1.42320183098e-16,"dvar2":3.66307286034e-16,"max":2.8630381621e-8,"mean":-1.17686766998e-8,"median":-8.17851031343e-9,"min":-1.40376428703e-7,"var":1.59136738482e-16},"spectral_energy":{"dmean":0.0293868053705,"dmean2":0.0474683865905,"dvar":0.00199381844141,"dvar2":0.0050805080682,"max":0.542349517345,"mean":0.0663134083152,"median":0.0528741180897,"min":9.85746693115e-21,"var":0.0024882981088},"spectral_energyband_high":{"dmean":0.000230772682698,"dmean2":0.000320300343446,"dvar":1.39534023447e-7,"dvar2":2.47395121278e-7,"max":0.0168636944145,"mean":0.00075579341501,"median":0.000532789796125,"min":7.17733954637e-21,"var":5.66676419567e-7},"spectral_energyband_low":{"dmean":0.0250488780439,"dmean2":0.0417892858386,"dvar":0.00180434971116,"dvar2":0.00474481098354,"max":0.495714485645,"mean":0.0340904518962,"median":0.0204443391412,"min":2.09521929743e-23,"var":0.00181276071817},"spectral_energyband_middle_high":{"dmean":0.00343008828349,"dmean2":0.00522273220122,"dvar":0.0000262084158749,"dvar2":0.0000616606339463,"max":0.10528999567,"mean":0.00969418045133,"median":0.00692943064496,"min":1.19847918955e-21,"var":0.0000831612342154},"spectral_energyband_middle_low":{"dmean":0.00451967259869,"dmean2":0.00700756628066,"dvar":0.000057224297052,"dvar2":0.000129453037516,"max":0.170796066523,"mean":0.0105052748695,"median":0.00658948160708,"min":1.85607232748e-22,"var":0.000164974684594},"spectral_entropy":{"dmean":0.138039365411,"dmean2":0.206173077226,"dvar":0.0176702067256,"dvar2":0.0376601144671,"max":9.82137012482,"mean":7.57809686661,"median":7.59311246872,"min":6.0167517662,"var":0.0919191911817},"spectral_flux":{"dmean":0.0428023859859,"dmean2":0.0694913715124,"dvar":0.00294599402696,"dvar2":0.0063966838643,"max":0.568132102489,"mean":0.14473387599,"median":0.128087043762,"min":6.38704783507e-11,"var":0.00496741570532},"spectral_kurtosis":{"dmean":5.24682188034,"dmean2":7.91757488251,"dvar":31.9870262146,"dvar2":72.8119049072,"max":87.532043457,"mean":21.5013217926,"median":19.788854599,"min":-1.25471615791,"var":91.2550201416},"spectral_rms":{"dmean":0.00158690975513,"dmean2":0.00248375744559,"dvar":0.0000036040366922,"dvar2":0.00000867259132065,"max":0.0230026412755,"mean":0.00757962139323,"median":0.00718223536387,"min":3.10113545086e-12,"var":0.00000724541132513},"spectral_rolloff":{"dmean":5608.51171875,"dmean2":10807.2568359,"dvar":69625808,"dvar2":150750240,"max":22028.4667969,"mean":13156.7802734,"median":20521.1425781,"min":43.06640625,"var":93961968},"spectral_skewness":{"dmean":0.404285460711,"dmean2":0.589033067226,"dvar":0.176959201694,"dvar2":0.374188423157,"max":7.30443811417,"mean":3.16225242615,"median":3.09476733208,"min":-0.0862691029906,"var":0.688120365143},"spectral_spread":{"dmean":457035.59375,"dmean2":710695.5,"dvar":347165196288,"dvar2":807183253504,"max":49854008,"mean":3955915.5,"median":3764253.75,"min":1828962.75,"var":5554227904510},"spectral_strongpeak":{"dmean":5.07658195496,"dmean2":9.19848918915,"dvar":379.331329346,"dvar2":950.908569336,"max":320.183654785,"mean":4.40097093582,"median":0.286755144596,"min":0,"var":392.513336182},"zerocrossingrate":{"dmean":0.0458438284695,"dmean2":0.0575099661946,"dvar":0.00150358991232,"dvar2":0.00228481739759,"max":0.81494140625,"mean":0.275285750628,"median":0.2666015625,"min":0.03125,"var":0.0088367247954}},"metadata":{"audio_properties":{"analysis_sample_rate":44100,"bit_rate":320000,"codec":"mp3","downmix":"mix","equal_loudness":0,"length":310.570861816,"lossless":false,"md5_encoded":"9805d896091ac92d70e113c8c0e74c03","replay_gain":-10.1763267517,"sample_rate":44100},"tags":{"album":["Bark at the Moon"],"albumartist":["Ozzy Osbourne"],"albumartistsort":["LBUMARTISTSORT","Osbourne, Ozzy"],"artist":["Ozzy Osbourne"],"artistsort":["Osbourne, Ozzy"],"asin":["SIN"],"catalognumber":["ATALOGNU"],"composer":["Ozzy Osbourne"],"date":["1983"],"discnumber":["1/1"],"file_name":"03. Ozzy Osbourne - Now You See It (Now You Don't).mp3","genre":["Heavy Metal"],"label":["CBS Records"],"language":["eng"],"media":["CD"],"musicbrainz album release country":["us"],"musicbrainz album status":["usicBrai"],"musicbrainz album type":["usicB"],"musicbrainz_albumartistid":["usicBrainz Album Artist Id"],"musicbrainz_albumid":["usicBrainz Album Id"],"musicbrainz_artistid":["usicBrainz Artist Id"],"musicbrainz_recordingid":["e08b0253-6e8f-497f-aba7-ce853df3ab04"],"originaldate":["1983"],"script":["CRIP"],"title":["Now You See It (Now You Don't)"],"tracknumber":["3/8"]},"version":{"essentia":"2.1-beta1","essentia_build_sha":"ca57ba49d9b1854bd80e60cf9ccf267278fb7d6b","essentia_git_sha":"v2.1_beta1-28-g21ef5f4-dirty","extractor":"music 1.0"}},"rhythm":{"beats_count":497,"beats_loudness":{"dmean":0.0325794033706,"dmean2":0.0570539049804,"dvar":0.00081124418648,"dvar2":0.00220780191012,"max":0.205349370837,"mean":0.0774433538318,"median":0.0716508626938,"min":1.79116080691e-13,"var":0.00110263074748},"beats_loudness_band_ratio":{"dmean":[0.233506500721,0.0648694112897,0.064586058259,0.0811050087214,0.0423311367631,0.114645645022],"dmean2":[0.421145737171,0.11613791436,0.115390911698,0.140309885144,0.0808087140322,0.216859593987],"dvar":[0.0258054845035,0.00919336173683,0.00542037421837,0.00595256406814,0.00