{"lowlevel":{"average_loudness":0.882041335106,"barkbands":{"dmean":[0.00086229207227,0.00316529092379,0.00241357157938,0.00063526123995,0.00142594077624,0.00160712539218,0.000816863437649,0.000566850416362,0.000866963819135,0.00148675322998,0.000627717236057,0.00055326486472,0.000329784030328,0.000368057109881,0.000257006526226,0.000173723296029,0.000116465744213,0.0000997038223431,0.0000575794365432,0.0000296176640404,0.0000106121342469,0.00000462314983452,0.00000250009452429,0.00000158429179464,0.00000155279371938,0.00000244746843236,0.000217605382204],"dmean2":[0.00144391192589,0.00531727587804,0.00405398989096,0.00106111529749,0.00216030632146,0.00225000851788,0.00122966384515,0.000872397213243,0.00133371155243,0.00234445463866,0.000997694674879,0.000861967797391,0.00052413000958,0.000586146779824,0.000412428402342,0.000270012096735,0.000177711757715,0.000150531690451,0.0000844616879476,0.0000424854370067,0.0000149900033648,0.00000668483062327,0.0000037836739466,0.00000262379307969,0.00000259598459706,0.00000383836777473,0.000311263051117],"dvar":[0.00000284759926217,0.0000383533915738,0.0000338747813657,0.00000492377148475,0.0000104349219328,0.0000219744215428,0.00000658363933326,0.00000286826525553,0.00000347737227457,0.0000139788699016,0.00000458042723039,0.00000183893041594,8.25729330245e-7,5.08355924467e-7,2.10368995113e-7,9.74554765776e-8,7.10372916046e-8,5.69580862475e-8,2.92005228886e-8,1.96698817234e-8,1.20455068142e-9,9.27595361633e-11,2.26686395349e-11,8.899271077e-12,8.6691036294e-12,1.89680354756e-11,1.35574765636e-7],"dvar2":[0.00000771792292653,0.000102446356323,0.0000885886329343,0.0000133014509629,0.0000208334713534,0.0000395044371544,0.0000161979041877,0.00000642727763989,0.00000809482389741,0.0000329032773152,0.0000122348283185,0.00000439297446064,0.00000183408019439,0.00000123932954921,5.3421422308e-7,2.31377327964e-7,1.67899628423e-7,1.39557897683e-7,5.88881015062e-8,3.51706823665e-8,2.122387599e-9,1.84265047665e-10,4.61887299241e-11,2.19193274642e-11,2.16806451264e-11,4.17716486401e-11,2.65058758941e-7],"max":[0.0251024439931,0.0738381296396,0.075749501586,0.0941120535135,0.074888035655,0.170424312353,0.072821572423,0.0462607815862,0.0361979492009,0.151599481702,0.117509372532,0.0412721708417,0.0528978556395,0.0159453507513,0.0088014639914,0.00513639627025,0.00347144878469,0.00399879552424,0.00737752765417,0.00809780694544,0.00150167325046,0.000216559812543,0.0000838924315758,0.0000480529633933,0.0000488290388603,0.000067783803388,0.00624057464302],"mean":[0.00118930987082,0.0046453983523,0.00271065230481,0.000792954524513,0.00212949072011,0.00246912008151,0.00129128759727,0.000858523009811,0.00140677776653,0.00305033638142,0.000971126544755,0.000890227616765,0.000534254184458,0.000620582315605,0.000467050354928,0.000305302120978,0.000178835791303,0.000152794513269,0.0000981357443379,0.0000500745918544,0.0000183604097401,0.00000733550587029,0.00000352733900399,0.00000172077932348,0.00000157182205385,0.0000032502691738,0.000615473894868],"median":[0.000458031427115,0.0020378085319,0.000798702705652,0.000214956337004,0.000603411230259,0.000360819976777,0.00021960597951,0.000153814049554,0.000387158186641,0.000594043231104,0.000278954918031,0.000338195764925,0.000237776126596,0.000289683812298,0.00025521061616,0.000154448964167,0.0000647057022434,0.0000524763963767,0.0000303581327898,0.000013452501662,0.00000599901341047,0.00000270914642897,0.00000127838541175,5.9866454194e-7,5.00859357544e-7,0.0000013247130255,0.000384957151255],"min":[4.01610257813e-26,1.822495883e-24,1.70264030137e-24,2.85869840581e-24,8.89060676339e-24,1.27073848244e-23,1.09858213277e-23,6.24041119736e-24,1.44205714072e-23,1.33573872777e-23,1.82231223618e-23,3.10458070961e-23,2.82472757032e-23,3.59601612556e-23,6.31193169361e-23,6.24468919005e-23,5.00808598115e-23,9.13436494087e-23,1.35141768536e-22,2.04430514176e-22,2.33572121487e-22,2.72520039779e-22,4.64094317388e-22,5.83468738047e-22,8.87996260008e-22,1.25563997502e-21,2.13598491533e-21],"var":[0.00000363617027688,0.0000459174152638,0.0000313571217703,0.00000759210433898,0.0000221383797907,0.0000529614226252,0.0000142300286825,0.00000590645959164,0.00000750768685975,0.0000355986267095,0.00000867315793585,0.00000345905209542,0.00000122203277897,9.03879765701e-7,4.27598450869e-7,1.92077536099e-7,1.04815548241e-7,7.93696131041e-8,7.14506072086e-8,4.11025382618e-8,3.02168956523e-9,1.81291176515e-10,3.88126406015e-11,9.75760444666e-12,9.11959483624e-12,2.94329560724e-11,5.19557886491e-7]},"barkbands_crest":{"dmean":2.80817890167,"dmean2":4.50222206116,"dvar":5.90558099747,"dvar2":14.8445138931,"max":26.8692798615,"mean":10.606306076,"median":9.69339752197,"min":2.49210953712,"var":20.7508659363},"barkbands_flatness_db":{"dmean":0.0256913341582,"dmean2":0.0392349101603,"dvar":0.000492237566505,"dvar2":0.00112445408013,"max":0.489435702562,"mean":0.157114818692,"median":0.150314569473,"min":0.0388815291226,"var":0.00251678237692},"barkbands_kurtosis":{"dmean":4.7657456398,"dmean2":7.29926681519,"dvar":281.798431396,"dvar2":506.816375732,"max":741.669311523,"mean":8.83415603638,"median":3.68299841881,"min":-1.83784031868,"var":780.62298584},"barkbands_skewness":{"dmean":0.586290180683,"dmean2":0.898214876652,"dvar":0.537260115147,"dvar2":1.07499539852,"max":24.3198242188,"mean":1.86911427975,"median":1.56085681915,"min":-2.27255654335,"var":3.1310646534},"barkbands_spread":{"dmean":6.93679046631,"dmean2":10.4939908981,"dvar":54.6324310303,"dvar2":118.961685181,"max":131.649902344,"mean":27.579656601,"median":23.9772262573,"min":0.353130429983,"var":296.032012939},"dissonance":{"dmean":0.0251116510481,"dmean2":0.042160730809,"dvar":0.000734405242838,"dvar2":0.00203148485161,"max":0.500000119209,"mean":0.456769943237,"median":0.466983020306,"min":0.157401993871,"var":0.00134681502823},"dynamic_complexity":5.06956958771,"erbbands":{"dmean":[0.109846748412,0.715101659298,2.64158535004,2.30259227753,2.65227341652,5.64630699158,10.5395030975,13.8553285599,10.1152744293,12.9640159607,13.3121747971,18.9307575226,25.1973934174,51.3124847412,22.7483081818,19.764837265,14.1165342331,17.1631526947,15.2079486847,9.92699241638,9.42263031006,6.63781738281,5.84536504745,3.61623358727,2.43267154694,1.34034502506,0.616089105606,0.300285726786,0.177875027061,0.106811888516,0.0672083124518,0.0381142795086,0.0246255826205,0.0170695260167,0.0112346420065,0.00686340173706,0.00473353918642,0.00442528957501,0.00579571444541,0.00693942047656],"dmean2":[0.180293098092,1.22533643246,4.40427827835,3.84896922112,4.22527456284,8.51982021332,15.2698459625,19.3936367035,14.5428094864,20.1557617188,20.4368553162,29.3369865417,39.4368591309,80.931640625,35.5409240723,31.1834487915,22.593542099,27.158788681,24.2698745728,15.3513727188,14.6177539825,9.93931102753,8.77906513214,5.32141542435,3.47689366341,1.89553010464,0.857680857182,0.424459666014,0.257312297821,0.156548157334,0.102220617235,0.0616191551089,0.0411304794252,0.0285475663841,0.018766798079,0.0114218974486,0.0073930923827,0.0060942848213,0.00751739786938,0.00945619028062],"dvar":[0.0488302782178,2.11575865746,38.0039520264,48.7553825378,29.8753185272,192.841049194,1110.6763916,1879.51696777,808.61730957,2198.12768555,1540.84106445,2044.0814209,2591.5925293,18779.7519531,3158.72143555,2328.18579102,817.888549805,1880.140625,820.386047363,322.611328125,303.988800049,238.98274231,217.636657715,82.3317871094,75.4338607788,38.0120315552,4.6411447525,0.675649046898,0.147501125932,0.0447095520794,0.016182012856,0.0049353595823,0.00223006401211,0.00106483849231,0.000447646569228,0.000160067967954,0.0000726535945432,0.0000970222536125,0.00025759707205,0.00012781310943],"dvar2":[0.129640758038,5.77803039551,97.9979782104,133.766983032,72.870765686,374.670898438,2269.47436523,3152.375,1701.80358887,5564.67578125,3365.953125,4806.46240234,6096.47119141,45340.1640625,7782.75195312,5942.39453125,1936.87158203,4025.21655273,1994.92980957,787.776672363,714.410827637,566.095214844,537.145141602,173.132629395,135.427780151,70.4748001099,8.11797618866,1.1583288908,0.291395306587,0.0875772088766,0.0338941141963,0.0116813806817,0.00556825427338,0.00266414368525,0.0011188776698,0.000399641052354,0.000158038004884,0.00016432099801,0.000394814036554,0.000222831207793],"max":[3.04176068306,15.169049263,82.1602630615,252.526855469,120.694511414,310.111663818,1190.94116211,1581.70007324,831.405212402,1672.28735352,1168.61962891,1100.40246582,1296.92102051,5065.33642578,2049.73486328,2074.28955078,1004.55444336,2155.96704102,559.760803223,324.580963135,308.706359863,221.028152466,268.662658691,397.920013428,464.169006348,359.049743652,94.756942749,32.9486808777,8.5975561142,4.71331691742,2.27146601677,1.0496737957,0.78504627943,0.544260144234,0.348431527615,0.20086081326,0.132207080722,0.229718238115,0.783628761768,0.20346583426],"mean":[0.169825285673,0.924719154835,3.06955504417,2.86045145988,3.82025980949,7.91007041931,14.7971534729,21.3018474579,16.3640727997,20.9091510773,21.9569377899,31.4543380737,44.2196655273,113.083312988,42.3758201599,33.5635223389,24.8031482697,30.3474197388,28.8607063293,19.034488678,16.9797954559,10.6793651581,8.80979156494,6.2292881012,4.20747947693,2.32178354263,1.07781922817,0.525708138943,0.285288780928,0.162170767784,0.092735670507,0.0455279834569,0.0252400506288,0.0172169394791,0.011475709267,0.00726704066619,0.00640396913514,0.00759978638962,0.0129613978788,0.0248033031821],"median":[0.0605073459446,0.420292645693,1.00305747986,0.998359501362,1.26322364807,1.85850656033,2.48645877838,3.07028198242,3.09038829803,3.56449079514,4.78208446503,8.9025592804,15.0159187317,22.4084701538,18.2071857452,14.9548358917,12.1627893448,14.2724704742,15.8113431931,10.5184001923,8.43514442444,3.92523932457,2.97234463692,2.2186331749,1.21815466881,0.62962770462,0.335177540779,0.17886531353,0.103778168559,0.0596611350775,0.0338860601187,0.0169230364263,0.0080274567008,0.00537644745782,0.00376034085639,0.00258105644025,0.0026934184134,0.00294647505507,0.00580567959696,0.0174187067896],"min":[5.20968538082e-23,5.91838741578e-22,2.3428895245e-21,7.0273435901e-21,2.27160081325e-20,1.88349914051e-20,7.1927664648e-20,8.14913200951e-20,9.41913342324e-20,2.45144719752e-19,2.30396890761e-19,2.62166364849e-19,5.43866393068e-19,5.66310801616e-19,1.38607522299e-18,1.41269461888e-18,1.3343340417e-18,1.58012228212e-18,2.38509774811e-18,2.26063581045e-18,4.46066864691e-18,3.51124314753e-18,4.88645821286e-18,6.48468034416e-18,9.518625389e-18,8.6847140078e-18,8.22854540667e-18,9.97061672803e-18,9.36975107671e-18,1.10785192794e-17,1.1336519394e-17,1.08672515607e-17,9.62221735301e-18,8.16987265865e-18,6.1705986248e-18,4.29743778792e-18,2.24671105202e-18,9.38576922248e-19,2.66606618678e-19,2.9636495174e-20],"var":[0.0725361183286,2.09389305115,36.7859649658,54.5598487854,57.8244514465,416.248138428,1916.63330078,4662.71582031,1830.87255859,4973.62451172,3233.46313477,4183.00097656,5411.13867188,52138.4414062,7122.24121094,3564.97387695,1481.93225098,3234.32446289,1707.50854492,648.323974609,612.007141113,356.200195312,283.195861816,184.690917969,181.51574707,84.3454666138,11.3871593475,1.93808436394,0.292486250401,0.082654774189,0.0267558917403,0.0061387992464,0.0023282407783,0.00111287424807,0.000474379165098,0.000173613443621,0.00011378950876,0.000223662078497,0.000734753441066,0.00066360947676]},"erbbands_crest":{"dmean":2.79250764847,"dmean2":4.46180868149,"dvar":7.19736433029,"dvar2":16.3552494049,"max":33.2878189087,"mean":10.8205385208,"median":9.32140541077,"min":2.42015385628,"var":30.8450832367},"erbbands_flatness_db":{"dmean":0.0247691553086,"dmean2":0.0379198789597,"dvar":0.000481769209728,"dvar2":0.00106591323856,"max":0.434569835663,"mean":0.186804771423,"median":0.182474955916,"min":0.0320201180875,"var":0.00247997511178},"erbbands_kurtosis":{"dmean":1.46148300171,"dmean2":2.25307679176,"dvar":11.1393280029,"dvar2":22.2686100006,"max":136.214630127,"mean":1.89616143703,"median":0.796219944954,"min":-1.72090315819,"var":28.6311531067},"erbbands_skewness":{"dmean":0.382123857737,"dmean2":0.585786342621,"dvar":0.14045484364,"dvar2":0.315975487232,"max":7.39525175095,"mean":-0.0280329622328,"median":-0.10940989852,"min":-3.58470654488,"var":0.703827738762},"erbbands_spread":{"dmean":4.807035923,"dmean2":7.38610219955,"dvar":25.4227581024,"dvar2":58.2106781006,"max":73.4153060913,"mean":20.4084033966,"median":18.8673744202,"min":0.639181673527,"var":114.519889832},"gfcc":{"cov":[[28236.1875,2877.86083984,-2333.11010742,-627.149047852,169.340713501,-1034.17163086,412.364044189,-186.004150391,120.953025818,-413.115570068,-140.541641235,-295.826690674,73.4480819702],[2877.86083984,978.505249023,-135.44468689,-212.345550537,45.8727340698,-158.044265747,46.9962043762,-74.9173278809,64.3775100708,-55.4950141907,23.2132434845,-55.2581520081,36.2662887573],[-2333.11010742,-135.44468689,622.341369629,179.208358765,-92.5744247437,226.016143799,-124.861541748,82.2355804443,-49.0443267822,85.4892807007,8.55379009247,26.9410362244,13.2151260376],[-627.149047852,-212.345550537,179.208358765,483.527435303,96.0039367676,-7.77378606796,32.1407928467,-3.53634262085,-58.0036621094,22.7361946106,-26.7140979767,21.1640415192,-51.5862312317],[169.340713501,45.8727340698,-92.5744247437,96.0039367676,428.073974609,61.9743309021,148.265640259,-36.5410957336,65.9676589966,-66.433052063,14.0706291199,-25.6314525604,10.5408153534],[-1034.17163086,-158.044265747,226.016143799,-7.77378606796,61.9743309021,344.814117432,-28.2885608673,71.1785736084,-6.06982898712,31.0663890839,7.44361591339,9.61865997314,25.2636814117],[412.364044189,46.9962043762,-124.861541748,32.1407928467,148.265640259,-28.2885608673,232.158340454,6.94754457474,54.1341056824,-56.5960350037,-21.7938117981,-9.82967948914,2.39749264717],[-186.004150391,-74.9173278809,82.2355804443,-3.53634262085,-36.5410957336,71.1785736084,6.94754457474,156.870101929,50.0085258484,46.002822876,-3.21714305878,-11.8817081451,6.40250873566],[120.953025818,64.3775100708,-49.0443267822,-58.0036621094,65.9676589966,-6.06982898712,54.1341056824,50.0085258484,153.81149292,46.3016548157,26.1468219757,-3.39004850388,-10.6154623032],[-413.115570068,-55.4950141907,85.4892807007,22.7361946106,-66.433052063,31.0663890839,-56.5960350037,46.002822876,46.3016548157,124.677108765,48.1749572754,13.7975072861,-12.7149753571],[-140.541641235,23.2132434845,8.55379009247,-26.7140979767,14.0706291199,7.44361591339,-21.7938117981,-3.21714305878,26.1468219757,48.1749572754,73.3159866333,33.9645729065,11.6709909439],[-295.826690674,-55.2581520081,26.9410362244,21.1640415192,-25.6314525604,9.61865997314,-9.82967948914,-11.8817081451,-3.39004850388,13.7975072861,33.9645729065,79.9560470581,23.513885498],[73.4480819702,36.2662887573,13.2151260376,-51.5862312317,10.5408153534,25.2636814117,2.39749264717,6.40250873566,-10.6154623032,-12.7149753571,11.6709909439,23.513885498,82.4817276001]],"icov":[[0.0000915306518436,-0.000295400561299,0.000447062455351,-0.000211432416108,0.000101514444395,-0.000119477073895,0.0000979757969617,-0.000214612795389,0.0000680801458657,0.0000245212049776,0.000105264560261,0.0000613902957411,-0.000137905502925],[-0.000295400561299,0.00247741630301,-0.00185884628445,0.001064822427,-0.000114893686259,0.00106907007284,-0.000547253352124,0.00154784519691,-0.00119393086061,0.000973972841166,-0.00183471699711,0.00166841945611,-0.000499005021993],[0.000447062455351,-0.00185884628445,0.00569478236139,-0.00315333646722,0.00184009806253,-0.00308964936994,0.00169900991023,-0.00156679295469,-0.000103794154711,0.000251013378147,-0.000171084524482,0.000794478924945,-0.00185890088324],[-0.000211432416108,0.001064822427,-0.00315333646722,0.0062435423024,-0.00432072859257,0.00314662186429,-0.00142699852586,-0.00057851918973,0.00464136339724,-0.00567480409518,0.00575977703556,-0.00516270846128,0.00418428285047],[0.000101514444395,-0.000114893686259,0.00184009806253,-0.00432072859257,0.00776863656938,-0.00365573726594,-0.00128241197672,0.00265432009473,-0.00589102786034,0.00768422335386,-0.00862603262067,0.00709083862603,-0.00345333106816],[-0.000119477073895,0.00106907007284,-0.00308964936994,0.00314662186429,-0.00365573726594,0.00641955900937,-0.000175726105226,-0.0018429341726,0.00276906602085,-0.00311499764211,0.00298039754853,-0.00262560113333,0.000951383786742],[0.0000979757969617,-0.000547253352124,0.00169900991023,-0.00142699852586,-0.00128241197672,-0.000175726105226,0.00771623011678,-0.00166430382524,-0.00276044243947,0.00306630623527,0.00170079560485,-0.00105896755122,-0.00071006041253],[-0.000214612795389,0.00154784519691,-0.00156679295469,-0.00057851918973,0.00265432009473,-0.0018429341726,-0.00166430382524,0.0115856667981,-0.00543966470286,-0.000629534944892,-0.000493047467899,0.00459337700158,-0.00326277595013],[0.0000680801458657,-0.00119393086061,-0.000103794154711,0.00464136339724,-0.00589102786034,0.00276906602085,-0.00276044243947,-0.00543966470286,0.0167068596929,-0.0112754674628,0.005580666475,-0.00639240024611,0.00523568410426],[0.0000245212049776,0.000973972841166,0.000251013378147,-0.00567480409518,0.00768422335386,-0.00311499764211,0.00306630623527,-0.000629534944892,-0.0112754674628,0.0267761722207,-0.0202608313411,0.00915618706495,-0.00117449462414],[0.000105264560261,-0.00183471699711,-0.000171084524482,0.00575977703556,-0.00862603262067,0.00298039754853,0.00170079560485,-0.000493047467899,0.005580666475,-0.0202608313411,0.0378443971276,-0.018254339695,0.00196499167942],[0.0000613902957411,0.00166841945611,0.000794478924945,-0.00516270846128,0.00709083862603,-0.00262560113333,-0.00105896755122,0.00459337700158,-0.00639240024611,0.00915618706495,-0.018254339695,0.0266790613532,-0.00900612864643],[-0.000137905502925,-0.000499005021993,-0.00185890088324,0.00418428285047,-0.00345333106816,0.000951383786742,-0.00071006041253,-0.00326277595013,0.00523568410426,-0.00117449462414,0.00196499167942,-0.00900612864643,0.0185869280249]],"mean":[-72.4750823975,111.80355072,-101.382499695,-21.0219497681,0.048421792686,-10.6280555725,0.216373279691,-13.6607093811,-2.42372059822,-13.7707471848,-1.99072408676,-5.22556686401,1.08584582806]},"hfc":{"dmean":55.5789604187,"dmean2":81.059677124,"dvar":7917.02539062,"dvar2":16006.7197266,"max":1249.67321777,"mean":176.999938965,"median":120.43384552,"min":1.04791600894e-16,"var":33826.125},"melbands":{"dmean":[0.000901589519344,0.00119162152987,0.000392450165236,0.000287949864287,0.000345988577465,0.000302095257211,0.000158221708261,0.000133141453261,0.000114506729005,0.000123293779325,0.000133397261379,0.000223396767979,0.0000841032233438,0.0000665873740218,0.0000405669343309,0.0000305757348542,0.0000344777290593,0.0000274880239886,0.0000190665177797,0.0000110179371404,0.0000119049263958,0.00000719281479178,0.00000638829260424,0.00000469210272058,0.00000295722111332,0.00000217655133383,0.00000147473440393,7.95167693468e-7,4.410663621e-7,2.66405038474e-7,1.52854639168e-7,1.08479540017e-7,7.87914160583e-8,5.41148956756e-8,4.15097360928e-8,2.97353928147e-8,2.11170636533e-8,1.75014918113e-8,1.54508388306e-8,1.40182825348e-8],"dmean2":[0.00148732145317,0.00198540580459,0.000652146525681,0.000444041565061,0.000500528898556,0.0004200587573,0.000228333708947,0.000206480661291,0.000176569548785,0.000191460989299,0.000210266065551,0.000353979703505,0.000132642817334,0.00010358291911,0.0000650933507131,0.0000485607197334,0.000055033237004,0.0000440862531832,0.0000304495370074,0.0000172419131559,0.000018872673536,0.000011084178368,0.00000975529019343,0.00000717433431419,0.00000445223304268,0.00000329455997417,0.0000021467433271,0.00000114766453407,6.31308068932e-7,3.91075332118e-7,2.23235886665e-7,1.60593117471e-7,1.15225027741e-7,8.06675686249e-8,6.3352665336e-8,4.66108645014e-8,3.48005748663e-8,2.92681985314e-8,2.58657255614e-8,2.34461960957e-8],"dvar":[0.00000308424500872,0.00000690405613568,0.00000121137554743,3.73748719085e-7,9.78172693067e-7,8.00033831183e-7,2.02297840701e-7,1.99461837269e-7,9.81663532684e-8,7.98984345352e-8,7.48338777612e-8,3.65563607829e-7,6.33997672139e-8,2.75576894637e-8,6.99951163696e-9,8.48258441266e-9,6.21967100045e-9,2.95314062093e-9,1.19052012693e-9,4.12806094863e-10,5.23618537418e-10,2.71339867242e-10,2.85217544027e-10,1.13237565158e-10,6.12246989218e-11,4.48758911975e-11,5.79877361406e-11,1.10536744688e-11,2.20884595337e-12,8.84339259807e-13,1.46187058227e-13,5.90977462279e-14,2.68419455499e-14,1.14644240756e-14,6.50871128099e-15,2.93584795892e-15,1.58250074981e-15,1.12794104806e-15,8.84094979741e-16,7.15365804889e-16],"dvar2":[0.00000810999790701,0.0000178983918886,0.00000330036527885,7.6601844512e-7,0.00000197374583877,0.00000135316963679,4.44292908242e-7,4.91737353059e-7,2.15903995127e-7,1.87478789826e-7,1.77876344765e-7,8.79093761341e-7,1.64576917427e-7,6.35584456177e-8,1.77877108598e-8,1.82377366542e-8,1.37796183353e-8,7.23365767286e-9,3.03787639488e-9,9.97058324792e-10,1.27879007383e-9,6.43559761038e-10,7.1950906344e-10,2.73613909307e-10,1.31557056915e-10,1.00298741534e-10,9.77314201789e-11,2.15573479206e-11,3.99911093824e-12,1.6668214118e-12,2.90483023919e-13,1.24424762485e-13,5.50521101958e-14,2.30007968238e-14,1.36940621264e-14,6.56035784439e-15,3.85721143543e-15,2.81688959302e-15,2.21236175504e-15,1.78975922997e-15],"max":[0.0236505847424,0.0337501019239,0.0379359833896,0.0135235320777,0.0318190343678,0.0312007348984,0.0123504837975,0.0154515821487,0.00799745041877,0.00664800219238,0.00784629769623,0.0230647716671,0.0121302222833,0.00513790873811,0.0030046121683,0.00542969815433,0.00347537011839,0.00123952224385,0.000679522461724,0.000327923538862,0.000367129890947,0.000234153107158,0.000317248719512,0.000160319264978,0.00036306102993,0.000223781651584,0.000474464788567,0.00018241845828,0.0000594159064349,0.00004358348815,0.0000165730343724,0.00000568737914364,0.00000426072665505,0.00000191856565834,0.00000153596454311,7.22904189843e-7,6.06100172718e-7,5.58705608e-7,4.97102575991e-7,4.45737896371e-7],"mean":[0.0014358535409,0.00147988123354,0.000525444978848,0.000415976450313,0.000497593660839,0.000470081606181,0.000256116938544,0.000215436521103,0.000186554170796,0.000198677545995,0.000225251293159,0.000483770912979,0.000141859214636,0.000107588042738,0.0000666104169795,0.0000491996761411,0.0000581128515478,0.0000483896474179,0.0000334286378347,0.0000194911099243,0.0000198425750568,0.000010916557585,0.00000888221711648,0.0000070993855843,0.00000482854329675,0.00000350390973836,0.00000238079337578,0.00000131699334815,7.33091894745e-7,4.35368662011e-7,2.54135557043e-7,1.68594581851e-7,1.17164503877e-7,7.8891069677e-8,5.66126701074e-8,3.82558056344e-8,2.32791279586e-8,1.77326224815e-8,1.54702437527e-8,1.41153897459e-8],"median":[0.000652459973935,0.000613969285041,0.00020152736397,0.000117048999527,0.0000907193389139,0.000069869995059,0.000046891214879,0.0000387809341191,0.0000400519820687,0.0000539643297088,0.0000719859672245,0.0000888954455149,0.0000509890523972,0.0000390888599213,0.0000313533782901,0.000021075416953,0.0000262532485067,0.0000248116612056,0.0000177100009751,0.0000099615790532,0.00000885072950041,0.00000391165758629,0.00000254979931924,0.00000248999458563,0.0000016324642047,0.000001012193934,5.89955675423e-7,3.50036884811e-7,2.15931095227e-7,1.36320380761e-7,8.60723332607e-8,6.00438596621e-8,4.25809218996e-8,2.83326713202e-8,2.02215630907e-8,1.41711105073e-8,8.06417599364e-9,5.48001732881e-9,4.70348204828e-9,4.40605729679e-9],"min":[8.83413970536e-25,9.44654031469e-25,1.96669433166e-24,1.42953142978e-24,2.68899253421e-24,1.8572986512e-24,1.3935334387e-24,2.31202134837e-24,1.78223833886e-24,1.38360325762e-24,2.7751276648e-24,1.68824398428e-24,3.33411509389e-24,2.36153893625e-24,2.68276171635e-24,2.91009821581e-24,2.85196784457e-24,3.36668084978e-24,3.72160909256e-24,3.55185608652e-24,4.96444446038e-24,2.85525857784e-24,3.55948516033e-24,3.86465757924e-24,4.80911064839e-24,5.59336105605e-24,3.12665335329e-24,4.30190779622e-24,3.91577655476e-24,5.30929855497e-24,4.46973716494e-24,5.23105854153e-24,4.73513285042e-24,5.31547928016e-24,4.99967656613e-24,6.66639214187e-24,5.30976043303e-24,6.24788723216e-24,5.49364824877e-24,6.49685883359e-24],"var":[0.00000425568168794,0.00000677679554428,0.00000146615536778,7.97662607965e-7,0.00000181549569334,0.00000205341939363,4.49798591262e-7,4.74935092143e-7,2.08319775652e-7,1.62204159437e-7,1.47840395925e-7,9.83574977909e-7,1.29554663886e-7,5.5979388236e-8,1.09435625006e-8,1.27377131065e-8,1.07778186376e-8,5.45060796497e-9,2.17619788856e-9,7.59221074897e-10,9.56951518027e-10,3.94604099396e-10,3.35742572632e-10,1.66018296333e-10,1.30865526748e-10,9.48748440921e-11,1.17019186008e-10,2.51643376276e-11,5.21377515814e-12,2.0333155732e-12,3.8288710852e-13,1.07986909074e-13,4.68262242675e-14,2.0129160315e-14,1.06462224358e-14,4.26305033144e-15,1.77480952196e-15,1.17051747679e-15,9.17670201099e-16,7.48469652413e-16]},"melbands_crest":{"dmean":3.85946440697,"dmean2":6.2085146904,"dvar":10.4901981354,"dvar2":26.830739975,"max":39.9311752319,"mean":15.8133230209,"median":15.0716629028,"min":1.47685468197,"var":40.6612854004},"melbands_flatness_db":{"dmean":0.032673727721,"dmean2":0.0503291077912,"dvar":0.000773903389927,"dvar2":0.00181435002014,"max":0.597714364529,"mean":0.264933347702,"median":0.261540532112,"min":0.00148049904965,"var":0.00420586625114},"melbands_kurtosis":{"dmean":5.5473408699,"dmean2":8.51679611206,"dvar":336.290740967,"dvar2":522.602722168,"max":1030.12475586,"mean":9.38326644897,"median":2.49195361137,"min":-1.75538945198,"var":1243.7956543},"melbands_skewness":{"dmean":0.710806548595,"dmean2":1.09539270401,"dvar":0.646890163422,"dvar2":1.34830999374,"max":30.910194397,"mean":1.8466117382,"median":1.54014217854,"min":-3.61693692207,"var":4.17441606522},"melbands_spread":{"dmean":5.92462873459,"dmean2":9.12328624725,"dvar":48.3985557556,"dvar2":107.998184204,"max":169.033569336,"mean":21.2386436462,"median":18.3124542236,"min":0.226197123528,"var":290.550415039},"mfcc":{"cov":[[12996.1044922,2333.47094727,-1546.76745605,757.824035645,-573.532592773,-203.229736328,-227.555725098,204.713012695,58.2598342896,122.75353241,-26.6157150269,-72.2588195801,0.591017723083],[2333.47094727,1483.8170166,-244.078323364,-57.6175575256,-20.0108032227,-17.31300354,-39.3890953064,20.7597141266,25.2005405426,46.5187454224,12.888381958,-35.8768119812,-5.72421550751],[-1546.76745605,-244.078323364,739.87487793,-124.118812561,70.6053390503,-6.85056066513,9.81972980499,-78.5200271606,-29.8033714294,-16.7428627014,8.83740997314,7.74831914902,-22.6877765656],[757.824035645,-57.6175575256,-124.118812561,520.322875977,-13.1553249359,34.8344192505,26.8770008087,29.0679206848,-22.5577888489,6.71152687073,2.52601575851,-19.5174217224,-31.3438987732],[-573.532592773,-20.0108032227,70.6053390503,-13.1553249359,283.440856934,121.992538452,71.4211044312,27.4776916504,16.6825199127,8.58993434906,25.4667682648,14.2805242538,-2.92943620682],[-203.229736328,-17.31300354,-6.85056066513,34.8344192505,121.992538452,199.102081299,89.2949676514,57.4984931946,17.3808727264,3.23477554321,-2.74996066093,1.97158229351,-0.0303529463708],[-227.555725098,-39.3890953064,9.81972980499,26.8770008087,71.4211044312,89.2949676514,143.314666748,57.0958786011,29.64311409,-7.21464776993,-20.9610996246,-16.223865509,-13.3474006653],[204.713012695,20.7597141266,-78.5200271606,29.0679206848,27.4776916504,57.4984931946,57.0958786011,134.314605713,69.2525253296,23.3688602448,0.184808522463,-8.07742881775,-0.716018855572],[58.2598342896,25.2005405426,-29.8033714294,-22.5577888489,16.6825199127,17.3808727264,29.64311409,69.2525253296,104.882354736,57.6214904785,18.4628009796,3.71708726883,1.03388988972],[122.75353241,46.5187454224,-16.7428627014,6.71152687073,8.58993434906,3.23477554321,-7.21464776993,23.3688602448,57.6214904785,91.4399642944,57.1081771851,17.4128723145,3.29665851593],[-26.6157150269,12.888381958,8.83740997314,2.52601575851,25.4667682648,-2.74996066093,-20.9610996246,0.184808522463,18.4628009796,57.1081771851,86.4209289551,48.4080314636,12.5820560455],[-72.2588195801,-35.8768119812,7.74831914902,-19.5174217224,14.2805242538,1.97158229351,-16.223865509,-8.07742881775,3.71708726883,17.4128723145,48.4080314636,79.6011505127,44.7400360107],[0.591017723083,-5.72421550751,-22.6877765656,-31.3438987732,-2.92943620682,-0.0303529463708,-13.3474006653,-0.716018855572,1.03388988972,3.29665851593,12.5820560455,44.7400360107,67.0395736694]],"icov":[[0.000177013222128,-0.000245141010964,0.000203879244509,-0.000227912401897,0.000215290157939,0.0000630569993518,0.000187073179404,-0.000248341733823,0.000112906767754,-0.000227533440921,0.00031977109029,-0.000264552334556,0.000109962391434],[-0.000245141010964,0.0010964438552,-0.000016104302631,0.000483594223624,-0.000356275704689,-0.000100509736512,-0.0000696453207638,0.000324113585521,-0.000020140027118,-0.0000871986921993,-0.000655738404021,0.00105726951733,-0.000287504517473],[0.000203879244509,-0.000016104302631,0.00193397025578,0.000161806834512,-0.000153535671416,0.000197704153834,-0.00017191459483,0.000756800931413,0.000121437085909,-0.000220304093091,0.000133451045258,-0.000521900539752,0.00102643005084],[-0.000227912401897,0.000483594223624,0.000161806834512,0.00259468727745,-0.0000238624525082,-0.000336034310749,-0.000653389201034,-0.00048756893375,0.00174155074637,-0.000910124625079,-0.000454118446214,0.000219546753215,0.0011313065188],[0.000215290157939,-0.000356275704689,-0.000153535671416,-0.0000238624525082,0.00572234066203,-0.00295242271386,-0.00101836130489,0.000309879134875,-0.000740288174711,0.00148411176633,-0.002872944111,0.000206289041671,0.000293796416372],[0.0000630569993518,-0.000100509736512,0.000197704153834,-0.000336034310749,-0.00295242271386,0.00923419184983,-0.00360721396282,-0.00283983605914,0.00283088465221,-0.00250793108717,0.00237031164579,-0.00173657876439,-0.00017894722987],[0.000187073179404,-0.0000696453207638,-0.00017191459483,-0.000653389201034,-0.00101836130489,-0.00360721396282,0.0123530169949,-0.00267616310157,-0.00263506011106,0.00167048280127,0.0026698380243,-0.00028731446946,0.00166263256688],[-0.000248341733823,0.000324113585521,0.000756800931413,-0.00048756893375,0.000309879134875,-0.00283983605914,-0.00267616310157,0.0157522112131,-0.0112043274567,0.00487493816763,-0.00360616669059,0.00362875778228,-0.00210613221861],[0.000112906767754,-0.000020140027118,0.000121437085909,0.00174155074637,-0.000740288174711,0.00283088465221,-0.00263506011106,-0.0112043274567,0.0269204508513,-0.0195274949074,0.00932822283357,-0.00509345624596,0.00237083225511],[-0.000227533440921,-0.0000871986921993,-0.000220304093091,-0.000910124625079,0.00148411176633,-0.00250793108717,0.00167048280127,0.00487493816763,-0.0195274949074,0.0365415364504,-0.0256807710975,0.0110144102946,-0.0040837819688],[0.00031977109029,-0.000655738404021,0.000133451045258,-0.000454118446214,-0.002872944111,0.00237031164579,0.0026698380243,-0.00360616669059,0.00932822283357,-0.0256807710975,0.0407310202718,-0.0247956793755,0.0101649872959],[-0.000264552334556,0.00105726951733,-0.000521900539752,0.000219546753215,0.000206289041671,-0.00173657876439,-0.00028731446946,0.00362875778228,-0.00509345624596,0.0110144102946,-0.0247956793755,0.0380325689912,-0.0211826898158],[0.000109962391434,-0.000287504517473,0.00102643005084,0.0011313065188,0.000293796416372,-0.00017894722987,0.00166263256688,-0.00210613221861,0.00237083225511,-0.0040837819688,0.0101649872959,-0.0211826898158,0.0284817572683]],"mean":[-727.293518066,180.456176758,-33.097038269,12.4685726166,8.55693149567,12.6334848404,7.6299123764,9.38684177399,3.44555664062,3.52959752083,-0.877497553825,-4.18908023834,0.238535821438]},"pitch_salience":{"dmean":0.0707997009158,"dmean2":0.112857066095,"dvar":0.00381527864374,"dvar2":0.00942581146955,"max":0.971167623997,"mean":0.514184653759,"median":0.524080038071,"min":0.00658094650134,"var":0.0167390722781},"silence_rate_20dB":{"dmean":0,"dmean2":0,"dvar":0,"dvar2":0,"max":1,"mean":1,"median":1,"min":1,"var":0},"silence_rate_30dB":{"dmean":0.0308532863855,"dmean2":0.0617164894938,"dvar":0.0299007706344,"dvar2":0.0723747983575,"max":1,"mean":0.971240341663,"median":1,"min":0,"var":0.0279312469065},"silence_rate_60dB":{"dmean":0.0279607903212,"dmean2":0.055930569768,"dvar":0.0271764900535,"dvar2":0.0585939846933,"max":1,"mean":0.147493571043,"median":0,"min":0,"var":0.12573286891},"spectral_centroid":{"dmean":182.030136108,"dmean2":265.074707031,"dvar":77065.9140625,"dvar2":144430.265625,"max":11595.3515625,"mean":1131.8581543,"median":947.054443359,"min":129.715148926,"var":1257943.5},"spectral_complexity":{"dmean":3.23091745377,"dmean2":4.41755056381,"dvar":13.4222564697,"dvar2":21.5259342194,"max":52,"mean":16.0411319733,"median":16,"min":0,"var":106.465805054},"spectral_contrast_coeffs":{"dmean":[0.051384460181,0.0496791936457,0.0400807484984,0.0282220412046,0.0248946491629,0.0359799340367],"dmean2":[0.0831860825419,0.0794673264027,0.064135029912,0.0462158210576,0.0402769893408,0.0552446059883],"dvar":[0.00182191620115,0.00160165072884,0.00104012794327,0.000529727258254,0.000531478668563,0.00121463474352],"dvar2":[0.0044666249305,0.00405552843586,0.00255442224443,0.00139857223257,0.00139337254222,0.00279865670018],"max":[-0.304547429085,-0.412002325058,-0.534855544567,-0.612780332565,-0.605851829052,-0.493968456984],"mean":[-0.703234136105,-0.765057384968,-0.768308520317,-0.806957483292,-0.809069037437,-0.797475636005],"median":[-0.707267224789,-0.772101700306,-0.773510575294,-0.806791782379,-0.800792336464,-0.811138212681],"min":[-0.984253048897,-0.9868901968,-0.9795768857,-0.979368805885,-0.975323081017,-0.96363478899],"var":[0.00748018966988,0.0066043054685,0.00539428181946,0.00211264239624,0.00220575113781,0.00414749421179]},"spectral_contrast_valleys":{"dmean":[0.44264420867,0.42734977603,0.357706189156,0.316663205624,0.365335017443,0.662112295628],"dmean2":[0.699381351471,0.646973907948,0.535694420338,0.462722569704,0.497395902872,1.03612995148],"dvar":[0.182890176773,0.179110825062,0.143412187696,0.142160877585,0.184327825904,0.337600201368],"dvar2":[0.364865839481,0.338660567999,0.247832968831,0.247163251042,0.324383288622,0.822057962418],"max":[-5.18414831161,-4.57843589783,-4.75966882706,-5.54299068451,-5.80987930298,-9.09930896759],"mean":[-7.65430688858,-7.31190633774,-7.38332843781,-7.78960227966,-8.55210208893,-11.8166360855],"median":[-7.19154024124,-6.82640886307,-6.89160251617,-7.26534032822,-8.06195259094,-11.5228939056],"min":[-28.1682357788,-27.8684062958,-27.809551239,-27.8205890656,-27.5358753204,-27.3722705841],"var":[6.04390096664,6.19320392609,6.0521531105,5.7565703392,5.41478157043,3.82134151459]},"spectral_decrease":{"dmean":2.14688578026e-9,"dmean2":3.24098214932e-9,"dvar":1.10788741399e-17,"dvar2":2.60571058115e-17,"max":3.26676552476e-9,"mean":-4.35550306932e-9,"median":-2.67298538859e-9,"min":-5.29645411973e-8,"var":2.69991735394e-17},"spectral_energy":{"dmean":0.0108657618985,"dmean2":0.0156142516062,"dvar":0.00031012276304,"dvar2":0.000671432469971,"max":0.255445480347,"mean":0.0324930846691,"median":0.0251406207681,"min":9.69793093285e-21,"var":0.000946666870732},"spectral_energyband_high":{"dmean":0.000131368185976,"dmean2":0.000179321577889,"dvar":7.28031750441e-8,"dvar2":1.28207148009e-7,"max":0.00786913745105,"mean":0.000298820261378,"median":0.000154084424139,"min":6.83637876749e-21,"var":2.10380349586e-7},"spectral_energyband_low":{"dmean":0.00544918701053,"dmean2":0.00888525415212,"dvar":0.000115458853543,"dvar2":0.000292547600111,"max":0.128320857882,"mean":0.00866158492863,"median":0.00462276441976,"min":1.60506783149e-23,"var":0.000139474344905},"spectral_energyband_middle_high":{"dmean":0.00262196594849,"dmean2":0.00383313139901,"dvar":0.0000253323978541,"dvar2":0.0000576229285798,"max":0.16145400703,"mean":0.00712683517486,"median":0.00370474928059,"min":1.18408370235e-21,"var":0.0000865591864567},"spectral_energyband_middle_low":{"dmean":0.00405514799058,"dmean2":0.00578517792746,"dvar":0.000053445026424,"dvar2":0.000109783140942,"max":0.18163689971,"mean":0.00926504656672,"median":0.00411407649517,"min":1.68587703868e-22,"var":0.00017494847998},"spectral_entropy":{"dmean":0.183503314853,"dmean2":0.272187978029,"dvar":0.0317408330739,"dvar2":0.0680136531591,"max":9.82246303558,"mean":7.30308198929,"median":7.31771183014,"min":5.25346755981,"var":0.207878425717},"spectral_flux":{"dmean":0.0243883486837,"dmean2":0.0375322476029,"dvar":0.000949672597926,"dvar2":0.00197072071023,"max":0.403579175472,"mean":0.0856614485383,"median":0.0772474333644,"min":6.46720732522e-11,"var":0.00330044748262},"spectral_kurtosis":{"dmean":7.7824678421,"dmean2":12.2097015381,"dvar":77.8895263672,"dvar2":190.082168579,"max":115.018409729,"mean":29.1759490967,"median":26.9831485748,"min":-1.26916384697,"var":195.375244141},"spectral_rms":{"dmean":0.000853721925523,"dmean2":0.00117621512618,"dvar":0.00000121837183542,"dvar2":0.00000233465584643,"max":0.0157865490764,"mean":0.0049175764434,"median":0.00495251826942,"min":3.07593815869e-12,"var":0.00000751811921873},"spectral_rolloff":{"dmean":2720.81762695,"dmean2":5240.72216797,"dvar":39529756,"dvar2":94620208,"max":22050,"mean":15696.1123047,"median":21124.0722656,"min":21.533203125,"var":79507824},"spectral_skewness":{"dmean":0.513114213943,"dmean2":0.78001832962,"dvar":0.30672711134,"dvar2":0.716704487801,"max":8.37535190582,"mean":3.74496626854,"median":3.61810517311,"min":-0.080748796463,"var":1.15999901295},"spectral_spread":{"dmean":501752.96875,"dmean2":813022.125,"dvar":822364405760,"dvar2":1694978277380,"max":43281316,"mean":3686133.75,"median":3113886,"min":1129131,"var":15464840298500},"spectral_strongpeak":{"dmean":9.32614803314,"dmean2":17.4174346924,"dvar":518.850402832,"dvar2":1423.59912109,"max":157.799560547,"mean":10.1334056854,"median":0.380655407906,"min":0,"var":658.206359863},"zerocrossingrate":{"dmean":0.0399319604039,"dmean2":0.0485329739749,"dvar":0.0013169151498,"dvar2":0.00191970576998,"max":0.73876953125,"mean":0.291657447815,"median":0.29052734375,"min":0,"var":0.0155771970749}},"metadata":{"audio_properties":{"analysis_sample_rate":44100,"bit_rate":228334,"codec":"mp3","downmix":"mix","equal_loudness":0,"length":144.484329224,"lossless":false,"md5_encoded":"761a4105e0200bacfa3ffc4937fbc865","replay_gain":-2.73066902161,"sample_rate":44100},"tags":{"album":["Waiting for the Sun"],"albumartist":["The Doors"],"albumartistsort":["Doors, The"],"artist":["The Doors"],"artistsort":["Doors, The"],"asin":["B000007S5B"],"date":["1968-07"],"file_name":"09 - The Doors - We Could Be So Good Together.mp3","genre":["Alternative Rock","60S","The Doors","Rock And Roll","Psychedelic Rock","Doors","Rock","Blues","Psychedelic","Classic Rock"],"musicbrainz album release country":["US"],"musicbrainz album status":["official"],"musicbrainz album type":["album"],"musicbrainz_albumartistid":["9efff43b-3b29-4082-824e-bc82f646f93d"],"musicbrainz_albumid":["355ceb72-1ed8-466e-8fbe-3f93138aa189"],"musicbrainz_artistid":["9efff43b-3b29-4082-824e-bc82f646f93d"],"musicbrainz_recordingid":["e08fe797-3a41-451f-85cb-cfb6cf1e46c6"],"title":["We Could Be So Good Together"],"tracknumber":["9/11"]},"version":{"essentia":"2.1-beta1","essentia_build_sha":"81dca3489dfd3c4275b86ac4d56d870715677d3f","essentia_git_sha":"v2.1_beta1-28-g21ef5f4","extractor":"music 1.0"}},"rhythm":{"beats_count":342,"beats_loudness":{"dmean":0.0298862792552,"dmean2":0.0531387999654,"dvar":0.000658213626593,"dvar2":0.00204815622419,"max":0.203693330288,"mean":0.0541171580553,"median":0.0519645512104,"min":0,"var":0.00115049106535},"beats_loudness_band_ratio":{"dmean":[0.166951686144,0.126543417573,0.092796087265,0.0915286689997,0.0445197112858,0.109195619822],"dmean2":[0.282931774855,0.21894544363,0.163939088583,0.157846525311,0.0848701447248,0.189740434289],"dvar":[0.0164121147245,0.0188635606319,0.0105858389288,0.00723793916404,0.00172811606899,0.00805289298296],"dvar2":[0.0436581894755,0.0523859970272,0.0