{"lowlevel":{"average_loudness":0.942176640034,"barkbands":{"dmean":[0.000324442080455,0.00641559436917,0.00314572965726,0.00143689184915,0.00270602433011,0.00165821018163,0.000822626287118,0.000537136569619,0.000499792979099,0.000661383441184,0.00107813684735,0.000866104033776,0.000719917705283,0.0006206916878,0.000501757371239,0.000341104634572,0.000185336350114,0.0000869257855811,0.000125695805764,0.0000764432552387,0.0000519309469382,0.0000339256621373,0.0000177001656994,0.0000140088004628,0.0000115168522825,0.0000049937316362,8.18794887891e-7],"dmean2":[0.000579363666475,0.0103544071317,0.00583930220455,0.00244947802275,0.00448310980573,0.00257967947982,0.00130771263503,0.000813531747553,0.000746160978451,0.000977012445219,0.00164277059957,0.00131484575104,0.00115122203715,0.000977755640633,0.000792301434558,0.000518398650456,0.000291630101856,0.000138276212965,0.0002049911418,0.000121023003885,0.0000816984684207,0.0000527995180164,0.0000274020003417,0.0000202412775252,0.0000161757798196,0.00000699823158357,0.00000122043593365],"dvar":[6.50253468848e-7,0.000215473934077,0.000045503864385,0.0000061063742578,0.0000139512358146,0.00000862952038005,0.00000179410460532,5.79742334139e-7,0.00000152305756274,8.51578477068e-7,0.00000292285244541,0.00000137904987696,0.00000131684078042,9.71797248894e-7,5.8961444438e-7,4.93214713515e-7,8.14214971001e-8,1.70895173568e-8,2.71868270119e-8,1.1168471481e-8,7.48876427537e-9,3.2109754855e-9,8.2683909719e-10,8.48340508952e-10,1.35870092954e-9,1.15533187184e-10,3.52539395246e-12],"dvar2":[0.00000178132961537,0.000490001693834,0.000137549242936,0.0000163882505149,0.0000383023034374,0.0000190734681382,0.00000449287426818,0.00000124006623992,0.00000285309715764,0.00000177210665697,0.00000639325890006,0.00000315644570037,0.00000311715848511,0.0000022601202545,0.00000137693643865,9.40684628858e-7,1.88800569845e-7,3.96379711276e-8,7.23961264271e-8,2.66542521388e-8,1.84212929355e-8,7.94689469785e-9,1.92543869737e-9,1.61114832586e-9,2.5574613538e-9,2.01229588548e-10,7.60579620118e-12],"max":[0.00623417366296,0.0882179141045,0.0469748452306,0.0384181663394,0.0604634359479,0.0680822134018,0.0445615574718,0.0212505888194,0.0458424836397,0.0330960378051,0.0275109801441,0.0219826810062,0.0386889278889,0.0237941592932,0.0222030784935,0.0254532825202,0.00797348469496,0.00338184693828,0.00387756386772,0.00204887520522,0.00178389891516,0.00150062027387,0.000970284454525,0.00112393684685,0.00272798747756,0.000405699509429,0.0000456055022369],"mean":[0.000259682885371,0.00608968548477,0.00289176916704,0.00188120210078,0.00526766013354,0.00370087078772,0.00164092285559,0.00126575841568,0.00127885246184,0.00166786834598,0.00233315839432,0.00235259020701,0.00153867749032,0.00129931501579,0.00104560167529,0.000752923719119,0.000423466495704,0.000209415913559,0.000325961533235,0.000210824553506,0.000126464277855,0.0000869897048688,0.000048189656809,0.0000395540992031,0.000030475184758,0.0000127836228785,0.00000148877484207],"median":[0.0000216218359128,0.000368689303286,0.000521341455169,0.000965423532762,0.00349359819666,0.00196660868824,0.0010803565383,0.000841159257106,0.000685104168952,0.00119635346346,0.00127259036526,0.0015876123216,0.0010425504297,0.000868788920343,0.000678925891407,0.000416325143306,0.000295820151223,0.000163362070452,0.00025631688186,0.000161271935212,0.0000747158483136,0.0000537858868483,0.0000288873015961,0.0000196023138415,0.0000114547401608,0.00000443051112597,2.17914646328e-7],"min":[2.27086381254e-25,1.76580478848e-24,8.50637292962e-25,1.12491742578e-24,6.76879259826e-24,6.21712678445e-24,2.33898362803e-24,4.27466803473e-24,1.04971669619e-23,1.06011948384e-23,9.27332736472e-24,1.98978851077e-23,2.685756469e-23,3.50120892871e-23,3.41670236201e-23,4.94027865318e-23,6.24284767315e-23,1.02326353947e-22,1.40013710377e-22,1.52589377519e-22,2.07957833138e-22,2.77311694513e-22,3.84163143939e-22,5.75262666123e-22,8.70276904221e-22,1.33965272741e-21,1.88019425508e-21],"var":[4.79309903767e-7,0.0002110232017,0.0000337817218679,0.0000071583067438,0.0000303966498905,0.0000352718343493,0.00000364382026419,0.00000220139736484,0.0000100990419014,0.00000307805589728,0.00000842103963805,0.00000568602490603,0.00000309947290589,0.00000223857728088,0.00000185696194421,0.00000183353643024,2.34952096889e-7,4.30166267051e-8,7.97416745968e-8,3.91205396966e-8,2.64331756483e-8,1.10429496658e-8,3.43308803608e-9,3.63732000075e-9,4.25120250114e-9,4.65720906284e-10,1.07894249091e-11]},"barkbands_crest":{"dmean":2.73474240303,"dmean2":4.50197839737,"dvar":10.0795583725,"dvar2":25.6482315063,"max":23.5515613556,"mean":8.49599647522,"median":7.39817333221,"min":2.50077915192,"var":15.5789060593},"barkbands_flatness_db":{"dmean":0.0178031884134,"dmean2":0.0262632779777,"dvar":0.00040038410225,"dvar2":0.000796487031039,"max":0.388287037611,"mean":0.135559201241,"median":0.123420894146,"min":0.0122604975477,"var":0.00292982719839},"barkbands_kurtosis":{"dmean":1.56091141701,"dmean2":2.48431062698,"dvar":8.98354434967,"dvar2":19.6409244537,"max":94.1000595093,"mean":1.85266649723,"median":0.398441553116,"min":-1.79677450657,"var":22.7299575806},"barkbands_skewness":{"dmean":0.438150584698,"dmean2":0.661280035973,"dvar":0.282179683447,"dvar2":0.566601455212,"max":7.78409051895,"mean":0.866751730442,"median":0.710194706917,"min":-2.80310440063,"var":1.06125676632},"barkbands_spread":{"dmean":2.95384263992,"dmean2":4.51207780838,"dvar":9.95735931396,"dvar2":21.955083847,"max":80.9834671021,"mean":16.79454422,"median":16.5526542664,"min":0.954338371754,"var":41.5916061401},"dissonance":{"dmean":0.0192449316382,"dmean2":0.0326566435397,"dvar":0.000323403422954,"dvar2":0.000883437343873,"max":0.5,"mean":0.462201833725,"median":0.467801809311,"min":0.269770890474,"var":0.000679385091644},"dynamic_complexity":1.31257903576,"erbbands":{"dmean":[0.215648621321,1.40825021267,3.49447417259,4.15677928925,7.64081287384,8.87874698639,12.8928375244,14.1276063919,13.5982370377,8.43148422241,11.2396783829,11.1162042618,11.733505249,23.5635070801,48.4382896423,36.8294868469,31.3412494659,25.8516044617,32.7597465515,15.0432243347,15.7224216461,7.58282995224,5.04803371429,4.30364322662,6.23637390137,4.20033407211,2.21520280838,1.71629869938,1.1348413229,0.776958167553,0.451877146959,0.286695688963,0.265529811382,0.148300901055,0.0661943182349,0.026116758585,0.0081681907177,0.00192817265633,0.000133051464218,0.0000132046634462],"dmean2":[0.375536739826,2.24461603165,6.41583204269,7.29921627045,12.9404802322,14.4651517868,19.7718200684,22.3786659241,21.6705532074,13.1081666946,16.9653587341,16.6207427979,17.8407745361,35.1034088135,74.1581268311,55.3715133667,49.9450683594,40.5349349976,51.191444397,22.7541980743,24.3264522552,11.8176546097,7.96632432938,6.98154830933,10.1804618835,6.64500236511,3.45258522034,2.65701436996,1.7485806942,1.22461509705,0.700848460197,0.432914882898,0.381968408823,0.208987995982,0.0948777422309,0.0376755520701,0.0115083474666,0.00273283338174,0.000198200010345,0.0000198796551558],"dvar":[0.291154593229,10.0619859695,58.0832252502,59.2549057007,121.394851685,191.860321045,537.849609375,922.093505859,538.46697998,139.667480469,303.087463379,964.132507324,520.639587402,977.739196777,5820.86474609,2780.74316406,2432.19238281,1884.66772461,1797.28515625,1212.42419434,785.393615723,114.172080994,60.8071022034,33.5584869385,61.9344406128,37.2145080566,12.5551147461,7.50520324707,3.61775612831,1.63634765148,0.550113916397,0.296474426985,0.388394445181,0.195180699229,0.0471939183772,0.0033229959663,0.000326947949361,0.000019818513465,1.05427830022e-7,3.82332637772e-10],"dvar2":[0.764831900597,22.7344055176,172.096786499,166.830154419,346.614990234,501.580627441,1207.94726562,2079.80883789,1362.61120605,328.604919434,657.645080566,1763.39709473,1084.58227539,2142.28393555,12815.2216797,6246.10107422,5948.56689453,4405.42919922,4199.01318359,2201.27587891,1502.1907959,255.329742432,137.964782715,87.3387756348,165.786651611,87.8392410278,30.7140197754,17.4304904938,8.65445041656,4.09454965591,1.26049566269,0.629971623421,0.733939468861,0.324635028839,0.0985777154565,0.00601855618879,0.000607361958828,0.0000382274884032,2.33304945141e-7,7.7011436117e-10],"max":[2.84223890305,18.8968391418,48.7848014832,84.5648803711,146.187225342,252.216598511,434.897521973,873.093994141,787.040710449,226.120361328,574.213256836,1234.26806641,1319.73522949,1042.91723633,1319.86401367,1114.88391113,1502.34655762,1452.67346191,1294.48303223,1591.95544434,1359.25268555,359.317901611,212.435119629,144.919265747,147.54989624,124.744346619,76.2341690063,65.2552947998,56.030166626,43.82056427,14.8297748566,16.774389267,24.1501922607,30.9544734955,16.5083675385,2.62508153915,0.44004970789,0.107781350613,0.0077400226146,0.000646282918751],"mean":[0.158811107278,1.41655087471,3.34428024292,5.21830844879,12.100194931,17.0695304871,27.3982448578,29.6299781799,27.5426616669,20.079782486,27.7320785522,30.0069198608,33.2414970398,67.4783782959,115.52495575,112.230194092,74.0811080933,61.6477203369,77.5544281006,38.6888847351,38.5770950317,20.5016326904,12.8835334778,12.1087865829,16.0880355835,11.4179372787,6.02323102951,4.51786804199,3.05033445358,2.03000855446,1.22985446453,0.803356349468,0.686093866825,0.388722777367,0.170464664698,0.0658833533525,0.02022289671,0.00431123748422,0.000249211007031,0.0000497798537253],"median":[0.00869653560221,0.114058181643,0.556614875793,2.58091640472,7.18696165085,9.85707855225,16.8515281677,12.0724201202,18.6022987366,13.8404960632,19.7012901306,15.0237951279,23.868106842,52.9738693237,69.7740783691,77.8203277588,52.3309631348,45.7100296021,58.4456329346,23.2058506012,24.4849319458,15.0989933014,10.0165948868,10.045343399,12.8946857452,8.34204292297,3.76569890976,2.65738105774,1.91537976265,1.27838969231,0.720769405365,0.454017221928,0.283153772354,0.158034324646,0.0627557188272,0.0245114360005,0.00657386425883,0.00107910321094,0.0000505742427777,0.0000402143996325],"min":[5.97136529469e-23,3.34008856955e-22,2.2676296193e-21,4.94514621527e-21,1.21681951645e-20,1.85078495508e-20,3.13189643841e-20,6.38212235591e-20,6.45510812027e-20,6.82963546835e-20,1.0318806723e-19,3.13676530104e-19,5.62283466008e-19,7.65478625723e-19,6.44689886968e-19,1.00047360671e-18,1.59237117263e-18,1.80993528676e-18,2.81472832724e-18,2.8040765157e-18,3.65600306345e-18,4.725004965e-18,6.02174995511e-18,7.06327539826e-18,7.51215322946e-18,8.31976274872e-18,8.97215017168e-18,1.09967458584e-17,1.02929532963e-17,1.16759976261e-17,1.11155695262e-17,1.18027754627e-17,1.06282385499e-17,8.60764559013e-18,6.47197939944e-18,4.35650840982e-18,2.20263266513e-18,9.57799875901e-19,2.47491431149e-19,2.64996808884e-20],"var":[0.212894067168,10.3090419769,44.3287658691,54.6928787231,205.024581909,434.371704102,1495.42407227,3970.50878906,1093.00817871,501.82144165,904.883056641,7598.13623047,2127.7734375,3787.22314453,16725.1054688,12331.9570312,6052.2265625,4370.56738281,6032.63476562,5256.90087891,3562.10131836,473.564025879,163.586868286,93.5351409912,181.098709106,129.953201294,50.4641227722,32.3005561829,13.3018579483,5.58920907974,2.32189822197,1.14403855801,1.50716209412,0.683077514172,0.125222653151,0.012402901426,0.00124642043374,0.0000678024734952,2.96526991406e-7,1.03867836554e-9]},"erbbands_crest":{"dmean":2.16251993179,"dmean2":3.38573360443,"dvar":5.00848531723,"dvar2":11.2494363785,"max":32.4387664795,"mean":9.55631637573,"median":8.64458084106,"min":2.53977608681,"var":16.713602066},"erbbands_flatness_db":{"dmean":0.0138347465545,"dmean2":0.018328262493,"dvar":0.000212566985283,"dvar2":0.000336138968123,"max":0.430222988129,"mean":0.189457759261,"median":0.180821090937,"min":0.0600615218282,"var":0.00294319097884},"erbbands_kurtosis":{"dmean":0.700752615929,"dmean2":1.09753704071,"dvar":1.12462317944,"dvar2":2.60687065125,"max":25.1413822174,"mean":0.852945923805,"median":0.509320497513,"min":-1.85446345806,"var":2.88108968735},"erbbands_skewness":{"dmean":0.251994222403,"dmean2":0.379419326782,"dvar":0.073554970324,"dvar2":0.160697177052,"max":4.34744739532,"mean":0.1111959517,"median":0.0877546221018,"min":-3.91986012459,"var":0.335354238749},"erbbands_spread":{"dmean":4.18985176086,"dmean2":6.40278148651,"dvar":21.6452064514,"dvar2":47.6514205933,"max":137.823287964,"mean":24.6353473663,"median":23.4314022064,"min":2.48843717575,"var":121.792640686},"gfcc":{"cov":[[24300.4023438,1228.7454834,-1897.07446289,539.353393555,-1165.28771973,487.488311768,-818.692687988,86.7491455078,-672.038146973,177.168319702,-401.312347412,144.761901855,-266.417694092],[1228.7454834,1359.12561035,-256.01385498,-43.457321167,224.226013184,-115.604492188,76.4722671509,-65.357749939,73.7962265015,-94.8899383545,118.816246033,-121.850379944,50.0838127136],[-1897.07446289,-256.01385498,1358.33581543,346.476531982,210.951446533,196.368347168,137.200073242,113.789741516,142.201919556,114.488716125,-63.787437439,60.7755050659,-67.8254623413],[539.353393555,-43.457321167,346.476531982,361.215820312,35.9209060669,139.518295288,73.25,51.8160324097,28.5325546265,57.6353340149,-22.8890628815,23.6347694397,-27.547504425],[-1165.28771973,224.226013184,210.951446533,35.9209060669,329.661437988,49.22498703,109.286201477,29.884727478,106.326896667,3.14775800705,61.7859115601,-8.65519618988,40.3524017334],[487.488311768,-115.604492188,196.368347168,139.518295288,49.22498703,193.61277771,71.6787109375,64.4267578125,6.93688774109,53.1675567627,-3.2779481411,32.3727607727,-18.4849567413],[-818.692687988,76.4722671509,137.200073242,73.25,109.286201477,71.6787109375,195.253570557,55.8457946777,60.0315666199,13.1409015656,56.8941001892,-7.55002403259,7.69677782059],[86.7491455078,-65.357749939,113.789741516,51.8160324097,29.884727478,64.4267578125,55.8457946777,112.12651062,49.9128837585,39.2972793579,-2.07095575333,29.0404644012,-5.18444061279],[-672.038146973,73.7962265015,142.201919556,28.5325546265,106.326896667,6.93688774109,60.0315666199,49.9128837585,113.253089905,32.7480239868,27.8273620605,3.06240296364,12.8428821564],[177.168319702,-94.8899383545,114.488716125,57.6353340149,3.14775800705,53.1675567627,13.1409015656,39.2972793579,32.7480239868,84.2193145752,15.4658050537,28.2682609558,-16.9450302124],[-401.312347412,118.816246033,-63.787437439,-22.8890628815,61.7859115601,-3.2779481411,56.8941001892,-2.07095575333,27.8273620605,15.4658050537,103.943786621,7.55112886429,27.8171310425],[144.761901855,-121.850379944,60.7755050659,23.6347694397,-8.65519618988,32.3727607727,-7.55002403259,29.0404644012,3.06240296364,28.2682609558,7.55112886429,80.8025741577,22.8779220581],[-266.417694092,50.0838127136,-67.8254623413,-27.547504425,40.3524017334,-18.4849567413,7.69677782059,-5.18444061279,12.8428821564,-16.9450302124,27.8171310425,22.8779220581,74.6183242798]],"icov":[[0.000290136114927,-0.000815577630419,0.000524878094438,-0.000453943299362,0.000540524430107,-0.00114538299385,0.00102485809475,-0.000775619060732,0.00110064598266,-0.00121180003043,0.00114590511657,-0.00100787775591,0.000574383768253],[-0.000815577630419,0.00352139212191,-0.00126008572988,0.000758943671826,-0.00212239357643,0.00358207826503,-0.00257537723519,0.00219721067697,-0.00373044819571,0.00461731571704,-0.00451734755188,0.00420625833794,-0.00160224502906],[0.000524878094438,-0.00126008572988,0.00248826993629,-0.0016576187918,-0.0000135640511871,-0.00206339219585,0.00119280221406,-0.000649539695587,0.000695302325767,-0.00269543589093,0.00366233475506,-0.00321500492282,0.00258625438437],[-0.000453943299362,0.000758943671826,-0.0016576187918,0.00559535250068,-0.0000417323353759,-0.000734567176551,-0.00273625226691,0.00201557134278,-0.00178974552546,0.00024911746732,-0.000177234614966,0.00123016221914,-0.00125480163842],[0.000540524430107,-0.00212239357643,-0.0000135640511871,-0.0000417323353759,0.00781475100666,-0.00517461635172,0.00170020887163,-0.000272457575193,-0.00311700860038,0.000454865163192,-0.0000256964085565,-0.000579680257943,-0.00154849677347],[-0.00114538299385,0.00358207826503,-0.00206339219585,-0.000734567176551,-0.00517461635172,0.0165641531348,-0.00721718929708,-0.000846227165312,0.00263158441521,-0.000548503827304,-0.00286271190271,0.00238620210439,-0.00129503267817],[0.00102485809475,-0.00257537723519,0.00119280221406,-0.00273625226691,0.00170020887163,-0.00721718929708,0.0147816054523,-0.00698514143005,0.00141386757605,0.000896116660442,-0.00348006887361,0.000591321440879,0.0018206340028],[-0.000775619060732,0.00219721067697,-0.000649539695587,0.00201557134278,-0.000272457575193,-0.000846227165312,-0.00698514143005,0.020113568753,-0.0113216890022,0.00108950666618,0.0018815199146,-0.0032246215269,0.000448640814284],[0.00110064598266,-0.00373044819571,0.000695302325767,-0.00178974552546,-0.00311700860038,0.00263158441521,0.00141386757605,-0.0113216890022,0.0276016891003,-0.0144479069859,0.00477145332843,-0.000717304879799,-0.00178047013469],[-0.00121180003043,0.00461731571704,-0.00269543589093,0.00024911746732,0.000454865163192,-0.000548503827304,0.000896116660442,0.00108950666618,-0.0144479069859,0.0319167338312,-0.0145178530365,0.00041821601917,0.00483611505479],[0.00114590511657,-0.00451734755188,0.00366233475506,-0.000177234614966,-0.0000256964085565,-0.00286271190271,-0.00348006887361,0.0018815199146,0.00477145332843,-0.0145178530365,0.0249518640339,-0.0086967498064,-0.000572219723836],[-0.00100787775591,0.00420625833794,-0.00321500492282,0.00123016221914,-0.000579680257943,0.00238620210439,0.000591321440879,-0.0032246215269,-0.000717304879799,0.00041821601917,-0.0086967498064,0.0271951779723,-0.0131478905678],[0.000574383768253,-0.00160224502906,0.00258625438437,-0.00125480163842,-0.00154849677347,-0.00129503267817,0.0018206340028,0.000448640814284,-0.00178047013469,0.00483611505479,-0.000572219723836,-0.0131478905678,0.0244244039059]],"mean":[1.49239683151,108.613220215,-143.132781982,12.273815155,-52.9139442444,10.0081214905,-37.8837547302,-5.52982664108,-33.1077613831,-0.554177641869,-12.1583938599,-1.88590586185,-7.6089015007]},"hfc":{"dmean":3.322057724,"dmean2":4.9421005249,"dvar":14.0047397614,"dvar2":27.906578064,"max":96.7250289917,"mean":25.9411773682,"median":24.8651714325,"min":1.06733820973e-16,"var":123.872764587},"melbands":{"dmean":[0.0018756716745,0.00169405422639,0.000770760234445,0.000630704162177,0.000407679239288,0.000307423440972,0.000201293965802,0.0000961667028605,0.0000874213073985,0.0000738804374123,0.0000625333850621,0.000100116594695,0.000167479651282,0.000106408850115,0.000081439888163,0.0000591130956309,0.000053993491747,0.000058432266087,0.0000275545244222,0.0000256201383309,0.00001984082337,0.0000101554933281,0.00000569746043766,0.0000045266797315,0.00000384040322388,0.00000611966333963,0.00000281847269434,0.00000341412123817,0.0000011855977391,0.00000210895041164,0.00000107773962554,7.47854187466e-7,6.45461227577e-7,4.93491768339e-7,2.93549078378e-7,2.03325754455e-7,1.78349907287e-7,1.93335651488e-7,1.92353695638e-7,1.20837754025e-7],"dmean2":[0.00311348051764,0.00282456120476,0.00134238204919,0.00104922312312,0.000631649687421,0.000485493917949,0.000320427643601,0.000148736144183,0.000132191533339,0.000109874737973,0.0000945386200328,0.00014863582328,0.000254100246821,0.000160531824804,0.000128834464704,0.0000923761399463,0.0000849173447932,0.0000913952389965,0.0000428745624959,0.0000388989683415,0.0000310027571686,0.0000158897510119,0.00000913407075132,0.00000724593519408,0.00000631761622572,0.0000100822635432,0.00000455920053355,0.00000545144212083,0.00000187781620298,0.00000341871873388,0.00000172131944964,0.00000118758487133,0.00000102524904833,7.9173287304e-7,4.64865394179e-7,3.16721582294e-7,2.73955805596e-7,2.85928138055e-7,2.83745151819e-7,1.74955189891e-7],"dvar":[0.0000197952176677,0.0000134079018608,0.00000166262861967,7.96303538664e-7,5.0441917665e-7,3.79953149832e-7,1.08173537683e-7,1.81968875523e-8,2.3319133291e-8,3.9723321521e-8,1.38158533503e-8,1.8688625758e-8,7.17865020761e-8,2.02962606721e-8,1.31211272958e-8,1.17492771068e-8,8.61515569994e-9,5.93886273492e-9,1.99710670223e-9,3.79559628172e-9,1.12266329566e-9,2.26815136117e-10,9.5667390676e-11,3.50581126629e-11,2.84369697928e-11,6.04120781178e-11,1.14513624278e-11,2.94361097997e-11,3.22873260246e-12,1.47875722084e-11,3.28190903273e-12,1.76685879469e-12,1.19183796946e-12,8.38693860455e-13,2.39347062135e-13,1.25366608913e-13,1.40166646193e-13,1.772836706e-13,2.94457654874e-13,1.27453128889e-13],"dvar2":[0.0000483931871713,0.0000351465423591,0.00000470981967737,0.00000223741744776,0.00000120254196645,8.66001300892e-7,2.72553847935e-7,4.11376532838e-8,5.08198247928e-8,7.1474040908e-8,2.86128454263e-8,4.02492545959e-8,1.57454053351e-7,4.50997639234e-8,3.30339773313e-8,2.49608262948e-8,2.05116439389e-8,1.36456215216e-8,4.40203429264e-9,6.93005430819e-9,2.32598296179e-9,5.00958885485e-10,2.2101982744e-10,8.58213500265e-11,7.57330170797e-11,1.62394334091e-10,2.98142170674e-11,7.11367006967e-11,8.08654618961e-12,3.80491818608e-11,8.04566396145e-12,4.47195969491e-12,3.00207992146e-12,2.13735713156e-12,5.72491327348e-13,2.89563566267e-13,2.93681095068e-13,3.49126489437e-13,5.9745074556e-13,2.05241910706e-13],"max":[0.0257256049663,0.0246241651475,0.0131124584004,0.0131361884996,0.0145787950605,0.0168090257794,0.0105647658929,0.00299856229685,0.00651501305401,0.00810412690043,0.00637715356424,0.00397751526907,0.00452010007575,0.00240506161936,0.00230726227164,0.00412973482162,0.00288430391811,0.00243030884303,0.00137756438926,0.00219479924999,0.00137683667708,0.000508096651174,0.000322050414979,0.000132361368742,0.000125734251924,0.000157931004651,0.0000769039543229,0.000107542204205,0.0000351972776116,0.0000759189861128,0.000044268243073,0.000038861115172,0.0000371236856154,0.0000337007586495,0.000010063499758,0.00000915337932383,0.0000140035690492,0.0000158435614139,0.0000239114251599,0.0000269290012511],"mean":[0.00158892967738,0.00185387500096,0.00107596442103,0.00111036957242,0.000895753852092,0.000653497350868,0.000410245149396,0.000228427656111,0.000215135689359,0.000192664112546,0.000166833109688,0.000260473461822,0.000364731036825,0.000302581815049,0.000214488551137,0.000135582289658,0.000113515139674,0.000132906119688,0.0000610157840129,0.0000540867731615,0.0000435655165347,0.0000238129086938,0.0000122629971884,0.0000103843567558,0.00000914381598704,0.0000144006507981,0.0000075378143265,0.00000798098790256,0.00000307442246594,0.00000415754948335,0.000002388307621,0.00000176952346465,0.00000146291608871,0.00000104930131783,7.02065847236e-7,5.2721981092e-7,4.6789241992e-7,4.73838497328e-7,4.50086957926e-7,2.91488447601e-7],"median":[0.0000955239520408,0.000267895113211,0.000601019884925,0.000702829915099,0.000568482209928,0.000289196555968,0.000278673425782,0.000151442509377,0.000155130241183,0.0000946308136918,0.00011983521108,0.000184899399756,0.000202781520784,0.000231700047152,0.000162713608006,0.0000948497036006,0.000079425117292,0.000098153934232,0.0000393324371544,0.0000271269636869,0.0000281000357063,0.000016686401068,0.00000883098346094,0.00000823252776172,0.00000724370784155,0.0000111971530714,0.0000063170436988,0.00000529547969563,0.00000199963869818,0.00000213639350477,0.00000134210972647,0.00000105935032479,9.06699483494e-7,6.00752855462e-7,3.91788717025e-7,3.07030092017e-7,2.52250003996e-7,2.02641132319e-7,1.60041224717e-7,1.20425568184e-7],"min":[8.81869972529e-25,1.0004566714e-24,1.50833952168e-24,9.77204404571e-25,9.30884957407e-25,1.36076997454e-24,7.97533395494e-25,8.96394775339e-25,7.91717567774e-25,2.02490141963e-24,2.6078503015e-24,2.31388128517e-24,1.68806530728e-24,2.44033766043e-24,2.04588551414e-24,3.05912469043e-24,2.75859333745e-24,3.86593001188e-24,2.55540840624e-24,3.71375992655e-24,3.97511861635e-24,3.23292849722e-24,3.09519003051e-24,3.73731491875e-24,4.41386530247e-24,3.4619334375e-24,3.55903038202e-24,4.98406303666e-24,5.18316087952e-24,5.11461872762e-24,5.93117298934e-24,5.41786632591e-24,3.78588469026e-24,5.88479388457e-24,5.73310066567e-24,5.67174700876e-24,6.36913554772e-24,6.52149969283e-24,5.96898033152e-24,6.83485654362e-24],"var":[0.0000169435825228,0.0000129882528199,0.00000179574374215,0.00000163101458384,0.00000139642384056,0.00000162280502991,2.28104767075e-7,7.31815461563e-8,6.10672330481e-8,3.21656472124e-7,5.34474580149e-8,6.83346286223e-8,1.99529637257e-7,7.45462074292e-8,3.98076984709e-8,2.91232620242e-8,1.78958412533e-8,1.84314981055e-8,7.23524617996e-9,1.32568160893e-8,3.99192856548e-9,7.93479337791e-10,1.95208280096e-10,8.715434624e-11,6.65422786317e-11,1.61891236528e-10,3.55813642439e-11,8.55519544096e-11,1.18778042957e-11,3.67446351124e-11,1.01278620906e-11,5.20872494442e-12,3.14254611916e-12,1.97176476535e-12,8.26465957303e-13,4.50551488479e-13,4.66769201415e-13,6.59077013885e-13,9.06605682454e-13,4.22753628979e-13]},"melbands_crest":{"dmean":3.32873558998,"dmean2":5.11817884445,"dvar":11.5343875885,"dvar2":24.3912658691,"max":29.6779708862,"mean":11.3396253586,"median":9.97176647186,"min":1.50435292721,"var":27.2162799835},"melbands_flatness_db":{"dmean":0.0235749687999,"dmean2":0.0343518964946,"dvar":0.000851507938933,"dvar2":0.00159440201242,"max":0.516844153404,"mean":0.189636766911,"median":0.178099900484,"min":0.00307723344304,"var":0.00480000115931},"melbands_kurtosis":{"dmean":3.48184323311,"dmean2":5.50132274628,"dvar":49.7768325806,"dvar2":111.786743164,"max":234.044631958,"mean":5.17945814133,"median":1.59060192108,"min":-1.71106123924,"var":118.83354187},"melbands_skewness":{"dmean":0.584394693375,"dmean2":0.874261915684,"dvar":0.575564742088,"dvar2":1.14099287987,"max":10.3674707413,"mean":1.50129556656,"median":1.19655096531,"min":-2.28053116798,"var":1.78979253769},"melbands_spread":{"dmean":5.06646442413,"dmean2":7.78914880753,"dvar":31.8518924713,"dvar2":66.799331665,"max":157.630355835,"mean":25.1857318878,"median":24.373840332,"min":0.73216688633,"var":287.820953369},"mfcc":{"cov":[[7255.72119141,481.845062256,156.841827393,109.309280396,-77.216545105,152.342163086,-10.1051187515,11.7746887207,-10.911482811,-39.4842147827,-85.5610809326,37.9485969543,-39.1938438416],[481.845062256,1460.02160645,-264.529632568,84.4947891235,129.813827515,-17.0322742462,40.8616752625,4.40534543991,-33.8507995605,18.9005584717,47.1067466736,-60.4303207397,77.0105056763],[156.841827393,-264.529632568,880.993530273,241.079269409,114.583808899,184.935638428,40.6111831665,82.5123443604,116.789649963,64.3510131836,27.8058319092,148.913360596,-86.6923141479],[109.309280396,84.4947891235,241.079269409,243.353393555,82.2147750854,100.118965149,36.7970733643,52.8138313293,50.3430862427,47.297454834,21.977016449,47.8381462097,-7.16855669022],[-77.216545105,129.813827515,114.583808899,82.2147750854,207.896697998,81.1444854736,23.9214839935,35.0450248718,51.4019241333,24.2489109039,27.9055976868,21.9143123627,12.3464365005],[152.342163086,-17.0322742462,184.935638428,100.118965149,81.1444854736,160.262649536,80.1644668579,43.6411399841,35.6122817993,39.8336601257,23.6187801361,46.6913948059,-5.83249998093],[-10.1051187515,40.8616752625,40.6111831665,36.7970733643,23.9214839935,80.1644668579,138.819915771,58.4871139526,19.1577796936,39.0883483887,37.7014541626,27.2758617401,27.9913845062],[11.7746887207,4.40534543991,82.5123443604,52.8138313293,35.0450248718,43.6411399841,58.4871139526,99.2709274292,59.3101425171,32.6964645386,16.485244751,31.6871700287,14.8125972748],[-10.911482811,-33.8507995605,116.789649963,50.3430862427,51.4019241333,35.6122817993,19.1577796936,59.3101425171,96.4085235596,43.5986557007,14.3222970963,25.8423614502,2.56639766693],[-39.4842147827,18.9005584717,64.3510131836,47.297454834,24.2489109039,39.8336601257,39.0883483887,32.6964645386,43.5986557007,85.221862793,40.9519119263,28.530878067,7.72717571259],[-85.5610809326,47.1067466736,27.8058319092,21.977016449,27.9055976868,23.6187801361,37.7014541626,16.485244751,14.3222970963,40.9519119263,85.1228485107,37.6060218811,21.2320537567],[37.9485969543,-60.4303207397,148.913360596,47.8381462097,21.9143123627,46.6913948059,27.2758617401,31.6871700287,25.8423614502,28.530878067,37.6060218811,96.4466705322,12.8685741425],[-39.1938438416,77.0105056763,-86.6923141479,-7.16855669022,12.3464365005,-5.83249998093,27.9913845062,14.8125972748,2.56639766693,7.72717571259,21.2320537567,12.8685741425,73.7959594727]],"icov":[[0.000158057795488,-0.0000992894492811,-0.0000017803550918,0.0000207282828342,0.00023734907154,-0.000368851498934,0.000171992840478,-0.0000310748728225,-0.0000773360661697,0.000122836063383,0.000169083519722,-0.000130413565785,0.0000235413681366],[-0.0000992894492811,0.000995672657155,0.00026474497281,-0.000695160357282,-0.000897850084584,0.000749233353417,-0.000356700533303,-0.000113061978482,0.00076434755465,-0.000336616591085,-0.000457318295958,0.000713414454367,-0.000465034128865],[-0.0000017803550918,0.00026474497281,0.00300433370285,-0.00159875059035,-0.000375199655537,-0.000915300624911,-0.00016397149011,0.000430489220889,-0.00191304890905,0.00069475028431,0.000304697052343,-0.00353598571382,0.00358577817678],[0.0000207282828342,-0.000695160357282,-0.00159875059035,0.00755909923464,-0.0003507786314,-0.00296768406406,0.00178165209945,-0.00213715666905,0.000748928054236,-0.00194878282491,0.000419008050812,0.000312890886562,-0.000827186508104],[0.00023734907154,-0.000897850084584,-0.000375199655537,-0.0003507786314,0.00842161197215,-0.00507919304073,0.00254619633779,-0.00000679375943946,-0.00379108381458,0.00227209879085,-0.00209834426641,0.00134333770256,-0.00192326738033],[-0.000368851498934,0.000749233353417,-0.000915300624911,-0.00296768406406,-0.00507919304073,0.0170468520373,-0.00935470871627,0.00228549400344,0.000957582728006,-0.00202468410134,0.00213352940045,-0.00258879014291,0.0029616272077],[0.000171992840478,-0.000356700533303,-0.00016397149011,0.00178165209945,0.00254619633779,-0.00935470871627,0.0172386616468,-0.00924153719097,0.00456672068685,-0.00245222728699,-0.00376631109975,0.00278829876333,-0.0047097322531],[-0.0000310748728225,-0.000113061978482,0.000430489220889,-0.00213715666905,-0.00000679375943946,0.00228549400344,-0.00924153719097,0.0232948902994,-0.0129663245752,0.00186911737546,0.00244233594276,-0.00378883280791,-0.000375857925974],[-0.0000773360661697,0.00076434755465,-0.00191304890905,0.000748928054236,-0.00379108381458,0.000957582728006,0.00456672068685,-0.0129663245752,0.0248653031886,-0.00962966773659,0.00129793514498,0.00241607776843,-0.00208409293555],[0.000122836063383,-0.000336616591085,0.00069475028431,-0.00194878282491,0.00227209879085,-0.00202468410134,-0.00245222728699,0.00186911737546,-0.00962966773659,0.0219689942896,-0.00779672479257,-0.000899766630027,0.00149283115752],[0.000169083519722,-0.000457318295958,0.000304697052343,0.000419008050812,-0.00209834426641,0.00213352940045,-0.00376631109975,0.00244233594276,0.00129793514498,-0.00779672479257,0.0202640220523,-0.00708045251667,-0.00140053872019],[-0.000130413565785,0.000713414454367,-0.00353598571382,0.000312890886562,0.00134333770256,-0.00258879014291,0.00278829876333,-0.00378883280791,0.00241607776843,-0.000899766630027,-0.00708045251667,0.0209243409336,-0.00726522039622],[0.0000235413681366,-0.000465034128865,0.00358577817678,-0.000827186508104,-0.00192326738033,0.0029616272077,-0.0047097322531,-0.000375857925974,-0.00208409293555,0.00149283115752,-0.00140053872019,-0.00726522039622,0.0221844930202]],"mean":[-623.739196777,140.957946777,-29.565864563,7.01343727112,-2.45959806442,7.56963825226,3.20542192459,-6.23308134079,-9.19594669342,-5.51780891418,-6.83549022675,-7.37060642242,2.07343244553]},"pitch_salience":{"dmean":0.0727985799313,"dmean2":0.112445116043,"dvar":0.00584460562095,"dvar2":0.0130820637569,"max":0.902848243713,"mean":0.621387958527,"median":0.641896367073,"min":0.167900592089,"var":0.0143693806604},"silence_rate_20dB":{"dmean":0,"dmean2":0,"dvar":0,"dvar2":0,"max":1,"mean":1,"median":1,"min":1,"var":0},"silence_rate_30dB":{"dmean":0,"dmean2":0,"dvar":0,"dvar2":0,"max":1,"mean":1,"median":1,"min":1,"var":0},"silence_rate_60dB":{"dmean":0.00162771774922,"dmean2":0.00325581384823,"dvar":0.00162527570501,"dvar2":0.00440882984549,"max":1,"mean":0.0245291795582,"median":0,"min":0,"var":0.0239266194403},"spectral_centroid":{"dmean":165.759216309,"dmean2":262.931671143,"dvar":42957.5390625,"dvar2":95047.734375,"max":11811.5996094,"mean":1378.3013916,"median":1231.65917969,"min":151.028610229,"var":1618475},"spectral_complexity":{"dmean":3.05313324928,"dmean2":4.87627887726,"dvar":7.17154121399,"dvar2":16.3830566406,"max":50,"mean":24.6741447449,"median":25,"min":0,"var":66.221206665},"spectral_contrast_coeffs":{"dmean":[0.0565257482231,0.0440190993249,0.0375744514167,0.0296099334955,0.0190773066133,0.0142002115026],"dmean2":[0.0891382396221,0.0719271078706,0.0604941137135,0.0482284128666,0.0314182527363,0.023095516488],"dvar":[0.0021486422047,0.00137447263114,0.00105243443977,0.000592226278968,0.000233003287576,0.000131935725221],"dvar2":[0.00521316472441,0.00354505353607,0.00253227050416,0.0014651294332,0.000611363269854,0.000336585158948],"max":[-0.286997526884,-0.405005127192,-0.449836134911,-0.466935217381,-0.565079450607,-0.658938527107],"mean":[-0.586439847946,-0.723276972771,-0.730844855309,-0.759371995926,-0.784916460514,-0.753968596458],"median":[-0.583912611008,-0.728286325932,-0.731220960617,-0.762642741203,-0.785977959633,-0.750679850578],"min":[-0.975439608097,-0.979488670826,-0.978670179844,-0.972843885422,-0.968291163445,-0.965227603912],"var":[0.010383490473,0.00572299631312,0.00508499424905,0.0031951435376,0.0014734613942,0.00132206536364]},"spectral_contrast_valleys":{"dmean":[0.51693290472,0.326113641262,0.287284940481,0.238839864731,0.174040466547,0.184799179435],"dmean2":[0.796323001385,0.534376382828,0.471614986658,0.390787065029,0.269301950932,0.246364608407],"dvar":[0.262770593166,0.114068567753,0.0991410315037,0.0800968706608,0.0637660175562,0.0659965351224],"dvar2":[0.524329423904,0.258121281862,0.215546518564,0.158117994666,0.112907588482,0.0972710326314],"max":[-5.019718647,-4.80749607086,-5.30793237686,-5.73070192337,-6.17933416367,-8.5852432251],"mean":[-7.78930330276,-6.68612003326,-6.9763469696,-7.27998304367,-7.61744308472,-10.6933631897],"median":[-7.48789215088,-6.27318572998,-6.55126285553,-6.87297773361,-7.18406152725,-10.2149305344],"min":[-28.0969219208,-28.0484733582,-27.9304981232,-27.7311000824,-27.5638103485,-27.4248085022],"var":[7.20867919922,7.07281589508,6.80243444443,6.60026359558,6.42608118057,5.1869263649]},"spectral_decrease":{"dmean":2.65245070352e-9,"dmean2":4.02247213316e-9,"dvar":1.58260463046e-17,"dvar2":3.13943629826e-17,"max":1.8875482069e-28,"mean":-9.1221652454e-9,"median":-7.3801951217e-9,"min":-3.08058467624e-8,"var":3.04043171249e-17},"spectral_energy":{"dmean":0.0101228058338,"dmean2":0.0153429256752,"dvar":0.000224261340918,"dvar2":0.000445306941401,"max":0.119280159473,"mean":0.0367820560932,"median":0.0303300395608,"min":1.00240509283e-20,"var":0.00044755730778},"spectral_energyband_high":{"dmean":0.000126396495034,"dmean2":0.000176987261511,"dvar":3.34313590145e-8,"dvar2":6.29521750284e-8,"max":0.00451631005853,"mean":0.000468644459033,"median":0.000316408404615,"min":6.96141228696e-21,"var":2.50154101877e-7},"spectral_energyband_low":{"dmean":0.00830531027168,"dmean2":0.012605083175,"dvar":0.000285220419755,"dvar2":0.000573758617975,"max":0.0975655019283,"mean":0.0101575432345,"median":0.00188845768571,"min":1.36657198733e-23,"var":0.000360385136446},"spectral_energyband_middle_high":{"dmean":0.00221586623229,"dmean2":0.00329589610919,"dvar":0.0000060429288169,"dvar2":0.0000130443995658,"max":0.0538017079234,"mean":0.0119013804942,"median":0.0117810368538,"min":1.16520294136e-21,"var":0.000038406560634},"spectral_energyband_middle_low":{"dmean":0.00458407355472,"dmean2":0.00737864291295,"dvar":0.0000304695950035,"dvar2":0.0000771845807321,"max":0.0817786604166,"mean":0.0153138786554,"median":0.0129468794912,"min":1.49859767325e-22,"var":0.000119163254567},"spectral_entropy":{"dmean":0.0976788401604,"dmean2":0.147053226829,"dvar":0.0131688676775,"dvar2":0.0256980620325,"max":9.82827854156,"mean":7.50042963028,"median":7.55480384827,"min":5.29803800583,"var":0.219753399491},"spectral_flux":{"dmean":0.0339793972671,"dmean2":0.0544032789767,"dvar":0.00162000476848,"dvar2":0.00344741740264,"max":0.309268534184,"mean":0.101220563054,"median":0.0866771787405,"min":6.37505326306e-11,"var":0.00366909475997},"spectral_kurtosis":{"dmean":2.34957790375,"dmean2":4.06750297546,"dvar":15.1995925903,"dvar2":43.3734893799,"max":80.3588790894,"mean":6.93470907211,"median":5.42135238647,"min":-1.28595006466,"var":37.6129188538},"spectral_rms":{"dmean":0.000749042723328,"dmean2":0.0011219138978,"dvar":0.00000100866498087,"dvar2":0.00000191098047253,"max":0.0107875335962,"mean":0.00573058892041,"median":0.00543969497085,"min":3.12722894455e-12,"var":0.00000304522131955},"spectral_rolloff":{"dmean":260.539337158,"dmean2":416.59942627,"dvar":168945.9375,"dvar2":335017.3125,"max":19810.546875,"mean":1603.6685791,"median":1378.125,"min":86.1328125,"var":4917940},"spectral_skewness":{"dmean":0.223067745566,"dmean2":0.378094553947,"dvar":0.0806098952889,"dvar2":0.224488466978,"max":7.16279840469,"mean":1.77529656887,"median":1.70399618149,"min":-0.0941673144698,"var":0.322848260403},"spectral_spread":{"dmean":275583.5,"dmean2":398053.28125,"dvar":416996589568,"dvar2":820865728512,"max":43091252,"mean":3994886.25,"median":3446238.75,"min":839880.875,"var":21655227203600},"spectral_strongpeak":{"dmean":0.754071295261,"dmean2":1.29584121704,"dvar":1.02486860752,"dvar2":2.34235596657,"max":13.0691175461,"mean":1.56281173229,"median":0.932886898518,"min":0,"var":2.17915868759},"zerocrossingrate":{"dmean":0.00691297464073,"dmean2":0.00816849153489,"dvar":0.0000712110122549,"dvar2":0.00011736205488,"max":0.5341796875,"mean":0.0596380867064,"median":0.052734375,"min":0.005859375,"var":0.00343424244784}},"metadata":{"audio_properties":{"analysis_sample_rate":44100,"bit_rate":0,"codec":"flac","downmix":"mix","equal_loudness":0,"length":199.693328857,"lossless":true,"md5_encoded":"f0ba68a3bab5f9132127034034e64b06","replay_gain":-15.2019863129,"sample_rate":44100},"tags":{"album":["Thickfreakness"],"albumartist":["The Black Keys"],"albumartistsort":["Black Keys, The"],"artist":["The Black Keys"],"artistsort":["Black Keys, The"],"catalognumber":["80371-1"],"date":["2003-04-08"],"discnumber":["1"],"disctotal":["1"],"file_name":"01-10 Hold Me in Your Arms.flac","genre":["Rock"],"label":["Fat Possum Records"],"media":["Vinyl"],"musicbrainz_albumartistid":["d15721d8-56b4-453d-b506-fc915b14cba2"],"musicbrainz_albumid":["36b58cd2-2a2f-36ad-81b3-7ab044d01d19"],"musicbrainz_artistid":["d15721d8-56b4-453d-b506-fc915b14cba2"],"musicbrainz_recordingid":["e0befceb-ffea-40b5-8ef6-19ca57a7fd6a"],"musicbrainz_releasegroupid":["35bacad8-4327-33f2-9e7a-3a69721ca707"],"originaldate":["2003-04-08"],"releasecountry":["US"],"releasestatus":["official"],"releasetype":["album"],"script":["Latn"],"title":["Hold Me in Your Arms"],"totaldiscs":["1"],"totaltracks":["11"],"tracknumber":["10"],"tracktotal":["11"],"year":["2003"]},"version":{"essentia":"2.1-beta1","essentia_build_sha":"ca57ba49d9b1854bd80e60cf9ccf267278fb7d6b","essentia_git_sha":"v2.1_beta1-28-g21ef5f4-dirty","extractor":"music 1.0"}},"rhythm":{"beats_count":381,"beats_loudness":{"dmean":0.0190049316734,"dmean2":0.0318840369582,"dvar":0.000185741242603,"dvar2":0.000551641103812,"max":0.0970350727439,"mean":0.055564686656,"median":0.0553286187351,"min":0,"var":0.000485696655232},"beats_loudness_band_ratio":{"dmean":[0.233895719051,0.137254491448,0.0632003620267,0.106456376612,0.0636496171355,0.017951278016],"dmean2":[0.419214218855,0.241266801953,0.110407404602,0.190680533648,0.116890616715,0.0300401300192],"dvar":[0.0356012657285,0.0135632259771,0.00341592309996,0.0103593561798,0.0031983491499,0.00153781077825],"dvar2":[0.11183642596,0.0414462573826,0.00936372950673,0.0276528336108,0.0088081844151