{"lowlevel":{"average_loudness":0.947925329208,"barkbands":{"dmean":[0.000147330065374,0.0044148969464,0.00452371826395,0.00313387345523,0.00357941351831,0.000479910406284,0.000676635769196,0.000823810347356,0.000976539740805,0.000370089692296,0.000445194775239,0.000378024764359,0.000290340743959,0.000402672216296,0.000238640946918,0.000266612536507,0.00018988152442,0.000112789850391,0.0000774459113018,0.0000438528913946,0.0000424626232416,0.0000417096343881,0.0000323013846355,0.0000241940924752,0.0000208656911127,0.0000130915632326,0.00000529457247467],"dmean2":[0.000249919481575,0.00786621961743,0.00811032485217,0.00509710703045,0.0055783521384,0.000759779475629,0.00105096981861,0.0012413917575,0.00149771780707,0.000565060647205,0.000701099692378,0.000583579298109,0.000449766608654,0.000633648771327,0.000375353702111,0.000440018804511,0.000293101824354,0.000171940482687,0.000121677643619,0.0000700871023582,0.0000657378477626,0.0000619470447418,0.0000467100362584,0.0000327691341226,0.0000279173818853,0.0000171947631316,0.00000647048591418],"dvar":[1.44198239127e-7,0.000105630162579,0.000142255885294,0.0000404263846576,0.000092902322649,0.00000143255670082,0.00000308709195451,0.00000432431352237,0.00000703366640664,0.00000110546341148,0.00000220061247092,7.39921688364e-7,9.44003147652e-7,0.00000106966638214,3.72593348175e-7,1.66523435041e-7,5.24059409202e-8,2.43885374118e-8,1.37884805795e-8,7.17645631809e-9,1.10554250199e-8,1.99536653867e-8,1.18892495848e-8,7.38255456767e-9,4.82453454964e-9,9.66164148686e-10,6.40661620976e-11],"dvar2":[3.94609742216e-7,0.000299755309243,0.000391985144233,0.0000947016524151,0.000219523455598,0.00000314884573527,0.00000708843117536,0.00000931824888539,0.0000164468419825,0.00000240588178713,0.00000538443782716,0.00000182010774097,0.00000228216504183,0.00000243813065026,9.15553073355e-7,4.20112968413e-7,1.2698362184e-7,5.77713770156e-8,3.58160647806e-8,1.79818044899e-8,2.56177674629e-8,3.42901920192e-8,2.18112674588e-8,1.43929632657e-8,9.45703515498e-9,1.84950854631e-9,1.10628721461e-10],"max":[0.00411406438798,0.0800452157855,0.111765816808,0.072879716754,0.0887480899692,0.0274393297732,0.0354929976165,0.0420783795416,0.0521131753922,0.0350218378007,0.0354138948023,0.0302573870867,0.0248359572142,0.039708212018,0.014307057485,0.0158848855644,0.0062419869937,0.0059268688783,0.00284263025969,0.0020991906058,0.00404370296746,0.0103683853522,0.00607984093949,0.00431099999696,0.00318559445441,0.0016109632561,0.000288714771159],"mean":[0.000157132177264,0.00456824107096,0.00529763102531,0.00439731683582,0.0039591435343,0.000839468440972,0.00144513440318,0.00187186896801,0.00258883135393,0.000725459656678,0.000843915273435,0.000773040694185,0.000565261405427,0.000819125561975,0.000498144305311,0.000556781247724,0.00049413490342,0.000319541664794,0.000191471932339,0.0000996832823148,0.0000909494410735,0.0000862895540195,0.0000645624677418,0.0000455680055893,0.0000346025153704,0.0000204773186852,0.0000083383592937],"median":[0.0000161802236107,0.00211233901791,0.00215782877058,0.00285586202517,0.00129365967587,0.000235451880144,0.000205166667001,0.00018123537302,0.000549700460397,0.000389448396163,0.000172557658516,0.000316580990329,0.000204955838853,0.000381195597583,0.000259557826212,0.000429828476626,0.00041118831723,0.00025939536863,0.000132175759063,0.0000570779193367,0.0000445965415565,0.0000254362257692,0.0000216986099986,0.0000152176644406,0.0000110704049803,0.00000710435551809,0.0000030338835586],"min":[7.00160103139e-25,1.7948725379e-24,3.30491126596e-24,1.17916137517e-24,1.06107787095e-23,6.47318275124e-24,6.43393928779e-24,3.45262251224e-24,1.07151244969e-23,1.42267514383e-23,2.07286581928e-23,1.40399807303e-23,2.84172026531e-23,3.90176220412e-23,5.81413143233e-23,4.99783047384e-23,6.81822577802e-23,7.82320301684e-23,1.15493717254e-22,1.62114677312e-22,2.59705657017e-22,2.96819858668e-22,4.57168699242e-22,5.74918647038e-22,8.76811651255e-22,1.32731883036e-21,2.0889565875e-21],"var":[1.4596152198e-7,0.0000758808600949,0.000102547201095,0.0000427346676588,0.0000911205934244,0.00000429590636486,0.000012439870261,0.0000200411177502,0.0000389166161767,0.00000346955744135,0.00000502714010508,0.00000236351797867,0.00000234169397118,0.00000232682100432,9.41886526107e-7,3.74852362484e-7,1.61155782052e-7,8.58637463352e-8,4.85671449724e-8,2.13191615472e-8,3.09809777832e-8,7.43843244777e-8,3.85361076383e-8,1.66426907811e-8,1.08212674377e-8,2.5280979532e-9,1.67943492446e-10]},"barkbands_crest":{"dmean":2.35829377174,"dmean2":3.85543251038,"dvar":4.20662021637,"dvar2":11.2160024643,"max":22.0781402588,"mean":10.2913417816,"median":9.83470249176,"min":2.93062186241,"var":11.0117349625},"barkbands_flatness_db":{"dmean":0.0232270378619,"dmean2":0.0344316288829,"dvar":0.000470085768029,"dvar2":0.00119109440129,"max":0.277646809816,"mean":0.132075577974,"median":0.130159035325,"min":0.024378400296,"var":0.00144864257891},"barkbands_kurtosis":{"dmean":3.2679104805,"dmean2":5.44707727432,"dvar":44.4976539612,"dvar2":117.166877747,"max":80.786491394,"mean":2.57484698296,"median":0.777918100357,"min":-1.87220966816,"var":37.8098220825},"barkbands_skewness":{"dmean":0.627649068832,"dmean2":0.988588869572,"dvar":0.663635969162,"dvar2":1.62616920471,"max":7.85813379288,"mean":1.33073484898,"median":1.13039803505,"min":-2.17071127892,"var":1.15076756477},"barkbands_spread":{"dmean":5.23498106003,"dmean2":8.12705898285,"dvar":33.835773468,"dvar2":75.3746948242,"max":90.6378860474,"mean":22.1632003784,"median":21.4398822784,"min":2.35544919968,"var":99.8378677368},"dissonance":{"dmean":0.0161606390029,"dmean2":0.0274293683469,"dvar":0.000254127051448,"dvar2":0.000719821546227,"max":0.500000178814,"mean":0.466951131821,"median":0.473732531071,"min":0.301081568003,"var":0.000585610396229},"dynamic_complexity":3.98804688454,"erbbands":{"dmean":[0.0765067189932,1.21104073524,4.92266130447,6.59108352661,18.7792987823,6.66687011719,3.09552574158,4.70097398758,5.76119041443,17.2522296906,15.2387313843,21.8112297058,14.5597810745,12.1366062164,19.1103000641,10.2789239883,12.0257463455,14.0527877808,14.6515779495,12.0619382858,15.8357973099,11.9261007309,5.57515001297,4.50236415863,2.85771203041,2.23884034157,1.95064532757,1.47491204739,1.55660653114,1.18212997913,0.902582287788,0.511677026749,0.420758634806,0.249933302402,0.129045575857,0.057114880532,0.0239724460989,0.00816070847213,0.000858992571011,0.0000510576501256],"dmean2":[0.134433060884,2.16243767738,8.82302188873,11.0458450317,29.2724590302,11.0309534073,4.94527959824,7.48341560364,9.21068572998,26.27501297,22.6078853607,33.2588119507,21.442647934,18.4927387238,29.9740085602,15.6792612076,18.4081764221,21.8633937836,23.0992622375,18.9775066376,26.2877044678,18.428861618,8.34485530853,7.04192352295,4.54613828659,3.55708026886,3.06485700607,2.31805086136,2.28768086433,1.77665054798,1.29887592793,0.717146396637,0.575350999832,0.338371038437,0.173815175891,0.0753339454532,0.0316900424659,0.01111654751,0.00105605483986,0.0000598685801378],"dvar":[0.0301352385432,8.15958786011,164.417053223,146.81842041,2528.18017578,249.241699219,35.4737129211,169.373184204,300.26751709,1876.71813965,1381.72741699,4264.328125,1396.05175781,1741.49572754,2717.53588867,520.821716309,1471.8326416,1870.45629883,1252.67736816,887.347412109,420.282318115,211.10836792,65.0475616455,30.0913619995,25.407327652,19.5672588348,13.1325244904,25.6471977234,28.6199073792,18.5884838104,9.82944488525,3.11171388626,2.62386894226,0.740974187851,0.196940988302,0.0292607247829,0.00285418774001,0.000334952899721,0.00000168429460246,4.83344209101e-9],"dvar2":[0.0850700289011,23.1411800385,456.923339844,371.170379639,5806.10839844,653.524047852,78.1793212891,385.884155273,774.958557129,4128.39746094,2957.40112305,9886.4453125,2811.54101562,3739.60864258,6614.37451172,1218.1229248,3623.13110352,4367.17675781,2759.11425781,2130.08154297,1111.12536621,518.372070312,148.968643188,75.8308181763,65.3905792236,48.8808174133,31.4369983673,57.172668457,47.8249969482,39.4383087158,17.7249851227,5.56070375443,5.51012325287,1.48389351368,0.378513485193,0.0510836020112,0.00600199773908,0.00079224811634,0.0000028679062325,7.54019335858e-9],"max":[1.66705477238,22.0566158295,111.687805176,107.722427368,409.550079346,218.467483521,142.537506104,318.534881592,593.209106445,828.801574707,883.1015625,1427.44470215,1062.50500488,1513.39489746,1401.10949707,843.449523926,1198.00439453,1402.35253906,1182.64221191,1224.9440918,1070.27587891,370.24432373,338.258026123,155.785720825,120.194335938,106.741996765,88.2619934082,291.778900146,406.181945801,288.96987915,149.293151855,102.247703552,89.3045120239,39.2018852234,22.3869438171,10.4572238922,1.96450197697,0.401874929667,0.045695759356,0.00211024982855],"mean":[0.0828948915005,1.25682985783,5.92302560806,9.37638759613,20.2131443024,8.84863948822,5.35131692886,7.92645788193,10.8606395721,42.4550743103,37.0058898926,55.5459060669,36.7760391235,25.3251285553,42.0443916321,23.3793849945,26.2329349518,31.1578559875,32.8167037964,27.4668083191,34.2580337524,32.4763298035,17.7518043518,12.6330595016,7.36046504974,5.21545267105,4.29200077057,3.11060976982,3.15146160126,2.33606910706,1.79255020618,1.02450239658,0.732309043407,0.427962869406,0.207524582744,0.0925248637795,0.0362773090601,0.0112988743931,0.00135378271807,0.000110129112727],"median":[0.0251993462443,0.651446580887,2.68717765808,6.05052614212,7.15549278259,4.10295438766,2.40330410004,2.27680921555,3.55631613731,3.36338305473,7.02097272873,12.4011259079,16.1447315216,11.4859828949,14.5473041534,11.1235456467,10.9136075974,13.7001886368,18.2864112854,18.296749115,27.7632522583,25.9834270477,15.0274982452,10.6586027145,4.95338392258,2.94470572472,2.39743375778,1.09222531319,0.923885405064,0.795726776123,0.596304953098,0.344392448664,0.239076212049,0.141729667783,0.0667366757989,0.0316619947553,0.0119695849717,0.00356193538755,0.000493508239742,0.0000648502536933],"min":[7.49715228967e-23,6.5367634887e-22,5.52032068043e-21,1.05125818594e-20,8.55376889345e-21,2.06439885528e-20,4.37758714318e-20,6.6947455749e-20,9.82576184144e-20,2.10480035972e-19,9.36522257305e-20,2.5553646054e-19,5.77733907381e-19,9.19330600743e-19,1.00616460933e-18,9.73861035059e-19,1.71522641535e-18,1.76829894384e-18,2.69301903986e-18,4.0170049487e-18,3.46274492784e-18,4.62051509644e-18,3.56846460718e-18,5.15037804552e-18,7.42325447467e-18,8.46259781536e-18,8.78581367663e-18,9.76921396531e-18,1.1383078082e-17,1.04120209824e-17,1.31178859304e-17,1.09883135793e-17,9.65226138004e-18,8.77716715769e-18,5.94523409409e-18,4.10186788928e-18,2.23494626896e-18,1.05278202711e-18,2.46591510342e-19,2.5938054333e-20],"var":[0.0264976210892,5.62050628662,115.937088013,133.773880005,2467.36547852,267.113708496,93.0804748535,438.428527832,618.809326172,9021.375,6045.72998047,20176.34375,7224.70214844,5153.34570312,6754.046875,1598.421875,4154.21044922,5008.76806641,2740.03442383,1941.83459473,1094.63623047,704.413513184,218.038803101,106.142814636,78.1825485229,60.9777984619,43.4242210388,72.9429855347,102.320823669,47.6480827332,32.027179718,9.5731306076,4.55647373199,1.52461087704,0.477849841118,0.0815171003342,0.00665286555886,0.000511330959853,0.00000446028843726,1.44093421639e-8]},"erbbands_crest":{"dmean":2.45093607903,"dmean2":3.93242120743,"dvar":5.38402605057,"dvar2":13.4973869324,"max":29.2935638428,"mean":9.71821880341,"median":8.52754497528,"min":2.58863902092,"var":20.9388866425},"erbbands_flatness_db":{"dmean":0.0198974199593,"dmean2":0.0252922382206,"dvar":0.00033788982546,"dvar2":0.000582794076763,"max":0.292797386646,"mean":0.157648459077,"median":0.153501674533,"min":0.0407334379852,"var":0.00182182225399},"erbbands_kurtosis":{"dmean":0.76789098978,"dmean2":1.20271730423,"dvar":0.818642497063,"dvar2":1.95955348015,"max":14.9349384308,"mean":0.480310201645,"median":0.175288200378,"min":-1.75440812111,"var":2.28208827972},"erbbands_skewness":{"dmean":0.334179610014,"dmean2":0.497778087854,"dvar":0.106193080544,"dvar2":0.230526924133,"max":3.06641674042,"mean":-0.168692737818,"median":-0.28406855464,"min":-2.71070551872,"var":0.664075195789},"erbbands_spread":{"dmean":7.18995714188,"dmean2":11.0658454895,"dvar":68.2617874146,"dvar2":145.590759277,"max":120.76461792,"mean":33.891834259,"median":31.8314361572,"min":4.76276731491,"var":222.071456909},"gfcc":{"cov":[[18746.4257812,-184.495193481,-231.331756592,42.8228340149,-1031.68908691,108.115707397,-264.367004395,-30.0179386139,-159.992355347,106.791488647,-214.354217529,-36.3771057129,-210.886474609],[-184.495193481,898.279296875,-436.475921631,-36.2908782959,176.117553711,-77.4159545898,99.8235397339,92.2975616455,61.9405593872,-46.1289672852,91.4377059937,-46.0150375366,14.6509618759],[-231.331756592,-436.475921631,484.757019043,41.3032493591,-39.9757957458,27.1552391052,-35.9880104065,-32.3521614075,3.37108421326,5.89150571823,-21.4458999634,61.851764679,-10.5209751129],[42.8228340149,-36.2908782959,41.3032493591,258.890563965,63.9799575806,8.81585788727,-17.8412666321,-30.9694862366,-17.4415988922,-35.0097885132,-2.20344090462,27.8576641083,45.261631012],[-1031.68908691,176.117553711,-39.9757957458,63.9799575806,334.825622559,15.39179039,52.0114097595,44.1814193726,-1.78266835213,-55.4655532837,13.078037262,12.3333148956,36.5607261658],[108.115707397,-77.4159545898,27.1552391052,8.81585788727,15.39179039,123.044128418,36.4690933228,2.69868731499,-0.673762559891,6.61142921448,-10.7317008972,0.865775108337,8.67399787903],[-264.367004395,99.8235397339,-35.9880104065,-17.8412666321,52.0114097595,36.4690933228,117.239677429,49.5064735413,19.5998802185,-6.65133047104,21.6356239319,-9.03732585907,7.14589834213],[-30.0179386139,92.2975616455,-32.3521614075,-30.9694862366,44.1814193726,2.69868731499,49.5064735413,97.3812026978,37.4393119812,-11.0403404236,8.68382263184,3.61530637741,-10.3591651917],[-159.992355347,61.9405593872,3.37108421326,-17.4415988922,-1.78266835213,-0.673762559891,19.5998802185,37.4393119812,81.8626251221,18.3430309296,19.5350513458,-0.387923777103,-6.93214321136],[106.791488647,-46.1289672852,5.89150571823,-35.0097885132,-55.4655532837,6.61142921448,-6.65133047104,-11.0403404236,18.3430309296,94.4423370361,19.0920848846,-15.5715236664,-3.83348894119],[-214.354217529,91.4377059937,-21.4458999634,-2.20344090462,13.078037262,-10.7317008972,21.6356239319,8.68382263184,19.5350513458,19.0920848846,75.0773849487,22.9494571686,-8.16004562378],[-36.3771057129,-46.0150375366,61.851764679,27.8576641083,12.3333148956,0.865775108337,-9.03732585907,3.61530637741,-0.387923777103,-15.5715236664,22.9494571686,72.0810470581,14.6653547287],[-210.886474609,14.6509618759,-10.5209751129,45.261631012,36.5607261658,8.67399787903,7.14589834213,-10.3591651917,-6.93214321136,-3.83348894119,-8.16004562378,14.6653547287,74.0209732056]],"icov":[[0.0000830462377053,-0.000140855074278,0.0000161965836014,-0.000151256084791,0.000304553017486,-0.000198045774596,0.000131638982566,-0.000208751298487,0.000279103085632,-0.000209423873457,0.00040691025788,-0.000260937929852,0.000301976659102],[-0.000140855074278,0.00376426731236,0.00239509530365,0.000566062517464,-0.00146012625191,0.00191922159865,-0.000875112775248,-0.000187657569768,-0.00249296962284,0.00272198743187,-0.00448323832825,0.00252935686149,-0.00168540817685],[0.0000161965836014,0.00239509530365,0.00451425649226,-0.000211596416193,-0.000629212008789,0.000751844432671,-0.000918215722777,0.0010532423621,-0.00234152050689,0.000485274853418,0.000146097983816,-0.00250623282045,0.00112032308243],[-0.000151256084791,0.000566062517464,-0.000211596416193,0.00536672817543,-0.00132125499658,-0.000024086164558,0.000709751213435,0.00173420342617,-0.00089280429529,0.00247652921826,-0.00211203750223,0.000497275439557,-0.00331174489111],[0.000304553017486,-0.00146012625191,-0.000629212008789,-0.00132125499658,0.0054494291544,-0.00157090951689,0.000239037850406,-0.00259141949937,0.00226052990183,0.000835996586829,0.00074344308814,-0.000403062585974,-0.00060130021302],[-0.000198045774596,0.00191922159865,0.000751844432671,-0.000024086164558,-0.00157090951689,0.0113545209169,-0.00559056876227,0.00194684555754,-0.00154193036724,-0.000900374900084,0.0013979061041,-0.000731668202206,-0.000456962065073],[0.000131638982566,-0.000875112775248,-0.000918215722777,0.000709751213435,0.000239037850406,-0.00559056876227,0.0160145517439,-0.0076282825321,0.00146629998926,0.00234879204072,-0.00652156677097,0.00578221678734,-0.00369836529717],[-0.000208751298487,-0.000187657569768,0.0010532423621,0.00173420342617,-0.00259141949937,0.00194684555754,-0.0076282825321,0.0196990184486,-0.00813125818968,0.000713905901648,0.00468260981143,-0.00550968386233,0.00396009162068],[0.000279103085632,-0.00249296962284,-0.00234152050689,-0.00089280429529,0.00226052990183,-0.00154193036724,0.00146629998926,-0.00813125818968,0.0192492492497,-0.00461433222517,-0.00082790479064,0.000357462238753,0.000688003608957],[-0.000209423873457,0.00272198743187,0.000485274853418,0.00247652921826,0.000835996586829,-0.000900374900084,0.00234879204072,0.000713905901648,-0.00461433222517,0.0183744113892,-0.0116171073169,0.00916591938585,-0.00559220975265],[0.00040691025788,-0.00448323832825,0.000146097983816,-0.00211203750223,0.00074344308814,0.0013979061041,-0.00652156677097,0.00468260981143,-0.00082790479064,-0.0116171073169,0.0310223251581,-0.0176596045494,0.0103522799909],[-0.000260937929852,0.00252935686149,-0.00250623282045,0.000497275439557,-0.000403062585974,-0.000731668202206,0.00578221678734,-0.00550968386233,0.000357462238753,0.00916591938585,-0.0176596045494,0.0280204080045,-0.00993894506246],[0.000301976659102,-0.00168540817685,0.00112032308243,-0.00331174489111,-0.00060130021302,-0.000456962065073,-0.00369836529717,0.00396009162068,0.000688003608957,-0.00559220975265,0.0103522799909,-0.00993894506246,0.0210348684341]],"mean":[-11.1038713455,97.4216918945,-117.098205566,24.7618312836,-29.6449756622,12.2833795547,-30.7497253418,10.5314493179,-19.9768772125,-10.5378313065,-24.4863243103,-5.68370771408,-15.9685134888]},"hfc":{"dmean":4.40738153458,"dmean2":6.55040073395,"dvar":35.2924957275,"dvar2":78.3925247192,"max":130.588592529,"mean":18.6313896179,"median":16.2077941895,"min":1.10247935678e-16,"var":149.481048584},"melbands":{"dmean":[0.000960559642408,0.00226381979883,0.00163596461061,0.0009353881469,0.000116642477224,0.0000995755617623,0.000100197969005,0.000197212269995,0.000127426596009,0.000138106115628,0.0000745012803236,0.0000514308412676,0.0000675565606798,0.0000497402215842,0.0000225778076128,0.0000295530480798,0.0000286271479126,0.0000297530405078,0.000019070252165,0.0000141044838529,0.000019803928808,0.0000142594881254,0.00000691372906658,0.00000604364367973,0.00000378591585104,0.00000298618078887,0.00000167734583556,0.0000016414228412,0.00000132692525767,0.00000104651246602,9.05038177734e-7,9.78841399046e-7,8.22446111215e-7,6.549672662e-7,6.00735063472e-7,4.09985574379e-7,2.94133513989e-7,2.70974680916e-7,3.53896012939e-7,1.72662595332e-7],"dmean2":[0.00169892353006,0.0040543274954,0.00265197223052,0.00146414386109,0.000190084028873,0.000158186434419,0.00015819616965,0.000299636711134,0.000190079867025,0.000210621117731,0.000110303859401,0.0000780081318226,0.000106304243673,0.0000764490687288,0.0000351520793629,0.0000450964216725,0.0000442342279712,0.0000471368293802,0.0000300760129903,0.0000222647358896,0.0000330027614837,0.0000222652179218,0.0000105191566036,0.00000911525057745,0.00000597330381424,0.00000469704264106,0.00000274702938441,0.0000025968574846,0.000002118736802,0.00000164887148912,0.00000144622219977,0.00000146086210862,0.00000123953702769,0.00000100550505522,8.87358282853e-7,5.99505483478e-7,4.17980373868e-7,3.78241139742e-7,5.03898661464e-7,2.35437980223e-7],"dvar":[0.00000479114623886,0.0000334383439622,0.0000105862091004,0.00000629288797427,4.47868551134e-8,7.02893885318e-8,7.61391234505e-8,2.19096605747e-7,9.68374109789e-8,1.60508264457e-7,3.67559067627e-8,2.90195689701e-8,4.07197653374e-8,1.41052458602e-8,4.3177794673e-9,9.59247881127e-9,7.19045178954e-9,5.70628788665e-9,2.65709432234e-9,1.04133623946e-9,6.31604601953e-10,3.41004779969e-10,9.78514977379e-11,8.29172286387e-11,2.2724572224e-11,2.7472395886e-11,1.05731066263e-11,1.18685842404e-11,5.3414750921e-12,7.42981023927e-12,1.11859445318e-11,1.2184181615e-11,7.36244832461e-12,6.00196324932e-12,4.19393859918e-12,2.36338552895e-12,1.12735417789e-12,1.45609262495e-12,1.33053876077e-12,4.42410756467e-13],"dvar2":[0.0000135417021738,0.0000934712224989,0.0000244798084168,0.0000150010964717,1.04907087461e-7,1.5729708025e-7,1.89903062164e-7,4.85400278194e-7,2.13012697259e-7,3.73399643649e-7,7.44198018765e-8,6.20036288979e-8,1.01818727671e-7,3.44449198053e-8,1.07956825701e-8,2.23295266721e-8,1.63503610651e-8,1.25893375724e-8,6.77479450317e-9,2.38271646857e-9,1.66912217381e-9,8.53393300471e-10,2.39998132479e-10,1.93126320491e-10,5.77489306375e-11,7.1389658074e-11,2.77689850281e-11,2.92681816283e-11,1.33533826358e-11,1.68237819509e-11,2.58172910134e-11,2.09455976868e-11,1.47175500953e-11,1.36114140792e-11,8.16140210969e-12,4.35020162254e-12,2.26814010282e-12,3.14804605994e-12,2.90027593955e-12,9.01869345264e-13],"max":[0.0179508961737,0.044711433351,0.0303945057094,0.0225185342133,0.00469520874321,0.00645460188389,0.00840090680867,0.00747973285615,0.00582346459851,0.00879442878067,0.00516135152429,0.00623788684607,0.00510000716895,0.00436588283628,0.00179536594078,0.00282334419899,0.00239636749029,0.00296988990158,0.0015063531464,0.00138866459019,0.0012289180886,0.00046960733016,0.000411872373661,0.000373197894078,0.000132798581035,0.000148965453263,0.000110708926513,0.0000814411687315,0.0000467717509309,0.0000984542639344,0.000192526975297,0.00027656002203,0.000155234461999,0.000155751593411,0.000090792789706,0.000107857536932,0.0000610643182881,0.000067413529905,0.0000451578052889,0.0000335638505931],"mean":[0.00101705442648,0.0026161368005,0.00216567330062,0.00107102235779,0.00020692923863,0.00017180616851,0.000195099695702,0.0004916190519,0.000305871275486,0.000352364935679,0.000180855451617,0.000100604411273,0.000140833013575,0.000102297679405,0.0000475081869808,0.0000579007937631,0.0000605230015935,0.0000607134024904,0.0000401832003263,0.0000313204473059,0.000039254387957,0.0000354080475518,0.0000191014605662,0.0000155094130605,0.00000964669470704,0.0000071358713285,0.00000358398301614,0.00000344274121744,0.00000270685654868,0.00000208678443414,0.00000172565728462,0.00000187206342162,0.00000151376707436,0.00000122237213418,0.00000110612995741,7.86758221238e-7,5.58282977181e-7,4.76045585174e-7,5.46321700767e-7,2.9508854027e-7],"median":[0.000411482324125,0.00136130920146,0.00120346737094,0.000406130508054,0.000103068116005,0.0000481998322357,0.0000463701326225,0.0000361307647836,0.0000587625618209,0.0000708559018676,0.000077256350778,0.0000473659893032,0.0000383055812563,0.0000390596833313,0.000016756439436,0.0000232258353208,0.0000256998137047,0.0000292756376439,0.0000181627947313,0.0000226580013987,0.0000313077835017,0.0000271970457106,0.0000154365770868,0.0000123457812151,0.00000788070337876,0.00000459039392808,0.00000230692489822,0.0000016912817955,0.00000150326422954,9.21459161418e-7,4.98411623084e-7,5.14589430622e-7,4.75007908562e-7,4.16500540723e-7,3.64701719491e-7,2.48740121833e-7,1.91303115571e-7,1.60961093343e-7,1.55122023671e-7,1.02581751094e-7],"min":[8.94810052388e-25,2.74467447842e-24,2.16661219543e-24,1.32292447122e-24,1.39616872716e-24,1.5744132292e-24,1.33548323544e-24,2.12618189075e-24,7.92397664482e-25,1.40474256051e-24,2.68677839886e-24,3.26170614305e-24,3.07799779316e-24,2.06274031624e-24,2.39816772023e-24,3.40364253306e-24,2.96524965107e-24,3.98382842961e-24,4.1289157273e-24,3.68021203884e-24,3.83052948433e-24,3.84224564649e-24,3.50247299942e-24,3.36815956955e-24,4.34035806003e-24,4.49060332475e-24,3.10480979482e-24,4.30869988861e-24,4.21662838249e-24,6.12242600493e-24,4.94332665395e-24,6.62113834718e-24,5.25137052655e-24,5.27209626911e-24,6.30627477206e-24,5.33214396679e-24,6.11277902492e-24,6.34031806442e-24,6.63089655658e-24,6.01468929895e-24],"var":[0.00000373118473362,0.0000229620527534,0.0000106664247141,0.00000603666649113,1.20872428511e-7,1.94382451468e-7,1.95860792473e-7,0.00000106041113668,4.20394542289e-7,7.7147291222e-7,1.88880761698e-7,8.8603243853e-8,9.71026850038e-8,4.4348517747e-8,1.47756402669e-8,2.27798455654e-8,1.80429093888e-8,1.13822924419e-8,7.2954651209e-9,2.21143436896e-9,1.52539392229e-9,1.00799368852e-9,2.80635320538e-10,2.59880506004e-10,6.96397384203e-11,8.90981108337e-11,2.11197205557e-11,3.43836244199e-11,1.47979545284e-11,2.0039032933e-11,2.94704677328e-11,4.06713586421e-11,2.05226374089e-11,1.30319600597e-11,1.17781678508e-11,7.4873458128e-12,2.82322581112e-12,2.3180474467e-12,2.1841393711e-12,9.11502427356e-13]},"melbands_crest":{"dmean":3.22343206406,"dmean2":5.36210584641,"dvar":8.63765525818,"dvar2":22.5590248108,"max":31.1323394775,"mean":15.3820171356,"median":14.7693891525,"min":1.0020648241,"var":24.8645362854},"melbands_flatness_db":{"dmean":0.028238363564,"dmean2":0.0434019528329,"dvar":0.000767151475884,"dvar2":0.00198810943402,"max":0.389182448387,"mean":0.210903927684,"median":0.210089609027,"min":6.77352659295e-7,"var":0.00240020174533},"melbands_kurtosis":{"dmean":8.7594499588,"dmean2":14.5676422119,"dvar":322.524230957,"dvar2":836.045593262,"max":215.2759552,"mean":10.5723829269,"median":5.08977127075,"min":-1.74035656452,"var":308.853515625},"melbands_skewness":{"dmean":0.884322047234,"dmean2":1.40532684326,"dvar":1.36113548279,"dvar2":3.29850840569,"max":11.5643033981,"mean":2.48842358589,"median":2.22669029236,"min":-0.718079924583,"var":2.7923822403},"melbands_spread":{"dmean":6.64923429489,"dmean2":10.3948602676,"dvar":46.1272315979,"dvar2":103.749771118,"max":151.447616577,"mean":23.1467380524,"median":21.581943512,"min":1.32888877392,"var":180.20161438},"mfcc":{"cov":[[9795.31542969,848.614868164,70.2897491455,51.9319534302,-362.836730957,-24.6409854889,-182.435653687,-114.868469238,-74.5356445312,55.0600814819,-31.7793979645,-88.2929992676,2.09754371643],[848.614868164,1009.87109375,-438.657653809,54.1802825928,47.5099716187,-99.5638885498,57.7666778564,100.544219971,23.3941612244,44.2074012756,39.0195884705,61.3601837158,33.9386634827],[70.2897491455,-438.657653809,437.245117188,-30.1773357391,-46.1422805786,40.0992431641,-70.8423309326,-34.9123954773,-18.0011081696,-38.8959922791,-15.1484870911,-0.109265379608,27.0575561523],[51.9319534302,54.1802825928,-30.1773357391,212.674835205,86.2409210205,5.76485776901,17.6896820068,34.0730247498,5.19296216965,-31.8877296448,-27.5280017853,0.811771214008,-18.085483551],[-362.836730957,47.5099716187,-46.1422805786,86.2409210205,188.68800354,32.4556312561,32.4476966858,55.7468757629,24.1061306,-26.9695949554,-8.89421463013,3.21374702454,-33.9379310608],[-24.6409854889,-99.5638885498,40.0992431641,5.76485776901,32.4556312561,111.232559204,30.8303031921,-12.7378940582,5.45419216156,5.9134054184,-9.36845493317,-23.6536712646,-27.788766861],[-182.435653687,57.7666778564,-70.8423309326,17.6896820068,32.4476966858,30.8303031921,107.897247314,42.1014633179,15.0482234955,11.6713924408,2.64626669884,-2.33942699432,-21.6372966766],[-114.868469238,100.544219971,-34.9123954773,34.0730247498,55.7468757629,-12.7378940582,42.1014633179,143.922958374,35.6309967041,-24.6641788483,5.42185115814,37.1546554565,7.59183740616],[-74.5356445312,23.3941612244,-18.0011081696,5.19296216965,24.1061306,5.45419216156,15.0482234955,35.6309967041,78.4361190796,24.3935642242,-6.76912403107,-8.27904891968,-10.512468338],[55.0600814819,44.2074012756,-38.8959922791,-31.8877296448,-26.9695949554,5.9134054184,11.6713924408,-24.6641788483,24.3935642242,94.7832565308,25.6467075348,-15.7192897797,-5.67908620834],[-31.7793979645,39.0195884705,-15.1484870911,-27.5280017853,-8.89421463013,-9.36845493317,2.64626669884,5.42185115814,-6.76912403107,25.6467075348,65.0846176147,28.587978363,5.37150001526],[-88.2929992676,61.3601837158,-0.109265379608,0.811771214008,3.21374702454,-23.6536712646,-2.33942699432,37.1546554565,-8.27904891968,-15.7192897797,28.587978363,90.866859436,46.7175254822],[2.09754371643,33.9386634827,27.0575561523,-18.085483551,-33.9379310608,-27.788766861,-21.6372966766,7.59183740616,-10.512468338,-5.67908620834,5.37150001526,46.7175254822,92.5409240723]],"icov":[[0.000152636232087,-0.000301086518448,-0.000234091086895,-0.000148400999024,0.000410137639847,-0.000256766012171,0.000286848546239,-0.0000405346072512,0.0001021872813,-0.0000116476785479,0.0000707420695107,0.000172441927134,0.000209839650779],[-0.000301086518448,0.00270655704662,0.00243794149719,-0.0000386689207517,-0.000911022129003,0.00125364854466,-0.000303350010654,-0.00083551654825,0.0000470457816846,-0.000746498641092,-0.000332381314365,-0.000779688591138,-0.00129375467077],[-0.000234091086895,0.00243794149719,0.00529948063195,0.0000640369617031,0.000119418662507,-0.00111118424684,0.00196743756533,-0.000879522587638,-0.000269842741545,0.000807886943221,-0.000418619893026,-0.000545467191841,-0.00186488172039],[-0.000148400999024,-0.0000386689207517,0.0000640369617031,0.00646378984675,-0.00292373565026,0.000712051347364,-0.000568326853681,-0.000229553843383,0.000599816557951,0.000471994979307,0.00263507477939,-0.000838226464111,0.000656904128846],[0.000410137639847,-0.000911022129003,0.000119418662507,-0.00292373565026,0.00967063289136,-0.00343898567371,0.00112318631727,-0.00192947837058,-0.00161239644513,0.00227322429419,-0.000646691361908,-0.000392442248994,0.00284527661279],[-0.000256766012171,0.00125364854466,-0.00111118424684,0.000712051347364,-0.00343898567371,0.0136552881449,-0.00530061451718,0.00214069592766,-0.0000742673728382,-0.00135936227161,0.000923687359318,0.000493618252221,0.00103976752143],[0.000286848546239,-0.000303350010654,0.00196743756533,-0.000568326853681,0.00112318631727,-0.00530061451718,0.014936725609,-0.00508968299255,0.00138872698881,-0.00233813608065,0.000658780627418,-0.000054545198509,0.00215215724893],[-0.0000405346072512,-0.00083551654825,-0.000879522587638,-0.000229553843383,-0.00192947837058,0.00214069592766,-0.00508968299255,0.0132290897891,-0.00669909128919,0.00501287775114,-0.00185765663628,-0.00328733911738,-0.000506462121848],[0.0001021872813,0.0000470457816846,-0.000269842741545,0.000599816557951,-0.00161239644513,-0.0000742673728382,0.00138872698881,-0.00669909128919,0.0194392818958,-0.00865130126476,0.00549964560196,0.000669489614666,0.00145735370461],[-0.0000116476785479,-0.000746498641092,0.000807886943221,0.000471994979307,0.00227322429419,-0.00135936227161,-0.00233813608065,0.00501287775114,-0.00865130126476,0.0191918350756,-0.0096600856632,0.00450361939147,-0.0019202446565],[0.0000707420695107,-0.000332381314365,-0.000418619893026,0.00263507477939,-0.000646691361908,0.000923687359318,0.000658780627418,-0.00185765663628,0.00549964560196,-0.0096600856632,0.0253019239753,-0.0103321904317,0.00488360319287],[0.000172441927134,-0.000779688591138,-0.000545467191841,-0.000838226464111,-0.000392442248994,0.000493618252221,-0.000054545198509,-0.00328733911738,0.000669489614666,0.00450361939147,-0.0103321904317,0.022304341197,-0.00976881943643],[0.000209839650779,-0.00129375467077,-0.00186488172039,0.000656904128846,0.00284527661279,0.00103976752143,0.00215215724893,-0.000506462121848,0.00145735370461,-0.0019202446565,0.00488360319287,-0.00976881943643,0.0185456778854]],"mean":[-652.372131348,132.805053711,-16.6195964813,22.8998947144,17.8703937531,6.59388446808,3.17392373085,15.2193832397,6.84063053131,2.63984298706,-2.16315436363,-3.33771681786,-6.02056264877]},"pitch_salience":{"dmean":0.0615931637585,"dmean2":0.102497346699,"dvar":0.00380119495094,"dvar2":0.0106249740347,"max":0.995945036411,"mean":0.486723780632,"median":0.484387129545,"min":0.196192532778,"var":0.0077189062722},"silence_rate_20dB":{"dmean":0,"dmean2":0,"dvar":0,"dvar2":0,"max":1,"mean":1,"median":1,"min":1,"var":0},"silence_rate_30dB":{"dmean":0.00193935120478,"dmean2":0.00387904443778,"dvar":0.00193563860375,"dvar2":0.00580370984972,"max":1,"mean":0.999030411243,"median":1,"min":0,"var":0.000968662439846},"silence_rate_60dB":{"dmean":0.00246826512739,"dmean2":0.00493696564808,"dvar":0.0024621358607,"dvar2":0.0054414072074,"max":1,"mean":0.0709563717246,"median":0,"min":0,"var":0.0659216940403},"spectral_centroid":{"dmean":226.665466309,"dmean2":345.673248291,"dvar":67299.890625,"dvar2":138154.71875,"max":11626.6523438,"mean":1304.61950684,"median":1239.5279541,"min":319.470092773,"var":637521.75},"spectral_complexity":{"dmean":2.48730611801,"dmean2":4.00670003891,"dvar":6.19689369202,"dvar2":15.0440788269,"max":43,"mean":19.0884094238,"median":20,"min":0,"var":43.5784263611},"spectral_contrast_coeffs":{"dmean":[0.0545204617083,0.0446676909924,0.0373513959348,0.0321374051273,0.0237168129534,0.0156957302243],"dmean2":[0.0890346094966,0.0733088478446,0.060828961432,0.0512580536306,0.0373262427747,0.0243083033711],"dvar":[0.00237732427195,0.00146576820407,0.000996418879367,0.00072597299004,0.000506652751938,0.000182981995749],"dvar2":[0.00572721427307,0.00367264333181,0.0025298637338,0.00176038325299,0.00107060954906,0.000433531356975],"max":[-0.295269399881,-0.385401010513,-0.476483166218,-0.52230322361,-0.612884998322,-0.611916005611],"mean":[-0.620436906815,-0.729281008244,-0.722890019417,-0.739189624786,-0.755700051785,-0.782968223095],"median":[-0.624823510647,-0.75007045269,-0.726610183716,-0.739334464073,-0.757533073425,-0.784308850765],"min":[-0.980085909367,-0.987288534641,-0.993804574013,-0.985974490643,-0.989306509495,-0.96308940649],"var":[0.00652140425518,0.00947466306388,0.00463994545862,0.00321825547144,0.00218663970008,0.00114491104614]},"spectral_contrast_valleys":{"dmean":[0.41768014431,0.383809417486,0.301630198956,0.288421779871,0.247798278928,0.351771056652],"dmean2":[0.693771123886,0.631559967995,0.492702424526,0.460085004568,0.380580633879,0.3875605762],"dvar":[0.12862072885,0.130901351571,0.0783860236406,0.0774438604712,0.0788615569472,0.134163618088],"dvar2":[0.317951619625,0.304853469133,0.175100937486,0.16119979322,0.160351991653,0.226961418986],"max":[-5.34346008301,-5.01579618454,-5.14965248108,-6.07369613647,-6.08364439011,-7.55438566208],"mean":[-7.30052804947,-7.23631191254,-7.58517980576,-7.9798541069,-7.87327623367,-10.5322065353],"median":[-7.01319789886,-6.96930599213,-7.29538011551,-7.7117562294,-7.61201667786,-10.2450008392],"min":[-28.1488876343,-27.9463691711,-27.6238517761,-27.7124137878,-27.4014968872,-27.4396781921],"var":[3.1071407795,3.23456859589,3.07185339928,2.88618731499,2.92338252068,2.94264245033]},"spectral_decrease":{"dmean":3.85178333673e-9,"dmean2":6.37650421353e-9,"dvar":4.5702188756e-17,"dvar2":1.18824097947e-16,"max":6.50872454345e-28,"mean":-7.86191112212e-9,"median":-5.99089666764e-9,"min":-4.65589629073e-8,"var":4.66841216262e-17},"spectral_energy":{"dmean":0.0148416832089,"dmean2":0.0245064459741,"dvar":0.000666579522658,"dvar2":0.0017295863945,"max":0.17970854044,"mean":0.0313625596464,"median":0.0242179594934,"min":1.00389458339e-20,"var":0.000700742122717},"spectral_energyband_high":{"dmean":0.00016508976114,"dmean2":0.000220129397349,"dvar":1.72193082904e-7,"dvar2":2.98134722243e-7,"max":0.0193817317486,"mean":0.000405262660934,"median":0.000179412949365,"min":7.01185980301e-21,"var":7.0350876058e-7},"spectral_energyband_low":{"dmean":0.00906168669462,"dmean2":0.0160861909389,"dvar":0.000488183111884,"dvar2":0.0013561588712,"max":0.155776873231,"mean":0.0114429779351,"median":0.00696733547375,"min":1.70153321397e-23,"var":0.000346565502696},"spectral_energyband_middle_high":{"dmean":0.00145049311686,"dmean2":0.0022778629791,"dvar":0.0000053142298384,"dvar2":0.0000128649171529,"max":0.0496138744056,"mean":0.00577063998207,"median":0.00455634528771,"min":1.18214701727e-21,"var":0.0000224906943913},"spectral_energyband_middle_low":{"dmean":0.00760127184913,"dmean2":0.011763131246,"dvar":0.00023724095081,"dvar2":0.000544077542145,"max":0.141162514687,"mean":0.0152078671381,"median":0.0097585003823,"min":1.20649358721e-22,"var":0.000315680284984},"spectral_entropy":{"dmean":0.152615115047,"dmean2":0.210435852408,"dvar":0.0196620505303,"dvar2":0.0434762984514,"max":9.81581687927,"mean":7.42419242859,"median":7.41256332397,"min":6.10913610458,"var":0.133563742042},"spectral_flux":{"dmean":0.0350079871714,"dmean2":0.057493083179,"dvar":0.00253651198,"dvar2":0.0055079003796,"max":0.369669854641,"mean":0.0843091309071,"median":0.0650936514139,"min":6.39955449744e-11,"var":0.0040120347403},"spectral_kurtosis":{"dmean":1.67196154594,"dmean2":2.77303433418,"dvar":3.93658447266,"dvar2":10.9156913757,"max":26.7730751038,"mean":6.35308790207,"median":6.0643825531,"min":-1.26057755947,"var":8.55495357513},"spectral_rms":{"dmean":0.00107429549098,"dmean2":0.00171172816772,"dvar":0.00000243804333877,"dvar2":0.000006034629223,"max":0.0132410498336,"mean":0.00507750641555,"median":0.00486078998074,"min":3.12955152244e-12,"var":0.00000481663755636},"spectral_rolloff":{"dmean":416.598327637,"dmean2":695.298156738,"dvar":345808.65625,"dvar2":712300.4375,"max":19659.8144531,"mean":1390.90429688,"median":1119.7265625,"min":107.666015625,"var":2189105.5},"spectral_skewness":{"dmean":0.190682902932,"dmean2":0.311404496431,"dvar":0.0358546487987,"dvar2":0.0987165272236,"max":3.46135258675,"mean":1.76446270943,"median":1.7780880928,"min":-0.06615947932,"var":0.147212088108},"spectral_spread":{"dmean":531280.75,"dmean2":607963.125,"dvar":367549054976,"dvar2":538723778560,"max":42284856,"mean":4158181.5,"median":3846424,"min":1759556.875,"var":7907149611010},"spectral_strongpeak":{"dmean":0.536948084831,"dmean2":0.890449821949,"dvar":0.729790747166,"dvar2":1.8139936924,"max":13.1346683502,"mean":1.13816678524,"median":0.510171175003,"min":0,"var":1.84537982941},"zerocrossingrate":{"dmean":0.00770390219986,"dmean2":0.0096949422732,"dvar":0.0000695238413755,"dvar2":0.0000934412382776,"max":0.51904296875,"mean":0.0529874451458,"median":0.04736328125,"min":0.013671875,"var":0.00139762356412}},"metadata":{"audio_properties":{"analysis_sample_rate":44100,"bit_rate":0,"codec":"flac","downmix":"mix","equal_loudness":0,"length":263.386657715,"lossless":true,"md5_encoded":"8dfec9bd03c4cd487698c5d6b68dbcef","replay_gain":-14.7394218445},"tags":{"acoustid_id":["85ba2c38-91e6-4d88-a18e-d7330c34afdc"],"album":["Monitor This! June/July 2012"],"albumartist":["Various Artists"],"albumartistsort":["Various Artists"],"albumsort":["Monitor This! June/July 2012 (2012-06, Various Artists, 3ac2d3c5-073f-44c5-bd4f-349fbcf08a0f)"],"artist":["The Walkmen"],"artists":["The Walkmen"],"artistsort":["Walkmen, The"],"compilation":["1"],"date":["2012-06"],"discnumber":["1"],"disctotal":["1"],"file_name":"04 - The Walkmen - Heaven.flac","label":["[no label]"],"media":["CD"],"musicbrainz_albumartistid":["89ad4ac3-39f7-470e-963a-56509c546377"],"musicbrainz_albumid":["3ac2d3c5-073f-44c5-bd4f-349fbcf08a0f"],"musicbrainz_artistid":["b7834ebd-64ae-46c3-a930-2d3a52ee743a"],"musicbrainz_recordingid":["e0d9aca5-76ae-4ca1-ac8b-a97becc8b98d"],"musicbrainz_releasegroupid":["bce8ff77-fc5a-4e00-9c15-e8d79b71fc2b"],"musicbrainz_releasetrackid":["467da612-ccb4-3e8f-a976-27689383851b"],"originaldate":["2012-06"],"releasecountry":["CA"],"releasestatus":["promotion"],"releasetype":["album","compilation"],"replaygain_album_gain":["-9.87 dB"],"replaygain_album_peak":["1.00000000"],"replaygain_track_gain":["-9.40 dB"],"replaygain_track_peak":["0.99887085"],"script":["Latn"],"title":["Heaven"],"totaldiscs":["1"],"totaltracks":["11"],"tracknumber":["4"],"tracktotal":["11"]},"version":{"essentia":"2.1-beta1","essentia_build_sha":"5a55991247aa8bc5301991e5ebe36927b56abb96","essentia_git_sha":"v2.1_beta1-6-g5578087","extractor":"music 1.0"}},"rhythm":{"beats_count":692,"beats_loudness":{"dmean":0.0231817159802,"dmean2":0.0420781746507,"dvar":0.000274956837529,"dvar2":0.000855329737533,"max":0.104678563774,"mean"