{"lowlevel":{"average_loudness":0.941284835339,"barkbands":{"dmean":[0.000136699905852,0.00691712973639,0.00666654389352,0.00446780398488,0.00198164908215,0.000844483438414,0.00059217523085,0.00050698389532,0.00112193834502,0.000674273876939,0.000334749085596,0.000333437783411,0.000386385596357,0.000301944557577,0.000256612052908,0.000357963115675,0.000265734066488,0.000165714765899,0.000178287329618,0.00011926429579,0.0000875630939845,0.0000816329338704,0.0000555925362278,0.0000598571095907,0.0000341014310834,0.0000108480489871,0.0000019650071863],"dmean2":[0.000217587148654,0.01258745417,0.0123787438497,0.00764787429944,0.00344183528796,0.00148117740173,0.000993548776023,0.000811567821074,0.00178208318539,0.00107865850441,0.000526206451468,0.000536400882993,0.00059780664742,0.000477050081827,0.000407040090067,0.000572788761929,0.000426708924351,0.000265279522864,0.000281539541902,0.000196852575755,0.000145986661664,0.000131105975015,0.0000850792348501,0.0000916890494409,0.0000521134497831,0.0000161827920238,0.00000296323946714],"dvar":[5.98426979082e-8,0.000227555254241,0.000282609806163,0.0000854343161336,0.0000202839819394,0.00000751462130211,0.00000448154924015,0.00000188969454484,0.0000114941522042,0.00000451586129202,5.8468771158e-7,3.83241541613e-7,8.79457104475e-7,4.13081124861e-7,1.44735437857e-7,2.60484824821e-7,1.35439478299e-7,6.1726019851e-8,7.70347199364e-8,5.99704961246e-8,7.36307015359e-8,6.96769291153e-8,4.11903400277e-8,4.07414262327e-8,1.31838699957e-8,1.47541301398e-9,2.14693800932e-11],"dvar2":[1.39942500255e-7,0.000653325871099,0.000805991585366,0.000231535785133,0.0000551911034563,0.0000206480526685,0.0000113093701657,0.00000438743518316,0.0000265890703304,0.0000109837428681,0.00000128075600969,9.73287228589e-7,0.00000206200684261,9.80197228273e-7,3.53371262918e-7,6.38832545974e-7,3.1695810776e-7,1.48744604189e-7,1.82633058898e-7,1.54558435383e-7,1.92602726656e-7,1.56226036552e-7,8.67911396085e-8,8.26018791145e-8,2.93657187456e-8,3.31772187501e-9,4.86551875178e-11],"max":[0.00306431413628,0.125666111708,0.120041146874,0.141240507364,0.0649021267891,0.0410985052586,0.0525267086923,0.039614982903,0.106372468174,0.0432851351798,0.0240281559527,0.0178038608283,0.0352881997824,0.0184103399515,0.0103514622897,0.00985414907336,0.00976768415421,0.00655724713579,0.00412749918178,0.00735206436366,0.00594389159232,0.00823547877371,0.00966894160956,0.00699564022943,0.00544275902212,0.0017300741747,0.000115693939733],"mean":[0.000144216624903,0.00704410299659,0.005457600113,0.0055425115861,0.00229187309742,0.000839957443532,0.000623816740699,0.000729648629203,0.00154440361075,0.00109191273805,0.000580903608352,0.000604319968261,0.000750824052375,0.000535502214916,0.000491132726893,0.000732041604351,0.000509430712555,0.000308939808747,0.000314092816552,0.000211157850572,0.000138832692755,0.000144101577462,0.000108321568405,0.000123166784761,0.0000654980831314,0.0000181128671102,0.00000237736048803],"median":[0.0000461782983621,0.00334965274669,0.00202482799068,0.0017813378945,0.00061188271502,0.000242892012466,0.000152520224219,0.00025418921723,0.000353162846295,0.000365502666682,0.000221062888158,0.000311869225698,0.000287934730295,0.000279868720099,0.000330921233399,0.000503183342516,0.000379101955332,0.000230499194004,0.000200924143428,0.000104832761281,0.0000495740714541,0.0000433611057815,0.0000311564872391,0.0000325294131471,0.0000175866189238,0.00000400355384045,3.34271277325e-7],"min":[2.30246160679e-13,2.40526619889e-13,2.56393132636e-13,6.13841659794e-13,2.78755707753e-12,2.20785499258e-12,1.83441608258e-12,4.61409599764e-12,1.14755678918e-11,9.00096750606e-12,8.69087874583e-12,1.58296119268e-12,8.16752308147e-12,3.32569627219e-12,3.64629897456e-12,6.61074233549e-12,5.15861442105e-12,9.92643640896e-12,1.83903066386e-11,2.82484799441e-11,3.78825894265e-11,2.45014633582e-11,3.81354947621e-11,3.5341000959e-11,1.47449968901e-11,1.46909238247e-11,1.1835520411e-11],"var":[6.75000677575e-8,0.000158045266289,0.000171658102772,0.0000822356960271,0.0000192750758288,0.00000554707958145,0.00000430317550126,0.00000309211577587,0.0000166704176081,0.00000742220072425,0.00000159436467584,8.61657269979e-7,0.00000243319436777,7.50981769215e-7,3.50137526084e-7,7.46595105738e-7,3.02852299683e-7,1.1685822443e-7,1.30489382855e-7,1.10397067488e-7,1.05586281052e-7,1.49229194335e-7,1.10235653494e-7,1.22216079035e-7,3.38572476721e-8,3.42262040931e-9,3.01823462057e-11]},"barkbands_crest":{"dmean":2.59463334084,"dmean2":4.32682514191,"dvar":5.43406200409,"dvar2":14.7823905945,"max":26.2420635223,"mean":9.30269622803,"median":8.8491191864,"min":1.89720749855,"var":13.5998868942},"barkbands_flatness_db":{"dmean":0.0254402067512,"dmean2":0.0416153036058,"dvar":0.000672306923661,"dvar2":0.00179945956916,"max":0.350955545902,"mean":0.124099448323,"median":0.117604866624,"min":0.0169423315674,"var":0.0024860240519},"barkbands_kurtosis":{"dmean":4.03399991989,"dmean2":6.86891889572,"dvar":64.5090026855,"dvar2":181.626037598,"max":128.735366821,"mean":4.36204385757,"median":0.71586227417,"min":-1.90653479099,"var":107.080726624},"barkbands_skewness":{"dmean":0.74017572403,"dmean2":1.20133471489,"dvar":0.723835229874,"dvar2":1.90409564972,"max":10.6754999161,"mean":1.41157793999,"median":1.12399244308,"min":-7.05181360245,"var":2.3417737484},"barkbands_spread":{"dmean":6.93406581879,"dmean2":11.0993824005,"dvar":61.8763847351,"dvar2":145.988006592,"max":98.7482223511,"mean":24.8833179474,"median":22.7762050629,"min":0.766296267509,"var":201.753036499},"dissonance":{"dmean":0.0143319517374,"dmean2":0.0239126719534,"dvar":0.000208739671507,"dvar2":0.000546860916074,"max":0.500000059605,"mean":0.475288629532,"median":0.48130095005,"min":0.27949744463,"var":0.000467288045911},"dynamic_complexity":3.70486831665,"erbbands":{"dmean":[0.123639650643,1.86982166767,6.8791475296,12.4431781769,11.0669155121,4.63099431992,4.52604532242,8.11568069458,8.35820865631,7.90095424652,17.1691493988,22.9340648651,20.7643051147,16.3652019501,12.3333692551,15.3516292572,16.4669895172,16.171749115,12.8762311935,14.1818380356,18.4717330933,12.4921865463,8.86477375031,8.23030185699,8.64383602142,6.03315019608,3.5003786087,3.4651055336,2.91686916351,2.44902944565,1.44457089901,1.42225241661,0.910159230232,0.541152000427,0.150986909866,0.0611438825727,0.0175765883178,0.00291906483471,0.000351270398824,0.000035666867916],"dmean2":[0.220032244921,3.4221906662,12.8514690399,21.7085552216,19.0957794189,7.99609851837,7.60770654678,14.3949203491,14.5104198456,13.0066928864,26.8919296265,37.0004234314,33.067855835,25.8921756744,19.5166378021,24.6344509125,25.5461845398,25.2724590302,20.50041008,22.6970653534,29.2940769196,19.8685188293,14.2068853378,12.8975801468,13.951833725,9.90575885773,5.77565002441,5.78195047379,4.73051261902,3.87011814117,2.22147488594,2.18212962151,1.40848493576,0.830309987068,0.234211862087,0.0906676352024,0.0271165948361,0.0044691930525,0.000529193726834,0.0000572668359382],"dvar":[0.0592796318233,17.5636901855,301.500366211,646.982421875,670.588928223,112.192184448,170.238265991,815.681274414,857.09375,783.816040039,2544.51123047,4929.77441406,5930.99414062,1764.92041016,711.853088379,813.58026123,1213.77844238,1287.16467285,464.311309814,371.93371582,710.098388672,260.080963135,161.119888306,172.406967163,185.552032471,157.979721069,109.617393494,126.074287415,86.5938186646,78.8798065186,27.9701900482,25.5815868378,10.0483522415,3.5672454834,0.206153988838,0.0489092133939,0.00515987724066,0.0000752764026402,6.77904438362e-7,3.74061270847e-9],"dvar2":[0.167735427618,50.4242248535,867.113647461,1779.39697266,1831.06018066,305.052734375,413.704772949,2271.70410156,2295.0859375,1996.69030762,5884.26708984,11709.8320312,14684.4394531,4043.34692383,1633.79370117,2062.51416016,2802.41455078,3096.32592773,1115.25097656,917.807434082,1754.09130859,623.05871582,391.268951416,416.183380127,455.477172852,407.767211914,274.690429688,326.457702637,199.297836304,175.104705811,57.8538856506,51.9178657532,21.5469436646,7.80493307114,0.465454697609,0.100215546787,0.01290018484,0.00018638621259,0.00000154914368977,9.17864628747e-9],"max":[2.41100502014,34.7077789307,126.981994629,291.926208496,523.005310059,189.361557007,401.217803955,453.988708496,447.198516846,828.691833496,1715.80041504,1751.54821777,2279.54003906,1219.21228027,783.622802734,898.786437988,1051.18261719,909.148376465,551.475036621,398.592468262,657.961730957,321.426330566,323.541015625,252.6224823,266.145812988,316.829406738,373.138793945,265.106689453,297.195861816,273.511962891,292.615570068,231.3724823,118.059028625,92.9276657104,11.747672081,9.64879989624,3.66018009186,0.321599334478,0.0198263116181,0.000887387490366],"mean":[0.128850743175,1.84807467461,5.8741569519,14.6764497757,13.2988910675,5.20084762573,5.03094291687,7.5829205513,8.39814376831,9.98219966888,24.9628772736,31.9624252319,31.5049533844,31.3741950989,23.2684249878,29.6656742096,34.5634078979,31.9487075806,25.4292850494,31.334066391,39.4702949524,26.5312328339,17.8030395508,14.8308000565,15.4477834702,10.8288669586,5.66673707962,5.74153327942,5.02678155899,4.41374397278,2.9246840477,2.78681397438,1.8544151783,1.04371416569,0.285019606352,0.110221996903,0.026434417814,0.00401889858767,0.000437529670307,0.0000564490073884],"median":[0.0584877878428,0.854140460491,2.44741225243,4.58299160004,5.8095664978,1.74923634529,1.49639225006,1.93435943127,2.16993665695,3.31341290474,6.85018014908,8.06634235382,9.8732509613,12.7862262726,11.2886285782,15.9954528809,16.0275611877,15.5356559753,17.7173023224,23.1131038666,29.5309257507,21.1717567444,14.231054306,9.67443466187,10.5855197906,5.19623756409,2.13043308258,1.91411709785,1.60557079315,1.23343336582,0.847839593887,0.69216799736,0.50471997261,0.266524612904,0.0815493166447,0.0240256004035,0.00598716782406,0.00087123864796,0.0000772968487581,0.000035782904888],"min":[9.7333885743e-12,4.76947821515e-11,2.40121783568e-10,1.2651829584e-9,4.66235405838e-9,1.02664712287e-8,1.1617853346e-8,3.47891990771e-8,2.9354545461e-8,3.85978893291e-8,1.36498712777e-7,2.3972822305e-7,2.7345441822e-7,4.32976548836e-7,1.98856554334e-7,8.00642112608e-8,3.05161279357e-7,2.79706995343e-7,1.33711822059e-7,2.66548227046e-7,3.79475181944e-7,3.36548595214e-7,5.34159937615e-7,7.09826451839e-7,8.31441127502e-7,0.00000112026202714,0.00000229555257647,8.63496438797e-7,0.00000105327933397,5.84728525155e-7,0.00000110875669179,0.00000105157937469,4.87302315832e-7,2.47452163649e-7,4.38065441699e-8,4.0976072313e-8,2.6963379085e-8,8.99812313548e-9,2.89990365054e-9,1.04478106722e-10],"var":[0.0468227826059,11.8215847015,182.038375854,559.053161621,580.103637695,97.0674667358,194.82522583,561.565307617,705.912780762,802.708068848,3994.26171875,6852.51269531,7695.59521484,4561.98876953,1784.68225098,1876.17480469,3773.94995117,2826.31225586,953.094543457,1179.15588379,1842.7244873,635.870605469,330.141387939,291.373962402,301.348876953,310.353118896,158.121734619,196.659515381,172.327133179,170.118515015,80.4627227783,72.0754470825,27.9455471039,9.53439807892,0.477334976196,0.143150568008,0.0073040430434,0.0000993437934085,9.48009244439e-7,4.50380754913e-9]},"erbbands_crest":{"dmean":2.47890281677,"dmean2":3.98693108559,"dvar":5.80370140076,"dvar2":14.2242937088,"max":33.7627716064,"mean":8.48018550873,"median":7.37551403046,"min":2.35161018372,"var":18.1419143677},"erbbands_flatness_db":{"dmean":0.0171586684883,"dmean2":0.0253804083914,"dvar":0.000289812771371,"dvar2":0.000592558179051,"max":0.405511975288,"mean":0.151569157839,"median":0.147899508476,"min":0.0491425767541,"var":0.00164014042821},"erbbands_kurtosis":{"dmean":0.974918007851,"dmean2":1.54090428352,"dvar":3.06091880798,"dvar2":7.77415180206,"max":71.8172531128,"mean":0.645815074444,"median":0.149559497833,"min":-1.81709849834,"var":6.44949913025},"erbbands_skewness":{"dmean":0.374701350927,"dmean2":0.577167510986,"dvar":0.135993242264,"dvar2":0.315316557884,"max":4.33110904694,"mean":-0.160161554813,"median":-0.189304336905,"min":-4.99082136154,"var":0.569666326046},"erbbands_spread":{"dmean":9.42359542847,"dmean2":14.8525314331,"dvar":120.229949951,"dvar2":292.513061523,"max":152.318466187,"mean":38.5136146545,"median":33.1282043457,"min":0.907905638218,"var":485.440887451},"gfcc":{"cov":[[6584.39160156,441.989593506,-260.622955322,-34.4362640381,-150.494644165,64.5732879639,-133.920532227,-99.9610366821,-153.54800415,-7.167719841,-150.096237183,22.5893955231,-8.90283107758],[441.989593506,1423.70776367,-89.0602493286,69.0916061401,247.49961853,-71.754486084,87.1672363281,-65.1198120117,35.5701904297,-152.515579224,93.6781082153,-129.825469971,52.5569038391],[-260.622955322,-89.0602493286,776.817199707,347.106079102,-45.6546401978,32.4385414124,-20.8136959076,-18.1741333008,-42.7670822144,23.3880500793,-39.0777778625,-10.5267562866,-1.25978815556],[-34.4362640381,69.0916061401,347.106079102,543.139770508,30.8094482422,103.192153931,-4.33326244354,-5.20040464401,-44.4633865356,-27.8475399017,3.11695790291,-41.6217918396,26.2297668457],[-150.494644165,247.49961853,-45.6546401978,30.8094482422,329.605865479,19.7949142456,50.2620353699,2.49671721458,0.0365537330508,-52.6175041199,32.3599014282,-6.93247270584,-12.8036727905],[64.5732879639,-71.754486084,32.4385414124,103.192153931,19.7949142456,182.205078125,54.5455436707,23.6655406952,-27.2777671814,-12.3447818756,-16.6588573456,-9.80147457123,2.25763869286],[-133.920532227,87.1672363281,-20.8136959076,-4.33326244354,50.2620353699,54.5455436707,148.173583984,34.9227294922,13.9582061768,-24.8368492126,2.21578526497,-16.8239974976,-6.08499765396],[-99.9610366821,-65.1198120117,-18.1741333008,-5.20040464401,2.49671721458,23.6655406952,34.9227294922,94.9505844116,23.0822372437,5.59639883041,-1.60036766529,2.94784617424,-7.13660478592],[-153.54800415,35.5701904297,-42.7670822144,-44.4633865356,0.0365537330508,-27.2777671814,13.9582061768,23.0822372437,90.2494659424,29.92694664,8.44277763367,-7.2146821022,0.680197715759],[-7.167719841,-152.515579224,23.3880500793,-27.8475399017,-52.6175041199,-12.3447818756,-24.8368492126,5.59639883041,29.92694664,91.6356201172,10.6809253693,13.7121582031,-8.86734008789],[-150.096237183,93.6781082153,-39.0777778625,3.11695790291,32.3599014282,-16.6588573456,2.21578526497,-1.60036766529,8.44277763367,10.6809253693,74.2332992554,8.4009141922,1.55704498291],[22.5893955231,-129.825469971,-10.5267562866,-41.6217918396,-6.93247270584,-9.80147457123,-16.8239974976,2.94784617424,-7.2146821022,13.7121582031,8.4009141922,73.2142333984,8.07425880432],[-8.90283107758,52.5569038391,-1.25978815556,26.2297668457,-12.8036727905,2.25763869286,-6.08499765396,-7.13660478592,0.680197715759,-8.86734008789,1.55704498291,8.07425880432,57.285320282]],"icov":[[0.000224550894927,-0.000310374249239,0.000194615204236,-0.000104129467218,0.000167580452398,-0.000168912069057,0.00020133574435,-0.0000107338328235,0.000529650656972,-0.000604803208262,0.000921129772905,-0.000594660930801,0.000394645059714],[-0.000310374249239,0.0020585025195,-0.000390269269701,0.000270765973255,-0.000884458015207,0.000894101744052,-0.000752414925955,0.000995429116301,-0.00167956296355,0.00314047699794,-0.00342866196297,0.0035445317626,-0.002158556832],[0.000194615204236,-0.000390269269701,0.00228168116882,-0.00167589320336,0.000331549323164,0.000514483719599,-0.000245418952545,0.000221001217142,0.00118092424236,-0.00192097900435,0.00240273494273,-0.00125843228307,0.00106181751471],[-0.000104129467218,0.000270765973255,-0.00167589320336,0.00361025403254,-0.00042841990944,-0.00174333853647,0.000951089605223,-0.000315084966132,0.0000560431981285,0.00144527270459,-0.00228089443408,0.00249663856812,-0.00198663957417],[0.000167580452398,-0.000884458015207,0.000331549323164,-0.00042841990944,0.00423257378861,-0.000670210632961,-0.000409469939768,0.0000169311533682,-0.000108957785415,0.00117245141882,-0.000309462280711,-0.0020651363302,0.00245425989851],[-0.000168912069057,0.000894101744052,0.000514483719599,-0.00174333853647,-0.000670210632961,0.00855815224349,-0.00355471251532,-0.00104684953112,0.00237115635537,-0.000534576945938,0.000846157665364,0.00141529226676,-0.00136546895374],[0.00020133574435,-0.000752414925955,-0.000245418952545,0.000951089605223,-0.000409469939768,-0.00355471251532,0.010004805401,-0.00273105502129,-0.00152995949611,0.00184601987712,0.0000513532067998,0.000357202749001,0.00130396708846],[-0.0000107338328235,0.000995429116301,0.000221001217142,-0.000315084966132,0.0000169311533682,-0.00104684953112,-0.00273105502129,0.0135229891166,-0.00426624855027,0.00144377641845,-0.000715035013855,-0.000411353656091,0.00102539022919],[0.000529650656972,-0.00167956296355,0.00118092424236,0.0000560431981285,-0.000108957785415,0.00237115635537,-0.00152995949611,-0.00426624855027,0.0181086305529,-0.00943525973707,0.00361307314597,0.000437191105448,-0.00102360756136],[-0.000604803208262,0.00314047699794,-0.00192097900435,0.00144527270459,0.00117245141882,-0.000534576945938,0.00184601987712,0.00144377641845,-0.00943525973707,0.0218263249844,-0.0092949885875,0.0027178034652,0.00033997540595],[0.000921129772905,-0.00342866196297,0.00240273494273,-0.00228089443408,-0.000309462280711,0.000846157665364,0.0000513532067998,-0.000715035013855,0.00361307314597,-0.0092949885875,0.0231042429805,-0.00810128077865,0.00323206419125],[-0.000594660930801,0.0035445317626,-0.00125843228307,0.00249663856812,-0.0020651363302,0.00141529226676,0.000357202749001,-0.000411353656091,0.000437191105448,0.0027178034652,-0.00810128077865,0.0227620657533,-0.00761843472719],[0.000394645059714,-0.002158556832,0.00106181751471,-0.00198663957417,0.00245425989851,-0.00136546895374,0.00130396708846,0.00102539022919,-0.00102360756136,0.00033997540595,0.00323206419125,-0.00761843472719,0.0223505366594]],"mean":[-6.49519348145,86.4167556763,-123.313392639,40.1195678711,-40.5319404602,26.3921222687,-32.2945404053,14.9780406952,-20.9703674316,-5.62827968597,-17.9475708008,-8.01758861542,-13.1279916763]},"hfc":{"dmean":6.74750232697,"dmean2":10.4600868225,"dvar":128.287841797,"dvar2":316.103271484,"max":175.112487793,"mean":19.4399662018,"median":16.4442062378,"min":0.00000174965293809,"var":302.99407959},"melbands":{"dmean":[0.00151965429541,0.00328598148189,0.00211533321999,0.000531375524588,0.000156289126608,0.000176372370333,0.000127743915073,0.0000834563616081,0.000171586376382,0.000139492185554,0.000104077073047,0.0000706760474714,0.0000458932699985,0.0000347468085238,0.0000367907668988,0.0000399885138904,0.0000307594091282,0.0000219901467062,0.000018128854208,0.0000263073652604,0.0000227479740715,0.0000155802590598,0.000011571271898,0.00000696883262208,0.0000072081579674,0.00000703192472429,0.00000509802021043,0.00000414022997575,0.00000221261461775,0.00000220776678361,0.00000210466328099,0.00000172028705947,0.00000172560646661,0.00000131516162583,8.77754075645e-7,7.91851391568e-7,0.00000100952991033,7.079416946e-7,6.05644231655e-7,4.43701679842e-7],"dmean2":[0.00272913300432,0.00610846327618,0.00367691856809,0.000918626319617,0.000262528395979,0.000312632881105,0.000219639361603,0.000136279311846,0.000268112053163,0.000225444979151,0.000166369616636,0.00011192580132,0.0000725541103748,0.00005529655391,0.0000578036851948,0.0000613951124251,0.0000484064912598,0.0000353197101504,0.0000289974359475,0.0000427081176895,0.0000362949904229,0.0000250738812611,0.0000189244310604,0.0000111216395453,0.0000114523290904,0.0000112777142931,0.00000842688132252,0.00000685930808686,0.00000368098289982,0.00000370085194845,0.00000353835093847,0.00000283065924123,0.00000278057905234,0.00000209341942536,0.00000136741027745,0.00000124177597627,0.00000156469195645,0.00000111305564587,9.26816028368e-7,6.94891639341e-7],"dvar":[0.0000102756948763,0.000065682688728,0.0000192846837308,0.00000144358648413,1.91275319139e-7,3.78148058644e-7,1.99179183369e-7,7.40417647194e-8,2.94166454751e-7,1.68573180304e-7,1.47817672769e-7,3.60048311165e-8,1.0540055051e-8,4.90785101448e-9,4.22801971212e-9,1.11346256659e-8,4.83833773046e-9,1.64958979809e-9,8.04143918121e-10,1.56006862984e-9,1.13597553586e-9,4.58010823712e-10,2.86314610909e-10,1.37546862788e-10,1.41237424534e-10,1.29332197729e-10,7.11912057083e-11,8.99054303227e-11,5.28294075153e-11,4.64264564293e-11,5.27875937406e-11,3.0608942464e-11,3.35353272929e-11,2.47606709441e-11,1.08402323576e-11,8.52370604654e-12,1.48189117227e-11,6.11118881194e-12,5.12493216268e-12,2.20274232882e-12],"dvar2":[0.0000291976466542,0.000188871534192,0.0000526179428562,0.0000039330520849,4.71828315085e-7,0.00000105465755951,5.19728303061e-7,1.85248993034e-7,6.78791536757e-7,4.02086584472e-7,3.65888126908e-7,8.27083681543e-8,2.38311059775e-8,1.25244303817e-8,9.63433777201e-9,2.56318912761e-8,1.14777245486e-8,4.00373734166e-9,2.01647187836e-9,3.78132769541e-9,2.83957635183e-9,1.10085218719e-9,6.98637259156e-10,3.27934346345e-10,3.45140555025e-10,3.09203218585e-10,1.80765888369e-10,2.34998770443e-10,1.34810621e-10,1.23300911148e-10,1.39225825313e-10,7.26436619192e-11,7.79489597869e-11,5.71652621073e-11,2.38136368264e-11,1.86002064445e-11,2.94640041532e-11,1.40290817158e-11,1.10771444101e-11,5.0425978497e-12],"max":[0.0270351096988,0.061109546572,0.05821788311,0.0205857641995,0.0124368201941,0.00960963498801,0.00734068546444,0.00727834459394,0.0201286226511,0.00941429939121,0.0110609214753,0.00527495425195,0.00304262130521,0.00267749163322,0.00144984247163,0.00434179743752,0.00204081926495,0.00135039258748,0.00106633279938,0.000998674542643,0.000890380877536,0.00050577899674,0.000364666659152,0.000424488360295,0.000237484055106,0.000247893010965,0.000229766097618,0.000264303089352,0.000334587850375,0.000158734459546,0.000197473782464,0.00017930942704,0.000200431299163,0.000161509553436,0.000196860724827,0.000114331800432,0.000219099383685,0.0000889287475729,0.0000926019638428,0.0000679969889461],"mean":[0.00160188076552,0.00296915182844,0.00251475861296,0.000636286858935,0.000171121937456,0.000167239122675,0.00013080293138,0.00011002113024,0.000238833788899,0.000195836983039,0.000155993038788,0.000129069070681,0.000080102829088,0.0000652220478514,0.0000738481612643,0.0000795339874458,0.0000554338221264,0.0000396287177864,0.0000346752567566,0.0000534105856786,0.0000441117736045,0.0000293516313832,0.0000204673488042,0.0000126268796521,0.0000119297765195,0.000011665256352,0.00000916526551009,0.00000682046584188,0.00000330151078742,0.00000336491575581,0.00000329778799824,0.00000278089396488,0.00000284851171273,0.00000224440464081,0.00000167374082594,0.00000150446987845,0.00000183988686331,0.00000132945444875,0.00000111440829187,8.02818135526e-7],"median":[0.000760419585276,0.0013453674037,0.00113830878399,0.000221667025471,0.0000512392689416,0.000044649510528,0.0000338273275702,0.0000389694905607,0.0000540924520465,0.0000496219508932,0.0000459102084278,0.0000480515918753,0.0000327936686517,0.0000343114770658,0.0000397797412006,0.000030791547033,0.0000259284279309,0.0000258707659668,0.0000236885825871,0.0000355827287422,0.0000311745097861,0.0000213889579754,0.0000151760896188,0.00000903622822079,0.00000700615419191,0.0000074282343121,0.00000605991453995,0.00000265925427811,0.00000115546481538,0.00000108014307898,0.00000103441675492,8.62999286255e-7,8.02400393241e-7,5.99466488893e-7,4.75684089452e-7,4.18148545123e-7,4.07825439197e-7,3.53433847522e-7,2.88278670268e-7,1.962054057e-7],"min":[8.75455307206e-14,1.02329440494e-13,3.01736961155e-13,5.33322463882e-13,4.79809009364e-13,5.85898625623e-13,4.31047125077e-13,5.04617181374e-13,1.1897628065e-12,1.63203142407e-12,1.32473285813e-12,1.71199263533e-12,9.40947623637e-13,2.16147331153e-13,2.79564918307e-13,9.09828419202e-13,4.41329129275e-13,1.81641526364e-13,3.17688150092e-13,4.2926434434e-13,4.03236499096e-13,3.84602506093e-13,2.29580053969e-13,6.14369286781e-13,5.32046412136e-13,9.39046258287e-13,4.53759940863e-13,7.7355412657e-13,1.75221794539e-12,7.59517394724e-13,3.5196007892e-13,4.772318608e-13,6.19604682232e-13,2.26495051555e-13,5.43636153889e-13,9.38480196333e-13,5.66334468471e-13,4.46532784706e-13,2.16081723369e-13,1.79109751661e-13],"var":[0.00000755485598347,0.0000404821839766,0.0000162276592164,0.00000133116407142,2.11433217601e-7,2.61126444911e-7,1.75428127136e-7,8.47749177524e-8,4.42281276491e-7,2.37978355244e-7,1.95166208528e-7,8.63020801489e-8,2.69921027751e-8,1.02835437943e-8,1.14934985973e-8,3.21888542487e-8,9.37034450033e-9,2.78417711108e-9,1.81924153519e-9,4.78586992259e-9,2.59372368028e-9,9.98901183991e-10,5.11562070482e-10,2.6472127268e-10,2.26421575933e-10,1.99467511952e-10,1.20383522595e-10,1.66273231295e-10,6.50320214346e-11,6.57749965605e-11,7.28636109781e-11,5.44281078541e-11,6.56758050721e-11,4.92511101347e-11,2.76992543485e-11,2.22807380185e-11,3.80854757454e-11,1.48036860548e-11,1.29211181685e-11,5.4384257514e-12]},"melbands_crest":{"dmean":3.66276860237,"dmean2":6.1456694603,"dvar":10.1444816589,"dvar2":27.2958660126,"max":33.7694015503,"mean":14.3202514648,"median":14.107665062,"min":2.68234467506,"var":24.82006073},"melbands_flatness_db":{"dmean":0.0330170430243,"dmean2":0.0536858849227,"dvar":0.00113049056381,"dvar2":0.00294798612595,"max":0.489580154419,"mean":0.191619545221,"median":0.186854958534,"min":0.0167382415384,"var":0.00476098665968},"melbands_kurtosis":{"dmean":12.4591121674,"dmean2":21.2949333191,"dvar":672.768859863,"dvar2":1936.6496582,"max":480.598114014,"mean":17.9517192841,"median":5.72676515579,"min":-1.81680572033,"var":1251.55249023},"melbands_skewness":{"dmean":1.07463240623,"dmean2":1.75683355331,"dvar":1.65906405449,"dvar2":4.41651153564,"max":17.528169632,"mean":2.85006427765,"median":2.35383272171,"min":-5.45081853867,"var":5.89587020874},"melbands_spread":{"dmean":9.82056427002,"dmean2":15.6187753677,"dvar":150.653137207,"dvar2":338.547637939,"max":210.037155151,"mean":27.9598064423,"median":23.9223747253,"min":0.781461179256,"var":455.618865967},"mfcc":{"cov":[[6840.34375,355.012512207,-312.996398926,-101.997283936,-109.78276825,46.9514350891,-64.391242981,-56.274230957,-46.3212051392,-16.1617393494,-202.642318726,-113.217376709,23.1647052765],[355.012512207,1168.41699219,-271.870269775,59.0875778198,100.945220947,-31.7557125092,49.843082428,51.9946060181,-41.2715873718,27.9480800629,-7.81019687653,-38.39503479,14.9987850189],[-312.996398926,-271.870269775,808.88293457,275.981933594,23.6373844147,82.8476715088,23.9610462189,-42.2571105957,32.3516120911,-9.98023891449,-19.0475215912,-0.640616178513,-21.5174694061],[-101.997283936,59.0875778198,275.981933594,361.944885254,142.244186401,72.8934326172,62.5703735352,18.9704666138,-1.45845603943,4.30795764923,-10.9817171097,-23.0729141235,16.2861614227],[-109.78276825,100.945220947,23.6373844147,142.244186401,217.963424683,58.8501701355,54.719871521,30.0991821289,-10.1444625854,-9.39135742188,-4.02611875534,-11.6968832016,17.8842086792],[46.9514350891,-31.7557125092,82.8476715088,72.8934326172,58.8501701355,142.782165527,69.2661819458,29.5807342529,14.7738714218,2.6118452549,-11.8177976608,-0.784120082855,1.12091219425],[-64.391242981,49.843082428,23.9610462189,62.5703735352,54.719871521,69.2661819458,148.627029419,75.1998443604,8.77840137482,9.56440925598,-1.10649633408,-3.56462860107,1.20032417774],[-56.274230957,51.9946060181,-42.2571105957,18.9704666138,30.0991821289,29.5807342529,75.1998443604,120.806381226,32.1550483704,3.9905860424,6.72122955322,-2.00542974472,1.28041327],[-46.3212051392,-41.2715873718,32.3516120911,-1.45845603943,-10.1444625854,14.7738714218,8.77840137482,32.1550483704,83.9602890015,22.7898025513,-3.31050491333,5.7930188179,-2.12252163887],[-16.1617393494,27.9480800629,-9.98023891449,4.30795764923,-9.39135742188,2.6118452549,9.56440925598,3.9905860424,22.7898025513,86.4706039429,20.6074390411,1.54961764812,2.23261833191],[-202.642318726,-7.81019687653,-19.0475215912,-10.9817171097,-4.02611875534,-11.8177976608,-1.10649633408,6.72122955322,-3.31050491333,20.6074390411,79.5040359497,20.0259304047,-9.70344924927],[-113.217376709,-38.39503479,-0.640616178513,-23.0729141235,-11.6968832016,-0.784120082855,-3.56462860107,-2.00542974472,5.7930188179,1.54961764812,20.0259304047,58.2026023865,15.1109266281],[23.1647052765,14.9987850189,-21.5174694061,16.2861614227,17.8842086792,1.12091219425,1.20032417774,1.28041327,-2.12252163887,2.23261833191,-9.70344924927,15.1109266281,59.9459495544]],"icov":[[0.000172491956619,-0.0000448706705356,0.0000740094619687,-0.0000130329153762,0.000155738773174,-0.000202395749511,0.000111970744911,0.0000294282799587,0.0000890196315595,-0.0000522522386746,0.000384646060411,0.000213068065932,-0.0000572199242015],[-0.0000448706705356,0.00109000818338,0.000415421702201,-0.000392913381802,-0.000344113184838,0.000514151644893,-0.000241383066168,-0.000292089069262,0.000475508481031,-0.000489529571496,0.000213504637941,0.000257361010881,0.000109349763079],[0.0000740094619687,0.000415421702201,0.00234863464721,-0.00219013192691,0.000916159129702,-0.000561217369977,-0.000299220904708,0.00131861690897,-0.00100225571077,0.000480792630697,0.000469057471491,-0.000605560024269,0.00119568849914],[-0.0000130329153762,-0.000392913381802,-0.00219013192691,0.00607695570216,-0.00298873800784,-0.000427804450737,-0.000459137168946,-0.000498699373566,0.000685976643581,-0.000720864569303,-0.000483636191348,0.002076118486,-0.00196477747522],[0.000155738773174,-0.000344113184838,0.000916159129702,-0.00298873800784,0.00762030016631,-0.00206157797948,-0.000569748342969,-0.000135016700369,0.000427605584264,0.00136990786996,-0.000451298168628,0.000795533764176,-0.00136330444366],[-0.000202395749511,0.000514151644893,-0.000561217369977,-0.000427804450737,-0.00206157797948,0.0108700208366,-0.00444997381419,0.000433353387052,-0.00128616718575,-0.000269691925496,0.00118383567315,-0.00124216021504,0.000825238006655],[0.000111970744911,-0.000241383066168,-0.000299220904708,-0.000459137168946,-0.000569748342969,-0.00444997381419,0.0132068376988,-0.00767022976652,0.00296886265278,-0.002009348711,0.00114206352737,-0.00057229801314,0.000696116883773],[0.0000294282799587,-0.000292089069262,0.00131861690897,-0.000498699373566,-0.000135016700369,0.000433353387052,-0.00767022976652,0.0155554255471,-0.00684604421258,0.00276458100416,-0.00247574481182,0.00133067311253,-0.0005575241521],[0.0000890196315595,0.000475508481031,-0.00100225571077,0.000685976643581,0.000427605584264,-0.00128616718575,0.00296886265278,-0.00684604421258,0.0169988181442,-0.00550408195704,0.0034376301337,-0.0022833077237,0.00122265145183],[-0.0000522522386746,-0.000489529571496,0.000480792630697,-0.000720864569303,0.00136990786996,-0.000269691925496,-0.002009348711,0.00276458100416,-0.00550408195704,0.0147624779493,-0.00520295090973,0.00200393749401,-0.00200341269374],[0.000384646060411,0.000213504637941,0.000469057471491,-0.000483636191348,-0.000451298168628,0.00118383567315,0.00114206352737,-0.00247574481182,0.0034376301337,-0.00520295090973,0.0179309099913,-0.00712489522994,0.00525420578197],[0.000213068065932,0.000257361010881,-0.000605560024269,0.002076118486,0.000795533764176,-0.00124216021504,-0.00057229801314,0.00133067311253,-0.0022833077237,0.00200393749401,-0.00712489522994,0.02354282327,-0.00840257294476],[-0.0000572199242015,0.000109349763079,0.00119568849914,-0.00196477747522,-0.00136330444366,0.000825238006655,0.000696116883773,-0.0005575241521,0.00122265145183,-0.00200341269374,0.00525420578197,-0.00840257294476,0.0211151819676]],"mean":[-645.878479004,112.85572052,-10.4613809586,20.8338451385,17.9129867554,10.2674026489,8.33772563934,13.4854373932,6.36564064026,6.31656074524,0.737702727318,-1.3253582716,-0.761069118977]},"pitch_salience":{"dmean":0.0722747370601,"dmean2":0.121442452073,"dvar":0.0043205502443,"dvar2":0.0120679391548,"max":0.864205658436,"mean":0.546265304089,"median":0.54536741972,"min":0.134638935328,"var":0.010071576573},"silence_rate_20dB":{"dmean":0,"dmean2":0,"dvar":0,"dvar2":0,"max":1,"mean":1,"median":1,"min":1,"var":0},"silence_rate_30dB":{"dmean":0.0539719425142,"dmean2":0.10795353353,"dvar":0.0510557517409,"dvar2":0.122389398515,"max":1,"mean":0.958899199963,"median":1,"min":0,"var":0.0394092649221},"silence_rate_60dB":{"dmean":0.0309177022427,"dmean2":0.061840929091,"dvar":0.0299612339586,"dvar2":0.0700000301003,"max":1,"mean":0.114010006189,"median":0,"min":0,"var":0.100997649133},"spectral_centroid":{"dmean":304.889221191,"dmean2":474.041107178,"dvar":108270.085938,"dvar2":241046.046875,"max":4685.46240234,"mean":1515.63781738,"median":1442.44604492,"min":175.733261108,"var":443009.96875},"spectral_complexity":{"dmean":4.07774114609,"dmean2":6.17372655869,"dvar":19.7411708832,"dvar2":41.1960334778,"max":56,"mean":20.7768039703,"median":23,"min":0,"var":130.043563843},"spectral_contrast_coeffs":{"dmean":[0.055231526494,0.0471957102418,0.0378602519631,0.0300778374076,0.0227458979934,0.0164278205484],"dmean2":[0.0915043652058,0.0781099572778,0.0610595159233,0.0483384914696,0.036586266011,0.0270536635071],"dvar":[0.00208148034289,0.00153873569798,0.000993859372102,0.000575091398787,0.000381453632144,0.000267452240223],"dvar2":[0.00551000935957,0.00405226275325,0.00245762849227,0.00144065078348,0.000914433621801,0.000699294439983],"max":[-0.373456835747,-0.41909891367,-0.509015500546,-0.56094455719,-0.579194664955,-0.66006565094],"mean":[-0.642612218857,-0.772447407246,-0.774566829205,-0.778528690338,-0.775027990341,-0.7795586586],"median":[-0.638897895813,-0.784327030182,-0.780458152294,-0.779253363609,-0.775070667267,-0.781347692013],"min":[-0.938614428043,-0.952493190765,-0.939349114895,-0.946087956429,-0.915082275867,-0.887562096119],"var":[0.00633485009894,0.00530990445986,0.0043026455678,0.00275080441497,0.00168737501372,0.000915809243452]},"spectral_contrast_valleys":{"dmean":[0.501026809216,0.404475688934,0.326795965433,0.311003684998,0.276633173227,0.258577823639],"dmean2":[0.808220684528,0.648607432842,0.512320101261,0.470344871283,0.401025742292,0.356327146292],"dvar":[0.226766601205,0.137447282672,0.0942787081003,0.110750325024,0.100768558681,0.107357516885],"dvar2":[0.541389644146,0.323977977037,0.199222505093,0.21084138751,0.202189743519,0.20982542634],"max":[-4.80580472946,-4.36908197403,-5.07428264618,-5.75775337219,-5.52381515503,-7.24927902222],"mean":[-7.29496955872,-7.05627298355,-7.31598520279,-7.46319007874,-7.51563882828,-10.0858354568],"median":[-7.1263666153,-6.89424800873,-7.08844661713,-7.18130064011,-7.30096292496,-10.0216989517],"min":[-15.7632713318,-15.2315559387,-15.2141208649,-15.6426153183,-15.0932617188,-16.8137264252],"var":[1.14074969292,0.889748692513,0.861911535263,0.845552146435,0.693926095963,0.821980834007]},"spectral_decrease":{"dmean":5.13243847422e-9,"dmean2":8.97215279849e-9,"dvar":1.17385306607e-16,"dvar2":3.23413564055e-16,"max":-3.90226490613e-17,"mean":-7.7328481396e-9,"median":-5.59390578303e-9,"min":-8.99827909961e-8,"var":9.45998556276e-17},"spectral_energy":{"dmean":0.0198295656592,"dmean2":0.0345687270164,"dvar":0.00173105322756,"dvar2":0.00476148398593,"max":0.348473459482,"mean":0.0309488046914,"median":0.0228835567832,"min":3.05979103166e-10,"var":0.00141744758002},"spectral_energyband_high":{"dmean":0.000319658778608,"dmean2":0.00049195921747,"dvar":8.93050071227e-7,"dvar2":0.00000190219714113,"max":0.0251724105328,"mean":0.00070356472861,"median":0.000251011282671,"min":1.97646385369e-10,"var":0.00000258934642261},"spectral_energyband_low":{"dmean":0.0149783799425,"dmean2":0.0272410754114,"dvar":0.00119458732661,"dvar2":0.00339686078951,"max":0.278757154942,"mean":0.0160677116364,"median":0.00795742869377,"min":8.55757034245e-13,"var":0.000806182506494},"spectral_energyband_middle_high":{"dmean":0.00171942578163,"dmean2":0.00258764461614,"dvar":0.00000614605141891,"dvar2":0.0000140323973028,"max":0.0516046471894,"mean":0.00584945362061,"median":0.00506719946861,"min":8.06611374915e-11,"var":0.0000283419849438},"spectral_energyband_middle_low":{"dmean":0.00763781415299,"dmean2":0.0126611161977,"dvar":0.000228149088798,"dvar2":0.000591822084971,"max":0.215781092644,"mean":0.0119076753035,"median":0.00779608543962,"min":2.77169155682e-11,"var":0.0002476919326},"spectral_entropy":{"dmean":0.14363065362,"dmean2":0.221111342311,"dvar":0.0227629132569,"dvar2":0.0508477501571,"max":8.72514438629,"mean":7.65917634964,"median":7.66906547546,"min":5.68691015244,"var":0.12273029983},"spectral_flux":{"dmean":0.038783788681,"dmean2":0.0614289566875,"dvar":0.00392786599696,"dvar2":0.00731991231441,"max":0.524764835835,"mean":0.0962723717093,"median":0.0746736228466,"min":0.0000630566719337,"var":0.00642738770694},"spectral_kurtosis":{"dmean":1.3867534399,"dmean2":2.32587838173,"dvar":2.60104179382,"dvar2":7.44601154327,"max":29.4483757019,"mean":4.67445039749,"median":4.46370315552,"min":-0.363251209259,"var":6.89084148407},"spectral_rms":{"dmean":0.00135973317083,"dmean2":0.00224576680921,"dvar":0.00000480385551782,"dvar2":0.0000126106515381,"max":0.0184383857995,"mean":0.00480796676129,"median":0.00472497846931,"min":5.46366379695e-7,"var":0.00000707741901351},"spectral_rolloff":{"dmean":560.834350586,"dmean2":919.901489258,"dvar":763770.0625,"dvar2":1641307.25,"max":9776.07421875,"mean":1621.24487305,"median":1378.125,"min":86.1328125,"var":2159926.5},"spectral_skewness":{"dmean":0.185512274504,"dmean2":0.301541686058,"dvar":0.0371777378023,"dvar2":0.0992567017674,"max":3.87901830673,"mean":1.54818534851,"median":1.56212854385,"min":0.174446627498,"var":0.153034999967},"spectral_spread":{"dmean":468989.5625,"dmean2":704707.25,"dvar":324623138816,"dvar2":653439926272,"max":11151751,"mean":4320695,"median":4068218,"min":1480126.25,"var":1740421332990},"spectral_strongpeak":{"dmean":0.492535471916,"dmean2":0.838109493256,"dvar":0.640537321568,"dvar2":1.60370433331,"max":8.16860103607,"mean":0.807392477989,"median":0.469072699547,"min":0,"var":1.05610322952},"zerocrossingrate":{"dmean":0.0104833208025,"dmean2":0.0124561022967,"dvar":0.000149137500557,"dvar2":0.000173369728145,"max":0.3291015625,"mean":0.0650724619627,"median":0.0556640625,"min":0.00537109375,"var":0.00138079654425}},"metadata":{"audio_properties":{"analysis_sample_rate":44100,"bit_rate":320032,"codec":"mp3","downmix":"mix","equal_loudness":0,"length":259.839996338,"lossless":false,"md5_encoded":"5e68c32ccc635811bfaab9d4c5a10b3a","replay_gain":-3.15085220337,"sample_rate":44100},"tags":{"album":["Franz Ferdinand"],"albumartist":["Franz Ferdinand"],"albumartistsort":["Franz Ferdinand"],"artist":["Franz Ferdinand"],"artistsort":["Franz Ferdinand"],"asin":["B00018HUKO"],"barcode":["5034202113690"],"catalognumber":["WIGCD136X"],"date":["2004"],"discnumber":["2/2"],"file_name":"2-08 This Fire.mp3","label":["Domino"],"media":["CD"],"musicbrainz album release country":["GB"],"musicbrainz album status":["official"],"musicbrainz album type":["album"],"musicbrainz_albumartistid":["aa7a2827-f74b-473c-bd79-03d065835cf7"],"musicbrainz_albumid":["41b38432-97a4-3a91-9d33-059caf547f37"],"musicbrainz_artistid":["aa7a2827-f74b-473c-bd79-03d065835cf7"],"musicbrainz_recordingid":["e0db1531-03af-44c6-aa04-0bb71fc5b4ed"],"musicbrainz_releasegroupid":["c145ca26-2556-3780-828f-82729de51f7b"],"originaldate":["2004"],"script":["Latn"],"title":["This Fire"],"tracknumber":["8/10"]},"version":{"essentia":"2.1-beta2","essentia_build_sha":"70f2e5ece6736b2c40cc944ad0e695b16b925413","essentia_git_sha":"v2.1_beta2","extractor":"music 1.0"}},"rhythm":{"beats_count":615,"beats_loudness":{"dmean":0.0222925897688,"dmean2":0.0405473336577,"dvar":0.00068054132862,"dvar2":0.00205336068757,"max":0.239209011197,"mean":0.0437898412347,"median":0.0388594567776,"min":0.00000743504324419,"var":0.000995758222416},"beats_loudness_band_ratio":{"dmean":[0.176070183516,0.0571283586323,0.108309820294,0.0670291557908,0.0584742203355,0.0200884528458],"dmean2":[0.318418204784,0.100209385157,0.194143354893,0.121232174337,0.101557977498,0.0357854217291],"dvar":[0.0245647300035,0.00395974656567,0.0187829751521,0.00538013316691,0.00524871051311,0.00120645144489],"dvar2":[0.077