{"lowlevel":{"average_loudness":0.772110044956,"barkbands":{"dmean":[0.00000181865721061,0.000108438471216,0.0000707227081875,0.0000497794826515,0.000106880535895,0.00015214861196,0.000140596617712,0.000605597102549,0.0000450537518191,0.000109186476038,0.000343913969118,0.0000318677775795,0.0000963145284913,0.000114441507321,0.0000868553470355,0.0000372605099983,0.0000613162192167,0.0000218974364543,0.0000718844821677,0.0000804454175523,0.0000109731072371,9.79273636403e-7,0.00000243396311816,0.000008098069884,0.0000103964730442,0.00000182929966286,7.65819692106e-8],"dmean2":[0.00000331400451614,0.000161268864758,0.00009964016499,0.0000681746168993,0.000128392872284,0.000270195130724,0.000264219765086,0.000732336717192,0.000065504667873,0.000184168093256,0.000430379295722,0.0000535180006409,0.00013406839571,0.000158953320351,0.000121164470329,0.0000449380349892,0.000101070523669,0.0000308233247779,0.000113333844638,0.000116969364171,0.0000164959528774,0.00000178085269908,0.0000028331401154,0.0000133749472297,0.0000147028649735,0.00000289363561023,1.25852437804e-7],"dvar":[1.00992070609e-11,5.48413616741e-8,1.68670570844e-8,2.04257233349e-8,1.13353813447e-7,8.88186775683e-7,0.0000014801554471,0.0000141791824717,5.68053550865e-8,2.99273978044e-7,0.00000465048469778,4.46874146576e-8,3.4991683151e-7,4.7153378091e-7,2.09082926972e-7,2.60849564171e-8,6.12071957562e-8,8.90629436867e-9,1.09145041449e-7,1.3013865896e-7,2.19104334676e-9,2.19849902172e-11,1.25944449314e-10,1.81545389832e-9,2.85642753894e-9,8.01791133487e-11,5.50118320851e-14],"dvar2":[3.15951674545e-11,1.35965677828e-7,3.07583896131e-8,2.78250400498e-8,1.07635258928e-7,0.00000250929201684,0.00000431254875366,0.0000277983854176,1.08542366206e-7,8.43209363666e-7,0.00000645758655082,9.38866406841e-8,6.67349297601e-7,7.95111702701e-7,4.13110001318e-7,3.7610860204e-8,1.54351454285e-7,1.45887524283e-8,2.87579638325e-7,2.98213024053e-7,4.40638059374e-9,6.44357067703e-11,2.06594338859e-10,5.00817920468e-9,5.72780090025e-9,1.95999147468e-10,1.44101568243e-13],"max":[0.0000215948275581,0.00250195665285,0.00157949444838,0.00269708177075,0.00640171859413,0.0111757731065,0.0125159807503,0.0542509183288,0.00336290313862,0.00615760777146,0.0313386023045,0.00232146191411,0.00877491384745,0.00991087872535,0.0072529008612,0.00230546691455,0.00294691650197,0.00112481648102,0.00426153978333,0.00478039262816,0.000687331252266,0.0000434262401541,0.000171867170138,0.000560615211725,0.000873939658049,0.000116416500532,0.00000224968539442],"mean":[0.0000023281331778,0.000289900432108,0.000188833932043,0.000165684294188,0.000480120070279,0.000281398621155,0.0000944825005718,0.000815540319309,0.0000992165878415,0.000132372952066,0.000608154397923,0.0000457678943349,0.000128020736156,0.000192788545974,0.000139347670483,0.0000733056731406,0.000128123356262,0.0000390541499655,0.0000935358766583,0.00013885962835,0.0000201080092666,9.28408553591e-7,0.00000305460616801,0.0000110260898509,0.0000170476287167,0.00000185769340533,1.3183637293e-7],"median":[9.12481368687e-7,0.00016221961414,0.000126321829157,0.0000122070887301,0.0000438517636212,0.00000637761104372,8.02671252131e-7,4.05507080359e-7,2.08400479096e-7,1.26597683447e-7,4.08528926243e-8,5.82381396441e-8,5.91072435441e-8,7.86988891832e-8,1.01361500526e-7,1.73217188149e-7,1.80013643103e-7,1.66636610288e-7,5.85411612519e-7,2.84092038783e-7,4.61920819816e-7,1.8857321038e-7,4.5768654644e-8,5.3890502727e-8,6.03498619967e-8,5.05692057118e-8,6.66890116463e-8],"min":[2.58708069827e-23,9.60693932366e-23,3.93535190146e-23,3.85465143086e-23,4.07549808999e-23,5.85063360414e-23,3.69626425385e-23,5.64919323882e-23,5.98572130099e-23,5.59746668264e-23,3.19719297989e-23,4.19739571696e-23,8.59951156733e-23,1.25267186377e-22,1.65212363693e-22,1.63339620525e-22,1.57599287977e-22,2.23325285334e-22,3.29892719591e-22,3.10621037003e-22,4.72859382461e-22,6.25522016759e-22,4.9182607249e-22,8.02025062598e-22,1.14329002624e-21,2.45663433082e-21,1.9759192064e-21],"var":[1.1050138235e-11,1.73685691607e-7,5.58057529076e-8,2.60073846903e-7,0.00000177313711447,0.00000134185324896,8.56920451042e-7,0.0000253776597674,2.24041428964e-7,4.17098306116e-7,0.0000134768588396,6.72542199709e-8,7.15080147984e-7,0.00000129397574256,5.40302664831e-7,1.00381633672e-7,2.25630273576e-7,2.22340759137e-8,2.00041498033e-7,3.22508725503e-7,7.66436158983e-9,1.37927412547e-11,2.53072313106e-10,2.70939959357e-9,8.45361736168e-9,9.71427660534e-11,8.27685766062e-14]},"barkbands_crest":{"dmean":2.8505358696,"dmean2":4.66054821014,"dvar":8.61938381195,"dvar2":22.6595802307,"max":26.8959064484,"mean":15.0571212769,"median":13.4398593903,"min":3.68313789368,"var":30.8294334412},"barkbands_flatness_db":{"dmean":0.0349173434079,"dmean2":0.0517301410437,"dvar":0.00153885548934,"dvar2":0.00359471398406,"max":0.502997756004,"mean":0.217307284474,"median":0.216947257519,"min":0.0529948100448,"var":0.00497570028529},"barkbands_kurtosis":{"dmean":28.1246967316,"dmean2":48.1944770813,"dvar":16868.1015625,"dvar2":49793.8007812,"max":1268.16662598,"mean":38.5656166077,"median":23.518409729,"min":-1.3719342947,"var":9451.35644531},"barkbands_skewness":{"dmean":1.46782028675,"dmean2":2.32447504997,"dvar":10.5751314163,"dvar2":29.1954574585,"max":35.2302970886,"mean":4.13208389282,"median":3.97285437584,"min":-2.02828073502,"var":10.9456501007},"barkbands_spread":{"dmean":9.49289512634,"dmean2":15.0929393768,"dvar":220.247360229,"dvar2":545.701477051,"max":121.039337158,"mean":17.114233017,"median":10.7643508911,"min":0.442479163408,"var":390.369171143},"dissonance":{"dmean":0.0164032019675,"dmean2":0.0271010641009,"dvar":0.000866293092258,"dvar2":0.00217020488344,"max":0.498037576675,"mean":0.47044056654,"median":0.474886834621,"min":0.222448825836,"var":0.000775098858867},"dynamic_complexity":19.4245223999,"erbbands":{"dmean":[0.00161247991491,0.0289068352431,0.0887543186545,0.089138686657,0.488514095545,0.169337511063,0.296605467796,1.41248548031,3.22052264214,1.41783332825,16.0176696777,1.43730592728,4.02839756012,8.07363796234,6.19604349136,1.20489501953,5.46850395203,6.71028852463,2.11020255089,4.85937690735,1.60533452034,3.23090529442,2.00732350349,1.1471619606,5.28157567978,3.35723233223,1.26038956642,0.160106390715,0.036727514118,0.0249948445708,0.0743192061782,0.128060206771,0.184114322066,0.169302999973,0.0484288744628,0.0130806490779,0.00205930648372,0.000176378714968,0.0000122931924125,0.00000189269655948],"dmean2":[0.00275663589127,0.0419167913496,0.123299464583,0.125222548842,0.509411096573,0.219401016831,0.513127505779,2.45840716362,6.17022752762,1.76459980011,20.5672969818,2.23211169243,5.20584821701,9.80142211914,5.61019945145,1.59271812439,6.38141489029,8.97889614105,2.56663155556,6.31418132782,1.98900663853,4.83102369308,3.27635669708,1.83364033699,8.32745552063,4.48908758163,2.11710262299,0.239914804697,0.0634995773435,0.0453168638051,0.0830197259784,0.192925781012,0.271082520485,0.224071100354,0.0723471939564,0.02019912377,0.00333928922191,0.000288494629785,0.0000196579876501,0.00000282019323095],"dvar":[0.0000118314965221,0.00397252384573,0.0226639583707,0.0397563651204,2.92812824249,0.134096369147,0.302743762732,88.5834732056,743.855895996,63.839263916,10396.625,79.196723938,393.743286133,2169.32470703,1146.09521484,55.9395103455,976.694091797,1556.38342285,77.353767395,698.932373047,46.2186965942,184.975112915,64.9275283813,21.5261249542,471.119354248,192.226028442,34.9648971558,0.320000439882,0.0260437093675,0.016303524375,0.120768219233,0.303825348616,0.996375441551,0.762804031372,0.0871364474297,0.005012688227,0.0000646886983304,2.68617355914e-7,1.38925071447e-9,4.0630745296e-11],"dvar2":[0.0000347945606336,0.00957155879587,0.0444925762713,0.0536973886192,2.78429746628,0.141254276037,0.824105918407,244.358276367,2214.40966797,83.7842102051,21577.03125,193.495407104,840.219787598,2796.27758789,1065.6048584,88.8964004517,1649.30163574,2459.11376953,144.01423645,1318.17993164,69.0186691284,418.551239014,135.582229614,44.6628341675,1218.28161621,413.69519043,91.0671691895,0.744267642498,0.0751601159573,0.0479662083089,0.199776262045,0.77583771944,2.41100955009,1.56251859665,0.153171852231,0.0119791869074,0.000176493063918,7.02129966612e-7,3.25881144292e-9,6.32762453545e-11],"max":[0.0317621678114,0.673169016838,1.4227771759,3.58747267723,33.414680481,6.70999717712,6.2143497467,112.821594238,282.367797852,125.482200623,1438.43115234,120.717834473,325.211791992,737.512817383,565.240661621,109.772941589,498.364349365,603.129211426,149.797180176,405.35144043,105.526550293,158.172363281,80.9318771362,57.3516731262,282.494537354,194.0131073,63.620880127,8.31142997742,1.4724957943,1.18291914463,5.45518875122,7.24522590637,13.7109012604,14.1866779327,3.97743630409,0.956003189087,0.086720764637,0.00453448854387,0.0004635512596,0.000103588652564],"mean":[0.00406741630286,0.0786098241806,0.257167100906,0.30029886961,2.00879859924,0.709920108318,0.841076731682,2.65996527672,2.93315052986,2.72524118423,20.6840133667,2.43772315979,7.08769178391,15.2380924225,10.6738786697,2.49979758263,7.63724899292,11.6295070648,4.17367744446,7.33133792877,3.70639467239,7.63388252258,3.40902805328,1.69251835346,7.86176681519,6.19503307343,2.03246760368,0.292755365372,0.0439605824649,0.0212088786066,0.101410970092,0.178338572383,0.214399665594,0.245505854487,0.0882974714041,0.0139647256583,0.00230373092927,0.000235893137869,0.0000230164423556,0.00000706617265678],"median":[0.00221308902837,0.0356496050954,0.137178495526,0.0781801566482,0.0967737659812,0.100416228175,0.0961824059486,0.0261710081249,0.0149634834379,0.00908777676523,0.00698434887454,0.00562256015837,0.00417030416429,0.00253621768206,0.00171894999221,0.00262045697309,0.00257234601304,0.00377792376094,0.00522673549131,0.00592956598848,0.0123126897961,0.00958238821477,0.00835100095719,0.020598128438,0.0294600389898,0.0138350334018,0.0180430486798,0.016210379079,0.00743124634027,0.00194995885249,0.00121495162603,0.000959751429036,0.000980194541626,0.000762506853789,0.000378870870918,0.000184391697985,0.0000912186369533,0.0000354170333594,0.00000937773802434,0.00000160780314218],"min":[2.64816157969e-21,2.12872394169e-20,4.32536813584e-20,1.10383478734e-19,9.69813950515e-20,1.75898160727e-19,3.31485496048e-19,4.297895012e-19,7.16521372483e-19,6.61953456545e-19,1.13801140871e-18,1.07139493506e-18,1.32935151928e-18,2.02922893216e-18,1.49088944976e-18,1.94563757498e-18,4.95119833069e-18,5.8498246007e-18,5.29142598844e-18,1.0900758993e-17,9.52104241075e-18,8.64500851122e-18,1.15400413935e-17,1.28598337034e-17,1.71762267487e-17,1.56889940576e-17,1.9806333533e-17,1.85596350379e-17,1.87531456704e-17,2.14398200282e-17,1.57816961888e-17,1.54811285327e-17,1.31546905046e-17,1.3193223059e-17,8.23274500264e-18,9.67060245576e-18,4.06652742479e-18,1.53414272399e-18,3.00240712963e-19,2.44130434762e-20],"var":[0.000024720264264,0.0139901107177,0.10476487875,0.493488699198,47.4443244934,2.00749778748,2.07787084579,138.121902466,458.372467041,210.871536255,16865.3496094,144.696411133,1171.00158691,7368.63183594,4141.54199219,177.4737854,2343.20239258,4564.94042969,361.158172607,1564.1385498,223.707504272,810.876586914,158.633361816,44.9976158142,1153.3380127,608.589111328,80.4316864014,1.31488001347,0.0224972907454,0.00938414409757,0.260537058115,0.576870679855,1.41628313065,1.8810005188,0.248259454966,0.00642406754196,0.0000909385053092,4.86252588416e-7,3.09947090216e-9,4.0484959829e-10]},"erbbands_crest":{"dmean":2.79230570793,"dmean2":4.61584806442,"dvar":10.5938673019,"dvar2":30.0486888885,"max":27.1461181641,"mean":10.1398887634,"median":8.65592384338,"min":2.03597283363,"var":48.4116706848},"erbbands_flatness_db":{"dmean":0.0163870695978,"dmean2":0.0243709906936,"dvar":0.000252353900578,"dvar2":0.000609139679,"max":0.258882462978,"mean":0.128270119429,"median":0.133624613285,"min":0.027878722176,"var":0.00423356983811},"erbbands_kurtosis":{"dmean":2.2038333416,"dmean2":3.58374190331,"dvar":9.45887851715,"dvar2":23.1437606812,"max":23.6205310822,"mean":3.07836341858,"median":0.38455080986,"min":-1.65143024921,"var":31.6514015198},"erbbands_skewness":{"dmean":0.548326790333,"dmean2":0.867252469063,"dvar":0.524671971798,"dvar2":1.39731824398,"max":4.6089887619,"mean":0.967483341694,"median":0.515531897545,"min":-1.30677306652,"var":2.81927680969},"erbbands_spread":{"dmean":14.482003212,"dmean2":22.6980724335,"dvar":214.46546936,"dvar2":557.980773926,"max":154.256118774,"mean":54.814617157,"median":51.1372032166,"min":11.2670269012,"var":852.727661133},"gfcc":{"cov":[[71185.6953125,13025.7324219,-3992.10473633,3137.35546875,-1379.62121582,-2258.93041992,-2084.11401367,355.642852783,-2003.30700684,-34.5254402161,-231.682296753,-1190.14404297,372.292785645],[13025.7324219,3322.93310547,-404.016387939,826.017578125,-69.2567062378,-568.31842041,-170.883117676,-203.62348938,-330.091796875,-60.1177749634,5.37614393234,-110.199745178,74.4566192627],[-3992.10473633,-404.016387939,1276.93640137,441.665802002,25.3805561066,-120.883003235,-35.5155181885,-248.708938599,141.517272949,105.384338379,-44.9295501709,260.684326172,58.7925186157],[3137.35546875,826.017578125,441.665802002,665.321228027,-77.8241348267,-281.604522705,-187.763092041,-174.224517822,-48.7809791565,52.941860199,-20.3963356018,82.2562026978,83.1181259155],[-1379.62121582,-69.2567062378,25.3805561066,-77.8241348267,171.048568726,97.9237289429,155.078186035,-45.4720420837,6.35048246384,-31.8525409698,22.2873401642,27.5427398682,-39.6291427612],[-2258.93041992,-568.31842041,-120.883003235,-281.604522705,97.9237289429,314.881866455,160.767272949,34.3517036438,8.43716716766,-37.1734352112,11.3936748505,-11.2868776321,-67.9795913696],[-2084.11401367,-170.883117676,-35.5155181885,-187.763092041,155.078186035,160.767272949,274.696105957,-17.8533878326,35.6248550415,-61.5960655212,7.73311710358,19.5968093872,-64.7618713379],[355.642852783,-203.62348938,-248.708938599,-174.224517822,-45.4720420837,34.3517036438,-17.8533878326,210.638595581,3.00030207634,3.71850848198,-13.6716718674,-78.8986282349,-1.47599363327],[-2003.30700684,-330.091796875,141.517272949,-48.7809791565,6.35048246384,8.43716716766,35.6248550415,3.00030207634,115.868469238,13.8572015762,2.24746966362,31.2081298828,8.20488452911],[-34.5254402161,-60.1177749634,105.384338379,52.941860199,-31.8525409698,-37.1734352112,-61.5960655212,3.71850848198,13.8572015762,55.3301734924,-8.66118431091,9.08336639404,20.3810348511],[-231.682296753,5.37614393234,-44.9295501709,-20.3963356018,22.2873401642,11.3936748505,7.73311710358,-13.6716718674,2.24746966362,-8.66118431091,67.4588470459,21.1825714111,1.98508143425],[-1190.14404297,-110.199745178,260.684326172,82.2562026978,27.5427398682,-11.2868776321,19.5968093872,-78.8986282349,31.2081298828,9.08336639404,21.1825714111,112.388786316,18.59141922],[372.292785645,74.4566192627,58.7925186157,83.1181259155,-39.6291427612,-67.9795913696,-64.7618713379,-1.47599363327,8.20488452911,20.3810348511,1.98508143425,18.59141922,53.8837127686]],"icov":[[0.000902293832041,-0.00278770155273,0.00182527827565,-0.00189529987983,0.00208737608045,-0.00144704512786,0.00329167232849,-0.00296526262537,0.00394863449037,-0.00129114941228,0.00254995306022,-0.0011975200614,0.00234086601995],[-0.00278770155273,0.0100853778422,-0.00492722401395,0.00426061358303,-0.00636067893356,0.00669964123517,-0.0121102426201,0.0101397149265,-0.00956814363599,0.00436714338139,-0.00853407662362,0.00539532257244,-0.00811645574868],[0.00182527827565,-0.00492722401395,0.00727089913562,-0.00598609494045,0.00341805000789,-0.00223202840425,0.00628165807575,-0.00472941435874,0.00637523131445,-0.00587074551731,0.00842747930437,-0.00735534960404,0.0060931108892],[-0.00189529987983,0.00426061358303,-0.00598609494045,0.010309570469,-0.00441895099357,0.00305254128762,-0.00410327594727,0.00732138706371,-0.00812671054155,0.00290674390271,-0.00449991552159,0.0016458373284,-0.00655794981867],[0.00208737608045,-0.00636067893356,0.00341805000789,-0.00441895099357,0.0193490106612,-0.00384518085048,-0.000769870355725,-0.00514315254986,0.0120689719915,-0.00469520874321,0.00125520362053,-0.0016706015449,0.00623557670042],[-0.00144704512786,0.00669964123517,-0.00223202840425,0.00305254128762,-0.00384518085048,0.0124168554321,-0.00973314791918,0.00616668257862,-0.000807004165836,0.00205680844374,-0.00537370238453,0.00380489067174,-0.00199496396817],[0.00329167232849,-0.0121102426201,0.00628165807575,-0.00410327594727,-0.000769870355725,-0.00973314791918,0.0279829800129,-0.0123402737081,0.00655347062275,0.00262104091235,0.014252978377,-0.0100954547524,0.0148842884228],[-0.00296526262537,0.0101397149265,-0.00472941435874,0.00732138706371,-0.00514315254986,0.00616668257862,-0.0123402737081,0.0195823293179,-0.0119428932667,0.00196492765099,-0.00754043925554,0.00841313321143,-0.0115043241531],[0.00394863449037,-0.00956814363599,0.00637523131445,-0.00812671054155,0.0120689719915,-0.000807004165836,0.00655347062275,-0.0119428932667,0.0367294885218,-0.00729074748233,0.00698947999626,-0.00056626542937,0.00402941554785],[-0.00129114941228,0.00436714338139,-0.00587074551731,0.00290674390271,-0.00469520874321,0.00205680844374,0.00262104091235,0.00196492765099,-0.00729074748233,0.0347463712096,-0.00327921076678,0.00530270161107,-0.0065873186104],[0.00254995306022,-0.00853407662362,0.00842747930437,-0.00449991552159,0.00125520362053,-0.00537370238453,0.014252978377,-0.00754043925554,0.00698947999626,-0.00327921076678,0.029590094462,-0.0146787399426,0.00713847158477],[-0.0011975200614,0.00539532257244,-0.00735534960404,0.0016458373284,-0.0016706015449,0.00380489067174,-0.0100954547524,0.00841313321143,-0.00056626542937,0.00530270161107,-0.0146787399426,0.0306273512542,-0.0139722554013],[0.00234086601995,-0.00811645574868,0.0060931108892,-0.00655794981867,0.00623557670042,-0.00199496396817,0.0148842884228,-0.0115043241531,0.00402941554785,-0.0065873186104,0.00713847158477,-0.0139722554013,0.0431471429765]],"mean":[-395.168487549,58.6317024231,-49.9866523743,52.1926116943,-28.1285419464,1.58132433891,-27.5112934113,3.98361515999,-25.8146018982,1.79659748077,-12.7815065384,-3.53414177895,-4.89510202408]},"hfc":{"dmean":1.02048230171,"dmean2":1.25524377823,"dvar":20.3377666473,"dvar2":23.5898971558,"max":75.5449142456,"mean":4.22955513,"median":0.0961290150881,"min":1.1647090807e-16,"var":216.566894531},"melbands":{"dmean":[0.0000224380310101,0.0000427752929681,0.0000298722279695,0.0000237998774537,0.00000916952012631,0.0000369468871213,0.0000424958234362,0.0000358582583431,0.000113100577437,0.00000560648504688,0.0000190887021745,0.0000300058691209,0.0000373398797819,0.00000432053502664,0.00000645101954433,0.00000898527196114,0.0000136575617944,0.00000292237223221,0.00000850857486512,0.00000412896315538,0.00000183946121979,0.00000370138218386,0.00000400961607738,0.00000101285945675,7.80759478403e-7,0.00000261375271293,0.00000470059330837,0.00000166315123806,0.00000106279503598,2.6854129942e-7,4.89946749838e-8,2.06331876029e-8,1.7522930662e-8,1.21278409537e-8,2.66893795953e-8,7.82844367109e-8,9.33912431833e-8,1.39959837497e-7,1.10372468498e-7,1.91000964378e-7],"dmean2":[0.0000356982709491,0.0000584395056649,0.0000327305824612,0.0000271734807029,0.0000163486784004,0.0000666411433485,0.0000810139463283,0.0000434343637608,0.000150873267557,0.00000877907496033,0.0000256430594163,0.000036003497371,0.0000392254987673,0.00000609551671005,0.00000994291076495,0.0000122452483993,0.0000194101867237,0.00000449930121249,0.0000117492882055,0.00000544638487554,0.00000263027641267,0.00000561942715649,0.00000669649762131,0.00000150029154611,0.00000126910981635,0.00000395243705498,0.00000716568592907,0.00000255256532,0.00000188526030342,4.05259442005e-7,9.07776751546e-8,3.69627493058e-8,3.34332916907e-8,2.27250396279e-8,3.34178054118e-8,9.97181359708e-8,1.46935349221e-7,2.04728223707e-7,1.61221947792e-7,2.71127390761e-7],"dvar":[2.46461739906e-9,5.87046278255e-9,7.05522174016e-9,6.73946365382e-9,3.06381142678e-10,6.63099086751e-8,1.27090814317e-7,4.40533298729e-8,5.36457037015e-7,7.41095518286e-10,9.37895894282e-9,2.94492199515e-8,4.65729179666e-8,6.20611229074e-10,1.69216085588e-9,2.56201482252e-9,6.94772817056e-9,2.33622537982e-10,2.30666663548e-9,3.96474186815e-10,6.11088957214e-11,2.44641223945e-10,2.91737273228e-10,1.80729597954e-11,1.04566893339e-11,1.4120758729e-10,3.47709278037e-10,5.9886824666e-11,2.68006016685e-11,1.54041547313e-12,2.55602491755e-14,6.94619913956e-15,1.36371965695e-14,3.00539635191e-15,1.41309744261e-14,1.63592785694e-13,1.57013630071e-13,4.93588839506e-13,4.0931461779e-13,1.12534341654e-12],"dvar2":[6.76003741873e-9,1.17582859005e-8,6.80198652958e-9,6.56083409822e-9,8.36341773613e-10,1.89928641703e-7,3.76808458213e-7,5.76955407894e-8,0.00000115735076633,1.41717937385e-9,2.01696899182e-8,3.66273091856e-8,5.29900248125e-8,1.41232314732e-9,3.4221867562e-9,4.61660265572e-9,1.1687441237e-8,4.24876966942e-10,4.22841317516e-9,6.64189259147e-10,1.23092896986e-10,5.00275987303e-10,7.72613084621e-10,3.61110655267e-11,2.09863966483e-11,3.62191165948e-10,8.23663692806e-10,1.23767412985e-10,7.2192987699e-11,3.94102936049e-12,6.86066736191e-14,1.99349221077e-14,4.06336951391e-14,8.75412870855e-15,2.08923454708e-14,3.02790751456e-13,4.38150085874e-13,1.20845770456e-12,9.10045042796e-13,2.59809079632e-12],"max":[0.000514806015417,0.000694430666044,0.00170945888385,0.00155848346185,0.000199238216737,0.00298340059817,0.00373090617359,0.00318129453808,0.010159294121,0.000450161722256,0.00156389095355,0.00273158517666,0.00340486969799,0.000309580762405,0.000588646915276,0.000816220708657,0.00122107192874,0.000202847149922,0.000751723127905,0.000275441008853,0.000110801003757,0.000177554960828,0.000157363334438,0.0000512674960191,0.0000385051607736,0.000158536568051,0.000233739512623,0.0000946250656852,0.000051012095355,0.0000175957429747,0.00000158757961799,6.69475411996e-7,0.0000011298982372,4.63633654135e-7,0.00000183032011591,0.00000601407464274,0.00000427865688835,0.00000923616062209,0.00000950797857513,0.0000159780611284],"mean":[0.000057102424762,0.000128744461108,0.000114679627586,0.000103312755527,0.0000264829013759,0.0000616222823737,0.0000402449040848,0.0000621342114755,0.000140895805089,0.0000124301204778,0.0000325629735016,0.000056116579799,0.000063149833295,0.00000571517557546,0.00000944437670114,0.0000155955094669,0.0000219682751776,0.00000373816283172,0.0000132372651933,0.00000612111443843,0.00000353750101567,0.0000081113903434,0.00000563181720281,0.00000156479450197,0.00000110204268822,0.00000346370575244,0.00000801953410701,0.00000313613759317,0.00000156472663093,4.11003782119e-7,7.52531974513e-8,2.21004299306e-8,1.24642038912e-8,8.84186412975e-9,3.77621134362e-8,1.06465243732e-7,1.14552143771e-7,1.51625258127e-7,1.48826671875e-7,2.40737506374e-7],"median":[0.0000338864701916,0.0000652687231195,0.0000151783842739,0.00000790917692939,0.00000310275027005,7.33816989396e-7,1.73534516534e-7,1.04969863912e-7,5.24950714009e-8,3.08186649534e-8,1.86046769102e-8,1.01484758375e-8,5.15268405721e-9,4.53104931353e-9,8.63209947966e-9,4.55063631222e-9,6.73793820738e-9,7.47856443439e-9,7.22499748917e-9,9.61144230871e-9,1.41657148234e-8,1.04377306798e-8,7.22475013148e-9,7.25438109583e-9,1.77089880538e-8,2.25295355705e-8,1.59054884818e-8,6.97762825297e-9,9.32599597547e-9,1.19949845612e-8,8.90725093683e-9,5.04303176996e-9,1.44916700862e-9,9.00042818053e-10,7.58016538427e-10,5.52857315483e-10,5.90752002871e-10,6.37529029568e-10,7.11652181629e-10,6.22758622448e-10],"min":[2.56705025771e-23,2.6153302806e-23,1.83489551425e-23,8.62404119718e-24,1.09198173357e-23,1.12671094049e-23,9.39367046239e-24,9.02652276419e-24,9.26150155089e-24,7.40467680788e-24,6.80566395697e-24,8.37467674301e-24,4.85719684816e-24,4.73811592794e-24,7.31694837547e-24,9.04414197251e-24,1.18384237717e-23,8.09796011468e-24,1.27142005826e-23,1.28419999936e-23,1.17581808405e-23,8.72655130523e-24,9.66936630472e-24,1.09240235421e-23,9.34952028411e-24,1.52338317802e-23,8.77306885509e-24,1.05070655886e-23,1.20214395017e-23,1.14335117243e-23,9.76268223892e-24,1.03861426781e-23,1.27271765557e-23,1.07778468275e-23,9.82740038758e-24,8.67166078573e-24,9.23165815398e-24,7.3464683394e-24,1.20393750433e-23,1.15982250924e-23],"var":[5.45972245192e-9,2.90310069317e-8,1.18229088741e-7,1.05410670415e-7,2.29328622758e-9,8.09760436482e-8,8.09741749208e-8,1.26521541688e-7,8.07395565516e-7,3.2479074985e-9,2.60100136984e-8,1.01683056641e-7,1.48878100958e-7,9.81152936674e-10,3.59510132775e-9,7.89099363629e-9,1.76084888892e-8,4.40938424662e-10,5.53692292016e-9,9.07647068615e-10,2.10740466744e-10,9.95295179607e-10,4.6636827733e-10,3.68901298398e-11,1.98153316672e-11,2.59912730227e-10,1.10475173454e-9,1.67483707458e-10,5.23923335272e-11,3.55587954914e-12,6.49317771317e-14,5.62366349506e-15,7.10003811047e-15,1.70695297141e-15,3.37184063494e-14,3.01987005281e-13,2.35745884619e-13,6.67665196134e-13,7.38906006693e-13,2.05373738849e-12]},"melbands_crest":{"dmean":3.33017253876,"dmean2":5.24708032608,"dvar":11.5278482437,"dvar2":29.2209224701,"max":39.9539451599,"mean":20.9000873566,"median":22.039150238,"min":1.5044580698,"var":65.2806243896},"melbands_flatness_db":{"dmean":0.0387448258698,"dmean2":0.0587318614125,"dvar":0.00188006879762,"dvar2":0.00403865985572,"max":0.503045678139,"mean":0.293424665928,"median":0.299822926521,"min":0.00158942176495,"var":0.0123174730688},"melbands_kurtosis":{"dmean":54.7246055603,"dmean2":96.100189209,"dvar":47975.765625,"dvar2":140381.640625,"max":2150.24389648,"mean":82.0778884888,"median":45.0426483154,"min":-1.29675042629,"var":28758.3632812},"melbands_skewness":{"dmean":1.77917599678,"dmean2":2.96873617172,"dvar":15.8054494858,"dvar2":42.7675209045,"max":44.7295875549,"mean":5.61902141571,"median":5.43492650986,"min":-0.0523977205157,"var":17.6666374207},"melbands_spread":{"dmean":6.31290149689,"dmean2":10.3953380585,"dvar":173.076965332,"dvar2":419.596923828,"max":152.688339233,"mean":15.8290243149,"median":5.26062726974,"min":0.404750853777,"var":712.125427246},"mfcc":{"cov":[[21311.2519531,6262.62158203,-487.118988037,1861.68737793,922.208007812,-1138.67492676,931.952026367,-559.277038574,101.843666077,524.246459961,-863.244018555,391.350952148,-334.023132324],[6262.62158203,3430.70703125,647.615478516,1523.07836914,476.27923584,102.31603241,378.723266602,-122.322540283,-35.6411170959,-57.2113647461,-215.228881836,-27.3851737976,-116.479187012],[-487.118988037,647.615478516,1211.5435791,1016.68029785,269.45223999,244.703826904,-182.321060181,-159.195266724,-10.2534790039,-247.783233643,57.784702301,-169.591659546,29.9379959106],[1861.68737793,1523.07836914,1016.68029785,1328.66040039,365.708709717,142.665267944,-64.0918273926,-195.331192017,-34.4380111694,-193.291412354,-43.046459198,-135.67956543,-14.3177585602],[922.208007812,476.27923584,269.45223999,365.708709717,173.958587646,18.1366615295,23.6363105774,-74.9273910522,-8.37470531464,-43.549533844,-24.9603767395,-20.4893665314,-3.46838736534],[-1138.67492676,102.31603241,244.703826904,142.665267944,18.1366615295,338.879638672,31.9063720703,62.1793518066,-59.5528411865,-101.176429749,78.6853103638,-91.5306091309,-3.89318656921],[931.952026367,378.723266602,-182.321060181,-64.0918273926,23.6363105774,31.9063720703,217.326370239,80.0961380005,0.227922871709,48.8460998535,-24.8177776337,46.6994285583,-23.2231864929],[-559.277038574,-122.322540283,-159.195266724,-195.331192017,-74.9273910522,62.1793518066,80.0961380005,139.034942627,3.72801995277,15.6538629532,29.171453476,17.4977970123,7.2078795433],[101.843666077,-35.6411170959,-10.2534790039,-34.4380111694,-8.37470531464,-59.5528411865,0.227922871709,3.72801995277,86.1750640869,38.0182800293,-2.63089203835,20.5178089142,3.20276880264],[524.246459961,-57.2113647461,-247.783233643,-193.291412354,-43.549533844,-101.176429749,48.8460998535,15.6538629532,38.0182800293,113.780899048,-25.3332843781,52.4203910828,-18.2456703186],[-863.244018555,-215.228881836,57.784702301,-43.046459198,-24.9603767395,78.6853103638,-24.8177776337,29.171453476,-2.63089203835,-25.3332843781,60.0660057068,-16.1128883362,12.3775730133],[391.350952148,-27.3851737976,-169.591659546,-135.67956543,-20.4893665314,-91.5306091309,46.6994285583,17.4977970123,20.5178089142,52.4203910828,-16.1128883362,66.1853790283,-0.625876605511],[-334.023132324,-116.479187012,29.9379959106,-14.3177585602,-3.46838736534,-3.89318656921,-23.2231864929,7.2078795433,3.20276880264,-18.2456703186,12.3775730133,-0.625876605511,32.8538703918]],"icov":[[0.00041381502524,-0.000524629722349,0.000234750041272,-0.0000157897138706,-0.000687097257469,0.000763732881751,-0.000593490782194,0.000843970628921,0.0000979423784884,-0.000640783109702,0.00143329484854,-0.000223621522309,0.000630053691566],[-0.000524629722349,0.00312669575214,0.000355521566235,-0.00379389314912,0.00207104743458,-0.00245710834861,-0.00252538477071,-0.00111552758608,-0.000538270396646,0.000427961320383,0.00344616966322,-0.00247341021895,0.00110587629024],[0.000234750041272,0.000355521566235,0.00578844966367,-0.00387514592148,-0.0019110427238,-0.00132147653494,0.000815746258013,0.00163182651158,-0.00369347794913,0.00318550737575,-0.00179504742846,0.000399964832468,-0.000643035687972],[-0.0000157897138706,-0.00379389314912,-0.00387514592148,0.0101414266974,-0.00568330381066,0.00269207917154,0.00490333046764,-0.000654045026749,0.00140268018004,0.00106859684456,-0.00428885500878,0.00573390629143,-0.00015017662372],[-0.000687097257469,0.00207104743458,-0.0019110427238,-0.00568330381066,0.0235934834927,-0.00135780801065,-0.00973645132035,0.00833690725267,0.00046557377209,0.00144110003021,-0.0000841854052851,-0.0028990439605,-0.00602849153802],[0.000763732881751,-0.00245710834861,-0.00132147653494,0.00269207917154,-0.00135780801065,0.0163190290332,-0.00637947674841,-0.000983724137768,0.00457986677065,0.00215257890522,-0.0141617562622,0.0169874168932,0.00533571699634],[-0.000593490782194,-0.00252538477071,0.000815746258013,0.00490333046764,-0.00973645132035,-0.00637947674841,0.0220316182822,-0.0108657032251,-0.000692172616255,-0.00122867734171,0.000686061452143,-0.00853343307972,0.00154354493134],[0.000843970628921,-0.00111552758608,0.00163182651158,-0.000654045026749,0.00833690725267,-0.000983724137768,-0.0108657032251,0.0227732416242,-0.00255405902863,0.00123496900778,-0.00305234012194,-0.000740443123505,-0.00698898779228],[0.0000979423784884,-0.000538270396646,-0.00369347794913,0.00140268018004,0.00046557377209,0.00457986677065,-0.000692172616255,-0.00255405902863,0.0184777081013,-0.00910926610231,-0.00320139504038,0.000940147903748,-0.00190888682846],[-0.000640783109702,0.000427961320383,0.00318550737575,0.00106859684456,0.00144110003021,0.00215257890522,-0.00122867734171,0.00123496900778,-0.00910926610231,0.028221718967,-0.00446729641408,-0.0022384908516,0.0100347409025],[0.00143329484854,0.00344616966322,-0.00179504742846,-0.00428885500878,-0.0000841854052851,-0.0141617562622,0.000686061452143,-0.00305234012194,-0.00320139504038,-0.00446729641408,0.0609411895275,-0.0203572325408,0.000508325407282],[-0.000223621522309,-0.00247341021895,0.000399964832468,0.00573390629143,-0.0028990439605,0.0169874168932,-0.00853343307972,-0.000740443123505,0.000940147903748,-0.0022384908516,-0.0203572325408,0.0534706674516,-0.00571756111458],[0.000630053691566,0.00110587629024,-0.000643035687972,-0.00015017662372,-0.00602849153802,0.00533571699634,0.00154354493134,-0.00698898779228,-0.00190888682846,0.0100347409025,0.000508325407282,-0.00571756111458,0.049363579601]],"mean":[-971.167358398,86.8589935303,28.8898639679,48.0064430237,19.0435886383,5.79634284973,11.5062398911,-2.27949047089,2.53085303307,0.151964977384,-3.09266328812,0.146207898855,-1.26702129841]},"pitch_salience":{"dmean":0.0895009487867,"dmean2":0.140478536487,"dvar":0.00723900878802,"dvar2":0.016635755077,"max":0.979571521282,"mean":0.420539468527,"median":0.438518643379,"min":0.00413852604106,"var":0.033582624048},"silence_rate_20dB":{"dmean":0,"dmean2":0,"dvar":0,"dvar2":0,"max":1,"mean":1,"median":1,"min":1,"var":0},"silence_rate_30dB":{"dmean":0,"dmean2":0,"dvar":0,"dvar2":0,"max":1,"mean":1,"median":1,"min":1,"var":0},"silence_rate_60dB":{"dmean":0.0109289614484,"dmean2":0.0219780225307,"dvar":0.0108095221221,"dvar2":0.0214949902147,"max":1,"mean":0.913043498993,"median":1,"min":0,"var":0.0793951973319},"spectral_centroid":{"dmean":292.333709717,"dmean2":451.036193848,"dvar":380865.625,"dvar2":563961.4375,"max":11020.3974609,"mean":1350.13049316,"median":841.144042969,"min":178.352828979,"var":1688873.25},"spectral_complexity":{"dmean":0.939890682697,"dmean2":1.40659344196,"dvar":8.78874874115,"dvar2":16.7247943878,"max":38,"mean":3.2934782505,"median":1,"min":0,"var":46.1529846191},"spectral_contrast_coeffs":{"dmean":[0.0340705476701,0.0373600386083,0.0251645930111,0.0212412551045,0.0145354662091,0.0161957629025],"dmean2":[0.0563279464841,0.0638495832682,0.0410641618073,0.0352789238095,0.0239647980779,0.0273218173534],"dvar":[0.000850340875331,0.00165039591957,0.000607465859503,0.000381177087547,0.000202387935133,0.00040602023364],"dvar2":[0.00185664067976,0.00403104163706,0.00129746319726,0.000832482532132,0.000495323212817,0.00117964914534],"max":[-0.416034519672,-0.391785204411,-0.46615421772,-0.546577453613,-0.644882500172,-0.745554447174],"mean":[-0.7437697649,-0.793973445892,-0.864424526691,-0.865912139416,-0.869671463966,-0.83438616991],"median":[-0.740028381348,-0.798877716064,-0.882773280144,-0.882320046425,-0.876788258553,-0.809885501862],"min":[-0.955984532833,-0.971113860607,-0.97110080719,-0.965554177761,-0.956495583057,-0.960470616817],"var":[0.0112055465579,0.0140344137326,0.00791634991765,0.00576262455434,0.0033386410214,0.00283054402098]},"spectral_contrast_valleys":{"dmean":[0.451064020395,0.448232650757,0.448604136705,0.39052760601,0.336691141129,0.392157018185],"dmean2":[0.70148897171,0.730990469456,0.686225116253,0.550505757332,0.471950411797,0.56160390377],"dvar":[0.539087414742,0.51520806551,0.4500400424,0.527813494205,0.624711334705,0.535747230053],"dvar2":[0.705029666424,0.637157320976,0.468486070633,0.582722902298,0.659911453724,0.760809957981],"max":[-7.16188716888,-6.1980137825,-6.07084083557,-6.74449491501,-5.94165420532,-9.48044872284],"mean":[-10.3404178619,-11.0374116898,-11.7764921188,-11.8477916718,-11.1053142548,-13.3824291229],"median":[-8.7375164032,-9.80773735046,-11.0410633087,-11.0437870026,-10.2214155197,-12.9586391449],"min":[-27.7191886902,-26.8115310669,-26.9546813965,-27.1662406921,-27.2951221466,-27.2763519287],"var":[10.863940239,7.75409841537,6.71338367462,6.52651786804,7.27946329117,4.37764024734]},"spectral_decrease":{"dmean":3.10484665755e-10,"dmean2":4.17031548183e-10,"dvar":1.40947337078e-18,"dvar2":2.39893834092e-18,"max":4.16745503378e-25,"mean":-1.00877750597e-9,"median":-1.40867290055e-10,"min":-1.80350827605e-8,"var":9.81604479569e-18},"spectral_energy":{"dmean":0.00123001669999,"dmean2":0.00165547349025,"dvar":0.0000229168581427,"dvar2":0.000037185382098,"max":0.0732314065099,"mean":0.00419098557904,"median":0.000544507056475,"min":1.08147128093e-20,"var":0.000172332613147},"spectral_energyband_high":{"dmean":0.000045357428462,"dmean2":0.0000711741158739,"dvar":4.58367885869e-8,"dvar2":1.08415214584e-7,"max":0.00289292493835,"mean":0.0000944008934312,"median":0.00000111114934498,"min":8.00888547536e-21,"var":1.5154799371e-7},"spectral_energyband_low":{"dmean":0.000156472320668,"dmean2":0.000228275312111,"dvar":8.7492416867e-8,"dvar2":1.91219740486e-7,"max":0.00294713000767,"mean":0.000501130882185,"median":0.00035075575579,"min":1.68613755211e-22,"var":3.77624843395e-7},"spectral_energyband_middle_high":{"dmean":0.000584899040405,"dmean2":0.000533201382495,"dvar":0.00000778640151111,"dvar2":0.00000650293759463,"max":0.050214111805,"mean":0.00158811232541,"median":0.00000247674711318,"min":1.49013194618e-21,"var":0.0000503942028445},"spectral_energyband_middle_low":{"dmean":0.00090917799389,"dmean2":0.00124920764938,"dvar":0.0000171139945451,"dvar2":0.0000366386084352,"max":0.065667130053,"mean":0.00204541254789,"median":0.0000815542298369,"min":3.03910620111e-22,"var":0.0000621374783805},"spectral_entropy":{"dmean":0.221578210592,"dmean2":0.336868166924,"dvar":0.0730459988117,"dvar2":0.172656536102,"max":9.80117702484,"mean":7.54219722748,"median":7.3901424408,"min":6.15202474594,"var":0.746197164059},"spectral_flux":{"dmean":0.00603223964572,"dmean2":0.00905600190163,"dvar":0.000202943207114,"dvar2":0.000396166316932,"max":0.176763787866,"mean":0.0154559407383,"median":0.00727067608386,"min":9.87265366348e-7,"var":0.000911538430955},"spectral_kurtosis":{"dmean":1.02826845646,"dmean2":1.76686370373,"dvar":1.41609096527,"dvar2":3.70350909233,"max":9.99392700195,"mean":3.49679112434,"median":3.37576389313,"min":-1.21614873409,"var":4.11767530441},"spectral_rms":{"dmean":0.000189555314137,"dmean2":0.000251056422712,"dvar":2.09148694807e-7,"dvar2":3.14259040124e-7,"max":0.00845253095031,"mean":0.0010530159343,"median":0.000728852581233,"min":3.24822091967e-12,"var":0.00000297992505693},"spectral_rolloff":{"dmean":555.980224609,"dmean2":957.990905762,"dvar":3554463.5,"dvar2":8466628,"max":18798.4863281,"mean":1180.34692383,"median":193.798828125,"min":21.533203125,"var":12684598},"spectral_skewness":{"dmean":0.19158641994,"dmean2":0.321110576391,"dvar":0.0534179732203,"dvar2":0.129010543227,"max":2.3178319931,"mean":1.44887161255,"median":1.40151417255,"min":0.00348191754892,"var":0.117828667164},"spectral_spread":{"dmean":1005227.5625,"dmean2":1635716,"dvar":7053656457220,"dvar2":9863692288000,"max":41702024,"mean":6999526.5,"median":5494958,"min":2128303.25,"var":14255860482000},"spectral_strongpeak":{"dmean":0.160317093134,"dmean2":0.275178074837,"dvar":0.348685920238,"dvar2":0.764965832233,"max":6.82516431808,"mean":0.309365302324,"median":0.0609110072255,"min":0,"var":0.937709152699},"zerocrossingrate":{"dmean":0.0207372773439,"dmean2":0.0227426383644,"dvar":0.00155989837367,"dvar2":0.00224534585141,"max":0.51416015625,"mean":0.0665707811713,"median":0.0283203125,"min":0.00390625,"var":0.0107074547559}},"metadata":{"audio_properties":{"analysis_sample_rate":44100,"bit_rate":0,"codec":"flac","downmix":"mix","equal_loudness":0,"length":4.23999977112,"lossless":true,"md5_encoded":"baea80f5b8acf4e553e53a243eb492c5","replay_gain":3.78981208801},"tags":{"album":["Blues for the Red Sun"],"albumartist":["Kyuss"],"albumartistsort":["Kyuss"],"artist":["Kyuss"],"artistsort":["Kyuss"],"asin":["B0000248Y6"],"barcode":["737056134020"],"catalognumber":["3705-61340-2"],"date":["1992"],"discnumber":["1"],"disctotal":["1"],"engineer":["Joe Barresi"],"file_name":"14 Yeah.flac","genre":["Stoner Rock","Stoner Metal","Hard Rock","Alternative Rock"],"label":["Dali Records"],"lyricist":["John Garcia"],"media":["CD"],"mixer":["Joe Barresi"],"musicbrainz_albumartistid":["ea0f2a37-7007-4217-a812-396227f5013a"],"musicbrainz_albumid":["42869337-4390-39af-899e-c585daef89a4"],"musicbrainz_artistid":["ea0f2a37-7007-4217-a812-396227f5013a"],"musicbrainz_recordingid":["e0e2b363-61a2-4535-a272-9085f1edd7bf"],"musicbrainz_releasegroupid":["816f2753-e709-3b10-ad93-e4c1af7aea6c"],"musicbrainz_releasetrackid":["f44fe2ec-bb65-38d4-b2a0-c4a961cf5a23"],"musicbrainz_workid":["bc1d6e40-a2be-3275-8dea-e82dac6aa1af"],"originaldate":["1992-06-30"],"producer":["Chris Goss","Kyuss"],"releasecountry":["DE"],"releasestatus":["official"],"releasetype":["album"],"script":["Latn"],"title":["Yeah"],"totaldiscs":["1"],"totaltracks":["14"],"tracknumber":["14"],"tracktotal":["14"]},"version":{"essentia":"2.1-beta1","essentia_build_sha":"7598a69e7b456135ce4c070efb04a3d0ebb71fdd","essentia_git_sha":"v2.1_beta1-6-g5578087","extractor":"music 1.0"}},"rhythm":{"beats_count":13,"beats_loudness":{"dmean":0.0109902108088,"dmean2":0.0230165235698,"dvar":0.000524773146026,"dvar2":0.000886719615664,"max":0.0648251622915,"mean":0.0100648039952,"median":0.000412739958847,"min":1.12672822183e-8,"var":0.0005007468