{"lowlevel":{"average_loudness":0.868320226669,"barkbands":{"dmean":[0.0000832933947095,0.0057878899388,0.00448668561876,0.00245195440948,0.00325675075874,0.00125687650871,0.00117483083159,0.000720280513633,0.000814791186713,0.000465325632831,0.000359992060112,0.000254931219388,0.0001775254932,0.000133510417072,0.000222185364692,0.000171212683199,0.000219092922634,0.000159503411851,0.000198939422262,0.000119179429021,0.000175583118107,0.000135508278618,0.00013939703058,0.000138235001941,0.000118793504953,0.0000253349080594,0.00000724752089809],"dmean2":[0.000132554414449,0.00961604341865,0.00768280541524,0.00425882451236,0.00552494451404,0.0021090162918,0.00186990504153,0.00114821677562,0.00131979584694,0.000762556039263,0.00058216805337,0.000417561939685,0.000291639677016,0.000223944880418,0.000374981929781,0.000289438612526,0.00036647185334,0.000264042260824,0.000333031115588,0.000201985385502,0.000301663880236,0.000222822389333,0.000212601691601,0.000203145318665,0.000180170231033,0.000039514285163,0.000011637015632],"dvar":[2.17073186093e-8,0.000106851322926,0.000128035841044,0.0000285877085844,0.0000366693857359,0.00000386386682294,0.00000421605273004,0.00000223381471187,0.00000268793132818,0.00000316410569212,0.00000160513468472,2.19946670654e-7,1.07672420313e-7,7.25996116557e-8,2.26665264336e-7,1.28793445242e-7,1.86193261698e-7,9.50303729041e-8,1.64263695979e-7,1.43750071402e-7,4.83282121877e-7,2.55812750538e-7,1.60792367865e-7,1.28245702058e-7,1.68963723013e-7,4.5236956403e-9,2.92177643191e-10],"dvar2":[5.72832981049e-8,0.000287742528599,0.000342351035215,0.0000821521389298,0.0000987466119113,0.0000106118886833,0.0000096866642707,0.00000522646405443,0.00000663793389322,0.00000773682131694,0.00000395908818973,5.63732726278e-7,2.73518338645e-7,1.90284467294e-7,6.16514228113e-7,3.48729088273e-7,5.08107234509e-7,2.47324464908e-7,4.40177700511e-7,3.89455550476e-7,0.00000131939054882,6.85742293172e-7,3.68014752894e-7,2.99107085766e-7,4.04642122476e-7,1.1093631791e-8,7.00248525831e-10],"max":[0.00286365230568,0.144392341375,0.149456828833,0.0721508711576,0.0733338519931,0.0373830236495,0.0641010403633,0.0506847724319,0.0498313941061,0.0648080706596,0.0551984459162,0.00935417879373,0.00647946773097,0.00571220647544,0.0076789339073,0.00694906944409,0.00627334462479,0.00483663845807,0.00667438609526,0.00646221078932,0.00870560761541,0.00801115576178,0.00506252655759,0.00504006957635,0.00557306269184,0.000977704650722,0.000246850977419],"mean":[0.000143940080306,0.00855688098818,0.00468836026266,0.00314380903728,0.00479661719874,0.0021042926237,0.00197048764676,0.00111695134547,0.00137401232496,0.000668441469315,0.00051973114023,0.000421268370701,0.000276019505691,0.000197931163711,0.000355975003913,0.000292714481475,0.000378833356081,0.000291952281259,0.000371485599317,0.000153559740284,0.000189726095414,0.000163242075359,0.000177733934834,0.000189733196748,0.000147999686305,0.0000289291492663,0.00000642197483103],"median":[0.0000583512301091,0.0048391004093,0.00127612217329,0.00148820085451,0.00293413409963,0.00124576105736,0.000879533065017,0.00052651646547,0.000630351016298,0.00022205588175,0.000190433580428,0.000191145503777,0.000116841285489,0.0000837931147544,0.000108270491182,0.0000880576117197,0.000116665461974,0.000112157329568,0.000111562585516,0.0000539073880645,0.0000508632001583,0.0000406630933867,0.0000380128585675,0.0000375324598281,0.0000272229699476,0.00000649933826935,4.43210183221e-7],"min":[3.92270378889e-25,3.07305222693e-24,9.69284043867e-25,7.90112876781e-25,8.68161778807e-24,5.93317038516e-24,7.73119185857e-24,9.8678894624e-24,1.66499254575e-23,1.8437766681e-23,1.28054859889e-23,1.2947332646e-23,1.84695088661e-23,2.0741100107e-23,4.89114681828e-23,6.85735706545e-23,7.59922836645e-23,9.16941939515e-23,1.56694054311e-22,1.73171578951e-22,2.15810407024e-22,3.6662544073e-22,4.25593209914e-22,5.36807198985e-22,6.91617301993e-22,1.30889881463e-21,1.8085980976e-21],"var":[4.84414393043e-8,0.000128734041937,0.00011124946468,0.0000269738629868,0.0000396152572648,0.00000721746710042,0.00000936592277867,0.00000384607938031,0.00000481902407046,0.00000436357277067,0.00000239712949224,4.85818475227e-7,2.16310752421e-7,1.19876858662e-7,4.76137955729e-7,2.82187983203e-7,3.94321915564e-7,1.98944135832e-7,3.33150723009e-7,1.22594215668e-7,3.60620163065e-7,2.33972585306e-7,2.00513241566e-7,1.99810784807e-7,1.8978244043e-7,4.905742923e-9,2.92199320295e-10]},"barkbands_crest":{"dmean":2.76536202431,"dmean2":4.56616640091,"dvar":6.20223474503,"dvar2":16.9078998566,"max":26.1876125336,"mean":10.3773832321,"median":9.58896064758,"min":2.17914700508,"var":17.5122509003},"barkbands_flatness_db":{"dmean":0.0294818002731,"dmean2":0.0466437749565,"dvar":0.00135143706575,"dvar2":0.0032376521267,"max":0.562969148159,"mean":0.152782872319,"median":0.127789676189,"min":0.0280099734664,"var":0.00745833106339},"barkbands_kurtosis":{"dmean":6.9836602211,"dmean2":11.5545711517,"dvar":844.761962891,"dvar2":2358.96557617,"max":841.144775391,"mean":9.47362041473,"median":3.4856171608,"min":-1.9417784214,"var":1046.82287598},"barkbands_skewness":{"dmean":0.713358879089,"dmean2":1.14239263535,"dvar":1.23419058323,"dvar2":3.2394888401,"max":25.7240905762,"mean":2.0257537365,"median":1.77430105209,"min":-4.12048339844,"var":2.61938405037},"barkbands_spread":{"dmean":6.05923318863,"dmean2":9.74299430847,"dvar":84.1288757324,"dvar2":202.796386719,"max":139.74079895,"mean":20.1486473083,"median":17.6281280518,"min":0.161928877234,"var":255.642471313},"dissonance":{"dmean":0.0221133437008,"dmean2":0.0368986614048,"dvar":0.000642751401756,"dvar2":0.00168640073389,"max":0.500000059605,"mean":0.458412468433,"median":0.468670010567,"min":0.160496085882,"var":0.00141658214852},"dynamic_complexity":4.04884433746,"erbbands":{"dmean":[0.0964690521359,1.55135524273,4.84730386734,6.44318628311,9.77790737152,13.1348390579,8.78189659119,11.8058376312,13.9388103485,16.9633598328,16.4948406219,16.1397800446,18.1325397491,16.1223754883,10.1350574493,9.90596580505,7.84181070328,6.56873893738,7.67896652222,11.2634191513,9.39118862152,12.2354669571,8.59578609467,9.09610271454,8.66593074799,6.12762784958,8.70380973816,4.93484592438,4.99515104294,4.52044534683,3.5829949379,2.86334371567,2.30708670616,1.47253608704,0.755821526051,0.15136423707,0.0428240150213,0.00823677703738,0.00141746574081,0.0000834522943478],"dmean2":[0.158916771412,2.58091783524,8.17265987396,11.0415086746,16.5416107178,22.5658416748,14.8030891418,20.2871303558,22.5721206665,27.0383453369,26.2799415588,26.0586738586,29.8681335449,25.8316135406,16.3552627563,16.2269134521,12.8068933487,11.0809679031,12.7694158554,19.0509910583,15.8628721237,20.4432468414,14.1738176346,14.9789905548,14.5548000336,10.4777841568,15.3419685364,8.10453128815,8.34146499634,6.88234901428,5.47175121307,4.25628519058,3.39737391472,2.16094827652,1.20017421246,0.234662786126,0.067685380578,0.0130275990814,0.0022822113242,0.000136405142257],"dvar":[0.0291105825454,7.93381500244,129.76335144,216.760757446,389.332305908,706.814453125,288.466339111,369.249176025,654.349304199,1265.5715332,1049.25561523,814.534667969,2710.19555664,4324.31347656,1194.32287598,348.312133789,210.41053772,148.538879395,237.219039917,579.97644043,342.049224854,654.004272461,297.840240479,314.551330566,415.043487549,441.255615234,1363.67102051,303.08883667,395.29586792,197.88772583,97.477722168,64.8805084229,31.8415565491,22.6399021149,7.51821088791,0.176700815558,0.0111580844969,0.000585526577197,0.0000101206424006,2.75562630492e-8],"dvar2":[0.0786656737328,21.1179046631,345.711029053,602.298950195,1009.38928223,1996.22949219,796.52331543,1071.54882813,1558.77429199,2791.67382813,2515.41357422,2074.73535156,6405.18994141,10442.9980469,2721.01806641,881.305175781,533.862121582,400.658630371,625.284667969,1594.79101563,914.756896973,1801.9519043,762.111816406,823.448608398,1118.6496582,1202.3137207,3818.96557617,788.497680664,1072.04077148,431.423309326,232.543395996,150.397064209,73.257194519,50.0034980774,19.3273735046,0.430349171162,0.0274153724313,0.00146913761273,0.0000230593450397,6.76101663544e-8],"max":[2.20082378387,40.3538589478,137.657943726,226.186843872,274.31918335,373.66708374,433.440185547,297.727905273,996.524780273,1416.61193848,1242.22924805,499.07321167,2258.28222656,2685.29272461,2236.71923828,420.656494141,283.835601807,205.518493652,316.859436035,488.632415771,286.844848633,421.438140869,297.39666748,347.082061768,392.849853516,343.413208008,470.755706787,263.627044678,274.922119141,214.630355835,132.692871094,145.802001953,73.5264053345,66.8603820801,39.6200523376,6.39822626114,1.47112357616,0.418682575226,0.0394587740302,0.00177439185791],"mean":[0.157968521118,2.20735931396,5.58886814117,8.46987438202,13.5374584198,17.9914283752,13.773730278,18.5432281494,24.1367149353,28.2720127106,27.2221012115,27.4244441986,28.0786304474,24.7405567169,16.2202243805,16.7097606659,13.0295619965,10.3376712799,13.4674072266,18.9226531982,17.4836025238,22.0173721313,15.9815721512,19.2798233032,14.745306015,7.50634765625,8.59137630463,6.11939191818,5.68945932388,5.94102239609,4.67098236084,3.99470281601,3.09468150139,1.93956339359,0.864786803722,0.182720944285,0.0458843447268,0.00861765164882,0.00128278951161,0.0000944715866353],"median":[0.0861532390118,1.20161497593,2.15267467499,3.86270546913,7.27278852463,9.97832584381,8.38464736938,10.6772203445,12.8457832336,14.6391324997,13.9973211288,13.2962284088,11.0815639496,9.10742855072,7.44697237015,7.80344676971,6.00037002563,5.38424396515,4.98942565918,5.90010023117,6.3586473465,6.68233203888,6.49239492416,6.1855173111,5.13799953461,2.68344593048,2.16829538345,1.85692405701,1.40466713905,1.24252152443,1.07917964458,0.810275316238,0.64147567749,0.33063262701,0.16652482748,0.0434122607112,0.00945167709142,0.00155507517047,0.0000800666239229,0.0000415697795688],"min":[1.06346351255e-22,6.12197007488e-22,2.31924944576e-21,4.33206967205e-21,1.20818622271e-20,1.77102713413e-20,5.00226974125e-20,5.51972775995e-20,9.93401393423e-20,1.59746179721e-19,2.08548905284e-19,4.14807657644e-19,7.10540908353e-19,6.23432069008e-19,7.85572807356e-19,9.29008820705e-19,1.12921775501e-18,1.60420957476e-18,3.00243628774e-18,3.7317628814e-18,4.03038418152e-18,5.06179444654e-18,4.70514518568e-18,7.72419767077e-18,8.25329216906e-18,7.66707919511e-18,7.93269185289e-18,1.05789534746e-17,1.09365717776e-17,1.08046389514e-17,1.28557565302e-17,1.05680495798e-17,1.05016633726e-17,7.40061619567e-18,6.43624519698e-18,3.78993973465e-18,2.39061462921e-18,9.30815589958e-19,2.4954020243e-19,2.64858094572e-20],"var":[0.0448778271675,9.09649372101,115.206542969,207.07975769,455.855041504,672.223510742,392.370849609,585.545410156,1461.20532227,2247.23388672,1835.35144043,1537.06274414,4085.71777344,5991.71484375,1867.29785156,768.410217285,440.747070313,227.766418457,553.002807617,1224.97717285,809.605163574,1441.33544922,587.573364258,887.23223877,589.729125977,346.982421875,925.337585449,278.430633545,336.001342773,254.807327271,124.311424255,103.119178772,47.8438529968,29.73802948,7.18873596191,0.205926924944,0.0115291690454,0.000556432933081,0.0000111668723548,2.59476031772e-8]},"erbbands_crest":{"dmean":2.48776388168,"dmean2":4.11994600296,"dvar":6.82551765442,"dvar2":17.2626419067,"max":33.2513427734,"mean":8.05846500397,"median":6.73213577271,"min":2.15899586678,"var":20.345451355},"erbbands_flatness_db":{"dmean":0.0226718652993,"dmean2":0.033789485693,"dvar":0.000837386527564,"dvar2":0.00181425805204,"max":0.464596956968,"mean":0.14454510808,"median":0.132799059153,"min":0.030679680407,"var":0.00326026254334},"erbbands_kurtosis":{"dmean":2.03033781052,"dmean2":3.26784086227,"dvar":76.8759765625,"dvar2":187.127380371,"max":433.194091797,"mean":1.96060037613,"median":-0.264724552631,"min":-1.94665181637,"var":145.720993042},"erbbands_skewness":{"dmean":0.442293912172,"dmean2":0.700642108917,"dvar":0.37499576807,"dvar2":0.930277943611,"max":13.1135168076,"mean":0.649460196495,"median":0.499160945415,"min":-4.90860891342,"var":1.23550581932},"erbbands_spread":{"dmean":10.0742902756,"dmean2":15.6288366318,"dvar":207.079040527,"dvar2":498.333068848,"max":218.587127686,"mean":43.3190422058,"median":40.9405784607,"min":0.493269920349,"var":500.705780029},"gfcc":{"cov":[[26131.2402344,-404.155456543,-2977.56494141,879.621276855,-1263.68273926,449.796417236,-1025.16015625,502.136260986,-334.951629639,-36.1083183289,-176.829910278,98.0648498535,-139.516433716],[-404.155456543,1962.83850098,202.588470459,-149.516952515,256.810333252,-156.881072998,185.463394165,-110.414085388,89.4107818604,-101.031921387,155.148254395,-58.1469345093,82.0443649292],[-2977.56494141,202.588470459,1354.71447754,-120.348464966,118.879417419,55.3673858643,135.26965332,-77.1385955811,25.2640037537,55.3521995544,-3.86948680878,-29.1764755249,37.3511772156],[879.621276855,-149.516952515,-120.348464966,383.968536377,-54.6845397949,40.6227111816,-65.3860015869,10.2191734314,27.2749900818,14.7592668533,-8.34032440186,-1.53431773186,13.2932291031],[-1263.68273926,256.810333252,118.879417419,-54.6845397949,383.186248779,-40.896812439,44.6908073425,-29.2721138,55.9940338135,-16.9917240143,28.1206245422,3.4287405014,16.559841156],[449.796417236,-156.881072998,55.3673858643,40.6227111816,-40.896812439,206.445266724,35.5895805359,9.58491039276,-21.674955368,35.1627197266,-13.6196775436,12.0892448425,9.87388134003],[-1025.16015625,185.463394165,135.26965332,-65.3860015869,44.6908073425,35.5895805359,235.398269653,15.4074382782,19.3195648193,-2.47230863571,41.872592926,-15.3053188324,7.34147548676],[502.136260986,-110.414085388,-77.1385955811,10.2191734314,-29.2721138,9.58491039276,15.4074382782,145.89263916,27.451625824,9.94229698181,8.74011611938,7.22608709335,-24.4158096313],[-334.951629639,89.4107818604,25.2640037537,27.2749900818,55.9940338135,-21.674955368,19.3195648193,27.451625824,118.350875854,25.8174285889,16.4708862305,-7.96295070648,20.9173698425],[-36.1083183289,-101.031921387,55.3521995544,14.7592668533,-16.9917240143,35.1627197266,-2.47230863571,9.94229698181,25.8174285889,93.3231811523,5.87093782425,3.80838799477,4.74241542816],[-176.829910278,155.148254395,-3.86948680878,-8.34032440186,28.1206245422,-13.6196775436,41.872592926,8.74011611938,16.4708862305,5.87093782425,98.1585006714,27.9736671448,-3.3330373764],[98.0648498535,-58.1469345093,-29.1764755249,-1.53431773186,3.4287405014,12.0892448425,-15.3053188324,7.22608709335,-7.96295070648,3.80838799477,27.9736671448,83.2368011475,17.0681762695],[-139.516433716,82.0443649292,37.3511772156,13.2932291031,16.559841156,9.87388134003,7.34147548676,-24.4158096313,20.9173698425,4.74241542816,-3.3330373764,17.0681762695,76.683303833]],"icov":[[0.000102716556285,-0.00015095048002,0.000164795521414,-0.000109243163024,0.000208456302062,-0.000329739152221,0.00042253304855,-0.000384838116588,0.000229056618991,-0.0000645779946353,0.000156284557306,-0.000065256113885,0.0000843406814965],[-0.00015095048002,0.00113088265061,-0.000284328038106,0.000383404345484,-0.000526239979081,0.000788463978097,-0.000839703076053,0.0010229422478,-0.000678160751704,0.0010653823847,-0.00187714095227,0.00131254771259,-0.00124898075592],[0.000164795521414,-0.000284328038106,0.00115454185288,0.0000345437183569,0.000143407625728,-0.000705929822288,0.000253439036896,-0.000173798995093,0.000322510168189,-0.000741509196814,0.000536005187314,0.0000587660797464,-0.0000158851107699],[-0.000109243163024,0.000383404345484,0.0000345437183569,0.00325761851855,0.000100142970041,-0.000529333658051,0.000520152912941,0.000560503161978,-0.0014630939113,0.000482560164528,-0.000980296637863,0.000939955119975,-0.000897879071999],[0.000208456302062,-0.000526239979081,0.000143407625728,0.000100142970041,0.00367837189697,-0.000501014059409,0.000632908486295,-0.00000411777091358,-0.00135087047238,0.000647057488095,0.000295127625577,-0.00090543506667,0.000606167828664],[-0.000329739152221,0.000788463978097,-0.000705929822288,-0.000529333658051,-0.000501014059409,0.00750156957656,-0.00313638919033,0.000828102405649,0.00123478029855,-0.00214414554648,0.000629368703812,-0.000762299925555,-0.00130887317937],[0.00042253304855,-0.000839703076053,0.000253439036896,0.000520152912941,0.000632908486295,-0.00313638919033,0.00780441751704,-0.00270571699366,0.000539405096788,0.000758506881539,-0.00229901517741,0.00203306041658,-0.000634449941572],[-0.000384838116588,0.0010229422478,-0.000173798995093,0.000560503161978,-0.00000411777091358,0.000828102405649,-0.00270571699366,0.0104725323617,-0.00445416150615,0.000646324187983,-0.000762985670008,-0.00124418677296,0.00309938215651],[0.000229056618991,-0.000678160751704,0.000322510168189,-0.0014630939113,-0.00135087047238,0.00123478029855,0.000539405096788,-0.00445416150615,0.0136325787753,-0.00444017164409,-0.000715352478437,0.00228963280097,-0.00408301409334],[-0.0000645779946353,0.0010653823847,-0.000741509196814,0.000482560164528,0.000647057488095,-0.00214414554648,0.000758506881539,0.000646324187983,-0.00444017164409,0.0145036811009,-0.00309930997901,0.00104730133899,-0.000763926655054],[0.000156284557306,-0.00187714095227,0.000536005187314,-0.000980296637863,0.000295127625577,0.000629368703812,-0.00229901517741,-0.000762985670008,-0.000715352478437,-0.00309930997901,0.0173504687846,-0.00858627911657,0.00508604897186],[-0.000065256113885,0.00131254771259,0.0000587660797464,0.000939955119975,-0.00090543506667,-0.000762299925555,0.00203306041658,-0.00124418677296,0.00228963280097,0.00104730133899,-0.00858627911657,0.0181929729879,-0.00712362816557],[0.0000843406814965,-0.00124898075592,-0.0000158851107699,-0.000897879071999,0.000606167828664,-0.00130887317937,-0.000634449941572,0.00309938215651,-0.00408301409334,-0.000763926655054,0.00508604897186,-0.00712362816557,0.018746625632]],"mean":[-28.4168510437,101.145675659,-86.837272644,31.3945636749,-57.775478363,11.5919284821,-37.0344009399,13.5530538559,-21.1753025055,-1.91033399105,-13.1835260391,-2.2188782692,-11.0709400177]},"hfc":{"dmean":8.86048126221,"dmean2":13.6766529083,"dvar":463.360778809,"dvar2":1121.36035156,"max":263.070098877,"mean":19.9337882996,"median":13.5428237915,"min":1.06843326451e-16,"var":630.338745117},"melbands":{"dmean":[0.00125976500567,0.00230698846281,0.00119405216537,0.000809236313216,0.000345744338119,0.000254521466559,0.000223370268941,0.000175482913619,0.000133878842462,0.000111766137707,0.0000914744814509,0.0000656372794765,0.0000396201648982,0.0000295369936794,0.0000223322058446,0.0000187627902051,0.0000118806137834,0.0000116145874927,0.000020527291781,0.0000125439992189,0.0000123742511278,0.0000147201017171,0.0000092694281193,0.00000742508200346,0.0000079046258179,0.0000082354499682,0.00000423570963903,0.00000419419393438,0.00000564215133636,0.00000448322271041,0.0000024813652999,0.00000300298665934,0.00000246697322837,0.00000274250828625,0.00000203600325221,0.00000194483527594,0.00000183491670214,0.00000192674770005,0.00000112610473479,0.00000140379165714],"dmean2":[0.00208590249531,0.00381940207444,0.0020327672828,0.00137796136551,0.000588351627812,0.000433117354987,0.000359034980647,0.00027913224767,0.000213469131268,0.000181055773282,0.000150709049194,0.000105250903289,0.0000636978584225,0.0000484506272187,0.0000364564039046,0.0000315133656841,0.0000201086786547,0.0000193419255083,0.0000347390305251,0.0000213471757888,0.0000209295103559,0.0000247327534453,0.0000154476856551,0.0000122717801787,0.0000130962371259,0.0000139020239658,0.00000711924485586,0.00000725557356418,0.00000998733685265,0.00000778890262154,0.00000402222804041,0.00000516875570611,0.00000385978182749,0.00000423344363298,0.0000031574188597,0.00000301159184346,0.0000027889680041,0.00000290413072435,0.00000169185193499,0.00000208454002859],"dvar":[0.00000481806728203,0.0000232391485042,0.00000666117693982,0.00000217167644223,4.82454879602e-7,1.62157959949e-7,1.51656848857e-7,1.29877477661e-7,6.41049240357e-8,4.51240289578e-8,7.02755045268e-8,7.78285524916e-8,2.25931930942e-8,3.17584647469e-9,1.75257697244e-9,1.35052435901e-9,5.35987421113e-10,6.2795912914e-10,2.11902961844e-9,7.87276077663e-10,5.91160120855e-10,1.03594188783e-9,3.24571369781e-10,2.28897789611e-10,2.46791337366e-10,3.23044285766e-10,1.39124822773e-10,2.33285890605e-10,5.83783299479e-10,2.94099078424e-10,6.86147666462e-11,1.55010282388e-10,6.45369244157e-11,7.73769173734e-11,2.98220267925e-11,3.48671265471e-11,2.62816105684e-11,2.31584074833e-11,7.4459136773e-12,2.78768483991e-11],"dvar2":[0.0000131480555865,0.0000602635009272,0.0000183482025022,0.00000584389499636,0.00000137457652727,4.63855002408e-7,3.55661939011e-7,2.86022185492e-7,1.56920293648e-7,1.13758886755e-7,1.67045925537e-7,1.87876864288e-7,5.30489607797e-8,8.02766209063e-9,4.45068559785e-9,3.51764417594e-9,1.43738121405e-9,1.61613311622e-9,5.81286663248e-9,2.14535078591e-9,1.58455282229e-9,2.89439916479e-9,8.35259972298e-10,5.89135518148e-10,6.48703979422e-10,8.66880456307e-10,3.84502873985e-10,6.42436548404e-10,1.63213031978e-9,8.13293099533e-10,1.73958056293e-10,4.29079716202e-10,1.59593435689e-10,1.69866579136e-10,7.19282480799e-11,8.50519377149e-11,6.19518533695e-11,5.50899673102e-11,1.69190651073e-11,6.25108020902e-11],"max":[0.027363050729,0.0550066046417,0.0350184738636,0.0179632045329,0.01140792761,0.00654130987823,0.0138312913477,0.0139130754396,0.00835617631674,0.00536619964987,0.0109620196745,0.010995702818,0.00872638914734,0.0012008540798,0.000709823565558,0.000825985276606,0.000454225257272,0.000603798835073,0.000712045351975,0.000692739093211,0.000417953764554,0.000569805153646,0.000252209807513,0.000322144129314,0.000320398801705,0.000291611126158,0.000241928340984,0.00029454837204,0.000306400150293,0.000235555839026,0.000138177943882,0.000159943985636,0.000164020588272,0.000116489929496,0.0000741091716918,0.000144178353366,0.0000859606006998,0.0000656102129142,0.000057357850892,0.0000750180115574],"mean":[0.001953831641,0.00307845161296,0.00164515804499,0.00115448317956,0.000542255176697,0.000413318048231,0.000390597444493,0.000296751939459,0.000214899468119,0.000184148855624,0.000138342395076,0.0000987465682556,0.0000595855090069,0.0000481971583213,0.0000348668763763,0.0000276989430859,0.0000174807209987,0.00001846806299,0.0000313943201036,0.0000194946424017,0.0000210365633393,0.0000248226788244,0.0000153667479026,0.0000134986457851,0.0000159082101163,0.0000140657321026,0.00000636740514892,0.00000455026383861,0.00000537580581295,0.00000470477743875,0.00000321320317198,0.00000320264234688,0.00000316537534673,0.00000337033202413,0.00000257549800153,0.00000256119619735,0.00000246119157055,0.00000241493012254,0.00000157369129283,0.00000175387583567],"median":[0.00112177839037,0.00149717146996,0.000832196092233,0.000684712314978,0.000345296808518,0.000243871938437,0.000207506498555,0.000154754859977,0.000107147352537,0.000083392347733,0.0000518347551406,0.000033704280213,0.0000249222612183,0.0000218080876948,0.000014201279555,0.000012552134649,0.00000822662877908,0.00000634816751699,0.00000903361433302,0.00000522505570189,0.00000733333126846,0.00000651747723168,0.00000555076167075,0.00000508981429448,0.00000455578310721,0.00000419280786446,0.00000238291136156,0.00000135577056426,0.00000128058820792,0.00000121359562399,9.50251092036e-7,7.44310625578e-7,7.65415052228e-7,5.90269110035e-7,5.74530588437e-7,5.67379515815e-7,4.45995937071e-7,4.53881909834e-7,3.41322220265e-7,2.43391326649e-7],"min":[1.03333323848e-24,2.04168739362e-24,1.24915700329e-24,1.96912145945e-24,1.48102333929e-24,1.43744824061e-24,1.58317658639e-24,1.95740174742e-24,1.72872990365e-24,2.30750906399e-24,3.43772053531e-24,2.04500672309e-24,2.54781187294e-24,1.69841457071e-24,2.88112927122e-24,3.54760373181e-24,2.27536081274e-24,4.08268019521e-24,3.89240852259e-24,3.21611136323e-24,4.1251272228e-24,4.53772080332e-24,3.38556696871e-24,4.79935007241e-24,5.38810063181e-24,5.27434018396e-24,5.94158950317e-24,4.33066453722e-24,4.38473976899e-24,4.82589958061e-24,5.03210584908e-24,5.09254442733e-24,6.43260059083e-24,5.7082353755e-24,5.73984424311e-24,5.95911168159e-24,5.51998239794e-24,6.3775361275e-24,5.1241592114e-24,6.21745850046e-24],"var":[0.00000639151630821,0.000023744552891,0.00000656115480524,0.00000234699746215,5.19065622484e-7,2.68975298923e-7,3.43316514773e-7,2.35550913885e-7,1.10825702393e-7,8.15043676994e-8,1.05196427569e-7,1.07295392127e-7,3.40601680193e-8,6.89717039037e-9,3.21581672402e-9,2.32636465647e-9,8.01853305976e-10,1.25428445408e-9,4.05060784914e-9,1.44198730734e-9,1.23196297608e-9,2.10535144873e-9,5.74833292077e-10,4.91628848742e-10,6.70488442545e-10,5.57775381438e-10,1.41918796159e-10,1.72234851381e-10,3.94740712339e-10,2.15794576652e-10,7.08917022307e-11,1.22289844917e-10,7.24701201826e-11,9.4311281007e-11,3.67272115498e-11,4.60851461159e-11,4.0177215721e-11,3.07672151645e-11,1.23339359559e-11,3.36750904939e-11]},"melbands_crest":{"dmean":3.24079346657,"dmean2":5.29407119751,"dvar":8.46990013123,"dvar2":22.530172348,"max":34.0962982178,"mean":13.7141075134,"median":13.0740203857,"min":1.688113451,"var":23.0154476166},"melbands_flatness_db":{"dmean":0.0355672426522,"dmean2":0.0563554540277,"dvar":0.00193163158838,"dvar2":0.00466359732673,"max":0.733136773109,"mean":0.236171036959,"median":0.20881998539,"min":0.00356782181188,"var":0.0123924072832},"melbands_kurtosis":{"dmean":12.0740795135,"dmean2":19.8375091553,"dvar":1078.10620117,"dvar2":2844.04541016,"max":955.496154785,"mean":20.3864803314,"median":11.5451622009,"min":-1.60612344742,"var":1347.0958252},"melbands_skewness":{"dmean":0.88658118248,"dmean2":1.408624053,"dvar":1.30153620243,"dvar2":3.17000222206,"max":21.9987621307,"mean":3.08147835732,"median":2.78719806671,"min":-2.6140768528,"var":3.10141658783},"melbands_spread":{"dmean":6.07487154007,"dmean2":9.83367729187,"dvar":93.4499893188,"dvar2":228.750015259,"max":224.434112549,"mean":18.1905651093,"median":14.2922582626,"min":0.26391685009,"var":347.155303955},"mfcc":{"cov":[[16536.9785156,-1039.10864258,-1611.67980957,-61.4139938354,-54.1870269775,-339.940673828,-320.720123291,162.098937988,-152.165725708,-65.9089736938,-52.4186706543,10.0195474625,-62.0072288513],[-1039.10864258,1993.46984863,211.892578125,91.2666168213,87.4716339111,28.7112979889,107.708206177,68.7888717651,-16.2732391357,4.20377969742,61.9343299866,-2.18060469627,32.8931922913],[-1611.67980957,211.892578125,1009.70593262,37.2583389282,3.16003060341,121.753837585,76.1098632813,-46.8008918762,62.0676040649,25.5344581604,2.18039321899,13.1759738922,20.5440044403],[-61.4139938354,91.2666168213,37.2583389282,265.70715332,83.7996444702,11.8850679398,-31.2026538849,5.82087039948,7.0421204567,18.7577934265,0.11693379283,3.61125874519,15.7343254089],[-54.1870269775,87.4716339111,3.16003060341,83.7996444702,257.836456299,33.984992981,-39.7462043762,-6.95959281921,14.1145191193,-5.92363643646,-3.13593435287,-9.12045192719,16.5945396423],[-339.940673828,28.7112979889,121.753837585,11.8850679398,33.984992981,195.451934814,54.9133033752,-25.2175827026,32.1536445618,-1.53730535507,-19.6208648682,10.7542581558,-3.4713447094],[-320.720123291,107.708206177,76.1098632813,-31.2026538849,-39.7462043762,54.9133033752,154.24621582,46.6747322083,2.46480607986,7.0318980217,23.4764728546,11.0342721939,3.29740476608],[162.098937988,68.7888717651,-46.8008918762,5.82087039948,-6.95959281921,-25.2175827026,46.6747322083,122.207893372,2.22078084946,3.06164336205,25.7870559692,4.70184659958,5.14472675323],[-152.165725708,-16.2732391357,62.0676040649,7.0421204567,14.1145191193,32.1536445618,2.46480607986,2.22078084946,111.296318054,42.1449623108,-5.54232978821,1.97471356392,11.1109857559],[-65.9089736938,4.20377969742,25.5344581604,18.7577934265,-5.92363643646,-1.53730535507,7.0318980217,3.06164336205,42.1449623108,95.876953125,26.081703186,7.03131055832,14.9512586594],[-52.4186706543,61.9343299866,2.18039321899,0.11693379283,-3.13593435287,-19.6208648682,23.4764728546,25.7870559692,-5.54232978821,26.081703186,91.2781524658,27.8722743988,7.30654287338],[10.0195474625,-2.18060469627,13.1759738922,3.61125874519,-9.12045192719,10.7542581558,11.0342721939,4.70184659958,1.97471356392,7.03131055832,27.8722743988,64.6196365356,19.2939910889],[-62.0072288513,32.8931922913,20.5440044403,15.7343254089,16.5945396423,-3.4713447094,3.29740476608,5.14472675323,11.1109857559,14.9512586594,7.30654287338,19.2939910889,62.0424041748]],"icov":[[0.0000764436190366,0.0000238773009187,0.000095550014521,0.00000947456828726,0.00000890896444616,0.0000160794879775,0.0001304961188,-0.000138169765705,0.0000579504521738,-0.0000251917008427,0.0000682247409713,-0.0000873664976098,0.0000475650012959],[0.0000238773009187,0.000576108752284,-0.000075869866123,-0.000159459872521,-0.000183064519661,0.0000336770608556,-0.000319627462886,-0.000198006004211,0.000160990734003,0.0000928750159801,-0.000316154619213,0.000267340888968,-0.000228873512242],[0.000095550014521,-0.000075869866123,0.00130200944841,-0.000194655716768,0.000139212657814,-0.000392084417399,-0.00039204917266,0.000533576763701,-0.000499335525092,0.0000506642609253,-0.0000641118895146,-0.0000537331288797,-0.000227153213928],[0.00000947456828726,-0.000159459872521,-0.000194655716768,0.00452728942037,-0.00123636797071,-0.000418286101194,0.00126028084196,-0.000898501370102,0.000637317891233,-0.00128404493444,0.000482846662635,-0.000443960481789,-0.000398367526941],[0.00000890896444616,-0.000183064519661,0.000139212657814,-0.00123636797071,0.00501198414713,-0.00150109257083,0.00178796134423,-0.000281147076748,-0.000574801990297,0.00107247976121,-0.00109184987377,0.00156603148207,-0.00163678079844],[0.0000160794879775,0.0000336770608556,-0.000392084417399,-0.000418286101194,-0.00150109257083,0.00784247368574,-0.0040082023479,0.00245409854688,-0.00201832316816,0.000614326272625,0.00226775440387,-0.00242534466088,0.00178452697583],[0.0001304961188,-0.000319627462886,-0.00039204917266,0.00126028084196,0.00178796134423,-0.0040082023479,0.0110205644742,-0.00474876631051,0.00127071025781,-0.000627412693575,-0.001796270255,0.000396450777771,-0.000772461586166],[-0.000138169765705,-0.000198006004211,0.000533576763701,-0.000898501370102,-0.000281147076748,0.00245409854688,-0.00474876631051,0.0114578669891,-0.00183627614751,0.00133780308533,-0.00203542388044,0.000374482566258,-0.000337443110766],[0.0000579504521738,0.000160990734003,-0.000499335525092,0.000637317891233,-0.000574801990297,-0.00201832316816,0.00127071025781,-0.00183627614751,0.0124729853123,-0.00601192424074,0.00228495406918,-0.000214086190681,-0.000885653367732],[-0.0000251917008427,0.0000928750159801,0.0000506642609253,-0.00128404493444,0.00107247976121,0.000614326272625,-0.000627412693575,0.00133780308533,-0.00601192424074,0.0150275100023,-0.00507635157555,0.00162640411872,-0.00254831975326],[0.0000682247409713,-0.000316154619213,-0.0000641118895146,0.000482846662635,-0.00109184987377,0.00226775440387,-0.001796270255,-0.00203542388044,0.00228495406918,-0.00507635157555,0.0163482595235,-0.00726801669225,0.00196679658256],[-0.0000873664976098,0.000267340888968,-0.0000537331288797,-0.000443960481789,0.00156603148207,-0.00242534466088,0.000396450777771,0.000374482566258,-0.000214086190681,0.00162640411872,-0.00726801669225,0.0210421234369,-0.00674672331661],[0.0000475650012959,-0.000228873512242,-0.000227153213928,-0.000398367526941,-0.00163678079844,0.00178452697583,-0.000772461586166,-0.000337443110766,-0.000885653367732,-0.00254831975326,0.00196679658256,-0.00674672331661,0.0197090003639]],"mean":[-671.221801758,131.11491394,25.7099514008,23.1192531586,7.69166660309,-1.50431525707,0.5526227355,7.03764152527,-0.547498822212,1.96341454983,0.772716760635,-0.123984798789,-0.975489497185]},"pitch_salience":{"dmean":0.0844097882509,"dmean2":0.13911165297,"dvar":0.00660854019225,"dvar2":0.0175042785704,"max":0.954521238804,"mean":0.565768301487,"median":0.585044980049,"min":0.0362112335861,"var":0.0165663193911},"silence_rate_20dB":{"dmean":0,"dmean2":0,"dvar":0,"dvar2":0,"max":1,"mean":1,"median":1,"min":1,"var":0},"silence_rate_30dB":{"dmean":0.033857524395,"dmean2":0.0677208676934,"dvar":0.0327136330307,"dvar2":0.0835846439004,"max":1,"mean":0.976370513439,"median":1,"min":0,"var":0.0230713002384},"silence_rate_60dB":{"dmean":0.0139211136848,"dmean2":0.0278446208686,"dvar":0.013727394864,"dvar2":0.0293011832982,"max":1,"mean":0.0944320335984,"median":0,"min":0,"var":0.0855100676417},"spectral_centroid":{"dmean":244.691421509,"dmean2":395.922912598,"dvar":122948.671875,"dvar2":309353.34375,"max":11679.0898438,"mean":1141.30944824,"median":1008.72802734,"min":89.2479782104,"var":1200868.75},"spectral_complexity":{"dmean":3.77038764954,"dmean2":5.93606042862,"dvar":26.4141616821,"dvar2":56.6540527344,"max":64,"mean":17.8135414124,"median":16,"min":0,"var":131.794143677},"spectral_contrast_coeffs":{"dmean":[0.0537685267627,0.0470902323723,0.0389153920114,0.0289108939469,0.0230279192328,0.0177842862904],"dmean2":[0.0880215093493,0.0773691385984,0.0636601001024,0.0474272891879,0.036798749119,0.0282003246248],"dvar":[0.00215976848267,0.00149627914652,0.00107617105823,0.000568247167394,0.000496693886817,0.000326940586092],"dvar2":[0.00558902975172,0.00396024435759,0.00281335506588,0.00151385786012,0.00114480289631,0.000753796135541],"max":[-0.312439858913,-0.422940522432,-0.43446969986,-0.593424975872,-0.530585646629,-0.611484110355],"mean":[-0.650433242321,-0.755062580109,-0.781387388706,-0.801882147789,-0.79353582859,-0.800557971001],"median":[-0.65582382679,-0.758759975433,-0.785139560699,-0.802561998367,-0.803339362144,-0.797674059868],"min":[-0.980839371681,-0.97853410244,-0.974579751492,-0.973221898079,-0.967866063118,-0.964456439018],"var":[0.00697809271514,0.00501894624904,0.0042074508965,0.00280251796357,0.00397616717964,0.00171976094134]},"spectral_contrast_valleys":{"dmean":[0.398997336626,0.384857803583,0.390147954226,0.371516108513,0.342480808496,0.458918720484],"dmean2":[0.648540496826,0.62158536911,0.613749742508,0.584689199924,0.520700454712,0.637522220612],"dvar":[0.14317637682,0.17668171227,0.219189837575,0.251154124737,0.262699842453,0.413922905922],"dvar2":[0.315608531237,0.395370215178,0.486644595861,0.554288625717,0.57557451725,0.907542526722],"max":[-5.04528474808,-4.4517621994,-5.00804138184,-5.69593429565,-5.30687761307,-7.29044723511],"mean":[-7.09702301025,-6.71152496338,-7.6265835762,-8.29337406158,-8.18349552155,-10.3045730591],"median":[-6.62482357025,-6.21266412735,-7.12236213684,-7.77930736542,-7.59604263306,-9.86280059814],"min":[-28.1161270142,-27.8917217255,-27.6915340424,-27.8549633026,-27.5900535583,-27.3886604309],"var":[4.86926460266,5.12559986115,4.90904045105,4.88151311874,5.15927505493,4.63483095169]},"spectral_decrease":{"dmean":3.49974871305e-9,"dmean2":5.63211877136e-9,"dvar":3.10035168344e-17,"dvar2":7.53335618467e-17,"max":5.85108191523e-17,"mean":-8.19211987135e-9,"median":-6.69898536643e-9,"min":-6.90691379646e-8,"var":5.1232963177e-17},"spectral_energy":{"dmean":0.0138002904132,"dmean2":0.0221617054194,"dvar":0.000488798250444,"dvar2":0.00117728929035,"max":0.265693992376,"mean":0.0327270925045,"median":0.0269212163985,"min":1.00308396255e-20,"var":0.000812777259853},"spectral_energyband_high":{"dmean":0.000741340219975,"dmean2":0.00112773641013,"dvar":0.00000546229739484,"dvar2":0.0000135615719046,"max":0.0266793724149,"mean":0.000983701902442,"median":0.00027640897315,"min":7.08554834777e-21,"var":0.00000590527724853},"spectral_energyband_low":{"dmean":0.00931338313967,"dmean2":0.015257075429,"dvar":0.000307749694912,"dvar2":0.000783456722274,"max":0.236616298556,"mean":0.0149576216936,"median":0.00889329425991,"min":1.40092845748e-23,"var":0.000385372404708},"spectral_energyband_middle_high":{"dmean":0.00144233566243,"dmean2":0.00233267480507,"dvar":0.00000888658996701,"dvar2":0.000021948124413,"max":0.0686063244939,"mean":0.0037204711698,"median":0.00217386032455,"min":1.21975707795e-21,"var":0.0000209490062844},"spectral_energyband_middle_low":{"dmean":0.00674244854599,"dmean2":0.011261577718,"dvar":0.000126888175146,"dvar2":0.000341585691785,"max":0.138805985451,"mean":0.0147164743394,"median":0.0120672909543,"min":1.54749051485e-22,"var":0.000174776636413},"spectral_entropy":{"dmean":0.234312102199,"dmean2":0.362963497639,"dvar":0.12286593765,"dvar2":0.28998541832,"max":9.81882476807,"mean":7.43725299835,"median":7.58628177643,"min":3.20686531067,"var":0.566637933254},"spectral_flux":{"dmean":0.0291671529412,"dmean2":0.0452405512333,"dvar":0.00156815361697,"dvar2":0.00316200498492,"max":0.459397226572,"mean":0.0909298807383,"median":0.0820893496275,"min":6.31056179534e-11,"var":0.00377767370082},"spectral_kurtosis":{"dmean":3.7277879715,"dmean2":6.03813457489,"dvar":168.18321228,"dvar2":366.082366943,"max":302.413635254,"mean":8.09645080566,"median":3.95603132248,"min":-1.41725671291,"var":380.109802246},"spectral_rms":{"dmean":0.00104125414509,"dmean2":0.00163040996995,"dvar":0.00000178707159648,"dvar2":0.00000406038680012,"max":0.0161001123488,"mean":0.00510348705575,"median":0.00512490002438,"min":3.12828777639e-12,"var":0.00000588322654949},"spectral_rolloff":{"dmean":511.167388916,"dmean2":878.052001953,"dvar":1286325.375,"dvar2":3107342.5,"max":19552.1484375,"mean":1341.91003418,"median":667.529296875,"min":86.1328125,"var":5748447},"spectral_skewness":{"dmean":0.353618264198,"dmean2":0.562815129757,"dvar":0.55601888895,"dvar2":1.25874435902,"max":14.7261800766,"mean":1.93117427826,"median":1.61710357666,"min":-0.194242373109,"var":1.85608971119},"spectral_spread":{"dmean":916329.0625,"dmean2":1373080.25,"dvar":2321786077180,"dvar2":5499551481860,"max":42198804,"mean":5335528,"median":4835432,"min":380095.46875,"var":14921343434800},"spectral_strongpeak":{"dmean":0.310789257288,"dmean2":0.523539543152,"dvar":0.268576800823,"dvar2":0.686194956303,"max":8.16156864166,"mean":0.540009081364,"median":0.37240844965,"min":0,"var":0.376279443502},"zerocrossingrate":{"dmean":0.010405337438,"dmean2":0.0125389583409,"dvar":0.000162496537087,"dvar2":0.000200320326257,"max":0.57275390625,"mean":0.0573818162084,"median":0.04541015625,"min":0.00341796875,"var":0.00382551597431}},"metadata":{"audio_properties":{"analysis_sample_rate":44100,"bit_rate":197937,"codec":"mp3","downmix":"mix","equal_loudness":0,"length":270.210601807,"lossless":false,"md5_encoded":"66e927ca88b2ab08b54d56f9e82feaa7","replay_gain":-6.96204376221,"sample_rate":44100},"tags":{"acoustid_fingerprint":["AQADtGrCZImkLHhfhIs2NJt26PGDM8UfNHUeBn2y48OfBM8EzXaCP1XQkMfJRDvCaEmeom84XMxYpJV0nMlyPOkzXCv045RhZwmuPcPjNMEZQ-PzoJmcExcj40yD0ElyNM-Dp0-RH1YUQZcf_DlOOvgP2y8-Bb9wJoF-lHKaBCZnoSSJ-kcYUaxw9UFziQitJYeqKTry-DhT40FN5WiYJIqM_wmeIuaDhGIvnNvx7PgFV1GOhzGOQHSkI0-U4yf84coutEorNKGIL7mRS9kDtUwQ87iB8_D24EpuXEjrQGYfhN4uNM_xHs_RbD36IDzOC9ompshx83hyeNKDT6KDM9EHP8Yz5LMhfilyHcejHM20HeH5QV6I_DjxHe9h7gou_XiOHOKHuEb3odnx6YSPkxUe5NqhUUeao3mUHsclmKeCzydurUgd6YU-4j7Sx_jxHOUioen44D7iMpB95D6eo9TR8AqepXiOJuURWoyhH2lM_CouHa10_EH5I0zKWCk0bynyMsfN42i6G-UaJ8hD2FkC1Uc-Hv7wy8inoz-aLM4DXQuuHLFk4zROKT0OM3nwaDxuxN6RsEl2XIzxEN6PZ8f34ClCfTmSRfh1XMdxCU0WlBMfvMePhM7yIC_-wwpp4ceVGz38HPWVISeTQ10Qnug_HE3zFG2U7HiOSiSajjgf5OohnkfO49HxROKLfxVqHWGaQkd-_GiaPSh1hziaJFaOZE545NfQL2jyGBe-ox0P70f_CHlxCo-ET4lQ94GWZ3mQ08Rha3nwpJGL_-iP5g2-43nxOUJfykh_6EVF6ugyQkwvhJ_x3HgeuC-e48JxpkITbk-QbAyCGz2TKmiU7rhEHMl_pI6U47vwXWg8HbWS_fiR59CZPUhDJ1Tw49vxSLimL_CRa1kPWSNyuM7x5gseovnRS8FP_McRPkokJEvoJziPL8dtB42bo7vwHKeJ1K4OnQ_yH8_hn7jCF-fxxwiZhRe09Cry48qGi6kI419wJRSO_B8axqkCTSJxQYu8IPyHHz6OR0dIDk0PPQjl44bzw93Q5yh1mFsenFkqNG2ON93wDX0QJh905Aq-KLNQ_kGjFW-OXDSh78iPWkezV8GXD4fPI1AP67gmnEe6B9eN7wlKbUGTC11JNBGZ4vnRbA-S-Ud-2DrOtcPjo3lKVN9x4TlOCS2ZJniMH6646Gh7fId94qoevBeaK-giZQ8e4Uh-BeVThLmGL8en4Zfh-PiIZzaSJduTIPR24j1xh-g9NJUl4WKy48fxSAkSnnGCPAu-HH9y2JPx4-Px5jD3IaZ06MqRw-Ib4lHm4UllHCeaOpwR9hcSUzm-KBMaazYqHy91vBbCVAyVQDvi68QJaxkujUf-TNCLvA-a5aiP53h-NEdl4cGPUE-h58jZtPjxoexxZjmao-VxHW909EeY6MF3nEdzVFeCQw6aUBLaZcFdfEHZpYOPH6_wFCoaPjgzFUdzouwy_OjRvMMXXDf2o-uxheNRVtCHS8eHZmXQFqfRDs1EQf2RH1azdDhp3PhRUobPCyF5HM9xPsKP5lm