{"lowlevel":{"average_loudness":0.923818171024,"barkbands":{"dmean":[0.0000768526515458,0.00181681278627,0.00099963566754,0.000713021086995,0.000989891588688,0.000532574777026,0.000871532713063,0.00163184688427,0.000832921534311,0.000615367142018,0.000500421272591,0.000670519133564,0.00046295352513,0.000506972661242,0.000539883621968,0.000227735203225,0.000310609641019,0.000177426103619,0.000164683020557,0.000137351977173,0.0000849745338201,0.0000471828752779,0.000026721820177,0.0000225064341066,0.0000105720882857,0.00000437453309132,0.00000108354390704],"dmean2":[0.000113000540296,0.00294037396088,0.00167760893237,0.00118167721666,0.00165611458942,0.000888782495167,0.00134970643558,0.00245090178214,0.00123529997654,0.000906543224119,0.00078501587268,0.00100144452881,0.000721249030903,0.000789487559814,0.000838230713271,0.000354981078999,0.000491482729558,0.000282496475847,0.000259402120719,0.000216895248741,0.000129899024614,0.0000714488269296,0.0000396238574467,0.0000314322824124,0.0000148998915392,0.00000625616803518,0.00000157357294484],"dvar":[2.02183478848e-8,0.00000702592024027,0.00000236263304032,0.00000123099641769,0.00000189128286365,5.48779212295e-7,0.00000254701694757,0.0000106073021016,0.00000396269933844,0.00000203845411306,0.00000169783265846,0.00000196455403056,9.05551985397e-7,0.00000100669501535,0.0000011527214383,2.27976784117e-7,2.06637992051e-7,8.96949643447e-8,7.04946643282e-8,4.86457807369e-8,2.3149651085e-8,1.50424028789e-8,7.15881354196e-9,8.38603941844e-9,1.36315470023e-9,2.20444204557e-10,1.27459501287e-11],"dvar2":[4.01840409836e-8,0.0000177216625161,0.00000625159418632,0.00000319848618346,0.00000511953976456,0.00000150086475514,0.00000528295231561,0.000021961692255,0.00000778184676165,0.00000390936565964,0.00000407937295677,0.00000428632347393,0.00000218509262595,0.00000225746680371,0.00000268547864835,4.91363550736e-7,4.92563856369e-7,2.15435818518e-7,1.62603541298e-7,1.15070243112e-7,5.4939821581e-8,3.22950128862e-8,1.38079645495e-8,1.28444632708e-8,2.21349871765e-9,3.98636207377e-10,2.26601445941e-11],"max":[0.00179230992217,0.0263411588967,0.0303862728179,0.0166692249477,0.020144559443,0.018950169906,0.043904941529,0.0781968832016,0.0786758437753,0.0469325147569,0.0310813579708,0.0348236709833,0.0231239218265,0.0203384738415,0.0256552137434,0.0175029411912,0.00777582405135,0.00723805092275,0.0059775300324,0.00412529194728,0.00462267221883,0.00603369669989,0.00337055092677,0.0038830996491,0.00161472521722,0.000652975344565,0.00016502548533],"mean":[0.0000988878236967,0.00378409214318,0.00216097012162,0.00137950363569,0.00177477416582,0.0010458099423,0.00171312654857,0.00349404709414,0.0016343628522,0.00120613072067,0.00088595028501,0.00127595977392,0.000804999726824,0.000880943203811,0.00108585029375,0.000448906881502,0.000654987234157,0.000326103938278,0.000359819328878,0.000298729399219,0.000203084317036,0.000108548731077,0.0000535620383744,0.0000409083586419,0.0000205526102945,0.0000101804735095,0.00000231684862229],"median":[0.0000150170344568,0.0030410962645,0.00127440004144,0.000690989429131,0.00120620965026,0.00074099691119,0.000794489693362,0.00150610285345,0.000597731850576,0.00038041404332,0.000262220593868,0.000409875094192,0.000297512160614,0.000349453359377,0.000441991840489,0.000207955090445,0.000395261275116,0.000175255394424,0.000205052405363,0.000167236314155,0.000108828789962,0.0000656194024486,0.0000280421827483,0.000017313819626,0.0000101348659882,0.00000637384937363,0.00000142837609474],"min":[7.4833751495e-25,3.26941232801e-24,1.97091927346e-24,1.88893867882e-24,6.59756402789e-24,7.61055136034e-24,8.24372583275e-24,6.70163055851e-24,7.68299087954e-24,1.1279075636e-23,2.04128897942e-23,1.66022893029e-23,3.13891793155e-23,2.85146522184e-23,4.81905408233e-23,5.04521072198e-23,7.47478145657e-23,6.58293002701e-23,1.19241993001e-22,1.69108604501e-22,2.71716613346e-22,3.10898009222e-22,3.84501180303e-22,5.3179696036e-22,8.44496071557e-22,1.28545684726e-21,1.98920619889e-21],"var":[3.26241931248e-8,0.000011491796613,0.0000065449480644,0.00000279722121377,0.0000032206328342,0.00000122968026517,0.00000780328628025,0.000038487243728,0.0000161929820024,0.00000734024752091,0.00000416825741922,0.00000607465653957,0.00000204749903787,0.00000243850195147,0.00000338826498592,6.44009730877e-7,6.48712841667e-7,1.87623257375e-7,2.35424550965e-7,1.42705516737e-7,7.89119454225e-8,3.14018429037e-8,1.51854582242e-8,2.21284608415e-8,3.40501826734e-9,4.65894212098e-10,2.70049278078e-11]},"barkbands_crest":{"dmean":1.94353210926,"dmean2":3.13739705086,"dvar":3.84590435028,"dvar2":9.49674320221,"max":24.7034816742,"mean":8.13236236572,"median":7.31095170975,"min":2.44670367241,"var":11.8228588104},"barkbands_flatness_db":{"dmean":0.0143968053162,"dmean2":0.021092703566,"dvar":0.000207287594094,"dvar2":0.000419307587435,"max":0.390108972788,"mean":0.115788266063,"median":0.109580732882,"min":0.025732524693,"var":0.00135613128077},"barkbands_kurtosis":{"dmean":1.13024151325,"dmean2":1.73330354691,"dvar":4.08247900009,"dvar2":8.29111099243,"max":116.50642395,"mean":1.30047869682,"median":0.284765779972,"min":-1.83846020699,"var":14.1999969482},"barkbands_skewness":{"dmean":0.328923940659,"dmean2":0.494290620089,"dvar":0.116805121303,"dvar2":0.24417412281,"max":8.38200473785,"mean":0.891692101955,"median":0.802125632763,"min":-2.9079387188,"var":0.669833421707},"barkbands_spread":{"dmean":4.07070922852,"dmean2":6.04394817352,"dvar":21.7191753387,"dvar2":44.7479820251,"max":103.18082428,"mean":22.2001838684,"median":21.4881095886,"min":0.802004158497,"var":93.03074646},"dissonance":{"dmean":0.0183139853179,"dmean2":0.0308642257005,"dvar":0.000299606355838,"dvar2":0.000817940221168,"max":0.499999910593,"mean":0.461701571941,"median":0.467213332653,"min":0.250396221876,"var":0.000713149551302},"dynamic_complexity":2.82605409622,"erbbands":{"dmean":[0.0544657222927,0.429298728704,1.08647334576,1.64726543427,2.97454094887,3.84411001205,3.74094772339,4.63395786285,9.12320709229,19.4751605988,39.9049835205,19.3516044617,17.2888526917,20.1247806549,17.1855010986,30.9331035614,17.7614707947,28.2959671021,25.6719436646,19.8215084076,12.6814575195,13.3845558167,9.67729473114,7.4506278038,8.51560497284,6.48827409744,4.15201663971,2.70219349861,1.81630909443,1.11193215847,0.745335876942,0.54508459568,0.337791711092,0.15446396172,0.0590144135058,0.0229360964149,0.00790410488844,0.00170586328022,0.00016904232325,0.0000145765370689],"dmean2":[0.0865457877517,0.710150778294,1.80350422859,2.73929548264,4.93252229691,6.55739736557,6.35983562469,7.61620140076,14.5384902954,30.2235336304,58.9713821411,28.0504436493,25.5584449768,30.3137874603,26.564661026,45.8958778381,27.5497970581,44.0015716553,39.3770256042,30.5122470856,19.7333393097,21.0569801331,15.3321790695,11.7378082275,13.3524866104,10.2718477249,6.43497180939,4.16164159775,2.75933027267,1.69422709942,1.09627306461,0.773517251015,0.477958202362,0.22039167583,0.084529325366,0.0331580415368,0.0115511352196,0.0024752158206,0.000245859322604,0.0000202013761736],"dvar":[0.00848549045622,0.388621777296,2.62758159637,6.11014175415,20.8488731384,33.6937026978,31.7436790466,49.784866333,274.92666626,1451.99511719,7637.89208984,2334.39550781,1238.87902832,2474.76513672,1918.56738281,4137.76757813,1387.30932617,3115.92333984,3086.52514648,1503.55151367,495.353424072,355.64956665,257.719940186,186.685562134,182.141860962,109.846580505,63.6343994141,21.2133789063,21.6012401581,9.67593288422,6.86185932159,4.10665178299,2.2889444828,0.340353637934,0.0379516817629,0.00711192144081,0.000583111541346,0.0000202784267458,3.58962239488e-7,1.59046142922e-9],"dvar2":[0.0199980791658,1.02809333801,6.80628585815,16.0061855316,54.4028205872,94.1705093384,87.0242385864,133.531921387,619.483215332,3149.17675781,15517.015625,4417.69628906,2612.97460938,4983.41552734,4724.90332031,8888.88183594,3338.84667969,7335.5703125,6756.03125,3598.67993164,1111.90454102,855.667358398,632.885498047,422.60067749,403.793121338,268.753875732,161.728134155,48.0577201843,47.8514900208,20.4444408417,13.1585330963,6.96929502487,3.64656949043,0.562038600445,0.0584470927715,0.0136560443789,0.00105921528302,0.0000335907971021,6.74440968851e-7,2.98297075929e-9],"max":[0.93270277977,7.04270935059,29.4651165009,34.3124389648,63.0092811584,89.9552688599,105.300971985,190.445175171,672.220947266,908.407470703,2120.63671875,1942.20227051,648.696838379,1668.33361816,1213.3182373,1575.16833496,1190.61401367,1126.32727051,1580.58227539,1341.5201416,1083.51220703,355.994934082,432.634887695,427.213684082,305.430511475,190.549072266,270.79800415,134.282424927,227.11517334,133.886489868,105.322433472,78.414390564,80.8566741943,27.0120697021,9.76978492737,3.37427210808,1.06852972507,0.201959401369,0.0286674443632,0.00240791658871],"mean":[0.0860328897834,0.921503543854,2.63673496246,3.53629541397,5.50123119354,6.03743600845,5.82348060608,9.34974861145,19.2198600769,37.9520225525,86.154624939,41.8149871826,35.2012710571,41.9266891479,34.0235328674,61.0948524475,35.3854675293,52.6453552246,53.3485679626,43.0872917175,28.1821575165,30.2606601715,20.6083908081,16.0720462799,19.6332359314,14.377696991,9.52675437927,6.53021764755,4.17994737625,2.37967252731,1.45899057388,0.977735161781,0.602583348751,0.285594582558,0.11765730381,0.0486562140286,0.0179368425161,0.00400993507355,0.000369294808479,0.0000501976537635],"median":[0.0534089654684,0.732514500618,1.64608728886,2.51852846146,3.36831068993,3.68076276779,3.97999811172,6.12957143784,10.4559144974,19.0157413483,31.1143417358,19.1045818329,14.4409675598,15.1776094437,14.8774194717,20.1452045441,17.3991203308,23.0573863983,19.4305801392,20.6552944183,16.5643062592,19.3813362122,12.3749933243,9.7064447403,11.1784324646,8.24291706085,5.12950515747,3.75194168091,2.52246165276,1.42316198349,0.7190143466,0.425329566002,0.24362654984,0.133813306689,0.0600973144174,0.0281364247203,0.0114403003827,0.0026065048296,0.000231234414969,0.0000424899262725],"min":[1.24644162967e-22,7.77240188915e-22,2.19294264169e-21,8.10918274022e-21,1.22147216506e-20,1.43139049047e-20,2.80394485181e-20,9.07705094221e-20,1.07305752932e-19,2.17075922478e-19,1.52893647506e-19,1.96987207992e-19,2.79318084097e-19,8.41118864368e-19,9.91378342289e-19,1.14263203961e-18,1.70518289175e-18,1.87089994547e-18,1.72059254278e-18,3.39057983004e-18,2.60840301269e-18,5.16057470093e-18,3.71132821154e-18,5.77808239899e-18,7.57811674741e-18,8.56694582245e-18,9.33910238066e-18,1.10090079838e-17,1.09026309027e-17,9.04270536921e-18,1.19576666868e-17,1.11720568631e-17,1.0125315219e-17,9.56618000241e-18,5.99056772756e-18,4.39445945632e-18,2.21396855504e-18,9.63188544001e-19,2.74565440339e-19,2.8523879089e-20],"var":[0.0112513853237,0.680832147598,8.00217723846,12.2354698181,39.6963310242,47.059753418,40.0934562683,121.298171997,818.328674316,3652.72241211,27787.1464844,9085.09375,3585.72705078,8817.87695313,4459.23095703,13569.6689453,3233.09448242,7277.62548828,9399.93945313,4893.37353516,1427.8861084,1172.71594238,638.009033203,479.452667236,713.920227051,309.018920898,181.277511597,73.0412902832,43.5339431763,19.1729679108,14.0634870529,9.73714351654,5.96007680893,0.821304142475,0.0956046432257,0.0138733945787,0.00124194426462,0.0000517010594194,6.93799847795e-7,3.45670758684e-9]},"erbbands_crest":{"dmean":2.53581833839,"dmean2":3.98377037048,"dvar":6.26078748703,"dvar2":13.8459920883,"max":32.2586097717,"mean":9.59435367584,"median":8.4030046463,"min":2.31191301346,"var":22.8077278137},"erbbands_flatness_db":{"dmean":0.0136295771226,"dmean2":0.0195851717144,"dvar":0.000187460813322,"dvar2":0.000345461652614,"max":0.324236363173,"mean":0.16173748672,"median":0.159740775824,"min":0.0506304427981,"var":0.0010609831661},"erbbands_kurtosis":{"dmean":0.673430860043,"dmean2":1.04353952408,"dvar":1.06148946285,"dvar2":2.27142000198,"max":42.6924324036,"mean":0.323267042637,"median":-0.109067648649,"min":-1.59243309498,"var":3.37079262733},"erbbands_skewness":{"dmean":0.290653914213,"dmean2":0.437178105116,"dvar":0.0751987844706,"dvar2":0.160641953349,"max":5.41139364243,"mean":0.2733913064,"median":0.219145268202,"min":-2.43176031113,"var":0.397141218185},"erbbands_spread":{"dmean":5.12578058243,"dmean2":7.73822546005,"dvar":31.2977619171,"dvar2":65.6646728516,"max":114.195266724,"mean":29.4667396545,"median":27.9771690369,"min":2.53302621841,"var":139.063583374},"gfcc":{"cov":[[16901.2402344,549.108947754,-1812.39233398,446.004638672,-566.625305176,222.433197021,-203.047714233,101.633773804,-219.746551514,138.884307861,-248.942123413,-72.9672088623,-194.832977295],[549.108947754,779.482727051,10.2782363892,-57.7209587097,72.4386062622,-40.1903152466,-10.7501888275,0.925386369228,18.6234836578,-16.0083007813,11.6089000702,2.09270095825,-6.37110090256],[-1812.39233398,10.2782363892,528.472595215,99.6199188232,41.0742607117,15.4423589706,22.2409858704,-1.50954115391,42.1620635986,-24.7944087982,40.1886100769,4.77827692032,21.3821716309],[446.004638672,-57.7209587097,99.6199188232,242.10774231,27.6822624207,9.7410774231,-8.00908470154,4.79732942581,-9.08573055267,2.10660862923,-1.8653485775,-7.95256328583,-1.44030153751],[-566.625305176,72.4386062622,41.0742607117,27.6822624207,179.927566528,17.474357605,16.45835495,1.66076231003,22.7434101105,9.02900981903,15.410774231,7.13138055801,17.0664253235],[222.433197021,-40.1903152466,15.4423589706,9.7410774231,17.474357605,125.179801941,52.8422050476,3.51520323753,-9.80502796173,5.37719917297,12.8630523682,13.8239269257,7.13002300262],[-203.047714233,-10.7501888275,22.2409858704,-8.00908470154,16.45835495,52.8422050476,126.666183472,28.2354946136,-11.4036512375,3.88501787186,13.1339159012,14.2363672256,8.83731269836],[101.633773804,0.925386369228,-1.50954115391,4.79732942581,1.66076231003,3.51520323753,28.2354946136,71.3153076172,41.3905944824,10.3704853058,0.634231567383,-2.96449685097,2.84692263603],[-219.746551514,18.6234836578,42.1620635986,-9.08573055267,22.7434101105,-9.80502796173,-11.4036512375,41.3905944824,98.3285980225,38.6140060425,2.26242589951,-8.84583282471,6.51915931702],[138.884307861,-16.0083007813,-24.7944087982,2.10660862923,9.02900981903,5.37719917297,3.88501787186,10.3704853058,38.6140060425,68.1235427856,27.1588134766,1.94879460335,0.582607805729],[-248.942123413,11.6089000702,40.1886100769,-1.8653485775,15.410774231,12.8630523682,13.1339159012,0.634231567383,2.26242589951,27.1588134766,70.6110687256,33.0455093384,0.927660942078],[-72.9672088623,2.09270095825,4.77827692032,-7.95256328583,7.13138055801,13.8239269257,14.2363672256,-2.96449685097,-8.84583282471,1.94879460335,33.0455093384,58.0604629517,22.5921173096],[-194.832977295,-6.37110090256,21.3821716309,-1.44030153751,17.0664253235,7.13002300262,8.83731269836,2.84692263603,6.51915931702,0.582607805729,0.927660942078,22.5921173096,52.9690513611]],"icov":[[0.000333411648171,-0.000545443617739,0.00104706885759,-0.00116750481538,0.00108436518349,-0.00126129994169,0.000859909341671,-0.0010227013845,0.000813766906504,-0.0012801681878,0.00126773642842,-0.000703019904904,0.000629818823654],[-0.000545443617739,0.00232478138059,-0.00167240283918,0.00226406590082,-0.00243846606463,0.00255878269672,-0.00144761695992,0.00175701372791,-0.00175409845542,0.00291119446047,-0.00258113536984,0.00118061667308,-0.000676145893522],[0.00104706885759,-0.00167240283918,0.00663823727518,-0.00540456315503,0.00386674515903,-0.00394881283864,0.000975500093773,-0.0000641675724182,-0.0023830733262,0.00153615826275,-0.000976586947218,0.00043024608749,0.0000599649283686],[-0.00116750481538,0.00226406590082,-0.00540456315503,0.00950876623392,-0.00512900296599,0.00400413852185,-0.00107025250327,0.000444893696113,0.00136323645711,0.000923577114008,-0.0018331843894,0.00186914624646,-0.0012566576479],[0.00108436518349,-0.00243846606463,0.00386674515903,-0.00512900296599,0.0103642195463,-0.00477661099285,0.00132914842106,-0.000863475957885,-0.000776814122219,-0.00231894664466,0.00157629803289,-0.00084970361786,-0.000420877535362],[-0.00126129994169,0.00255878269672,-0.00394881283864,0.00400413852185,-0.00477661099285,0.0149834314361,-0.0074808485806,0.00501497043297,-0.00293780723587,0.00442964350805,-0.00517754303291,0.00159131386317,-0.00240319990553],[0.000859909341671,-0.00144761695992,0.000975500093773,-0.00107025250327,0.00132914842106,-0.0074808485806,0.0153625681996,-0.0117329163477,0.00997035112232,-0.00818083249032,0.00563351484016,-0.00389145873487,0.00163619872183],[-0.0010227013845,0.00175701372791,-0.0000641675724182,0.000444893696113,-0.000863475957885,0.00501497043297,-0.0117329163477,0.0300686899573,-0.0202357638627,0.0134451268241,-0.00959687586874,0.00525271706283,-0.00329750333913],[0.000813766906504,-0.00175409845542,-0.0023830733262,0.00136323645711,-0.000776814122219,-0.00293780723587,0.00997035112232,-0.0202357638627,0.0313299708068,-0.0230693295598,0.0132250171155,-0.00383740477264,0.00165410793852],[-0.0012801681878,0.00291119446047,0.00153615826275,0.000923577114008,-0.00231894664466,0.00442964350805,-0.00818083249032,0.0134451268241,-0.0230693295598,0.0395157858729,-0.0246930196881,0.01191427093,-0.0064050052315],[0.00126773642842,-0.00258113536984,-0.000976586947218,-0.0018331843894,0.00157629803289,-0.00517754303291,0.00563351484016,-0.00959687586874,0.0132250171155,-0.0246930196881,0.0391687974334,-0.0236293356866,0.0124981617555],[-0.000703019904904,0.00118061667308,0.00043024608749,0.00186914624646,-0.00084970361786,0.00159131386317,-0.00389145873487,0.00525271706283,-0.00383740477264,0.01191427093,-0.0236293356866,0.0365320183337,-0.0169666260481],[0.000629818823654,-0.000676145893522,0.0000599649283686,-0.0012566576479,-0.000420877535362,-0.00240319990553,0.00163619872183,-0.00329750333913,0.00165410793852,-0.0064050052315,0.0124981617555,-0.0169666260481,0.0283037275076]],"mean":[1.74332880974,99.5068283081,-126.984733582,24.6546363831,-48.6016159058,7.42961168289,-27.0411243439,9.67306232452,-16.4644851685,7.10721158981,-17.1336460114,-3.39589762688,-15.7241344452]},"hfc":{"dmean":4.9002366066,"dmean2":6.61430358887,"dvar":35.6200141907,"dvar2":64.2760009766,"max":113.501838684,"mean":21.9482765198,"median":18.8465633392,"min":1.05633631053e-16,"var":272.711639404},"melbands":{"dmean":[0.000485077529447,0.000533422862645,0.000318251404678,0.000225683543249,0.000140757576446,0.000105078208435,0.000149112354848,0.000224676652579,0.000311258714646,0.000115160386486,0.0000889032016858,0.0000847658957355,0.0000657743803458,0.0000799998815637,0.0000516250693181,0.0000489394333272,0.0000553185745957,0.000042440402467,0.0000348614521499,0.0000215468444367,0.0000175680161192,0.0000167177950061,0.0000115932216431,0.0000096751464298,0.00000610700408288,0.00000782468032412,0.00000581369477004,0.00000440008307123,0.00000305712683257,0.00000238322240875,0.00000152773634454,0.00000117223714824,8.74146508067e-7,5.93958475292e-7,4.68691098376e-7,3.91874124261e-7,3.30636481749e-7,2.60452424072e-7,1.93338962617e-7,1.16150722818e-7],"dmean2":[0.00077758799307,0.000870529795066,0.000524033908732,0.000377494259737,0.000240144814597,0.000173381835339,0.000235278610489,0.000346301443642,0.000456859299447,0.000169176593772,0.000131760098157,0.000127377192257,0.000102114521724,0.000121136690723,0.0000770503102103,0.00007626003935,0.0000864805042511,0.0000649356879876,0.0000539773282071,0.0000337154197041,0.0000278717488982,0.0000264773661911,0.0000184587224794,0.0000156261539814,0.00000972201087279,0.0000124303969642,0.0000092609479907,0.00000705348884367,0.00000485248938276,0.00000372909744328,0.00000240433428189,0.00000180449046638,0.00000134959930165,9.18566456676e-7,7.09082144112e-7,5.78196022616e-7,4.72620968139e-7,3.80197718641e-7,2.79793340496e-7,1.70012015133e-7],"dvar":[5.59390571198e-7,5.68198231576e-7,2.03631472573e-7,9.95124267433e-8,4.28166906374e-8,2.42400517436e-8,6.88670311888e-8,1.62574437468e-7,4.7146593829e-7,7.80191484751e-8,3.32743574916e-8,4.53204194173e-8,3.03083886877e-8,3.06475662626e-8,1.04972013304e-8,9.67061986046e-9,1.27806742967e-8,8.60307025619e-9,5.7018696431e-9,2.02927363802e-9,9.21414888833e-10,6.03949557032e-10,3.46205675239e-10,4.0576694782e-10,1.54343010594e-10,1.83799211961e-10,9.90258292033e-11,5.49705697628e-11,3.5335543519e-11,1.89281524482e-11,7.27706696985e-12,9.15048505717e-12,4.75183043955e-12,2.58315244195e-12,2.8391874355e-12,1.73413453736e-12,1.61723759384e-12,1.33996351341e-12,6.77159717188e-13,1.60936544581e-13],"dvar2":[0.00000137069082484,0.00000146502065945,5.34776347649e-7,2.68841290563e-7,1.18049179321e-7,6.528414076e-8,1.50686929601e-7,3.59963934216e-7,9.59041699389e-7,1.51635916268e-7,6.93099337923e-8,8.91650984158e-8,7.28721829546e-8,6.87631001028e-8,2.31020038655e-8,2.37405810566e-8,3.00614608761e-8,1.8572219318e-8,1.36496360881e-8,4.46543335642e-9,2.11315320797e-9,1.45972889332e-9,8.2288514891e-10,9.87084747273e-10,3.49022089008e-10,4.196983594e-10,2.2227762686e-10,1.40101513724e-10,8.8767222739e-11,4.66282984446e-11,1.73632774825e-11,2.16090114552e-11,9.92037962194e-12,5.72367934298e-12,5.7940028643e-12,3.20083217743e-12,2.80535750879e-12,2.27323498567e-12,1.08664824101e-12,2.8102092051e-13],"max":[0.00757762091234,0.0138317272067,0.00595530169085,0.00376503448933,0.00427528331056,0.0041645411402,0.0101569704711,0.00919564347714,0.0167109705508,0.0104145761579,0.00347403832711,0.00751674128696,0.00499002495781,0.00524011719972,0.00238397694193,0.00188756140415,0.00228684581816,0.00241128541529,0.00175470346585,0.00139993510675,0.00111788627692,0.000451302301371,0.000573144759983,0.000505931093358,0.000426786486059,0.000393714813981,0.000258257583482,0.000133991386974,0.000163880264154,0.00013375452545,0.0000706333012204,0.000150731590111,0.0000936757714953,0.0000638106866973,0.0000698155345162,0.0000553328027308,0.0000473511645396,0.0000614446908003,0.0000406699800806,0.000016779607904],"mean":[0.00090995215578,0.0013656031806,0.000700354517903,0.000408103951486,0.000220089423237,0.000209579317016,0.000318116886774,0.000453237211332,0.000665545114316,0.00023336308368,0.000173662774614,0.000170500687091,0.000118233896501,0.000147293976624,0.000101594247099,0.0000872702366905,0.0000956082512857,0.0000812272701296,0.0000690965898684,0.0000435714537161,0.0000331568408001,0.0000342196944985,0.0000235486713791,0.0000165884721355,0.0000116462269943,0.000015789137251,0.000012204693121,0.0000086628997451,0.00000619749289399,0.00000489368221679,0.00000335344270752,0.00000249529216489,0.00000173938781245,0.00000114493400361,8.59837030021e-7,6.88253635417e-7,5.59161094316e-7,4.39961723941e-7,3.35637707849e-7,2.07889556236e-7],"median":[0.000688754429575,0.00105631374754,0.000541343004443,0.000278742401861,0.000152819091454,0.000139666270115,0.000170497587533,0.00023719384626,0.000229008583119,0.0000962001504377,0.000064258412749,0.0000557032908546,0.0000371849164367,0.0000487594152219,0.0000386409592465,0.0000328695568896,0.0000365860505553,0.0000251770725299,0.0000305274043058,0.0000188613721548,0.0000178810278157,0.0000209775425901,0.0000127791645355,0.00000727258702682,0.00000642674467599,0.00000788211582403,0.00000670376493872,0.00000465250786874,0.00000311747203341,0.00000250321886597,0.00000185301541933,0.00000140994484354,0.0000010199926237,6.41761857878e-7,4.14270971305e-7,3.02908915728e-7,2.29916423677e-7,1.71054594489e-7,1.37314259518e-7,9.96653923835e-8],"min":[1.28124372339e-24,1.15713164553e-24,2.6437022547e-24,1.40361192562e-24,1.30529954366e-24,1.92882328897e-24,2.27692965986e-24,1.80528865729e-24,1.15531125038e-24,1.14998328383e-24,1.19437820621e-24,2.80656475795e-24,2.72375842316e-24,1.8301389591e-24,2.32603704007e-24,3.05633784207e-24,2.79410253059e-24,2.60277615094e-24,4.55731255833e-24,3.47896100014e-24,2.54309507637e-24,4.17186486485e-24,4.01131707671e-24,2.9797605502e-24,4.35757416042e-24,5.1540854387e-24,4.79933587292e-24,4.56974776721e-24,6.19743011094e-24,5.52395273488e-24,6.11912738305e-24,5.35690354959e-24,4.77206613471e-24,4.77119996544e-24,6.13122693162e-24,6.15642709323e-24,6.04575188038e-24,6.52384182085e-24,5.90124676204e-24,7.37503930367e-24],"var":[7.85658926361e-7,0.00000155555778747,4.04914061392e-7,1.73852995999e-7,5.38492166413e-8,5.89535069651e-8,2.21990603677e-7,4.33935298361e-7,0.00000170979410541,2.87345415018e-7,9.69827311792e-8,1.64902985489e-7,7.30823330741e-8,8.4040223669e-8,3.07127834276e-8,2.16267412867e-8,2.87985155722e-8,2.51078837721e-8,1.49076839762e-8,6.12948403145e-9,2.24836638196e-9,1.68617741991e-9,1.4375481916e-9,7.6917744396e-10,3.60088597828e-10,5.88235071763e-10,2.79150813576e-10,1.31124430758e-10,1.01815507414e-10,4.94163737708e-11,2.12350484419e-11,1.62079707294e-11,9.97424799004e-12,4.70214015294e-12,5.16358397012e-12,3.84462080227e-12,3.70452149859e-12,3.34666062224e-12,1.6857970098e-12,3.58671290368e-13]},"melbands_crest":{"dmean":2.59778499603,"dmean2":4.18825912476,"dvar":6.36355781555,"dvar2":15.391954422,"max":33.3215446472,"mean":11.8248748779,"median":11.0420866013,"min":1.00090837479,"var":21.2805290222},"melbands_flatness_db":{"dmean":0.0185609292239,"dmean2":0.026900658384,"dvar":0.000354784395313,"dvar2":0.000700756558217,"max":0.529650628567,"mean":0.180058717728,"median":0.171688780189,"min":-1.03543797536e-7,"var":0.00277928332798},"melbands_kurtosis":{"dmean":2.45217823982,"dmean2":3.767993927,"dvar":20.6986923218,"dvar2":43.7604293823,"max":231.736236572,"mean":4.89491844177,"median":2.65288376808,"min":-1.73916471004,"var":69.5603790283},"melbands_skewness":{"dmean":0.426028221846,"dmean2":0.638758182526,"dvar":0.207207918167,"dvar2":0.435929208994,"max":11.0321588516,"mean":1.64035820961,"median":1.4799028635,"min":-1.44579660892,"var":1.08513844013},"melbands_spread":{"dmean":5.57075595856,"dmean2":8.44789218903,"dvar":52.6566238403,"dvar2":107.980865479,"max":204.275161743,"mean":28.3186283112,"median":26.3270130157,"min":0.672542333603,"var":317.493713379},"mfcc":{"cov":[[7065.15771484,104.627067566,-477.349609375,66.558555603,-154.497207642,166.861312866,70.9503936768,5.07909631729,77.5555267334,90.7146377563,6.62496042252,6.77671289444,-3.13722515106],[104.627067566,919.270324707,-39.3183746338,20.1190986633,58.0824737549,-10.5304718018,-7.68821287155,18.1681690216,9.83176517487,-16.9035186768,37.5864601135,20.387802124,22.5422840118],[-477.349609375,-39.3183746338,391.892822266,79.2419128418,29.9387798309,18.6350250244,3.49816560745,30.1535892487,-6.03803491592,1.7812435627,-3.08173441887,19.8236885071,-7.20335149765],[66.558555603,20.1190986633,79.2419128418,213.635253906,61.8536338806,4.68034219742,2.18304777145,4.06762313843,1.04558217525,21.6152324677,-13.9377250671,2.04786896706,-0.647151470184],[-154.497207642,58.0824737549,29.9387798309,61.8536338806,155.70892334,21.3852329254,-28.047706604,-5.87321949005,7.19134950638,14.6431627274,5.34648656845,-4.86499738693,16.1440849304],[166.861312866,-10.5304718018,18.6350250244,4.68034219742,21.3852329254,99.858543396,55.750038147,9.49047756195,5.93955421448,-4.84151315689,6.22613716125,2.75823616982,-3.02646279335],[70.9503936768,-7.68821287155,3.49816560745,2.18304777145,-28.047706604,55.750038147,117.604469299,42.635597229,-7.80013084412,-13.5409870148,-5.342212677,10.4951982498,-6.00447225571],[5.07909631729,18.1681690216,30.1535892487,4.06762313843,-5.87321949005,9.49047756195,42.635597229,75.9239044189,17.4543418884,-6.06164264679,-1.32223641872,2.50951504707,1.47963202],[77.5555267334,9.83176517487,-6.03803491592,1.04558217525,7.19134950638,5.93955421448,-7.80013084412,17.4543418884,79.8230819702,34.9636421204,4.08717441559,-3.76041102409,-1.35270535946],[90.7146377563,-16.9035186768,1.7812435627,21.6152324677,14.6431627274,-4.84151315689,-13.5409870148,-6.06164264679,34.9636421204,79.4294433594,22.2720279694,2.98596119881,-0.450205594301],[6.62496042252,37.5864601135,-3.08173441887,-13.9377250671,5.34648656845,6.22613716125,-5.342212677,-1.32223641872,4.08717441559,22.2720279694,65.2951202393,28.2838535309,8.02241897583],[6.77671289444,20.387802124,19.8236885071,2.04786896706,-4.86499738693,2.75823616982,10.4951982498,2.50951504707,-3.76041102409,2.98596119881,28.2838535309,74.7797698975,32.2796669006],[-3.13722515106,22.5422840118,-7.20335149765,-0.647151470184,16.1440849304,-3.02646279335,-6.00447225571,1.47963202,-1.35270535946,-0.450205594301,8.02241897583,32.2796669006,69.4198913574]],"icov":[[0.000187773926882,-0.0000399752752855,0.000294047960779,-0.000217234104639,0.000390272500226,-0.000646445841994,0.000348443194525,-0.000226213087444,0.0000671224916005,-0.000315542158205,0.000181914074346,-0.000123791527585,0.00000177125434675],[-0.0000399752752855,0.00121162878349,0.00011055322102,-0.000129149993882,-0.000609719369095,0.000589295581449,-0.00024334351474,-0.000154422101332,-0.000423918972956,0.00090088613797,-0.00101249385625,0.0000040029358388,-0.000122526165796],[0.000294047960779,0.00011055322102,0.00356637989171,-0.00134493678343,0.000484515534481,-0.00214828317985,0.00201677531004,-0.00246296124533,0.00104778097011,-0.000727705482859,0.000888191687409,-0.00178303685971,0.00109767075628],[-0.000217234104639,-0.000129149993882,-0.00134493678343,0.00645404634997,-0.00294579961337,0.0014616829576,-0.00144818006083,0.000367556553101,0.000712652574293,-0.00202712137252,0.00235072057694,-0.000901702907868,0.000716792710591],[0.000390272500226,-0.000609719369095,0.000484515534481,-0.00294579961337,0.0102279232815,-0.00585179822519,0.00516640767455,-0.00165339314844,0.000953704526182,-0.00176883663516,0.0000137855640787,0.00154083222151,-0.0026240972802],[-0.000646445841994,0.000589295581449,-0.00214828317985,0.0014616829576,-0.00585179822519,0.020114088431,-0.012975782156,0.00630905898288,-0.00484100217,0.0044285338372,-0.00461510708556,0.00225163251162,-0.000028157413908],[0.000348443194525,-0.00024334351474,0.00201677531004,-0.00144818006083,0.00516640767455,-0.012975782156,0.020581535995,-0.0115911345929,0.00574273848906,-0.00279456726275,0.00435510743409,-0.00431994115934,0.00214983196929],[-0.000226213087444,-0.000154422101332,-0.00246296124533,0.000367556553101,-0.00165339314844,0.00630905898288,-0.0115911345929,0.0219173915684,-0.00807440001518,0.00483314925805,-0.00293657951988,0.00264907395467,-0.002040815074],[0.0000671224916005,-0.000423918972956,0.00104778097011,0.000712652574293,0.000953704526182,-0.00484100217,0.00574273848906,-0.00807440001518,0.0193482432514,-0.00997585617006,0.00356841273606,-0.000787933124229,0.000758357113227],[-0.000315542158205,0.00090088613797,-0.000727705482859,-0.00202712137252,-0.00176883663516,0.0044285338372,-0.00279456726275,0.00483314925805,-0.00997585617006,0.0209645070136,-0.0087409010157,0.00200250814669,-0.000120960292406],[0.000181914074346,-0.00101249385625,0.000888191687409,0.00235072057694,0.0000137855640787,-0.00461510708556,0.00435510743409,-0.00293657951988,0.00356841273606,-0.0087409010157,0.0239426903427,-0.0100295869634,0.00259557110257],[-0.000123791527585,0.0000040029358388,-0.00178303685971,-0.000901702907868,0.00154083222151,0.00225163251162,-0.00431994115934,0.00264907395467,-0.000787933124229,0.00200250814669,-0.0100295869634,0.0224873758852,-0.0101903527975],[0.00000177125434675,-0.000122526165796,0.00109767075628,0.000716792710591,-0.0026240972802,-0.000028157413908,0.00214983196929,-0.002040815074,0.000758357113227,-0.000120960292406,0.00259557110257,-0.0101903527975,0.0198564827442]],"mean":[-633.842529297,132.23298645,-17.260017395,23.8049869537,-1.6136931181,5.25721263885,-1.31717371941,1.86243653297,4.05655002594,6.70992946625,4.35316705704,4.00530576706,1.44304156303]},"pitch_salience":{"dmean":0.0600852519274,"dmean2":0.0975474640727,"dvar":0.00327167566866,"dvar2":0.00824453029782,"max":0.996077120304,"mean":0.557171523571,"median":0.556950926781,"min":0.196518421173,"var":0.00960670877248},"silence_rate_20dB":{"dmean":0,"dmean2":0,"dvar":0,"dvar2":0,"max":1,"mean":1,"median":1,"min":1,"var":0},"silence_rate_30dB":{"dmean":0.000231535072089,"dmean2":0.000463123782538,"dvar":0.000231477650232,"dvar2":0.000694455928169,"max":1,"mean":0.99988424778,"median":1,"min":0,"var":0.000115739785542},"silence_rate_60dB":{"dmean":0.0173651315272,"dmean2":0.0347342826426,"dvar":0.0170663073659,"dvar2":0.0381631329656,"max":1,"mean":0.0439865738153,"median":0,"min":0,"var":0.0420545935631},"spectral_centroid":{"dmean":202.474731445,"dmean2":304.904693604,"dvar":57078.1289063,"dvar2":109569.132813,"max":11501.375,"mean":1503.85424805,"median":1405.78649902,"min":164.301483154,"var":1071513.375},"spectral_complexity":{"dmean":3.31581377983,"dmean2":4.91744804382,"dvar":11.4279127121,"dvar2":21.7974891663,"max":52,"mean":21.6516952515,"median":21,"min":0,"var":91.7366790771},"spectral_contrast_coeffs":{"dmean":[0.0450798235834,0.0445966422558,0.0384251587093,0.0317940376699,0.0235090646893,0.0167210176587],"dmean2":[0.0744822397828,0.0722726881504,0.0603611283004,0.0503676868975,0.0379229597747,0.0264811515808],"dvar":[0.00137976766564,0.00137605459895,0.00101723894477,0.000690627493896,0.000384602753911,0.00018872974033],"dvar2":[0.00367164402269,0.00345150195062,0.00235308636911,0.00160901993513,0.000918734935112,0.000442737829871],"max":[-0.341691792011,-0.405296087265,-0.493530213833,-0.526453971863,-0.599613785744,-0.631447732449],"mean":[-0.667250454426,-0.710491895676,-0.732983589172,-0.751128971577,-0.771452128887,-0.740055680275],"median":[-0.671461105347,-0.711832463741,-0.733162283897,-0.752099096775,-0.773644566536,-0.736609756947],"min":[-0.981127917767,-0.995167076588,-0.995188593864,-0.993402183056,-0.97940915823,-0.964270949364],"var":[0.00621458189562,0.00548726785928,0.0048960801214,0.00359053048305,0.00219752476551,0.0016821048921]},"spectral_contrast_valleys":{"dmean":[0.39623233676,0.348259747028,0.324832379818,0.286020338535,0.244010105729,0.272619187832],"dmean2":[0.634173214436,0.554824590683,0.506048500538,0.431940644979,0.353688925505,0.379459142685],"dvar":[0.152214109898,0.114824861288,0.105996273458,0.0899248495698,0.0853036642075,0.101418070495],"dvar2":[0.310967385769,0.232026576996,0.201808065176,0.157006651163,0.135642156005,0.161013126373],"max":[-5.52255249023,-4.94007015228,-5.23181295395,-5.82595300674,-5.9168586731,-7.63109874725],"mean":[-7.36694383621,-6.72825813293,-7.40383195877,-7.70004940033,-7.64453792572,-10.577627182],"median":[-6.99849748611,-6.45312643051,-7.13403129578,-7.42672014236,-7.36140584946,-10.3212471008],"min":[-28.0059432983,-28.3029232025,-27.6495838165,-27.6436882019,-27.5258483887,-27.4125576019],"var":[4.28011131287,4.29423141479,4.10904741287,4.04750490189,4.05021715164,3.11995577812]},"spectral_decrease":{"dmean":1.38436240249e-9,"dmean2":1.97504768096e-9,"dvar":2.27628399969e-18,"dvar2":4.40242106972e-18,"max":9.5289417788e-19,"mean":-6.29594287815e-9,"median":-5.89157478359e-9,"min":-2.68102429146e-8,"var":1.3934011274e-17},"spectral_energy":{"dmean":0.00556001253426,"dmean2":0.00788680557162,"dvar":0.0000367239772459,"dvar2":0.0000701438984834,"max":0.108740627766,"mean":0.0257531031966,"median":0.0239940583706,"min":9.89450103502e-21,"var":0.000235688290559},"spectral_energyband_high":{"dmean":0.000201158094569,"dmean2":0.000287502247375,"dvar":1.87116768302e-7,"dvar2":3.40692679401e-7,"max":0.0159419942647,"mean":0.000562109577004,"median":0.000354103394784,"min":6.76851562604e-21,"var":6.34914499642e-7},"spectral_energyband_low":{"dmean":0.00245749158785,"dmean2":0.00380341266282,"dvar":0.0000105894114313,"dvar2":0.0000245468327194,"max":0.0447612442076,"mean":0.00670527759939,"median":0.00594543246552,"min":1.59423850676e-23,"var":0.0000255907762039},"spectral_energyband_middle_high":{"dmean":0.00219238596037,"dmean2":0.00310045690276,"dvar":0.00000856648966874,"dvar2":0.0000171063929884,"max":0.0565949305892,"mean":0.00791454967111,"median":0.00588436471298,"min":1.11238909503e-21,"var":0.0000547788658878},"spectral_energyband_middle_low":{"dmean":0.00350185739808,"dmean2":0.00529156345874,"dvar":0.0000191936287592,"dvar2":0.0000420362266595,"max":0.0924250409007,"mean":0.0113780479878,"median":0.00926058366895,"min":8.37562400719e-23,"var":0.0000844048263389},"spectral_entropy":{"dmean":0.116566762328,"dmean2":0.167241901159,"dvar":0.0157752465457,"dvar2":0.0289195217192,"max":9.81984519958,"mean":7.54684782028,"median":7.56500720978,"min":5.60827350616,"var":0.13971015811},"spectral_flux":{"dmean":0.0187551677227,"dmean2":0.0279946345836,"dvar":0.00036811848986,"dvar2":0.000763121934142,"max":0.24606795609,"mean":0.0739341825247,"median":0.0700419172645,"min":6.4965810509e-11,"var":0.00139143725391},"spectral_kurtosis":{"dmean":1.47710359097,"dmean2":2.51321983337,"dvar":2.44688463211,"dvar2":6.6959643364,"max":33.6518440247,"mean":5.15189790726,"median":4.65930843353,"min":-1.26342201233,"var":6.84015703201},"spectral_rms":{"dmean":0.000549260701519,"dmean2":0.000762697134633,"dvar":3.2037399933e-7,"dvar2":5.51918958536e-7,"max":0.0102999228984,"mean":0.00473679928109,"median":0.00483826780692,"min":3.10695544813e-12,"var":0.00000268774101642},"spectral_rolloff":{"dmean":310.229522705,"dmean2":502.466491699,"dvar":318531.0625,"dvar2":620734.5625,"max":20607.2753906,"mean":1641.50964355,"median":1464.2578125,"min":64.599609375,"var":3550419},"spectral_skewness":{"dmean":0.185899034142,"dmean2":0.300651967525,"dvar":0.032291136682,"dvar2":0.0781905278563,"max":4.4121131897,"mean":1.55835294724,"median":1.5113338232,"min":-0.0633232668042,"var":0.175451427698},"spectral_spread":{"dmean":310453.6875,"dmean2":466509.84375,"dvar":356860166144,"dvar2":699617312768,"max":42959164,"mean":4053539.75,"median":3603968.75,"min":1601442.625,"var":12314298286100},"spectral_strongpeak":{"dmean":0.646301329136,"dmean2":1.08870136738,"dvar":1.05774104595,"dvar2":2.53842782974,"max":10.6587648392,"mean":1.23461604118,"median":0.437189400196,"min":0,"var":2.34414029121},"zerocrossingrate":{"dmean":0.00650095799938,"dmean2":0.00769722787663,"dvar":0.0000955431314651,"dvar2":0.000123857069411,"max":0.53125,"mean":0.0568300262094,"median":0.0517578125,"min":0.00390625,"var":0.00236817542464}},"metadata":{"audio_properties":{"analysis_sample_rate":44100,"bit_rate":256000,"codec":"mp3","downmix":"mix","equal_loudness":0,"length":200.568161011,"lossless":false,"md5_encoded":"d94f2ccbd950b0ebf4e79d39c6d8b912","replay_gain":-4.30764579773,"sample_rate":44100},"tags":{"acoustid_id":["cd0f8e3c-8f70-4398-a852-06986f8cf795"],"album":["Classic Soft Rock: Summer Breeze (Disc 1)"],"albumartist":["Chicago Transit Authority"],"artist":["Chicago"],"artistsort":["Chicago"],"asin":["B000FBNKZG"],"barcode":["610583186925"],"bpm":["59"],"catalognumber":["21230-2/OPCD-7873"],"composer":["Robert Lamm"],"contentgroup":["KEY:D mayor (3d);"],"date":["2006"],"discnumber":["1/2"],"file_name":"L:\\0 Biblioteca\\Música variada\\C\\Chicago\\Classic Soft Rock_ Summer Breeze (Disc 1)\\Chicago - Does Anybody Really Know What Time It Is.mp3","genre":["Rock"],"initialkey":["D"],"label":["Rhino Special Products;Time-Life Music"],"language":["eng"],"lyricist":["Robert Lamm"],"media":["CD"],"musicbrainz album release country":["US"],"musicbrainz album status":["official"],"musicbrainz album type":["album/compilation"],"musicbrainz_albumartistid":["89ad4ac3-39f7-470e-963a-56509c546377"],"musicbrainz_albumid":["1c5383a3-113b-4c62-b18b-e8850ca3de92"],"musicbrainz_artistid":["3f5be744-e867-42fb-8913-5fd69e4099b5"],"musicbrainz_recordingid":["e13c4a79-f214-4988-9524-b93c3a47806d"],"musicbrainz_releasegroupid":["594db935-cd23-3de2-9f0a-278b0431dc73"],"musicbrainz_workid":["2bff5d40-c2f4-3668-80cf-d7cc026f6ea0"],"musicip_puid":["df3978c1-4c6c-9596-1949-7ecbffb73041"],"originaldate":["2006"],"originalyear":["2006"],"script":["Latn"],"title":["Does Anybody Really Know What Time It Is"],"tracknumber":["4/15"],"work":["Does Anybody Really Know What Time It Is?"]},"version":{"essentia":"2.1-beta2","essentia_build_sha":"2d9f1f26377add8aeb1075a9c2973f962c4f09fd","essentia_git_sha":"v2.1_beta2-1-ge3940c0","extractor":"music 1.0"}},"rhythm":{"beats_count":392,"beats_loudness":{"dmean":0.0