{"lowlevel":{"average_loudness":0.804866075516,"barkbands":{"dmean":[0.00000223949450628,0.000260362838162,0.0013732786756,0.00180999014992,0.00396992312744,0.00150209164713,0.00167527340818,0.00141444604378,0.000778758025263,0.000553753168788,0.000196467633941,0.000232663369388,0.000332517374773,0.000143671102705,0.000138259929372,0.000101426616311,0.0000771068152972,0.0000705970451236,0.0000470128397865,0.0000361439379049,0.0000124243924802,0.0000327161687892,0.0000134012643684,0.00000401027546104,0.0000111515373646,0.000004717351203,0.00000309289066536],"dmean2":[0.0000030700662137,0.000433095090557,0.00224640616216,0.00289626326412,0.00646884460002,0.00229539978318,0.00254065589979,0.00212201103568,0.00116112269461,0.000863672001287,0.000315733486786,0.000376732874429,0.000527844764292,0.000230092249694,0.000224520350457,0.000163483287906,0.000122173543787,0.00011334237206,0.0000735433713999,0.0000554511570954,0.0000180208771781,0.000049840680731,0.0000195169213839,0.0000057689157984,0.000015732139218,0.00000677886600897,0.00000472110696137],"dvar":[7.88194343126e-10,1.68086501162e-7,0.00000317682838613,0.00000842347071739,0.0000309733659378,0.00000604728438702,0.0000107321102405,0.0000115180528155,0.0000028256990845,0.00000222975245379,3.6234706613e-7,2.90383809443e-7,4.30894544934e-7,1.05512931725e-7,1.0127660488e-7,7.06960463503e-8,2.65436543856e-8,1.90035240877e-8,8.55587334314e-9,5.79518832922e-9,9.56085211001e-10,2.42207942591e-8,2.61256838385e-9,3.54480944598e-10,3.96650445822e-9,6.62354893155e-10,1.90137863787e-10],"dvar2":[1.34277544639e-9,4.77696289636e-7,0.00000912763152883,0.0000220211386477,0.0000841657965793,0.000014486920918,0.0000254117840086,0.0000255193590419,0.00000617690102445,0.00000519087689099,9.92543050415e-7,6.72291889714e-7,0.00000103625211523,2.72487568509e-7,2.63678515466e-7,1.7518661366e-7,6.51429132859e-8,4.77510226915e-8,2.16128572816e-8,1.50327359449e-8,2.07492023563e-9,5.98766831672e-8,5.42716982466e-9,6.25961338319e-10,6.99903379697e-9,1.37181954685e-9,4.26240848173e-10],"max":[0.00174457032699,0.00806791521609,0.0316028110683,0.0425970889628,0.0763114094734,0.0480606295168,0.065917648375,0.0894578695297,0.0406938455999,0.0367494598031,0.0245380736887,0.0134716657922,0.0165829043835,0.00840143486857,0.00776399159804,0.00801532808691,0.00401935959235,0.00225388631225,0.00310807535425,0.00187767879106,0.000678016804159,0.00481492839754,0.00126548437402,0.0011239585001,0.00327087915502,0.000857953389641,0.00049231009325],"mean":[0.00000288439355245,0.000594025535975,0.002457319526,0.00317635061219,0.00748806400225,0.00334937917069,0.00320529611781,0.00263177650049,0.00154973519966,0.00101787177846,0.000299901585095,0.000393648166209,0.00059156754287,0.000247480988037,0.000242519308813,0.000181925235665,0.000135540496558,0.00013120372023,0.0000945267238421,0.0000771720006014,0.0000217354645429,0.0000393650552724,0.0000216724238271,0.00000822316815174,0.0000179890466825,0.00000752240293878,0.00000667994208925],"median":[6.10281176705e-7,0.000332508672727,0.0014931417536,0.00196111341938,0.00520261842757,0.00187235069461,0.00131402886473,0.000704429636244,0.000474244123325,0.000305335997837,0.000106727107777,0.000181840223377,0.000249685050221,0.0000924811974983,0.0000898602884263,0.0000709261948941,0.0000585395209782,0.0000620932187303,0.0000582052671234,0.0000330272305291,0.00000844677833811,0.00000650111496725,0.00000544858130525,0.00000289224112748,0.00000342631369676,0.00000187689772702,0.00000340096448781],"min":[1.70475807735e-23,2.63408229318e-23,8.59227692397e-24,3.71579834313e-24,8.53629919637e-23,5.17532859513e-23,6.37920007181e-23,7.71523067811e-23,8.32727756221e-23,3.74247036143e-23,8.25388257467e-23,3.61285704371e-23,3.5182095123e-23,9.61530819124e-23,6.00394777443e-23,1.26081252966e-22,3.11442865983e-22,1.98846439196e-22,2.99759899085e-22,3.13373442121e-22,4.05966704001e-22,4.66031860746e-22,5.02375200142e-22,8.66801776296e-22,1.27613571729e-21,1.77972129512e-21,2.62850230765e-21],"var":[1.14847342747e-9,5.9643360828e-7,0.00000813208498585,0.0000144406976688,0.0000573082288611,0.0000189029051398,0.0000293346292892,0.0000352156239387,0.00000889351849764,0.00000666758432999,5.84787073876e-7,6.04057333931e-7,0.00000101526416074,2.12768611618e-7,2.28812353953e-7,1.57512630494e-7,4.87649174374e-8,3.67630832443e-8,1.64698796823e-8,1.59257353971e-8,1.70395941801e-9,2.46088216471e-8,4.71233541077e-9,7.60461915661e-10,8.1549531572e-9,1.0579824794e-9,2.94746754781e-10]},"barkbands_crest":{"dmean":2.45087075233,"dmean2":4.01064968109,"dvar":5.09172582626,"dvar2":13.7663230896,"max":25.6718635559,"mean":10.6917161942,"median":9.85894966125,"min":3.29091978073,"var":16.6607990265},"barkbands_flatness_db":{"dmean":0.0187250692397,"dmean2":0.0288407523185,"dvar":0.000288975861622,"dvar2":0.000689851294737,"max":0.337591439486,"mean":0.17864215374,"median":0.177192315459,"min":0.0680542811751,"var":0.00141968065873},"barkbands_kurtosis":{"dmean":3.98903632164,"dmean2":6.31089115143,"dvar":26.1674728394,"dvar2":63.9868469238,"max":97.3940963745,"mean":9.73725032806,"median":6.28380250931,"min":-1.88314008713,"var":135.297149658},"barkbands_skewness":{"dmean":0.516676485538,"dmean2":0.809686005116,"dvar":0.240859523416,"dvar2":0.59810167551,"max":8.54204654694,"mean":2.01756739616,"median":2.09346580505,"min":-9.07431316376,"var":2.77798628807},"barkbands_spread":{"dmean":2.67918610573,"dmean2":4.14071846008,"dvar":14.9116439819,"dvar2":30.7831611633,"max":123.963134766,"mean":9.94121265411,"median":8.30412960052,"min":1.26581394672,"var":73.8656997681},"dissonance":{"dmean":0.022893063724,"dmean2":0.0380524247885,"dvar":0.000436125556007,"dvar2":0.00115696375724,"max":0.5,"mean":0.446590036154,"median":0.452988892794,"min":0.245289340615,"var":0.00116798176896},"dynamic_complexity":2.91371417046,"erbbands":{"dmean":[0.00232575717382,0.0885773971677,1.12946903706,3.68956661224,11.3921728134,14.0622959137,11.1361522675,13.8052406311,19.5213069916,26.1999340057,28.0135574341,20.7095470428,18.3978672028,10.6197271347,7.34442043304,10.0784816742,15.1591119766,8.15477180481,6.9600520134,4.91764688492,5.15298175812,4.17056941986,3.87701177597,2.91745734215,2.14518785477,1.61971271038,0.633796274662,0.591864943504,1.56001138687,0.452147454023,0.433153003454,0.0962615311146,0.0748692825437,0.0811944082379,0.113885290921,0.0239871144295,0.00854050274938,0.00318129896186,0.000449306418886,0.0000430980617239],"dmean2":[0.00373154156841,0.147384062409,1.85491144657,5.91667842865,18.8290710449,22.537727356,17.3393173218,20.9871807098,29.7542934418,39.4329490662,40.9781455994,30.8023033142,28.4527893066,16.401676178,11.5635881424,16.451423645,24.2372303009,12.6839456558,11.1967887878,7.85642957687,8.19113254547,6.56755495071,6.19615364075,4.60743522644,3.35475850105,2.4619846344,0.936020493507,0.863349378109,2.39634537697,0.656966209412,0.646953701973,0.135916188359,0.109028890729,0.116425283253,0.164308905602,0.0336735919118,0.0125624239445,0.00482802139595,0.000680136494339,0.0000678227443132],"dvar":[0.0000706385471858,0.0172475967556,2.17274475098,28.6421699524,305.68850708,408.272521973,488.189453125,445.727966309,1441.83642578,2952.52978516,5109.50341797,2059.48120117,2675.67895508,717.096130371,690.548095703,546.475097656,947.987915039,253.674591064,239.367263794,125.426879883,193.067489624,86.9554443359,53.1547012329,49.3626670837,18.924779892,9.76824951172,1.9793087244,2.95724391937,61.5565338135,3.03112912178,3.13134288788,0.109990090132,0.185710802674,0.375652909279,0.401685684919,0.0192496776581,0.00234542437829,0.000341512495652,0.00000480649896417,2.97059834509e-8],"dvar2":[0.000159656716278,0.0514124855399,6.34343099594,75.8989562988,830.509399414,1080.00073242,1189.58007813,1045.76599121,3498.17260742,6559.22363281,11255.3945313,4608.88427734,6258.87890625,1561.71899414,1898.37597656,1285.70788574,2375.85986328,598.343811035,607.06854248,314.48059082,470.543426514,209.031509399,130.447906494,127.191543579,50.2921409607,24.4976673126,4.41374206543,6.61341714859,153.677566528,6.68033075333,6.80107879639,0.189719930291,0.309435516596,0.575543045998,0.794917583466,0.0382380522788,0.00518848188221,0.000836849038024,0.0000108262456706,7.0513266337e-8],"max":[0.449661552906,2.37755393982,30.8620700836,77.994644165,228.716705322,292.901672363,469.858276367,502.559234619,914.875061035,1085.91174316,2482.00512695,1152.03564453,1425.66357422,1077.40136719,1067.60742188,631.730895996,768.888000488,335.464233398,302.156402588,334.758148193,438.631958008,261.387786865,142.462188721,172.219116211,207.120285034,75.2068405151,34.1649360657,32.5102386475,253.859237671,42.0477790833,52.3306503296,15.3154058456,26.7678222656,46.123046875,17.7479305267,6.35705089569,1.43376326561,0.755984723568,0.0967365130782,0.00472842063755],"mean":[0.00625074235722,0.206276714802,2.18498492241,7.43702459335,19.2033519745,25.3981456757,23.962600708,29.4012012482,39.9904975891,51.9590301514,54.9754180908,42.6139259338,35.6458129883,19.6966991425,12.7288675308,17.7634601593,27.5344028473,16.6487216949,12.8654127121,10.084815979,9.64515113831,7.93107414246,7.81432056427,5.36177015305,4.76354217529,3.41939139366,1.33858597279,0.917568147182,1.77025258541,0.691597998142,0.67983853817,0.197164356709,0.147607862949,0.141058936715,0.171031221747,0.0369675830007,0.0135420905426,0.0050283819437,0.00102158403024,0.000117440256872],"median":[0.0043650502339,0.126618042588,1.42838537693,5.04155111313,11.7720556259,16.3107910156,11.701587677,16.506269455,20.066324234,19.0581321716,17.0377693176,13.9070777893,11.5756216049,7.33799123764,5.10582590103,8.41879653931,12.1423568726,7.99019289017,5.670794487,3.93950295448,4.26715183258,3.70048737526,3.78291606903,2.96023130417,2.72502064705,1.57392334938,0.576305627823,0.287192732096,0.229328751564,0.200761675835,0.146505445242,0.0649583414197,0.0513918884099,0.0379795618355,0.0217654202133,0.00836275052279,0.00322115630843,0.00145539501682,0.000549829856027,0.0000811673817225],"min":[1.57192104484e-21,3.09323846752e-21,9.45818588012e-21,1.08736760851e-20,1.70832312785e-20,3.15962857317e-19,4.85577405144e-19,5.98949901021e-19,5.65978171612e-19,2.01863915917e-18,1.12849738409e-18,1.65840799946e-18,1.72623319077e-18,1.70261584012e-18,2.83920915106e-18,1.88996356346e-18,1.69309664563e-18,3.98534791947e-18,4.26918129819e-18,3.21470241345e-18,1.0476883523e-17,1.62694084954e-17,1.21217520234e-17,1.02652783146e-17,1.74416557723e-17,1.67683340624e-17,1.6816054112e-17,1.42869196106e-17,1.66790564589e-17,1.52544645013e-17,1.48481748911e-17,1.70645954163e-17,1.53448389463e-17,1.11571188084e-17,1.09446582953e-17,6.57879736784e-18,3.53920846968e-18,1.43521357709e-18,3.65600027172e-19,3.7627240837e-20],"var":[0.0000978236712399,0.0561853870749,5.85174751282,60.2431297302,484.190490723,810.891662598,1399.16625977,1407.28808594,3955.5559082,7904.08642578,16463.625,6451.11572266,7913.67041016,2294.05761719,1263.02624512,1140.34533691,2108.00366211,688.710449219,525.595397949,349.109375,403.662353516,161.172790527,123.261772156,64.8202285767,53.2905960083,26.6563014984,5.20065784454,4.53073883057,59.6151161194,4.45129728317,5.55833816528,0.265979647636,0.386925071478,0.780466198921,0.778888165951,0.0306551456451,0.00343138328753,0.000429248146247,0.00000723386119716,4.06308444667e-8]},"erbbands_crest":{"dmean":2.54297423363,"dmean2":4.07708597183,"dvar":5.52734422684,"dvar2":13.926276207,"max":28.6910247803,"mean":9.7160358429,"median":8.76328659058,"min":2.42615675926,"var":18.3796882629},"erbbands_flatness_db":{"dmean":0.0141084250063,"dmean2":0.0210484862328,"dvar":0.000171176303411,"dvar2":0.000352284841938,"max":0.315601944923,"mean":0.179471477866,"median":0.182286843657,"min":0.0165510829538,"var":0.00137428182643},"erbbands_kurtosis":{"dmean":1.06334376335,"dmean2":1.68536305428,"dvar":1.75444471836,"dvar2":4.20019292831,"max":24.0123825073,"mean":1.1025916338,"median":0.468168973923,"min":-1.77484607697,"var":5.74992609024},"erbbands_skewness":{"dmean":0.344236582518,"dmean2":0.53767645359,"dvar":0.0893169790506,"dvar2":0.22027105093,"max":4.33264303207,"mean":0.871674180031,"median":0.844491362572,"min":-1.4781627655,"var":0.436252743006},"erbbands_spread":{"dmean":5.50518465042,"dmean2":8.15274333954,"dvar":36.1202697754,"dvar2":71.6167373657,"max":121.519165039,"mean":29.6407299042,"median":26.4417476654,"min":3.96566987038,"var":235.177276611},"gfcc":{"cov":[[23461.8457031,3227.66064453,-2256.36523438,-152.757263184,-1401.94567871,-339.276672363,-942.328735352,-68.5769729614,-694.283752441,-154.920516968,-326.701171875,-240.720565796,-350.05557251],[3227.66064453,1158.66870117,-308.745727539,-114.800346375,-12.6056776047,-167.823532104,-42.2541427612,-32.7033615112,-85.1322479248,-53.5457344055,0.145529657602,-88.2342453003,-71.0194778442],[-2256.36523438,-308.745727539,595.184692383,49.9767723083,163.089157104,63.0059661865,55.1823997498,-16.2985553741,53.2604179382,31.256231308,-5.41930675507,57.0997962952,0.862122893333],[-152.757263184,-114.800346375,49.9767723083,299.577484131,66.745262146,-4.73077440262,8.51838779449,-65.4587478638,16.1423149109,-14.024969101,-43.0885276794,59.4091339111,34.6164245605],[-1401.94567871,-12.6056776047,163.089157104,66.745262146,316.872802734,-23.1206531525,98.1514816284,-28.1780471802,33.9121131897,5.77830791473,-10.432806015,34.2215156555,22.2256774902],[-339.276672363,-167.823532104,63.0059661865,-4.73077440262,-23.1206531525,150.950775146,49.8826522827,15.0342597961,8.35626316071,6.43307304382,-1.00959455967,-1.97587096691,-14.9970111847],[-942.328735352,-42.2541427612,55.1823997498,8.51838779449,98.1514816284,49.8826522827,194.649139404,3.86323356628,15.6812057495,0.208888098598,0.640708804131,4.94176673889,-2.32171654701],[-68.5769729614,-32.7033615112,-16.2985553741,-65.4587478638,-28.1780471802,15.0342597961,3.86323356628,97.6911468506,27.4272880554,7.83577489853,25.5537967682,-28.1578598022,1.11473298073],[-694.283752441,-85.1322479248,53.2604179382,16.1423149109,33.9121131897,8.35626316071,15.6812057495,27.4272880554,113.44883728,28.1506233215,10.5697650909,4.78547716141,5.82639789581],[-154.920516968,-53.5457344055,31.256231308,-14.024969101,5.77830791473,6.43307304382,0.208888098598,7.83577489853,28.1506233215,64.6790161133,18.6641082764,-0.996317625046,-5.14135503769],[-326.701171875,0.145529657602,-5.41930675507,-43.0885276794,-10.432806015,-1.00959455967,0.640708804131,25.5537967682,10.5697650909,18.6641082764,96.0523300171,-12.2440347672,4.05131578445],[-240.720565796,-88.2342453003,57.0997962952,59.4091339111,34.2215156555,-1.97587096691,4.94176673889,-28.1578598022,4.78547716141,-0.996317625046,-12.2440347672,84.3504943848,21.9238414764],[-350.05557251,-71.0194778442,0.862122893333,34.6164245605,22.2256774902,-14.9970111847,-2.32171654701,1.11473298073,5.82639789581,-5.14135503769,4.05131578445,21.9238414764,72.0517959595]],"icov":[[0.0003824341984,-0.000966749619693,0.00072515924694,-0.000602338637691,0.000889124232344,-0.000620630162302,0.00110832985956,-0.000923860585317,0.00137937383261,-0.0012106973445,0.00134272966534,-0.000844860740472,0.000816027808469],[-0.000966749619693,0.00393638806418,-0.00128568231594,0.00190187047701,-0.00262451823801,0.0030135565903,-0.00287720002234,0.00296953041106,-0.00313347298652,0.00394628243521,-0.00354466843419,0.00305363885127,-0.000611899711657],[0.00072515924694,-0.00128568231594,0.00387531309389,-0.00093736773124,0.000336127675837,-0.00182519340888,0.00240928470157,-0.00143306259997,0.0022256129887,-0.00260996329598,0.00248725968413,-0.00249024038203,0.00252770702355],[-0.000602338637691,0.00190187047701,-0.00093736773124,0.00587092200294,-0.00190556317102,0.000942063459661,-0.00160771771334,0.00433903746307,-0.003498949809,0.00299015431665,-0.00091138179414,-0.000110957946163,-0.00261490605772],[0.000889124232344,-0.00262451823801,0.000336127675837,-0.00190556317102,0.00727557064965,0.000217116059503,-0.0000983810823527,-0.00134512630757,0.00224813329987,-0.00306903384626,0.00337403663434,-0.00230657705106,0.000574168283492],[-0.000620630162302,0.0030135565903,-0.00182519340888,0.000942063459661,0.000217116059503,0.0110235018656,-0.00471546687186,0.000892331299838,-0.00182763894554,0.00236908672377,-0.00189685216174,0.00220592156984,0.00133836374152],[0.00110832985956,-0.00287720002234,0.00240928470157,-0.00160771771334,-0.0000983810823527,-0.00471546687186,0.0103697758168,-0.00308928568847,0.00376324728131,-0.00291624292731,0.00359835173003,-0.0024999724701,0.00276905694045],[-0.000923860585317,0.00296953041106,-0.00143306259997,0.00433903746307,-0.00134512630757,0.000892331299838,-0.00308928568847,0.0176839586347,-0.00751075427979,0.00432591186836,-0.00521226227283,0.00578239466995,-0.00395181402564],[0.00137937383261,-0.00313347298652,0.0022256129887,-0.003498949809,0.00224813329987,-0.00182763894554,0.00376324728131,-0.00751075427979,0.0168148521334,-0.00873215310276,0.00474759330973,-0.00325871026143,0.00317272963002],[-0.0012106973445,0.00394628243521,-0.00260996329598,0.00299015431665,-0.00306903384626,0.00236908672377,-0.00291624292731,0.00432591186836,-0.00873215310276,0.0232646744698,-0.00753859523684,0.00298684369773,-0.000237496133195],[0.00134272966534,-0.00354466843419,0.00248725968413,-0.00091138179414,0.00337403663434,-0.00189685216174,0.00359835173003,-0.00521226227283,0.00474759330973,-0.00753859523684,0.0170094650239,-0.00244812108576,0.0010653831996],[-0.000844860740472,0.00305363885127,-0.00249024038203,-0.000110957946163,-0.00230657705106,0.00220592156984,-0.0024999724701,0.00578239466995,-0.00325871026143,0.00298684369773,-0.00244812108576,0.0186494588852,-0.00507137691602],[0.000816027808469,-0.000611899711657,0.00252770702355,-0.00261490605772,0.000574168283492,0.00133836374152,0.00276905694045,-0.00395181402564,0.00317272963002,-0.000237496133195,0.0010653831996,-0.00507137691602,0.0199279338121]],"mean":[-43.3052139282,118.859184265,-99.7963562012,2.089584589,-45.9175949097,-16.4898777008,-37.3539962769,-6.54322624207,-25.461479187,-6.61308288574,-16.3344631195,-9.71959018707,-19.6656646729]},"hfc":{"dmean":3.18902039528,"dmean2":4.47056245804,"dvar":18.1203727722,"dvar2":34.9650154114,"max":79.0614929199,"mean":13.6312952042,"median":11.3666763306,"min":1.20976170438e-16,"var":111.704933167},"melbands":{"dmean":[0.0000427577833761,0.000431526917964,0.000787487020716,0.000999663607217,0.000392240734072,0.000299141887808,0.000322194537148,0.000286239926936,0.000222276139539,0.000125206817756,0.0000922478866414,0.0000441427037003,0.000024729544748,0.0000241424513661,0.0000314641874866,0.0000320684994222,0.0000152476932271,0.0000114516305985,0.0000104512728285,0.0000067812134148,0.00000569972326048,0.00000465719404019,0.0000042548726924,0.00000333571119882,0.0000025292497412,0.00000162538492532,0.00000168346639384,0.00000101196894775,4.71713150318e-7,3.01444458728e-7,3.54695032456e-7,9.95268578663e-7,4.67218853828e-7,2.24417817662e-7,2.81222042986e-7,1.16821880169e-7,4.75812740319e-8,5.19784926212e-8,6.04392482728e-8,7.22085076177e-8],"dmean2":[0.0000700687451172,0.000709437765181,0.00125888769981,0.00164177909028,0.000613049953245,0.000453736371128,0.000490354257636,0.000432278611697,0.000323697633576,0.000186824909179,0.000143089637277,0.0000682104146108,0.0000394639755541,0.000038810485421,0.0000508803423145,0.0000505345633428,0.0000240091521846,0.0000184404525498,0.000017002592358,0.0000109683369374,0.00000902408010006,0.0000074027429946,0.00000683002690494,0.00000543013902643,0.00000404073762184,0.00000256112775787,0.00000267808218268,0.00000155706322857,7.15193266387e-7,4.54156349861e-7,5.311456448e-7,0.00000154080078119,7.18793955912e-7,3.33163143296e-7,4.23807023253e-7,1.71458623299e-7,6.99590287923e-8,7.87314604622e-8,8.55590656101e-8,1.0693207031e-7],"dvar":[5.99309668559e-9,3.13763109716e-7,0.00000130214664296,0.00000219006028601,4.60043992234e-7,2.0701108383e-7,3.80567996672e-7,3.79193068056e-7,3.10870461817e-7,7.4350793966e-8,6.8053303437e-8,1.32202551129e-8,7.19529591464e-9,2.85301693381e-9,5.58591528588e-9,3.94043597751e-9,1.01394015406e-9,6.59420296145e-10,6.70242084055e-10,2.98399110976e-10,2.27829699551e-10,1.13460581208e-10,6.20738183077e-11,5.14269946073e-11,3.88186982558e-11,9.24667113711e-12,1.69738043065e-11,3.59418506242e-12,1.13362151697e-12,5.96143306161e-13,1.24436496263e-12,2.50294299176e-11,5.27044293624e-12,7.19734710199e-13,1.28234261317e-12,2.07904494402e-13,2.85236684803e-14,6.46872285555e-14,1.92127780699e-13,3.60836116845e-13],"dvar2":[1.52485881699e-8,9.23101310946e-7,0.0000034087934182,0.00000605130389886,0.00000110981147827,4.83506312321e-7,9.24371590827e-7,8.41043799937e-7,6.79169545492e-7,1.69034379383e-7,1.5931618691e-7,2.85635177733e-8,1.97989198369e-8,6.68561561668e-9,1.39463338655e-8,8.85509265913e-9,2.47413023402e-9,1.68194380645e-9,1.75665759716e-9,7.46957551367e-10,5.48411482892e-10,2.74647415921e-10,1.49333878596e-10,1.32297353628e-10,1.00743566267e-10,2.39218315295e-11,4.53873952311e-11,8.98810886829e-12,2.59873676398e-12,1.36111868304e-12,2.86687405586e-12,6.29797741736e-11,1.31004694939e-11,1.57873117791e-12,2.81488504381e-12,4.05399563745e-13,5.49267899772e-14,1.24297328073e-13,2.6612929525e-13,6.37506811663e-13],"max":[0.00286337570287,0.0110587142408,0.0154838375747,0.0213017910719,0.0130822462961,0.00972550082952,0.0142921768129,0.0141893429682,0.0197590366006,0.00676803104579,0.00709021557122,0.00449114851654,0.00398681731895,0.00140315445606,0.00250268960372,0.00186674029101,0.000768600730225,0.000670771230944,0.000859298801515,0.00047752156388,0.000451548898127,0.000319018174196,0.000217446140596,0.000122276091133,0.000154492168804,0.000141994649312,0.000107663705421,0.000039629652747,0.0000298819977615,0.0000153423279698,0.0000250099492405,0.000167461839737,0.0000679415315972,0.0000232033817156,0.0000313051896228,0.000016065341697,0.0000066519783104,0.0000124377256725,0.000033129384974,0.0000441255433543],"mean":[0.000105039303889,0.000849531847052,0.00160204805434,0.00173753174022,0.000870456162374,0.00064511236269,0.000650546164252,0.000569379189983,0.000429029605584,0.00024640202173,0.000172091182321,0.0000795393498265,0.0000402163968829,0.0000412564477301,0.0000527448974026,0.0000581714157306,0.0000281474494841,0.0000194576114154,0.0000184257460205,0.0000126917311718,0.0000101065634226,0.0000079103929238,0.00000822016227175,0.00000586388478041,0.00000420386641053,0.00000324919938066,0.00000350910477209,0.00000195760640054,9.43181191815e-7,5.12492363214e-7,5.06833487179e-7,0.00000110591383873,5.74982607304e-7,3.37642831028e-7,4.28672876751e-7,2.01801370281e-7,9.56720214162e-8,9.83611982974e-8,1.09705062812e-7,1.12864285029e-7],"median":[0.000065708780312,0.000562844215892,0.00110199232586,0.00113048276398,0.000483365729451,0.00036469657789,0.000308082730044,0.000201109534828,0.000123676640214,0.000075287585787,0.0000523880735273,0.0000290740481432,0.0000154166718858,0.0000191798699234,0.0000229673860304,0.0000260087017523,0.0000120470849652,0.00000809208358987,0.00000666732285026,0.0000046925292736,0.00000448741639048,0.00000333033221978,0.00000391757430407,0.00000258810473497,0.00000214347733163,0.00000195078314391,0.0000015791814576,8.06833725164e-7,3.46672720752e-7,1.88906156495e-7,1.34487663672e-7,1.20691723282e-7,1.17954613188e-7,1.02178319139e-7,9.32972028522e-8,4.51510153709e-8,3.19027222417e-8,3.27248805831e-8,3.21473763165e-8,2.87034680468e-8],"min":[1.09132437578e-23,4.14326234615e-24,1.91182530862e-24,8.63818152891e-24,2.05363591476e-23,1.21797638854e-23,9.7342232929e-24,2.29739440779e-23,8.8930277775e-24,1.10351409114e-23,8.4931328854e-24,6.48268260869e-24,1.04384149683e-23,4.12392894308e-24,5.43804696559e-24,4.03074080435e-24,7.7268428684e-24,7.44187002184e-24,3.97216275454e-24,5.7801412303e-24,1.43108171895e-23,1.76503115259e-23,1.34562836139e-23,8.90871822091e-24,7.29200538251e-24,1.37565051418e-23,9.73166738357e-24,1.22314484742e-23,9.22939491205e-24,1.05438691053e-23,7.37186334966e-24,8.92437316557e-24,1.03150418559e-23,6.90994032458e-24,7.8204696138e-24,8.76133139368e-24,1.19711543522e-23,1.07306611124e-23,9.87443621905e-24,9.40497641689e-24],"var":[1.76868137913e-8,8.30054034395e-7,0.00000255080340139,0.00000349181550519,0.0000014297894495,6.5876190547e-7,0.00000105153651475,0.00000102176966266,9.82221422419e-7,2.20943277895e-7,1.99543279678e-7,4.23626040913e-8,1.19490746187e-8,6.48758913258e-9,1.03788693195e-8,9.94398074994e-9,2.46430609252e-9,1.28735622162e-9,1.51427859141e-9,7.60033092018e-10,4.42042069615e-10,2.0149455715e-10,1.48557235957e-10,9.28798774003e-11,4.77299519352e-11,2.20982763338e-11,4.19267086327e-11,9.20286156308e-12,3.79254006672e-12,1.01358743447e-12,1.77167221865e-12,2.36290206151e-11,5.42655287025e-12,1.04546341202e-12,2.17831330231e-12,4.49820356744e-13,6.45846155961e-14,1.23787902129e-13,4.45010998537e-13,6.34556426501e-13]},"melbands_crest":{"dmean":2.99108171463,"dmean2":4.90669965744,"dvar":7.13314199448,"dvar2":19.6936683655,"max":29.2384052277,"mean":13.4997577667,"median":13.0793266296,"min":1.55476260185,"var":20.556060791},"melbands_flatness_db":{"dmean":0.0220178607851,"dmean2":0.0331895872951,"dvar":0.000447486730991,"dvar2":0.0010128809372,"max":0.482236593962,"mean":0.260746449232,"median":0.262172847986,"min":0.00332458713092,"var":0.00359951821156},"melbands_kurtosis":{"dmean":5.84749317169,"dmean2":9.37096405029,"dvar":65.2263259888,"dvar2":174.465881348,"max":189.130737305,"mean":14.0296297073,"median":10.2578859329,"min":-1.4580476284,"var":187.862136841},"melbands_skewness":{"dmean":0.595966100693,"dmean2":0.93438577652,"dvar":0.337105631828,"dvar2":0.846454143524,"max":10.5842809677,"mean":2.61109685898,"median":2.49506139755,"min":-0.478422939777,"var":1.93372440338},"melbands_spread":{"dmean":2.99573016167,"dmean2":4.769115448,"dvar":16.9938087463,"dvar2":41.0067977905,"max":167.021148682,"mean":12.5109405518,"median":9.35533809662,"min":1.19613468647,"var":292.270202637},"mfcc":{"cov":[[8656.81835938,1132.7322998,-524.345703125,-93.2364654541,-369.861602783,-272.412597656,-172.944702148,-122.678001404,-267.41229248,-6.54988098145,-81.9231414795,-133.926635742,-87.8136901855],[1132.7322998,1229.90490723,-133.423904419,76.8680496216,32.6189727783,-74.9202270508,68.9492034912,-29.4850273132,-53.5151557922,24.440202713,21.4235668182,-4.39821720123,-37.8931274414],[-524.345703125,-133.423904419,361.882537842,-20.9705276489,40.8484649658,39.6983070374,-19.2856025696,8.8650636673,-4.51617431641,-1.92784416676,26.1458244324,-7.99731874466,23.0323238373],[-93.2364654541,76.8680496216,-20.9705276489,326.835418701,72.2792129517,104.921646118,-26.7816257477,15.8653259277,44.673248291,-81.4216384888,-25.1899738312,-23.2426109314,25.0989818573],[-369.861602783,32.6189727783,40.8484649658,72.2792129517,173.103485107,5.24778079987,-19.9706630707,-14.7432813644,11.8986406326,-6.80226278305,-8.2878818512,-4.11635732651,17.7296886444],[-272.412597656,-74.9202270508,39.6983070374,104.921646118,5.24778079987,203.07321167,11.6295881271,49.0977287292,39.148059845,-48.7197990417,16.2822875977,-5.07083368301,-0.679328083992],[-172.944702148,68.9492034912,-19.2856025696,-26.7816257477,-19.9706630707,11.6295881271,145.110366821,16.1351852417,2.01484894753,8.7945766449,6.33209609985,23.1464977264,-18.6590900421],[-122.678001404,-29.4850273132,8.8650636673,15.8653259277,-14.7432813644,49.0977287292,16.1351852417,97.1196670532,24.266702652,-2.02463817596,4.16652679443,-2.42030262947,3.53690099716],[-267.41229248,-53.5151557922,-4.51617431641,44.673248291,11.8986406326,39.148059845,2.01484894753,24.266702652,97.1924209595,1.02799105644,-0.589264512062,0.72985458374,0.142089247704],[-6.54988098145,24.440202713,-1.92784416676,-81.4216384888,-6.80226278305,-48.7197990417,8.7945766449,-2.02463817596,1.02799105644,119.055725098,26.9350795746,14.2018442154,-9.52648448944],[-81.9231414795,21.4235668182,26.1458244324,-25.1899738312,-8.2878818512,16.2822875977,6.33209609985,4.16652679443,-0.589264512062,26.9350795746,79.9159927368,18.1741466522,-5.10025405884],[-133.926635742,-4.39821720123,-7.99731874466,-23.2426109314,-4.11635732651,-5.07083368301,23.1464977264,-2.42030262947,0.72985458374,14.2018442154,18.1741466522,77.252784729,15.191368103],[-87.8136901855,-37.8931274414,23.0323238373,25.0989818573,17.7296886444,-0.679328083992,-18.6590900421,3.53690099716,0.142089247704,-9.52648448944,-5.10025405884,15.191368103,73.593421936]],"icov":[[0.00019144876569,-0.000169104634551,0.000175624430995,7.5376294717e-7,0.000428782601375,0.0000404916791013,0.000335828517564,0.0000753883650759,0.000345918000676,0.00000672021042192,0.000141050390084,0.000224663890549,0.0000283477820631],[-0.000169104634551,0.00116003898438,0.000143248806125,-0.000601801380981,-0.000591132382397,0.000492502062116,-0.000865980808157,-0.000050735543482,0.000359073397703,-0.000236586696701,-0.000700591073837,-0.00000994626770989,0.000407948042266],[0.000175624430995,0.000143248806125,0.00346461310983,0.000654002069496,-0.000641811988316,-0.000730547413696,0.000415221875301,-0.0000345053886122,0.000780520262197,0.000142705684993,-0.00109216850251,0.00109082867857,-0.00105312257074],[7.5376294717e-7,-0.000601801380981,0.000654002069496,0.0055376784876,-0.00172479648609,-0.00239881779999,0.000814641476609,0.00020735040016,-0.00176037976053,0.0023774264846,0.000798434659373,0.00092759373365,-0.00163729535416],[0.000428782601375,-0.000591132382397,-0.000641811988316,-0.00172479648609,0.00801981985569,0.000480336486362,0.00113128172234,0.0014541267883,0.0000678726792103,-0.000776480650529,0.000958498974796,0.000368552195141,-0.000824636721518],[0.0000404916791013,0.000492502062116,-0.000730547413696,-0.00239881779999,0.000480336486362,0.00834226608276,-0.000834835285787,-0.00290923565626,-0.0012687764829,0.00245515373535,-0.00278441933915,-0.0000205858796107,0.00136963778641],[0.000335828517564,-0.000865980808157,0.000415221875301,0.000814641476609,0.00113128172234,-0.000834835285787,0.0088996803388,-0.00118833826855,0.00042398905498,0.0000449622457381,0.00105311116204,-0.00256765005179,0.00218836590648],[0.0000753883650759,-0.000050735543482,-0.0000345053886122,0.00020735040016,0.0014541267883,-0.00290923565626,-0.00118833826855,0.0128202028573,-0.00209544645622,-0.000971659144852,0.000247510295594,0.00129810301587,-0.00166323198937],[0.000345918000676,0.000359073397703,0.000780520262197,-0.00176037976053,0.0000678726792103,-0.0012687764829,0.00042398905498,-0.00209544645622,0.0133261391893,-0.0019948494155,0.000665495230351,-0.000201159506105,0.000937574717682],[0.00000672021042192,-0.000236586696701,0.000142705684993,0.0023774264846,-0.000776480650529,0.00245515373535,0.0000449622457381,-0.000971659144852,-0.0019948494155,0.0119926892221,-0.00361586431973,-0.000677400908899,0.000744060438592],[0.000141050390084,-0.000700591073837,-0.00109216850251,0.000798434659373,0.000958498974796,-0.00278441933915,0.00105311116204,0.000247510295594,0.000665495230351,-0.00361586431973,0.016120640561,-0.00348614808172,0.00124305672944],[0.000224663890549,-0.00000994626770989,0.00109082867857,0.00092759373365,0.000368552195141,-0.0000205858796107,-0.00256765005179,0.00129810301587,-0.000201159506105,-0.000677400908899,-0.00348614808172,0.0164688769728,-0.00492562446743],[0.0000283477820631,0.000407948042266,-0.00105312257074,-0.00163729535416,-0.000824636721518,0.00136963778641,0.00218836590648,-0.00166323198937,0.000937574717682,0.000744060438592,0.00124305672944,-0.00492562446743,0.0167635437101]],"mean":[-689.773254395,168.876358032,-4.9401807785,22.1004772186,0.433804810047,-6.17109632492,-7.05604743958,-5.84350204468,-12.298871994,-2.41485953331,-0.476265639067,-7.39214849472,-3.46617174149]},"pitch_salience":{"dmean":0.0668267011642,"dmean2":0.109455682337,"dvar":0.00317118689418,"dvar2":0.00875573325902,"max":0.879220664501,"mean":0.590453326702,"median":0.591353237629,"min":0.182617485523,"var":0.00874206516892},"silence_rate_20dB":{"dmean":0,"dmean2":0,"dvar":0,"dvar2":0,"max":1,"mean":1,"median":1,"min":1,"var":0},"silence_rate_30dB":{"dmean":0.000277623534203,"dmean2":0.000555324193556,"dvar":0.00027756250347,"dvar2":0.00055498915026,"max":1,"mean":0.999444842339,"median":1,"min":0,"var":0.000554835190997},"silence_rate_60dB":{"dmean":0.00583009421825,"dmean2":0.0116618080065,"dvar":0.00579639710486,"dvar2":0.0134705863893,"max":1,"mean":0.04857737571,"median":0,"min":0,"var":0.0462160855532},"spectral_centroid":{"dmean":118.867927551,"dmean2":186.797348022,"dvar":29313.0273438,"dvar2":59599.2304688,"max":11224.7470703,"mean":711.156494141,"median":613.691345215,"min":203.079360962,"var":262703.21875},"spectral_complexity":{"dmean":2.52803993225,"dmean2":3.93919205666,"dvar":7.96235799789,"dvar2":16.078130722,"max":41,"mean":14.8553781509,"median":14,"min":0,"var":43.6799888611},"spectral_contrast_coeffs":{"dmean":[0.0487999469042,0.0444445572793,0.0366391688585,0.0288713127375,0.0195115786046,0.0179878156632],"dmean2":[0.0804285258055,0.0723906084895,0.0592595264316,0.0469711609185,0.0314270220697,0.0253735855222],"dvar":[0.00165263633244,0.00133166229352,0.000848439638503,0.000545760092791,0.000262007320998,0.000324216904119],"dvar2":[0.00458937045187,0.00345294666477,0.00217292946763,0.00138434150722,0.000640262675006,0.000594049459323],"max":[-0.27763569355,-0.396204352379,-0.482360810041,-0.584260165691,-0.618747711182,-0.597875356674],"mean":[-0.542523264885,-0.70729547739,-0.763806939125,-0.76890707016,-0.785229980946,-0.783447086811],"median":[-0.534187853336,-0.707226336002,-0.768423676491,-0.768158912659,-0.784671723843,-0.790860414505],"min":[-0.948852479458,-0.969641208649,-0.961834967136,-0.954546749592,-0.955616414547,-0.962614357471],"var":[0.00855506863445,0.00615950580686,0.00461120018736,0.00273363874294,0.00165470072534,0.00238408194855]},"spectral_contrast_valleys":{"dmean":[0.356359869242,0.326760679483,0.321029156446,0.266609072685,0.252810746431,0.218269780278],"dmean2":[0.596377134323,0.528046369553,0.500901699066,0.406908839941,0.343201756477,0.294093877077],"dvar":[0.108808547258,0.0883083641529,0.0987219512463,0.0775606036186,0.0863296538591,0.0813358202577],"dvar2":[0.282772094011,0.191570520401,0.19029918313,0.141288220882,0.131704002619,0.12662306428],"max":[-6.01011562347,-4.77054309845,-5.39851284027,-6.02436065674,-6.17874956131,-7.92049837112],"mean":[-7.71459674835,-6.59697198868,-7.59415912628,-8.11539745331,-8.36932563782,-11.3122396469],"median":[-7.44162034988,-6.29157781601,-7.30870008469,-7.85165548325,-8.12364768982,-11.104932785],"min":[-27.8333492279,-26.7492294312,-27.1658115387,-27.409992218,-27.4442882538,-27.1846580505],"var":[2.89764857292,2.94504714012,2.63502860069,2.3321249485,2.12609887123,1.59866845608]},"spectral_decrease":{"dmean":1.79121795174e-9,"dmean2":2.69058375579e-9,"dvar":4.15643037685e-18,"dvar2":9.70839964667e-18,"max":1.31369476459e-16,"mean":-7.08887215595e-9,"median":-6.59662369173e-9,"min":-3.0606738477e-8,"var":1.93636827175e-17},"spectral_energy":{"dmean":0.00699288072065,"dmean2":0.0104613555595,"dvar":0.0000634246389382,"dvar2":0.000146796985064,"max":0.122687973082,"mean":0.0279914699495,"median":0.0260238554329,"min":1.06665586224e-20,"var":0.000303972250549},"spectral_energyband_high":{"dmean":0.000080765610619,"dmean2":0.000111955385364,"dvar":6.94382151778e-8,"dvar2":1.40115531622e-7,"max":0.00742101110518,"mean":0.000151419139002,"median":0.0000561652705073,"min":7.86930924831e-21,"var":1.30084529815e-7},"spectral_energyband_low":{"dmean":0.0020513695199,"dmean2":0.00331870047376,"dvar":0.00000668610346111,"dvar2":0.0000188230915228,"max":0.0419186353683,"mean":0.00447899429128,"median":0.0032606900204,"min":4.71117546028e-23,"var":0.0000176745015779},"spectral_energyband_middle_high":{"dmean":0.00106550403871,"dmean2":0.00161072053015,"dvar":0.00000306594483845,"dvar2":0.0000068632066359,"max":0.0400333851576,"mean":0.00318209128454,"median":0.00196834490635,"min":1.39485330081e-21,"var":0.0000151976464622},"spectral_energyband_middle_low":{"dmean":0.00651824753731,"dmean2":0.00987563002855,"dvar":0.0000590297386225,"dvar2":0.000142398595926,"max":0.109519615769,"mean":0.0219518672675,"median":0.0194200314581,"min":3.73349514381e-22,"var":0.000232292761211},"spectral_entropy":{"dmean":0.164185285568,"dmean2":0.241235479712,"dvar":0.0273122787476,"dvar2":0.0540784411132,"max":9.80644226074,"mean":7.00761938095,"median":6.99586105347,"min":5.30287504196,"var":0.212742209435},"spectral_flux":{"dmean":0.0188692826778,"dmean2":0.0297128986567,"dvar":0.000378100259695,"dvar2":0.000868407136295,"max":0.265040874481,"mean":0.0717587321997,"median":0.0681579634547,"min":1.03279031161e-10,"var":0.00134054129012},"spectral_kurtosis":{"dmean":2.59132552147,"dmean2":4.07264661789,"dvar":6.79603672028,"dvar2":15.7285327911,"max":50.1236763,"mean":10.7253684998,"median":10.020983696,"min":-1.18477284908,"var":28.9705963135},"spectral_rms":{"dmean":0.000630736467429,"dmean2":0.000935706717428,"dvar":4.01580308562e-7,"dvar2":8.98166774732e-7,"max":0.0109405480325,"mean":0.00490781897679,"median":0.00503876246512,"min":3.22589502853e-12,"var":0.00000322201140079},"spectral_rolloff":{"dmean":187.77835083,"dmean2":321.065185547,"dvar":266137.71875,"dvar2":597274.0625,"max":21683.9355469,"mean":1098.8918457,"median":581.396484375,"min":129.19921875,"var":8904109},"spectral_skewness":{"dmean":0.279760122299,"dmean2":0.41808822751,"dvar":0.071874588728,"dvar2":0.145004451275,"max":5.99919080734,"mean":2.39435076714,"median":2.34480476379,"min":-0.047011308372,"var":0.404862731695},"spectral_spread":{"dmean":347233.375,"dmean2":503598.875,"dvar":329369681920,"dvar2":474319716352,"max":40398284,"mean":3591531.5,"median":3099281,"min":1541124.5,"var":3936059916290},"spectral_strongpeak":{"dmean":0.446818560362,"dmean2":0.743498682976,"dvar":0.332237154245,"dvar2":0.798574030399,"max":6.90885257721,"mean":0.980911910534,"median":0.65071362257,"min":2.92128832236e-9,"var":0.907592535019},"zerocrossingrate":{"dmean":0.00558453053236,"dmean2":0.00694046728313,"dvar":0.000100133969681,"dvar2":0.000106625579065,"max":0.81396484375,"mean":0.0485103540123,"median":0.03076171875,"min":0.0087890625,"var":0.0110824406147}},"metadata":{"audio_properties":{"analysis_sample_rate":44100,"bit_rate":0,"codec":"flac","downmix":"mix","equal_loudness":0,"length":167.266662598,"lossless":true,"md5_encoded":"9f5beec5109789b0fa4b6b594693da15","replay_gain":-14.0339984894,"sample_rate":44100},"tags":{"acoustid_fingerprint":["AQADtJKuROKCG7ngJ8iTM_iDWzqah0XI9fjxTcVv4dLhEeeD9xCf4cI3xmjWyIf2HfvxITwN38gXJF2UnajSYk9MfGKOht1QMsdJuG5y_Jnw7EiOkDwa63iVCPcj5FQO_fhz_NCvIEyOz6GMo8eP4zvOLIiRbMrh9DHCLpeQPA9-NLuDXujh56jCEKfwHM3QEj_-oQ88hkPKw9OhyVkK7cvRGL-E8LrQ_Mh5nESj_IRmH3fRhEYf7NSht8cDjUezjEd-_MKkj4fVJIXVo_xxJcrxKQmeHH2G5v-AfFDHBx-TFPH14yJKhvAX-PiN7wWOwxf6IzkjDfmJ-0ato_nRI5bsDQl_4ceTG1_Vw1N29MfDoz28Z3jgRwgdHTUTYsoVPMWaxHmg8wnim2iOOulx40R_PIkS1D5i60jGo2GUG8-DN-uG5kGlniGOJ5lxaYzRXOhF5MTzHMr1oHkngfEe4iJTMNMbQlEu_LjCNIF33Dme4xJKKRrxBOGPPtLRcPiOLzjy7egPPR96_LgeDXWSo3mgh8vx47nQoAlzXDnuBof2nBF8_NhTlDLxNEeu4DxePDha-OhffDmOKzr8o4YdwVWSMENXppiPZy_yBVoehN5cfEEzJhfOJ2h-_MGVHr_QB96PRscvnEHNH00TlA-a40e9I-GUIPzx43iFPzhyPkielBTu4H1wOkRzVGnI40wk4r3wIMzQLof-TBF2ZY3gaCW-ltAZGs2J6gcrfZCa5QhvBc1zPMFFE46e4Ec30Qr6ISeS4zqe5DK-R_B5nIh16AmeIFc--HHwx8h3SNWOa0edDWHyiBHOJZHATBWm5A9y5oTYHPkenMaPynTQaEmSESfu42KIPDeeItkfNFWW48vx9EczHrXMo_DxB0mvjMjZB5eGMw98eyiBY_iPMEcSPZmIt0TZ7Gi4R-jR8MfxhUnRMMvxBxf6qDIeXD5KHk1znPiPG9pxDpdCwaP0BL2IMrgmwr_hoyfyMkcyURaaMbiaBJUlwz-mow9chG8e6Dny48OdHEzKoefxBPPxkQiTnQymV4IccUae9bhWowIrH6P3wFzoCIeZ4kuImCrEE-F_oamuoEySB_l7JHXQ_EGVMB8e6SgX5vCD98g3QlT6DGXGFPfxo-kiMgg5Jk1xJT-OnocfHpcdlNGPc8fzIlcS6Ef0NuCxf3ge9CKaH3vCLsUf3EJEHXoyIs4V4RqF2sThZJSJ5A_SvISPiuqEs8cXikOYPVWgXdzwIxfT4GFIwZFu5PsC5UKuByyaahGmJ1F2HD--8Hhz47QcHBeSM2ieIHTx4bzxKPlQfUEYzTz0ZS5-hGOCSxd-mEMfFvEOHX1m3EpiPNIhJkwQ_rhz_MIZ1OIFuyl--AifQzuL9B_qH9eGK0SeskJdPDg8tDk06Yd_9BfxV2g4QqN23DzyHj0LH9aPWsMj4Q_xIeRzQst3FXk-XHpwHf3QJzpu_DiudNj7II9ybDoS_PjxLPikS-gXNMX3Q3WeDT9q4