{"lowlevel":{"average_loudness":0.669415652752,"barkbands":{"dmean":[0.00000217529350266,0.0000489997983095,0.000468482321594,0.000484925229102,0.0017926839646,0.000391327921534,0.000576570339035,0.000647621171083,0.000892575946636,0.00100546935573,0.000398353527999,0.000250904849963,0.000270399381407,0.000377751595806,0.000274198740954,0.000193939369638,0.000240427441895,0.000161569812917,0.0000709774176357,0.0000205228243431,0.0000126908153106,0.0000131542456074,0.0000152483435159,0.0000178048048838,0.0000125499618662,0.00000472757801617,1.22216121667e-7],"dmean2":[0.00000376781372324,0.0000720369862393,0.000779538939241,0.000790982448962,0.00277560553513,0.000588778755628,0.000815233564936,0.000931570772082,0.00133641192224,0.00153194833547,0.000574002624489,0.000374349154299,0.000418774347054,0.000560399610549,0.000402328034397,0.000282031658571,0.000328222551616,0.000233217404457,0.000106674917333,0.0000312453084916,0.0000187139157788,0.0000193417126866,0.0000214564515773,0.0000257716783381,0.0000178633927135,0.00000723218363419,2.08710574157e-7],"dvar":[9.81240436126e-12,9.40321065457e-9,7.31030354473e-7,8.74388206284e-7,0.000011357378753,6.08550465131e-7,0.00000215238969759,0.00000461160425402,0.00000537863070349,0.00000617492560195,0.00000214474016502,5.83224903039e-7,8.72184841683e-7,0.00000185414580756,7.60925672694e-7,4.79483389881e-7,5.27954057361e-7,3.35328962819e-7,5.65035982447e-8,3.94238375279e-9,1.70155356471e-9,3.06083025592e-9,6.25452223346e-9,4.2656171928e-9,2.99887870092e-9,1.24499438536e-10,2.26929897942e-13],"dvar2":[2.67441364193e-11,1.93722851094e-8,0.00000219857952288,0.00000232324919125,0.0000261332497757,0.00000130729551984,0.00000440411213276,0.00000886645011633,0.0000104832342913,0.0000143980851135,0.00000389453907701,0.00000120101367429,0.00000190493256014,0.00000437632388639,0.0000015933405848,9.21150501654e-7,9.22052493024e-7,7.47423314351e-7,1.23118525153e-7,8.14244494052e-9,3.40841688207e-9,5.79469272566e-9,1.05516066995e-8,6.94239998822e-9,5.94480020766e-9,2.59365334765e-10,6.08910112002e-13],"max":[0.0000494417836308,0.00199433695525,0.0114561039954,0.0176343619823,0.041872933507,0.0207038410008,0.0330342054367,0.0649191886187,0.0694302618504,0.0416820533574,0.0541870631278,0.0177676193416,0.027619080618,0.0325153544545,0.0159447658807,0.0192247070372,0.0216278675944,0.0212280768901,0.00861238315701,0.00302694551647,0.00148217275273,0.00188128417358,0.00313076819293,0.00261527043767,0.00238440139219,0.000274146383163,0.0000120705972222],"mean":[0.00000248672085945,0.000119013609947,0.000819646636955,0.000941172183957,0.00358782336116,0.00101689621806,0.00122452666983,0.00126894260757,0.00234302296303,0.00251210667193,0.000783558527473,0.000490397622343,0.000567905546632,0.000739331531804,0.000506630225573,0.000357483018888,0.00052835320821,0.000331618415657,0.000150102801854,0.0000434309986304,0.0000225613312068,0.0000221587124543,0.0000267751238425,0.0000354338262696,0.0000206726199394,0.0000075217549238,1.12831109789e-7],"median":[0.00000139087910611,0.0000356860291504,0.000334470474627,0.000328452646499,0.00205311365426,0.000401234865421,0.000410081294831,0.000164827739354,0.00030172773404,0.000278883235296,0.0000998355681077,0.0000905252964003,0.0000749636819819,0.000059245776356,0.0000546541523363,0.000035516157368,0.000046163546358,0.0000436309419456,0.0000365291489288,0.0000207677330764,0.00000743795862945,0.00000565479649595,0.00000709720006853,0.0000125418528114,0.00000487198349219,0.00000236804248743,8.31649416e-9],"min":[5.21165879526e-23,3.0620062021e-23,5.38881336763e-24,5.23122499118e-24,1.20162246578e-22,1.53646312292e-22,4.12155462953e-23,2.64143431904e-23,1.02954116834e-22,2.48949986647e-23,6.83694891829e-23,9.56409975889e-23,6.18443851846e-23,7.70287206762e-23,2.76542927473e-22,2.97564644337e-22,2.07637555611e-22,2.78500261773e-22,3.62011727772e-22,3.17799948919e-22,3.38768780548e-22,4.40200944881e-22,5.65927197818e-22,8.10194783811e-22,1.66439705043e-21,1.38583670901e-21,2.62833590218e-21],"var":[1.12780253886e-11,3.58471261563e-8,0.00000146681782098,0.00000279290065919,0.0000202798419195,0.00000282188466372,0.00000618578042122,0.0000132151690195,0.0000266060869762,0.0000268132098427,0.00000858104795043,0.00000177526737843,0.00000262830735664,0.00000588113107369,0.00000209106406146,0.00000122633525734,0.00000231648300542,9.2561447218e-7,1.50464131821e-7,7.68325492118e-9,4.02602440275e-9,7.31476967886e-9,1.66208184993e-8,1.25330563705e-8,6.91694790333e-9,2.40504199889e-10,1.94828785808e-13]},"barkbands_crest":{"dmean":2.28277254105,"dmean2":3.62687420845,"dvar":4.76387882233,"dvar2":11.5976085663,"max":25.8191108704,"mean":11.0623884201,"median":10.2345018387,"min":2.8275642395,"var":17.8283538818},"barkbands_flatness_db":{"dmean":0.0186528339982,"dmean2":0.0288605690002,"dvar":0.000377630552975,"dvar2":0.000855841732118,"max":0.356841057539,"mean":0.171278402209,"median":0.172766208649,"min":0.017950868234,"var":0.00212798709981},"barkbands_kurtosis":{"dmean":3.04279494286,"dmean2":4.73800182343,"dvar":37.0731124878,"dvar2":85.9454650879,"max":177.675704956,"mean":6.79479646683,"median":3.58121681213,"min":-1.89901256561,"var":119.718658447},"barkbands_skewness":{"dmean":0.471593499184,"dmean2":0.704602181911,"dvar":0.323205471039,"dvar2":0.682548940182,"max":12.3240413666,"mean":1.73331081867,"median":1.48796617985,"min":-1.74558103085,"var":2.12395167351},"barkbands_spread":{"dmean":3.37506389618,"dmean2":5.11575841904,"dvar":32.04845047,"dvar2":69.603225708,"max":110.517456055,"mean":14.5723791122,"median":10.5747528076,"min":1.11036372185,"var":185.948242188},"dissonance":{"dmean":0.0265420265496,"dmean2":0.0444855317473,"dvar":0.000713720161002,"dvar2":0.00192514166702,"max":0.5,"mean":0.432044476271,"median":0.443442314863,"min":0.0316318944097,"var":0.0022137593478},"dynamic_complexity":5.0778260231,"erbbands":{"dmean":[0.000389575521694,0.0216828938574,0.395260512829,1.02442479134,3.66285061836,7.64316511154,4.20523548126,3.79473924637,7.50182008743,8.30159282684,17.7942581177,22.1565818787,20.1150970459,32.5851325989,14.4813213348,9.12455272675,11.9032402039,19.5535621643,14.8475847244,9.07431030273,9.87795066833,11.106470108,9.34566020966,4.8582983017,2.34698319435,0.900811731815,0.547241508961,0.479280889034,0.469772309065,0.487669438124,0.422741860151,0.388627499342,0.298305481672,0.160101249814,0.0807351022959,0.0321867614985,0.00666846707463,0.000583622429986,0.0000173554799403,0.00000566704784433],"dmean2":[0.000613514566794,0.0327469557524,0.642887532711,1.6957706213,5.99205875397,11.7915124893,6.17830753326,5.71930027008,10.7531290054,12.2392778397,24.5118427277,32.2625465393,29.9062976837,47.718711853,20.8823814392,13.6973285675,17.9433765411,28.8490028381,21.8373661041,12.8504629135,12.8347625732,14.9321861267,12.7836503983,6.91025400162,3.53125905991,1.35602986813,0.813957571983,0.711952924728,0.693663537502,0.692311167717,0.597965121269,0.569368779659,0.432418018579,0.226508826017,0.117015942931,0.0486306101084,0.0101053239778,0.000912911898922,0.0000269992906397,0.00000797487336968],"dvar":[3.96115154899e-7,0.00167888158467,0.529944241047,2.97560977936,50.2741012573,268.352630615,76.1933441162,63.7476959229,366.210296631,584.74597168,3012.90869141,3126.39086914,4410.53564453,7316.43945313,2198.52978516,768.613037109,1620.47363281,5691.75,2224.95605469,1050.96240234,1196.59118652,1103.86889648,1156.12243652,249.376998901,108.369529724,6.56585741043,2.00652909279,3.50680160522,3.10448431969,8.0529499054,4.31862783432,2.19393324852,1.20437967777,0.62133783102,0.0906323343515,0.00591752259061,0.000245668168645,0.00000257803117165,3.45682482639e-9,6.83089348974e-11],"dvar2":[9.0357548288e-7,0.00367230107076,1.50769209862,8.29873275757,135.246139526,620.95703125,160.250457764,139.046463013,734.099121094,1298.83996582,5486.72021484,5872.66992188,11098.6894531,15074.7714844,4431.08447266,1617.74658203,3550.65576172,13321.0253906,4787.99707031,1850.18859863,1889.53808594,1742.71057129,2360.7746582,482.911560059,261.580352783,14.0639533997,4.0416893959,7.47932767868,5.93996524811,14.661822319,7.27806329727,3.92192649841,1.9261354208,1.21726560593,0.185664966702,0.0118117984384,0.000528634991497,0.00000614902319285,9.03868357938e-9,1.34580985245e-10],"max":[0.0103276101872,0.801376879215,10.392988205,27.9084262848,119.069869995,212.332275391,175.367263794,196.026412964,511.606079102,723.322814941,1779.43225098,1832.8894043,1636.01965332,1538.59106445,1719.28771973,707.470336914,1266.40856934,1884.06408691,957.149536133,1087.28405762,1086.88964844,1087.64477539,1175.27209473,455.05960083,556.543334961,100.394355774,40.2918548584,60.5048904419,55.3476791382,105.75869751,76.1779632568,53.6351280212,49.1324691772,35.1459922791,13.3021364212,1.90466809273,0.341407746077,0.0274480897933,0.00185321457684,0.000125568607473],"mean":[0.000867362890858,0.0517011061311,0.780632674694,2.14086508751,6.99941062927,13.5998287201,9.22141838074,9.52861785889,17.7642841339,16.6757411957,39.2426452637,59.9973716736,46.2545547485,79.4073028564,33.028591156,19.8790454865,27.4967765808,39.5310554504,30.6183891296,19.7531394958,23.2332286835,28.1513175964,21.1954612732,11.1919927597,5.32052612305,2.09826350212,1.11152637005,0.804972052574,0.783926665783,0.80756098032,0.76156437397,0.738372385502,0.574443995953,0.271468251944,0.127120941877,0.0514424107969,0.0103025585413,0.000781201932114,0.0000313629680022,0.0000231171907217],"median":[0.000478445639601,0.0166091676801,0.312238007784,1.04902672768,3.29913926125,7.01531219482,4.79027366638,3.90185809135,6.30587148666,6.07286214828,8.35794639587,9.08784103394,7.54867982864,9.33560657501,6.97231578827,4.79572725296,4.09641456604,3.75847196579,3.3725502491,2.19874596596,2.17184090614,2.37474679947,2.62833666801,2.2330327034,1.55233311653,1.03115808964,0.487792640924,0.241827100515,0.20765376091,0.17626939714,0.224045053124,0.254935353994,0.18151986599,0.0675389245152,0.029727363959,0.0160774048418,0.00314624467865,0.000189285347005,0.0000180290171556,0.0000173355929292],"min":[1.28719370441e-21,5.93977879918e-21,8.18789091421e-21,1.09946641744e-20,2.30094401151e-19,4.82660249316e-19,4.39651510354e-19,1.55531668651e-18,8.54696879027e-19,5.05838573863e-19,1.12549895777e-18,2.24303195945e-18,5.17374486384e-19,1.365185397e-18,3.42811211636e-18,4.48082166177e-18,2.88418482212e-18,2.626292241e-18,8.98656131231e-18,2.0470165827e-17,1.26206858622e-17,1.26657150932e-17,1.50117101526e-17,1.35167019637e-17,2.05570876201e-17,1.65036346121e-17,1.73324877838e-17,1.12252768365e-17,1.32264823371e-17,1.60829735659e-17,1.57198197703e-17,1.58914068078e-17,1.57079580003e-17,1.5011382589e-17,1.23608403076e-17,4.51890092127e-18,2.96212694931e-18,1.58956155028e-18,3.01826133854e-19,3.81514503944e-20],"var":[0.00000114183558253,0.006469365675,1.33645796776,9.32758331299,92.9468307495,404.097930908,179.585586548,282.256195068,1215.53588867,1274.38012695,10089.5625,16737.0273438,11532.4589844,31147.3027344,7369.92285156,2327.17773438,5622.8046875,17391.0917969,6539.06542969,3615.57836914,4805.9375,6094.35595703,3511.14355469,744.449523926,223.728500366,15.0287313461,5.09733295441,7.19299650192,7.18544244766,20.5259361267,11.4135847092,5.52041053772,3.66992902756,1.4344111681,0.196980908513,0.0123783489689,0.000446698744781,0.00000346020669895,3.62625462991e-9,3.96203597708e-10]},"erbbands_crest":{"dmean":2.29562759399,"dmean2":3.63187646866,"dvar":5.14161348343,"dvar2":12.2039384842,"max":29.4260082245,"mean":10.3448534012,"median":9.5720205307,"min":1.99721252918,"var":20.4821891785},"erbbands_flatness_db":{"dmean":0.0162577200681,"dmean2":0.0234687943012,"dvar":0.000341319362633,"dvar2":0.000611801631749,"max":0.347216755152,"mean":0.194516375661,"median":0.193735092878,"min":0.0288321692497,"var":0.00324863754213},"erbbands_kurtosis":{"dmean":1.03692030907,"dmean2":1.59104335308,"dvar":2.29236793518,"dvar2":5.22280502319,"max":45.1778335571,"mean":1.7856631279,"median":0.587994277477,"min":-1.79922711849,"var":15.1547527313},"erbbands_skewness":{"dmean":0.319408386946,"dmean2":0.477222681046,"dvar":0.110232099891,"dvar2":0.232131645083,"max":5.37973308563,"mean":0.672668874264,"median":0.717638194561,"min":-3.13655257225,"var":0.750190615654},"erbbands_spread":{"dmean":5.7519569397,"dmean2":8.68179798126,"dvar":65.8546295166,"dvar2":147.192520142,"max":138.50920105,"mean":30.0749912262,"median":27.1321926117,"min":3.16231012344,"var":327.287811279},"gfcc":{"cov":[[19844.7363281,1517.31079102,-2013.6484375,-684.582702637,-712.014282227,72.8672790527,-781.358947754,315.675170898,-500.599121094,-729.977905273,-313.578979492,-499.931121826,-284.330200195],[1517.31079102,911.636413574,-253.004318237,-133.782928467,56.540977478,-87.5073242188,-13.8306016922,-50.0095329285,8.75312328339,-139.490463257,39.5163803101,-110.13911438,-12.0993671417],[-2013.6484375,-253.004318237,1084.82873535,459.809234619,-85.1299285889,60.1064720154,104.838745117,-114.343734741,-79.0753936768,131.792495728,-60.1449623108,111.847572327,-18.6696720123],[-684.582702637,-133.782928467,459.809234619,609.633850098,42.1721725464,-79.276802063,-54.9307785034,-84.0419540405,-0.593980073929,83.9091949463,-39.7335205078,80.5708694458,37.7870025635],[-712.014282227,56.540977478,-85.1299285889,42.1721725464,316.073028564,-9.57261753082,-36.3443756104,43.2689170837,92.1595458984,3.0149834156,22.9451007843,-5.23512363434,37.3298339844],[72.8672790527,-87.5073242188,60.1064720154,-79.276802063,-9.57261753082,207.80456543,103.209495544,13.2292718887,-27.1877346039,17.8325614929,-5.74276208878,-23.1223163605,-14.7752532959],[-781.358947754,-13.8306016922,104.838745117,-54.9307785034,-36.3443756104,103.209495544,256.122406006,-26.9529628754,-46.1553611755,48.0148124695,9.03800106049,17.6985874176,-8.29552364349],[315.675170898,-50.0095329285,-114.343734741,-84.0419540405,43.2689170837,13.2292718887,-26.9529628754,164.929321289,62.4369125366,-30.3682956696,22.1357383728,-19.4854869843,-16.8301448822],[-500.599121094,8.75312328339,-79.0753936768,-0.593980073929,92.1595458984,-27.1877346039,-46.1553611755,62.4369125366,161.417175293,10.738489151,31.4799995422,-14.0075778961,14.2915525436],[-729.977905273,-139.490463257,131.792495728,83.9091949463,3.0149834156,17.8325614929,48.0148124695,-30.3682956696,10.738489151,149.900741577,4.48803710938,42.8813018799,7.69356679916],[-313.578979492,39.5163803101,-60.1449623108,-39.7335205078,22.9451007843,-5.74276208878,9.03800106049,22.1357383728,31.4799995422,4.48803710938,113.256401062,5.6658987999,-15.0106983185],[-499.931121826,-110.13911438,111.847572327,80.5708694458,-5.23512363434,-23.1223163605,17.6985874176,-19.4854869843,-14.0075778961,42.8813018799,5.6658987999,104.461616516,15.3341503143],[-284.330200195,-12.0993671417,-18.6696720123,37.7870025635,37.3298339844,-14.7752532959,-8.29552364349,-16.8301448822,14.2915525436,7.69356679916,-15.0106983185,15.3341503143,81.162612915]],"icov":[[0.000257108302321,-0.000530478835572,0.000594934041146,-0.000437519076513,0.000678485957906,-0.000857969396748,0.000944309751503,-0.000836961262394,0.000960992183536,0.0000029531954624,0.000785906799138,-0.00010531173757,0.000612633361015],[-0.000530478835572,0.00285237142816,-0.00116282282397,0.00105511769652,-0.00185682740994,0.00280704023317,-0.00256271567196,0.00291558611207,-0.00209530768916,0.00136165530421,-0.00225525628775,0.00183661619667,-0.00100840488449],[0.000594934041146,-0.00116282282397,0.00323937740177,-0.00239592464641,0.00192511023488,-0.00275632855482,0.00166665774304,-0.00157727429178,0.00224413652904,-0.000281767046545,0.00235758372582,-0.00117010087706,0.00251616886817],[-0.000437519076513,0.00105511769652,-0.00239592464641,0.00404600426555,-0.00185632670764,0.00261438405141,-0.00072855304461,0.00218519056216,-0.00173182296567,-0.00060375611065,-0.00103052647319,-0.000169899183675,-0.00189818209037],[0.000678485957906,-0.00185682740994,0.00192511023488,-0.00185632670764,0.00607332028449,-0.00307754729874,0.00272763823159,-0.00298775476404,0.000708319363184,-0.000232245627558,0.001728951931,-0.000647511158604,0.0000521754445799],[-0.000857969396748,0.00280704023317,-0.00275632855482,0.00261438405141,-0.00307754729874,0.0106264408678,-0.00583473127335,0.00226588081568,-0.00215361756273,-0.000181411291123,-0.00255273561925,0.00361116440035,-0.00197289464995],[0.000944309751503,-0.00256271567196,0.00166665774304,-0.00072855304461,0.00272763823159,-0.00583473127335,0.00950471498072,-0.00286752847023,0.00454212073237,-0.00181823410094,0.00222972454503,-0.00173831090797,0.00182212062646],[-0.000836961262394,0.00291558611207,-0.00157727429178,0.00218519056216,-0.00298775476404,0.00226588081568,-0.00286752847023,0.012099343352,-0.00648464122787,0.00237427977845,-0.00308297900483,0.000432269036537,0.000389890890801],[0.000960992183536,-0.00209530768916,0.00224413652904,-0.00173182296567,0.000708319363184,-0.00215361756273,0.00454212073237,-0.00648464122787,0.0134680895135,-0.00225084950216,0.000966914813034,0.00150442961603,0.000514856248628],[0.0000029531954624,0.00136165530421,-0.000281767046545,-0.00060375611065,-0.000232245627558,-0.000181411291123,-0.00181823410094,0.00237427977845,-0.00225084950216,0.0102523481473,-0.000756603898481,-0.00161161751021,0.000398960604798],[0.000785906799138,-0.00225525628775,0.00235758372582,-0.00103052647319,0.001728951931,-0.00255273561925,0.00222972454503,-0.00308297900483,0.000966914813034,-0.000756603898481,0.0131369410083,-0.00272692833096,0.00461405375972],[-0.00010531173757,0.00183661619667,-0.00117010087706,-0.000169899183675,-0.000647511158604,0.00361116440035,-0.00173831090797,0.000432269036537,0.00150442961603,-0.00161161751021,-0.00272692833096,0.0149624580517,-0.00286136381328],[0.000612633361015,-0.00100840488449,0.00251616886817,-0.00189818209037,0.0000521754445799,-0.00197289464995,0.00182212062646,0.000389890890801,0.000514856248628,0.000398960604798,0.00461405375972,-0.00286136381328,0.0169287379831]],"mean":[-74.9358444214,103.237922668,-124.779342651,7.20155000687,-69.4824066162,1.12422597408,-52.7460899353,6.77931547165,-37.2650794983,-12.7750301361,-20.0121669769,-8.54550170898,-15.3063325882]},"hfc":{"dmean":3.82995629311,"dmean2":5.06938695908,"dvar":49.8509292603,"dvar2":92.8277435303,"max":115.547264099,"mean":15.3796319962,"median":7.21271562576,"min":1.18171948752e-16,"var":307.064941406},"melbands":{"dmean":[0.00000723691255189,0.000146172067616,0.000239586312091,0.000392010028008,0.000209324192838,0.0000823548107292,0.000115720009489,0.0000964653663686,0.000164445445989,0.000131306922412,0.000109870234155,0.000138114119181,0.0000559878862987,0.0000320899343933,0.0000265005728579,0.0000251773399214,0.0000407724946854,0.0000255652703345,0.0000163943605003,0.000011685341633,0.0000126579898279,0.0000129239642774,0.000011194227227,0.00000715267424312,0.00000400302042181,0.00000214005626731,0.00000119479909699,5.45460466128e-7,3.94225253331e-7,2.95929140748e-7,2.95608174383e-7,2.86275167127e-7,2.59792670931e-7,2.85047576654e-7,2.50945419111e-7,2.62819582986e-7,2.4227571771e-7,2.27822781085e-7,1.75544641934e-7,1.35449866434e-7],"dmean2":[0.000010757853488,0.000237410276895,0.000393624126446,0.000619237136561,0.000311561103445,0.000123759440612,0.000164325349033,0.000141251992318,0.000226891206694,0.000192026345758,0.000160056792083,0.000204442156246,0.0000795424784883,0.0000475184715469,0.0000395769930037,0.0000384016020689,0.0000604301203566,0.0000379474367946,0.000023816648536,0.0000168280457729,0.0000167017460626,0.0000175991572178,0.0000158651364472,0.00000985849237622,0.00000585482530369,0.00000320407457366,0.00000184867531061,8.30425562981e-7,6.03570697422e-7,4.39112824324e-7,4.53531129097e-7,4.30940190199e-7,3.83927073244e-7,4.09957124248e-7,3.57054261713e-7,3.92082739609e-7,3.58445703341e-7,3.3855383208e-7,2.5490447797e-7,1.96125412799e-7],"dvar":[1.87636003957e-10,7.20296569057e-8,1.7197787372e-7,5.03679871144e-7,2.14715200286e-7,2.8232905791e-8,8.61592184265e-8,7.35359648729e-8,2.08552691561e-7,1.04506931109e-7,1.12882077019e-7,1.31356316047e-7,4.01012663076e-8,9.88722170803e-9,7.41867367537e-9,9.64560875616e-9,2.58977568279e-8,6.79750256083e-9,3.12012216064e-9,2.02950523054e-9,2.13811324201e-9,1.76377679129e-9,1.20011200977e-9,7.39542260764e-10,1.67177577337e-10,6.00108296389e-11,3.9392423351e-11,1.41687475554e-12,8.74672404817e-13,1.15126582313e-12,1.41175179186e-12,8.96581040747e-13,2.21406031529e-12,2.82982643394e-12,1.59328648365e-12,1.25123121499e-12,7.79431261286e-13,6.43816434626e-13,6.03686480145e-13,5.108536749e-13],"dvar2":[3.94196314479e-10,2.04116332725e-7,4.63281310203e-7,0.00000121900052363,4.73397221867e-7,6.09876309454e-8,1.74363876226e-7,1.65177354461e-7,3.79934078865e-7,2.0034704562e-7,2.77623882994e-7,2.77298539686e-7,7.28714013576e-8,2.05509937956e-8,1.47907819326e-8,2.10917647792e-8,6.26964649086e-8,1.48048648896e-8,6.5003633587e-9,4.06464506497e-9,3.48287820806e-9,2.80069012426e-9,2.38439046285e-9,1.52539880727e-9,3.24259868956e-10,1.33439370664e-10,9.6516440673e-11,2.95899936498e-12,1.9291300328e-12,2.28889997234e-12,3.24655276621e-12,1.85935273254e-12,4.38880355669e-12,5.19541831431e-12,2.76474524698e-12,2.45885018076e-12,1.41895588161e-12,1.11535162616e-12,1.10777543822e-12,1.09117326719e-12],"max":[0.000278038409306,0.0037556765601,0.00743209104985,0.0109274461865,0.00774746760726,0.00383557472378,0.0071199494414,0.00886581093073,0.0136878984049,0.00983345042914,0.00810782145709,0.0065120276995,0.00818925444037,0.00252564321272,0.00283072260208,0.00377192301676,0.00419615302235,0.00163110578433,0.00137868232559,0.00197682459839,0.00145785859786,0.00137474632356,0.000890482275281,0.00103336013854,0.000401222554501,0.000287209782982,0.000341533625033,0.0000316200057568,0.0000235958086705,0.0000445960395155,0.0000411879300373,0.0000237878703047,0.00005898827294,0.0000670104855089,0.0000432213455497,0.0000385004095733,0.0000321403567796,0.0000339698526659,0.0000374421542801,0.0000343907158822],"mean":[0.0000174070210051,0.000283344008494,0.000495198590215,0.000774927670136,0.000416093040258,0.000208564699278,0.000269754818873,0.00018407710013,0.000372898764908,0.000342157029081,0.000229218465392,0.000340620666975,0.000117185496492,0.000063033287006,0.0000574797195441,0.0000501502363477,0.0000775941225584,0.0000487232937303,0.0000298079048662,0.0000234232338698,0.0000284448506136,0.00003011366789,0.0000250576849794,0.0000145026297105,0.00000859250394569,0.00000462052139483,0.00000237423205363,0.00000114873205348,7.56886436193e-7,4.97864334648e-7,4.46820621391e-7,4.57028875189e-7,4.0770228793e-7,4.55284720147e-7,4.24992066428e-7,4.5559369255e-7,4.44747570327e-7,4.27902477895e-7,3.0139577234e-7,2.09158486086e-7],"median":[0.00000636857748759,0.000109410597361,0.000246017763857,0.000439108349383,0.000211428487091,0.0000800309426268,0.0000948154993239,0.0000560047628824,0.0000630187278148,0.0000479354748677,0.0000318967468047,0.0000347622080881,0.0000205567321245,0.0000128611663968,0.00000982788697002,0.00000766086395743,0.00000633736226519,0.00000477392495668,0.00000317489616464,0.00000264626737589,0.00000239041810346,0.00000229357033277,0.00000245862088377,0.00000212126042243,0.00000167425571362,0.0000011052542277,7.82821473422e-7,5.87469457969e-7,3.35702310394e-7,1.47442278831e-7,1.17175353864e-7,1.20131346648e-7,8.68715304136e-8,8.92066651659e-8,1.11303769756e-7,1.42563564509e-7,1.4364097467e-7,1.32070795189e-7,7.41763415135e-8,4.34646416636e-8],"min":[1.28322291624e-23,5.33326099383e-24,5.53109192607e-24,3.08214455884e-23,1.63002470841e-23,3.37586177077e-23,1.1741010494e-23,5.44127853429e-24,1.29664136135e-23,1.27712178711e-23,2.13533642434e-24,4.7393757388e-24,1.04031110762e-23,1.15073041399e-23,8.7676367589e-24,5.4485384212e-24,4.42507580479e-24,1.20057940234e-23,2.53756042826e-23,2.55310051478e-23,1.25180937059e-23,1.31082437045e-23,1.1719555844e-23,1.50578968657e-23,9.34551208185e-24,1.60673390573e-23,1.07394924103e-23,1.16825961328e-23,9.51373351445e-24,1.04202364576e-23,5.81802075325e-24,7.0228065986e-24,9.28952662341e-24,8.63163240567e-24,8.55779029178e-24,1.00540022603e-23,9.9135305878e-24,1.03954236267e-23,1.30097354879e-23,1.24411750345e-23],"var":[6.84997170097e-10,1.80502098601e-7,4.3767025204e-7,9.44903888467e-7,3.68845093135e-7,1.31231288947e-7,2.8114362749e-7,1.54791223395e-7,7.68217205405e-7,5.52439303192e-7,2.94602671147e-7,6.00905138981e-7,1.53330034891e-7,2.83258394518e-8,2.65370019292e-8,1.98470218038e-8,7.68631025494e-8,1.87412485531e-8,7.98050336925e-9,5.05927255645e-9,8.15049894243e-9,8.31903079757e-9,4.75066119776e-9,1.70668723598e-9,4.77232864338e-10,1.65731567359e-10,5.46658968092e-11,3.65690550758e-12,1.98426843533e-12,2.61224093571e-12,2.44605854668e-12,1.84640063655e-12,4.73112478014e-12,7.18013972931e-12,4.09870401508e-12,2.66071453064e-12,1.93741984261e-12,1.8458179863e-12,1.56233121058e-12,9.91058363847e-13]},"melbands_crest":{"dmean":2.70460963249,"dmean2":4.30841779709,"dvar":6.24818563461,"dvar2":16.0767936707,"max":34.400478363,"mean":13.7060489655,"median":12.9556760788,"min":2.85399484634,"var":22.1484413147},"melbands_flatness_db":{"dmean":0.0197840966284,"dmean2":0.0303538180888,"dvar":0.000464390119305,"dvar2":0.00106076977681,"max":0.468324363232,"mean":0.226800173521,"median":0.225542366505,"min":0.00991926994175,"var":0.00262898416258},"melbands_kurtosis":{"dmean":5.81848287582,"dmean2":8.98077201843,"dvar":140.929275513,"dvar2":318.440093994,"max":324.335754395,"mean":13.837392807,"median":6.16869592667,"min":-1.85075175762,"var":461.681030273},"melbands_skewness":{"dmean":0.568914473057,"dmean2":0.849363029003,"dvar":0.481450587511,"dvar2":1.03663146496,"max":13.1885347366,"mean":2.30629014969,"median":2.0078125,"min":-1.40955793858,"var":3.40805745125},"melbands_spread":{"dmean":3.96620583534,"dmean2":5.80990982056,"dvar":39.8595962524,"dvar2":69.5656204224,"max":185.573104858,"mean":16.7672138214,"median":13.4130678177,"min":0.939171254635,"var":189.178039551},"mfcc":{"cov":[[11159.6220703,1762.78198242,-964.77734375,-608.866333008,203.732879639,-576.685058594,-45.8180656433,287.812713623,-149.01953125,96.3679199219,-128.792922974,-104.055961609,-412.62008667],[1762.78198242,1276.2713623,-274.149902344,-151.698364258,24.4272003174,-127.527313232,18.6195468903,54.0434608459,-79.0614776611,23.3168048859,-45.0863227844,-16.743019104,-110.48299408],[-964.77734375,-274.149902344,964.438598633,331.142211914,-146.70475769,215.665771484,59.4925498962,-52.0502090454,-22.626121521,-53.6430931091,-49.8685493469,-1.54559350014,36.9111824036],[-608.866333008,-151.698364258,331.142211914,594.120788574,98.9516067505,110.18145752,-75.0476760864,-77.5241165161,23.1056041718,-116.605148315,-29.7020359039,0.845364630222,82.2282333374],[203.732879639,24.4272003174,-146.70475769,98.9516067505,379.079162598,-78.7779998779,-104.606025696,15.437997818,35.0321769714,15.4005470276,-2.5551302433,27.4372177124,4.93335771561],[-576.685058594,-127.527313232,215.665771484,110.18145752,-78.7779998779,271.974090576,88.4536743164,-55.3911857605,36.9142951965,-28.0155963898,7.39985704422,-16.3035793304,28.2204608917],[-45.8180656433,18.6195468903,59.4925498962,-75.0476760864,-104.606025696,88.4536743164,203.644546509,33.2535362244,-9.15119838715,18.7981643677,21.5616283417,-1.60813570023,-9.30271816254],[287.812713623,54.0434608459,-52.0502090454,-77.5241165161,15.437997818,-55.3911857605,33.2535362244,140.009887695,-0.887266695499,33.2861289978,2.97444820404,14.6973056793,-11.9775543213],[-149.01953125,-79.0614776611,-22.626121521,23.1056041718,35.0321769714,36.9142951965,-9.15119838715,-0.887266695499,135.420639038,17.7257137299,0.128324940801,-7.92198371887,11.8837614059],[96.3679199219,23.3168048859,-53.6430931091,-116.605148315,15.4005470276,-28.0155963898,18.7981643677,33.2861289978,17.7257137299,142.278640747,24.2637329102,0.103450022638,-23.478849411],[-128.792922974,-45.0863227844,-49.8685493469,-29.7020359039,-2.5551302433,7.39985704422,21.5616283417,2.97444820404,0.128324940801,24.2637329102,103.567977905,32.4935073853,16.7535877228],[-104.055961609,-16.743019104,-1.54559350014,0.845364630222,27.4372177124,-16.3035793304,-1.60813570023,14.6973056793,-7.92198371887,0.103450022638,32.4935073853,89.7051925659,31.8466758728],[-412.62008667,-110.48299408,36.9111824036,82.2282333374,4.93335771561,28.2204608917,-9.30271816254,-11.9775543213,11.8837614059,-23.478849411,16.7535877228,31.8466758728,118.619018555]],"icov":[[0.000137497976539,-0.000130776970764,0.0000507817530888,0.0000178991995199,-0.000035456243495,0.000123462174088,-0.0000104605560409,-0.000148563864059,0.0000285179703496,0.0000560186854273,0.0000593467157159,0.0000809319753898,0.000262674962869],[-0.000130776970764,0.00109420868102,0.000247137068072,-0.000115079972602,0.0000407346815336,0.0000237579552049,-0.000235600993619,0.0000268745552603,0.000483433075715,-0.000131374763441,0.000482222443679,-0.000257823965512,0.000470683677122],[0.0000507817530888,0.000247137068072,0.00187492696568,-0.00112704373896,0.000775620224886,-0.000889112532604,-0.000158085676958,-0.000257122388575,0.000723769830074,-0.00066366198007,0.0011783677619,-0.000781440932769,0.000585089670494],[0.0000178991995199,-0.000115079972602,-0.00112704373896,0.00340475630946,-0.00132200750522,-0.000609309994616,0.000868122908287,0.000493189843837,-0.000335284275934,0.00200513144955,-0.000246350187808,0.000756953319069,-0.00147456885315],[-0.000035456243495,0.0000407346815336,0.000775620224886,-0.00132200750522,0.00395197561011,0.000284356734483,0.00131683237851,-0.000576713122427,-0.000672621768899,-0.00107013003435,0.000401446974138,-0.00146108411718,0.000593850680161],[0.000123462174088,0.0000237579552049,-0.000889112532604,-0.000609309994616,0.000284356734483,0.00699459854513,-0.00328691536561,0.00228284974582,-0.0020629670471,0.000639347359538,-0.000745660043322,0.00112418318167,-0.000415797432652],[-0.0000104605560409,-0.000235600993619,-0.000158085676958,0.000868122908287,0.00131683237851,-0.00328691536561,0.00804649852216,-0.00266655115411,0.000772981205955,-0.000366990308976,-0.00121228257194,-0.0000943266059039,0.000327045534505],[-0.000148563864059,0.0000268745552603,-0.000257122388575,0.000493189843837,-0.000576713122427,0.00228284974582,-0.00266655115411,0.00955830235034,-0.000777089851908,-0.00104961637408,0.000689135573339,-0.00138374581002,-0.000372457434423],[0.0000285179703496,0.000483433075715,0.000723769830074,-0.000335284275934,-0.000672621768899,-0.0020629670471,0.000772981205955,-0.000777089851908,0.00896942988038,-0.00167111249175,0.000690150714945,0.000829602766316,-0.000491967890412],[0.0000560186854273,-0.000131374763441,-0.00066366198007,0.00200513144955,-0.00107013003435,0.000639347359538,-0.000366990308976,-0.00104961637408,-0.00167111249175,0.00969267077744,-0.00242628646083,0.00105825893115,0.000791167607531],[0.0000593467157159,0.000482222443679,0.0011783677619,-0.000246350187808,0.000401446974138,-0.000745660043322,-0.00121228257194,0.000689135573339,0.000690150714945,-0.00242628646083,0.0128304595128,-0.00460719456896,-0.000529715674929],[0.0000809319753898,-0.000257823965512,-0.000781440932769,0.000756953319069,-0.00146108411718,0.00112418318167,-0.0000943266059039,-0.00138374581002,0.000829602766316,0.00105825893115,-0.00460719456896,0.0151709001511,-0.00388998445123],[0.000262674962869,0.000470683677122,0.000585089670494,-0.00147456885315,0.000593850680161,-0.000415797432652,0.000327045534505,-0.000372457434423,-0.000491967890412,0.000791167607531,-0.000529715674929,-0.00388998445123,0.0120099438354]],"mean":[-709.961181641,137.399307251,-6.47624778748,3.9944999218,-0.627197682858,-16.421957016,-5.57914161682,-0.162284597754,-12.5472412109,-4.32275104523,-11.0705451965,-8.30309963226,-13.0488615036]},"pitch_salience":{"dmean":0.061038736254,"dmean2":0.0971065685153,"dvar":0.00323165906593,"dvar2":0.0081457272172,"max":0.930722475052,"mean":0.59304779768,"median":0.599596560001,"min":0.187814682722,"var":0.0110609009862},"silence_rate_20dB":{"dmean":0,"dmean2":0,"dvar":0,"dvar2":0,"max":1,"mean":1,"median":1,"min":1,"var":0},"silence_rate_30dB":{"dmean":0,"dmean2":0,"dvar":0,"dvar2":0,"max":1,"mean":1,"median":1,"min":1,"var":0},"silence_rate_60dB":{"dmean":0.0323501415551,"dmean2":0.0647079795599,"dvar":0.0313068069518,"dvar2":0.0681354701519,"max":1,"mean":0.165655851364,"median":0,"min":0,"var":0.138223946095},"spectral_centroid":{"dmean":146.538787842,"dmean2":215.445114136,"dvar":47207.9804688,"dvar2":82624.890625,"max":11320.3154297,"mean":979.530456543,"median":845.245910645,"min":209.10496521,"var":281097.03125},"spectral_complexity":{"dmean":1.83016180992,"dmean2":2.93112874031,"dvar":4.84669542313,"dvar2":10.0440006256,"max":40,"mean":11.7057914734,"median":11,"min":0,"var":38.0243988037},"spectral_contrast_coeffs":{"dmean":[0.0449052155018,0.0397221073508,0.0350041128695,0.0295344572514,0.0251585002989,0.0171283204108],"dmean2":[0.0749052166939,0.0626550316811,0.0554970949888,0.0459877178073,0.0377050116658,0.0269955806434],"dvar":[0.00141200423241,0.00122208276298,0.000972873007413,0.000707686296664,0.000638884666841,0.00021601789922],"dvar2":[0.00375118572265,0.0028810929507,0.00214380049147,0.00145029765554,0.00114073441364,0.000518460932653],"max":[-0.273188203573,-0.395573794842,-0.41955524683,-0.484944671392,-0.489518672228,-0.648971498013],"mean":[-0.524467229843,-0.69586712122,-0.70772010088,-0.752031326294,-0.759015500546,-0.802695095539],"median":[-0.512593686581,-0.695033490658,-0.727504074574,-0.763763606548,-0.773411154747,-0.803424358368],"min":[-0.958559930325,-0.970479846001,-0.971288859844,-0.969531953335,-0.970454216003,-0.95741134882],"var":[0.0101456679404,0.00774240633473,0.0100713390857,0.00607704557478,0.00547223072499,0.00133683346212]},"spectral_contrast_valleys":{"dmean":[0.43634095788,0.310267984867,0.300391465425,0.277950882912,0.238824903965,0.295872867107],"dmean2":[0.735688269138,0.505369603634,0.482728660107,0.436523348093,0.36028021574,0.422280281782],"dvar":[0.151802644134,0.086309581995,0.0901202782989,0.085991345346,0.0702356770635,0.13078597188],"dvar2":[0.364243835211,0.19286057353,0.193434759974,0.170068740845,0.114984586835,0.218215569854],"max":[-6.43111562729,-5.16908788681,-4.50582838058,-5.5524430275,-6.08031272888,-7.72340583801],"mean":[-8.77439117432,-7.36432409286,-8.04884433746,-8.62413406372,-8.64002799988,-11.0991020203],"median":[-8.53821277618,-7.09969997406,-7.76858139038,-8.38112640381,-8.4135684967,-10.8809165955],"min":[-27.8373851776,-26.8058891296,-27.1858081818,-27.2935390472,-26.9379253387,-27.3341236115],"var":[1.74473333359,1.8930464983,2.02513003349,1.86928546429,1.61180186272,1.64604187012]},"spectral_decrease":{"dmean":1.13087139653e-9,"dmean2":1.64545133075e-9,"dvar":2.80894757553e-18,"dvar2":5.68642499685e-18,"max":-8.90569566511e-29,"mean":-4.52401227591e-9,"median":-3.34599614682e-9,"min":-2.63720263405e-8,"var":1.52889446979e-17},"spectral_energy":{"dmean":0.00456898985431,"dmean2":0.00660019880161,"dvar":0.000046706678404,"dvar2":0.0000937211007113,"max":0.106514625251,"mean":0.0184697248042,"median":0.0134041104466,"min":1.10546703117e-20,"var":0.000261556124315},"spectral_energyband_high":{"dmean":0.000068325054599,"dmean2":0.0000927394576138,"dvar":6.7198989484e-8,"dvar2":1.01672213759e-7,"max":0.00939470995218,"mean":0.000152430759044,"median":0.0000684662154526,"min":7.82597273903e-21,"var":2.12527851318e-7},"spectral_energyband_low":{"dmean":0.000635115371551,"dmean2":0.00104917516001,"dvar":0.00000113844862426,"dvar2":0.00000330922125613,"max":0.0190459024161,"mean":0.00132775097154,"median":0.000641287653707,"min":5.6235104521e-23,"var":0.0000029896648357},"spectral_energyband_middle_high":{"dmean":0.00185913115274,"dmean2":0.00256848963909,"dvar":0.0000143622701216,"dvar2":0.0000275328620774,"max":0.0799395889044,"mean":0.00671187695116,"median":0.00158184557222,"min":1.87276316011e-21,"var":0.0000944411149248},"spectral_energyband_middle_low":{"dmean":0.00337318563834,"dmean2":0.00504381628707,"dvar":0.0000256943949353,"dvar2":0.0000550909790036,"max":0.0893734097481,"mean":0.0109139624983,"median":0.00874536670744,"min":4.50380809899e-22,"var":0.000095448900538},"spectral_entropy":{"dmean":0.168142065406,"dmean2":0.249663710594,"dvar":0.0374298915267,"dvar2":0.0759591013193,"max":9.80521965027,"mean":7.09868383408,"median":7.04650974274,"min":5.22561979294,"var":0.224097177386},"spectral_flux":{"dmean":0.0231339875609,"dmean2":0.0386856868863,"dvar":0.00079408910824,"dvar2":0.00219820952043,"max":0.273974627256,"mean":0.0599878430367,"median":0.0486993528903,"min":1.05141194362e-10,"var":0.00206424342468},"spectral_kurtosis":{"dmean":2.19072127342,"dmean2":3.6542224884,"dvar":5.59342288971,"dvar2":15.4814004898,"max":52.0198669434,"mean":7.55260848999,"median":6.71826601028,"min":-1.20581412315,"var":20.4948101044},"spectral_rms":{"dmean":0.000503873976413,"dmean2":0.000715198635589,"dvar":4.29029825e-7,"dvar2":7.94068512278e-7,"max":0.0101939542219,"mean":0.00376119744033,"median":0.00361623847857,"min":3.28405922248e-12,"var":0.00000387259296986},"spectral_rolloff":{"dmean":304.345275879,"dmean2":498.624603271,"dvar":715916.8125,"dvar2":1703876.5,"max":18647.7539063,"mean":1240.30627441,"median":882.861328125,"min":107.666015625,"var":1809709.875},"spectral_skewness":{"dmean":0.240281373262,"dmean2":0.388734430075,"dvar":0.0539095625281,"dvar2":0.132296323776,"max":5.84037542343,"mean":2.07439208031,"median":2.04039287567,"min":-0.026226464659,"var":0.297137975693},"spectral_spread":{"dmean":513880.40625,"dmean2":758097.125,"dvar":611313516544,"dvar2":1081838272510,"max":40826536,"mean":4076987.75,"median":3713078.75,"min":1343847.5,"var":2737536761860},"spectral_strongpeak":{"dmean":0.51634901762,"dmean2":0.845053672791,"dvar":0.745116114616,"dvar2":1.82026863098,"max":11.4477386475,"mean":1.35010969639,"median":0.644518196583,"min":0,"var":2.52616715431},"zerocrossingrate":{"dmean":0.00758549105376,"dmean2":0.00921450089663,"dvar":0.000139951473102,"dvar2":0.000186656863661,"max":0.50439453125,"mean":0.0486135706306,"median":0.04150390625,"min":0.00390625,"var":0.00119723868556}},"metadata":{"audio_properties":{"analysis_sample_rate":44100,"bit_rate":128000,"codec":"mp3","downmix":"mix","equal_loudness":0,"length":195.213058472,"lossless":false,"md5_encoded":"b6ea7fe5c46a04ddf3573d0251e81fb2","replay_gain":-5.7824420929,"sample_rate":44100},"tags":{"acoustid_fingerprint":["AQADtJu0hEmR28aOPVFpKO6J6jma5FZw2cIfPIQf4zq-40cfHe5R5aiOAx-8n-hn_KjyoOmS4NrRKbvQ7Md3xFesouZh68IPM4ZXoo9wPE8QyhesJMqgSS_65MFF4sh3vNHRS8H3I5-OioHHDC_EHI264FyOD4-OZkeP7_hxNCNz9PPwF-rRWESPO9CPZ8f14AK0D2F4vD0u9DuaLz2OtO-Q_DgPP0l8XFJwJngi5sbFPMKeCX0-hCmP5MmCZySuo3mKqnqCP7iCJyHyHJoS7UOY7JjZ1QjzRtBOokeYj8ePP8J3RA0LPdERvkaT_-CFYxJ1dA2u_3gm8fjx1XiO-viOZPKRn0H1BFMe_MKcVQ3SCzoeRaHwbTlCGc2O6wz-5Wie40raxHCP9Efy4z38vUL_DJPpHE4ZWGF4HI6ysMEl-DdeVGfRjRqatMcz5gSLHE2Vc8HFOEjz5Qj_odESPUhmRji848kjPDp-NM_R58V_xFKW2NCpIN_RPPkQXmmC-1A8xPExJUd_nGHx4-uD_sHOBNeOxsVxMQ3yvBCPnE6ILwquEP1YuBLaZfgRO9il4ye0MEp04B5wKjisXPhxHJ6GI52CH69AnOpxRUOZCqeG5EueFKGY5pjylvjRCw3zJMFT4z_SQ0eu40meoHomDU-OLZZK9AerH3mPZmyHHv-Ll3C0ZEmDX_iP82iqdqAZHcJZgY_QkDNYOcbvQtsTOOqFlCHKaUf9wz8qokuHPT2qybiF6cqDBj-Syj_y4yjJgMmF5xEe9MyP5lKOH2uPWHkmJF-boEeDbz3-EesTXDoeJUEyO0if-ahylPfQZNlyfFF5sA_CRB20_sh_XCmDkYlW_HiPUIq1olkP3UV46UHTRyr-oC98CvuD5ngRO3kMOUmeIJ2O0XgwST-aJ8eKL9ERvscp6OMxHfqOp0UPn0GPeJmP__gLhlSSoHJTPJGJwj1iMyohxtkRHv2RPnPQpzjOQ0soRQj3w1EwsxWe45ng48qPH3d0JDTiHD_-oNxh9DlRj_ARSVQWPLmghUqOPcZnlFRiIycaxgip-DiPB-KZ4McZ4UkSpalQ6jSaQzEz4rgKPYcuHX0Gc8SLw7dxHD98HA-L65CJlLh08Dicq8epo2FEC2-L3emGfjtxCaYeIpmkF7lx4QkcC0-SPJjSS-hCjUvx_CiRJTqh5zhJgXkO10HLHTeaHNpzaEbDpMaXw8eJB3Q2vIpW_NCP5jr6REdPo9mLXdpS1D7hJGfgmFD2g3mC6Lzwy3gqHf2RrqOOK-OK5nvwQKVEnJjyZbCfgLEu9InyQMt1xHg-_NHBH-5EfEmPZt8K7TPeTGD0oXlwZSm-CM2SI_0TJNEvvD32lBkc4TmR51KQ_MvxZjmoijhxEg-THaGuKrAVydDlwt2HL8QjpoZX9FD44LlU7EcpjkgX_WgePBn6C42dFRxNPAgX-oSXB1R19D94SeieHFr-DIebHJd2vJXwZ0iOpgzqhDkuZiJW7cEZ57CGVzlyJDNFouzy4McXSjn84sU3HWEU_dD0LxmiF