{"lowlevel":{"average_loudness":0.74719953537,"barkbands":{"dmean":[0.00185315334238,0.00601503998041,0.00227011786774,0.00206193118356,0.00246568373404,0.00103198911529,0.000846970127895,0.000608531583566,0.000577691418584,0.000446207559435,0.000458457216155,0.000709484738763,0.000500379945152,0.000429856270785,0.000271704280749,0.000352960720193,0.000188327001524,0.000168157654116,0.000170089144376,0.000102008969407,0.0000646551707177,0.0000220945366891,0.00000629719397693,0.00000256043404079,0.00000220837159759,0.00000461955642095,0.00029876769986],"dmean2":[0.00316014024429,0.0101422527805,0.00376448594034,0.00340214860626,0.00405464041978,0.00164303078782,0.00138915644493,0.0010021639755,0.000957747339271,0.000736332440283,0.000740550865885,0.00114403292537,0.000809590681456,0.000690120738,0.000441351527115,0.00055801711278,0.000300416344544,0.000250786426477,0.000246128707658,0.000141946613439,0.0000945638021221,0.0000308412090817,0.00000927760538616,0.00000424679956268,0.00000374050591745,0.00000709975029167,0.000436762697063],"dvar":[0.000013637376469,0.0000999311741907,0.0000141610589708,0.0000184431264643,0.000026711179089,0.00000738784092391,0.00000506855258209,0.00000282579344457,0.00000268941630566,0.00000161479624694,0.0000017467524458,0.00000353478185389,0.00000135705874982,8.61351736603e-7,2.59446466089e-7,4.60990520423e-7,1.35642508781e-7,1.86306394312e-7,6.3869947553e-7,3.35370685889e-7,1.8714483474e-7,1.1319375659e-8,3.74263758873e-10,2.3925774556e-11,1.61018108569e-11,8.70709615519e-11,2.35574376006e-7],"dvar2":[0.0000368842920579,0.000275756319752,0.0000374410883524,0.0000493001462019,0.0000666113919578,0.0000178407699423,0.0000133864259624,0.00000735917774364,0.00000690905289957,0.00000422320681537,0.00000408940877605,0.00000855270263855,0.00000319765899803,0.00000210961115954,6.55167411878e-7,0.00000112742861802,3.23104529798e-7,3.94324558783e-7,0.00000145327771861,5.59131819955e-7,4.49631414767e-7,1.95081053533e-8,7.3557798741e-10,5.97091959209e-11,4.19927183304e-11,1.79684309098e-10,4.80635321765e-7],"max":[0.0691154152155,0.193014398217,0.073854111135,0.102674394846,0.106114596128,0.0806289762259,0.0562643781304,0.0353122539818,0.0344605073333,0.042481303215,0.0460201501846,0.0697221085429,0.0260139070451,0.0297042001039,0.0139484778047,0.0194960255176,0.0118990587071,0.0158325843513,0.0382186323404,0.0237521156669,0.0166810303926,0.00599486101419,0.000856310594827,0.000106138591946,0.0000785692318459,0.000198982408619,0.0126976137981],"mean":[0.00244578439742,0.0101819029078,0.00329261994921,0.00283150165342,0.00376513716765,0.00154706661124,0.00118384917732,0.000896086799912,0.000837129424326,0.00064618041506,0.000704414502252,0.00123794632964,0.000859260559082,0.000777132343501,0.000515947991516,0.000672925496474,0.000344569067238,0.000292988755973,0.00027541606687,0.00016528480046,0.0000977483286988,0.0000377453507099,0.00000985734914138,0.00000284184034172,0.00000226940846915,0.00000691053992341,0.000881878659129],"median":[0.000878141087014,0.00586723117158,0.00158844515681,0.00108037563041,0.00121126766317,0.000524249742739,0.000331713497872,0.000250679266173,0.000272569304798,0.00023268951918,0.000214557818254,0.000336489232723,0.000226039235713,0.000274123362033,0.000236197040067,0.00034057587618,0.000164582263096,0.000102800149762,0.0000608625232417,0.0000331033807015,0.000019137367417,0.0000083065169747,0.00000296557686852,9.5219945706e-7,7.64169612921e-7,0.00000251685560215,0.000536550534889],"min":[1.13906820992e-24,1.16518778892e-23,1.71316153647e-24,5.21681408016e-24,2.92990765699e-23,2.34699987478e-23,3.17222710996e-23,2.00679082986e-23,4.91171936406e-23,2.41177561029e-23,2.24832299964e-23,4.25053086318e-23,5.08976716363e-23,5.53690362213e-23,7.72516906333e-23,9.16496517093e-23,1.06858694324e-22,1.48402331026e-22,2.26025865446e-22,1.97239990227e-22,2.96898568054e-22,4.00589449418e-22,4.42416874097e-22,7.14453171747e-22,1.05899363733e-21,1.32022064731e-21,2.37406813475e-21],"var":[0.0000174354663613,0.000172586645931,0.0000242448713834,0.0000271657845587,0.0000516431719007,0.0000141535820148,0.00000778173125582,0.0000057859692788,0.000004217262358,0.00000226671136261,0.00000309892971018,0.0000101733212432,0.0000030262576729,0.00000214614260585,6.38651556528e-7,9.92536797639e-7,2.90105674594e-7,4.09400598755e-7,0.00000114109104743,7.32332978259e-7,2.64362682856e-7,2.19411315783e-8,6.78535339027e-10,2.96431594549e-11,1.71794887344e-11,1.93474763988e-10,0.00000113143073577]},"barkbands_crest":{"dmean":2.74540996552,"dmean2":4.53768157959,"dvar":5.85235357285,"dvar2":15.6418142319,"max":24.2361106873,"mean":9.86936569214,"median":9.19884586334,"min":2.57068753242,"var":15.4652271271},"barkbands_flatness_db":{"dmean":0.025275953114,"dmean2":0.039768781513,"dvar":0.000502027920447,"dvar2":0.00126076617744,"max":0.417293697596,"mean":0.145913541317,"median":0.139826998115,"min":0.0433097667992,"var":0.00177658954635},"barkbands_kurtosis":{"dmean":5.0345416069,"dmean2":8.06309318542,"dvar":193.483581543,"dvar2":512.686340332,"max":484.316345215,"mean":8.12226295471,"median":3.39014196396,"min":-1.76663959026,"var":286.40423584},"barkbands_skewness":{"dmean":0.632975399494,"dmean2":0.977609813213,"dvar":0.565462648869,"dvar2":1.31418895721,"max":16.1857757568,"mean":2.04951739311,"median":1.76093566418,"min":-2.17145943642,"var":2.31641674042},"barkbands_spread":{"dmean":7.52412891388,"dmean2":11.5198802948,"dvar":56.0804138184,"dvar2":118.601882935,"max":95.3600616455,"mean":29.8713855743,"median":28.0872211456,"min":0.351565748453,"var":278.711090088},"dissonance":{"dmean":0.0161757785827,"dmean2":0.0275772511959,"dvar":0.000270057556918,"dvar2":0.000732045329642,"max":0.500000119209,"mean":0.474161148071,"median":0.480222791433,"min":0.267939865589,"var":0.0005066083977},"dynamic_complexity":4.01328468323,"erbbands":{"dmean":[0.237251907587,1.25958096981,2.52794361115,4.81613445282,9.5112953186,6.88226032257,7.12662553787,8.49722099304,9.98806095123,13.1963701248,14.0896635056,12.8664255142,12.8420629501,16.4350547791,18.7280311584,26.6984329224,20.3683853149,22.4924373627,14.5920314789,15.4026536942,15.585483551,9.362616539,8.69419765472,9.0778055191,7.92006015778,4.66284418106,3.23782801628,1.91009104252,0.875684380531,0.423550903797,0.142990455031,0.0664632171392,0.0367361493409,0.0245614387095,0.0158488769084,0.00995387602597,0.00897444784641,0.0137685704976,0.0154402023181,0.00712820701301],"dmean2":[0.395093798637,2.14113759995,4.24597120285,7.92346191406,15.6045942307,11.3534574509,11.5516719818,13.6744565964,16.4785041809,21.7507610321,23.2131118774,21.1656703949,21.0550556183,26.8045024872,29.9049186707,43.9408493042,33.0367431641,35.9750328064,23.4169616699,24.4575099945,24.6560745239,14.6541051865,13.0277242661,13.464094162,11.3361186981,6.2495174408,4.69492864609,2.71208930016,1.20302987099,0.60338306427,0.214718192816,0.106326952577,0.0623690858483,0.0416886918247,0.0267652031034,0.0166517272592,0.0137450331822,0.0189062338322,0.0204735565931,0.0103373378515],"dvar":[0.17077948153,4.53128147125,17.6482315063,97.7915267944,432.170318604,193.264404297,453.744049072,461.386047363,797.475463867,1597.94726562,1723.55737305,1528.87963867,1651.62414551,2526.48339844,3130.65063477,5007.67871094,2193.8112793,2456.69165039,698.058410645,848.058044434,759.860168457,306.816314697,491.856536865,975.24786377,1742.82458496,640.627563477,463.682891846,135.941314697,18.8484954834,3.37779831886,0.119082547724,0.0179930515587,0.00476791104302,0.00202550552785,0.000814220577013,0.000311604089802,0.00036359592923,0.00215768394992,0.00345820491202,0.000117863681226],"dvar2":[0.469605118036,12.7598733902,48.197063446,258.953186035,1077.69018555,510.785186768,1107.76049805,1131.16540527,2131.35766602,4233.10449219,4538.23876953,3850.06835938,4124.98974609,6357.88378906,7569.28076172,13128.1669922,5278.82275391,6039.93310547,1777.46105957,2050.7746582,1836.24597168,723.461120605,1049.13305664,1969.59899902,3886.84570312,1056.80517578,1001.43212891,296.053649902,31.8407783508,6.62339544296,0.218590170145,0.0414030738175,0.0122120697051,0.00528243044391,0.00212276051752,0.000805310381111,0.000734158733394,0.00366455619223,0.00530540524051,0.000250371493166],"max":[6.38625383377,39.0162696838,54.328578949,301.575408936,401.309906006,212.930496216,617.028747559,522.177307129,984.529541016,986.04083252,945.998168945,866.556945801,1193.27868652,1994.83569336,2186.90551758,1800.27197266,1044.89221191,1383.22119141,592.666687012,966.9140625,764.913818359,461.126831055,772.530883789,1066.39160156,1758.1081543,1084.70837402,765.290771484,505.9112854,243.252609253,98.2804718018,11.8500127792,3.27577781677,1.3038687706,0.886187434196,0.554916143417,0.310695976019,0.512618660927,2.07612609863,2.18394827843,0.377338379622],"mean":[0.375105977058,1.92811572552,3.95968985558,7.28018569946,13.4223842621,10.3819618225,10.5783605576,12.5005741119,14.2157430649,19.2850227356,21.9562740326,19.4383926392,18.8160800934,26.0968379974,33.8557357788,48.6102523804,38.5303077698,42.7038230896,31.6592140198,32.4528656006,31.6276016235,18.8726329803,15.8796606064,15.5133237839,12.29185009,7.72159290314,4.98695373535,3.01853966713,1.50837314129,0.688716351986,0.227539762855,0.0837367624044,0.0374716185033,0.0249951705337,0.0165347419679,0.010880574584,0.0136126009747,0.0258457157761,0.0341359563172,0.0270091965795],"median":[0.166181728244,1.04736864567,2.05289840698,3.42861819267,4.06754827499,3.56107544899,4.1315369606,4.097260952,4.38969564438,5.65164899826,6.50021791458,6.25663757324,7.03444051743,9.66615390778,11.1275959015,13.6953125,10.7613830566,13.8099689484,14.8004846573,16.5700931549,16.7944107056,9.68421840668,6.26403951645,4.20547151566,2.55904436111,1.60790812969,0.954548239708,0.572913467884,0.329093128443,0.168540194631,0.0716925263405,0.0279191415757,0.0125071387738,0.00826200377196,0.00572820147499,0.0040577002801,0.00487115513533,0.00804001279175,0.013221106492,0.018828952685],"min":[3.73782012105e-22,2.67343865209e-21,2.08668345641e-21,1.99903397698e-20,2.08821826418e-20,9.42241306512e-20,7.68384226872e-20,2.43768678953e-19,4.04731176067e-19,4.68942492833e-19,9.00023067873e-19,1.38358561614e-18,8.59308204147e-19,9.46113054616e-19,1.53552101368e-18,2.23047225582e-18,2.38998969426e-18,2.41815767566e-18,3.03570528518e-18,3.51653999859e-18,4.73393686126e-18,6.67375687498e-18,9.21276212262e-18,9.21736290118e-18,1.0837204225e-17,1.04082258778e-17,1.31912965554e-17,1.34923332229e-17,1.43377366243e-17,1.25975926338e-17,1.17273341093e-17,1.1663168882e-17,1.23906436251e-17,1.13910487944e-17,6.87375922093e-18,4.91826206665e-18,2.72372212304e-18,1.16443951908e-18,3.16880691755e-19,3.6106621146e-20],"var":[0.272014975548,7.10696411133,29.9268913269,154.846618652,751.002624512,348.989227295,750.026672363,787.727661133,1127.98840332,2689.00097656,3630.49658203,2446.81323242,2508.25048828,3795.43408203,6813.10839844,12126.0771484,5353.05664062,6241.81884766,2118.10693359,2122.17651367,1857.26147461,721.032592773,1066.98815918,2132.4230957,2948.8347168,1465.71252441,764.886352539,218.303207397,37.8527641296,5.37870693207,0.272446721792,0.0288957785815,0.00503202294931,0.00213303952478,0.000882251362782,0.000349734618794,0.000816229148768,0.00482506630942,0.00916839204729,0.000810162164271]},"erbbands_crest":{"dmean":2.7197766304,"dmean2":4.47644901276,"dvar":6.37840652466,"dvar2":16.2836513519,"max":28.6305961609,"mean":8.81672286987,"median":7.85243797302,"min":2.54257059097,"var":15.6357107162},"erbbands_flatness_db":{"dmean":0.0223518628627,"dmean2":0.0348487868905,"dvar":0.000346073240507,"dvar2":0.000837453408167,"max":0.322015315294,"mean":0.164408862591,"median":0.160406664014,"min":0.0571362413466,"var":0.00182928994764},"erbbands_kurtosis":{"dmean":1.20514595509,"dmean2":1.89039611816,"dvar":4.94979715347,"dvar2":11.2775526047,"max":74.6623916626,"mean":0.8762114048,"median":0.0740106105804,"min":-1.7753777504,"var":9.58031177521},"erbbands_skewness":{"dmean":0.397886544466,"dmean2":0.597386837006,"dvar":0.146230384707,"dvar2":0.311755359173,"max":7.3253827095,"mean":-0.209313616157,"median":-0.268119305372,"min":-5.78110170364,"var":0.799011588097},"erbbands_spread":{"dmean":6.50580310822,"dmean2":10.1174707413,"dvar":43.1241836548,"dvar2":100.565437317,"max":100.384658813,"mean":29.3381099701,"median":27.1723823547,"min":2.77910256386,"var":225.712539673},"gfcc":{"cov":[[7379.31445312,24.5942897797,-134.298782349,625.289855957,182.817337036,99.4716644287,11.3997573853,-97.4758453369,48.8753128052,146.561721802,95.116394043,337.898834229,31.0365447998],[24.5942897797,778.92175293,113.776603699,-209.304534912,95.57421875,69.7767028809,-44.141040802,-20.2418441772,10.2715911865,-8.93538665771,41.133644104,-22.4676437378,61.9515533447],[-134.298782349,113.776603699,618.720214844,242.593917847,-135.338485718,164.581817627,-111.14704895,121.729003906,-77.5237884521,11.7995471954,-27.4199123383,25.4503479004,-9.11106204987],[625.289855957,-209.304534912,242.593917847,594.708374023,0.823119819164,-92.8633956909,123.847770691,1.32732772827,-23.9541854858,-11.2418298721,-37.318611145,86.1996231079,-73.9595947266],[182.817337036,95.57421875,-135.338485718,0.823119819164,314.420806885,49.852684021,53.3518829346,-59.1078491211,3.17440319061,-27.8105792999,34.3679580688,-13.8327245712,30.3044300079],[99.4716644287,69.7767028809,164.581817627,-92.8633956909,49.852684021,344.442596436,-88.415222168,72.4634933472,-44.5261192322,24.0362472534,21.9853076935,10.217921257,43.1626853943],[11.3997573853,-44.141040802,-111.14704895,123.847770691,53.3518829346,-88.415222168,235.866012573,-37.5609130859,62.0456390381,-7.01625728607,-17.2938652039,23.223613739,-46.9507980347],[-97.4758453369,-20.2418441772,121.729003906,1.32732772827,-59.1078491211,72.4634933472,-37.5609130859,167.482452393,31.1995544434,35.7193565369,-0.492027789354,-22.5291671753,5.4240694046],[48.8753128052,10.2715911865,-77.5237884521,-23.9541854858,3.17440319061,-44.5261192322,62.0456390381,31.1995544434,155.571990967,57.0940742493,-3.7618227005,4.61876487732,-19.2716693878],[146.561721802,-8.93538665771,11.7995471954,-11.2418298721,-27.8105792999,24.0362472534,-7.01625728607,35.7193565369,57.0940742493,94.9146194458,45.2585945129,14.6838684082,0.113307744265],[95.116394043,41.133644104,-27.4199123383,-37.318611145,34.3679580688,21.9853076935,-17.2938652039,-0.492027789354,-3.7618227005,45.2585945129,96.1843338013,34.881526947,16.5929527283],[337.898834229,-22.4676437378,25.4503479004,86.1996231079,-13.8327245712,10.217921257,23.223613739,-22.5291671753,4.61876487732,14.6838684082,34.881526947,109.44618988,11.6765394211],[31.0365447998,61.9515533447,-9.11106204987,-73.9595947266,30.3044300079,43.1626853943,-46.9507980347,5.4240694046,-19.2716693878,0.113307744265,16.5929527283,11.6765394211,83.7790985107]],"icov":[[0.000230111749261,-0.000255382998148,0.000568905379623,-0.000579402258154,0.00000558073861612,-0.000272795005003,0.000447729806183,-0.0000666782871122,0.000157797156135,-0.000609824550338,0.000456863199361,-0.00060014607152,0.0000780133632361],[-0.000255382998148,0.00249772588722,-0.00259385071695,0.00221475027502,-0.00100052950438,0.000960158358794,-0.00119164353237,0.00101537420414,-0.00128095643595,0.00167807273101,-0.00175830489025,0.000903966778424,-0.00102026807144],[0.000568905379623,-0.00259385071695,0.00715511292219,-0.00531342206523,0.0026784662623,-0.00347351119854,0.00331479310989,-0.00198216526769,0.00156910030637,-0.00176648620982,0.00199740682729,-0.000754208420403,0.000674292736221],[-0.000579402258154,0.00221475027502,-0.00531342206523,0.00787821598351,-0.0039452360943,0.0043578161858,-0.00339293805882,-0.00109446118586,0.00272148521617,-0.0017909189919,0.00295449350961,-0.00426684273407,0.00294323009439],[0.00000558073861612,-0.00100052950438,0.0026784662623,-0.0039452360943,0.00795924384147,-0.0042218756862,-0.000450904481113,0.00291415583342,-0.00411407416686,0.00618618912995,-0.00696566235274,0.00635424954817,-0.0040597692132],[-0.000272795005003,0.000960158358794,-0.00347351119854,0.0043578161858,-0.0042218756862,0.00711216125637,-0.000733683584258,-0.00272095110267,0.00371286203153,-0.00390512635931,0.00355010619387,-0.00408082595095,0.00121331133414],[0.000447729806183,-0.00119164353237,0.00331479310989,-0.00339293805882,-0.000450904481113,-0.000733683584258,0.00861474685371,-0.00016838980082,-0.00195204047486,-0.000267000985332,0.00198452733457,-0.00240604043938,0.00295396032743],[-0.0000666782871122,0.00101537420414,-0.00198216526769,-0.00109446118586,0.00291415583342,-0.00272095110267,-0.00016838980082,0.0112295942381,-0.00591670814902,0.00250689918175,-0.00491040153429,0.00657893624157,-0.00369035382755],[0.000157797156135,-0.00128095643595,0.00156910030637,0.00272148521617,-0.00411407416686,0.00371286203153,-0.00195204047486,-0.00591670814902,0.017600921914,-0.015426678583,0.0121030109003,-0.00800483394414,0.00511449063197],[-0.000609824550338,0.00167807273101,-0.00176648620982,-0.0017909189919,0.00618618912995,-0.00390512635931,-0.000267000985332,0.00250689918175,-0.015426678583,0.0311399940401,-0.020557757467,0.00923354551196,-0.00413178838789],[0.000456863199361,-0.00175830489025,0.00199740682729,0.00295449350961,-0.00696566235274,0.00355010619387,0.00198452733457,-0.00491040153429,0.0121030109003,-0.020557757467,0.0290260966867,-0.0147646535188,0.0051979040727],[-0.00060014607152,0.000903966778424,-0.000754208420403,-0.00426684273407,0.00635424954817,-0.00408082595095,-0.00240604043938,0.00657893624157,-0.00800483394414,0.00923354551196,-0.0147646535188,0.0224528778344,-0.00832414533943],[0.0000780133632361,-0.00102026807144,0.000674292736221,0.00294323009439,-0.0040597692132,0.00121331133414,0.00295396032743,-0.00369035382755,0.00511449063197,-0.00413178838789,0.0051979040727,-0.00832414533943,0.0193838067353]],"mean":[-21.3285999298,106.605262756,-100.846862793,-3.83496761322,4.09658145905,-21.1162185669,1.62675285339,-17.9945468903,-0.319210380316,-11.390162468,-6.27858018875,-7.29914903641,-5.23182010651]},"hfc":{"dmean":63.6145515442,"dmean2":102.106674194,"dvar":9559.54003906,"dvar2":24803.8886719,"max":1942.87231445,"mean":225.302993774,"median":174.991882324,"min":1.21330058156e-16,"var":50535.3828125},"melbands":{"dmean":[0.00183957454283,0.00138032832183,0.000918056291994,0.000610163086094,0.000241618268774,0.000191084880498,0.000155206071213,0.000136580332764,0.000115699083835,0.0000807893738966,0.0000647668493912,0.000067193119321,0.0000614276796114,0.0000773334468249,0.0000642280137981,0.000048221918405,0.0000456384186691,0.0000262773319264,0.0000209300815186,0.0000273649620794,0.0000183291558642,0.0000114200656753,0.0000080441177488,0.00000859314968693,0.00000767045003158,0.00000678282322042,0.0000048198062359,0.00000286524777948,0.00000224219456868,0.00000161282787303,0.00000100232534805,5.51884738798e-7,3.51519588548e-7,1.97627429088e-7,8.90763729444e-8,5.57266695012e-8,3.50671029992e-8,2.60317243317e-8,2.28405614422e-8,1.99910061838e-8],"dmean2":[0.00307824951597,0.0023276056163,0.00150482810568,0.00101091212127,0.000392368296161,0.000306073721731,0.000254987215158,0.000224866336794,0.00019132871239,0.000133399560582,0.000106633364339,0.000109823842649,0.000098582218925,0.000123714286019,0.00010753828974,0.0000785409938544,0.0000738852468203,0.0000426831866207,0.0000339578000421,0.0000437018024968,0.0000293929188047,0.0000183699612535,0.0000123678373711,0.0000130777452796,0.0000116977480502,0.00000997310144157,0.00000684987162458,0.00000393032405555,0.00000336473772222,0.00000238459460888,0.00000145218632497,7.62058391501e-7,5.2040081755e-7,2.88328266151e-7,1.35109644361e-7,8.67796146053e-8,5.80386405602e-8,4.4309395264e-8,3.88910699201e-8,3.39339507605e-8],"dvar":[0.00000968346830632,0.00000500914075019,0.00000304396621686,0.0000017113532067,3.88402185081e-7,2.19171198523e-7,1.74644853246e-7,1.51861627273e-7,1.08672253418e-7,6.03310255087e-8,4.1095674419e-8,4.26318358393e-8,3.16079358242e-8,4.65360443513e-8,3.0749060187e-8,1.41772336093e-8,1.08450484149e-8,2.46146814042e-9,1.74182190893e-9,3.37674244122e-9,1.21647880658e-9,5.02534291957e-10,3.20878629223e-10,5.57419499447e-10,7.15047132616e-10,1.50676349175e-9,7.343354258e-10,2.57505905488e-10,2.40333031254e-10,1.22696811045e-10,3.26169959097e-11,8.13514446779e-12,2.67880899754e-12,7.16094392984e-13,4.49181538048e-14,1.43548638688e-14,5.47874632218e-15,2.44252114736e-15,1.85352387024e-15,1.33977922361e-15],"dvar2":[0.0000264761711151,0.0000139160420076,0.00000799521421868,0.00000430853879152,9.71118879534e-7,5.34286300535e-7,4.64147746015e-7,4.0001006596e-7,2.87043235403e-7,1.52240900775e-7,1.02419846826e-7,1.09407949367e-7,7.62526823905e-8,1.06690585255e-7,8.03981947683e-8,3.44721229339e-8,2.66070028232e-8,6.25369267482e-9,4.31294200354e-9,8.38171931861e-9,2.93044077893e-9,1.22361232258e-9,7.06183667099e-10,1.25810428742e-9,1.4482385291e-9,3.72235753332e-9,1.4931971215e-9,4.36983199625e-10,5.22010934478e-10,2.84953699525e-10,6.96664531619e-11,1.44941281199e-11,5.10164350001e-12,1.53084576265e-12,9.04078718898e-14,2.98658497835e-14,1.37639491208e-14,6.2171151067e-15,4.83907212261e-15,3.49656471176e-15],"max":[0.0570824183524,0.0352524891496,0.0462386086583,0.026904322207,0.0163112320006,0.010343872942,0.0132325468585,0.00970478262752,0.00809774454683,0.00530394818634,0.0057591246441,0.0083897896111,0.00691449595615,0.0100991427898,0.00598464114591,0.00290884613059,0.00318235182203,0.00123859301675,0.00131362036336,0.00186722888611,0.00125812855549,0.000663044746034,0.000629902642686,0.000885175424628,0.000768140133005,0.00206417008303,0.000956304487772,0.000696108152624,0.000596831145231,0.000494281761348,0.000210644124309,0.000159122326295,0.0000856820697663,0.000038344947825,0.00000656506972518,0.00000337567848874,0.00000161062496318,9.2628334869e-7,8.16756596578e-7,7.23233370081e-7],"mean":[0.00314541067928,0.00230667740107,0.00145066308323,0.000923027691897,0.000368089211406,0.000286612368654,0.000223892348004,0.000202237686608,0.000176904373802,0.000117025258078,0.0000915066993912,0.000102122990938,0.000103838312498,0.000135506212246,0.000107985077193,0.0000803742732387,0.0000806775060482,0.0000519315362908,0.0000398828524339,0.0000502606417285,0.0000338428508257,0.0000206145905395,0.0000143519600897,0.0000140777838169,0.0000124368316392,0.0000101145369626,0.00000710913855073,0.00000458942622572,0.00000329151725964,0.00000238415509557,0.00000152223049099,9.10789879072e-7,5.5785017139e-7,3.05589566096e-7,1.36227541248e-7,7.66112577821e-8,3.85323914998e-8,2.58151509058e-8,2.27556569143e-8,2.03382164443e-8],"median":[0.00173785816878,0.00130588340107,0.000694919144735,0.000284377369098,0.000149981744471,0.0000929977977648,0.000068039742473,0.0000586909263802,0.000051476945373,0.0000376306161343,0.0000320320395986,0.0000364094339602,0.0000330308939738,0.0000398203883378,0.0000247232183028,0.0000226208885579,0.0000248031647061,0.000023450158551,0.0000185440003406,0.0000234979306697,0.0000171650735865,0.00000982932942861,0.00000613042948316,0.00000466564597446,0.00000316995351568,0.00000204863476938,0.00000134618187531,9.3582258387e-7,6.09391463513e-7,4.47245867008e-7,2.93339354585e-7,1.89734777223e-7,1.2420568396e-7,7.66581678135e-8,4.20998311768e-8,2.36638584283e-8,1.25030306108e-8,8.01109045767e-9,7.24668014485e-9,6.73624622749e-9],"min":[4.1005814213e-24,1.80497192964e-24,3.58383492989e-24,3.91332083076e-24,3.77845953699e-24,4.84137782043e-24,6.27056343331e-24,5.73251059771e-24,7.45645527111e-24,8.09838057754e-24,4.03653814314e-24,3.73259713611e-24,4.02917649318e-24,5.32835151798e-24,7.18140945018e-24,4.98834734024e-24,4.44500322012e-24,4.13010059638e-24,5.3948331652e-24,4.45389447138e-24,4.15708161149e-24,5.43491400451e-24,7.30891224943e-24,6.60337122744e-24,7.52012107933e-24,7.9123750647e-24,7.54069614946e-24,6.40258482782e-24,7.33507403249e-24,7.35115890634e-24,7.51852915802e-24,8.1480157057e-24,7.33688210168e-24,7.12585392093e-24,6.06540595541e-24,8.22815608506e-24,5.88955702672e-24,9.7535156752e-24,8.15997010386e-24,8.84424619685e-24],"var":[0.0000165272922459,0.00000876341619005,0.0000051971846915,0.00000326586700794,6.53263157346e-7,4.04227307627e-7,2.58965883404e-7,2.65162327651e-7,2.23520032705e-7,9.057550443e-8,6.21024227598e-8,6.11018364793e-8,5.98853020506e-8,1.50823765921e-7,6.54103402553e-8,2.72766271792e-8,2.56178136482e-8,6.6722591896e-9,4.18869605667e-9,6.66785426873e-9,2.62720978306e-9,1.00690322746e-9,6.8680983123e-10,1.05337971679e-9,1.49028900331e-9,2.07815564757e-9,1.27419463869e-9,5.66378555167e-10,3.72807229532e-10,1.73426245587e-10,5.25197350887e-11,1.54701407934e-11,4.29024654344e-12,1.01557868018e-12,9.56557966517e-14,2.91325089866e-14,6.36166424376e-15,2.54821561259e-15,1.88941540907e-15,1.41453888093e-15]},"melbands_crest":{"dmean":3.88194799423,"dmean2":6.48838090897,"dvar":10.8932447433,"dvar2":29.7856292725,"max":34.5015830994,"mean":15.1345176697,"median":14.5287847519,"min":1.73761487007,"var":32.1791801453},"melbands_flatness_db":{"dmean":0.0328389331698,"dmean2":0.0512321256101,"dvar":0.000784621923231,"dvar2":0.00192483211868,"max":0.57174706459,"mean":0.256776869297,"median":0.254243820906,"min":0.0043580411002,"var":0.00362112675793},"melbands_kurtosis":{"dmean":7.63330125809,"dmean2":12.209810257,"dvar":205.885070801,"dvar2":500.781738281,"max":331.284820557,"mean":13.374753952,"median":5.52107334137,"min":-1.88869023323,"var":495.00100708},"melbands_skewness":{"dmean":0.790911972523,"dmean2":1.24970138073,"dvar":0.673183500767,"dvar2":1.64289057255,"max":13.7318334579,"mean":2.56154680252,"median":2.2524266243,"min":-1.89413440228,"var":3.713793993},"melbands_spread":{"dmean":6.29816818237,"dmean2":9.66812229156,"dvar":63.3200683594,"dvar2":123.933555603,"max":155.416107178,"mean":21.4122886658,"median":17.9562702179,"min":0.392091572285,"var":278.107849121},"mfcc":{"cov":[[6257.58935547,-90.6903457642,-373.558898926,650.899291992,-8.87123012543,426.914001465,-90.9617614746,111.884124756,-65.1920166016,-123.914489746,44.0666618347,131.240081787,116.241142273],[-90.6903457642,863.006164551,-32.6069717407,-314.657684326,153.844528198,6.92460012436,27.8758354187,-59.8918418884,22.5785541534,-32.876739502,-0.308315008879,17.3171291351,7.32057332993],[-373.558898926,-32.6069717407,782.141174316,45.6628761292,50.0484237671,-35.0172996521,11.3566036224,52.4569168091,3.11293625832,-2.62055277824,16.0031547546,4.81696033478,-45.7897186279],[650.899291992,-314.657684326,45.6628761292,732.621826172,-139.950531006,62.6725769043,-16.8099098206,91.7766647339,-27.706199646,-11.116019249,40.8554801941,-33.0373535156,-11.6015462875],[-8.87123012543,153.844528198,50.0484237671,-139.950531006,289.787139893,39.9477615356,78.4365081787,-9.27144622803,5.14972829819,-12.4510746002,-22.9669723511,3.69403195381,-3.67741751671],[426.914001465,6.92460012436,-35.0172996521,62.6725769043,39.9477615356,216.713226318,53.8024787903,51.9641227722,-5.31255435944,-23.6494884491,-12.3285245895,10.4970016479,22.4098148346],[-90.9617614746,27.8758354187,11.3566036224,-16.8099098206,78.4365081787,53.8024787903,152.023040771,27.3575191498,-10.744468689,-23.7405948639,-13.3127937317,-10.9308738708,-4.41618156433],[111.884124756,-59.8918418884,52.4569168091,91.7766647339,-9.27144622803,51.9641227722,27.3575191498,112.91317749,27.1605033875,3.345900774,5.73309803009,3.26004004478,-0.397342562675],[-65.1920166016,22.5785541534,3.11293625832,-27.706199646,5.14972829819,-5.31255435944,-10.744468689,27.1605033875,104.356307983,51.27759552,10.7276973724,6.37705469131,-0.728148877621],[-123.914489746,-32.876739502,-2.62055277824,-11.116019249,-12.4510746002,-23.6494884491,-23.7405948639,3.345900774,51.27759552,104.350090027,41.3415718079,9.91299629211,-0.240675076842],[44.0666618347,-0.308315008879,16.0031547546,40.8554801941,-22.9669723511,-12.3285245895,-13.3127937317,5.73309803009,10.7276973724,41.3415718079,87.7641601562,43.9341506958,10.3228197098],[131.240081787,17.3171291351,4.81696033478,-33.0373535156,3.69403195381,10.4970016479,-10.9308738708,3.26004004478,6.37705469131,9.91299629211,43.9341506958,85.5196380615,41.7836303711],[116.241142273,7.32057332993,-45.7897186279,-11.6015462875,-3.67741751671,22.4098148346,-4.41618156433,-0.397342562675,-0.728148877621,-0.240675076842,10.3228197098,41.7836303711,65.5964202881]],"icov":[[0.000233286933508,-0.0000199247442652,0.00011673483823,-0.000215018822928,-0.000129114720039,-0.000384160055546,0.000333454576321,-0.0000365060695913,0.0000196180226339,0.000254176848102,-0.00000343682745552,-0.000390022236388,0.000028640984965],[-0.0000199247442652,0.00158500869293,0.000025858380468,0.000621786748525,-0.000566503847949,-0.000213070292375,0.0000975592483883,0.000587126996834,-0.000867332215421,0.00130774441641,-0.00129839102738,0.000658199074678,-0.000182164396392],[0.00011673483823,0.000025858380468,0.0015299214283,-0.000183487180038,-0.000467434321763,0.00024175933504,0.000270432297839,-0.000901322287973,0.00021031012875,0.000277025130345,-0.0000812364887679,-0.000947278400417,0.00134924729355],[-0.000215018822928,0.000621786748525,-0.000183487180038,0.0024046106264,0.000609995913692,-0.000286101858364,0.000159757779329,-0.00124833523296,0.000361018523108,0.000806927739177,-0.00241169752553,0.00259340764023,-0.000521485926583],[-0.000129114720039,-0.000566503847949,-0.000467434321763,0.000609995913692,0.00499427551404,-0.000525800627656,-0.00246530002914,0.000836712832097,-0.000249243486905,-0.000739212206099,0.00140976801049,-0.000891680421773,0.000712975393981],[-0.000384160055546,-0.000213070292375,0.00024175933504,-0.000286101858364,-0.000525800627656,0.00695934239775,-0.00190986494999,-0.00258404039778,0.000529179116711,-0.000169618986547,0.0014050535392,-0.000377742981073,-0.00170378957409],[0.000333454576321,0.0000975592483883,0.000270432297839,0.000159757779329,-0.00246530002914,-0.00190986494999,0.0094961039722,-0.00242262030952,0.000970438471995,0.00189447717275,-0.00142223434523,0.00161770451814,-0.000034768741898],[-0.0000365060695913,0.000587126996834,-0.000901322287973,-0.00124833523296,0.000836712832097,-0.00258404039778,-0.00242262030952,0.0136572849005,-0.00485884258524,0.00102734414395,-0.0000600295134063,-0.00108729535714,0.000650406000204],[0.0000196180226339,-0.000867332215421,0.00021031012875,0.000361018523108,-0.000249243486905,0.000529179116711,0.000970438471995,-0.00485884258524,0.0150868063793,-0.0081685539335,0.0029347143136,-0.00153130630497,0.000764911761507],[0.000254176848102,0.00130774441641,0.000277025130345,0.000806927739177,-0.000739212206099,-0.000169618986547,0.00189447717275,0.00102734414395,-0.0081685539335,0.0182787440717,-0.0100994799286,0.00415878789499,-0.0011933313217],[-0.00000343682745552,-0.00129839102738,-0.0000812364887679,-0.00241169752553,0.00140976801049,0.0014050535392,-0.00142223434523,-0.0000600295134063,0.0029347143136,-0.0100994799286,0.0241770409048,-0.0149163715541,0.004862902686],[-0.000390022236388,0.000658199074678,-0.000947278400417,0.00259340764023,-0.000891680421773,-0.000377742981073,0.00161770451814,-0.00108729535714,-0.00153130630497,0.00415878789499,-0.0149163715541,0.0281721744686,-0.0150029910728],[0.000028640984965,-0.000182164396392,0.00134924729355,-0.000521485926583,0.000712975393981,-0.00170378957409,-0.000034768741898,0.000650406000204,0.000764911761507,-0.0011933313217,0.004862902686,-0.0150029910728,0.0254830159247]],"mean":[-686.036804199,172.703674316,-35.3835716248,34.2380867004,8.56832504272,15.8392829895,3.1695587635,6.47186756134,4.49762868881,1.65882468224,2.25621366501,-0.415180265903,2.28543448448]},"pitch_salience":{"dmean":0.0724247321486,"dmean2":0.119314096868,"dvar":0.00389552046545,"dvar2":0.010671691969,"max":0.942360341549,"mean":0.557229876518,"median":0.568878531456,"min":0.118256352842,"var":0.010031381622},"silence_rate_20dB":{"dmean":0,"dmean2":0,"dvar":0,"dvar2":0,"max":1,"mean":1,"median":1,"min":1,"var":0},"silence_rate_30dB":{"dmean":0.0391666665673,"dmean2":0.0783442109823,"dvar":0.0376333966851,"dvar2":0.0899877548218,"max":1,"mean":0.953478693962,"median":1,"min":0,"var":0.0443576648831},"silence_rate_60dB":{"dmean":0.0201388895512,"dmean2":0.0402833744884,"dvar":0.0197369158268,"dvar2":0.0442123375833,"max":1,"mean":0.115817248821,"median":0,"min":0,"var":0.102416068316},"spectral_centroid":{"dmean":226.814941406,"dmean2":331.109863281,"dvar":68000.265625,"dvar2":115929.828125,"max":11235.1972656,"mean":1172.1138916,"median":1079.7064209,"min":128.068817139,"var":426908.59375},"spectral_complexity":{"dmean":3.36444449425,"dmean2":4.94096422195,"dvar":11.6133890152,"dvar2":21.4028568268,"max":60,"mean":19.5210380554,"median":20,"min":0,"var":129.201248169},"spectral_contrast_coeffs":{"dmean":[0.0542832836509,0.0489488355815,0.0382121428847,0.028686510399,0.0230775661767,0.0457822047174],"dmean2":[0.0908727794886,0.081404902041,0.063388697803,0.0472088269889,0.0373649820685,0.0710437893867],"dvar":[0.00189811550081,0.00151792960241,0.000924437714275,0.000518763728905,0.00037002802128,0.001609442872],"dvar2":[0.00524018332362,0.00414243759587,0.00250322045758,0.00139529933222,0.000912799499929,0.00376844871789],"max":[-0.275732547045,-0.438390344381,-0.506794154644,-0.601038098335,-0.633733987808,-0.377930313349],"mean":[-0.679183363914,-0.775215506554,-0.800645947456,-0.798956632614,-0.795364916325,-0.752220988274],"median":[-0.689444899559,-0.786137878895,-0.807567894459,-0.801077902317,-0.794979929924,-0.765848338604],"min":[-0.970296382904,-0.963381528854,-0.966571986675,-0.972141861916,-0.964238703251,-0.962025702],"var":[0.00607687979937,0.00466393586248,0.00285337469541,0.00181388342753,0.00158056174405,0.00683694146574]},"spectral_contrast_valleys":{"dmean":[0.383916199207,0.363707363605,0.302861869335,0.259055912495,0.296810597181,0.668401479721],"dmean2":[0.642450928688,0.597653985023,0.480736941099,0.391220271587,0.40509480238,1.09288167953],"dvar":[0.110002987087,0.0994140431285,0.073402479291,0.0682750195265,0.0921723768115,0.326417297125],"dvar2":[0.270203739405,0.226185470819,0.149314045906,0.116328686476,0.150666370988,0.826433360577],"max":[-5.03900766373,-4.89380311966,-5.27901744843,-5.51393842697,-5.3217010498,-8.84667205811],"mean":[-6.98418283463,-6.72220754623,-7.06511354446,-7.29706525803,-7.78473329544,-11.3919992447],"median":[-6.63778352737,-6.559882164,-6.91044902802,-7.12526607513,-7.66862201691,-11.3118133545],"min":[-27.6360321045,-27.9203357697,-27.5843067169,-27.4947948456,-27.4739151001,-27.3844280243],"var":[1.50846302509,1.01573491096,0.979325175285,1.1627304554,1.20536744595,1.14506149292]},"spectral_decrease":{"dmean":2.95277735596e-9,"dmean2":4.76989825415e-9,"dvar":1.48628126792e-17,"dvar2":3.87391180171e-17,"max":1.30991297809e-8,"mean":-6.0640381605e-9,"median":-4.49872628039e-9,"min":-7.28919431481e-8,"var":4.21437735661e-17},"spectral_energy":{"dmean":0.0122529892251,"dmean2":0.0195318944752,"dvar":0.000241718720645,"dvar2":0.000617236946709,"max":0.306892186403,"mean":0.0433227084577,"median":0.0394517220557,"min":1.0599270226e-20,"var":0.00116992474068},"spectral_energyband_high":{"dmean":0.000307056296151,"dmean2":0.000426386948675,"dvar":8.5466604105e-7,"dvar2":0.00000139378789754,"max":0.0328515917063,"mean":0.000737896421924,"median":0.000367510103388,"min":7.24109384585e-21,"var":0.00000237111476054},"spectral_energyband_low":{"dmean":0.00825809407979,"dmean2":0.0137101924047,"dvar":0.00015620495833,"dvar2":0.000424718396971,"max":0.235115483403,"mean":0.0167027972639,"median":0.0111869126558,"min":1.98629322587e-23,"var":0.000341548613505},"spectral_energyband_middle_high":{"dmean":0.00200806465,"dmean2":0.00298505020328,"dvar":0.0000109972652353,"dvar2":0.0000251024266618,"max":0.0756807401776,"mean":0.00631804671139,"median":0.00350675336085,"min":1.27248267284e-21,"var":0.0000569766089029},"spectral_energyband_middle_low":{"dmean":0.00525924097747,"dmean2":0.00847779214382,"dvar":0.0000669803630444,"dvar2":0.000171934225364,"max":0.124562315643,"mean":0.0112540200353,"median":0.00733924424276,"min":2.36187226943e-22,"var":0.000169554987224},"spectral_entropy":{"dmean":0.164349719882,"dmean2":0.252145797014,"dvar":0.0252706017345,"dvar2":0.0577216222882,"max":9.81393718719,"mean":7.40601873398,"median":7.44046449661,"min":5.04829978943,"var":0.0983174145222},"spectral_flux":{"dmean":0.0216048322618,"dmean2":0.0347270593047,"dvar":0.000507001706865,"dvar2":0.00122470338829,"max":0.342964142561,"mean":0.103754833341,"median":0.107027254999,"min":6.87426227053e-11,"var":0.00298727024347},"spectral_kurtosis":{"dmean":5.42323684692,"dmean2":8.54023456573,"dvar":37.5262413025,"dvar2":93.3960113525,"max":100.300582886,"mean":24.4934368134,"median":22.2428760529,"min":-1.22072374821,"var":146.978027344},"spectral_rms":{"dmean":0.00085457280511,"dmean2":0.00134036701638,"dvar":7.69104246956e-7,"dvar2":0.0000019739934487,"max":0.0173033811152,"mean":0.00585893215612,"median":0.00620398949832,"min":3.21570396179e-12,"var":0.00000793892195361},"spectral_rolloff":{"dmean":3677.98583984,"dmean2":7072.01660156,"dvar":49946616,"dvar2":124647400,"max":22028.4667969,"mean":15672.1835938,"median":21167.1386719,"min":86.1328125,"var":80960624},"spectral_skewness":{"dmean":0.371527165174,"dmean2":0.566205084324,"dvar":0.140235006809,"dvar2":0.326090157032,"max":7.80507135391,"mean":3.2607524395,"median":3.14329981804,"min":-0.0506059490144,"var":0.968933403492},"spectral_spread":{"dmean":436288.21875,"dmean2":689288.6875,"dvar":301961838592,"dvar2":717642530816,"max":40873244,"mean":3443815.5,"median":3345147.75,"min":1519119,"var":1659829485570},"spectral_strongpeak":{"dmean":8.22927093506,"dmean2":15.2028913498,"dvar":499.016296387,"dvar2":1318.7010498,"max":280.415649414,"mean":7.8440155983,"median":0.370410114527,"min":0,"var":554.821960449},"zerocrossingrate":{"dmean":0.0387462005019,"dmean2":0.0489999949932,"dvar":0.00116676278412,"dvar2":0.00184244883712,"max":0.86572265625,"mean":0.316648244858,"median":0.3056640625,"min":0.0244140625,"var":0.0127545688301}},"metadata":{"audio_properties":{"analysis_sample_rate":44100,"bit_rate":128000,"codec":"mp3","downmix":"mix","equal_loudness":0,"length":167.183670044,"lossless":false,"md5_encoded":"89c5862d92678c29c99e8bf54dfba2a5","replay_gain":-4.64780426025},"tags":{"album":["Sheer Heart Attack"],"albumartist":["Queen"],"albumartistsort":["Queen"],"artist":["Queen"],"artistsort":["Queen"],"asin":["B000025KL3"],"barcode":["077778949121"],"catalognumber":["0777 7 89491 2 1"],"date":["1993"],"discnumber":["1/1"],"file_name":"03 Tenement Funster.mp3","genre":["Pop"],"isrc":["GBUM71100530"],"label":["Parlophone"],"language":["eng"],"media":["CD"],"mp3gain_album_minmax":["102,193"],"mp3gain_minmax":["102,192"],"musicbrainz album release country":["GB"],"musicbrainz album status":["official"],"musicbrainz album type":["album"],"musicbrainz_albumartistid":["0383dadf-2a4e-4d10-a46a-e9e041da8eb3"],"musicbrainz_albumid":["6e333b1b-7525-3aed-8be4-efe24fdb35bf"],"musicbrainz_artistid":["0383dadf-2a4e-4d10-a46a-e9e041da8eb3"],"musicbrainz_recordingid":["e17d05eb-a51d-4776-a285-5acc49bab1dd"],"originaldate":["1974-11-01"],"replaygain_album_gain":["-4.65 dB"],"replaygain_album_peak":["1.077092"],"replaygain_track_gain":["-4.66 dB"],"replaygain_track_peak":["1.077092"],"script":["Latn"],"title":["Tenement Funster"],"tracknumber":["3/13"]},"version":{"essentia":"2.1-beta1","essentia_build_sha":"eef087cf131c10083d474ad51def18efd0e38295","essentia_git_sha":"v2.1_beta1-7-ge0e83e8-dirty","extractor":"music 1.0"}},"rhythm":{"beats_count":475,"beats_loudness":{"dmean":0.0228293538094,"dmean2":0.0396739952266,"dvar":0.000639246660285,"dvar2":0.00197983230464,"max":0.259740293026,"mean":0.0514899678528,"median":0.0486939623952,"min":0.000887404021341,"var":0.00152104650624},"beats_loudness_band_ratio":{"dmean":[0.185399457812,0.0972018763423,0.074708417058,0.0603862144053,0.0557640530169,0.111619636416],"dmean2":[0.318367928267,0.168897271156,0.12964507