{"lowlevel":{"average_loudness":0.706041395664,"barkbands":{"dmean":[0.0168428942561,0.0292630922049,0.00497778132558,0.00212260615081,0.00284099811688,0.00188060686924,0.00114524795208,0.000713585235644,0.00100297154859,0.000872293952852,0.00072042242391,0.000539202708751,0.000327315705363,0.00033750734292,0.00033021348645,0.000237669883063,0.000152357242769,0.000140546428156,0.000106727580715,0.0000803517978056,0.0000684627011651,0.000032871557778,0.000019961682483,0.0000106745737867,0.00000397464327762,0.0000194737913262,0.000201723116334],"dmean2":[0.0284126587212,0.0484198331833,0.00853036902845,0.00358952814713,0.00471802335232,0.0030634412542,0.00186226202641,0.00116582156625,0.00165391515475,0.00143909128383,0.00118517398369,0.000895055942237,0.000547048635781,0.000564564135857,0.000543905363884,0.000389913213439,0.000245937262662,0.000220588888624,0.000163528835401,0.000119314281619,0.0000992570421658,0.0000485996133648,0.0000294480996672,0.0000159710634762,0.00000667104359309,0.0000282758501271,0.00030554382829],"dvar":[0.000770261394791,0.00205999054015,0.0000534431273991,0.00000971619465417,0.0000143266715895,0.00000901317707758,0.00000419685238739,0.00000176624143933,0.0000036737985738,0.00000198595330403,0.00000140086444844,5.55343888209e-7,1.62922503932e-7,1.46806272028e-7,3.27584160686e-7,8.78709371932e-8,4.82457487294e-8,6.29576035749e-8,8.87374511649e-8,5.95183315966e-8,5.91125868254e-8,5.35276845071e-9,1.15729026362e-9,2.72184524919e-10,4.0365051579e-11,1.20896370692e-9,5.75273872983e-8],"dvar2":[0.0020249702502,0.00523135531694,0.000146430553286,0.00002636769932,0.0000379630146199,0.0000228296576097,0.0000101136538433,0.00000424815470979,0.00000955091945798,0.00000519277227795,0.00000361604975296,0.000001526617325,4.35888182437e-7,3.96491060428e-7,8.35147659473e-7,2.27538023978e-7,1.1958320556e-7,1.44746152841e-7,1.89538482687e-7,1.17964503943e-7,1.16323292332e-7,1.10934372799e-8,2.59345189768e-9,5.7551235999e-10,1.0290796687e-10,2.50507947719e-9,1.26051361349e-7],"max":[0.340415358543,0.449101865292,0.224145248532,0.0823033452034,0.0862681716681,0.0942908078432,0.0575279481709,0.0426385216415,0.0438685752451,0.050158392638,0.0588814131916,0.0212044734508,0.0073803095147,0.00950723700225,0.03332766518,0.00721478555351,0.00742219109088,0.00757861556485,0.0143695361912,0.00992950890213,0.00843957811594,0.00226703821681,0.000719760311767,0.000331150455168,0.0000855962643982,0.000663206039462,0.00760709960014],"mean":[0.0199154969305,0.0365697406232,0.00657816231251,0.0028804668691,0.00470651546493,0.00308810477145,0.00184264720883,0.00110419967677,0.00157923658844,0.0013948463602,0.00115469330922,0.000942138896789,0.000599240476731,0.000651119160466,0.000641261111014,0.00049009436043,0.000308704708004,0.000301945314277,0.000226444317377,0.000174526721821,0.000145650468767,0.0000714642810635,0.0000377843534807,0.0000175801669684,0.00000387700356441,0.000035920922528,0.000745883386116],"median":[0.00811434257776,0.0195947531611,0.00345120881684,0.0015752435429,0.00302680069581,0.00176806678064,0.00098619190976,0.000536956416909,0.000808879733086,0.000847094226629,0.000728521728888,0.000670885085128,0.000457756803371,0.000517019128893,0.000457919843029,0.000381433754228,0.000216977918171,0.000179565598955,0.000116944145702,0.0000797026441433,0.0000684804326738,0.0000451398991572,0.0000229223260249,0.00000936218657444,0.00000157394197231,0.0000185351455002,0.000605673587415],"min":[2.11933161986e-24,5.38886661575e-24,3.86977334221e-24,4.99544590509e-24,2.96899855475e-23,2.4943425258e-23,1.03741417372e-23,2.75167810387e-23,2.40039834277e-23,2.75216751317e-23,4.16208251631e-23,2.15271952659e-23,4.70923454691e-23,3.96619604731e-23,4.03380458233e-23,1.25318582243e-22,1.0062716649e-22,9.9715653491e-23,1.90603827235e-22,2.21794642743e-22,3.02909789126e-22,4.22148399491e-22,5.22643851453e-22,7.80201560132e-22,8.65954804741e-22,1.35855974169e-21,2.24614412795e-21],"var":[0.000928804976866,0.00233356188983,0.000113985799544,0.0000168702208612,0.0000272006327577,0.0000171688734554,0.00000886418456503,0.0000037193094613,0.00000635784863334,0.00000336983384841,0.00000231495164371,9.77442709882e-7,2.81372933841e-7,2.79287746707e-7,6.20252706085e-7,1.90690499835e-7,1.05687497864e-7,1.88523642919e-7,2.72355862307e-7,1.921236219e-7,1.71149935113e-7,1.40331923859e-8,2.2844139913e-9,5.6148591332e-10,4.08269043572e-11,2.72530242817e-9,3.6056820818e-7]},"barkbands_crest":{"dmean":3.33957576752,"dmean2":5.57075786591,"dvar":7.50887060165,"dvar2":20.2209129333,"max":24.8988761902,"mean":11.0449895859,"median":10.6946334839,"min":2.56547212601,"var":16.5259284973},"barkbands_flatness_db":{"dmean":0.0318962819874,"dmean2":0.0505825728178,"dvar":0.000817759544589,"dvar2":0.00198765820824,"max":0.419206649065,"mean":0.147071987391,"median":0.140635207295,"min":0.0351357720792,"var":0.00250521604903},"barkbands_kurtosis":{"dmean":8.6900806427,"dmean2":14.3115024567,"dvar":266.214477539,"dvar2":696.817993164,"max":442.422149658,"mean":12.4771366119,"median":7.13397073746,"min":-1.6774314642,"var":349.206115723},"barkbands_skewness":{"dmean":0.926092922688,"dmean2":1.47090685368,"dvar":1.06290054321,"dvar2":2.56048440933,"max":17.7085762024,"mean":2.76373338699,"median":2.42310810089,"min":-2.07630586624,"var":2.33244514465},"barkbands_spread":{"dmean":6.65144443512,"dmean2":10.3520107269,"dvar":42.5455474854,"dvar2":92.5989074707,"max":98.1494827271,"mean":21.2611751556,"median":18.5868301392,"min":0.539991259575,"var":171.784210205},"dissonance":{"dmean":0.0161320995539,"dmean2":0.0275945402682,"dvar":0.000231223006267,"dvar2":0.000655417563394,"max":0.500000119209,"mean":0.473431378603,"median":0.47839641571,"min":0.319365143776,"var":0.000409386266256},"dynamic_complexity":1.53266310692,"erbbands":{"dmean":[1.75336241722,3.60136032104,5.35331964493,6.54106712341,7.13416433334,11.0150938034,14.0262823105,16.5631217957,13.2454395294,19.3667182922,14.8618516922,23.4431877136,22.1126060486,28.6273193359,26.7827587128,21.0278205872,14.0316705704,16.2817955017,15.7726736069,14.8907737732,11.6597270966,7.89885187149,7.47573375702,6.25106191635,4.62874078751,3.87677669525,3.26774001122,2.29300236702,1.28909575939,0.76148378849,0.556046545506,0.314849019051,0.133740201592,0.0465269871056,0.02823080495,0.0260309707373,0.0437715761364,0.0289384797215,0.0130063174292,0.00486030522734],"dmean2":[2.89818572998,6.15087890625,9.17482089996,11.0646858215,11.9829158783,18.4474639893,22.9318771362,27.18957901,21.571182251,31.7168712616,24.2776679993,38.607131958,36.3309516907,46.9301528931,44.2970962524,34.9114608765,23.3925266266,27.1823883057,26.0949001312,24.329240799,18.9532756805,12.5515022278,11.6852855682,9.67080307007,7.0373544693,5.8062915802,4.75289678574,3.34714722633,1.89385974407,1.13662195206,0.823637843132,0.464880555868,0.205158367753,0.0774315819144,0.0472290702164,0.0404447093606,0.0630546137691,0.0409935861826,0.0184824578464,0.00731637794524],"dvar":[8.0085849762,27.472120285,54.5564575195,87.787361145,94.6188278198,278.244232178,591.809997559,666.273864746,521.070556641,1557.25622559,901.134033203,2113.23046875,1855.2779541,2070.53979492,1825.94360352,795.186950684,319.725128174,324.027709961,690.898254395,563.173034668,219.788360596,132.261535645,152.087905884,221.689666748,173.536300659,139.587081909,147.887741089,59.6659049988,8.57597637177,2.12812662125,0.900718748569,0.267876595259,0.0390019789338,0.00521002337337,0.00200166599825,0.00133430003189,0.00669801654294,0.00282343151048,0.000497908215038,0.0000295450772683],"dvar2":[20.158164978,73.2690963745,149.706817627,243.834884644,249.450057983,735.264160156,1466.63977051,1693.86730957,1227.98181152,3769.44628906,2187.59082031,5445.33447266,4717.93945312,5481.72949219,4726.59667969,2182.20361328,851.332397461,875.299743652,1761.05371094,1462.39196777,566.30645752,321.573242188,347.57208252,477.120635986,367.735931396,285.961791992,300.24130249,115.721359253,17.1146621704,5.05916976929,1.99433684349,0.565028369427,0.0865487456322,0.0132586695254,0.00510227261111,0.00301356357522,0.0139403836802,0.00621292972937,0.000952217320446,0.0000651417212794],"max":[27.6981105804,76.5024490356,191.935668945,241.66355896,258.702758789,518.505004883,585.116882324,623.526428223,674.896728516,1297.75085449,1042.68688965,1167.30908203,1709.28564453,1761.22277832,2115.28125,763.909973145,376.347381592,318.59854126,1854.8503418,866.076599121,391.870300293,321.753295898,421.046661377,590.660644531,727.761901855,426.507019043,508.144348145,249.26184082,96.7558822632,38.699508667,18.6201438904,10.3237304688,3.85273361206,0.973972380161,0.603217124939,0.618286728859,1.67324912548,1.40003347397,0.599218845367,0.161041766405],"mean":[2.06593585014,4.39666509628,7.38151073456,9.65918636322,11.1555423737,16.5661907196,21.922870636,26.6831588745,22.4068622589,31.1586742401,24.8662471771,36.8078918457,37.3222351074,48.614238739,47.3106002808,38.962097168,28.4007587433,33.03332901,32.9357337952,31.4677009583,25.5002155304,17.5455570221,16.641462326,13.6754074097,9.97584247589,8.40866374969,6.8654499054,4.88358163834,2.80948662758,1.57145357132,1.02049314976,0.542553961277,0.203836128116,0.0502438694239,0.0286610964686,0.0378151014447,0.0796830430627,0.0698047205806,0.0430265963078,0.0228923875839],"median":[0.89611017704,2.73052930832,4.30414056778,5.81404304504,6.69342756271,9.64657974243,11.7575874329,14.9010944366,13.3784322739,14.7974472046,12.8712835312,18.4477138519,22.0353946686,31.8034648895,31.7485656738,28.6398639679,22.1974639893,26.8117637634,25.3766384125,22.8936405182,19.922876358,12.5430421829,10.3956775665,7.41396665573,5.05794239044,3.87076735497,3.06794714928,2.41183304787,1.71609997749,1.05603802204,0.59285223484,0.291541725397,0.107331007719,0.0250312797725,0.0127166276798,0.020573137328,0.0389893986285,0.046013917774,0.0289237871766,0.0205868277699],"min":[2.7150360828e-22,1.08085010787e-21,4.34998491777e-21,1.26330496661e-20,4.22122124995e-20,6.86226451235e-20,4.39665236383e-20,1.3803149957e-19,2.00273027879e-19,2.01468820852e-19,5.12182945764e-19,6.99676407995e-19,8.06089574884e-19,1.06406177214e-18,1.64839084224e-18,1.31544123651e-18,2.2625536287e-18,1.70885536687e-18,2.52557886552e-18,3.56485809971e-18,5.67334520342e-18,6.66336459136e-18,6.38535870006e-18,7.6572580797e-18,1.09920772511e-17,1.0778998834e-17,1.22267204159e-17,1.21709411457e-17,1.39455769134e-17,1.35613895692e-17,1.39706156705e-17,1.62350490672e-17,1.19456138381e-17,8.70361260326e-18,6.56521506219e-18,4.68365627413e-18,2.84563220851e-18,1.12586819052e-18,3.0044435449e-19,3.40808235142e-20],"var":[9.25811290741,28.0943279266,105.065818787,163.909576416,180.030502319,458.933898926,1108.86791992,1307.37390137,1144.55847168,3392.34692383,1743.93444824,3739.60302734,3097.70239258,3472.6706543,3150.44921875,1371.7052002,574.518859863,615.475219727,1187.79541016,1227.67919922,499.200286865,322.072418213,462.542114258,742.452453613,516.150756836,443.018280029,405.400512695,176.306655884,23.7780132294,3.81148076057,1.80122053623,0.561731994152,0.0718559846282,0.00541507499292,0.00203978642821,0.00232624588534,0.0146484859288,0.00700235785916,0.00238248659298,0.000201886228751]},"erbbands_crest":{"dmean":2.25860953331,"dmean2":3.76233839989,"dvar":4.75619268417,"dvar2":12.1650562286,"max":28.503030777,"mean":7.1110367775,"median":6.25225305557,"min":2.28241729736,"var":10.4352302551},"erbbands_flatness_db":{"dmean":0.0168287567794,"dmean2":0.0257611256093,"dvar":0.000218212342588,"dvar2":0.000494589505251,"max":0.340909093618,"mean":0.127042427659,"median":0.123080544174,"min":0.0264090970159,"var":0.000966084480751},"erbbands_kurtosis":{"dmean":0.642136871815,"dmean2":1.04712033272,"dvar":0.569345295429,"dvar2":1.41194009781,"max":20.8822212219,"mean":0.187566950917,"median":-0.0512809120119,"min":-1.62006616592,"var":1.21967673302},"erbbands_skewness":{"dmean":0.283531218767,"dmean2":0.448451608419,"dvar":0.0567785054445,"dvar2":0.138996869326,"max":3.2472679615,"mean":0.0495404936373,"median":0.0310254711658,"min":-3.41791582108,"var":0.25522518158},"erbbands_spread":{"dmean":6.0172533989,"dmean2":9.62365818024,"dvar":27.1213512421,"dvar2":66.5714797974,"max":128.571411133,"mean":31.8758106232,"median":31.0677719116,"min":3.30607700348,"var":99.2644882202},"gfcc":{"cov":[[3149.8828125,-392.899719238,-128.985122681,187.119491577,-154.858474731,-35.0528564453,64.5128936768,44.224647522,17.290348053,-24.3004970551,-70.3241271973,60.9563903809,-88.5299911499],[-392.899719238,644.338928223,-0.727957129478,-171.383865356,56.2007484436,-43.5868492126,-3.00734186172,-3.22249245644,-4.97279548645,1.69471168518,25.649810791,-68.8628387451,77.6586380005],[-128.985122681,-0.727957129478,219.015640259,31.2154312134,-25.1768989563,94.0080337524,-61.3465957642,49.1440124512,-3.00077605247,31.4596824646,3.74454665184,14.1571273804,-4.17916440964],[187.119491577,-171.383865356,31.2154312134,197.375839233,30.3943042755,-13.3866996765,46.8199157715,-1.36349964142,8.67799091339,0.34789121151,-11.6680965424,25.9688091278,-29.8765354156],[-154.858474731,56.2007484436,-25.1768989563,30.3943042755,130.145843506,16.6427707672,50.2946853638,-26.6389579773,3.81692218781,-17.4710521698,14.1973552704,0.229511633515,16.1294364929],[-35.0528564453,-43.5868492126,94.0080337524,-13.3866996765,16.6427707672,174.420883179,-24.5728816986,60.8826789856,-13.9176826477,10.9779996872,8.48029518127,21.0988521576,9.59804439545],[64.5128936768,-3.00734186172,-61.3465957642,46.8199157715,50.2946853638,-24.5728816986,130.539810181,-10.7065105438,31.151758194,-13.7328062057,-0.470085859299,13.7610139847,-3.4477686882],[44.224647522,-3.22249245644,49.1440124512,-1.36349964142,-26.6389579773,60.8826789856,-10.7065105438,109.684402466,13.7251548767,32.227596283,7.01715803146,-5.35321998596,14.3583250046],[17.290348053,-4.97279548645,-3.00077605247,8.67799091339,3.81692218781,-13.9176826477,31.151758194,13.7251548767,81.4325027466,27.5047550201,13.6529331207,15.8968553543,-21.4969615936],[-24.3004970551,1.69471168518,31.4596824646,0.34789121151,-17.4710521698,10.9779996872,-13.7328062057,32.227596283,27.5047550201,65.1318588257,29.7154750824,3.80430150032,8.62659263611],[-70.3241271973,25.649810791,3.74454665184,-11.6680965424,14.1973552704,8.48029518127,-0.470085859299,7.01715803146,13.6529331207,29.7154750824,52.496421814,24.807592392,15.0652894974],[60.9563903809,-68.8628387451,14.1571273804,25.9688091278,0.229511633515,21.0988521576,13.7610139847,-5.35321998596,15.8968553543,3.80430150032,24.807592392,63.2517662048,7.24107551575],[-88.5299911499,77.6586380005,-4.17916440964,-29.8765354156,16.1294364929,9.59804439545,-3.4477686882,14.3583250046,-21.4969615936,8.62659263611,15.0652894974,7.24107551575,72.2113113403]],"icov":[[0.000432075961726,-0.0000932432012632,0.00062115828041,-0.000498096924275,0.00060027471045,-0.000196940556634,-0.00000785954489402,-0.000312049145577,0.000182143470738,-0.000183410957106,0.000674802926369,-0.000761727045756,0.000425366219133],[-0.0000932432012632,0.00353615055792,-0.00242566247471,0.00287276739255,-0.0013895467855,0.00177114957478,-0.0011902427068,0.000244237657171,-0.00144600134809,0.00222514150664,-0.00320049631409,0.00487300427631,-0.00341668445617],[0.00062115828041,-0.00242566247471,0.0104452101514,-0.00494164135307,0.0025620998349,-0.00540965329856,0.004347555805,-0.000721279415302,0.000218980116188,-0.0038314119447,0.00395887019113,-0.00443157600239,0.00256923446432],[-0.000498096924275,0.00287276739255,-0.00494164135307,0.013192422688,-0.00845836475492,0.00709299277514,-0.00362572353333,-0.00408350443467,0.00586392963305,-0.00582357309759,0.00647163763642,-0.00680955173448,0.00483147706836],[0.00060027471045,-0.0013895467855,0.0025620998349,-0.00845836475492,0.0199321527034,-0.00942321214825,-0.00338973710313,0.00859725940973,-0.0081059159711,0.0109345279634,-0.0134133715183,0.0129472464323,-0.00841117277741],[-0.000196940556634,0.00177114957478,-0.00540965329856,0.00709299277514,-0.00942321214825,0.0152244474739,-0.000225831186981,-0.0094073433429,0.00746558979154,-0.00382492132485,0.00561787234619,-0.00978564284742,0.00490497238934],[-0.00000785954489402,-0.0011902427068,0.004347555805,-0.00362572353333,-0.00338973710313,-0.000225831186981,0.0138395614922,-0.00166137272026,-0.00473872665316,0.00175969279371,0.00281839747913,-0.00385436229408,-0.0000222193248192],[-0.000312049145577,0.000244237657171,-0.000721279415302,-0.00408350443467,0.00859725940973,-0.0094073433429,-0.00166137272026,0.0197296347469,-0.00870294589549,0.00137066177558,-0.00695052975789,0.0134845878929,-0.00970540195704],[0.000182143470738,-0.00144600134809,0.000218980116188,0.00586392963305,-0.0081059159711,0.00746558979154,-0.00473872665316,-0.00870294589549,0.0290873255581,-0.0188596937805,0.0115881543607,-0.0190334580839,0.0169428717345],[-0.000183410957106,0.00222514150664,-0.0038314119447,-0.00582357309759,0.0109345279634,-0.00382492132485,0.00175969279371,0.00137066177558,-0.0188596937805,0.0430341996253,-0.031068585813,0.0227482970804,-0.0139263225719],[0.000674802926369,-0.00320049631409,0.00395887019113,0.00647163763642,-0.0134133715183,0.00561787234619,0.00281839747913,-0.00695052975789,0.0115881543607,-0.031068585813,0.0541174933314,-0.0341452918947,0.0102366935462],[-0.000761727045756,0.00487300427631,-0.00443157600239,-0.00680955173448,0.0129472464323,-0.00978564284742,-0.00385436229408,0.0134845878929,-0.0190334580839,0.0227482970804,-0.0341452918947,0.049927521497,-0.0199715048075],[0.000425366219133,-0.00341668445617,0.00256923446432,0.00483147706836,-0.00841117277741,0.00490497238934,-0.0000222193248192,-0.00970540195704,0.0169428717345,-0.0139263225719,0.0102366935462,-0.0199715048075,0.0299218669534]],"mean":[43.1868515015,102.288009644,-88.3588485718,2.41139984131,-7.8193693161,-9.8114156723,2.22290563583,-15.8738861084,2.45897984505,-7.58193254471,-3.7718834877,2.48161959648,-4.51217508316]},"hfc":{"dmean":42.168636322,"dmean2":67.0673980713,"dvar":1702.91906738,"dvar2":4168.54492188,"max":1208.08776855,"mean":183.032150269,"median":172.433135986,"min":1.13578489079e-16,"var":7841.74267578},"melbands":{"dmean":[0.0118975872174,0.00305370613933,0.00105144118425,0.000636835116893,0.000474608037621,0.00035717166611,0.00020742394554,0.000198516179807,0.000128545740154,0.000149664832861,0.000113615613373,0.000121566619782,0.0000978117896011,0.0000646830812912,0.0000454616638308,0.0000304324730678,0.0000329875401803,0.000027094160032,0.000025144267056,0.000018120623281,0.000014381339497,0.00000923292463995,0.00000780276695878,0.00000700702730683,0.00000542761154065,0.00000408677078667,0.00000293049697575,0.00000276076661976,0.00000236331925407,0.0000018554358121,0.0000012382620298,8.27258418212e-7,5.58244664717e-7,4.14078300537e-7,3.55688598574e-7,2.57645041302e-7,1.76687137809e-7,1.08384135444e-7,5.05527317785e-8,3.65423531434e-8],"dmean2":[0.0195729136467,0.00519866356626,0.00177201966289,0.00106070516631,0.000777652661782,0.000583524117246,0.000337426114129,0.000324527209159,0.000210712358239,0.000246997311478,0.000187041077879,0.000199799338588,0.000161292613484,0.000107666237454,0.0000760693073971,0.0000511005709996,0.0000552896126464,0.0000452274362033,0.0000413981579186,0.0000299462462863,0.0000236433661485,0.0000149281959239,0.0000124849429994,0.000011246057511,0.00000854515838,0.00000631205102763,0.00000455134477306,0.00000420098285758,0.00000355525253326,0.00000279614118881,0.00000184879070275,0.00000123945994801,8.65007962148e-7,6.30588147033e-7,5.36314871624e-7,3.86793971074e-7,2.6526524266e-7,1.66717001093e-7,8.2728980999e-8,6.13902457758e-8],"dvar":[0.000360616715625,0.0000137086481118,0.00000206114350476,7.76914930611e-7,5.69755968627e-7,3.00361847394e-7,1.20168110129e-7,1.45070785607e-7,6.50772378208e-8,8.55821014056e-8,4.76758934553e-8,3.79947735496e-8,2.75623595059e-8,8.84844464366e-9,3.31778071683e-9,1.37137357026e-9,1.35392419498e-9,1.7598960067e-9,1.91696547525e-9,6.27991325608e-10,3.76057296414e-10,1.85479603898e-10,1.50841311664e-10,1.75876813113e-10,1.74363884442e-10,1.5888046434e-10,6.21256518452e-11,8.01369387515e-11,7.92509183278e-11,5.34416365328e-11,1.52877224768e-11,4.00319187521e-12,1.26763497702e-12,5.96603224722e-13,3.76682815799e-13,1.94506357635e-13,8.49781603049e-14,2.80220674274e-14,5.22897705834e-15,3.43732005106e-15],"dvar2":[0.00091207283549,0.0000372069116565,0.00000567016104469,0.00000207195171242,0.0000014320230548,7.6588361253e-7,2.86555945195e-7,3.50877684241e-7,1.63131375075e-7,2.20952358632e-7,1.2144469963e-7,1.01161148791e-7,7.02804854313e-8,2.43723814464e-8,8.79851924651e-9,3.68571262399e-9,3.6700851247e-9,4.51244819288e-9,4.87882090283e-9,1.66988045613e-9,9.90011184143e-10,4.65450789022e-10,3.79380971083e-10,4.18109880052e-10,3.8735575858e-10,3.5432171086e-10,1.37946973289e-10,1.71261810289e-10,1.71712824515e-10,1.17143184042e-10,3.0193472722e-11,8.23681140655e-12,3.08286035589e-12,1.44954957326e-12,8.61960622236e-13,4.28869342383e-13,1.84571907996e-13,6.29258608111e-14,1.30503704496e-14,8.76357143185e-15],"max":[0.180295348167,0.0699637681246,0.03588892892,0.0207637716085,0.0158769730479,0.0144969951361,0.00957107543945,0.0122401388362,0.00740751763806,0.00726801808923,0.00882078241557,0.00716179562733,0.00939120538533,0.00273869233206,0.001349179307,0.000600792933255,0.000576930819079,0.00260051595978,0.00173472485039,0.000840470427647,0.000571930664591,0.000400664022891,0.000526743533555,0.000422641693149,0.000546773080714,0.000630629889201,0.000350114802131,0.0003762585402,0.000417891074903,0.000294672936434,0.000125673919683,0.0000728544473532,0.0000314350400004,0.0000191148974409,0.0000120251806948,0.00000773954434408,0.00000600758039582,0.00000372664067072,9.00980751339e-7,7.89905413967e-7],"mean":[0.0149099677801,0.00439191935584,0.00170256441925,0.00100549240597,0.000774955027737,0.000589024915826,0.000349478592398,0.000320111896144,0.000205300617381,0.000232145437622,0.000184327815077,0.000196500288439,0.00016229681205,0.00011430685845,0.0000809797493275,0.0000569725998503,0.000061947357608,0.0000520672583662,0.0000482142750116,0.0000362027130905,0.0000285029436782,0.0000182840558409,0.0000155631896632,0.0000142697308547,0.0000108098902274,0.00000804146657174,0.00000593736831433,0.00000550025424673,0.00000456923498859,0.00000354459257323,0.00000252491349784,0.00000169103725511,0.00000109056850306,7.87134297298e-7,6.22610627943e-7,4.34900897517e-7,2.89499382689e-7,1.6424759508e-7,5.9504664307e-8,3.53649944884e-8],"median":[0.00734123308212,0.00300891790539,0.00108222919516,0.000619996455498,0.00044046191033,0.000335759337759,0.000206919721677,0.000153241911903,0.000102652295027,0.000116405775771,0.000106508981844,0.000123457590234,0.000104773782368,0.0000797026077635,0.0000602721665928,0.0000442612436018,0.0000493970874231,0.0000397675648856,0.0000336959492415,0.0000272195047728,0.0000213728690142,0.0000128020110424,0.00000987766998151,0.00000842149256641,0.00000563209550819,0.00000390514787796,0.00000294884466712,0.00000240004737861,0.0000019703243197,0.00000157008514634,0.00000127406269712,9.93810431282e-7,7.12868029495e-7,5.17512489751e-7,3.53863896407e-7,2.32074270912e-7,1.51581517116e-7,8.41409146801e-8,3.12407131275e-8,1.41267078035e-8],"min":[3.00592608035e-24,3.39785347731e-24,3.29621368005e-24,4.81103901888e-24,1.64714097846e-24,3.23605928894e-24,3.04546319728e-24,1.83695767555e-24,4.75295755701e-24,4.02385325979e-24,4.07132375362e-24,3.92189495994e-24,5.52830448606e-24,3.35437501409e-24,4.25242294606e-24,4.8170970762e-24,2.64388901752e-24,3.40708393876e-24,3.61693513905e-24,5.27572187383e-24,6.23839329116e-24,5.85156154122e-24,6.06665866652e-24,6.02231640061e-24,5.79757821175e-24,5.88609668836e-24,7.29332751338e-24,6.77577165068e-24,7.49859227636e-24,5.75733960027e-24,6.85280076264e-24,6.8690994178e-24,7.74265164094e-24,6.94661052376e-24,7.60834412753e-24,8.1437763672e-24,8.51574163895e-24,7.17190130969e-24,8.03443551257e-24,7.16065688634e-24],"var":[0.000421597680543,0.0000223188926611,0.00000423903338742,0.0000013789864397,0.00000111143799586,5.93440063312e-7,2.64669893113e-7,3.27054294758e-7,1.17788786724e-7,1.49416237605e-7,7.88156242493e-8,6.1788817618e-8,4.51543868962e-8,1.53887942389e-8,5.65672575448e-9,2.3226696122e-9,2.42032638376e-9,2.95390401028e-9,3.8612215647e-9,1.26513299836e-9,7.44439510036e-10,3.85604020936e-10,3.49476197981e-10,4.71107486355e-10,5.26706678272e-10,4.20738777152e-10,1.67082236935e-10,2.25737650794e-10,1.90584534265e-10,1.22272456049e-10,4.41740775903e-11,1.03164386756e-11,2.19450499439e-12,9.68867347462e-13,7.04203405658e-13,3.75165203808e-13,1.6646414607e-13,5.01395291659e-14,6.29131900452e-15,3.46387686329e-15]},"melbands_crest":{"dmean":5.81583404541,"dmean2":9.55657291412,"dvar":23.2228412628,"dvar2":56.7930831909,"max":38.3461112976,"mean":20.2350921631,"median":19.1414527893,"min":1.80241644382,"var":62.3809776306},"melbands_flatness_db":{"dmean":0.0384309254587,"dmean2":0.0609283745289,"dvar":0.00106894539203,"dvar2":0.00258971517906,"max":0.556736171246,"mean":0.261842519045,"median":0.257179617882,"min":0.0045166304335,"var":0.00369442091323},"melbands_kurtosis":{"dmean":13.7236843109,"dmean2":22.8039283752,"dvar":938.341491699,"dvar2":2487.12597656,"max":1178.56115723,"mean":18.8571815491,"median":10.4862203598,"min":-1.85282599926,"var":1116.64831543},"melbands_skewness":{"dmean":1.17989337444,"dmean2":1.89099919796,"dvar":1.76944088936,"dvar2":4.31309318542,"max":25.4344596863,"mean":3.35737299919,"median":2.92757129669,"min":-0.969091892242,"var":3.68650984764},"melbands_spread":{"dmean":5.34272289276,"dmean2":8.50708961487,"dvar":32.2323875427,"dvar2":73.4795837402,"max":143.74105835,"mean":14.3325042725,"median":12.4127807617,"min":0.171026349068,"var":104.631774902},"mfcc":{"cov":[[2332.5612793,-442.173553467,-49.3599815369,171.637176514,-167.028366089,-7.93601989746,-63.8471832275,121.587509155,-16.1126708984,68.7143707275,-30.6291370392,6.09703493118,-48.4646530151],[-442.173553467,699.686523438,-44.6666526794,-115.211334229,27.1960906982,-58.3065071106,33.0982055664,-84.4875183105,46.5830612183,-43.4952468872,29.593000412,-28.4041213989,19.0969142914],[-49.3599815369,-44.6666526794,268.286499023,-65.6300125122,64.3846969604,-12.2258987427,-6.03541183472,1.13973236084,4.36806631088,12.8068027496,22.825460434,13.7750577927,9.83229064941],[171.637176514,-115.211334229,-65.6300125122,236.325363159,-49.3921699524,27.1477642059,-11.5033874512,16.4870052338,-6.23395204544,13.5981407166,-8.36498069763,4.86495780945,-14.5914115906],[-167.028366089,27.1960906982,64.3846969604,-49.3921699524,123.663703918,18.1341362,31.8657436371,-1.85095107555,5.33563566208,-8.33019065857,9.69260025024,-2.08665776253,16.3527774811],[-7.93601989746,-58.3065071106,-12.2258987427,27.1477642059,18.1341362,103.620437622,15.06042099,43.5102348328,-15.6729507446,6.49571609497,-21.9250354767,13.1419534683,0.368033379316],[-63.8471832275,33.0982055664,-6.03541183472,-11.5033874512,31.8657436371,15.06042099,95.9761352539,9.56744289398,32.5068511963,-21.5270080566,2.79070544243,-12.8681535721,14.8755903244],[121.587509155,-84.4875183105,1.13973236084,16.4870052338,-1.85095107555,43.5102348328,9.56744289398,98.9839324951,2.48299670219,27.0199813843,-13.6930589676,12.1906251907,-6.75160217285],[-16.1126708984,46.5830612183,4.36806631088,-6.23395204544,5.33563566208,-15.6729507446,32.5068511963,2.48299670219,68.9263839722,7.90864658356,18.3062763214,-8.1717634201,7.6669383049],[68.7143707275,-43.4952468872,12.8068027496,13.5981407166,-8.33019065857,6.49571609497,-21.5270080566,27.0199813843,7.90864658356,65.5844268799,19.455247879,18.9686641693,-7.0292840004],[-30.6291370392,29.593000412,22.825460434,-8.36498069763,9.69260025024,-21.9250354767,2.79070544243,-13.6930589676,18.3062763214,19.455247879,59.8665771484,17.6259765625,12.4289684296],[6.09703493118,-28.4041213989,13.7750577927,4.86495780945,-2.08665776253,13.1419534683,-12.8681535721,12.1906251907,-8.1717634201,18.9686641693,17.6259765625,53.9434356689,16.7852249146],[-48.4646530151,19.0969142914,9.83229064941,-14.5914115906,16.3527774811,0.368033379316,14.8755903244,-6.75160217285,7.6669383049,-7.0292840004,12.4289684296,16.7852249146,49.9044151306]],"icov":[[0.00056859588949,0.000264189991867,-0.0000116941100714,-0.000160452371347,0.000560477608815,0.000354886666173,0.0000739702009014,-0.000576983380597,-0.00000334041965289,-0.000155418209033,0.000030797389627,0.00021367307636,0.0000191817998711],[0.000264189991867,0.00205243239179,0.000616471574176,0.00079545279732,0.0000173081734829,0.000238609340158,0.0000961758123594,0.000865796930157,-0.00115220237058,0.000677878269926,-0.000710799766239,0.000419661490014,-0.0000283050176222],[-0.0000116941100714,0.000616471574176,0.0049173864536,0.00108036200982,-0.00262181088328,0.000859554449562,0.00100476748776,-0.000176626446773,-0.000551980803721,-0.000163092467119,-0.000958112301305,-0.000837387749925,0.000211275342735],[-0.000160452371347,0.00079545279732,0.00108036200982,0.0055033667013,0.00143381475937,-0.00167879881337,0.000112324014481,0.000730440195184,-0.000603870372288,-0.000187075856957,-0.000709308951627,-0.0000534543542017,0.000804984825663],[0.000560477608815,0.0000173081734829,-0.00262181088328,0.00143381475937,0.0124373817816,-0.00301771704108,-0.00300751579925,0.000190581107745,0.00128899165429,-0.0000349225920218,-0.00213029328734,0.00252326927148,-0.00217859703116],[0.000354886666173,0.000238609340158,0.000859554449562,-0.00167879881337,-0.00301771704108,0.0158087220043,-0.00334209040739,-0.00490786787122,0.00351407425478,-0.00190421065781,0.00561060057953,-0.00428002327681,0.0000317523408739],[0.0000739702009014,0.0000961758123594,0.00100476748776,0.000112324014481,-0.00300751579925,-0.00334209040739,0.0178362764418,-0.00322614936158,-0.00823565665632,0.0074484795332,-0.00299539999105,0.00349960103631,-0.00298970774747],[-0.000576983380597,0.000865796930157,-0.000176626446773,0.000730440195184,0.000190581107745,-0.00490786787122,-0.00322614936158,0.0169312637299,-0.00195655832067,-0.00663057109341,0.0049183559604,-0.00300422939472,0.00173492520116],[-0.00000334041965289,-0.00115220237058,-0.000551980803721,-0.000603870372288,0.00128899165429,0.00351407425478,-0.00823565665632,-0.00195655832067,0.0226065330207,-0.0058347764425,-0.00419028149918,0.00498191639781,-0.00281524006277],[-0.000155418209033,0.000677878269926,-0.000163092467119,-0.000187075856957,-0.0000349225920218,-0.00190421065781,0.0074484795332,-0.00663057109341,-0.0058347764425,0.0266740377992,-0.00952423084527,-0.00454578129575,0.00502987904474],[0.000030797389627,-0.000710799766239,-0.000958112301305,-0.000709308951627,-0.00213029328734,0.00561060057953,-0.00299539999105,0.0049183559604,-0.00419028149918,-0.00952423084527,0.0285657383502,-0.00928187835962,-0.00219203857705],[0.00021367307636,0.000419661490014,-0.000837387749925,-0.0000534543542017,0.00252326927148,-0.00428002327681,0.00349960103631,-0.00300422939472,0.00498191639781,-0.00454578129575,-0.00928187835962,0.0305459555238,-0.01141663827],[0.0000191817998711,-0.0000283050176222,0.000211275342735,0.000804984825663,-0.00217859703116,0.0000317523408739,-0.00298970774747,0.00173492520116,-0.00281524006277,0.00502987904474,-0.00219203857705,-0.01141663827,0.0276279505342]],"mean":[-622.444030762,164.810241699,-16.19165802,31.720790863,3.86230587959,22.9125022888,0.741761684418,12.8313903809,1.52999293804,6.90054941177,-2.32658553123,4.95563030243,0.289290577173]},"pitch_salience":{"dmean":0.106402181089,"dmean2":0.172290816903,"dvar":0.00811200495809,"dvar2":0.0200650263578,"max":0.910705626011,"mean":0.498539119959,"median":0.522528290749,"min":0.0471116229892,"var":0.0216931793839},"silence_rate_20dB":{"dmean":0.010311614722,"dmean2":0.0206243973225,"dvar":0.0102052856237,"dvar2":0.0275648888201,"max":1,"mean":0.993258178234,"median":1,"min":0,"var":0.00669637555256},"silence_rate_30dB":{"dmean":0.158186972141,"dmean2":0.316391855478,"dvar":0.13316385448,"dvar2":0.252210766077,"max":1,"mean":0.696561098099,"median":1,"min":0,"var":0.211363732815},"silence_rate_60dB":{"dmean":0.000793201150373,"dmean2":0.00158649217337,"dvar":0.000792571983766,"dvar2":0.00169729604386,"max":1,"mean":0.00317262485623,"median":0,"min":0,"var":0.00316255912185},"spectral_centroid":{"dmean":181.048522949,"dmean2":272.382598877,"dvar":42874.0273438,"dvar2":74352.6484375,"max":11427.9423828,"mean":1043.93029785,"median":949.676513672,"min":202.596878052,"var":270574.65625},"spectral_complexity":{"dmean":3.63841366768,"dmean2":5.49458885193,"dvar":10.159453392,"dvar2":20.6200771332,"max":64,"mean":25.9884433746,"median":25,"min":0,"var":69.7301940918},"spectral_contrast_coeffs":{"dmean":[0.056317653507,0.0512631312013,0.0386674813926,0.026234164834,0.0193652957678,0.0370261855423],"dmean2":[0.0942333415151,0.0859231874347,0.0648995041847,0.0444876030087,0.0325871817768,0.0583806522191],"dvar":[0.00187932129484,0.00155012635514,0.0008803785895,0.000401191122364,0.000238027409068,0.00098594208248],"dvar2":[0.0052520185709,0.00435488112271,0.00249137287028,0.00115836632904,0.000658935634419,0.00245748716407],"max":[-0.429524838924,-0.484302908182,-0.496260792017,-0.612962543964,-0.683418512344,-0.47461104393],"mean":[-0.703447282314,-0.75637036562,-0.795495450497,-0.814951598644,-0.812055766582,-0.725271642208],"median":[-0.708174049854,-0.761518776417,-0.799829661846,-0.817017674446,-0.812858641148,-0.724048793316],"min":[-0.98355203867,-0.969391405582,-0.981635034084,-0.968320012093,-0.966149568558,-0.962595582008],"var":[0.00496729882434,0.00363110215403,0.00222338642925,0.000865659443662,0.000560223532375,0.00351739232428]},"spectral_contrast_valleys":{"dmean":[0.391363620758,0.350139170885,0.289381504059,0.228094279766,0.224958598614,0.526075959206],"dmean2":[0.646984994411,0.573375761509,0.468134909868,0.364094763994,0.332517832518,0.826213538647],"dvar":[0.114172697067,0.094166778028,0.0702992677689,0.0539964511991,0.0680097490549,0.212458670139],"dvar2":[0.267076611519,0.215598240495,0.151278376579,0.101434707642,0.119448617101,0.541865289211],"max":[-4.69374036789,-4.49948835373,-5.16167211533,-5.60463190079,-5.30876255035,-8.87460041046],"mean":[-6.1612739563,-6.16124773026,-6.44518280029,-6.81891965866,-7.2766084671,-10.7266235352],"median":[-6.08241128922,-6.1100730896,-6.37833213806,-6.75489139557,-7.20956325531,-10.6572980881],"min":[-27.7173404694,-27.5840167999,-27.4175701141,-27.4777336121,-27.4208564758,-27.2873001099],"var":[0.594935774803,0.588875889778,0.529545068741,0.4669277668,0.641077160835,0.658164083958]},"spectral_decrease":{"dmean":1.1891375884e-8,"dmean2":1.93511251467e-8,"dvar":3.02948692184e-16,"dvar2":7.58057747739e-16,"max":7.7551198796e-10,"mean":-2.02470484822e-8,"median":-1.42578153728e-8,"min":-1.58603214118e-7,"var":3.99069038127e-16},"spectral_energy":{"dmean":0.0453362539411,"dmean2":0.073560886085,"dvar":0.00432650651783,"dvar2":0.0108052976429,"max":0.610843837261,"mean":0.0930186137557,"median":0.0711788386106,"min":1.04605720706e-20,"var":0.0059278216213},"spectral_energyband_high":{"dmean":0.000263693567831,"dmean2":0.000361871207133,"dvar":2.54973684832e-7,"dvar2":4.44719262305e-7,"max":0.0190719626844,"mean":0.000857956591062,"median":0.000605931098107,"min":7.42218016093e-21,"var":0.000001111542133},"spectral_energyband_low":{"dmean":0.0415923893452,"dmean2":0.0682134479284,"dvar":0.00390451261774,"dvar2":0.00982448365539,"max":0.590942382812,"mean":0.0606248043478,"median":0.0367168486118,"min":3.08637443101e-23,"var":0.00489232968539},"spectral_energyband_middle_high":{"dmean":0.00190894235857,"dmean2":0.00297307991423,"dvar":0.0000047712187552,"dvar2":0.0000117227964438,"max":0.0698724165559,"mean":0.00659366324544,"median":0.005764615722,"min":1.35792158477e-21,"var":0.0000179555645445},"spectral_energyband_middle_low":{"dmean":0.00565955974162,"dmean2":0.00913129933178,"dvar":0.0000400374665332,"dvar2":0.000103657919681,"max":0.108732789755,"mean":0.0155682619661,"median":0.012041608803,"min":2.29201478663e-22,"var":0.000138851464726},"spectral_entropy":{"dmean":0.127681434155,"dmean2":0.193802118301,"dvar":0.0140621298924,"dvar2":0.031300060451,"max":9.80900669098,"mean":7.60001802444,"median":7.63823652267,"min":6.29698085785,"var":0.0737245082855},"spectral_flux":{"dmean":0.0522520616651,"dmean2":0.0865948796272,"dvar":0.00408878410235,"dvar2":0.0100051453337,"max":0.667502999306,"mean":0.166725426912,"median":0.149502500892,"min":6.58203908044e-11,"var":0.00623766798526},"spectral_kurtosis":{"dmean":3.34319543839,"dmean2":5.09245443344,"dvar":16.2429523468,"dvar2":38.6351394653,"max":92.699180603,"mean":16.3952255249,"median":14.8508052826,"min":-1.24890124798,"var":45.2977104187},"spectral_rms":{"dmean":0.00208765175194,"dmean2":0.00329040503129,"dvar":0.00000542453699381,"dvar2":0.0000127443991005,"max":0.0244119893759,"mean":0.00888933893293,"median":0.00833323318511,"min":3.19459497918e-12,"var":0.0000117295257951},"spectral_rolloff":{"dmean":4769.99609375,"dmean2":9117.97460938,"dvar":60042100,"dvar2":144020640,"max":22006.9335938,"mean":6529.81982422,"median":1291.9921875,"min":43.06640625,"var":79000760},"spectral_skewness":{"dmean":0.262121558189,"dmean2":0.3885871768,"dvar":0.0800268650055,"dvar2":0.173040419817,"max":6.33905887604,"mean":2.72677516937,"median":2.6464369297,"min":-0.0276763718575,"var":0.359759122133},"spectral_spread":{"dmean":421664.125,"dmean2":644002.3125,"dvar":266078912512,"dvar2":506253770752,"max":41563712,"mean":3944196.75,"median":3874913.75,"min":937436.625,"var":1416680964100},"spectral_strongpeak":{"dmean":0.986294984818,"dmean2":1.86909794807,"dvar":39.4101829529,"dvar2":113.689949036,"max":185.550506592,"mean":0.800898432732,"median":0.278032571077,"min":0,"var":27.9665813446},"zerocrossingrate":{"dmean":0.0388440862298,"dmean2":0.0494799129665,"dvar":0.00103714945726,"dvar2":0.00161911698524,"max":0.572265625,"mean":0.201578885317,"median":0.1962890625,"min":0.01123046875,"var":0.00629227189347}},"metadata":{"audio_properties":{"analysis_sample_rate":44100,"bit_rate":219751,"codec":"mp3","downmix":"mix","equal_loudness":0,"length":409.810058594,"lossless":false,"md5_encoded":"22156ca578c07a174ce166e7fd0780e7","replay_gain":0.412799835205,"sample_rate":44100},"tags":{"acoustid_id":["14e56489-16e2-448a-a91d-fb4e7c7cea58"],"album":["Them Crooked Vultures"],"albumartist":["Them Crooked Vultures"],"artist":["Them Crooked Vultures"],"date":["2009"],"discnumber":["1/1"],"file_name":"05 - Them Crooked Vultures - Elephants.mp3","musicbrainz_albumartistid":["4bc09c51-5d42-4c93-9ba6-8cc21a0edb8d"],"musicbrainz_albumid":["d5da1217-c3a4-3f60-be63-c5929dedce97"],"musicbrainz_artistid":["4bc09c51-5d42-4c93-9ba6-8cc21a0edb8d"],"musicbrainz_recordingid":["e1acd104-547b-4743-9297-89453265edd6"],"musicbrainz_releasegroupid":["c433d46d-e1d1-4053-922c-f542c43b6e67"],"replaygain_album_gain":["-0.75 dB"],"replaygain_album_peak":["0.372780"],"replaygain_track_gain":["-0.78 dB"],"replaygain_track_peak":["0.360178"],"title":["Elephants"],"tracknumber":["5/13"]},"version":{"essentia":"2.1-beta1","essentia_build_sha":"e76a03f03bb3900de42a1fa0d9be1e72f12def64","essentia_git_sha":"v2.1_beta1-28-g21ef5f4-dirty","extractor":"music 1.0"}},"rhythm":{"beats_count":1132,"beats_loudness":{"dmean":0.0593351796269,"dmean2":0.101929977536,"dvar":0.00323865422979,"dvar2":0.00899816211313,"max":0.567064106464,"mean":0.115730382502,"median":0.10110911727,"min":0.00022700864065,"var":0.00443590478972},"beats_loudness_band_ratio":{"dmean":[0.180928528309,0.0742320641875,0.0477508939803,0.0432526469231,0.0233048163354,0.0546092018485],"dmean2":[0.302938371897,0.128786578774,0.0815321728587,0.0736799538136,0.0398151651025,0.0929564908147],"dvar":[0.0209995359182,0.00460843741894,0.00262766261585,0.00226890505292,0.000503475952428,0.00241293990985],"dvar2":[0.0534767881036,0.0128641193733,0.00694543775171,0.0060715675354,0.00131215108559,0.00677152071148],"max":[0.975177168846,0.562766134739,0.