{"lowlevel":{"average_loudness":0.865063726902,"barkbands":{"dmean":[0.000117017269076,0.00981998909265,0.00807902961969,0.00314468098804,0.00179770216346,0.00106146698818,0.000443798344349,0.000515658757649,0.000327526737237,0.000154637004016,0.000128218045575,0.000134044195875,0.0000745241704863,0.0000458187751065,0.0000389364431612,0.0000436352311226,0.0000242700807576,0.0000181815121323,0.0000202729406737,0.0000190254322661,0.0000196826422325,0.0000242248170252,0.0000222726011998,0.0000202841565624,0.0000112119641926,0.00000504851004735,0.00000150799360199],"dmean2":[0.00018513725081,0.016132960096,0.0130992522463,0.00553693529218,0.00296468939632,0.00164827797562,0.000660375575535,0.000745475583244,0.000499819172546,0.000225747047807,0.000196049426449,0.000204170486541,0.000109186381451,0.0000712266919436,0.0000605897221249,0.00006570500409,0.0000382209618692,0.0000296430043818,0.0000320517356158,0.0000288542814815,0.0000294931742246,0.0000364028273907,0.0000317134145007,0.000029745791835,0.0000165892033692,0.00000714369207344,0.00000225922053687],"dvar":[9.20087543932e-8,0.000654955860227,0.000190580016351,0.000022674428692,0.0000100480046967,0.00000478818355987,0.00000227497662308,0.00000235693892137,9.41483108363e-7,1.86646218481e-7,3.45076756503e-7,1.35187704586e-7,4.89915272794e-8,1.98338554469e-8,1.52907357887e-8,2.48892142451e-8,5.14826448139e-9,6.56893694995e-9,5.98091709492e-9,5.43458167357e-9,7.28755411572e-9,1.3913909136e-8,1.73159708794e-8,3.80347096041e-8,5.02687269588e-9,3.44024725374e-10,1.96714866618e-11],"dvar2":[2.09275867746e-7,0.00169282080606,0.000497741624713,0.0000671607049298,0.0000263532438112,0.0000113750229502,0.00000498514509673,0.0000046774744078,0.00000219618982555,3.64335619452e-7,7.19769616353e-7,3.10425036787e-7,1.03329604428e-7,4.6806558629e-8,3.59018024199e-8,5.42256017866e-8,1.29441586338e-8,1.73483183374e-8,1.47488687929e-8,1.24149073244e-8,1.64075526499e-8,3.14635073551e-8,2.92682926784e-8,6.78626790318e-8,9.72817293388e-9,8.281294539e-10,4.72121092221e-11],"max":[0.00993181206286,0.37058699131,0.205337524414,0.0719714462757,0.0694996714592,0.0614211596549,0.0474070496857,0.0594581104815,0.0359383523464,0.0166414808482,0.0325877442956,0.0112228645012,0.00609141495079,0.00401724502444,0.00409867893904,0.00726679665968,0.0019463642966,0.0022945960518,0.00237671053037,0.00275164400227,0.0023862416856,0.00491795642301,0.0103504797444,0.0147375799716,0.00358416326344,0.000992401735857,0.000126291852212],"mean":[0.000133208333864,0.0187372639775,0.0142514929175,0.00513909291476,0.00354925054125,0.0026717891451,0.00103872886393,0.0014850756852,0.000848254654557,0.000377929507522,0.000275972939562,0.000278538005659,0.000157847811352,0.0000876696649357,0.000073426621384,0.000106271392724,0.0000474438274978,0.0000236320793192,0.0000288275296043,0.0000296885755233,0.0000264440350293,0.0000318329730362,0.0000299549228657,0.0000305547328026,0.0000150616615429,0.00000626747169008,0.00000156703936227],"median":[0.000036936813558,0.006390592549,0.00751337176189,0.00244996743277,0.00156381633133,0.000830625067465,0.000189299869817,0.000182283940376,0.000157070491696,0.000101345664007,0.0000263802376139,0.0000684092956362,0.0000319815371768,0.0000210845810216,0.000016562800738,0.0000122712608572,0.0000156800015247,0.00000531267551196,0.00000738654898669,0.00000525509994986,0.00000354796634383,0.00000340674750987,0.00000229121246775,0.00000177447111582,0.00000102510773559,5.13764405241e-7,1.75913825728e-7],"min":[1.18714957791e-24,7.49591330473e-24,1.05502829388e-24,2.78575934044e-24,1.09307367484e-23,2.3587815124e-23,2.61065533311e-23,1.0937311904e-23,1.11162665781e-23,3.52727415519e-23,2.20079476119e-23,3.66021078613e-23,7.08212373219e-23,3.8314671244e-23,6.4603770144e-23,6.82637124018e-23,9.69700388876e-23,1.35824593913e-22,1.95314992913e-22,2.48857065143e-22,2.89458764058e-22,3.65852382286e-22,4.4555853474e-22,7.24882089619e-22,1.05099102841e-21,1.33790193583e-21,2.23107352727e-21],"var":[1.03473283275e-7,0.000855917169247,0.000324873341015,0.0000441929805675,0.0000291361102427,0.0000248532160185,0.00000887810983841,0.0000152892480401,0.00000568452969674,7.68505913129e-7,0.0000015554452375,4.35567869772e-7,1.88814922808e-7,6.03150098755e-8,4.45054872955e-8,1.55531608925e-7,1.15941007905e-8,6.59872334552e-9,7.61694263218e-9,8.62717275396e-9,1.12104956429e-8,2.1776118686e-8,3.65243799649e-8,8.74123458061e-8,1.07374198421e-8,4.46754022665e-10,2.00199700567e-11]},"barkbands_crest":{"dmean":2.64882230759,"dmean2":4.41524457932,"dvar":6.41325283051,"dvar2":16.6539115906,"max":26.0659351349,"mean":14.2820577621,"median":14.0010986328,"min":3.24912524223,"var":24.9578666687},"barkbands_flatness_db":{"dmean":0.0268172863871,"dmean2":0.0403675511479,"dvar":0.000879885221366,"dvar2":0.00183286517859,"max":0.544063508511,"mean":0.265691518784,"median":0.261215209961,"min":0.0341834798455,"var":0.00781715102494},"barkbands_kurtosis":{"dmean":14.9362535477,"dmean2":23.6538028717,"dvar":1023.0335083,"dvar2":2665.51757812,"max":1430.29504395,"mean":39.7454452515,"median":15.0500850677,"min":-1.88965320587,"var":9847.07128906},"barkbands_skewness":{"dmean":0.896364688873,"dmean2":1.39201378822,"dvar":1.16692650318,"dvar2":2.75180602074,"max":28.3824214935,"mean":3.70826196671,"median":3.0639257431,"min":-2.9943985939,"var":8.26757526398},"barkbands_spread":{"dmean":2.08523249626,"dmean2":3.25970721245,"dvar":19.8858604431,"dvar2":40.6127433777,"max":105.583641052,"mean":6.08298063278,"median":4.09248971939,"min":0.138548180461,"var":56.41614151},"dissonance":{"dmean":0.0290441662073,"dmean2":0.0481496043503,"dvar":0.000772508385126,"dvar2":0.00213084230199,"max":0.5,"mean":0.42293921113,"median":0.436012297869,"min":0.0922488942742,"var":0.00297017721459},"dynamic_complexity":4.09206390381,"erbbands":{"dmean":[0.192524433136,2.56431341171,8.57574272156,9.41267108917,8.98353004456,4.62513685226,5.99612283707,9.25996685028,7.39579582214,6.70340061188,11.1246728897,5.96419429779,6.91881465912,5.82028961182,4.5632443428,3.95028591156,3.38662290573,2.27508664131,2.02794575691,1.80771529675,2.52562737465,1.19078505039,0.979954659939,0.975097060204,1.02973723412,0.915461599827,0.792254090309,0.811530947685,0.879735291004,0.764524579048,0.637210845947,0.491378724575,0.297673970461,0.151588022709,0.0675349608064,0.0246445517987,0.00879409629852,0.00225707143545,0.000241973946686,0.0000284998077404],"dmean2":[0.323173880577,4.23483467102,13.8770561218,15.9792509079,15.3303756714,7.75629806519,9.60848140717,14.3759555817,11.1944217682,9.85536289215,15.781955719,9.07878780365,10.2104644775,8.4427947998,6.88207292557,6.00074481964,4.87466621399,3.55253005028,3.10508465767,2.73245954514,3.82340931892,1.8565274477,1.57203876972,1.57551050186,1.60215687752,1.39072871208,1.18722701073,1.20719909668,1.32449328899,1.14046490192,0.918928444386,0.70893996954,0.428250014782,0.221783146262,0.0996245890856,0.0357999131083,0.0124412225559,0.00326757435687,0.000361477752449,0.0000432962624473],"dvar":[0.276457875967,42.6415939331,228.760025024,187.875930786,235.646835327,89.7959823608,142.755630493,462.818054199,496.203369141,452.397094727,1027.13964844,282.815826416,529.708374023,436.290435791,180.509521484,112.202888489,107.340835571,50.3069343567,41.5214195251,29.6811752319,92.7157516479,13.9871425629,16.9741706848,16.96783638,15.075044632,12.4325094223,11.6849555969,13.5753126144,18.2627277374,13.3121490479,17.1661911011,27.7086544037,6.81684541702,0.995067477226,0.184569895267,0.0150180868804,0.000796276552137,0.0000400623684982,4.97383666698e-7,2.70082844978e-9],"dvar2":[0.7121950984,111.133850098,605.872802734,528.495178223,640.303466797,242.040786743,368.536254883,1086.90942383,1064.24951172,877.943603516,2008.55688477,650.217346191,1093.5579834,929.100341797,370.154205322,254.351272583,219.412780762,122.982933044,98.0997543335,66.5152359009,206.690536499,34.7620544434,44.4487915039,44.1997833252,35.6536483765,28.7168617249,27.2131748199,30.1318283081,41.0289726257,28.6292858124,29.5812244415,44.8635635376,11.5742998123,1.90006160736,0.361478507519,0.034493714571,0.00184764701407,0.0000903935288079,0.00000119962692224,6.42458042321e-9],"max":[7.57855796814,92.93409729,219.454696655,185.706497192,341.932800293,194.099472046,297.54019165,683.750915527,774.313049316,1043.06628418,1231.25134277,698.805175781,1170.59106445,1115.27355957,780.857116699,550.477050781,345.410858154,185.418167114,261.5362854,149.157989502,503.400299072,114.470405579,113.498603821,130.10774231,109.184455872,130.001220703,89.5939941406,145.956863403,202.182022095,166.732315063,308.26272583,469.347808838,140.517028809,56.3260879517,22.3492450714,6.24178600311,1.38028168678,0.179892316461,0.0214582327753,0.00133651972283],"mean":[0.302578866482,5.0877122879,16.318195343,17.2933883667,17.3550720215,8.1446313858,11.9947252274,23.8145008087,18.8392848969,18.6444149017,31.4603652954,16.6194763184,17.878112793,15.7765102386,10.9173688889,9.17768383026,7.53816413879,4.66032361984,4.13421583176,3.97372317314,6.30492210388,2.50640368462,1.4481498003,1.32461214066,1.53254508972,1.44306850433,1.13685905933,1.05479466915,1.13518130779,1.01514923573,0.855491518974,0.717703580856,0.439485907555,0.202930465341,0.0891285985708,0.0323161035776,0.0105045568198,0.00245663314126,0.0002709965338,0.0000667640852043],"median":[0.136413738132,2.01412129402,10.8949699402,11.7980337143,7.23123979568,4.2808637619,4.48011398315,6.1064953804,4.59073400497,3.00755167007,4.97618532181,4.17104482651,3.18138885498,3.47865223885,2.58029317856,2.66173577309,1.69066154957,1.23490095139,0.989573776722,0.789491713047,0.898547291756,0.779374420643,0.424725294113,0.315447747707,0.400053650141,0.259986966848,0.180225417018,0.122934564948,0.116211734712,0.0933955684304,0.062423184514,0.0431531555951,0.0247266627848,0.0112105486915,0.00697772484273,0.00274798669852,0.00081194343511,0.000184141434147,0.0000523318522028,0.0000534311111551],"min":[2.16536840633e-22,1.50947092807e-21,1.68360294833e-21,1.05843995542e-20,3.21669472966e-20,4.21209189018e-20,1.88839582356e-19,1.65722223605e-19,3.08793760496e-19,4.31541392189e-19,4.39362979417e-19,3.18842169632e-19,1.1998728346e-18,8.85782533242e-19,1.17135237086e-18,1.43911290649e-18,3.60919167182e-18,2.52235224075e-18,3.12519113142e-18,4.61948318862e-18,5.35339381043e-18,6.10921768745e-18,6.30483969846e-18,1.02506496254e-17,9.29032105839e-18,1.21319246905e-17,1.06624763826e-17,1.16703347477e-17,1.20646352021e-17,1.30495955534e-17,1.23247537262e-17,1.24593848155e-17,1.24925564124e-17,9.64697900465e-18,7.4996975438e-18,4.94082217708e-18,2.40403439388e-18,1.16610928655e-18,2.83740501844e-19,2.97476120259e-20],"var":[0.28097692132,57.5267372131,360.129516602,344.91104126,779.662841797,141.511032104,426.217926025,2436.34960938,2429.3034668,2884.47851562,6235.75195312,1649.87463379,2781.2109375,2369.3737793,881.805603027,374.319641113,422.827636719,141.369277954,145.334182739,116.42351532,556.771728516,34.4362640381,17.9981613159,18.8389263153,21.4597244263,19.6564483643,16.8304214478,21.6917209625,29.8652744293,22.2732410431,35.8064575195,59.1566810608,16.9694442749,2.30891108513,0.344472020864,0.0222671665251,0.00101127603557,0.0000477624926134,5.10640461471e-7,4.26515667229e-9]},"erbbands_crest":{"dmean":2.19595527649,"dmean2":3.49484062195,"dvar":4.06398534775,"dvar2":9.88355541229,"max":29.4405612946,"mean":10.7298460007,"median":10.0050067902,"min":2.13114666939,"var":18.373506546},"erbbands_flatness_db":{"dmean":0.0184296555817,"dmean2":0.0252760387957,"dvar":0.000406007631682,"dvar2":0.000750671839342,"max":0.383316665888,"mean":0.193787187338,"median":0.193384975195,"min":0.0298723187298,"var":0.003252327675},"erbbands_kurtosis":{"dmean":1.68347191811,"dmean2":2.49753284454,"dvar":12.4296007156,"dvar2":21.9352970123,"max":276.813934326,"mean":4.68898963928,"median":1.15360879898,"min":-1.83465433121,"var":285.873382568},"erbbands_skewness":{"dmean":0.364514231682,"dmean2":0.551666736603,"dvar":0.147224470973,"dvar2":0.325143069029,"max":13.6996908188,"mean":1.19072580338,"median":0.961345553398,"min":-4.24985218048,"var":1.99476027489},"erbbands_spread":{"dmean":6.33762264252,"dmean2":9.55720329285,"dvar":97.4132843018,"dvar2":210.235519409,"max":174.618942261,"mean":29.0876350403,"median":25.1291770935,"min":1.53057396412,"var":372.712005615},"gfcc":{"cov":[[12658.5439453,-237.930786133,-2118.44580078,63.7292785645,-909.621520996,317.634124756,-255.208648682,150.687301636,-23.5830535889,47.7016563416,64.993927002,112.682373047,128.604049683],[-237.930786133,1337.10192871,12.1630945206,-332.315734863,247.090316772,-147.776809692,201.942886353,-15.2872228622,157.673156738,-90.1625747681,124.364486694,-64.3054656982,54.7519569397],[-2118.44580078,12.1630945206,1265.41064453,206.196090698,320.488769531,108.748931885,124.299316406,70.3476333618,72.2723846436,85.1777038574,0.275113344193,-0.126139178872,-32.4159164429],[63.7292785645,-332.315734863,206.196090698,480.877258301,119.782402039,83.4347000122,-4.59565448761,1.06438469887,33.7986564636,52.3386230469,-11.6462039948,-3.92062044144,37.1138496399],[-909.621520996,247.090316772,320.488769531,119.782402039,432.99029541,25.5401420593,110.287467957,15.9259128571,50.6019973755,26.0768032074,24.7216930389,2.27907943726,18.8684463501],[317.634124756,-147.776809692,108.748931885,83.4347000122,25.5401420593,203.055419922,70.9791946411,41.5729026794,-6.60256481171,18.6885051727,12.6648921967,12.1794967651,-8.36437320709],[-255.208648682,201.942886353,124.299316406,-4.59565448761,110.287467957,70.9791946411,252.110488892,66.1643066406,16.4650440216,-22.1355857849,30.6108169556,13.9162998199,-7.0283575058],[150.687301636,-15.2872228622,70.3476333618,1.06438469887,15.9259128571,41.5729026794,66.1643066406,118.026901245,20.6229438782,7.5286450386,3.00875878334,9.31819725037,-0.284206062555],[-23.5830535889,157.673156738,72.2723846436,33.7986564636,50.6019973755,-6.60256481171,16.4650440216,20.6229438782,137.96031189,28.4567527771,7.70745515823,-33.0916099548,16.7022209167],[47.7016563416,-90.1625747681,85.1777038574,52.3386230469,26.0768032074,18.6885051727,-22.1355857849,7.5286450386,28.4567527771,100.12928009,12.3410835266,-4.20721673965,-1.25762414932],[64.993927002,124.364486694,0.275113344193,-11.6462039948,24.7216930389,12.6648921967,30.6108169556,3.00875878334,7.70745515823,12.3410835266,94.209564209,14.4715251923,-0.58712053299],[112.682373047,-64.3054656982,-0.126139178872,-3.92062044144,2.27907943726,12.1794967651,13.9162998199,9.31819725037,-33.0916099548,-4.20721673965,14.4715251923,91.3261413574,13.5630502701],[128.604049683,54.7519569397,-32.4159164429,37.1138496399,18.8684463501,-8.36437320709,-7.0283575058,-0.284206062555,16.7022209167,-1.25762414932,-0.58712053299,13.5630502701,80.0472717285]],"icov":[[0.000209968944546,-0.000473039748613,0.000396463525249,-0.000483270676341,0.000474134838441,-0.000698671035934,0.000456171837868,-0.000603265187237,0.000244510010816,-0.000598498969339,0.000408713618526,-0.00058208766859,0.000265188456979],[-0.000473039748613,0.00434574857354,-0.00103937380482,0.00356634659693,-0.00264504319057,0.00323610031046,-0.00303211528808,0.00285290414467,-0.00358234578744,0.00406339485198,-0.00464800465852,0.00373683054931,-0.00343733257614],[0.000396463525249,-0.00103937380482,0.00188897119369,-0.0012659819331,0.000271936616627,-0.00162633287255,0.000791499158368,-0.00152154359967,0.000330104638124,-0.00184540438931,0.00131543248426,-0.00141079316381,0.0014067691518],[-0.000483270676341,0.00356634659693,-0.0012659819331,0.00573813449591,-0.00283231539652,0.00165197404567,-0.0020966748707,0.00292676640674,-0.00303004984744,0.00260861963034,-0.00318759423681,0.00335785094649,-0.00408866349608],[0.000474134838441,-0.00264504319057,0.000271936616627,-0.00283231539652,0.00525622535497,-0.00183102767915,0.000534659484401,-0.00138332974166,0.00153116753791,-0.00296075316146,0.00220455694944,-0.00249858875759,0.00115602521691],[-0.000698671035934,0.00323610031046,-0.00162633287255,0.00165197404567,-0.00183102767915,0.00972231756896,-0.00423764437437,0.00140344211832,-0.0013047712855,0.002320114756,-0.0037332046777,0.0029317913577,-0.00165054493118],[0.000456171837868,-0.00303211528808,0.000791499158368,-0.0020966748707,0.000534659484401,-0.00423764437437,0.00856936722994,-0.00489915767685,0.00185592321213,-0.000430729385698,0.00162427476607,-0.00308226933703,0.00294005288742],[-0.000603265187237,0.00285290414467,-0.00152154359967,0.00292676640674,-0.00138332974166,0.00140344211832,-0.00489915767685,0.0133979190141,-0.00380562292412,0.00196749111637,-0.00182823068462,0.00144634081516,-0.00229869270697],[0.000244510010816,-0.00358234578744,0.000330104638124,-0.00303004984744,0.00153116753791,-0.0013047712855,0.00185592321213,-0.00380562292412,0.0128921419382,-0.00547260092571,0.00295731076039,0.00119493494276,0.000291459524306],[-0.000598498969339,0.00406339485198,-0.00184540438931,0.00260861963034,-0.00296075316146,0.002320114756,-0.000430729385698,0.00196749111637,-0.00547260092571,0.0166901126504,-0.00636161677539,0.00344292051159,-0.00209101336077],[0.000408713618526,-0.00464800465852,0.00131543248426,-0.00318759423681,0.00220455694944,-0.0037332046777,0.00162427476607,-0.00182823068462,0.00295731076039,-0.00636161677539,0.0170762035996,-0.0060811038129,0.00419819168746],[-0.00058208766859,0.00373683054931,-0.00141079316381,0.00335785094649,-0.00249858875759,0.0029317913577,-0.00308226933703,0.00144634081516,0.00119493494276,0.00344292051159,-0.0060811038129,0.0169145390391,-0.00622496241704],[0.000265188456979,-0.00343733257614,0.0014067691518,-0.00408866349608,0.00115602521691,-0.00165054493118,0.00294005288742,-0.00229869270697,0.000291459524306,-0.00209101336077,0.00419819168746,-0.00622496241704,0.0176799651235]],"mean":[-83.9339294434,143.706253052,-64.7541275024,24.1112651825,-40.6215705872,10.6761445999,-24.1516151428,1.52429187298,-18.0950984955,-4.79167795181,-15.7599573135,-5.23219299316,-12.1478462219]},"hfc":{"dmean":3.24006390572,"dmean2":4.85501432419,"dvar":33.8856582642,"dvar2":70.5107879639,"max":251.481719971,"mean":10.5494451523,"median":7.36868476868,"min":1.10329092022e-16,"var":122.035247803},"melbands":{"dmean":[0.00225706584752,0.00404361682013,0.00162879086565,0.000468876503874,0.000192960869754,0.00020341500931,0.000110866312752,0.0000844502428663,0.0000824631351861,0.0000410641951021,0.0000346563283529,0.0000236585146922,0.0000158633101819,0.0000171784631675,0.00000748885940993,0.00000622960396868,0.00000423332994615,0.00000344322711499,0.00000286397107629,0.00000244724560616,0.00000307153823087,0.00000128154408685,0.00000109842710572,8.9713307716e-7,8.01579460585e-7,7.69115160892e-7,7.13503197858e-7,6.215827284e-7,5.10633867634e-7,4.93644506605e-7,4.74402042983e-7,5.27398015038e-7,4.69584307439e-7,4.20491602426e-7,3.9056925516e-7,3.35342548397e-7,2.97856956877e-7,2.27953364629e-7,1.70758312379e-7,1.17835902813e-7],"dmean2":[0.00373450107872,0.00653800088912,0.00275970669463,0.000789584941231,0.000312200805638,0.00031512111309,0.000167783931829,0.000123941325,0.00011659097072,0.0000630856884527,0.0000514486891916,0.0000343198371411,0.0000239960263571,0.0000262810463028,0.0000108170770545,0.00000927451856114,0.00000667604672344,0.00000529381395609,0.00000440330813944,0.00000369733129446,0.00000471357543574,0.00000202368596547,0.00000175893080723,0.0000014720363879,0.00000130949354116,0.00000122514484246,0.00000109918858016,9.62586568676e-7,7.82909353347e-7,7.58169051096e-7,7.13273834663e-7,8.1114620798e-7,7.06540390638e-7,6.29664384633e-7,5.8026773786e-7,4.8052368129e-7,4.41007244945e-7,3.38736469985e-7,2.52046049809e-7,1.75822037818e-7],"dvar":[0.0000365038467862,0.000058885620092,0.0000049997665883,6.55213398204e-7,1.48245035803e-7,2.08300249938e-7,1.09369040047e-7,6.31777155036e-8,5.3327283922e-8,1.39933824528e-8,1.29861312814e-8,6.69863053915e-9,3.33298477706e-9,2.12072515104e-9,5.06872877004e-10,3.34178129613e-10,1.88838597537e-10,1.25731577927e-10,9.10070491189e-11,6.07189160062e-11,1.34980887578e-10,1.60607048494e-11,1.44002162625e-11,1.86142802561e-11,1.21350533788e-11,8.47387784941e-12,7.56679007646e-12,6.34227349458e-12,4.94971555062e-12,5.08459463769e-12,5.14005938507e-12,7.29091353263e-12,4.84926898983e-12,4.17190197319e-12,5.28684084358e-12,1.19241257493e-11,1.01678439973e-11,4.75474087186e-12,1.74066685545e-12,5.90924715844e-13],"dvar2":[0.0000942618498811,0.000153845685418,0.0000141279333548,0.00000178343145762,3.86689009702e-7,4.86530268518e-7,2.44611328526e-7,1.26522849087e-7,1.02114789513e-7,3.32837259975e-8,2.72490456865e-8,1.39624942719e-8,6.51560272402e-9,4.99968866308e-9,1.01865826885e-9,7.29501348218e-10,4.66486738127e-10,2.92201013385e-10,2.09875394841e-10,1.29820307282e-10,3.06329933641e-10,4.08879249902e-11,3.6722618002e-11,4.8708509448e-11,3.18393506005e-11,2.07933184559e-11,1.73216978955e-11,1.51146942184e-11,1.15682411567e-11,1.24766412479e-11,1.13704974256e-11,1.72691756728e-11,1.07831937823e-11,9.05287910608e-12,1.04246984309e-11,1.86170800998e-11,1.67931380607e-11,8.56504190488e-12,3.03018330913e-12,1.2342366712e-12],"max":[0.0927392989397,0.0935095995665,0.0296526029706,0.0169847588986,0.00868813227862,0.0138545734808,0.0100464234129,0.00928017497063,0.00810908991843,0.00433280598372,0.00565214175731,0.00408019544557,0.00359408231452,0.00139670690987,0.000796948268544,0.00067017308902,0.000407126848586,0.000493894738611,0.000354555348167,0.000271872209851,0.000628443376627,0.000101684359834,0.0000832383302622,0.00014174595708,0.000118071162433,0.0000836430845084,0.0000862935921759,0.0000878085847944,0.0000704141348251,0.0000584953777434,0.00010033774015,0.000121530822071,0.0000828327756608,0.000096484698588,0.000130241925945,0.000305306806695,0.000261175970081,0.000138444171171,0.0000769935941207,0.0000390785571653],"mean":[0.00408793520182,0.00824911519885,0.00316529185511,0.00089796615066,0.000380133773433,0.000531358527951,0.000277476618066,0.000240602254053,0.00022848174558,0.000109918284579,0.0000879274957697,0.0000620340215391,0.0000373676375602,0.0000362709943147,0.0000168169990502,0.0000131905426315,0.00000805308263807,0.00000661828335069,0.00000558088413527,0.00000553845438844,0.00000756095050747,0.00000250942207458,0.00000171201816102,0.00000115736111184,0.00000104482796814,0.00000107538494376,0.00000106482070805,9.49740353917e-7,7.29561293156e-7,6.24430356311e-7,5.93744061916e-7,6.47308183943e-7,6.09197854828e-7,5.45112470718e-7,5.02065404362e-7,4.53902714526e-7,4.33062211869e-7,3.22037692513e-7,2.39743286556e-7,1.47169473053e-7],"median":[0.00144495489076,0.00664203101769,0.00226783333346,0.000399182114052,0.000145146390423,0.0001397383312,0.0000663504251861,0.0000327092420775,0.0000396120813093,0.0000229679808399,0.0000152156972035,0.0000132457662403,0.00000668816483085,0.00000898107919056,0.00000343623310073,0.00000322338337355,0.00000199194073502,0.00000144534999436,0.00000114462773126,8.48125523589e-7,0.00000107940206817,7.57189809519e-7,5.45719785805e-7,2.42278275664e-7,2.2315649062e-7,2.81592122064e-7,2.24276931249e-7,1.46826366176e-7,1.10831983591e-7,7.99056820711e-8,5.96616160919e-8,6.24660358994e-8,5.69594611477e-8,4.39634249005e-8,3.41691226424e-8,2.70942717151e-8,2.27131717878e-8,1.71232308332e-8,1.08517106412e-8,8.09356848208e-9],"min":[2.02382442728e-24,1.14199024932e-24,3.31908532149e-24,3.1788952723e-24,6.79501354588e-24,4.22503685088e-24,4.76951022538e-24,3.67184774666e-24,3.85363048708e-24,1.63699741051e-24,6.2513641366e-24,3.4253898505e-24,3.31337830727e-24,2.67571876619e-24,4.15021181629e-24,6.44440628871e-24,4.10444605088e-24,4.41481232998e-24,4.72480587231e-24,4.97570032221e-24,6.154191067e-24,6.78793509698e-24,4.67324947342e-24,7.48278034838e-24,7.6385109574e-24,6.66281623539e-24,7.43321937315e-24,7.48320081124e-24,5.52203422516e-24,6.61910150833e-24,6.00332536318e-24,5.89274520807e-24,6.18796654109e-24,5.65110527989e-24,6.75203482605e-24,8.34110282289e-24,6.46185825852e-24,8.38245964471e-24,7.71918381787e-24,7.11721589401e-24],"var":[0.000043960801122,0.0000857088307384,0.000010025724805,0.00000187242153515,3.92748660261e-7,0.00000117842694181,4.88392515763e-7,4.17840965383e-7,3.15372375326e-7,8.84180906269e-8,6.79379539292e-8,3.50487567857e-8,1.69383262971e-8,7.08416303397e-9,2.06879335884e-9,1.23536336716e-9,4.78190820274e-10,4.53052539928e-10,3.10697023664e-10,2.993089665e-10,8.13988931814e-10,3.75756925575e-11,1.75122121665e-11,2.07963351401e-11,1.31670360379e-11,1.03735518439e-11,1.16031732833e-11,9.58164624032e-12,6.88886491254e-12,6.50539995137e-12,8.217913329e-12,1.08686401892e-11,7.39922532966e-12,6.87990376474e-12,1.01494134278e-11,2.36167283646e-11,2.20376009108e-11,9.99800069124e-12,5.25400859971e-12,1.06157942679e-12]},"melbands_crest":{"dmean":2.79063916206,"dmean2":4.63705348969,"dvar":7.56274938583,"dvar2":20.2221488953,"max":31.9629611969,"mean":18.8851318359,"median":18.459400177,"min":1.74945092201,"var":32.4443969727},"melbands_flatness_db":{"dmean":0.030684305355,"dmean2":0.0461589470506,"dvar":0.00120933295693,"dvar2":0.00246727582999,"max":0.712605714798,"mean":0.379844129086,"median":0.374283134937,"min":0.00489535322413,"var":0.01163530536},"melbands_kurtosis":{"dmean":17.1082820892,"dmean2":26.6523914337,"dvar":805.765380859,"dvar2":1901.93640137,"max":770.768554688,"mean":42.6172142029,"median":24.9020900726,"min":-1.90561687946,"var":2673.50512695},"melbands_skewness":{"dmean":0.8799726367,"dmean2":1.37037372589,"dvar":1.05071461201,"dvar2":2.43655061722,"max":18.8748474121,"mean":4.04100942612,"median":3.61838674545,"min":-0.875962853432,"var":4.9677195549},"melbands_spread":{"dmean":1.86990213394,"dmean2":2.93898296356,"dvar":18.5141639709,"dvar2":35.3888816833,"max":243.710281372,"mean":5.71022701263,"median":3.59406161308,"min":0.239218741655,"var":70.3658905029},"mfcc":{"cov":[[9351.01660156,-328.558837891,-954.833312988,-465.450927734,-511.112243652,-127.750350952,-246.214782715,15.5484848022,-82.2890472412,77.3243789673,-191.166564941,36.4339599609,112.961654663],[-328.558837891,1781.43041992,-124.966384888,-105.391708374,-26.0175285339,-99.2820358276,39.0109977722,88.8857574463,22.6956996918,37.7738227844,34.575466156,50.2896728516,46.5732078552],[-954.833312988,-124.966384888,777.249084473,163.629196167,154.64831543,112.437133789,67.395149231,35.6110801697,61.0456695557,84.1764907837,50.5763130188,33.7472343445,23.72615242],[-465.450927734,-105.391708374,163.629196167,367.972442627,190.794372559,100.766357422,50.0069770813,0.363660871983,71.21434021,14.7502689362,33.7838439941,5.22836732864,17.6859416962],[-511.112243652,-26.0175285339,154.64831543,190.794372559,305.460174561,111.037322998,33.5654335022,-21.2243041992,45.6172218323,38.5396194458,19.3689422607,19.2555198669,21.4200077057],[-127.750350952,-99.2820358276,112.437133789,100.766357422,111.037322998,183.509521484,71.9272232056,19.8067722321,36.1980285645,22.3503341675,34.9646873474,13.0166549683,3.90635108948],[-246.214782715,39.0109977722,67.395149231,50.0069770813,33.5654335022,71.9272232056,212.980041504,96.5307159424,25.8222026825,-7.43764305115,56.7284126282,19.7201881409,-7.6593208313],[15.5484848022,88.8857574463,35.6110801697,0.363660871983,-21.2243041992,19.8067722321,96.5307159424,171.203445435,37.2174301147,-2.19097709656,33.0019798279,9.10188961029,-0.0918127149343],[-82.2890472412,22.6956996918,61.0456695557,71.21434021,45.6172218323,36.1980285645,25.8222026825,37.2174301147,136.338134766,39.9270324707,6.16921758652,9.42363071442,7.91347122192],[77.3243789673,37.7738227844,84.1764907837,14.7502689362,38.5396194458,22.3503341675,-7.43764305115,-2.19097709656,39.9270324707,139.490310669,23.8516025543,11.0656423569,16.3985557556],[-191.166564941,34.575466156,50.5763130188,33.7838439941,19.3689422607,34.9646873474,56.7284126282,33.0019798279,6.16921758652,23.8516025543,126.329948425,18.0376815796,-23.3696022034],[36.4339599609,50.2896728516,33.7472343445,5.22836732864,19.2555198669,13.0166549683,19.7201881409,9.10188961029,9.42363071442,11.0656423569,18.0376815796,81.1530761719,24.9253005981],[112.961654663,46.5732078552,23.72615242,17.6859416962,21.4200077057,3.90635108948,-7.6593208313,-0.0918127149343,7.91347122192,16.3985557556,-23.3696022034,24.9253005981,89.4270553589]],"icov":[[0.000151706088218,0.0000531528166903,0.000189529135241,0.0000350096233888,0.000209985737456,-0.000160360301379,0.000139957250212,-0.000151319356519,0.0000557490420761,-0.000251635501627,0.000155750589329,-0.000175640132511,-0.000177114503458],[0.0000531528166903,0.000667857588269,0.000189605430933,0.00021619941981,-0.000154835637659,0.000439858122263,-0.0000690051383572,-0.000349798472598,-0.000107571315311,-0.00024914930691,-0.000193474566913,-0.000292878394248,-0.000410138716688],[0.000189529135241,0.000189605430933,0.00186876987573,-0.000308058719384,-0.0000967927189777,-0.000491619925015,0.0000534122882527,-0.00049711560132,0.0000738060916774,-0.00109188992064,0.0000440839467046,-0.000574492616579,-0.000358977355063],[0.0000350096233888,0.00021619941981,-0.000308058719384,0.00475432025269,-0.00229751830921,-0.000433307432104,-0.000278025865555,0.000429901410826,-0.0018043871969,0.0010572723113,-0.00111124070827,0.00094307778636,-0.00105693354271],[0.000209985737456,-0.000154835637659,-0.0000967927189777,-0.00229751830921,0.0062214685604,-0.00245706341229,0.000081964819401,0.000982802594081,0.0000587607100897,-0.00108933867887,0.000692429835908,-0.00089489785023,-0.000454455119325],[-0.000160360301379,0.000439858122263,-0.000491619925015,-0.000433307432104,-0.00245706341229,0.00887733418494,-0.00237020244822,0.000270508695394,-0.000797260319814,-0.000143327604746,-0.00109043158591,0.0000996719827526,-0.0000282705696009],[0.000139957250212,-0.0000690051383572,0.0000534122882527,-0.000278025865555,0.000081964819401,-0.00237020244822,0.00801882147789,-0.00389020889997,0.000220084752073,0.000920043559745,-0.00162300746888,-0.00107488501817,0.00035394608858],[-0.000151319356519,-0.000349798472598,-0.00049711560132,0.000429901410826,0.000982802594081,0.000270508695394,-0.00389020889997,0.00916047114879,-0.00244430569001,0.000977347721346,-0.00120453350246,0.000716288748663,-0.000628165900707],[0.0000557490420761,-0.000107571315311,0.0000738060916774,-0.0018043871969,0.0000587607100897,-0.000797260319814,0.000220084752073,-0.00244430569001,0.0099081620574,-0.00289711402729,0.00163105153479,-0.000865714158863,0.000681967358105],[-0.000251635501627,-0.00024914930691,-0.00109188992064,0.0010572723113,-0.00108933867887,-0.000143327604746,0.000920043559745,0.000977347721346,-0.00289711402729,0.00973006058484,-0.0027004731819,0.000687553954776,-0.00155000831001],[0.000155750589329,-0.000193474566913,0.0000440839467046,-0.00111124070827,0.000692429835908,-0.00109043158591,-0.00162300746888,-0.00120453350246,0.00163105153479,-0.0027004731819,0.0113028828055,-0.00290917535312,0.00396907655522],[-0.000175640132511,-0.000292878394248,-0.000574492616579,0.00094307778636,-0.00089489785023,0.0000996719827526,-0.00107488501817,0.000716288748663,-0.000865714158863,0.000687553954776,-0.00290917535312,0.0152004687116,-0.00458745053038],[-0.000177114503458,-0.000410138716688,-0.000358977355063,-0.00105693354271,-0.000454455119325,-0.0000282705696009,0.00035394608858,-0.000628165900707,0.000681967358105,-0.00155000831001,0.00396907655522,-0.00458745053038,0.0146033801138]],"mean":[-743.089050293,179.838745117,33.3108634949,29.4461517334,9.97600650787,13.0610189438,4.12992525101,8.24356365204,2.60056877136,3.12264943123,-2.21701860428,0.715779423714,0.858590841293]},"pitch_salience":{"dmean":0.074691824615,"dmean2":0.124689057469,"dvar":0.00512144109234,"dvar2":0.013415207155,"max":0.81568723917,"mean":0.436507165432,"median":0.437364369631,"min":0.0790524184704,"var":0.018941026181},"silence_rate_20dB":{"dmean":0,"dmean2":0,"dvar":0,"dvar2":0,"max":1,"mean":1,"median":1,"min":1,"var":0},"silence_rate_30dB":{"dmean":0.0781434625387,"dmean2":0.156300112605,"dvar":0.0720341727138,"dvar2":0.159374281764,"max":1,"mean":0.901949226856,"median":1,"min":0,"var":0.0884514823556},"silence_rate_60dB":{"dmean":0.019409282133,"dmean2":0.0388218425214,"dvar":0.0190349332988,"dvar2":0.0428777113557,"max":1,"mean":0.0777149572968,"median":0,"min":0,"var":0.0716774016619},"spectral_centroid":{"dmean":97.0699234009,"dmean2":154.064056396,"dvar":48546.0585938,"dvar2":98110.2890625,"max":11525.3955078,"mean":434.211547852,"median":350.635803223,"min":98.9081802368,"var":196371.140625},"spectral_complexity":{"dmean":1.75122368336,"dmean2":2.77711200714,"dvar":7.97725915909,"dvar2":16.9375629425,"max":56,"mean":9.06986713409,"median":9,"min":0,"var":24.9717922211},"spectral_contrast_coeffs":{"dmean":[0.0488149486482,0.0397170633078,0.0309270340949,0.0248525813222,0.0185434296727,0.0146682728082],"dmean2":[0.0820310339332,0.0653025880456,0.0493216104805,0.0393375009298,0.0287729538977,0.0227179769427],"dvar":[0.00159337907098,0.0011013362091,0.000739608367439,0.000477699155454,0.000310400500894,0.000213691193494],"dvar2":[0.00450972327963,0.00285117980093,0.00174706417602,0.00110891461372,0.000648901390377,0.000453807850135],"max":[-0.288802921772,-0.382353782654,-0.445210158825,-0.572519779205,-0.552821934223,-0.62164080143],"mean":[-0.598193824291,-0.700393438339,-0.752662777901,-0.788654446602,-0.805925786495,-0.796792924404],"median":[-0.601076126099,-0.71342587471,-0.761260032654,-0.795572459698,-0.81203943491,-0.796318650246],"min":[-0.959546327591,-0.973441302776,-0.972768723965,-0.967329263687,-0.961682617664,-0.962728142738],"var":[0.00523904198781,0.00787646416575,0.00572508526966,0.00379571691155,0.00288598448969,0.00178117677569]},"spectral_contrast_valleys":{"dmean":[0.381257206202,0.314679771662,0.303157627583,0.301596879959,0.289610683918,0.327491849661],"dmean2":[0.61552977562,0.515754699707,0.47662255168,0.442850500345,0.386135935783,0.391354471445],"dvar":[0.138245970011,0.0909898430109,0.109391078353,0.125505596399,0.143481478095,0.175789579749],"dvar2":[0.304809033871,0.206461831927,0.22090318799,0.223215639591,0.239931493998,0.290724098682],"max":[-4.809633255,-4.91880750656,-5.74350786209,-6.08794975281,-5.90941524506,-7.20861625671],"mean":[-7.00422620773,-7.2426404953,-8.18979740143,-9.06174659729,-9.22068119049,-11.5882463455],"median":[-6.71473646164,-7.08279132843,-7.98229265213,-8.9077091217,-9.09088993073,-11.6366119385],"min":[-27.9128265381,-27.7308216095,-27.825088501,-27.620426178,-27.4665393829,-27.3322486877],"var":[1.50246119499,1.54800641537,1.76334106922,1.68338131905,1.67780578136,1.67532920837]},"spectral_decrease":{"dmean":4.90155072086e-9,"dmean2":7.81862929955e-9,"dvar":7.68313212382e-17,"dvar2":1.93043321777e-16,"max":1.79798969596e-28,"mean":-1.28572255065e-8,"median":-1.07845119501e-8,"min":-1.13599803342e-7,"var":1.38351211701e-16},"spectral_energy":{"dmean":0.0187459457666,"dmean2":0.0298764593899,"dvar":0.00111424410716,"dvar2":0.00279896473512,"max":0.432224661112,"mean":0.0494827330112,"median":0.0414778999984,"min":9.78693766702e-21,"var":0.00202620145865},"spectral_energyband_high":{"dmean":0.000105140017695,"dmean2":0.000148868275573,"dvar":2.6739490977e-7,"dvar2":4.49503914979e-7,"max":0.0327247567475,"mean":0.000157906324603,"median":0.000020069313905,"min":7.24774037132e-21,"var":6.66051732878e-7},"spectral_energyband_low":{"dmean":0.0167848225683,"dmean2":0.026960445568,"dvar":0.00106450146995,"dvar2":0.00270050344989,"max":0.423998266459,"mean":0.0359037593007,"median":0.0278538819402,"min":1.66237999621e-23,"var":0.00158625643235},"spectral_energyband_middle_high":{"dmean":0.000445232726634,"dmean2":0.00064785068389,"dvar":0.00000101819637166,"dvar2":0.00000222735388888,"max":0.0338021405041,"mean":0.00140220054891,"median":0.000556673447136,"min":1.19574359664e-21,"var":0.00000530975239599},"spectral_energyband_middle_low":{"dmean":0.00508009595796,"dmean2":0.00846239551902,"dvar":0.0000531949081051,"dvar2":0.000138209070428,"max":0.138908594847,"mean":0.0148422373459,"median":0.00883583724499,"min":1.90273477531e-22,"var":0.000262855493929},"spectral_entropy":{"dmean":0.232867524028,"dmean2":0.340626090765,"dvar":0.0720201060176,"dvar2":0.140401169658,"max":9.8254032135,"mean":6.44044494629,"median":6.44889116287,"min":4.00819349289,"var":0.561418235302},"spectral_flux":{"dmean":0.0330548770726,"dmean2":0.0529671423137,"dvar":0.00222182762809,"dvar2":0.00491914479062,"max":0.560867071152,"mean":0.0794377401471,"median":0.061620015651,"min":6.20945656005e-11,"var":0.00430619157851},"spectral_kurtosis":{"dmean":4.81061124802,"dmean2":7.70267677307,"dvar":31.1929264069,"dvar2":76.5852737427,"max":116.31754303,"mean":16.0364322662,"median":11.9078454971,"min":-1.22545051575,"var":201.776046753},"spectral_rms":{"dmean":0.00117166130804,"dmean2":0.00180626963265,"dvar":0.0000026207924293,"dvar2":0.00000604068418397,"max":0.0205349121243,"mean":0.00619573937729,"median":0.00636130804196,"min":3.09002129439e-12,"var":0.00000988892588794},"spectral_rolloff":{"dmean":115.681350708,"dmean2":200.301986694,"dvar":225233.578125,"dvar2":496882.25,"max":19659.8144531,"mean":390.780517578,"median":215.33203125,"min":64.599609375,"var":621124.375},"spectral_skewness":{"dmean":0.421855926514,"dmean2":0.648864686489,"dvar":0.186397224665,"dvar2":0.404314875603,"max":9.57905864716,"mean":3.01637554169,"median":2.7939426899,"min":-0.0692569315434,"var":1.64443159103},"spectral_spread":{"dmean":572887.0625,"dmean2":821141.625,"dvar":792408752128,"dvar2":1614222458880,"max":53435496,"mean":3532210.25,"median":3091618,"min":931254.6875,"var":3793982324740},"spectral_strongpeak":{"dmean":0.262648761272,"dmean2":0.439973503351,"dvar":0.173953697085,"dvar2":0.43485045433,"max":12.3798418045,"mean":0.691053450108,"median":0.600052833557,"min":0,"var":0.344942748547},"zerocrossingrate":{"dmean":0.00449321744964,"dmean2":0.00559102417901,"dvar":0.0000818649423309,"dvar2":0.000110374166979,"max":0.51708984375,"mean":0.0193404443562,"median":0.01416015625,"min":0.0029296875,"var":0.000575023528654}},"metadata":{"audio_properties":{"analysis_sample_rate":44100,"bit_rate":0,"codec":"flac","downmix":"mix","equal_loudness":0,"length":275.133331299,"lossless":true,"md5_encoded":"c101d71f2337432fa3e5a3bf880bdcb0","replay_gain":-10.2574157715},"tags":{"album":["No Code"],"albumartist":["Pearl Jam"],"albumartistsort":["Pearl Jam"],"albumsort":["No Code (1996-08-27, Pearl Jam, c27a3dd7-92ca-4273-8b56-9eb61595f81d)"],"artist":["Pearl Jam"],"artists":["Pearl Jam"],"artistsort":["Pearl Jam"],"asin":["B000002BFZ"],"barcode":["074646750025"],"catalognumber":["EK 67500"],"composer":["Eddie Vedder"],"composersort":["Vedder, Eddie"],"date":["1996-08-27"],"discnumber":["1"],"disctotal":["1"],"file_name":"13 - Pearl Jam - Around the Bend.flac","genre":["Rock, Alternative Rock"],"isrc":["USSM19601764"],"label":["Epic"],"language":["eng"],"lyricist":["Eddie Vedder"],"media":["CD"],"musicbrainz_albumartistid":["83b9cbe7-9857-49e2-ab8e-b57b01038103"],"musicbrainz_albumid":["c27a3dd7-92ca-4273-8b56-9eb61595f81d"],"musicbrainz_artistid":["83b9cbe7-9857-49e2-ab8e-b57b01038103"],"musicbrainz_recordingid":["e1c4192c-8ba2-4810-85cf-7116bc5973d9"],"musicbrainz_releasegroupid":["ccdebc6b-dc24-3578-aac3-78c5b8d35738"],"musicbrainz_releasetrackid":["f2d4ee27-95a4-3d6c-abd8-b27177d29e11"],"musicbrainz_workid":["52dbc39c-acb9-4620-96b5-8505f2f6d234"],"musicip_puid":["8b26c3aa-cc8b-5c8c-8368-7bd689e86ad7"],"originaldate":["1996-08-27"],"performer":["Brendan O’Brien (piano)"],"producer":["Brendan O’Brien"],"releasecountry":["US"],"releasestatus":["official"],"releasetype":["album"],"replaygain_album_gain":["-8.10 dB"],"replaygain_album_peak":["0.99948120"],"replaygain_track_gain":["-4.86 dB"],"replaygain_track_peak":["0.99444580"],"script":["Latn"],"title":["Around the Bend"],"totaldiscs":["1"],"totaltracks":["13"],"tracknumber":["13"],"tracktotal":["13"],"work":["Around the Bend"]},"version":{"essentia":"2.1-beta1","essentia_build_sha":"5a55991247aa8bc5301