{"lowlevel":{"average_loudness":0.83435177803,"barkbands":{"dmean":[0.00392520567402,0.00703189149499,0.00162008369807,0.00216835481115,0.00441245594993,0.000867748400196,0.000432306929724,0.00039493170334,0.00028758434928,0.000188667050679,0.000201587681659,0.000159117378644,0.0000592319775023,0.0000615978133283,0.0000420682190452,0.0000101868154161,0.00000739291317586,0.00000612041640125,0.00000622223433311,0.00000386863894164,0.00000320592062053,0.00000236836967815,0.00000185157171018,0.00000171397778104,0.00000164286393556,0.00000162356900546,0.00000306958349938],"dmean2":[0.00634209206328,0.0113122900948,0.00259456713684,0.00351876532659,0.00677574891597,0.00130940077361,0.000665521889459,0.000616906094365,0.000458178721601,0.000300801970297,0.00032407353865,0.000255474558799,0.0000970936162048,0.0000985335354926,0.0000671998932376,0.0000160547897394,0.0000116510527732,0.0000096582207334,0.00000979386459221,0.00000616667512077,0.00000522259006175,0.00000392641914004,0.00000309911388285,0.00000287929901788,0.00000276059358839,0.00000272472470897,0.00000477218463857],"dvar":[0.000100705219666,0.000169130042195,0.00000817072759673,0.0000190843038581,0.0000925929416553,0.00000931487738853,0.00000176734852175,0.00000223362326324,9.47696094045e-7,5.81837127811e-7,4.64433696834e-7,2.8728243251e-7,2.70376876443e-8,3.05209546525e-8,2.54078180717e-8,4.53194815009e-10,2.09675068974e-10,1.37878000683e-10,2.69819555587e-10,6.16365292139e-11,3.99807409401e-11,2.45737943882e-11,1.66296750675e-11,1.49441136549e-11,1.3909906213e-11,1.33525256824e-11,3.50048358355e-11],"dvar2":[0.000234252845985,0.000431046908488,0.0000197676436073,0.0000486723401991,0.000211516366107,0.0000207229131775,0.00000427865234087,0.00000565656273466,0.00000241122461375,0.00000142931287428,0.0000012147399957,7.40677478461e-7,7.17101968917e-8,7.94516736846e-8,6.00553704544e-8,1.04347308572e-9,4.64114080501e-10,3.20694693023e-10,6.27143614818e-10,1.42938938463e-10,9.80068387557e-11,6.11737882572e-11,4.15523448982e-11,3.7421472171e-11,3.48839186703e-11,3.34328120744e-11,7.85263104541e-11],"max":[0.13704764843,0.170698523521,0.0643103793263,0.145115897059,0.180601939559,0.072556167841,0.0457302033901,0.0593705326319,0.0223039090633,0.0252859499305,0.0174606889486,0.0142468102276,0.00422292994335,0.00344759621657,0.00874457880855,0.000541669374797,0.000358797464287,0.000214087529457,0.000633862684481,0.000162638869369,0.000138733928907,0.000117658135423,0.0000971742774709,0.0000914570337045,0.0000887788410182,0.000086837397248,0.000206730837817],"mean":[0.00745246000588,0.0134739587083,0.00243769283406,0.00349593930878,0.0082590430975,0.00137863424607,0.00073223002255,0.000650981499348,0.000452326552477,0.000283508357825,0.000324664113577,0.000264463422354,0.0000913031835807,0.000101832709333,0.0000678466822137,0.0000149103598233,0.000010702587133,0.00000803064267529,0.00000854892732605,0.00000462331763629,0.00000353469476977,0.0000025088829716,0.00000180969198027,0.00000158731995725,0.00000149627203427,0.00000152314908064,0.00000511032840222],"median":[0.00112617830746,0.0073132738471,0.00118528737221,0.00165157625452,0.00266740913503,0.000220504894969,0.000161881529493,0.000119538512081,0.0000895738194231,0.0000379588018404,0.0000727349397494,0.0000397725743824,0.0000221831014642,0.0000220640995394,0.0000127389430418,0.00000568685163671,0.00000432911474491,0.00000298551231026,0.00000280492213278,0.00000162161597927,0.0000011957093875,8.16898648281e-7,5.07536697114e-7,3.85571752304e-7,3.41352290434e-7,3.87347569131e-7,0.00000200216368285],"min":[3.98322140114e-24,2.76093680654e-23,7.24936035083e-23,2.69469016098e-23,6.62456421232e-23,5.06224412219e-23,1.34559690162e-22,5.22422598057e-23,1.37694522425e-22,1.00000356547e-22,9.72371724336e-23,1.05253993471e-22,1.8247549282e-22,1.13326078948e-22,8.28834506772e-23,1.8193996355e-22,1.71320620967e-22,1.70359649545e-22,2.49527584291e-22,3.35994842682e-22,3.24788373015e-22,4.68772451883e-22,7.93388689138e-22,8.20122516262e-22,1.18462118799e-21,1.96413087293e-21,2.37440013791e-21],"var":[0.000146590100485,0.000283940578811,0.0000155467787408,0.0000369591180061,0.000235337065533,0.0000222428534471,0.00000456022144135,0.00000540162591278,0.00000202704359253,0.00000110528264941,0.00000102676779079,5.7958106936e-7,4.34244569192e-8,6.16941591147e-8,4.95752132679e-8,8.92993401447e-10,3.6295241812e-10,2.07321312895e-10,5.73655289937e-10,8.60108720357e-11,4.64789873256e-11,2.69180216311e-11,1.70723001708e-11,1.50863592452e-11,1.39471021537e-11,1.35011611266e-11,7.6908271418e-11]},"barkbands_crest":{"dmean":2.64936494827,"dmean2":4.33781957626,"dvar":5.21410036087,"dvar2":13.4025754929,"max":25.5734653473,"mean":12.8405351639,"median":12.5501995087,"min":4.36178970337,"var":13.585521698},"barkbands_flatness_db":{"dmean":0.0434919260442,"dmean2":0.0695034116507,"dvar":0.00127511937171,"dvar2":0.00331559404731,"max":0.551035225391,"mean":0.275977581739,"median":0.273004204035,"min":0.0630703046918,"var":0.00444249855354},"barkbands_kurtosis":{"dmean":9.90514850616,"dmean2":15.9820261002,"dvar":203.578781128,"dvar2":526.162536621,"max":189.212661743,"mean":19.5171756744,"median":12.3848581314,"min":-1.75739777088,"var":491.814819336},"barkbands_skewness":{"dmean":0.849265396595,"dmean2":1.35172510147,"dvar":0.668080687523,"dvar2":1.66273891926,"max":10.7183933258,"mean":2.77155041695,"median":2.48767328262,"min":-1.77478528023,"var":2.70352053642},"barkbands_spread":{"dmean":1.56415879726,"dmean2":2.47474193573,"dvar":7.28428411484,"dvar2":18.7196769714,"max":127.776779175,"mean":4.66988945007,"median":3.55540108681,"min":0.332517415285,"var":16.6319961548},"dissonance":{"dmean":0.0319023877382,"dmean2":0.0537774041295,"dvar":0.000934569514357,"dvar2":0.00250593922101,"max":0.5,"mean":0.441543549299,"median":0.451555490494,"min":0.161396294832,"var":0.00185414263979},"dynamic_complexity":4.30224514008,"erbbands":{"dmean":[0.381137937307,0.993223786354,1.42094814777,4.99339675903,11.8614692688,15.8769311905,11.1027498245,6.81740283966,4.4434671402,9.30267238617,7.69819784164,6.11115694046,7.03374195099,5.18363618851,8.10571575165,5.77753734589,2.85146093369,2.56031918526,3.04904294014,1.10951328278,0.486449450254,0.408501535654,0.34477314353,0.315787106752,0.278235673904,0.182642176747,0.148011386395,0.114713743329,0.0867666453123,0.0671698302031,0.051038954407,0.0380457006395,0.0274041444063,0.0185695141554,0.0115763396025,0.00640977406874,0.00301053817384,0.00113442831207,0.000317372003337,0.00006127377128],"dmean2":[0.624168097973,1.56940662861,2.27906537056,8.04009819031,18.8743247986,24.2438583374,17.2764091492,10.2320919037,6.86907434464,14.4807472229,11.8746299744,9.55974388123,11.4103097916,8.18068599701,12.8498716354,9.26747989655,4.61893796921,4.07892751694,4.89984464645,1.7027105093,0.757167518139,0.638370156288,0.538556098938,0.497561782598,0.437080711126,0.29042494297,0.238842979074,0.18798071146,0.143756866455,0.112228281796,0.0854035839438,0.0638954266906,0.0460501387715,0.0311947874725,0.0194487348199,0.0107663255185,0.00505290413275,0.00188886281103,0.000506149837747,0.0000896567944437],"dvar":[0.660763382912,2.47672557831,5.28317594528,103.314376831,490.762084961,1892.85131836,1306.04528809,709.670043945,226.561752319,854.454711914,752.050537109,424.800231934,992.146972656,287.557189941,749.185852051,417.317474365,58.0268135071,45.752155304,88.1962051392,18.226354599,1.04640364647,0.620583951473,0.426549583673,0.51691287756,0.530926465988,0.133220419288,0.0856567174196,0.05260239169,0.0324186906219,0.0210025012493,0.012810010463,0.00731147453189,0.0038443019148,0.00177600583993,0.000690490298439,0.000211138089071,0.0000457710812043,0.00000598122915108,3.839486169e-7,1.10237188267e-8],"dvar2":[1.73856151104,6.09730672836,13.0490207672,261.48840332,1227.28918457,4054.14794922,2958.57250977,1531.74987793,540.753967285,2098.32617188,1834.14257812,1024.8236084,2557.65087891,756.811706543,1910.25524902,1088.78466797,147.479232788,120.110877991,223.942993164,36.761806488,2.28761506081,1.3777589798,0.994175970554,1.16759967804,1.17189145088,0.307632684708,0.207447707653,0.129163339734,0.0805586501956,0.0522460564971,0.0320692248642,0.0183058734983,0.0096299117431,0.00445289677009,0.00173128861934,0.000529158103745,0.000114586342534,0.0000148883964357,9.15121574963e-7,2.23415206335e-8],"max":[10.8418178558,20.6000995636,49.3897514343,302.963439941,474.556762695,965.186645508,838.89440918,884.641052246,491.257293701,782.57019043,1023.76629639,555.945861816,1251.3248291,596.709533691,789.650512695,624.666564941,176.483657837,155.680770874,214.51789856,322.128967285,28.4737644196,19.8064956665,11.8228645325,19.4094982147,29.941904068,7.74817895889,6.13120889664,5.15751838684,4.25505876541,3.43429040909,2.69259667397,2.01774096489,1.47515845299,1.00301921368,0.625656545162,0.346033900976,0.160245969892,0.058236412704,0.013760259375,0.00394131150097],"mean":[0.784336566925,1.53446376324,2.40414714813,8.41516590118,22.222120285,27.1021366119,17.6364898682,11.0620555878,7.98097801208,15.7308082581,13.0177373886,10.247592926,10.6281690598,8.88466358185,14.4010791779,9.96810531616,4.78958272934,4.46847009659,5.16546678543,1.9090846777,0.743152499199,0.596336781979,0.466929882765,0.434441536665,0.369836717844,0.221905827522,0.167870700359,0.125838652253,0.0924305096269,0.0676780939102,0.049601726234,0.0357847325504,0.0251598618925,0.0169491432607,0.0105672338977,0.00587598280981,0.00284680584446,0.00116278324276,0.000404743943363,0.000155483183335],"median":[0.237525731325,0.906395673752,1.37509787083,4.14479589462,8.80581188202,6.69663476944,2.81866025925,1.6989672184,1.73085379601,2.83165049553,2.77495408058,2.09429168701,1.42330038548,1.95914745331,3.19488739967,1.71594321728,1.17128026485,1.16773712635,0.905404984951,0.56092685461,0.307911366224,0.24704220891,0.183261141181,0.149606242776,0.121579021215,0.0801659673452,0.0559981651604,0.0425750128925,0.0302105192095,0.0196859873831,0.0138967931271,0.00920057948679,0.00588720198721,0.00390342762694,0.00242167059332,0.00137396436185,0.000746004167013,0.000356485572411,0.000159418515977,0.0000867378112162],"min":[4.10101950732e-22,8.56558610554e-21,6.61601995257e-20,1.08578415541e-19,8.97436487022e-20,3.28263084725e-19,1.6160004657e-19,6.90147907724e-19,1.77286911672e-18,1.23109414643e-18,2.01622585973e-18,2.45747336338e-18,3.51173532e-18,4.1506082661e-18,2.88242954486e-18,5.36313096702e-18,8.63449090973e-18,6.50751466497e-18,5.76001429287e-18,6.2183203287e-18,9.0590421863e-18,1.05217688245e-17,6.85711551983e-18,1.36820520595e-17,1.46000455227e-17,1.53162102253e-17,1.21712662276e-17,1.43025070021e-17,1.79301820247e-17,1.71676025636e-17,2.39293127259e-17,2.03399775247e-17,1.17967552422e-17,1.08534475707e-17,1.01211975139e-17,6.52527340554e-18,3.73990688812e-18,1.50118815857e-18,3.45846101114e-19,3.32107555256e-20],"var":[1.09657216072,3.99806857109,10.7727813721,198.026565552,1169.64819336,4470.70410156,2838.51904297,1759.38391113,634.115844727,2046.54846191,1998.96899414,974.38848877,1764.01477051,563.217407227,1999.99060059,777.747497559,108.460411072,93.7495956421,191.763748169,42.8505096436,1.9795498848,1.05641078949,0.65894639492,1.00791609287,1.07456243038,0.18956464529,0.103562913835,0.0604934319854,0.0359559170902,0.0220802035183,0.013072677888,0.00739764375612,0.00387145206332,0.00178256665822,0.000692912144586,0.000212306782487,0.0000463678406959,0.00000631563261777,5.15468514095e-7,3.62392249542e-8]},"erbbands_crest":{"dmean":3.07661247253,"dmean2":4.96493339539,"dvar":7.13127470016,"dvar2":17.7783031464,"max":33.4173851013,"mean":11.8935680389,"median":10.9650278091,"min":2.73922753334,"var":26.4242095947},"erbbands_flatness_db":{"dmean":0.0398127697408,"dmean2":0.0636937394738,"dvar":0.00105852563865,"dvar2":0.00279260007665,"max":0.401078283787,"mean":0.204140916467,"median":0.200577527285,"min":0.0652743950486,"var":0.00337550323457},"erbbands_kurtosis":{"dmean":2.11572647095,"dmean2":3.40079069138,"dvar":11.0451946259,"dvar2":27.5847892761,"max":58.7792205811,"mean":2.68471956253,"median":1.02242565155,"min":-1.79414391518,"var":25.9003429413},"erbbands_skewness":{"dmean":0.477796077728,"dmean2":0.749590814114,"dvar":0.186712369323,"dvar2":0.459040403366,"max":6.41781949997,"mean":0.920590281487,"median":0.865970730782,"min":-3.42573928833,"var":1.28863739967},"erbbands_spread":{"dmean":5.93525695801,"dmean2":9.43279266357,"dvar":32.0358352661,"dvar2":78.5275421143,"max":77.3907928467,"mean":22.5234966278,"median":21.1811504364,"min":1.96441984177,"var":120.936012268},"gfcc":{"cov":[[5376.79150391,-514.938232422,-448.815826416,-243.916854858,-128.67729187,104.437759399,-236.647628784,-3.49263763428,-156.944091797,166.091140747,-9.87445831299,-45.8841247559,101.542877197],[-514.938232422,872.97479248,-5.37598514557,-220.331207275,114.314666748,-109.980918884,99.9985122681,-179.696228027,67.34740448,-71.1348495483,47.3221626282,-68.66822052,27.6554431915],[-448.815826416,-5.37598514557,428.592712402,167.211105347,-98.2053070068,77.5052947998,-83.7753677368,79.3338241577,-13.3877878189,45.1147422791,-2.77538967133,24.4102573395,9.74777698517],[-243.916854858,-220.331207275,167.211105347,273.411560059,57.1945991516,12.6016311646,13.4651842117,83.6418457031,16.7264595032,21.848077774,3.57720470428,47.9259109497,-10.2936048508],[-128.67729187,114.314666748,-98.2053070068,57.1945991516,246.142471313,61.2658081055,139.678344727,-23.4511260986,29.5678405762,-35.6371879578,44.7417869568,14.1370801926,26.4181842804],[104.437759399,-109.980918884,77.5052947998,12.6016311646,61.2658081055,266.323394775,83.1514511108,82.8184051514,-64.1725692749,-8.21924495697,8.90844249725,40.6174278259,43.7858047485],[-236.647628784,99.9985122681,-83.7753677368,13.4651842117,139.678344727,83.1514511108,272.015441895,72.4649505615,29.5827331543,-75.9509506226,15.1421108246,39.974811554,32.1934776306],[-3.49263763428,-179.696228027,79.3338241577,83.6418457031,-23.4511260986,82.8184051514,72.4649505615,208.102020264,45.9018516541,23.181230545,2.64625716209,47.9247322083,21.1698627472],[-156.944091797,67.34740448,-13.3877878189,16.7264595032,29.5678405762,-64.1725692749,29.5827331543,45.9018516541,147.291290283,79.5306243896,40.3441390991,4.37316560745,-3.00204658508],[166.091140747,-71.1348495483,45.1147422791,21.848077774,-35.6371879578,-8.21924495697,-75.9509506226,23.181230545,79.5306243896,142.253204346,61.7025337219,5.00267124176,-6.04339790344],[-9.87445831299,47.3221626282,-2.77538967133,3.57720470428,44.7417869568,8.90844249725,15.1421108246,2.64625716209,40.3441390991,61.7025337219,85.3770294189,38.4219360352,15.5529127121],[-45.8841247559,-68.66822052,24.4102573395,47.9259109497,14.1370801926,40.6174278259,39.974811554,47.9247322083,4.37316560745,5.00267124176,38.4219360352,82.9090118408,42.0081520081],[101.542877197,27.6554431915,9.74777698517,-10.2936048508,26.4181842804,43.7858047485,32.1934776306,21.1698627472,-3.00204658508,-6.04339790344,15.5529127121,42.0081520081,79.3817901611]],"icov":[[0.000347291934304,-0.000426404032623,0.00111263839062,-0.000608248927165,0.000293060700642,-0.000210825048271,0.000278610881651,-0.000607418303844,0.001420313376,-0.00177246832754,0.000853845383972,0.000164079407114,-0.000778784044087],[-0.000426404032623,0.0132554154843,-0.0228841453791,0.031413666904,-0.0265695489943,0.0212703514844,-0.010040669702,0.000707825878635,0.00661733234301,-0.00914018880576,0.0109471734613,-0.0104147326201,0.00672513898462],[0.00111263839062,-0.0228841453791,0.0619350522757,-0.0900019556284,0.0884048119187,-0.0678057968616,0.0281748771667,0.0129933655262,-0.0485903471708,0.0684109777212,-0.0746362283826,0.0633429512382,-0.0351655781269],[-0.000608248927165,0.031413666904,-0.0900019556284,0.144783735275,-0.144763633609,0.10884552449,-0.0416456870735,-0.0293139573187,0.0907395705581,-0.127973943949,0.136148884892,-0.11346886307,0.0595675446093],[0.000293060700642,-0.0265695489943,0.0884048119187,-0.144763633609,0.158566266298,-0.11546330899,0.0400018692017,0.0376724116504,-0.108032017946,0.151118308306,-0.159380495548,0.127651050687,-0.0650042891502],[-0.000210825048271,0.0212703514844,-0.0678057968616,0.10884552449,-0.11546330899,0.0936457887292,-0.035698056221,-0.0284246560186,0.0857421308756,-0.114981777966,0.114985637367,-0.091399513185,0.0444583706558],[0.000278610881651,-0.010040669702,0.0281748771667,-0.0416456870735,0.0400018692017,-0.035698056221,0.0239892620593,0.00465265149251,-0.0326503291726,0.0473628751934,-0.0432221367955,0.030954292044,-0.0158516019583],[-0.000607418303844,0.000707825878635,0.0129933655262,-0.0293139573187,0.0376724116504,-0.0284246560186,0.00465265149251,0.0243624504656,-0.0396348014474,0.0472735092044,-0.0443127974868,0.0327629707754,-0.0166648495942],[0.001420313376,0.00661733234301,-0.0485903471708,0.0907395705581,-0.108032017946,0.0857421308756,-0.0326503291726,-0.0396348014474,0.115037173033,-0.14697919786,0.133999869227,-0.0991378799081,0.0454508960247],[-0.00177246832754,-0.00914018880576,0.0684109777212,-0.127973943949,0.151118308306,-0.114981777966,0.0473628751934,0.0472735092044,-0.14697919786,0.21438382566,-0.205139279366,0.149095103145,-0.0661737397313],[0.000853845383972,0.0109471734613,-0.0746362283826,0.136148884892,-0.159380495548,0.114985637367,-0.0432221367955,-0.0443127974868,0.133999869227,-0.205139279366,0.224376052618,-0.166220635176,0.0743290930986],[0.000164079407114,-0.0104147326201,0.0633429512382,-0.11346886307,0.127651050687,-0.091399513185,0.030954292044,0.0327629707754,-0.0991378799081,0.149095103145,-0.166220635176,0.148877725005,-0.0710484609008],[-0.000778784044087,0.00672513898462,-0.0351655781269,0.0595675446093,-0.0650042891502,0.0444583706558,-0.0158516019583,-0.0166648495942,0.0454508960247,-0.0661737397313,0.0743290930986,-0.0710484609008,0.0509930178523]],"mean":[-108.63949585,155.278656006,-61.9524726868,8.11113929749,-23.7219715118,5.93295240402,-14.4772233963,-8.64715194702,-16.4162788391,-5.57720470428,-10.166926384,-4.88643407822,-8.39654636383]},"hfc":{"dmean":2.23540377617,"dmean2":3.28426814079,"dvar":12.1035957336,"dvar2":26.1951503754,"max":68.7475509644,"mean":6.89745140076,"median":3.93382668495,"min":1.18611241214e-16,"var":61.1158866882},"melbands":{"dmean":[0.00271146371961,0.000814108003397,0.000961175886914,0.00103222299367,0.000450925988844,0.000148405320942,0.0000707096478436,0.0000975988368737,0.0000586207788729,0.0000401454381063,0.0000353483446816,0.0000212514078157,0.0000288250976155,0.0000195254615392,0.0000109827778942,0.00000472561578135,0.00000529925637238,0.00000553252448299,0.00000261182321992,8.94958475328e-7,5.24386280176e-7,4.45278573125e-7,3.7144704379e-7,2.82174681843e-7,2.62420599029e-7,2.40392580508e-7,1.52768620865e-7,1.16955781948e-7,9.79439747084e-8,7.89364520415e-8,6.29755732007e-8,5.07442017295e-8,4.22692991719e-8,3.55164573307e-8,3.00394802366e-8,2.56441552438e-8,2.23243699082e-8,1.95263165637e-8,1.71263287996e-8,1.51546668548e-8],"dmean2":[0.00439468678087,0.00128500792198,0.00153684301767,0.00158815807663,0.000691449153237,0.000222113099881,0.000109217435238,0.000152569686179,0.0000911431343411,0.0000636289623799,0.0000574795449211,0.0000335424483637,0.0000455958834209,0.000031210562156,0.0000176479989022,0.00000770064616518,0.00000847905721457,0.00000898171219887,0.00000413487259721,0.00000138752284329,8.31836985071e-7,7.04112665062e-7,5.78716026212e-7,4.48822277122e-7,4.13196715954e-7,3.81622641044e-7,2.42561924324e-7,1.87393055739e-7,1.58022615437e-7,1.28893063334e-7,1.03722584299e-7,8.42979446247e-8,7.04651341721e-8,5.94355711314e-8,5.02447576878e-8,4.30203961344e-8,3.75135975617e-8,3.28222355961e-8,2.87633081797e-8,2.54614853645e-8],"dvar":[0.00003144609218,0.00000145211743074,0.00000301866248265,0.00000515931105838,0.00000190229968666,3.05436742565e-7,5.15793274758e-8,1.01806243435e-7,3.97617796466e-8,1.91076754419e-8,2.50603626739e-8,5.22704635131e-9,9.11947672932e-9,4.38689085058e-9,1.19774656859e-9,1.51331003284e-10,2.13129416893e-10,2.94547469748e-10,1.4334634868e-10,3.94257673383e-12,1.30102764499e-12,8.17755043368e-13,5.12935234651e-13,3.1185302821e-13,3.90087891459e-13,5.24087446618e-13,1.2055298166e-13,5.45707718651e-14,3.79239757545e-14,2.47661540933e-14,1.6297347586e-14,1.09489875865e-14,8.10532349381e-15,5.93080653558e-15,4.42509874568e-15,3.29180381412e-15,2.52638376189e-15,1.94876001966e-15,1.50868595774e-15,1.1833568022e-15],"dvar2":[0.0000798126202426,0.00000354992107532,0.0000076725582403,0.0000115096745503,0.00000431946364188,6.65102277253e-7,1.22662626723e-7,2.50055848028e-7,9.45563414234e-8,4.72972523369e-8,6.46055724474e-8,1.38107383307e-8,2.38610358139e-8,1.12178124567e-8,3.05583980342e-9,4.17776230277e-10,5.60531898675e-10,7.59977691889e-10,3.16336401518e-10,8.06954850163e-12,2.8639215565e-12,1.81217974654e-12,1.22308044768e-12,7.24207748892e-13,8.90186036863e-13,1.26280529002e-12,2.57622319744e-13,1.29388172268e-13,9.16456377475e-14,6.10062673122e-14,4.02791644168e-14,2.72686993835e-14,2.01573512656e-14,1.47712534072e-14,1.10888911714e-14,8.23830597247e-15,6.32670465293e-15,4.88178037084e-15,3.78190935938e-15,2.96724302335e-15],"max":[0.0735986381769,0.0216456670314,0.0502317845821,0.0489741824567,0.0340278893709,0.0172554701567,0.00758006703109,0.0109969051555,0.00699297431856,0.00339609268121,0.00621562451124,0.00241912947968,0.00266268011183,0.00169561535586,0.000757401576266,0.000281913235085,0.000329475122271,0.000368903274648,0.000830449396744,0.000105922867078,0.0000363971812476,0.0000249076383625,0.000013606309949,0.0000136830249176,0.0000176644243766,0.0000356117161573,0.0000103486554508,0.00000472341480418,0.00000390147988583,0.0000033936237287,0.00000285279315904,0.00000246185481956,0.00000211733095057,0.00000182299936569,0.00000158363104674,0.00000135099560339,0.00000118846332953,0.00000104977914361,9.24832477267e-7,8.18668866032e-7],"mean":[0.00563670136034,0.0014732995769,0.00182766234502,0.00188887130935,0.000749647908378,0.000241714194999,0.00012616578897,0.000167862279341,0.0000967244777712,0.0000642122322461,0.0000520765388501,0.0000340685874107,0.0000486569879286,0.0000332675117534,0.0000175276218215,0.00000748313459553,0.00000860136424308,0.00000913091662369,0.00000419634307036,0.00000138071027322,7.40388713893e-7,6.27409178833e-7,5.04318904859e-7,3.65894663901e-7,3.49514039044e-7,3.15091767789e-7,1.89697061614e-7,1.3769120244e-7,1.10605299142e-7,8.56745145938e-8,6.8374760076e-8,5.42727960351e-8,4.29990798523e-8,3.53181377477e-8,2.91505166672e-8,2.46052547226e-8,2.07153920684e-8,1.79034582715e-8,1.56342370161e-8,1.38070586075e-8],"median":[0.00221638823859,0.000942512589972,0.000941846170463,0.000651455484331,0.000114848269732,0.00003747959272,0.00002924162618,0.0000303324504785,0.0000197354984266,0.0000122261044453,0.00000630330578133,0.0000069466759669,0.0000110763603516,0.0000053358171499,0.00000308426683659,0.00000202120145332,0.00000209216386793,0.00000147831542563,8.75378020737e-7,4.89818489768e-7,2.82736976942e-7,2.50402138136e-7,1.9150577657e-7,1.3176239122e-7,1.16230033598e-7,9.79920642408e-8,6.28084890764e-8,4.96816170426e-8,3.69092241215e-8,2.76190323945e-8,2.33589858567e-8,1.81921446796e-8,1.27850867671e-8,1.01057944235e-8,8.20251244704e-9,6.6659415765e-9,5.10608533233e-9,4.19179668754e-9,3.61070151556e-9,3.15891113267e-9],"min":[6.07379982987e-24,2.74489768661e-23,1.73842098099e-23,1.47773400625e-23,8.35068906061e-24,1.48054171998e-23,2.72730955941e-23,1.18120805507e-23,1.95377085733e-23,1.58612381017e-23,1.6611238141e-23,1.5820714317e-23,1.03238203e-23,7.75529313695e-24,2.36853719744e-23,1.55354574805e-23,1.10760898922e-23,9.92817736822e-24,5.09186206265e-24,9.87665922909e-24,1.11941823697e-23,1.23230170815e-23,4.10825388247e-24,9.75493562483e-24,1.12077160674e-23,9.10951093142e-24,1.27532941625e-23,9.41655058409e-24,6.85313129536e-24,8.61733114632e-24,8.08924556826e-24,1.07220222966e-23,7.90756695748e-24,1.07289319293e-23,1.44830649681e-23,1.17137056515e-23,1.32159271624e-23,8.50088423266e-24,6.74892908066e-24,9.94465351709e-24],"var":[0.0000532149024366,0.00000298009967992,0.00000687458486937,0.0000121013081298,0.00000457497662865,7.70273572925e-7,1.46417335145e-7,2.50793476653e-7,1.08070473459e-7,4.14489491618e-8,4.44976748781e-8,9.54615231308e-9,2.25891643169e-8,9.73640901236e-9,2.06352068766e-9,2.46461906439e-10,4.07952283066e-10,6.24264029359e-10,2.67105837448e-10,1.12555477091e-11,2.17271404861e-12,1.37583054758e-12,7.69657775013e-13,4.75488626337e-13,7.23828928652e-13,9.74484273657e-13,2.18252973745e-13,7.05404295089e-14,4.61722504577e-14,2.84013653931e-14,1.84104034101e-14,1.22114580072e-14,8.67590352181e-15,6.17457160637e-15,4.50874113164e-15,3.34054547804e-15,2.55254585677e-15,1.96256962132e-15,1.51551261978e-15,1.18701365519e-15]},"melbands_crest":{"dmean":3.53585314751,"dmean2":5.69307279587,"dvar":11.3614492416,"dvar2":27.3772335052,"max":39.0031890869,"mean":20.9161872864,"median":19.0460472107,"min":1.91510808468,"var":61.801738739},"melbands_flatness_db":{"dmean":0.0504615902901,"dmean2":0.0806423723698,"dvar":0.00168780563399,"dvar2":0.00439106859267,"max":0.698651313782,"mean":0.406684726477,"median":0.405124783516,"min":0.00611367542297,"var":0.00555491400883},"melbands_kurtosis":{"dmean":15.6471319199,"dmean2":25.2511825562,"dvar":737.89666748,"dvar2":1919.03869629,"max":574.387939453,"mean":32.5482559204,"median":18.9227600098,"min":-1.76168680191,"var":1992.87341309},"melbands_skewness":{"dmean":1.00819039345,"dmean2":1.59263849258,"dvar":1.10432755947,"dvar2":2.76343584061,"max":19.3574542999,"mean":3.70714259148,"median":3.2075150013,"min":-1.23105990887,"var":5.43696403503},"melbands_spread":{"dmean":1.65633428097,"dmean2":2.58248353004,"dvar":8.58891201019,"dvar2":16.0483703613,"max":136.010620117,"mean":4.71794319153,"median":3.32239198685,"min":0.16192252934,"var":26.5930042267},"mfcc":{"cov":[[4858.69238281,-201.568344116,-625.534484863,-202.547821045,-183.446578979,63.1666183472,-85.9895782471,-152.882141113,-116.420089722,40.7221870422,13.3144416809,-100.557891846,-111.396202087],[-201.568344116,852.320495605,-70.4710769653,-150.47442627,-21.3598194122,34.7887878418,12.6401882172,-73.4460372925,-43.4571456909,7.97836208344,-1.72662353516,-60.7557640076,-43.7854576111],[-625.534484863,-70.4710769653,513.193603516,58.5112228394,46.7517051697,-41.4919281006,-38.2882957458,-12.3402471542,4.54568099976,5.70050811768,4.8755235672,19.3576450348,-1.35067260265],[-202.547821045,-150.47442627,58.5112228394,253.804504395,61.5332336426,-30.4120140076,-29.8276386261,16.6651248932,25.9941749573,10.7075185776,21.8022136688,41.9536361694,29.9724693298],[-183.446578979,-21.3598194122,46.7517051697,61.5332336426,127.156639099,51.6086044312,12.002948761,-6.88228273392,-8.83302593231,5.84123563766,15.5924482346,24.445936203,18.0830688477],[63.1666183472,34.7887878418,-41.4919281006,-30.4120140076,51.6086044312,147.223693848,98.2481384277,24.849105835,-9.22159767151,-4.20086717606,-4.8577337265,-12.3653516769,-3.41036081314],[-85.9895782471,12.6401882172,-38.2882957458,-29.8276386261,12.002948761,98.2481384277,198.572219849,154.506134033,49.1030807495,-15.1259698868,-28.2127056122,-7.26633071899,10.092130661],[-152.882141113,-73.4460372925,-12.3402471542,16.6651248932,-6.88228273392,24.849105835,154.506134033,219.442245483,113.450195312,-5.3845281601,-23.4502754211,10.1715259552,20.4345436096],[-116.420089722,-43.4571456909,4.54568099976,25.9941749573,-8.83302593231,-9.22159767151,49.1030807495,113.450195312,111.816711426,36.4743919373,5.84096479416,15.0183887482,12.8572092056],[40.7221870422,7.97836208344,5.70050811768,10.7075185776,5.84123563766,-4.20086717606,-15.1259698868,-5.3845281601,36.4743919373,80.8134460449,56.4787826538,12.2895383835,5.83555412292],[13.3144416809,-1.72662353516,4.8755235672,21.8022136688,15.5924482346,-4.8577337265,-28.2127056122,-23.4502754211,5.84096479416,56.4787826538,84.8899917603,50.4184570312,17.8050804138],[-100.557891846,-60.7557640076,19.3576450348,41.9536361694,24.445936203,-12.3653516769,-7.26633071899,10.1715259552,15.0183887482,12.2895383835,50.4184570312,100.567001343,64.056854248],[-111.396202087,-43.7854576111,-1.35067260265,29.9724693298,18.0830688477,-3.41036081314,10.092130661,20.4345436096,12.8572092056,5.83555412292,17.8050804138,64.056854248,84.9370346069]],"icov":[[0.000308469258016,0.000154983543325,0.000350844900822,0.0000953503622441,0.000439555791672,-0.000428996892879,0.000471785489935,-0.000406848761486,0.000812479353044,-0.000908993417397,0.000519326131325,-0.000383099453757,0.000506928248797],[0.000154983543325,0.00153943884652,0.00027308773133,0.000764805474319,-0.000106627623609,0.000382773927413,-0.00118182017468,0.00161854980979,-0.000775795197114,0.000465427641757,-0.00103307422251,0.00113604182843,-0.0000343442443409],[0.000350844900822,0.00027308773133,0.00258913892321,0.0000306140937028,-0.000673695350997,0.000510987243615,0.000464958779048,-0.000451253989013,0.00111114070751,-0.0017754525179,0.00160398019943,-0.00142316974234,0.00153940857854],[0.0000953503622441,0.000764805474319,0.0000306140937028,0.0057722995989,-0.00319997547194,0.00147301855031,0.000935955031309,-0.000451342551969,-0.00127107172739,0.00103054812644,-0.00128575030249,0.000329946924467,-0.000637030228972],[0.000439555791672,-0.000106627623609,-0.000673695350997,-0.00319997547194,0.0137735502794,-0.00775092188269,0.00339616765268,-0.0025105427485,0.0043318271637,-0.00407612975687,0.00286930962466,-0.0039129126817,0.000570715870708],[-0.000428996892879,0.000382773927413,0.000510987243615,0.00147301855031,-0.00775092188269,0.0190784782171,-0.016479279846,0.0114972339943,-0.00618348224089,0.00563435908407,-0.00622729118913,0.00514953769743,-0.00129809463397],[0.000471785489935,-0.00118182017468,0.000464958779048,0.000935955031309,0.00339616765268,-0.016479279846,0.0318711772561,-0.0291179083288,0.0184201560915,-0.0126497419551,0.0111841261387,-0.00652536470443,0.00217784685083],[-0.000406848761486,0.00161854980979,-0.000451253989013,-0.000451342551969,-0.0025105427485,0.0114972339943,-0.0291179083288,0.0417429991066,-0.0363372713327,0.0243074987084,-0.0155111225322,0.0106535293162,-0.00608651014045],[0.000812479353044,-0.000775795197114,0.00111114070751,-0.00127107172739,0.0043318271637,-0.00618348224089,0.0184201560915,-0.0363372713327,0.0513455085456,-0.039933629334,0.027298707515,-0.0190952848643,0.010164658539],[-0.000908993417397,0.000465427641757,-0.0017754525179,0.00103054812644,-0.00407612975687,0.00563435908407,-0.0126497419551,0.0243074987084,-0.039933629334,0.0621898211539,-0.0503161661327,0.0313000120223,-0.015880767256],[0.000519326131325,-0.00103307422251,0.00160398019943,-0.00128575030249,0.00286930962466,-0.00622729118913,0.0111841261387,-0.0155111225322,0.027298707515,-0.0503161661327,0.0616752058268,-0.0395062752068,0.0183599758893],[-0.000383099453757,0.00113604182843,-0.00142316974234,0.000329946924467,-0.0039129126817,0.00514953769743,-0.00652536470443,0.0106535293162,-0.0190952848643,0.0313000120223,-0.0395062752068,0.0462195463479,-0.0266394782811],[0.000506928248797,-0.0000343442443409,0.00153940857854,-0.000637030228972,0.000570715870708,-0.00129809463397,0.00217784685083,-0.00608651014045,0.010164658539,-0.015880767256,0.0183599758893,-0.0266394782811,0.0294961035252]],"mean":[-776.573303223,202.044754028,25.2136363983,24.0203151703,13.1154155731,18.4122409821,11.648481369,5.12025880814,0.691379010677,2.0612142086,0.378184705973,-1.93237042427,-1.516471982]},"pitch_salience":{"dmean":0.0815034434199,"dmean2":0.132108315825,"dvar":0.0051566963084,"dvar2":0.0128386905417,"max":0.832774698734,"mean":0.473146170378,"median":0.492079943419,"min":0.0758426487446,"var":0.0235798563808},"silence_rate_20dB":{"dmean":0,"dmean2":0,"dvar":0,"dvar2":0,"max":1,"mean":1,"median":1,"min":1,"var":0},"silence_rate_30dB":{"dmean":0.046104926616,"dmean2":0.0922245159745,"dvar":0.0439791530371,"dvar2":0.10215947032,"max":1,"mean":0.942934334278,"median":1,"min":0,"var":0.0538117401302},"silence_rate_60dB":{"dmean":0.0184419713914,"dmean2":0.0368898063898,"dvar":0.018102588132,"dvar2":0.0441140830517,"max":1,"mean":0.0457796864212,"median":0,"min":0,"var":0.043683052063},"spectral_centroid":{"dmean":78.0612411499,"dmean2":120.931236267,"dvar":18081.4824219,"dvar2":24548.1210938,"max":10939.4355469,"mean":381.77633667,"median":334.945648193,"min":150.787399292,"var":48909.4492188},"spectral_complexity":{"dmean":1.77201902866,"dmean2":2.8567340374,"dvar":2.97117233276,"dvar2":6.62598133087,"max":26,"mean":7.96550607681,"median":7,"min":0,"var":20.0388469696},"spectral_contrast_coeffs":{"dmean":[0.0538035370409,0.0465182289481,0.0372578129172,0.0334907099605,0.0309498943388,0.0274354815483],"dmean2":[0.0865813940763,0.0773072913289,0.0617954842746,0.0550476387143,0.0505034215748,0.0465987585485],"dvar":[0.00183719827328,0.00133256765548,0.000901350111235,0.000731025880668,0.00062151264865,0.00111378089059],"dvar2":[0.00483868643641,0.00355263077654,0.00248882407323,0.00189657253213,0.00164300843608,0.00291272671893],"max":[-0.328339189291,-0.470228791237,-0.590130090714,-0.590087234974,-0.688486993313,-0.552585482597],"mean":[-0.658006370068,-0.779263913631,-0.812080979347,-0.830578804016,-0.875084936619,-0.832144260406],"median":[-0.667012691498,-0.791106522083,-0.818861424923,-0.835686087608,-0.873627781868,-0.846198499203],"min":[-0.959149777889,-0.964157342911,-0.964962422848,-0.982781350613,-0.967690646648,-0.95610076189],"var":[0.0110182184726,0.00516461068764,0.00317726284266,0.00307106901892,0.00198181229644,0.00156434625387]},"spectral_contrast_valleys":{"dmean":[0.361613452435,0.39218133688,0.365830242634,0.417688041925,0.614802718163,0.896475195885],"dmean2":[0.594387352467,0.637729883194,0.575659811497,0.645220220089,0.974440038204,1.46747004986],"dvar":[0.11245085299,0.126644194126,0.122742317617,0.155576243997,0.287139385939,0.571688830853],"dvar2":[0.236999437213,0.263248085976,0.24713742733,0.331284344196,0.705516815186,1.56880950928],"max":[-4.96357631683,-4.59257078171,-5.06878042221,-6.33797931671,-6.29899311066,-8.78483963013],"mean":[-6.69517707825,-7.05553627014,-7.74691343307,-8.5846118927,-9.06388568878,-11.7325019836],"median":[-6.54799795151,-7.06276988983,-7.74324274063,-8.54987716675,-9.05693340302,-11.6520709991],"min":[-26.9491119385,-26.8500900269,-27.6413154602,-27.6628627777,-27.3102340698,-27.3528270721],"var":[0.65195119381,0.711488425732,0.801811933517,0.778947710991,0.806296765804,1.20725536346]},"spectral_decrease":{"dmean":3.77560160914e-9,"dmean2":5.85441961576e-9,"dvar":3.77613706808e-17,"dvar2":8.98885392609e-17,"max":-6.30202194549e-29,"mean":-1.03114929928e-8,"median":-8.15552869682e-9,"min":-7.77170470201e-8,"var":9.36502853716e-17},"spectral_energy":{"dmean":0.0144185777754,"dmean2":0.0223372243345,"dvar":0.000546193157788,"dvar2":0.00129873037804,"max":0.295995026827,"mean":0.0395435914397,"median":0.0313003323972,"min":1.09962482576e-20,"var":0.00137111137155},"spectral_energyband_high":{"dmean":0.0000160921954375,"dmean2":0.0000263951496891,"dvar":1.12327036561e-9,"dvar2":2.77637046686e-9,"max":0.000792344042566,"mean":0.0000177080255526,"median":0.0000061613905018,"min":7.97266158844e-21,"var":1.24930510381e-9},"spectral_energyband_low":{"dmean":0.0102336686105,"dmean2":0.0162088330835,"dvar":0.000384176935768,"dvar2":0.000946143933106,"max":0.273728787899,"mean":0.0238314345479,"median":0.0147682093084,"min":1.23638384245e-22,"var":0.000723196659237},"spectral_energyband_middle_high":{"dmean":0.000481612078147,"dmean2":0.000728545302991,"dvar":0.00000130697515033,"dvar2":0.00000299483326671,"max":0.0264113228768,"mean":0.00111470138654,"median":0.00033583297045,"min":1.59558555933e-21,"var":0.00000492273602504},"spectral_energyband_middle_low":{"dmean":0.00630194228142,"dmean2":0.00960723869503,"dvar":0.000127609237097,"dvar2":0.000289455143502,"max":0.207589641213,"mean":0.0150847267359,"median":0.0070306523703,"min":5.1520932336e-22,"var":0.00044308489305},"spectral_entropy":{"dmean":0.400551229715,"dmean2":0.63887399435,"dvar":0.111680559814,"dvar2":0.28642976284,"max":9.78352832794,"mean":6.54295921326,"median":6.55940389633,"min":4.49862003326,"var":0.359160482883},"spectral_flux":{"dmean":0.0265243630856,"dmean2":0.0441685765982,"dvar":0.00118829740677,"dvar2":0.00312224728987,"max":0.400755941868,"mean":0.080256357789,"median":0.066902205348,"min":1.04863000228e-10,"var":0.00284109590575},"spectral_kurtosis":{"dmean":11.4613351822,"dmean2":19.1106071472,"dvar":184.915176392,"dvar2":494.668151855,"max":153.243881226,"mean":22.2097473145,"median":17.124420166,"min":-1.16384935379,"var":272.040008545},"spectral_rms":{"dmean":0.00101759482641,"dmean2":0.00153702893294,"dvar":0.00000153418454829,"dvar2":0.00000340418228006,"max":0.0169933997095,"mean":0.00558653101325,"median":0.00552602112293,"min":3.27536977575e-12,"var":0.00000736971696824},"spectral_rolloff":{"dmean":81.6054840088,"dmean2":139.298583984,"dvar":93818.3046875,"dvar2":135839.859375,"max":18238.6230469,"mean":286.464935303,"median":215.33203125,"min":43.06640625,"var":176506.40625},"spectral_skewness":{"dmean":0.801678299904,"dmean2":1.29992175102,"dvar":0.623334348202,"dvar2":1.6602243185,"max":9.91780376434,"mean":3.4766459465,"median":3.26629114151,"min":-0.0368548855186,"var":1.30603206158},"spectral_spread":{"dmean":890453.9375,"dmean2":1448614.5,"dvar":696796381184,"dvar2":1569666498560,"max":39981268,"mean":2882037.25,"median":2761155.5,"min":669151.6875,"var":1410528837630},"spectral_strongpeak":{"dmean":0.24608270824,"dmean2":0.415084600449,"dvar":0.153306052089,"dvar2":0.385342717171,"max":5.14666366577,"mean":0.46388053894,"median":0.275031089783,"min":0,"var":0.288874894381},"zerocrossingrate":{"dmean":0.00233101891354,"dmean2":0.0029908681754,"dvar":0.0000440340882051,"dvar2":0.000035961260437,"max":0.50537109375,"mean":0.0114881535992,"median":0.01025390625,"min":0.0009765625,"var":0.000144597244798}},"metadata":{"audio_properties":{"analysis_sample_rate":44100,"bit_rate":142879,"codec":"mp3","downmix":"mix","equal_loudness":0,"length":146.051681519,"lossless":false,"md5_encoded":"f5216434f1d381d6f51e4740de67a9d6","replay_gain":-2.88335609436,"sample_rate":44100},"tags":{"album":["The Complete Columbia Album Collection"],"albumartist":["Johnny Cash"],"albumartistsort":["Cash, Johnny"],"artist":["Johnny Cash"],"artists":["Johnny Cash"],"artistsort":["Cash, Johnny"],"asin":["B008DDC874"],"barcode":["886979104723"],"catalognumber":["88697910472"],"date":["2012-12-04"],"discnumber":["15/63"],"file_name":"15 - Bury Me Not on the Lone Prairie.mp3","isrc":["USSM10209078"],"label":["Columbia","Legacy"],"media":["CD"],"musicbrainz album release country":["US"],"musicbrainz album status":["official"],"musicbrainz album type":["album","compilation"],"musicbrainz release track id":["47aa66a1-5e5f-33dd-81b3-aaf0737ae4c5"],"musicbrainz_albumartistid":["d43d12a1-2dc9-4257-a2fd-0a3bb1081b86"],"musicbrainz_albumid":["de36c451-000c-4488-9375-b6d40b6636e5"],"musicbrainz_artistid":["d43d12a1-2dc9-4257-a2fd-0a3bb1081b86"],"musicbrainz_recordingid":["e1ce3fcc-11e0-4789-a206-b545c79d4962"],"musicbrainz_releasegroupid":["30578604-ce5e-4d3d-a09c-6c06fc4c526b"],"originaldate":["2012"],"script":["Latn"],"title":["Bury Me Not on the Lone Prairie"],"tracknumber":["15/26"]},"version":{"essentia":"2.1-beta1","essentia_build_sha":"ca57ba49d9b1854bd80e60cf9ccf267278fb7d6b","essentia_git_sha":"v2.1_beta1-28-g21ef5f4-dirty","extractor":"music 1.0"}},"rhythm":{"beats_count":244,"beats_loudness":{"dmean":0.0530697405338,"dmean2":0.0965714752674,"dvar":0.00181926949881,"dvar2":0.00522533524781,"max":0.26471799612,"mean":0.0660381838679,"median":0.0569868087769,"min":0.000177678506589,"var":0.00257314299233},"beats_loudness_band_ratio":{"dmean":[0.212882146239,0.181868687272,0.0630493164062,0.0409813560545,0.00726973591372,0.00193513161503],"dmean2":[0.366339564323,0.320101231337,0.112687237561,0.07327260077,0.0137568805367,0.0035729794763],"dvar":[0.04424