{"lowlevel":{"average_loudness":0.878995716572,"barkbands":{"dmean":[0.0000491353021062,0.00411868095398,0.00265862466767,0.00202970928513,0.0017228560755,0.000817363150418,0.000599057297222,0.00017313133867,0.000379759760108,0.000545645947568,0.000412350025726,0.000315771321766,0.000457995134639,0.000280800915789,0.000400993245421,0.000617642013822,0.000554798694793,0.000336383440299,0.00024862162536,0.000155124114826,0.000120222241094,0.000113123634947,0.0000698381700204,0.0000349387628376,0.0000887806236278,0.0000215413947444,0.00000112659688511],"dmean2":[0.0000764682408771,0.00643173698336,0.00451005017385,0.00349672487937,0.00288988649845,0.00134562130552,0.00097279669717,0.000278749066638,0.000583849847317,0.000840307737235,0.000637439487036,0.000495701911859,0.000728619110305,0.000450809166068,0.000645386870019,0.000978869036771,0.000893176998943,0.000542295689229,0.000401367637096,0.000258280022535,0.000197428322281,0.000180671282578,0.000112799003546,0.0000499325578858,0.000137249546242,0.0000336748489644,0.00000168714620941],"dvar":[6.16652817698e-9,0.0000617121040705,0.000041975381464,0.000015168065147,0.00000749616719986,0.00000240837971432,0.00000182580561159,3.0399897355e-7,7.54040172524e-7,0.0000013125292071,0.00000105025924313,5.43988335266e-7,9.03299053334e-7,3.77932792617e-7,7.28216377865e-7,0.00000138620919188,7.77138268404e-7,2.25741132454e-7,1.22613514009e-7,6.18472313363e-8,4.99873813453e-8,7.94764289935e-8,2.29261907236e-8,5.93297100338e-9,1.16779105497e-7,5.4559410323e-9,1.22448023943e-11],"dvar2":[1.48986973869e-8,0.000134251793497,0.000102140016679,0.0000384150007449,0.000019424553102,0.00000610593360761,0.0000046521895456,7.59726390243e-7,0.00000180585595899,0.00000296668099509,0.00000238557549892,0.00000122352946619,0.00000205849710255,9.11869221909e-7,0.00000161389993991,0.0000033339708807,0.00000191118579096,5.33709908268e-7,2.88055048259e-7,1.60973669949e-7,1.27742822542e-7,2.06982548434e-7,5.8787648527e-8,1.24449508476e-8,2.91775137384e-7,1.36970319531e-8,2.64350659418e-11],"max":[0.00082600832684,0.104228578508,0.158502280712,0.101027801633,0.0438144691288,0.0348271802068,0.021751018241,0.0160743240267,0.021865747869,0.0239343587309,0.0363360382617,0.0170509126037,0.0233929939568,0.0126606635749,0.031037285924,0.019796743989,0.0202845782042,0.0108054615557,0.00686038983986,0.00480439700186,0.00351583142765,0.00524105969816,0.00193430075888,0.0012714790646,0.00529893115163,0.00115594558883,0.000074807969213],"mean":[0.0000708539810148,0.00595947867259,0.00480577489361,0.00297839264385,0.00361581286415,0.00129975250456,0.000775040709414,0.000245475355769,0.000694866525009,0.00099004432559,0.000695927534252,0.000535127415787,0.000797332264483,0.000452742882771,0.00074883986963,0.00127147370949,0.00120958441403,0.000776290718932,0.000559206237085,0.000298689672491,0.000223772818572,0.000187791680219,0.000111015862785,0.0000623436499154,0.0000942298865994,0.0000225750682148,0.0000015352823084],"median":[0.0000292542354146,0.00297286128625,0.00230045686476,0.00191993801855,0.00275364937261,0.000738388334867,0.000302214117255,0.000107545565697,0.000282594875898,0.000399109761929,0.000281886139419,0.000222200949793,0.000384883169318,0.000248462281888,0.000462907191832,0.000655680370983,0.000830357079394,0.000595901568886,0.000422027136665,0.000206386408536,0.000117472343845,0.0000615494791418,0.0000357698918378,0.0000189946476894,0.0000110614801088,8.95360756203e-7,8.81490009874e-8],"min":[7.57177332482e-24,9.88071634072e-24,1.20565461786e-23,2.46072557331e-24,8.46850859225e-24,1.8705682777e-23,1.81345301267e-23,2.19683925484e-23,5.99968224575e-23,1.68354750088e-23,3.18490252698e-23,4.50031735793e-23,4.59969963249e-23,6.83239371988e-23,6.63103350283e-23,9.61186623333e-23,8.19910281124e-23,1.66471410941e-22,2.04468051333e-22,2.90191306606e-22,3.46482527536e-22,4.96469724297e-22,5.91792798319e-22,6.57078421964e-22,9.98628233815e-22,1.51951624498e-21,2.13847110198e-21],"var":[1.00860972907e-8,0.0000876368649187,0.0000663425526,0.0000180526621989,0.0000114124632091,0.00000336029847858,0.00000206773825084,3.27698074898e-7,0.00000216670537156,0.000003272679578,0.0000021543476123,0.00000114419185593,0.00000233094783653,5.80104028813e-7,0.00000152354709826,0.0000036730739339,0.00000198758016268,5.74107332341e-7,3.0217489666e-7,9.45599012425e-8,9.23164051869e-8,1.08405316723e-7,3.51705260471e-8,1.19104637264e-8,1.04367856579e-7,5.21339238446e-9,2.20003355811e-11]},"barkbands_crest":{"dmean":2.1436662674,"dmean2":3.50974225998,"dvar":4.5847158432,"dvar2":11.2199268341,"max":22.1277656555,"mean":8.29218864441,"median":7.5719127655,"min":2.12350606918,"var":10.1603317261},"barkbands_flatness_db":{"dmean":0.0175565239042,"dmean2":0.0271570775658,"dvar":0.00035706529161,"dvar2":0.000786558317486,"max":0.290652930737,"mean":0.12110234797,"median":0.117722891271,"min":0.0218347255141,"var":0.00147220597137},"barkbands_kurtosis":{"dmean":1.30219578743,"dmean2":2.0037779808,"dvar":5.98429870605,"dvar2":13.4981012344,"max":51.640838623,"mean":0.844651281834,"median":-0.472837924957,"min":-1.85408508778,"var":17.4022445679},"barkbands_skewness":{"dmean":0.399949431419,"dmean2":0.605807721615,"dvar":0.163007050753,"dvar2":0.355365931988,"max":6.18639945984,"mean":1.04604387283,"median":0.896538436413,"min":-2.18848204613,"var":0.805612504482},"barkbands_spread":{"dmean":5.02474451065,"dmean2":7.79097080231,"dvar":24.4809494019,"dvar2":55.6682281494,"max":79.2668151855,"mean":31.4520816803,"median":32.0031166077,"min":2.55663299561,"var":105.112693787},"dissonance":{"dmean":0.00944467168301,"dmean2":0.0160240530968,"dvar":0.0000979551987257,"dvar2":0.000266860675765,"max":0.499999970198,"mean":0.483430624008,"median":0.486785680056,"min":0.332580000162,"var":0.000172598898644},"dynamic_complexity":3.31035423279,"erbbands":{"dmean":[0.115616209805,0.973140835762,2.58479070663,5.01191806793,7.35656070709,5.27405261993,3.81797242165,8.47513580322,9.18492031097,5.55771780014,3.22975850105,9.45463466644,12.8162984848,17.042383194,15.9727487564,13.2637319565,19.9454059601,13.7184743881,15.2891044617,24.2740249634,32.4358329773,27.2918624878,18.2222957611,14.1546049118,9.79295349121,6.78124904633,5.44008255005,4.43105983734,3.98958349228,3.70998907089,1.66904401779,0.692012965679,0.726443111897,1.06615662575,0.556242525578,0.174109682441,0.0264546629041,0.00309010944329,0.000200515481993,0.0000161756215675],"dmean2":[0.180070847273,1.53630030155,4.37652349472,8.63259601593,12.4302215576,8.97997570038,6.31213521957,14.1149950027,14.9603633881,8.84506702423,5.22278928757,14.3827123642,19.8491630554,25.993473053,24.4844036102,20.6353664398,31.4662799835,21.7874622345,24.3287944794,38.0383834839,50.9059867859,43.6571426392,29.1963539124,22.9362354279,15.7634553909,11.1724510193,9.1183719635,7.20020151138,6.46081399918,5.95258903503,2.69936752319,1.07298028469,1.01015710831,1.61596691608,0.892241895199,0.279257565737,0.0404929853976,0.0045524938032,0.000294411496725,0.0000231256217376],"dvar":[0.0462329946458,3.55524897575,34.2764320374,110.092506409,146.33770752,92.8999023438,63.2555236816,278.067077637,447.496826172,179.289993286,122.121421814,509.603729248,791.456115723,1332.30163574,1848.3112793,1045.92468262,1829.63757324,720.059936523,956.652709961,2608.83398438,3602.58496094,1730.68066406,694.076904297,400.851409912,204.682067871,121.381576538,99.1030578613,88.9074859619,101.735351562,75.368927002,13.7949695587,2.45394420624,3.28759837151,16.9720783234,4.78431081772,0.434115827084,0.00660089729354,0.000084911371232,3.42336335279e-7,7.19208415045e-10],"dvar2":[0.0971808284521,8.02865982056,86.5366363525,269.113342285,397.877258301,244.600982666,156.913009644,716.71484375,1132.63146973,457.275360107,314.70501709,1136.44543457,1722.85119629,2908.05932617,4350.86425781,2367.69482422,4198.08789062,1671.60266113,2268.83862305,6187.10742188,8409.93652344,4202.48339844,1641.53015137,991.878173828,498.539794922,312.750183105,263.312774658,224.496124268,268.617462158,193.590423584,35.6791152954,6.08739471436,6.61592197418,41.2640533447,12.4572181702,1.13081026077,0.0155446315184,0.000184354939847,7.35174296551e-7,1.45299883236e-9],"max":[2.85958957672,25.4404525757,112.204650879,248.387969971,275.044372559,234.143417358,215.264328003,373.184997559,386.894836426,345.148864746,333.00289917,616.401977539,868.924621582,719.92956543,1784.53857422,869.296691895,1220.72277832,684.27923584,761.36529541,1574.7824707,1423.39404297,1093.45251465,723.167907715,387.68145752,218.289550781,197.522705078,141.726867676,164.386764526,206.85697937,116.911071777,46.7383651733,20.3604488373,33.3956031799,71.3832397461,35.9994163513,10.4973773956,1.49274134636,0.190184056759,0.0116647761315,0.000421143457061],"mean":[0.150176793337,1.45979499817,4.87470579147,8.17657470703,14.1839790344,10.3623905182,6.62497758865,12.6583347321,12.1791152954,8.10118675232,5.08905076981,17.5084857941,23.8081569672,32.6697883606,29.2983951569,24.7106990814,36.6400413513,26.1374588013,29.9800415039,51.3202781677,75.1941680908,65.1178894043,44.8088874817,36.8138504028,22.3631401062,14.0575704575,9.46561813354,8.01445102692,6.71381044388,5.83697986603,2.66216993332,1.21427106857,1.19426751137,1.20351195335,0.537930309772,0.167048886418,0.0306399166584,0.00421634409577,0.000287609611405,0.0000456338311778],"median":[0.0612762235105,0.762166023254,2.44434523582,5.54075908661,11.2208538055,7.41549777985,3.9384560585,6.86217880249,4.76596784592,4.03157377243,2.62910437584,7.41583633423,10.7651138306,14.4021396637,11.7033700943,11.3766288757,18.155790329,15.8305273056,19.9551391602,30.2726345062,42.8068962097,46.0417976379,35.8029632568,28.5861358643,16.5644168854,9.96576118469,5.78545665741,3.13476729393,2.33540272713,1.85740911961,0.813251674175,0.406540185213,0.305826872587,0.166823148727,0.0470925755799,0.0079573970288,0.00122426194139,0.00014856121561,0.0000340986880474,0.0000358881188731],"min":[3.57978692171e-22,2.74088557791e-21,1.37133055409e-20,1.52268489602e-20,1.77744812363e-20,4.0407675988e-20,8.16299180842e-20,1.58037547693e-19,2.78156076282e-19,3.96488734853e-19,4.28332655196e-19,9.21938494419e-19,1.32491534965e-18,1.12032742458e-18,9.22744581926e-19,1.71597025751e-18,2.29730948329e-18,4.34769521398e-18,3.47856868616e-18,4.82970369668e-18,6.21579908219e-18,6.30918363745e-18,8.28452899053e-18,8.80344668575e-18,1.16086014314e-17,1.51878648814e-17,1.0566401836e-17,1.41210235757e-17,1.35729039233e-17,1.68907601018e-17,1.52196004928e-17,1.13332412773e-17,1.33891664297e-17,9.31149853643e-18,7.45187823259e-18,4.88491386666e-18,2.9347660894e-18,1.2247086223e-18,2.74533516338e-19,2.77570212688e-20],"var":[0.0670438706875,4.83606863022,53.4727363586,144.687561035,184.300170898,131.18371582,95.4263916016,360.937774658,511.789337158,195.274459839,128.601516724,1371.7199707,1673.48730469,3794.96166992,3972.29663086,2233.2668457,4905.87207031,1441.51538086,1676.7532959,6250.34423828,11242.2724609,5029.51416016,1747.31982422,1306.8626709,455.180511475,201.011672974,125.590026855,173.639266968,136.280700684,103.003067017,22.1978549957,3.97575974464,6.07395648956,16.5572433472,3.77619338036,0.351571887732,0.00812104810029,0.000147550366819,6.24367203272e-7,1.52893742111e-9]},"erbbands_crest":{"dmean":2.3252851963,"dmean2":3.75565719604,"dvar":5.19700431824,"dvar2":12.64914608,"max":27.6694030762,"mean":8.1351518631,"median":6.9502530098,"min":2.3616707325,"var":16.112285614},"erbbands_flatness_db":{"dmean":0.0164144337177,"dmean2":0.0234245732427,"dvar":0.000319964427035,"dvar2":0.000576358928811,"max":0.331235557795,"mean":0.162936389446,"median":0.162036344409,"min":0.0525030978024,"var":0.0018559867749},"erbbands_kurtosis":{"dmean":0.756840705872,"dmean2":1.19212687016,"dvar":0.954913020134,"dvar2":2.3768260479,"max":16.319152832,"mean":0.453653126955,"median":0.0420827865601,"min":-1.71178853512,"var":2.5394616127},"erbbands_skewness":{"dmean":0.287971913815,"dmean2":0.434907913208,"dvar":0.0691211521626,"dvar2":0.152467131615,"max":2.37593197823,"mean":-0.602841496468,"median":-0.585131108761,"min":-3.61433434486,"var":0.389333516359},"erbbands_spread":{"dmean":6.93036031723,"dmean2":10.5607595444,"dvar":47.1284790039,"dvar2":102.007675171,"max":116.441596985,"mean":36.9527320862,"median":34.3799324036,"min":4.42377233505,"var":218.185272217},"gfcc":{"cov":[[16818.4042969,-395.265716553,-34.3484535217,281.580505371,-589.743225098,353.396087646,-310.822692871,151.53527832,-343.297027588,195.140151978,-152.578170776,167.722549438,-112.609954834],[-395.265716553,1249.84033203,-609.499145508,16.9778728485,247.452804565,-242.726928711,218.413345337,-122.707313538,177.817352295,-226.970748901,198.959625244,-192.137298584,138.071212769],[-34.3484535217,-609.499145508,706.726989746,-50.9722671509,-88.1640777588,95.6587524414,-93.184463501,77.9105987549,-108.757148743,156.465270996,-128.720184326,139.676528931,-97.3678359985],[281.580505371,16.9778728485,-50.9722671509,195.841720581,-38.4271087646,28.734790802,-29.6503696442,-29.1659564972,39.795753479,-29.0004863739,8.93299770355,-36.167339325,27.2735233307],[-589.743225098,247.452804565,-88.1640777588,-38.4271087646,226.556060791,-60.8262672424,58.4919509888,-6.4368481636,38.661567688,-29.9747428894,30.3635883331,-18.1738929749,27.3261508942],[353.396087646,-242.726928711,95.6587524414,28.734790802,-60.8262672424,178.872283936,-31.9283256531,40.9487304688,-60.0882301331,22.5514278412,-25.6222801208,14.8693218231,-15.4962072372],[-310.822692871,218.413345337,-93.184463501,-29.6503696442,58.4919509888,-31.9283256531,161.727859497,-12.5033721924,18.4986934662,-61.3205299377,27.0234241486,-20.5443630219,4.03486537933],[151.53527832,-122.707313538,77.9105987549,-29.1659564972,-6.4368481636,40.9487304688,-12.5033721924,104.193321228,-12.1133213043,29.4169235229,-23.1622638702,14.1740636826,-2.29974746704],[-343.297027588,177.817352295,-108.757148743,39.795753479,38.661567688,-60.0882301331,18.4986934662,-12.1133213043,111.538337708,-11.3677062988,29.4757957458,-43.4009132385,25.2387142181],[195.140151978,-226.970748901,156.465270996,-29.0004863739,-29.9747428894,22.5514278412,-61.3205299377,29.4169235229,-11.3677062988,117.833396912,-19.9510879517,60.6505584717,-37.0217094421],[-152.578170776,198.959625244,-128.720184326,8.93299770355,30.3635883331,-25.6222801208,27.0234241486,-23.1622638702,29.4757957458,-19.9510879517,103.265907288,-13.877281189,39.4897613525],[167.722549438,-192.137298584,139.676528931,-36.167339325,-18.1738929749,14.8693218231,-20.5443630219,14.1740636826,-43.4009132385,60.6505584717,-13.877281189,113.873779297,-15.5225534439],[-112.609954834,138.071212769,-97.3678359985,27.2735233307,27.3261508942,-15.4962072372,4.03486537933,-2.29974746704,25.2387142181,-37.0217094421,39.4897613525,-15.5225534439,76.4328308105]],"icov":[[0.00010157856741,-0.000334495591233,0.000172201500391,-0.000312475429382,0.000283809786197,-0.000146913880599,0.00017462199321,-0.00032274381374,0.000533647311386,-0.000465395190986,0.000413971021771,-0.00035287369974,0.000247405521804],[-0.000334495591233,0.00523173157126,-0.000154046458192,0.00161461159587,-0.00248896866105,0.00293269078247,-0.00255343550816,0.0023843832314,-0.00297016720288,0.00393514707685,-0.00504119601101,0.00427870592102,-0.00266465963796],[0.000172201500391,-0.000154046458192,0.00340316351503,-0.000952349742875,0.000311950512696,-0.000102795253042,0.0000577012360736,-0.00125681504142,0.00211828621104,-0.00286721810699,0.00257473182864,-0.00194569723681,0.00122019811533],[-0.000312475429382,0.00161461159587,-0.000952349742875,0.00904951803386,0.000227449243539,-0.00210016453639,0.00113074597903,0.00390995061025,-0.0064576943405,0.00448359269649,-0.0015198176261,0.00183779594954,-0.00280601158738],[0.000283809786197,-0.00248896866105,0.000311950512696,0.000227449243539,0.00706875789911,-0.000456551759271,-0.000111136985652,-0.00147919042502,0.000684728031047,-0.00201527541503,0.00232788221911,-0.00199047103524,-0.000237071959418],[-0.000146913880599,0.00293269078247,-0.000102795253042,-0.00210016453639,-0.000456551759271,0.0107582286,-0.00187300168909,-0.00218260730617,0.00425285985693,0.000325168453855,-0.00311082159169,0.00396405765787,-0.00135268212762],[0.00017462199321,-0.00255343550816,0.0000577012360736,0.00113074597903,-0.000111136985652,-0.00187300168909,0.0113426689059,-0.00193677167408,-0.00128638499882,0.00574557622895,-0.0000544046270079,-0.00452113244683,0.00586054287851],[-0.00032274381374,0.0023843832314,-0.00125681504142,0.00390995061025,-0.00147919042502,-0.00218260730617,-0.00193677167408,0.014696508646,-0.00369375292212,-0.00073234696174,0.000284951296635,0.0033862919081,-0.00574275432155],[0.000533647311386,-0.00297016720288,0.00211828621104,-0.0064576943405,0.000684728031047,0.00425285985693,-0.00128638499882,-0.00369375292212,0.0214211903512,-0.0111610824242,0.00285635539331,0.00358754512854,-0.00149806169793],[-0.000465395190986,0.00393514707685,-0.00286721810699,0.00448359269649,-0.00201527541503,0.000325168453855,0.00574557622895,-0.00073234696174,-0.0111610824242,0.0270925220102,-0.00840193126351,-0.00566735956818,0.00741260172799],[0.000413971021771,-0.00504119601101,0.00257473182864,-0.0015198176261,0.00232788221911,-0.00311082159169,-0.0000544046270079,0.000284951296635,0.00285635539331,-0.00840193126351,0.0206477120519,-0.00456027546898,-0.00451952265576],[-0.00035287369974,0.00427870592102,-0.00194569723681,0.00183779594954,-0.00199047103524,0.00396405765787,-0.00452113244683,0.0033862919081,0.00358754512854,-0.00566735956818,-0.00456027546898,0.0202973373234,-0.00697913207114],[0.000247405521804,-0.00266465963796,0.00122019811533,-0.00280601158738,-0.000237071959418,-0.00135268212762,0.00586054287851,-0.00574275432155,-0.00149806169793,0.00741260172799,-0.00451952265576,-0.00697913207114,0.0251482464373]],"mean":[-5.47618055344,106.288261414,-138.306655884,55.5403289795,-38.3774108887,13.8576459885,-35.7505912781,6.53378868103,-23.2405033112,-10.7662067413,-14.6451253891,-2.733471632,-4.50960302353]},"hfc":{"dmean":6.5708360672,"dmean2":9.56978797913,"dvar":88.5491943359,"dvar2":188.354858398,"max":128.57093811,"mean":24.8646659851,"median":22.0026493073,"min":1.13146383162e-16,"var":299.009307861},"melbands":{"dmean":[0.00111062568612,0.00122934579849,0.000887378584594,0.000454725290183,0.000139399096952,0.000178515416337,0.000134973452077,0.0000548248681298,0.0000266611023108,0.0000641054139123,0.0000668636639602,0.0000725774953025,0.0000509209057782,0.0000364425104635,0.0000420586802647,0.0000456816342194,0.0000266206807282,0.0000249576296483,0.0000335248041665,0.0000404061611334,0.0000433994537161,0.0000355651463906,0.000018912323867,0.000018522143364,0.0000125382830447,0.00000897124937183,0.00000686043767928,0.0000044256316869,0.00000403018157158,0.00000279189316643,0.00000270808754976,0.00000236925484387,0.00000232572438108,0.0000020348986709,0.00000106651214082,5.86572468819e-7,3.87964433912e-7,4.26994063218e-7,7.74149498284e-7,9.85779024631e-7],"dmean2":[0.00172219297383,0.00202620937489,0.00151528848801,0.000764400698245,0.000232566526392,0.000295804580674,0.000218862682232,0.0000873854878591,0.0000435556685261,0.0000976598021225,0.000103523729194,0.000110951856186,0.0000781673079473,0.0000565250702493,0.0000652009839541,0.000072081827966,0.0000425725520472,0.0000399866439693,0.0000535186882189,0.0000635240139673,0.0000682607351337,0.0000567826500628,0.0000302464850392,0.0000302612006635,0.0000205577071029,0.00001453438108,0.0000113774203783,0.0000073321898526,0.0000068210633799,0.00000463789228888,0.00000442393411504,0.00000392020956497,0.00000373877105631,0.00000333296316057,0.0000017593948769,9.50580272274e-7,6.12434064351e-7,6.14794714693e-7,0.00000112254895157,0.00000153760163357],"dvar":[0.00000444005809186,0.00000640073039904,0.00000296089365293,5.14448345257e-7,7.59696376917e-8,1.1975627956e-7,9.09263562221e-8,1.83535622256e-8,7.55384643725e-9,2.3233083013e-8,2.14902406981e-8,2.51158720488e-8,1.7622177495e-8,6.4120815324e-9,9.91158710661e-9,9.4325294242e-9,3.16710258019e-9,3.07776537589e-9,6.08944938918e-9,7.19048287579e-9,6.61429178095e-9,3.13595571733e-9,8.62576732263e-10,7.86450404799e-10,3.27702004421e-10,1.59487048568e-10,1.08037773172e-10,5.48527924471e-11,5.21901272199e-11,2.77916804153e-11,3.89156346037e-11,4.0010113278e-11,2.88496934675e-11,2.19439605376e-11,5.73816341665e-12,1.75070223075e-12,8.22827157972e-13,9.15607758882e-13,6.43247651325e-12,1.63219698174e-11],"dvar2":[0.0000093652661235,0.0000155473735504,0.00000730530064175,0.00000133842013383,1.9139802987e-7,3.05990283778e-7,2.30457118278e-7,4.59152147414e-8,1.9278118657e-8,5.27097867575e-8,4.681842114e-8,5.53067138753e-8,4.05001614467e-8,1.48152956569e-8,2.28491732202e-8,2.12214779083e-8,7.4115771298e-9,7.63920926516e-9,1.30837056744e-8,1.75390706403e-8,1.49315848574e-8,7.57122364803e-9,2.06926720203e-9,1.88976834181e-9,8.17360013006e-10,3.90340731959e-10,2.75501316205e-10,1.43576664446e-10,1.40816469596e-10,7.21347079291e-11,9.91293713781e-11,1.08137485078e-10,7.30969451634e-11,5.68845942572e-11,1.49914542585e-11,4.53217064572e-12,2.05703227889e-12,1.91010380256e-12,1.41972033088e-11,4.09551351166e-11],"max":[0.0292279832065,0.0426133908331,0.0365356430411,0.0123369721696,0.00716040516272,0.007658761926,0.00521962670609,0.00347874965519,0.00246168090962,0.00423196097836,0.00426545040682,0.00338636059314,0.00525935273618,0.00168234249577,0.00215329811908,0.00271678878926,0.00128870923072,0.00119514425751,0.00344942999072,0.0016867936356,0.00184646248817,0.0012958815787,0.000732355867513,0.00072984729195,0.000375680392608,0.000224342773436,0.000211888298509,0.000104383812868,0.0000996247908915,0.0000909020818654,0.000128380590468,0.000118049363664,0.000102639693068,0.0000607257607044,0.0000338191384799,0.000016580142983,0.000012486389096,0.0000164839348145,0.0000498998597322,0.0000718220617273],"mean":[0.00153648015112,0.00238653970882,0.00166521221399,0.000951956957579,0.000251222983934,0.000272436416708,0.000181093055289,0.0000799795598141,0.0000393133486796,0.000118013711472,0.000119405638543,0.000133862049552,0.0000911675379029,0.0000669560686219,0.0000714925990906,0.0000783567375038,0.0000448159589723,0.0000427666527685,0.0000621495928499,0.0000773518113419,0.000091613845143,0.000074969335401,0.0000402854675485,0.0000402739788115,0.0000290862226393,0.0000188265184988,0.0000131916622195,0.00000816837382445,0.00000632188630334,0.00000464665754407,0.00000460623869003,0.0000037165334561,0.0000037007021092,0.00000303332330986,0.00000160900117407,9.47794092099e-7,6.45850036562e-7,7.13497854576e-7,0.00000107545315586,0.00000101174327938],"median":[0.00070784392301,0.00141546654049,0.00126381125301,0.000739990558941,0.000163365053595,0.000147370767081,0.0000726877769921,0.0000392251495214,0.0000185586395673,0.0000472881256428,0.0000512635451742,0.0000538249623787,0.0000357701392204,0.0000279383693851,0.0000296113576042,0.0000394380404032,0.0000243635877268,0.0000265406142717,0.0000366752574337,0.0000396206596633,0.0000498405752296,0.0000496185020893,0.0000293251505354,0.0000305368157569,0.0000213640541915,0.0000138547575261,0.00000900585382624,0.00000547553236174,0.00000380137430511,0.00000230791329159,0.00000152645202434,0.00000128565341129,0.0000011419654129,9.75017087512e-7,4.80823871385e-7,2.98622211403e-7,2.12894249785e-7,2.02292966378e-7,1.91343971778e-7,1.18869110111e-7],"min":[3.9246480845e-24,8.02901524929e-24,3.00519973667e-24,2.19718371095e-24,2.67444120595e-24,4.33031231083e-24,4.195079858e-24,3.82494829342e-24,2.55332857446e-24,7.31214026825e-24,6.19619633248e-24,3.83070816132e-24,3.56530892597e-24,3.52124394466e-24,5.10828062467e-24,6.10829277295e-24,7.58785662096e-24,4.26719476094e-24,4.64518259128e-24,5.70505626605e-24,7.21950433215e-24,4.93726149688e-24,9.02684067514e-24,7.06061670179e-24,5.94524902891e-24,8.05666640174e-24,6.58584865459e-24,9.36189514513e-24,5.97674706156e-24,7.51793120146e-24,7.53387802465e-24,7.22146149606e-24,1.00980956406e-23,8.28045361877e-24,8.54084555953e-24,8.08649717687e-24,6.82635656737e-24,8.90783627442e-24,9.58535971806e-24,6.96123363836e-24],"var":[0.00000640468579149,0.0000099491326182,0.00000405145237892,7.48344632484e-7,1.11468203556e-7,1.59346868145e-7,1.05841273523e-7,2.04342125443e-8,8.64157101432e-9,6.56999361581e-8,4.50399149088e-8,6.93658819273e-8,3.83624652045e-8,1.53008290482e-8,2.17862030638e-8,2.11989714671e-8,5.59238966247e-9,4.1593253286e-9,1.33694202376e-8,1.64831579497e-8,1.93875759891e-8,8.41286418307e-9,1.86197990359e-9,1.82323656173e-9,9.99561544646e-10,3.39387490333e-10,1.9248588834e-10,8.06755773297e-11,6.0135806057e-11,4.0892355474e-11,7.44560108012e-11,4.68137091592e-11,4.23817959894e-11,2.82400040852e-11,8.64223970165e-12,2.73795504498e-12,1.21441463656e-12,1.7699976684e-12,8.75838377518e-12,1.42937476091e-11]},"melbands_crest":{"dmean":2.69019770622,"dmean2":4.46807289124,"dvar":6.29083156586,"dvar2":16.343837738,"max":31.4184131622,"mean":12.8270606995,"median":12.137257576,"min":1.75367295742,"var":16.2846679688},"melbands_flatness_db":{"dmean":0.0226437039673,"dmean2":0.0355800166726,"dvar":0.000584686873481,"dvar2":0.00131888198666,"max":0.398129343987,"mean":0.180306717753,"median":0.173812255263,"min":0.00490198750049,"var":0.00244428939186},"melbands_kurtosis":{"dmean":4.31505966187,"dmean2":6.6249961853,"dvar":49.8834342957,"dvar2":113.947875977,"max":126.545318604,"mean":8.17759799957,"median":4.43272066116,"min":-1.75879275799,"var":146.010223389},"melbands_skewness":{"dmean":0.586395800114,"dmean2":0.895342886448,"dvar":0.36405262351,"dvar2":0.798709750175,"max":9.39945983887,"mean":2.43230772018,"median":2.21378087997,"min":-1.23204660416,"var":1.61976921558},"melbands_spread":{"dmean":7.47778272629,"dmean2":11.6728954315,"dvar":53.7837638855,"dvar2":125.403533936,"max":144.377227783,"mean":32.9875640869,"median":32.1067695618,"min":1.78408360481,"var":231.659896851},"mfcc":{"cov":[[10458.9658203,457.430999756,-135.578170776,268.818054199,-42.5704078674,152.937545776,-7.32211828232,64.5493392944,-48.1263809204,-99.2523040771,3.17012238503,-89.4510726929,-0.551882207394],[457.430999756,1169.47314453,-538.443847656,207.989074707,15.0964288712,-51.0380897522,54.9614295959,61.9176902771,-17.3627624512,35.8705673218,-23.5908946991,-4.03662252426,-16.064535141],[-135.578170776,-538.443847656,587.444824219,-84.860496521,-9.75352668762,33.8205223083,-21.5010623932,-33.210018158,3.52954077721,-23.8968410492,30.4837493896,-11.732922554,8.45151519775],[268.818054199,207.989074707,-84.860496521,178.959121704,11.3108663559,11.7137470245,-37.6209526062,11.0679759979,0.481458544731,16.2331771851,-22.7439842224,0.323160558939,8.36731529236],[-42.5704078674,15.0964288712,-9.75352668762,11.3108663559,148.794845581,-3.40789675713,-1.52971160412,-20.3195838928,24.3478813171,1.5355399847,-1.29701793194,4.78967142105,15.0730953217],[152.937545776,-51.0380897522,33.8205223083,11.7137470245,-3.40789675713,96.9048690796,7.82347869873,12.0768156052,-12.9008617401,-6.20548295975,4.11939048767,-2.09205698967,-13.7333803177],[-7.32211828232,54.9614295959,-21.5010623932,-37.6209526062,-1.52971160412,7.82347869873,114.183639526,44.6731452942,-0.431646645069,-8.43738174438,3.68376994133,-5.94885396957,-10.2104501724],[64.5493392944,61.9176902771,-33.210018158,11.0679759979,-20.3195838928,12.0768156052,44.6731452942,79.9358291626,16.8991527557,1.13519048691,-6.59254360199,-9.65128898621,-9.7841424942],[-48.1263809204,-17.3627624512,3.52954077721,0.481458544731,24.3478813171,-12.9008617401,-0.431646645069,16.8991527557,66.1651611328,23.2468490601,-0.903741180897,-5.84948301315,-3.95755028725],[-99.2523040771,35.8705673218,-23.8968410492,16.2331771851,1.5355399847,-6.20548295975,-8.43738174438,1.13519048691,23.2468490601,59.6004142761,13.1321153641,-0.20280893147,-4.5418844223],[3.17012238503,-23.5908946991,30.4837493896,-22.7439842224,-1.29701793194,4.11939048767,3.68376994133,-6.59254360199,-0.903741180897,13.1321153641,52.9850845337,16.8608226776,-5.63889741898],[-89.4510726929,-4.03662252426,-11.732922554,0.323160558939,4.78967142105,-2.09205698967,-5.94885396957,-9.65128898621,-5.84948301315,-0.20280893147,16.8608226776,52.6713027954,20.7730026245],[-0.551882207394,-16.064535141,8.45151519775,8.36731529236,15.0730953217,-13.7333803177,-10.2104501724,-9.7841424942,-3.95755028725,-4.5418844223,-5.63889741898,20.7730026245,61.1684913635]],"icov":[[0.000109857370262,-0.0000295165864372,0.0000235089773923,-0.000169783510501,0.0000593428776483,-0.000169578372152,0.0000151155200001,0.0000091545689429,-0.000083782186266,0.000326118723024,-0.000295180594549,0.000329766626237,-0.000155900037498],[-0.0000295165864372,0.00207073614001,0.00147477851715,-0.00207603862509,-0.000248667201959,0.00125365867279,-0.00126046733931,-0.000403075362556,0.00107742939144,-0.000358607590897,-0.000890112190973,0.000521687790751,0.000475511187688],[0.0000235089773923,0.00147477851715,0.00322553003207,-0.00069236085983,0.00024262322404,-0.000294339493848,-0.000343586551026,0.000568517483771,-0.000370431138435,0.00114754110109,-0.00239210086875,0.00198730803095,-0.000889887043741],[-0.000169783510501,-0.00207603862509,-0.00069236085983,0.0102130826563,-0.00092822505394,-0.00236772396602,0.00486493622884,-0.00261384667829,0.000773906707764,-0.0029525232967,0.00451433006674,-0.00159161258489,-0.000969525252003],[0.0000593428776483,-0.000248667201959,0.00024262322404,-0.00092822505394,0.00848850142211,-0.00119658699259,-0.00174003047869,0.00450791511685,-0.00534735387191,0.00197755731642,-0.00065575458575,0.000493435712997,-0.00232825428247],[-0.000169578372152,0.00125365867279,-0.000294339493848,-0.00236772396602,-0.00119658699259,0.0131419533864,-0.000876421574503,-0.00304594263434,0.00427761208266,-0.000396525312681,-0.000721313292161,-0.00108456076123,0.003853358794],[0.0000151155200001,-0.00126046733931,-0.000343586551026,0.00486493622884,-0.00174003047869,-0.000876421574503,0.0144724342972,-0.00869673863053,0.00221478100866,0.000772432889789,-0.00053646316519,0.000261817214778,0.000370090274373],[0.0000091545689429,-0.000403075362556,0.000568517483771,-0.00261384667829,0.00450791511685,-0.00304594263434,-0.00869673863053,0.0218880306929,-0.00869680475444,0.00231073517352,0.000772714614868,0.00159106287174,-0.000432286236901],[-0.000083782186266,0.00107742939144,-0.000370431138435,0.000773906707764,-0.00534735387191,0.00427761208266,0.00221478100866,-0.00869680475444,0.0240145232528,-0.00979447364807,0.00243028346449,0.0000200650392799,0.00252790865488],[0.000326118723024,-0.000358607590897,0.00114754110109,-0.0029525232967,0.00197755731642,-0.000396525312681,0.000772432889789,0.00231073517352,-0.00979447364807,0.0245774835348,-0.00919387955219,0.00334792630747,-0.00071698037209],[-0.000295180594549,-0.000890112190973,-0.00239210086875,0.00451433006674,-0.00065575458575,-0.000721313292161,-0.00053646316519,0.000772714614868,0.00243028346449,-0.00919387955219,0.0288404058665,-0.0123131740838,0.00582510745153],[0.000329766626237,0.000521687790751,0.00198730803095,-0.00159161258489,0.000493435712997,-0.00108456076123,0.000261817214778,0.00159106287174,0.0000200650392799,0.00334792630747,-0.0123131740838,0.0283706057817,-0.0105037325993],[-0.000155900037498,0.000475511187688,-0.000889887043741,-0.000969525252003,-0.00232825428247,0.003853358794,0.000370090274373,-0.000432286236901,0.00252790865488,-0.00071698037209,0.00582510745153,-0.0105037325993,0.022373251617]],"mean":[-631.569824219,118.967407227,-22.4199581146,39.8635597229,18.2464141846,10.0037870407,4.2887711525,11.3818016052,1.64421224594,-4.3866481781,-4.17404174805,-5.95273017883,-0.604349076748]},"pitch_salience":{"dmean":0.0618428662419,"dmean2":0.101337246597,"dvar":0.00328508578241,"dvar2":0.00855473149568,"max":0.821295201778,"mean":0.577781260014,"median":0.585926473141,"min":0.186559930444,"var":0.00750507134944},"silence_rate_20dB":{"dmean":0,"dmean2":0,"dvar":0,"dvar2":0,"max":1,"mean":1,"median":1,"min":1,"var":0},"silence_rate_30dB":{"dmean":0.00656275637448,"dmean2":0.0131268585101,"dvar":0.00651928549632,"dvar2":0.0152100333944,"max":1,"mean":0.993848025799,"median":1,"min":0,"var":0.00611431663856},"silence_rate_60dB":{"dmean":0.00328137818724,"dmean2":0.00656342925504,"dvar":0.00327081698924,"dvar2":0.00693058688194,"max":1,"mean":0.0629549846053,"median":0,"min":0,"var":0.0589916817844},"spectral_centroid":{"dmean":216.074447632,"dmean2":341.323516846,"dvar":52126.5664062,"dvar2":125004.914062,"max":11358.1835938,"mean":1741.48718262,"median":1789.02062988,"min":246.539230347,"var":245902.21875},"spectral_complexity":{"dmean":4.24097633362,"dmean2":6.52363872528,"dvar":19.2733287811,"dvar2":41.1023750305,"max":59,"mean":28.5495738983,"median":31,"min":0,"var":139.261749268},"spectral_contrast_coeffs":{"dmean":[0.0453147888184,0.046867929399,0.0368025563657,0.0291244182736,0.022065108642,0.0166383516043],"dmean2":[0.0763872042298,0.0772849619389,0.0595410056412,0.04756751284,0.035928953439,0.0272852182388],"dvar":[0.00146168272477,0.0015139633324,0.000895153207239,0.000568355899304,0.000330289884005,0.000272060948191],"dvar2":[0.00402856385335,0.0040445686318,0.00229811342433,0.00145298393909,0.000842061184812,0.00067696016049],"max":[-0.375121802092,-0.475525557995,-0.524059414864,-0.568823456764,-0.606166958809,-0.59665697813],"mean":[-0.640938043594,-0.739593982697,-0.774266898632,-0.790098249912,-0.774331092834,-0.738968968391],"median":[-0.636848628521,-0.741938531399,-0.780489683151,-0.794449925423,-0.772987604141,-0.735389709473],"min":[-0.975313127041,-0.968671262264,-0.968728125095,-0.971844255924,-0.964219927788,-0.962945878506],"var":[0.00437066797167,0.00454739481211,0.00363645120524,0.0022709723562,0.00163791130763,0.00150728248991]},"spectral_contrast_valleys":{"dmean":[0.357674062252,0.362526357174,0.295683473349,0.237479329109,0.225562959909,0.308356821537],"dmean2":[0.587596833706,0.591989278793,0.479458749294,0.372885555029,0.350317120552,0.406290888786],"dvar":[0.113024167717,0.12099634856,0.0821170955896,0.0616503693163,0.0780258402228,0.194380402565],"dvar2":[0.26374527812,0.27930650115,0.173159494996,0.116837739944,0.14855119586,0.365832179785],"max":[-5.01661062241,-4.98893165588,-5.44235658646,-5.61890411377,-5.19207668304,-7.93151378632],"mean":[-7.01604557037,-7.16724681854,-7.25983810425,-7.21949481964,-7.07802629471,-10.4373188019],"median":[-6.79023838043,-6.96232557297,-7.01987123489,-6.94586277008,-6.80840301514,-10.2048931122],"min":[-27.7638664246,-27.6124095917,-27.6266841888,-27.4642543793,-27.4419021606,-27.2917671204],"var":[1.7506326437,1.7363140583,1.69163048267,1.64339661598,1.66367912292,2.09760117531]},"spectral_decrease":{"dmean":2.21361551311e-9,"dmean2":3.35307848154e-9,"dvar":1.16090638253e-17,"dvar2":2.48543421875e-17,"max":5.97143607054e-29,"mean":-7.21436821394e-9,"median":-6.26578255947e-9,"min":-5.96947486997e-8,"var":2.75769989019e-17},"spectral_energy":{"dmean":0.00874568335712,"dmean2":0.0131797380745,"dvar":0.000174649409018,"dvar2":0.000372237002011,"max":0.230192899704,"mean":0.0294838827103,"median":0.0258971024305,"min":1.04574386393e-20,"var":0.000432627071859},"spectral_energyband_high":{"dmean":0.000431043474237,"dmean2":0.000632702780422,"dvar":7.40531561405e-7,"dvar2":0.00000167108112237,"max":0.010073791258,"mean":0.000827356241643,"median":0.000377866032068,"min":7.50405084673e-21,"var":0.00000135893117204},"spectral_energyband_low":{"dmean":0.00610434962437,"dmean2":0.00956976879388,"dvar":0.000125616861624,"dvar2":0.000276626815321,"max":0.209374830127,"mean":0.0121426228434,"median":0.00780042167753,"min":6.44775965753e-23,"var":0.000217104839976},"spectral_energyband_middle_high":{"dmean":0.00197017705068,"dmean2":0.00297901662998,"dvar":0.00000580113965043,"dvar2":0.0000126887989609,"max":0.0443661808968,"mean":0.00810440443456,"median":0.00688871694729,"min":1.51165671649e-21,"var":0.0000354188778147},"spectral_energyband_middle_low":{"dmean":0.00396775081754,"dmean2":0.00647588679567,"dvar":0.0000385393759643,"dvar2":0.0000949995446717,"max":0.124594122171,"mean":0.0098708467558,"median":0.00841140467674,"min":2.51920849438e-22,"var":0.000060126210883},"spectral_entropy":{"dmean":0.113253369927,"dmean2":0.171323791146,"dvar":0.0164427533746,"dvar2":0.0348629467189,"max":9.81193351746,"mean":7.71426916122,"median":7.71356248856,"min":6.47892713547,"var":0.075316734612},"spectral_flux":{"dmean":0.0223028697073,"dmean2":0.0338910371065,"dvar":0.000689575565048,"dvar2":0.0014646317577,"max":0.381965279579,"mean":0.086863450706,"median":0.0804086253047,"min":6.62224095005e-11,"var":0.00217520166188},"spectral_kurtosis":{"dmean":1.75780749321,"dmean2":3.03991627693,"dvar":3.9622862339,"dvar2":12.0835819244,"max":22.6994781494,"mean":4.39822435379,"median":3.86916780472,"min":-1.23477602005,"var":5.88338947296},"spectral_rms":{"dmean":0.000707461847924,"dmean2":0.00105495599564,"dvar":7.73888302774e-7,"dvar2":0.00000155556028858,"max":0.0149859413505,"mean":0.00499800452963,"median":0.00502647645772,"min":3.19411641234e-12,"var":0.00000378482036467},"spectral_rolloff":{"dmean":419.669067383,"dmean2":687.150390625,"dvar":310869.3125,"dvar2":719443.8125,"max":18949.21875,"mean":1899.78674316,"median":2088.72070312,"min":107.666015625,"var":953087.8125},"spectral_skewness":{"dmean":0.208304420114,"dmean2":0.353084862232,"dvar":0.0424397438765,"dvar2":0.122826121747,"max":2.76330924034,"mean":1.26651740074,"median":1.23603832722,"min":-0.0597601979971,"var":0.0916726216674},"spectral_spread":{"dmean":466564.25,"dmean2":632449.1875,"dvar":488432566272,"dvar2":932052860928,"max":41340772,"mean":3649942,"median":3350053.25,"min":1496815.875,"var":2338855321600},"spectral_strongpeak":{"dmean":0.487029105425,"dmean2":0.869889855385,"dvar":1.07011473179,"dvar2":2.76109361649,"max":12.1136302948,"mean":0.697368681431,"median":0.363376051188,"min":0,"var":1.29751062393},"zerocrossingrate":{"dmean":0.00840302370489,"dmean2":0.0102024292573,"dvar":0.000093441340141,"dvar2":0.000138379866257,"max":0.5009765625,"mean":0.0656533762813,"median":0.06298828125,"min":0.00732421875,"var":0.00071853143163}},"metadata":{"audio_properties":{"analysis_sample_rate":44100,"bit_rate":0,"codec":"flac","downmix":"mix","equal_loudness":0,"length":226.42666626,"lossless":true,"md5_encoded":"2679bf0d7e1ab48ec57bc67592e05f32","replay_gain":-8.53680229187},"tags":{"album":["The Last in Line"],"albumartist":["Dio"],"albumartistsort":["Dio"],"artist":["Dio"],"artistsort":["Dio"],"date":["1984-08-29"],"discnumber":["1"],"disctotal":["1"],"file_name":"7 - Mystery.flac","musicbrainz_albumartistid":["c55193fb-f5d2-4839-a263-4c044fca1456"],"musicbrainz_albumid":["fd086ea8-cf74-4450-8e07-6a7d60f39c5a"],"musicbrainz_artistid":["c55193fb-f5d2-4839-a263-4c044fca1456"],"musicbrainz_recordingid":["e1e7d00d-7623-4b46-bbf3-e858f79dc550"],"musicbrainz_releasegroupid":["798601d4-f28e-3835-b10c-1a00ecf773b8"],"producer":["Ronnie James Dio"],"releasecountry":["US"],"releasetype":["album"],"replaygain_album_gain":["-2.59 dB"],"replaygain_album_peak":["0.97802734"],"replaygain_reference_loudness":["89.0 dB"],"replaygain_track_gain":["-3.02 dB"],"replaygain_track_peak":["0.97802734"],"title":["Mystery"],"totaldiscs":["1"],"totaltracks":["9"],"tracknumber":["7"],"tracktotal":["9"]},"version":{"essentia":"2.1-beta1","essentia_build_sha":"0a826ad6289770054bb7564d59068f1232327ff9","essentia_git_sha":"v2.1_beta1-5-gf9dded9","extractor":"music 1.0"}},"rhythm":{"beats_count":473,"beats_loudness":{"dmean":0.0165860075504,"dmean2":0.0285226330161,"dvar":0.000262886227574,"dvar2":0.000704327656422,"max":0.16082534194,"mean":0.0401333607733,"median":0.0384550467134,"min":1.46182588256e-9,"var":0.000498641631566},"beats_loudness_band_ratio":{"dmean":[0.199659243226,0.0795406550169,0.0536412373185,0.0815447047353,0.0777569636703,0.0737888142467],"dmean2":[0.357950419188,0.137168779969,0.0949685722589,0.144398465753,0.13471545279,0.139983534813],"dvar":[0.0191551949829,0.0