{"lowlevel":{"average_loudness":0.916140437126,"barkbands":{"dmean":[0.0000780465270509,0.00192124769092,0.00132701243274,0.000692114699632,0.000882230873685,0.000846194801852,0.000560638960451,0.000805339077488,0.000993452616967,0.000418045587139,0.000404968392104,0.000374476279831,0.000438925548224,0.00062893005088,0.00055402534781,0.000445944286184,0.000605148845352,0.000281461747363,0.000109800770588,0.0000732199259801,0.0000544823960809,0.0000587938775425,0.0000709238374839,0.000120213371702,0.0000256933726632,0.00000439846007794,6.53997233258e-7],"dmean2":[0.000109598717245,0.0031336301472,0.00216348725371,0.00118719355669,0.00143864320125,0.00134304119274,0.000875207944773,0.00122484541498,0.00148824020289,0.000614465039689,0.000593937700614,0.000562525470741,0.000659503682982,0.00097574305255,0.000818672764581,0.000666983774863,0.000920739897992,0.000415697460994,0.000161998148542,0.000109438842628,0.0000806039533927,0.0000899143778952,0.000103935672087,0.000170313374838,0.0000344844302163,0.00000544825888937,8.01850433163e-7],"dvar":[2.00566745434e-8,0.00000975069633569,0.00000424611971539,0.00000184527789315,0.00000182519704595,0.00000299079306387,0.00000155492762133,0.0000044263347263,0.00000645902673568,0.00000104042521798,0.00000185886767667,0.00000109770564904,0.00000139448547998,0.00000192585389414,0.00000130145724597,9.92822037915e-7,0.0000017836329107,3.5720418623e-7,4.36385043656e-8,1.62826463423e-8,8.0646467282e-9,8.70283933807e-9,1.33423148085e-8,4.04131341725e-8,1.971603103e-9,5.56036813815e-11,1.41571942971e-12],"dvar2":[4.18534575886e-8,0.0000245977844315,0.0000111514364107,0.00000517713351655,0.00000464471486339,0.00000647624256089,0.00000358829720426,0.00000965412709775,0.0000135003319883,0.00000218203490476,0.00000348595517607,0.00000232788761423,0.00000312288284476,0.00000453911252407,0.00000267886480287,0.00000202390697268,0.00000368278347196,7.69491748542e-7,8.56636717117e-8,3.35774466009e-8,1.75749725884e-8,2.07078247882e-8,2.96952524792e-8,8.77580319525e-8,4.27151869431e-9,1.05011555007e-10,2.50979857556e-12],"max":[0.00343397934921,0.0367395207286,0.0290743671358,0.0271486565471,0.0386760905385,0.0424718596041,0.0390021800995,0.0392617322505,0.0569153875113,0.0286016091704,0.068207398057,0.0380662716925,0.0234829355031,0.0300434883684,0.0202835015953,0.0345452688634,0.0472870618105,0.0179258231074,0.00651495251805,0.00277986493893,0.00164262275212,0.00152427027933,0.00181977311149,0.00351352407597,0.000912855670322,0.000229837271036,0.0000125935139295],"mean":[0.000106393061287,0.00382638745941,0.00372390006669,0.00116287823766,0.00176327163354,0.00141059374437,0.000886907451786,0.00125757709611,0.00180730316788,0.000762322742958,0.000683375634253,0.000598261016421,0.000685888691805,0.00103699974716,0.00105927011464,0.000864515837748,0.0011390511645,0.000537288549822,0.000198970374186,0.000140401592944,0.000109135682578,0.0001163402776,0.000145358135342,0.000239643239183,0.0000503993542225,0.00000859061856318,0.00000100565932826],"median":[0.0000239378005062,0.00205889344215,0.00291881407611,0.000805353280157,0.00113456859253,0.000558108906262,0.000360740610631,0.000346346991137,0.000708754407242,0.000178127374966,0.000198614376131,0.000207288976526,0.000223188704695,0.000381476886105,0.000388019747334,0.000340139173204,0.000392597314203,0.000180822433322,0.0000874801335158,0.0000581771964789,0.0000578729886911,0.0000679624718032,0.0000805718591437,0.000117449751997,0.0000225431740546,0.0000028922513593,1.40951513572e-7],"min":[4.63922910504e-12,2.43689679547e-10,8.42339045737e-12,6.62421723377e-12,8.46029572354e-13,8.92171644722e-13,1.08346784235e-12,4.53172086445e-13,1.60467570221e-12,1.37738063143e-12,2.08592778467e-12,2.26608120289e-12,2.27194998925e-12,1.98796773314e-12,1.61513369953e-12,2.50021184311e-12,4.50229870746e-12,6.26562517148e-12,4.21866057712e-12,3.93427434728e-12,5.85468132308e-12,6.68679738317e-12,9.50909836983e-12,1.19088558459e-11,1.09118894476e-11,1.11884780954e-11,9.9828201261e-10],"var":[3.75666893149e-8,0.0000182800413313,0.0000130135122163,0.00000225168582801,0.00000465986158815,0.0000075169491538,0.00000240384656536,0.00000954045390245,0.000015441692085,0.00000293502489512,0.00000391954199586,0.00000203269632948,0.00000236296477851,0.00000374508954337,0.00000344880504599,0.00000281691859527,0.00000499074667459,0.00000101072339476,1.1410953249e-7,4.30575468613e-8,1.93566513929e-8,1.88898088282e-8,3.12965546811e-8,9.69425926201e-8,4.62955673797e-9,1.56126722661e-10,3.20185089379e-12]},"barkbands_crest":{"dmean":2.13116955757,"dmean2":3.39742422104,"dvar":4.21125030518,"dvar2":10.3135251999,"max":25.5548839569,"mean":8.70465183258,"median":8.0326166153,"min":2.25014519691,"var":11.5345430374},"barkbands_flatness_db":{"dmean":0.0170787777752,"dmean2":0.024015950039,"dvar":0.000265311071416,"dvar2":0.000506817479618,"max":0.340479880571,"mean":0.118851430714,"median":0.113281458616,"min":0.0299734845757,"var":0.0017791534774},"barkbands_kurtosis":{"dmean":1.55553686619,"dmean2":2.35697007179,"dvar":8.87432765961,"dvar2":19.1348514557,"max":101.055397034,"mean":1.58923697472,"median":0.176358222961,"min":-1.95772731304,"var":22.9921321869},"barkbands_skewness":{"dmean":0.446578621864,"dmean2":0.647995769978,"dvar":0.205992460251,"dvar2":0.413306474686,"max":9.1568365097,"mean":0.960392594337,"median":0.888282001019,"min":-5.33805561066,"var":1.16958105564},"barkbands_spread":{"dmean":5.41359519958,"dmean2":8.01881694794,"dvar":33.4295883179,"dvar2":73.1052474976,"max":150.039871216,"mean":29.5336036682,"median":26.9115581512,"min":1.60893023014,"var":385.282989502},"dissonance":{"dmean":0.015614814125,"dmean2":0.0260844696313,"dvar":0.000252512341831,"dvar2":0.000672649766784,"max":0.500000119209,"mean":0.470112502575,"median":0.476116329432,"min":0.296207398176,"var":0.000572862685658},"dynamic_complexity":4.2964849472,"erbbands":{"dmean":[0.0499405786395,0.473464548588,1.43054485321,1.95364224911,2.22395277023,3.39243030548,5.82713508606,7.25094556808,6.52146530151,12.6959848404,18.7482013702,22.6535243988,15.9432897568,13.4578151703,16.4024009705,14.2741746902,18.2510719299,27.8630371094,29.3059997559,24.5983753204,26.5676040649,31.0477695465,16.5692615509,6.70949172974,5.28020477295,3.21766257286,2.65780854225,1.73682904243,1.46196711063,2.66995859146,2.26793336868,3.46409034729,1.26209568977,0.405014842749,0.103873834014,0.027329320088,0.00679551111534,0.00126906554215,0.000113686997793,0.0000103199945443],"dmean2":[0.0801548585296,0.779375612736,2.32310581207,3.33269715309,3.64098763466,5.62109184265,9.13635444641,11.5766983032,10.4908618927,19.3613681793,27.7215576172,33.5545959473,23.5514431,19.2336559296,23.9428844452,21.0256652832,26.8791618347,42.7212104797,44.3317604065,36.0219688416,38.8858833313,46.9029350281,24.33710289,9.58041858673,7.7371172905,4.71314620972,4.00049448013,2.56817507744,2.1778819561,4.12190723419,3.29306912422,5.09250354767,1.73792994022,0.544960260391,0.137144044042,0.0352255478501,0.00846636667848,0.00154053175356,0.000136919683428,0.0000127004159367],"dvar":[0.00817088782787,0.617056846619,4.96528577805,12.7929649353,14.9117946625,33.4453811646,140.98298645,279.87008667,325.027740479,788.029418945,2538.67236328,4046.23974609,1656.87792969,1127.54333496,2887.06494141,1642.26831055,2451.80297852,4121.53222656,3642.29052734,3227.51611328,3922.74633789,4144.85205078,1153.12133789,173.121139526,79.8876724243,33.5552825928,19.3134822845,9.79051113129,7.02744245529,17.6227455139,14.1281614304,34.8034210205,4.49391174316,0.483835667372,0.0359293222427,0.00227978639305,0.000128753919853,0.00000493403558721,4.03011206629e-8,1.58899449154e-10],"dvar2":[0.0203617829829,1.584425807,12.5835485458,36.1350479126,38.2813339233,87.6621780396,308.999481201,603.988647461,800.910949707,1740.79846191,5421.69970703,8059.47949219,3911.29589844,2232.13012695,5860.84082031,3567.22338867,5380.67919922,9346.72363281,8330.43164062,6641.08740234,7747.43115234,8743.26855469,2625.58691406,329.239257812,167.288818359,68.3773727417,42.9464416504,22.2007694244,15.7349119186,42.6311073303,31.4202632904,79.2682647705,9.49213027954,1.04123795033,0.0753889903426,0.00451085157692,0.000239451401285,0.0000087756816356,7.0548480835e-8,2.59346016884e-10],"max":[1.8383089304,7.45797157288,28.877248764,53.8086738586,64.8812103271,93.5545425415,376.371459961,480.552032471,620.536193848,767.014404297,1087.23510742,1807.90563965,1189.25170898,868.164855957,2489.20922852,1299.64147949,1217.87084961,1683.29296875,1056.14355469,1295.42102051,2370.83789062,1907.14123535,1182.53308105,362.228240967,195.057296753,151.254241943,85.9523849487,71.9130706787,55.4448318481,76.3878631592,66.008102417,86.4381561279,43.2239990234,12.5430326462,5.7320766449,1.65197396278,0.219528481364,0.0259767379612,0.00220884685405,0.000166671510669],"mean":[0.0703557580709,1.00572872162,4.08469867706,4.24064874649,4.81874370575,5.46968507767,10.1054210663,11.5776081085,9.89021492004,20.4831733704,31.6695251465,40.2670669556,29.21068573,26.5311870575,28.7713775635,24.2191295624,31.4100093842,49.540184021,58.3540077209,50.1592903137,54.4780349731,63.950428009,34.8119163513,13.3885860443,10.2333030701,6.38404083252,5.11758470535,3.52271056175,2.98620963097,5.39920520782,4.60692930222,6.49060487747,2.57332420349,0.807520806789,0.207330420613,0.0552929602563,0.0129284821451,0.00212438916788,0.000190523787751,0.0000378386757802],"median":[0.0410695932806,0.526922285557,3.19478845596,2.88138413429,2.11583709717,3.35458445549,4.09298276901,4.29943037033,4.35525178909,8.08969783783,9.03873157501,16.3119888306,9.58400344849,9.35715007782,11.4763736725,8.93611812592,12.2029628754,19.9718322754,21.4570407867,21.0032730103,21.6712970734,24.7720870972,13.3801670074,5.28487539291,5.01419639587,2.65818738937,2.79868960381,1.88609611988,1.64850926399,3.27848625183,2.46198630333,3.12030100822,1.27331733704,0.379164606333,0.0885385870934,0.0219079013914,0.00386808463372,0.000397254538257,0.0000449157378171,0.0000323994390783],"min":[8.95843221826e-9,4.61502907001e-8,2.70189346452e-8,5.37628395136e-8,4.13021865597e-8,7.10011249794e-9,6.9287202642e-9,7.35984961864e-9,1.97036449379e-8,1.58140771589e-8,1.5716802082e-8,4.28467643587e-8,4.60675799729e-8,4.60636719879e-8,1.18431152885e-7,1.29201367827e-7,1.33829260562e-7,1.57395774636e-7,1.73167933326e-7,2.08832943827e-7,1.42982045759e-7,2.78916502339e-7,3.62428295375e-7,2.04701649409e-7,1.8272403679e-7,1.87812446484e-7,1.7909049177e-7,2.87617780259e-7,2.46049665975e-7,3.47930694033e-7,1.8686202452e-7,1.79807329914e-7,2.46926759928e-7,1.31870066866e-7,6.7550438132e-8,3.61588057274e-8,2.56689496325e-8,3.94930346204e-8,5.90372195575e-8,2.44368472124e-8],"var":[0.0103334048763,1.25825226307,16.4348316193,18.1804981232,33.9324760437,55.8202362061,438.404388428,657.359863281,391.368041992,1437.45544434,5904.77099609,9325.41992188,3651.31640625,3187.66455078,5489.96142578,2984.64160156,4151.03173828,8598.71679688,9896.80371094,8337.67871094,11950.5185547,12528.4755859,3455.87573242,545.704284668,210.262207031,91.2681121826,42.006565094,22.2464847565,14.6846647263,39.8038597107,32.7634544373,74.7365112305,11.1548852921,1.13791906834,0.0850973427296,0.00601949356496,0.000367398024537,0.00001243051247,9.5664319133e-8,7.2163741649e-10]},"erbbands_crest":{"dmean":2.67896842957,"dmean2":4.24288845062,"dvar":6.94721984863,"dvar2":15.800532341,"max":33.2530059814,"mean":9.42225265503,"median":8.42299175262,"min":2.20583176613,"var":21.4001464844},"erbbands_flatness_db":{"dmean":0.0176514554769,"dmean2":0.0235614441335,"dvar":0.00030968466308,"dvar2":0.000489107333124,"max":0.391681790352,"mean":0.161897346377,"median":0.154832974076,"min":0.0264091677964,"var":0.00306072901003},"erbbands_kurtosis":{"dmean":0.998402774334,"dmean2":1.52141869068,"dvar":2.3409845829,"dvar2":5.08981513977,"max":42.4803619385,"mean":0.976236462593,"median":0.286779642105,"min":-1.70369422436,"var":6.60261297226},"erbbands_skewness":{"dmean":0.353860348463,"dmean2":0.517417788506,"dvar":0.117831714451,"dvar2":0.246035218239,"max":3.89456057549,"mean":-0.075866997242,"median":-0.024393312633,"min":-4.2608962059,"var":0.738775253296},"erbbands_spread":{"dmean":7.55249547958,"dmean2":10.8183841705,"dvar":67.2447814941,"dvar2":129.650650024,"max":124.53792572,"mean":35.2913017273,"median":31.1813163757,"min":1.81634867191,"var":348.082611084},"gfcc":{"cov":[[20705.8066406,1550.42431641,-866.849243164,966.157226562,-917.298339844,1000.38513184,-806.784423828,456.950042725,-18.8522262573,234.306991577,-208.582901001,-3.62626385689,-247.116790771],[1550.42431641,1103.16064453,-366.554534912,-10.9866409302,9.98993396759,-104.887290955,-5.76603364944,-28.1735019684,31.1814422607,-111.317932129,28.0360641479,-53.4210090637,22.5319900513],[-866.849243164,-366.554534912,1038.93151855,269.429901123,-41.6584434509,227.928756714,60.1684112549,-5.19197654724,12.0261077881,111.409080505,-7.41437959671,22.9734554291,-30.9300193787],[966.157226562,-10.9866409302,269.429901123,371.929138184,67.1789016724,160.463088989,-49.8192901611,15.8857498169,37.0582923889,42.9814567566,-36.5519447327,-10.2902193069,-6.67970991135],[-917.298339844,9.98993396759,-41.6584434509,67.1789016724,358.000366211,7.2526473999,34.3853912354,-31.1954193115,60.8288574219,-22.3387489319,-8.9333190918,-4.88360023499,36.7650108337],[1000.38513184,-104.887290955,227.928756714,160.463088989,7.2526473999,341.227142334,21.0421218872,25.6391811371,17.1244907379,53.5561523438,-35.9680290222,-11.0248737335,-24.7810840607],[-806.784423828,-5.76603364944,60.1684112549,-49.8192901611,34.3853912354,21.0421218872,233.974578857,24.1047821045,-28.7648792267,-27.0119476318,36.4213981628,5.20878362656,9.64787864685],[456.950042725,-28.1735019684,-5.19197654724,15.8857498169,-31.1954193115,25.6391811371,24.1047821045,110.445716858,27.9801654816,-1.69187402725,-4.8958530426,-2.2502219677,-17.8239250183],[-18.8522262573,31.1814422607,12.0261077881,37.0582923889,60.8288574219,17.1244907379,-28.7648792267,27.9801654816,118.60534668,31.160402298,-16.3426780701,-12.2754459381,6.87180376053],[234.306991577,-111.317932129,111.409080505,42.9814567566,-22.3387489319,53.5561523438,-27.0119476318,-1.69187402725,31.160402298,100.746040344,11.437502861,-0.817639291286,-13.9997758865],[-208.582901001,28.0360641479,-7.41437959671,-36.5519447327,-8.9333190918,-35.9680290222,36.4213981628,-4.8958530426,-16.3426780701,11.437502861,86.1968841553,31.8552818298,2.0084900856],[-3.62626385689,-53.4210090637,22.9734554291,-10.2902193069,-4.88360023499,-11.0248737335,5.20878362656,-2.2502219677,-12.2754459381,-0.817639291286,31.8552818298,78.4131088257,26.3506393433],[-247.116790771,22.5319900513,-30.9300193787,-6.67970991135,36.7650108337,-24.7810840607,9.64787864685,-17.8239250183,6.87180376053,-13.9997758865,2.0084900856,26.3506393433,66.3716125488]],"icov":[[0.000277176062809,-0.000561597757041,0.000495642598253,-0.000609909533523,0.000471196923172,-0.000775204214733,0.000671192945447,-0.00117116759066,0.000911406765226,-0.00118118105456,0.000732103828341,-0.00108640093822,0.000495366810355],[-0.000561597757041,0.00257097906433,-0.00053748494247,0.000561245891731,-0.00033893896034,0.00153295625933,-0.00147470785305,0.00335083785467,-0.0032309924718,0.00446539605036,-0.0030859305989,0.00358953885734,-0.00133873440791],[0.000495642598253,-0.00053748494247,0.00259653455578,-0.00237149046734,0.00147272646427,-0.00166278821416,0.000149327504914,-0.000973554851953,0.000969298067503,-0.00262616062537,0.00137651071418,-0.00256877066568,0.00160333595704],[-0.000609909533523,0.000561245891731,-0.00237149046734,0.00624031061307,-0.00253014313057,0.000263342692051,0.000308434129693,0.000801411748398,-0.000944500148762,0.00153515092097,-0.000727796577848,0.00252805347554,-0.00182831624988],[0.000471196923172,-0.00033893896034,0.00147272646427,-0.00253014313057,0.00513670826331,-0.00137787312269,-0.000256584811723,0.000730010389816,-0.00202591787092,0.000353577488568,0.000460074370494,-0.00129512441345,-0.0000407656552852],[-0.000775204214733,0.00153295625933,-0.00166278821416,0.000263342692051,-0.00137787312269,0.00667518237606,-0.00304801599123,0.00280668702908,-0.00213978649117,0.00122925557662,0.000277191575151,0.00227621919475,-0.000133969733724],[0.000671192945447,-0.00147470785305,0.000149327504914,0.000308434129693,-0.000256584811723,-0.00304801599123,0.00820811185986,-0.00574035430327,0.00439149467275,-0.00114461267367,-0.00168924697209,-0.000393559021177,-0.00111907243263],[-0.00117116759066,0.00335083785467,-0.000973554851953,0.000801411748398,0.000730010389816,0.00280668702908,-0.00574035430327,0.018414337188,-0.0102222524583,0.00846725329757,-0.00315998750739,0.00296244677156,0.00231584277935],[0.000911406765226,-0.0032309924718,0.000969298067503,-0.000944500148762,-0.00202591787092,-0.00213978649117,0.00439149467275,-0.0102222524583,0.0178961437196,-0.0110289147124,0.00521106366068,-0.00248383497819,-0.00156412401702],[-0.00118118105456,0.00446539605036,-0.00262616062537,0.00153515092097,0.000353577488568,0.00122925557662,-0.00114461267367,0.00846725329757,-0.0110289147124,0.0236510634422,-0.0103394798934,0.00746104866266,-0.000798376335297],[0.000732103828341,-0.0030859305989,0.00137651071418,-0.000727796577848,0.000460074370494,0.000277191575151,-0.00168924697209,-0.00315998750739,0.00521106366068,-0.0103394798934,0.021663935855,-0.0122805628926,0.00508680054918],[-0.00108640093822,0.00358953885734,-0.00256877066568,0.00252805347554,-0.00129512441345,0.00227621919475,-0.000393559021177,0.00296244677156,-0.00248383497819,0.00746104866266,-0.0122805628926,0.0251483973116,-0.0115679036826],[0.000495366810355,-0.00133873440791,0.00160333595704,-0.00182831624988,-0.0000407656552852,-0.000133969733724,-0.00111907243263,0.00231584277935,-0.00156412401702,-0.000798376335297,0.00508680054918,-0.0115679036826,0.0231180991977]],"mean":[-14.4216270447,89.3179244995,-129.201919556,35.3675193787,-54.9982681274,25.5203800201,-44.7502822876,11.0032444,-10.7428836823,-8.24582672119,-13.2070512772,-7.03250551224,-10.331363678]},"hfc":{"dmean":6.14423704147,"dmean2":7.9250125885,"dvar":51.844493866,"dvar2":88.8069915771,"max":117.420799255,"mean":23.0531349182,"median":18.594587326,"min":0.0000410947614,"var":318.641601562},"melbands":{"dmean":[0.000470893079182,0.000678490963764,0.000326094595948,0.000183984273463,0.00018810070469,0.000159543182235,0.000100046381704,0.000144732432091,0.000157234811923,0.000143682947964,0.0000810897618067,0.0000566910166526,0.0000602515792707,0.0000430563814007,0.0000380986311939,0.0000462866701127,0.000056076401961,0.0000521799811395,0.0000385561688745,0.0000281649954559,0.0000362483224308,0.0000373804650735,0.000023843767849,0.0000116968494694,0.00000525137647855,0.00000435333686255,0.00000355516158379,0.00000205097558137,0.00000168567942183,0.00000142936289649,9.61217438089e-7,8.02739748451e-7,0.00000134471349611,0.00000151619087774,0.00000137198105676,0.00000170627288298,0.00000219165417548,0.00000104047933291,5.54072641989e-7,2.62268230244e-7],"dmean2":[0.000765849894378,0.00109662709292,0.000548431358766,0.000302921311231,0.00029661814915,0.000253748206887,0.000159877861734,0.000218666624278,0.000233271945035,0.000212895945879,0.000120747208712,0.0000820359127829,0.0000877536804182,0.0000641826263745,0.0000581740532652,0.0000695387934684,0.0000869284995133,0.0000801331334515,0.0000565140398976,0.0000417804840254,0.000054024731071,0.0000569979929423,0.0000356824239134,0.0000169742288563,0.00000773772535467,0.00000646917260383,0.00000537346795682,0.0000030985822832,0.00000257272154158,0.00000214850342672,0.00000146761203723,0.00000122260291846,0.00000209886866287,0.00000235513880398,0.00000208543792724,0.0000025256756544,0.00000322492769556,0.00000150602602389,7.75506066475e-7,3.64768169447e-7],"dvar":[6.24187862286e-7,0.00000111704866868,3.28088844981e-7,8.6115932163e-8,1.23061752788e-7,1.22987728446e-7,6.49784652751e-8,1.0407315898e-7,1.70344591766e-7,1.6249499879e-7,4.33070930228e-8,2.03346637306e-8,4.35138822752e-8,1.49844474606e-8,1.54743737824e-8,1.34156188381e-8,1.69968590313e-8,1.27907249237e-8,6.76090072815e-9,4.00915345367e-9,7.55655626961e-9,7.67951124914e-9,2.43245334985e-9,6.98655910902e-10,1.23800719676e-10,6.60436913491e-11,3.91000183619e-11,1.51746150368e-11,8.25918933939e-12,5.54981754997e-12,3.42456987247e-12,2.36862265912e-12,4.48331432742e-12,5.77466199858e-12,5.39925135851e-12,8.29218291254e-12,1.39280852476e-11,3.27189620883e-12,9.02645850859e-13,2.15776330722e-13],"dvar2":[0.00000155396958235,0.00000278963671008,9.11723077479e-7,2.21766612185e-7,2.76144987765e-7,2.6632849881e-7,1.5795765762e-7,2.29488293257e-7,3.63110160606e-7,3.29989006786e-7,1.02084698028e-7,4.10503062653e-8,8.29927984114e-8,3.11300958344e-8,3.47615838336e-8,2.91468627012e-8,3.89337415641e-8,3.00969844602e-8,1.35877975538e-8,8.08607580893e-9,1.50414223299e-8,1.5911572504e-8,5.31637844858e-9,1.52500800876e-9,2.44671033434e-10,1.3915250896e-10,8.35574803792e-11,3.24245803818e-11,1.87272072849e-11,1.25923299565e-11,8.17510208834e-12,5.4509617306e-12,1.09766206541e-11,1.4145635184e-11,1.25646064733e-11,1.90073842082e-11,3.18663949395e-11,7.26283096164e-12,1.97184781524e-12,4.75042477143e-13],"max":[0.0128816245124,0.0117399366572,0.0101819522679,0.00389440986328,0.0122066121548,0.00967422500253,0.00875569880009,0.00874586030841,0.00880196597427,0.0108298929408,0.00586023321375,0.00326958647929,0.0110466387123,0.00474448595196,0.00308162067086,0.00240335031413,0.00333120930009,0.00204186304472,0.00157417810988,0.0014083449496,0.00289349793456,0.00301806465723,0.0015945811756,0.000694360642228,0.000345294363797,0.00018153549172,0.000169441307662,0.0000916481367312,0.0000602778673056,0.0000556513878109,0.0000490601596539,0.0000351260969182,0.0000321541156154,0.0000416012517235,0.0000379634911951,0.0000402406876674,0.0000590995005041,0.0000340890546795,0.0000171657356987,0.0000117291283459],"mean":[0.000833325553685,0.00193725107238,0.000789463636465,0.000345549546182,0.000340898928698,0.000260143191554,0.000155605011969,0.000232651436818,0.000262867106358,0.000253822625382,0.000143326804391,0.000107533021946,0.000103267964732,0.0000700588570908,0.0000580797495786,0.0000772782877903,0.0000919061567402,0.0000947462831391,0.0000732433545636,0.0000545437542314,0.0000673152317177,0.0000703349505784,0.0000451172563771,0.0000221701229748,0.00000926435131987,0.00000769146936364,0.00000656470410831,0.00000361099546353,0.00000302067428493,0.00000278887046079,0.00000180883944267,0.00000146847992255,0.0000024991884402,0.00000301506361211,0.00000254902784036,0.00000316695172842,0.00000406648086937,0.00000198555153474,0.00000108102540253,5.03531623508e-7],"median":[0.000556137296371,0.00160780886654,0.000759807939176,0.000213843173697,0.000155262183398,0.000100058292446,0.000073215305747,0.0000895217381185,0.0000776523520472,0.0000970877954387,0.0000437122143921,0.0000335782133334,0.0000331499213644,0.0000235530005739,0.0000216715179704,0.0000256759376498,0.0000352153001586,0.0000312185038638,0.0000281347092823,0.0000213955463551,0.0000220117035497,0.000023160042474,0.0000163849126693,0.00000676470517647,0.00000336667653755,0.00000342804787579,0.00000287865464088,0.00000130588125558,0.00000152737891312,0.00000148367507791,9.33813112169e-7,7.38330925287e-7,0.00000146337026763,0.00000181440816505,0.00000129145450956,0.00000163313518442,0.00000190787204701,9.51962306317e-7,5.15528029155e-7,2.34830352497e-7],"min":[7.52082493505e-11,4.09124782663e-11,1.03754869279e-11,1.01656974939e-12,2.73578631537e-13,1.87329589774e-13,2.63912481278e-13,1.47292781813e-13,1.44940618752e-13,2.4470947187e-13,1.87604950021e-13,1.80811176578e-13,3.03670202048e-13,2.97540394016e-13,2.50396302e-13,2.5661195174e-13,2.46195127002e-13,2.30498047949e-13,1.33011968952e-13,2.38390416348e-13,1.38296668496e-13,2.53974792586e-13,3.27736942403e-13,2.24280460198e-13,1.41155777388e-13,1.44582235724e-13,1.15812077268e-13,1.35927009123e-13,8.51970539473e-14,1.86826845227e-13,1.52424839243e-13,1.54296944687e-13,1.16427063845e-13,1.80127560003e-13,8.89484205692e-14,1.1544506128e-13,9.53416355197e-14,1.78918159585e-13,1.2356969289e-13,1.11646694494e-13],"var":[9.27280837004e-7,0.00000336339667228,4.78429342365e-7,1.48676662093e-7,4.1194036271e-7,2.91501180527e-7,8.19527556928e-8,1.98171946408e-7,3.919415974e-7,3.65892191212e-7,9.42209013033e-8,5.70175622272e-8,8.76843202491e-8,3.01417024673e-8,2.32594778993e-8,2.6767448702e-8,3.25719717864e-8,3.1145177104e-8,1.73708105677e-8,1.08547615341e-8,2.24341860644e-8,2.18996145662e-8,6.43367226161e-9,2.06237160683e-9,3.30463600928e-10,1.53420942617e-10,9.51584505637e-11,3.60667710975e-11,1.66208193042e-11,1.30495041856e-11,6.46608808164e-12,4.37807472567e-12,9.02850016971e-12,1.27340941611e-11,1.09061579212e-11,1.70484269063e-11,2.99891986244e-11,7.12165656308e-12,2.04275854045e-12,4.63904414015e-13]},"melbands_crest":{"dmean":2.82412099838,"dmean2":4.48183965683,"dvar":7.38276290894,"dvar2":18.0298194885,"max":33.0556221008,"mean":13.6646080017,"median":13.0328893661,"min":3.2869977951,"var":28.8557453156},"melbands_flatness_db":{"dmean":0.0212131887674,"dmean2":0.0305990222842,"dvar":0.000421536882641,"dvar2":0.000879980972968,"max":0.462358862162,"mean":0.172843024135,"median":0.168670043349,"min":0.0334623493254,"var":0.00244681350887},"melbands_kurtosis":{"dmean":4.72258329391,"dmean2":7.13344144821,"dvar":80.9110336304,"dvar2":175.023223877,"max":319.706390381,"mean":9.01586151123,"median":4.08813810349,"min":-1.84841215611,"var":232.794281006},"melbands_skewness":{"dmean":0.627594053745,"dmean2":0.914488255978,"dvar":0.447251915932,"dvar2":0.887995243073,"max":13.3519020081,"mean":2.17168974876,"median":1.87642419338,"min":-3.26910924911,"var":2.53776097298},"melbands_spread":{"dmean":7.67788982391,"dmean2":11.5234565735,"dvar":78.6801223755,"dvar2":179.794570923,"max":169.185806274,"mean":31.401227951,"median":28.3764629364,"min":1.35487377644,"var":302.036346436},"mfcc":{"cov":[[11603.2460938,873.169677734,509.811126709,147.554168701,464.03012085,402.801757812,17.0399513245,297.001434326,102.977516174,383.470397949,77.7310028076,226.215957642,-17.2296123505],[873.169677734,1054.76867676,-278.362731934,57.21641922,-12.660692215,-58.1048774719,-18.4750976562,80.016960144,-11.5065717697,-18.9447021484,22.5016479492,-23.7342453003,-11.415728569],[509.811126709,-278.362731934,971.850891113,76.6934585571,35.9864768982,182.19480896,50.7710266113,-5.61265945435,17.8016529083,78.6569671631,-5.36367368698,71.0117797852,46.3105735779],[147.554168701,57.21641922,76.6934585571,248.112075806,100.659172058,32.9663352966,0.413972586393,6.57794618607,21.5011825562,4.95679330826,-4.80868864059,-4.85246801376,15.1872797012],[464.03012085,-12.660692215,35.9864768982,100.659172058,309.662811279,137.178833008,-57.2728729248,-4.29973316193,58.0147705078,47.0502204895,-16.4895248413,27.8168907166,7.29164028168],[402.801757812,-58.1048774719,182.19480896,32.9663352966,137.178833008,255.695281982,52.2737579346,7.86492395401,53.6528663635,48.9711990356,-9.67244148254,24.020111084,9.77676773071],[17.0399513245,-18.4750976562,50.7710266113,0.413972586393,-57.2728729248,52.2737579346,167.456802368,60.2296562195,-10.732424736,0.851887583733,9.58389663696,-8.32492733002,-13.2713518143],[297.001434326,80.016960144,-5.61265945435,6.57794618607,-4.29973316193,7.86492395401,60.2296562195,120.538787842,34.1046333313,0.287329733372,6.32639074326,3.54338932037,-4.56973075867],[102.977516174,-11.5065717697,17.8016529083,21.5011825562,58.0147705078,53.6528663635,-10.732424736,34.1046333313,108.96925354,45.2715873718,-14.092294693,6.28109836578,5.68011331558],[383.470397949,-18.9447021484,78.6569671631,4.95679330826,47.0502204895,48.9711990356,0.851887583733,0.287329733372,45.2715873718,106.310287476,26.9985218048,9.79931735992,-3.95486664772],[77.7310028076,22.5016479492,-5.36367368698,-4.80868864059,-16.4895248413,-9.67244148254,9.58389663696,6.32639074326,-14.092294693,26.9985218048,79.7318878174,24.7293682098,-10.0664596558],[226.215957642,-23.7342453003,71.0117797852,-4.85246801376,27.8168907166,24.020111084,-8.32492733002,3.54338932037,6.28109836578,9.79931735992,24.7293682098,77.8652191162,26.5398578644],[-17.2296123505,-11.415728569,46.3105735779,15.1872797012,7.29164028168,9.77676773071,-13.2713518143,-4.56973075867,5.68011331558,-3.95486664772,-10.0664596558,26.5398578644,69.6656036377]],"icov":[[0.000139459836646,-0.000105638930108,-0.00000784644180385,-0.000058688561694,-0.0000155073194037,-0.000171902458533,0.000211384744034,-0.000497669854667,0.000483764335513,-0.000675301416777,0.000371339556295,-0.000479417445604,0.000227079595788],[-0.000105638930108,0.0012627892429,0.000399322219891,-0.000469265301945,0.000361274433089,-0.000223954804824,0.000612918869592,-0.000931691029109,0.000410695123719,0.00013712910004,-0.000351191527443,0.000472042098409,-0.000189363665413],[-0.00000784644180385,0.000399322219891,0.00162709725555,-0.000873929820955,0.000991119304672,-0.00130555662327,0.000440753443399,-0.000582216773182,0.00120197504293,-0.00158339878544,0.00118474301416,-0.00149446900468,-0.000149716521264],[-0.000058688561694,-0.000469265301945,-0.000873929820955,0.00564403785393,-0.00289524905384,0.00149959232658,-0.00175047840457,0.00126888300292,-0.00191395170987,0.00210753292777,-0.00195855554193,0.00266959238797,-0.00192284607328],[-0.0000155073194037,0.000361274433089,0.000991119304672,-0.00289524905384,0.00734179234132,-0.00445106672123,0.00428070407361,-0.00191634998191,0.00124602764845,-0.00257334276102,0.00262473989278,-0.00285540311597,0.00179305940401],[-0.000171902458533,-0.000223954804824,-0.00130555662327,0.00149959232658,-0.00445106672123,0.00886227283627,-0.00548926275223,0.00360706006177,-0.0042158709839,0.00128661608323,-0.00073130778037,0.00058423250448,-0.0010366612114],[0.000211384744034,0.000612918869592,0.000440753443399,-0.00175047840457,0.00428070407361,-0.00548926275223,0.0124188782647,-0.00806188490242,0.0055958032608,-0.00293775252067,0.00123230309691,-0.000251965393545,0.0020516559016],[-0.000497669854667,-0.000931691029109,-0.000582216773182,0.00126888300292,-0.00191634998191,0.00360706006177,-0.00806188490242,0.0165940392762,-0.00957032479346,0.00609451252967,-0.0037439649459,0.00118861091323,-0.000785797717981],[0.000483764335513,0.000410695123719,0.00120197504293,-0.00191395170987,0.00124602764845,-0.0042158709839,0.0055958032608,-0.00957032479346,0.0196321494877,-0.0110382866114,0.00763482227921,-0.00354283978231,0.00093020661734],[-0.000675301416777,0.00013712910004,-0.00158339878544,0.00210753292777,-0.00257334276102,0.00128661608323,-0.00293775252067,0.00609451252967,-0.0110382866114,0.0203208960593,-0.0106040565297,0.00563636608422,-0.00124840054195],[0.000371339556295,-0.000351191527443,0.00118474301416,-0.00195855554193,0.00262473989278,-0.00073130778037,0.00123230309691,-0.0037439649459,0.00763482227921,-0.0106040565297,0.0218821074814,-0.0109360991046,0.00559441186488],[-0.000479417445604,0.000472042098409,-0.00149446900468,0.00266959238797,-0.00285540311597,0.00058423250448,-0.000251965393545,0.00118861091323,-0.00354283978231,0.00563636608422,-0.0109360991046,0.0227982588112,-0.00903953704983],[0.000227079595788,-0.000189363665413,-0.000149716521264,-0.00192284607328,0.00179305940401,-0.0010366612114,0.0020516559016,-0.000785797717981,0.00093020661734,-0.00124840054195,0.00559441186488,-0.00903953704983,0.0193006042391]],"mean":[-640.91986084,109.598731995,-4.7380566597,9.58605289459,16.599899292,5.78017187119,-8.51546001434,11.1278085709,0.231060698628,8.3502664566,-3.4185500145,3.40378451347,-5.40613985062]},"pitch_salience":{"dmean":0.0644158124924,"dmean2":0.103195652366,"dvar":0.00341708306223,"dvar2":0.00867392588407,"max":0.873035132885,"mean":0.54162722826,"median":0.536509692669,"min":0.131942942739,"var":0.00928811915219},"silence_rate_20dB":{"dmean":0,"dmean2":0,"dvar":0,"dvar2":0,"max":1,"mean":1,"median":1,"min":1,"var":0},"silence_rate_30dB":{"dmean":0,"dmean2":0,"dvar":0,"dvar2":0,"max":1,"mean":1,"median":1,"min":1,"var":0},"silence_rate_60dB":{"dmean":0.0106780566275,"dmean2":0.0213589649647,"dvar":0.0105644408613,"dvar2":0.0243748910725,"max":1,"mean":0.0756706222892,"median":0,"min":0,"var":0.0699454545975},"spectral_centroid":{"dmean":214.742004395,"dmean2":312.17276001,"dvar":56262.8007812,"dvar2":111697.890625,"max":11401.0371094,"mean":1508.65075684,"median":1506.89135742,"min":227.728118896,"var":295281.21875},"spectral_complexity":{"dmean":3.67939138412,"dmean2":5.3295955658,"dvar":13.9251737595,"dvar2":26.3201236725,"max":54,"mean":19.452955246,"median":19,"min":0,"var":81.0273513794},"spectral_contrast_coeffs":{"dmean":[0.044972717762,0.0471489876509,0.0389913916588,0.0326031185687,0.0264449995011,0.01358652208],"dmean2":[0.0736947134137,0.0766215473413,0.060546554625,0.0511470846832,0.0399107821286,0.0217004604638],"dvar":[0.00138031877577,0.00147156743333,0.00103788997512,0.000759722024668,0.000530432618689,0.000149689731188],"dvar2":[0.00367529760115,0.00374674797058,0.00242343102582,0.00172541325446,0.00111029716209,0.000359822355676],"max":[-0.350629031658,-0.390105068684,-0.442404031754,-0.534155189991,-0.577243566513,-0.662186324596],"mean":[-0.648318886757,-0.74365311861,-0.749956667423,-0.767497241497,-0.762275457382,-0.786445260048],"median":[-0.64826977253,-0.749230623245,-0.752860248089,-0.772527396679,-0.766107201576,-0.787150204182],"min":[-0.956898927689,-0.978431463242,-0.9634308815,-0.953514397144,-0.963139176369,-0.96169090271],"var":[0.00501160789281,0.00543410470709,0.00509263854474,0.0040205931291,0.00328402291052,0.000979357399046]},"spectral_contrast_valleys":{"dmean":[0.400718688965,0.385157495737,0.333146870136,0.288557440042,0.270811617374,0.252383440733],"dmean2":[0.638040304184,0.618011295795,0.518789887428,0.43831974268,0.371271520853,0.296090811491],"dvar":[0.134343490005,0.12249905616,0.0959370806813,0.0878884792328,0.0878058224916,0.0901140496135],"dvar2":[0.289261519909,0.268392950296,0.193553268909,0.155212894082,0.141448646784,0.134418293834],"max":[-5.62459182739,-4.83436107635,-5.43302249908,-5.75582838058,-5.83875751495,-7.99026012421],"mean":[-7.55374622345,-6.96029090881,-7.48962688446,-7.57193994522,-7.76568698883,-10.0285539627],"median":[-7.0737080574,-6.68490934372,-7.23180389404,-7.28345870972,-7.56369066238,-9.71077156067],"min":[-27.172334671,-27.7740573883,-27.1550502777,-27.5504074097,-27.268529892,-27.1495819092],"var":[2.65054178238,2.18772411346,1.93807470798,1.94758963585,1.74834954739,2.09035348892]},"spectral_decrease":{"dmean":1.38196676325e-9,"dmean2":1.95566429717e-9,"dvar":2.57938675757e-18,"dvar2":5.08907114083e-18,"max":9.12633849074e-16,"mean":-5.89021720288e-9,"median":-5.63652724495e-9,"min":-2.16299529399e-8,"var":1.38101616568e-17},"spectral_energy":{"dmean":0.00561615917832,"dmean2":0.00781913008541,"dvar":0.0000415575195802,"dvar2":0.0000793749568402,"max":0.0889480337501,"mean":0.024321988225,"median":0.0230523813516,"min":2.53755016999e-9,"var":0.00023446175328},"spectral_energyband_high":{"dmean":0.000304424902424,"dmean2":0.000397619849537,"dvar":2.1851073484e-7,"dvar2":4.48205952353e-7,"max":0.00663971388713,"mean":0.000724630779587,"median":0.000428972853115,"min":6.80695166899e-10,"var":6.56275290112e-7},"spectral_energyband_low":{"dmean":0.00293167005293,"dmean2":0.00468615069985,"dvar":0.000018452090444,"dvar2":0.00004552633618,"max":0.0416161902249,"mean":0.00827236566693,"median":0.00814498029649,"min":3.3924316134e-10,"var":0.0000464773802378},"spectral_energyband_middle_high":{"dmean":0.0024033349473,"dmean2":0.0032497048378,"dvar":0.0000109443835754,"dvar2":0.0000192356546904,"max":0.0786384418607,"mean":0.00756855076179,"median":0.00514338165522,"min":4.93470923846e-11,"var":0.0000583961555094},"spectral_energyband_middle_low":{"dmean":0.00295021384954,"dmean2":0.00439298572019,"dvar":0.0000172943891812,"dvar2":0.0000360883423127,"max":0.0683611631393,"mean":0.0084371836856,"median":0.00627524638548,"min":7.4507434944e-11,"var":0.0000650620640954},"spectral_entropy":{"dmean":0.139410749078,"dmean2":0.188277721405,"dvar":0.0199074298143,"dvar2":0.0335606336594,"max":9.80437374115,"mean":7.66223621368,"median":7.67830944061,"min":5.80561494827,"var":0.152131676674},"spectral_flux":{"dmean":0.020119862631,"dmean2":0.0300357807428,"dvar":0.000384040205972,"dvar2":0.000789595011156,"max":0.277392059565,"mean":0.0767413899302,"median":0.0715310648084,"min":0.0000406344843213,"var":0.00163496297318},"spectral_kurtosis":{"dmean":1.51514148712,"dmean2":2.43708825111,"dvar":4.37919473648,"dvar2":12.3799371719,"max":47.7270202637,"mean":4.28555488586,"median":3.4769692421,"min":-1.17395818233,"var":12.0480966568},"spectral_rms":{"dmean":0.000557775085326,"dmean2":0.000759761198424,"dvar":3.52301185558e-7,"dvar2":6.22665083938e-7,"max":0.00931550189853,"mean":0.00453790742904,"median":0.00474237604067,"min":0.00000157342265084,"var":0.00000313650366479},"spectral_rolloff":{"dmean":425.934509277,"dmean2":705.330932617,"dvar":598556.4375,"dvar2":1416818.5,"max":21748.5351562,"mean":2136.43945312,"median":1765.72265625,"min":64.599609375,"var":8624945},"spectral_skewness":{"dmean":0.19099123776,"dmean2":0.294803798199,"dvar":0.0388452038169,"dvar2":0.0976711437106,"max":4.19214200974,"mean":1.55392944813,"median":1.54160666466,"min":-0.0100330309942,"var":0.133410289884},"spectral_spread":{"dmean":526005.25,"dmean2":702447.0625,"dvar":381266984960,"dvar2":589842546688,"max":40204952,"mean":4730641.5,"median":4619022.5,"min":1002667.1875,"var":3335141457920},"spectral_strongpeak":{"dmean":0.730007648468,"dmean2":1.24042630196,"dvar":2.16405105591,"dvar2":5.02123689651,"max":21.0239467621,"mean":1.1903783083,"median":0.463569879532,"min":0.0000143131055665,"var":3.6948428154},"zerocrossingrate":{"dmean":0.00992719084024,"dmean2":0.0114404866472,"dvar":0.000135707843583,"dvar2":0.000168780563399,"max":0.64208984375,"mean":0.0801000222564,"median":0.068359375,"min":0.005859375,"var":0.00569519866258}},"metadata":{"audio_properties":{"analysis_sample_rate":44100,"bit_rate":0,"codec":"flac","downmix":"mix","equal_loudness":0,"length":173.960006714,"lossless":true,"md5_encoded":"db585b01005aa42e823b6cb7995334bc","replay_gain":-13.538394928,"sample_rate":44100},"tags":{"album":["Let It Be"],"album artist":["Beatles"],"albumartist":["The Beatles"],"albumartistsort":["Beatles, The"],"artist":["The Beatles"],"artistsort":["Beatles, The"],"catalognumber":["PCS 7096"],"composer":["The Beatles"],"date":["1970-11-06"],"discnumber":["1"],"disctotal":["1"],"file_name":"01-09 One After 909.flac","genre":["Classic Rock; Rock; Pop"],"label":["Apple Records"],"media":["12\" Vinyl"],"musicbrainz_albumartistid":["b10bbbfc-cf9e-42e0-be17-e2c3e1d2600d"],"musicbrainz_albumid":["23f4c1d1-fd0e-3d56-ad43-4672e462e9fb"],"musicbrainz_artistid":["b10bbbfc-cf9e-42e0-be17-e2c3e1d2600d"],"musicbrainz_recordingid":["e1f05d06-06ad-4f22-9c81-c94c0f44fe41"],"musicbrainz_releasegroupid":["bff544a7-56e0-3ed6-9e0f-3b676cca9111"],"originaldate":["1970-05-08"],"producer":["Phil Spector"],"releasecountry":["GB"],"releasestatus":["official"],"releasetype":["album"],"script":["Latn"],"title":["One After 909"],"totaldiscs":["1"],"totaltracks":["12"],"tracknumber":["9"],"tracktotal":["12"]},"version":{"essentia":"2.1-beta1","essentia_build_sha":"ca57ba49d9b1854bd80e60cf9ccf267278fb7d6b","essentia_git_sha":"v2.1_beta1-28-g21ef5f4-dirty","extractor":"music 1.0"}},"rhythm":{"beats_count":519,"beats_loudness":{"dmean":0.0107896057889,"dmean2":0.0183728300035,"dvar":0.0000925262575038,"dvar2":0.000240183479036,"max":0.0860334783792,"mean":0.0334727913141,"median":0.0322244316339,"min":6.66465949095e-9,"var":0.000218063985812},"beats_loudness_band_ratio":{"dmean":[0.201345801353,0.0777112618089,0.124357320368,0.102351352572,0.130714088678,0.0478995926678],"dmean2":[0.341020464897,0.137409225106,0.222896099091,0.175061255693,0.233267366886,0.0902003198862],