{"lowlevel":{"average_loudness":0.856036067009,"barkbands":{"dmean":[0.000294475728879,0.00696535874158,0.00958438031375,0.00282908161171,0.0010938331252,0.000631827744655,0.000837533851154,0.000838292879052,0.00181765086018,0.00165800494142,0.00176922627725,0.0012244557729,0.00114285375457,0.000495835847687,0.000471633771667,0.000108611355245,0.000124371421407,0.000167808932019,0.0000546500996279,0.0000633313538856,0.0000593445984123,0.00012799463002,0.0000676652198308,0.0000499709603901,0.0000316846308124,0.0000100425850178,1.60997586818e-7],"dmean2":[0.000462512980448,0.011577565223,0.0161498058587,0.00481994729489,0.00187565246597,0.00100633944385,0.00121736817528,0.00122169975657,0.00271341716871,0.00258813262917,0.00291497283615,0.00203914241865,0.00199710601009,0.000869845040143,0.000811778067145,0.000191254672245,0.000217329972656,0.000296179729048,0.0000979057804216,0.000112878333312,0.000108974672912,0.000222803457291,0.000107289939479,0.0000810612764326,0.0000514117964485,0.0000164601915458,2.82284332798e-7],"dvar":[2.80290095134e-7,0.000140361313242,0.000280713604297,0.0000250420689554,0.00000666839605401,0.00000156177065946,0.00000195965276362,0.00000330911620949,0.000010046506759,0.00000724701794752,0.00000736537322155,0.00000436394157077,0.00000629345367997,0.00000166230415743,0.00000306389279103,7.31791232056e-8,1.91559777818e-7,6.61912565647e-7,1.75099383881e-8,5.28358761187e-8,3.05931742162e-8,1.00030419503e-7,2.17274642722e-8,1.57214383734e-8,6.8593215552e-9,6.87617685013e-10,8.8510673942e-14],"dvar2":[6.73622366776e-7,0.000360606994946,0.000746525474824,0.0000702647594153,0.0000185799472092,0.00000338926997756,0.00000385641624234,0.00000636058894088,0.0000202576429729,0.0000168145033967,0.000018337937945,0.0000111486333481,0.0000179305825441,0.0000048993015298,0.00000891221679922,2.06079391774e-7,5.47980505416e-7,0.00000177662616352,4.90038836176e-8,1.53660536739e-7,8.67688001449e-8,2.80665204855e-7,5.37464082129e-8,3.71134483146e-8,1.60184825404e-8,1.66697999848e-9,2.51809857688e-13],"max":[0.00917628221214,0.152531832457,0.208006754518,0.073430493474,0.0390879958868,0.0410307981074,0.0424025133252,0.0827238410711,0.0709332302213,0.0648350566626,0.0621153861284,0.0442977920175,0.0455642007291,0.0245852768421,0.0469521656632,0.00940298754722,0.0144525654614,0.042166993022,0.003270289395,0.00874306261539,0.00176205683965,0.00349812558852,0.00193582894281,0.00210176664405,0.001085431315,0.000344419968314,0.00000508672428623],"mean":[0.0005945203593,0.0117084905505,0.0123851718381,0.0041996864602,0.00150059664156,0.000970061519183,0.00148241454735,0.00138453592081,0.00293219508603,0.00273469439708,0.00259368657134,0.0017905861605,0.00150358479004,0.000676958239637,0.000665582658257,0.00014121926506,0.000172322339495,0.000192114690435,0.0000642592058284,0.0000826629911899,0.0000537684973096,0.000146662685438,0.0000886059278855,0.0000627279223409,0.0000404721286031,0.0000119209680634,2.28674650771e-7],"median":[0.000111830362584,0.00516436062753,0.00599928386509,0.00206976290792,0.000765874632634,0.000506062293425,0.000784563482739,0.000452642416349,0.00138190225698,0.00129338691477,0.0013786572963,0.000947202323005,0.000610924500506,0.000195191300008,0.000157509057317,0.0000727697333787,0.000051488103054,0.0000316442637995,0.0000200639588002,0.0000141251948662,0.0000160455492733,0.0000430932923337,0.000030967319617,0.0000175782588485,0.0000140566444315,0.00000430857198808,1.54725086077e-7],"min":[1.06473986188e-25,7.33984683818e-25,8.53564361351e-25,2.89731058333e-25,8.2982866084e-24,1.95633501026e-24,1.02395533893e-23,6.74688593092e-24,9.96957047764e-24,1.2013520916e-23,9.34565407682e-24,1.7151863452e-23,2.0012825297e-23,2.9518105378e-23,3.98901684667e-23,4.69393285415e-23,5.34820683142e-23,8.35214119576e-23,1.15533652549e-22,1.58224911473e-22,2.05426965406e-22,2.8519805689e-22,4.05148787771e-22,5.49199004737e-22,8.28790292696e-22,1.21877954676e-21,1.78962363256e-21],"var":[8.44775627229e-7,0.000226243035286,0.000319712882629,0.000032466097764,0.0000057996862779,0.00000269120141638,0.0000048841957323,0.0000078624834714,0.0000216301723412,0.0000156880778377,0.000012529126252,0.0000072642469604,0.00000691178274792,0.00000226742781706,0.00000449285516879,7.64849872326e-8,2.66981487584e-7,7.89318164607e-7,2.17155236015e-8,1.1803903277e-7,2.00731324895e-8,7.61761782542e-8,2.26521876812e-8,2.04873629173e-8,7.73936559284e-9,6.66154964524e-10,7.73522887995e-14]},"barkbands_crest":{"dmean":2.73072624207,"dmean2":4.59315156937,"dvar":5.76736545563,"dvar2":15.4083843231,"max":23.6350479126,"mean":9.88524246216,"median":9.32960796356,"min":2.694190979,"var":12.1598167419},"barkbands_flatness_db":{"dmean":0.0242062937468,"dmean2":0.0394501760602,"dvar":0.000625095970463,"dvar2":0.00158858078066,"max":0.338163524866,"mean":0.16494885087,"median":0.163545370102,"min":0.0354693569243,"var":0.00152479449753},"barkbands_kurtosis":{"dmean":3.40255284309,"dmean2":5.62163257599,"dvar":40.2118873596,"dvar2":104.391281128,"max":129.467224121,"mean":4.1859703064,"median":1.35587632656,"min":-1.84451138973,"var":87.5359191895},"barkbands_skewness":{"dmean":0.662249922752,"dmean2":1.05147278309,"dvar":0.452016443014,"dvar2":1.11174499989,"max":9.98847770691,"mean":1.25586116314,"median":1.02367758751,"min":-2.70456266403,"var":2.00967645645},"barkbands_spread":{"dmean":4.2782998085,"dmean2":7.11533689499,"dvar":22.3816452026,"dvar2":58.8645057678,"max":85.2572174072,"mean":15.5346736908,"median":14.2235984802,"min":0.93891710043,"var":51.9321289063},"dissonance":{"dmean":0.0292236600071,"dmean2":0.0496528930962,"dvar":0.000656252435874,"dvar2":0.00182845583186,"max":0.499999910593,"mean":0.44413998723,"median":0.449439823627,"min":0.231180995703,"var":0.0012733390322},"dynamic_complexity":2.35579109192,"erbbands":{"dmean":[0.193346589804,1.74337744713,9.3762960434,11.42664814,4.73877620697,3.1841044426,4.00129938126,5.05030822754,8.51382160187,12.8359212875,23.421585083,47.806137085,50.2947540283,69.9855499268,46.9667510986,54.8482208252,44.0898551941,36.4729804993,15.1773881912,18.9117927551,5.62124300003,6.63304138184,10.3641433716,4.0743227005,3.17855906487,2.41402459145,2.34380030632,2.73650979996,4.0846862793,3.77314329147,1.70795083046,1.17639231682,0.71552926302,0.410331100225,0.208833962679,0.0723832771182,0.0128538897261,0.000748357386328,0.0000249692111538,0.0000206703734875],"dmean2":[0.308922618628,2.92417812347,15.6715211868,19.5301151276,7.94135665894,5.5654335022,6.59676647186,8.21428394318,12.4285879135,19.0169792175,34.2423820496,70.7009658813,79.3727645874,111.133811951,78.0093688965,90.8873291016,76.4382095337,64.0513076782,25.9830570221,32.7101707458,9.85127162933,11.5930519104,18.208108902,7.33204650879,5.63776683807,4.33944559097,4.27198696136,5.05529642105,7.29322052002,5.98467922211,2.79293346405,1.93329930305,1.15912723541,0.670649707317,0.336356401443,0.118641197681,0.0209667850286,0.00125835638028,0.0000402650694014,0.0000330019647663],"dvar":[0.129517927766,8.48254871368,256.39654541,398.264923096,90.7105484009,62.2300949097,117.145584106,88.86302948,178.161270142,411.143615723,2447.54736328,7179.35546875,5927.93066406,11103.3671875,8789.39746094,10577.3320313,7313.45507813,9041.97265625,1513.53125,4834.02197266,154.941390991,587.359985352,3254.72045898,103.594337463,134.169784546,40.2438697815,38.5172424316,76.3507537842,122.280441284,57.0732154846,17.4784965515,8.83664989471,3.22291016579,1.07255375385,0.357716649771,0.0367449373007,0.00106570357457,0.0000021537093744,2.12892792284e-9,8.2888018671e-10],"dvar2":[0.312127798796,22.2371101379,675.521972656,1105.11950684,248.406219482,177.447479248,278.0234375,217.362426758,343.37512207,849.653869629,4755.77783203,14269.8652344,14506.3242188,25750.2089844,22231.3652344,26958.5078125,20852.7265625,26310.7441406,4363.45410156,14089.4511719,435.75970459,1675.87268066,8734.88964844,292.100219727,376.803314209,113.579574585,108.448112488,217.658050537,347.502838135,144.43850708,44.8285713196,21.4961929321,7.49790477753,2.54614901543,0.782200813293,0.0892480164766,0.00253323395737,0.00000554673033548,5.17344211914e-9,2.00609395762e-9],"max":[5.55457830429,36.7165870667,202.787582397,287.125946045,184.828765869,134.434555054,359.810913086,270.111328125,578.917663574,628.07421875,2290.23144531,1939.14782715,1383.16308594,2399.32348633,2789.68652344,2293.8371582,1808.57397461,1641.94458008,901.828308105,1813.79052734,361.366699219,912.502624512,2987.58178711,265.821716309,480.412078857,184.08052063,65.7315216064,92.21068573,123.751052856,107.177818298,56.3513412476,31.8603401184,31.7808437347,14.2770204544,14.9377298355,2.47810697556,0.400509476662,0.0265017189085,0.000846696319059,0.000353761657607],"mean":[0.364470809698,2.60758137703,12.7766513824,16.3338317871,7.71927022934,4.11267662048,5.24192523956,7.55525493622,15.8513450623,22.7099094391,40.7973022461,77.5956573486,83.90184021,108.185348511,73.5525512695,83.1060943604,65.7747650146,53.7399215698,26.0004329681,26.5189571381,8.69559383392,9.62169075012,12.1650524139,4.79098129272,4.14192056656,3.06097173691,2.32385897636,2.32590460777,4.27184820175,5.49092197418,2.05084967613,1.3216354847,0.945895850658,0.542811095715,0.261458456516,0.0831868276,0.0157841574401,0.001354972017,0.0000598164624535,0.0000569613985135],"median":[0.0945889055729,1.33912301064,6.31839752197,8.77034664154,4.84923410416,2.10377836227,1.97947692871,4.21131229401,9.40219211578,12.6598529816,19.0607185364,37.7106170654,50.4626083374,65.2500457764,38.1309585571,41.1860580444,32.3739128113,19.7405071259,9.54958057404,6.60413503647,4.16722202301,2.62178230286,1.87369823456,1.25153684616,0.903839468956,0.695039868355,0.700443863869,0.655966162682,1.34414315224,1.32454931736,0.795495569706,0.386374115944,0.270767688751,0.185040593147,0.0866969451308,0.0264292303473,0.00629031425342,0.000890982919373,0.0000459423099528,0.0000464853364974],"min":[5.41457717037e-23,2.31969711486e-22,1.98951457408e-21,1.40516094867e-21,9.44334348112e-21,2.21916806373e-20,2.30821308732e-20,3.02071787108e-20,1.18012203632e-19,1.60109544655e-19,2.91362893641e-19,3.44875766557e-19,2.83257557614e-19,6.35827525584e-19,6.74104326153e-19,1.11467819459e-18,1.18247712292e-18,1.65293857785e-18,2.23180112148e-18,2.76839649356e-18,2.7206005502e-18,3.69889031026e-18,4.60097543601e-18,5.89595439551e-18,6.45008889171e-18,7.92654920966e-18,7.82961770394e-18,9.44892384186e-18,1.13588160474e-17,1.09635246307e-17,9.96377098128e-18,9.32232963938e-18,8.17742564482e-18,7.630229126e-18,5.90587808132e-18,3.72673279609e-18,2.1515970689e-18,9.61451568112e-19,2.30579671827e-19,2.59924705389e-20],"var":[0.284620851278,11.2177667618,316.805389404,449.439819336,95.936378479,49.3425292969,153.101516724,129.896209717,477.022399902,986.226135254,5749.40429688,15090.2929688,11719.0888672,19213.9746094,13800.9150391,17511.4785156,9793.04980469,10912.9082031,2816.00805664,6973.44970703,221.463531494,917.509765625,3831.87915039,146.984039307,283.167724609,86.506477356,28.7603130341,46.2896270752,82.4812469482,73.1761322021,15.3302125931,9.05684757233,4.57495880127,1.38965678215,0.442278504372,0.0360744446516,0.00101055507548,0.00000227656596508,2.77924083747e-9,1.71387781744e-9]},"erbbands_crest":{"dmean":3.74776601791,"dmean2":6.19444608688,"dvar":9.72131538391,"dvar2":24.8190555573,"max":29.7885932922,"mean":11.9336032867,"median":11.197511673,"min":2.74470281601,"var":20.6026630402},"erbbands_flatness_db":{"dmean":0.0220358241349,"dmean2":0.0340598672628,"dvar":0.00035581146949,"dvar2":0.000784949748777,"max":0.292812019587,"mean":0.184433728456,"median":0.18764308095,"min":0.0528590790927,"var":0.00133235321846},"erbbands_kurtosis":{"dmean":2.21296095848,"dmean2":3.57038974762,"dvar":5.20869255066,"dvar2":12.7469043732,"max":37.1159057617,"mean":3.6328766346,"median":3.00454902649,"min":-1.74935865402,"var":12.5213956833},"erbbands_skewness":{"dmean":0.488293856382,"dmean2":0.792343258858,"dvar":0.166549727321,"dvar2":0.427191495895,"max":5.00992774963,"mean":0.307371288538,"median":0.291464418173,"min":-2.89456915855,"var":0.665734112263},"erbbands_spread":{"dmean":8.08712005615,"dmean2":12.7926292419,"dvar":94.7356338501,"dvar2":220.168823242,"max":114.659980774,"mean":23.0774803162,"median":17.7554512024,"min":3.29218220711,"var":244.937652588},"gfcc":{"cov":[[18755.5039063,1489.07849121,-1597.48852539,54.1238327026,-1178.28833008,749.659606934,-228.934921265,277.153442383,-205.855010986,-112.547637939,-242.509109497,124.69896698,5.40935754776],[1489.07849121,520.964782715,-70.1857528687,-196.101333618,-147.96055603,23.5055103302,49.0358276367,-16.6690788269,41.2845077515,-36.9748344421,-32.1465797424,10.2162103653,10.8484344482],[-1597.48852539,-70.1857528687,606.284851074,89.4728622437,9.8941783905,-5.07486772537,119.569648743,4.89758253098,67.0434112549,7.70564126968,-23.1400928497,3.88316392899,-29.7234344482],[54.1238327026,-196.101333618,89.4728622437,411.934814453,184.879730225,17.9410934448,-17.6780185699,-4.35183906555,-0.195420578122,18.2251338959,3.60860943794,-23.2990074158,-78.4161529541],[-1178.28833008,-147.96055603,9.8941783905,184.879730225,499.669433594,-10.904671669,-39.7838897705,-4.11860990524,-52.670425415,46.2511291504,58.7300567627,-84.4452667236,-48.8118286133],[749.659606934,23.5055103302,-5.07486772537,17.9410934448,-10.904671669,184.098449707,44.8112373352,14.9040565491,16.6008720398,-0.981825351715,-5.11601638794,9.92500782013,-19.0130748749],[-228.934921265,49.0358276367,119.569648743,-17.6780185699,-39.7838897705,44.8112373352,163.308410645,23.0522632599,72.0670776367,-7.48900938034,-22.0151004791,33.5134048462,-0.72409260273],[277.153442383,-16.6690788269,4.89758253098,-4.35183906555,-4.11860990524,14.9040565491,23.0522632599,100.977584839,1.02063965797,10.5137987137,-2.5289721489,-11.0235071182,23.6621704102],[-205.855010986,41.2845077515,67.0434112549,-0.195420578122,-52.670425415,16.6008720398,72.0670776367,1.02063965797,130.703552246,6.04884386063,-7.74422883987,35.7831497192,-12.5204105377],[-112.547637939,-36.9748344421,7.70564126968,18.2251338959,46.2511291504,-0.981825351715,-7.48900938034,10.5137987137,6.04884386063,75.8275375366,29.1239738464,-13.465672493,-14.1726970673],[-242.509109497,-32.1465797424,-23.1400928497,3.60860943794,58.7300567627,-5.11601638794,-22.0151004791,-2.5289721489,-7.74422883987,29.1239738464,72.2706680298,9.11505699158,9.30072402954],[124.69896698,10.2162103653,3.88316392899,-23.2990074158,-84.4452667236,9.92500782013,33.5134048462,-11.0235071182,35.7831497192,-13.465672493,9.11505699158,90.7147827148,28.2230529785],[5.40935754776,10.8484344482,-29.7234344482,-78.4161529541,-48.8118286133,-19.0130748749,-0.72409260273,23.6621704102,-12.5204105377,-14.1726970673,9.30072402954,28.2230529785,95.0078125]],"icov":[[0.000435754162027,-0.00146721804049,0.000915451790206,-0.00132332474459,0.0010305379983,-0.00147639145143,0.000880252569914,-0.00152888766024,0.00117721268907,-0.000798479886726,0.000985104590654,-0.000939970719628,0.00017719931202],[-0.00146721804049,0.00762734701857,-0.0027244312223,0.00559652084485,-0.0031417531427,0.00474121188745,-0.00364195555449,0.00572899961844,-0.00468844454736,0.00357215804979,-0.00313904741779,0.00404228176922,-0.000118953699712],[0.000915451790206,-0.0027244312223,0.00408459920436,-0.00318665173836,0.00232341093943,-0.00260973419063,0.00000692804633218,-0.00284490035847,0.0021127848886,-0.00185011152644,0.00223574810661,-0.00132146640681,0.000462837342639],[-0.00132332474459,0.00559652084485,-0.00318665173836,0.00814990140498,-0.00441009504721,0.00412601372227,-0.00174153479747,0.00394795974717,-0.00399967096746,0.00295122549869,-0.00200581247918,0.00145321676973,0.00240723579191],[0.0010305379983,-0.0031417531427,0.00232341093943,-0.00441009504721,0.00596535857767,-0.0033212217968,0.00101351260673,-0.0029690710362,0.00346621545032,-0.00199714209884,-0.000880820152815,0.00117739406414,0.000429688196164],[-0.00147639145143,0.00474121188745,-0.00260973419063,0.00412601372227,-0.0033212217968,0.0112617881969,-0.00496245268732,0.00409198785201,-0.00345503352582,0.0028988297563,-0.00376706407405,0.00246050441638,0.00123710324988],[0.000880252569914,-0.00364195555449,0.00000692804633218,-0.00174153479747,0.00101351260673,-0.00496245268732,0.0132188303396,-0.00586147094145,-0.00170681823511,-0.00124913745094,0.00499721476808,-0.00561581226066,0.000786461809184],[-0.00152888766024,0.00572899961844,-0.00284490035847,0.00394795974717,-0.0029690710362,0.00409198785201,-0.00586147094145,0.0181238185614,-0.00421770522371,0.000334122771164,-0.00291973352432,0.00760402344167,-0.00594266410917],[0.00117721268907,-0.00468844454736,0.0021127848886,-0.00399967096746,0.00346621545032,-0.00345503352582,-0.00170681823511,-0.00421770522371,0.0150627493858,-0.00439300294966,0.00281627126969,-0.00625380640849,0.00286670797504],[-0.000798479886726,0.00357215804979,-0.00185011152644,0.00295122549869,-0.00199714209884,0.0028988297563,-0.00124913745094,0.000334122771164,-0.00439300294966,0.0197720192373,-0.00976481847465,0.00460010347888,0.00291588157415],[0.000985104590654,-0.00313904741779,0.00223574810661,-0.00200581247918,-0.000880820152815,-0.00376706407405,0.00499721476808,-0.00291973352432,0.00281627126969,-0.00976481847465,0.0240050349385,-0.00857578869909,-0.00198282068595],[-0.000939970719628,0.00404228176922,-0.00132146640681,0.00145321676973,0.00117739406414,0.00246050441638,-0.00561581226066,0.00760402344167,-0.00625380640849,0.00460010347888,-0.00857578869909,0.0220944229513,-0.00632313871756],[0.00017719931202,-0.000118953699712,0.000462837342639,0.00240723579191,0.000429688196164,0.00123710324988,0.000786461809184,-0.00594266410917,0.00286670797504,0.00291588157415,-0.00198282068595,-0.00632313871756,0.0175001844764]],"mean":[-9.10570907593,115.529197693,-104.580551147,13.783698082,-53.3785362244,44.8793144226,-22.7732906342,11.7072353363,-18.3560218811,-0.231380060315,-19.6580886841,-3.53650975227,-18.5894584656]},"hfc":{"dmean":7.89298343658,"dmean2":12.815073967,"dvar":102.210876465,"dvar2":274.077575684,"max":206.557388306,"mean":23.0364665985,"median":19.3462142944,"min":9.96923632903e-17,"var":309.565673828},"melbands":{"dmean":[0.00176534650382,0.00385578931309,0.00171099882573,0.000275846599834,0.000127156527014,0.000117573392345,0.000150440566358,0.000131237058667,0.000202913346584,0.000321623461787,0.000249943230301,0.000275608559605,0.000174591870746,0.000137822993565,0.000106918407255,0.000138660616358,0.0000645334002911,0.000020136087187,0.0000460749579361,0.0000104174714579,0.00000650856054563,0.00000776247634349,0.00000814806298877,0.00000767410438129,0.00000318522029374,0.00000187769228432,0.00000274478884421,0.0000014929109966,0.00000129575187202,0.00000170159285062,0.00000169993745658,0.00000239757900999,0.00000256928387898,0.0000019385890937,0.00000108905953766,7.55779524297e-7,7.03308387529e-7,5.39876225503e-7,3.93338012827e-7,3.67402066104e-7],"dmean2":[0.00291105988435,0.00640473840758,0.00290607637726,0.000472242798423,0.000212742728763,0.000188412654097,0.000218397690332,0.000194055930478,0.000299348233966,0.000476504617836,0.000395692390157,0.000436252827058,0.000289790827082,0.000228778357268,0.00017921566905,0.000243112721364,0.000113224807137,0.000034506105294,0.0000795961386757,0.0000183711817954,0.0000114018266686,0.000013529147509,0.000014288397324,0.0000136395501613,0.00000572461249249,0.00000335001050189,0.00000487809529659,0.00000268806707027,0.00000232702677749,0.00000315654938277,0.00000314243902722,0.00000441698648501,0.00000420148899138,0.0000030303267522,0.00000178353400315,0.00000125137398754,0.00000115825446301,8.78439777807e-7,6.39372615296e-7,6.10467452589e-7],"dvar":[0.00000994548827293,0.0000413011257479,0.00000875286241353,3.86144847653e-7,1.10854514901e-7,4.57403821486e-8,5.61094246621e-8,3.96402199954e-8,1.60266480975e-7,3.43303440786e-7,1.4931440262e-7,1.79189058258e-7,7.8959587313e-8,5.22519769675e-8,4.18923384871e-8,1.03366545545e-7,3.07036636116e-8,2.00964578312e-9,3.6859585606e-8,6.34934549382e-10,2.63823879409e-10,8.32054369848e-10,1.57990154293e-9,1.30613186933e-9,6.72867733753e-11,2.18252863698e-11,1.81001588717e-10,1.38769881003e-11,9.46305186988e-12,2.81719786388e-11,2.99473119914e-11,5.23716035816e-11,2.5777727175e-11,1.54161943627e-11,6.84250356028e-12,3.93327297815e-12,3.34148594211e-12,2.06971679378e-12,9.50561352721e-13,9.36755122256e-13],"dvar2":[0.0000250261418842,0.000107565283542,0.0000239699875237,0.00000107653750092,2.78909226381e-7,1.05728737765e-7,1.08513745545e-7,8.20275189994e-8,3.16622561058e-7,6.83841165028e-7,3.662444783e-7,4.09566638382e-7,1.98154609166e-7,1.31199456632e-7,1.10898156436e-7,2.95651631177e-7,8.9711711837e-8,5.75889824717e-9,1.07502735602e-7,1.79694792379e-9,7.40705830005e-10,2.34598185322e-9,4.2914760634e-9,3.53945317499e-9,1.90890997454e-10,6.04507693902e-11,5.17523579546e-10,3.91404131328e-11,2.62708015064e-11,8.08680067355e-11,8.53973072812e-11,1.49950066253e-10,6.77604777843e-11,3.83299884887e-11,1.77083365333e-11,9.93212803668e-12,8.26751254263e-12,4.93916019195e-12,2.35431986406e-12,2.32459689518e-12],"max":[0.0456871427596,0.0789852067828,0.0416751727462,0.0101316906512,0.00943312048912,0.00582215189934,0.00921845063567,0.00553633645177,0.0178581848741,0.0134878782555,0.00704356096685,0.010433931835,0.00700482772663,0.00445873523131,0.0050038988702,0.00613598478958,0.0029559659306,0.00104389397893,0.00521779386327,0.00081572169438,0.000493739324156,0.00108648347668,0.00182274216786,0.00192185363267,0.000252378551522,0.000149730418343,0.000525807612576,0.0000625177563052,0.0000425556427217,0.0000579661100346,0.0000589193768974,0.0000790906196926,0.000056189710449,0.0000575208032387,0.0000343437313859,0.0000233808768826,0.0000329393078573,0.0000322709056491,0.0000339760699717,0.0000145676704051],"mean":[0.00310725672171,0.00562164792791,0.00256937625818,0.000399241544073,0.00016438277089,0.000180412447662,0.000276840815786,0.000235344457906,0.000337466364726,0.00050592853222,0.00040260568494,0.000417078408645,0.000264000380412,0.000199275105842,0.000166257552337,0.000168947633938,0.0000901244275155,0.0000324699685734,0.0000620417558821,0.0000139990288517,0.00000915653527045,0.0000107025180114,0.0000100635488707,0.00000844155238156,0.00000349711081071,0.00000218255013351,0.00000370058023691,0.00000166724794326,0.00000134353706471,0.00000146883758134,0.00000134115009587,0.00000210451753446,0.00000351205153493,0.00000276795367427,0.00000125510450744,7.90054684785e-7,7.81528001426e-7,6.58835119793e-7,5.85926613894e-7,4.31976445725e-7],"median":[0.00110531109385,0.002981972415,0.00145322037861,0.000228672724916,0.0000679328441038,0.000097931799246,0.000160542782396,0.000135573296575,0.000154799228767,0.000227320051636,0.000230778590776,0.000242282898398,0.000142240096466,0.000107526488137,0.0000751795232645,0.0000545008078916,0.0000275333186437,0.0000138518353197,0.0000108656131488,0.00000677823618389,0.00000423268920713,0.00000272595843853,0.00000185422982213,0.00000139775875141,9.25918016037e-7,7.05584625393e-7,4.95450990456e-7,4.25167570484e-7,4.18116258061e-7,3.80467270134e-7,3.39295155527e-7,6.16869783698e-7,9.03346062842e-7,6.56067868476e-7,4.70986492473e-7,2.19250665623e-7,2.11879410017e-7,1.83247635732e-7,1.76807759544e-7,1.48326847693e-7],"min":[8.525741437e-25,6.40001570507e-25,2.32056229609e-25,9.29953509893e-25,6.92139754316e-25,5.7370865826e-25,1.86080001033e-24,1.28664939275e-24,2.2466192573e-24,1.79052473102e-24,1.27218858628e-24,1.44162900619e-24,1.80667192489e-24,2.45546229335e-24,2.19554820508e-24,2.08129136651e-24,2.63097615337e-24,2.98143806292e-24,3.23758652365e-24,2.69270353312e-24,2.89601389321e-24,2.99706046707e-24,2.98155422269e-24,3.39309546276e-24,4.18382872934e-24,4.0851966615e-24,4.04502510319e-24,4.45268120331e-24,3.52333994809e-24,4.78968021544e-24,4.60271465887e-24,4.99838598969e-24,5.14704643285e-24,5.38897547855e-24,5.15293409621e-24,5.31229898742e-24,4.39868446321e-24,4.64131993385e-24,5.78786891173e-24,6.03929544831e-24],"var":[0.0000178318096005,0.0000537428095413,0.0000101186433312,3.45184957951e-7,1.28189100224e-7,7.65330838703e-8,1.47830078845e-7,9.84562973372e-8,3.71874733673e-7,7.10149208771e-7,2.90739507136e-7,3.13201155677e-7,1.33611209208e-7,7.87667104873e-8,7.60070122396e-8,1.05753791502e-7,3.85141127879e-8,3.42417671995e-9,5.19169951474e-8,7.07316261117e-10,3.48605200262e-10,1.2972564134e-9,1.93031413076e-9,1.49342183065e-9,9.15825887349e-11,2.89294768696e-11,4.10745631951e-10,1.52865949066e-11,7.87579376715e-12,1.80439187897e-11,1.77289571912e-11,3.20712519042e-11,3.09508217666e-11,1.96524064383e-11,5.91214533927e-12,3.47656105293e-12,3.47783130419e-12,2.22588852732e-12,2.54720116527e-12,9.26118665263e-13]},"melbands_crest":{"dmean":3.56490373611,"dmean2":5.94991064072,"dvar":9.65490722656,"dvar2":25.7666492462,"max":31.8987941742,"mean":15.0043287277,"median":14.8287563324,"min":1.09260642529,"var":30.5195960999},"melbands_flatness_db":{"dmean":0.030351549387,"dmean2":0.0494303070009,"dvar":0.00106519134715,"dvar2":0.00263968994841,"max":0.488206535578,"mean":0.249405279756,"median":0.24883492291,"min":0.00072291737888,"var":0.00369506143034},"melbands_kurtosis":{"dmean":7.447473526,"dmean2":12.1479253769,"dvar":207.363693237,"dvar2":530.99609375,"max":343.778076172,"mean":10.4005699158,"median":2.90983867645,"min":-1.74354863167,"var":450.193267822},"melbands_skewness":{"dmean":0.86986041069,"dmean2":1.37416636944,"dvar":0.85329657793,"dvar2":2.06183314323,"max":14.267999649,"mean":2.08798408508,"median":1.66228449345,"min":-1.33662223816,"var":3.62710905075},"melbands_spread":{"dmean":5.60530138016,"dmean2":9.28576946259,"dvar":37.8185348511,"dvar2":97.5611038208,"max":169.937362671,"mean":19.951423645,"median":17.523431778,"min":0.727364838123,"var":250.066894531},"mfcc":{"cov":[[6974.09277344,735.602111816,-15.5508670807,-335.983856201,-312.591217041,8.22949981689,-8.50399112701,238.781921387,131.176467896,-79.8333816528,-173.116043091,-22.1900157928,143.997451782],[735.602111816,811.227722168,40.5419616699,-207.693222046,-126.227043152,-11.0801067352,-27.1119670868,34.9569129944,60.8983230591,-8.46461868286,-11.041349411,-17.6406364441,65.0113143921],[-15.5508670807,40.5419616699,529.216796875,13.8210535049,-165.022125244,46.4077644348,-63.3393707275,93.7349472046,59.817691803,11.7734861374,21.2389068604,-8.18585777283,50.7736968994],[-335.983856201,-207.693222046,13.8210535049,356.441650391,165.859725952,53.8155555725,40.9430236816,-7.12111616135,-28.6356773376,30.6885070801,65.8163604736,11.1878404617,-56.4684829712],[-312.591217041,-126.227043152,-165.022125244,165.859725952,338.680755615,55.1376228333,115.212844849,-59.3285064697,-54.122253418,38.0113143921,32.7550621033,43.477104187,-83.914642334],[8.22949981689,-11.0801067352,46.4077644348,53.8155555725,55.1376228333,174.422241211,21.9053516388,57.8360481262,-6.59246253967,19.9622554779,65.0494918823,-5.60500574112,16.150396347],[-8.50399112701,-27.1119670868,-63.3393707275,40.9430236816,115.212844849,21.9053516388,152.211425781,-15.8977012634,5.92886734009,18.6689376831,-4.67971515656,46.3190040588,-47.4809608459],[238.781921387,34.9569129944,93.7349472046,-7.12111616135,-59.3285064697,57.8360481262,-15.8977012634,135.999481201,47.3587875366,1.66521418095,18.6241455078,-27.6410102844,54.0198745728],[131.176467896,60.8983230591,59.817691803,-28.6356773376,-54.122253418,-6.59246253967,5.92886734009,47.3587875366,92.6173019409,24.0113334656,-11.535451889,0.133286714554,20.0780391693],[-79.8333816528,-8.46461868286,11.7734861374,30.6885070801,38.0113143921,19.9622554779,18.6689376831,1.66521418095,24.0113334656,72.0123138428,38.2651634216,6.43215370178,-16.9230422974],[-173.116043091,-11.041349411,21.2389068604,65.8163604736,32.7550621033,65.0494918823,-4.67971515656,18.6241455078,-11.535451889,38.2651634216,113.698608398,15.246088028,-1.69539582729],[-22.1900157928,-17.6406364441,-8.18585777283,11.1878404617,43.477104187,-5.60500574112,46.3190040588,-27.6410102844,0.133286714554,6.43215370178,15.246088028,84.4784164429,-10.8821630478],[143.997451782,65.0113143921,50.7736968994,-56.4684829712,-83.914642334,16.150396347,-47.4809608459,54.0198745728,20.0780391693,-16.9230422974,-1.69539582729,-10.8821630478,107.241096497]],"icov":[[0.000186076329555,-0.000156473994139,0.000118319447211,-0.0000319442006003,0.00017068865418,-0.000114216127258,0.0000143972365549,-0.000441557058366,0.00013135917834,-0.000101229932625,0.000439364870545,-0.000276084087091,0.0000900869563338],[-0.000156473994139,0.00168620643672,-0.000181577794137,0.00093373155687,-0.000239353597863,0.000127904757392,-0.000278527819319,0.000772669969592,-0.00116429082118,0.00059828069061,-0.00115841440856,0.000797781161964,-0.000578520004638],[0.000118319447211,-0.000181577794137,0.00289429095574,-0.000923028797843,0.00186660082545,-0.00113075075205,0.000867302354891,-0.00141149095725,-0.000231197060202,-0.00106358155608,0.00109247735236,-0.00162230886053,0.000548838579562],[-0.0000319442006003,0.00093373155687,-0.000923028797843,0.00492730271071,-0.00255047203973,0.00045041917474,-0.00000400664430344,-0.0000701476747054,-0.000705423357431,0.00114600034431,-0.00276690442115,0.00129274767824,0.000878735969309],[0.00017068865418,-0.000239353597863,0.00186660082545,-0.00255047203973,0.00788661651313,-0.0023940645624,-0.00261866068467,-0.0000920988168218,0.00342726404779,-0.00361897679977,0.00225760089234,-0.00221610325389,0.00170594558585],[-0.000114216127258,0.000127904757392,-0.00113075075205,0.00045041917474,-0.0023940645624,0.0103174997494,-0.00230579683557,-0.00328114139847,0.00173692835961,0.000522885704413,-0.00536006642506,0.00260065356269,-0.00201039458625],[0.0000143972365549,-0.000278527819319,0.000867302354891,-0.00000400664430344,-0.00261866068467,-0.00230579683557,0.0126031301916,-0.00206996616907,-0.00195450824685,-0.00120345165487,0.00389808532782,-0.00642476696521,0.00424338784069],[-0.000441557058366,0.000772669969592,-0.00141149095725,-0.0000701476747054,-0.0000920988168218,-0.00328114139847,-0.00206996616907,0.0168559346348,-0.00823025219142,0.00421171402559,-0.0043981121853,0.0061796377413,-0.00546624697745],[0.00013135917834,-0.00116429082118,-0.000231197060202,-0.000705423357431,0.00342726404779,0.00173692835961,-0.00195450824685,-0.00823025219142,0.0216089375317,-0.0115652401,0.00640864484012,-0.00374089297839,-0.000180956005352],[-0.000101229932625,0.00059828069061,-0.00106358155608,0.00114600034431,-0.00361897679977,0.000522885704413,-0.00120345165487,0.00421171402559,-0.0115652401,0.0250787474215,-0.01068598032,0.00403211591765,0.00167833676096],[0.000439364870545,-0.00115841440856,0.00109247735236,-0.00276690442115,0.00225760089234,-0.00536006642506,0.00389808532782,-0.0043981121853,0.00640864484012,-0.01068598032,0.0192853827029,-0.00725293811411,0.00133596395608],[-0.000276084087091,0.000797781161964,-0.00162230886053,0.00129274767824,-0.00221610325389,0.00260065356269,-0.00642476696521,0.0061796377413,-0.00374089297839,0.00403211591765,-0.00725293811411,0.0190052464604,-0.00359670585021],[0.0000900869563338,-0.000578520004638,0.000548838579562,0.000878735969309,0.00170594558585,-0.00201039458625,0.00424338784069,-0.00546624697745,-0.000180956005352,0.00167833676096,0.00133596395608,-0.00359670585021,0.0159821361303]],"mean":[-650.061950684,148.646759033,10.9762363434,-7.43112277985,2.34819936752,22.332025528,8.99702548981,17.8155498505,6.70155906677,5.70434617996,8.91773033142,-1.79512691498,1.60959386826]},"pitch_salience":{"dmean":0.0725852847099,"dmean2":0.122164063156,"dvar":0.00449982890859,"dvar2":0.0124166831374,"max":0.99607115984,"mean":0.493956267834,"median":0.492113530636,"min":0.128857329488,"var":0.0103496089578},"silence_rate_20dB":{"dmean":0,"dmean2":0,"dvar":0,"dvar2":0,"max":1,"mean":1,"median":1,"min":1,"var":0},"silence_rate_30dB":{"dmean":0.0651874542236,"dmean2":0.130381554365,"dvar":0.060948010534,"dvar2":0.138598397374,"max":1,"mean":0.935019910336,"median":1,"min":0,"var":0.0607622377574},"silence_rate_60dB":{"dmean":0.00306044379249,"dmean2":0.00612119957805,"dvar":0.00305106281303,"dvar2":0.00720570608974,"max":1,"mean":0.0366214439273,"median":0,"min":0,"var":0.0352806597948},"spectral_centroid":{"dmean":182.712249756,"dmean2":306.699768066,"dvar":55489.2304688,"dvar2":143760.703125,"max":11690.796875,"mean":967.305847168,"median":781.544311523,"min":156.413665771,"var":1246769},"spectral_complexity":{"dmean":3.01994395256,"dmean2":5.09345054626,"dvar":13.0274629593,"dvar2":33.6728057861,"max":48,"mean":15.9487915039,"median":16,"min":0,"var":39.3742141724},"spectral_contrast_coeffs":{"dmean":[0.0563038103282,0.0459930226207,0.043836850673,0.032719951123,0.0206930954009,0.0243620406836],"dmean2":[0.095108859241,0.0750126466155,0.0716624557972,0.0554753355682,0.0349704772234,0.0394856892526],"dvar":[0.00214528129436,0.00129240727983,0.0011999453418,0.000665227125864,0.000302768603433,0.000669015862513],"dvar2":[0.00594867300242,0.00338395917788,0.00318715954199,0.00189912691712,0.000838768610265,0.00161901325919],"max":[-0.358424574137,-0.498006343842,-0.508395552635,-0.506221532822,-0.594237208366,-0.588519215584],"mean":[-0.629998207092,-0.740948557854,-0.714212834835,-0.76014560461,-0.813921511173,-0.781252384186],"median":[-0.627486109734,-0.737810373306,-0.702102303505,-0.767450630665,-0.820561766624,-0.792664766312],"min":[-0.98404020071,-0.983644723892,-0.98044604063,-0.981683909893,-0.988652229309,-0.965058982372],"var":[0.00595874898136,0.00451234122738,0.00603467458859,0.0037620246876,0.00167123530991,0.00259274453856]},"spectral_contrast_valleys":{"dmean":[0.392186254263,0.348448187113,0.298605024815,0.275991290808,0.343121558428,0.294156551361],"dmean2":[0.654122233391,0.577004790306,0.502073585987,0.452808171511,0.548442304134,0.447720080614],"dvar":[0.111679412425,0.086934491992,0.071816816926,0.0709562301636,0.171770423651,0.134823769331],"dvar2":[0.287481576204,0.222019001842,0.186487615108,0.169189289212,0.389090746641,0.241449326277],"max":[-4.7920627594,-4.70505332947,-5.17697620392,-5.68521595001,-5.90313100815,-8.13157844543],"mean":[-7.15784215927,-6.87152671814,-7.04886102676,-7.71679973602,-8.33048439026,-10.4056854248],"median":[-6.88173103333,-6.54362201691,-6.66886806488,-7.42910003662,-8.17745399475,-10.2547130585],"min":[-28.2853069305,-28.1490192413,-28.0213928223,-27.8224506378,-27.6184844971,-27.4558410645],"var":[5.03271055222,5.21899175644,5.21485042572,4.7499628067,4.52493286133,3.7392013073]},"spectral_decrease":{"dmean":4.64421701096e-9,"dmean2":7.47915063215e-9,"dvar":4.35709446728e-17,"dvar2":1.08659821694e-16,"max":1.82951343766e-28,"mean":-1.22118324342e-8,"median":-9.8579189256e-9,"min":-8.43994243382e-8,"var":8.37500716399e-17},"spectral_energy":{"dmean":0.0180015843362,"dmean2":0.0289749801159,"dvar":0.000640634621959,"dvar2":0.00159444403835,"max":0.321848809719,"mean":0.0481797195971,"median":0.0391413792968,"min":9.82869736326e-21,"var":0.00125959748402},"spectral_energyband_high":{"dmean":0.000328885857016,"dmean2":0.000548660056666,"dvar":6.27257179531e-7,"dvar2":0.00000163387289831,"max":0.00777709810063,"mean":0.000433462002547,"median":0.00018032148364,"min":6.9188900336e-21,"var":5.70721795157e-7},"spectral_energyband_low":{"dmean":0.0154644455761,"dmean2":0.025314418599,"dvar":0.000599611259531,"dvar2":0.00151506322436,"max":0.314825236797,"mean":0.0278958678246,"median":0.0168795734644,"min":1.27438885739e-23,"var":0.000965088431258},"spectral_energyband_middle_high":{"dmean":0.00407924037427,"dmean2":0.0067748920992,"dvar":0.0000257671235886,"dvar2":0.0000706534920027,"max":0.0877061635256,"mean":0.00998350791633,"median":0.00792245008051,"min":1.14176077205e-21,"var":0.0000830597637105},"spectral_energyband_middle_low":{"dmean":0.00559374922886,"dmean2":0.00894415844232,"dvar":0.0000566342314414,"dvar2":0.000147941391333,"max":0.100308403373,"mean":0.0138031179085,"median":0.0115287024528,"min":1.49421791751e-22,"var":0.000114848793601},"spectral_entropy":{"dmean":0.19652415812,"dmean2":0.309671342373,"dvar":0.0424176342785,"dvar2":0.0984665453434,"max":9.83063697815,"mean":7.30313825607,"median":7.24991703033,"min":5.99230623245,"var":0.160810098052},"spectral_flux":{"dmean":0.0327662006021,"dmean2":0.0519025437534,"dvar":0.00148786895443,"dvar2":0.00333764497191,"max":0.461729615927,"mean":0.107813253999,"median":0.0950675308704,"min":6.35039174024e-11,"var":0.00335502484813},"spectral_kurtosis":{"dmean":1.90764498711,"dmean2":3.1286239624,"dvar":3.18838834763,"dvar2":8.20915603638,"max":28.2232704163,"mean":6.57883787155,"median":6.21294784546,"min":-1.27336609364,"var":13.3027563095},"spectral_rms":{"dmean":0.00116363784764,"dmean2":0.00184362370055,"dvar":0.00000172320437741,"dvar2":0.00000409840322391,"max":0.0177200119942,"mean":0.00638691568747,"median":0.00617953948677,"min":3.09660673839e-12,"var":0.00000621178742222},"spectral_rolloff":{"dmean":245.035064697,"dmean2":433.732513428,"dvar":134686.90625,"dvar2":335174.09375,"max":19702.8808594,"mean":1109.80761719,"median":925.927734375,"min":64.599609375,"var":3713713.25},"spectral_skewness":{"dmean":0.285778790712,"dmean2":0.45495891571,"dvar":0.0801861211658,"dvar2":0.188481196761,"max":4.07589006424,"mean":2.13525271416,"median":2.1458158493,"min":-0.102520614862,"var":0.334805965424},"spectral_spread":{"dmean":603852.3125,"dmean2":944635.8125,"dvar":584617426944,"dvar2":1266262343680,"max":43072664,"mean":4744509.5,"median":4187040.5,"min":1718130.625,"var":15433518284800},"spectral_strongpeak":{"dmean":0.77525216341,"dmean2":1.35425043106,"dvar":1.36321306229,"dvar2":3.64584684372,"max":15.3791303635,"mean":1.09001028538,"median":0.497199714184,"min":0,"var":1.79448258877},"zerocrossingrate":{"dmean":0.00616691354662,"dmean2":0.00829335860908,"dvar":0.0000433168861491,"dvar2":0.0000732246189727,"max":0.52978515625,"mean":0.0436937734485,"median":0.037109375,"min":0.001953125,"var":0.00255549419671}},"metadata":{"audio_properties":{"analysis_sample_rate":44100,"bit_rate":128007,"codec":"mp3","downmix":"mix","equal_loudness":0,"length":455.20980835,"lossless":false,"md5_encoded":"660f983e50b2e40393aacc8d7ab3c8e8","replay_gain":-7.17143249512,"sample_rate":44100},"tags":{"acoustid_id":["0774f231-a75b-46a9-9e60-40d04bcb982e"],"album":["Electric Tepee"],"albumartist":["Hawkwind"],"albumartistsort":["Hawkwind"],"artist":["Hawkwind"],"artistsort":["Hawkwind"],"asin":["B001NE8194"],"barcode":["5013929630826"],"catalognumber":["ATOMCD 1008"],"contentgroup":["Rock"],"date":["2009-01-26"],"discnumber":["1/1"],"file_name":"13 - Going to Hawaii.mp3","genre":["Rock","Space Rock","Psychedelic Rock","Progressive Rock"],"label":["Atomhenge"],"media":["CD"],"musicbrainz album release country":["GB"],"musicbrainz album status":["official"],"musicbrainz album type":["album"],"musicbrainz_albumartistid":["5a28f8c2-31fb-4047-ae57-c5c326989262"],"musicbrainz_albumid":["c2849e20-0af4-3624-9907-7a0efb4bd686"],"musicbrainz_artistid":["5a28f8c2-31fb-4047-ae57-c5c326989262"],"musicbrainz_recordingid":["e1f13df3-266f-477f-a05a-60de1b1b112a"],"musicbrainz_releasegroupid":["5e8871a0-cf60-3d92-b010-ea54c6e657d2"],"originaldate":["1992-05"],"script":["Latn"],"title":["Going to Hawaii"],"tracknumber":["13/14"]},"version":{"essentia":"2.1-beta2","essentia_build_sha":"2d9f1f26377add8aeb1075a9c2973f962c4f09fd","essentia_git_sha":"v2.1_beta2-1-ge3940c0","extractor":"music 1.0"}},"rhythm":{"beats_count":977,"beats_loudness":{"dmean":0.0321595072746,"dmean2":0.0543271899223,"dvar":0.00106225383934,"dvar2":0.00314770964906,"max":0.319559246302,"mean":0.0672602653503,"median":0.0613195747137,"min":0,"var":0.00191799271852},"beats_loudness_band_ratio":{"dmean":[0.141355723143,0.0335932411253,0.0824363529682,0.0862649902701,0.0158884599805,0.00809586420655],"dmean2":[0.246380582452,0.0583667419851,0.140209943056,0.149193257093,0.0267827492207,0.014701471664],"dvar":[0.0152280936018,0.00214287638664,0.00893380865455,0.0