{"lowlevel":{"average_loudness":0.915503382683,"barkbands":{"dmean":[0.0144233275205,0.0223775226623,0.00261294725351,0.00108592864126,0.00160717766266,0.0012700172374,0.00102631223854,0.0011251247488,0.00102375773713,0.00147207453847,0.000801036308985,0.001196746598,0.000979800126515,0.000601345382165,0.000383216072805,0.000213791310671,0.000175170542207,0.000129436535644,0.000142403368955,0.0000956375879468,0.0000624193635304,0.0000203893378057,0.0000090681724032,0.00000538827134733,0.0000039221258703,0.00000713107556294,0.000629726564512],"dmean2":[0.0224410425872,0.0373178049922,0.0044150124304,0.00186547276098,0.00269979005679,0.00204179855064,0.00168713985477,0.00185038754717,0.00167231133673,0.00242061866447,0.00132910057437,0.00199349154718,0.00163046619855,0.00100693467539,0.000652983959299,0.000358223274816,0.000294484052574,0.000205384480068,0.000221118636546,0.00014437790378,0.0000924011037569,0.0000294608707918,0.0000135745358421,0.00000861238186189,0.00000664176695864,0.0000107479581857,0.00101983244531],"dvar":[0.000554126861971,0.00108551594894,0.000016483334548,0.00000273532873507,0.00000555586484552,0.00000878643822944,0.00000454145856565,0.00000555548876946,0.00000487992156195,0.00000727387987354,0.00000206416393667,0.00000332228660227,0.00000184620444088,5.98848941991e-7,2.23088704843e-7,8.43096401582e-8,7.09627272499e-8,6.5817566508e-8,1.35445034743e-7,9.21735221482e-8,4.30712567834e-8,1.35888911235e-9,2.0205639939e-10,5.17159023938e-11,3.60606232375e-11,8.10226954973e-11,6.95671474205e-7],"dvar2":[0.00127489375882,0.00289623741992,0.0000445931145805,0.00000766410175856,0.0000150571941049,0.0000205152500712,0.0000107928453872,0.0000145141902976,0.0000121095345094,0.000018938746507,0.0000052148307077,0.00000905667639017,0.00000480863627672,0.00000162871742759,6.37445566554e-7,2.26609770948e-7,1.82849717589e-7,1.61951163591e-7,2.89688131261e-7,1.97797561441e-7,9.68433582216e-8,2.60145749387e-9,4.12565981378e-10,1.27730645505e-10,9.7340829841e-11,1.74998224245e-10,0.00000191223512047],"max":[0.239273682237,0.309028148651,0.0651675239205,0.0230652205646,0.0465428605676,0.061336454004,0.0450950339437,0.0696441307664,0.0513686090708,0.0593611001968,0.0402899496257,0.0445602498949,0.0393669605255,0.0131092658266,0.00689404224977,0.00689555099234,0.00905949156731,0.00658338190988,0.0144941043109,0.011061755009,0.00880936533213,0.00101454695687,0.00052555341972,0.0000787399112596,0.0000676747367834,0.000152490247274,0.012666830793],"mean":[0.0196472126991,0.0331679731607,0.00327926711179,0.0014007264981,0.00245084241033,0.00199403520674,0.0015489103971,0.0016566219274,0.00160611630417,0.00229022861458,0.00131147203501,0.00224959407933,0.00182901357766,0.00117273128126,0.000783164752647,0.000444584991783,0.000375200557755,0.000274509890005,0.00029600909329,0.000189093334484,0.000116644863738,0.0000396738105337,0.0000152087613969,0.00000726584312361,0.00000395845336243,0.0000120953582154,0.00233389576897],"median":[0.00464857136831,0.0174754280597,0.0016153587494,0.000713571847882,0.00139160500839,0.000802828173619,0.000856077997014,0.000836705381516,0.00096651801141,0.00122928561177,0.000768243975472,0.00152931676712,0.00136832916178,0.000873168930411,0.000566819973756,0.000306420755805,0.000296214449918,0.000199860500288,0.000199217756744,0.000116391362099,0.000058433481172,0.000019322244043,0.00000667947688271,0.00000371902160623,0.00000172567729351,0.00000691023569743,0.00147195870522],"min":[1.54432587706e-24,5.51962109965e-24,2.74845903861e-24,1.15625748904e-24,8.10598283009e-24,1.81482484179e-23,6.91910452172e-24,1.07010425409e-23,8.6381736403e-24,2.786799138e-23,2.66688312962e-23,3.13639420774e-23,3.94890831835e-23,3.45684244476e-23,4.93389929281e-23,8.22088483855e-23,9.09146984029e-23,9.3107643367e-23,1.53494245153e-22,1.89786441119e-22,2.70423133897e-22,3.60998628421e-22,4.09403360758e-22,5.81024506175e-22,9.01567797778e-22,1.39294226318e-21,2.00235586647e-21],"var":[0.000959569530096,0.00173295265995,0.0000215485761146,0.00000392116180592,0.0000109876391434,0.0000179075123015,0.000007572532013,0.00000812507732917,0.00000759138174544,0.0000120734421216,0.00000392194351662,0.00000745401393942,0.00000378171353077,0.00000129874649701,5.517953241e-7,2.14532960285e-7,1.61704548418e-7,1.31322437369e-7,2.93147166985e-7,1.73066766251e-7,6.64779378212e-8,3.56131346635e-9,4.78260486769e-10,7.87891973886e-11,3.64829381982e-11,1.8680702818e-10,0.00000459724788016]},"barkbands_crest":{"dmean":3.02845954895,"dmean2":5.02403116226,"dvar":6.988758564,"dvar2":17.9709777832,"max":24.3032817841,"mean":10.4745979309,"median":10.3677377701,"min":2.33470129967,"var":19.9469299316},"barkbands_flatness_db":{"dmean":0.0291808992624,"dmean2":0.0450317561626,"dvar":0.00078099797247,"dvar2":0.00176893698517,"max":0.478701591492,"mean":0.140598595142,"median":0.132011428475,"min":0.0189697407186,"var":0.00352863431908},"barkbands_kurtosis":{"dmean":6.14234972,"dmean2":9.77771186829,"dvar":215.952697754,"dvar2":549.086486816,"max":476.076202393,"mean":8.69271183014,"median":3.13821554184,"min":-1.7178838253,"var":439.129333496},"barkbands_skewness":{"dmean":0.781362473965,"dmean2":1.21022522449,"dvar":0.738021075726,"dvar2":1.69934141636,"max":15.4683208466,"mean":2.14615797997,"median":1.75704658031,"min":-2.04674005508,"var":2.71388792992},"barkbands_spread":{"dmean":9.44744110107,"dmean2":14.7313375473,"dvar":82.4929885864,"dvar2":186.313171387,"max":115.123435974,"mean":35.1830596924,"median":31.3996334076,"min":0.349143594503,"var":435.832855225},"dissonance":{"dmean":0.0148638850078,"dmean2":0.0256741996855,"dvar":0.000226625808864,"dvar2":0.000631056667771,"max":0.500000059605,"mean":0.4783192873,"median":0.483312308788,"min":0.242843836546,"var":0.00037010241067},"dynamic_complexity":4.36285352707,"erbbands":{"dmean":[1.37764728069,2.84030723572,3.39282202721,3.08176994324,4.73780059814,5.37101745605,7.35931396484,11.4804878235,12.9273900986,19.2870864868,24.7801380157,23.6429634094,33.6701049805,40.7523460388,35.3037452698,49.7798614502,42.7677726746,27.0205764771,26.7434883118,13.617565155,10.8781089783,9.26892852783,6.83322811127,6.48230695724,7.03096389771,4.40295696259,3.05338168144,1.96464788914,0.81933182478,0.418478578329,0.232163146138,0.126860871911,0.0829858854413,0.0443135537207,0.0279999934137,0.0189238041639,0.0142300035805,0.0167358759791,0.0191801581532,0.0128998262808],"dmean2":[2.25619769096,4.90810060501,5.73566055298,5.21578216553,8.23623371124,9.05410861969,12.0105819702,18.5514888763,20.8830699921,31.889497757,40.6701622009,38.4798240662,55.6954307556,66.5436019897,58.6187171936,82.8637008667,70.8855056763,45.0600395203,45.5829086304,23.0603122711,18.0778999329,15.4108343124,10.8388147354,10.1118860245,10.8507518768,6.6101193428,4.61864089966,2.86823010445,1.17290186882,0.619626879692,0.348979145288,0.199831500649,0.134927526116,0.0749742314219,0.0473011992872,0.0308424383402,0.0212021078914,0.0227252729237,0.026933286339,0.0204075947404],"dvar":[4.69412851334,15.7743425369,26.5921554565,20.3259716034,57.4844284058,71.8187484741,249.918334961,848.836914062,801.900939941,1837.34692383,3523.68945312,2950.07910156,4160.38769531,5757.33105469,4269.91503906,5946.00244141,3349.25683594,1140.07666016,1209.90270996,344.78793335,226.836547852,186.104751587,162.122756958,196.342086792,476.613616943,187.893218994,96.2300262451,41.5425682068,2.27428102493,0.490028917789,0.125199332833,0.0286453533918,0.0126866148785,0.00455132452771,0.00180501746945,0.000622277613729,0.000334586889949,0.00072409916902,0.000695204071235,0.000242423644522],"dvar2":[12.3815326691,43.4646759033,70.1873168945,54.5053138733,167.943634033,187.769348145,599.739990234,2020.08874512,1879.9876709,4657.56005859,8915.69042969,7324.80908203,10805.0957031,14676.2939453,10655.5039062,16023.5693359,8797.07128906,3058.34130859,3417.93383789,972.449829102,599.190063477,456.631958008,396.510925293,444.689056396,1011.35076904,415.717681885,206.59197998,94.4256515503,4.29866886139,0.932120144367,0.260827213526,0.0671474263072,0.0322700627148,0.0123010240495,0.00486678536981,0.00162488140631,0.00069135351805,0.0012484237086,0.00135897973087,0.000640612735879],"max":[19.4000301361,39.2031326294,80.2430801392,61.6719017029,116.35218811,165.087463379,482.19241333,725.291931152,737.91204834,1125.53015137,2313.05200195,1588.50549316,1925.11669922,2109.44067383,2510.21704102,1724.43432617,1317.45007324,568.146789551,637.389099121,248.709213257,504.639892578,528.795776367,346.411560059,501.115356445,1021.7779541,534.07208252,286.269042969,293.669433594,43.3501052856,19.9237384796,12.4981136322,3.16623401642,1.12376761436,0.760324597359,0.478583663702,0.27002364397,0.307526737452,0.724237561226,0.654781222343,0.260240733624],"mean":[1.91648352146,3.79587697983,4.2957034111,4.54502010345,6.2880730629,7.96366262436,10.7874650955,17.6897296906,21.0513534546,28.8045692444,38.9276161194,37.8423461914,55.0751609802,67.6707077026,64.8415527344,97.181602478,86.0559921265,59.4415168762,56.0668716431,31.4512844086,24.4008522034,21.1919250488,15.3921985626,14.3204250336,14.4108438492,8.84498310089,5.84569597244,3.63352012634,1.60425662994,0.764721751213,0.386840313673,0.186243787408,0.103776536882,0.04620828107,0.028942251578,0.0240429081023,0.0251349471509,0.0417611263692,0.0734418928623,0.0666321069002],"median":[0.715473175049,2.18922901154,2.34177613258,2.50512933731,3.38652467728,4.23044681549,4.99644565582,6.77926874161,10.6588792801,16.2780590057,19.4449653625,23.4294261932,31.1174106598,40.527469635,42.6938667297,66.7123641968,66.0852279663,47.9231452942,42.8219108582,21.0964355469,18.0888824463,17.4174957275,11.5797939301,10.2286577225,9.36033821106,5.61142921448,3.29740786552,1.59379887581,0.753261566162,0.333549559116,0.178347021341,0.0965761989355,0.052179094404,0.0219622589648,0.0130170295015,0.0136485109106,0.0144781535491,0.0255371015519,0.0684150531888,0.0408447831869],"min":[9.42905182063e-23,1.47934426699e-21,6.14531419825e-21,4.50379608306e-21,2.81416893343e-20,3.0446847831e-20,7.04581653651e-20,1.78107198251e-19,1.45449991345e-19,2.58748557955e-19,4.59574310504e-19,2.98724180707e-19,8.23004125941e-19,7.80835699084e-19,1.34792906526e-18,2.00794681577e-18,2.26851036309e-18,3.11840763001e-18,1.90780254055e-18,2.98488578989e-18,4.74980797567e-18,5.23921641612e-18,5.0679399849e-18,7.48322589626e-18,8.81591395194e-18,7.99618458234e-18,1.16022867346e-17,1.26855351678e-17,1.11184679671e-17,1.16263452827e-17,1.18372978456e-17,1.13569879783e-17,9.62378403309e-18,9.42491823331e-18,6.26464285659e-18,4.54534009519e-18,2.29170368028e-18,1.02229825019e-18,2.7027407902e-19,2.65265254842e-20],"var":[7.24789619446,21.0860328674,33.373260498,35.8271942139,81.3452911377,149.270278931,395.889678955,1690.28283691,1585.63562012,2644.20996094,5237.89257812,4343.01708984,7718.82763672,9629.31738281,8556.83984375,13570.9619141,7297.46289062,2795.15112305,2774.98901367,972.986022949,610.50604248,474.577178955,355.13571167,447.611694336,995.428588867,336.716583252,160.515457153,63.9128608704,6.05747365952,1.29286456108,0.290580272675,0.0503208003938,0.0172498263419,0.00456344103441,0.00184889673255,0.000788903154898,0.000798825116362,0.00245603499934,0.00437317416072,0.00310654868372]},"erbbands_crest":{"dmean":2.33087062836,"dmean2":3.88971734047,"dvar":5.16715717316,"dvar2":13.3507547379,"max":29.6248855591,"mean":7.87241411209,"median":7.05240154266,"min":2.1921954155,"var":11.408208847},"erbbands_flatness_db":{"dmean":0.0194291826338,"dmean2":0.0303230471909,"dvar":0.000290357827907,"dvar2":0.000680407916661,"max":0.304744154215,"mean":0.146289378405,"median":0.148749411106,"min":0.0446864180267,"var":0.00139315822162},"erbbands_kurtosis":{"dmean":0.890239059925,"dmean2":1.4478982687,"dvar":1.43430733681,"dvar2":3.51132702827,"max":46.0061759949,"mean":1.0414044857,"median":0.71320939064,"min":-1.59057462215,"var":3.18938541412},"erbbands_skewness":{"dmean":0.325249314308,"dmean2":0.512195765972,"dvar":0.0841408073902,"dvar2":0.198916733265,"max":5.46207332611,"mean":-0.134076878428,"median":-0.176382467151,"min":-2.68242549896,"var":0.360983371735},"erbbands_spread":{"dmean":5.23265123367,"dmean2":8.27134513855,"dvar":26.0421581268,"dvar2":61.9801063538,"max":117.052337646,"mean":25.307346344,"median":21.9459533691,"min":3.3308236599,"var":159.819885254},"gfcc":{"cov":[[16503.3964844,2630.66503906,-1162.72741699,-650.99621582,1247.55200195,-373.687347412,595.334106445,-204.572631836,149.973678589,-107.301109314,403.256866455,-333.154937744,391.837310791],[2630.66503906,1266.83203125,-95.7320404053,-337.727783203,453.860473633,11.5833330154,109.295257568,7.48386049271,78.3189544678,-22.7915382385,135.671875,-127.48134613,159.672607422],[-1162.72741699,-95.7320404053,387.268371582,156.163406372,-141.029541016,167.543640137,-103.274925232,112.419425964,-11.9494304657,52.1478500366,-26.6887187958,37.596950531,-20.135641098],[-650.99621582,-337.727783203,156.163406372,301.344024658,-97.7784500122,21.4201984406,14.8244457245,18.6194820404,-1.94164633751,21.3142433167,-40.8919067383,64.0730133057,-58.6027450562],[1247.55200195,453.860473633,-141.029541016,-97.7784500122,414.086273193,17.0925998688,128.966629028,7.02439165115,57.4842643738,-19.1796150208,68.9358520508,-89.9406204224,97.629119873],[-373.687347412,11.5833330154,167.543640137,21.4201984406,17.0925998688,263.535400391,-39.6041107178,103.107589722,-8.97843265533,35.7229881287,2.61289834976,14.2009477615,20.70520401],[595.334106445,109.295257568,-103.274925232,14.8244457245,128.966629028,-39.6041107178,172.72366333,-8.07630157471,56.9406013489,-2.05264210701,27.2989673615,-7.12336206436,8.73305416107],[-204.572631836,7.48386049271,112.419425964,18.6194820404,7.02439165115,103.107589722,-8.07630157471,135.040267944,34.2942733765,41.1165809631,9.76138401031,-11.2151403427,22.0437202454],[149.973678589,78.3189544678,-11.9494304657,-1.94164633751,57.4842643738,-8.97843265533,56.9406013489,34.2942733765,96.8026046753,45.6119422913,31.0577049255,-3.49866294861,8.48285388947],[-107.301109314,-22.7915382385,52.1478500366,21.3142433167,-19.1796150208,35.7229881287,-2.05264210701,41.1165809631,45.6119422913,75.2331314087,39.9779472351,22.3110942841,5.51735115051],[403.256866455,135.671875,-26.6887187958,-40.8919067383,68.9358520508,2.61289834976,27.2989673615,9.76138401031,31.0577049255,39.9779472351,85.1414260864,24.4735069275,39.6339797974],[-333.154937744,-127.48134613,37.596950531,64.0730133057,-89.9406204224,14.2009477615,-7.12336206436,-11.2151403427,-3.49866294861,22.3110942841,24.4735069275,99.6136856079,1.71230947971],[391.837310791,159.672607422,-20.135641098,-58.6027450562,97.629119873,20.70520401,8.73305416107,22.0437202454,8.48285388947,5.51735115051,39.6339797974,1.71230947971,90.4448776245]],"icov":[[0.000151670566993,-0.000419314194005,0.000729563413188,-0.000630641996395,0.000384029262932,-0.000176336034201,-0.0000543252645002,-0.0000511060752615,0.000223449183977,-0.0000700911405147,-0.000471279927297,0.000608353118878,-0.000341163075063],[-0.000419314194005,0.00384959299117,-0.00469147181138,0.00441069528461,-0.00244163256139,0.000707558414433,-0.00100269250106,0.00179705908522,-0.00227303267457,0.00302855414338,-0.00195604935288,0.0000080035024439,-0.000148234204971],[0.000729563413188,-0.00469147181138,0.0134540442377,-0.00963703263551,0.00526923406869,-0.00424338830635,0.00407274859026,-0.00421617366374,0.00149545248132,-0.00259971339256,-0.000828115153126,0.00360672059469,-0.00189635611605],[-0.000630641996395,0.00441069528461,-0.00963703263551,0.0142517881468,-0.00751263042912,0.00448556942865,-0.00364841008559,-0.000272904260783,0.00170027336571,-0.00352041772567,0.00824025087059,-0.0109910815954,0.00618795491755],[0.000384029262932,-0.00244163256139,0.00526923406869,-0.00751263042912,0.0142604624853,-0.00625846115872,-0.00278982147574,0.00395701313391,-0.00544189475477,0.00863860268146,-0.0126360347494,0.0161758624017,-0.0104889851063],[-0.000176336034201,0.000707558414433,-0.00424338830635,0.00448556942865,-0.00625846115872,0.00979592371732,0.0000457383721368,-0.00601816317067,0.00602414598688,-0.00662946747616,0.00750937592238,-0.00890956819057,0.00416927970946],[-0.0000543252645002,-0.00100269250106,0.00407274859026,-0.00364841008559,-0.00278982147574,0.0000457383721368,0.0129206990823,-0.00233683781698,-0.00552344648167,0.00293324398808,-0.000191799626919,-0.00338150025345,0.00335838575847],[-0.0000511060752615,0.00179705908522,-0.00421617366374,-0.000272904260783,0.00395701313391,-0.00601816317067,-0.00233683781698,0.0191563051194,-0.00826276000589,0.00225236127153,-0.00586281390861,0.0111062889919,-0.00840701069683],[0.000223449183977,-0.00227303267457,0.00149545248132,0.00170027336571,-0.00544189475477,0.00602414598688,-0.00552344648167,-0.00826276000589,0.0286681260914,-0.0229945443571,0.0106070348993,-0.00746452482417,0.00572875700891],[-0.0000700911405147,0.00302855414338,-0.00259971339256,-0.00352041772567,0.00863860268146,-0.00662946747616,0.00293324398808,0.00225236127153,-0.0229945443571,0.0481075868011,-0.0307941045612,0.012147934176,-0.00405575474724],[-0.000471279927297,-0.00195604935288,-0.000828115153126,0.00824025087059,-0.0126360347494,0.00750937592238,-0.000191799626919,-0.00586281390861,0.0106070348993,-0.0307941045612,0.0477105490863,-0.0267498791218,0.00450067874044],[0.000608353118878,0.0000080035024439,0.00360672059469,-0.0109910815954,0.0161758624017,-0.00890956819057,-0.00338150025345,0.0111062889919,-0.00746452482417,0.012147934176,-0.0267498791218,0.0385367535055,-0.0158182289451],[-0.000341163075063,-0.000148234204971,-0.00189635611605,0.00618795491755,-0.0104889851063,0.00416927970946,0.00335838575847,-0.00840701069683,0.00572875700891,-0.00405575474724,0.00450067874044,-0.0158182289451,0.0265131685883]],"mean":[10.1569166183,92.1653137207,-100.037025452,-9.60174751282,-3.91916656494,-11.6112585068,10.969918251,-13.2560482025,0.84321808815,-4.24397230148,1.92856919765,-3.88079047203,-4.13574504852]},"hfc":{"dmean":60.0490036011,"dmean2":96.9529647827,"dvar":7188.61523438,"dvar2":19573.9902344,"max":3024.91796875,"mean":270.921783447,"median":247.381134033,"min":1.11096841362e-16,"var":39431.6484375},"melbands":{"dmean":[0.0091785909608,0.00226296763867,0.000540929846466,0.000356915290467,0.000252538913628,0.000254511018284,0.000198413385078,0.000214350904571,0.000200597860385,0.000148839593749,0.000177666748641,0.000180551767698,0.000113391026389,0.000129896929138,0.000132600660436,0.0000844309906824,0.0000535612634849,0.0000513009545102,0.0000253832859016,0.0000161852585734,0.000013598834812,0.0000115057791845,0.00000724909659766,0.00000637743460175,0.000005543980933,0.00000647194519843,0.00000421278400609,0.00000292696154247,0.00000214118722397,0.00000160767206125,0.00000109198231257,5.13483314535e-7,3.09626699391e-7,2.17566054062e-7,1.50340625282e-7,8.95277452173e-8,7.58767058073e-8,6.40344950398e-8,4.32410267592e-8,3.58136382772e-8],"dmean2":[0.0148126920685,0.00384901463985,0.000923717045225,0.000608819012996,0.000409923814004,0.000409640138969,0.000321187224472,0.000353546696715,0.000330017472152,0.00024316724739,0.000294281955576,0.000295765406918,0.000188279722352,0.000216603526496,0.000219400899368,0.000142183736898,0.000089712026238,0.0000875519399415,0.0000433513523603,0.0000273483237834,0.0000227892214753,0.0000193949745153,0.0000119587566587,0.0000101813684523,0.00000875136993272,0.0000102028425317,0.00000643994781058,0.00000450698598797,0.00000331878641191,0.00000244821171691,0.00000160304796282,7.5280576084e-7,4.655268242e-7,3.29477188643e-7,2.2790666776e-7,1.41215025451e-7,1.20702466688e-7,1.03996079304e-7,7.26319697719e-8,6.07253980434e-8],"dvar":[0.000192918785615,0.00000966199513641,5.8579735196e-7,2.92142857461e-7,2.36666849673e-7,3.8622528109e-7,1.74981749979e-7,2.00259790972e-7,2.47778274343e-7,1.11460764174e-7,1.13890813225e-7,1.15925935518e-7,4.11506491105e-8,4.45503083313e-8,3.81737095267e-8,1.45197267543e-8,4.73618788632e-9,4.79500794626e-9,1.13811005065e-9,5.092040678e-10,4.06576605716e-10,2.84557960528e-10,1.67426739139e-10,1.57968027548e-10,1.36002556439e-10,3.40641265195e-10,1.79480888485e-10,8.24071158534e-11,4.45747119771e-11,3.93732373094e-11,9.21686425098e-12,9.37278249805e-13,2.67564426561e-13,1.36899579129e-13,5.70546146677e-14,1.60014942242e-14,1.04999432339e-14,7.89075903685e-15,3.90639863867e-15,3.04812259959e-15],"dvar2":[0.000497999659274,0.0000258719483099,0.00000162431103945,8.10020367226e-7,5.71040629893e-7,9.14970883059e-7,4.05641088719e-7,5.1448114391e-7,6.20704611265e-7,2.75481369272e-7,2.96019322832e-7,2.96408870781e-7,1.03936578455e-7,1.18131836757e-7,9.68754463315e-8,4.02857871507e-8,1.26624417618e-8,1.35298057202e-8,3.25148907798e-9,1.40739542243e-9,1.08090136841e-9,7.40199623817e-10,4.28485941173e-10,3.8548247927e-10,3.257816239e-10,7.64487639859e-10,3.74606290432e-10,1.90869944849e-10,9.76615940895e-11,9.59680737656e-11,2.02294517943e-11,1.89199155474e-12,5.53073266438e-13,2.73750857052e-13,1.2335057563e-13,3.66238581075e-14,2.49954188071e-14,1.96719251538e-14,1.05135237132e-14,8.23572336901e-15],"max":[0.125222280622,0.0338553264737,0.0101574249566,0.00875318143517,0.0128313284367,0.0140500357375,0.00993740279227,0.0120035037398,0.0212156008929,0.0100354244933,0.00953675154597,0.00946654751897,0.0062958789058,0.00603452185169,0.00574520835653,0.00212763948366,0.00130092829932,0.00135476712603,0.000579867977649,0.000296656537103,0.000785627751611,0.000583162531257,0.000332983094268,0.000359428231604,0.000392902962631,0.000682623707689,0.000630716327578,0.00032002403168,0.000174910455826,0.000297804217553,0.000119128315418,0.0000290496427624,0.0000131353572215,0.0000119856113088,0.00000778638877819,0.000003942949661,0.00000129910472424,0.00000112654402074,7.01294993632e-7,6.1949594965e-7],"mean":[0.0138665214181,0.00307934870943,0.000839987245854,0.000515198218636,0.00038475022302,0.000402059493354,0.00032375016599,0.000322260399116,0.000312608462991,0.000230684148846,0.000282208551653,0.000285416463157,0.00019385201449,0.000243185451836,0.00024839406251,0.000157171103638,0.000104623679363,0.0000981579432846,0.000051990897191,0.0000330972652591,0.0000274544581771,0.0000234266099142,0.0000150703708641,0.0000127795583467,0.0000111986018965,0.0000122342362374,0.00000796381846158,0.0000053560206652,0.00000386808278563,0.00000276554806078,0.00000189312970633,9.61860791904e-7,5.57120813482e-7,3.67592292605e-7,2.42702498099e-7,1.35617781893e-7,1.04617583929e-7,7.98068953145e-8,4.75464467797e-8,3.5674322163e-8],"median":[0.00628665601835,0.00196661683731,0.000502139388118,0.000287742441287,0.000183973475941,0.000157193542691,0.000167739737662,0.000183194395504,0.000160673924256,0.000137830371386,0.0001549844892,0.000163163334946,0.000119159027236,0.000158829949214,0.000177347377758,0.000116370749311,0.0000803947696113,0.0000725443169358,0.0000348395260517,0.0000218041586777,0.0000196277596842,0.0000184118998732,0.0000113346877697,0.00000892893513083,0.00000773383635533,0.00000746015575714,0.00000485559439767,0.00000318356887874,0.00000217903948396,0.00000124502844301,7.95286666744e-7,4.60822690229e-7,2.5318016128e-7,1.52829130684e-7,1.05102394343e-7,7.24864648305e-8,5.19896552476e-8,3.80475952966e-8,2.4654504216e-8,1.51613246402e-8],"min":[1.34409434247e-24,4.11933777262e-24,1.47627498828e-24,2.11481874384e-24,2.23849142618e-24,3.77591664386e-24,2.08862895621e-24,2.37173161079e-24,3.82820273909e-24,1.61893722894e-24,3.85581050419e-24,2.47850590647e-24,4.28260160885e-24,2.62898270186e-24,4.02340124249e-24,4.26208649215e-24,4.39228680127e-24,2.60093633009e-24,4.03123699786e-24,3.89706950725e-24,4.68025731927e-24,5.31690277967e-24,2.4042950001e-24,4.96888574728e-24,5.15926233839e-24,4.69766077413e-24,7.26892804558e-24,5.2179271629e-24,6.15494324587e-24,4.87038778579e-24,5.23865763863e-24,5.5255190182e-24,5.55245349052e-24,6.23820317568e-24,6.12298609617e-24,7.07193370033e-24,6.89533929809e-24,5.35647283153e-24,6.872166509e-24,7.76186987032e-24],"var":[0.00032859746716,0.0000125421438497,0.00000102245383005,4.7731992936e-7,4.35293202372e-7,8.02345027751e-7,3.50485606759e-7,2.90261652935e-7,3.65252788015e-7,1.64591398288e-7,2.05873277537e-7,1.8585245698e-7,7.99379975547e-8,9.67188640288e-8,8.61836539912e-8,2.81289675996e-8,9.97063676067e-9,9.65822088972e-9,2.73119238337e-9,1.2119678594e-9,9.08354225171e-10,6.29481800019e-10,3.2885724699e-10,3.05792141608e-10,2.8139005015e-10,6.54418019774e-10,3.66925489992e-10,1.2804296512e-10,7.21050580355e-11,4.93463568618e-11,1.55074807162e-11,2.25857657229e-12,6.7149096613e-13,3.22520927066e-13,1.24783755377e-13,2.86886738866e-14,1.72565124489e-14,1.11379979065e-14,4.09877167946e-15,3.05517986635e-15]},"melbands_crest":{"dmean":5.28013515472,"dmean2":8.36491012573,"dvar":22.000617981,"dvar2":47.7309494019,"max":39.3258361816,"mean":19.9107627869,"median":18.3467464447,"min":1.09388816357,"var":88.2177429199},"melbands_flatness_db":{"dmean":0.0373647175729,"dmean2":0.057971406728,"dvar":0.00112669658847,"dvar2":0.00252730865031,"max":0.603525042534,"mean":0.243717640638,"median":0.242783948779,"min":0.0000309662391373,"var":0.00637003546581},"melbands_kurtosis":{"dmean":11.3295974731,"dmean2":18.3144207001,"dvar":2158.71777344,"dvar2":6071.49169922,"max":1723.01574707,"mean":14.3930711746,"median":4.74139642715,"min":-1.53887844086,"var":2715.70727539},"melbands_skewness":{"dmean":1.07335245609,"dmean2":1.67820596695,"dvar":1.63453650475,"dvar2":3.9521625042,"max":33.1217155457,"mean":2.66465806961,"median":2.16043996811,"min":-1.13038122654,"var":5.03164958954},"melbands_spread":{"dmean":7.31857061386,"dmean2":11.6375074387,"dvar":59.5721282959,"dvar2":132.287185669,"max":160.653076172,"mean":23.807806015,"median":19.5921134949,"min":0.0979210436344,"var":423.168518066},"mfcc":{"cov":[[11519.8476562,2965.17700195,-1562.75146484,219.110015869,176.114212036,246.976333618,358.720031738,-2.57444405556,77.1354217529,38.5913467407,106.931144714,41.6944274902,90.9380493164],[2965.17700195,1734.7154541,-484.579772949,-125.61341095,230.134414673,54.5209846497,174.863540649,-13.0454158783,95.1296539307,33.0979537964,89.5982131958,8.28368854523,53.7968826294],[-1562.75146484,-484.579772949,661.973693848,-44.4318504333,10.5994310379,-23.3074378967,-57.980381012,25.9466381073,-8.88081359863,0.130697131157,7.44652366638,22.7738208771,-8.02436733246],[219.110015869,-125.61341095,-44.4318504333,278.851135254,-69.4448165894,26.8009548187,-23.9820175171,21.0558242798,-15.8007640839,16.1079616547,-13.0352668762,8.26842498779,-6.24495124817],[176.114212036,230.134414673,10.5994310379,-69.4448165894,221.621063232,31.5654811859,86.3323822021,10.5784006119,65.6077728271,26.1784591675,36.1306724548,-5.6188492775,22.5820636749],[246.976333618,54.5209846497,-23.3074378967,26.8009548187,31.5654811859,115.869018555,43.7242546082,38.2637748718,8.76871585846,11.6898050308,5.51325082779,17.9280128479,3.53799057007],[358.720031738,174.863540649,-57.980381012,-23.9820175171,86.3323822021,43.7242546082,117.876205444,36.3971672058,44.669708252,15.5272369385,21.7999210358,-2.94894194603,17.4098148346],[-2.57444405556,-13.0454158783,25.9466381073,21.0558242798,10.5784006119,38.2637748718,36.3971672058,73.2024002075,28.9781150818,15.9551296234,8.3813867569,9.28280830383,-2.77845191956],[77.1354217529,95.1296539307,-8.88081359863,-15.8007640839,65.6077728271,8.76871585846,44.669708252,28.9781150818,86.6202850342,50.800579071,30.5568847656,0.901613533497,10.709277153],[38.5913467407,33.0979537964,0.130697131157,16.1079616547,26.1784591675,11.6898050308,15.5272369385,15.9551296234,50.800579071,77.7168960571,39.722026825,13.5004844666,8.96161556244],[106.931144714,89.5982131958,7.44652366638,-13.0352668762,36.1306724548,5.51325082779,21.7999210358,8.3813867569,30.5568847656,39.722026825,68.0068664551,35.2146339417,21.2324390411],[41.6944274902,8.28368854523,22.7738208771,8.26842498779,-5.6188492775,17.9280128479,-2.94894194603,9.28280830383,0.901613533497,13.5004844666,35.2146339417,65.7198257446,33.270450592],[90.9380493164,53.7968826294,-8.02436733246,-6.24495124817,22.5820636749,3.53799057007,17.4098148346,-2.77845191956,10.709277153,8.96161556244,21.2324390411,33.270450592,60.7849998474]],"icov":[[0.000209591948078,-0.000306761736283,0.000228445831453,-0.000233681843383,0.000134202549816,-0.00016902522475,-0.000244796072366,0.0000973196365521,0.000120328491903,0.0000208690998988,0.00000754046504881,-0.000147839164129,0.0000526339717908],[-0.000306761736283,0.00143056910019,0.000359533209121,0.000600643455982,-0.000784418487456,0.00009015078831,-0.0000764622236602,0.000231866069953,-0.000502336944919,0.000477250723634,-0.0010506057879,0.000214646672248,-0.000111693858344],[0.000228445831453,0.000359533209121,0.00256683467887,0.000326457433403,-0.00110939145088,0.000279354833765,0.00108668557368,-0.00153153622523,0.000603735912591,0.000139061594382,-0.000638098747004,-0.000874449440744,0.000301708903862],[-0.000233681843383,0.000600643455982,0.000326457433403,0.00477137649432,0.000647052715067,-0.000719793431927,0.00102905603126,-0.00169934809674,0.00112156278919,-0.00229854509234,0.00100646354258,0.000044432352297,-0.000454196764622],[0.000134202549816,-0.000784418487456,-0.00110939145088,0.000647052715067,0.00919146556407,-0.00250622886233,-0.00410084612668,0.00352580985054,-0.00496302125975,0.00173140200786,-0.00256443233229,0.00303381122649,-0.00166526436806],[-0.00016902522475,0.00009015078831,0.000279354833765,-0.000719793431927,-0.00250622886233,0.0138772185892,-0.00398390227929,-0.00534929009154,0.00447604805231,-0.00373139395379,0.00485254824162,-0.00668805092573,0.00288310064934],[-0.000244796072366,-0.0000764622236602,0.00108668557368,0.00102905603126,-0.00410084612668,-0.00398390227929,0.0196676924825,-0.00794269237667,-0.00308288470842,0.00354710803367,-0.00490334164351,0.00728208292276,-0.00581061514094],[0.0000973196365521,0.000231866069953,-0.00153153622523,-0.00169934809674,0.00352580985054,-0.00534929009154,-0.00794269237667,0.0250392202288,-0.00959793757647,0.00202185520902,0.00162494718097,-0.00540638295934,0.00547783449292],[0.000120328491903,-0.000502336944919,0.000603735912591,0.00112156278919,-0.00496302125975,0.00447604805231,-0.00308288470842,-0.00959793757647,0.0303522199392,-0.0167620610446,0.000241061556153,0.00324537837878,-0.0022498019971],[0.0000208690998988,0.000477250723634,0.000139061594382,-0.00229854509234,0.00173140200786,-0.00373139395379,0.00354710803367,0.00202185520902,-0.0167620610446,0.0299009531736,-0.0146875530481,0.00321925175376,-0.000107746258436],[0.00000754046504881,-0.0010506057879,-0.000638098747004,0.00100646354258,-0.00256443233229,0.00485254824162,-0.00490334164351,0.00162494718097,0.000241061556153,-0.0146875530481,0.0364468917251,-0.0200276430696,0.00344059360214],[-0.000147839164129,0.000214646672248,-0.000874449440744,0.000044432352297,0.00303381122649,-0.00668805092573,0.00728208292276,-0.00540638295934,0.00324537837878,0.00321925175376,-0.0200276430696,0.0378514304757,-0.0179188102484],[0.0000526339717908,-0.000111693858344,0.000301708903862,-0.000454196764622,-0.00166526436806,0.00288310064934,-0.00581061514094,0.00547783449292,-0.0022498019971,-0.000107746258436,0.00344059360214,-0.0179188102484,0.0278484392911]],"mean":[-651.592102051,160.630874634,-31.0919265747,23.9647064209,-1.74179136753,18.2333087921,11.0171298981,8.5143289566,3.0103123188,8.00682830811,4.94143533707,7.27516365051,2.09530591965]},"pitch_salience":{"dmean":0.0968151688576,"dmean2":0.151940464973,"dvar":0.00720317475498,"dvar2":0.0160720832646,"max":0.993735134602,"mean":0.493804574013,"median":0.52523213625,"min":0.0262729916722,"var":0.0283425487578},"silence_rate_20dB":{"dmean":0.00173460540827,"dmean2":0.00346958683804,"dvar":0.00173159653787,"dvar2":0.00497549306601,"max":1,"mean":0.999024391174,"median":1,"min":0,"var":0.000974657945335},"silence_rate_30dB":{"dmean":0.133781433105,"dmean2":0.267591893673,"dvar":0.115883968771,"dvar2":0.225044265389,"max":1,"mean":0.653658509254,"median":1,"min":0,"var":0.226389050484},"silence_rate_60dB":{"dmean":0.00672159576789,"dmean2":0.0134446490556,"dvar":0.00667641591281,"dvar2":0.0149986837059,"max":1,"mean":0.0897560939193,"median":0,"min":0,"var":0.081699937582},"spectral_centroid":{"dmean":191.141311646,"dmean2":285.215179443,"dvar":46732.6171875,"dvar2":83011.0546875,"max":11369.9326172,"mean":1388.01843262,"median":1232.37023926,"min":212.256652832,"var":581546.6875},"spectral_complexity":{"dmean":3.42237639427,"dmean2":5.28114509583,"dvar":10.8419799805,"dvar2":22.5440731049,"max":61,"mean":25.842168808,"median":28,"min":0,"var":127.727935791},"spectral_contrast_coeffs":{"dmean":[0.05414641276,0.0483043044806,0.0379647351801,0.028451371938,0.0196714568883,0.036987375468],"dmean2":[0.0900563597679,0.0818621888757,0.0636059045792,0.0483611933887,0.0328835472465,0.0571794062853],"dvar":[0.00176015566103,0.00145641155541,0.000914469361305,0.000505067000631,0.000269381562248,0.00107673252933],"dvar2":[0.00487093580887,0.00399156985804,0.00247531640343,0.00140321115032,0.000735530280508,0.00257769646123],"max":[-0.393585890532,-0.450266718864,-0.546102583408,-0.627368211746,-0.640155434608,-0.475325644016],"mean":[-0.731725037098,-0.781712472439,-0.798624157906,-0.80102545023,-0.810892701149,-0.743478536606],"median":[-0.738440811634,-0.787773132324,-0.800892472267,-0.799274384975,-0.806657791138,-0.750566601753],"min":[-0.975955784321,-0.981953144073,-0.988281726837,-0.981196343899,-0.979108393192,-0.964357376099],"var":[0.00627850322053,0.00464778207242,0.00291764247231,0.00196338049136,0.00122302595992,0.00443902984262]},"spectral_contrast_valleys":{"dmean":[0.41780397296,0.359559208155,0.297486186028,0.243036225438,0.227370068431,0.545024335384],"dmean2":[0.684689879417,0.595861434937,0.490025579929,0.399148106575,0.341190248728,0.866665899754],"dvar":[0.1267542243,0.0946004539728,0.0780212879181,0.0637861415744,0.0686845928431,0.231627091765],"dvar2":[0.296310424805,0.230453401804,0.185850381851,0.142579257488,0.137161150575,0.618116557598],"max":[-4.71274662018,-4.57332229614,-4.88687181473,-5.47774505615,-5.46161746979,-8.92997741699],"mean":[-6.80447769165,-6.46591520309,-6.60789251328,-7.02568435669,-7.45256185532,-10.9676332474],"median":[-6.31811475754,-6.09015703201,-6.18083286285,-6.60426330566,-7.07056331635,-10.8112363815],"min":[-27.691734314,-27.6562690735,-27.755109787,-27.6080112457,-27.4336509705,-27.3407649994],"var":[2.92670845985,2.45916414261,2.64521479607,2.64909815788,2.10318374634,1.45662462711]},"spectral_decrease":{"dmean":9.19618781126e-9,"dmean2":1.43989140611e-8,"dvar":1.48325659929e-16,"dvar2":3.70821256959e-16,"max":1.48042609283e-8,"mean":-1.72986318603e-8,"median":-1.15434879433e-8,"min":-1.16579748521e-7,"var":3.13611275273e-16},"spectral_energy":{"dmean":0.0347995758057,"dmean2":0.0542009621859,"dvar":0.00209876499139,"dvar2":0.00522478437051,"max":0.459880501032,"mean":0.0898624584079,"median":0.0753290429711,"min":1.01488388785e-20,"var":0.00500471051782},"spectral_energyband_high":{"dmean":0.000360089965397,"dmean2":0.000527757627424,"dvar":2.61022563564e-7,"dvar2":5.65582354284e-7,"max":0.013747648336,"mean":0.0013080398785,"median":0.00121363380458,"min":7.17266080603e-21,"var":0.00000130844523483},"spectral_energyband_low":{"dmean":0.0319131873548,"dmean2":0.050455249846,"dvar":0.00202314951457,"dvar2":0.00510894041508,"max":0.41250655055,"mean":0.0529438406229,"median":0.0300206448883,"min":3.57312590645e-23,"var":0.00380834611133},"spectral_energyband_middle_high":{"dmean":0.00307145598345,"dmean2":0.00492339907214,"dvar":0.0000145527419591,"dvar2":0.0000373880575353,"max":0.0821335911751,"mean":0.0108698839322,"median":0.00991062819958,"min":1.24760808358e-21,"var":0.0000692617104505},"spectral_energyband_middle_low":{"dmean":0.00432377494872,"dmean2":0.0069842915982,"dvar":0.0000332395138685,"dvar2":0.0000839828280732,"max":0.109672889113,"mean":0.0112010678276,"median":0.00882103759795,"min":1.96430921861e-22,"var":0.0000992497443804},"spectral_entropy":{"dmean":0.118396043777,"dmean2":0.180438667536,"dvar":0.0149523159489,"dvar2":0.0318170338869,"max":9.81498908997,"mean":7.6612663269,"median":7.64867591858,"min":5.65970039368,"var":0.0930988267064},"spectral_flux":{"dmean":0.0432137623429,"dmean2":0.0711011514068,"dvar":0.0024536291603,"dvar2":0.00632983632386,"max":0.555624544621,"mean":0.155104830861,"median":0.153691649437,"min":6.50274625813e-11,"var":0.00644620787352},"spectral_kurtosis":{"dmean":4.70236444473,"dmean2":7.45207262039,"dvar":29.3084564209,"dvar2":72.1205673218,"max":73.830291748,"mean":21.8431377411,"median":21.638130188,"min":-1.23492836952,"var":104.035606384},"spectral_rms":{"dmean":0.00161982583813,"dmean2":0.0024512661621,"dvar":0.00000324896336679,"dvar2":0.00000750688695916,"max":0.0211816877127,"mean":0.0084429346025,"median":0.00857273302972,"min":3.14663421187e-12,"var":0.000016387542928},"spectral_rolloff":{"dmean":4016.71972656,"dmean2":7596.453125,"dvar":48899584,"dvar2":113541488,"max":22028.4667969,"mean":10602.3769531,"median":4844.97070312,"min":43.06640625,"var":94189560},"spectral_skewness":{"dmean":0.351834833622,"dmean2":0.544221043587,"dvar":0.147085621953,"dvar2":0.336175560951,"max":6.62173700333,"mean":3.15774416924,"median":3.27880835533,"min":-0.0658308789134,"var":0.857692241669},"spectral_spread":{"dmean":415601.875,"dmean2":658455.1875,"dvar":256552812544,"dvar2":581284790272,"max":41633404,"mean":4000748,"median":3718865.5,"min":1865207.875,"var":3794548555780},"spectral_strongpeak":{"dmean":3.5652718544,"dmean2":6.58618545532,"dvar":229.969894409,"dvar2":629.461364746,"max":288.023681641,"mean":3.01369690895,"median":0.334137409925,"min":0,"var":210.275421143},"zerocrossingrate":{"dmean":0.039672691375,"dmean2":0.0475005581975,"dvar":0.0011784771923,"dvar2":0.00156053120736,"max":0.67138671875,"mean":0.246023461223,"median":0.23486328125,"min":0.0029296875,"var":0.0115229208022}},"metadata":{"audio_properties":{"analysis_sample_rate":44100,"bit_rate":285410,"codec":"mp3","downmix":"mix","equal_loudness":0,"length":214.179031372,"lossless":false,"md5_encoded":"9f499db1384d7a23bceac76e5f840afd","replay_gain":1.38946342468,"sample_rate":44100},"tags":{"acoustid_id":["c8d43e9c-04b2-4609-ad7a-7577b2315406"],"album":["Four"],"albumartist":["Bloc Party"],"artist":["Bloc Party"],"date":["2012"],"discnumber":["1/1"],"file_name":"01 - Bloc Party - So He Begins to Lie.mp3","musicbrainz_albumartistid":["8c538f11-c141-4588-8ecb-931083524186"],"musicbrainz_albumid":["a3ab21b3-86a2-419e-9744-adc8928510aa"],"musicbrainz_artistid":["8c538f11-c141-4588-8ecb-931083524186"],"musicbrainz_recordingid":["e20e39e3-a44f-4e8f-8d79-8e2be1cc3f9d"],"musicbrainz_releasegroupid":["08f53230-984f-45ff-ab63-550128ef3bf0"],"replaygain_album_gain":["-0.06 dB"],"replaygain_album_peak":["0.355843"],"replaygain_track_gain":["-0.67 dB"],"replaygain_track_peak":["0.311411"],"title":["So He Begins to Lie"],"tracknumber":["1/14"]},"version":{"essentia":"2.1-beta1","essentia_build_sha":"e76a03f03bb3900de42a1fa0d9be1e72f12def64","essentia_git_sha":"v2.1_beta1-28-g21ef5f4-dirty","extractor":"music 1.0"}},"rhythm":{"beats_count":548,"beats_loudness":{"dmean":0.0644552186131,"dmean2":0.114724166691,"dvar":0.00376699608751,"dvar2":0.0109194833785,"max":0.347837984562,"mean":0.0957624837756,"median":0.0827444195747,"min":6.15253625824e-9,"var":0.00492635928094},"beats_loudness_band_ratio":{"dmean":[0.301989763975,0.0676959306002,0.0751751959324,0.100540824234,0.0372194461524,0.130479097366],"dmean2":[0.538130044937,0.115820929408,0.133930742741,0.181305333972,0.0659345090389,0.229464918375],"dvar":[0.0531485378742,0.00833280570805,0.00652478449047,0.0100249852985,0.00169047201052,0.0119248460978],"dvar2":[0.161982536316,0.0216148346663,0.0184296723455,0.0314462259412,0.00492238020524,0.0344775617123],"max":[0.974509894848,0.724847316742,0.621270298958,0.71918207407,0.30610486865,0.667106091976],"mean":[0