{"lowlevel":{"average_loudness":0.928865373135,"barkbands":{"dmean":[0.00171555369161,0.00385483447462,0.00143277447205,0.00223500700668,0.00106693280395,0.00258490466513,0.000759991758969,0.000589567702264,0.000780863105319,0.00100362021476,0.000470133119961,0.000652871385682,0.000727989128791,0.000552998448256,0.000339197053108,0.000312971009407,0.000190702325199,0.000158528971951,0.000111268222099,0.000108814689156,0.000101814628579,0.000123450998217,0.0000577743921895,0.00000926348184294,0.00000177380820787,0.0000160137296916,0.000210992584471],"dmean2":[0.0028508680407,0.00650762487203,0.00244712503627,0.00358372973278,0.00175124197267,0.00397746823728,0.001256851363,0.00100573187228,0.00129534921143,0.00169245782308,0.000800250854809,0.00110569107346,0.00123956752941,0.00093247438781,0.000571382930502,0.000518156273756,0.00031378789572,0.000253887672443,0.000174846703885,0.000163962817169,0.000147284721606,0.000173523105332,0.0000825655370136,0.0000135922755362,0.00000295623271995,0.0000220216206799,0.000313620315865],"dvar":[0.0000142695980685,0.0000388552762161,0.00000391198273064,0.0000131818187583,0.00000214490046346,0.00002473812674,0.00000175041952843,5.62085062938e-7,0.00000125599513012,0.00000232353704632,7.60166642522e-7,5.67516963201e-7,7.37659320293e-7,4.21388534733e-7,2.2120421761e-7,2.3819177386e-7,6.79352112343e-8,7.85009675042e-8,1.10592168312e-7,8.30624884429e-8,3.53469857828e-8,6.55754206491e-8,1.53974220041e-8,3.60114299491e-10,8.01294447461e-12,1.02211161757e-9,4.76904702396e-8],"dvar2":[0.000035232395021,0.000102923899249,0.0000108155627458,0.0000307765876641,0.00000530151646672,0.0000551033990632,0.00000458983458884,0.00000153449036588,0.00000323794574797,0.0000058769073803,0.00000193190112441,0.0000015531148847,0.0000020170073185,0.00000116792568861,6.00014061547e-7,6.33316744825e-7,1.73617209498e-7,1.97206702524e-7,2.60867693669e-7,1.69114954929e-7,7.21644326518e-8,1.28555555534e-7,3.07693852619e-8,7.33222371707e-10,2.04455220115e-11,1.85901316563e-9,1.01074071779e-7],"max":[0.036641664803,0.0658518150449,0.0317704677582,0.0872272402048,0.0395226553082,0.0987035855651,0.0289897117764,0.0142265148461,0.0221453346312,0.0481971167028,0.0387754961848,0.0151235964149,0.0221534799784,0.0115060182288,0.00862266961485,0.0101115843281,0.00524177821353,0.00792858283967,0.0174259934574,0.0122820558026,0.0046834195964,0.00478652771562,0.00214972347021,0.000292285636533,0.0000405727369071,0.000516185071319,0.00623718323186],"mean":[0.00162880856078,0.00463171908632,0.00186277343892,0.0034969584085,0.0018463449087,0.00460349116474,0.00125843309797,0.000932527182158,0.00138285080902,0.00165699888021,0.000796992389951,0.00119690515567,0.00136305601336,0.00112533604261,0.000664659717586,0.000640818383545,0.000396144401748,0.000315961544402,0.000220299174543,0.000229307479458,0.000228055199841,0.000229700948694,0.000101495548734,0.0000153228447743,0.00000181868028903,0.0000314149947371,0.00077736080857],"median":[0.000341218226822,0.00231482833624,0.00111250032205,0.00153479003347,0.00122152315453,0.00198323070072,0.000715513539035,0.000683197518811,0.000923501094803,0.00116521341261,0.000576828140765,0.00094181165332,0.00108341348823,0.000874810386449,0.000456115463749,0.000419543735916,0.000281763088424,0.000167087768205,0.000115102127893,0.000122290963191,0.000127703591716,0.000068565030233,0.0000236567047978,0.00000410023358199,7.57787120165e-7,0.00000977647960099,0.000688483414706],"min":[5.8796327621e-25,1.37076040487e-24,2.59468835451e-24,6.77586749728e-25,5.50630197212e-24,9.51968389225e-24,6.02731265116e-24,5.93633805612e-24,1.34116325089e-23,1.98175901116e-23,1.32923961831e-23,2.32448042029e-23,3.31953836431e-23,3.36183834823e-23,3.50575560742e-23,5.60480308905e-23,4.82511916052e-23,8.1016810138e-23,1.41388865329e-22,1.478608569e-22,2.47802642103e-22,2.90788139834e-22,3.33718253219e-22,5.61750450693e-22,8.81135265347e-22,1.24185760313e-21,1.93643627634e-21],"var":[0.000013895632037,0.0000406331892009,0.00000542977022633,0.0000312101874442,0.00000504351055497,0.0000691976820235,0.00000373121724806,8.95928849332e-7,0.00000269673364528,0.00000371928808818,0.00000112461793833,0.00000113398323265,0.00000147707089582,9.68321728578e-7,4.51624032394e-7,5.36788434147e-7,1.57876883122e-7,1.81339515848e-7,1.79066518058e-7,1.8911522659e-7,9.26136607404e-8,1.73529542735e-7,3.76941891034e-8,8.24801560384e-10,8.37034261347e-12,2.99268920756e-9,2.27919031204e-7]},"barkbands_crest":{"dmean":2.430519104,"dmean2":3.96305370331,"dvar":4.89773464203,"dvar2":12.5203723907,"max":22.5593719482,"mean":7.36156749725,"median":6.54705047607,"min":2.03036355972,"var":11.5874967575},"barkbands_flatness_db":{"dmean":0.0177719537169,"dmean2":0.0275185257196,"dvar":0.000253053731285,"dvar2":0.000609533977695,"max":0.265540748835,"mean":0.0964337810874,"median":0.0933458134532,"min":0.0230498127639,"var":0.00107559526805},"barkbands_kurtosis":{"dmean":1.52245652676,"dmean2":2.42042613029,"dvar":3.82681822777,"dvar2":9.74259757996,"max":42.2069587708,"mean":2.35661625862,"median":1.73230600357,"min":-1.72171890736,"var":8.13271903992},"barkbands_skewness":{"dmean":0.39818495512,"dmean2":0.62643891573,"dvar":0.139327988029,"dvar2":0.353028476238,"max":5.95166063309,"mean":1.28830718994,"median":1.24188542366,"min":-2.2044904232,"var":0.572310507298},"barkbands_spread":{"dmean":6.16015577316,"dmean2":9.37419700623,"dvar":32.0713768005,"dvar2":68.5104904175,"max":100.008918762,"mean":33.1920166016,"median":30.4874916077,"min":5.67305517197,"var":173.052474976},"dissonance":{"dmean":0.0122194150463,"dmean2":0.0209755450487,"dvar":0.000128535437398,"dvar2":0.000364741543308,"max":0.500000178814,"mean":0.4805110991,"median":0.48369076848,"min":0.361595660448,"var":0.000193123603822},"dynamic_complexity":1.71950054169,"erbbands":{"dmean":[0.186791181564,0.642438292503,1.46668386459,4.70268774033,4.90793037415,4.11206102371,12.191906929,23.6611404419,11.4966363907,12.4827823639,13.3268957138,16.62225914,27.7896442413,26.23528862,20.2287826538,23.480381012,33.7720222473,26.5954017639,20.8048191071,16.7411403656,14.5806684494,9.85966110229,8.89438915253,6.65097856522,4.97916603088,5.12210130692,4.80161142349,3.78439760208,4.78871250153,3.30664610863,1.26135492325,0.366404622793,0.0767022892833,0.0208112113178,0.0127011826262,0.0112551432103,0.0323827415705,0.0552323274314,0.0164440646768,0.00425960542634],"dmean2":[0.322340250015,1.06510913372,2.48213386536,7.59665966034,7.95249080658,6.85096359253,18.8501968384,36.9523658752,19.0134506226,20.5495090485,22.6793270111,27.5489196777,46.6106414795,44.4708023071,34.0607795715,39.9263534546,57.5219688416,44.9161834717,35.0424423218,27.5517749786,24.1972446442,16.0878448486,14.1779308319,10.4519882202,7.65489387512,7.7496008873,7.15108299255,5.36638069153,6.83536815643,4.71398687363,1.79251611233,0.514999628067,0.116932086647,0.0344068706036,0.0210914090276,0.017534757033,0.0433890260756,0.073103480041,0.021700816229,0.0065081291832],"dvar":[0.14457577467,0.760265827179,4.32418823242,51.9020042419,68.892288208,30.4663295746,599.431640625,2622.2902832,398.730865479,479.798248291,342.351959229,673.837036133,2255.24804688,1315.52612305,867.17578125,697.285827637,1625.07751465,981.753662109,825.161010742,742.061340332,384.866149902,191.756271362,240.052139282,183.528778076,316.159515381,196.692626953,107.076080322,37.4640045166,101.017707825,51.5759849548,7.1835064888,0.581856787205,0.0216899123043,0.00103864329867,0.00039742255467,0.000268273463007,0.00425206590444,0.0122093232349,0.000755514309276,0.000017063717678],"dvar2":[0.388259738684,2.00327825546,11.9422273636,121.890434265,161.641769409,79.5592727661,1288.33691406,5973.85302734,1067.43103027,1127.14306641,935.35748291,1707.74438477,5619.62841797,3561.14624023,2226.72290039,1915.49816895,4486.91845703,2727.24194336,2267.95361328,1981.3157959,1018.64031982,480.39666748,599.397644043,429.447662354,757.29498291,409.233795166,224.563323975,72.1789703369,205.914581299,100.575386047,14.1920671463,1.13807988167,0.048113964498,0.00263506779447,0.001012732042,0.000599075166974,0.00742879277095,0.021079916507,0.0013940690551,0.0000382991784136],"max":[3.59637928009,12.8058347702,32.1773109436,166.413726807,239.805801392,105.584617615,750.848388672,1160.80371094,503.588897705,716.839660645,349.6640625,629.708679199,1627.20373535,933.962524414,1231.25354004,389.67477417,1166.21435547,582.986083984,986.420532227,522.902709961,491.19631958,338.644897461,564.24420166,398.740325928,976.052978516,646.234863281,294.422149658,126.5729599,192.544876099,132.720611572,43.7945213318,12.2167835236,3.08032822609,0.457218378782,0.286900490522,0.254602730274,1.22864747047,2.03620481491,1.10487389565,0.113802045584],"mean":[0.186053603888,0.840972959995,2.06465291977,7.67638921738,8.01775169373,6.66052246094,20.3300609589,40.9667663574,19.82421875,20.5175952911,22.8037948608,29.9819202423,45.9033203125,45.7722358704,39.7060432434,48.2260017395,65.3733901978,56.5120811462,44.5623283386,35.2841377258,32.1967277527,22.3662567139,18.4101791382,13.7137022018,10.2202787399,10.7962684631,10.121011734,8.28620910645,8.82419395447,5.90271425247,2.27717280388,0.655393600464,0.113057523966,0.0232750661671,0.0135769061744,0.0166976768523,0.0656069368124,0.120811358094,0.049567360431,0.0221489332616],"median":[0.0675504282117,0.47624078393,1.35065174103,3.9193239212,4.1971039772,4.28674077988,9.25844573975,16.1370658875,11.5991830826,12.8205690384,16.0689144135,19.811958313,32.3496208191,33.0424499512,30.3718719482,39.7612304688,52.4403762817,45.9024581909,33.8436965942,21.2607059479,23.6064605713,16.1841526031,10.3869838715,7.58238220215,5.29986953735,5.80059862137,5.64616918564,4.42320871353,2.73360514641,1.41840970516,0.570737957954,0.166046217084,0.0354957282543,0.0116018503904,0.00618711579591,0.0078986780718,0.0199092254043,0.0435072481632,0.033253416419,0.0213345643133],"min":[6.70690109599e-23,1.59363357666e-22,3.21243830379e-21,3.18243806241e-21,5.56915422493e-21,2.03192280739e-20,4.91149862437e-20,7.36015615527e-20,1.38148403455e-19,8.47134083009e-20,2.14579556013e-19,3.37492766e-19,5.05967510641e-19,5.57569467095e-19,7.95068944186e-19,1.20470015726e-18,1.61048632465e-18,1.61564327878e-18,2.51934047614e-18,3.69836256903e-18,2.80250094342e-18,3.27912592789e-18,5.14671404899e-18,6.15421424482e-18,7.13295626588e-18,7.7758815698e-18,9.6637360295e-18,1.03165295981e-17,9.8426039108e-18,1.14370028133e-17,8.87021670479e-18,1.05750285026e-17,9.88969116716e-18,8.14163684844e-18,6.49825231006e-18,4.10134138882e-18,1.89922860671e-18,9.48211715228e-19,2.35008422676e-19,2.70210114694e-20],"var":[0.120344690979,1.04105699062,5.4109826088,124.276611328,174.645324707,55.61460495,1437.90625,7585.65625,787.810546875,1031.95568848,563.873046875,1418.28210449,3346.99584961,2292.9206543,1681.79626465,1430.53747559,3274.75463867,2116.88818359,1778.9432373,1663.0859375,958.018493652,483.874359131,575.321777344,400.341918945,482.643035889,423.944152832,241.349365234,113.355384827,252.567108154,129.069671631,17.9105148315,1.46637666225,0.041516084224,0.00112726318184,0.000421378121246,0.00051864417037,0.0130718834698,0.040171649307,0.00276711955667,0.000119690135762]},"erbbands_crest":{"dmean":1.83748185635,"dmean2":3.1092543602,"dvar":3.07354283333,"dvar2":8.13352775574,"max":26.2130775452,"mean":6.42551803589,"median":5.85580158234,"min":2.51889157295,"var":6.31011962891},"erbbands_flatness_db":{"dmean":0.0159528087825,"dmean2":0.0245305337012,"dvar":0.000199536138098,"dvar2":0.00043784774607,"max":0.315181642771,"mean":0.144176080823,"median":0.141270920634,"min":0.0701244398952,"var":0.00123846286442},"erbbands_kurtosis":{"dmean":0.534112632275,"dmean2":0.867644190788,"dvar":0.308824837208,"dvar2":0.752880036831,"max":17.2409362793,"mean":0.0195309780538,"median":-0.129580974579,"min":-1.56625258923,"var":0.808306336403},"erbbands_skewness":{"dmean":0.265965789557,"dmean2":0.425643444061,"dvar":0.0517652928829,"dvar2":0.125718295574,"max":2.40537381172,"mean":-0.0247271675617,"median":-0.0155857903883,"min":-3.13132596016,"var":0.184475451708},"erbbands_spread":{"dmean":5.53883457184,"dmean2":8.60194206238,"dvar":26.6682109833,"dvar2":60.0248680115,"max":91.4930725098,"mean":30.9907627106,"median":29.4748592377,"min":4.59466743469,"var":141.751586914},"gfcc":{"cov":[[22601.9101562,1330.20385742,-1894.65393066,59.8663291931,-447.865722656,-362.19921875,121.277359009,-578.879272461,64.7200241089,-196.003921509,-199.302612305,100.322685242,-238.041015625],[1330.20385742,1058.89929199,-247.221801758,-338.254577637,257.289093018,-127.970550537,-38.0753250122,-33.7566986084,-80.7118682861,-7.0450053215,27.5586090088,-194.464752197,154.438140869],[-1894.65393066,-247.221801758,423.815490723,113.442848206,-43.4585952759,180.280761719,-35.9193763733,65.1466369629,11.7590332031,24.4146938324,-2.43010854721,55.7647094727,-22.3466300964],[59.8663291931,-338.254577637,113.442848206,306.987457275,-52.6725082397,-9.4875125885,80.5516967773,-25.6265506744,42.2428016663,-28.628698349,-18.8404445648,98.6125183105,-95.300567627],[-447.865722656,257.289093018,-43.4585952759,-52.6725082397,181.85848999,-39.7529220581,18.5099010468,33.7638549805,-36.0009536743,-1.5776424408,21.9407577515,-79.5149002075,57.9250831604],[-362.19921875,-127.970550537,180.280761719,-9.4875125885,-39.7529220581,239.571029663,-13.6479940414,56.3836135864,25.9715080261,22.3053379059,-11.2164344788,31.0592842102,-18.7845001221],[121.277359009,-38.0753250122,-35.9193763733,80.5516967773,18.5099010468,-13.6479940414,148.506652832,-30.1847076416,51.783821106,-13.4493026733,-6.63697719574,33.6804542542,-44.126335144],[-578.879272461,-33.7566986084,65.1466369629,-25.6265506744,33.7638549805,56.3836135864,-30.1847076416,127.909996033,-14.4486894608,28.5587749481,21.5532951355,-26.4768238068,44.1467018127],[64.7200241089,-80.7118682861,11.7590332031,42.2428016663,-36.0009536743,25.9715080261,51.783821106,-14.4486894608,105.035957336,20.5846843719,9.42731761932,68.1620788574,-38.7823448181],[-196.003921509,-7.0450053215,24.4146938324,-28.628698349,-1.5776424408,22.3053379059,-13.4493026733,28.5587749481,20.5846843719,63.9876251221,37.7294158936,6.3171749115,27.4135799408],[-199.302612305,27.5586090088,-2.43010854721,-18.8404445648,21.9407577515,-11.2164344788,-6.63697719574,21.5532951355,9.42731761932,37.7294158936,62.2810783386,19.3981895447,31.1943531036],[100.322685242,-194.464752197,55.7647094727,98.6125183105,-79.5149002075,31.0592842102,33.6804542542,-26.4768238068,68.1620788574,6.3171749115,19.3981895447,128.317169189,-32.9133033752],[-238.041015625,154.438140869,-22.3466300964,-95.300567627,57.9250831604,-18.7845001221,-44.126335144,44.1467018127,-38.7823448181,27.4135799408,31.1943531036,-32.9133033752,104.002326965]],"icov":[[0.000335390446708,-0.00136215134989,0.00235794624314,-0.00203603040427,0.00187078502495,-0.00141607457772,0.000634181546047,-0.00038837705506,0.000891636300366,-0.0011106764432,0.000968386069871,-0.00094146799529,0.000604395230766],[-0.00136215134989,0.00847756117582,-0.00953086651862,0.0100460201502,-0.0100309932604,0.00573457591236,-0.00248039513826,0.00431700376794,-0.00543106300756,0.00655740592629,-0.00527533655986,0.00635671429336,-0.00497078383341],[0.00235794624314,-0.00953086651862,0.0214779190719,-0.0169304534793,0.0124716768041,-0.0134235629812,0.00643108831719,-0.00327926967293,0.00700756721199,-0.00939425639808,0.00745411636308,-0.00737908948213,0.00391885032877],[-0.00203603040427,0.0100460201502,-0.0169304534793,0.0232293978333,-0.0158347021788,0.0131838768721,-0.00646203896031,0.000501832633745,-0.00115788727999,0.00489912601188,-0.0012191128917,-0.00332103041001,0.00390743650496],[0.00187078502495,-0.0100309932604,0.0124716768041,-0.0158347021788,0.0269975066185,-0.00924682617188,-0.00088217301527,-0.00325031718239,0.00123367144261,0.00193473952822,-0.00558217102662,0.00759704783559,-0.00432536518201],[-0.00141607457772,0.00573457591236,-0.0134235629812,0.0131838768721,-0.00924682617188,0.0153995910659,-0.00361540867016,-0.00274252332747,-0.00194356672,0.000491417071316,0.00228903372772,-0.00220378651284,0.00276327994652],[0.000634181546047,-0.00248039513826,0.00643108831719,-0.00646203896031,-0.00088217301527,-0.00361540867016,0.0131786409765,0.000330125330947,-0.00293433107436,-0.0019278320251,0.00330392410979,-0.00314206583425,0.00331350741908],[-0.00038837705506,0.00431700376794,-0.00327926967293,0.000501832633745,-0.00325031718239,-0.00274252332747,0.000330125330947,0.0168616510928,-0.005984634161,0.00439461460337,-0.00833782088012,0.0114549472928,-0.0105106653646],[0.000891636300366,-0.00543106300756,0.00700756721199,-0.00115788727999,0.00123367144261,-0.00194356672,-0.00293433107436,-0.005984634161,0.0294845234603,-0.0199801549315,0.0129151642323,-0.0228494089097,0.0159639250487],[-0.0011106764432,0.00655740592629,-0.00939425639808,0.00489912601188,0.00193473952822,0.000491417071316,-0.0019278320251,0.00439461460337,-0.0199801549315,0.0459060668945,-0.0311066024005,0.0224122330546,-0.0166089683771],[0.000968386069871,-0.00527533655986,0.00745411636308,-0.0012191128917,-0.00558217102662,0.00228903372772,0.00330392410979,-0.00833782088012,0.0129151642323,-0.0311066024005,0.048341203481,-0.0280792769045,0.0086278244853],[-0.00094146799529,0.00635671429336,-0.00737908948213,-0.00332103041001,0.00759704783559,-0.00220378651284,-0.00314206583425,0.0114549472928,-0.0228494089097,0.0224122330546,-0.0280792769045,0.0426111072302,-0.0195686928928],[0.000604395230766,-0.00497078383341,0.00391885032877,0.00390743650496,-0.00432536518201,0.00276327994652,0.00331350741908,-0.0105106653646,0.0159639250487,-0.0166089683771,0.0086278244853,-0.0195686928928,0.0331281200051]],"mean":[20.2204418182,90.7155075073,-109.415901184,-5.43872976303,-16.0364685059,-19.9167232513,6.37391805649,-31.174955368,3.65689921379,-9.07263278961,-8.45705223083,1.47712564468,-9.71765995026]},"hfc":{"dmean":29.3716716766,"dmean2":46.7225990295,"dvar":674.549072266,"dvar2":1675.49316406,"max":433.001098633,"mean":148.401901245,"median":148.182342529,"min":1.07487845732e-16,"var":3201.53955078},"melbands":{"dmean":[0.00138181645889,0.000741636555176,0.000820559565909,0.000268175703241,0.000357979850378,0.000507908931468,0.000167067730217,0.000133229783387,0.000118520139949,0.000108925996756,0.000143106939504,0.000114225898869,0.0000650255460641,0.0000775433072704,0.0000742005213397,0.0000665813349769,0.0000540392575203,0.0000398394913645,0.0000236352279899,0.0000244879975071,0.0000168642509379,0.0000114194917842,0.0000103418624349,0.00000757164980314,0.00000578049184696,0.00000404395768783,0.00000390820468965,0.00000363853905583,0.00000353600398739,0.00000244378065872,0.00000233899800151,0.00000288023466055,0.00000256616613115,0.00000169507666214,8.3633557324e-7,3.75462008151e-7,1.75646718503e-7,6.32576586668e-8,2.08351629283e-8,1.62225024525e-8],"dmean2":[0.00234819459729,0.00123657577205,0.00132200180087,0.00043859804282,0.000554306607228,0.00078882771777,0.000276486156508,0.000220061745495,0.00020047124417,0.000180572460522,0.000240055233007,0.000193889340153,0.000109959059046,0.000131266497192,0.000126205370179,0.000113311391033,0.0000915980199352,0.0000675147093716,0.0000396218165406,0.000040555230953,0.0000281501561403,0.0000189191487152,0.0000169458271557,0.0000122009505503,0.00000923129118746,0.00000636749655314,0.00000615142198512,0.00000561078331884,0.00000540604514754,0.00000364006541531,0.00000342305247614,0.00000422771790909,0.00000374007800019,0.00000247056800617,0.00000122995186302,5.45486443571e-7,2.57825234939e-7,9.85441914736e-8,3.45761002052e-8,2.70723656826e-8],"dvar":[0.00000662958564135,9.75444891083e-7,0.00000158247735271,1.38104141456e-7,4.50286336218e-7,0.00000107702510377,7.88546898889e-8,4.53459350069e-8,2.792382503e-8,2.92487403186e-8,5.93072506661e-8,2.4841344981e-8,1.33275586123e-8,8.35905211716e-9,7.95118726415e-9,6.28290619531e-9,4.05612610166e-9,3.08421821416e-9,1.28630928131e-9,1.86542137293e-9,4.76616635048e-10,2.47432047074e-10,2.9982200056e-10,1.88608823004e-10,1.36927025274e-10,2.04044545149e-10,1.31341146292e-10,9.83565798252e-11,7.08297101526e-11,2.01096136271e-11,1.43111460182e-11,3.62160752776e-11,3.2138954692e-11,1.40666098561e-11,3.23239980789e-12,6.53640715772e-13,1.41165101527e-13,1.74578487924e-14,1.02788591644e-15,6.81378343183e-16],"dvar2":[0.0000176129815372,0.00000265808193944,0.00000372200634047,3.42648064589e-7,9.70403107203e-7,0.00000244800958171,2.1152199281e-7,1.07843888486e-7,7.4869205946e-8,7.45881578723e-8,1.48098692421e-7,6.73752609259e-8,3.3067955485e-8,2.27323067037e-8,2.16040216827e-8,1.73074461429e-8,1.12652100981e-8,8.44231795583e-9,3.46503492565e-9,5.02565633553e-9,1.26661781064e-9,6.27615681648e-10,7.86793186158e-10,4.69561944882e-10,3.29357430218e-10,5.00089580857e-10,3.02521174778e-10,2.14798803744e-10,1.58824592367e-10,4.24331542126e-11,2.94115738708e-11,7.68205776769e-11,6.63453597616e-11,2.8980739683e-11,6.76263992722e-12,1.38372158783e-12,2.91207650441e-13,4.05310144171e-14,2.60065796345e-15,1.73974225207e-15],"max":[0.0247341357172,0.0152555266395,0.0289527457207,0.0101959267631,0.0197161771357,0.0229177568108,0.00685236044228,0.00698898918927,0.00375222181901,0.00407588481903,0.00841160677373,0.00403188541532,0.0055976123549,0.0020282510668,0.00234883488156,0.00253811501898,0.00103080051485,0.00198411755264,0.000814336817712,0.000949531677179,0.000527494295966,0.000436274451204,0.000383256963687,0.000366821244825,0.000334849813953,0.000798739551101,0.000392274552723,0.000471692037536,0.000245598726906,0.000145446450915,0.0000777803579695,0.000119632022688,0.0000982506753644,0.0000715102505637,0.0000265163107542,0.000017898499209,0.00000608110121902,0.00000305326216221,4.21283289143e-7,3.73273763898e-7],"mean":[0.0015424832236,0.00109060411341,0.00138209946454,0.000471871782793,0.000622422783636,0.000898607773706,0.00028925537481,0.000216502943658,0.000195207001525,0.000191462357179,0.0002315963211,0.000190207050764,0.000120379641885,0.000137333394377,0.00013926968677,0.000127124221763,0.000103676124127,0.0000770234692027,0.0000466223136755,0.0000472019419249,0.0000348633075191,0.0000234963154071,0.0000190998089238,0.0000144459936564,0.000010851848856,0.00000750110802983,0.00000736622314434,0.00000705219281372,0.00000674563943903,0.00000500841315443,0.00000470264512842,0.00000506056494487,0.00000440177200289,0.00000284889438262,0.00000142455360219,6.53509687254e-7,2.86354094214e-7,8.47408117011e-8,2.18584812472e-8,1.64780544765e-8],"median":[0.000675269577187,0.000742423639167,0.000735541107133,0.000305400812067,0.000311948504532,0.00037806481123,0.000172371321241,0.000140876160003,0.000131845445139,0.000125472797663,0.000161685165949,0.000134186586365,0.0000891644594958,0.000104966413346,0.000111690504127,0.000101526602521,0.0000813518417999,0.0000562995846849,0.0000301766121993,0.0000271988556051,0.0000262567591562,0.0000167999314726,0.0000108850026663,0.00000733957540433,0.00000573369516133,0.00000371897863261,0.00000369548388335,0.00000362124592357,0.00000347800323652,0.00000275614252132,0.0000024123064577,0.00000156247494942,0.00000109850373065,6.37415723759e-7,3.43341383768e-7,1.75404494485e-7,6.41692139425e-8,2.18288693787e-8,9.88094850385e-9,6.74975009218e-9],"min":[5.08565510783e-25,1.05468898509e-24,6.57595288757e-25,7.89836233123e-25,2.18823092854e-24,1.71986152936e-24,1.87124373985e-24,9.42194067344e-25,1.6120745335e-24,1.89096131818e-24,2.12704746838e-24,2.02469986567e-24,2.13589257128e-24,2.0644921791e-24,2.54454460829e-24,2.40702327554e-24,2.52228768671e-24,3.02184134911e-24,3.39335618129e-24,4.17241154546e-24,2.73129756683e-24,2.49262099464e-24,4.04889091606e-24,3.76989802958e-24,4.0293232213e-24,4.68681354226e-24,4.68499364015e-24,4.43092599727e-24,5.00743501313e-24,4.73527168994e-24,5.22325867933e-24,4.3394354872e-24,5.1328126211e-24,6.0632480264e-24,4.16856427082e-24,5.14813663862e-24,6.27989171351e-24,6.12899642741e-24,6.0858224645e-24,6.39888625347e-24],"var":[0.0000060910274442,0.00000130732667003,0.00000385156272387,3.51659537046e-7,0.00000110479334126,0.00000309530491904,1.61517434094e-7,9.66266426872e-8,4.72167123178e-8,6.02176299935e-8,8.77403394384e-8,4.21539922968e-8,2.23549871947e-8,1.64697251392e-8,1.43232306016e-8,1.29811779104e-8,7.97751198434e-9,6.27214236104e-9,2.54525600596e-9,3.87007137448e-9,1.06496678143e-9,5.51762635581e-10,6.1249771921e-10,4.08834022192e-10,2.72026734471e-10,2.90085011567e-10,2.33500802027e-10,1.90309379366e-10,1.35285629921e-10,4.76408287819e-11,3.88403892382e-11,8.43245265281e-11,7.49570960856e-11,3.16638000541e-11,7.2718927234e-12,1.4490135437e-12,3.1721776898e-13,2.88967255072e-14,1.09897781522e-15,7.06304352299e-16]},"melbands_crest":{"dmean":4.1634645462,"dmean2":6.83799743652,"dvar":15.2951011658,"dvar2":39.67578125,"max":33.1692123413,"mean":12.1680660248,"median":11.1683893204,"min":1.49619555473,"var":30.1803188324},"melbands_flatness_db":{"dmean":0.0251439660788,"dmean2":0.0385059677064,"dvar":0.000479373702547,"dvar2":0.0011159228161,"max":0.412490069866,"mean":0.18855047226,"median":0.189722061157,"min":0.00245365058072,"var":0.00281132874079},"melbands_kurtosis":{"dmean":2.81043434143,"dmean2":4.53841924667,"dvar":14.1609239578,"dvar2":36.2472648621,"max":94.45652771,"mean":4.19485521317,"median":2.77612829208,"min":-1.6737395525,"var":28.0426445007},"melbands_skewness":{"dmean":0.548773765564,"dmean2":0.874983787537,"dvar":0.254174053669,"dvar2":0.649476289749,"max":8.11517524719,"mean":1.73428463936,"median":1.64503264427,"min":-0.656197011471,"var":0.837141215801},"melbands_spread":{"dmean":6.95240736008,"dmean2":10.7558784485,"dvar":52.8479652405,"dvar2":114.636131287,"max":169.953384399,"mean":29.9160823822,"median":26.4695034027,"min":3.0643351078,"var":341.095245361},"mfcc":{"cov":[[5944.84960938,871.42175293,-303.609619141,388.501708984,-279.906860352,274.425109863,-203.063903809,164.581848145,-116.92880249,45.5159835815,-67.0894775391,10.1744680405,-56.4199981689],[871.42175293,1507.35241699,-400.285949707,-121.731765747,160.277694702,-98.1351242065,163.086669922,-235.45602417,119.76084137,-62.6094322205,17.8729076385,-75.7560348511,30.5499782562],[-303.609619141,-400.285949707,410.752319336,-61.3550758362,13.325633049,108.291694641,-64.1502761841,103.854858398,-30.8243141174,19.1011695862,2.71952009201,45.2959251404,-7.90835237503],[388.501708984,-121.731765747,-61.3550758362,346.576202393,-91.2235031128,41.3914413452,-38.496673584,69.3159484863,-54.6833953857,8.84115695953,-18.1867809296,-2.17746710777,-11.654923439],[-279.906860352,160.277694702,13.325633049,-91.2235031128,175.330307007,-76.5906906128,86.5255813599,-68.6743621826,50.3079147339,-23.5878314972,19.3051967621,-21.4606132507,13.5846996307],[274.425109863,-98.1351242065,108.291694641,41.3914413452,-76.5906906128,197.577331543,-67.567024231,116.611488342,-35.4257087708,37.2696685791,-7.16604757309,45.356754303,-9.04455757141],[-203.063903809,163.086669922,-64.1502761841,-38.496673584,86.5255813599,-67.567024231,150.903289795,-61.2265701294,59.0569610596,-16.0807933807,16.9629917145,-23.8238162994,7.90352678299],[164.581848145,-235.45602417,103.854858398,69.3159484863,-68.6743621826,116.611488342,-61.2265701294,171.216491699,-28.8351173401,42.0442848206,-4.33013868332,34.9618453979,-11.3213663101],[-116.92880249,119.76084137,-30.8243141174,-54.6833953857,50.3079147339,-35.4257087708,59.0569610596,-28.8351173401,79.7269668579,4.02943277359,14.2903108597,-8.11196899414,7.34447669983],[45.5159835815,-62.6094322205,19.1011695862,8.84115695953,-23.5878314972,37.2696685791,-16.0807933807,42.0442848206,4.02943277359,56.2985420227,11.8334693909,20.6582164764,2.55677294731],[-67.0894775391,17.8729076385,2.71952009201,-18.1867809296,19.3051967621,-7.16604757309,16.9629917145,-4.33013868332,14.2903108597,11.8334693909,50.0117073059,14.9795303345,13.5539464951],[10.1744680405,-75.7560348511,45.2959251404,-2.17746710777,-21.4606132507,45.356754303,-23.8238162994,34.9618453979,-8.11196899414,20.6582164764,14.9795303345,60.9469642639,10.944311142],[-56.4199981689,30.5499782562,-7.90835237503,-11.654923439,13.5846996307,-9.04455757141,7.90352678299,-11.3213663101,7.34447669983,2.55677294731,13.5539464951,10.944311142,43.9224281311]],"icov":[[0.000261411245447,-0.00028094794834,0.0000424252575613,-0.000191080747754,0.000197752640815,-0.0000772991115809,0.000232541729929,-0.000269960670266,0.000220798741793,-0.000135896072607,0.000106862091343,-0.000054204974731,0.00025115016615],[-0.00028094794834,0.00168968422804,0.00133878621273,0.000429944862844,-0.00125819956884,-0.00164430821314,-0.00013471886632,0.00154413480777,-0.00126080855262,0.000876261445228,-0.000370548397768,0.000747364363633,-0.000620253907982],[0.0000424252575613,0.00133878621273,0.00524477660656,0.00118182774168,-0.00310385297053,-0.00283873290755,0.00127138243988,-0.00085820100503,0.000218723667786,0.00132583279628,-0.000302310276311,-0.000614647695329,0.000439386843937],[-0.000191080747754,0.000429944862844,0.00118182774168,0.00419994210824,0.000781487324275,-0.0000398005722673,-0.000862972810864,-0.00155454722699,0.00207155849785,0.000369410059648,0.0000423853925895,0.000894144934136,-0.00031632790342],[0.000197752640815,-0.00125819956884,-0.00310385297053,0.000781487324275,0.0121088502929,0.00305758044124,-0.00392159586772,0.000116269999126,-0.00136072316673,0.00129905890208,-0.00165420491248,0.00113096903078,-0.00122163433116],[-0.0000772991115809,-0.00164430821314,-0.00283873290755,-0.0000398005722673,0.00305758044124,0.0124035729095,-0.000078927987488,-0.00576535752043,0.00206498941407,-0.00242281658575,0.00175578182098,-0.00431319186464,0.000987988547422],[0.000232541729929,-0.00013471886632,0.00127138243988,-0.000862972810864,-0.00392159586772,-0.000078927987488,0.0127229951322,0.000618576130364,-0.0059734354727,0.00129849137738,-0.00193424744066,0.00123396760318,0.000671691494063],[-0.000269960670266,0.00154413480777,-0.00085820100503,-0.00155454722699,0.000116269999126,-0.00576535752043,0.000618576130364,0.0143343750387,-0.00192860024981,-0.00404102355242,0.000024030190616,-0.00016897880414,0.000964924227446],[0.000220798741793,-0.00126080855262,0.000218723667786,0.00207155849785,-0.00136072316673,0.00206498941407,-0.0059734354727,-0.00192860024981,0.0222288239747,-0.00564131140709,-0.00090027943952,0.000150390871568,0.0000252348872891],[-0.000135896072607,0.000876261445228,0.00132583279628,0.000369410059648,0.00129905890208,-0.00242281658575,0.00129849137738,-0.00404102355242,-0.00564131140709,0.0266107283533,-0.00565271871164,-0.0030241953209,-0.000731069536414],[0.000106862091343,-0.000370548397768,-0.000302310276311,0.0000423853925895,-0.00165420491248,0.00175578182098,-0.00193424744066,0.000024030190616,-0.00090027943952,-0.00565271871164,0.0267183277756,-0.00687881233171,-0.0044721099548],[-0.000054204974731,0.000747364363633,-0.000614647695329,0.000894144934136,0.00113096903078,-0.00431319186464,0.00123396760318,-0.00016897880414,0.000150390871568,-0.0030241953209,-0.00687881233171,0.0258595310152,-0.00613632937893],[0.00025115016615,-0.000620253907982,0.000439386843937,-0.00031632790342,-0.00122163433116,0.000987988547422,0.000671691494063,0.000964924227446,0.0000252348872891,-0.000731069536414,-0.0044721099548,-0.00613632937893,0.0271731372923]],"mean":[-630.232666016,154.980072021,-35.2447319031,28.9125766754,-15.1945838928,27.725353241,-9.55270004272,7.33934545517,-2.93630719185,1.59235417843,-2.4497179985,3.1029214859,-1.51195538044]},"pitch_salience":{"dmean":0.0666516572237,"dmean2":0.109483264387,"dvar":0.00395801244304,"dvar2":0.0104200374335,"max":0.879203438759,"mean":0.645326256752,"median":0.659948170185,"min":0.244382023811,"var":0.00762267038226},"silence_rate_20dB":{"dmean":0,"dmean2":0,"dvar":0,"dvar2":0,"max":1,"mean":1,"median":1,"min":1,"var":0},"silence_rate_30dB":{"dmean":0.00383060215972,"dmean2":0.00766201969236,"dvar":0.00381632498465,"dvar2":0.0103714987636,"max":1,"mean":0.997340142727,"median":1,"min":0,"var":0.00265313615091},"silence_rate_60dB":{"dmean":0.00404341332614,"dmean2":0.00808768719435,"dvar":0.0040270849131,"dvar2":0.00887424871325,"max":1,"mean":0.0258538145572,"median":0,"min":0,"var":0.0251847952604},"spectral_centroid":{"dmean":220.143890381,"dmean2":319.950317383,"dvar":55776.7460938,"dvar2":100919.648438,"max":11783.0107422,"mean":1503.08642578,"median":1254.66027832,"min":390.09677124,"var":1611453.75},"spectral_complexity":{"dmean":3.65503287315,"dmean2":5.60051059723,"dvar":10.5537347794,"dvar2":21.4554653168,"max":62,"mean":28.2472610474,"median":28,"min":0,"var":78.0893249512},"spectral_contrast_coeffs":{"dmean":[0.0548039972782,0.0487465523183,0.0360315442085,0.0271448157728,0.0188014972955,0.0444003418088],"dmean2":[0.0898870378733,0.0814414322376,0.061921749264,0.0463316068053,0.0317217446864,0.067826718092],"dvar":[0.00187221064698,0.001481694635,0.000784918025602,0.000438808114268,0.000220072906814,0.00134574400727],"dvar2":[0.00507829617709,0.00409116782248,0.00225402973592,0.00128292641602,0.000621107872576,0.00325017026626],"max":[-0.361476659775,-0.483001589775,-0.604992628098,-0.635725736618,-0.658116281033,-0.394351899624],"mean":[-0.675843238831,-0.763591825962,-0.813126504421,-0.808957219124,-0.809847474098,-0.66445171833],"median":[-0.67583823204,-0.769933104515,-0.814371645451,-0.809036195278,-0.809573948383,-0.653380036354],"min":[-0.980598628521,-0.978437423706,-0.978209674358,-0.969474196434,-0.969902157784,-0.965740084648],"var":[0.00698702130467,0.00456459494308,0.00181118992623,0.00117446761578,0.000911819981411,0.00731345359236]},"spectral_contrast_valleys":{"dmean":[0.414868563414,0.32720503211,0.278539985418,0.228276997805,0.210975453258,0.570936262608],"dmean2":[0.680381417274,0.547156631947,0.457125931978,0.374860525131,0.310444176197,0.904975056648],"dvar":[0.121658980846,0.0823127776384,0.0661513060331,0.0510176047683,0.0629284754395,0.247279539704],"dvar2":[0.293832778931,0.19348372519,0.139501288533,0.102235086262,0.1099999547,0.603911280632],"max":[-5.38178873062,-4.60805273056,-5.10181522369,-5.64231348038,-5.27217006683,-9.18865776062],"mean":[-7.19792985916,-6.38751077652,-6.60269355774,-6.93190813065,-7.45973730087,-11.3663406372],"median":[-6.86019134521,-6.03393745422,-6.23735904694,-6.56516122818,-7.11821985245,-11.0846443176],"min":[-28.2821121216,-28.1481380463,-27.989736557,-27.6516189575,-27.5344734192,-27.4411430359],"var":[6.35765171051,6.71303510666,6.56796073914,6.33972644806,6.09373283386,4.26930093765]},"spectral_decrease":{"dmean":2.45850451108e-9,"dmean2":3.87862364448e-9,"dvar":7.91864219018e-18,"dvar2":1.94044941546e-17,"max":1.5897544392e-9,"mean":-6.18172446565e-9,"median":-5.23167953403e-9,"min":-3.33736345226e-8,"var":1.89539288749e-17},"spectral_energy":{"dmean":0.00953050795943,"dmean2":0.0148608041927,"dvar":0.000117378673167,"dvar2":0.000286368769594,"max":0.144590601325,"mean":0.0367917977273,"median":0.0340481586754,"min":1.00269840268e-20,"var":0.000350328104105},"spectral_energyband_high":{"dmean":0.000412904832046,"dmean2":0.000529813230969,"dvar":4.60620213971e-7,"dvar2":7.74398756676e-7,"max":0.0159207265824,"mean":0.00115825363901,"median":0.00070529297227,"min":7.1297330403e-21,"var":0.00000166991935657},"spectral_energyband_low":{"dmean":0.00623811036348,"dmean2":0.0102870687842,"dvar":0.0000808036056696,"dvar2":0.000210963451536,"max":0.0845792740583,"mean":0.00952601991594,"median":0.00626049609855,"min":1.34065159571e-23,"var":0.000100904922874},"spectral_energyband_middle_high":{"dmean":0.00212132721208,"dmean2":0.00338759226725,"dvar":0.00000528406508238,"dvar2":0.000013350273548,"max":0.0553516037762,"mean":0.00825732946396,"median":0.00745862815529,"min":1.20415010234e-21,"var":0.0000254208844126},"spectral_energyband_middle_low":{"dmean":0.00488805025816,"dmean2":0.00759044848382,"dvar":0.0000408315536333,"dvar2":0.0000936218129937,"max":0.109546288848,"mean":0.0140527719632,"median":0.0103619182482,"min":1.39812241613e-22,"var":0.000147834536619},"spectral_entropy":{"dmean":0.107691422105,"dmean2":0.155279040337,"dvar":0.0111208390445,"dvar2":0.0212635919452,"max":9.82738494873,"mean":7.73624944687,"median":7.72330570221,"min":6.52356481552,"var":0.137077853084},"spectral_flux":{"dmean":0.0196477174759,"dmean2":0.0316064879298,"dvar":0.00043281345279,"dvar2":0.000997785129584,"max":0.264235675335,"mean":0.109162740409,"median":0.107462875545,"min":6.28858909391e-11,"var":0.00128213933203},"spectral_kurtosis":{"dmean":3.34645938873,"dmean2":4.92101049423,"dvar":19.3155002594,"dvar2":44.3778381348,"max":77.3314666748,"mean":16.6073131561,"median":14.8146266937,"min":-1.25800859928,"var":98.4456634521},"spectral_rms":{"dmean":0.000738684087992,"dmean2":0.00112978392281,"dvar":5.39873838079e-7,"dvar2":0.00000127524674554,"max":0.0118770366535,"mean":0.00575841823593,"median":0.0057634813711,"min":3.12768669471e-12,"var":0.00000273495265901},"spectral_rolloff":{"dmean":5490.91650391,"dmean2":10370.671875,"dvar":56913844,"dvar2":128845544,"max":21985.4003906,"mean":14153.8867188,"median":20391.9433594,"min":107.666015625,"var":76644024},"spectral_skewness":{"dmean":0.277609407902,"dmean2":0.393287301064,"dvar":0.0978288650513,"dvar2":0.200645431876,"max":6.47146987915,"mean":2.52694940567,"median":2.42024731636,"min":-0.070836097002,"var":0.803354024887},"spectral_spread":{"dmean":374851.375,"dmean2":568884.125,"dvar":358822739968,"dvar2":713722822656,"max":42592040,"mean":4343200.5,"median":3678998,"min":1595006.875,"var":19776929792000},"spectral_strongpeak":{"dmean":3.06262183189,"dmean2":5.77559661865,"dvar":119.528930664,"dvar2":316.73614502,"max":99.3695755005,"mean":2.57956314087,"median":0.374287545681,"min":0,"var":102.299423218},"zerocrossingrate":{"dmean":0.0318756513298,"dmean2":0.0403126403689,"dvar":0.000656343996525,"dvar2":0.00106870208401,"max":0.55419921875,"mean":0.280444413424,"median":0.275390625,"min":0.0791015625,"var":0.00446213735268}},"metadata":{"audio_properties":{"analysis_sample_rate":44100,"bit_rate":192000,"codec":"mp3","downmix":"mix","equal_loudness":0,"length":218.200820923,"lossless":false,"md5_encoded":"3f9964a5c0f77b6b00581e2c2cf5f515","replay_gain":-10.4948863983,"sample_rate":44100},"tags":{"album":["Iron Fist"],"albumartist":["Motörhead"],"albumartistsort":["Motörhead"],"artist":["Motörhead"],"artistsort":["Motörhead"],"asin":["B000110PG2"],"composer":["\"Fast\" Eddie Clarke/\"Philthy Animal\" Taylor/Lemmy"],"date":["1982"],"discnumber":["1/1"],"file_name":"07. Motörhead - America.mp3","genre":["Heavy Metal"],"label":["Bronze Records Ltd."],"musicbrainz album release country":["GB"],"musicbrainz album status":["official"],"musicbrainz album type":["album"],"musicbrainz_albumartistid":["57961a97-3796-4bf7-9f02-a985a8979ae9"],"musicbrainz_albumid":["99c3b030-dd36-47e2-9b30-43816bb50c5d"],"musicbrainz_artistid":["57961a97-3796-4bf7-9f02-a985a8979ae9"],"musicbrainz_recordingid":["e23a3ab7-0d41-401f-b726-dbf192fc971b"],"musicip_puid":["0e6d86d5-636d-9e79-d722-18ae4cf99d94"],"title":["America"],"tracknumber":["7/12"]},"version":{"essentia":"2.1-beta1","essentia_build_sha":"ca57ba49d9b1854bd80e60cf9ccf267278fb7d6b","essentia_git_sha":"v2.1_beta1-28-g21ef5f4-dirty","extractor":"music 1.0"}},"rhythm":{"beats_count":360,"beats_loudness":{"dmean":0.0146029787138,"dmean2":0.0252058729529,"dvar":0.000142822769703,"dvar2":0.000380754383514,"max":0.11901974678,"mean":0.0415557660162,"median":0.0404247529805,"min":0,"var":0.000290200725431},"beats_loudness_band_ratio":{"dmean":[0.1750100106,0.101690545678,0.0635215863585,0.0777891203761,0.0443499460816,0.083035171032],"dmean2":[0.306083321571,0.172937363386,0.110245399177,0.14358073473,0.0782782882452,0.140240818262],"dvar":[0.0182912610471,0.0136056225747,0.00319936126471,0.00376717769541,0.00158280902542,0.00515850400552],"dvar2":[0.0565533339977,0.0396906286478,0.00891911517829,0.0118012139574,0.0046099438332,0.0130398310721],"max":[0.72521263361,0.82702541351