{"lowlevel":{"average_loudness":0.755839943886,"barkbands":{"dmean":[0.0000628437337582,0.00166491151322,0.00170989450999,0.00147807342,0.00119743554387,0.00127380748745,0.000491184124257,0.000323629472405,0.000517402484547,0.000379650882678,0.00031776362448,0.000215828084038,0.000331193587044,0.000398457341362,0.000368675362552,0.000262669287622,0.000242297930527,0.000280040811049,0.000256547675235,0.000179927563295,0.000076478390838,0.0000573205434193,0.0000640356811346,0.0000630005451967,0.0000166339596035,0.00000614685222899,0.00000100856232166],"dmean2":[0.000100687517261,0.00284885941073,0.00285890046507,0.00247808988206,0.00189749279525,0.00189433840569,0.000755411863793,0.000494875421282,0.000791169062722,0.000580013205763,0.000456981972093,0.000324499007547,0.000514921091963,0.000635073403828,0.000558124738745,0.000391809124267,0.000366540101822,0.000435245659901,0.00038847050746,0.000270871067187,0.00011511601042,0.0000830521748867,0.0000913863696042,0.0000906963468879,0.0000239859982685,0.0000090373087005,0.00000168238693732],"dvar":[2.28659349233e-8,0.0000159899191203,0.0000099448252513,0.00000877770798979,0.00000519626428286,0.0000115974680739,0.00000230820273828,6.31356158465e-7,0.0000014690962189,0.00000113008195513,9.41718724334e-7,5.50841946279e-7,8.8360349082e-7,0.00000140978011132,7.00130044606e-7,3.6707362483e-7,2.4338902449e-7,2.89805370812e-7,3.41727513842e-7,1.39604864557e-7,1.04681170399e-7,5.40674633953e-8,9.26476246832e-8,9.24300280758e-8,4.44960734924e-9,7.56135598579e-10,7.52934103954e-11],"dvar2":[5.39661115795e-8,0.0000438013157691,0.0000266726419795,0.0000227658856602,0.000012079215594,0.0000252503778029,0.00000556789063921,0.00000147872356138,0.00000349124297827,0.00000256026692114,0.00000192591141968,0.00000119060416637,0.00000209768404602,0.00000333261664309,0.00000159714738857,7.85748056842e-7,5.58441286103e-7,6.97406619565e-7,7.65312279327e-7,3.06458588284e-7,2.20521243932e-7,9.92140698486e-8,1.89795159145e-7,1.85421441756e-7,9.48004164059e-9,1.65185687351e-9,2.05581787704e-10],"max":[0.00551084568724,0.120205417275,0.0606550499797,0.0475006215274,0.0497454330325,0.0854020118713,0.0563343465328,0.0155569119379,0.0205907616764,0.0252093076706,0.0204086117446,0.02430909127,0.0223062410951,0.0275969393551,0.0156768001616,0.0153727177531,0.0144414380193,0.00828491337597,0.0134040908888,0.0105002466589,0.0133241284639,0.00967494677752,0.00856346916407,0.00708603626117,0.00158752629068,0.000741359137464,0.000287462142296],"mean":[0.0000779434994911,0.00208369153552,0.00291133625433,0.00216847588308,0.00222354452126,0.00238459208049,0.000789133890066,0.000467672478408,0.000809953839052,0.000690875167493,0.000566280330531,0.000356778822606,0.000523544615135,0.000568891176954,0.000594121345785,0.000439483555965,0.000434452056652,0.000527480093297,0.000491031620186,0.000362215942005,0.000136005794047,0.0000990188200376,0.0000987297316897,0.0000983987774816,0.0000271791686828,0.00000878794162418,0.00000100652766832],"median":[0.0000114817030408,0.000550033641048,0.00125463237055,0.000733381020837,0.00103780569043,0.000564660993405,0.000233327635215,0.000121496850625,0.000187119789189,0.000096730691439,0.0000609007183812,0.0000516349609825,0.00010027080134,0.0000901040475583,0.000142691860674,0.000117231771583,0.000169043109054,0.000204065669095,0.000154169611051,0.000122285651742,0.0000338369209203,0.000018193914002,0.0000126650738821,0.00000950898902374,0.00000385311705031,0.00000111245219614,1.05982984167e-7],"min":[6.88642290189e-26,2.25473505829e-24,1.79243988808e-25,9.69058626864e-25,1.12412560665e-23,5.43383050405e-24,9.22645877176e-24,7.09020608548e-24,7.67877284028e-24,1.17149362745e-23,1.09061668866e-23,2.18446518268e-23,2.42193314108e-23,2.70002538506e-23,4.15412070097e-23,3.50284218633e-23,6.38346560049e-23,7.69335777401e-23,1.21583142841e-22,1.59997185315e-22,2.11135478461e-22,3.34142168137e-22,3.76773397902e-22,5.75230000971e-22,8.98073282808e-22,1.24428744617e-21,1.76335196433e-21],"var":[3.88875491808e-8,0.0000196479122678,0.0000172235631908,0.0000133793182613,0.0000114227868835,0.0000355303818651,0.00000403263584303,0.00000105936373984,0.00000273594446298,0.00000356272107638,0.00000296473467642,0.00000140469069265,0.00000196446626433,0.00000237616450249,0.00000154125791596,8.96941003248e-7,5.84180043006e-7,6.85847737714e-7,8.96804294825e-7,4.05199301667e-7,2.54796844956e-7,1.29301398033e-7,1.85101797001e-7,1.98749759761e-7,9.25604837221e-9,1.35523292588e-9,5.56012527686e-11]},"barkbands_crest":{"dmean":2.34620594978,"dmean2":3.77289128304,"dvar":4.74190425873,"dvar2":11.9876594543,"max":26.650018692,"mean":9.55683135986,"median":8.65089321136,"min":2.55690860748,"var":16.5989494324},"barkbands_flatness_db":{"dmean":0.0210688207299,"dmean2":0.0314953289926,"dvar":0.000446501595434,"dvar2":0.000995613401756,"max":0.457321763039,"mean":0.149390399456,"median":0.139235258102,"min":0.0279034376144,"var":0.00330796092749},"barkbands_kurtosis":{"dmean":4.07845544815,"dmean2":6.72769737244,"dvar":227.367263794,"dvar2":712.679077148,"max":501.067382812,"mean":6.17554235458,"median":0.53874874115,"min":-1.95140850544,"var":696.351135254},"barkbands_skewness":{"dmean":0.625913262367,"dmean2":0.955323576927,"dvar":0.586359262466,"dvar2":1.38269209862,"max":16.8094863892,"mean":1.23130691051,"median":0.992390275002,"min":-4.82839775085,"var":3.51485872269},"barkbands_spread":{"dmean":6.32699584961,"dmean2":9.72516822815,"dvar":70.6506195068,"dvar2":149.787277222,"max":120.214515686,"mean":24.4388656616,"median":22.5446796417,"min":0.256656080484,"var":244.717376709},"dissonance":{"dmean":0.0158674530685,"dmean2":0.0263459682465,"dvar":0.000331607821863,"dvar2":0.000879974279087,"max":0.499999970198,"mean":0.466884166002,"median":0.47633844614,"min":0.194590628147,"var":0.00108505052049},"dynamic_complexity":3.65961432457,"erbbands":{"dmean":[0.038613550365,0.441332578659,1.6026468277,4.01244497299,4.50740146637,3.76695799828,5.77188682556,12.4941921234,7.50546169281,7.05369567871,6.84283733368,12.4479341507,11.5371398926,11.0482568741,11.3965196609,9.53468132019,14.3811578751,18.5062484741,17.9803943634,16.9534320831,12.1669921875,11.9082307816,15.4176273346,12.9430618286,11.9131917953,7.48929309845,4.53376674652,1.97942626476,2.06011557579,1.8378443718,1.75285863876,1.58217585087,0.936032652855,0.255801707506,0.094143114984,0.0399738885462,0.00833322480321,0.001502744155,0.000169034465216,0.0000141022483149],"dmean2":[0.0633004829288,0.767592430115,2.6980240345,6.61815309525,7.425303936,5.90481185913,8.56017684937,18.9218444824,11.5024681091,10.6071329117,10.6883239746,19.08061409,17.5829315186,15.5925474167,16.1489295959,14.0232191086,22.3530979156,29.0562038422,27.4050693512,25.4638614655,17.7673931122,17.6905097961,23.4286117554,19.8176555634,17.5092487335,11.0329647064,6.68032407761,2.83246350288,3.00767683983,2.52748131752,2.4606256485,2.23554849625,1.38424158096,0.356297314167,0.136887803674,0.0580820664763,0.0123759321868,0.00240941531956,0.00027922319714,0.0000217640754272],"dvar":[0.0106081878766,1.13327980042,9.4573802948,58.5769805908,87.1714248657,61.2504425049,167.268325806,1343.72607422,394.615753174,359.785491943,277.850585938,897.073364258,1040.81567383,1304.05725098,1120.0369873,1013.67156982,1593.68701172,3427.18823242,1909.62402344,1552.2010498,847.618530273,530.453491211,898.59753418,1039.88061523,675.857849121,223.857696533,384.791381836,43.6003761292,75.1074447632,72.5316619873,70.5954284668,54.4466438293,29.677362442,1.15293931961,0.13852801919,0.0319016240537,0.00150120351464,0.000110592241981,0.00000192758852791,3.53969831224e-9],"dvar2":[0.0275325942785,3.20661115646,25.9755325317,150.500396729,223.743240356,142.490768433,349.203094482,3000.86401367,932.847839355,859.892456055,681.64440918,2116.46411133,2404.59326172,2279.12084961,2284.94604492,2044.44555664,3823.77026367,8012.85742188,4526.81152344,3482.03051758,1756.01452637,1161.99023438,2103.10229492,2491.60473633,1443.39599609,492.035003662,797.31072998,94.1836395264,150.388031006,132.371002197,142.246246338,107.702583313,64.5285263062,2.36587738991,0.29179662466,0.0674607083201,0.00349125172943,0.000297878956189,0.00000521957736055,9.28052923399e-9],"max":[3.93391609192,31.6648693085,39.0958976746,152.30871582,176.716110229,177.91633606,412.45501709,836.638000488,626.149780273,592.675476074,357.415405273,532.205993652,726.328918457,1115.89038086,737.794433594,1172.03649902,1095.65563965,1544.63598633,1051.86853027,903.715942383,986.288574219,753.40637207,547.691101074,670.033081055,677.729797363,272.75213623,889.974365234,257.833190918,356.558624268,339.246917725,229.116500854,227.836029053,162.941543579,28.5552253723,7.98668909073,4.05193090439,1.3128259182,0.315067738295,0.0436283275485,0.00159059325233],"mean":[0.0477415584028,0.531909227371,2.64341425896,6.52806329727,7.00617361069,7.1481461525,11.5304698944,21.8659343719,13.1059703827,11.153881073,10.7145414352,19.7632198334,20.1345119476,21.4966812134,22.069486618,17.8465461731,24.6713027954,28.5521450043,29.894203186,30.2596645355,23.5119876862,24.0712413788,30.0663986206,25.7687778473,24.3636932373,16.361700058,8.68847942352,3.47237300873,3.44507145882,3.23800063133,2.66965317726,2.46917915344,1.3510299921,0.418036878109,0.148526370525,0.0593964084983,0.0113364495337,0.00172100460622,0.00018658254703,0.0000323092644976],"median":[0.0118069108576,0.152601957321,1.26371526718,2.93810272217,2.82889771461,2.87645244598,3.3670296669,4.53960418701,4.19826030731,3.32311487198,3.47801828384,4.87213802338,4.19938373566,3.35542416573,3.31161046028,3.15145373344,5.62289333344,5.81135177612,7.62615060806,8.29190444946,7.63698291779,10.3693065643,12.1830825806,9.45599555969,8.00386142731,6.03074741364,2.35630130768,0.952326178551,0.680926144123,0.500243067741,0.339165687561,0.244786575437,0.125856131315,0.0545056462288,0.0206961408257,0.0068949284032,0.0015999590978,0.000226834556088,0.000033532272937,0.0000236278046941],"min":[8.10316028577e-23,2.24247507909e-22,1.69717832312e-21,4.73654483571e-21,1.68471390683e-20,3.19395727945e-20,3.59619097753e-20,7.64682852125e-20,8.57322233969e-20,1.98418178753e-19,3.27041545755e-19,3.49698849914e-19,2.56474535054e-19,7.25103888326e-19,6.73297049574e-19,9.60440339814e-19,1.29521822149e-18,1.88674541729e-18,2.82308657374e-18,3.2257806366e-18,3.29651326437e-18,4.65746690876e-18,3.75059737035e-18,5.83223998165e-18,7.05717328688e-18,7.53572374102e-18,7.04542153191e-18,9.24359693431e-18,1.01740005883e-17,1.04288979484e-17,1.22877332579e-17,9.64872518292e-18,9.96728649889e-18,8.07772970149e-18,6.17645919944e-18,3.74397992545e-18,2.21445390326e-18,9.32592063721e-19,2.45749026888e-19,2.4326153969e-20],"var":[0.016015291214,1.14110028744,13.4828033447,92.2538223267,127.047805786,146.188964844,609.591552734,3626.88671875,841.938781738,640.109130859,480.108886719,1689.70251465,2307.02929688,5118.12890625,3885.86547852,2991.22485352,3975.37597656,6037.86230469,3637.86035156,4008.0300293,2464.62915039,1447.95532227,2258.64477539,2649.33081055,1845.49914551,766.431884766,1042.05358887,83.6500854492,148.279449463,219.593322754,135.340255737,119.909294128,47.7341156006,2.49867463112,0.305303126574,0.0650463625789,0.00220626709051,0.0000860648651724,0.0000015343736095,3.37463768041e-9]},"erbbands_crest":{"dmean":2.78125596046,"dmean2":4.47789001465,"dvar":7.40065717697,"dvar2":18.2404270172,"max":33.2809143066,"mean":9.79028320312,"median":8.66549682617,"min":2.55063247681,"var":24.8814659119},"erbbands_flatness_db":{"dmean":0.0192260295153,"dmean2":0.0275520961732,"dvar":0.000392013578676,"dvar2":0.000775418477133,"max":0.417307674885,"mean":0.182039111853,"median":0.179736942053,"min":0.0283883176744,"var":0.00269506615587},"erbbands_kurtosis":{"dmean":1.35543274879,"dmean2":2.07487869263,"dvar":7.88025856018,"dvar2":15.9120740891,"max":164.012939453,"mean":1.2345546484,"median":-0.0714154243469,"min":-1.87164974213,"var":35.0379600525},"erbbands_skewness":{"dmean":0.41596865654,"dmean2":0.620752513409,"dvar":0.192396476865,"dvar2":0.417519509792,"max":9.97644805908,"mean":-0.185061976314,"median":-0.245894372463,"min":-5.33591127396,"var":1.33771049976},"erbbands_spread":{"dmean":8.35160255432,"dmean2":12.6891212463,"dvar":93.6775970459,"dvar2":209.668807983,"max":144.638061523,"mean":36.2352104187,"median":33.416305542,"min":0.929587781429,"var":365.573150635},"gfcc":{"cov":[[44396.234375,3093.76806641,-5004.11035156,1539.03686523,-1917.60217285,160.201202393,-1459.16113281,240.589736938,-1018.69238281,-226.321624756,-493.972229004,-352.286071777,-364.95413208],[3093.76806641,2307.57006836,-435.970031738,-200.562423706,229.969985962,-215.442047119,17.7513885498,-267.564758301,-62.1480979919,-120.534797668,19.2019386292,-71.8463439941,79.9264831543],[-5004.11035156,-435.970031738,1464.57385254,75.0674591064,253.581970215,149.092681885,155.197525024,-100.348480225,63.857170105,40.5425071716,-46.9255065918,101.129631042,10.9235038757],[1539.03686523,-200.562423706,75.0674591064,544.857666016,28.3171024323,32.3841438293,-55.7071418762,37.4332008362,-8.83814811707,-8.91981887817,-86.354927063,-11.0774822235,-16.8986721039],[-1917.60217285,229.969985962,253.581970215,28.3171024323,494.970611572,54.2213478088,135.389282227,-6.97081661224,43.6488685608,-22.8500061035,-21.4186973572,-25.2031364441,21.2921657562],[160.201202393,-215.442047119,149.092681885,32.3841438293,54.2213478088,328.658172607,81.936668396,37.3156242371,-44.2293891907,-12.0382766724,-8.52740287781,-14.7103853226,-30.8252792358],[-1459.16113281,17.7513885498,155.197525024,-55.7071418762,135.389282227,81.936668396,295.862579346,21.9333171844,-13.8790512085,5.35609722137,8.03443813324,9.29983234406,10.8490848541],[240.589736938,-267.564758301,-100.348480225,37.4332008362,-6.97081661224,37.3156242371,21.9333171844,226.231079102,40.1803131104,18.9113235474,20.8147182465,-25.3836269379,-22.1467895508],[-1018.69238281,-62.1480979919,63.857170105,-8.83814811707,43.6488685608,-44.2293891907,-13.8790512085,40.1803131104,195.081863403,53.2098999023,28.1955165863,-4.36390972137,11.270234108],[-226.321624756,-120.534797668,40.5425071716,-8.91981887817,-22.8500061035,-12.0382766724,5.35609722137,18.9113235474,53.2098999023,116.516334534,20.5794277191,20.6692657471,1.30133390427],[-493.972229004,19.2019386292,-46.9255065918,-86.354927063,-21.4186973572,-8.52740287781,8.03443813324,20.8147182465,28.1955165863,20.5794277191,163.004501343,26.5204429626,11.5435304642],[-352.286071777,-71.8463439941,101.129631042,-11.0774822235,-25.2031364441,-14.7103853226,9.29983234406,-25.3836269379,-4.36390972137,20.6692657471,26.5204429626,112.471160889,24.4441566467],[-364.95413208,79.9264831543,10.9235038757,-16.8986721039,21.2921657562,-30.8252792358,10.8490848541,-22.1467895508,11.270234108,1.30133390427,11.5435304642,24.4441566467,102.917137146]],"icov":[[0.000171342355316,-0.000385056715459,0.000403824553359,-0.000511965656187,0.00049678090727,-0.000550732656848,0.000533936719876,-0.000421455886681,0.00053126126295,-0.000435000867583,0.000462456140667,-0.000303562235786,0.000332554423949],[-0.000385056715459,0.00159074075054,-0.000631251023151,0.00128440361004,-0.001558138174,0.00159257149789,-0.00132746098097,0.00183803914115,-0.00111818592995,0.00138214440085,-0.00123513059225,0.00110039010178,-0.00100596388802],[0.000403824553359,-0.000631251023151,0.00202622404322,-0.0012787010055,0.000638031575363,-0.00160818733275,0.000923402491026,-0.000130671396619,0.000778343586717,-0.00106499192771,0.00136318022851,-0.00155092705972,0.000901777530089],[-0.000511965656187,0.00128440361004,-0.0012787010055,0.00371077796444,-0.00176771183033,0.00154297321569,-0.000984963029623,0.000828503223602,-0.00142840051558,0.00136389012914,-0.000297297170619,0.000781305134296,-0.000971014727838],[0.00049678090727,-0.001558138174,0.000638031575363,-0.00176771183033,0.00444972887635,-0.00190498284064,0.000468683050713,-0.00156106275972,0.00065225630533,-0.000645018881187,0.00155558495317,-0.00017052415933,0.00053998385556],[-0.000550732656848,0.00159257149789,-0.00160818733275,0.00154297321569,-0.00190498284064,0.0057452050969,-0.00252618012019,0.00104154984001,-0.000569174299017,0.0016868255334,-0.00184929079842,0.00183854962233,-0.000348648638465],[0.000533936719876,-0.00132746098097,0.000923402491026,-0.000984963029623,0.000468683050713,-0.00252618012019,0.00621091620997,-0.00224171904847,0.00251857424155,-0.00199259957299,0.00142156728543,-0.00134583329782,0.000583451823331],[-0.000421455886681,0.00183803914115,-0.000130671396619,0.000828503223602,-0.00156106275972,0.00104154984001,-0.00224171904847,0.00761206122115,-0.0026086345315,0.00107204122469,-0.00209606299177,0.00198841001838,-0.000227838507271],[0.00053126126295,-0.00111818592995,0.000778343586717,-0.00142840051558,0.00065225630533,-0.000569174299017,0.00251857424155,-0.0026086345315,0.00876205973327,-0.00426936196163,0.000421289092628,0.000351189926732,0.000266680784989],[-0.000435000867583,0.00138214440085,-0.00106499192771,0.00136389012914,-0.000645018881187,0.0016868255334,-0.00199259957299,0.00107204122469,-0.00426936196163,0.0120012601838,-0.00171711982694,-0.000760192750022,-0.000510605867021],[0.000462456140667,-0.00123513059225,0.00136318022851,-0.000297297170619,0.00155558495317,-0.00184929079842,0.00142156728543,-0.00209606299177,0.000421289092628,-0.00171711982694,0.00880318786949,-0.00295792450197,0.000619726430159],[-0.000303562235786,0.00110039010178,-0.00155092705972,0.000781305134296,-0.00017052415933,0.00183854962233,-0.00134583329782,0.00198841001838,0.000351189926732,-0.000760192750022,-0.00295792450197,0.012407339178,-0.00312640075572],[0.000332554423949,-0.00100596388802,0.000901777530089,-0.000971014727838,0.00053998385556,-0.000348648638465,0.000583451823331,-0.000227838507271,0.000266680784989,-0.000510605867021,0.000619726430159,-0.00312640075572,0.0117455432191]],"mean":[-75.0973968506,97.0124969482,-127.035102844,41.6941146851,-45.466632843,2.15827155113,-36.5223083496,6.72554683685,-22.4585266113,-4.58791971207,-11.4371852875,-7.65624284744,-11.0819597244]},"hfc":{"dmean":5.15305280685,"dmean2":7.118080616,"dvar":58.4132766724,"dvar2":107.561256409,"max":156.328338623,"mean":17.4119052887,"median":13.2882394791,"min":1.01203695061e-16,"var":288.188354492},"melbands":{"dmean":[0.000389818742406,0.00073909026105,0.000672662747093,0.000285165006062,0.000193185842363,0.000266005867161,0.000110687011329,0.0000754289867473,0.0000619322236162,0.000078950812167,0.0000583400287724,0.0000443852513854,0.0000415327813243,0.0000257107349171,0.0000297195856547,0.0000322418018186,0.0000386173014704,0.0000313143791573,0.0000253328435065,0.0000209267618629,0.000015178187823,0.0000124453054013,0.0000173725147761,0.0000126946724777,0.000011375057511,0.0000093449234555,0.00000892310526979,0.00000450911011285,0.00000343835222338,0.00000179328185368,0.00000114601914447,0.00000128899887386,0.00000111664394353,0.0000010743411849,0.0000010013567362,0.00000116517242077,9.53278572524e-7,7.48899140035e-7,4.24540871791e-7,1.69146005646e-7],"dmean2":[0.000658815028146,0.00124859274365,0.0011026065331,0.000458214635728,0.000286578055238,0.000399920565542,0.000169521255884,0.000113359215902,0.0000967566738836,0.000120408978546,0.0000888345166459,0.0000633207964711,0.0000591917814745,0.0000378526965505,0.0000439398863818,0.0000505181124026,0.0000612020667177,0.0000480272901768,0.0000381396494049,0.0000313034179271,0.0000225569820032,0.0000186671059055,0.0000266416936938,0.0000196585442609,0.000017706744984,0.000014107887182,0.0000131505503305,0.00000680956600263,0.0000050568687584,0.00000266177812591,0.00000169389215898,0.00000193671598936,0.00000156460362177,0.00000155004249791,0.00000141837972478,0.00000170132841504,0.00000137913662002,0.00000112384668682,6.36033007595e-7,2.45847360247e-7],"dvar":[9.26068423723e-7,0.00000217662318391,0.00000158997750077,3.1646712273e-7,1.70243225739e-7,5.52295034595e-7,9.53957339789e-8,3.75029536315e-8,2.08899919585e-8,3.74865294361e-8,2.65481698847e-8,2.12307913472e-8,1.57308033266e-8,6.68288224759e-9,9.1417353687e-9,8.68489280492e-9,1.66213940389e-8,6.4726646265e-9,3.61529450821e-9,2.42318365373e-9,1.58640511838e-9,7.2871209067e-10,1.29636790192e-9,6.40596520274e-10,9.40044930786e-10,4.37576974655e-10,4.38060726582e-10,8.30389160211e-11,1.96216806692e-10,5.9808991093e-11,1.99755004204e-11,2.77557976602e-11,3.16081397167e-11,2.90048957075e-11,2.24067049637e-11,3.69721406268e-11,1.88329195988e-11,2.0229503836e-11,5.77336572646e-12,6.88571703995e-13],"dvar2":[0.0000024688602025,0.00000594529501541,0.00000407943525715,7.6020103279e-7,3.59728034027e-7,0.00000122566029859,2.26160949524e-7,8.7896637524e-8,5.12383699913e-8,8.85982913701e-8,6.0744362429e-8,3.89566636727e-8,3.21086552901e-8,1.37503999298e-8,1.95914822143e-8,2.07544506026e-8,3.90084551327e-8,1.53727928165e-8,7.92702703478e-9,5.35420863201e-9,3.4091911516e-9,1.64573799033e-9,3.01059577268e-9,1.5377763507e-9,2.27121699226e-9,9.80789338634e-10,9.43801703457e-10,1.86421600379e-10,3.99438676579e-10,1.36605379786e-10,4.36232959478e-11,6.25196769355e-11,5.29128268978e-11,6.11528189198e-11,4.56946390448e-11,7.68822228103e-11,3.84952278387e-11,4.57816839994e-11,1.26119401381e-11,1.54481288872e-12],"max":[0.026462521404,0.0309070404619,0.0251638889313,0.0142258722335,0.0133611494675,0.016862956807,0.0105211744085,0.00543812010437,0.00283279176801,0.00369826704264,0.00367685058154,0.00444882782176,0.00321115856059,0.00239618448541,0.00287690246478,0.00173446303234,0.00342750479467,0.00179913768079,0.00125516415574,0.00106340355705,0.00153929146472,0.000937958015129,0.000830683449749,0.000450769148301,0.000655005394947,0.000408554536989,0.000663540442474,0.000176128567546,0.000700329605024,0.000332780444296,0.000223920942517,0.000168722908711,0.000245559582254,0.000218255576328,0.000125368023873,0.000203632371267,0.000114358510473,0.000133936555358,0.000104213271698,0.0000336733428412],"mean":[0.000504155003,0.00119557359722,0.00113870110363,0.000504475727212,0.000398908101488,0.000477669818792,0.000190877384739,0.000116687777336,0.0000936122451094,0.000123970603454,0.0000973526693997,0.0000842814915814,0.0000770153856138,0.0000455389854324,0.000050310340157,0.0000494808264193,0.0000550376316824,0.000048103658628,0.0000413035668316,0.0000351292001142,0.0000268628537015,0.0000229706201935,0.0000308577109536,0.0000232377460634,0.000020742218112,0.0000174947763298,0.0000171882184077,0.00000908149922907,0.00000614762757323,0.00000283727490569,0.00000180232564162,0.00000196554287868,0.00000186302952443,0.00000178594984845,0.0000014418109231,0.00000168939186551,0.00000143397619468,0.00000101594002899,6.09412609265e-7,2.66082878397e-7],"median":[0.000138237170177,0.000579992658459,0.00058245199034,0.000220513495151,0.000134967602207,0.000104436694528,0.000060830028815,0.0000319640967064,0.0000255791564996,0.0000292718505079,0.0000170265811903,0.0000112266179713,0.00000909554728423,0.00000705305046722,0.00000928286954149,0.00000992480454443,0.0000081006110122,0.0000103172387753,0.000010540104995,0.00000864230878506,0.0000076559936133,0.00000886581437953,0.0000118153911899,0.00000884290784597,0.00000631374314253,0.0000055779428294,0.00000472081774205,0.00000314279463964,0.00000142404473991,7.21741344023e-7,4.29673832514e-7,3.69970109659e-7,3.0064143175e-7,2.42508633619e-7,1.8976714955e-7,1.63375517559e-7,1.29834035079e-7,8.68265885856e-8,6.03617706929e-8,3.64635397432e-8],"min":[1.21739440641e-24,1.01302450752e-24,1.41151108569e-24,1.77989384425e-24,1.36827223897e-24,1.46259475968e-24,1.40103343514e-24,2.24032493614e-24,2.80912145615e-24,1.11179748564e-24,8.46732825912e-25,2.37663359246e-24,2.0194273166e-24,2.16600339203e-24,2.03576896468e-24,2.44494598862e-24,2.16377584605e-24,3.36698377237e-24,2.89358873757e-24,2.15041116181e-24,3.177318931e-24,4.26318774197e-24,2.90072911206e-24,3.13330522566e-24,4.16242929956e-24,4.08188699557e-24,3.58433151783e-24,3.52864188223e-24,3.31955824361e-24,3.35133158872e-24,5.27730906197e-24,5.2771591784e-24,5.178799662e-24,4.89146693804e-24,5.86480336038e-24,5.8951729275e-24,5.13300786418e-24,5.90472958294e-24,6.49734911064e-24,6.25630003928e-24],"var":[0.00000130572277612,0.00000289638069262,0.00000251128244599,6.29170756383e-7,6.33159231711e-7,0.00000156569694809,1.91129984728e-7,6.81840433003e-8,3.53974662914e-8,7.04628249082e-8,5.82166777008e-8,8.88543567612e-8,5.3757549523e-8,1.87974826815e-8,2.13153015238e-8,1.63053623936e-8,2.80709571143e-8,1.12131610663e-8,8.33430480185e-9,5.73674840965e-9,4.29089475062e-9,1.7175280087e-9,2.88527757242e-9,1.38045996856e-9,2.25394902742e-9,1.08225106654e-9,1.10302256218e-9,2.76358824713e-10,5.51832857187e-10,1.04046507521e-10,3.06434357056e-11,4.67078216382e-11,7.83553499861e-11,7.95577492774e-11,4.17307646772e-11,6.66557711804e-11,4.11287774671e-11,3.09385850272e-11,8.5269803371e-12,1.21638799293e-12]},"melbands_crest":{"dmean":3.13090896606,"dmean2":5.0787935257,"dvar":7.88009119034,"dvar2":20.0277404785,"max":34.3753700256,"mean":13.6232395172,"median":13.0845584869,"min":1.61259567738,"var":29.3901462555},"melbands_flatness_db":{"dmean":0.0261761061847,"dmean2":0.0387061461806,"dvar":0.000741667172406,"dvar2":0.00159258802887,"max":0.602946341038,"mean":0.20432703197,"median":0.196772620082,"min":0.00287842773832,"var":0.00672536669299},"melbands_kurtosis":{"dmean":7.49984169006,"dmean2":11.9233694077,"dvar":271.405639648,"dvar2":705.961364746,"max":607.228942871,"mean":14.2462491989,"median":4.60647773743,"min":-1.87250125408,"var":1170.98022461},"melbands_skewness":{"dmean":0.795412242413,"dmean2":1.21603775024,"dvar":0.836357235909,"dvar2":1.89978659153,"max":16.6804275513,"mean":2.42654824257,"median":2.06264853477,"min":-2.86761331558,"var":3.93232274055},"melbands_spread":{"dmean":10.2437601089,"dmean2":15.67882061,"dvar":257.406768799,"dvar2":533.66796875,"max":291.772521973,"mean":34.6078262329,"median":25.9126243591,"min":0.330915212631,"var":1160.72668457},"mfcc":{"cov":[[14139.2363281,1632.78649902,-763.426879883,620.195373535,-41.2820777893,-92.6702804565,-57.0007095337,-22.6277446747,-221.924072266,88.4712524414,-218.837051392,-202.906677246,-206.607116699],[1632.78649902,2473.96679688,-306.61907959,104.488700867,84.8504562378,77.8238067627,40.016544342,-78.6131286621,-61.3699264526,-90.4353866577,-93.5698623657,-66.2230300903,-32.6436882019],[-763.426879883,-306.61907959,772.645202637,67.0034790039,30.3891334534,183.911834717,-10.8099298477,7.64555740356,20.2638282776,-57.2148017883,-11.1955137253,15.2063407898,-9.75666713715],[620.195373535,104.488700867,67.0034790039,478.053924561,103.962562561,49.1629905701,-19.3670692444,6.16087865829,66.6809463501,-18.4559307098,-19.0351696014,-31.8091259003,15.8598070145],[-41.2820777893,84.8504562378,30.3891334534,103.962562561,332.41494751,54.3453292847,-9.96522521973,43.7572669983,22.6222133636,69.3110351562,-14.0978841782,-29.932559967,8.92803096771],[-92.6702804565,77.8238067627,183.911834717,49.1629905701,54.3453292847,299.319854736,84.5614547729,29.538860321,43.1387863159,-18.9368247986,-14.7354688644,-21.5048027039,-38.9495315552],[-57.0007095337,40.016544342,-10.8099298477,-19.3670692444,-9.96522521973,84.5614547729,274.351745605,93.5816650391,18.4806308746,19.3256626129,0.949351847172,16.2703723907,-30.4012527466],[-22.6277446747,-78.6131286621,7.64555740356,6.16087865829,43.7572669983,29.538860321,93.5816650391,165.674667358,19.7616462708,47.9597587585,8.44334316254,13.4116716385,10.0589170456],[-221.924072266,-61.3699264526,20.2638282776,66.6809463501,22.6222133636,43.1387863159,18.4806308746,19.7616462708,166.154602051,33.344871521,16.8525695801,-6.00811815262,-18.6507873535],[88.4712524414,-90.4353866577,-57.2148017883,-18.4559307098,69.3110351562,-18.9368247986,19.3256626129,47.9597587585,33.344871521,163.122451782,40.0935401917,9.05990695953,-9.12694454193],[-218.837051392,-93.5698623657,-11.1955137253,-19.0351696014,-14.0978841782,-14.7354688644,0.949351847172,8.44334316254,16.8525695801,40.0935401917,125.893440247,37.5893974304,17.147190094],[-202.906677246,-66.2230300903,15.2063407898,-31.8091259003,-29.932559967,-21.5048027039,16.2703723907,13.4116716385,-6.00811815262,9.05990695953,37.5893974304,108.68662262,35.8349914551],[-206.607116699,-32.6436882019,-9.75666713715,15.8598070145,8.92803096771,-38.9495315552,-30.4012527466,10.0589170456,-18.6507873535,-9.12694454193,17.147190094,35.8349914551,108.976486206]],"icov":[[0.0000989351101452,-0.0000467426070827,0.000081734455307,-0.000185663287994,0.000112054462079,-0.0000163995009643,0.0000686673010932,-0.0000682445534039,0.000216448985157,-0.000172877975274,0.000118911986647,0.0000316313853546,0.000211773440242],[-0.0000467426070827,0.000511799764354,0.000240604684222,-0.0000146537449837,-0.000232205566135,-0.000225211566431,-0.000148620689288,0.000295340025332,0.0000906819259399,0.000344136991771,0.000127360108308,0.00000221660047828,-0.0000182545081771],[0.000081734455307,0.000240604684222,0.0018508763751,-0.000321681407513,-0.0000720266325516,-0.00121656805277,0.000484249234432,-0.000160094466992,0.000290409254376,0.000527034339029,0.000210588550544,-0.000606611778494,0.000420689757448],[-0.000185663287994,-0.0000146537449837,-0.000321681407513,0.00289556873031,-0.000929033209104,0.00000650509537081,-0.0000150967289301,0.0000680214507156,-0.00153503729962,0.000943136867136,-0.000134144007461,0.000511758902576,-0.00106954411604],[0.000112054462079,-0.000232205566135,-0.0000720266325516,-0.000929033209104,0.00425993977115,-0.00078614638187,0.00068350462243,-0.000858789833728,0.000462552852696,-0.00243894988671,0.000822483212687,0.000992248766124,-0.000669189787004],[-0.0000163995009643,-0.000225211566431,-0.00121656805277,0.00000650509537081,-0.00078614638187,0.0050842394121,-0.00148465216625,-0.000152696607984,-0.00100561743602,0.000891009345651,-0.000258287589531,0.000665444124024,0.000997414346784],[0.0000686673010932,-0.000148620689288,0.000484249234432,-0.0000150967289301,0.00068350462243,-0.00148465216625,0.00550915393978,-0.00312945712358,0.000179143316927,-0.000077979741036,0.000248764554271,-0.00122826057486,0.00175921921618],[-0.0000682445534039,0.000295340025332,-0.000160094466992,0.0000680214507156,-0.000858789833728,-0.000152696607984,-0.00312945712358,0.00889418181032,-0.000437426409917,-0.00184948241804,0.000371093541617,-0.000145204656292,-0.00198376085609],[0.000216448985157,0.0000906819259399,0.000290409254376,-0.00153503729962,0.000462552852696,-0.00100561743602,0.000179143316927,-0.000437426409917,0.00773636857048,-0.00170896295458,-0.000557566352654,0.000161980366101,0.00159534416161],[-0.000172877975274,0.000344136991771,0.000527034339029,0.000943136867136,-0.00243894988671,0.000891009345651,-0.000077979741036,-0.00184948241804,-0.00170896295458,0.00953627005219,-0.00273061241023,-0.000601248233579,0.00148604798596],[0.000118911986647,0.000127360108308,0.000210588550544,-0.000134144007461,0.000822483212687,-0.000258287589531,0.000248764554271,0.000371093541617,-0.000557566352654,-0.00273061241023,0.0101471692324,-0.0027081889566,-0.000852792931255],[0.0000316313853546,0.00000221660047828,-0.000606611778494,0.000511758902576,0.000992248766124,0.000665444124024,-0.00122826057486,-0.000145204656292,0.000161980366101,-0.000601248233579,-0.0027081889566,0.0123876752332,-0.00391082838178],[0.000211773440242,-0.0000182545081771,0.000420689757448,-0.00106954411604,-0.000669189787004,0.000997414346784,0.00175921921618,-0.00198376085609,0.00159534416161,0.00148604798596,-0.000852792931255,-0.00391082838178,0.0126685183495]],"mean":[-692.428466797,118.364860535,-15.9132528305,35.9690475464,10.2645511627,-0.907395899296,0.470107257366,3.1932721138,-5.9668712616,4.65282678604,-3.02118802071,-2.77097392082,-3.90290474892]},"pitch_salience":{"dmean":0.069238178432,"dmean2":0.111017487943,"dvar":0.0038151757326,"dvar2":0.00973498355597,"max":0.996415793896,"mean":0.545495033264,"median":0.546848654747,"min":0.0802627727389,"var":0.015162460506},"silence_rate_20dB":{"dmean":0,"dmean2":0,"dvar":0,"dvar2":0,"max":1,"mean":1,"median":1,"min":1,"var":0},"silence_rate_30dB":{"dmean":0.000676246825606,"dmean2":0.00135272240732,"dvar":0.000675800722092,"dvar2":0.00135093706194,"max":1,"mean":0.99932384491,"median":1,"min":0,"var":0.000675686693285},"silence_rate_60dB":{"dmean":0.0422654263675,"dmean2":0.0845451503992,"dvar":0.0404781922698,"dvar2":0.0882136374712,"max":1,"mean":0.149932384491,"median":0,"min":0,"var":0.127457246184},"spectral_centroid":{"dmean":288.86630249,"dmean2":424.299377441,"dvar":133383.015625,"dvar2":258192.109375,"max":11754.0595703,"mean":1862.03479004,"median":1505.79040527,"min":119.025482178,"var":3223061.75},"spectral_complexity":{"dmean":3.48909544945,"dmean2":4.85458230972,"dvar":16.5999832153,"dvar2":26.4919052124,"max":50,"mean":15.325050354,"median":14,"min":0,"var":105.870201111},"spectral_contrast_coeffs":{"dmean":[0.0511749871075,0.0467447414994,0.0382357873023,0.0330932438374,0.0251912437379,0.0179170966148],"dmean2":[0.0833461806178,0.0750871300697,0.0590345486999,0.0509448647499,0.0377174653113,0.0267446860671],"dvar":[0.00201195362024,0.00161543453578,0.00111941457726,0.000856356171425,0.000562859291676,0.000287058064714],"dvar2":[0.00519344257191,0.00377075443976,0.00249247648753,0.00186542456504,0.00110316555947,0.000580846623052],"max":[-0.336335211992,-0.35224878788,-0.447054237127,-0.51763343811,-0.491291344166,-0.540128588676],"mean":[-0.637026131153,-0.716531336308,-0.758753836155,-0.762755572796,-0.767935156822,-0.765620946884],"median":[-0.632523477077,-0.723630189896,-0.770502209663,-0.766854465008,-0.771969258785,-0.761581063271],"min":[-0.98124563694,-0.981693446636,-0.987766385078,-0.989196956158,-0.966904699802,-0.989193022251],"var":[0.0117692034692,0.0107435658574,0.00859572738409,0.00613499525934,0.00516214687377,0.00316380034201]},"spectral_contrast_valleys":{"dmean":[0.445010274649,0.40898218751,0.356240987778,0.31604924798,0.28997027874,0.32008343935],"dmean2":[0.722450196743,0.630863189697,0.535565793514,0.460877150297,0.39171230793,0.405491352081],"dvar":[0.185636043549,0.169852226973,0.136995226145,0.127299979329,0.125763311982,0.175669297576],"dvar2":[0.406469374895,0.329151004553,0.257154256105,0.225314214826,0.206200063229,0.293040215969],"max":[-5.09625148773,-4.77207946777,-5.71448040009,-5.99345779419,-5.82964277267,-7.68378305435],"mean":[-8.29745388031,-7.9567527771,-8.53592967987,-8.61497402191,-8.3005361557,-11.3305168152],"median":[-7.55476665497,-7.23299884796,-7.87912940979,-7.9549446106,-7.56234884262,-10.7372150421],"min":[-28.4301300049,-28.3211669922,-27.9564170837,-27.8793716431,-27.5527114868,-27.4199466705],"var":[12.262011528,12.5876302719,11.6650075912,11.5811452866,12.0055265427,9.04455089569]},"spectral_decrease":{"dmean":1.64353830545e-9,"dmean2":2.4809136967e-9,"dvar":5.63225252495e-18,"dvar2":1.28414082553e-17,"max":2.52996858868e-23,"mean":-4.86492224283e-9,"median":-4.06935019015e-9,"min":-4.28519797424e-8,"var":1.81379052744e-17},"spectral_energy":{"dmean":0.0065379338339,"dmean2":0.00980109162629,"dvar":0.0000849860662129,"dvar2":0.000191190294572,"max":0.164924636483,"mean":0.0199406221509,"median":0.0166151337326,"min":9.50897751623e-21,"var":0.000288123323116},"spectral_energyband_high":{"dmean":0.000283312227111,"dmean2":0.000386808911571,"dvar":7.27985479898e-7,"dvar2":0.00000130850662572,"max":0.0234637074172,"mean":0.000595564197283,"median":0.000166222831467,"min":6.8508689685e-21,"var":0.00000218137370211},"spectral_energyband_low":{"dmean":0.00357875204645,"dmean2":0.00589885376394,"dvar":0.0000416184011556,"dvar2":0.000106488529127,"max":0.139022365212,"mean":0.00641065789387,"median":0.00376757467166,"min":1.51124876181e-23,"var":0.0000719756571925},"spectral_energyband_middle_high":{"dmean":0.00167110783514,"dmean2":0.00231777084991,"dvar":0.000005854342362,"dvar2":0.0000109658776637,"max":0.0464080385864,"mean":0.0052854847163,"median":0.00295717897825,"min":1.02621085003e-21,"var":0.0000380686324206},"spectral_energyband_middle_low":{"dmean":0.00370517931879,"dmean2":0.0056218188256,"dvar":0.0000338349964295,"dvar2":0.0000762916824897,"max":0.0899377986789,"mean":0.00913092959672,"median":0.00575729226694,"min":1.57741308184e-22,"var":0.000116628667456},"spectral_entropy":{"dmean":0.164888054132,"dmean2":0.230315044522,"dvar":0.0328217148781,"dvar2":0.0632643252611,"max":9.83055973053,"mean":7.43357658386,"median":7.40722560883,"min":4.49768304825,"var":0.400845766068},"spectral_flux":{"dmean":0.0210728924721,"dmean2":0.033088747412,"dvar":0.000599235238042,"dvar2":0.00136784184724,"max":0.312940776348,"mean":0.0724453404546,"median":0.0698868855834,"min":6.38416541854e-11,"var":0.00188426382374},"spectral_kurtosis":{"dmean":1.98117041588,"dmean2":3.33247733116,"dvar":4.59987592697,"dvar2":12.7432785034,"max":31.3027839661,"mean":5.17739439011,"median":4.55539560318,"min":-1.2741189003,"var":12.8563394547},"spectral_rms":{"dmean":0.000690775224939,"dmean2":0.000999186187983,"dvar":6.64124854666e-7,"dvar2":0.00000134019694542,"max":0.0126847187057,"mean":0.0039342539385,"median":0.0040261503309,"min":3.04582531072e-12,"var":0.00000397585336032},"spectral_rolloff":{"dmean":533.647399902,"dmean2":882.827758789,"dvar":925217.25,"dvar2":1813834.25,"max":19767.4804688,"mean":2385.98950195,"median":1571.92382812,"min":64.599609375,"var":11095099},"spectral_skewness":{"dmean":0.239713922143,"dmean2":0.383261531591,"dvar":0.0513522773981,"dvar2":0.126968815923,"max":4.42677879333,"mean":1.39246714115,"median":1.35312306881,"min":-0.196262329817,"var":0.306425064802},"spectral_spread":{"dmean":456561.3125,"dmean2":655070.875,"dvar":620760072192,"dvar2":1090405793790,"max":42713912,"mean":4721565.5,"median":3359525.25,"min":1297180.125,"var":40253213638700},"spectral_strongpeak":{"dmean":0.609481453896,"dmean2":1.04824495316,"dvar":1.33797752857,"dvar2":3.51741456985,"max":14.9791545868,"mean":0.953571081161,"median":0.426493883133,"min":0,"var":1.99322807789},"zerocrossingrate":{"dmean":0.0112348441035,"dmean2":0.0125021133572,"dvar":0.000264422094915,"dvar2":0.000242910333327,"max":0.52734375,"mean":0.0781086608768,"median":0.0546875,"min":0.00341796875,"var":0.0077430778183}},"metadata":{"audio_properties":{"analysis_sample_rate":44100,"bit_rate":0,"codec":"flac","downmix":"mix","equal_loudness":0,"length":137.333328247,"lossless":true,"md5_encoded":"efc36401715f7e2aec825a0165617b0c","replay_gain":-10.9608154297},"tags":{"album":["A Night at the Opera"],"albumartist":["Queen"],"albumartistsort":["Queen"],"artist":["Queen"],"artistsort":["Queen"],"barcode":["015775156821"],"catalognumber":["UDCD 568"],"composer":["Freddie Mercury"],"date":["1992-10"],"file_name":"07 Seaside Rendezvous.flac","format":["CD"],"isrc":["GBCEE0500370"],"label":["Mobile Fidelity Sound Lab"],"language":["eng"],"mixer":["Elliot Scheiner"],"musicbrainz_albumartistid":["0383dadf-2a4e-4d10-a46a-e9e041da8eb3"],"musicbrainz_albumid":["6defd963-fe91-4550-b18e-82c685603c2b"],"musicbrainz_artistid":["0383dadf-2a4e-4d10-a46a-e9e041da8eb3"],"musicbrainz_recordingid":["e26a4230-72bf-4fbe-b86b-2f045ebb2cb7"],"performer":["Freddie Mercury (vocal)","Roger Taylor (vocal)"],"producer":["Roy Thomas Baker","Brian May"],"releasecountry":["US"],"releasestatus":["official"],"releasetype":["album"],"replaygain_album_gain":["-3.38 dB"],"replaygain_album_peak":["0.96755981"],"replaygain_reference_loudness":["89.0 dB"],"replaygain_track_gain":["-5.46 dB"],"replaygain_track_peak":["0.90805054"],"script":["Latn"],"title":["Seaside Rendezvous"],"totaltracks":["12"],"tracknumber":["7"],"tracktotal":["12"]},"version":{"essentia":"2.1-beta1","essentia_build_sha":"d95b123ab7c93145a6f110a2dd6bea92b4529a00","essentia_git_sha":"v2.1_beta1-6-g5578087-dirty","extractor":"music 1.0"}},"rhythm":{"beats_count":380,"beats_loudness":{"dmean":0.0127543862909,"dmean2":0.0218243878335,"dvar":0.000224656512728,"dvar2":0.000612621661276,"max":0.123675018549,"mean":0.02