{"lowlevel":{"average_loudness":0.727461278439,"barkbands":{"dmean":[0.00383842689916,0.00460296822712,0.00110148580279,0.000546582392417,0.000536641513463,0.00053151906468,0.000210584970773,0.000252719037235,0.000381844380172,0.000379718956538,0.000621533021331,0.00126945378724,0.000914876814932,0.000719486211892,0.000580565945711,0.000508459168486,0.00062960194191,0.000344214146025,0.000204553754884,0.000109435830382,0.0000675114788464,0.0000334774849762,0.0000210739635804,0.0000144797741086,0.00000412795270677,0.0000378901968361,0.00111043662764],"dmean2":[0.00629076687619,0.007672698237,0.00183914357331,0.000946881773416,0.000879681028891,0.000856382714119,0.00034332962241,0.00041387026431,0.000612968928181,0.000619299476966,0.000991809298284,0.00205195136368,0.0015050949296,0.00118131330237,0.000958623597398,0.000835936283693,0.0010215358343,0.00055775733199,0.000317151716445,0.000168958722497,0.000102474004962,0.0000493912993988,0.0000307315203827,0.0000203236013476,0.00000634950038148,0.0000510622994625,0.00159202690702],"dvar":[0.0000743205673643,0.0000581021013204,0.00000262672983808,9.61266096056e-7,0.00000145905084992,0.00000229174770539,3.98224216269e-7,7.01445344475e-7,0.00000151427082073,0.00000119393507703,0.000004084268312,0.00000892319440027,0.00000221866662287,0.00000106611037154,6.86597502408e-7,4.89964804729e-7,6.86247460635e-7,2.99526334402e-7,9.36878663538e-8,3.43582584605e-8,1.16471463585e-8,2.02379668579e-9,8.19447953937e-10,4.02558181234e-10,3.41385773817e-11,3.1895779351e-9,0.00000145693445575],"dvar2":[0.000178544418304,0.000152979802806,0.00000706015634933,0.00000266023835138,0.00000371757573703,0.00000552113169761,9.9608405435e-7,0.00000179885819307,0.00000382792268283,0.00000307570917357,0.00000841605833557,0.0000188533576875,0.00000575247395318,0.00000288616752186,0.00000176023536369,0.00000124670521018,0.00000176755202119,7.31915122287e-7,2.18632933979e-7,7.85959812788e-8,2.60514134709e-8,4.43764403002e-9,1.75427550264e-9,8.04828426126e-10,7.86516615725e-11,6.23517149023e-9,0.00000302788157569],"max":[0.111639380455,0.107313096523,0.0200825184584,0.0245497208089,0.0346093922853,0.0389589220285,0.0153441615403,0.0182116143405,0.0337984785438,0.024124333635,0.0802332162857,0.116087689996,0.024662874639,0.0201544128358,0.0169408749789,0.0150955086574,0.011324852705,0.00869034137577,0.00685587991029,0.0059091411531,0.00334775168449,0.00068624765845,0.000441054144176,0.000391001667595,0.0000977825548034,0.00134179717861,0.0225614868104],"mean":[0.00347245717421,0.00569657236338,0.00142810202669,0.000638502533548,0.00078487128485,0.000682653684635,0.000280140055111,0.000311101292027,0.0005632158136,0.000566772127058,0.00090620474657,0.00210641417652,0.00162732810713,0.00131372490432,0.0010139310034,0.000933267816436,0.00120162183885,0.000619174854364,0.000430074462201,0.000241515372181,0.000171879582922,0.0000849345306051,0.0000520430185134,0.0000362832288374,0.00000760680450185,0.0000969308894128,0.00376744521782],"median":[0.000594291719608,0.00302293105051,0.000797090120614,0.000331862655003,0.00041325573693,0.000213134844671,0.0000777386594564,0.0000768738900661,0.000133778085001,0.000179129492608,0.000430204789154,0.00123845401686,0.000966810737737,0.000897165737115,0.000689995649736,0.000646780128591,0.000874479126651,0.000335902994266,0.000259683962213,0.000141850265209,0.000108778644062,0.0000564657129871,0.0000341971826856,0.0000220551573875,0.00000439377936345,0.0000581362764933,0.00325412489474],"min":[5.82086420238e-24,2.84282530167e-23,7.1673267053e-24,1.1138033617e-23,7.89865093599e-23,2.86840143439e-23,1.95171540135e-23,1.28097732901e-22,9.40213904198e-23,6.72092893615e-23,2.05884665659e-23,6.42129242753e-23,5.91239573322e-23,8.19076234266e-23,1.90258053723e-22,1.25319390036e-22,1.91892699736e-22,2.12061159401e-22,2.91655735369e-22,2.46215958833e-22,3.14882072338e-22,2.8449338322e-22,6.15437016998e-22,8.27139162646e-22,1.28564789044e-21,1.83797391456e-21,2.59207465481e-21],"var":[0.0000702650286257,0.0000631861621514,0.00000343981878359,0.00000106261427391,0.00000200604404199,0.00000285258170152,6.13750501088e-7,9.51128299675e-7,0.0000029670686672,0.00000231710191656,0.00000636011873212,0.0000185680783034,0.00000469210590381,0.00000250370521826,0.00000133653179546,0.00000104897787878,0.0000013867522739,5.82720076636e-7,2.49622360116e-7,9.2374548899e-8,4.01753617041e-8,8.37599767323e-9,3.25477111929e-9,1.69431324526e-9,8.23787843496e-11,1.3037801061e-8,0.00000864385401655]},"barkbands_crest":{"dmean":2.543384552,"dmean2":4.22736120224,"dvar":6.15005016327,"dvar2":15.8674211502,"max":26.5451259613,"mean":8.06679153442,"median":7.10452842712,"min":2.73666191101,"var":13.1185512543},"barkbands_flatness_db":{"dmean":0.0197844263166,"dmean2":0.0312561430037,"dvar":0.000450778810773,"dvar2":0.00113418092951,"max":0.40622895956,"mean":0.0978894084692,"median":0.0884800851345,"min":0.0353455506265,"var":0.00151636882219},"barkbands_kurtosis":{"dmean":2.81710672379,"dmean2":4.82522344589,"dvar":375.257171631,"dvar2":1073.27587891,"max":634.576782227,"mean":2.00228977203,"median":-0.541592359543,"min":-1.9289765358,"var":323.02532959},"barkbands_skewness":{"dmean":0.524940371513,"dmean2":0.81894671917,"dvar":0.815520167351,"dvar2":2.10967946053,"max":23.0018577576,"mean":0.747367858887,"median":0.583321928978,"min":-4.13327503204,"var":2.01058602333},"barkbands_spread":{"dmean":11.3711872101,"dmean2":18.2399673462,"dvar":99.3843307495,"dvar2":245.330184937,"max":134.816818237,"mean":62.0055198669,"median":66.1660614014,"min":0.63348788023,"var":460.797668457},"dissonance":{"dmean":0.00743224890903,"dmean2":0.0128810275346,"dvar":0.0000943936538533,"dvar2":0.000259425054537,"max":0.500000178814,"mean":0.490292787552,"median":0.493694424629,"min":0.299887001514,"var":0.000120243072161},"dynamic_complexity":2.80407810211,"erbbands":{"dmean":[0.21228864789,0.825933396816,1.36995625496,1.49594712257,1.79290986061,1.95175802708,2.71438145638,4.86808586121,2.89023327827,4.19384288788,5.28732013702,7.90031051636,12.313252449,12.4552135468,30.5008831024,52.7697906494,37.9371299744,35.6395568848,34.2390327454,25.337469101,29.8188476562,33.7425994873,19.9574737549,12.9742565155,8.54596138,5.15635824203,3.24811935425,2.33468937874,1.28609001637,0.828904986382,0.578269600868,0.359935164452,0.222569987178,0.0701305046678,0.0195085089654,0.0721387192607,0.0798926204443,0.0709697827697,0.0558328181505,0.0273203887045],"dmean2":[0.355123311281,1.39267551899,2.27727866173,2.55446505547,3.04486250877,3.16676878929,4.38865852356,7.92618703842,4.67882204056,6.81162166595,8.55607128143,12.714176178,19.9873561859,20.1348304749,48.7468719482,85.1200027466,61.4967956543,58.0672683716,55.5659713745,41.8720741272,48.3648529053,54.6066970825,32.1360816956,20.45703125,13.1410150528,7.92331266403,4.9723482132,3.52728319168,1.89464211464,1.22680306435,0.844138681889,0.51732301712,0.315190762281,0.10250595212,0.0301956404001,0.101374857128,0.109892815351,0.0993778780103,0.0793970450759,0.038765437901],"dvar":[0.151611819863,1.71699690819,4.1722202301,5.15033149719,16.855758667,25.1102256775,34.3591766357,279.641967773,58.2997283936,255.851455688,289.428375244,637.336242676,1721.99438477,768.113098145,7554.71923828,17902.8535156,3661.93188477,2999.76171875,2795.31420898,1324.3248291,1629.10949707,2059.58007812,955.134094238,393.467651367,184.678726196,75.1263580322,32.247959137,12.5884895325,2.97404456139,1.23715412617,0.610869467258,0.248767495155,0.0944762825966,0.00961269903928,0.000878059770912,0.0133531568572,0.0148031562567,0.0101645365357,0.00578817632049,0.000854668905959],"dvar2":[0.395698398352,4.55682229996,10.9729919434,14.3189973831,45.9862594604,62.0480422974,78.785484314,682.38067627,139.014892578,671.207458496,725.418334961,1620.30053711,4342.82421875,1926.88195801,16657.5839844,37489.7617188,9201.62597656,8220.01269531,6489.50195312,3435.7097168,4106.74609375,5262.30859375,2315.29321289,928.701416016,433.878814697,170.553909302,68.8638534546,29.7569789886,6.44846439362,2.7033894062,1.3168053627,0.526528418064,0.187448501587,0.0203853771091,0.00208823173307,0.0280869677663,0.0297033097595,0.0204376317561,0.0119284112006,0.00177872099448],"max":[6.11231040955,14.9183826447,28.3353843689,43.9278297424,123.108840942,196.17741394,191.210098267,462.220977783,177.060180664,447.224884033,460.61517334,527.253417969,1622.92687988,501.677093506,3726.60595703,5008.64404297,1207.03308105,1235.5020752,1917.70178223,951.43359375,954.834655762,636.846191406,533.8984375,340.690368652,289.674987793,293.733154297,198.125091553,95.6345214844,28.1690120697,16.3043632507,13.4611530304,8.36414337158,6.40076398849,1.93776166439,0.411432385445,3.65925216675,3.32839822769,1.78064453602,1.45265817642,0.573893070221],"mean":[0.235038295388,1.00910818577,1.83267474174,1.9818353653,2.39432859421,2.65793132782,3.62244462967,5.96080255508,4.06903028488,5.39773130417,7.05576086044,11.8187503815,19.1851501465,20.3629055023,51.8656005859,90.0833282471,74.5308837891,69.989402771,63.8814544678,48.0670623779,58.8232803345,65.8494415283,37.5817489624,26.6150627136,18.2919864655,11.5145559311,7.88635492325,5.89203548431,3.29759001732,2.04196000099,1.41034662724,0.883009195328,0.534681737423,0.151600509882,0.034289740026,0.168824538589,0.20096437633,0.191793471575,0.178365200758,0.0986580327153],"median":[0.0981297716498,0.535513341427,1.06130945683,1.15697658062,1.29681754112,1.26848745346,1.47296702862,1.65164601803,1.33968341351,1.07294762135,2.1141667366,2.78700518608,5.61794948578,8.7768611908,28.5583362579,52.2959899902,45.3464012146,46.9732589722,43.9171905518,33.3385772705,41.9923553467,47.597782135,21.855682373,15.7464065552,10.8949918747,6.74636936188,4.82924318314,3.84877061844,2.17836999893,1.33595573902,0.912317335606,0.541405797005,0.319747179747,0.0881002321839,0.0210311058909,0.096808642149,0.120294377208,0.118401110172,0.117025285959,0.0896808728576],"min":[1.43559012844e-21,4.15758545379e-21,6.38717324675e-21,2.92573297984e-20,1.6054280635e-19,3.31188951798e-19,9.92900302917e-20,3.448718116e-19,2.34710224065e-19,6.31207928658e-19,3.49179034107e-18,2.54259107559e-18,1.12697299362e-18,2.53893038779e-18,1.17921720412e-18,2.353427484e-18,2.23527817518e-18,4.05868864772e-18,5.51563081193e-18,1.16698086608e-17,6.81341763602e-18,1.31690056922e-17,1.05454154367e-17,1.43727975018e-17,1.30817803238e-17,1.41698057251e-17,1.04380986784e-17,1.27502215189e-17,1.23933981365e-17,1.05100410578e-17,1.90989352906e-17,1.69160718286e-17,1.41706444862e-17,1.16758934014e-17,9.6500528078e-18,7.11850707494e-18,3.71942424179e-18,1.61512256858e-18,3.35181183928e-19,3.57758684545e-20],"var":[0.153894454241,1.87872600555,5.54674339294,6.52830314636,18.2564964294,33.5171318054,50.9929656982,316.521392822,93.5431137085,344.399871826,388.558135986,1149.11022949,3651.15991211,1476.39355469,14588.2041016,35722.9140625,9251.12792969,7403.13232422,6527.48095703,2574.63354492,3915.46191406,4161.42871094,1931.70080566,970.374450684,472.653930664,205.26020813,99.5938262939,43.3207321167,12.6957759857,4.87547922134,2.40822148323,1.00058376789,0.377468526363,0.0315798148513,0.00167067453731,0.043307825923,0.056703645736,0.0454337075353,0.0332089290023,0.00507629942149]},"erbbands_crest":{"dmean":1.95589745045,"dmean2":3.31433033943,"dvar":3.44535493851,"dvar2":8.92325401306,"max":28.6421432495,"mean":7.50417423248,"median":6.89141130447,"min":2.16951489449,"var":6.88545513153},"erbbands_flatness_db":{"dmean":0.0159986894578,"dmean2":0.0243335999548,"dvar":0.000194352352992,"dvar2":0.000412466848502,"max":0.334065020084,"mean":0.142690598965,"median":0.136766761541,"min":0.0188402291387,"var":0.00133916304912},"erbbands_kurtosis":{"dmean":1.01987218857,"dmean2":1.65444219112,"dvar":0.943846642971,"dvar2":2.32254362106,"max":15.0585021973,"mean":2.2778263092,"median":2.21644115448,"min":-1.58314907551,"var":2.43143391609},"erbbands_skewness":{"dmean":0.337774217129,"dmean2":0.538465321064,"dvar":0.076980099082,"dvar2":0.189873203635,"max":2.43934464455,"mean":-0.403108179569,"median":-0.420448064804,"min":-2.33607125282,"var":0.350807487965},"erbbands_spread":{"dmean":4.34667444229,"dmean2":6.6257519722,"dvar":25.9477977753,"dvar2":55.6621932983,"max":105.227394104,"mean":19.2634868622,"median":17.5945262909,"min":3.98007822037,"var":80.5115127563},"gfcc":{"cov":[[27499.3535156,1956.70385742,-895.92956543,269.504486084,1447.48242188,-519.178649902,768.295471191,-906.542297363,80.2118988037,-512.366394043,-24.9572238922,56.9540596008,-238.123260498],[1956.70385742,1425.64733887,-183.075958252,-338.218536377,316.666503906,-234.259811401,142.23916626,-220.611236572,69.9586029053,-102.639221191,54.915019989,-107.087715149,77.1709213257],[-895.92956543,-183.075958252,307.656219482,224.61378479,-36.4373474121,106.047653198,-58.1984558105,87.0799179077,-24.8895511627,33.4975585938,-1.36001467705,22.5109024048,-20.9144287109],[269.504486084,-338.218536377,224.61378479,390.726013184,114.268188477,102.799324036,2.38448739052,49.2734794617,-37.6495857239,-3.28294897079,-16.266834259,42.8717918396,-48.4523506165],[1447.48242188,316.666503906,-36.4373474121,114.268188477,360.808288574,12.5658254623,110.565597534,-99.1168060303,0.714191317558,-82.2131576538,11.1128425598,-13.4634904861,14.8043050766],[-519.178649902,-234.259811401,106.047653198,102.799324036,12.5658254623,162.815322876,-1.48062562943,53.6763839722,-24.9098815918,12.2840280533,-5.8671631813,24.5574855804,-5.64737415314],[768.295471191,142.23916626,-58.1984558105,2.38448739052,110.565597534,-1.48062562943,108.667617798,-23.6171169281,21.8187332153,-27.3316020966,-0.237860798836,-9.83655452728,-2.28533816338],[-906.542297363,-220.611236572,87.0799179077,49.2734794617,-99.1168060303,53.6763839722,-23.6171169281,135.202011108,25.586763382,49.9734764099,-3.74095153809,5.540620327,-15.2160997391],[80.2118988037,69.9586029053,-24.8895511627,-37.6495857239,0.714191317558,-24.9098815918,21.8187332153,25.586763382,70.2092590332,25.33893013,11.1921615601,-5.53230905533,-0.176634177566],[-512.366394043,-102.639221191,33.4975585938,-3.28294897079,-82.2131576538,12.2840280533,-27.3316020966,49.9734764099,25.33893013,66.3805465698,23.2036457062,14.2112913132,-0.703076124191],[-24.9572238922,54.915019989,-1.36001467705,-16.266834259,11.1128425598,-5.8671631813,-0.237860798836,-3.74095153809,11.1921615601,23.2036457062,48.9781494141,24.8476676941,14.5633420944],[56.9540596008,-107.087715149,22.5109024048,42.8717918396,-13.4634904861,24.5574855804,-9.83655452728,5.540620327,-5.53230905533,14.2112913132,24.8476676941,56.9217948914,13.8537569046],[-238.123260498,77.1709213257,-20.9144287109,-48.4523506165,14.8043050766,-5.64737415314,-2.28533816338,-15.2160997391,-0.176634177566,-0.703076124191,14.5633420944,13.8537569046,57.8637428284]],"icov":[[0.0000814179002191,-0.000144364545122,0.000239750603214,-0.000170770668774,-0.0000852905286592,0.000072460512456,-0.000165391698829,0.000245914241532,-0.0000780895788921,-0.0000508727171109,0.000441805459559,-0.000764079974033,0.000629161833785],[-0.000144364545122,0.00508944038302,-0.00728107150644,0.00773941585794,-0.00516289938241,0.00550137087703,-0.00321222818457,0.00193550402764,-0.000622816034593,0.00121903431136,-0.00346695212647,0.00390686839819,-0.00134274142329],[0.000239750603214,-0.00728107150644,0.0208022911102,-0.0195083562285,0.0120252966881,-0.0122403204441,0.00786734931171,-0.0027871276252,-0.00216763699427,0.00303583568893,-0.00402429467067,0.00372003624216,-0.00266038253903],[-0.000170770668774,0.00773941585794,-0.0195083562285,0.0272193606943,-0.0197488795966,0.0132197216153,-0.00529412925243,-0.00236509134993,0.00807631667703,-0.00978946033865,0.0122957350686,-0.013767676428,0.0103357173502],[-0.0000852905286592,-0.00516289938241,0.0120252966881,-0.0197488795966,0.0224300175905,-0.0125753004104,-0.000390888162656,0.00524581642821,-0.00958818756044,0.0164900831878,-0.0170914418995,0.0156166190282,-0.0105238994583],[0.000072460512456,0.00550137087703,-0.0122403204441,0.0132197216153,-0.0125753004104,0.0194532033056,-0.00639442028478,-0.00342374271713,0.00817807484418,-0.00725291250274,0.00765934213996,-0.00860071647912,0.00363796832971],[-0.000165391698829,-0.00321222818457,0.00786734931171,-0.00529412925243,-0.000390888162656,-0.00639442028478,0.0202412456274,-0.0037569727283,-0.00512113375589,0.00323643977754,0.00053346605273,-0.000318862032145,0.00126713479403],[0.000245914241532,0.00193550402764,-0.0027871276252,-0.00236509134993,0.00524581642821,-0.00342374271713,-0.0037569727283,0.0209673997015,-0.01103299018,-0.000161716467119,-0.00346422824077,0.00721494294703,-0.0017592656659],[-0.0000780895788921,-0.000622816034593,-0.00216763699427,0.00807631667703,-0.00958818756044,0.00817807484418,-0.00512113375589,-0.01103299018,0.0322382152081,-0.0214474257082,0.011657776311,-0.00996980536729,0.00592697132379],[-0.0000508727171109,0.00121903431136,0.00303583568893,-0.00978946033865,0.0164900831878,-0.00725291250274,0.00323643977754,-0.000161716467119,-0.0214474257082,0.0549017302692,-0.0372598022223,0.0186027735472,-0.0082512004301],[0.000441805459559,-0.00346695212647,-0.00402429467067,0.0122957350686,-0.0170914418995,0.00765934213996,0.00053346605273,-0.00346422824077,0.011657776311,-0.0372598022223,0.0660729929805,-0.0430683679879,0.0127784768119],[-0.000764079974033,0.00390686839819,0.00372003624216,-0.013767676428,0.0156166190282,-0.00860071647912,-0.000318862032145,0.00721494294703,-0.00996980536729,0.0186027735472,-0.0430683679879,0.06048322469,-0.0249345805496],[0.000629161833785,-0.00134274142329,-0.00266038253903,0.0103357173502,-0.0105238994583,0.00363796832971,0.00126713479403,-0.0017592656659,0.00592697132379,-0.0082512004301,0.0127784768119,-0.0249345805496,0.0346615090966]],"mean":[0.261351436377,43.28931427,-107.902923584,-2.03208041191,12.9027509689,-3.78364777565,0.579575181007,-17.8119430542,-4.10962247849,-10.5259666443,-0.30551636219,0.909642577171,-6.2000169754]},"hfc":{"dmean":47.6851234436,"dmean2":71.261932373,"dvar":2228.50366211,"dvar2":4911.23144531,"max":990.46875,"mean":223.770584106,"median":213.3309021,"min":1.18338628954e-16,"var":14850.3496094},"melbands":{"dmean":[0.00162903999444,0.000810861994978,0.000256461993558,0.000130521628307,0.0000882653403096,0.00010438512254,0.0000441641786892,0.0000491604550916,0.0000417491755798,0.0000555666301807,0.0000624937383691,0.0000490471829835,0.0000945861684158,0.000132420595037,0.00012546365906,0.0000864467947395,0.0000689922308084,0.0000621638973826,0.000038670918002,0.0000350013870047,0.0000387669497286,0.0000405834289268,0.000023561386115,0.0000161732696142,0.0000111059462142,0.00000739208417144,0.00000517552552992,0.0000034284753383,0.0000022799740691,0.00000185415262877,0.00000133786966217,8.42751944674e-7,5.69362896385e-7,4.69922781576e-7,3.75066719016e-7,2.79741584563e-7,2.20883222823e-7,1.76283180053e-7,1.27701198949e-7,3.78494853237e-8],"dmean2":[0.00263686245307,0.00134652736597,0.000434971385403,0.000215582491364,0.000141480006278,0.000169216917129,0.0000712848632247,0.0000795446612756,0.0000671710076858,0.0000893749675015,0.000101663215901,0.0000797938700998,0.000149019688251,0.000217849767068,0.000203161805985,0.000141771568451,0.000113671492727,0.000101367084426,0.0000644431565888,0.0000579860316066,0.0000634271564195,0.0000659917131998,0.000038843434595,0.0000262001885858,0.0000177612782863,0.0000115750453915,0.00000822190213512,0.00000539281199963,0.00000356103737431,0.00000292034565064,0.00000206376330425,0.00000128388103349,8.64086700858e-7,7.14781322131e-7,5.65053881019e-7,4.17597760816e-7,3.26182885146e-7,2.58236042328e-7,1.83864557357e-7,5.89342654678e-8],"dvar":[0.00000804893807071,0.00000141643931784,1.68552148239e-7,9.09083226475e-8,3.38512542442e-8,1.13852912875e-7,1.39750069295e-8,3.17439656783e-8,1.74725425239e-8,3.28743681166e-8,4.33619753437e-8,1.30648141194e-8,9.21003930898e-8,9.4331461753e-8,7.28307014697e-8,2.08843324856e-8,1.11681286441e-8,1.01272812358e-8,3.112542446e-9,2.42770337167e-9,2.8437880939e-9,2.96653812626e-9,1.26766364072e-9,7.09721781345e-10,2.87307289071e-10,1.35270114554e-10,7.51392559284e-11,3.5602579912e-11,1.75296045041e-11,8.84042838933e-12,4.02102700095e-12,1.35521812956e-12,5.97301342501e-13,4.12338538964e-13,2.65409845794e-13,1.4841203082e-13,9.69929364147e-14,6.19584204363e-14,3.22751435224e-14,2.97781293574e-15],"dvar2":[0.0000200229278562,0.00000373332704839,4.6299129508e-7,2.3099269697e-7,7.88725955658e-8,2.75457836096e-7,3.35911352067e-8,8.37757241356e-8,4.39586536061e-8,8.34123952131e-8,1.09643025326e-7,3.2875455247e-8,1.92773555341e-7,2.37577282292e-7,1.49412159089e-7,5.40839018015e-8,3.10068237752e-8,2.33309886966e-8,8.28381896412e-9,6.36239150253e-9,7.19714821074e-9,7.71210117989e-9,3.19378457014e-9,1.79404291423e-9,7.0333688873e-10,3.18170434443e-10,1.88154963832e-10,8.18969683736e-11,3.78988611327e-11,2.14324200748e-11,9.87394714602e-12,3.17275285905e-12,1.37987950059e-12,9.50584988328e-13,6.05973116737e-13,3.38483283286e-13,2.13120509738e-13,1.31205362872e-13,6.86281747034e-14,7.02087102309e-15],"max":[0.0426517091691,0.0158313866705,0.00980642624199,0.00866533908993,0.00504635507241,0.00930181611329,0.00244280928746,0.00508965319023,0.00321930949576,0.00388920307159,0.00792368035764,0.00203550793231,0.012425721623,0.0155033590272,0.0129777593538,0.00260264449753,0.00223467778414,0.00383300846443,0.00125476240646,0.000712166132871,0.00152272905689,0.00088692252757,0.000610329618212,0.000487627636176,0.000272677716566,0.000301831867546,0.00021001046116,0.000211200400372,0.000147661325173,0.0000741298499634,0.000043211162847,0.00002010638309,0.0000105455728772,0.0000102016983874,0.00000841494784254,0.0000060628844949,0.00000545714465261,0.0000052938034969,0.0000034111972127,9.42223039146e-7],"mean":[0.00199978472665,0.00111931597348,0.000360033969628,0.000187431767699,0.000122752826428,0.000131486638566,0.0000618547492195,0.0000620788050583,0.0000558609026484,0.0000819471169962,0.0000954976858338,0.0000745467914385,0.000146239239257,0.00022375980916,0.000213547740714,0.000152228662046,0.000125586637296,0.000108420630568,0.0000684494880261,0.0000610697024968,0.0000717166185495,0.0000752562846174,0.0000413637899328,0.0000282246674033,0.0000210623929888,0.0000147310647662,0.0000103411184682,0.00000699476504451,0.00000498131657878,0.00000421621507485,0.00000311596022584,0.00000196467226488,0.00000132402738018,0.00000105858657662,8.49263983582e-7,6.34748403172e-7,5.03743024183e-7,3.97525326434e-7,2.832683208e-7,6.68692194949e-8],"median":[0.000914139091037,0.000672991271131,0.000221052629058,0.0000981424745987,0.0000538824060641,0.0000381969111913,0.0000192803945538,0.0000125028254843,0.0000170667735802,0.0000185662011063,0.000027285723263,0.0000293395733024,0.0000751311017666,0.000132198940264,0.000125102887978,0.0000889516813913,0.0000836887338664,0.0000720702446415,0.0000470024242532,0.0000409922504332,0.0000509261408297,0.0000547971794731,0.0000249455570156,0.0000150370206029,0.000012205213352,0.00000868052393344,0.00000593734148424,0.00000402053319704,0.00000292917138722,0.00000263185279437,0.00000197966710402,0.00000127480620904,8.57211432503e-7,6.73538067986e-7,5.43357316474e-7,3.92416438899e-7,3.01398017655e-7,2.36727188963e-7,1.60369779678e-7,3.75247672935e-8],"min":[1.04473803725e-23,3.80526463612e-24,6.93953838575e-24,2.09944901183e-23,5.31120089304e-24,6.96010162296e-24,3.55833618442e-24,1.03045444838e-23,2.81879470523e-23,1.4557774829e-23,5.26953207674e-24,1.08294832957e-23,3.45280631683e-24,4.89671325749e-24,6.48516870384e-24,5.96411937062e-24,7.92086084146e-24,7.56596888628e-24,1.70893604248e-23,1.0888424616e-23,6.91390987266e-24,1.43675631098e-23,8.42230658675e-24,1.0758407717e-23,1.1703726561e-23,1.0966786114e-23,8.24396406874e-24,9.38365429548e-24,7.17601758589e-24,3.73888948512e-24,9.07114389243e-24,7.52476747006e-24,4.57443438985e-24,6.69896499751e-24,1.08733313403e-23,1.09416088294e-23,1.07731034068e-23,1.02594240066e-23,9.95328602198e-24,9.58970791937e-24],"var":[0.00000923392235563,0.00000184865780284,2.14190890802e-7,1.23067380287e-7,5.15978086923e-8,1.34047112965e-7,2.27352021653e-8,4.34677005501e-8,2.31831442932e-8,6.26212468546e-8,9.12592597047e-8,2.3783384151e-8,1.50280683897e-7,2.03539670451e-7,1.43542479236e-7,4.32350404367e-8,2.4970614021e-8,2.23042135872e-8,5.46062395301e-9,4.38057590202e-9,6.59974297434e-9,5.71279556993e-9,2.24048113395e-9,1.29504762469e-9,6.42660313854e-10,3.12959769211e-10,1.68070821149e-10,8.49897166533e-11,4.63710632392e-11,2.49538601588e-11,1.25234484241e-11,4.78058738429e-12,2.07797082492e-12,1.38004798561e-12,8.99230614016e-13,5.25408438545e-13,3.40537981928e-13,2.14664413632e-13,1.13370555619e-13,6.6301906287e-15]},"melbands_crest":{"dmean":4.59335613251,"dmean2":7.3686914444,"dvar":16.6463947296,"dvar2":40.9258460999,"max":39.7539596558,"mean":14.1052894592,"median":12.8391504288,"min":2.43680095673,"var":46.5087509155},"melbands_flatness_db":{"dmean":0.0294713377953,"dmean2":0.0458450391889,"dvar":0.000765344826505,"dvar2":0.00179922475945,"max":0.507342636585,"mean":0.168291985989,"median":0.161364227533,"min":0.0078192288056,"var":0.00336537160911},"melbands_kurtosis":{"dmean":4.68061923981,"dmean2":7.6489033699,"dvar":506.225891113,"dvar2":1366.88134766,"max":1059.75415039,"mean":4.10085916519,"median":0.184798002243,"min":-1.79838716984,"var":525.473266602},"melbands_skewness":{"dmean":0.787240684032,"dmean2":1.21700680256,"dvar":0.912222862244,"dvar2":2.12826633453,"max":30.8353557587,"mean":1.37331402302,"median":1.06268966198,"min":-2.0731420517,"var":2.66260719299},"melbands_spread":{"dmean":11.3179759979,"dmean2":18.2812900543,"dvar":116.679924011,"dvar2":287.663024902,"max":252.408935547,"mean":44.9300804138,"median":44.1137924194,"min":0.630875051022,"var":462.01953125},"mfcc":{"cov":[[13777.0234375,785.860473633,-889.73449707,534.037841797,227.207794189,467.953460693,102.749984741,335.714630127,-160.587966919,10.3200359344,-70.5245819092,161.586044312,-84.5016021729],[785.860473633,1372.69604492,-378.294616699,-86.2630157471,6.34016704559,10.0816822052,-6.17637586594,-61.5062026978,2.69866728783,-21.2200622559,-11.0727062225,13.3375644684,9.93590927124],[-889.73449707,-378.294616699,395.599639893,45.9432182312,11.4222021103,-37.100151062,-7.51162958145,1.61304473877,0.84028840065,13.7117681503,35.4092483521,-2.14437580109,9.23023796082],[534.037841797,-86.2630157471,45.9432182312,265.471893311,133.525787354,79.2467193604,55.7902450562,60.7802429199,-0.835214614868,-1.53708040714,4.51846694946,13.9288368225,-5.12348985672],[227.207794189,6.34016704559,11.4222021103,133.525787354,177.061248779,102.312973022,67.1772689819,51.5604972839,6.48270511627,-13.1157484055,-7.5891046524,6.65692949295,9.82611083984],[467.953460693,10.0816822052,-37.100151062,79.2467193604,102.312973022,151.070587158,75.4010238647,53.336681366,-0.533910930157,-17.7690048218,-23.1353816986,9.03071880341,3.07465219498],[102.749984741,-6.17637586594,-7.51162958145,55.7902450562,67.1772689819,75.4010238647,90.853515625,47.1288299561,10.2287054062,-8.8384103775,-6.59630155563,-0.200772255659,2.70193314552],[335.714630127,-61.5062026978,1.61304473877,60.7802429199,51.5604972839,53.336681366,47.1288299561,80.0128707886,20.4490203857,9.89616584778,2.95675230026,7.75653648376,-2.13043475151],[-160.587966919,2.69866728783,0.84028840065,-0.835214614868,6.48270511627,-0.533910930157,10.2287054062,20.4490203857,55.9882583618,27.1515083313,10.6002292633,1.11163878441,0.910177826881],[10.3200359344,-21.2200622559,13.7117681503,-1.53708040714,-13.1157484055,-17.7690048218,-8.8384103775,9.89616584778,27.1515083313,50.5257606506,28.4351329803,9.57349777222,-0.0781646668911],[-70.5245819092,-11.0727062225,35.4092483521,4.51846694946,-7.5891046524,-23.1353816986,-6.59630155563,2.95675230026,10.6002292633,28.4351329803,50.5187034607,21.720533371,7.19971895218],[161.586044312,13.3375644684,-2.14437580109,13.9288368225,6.65692949295,9.03071880341,-0.200772255659,7.75653648376,1.11163878441,9.57349777222,21.720533371,41.5662269592,19.0172576904],[-84.5016021729,9.93590927124,9.23023796082,-5.12348985672,9.82611083984,3.07465219498,2.70193314552,-2.13043475151,0.910177826881,-0.0781646668911,7.19971895218,19.0172576904,38.3526992798]],"icov":[[0.000137981420266,-0.0000572476565139,0.000240910900175,-0.000229758850764,0.000156144335051,-0.000273342535365,0.000338144338457,-0.000654553936329,0.000713124987669,-0.000435707712313,0.000266671413556,-0.000474634900456,0.000319372775266],[-0.0000572476565139,0.0011292733252,0.0010020644404,0.000315202021739,-0.000636167125776,0.00021216760797,-0.000327881571138,0.00145486951806,-0.000806752883364,0.000735418288969,-0.000906929839402,-0.00000510709560331,-0.00017442254466],[0.000240910900175,0.0010020644404,0.0044917925261,-0.00090680323774,-0.000466887722723,0.000377472519176,0.000617601966951,-0.000301995896734,0.00109536934178,0.000193009793293,-0.00307397381403,0.00132257549558,-0.00100624701008],[-0.000229758850764,0.000315202021739,-0.00090680323774,0.00750532234088,-0.00540236290544,0.00103703595232,-0.000987740233541,-0.000968148931861,0.00077060534386,-0.000239668923314,-0.000208345867577,-0.00221419963054,0.00306801032275],[0.000156144335051,-0.000636167125776,-0.000466887722723,-0.00540236290544,0.0145205464214,-0.00658547412604,-0.000864282890689,-0.00183093291707,-0.00133269990329,0.00242118933238,-0.00182628701441,0.00337590766139,-0.00462813675404],[-0.000273342535365,0.00021216760797,0.000377472519176,0.00103703595232,-0.00658547412604,0.0184565726668,-0.00947366189212,-0.00176946772262,0.00129469658714,-0.0005542585277,0.00853555649519,-0.00737301679328,0.00218894286081],[0.000338144338457,-0.000327881571138,0.000617601966951,-0.000987740233541,-0.000864282890689,-0.00947366189212,0.0250683389604,-0.0095057412982,-0.001616165624,0.00496063474566,-0.00530104478821,0.006192792207,-0.00279089808464],[-0.000654553936329,0.00145486951806,-0.000301995896734,-0.000968148931861,-0.00183093291707,-0.00176946772262,-0.0095057412982,0.0279577765614,-0.0093379765749,-0.00153066695202,-0.0007973156753,-0.00231082970276,0.00247190147638],[0.000713124987669,-0.000806752883364,0.00109536934178,0.00077060534386,-0.00133269990329,0.00129469658714,-0.001616165624,-0.0093379765749,0.0321678332984,-0.0190355964005,0.00463446555659,0.000199963265914,-0.000319010898238],[-0.000435707712313,0.000735418288969,0.000193009793293,-0.000239668923314,0.00242118933238,-0.0005542585277,0.00496063474566,-0.00153066695202,-0.0190355964005,0.0435879230499,-0.021657096222,0.00296765519306,0.000895259901881],[0.000266671413556,-0.000906929839402,-0.00307397381403,-0.000208345867577,-0.00182628701441,0.00853555649519,-0.00530104478821,-0.0007973156753,0.00463446555659,-0.021657096222,0.0457581579685,-0.0233764536679,0.00449450546876],[-0.000474634900456,-0.00000510709560331,0.00132257549558,-0.00221419963054,0.00337590766139,-0.00737301679328,0.006192792207,-0.00231082970276,0.000199963265914,0.00296765519306,-0.0233764536679,0.0503117032349,-0.023054536432],[0.000319372775266,-0.00017442254466,-0.00100624701008,0.00306801032275,-0.00462813675404,0.00218894286081,-0.00279089808464,0.00247190147638,-0.000319010898238,0.000895259901881,0.00449450546876,-0.023054536432,0.0394161567092]],"mean":[-652.645080566,115.625457764,-45.3014259338,22.3446350098,18.1946735382,26.0030784607,11.6623077393,11.8824625015,-0.63200366497,0.587121188641,-1.56051719189,8.36264038086,0.533286452293]},"pitch_salience":{"dmean":0.0768935456872,"dmean2":0.121172294021,"dvar":0.00501265842468,"dvar2":0.0118894809857,"max":0.977707624435,"mean":0.614561319351,"median":0.644729852676,"min":0.0293641984463,"var":0.0159615911543},"silence_rate_20dB":{"dmean":0,"dmean2":0,"dvar":0,"dvar2":0,"max":1,"mean":1,"median":1,"min":1,"var":0},"silence_rate_30dB":{"dmean":0.0114819761366,"dmean2":0.022967018187,"dvar":0.0113498223945,"dvar2":0.0280488282442,"max":1,"mean":0.989187002182,"median":1,"min":0,"var":0.0106957210228},"silence_rate_60dB":{"dmean":0.00320427236147,"dmean2":0.00640940060839,"dvar":0.00319412909448,"dvar2":0.00663590850309,"max":1,"mean":0.0714190378785,"median":0,"min":0,"var":0.0663203150034},"spectral_centroid":{"dmean":206.659515381,"dmean2":305.841033936,"dvar":45718.734375,"dvar2":86361.0234375,"max":11263.4589844,"mean":2010.7791748,"median":1959.41516113,"min":205.8256073,"var":438762.96875},"spectral_complexity":{"dmean":4.71188259125,"dmean2":6.50474023819,"dvar":19.7749328613,"dvar2":33.3406333923,"max":59,"mean":28.6609268188,"median":30,"min":0,"var":164.842086792},"spectral_contrast_coeffs":{"dmean":[0.0505081862211,0.0471754744649,0.0399857759476,0.026884926483,0.0198430269957,0.0216746497899],"dmean2":[0.0841912552714,0.0792315900326,0.0670434013009,0.045821160078,0.0329154096544,0.03485038504],"dvar":[0.00154712959193,0.00142326008063,0.000961609825026,0.000436085654655,0.000243903516093,0.000459510600194],"dvar2":[0.00433614524081,0.00384268071502,0.00270358589478,0.00123797601555,0.000658628647216,0.00115695490967],"max":[-0.439814209938,-0.523802757263,-0.502378642559,-0.643316268921,-0.676740705967,-0.611253380775],"mean":[-0.73547065258,-0.802414059639,-0.798466801643,-0.81382471323,-0.791919827461,-0.739778339863],"median":[-0.738152265549,-0.80789577961,-0.800056576729,-0.813958704472,-0.787463784218,-0.72728061676],"min":[-0.976773202419,-0.97096991539,-0.970307409763,-0.976070523262,-0.966343998909,-0.959009885788],"var":[0.00397802423686,0.00382757605985,0.00280760205351,0.00141778076068,0.00132276967634,0.00238067563623]},"spectral_contrast_valleys":{"dmean":[0.407096028328,0.407419681549,0.329193592072,0.282133936882,0.247368693352,0.346432894468],"dmean2":[0.661752820015,0.6442476511,0.508177280426,0.424486160278,0.351332724094,0.490274012089],"dvar":[0.116401068866,0.123130105436,0.0890734121203,0.0810113251209,0.0924496799707,0.15127505362],"dvar2":[0.272901445627,0.269175350666,0.176012039185,0.137999802828,0.144904717803,0.305780768394],"max":[-5.27822875977,-4.92854261398,-4.67585325241,-5.10985851288,-5.46340751648,-8.93985557556],"mean":[-7.44982624054,-7.38515663147,-7.08906126022,-6.83101606369,-7.25203561783,-10.6761903763],"median":[-7.02773571014,-7.15668869019,-6.79483175278,-6.44348955154,-6.86555624008,-10.2811384201],"min":[-27.2913169861,-27.4801445007,-27.4351348877,-27.1788864136,-27.1097984314,-27.2551002502],"var":[3.86958360672,2.49364495277,2.67596006393,2.82537722588,2.5516242981,1.71902430058]},"spectral_decrease":{"dmean":2.52249687804e-9,"dmean2":3.75117181761e-9,"dvar":1.21319379254e-17,"dvar2":2.684078665e-17,"max":3.48143847084e-9,"mean":-3.88319643108e-9,"median":-2.22077045642e-9,"min":-4.3170427233e-8,"var":2.37824104122e-17},"spectral_energy":{"dmean":0.0110870525241,"dmean2":0.0156073980033,"dvar":0.000204757292522,"dvar2":0.000423441902967,"max":0.224115222692,"mean":0.0349526517093,"median":0.0286910627037,"min":1.03770332911e-20,"var":0.000650251691695},"spectral_energyband_high":{"dmean":0.000904046348296,"dmean2":0.0012704951223,"dvar":0.00000115739590001,"dvar2":0.00000224581299335,"max":0.0199662186205,"mean":0.00304388999939,"median":0.00235402281396,"min":7.69813617589e-21,"var":0.00000715385021977},"spectral_energyband_low":{"dmean":0.0066009843722,"dmean2":0.0103526795283,"dvar":0.000107525513158,"dvar2":0.000259383872617,"max":0.139496088028,"mean":0.00948807410896,"median":0.00528517365456,"min":4.68545449269e-23,"var":0.000143846511492},"spectral_energyband_middle_high":{"dmean":0.00351138203405,"dmean2":0.00520474929363,"dvar":0.0000241879388341,"dvar2":0.0000563653338759,"max":0.151686355472,"mean":0.010737250559,"median":0.0080030914396,"min":1.42258051207e-21,"var":0.000113444730232},"spectral_energyband_middle_low":{"dmean":0.00165470654611,"dmean2":0.0026124578435,"dvar":0.00000870906478667,"dvar2":0.0000207506145671,"max":0.0606994144619,"mean":0.00347111327574,"median":0.00179884245154,"min":3.66451992305e-22,"var":0.0000221638274525},"spectral_entropy":{"dmean":0.0830912962556,"dmean2":0.120826236904,"dvar":0.00673215370625,"dvar2":0.0136725865304,"max":9.80034446716,"mean":7.86575174332,"median":7.8941693306,"min":6.09305429459,"var":0.0760286822915},"spectral_flux":{"dmean":0.0230182595551,"dmean2":0.0337933674455,"dvar":0.000612579693552,"dvar2":0.00128732784651,"max":0.354437530041,"mean":0.112911865115,"median":0.109379567206,"min":1.01867722591e-10,"var":0.00265359086916},"spectral_kurtosis":{"dmean":3.13084387779,"dmean2":4.5459113121,"dvar":12.314699173,"dvar2":27.1653995514,"max":63.1023712158,"mean":21.0626544952,"median":18.9120311737,"min":-1.26554059982,"var":75.2827453613},"spectral_rms":{"dmean":0.000838147476315,"dmean2":0.00114546669647,"dvar":7.92678292783e-7,"dvar2":0.00000149727918597,"max":0.0147867845371,"mean":0.0053993226029,"median":0.00529067870229,"min":3.18181310292e-12,"var":0.00000494714504384},"spectral_rolloff":{"dmean":2022.9519043,"dmean2":3735.98828125,"dvar":23683064,"dvar2":61068612,"max":22050,"mean":19348.7714844,"median":20758.0078125,"min":21.533203125,"var":22200424},"spectral_skewness":{"dmean":0.258374661207,"dmean2":0.372657418251,"dvar":0.0663144215941,"dvar2":0.136415019631,"max":6.11607074738,"mean":3.22787809372,"median":3.13329720497,"min":0.0368527509272,"var":0.578886210918},"spectral_spread":{"dmean":327204.9375,"dmean2":496967.65625,"dvar":229180653568,"dvar2":338204884992,"max":42237128,"mean":4381448.5,"median":4271899,"min":1624951.875,"var":1922534866940},"spectral_strongpeak":{"dmean":6.25702953339,"dmean2":11.1837120056,"dvar":216.298583984,"dvar2":511.403045654,"max":191.869873047,"mean":5.7001914978,"median":0.194038957357,"min":0,"var":245.954193115},"zerocrossingrate":{"dmean":0.0442393906415,"dmean2":0.0514425076544,"dvar":0.00189260300249,"dvar2":0.00261546950787,"max":0.9990234375,"mean":0.385049104691,"median":0.38232421875,"min":0.02490234375,"var":0.00982793513685}},"metadata":{"audio_properties":{"analysis_sample_rate":44100,"bit_rate":320000,"codec":"mp3","downmix":"mix","equal_loudness":0,"length":173.898208618,"lossless":false,"md5_encoded":"2af1c307c27456f469820d48f2920041","replay_gain":-2.27285766602,"sample_rate":44100},"tags":{"album":["Power Metal"],"albumartist":["Pantera"],"albumartistsort":["Pantera"],"artist":["Pantera"],"artistsort":["Pantera"],"asin":["B0009OE9AO"],"catalognumber":["MMR-1988"],"date":["1988"],"discnumber":["1/1"],"file_name":"10. Pantera - PST88.mp3","genre":["Thrash Metal"],"label":["Metal Magic Records"],"musicbrainz album release country":["US"],"musicbrainz album status":["official"],"musicbrainz album type":["album"],"musicbrainz_albumartistid":["541f16f5-ad7a-428e-af89-9fa1b16d3c9c"],"musicbrainz_albumid":["8c086d0b-15b4-4eb6-9517-8e1ba86773a2"],"musicbrainz_artistid":["541f16f5-ad7a-428e-af89-9fa1b16d3c9c"],"musicbrainz_recordingid":["e275b4d6-91b1-4bcd-919d-999621108457"],"musicip_puid":["5b660a13-70d8-14d4-376a-8744e8700798"],"title":["P*S*T*88"],"tracknumber":["10/10"]},"version":{"essentia":"2.1-beta1","essentia_build_sha":"ca57ba49d9b1854bd80e60cf9ccf267278fb7d6b","essentia_git_sha":"v2.1_beta1-28-g21ef5f4-dirty","extractor":"music 1.0"}},"rhythm":{"beats_count":399,"beats_loudness":{"dmean":0.023396037519,"dmean2":0.0406789816916,"dvar":0.000438783376012,"dvar2":0.00125757488422,"max":0.197000488639,"mean":0.0552381388843,"median":0.0528120398521,"min":2.21683627011e-9,"var":0.000799978384748},"beats_loudness_band_ratio":{"dmean":[0.185427933931,0.0322701968253,0.0340572781861,0.0674628093839,0.0646453350782,0.101913951337],"dmean2":[0.321071237326,0.0562419593334,0.0609973631799,0.114487886429,0.121019601822,0.176282599568],"dvar":[0.0204762667418,0.00195676763542,0.00498658185825,0.00496463058516,0.00274366280064,0.00825807638466],"dvar2":[0.0588446781039,0.00527254166082,0.014947431162,0.0132083389908,0.00775323901325,0.0207663644105],"max":[0.817837893963,0.4177120924,0.707089602947,0.763786673546,0.335444480181,0.95291602