{"lowlevel":{"average_loudness":0.774733185768,"barkbands":{"dmean":[0.00000782302686275,0.00109559425618,0.000609588576481,0.000147151338751,0.00243231956847,0.000358335062629,0.00172497390304,0.00144383776933,0.000721993041225,0.000290714117,0.000273061887128,0.0000948053202592,0.000208084384212,0.000113396039524,0.0000634739844827,0.0000217489541683,0.0000092678474175,0.0000107193418444,0.0000112677071229,0.000015186611563,0.00000963262846199,0.00000858076600707,0.0000118474545161,0.00000776834622229,0.00000143578211009,7.42184909086e-7,3.0115120353e-7],"dmean2":[0.0000133763114718,0.00169509311672,0.00091095129028,0.000243588961894,0.00366018875502,0.000566043599974,0.00231345114298,0.00204477692023,0.000904576561879,0.000400983291911,0.000359935103916,0.000124018319184,0.000259409396676,0.000161984775332,0.0000883086613612,0.0000317746889777,0.0000136064345497,0.0000159754144988,0.0000167896796484,0.0000236783325818,0.0000147295641,0.0000123031722978,0.0000176402118086,0.0000113106807476,0.0000022480962798,0.00000120806998893,4.8115481377e-7],"dvar":[1.30317756586e-10,0.00000377894593839,0.00000116767250802,4.95985084115e-8,0.0000225194726227,0.00000234149047174,0.0000282330274786,0.0000534809296369,0.0000067679525273,0.00000185264400443,0.00000201792272492,2.2606363359e-7,9.10736048354e-7,2.17028627958e-7,8.26266131071e-8,8.7638367674e-9,2.77624900846e-9,1.63704116929e-9,2.11871875599e-9,6.70926247892e-9,1.98311433941e-9,1.65740743352e-9,3.90868359901e-9,1.72249492447e-9,2.02639936081e-11,4.44139516831e-12,5.63884767872e-13],"dvar2":[4.05595612651e-10,0.00000780746449891,0.0000020120719455,1.36618737656e-7,0.0000486887947773,0.00000559328918825,0.0000508918346895,0.0000935030402616,0.0000106971920104,0.00000387689624404,0.00000393252912545,3.65681870562e-7,0.00000160985985076,4.62525804323e-7,1.50623634454e-7,1.72010619082e-8,3.88437104704e-9,3.5117748709e-9,4.04382394237e-9,1.52796548747e-8,4.09014155878e-9,3.0174476251e-9,7.27332638562e-9,3.25228421971e-9,4.08202777136e-11,1.15156712291e-11,1.34855429774e-12],"max":[0.000129911582917,0.0585649423301,0.0345701165497,0.00343455420807,0.100823029876,0.0350185632706,0.112347833812,0.237925589085,0.0689355880022,0.0570640936494,0.0568427368999,0.0273524336517,0.0371689237654,0.0111402440816,0.0118553694338,0.00419047148898,0.00366318458691,0.00164501636755,0.00153411086649,0.00240835989825,0.00182389211841,0.00100550358184,0.00192017562222,0.00153204589151,0.000125230741105,0.000040640028601,0.0000123240388348],"mean":[0.00000987149451248,0.00193938368466,0.001096641412,0.000284273235593,0.00515144597739,0.000591243733652,0.00359303574078,0.00253439834341,0.00154139648657,0.000491719460115,0.000521743437275,0.000147925675265,0.000346411718056,0.000148469349369,0.0000918593286769,0.0000336312150466,0.0000174572942342,0.0000172281197592,0.0000172436339199,0.0000182443327503,0.0000125956075863,0.0000130603821162,0.0000177335841727,0.0000114823706099,0.00000177517335942,7.74424563588e-7,3.54669964509e-7],"median":[0.00000569672147321,0.000680320430547,0.000415429385612,0.000171076782863,0.00207228795625,0.000160453564604,0.0000436123518739,0.0000534854589205,0.0000222142389248,0.00000847800765769,0.00000976931278274,0.00000961163459579,0.0000159065020853,0.00000478888341604,0.00000699674183124,0.00000551017819816,0.00000562514969715,0.00000401978786613,0.00000313606187774,0.00000246301465268,9.50459593696e-7,6.03863611559e-7,6.63909474952e-7,7.3934518241e-7,1.84853249152e-7,1.51769228296e-7,1.61495236739e-7],"min":[1.39927765264e-25,3.27664223821e-24,4.86124242271e-25,1.48439680434e-24,7.25575327961e-24,4.85484880368e-24,9.23607025303e-24,5.87225139061e-24,2.03382256872e-23,1.53390973794e-23,1.53982067271e-23,1.57636354974e-23,3.09855728329e-23,1.79141776101e-23,3.9377285816e-23,5.89492656624e-23,7.44888536187e-23,7.45197391008e-23,1.27505064858e-22,1.56803623936e-22,2.75831917673e-22,2.53842060219e-22,3.58511356298e-22,5.1157092016e-22,7.79509987864e-22,1.28034411983e-21,1.83287532352e-21],"var":[1.55620336062e-10,0.0000138494760904,0.0000058293053371,1.24132597534e-7,0.0000772268758737,0.00000349706010638,0.0000881793312146,0.000155872563482,0.0000298543345707,0.00000491342461828,0.00000618407329966,4.88042758207e-7,0.00000224383325076,3.54188102847e-7,1.8179179051e-7,1.65317270984e-8,6.88084123013e-9,3.10653125446e-9,4.86863793725e-9,1.00527373093e-8,3.61557739303e-9,4.46389281095e-9,9.94606974558e-9,4.7963766292e-9,4.58525890867e-11,3.87957634768e-12,5.44053842776e-13]},"barkbands_crest":{"dmean":3.01697182655,"dmean2":4.85424804688,"dvar":7.27495336533,"dvar2":17.6166572571,"max":26.3889751434,"mean":14.4681167603,"median":13.7512693405,"min":2.93017220497,"var":23.994436264},"barkbands_flatness_db":{"dmean":0.0330201089382,"dmean2":0.0472572334111,"dvar":0.00110187742393,"dvar2":0.00215766602196,"max":0.571304559708,"mean":0.260568767786,"median":0.261401116848,"min":0.0446981601417,"var":0.00626799091697},"barkbands_kurtosis":{"dmean":18.1734848022,"dmean2":28.9785575867,"dvar":4270.02685547,"dvar2":10925.2480469,"max":2416.19384766,"mean":34.3616638184,"median":10.4051742554,"min":-1.91672599316,"var":13594.7226562},"barkbands_skewness":{"dmean":1.05159592628,"dmean2":1.62123155594,"dvar":2.16651654243,"dvar2":5.29450464249,"max":43.6035652161,"mean":2.57341551781,"median":2.04047727585,"min":-3.91596412659,"var":13.4062538147},"barkbands_spread":{"dmean":3.66281700134,"dmean2":5.58006954193,"dvar":68.5788345337,"dvar2":136.941619873,"max":135.746566772,"mean":8.6342086792,"median":4.46651315689,"min":0.152573347092,"var":184.86340332},"dissonance":{"dmean":0.037515476346,"dmean2":0.0598615929484,"dvar":0.00159888342023,"dvar2":0.00359428231604,"max":0.500000178814,"mean":0.395000994205,"median":0.416053205729,"min":0.0970068052411,"var":0.00612807227299},"dynamic_complexity":6.20285272598,"erbbands":{"dmean":[0.0149083891883,0.300191700459,0.814433455467,0.413115829229,3.89852929115,10.5843391418,5.13936710358,3.13469195366,19.7822799683,28.0551891327,28.7068996429,20.6838970184,9.16236686707,9.01365756989,9.47582626343,3.52795672417,9.36096858978,5.31058359146,5.31178188324,1.64973843098,0.967638254166,0.43408882618,0.441734880209,0.750963926315,0.384174019098,0.767898976803,0.604782521725,0.257438361645,0.298053056002,0.326242238283,0.392252236605,0.26434969902,0.0641679987311,0.0209249239415,0.00817030668259,0.00346690579318,0.00133164902218,0.000364003702998,0.0000548095995327,0.00000799462486611],"dmean2":[0.0235024075955,0.463731348515,1.19512009621,0.663053631783,6.29212617874,15.6002607346,7.5519695282,4.68565177917,25.5950889587,39.875541687,40.6862602234,25.8728504181,11.6957702637,12.0104389191,11.7648620605,4.49488162994,11.5686655045,7.19116544724,7.25700330734,2.34471344948,1.42710030079,0.617068052292,0.650310337543,1.10502588749,0.57459539175,1.22424888611,0.946337819099,0.385509878397,0.434978872538,0.478619098663,0.574735224247,0.378124475479,0.096437253058,0.0320425070822,0.0130049465224,0.0056903026998,0.0021596904844,0.00058196351165,0.0000876804479049,0.0000113099631562],"dvar":[0.000530923367478,0.299017578363,2.35769057274,0.319256335497,50.8137931824,516.447875977,238.88319397,151.945587158,4334.54492188,7554.75683594,28745.5683594,5213.43212891,1660.68334961,1877.81396484,1675.84570312,170.857757568,1776.25305176,456.509277344,507.484130859,40.3866691589,15.5752792358,8.38091182709,2.08188915253,9.59336948395,2.99275970459,19.0483455658,8.50311660767,1.2960036993,2.18733382225,2.83932113647,4.41571235657,2.24827051163,0.0812756121159,0.00549665186554,0.000548411393538,0.000113750800665,0.0000142531889651,9.67923824646e-7,1.93953990646e-8,1.51755330524e-10],"dvar2":[0.00131421186961,0.598847091198,3.81816697121,0.798986792564,134.921676636,1075.89196777,446.319671631,350.246398926,7450.88623047,15962.6689453,48267.6289062,7817.80566406,3216.50048828,3265.34887695,2551.29931641,266.680969238,3095.08398438,921.622375488,916.668701172,82.0704421997,31.3476409912,11.093287468,4.12550115585,17.0787124634,5.93575000763,45.9342880249,17.7360782623,2.69785380363,4.21099853516,5.89842700958,8.08140563965,4.36389541626,0.142148867249,0.0101544903591,0.00127431633882,0.00030401701224,0.0000364388070011,0.00000246219951805,4.60616433884e-8,2.87877693905e-10],"max":[0.434643417597,16.5527915955,47.899520874,9.52446269989,128.218048096,507.587890625,403.217285156,316.294372559,1475.63525391,1887.34008789,6268.02246094,2098.57324219,1887.19909668,1565.06848145,1575.67785645,388.717773438,1301.73474121,639.632324219,1081.32971191,144.529815674,164.994018555,208.714431763,44.9171485901,111.015884399,58.1418075562,141.510025024,129.35609436,30.6659450531,46.1814994812,59.8012161255,66.2146453857,55.8692054749,9.19505214691,2.1006526947,0.639321565628,0.29668840766,0.0699688568711,0.0189884398133,0.00244886428118,0.000284361856757],"mean":[0.0244397949427,0.535839915276,1.53002882004,0.947651803493,6.94893884659,21.9129657745,11.2493553162,6.17980098724,42.4273490906,54.7206039429,47.0187606812,44.8905754089,17.6478061676,15.4157428741,21.851272583,6.6622376442,16.3236141205,7.93759965897,7.89230489731,2.58991122246,1.70734095573,0.874690830708,0.777693271637,1.24878442287,0.618110537529,0.894905924797,0.730180978775,0.379103839397,0.434310376644,0.475147813559,0.579537272453,0.392133176327,0.0936286374927,0.0273520760238,0.00935356505215,0.00365096610039,0.00135851430241,0.000390864937799,0.0000697057475918,0.0000242968708335],"median":[0.0111194113269,0.180433407426,0.537493944168,0.642297446728,3.56963610649,6.82032775879,3.04035544395,1.83547472954,1.16765272617,1.13306128979,3.11304807663,0.955024838448,0.359519183636,0.396903604269,0.5039742589,0.526743531227,0.715215802193,0.441223889589,0.487564921379,0.271231234074,0.41602408886,0.295681208372,0.219007715583,0.223340928555,0.13247410953,0.120484031737,0.0587356202304,0.02926646173,0.0244328975677,0.0159642770886,0.0206487160176,0.0187889840454,0.0080685140565,0.00266395742074,0.00111020985059,0.000641473685391,0.000283322529867,0.00010411645053,0.0000316824916808,0.0000153727251018],"min":[1.02500420839e-22,6.03485004356e-22,1.11542246085e-21,4.84773640851e-21,5.01534024506e-21,2.22247807865e-20,3.4324899956e-20,9.31855019946e-20,1.3760546278e-19,1.58066033726e-19,2.86400120158e-19,4.63157036532e-19,5.21390241463e-19,8.70026293537e-19,9.12460348768e-19,1.03356651808e-18,1.77188249704e-18,1.42667035232e-18,2.25066518214e-18,2.25419290066e-18,4.06536978552e-18,4.67204224474e-18,4.71583814946e-18,6.15646624404e-18,7.89612716109e-18,7.83606392245e-18,9.22616493008e-18,9.40655151498e-18,1.01153741624e-17,1.07342442269e-17,1.00938732567e-17,1.0117098834e-17,8.86567382887e-18,8.24785676526e-18,6.42554313421e-18,4.14475389532e-18,2.33486389669e-18,9.46807265945e-19,2.49835014771e-19,2.6196624207e-20],"var":[0.00122377520893,1.15563797951,12.3954315186,1.0092086792,96.3995742798,1766.96362305,771.200073242,282.064117432,14792.1835938,19048.3925781,79665.4375,24249.6464844,4818.23291016,4152.05664062,9224.35351562,507.102935791,4719.47998047,797.175415039,1110.04516602,84.1871109009,28.2159996033,21.5318603516,4.45435762405,22.0655326843,7.59947252274,25.3562679291,14.1039857864,2.78447794914,4.99863433838,6.74112987518,11.3176593781,5.97393274307,0.24113842845,0.0145142115653,0.000911876151804,0.0000976173614617,0.0000122126912174,8.35483319861e-7,1.90012361401e-8,6.37708830187e-10]},"erbbands_crest":{"dmean":3.19061422348,"dmean2":4.98537302017,"dvar":10.4044942856,"dvar2":23.9658908844,"max":33.7910652161,"mean":14.2780532837,"median":13.3042554855,"min":2.61026644707,"var":36.9029579163},"erbbands_flatness_db":{"dmean":0.0290564484894,"dmean2":0.0404536016285,"dvar":0.0010154324118,"dvar2":0.00179469166324,"max":0.459894329309,"mean":0.228624910116,"median":0.21693585813,"min":0.0428783856332,"var":0.00683343969285},"erbbands_kurtosis":{"dmean":4.21023797989,"dmean2":6.54935836792,"dvar":56.0136604309,"dvar2":130.006408691,"max":160.864318848,"mean":6.49277544022,"median":2.88221693039,"min":-1.87870514393,"var":130.623748779},"erbbands_skewness":{"dmean":0.659183442593,"dmean2":0.985067546368,"dvar":0.590711653233,"dvar2":1.2967556715,"max":9.93389987946,"mean":1.35535848141,"median":1.33362913132,"min":-4.560110569,"var":2.26893544197},"erbbands_spread":{"dmean":9.13665771484,"dmean2":14.4783916473,"dvar":230.137832642,"dvar2":532.71472168,"max":176.213409424,"mean":24.9724521637,"median":17.6307621002,"min":0.567083895206,"var":546.626525879},"gfcc":{"cov":[[29752.9121094,4282.17089844,-4039.13745117,-549.694519043,-1895.9185791,-243.005828857,-1029.85437012,-210.6378479,-452.636169434,-345.702636719,-85.0530166626,-484.939178467,-311.498474121],[4282.17089844,2050.31347656,-704.211608887,-893.466491699,-97.4393920898,-287.044647217,-112.48399353,-52.4289741516,31.8838920593,-97.3379364014,106.859985352,-134.17791748,-71.5393066406],[-4039.13745117,-704.211608887,1506.07739258,508.300292969,363.080596924,65.6511688232,59.9164505005,62.8903007507,42.1858406067,138.982421875,-65.4279174805,148.12399292,12.4336442947],[-549.694519043,-893.466491699,508.300292969,1185.66040039,163.749862671,82.2674484253,-57.3236274719,-20.5750389099,-20.146692276,55.7465858459,-154.577377319,90.6236114502,54.5685310364],[-1895.9185791,-97.4393920898,363.080596924,163.749862671,516.789001465,28.4046955109,40.7277183533,39.5192871094,9.18083190918,33.7647590637,-80.3455505371,49.6470527649,51.4434089661],[-243.005828857,-287.044647217,65.6511688232,82.2674484253,28.4046955109,350.630950928,171.673492432,9.51605606079,-53.0308151245,-14.3495388031,5.66823720932,-2.56707286835,-3.30176758766],[-1029.85437012,-112.48399353,59.9164505005,-57.3236274719,40.7277183533,171.673492432,286.11907959,57.1342277527,-5.33483409882,-13.7631511688,56.0844573975,14.1504449844,10.0803346634],[-210.6378479,-52.4289741516,62.8903007507,-20.5750389099,39.5192871094,9.51605606079,57.1342277527,134.663360596,46.1443710327,4.82262420654,5.61706876755,12.0917482376,11.9713840485],[-452.636169434,31.8838920593,42.1858406067,-20.146692276,9.18083190918,-53.0308151245,-5.33483409882,46.1443710327,151.925170898,40.5959625244,30.4004058838,-14.2849168777,-7.52887773514],[-345.702636719,-97.3379364014,138.982421875,55.7465858459,33.7647590637,-14.3495388031,-13.7631511688,4.82262420654,40.5959625244,112.921806335,24.0474185944,10.2816610336,-11.5226297379],[-85.0530166626,106.859985352,-65.4279174805,-154.577377319,-80.3455505371,5.66823720932,56.0844573975,5.61706876755,30.4004058838,24.0474185944,156.250366211,-1.18989026546,-34.7590408325],[-484.939178467,-134.17791748,148.12399292,90.6236114502,49.6470527649,-2.56707286835,14.1504449844,12.0917482376,-14.2849168777,10.2816610336,-1.18989026546,95.3552627563,28.2864646912],[-311.498474121,-71.5393066406,12.4336442947,54.5685310364,51.4434089661,-3.30176758766,10.0803346634,11.9713840485,-7.52887773514,-11.5226297379,-34.7590408325,28.2864646912,77.3445892334]],"icov":[[0.000353527924744,-0.00101860787254,0.00064457510598,-0.000776051660068,0.00108994729817,-0.00101883138996,0.00115897879004,-0.00140866322909,0.00113229686394,-0.000909171474632,0.000685606501065,-0.000405609520385,0.000655325129628],[-0.00101860787254,0.0038996078074,-0.00165843882132,0.00277256476693,-0.003507678397,0.0035593083594,-0.00323885027319,0.00437637837604,-0.00334046687931,0.00322146061808,-0.00224756426178,0.00163841096219,-0.00140974170063],[0.00064457510598,-0.00165843882132,0.00235355785117,-0.00157247774769,0.00140703446232,-0.00179408758413,0.00189152930398,-0.00268833059818,0.00183172803372,-0.00247094267979,0.00162749539595,-0.00204058852978,0.00223809946328],[-0.000776051660068,0.00277256476693,-0.00157247774769,0.00323714478873,-0.00251842080615,0.00208548246883,-0.00214643590152,0.00359104620293,-0.00273644924164,0.00187737680972,-0.0005896143266,0.000374445633497,-0.00149271555711],[0.00108994729817,-0.003507678397,0.00140703446232,-0.00251842080615,0.00618857471272,-0.00336677534506,0.00307618966326,-0.00468102563173,0.00338778807782,-0.00362056703307,0.00350475171581,-0.00163326750044,0.00072238559369],[-0.00101883138996,0.0035593083594,-0.00179408758413,0.00208548246883,-0.00336677534506,0.00806481391191,-0.00636443076655,0.00448477780446,-0.00177695835009,0.00290262000635,-0.00183561188169,0.00261176284403,-0.000795787025709],[0.00115897879004,-0.00323885027319,0.00189152930398,-0.00214643590152,0.00307618966326,-0.00636443076655,0.01041323971,-0.00666146911681,0.0037590584252,-0.0017283562338,-0.000499285000842,-0.00148999900557,0.00066736683948],[-0.00140866322909,0.00437637837604,-0.00268833059818,0.00359104620293,-0.00468102563173,0.00448477780446,-0.00666146911681,0.0154519798234,-0.00785042904317,0.00434529595077,-0.00190210796427,0.000607356487308,-0.00313910702243],[0.00113229686394,-0.00334046687931,0.00183172803372,-0.00273644924164,0.00338778807782,-0.00177695835009,0.0037590584252,-0.00785042904317,0.0131050311029,-0.00553185632452,0.000358619174222,0.00154323200695,0.00155100470874],[-0.000909171474632,0.00322146061808,-0.00247094267979,0.00187737680972,-0.00362056703307,0.00290262000635,-0.0017283562338,0.00434529595077,-0.00553185632452,0.014844244346,-0.00466888397932,0.00126716587692,-0.000413209869293],[0.000685606501065,-0.00224756426178,0.00162749539595,-0.0005896143266,0.00350475171581,-0.00183561188169,-0.000499285000842,-0.00190210796427,0.000358619174222,-0.00466888397932,0.0122800245881,-0.00400824146345,0.00511069502681],[-0.000405609520385,0.00163841096219,-0.00204058852978,0.000374445633497,-0.00163326750044,0.00261176284403,-0.00148999900557,0.000607356487308,0.00154323200695,0.00126716587692,-0.00400824146345,0.0165089443326,-0.00625623948872],[0.000655325129628,-0.00140974170063,0.00223809946328,-0.00149271555711,0.00072238559369,-0.000795787025709,0.00066736683948,-0.00313910702243,0.00155100470874,-0.000413209869293,0.00511069502681,-0.00625623948872,0.0195165164769]],"mean":[-159.213684082,134.638046265,-72.7933731079,16.091501236,-42.5461654663,-0.758105158806,-32.7480163574,-3.42217326164,-17.2951183319,-3.68862390518,-7.90431404114,-7.36929273605,-12.5594015121]},"hfc":{"dmean":2.90664601326,"dmean2":3.84604907036,"dvar":31.2109718323,"dvar2":53.3620414734,"max":140.921264648,"mean":8.46657371521,"median":3.35451292992,"min":1.0965673315e-16,"var":139.783660889},"melbands":{"dmean":[0.000221185575356,0.000418131210608,0.000117578681966,0.000580322812311,0.000242088513914,0.0000679894801578,0.000328329071635,0.000319302518619,0.000212591476156,0.000118714357086,0.0000432954948337,0.0000363187537005,0.0000359640835086,0.0000136824473884,0.0000142467488331,0.0000203342824534,0.0000094709566838,0.0000101907689896,0.00000326636836689,0.00000176788205408,0.0000010840253708,5.3153803492e-7,3.63510281431e-7,5.18245144576e-7,6.73155966524e-7,3.13915023753e-7,3.28536543748e-7,5.70591623728e-7,4.6968358447e-7,1.94524218955e-7,1.49061776256e-7,1.90646204601e-7,1.71697948304e-7,1.81650321451e-7,2.57696484596e-7,1.8650254674e-7,1.50727714754e-7,4.78488502154e-8,2.54175755998e-8,1.49518406545e-8],"dmean2":[0.000345329375705,0.000618809775915,0.000188666919712,0.000890946830623,0.000345684908098,0.000106334751763,0.000426659040386,0.00045493352809,0.000298950617434,0.000146462538396,0.0000558680876566,0.0000483791445731,0.0000454712062492,0.0000171314677573,0.0000176963603735,0.0000254728111031,0.0000134029387482,0.0000142418348332,0.00000451840242022,0.0000025619679036,0.00000165190908774,7.61193518883e-7,5.52191806946e-7,7.72146734107e-7,9.93096250568e-7,4.88345449412e-7,4.95251299526e-7,9.32661862407e-7,7.38434493996e-7,2.99228986478e-7,2.30194601158e-7,2.9094724141e-7,2.50613339858e-7,2.69795947361e-7,3.87999762097e-7,2.62775785131e-7,2.25425225153e-7,7.32315825758e-8,3.98782091793e-8,2.37741826226e-8],"dvar":[1.3300821422e-7,6.18757553639e-7,3.05885343721e-8,0.00000116614205581,4.759160106e-7,7.86228397942e-8,0.00000113588293971,0.00000107555854356,0.00000140865790854,1.8015957437e-7,4.36605311904e-8,3.02432425769e-8,2.7541815939e-8,3.59587182253e-9,5.38660760441e-9,1.02219104292e-8,1.56523660699e-9,2.04589079011e-9,2.08953271352e-10,6.05635264161e-11,1.50584544834e-11,1.74804042768e-11,1.80264115267e-12,3.58713731462e-12,8.34613368e-12,1.61880784385e-12,3.53195077352e-12,1.12738481745e-11,5.84733129971e-12,8.28675832381e-13,4.90707138551e-13,1.0013068933e-12,8.17091782689e-13,9.15910576549e-13,2.05218025733e-12,1.06277269971e-12,7.5728485982e-13,4.34810743183e-14,9.86726383245e-15,2.92972666357e-15],"dvar2":[3.02535624996e-7,0.0000010489552551,7.50065822785e-8,0.00000291177047984,7.87062162999e-7,1.85297025723e-7,0.00000196000405595,0.00000218538230001,0.00000240305894295,2.64511328396e-7,8.51449186712e-8,5.3375849518e-8,4.80571991091e-8,5.28630250685e-9,8.41587599609e-9,1.86787385559e-8,3.24185900347e-9,3.83523479641e-9,3.87067711216e-10,1.16893120183e-10,3.11464569414e-11,2.25930680414e-11,4.24423213588e-12,7.73981573277e-12,1.48947503636e-11,3.52133513321e-12,7.51587073827e-12,2.76653353004e-11,1.24730122064e-11,1.84869675991e-12,1.09179050349e-12,2.18519495034e-12,1.7061106217e-12,1.90753858022e-12,3.98739982005e-12,1.92468849018e-12,1.58522977731e-12,8.36858726305e-14,1.97421204682e-14,5.73218535626e-15],"max":[0.0100303748623,0.022536508739,0.00267186504789,0.0175608843565,0.0197220519185,0.00681270798668,0.0242661610246,0.0193635262549,0.0435932539403,0.0116493850946,0.00975794810802,0.00597669230774,0.00534981396049,0.00363687751815,0.00317662302405,0.00493239797652,0.00105944962706,0.00212411466055,0.000452156527899,0.000337648642017,0.000128145169583,0.000304284883896,0.0000460386581835,0.0000569622752664,0.000103502105048,0.0000482550858578,0.0000725272475393,0.0000907598005142,0.000116195704322,0.0000267590985459,0.0000193070991372,0.0000284561792796,0.0000246651088673,0.000034608237911,0.0000482465948153,0.0000325422624883,0.0000328570495185,0.00000623649657427,0.00000281765369436,0.00000185711439826],"mean":[0.000382225727662,0.000807025935501,0.000262367160758,0.00112278771121,0.000556152663194,0.0001166994698,0.000700075761415,0.000619835918769,0.000338066427503,0.000264515954768,0.0000778107569204,0.0000590762101638,0.0000758009482524,0.000025757277399,0.0000231541180256,0.0000333632378897,0.0000126401318994,0.0000143051984196,0.00000487429861096,0.00000263662741418,0.00000187098692095,0.00000101648902273,5.74878754378e-7,8.39446840928e-7,0.00000106980337478,4.98484951095e-7,4.3125211846e-7,6.29759824733e-7,5.36577090315e-7,2.49403910857e-7,2.11036876863e-7,2.58081371385e-7,2.42946953222e-7,2.51873672141e-7,3.59637880365e-7,2.73405589724e-7,2.17565343519e-7,6.36286330291e-8,3.32751142196e-8,1.85242399198e-8],"median":[0.0001523848332,0.000290800468065,0.000167284058989,0.000465223798528,0.00015332858311,0.0000249138447543,0.0000121129505715,0.000013983088138,0.0000150040204971,0.00000350067489308,0.00000135788616262,0.00000128052761283,0.00000152473023718,0.00000145102853821,0.0000011572750509,0.00000151345545873,5.52472272375e-7,7.64774767958e-7,3.57279077434e-7,2.82996410306e-7,5.00240048495e-7,3.09200856918e-7,1.7015079834e-7,1.75861757157e-7,1.5258332553e-7,1.02911144495e-7,6.37697610273e-8,7.37410914553e-8,4.00841670967e-8,1.52314481028e-8,1.42651677137e-8,1.35313706906e-8,8.8961273903e-9,7.38984029525e-9,1.04088933028e-8,1.19990302139e-8,9.9996428915e-9,5.33836486127e-9,2.93828494868e-9,1.77717385252e-9],"min":[1.02453832686e-24,7.00304316773e-25,1.34212021806e-24,6.28906241875e-25,9.82237337146e-25,2.05795508599e-24,2.10894882984e-24,1.9488414233e-24,2.40789930557e-24,2.56730521755e-24,2.41231515171e-24,2.89695165161e-24,2.46154559422e-24,1.67668421379e-24,2.69625025175e-24,3.55554480011e-24,2.03838857453e-24,3.55658136334e-24,2.35557159793e-24,3.53156895062e-24,3.78449945051e-24,4.2916131614e-24,4.59135387855e-24,3.25115157856e-24,4.01837146536e-24,4.22062869614e-24,4.80300644271e-24,4.84802081811e-24,3.80994613116e-24,4.91350376743e-24,3.91120392252e-24,4.13801011024e-24,6.1649842619e-24,5.54097516992e-24,5.61595442681e-24,4.56412279453e-24,6.06965081594e-24,5.29417490813e-24,6.07832473602e-24,5.94808458943e-24],"var":[4.12122801663e-7,0.0000030522551242,8.9843126716e-8,0.00000299696444017,0.00000192329798665,1.35477918661e-7,0.00000385960129279,0.00000299593739328,0.00000383834367312,9.43190173075e-7,1.2293010343e-7,6.87436596536e-8,1.25173201582e-7,1.13379599043e-8,1.45632954585e-8,2.20829079467e-8,2.57845544915e-9,4.04865119208e-9,4.92811957908e-10,1.20804269366e-10,2.76897116347e-11,4.46983353108e-11,2.68907140479e-12,6.62859220638e-12,1.85111093121e-11,3.65987405312e-12,7.23879550052e-12,1.32216928378e-11,8.89426032824e-12,1.42287256196e-12,9.25015706393e-13,1.86269250892e-12,1.92255759923e-12,1.96515395103e-12,4.67047494429e-12,2.80991939786e-12,1.8851929566e-12,1.09011398812e-13,2.4966802646e-14,6.56032184549e-15]},"melbands_crest":{"dmean":3.51470589638,"dmean2":5.63070821762,"dvar":9.6155834198,"dvar2":24.3206539154,"max":39.8564910889,"mean":17.4118614197,"median":17.0898990631,"min":1.5394269228,"var":34.0670089722},"melbands_flatness_db":{"dmean":0.0367207527161,"dmean2":0.0519396550953,"dvar":0.00147470424417,"dvar2":0.00285861012526,"max":0.742226183414,"mean":0.355477511883,"median":0.361788392067,"min":0.00344524043612,"var":0.0106137590483},"melbands_kurtosis":{"dmean":17.4828624725,"dmean2":28.0416183472,"dvar":8164.34082031,"dvar2":19827.2558594,"max":5444.93798828,"mean":35.8742179871,"median":13.5401382446,"min":-1.87564921379,"var":10485.9111328},"melbands_skewness":{"dmean":1.03602683544,"dmean2":1.59258985519,"dvar":2.2487924099,"dvar2":4.95326375961,"max":61.2333526611,"mean":2.72817063332,"median":2.32327485085,"min":-3.29692625999,"var":7.93647432327},"melbands_spread":{"dmean":4.19119024277,"dmean2":6.39696645737,"dvar":117.274101257,"dvar2":264.676452637,"max":203.080307007,"mean":11.5741195679,"median":4.91951560974,"min":0.136323392391,"var":555.46282959},"mfcc":{"cov":[[10758.6035156,2008.40856934,-1542.50744629,-680.071533203,-776.114135742,-401.591064453,-383.465087891,-130.031906128,-526.747314453,198.934005737,-228.161239624,-65.9976196289,-421.630981445],[2008.40856934,2860.85058594,-486.520568848,-545.949829102,-73.3635253906,-334.331787109,-63.8919372559,-69.8088607788,-195.843902588,62.2720336914,57.2508811951,-0.0157948583364,-75.2802429199],[-1542.50744629,-486.520568848,965.21496582,385.417419434,180.358520508,175.925643921,60.3339958191,25.1897449493,101.417175293,-70.1836242676,41.0523681641,100.986625671,117.689857483],[-680.071533203,-545.949829102,385.417419434,779.479675293,324.877227783,129.341247559,-59.2641944885,-39.0696334839,172.662963867,-119.777656555,-7.22174215317,2.25081825256,116.174980164],[-776.114135742,-73.3635253906,180.358520508,324.877227783,412.687011719,82.9253463745,-23.8303108215,-31.7390270233,130.660263062,-54.6811027527,25.9564304352,-34.7438316345,46.4894485474],[-401.591064453,-334.331787109,175.925643921,129.341247559,82.9253463745,278.960784912,120.017837524,44.839679718,50.4607887268,-5.81075143814,11.0839061737,-19.3689727783,-15.1758451462],[-383.465087891,-63.8919372559,60.3339958191,-59.2641944885,-23.8303108215,120.017837524,262.807952881,110.681137085,9.2567691803,25.355178833,-0.4381904006,-2.62257814407,-15.0325737],[-130.031906128,-69.8088607788,25.1897449493,-39.0696334839,-31.7390270233,44.839679718,110.681137085,169.849029541,35.6742515564,26.1884708405,-9.93165493011,5.36691856384,-11.5150003433],[-526.747314453,-195.843902588,101.417175293,172.662963867,130.660263062,50.4607887268,9.2567691803,35.6742515564,191.785369873,-14.1686201096,-5.85301876068,-37.176486969,30.1592578888],[198.934005737,62.2720336914,-70.1836242676,-119.777656555,-54.6811027527,-5.81075143814,25.355178833,26.1884708405,-14.1686201096,167.68649292,35.046661377,3.19487285614,-39.6668815613],[-228.161239624,57.2508811951,41.0523681641,-7.22174215317,25.9564304352,11.0839061737,-0.4381904006,-9.93165493011,-5.85301876068,35.046661377,104.265090942,29.2169570923,6.92099714279],[-65.9976196289,-0.0157948583364,100.986625671,2.25081825256,-34.7438316345,-19.3689727783,-2.62257814407,5.36691856384,-37.176486969,3.19487285614,29.2169570923,144.335540771,46.3134536743],[-421.630981445,-75.2802429199,117.689857483,116.174980164,46.4894485474,-15.1758451462,-15.0325737,-11.5150003433,30.1592578888,-39.6668815613,6.92099714279,46.3134536743,130.810165405]],"icov":[[0.000199449685169,-0.000133053923491,0.000209242265555,-0.000245789502515,0.000306872854708,-0.000163306860486,0.000315886893077,-0.0000631805451121,0.000261274311924,-0.000188704842003,0.000436365517089,-0.000139030555147,0.000407742481912],[-0.000133053923491,0.000585823552683,-0.0000532811063749,0.000455594010418,-0.000568660732824,0.000643588718958,-0.000361351383617,0.000109208762296,0.000110883927846,0.000200189097086,-0.000556031416636,0.000101012883533,-0.000174762681127],[0.000209242265555,-0.0000532811063749,0.00187205069233,-0.000692027737387,0.000169830178493,-0.000805465329904,0.000109655535198,-0.000116291208542,0.0000592627256992,0.0000709304513293,0.0000651219233987,-0.00121828785632,-0.000141609765706],[-0.000245789502515,0.000455594010418,-0.000692027737387,0.00324261677451,-0.00181921874173,-0.000394404953113,0.000361747544957,0.000369172368664,-0.00119421363343,0.000975932285655,-0.0000518989363627,-0.00000200482122636,-0.00153766828589],[0.000306872854708,-0.000568660732824,0.000169830178493,-0.00181921874173,0.00507826637477,-0.000983902835287,0.000564136833418,0.000656622461975,-0.00148966419511,0.000175818742719,-0.000680053140968,0.000712832668796,0.000508805562276],[-0.000163306860486,0.000643588718958,-0.000805465329904,-0.000394404953113,-0.000983902835287,0.00663309078664,-0.0031429308001,0.000260472967057,-0.0000955533905653,0.000308512098854,-0.00130945059936,0.000801494694315,0.00160101079382],[0.000315886893077,-0.000361351383617,0.000109655535198,0.000361747544957,0.000564136833418,-0.0031429308001,0.00731136510149,-0.00374556309544,0.000945856212638,-0.000536906591151,0.000937198230531,0.000162916418049,-0.000152481647092],[-0.0000631805451121,0.000109208762296,-0.000116291208542,0.000369172368664,0.000656622461975,0.000260472967057,-0.00374556309544,0.0093045765534,-0.00277010072023,-0.000662654754706,0.000932908675168,-0.00127402006183,0.000660881923977],[0.000261274311924,0.000110883927846,0.0000592627256992,-0.00119421363343,-0.00148966419511,-0.0000955533905653,0.000945856212638,-0.00277010072023,0.00917226914316,-0.00105927372351,0.000792255450506,0.00240210606717,-0.00103190436494],[-0.000188704842003,0.000200189097086,0.0000709304513293,0.000975932285655,0.000175818742719,0.000308512098854,-0.000536906591151,-0.000662654754706,-0.00105927372351,0.00804849714041,-0.00340962968767,-0.000258138548816,0.0013863252243],[0.000436365517089,-0.000556031416636,0.0000651219233987,-0.0000518989363627,-0.000680053140968,-0.00130945059936,0.000937198230531,0.000932908675168,0.000792255450506,-0.00340962968767,0.0131473504007,-0.00271316315047,0.00040200544754],[-0.000139030555147,0.000101012883533,-0.00121828785632,-0.00000200482122636,0.000712832668796,0.000801494694315,0.000162916418049,-0.00127402006183,0.00240210606717,-0.000258138548816,-0.00271316315047,0.0104144746438,-0.00372170750052],[0.000407742481912,-0.000174762681127,-0.000141609765706,-0.00153766828589,0.000508805562276,0.00160101079382,-0.000152481647092,0.000660881923977,-0.00103190436494,0.0013863252243,0.00040200544754,-0.00372170750052,0.012351648882]],"mean":[-808.078552246,172.465286255,24.6728496552,26.557308197,12.6615142822,5.51590871811,-0.00366662209854,-0.4357034266,-9.17721652985,3.95020031929,-2.20696544647,3.39525198936,-3.65718746185]},"pitch_salience":{"dmean":0.0780249014497,"dmean2":0.122999578714,"dvar":0.00508765736595,"dvar2":0.0118558313698,"max":0.950998902321,"mean":0.490774899721,"median":0.500680804253,"min":0.0167972575873,"var":0.0216553676873},"silence_rate_20dB":{"dmean":0,"dmean2":0,"dvar":0,"dvar2":0,"max":1,"mean":1,"median":1,"min":1,"var":0},"silence_rate_30dB":{"dmean":0.00498930877075,"dmean2":0.00998039543629,"dvar":0.00496433256194,"dvar2":0.0116626955569,"max":1,"mean":0.99447709322,"median":1,"min":0,"var":0.00549240643159},"silence_rate_60dB":{"dmean":0.0694939419627,"dmean2":0.139012649655,"dvar":0.0646646246314,"dvar2":0.139297440648,"max":1,"mean":0.229645460844,"median":0,"min":0,"var":0.176906138659},"spectral_centroid":{"dmean":163.16418457,"dmean2":249.453994751,"dvar":149783.53125,"dvar2":296048.15625,"max":11659.5449219,"mean":808.667175293,"median":445.370391846,"min":92.1199264526,"var":2594865.5},"spectral_complexity":{"dmean":1.16607272625,"dmean2":1.82890748978,"dvar":1.89217233658,"dvar2":3.76975750923,"max":25,"mean":5.76287174225,"median":5,"min":0,"var":11.4978637695},"spectral_contrast_coeffs":{"dmean":[0.050317440182,0.0497505478561,0.0395894609392,0.0330011323094,0.0244731865823,0.0187574215233],"dmean2":[0.0806231200695,0.0728616639972,0.0564711540937,0.0466049686074,0.0361324213445,0.0285613276064],"dvar":[0.00176883826498,0.00273550092243,0.0015889829956,0.000987343722954,0.000536447623745,0.000429498933954],"dvar2":[0.00441361404955,0.00476729078218,0.0024813322816,0.00167842314113,0.00109654059634,0.000866150425281],"max":[-0.300531327724,-0.270173847675,-0.353272885084,-0.448538482189,-0.592635810375,-0.608341872692],"mean":[-0.626497268677,-0.665335059166,-0.747846722603,-0.773878872395,-0.803103804588,-0.822024226189],"median":[-0.629961967468,-0.674203872681,-0.771010041237,-0.782484650612,-0.800314903259,-0.826977670193],"min":[-0.979919195175,-0.981989145279,-0.987906455994,-0.972207248211,-0.968768596649,-0.964198887348],"var":[0.0111911790445,0.0175249334425,0.0137767512351,0.00751391518861,0.00332777551375,0.00233732070774]},"spectral_contrast_valleys":{"dmean":[0.38467374444,0.395163565874,0.351264923811,0.329127758741,0.357102334499,0.379228293896],"dmean2":[0.635203003883,0.628953397274,0.534167647362,0.475168317556,0.494240611792,0.537407279015],"dvar":[0.111547097564,0.16863283515,0.136253803968,0.130138039589,0.161664202809,0.211142703891],"dvar2":[0.26965212822,0.369978874922,0.270553201437,0.243024364114,0.277569979429,0.377653002739],"max":[-5.88502264023,-5.06971645355,-5.78033351898,-6.72079944611,-6.65169048309,-8.66627597809],"mean":[-8.07576656342,-8.44139289856,-9.45362663269,-9.93331336975,-10.0419588089,-12.3611249924],"median":[-7.53706550598,-7.94051027298,-9.02507209778,-9.47126293182,-9.64133071899,-12.24173069],"min":[-28.3064785004,-28.1985683441,-27.8710212708,-27.6743488312,-27.5535926819,-27.4101352692],"var":[8.8689622879,8.79606056213,7.98790121078,7.62704515457,7.42011022568,5.60502481461]},"spectral_decrease":{"dmean":1.6058459007e-9,"dmean2":2.21351381668e-9,"dvar":7.07468966353e-18,"dvar2":1.27947254902e-17,"max":5.28619167224e-17,"mean":-4.73831018866e-9,"median":-2.66004440697e-9,"min":-6.22016003149e-8,"var":3.14947099171e-17},"spectral_energy":{"dmean":0.00629208283499,"dmean2":0.00865625683218,"dvar":0.000110057291749,"dvar2":0.000198535621166,"max":0.247544676065,"mean":0.0186513289809,"median":0.0103117264807,"min":1.0058064692e-20,"var":0.00049024890177},"spectral_energyband_high":{"dmean":0.000044365056965,"dmean2":0.0000641635997454,"dvar":3.17391126714e-8,"dvar2":5.65074174119e-8,"max":0.00392411509529,"mean":0.0000692149114911,"median":0.00000626383916824,"min":6.85685310324e-21,"var":8.80646879864e-8},"spectral_energyband_low":{"dmean":0.00154761713929,"dmean2":0.00231949100271,"dvar":0.0000074585332186,"dvar2":0.0000135363879963,"max":0.0754293054342,"mean":0.00314119388349,"median":0.00135403987952,"min":7.19483191848e-24,"var":0.0000343689971487},"spectral_energyband_middle_high":{"dmean":0.000800895155407,"dmean2":0.000998188741505,"dvar":0.00000532203239345,"dvar2":0.00000891703530215,"max":0.0606511905789,"mean":0.00177557510324,"median":0.000149373576278,"min":1.08038693924e-21,"var":0.0000220744914259},"spectral_energyband_middle_low":{"dmean":0.00532408570871,"dmean2":0.00741919782013,"dvar":0.000102597819932,"dvar2":0.000188942154637,"max":0.243860587478,"mean":0.013858252205,"median":0.00556961121038,"min":1.65877076824e-22,"var":0.000393576658098},"spectral_entropy":{"dmean":0.327604353428,"dmean2":0.455704331398,"dvar":0.133627489209,"dvar2":0.235546126962,"max":9.82142066956,"mean":6.34182453156,"median":6.21611404419,"min":3.57541418076,"var":0.892123878002},"spectral_flux":{"dmean":0.0207783281803,"dmean2":0.0329979211092,"dvar":0.000670851906762,"dvar2":0.00156566989608,"max":0.308756798506,"mean":0.0515430420637,"median":0.0402699820697,"min":6.35472785504e-11,"var":0.00165696186014},"spectral_kurtosis":{"dmean":7.03342151642,"dmean2":11.1005373001,"dvar":66.0636672974,"dvar2":148.602478027,"max":97.5244598389,"mean":18.0763835907,"median":14.4870319366,"min":-1.26581323147,"var":231.04133606},"spectral_rms":{"dmean":0.000683444377501,"dmean2":0.000928548222873,"dvar":6.85267821154e-7,"dvar2":0.00000117867307381,"max":0.0155404955149,"mean":0.00360229378566,"median":0.0031717850361,"min":3.13253025949e-12,"var":0.00000521993160874},"spectral_rolloff":{"dmean":234.780334473,"dmean2":408.390563965,"dvar":651378.5625,"dvar2":1329455.125,"max":19552.1484375,"mean":1096.8494873,"median":452.197265625,"min":21.533203125,"var":8721983},"spectral_skewness":{"dmean":0.609899938107,"dmean2":0.923138141632,"dvar":0.394975721836,"dvar2":0.773342847824,"max":8.65494441986,"mean":3.05571436882,"median":2.99449276924,"min":-0.316663503647,"var":2.11493015289},"spectral_spread":{"dmean":744467.875,"dmean2":1121298.375,"dvar":1078085877760,"dvar2":2004792115200,"max":42728492,"mean":4202085,"median":2849582,"min":950517.6875,"var":32147666632700},"spectral_strongpeak":{"dmean":0.427310436964,"dmean2":0.634565234184,"dvar":0.502471506596,"dvar2":0.998092710972,"max":11.7496023178,"mean":1.1032460928,"median":0.454492717981,"min":0,"var":2.02196311951},"zerocrossingrate":{"dmean":0.00692103011534,"dmean2":0.00815145112574,"dvar":0.000158034497872,"dvar2":0.000165352917975,"max":0.5244140625,"mean":0.0387642085552,"median":0.021484375,"min":0.0029296875,"var":0.00588117027655}},"metadata":{"audio_properties":{"analysis_sample_rate":44100,"bit_rate":320064,"codec":"mp3","downmix":"mix","equal_loudness":0,"length":130.298782349,"lossless":false,"md5_encoded":"6705701a083508bee659cc7c2f49e3b7","replay_gain":-9.44127464294,"sample_rate":44100},"tags":{"album":["The Velvet Underground: 45th Anniversary Super Deluxe Edition"],"albumartist":["The Velvet Underground"],"artist":["The Velvet Underground"],"date":["2014"],"discnumber":["2"],"encodedby":["exy"],"file_name":"2178973.mp3","genre":["Rock"],"musicbrainz_recordingid":["e2bcb1a4-efde-42dc-b410-0ac0a3cb9233"],"title":["After Hours [closet mix]"],"tracknumber":["210"]},"version":{"essentia":"2.1-beta2","essentia_build_sha":"70f2e5ece6736b2c40cc944ad0e695b16b925413","essentia_git_sha":"v2.1_beta2","extractor":"music 1.0"}},"rhythm":{"beats_count":261,"beats_loudness":{"dmean":0.022558260709,"dmean2":0.0388246774673,"dvar":0.000691222201567,"dvar2":0.00186740222853,"max":0.241619735956,"mean":0.0258672498167,"median":0.0212867874652,"min":0,"var":0.000661754223984},"beats_loudness_band_ratio":{"dmean":[0.28499186039,0.213330790401,0.283587485552,0.118374623358,0.0232258439064,0.00897541362792],"dmean2":[0.499558836222,0.357099354267,0.479152500629,0.221819639206,0.0420130230486,0.0176004953682],"dvar":[0.06663518399,0.0299444645643,0.0590123236179,0.026058929041,0.000979247968644,0.00131361640524],"dvar2":[0.1310454458,0.0833840295672,0.149453535676,0.0702319741249,0.00261543272063,0.00388984754682],"max":[0.996639430523,0.923048913479,0.964228093624,0.794567406178,0.174224928021,0.303184777498],"mean":[0.353515744209,0.302660137415,0.295805603266,0.0803745687008,0.018569752574,0.00529795512557],"median":[0.230229258537,0.285595208406,0.216683655977,0.0165889468044,0.007505773101,0.