{"lowlevel":{"average_loudness":0.882307291031,"barkbands":{"dmean":[0.0000117886411317,0.00283223390579,0.00248497002758,0.00303869508207,0.00305042997934,0.00228041689843,0.00107182376087,0.000960660341661,0.000370579509763,0.0000922224062379,0.0000449590479548,0.000022522506697,0.000051712806453,0.0000798018882051,0.0000126017448565,0.0000353345167241,0.0000200169979507,0.0000110552937258,0.00000628582438367,0.00000529106318936,0.0000017825610712,9.85397491604e-7,7.860546134e-7,5.97165922045e-7,4.86525436827e-7,2.89879437787e-7,5.43431255551e-8],"dmean2":[0.0000186973884411,0.00443043746054,0.00408441154286,0.00507452711463,0.00493326131254,0.00347638316453,0.00156606559176,0.00162998575252,0.000616250385065,0.000147717408254,0.0000771199993324,0.0000362052487617,0.0000897048521438,0.000132393688546,0.0000209850604733,0.0000485299169668,0.0000301540876535,0.0000186203014891,0.0000106040643004,0.00000845110480441,0.00000319786022374,0.00000187574266874,0.00000152655638885,0.0000011609821513,9.432910133e-7,5.62601428555e-7,1.0430501618e-7],"dvar":[1.16057552457e-9,0.0000505848911416,0.0000473928630527,0.0000962287449511,0.0000503686096636,0.0000703830301063,0.0000134736519612,0.0000500356363773,0.00000310475229526,7.2456430189e-7,7.41437062857e-8,1.03043324984e-8,5.06804092026e-8,1.61521498399e-7,3.47611850415e-9,4.09738419194e-7,7.48488844238e-8,4.88104356933e-9,1.04011821378e-9,4.86969131686e-9,2.22119864168e-10,3.72404398985e-11,2.80047634388e-11,1.77192427397e-11,1.06021693161e-11,4.68117732078e-12,1.22205210903e-13],"dvar2":[2.46775888613e-9,0.00011333799921,0.000124325466459,0.000246396783041,0.000124915866763,0.00015893985983,0.0000260112010437,0.000132550499984,0.00000692274670655,0.00000147077571455,2.26414215376e-7,2.39402879743e-8,1.42543896686e-7,4.12258401639e-7,8.70993233093e-9,5.30971476564e-7,1.12592893231e-7,1.21587913071e-8,2.16667550568e-9,8.71631655741e-9,4.30722124634e-10,1.07569592123e-10,8.28006274656e-11,5.24918823686e-11,3.12541138803e-11,1.38400575722e-11,3.6066115372e-13],"max":[0.00223763473332,0.143199086189,0.146220520139,0.204103767872,0.136514037848,0.248834505677,0.0991134345531,0.287406563759,0.0757910981774,0.0723352357745,0.0139215523377,0.00618039630353,0.00772816548124,0.0171824879944,0.00261751422659,0.0473774559796,0.027627395466,0.0035858717747,0.00197815475985,0.00508333696052,0.000990567845292,0.000216695494601,0.000117097137263,0.000192960331333,0.000108961445221,0.0000918984296732,0.00000964942319115],"mean":[0.000014346068383,0.017229501158,0.00812061410397,0.00521792378277,0.00579291721806,0.00332593871281,0.00165428163018,0.000944631057791,0.000538236054126,0.000159713439643,0.0000611766517977,0.0000311522635457,0.0000642158629489,0.000111529996502,0.0000173037478817,0.0000627238696325,0.0000362007594958,0.000012224092643,0.00000787814042269,0.00000818047101347,0.0000017594095425,6.49818105103e-7,4.65956048856e-7,3.55708920097e-7,3.02476081515e-7,1.88676310131e-7,5.12116358209e-8],"median":[0.00000403481681133,0.0116205792874,0.00360410008579,0.00171424588189,0.00272477813996,0.000860446656588,0.000257193343714,0.0000837339903228,0.0000443909702881,0.000014091155208,0.00000524442884853,0.0000043977547648,0.00000312491602017,0.00000408109190175,0.000002678070814,0.00000226232259593,0.00000168732867678,9.82851815934e-7,9.23445725221e-7,2.59887343645e-7,9.64892805655e-8,6.28838705552e-8,4.64634055675e-8,4.00322122118e-8,4.79754334037e-8,3.87865526363e-8,2.57806966886e-8],"min":[1.07868396446e-24,2.86452986284e-24,4.38107412957e-25,4.22584898318e-25,6.08982238372e-24,9.17801324585e-24,2.48942078317e-24,4.86599146396e-24,1.40143806162e-23,1.30572967007e-23,6.07507699567e-24,1.43074045772e-23,3.12312241188e-23,3.2189245201e-23,4.33617970047e-23,6.21110201706e-23,5.83547232863e-23,1.0021276839e-22,1.26004689282e-22,1.90300702699e-22,2.1803146068e-22,2.68839227417e-22,3.96894046285e-22,5.92938754468e-22,8.12840307743e-22,1.30553152714e-21,1.88413224872e-21],"var":[1.93359728229e-9,0.000319945975207,0.000150189080159,0.000125951672089,0.0000894957483979,0.0000905162087292,0.0000268734456768,0.000037000500015,0.00000750088656787,0.00000241184125116,1.2284098716e-7,2.07654906603e-8,7.52529061288e-8,2.56943422983e-7,4.86485829398e-9,0.00000127931082261,2.8352303616e-7,5.82339909627e-9,1.66445490724e-9,1.68817031465e-8,5.20680387694e-10,2.22005001188e-11,1.45612567143e-11,9.16582088006e-12,5.55716974174e-12,2.43565042267e-12,6.42531343344e-14]},"barkbands_crest":{"dmean":2.15141296387,"dmean2":3.51555800438,"dvar":5.7050819397,"dvar2":14.5447158813,"max":25.9053153992,"mean":16.0242595673,"median":16.5250091553,"min":4.15932035446,"var":18.8266868591},"barkbands_flatness_db":{"dmean":0.029210710898,"dmean2":0.0470340847969,"dvar":0.00130040477961,"dvar2":0.00320348329842,"max":0.56421649456,"mean":0.368149727583,"median":0.383992552757,"min":0.0333532169461,"var":0.00806187093258},"barkbands_kurtosis":{"dmean":6.17024898529,"dmean2":10.0985498428,"dvar":91.0366210938,"dvar2":229.740692139,"max":206.20249939,"mean":11.8387823105,"median":7.72420597076,"min":-1.87532019615,"var":203.664520264},"barkbands_skewness":{"dmean":0.680144846439,"dmean2":1.07836198807,"dvar":0.525202929974,"dvar2":1.30822896957,"max":11.5245265961,"mean":2.13115930557,"median":2.05582404137,"min":-2.37457919121,"var":1.96195042133},"barkbands_spread":{"dmean":1.23375368118,"dmean2":2.03142857552,"dvar":10.6162595749,"dvar2":29.8719520569,"max":121.762329102,"mean":4.46413087845,"median":2.33156871796,"min":0.269643545151,"var":94.9996795654},"dissonance":{"dmean":0.0451692901552,"dmean2":0.0758110359311,"dvar":0.00161311612464,"dvar2":0.00434047542512,"max":0.499999910593,"mean":0.382180213928,"median":0.38990432024,"min":0.110056079924,"var":0.00409563304856},"dynamic_complexity":4.64018917084,"erbbands":{"dmean":[0.0385928153992,0.782477855682,2.58476161957,7.41249656677,7.42891597748,12.8096876144,23.5514965057,11.0989513397,13.6605787277,18.8951530457,16.0082168579,10.072974205,3.67499613762,2.08023548126,1.64076697826,0.956763982773,2.20996403694,4.46867465973,1.05792832375,0.589806973934,2.49534058571,0.968942582607,0.624126255512,0.362438768148,0.336648643017,0.218092501163,0.0984705239534,0.0457693934441,0.0362100191414,0.0294673778117,0.0215789955109,0.0138911772519,0.00949817243963,0.00624026218429,0.00306462869048,0.0016359834699,0.000435293361079,0.0000806337193353,0.0000130590215122,0.0000120875029097],"dmean2":[0.063543908298,1.21939611435,4.25589942932,12.2499837875,12.4006223679,20.5962142944,36.415561676,16.9414863586,19.9848861694,29.6733665466,27.0693683624,16.7857894897,5.89220237732,3.41535997391,2.82050514221,1.55047225952,3.80084562302,7.36689424515,1.73792982101,0.947394311428,3.36616635323,1.46781182289,1.04096746445,0.611232340336,0.542075872421,0.358708024025,0.169372230768,0.0871302559972,0.0689584985375,0.0566221028566,0.0419256612659,0.0270211230963,0.0184648688883,0.0121215237305,0.00592517759651,0.00317318015732,0.000843088084366,0.000155445435666,0.0000234608396568,0.0000194310232473],"dvar":[0.00973543152213,3.75960564613,42.8871383667,604.233764648,304.098358154,969.525939941,8959.58105469,963.434692383,2420.07568359,7451.62451172,10497.5976562,2297.30102539,604.158935547,223.108062744,110.972480774,15.4794178009,90.8536453247,481.402557373,24.605550766,9.90763568878,1924.63012695,102.302932739,10.0003404617,5.13675069809,7.26200151443,9.38864994049,0.870364367962,0.06669023633,0.0537097863853,0.0352965556085,0.0215461906046,0.00819232035428,0.00530381454155,0.00209200009704,0.000369210203644,0.000177480338607,0.00000899549468159,2.89121402375e-7,3.81413656214e-9,6.18761208937e-10],"dvar2":[0.0231530927122,8.59349060059,117.176040649,1540.72729492,786.741394043,2328.64282227,20587.1582031,2152.11254883,4639.81542969,19102.8027344,27703.2871094,5009.05908203,1175.58203125,515.836669922,335.801971436,35.4821891785,260.808563232,1226.47619629,60.9611930847,21.094121933,2478.28491211,155.62171936,25.6011486053,11.9243221283,14.1585826874,15.5299453735,1.55294525623,0.192997589707,0.155085369945,0.103771686554,0.0637150406837,0.0242026094347,0.0157274547964,0.00618811044842,0.00108396471478,0.000525112205651,0.0000265594571829,8.5325496002e-7,1.10427897937e-8,1.56331236845e-9],"max":[2.3591799736,38.3051376343,112.249572754,537.638122559,306.215759277,728.521484375,2647.52832031,930.697875977,1311.7791748,2929.2590332,3946.10913086,2226.30053711,1548.15344238,1314.41516113,540.312988281,202.418533325,399.233123779,863.646850586,269.728668213,136.248306274,3195.6003418,932.953674316,122.419883728,103.543815613,178.499588013,313.488800049,66.8794937134,8.62721157074,9.54563045502,6.71445226669,3.43732833862,2.90573358536,3.47736811638,1.30605304241,0.724565327168,0.688972175121,0.12422285229,0.0185614805669,0.00161151168868,0.000442161428509],"mean":[0.200775399804,4.79434394836,10.8378973007,14.4583053589,13.8245182037,24.8306922913,30.9274711609,20.2596168518,22.6386318207,22.6031608582,18.4717025757,14.4514703751,6.25299453735,3.24074316025,2.31852459908,1.41581594944,2.96951532364,6.40401649475,1.66422736645,0.906629323959,4.68412542343,1.75788128376,0.809681117535,0.44568708539,0.438331365585,0.367228388786,0.115373201668,0.0328515954316,0.0241699162871,0.018241437152,0.0128111802042,0.008276225999,0.00567443110049,0.0038168260362,0.00195720372722,0.00103977543768,0.000303181324853,0.0000623269879725,0.0000279082123598,0.0000478685833514],"median":[0.131926521659,3.29022240639,7.57666873932,6.06893730164,7.10275363922,10.5567083359,8.40696430206,6.14159584045,4.5904250145,3.28268313408,2.27616620064,1.33958816528,0.752507448196,0.459072440863,0.287300854921,0.231989532709,0.188871368766,0.227375566959,0.214625224471,0.123503610492,0.150378361344,0.100596696138,0.070846170187,0.0546820685267,0.0338285602629,0.0139357559383,0.00567870680243,0.00306986784562,0.002354553435,0.0017369594425,0.00129176257178,0.000911693728995,0.000671378395054,0.000553137564566,0.000357512093615,0.000190234510228,0.0000812830185168,0.0000221511600103,0.000022886073566,0.0000448023238278],"min":[1.06098699417e-22,8.10084721938e-22,1.71799253801e-21,4.37212775113e-21,1.66992449908e-20,1.2397751517e-20,3.01729864247e-20,7.83796734259e-20,1.00093494085e-19,1.97632021129e-19,1.89177847527e-19,3.39018423091e-19,3.36118586358e-19,4.19784105456e-19,6.53130748131e-19,8.58094213201e-19,1.50204211916e-18,2.33196917814e-18,2.06046596043e-18,2.5188344484e-18,3.41689389289e-18,4.47722053097e-18,5.39437399234e-18,6.14057196856e-18,6.68065307975e-18,8.79079247674e-18,9.26477358517e-18,9.88275608491e-18,9.82949971553e-18,1.14190199068e-17,1.14298468738e-17,9.58696705121e-18,9.3953382546e-18,8.22890026716e-18,5.62152233804e-18,4.08958922027e-18,2.44280662393e-18,9.8141329745e-19,2.35927859776e-19,2.83786345745e-20],"var":[0.0478787384927,23.0383243561,135.487686157,750.780639648,436.314758301,2073.15527344,10333.8496094,1892.02404785,5046.82910156,7018.92578125,8419.31152344,5774.15332031,2165.94140625,541.226623535,170.47354126,31.0078449249,144.935592651,768.315917969,44.4480400085,20.6749858856,6093.13769531,355.769378662,13.1993303299,6.80526065826,15.0749092102,44.7148666382,2.31822657585,0.0441858135164,0.0323099307716,0.0190276019275,0.0112015735358,0.00427502254024,0.00273557123728,0.00108664785512,0.000195768370759,0.0000922193867154,0.00000469995529784,1.51473415144e-7,2.38023534216e-9,1.44159806315e-9]},"erbbands_crest":{"dmean":3.08818030357,"dmean2":5.01616954803,"dvar":9.13011455536,"dvar2":22.4441242218,"max":31.9922904968,"mean":13.0722866058,"median":12.0785570145,"min":2.05079483986,"var":27.4937381744},"erbbands_flatness_db":{"dmean":0.0263186991215,"dmean2":0.0428254343569,"dvar":0.000899518316146,"dvar2":0.00233761733398,"max":0.476022273302,"mean":0.284978359938,"median":0.293527066708,"min":0.0290226135403,"var":0.00397497881204},"erbbands_kurtosis":{"dmean":2.908680439,"dmean2":4.71466588974,"dvar":18.9009189606,"dvar2":47.2840042114,"max":93.7327880859,"mean":5.1366648674,"median":3.63577508926,"min":-1.85657596588,"var":38.9374694824},"erbbands_skewness":{"dmean":0.505617082119,"dmean2":0.803297400475,"dvar":0.291022270918,"dvar2":0.723289906979,"max":7.6076002121,"mean":1.31471371651,"median":1.33341443539,"min":-3.59066271782,"var":1.11570799351},"erbbands_spread":{"dmean":3.97519278526,"dmean2":6.42305135727,"dvar":26.1448173523,"dvar2":63.7289772034,"max":121.64478302,"mean":14.54088974,"median":10.7244539261,"min":0.466229707003,"var":151.453826904},"gfcc":{"cov":[[22326.734375,5325.36474609,-1686.61071777,-15.2503728867,134.71572876,-599.440673828,-368.554656982,-42.6218605042,44.9701194763,-195.888671875,99.6975479126,-509.794158936,-151.742889404],[5325.36474609,2133.3894043,52.4304046631,-143.406860352,262.032623291,-149.326446533,29.830789566,-73.2642211914,59.9002342224,-125.388793945,90.002204895,-145.122558594,34.3098602295],[-1686.61071777,52.4304046631,1258.29150391,239.039474487,-28.6916942596,150.584106445,135.804885864,-67.7173614502,28.5538539886,-31.9068584442,-19.0996131897,44.0485038757,92.0814056396],[-15.2503728867,-143.406860352,239.039474487,358.974945068,77.9213638306,6.40615797043,10.708937645,32.6848678589,38.9688949585,18.0635814667,-13.7398042679,1.01278889179,27.7886638641],[134.71572876,262.032623291,-28.6916942596,77.9213638306,343.006286621,20.8294277191,41.9794311523,15.0389862061,65.0986175537,-8.82585048676,59.0009346008,-15.0285615921,30.725856781],[-599.440673828,-149.326446533,150.584106445,6.40615797043,20.8294277191,200.440139771,106.978782654,-1.21493828297,-8.57490158081,20.5355319977,4.60567569733,31.8062725067,17.0703620911],[-368.554656982,29.830789566,135.804885864,10.708937645,41.9794311523,106.978782654,208.200393677,56.1206474304,18.5913696289,-9.44390583038,15.4774522781,7.67290258408,39.3002662659],[-42.6218605042,-73.2642211914,-67.7173614502,32.6848678589,15.0389862061,-1.21493828297,56.1206474304,124.394592285,63.6367340088,16.5053462982,-2.05748462677,9.17749214172,3.14377355576],[44.9701194763,59.9002342224,28.5538539886,38.9688949585,65.0986175537,-8.57490158081,18.5913696289,63.6367340088,130.58291626,51.9067726135,8.50458431244,-18.0687999725,4.28591346741],[-195.888671875,-125.388793945,-31.9068584442,18.0635814667,-8.82585048676,20.5355319977,-9.44390583038,16.5053462982,51.9067726135,102.13684082,35.0297889709,-4.16973876953,-18.8782901764],[99.6975479126,90.002204895,-19.0996131897,-13.7398042679,59.0009346008,4.60567569733,15.4774522781,-2.05748462677,8.50458431244,35.0297889709,103.355667114,39.7168998718,4.27727270126],[-509.794158936,-145.122558594,44.0485038757,1.01278889179,-15.0285615921,31.8062725067,7.67290258408,9.17749214172,-18.0687999725,-4.16973876953,39.7168998718,122.159561157,60.0924339294],[-151.742889404,34.3098602295,92.0814056396,27.7886638641,30.725856781,17.0703620911,39.3002662659,3.14377355576,4.28591346741,-18.8782901764,4.27727270126,60.0924339294,105.569953918]],"icov":[[0.000569632742554,-0.00189227529336,0.00126966671087,-0.00195966009051,0.00181177956983,-0.00143870420288,0.00108185224235,-0.000530650489964,0.0000663400205667,0.000226751639275,-0.000295090285363,0.00037091341801,-7.91944046341e-7],[-0.00189227529336,0.00726131210104,-0.00429383059964,0.00690817320719,-0.00598281575367,0.00489298719913,-0.00332409725524,0.00217052432708,-0.00140104349703,0.00158602534793,-0.00147859170102,0.00124105822761,-0.00133610167541],[0.00126966671087,-0.00429383059964,0.00434460910037,-0.00564951729029,0.00511342007667,-0.00413991650566,0.00149933225475,0.0011248649098,-0.00201587891206,0.00212218170054,-0.00108872132841,0.000455506175058,-0.000246273120865],[-0.00195966009051,0.00690817320719,-0.00564951729029,0.0111675839871,-0.00817764364183,0.00600437121466,-0.00285348831676,-0.000581075961236,0.00151152873877,-0.00281774322502,0.00218775682151,-0.000482936884509,-0.000964014790952],[0.00181177956983,-0.00598281575367,0.00511342007667,-0.00817764364183,0.0119214197621,-0.00754543533549,0.00438635516912,-0.000320576509694,-0.00492051895708,0.00700105307624,-0.00769183645025,0.00528412312269,-0.00287638115697],[-0.00143870420288,0.00489298719913,-0.00413991650566,0.00600437121466,-0.00754543533549,0.0149238118902,-0.009821055457,0.0041686790064,0.00296709220856,-0.00798668712378,0.00756603432819,-0.00759656587616,0.00415608100593],[0.00108185224235,-0.00332409725524,0.00149933225475,-0.00285348831676,0.00438635516912,-0.009821055457,0.0146663179621,-0.00915580429137,0.00104953430127,0.00544315529987,-0.00785388611257,0.00912267994136,-0.00674090348184],[-0.000530650489964,0.00217052432708,0.0011248649098,-0.000581075961236,-0.000320576509694,0.0041686790064,-0.00915580429137,0.019923210144,-0.0110874548554,0.0023041353561,0.00312123680487,-0.00693173194304,0.00461938465014],[0.0000663400205667,-0.00140104349703,-0.00201587891206,0.00151152873877,-0.00492051895708,0.00296709220856,0.00104953430127,-0.0110874548554,0.0217334423214,-0.0151814939454,0.00682478910312,-0.000388609769288,-0.000849504489452],[0.000226751639275,0.00158602534793,0.00212218170054,-0.00281774322502,0.00700105307624,-0.00798668712378,0.00544315529987,0.0023041353561,-0.0151814939454,0.0296475440264,-0.0190086811781,0.0113994376734,-0.00394063396379],[-0.000295090285363,-0.00147859170102,-0.00108872132841,0.00218775682151,-0.00769183645025,0.00756603432819,-0.00785388611257,0.00312123680487,0.00682478910312,-0.0190086811781,0.0296813584864,-0.0198113508523,0.0106743862852],[0.00037091341801,0.00124105822761,0.000455506175058,-0.000482936884509,0.00528412312269,-0.00759656587616,0.00912267994136,-0.00693173194304,-0.000388609769288,0.0113994376734,-0.0198113508523,0.0288635659963,-0.0172123927623],[-7.91944046341e-7,-0.00133610167541,-0.000246273120865,-0.000964014790952,-0.00287638115697,0.00415608100593,-0.00674090348184,0.00461938465014,-0.000849504489452,-0.00394063396379,0.0106743862852,-0.0172123927623,0.0216059908271]],"mean":[-189.607818604,193.510864258,-49.6997184753,13.0425767899,-22.749710083,-15.1504564285,-30.2772598267,-0.905815601349,-12.531627655,-6.24959135056,-5.61291885376,-10.1562356949,-7.96512937546]},"hfc":{"dmean":2.86772823334,"dmean2":4.5211186409,"dvar":47.2609672546,"dvar2":110.674957275,"max":165.958816528,"mean":8.04786586761,"median":5.97421741486,"min":1.06367869652e-16,"var":88.7120437622},"melbands":{"dmean":[0.000574974517804,0.0012555004796,0.00121986016165,0.000678170414176,0.000728473125491,0.000289598014206,0.000213833467569,0.000222741466132,0.0001189543691,0.000056518605561,0.0000173426997208,0.00000898900907487,0.00000647302522339,0.00000299282351079,0.00000258875388681,0.00000697046516507,0.00000829128839541,0.00000191144567907,9.63685465649e-7,9.33635533329e-7,0.00000351337644133,9.70552832769e-7,9.13682924875e-7,3.75820377485e-7,2.9702934512e-7,2.53504083503e-7,2.58966622368e-7,1.13901919008e-7,6.75118201343e-8,3.42052004498e-8,2.46593696573e-8,2.04854178065e-8,1.88425932635e-8,1.53906274392e-8,1.28593251603e-8,1.05283444185e-8,7.57024665177e-9,6.67730848392e-9,6.02156768892e-9,5.0497632742e-9],"dmean2":[0.000910414382815,0.00202464521863,0.00202495162375,0.00111107784323,0.00113001337741,0.000442278484115,0.000312818854582,0.000359864847269,0.000200826922082,0.0000946538566495,0.0000278946499748,0.0000147325445141,0.0000112294292194,0.00000479700656797,0.00000433222294305,0.0000119271417134,0.000013622005099,0.00000312826432491,0.00000159941259881,0.00000144652187828,0.00000474745638712,0.00000148088827245,0.00000149519325987,6.44191118226e-7,5.02601039898e-7,4.20984065386e-7,4.06837528999e-7,1.9220391323e-7,1.15018188751e-7,6.3477862966e-8,4.71096122112e-8,3.89296666015e-8,3.59030600805e-8,2.97305380315e-8,2.49764262605e-8,2.049353931e-8,1.47197312117e-8,1.29726913656e-8,1.17180594117e-8,9.80327286015e-9],"dvar":[0.00000208865412787,0.00000863811055751,0.0000140208394441,0.00000268973622042,0.0000067573009801,7.70906581238e-7,5.90189358718e-7,0.00000151504434598,4.69807105219e-7,7.68730146206e-8,1.68065277251e-8,5.74373393292e-9,1.78888759361e-9,1.92480281713e-10,1.11022233074e-10,8.69708915996e-10,1.73221559319e-9,1.3401246779e-10,2.80108245626e-11,5.70229558017e-11,3.95691390764e-9,2.22246790416e-10,1.7395010779e-11,1.38723121532e-11,3.34730507201e-12,2.1135445824e-12,1.19095957055e-11,3.02653518566e-12,5.3356586727e-13,3.87640460909e-14,2.42179967215e-14,1.9709130229e-14,1.34868185752e-14,1.11314215427e-14,8.18888159999e-15,5.04173703722e-15,2.76097610113e-15,2.93146181056e-15,2.14528542771e-15,1.42927841888e-15],"dvar2":[0.00000461021772935,0.0000237733274844,0.0000358140168828,0.0000066452412284,0.0000156173264259,0.00000173068394815,0.00000112540237751,0.00000395796496377,0.00000123224981508,1.71601982402e-7,3.30725313802e-8,1.30681465649e-8,5.5515196884e-9,4.5534204185e-10,2.93957608255e-10,2.36288544286e-9,4.34201119504e-9,3.27240956555e-10,7.06164987596e-11,8.98864038756e-11,5.20278531368e-9,3.36417060876e-10,4.5563525175e-11,3.2522110005e-11,7.69007513918e-12,4.01237376657e-12,2.1831489741e-11,5.09512831232e-12,9.31080191245e-13,1.00126755032e-13,7.08750752857e-14,5.59969449553e-14,3.89524058896e-14,3.28833402836e-14,2.42248492181e-14,1.48922368171e-14,8.17267531861e-15,8.70609347011e-15,6.34629525445e-15,4.23098251109e-15],"max":[0.0307081118226,0.0459788516164,0.0765195339918,0.0380891039968,0.0691946446896,0.0234699938446,0.0214779637754,0.0473619922996,0.0257318560034,0.0122918570414,0.00781260151416,0.00715634273365,0.00221299612895,0.000934881158173,0.000300018466078,0.000888725218829,0.00163327960763,0.000723174773157,0.000271816534223,0.000509683392011,0.00463476590812,0.0015244797105,0.000164983648574,0.000239155924646,0.000101674726466,0.000110942586616,0.000239642919041,0.000185532771866,0.0000512654369231,0.00000846569218993,0.00000661011563352,0.00000587311933486,0.00000372272256755,0.00000341664167536,0.0000020897784907,0.00000193605933418,0.00000222036760533,0.00000281968027593,0.00000146867546391,0.00000111263148028],"mean":[0.00346412067302,0.00633370084688,0.00246775639243,0.00137566332705,0.0010654614307,0.000493786355946,0.000347350665834,0.000242332418566,0.000145970741869,0.0000797889224486,0.0000287402799586,0.0000134835318022,0.00000884527980816,0.00000410485517932,0.00000339840539709,0.00000910495145945,0.0000119526521303,0.00000277815161098,0.00000126447991988,0.00000143355714499,0.00000662195316181,0.00000176646267391,0.00000123637073557,3.95477030679e-7,3.55610893621e-7,3.08167159346e-7,3.75261521413e-7,1.87344980418e-7,7.88855487599e-8,2.77379328395e-8,1.60023603257e-8,1.36147226826e-8,1.23177485989e-8,9.21454734737e-9,7.60828289259e-9,6.16977979817e-9,4.52850246191e-9,3.97256405549e-9,3.58121066135e-9,3.08629566348e-9],"median":[0.00227796752006,0.00582885276526,0.0011507619638,0.000683849037159,0.000373205461074,0.000141452124808,0.000063249572122,0.0000298737741105,0.0000147184373418,0.00000646058742859,0.00000289296872324,0.00000170688838352,8.34982131437e-7,5.94104790252e-7,3.77979205268e-7,3.37023720931e-7,3.88372427551e-7,3.21954416904e-7,1.69405197425e-7,1.31369802148e-7,1.6480541376e-7,7.20375297192e-8,9.92437350078e-8,3.27719646975e-8,4.34074856059e-8,3.08906322743e-8,1.34905491223e-8,6.68385435887e-9,3.44063866287e-9,2.12805439936e-9,1.54092627547e-9,1.33480282383e-9,1.09256470537e-9,8.83337680779e-10,7.49291517721e-10,6.02880245726e-10,5.15228748554e-10,4.51045228944e-10,4.25232599133e-10,4.49817155745e-10],"min":[1.45527629985e-24,1.43843145712e-24,9.48572402193e-25,1.89723788997e-24,1.14979050595e-24,1.84458103012e-24,1.25902427271e-24,1.44670828434e-24,1.54006750728e-24,2.22102150979e-24,1.54523119355e-24,1.13090221765e-24,8.17658075351e-25,1.9307003835e-24,2.60150845147e-24,3.45877878274e-24,3.80267559463e-24,2.59720994839e-24,3.42770870713e-24,3.5293033421e-24,2.91292332393e-24,3.08181469665e-24,3.5539528788e-24,5.03929316079e-24,4.19429928014e-24,4.52539564054e-24,4.86944233599e-24,5.08563597796e-24,5.38118587154e-24,4.73479797897e-24,5.03512994736e-24,4.65145206332e-24,4.11061888746e-24,6.02133939638e-24,5.74535601426e-24,5.2899067762e-24,5.42361317761e-24,6.00965912739e-24,6.37047266695e-24,5.43941642812e-24],"var":[0.000013043166291,0.0000298751765513,0.00001807650915,0.0000050956641644,0.00000803649436421,0.00000127792316107,0.00000122031735827,0.00000123686072584,4.26385838637e-7,1.8076561048e-7,5.85285455657e-8,1.39673739241e-8,2.77281886341e-9,3.69092034713e-10,1.78040068799e-10,1.3784590136e-9,2.89636559181e-9,2.26977089901e-10,3.45234084376e-11,1.82190498799e-10,1.225236268e-8,8.08157318843e-10,2.58815816001e-11,1.75693123244e-11,4.44046232076e-12,3.77622195666e-12,3.1655664201e-11,1.50509969071e-11,1.40978689226e-12,4.73446795819e-14,1.34627890975e-14,1.2459465019e-14,8.44867676931e-15,5.83073679264e-15,4.25194191786e-15,2.63011056957e-15,1.43357891103e-15,1.50622575054e-15,1.11386156053e-15,7.40917453716e-16]},"melbands_crest":{"dmean":2.449010849,"dmean2":4.01064777374,"dvar":8.23174285889,"dvar2":21.3703365326,"max":33.7080497742,"mean":18.6956920624,"median":18.4668827057,"min":1.56969535351,"var":26.037694931},"melbands_flatness_db":{"dmean":0.033466335386,"dmean2":0.0536216273904,"dvar":0.00182390247937,"dvar2":0.00443232944235,"max":0.712747871876,"mean":0.49195972085,"median":0.512885212898,"min":0.00188991916366,"var":0.0127769550309},"melbands_kurtosis":{"dmean":8.021276474,"dmean2":13.0208511353,"dvar":145.74105835,"dvar2":352.375396729,"max":280.565795898,"mean":16.6424827576,"median":11.6907167435,"min":-1.6028778553,"var":352.660247803},"melbands_skewness":{"dmean":0.696157157421,"dmean2":1.10034561157,"dvar":0.543238997459,"dvar2":1.30095875263,"max":12.3210878372,"mean":2.51205945015,"median":2.3962469101,"min":-2.95448613167,"var":1.90369307995},"melbands_spread":{"dmean":1.39517891407,"dmean2":2.26420402527,"dvar":12.7617044449,"dvar2":33.1918945312,"max":192.656814575,"mean":5.98566484451,"median":2.31825947762,"min":0.312575131655,"var":354.573486328},"mfcc":{"cov":[[7621.81005859,3180.52197266,-1141.60681152,370.47253418,181.721618652,-247.007232666,-29.5095787048,-42.0434036255,-150.753677368,162.306793213,230.791915894,30.6793766022,-88.5867767334],[3180.52197266,2837.62426758,155.09942627,210.441864014,303.898956299,-43.8298301697,73.6401138306,31.5785140991,-43.1513671875,66.2077178955,64.9078445435,-24.7298202515,-7.179210186],[-1141.60681152,155.09942627,1185.44873047,161.072265625,17.979467392,188.435699463,57.2289810181,57.2578849792,103.323638916,-48.1932220459,-97.1983718872,-2.30568933487,45.9327201843],[370.47253418,210.441864014,161.072265625,365.452087402,158.362930298,1.82148206234,2.10506105423,17.4286632538,50.230670929,45.3163833618,10.760974884,13.2763004303,22.2759246826],[181.721618652,303.898956299,17.979467392,158.362930298,267.005950928,43.871006012,-3.69956851006,13.6647348404,6.08623075485,28.7291698456,28.4079303741,-0.666140139103,9.96461963654],[-247.007232666,-43.8298301697,188.435699463,1.82148206234,43.871006012,177.949783325,85.3312301636,26.2485713959,32.9217453003,4.22610521317,-0.69042378664,7.41349172592,1.34848511219],[-29.5095787048,73.6401138306,57.2289810181,2.10506105423,-3.69956851006,85.3312301636,159.470169067,76.0733184814,12.7845554352,5.03847122192,2.43201422691,7.6341137886,5.21739959717],[-42.0434036255,31.5785140991,57.2578849792,17.4286632538,13.6647348404,26.2485713959,76.0733184814,123.825492859,60.1810836792,-3.67599868774,-7.33782243729,5.14605712891,15.0708808899],[-150.753677368,-43.1513671875,103.323638916,50.230670929,6.08623075485,32.9217453003,12.7845554352,60.1810836792,138.127609253,58.2975654602,-14.5198507309,8.00200176239,22.1337184906],[162.306793213,66.2077178955,-48.1932220459,45.3163833618,28.7291698456,4.22610521317,5.03847122192,-3.67599868774,58.2975654602,117.423164368,64.2853622437,19.0367851257,3.6496193409],[230.791915894,64.9078445435,-97.1983718872,10.760974884,28.4079303741,-0.69042378664,2.43201422691,-7.33782243729,-14.5198507309,64.2853622437,127.752082825,54.7317314148,-15.875377655],[30.6793766022,-24.7298202515,-2.30568933487,13.2763004303,-0.666140139103,7.41349172592,7.6341137886,5.14605712891,8.00200176239,19.0367851257,54.7317314148,84.1215133667,38.8666191101],[-88.5867767334,-7.179210186,45.9327201843,22.2759246826,9.96461963654,1.34848511219,5.21739959717,15.0708808899,22.1337184906,3.6496193409,-15.875377655,38.8666191101,95.6598739624]],"icov":[[0.000704309321009,-0.000964279286563,0.00110360805411,-0.00142319058068,0.00170893932227,-0.00160297052935,0.00163180555683,-0.00125153723639,0.00114989781287,-0.000640424492303,0.000496534164995,-0.000702374905813,0.000460265408037],[-0.000964279286563,0.00179035181645,-0.00171212945133,0.00206002383493,-0.00302986311726,0.00295597873628,-0.00290802959353,0.00190299027599,-0.00143833679613,0.000666093954351,-0.000886161345989,0.00121693627443,-0.000617593235802],[0.00110360805411,-0.00171212945133,0.00314530474134,-0.00314476829953,0.00360686192289,-0.00458610942587,0.00347237964161,-0.00230950675905,0.00128359394148,-0.000149460014654,0.00126367900521,-0.00114178506192,0.000361278187484],[-0.00142319058068,0.00206002383493,-0.00314476829953,0.00769515754655,-0.00692091323435,0.00615512253717,-0.00528692221269,0.00411754101515,-0.00415564933792,0.000761805102229,-0.000667231681291,0.000336396042258,-0.000486408476718],[0.00170893932227,-0.00302986311726,0.00360686192289,-0.00692091323435,0.0120574347675,-0.00930240377784,0.00872388109565,-0.00701858848333,0.00608759792522,-0.00304034585133,0.000511037476826,0.000274129968602,-0.00057909078896],[-0.00160297052935,0.00295597873628,-0.00458610942587,0.00615512253717,-0.00930240377784,0.018288789317,-0.014721468091,0.0109490836039,-0.010196974501,0.00621119700372,-0.00474365381524,0.00208879075944,-0.000218208893784],[0.00163180555683,-0.00290802959353,0.00347237964161,-0.00528692221269,0.00872388109565,-0.014721468091,0.0229276102036,-0.0186372995377,0.0148561606184,-0.0112829394639,0.00795111525804,-0.00516905309632,0.00225403532386],[-0.00125153723639,0.00190299027599,-0.00230950675905,0.00411754101515,-0.00701858848333,0.0109490836039,-0.0186372995377,0.0282035227865,-0.0218601971865,0.0176279209554,-0.0122338589281,0.00729674473405,-0.00432567251846],[0.00114989781287,-0.00143833679613,0.00128359394148,-0.00415564933792,0.00608759792522,-0.010196974501,0.0148561606184,-0.0218601971865,0.0312773771584,-0.0250268634409,0.018182868138,-0.0103949680924,0.00441056862473],[-0.000640424492303,0.000666093954351,-0.000149460014654,0.000761805102229,-0.00304034585133,0.00621119700372,-0.0112829394639,0.0176279209554,-0.0250268634409,0.0338574424386,-0.0240487940609,0.0135454451665,-0.00757700158283],[0.000496534164995,-0.000886161345989,0.00126367900521,-0.000667231681291,0.000511037476826,-0.00474365381524,0.00795111525804,-0.0122338589281,0.018182868138,-0.0240487940609,0.0337243787944,-0.0243976805359,0.0136692197993],[-0.000702374905813,0.00121693627443,-0.00114178506192,0.000336396042258,0.000274129968602,0.00208879075944,-0.00516905309632,0.00729674473405,-0.0103949680924,0.0135454451665,-0.0243976805359,0.0338828749955,-0.0169420260936],[0.000460265408037,-0.000617593235802,0.000361278187484,-0.000486408476718,-0.00057909078896,-0.000218208893784,0.00225403532386,-0.00432567251846,0.00441056862473,-0.00757700158283,0.0136692197993,-0.0169420260936,0.0198159422725]],"mean":[-843.93371582,227.015014648,39.2263908386,37.9774017334,26.0926456451,-2.62238049507,0.0331619530916,-0.773370444775,-4.39028978348,3.46936297417,2.53540897369,-2.81424236298,-1.24012506008]},"pitch_salience":{"dmean":0.0658126622438,"dmean2":0.108767218888,"dvar":0.00480807945132,"dvar2":0.0126023087651,"max":0.902624130249,"mean":0.437377303839,"median":0.431914508343,"min":0.0719312801957,"var":0.0161417424679},"silence_rate_20dB":{"dmean":0,"dmean2":0,"dvar":0,"dvar2":0,"max":1,"mean":1,"median":1,"min":1,"var":0},"silence_rate_30dB":{"dmean":0.0285031571984,"dmean2":0.057011179626,"dvar":0.0276922546327,"dvar2":0.0655369311571,"max":1,"mean":0.963307440281,"median":1,"min":0,"var":0.0353441983461},"silence_rate_60dB":{"dmean":0.0174091141671,"dmean2":0.0348212011158,"dvar":0.0171072650701,"dvar2":0.0387312360108,"max":1,"mean":0.113320246339,"median":0,"min":0,"var":0.100483834743},"spectral_centroid":{"dmean":53.6912345886,"dmean2":86.1264648438,"dvar":25041.25,"dvar2":58826.8515625,"max":12133.2792969,"mean":450.328613281,"median":259.36328125,"min":121.390144348,"var":1301726.5},"spectral_complexity":{"dmean":1.11145246029,"dmean2":1.87351715565,"dvar":1.53209424019,"dvar2":3.7455842495,"max":25,"mean":6.23628282547,"median":6,"min":0,"var":8.53172683716},"spectral_contrast_coeffs":{"dmean":[0.0426878817379,0.0492327809334,0.0356376580894,0.027230752632,0.0212958753109,0.0140390023589],"dmean2":[0.0700123682618,0.078947417438,0.0584814883769,0.0444351062179,0.0341689251363,0.0233354587108],"dvar":[0.00169915833976,0.0019482037751,0.00111523957457,0.000572787772398,0.000463036645669,0.000236036183196],"dvar2":[0.00424121180549,0.00470629520714,0.00271232216619,0.00141855969559,0.00107705639675,0.000587368849665],"max":[-0.240196362138,-0.364142805338,-0.420166730881,-0.525190234184,-0.496534198523,-0.641504585743],"mean":[-0.598277032375,-0.684228420258,-0.779083609581,-0.812904596329,-0.818621695042,-0.847150743008],"median":[-0.605687618256,-0.687484383583,-0.790150403976,-0.82320278883,-0.827749371529,-0.849869370461],"min":[-0.977479577065,-0.979231655598,-0.983247578144,-0.979404747486,-0.971013128757,-0.966302156448],"var":[0.0114018376917,0.0094530172646,0.00603933818638,0.00402553845197,0.00374822411686,0.000793328392319]},"spectral_contrast_valleys":{"dmean":[0.361616313457,0.38394266367,0.370135635138,0.362763792276,0.367099732161,0.350678443909],"dmean2":[0.587805569172,0.628163576126,0.590736567974,0.586139142513,0.606180131435,0.599165439606],"dvar":[0.131998598576,0.145412385464,0.140939965844,0.167341977358,0.26329690218,0.325933337212],"dvar2":[0.301182031631,0.349632889032,0.325490176678,0.398391604424,0.64790135622,0.816017508507],"max":[-5.11224746704,-4.1945848465,-5.86899137497,-6.17631578445,-6.30410957336,-9.12755870819],"mean":[-7.45612764359,-7.65351057053,-9.19209003448,-9.92636871338,-10.3708744049,-13.1595783234],"median":[-6.83390569687,-7.23855018616,-8.86366081238,-9.66842269897,-10.1917819977,-13.0470342636],"min":[-28.1219921112,-27.8859882355,-27.675994873,-27.7738895416,-27.5557899475,-27.384552002],"var":[6.3354973793,5.71534156799,4.80456066132,4.52240943909,3.97256922722,2.63607501984]},"spectral_decrease":{"dmean":2.81419665349e-9,"dmean2":4.52004256246e-9,"dvar":3.31653963787e-17,"dvar2":8.4666296591e-17,"max":3.74321395621e-17,"mean":-1.13094582588e-8,"median":-1.0621296731e-8,"min":-1.01789062512e-7,"var":7.94661826568e-17},"spectral_energy":{"dmean":0.0108622796834,"dmean2":0.0174403432757,"dvar":0.000494254520163,"dvar2":0.00125949201174,"max":0.392830252647,"mean":0.0434142164886,"median":0.0407246723771,"min":1.00902374942e-20,"var":0.00117663515266},"spectral_energyband_high":{"dmean":0.00000593896584178,"dmean2":0.0000111046765596,"dvar":1.04039366011e-9,"dvar2":2.80100098671e-9,"max":0.00102929293644,"mean":0.00000484869860884,"median":4.87760303258e-7,"min":7.0216809572e-21,"var":1.11764741906e-9},"spectral_energyband_low":{"dmean":0.00601863628253,"dmean2":0.00986115355045,"dvar":0.000201620277949,"dvar2":0.000553071091417,"max":0.279915869236,"mean":0.0284455735236,"median":0.0278611276299,"min":1.84354931838e-23,"var":0.000529609096702},"spectral_energyband_middle_high":{"dmean":0.000278671650449,"dmean2":0.000449506769655,"dvar":0.00000185717271961,"dvar2":0.00000358534180123,"max":0.0741749033332,"mean":0.00054482917767,"median":0.0000776467641117,"min":1.1491023029e-21,"var":0.00000605435934631},"spectral_energyband_middle_low":{"dmean":0.00830402597785,"dmean2":0.013090766035,"dvar":0.000341523205861,"dvar2":0.00080233393237,"max":0.362657189369,"mean":0.017542630434,"median":0.0106325149536,"min":1.21277683277e-22,"var":0.000540611916222},"spectral_entropy":{"dmean":0.264787077904,"dmean2":0.43591567874,"dvar":0.109380044043,"dvar2":0.280057668686,"max":9.82828998566,"mean":5.69539451599,"median":5.56254577637,"min":3.84151268005,"var":0.659791648388},"spectral_flux":{"dmean":0.0286431480199,"dmean2":0.0459224581718,"dvar":0.0018668549601,"dvar2":0.00431087845936,"max":0.556756556034,"mean":0.0605859570205,"median":0.0416734702885,"min":6.36396560449e-11,"var":0.00355466268957},"spectral_kurtosis":{"dmean":19.4813423157,"dmean2":32.8934364319,"dvar":376.41204834,"dvar2":1021.97357178,"max":271.863067627,"mean":49.9606246948,"median":44.7428283691,"min":-1.25002801418,"var":1096.09191895},"spectral_rms":{"dmean":0.000746738631278,"dmean2":0.00116937502753,"dvar":0.00000155067675678,"dvar2":0.00000370729344468,"max":0.0195767469704,"mean":0.00584995839745,"median":0.00630328385159,"min":3.1375364546e-12,"var":0.00000813308361103},"spectral_rolloff":{"dmean":86.1599655151,"dmean2":150.83203125,"dvar":119346.414062,"dvar2":306573.875,"max":20219.6777344,"mean":684.392578125,"median":236.865234375,"min":86.1328125,"var":6963971},"spectral_skewness":{"dmean":1.13699555397,"dmean2":1.91935384274,"dvar":1.12112271786,"dvar2":3.02834582329,"max":13.4304571152,"mean":5.16249132156,"median":5.10938549042,"min":-0.117824584246,"var":4.29470872879},"spectral_spread":{"dmean":474011.78125,"dmean2":822567.1875,"dvar":490888790016,"dvar2":1219120463870,"max":43505228,"mean":2250636,"median":1491622.75,"min":451756.78125,"var":17213319807000},"spectral_strongpeak":{"dmean":0.213010400534,"dmean2":0.362318485975,"dvar":0.335743367672,"dvar2":0.792123615742,"max":19.0364818573,"mean":0.74267655611,"median":0.630838572979,"min":0,"var":0.553228914738},"zerocrossingrate":{"dmean":0.00233060750179,"dmean2":0.00308791943826,"dvar":0.0000360446611012,"dvar2":0.0000733533379389,"max":0.5234375,"mean":0.0215800404549,"median":0.0087890625,"min":0.00244140625,"var":0.00473559461534}},"metadata":{"audio_properties":{"analysis_sample_rate":44100,"bit_rate":257109,"codec":"mp3","downmix":"mix","equal_loudness":0,"length":272.091430664,"lossless":false,"md5_encoded":"dc1b9693ea36494134a475df3415bdea","replay_gain":2.26632499695},"tags":{"acoustid_id":["8e4f73ab-d460-4822-92b9-83d57134b363"],"album":["Paranoid"],"albumartist":["Black Sabbath"],"artist":["Black Sabbath"],"date":["1987"],"discnumber":["1/1"],"file_name":"03 - Black Sabbath - Planet Caravan.mp3","musicbrainz_albumartistid":["5182c1d9-c7d2-4dad-afa0-ccfeada921a8"],"musicbrainz_albumid":["bb5ae596-020a-3f49-8f89-c3529f3b6365"],"musicbrainz_artistid":["5182c1d9-c7d2-4dad-afa0-ccfeada921a8"],"musicbrainz_recordingid":["e2c5d227-90aa-4cc4-b1cc-ba7d412f05fe"],"musicbrainz_releasegroupid":["cc053745-c447-3566-8f27-bed5438c9133"],"replaygain_album_gain":["+0.04 dB"],"replaygain_album_peak":["0.406499"],"replaygain_track_gain":["+6.43 dB"],"replaygain_track_peak":["0.346287"],"title":["Planet Caravan"],"tracknumber":["3/8"]},"version":{"essentia":"2.1-beta1","essentia_build_sha":"46c2b6830b139c2e69ed9f3e0d9145e1b8fbae31","essentia_git_sha":"v2.1_beta1-6-g5578087","extractor":"music 1.0"}},"rhythm":{"beats_count":594,"beats_loudness":{"dmean":0.0300902873278,"dmean2":0.0525630116463,"dvar":0.000858116138261,"dvar2":0.00252241059206,"max":0.222188100219,"mean":0.0506480522454,"median":0.0462920106947,"min":0,"var":0.00122596975416},"beats_loudness_band_ratio":{"dmean":[0.237959727645,0.208554416895,0.101994484663,0.0103455837816,0.0046780728735,0.00380388810299],"dmean2":[0.417528986931,0.366964608431,0.18359285593,0.0183587279171,0.00878979172558,0.00726534286514],"dvar":[0.0456951223314,0.0392064154148,0.0240335091949,0.000683760037646,0.000278154417174,0.00182122620754],"dvar2":[0.122187949717,0.105958238244,0.0661360695958,0.00190134404693,0.000811670906842,0.00401676818728],"max":[0.987815737724,0.925700187683,0.939472854137,0.317690163851,0.219595804811,0.84130