{"lowlevel":{"average_loudness":0.963563323021,"barkbands":{"dmean":[0.0000793037397671,0.00229568453506,0.00204662163742,0.00182821066119,0.00208560330793,0.000698919582646,0.000666583538987,0.00130073272157,0.00129993550945,0.00110731145833,0.000682074052747,0.000889539485797,0.000665352097712,0.000438218965428,0.000340144790243,0.000112192392407,0.000174232540303,0.000092304428108,0.0000705992497387,0.000045955664973,0.0000531544756086,0.0000415341637563,0.0000240562403633,0.0000236126434174,0.00000677691241435,9.96809603748e-7,6.15563706674e-8],"dmean2":[0.000131669730763,0.00385479978286,0.0036009917967,0.00301838852465,0.00319533911534,0.00105915567838,0.00101286638528,0.00200674659573,0.00204724748619,0.00170546793379,0.00109166488983,0.00142704357859,0.00105657754466,0.000684123951942,0.000510728859808,0.000175184628461,0.000276153092273,0.000144421486766,0.000109789667476,0.0000720337411622,0.0000841406654217,0.000065296444518,0.0000367275279132,0.0000359607729479,0.0000104047157947,0.00000163331196745,1.08227403928e-7],"dvar":[2.46629081602e-8,0.0000150926116476,0.00000965524395724,0.00000901225394045,0.00000705062484485,0.00000127465932565,0.00000206396657632,0.00000565064192415,0.00000572908538743,0.00000427563463745,0.00000297313113151,0.00000572181079406,0.00000190818263945,0.00000212273062061,0.00000111433473649,1.88518328059e-7,3.13230003712e-7,2.95617610391e-8,1.32365318706e-8,6.81231737687e-9,1.10816831267e-8,6.44909592395e-9,1.25886279179e-8,3.8123875612e-8,5.5235133134e-10,8.92993231444e-12,1.23745523377e-13],"dvar2":[6.58686616362e-8,0.0000392500951421,0.0000290907046292,0.0000255170289165,0.0000168706319528,0.000003163526344,0.00000462584921479,0.0000131976312332,0.0000139092235258,0.00000994698530121,0.0000071675685831,0.000014925853975,0.00000456920724901,0.00000555895758225,0.00000224576797336,5.34906519079e-7,9.380736401e-7,7.02284239651e-8,3.33783596318e-8,1.60768305335e-8,2.70297935145e-8,1.56423887177e-8,2.21928004862e-8,8.36002911342e-8,1.12871545443e-9,2.14923582403e-11,3.66624536719e-13],"max":[0.0016157530481,0.0530466474593,0.0331966690719,0.0425490662456,0.0314454548061,0.0212448183447,0.0261129997671,0.029167111963,0.0335366800427,0.0280801020563,0.0398469641805,0.059902343899,0.0271745175123,0.0449318289757,0.0453862734139,0.0158772319555,0.0230932347476,0.00402090139687,0.00235946266912,0.00136117031798,0.00202784291469,0.00154985417612,0.00454577896744,0.00956853479147,0.00079347420251,0.000107056497654,0.00001098856319],"mean":[0.0000864528337843,0.00333882798441,0.00271143228747,0.00354349124245,0.00593367824331,0.00134420767426,0.00117239565589,0.00189924496226,0.00214774603955,0.0019568814896,0.000982915400527,0.00145408930257,0.0010936872568,0.000676403928082,0.00056885194499,0.00020513421623,0.000324972934322,0.000198169407668,0.000162308104336,0.000113247646368,0.000144948993693,0.000112991707283,0.0000607955334999,0.0000472718893434,0.0000137594115586,0.00000176245634975,9.89532296103e-8],"median":[0.000029362827263,0.00212272419594,0.00142223655712,0.00211581541225,0.00477154133841,0.00085969286738,0.00050159561215,0.000571375538129,0.000861872336827,0.000842835463118,0.000314433244057,0.000399729877245,0.000283047847915,0.000201716058655,0.000255809631199,0.000106024352135,0.000154312772793,0.0000976960582193,0.0000765100267017,0.000043186959374,0.000038188045437,0.0000356929340342,0.0000159594328579,0.0000121430230138,0.00000455373719888,5.54270968678e-7,5.00952097582e-8],"min":[1.33552598234e-12,1.76914852126e-12,5.73624134304e-12,1.21521031085e-11,2.2938090663e-11,9.84431286488e-12,1.17587634508e-12,5.87246776814e-13,4.28475614364e-12,7.59089839597e-12,6.02682877562e-12,2.43432487709e-12,1.47209837636e-12,2.04493540157e-13,1.41954319393e-13,1.57606254978e-13,3.37144944124e-13,3.48802773774e-13,1.62046645633e-13,1.34342501858e-13,9.38097256126e-14,1.20853983288e-13,1.19609807085e-13,5.77022018491e-14,1.28265264078e-13,1.8716878904e-13,6.76909786904e-12],"var":[2.44180373699e-8,0.0000173911703314,0.0000124638718262,0.0000200582799152,0.0000275081347354,0.00000252509812526,0.00000410089705838,0.000010498309166,0.0000119331043607,0.0000106868574221,0.00000540952169104,0.00000943862414715,0.00000412125427829,0.00000355860856871,0.00000200223098545,2.19375408506e-7,4.81483823478e-7,8.28602750857e-8,4.51694610604e-8,2.74408620271e-8,6.22727753807e-8,3.45862432027e-8,2.47077167614e-8,4.78547512728e-8,9.44428979466e-10,1.25677211693e-11,7.20413854439e-14]},"barkbands_crest":{"dmean":2.05373811722,"dmean2":3.33009505272,"dvar":3.68735575676,"dvar2":9.66787433624,"max":24.0297603607,"mean":9.11989974976,"median":8.35769367218,"min":2.68404078484,"var":12.7702169418},"barkbands_flatness_db":{"dmean":0.0163419730961,"dmean2":0.0249636117369,"dvar":0.000272618723102,"dvar2":0.00063429720467,"max":0.366339713335,"mean":0.157439529896,"median":0.148046329618,"min":0.0462978295982,"var":0.00260560726747},"barkbands_kurtosis":{"dmean":2.13078284264,"dmean2":3.39516115189,"dvar":10.7135038376,"dvar2":26.9020080566,"max":50.9915809631,"mean":3.44440126419,"median":1.69676828384,"min":-1.8006721735,"var":29.8652610779},"barkbands_skewness":{"dmean":0.437557280064,"dmean2":0.664472341537,"dvar":0.206121385098,"dvar2":0.478744745255,"max":5.72570228577,"mean":1.42546331882,"median":1.3386400938,"min":-2.71158695221,"var":1.04859650135},"barkbands_spread":{"dmean":3.28595590591,"dmean2":5.0881114006,"dvar":17.5886631012,"dvar2":37.458442688,"max":85.3344268799,"mean":15.9420928955,"median":14.5414400101,"min":1.33412575722,"var":79.1878890991},"dissonance":{"dmean":0.0168625935912,"dmean2":0.0281544364989,"dvar":0.000354812858859,"dvar2":0.000963210768532,"max":0.500000059605,"mean":0.461230993271,"median":0.46816188097,"min":0.188973218203,"var":0.000845180824399},"dynamic_complexity":3.91322135925,"erbbands":{"dmean":[0.0606798902154,0.575533390045,2.07417702675,4.06642818451,6.67220878601,7.70893526077,6.67144203186,6.725897789,8.42145061493,20.8789958954,21.0512714386,33.7048606873,35.043182373,27.3410835266,25.6037921906,39.8915290833,30.5837402344,26.3046588898,18.6606311798,10.0040130615,6.56343698502,7.92940187454,5.84871912003,3.47927999496,3.30975794792,2.07274842262,1.83978664875,2.41115880013,1.50330328941,1.04830789566,0.690765798092,0.658996760845,0.25511059165,0.0977593064308,0.0436476245522,0.00804281048477,0.00121361238416,0.000114252005005,0.0000124586231323,0.00000897136760614],"dmean2":[0.100120402873,0.986482858658,3.66261935234,6.83830547333,10.5539579391,11.9707193375,9.95892333984,10.0982513428,12.6579446793,32.0224914551,32.4753913879,52.8702735901,54.0611419678,42.1669044495,41.0727157593,63.7412147522,48.1252784729,41.3838233948,28.1511859894,14.8144931793,10.2805671692,12.2695417404,9.05694580078,5.56333017349,5.11139059067,3.23888587952,2.93268847466,3.85099101067,2.35866546631,1.62100350857,1.0769007206,1.00012552738,0.381508052349,0.148398056626,0.0682238861918,0.0128721985966,0.00196380773559,0.000188070407603,0.0000204750613193,0.0000135186483021],"dvar":[0.013039637357,0.885478913784,9.11594104767,40.3754272461,88.8555984497,122.18119812,101.859741211,130.566467285,349.149658203,1545.16479492,2216.56103516,4437.43115234,4280.21630859,5771.10888672,2448.73681641,12518.3857422,3923.01416016,7721.24169922,2536.49584961,966.895385742,458.528503418,424.427642822,124.367835999,28.6660289764,30.7985229492,12.856678009,13.8885755539,27.214881897,8.41220188141,5.91782283783,10.338850975,34.5938339233,2.98127889633,0.143620505929,0.0256768427789,0.000617039506324,0.0000129026848299,1.12509489725e-7,2.54710408321e-9,1.23500057403e-10],"dvar2":[0.0337170511484,2.36550664902,27.7326602936,110.027290344,222.279541016,296.163635254,240.365982056,313.653045654,832.220031738,3538.65112305,5198.16552734,10824.6835938,9931.78710938,14086.8125,6269.27978516,32504.9726562,9145.20996094,20810.2324219,5560.27441406,1857.82995605,1366.22717285,1185.30908203,303.47479248,74.5324020386,70.6608581543,30.2589225769,34.9311943054,70.5491790771,20.3262825012,12.8326683044,17.4144992828,71.7621841431,6.32023048401,0.302799224854,0.055902197957,0.00141369516496,0.0000306605943479,2.96229558217e-7,7.39357419732e-9,2.73521566507e-10],"max":[1.61193954945,12.2535734177,28.8544826508,109.285545349,140.1875,164.264938354,157.316741943,231.890640259,341.50579834,481.43838501,808.142883301,1032.05334473,968.613220215,2038.45495605,814.230651855,3053.29760742,1390.54223633,2548.91699219,1579.9510498,1500.22839355,671.775512695,690.697143555,262.159240723,75.8270263672,96.5868835449,64.2028121948,94.4992446899,104.868110657,61.2642059326,70.3041610718,132.285598755,292.613769531,76.5217590332,12.6123847961,5.758934021,0.882128000259,0.116170309484,0.00693763699383,0.00155134336092,0.000195666129002],"mean":[0.0744671151042,0.83148431778,2.92885136604,7.79139566422,16.5052280426,19.0819149017,16.0346088409,13.0484113693,15.0881652832,33.4126014709,33.5699577332,57.3075180054,60.941783905,47.5651283264,42.4490776062,67.0657043457,56.3420715332,42.6203346252,30.9670658112,19.6424827576,13.3960189819,15.9310798645,12.6602096558,8.38120555878,7.80267286301,5.28845119476,4.75342750549,6.27583551407,4.15727758408,2.73034381866,1.73330330849,1.31952404976,0.52734285593,0.199088022113,0.0832408964634,0.0154265994206,0.00212134839967,0.000202644281671,0.0000331744267896,0.0000367211323464],"median":[0.0288050752133,0.547308206558,1.84615755081,4.74193477631,10.4100189209,12.7235145569,9.97149467468,6.81863594055,7.22985029221,11.146944046,12.9215745926,23.9816741943,29.2298126221,15.8797359467,15.754576683,18.3733062744,15.627281189,11.9411220551,14.2954387665,9.91613101959,7.0091881752,8.07905960083,6.23418426514,4.39419317245,3.43900346756,2.15184211731,1.57072365284,1.471965909,1.3204716444,0.81647336483,0.444492429495,0.299185276031,0.140892311931,0.0547271370888,0.0284012146294,0.00515506882221,0.000671159941703,0.0000806008683867,0.0000243461236096,0.0000347456880263],"min":[5.22307301576e-11,4.76728267973e-10,4.94252372363e-9,2.61062904627e-8,6.50497682386e-8,7.6604720789e-8,6.9156982363e-8,8.33712903159e-8,3.29430207557e-8,7.53289874922e-9,2.83278396296e-8,9.48052374383e-8,1.90075056139e-7,2.60745395053e-7,1.76730807766e-7,1.22336103914e-7,7.21855428765e-8,2.16990176938e-8,5.09975306429e-9,1.02129948942e-8,1.11434506067e-8,1.61752744532e-8,1.91273255012e-8,1.23000338803e-8,7.42572670021e-9,6.86638257363e-9,4.32318403298e-9,3.46096018511e-9,4.48580950163e-9,3.7270337927e-9,3.4114118197e-9,1.17917930975e-9,1.17710563519e-9,1.38724154386e-9,9.66348889797e-10,6.18762652227e-10,5.02263175495e-10,1.39996891857e-9,5.26989285543e-10,1.5948138643e-10],"var":[0.013986973092,0.997637331486,11.0540981293,103.184509277,327.246124268,402.178710938,305.313446045,306.271575928,595.243408203,3037.53759766,4072.40014648,9208.62792969,8853.02441406,13194.640625,4976.87060547,20547.25,9783.25195312,13028.7421875,4388.25195312,1893.29638672,715.311889648,796.256774902,333.798828125,99.1847457886,117.806846619,55.6105957031,58.4557151794,130.788742065,46.857673645,22.0036010742,21.2609176636,43.7507667542,4.37631320953,0.24075114727,0.0368478149176,0.000932976778131,0.0000188603535207,1.26983152882e-7,1.96976501776e-9,5.65306856881e-10]},"erbbands_crest":{"dmean":2.31874585152,"dmean2":3.75539469719,"dvar":4.77455186844,"dvar2":11.8427295685,"max":33.4953765869,"mean":8.33722400665,"median":7.51547431946,"min":2.66030812263,"var":13.5323438644},"erbbands_flatness_db":{"dmean":0.0152749018744,"dmean2":0.022790145129,"dvar":0.000261591863818,"dvar2":0.00054700684268,"max":0.356263995171,"mean":0.186301231384,"median":0.182841002941,"min":0.0816956534982,"var":0.00171501981094},"erbbands_kurtosis":{"dmean":0.718166351318,"dmean2":1.12028002739,"dvar":1.63937294483,"dvar2":3.97235488892,"max":46.0201568604,"mean":0.410823374987,"median":-0.105857610703,"min":-1.69396960735,"var":3.761677742},"erbbands_skewness":{"dmean":0.303909957409,"dmean2":0.478172838688,"dvar":0.0819969847798,"dvar2":0.200402736664,"max":2.43352389336,"mean":0.262017905712,"median":0.280281037092,"min":-4.40532398224,"var":0.308491557837},"erbbands_spread":{"dmean":5.82961511612,"dmean2":8.79022216797,"dvar":47.8205337524,"dvar2":92.2547149658,"max":125.403297424,"mean":31.4171066284,"median":28.7521457672,"min":1.99881350994,"var":252.995391846},"gfcc":{"cov":[[9795.59472656,-1018.9730835,-1139.77893066,1197.99645996,-952.147338867,671.812255859,-209.369598389,132.738494873,66.0484313965,310.621795654,164.821472168,-72.7548370361,63.7046508789],[-1018.9730835,1223.27478027,68.3301467896,-431.455108643,650.591247559,-235.023254395,119.319580078,-89.5684509277,92.7445602417,-101.794944763,-3.52886629105,-68.5674514771,63.0205154419],[-1139.77893066,68.3301467896,491.956604004,-5.24069404602,109.656028748,-13.8494205475,-42.8422317505,30.5991859436,-11.1634378433,-37.60729599,-29.6536445618,25.0015563965,-4.98560667038],[1197.99645996,-431.455108643,-5.24069404602,570.066223145,-202.871994019,135.396759033,-35.8411407471,30.918264389,44.789024353,78.2445983887,2.06901526451,-11.6965637207,42.5289382935],[-952.147338867,650.591247559,109.656028748,-202.871994019,582.674072266,-84.3462142944,69.2193527222,8.57442474365,83.4462814331,-27.491355896,-29.9522476196,-39.8914108276,56.6844100952],[671.812255859,-235.023254395,-13.8494205475,135.396759033,-84.3462142944,223.439376831,32.347946167,55.9118804932,1.74644327164,28.2999572754,26.8530426025,-4.7118473053,-16.3419017792],[-209.369598389,119.319580078,-42.8422317505,-35.8411407471,69.2193527222,32.347946167,184.991333008,-3.29224443436,-7.79820585251,-13.9735651016,11.000125885,-9.15740776062,-13.1914453506],[132.738494873,-89.5684509277,30.5991859436,30.918264389,8.57442474365,55.9118804932,-3.29224443436,103.467781067,31.0393753052,27.6261978149,8.63583374023,11.8019094467,0.543794512749],[66.0484313965,92.7445602417,-11.1634378433,44.789024353,83.4462814331,1.74644327164,-7.79820585251,31.0393753052,104.375183105,32.1506195068,3.95003652573,-16.0474338531,16.1323623657],[310.621795654,-101.794944763,-37.60729599,78.2445983887,-27.491355896,28.2999572754,-13.9735651016,27.6261978149,32.1506195068,90.1689910889,20.0640010834,10.0558347702,5.72410392761],[164.821472168,-3.52886629105,-29.6536445618,2.06901526451,-29.9522476196,26.8530426025,11.000125885,8.63583374023,3.95003652573,20.0640010834,63.8018226624,20.488111496,-5.00833320618],[-72.7548370361,-68.5674514771,25.0015563965,-11.6965637207,-39.8914108276,-4.7118473053,-9.15740776062,11.8019094467,-16.0474338531,10.0558347702,20.488111496,59.9810829163,6.0401263237],[63.7046508789,63.0205154419,-4.98560667038,42.5289382935,56.6844100952,-16.3419017792,-13.1914453506,0.543794512749,16.1323623657,5.72410392761,-5.00833320618,6.0401263237,76.3666152954]],"icov":[[0.000600974832196,-0.00175403605681,0.00156062014867,-0.00148715334944,0.00132405885961,-0.00198478461243,0.00163791328669,-0.00147760624532,0.0016193727497,-0.00114330078941,0.00104780797847,-0.000747996382415,0.000633656396531],[-0.00175403605681,0.0102503914386,-0.00513778394088,0.00626556947827,-0.00739870220423,0.0082835406065,-0.00652397796512,0.00747429439798,-0.0081032300368,0.00616798177361,-0.00813882332295,0.00624961219728,-0.00451486976817],[0.00156062014867,-0.00513778394088,0.00688285427168,-0.00479944841936,0.0026592684444,-0.00543813593686,0.00546293240041,-0.00514360191301,0.00539209786803,-0.00179276941344,0.00434793205932,-0.00469761528075,0.00355489039794],[-0.00148715334944,0.00626556947827,-0.00479944841936,0.00777574256063,-0.00287448288873,0.00421754550189,-0.00499966228381,0.00560671184212,-0.00708054425195,0.00186726404354,-0.0035180314444,0.00499798450619,-0.00571131892502],[0.00132405885961,-0.00739870220423,0.0026592684444,-0.00287448288873,0.00910349562764,-0.00572989834473,0.00309753208421,-0.00550132896751,0.00293642422184,-0.00478794798255,0.00630057649687,-0.0018914808752,-0.000332182622515],[-0.00198478461243,0.0082835406065,-0.00543813593686,0.00421754550189,-0.00572989834473,0.0150472205132,-0.00760847795755,0.00235754926689,-0.00529953092337,0.00509822368622,-0.00874168705195,0.00682349130511,-0.00211755745113],[0.00163791328669,-0.00652397796512,0.00546293240041,-0.00499966228381,0.00309753208421,-0.00760847795755,0.0118625033647,-0.00483106449246,0.0069123627618,-0.00283244275488,0.00341940089129,-0.00380538823083,0.00459194090217],[-0.00147760624532,0.00747429439798,-0.00514360191301,0.00560671184212,-0.00550132896751,0.00235754926689,-0.00483106449246,0.0198097396642,-0.0105089535937,0.00209649000317,-0.00415281904861,0.000440510048065,-0.00302560790442],[0.0016193727497,-0.0081032300368,0.00539209786803,-0.00708054425195,0.00293642422184,-0.00529953092337,0.0069123627618,-0.0105089535937,0.0226113777608,-0.00855062995106,0.00365628581494,-0.000408401829191,0.00372299342416],[-0.00114330078941,0.00616798177361,-0.00179276941344,0.00186726404354,-0.00478794798255,0.00509822368622,-0.00283244275488,0.00209649000317,-0.00855062995106,0.020337857306,-0.00785266794264,0.000273503304925,-0.00140727614053],[0.00104780797847,-0.00813882332295,0.00434793205932,-0.0035180314444,0.00630057649687,-0.00874168705195,0.00341940089129,-0.00415281904861,0.00365628581494,-0.00785266794264,0.0282335598022,-0.0135308261961,0.00489636231214],[-0.000747996382415,0.00624961219728,-0.00469761528075,0.00499798450619,-0.0018914808752,0.00682349130511,-0.00380538823083,0.000440510048065,-0.000408401829191,0.000273503304925,-0.0135308261961,0.029784437269,-0.00859721098095],[0.000633656396531,-0.00451486976817,0.00355489039794,-0.00571131892502,-0.000332182622515,-0.00211755745113,0.00459194090217,-0.00302560790442,0.00372299342416,-0.00140727614053,0.00489636231214,-0.00859721098095,0.0206329952925]],"mean":[-24.4651546478,135.849609375,-129.688430786,26.2703819275,-57.0229187012,14.6273574829,-30.9878883362,-0.539547622204,-21.9546356201,-10.0917377472,-15.402759552,-8.24072170258,-8.00170516968]},"hfc":{"dmean":4.54206943512,"dmean2":6.15387010574,"dvar":42.897808075,"dvar2":82.407661438,"max":126.182800293,"mean":19.0901126862,"median":13.936006546,"min":4.21449897203e-7,"var":267.127471924},"melbands":{"dmean":[0.000584515859373,0.000938080949709,0.000749824335799,0.000453442218713,0.000278166553471,0.000141657248605,0.000129529857077,0.000249536067713,0.000168316313648,0.000218450513785,0.000173160049599,0.00011558746337,0.0000923370171222,0.0000874698380358,0.0000889918155735,0.0000645689215162,0.0000492400758958,0.0000295264544548,0.0000208122692129,0.0000099621956906,0.0000092627160484,0.00000991291562968,0.00000691051445756,0.00000435968468082,0.00000303857814288,0.00000306026527142,0.00000216455873669,0.00000147492357883,0.00000111007864234,0.00000136638141157,0.00000169350460055,8.79814820109e-7,8.96455503607e-7,5.34914420314e-7,4.45272320349e-7,4.27140889769e-7,4.27734249797e-7,2.07561598131e-7,1.1296489788e-7,8.36619378219e-8],"dmean2":[0.000965320621617,0.001643029158,0.00123842351604,0.000715014641173,0.000411516288295,0.000214376661461,0.000195064174477,0.000381752761314,0.000262196350377,0.000343114515999,0.000267872936092,0.000179453229066,0.000147198690684,0.000141285796417,0.000141629585414,0.000102180820249,0.0000773912615841,0.0000449886829301,0.0000308180387947,0.0000157005833898,0.0000149745519593,0.0000156744008564,0.000010689802366,0.00000681640767652,0.00000497833207191,0.00000483258963868,0.00000341951022165,0.00000234382241615,0.00000180427969099,0.00000219127059609,0.00000272019156,0.00000140317627029,0.00000143338206726,8.25906568025e-7,7.0914461503e-7,6.74055115724e-7,6.72741123253e-7,3.14842338867e-7,1.72499596829e-7,1.30159165224e-7],"dvar":[0.00000109336440346,0.00000182899100309,0.00000119662422549,3.48793463445e-7,1.64854554896e-7,5.59039818882e-8,8.12579799003e-8,2.18026542598e-7,1.45020905506e-7,1.73653376123e-7,1.05065673495e-7,9.86405126469e-8,4.51462973672e-8,7.35558813858e-8,3.26280549245e-8,2.08742374497e-8,3.06849727849e-8,6.23454265991e-9,5.26705257187e-9,1.72969139012e-9,1.11709630435e-9,9.13202513608e-10,1.82016263173e-10,6.30343208186e-11,2.34012548922e-11,3.28526754412e-11,1.72130903281e-11,7.83279691108e-12,5.49322263024e-12,7.56323562806e-12,1.49703652252e-11,3.02284564567e-12,3.37741922103e-12,2.05793737086e-12,2.68830465701e-12,1.22497073249e-11,1.44873470859e-11,1.75004206005e-12,3.34197404993e-13,6.61520602294e-14],"dvar2":[0.00000282646874439,0.00000531561681782,0.00000326618487634,8.64666560574e-7,3.73206660242e-7,1.35368708243e-7,1.88846513538e-7,5.04016782088e-7,3.45880977193e-7,4.21139873197e-7,2.42286716912e-7,2.40732077827e-7,1.12014070908e-7,1.91227840673e-7,8.35814475408e-8,5.24068290986e-8,8.20756866915e-8,1.3784346109e-8,9.12031072886e-9,4.55231008445e-9,3.31214233817e-9,2.66907029811e-9,4.21452039934e-10,1.5752957272e-10,6.24159612883e-11,8.36593502807e-11,4.2378742876e-11,1.84140393905e-11,1.39301599769e-11,1.91938010624e-11,4.04697456102e-11,7.69338238948e-12,8.2902478285e-12,4.32978652931e-12,4.7795352745e-12,2.16017724541e-11,3.35738208068e-11,3.89118251509e-12,7.1687599433e-13,1.4303216543e-13],"max":[0.0152518162504,0.0140376705676,0.0151357026771,0.00762315187603,0.00519997440279,0.00480037555099,0.00479377899319,0.00611491501331,0.00639927061275,0.00580758741125,0.00480644917116,0.0080389585346,0.00372176105157,0.00698187528178,0.00343351834454,0.00238996511325,0.00576407043263,0.0027685710229,0.00391316832975,0.0015214078594,0.00125072046649,0.00111875787843,0.000237249478232,0.000159739283845,0.0000768444369896,0.000127726612845,0.0000816545943962,0.0000531624609721,0.000062052247813,0.0000519667701155,0.0000797528919065,0.0000383355691156,0.0000382482758141,0.0000472281935799,0.00007822898624,0.000165533725522,0.00018034617824,0.0000521378133271,0.000023634520403,0.00000764604828873],"mean":[0.0007986415294,0.00141561415512,0.00168287474662,0.0012417192338,0.000702819786966,0.000269504496828,0.000230139790801,0.000388675834984,0.000263752473984,0.000364213949069,0.000293482735287,0.000189886341104,0.000139119263622,0.000147036334965,0.000164237455465,0.000105948682176,0.0000738484814065,0.0000463363830931,0.0000370744710381,0.0000174674405571,0.0000166825284396,0.0000181155573955,0.0000133497524075,0.00000909031496121,0.00000647603746984,0.00000619329875917,0.00000473655609312,0.00000321800098391,0.00000257811598203,0.00000330757529809,0.00000387516502087,0.00000223539063882,0.00000215219120037,0.0000012379398413,0.00000101926684692,8.8437911927e-7,7.74620389166e-7,3.95815817456e-7,2.1704562414e-7,1.53616099396e-7],"median":[0.000432531523984,0.000956796866376,0.00125198601745,0.00105714634992,0.000409843138186,0.000152685432113,0.000104744547571,0.000123628153233,0.0000977175368462,0.000149391969899,0.000134670510306,0.0000573463294131,0.0000467651552754,0.0000466954006697,0.000043773863581,0.0000283310946543,0.000018280257791,0.0000205654941965,0.0000170209368662,0.00000888355862116,0.00000800491397968,0.00000838956020743,0.00000641833912596,0.00000424890049544,0.0000031736276469,0.00000276041919278,0.00000185812371001,0.00000124461587347,9.17728357308e-7,8.21375977011e-7,8.25454208098e-7,7.06632022229e-7,6.48509853818e-7,3.364126826e-7,2.59318113649e-7,1.80466727784e-7,1.71059653553e-7,1.01342131131e-7,5.57355299691e-8,3.85123080093e-8],"min":[5.32524491084e-13,1.8892359465e-12,5.65256305304e-12,5.4135715008e-12,2.59686174474e-12,1.83984533338e-12,4.39857785611e-13,6.23729312556e-14,2.94891227322e-13,6.2596694321e-13,9.74738519066e-13,1.07474142433e-12,7.45390945148e-13,2.64298213306e-13,2.95651930672e-13,1.02638356798e-13,3.04882394287e-14,5.5879652915e-15,1.17509355111e-14,1.28375830677e-14,1.47821716619e-14,1.78576263206e-14,1.80257538903e-14,1.59862730421e-14,9.51991425551e-15,5.20309977829e-15,5.35911265926e-15,4.30586869396e-15,2.44324154888e-15,2.38612929362e-15,1.90751798546e-15,2.90292929397e-15,1.81550945508e-15,2.16491245165e-15,2.33266690333e-15,1.01367990336e-15,6.02601473292e-16,7.11513922562e-16,9.04819546619e-16,1.32732011011e-15],"var":[0.00000121972539091,0.00000231257718042,0.00000305113417198,0.00000116457943022,6.49980677281e-7,1.22954020298e-7,1.46211945662e-7,4.18526298063e-7,2.54551594026e-7,3.62175313739e-7,2.16623945448e-7,2.23758391371e-7,8.3170760945e-8,1.17862008153e-7,7.29277118694e-8,4.32964206709e-8,4.91942131475e-8,1.03925028583e-8,1.04814263935e-8,1.82131032478e-9,1.61008950617e-9,1.47858825184e-9,4.16069984022e-10,1.75915060296e-10,6.54734530481e-11,8.11478176321e-11,5.23803361796e-11,2.45715080227e-11,1.68319785193e-11,3.4757193651e-11,5.54292479971e-11,1.38297333654e-11,1.32082296489e-11,5.50418608261e-12,6.07041587136e-12,1.77720338446e-11,1.6123597249e-11,2.50604940445e-12,4.94890586844e-13,1.18727171649e-13]},"melbands_crest":{"dmean":2.68326950073,"dmean2":4.37064647675,"dvar":6.74770689011,"dvar2":18.1687507629,"max":31.5656661987,"mean":12.4686317444,"median":11.6339921951,"min":2.92044138908,"var":22.809879303},"melbands_flatness_db":{"dmean":0.0208034068346,"dmean2":0.0312539488077,"dvar":0.000470075377962,"dvar2":0.00104253017344,"max":0.531522393227,"mean":0.228114962578,"median":0.218081638217,"min":0.0283891353756,"var":0.00539858452976},"melbands_kurtosis":{"dmean":4.62952899933,"dmean2":7.35344648361,"dvar":53.9299850464,"dvar2":133.271514893,"max":112.962493896,"mean":9.43164634705,"median":5.7259311676,"min":-1.76675307751,"var":148.646636963},"melbands_skewness":{"dmean":0.581246554852,"dmean2":0.886870980263,"dvar":0.380939692259,"dvar2":0.860607028008,"max":8.70295143127,"mean":2.27084708214,"median":2.12685871124,"min":-1.10023796558,"var":1.93012011051},"melbands_spread":{"dmean":4.36438798904,"dmean2":6.74218416214,"dvar":49.0463104248,"dvar2":103.195091248,"max":224.515762329,"mean":18.6011486053,"median":17.1610507965,"min":0.94823372364,"var":187.563034058},"mfcc":{"cov":[[8765.54882812,-1152.30078125,-129.284622192,72.8909759521,-458.624145508,262.948883057,-78.7815246582,63.7631187439,-137.446014404,106.40057373,241.848953247,201.862670898,-128.78817749],[-1152.30078125,1917.43066406,-516.765991211,-71.0781707764,370.956542969,-35.9471168518,83.4382095337,9.44157505035,104.726303101,5.95249605179,-17.2861289978,-66.335899353,39.0444488525],[-129.284622192,-516.765991211,490.1668396,64.4722442627,-27.3382892609,4.26719617844,-29.3087596893,21.9165229797,-35.680809021,-16.9581222534,-18.0375003815,11.9381570816,10.9005661011],[72.8909759521,-71.0781707764,64.4722442627,263.226226807,59.1949386597,47.1658248901,-21.4973125458,-25.1168327332,52.6023979187,31.8048305511,-25.720369339,-10.4035425186,18.261554718],[-458.624145508,370.956542969,-27.3382892609,59.1949386597,347.53515625,5.69058275223,-10.270775795,-4.77462625504,93.3612823486,58.0218048096,-15.1627969742,-32.8963050842,46.6585235596],[262.948883057,-35.9471168518,4.26719617844,47.1658248901,5.69058275223,128.293136597,50.1019515991,22.9733333588,20.9766921997,35.4597969055,19.8756904602,8.53666591644,-9.58302402496],[-78.7815246582,83.4382095337,-29.3087596893,-21.4973125458,-10.270775795,50.1019515991,139.078613281,50.1909332275,15.2110805511,10.3979930878,8.13079929352,6.0729341507,-5.4914264679],[63.7631187439,9.44157505035,21.9165229797,-25.1168327332,-4.77462625504,22.9733333588,50.1909332275,97.2330169678,9.61351966858,13.1089811325,22.1484737396,16.787946701,0.0735250636935],[-137.446014404,104.726303101,-35.680809021,52.6023979187,93.3612823486,20.9766921997,15.2110805511,9.61351966858,105.062797546,42.3064727783,-9.03793811798,-10.4916009903,21.0342903137],[106.40057373,5.95249605179,-16.9581222534,31.8048305511,58.0218048096,35.4597969055,10.3979930878,13.1089811325,42.3064727783,94.9303207397,26.5618038177,5.13315153122,3.96004056931],[241.848953247,-17.2861289978,-18.0375003815,-25.720369339,-15.1627969742,19.8756904602,8.13079929352,22.1484737396,-9.03793811798,26.5618038177,88.5844345093,29.7719917297,1.4191930294],[201.862670898,-66.335899353,11.9381570816,-10.4035425186,-32.8963050842,8.53666591644,6.0729341507,16.787946701,-10.4916009903,5.13315153122,29.7719917297,65.0347595215,9.25689411163],[-128.78817749,39.0444488525,10.9005661011,18.261554718,46.6585235596,-9.58302402496,-5.4914264679,0.0735250636935,21.0342903137,3.96004056931,1.4191930294,9.25689411163,65.7657699585]],"icov":[[0.000163190430612,0.0000925839922274,0.000183417680091,-0.0000849100397318,0.0000667494896334,-0.000299730192637,0.000247846764978,-0.000146003527334,0.000148901977809,-0.000067557040893,-0.000196029432118,-0.000279302679701,0.0001875977905],[0.0000925839922274,0.00114743818995,0.00118561787531,0.0000176874546014,-0.00120157434139,0.000158673501574,-0.000458680355223,-0.000423313729698,0.000225368276006,0.000744948512875,-0.000157497095643,0.000242969370447,-0.0000113100541057],[0.000183417680091,0.00118561787531,0.00368290673941,-0.000830179429613,-0.00111222895794,-0.000242111345869,0.000431945896707,-0.00185612530913,0.00168627302628,0.000761039205827,0.000558194355108,-0.000233675353229,-0.000496980035678],[-0.0000849100397318,0.0000176874546014,-0.000830179429613,0.00545624643564,-0.0000867545968504,-0.00223274948075,0.000993561930954,0.00159123458434,-0.00225447700359,-0.000732401153073,0.00159954896662,0.000160776573466,-0.0010288390331],[0.0000667494896334,-0.00120157434139,-0.00111222895794,-0.0000867545968504,0.00584850646555,-0.00035514269257,0.00128019961994,0.00031363175367,-0.00269613834098,-0.00265439250506,0.000256219587754,0.00153830472846,-0.00224189716391],[-0.000299730192637,0.000158673501574,-0.000242111345869,-0.00223274948075,-0.00035514269257,0.0122332992032,-0.00464400695637,-0.000125304810354,-0.000642109836917,-0.00212977547199,-0.00165446649771,-0.00000208219375963,0.00199545477517],[0.000247846764978,-0.000458680355223,0.000431945896707,0.000993561930954,0.00128019961994,-0.00464400695637,0.0114023219794,-0.00475968094543,-0.00097609317163,0.0000158266739163,0.00103917950764,-0.000388849555748,0.000126187616843],[-0.000146003527334,-0.000423313729698,-0.00185612530913,0.00159123458434,0.00031363175367,-0.000125304810354,-0.00475968094543,0.0149064725265,-0.00232126237825,-0.000610275194049,-0.00220502540469,-0.00196846178733,0.000280162610579],[0.000148901977809,0.000225368276006,0.00168627302628,-0.00225447700359,-0.00269613834098,-0.000642109836917,-0.00097609317163,-0.00232126237825,0.0170490797609,-0.00508127734065,0.00270158238709,0.000861763604917,-0.00308189494535],[-0.000067557040893,0.000744948512875,0.000761039205827,-0.000732401153073,-0.00265439250506,-0.00212977547199,0.0000158266739163,-0.000610275194049,-0.00508127734065,0.0170839354396,-0.00513176945969,-0.000272763019893,0.0018231428694],[-0.000196029432118,-0.000157497095643,0.000558194355108,0.00159954896662,0.000256219587754,-0.00165446649771,0.00103917950764,-0.00220502540469,0.00270158238709,-0.00513176945969,0.0168459266424,-0.00526022259146,-0.0013388551306],[-0.000279302679701,0.000242969370447,-0.000233675353229,0.000160776573466,0.00153830472846,-0.00000208219375963,-0.000388849555748,-0.00196846178733,0.000861763604917,-0.000272763019893,-0.00526022259146,0.0211546979845,-0.00494238687679],[0.0001875977905,-0.0000113100541057,-0.000496980035678,-0.0010288390331,-0.00224189716391,0.00199545477517,0.000126187616843,0.000280162610579,-0.00308189494535,0.0018231428694,-0.0013388551306,-0.00494238687679,0.0194396413863]],"mean":[-658.199401855,156.275665283,-9.22249984741,17.0490207672,-1.90231966972,10.4569692612,-0.334046036005,7.34056282043,-1.60058093071,-1.23663842678,-2.39405608177,-3.66828846931,-7.7816734314]},"pitch_salience":{"dmean":0.061556968838,"dmean2":0.099516838789,"dvar":0.00303306197748,"dvar2":0.00808115210384,"max":0.910036563873,"mean":0.611016631126,"median":0.620748460293,"min":0.190594002604,"var":0.0107352677733},"silence_rate_20dB":{"dmean":0,"dmean2":0,"dvar":0,"dvar2":0,"max":1,"mean":1,"median":1,"min":1,"var":0},"silence_rate_30dB":{"dmean":0,"dmean2":0,"dvar":0,"dvar2":0,"max":1,"mean":1,"median":1,"min":1,"var":0},"silence_rate_60dB":{"dmean":0.0253360904753,"dmean2":0.0506852865219,"dvar":0.024693518877,"dvar2":0.0563893318176,"max":1,"mean":0.0777978822589,"median":0,"min":0,"var":0.071747481823},"spectral_centroid":{"dmean":147.65423584,"dmean2":223.075241089,"dvar":34373.6914062,"dvar2":70841.6015625,"max":4508.15673828,"mean":951.96496582,"median":896.396972656,"min":168.558349609,"var":239632.734375},"spectral_complexity":{"dmean":2.82419848442,"dmean2":4.22808361053,"dvar":7.84369754791,"dvar2":14.5397052765,"max":46,"mean":19.8250198364,"median":20,"min":0,"var":84.8120269775},"spectral_contrast_coeffs":{"dmean":[0.0463827699423,0.0432097427547,0.0372552536428,0.0297318696976,0.0209268592298,0.017211407423],"dmean2":[0.0756440758705,0.0690703839064,0.0596112832427,0.0475295968354,0.0329838506877,0.0263560079038],"dvar":[0.00149257201701,0.00133281969465,0.000953388516791,0.000624736188911,0.000310274102958,0.000247402203968],"dvar2":[0.00382060511038,0.00332924071699,0.00230706157163,0.00146923202556,0.000723301200196,0.000549657852389],"max":[-0.346542567015,-0.432744652033,-0.463512212038,-0.499638676643,-0.570243179798,-0.64667314291],"mean":[-0.599262714386,-0.734722435474,-0.753484725952,-0.777880251408,-0.790602147579,-0.74679762125],"median":[-0.599689126015,-0.73896831274,-0.761231005192,-0.788679361343,-0.794162988663,-0.738495349884],"min":[-0.955288767815,-0.935581088066,-0.954337418079,-0.904421985149,-0.954471826553,-0.935081779957],"var":[0.00597849721089,0.00428056670353,0.00403722887859,0.00315943500027,0.0016017324524,0.00237477617338]},"spectral_contrast_valleys":{"dmean":[0.413369238377,0.304506510496,0.274125248194,0.240555331111,0.22549161315,0.273465663195],"dmean2":[0.670641899109,0.482163637877,0.433439224958,0.369426190853,0.325672209263,0.380304545164],"dvar":[0.139981597662,0.0710911005735,0.0538116805255,0.049227617681,0.0690960809588,0.131450235844],"dvar2":[0.316035568714,0.155925095081,0.117995426059,0.0940300375223,0.117191955447,0.261993855238],"max":[-5.36232852936,-5.05638074875,-5.06966543198,-6.14997005463,-6.26392889023,-7.78412866592],"mean":[-7.16387796402,-6.68833780289,-6.95839834213,-7.53720808029,-7.91932201385,-10.8984966278],"median":[-6.92782974243,-6.51619625092,-6.79105186462,-7.29679012299,-7.6679444313,-10.6191892624],"min":[-15.1779928207,-15.8872108459,-15.655828476,-18.2472858429,-18.1729450226,-19.9240684509],"var":[1.25059711933,0.776002883911,0.852600634098,1.0896178484,1.3254224062,1.65880143642]},"spectral_decrease":{"dmean":1.90055771121e-9,"dmean2":2.89195378755e-9,"dvar":4.85860786882e-18,"dvar2":1.04181603169e-17,"max":-1.58724362477e-17,"mean":-7.56823315129e-9,"median":-7.31269711451e-9,"min":-2.35497132905e-8,"var":2.30116120846e-17},"spectral_energy":{"dmean":0.00748890684918,"dmean2":0.0113213276491,"dvar":0.0000750518083805,"dvar2":0.000158535069204,"max":0.0914256498218,"mean":0.030295746401,"median":0.0292720999569,"min":9.81329253968e-11,"var":0.00037322708522},"spectral_energyband_high":{"dmean":0.000123513789731,"dmean2":0.000184477074072,"dvar":1.41866379977e-7,"dvar2":2.64975625441e-7,"max":0.0153405554593,"mean":0.000433659297414,"median":0.000142697797855,"min":6.05411077173e-12,"var":5.54699852273e-7},"spectral_energyband_low":{"dmean":0.00418382836506,"dmean2":0.00705407932401,"dvar":0.0000353829746018,"dvar2":0.0000935136486078,"max":0.06708560884,"mean":0.00765556097031,"median":0.00527157774195,"min":1.35962231057e-11,"var":0.0000625604734523},"spectral_energyband_middle_high":{"dmean":0.00244476250373,"dmean2":0.00341760879382,"dvar":0.0000171774481714,"dvar2":0.0000372195099771,"max":0.0655274540186,"mean":0.00714303832501,"median":0.00393082434312,"min":1.81058067844e-11,"var":0.0000760642142268},"spectral_energyband_middle_low":{"dmean":0.00480610923842,"dmean2":0.00726998131722,"dvar":0.0000289872423309,"dvar2":0.0000662226666464,"max":0.0614604353905,"mean":0.0170091781765,"median":0.0158871486783,"min":5.28624678753e-11,"var":0.000135652968311},"spectral_entropy":{"dmean":0.125931233168,"dmean2":0.184000864625,"dvar":0.0184376128018,"dvar2":0.0358766652644,"max":8.59984302521,"mean":7.33708667755,"median":7.40009307861,"min":5.48837137222,"var":0.205596774817},"spectral_flux":{"dmean":0.0200900547206,"dmean2":0.0306638479233,"dvar":0.000466452795081,"dvar2":0.000939709832892,"max":0.225974366069,"mean":0.0807806178927,"median":0.0805827006698,"min":0.000135000926093,"var":0.0018588808598},"spectral_kurtosis":{"dmean":2.85955405235,"dmean2":4.82857370377,"dvar":15.5936336517,"dvar2":44.1338653564,"max":62.4184188843,"mean":7.39855861664,"median":5.30835819244,"min":-0.995948791504,"var":50.1408081055},"spectral_rms":{"dmean":0.00067470758222,"dmean2":0.000998776056804,"dvar":5.65676998576e-7,"dvar2":0.00000106864729332,"max":0.00944435037673,"mean":0.00505045242608,"median":0.00534398248419,"min":3.09417885092e-7,"var":0.0000040497811824},"spectral_rolloff":{"dmean":251.675247192,"dmean2":417.607696533,"dvar":306030.25,"dvar2":596337,"max":18906.1523438,"mean":1045.95739746,"median":968.994140625,"min":86.1328125,"var":722742.75},"spectral_skewness":{"dmean":0.277738153934,"dmean2":0.448369801044,"dvar":0.0915084332228,"dvar2":0.241006344557,"max":5.61309623718,"mean":1.87048995495,"median":1.77468967438,"min":-0.0270455256104,"var":0.592036306858},"spectral_spread":{"dmean":352751.84375,"dmean2":530619.75,"dvar":234766778368,"dvar2":433720524800,"max":12782341,"mean":3413328.5,"median":3377179.75,"min":974281.875,"var":1269702721540},"spectral_strongpeak":{"dmean":0.528160691261,"dmean2":0.905867159367,"dvar":0.923705399036,"dvar2":2.45187115669,"max":13.9586114883,"mean":0.889923810959,"median":0.581048429012,"min":0.00000471253542855,"var":1.26330411434},"zerocrossingrate":{"dmean":0.0057698735036,"dmean2":0.00694591738284,"dvar":0.0000578177023272,"dvar2":0.0000646401531412,"max":0.31689453125,"mean":0.0421803556383,"median":0.0380859375,"min":0.0029296875,"var":0.000616370758507}},"metadata":{"audio_properties":{"analysis_sample_rate":44100,"bit_rate":0,"codec":"flac","downmix":"mix","equal_loudness":0,"length":89.8000030518,"lossless":true,"md5_encoded":"a7dc089df8e04a32e728282f69d7d9fa","replay_gain":-12.6125392914},"tags":{"album":["Tommy"],"albumartist":["The Who"],"albumartistsort":["Who, The"],"artist":["The Who"],"artistsort":["Who, The"],"asin":["B000002OZY"],"barcode":["008811141721"],"catalognumber":["MCAD-11417"],"date":["1996-03-12"],"file_name":"12 Fiddle About.flac","format":["CD"],"genre":["Rock"],"isrc":["GBAKW6900115"],"label":["MCA Records"],"language":["eng"],"musicbrainz_albumartistid":["9fdaa16b-a6c4-4831-b87c-bc9ca8ce7eaa"],"musicbrainz_albumid":["cc6adf85-1f08-49fe-b074-22621cffc37a"],"musicbrainz_artistid":["9fdaa16b-a6c4-4831-b87c-bc9ca8ce7eaa"],"musicbrainz_recordingid":["e2e0d911-d1b8-47ee-8c4a-0c3086c00b12"],"producer":["Jon Astley"],"releasecountry":["US"],"releasestatus":["official"],"releasetype":["album"],"replaygain_album_gain":["-6.53 dB"],"replaygain_album_peak":["0.98202515"],"replaygain_reference_loudness":["89.0 dB"],"replaygain_track_gain":["-7.03 dB"],"replaygain_track_peak":["0.97729492"],"script":["Latn"],"title":["Fiddle About"],"totaltracks":["24"],"tracknumber":["12"],"tracktotal":["24"]},"version":{"essentia":"2.1-beta1","essentia_build_sha":"eef087cf131c10083d474ad51def18efd0e38295","essentia_git_sha":"v2.1_beta1-7-ge0e83e8-dirty","extractor":"music 1.0"}},"rhythm":{"beats_count":173,"beats_loudness":{"dmean":0.0162666421384,"dmean2":0.0291573368013,"dvar":0.000129885898787,"dvar2":0.000382339610951,"max":0.0832964777946,"mean":0.045715585351,"median":0.0477869138122,"min":0.00000270743839792,"var":0.000283634028165},"beats_loudness_band_ratio":{"dmean":[0.194698110223,0.128155380487,0.112728431821,0.139553964138,0.0681451037526,0.0148685602471],"dmean2":[0.333854287863,0.221210792661,0.194742277265,0.242358699441,0.120195381343,0.0249590314925],"dvar":[0.0265406779945,0.0094745522365,0.00790938176215,0.0