{"lowlevel":{"average_loudness":0.84462594986,"barkbands":{"dmean":[0.00117057596799,0.00956970825791,0.00352386990562,0.00160145526752,0.00336726335809,0.00100881641265,0.00082750589354,0.00046095813741,0.000820815912448,0.000707307597622,0.000703333760612,0.000715163885616,0.000575422192924,0.000424820871558,0.000304209796013,0.000217897104449,0.000180914561497,0.000183991025551,0.0000832603836898,0.0000574643818254,0.000058119156165,0.000045385408157,0.0000237734311668,0.00000511970256412,0.0000021428340915,0.0000426380538556,0.000456555193523],"dmean2":[0.00198522675782,0.0159360524267,0.00597371999174,0.00260891159996,0.00563120376319,0.00160481838975,0.0012858454138,0.000753435480874,0.00132426607888,0.00117758125998,0.00115570682101,0.00118194136303,0.000951997411903,0.000704884238075,0.000507132150233,0.00035832656431,0.000295234640362,0.000301593274344,0.000131110587972,0.0000885294939508,0.0000878349019331,0.0000662344609736,0.0000341497834597,0.00000812718462839,0.00000354672692993,0.0000599988197791,0.000694389571436],"dvar":[0.000009032415619,0.000696077535395,0.0000515368046763,0.00000917529268918,0.0000820196510176,0.00000340856081493,0.00000172978968749,0.00000104304569959,0.00000239046153183,0.000001806906198,0.00000208552160075,0.00000185356998372,8.53280994306e-7,5.00374085277e-7,2.18054694301e-7,1.27501721181e-7,7.04915876781e-8,8.37327363001e-8,2.56438692503e-8,2.85625620933e-8,1.98437639654e-8,8.38108693557e-9,2.84332379863e-9,9.90659637656e-11,1.45403758478e-11,1.07620872214e-8,3.1438383985e-7],"dvar2":[0.0000235700808844,0.00179285940249,0.000138323492138,0.0000218737586692,0.000223141178139,0.00000862948036229,0.00000395191591451,0.00000242552209784,0.000006308769116,0.00000467370000479,0.00000513871009389,0.00000477821504319,0.00000220053811972,0.00000135491779929,5.75880108045e-7,3.38184861448e-7,1.85912966799e-7,2.1533658412e-7,5.6940013593e-8,5.40007505379e-8,4.28427355814e-8,1.76552283904e-8,5.67674174334e-9,2.31747912527e-10,3.57863391698e-11,2.10093613617e-8,7.20661432752e-7],"max":[0.0413084775209,0.308254390955,0.0975566953421,0.111722514033,0.163660883904,0.0667878240347,0.0377936065197,0.0474214591086,0.0405077859759,0.0330135598779,0.0509360469878,0.0374454185367,0.0328664854169,0.0151790585369,0.0106470752507,0.00943672284484,0.00449918583035,0.00818364415318,0.004990065936,0.00998328067362,0.00913008488715,0.00196565501392,0.00120967882685,0.00029140317929,0.0000619776619715,0.00245816842653,0.0156492311507],"mean":[0.00122716161422,0.00999244488776,0.00403463700786,0.00233473442495,0.00485085183755,0.00180260371417,0.00147169164848,0.000720399373677,0.00141595129389,0.00110586336814,0.00114323291928,0.0012175173033,0.00100411858875,0.000771384278778,0.000581606524065,0.000437923124991,0.000397447875002,0.000417577190092,0.000190288687008,0.00013621445396,0.000149767685798,0.0000991819251794,0.0000491789505759,0.00000777425611886,0.00000226732481678,0.0000882368985913,0.00176253670361],"median":[0.000388007494621,0.00325673539191,0.00163750513457,0.00107860134449,0.00231141364202,0.00100982096046,0.000814350089058,0.000402877660235,0.000754448527005,0.000607848109212,0.000613957061432,0.00075445137918,0.000626693363301,0.000457581190858,0.000365172571037,0.00026424988755,0.000244381692028,0.00025165930856,0.000121102362755,0.0000823168229545,0.0000800645939307,0.0000462626994704,0.0000184144573723,0.00000349368770003,9.32914701934e-7,0.0000237779913732,0.00137979362626],"min":[1.72071135442e-25,3.00389791896e-24,6.88874363206e-25,8.32703723573e-25,5.34512191197e-24,7.81448610383e-24,1.02601324037e-23,4.60263774494e-24,7.538623023e-24,2.02591313374e-23,1.65215998764e-23,3.02520079217e-23,2.74827148693e-23,4.56758699831e-23,3.29727891838e-23,6.12333398383e-23,5.27998203826e-23,8.61265840764e-23,1.02126406106e-22,1.62143139413e-22,2.40451771131e-22,2.89720186252e-22,3.7329594757e-22,5.60367508107e-22,8.13463570967e-22,1.34376530543e-21,1.85067828594e-21],"var":[0.00000776648175815,0.000595736084506,0.0000530511497345,0.0000149847619468,0.0000851650111144,0.00000685878831064,0.00000424817335443,0.00000164967457295,0.00000533366664968,0.00000295874133371,0.00000405531045544,0.00000358639590559,0.00000171352382949,0.00000104302114323,4.764862922e-7,2.89788715691e-7,2.13091936985e-7,2.52614341889e-7,6.3209611767e-8,5.86219037757e-8,5.23296002086e-8,2.23037233127e-8,7.52114370783e-9,1.70073857775e-10,1.56299556631e-11,2.9700702342e-8,0.00000237600625042]},"barkbands_crest":{"dmean":2.71807718277,"dmean2":4.39434862137,"dvar":8.22197532654,"dvar2":20.0989189148,"max":25.4951305389,"mean":8.11581897736,"median":6.97808408737,"min":2.49796819687,"var":15.5439805984},"barkbands_flatness_db":{"dmean":0.0199523940682,"dmean2":0.0314236953855,"dvar":0.000444887817139,"dvar2":0.00108164409176,"max":0.419987678528,"mean":0.106876760721,"median":0.10013577342,"min":0.0309772435576,"var":0.00146049202885},"barkbands_kurtosis":{"dmean":3.12953090668,"dmean2":5.11895084381,"dvar":63.7078475952,"dvar2":173.511398315,"max":427.455383301,"mean":4.23749876022,"median":2.06775426865,"min":-1.83757972717,"var":84.4734191895},"barkbands_skewness":{"dmean":0.525829553604,"dmean2":0.82096773386,"dvar":0.459215611219,"dvar2":1.08508634567,"max":15.5010023117,"mean":1.67289066315,"median":1.47708702087,"min":-2.2101483345,"var":1.22008574009},"barkbands_spread":{"dmean":8.35538864136,"dmean2":13.0430278778,"dvar":63.0743865967,"dvar2":141.880096436,"max":119.715232849,"mean":39.8313751221,"median":37.1094093323,"min":0.512752115726,"var":333.104431152},"dissonance":{"dmean":0.0163326822221,"dmean2":0.0278731752187,"dvar":0.000241930116317,"dvar2":0.000671747373417,"max":0.500000119209,"mean":0.471994906664,"median":0.476947009563,"min":0.306342124939,"var":0.000427501625381},"dynamic_complexity":3.15496063232,"erbbands":{"dmean":[0.265152096748,2.21458053589,3.97385001183,4.97319173813,7.57283067703,14.2000980377,8.47836399078,9.18658256531,10.0836639404,11.5579538345,11.3930501938,18.9858283997,17.2585659027,26.6799297333,28.0647468567,29.0097198486,22.4173526764,24.4669570923,16.6773777008,12.0584449768,10.3760251999,9.19429683685,11.0630092621,5.3505730629,3.34352421761,2.60418558121,2.74524497986,2.03618812561,1.71784448624,1.18974900246,0.6289473176,0.200735062361,0.0391968525946,0.0239263493568,0.015412164852,0.0119369858876,0.0844101160765,0.0986836850643,0.0271936487406,0.0115604698658],"dmean2":[0.443966060877,3.70535540581,6.61576414108,8.13299369812,12.4661283493,24.218706131,14.0259237289,14.4939556122,15.9673061371,17.9755306244,18.4859027863,30.7044429779,28.2453651428,44.5408439636,46.0912017822,47.7425880432,36.9048805237,40.514125824,27.4460220337,19.8088722229,16.9956703186,14.9162158966,18.1946582794,8.41953372955,5.20908117294,3.99058127403,4.2079167366,3.07963275909,2.53609848022,1.72269546986,0.899743497372,0.300269693136,0.0639594197273,0.0396864265203,0.0254075359553,0.0188293140382,0.118529498577,0.135119438171,0.0375373587012,0.0174032170326],"dvar":[0.576157391071,35.9143714905,63.8024787903,90.9728927612,323.931488037,1629.12927246,231.700164795,350.680358887,264.24105835,385.630249023,704.570861816,1393.453125,1484.03015137,2782.74291992,3965.57421875,2627.99414062,1319.60449219,1503.07458496,597.111877441,367.054504395,272.284484863,184.492721558,318.234100342,79.4874649048,70.0451660156,63.8585891724,49.8290252686,20.5004081726,11.385802269,8.06327056885,1.89777600765,0.16910520196,0.00511709181592,0.00185520399828,0.000734170957003,0.00037394525134,0.0410640314221,0.0639222189784,0.00185035110917,0.000176483255927],"dvar2":[1.525344491,92.636138916,163.302505493,222.662200928,819.906860352,4573.91357422,611.944519043,876.395263672,636.666320801,874.087219238,1649.81152344,3660.52783203,3783.47827148,7381.60742188,9560.26269531,6538.71435547,3384.17358398,4046.22583008,1597.10534668,964.802978516,716.953857422,481.200958252,830.650756836,181.299057007,145.864349365,114.805923462,109.861862183,47.0901184082,25.0149803162,16.8388366699,3.79388666153,0.362103611231,0.0122988866642,0.00458688475192,0.00180146982893,0.000849442731123,0.0803219899535,0.1227799505,0.00359852868132,0.000393462716602],"max":[10.3860359192,66.1399612427,92.9777832031,294.602386475,299.919952393,757.67364502,261.954620361,719.414916992,375.564056396,568.621887207,1155.75341797,1074.23474121,1216.92895508,1414.72644043,2536.33374023,1722.53076172,1507.88146973,891.01739502,664.579589844,490.286773682,411.846221924,272.616088867,466.623931885,282.543823242,389.835540771,506.22052002,326.00289917,315.374816895,85.0847244263,65.0189208984,37.0222587585,12.4080219269,1.32109069824,0.698463439941,0.437899649143,0.408370673656,5.12831878662,5.80453252792,1.48259723186,0.403400957584],"mean":[0.271374732256,2.27727413177,4.75451660156,7.19831800461,11.0999670029,18.4591693878,13.5138912201,16.2078857422,18.0604152679,20.4232711792,19.3457832336,32.3854751587,30.4829120636,43.8815040588,49.256362915,51.3506660461,43.2190132141,47.4560241699,34.611415863,26.2450695038,23.7602787018,22.3565864563,24.7969856262,13.3287191391,7.79151821136,6.34295558929,6.61783409119,5.23276090622,3.84480643272,2.2984931469,1.2911221981,0.383046329021,0.048350956291,0.0255119875073,0.0168554764241,0.0182177945971,0.17644174397,0.231595993042,0.106604643166,0.0512614808977],"median":[0.0900785550475,0.677296757698,1.93175148964,3.57985925674,5.31330633163,7.54284906387,7.51319360733,8.3742685318,10.2161016464,10.9337005615,11.2258014679,17.1539039612,16.3442211151,24.6513252258,28.5657997131,32.1525878906,29.2422962189,29.8582744598,23.1436634064,17.2132148743,14.962852478,14.1192359924,14.9482812881,8.34989833832,5.10594081879,3.91303777695,3.52652668953,2.77776551247,1.87416493893,0.865976274014,0.487274050713,0.156551510096,0.0234910026193,0.0105001144111,0.00737989367917,0.00968173425645,0.0486041419208,0.0705987215042,0.063249334693,0.0448252111673],"min":[9.06064872918e-23,5.35700723747e-22,1.7703506878e-21,4.18014147356e-21,1.27896549894e-20,2.35251846421e-20,2.82704904029e-20,7.09323078771e-20,1.13850981087e-19,2.36152697807e-19,2.53158212882e-19,1.7797285895e-19,4.34972821713e-19,8.83009306841e-19,5.96710619705e-19,1.44281288537e-18,1.48535095857e-18,2.37090436278e-18,1.85092146573e-18,2.70605623349e-18,3.2174693326e-18,3.54542307763e-18,3.62255477461e-18,4.10669117943e-18,5.82788611649e-18,8.82876420276e-18,8.48200512689e-18,8.18437396196e-18,1.09848989777e-17,9.25660269508e-18,1.24980381384e-17,1.03393531656e-17,1.07879282487e-17,7.86662080146e-18,5.94142823609e-18,4.10304951679e-18,2.17857618496e-18,9.60547046113e-19,2.39636963492e-19,2.68870986831e-20],"var":[0.45596113801,31.0195446014,67.7197570801,130.80368042,411.762268066,1486.75817871,356.737121582,710.491821289,587.947692871,942.83026123,1104.84020996,2753.08569336,2975.41430664,4692.15234375,7618.51513672,5584.03173828,2717.89550781,3371.76831055,1470.62023926,895.658325195,746.97668457,642.360961914,914.851257324,260.29876709,137.427017212,132.340927124,112.52142334,57.4961433411,30.8028736115,17.7788600922,5.06999349594,0.403352379799,0.00620483001694,0.00197189953178,0.00080284755677,0.000639305566438,0.116229347885,0.19175902009,0.0161751843989,0.00140066712629]},"erbbands_crest":{"dmean":2.24475240707,"dmean2":3.73739004135,"dvar":4.55843067169,"dvar2":11.910071373,"max":29.0163555145,"mean":7.46466636658,"median":6.6749997139,"min":2.50890517235,"var":10.857424736},"erbbands_flatness_db":{"dmean":0.015899758786,"dmean2":0.024327494204,"dvar":0.000192101622815,"dvar2":0.000423851917731,"max":0.304926037788,"mean":0.135066881776,"median":0.132817640901,"min":0.0265211928636,"var":0.000846153474413},"erbbands_kurtosis":{"dmean":0.728525936604,"dmean2":1.17314708233,"dvar":0.909901082516,"dvar2":2.2621884346,"max":32.1084709167,"mean":0.467535763979,"median":0.120809078217,"min":-1.59846234322,"var":2.21857023239},"erbbands_skewness":{"dmean":0.277326494455,"dmean2":0.440454930067,"dvar":0.0572909153998,"dvar2":0.143775984645,"max":3.25046777725,"mean":-0.00212313770317,"median":0.0112658105791,"min":-2.3084757328,"var":0.265462785959},"erbbands_spread":{"dmean":5.98124170303,"dmean2":9.26654911041,"dvar":30.4248485565,"dvar2":68.2211151123,"max":135.811676025,"mean":29.968870163,"median":28.9350223541,"min":2.48505735397,"var":115.892822266},"gfcc":{"cov":[[20445.8964844,348.439849854,-1223.796875,31.3458309174,-277.434936523,-416.709625244,297.347259521,-517.87487793,183.201705933,-163.191802979,-188.279403687,294.696838379,-407.935394287],[348.439849854,736.21484375,-14.4042682648,-38.2261009216,124.948608398,16.4131660461,34.5157623291,29.1449966431,-10.7866020203,-17.358215332,56.1916503906,-102.703086853,110.04309845],[-1223.796875,-14.4042682648,332.759918213,82.4350585938,-3.49602174759,132.572235107,-53.0990371704,96.9030151367,-32.1872634888,33.9327354431,17.1479263306,-12.5370435715,16.2533473969],[31.3458309174,-38.2261009216,82.4350585938,192.393478394,88.1482086182,-7.58278226852,21.2060585022,18.9130477905,17.3803825378,-3.1465857029,-8.19556903839,17.6949462891,-1.06824493408],[-277.434936523,124.948608398,-3.49602174759,88.1482086182,190.753417969,10.86170578,34.6776847839,29.181602478,19.1814365387,-10.9285335541,23.9145088196,-17.5930995941,42.2096672058],[-416.709625244,16.4131660461,132.572235107,-7.58278226852,10.86170578,203.580581665,-14.4041938782,82.9311447144,-37.7782669067,21.7651252747,16.1782436371,-22.6394920349,23.3786048889],[297.347259521,34.5157623291,-53.0990371704,21.2060585022,34.6776847839,-14.4041938782,138.340072632,-23.7486228943,49.5834541321,-11.1970424652,-9.00914573669,30.8185157776,-31.1312274933],[-517.87487793,29.1449966431,96.9030151367,18.9130477905,29.181602478,82.9311447144,-23.7486228943,156.443267822,0.981396079063,27.8592739105,25.2479934692,-40.3196220398,63.4922027588],[183.201705933,-10.7866020203,-32.1872634888,17.3803825378,19.1814365387,-37.7782669067,49.5834541321,0.981396079063,98.0915374756,23.8103485107,-2.12466931343,27.658744812,-27.3224163055],[-163.191802979,-17.358215332,33.9327354431,-3.1465857029,-10.9285335541,21.7651252747,-11.1970424652,27.8592739105,23.8103485107,63.6135559082,27.4875087738,-2.0684273243,8.98680210114],[-188.279403687,56.1916503906,17.1479263306,-8.19556903839,23.9145088196,16.1782436371,-9.00914573669,25.2479934692,-2.12466931343,27.4875087738,61.6104049683,4.63749456406,27.6787776947],[294.696838379,-102.703086853,-12.5370435715,17.6949462891,-17.5930995941,-22.6394920349,30.8185157776,-40.3196220398,27.658744812,-2.0684273243,4.63749456406,85.12474823,-27.8764038086],[-407.935394287,110.04309845,16.2533473969,-1.06824493408,42.2096672058,23.3786048889,-31.1312274933,63.4922027588,-27.3224163055,8.98680210114,27.6787776947,-27.8764038086,110.616966248]],"icov":[[0.000105320570583,-0.0003219274804,0.000668492692057,-0.000470934377518,0.000338360288879,-0.000190487116924,0.000223090944928,-0.000296343408991,0.000238888780586,-0.00024997809669,0.000353647919837,-0.000674590934068,0.00057073723292],[-0.0003219274804,0.00388423586264,-0.00297916308045,0.00203846418299,-0.00119173398707,0.000216825763346,-0.00230716541409,0.0035166554153,-0.00333330244757,0.00404842756689,-0.00502296583727,0.00708016986027,-0.00496387295425],[0.000668492692057,-0.00297916308045,0.010758924298,-0.0068123745732,0.00382266519591,-0.00420088227838,0.00363138993271,-0.00476754177362,0.00336909969337,-0.00376116950065,0.00257345265709,-0.00620194850489,0.0059008654207],[-0.000470934377518,0.00203846418299,-0.0068123745732,0.0128811802715,-0.00826285686344,0.00433021876961,-0.00205867597833,-0.000219313820708,0.00102328939829,-0.00123901711777,0.00347896874882,-0.000552874000277,-0.0015113792615],[0.000338360288879,-0.00119173398707,0.00382266519591,-0.00826285686344,0.013181402348,-0.00371268042363,-0.000620109611191,0.00140537542757,-0.00519734388217,0.00635323952883,-0.00699331611395,0.00368556566536,-0.00255566230044],[-0.000190487116924,0.000216825763346,-0.00420088227838,0.00433021876961,-0.00371268042363,0.010310811922,-0.00235230452381,-0.00454560806975,0.00622763624415,-0.00437178974971,0.0027327160351,-0.00163891119882,0.00172210449819],[0.000223090944928,-0.00230716541409,0.00363138993271,-0.00205867597833,-0.000620109611191,-0.00235230452381,0.0124934557825,-0.00158604606986,-0.00326543720439,0.000640056969132,0.00284092244692,-0.00619506184012,0.00459403591231],[-0.000296343408991,0.0035166554153,-0.00476754177362,-0.000219313820708,0.00140537542757,-0.00454560806975,-0.00158604606986,0.0182891339064,-0.0107042388991,0.00605508219451,-0.00849446002394,0.0130444625393,-0.0121355196461],[0.000238888780586,-0.00333330244757,0.00336909969337,0.00102328939829,-0.00519734388217,0.00622763624415,-0.00326543720439,-0.0107042388991,0.0274217948318,-0.0187097080052,0.012621793896,-0.0142744444311,0.011141596362],[-0.00024997809669,0.00404842756689,-0.00376116950065,-0.00123901711777,0.00635323952883,-0.00437178974971,0.000640056969132,0.00605508219451,-0.0187097080052,0.0360277108848,-0.0214847829193,0.0137764802203,-0.00790486391634],[0.000353647919837,-0.00502296583727,0.00257345265709,0.00347896874882,-0.00699331611395,0.0027327160351,0.00284092244692,-0.00849446002394,0.012621793896,-0.0214847829193,0.0368280485272,-0.0184855591506,0.00471212016419],[-0.000674590934068,0.00708016986027,-0.00620194850489,-0.000552874000277,0.00368556566536,-0.00163891119882,-0.00619506184012,0.0130444625393,-0.0142744444311,0.0137764802203,-0.0184855591506,0.0330829955637,-0.0105983763933],[0.00057073723292,-0.00496387295425,0.0059008654207,-0.0015113792615,-0.00255566230044,0.00172210449819,0.00459403591231,-0.0121355196461,0.011141596362,-0.00790486391634,0.00471212016419,-0.0105983763933,0.0236154291779]],"mean":[11.1717195511,89.609992981,-96.8923950195,-7.74392271042,-6.12482833862,-23.3678512573,8.35115146637,-29.1946182251,0.378601819277,-13.1370134354,-8.62396717072,2.01559495926,-13.3656263351]},"hfc":{"dmean":78.6081771851,"dmean2":121.768890381,"dvar":14101.0605469,"dvar2":32303.6816406,"max":1602.63830566,"mean":267.0128479,"median":222.27293396,"min":1.06220280779e-16,"var":38384.421875},"melbands":{"dmean":[0.00257300306112,0.00237255427055,0.000832636491396,0.000829056254588,0.000347519089701,0.000199787566089,0.000156365946168,0.000115621551231,0.000100809353171,0.000125182428746,0.0000875474579516,0.00011087947496,0.0000916406133911,0.0000840110660647,0.0000580218729738,0.0000602262043685,0.0000481661008962,0.0000295038171316,0.0000221133759624,0.0000174883607542,0.0000126214963529,0.0000112443995022,0.0000112935713332,0.00000834935690364,0.00000468718280899,0.0000030485600746,0.00000217113210965,0.00000192667744159,0.0000019387859993,0.00000163590152624,0.00000118093885249,0.0000010572514384,9.31404997573e-7,6.05197328696e-7,4.10235287518e-7,2.67679610033e-7,7.16827983638e-8,2.70999045426e-8,2.24075851207e-8,1.93638829415e-8],"dmean2":[0.00426378892735,0.00390375824645,0.00134914810769,0.00139026436955,0.000582424923778,0.000314183678711,0.000246036652243,0.000180395742063,0.000163257675013,0.000202739174711,0.000143547847983,0.000185740675079,0.000150960448082,0.000138288698508,0.0000955410723691,0.0000996843518806,0.0000803047951194,0.0000488432233396,0.000037023499317,0.0000288752635242,0.0000208395831578,0.0000184936307051,0.0000186239085451,0.0000136666458275,0.00000752582900532,0.00000489596504849,0.00000344207683156,0.00000303310321215,0.00000302181592815,0.00000253274129136,0.00000183738006854,0.00000160202898769,0.00000138619827794,8.97136260392e-7,6.04126910275e-7,3.99385953642e-7,1.12940291785e-7,4.5014314054e-8,3.73530255615e-8,3.21076036869e-8],"dvar":[0.0000522561385878,0.0000256445910054,0.00000238039547185,0.00000576554111831,4.49211398745e-7,1.47424415786e-7,6.08336279129e-8,3.76853677153e-8,4.75127386323e-8,6.17003266257e-8,3.77961804077e-8,4.71603378571e-8,3.64149528309e-8,3.07467296068e-8,7.99115795758e-9,9.73812142036e-9,6.42109254656e-9,2.01574357206e-9,1.45607670365e-9,8.94497920179e-10,3.8704861538e-10,2.88251311709e-10,3.46432244003e-10,1.65694249987e-10,6.45977576985e-11,3.59491186819e-11,4.82124062895e-11,3.07662090249e-11,2.10862941691e-11,1.94056593711e-11,5.55078379094e-12,3.8769235218e-12,4.71492506496e-12,2.11857701521e-12,8.23153285985e-13,3.35120711563e-13,1.89960657068e-14,2.8525897024e-15,1.79488949677e-15,1.21406873456e-15],"dvar2":[0.000135283204145,0.0000635631295154,0.00000573051784158,0.0000156997139129,0.00000124230393794,3.70466779032e-7,1.45324008827e-7,8.74104557624e-8,1.15019886948e-7,1.62516982982e-7,9.66200630614e-8,1.24586748029e-7,8.82212063402e-8,7.89251899391e-8,2.06060839503e-8,2.5083844335e-8,1.75190315588e-8,5.44791456392e-9,3.80567533043e-9,2.38557928967e-9,1.03565966914e-9,7.82922060516e-10,9.18283782347e-10,4.23047985532e-10,1.53142845627e-10,8.09780575928e-11,9.84028136752e-11,6.01860505878e-11,4.79998783776e-11,4.28253370266e-11,1.3443757392e-11,8.88612100569e-12,1.02142417788e-11,4.55573252733e-12,1.70980059538e-12,7.27058333243e-13,4.38760254528e-14,6.95524121627e-15,4.48607537701e-15,2.99920708216e-15],"max":[0.0919393077493,0.0581172667444,0.0417325869203,0.0437364503741,0.0100589543581,0.0146171795204,0.00666158413514,0.00512544857338,0.00943477731198,0.00657831598073,0.00600011646748,0.00595241039991,0.00734966341406,0.0054736873135,0.00338260410354,0.00241919234395,0.00177270977292,0.00113645964302,0.00111430184916,0.000835627201013,0.00046680032392,0.000330245762598,0.000413352099713,0.000336849334417,0.000229886951274,0.000220422545681,0.00030647937092,0.00038113159826,0.000193903062609,0.000321178988088,0.000120075157611,0.0000629073765595,0.0000408153900935,0.0000343574138242,0.0000263965157501,0.000017669672161,0.00000329728914039,8.44699400204e-7,7.58644148391e-7,5.70585200421e-7],"mean":[0.00272418023087,0.00278517487459,0.00130591529887,0.00112858030479,0.000545708753634,0.000361685757525,0.000284678215394,0.000202830226044,0.000164875513292,0.000209283825825,0.000148611870827,0.000173371794517,0.000154857625603,0.000146557591506,0.000101756384538,0.000102902326034,0.000086656647909,0.0000560235130251,0.0000415271169913,0.0000327270281559,0.0000265318449237,0.0000235007282754,0.000023769094696,0.0000181680479727,0.0000101365249066,0.00000635280957795,0.00000448552646048,0.00000416898865296,0.0000042198621486,0.00000371764258489,0.00000273586806543,0.00000225352619054,0.0000016951487396,0.00000110290170596,7.93012588929e-7,5.11488906341e-7,1.12857208023e-7,2.75261236027e-8,2.29575984889e-8,2.02661247783e-8],"median":[0.000931909657083,0.00108513969462,0.000704755075276,0.000503021525219,0.00029955181526,0.000197792061954,0.000163645221619,0.000110592300189,0.0000919755038922,0.000105779537989,0.0000779600304668,0.000093766284408,0.0000883306856849,0.0000896018755157,0.0000670270746923,0.0000627343106316,0.0000513509585289,0.000035654516978,0.0000255844661297,0.0000188574467757,0.0000160151685122,0.0000142105873238,0.0000136871176437,0.0000110328101073,0.0000059900908127,0.00000409131052947,0.00000269891779681,0.00000250461562246,0.0000021704415758,0.00000191682079276,0.00000142408987358,0.00000109952520688,6.51919435768e-7,4.02159827217e-7,2.94106570209e-7,1.85104894967e-7,4.98457062292e-8,9.72027347501e-9,8.71561489646e-9,8.17454903768e-9],"min":[1.4295240342e-24,4.63552072152e-25,9.54409282638e-25,1.49518388557e-24,1.17264587713e-24,1.79445818871e-24,1.89474903382e-24,2.47339901818e-24,1.96803204254e-24,9.90419501063e-25,2.09559676738e-24,3.27743662114e-24,1.89088499589e-24,2.87103362657e-24,2.66645635587e-24,2.71099485093e-24,3.96161883968e-24,2.21540442571e-24,3.07757673865e-24,4.42574002567e-24,3.20834404154e-24,3.42079158028e-24,4.31723378588e-24,3.65738792627e-24,2.74591851207e-24,4.43909583523e-24,3.57778278903e-24,4.78961434555e-24,5.05112173563e-24,5.18107434242e-24,4.04506257409e-24,4.88312276181e-24,5.49060245682e-24,4.56452590245e-24,5.83903206346e-24,6.05211009928e-24,5.42761625227e-24,6.78953332918e-24,6.31491832099e-24,5.55324353472e-24],"var":[0.0000439086434199,0.0000264328136836,0.00000371256146536,0.00000555186443307,6.04660783665e-7,3.02461273805e-7,1.41320938951e-7,8.83765309823e-8,7.538942981e-8,1.25065511725e-7,7.48520392335e-8,7.71409958134e-8,7.03659921442e-8,6.10917538779e-8,1.57886290708e-8,1.89862046085e-8,1.29918085179e-8,4.44712089376e-9,2.89087020988e-9,1.77817371938e-9,9.85154735567e-10,7.62702179191e-10,9.24857301854e-10,4.76289119256e-10,1.72413555655e-10,7.49670256428e-11,8.03285493678e-11,5.84963535943e-11,4.75450928628e-11,3.9683468317e-11,1.49123612764e-11,1.03180580399e-11,9.48128815043e-12,4.44814064054e-12,2.02066943907e-12,7.9176476573e-13,3.48726513703e-14,3.04338832069e-15,1.82897304378e-15,1.2870074828e-15]},"melbands_crest":{"dmean":3.42369532585,"dmean2":5.56727981567,"dvar":9.80948066711,"dvar2":24.7084007263,"max":32.3728141785,"mean":12.1849660873,"median":11.3346319199,"min":1.59924721718,"var":22.4996986389},"melbands_flatness_db":{"dmean":0.0279150549322,"dmean2":0.0433181859553,"dvar":0.000764634402003,"dvar2":0.00180033163633,"max":0.578531444073,"mean":0.211337566376,"median":0.206314280629,"min":0.00253718509339,"var":0.00333145703189},"melbands_kurtosis":{"dmean":5.58080530167,"dmean2":9.07407474518,"dvar":123.580574036,"dvar2":314.135803223,"max":209.438430786,"mean":7.27284002304,"median":3.5343375206,"min":-1.70742201805,"var":154.857940674},"melbands_skewness":{"dmean":0.736301362514,"dmean2":1.14409208298,"dvar":0.763550639153,"dvar2":1.73547542095,"max":12.0888586044,"mean":2.08956766129,"median":1.8246588707,"min":-1.38986504078,"var":1.73271489143},"melbands_spread":{"dmean":6.04523611069,"dmean2":9.45651054382,"dvar":38.0237846375,"dvar2":84.6893615723,"max":162.753662109,"mean":24.3907680511,"median":22.4487800598,"min":0.443074464798,"var":243.012908936},"mfcc":{"cov":[[8604.9375,911.594665527,-707.578613281,556.15826416,-493.448516846,357.131469727,-326.561828613,224.754821777,-180.988861084,47.2101478577,-45.2433700562,13.8495883942,-21.45911026],[911.594665527,868.954284668,-91.555557251,33.3241539001,25.9062633514,29.7443809509,76.2126617432,-8.4863910675,41.0085487366,1.1185297966,25.0627479553,-11.8973684311,16.0050945282],[-707.578613281,-91.555557251,370.99899292,-104.322509766,102.901344299,-33.3597221375,76.2981185913,-19.6598949432,19.9652137756,8.85937404633,28.3359546661,-8.16608333588,8.44608306885],[556.15826416,33.3241539001,-104.322509766,284.249542236,-11.8664293289,53.0186691284,-54.299243927,50.0407524109,-4.00948667526,4.45443964005,-16.7208023071,21.9638557434,-4.93180942535],[-493.448516846,25.9062633514,102.901344299,-11.8664293289,246.040390015,-50.8746566772,109.304534912,-30.1895980835,73.3669204712,-13.8659496307,17.2755241394,9.59805583954,11.9819908142],[357.131469727,29.7443809509,-33.3597221375,53.0186691284,-50.8746566772,147.424407959,-22.1101493835,58.6714019775,-40.7053756714,22.3339862823,-8.33987522125,-0.727307975292,4.08905792236],[-326.561828613,76.2126617432,76.2981185913,-54.299243927,109.304534912,-22.1101493835,160.915512085,-7.47723484039,59.0392837524,-17.3412532806,17.9684047699,-1.61993992329,12.6951007843],[224.754821777,-8.4863910675,-19.6598949432,50.0407524109,-30.1895980835,58.6714019775,-7.47723484039,108.971557617,-0.94058650732,26.5194892883,-7.36500453949,5.21536397934,4.56537771225],[-180.988861084,41.0085487366,19.9652137756,-4.00948667526,73.3669204712,-40.7053756714,59.0392837524,-0.94058650732,106.542442322,14.9829387665,15.1048116684,1.96032464504,4.77235126495],[47.2101478577,1.1185297966,8.85937404633,4.45443964005,-13.8659496307,22.3339862823,-17.3412532806,26.5194892883,14.9829387665,68.9219284058,26.0758476257,7.4358663559,-1.85114085674],[-45.2433700562,25.0627479553,28.3359546661,-16.7208023071,17.2755241394,-8.33987522125,17.9684047699,-7.36500453949,15.1048116684,26.0758476257,59.0093269348,19.1962509155,5.16628551483],[13.8495883942,-11.8973684311,-8.16608333588,21.9638557434,9.59805583954,-0.727307975292,-1.61993992329,5.21536397934,1.96032464504,7.4358663559,19.1962509155,51.4952888489,16.2854614258],[-21.45911026,16.0050945282,8.44608306885,-4.93180942535,11.9819908142,4.08905792236,12.6951007843,4.56537771225,4.77235126495,-1.85114085674,5.16628551483,16.2854614258,48.3563690186]],"icov":[[0.000191527884454,-0.000195460699615,0.000150494102854,-0.000203005853109,0.00018774587079,-0.000158097085659,0.000176362518687,-0.000174127751961,0.0000776362649049,0.0000955257055466,-0.000123530204291,0.0000151998747242,0.0000437586677435],[-0.000195460699615,0.00156315031927,0.000351971335476,-0.0000557648127142,-0.0000941366961342,-0.000269123818725,-0.00101883709431,0.000626110646408,-0.000338583806297,-0.000131740496727,-0.000716410984751,0.000905678549316,-0.000616932287812],[0.000150494102854,0.000351971335476,0.00392465479672,0.000732496322598,-0.00127128825989,0.000154938286869,-0.000950223649852,-0.000282830034848,0.00120063731447,-0.00102327100467,-0.00131030404009,0.00135517702438,-0.000556498125661],[-0.000203005853109,-0.0000557648127142,0.000732496322598,0.00530788162723,-0.001464410685,-0.00131758011412,0.00218362663873,-0.0016377416905,-0.00129444361664,0.00127671076916,0.000854578742292,-0.0024885055609,0.00132079957984],[0.00018774587079,-0.0000941366961342,-0.00127128825989,-0.001464410685,0.00763461645693,0.000459526316263,-0.00349359004758,0.00160636624787,-0.0026936433278,0.000610046612564,0.000364301522495,-0.00137613737024,-0.000264187488938],[-0.000158097085659,-0.000269123818725,0.000154938286869,-0.00131758011412,0.000459526316263,0.0114609953016,-0.00209037796594,-0.0040676491335,0.00539788929746,-0.00428524473682,0.001354704611,0.0014060678659,-0.00160775543191],[0.000176362518687,-0.00101883709431,-0.000950223649852,0.00218362663873,-0.00349359004758,-0.00209037796594,0.0133130224422,-0.00247370009311,-0.00522796297446,0.00662636291236,-0.00377712561749,0.000730587169528,-0.000487859477289],[-0.000174127751961,0.000626110646408,-0.000282830034848,-0.0016377416905,0.00160636624787,-0.0040676491335,-0.00247370009311,0.014447147958,-0.00144753209315,-0.00540835736319,0.00409208750352,-0.00135787366889,-0.00121481472161],[0.0000776362649049,-0.000338583806297,0.00120063731447,-0.00129444361664,-0.0026936433278,0.00539788929746,-0.00522796297446,-0.00144753209315,0.0171386189759,-0.00734164984897,0.000613263109699,0.00172936217859,-0.00109545595478],[0.0000955257055466,-0.000131740496727,-0.00102327100467,0.00127671076916,0.000610046612564,-0.00428524473682,0.00662636291236,-0.00540835736319,-0.00734164984897,0.0260896533728,-0.0124209178612,0.000216839209315,0.00235440908],[-0.000123530204291,-0.000716410984751,-0.00131030404009,0.000854578742292,0.000364301522495,0.001354704611,-0.00377712561749,0.00409208750352,0.000613263109699,-0.0124209178612,0.0284046009183,-0.0103637808934,0.000818394240923],[0.0000151998747242,0.000905678549316,0.00135517702438,-0.0024885055609,-0.00137613737024,0.0014060678659,0.000730587169528,-0.00135787366889,0.00172936217859,0.000216839209315,-0.0103637808934,0.0279830545187,-0.0091042984277],[0.0000437586677435,-0.000616932287812,-0.000556498125661,0.00132079957984,-0.000264187488938,-0.00160775543191,-0.000487859477289,-0.00121481472161,-0.00109545595478,0.00235440908,0.000818394240923,-0.0091042984277,0.024756455794]],"mean":[-648.844726562,158.896499634,-30.9675159454,33.144618988,-8.60178852081,25.0242271423,-4.76398086548,11.7854175568,-4.23668050766,-0.254086643457,-0.382836431265,1.52324259281,-2.64951753616]},"pitch_salience":{"dmean":0.0673678144813,"dmean2":0.108536273241,"dvar":0.00447511393577,"dvar2":0.0110447360203,"max":0.832761704922,"mean":0.60326474905,"median":0.618225216866,"min":0.129223152995,"var":0.00896045845002},"silence_rate_20dB":{"dmean":0.000138389150379,"dmean2":0.000276797451079,"dvar":0.000138365809107,"dvar2":0.000415102840634,"max":1,"mean":0.999930799007,"median":1,"min":0,"var":0.0000691839522915},"silence_rate_30dB":{"dmean":0.0781898722053,"dmean2":0.156390562654,"dvar":0.0720697194338,"dvar2":0.146722570062,"max":1,"mean":0.915865242481,"median":1,"min":0,"var":0.0770575255156},"silence_rate_60dB":{"dmean":0.00345972878858,"dmean2":0.00691993627697,"dvar":0.00344741391018,"dvar2":0.00839496776462,"max":1,"mean":0.0543831735849,"median":0,"min":0,"var":0.0514260493219},"spectral_centroid":{"dmean":182.402679443,"dmean2":281.890808105,"dvar":50044.453125,"dvar2":111055.914062,"max":11640.8994141,"mean":1272.97705078,"median":1112.23327637,"min":136.331359863,"var":975682.25},"spectral_complexity":{"dmean":3.06864094734,"dmean2":4.75773286819,"dvar":7.95308732986,"dvar2":17.1631412506,"max":61,"mean":23.9932193756,"median":24,"min":0,"var":101.225036621},"spectral_contrast_coeffs":{"dmean":[0.0522731393576,0.0454984456301,0.0378649197519,0.0286099743098,0.0190402623266,0.0462716184556],"dmean2":[0.0872513726354,0.0759283825755,0.0633163675666,0.0481273084879,0.0318398326635,0.0721207931638],"dvar":[0.00174010777846,0.00125026714522,0.000890485418495,0.000495361455251,0.000224378993153,0.00148083665408],"dvar2":[0.00472284667194,0.00346209807321,0.0024895996321,0.00138464651536,0.00061389093753,0.0036486715544],"max":[-0.35592353344,-0.539967179298,-0.527878820896,-0.61828571558,-0.678130805492,-0.407682687044],"mean":[-0.663353025913,-0.772578179836,-0.787156820297,-0.792590618134,-0.804096877575,-0.6859998703],"median":[-0.66646951437,-0.77503246069,-0.789418697357,-0.793659687042,-0.804488420486,-0.684330880642],"min":[-0.983805477619,-0.981393694878,-0.995415210724,-0.988294064999,-0.99314647913,-0.966067075729],"var":[0.00633240817115,0.00343163660727,0.00280287791975,0.00172395841219,0.00115158630069,0.00689835473895]},"spectral_contrast_valleys":{"dmean":[0.411255031824,0.329362541437,0.275318950415,0.228581175208,0.197527870536,0.605947554111],"dmean2":[0.661803781986,0.540224790573,0.451907277107,0.363363236189,0.287278681993,0.970609605312],"dvar":[0.147834330797,0.097252458334,0.0746614784002,0.0614951960742,0.0661045238376,0.294743299484],"dvar2":[0.319191515446,0.207451567054,0.151181295514,0.109868898988,0.103239513934,0.703258216381],"max":[-4.72290039062,-4.68601179123,-5.22593593597,-5.64044952393,-5.48338651657,-8.98051929474],"mean":[-7.01277399063,-6.58823108673,-6.86898088455,-7.271463871,-7.59030818939,-11.4257822037],"median":[-6.69443035126,-6.26889657974,-6.53076314926,-6.94021368027,-7.24790525436,-11.1741676331],"min":[-28.3255805969,-28.2368583679,-27.8196582794,-27.6121864319,-27.4873924255,-27.3983135223],"var":[4.38561296463,4.44005584717,4.33416891098,4.18225717545,4.20290327072,3.10737514496]},"spectral_decrease":{"dmean":4.01751698575e-9,"dmean2":6.49875175895e-9,"dvar":5.61387364707e-17,"dvar2":1.38760063916e-16,"max":8.6760367779e-9,"mean":-6.11337158674e-9,"median":-3.6947318538e-9,"min":-8.38447817841e-8,"var":6.75311046182e-17},"spectral_energy":{"dmean":0.0185638517141,"dmean2":0.0287527516484,"dvar":0.00124810810667,"dvar2":0.00292920344509,"max":0.403655320406,"mean":0.0472921878099,"median":0.0366983227432,"min":1.0005531453e-20,"var":0.00184061774053},"spectral_energyband_high":{"dmean":0.000413861853303,"dmean2":0.000566173985135,"dvar":3.61627115808e-7,"dvar2":6.79390723235e-7,"max":0.0158269125968,"mean":0.00160678569227,"median":0.00112884386908,"min":6.85392081259e-21,"var":0.00000268823805527},"spectral_energyband_low":{"dmean":0.0129321152344,"dmean2":0.0208966154605,"dvar":0.000854485202581,"dvar2":0.0020959910471,"max":0.338553875685,"mean":0.0163773652166,"median":0.00750801945105,"min":1.71562290083e-23,"var":0.000864257803187},"spectral_energyband_middle_high":{"dmean":0.00199351832271,"dmean2":0.00311765098013,"dvar":0.00000729346675143,"dvar2":0.0000181574050657,"max":0.0654174983501,"mean":0.00717917457223,"median":0.00595243973657,"min":1.05879734349e-21,"var":0.0000329856193275},"spectral_energyband_middle_low":{"dmean":0.00524771120399,"dmean2":0.00835886970162,"dvar":0.000112872243335,"dvar2":0.000282039924059,"max":0.193441987038,"mean":0.0128765348345,"median":0.00919446256012,"min":1.59898684987e-22,"var":0.000194414315047},"spectral_entropy":{"dmean":0.110613383353,"dmean2":0.170202001929,"dvar":0.011357688345,"dvar2":0.0263744797558,"max":9.82247161865,"mean":7.6331319809,"median":7.64045333862,"min":6.02003717422,"var":0.0970855951309},"spectral_flux":{"dmean":0.0284656137228,"dmean2":0.0455084629357,"dvar":0.0020701570902,"dvar2":0.00462920730934,"max":0.49998664856,"mean":0.118328355253,"median":0.105042554438,"min":6.29440180533e-11,"var":0.00457987841219},"spectral_kurtosis":{"dmean":3.04635739326,"dmean2":4.59723234177,"dvar":10.2756586075,"dvar2":23.4983711243,"max":73.9102706909,"mean":19.0945014954,"median":18.551820755,"min":-1.26522660255,"var":39.6577796936},"spectral_rms":{"dmean":0.00109084625728,"dmean2":0.0016288026236,"dvar":0.00000265617313744,"dvar2":0.00000570130623601,"max":0.0198446474969,"mean":0.00620209379122,"median":0.00598358083516,"min":3.12433911208e-12,"var":0.00000767272285884},"spectral_rolloff":{"dmean":2887.68896484,"dmean2":5526.87744141,"dvar":38966920,"dvar2":102211280,"max":22028.4667969,"mean":18932.96875,"median":21188.671875,"min":107.666015625,"var":38919184},"spectral_skewness":{"dmean":0.246044844389,"dmean2":0.367092519999,"dvar":0.0606045909226,"dvar2":0.126751482487,"max":6.37752866745,"mean":2.97954249382,"median":2.95733499527,"min":-0.0683258101344,"var":0.345413029194},"spectral_spread":{"dmean":372170.28125,"dmean2":570160.8125,"dvar":407098884096,"dvar2":833670152192,"max":51073168,"mean":4471603,"median":4046340.75,"min":1873723,"var":11494767984600},"spectral_strongpeak":{"dmean":6.31520080566,"dmean2":11.8267946243,"dvar":265.856719971,"dvar2":735.202209473,"max":198.260253906,"mean":5.69079446793,"median":0.402182251215,"min":0,"var":259.333648682},"zerocrossingrate":{"dmean":0.035876981914,"dmean2":0.0461324602365,"dvar":0.000906481174752,"dvar2":0.00149423978291,"max":0.666015625,"mean":0.345949053764,"median":0.34423828125,"min":0.09375,"var":0.00684306398034}},"metadata":{"audio_properties":{"analysis_sample_rate":44100,"bit_rate":141584,"codec":"mp3","downmix":"mix","equal_loudness":0,"length":335.568969727,"lossless":false,"md5_encoded":"088c75b821e73858add55e9ffc27fd6d","replay_gain":-2.57618141174},"tags":{"album":["Duke"],"albumartist":["Genesis"],"artist":["Genesis"],"composer":["Mike Rutherford"],"file_name":"04 - Genesis - Man of Our Times.mp3","genre":["Progressive Rock"],"label":["Virgin"],"musicbrainz album artist":["usicBra"],"musicbrainz album artist sortname":["usicBra"],"musicbrainz album status":["usicBrai"],"musicbrainz album type":["usicB"],"musicbrainz non-album":["u"],"musicbrainz_albumartistid":["usicBrainz Album Artist Id"],"musicbrainz_albumid":["usicBrainz Album Id"],"musicbrainz_artistid":["usicBrainz Artist Id"],"musicbrainz_recordingid":["e2ec78c3-aac3-42db-a00e-e84c5574faa0"],"originaldate":["1980"],"title":["Man of Our Times"],"tracknumber":["4"]},"version":{"essentia":"2.1-beta1","essentia_build_sha":"ab033649a6180e58ab3ffa3648ee50b8e9460706","essentia_git_sha":"v2.1_beta1-8-g0ed32f5-dirty","extractor":"music 1.0"}},"rhythm":{"beats_count":592,"beats_loudness":{"dmean":0.0470207296312,"dmean2":0.0871675685048,"dvar":0.00141966727097,"dvar2":0.00461937114596,"max":0.228391438723,"mean":0.0639718323946,"median":0.0583710074425,"min":0,"var":0.00177453621291},"beats_loudness_band_ratio":{"dmean":[0.19429589808,0.109777204692,0.061992302537,0.0714237242937,0.0344470329583,0.102034516633],"dmean2":[0.339562535286,0.187340691686,0.109061859548,0.13097473979,0.0588144920766,0.17681260407],"dvar":[0.0191451534629,0.00891305878758,0.00425140419975,0.00543784350157,0.00101223750971,0.00650678854436],"dvar2":[0.0566667728126,0.0240158550441,0.0130914542824,0.0161651335657,0.00292566255666,0.0188740417361],"max":[0.846195399761,0.629714488983,0.560124576092,0.659403383732,0.209414407611,0.706821084023],"mean":[0.379459291697,0.140591070056,0.0863444134593