{"lowlevel":{"average_loudness":0.742164731026,"barkbands":{"dmean":[0.000133365596412,0.00266707851551,0.00120877882,0.000917093013413,0.00103333231527,0.000763588352129,0.000652414862998,0.000528199656401,0.000564643356483,0.000536567065865,0.000379538076231,0.000536101229955,0.000404805643484,0.000432111904956,0.000254552287515,0.000212836443097,0.000219469249714,0.00015028337657,0.000150200270582,0.000133119494421,0.00010246540478,0.0000612982257735,0.000048177116696,0.0000410953216488,0.0000373236944142,0.0000179382132046,0.0000037949689613],"dmean2":[0.000203713163501,0.00418349215761,0.00211820029654,0.00152273231652,0.00159233086742,0.00124726456124,0.00105456192978,0.000828554795589,0.000898162077647,0.000824593589641,0.000595488178078,0.000815004750621,0.000620310485829,0.000675259158015,0.000394148897612,0.000327781104716,0.000339340243954,0.000236093750573,0.000238109802012,0.000207838063943,0.000156536902068,0.00009105578647,0.0000712416440365,0.0000588091606915,0.0000555929218535,0.0000265454964392,0.0000060431257225],"dvar":[1.56551749342e-7,0.0000309952374664,0.00000949076365941,0.00000576635920879,0.00000927245582716,0.00000494175219501,0.00000319556852446,0.00000380586016036,0.00000509815572514,0.00000476636068925,0.00000282588803202,0.00000860208638187,0.00000328002374772,0.00000280988342638,0.00000107154323814,3.33964123911e-7,4.46625364248e-7,1.49816301587e-7,1.32027338395e-7,1.28918756559e-7,9.26502465859e-8,4.60151454718e-8,2.0575482651e-8,9.71631841651e-9,1.0199020295e-8,2.33899299928e-9,1.42468967179e-10],"dvar2":[3.57654840855e-7,0.0000711811153451,0.000027446754757,0.0000135659065563,0.0000192156603589,0.0000131249034894,0.00000813374754216,0.00000816641295387,0.0000120776612675,0.0000100195657069,0.00000663140826873,0.0000191221806745,0.00000711541269993,0.0000070039855018,0.00000238736606661,7.82812662692e-7,0.00000100192323771,3.67304323845e-7,3.05968001157e-7,3.00022634292e-7,2.08309558047e-7,1.12214927128e-7,4.76093191537e-8,2.1105906356e-8,2.41695303771e-8,4.79849182611e-9,3.6505209966e-10],"max":[0.00361769436859,0.0532585680485,0.0337729975581,0.0436177290976,0.0466669350863,0.0481709912419,0.0293428655714,0.0513201132417,0.063997015357,0.0847031772137,0.0901815146208,0.104812249541,0.0566196739674,0.0620564855635,0.0323647893965,0.0236086212099,0.0441154688597,0.00748279457912,0.00876835733652,0.0123178688809,0.0161990839988,0.01333052665,0.00498055201024,0.00401326268911,0.00349179795012,0.00161463127006,0.000356203294359],"mean":[0.000131335342303,0.00424295663834,0.00166198587976,0.000993849826045,0.00150332867634,0.00107555964496,0.000921911443584,0.000757447909564,0.000752268068027,0.000808999116998,0.000543881382328,0.000779419322498,0.000589107337873,0.000595200574026,0.000361024518497,0.00030455988599,0.00030886719469,0.000214061758015,0.000210975544178,0.000182786068763,0.000142606601003,0.000101860350696,0.0000761714327382,0.0000603283660894,0.0000483494004584,0.0000212690956687,0.00000354291364602],"median":[0.0000048872170737,0.00118876877241,0.000723666045815,0.000307222217089,0.000412202614825,0.000352658506017,0.000245837552939,0.000144283694681,0.000145088299178,0.000166058904142,0.000105389699456,0.000083094528236,0.000046923320042,0.0000945686115301,0.000058916350099,0.0000771788618295,0.0000664621475153,0.0000628552006674,0.0000617885161773,0.0000396983668907,0.0000321514307871,0.0000209826630453,0.0000155670768436,0.0000124559428514,0.0000095964405773,0.0000032980344713,3.70155703422e-7],"min":[8.12399757326e-23,1.976316502e-23,1.37833090576e-23,2.0302854742e-23,2.08382577938e-23,4.30172257168e-23,9.17082419865e-23,1.56517923759e-23,8.66576641704e-23,8.09541304059e-23,3.04940840899e-23,1.1688255421e-22,9.77257045259e-23,8.74172678024e-23,2.50068023431e-22,2.04794109633e-22,1.9646612399e-22,1.52412697919e-22,1.44012604078e-22,3.09165695918e-22,3.74729049089e-22,5.74019067927e-22,4.35508270103e-22,1.04184640134e-21,1.55553475038e-21,1.63913199396e-21,2.40212886378e-21],"var":[1.65033100075e-7,0.0000490628845,0.00000802811609901,0.00000576136426389,0.0000146000966197,0.00000572469298277,0.00000426901624451,0.00000688790714776,0.00000754459551899,0.00000899284350453,0.0000051446654652,0.0000156188798428,0.00000640435609967,0.00000356130249202,0.00000165411131547,5.97422911142e-7,7.91005618339e-7,2.1287588936e-7,2.20705203446e-7,2.44115511805e-7,1.91463172428e-7,1.13036108473e-7,5.05138118001e-8,2.49224711979e-8,1.47879921641e-8,3.8517269374e-9,1.26125096478e-10]},"barkbands_crest":{"dmean":3.00587296486,"dmean2":4.64311885834,"dvar":7.57332801819,"dvar2":17.1453838348,"max":25.7223987579,"mean":10.874212265,"median":9.88657665253,"min":1.91972529888,"var":23.9461040497},"barkbands_flatness_db":{"dmean":0.0282726418227,"dmean2":0.0406206250191,"dvar":0.000730377971195,"dvar2":0.0015213994775,"max":0.393618017435,"mean":0.13420560956,"median":0.124973736703,"min":0.0235372353345,"var":0.00306408619508},"barkbands_kurtosis":{"dmean":4.66019439697,"dmean2":7.29527378082,"dvar":122.454292297,"dvar2":294.135192871,"max":302.637329102,"mean":5.87857913971,"median":1.92292118073,"min":-1.91938412189,"var":196.054122925},"barkbands_skewness":{"dmean":0.742505908012,"dmean2":1.11438965797,"dvar":0.741268992424,"dvar2":1.66905844212,"max":16.7761707306,"mean":1.61992013454,"median":1.4362872839,"min":-5.05640649796,"var":2.50845050812},"barkbands_spread":{"dmean":7.47086143494,"dmean2":11.4706306458,"dvar":78.2986450195,"dvar2":183.660140991,"max":139.895492554,"mean":23.0306148529,"median":20.2394313812,"min":0.543020248413,"var":266.455169678},"dissonance":{"dmean":0.0189853627235,"dmean2":0.0310316812247,"dvar":0.000365519808838,"dvar2":0.000918587204069,"max":0.500000059605,"mean":0.465003401041,"median":0.472416222095,"min":0.268000811338,"var":0.000813884602394},"dynamic_complexity":4.65161466599,"erbbands":{"dmean":[0.0810017809272,0.65216422081,1.46730542183,2.13156580925,3.29088687897,3.38661646843,4.26756620407,7.15726423264,10.2392749786,7.74588727951,13.8980464935,12.5314092636,13.4277944565,16.0499839783,15.2973766327,22.0115146637,16.5366916656,22.2446804047,14.7442264557,11.6745157242,11.4402017593,11.0788202286,8.24514865875,7.7680311203,7.50994586945,6.5026307106,4.89786911011,3.24581837654,2.40215969086,1.79246926308,1.29109227657,0.831623792648,0.706195831299,0.465746849775,0.247180506587,0.0957481339574,0.0303778573871,0.00618621148169,0.00061211513821,0.0000338565514539],"dmean2":[0.116120710969,1.06219410896,2.51856350899,3.6189763546,5.47155189514,5.14640140533,6.33666658401,11.7048120499,16.7164478302,12.2979879379,21.8797683716,19.287984848,20.9548854828,24.3249073029,23.4314289093,32.8064079285,25.0455131531,34.0860557556,22.7349452972,18.0286445618,17.3486633301,17.0510997772,12.8416662216,12.3191556931,11.7286777496,10.1608877182,7.62896347046,4.91490411758,3.60382533073,2.64927554131,1.90552127361,1.19362771511,1.02021384239,0.689095616341,0.372824043036,0.141713142395,0.0456239022315,0.00958805251867,0.000971052562818,0.0000507076147187],"dvar":[0.0436092615128,1.8536182642,13.4743690491,21.5668773651,113.385490417,92.4259033203,131.003051758,442.498687744,1004.347229,404.935058594,3074.44360352,2430.61450195,3398.53515625,4816.41894531,4794.79443359,14578.1875,5041.99023438,8121.56005859,3789.93286133,1366.1114502,871.883361816,898.143371582,431.626495361,380.567504883,370.59262085,300.867279053,197.067062378,127.574424744,79.3358535767,33.929813385,13.6575937271,5.09162712097,2.67575860023,1.54268622398,0.521488726139,0.0710772126913,0.00695874588564,0.0003238657373,0.00000363601930076,8.23786816539e-9],"dvar2":[0.0900847613811,4.89643764496,38.8822669983,55.7323646545,264.833648682,200.866073608,245.275466919,1176.98754883,2584.12548828,1005.6151123,6737.22607422,5511.62988281,8005.87207031,10933.9824219,10938.5175781,32564.390625,11187.2021484,19449.4238281,8740.09277344,3149.02612305,1960.04211426,1947.21350098,1061.73962402,950.51171875,840.054443359,708.841674805,464.618988037,289.548950195,201.766326904,79.5015792847,31.6076374054,11.7528076172,5.69283723831,3.59292173386,1.27583968639,0.145781621337,0.0148423770443,0.000790906487964,0.00000930695023271,2.00711465226e-8],"max":[2.0069360733,13.8434963226,38.3651847839,94.755279541,159.776321411,163.893051147,245.661834717,489.729614258,507.057739258,792.678649902,1367.38818359,1722.88598633,2128.91357422,2172.81762695,2908.94628906,5065.10839844,1987.28039551,3679.87109375,1763.29370117,1547.61425781,1359.87939453,1352.0838623,435.930084229,524.671386719,516.136230469,520.53717041,647.50958252,562.015014648,631.330688477,229.602722168,145.111572266,112.912002563,55.1259498596,46.1233596802,26.6758365631,9.95038795471,2.8397796154,0.482399642467,0.0544421449304,0.00175826414488],"mean":[0.0966616421938,1.01348555088,2.17288398743,2.6510052681,3.69547605515,4.89521074295,6.90594387054,10.0201845169,14.0269174576,12.2685289383,19.2356185913,18.0195446014,20.2640094757,25.1308879852,25.1402454376,33.1833648682,26.4296073914,33.7118110657,21.6835155487,18.1941184998,17.4733257294,15.8631572723,12.1487474442,11.3621292114,10.3678750992,8.8391866684,6.62711572647,4.84472179413,3.87587380409,2.90263342857,1.98518466949,1.29420590401,0.97170650959,0.616423785686,0.305861473083,0.117497175932,0.0346379615366,0.00633429875597,0.000585720175877,0.0000471571438538],"median":[0.0162245426327,0.344125777483,1.14492607117,1.02412474155,1.23926472664,1.2917226553,2.20127081871,3.03553724289,3.44075489044,3.88147950172,3.62508678436,3.86709952354,4.76788330078,4.52502250671,5.00429010391,3.82777118683,2.72496628761,4.92415952682,3.63563466072,4.53779411316,4.77191734314,3.91706585884,3.84637022018,3.4902575016,2.67590093613,2.02488899231,1.51575291157,1.03804266453,0.775002598763,0.613125085831,0.409588485956,0.255840867758,0.202158838511,0.126863956451,0.0563401579857,0.0193009078503,0.00508360518143,0.000795421074145,0.0000720220559742,0.0000191203962459],"min":[8.8110477114e-22,3.95417132063e-21,1.03342266944e-20,6.28209424787e-20,2.10425829793e-20,6.46038204291e-20,2.40430591591e-19,4.85487500951e-19,1.29545479515e-18,6.05777398098e-19,6.32965532363e-19,2.41773147085e-18,3.08904292506e-18,1.18080032442e-18,2.17885329047e-18,4.31109040393e-18,4.70915618447e-18,4.8825315865e-18,5.81387243614e-18,1.57688285672e-17,1.19534761898e-17,1.14465344155e-17,8.12629347525e-18,7.25094117255e-18,7.71218039083e-18,1.72669271028e-17,1.44635640304e-17,1.60447760196e-17,2.19642376473e-17,1.45222640754e-17,1.36825028729e-17,1.95514510622e-17,1.91660940846e-17,1.81545498027e-17,1.00847932952e-17,5.30221821389e-18,3.06856069232e-18,1.22846815818e-18,3.46946432275e-19,3.78348502461e-20],"var":[0.0567095018923,2.5058259964,10.9186525345,22.5140857697,110.511039734,152.216537476,248.239929199,548.571289062,1225.31164551,674.414550781,5190.06689453,4071.43579102,6065.34765625,9353.84179688,9468.99707031,26577.4257812,10349.1103516,12635.7792969,5641.40722656,2647.27563477,1750.78625488,1571.01049805,632.798706055,580.659179688,660.684387207,543.924865723,326.556518555,291.920196533,179.263778687,79.2358016968,31.5786781311,13.9569578171,5.68394756317,2.37109041214,0.661001622677,0.119919121265,0.0106347100809,0.000346870569047,0.00000327138945977,8.70749961024e-9]},"erbbands_crest":{"dmean":2.78982973099,"dmean2":4.43628931046,"dvar":7.04149723053,"dvar2":17.172624588,"max":31.2012062073,"mean":8.95975208282,"median":7.74079036713,"min":2.34011864662,"var":20.6848754883},"erbbands_flatness_db":{"dmean":0.0236001033336,"dmean2":0.0321520939469,"dvar":0.00049763219431,"dvar2":0.00091080047423,"max":0.418394982815,"mean":0.148356363177,"median":0.141573056579,"min":0.0269357524812,"var":0.002607711358},"erbbands_kurtosis":{"dmean":1.18587839603,"dmean2":1.85943043232,"dvar":3.74891996384,"dvar2":8.45323848724,"max":57.7831420898,"mean":0.791992247105,"median":-0.0417418479919,"min":-1.75410413742,"var":8.63482761383},"erbbands_skewness":{"dmean":0.441365033388,"dmean2":0.66379994154,"dvar":0.180291950703,"dvar2":0.397962629795,"max":4.41509199142,"mean":0.163133040071,"median":0.212351307273,"min":-5.1243853569,"var":0.739175915718},"erbbands_spread":{"dmean":9.86163902283,"dmean2":14.8008317947,"dvar":119.461349487,"dvar2":259.837554932,"max":158.704711914,"mean":38.7688217163,"median":35.0048141479,"min":1.36251032352,"var":417.802886963},"gfcc":{"cov":[[12918.015625,184.399230957,-1086.09680176,-64.8896026611,-317.703613281,141.273513794,-198.603912354,17.6857967377,-169.35798645,85.5345993042,-130.230667114,-48.5476493835,-122.319343567],[184.399230957,1519.61779785,-131.972503662,-91.0329971313,211.120925903,-36.8771133423,145.504623413,-25.4132995605,102.264457703,-83.5469055176,90.4705200195,-52.2154884338,79.1445541382],[-1086.09680176,-131.972503662,1192.53552246,226.679138184,9.89894866943,101.332443237,12.8470525742,83.9409484863,-34.1889839172,23.9476852417,-7.83885717392,64.4443588257,12.1915950775],[-64.8896026611,-91.0329971313,226.679138184,426.947967529,63.6460876465,-27.0056934357,5.98361730576,41.5589408875,35.0049324036,25.8888397217,3.7866692543,-4.51082706451,-4.25476408005],[-317.703613281,211.120925903,9.89894866943,63.6460876465,344.172271729,89.3899078369,58.7023696899,50.1176109314,80.38646698,13.0511207581,23.5852642059,-3.50410866737,21.8390464783],[141.273513794,-36.8771133423,101.332443237,-27.0056934357,89.3899078369,241.335342407,96.3050613403,40.9012489319,-9.69023609161,7.66588783264,11.3124513626,20.4378223419,1.51289308071],[-198.603912354,145.504623413,12.8470525742,5.98361730576,58.7023696899,96.3050613403,213.192504883,55.6822471619,-0.678629875183,-6.70408344269,45.4146957397,-6.26031208038,-0.721303641796],[17.6857967377,-25.4132995605,83.9409484863,41.5589408875,50.1176109314,40.9012489319,55.6822471619,116.463218689,47.2718811035,19.3982334137,4.65356111526,10.8986330032,1.69226276875],[-169.35798645,102.264457703,-34.1889839172,35.0049324036,80.38646698,-9.69023609161,-0.678629875183,47.2718811035,137.881118774,44.906463623,7.50143814087,-9.73009681702,15.6308002472],[85.5345993042,-83.5469055176,23.9476852417,25.8888397217,13.0511207581,7.66588783264,-6.70408344269,19.3982334137,44.906463623,99.0885238647,34.4646263123,1.64942479134,-11.4248666763],[-130.230667114,90.4705200195,-7.83885717392,3.7866692543,23.5852642059,11.3124513626,45.4146957397,4.65356111526,7.50143814087,34.4646263123,99.4857788086,33.0787124634,2.23967576027],[-48.5476493835,-52.2154884338,64.4443588257,-4.51082706451,-3.50410866737,20.4378223419,-6.26031208038,10.8986330032,-9.73009681702,1.64942479134,33.0787124634,89.2682418823,44.6691246033],[-122.319343567,79.1445541382,12.1915950775,-4.25476408005,21.8390464783,1.51289308071,-0.721303641796,1.69226276875,15.6308002472,-11.4248666763,2.23967576027,44.6691246033,88.7573165894]],"icov":[[0.000126400831505,-0.000190062084584,0.000213782826904,-0.000161828895216,0.000193534477148,-0.000296721991617,0.000292407145025,-0.00037711818004,0.000485353870317,-0.000539385189768,0.000480498303659,-0.00030922255246,0.000262150919298],[-0.000190062084584,0.00156262936071,-0.000520612695254,0.000672510941513,-0.000793115410488,0.000883075816091,-0.000974551017862,0.00123931560665,-0.00195612688549,0.00278484052978,-0.0028726644814,0.00251463707536,-0.00189313129522],[0.000213782826904,-0.000520612695254,0.00149521080311,-0.00094494962832,0.000507333956193,-0.00102417857852,0.0007828110829,-0.00145105854608,0.00163205387071,-0.00155369925778,0.00152050179895,-0.0015241119545,0.000676091818605],[-0.000161828895216,0.000672510941513,-0.00094494962832,0.00326134357601,-0.00104682648089,0.00148569792509,-0.000771089748014,0.000260666216491,-0.00119619769976,0.000882915512193,-0.0012392149074,0.00130674638785,-0.000617617450189],[0.000193534477148,-0.000793115410488,0.000507333956193,-0.00104682648089,0.00471956608817,-0.00248680310324,0.000847216288093,-0.00124689517543,-0.00115008535795,-0.000327826215653,0.0000547338786419,0.00011559764971,-0.000133371082484],[-0.000296721991617,0.000883075816091,-0.00102417857852,0.00148569792509,-0.00248680310324,0.00746610993519,-0.0039681410417,0.000960178731475,-0.000196243825485,0.0000684990081936,0.000620801467448,-0.00136870611459,0.000166156503838],[0.000292407145025,-0.000974551017862,0.0007828110829,-0.000771089748014,0.000847216288093,-0.0039681410417,0.00970096606761,-0.00568718323484,0.00303211039864,0.000840298773255,-0.0042820670642,0.00370852136984,-0.00101022107992],[-0.00037711818004,0.00123931560665,-0.00145105854608,0.000260666216491,-0.00124689517543,0.000960178731475,-0.00568718323484,0.0157600753009,-0.00735560525209,0.00135203474201,0.0013900869526,-0.00312170758843,0.00153613544535],[0.000485353870317,-0.00195612688549,0.00163205387071,-0.00119619769976,-0.00115008535795,-0.000196243825485,0.00303211039864,-0.00735560525209,0.0162268150598,-0.00918935518712,0.00369313848205,0.000451220490504,-0.0017779476475],[-0.000539385189768,0.00278484052978,-0.00155369925778,0.000882915512193,-0.000327826215653,0.0000684990081936,0.000840298773255,0.00135203474201,-0.00918935518712,0.0211069528013,-0.0124563751742,0.00631009414792,-0.00143646402285],[0.000480498303659,-0.0028726644814,0.00152050179895,-0.0012392149074,0.0000547338786419,0.000620801467448,-0.0042820670642,0.0013900869526,0.00369313848205,-0.0124563751742,0.0242602173239,-0.0154355848208,0.00777247874066],[-0.00030922255246,0.00251463707536,-0.0015241119545,0.00130674638785,0.00011559764971,-0.00136870611459,0.00370852136984,-0.00312170758843,0.000451220490504,0.00631009414792,-0.0154355848208,0.0279054455459,-0.0152336815372],[0.000262150919298,-0.00189313129522,0.000676091818605,-0.000617617450189,-0.000133371082484,0.000166156503838,-0.00101022107992,0.00153613544535,-0.0017779476475,-0.00143646402285,0.00777247874066,-0.0152336815372,0.0207848381251]],"mean":[-48.5724449158,85.96459198,-110.595939636,31.1428852081,-52.3191146851,13.2468509674,-33.4045791626,11.6554279327,-21.5851516724,3.84368157387,-14.3312749863,0.270826786757,-10.7742366791]},"hfc":{"dmean":5.75255393982,"dmean2":7.76640081406,"dvar":104.759384155,"dvar2":195.465957642,"max":210.125686646,"mean":13.9269323349,"median":6.14429044724,"min":1.18829180144e-16,"var":403.338928223},"melbands":{"dmean":[0.000705627608113,0.000808948767371,0.000408942083595,0.000225036710617,0.000161766278325,0.000164757715538,0.00014582023141,0.0000853439414641,0.000122890851344,0.0000747995218262,0.000069096655352,0.0000682869213051,0.0000518055421708,0.0000596947902523,0.0000481516544824,0.0000406497129006,0.0000433358254668,0.0000259717089648,0.0000172523996298,0.0000164262419275,0.0000139410785778,0.0000130180778797,0.00000940052086662,0.00000715639180271,0.00000657469126963,0.00000569846088183,0.0000054213714975,0.00000420042397309,0.00000330077091348,0.0000023836867058,0.00000190915943676,0.00000145055673784,0.00000117225567919,0.00000104969069525,8.22470553885e-7,5.78020944886e-7,5.16552574936e-7,4.86352917051e-7,5.05175478338e-7,3.72496714363e-7],"dmean2":[0.00105056585744,0.00135291565675,0.00068337097764,0.000359824800398,0.00022982453811,0.000269031123025,0.000236880863667,0.000135211710585,0.00019313080702,0.000116002622235,0.000108220410766,0.000103699290776,0.0000819217821117,0.0000898015787243,0.0000731272957637,0.0000614413729636,0.0000671057568979,0.0000406741455663,0.0000269682259386,0.0000250338125625,0.0000215328527702,0.0000202530882234,0.0000148221961354,0.0000113130136015,0.0000106214492916,0.0000090655985332,0.00000862321849127,0.00000663778973831,0.00000522441450812,0.0000036010101212,0.00000297849578601,0.00000222749349632,0.00000175072716502,0.00000160279819283,0.00000124545488234,8.63284185471e-7,7.54548523219e-7,7.12055623353e-7,7.42777899632e-7,5.6227912637e-7],"dvar":[0.00000247127536568,0.0000034210981994,9.28183624183e-7,4.88595844672e-7,1.93371249679e-7,2.36273677956e-7,1.81242910458e-7,5.54769918892e-8,2.40794832962e-7,9.04920298694e-8,9.07467381239e-8,8.9250811186e-8,5.3475400108e-8,1.03995162704e-7,7.0018380427e-8,3.18364676843e-8,3.07233420926e-8,1.22279812942e-8,5.07271957773e-9,2.27955498922e-9,1.63125712938e-9,1.49504675306e-9,6.46100284385e-10,4.17134882191e-10,2.89144458376e-10,2.14315912239e-10,2.50139020608e-10,1.28195037918e-10,8.3485683644e-11,6.25380650043e-11,4.60903953892e-11,2.88394377823e-11,1.64157073351e-11,1.33048346646e-11,5.89989775784e-12,2.75016012567e-12,2.2665263763e-12,1.29266486838e-12,1.54944384146e-12,1.22226014032e-12],"dvar2":[0.00000521008496435,0.0000097322226793,0.00000220482957047,0.00000115527654998,3.49630198571e-7,6.21085746388e-7,4.61218689907e-7,1.33481748321e-7,5.44553984128e-7,2.0555560809e-7,2.10503756648e-7,1.9936126705e-7,1.22968941696e-7,2.28171387562e-7,1.58932550676e-7,6.7506277901e-8,7.57444524879e-8,2.89614536797e-8,1.17630767349e-8,5.24603915864e-9,3.71959374412e-9,3.23485793707e-9,1.58116009175e-9,1.03143471542e-9,7.38904826214e-10,4.97366259289e-10,5.95553495408e-10,3.06521558135e-10,2.01528738142e-10,1.3405217214e-10,1.12147777176e-10,7.6191927767e-11,3.80602251104e-11,3.25420766722e-11,1.38840770478e-11,6.53338928097e-12,5.27374584974e-12,2.75342856154e-12,3.49036359711e-12,2.957015275e-12],"max":[0.0162578597665,0.0189245585352,0.0173197537661,0.0108388708904,0.0104067819193,0.010465696454,0.00697590271011,0.00888410769403,0.0129382340237,0.0110719045624,0.0110045652837,0.008579720743,0.0133542874828,0.0141776399687,0.00851213932037,0.00587441027164,0.00774309877306,0.00389896403067,0.00222959020175,0.00212154956535,0.00235623028129,0.00213219667785,0.000814245140646,0.000511294871103,0.000458264024928,0.000393393012928,0.000454011838883,0.000365609797882,0.000379519857233,0.000435697846115,0.000297096121358,0.000325720699038,0.000281975051621,0.000140885167639,0.000107291714812,0.0000539350658073,0.0000929728266783,0.0000487034740217,0.0000277885974356,0.0000559320105822],"mean":[0.00103076279629,0.00127271923702,0.0005084486329,0.000293157267151,0.000260493077803,0.000229345896514,0.000205629927223,0.000133227324113,0.00016434743884,0.000104234422906,0.000100867808214,0.000102696649265,0.0000791085622041,0.0000894084805623,0.0000697127761669,0.0000600106031925,0.0000622674633632,0.0000356141463271,0.0000245499377343,0.0000241798443312,0.0000200967533601,0.0000176495232154,0.0000126092254504,0.0000100818106148,0.00000910094695428,0.00000745315264794,0.00000705590537109,0.00000551117182113,0.0000042628985284,0.00000327020529767,0.00000267247924057,0.00000226021279559,0.00000176706362254,0.00000160674119343,0.00000120814763704,8.4712695525e-7,7.7881065863e-7,6.68758275424e-7,6.39017741833e-7,4.84594124828e-7],"median":[0.000241254616412,0.000720220559742,0.000228598044487,0.0000915944183362,0.0000786683958722,0.0000674927723594,0.0000519969216839,0.0000382316138712,0.0000290647167276,0.0000217349188461,0.0000225936291827,0.0000169394661498,0.0000158835700859,0.0000112652278403,0.00000664301342113,0.00000540518340131,0.00000926971006265,0.00000518595288668,0.00000445557952844,0.00000587402473684,0.00000497992914461,0.00000344300133293,0.00000339199846167,0.00000269699853561,0.00000257294732364,0.00000201673469746,0.00000143955787735,0.0000012103841982,9.59362523645e-7,6.76359491081e-7,5.17728551586e-7,4.19123011852e-7,3.77455364742e-7,3.12295469485e-7,2.43001551326e-7,1.69673526784e-7,1.45982767208e-7,1.33872717356e-7,1.30575728008e-7,9.51710887875e-8],"min":[1.06784219544e-23,5.85931407177e-24,8.80200742854e-24,2.15990884989e-24,8.09499636426e-24,9.58982545964e-24,2.02338104801e-23,5.355820838e-24,6.12491564994e-24,1.47182780465e-23,1.50854596657e-23,4.86156161555e-24,5.80292432211e-24,9.98521911142e-24,1.06098020997e-23,1.13945325292e-23,8.33673490006e-24,6.64378023288e-24,2.10287456143e-23,1.73380425143e-23,1.41623772329e-23,1.29937949756e-23,8.18535328121e-24,7.15295129302e-24,5.63369354199e-24,4.87901476865e-24,5.23135909754e-24,1.3928942247e-23,7.82982865958e-24,1.01023673224e-23,8.82351177681e-24,1.33399960501e-23,1.04035899148e-23,6.96342272738e-24,7.10443398077e-24,8.87880382652e-24,1.33792450356e-23,1.43780928252e-23,1.40104804879e-23,1.46687628252e-23],"var":[0.00000376507250621,0.00000329914996655,9.83449126579e-7,5.54262783226e-7,3.96154035798e-7,2.83221964992e-7,2.35053832398e-7,9.55865715468e-8,3.81490679047e-7,1.48400886246e-7,1.62683619465e-7,1.6759133814e-7,1.03979296284e-7,1.97466761165e-7,1.17719523018e-7,6.56776251162e-8,4.25101482904e-8,1.6859424079e-8,7.46637862648e-9,4.33288471768e-9,2.95719293497e-9,2.56310239699e-9,8.88101092666e-10,5.61853785719e-10,4.08678868524e-10,3.30907357071e-10,4.11000983247e-10,2.15683457205e-10,1.26461965899e-10,1.29676491767e-10,9.1416325898e-11,6.5293735696e-11,3.15573157883e-11,2.83709687687e-11,1.26037158141e-11,5.10898745185e-12,6.15049807959e-12,2.97273880859e-12,2.30756104329e-12,1.73606821193e-12]},"melbands_crest":{"dmean":3.62111592293,"dmean2":5.68962001801,"dvar":11.4919128418,"dvar2":26.487537384,"max":36.5391235352,"mean":14.8724117279,"median":14.2159910202,"min":2.07817459106,"var":33.9427566528},"melbands_flatness_db":{"dmean":0.035929646343,"dmean2":0.0512154996395,"dvar":0.00123643735424,"dvar2":0.00257139117457,"max":0.525841057301,"mean":0.203285396099,"median":0.193841025233,"min":0.00697564892471,"var":0.00579842412844},"melbands_kurtosis":{"dmean":11.3024377823,"dmean2":17.672460556,"dvar":711.198242188,"dvar2":1647.17749023,"max":1227.53137207,"mean":17.6490707397,"median":8.12124824524,"min":-1.8681666851,"var":1199.81970215},"melbands_skewness":{"dmean":0.970313310623,"dmean2":1.46567225456,"dvar":1.32298564911,"dvar2":2.91787791252,"max":26.8374652863,"mean":2.8173251152,"median":2.48273062706,"min":-3.32246851921,"var":4.47237110138},"melbands_spread":{"dmean":9.69675350189,"dmean2":14.943693161,"dvar":193.158630371,"dvar2":448.93661499,"max":218.69732666,"mean":25.0617446899,"median":18.9703903198,"min":0.483787983656,"var":522.592407227},"mfcc":{"cov":[[9734.02636719,-174.794631958,-856.326171875,-187.496520996,-238.056045532,27.5624980927,-67.0696563721,-86.5109558105,-105.993911743,112.149253845,34.7311935425,-80.9274902344,-121.715301514],[-174.794631958,1380.09057617,-118.662101746,-21.3181743622,65.3855743408,39.3240623474,79.2977981567,82.7860794067,57.0602722168,10.5212030411,5.86539363861,16.4418029785,36.6468276978],[-856.326171875,-118.662101746,967.176513672,158.62739563,73.9678344727,17.5158996582,67.8448486328,32.1910705566,33.5931472778,-38.7074661255,-3.75984764099,-1.95468592644,1.26334881783],[-187.496520996,-21.3181743622,158.62739563,402.472808838,103.48690033,-4.18833494186,-12.0457763672,-4.44727659225,31.1062088013,31.8972911835,22.0539531708,16.1109790802,19.953327179],[-238.056045532,65.3855743408,73.9678344727,103.48690033,279.733001709,65.4905395508,-5.28891515732,25.8580589294,69.2279129028,23.4674129486,8.35849571228,30.2873859406,37.1509513855],[27.5624980927,39.3240623474,17.5158996582,-4.18833494186,65.4905395508,146.470443726,83.1848678589,40.3360214233,19.5743808746,22.4971542358,22.6825065613,14.8886003494,9.9373588562],[-67.0696563721,79.2977981567,67.8448486328,-12.0457763672,-5.28891515732,83.1848678589,205.253143311,88.7249908447,4.84274721146,12.4914150238,33.7293128967,15.3844766617,5.87158966064],[-86.5109558105,82.7860794067,32.1910705566,-4.44727659225,25.8580589294,40.3360214233,88.7249908447,134.105865479,51.3687744141,8.00407218933,9.94222640991,14.0799274445,16.9871635437],[-105.993911743,57.0602722168,33.5931472778,31.1062088013,69.2279129028,19.5743808746,4.84274721146,51.3687744141,123.47618866,41.0530738831,-5.78359222412,14.1285648346,18.3082695007],[112.149253845,10.5212030411,-38.7074661255,31.8972911835,23.4674129486,22.4971542358,12.4914150238,8.00407218933,41.0530738831,110.187362671,59.1505279541,14.0804319382,-1.07860803604],[34.7311935425,5.86539363861,-3.75984764099,22.0539531708,8.35849571228,22.6825065613,33.7293128967,9.94222640991,-5.78359222412,59.1505279541,112.375244141,38.7426490784,-3.75391554832],[-80.9274902344,16.4418029785,-1.95468592644,16.1109790802,30.2873859406,14.8886003494,15.3844766617,14.0799274445,14.1285648346,14.0804319382,38.7426490784,79.7435836792,39.1915893555],[-121.715301514,36.6468276978,1.26334881783,19.953327179,37.1509513855,9.9373588562,5.87158966064,16.9871635437,18.3082695007,-1.07860803604,-3.75391554832,39.1915893555,82.0025405884]],"icov":[[0.000117184463306,0.0000147587679749,0.0000918343212106,-0.00000234110962083,0.0000698919538991,-0.0000948219385464,0.0000404854072258,-0.0000077968752521,0.0000726643920643,-0.000136486720294,0.0000319856662827,0.0000468812140753,0.000106076971861],[0.0000147587679749,0.000789879064541,0.000158205613843,0.0000391485846194,-0.000166654674103,0.0000942354818108,-0.000298388826195,-0.000196853710804,-0.000275650207186,0.000157694608788,-0.000117273666547,0.000185619399417,-0.000247290648986],[0.0000918343212106,0.000158205613843,0.00132030015811,-0.000473249470815,-0.000164793484146,0.0000955502327997,-0.00063819042407,0.000202821334824,-0.000623570056632,0.000962413614616,-0.000387873122236,0.000355551950634,0.000191374885617],[-0.00000234110962083,0.0000391485846194,-0.000473249470815,0.00306886876933,-0.00110430491623,0.00076460238779,-0.0000459128641523,0.000314482953399,0.0000364399238606,-0.000861478387378,-0.000316047837259,0.000140627205838,-0.000515774183441],[0.0000698919538991,-0.000166654674103,-0.000164793484146,-0.00110430491623,0.00556493084878,-0.00296261138283,0.00159127207007,-0.0000616587421973,-0.00217956025153,0.000483964337036,-0.000298189930618,-0.000563011912163,-0.00106544082519],[-0.0000948219385464,0.0000942354818108,0.0000955502327997,0.00076460238779,-0.00296261138283,0.0108664436266,-0.00455771153793,0.000278905237792,0.0000408276027883,-0.00112220749725,-0.000151585481944,-0.0000314588105539,-0.0000922230101423],[0.0000404854072258,-0.000298388826195,-0.00063819042407,-0.0000459128641523,0.00159127207007,-0.00455771153793,0.0098013933748,-0.00584511412308,0.00240935618058,-0.000600440602284,-0.00104820472188,-0.000403257523431,0.000153802757268],[-0.0000077968752521,-0.000196853710804,0.000202821334824,0.000314482953399,-0.0000616587421973,0.000278905237792,-0.00584511412308,0.013882489875,-0.00651980191469,0.00286310981028,-0.00174607767258,0.000833093479741,-0.00145119265653],[0.0000726643920643,-0.000275650207186,-0.000623570056632,0.0000364399238606,-0.00217956025153,0.0000408276027883,0.00240935618058,-0.00651980191469,0.0156356431544,-0.00841174833477,0.00623073428869,-0.00293232616968,0.000477516965475],[-0.000136486720294,0.000157694608788,0.000962413614616,-0.000861478387378,0.000483964337036,-0.00112220749725,-0.000600440602284,0.00286310981028,-0.00841174833477,0.0183563362807,-0.0110498238355,0.00370785640553,-0.000870090269018],[0.0000319856662827,-0.000117273666547,-0.000387873122236,-0.000316047837259,-0.000298189930618,-0.000151585481944,-0.00104820472188,-0.00174607767258,0.00623073428869,-0.0110498238355,0.0192951858044,-0.0102247409523,0.00500656384975],[0.0000468812140753,0.000185619399417,0.000355551950634,0.000140627205838,-0.000563011912163,-0.0000314588105539,-0.000403257523431,0.000833093479741,-0.00293232616968,0.00370785640553,-0.0102247409523,0.0226979218423,-0.0105505483225],[0.000106076971861,-0.000247290648986,0.000191374885617,-0.000515774183441,-0.00106544082519,-0.0000922230101423,0.000153802757268,-0.00145119265653,0.000477516965475,-0.000870090269018,0.00500656384975,-0.0105505483225,0.0185223091394]],"mean":[-691.516296387,118.640525818,1.70939171314,23.019744873,4.924700737,4.29047060013,2.4720492363,4.46783447266,1.94165205956,1.84981334209,0.638096451759,0.795422077179,1.99525094032]},"pitch_salience":{"dmean":0.0844748839736,"dmean2":0.131775736809,"dvar":0.00584998587146,"dvar2":0.0135150598362,"max":0.941920876503,"mean":0.520947039127,"median":0.52906113863,"min":0.0804038569331,"var":0.0177755970508},"silence_rate_20dB":{"dmean":0,"dmean2":0,"dvar":0,"dvar2":0,"max":1,"mean":1,"median":1,"min":1,"var":0},"silence_rate_30dB":{"dmean":0.000865925801918,"dmean2":0.00173197663389,"dvar":0.000865214446094,"dvar2":0.00216210982762,"max":1,"mean":0.999350607395,"median":1,"min":0,"var":0.000648921879474},"silence_rate_60dB":{"dmean":0.0646557956934,"dmean2":0.129320919514,"dvar":0.0604630447924,"dvar2":0.1260176301,"max":1,"mean":0.180676817894,"median":0,"min":0,"var":0.147998064756},"spectral_centroid":{"dmean":338.229858398,"dmean2":513.141052246,"dvar":151417.40625,"dvar2":338702.75,"max":11321.7792969,"mean":1409.61889648,"median":1283.28088379,"min":151.792037964,"var":545247.875},"spectral_complexity":{"dmean":4.10910654068,"dmean2":5.75189447403,"dvar":26.9841480255,"dvar2":47.9270133972,"max":58,"mean":14.1424341202,"median":12,"min":0,"var":110.383377075},"spectral_contrast_coeffs":{"dmean":[0.0520941615105,0.0489111728966,0.0403390266001,0.0345353111625,0.0256485845894,0.0218754597008],"dmean2":[0.0852860882878,0.0784294307232,0.0632188618183,0.0540568567812,0.0405011922121,0.0338500961661],"dvar":[0.00215635658242,0.00171132944524,0.00109245232306,0.00083362456644,0.000498056702781,0.000418012146838],"dvar2":[0.00530325854197,0.00421651313081,0.00260223029181,0.00187295058277,0.00114782177843,0.000943302526139],"max":[-0.279212534428,-0.370687872171,-0.440077990294,-0.50420075655,-0.593397498131,-0.582346975803],"mean":[-0.668798446655,-0.747982382774,-0.780565023422,-0.780940949917,-0.799456834793,-0.786738395691],"median":[-0.675692260265,-0.758225381374,-0.786008536816,-0.787438869476,-0.803691864014,-0.789108753204],"min":[-0.987406015396,-0.988957762718,-0.986354291439,-0.959758579731,-0.962565660477,-0.960294246674],"var":[0.00722553906962,0.00605058996007,0.00424123415723,0.00418448168784,0.0021590446122,0.00173352588899]},"spectral_contrast_valleys":{"dmean":[0.481000870466,0.45032992959,0.425276845694,0.414920687675,0.40680539608,0.471087276936],"dmean2":[0.745779514313,0.682903647423,0.625793457031,0.578502058983,0.530829191208,0.572759509087],"dvar":[0.188778951764,0.186666607857,0.167214766145,0.164268136024,0.17202706635,0.216258361936],"dvar2":[0.386826246977,0.369828045368,0.316438645124,0.284244537354,0.280492961407,0.39389654994],"max":[-5.51592540741,-4.61382722855,-4.69803571701,-5.30279541016,-5.29691171646,-7.748005867],"mean":[-7.78657245636,-7.19042444229,-7.73617839813,-8.23842716217,-8.00895023346,-10.4546175003],"median":[-7.58347225189,-7.02077770233,-7.60573720932,-8.11200428009,-7.89426326752,-10.3360357285],"min":[-27.1717071533,-27.2352085114,-27.1929626465,-27.3426876068,-27.1380138397,-27.2861843109],"var":[1.59016215801,1.46480798721,1.58723139763,1.58991134167,1.43920171261,1.3727376461]},"spectral_decrease":{"dmean":1.81914361352e-9,"dmean2":2.71004285679e-9,"dvar":8.56408129599e-18,"dvar2":1.89007328897e-17,"max":8.02554568052e-31,"mean":-4.27384527768e-9,"median":-2.80958367682e-9,"min":-3.06563130437e-8,"var":2.08347804235e-17},"spectral_energy":{"dmean":0.00727527588606,"dmean2":0.0107420627028,"dvar":0.000135139198392,"dvar2":0.000292800395982,"max":0.130277380347,"mean":0.0173936206847,"median":0.0112845366821,"min":1.077512527e-20,"var":0.000347734516254},"spectral_energyband_high":{"dmean":0.000324973516399,"dmean2":0.000456995650893,"dvar":6.40236351046e-7,"dvar2":0.00000134553715725,"max":0.0319968909025,"mean":0.000541822519153,"median":0.000140653908602,"min":8.00819804304e-21,"var":0.00000185551607501},"spectral_energyband_low":{"dmean":0.00373488105834,"dmean2":0.00600717868656,"dvar":0.0000559670479561,"dvar2":0.000140234900755,"max":0.0730126872659,"mean":0.00651884963736,"median":0.00364932790399,"min":7.90519153953e-23,"var":0.0000807338365121},"spectral_energyband_middle_high":{"dmean":0.0020157888066,"dmean2":0.0027883220464,"dvar":0.0000250600023719,"dvar2":0.0000477174435218,"max":0.117562621832,"mean":0.0047036842443,"median":0.00146418751683,"min":1.40370883876e-21,"var":0.000100845398265},"spectral_energyband_middle_low":{"dmean":0.00348159694113,"dmean2":0.00525129353628,"dvar":0.0000644715255476,"dvar2":0.000139986907016,"max":0.102657608688,"mean":0.00623966008425,"median":0.00308027444407,"min":3.21923280695e-22,"var":0.000101883415482},"spectral_entropy":{"dmean":0.208377674222,"dmean2":0.291940271854,"dvar":0.0427232347429,"dvar2":0.0861259624362,"max":9.79894828796,"mean":7.60468006134,"median":7.64919948578,"min":5.33777141571,"var":0.193116486073},"spectral_flux":{"dmean":0.0250085480511,"dmean2":0.0384408161044,"dvar":0.00104616570752,"dvar2":0.00226676976308,"max":0.339038819075,"mean":0.0681736767292,"median":0.0521665811539,"min":1.03803299289e-10,"var":0.00269599677995},"spectral_kurtosis":{"dmean":1.68097507954,"dmean2":2.66760087013,"dvar":4.26470565796,"dvar2":10.9898805618,"max":37.8684768677,"mean":4.69986581802,"median":4.01728105545,"min":-1.20990467072,"var":9.75677394867},"spectral_rms":{"dmean":0.000794461579062,"dmean2":0.00111543061212,"dvar":0.00000105039976006,"dvar2":0.00000207370680982,"max":0.0112738581374,"mean":0.00357224210165,"median":0.00331802712753,"min":3.24227038447e-12,"var":0.00000420855167249},"spectral_rolloff":{"dmean":637.314758301,"dmean2":1056.99743652,"dvar":1277251.75,"dvar2":3047863,"max":18647.7539062,"mean":1562.20349121,"median":1055.12695312,"min":64.599609375,"var":3514415},"spectral_skewness":{"dmean":0.254258275032,"dmean2":0.387195438147,"dvar":0.0671217218041,"dvar2":0.156490430236,"max":4.41453361511,"mean":1.59341168404,"median":1.53527057171,"min":0.0076961601153,"var":0.237189501524},"spectral_spread":{"dmean":807073,"dmean2":1147404.375,"dvar":783891955712,"dvar2":1649747427330,"max":41495312,"mean":4790457,"median":4487413.5,"min":1357806,"var":2939303231490},"spectral_strongpeak":{"dmean":0.436843812466,"dmean2":0.733557164669,"dvar":0.887271463871,"dvar2":2.18969798088,"max":16.6819992065,"mean":0.737277746201,"median":0.323680967093,"min":0,"var":1.62200343609},"zerocrossingrate":{"dmean":0.0129506932572,"dmean2":0.0150946453214,"dvar":0.000202938943403,"dvar2":0.000255472259596,"max":0.50341796875,"mean":0.0624461658299,"median":0.05419921875,"min":0.00341796875,"var":0.00207237503491}},"metadata":{"audio_properties":{"analysis_sample_rate":44100,"bit_rate":0,"codec":"flac","downmix":"mix","equal_loudness":0,"length":321.760009766,"lossless":true,"md5_encoded":"6c05471e5cf53d9ebc13ab0fe9945995","replay_gain":-14.2033367157,"sample_rate":44100},"tags":{"album":["Black and Blue"],"albumartist":["The Rolling Stones"],"albumartistsort":["Rolling Stones, The"],"artist":["The Rolling Stones"],"artistsort":["Rolling Stones, The"],"asin":["B00005LU96"],"barcode":["5099745020324"],"catalognumber":["450203 2"],"date":["1986"],"discnumber":["1"],"disctotal":["1"],"file_name":"01-01 Hot Stuff.flac","genre":["Rock"],"isrc":["GBCJN7600001"],"label":["CBS"],"labelno":["2701561"],"media":["CD"],"musicbrainz_albumartistid":["b071f9fa-14b0-4217-8e97-eb41da73f598"],"musicbrainz_albumid":["db200e58-725d-388e-af19-287be0e528b1"],"musicbrainz_artistid":["b071f9fa-14b0-4217-8e97-eb41da73f598"],"musicbrainz_recordingid":["e2f9bd93-38e8-45f9-b7f6-289b5cee083c"],"musicbrainz_releasegroupid":["b13da40b-fb15-382e-b305-b65ced849782"],"originaldate":["1976-04-23"],"publisher":["Polydor"],"release date":["2009-05-04"],"releasecountry":["FR"],"releasestatus":["official"],"releasetype":["album"],"script":["Latn"],"title":["Hot Stuff"],"totaldiscs":["1"],"totaltracks":["8"],"tracknumber":["1"],"tracktotal":["8"]},"version":{"essentia":"2.1-beta1","essentia_build_sha":"ca57ba49d9b1854bd80e60cf9ccf267278fb7d6b","essentia_git_sha":"v2.1_beta1-28-g21ef5f4-dirty","extractor":"music 1.0"}},"rhythm":{"beats_count":536,"beats_loudness":{"dmean":0.0178417377174,"dmean2":0.0318601429462,"dvar":0.000184656324564,"dvar2":0.000590199779253,"max":0.13334852457,"mean":0.0416962914169,"median":0.0395945124328,"min":3.05979908077e-10,"var":0.000359306490282},"beats_loudness_band_ratio":{"dmean":[0.454265326262,0.319013863802,0.153920382261,0.0888194963336,0.0