{"lowlevel":{"average_loudness":0.942409038544,"barkbands":{"dmean":[0.000253856182098,0.00321111525409,0.00318636698648,0.00195053464267,0.00199522054754,0.00159522355534,0.000928075925913,0.000593098753598,0.000560847285669,0.000403869402362,0.000271586701274,0.000305826455588,0.000314742035698,0.000331388786435,0.000351133814547,0.000295753561659,0.000520440225955,0.000359307479812,0.000234950159211,0.000190405771718,0.000170366751263,0.0000653614915791,0.0000435485380876,0.0000474019398098,0.0000321983461617,0.0000116594301289,0.00000374068986275],"dmean2":[0.00040772286593,0.00539147248492,0.0056470730342,0.00338893989101,0.00336799258366,0.00274492125027,0.00153187196702,0.000971785746515,0.000926406355575,0.000666753447149,0.000436422124039,0.000494727864861,0.000514012412168,0.000529824639671,0.000574281788431,0.000472136976896,0.00083173729945,0.000576200603973,0.000370380526874,0.000298319471767,0.000271530589089,0.000100971308711,0.0000634665120742,0.0000663422979414,0.0000436670816271,0.0000155462930707,0.00000474840453535],"dvar":[2.26053430197e-7,0.0000379351040465,0.0000615945245954,0.0000129320060296,0.0000159268820425,0.00000973185797193,0.00000310549830829,0.00000118501657198,0.00000144796763379,6.62324907807e-7,4.33306411196e-7,6.63250887101e-7,5.39307677627e-7,3.97078224523e-7,4.45417924766e-7,2.67116547548e-7,0.00000122596929941,2.89788488317e-7,1.83984965929e-7,8.15433764956e-8,8.28593869073e-8,2.38183321954e-8,5.92562532375e-9,1.53304533512e-8,2.29415260122e-8,2.62508503823e-9,1.01419636578e-10],"dvar2":[5.656996791e-7,0.000106925355794,0.000176468485733,0.000035928129364,0.0000415686845372,0.0000263379006356,0.00000795615051175,0.00000324542725139,0.00000387728186979,0.00000175548211701,0.00000113155601866,0.00000165801520779,0.00000152152313149,9.93099661173e-7,0.00000121576965739,6.29775286143e-7,0.00000337721053256,7.58900455367e-7,4.75919307519e-7,1.93297040596e-7,2.09197011714e-7,5.42538955983e-8,1.24220980169e-8,3.07852658921e-8,4.40806324775e-8,5.41943245835e-9,1.71000810734e-10],"max":[0.00727033009753,0.0526876747608,0.0633798167109,0.0306870024651,0.0525427721441,0.0422534942627,0.0267095398158,0.0212993733585,0.0298680327833,0.0170507393777,0.0156023493037,0.0371651612222,0.0276750195771,0.0147515144199,0.0278939679265,0.0163424536586,0.0326679013669,0.0112944021821,0.0156829878688,0.00423315353692,0.00483940448612,0.00806747935712,0.00179290177766,0.00610178941861,0.00661591207609,0.00196433137171,0.000392199028283],"mean":[0.000365821353626,0.00589776411653,0.00399293983355,0.00268881511874,0.00261242431588,0.00198839814402,0.00141445104964,0.000872017873917,0.000858942978084,0.000605149019975,0.000421588250902,0.000492825871333,0.000532445847057,0.00057282258058,0.00062353850808,0.000547084258869,0.00100548577029,0.000763228803407,0.000526807853021,0.000431759341154,0.00039961701259,0.00015074374096,0.0000987872408587,0.000113193491416,0.0000697340583429,0.0000243847371166,0.0000064943178586],"median":[0.000101613768493,0.00448862928897,0.00209137261845,0.00143268599641,0.00135391950607,0.000902265892364,0.000794042018242,0.000455593137303,0.000389869557694,0.000249404401984,0.00018147121591,0.000195418557269,0.00026727662771,0.000289888092084,0.000330184440827,0.000319238693919,0.000549305637833,0.000498305889778,0.000329195056111,0.000282884488115,0.000261065579252,0.0000914541597012,0.0000511079742864,0.0000420097348979,0.0000160255640367,0.0000051058441386,7.10519714175e-7],"min":[2.03930392435e-25,1.09912613125e-23,1.71877980384e-24,1.51937588295e-24,1.1907800144e-23,1.58531349225e-23,1.45471267845e-23,1.60087803345e-23,1.54580670703e-23,2.13979467174e-23,2.07320234734e-23,2.70700648852e-23,4.05599713286e-23,5.20813321811e-23,5.94491131755e-23,6.28700053356e-23,8.55015538039e-23,1.30994695202e-22,6.78092591007e-23,2.26081704177e-22,2.21983893629e-22,3.24701964347e-22,3.80375879531e-22,5.71050275107e-22,9.79556530622e-22,1.38556256407e-21,1.96335498721e-21],"var":[3.37059020694e-7,0.00004166639701,0.0000457892747363,0.0000124685111587,0.0000159372921189,0.0000107477299025,0.00000445819978268,0.00000167238442828,0.00000232647289522,0.00000114672411655,6.89953367328e-7,0.0000011584445474,9.22459946651e-7,7.99266274498e-7,9.20090144518e-7,5.87883903336e-7,0.00000288036153506,7.89785815414e-7,5.01489466842e-7,2.24300208629e-7,2.06695375482e-7,8.16109277935e-8,1.91138109784e-8,4.72134900065e-8,4.87509090874e-8,5.15081000074e-9,2.60370613958e-10]},"barkbands_crest":{"dmean":2.15841960907,"dmean2":3.54447412491,"dvar":4.10285615921,"dvar2":11.2728881836,"max":23.5982265472,"mean":8.06213188171,"median":7.46690416336,"min":2.24509215355,"var":9.09530925751},"barkbands_flatness_db":{"dmean":0.0185689982027,"dmean2":0.0286630541086,"dvar":0.000420576805482,"dvar2":0.00109708274249,"max":0.359540730715,"mean":0.104524262249,"median":0.097542271018,"min":0.0187954511493,"var":0.00167928403243},"barkbands_kurtosis":{"dmean":1.92663955688,"dmean2":3.23527288437,"dvar":12.0130939484,"dvar2":32.0643348694,"max":65.4267883301,"mean":1.67702746391,"median":0.196735620499,"min":-1.84510540962,"var":20.3733596802},"barkbands_skewness":{"dmean":0.520086407661,"dmean2":0.838201701641,"dvar":0.370438039303,"dvar2":0.962291717529,"max":6.13557767868,"mean":1.15993845463,"median":1.06298744678,"min":-3.20475578308,"var":1.0230358839},"barkbands_spread":{"dmean":6.57452297211,"dmean2":10.479309082,"dvar":50.8843536377,"dvar2":127.946044922,"max":111.31427002,"mean":30.7047290802,"median":29.8342132568,"min":1.35676157475,"var":187.315490723},"dissonance":{"dmean":0.0115235717967,"dmean2":0.0194838922471,"dvar":0.000173509353772,"dvar2":0.000489882193506,"max":0.500000178814,"mean":0.480022549629,"median":0.484179884195,"min":0.055211417377,"var":0.000278416380752},"dynamic_complexity":3.22276186943,"erbbands":{"dmean":[0.0862847790122,0.811135411263,3.32726955414,5.36462402344,6.15455055237,7.28680419922,11.4289569855,12.3394508362,14.1604356766,11.013458252,14.3416213989,12.3730583191,9.81704235077,13.2452125549,10.3744516373,13.4034337997,13.3581848145,18.094701767,16.8550815582,16.4768314362,14.8847923279,23.8722476959,20.6316280365,13.626001358,11.5218019485,9.63859462738,8.10130882263,5.37613773346,2.63800930977,1.5281535387,1.2223097086,1.08457279205,0.783482789993,0.420948147774,0.207628250122,0.0654555112123,0.0201604887843,0.00430327933282,0.000648182292935,0.0000398832708015],"dmean2":[0.139523893595,1.38927650452,5.90357446671,9.35905838013,10.525390625,12.3699483871,19.8022480011,21.0234966278,23.2373943329,18.5106086731,23.2234516144,20.3002586365,15.9685163498,21.7336521149,16.4439105988,21.4907398224,21.5158405304,28.7424049377,27.8714580536,26.5018005371,23.53789711,37.5122833252,32.4443855286,21.491689682,18.2885456085,15.1226472855,12.8920459747,8.56603717804,4.08060073853,2.31760859489,1.77552688122,1.55329298973,1.10366606712,0.581750333309,0.290828675032,0.0898832902312,0.0263847410679,0.00529910251498,0.000822415051516,0.0000519716304552],"dvar":[0.0189786683768,3.28323817253,72.3581314087,112.73097229,118.949653625,296.078430176,472.710418701,617.112243652,844.517883301,370.48336792,784.091796875,799.573547363,336.772766113,880.145202637,567.357055664,1424.56774902,1151.62988281,1256.1463623,1403.48181152,765.517456055,634.877929688,2312.35888672,962.32623291,725.14453125,435.926452637,228.04498291,186.306640625,115.771781921,33.6984710693,8.38950920105,4.90714931488,5.3291888237,5.69037866592,3.04091882706,1.21740996838,0.097511857748,0.00701190298423,0.000222406582907,0.00000287909438157,6.86222012547e-9],"dvar2":[0.049617446959,9.37363529205,206.500473022,319.628570557,315.579467773,789.212768555,1300.18481445,1643.60522461,2094.83959961,1022.3034668,2140.7956543,2138.93310547,864.025024414,2279.26171875,1405.06689453,3554.52246094,3270.5859375,3120.61889648,4021.86767578,1943.31921387,1510.13171387,6189.12548828,2499.28466797,1829.47460938,1192.84326172,552.127624512,467.782897949,293.551757812,78.1691360474,19.3186569214,10.2563800812,11.5748701096,10.9553575516,5.70555782318,2.50205850601,0.215257033706,0.0129073159769,0.000342013954651,0.00000484983456772,1.32124613472e-8],"max":[1.65440964699,15.4458284378,63.5689163208,102.886177063,100.194610596,265.373168945,238.937347412,509.509033203,496.713348389,543.946899414,575.607543945,883.444824219,353.920501709,562.758422852,746.631225586,1865.39001465,1437.1015625,874.536560059,1698.51989746,539.013061523,675.620239258,1473.50939941,900.404174805,920.873291016,415.032073975,286.86138916,299.577026367,455.113586426,230.368392944,46.7380561829,58.8299026489,96.754486084,107.416618347,77.6096878052,49.5845222473,14.5695962906,3.61956191063,0.676996052265,0.0619550421834,0.0019512969302],"mean":[0.180010542274,1.28696620464,4.15244436264,8.03931427002,7.94467449188,8.79130744934,12.9561157227,15.7056379318,20.9056854248,17.3356571198,21.9792957306,19.3615150452,16.381072998,20.8370628357,18.3190383911,22.5387535095,24.5243091583,32.2687110901,31.3159389496,31.8718566895,31.5781822205,49.8206520081,46.6577377319,31.0977554321,25.8861484528,22.0431003571,18.8760528564,12.6116628647,6.28395223618,3.36727333069,2.74008274078,2.42890620232,1.84659302235,0.91955190897,0.432374447584,0.136661022902,0.0405209809542,0.00833088438958,0.00113676500041,0.0000876848280313],"median":[0.110324725509,0.976925432682,2.32527017593,4.79933547974,4.42263317108,4.12030553818,6.22607183456,6.81059598923,10.4531230927,10.6492862701,11.2032384872,9.04337310791,8.29170799255,8.82736110687,9.00539493561,9.53931713104,12.6839323044,16.2636241913,16.6740531921,18.3934288025,19.6996517181,29.2600746155,32.238445282,19.1644172668,16.6185302734,15.0079898834,12.6474924088,7.34476518631,4.00973701477,1.99835705757,1.35451805592,1.04052758217,0.596747815609,0.234245926142,0.0851921960711,0.0292163770646,0.00805322360247,0.0014457864454,0.000139640818816,0.00004230221748],"min":[1.63950741602e-22,2.47139675825e-21,7.3238878397e-21,6.91952334375e-21,1.36068916631e-20,4.8783341748e-20,7.1709321278e-20,1.57315225148e-19,1.98260148482e-19,2.11531369606e-19,3.42228995392e-19,3.68701023891e-19,1.06860268351e-18,1.02485134315e-18,7.05897840177e-19,1.29051507933e-18,2.10594166217e-18,3.37019499782e-18,2.8598489617e-18,3.17455210049e-18,4.05093589742e-18,5.06776586338e-18,7.43067014886e-18,7.01922389473e-18,3.84575333289e-18,9.74283600275e-18,8.00852032682e-18,7.86889141224e-18,1.30103251538e-17,1.14623426642e-17,1.01735911339e-17,1.04113997698e-17,1.08907716143e-17,9.77714497302e-18,6.65909675299e-18,4.19868069458e-18,2.75890356206e-18,8.40397407778e-19,2.75272317871e-19,2.65898629622e-20],"var":[0.0413795299828,2.67348003387,51.0901412964,104.486244202,121.51877594,259.145202637,415.055267334,757.579528809,1249.94641113,484.046875,1135.95336914,1252.92858887,610.913452148,1510.02380371,1019.88415527,2445.26269531,1992.20617676,2543.55322266,2903.20800781,1652.75952148,1634.97302246,5849.47021484,2895.46264648,1832.23364258,1123.61425781,587.318054199,488.487762451,317.104919434,90.3506393433,17.4331359863,15.5283527374,15.584602356,16.8677539825,7.14105987549,2.26927900314,0.172575294971,0.0148081472144,0.000595859775785,0.00000747179228711,1.69691567464e-8]},"erbbands_crest":{"dmean":2.25174260139,"dmean2":3.72181010246,"dvar":4.90571928024,"dvar2":12.9494752884,"max":30.1540699005,"mean":7.23926019669,"median":6.39056682587,"min":2.34926247597,"var":10.8646869659},"erbbands_flatness_db":{"dmean":0.0137891955674,"dmean2":0.0196385160089,"dvar":0.000169882623595,"dvar2":0.000334434706019,"max":0.301193773746,"mean":0.142765983939,"median":0.141621410847,"min":0.0524563193321,"var":0.00112232624087},"erbbands_kurtosis":{"dmean":0.750697135925,"dmean2":1.2190117836,"dvar":1.47409570217,"dvar2":3.89998936653,"max":33.7812805176,"mean":-0.0166771691293,"median":-0.438275814056,"min":-1.72936141491,"var":2.82113313675},"erbbands_skewness":{"dmean":0.337069749832,"dmean2":0.53689801693,"dvar":0.10190795362,"dvar2":0.264467209578,"max":3.61062407494,"mean":-0.271870672703,"median":-0.277194321156,"min":-3.96833443642,"var":0.444743037224},"erbbands_spread":{"dmean":8.26487636566,"dmean2":13.0477266312,"dvar":76.3752822876,"dvar2":194.045928955,"max":154.658615112,"mean":41.0400047302,"median":40.2629089355,"min":4.35176038742,"var":208.133712769},"gfcc":{"cov":[[15776.6162109,317.198791504,-683.905822754,326.448974609,-575.691162109,541.399719238,-554.669433594,134.652755737,-218.903533936,-33.400806427,-164.323760986,49.0483474731,-14.4023122787],[317.198791504,1417.12963867,-204.284164429,264.140350342,39.1126747131,-88.2209625244,192.996337891,-185.583587646,205.09262085,-83.4579620361,74.5742950439,-71.1116104126,50.8851585388],[-683.905822754,-204.284164429,604.090820312,-29.0834465027,51.2387199402,34.2572669983,-46.4847221375,61.4852638245,-30.6083183289,23.477191925,-12.1909732819,14.2613573074,-4.67509555817],[326.448974609,264.140350342,-29.0834465027,350.368438721,55.6445350647,-13.6811704636,49.9883651733,-36.8223724365,65.3413467407,-2.81121110916,19.5951633453,-33.6949882507,16.4044589996],[-575.691162109,39.1126747131,51.2387199402,55.6445350647,238.961456299,33.0117416382,66.0793838501,-1.58677983284,0.929221868515,-1.37213671207,-1.14846599102,-2.11943864822,-1.7762709856],[541.399719238,-88.2209625244,34.2572669983,-13.6811704636,33.0117416382,193.500152588,0.478513032198,47.5840759277,-26.7073192596,-4.92817020416,-2.41698288918,0.220253899693,-8.33224010468],[-554.669433594,192.996337891,-46.4847221375,49.9883651733,66.0793838501,0.478513032198,174.625900269,-2.54697608948,40.2532730103,-3.36699318886,20.2309169769,-14.2482614517,-0.501869678497],[134.652755737,-185.583587646,61.4852638245,-36.8223724365,-1.58677983284,47.5840759277,-2.54697608948,155.918838501,-7.52338695526,21.7324504852,-9.5019826889,12.5665054321,-0.203229874372],[-218.903533936,205.09262085,-30.6083183289,65.3413467407,0.929221868515,-26.7073192596,40.2532730103,-7.52338695526,139.262130737,8.48347949982,21.9760875702,-12.1418838501,11.2409687042],[-33.400806427,-83.4579620361,23.477191925,-2.81121110916,-1.37213671207,-4.92817020416,-3.36699318886,21.7324504852,8.48347949982,90.8136138916,27.4707984924,9.54998683929,0.0392691716552],[-164.323760986,74.5742950439,-12.1909732819,19.5951633453,-1.14846599102,-2.41698288918,20.2309169769,-9.5019826889,21.9760875702,27.4707984924,66.6139984131,11.8429088593,8.43704891205],[49.0483474731,-71.1116104126,14.2613573074,-33.6949882507,-2.11943864822,0.220253899693,-14.2482614517,12.5665054321,-12.1418838501,9.54998683929,11.8429088593,64.2166366577,17.6905136108],[-14.4023122787,50.8851585388,-4.67509555817,16.4044589996,-1.7762709856,-8.33224010468,-0.501869678497,-0.203229874372,11.2409687042,0.0392691716552,8.43704891205,17.6905136108,59.6913566589]],"icov":[[0.000141665237607,-0.000221296402742,0.000189141792362,-0.00026549724862,0.000320675229887,-0.000493406841997,0.000514958868735,-0.000231192054343,0.000328786612954,-0.000316089659464,0.000575541285798,-0.000425275735324,0.000237798099988],[-0.000221296402742,0.00188836816233,-0.000195706466911,0.0000163110998983,-0.00040724707651,0.000901110703126,-0.00180087343324,0.00156730785966,-0.00190241716336,0.00197286368348,-0.00221896753646,0.00173763313796,-0.00142349838279],[0.000189141792362,-0.000195706466911,0.0021076076664,-0.000348077912349,-0.000140348245623,-0.000707946368493,0.00124580494594,-0.000853114936035,0.000498997920658,-0.000688756175805,0.000831455225125,-0.000624180480372,0.000351718917955],[-0.00026549724862,0.0000163110998983,-0.000348077912349,0.00417558848858,-0.0014001497766,0.00091026694281,-0.00090306007769,0.000662659003865,-0.00145102059469,0.000301492254948,-0.00149028247688,0.00245568528771,-0.00141678925138],[0.000320675229887,-0.00040724707651,-0.000140348245623,-0.0014001497766,0.0059476797469,-0.00199753581546,-0.00108585471753,0.0000753041240387,0.00112845737021,-0.00094496778911,0.00223838398233,-0.0016929411795,0.000661079655401],[-0.000493406841997,0.000901110703126,-0.000707946368493,0.00091026694281,-0.00199753581546,0.00773842632771,-0.00166724377777,-0.00109799439088,-0.00018746808928,0.00221863971092,-0.00320913037285,0.00207598903216,-0.000317644968163],[0.000514958868735,-0.00180087343324,0.00124580494594,-0.00090306007769,-0.00108585471753,-0.00166724377777,0.0100517710671,-0.00235196505673,0.000583115208428,-0.00110253598541,0.000480777642224,-0.000809927470982,0.0018796530785],[-0.000231192054343,0.00156730785966,-0.000853114936035,0.000662659003865,0.0000753041240387,-0.00109799439088,-0.00235196505673,0.00928572751582,-0.00209649745375,-0.000736986577976,0.000482366158394,0.000153649394633,-0.00149840593804],[0.000328786612954,-0.00190241716336,0.000498997920658,-0.00145102059469,0.00112845737021,-0.00018746808928,0.000583115208428,-0.00209649745375,0.0110116405413,-0.00238380208611,0.000388215848943,-0.000318192265695,0.000111420507892],[-0.000316089659464,0.00197286368348,-0.000688756175805,0.000301492254948,-0.00094496778911,0.00221863971092,-0.00110253598541,-0.000736986577976,-0.00238380208611,0.015891443938,-0.00889988616109,0.00153069675434,-0.000382315687602],[0.000575541285798,-0.00221896753646,0.000831455225125,-0.00149028247688,0.00223838398233,-0.00320913037285,0.000480777642224,0.000482366158394,0.000388215848943,-0.00889988616109,0.0240454543382,-0.0070077762939,0.000740411225706],[-0.000425275735324,0.00173763313796,-0.000624180480372,0.00245568528771,-0.0016929411795,0.00207598903216,-0.000809927470982,0.000153649394633,-0.000318192265695,0.00153069675434,-0.0070077762939,0.0220640525222,-0.00756415259093],[0.000237798099988,-0.00142349838279,0.000351718917955,-0.00141678925138,0.000661079655401,-0.000317644968163,0.0018796530785,-0.00149840593804,0.000111420507892,-0.000382315687602,0.000740411225706,-0.00756415259093,0.0205430332571]],"mean":[5.67314624786,88.7853775024,-125.237289429,46.8835258484,-47.1962013245,5.31986570358,-31.2698478699,8.68843746185,-17.9497394562,2.51291251183,-11.9182052612,-2.68299055099,-9.52632141113]},"hfc":{"dmean":5.6323184967,"dmean2":7.9703245163,"dvar":51.7394294739,"dvar2":103.584983826,"max":151.541168213,"mean":23.6473693848,"median":21.6227912903,"min":1.10099109342e-16,"var":279.688110352},"melbands":{"dmean":[0.000791042228229,0.00150100584142,0.000934926676564,0.000465916615212,0.00037484196946,0.000284772017039,0.000207441553357,0.000115047048894,0.000119283613458,0.0000759409740567,0.0000505815805809,0.000056419037719,0.0000377749020117,0.0000337747587764,0.0000328693604388,0.0000331998417096,0.000034444656194,0.0000271157168754,0.0000234232575167,0.0000244159946305,0.0000187433761312,0.0000237081785599,0.0000340185470122,0.0000159202918439,0.0000117716035675,0.00000876560716279,0.00000709027699486,0.00000703742989572,0.0000060743504946,0.00000427303120887,0.00000324227380588,0.00000161546779509,0.00000116645003345,8.39580195588e-7,7.1181182193e-7,8.22393189992e-7,6.7017128913e-7,6.08991570061e-7,4.87508827973e-7,3.46156753039e-7],"dmean2":[0.00130566640291,0.00264392769895,0.00163541757502,0.0007882580976,0.000644870451652,0.000485169759486,0.000341227714671,0.000193756932276,0.000193523417693,0.00012463897292,0.0000825692550279,0.0000928174049477,0.0000605824716331,0.0000545653856534,0.0000532246085641,0.0000533287457074,0.0000549222240807,0.0000452278472949,0.0000378864679078,0.0000393263981096,0.0000300932915707,0.0000377522192139,0.000054545020248,0.0000257929059444,0.000018756963982,0.0000140775591717,0.000011236273167,0.0000112252801046,0.00000977049512585,0.0000069224379331,0.00000519766263096,0.00000253018197327,0.0000018394179051,0.0000012934035567,0.0000010579864238,0.00000123474228531,9.84263465398e-7,8.82670349256e-7,6.93483912073e-7,4.89335150178e-7],"dvar":[0.00000167863368006,0.0000141284017445,0.00000307249274556,9.487584407e-7,5.07662832661e-7,3.19536582083e-7,1.70641712316e-7,3.80955000878e-8,5.49319665311e-8,2.74058962191e-8,9.07653951998e-9,1.61574362778e-8,8.45547631911e-9,7.11375536255e-9,6.71401156893e-9,5.36141353535e-9,4.92110530104e-9,3.82940390509e-9,1.64948643633e-9,1.84251425228e-9,1.09105113832e-9,2.01944749811e-9,4.85426010499e-9,6.94230672948e-10,6.25469065429e-10,3.10680259297e-10,1.12601004909e-10,1.30562019529e-10,1.22382146084e-10,5.84570239437e-11,5.78774493609e-11,1.59557887736e-11,4.32601957728e-12,2.61688652518e-12,1.70235646326e-12,2.4215009338e-12,2.4333081123e-12,3.00591431086e-12,2.92187888468e-12,2.35692064823e-12],"dvar2":[0.00000460177079731,0.0000402427613153,0.00000863558034325,0.00000251007827501,0.00000137729477956,8.49446450957e-7,4.28193231983e-7,1.05373082704e-7,1.50490137685e-7,7.34352028076e-8,2.33824302143e-8,4.22445403103e-8,2.20381259908e-8,1.74554770638e-8,1.73758092359e-8,1.49003289707e-8,1.22697132454e-8,1.11321343255e-8,4.24669099885e-9,4.35735802995e-9,2.72628475351e-9,5.28906962671e-9,1.33747777298e-8,1.84518200719e-9,1.57498702968e-9,8.46311798419e-10,2.77289913253e-10,3.23512577838e-10,3.12222553367e-10,1.50454468328e-10,1.48528786492e-10,3.64317291612e-11,1.03704683729e-11,6.09364815551e-12,3.65967542729e-12,5.51721906009e-12,5.44584342899e-12,6.16547177895e-12,5.38125533717e-12,4.77945981403e-12],"max":[0.0117327421904,0.0292646214366,0.0150143764913,0.0137319425121,0.00683163572103,0.0100841764361,0.00654730619863,0.00495936023071,0.00452030077577,0.00487989513204,0.00176192459185,0.00253089726903,0.00220528221689,0.00344108860008,0.00279168505222,0.00300646619871,0.00182471517473,0.00268164579757,0.00101412308868,0.00159602158237,0.000780242378823,0.00110620248597,0.00198898883536,0.000671127287205,0.000899707782082,0.000455689005321,0.000213508785237,0.000208413926885,0.000308246118948,0.000110491615487,0.00043250611634,0.00019716580573,0.0000376225507353,0.0000266018778348,0.0000297792103083,0.0000552954188606,0.0000801075730124,0.0000811797581264,0.0000847581395647,0.0000684754631948],"mean":[0.00160916824825,0.00205928995274,0.00137377704959,0.000597531790845,0.000435126217781,0.00036470615305,0.000312896387186,0.000179840630153,0.000179252849193,0.000117181123642,0.0000815287785372,0.0000856616752571,0.0000609484050074,0.0000564584988751,0.0000534050122951,0.000058288595028,0.0000577008904656,0.0000474671178381,0.000041894523747,0.0000436512527813,0.0000360575322702,0.0000461220515717,0.0000631256043562,0.0000332495001203,0.0000240549288719,0.0000182851563295,0.0000154697045218,0.0000145655794768,0.0000127580697153,0.00000855683447298,0.00000712361133992,0.0000035270081753,0.00000238543293563,0.00000168299641246,0.00000147975663367,0.00000168019028024,0.00000142570013395,0.00000136811934226,0.00000102393767065,6.93981121458e-7],"median":[0.00121134368237,0.00144035334233,0.000901844643522,0.000297697668429,0.000213795268792,0.000158432594617,0.000163505101227,0.000110675828182,0.0000872548334883,0.0000531730765942,0.000039598395233,0.0000337514102284,0.0000273546593235,0.0000244587699854,0.0000230820496654,0.0000291828491754,0.0000268241747108,0.000023792095817,0.0000224566028919,0.0000247195566772,0.0000213084531424,0.0000260799715761,0.0000362376267731,0.0000200312588277,0.0000132368177219,0.000010709534763,0.0000103699530882,0.00000897863355931,0.00000779501624493,0.00000561367824048,0.00000331201545123,0.00000203487047656,0.00000147779212512,9.03746354197e-7,6.95427502251e-7,7.55882808789e-7,5.63724256608e-7,4.29570008009e-7,2.7332339414e-7,1.55829553705e-7],"min":[3.04302186999e-24,4.34453941726e-24,1.38442820891e-24,1.33863256539e-24,2.73053276619e-24,3.60245283612e-24,2.99108326799e-24,2.41787386007e-24,2.68481709344e-24,1.8023511365e-24,4.72069787915e-24,3.83730658836e-24,2.22318673576e-24,2.71079566355e-24,3.41363621744e-24,4.52764547184e-24,5.38953320321e-24,3.28762397087e-24,3.71058673356e-24,4.30450433189e-24,3.77973039191e-24,5.00659290412e-24,4.92759085104e-24,6.76514096113e-24,5.42204768314e-24,2.54093142812e-24,3.27852446033e-24,5.44459372224e-24,4.54896995983e-24,4.03478292763e-24,3.85435860569e-24,7.06738591721e-24,5.18133032779e-24,5.70689155095e-24,5.38620066032e-24,4.88833555467e-24,6.66383623254e-24,7.03123873281e-24,6.66138445285e-24,7.9726976804e-24],"var":[0.00000270684699899,0.0000101036657725,0.00000276524178844,9.28272470446e-7,4.52002637985e-7,3.93459401948e-7,2.53227483427e-7,5.0037861854e-8,7.87347218534e-8,4.381411145e-8,1.62826232497e-8,2.73904809944e-8,1.37126843214e-8,1.28573880431e-8,1.08819877553e-8,1.02921857703e-8,9.29108434633e-9,7.54679874149e-9,3.49633788588e-9,3.84860765479e-9,2.53588972043e-9,4.66814320532e-9,1.12055733581e-8,1.83430859391e-9,1.40026190643e-9,7.68083485703e-10,2.87492335493e-10,3.01911273759e-10,2.80696493826e-10,1.0833087899e-10,1.89693705188e-10,5.13173288585e-11,8.01724745619e-12,5.25845729807e-12,4.74819229074e-12,6.89084683411e-12,6.16226427524e-12,9.03783384937e-12,7.1915967105e-12,4.82581726316e-12]},"melbands_crest":{"dmean":3.08470797539,"dmean2":5.14790248871,"dvar":9.27798080444,"dvar2":25.5099658966,"max":31.4872837067,"mean":12.4729719162,"median":11.9219741821,"min":1.533893466,"var":18.4621353149},"melbands_flatness_db":{"dmean":0.0256182681769,"dmean2":0.0395553931594,"dvar":0.000847512972541,"dvar2":0.00217631924897,"max":0.495316505432,"mean":0.168127939105,"median":0.159885689616,"min":0.0031774926465,"var":0.00329080061056},"melbands_kurtosis":{"dmean":5.79492282867,"dmean2":9.77838802338,"dvar":98.4823532104,"dvar2":268.746643066,"max":171.921112061,"mean":9.39443683624,"median":5.84021472931,"min":-1.8819000721,"var":138.809387207},"melbands_skewness":{"dmean":0.737752497196,"dmean2":1.18850505352,"dvar":0.781052529812,"dvar2":2.0482480526,"max":10.1584625244,"mean":2.47135710716,"median":2.34424519539,"min":-1.93426549435,"var":1.80027627945},"melbands_spread":{"dmean":9.71683692932,"dmean2":15.6496458054,"dvar":131.709732056,"dvar2":329.588287354,"max":164.295028687,"mean":32.9906044006,"median":29.5266075134,"min":1.07282865047,"var":413.848907471},"mfcc":{"cov":[[9809.52734375,242.821029663,1.68415272236,-35.1353225708,82.4809341431,63.7602844238,-58.6555976868,22.6942710876,-26.6940040588,-19.4452667236,-106.074424744,9.89103603363,-75.0750656128],[242.821029663,1030.80432129,-66.5073928833,215.195373535,-65.7716827393,120.884002686,-40.7385368347,30.8918571472,24.7234210968,10.8125505447,-3.09238862991,60.9781761169,-5.97103357315],[1.68415272236,-66.5073928833,433.147033691,-11.7136354446,62.0883865356,-35.9667892456,-7.29815816879,-7.48279571533,3.5716714859,1.41446983814,-6.76384973526,5.87978649139,16.293964386],[-35.1353225708,215.195373535,-11.7136354446,359.96762085,16.4506778717,68.3629226685,-14.1994924545,-8.30746459961,34.5648384094,6.40256261826,-1.24374806881,54.5903015137,5.99144697189],[82.4809341431,-65.7716827393,62.0883865356,16.4506778717,185.198074341,26.0425987244,31.9779987335,13.385931015,18.31873703,4.6948223114,-12.8327875137,9.21089172363,-1.76539301872],[63.7602844238,120.884002686,-35.9667892456,68.3629226685,26.0425987244,163.723449707,26.3292331696,14.8075742722,-0.355487048626,-2.19433903694,12.708609581,13.8526544571,-7.55332565308],[-58.6555976868,-40.7385368347,-7.29815816879,-14.1994924545,31.9779987335,26.3292331696,151.435424805,31.7240619659,10.2036647797,9.20000934601,9.58405399323,-8.58733654022,0.616880118847],[22.6942710876,30.8918571472,-7.48279571533,-8.30746459961,13.385931015,14.8075742722,31.7240619659,107.236480713,35.5888366699,8.09864044189,2.77086091042,5.88039588928,1.79625177383],[-26.6940040588,24.7234210968,3.5716714859,34.5648384094,18.31873703,-0.355487048626,10.2036647797,35.5888366699,84.5138778687,25.7981681824,1.54136300087,16.8868770599,2.49320149422],[-19.4452667236,10.8125505447,1.41446983814,6.40256261826,4.6948223114,-2.19433903694,9.20000934601,8.09864044189,25.7981681824,79.3133239746,24.5812644958,3.07478022575,5.53392839432],[-106.074424744,-3.09238862991,-6.76384973526,-1.24374806881,-12.8327875137,12.708609581,9.58405399323,2.77086091042,1.54136300087,24.5812644958,75.824760437,19.6395225525,2.36470389366],[9.89103603363,60.9781761169,5.87978649139,54.5903015137,9.21089172363,13.8526544571,-8.58733654022,5.88039588928,16.8868770599,3.07478022575,19.6395225525,83.1823883057,17.4050674438],[-75.0750656128,-5.97103357315,16.293964386,5.99144697189,-1.76539301872,-7.55332565308,0.616880118847,1.79625177383,2.49320149422,5.53392839432,2.36470389366,17.4050674438,57.1749267578]],"icov":[[0.00010693166405,-0.0000238035900111,-0.00000142998419506,0.0000406589824706,-0.0000461933486804,-0.0000378941258532,0.0000444419529231,-0.0000366967760783,0.0000726238649804,-0.0000599486083956,0.000179933165782,-0.0000898127254914,0.000150845531607],[-0.0000238035900111,0.00130287278444,0.0000247907373705,-0.000560699787457,0.000677617965266,-0.000809859950095,0.000331934599672,-0.000459799397504,0.0000654091345496,-0.000368247972801,0.000513078237418,-0.000640467158519,0.000287836970529],[-0.00000142998419506,0.0000247907373705,0.00253658206202,0.000022002544938,-0.000986543484032,0.000619689351879,0.000197779329028,0.000156434616656,0.0000191739472939,0.000046077377192,-0.0000578364197281,-0.0000484511510876,-0.000668278778903],[0.0000406589824706,-0.000560699787457,0.000022002544938,0.00380792538635,-0.000226078525884,-0.00119574181736,0.000192130522919,0.00116501993034,-0.00149290135596,-0.0000429017454735,0.000701921526343,-0.00178760581184,-0.0000296987946058],[-0.0000461933486804,0.000677617965266,-0.000986543484032,-0.000226078525884,0.00674561131746,-0.00149769952986,-0.00112080085091,-0.000212456754525,-0.000921004393604,-0.000666840642225,0.00195624562912,-0.00128014106303,0.000757638423238],[-0.0000378941258532,-0.000809859950095,0.000619689351879,-0.00119574181736,-0.00149769952986,0.00805416051298,-0.00124879670329,-0.000825135386549,0.00129730079789,0.000802984111942,-0.00179197953548,0.0000569836447539,0.000794022984337],[0.0000444419529231,0.000331934599672,0.000197779329028,0.000192130522919,-0.00112080085091,-0.00124879670329,0.00778469676152,-0.00203454005532,-0.000116456729302,-0.000390095956391,-0.000976614886895,0.00126518984325,-0.000505053030793],[-0.0000366967760783,-0.000459799397504,0.000156434616656,0.00116501993034,-0.000212456754525,-0.000825135386549,-0.00203454005532,0.0120433866978,-0.00534564070404,0.000802449299954,-0.000222744463827,-0.000114516522444,-0.000535341387149],[0.0000726238649804,0.0000654091345496,0.0000191739472939,-0.00149290135596,-0.000921004393604,0.00129730079789,-0.000116456729302,-0.00534564070404,0.0170377716422,-0.00535026658326,0.00199449434876,-0.00278998818249,0.00110703974497],[-0.0000599486083956,-0.000368247972801,0.000046077377192,-0.0000429017454735,-0.000666840642225,0.000802984111942,-0.000390095956391,0.000802449299954,-0.00535026658326,0.0163363218307,-0.0060889176093,0.00246411934495,-0.0019074868178],[0.000179933165782,0.000513078237418,-0.0000578364197281,0.000701921526343,0.00195624562912,-0.00179197953548,-0.000976614886895,-0.000222744463827,0.00199449434876,-0.0060889176093,0.0175400450826,-0.00549738202244,0.00152440788224],[-0.0000898127254914,-0.000640467158519,-0.0000484511510876,-0.00178760581184,-0.00128014106303,0.0000569836447539,0.00126518984325,-0.000114516522444,-0.00278998818249,0.00246411934495,-0.00549738202244,0.0167734287679,-0.00502133881673],[0.000150845531607,0.000287836970529,-0.000668278778903,-0.0000296987946058,0.000757638423238,0.000794022984337,-0.000505053030793,-0.000535341387149,0.00110703974497,-0.0019074868178,0.00152440788224,-0.00502133881673,0.0196643229574]],"mean":[-627.940856934,112.044868469,-12.4269104004,38.3736724854,6.61015367508,4.59081983566,0.475665211678,2.91698479652,1.80213272572,3.05865526199,-0.314180910587,6.98678731918,-3.93905973434]},"pitch_salience":{"dmean":0.0675366520882,"dmean2":0.111033670604,"dvar":0.00393395125866,"dvar2":0.010849670507,"max":0.957065105438,"mean":0.596301794052,"median":0.60129904747,"min":0.249532878399,"var":0.00837507285178},"silence_rate_20dB":{"dmean":0,"dmean2":0,"dvar":0,"dvar2":0,"max":1,"mean":1,"median":1,"min":1,"var":0},"silence_rate_30dB":{"dmean":0,"dmean2":0,"dvar":0,"dvar2":0,"max":1,"mean":1,"median":1,"min":1,"var":0},"silence_rate_60dB":{"dmean":0.00941119715571,"dmean2":0.0188246648759,"dvar":0.009322213009,"dvar2":0.0211234036833,"max":1,"mean":0.0705754607916,"median":0,"min":0,"var":0.0655952990055},"spectral_centroid":{"dmean":301.981781006,"dmean2":486.715087891,"dvar":120655.070312,"dvar2":295722.53125,"max":11576.5888672,"mean":1865.56018066,"median":1848.20837402,"min":220.94631958,"var":687202.0625},"spectral_complexity":{"dmean":4.18050193787,"dmean2":6.07119607925,"dvar":19.9097900391,"dvar2":34.4875946045,"max":58,"mean":26.4682102203,"median":28,"min":0,"var":145.634613037},"spectral_contrast_coeffs":{"dmean":[0.0538595430553,0.0462776646018,0.0370031110942,0.0293626021594,0.0210383459926,0.0195650942624],"dmean2":[0.0880687236786,0.0769070088863,0.0602398812771,0.047783203423,0.0341448783875,0.029578005895],"dvar":[0.00243537616916,0.00143582571764,0.00090952066239,0.00055398629047,0.000291612203,0.000382589292713],"dvar2":[0.00608339114115,0.00391246844083,0.00237090536393,0.00139652215876,0.000741805532016,0.000863239169121],"max":[-0.311017423868,-0.47517478466,-0.488751620054,-0.582424223423,-0.532027542591,-0.539214730263],"mean":[-0.672236084938,-0.754184961319,-0.783958017826,-0.77952259779,-0.773412704468,-0.73610329628],"median":[-0.676089704037,-0.758219242096,-0.788391292095,-0.781381368637,-0.776175618172,-0.735489964485],"min":[-0.976895809174,-0.972240924835,-0.973163843155,-0.96892863512,-0.967987954617,-0.9701410532],"var":[0.00653040921316,0.00391662446782,0.00309516652487,0.00219543487765,0.0014889127342,0.00285980058834]},"spectral_contrast_valleys":{"dmean":[0.395592987537,0.383412748575,0.318631321192,0.267158091068,0.218348562717,0.268763810396],"dmean2":[0.623374223709,0.62129676342,0.498157769442,0.399365484715,0.307798355818,0.32022741437],"dvar":[0.155077621341,0.147708699107,0.0999877750874,0.0837980359793,0.0729004740715,0.110965192318],"dvar2":[0.320871591568,0.323516100645,0.200011998415,0.137667626143,0.104796603322,0.159628346562],"max":[-5.26762294769,-4.67690706253,-5.44989109039,-5.48655843735,-5.58096122742,-7.78925609589],"mean":[-7.11751174927,-6.67308139801,-7.38858699799,-7.53411436081,-7.19388580322,-10.2312755585],"median":[-6.71649742126,-6.38891124725,-7.12915849686,-7.26681661606,-6.88201093674,-9.94092273712],"min":[-28.4283790588,-28.0923175812,-27.8257961273,-27.5239849091,-27.4187431335,-27.3749732971],"var":[2.83201789856,2.70934462547,2.58828282356,2.54208779335,2.46610450745,2.52679944038]},"spectral_decrease":{"dmean":2.59323984508e-9,"dmean2":4.2951842083e-9,"dvar":1.88314846375e-17,"dvar2":5.11368480985e-17,"max":2.14238111824e-28,"mean":-6.87092294172e-9,"median":-6.34353636286e-9,"min":-3.57722562683e-8,"var":2.38972214269e-17},"spectral_energy":{"dmean":0.0101095531136,"dmean2":0.01663710922,"dvar":0.000275303988019,"dvar2":0.000742539763451,"max":0.137648522854,"mean":0.0280773676932,"median":0.0259913746268,"min":1.01663284171e-20,"var":0.000370896043023},"spectral_energyband_high":{"dmean":0.000375844771042,"dmean2":0.000546308292542,"dvar":3.69684840962e-7,"dvar2":8.16817191662e-7,"max":0.0145698376,"mean":0.00112046662252,"median":0.000814126397017,"min":7.10980719638e-21,"var":0.00000130103001084},"spectral_energyband_low":{"dmean":0.00666633853689,"dmean2":0.0113956239074,"dvar":0.000199218207854,"dvar2":0.00056656927336,"max":0.109583154321,"mean":0.0119576584548,"median":0.0100995153189,"min":3.26034413525e-23,"var":0.000179178270628},"spectral_energyband_middle_high":{"dmean":0.00179208954796,"dmean2":0.00266091898084,"dvar":0.00000501681870446,"dvar2":0.0000116431592687,"max":0.0434213802218,"mean":0.00621495395899,"median":0.00513978116214,"min":1.11410818071e-21,"var":0.000025831257517},"spectral_energyband_middle_low":{"dmean":0.00535900471732,"dmean2":0.00882902834564,"dvar":0.0000695982089383,"dvar2":0.000175187684363,"max":0.0680002123117,"mean":0.0105593409389,"median":0.00792866386473,"min":1.97804511712e-22,"var":0.0000954549468588},"spectral_entropy":{"dmean":0.112359553576,"dmean2":0.169326856732,"dvar":0.0148654663935,"dvar2":0.0317122079432,"max":9.822681427,"mean":7.73049926758,"median":7.74943494797,"min":5.61295461655,"var":0.090345993638},"spectral_flux":{"dmean":0.0266578178853,"dmean2":0.0403840392828,"dvar":0.0012579227332,"dvar2":0.00230991630815,"max":0.346587687731,"mean":0.087368644774,"median":0.0776159018278,"min":6.46563358409e-11,"var":0.00273516890593},"spectral_kurtosis":{"dmean":1.23756742477,"dmean2":2.09020924568,"dvar":2.1894338131,"dvar2":6.06810951233,"max":39.8484344482,"mean":3.80438232422,"median":3.40864133835,"min":-1.27502083778,"var":4.84223365784},"spectral_rms":{"dmean":0.000842000124976,"dmean2":0.00132776610553,"dvar":0.00000136625453706,"dvar2":0.00000344958289134,"max":0.011588409543,"mean":0.00486649852246,"median":0.00503561692312,"min":3.14934428362e-12,"var":0.00000370965017282},"spectral_rolloff":{"dmean":576.148498535,"dmean2":963.65246582,"dvar":717278.1875,"dvar2":1688049.5,"max":19315.2832031,"mean":1989.66906738,"median":1873.38867188,"min":107.666015625,"var":2741765.5},"spectral_skewness":{"dmean":0.175658494234,"dmean2":0.281960725784,"dvar":0.0311630126089,"dvar2":0.077782638371,"max":4.87855243683,"mean":1.25912463665,"median":1.25228762627,"min":-0.060242369771,"var":0.131726920605},"spectral_spread":{"dmean":387799.03125,"dmean2":548959.125,"dvar":455184973824,"dvar2":763983691776,"max":42945720,"mean":4198691,"median":3830529.25,"min":1679839.5,"var":5988108206080},"spectral_strongpeak":{"dmean":0.448805212975,"dmean2":0.783329308033,"dvar":0.934766232967,"dvar2":2.343998909,"max":18.4539813995,"mean":0.655056715012,"median":0.314708560705,"min":0,"var":1.51095819473},"zerocrossingrate":{"dmean":0.00981635041535,"dmean2":0.0117351301014,"dvar":0.000129538515466,"dvar2":0.000187168712728,"max":0.5234375,"mean":0.0734685063362,"median":0.06884765625,"min":0.00390625,"var":0.00179326534271}},"metadata":{"audio_properties":{"analysis_sample_rate":44100,"bit_rate":0,"codec":"flac","downmix":"mix","equal_loudness":0,"length":192.440002441,"lossless":true,"md5_encoded":"72e32845db8fdb48886b426481089c0f","replay_gain":-12.6278324127,"sample_rate":44100},"tags":{"acoustid_id":["a8937649-85a1-4073-a578-836c4b8aa1e3"],"album":["Gold: Greatest Hits"],"albumartist":["ABBA"],"albumartistsort":["ABBA"],"artist":["ABBA"],"artistsort":["ABBA"],"asin":["B00IERJQTC"],"barcode":["602537740130"],"bpm":["0"],"catalognumber":["0602537740130"],"compilation":["0"],"date":["2014-04-07"],"discnumber":["3"],"discsubtitle":["B‐Sides"],"disctotal":["3"],"file_name":"03.04. ABBA - King Kong Song.flac","label":["Polar"],"language":["eng"],"media":["CD"],"musicbrainz_albumartistid":["d87e52c5-bb8d-4da8-b941-9f4928627dc8"],"musicbrainz_albumid":["ba9f7a0c-03fe-45fc-9d6c-3b7f8ee90755"],"musicbrainz_artistid":["d87e52c5-bb8d-4da8-b941-9f4928627dc8"],"musicbrainz_recordingid":["e312c3a2-b653-4447-af95-c644bd67aedf"],"musicbrainz_releasegroupid":["b69d665a-3eee-39f3-b156-58b122232304"],"musicbrainz_releasetrackid":["a73804ea-5145-4965-b9d6-3dd53212609a"],"originaldate":["1992"],"releasecountry":["XE"],"releasestatus":["official"],"releasetype":["album","compilation"],"script":["Latn"],"title":["King Kong Song"],"totaldiscs":["3"],"totaltracks":["20"],"tracknumber":["4"],"tracktotal":["20"]},"version":{"essentia":"2.1-beta2","essentia_build_sha":"70f2e5ece6736b2c40cc944ad0e695b16b925413","essentia_git_sha":"v2.1_beta2","extractor":"music 1.0"}},"rhythm":{"beats_count":496,"beats_loudness":{"dmean":0.0106333307922,"dmean2":0.0183176230639,"dvar":0.0000955358555075,"dvar2":0.000291377218673,"max":0.0975695103407,"mean":0.0363873243332,"median":0.0372222885489,"min":2.28819177148e-12,"var":0.000238203894696},"beats_loudness_band_ratio":{"dmean":[0.173688068986,0.135508090258,0.065711207687