{"lowlevel":{"average_loudness":0.879268229008,"barkbands":{"dmean":[0.000361119833542,0.0332164168358,0.0100381961092,0.00106872513425,0.00124030152801,0.000530155783053,0.000175288630999,0.000118838201161,0.000080006699136,0.0000596422396484,0.000045835331548,0.000137203533086,0.0000720740717952,0.0000504001436639,0.0000616944380454,0.0000731734471628,0.0000705590064172,0.0000459595248685,0.0000256332459685,0.0000257836891251,0.0000330183720507,0.0000438962088083,0.0000339738617186,0.0000267048599198,0.0000266209481197,0.00000328632108904,2.49755231607e-7],"dmean2":[0.000562120229006,0.0537245646119,0.0161862615496,0.00184035510756,0.00204029516317,0.000839364540298,0.000290662050247,0.000197730376385,0.000135286827572,0.000101741716207,0.0000785537413321,0.000229202749324,0.000118575735542,0.0000875443438417,0.000105206920125,0.000124692844111,0.000119278709462,0.0000782958959462,0.000043315183575,0.0000444786201115,0.000054120166169,0.0000709585146978,0.000055125070503,0.000042255014705,0.0000402710938943,0.00000500235501022,4.16508243006e-7],"dvar":[6.3909783421e-7,0.00208819657564,0.000276151258731,0.0000115158372864,0.0000606852809142,0.000003203157803,0.00000139825590395,0.00000164737093655,3.15777896276e-7,1.61414135391e-7,9.05522199446e-8,0.0000014075475292,3.49513697984e-7,1.26950396862e-7,1.57377158416e-7,2.45276964961e-7,2.59948990333e-7,1.14061030843e-7,2.815262512e-8,4.69873810971e-8,4.42269339374e-7,9.39253538945e-7,1.58737137212e-7,1.3799065357e-7,4.74591843158e-7,7.04996594436e-9,8.2248183958e-12],"dvar2":[0.00000165474170899,0.00645768735558,0.000738082453609,0.0000321542756865,0.000138199349749,0.00000728214581613,0.00000351473750015,0.00000343629312738,7.36138304092e-7,4.36063771758e-7,2.41540902834e-7,0.00000395078268411,8.18564103611e-7,3.61431716556e-7,4.48344565029e-7,7.06491505298e-7,7.2614778901e-7,3.16910671927e-7,7.83183367048e-8,1.28269221022e-7,8.85247857241e-7,0.00000185392809726,3.48280650542e-7,2.54383763831e-7,0.00000104183254734,1.23149392905e-8,1.80796783794e-11],"max":[0.0256416741759,0.669902861118,0.249344825745,0.115841068327,0.350480049849,0.102883853018,0.0517627745867,0.139306589961,0.0535535663366,0.0266531445086,0.0209445096552,0.071041919291,0.0628213584423,0.0178670547903,0.0147967692465,0.0196824483573,0.0252309478819,0.0199759304523,0.00806659832597,0.0192893240601,0.0856524556875,0.127250254154,0.0323041304946,0.0443245097995,0.0877074450254,0.0103854257613,0.000289490621071],"mean":[0.00106994644739,0.158758684993,0.0299422852695,0.00197831261903,0.00267897290178,0.00157437729649,0.000256564468145,0.000165603327332,0.000131708118715,0.0000930592505028,0.0000734493441996,0.000227458818699,0.000121391676657,0.0000883624670678,0.000121033590403,0.0001561249519,0.00015061913291,0.000102067562693,0.0000660357472952,0.0000642419618089,0.0000868069037097,0.000102401645563,0.0000959757453529,0.000087375214207,0.0000582158245379,0.00000738058406569,4.85890666369e-7],"median":[0.000561620807275,0.163130611181,0.0135501418263,0.000710911001079,0.00115197827108,0.00104071467649,0.0000164143784787,0.00000280114454654,0.0000011155973425,0.00000211456926991,3.05668777401e-7,3.88648004446e-7,3.55406257313e-7,2.25221640449e-7,2.10910499732e-7,1.56812816954e-7,1.90085131635e-7,2.22546319151e-7,1.98329843215e-7,1.22170675354e-7,1.23333407487e-7,1.00880242826e-7,7.30940143967e-8,6.06680004012e-8,6.01495599994e-8,5.68144002955e-8,6.78979432678e-8],"min":[1.39427122086e-24,6.20096231452e-23,1.10080837713e-23,7.51570030282e-24,1.72414212529e-23,6.29035540122e-23,1.38851604668e-23,4.04453214401e-23,3.18620477857e-23,2.90110823861e-23,1.04633084208e-22,1.10141870303e-22,5.75019709586e-23,8.44059585352e-23,1.18498557862e-22,2.29961940575e-22,1.24165999662e-22,3.33800042318e-22,1.73692820372e-22,2.76344437447e-22,5.08815738251e-22,4.03919224988e-22,6.55942967132e-22,1.10305241503e-21,1.18598858055e-21,1.99366441159e-21,2.36845639284e-21],"var":[0.00000197497388399,0.0104971164837,0.00108628114685,0.0000160464733199,0.000111008885142,0.0000104102082332,0.00000216651142182,0.00000226017164096,7.03832085946e-7,2.69788159812e-7,2.05506268003e-7,0.00000252447557614,7.817856158e-7,2.91671227615e-7,4.8422356258e-7,8.5284062834e-7,8.01971509645e-7,3.349894655e-7,1.3186713943e-7,1.41322729519e-7,7.26854636923e-7,0.00000127582632103,4.58178789131e-7,4.23437711561e-7,7.50069318656e-7,1.41181111246e-8,1.64637001948e-11]},"barkbands_crest":{"dmean":1.42649173737,"dmean2":2.36469721794,"dvar":4.07868528366,"dvar2":11.1307811737,"max":26.6904449463,"mean":20.7633552551,"median":21.7964572906,"min":2.35166430473,"var":26.2855091095},"barkbands_flatness_db":{"dmean":0.0261806827039,"dmean2":0.0441979691386,"dvar":0.000885962508619,"dvar2":0.00229125935584,"max":0.748315811157,"mean":0.527741909027,"median":0.568743467331,"min":0.0257950183004,"var":0.0212948266417},"barkbands_kurtosis":{"dmean":23.3695411682,"dmean2":37.8846588135,"dvar":2048.1574707,"dvar2":5109.32226563,"max":1798.71032715,"mean":78.9566879272,"median":45.1393661499,"min":-1.83205807209,"var":10055.4716797},"barkbands_skewness":{"dmean":0.89836615324,"dmean2":1.43019998074,"dvar":1.36419820786,"dvar2":3.50802850723,"max":30.0154075623,"mean":5.41633081436,"median":4.63075351715,"min":-4.57258558273,"var":14.1718387604},"barkbands_spread":{"dmean":0.572107195854,"dmean2":0.942021846771,"dvar":6.21324825287,"dvar2":15.2316913605,"max":94.0191879272,"mean":2.4426612854,"median":0.349866807461,"min":0.0236579328775,"var":82.3978881836},"dissonance":{"dmean":0.0271774157882,"dmean2":0.0460317619145,"dvar":0.000981258228421,"dvar2":0.00253706658259,"max":0.499999970198,"mean":0.361575096846,"median":0.360480040312,"min":0.134383320808,"var":0.00663343723863},"dynamic_complexity":1.93693912029,"erbbands":{"dmean":[0.544516265392,8.75761508942,16.011844635,4.83421230316,4.69159841537,2.95503520966,6.34642505646,2.50743794441,2.2923002243,2.76890969276,2.32734704018,1.93774425983,1.70025241375,1.63284111023,2.07564949989,5.54090023041,3.43350958824,2.33567976952,2.3506758213,3.79871559143,3.37795639038,3.78935146332,2.38027715683,1.55927145481,1.36043131351,1.1092056036,1.1572368145,1.59644699097,1.4582490921,1.64122653008,0.762021124363,0.555416285992,0.480041712523,0.466518133879,0.102258436382,0.0166166834533,0.00638243556023,0.000977425137535,0.0000375974341296,0.0000450425613963],"dmean2":[0.818659603596,14.284365654,26.3887062073,7.95363712311,7.83957481384,4.97133827209,9.91259098053,4.14513063431,3.82408881187,4.6022143364,3.84739112854,3.24449110031,2.9026954174,2.73500609398,3.52534890175,9.24420547485,5.63483953476,4.07017374039,3.97933959961,6.41836452484,5.73383665085,6.40475606918,3.98085546494,2.63889050484,2.32675361633,1.88718378544,1.94993340969,2.54938721657,2.39410495758,2.62572073936,1.24967241287,0.897737324238,0.76700258255,0.69768589735,0.154072061181,0.0247990936041,0.009715504013,0.00140822376125,0.0000574824916839,0.0000729014864191],"dvar":[0.40922793746,158.306427002,657.104492188,84.90990448,1037.16601563,321.84173584,273.732208252,157.586090088,252.6746521,647.074035645,463.171569824,220.42326355,128.042282104,106.936500549,222.185775757,2415.32348633,853.188415527,305.026580811,235.845825195,620.409118652,528.798156738,782.541809082,339.63760376,92.0326309204,145.4087677,75.5549240112,97.4609527588,1895.17224121,1163.05834961,560.741516113,71.1873855591,21.9799728394,80.4520721436,129.308532715,7.03258371353,0.135229796171,0.0338501408696,0.000723963312339,2.81848542727e-7,4.61285054598e-9],"dvar2":[1.05805742741,493.256469727,1879.21691895,234.068664551,2382.12402344,871.677490234,570.342224121,404.259155273,642.015869141,1514.84960938,1030.44604492,482.217224121,353.073425293,278.912414551,574.893005371,6766.65771484,1930.82836914,813.776489258,632.860839844,1757.10021973,1502.53527832,2188.09643555,894.162719727,264.271850586,395.702880859,199.709915161,209.919708252,3958.59887695,2182.16601563,1236.14672852,160.242141724,49.7911224365,135.461807251,273.36605835,15.4097223282,0.274371922016,0.0574378855526,0.00141993211582,5.26383928445e-7,1.29765052037e-8],"max":[11.8884391785,171.826843262,351.882293701,219.037597656,1371.6920166,887.860717773,1178.7713623,1030.39355469,892.401733398,2160.02832031,2236.56445313,1676.09851074,762.842041016,627.287536621,1246.23034668,3051.98022461,3140.07495117,1084.83447266,719.297729492,1034.33129883,1168.95385742,1462.69152832,1335.5715332,368.234222412,1134.38391113,684.856018066,1017.42468262,5703.18603516,4520.38427734,2498.890625,775.484924316,370.665527344,1077.27282715,1429.18395996,339.077697754,42.3005905151,22.3196525574,3.87579202652,0.0754899531603,0.0039001905825],"mean":[2.90881061554,40.6356506348,53.0327682495,14.5246486664,8.64920139313,6.02364444733,20.8328437805,5.37295293808,3.43606328964,3.96703314781,3.55793380737,3.17863988876,2.75172376633,2.96823334694,3.78765678406,9.54317569733,6.54064035416,4.50425338745,5.18427610397,8.12710857391,8.09800624847,8.45330810547,5.71864557266,4.09909009933,3.42695951462,2.8655371666,3.2189180851,3.72348380089,3.37638139725,4.17761421204,2.25919032097,1.81890702248,1.41607749462,1.00468361378,0.231061846018,0.0410025790334,0.0139035331085,0.00187587644905,0.000135177237098,0.00021773201297],"median":[2.82209777832,40.6307258606,40.7467842102,9.97659873962,2.19696354866,2.81707406044,15.1522541046,2.57773923874,0.318742781878,0.146968111396,0.0583852007985,0.0292949639261,0.0297845434397,0.0732654854655,0.0159828290343,0.0172704104334,0.0171658881009,0.0128377955407,0.0118468170986,0.00993209332228,0.00948252156377,0.0111858956516,0.012120064348,0.0115978978574,0.00902985036373,0.0058305747807,0.00527893658727,0.00476606376469,0.00375129235908,0.00279608392157,0.0021011386998,0.00146263837814,0.00104579178151,0.000761686591431,0.000531040190253,0.000330429436872,0.000173284337507,0.000116969007649,0.0000980537006399,0.000215320207644],"min":[2.05992913152e-21,1.35526450939e-20,1.32717744629e-20,1.67498306396e-20,7.53225754406e-20,3.15098201546e-20,8.51302620932e-20,7.77857900578e-19,3.05801770673e-19,5.09457799236e-19,6.86775802559e-19,8.93968519379e-19,6.35278381055e-19,2.51928608901e-18,3.48144644751e-18,5.13021262295e-18,2.92441040851e-18,4.09754380263e-18,6.1409330329e-18,8.85526706958e-18,1.1079075972e-17,7.59842982171e-18,1.86286351359e-17,9.58222896066e-18,1.07754899338e-17,1.54027548241e-17,1.83463928391e-17,1.9469709074e-17,1.75191907199e-17,1.27365631126e-17,2.03143448519e-17,2.34930510534e-17,1.59820376788e-17,1.42362878853e-17,8.61887953003e-18,6.81236256715e-18,3.61920427954e-18,1.42095474108e-18,2.97922720242e-19,3.44682639271e-20],"var":[3.27760410309,730.193115234,1933.42358398,205.276184082,1722.77600098,451.288574219,1354.5814209,240.420257568,405.409637451,956.428833008,645.630493164,490.500488281,211.857055664,261.798797607,541.256225586,4501.44189453,2188.88476563,772.999755859,877.011779785,2152.55419922,2160.52514648,2475.78344727,1123.55871582,506.510253906,402.134338379,274.208374023,405.634338379,2426.42260742,1626.04577637,1252.09301758,212.21472168,118.021965027,205.096359253,229.315917969,10.0402469635,0.273378193378,0.0657966807485,0.00111153477337,4.68357143291e-7,1.31804238634e-8]},"erbbands_crest":{"dmean":1.71624529362,"dmean2":2.79948925972,"dvar":4.66016292572,"dvar2":12.5506229401,"max":32.3066291809,"mean":17.3978538513,"median":17.8454627991,"min":2.07066655159,"var":30.2112770081},"erbbands_flatness_db":{"dmean":0.0177230481058,"dmean2":0.0302176196128,"dvar":0.000387320149457,"dvar2":0.00104217068292,"max":0.47990950942,"mean":0.331161201,"median":0.358108520508,"min":0.034703142941,"var":0.00850523076952},"erbbands_kurtosis":{"dmean":6.28529596329,"dmean2":10.635884285,"dvar":84.6024246216,"dvar2":232.718063354,"max":356.605560303,"mean":18.799911499,"median":11.3429851532,"min":-1.82368516922,"var":897.78137207},"erbbands_skewness":{"dmean":0.532902419567,"dmean2":0.883095860481,"dvar":0.325812369585,"dvar2":0.912174522877,"max":13.7037191391,"mean":2.56524991989,"median":2.34371685982,"min":-2.87502717972,"var":2.88740468025},"erbbands_spread":{"dmean":2.36996436119,"dmean2":3.89988827705,"dvar":29.5199298859,"dvar2":74.2068786621,"max":142.602752686,"mean":11.3002510071,"median":4.54930973053,"min":0.539769947529,"var":278.825500488},"gfcc":{"cov":[[8748.078125,-1606.22119141,-4455.24365234,-86.1194229126,-986.842834473,735.163635254,-253.013290405,372.231964111,5.42480278015,66.9124221802,-392.273956299,-272.415435791,-419.438568115],[-1606.22119141,1062.3137207,977.049865723,-67.1052398682,414.825500488,-189.101791382,273.977996826,-118.74143219,72.2626037598,-59.4221458435,90.8535003662,-88.748336792,59.7540435791],[-4455.24365234,977.049865723,2979.83325195,141.702255249,542.08416748,-361.418029785,154.132995605,-206.072967529,37.2867965698,-34.7125320435,238.268127441,111.617843628,218.796142578],[-86.1194229126,-67.1052398682,141.702255249,237.185043335,78.7167739868,-8.98981761932,34.0482978821,-21.8596839905,13.5181865692,-0.852556169033,43.5648002625,9.75922203064,19.7081489563],[-986.842834473,414.825500488,542.08416748,78.7167739868,432.439056396,-60.6139526367,170.116821289,-61.2995834351,66.947479248,-1.07706475258,94.9375839233,-15.6494960785,46.964427948],[735.163635254,-189.101791382,-361.418029785,-8.98981761932,-60.6139526367,172.704315186,8.91572284698,38.1931991577,14.3586978912,17.0476264954,-30.7694339752,-39.045135498,-37.1920623779],[-253.013290405,273.977996826,154.132995605,34.0482978821,170.116821289,8.91572284698,186.774383545,-13.3458051682,47.625831604,-15.3632822037,31.2386837006,-49.0442848206,6.40559005737],[372.231964111,-118.74143219,-206.072967529,-21.8596839905,-61.2995834351,38.1931991577,-13.3458051682,68.8352737427,10.5822696686,2.52371931076,-21.2515659332,-11.1989135742,-23.4814682007],[5.42480278015,72.2626037598,37.2867965698,13.5181865692,66.947479248,14.3586978912,47.625831604,10.5822696686,70.5929107666,10.3545951843,10.9602975845,-31.1487808228,-6.7589969635],[66.9124221802,-59.4221458435,-34.7125320435,-0.852556169033,-1.07706475258,17.0476264954,-15.3632822037,2.52371931076,10.3545951843,45.9216156006,12.4073200226,6.39322519302,1.77651000023],[-392.273956299,90.8535003662,238.268127441,43.5648002625,94.9375839233,-30.7694339752,31.2386837006,-21.2515659332,10.9602975845,12.4073200226,73.1636962891,32.8823661804,34.4877891541],[-272.415435791,-88.748336792,111.617843628,9.75922203064,-15.6494960785,-39.045135498,-49.0442848206,-11.1989135742,-31.1487808228,6.39322519302,32.8823661804,95.6981506348,48.3705329895],[-419.438568115,59.7540435791,218.796142578,19.7081489563,46.964427948,-37.1920623779,6.40559005737,-23.4814682007,-6.7589969635,1.77651000023,34.4877891541,48.3705329895,78.4803466797]],"icov":[[0.000763764488511,-0.000676174764521,0.00094381836243,-0.00103161018342,0.000683435762767,-0.00143644027412,0.000749290105887,-0.000838603358716,-0.000421562581323,-0.000423790566856,0.000280846579699,-0.000264907896053,0.000835911661852],[-0.000676174764521,0.00785888452083,-0.00149247213267,0.00630415091291,-0.0018357115332,0.00674218544737,-0.00610086275265,0.00649658869952,-0.000777340377681,0.00576982088387,-0.00604433147237,0.0100002055988,-0.00398922525346],[0.00094381836243,-0.00149247213267,0.00191518105567,-0.00169463409111,0.00067500397563,-0.00147314718924,0.00157826743089,-0.000722729775589,-0.000749009894207,-0.000398625910748,-0.000338439625921,-0.000844792230055,0.000433593493653],[-0.00103161018342,0.00630415091291,-0.00169463409111,0.010279613547,-0.00200377311558,0.00552164344117,-0.00493690837175,0.00639462657273,-0.00084956275532,0.00579921295866,-0.00771471578628,0.00782633200288,-0.00367616745643],[0.000683435762767,-0.0018357115332,0.00067500397563,-0.00200377311558,0.00657492456958,-0.0015069115907,-0.00172335258685,0.000716794747859,-0.00281516928226,-0.00134625565261,-0.00260113272816,-0.00111505656969,0.000996399438009],[-0.00143644027412,0.00674218544737,-0.00147314718924,0.00552164344117,-0.0015069115907,0.0158828161657,-0.00712083885446,0.00407398352399,-0.000287670613034,0.00131722178776,-0.00437528500333,0.00971320923418,-0.00397978862748],[0.000749290105887,-0.00610086275265,0.00157826743089,-0.00493690837175,-0.00172335258685,-0.00712083885446,0.0165272504091,-0.00547123188153,-0.00163259811234,0.00097456475487,0.000336504075676,-0.00124289817177,0.000615662895143],[-0.000838603358716,0.00649658869952,-0.000722729775589,0.00639462657273,0.000716794747859,0.00407398352399,-0.00547123188153,0.0274024736136,-0.00729591818526,0.00666306354105,-0.00501551991329,0.00526359537616,-0.000691406545229],[-0.000421562581323,-0.000777340377681,-0.000749009894207,-0.00084956275532,-0.00281516928226,-0.000287670613034,-0.00163259811234,-0.00729591818526,0.024137686938,-0.00705909077078,-0.0008880085079,0.00581784173846,-0.000817956635728],[-0.000423790566856,0.00576982088387,-0.000398625910748,0.00579921295866,-0.00134625565261,0.00131722178776,0.00097456475487,0.00666306354105,-0.00705909077078,0.0335969813168,-0.0142203886062,0.00775786302984,-0.00355994771235],[0.000280846579699,-0.00604433147237,-0.000338439625921,-0.00771471578628,-0.00260113272816,-0.00437528500333,0.000336504075676,-0.00501551991329,-0.0008880085079,-0.0142203886062,0.0386970639229,-0.0202201362699,0.00264160451479],[-0.000264907896053,0.0100002055988,-0.000844792230055,0.00782633200288,-0.00111505656969,0.00971320923418,-0.00124289817177,0.00526359537616,0.00581784173846,0.00775786302984,-0.0202201362699,0.0398556962609,-0.017046848312],[0.000835911661852,-0.00398922525346,0.000433593493653,-0.00367616745643,0.000996399438009,-0.00397978862748,0.000615662895143,-0.000691406545229,-0.000817956635728,-0.00355994771235,0.00264160451479,-0.017046848312,0.026577796787]],"mean":[-177.593612671,165.302352905,8.71721744537,57.1728591919,-3.4060690403,1.87028133869,-12.4824857712,-6.59213733673,-7.93237781525,-4.18398189545,1.98226833344,3.73291158676,3.81933379173]},"hfc":{"dmean":4.62894678116,"dmean2":7.37668609619,"dvar":382.419494629,"dvar2":721.90612793,"max":1856.90905762,"mean":22.1429233551,"median":16.5710964203,"min":1.2093441436e-16,"var":1291.75317383},"melbands":{"dmean":[0.00704663014039,0.00997045822442,0.000871588010341,0.000269177719019,0.000192695297301,0.0000656877236906,0.0000347498353221,0.0000291141495836,0.0000180781407835,0.0000119128608276,0.00000877987895365,0.00000704143576513,0.00000679146296534,0.0000106094184957,0.0000161572224897,0.00000524117876921,0.00000487898932988,0.00000389006299883,0.00000527798238181,0.00000564497258893,0.00000410507482229,0.00000446247577202,0.00000334980290972,0.00000201422540158,0.00000131053957375,0.00000103082857095,9.92836476144e-7,8.34106003822e-7,8.65702759256e-7,9.08569802505e-7,0.00000102303101812,9.38608309298e-7,8.75299349445e-7,0.00000101039711353,5.17895955454e-7,3.86282522413e-7,3.86222978932e-7,3.44098879168e-7,3.76625081344e-7,4.53860764082e-7],"dmean2":[0.011142176576,0.0164698325098,0.00141871126834,0.000449205079349,0.000305064691929,0.000107119187305,0.0000578998879064,0.0000484277625219,0.0000301938562188,0.0000199431524379,0.0000149884972416,0.0000117637428048,0.0000116851924759,0.0000173716143763,0.0000271531571343,0.00000853604160511,0.00000856847327668,0.00000662331740386,0.00000905993601918,0.00000950538742472,0.00000694342725183,0.000007682652722,0.00000553290601601,0.00000343811461789,0.00000222812059292,0.00000176304831712,0.00000169873317191,0.00000143165107147,0.00000151980907503,0.00000148281765178,0.00000161932189258,0.00000157908948495,0.00000141451494073,0.00000159943522249,8.69638711265e-7,6.29692578968e-7,6.34666434962e-7,5.5734756188e-7,5.96787117502e-7,7.01579153883e-7],"dvar":[0.0000788027173257,0.000229850717005,0.0000035427531202,0.00000373326201952,2.74991009519e-7,8.59164046574e-8,5.59604735884e-8,7.90690677377e-8,2.40722783929e-8,8.09317413086e-9,3.45905459831e-9,2.06442707373e-9,2.21542939549e-9,1.00639852008e-8,1.76152514797e-8,2.15601625442e-9,1.29278721062e-9,6.63999577544e-10,1.17025222846e-9,1.56367041537e-9,7.76313291428e-10,1.101553182e-9,8.5585533105e-10,1.98056473999e-10,6.76961958712e-11,5.10345932181e-11,1.15405962564e-10,3.64814116416e-11,3.5852841529e-11,2.2466035976e-10,8.62060922646e-10,5.08036113178e-10,2.43664033395e-10,1.66645447441e-10,3.37901998049e-11,8.99144474154e-12,1.02633830254e-11,3.15004862472e-11,5.45721835776e-11,1.36014741137e-10],"dvar2":[0.000228611985222,0.000703072175384,0.00000910028211365,0.00000864085541252,6.46252601655e-7,2.15558486616e-7,1.42395890634e-7,1.74361829863e-7,5.53668506598e-8,1.75956920145e-8,9.48686729174e-9,5.4621391854e-9,5.84807224868e-9,2.71598015189e-8,4.89438498619e-8,4.1619800939e-9,3.61202556753e-9,1.80078829626e-9,3.40385808428e-9,4.43163772346e-9,2.20959095465e-9,3.16611714624e-9,2.17745244058e-9,5.58762758285e-10,1.94388977137e-10,1.42820408278e-10,3.09702347101e-10,1.00690282501e-10,1.06353550966e-10,3.74629716138e-10,1.88970195047e-9,9.57430135173e-10,5.48780909604e-10,3.75216191451e-10,7.94310520136e-11,2.29647533628e-11,2.45505629715e-11,5.44209607933e-11,9.58165144449e-11,3.08403941274e-10],"max":[0.160052776337,0.181367099285,0.0540095418692,0.0892521515489,0.0308722890913,0.0235097073019,0.0131094474345,0.0240992791951,0.0153536656871,0.0104524716735,0.00396583136171,0.00271061225794,0.00379014806822,0.00934747513384,0.00745268538594,0.00529976049438,0.00197863951325,0.00134432199411,0.00121990416665,0.00160597555805,0.00133436499164,0.00152544118464,0.00189394305926,0.000890942290425,0.000338674639352,0.000425819220254,0.00116543541662,0.000422302866355,0.000284263252979,0.00204238202423,0.00382738467306,0.0029386926908,0.00197579152882,0.0010922413785,0.000527525087819,0.000163892982528,0.000252365513006,0.00069263955811,0.000838079489768,0.00144012726378],"mean":[0.0374361686409,0.0392651893198,0.00253932154737,0.000494917680044,0.000597550941166,0.000156319059897,0.0000516423278896,0.0000417421179009,0.0000275342736131,0.0000192987899936,0.0000135910640893,0.0000120611175589,0.0000114165122795,0.000018438700863,0.0000271302833426,0.00000952709706326,0.00000837946481624,0.00000775707667344,0.0000102683325167,0.0000113075866466,0.00000895727134775,0.0000091530073405,0.00000668458869768,0.00000445964724349,0.00000315842180498,0.0000024520406896,0.00000220209267354,0.00000186373574707,0.00000211539827433,0.00000202600563171,0.00000211756105273,0.00000193613141164,0.00000192691527445,0.00000245390629061,0.00000131948206672,0.00000108408210053,0.00000112615316539,9.45297642829e-7,9.41254199915e-7,8.60909267431e-7],"median":[0.0373207479715,0.0360977165401,0.00178693595808,0.000110447130282,0.000429991196143,0.0000847049814183,0.00000371551982425,0.00000130389435071,3.8652538592e-7,1.60051769171e-7,1.47612297496e-7,3.13730367907e-7,4.54971953445e-8,4.45890613321e-8,4.14419147887e-8,3.31026406286e-8,2.12985469261e-8,1.85726047874e-8,1.50967096602e-8,1.11073426012e-8,1.08192237391e-8,1.12338982561e-8,1.05853086296e-8,1.04314210603e-8,8.93028317961e-9,7.30471683141e-9,4.7656572022e-9,3.54987106377e-9,3.24790061512e-9,2.99215763278e-9,2.5425710426e-9,2.10680450863e-9,1.78043002563e-9,1.39209577199e-9,1.2013949835e-9,9.51870582355e-10,7.91360976748e-10,6.73356204128e-10,6.00327676459e-10,5.39097100294e-10],"min":[1.92687985125e-23,1.01033581317e-23,4.91168425975e-24,4.41268911086e-24,2.72352669527e-24,1.55415269763e-23,4.01287073827e-24,6.22804856368e-24,5.24237356792e-24,5.54746552302e-24,3.0080003901e-24,9.6147787078e-24,1.39494431642e-23,1.45472593132e-23,8.27367099271e-24,5.21481905094e-24,7.81193887197e-24,8.62133145997e-24,9.96663907052e-24,1.49336891385e-23,1.26488537118e-23,8.13174229409e-24,9.17937718635e-24,1.90184882141e-23,6.34923298151e-24,6.99044357996e-24,9.11552599582e-24,1.01193514977e-23,1.18970960904e-23,9.90164245395e-24,1.08983658411e-23,1.15974062548e-23,5.04746063217e-24,8.05348650343e-24,1.1853457094e-23,1.0923502105e-23,1.7157393367e-23,9.68701391203e-24,1.41805778317e-23,1.14533531538e-23],"var":[0.00057394686155,0.00060041481629,0.00000815129806142,0.00000670217650622,0.00000102481430986,1.57868399242e-7,8.96550460538e-8,1.21580981727e-7,3.38142278622e-8,1.81699650881e-8,5.34291011434e-9,4.47147741056e-9,4.94816054797e-9,1.71279790351e-8,3.56669751511e-8,5.59987034521e-9,2.75035305641e-9,2.08640305033e-9,3.50419515627e-9,4.78790118663e-9,2.72551337055e-9,2.98620372874e-9,2.47962561595e-9,6.35999863885e-10,3.14505421706e-10,1.86147583459e-10,2.02027491958e-10,1.20448345742e-10,1.57981350224e-10,4.1823347563e-10,9.7994723447e-10,6.78717915203e-10,3.3019220691e-10,4.42460346139e-10,8.01161428865e-11,4.16548393001e-11,4.74073592882e-11,7.65943072856e-11,1.39108780051e-10,2.07313805012e-10]},"melbands_crest":{"dmean":1.55492460728,"dmean2":2.57106351852,"dvar":4.05691957474,"dvar2":11.4754991531,"max":38.9182128906,"mean":23.0082092285,"median":22.7497520447,"min":1.98576927185,"var":13.7245721817},"melbands_flatness_db":{"dmean":0.0283258184791,"dmean2":0.0476141273975,"dvar":0.00107495649718,"dvar2":0.00270723551512,"max":0.908844292164,"mean":0.672813534737,"median":0.724301338196,"min":0.0073638735339,"var":0.0298420656472},"melbands_kurtosis":{"dmean":9.44062232971,"dmean2":15.9264097214,"dvar":510.914978027,"dvar2":1459.58032227,"max":556.487609863,"mean":35.1431884766,"median":12.2817296982,"min":-1.63118362427,"var":3059.35229492},"melbands_skewness":{"dmean":0.500132799149,"dmean2":0.828031182289,"dvar":0.56201249361,"dvar2":1.53512895107,"max":17.7759361267,"mean":2.5950114727,"median":1.97595930099,"min":-2.85559391975,"var":5.17796373367},"melbands_spread":{"dmean":0.829343676567,"dmean2":1.37183022499,"dvar":22.4255199432,"dvar2":58.7615737915,"max":203.357925415,"mean":2.60669970512,"median":0.417606949806,"min":0.233636617661,"var":115.688674927},"mfcc":{"cov":[[12221.6240234,-2491.81079102,-4026.48046875,-1417.65161133,-1202.52270508,-118.646354675,-441.339569092,121.173202515,127.253540039,260.058135986,129.230377197,222.125854492,-80.2271728516],[-2491.81079102,1369.4440918,742.98828125,328.81427002,239.916976929,95.624130249,187.158737183,0.536791145802,40.686088562,29.7504749298,48.9832725525,4.95605802536,1.45131599903],[-4026.48046875,742.98828125,1895.19287109,493.828765869,420.843414307,27.0399303436,105.121559143,-56.8633575439,-56.4066886902,-88.2887496948,-55.0346984863,-55.1527671814,44.9781608582],[-1417.65161133,328.81427002,493.828765869,417.113006592,198.097900391,66.5215835571,98.7996826172,5.40697002411,-15.9762783051,-20.2426815033,7.55597448349,-11.6064157486,12.8606100082],[-1202.52270508,239.916976929,420.843414307,198.097900391,248.408004761,48.7863349915,58.82081604,-10.8644008636,-13.838643074,-15.001999855,4.96674728394,-3.97260522842,32.3048553467],[-118.646354675,95.624130249,27.0399303436,66.5215835571,48.7863349915,123.88168335,65.7045288086,11.0550546646,19.4886207581,28.2638263702,15.2515077591,22.6167926788,12.7521619797],[-441.339569092,187.158737183,105.121559143,98.7996826172,58.82081604,65.7045288086,107.138298035,26.2064838409,9.11861133575,11.2512798309,11.778386116,7.84357452393,5.12859106064],[121.173202515,0.536791145802,-56.8633575439,5.40697002411,-10.8644008636,11.0550546646,26.2064838409,60.9552650452,16.9504432678,10.7752285004,14.4403972626,1.56721770763,-2.46802854538],[127.253540039,40.686088562,-56.4066886902,-15.9762783051,-13.838643074,19.4886207581,9.11861133575,16.9504432678,58.5547676086,32.1593666077,8.65609550476,17.8435115814,0.134555906057],[260.058135986,29.7504749298,-88.2887496948,-20.2426815033,-15.001999855,28.2638263702,11.2512798309,10.7752285004,32.1593666077,71.2577667236,36.1147956848,25.3558216095,9.50625324249],[129.230377197,48.9832725525,-55.0346984863,7.55597448349,4.96674728394,15.2515077591,11.778386116,14.4403972626,8.65609550476,36.1147956848,59.9735069275,29.1876411438,4.5928735733],[222.125854492,4.95605802536,-55.1527671814,-11.6064157486,-3.97260522842,22.6167926788,7.84357452393,1.56721770763,17.8435115814,25.3558216095,29.1876411438,55.9592399597,16.5822792053],[-80.2271728516,1.45131599903,44.9781608582,12.8606100082,32.3048553467,12.7521619797,5.12859106064,-2.46802854538,0.134555906057,9.50625324249,4.5928735733,16.5822792053,44.0913314819]],"icov":[[0.000542702968232,0.000356142089004,0.000665615545586,0.000220366637222,0.000727055303287,-0.000403244746849,0.000868487113621,-0.000640810991172,0.000490455364343,-0.000874903635122,0.000241703193751,-0.00136432726867,0.000354587042239],[0.000356142089004,0.00160756811965,0.000037653840991,0.000017725626094,0.000270534830634,0.000180018716492,-0.00155772571452,0.000831392186228,-0.00126410392113,-0.000540503358934,-0.00145999377128,-0.000227055381401,0.000886844587512],[0.000665615545586,0.000037653840991,0.00197413843125,-0.00036547871423,-0.000238876207732,-0.0000111859590106,0.00129913422279,-0.000465384189738,0.00096291967202,-0.000870315590873,0.00144285522401,-0.00160507927649,-0.0000581960994168],[0.000220366637222,0.000017725626094,-0.00036547871423,0.00505446037278,-0.00180391513277,-0.000997023889795,-0.00172952620778,-0.00058673415333,0.000613823358435,0.000712897744961,-0.00126647471916,0.000197150933673,0.000979515258223],[0.000727055303287,0.000270534830634,-0.000238876207732,-0.00180391513277,0.0103374524042,-0.00235380209051,0.000366675754776,0.000863874971401,-0.0000203690397029,0.00135648041032,-0.00300521613099,0.000525309238583,-0.00498062139377],[-0.000403244746849,0.000180018716492,-0.0000111859590106,-0.000997023889795,-0.00235380209051,0.0148727064952,-0.00894173886627,0.00235211709514,-0.00201889430173,-0.00344168394804,0.0019648715388,-0.00231889239512,-0.000426977785537],[0.000868487113621,-0.00155772571452,0.00129913422279,-0.00172952620778,0.000366675754776,-0.00894173886627,0.0234613902867,-0.0103141777217,0.00460005039349,-0.00257719797082,0.00392402289435,-0.00459145056084,0.00168158567976],[-0.000640810991172,0.000831392186228,-0.000465384189738,-0.00058673415333,0.000863874971401,0.00235211709514,-0.0103141777217,0.0254113599658,-0.0101289218292,0.00525308819488,-0.0101098194718,0.00860475469381,-0.00252329767682],[0.000490455364343,-0.00126410392113,0.00096291967202,0.000613823358435,-0.0000203690397029,-0.00201889430173,0.00460005039349,-0.0101289218292,0.0309092383832,-0.0153714390472,0.0128038227558,-0.0114981746301,0.00547990621999],[-0.000874903635122,-0.000540503358934,-0.000870315590873,0.000712897744961,0.00135648041032,-0.00344168394804,-0.00257719797082,0.00525308819488,-0.0153714390472,0.0330253578722,-0.0188419893384,0.00661778729409,-0.00789855327457],[0.000241703193751,-0.00145999377128,0.00144285522401,-0.00126647471916,-0.00300521613099,0.0019648715388,0.00392402289435,-0.0101098194718,0.0128038227558,-0.0188419893384,0.0382027514279,-0.0184888280928,0.00699393311515],[-0.00136432726867,-0.000227055381401,-0.00160507927649,0.000197150933673,0.000525309238583,-0.00231889239512,-0.00459145056084,0.00860475469381,-0.0114981746301,0.00661778729409,-0.0184888280928,0.0373353511095,-0.013100870885],[0.000354587042239,0.000886844587512,-0.0000581960994168,0.000979515258223,-0.00498062139377,-0.000426977785537,0.00168158567976,-0.00252329767682,0.00547990621999,-0.00789855327457,0.00699393311515,-0.013100870885,0.0323905050755]],"mean":[-863.425537109,199.122955322,82.2697296143,73.9919815063,42.6393356323,27.8963794708,15.8960170746,11.4704494476,3.27299690247,0.477599650621,0.960629761219,1.83149695396,3.5359442234]},"pitch_salience":{"dmean":0.0407901667058,"dmean2":0.0679667815566,"dvar":0.00329883233644,"dvar2":0.00893853697926,"max":0.841075181961,"mean":0.204819649458,"median":0.171076625586,"min":0.0256840791553,"var":0.0194270350039},"silence_rate_20dB":{"dmean":0.0315204225481,"dmean2":0.0630434751511,"dvar":0.0305240210146,"dvar2":0.0822508782148,"max":1,"mean":0.903854191303,"median":1,"min":0,"var":0.0869154110551},"silence_rate_30dB":{"dmean":0.0530078187585,"dmean2":0.106020070612,"dvar":0.0501964613795,"dvar2":0.122032791376,"max":1,"mean":0.149402230978,"median":0,"min":0,"var":0.127095252275},"silence_rate_60dB":{"dmean":0.000836085469928,"dmean2":0.00167224078905,"dvar":0.000835402344819,"dvar2":0.00166949187405,"max":1,"mean":0.00714823184535,"median":0,"min":0,"var":0.00709764985368},"spectral_centroid":{"dmean":32.8890762329,"dmean2":53.6887130737,"dvar":13328.1240234,"dvar2":27626.8222656,"max":11022.3740234,"mean":245.47038269,"median":124.227005005,"min":74.4517974854,"var":212299.953125},"spectral_complexity":{"dmean":0.8069896698,"dmean2":1.39205682278,"dvar":4.19427156448,"dvar2":9.71675205231,"max":67,"mean":5.7443356514,"median":3,"min":0,"var":89.5663909912},"spectral_contrast_coeffs":{"dmean":[0.0369248762727,0.0344748683274,0.0246973056346,0.0176640171558,0.0125938626006,0.0107512800023],"dmean2":[0.0616135261953,0.0579041615129,0.0423146411777,0.0302405059338,0.0214068442583,0.0181095246226],"dvar":[0.00130197627004,0.000933572882786,0.000405650498578,0.000223699360504,0.000115075454232,0.00010520714568],"dvar2":[0.00377680640668,0.00266912160441,0.00115376047324,0.000632783223409,0.000311559910187,0.000251723860856],"max":[-0.273949205875,-0.39187720418,-0.61210167408,-0.54782050848,-0.577776312828,-0.584509313107],"mean":[-0.577842652798,-0.64073818922,-0.839999616146,-0.870614111423,-0.865684807301,-0.821251451969],"median":[-0.570368885994,-0.628971576691,-0.843377292156,-0.88087117672,-0.876711964607,-0.839797973633],"min":[-0.972652971745,-0.972870588303,-0.968465447426,-0.955442905426,-0.961572885513,-0.960110664368],"var":[0.00411256821826,0.00685185706243,0.00155191903468,0.00155384582467,0.00145373959094,0.00235909712501]},"spectral_contrast_valleys":{"dmean":[0.257280915976,0.31159439683,0.267500817776,0.211036086082,0.152233213186,0.127877518535],"dmean2":[0.42764377594,0.520860135555,0.45209980011,0.352763772011,0.24750033021,0.20920458436],"dvar":[0.063042640686,0.0828905105591,0.0686364471912,0.0531423650682,0.0482839159667,0.0430296286941],"dvar2":[0.161931917071,0.202518001199,0.154794633389,0.110722266138,0.0893422141671,0.0832577496767],"max":[-4.42661094666,-4.01014471054,-4.67979001999,-5.11110591888,-5.17483758926,-6.23858118057],"mean":[-6.54073190689,-8.4876909256,-9.65745830536,-10.1188201904,-10.0583591461,-12.5734891891],"median":[-6.45850467682,-8.72447967529,-10.0425777435,-10.6083259583,-10.5637874603,-12.9558048248],"min":[-27.355178833,-26.9664325714,-27.0722446442,-27.2390422821,-27.2762622833,-27.1696090698],"var":[0.518077611923,1.17039442062,1.89413547516,2.07245969772,1.75791847706,1.25420284271]},"spectral_decrease":{"dmean":1.07647339931e-8,"dmean2":1.74858385549e-8,"dvar":2.23991166047e-16,"dvar2":6.80112611262e-16,"max":1.11628406235e-18,"mean":-5.19976559588e-8,"median":-5.17150731127e-8,"min":-1.85138787856e-7,"var":7.31304953253e-16},"spectral_energy":{"dmean":0.040996607393,"dmean2":0.066584430635,"dvar":0.00324646034278,"dvar2":0.00985153950751,"max":0.70349830389,"mean":0.198258981109,"median":0.196866780519,"min":1.08348284847e-20,"var":0.0104927439243},"spectral_energyband_high":{"dmean":0.000129385094624,"dmean2":0.000198633759283,"dvar":0.00000622905417913,"dvar2":0.0000107168916657,"max":0.281689733267,"mean":0.000475436390843,"median":6.85029760916e-7,"min":8.00597580293e-21,"var":0.0000142335657074},"spectral_energyband_low":{"dmean":0.0405091047287,"dmean2":0.0658482015133,"dvar":0.00317931035534,"dvar2":0.00970088969916,"max":0.701955497265,"mean":0.190971776843,"median":0.192466855049,"min":7.63074872387e-23,"var":0.0109516540542},"spectral_energyband_middle_high":{"dmean":0.000322127278196,"dmean2":0.000518139044289,"dvar":0.00000430843283539,"dvar2":0.0000109640914161,"max":0.129082843661,"mean":0.00121781160124,"median":0.0000049578557082,"min":1.49029209126e-21,"var":0.0000397678813897},"spectral_energyband_middle_low":{"dmean":0.0023796048481,"dmean2":0.00390775874257,"dvar":0.000104604696389,"dvar2":0.000242047419306,"max":0.432023257017,"mean":0.00680990796536,"median":0.00346319610253,"min":1.77318929963e-22,"var":0.00024050794309},"spectral_entropy":{"dmean":0.158271744847,"dmean2":0.256783157587,"dvar":0.0509285703301,"dvar2":0.126226663589,"max":9.80468845367,"mean":4.93056678772,"median":4.4900841713,"min":3.51934599876,"var":1.36137151718},"spectral_flux":{"dmean":0.0386322289705,"dmean2":0.0614750534296,"dvar":0.00277882441878,"dvar2":0.00701395096257,"max":0.674274146557,"mean":0.0871914625168,"median":0.0575961992145,"min":1.04090479291e-10,"var":0.00678306259215},"spectral_kurtosis":{"dmean":12.3191757202,"dmean2":20.6522521973,"dvar":172.904785156,"dvar2":429.452850342,"max":231.248382568,"mean":61.9710464478,"median":57.8079681396,"min":-1.17704379559,"var":1903.43078613},"spectral_rms":{"dmean":0.00154448789544,"dmean2":0.00249142223038,"dvar":0.00000416316424889,"dvar2":0.0000120832191897,"max":0.0261980872601,"mean":0.0132789677009,"median":0.0138587569818,"min":3.25124042272e-12,"var":0.0000170920447999},"spectral_rolloff":{"dmean":50.5863876343,"dmean2":85.2744293213,"dvar":114457.414063,"dvar2":287371.96875,"max":18733.8867188,"mean":260.395904541,"median":107.666015625,"min":21.533203125,"var":856821.0625},"spectral_skewness":{"dmean":0.656135082245,"dmean2":1.10226559639,"dvar":0.412517935038,"dvar2":1.01016879082,"max":13.1755800247,"mean":6.08838272095,"median":6.34337186813,"min":0.0306134335697,"var":7.96356010437},"spectral_spread":{"dmean":402533.25,"dmean2":715253.125,"dvar":190525980672,"dvar2":494639939584,"max":40058816,"mean":2099869.75,"median":1750781,"min":422740.6875,"var":1792805568510},"spectral_strongpeak":{"dmean":0.25954079628,"dmean2":0.439104169607,"dvar":0.221216514707,"dvar2":0.55284422636,"max":22.4415035248,"mean":1.25334763527,"median":1.3155810833,"min":0,"var":0.41873678565},"zerocrossingrate":{"dmean":0.00125069892965,"dmean2":0.00172353896778,"dvar":0.0000249939312198,"dvar2":0.0000364730512956,"max":0.49951171875,"mean":0.0097625227645,"median":0.00390625,"min":0.001953125,"var":0.00074189848965}},"metadata":{"audio_properties":{"analysis_sample_rate":44100,"bit_rate":192000,"codec":"mp3","downmix":"mix","equal_loudness":0,"length":555.441650391,"lossless":false,"md5_encoded":"c3ae26f841450842905839f6be92927a","replay_gain":-3.25147438049,"sample_rate":44100},"tags":{"album":["Stoner Witch"],"albumartist":["Melvins"],"albumartistsort":["Melvins"],"artist":["Melvins"],"artistsort":["Melvins"],"asin":["B000002J2Z"],"barcode":["075678270420"],"catalognumber":["82704-2"],"contentgroup":["Rock"],"date":["1994-10"],"discnumber":["1/1"],"file_name":"11 - Lividity.mp3","genre":["Rock","Grunge","Stoner Rock","Sludge Metal","Experimental","Alternative"],"label":["Atlantic"],"language":["eng"],"media":["CD"],"musicbrainz album release country":["US"],"musicbrainz album status":["official"],"musicbrainz album type":["album"],"musicbrainz_albumartistid":["9ccfbc94-a4f4-42f7-b6f5-d903ab77cccb"],"musicbrainz_albumid":["450a2f27-bd33-439c-ac3b-1e6861076399"],"musicbrainz_artistid":["9ccfbc94-a4f4-42f7-b6f5-d903ab77cccb"],"musicbrainz_recordingid":["e356b4e8-4eeb-47ad-8948-7375b32a1816"],"musicip_puid":["a653f1cf-838a-986a-65e6-b5b3c11dfad7"],"script":["Latn"],"title":["Lividity"],"tracknumber":["11/11"]},"version":{"essentia":"2.1-beta2","essentia_build_sha":"2d9f1f26377add8aeb1075a9c2973f962c4f09fd","essentia_git_sha":"v2.1_beta2-1-ge3940c0","extractor":"music 1.0"}},"rhythm":{"beats_count":973,"beats_loudness":{"dmean":0.0756771564484,"dmean2":0.123619101942,"dvar":0.00574342068285,"dvar2":0.0142844971269,"max":0.604569733143,"mean":0.210598424077,"median":0.208287298679,"min":0.00256186933257,"var":0.0122127719223},"beats_loudness_band_ratio":{"dmean":[0.027541263029,0.0310478787869,0.00592749752104,0.00404160842299,0.00472687510774,0.00586681207642],"dmean2":[0.0480853952467,0.0542397126555,0.0109893176705,0.0074028884992,0.0078586731106,0.00996368657798],"dvar":[0.00557440845296,0.00770172663033,0.00088282325305,0.000323304760968,0.00