{"lowlevel":{"average_loudness":0.949677109718,"barkbands":{"dmean":[0.000419733929448,0.0041806763038,0.0020213779062,0.00104186136741,0.003584951628,0.000552903104108,0.00074618763756,0.000921569473576,0.000902021187358,0.000948007625993,0.000658486504108,0.000719613744877,0.000603589753155,0.000796789303422,0.00121915515047,0.000466614757897,0.00060745945666,0.000378063356038,0.000230288060266,0.0001885638776,0.000152045395225,0.000155749206897,0.000100620578451,0.0000537536579941,0.0000178137179319,0.00000536393190487,7.50904462166e-7],"dmean2":[0.000681885576341,0.00747738406062,0.0036413797643,0.00186852226034,0.00638383906335,0.000901788356714,0.0012055762345,0.00149921071716,0.00144756375812,0.00152752036229,0.0010796552524,0.0011610861402,0.000973028945737,0.00130737654399,0.00203296355903,0.000771655992139,0.00103103299625,0.000623731699307,0.000386090803659,0.000315050187055,0.000250315031735,0.000242120207986,0.000149179468281,0.0000801271016826,0.0000269609809038,0.00000823526261229,0.00000120775632695],"dvar":[6.99785289271e-7,0.000081171929196,0.0000150129808389,0.00000260257866103,0.0000570271258766,0.00000127998021071,0.00000205890751204,0.00000257373085333,0.00000292861682283,0.00000208492042475,9.95244477053e-7,9.61146838563e-7,7.03348689512e-7,0.00000106682705336,0.00000282848395727,4.58553614635e-7,5.59017166779e-7,2.39788363388e-7,7.54777644829e-8,6.68506174861e-8,9.60264472383e-8,2.20262108996e-7,1.5072265569e-7,3.87194880602e-8,3.79402864681e-9,3.32048000207e-10,5.97545320516e-12],"dvar2":[0.0000017741793954,0.000227672353503,0.0000432556807937,0.00000722556524124,0.000155474554049,0.0000030000796869,0.0000049477698667,0.00000642046916255,0.00000653098959447,0.00000506855030835,0.00000262902403847,0.00000239688688453,0.00000173936598458,0.00000270392342827,0.00000737499067327,0.00000117329705063,0.00000147649257087,5.99514407895e-7,1.93962847561e-7,1.72754639038e-7,2.22436597141e-7,4.56250688785e-7,2.77975544805e-7,7.60875380479e-8,8.16994116803e-9,6.36740715709e-10,1.43242345069e-11],"max":[0.00930212624371,0.0625472962856,0.0345853641629,0.0213741287589,0.0682709440589,0.0281759686768,0.033126629889,0.0307802800089,0.0372163429856,0.0270404051989,0.0170691739768,0.0248666051775,0.0130283683538,0.0155984051526,0.036994881928,0.0166182201356,0.0139025021344,0.00947615411133,0.00902915466577,0.00836460851133,0.00961378309876,0.0122044170275,0.0117588825524,0.00345098623075,0.00170822581276,0.000788645993453,0.0000935696734814],"mean":[0.000417294650106,0.00431832950562,0.00257504312322,0.00113741972018,0.00300839566626,0.00083285436267,0.00112485163845,0.0013093088055,0.0014390416909,0.00155487214215,0.00107637094334,0.00121239409782,0.00116169406101,0.0015446919715,0.00237427791581,0.00100328831468,0.00121842417866,0.000813944032416,0.000583397515584,0.000484926829813,0.000353701587301,0.000327670364641,0.000184304430149,0.0000985596343526,0.0000343364918081,0.00000929674843064,0.00000112418229037],"median":[0.0000660935038468,0.0020195520483,0.00159902404994,0.000628668931313,0.000853224773891,0.000439255964011,0.000485257711262,0.000561344786547,0.000670064939186,0.000911526381969,0.000656203599647,0.00081478303764,0.000774011597969,0.00102364411578,0.00150083377957,0.000793480779976,0.000981256132945,0.000660019926727,0.000532383332029,0.00042823900003,0.000284404668491,0.000204100724659,0.0000758730384405,0.0000389171837014,0.0000165423443832,0.00000428794737672,3.9087402115e-7],"min":[9.33763057255e-24,2.97748764472e-23,1.56053978884e-23,5.65089662618e-24,3.89320779646e-23,3.21311093078e-23,4.84617796015e-23,3.77507019611e-23,7.76850277058e-23,4.05097145781e-23,4.62074770362e-23,6.59260903477e-23,1.0235091592e-22,8.02553574161e-23,8.42612688234e-23,1.45780069024e-22,9.33287579233e-23,1.77208098162e-22,1.74560188715e-22,3.55551550182e-22,5.4344196096e-22,4.55916013368e-22,5.33612425915e-22,6.84252597556e-22,1.18973280471e-21,1.74452552746e-21,2.15243583327e-21],"var":[7.54732525365e-7,0.0000579143488721,0.0000122847359307,0.00000229123975259,0.0000402128025598,0.0000022312353849,0.0000043422987801,0.00000482327459395,0.00000592735705141,0.00000414277110394,0.00000168217832197,0.00000179652556653,0.00000151877691223,0.00000241793986788,0.00000662904267301,8.94427842013e-7,0.00000100656700397,4.55778177866e-7,1.45442655253e-7,1.27525368043e-7,1.95278758497e-7,4.72277946528e-7,3.75742331471e-7,7.82175249014e-8,7.29784011e-9,6.23640361574e-10,9.72360473389e-12]},"barkbands_crest":{"dmean":2.83695149422,"dmean2":4.91385126114,"dvar":7.72648715973,"dvar2":21.4357719421,"max":26.2439727783,"mean":7.16789531708,"median":6.24659538269,"min":1.84452283382,"var":11.0423469543},"barkbands_flatness_db":{"dmean":0.0153989614919,"dmean2":0.0257047321647,"dvar":0.000219097913941,"dvar2":0.000587406160776,"max":0.423998773098,"mean":0.0948583111167,"median":0.0888587683439,"min":0.0208170432597,"var":0.00101679062936},"barkbands_kurtosis":{"dmean":0.935185313225,"dmean2":1.62656664848,"dvar":57.9277992249,"dvar2":168.455093384,"max":521.217163086,"mean":-0.192445069551,"median":-0.723425745964,"min":-1.81581032276,"var":38.2006378174},"barkbands_skewness":{"dmean":0.502668559551,"dmean2":0.815331101418,"dvar":0.278745353222,"dvar2":0.720993518829,"max":17.5022678375,"mean":0.315007776022,"median":0.225061833858,"min":-3.57321023941,"var":0.51273471117},"barkbands_spread":{"dmean":5.31254863739,"dmean2":8.45570659637,"dvar":26.8958950043,"dvar2":61.5403366089,"max":105.678749084,"mean":30.2008266449,"median":29.7558746338,"min":0.364626079798,"var":93.9493789673},"dissonance":{"dmean":0.011689292267,"dmean2":0.0199999064207,"dvar":0.000155853660544,"dvar2":0.000454285443993,"max":0.500000178814,"mean":0.481110602617,"median":0.485218584538,"min":0.206386119127,"var":0.000286862923531},"dynamic_complexity":1.765198946,"erbbands":{"dmean":[0.113374255598,0.99838757515,2.36513853073,2.85728549957,10.300819397,11.2666654587,4.01531744003,4.88731384277,9.55038070679,12.8861579895,21.7814025879,19.1658306122,27.8571891785,26.4867630005,24.4678649902,32.7434577942,26.4903678894,41.1255607605,63.4872817993,39.1155090332,27.7772636414,25.0018672943,21.7260112762,12.5626821518,10.2305793762,9.47305488586,7.41645383835,5.06299304962,5.81519460678,3.93761825562,2.90425229073,1.52727007866,0.707882106304,0.256871402264,0.10516590625,0.0343797542155,0.00814918428659,0.00134044140577,0.000143465804285,0.0000164090415637],"dmean2":[0.190254673362,1.83914530277,4.26440906525,5.09327411652,18.4780654907,20.1098899841,6.72621154785,7.96946239471,15.3584156036,20.8873748779,35.323928833,30.539773941,44.811340332,42.4855766296,39.8640365601,52.51745224,42.6724510193,67.3271255493,104.953598022,63.7232513428,46.4627990723,41.9868774414,35.7959899902,20.9790744781,17.1341114044,15.8449459076,12.3535890579,8.12821769714,9.12050533295,5.89413070679,4.37162256241,2.29824113846,1.05473232269,0.394656151533,0.159808412194,0.0528486892581,0.0125906793401,0.00208842311986,0.000230509787798,0.0000272743218375],"dvar":[0.0556531362236,4.78790950775,21.6498527527,19.5483589172,427.644500732,615.153381348,53.2515296936,133.433883667,389.714019775,609.243469238,1580.22216797,1628.31567383,2202.92260742,1810.81225586,1216.72143555,2004.45056152,1400.22119141,2668.97363281,8998.50878906,3563.84912109,1398.27099609,1012.80560303,804.301025391,237.268707275,176.184906006,150.123260498,140.708190918,186.633422852,281.752990723,227.15637207,127.690032959,37.0910148621,5.3678612709,0.830409288406,0.123779609799,0.0157525446266,0.000616512959823,0.00001868898471,1.79056684146e-7,4.73576733384e-10],"dvar2":[0.143230319023,13.8320608139,62.557346344,54.6369667053,1170.29199219,1672.85046387,132.620758057,308.723388672,933.224609375,1494.92749023,3936.95043945,3590.09326172,5424.29785156,4485.53808594,3148.15087891,4949.90673828,3483.78710938,6828.84960938,23137.6386719,9162.73925781,3620.28173828,2555.96264648,1987.23168945,604.866333008,453.32119751,391.710113525,339.210784912,411.514343262,597.82244873,409.539093018,249.816818237,73.3862915039,10.4227180481,1.79535865784,0.271140486002,0.0300372727215,0.00125701329671,0.0000407571460528,4.1434603304e-7,1.2195389143e-9],"max":[1.92655909061,14.9588766098,41.024974823,42.8772773743,248.147247314,217.816390991,172.099517822,365.569946289,541.638549805,550.916320801,827.424377441,1057.35351562,813.40032959,734.036254883,802.035827637,1134.47521973,637.283935547,714.033691406,2187.42529297,1261.69726562,853.790466309,758.935913086,533.239868164,488.384918213,366.928344727,368.10647583,433.842590332,480.524688721,446.436645508,745.20324707,385.203826904,112.259475708,56.7354393005,26.6412715912,8.00807857513,5.68858098984,0.833196997643,0.169724687934,0.0145372170955,0.000491992686875],"mean":[0.119102410972,0.984922111034,3.05578923225,3.58634519577,8.64190387726,9.22365093231,5.24108028412,7.12983989716,14.6859703064,19.0336112976,32.3514251709,31.374622345,47.2158432007,45.2566642761,45.7448692322,57.4519577026,54.2067489624,86.5723419189,118.240882874,87.3406677246,64.9780883789,58.2258415222,48.1604766846,33.4370574951,25.7799816132,24.4947471619,17.9750270844,11.6731090546,12.2654438019,7.54030895233,5.21954536438,2.75254702568,1.33812689781,0.502022564411,0.185954347253,0.0586028620601,0.0143429953605,0.00224736589007,0.000233954255236,0.0000438831084466],"median":[0.0399857312441,0.490297734737,1.82668876648,2.30890703201,2.60816311836,2.2483587265,2.72633695602,3.36944389343,6.63702011108,7.91629505157,14.5497684479,14.9925670624,28.469083786,27.240447998,31.1434593201,39.2475662231,38.2932891846,61.3046798706,77.7504119873,58.7063369751,54.3049278259,48.7449951172,39.6027297974,30.1263961792,23.1920509338,21.8857784271,15.3586425781,8.57358169556,7.95213890076,3.58912992477,2.20318651199,1.0374982357,0.598274469376,0.242245823145,0.0892901495099,0.026866696775,0.0069739529863,0.000946125132032,0.0000950766552705,0.0000376908938051],"min":[1.60211687324e-21,4.08937455721e-21,1.62233883408e-20,1.78366700319e-20,4.14224521162e-20,2.153811328e-19,2.90036897269e-19,2.25813508836e-19,7.12753151202e-19,5.6912828218e-19,1.17678260479e-18,1.43322668925e-18,1.26705964927e-18,1.72843669653e-18,2.25865285173e-18,2.54905652605e-18,5.08149168487e-18,3.70101120135e-18,4.87944537563e-18,7.82103239636e-18,9.14058482391e-18,6.00494743533e-18,8.56793099456e-18,7.18945187453e-18,1.16451479252e-17,1.70226689397e-17,1.58679479657e-17,1.95697168645e-17,1.8408646452e-17,1.44754307635e-17,1.5478771068e-17,1.60753403432e-17,1.04625244947e-17,1.28143710298e-17,8.93825313736e-18,5.14446329055e-18,2.64851155303e-18,1.3005556044e-18,2.64161989775e-19,3.30461595084e-20],"var":[0.0500530898571,3.06581878662,17.1563186646,16.866186142,301.29119873,439.013763428,69.8288345337,230.804199219,797.25012207,1119.80810547,2977.9465332,3038.23583984,3984.77368164,3397.68188477,2378.91748047,3833.84887695,3049.5300293,6347.56640625,17453.2773438,10262.4628906,2766.8918457,2045.27502441,1546.32421875,488.597442627,311.549133301,301.151702881,276.505371094,398.6668396,574.879455566,551.076843262,293.040496826,74.4617233276,11.1169462204,1.57767546177,0.219335794449,0.0291163772345,0.00110420153942,0.0000337326418958,3.15930350325e-7,7.36767202802e-10]},"erbbands_crest":{"dmean":2.55021810532,"dmean2":4.22032165527,"dvar":5.5745973587,"dvar2":14.081202507,"max":31.9962921143,"mean":8.44672107697,"median":7.51675605774,"min":2.53672432899,"var":14.5219039917},"erbbands_flatness_db":{"dmean":0.0158111099154,"dmean2":0.0246564932168,"dvar":0.000210016034544,"dvar2":0.000485461438075,"max":0.401859849691,"mean":0.171724259853,"median":0.169792786241,"min":0.0758049637079,"var":0.00102240918204},"erbbands_kurtosis":{"dmean":0.836183965206,"dmean2":1.35208797455,"dvar":2.17145061493,"dvar2":5.01027488708,"max":94.9799804688,"mean":0.746879220009,"median":0.369694113731,"min":-1.76523125172,"var":5.75663709641},"erbbands_skewness":{"dmean":0.294530391693,"dmean2":0.469505906105,"dvar":0.0696825832129,"dvar2":0.167183801532,"max":7.97462701797,"mean":-0.167845785618,"median":-0.204782158136,"min":-3.4353017807,"var":0.316916912794},"erbbands_spread":{"dmean":6.15081214905,"dmean2":10.0318956375,"dvar":38.747051239,"dvar2":97.276802063,"max":79.7246704102,"mean":25.675655365,"median":23.9328289032,"min":1.57561779022,"var":95.8759460449},"gfcc":{"cov":[[6754.55419922,-259.149261475,132.13822937,520.074829102,102.178398132,181.152282715,-167.102203369,22.3884868622,-252.188095093,-16.6196918488,-144.532928467,31.0156040192,-15.2747220993],[-259.149261475,576.643859863,-78.5603103638,-21.5744285583,41.3923912048,-112.627159119,82.4092483521,1.68340218067,46.1392021179,-30.4866523743,51.844455719,-44.300201416,44.550693512],[132.13822937,-78.5603103638,311.429229736,55.316532135,8.71118068695,24.9231815338,-30.8697891235,-2.84315133095,-16.7342815399,18.1590366364,-16.367515564,26.8826789856,-14.3759727478],[520.074829102,-21.5744285583,55.316532135,251.168945312,68.0139923096,51.2272796631,-10.3023672104,-9.44010829926,-20.3652420044,-3.57084155083,2.51269984245,0.0553895682096,31.6173801422],[102.178398132,41.3923912048,8.71118068695,68.0139923096,188.719223022,37.4598846436,39.2089271545,31.9075164795,-2.4720056057,18.1420726776,-2.87693524361,11.299200058,22.7026977539],[181.152282715,-112.627159119,24.9231815338,51.2272796631,37.4598846436,152.609680176,45.0889892578,33.3144493103,9.25556850433,12.6184768677,2.26922488213,8.14247894287,2.77392888069],[-167.102203369,82.4092483521,-30.8697891235,-10.3023672104,39.2089271545,45.0889892578,137.37689209,64.5358734131,38.7890853882,11.5413198471,21.9472045898,-3.60095405579,1.41997087002],[22.3884868622,1.68340218067,-2.84315133095,-9.44010829926,31.9075164795,33.3144493103,64.5358734131,105.017372131,48.5095672607,24.3888320923,20.3795127869,6.08839988708,3.23428440094],[-252.188095093,46.1392021179,-16.7342815399,-20.3652420044,-2.4720056057,9.25556850433,38.7890853882,48.5095672607,99.4458389282,36.8296203613,29.5772361755,-5.92115592957,-1.33385145664],[-16.6196918488,-30.4866523743,18.1590366364,-3.57084155083,18.1420726776,12.6184768677,11.5413198471,24.3888320923,36.8296203613,74.7460327148,29.9177646637,11.2934732437,-4.87189054489],[-144.532928467,51.844455719,-16.367515564,2.51269984245,-2.87693524361,2.26922488213,21.9472045898,20.3795127869,29.5772361755,29.9177646637,68.9532089233,17.9526195526,11.7867717743],[31.0156040192,-44.300201416,26.8826789856,0.0553895682096,11.299200058,8.14247894287,-3.60095405579,6.08839988708,-5.92115592957,11.2934732437,17.9526195526,56.2284393311,14.7429704666],[-15.2747220993,44.550693512,-14.3759727478,31.6173801422,22.7026977539,2.77392888069,1.41997087002,3.23428440094,-1.33385145664,-4.87189054489,11.7867717743,14.7429704666,56.0265350342]],"icov":[[0.000264004484052,-0.000381193996873,0.000220363392145,-0.00065261562122,0.000328501075273,-0.000481808296172,0.000650368223432,-0.000882920925505,0.000918339996133,-0.000688235391863,0.000962328806054,-0.000654196017422,0.000656862044707],[-0.000381193996873,0.00492437882349,-0.0009725112468,0.00149537576362,-0.00230817683041,0.0045359111391,-0.00430093333125,0.00342682446353,-0.00317678111605,0.00437559513375,-0.00590184284374,0.00553920632228,-0.00440228870139],[0.000220363392145,-0.0009725112468,0.00425785640255,-0.00175383640453,0.000865268870257,-0.00125489861239,0.00176219223067,-0.0015695632901,0.00133320968598,-0.00242024497129,0.00322835077532,-0.00377145945095,0.00280766258948],[-0.00065261562122,0.00149537576362,-0.00175383640453,0.00731759518385,-0.0028935612645,-0.000220337125938,-0.000955955358222,0.00325996661559,-0.00185186462477,0.0028596513439,-0.00475093582645,0.00461036199704,-0.00493620894849],[0.000328501075273,-0.00230817683041,0.000865268870257,-0.0028935612645,0.00852928310633,-0.00228101201355,0.000142044314998,-0.00355230295099,0.00351560185663,-0.00529736699536,0.00596611015499,-0.0038781054318,0.0000265292401309],[-0.000481808296172,0.0045359111391,-0.00125489861239,-0.000220337125938,-0.00228101201355,0.0126868188381,-0.00674845324829,0.00214163120836,-0.00298746442422,0.00314227677882,-0.00415492430329,0.00369202205911,-0.00348757696338],[0.000650368223432,-0.00430093333125,0.00176219223067,-0.000955955358222,0.000142044314998,-0.00674845324829,0.016450189054,-0.00920515414327,0.00225905398838,-0.00182443484664,0.00252043968067,-0.00314661976881,0.00517286127433],[-0.000882920925505,0.00342682446353,-0.0015695632901,0.00325996661559,-0.00355230295099,0.00214163120836,-0.00920515414327,0.0207373835146,-0.00965771079063,0.0031710981857,-0.00554434396327,0.00276035279967,-0.004352605436],[0.000918339996133,-0.00317678111605,0.00133320968598,-0.00185186462477,0.00351560185663,-0.00298746442422,0.00225905398838,-0.00965771079063,0.0211199428886,-0.0100865289569,0.00189449242316,0.000248251919402,0.00254904781468],[-0.000688235391863,0.00437559513375,-0.00242024497129,0.0028596513439,-0.00529736699536,0.00314227677882,-0.00182443484664,0.0031710981857,-0.0100865289569,0.0257230270654,-0.013784179464,0.00330863660201,-0.0000217091037484],[0.000962328806054,-0.00590184284374,0.00322835077532,-0.00475093582645,0.00596611015499,-0.00415492430329,0.00252043968067,-0.00554434396327,0.00189449242316,-0.013784179464,0.0315924584866,-0.0143235279247,0.00247838301584],[-0.000654196017422,0.00553920632228,-0.00377145945095,0.00461036199704,-0.0038781054318,0.00369202205911,-0.00314661976881,0.00276035279967,0.000248251919402,0.00330863660201,-0.0143235279247,0.0310572925955,-0.0117089143023],[0.000656862044707,-0.00440228870139,0.00280766258948,-0.00493620894849,0.0000265292401309,-0.00348757696338,0.00517286127433,-0.004352605436,0.00254904781468,-0.0000217091037484,0.00247838301584,-0.0117089143023,0.0279350113124]],"mean":[33.1604995728,89.0080947876,-155.073440552,39.6140975952,-48.6078414917,21.2640743256,-28.3831977844,7.52277851105,-17.2357292175,1.04230964184,-17.4636497498,-5.30857086182,-11.0223073959]},"hfc":{"dmean":7.84023141861,"dmean2":12.3676338196,"dvar":85.858581543,"dvar2":187.304031372,"max":226.243408203,"mean":33.7602577209,"median":31.8926734924,"min":1.14100420193e-16,"var":298.178466797},"melbands":{"dmean":[0.00107649585698,0.00127475289628,0.00063359644264,0.000938762677833,0.000168588929228,0.000111594476039,0.000146249221871,0.000146819176734,0.000176772489795,0.000124755038996,0.000140853153425,0.000111403081974,0.0000919226367841,0.0000799334229669,0.0000658573771943,0.0000617488694843,0.0000856540355016,0.000099687706097,0.0000666236373945,0.0000450085535704,0.0000391822795791,0.000032862109947,0.0000236786036112,0.0000187475343409,0.0000108334970719,0.00000976075898507,0.00000659652505419,0.00000680038601786,0.00000548298612557,0.00000391487719753,0.00000318838669955,0.00000354923304258,0.00000322767436955,0.00000204742605092,0.00000183066879345,0.00000135165419124,8.96349035884e-7,5.85556790611e-7,3.12081226639e-7,2.04256096481e-7],"dmean2":[0.00186147494242,0.0023157033138,0.00113401759882,0.00167884654365,0.000287371425657,0.000180900940904,0.000235216255533,0.000239148634137,0.000286870374111,0.000198895169888,0.000226228235988,0.000178991860594,0.000150352105265,0.000128913641674,0.000105730679934,0.0000999025578494,0.000140333504532,0.000164062410477,0.000109039967356,0.0000737520749681,0.0000660341465846,0.000055531552789,0.0000392074070987,0.000031220530218,0.0000182499716175,0.0000164924967976,0.0000111048329927,0.0000114105041575,0.00000919349349715,0.00000653581628285,0.00000511607095177,0.00000569786698179,0.00000501966360389,0.00000306106244352,0.00000279955497717,0.00000207476773539,0.00000136345795454,8.88777094588e-7,4.79848210944e-7,3.17125454785e-7],"dvar":[0.00000519988452652,0.00000675666387906,8.84408279944e-7,0.00000406404615205,9.52727248205e-8,6.08328392104e-8,8.46906758056e-8,7.12052425911e-8,1.06701847358e-7,6.4516797238e-8,5.58605997014e-8,3.37253105442e-8,1.81563333257e-8,1.20436949302e-8,8.62933813295e-9,6.98519064812e-9,1.25327916933e-8,2.12190176541e-8,8.32006286089e-9,3.85822795934e-9,2.52158871561e-9,1.7253952711e-9,1.14253284611e-9,5.96371230177e-10,1.7999225721e-10,1.40765038514e-10,1.00418014182e-10,7.36392544165e-11,6.45800427024e-11,6.46329031961e-11,7.71326474913e-11,1.06765048191e-10,9.46603767593e-11,7.09206443572e-11,5.22670101644e-11,2.97122534909e-11,1.22172584549e-11,3.61604973395e-12,1.16754837135e-12,5.30519909687e-13],"dvar2":[0.0000140943429869,0.0000195448374143,0.00000243335921368,0.0000110931259769,2.50295840942e-7,1.4195138931e-7,2.03154812084e-7,1.74740648617e-7,2.62226819814e-7,1.42516228152e-7,1.36816566965e-7,8.31884037211e-8,4.76956323325e-8,3.00801232811e-8,2.13237125735e-8,1.7442619793e-8,3.1930227351e-8,5.42779972079e-8,2.09674411167e-8,9.98076732373e-9,6.61018129122e-9,4.48781412032e-9,2.83108048116e-9,1.57898849551e-9,4.67444971619e-10,3.67695790482e-10,2.64611249579e-10,1.92690516321e-10,1.59426166713e-10,1.54856141799e-10,1.69965902463e-10,2.39827657733e-10,1.96249974604e-10,1.28378807585e-10,1.04298597536e-10,6.27814258913e-11,2.51224804848e-11,7.24474083155e-12,2.44370344273e-12,1.20785792392e-12],"max":[0.0159300602973,0.0204614698887,0.00931043736637,0.0176288727671,0.00469141360372,0.00704216817394,0.00747106736526,0.00494390306994,0.00628677289933,0.00644821533933,0.00410368572921,0.00331544457003,0.00265418272465,0.00233147293329,0.00245896680281,0.00136591715273,0.00157947896514,0.00348921422847,0.00184512266424,0.00114984216634,0.00101131212432,0.00102677918039,0.00074911955744,0.000569978961721,0.000442251795903,0.000251761986874,0.000341709615896,0.000222593414946,0.000265331967967,0.000242752692429,0.000301556894556,0.000325177214108,0.000313130149152,0.000408263207646,0.000235134095419,0.000183573763934,0.0000732560001779,0.0000474296721222,0.0000342331950378,0.0000261577060883],"mean":[0.00112920755055,0.00153284205589,0.000729852821678,0.000755710876547,0.000197209606995,0.00016580967349,0.000228017335758,0.000215106134419,0.000261616252828,0.000202385097509,0.000235246188822,0.00018104618357,0.000156232606969,0.000139688811032,0.000123410834931,0.000119139906019,0.000165059784194,0.000180105198524,0.000137973838719,0.0000932838956942,0.000077357814007,0.0000668833890813,0.0000463120195491,0.0000388038897654,0.0000255636095972,0.0000219195953832,0.0000149995548782,0.0000164103439602,0.0000121403181765,0.00000807221567811,0.00000656221072859,0.00000710093354428,0.00000602001864536,0.00000348187109012,0.00000311054395752,0.0000023021227662,0.00000148118556353,0.00000105237813841,5.65462755731e-7,3.70927097038e-7],"median":[0.000438664748799,0.000913329655305,0.000437812268501,0.000191330822418,0.0000935274365474,0.0000797517132014,0.000102908968984,0.0000890354858711,0.000114569666039,0.000097298550827,0.000138743693242,0.0000998550458462,0.0000985342921922,0.0000953844573814,0.0000845250178827,0.0000814912709757,0.00010608429875,0.000117676951049,0.0000874466641108,0.0000685067789163,0.0000614878154011,0.0000540752225788,0.0000350093469024,0.000031173156458,0.0000225573385251,0.0000194316235138,0.0000129088111862,0.0000143122051668,0.0000100102297438,0.00000621540448265,0.00000439795257989,0.00000458423528471,0.00000335566642207,0.00000134760216497,0.00000126111183363,9.36771698434e-7,5.19334776072e-7,4.68855716917e-7,2.45204148541e-7,1.82617839073e-7],"min":[1.1250230937e-23,7.18178810341e-24,3.60186316259e-24,8.33498599543e-24,9.88666040764e-24,5.18538546727e-24,1.07822313164e-23,6.12431335464e-24,1.13097394483e-23,8.70231670936e-24,6.36224169227e-24,7.04580741601e-24,7.45354200779e-24,7.41879662922e-24,9.24436118114e-24,7.86915732001e-24,6.25493491548e-24,8.20582264397e-24,8.1825283703e-24,8.32934248451e-24,1.03960673372e-23,6.00283074739e-24,5.91478440404e-24,7.25194387029e-24,5.39367669512e-24,7.31431358004e-24,1.20945858403e-23,1.05825130344e-23,8.23774705595e-24,1.20125348399e-23,1.11252532815e-23,1.00524284828e-23,8.29911727893e-24,8.6430022579e-24,7.35928811797e-24,1.10315239842e-23,8.83148163854e-24,6.57878164417e-24,8.0379822312e-24,1.15145671823e-23],"var":[0.00000414299120166,0.00000478496349388,7.2328987244e-7,0.00000282358132608,1.02774251332e-7,1.0947027107e-7,1.797773308e-7,1.33617007236e-7,2.0175546922e-7,1.27974828956e-7,1.02738944463e-7,6.42511324145e-8,3.30756790845e-8,2.24884058042e-8,1.77735000051e-8,1.48794336852e-8,2.87741208638e-8,4.1007329088e-8,2.36715038682e-8,8.79463346593e-9,4.55082016515e-9,3.1267417544e-9,2.07550820974e-9,1.05257758065e-9,3.32872035491e-10,2.3627447221e-10,1.47176992815e-10,1.48528994659e-10,1.23298413146e-10,1.12115143558e-10,1.61362909146e-10,1.95430782668e-10,1.95587337992e-10,1.66508140609e-10,1.14346726532e-10,5.55377757672e-11,2.27101740191e-11,6.93762625473e-12,2.25361439579e-12,8.99570619817e-13]},"melbands_crest":{"dmean":3.86614727974,"dmean2":6.50080299377,"dvar":12.1187257767,"dvar2":31.8971538544,"max":32.2725944519,"mean":11.5389118195,"median":10.8309402466,"min":1.84166359901,"var":21.4768238068},"melbands_flatness_db":{"dmean":0.0244865231216,"dmean2":0.0402986295521,"dvar":0.000608841597568,"dvar2":0.00155250914395,"max":0.562047958374,"mean":0.136220037937,"median":0.129079148173,"min":0.00429746834561,"var":0.00177147402428},"melbands_kurtosis":{"dmean":2.62551522255,"dmean2":4.56474781036,"dvar":26.3494110107,"dvar2":70.8758239746,"max":234.55847168,"mean":1.9670727253,"median":0.498769164085,"min":-1.71765971184,"var":27.7728996277},"melbands_skewness":{"dmean":0.661174297333,"dmean2":1.09489870071,"dvar":0.487167239189,"dvar2":1.30280935764,"max":6.84255886078,"mean":1.21212267876,"median":1.02777719498,"min":-3.08186483383,"var":0.805121362209},"melbands_spread":{"dmean":11.369395256,"dmean2":18.2216262817,"dvar":143.367416382,"dvar2":337.025054932,"max":184.33152771,"mean":44.5076026917,"median":43.8172225952,"min":0.405559659004,"var":350.382965088},"mfcc":{"cov":[[4476.98583984,21.8193359375,-103.607292175,263.614746094,150.169555664,160.225402832,-13.3765039444,21.9300765991,-40.6572265625,-69.5470809937,-118.626533508,-72.306968689,-40.2461013794],[21.8193359375,563.895874023,-105.294898987,65.0720291138,-37.4021453857,-63.3247413635,18.6167373657,2.69842457771,19.7204017639,9.37865447998,22.4020595551,15.5407905579,-0.834569096565],[-103.607292175,-105.294898987,295.129119873,-5.5149102211,2.17377996445,13.0826301575,-29.4581184387,-10.4857330322,-28.6818389893,-5.41682291031,-6.23075151443,0.369235605001,-4.33277845383],[263.614746094,65.0720291138,-5.5149102211,198.129760742,64.7972106934,26.6935501099,13.6917152405,-9.33153247833,4.14967441559,-13.7062606812,-28.1438827515,-1.52638471127,0.449091374874],[150.169555664,-37.4021453857,2.17377996445,64.7972106934,132.783248901,45.4470672607,15.2801513672,-2.25706505775,14.3005809784,-4.79580163956,-13.2841444016,-13.3551492691,5.28079080582],[160.225402832,-63.3247413635,13.0826301575,26.6935501099,45.4470672607,111.611274719,35.1389465332,14.0691928864,8.17169189453,0.977449119091,-4.74492311478,-9.14007568359,-3.47159862518],[-13.3765039444,18.6167373657,-29.4581184387,13.6917152405,15.2801513672,35.1389465332,98.4291381836,40.3972587585,26.7020931244,9.63247394562,7.85952234268,11.3864498138,5.92370319366],[21.9300765991,2.69842457771,-10.4857330322,-9.33153247833,-2.25706505775,14.0691928864,40.3972587585,85.6702575684,36.0838394165,17.0362148285,8.80093669891,10.0149860382,9.57635593414],[-40.6572265625,19.7204017639,-28.6818389893,4.14967441559,14.3005809784,8.17169189453,26.7020931244,36.0838394165,73.0894927979,36.4888648987,17.2012405396,6.53798723221,10.9126672745],[-69.5470809937,9.37865447998,-5.41682291031,-13.7062606812,-4.79580163956,0.977449119091,9.63247394562,17.0362148285,36.4888648987,73.3215255737,39.2482872009,18.2026157379,7.5593996048],[-118.626533508,22.4020595551,-6.23075151443,-28.1438827515,-13.2841444016,-4.74492311478,7.85952234268,8.80093669891,17.2012405396,39.2482872009,74.1657104492,32.7116966248,8.82861328125],[-72.306968689,15.5407905579,0.369235605001,-1.52638471127,-13.3551492691,-9.14007568359,11.3864498138,10.0149860382,6.53798723221,18.2026157379,32.7116966248,71.271232605,31.9536361694],[-40.2461013794,-0.834569096565,-4.33277845383,0.449091374874,5.28079080582,-3.47159862518,5.92370319366,9.57635593414,10.9126672745,7.5593996048,8.82861328125,31.9536361694,62.4729270935]],"icov":[[0.000272435863735,-0.0000283691497316,0.000150542808115,-0.000273715035291,-0.000104876424302,-0.000376925308956,0.000303634005832,-0.000316924735671,0.000285158923361,-0.0000360776612069,0.000243177724769,0.0000307027221425,0.0000997317692963],[-0.0000283691497316,0.00231336150318,0.000606093904935,-0.00123519625049,0.000831378914881,0.00143567763735,-0.000658279110212,0.000158315204317,-0.00043211443699,0.000269501062576,-0.00103222916368,0.000220739239012,0.000187037978321],[0.000150542808115,0.000606093904935,0.0039496012032,-0.000346822518623,-0.0000620135906502,-0.000682542158756,0.00129738927353,-0.000712496694177,0.00169040786568,-0.000594669720158,0.000242640802753,-0.000470854254672,0.000318228150718],[-0.000273715035291,-0.00123519625049,-0.000346822518623,0.00750923482701,-0.00321832089685,-0.0007258047699,-0.00057213101536,0.00139196123928,-0.000811107689515,0.0000641329825157,0.00312931858934,-0.00233195885085,0.000686161220074],[-0.000104876424302,0.000831378914881,-0.0000620135906502,-0.00321832089685,0.0111434571445,-0.0028624010738,-0.000574866542593,0.00169927766547,-0.0028707315214,0.0010434059659,-0.00070784293348,0.00250338250771,-0.00214980170131],[-0.000376925308956,0.00143567763735,-0.000682542158756,-0.0007258047699,-0.0028624010738,0.0133707392961,-0.00482295406982,-0.000337159639457,0.000438810588093,-0.000461575109512,-0.00112143636215,0.00164626212791,0.000523849972524],[0.000303634005832,-0.000658279110212,0.00129738927353,-0.00057213101536,-0.000574866542593,-0.00482295406982,0.0155960554257,-0.00583396945149,-0.00173199397977,0.00106193323154,0.0000424714671681,-0.002514856169,0.000931283924729],[-0.000316924735671,0.000158315204317,-0.000712496694177,0.00139196123928,0.00169927766547,-0.000337159639457,-0.00583396945149,0.0180023275316,-0.00777184031904,0.000341481092619,0.000848730385769,-0.000993845635094,-0.000925570202526],[0.000285158923361,-0.00043211443699,0.00169040786568,-0.000811107689515,-0.0028707315214,0.000438810588093,-0.00173199397977,-0.00777184031904,0.0251997541636,-0.0108292168006,-0.0000386556093872,0.00290332059376,-0.00264740851708],[-0.0000360776612069,0.000269501062576,-0.000594669720158,0.0000641329825157,0.0010434059659,-0.000461575109512,0.00106193323154,0.000341481092619,-0.0108292168006,0.0244365986437,-0.0102145420387,-0.000978502212092,0.000550494354684],[0.000243177724769,-0.00103222916368,0.000242640802753,0.00312931858934,-0.00070784293348,-0.00112143636215,0.0000424714671681,0.000848730385769,-0.0000386556093872,-0.0102145420387,0.0244591981173,-0.00971410330385,0.00275534810498],[0.0000307027221425,0.000220739239012,-0.000470854254672,-0.00233195885085,0.00250338250771,0.00164626212791,-0.002514856169,-0.000993845635094,0.00290332059376,-0.000978502212092,-0.00971410330385,0.0247372109443,-0.0113910278305],[0.0000997317692963,0.000187037978321,0.000318228150718,0.000686161220074,-0.00214980170131,0.000523849972524,0.000931283924729,-0.000925570202526,-0.00264740851708,0.000550494354684,0.00275534810498,-0.0113910278305,0.0221879556775]],"mean":[-592.112670898,108.909515381,-34.5333099365,21.6897182465,1.90904009342,14.6417150497,1.38463306427,7.71271753311,5.28760290146,6.98875999451,0.802923321724,0.464073389769,-2.73503351212]},"pitch_salience":{"dmean":0.0689658746123,"dmean2":0.116135321558,"dvar":0.0036334618926,"dvar2":0.0100539764389,"max":0.849094092846,"mean":0.595536291599,"median":0.603555202484,"min":0.0912404060364,"var":0.00731967389584},"silence_rate_20dB":{"dmean":0,"dmean2":0,"dvar":0,"dvar2":0,"max":1,"mean":1,"median":1,"min":1,"var":0},"silence_rate_30dB":{"dmean":0,"dmean2":0,"dvar":0,"dvar2":0,"max":1,"mean":1,"median":1,"min":1,"var":0},"silence_rate_60dB":{"dmean":0.000847009010613,"dmean2":0.00169419741724,"dvar":0.000846349110361,"dvar2":0.00169131776784,"max":1,"mean":0.025831039995,"median":0,"min":0,"var":0.0251638703048},"spectral_centroid":{"dmean":258.97479248,"dmean2":412.340240479,"dvar":84502.34375,"dvar2":174869.84375,"max":10963.4111328,"mean":1951.30957031,"median":1993.57568359,"min":176.969314575,"var":228487.96875},"spectral_complexity":{"dmean":3.96866059303,"dmean2":6.37801790237,"dvar":11.4885053635,"dvar2":27.7938041687,"max":59,"mean":35.3562355042,"median":37,"min":0,"var":88.042137146},"spectral_contrast_coeffs":{"dmean":[0.0606343783438,0.04768403247,0.0393387302756,0.0302147604525,0.020351011306,0.0164833329618],"dmean2":[0.0994312912226,0.0785109251738,0.0651398897171,0.0499532222748,0.0340919829905,0.0266000665724],"dvar":[0.00300539028831,0.0014778028708,0.000972801644821,0.000547068542801,0.000283509754809,0.000226123127504],"dvar2":[0.00780275138095,0.00394217763096,0.00258080800995,0.00148011662532,0.000751538143959,0.000527280149981],"max":[-0.263860017061,-0.483307749033,-0.500760138035,-0.55693513155,-0.572403550148,-0.584451436996],"mean":[-0.660476863384,-0.759574353695,-0.769568145275,-0.768046617508,-0.790545463562,-0.712440609932],"median":[-0.67316198349,-0.769162416458,-0.772527515888,-0.769525527954,-0.792308449745,-0.709717929363],"min":[-0.963200986385,-0.957038640976,-0.96991199255,-0.987273275852,-0.975995182991,-0.960766255856],"var":[0.00621870392933,0.00448106136173,0.0024124046322,0.00172068772372,0.000794482708443,0.000982245896012]},"spectral_contrast_valleys":{"dmean":[0.454453617334,0.380837857723,0.297341167927,0.234275847673,0.180879056454,0.217316538095],"dmean2":[0.746280908585,0.618514418602,0.483019351959,0.371176123619,0.293801605701,0.318942070007],"dvar":[0.191800892353,0.129472702742,0.0894382074475,0.0663296580315,0.0582307055593,0.0827516391873],"dvar2":[0.466687738895,0.290558248758,0.18547834456,0.121365100145,0.0978954806924,0.141363412142],"max":[-5.24119329453,-4.82545042038,-4.98001527786,-5.56511306763,-5.41395759583,-7.7965464592],"mean":[-7.24899530411,-6.58831596375,-6.6229300499,-6.70317411423,-6.67132568359,-10.0087375641],"median":[-7.1478509903,-6.51939201355,-6.54402923584,-6.56347751617,-6.49299097061,-9.87996387482],"min":[-27.4116573334,-27.3519554138,-27.2782402039,-27.5304584503,-27.1869945526,-27.2638034821],"var":[1.12697196007,0.71180665493,0.678458094597,0.729698359966,0.826658070087,0.927500963211]},"spectral_decrease":{"dmean":3.05314484805e-9,"dmean2":5.19837151103e-9,"dvar":1.59754500124e-17,"dvar2":4.2644356803e-17,"max":2.69079978103e-29,"mean":-7.1902475085e-9,"median":-6.1943614682e-9,"min":-3.26811964158e-8,"var":1.75426313641e-17},"spectral_energy":{"dmean":0.0120159415528,"dmean2":0.0203836876899,"dvar":0.000238712629653,"dvar2":0.000636596174445,"max":0.129296034575,"mean":0.0301996935159,"median":0.0264977887273,"min":1.0470541051e-20,"var":0.000276193779428},"spectral_energyband_high":{"dmean":0.000461685442133,"dmean2":0.000708334788214,"dvar":0.00000130464218273,"dvar2":0.00000232867773775,"max":0.0333236828446,"mean":0.00127157999668,"median":0.000929156900384,"min":7.69315612855e-21,"var":0.00000376438720195},"spectral_energyband_low":{"dmean":0.00615377072245,"dmean2":0.0108236828819,"dvar":0.000148240447743,"dvar2":0.000412267836509,"max":0.0926153063774,"mean":0.00788572058082,"median":0.0046591181308,"min":5.69501469782e-23,"var":0.000115229799121},"spectral_energyband_middle_high":{"dmean":0.00302095594816,"dmean2":0.00479173660278,"dvar":0.00000894795448403,"dvar2":0.000021979029043,"max":0.0612130649388,"mean":0.0124714002013,"median":0.0119348214939,"min":1.34652957502e-21,"var":0.0000359430014214},"spectral_energyband_middle_low":{"dmean":0.00590055435896,"dmean2":0.0100902915001,"dvar":0.000085904772277,"dvar2":0.000230030476814,"max":0.0808008983731,"mean":0.00943550467491,"median":0.00631381571293,"min":3.52924176362e-22,"var":0.0000859658539412},"spectral_entropy":{"dmean":0.087183997035,"dmean2":0.137142151594,"dvar":0.00896030850708,"dvar2":0.0181534066796,"max":9.80697917938,"mean":7.83056640625,"median":7.85279464722,"min":5.54232168198,"var":0.056574318558},"spectral_flux":{"dmean":0.0297993272543,"dmean2":0.0471736378968,"dvar":0.00110961333849,"dvar2":0.00206629745662,"max":0.286213368177,"mean":0.106728546321,"median":0.0973560214043,"min":1.02325661833e-10,"var":0.00217090803199},"spectral_kurtosis":{"dmean":1.3655230999,"dmean2":2.35966849327,"dvar":1.74059641361,"dvar2":5.05763959885,"max":31.7057685852,"mean":4.07294654846,"median":3.75925970078,"min":-1.19780409336,"var":4.26517391205},"spectral_rms":{"dmean":0.000981254735962,"dmean2":0.00161866878625,"dvar":0.00000121737878089,"dvar2":0.00000318457523463,"max":0.0112313171849,"mean":0.00521934917197,"median":0.00508443731815,"min":3.19611676534e-12,"var":0.00000222175913223},"spectral_rolloff":{"dmean":458.109680176,"dmean2":750.820922852,"dvar":451340.40625,"dvar2":893962.0625,"max":19078.4179688,"mean":2219.42504883,"median":2153.3203125,"min":86.1328125,"var":1032731.875},"spectral_skewness":{"dmean":0.174409165978,"dmean2":0.291443407536,"dvar":0.0242034401745,"dvar2":0.0624557100236,"max":4.3761806488,"mean":1.28305912018,"median":1.26053881645,"min":-0.091178946197,"var":0.0998912155628},"spectral_spread":{"dmean":304420.09375,"dmean2":454738.71875,"dvar":350620155904,"dvar2":447110676480,"max":40188136,"mean":3471339,"median":3355984.5,"min":1228485.125,"var":839154728960},"spectral_strongpeak":{"dmean":1.0697773695,"dmean2":1.8748883009,"dvar":2.02238607407,"dvar2":5.14352798462,"max":14.721783638,"mean":1.34650874138,"median":0.528898477554,"min":0,"var":2.77150082588},"zerocrossingrate":{"dmean":0.00929543748498,"dmean2":0.0116328718141,"dvar":0.000132848042995,"dvar2":0.000152375228936,"max":0.505859375,"mean":0.0763871744275,"median":0.07373046875,"min":0.017578125,"var":0.000664667459205}},"metadata":{"audio_properties":{"analysis_sample_rate":44100,"bit_rate":244753,"codec":"mp3","downmix":"mix","equal_loudness":0,"length":219.297958374,"lossless":false,"md5_encoded":"7387e937c8a4ba6d156b5a9d74373085","replay_gain":-15.4226455688,"sample_rate":44100},"tags":{"album":["Going Out In Style"],"albumartist":["Dropkick Murphys"],"artist":["Dropkick Murphys"],"bpm":["82"],"composer":["Dropkick Murphys"],"date":["2011","2502"],"discnumber":["1/1"],"encoding":["LAME 3.97"],"file_name":"copy7765334287753645849.mp3","genre":["Punk"],"label":["Cooking Vinyl"],"language":["eng"],"musicbrainz_recordingid":["e3d93ca2-21b3-466c-851e-b1a40392917d"],"title":["The Irish Rover"],"tracknumber":["13/13"]},"version":{"essentia":"2.1-beta2","essentia_build_sha":"cead25079874084f62182a551b7393616cd33d87","essentia_git_sha":"v2.1_beta2-1-ge3940c0","extractor":"music 1.0"}},"rhythm":{"beats_count":577,"beats_loudness":{"dmean":0.00909652747214,"dmean2":0.0158691816032,"dvar":0.0000914910997381,"dvar2":0.000253420206718,"max":0.0993235260248,"mean":0.0336306355894,"median":0.0330610200763,"min":9.10499835527e-8,"var":0.000144537742017},"beats_loudness_band_ratio":{"dmean":[0.124867901206,0.073429711163,0.0986566990614,0.0974919274449,0.0821724236012,0.0274167861789],"dmean2":[0.211308628321,0.127788454294,0.172362774611,0.17148719728,0.139227300882,0.0490573868155],"dvar":[0.0120986057445,0.00675961514935,0.0111776925623,0.00803535059094,0.00499788206071,0.00302882771939],"dvar2":[0.0352533310652,0.0190590936691,0.0312164835632,0.0234615467489,0.0132377780974,0.00924684852362],"max":[0.812127411366,0.499120116234,0.964762270451,0.689102530479,0.510986506939,0.489242941141],"mean":[0.354080736637,0.0921970382333,0.158855825663,0.197317793965,0.18602104485,0.0586456209421],"median":[0.34653750062,0.053841445595,0.122503824532,0.18599653244,0.168325200677,0.0486779287457],"min":[0.00187545223162,0.00113712646998,0.00292401248589,0.0212840531021,0.00227702222764,0.00112945924047]