{"lowlevel":{"average_loudness":0.960447609425,"barkbands":{"dmean":[0.00652200961486,0.0104370703921,0.00334472139366,0.00171518453863,0.00157414469868,0.001346293604,0.00140538229607,0.000888227194082,0.000694294925779,0.000569324591197,0.000366764608771,0.000563088513445,0.000514870160259,0.000467618607217,0.000334224227117,0.000316958175972,0.000293008517474,0.000191923376406,0.000197171510081,0.000154349807417,0.000160844123457,0.000122792000184,0.0000479714180983,0.0000373131588276,0.00000330067882715,0.0000328653040924,0.000287821720121],"dmean2":[0.0114953182638,0.0176261775196,0.00571198249236,0.00291295070201,0.00259146769531,0.00213178875856,0.00215924275108,0.00139720970765,0.00113323668484,0.000931693415623,0.000601329433266,0.000941811478697,0.00085939647397,0.00079456740059,0.000558892672416,0.000528368225787,0.000485669181217,0.000321181287291,0.000313908793032,0.000246445677476,0.00024294994364,0.000182013201993,0.000070355454227,0.0000569026560697,0.00000556556506126,0.0000477882531413,0.000450960971648],"dvar":[0.000206146214623,0.000289272255031,0.0000258004347415,0.0000106189836515,0.00000786148029874,0.000011568096852,0.0000131143151521,0.00000878895934875,0.00000349102424479,0.00000149186666931,6.59438853745e-7,0.00000102179660644,6.08495724919e-7,5.18714557529e-7,2.77474384802e-7,1.89939115103e-7,1.63673490761e-7,1.06595969385e-7,1.27549441231e-7,1.29652093506e-7,1.17456984583e-7,5.32835535694e-8,7.02686797638e-9,6.64562715968e-9,2.85342201256e-11,3.01029068339e-9,9.34862640634e-8],"dvar2":[0.000557608727831,0.000769697187934,0.0000709127270966,0.0000292043641821,0.0000196829332708,0.0000262147150352,0.0000253713442362,0.0000194363110495,0.00000898378766578,0.0000035981390738,0.00000153987843987,0.00000272237366516,0.00000161642583407,0.0000014386565681,7.08878872047e-7,4.81431641219e-7,4.28775223327e-7,2.79045906382e-7,3.10817171112e-7,3.03843535221e-7,2.59447119788e-7,1.14576714338e-7,1.37158897573e-8,1.63022964017e-8,7.30787791392e-11,6.58768684048e-9,2.30393027323e-7],"max":[0.225490510464,0.244223892689,0.0882080197334,0.0532816946507,0.0874144807458,0.132195353508,0.164123833179,0.112330645323,0.0373923256993,0.0405324995518,0.030833626166,0.0292508359998,0.0140715166926,0.0161827113479,0.0153295276687,0.0122011797503,0.00599145609885,0.00532554043457,0.00868035387248,0.0145889120176,0.0186297763139,0.00442736363038,0.00359858619049,0.00211617071182,0.0000673490721965,0.00115582230501,0.00674873497337],"mean":[0.00626658787951,0.0148965157568,0.00447962386534,0.00226851715706,0.00243423692882,0.0020811627619,0.00235187890939,0.00130889250431,0.00105475669261,0.00086407805793,0.00054780812934,0.000953554466832,0.000922688166611,0.000825839582831,0.000629778136499,0.000618130725343,0.000563109235372,0.000342921062838,0.000362473743735,0.000330670678522,0.000364817824448,0.000250626646448,0.000111508510599,0.0000714002089808,0.0000033784306197,0.0000781945927883,0.00121830555145],"median":[0.00186698907055,0.00945371761918,0.00276894075796,0.00103748659603,0.00129628949799,0.000852497643791,0.000815395382233,0.000323388609104,0.000447048456408,0.000484089017846,0.000265304755885,0.000582446169574,0.000658086268231,0.000635788019281,0.000455057888757,0.000469597347546,0.000433051085565,0.000223553593969,0.000230156205362,0.000193376239622,0.000217868597247,0.000161378411576,0.000071617323556,0.0000409706190112,0.0000015026357687,0.0000528465388925,0.00116666010581],"min":[2.01051772432e-24,5.75242341911e-24,3.38127990412e-24,8.81760518079e-25,1.50186841678e-23,5.08142543288e-23,4.04245459993e-23,2.21066609324e-23,3.55218827585e-23,9.80103823385e-23,3.15997357575e-23,3.68732772198e-23,5.89964584772e-23,5.97817158658e-23,1.08733217162e-22,8.87871279197e-23,1.1721387579e-22,1.93238610036e-22,2.02360214994e-22,3.10235366062e-22,4.68629169499e-22,5.28793280956e-22,4.92154491062e-22,1.01367672115e-21,1.27005373855e-21,1.86053377135e-21,2.16310153563e-21],"var":[0.000181657509529,0.000340840488207,0.0000308346025122,0.0000157285267051,0.0000152511338456,0.0000244484272116,0.0000365484556824,0.0000191411727428,0.00000537388405064,0.00000224915106628,0.0000011197372487,0.00000185185888313,0.00000124316647998,7.83302027685e-7,5.0929071449e-7,3.68712818499e-7,2.9232722909e-7,1.534336036e-7,2.05811005571e-7,3.43952706316e-7,4.06866263347e-7,1.08273468413e-7,2.29604957269e-8,9.25387944051e-9,2.86753502887e-11,7.6690422901e-9,6.53875531498e-7]},"barkbands_crest":{"dmean":2.91656351089,"dmean2":4.88136386871,"dvar":6.01413154602,"dvar2":16.3279075623,"max":24.8237953186,"mean":9.81969165802,"median":9.2010383606,"min":2.22478294373,"var":16.2146873474},"barkbands_flatness_db":{"dmean":0.0242961086333,"dmean2":0.0395141467452,"dvar":0.000571048643906,"dvar2":0.00145828456152,"max":0.517720460892,"mean":0.10906162113,"median":0.0977289974689,"min":0.0248458273709,"var":0.00299488613382},"barkbands_kurtosis":{"dmean":3.99178957939,"dmean2":6.50895786285,"dvar":77.6060256958,"dvar2":180.491622925,"max":364.958282471,"mean":5.98609924316,"median":2.57456207275,"min":-1.93056070805,"var":195.209136963},"barkbands_skewness":{"dmean":0.632782459259,"dmean2":1.03264248371,"dvar":0.479733258486,"dvar2":1.20434212685,"max":13.9902954102,"mean":1.93799614906,"median":1.72411644459,"min":-1.98727881908,"var":1.40402460098},"barkbands_spread":{"dmean":9.11096668243,"dmean2":14.7188587189,"dvar":71.0612030029,"dvar2":176.921722412,"max":140.855239868,"mean":37.807975769,"median":36.91040802,"min":0.320578217506,"var":315.704406738},"dissonance":{"dmean":0.013497274369,"dmean2":0.0230323262513,"dvar":0.000477900815895,"dvar2":0.00137247855309,"max":0.500000298023,"mean":0.479622930288,"median":0.485888659954,"min":0.0982388630509,"var":0.000645136169624},"dynamic_complexity":2.75329613686,"erbbands":{"dmean":[0.492631912231,1.90016460419,4.12945508957,4.34391927719,6.14684200287,4.7476272583,7.01266813278,12.6247787476,17.0526027679,22.9198627472,19.5936183929,15.6248073578,13.9878082275,16.9542484283,15.1455783844,22.6132087708,22.2821407318,24.2387657166,17.0119895935,17.1417713165,17.2273044586,14.9174442291,10.8921985626,9.29887390137,8.87885475159,7.07827043533,7.56832170486,5.91040325165,5.03958749771,2.39939260483,1.19970548153,0.748281300068,0.641600549221,0.0826476514339,0.0246638171375,0.0837982445955,0.0687831416726,0.0547893233597,0.0195611305535,0.00623580953106],"dmean2":[0.841428935528,3.24148702621,7.03681707382,7.30635118484,10.383687973,7.82457876205,11.0162906647,20.2373657227,26.5370693207,35.7483558655,30.6840801239,25.4263343811,22.8778114319,27.2221603394,24.6825828552,37.8041610718,37.1998786926,40.8396644592,28.6403179169,28.4061489105,28.6525917053,24.7118091583,18.1568260193,14.8616600037,14.1130008698,11.1860218048,11.5775241852,8.82281112671,7.51454591751,3.52181005478,1.74932646751,1.12788975239,0.99886828661,0.131544008851,0.0409606546164,0.130052790046,0.100054122508,0.0769319310784,0.0278718713671,0.00986766349524],"dvar":[1.06893312931,7.18527030945,35.3670272827,57.4677009583,127.872535706,98.619934082,231.191513062,1228.1463623,2123.04760742,5614.17089844,5302.40917969,1756.01220703,761.952331543,1314.03222656,888.498352051,1767.16882324,1148.92370605,1419.13806152,873.735717773,685.685424805,541.985351562,476.707122803,340.775482178,235.666305542,249.332504272,240.277603149,343.788818359,133.437561035,98.5283355713,16.6958866119,4.65644884109,1.92441356182,3.29275250435,0.029706440866,0.00147466780618,0.0425747707486,0.0116386907175,0.00655167223886,0.00094349833671,0.0000460132796434],"dvar2":[2.84944605827,20.0995502472,97.7710189819,156.492263794,337.948638916,244.619506836,518.940063477,2843.39160156,3997.33129883,12704.4658203,11596.4042969,4417.89355469,1908.0357666,3051.41577148,2147.78198242,4699.22558594,3014.28076172,3922.01977539,2371.85498047,1680.01318359,1406.27087402,1233.6114502,893.67779541,584.911376953,584.233276367,572.683166504,744.589782715,288.107971191,214.487121582,35.2800636292,8.99288463593,4.47073554993,8.46351051331,0.0745544210076,0.00374402990565,0.10709554702,0.0249494090676,0.0130868358538,0.00196280470118,0.000111362991447],"max":[12.9584169388,37.7590446472,99.7190551758,136.003921509,356.574310303,325.026580811,554.724060059,1308.87023926,2851.32958984,3199.97485352,2777.28051758,1057.3190918,731.587463379,1064.40625,1064.85559082,1135.38696289,660.950744629,830.334655762,1308.00610352,916.783569336,540.610534668,392.059509277,333.304077148,273.543060303,402.684051514,625.375305176,1140.82666016,510.900482178,210.868545532,111.045722961,112.15802002,44.4442062378,58.3495292664,5.59582519531,0.525194823742,6.87185811996,2.04819130898,1.59227788448,1.08838272095,0.165481671691],"mean":[0.548161327839,2.82484745979,5.96113538742,6.3789396286,8.49188995361,7.01617002487,10.5384874344,19.0575389862,28.8019046783,36.7655906677,30.3521232605,24.5122203827,22.6688632965,27.1279506683,26.4717330933,40.2653808594,42.7115516663,45.1825065613,33.9492759705,33.9724578857,35.5913505554,30.2553062439,20.325258255,17.8124008179,17.4418926239,15.3908729553,16.6342334747,12.8776388168,9.97822189331,5.35925960541,2.80632615089,1.63580262661,1.02370083332,0.12387239188,0.0302188303322,0.138919755816,0.167217180133,0.14274443686,0.0658240020275,0.032331250608],"median":[0.233970493078,1.87663006783,3.83030891418,3.51719474792,4.17443704605,3.62891936302,4.4371380806,7.62299633026,10.8398857117,10.1305198669,7.9192237854,9.94801139832,14.1818656921,14.4777927399,15.7252826691,25.6018047333,31.5091896057,35.0114593506,26.0428123474,24.8937625885,28.762550354,23.3384513855,13.5654001236,11.8763532639,11.0916519165,9.19207000732,9.53629684448,7.67226886749,6.32684373856,3.58953332901,1.79838871956,0.921007692814,0.617221951485,0.0821127742529,0.0177865065634,0.087763287127,0.108188398182,0.107773639262,0.0501981303096,0.0321085639298],"min":[2.27081626395e-22,1.13454980082e-21,4.18189721288e-21,3.68722543511e-21,1.78177256572e-20,4.30111267996e-20,3.0323510678e-19,3.46411789256e-19,4.05349002436e-19,7.46796441396e-19,3.48546380525e-19,6.84145109717e-19,2.1298887477e-18,3.02225160611e-18,1.32362939399e-18,1.6342273388e-18,2.49482677189e-18,3.83875455773e-18,4.65505071419e-18,5.47813636912e-18,5.69699512431e-18,6.03889285972e-18,1.04639331833e-17,7.22031729191e-18,1.35670483117e-17,1.42981825018e-17,1.58482097819e-17,2.0431713509e-17,1.98437171337e-17,1.86417045896e-17,1.66280624285e-17,2.04822046136e-17,1.53980547838e-17,1.20725794447e-17,8.98859038635e-18,6.79680123187e-18,3.32028767595e-18,1.28815978593e-18,2.55287401628e-19,3.59514440018e-20],"var":[0.997645497322,10.0424966812,47.397441864,85.0597686768,203.866348267,157.076461792,457.100402832,2317.46386719,7020.62011719,11536.5439453,11705.96875,2949.3503418,1137.84094238,2393.82128906,1630.62365723,3250.53833008,2430.74584961,2269.47753906,1365.11157227,1391.06201172,1049.48046875,855.623840332,489.50390625,399.528869629,484.75302124,660.935241699,1154.67016602,404.604156494,183.84538269,48.0482978821,14.8901338577,4.471763134,3.04757761955,0.0304699465632,0.00158118689433,0.0435885637999,0.0356184244156,0.0209498181939,0.00374335213564,0.00044932711171]},"erbbands_crest":{"dmean":2.07018470764,"dmean2":3.3884510994,"dvar":4.77465105057,"dvar2":11.5127477646,"max":28.9759197235,"mean":6.95788908005,"median":5.71872997284,"min":2.07392859459,"var":15.2713842392},"erbbands_flatness_db":{"dmean":0.0157135315239,"dmean2":0.0242059342563,"dvar":0.000357424258254,"dvar2":0.000828048738185,"max":0.51876115799,"mean":0.115586794913,"median":0.102679818869,"min":0.0434024855494,"var":0.00303250853904},"erbbands_kurtosis":{"dmean":1.01033163071,"dmean2":1.65586173534,"dvar":14.2709159851,"dvar2":40.2731513977,"max":167.499313354,"mean":0.80305403471,"median":-0.0655354261398,"min":-1.70534920692,"var":22.4332351685},"erbbands_skewness":{"dmean":0.321789205074,"dmean2":0.50176346302,"dvar":0.130314275622,"dvar2":0.31143155694,"max":8.89492607117,"mean":-0.0375947616994,"median":-0.131620824337,"min":-4.72567844391,"var":0.644665777683},"erbbands_spread":{"dmean":7.01162290573,"dmean2":11.0325565338,"dvar":47.3011283875,"dvar2":113.508995056,"max":122.472663879,"mean":38.7386436462,"median":36.4358139038,"min":0.544929325581,"var":314.640533447},"gfcc":{"cov":[[11357.8134766,-583.908325195,-475.979492188,1061.36010742,649.526245117,432.828643799,442.718719482,56.6416168213,10.1553783417,-6.5277762413,-89.9806900024,136.730300903,-93.3748016357],[-583.908325195,811.878234863,-87.7255477905,-448.53125,10.6030502319,-238.068359375,-60.384563446,-64.1867141724,31.0080013275,-20.6358985901,60.499622345,-80.2480621338,98.9640426636],[-475.979492188,-87.7255477905,374.593261719,127.353683472,-141.947799683,72.7435073853,-47.2488250732,29.4122314453,-56.3121604919,-12.6845016479,-34.7531967163,4.793592453,-16.7173061371],[1061.36010742,-448.53125,127.353683472,579.694580078,153.254150391,191.776565552,155.4296875,45.4942169189,-36.1340904236,9.95521831512,-57.857170105,55.3607902527,-65.7132949829],[649.526245117,10.6030502319,-141.947799683,153.254150391,336.183502197,121.614639282,107.183647156,-10.5413417816,18.2503128052,-11.642408371,12.9250621796,20.1457214355,20.2959957123],[432.828643799,-238.068359375,72.7435073853,191.776565552,121.614639282,260.26461792,52.198638916,44.8399810791,-23.927816391,-12.679063797,-22.0554542542,47.4863777161,-21.6999015808],[442.718719482,-60.384563446,-47.2488250732,155.4296875,107.183647156,52.198638916,164.657165527,20.116355896,32.211730957,4.71816635132,-14.8293809891,12.9035921097,-13.3040132523],[56.6416168213,-64.1867141724,29.4122314453,45.4942169189,-10.5413417816,44.8399810791,20.116355896,111.468360901,36.0034103394,30.3994350433,-2.52159142494,1.38897979259,-9.60903930664],[10.1553783417,31.0080013275,-56.3121604919,-36.1340904236,18.2503128052,-23.927816391,32.211730957,36.0034103394,105.399978638,45.2515602112,24.9913578033,8.33147716522,-11.7746295929],[-6.5277762413,-20.6358985901,-12.6845016479,9.95521831512,-11.642408371,-12.679063797,4.71816635132,30.3994350433,45.2515602112,66.3732833862,31.6470127106,8.78528499603,-4.26882362366],[-89.9806900024,60.499622345,-34.7531967163,-57.857170105,12.9250621796,-22.0554542542,-14.8293809891,-2.52159142494,24.9913578033,31.6470127106,61.2735176086,26.4342899323,19.4044036865],[136.730300903,-80.2480621338,4.793592453,55.3607902527,20.1457214355,47.4863777161,12.9035921097,1.38897979259,8.33147716522,8.78528499603,26.4342899323,69.117477417,15.8521385193],[-93.3748016357,98.9640426636,-16.7173061371,-65.7132949829,20.2959957123,-21.6999015808,-13.3040132523,-9.60903930664,-11.7746295929,-4.26882362366,19.4044036865,15.8521385193,71.0532608032]],"icov":[[0.000141639771755,-0.000254082406173,0.000527867348865,-0.000613750133198,0.000348030240275,-0.000391522975406,0.000166573459865,0.0000500844071212,-0.000182170319022,0.000190421618754,0.00000184313671525,0.0000380077690352,-0.000112156267278],[-0.000254082406173,0.00521784089506,-0.0039903386496,0.00540421111509,-0.00472154933959,0.0046519273892,-0.00260391109623,-0.000426836166298,0.00105417810846,0.000229105688049,-0.00169527030084,0.00192743109073,-0.00109663314652],[0.000527867348865,-0.0039903386496,0.00998920109123,-0.00896254554391,0.00935368612409,-0.00774186337367,0.00425860611722,0.001126001589,-0.00372526235878,0.00463376287371,-0.00331351300701,0.00468654092401,-0.00425339862704],[-0.000613750133198,0.00540421111509,-0.00896254554391,0.015403194353,-0.0119510889053,0.00880611501634,-0.00729255983606,-0.00309904920869,0.0103913573548,-0.0108977425843,0.0104745784774,-0.0112719237804,0.00884337350726],[0.000348030240275,-0.00472154933959,0.00935368612409,-0.0119510889053,0.016815841198,-0.0122485971078,0.0024357996881,0.00460921600461,-0.00944549590349,0.0101707363501,-0.0115552498028,0.0122353248298,-0.00981152895838],[-0.000391522975406,0.0046519273892,-0.00774186337367,0.00880611501634,-0.0122485971078,0.0159504320472,-0.00333116180263,-0.00603586621583,0.0084591107443,-0.00487166969106,0.00784184597433,-0.012209193781,0.0079505071044],[0.000166573459865,-0.00260391109623,0.00425860611722,-0.00729255983606,0.0024357996881,-0.00333116180263,0.0131648778915,0.000486887001898,-0.00711016729474,0.00379029498436,0.000767766789068,0.00200179801323,-0.00268597574905],[0.0000500844071212,-0.000426836166298,0.001126001589,-0.00309904920869,0.00460921600461,-0.00603586621583,0.000486887001898,0.0149057479575,-0.00775697967038,-0.00206674006768,-0.00129473954439,0.00721332617104,-0.00565923238173],[-0.000182170319022,0.00105417810846,-0.00372526235878,0.0103913573548,-0.00944549590349,0.0084591107443,-0.00711016729474,-0.00775697967038,0.0275498740375,-0.0185395162553,0.0102109005675,-0.0161823667586,0.0142007730901],[0.000190421618754,0.000229105688049,0.00463376287371,-0.0108977425843,0.0101707363501,-0.00487166969106,0.00379029498436,-0.00206674006768,-0.0185395162553,0.0433780662715,-0.0305879302323,0.0185596663505,-0.00927361939102],[0.00000184313671525,-0.00169527030084,-0.00331351300701,0.0104745784774,-0.0115552498028,0.00784184597433,0.000767766789068,-0.00129473954439,0.0102109005675,-0.0305879302323,0.0540915615857,-0.0324210561812,0.00925106555223],[0.0000380077690352,0.00192743109073,0.00468654092401,-0.0112719237804,0.0122353248298,-0.012209193781,0.00200179801323,0.00721332617104,-0.0161823667586,0.0185596663505,-0.0324210561812,0.0464219003916,-0.0208994802088],[-0.000112156267278,-0.00109663314652,-0.00425339862704,0.00884337350726,-0.00981152895838,0.0079505071044,-0.00268597574905,-0.00565923238173,0.0142007730901,-0.00927361939102,0.00925106555223,-0.0208994802088,0.0305268727243]],"mean":[37.9069099426,67.241645813,-90.7795715332,10.3759098053,-16.2618274689,-9.87498283386,-0.315336853266,-17.1786956787,3.13152909279,-3.91798639297,-5.8242816925,-0.573246896267,-10.6978359222]},"hfc":{"dmean":42.7407073975,"dmean2":66.4041900635,"dvar":2846.3527832,"dvar2":6351.97265625,"max":1104.73120117,"mean":184.255340576,"median":174.730606079,"min":1.1684799655e-16,"var":14667.8564453},"melbands":{"dmean":[0.00372775038704,0.00221043382771,0.000776968488935,0.000381284888135,0.000228079486988,0.000280708482023,0.000260454427917,0.000230928795645,0.000161524309078,0.0000943460399867,0.0000735522044124,0.0000744537537685,0.0000517161824973,0.0000642073937343,0.0000544050853932,0.0000532990379725,0.0000480087655887,0.0000302716653096,0.0000252482004726,0.0000219286393985,0.0000230297064263,0.0000174712404259,0.0000124853204397,0.00000961862224358,0.000007824185559,0.00000852145876706,0.00000519362083651,0.00000517441912962,0.00000545297916688,0.00000401750594392,0.00000358586839866,0.0000035568293697,0.0000017667478005,0.00000127883367895,7.95323728653e-7,5.52571179924e-7,4.41815274144e-7,4.88053217396e-7,2.62224801872e-7,2.95686497509e-8],"dmean2":[0.00632181949914,0.00375684699975,0.00130259816069,0.000631705857813,0.000360038975487,0.000446514051873,0.000402387842769,0.000360432663001,0.000255751132499,0.000154522058438,0.000120553166198,0.000120156684716,0.0000846338298288,0.000107098596345,0.0000906356290216,0.0000894925542525,0.0000812529833638,0.0000512175320182,0.0000422704542871,0.0000366920394299,0.0000384982595278,0.0000290844745905,0.0000207761786442,0.0000161898569786,0.0000126528875626,0.0000136673770612,0.00000847284445626,0.00000834026650409,0.00000848298986966,0.00000621223898634,0.00000546374258192,0.00000544671638636,0.00000267769451057,0.00000193754499378,0.00000119458820791,8.45608781219e-7,6.82738573232e-7,7.63244770496e-7,4.16693154648e-7,5.00102004253e-8],"dvar":[0.0000514125858899,0.00000873930002854,0.00000179567734904,4.86016176637e-7,2.29604239621e-7,5.64678259707e-7,4.29370714983e-7,5.34032210453e-7,3.41561872119e-7,5.88815183278e-8,2.19311182548e-8,2.59488253107e-8,1.27037846909e-8,1.34788562534e-8,8.64668336931e-9,6.39354658105e-9,5.74772895945e-9,2.7732613983e-9,1.54629542504e-9,1.12268305763e-9,9.82923631376e-10,6.23726514881e-10,3.93891558259e-10,2.80107853579e-10,1.6265826186e-10,2.88795543035e-10,8.68232430395e-11,1.56156684805e-10,1.93138241511e-10,6.47615849836e-11,4.9264852614e-11,5.63261937092e-11,8.6135100788e-12,5.24242758579e-12,2.35126740127e-12,9.22344774341e-13,7.72102325651e-13,1.79540562105e-12,5.07158171795e-13,2.36597880332e-15],"dvar2":[0.000136194968945,0.0000243540725933,0.00000486470617034,0.00000124926646095,5.16149953e-7,0.00000129887598632,8.20384741473e-7,0.0000012276320831,7.82921972586e-7,1.48765309405e-7,5.44788036905e-8,6.11926012084e-8,2.97592599452e-8,3.6089300437e-8,2.2490281637e-8,1.71739351629e-8,1.59594044646e-8,7.63484298005e-9,3.85699960859e-9,2.77321543507e-9,2.59744070696e-9,1.63034707956e-9,1.02953956471e-9,7.4943806716e-10,4.08659606155e-10,7.13987313716e-10,2.03777994479e-10,3.90687787677e-10,4.25981305785e-10,1.40237696455e-10,1.09984736596e-10,1.27923380222e-10,1.87486953046e-11,1.15882399163e-11,4.70477042741e-12,2.07185635835e-12,1.8753184769e-12,4.60989016057e-12,1.30504667403e-12,6.08448414672e-15],"max":[0.0877164751291,0.0412393733859,0.0198623780161,0.021630121395,0.0184929035604,0.0296965222806,0.0371895320714,0.0297814626247,0.0194980986416,0.00657825404778,0.00380942830816,0.00477861892432,0.00483238464221,0.0042929193005,0.00257431855425,0.00188978353981,0.00187856494449,0.00239153578877,0.00101194775198,0.000897982681636,0.000620161183178,0.000464768701931,0.000279295345536,0.000271226192126,0.000228946955758,0.000403981830459,0.000374904833734,0.000524824776221,0.000832533929497,0.000353747629561,0.000317544734571,0.000168709259015,0.0000612447111052,0.0000678078795318,0.0000918088771868,0.0000243203230639,0.0000302573062072,0.0000435096553701,0.0000254801270785,5.88446880556e-7],"mean":[0.00477283028886,0.00346971862018,0.00120713177603,0.000564525544178,0.000348817935446,0.000437454116764,0.000447210099082,0.000367271190044,0.000240710942307,0.00014398850908,0.000114162008686,0.000113708047138,0.0000823345617391,0.00010599027155,0.0000954781935434,0.0000946578584262,0.0000826542527648,0.0000549454962311,0.0000470025952382,0.0000411140936194,0.0000433465938841,0.0000333991447405,0.0000212580889638,0.0000164436914929,0.00001396438347,0.0000145267649714,0.0000103408428913,0.0000101861633084,0.000011062982594,0.00000840853317641,0.00000714564066584,0.00000634396337773,0.00000362904961548,0.00000267266068477,0.00000170730913851,0.00000117895581297,9.01693738342e-7,7.7567324297e-7,3.67531271195e-7,2.91374071537e-8],"median":[0.00263066962361,0.00241032196209,0.000708661740646,0.000295854260912,0.000154753506649,0.000176232977537,0.000167948746821,0.000100777018815,0.0000604197630309,0.0000625604589004,0.0000701288008713,0.0000593170952925,0.0000436451846326,0.0000632413721178,0.0000630746799288,0.0000678096257616,0.000061886079493,0.0000406868130085,0.0000343903593603,0.0000293204975605,0.0000341519007634,0.0000257823121501,0.0000139607163874,0.0000105078488559,0.00000909541449801,0.00000863713648869,0.00000651397749607,0.00000577352648179,0.00000607778110862,0.00000485311875309,0.00000421834829467,0.00000380062874683,0.00000240707731791,0.00000169883401213,0.00000106640891318,6.8650092544e-7,4.7629259825e-7,4.51443668226e-7,2.1717796983e-7,1.19571836876e-8],"min":[1.78999323598e-24,1.83940570815e-24,8.69810754479e-25,1.88353774263e-24,8.81500548967e-24,8.52924930423e-24,7.58135719596e-24,7.96158026366e-24,2.43903899816e-24,5.014715016e-24,1.10771635319e-23,1.24227567101e-23,4.48479928063e-24,3.05263275961e-24,6.20381870098e-24,5.56406907292e-24,6.50966993469e-24,4.86509729013e-24,1.03968790751e-23,4.450879445e-24,5.70777231415e-24,5.7551497224e-24,8.06740437638e-24,8.69697848762e-24,4.66918368432e-24,8.62924925688e-24,1.08354565505e-23,8.36156745249e-24,9.49794919659e-24,9.05578161517e-24,1.07796714627e-23,9.46169630483e-24,7.85190019885e-24,9.23721410134e-24,8.67510810788e-24,9.78742565007e-24,1.08851137668e-23,1.0250931919e-23,1.08161783677e-23,9.83856198053e-24],"var":[0.0000520792746102,0.0000133213407025,0.00000269939960162,8.85767178715e-7,4.51636395837e-7,0.000001193307412,0.00000140097120038,0.00000110081077764,6.98067537996e-7,9.39589881455e-8,3.18128385857e-8,4.43472387701e-8,2.16450750656e-8,2.51797001027e-8,1.53593475716e-8,1.36612348101e-8,8.47783709901e-9,3.95234023287e-9,2.86785417636e-9,2.13185225029e-9,1.69752545354e-9,1.10295472755e-9,5.71336034039e-10,3.76071285224e-10,2.62495830627e-10,4.13948625377e-10,2.01318794968e-10,3.73025277334e-10,5.87380366568e-10,2.22852944431e-10,1.27355861967e-10,8.834583759e-11,2.12491083756e-11,1.38650263146e-11,6.37945772597e-12,2.49438815957e-12,1.46870146253e-12,1.70075867452e-12,4.48976955874e-13,2.34169542752e-15]},"melbands_crest":{"dmean":4.54889678955,"dmean2":7.61297130585,"dvar":15.8280305862,"dvar2":42.6266593933,"max":38.3709869385,"mean":16.6028690338,"median":15.9761829376,"min":2.32516860962,"var":35.3155860901},"melbands_flatness_db":{"dmean":0.0317026488483,"dmean2":0.0515081062913,"dvar":0.000826581323054,"dvar2":0.00209565646946,"max":0.647318601608,"mean":0.206174567342,"median":0.197536244988,"min":0.0106832189485,"var":0.00413481891155},"melbands_kurtosis":{"dmean":9.25696182251,"dmean2":15.4182291031,"dvar":254.221740723,"dvar2":666.484008789,"max":410.217590332,"mean":15.5360774994,"median":8.08979034424,"min":-1.76655828953,"var":590.863769531},"melbands_skewness":{"dmean":0.933144688606,"dmean2":1.53257787228,"dvar":0.919901788235,"dvar2":2.43908524513,"max":15.7070646286,"mean":3.0212085247,"median":2.62600874901,"min":-1.38984918594,"var":3.51659035683},"melbands_spread":{"dmean":7.4284620285,"dmean2":12.1861228943,"dvar":68.7133712769,"dvar2":162.478469849,"max":289.151031494,"mean":23.0158576965,"median":20.2920837402,"min":0.362074404955,"var":247.908660889},"mfcc":{"cov":[[8809.24023438,-111.487373352,-821.134460449,787.772399902,167.158554077,789.399230957,261.158996582,469.346588135,90.8684616089,183.117706299,-49.4360084534,178.673339844,-49.1525688171],[-111.487373352,1014.1998291,-252.514434814,-240.797073364,-21.3639507294,-204.534103394,-77.790222168,-180.222259521,16.8665027618,-131.604171753,80.6029434204,-66.0881118774,36.5924377441],[-821.134460449,-252.514434814,571.667907715,-9.94048118591,-60.1335906982,-66.8773345947,-32.2074165344,-2.59940719604,-48.6751174927,41.2905311584,-71.7656860352,-13.4959335327,-38.2094535828],[787.772399902,-240.797073364,-9.94048118591,368.171783447,17.9567737579,152.085998535,85.3258666992,86.7894439697,34.8310546875,54.6996383667,-4.38473653793,25.461309433,-15.7832450867],[167.158554077,-21.3639507294,-60.1335906982,17.9567737579,188.652160645,101.401893616,73.8116531372,49.127910614,21.9967842102,-8.94970989227,-0.201795309782,12.4492521286,11.8588123322],[789.399230957,-204.534103394,-66.8773345947,152.085998535,101.401893616,269.630432129,109.030761719,134.078460693,14.0128126144,46.1311302185,-47.7314567566,40.4896736145,-12.6143569946],[261.158996582,-77.790222168,-32.2074165344,85.3258666992,73.8116531372,109.030761719,133.86328125,65.4488830566,38.812877655,0.837628006935,-7.22398853302,-7.47805118561,-3.56384778023],[469.346588135,-180.222259521,-2.59940719604,86.7894439697,49.127910614,134.078460693,65.4488830566,149.349807739,28.9773597717,58.6957130432,-28.3828105927,34.7274131775,-11.8586168289],[90.8684616089,16.8665027618,-48.6751174927,34.8310546875,21.9967842102,14.0128126144,38.812877655,28.9773597717,83.904876709,19.0958824158,35.126449585,1.69397091866,9.10237503052],[183.117706299,-131.604171753,41.2905311584,54.6996383667,-8.94970989227,46.1311302185,0.837628006935,58.6957130432,19.0958824158,94.8501586914,4.67927312851,37.6652069092,-6.48599815369],[-49.4360084534,80.6029434204,-71.7656860352,-4.38473653793,-0.201795309782,-47.7314567566,-7.22398853302,-28.3828105927,35.126449585,4.67927312851,99.971031189,18.100736618,25.6401062012],[178.673339844,-66.0881118774,-13.4959335327,25.461309433,12.4492521286,40.4896736145,-7.47805118561,34.7274131775,1.69397091866,37.6652069092,18.100736618,76.0280532837,24.0529308319],[-49.1525688171,36.5924377441,-38.2094535828,-15.7832450867,11.8588123322,-12.6143569946,-3.56384778023,-11.8586168289,9.10237503052,-6.48599815369,25.6401062012,24.0529308319,54.7428436279]],"icov":[[0.000215772044612,-0.000158341455972,0.000246732641244,-0.000338317768183,0.000118013784231,-0.000357199372957,0.00012067991338,-0.000366433116142,0.000157708243933,-0.0000879202925717,0.0000582769789617,-0.000177382069523,0.000208858866245],[-0.000158341455972,0.00188060337678,0.000479268521303,0.000882743916009,-0.000165194403962,0.000537286396138,0.000298188737361,0.00124162377324,-0.00101328012533,0.00112082739361,-0.000344808329828,0.000600464816671,-0.000163299962878],[0.000246732641244,0.000479268521303,0.00299759954214,-0.000370453024516,0.00000419013122155,0.00162230536807,-0.000742217409424,0.0000361198617611,0.000983260222711,-0.00176129501779,0.00215548858978,-0.000451395579148,0.0010356445564],[-0.000338317768183,0.000882743916009,-0.000370453024516,0.00487200589851,0.00108430173714,-0.00169031065889,-0.00154146016575,0.00127684941981,-0.00125458312687,-0.00036398100201,-0.0011744373478,0.000204787487746,0.000429711042671],[0.000118013784231,-0.000165194403962,0.00000419013122155,0.00108430173714,0.00833314936608,-0.00333483656868,-0.0024973761756,-0.000748083752114,-0.000619713682681,0.00219590612687,-0.00119230162818,-0.000707232160494,-0.00113393587526],[-0.000357199372957,0.000537286396138,0.00162230536807,-0.00169031065889,-0.00333483656868,0.0136999459937,-0.00581575976685,-0.00346177630126,0.00260628364049,-0.00202958728187,0.00518800970167,-0.00434997025877,0.00152343069203],[0.00012067991338,0.000298188737361,-0.000742217409424,-0.00154146016575,-0.0024973761756,-0.00581575976685,0.0178817622364,-0.00380905228667,-0.0053478484042,0.00480538001284,-0.00239549297839,0.00619775149971,-0.00165619177278],[-0.000366433116142,0.00124162377324,0.0000361198617611,0.00127684941981,-0.000748083752114,-0.00346177630126,-0.00380905228667,0.0189941134304,-0.00523003609851,-0.0056252987124,0.00464936206117,-0.0045576361008,0.00249337730929],[0.000157708243933,-0.00101328012533,0.000983260222711,-0.00125458312687,-0.000619713682681,0.00260628364049,-0.0053478484042,-0.00523003609851,0.0211470797658,-0.00537407118827,-0.00637070694938,0.00449688034132,-0.00274772103876],[-0.0000879202925717,0.00112082739361,-0.00176129501779,-0.00036398100201,0.00219590612687,-0.00202958728187,0.00480538001284,-0.0056252987124,-0.00537407118827,0.0219440124929,-0.00341988285072,-0.00641893129796,0.00390411354601],[0.0000582769789617,-0.000344808329828,0.00215548858978,-0.0011744373478,-0.00119230162818,0.00518800970167,-0.00239549297839,0.00464936206117,-0.00637070694938,-0.00341988285072,0.0195069052279,-0.00685223564506,-0.00171802518889],[-0.000177382069523,0.000600464816671,-0.000451395579148,0.000204787487746,-0.000707232160494,-0.00434997025877,0.00619775149971,-0.0045576361008,0.00449688034132,-0.00641893129796,-0.00685223564506,0.0278186835349,-0.0127714499831],[0.000208858866245,-0.000163299962878,0.0010356445564,0.000429711042671,-0.00113393587526,0.00152343069203,-0.00165619177278,0.00249337730929,-0.00274772103876,0.00390411354601,-0.00171802518889,-0.0127714499831,0.0277753006667]],"mean":[-623.554443359,127.183853149,-13.6605672836,34.2124252319,-0.724587082863,23.829460144,-3.27758455276,8.88154602051,0.473873317242,7.36851549149,0.0217841751873,9.83514022827,-1.35764408112]},"pitch_salience":{"dmean":0.085937358439,"dmean2":0.142304942012,"dvar":0.00563594745472,"dvar2":0.01525808312,"max":0.908743858337,"mean":0.555188775063,"median":0.572545051575,"min":0.0682881772518,"var":0.0138308266178},"silence_rate_20dB":{"dmean":0,"dmean2":0,"dvar":0,"dvar2":0,"max":1,"mean":1,"median":1,"min":1,"var":0},"silence_rate_30dB":{"dmean":0.0676670148969,"dmean2":0.135346964002,"dvar":0.063087195158,"dvar2":0.144552573562,"max":1,"mean":0.936257660389,"median":1,"min":0,"var":0.0596815161407},"silence_rate_60dB":{"dmean":0.00401414511725,"dmean2":0.00802905764431,"dvar":0.00399720063433,"dvar2":0.00910835620016,"max":1,"mean":0.0530389919877,"median":0,"min":0,"var":0.0502204410732},"spectral_centroid":{"dmean":265.708099365,"dmean2":402.955444336,"dvar":69321.9609375,"dvar2":144725.875,"max":11183.0791016,"mean":1561.46716309,"median":1491.86547852,"min":134.018493652,"var":378602.34375},"spectral_complexity":{"dmean":4.45914173126,"dmean2":6.72567367554,"dvar":20.5025482178,"dvar2":40.6437187195,"max":65,"mean":28.3700313568,"median":29,"min":0,"var":145.542556763},"spectral_contrast_coeffs":{"dmean":[0.0541066229343,0.0502769723535,0.0373129695654,0.0262623056769,0.0192629937083,0.0277672335505],"dmean2":[0.0903041511774,0.0832549482584,0.0628510862589,0.0442058295012,0.0320712886751,0.0439554452896],"dvar":[0.00180187565275,0.00155777006876,0.000862633169163,0.000419484451413,0.000245644128881,0.00064971728716],"dvar2":[0.00496475026011,0.0042042536661,0.00237655686215,0.00119523575995,0.000658867589664,0.00158515013754],"max":[-0.308898568153,-0.414740055799,-0.585445582867,-0.598107874393,-0.615788042545,-0.503419697285],"mean":[-0.690632462502,-0.764284729958,-0.808760344982,-0.817428290844,-0.811357796192,-0.693559467793],"median":[-0.695380032063,-0.773119390011,-0.81330883503,-0.818492889404,-0.810181260109,-0.690372347832],"min":[-0.968119621277,-0.974372684956,-0.979215204716,-0.988127410412,-0.974762558937,-0.961017429829],"var":[0.00577210215852,0.00498274806887,0.00206762878224,0.00137746846303,0.00141935469583,0.00382446334697]},"spectral_contrast_valleys":{"dmean":[0.40191334486,0.362202584743,0.309340149164,0.266112148762,0.244926273823,0.375533431768],"dmean2":[0.666233599186,0.597110033035,0.502123057842,0.425087571144,0.372792243958,0.574043571949],"dvar":[0.129034474492,0.116379164159,0.0991553962231,0.101157844067,0.121668122709,0.162239745259],"dvar2":[0.29562485218,0.252365887165,0.194338157773,0.18370552361,0.221800729632,0.349755436182],"max":[-5.06148529053,-4.30996751785,-4.92010641098,-5.22342395782,-5.3709435463,-8.71843528748],"mean":[-6.78340148926,-6.43968391418,-6.83629083633,-6.9755358696,-7.10429859161,-10.4932498932],"median":[-6.51229953766,-6.32783651352,-6.6126909256,-6.66014671326,-6.86121463776,-10.2329788208],"min":[-27.1849632263,-27.0243816376,-27.3911304474,-27.6085109711,-27.4192790985,-27.2063407898],"var":[1.4257901907,0.929449081421,1.05348205566,1.23757183552,1.35323119164,1.10433423519]},"spectral_decrease":{"dmean":5.20727372333e-9,"dmean2":8.53673665091e-9,"dvar":5.86795970845e-17,"dvar2":1.49034441218e-16,"max":9.37116606536e-9,"mean":-9.48506073684e-9,"median":-7.38564498448e-9,"min":-9.01536267861e-8,"var":8.36488379678e-17},"spectral_energy":{"dmean":0.0200634952635,"dmean2":0.0327608771622,"dvar":0.000842678011395,"dvar2":0.00214891857468,"max":0.357584893703,"mean":0.0525112636387,"median":0.0463140979409,"min":1.07057382259e-20,"var":0.00132370844949},"spectral_energyband_high":{"dmean":0.000537236861419,"dmean2":0.000752585881855,"dvar":7.34781508527e-7,"dvar2":0.00000142063515796,"max":0.0362882986665,"mean":0.00183361733798,"median":0.00148288300261,"min":7.91741173963e-21,"var":0.00000312403290081},"spectral_energyband_low":{"dmean":0.0159334298223,"dmean2":0.0267823599279,"dvar":0.000650318688713,"dvar2":0.0017169425264,"max":0.316109567881,"mean":0.0247058812529,"median":0.0171623788774,"min":1.05866742757e-23,"var":0.000776648405008},"spectral_energyband_middle_high":{"dmean":0.00211364403367,"dmean2":0.00333492993377,"dvar":0.00000846357397677,"dvar2":0.0000208265773836,"max":0.0664491951466,"mean":0.00669253058732,"median":0.00582704786211,"min":1.38991485484e-21,"var":0.0000270269702014},"spectral_energyband_middle_low":{"dmean":0.00503162061796,"dmean2":0.00794184673578,"dvar":0.0000595819656155,"dvar2":0.000140672724228,"max":0.18089748919,"mean":0.0116779087111,"median":0.00786436256021,"min":2.49585593967e-22,"var":0.000172792177182},"spectral_entropy":{"dmean":0.11607799679,"dmean2":0.17470164597,"dvar":0.0238397605717,"dvar2":0.0549874193966,"max":9.806391716,"mean":7.81183385849,"median":7.91106510162,"min":4.2245554924,"var":0.199474528432},"spectral_flux":{"dmean":0.0315080583096,"dmean2":0.0503560006618,"dvar":0.00147595535964,"dvar2":0.00342918210663,"max":0.500696003437,"mean":0.127379745245,"median":0.121167108417,"min":1.03468539292e-10,"var":0.00356366112828},"spectral_kurtosis":{"dmean":4.00933122635,"dmean2":6.31267261505,"dvar":261.591461182,"dvar2":674.734680176,"max":376.293762207,"mean":14.1757993698,"median":10.3499717712,"min":-1.28798794746,"var":431.626251221},"spectral_rms":{"dmean":0.00122266891412,"dmean2":0.00195836136118,"dvar":0.00000193774394575,"dvar2":0.00000481189499624,"max":0.0186778828502,"mean":0.00671400269493,"median":0.0067219408229,"min":3.23181412187e-12,"var":0.00000615246563029},"spectral_rolloff":{"dmean":4933.27490234,"dmean2":9247.64550781,"dvar":52063336,"dvar2":121260456,"max":22028.4667969,"mean":12340.8115234,"median":19143.0175781,"min":43.06640625,"var":88544144},"spectral_skewness":{"dmean":0.284239262342,"dmean2":0.426647633314,"dvar":0.497994422913,"dvar2":1.22139835358,"max":16.8663063049,"mean":2.31541323662,"median":2.11994814873,"min":0.0122030433267,"var":1.63679170609},"spectral_spread":{"dmean":407517.4375,"dmean2":622521.3125,"dvar":435752763392,"dvar2":702030938112,"max":48132504,"mean":4576223.5,"median":4540395,"min":705120.5625,"var":1373885693950},"spectral_strongpeak":{"dmean":3.83805370331,"dmean2":6.90842914581,"dvar":243.276000977,"dvar2":595.815429688,"max":229.798416138,"mean":4.131960392,"median":0.291411012411,"min":0,"var":343.545928955},"zerocrossingrate":{"dmean":0.0362371616066,"dmean2":0.0454579032958,"dvar":0.0010989260627,"dvar2":0.00164024985861,"max":0.7958984375,"mean":0.251809448004,"median":0.25244140625,"min":0.0078125,"var":0.011112684384}},"metadata":{"audio_properties":{"analysis_sample_rate":44100,"bit_rate":249328,"codec":"mp3","downmix":"mix","equal_loudness":0,"length":242.939834595,"lossless":false,"md5_encoded":"59a0294f2202c54f8b9df8c58d5965e6","replay_gain":-7.8171672821,"sample_rate":44100},"tags":{"#helium2 releasetype":["8"],"album":["Cryptic Writings"],"albumartist":["Megadeth"],"albumartistsort":["Megadeth"],"artist":["Megadeth"],"artistsort":["Megadeth"],"asin":["B000002U5D"],"date":["1997"],"discnumber":["1/1"],"file_name":"02. Megadeth - Almost Honest.mp3","genre":["Thrash Metal"],"isrc":["USCA29600223"],"musicbrainz album release country":["US"],"musicbrainz album status":["official"],"musicbrainz album type":["album"],"musicbrainz_albumartistid":["a9044915-8be3-4c7e-b11f-9e2d2ea0a91e"],"musicbrainz_albumid":["b2d4c16d-7b7a-4365-ad0e-9f24d32c8378"],"musicbrainz_artistid":["a9044915-8be3-4c7e-b11f-9e2d2ea0a91e"],"musicbrainz_recordingid":["e3de3c48-a502-40a1-8883-984806886b00"],"musicip_puid":["b7f411f0-4e5a-f468-3c9b-f22813bf565e"],"title":["Almost Honest"],"tracknumber":["2/12"]},"version":{"essentia":"2.1-beta1","essentia_build_sha":"ca57ba49d9b1854bd80e60cf9ccf267278fb7d6b","essentia_git_sha":"v2.1_beta1-28-g21ef5f4-dirty","extractor":"music 1.0"}},"rhythm":{"beats_count":542,"beats_loudness":{"dmean":0.0297099556774,"dmean2":0.0531226210296,"dvar":0.000822433794383,"dvar2":0.00254636933096,"max":0.220887973905,"mean":0.0650677010417,"median":0.0614571943879,"min":2.29025012288e-8,"var":0.00124976539519},"beats_loudness_band_ratio":{"dmean":[0.197717368603,0.0786942318082,0.0743137821555,0.0477809272707,0.032662961632,0.098636187613],"dmean2":[0.358712822199,0.14102768898,0.128168493509,0.0855790004134,0.0595072694123,0.18325856328],"dvar":[0.0232187751681,0.00747412722558,0.00996504630893,0.00186053465586,0.000979153439403,0.00693963188678],"dvar2":[0.0690993443131,0.0203702952713,0.0254678484052,0.0050190044567,0.00269344658591,0.0198859144002],"max":[0.977566838264,0.629888117313,0.778089880943,0.342271119356,0.322831809521,0.727959752083],"mean":[0.526548743248,0.0