{"lowlevel":{"average_loudness":0.852170109749,"barkbands":{"dmean":[0.000804835290182,0.0120112588629,0.00372783443891,0.00177989888471,0.00167906389106,0.00116725743283,0.000651546171866,0.000570584321395,0.000808200740721,0.000817567342892,0.00068642757833,0.000651754031423,0.00049975636648,0.00051639880985,0.000272824399872,0.000217217981117,0.000164276498253,0.000149201834574,0.000187088153325,0.000117698982649,0.000104234626633,0.0000814270824776,0.0000659943689243,0.0000336281409545,0.0000370956186089,0.0000293449265882,0.0000031149759252],"dmean2":[0.00129286351148,0.0202592611313,0.00674637779593,0.00314880837686,0.00300237140618,0.0019503638614,0.00107080384623,0.000937250093557,0.00125137227587,0.00125817616936,0.00116140709724,0.0010597447399,0.000834000471514,0.000885543006007,0.000438678631326,0.000351267459337,0.000262964313151,0.000236006584601,0.000303324137349,0.000179683454917,0.000159262868692,0.000124338752357,0.000102799873275,0.0000545576331206,0.0000606466528552,0.0000493968764204,0.00000530629085915],"dvar":[0.00000204222874345,0.000696918868925,0.000111949600978,0.0000218478435272,0.0000177296806214,0.0000134809552037,0.00000517828311786,0.00000558778310733,0.00000902804731595,0.00000665776860842,0.00000659913303025,0.00000519835793966,0.00000205635683415,0.00000176052367351,0.00000185487078852,7.88954082509e-7,1.91397248273e-7,9.96455113977e-8,1.85932776731e-7,7.77596724788e-8,7.89459022599e-8,6.96389363952e-8,3.63069396769e-8,3.31415783705e-9,3.97922361728e-9,2.71055977663e-9,2.97145121009e-11],"dvar2":[0.00000545248121853,0.00188844068907,0.000312322081299,0.0000567308234167,0.0000477277026221,0.0000331424234901,0.0000116928804346,0.0000137366096169,0.0000204297539312,0.0000159528244694,0.0000172332402144,0.0000118732023111,0.00000512548422194,0.0000044829835133,0.00000405523405789,0.00000166578161043,4.80569610772e-7,2.37348629639e-7,4.60744502107e-7,1.61580615554e-7,1.77679623903e-7,1.39783054465e-7,7.59257545724e-8,7.39130712191e-9,9.07605457456e-9,6.73921674021e-9,7.49244902232e-11],"max":[0.0171828214079,0.214751660824,0.0717731639743,0.034239731729,0.0316387116909,0.0508833937347,0.108928442001,0.0566145777702,0.0947382450104,0.0685835033655,0.087367489934,0.0653399378061,0.0276571661234,0.036806948483,0.0927905291319,0.0473334006965,0.0220921207219,0.0047220569104,0.00857137143612,0.00529560446739,0.0105212349445,0.012777117081,0.00591092184186,0.000873068463989,0.00127406336833,0.000368494453141,0.0000418757699663],"mean":[0.00119768164586,0.0151418829337,0.00282919895835,0.00127069512382,0.00125013070647,0.000985425664112,0.000638230296317,0.000527467171196,0.000888206413947,0.00111479230691,0.000625027227215,0.00064440490678,0.000463810603833,0.000479860696942,0.000317137222737,0.00025703778374,0.000201029804884,0.000171777239302,0.000214330982999,0.000142691162182,0.000114428097731,0.0000903721229406,0.0000683154867147,0.0000324783795804,0.0000314907883876,0.0000220198435272,0.00000228024919124],"median":[0.00023248870275,0.000408492109273,0.0000394500748371,0.0000536154257134,0.0000759147078497,0.0000369501867681,0.0000290587995551,0.0000223617917072,0.000049358837714,0.000254900136497,0.0000422277917096,0.0000534582977707,0.0000557697057957,0.0000690340530127,0.0000585603411309,0.0000453660541098,0.0000566300259379,0.0000407127117796,0.000057338962506,0.0000307515292661,0.0000196095024876,0.0000149796842379,0.0000114470931294,0.00000618929698248,0.00000355779275196,0.00000139306007441,1.4467912024e-7],"min":[1.28587404109e-24,6.93997541469e-24,2.18505043858e-24,1.34314455394e-24,5.67961116313e-24,6.18015918471e-24,1.2211701708e-23,3.55921931421e-24,1.04158701125e-23,3.37024855211e-23,2.09405698977e-23,2.78681586185e-23,4.1959271735e-23,5.57000422571e-23,5.74749035632e-23,6.71779999825e-23,9.53138853705e-23,1.68384518543e-22,1.68436911529e-22,1.58235021515e-22,3.39369526526e-22,3.74527201671e-22,4.49325074194e-22,6.47420896462e-22,9.18032549182e-22,1.49812051969e-21,2.0159076133e-21],"var":[0.0000035404400478,0.00072753051063,0.0000743904020055,0.0000166772042576,0.0000127249677462,0.0000116323108159,0.00000629467922408,0.00000530368242835,0.0000109823995444,0.00000809792163636,0.00000648734521747,0.00000665448078507,0.00000209189829548,0.00000175445802597,0.00000357517524208,0.00000138229472668,2.76378131048e-7,1.28066105276e-7,2.22632991154e-7,1.04842591497e-7,9.82004593197e-8,1.08309642144e-7,5.80284229557e-8,4.18508472322e-9,4.50568604649e-9,2.2490624918e-9,2.38255439683e-11]},"barkbands_crest":{"dmean":4.02415943146,"dmean2":6.60757064819,"dvar":14.6945199966,"dvar2":35.2539749146,"max":26.6923789978,"mean":13.5329465866,"median":12.617650032,"min":1.90685009956,"var":40.7447662354},"barkbands_flatness_db":{"dmean":0.0555416122079,"dmean2":0.0831650421023,"dvar":0.00409078225493,"dvar2":0.00873921532184,"max":0.84111058712,"mean":0.204322382808,"median":0.177648693323,"min":0.0225758831948,"var":0.014239388518},"barkbands_kurtosis":{"dmean":20.5691490173,"dmean2":34.1958656311,"dvar":3441.47705078,"dvar2":8967.70507813,"max":1216.04772949,"mean":21.7345275879,"median":3.12976408005,"min":-1.92500722408,"var":3809.13671875},"barkbands_skewness":{"dmean":1.58122992516,"dmean2":2.42593812943,"dvar":4.09246349335,"dvar2":9.82742214203,"max":25.8556785583,"mean":2.26654553413,"median":1.43157863617,"min":-6.06625270844,"var":9.65992069244},"barkbands_spread":{"dmean":8.78039073944,"dmean2":14.2817955017,"dvar":130.11517334,"dvar2":316.895904541,"max":113.551261902,"mean":16.2263412476,"median":12.9162454605,"min":0.0771471485496,"var":196.482925415},"dissonance":{"dmean":0.0333220660686,"dmean2":0.0545049197972,"dvar":0.00171527347993,"dvar2":0.0041162725538,"max":0.500000059605,"mean":0.451765954494,"median":0.470746457577,"min":0.153571248055,"var":0.00297863339074},"dynamic_complexity":5.87569856644,"erbbands":{"dmean":[0.373511075974,2.7699739933,5.13898086548,4.54813814163,6.81477308273,4.94412851334,5.87283325195,10.7141437531,9.81663608551,9.51575565338,13.9463644028,17.8211212158,23.627035141,24.0534420013,26.4965286255,25.8092651367,22.5650520325,25.5304813385,17.1090583801,13.3502044678,10.5717124939,9.39522457123,8.10478591919,8.56658744812,8.94278526306,5.55877733231,4.6660451889,3.61412024498,3.19961023331,2.37175273895,1.76613485813,0.89008885622,0.522206902504,0.424842089415,0.270217359066,0.150236919522,0.0553058497608,0.00680565927178,0.000619759550318,0.0000417986120738],"dmean2":[0.607019662857,4.77878093719,9.34703445435,8.22155666351,11.9521455765,8.9149017334,9.87865066528,18.2920188904,16.3240032196,15.7014446259,22.4263000488,27.864774704,35.9209938049,38.0504302979,43.1965789795,42.265586853,37.2931556702,43.5076255798,27.3116760254,20.7051124573,17.0000247955,14.889292717,12.8005666733,13.5618057251,14.1623649597,8.36418914795,7.13529634476,5.55890130997,4.90078401566,3.67619752884,2.73419070244,1.43199169636,0.852168381214,0.690860807896,0.447438508272,0.252038985491,0.0936616808176,0.011608555913,0.00105739827268,0.0000692649628036],"dvar":[0.443332582712,46.9600563049,214.116744995,124.147338867,362.355773926,144.789611816,299.734680176,1269.29187012,771.158569336,1716.03723145,3106.7668457,4917.89501953,7435.22949219,4958.01074219,9226.1953125,8074.74951172,4072.06347656,4360.23242188,2780.19335938,6253.69238281,1323.9284668,595.006591797,289.782440186,321.155914307,483.516540527,171.9715271,170.094009399,97.9698944092,97.1580429077,62.374710083,24.6828136444,2.54343724251,0.876930177212,0.542066931725,0.209760427475,0.0774129256606,0.00943516101688,0.000135921611218,0.00000117145532386,3.95713461998e-9],"dvar2":[1.14568424225,129.262283325,599.749206543,344.878387451,943.822937012,395.671630859,725.058532715,3332.84692383,1749.69970703,4339.11181641,7382.20654297,11808.6132813,17398.4570313,12035.0908203,23487.9609375,18521.6894531,10251.6650391,11044.6152344,6508.82470703,13402.7958984,2876.72460938,1460.19494629,701.564819336,764.581665039,1181.08422852,377.001739502,404.571258545,200.723495483,200.074295044,132.396118164,51.1315727234,5.62850046158,1.95789945126,1.2005995512,0.493178576231,0.194642096758,0.0233577359468,0.000338144629495,0.00000298164513879,1.01042862966e-8],"max":[7.07125425339,48.4069824219,94.376411438,77.1505126953,161.741500854,125.424781799,221.688796997,550.729797363,643.658630371,1638.15075684,1512.48510742,2021.56604004,2846.10595703,1884.74487305,3035.10327148,2650.47070313,1340.08410645,2089.76245117,2179.34277344,6151.95849609,1770.12609863,1355.96191406,270.296295166,323.842102051,470.816864014,171.647979736,416.271728516,321.860046387,445.426177979,272.640869141,155.702529907,28.5286388397,19.8619689941,17.309551239,6.81593847275,2.536413908,0.649109005928,0.0959100574255,0.00845951028168,0.000398339063395],"mean":[0.584494948387,2.76733994484,3.89110732079,3.40446543694,4.95017814636,3.71029901505,4.89257478714,8.6971540451,9.58568572998,8.91860961914,14.2098464966,19.4157180786,29.9837360382,32.2745437622,26.4061088562,25.8209056854,21.6604404449,24.2123832703,19.5605754852,15.7744512558,12.997420311,11.7643890381,9.64810943604,10.4678459167,10.0583810806,6.75065279007,5.12855243683,4.05898761749,3.51254439354,2.51856088638,1.81907248497,0.867435872555,0.491027057171,0.371669769287,0.220782577991,0.114504873753,0.0406931452453,0.0049777305685,0.000457697489765,0.0000484942938783],"median":[0.0202749371529,0.0697662234306,0.127082645893,0.231853723526,0.304096877575,0.200450718403,0.198032438755,0.411551058292,0.551925420761,0.62961179018,0.779238164425,1.30555021763,5.85261821747,6.85178565979,2.61509037018,2.49138355255,2.84422922134,3.23377227783,4.63282203674,2.6534075737,2.62667655945,3.42439508438,2.6652007103,2.70500850677,2.7163901329,1.44139003754,0.922631621361,0.663043558598,0.573740839958,0.436314225197,0.298092961311,0.156615316868,0.086569018662,0.0460668168962,0.021930070594,0.00820057000965,0.00212735729292,0.000311312091071,0.0000414786773035,0.000026976573281],"min":[1.76786202728e-22,9.48586129162e-22,4.551230933e-21,4.7318749811e-21,1.5361437062e-20,1.5181547897e-20,5.58725607097e-20,5.2209019782e-20,1.72927612975e-19,2.36226420279e-19,3.2188430728e-19,2.96713175391e-19,6.4655130184e-19,1.25539205994e-18,1.48131834968e-18,1.28812969724e-18,2.04024201484e-18,2.50531273372e-18,2.15882269835e-18,4.09925772086e-18,3.88349841142e-18,5.43178695786e-18,7.93728518683e-18,9.23992507957e-18,9.70275662053e-18,7.09423345986e-18,1.17838156559e-17,1.099656057e-17,1.39383440461e-17,1.37148729318e-17,1.41202261735e-17,1.31102833134e-17,9.99873176987e-18,9.15063920425e-18,7.14852132346e-18,4.57442128398e-18,2.94023416684e-18,1.12511607655e-18,2.70599083453e-19,2.82423791868e-20],"var":[0.848201930523,37.1099891663,139.155578613,84.8557739258,271.297210693,104.130332947,272.24017334,972.261535645,970.985961914,1593.68896484,3352.18945313,5521.40966797,8529.49414063,6721.74951172,9908.2890625,10137.2226563,4169.12207031,4373.29443359,3768.26806641,10062.6777344,2418.67285156,930.01184082,367.728302002,458.999725342,543.771484375,225.787078857,185.157928467,142.823196411,149.15083313,96.8170776367,38.6292190552,3.39398646355,1.08663070202,0.65250402689,0.218118563294,0.0644353106618,0.00772290537134,0.000111236782686,9.25526080664e-7,4.09684819402e-9]},"erbbands_crest":{"dmean":4.03355693817,"dmean2":6.49832057953,"dvar":16.7156009674,"dvar2":36.9026298523,"max":31.7456760406,"mean":11.0855855942,"median":9.43639755249,"min":2.14344549179,"var":37.2805404663},"erbbands_flatness_db":{"dmean":0.0429410971701,"dmean2":0.0610048361123,"dvar":0.00201571919024,"dvar2":0.00396870262921,"max":0.556938886642,"mean":0.196874603629,"median":0.187982648611,"min":0.0245982464403,"var":0.00541921751574},"erbbands_kurtosis":{"dmean":4.30580043793,"dmean2":7.20564365387,"dvar":235.829696655,"dvar2":623.665527344,"max":300.200531006,"mean":3.70033979416,"median":0.579624652863,"min":-1.8677700758,"var":214.7394104},"erbbands_skewness":{"dmean":0.798131763935,"dmean2":1.22779035568,"dvar":1.04617238045,"dvar2":2.40421938896,"max":12.9982643127,"mean":0.442046970129,"median":0.212528645992,"min":-5.06872463226,"var":2.25717616081},"erbbands_spread":{"dmean":14.797000885,"dmean2":22.9614601135,"dvar":309.597167969,"dvar2":713.890197754,"max":192.728134155,"mean":32.126499176,"median":25.7259254456,"min":0.70271730423,"var":558.106933594},"gfcc":{"cov":[[31580.7519531,1576.37145996,-2091.36401367,734.061157227,-845.51184082,-658.952819824,-1322.41809082,-126.234214783,-458.518737793,587.144897461,366.062072754,255.889938354,-747.455627441],[1576.37145996,4133.12060547,1026.58422852,298.308990479,660.226135254,-211.296310425,240.059432983,-91.3597793579,308.383422852,-161.307159424,351.570373535,-258.872253418,77.8394241333],[-2091.36401367,1026.58422852,3010.70605469,1002.52679443,677.00213623,391.390716553,402.314483643,87.7735824585,205.927215576,55.9028282166,7.87430381775,6.45120286942,60.321269989],[734.061157227,298.308990479,1002.52679443,1118.9029541,434.78503418,201.920837402,146.133972168,68.5289001465,154.858200073,133.846694946,116.065116882,-4.48125362396,43.6677055359],[-845.51184082,660.226135254,677.00213623,434.78503418,848.812194824,385.256286621,358.514709473,143.849395752,248.271789551,56.4055595398,126.892875671,-21.0556793213,99.5206680298],[-658.952819824,-211.296310425,391.390716553,201.920837402,385.256286621,536.201477051,399.09588623,183.003433228,123.349754333,50.3741340637,-7.43316745758,41.6829566956,92.756149292],[-1322.41809082,240.059432983,402.314483643,146.133972168,358.514709473,399.09588623,637.546264648,235.891738892,173.571929932,-20.3396396637,52.0338287354,-7.03113603592,158.777420044],[-126.234214783,-91.3597793579,87.7735824585,68.5289001465,143.849395752,183.003433228,235.891738892,248.343215942,133.533584595,40.4799118042,27.2271900177,31.9121265411,34.1108551025],[-458.518737793,308.383422852,205.927215576,154.858200073,248.271789551,123.349754333,173.571929932,133.533584595,259.478118896,75.6859741211,79.9546737671,-17.6807804108,56.9334869385],[587.144897461,-161.307159424,55.9028282166,133.846694946,56.4055595398,50.3741340637,-20.3396396637,40.4799118042,75.6859741211,180.212539673,58.7121582031,40.6799049377,-25.4963665009],[366.062072754,351.570373535,7.87430381775,116.065116882,126.892875671,-7.43316745758,52.0338287354,27.2271900177,79.9546737671,58.7121582031,181.038040161,18.0486717224,-8.17429161072],[255.889938354,-258.872253418,6.45120286942,-4.48125362396,-21.0556793213,41.6829566956,-7.03113603592,31.9121265411,-17.6807804108,40.6799049377,18.0486717224,123.233764648,10.9355201721],[-747.455627441,77.8394241333,60.321269989,43.6677055359,99.5206680298,92.756149292,158.777420044,34.1108551025,56.9334869385,-25.4963665009,-8.17429161072,10.9355201721,195.517730713]],"icov":[[0.0000656937118038,-0.000133382709464,0.00011138489208,-0.000149652085383,0.0000985176011454,-0.000127160572447,0.000107906256744,-0.000174283763045,0.000239910121309,-0.000275459955446,0.000152052773046,-0.000228713717661,0.000169630715391],[-0.000133382709464,0.000852979021147,-0.000456403096905,0.000485441414639,-0.000521118228789,0.00075262633618,-0.000299730920233,0.000633778574411,-0.000873809214681,0.00123150041327,-0.00145767396316,0.001311047934,-0.000495310174301],[0.00011138489208,-0.000456403096905,0.000876916630659,-0.000821840716526,0.0000286400318146,-0.000234607156017,-0.000285357411485,0.000110331231554,0.000206738739507,-0.000584634020925,0.00144970428664,-0.00128940027207,0.000826025148854],[-0.000149652085383,0.000485441414639,-0.000821840716526,0.00202919309959,-0.000635097036138,0.000184676595381,0.000236868334468,0.0000938130979193,-0.00024084438337,-0.0000513496270287,-0.00161537446547,0.00157596135978,-0.0010303419549],[0.0000985176011454,-0.000521118228789,0.0000286400318146,-0.000635097036138,0.00325864111073,-0.00242896960117,0.000558224564884,-0.0000496680186188,-0.000873408920597,0.0000656138145132,-0.0009637841722,0.0000948689121287,-0.0000166194349731],[-0.000127160572447,0.00075262633618,-0.000234607156017,0.000184676595381,-0.00242896960117,0.00656164204702,-0.00350317009725,0.000237929038121,-0.000150931795361,-0.000829462893307,0.00208814279176,-0.00110837887041,0.000257262698142],[0.000107906256744,-0.000299730920233,-0.000285357411485,0.000236868334468,0.000558224564884,-0.00350317009725,0.00596668850631,-0.00368884718046,0.000774177722633,0.00128707825206,-0.00254698260687,0.00202999659814,-0.00253472663462],[-0.000174283763045,0.000633778574411,0.000110331231554,0.0000938130979193,-0.0000496680186188,0.000237929038121,-0.00368884718046,0.010038388893,-0.00519279949367,0.00105607754085,0.000955136725679,-0.00262078875676,0.00201948196627],[0.000239910121309,-0.000873809214681,0.000206738739507,-0.00024084438337,-0.000873408920597,-0.000150931795361,0.000774177722633,-0.00519279949367,0.0106138205156,-0.00483010429889,-0.000917124503758,0.00235238834284,-0.00184196594637],[-0.000275459955446,0.00123150041327,-0.000584634020925,-0.0000513496270287,0.0000656138145132,-0.000829462893307,0.00128707825206,0.00105607754085,-0.00483010429889,0.0113997384906,-0.00385828968138,-0.000660206831526,0.000547814765014],[0.000152052773046,-0.00145767396316,0.00144970428664,-0.00161537446547,-0.0009637841722,0.00208814279176,-0.00254698260687,0.000955136725679,-0.000917124503758,-0.00385828968138,0.0127411112189,-0.00577483512461,0.003096410539],[-0.000228713717661,0.001311047934,-0.00128940027207,0.00157596135978,0.0000948689121287,-0.00110837887041,0.00202999659814,-0.00262078875676,0.00235238834284,-0.000660206831526,-0.00577483512461,0.0143997631967,-0.00388217624277],[0.000169630715391,-0.000495310174301,0.000826025148854,-0.0010303419549,-0.0000166194349731,0.000257262698142,-0.00253472663462,0.00201948196627,-0.00184196594637,0.000547814765014,0.003096410539,-0.00388217624277,0.00848248228431]],"mean":[-114.642379761,65.5233459473,-121.938278198,25.2107753754,-45.0473937988,23.9395427704,-17.5078907013,14.6624984741,-19.2366504669,-0.395161300898,-14.8674163818,2.20331263542,-5.49515867233]},"hfc":{"dmean":8.55728340149,"dmean2":12.8510732651,"dvar":174.301803589,"dvar2":367.911071777,"max":218.566070557,"mean":12.9068470001,"median":6.11900854111,"min":1.12191975553e-16,"var":344.233123779},"melbands":{"dmean":[0.00326824118383,0.00305772386491,0.00090657005785,0.000426038750447,0.000202211202122,0.000236530861002,0.000147788698087,0.000106011844764,0.000119905773317,0.000114909264084,0.000122054319945,0.000102425539808,0.0000929892266868,0.0000764442957006,0.0000613590455032,0.0000477297617181,0.0000507061631652,0.0000307251393679,0.0000202394530788,0.0000178095015144,0.0000120678314488,0.0000107929799924,0.00000787405951996,0.00000694998880135,0.00000719669378668,0.00000712285554982,0.00000534393939233,0.00000350327832166,0.00000302606986224,0.00000243924841925,0.00000209047016142,0.00000180251799975,0.0000016087582253,0.00000128451358705,0.00000110355529159,7.84450776337e-7,4.4182036163e-7,3.73532373033e-7,3.36037771831e-7,3.67524137346e-7],"dmean2":[0.00540851382539,0.00546040711924,0.0016166587593,0.000759730348364,0.000344024592778,0.000400111137424,0.000244666589424,0.000174896005774,0.000191660379642,0.000178683185368,0.00018572670524,0.000162562195328,0.000154269393533,0.000123344376334,0.000102355530544,0.0000802607682999,0.0000874761171872,0.0000504553390783,0.0000324229913531,0.0000286434169539,0.0000199045844056,0.0000174899887497,0.0000125367605506,0.0000110634064185,0.0000114804206532,0.0000115884922707,0.00000827743042464,0.00000530712623004,0.00000470906570627,0.00000370744692191,0.00000329423755829,0.00000277329490928,0.00000252334302786,0.00000203174772651,0.00000170971998159,0.00000126715951865,7.10692575012e-7,6.1417699726e-7,5.47224715319e-7,6.00755583946e-7],"dvar":[0.0000411510154663,0.0000701678363839,0.00000498033159602,0.00000117301749469,3.04184311517e-7,5.85126542774e-7,1.86693171145e-7,1.99192768946e-7,2.1866553368e-7,2.00647392035e-7,1.94827450173e-7,9.15829687642e-8,1.22731194097e-7,7.68002195173e-8,3.84818612531e-8,1.98816572095e-8,1.73938712322e-8,8.25468760013e-9,1.18202096999e-8,9.08673047917e-9,1.64091795707e-9,1.07450581766e-9,2.80981377054e-10,2.44139986005e-10,2.3226173762e-10,3.27748633788e-10,1.84063209119e-10,7.30923585546e-11,7.05728739336e-11,5.35675427626e-11,3.36273925372e-11,3.7145477666e-11,2.61511368116e-11,2.0724543609e-11,1.19672249541e-11,2.7236355532e-12,5.67674054465e-13,4.6829380651e-13,3.7516655906e-13,4.1983742329e-13],"dvar2":[0.000109400774818,0.000195263855858,0.0000133825178636,0.0000031410295378,7.46835610244e-7,0.00000150502535234,4.20646557586e-7,5.09475853505e-7,5.17281819157e-7,4.62795156864e-7,4.55523490928e-7,2.26284512905e-7,3.17119742022e-7,1.7220449422e-7,9.69047775357e-8,5.01216987914e-8,4.47002790338e-8,2.01415311096e-8,2.30718271155e-8,1.98492013936e-8,4.20403134527e-9,2.82524981188e-9,6.71058542068e-10,6.08382955125e-10,5.59821689006e-10,8.13544620559e-10,4.09979522553e-10,1.67969735343e-10,1.70808339695e-10,1.23163257371e-10,6.97420871054e-11,8.01165869757e-11,5.45583647704e-11,4.61640760341e-11,2.54391386428e-11,6.03795312359e-12,1.2884455872e-12,1.07232202718e-12,8.37661103675e-13,9.3434125454e-13],"max":[0.0576066598296,0.0558146946132,0.0138587560505,0.00838789530098,0.00830824207515,0.0119691928849,0.0149828111753,0.0144365150481,0.0123921027407,0.0119100362062,0.0141370324418,0.00750071369112,0.0129719050601,0.0097753694281,0.0049417745322,0.00334183732048,0.00383022776805,0.00292999809608,0.00816736277193,0.00450034253299,0.00140546530019,0.00191618385725,0.000378182652639,0.000267663010163,0.000313102849759,0.000467273493996,0.000386456027627,0.000114669936011,0.000237180458498,0.000268533913186,0.000210462167161,0.00029647978954,0.000193297630176,0.000163944234373,0.000113516827696,0.0000374372502847,0.0000121284047054,0.0000138769355544,0.0000135254340421,0.0000158763086802],"mean":[0.00463979598135,0.0026056682691,0.000683692574967,0.000313648721203,0.000166644473211,0.000196962719201,0.000143832410686,0.0000967217565631,0.000122544064652,0.000124157362734,0.000154345922056,0.000136781716719,0.0000875241821632,0.0000761582123232,0.0000564108559047,0.0000442825039499,0.0000458362119389,0.0000328208079736,0.0000231601770793,0.0000198869893211,0.0000138729428727,0.0000125738679344,0.00000953686776484,0.00000798829478299,0.00000854865265865,0.00000781988728704,0.00000609514245298,0.00000409818494518,0.00000321807192449,0.00000267477116722,0.00000225669327847,0.00000197542158276,0.00000169531438132,0.00000132460218083,0.00000113653948119,7.43242765111e-7,4.35502698792e-7,3.4709782426e-7,3.06027715169e-7,3.15300894727e-7],"median":[0.000194767970243,0.0000861675507622,0.0000570249030716,0.0000184302789421,0.00000627775807516,0.00000850438118505,0.00000761622504797,0.00000499874022353,0.00000590945410295,0.00000663806076773,0.0000313475939038,0.0000295175050269,0.00000640083408143,0.00000546014825886,0.0000065122221713,0.0000051935448937,0.00000577963828619,0.00000768905374571,0.00000362823129763,0.00000308216385747,0.00000276285936707,0.0000032957377698,0.00000269894417215,0.00000190868104255,0.00000205422429644,0.00000205852620638,0.00000144284877024,7.54123107072e-7,5.55008909942e-7,4.33013127576e-7,3.55560274556e-7,3.18681003364e-7,2.64741117917e-7,2.23930229026e-7,1.8015657588e-7,1.17580199799e-7,8.30865189982e-8,6.22485245572e-8,4.70083278969e-8,3.42460140246e-8],"min":[1.96399721623e-24,3.03648300195e-24,1.31474043376e-24,1.39504903771e-24,1.95182233145e-24,1.13297238588e-24,3.74634855941e-24,2.45834991869e-24,3.1178549904e-24,1.48034067878e-24,3.20165213448e-24,5.7059169133e-24,3.14136067879e-24,4.04286283545e-24,3.30490633558e-24,4.28872790264e-24,4.24388431562e-24,2.50620892652e-24,4.43014975813e-24,3.64047672061e-24,3.91930434073e-24,4.92705639778e-24,4.06351481952e-24,6.12735954103e-24,6.27594030924e-24,6.12028345871e-24,4.32043261685e-24,4.7752081677e-24,6.01276368948e-24,5.98741048885e-24,5.29427114916e-24,7.11289056967e-24,5.8577809206e-24,6.46397201131e-24,7.11965347421e-24,6.12507973301e-24,7.21881881202e-24,6.70303394206e-24,7.29051995742e-24,6.9198373735e-24],"var":[0.0000566159724258,0.0000481991264678,0.0000035965092593,8.42433962589e-7,2.72859210781e-7,4.69670226266e-7,2.35231340184e-7,1.78603414724e-7,2.45729808057e-7,2.34706590163e-7,2.21662219246e-7,1.19275043176e-7,1.23380559103e-7,1.04661431521e-7,3.73786690488e-8,2.03968770762e-8,1.64436730898e-8,9.5050642912e-9,2.52995455696e-8,1.27128760852e-8,2.32400765299e-9,1.3606441529e-9,3.87630177956e-10,2.95703961317e-10,3.27068316874e-10,3.62643248764e-10,2.20026913356e-10,9.02615204801e-11,7.44396419505e-11,6.34883257078e-11,4.77132951204e-11,5.27818969087e-11,3.83600755327e-11,3.06520434035e-11,1.78244589227e-11,3.66552708325e-12,7.17472034475e-13,5.4979024805e-13,4.64087318922e-13,4.88998761188e-13]},"melbands_crest":{"dmean":5.02261447906,"dmean2":8.08467006683,"dvar":21.8398971558,"dvar2":51.5839920044,"max":39.475189209,"mean":19.0588703156,"median":18.686466217,"min":1.59503793716,"var":79.7256774902},"melbands_flatness_db":{"dmean":0.0642610341311,"dmean2":0.0953396633267,"dvar":0.00547927012667,"dvar2":0.0113827735186,"max":1,"mean":0.264107942581,"median":0.237852185965,"min":0.00362950563431,"var":0.0238773990422},"melbands_kurtosis":{"dmean":40.3865890503,"dmean2":67.88671875,"dvar":12232.0185547,"dvar2":33023.2460938,"max":1995.5904541,"mean":44.614654541,"median":7.43081760406,"min":-1.87055635452,"var":12784.8710938},"melbands_skewness":{"dmean":1.95911872387,"dmean2":3.05055236816,"dvar":6.63097524643,"dvar2":16.0348529816,"max":34.7428894043,"mean":3.47528290749,"median":2.25818586349,"min":-4.65904188156,"var":15.7511062622},"melbands_spread":{"dmean":12.8225917816,"dmean2":20.7624092102,"dvar":450.519439697,"dvar2":1073.78869629,"max":246.766769409,"mean":22.4139060974,"median":15.1604270935,"min":0.0373465679586,"var":692.267150879},"mfcc":{"cov":[[20081.0800781,2146.36523438,-1597.87036133,265.68963623,-386.563537598,-323.204071045,-390.424743652,-468.309082031,-732.362304688,-393.30670166,108.798957825,519.314758301,302.406799316],[2146.36523438,3383.81762695,476.623138428,444.625274658,334.722961426,-22.007194519,73.0913085938,92.8601760864,-45.2557525635,66.3270568848,132.26512146,110.37310791,46.2195510864],[-1597.87036133,476.623138428,2073.54833984,827.969482422,473.362640381,410.578948975,241.180145264,177.390136719,241.607849121,117.791481018,60.9352836609,-0.137044608593,16.3105487823],[265.68963623,444.625274658,827.969482422,868.106994629,453.155822754,301.944915771,178.691802979,91.3538208008,131.49710083,130.05506897,70.487449646,86.2225265503,74.8002929688],[-386.563537598,334.722961426,473.362640381,453.155822754,637.147766113,337.91494751,163.906219482,127.708396912,142.642074585,144.044067383,105.480323792,68.5471420288,70.197593689],[-323.204071045,-22.007194519,410.578948975,301.944915771,337.91494751,455.821533203,281.024261475,171.643569946,202.857543945,138.682601929,93.9008712769,52.2799110413,36.8702087402],[-390.424743652,73.0913085938,241.180145264,178.691802979,163.906219482,281.024261475,390.422668457,253.812942505,191.253814697,139.241546631,90.9642715454,36.4794197083,15.7606191635],[-468.309082031,92.8601760864,177.390136719,91.3538208008,127.708396912,171.643569946,253.812942505,332.322753906,204.307220459,141.381515503,94.3813095093,19.1553459167,26.3414936066],[-732.362304688,-45.2557525635,241.607849121,131.49710083,142.642074585,202.857543945,191.253814697,204.307220459,318.198455811,183.262817383,45.1261558533,3.58248090744,25.4733886719],[-393.30670166,66.3270568848,117.791481018,130.05506897,144.044067383,138.682601929,139.241546631,141.381515503,183.262817383,233.256958008,103.518836975,2.02000260353,14.1928863525],[108.798957825,132.26512146,60.9352836609,70.487449646,105.480323792,93.9008712769,90.9642715454,94.3813095093,45.1261558533,103.518836975,192.246109009,109.683395386,43.0078697205],[519.314758301,110.37310791,-0.137044608593,86.2225265503,68.5471420288,52.2799110413,36.4794197083,19.1553459167,3.58248090744,2.02000260353,109.683395386,209.297851563,114.88986969],[302.406799316,46.2195510864,16.3105487823,74.8002929688,70.197593689,36.8702087402,15.7606191635,26.3414936066,25.4733886719,14.1928863525,43.0078697205,114.88986969,144.223144531]],"icov":[[0.0000753510030336,-0.0000550669756194,0.0000979615288088,-0.000135050329845,0.00013815278362,-0.000142962962855,0.0000769346297602,-0.00000850745800562,0.000116780043754,0.0000499328743899,-0.0000195088196051,-0.0000720353709767,-0.0000812709477032],[-0.0000550669756194,0.000401604775107,-0.000125451420899,-0.0000215743075387,-0.000331707036821,0.000513031205628,-0.000192084669834,-0.00011658501171,0.0001081513401,-0.000116584553325,-0.0000567326242162,-0.000114280592243,0.000185044977115],[0.0000979615288088,-0.000125451420899,0.00104534253478,-0.00103057583328,0.000235846673604,-0.000496966647916,0.000254945567576,-0.0000649772773613,-0.000549677119125,0.00100932444911,-0.000663092185277,0.000641204125714,-0.0000679539516568],[-0.000135050329845,-0.0000215743075387,-0.00103057583328,0.0031159017235,-0.00135947472882,0.0000604400920565,-0.000629219168331,0.000465576420538,0.000592601834796,-0.00167786481325,0.00153343100101,-0.00124803197104,0.0000179396665771],[0.00013815278362,-0.000331707036821,0.000235846673604,-0.00135947472882,0.00400455342606,-0.00283963186666,0.0014153647935,-0.000602895277552,0.000670880835969,-0.000563483918086,-0.000459005968878,0.000385159743018,-0.00100569811184],[-0.000142962962855,0.000513031205628,-0.000496966647916,0.0000604400920565,-0.00283963186666,0.00760567188263,-0.00425766874105,0.0017324242508,-0.00249438034371,0.00108669686597,-0.00133514718618,0.00025211495813,0.000277767976513],[0.0000769346297602,-0.000192084669834,0.000254945567576,-0.000629219168331,0.0014153647935,-0.00425766874105,0.00822610035539,-0.00473967241123,0.000776877510361,-0.00105738313869,0.000894714903552,-0.00150548084639,0.00146335642785],[-0.00000850745800562,-0.00011658501171,-0.0000649772773613,0.000465576420538,-0.000602895277552,0.0017324242508,-0.00473967241123,0.00873188395053,-0.00400544144213,0.00149925425649,-0.00358107010834,0.00264963810332,-0.00188816385344],[0.000116780043754,0.0001081513401,-0.000549677119125,0.000592601834796,0.000670880835969,-0.00249438034371,0.000776877510361,-0.00400544144213,0.0106686335057,-0.00772091140971,0.00565072800964,-0.00305946031585,0.0000607064685028],[0.0000499328743899,-0.000116584553325,0.00100932444911,-0.00167786481325,-0.000563483918086,0.00108669686597,-0.00105738313869,0.00149925425649,-0.00772091140971,0.0146174617112,-0.0095328707248,0.00669578136876,-0.00203908840194],[-0.0000195088196051,-0.0000567326242162,-0.000663092185277,0.00153343100101,-0.000459005968878,-0.00133514718618,0.000894714903552,-0.00358107010834,0.00565072800964,-0.0095328707248,0.01604154706,-0.0104904705659,0.003973048646],[-0.0000720353709767,-0.000114280592243,0.000641204125714,-0.00124803197104,0.000385159743018,0.00025211495813,-0.00150548084639,0.00264963810332,-0.00305946031585,0.00669578136876,-0.0104904705659,0.0161546934396,-0.00966818258166],[-0.0000812709477032,0.000185044977115,-0.0000679539516568,0.0000179396665771,-0.00100569811184,0.000277767976513,0.00146335642785,-0.00188816385344,0.0000607064685028,-0.00203908840194,0.003973048646,-0.00966818258166,0.0143535807729]],"mean":[-747.348449707,96.6434783936,-12.1371240616,15.1435279846,1.64810407162,11.7057237625,10.2738037109,15.569234848,6.28307008743,7.77766036987,1.56748747826,-5.43912887573,-2.06614494324]},"pitch_salience":{"dmean":0.124259747565,"dmean2":0.20439119637,"dvar":0.0154980327934,"dvar2":0.0399390384555,"max":0.93348133564,"mean":0.47714728117,"median":0.489581406116,"min":0.0161918886006,"var":0.0461072996259},"silence_rate_20dB":{"dmean":0,"dmean2":0,"dvar":0,"dvar2":0,"max":1,"mean":1,"median":1,"min":1,"var":0},"silence_rate_30dB":{"dmean":0.0734992995858,"dmean2":0.147014439106,"dvar":0.06810285151,"dvar2":0.167214259505,"max":1,"mean":0.942349135876,"median":1,"min":0,"var":0.0543296374381},"silence_rate_60dB":{"dmean":0.0905269980431,"dmean2":0.181073501706,"dvar":0.0823309198022,"dvar2":0.168347373605,"max":1,"mean":0.267349123955,"median":0,"min":0,"var":0.195878595114},"spectral_centroid":{"dmean":483.85559082,"dmean2":757.667358398,"dvar":373936.9375,"dvar2":751272.5,"max":11430.09375,"mean":1569.53674316,"median":1396.18603516,"min":47.4760360718,"var":1157469.5},"spectral_complexity":{"dmean":4.97488975525,"dmean2":6.98663520813,"dvar":49.5097160339,"dvar2":86.7323532104,"max":60,"mean":10.5984916687,"median":7,"min":0,"var":124.527381897},"spectral_contrast_coeffs":{"dmean":[0.0673336982727,0.0659354776144,0.0543875098228,0.0423524565995,0.0306680910289,0.024240417406],"dmean2":[0.10781390965,0.101825810969,0.0833203196526,0.0654713585973,0.0474282465875,0.0368493124843],"dvar":[0.00378113216721,0.00388660584576,0.00233646389097,0.0014701471664,0.000861388165504,0.000475712964544],"dvar2":[0.0090887863189,0.00778151629493,0.00518988026306,0.00326516572386,0.00180976651609,0.000995976733975],"max":[-0.273451030254,-0.320285767317,-0.422443717718,-0.509541869164,-0.546612143517,-0.591167867184],"mean":[-0.677538871765,-0.754663944244,-0.749003708363,-0.801410198212,-0.811673283577,-0.781773984432],"median":[-0.68581444025,-0.780890226364,-0.75949048996,-0.812743365765,-0.819374203682,-0.781777441502],"min":[-0.974578440189,-0.980811953545,-0.992339372635,-0.983073532581,-0.991590738297,-0.97053617239],"var":[0.0137035967782,0.0139723513275,0.00899603497237,0.00452868361026,0.00305249891244,0.00234015029855]},"spectral_contrast_valleys":{"dmean":[0.787080228329,0.829986095428,0.711916089058,0.691838800907,0.69611364603,0.875343382359],"dmean2":[1.20577275753,1.27281606197,1.04736351967,0.99310618639,0.958555877209,1.18084585667],"dvar":[0.772081971169,0.832294046879,0.597268223763,0.611127078533,0.665509819984,0.776219427586],"dvar2":[1.5891469717,1.84027695656,1.18665874004,1.14277780056,1.25642561913,1.43291568756],"max":[-4.8348608017,-4.36524200439,-4.77740335464,-5.35506534576,-5.45172405243,-8.00611209869],"mean":[-8.88900566101,-8.49590206146,-8.39310836792,-8.57479476929,-8.45669937134,-11.0305271149],"median":[-8.51831436157,-8.24401283264,-7.9975605011,-8.03171348572,-7.94392490387,-10.7406711578],"min":[-27.6579380035,-27.8365249634,-27.5409851074,-27.5162982941,-27.3770427704,-27.3494911194],"var":[5.47239303589,4.38960886002,4.35992240906,4.51370763779,4.25065946579,3.43003988266]},"spectral_decrease":{"dmean":5.47776668469e-9,"dmean2":8.98760355028e-9,"dvar":9.97557981171e-17,"dvar2":2.63962703768e-16,"max":1.0356315127e-28,"mean":-7.56489981768e-9,"median":-3.65735042251e-9,"min":-6.38230588379e-8,"var":1.11591746831e-16},"spectral_energy":{"dmean":0.0213019773364,"dmean2":0.0348626002669,"dvar":0.00146608101204,"dvar2":0.00386724085547,"max":0.243479162455,"mean":0.0297223050147,"median":0.0147596923634,"min":1.02729951342e-20,"var":0.00166343851015},"spectral_energyband_high":{"dmean":0.000381167512387,"dmean2":0.00058539560996,"dvar":6.14778343788e-7,"dvar2":0.00000122665585423,"max":0.0231150127947,"mean":0.000428371102316,"median":0.0000874918187037,"min":7.18170728619e-21,"var":9.91029878605e-7},"spectral_energyband_low":{"dmean":0.0156804267317,"dmean2":0.0264039505273,"dvar":0.00120917684399,"dvar2":0.00326157407835,"max":0.238947361708,"mean":0.0196004603058,"median":0.00186929677147,"min":2.20441231953e-23,"var":0.00121226732153},"spectral_energyband_middle_high":{"dmean":0.00294520356692,"dmean2":0.00434199534357,"dvar":0.0000340972546837,"dvar2":0.000071359310823,"max":0.102880448103,"mean":0.00444308901206,"median":0.00154294585809,"min":1.38623373955e-21,"var":0.0000688586587785},"spectral_energyband_middle_low":{"dmean":0.00582693237811,"dmean2":0.00976428668946,"dvar":0.000157675793162,"dvar2":0.000394729082473,"max":0.124500773847,"mean":0.00582861760631,"median":0.00108169042505,"min":1.80147330786e-22,"var":0.000156525755301},"spectral_entropy":{"dmean":0.406272381544,"dmean2":0.607842683792,"dvar":0.30103173852,"dvar2":0.594247043133,"max":9.81788158417,"mean":7.43659162521,"median":7.65128850937,"min":3.40391612053,"var":0.683280229568},"spectral_flux":{"dmean":0.0459846518934,"dmean2":0.0687923133373,"dvar":0.00387324928306,"dvar2":0.00793921202421,"max":0.464075893164,"mean":0.0997727140784,"median":0.0728939548135,"min":6.48891010369e-11,"var":0.00809494033456},"spectral_kurtosis":{"dmean":4.49596691132,"dmean2":7.28831291199,"dvar":150.244689941,"dvar2":313.461090088,"max":398.348388672,"mean":7.47115945816,"median":4.82306098938,"min":-1.25941240788,"var":274.327880859},"spectral_rms":{"dmean":0.00162190117408,"dmean2":0.00247559091076,"dvar":0.00000488403884447,"dvar2":0.0000120808799693,"max":0.0154123539105,"mean":0.00426371302456,"median":0.00379469362088,"min":3.1658228556e-12,"var":0.0000108180502139},"spectral_rolloff":{"dmean":935.151123047,"dmean2":1573.17980957,"dvar":3433768.25,"dvar2":7159256,"max":19552.1484375,"mean":1766.12280273,"median":904.39453125,"min":21.533203125,"var":6367249},"spectral_skewness":{"dmean":0.496143221855,"dmean2":0.771760880947,"dvar":0.63246524334,"dvar2":1.33332204819,"max":17.0022964478,"mean":1.78128576279,"median":1.61148476601,"min":-0.278759419918,"var":1.31533491611},"spectral_spread":{"dmean":1210636.625,"dmean2":1813242.5,"dvar":2290394857470,"dvar2":4558575632380,"max":42457288,"mean":4485129.5,"median":3822423,"min":247840.484375,"var":7147239243780},"spectral_strongpeak":{"dmean":0.402749806643,"dmean2":0.661571860313,"dvar":0.520168244839,"dvar2":1.26433312893,"max":18.4412937164,"mean":0.6393840909,"median":0.395662665367,"min":0,"var":0.799817919731},"zerocrossingrate":{"dmean":0.0200631022453,"dmean2":0.024212392047,"dvar":0.000880567939021,"dvar2":0.0011255677091,"max":0.52197265625,"mean":0.0623809807003,"median":0.044921875,"min":0.0009765625,"var":0.00395830348134}},"metadata":{"audio_properties":{"analysis_sample_rate":44100,"bit_rate":238252,"codec":"mp3","downmix":"mix","equal_loudness":0,"length":215.457962036,"lossless":false,"md5_encoded":"e6d9466c1578284f385d8099144309dc","replay_gain":-13.2512664795,"sample_rate":44100},"tags":{"album":["The Art of Storytelling"],"albumartist":["Slick Rick"],"albumartistsort":["Slick Rick"],"artist":["Slick Rick"],"artistsort":["Slick Rick feat. Fresh, Doug E."],"asin":["B00000IFWN"],"barcode":["731455893922"],"catalognumber":["314 558 939-2"],"date":["1999-05-25"],"discnumber":["1/1"],"file_name":"22 Slick Rick - The Art of Storytelling - We Turn It On (feat. Doug E. Fresh).mp3","label":["Def Jam Recordings"],"media":["CD"],"musicbrainz album release country":["US"],"musicbrainz album status":["official"],"musicbrainz album type":["album"],"musicbrainz_albumartistid":["486af4f0-a79b-468f-be73-527cd4caf6ea"],"musicbrainz_albumid":["8f5658c1-e500-47cb-a05e-61316ddf0059"],"musicbrainz_artistid":["486af4f0-a79b-468f-be73-527cd4caf6ea","029c683d-4e0f-4264-a563-ca7743b33b07"],"musicbrainz_recordingid":["e4331ad5-eda3-47ad-8470-f45cd69861e5"],"musicbrainz_releasegroupid":["8eeb7018-8073-3d2b-8db5-bbcdbe0f73c3"],"originaldate":["1999-05-25"],"script":["Latn"],"title":["We Turn It On (feat. Doug E. Fresh)"],"tracknumber":["22/24"]},"version":{"essentia":"2.1-beta2","essentia_build_sha":"2d9f1f26377add8aeb1075a9c2973f962c4f09fd","essentia_git_sha":"v2.1_beta2-1-ge3940c0","extractor":"music 1.0"}},"rhythm":{"beats_count":362,"beats_loudness":{"dmean":0.0290089994669,"dmean2":0.0488305352628,"dvar":0.00077796948608,"dvar2":0.00215184967965,"max":0.178542882204,"mean":0.0398823991418,"median":0.035027526319,"min":1.7354453985e-10,"var":0.00102045247331},"beats_loudness_band_ratio":{"dmean":[0.26478984952,0.118240199983,0.0893514752388,0.130692213774,0.072505556047,0.0576539039612],"dmean2":[0.473281890154,0.224626049399,0.15788269043,0.223058193