{"lowlevel":{"average_loudness":0.860268294811,"barkbands":{"dmean":[0.00205815094523,0.00342138670385,0.00184570485726,0.00145562668331,0.00338197499514,0.00188974570483,0.000459215138108,0.000585196423344,0.000676134368405,0.000502177223098,0.00026498810621,0.000245913048275,0.000121740740724,0.000164978569956,0.000094658244052,0.0000278448842437,0.000019973702365,0.0000180590413947,0.0000167088655871,0.0000127375888042,0.00000639353675069,0.00000336270977641,0.00000194958374777,0.00000160337037869,0.00000141923067076,0.00000152172901835,0.00000711197026249],"dmean2":[0.00328832934611,0.00564355496317,0.00314640882425,0.00236929021776,0.00530431140214,0.00294324872084,0.000723664881662,0.000912471790798,0.00103910139296,0.000758413865697,0.00041935549234,0.000381857156754,0.00019500531198,0.00025470831315,0.000147557642777,0.0000403018966608,0.0000290663538181,0.0000255018185271,0.0000229461129493,0.0000184112122952,0.00000949809054873,0.00000520910316482,0.00000317711487696,0.00000268248027169,0.0000024191419925,0.00000253434950537,0.00000961656496656],"dvar":[0.0000247127409239,0.0000379094126401,0.0000105976077975,0.00000892327716429,0.0000444979050371,0.0000252572954196,0.00000198150110009,0.00000305639014186,0.00000547234503756,0.00000369565691472,0.00000101549676401,4.10011182339e-7,6.6225211981e-8,1.2574129471e-7,4.78616435373e-8,3.36102745635e-9,1.75833125837e-9,1.40535461046e-9,2.40620079417e-9,3.23395665802e-9,9.43198519288e-10,4.29937578594e-11,1.41406617318e-11,1.01271152922e-11,9.05316360073e-12,9.10913185159e-12,1.93120186509e-10],"dvar2":[0.0000571909695282,0.0000971148911049,0.0000290144143946,0.0000212747963815,0.0000952730624704,0.0000543239912076,0.00000454051814813,0.00000698389385434,0.0000131140104713,0.00000876907142811,0.00000253821644947,8.13104747976e-7,1.64967630667e-7,2.83158868797e-7,1.2154794149e-7,7.15601800039e-9,3.6317617802e-9,2.73429034969e-9,4.24195256699e-9,6.78666989273e-9,1.99952809865e-9,9.2889966552e-11,3.46503381543e-11,2.66213353445e-11,2.38982254125e-11,2.37552807286e-11,3.30764693413e-10],"max":[0.0833752527833,0.0728299170732,0.074165686965,0.0654463842511,0.121010601521,0.118381530046,0.0286322068423,0.0506014302373,0.0682709589601,0.0659586936235,0.029751861468,0.0203330665827,0.00431257300079,0.00697746593505,0.00613630004227,0.00111940666102,0.000514602172188,0.000458271446405,0.00209272420034,0.00183912960347,0.00150651414879,0.000159282659297,0.0000828798656585,0.0000495809690619,0.0000479631598864,0.0000473823456559,0.000403413519962],"mean":[0.00289410236292,0.00582115119323,0.00267334817909,0.0022678268142,0.00577043090016,0.00301393377595,0.000689479114953,0.000847567338496,0.000986847677268,0.000678754528053,0.000339042569976,0.000374940631445,0.000176965084393,0.000255500111962,0.000137938332045,0.0000380977871828,0.0000270399577857,0.0000242184905801,0.0000225509029406,0.0000172319596459,0.00000890278988663,0.0000048497181524,0.00000229959505305,0.00000167048381172,0.0000012796909914,0.00000161936713994,0.0000128234178192],"median":[0.000436868402176,0.00284850993194,0.00108714355156,0.000685339851771,0.00213459436782,0.00045560428407,0.000110641281935,0.000111943416414,0.0000981997436611,0.0000690942470101,0.0000445327023044,0.0000817374384496,0.0000523975541,0.0000641439692117,0.0000410210195696,0.0000112558100227,0.00000740431505619,0.00000620977925792,0.00000528324972038,0.00000347246054844,0.00000241615339291,0.00000181938082733,9.24318328543e-7,5.69853000343e-7,2.80270569419e-7,5.88356556364e-7,0.0000043332529458],"min":[8.13586147921e-26,2.04614228837e-24,7.70533349114e-25,4.93296861444e-25,1.32076393897e-23,6.18749637999e-24,7.92773813083e-24,6.28112115323e-24,6.1968274212e-24,1.44007063119e-23,1.11415038162e-23,1.51559838307e-23,9.97041534767e-24,2.61957829658e-23,2.7329549636e-23,6.5425157362e-23,7.65852356971e-23,9.98037219224e-23,1.22041388985e-22,1.68990086039e-22,2.50115380329e-22,2.66472266048e-22,3.9639205307e-22,4.46543739969e-22,9.26536797907e-22,1.3209250433e-21,1.79774579493e-21],"var":[0.0000427527556894,0.0000634466196061,0.0000198823236133,0.0000217571287067,0.00010347503121,0.0000614645323367,0.00000412702729591,0.00000716241538612,0.0000103573638626,0.00000626910332358,0.00000155520649514,0.00000102809019609,1.12904942284e-7,2.65837002189e-7,8.83373445504e-8,5.37393507472e-9,2.90775048484e-9,2.38095809735e-9,4.33780478204e-9,5.41208633464e-9,1.47611922685e-9,8.93137577784e-11,1.74766884992e-11,1.04598994397e-11,8.55946650363e-12,9.51718651804e-12,5.03239672156e-10]},"barkbands_crest":{"dmean":2.80797338486,"dmean2":4.64757966995,"dvar":5.91055727005,"dvar2":15.7681932449,"max":24.6704750061,"mean":11.6229887009,"median":10.9758872986,"min":3.00848150253,"var":16.1017189026},"barkbands_flatness_db":{"dmean":0.0355645604432,"dmean2":0.056511502713,"dvar":0.00096399494214,"dvar2":0.00242600520141,"max":0.493684589863,"mean":0.210318446159,"median":0.210583180189,"min":0.0276333261281,"var":0.00404394278303},"barkbands_kurtosis":{"dmean":7.02306747437,"dmean2":11.4184179306,"dvar":115.640647888,"dvar2":301.16897583,"max":225.746322632,"mean":12.8863611221,"median":7.07419586182,"min":-1.85404825211,"var":345.019348145},"barkbands_skewness":{"dmean":0.736368536949,"dmean2":1.17219567299,"dvar":0.526452600956,"dvar2":1.30773103237,"max":10.6983556747,"mean":2.28719949722,"median":2.0361225605,"min":-2.64717388153,"var":3.02251720428},"barkbands_spread":{"dmean":3.3287820816,"dmean2":5.13760566711,"dvar":22.363576889,"dvar2":53.7814559937,"max":127.842590332,"mean":9.98247337341,"median":6.94791793823,"min":0.453236937523,"var":136.061569214},"dissonance":{"dmean":0.0236037001014,"dmean2":0.0400892980397,"dvar":0.000553134712391,"dvar2":0.0015355712967,"max":0.500000119209,"mean":0.457447826862,"median":0.467501878738,"min":0.246201127768,"var":0.00126249354798},"dynamic_complexity":5.99243879318,"erbbands":{"dmean":[0.175069957972,0.551970005035,1.79885959625,3.47632837296,7.12980508804,13.4499530792,16.6455135345,15.8687343597,6.68396711349,8.74020862579,13.1116857529,15.9238157272,15.2968254089,12.9438447952,9.45088672638,9.75814723969,5.59514665604,6.19490337372,7.80157852173,2.35063314438,1.37487196922,1.11746871471,1.05592906475,0.819505095482,0.818589925766,0.593646585941,0.346979618073,0.197761669755,0.129429996014,0.0806078836322,0.0526844039559,0.0367471203208,0.0251292642206,0.0160718690604,0.0100011369213,0.00564098823816,0.00289301527664,0.0013684942387,0.000689285399858,0.000141627344419],"dmean2":[0.289128601551,0.908672690392,3.03158998489,5.74711847305,11.3595323563,21.0451259613,26.2507476807,24.6648159027,10.2998018265,13.7332496643,20.2715625763,24.2165260315,23.4317932129,19.428068161,14.5138235092,15.0279970169,8.85685443878,9.61380672455,11.8300361633,3.46786522865,1.94670438766,1.59920144081,1.48377656937,1.16426610947,1.14935421944,0.855266809464,0.520232975483,0.293485343456,0.2001324296,0.128171503544,0.0861957222223,0.0611062981188,0.0422903485596,0.0273833107203,0.0170434229076,0.00957182887942,0.00479525607079,0.00214679702185,0.000964818755165,0.000183271229616],"dvar":[0.136763826013,0.797818601131,10.1402378082,46.3770446777,198.505966187,933.030761719,1669.0246582,2423.83056641,440.644256592,679.537719727,1945.92089844,3656.70678711,3926.55859375,1948.13037109,1049.1348877,681.71105957,134.058319092,164.112960815,309.009368896,18.9912815094,7.90605783463,5.5530424118,5.02658891678,4.76040172577,7.32733488083,6.40501117706,4.35968065262,0.352057993412,0.0712428689003,0.0212070755661,0.0103777414188,0.00519183976576,0.00255002803169,0.00115785305388,0.000449418352218,0.000138166069519,0.000032097017538,0.00000652442258797,0.00000612532494415,5.78736347734e-8],"dvar2":[0.350739717484,2.03891968727,27.7543563843,111.199935913,480.005249023,2007.36865234,3799.29003906,5062.36474609,912.333862305,1627.73974609,4603.16162109,8964.03222656,9626.89257812,4251.58007812,2204.92016602,1326.54296875,327.473297119,365.690612793,712.661682129,41.7742843628,15.946064949,11.1339559555,9.8145198822,9.91678524017,13.2709035873,12.4614057541,10.2384901047,0.584623754025,0.150720566511,0.0494996197522,0.025832477957,0.013548634015,0.00670626852661,0.00305516598746,0.00118624535389,0.000364390434697,0.0000834554593894,0.0000143591569213,0.0000115945294965,9.45922948858e-8],"max":[5.06686878204,13.6305303574,76.8280639648,168.048828125,315.056121826,706.784179688,812.094848633,1516.23852539,736.636474609,481.748626709,1379.45507812,1870.69274902,2247.09570312,1347.21875,1138.32067871,1058.08532715,188.331130981,265.944274902,447.409393311,75.4650497437,45.3769645691,30.8941478729,27.3267116547,93.1645812988,75.4715957642,86.681427002,103.611099243,19.8263072968,7.32305765152,2.44553613663,2.27890205383,1.14459550381,0.796267271042,0.542169570923,0.33784916997,0.186659798026,0.0889844447374,0.0485257580876,0.0999102219939,0.00471978494897],"mean":[0.286134302616,0.894295334816,2.74277615547,5.88285684586,11.7790250778,21.1765556335,24.7959098816,25.2469272614,11.3036394119,13.1042575836,19.9509372711,23.0407028198,21.346944809,18.6982803345,13.9786920547,15.6027832031,8.97375106812,10.1064586639,12.6811609268,3.812489748,1.96122813225,1.53811371326,1.42205607891,1.13137447834,1.11919856071,0.814199924469,0.470526993275,0.289100319147,0.187296912074,0.106775343418,0.0608893111348,0.0396631136537,0.0252665393054,0.0146863758564,0.00905167404562,0.00538438744843,0.00316429883242,0.00188812997658,0.00106131692883,0.000291101780022],"median":[0.0898282900453,0.488120466471,1.29466032982,2.52083444595,4.09508752823,6.70409202576,5.2408041954,3.58995461464,1.89017391205,2.04205179214,2.52478885651,2.33770847321,2.34194350243,2.18049240112,2.34090042114,3.51716279984,2.74147391319,2.92630243301,3.31407546997,1.36606502533,0.580565333366,0.421220004559,0.36829662323,0.301899075508,0.236840710044,0.167697221041,0.109841823578,0.0881489366293,0.0683663636446,0.0421871989965,0.0237680599093,0.0146010816097,0.00786095485091,0.0034981588833,0.00201609684154,0.00153331493493,0.0011827100534,0.000743839831557,0.000318608072121,0.000125112186652],"min":[7.38704813323e-23,7.11682086403e-22,1.68059583581e-21,5.33074324327e-21,8.23388021756e-21,2.95530177868e-20,2.73822858331e-20,7.30303093292e-20,9.37131398278e-20,1.55405484834e-19,2.86724530055e-19,1.58944396139e-19,3.39098116773e-19,5.53171399477e-19,7.42275795951e-19,1.30352683716e-18,8.29651349344e-19,1.42708611398e-18,2.70063944125e-18,3.07580431294e-18,3.83732394886e-18,4.99784759492e-18,4.42661444828e-18,5.20845191478e-18,8.17683007478e-18,8.18995081365e-18,8.4233307245e-18,9.8748250772e-18,9.36499230665e-18,1.20664376286e-17,1.065565876e-17,9.72907502608e-18,8.89476742537e-18,8.56864733297e-18,6.8556150142e-18,3.91255561198e-18,2.27519315526e-18,9.67871627039e-19,2.58732893222e-19,2.55272476834e-20],"var":[0.219301626086,1.39335298538,19.2107086182,114.885696411,423.768463135,2055.92163086,3041.67358398,5833.90136719,1137.44262695,1266.00646973,4114.85644531,6259.92822266,5549.67871094,4078.8503418,2267.4909668,1816.07495117,263.34564209,347.398895264,696.250854492,38.1723327637,13.5248985291,9.46376419067,8.39890766144,7.1153883934,13.3997850418,11.661283493,5.63157463074,0.824931919575,0.150315448642,0.0337648019195,0.0122864060104,0.00551225012168,0.00257987109944,0.00109798868652,0.000425384321716,0.000133486100822,0.0000344521176885,0.0000117886738735,0.0000121410921565,1.676237531e-7]},"erbbands_crest":{"dmean":2.83028364182,"dmean2":4.66994667053,"dvar":6.56148719788,"dvar2":17.1572113037,"max":29.2558040619,"mean":9.45441055298,"median":8.71963500977,"min":2.26369476318,"var":17.9711170197},"erbbands_flatness_db":{"dmean":0.0310130249709,"dmean2":0.0493254847825,"dvar":0.000685994687956,"dvar2":0.00179318687879,"max":0.369399368763,"mean":0.18361569941,"median":0.183862656355,"min":0.0377288274467,"var":0.00289165251888},"erbbands_kurtosis":{"dmean":1.33267247677,"dmean2":2.17336535454,"dvar":3.29744434357,"dvar2":8.2332868576,"max":25.2385196686,"mean":1.05149710178,"median":0.123065114021,"min":-1.80184161663,"var":7.8671412468},"erbbands_skewness":{"dmean":0.459767401218,"dmean2":0.716672122478,"dvar":0.160105183721,"dvar2":0.377639979124,"max":4.32673835754,"mean":0.449914604425,"median":0.429358184338,"min":-3.62624192238,"var":0.906466722488},"erbbands_spread":{"dmean":6.30926322937,"dmean2":9.84186553955,"dvar":36.7964134216,"dvar2":86.4860687256,"max":113.077224731,"mean":27.796957016,"median":26.135974884,"min":2.82814145088,"var":211.639968872},"gfcc":{"cov":[[44319.3398438,5979.26513672,-2666.59692383,-563.09185791,-586.736633301,-504.823822021,-392.54006958,-779.094482422,-543.074951172,-196.619873047,-238.938079834,-379.968841553,-6.81050920486],[5979.26513672,1930.15661621,-291.317230225,-281.755157471,6.97884702682,-88.92137146,6.55368614197,-288.796875,2.41490960121,-59.6863555908,14.1522903442,-83.2559204102,-14.3675441742],[-2666.59692383,-291.317230225,562.628051758,117.530784607,-79.0195007324,133.811279297,-67.015083313,134.251831055,-10.7307739258,95.9822387695,2.55764698982,9.67636489868,7.8947892189],[-563.09185791,-281.755157471,117.530784607,334.48614502,127.253890991,-7.1656498909,22.4878444672,40.7843132019,4.55468606949,-0.404057264328,-15.2946653366,15.0901384354,-40.6708145142],[-586.736633301,6.97884702682,-79.0195007324,127.253890991,345.939819336,90.0976409912,122.901130676,-57.3417320251,13.4353981018,-73.0199890137,22.139787674,9.26997375488,-3.65000700951],[-504.823822021,-88.92137146,133.811279297,-7.1656498909,90.0976409912,370.779785156,31.4910469055,78.1772537231,-89.4410171509,-3.25709700584,-14.6441164017,31.1453762054,28.6082057953],[-392.54006958,6.55368614197,-67.015083313,22.4878444672,122.901130676,31.4910469055,192.373077393,-19.4830150604,21.4362277985,-66.5012130737,-10.2848796844,7.99206256866,2.81930494308],[-779.094482422,-288.796875,134.251831055,40.7843132019,-57.3417320251,78.1772537231,-19.4830150604,175.487228394,14.1699438095,52.5837173462,7.51192903519,20.1191272736,15.142993927],[-543.074951172,2.41490960121,-10.7307739258,4.55468606949,13.4353981018,-89.4410171509,21.4362277985,14.1699438095,125.054840088,57.1368331909,42.454246521,9.67068958282,-10.2019672394],[-196.619873047,-59.6863555908,95.9822387695,-0.404057264328,-73.0199890137,-3.25709700584,-66.5012130737,52.5837173462,57.1368331909,128.793106079,60.8383903503,9.62207508087,4.82469892502],[-238.938079834,14.1522903442,2.55764698982,-15.2946653366,22.139787674,-14.6441164017,-10.2848796844,7.51192903519,42.454246521,60.8383903503,84.1574172974,36.2087211609,9.28835678101],[-379.968841553,-83.2559204102,9.67636489868,15.0901384354,9.26997375488,31.1453762054,7.99206256866,20.1191272736,9.67068958282,9.62207508087,36.2087211609,67.580619812,26.6878681183],[-6.81050920486,-14.3675441742,7.8947892189,-40.6708145142,-3.65000700951,28.6082057953,2.81930494308,15.142993927,-10.2019672394,4.82469892502,9.28835678101,26.6878681183,66.5433654785]],"icov":[[0.000140212330734,-0.00048576577683,0.000842378125526,-0.000517728738487,0.00021472631488,0.0000937712175073,-0.00000503045748701,-0.000429480627645,0.00106636295095,-0.00111512024887,0.000652949674986,0.0000110216624307,-0.000288715702482],[-0.00048576577683,0.00260981521569,-0.0026664682664,0.00103733327705,0.00101959030144,-0.00192366121337,0.000508416793309,0.00344369490631,-0.00588067807257,0.00702915014699,-0.00597369158641,0.00351220415905,-0.000444131175755],[0.000842378125526,-0.0026664682664,0.00820922572166,-0.00603358261287,0.00441759591922,-0.00244031939656,0.000737943453714,-0.00210948241875,0.00379293947481,-0.00417245551944,-0.00018833114882,0.00454152794555,-0.00432201940566],[-0.000517728738487,0.00103733327705,-0.00603358261287,0.0183647163212,-0.0192624088377,0.013963107951,-0.00374805787578,-0.00648109568283,0.0147639298812,-0.0250205975026,0.0302495863289,-0.0280772522092,0.017801227048],[0.00021472631488,0.00101959030144,0.00441759591922,-0.0192624088377,0.0286860652268,-0.020446177572,0.00382335297763,0.0116180982441,-0.0255794543773,0.0414803512394,-0.0461528934538,0.0382118858397,-0.020309491083],[0.0000937712175073,-0.00192366121337,-0.00244031939656,0.013963107951,-0.020446177572,0.02023611404,-0.00575962290168,-0.0111976517364,0.0261111501604,-0.0355776660144,0.036855917424,-0.0316675305367,0.0155275920406],[-0.00000503045748701,0.000508416793309,0.000737943453714,-0.00374805787578,0.00382335297763,-0.00575962290168,0.0103498222306,0.00222400110215,-0.011013395153,0.015572136268,-0.0106139266863,0.00873893778771,-0.00536865647882],[-0.000429480627645,0.00344369490631,-0.00210948241875,-0.00648109568283,0.0116180982441,-0.0111976517364,0.00222400110215,0.0169948283583,-0.0174321383238,0.0195088293403,-0.020380647853,0.0160992015153,-0.00922066252679],[0.00106636295095,-0.00588067807257,0.00379293947481,0.0147639298812,-0.0255794543773,0.0261111501604,-0.011013395153,-0.0174321383238,0.0537134595215,-0.0622022859752,0.0517091266811,-0.0422168821096,0.0216765515506],[-0.00111512024887,0.00702915014699,-0.00417245551944,-0.0250205975026,0.0414803512394,-0.0355776660144,0.015572136268,0.0195088293403,-0.0622022859752,0.104011870921,-0.0960816890001,0.0701201483607,-0.0327110923827],[0.000652949674986,-0.00597369158641,-0.00018833114882,0.0302495863289,-0.0461528934538,0.036855917424,-0.0106139266863,-0.020380647853,0.0517091266811,-0.0960816890001,0.11444798857,-0.0831004679203,0.0362459905446],[0.0000110216624307,0.00351220415905,0.00454152794555,-0.0280772522092,0.0382118858397,-0.0316675305367,0.00873893778771,0.0160992015153,-0.0422168821096,0.0701201483607,-0.0831004679203,0.0843311995268,-0.0390422418714],[-0.000288715702482,-0.000444131175755,-0.00432201940566,0.017801227048,-0.020309491083,0.0155275920406,-0.00536865647882,-0.00922066252679,0.0216765515506,-0.0327110923827,0.0362459905446,-0.0390422418714,0.0371251963079]],"mean":[-133.628768921,137.273651123,-78.3962173462,4.34829139709,-21.4820613861,1.39282155037,-16.1000499725,-15.6288347244,-13.2131986618,-3.27934837341,-8.63589000702,-3.29023265839,-8.04887866974]},"hfc":{"dmean":3.06852889061,"dmean2":4.23834466934,"dvar":21.5832920074,"dvar2":40.7688026428,"max":81.4894561768,"mean":8.25037956238,"median":4.41315937042,"min":1.08264885964e-16,"var":99.7389068604},"melbands":{"dmean":[0.00126561406069,0.000797465851065,0.000659667653963,0.000706013350282,0.00058862392325,0.000342972169165,0.00010031034617,0.000102847261587,0.000109212851385,0.000100894125353,0.0000781884155003,0.000055800897826,0.0000338334502885,0.00002848134136,0.0000202425289899,0.0000102327849163,0.0000128247074827,0.0000149950192281,0.000005151564892,0.00000224398309001,0.00000151610868215,0.0000011960402162,0.00000107964274321,8.44771420816e-7,6.61964804749e-7,6.7047255925e-7,5.24451877482e-7,3.78369435339e-7,2.4243217922e-7,1.53507500045e-7,1.05973867903e-7,7.94559298356e-8,5.81046677439e-8,4.08938092278e-8,3.15546415663e-8,2.53956820018e-8,2.14762412298e-8,1.82742372346e-8,1.49905883262e-8,1.30918884622e-8],"dmean2":[0.00204762909561,0.00132843013853,0.00107243831735,0.00111115607433,0.00092269864399,0.000532435660716,0.00015613141295,0.000161925243447,0.000166741010617,0.000154445937369,0.000119990676467,0.0000841019718791,0.0000529082608409,0.0000437909111497,0.0000317439007631,0.0000164080665854,0.0000201678740268,0.0000228919034271,0.00000789968999015,0.00000334376181854,0.0000021939852104,0.00000176247112904,0.00000154984968503,0.00000121253708585,9.74386352937e-7,9.46749594277e-7,7.72230123403e-7,5.48515174614e-7,3.68645402204e-7,2.31606932743e-7,1.62476609944e-7,1.24011535263e-7,9.2718167366e-8,6.55539409422e-8,5.16995619648e-8,4.23505817082e-8,3.59013050399e-8,3.06831715591e-8,2.55127279303e-8,2.23119300813e-8],"dvar":[0.00000646701255391,0.00000169292502505,0.00000139094186125,0.00000223027950597,0.00000181651876119,0.00000102805574898,9.70865130512e-8,8.86183570969e-8,1.42928826108e-7,1.47357724245e-7,1.05411636753e-7,3.61664227455e-8,1.35727180606e-8,6.11113115667e-9,2.16810125409e-9,4.84146778224e-10,7.76355424392e-10,1.15655518496e-9,1.18241458291e-10,2.14665975967e-11,1.00403687101e-11,6.69343963935e-12,5.21307910034e-12,3.27047525346e-12,3.80128524144e-12,4.47698171938e-12,5.45338080249e-12,2.96155634738e-12,2.58480194713e-12,3.92968345581e-13,8.38442406866e-14,2.84611743895e-14,1.29559194997e-14,5.80825484415e-15,3.77273726311e-15,2.60325411943e-15,1.74995461068e-15,1.3090153046e-15,9.90370721325e-16,7.70271327563e-16],"dvar2":[0.0000161155730893,0.00000458035492557,0.00000335097388415,0.00000497786686537,0.00000396014547732,0.00000214455326386,2.0767181752e-7,2.04779382784e-7,3.30916748226e-7,3.63688457128e-7,2.59814157744e-7,7.74187398633e-8,3.2135222483e-8,1.21221894744e-8,4.70939243158e-9,1.21970455957e-9,1.77270043089e-9,2.64009480944e-9,2.91427715293e-10,4.7352732846e-11,2.08890595793e-11,1.42403484837e-11,1.06220292978e-11,6.58115489188e-12,8.55440891734e-12,8.25683445227e-12,1.1905429767e-11,5.6120997606e-12,6.3610588151e-12,7.12280278162e-13,1.57151418614e-13,6.21486098262e-14,3.17558987732e-14,1.35584623159e-14,9.33028729554e-15,6.6255374532e-15,4.5995176526e-15,3.43149204086e-15,2.61214923593e-15,2.0331103134e-15],"max":[0.036077208817,0.0279990062118,0.0238738134503,0.032573480159,0.0267300382257,0.0291864387691,0.0100486734882,0.00635626679286,0.0137836588547,0.0110893631354,0.0115996813402,0.00604688795283,0.00293127237819,0.00218683993444,0.00143304816447,0.00043493785779,0.000598707643803,0.000869753304869,0.000235686995438,0.0000919837038964,0.0000440475851065,0.0000354693402187,0.0000320269646181,0.0000249655167863,0.0000877492930158,0.0000631189250271,0.0000968293679762,0.0000755363653298,0.0000826860123198,0.0000232916299865,0.00000803563034424,0.0000039976048356,0.00000274078433904,0.00000132041145662,0.00000144614841702,0.0000011679162526,6.74736156725e-7,5.66360597531e-7,4.99910299823e-7,4.42571746362e-7],"mean":[0.0022055064328,0.00132819463033,0.0011735225562,0.00118849775754,0.000927490124013,0.000553038378712,0.000164693949046,0.000153932647663,0.000163366115885,0.000143606142956,0.00010586874123,0.0000783473587944,0.0000462280804641,0.0000429317733506,0.0000315478027915,0.0000152393740791,0.0000196367982426,0.0000236779196712,0.00000778388948675,0.00000315126317219,0.00000204352409128,0.00000156403200435,0.00000145766341575,0.00000110659550501,8.81822586507e-7,8.77967181623e-7,6.95955975516e-7,5.0447687272e-7,3.13262034979e-7,2.12828766166e-7,1.51118101144e-7,1.11573996264e-7,7.82903128993e-8,5.13776363675e-8,3.60767984375e-8,2.7875861619e-8,2.26551897242e-8,1.86195574514e-8,1.39427775991e-8,1.18082601475e-8],"median":[0.000896316836588,0.000745131692383,0.000536320148967,0.000431747466791,0.000221995054744,0.0000785148877185,0.0000270430791716,0.0000235598854488,0.0000196861910808,0.0000134193796839,0.0000109682023322,0.00000837316747493,0.00000681028814142,0.00000923288280319,0.00000723042467143,0.00000524110419065,0.00000518442584507,0.00000561120941711,0.0000025258682399,0.00000103468755697,5.53296786165e-7,3.99495206693e-7,3.95768097405e-7,2.85580597392e-7,2.3419362094e-7,1.83929486752e-7,1.36499721748e-7,1.00179278206e-7,6.69049313728e-8,5.59860495741e-8,4.69387089197e-8,3.9444138622e-8,2.94015123359e-8,2.0019182756e-8,1.38070390676e-8,1.07400390803e-8,7.76446285045e-9,5.71351677081e-9,3.5891623007e-9,2.59191335061e-9],"min":[1.12854026949e-24,1.48676733136e-24,1.19145567377e-24,1.39180198762e-24,7.64249578966e-25,1.52170213516e-24,1.60214139419e-24,1.08404871165e-24,1.93722130495e-24,9.37886590979e-25,1.39266125436e-24,1.59576266491e-24,1.42750386003e-24,2.45476040436e-24,3.13900671785e-24,1.74244799758e-24,2.30160148189e-24,2.11253972468e-24,2.25567873315e-24,3.3627255012e-24,3.75132114413e-24,4.39634627948e-24,3.30666786198e-24,4.28450355249e-24,3.18412029251e-24,4.09075813088e-24,5.34854675159e-24,3.83738823547e-24,4.98082476265e-24,4.42008902058e-24,5.36057688039e-24,4.76377165673e-24,5.22964845266e-24,5.47617734631e-24,4.74544168473e-24,6.50211777482e-24,5.39004793495e-24,5.25457842942e-24,6.48612914199e-24,7.07120163741e-24],"var":[0.0000112948728201,0.00000336983544003,0.00000355960082743,0.00000501849717693,0.00000367537768398,0.00000254650421994,2.3687695716e-7,1.86080555409e-7,2.76850386172e-7,2.4601516202e-7,1.4647793023e-7,7.73283801436e-8,2.60325840884e-8,1.50224952478e-8,5.02721952955e-9,7.69329600026e-10,1.52761625571e-9,2.55182786013e-9,2.27981980516e-10,3.38028841029e-11,1.60616242528e-11,1.04094692935e-11,8.71762818183e-12,5.18352505016e-12,4.89913751928e-12,7.70283576507e-12,8.05774717783e-12,5.2895561195e-12,2.95570295669e-12,7.55809748555e-13,1.84081645326e-13,5.73871462503e-14,2.03621265628e-14,8.39221355305e-15,4.48788125125e-15,2.78385022587e-15,1.84661864589e-15,1.35636762272e-15,9.45046729471e-16,7.28518532494e-16]},"melbands_crest":{"dmean":3.91151237488,"dmean2":6.49542427063,"dvar":12.2599468231,"dvar2":31.6905612946,"max":39.5434112549,"mean":17.1306934357,"median":16.1151809692,"min":1.51515102386,"var":48.0871696472},"melbands_flatness_db":{"dmean":0.0413871109486,"dmean2":0.0654093548656,"dvar":0.00128426018637,"dvar2":0.00316370883957,"max":0.606338918209,"mean":0.325206100941,"median":0.331462740898,"min":0.00299417506903,"var":0.00808122381568},"melbands_kurtosis":{"dmean":11.9705963135,"dmean2":19.6115894318,"dvar":683.645812988,"dvar2":1986.40319824,"max":862.506469727,"mean":22.7644309998,"median":11.5550899506,"min":-1.65964233875,"var":1558.00842285},"melbands_skewness":{"dmean":0.89440703392,"dmean2":1.44058477879,"dvar":1.02679288387,"dvar2":2.65482711792,"max":25.5420436859,"mean":3.1691327095,"median":2.72993135452,"min":-1.36038064957,"var":5.13965797424},"melbands_spread":{"dmean":3.76006770134,"dmean2":5.9904794693,"dvar":35.8710517883,"dvar2":94.1347885132,"max":204.197769165,"mean":12.7868671417,"median":6.71058607101,"min":0.26193895936,"var":580.593994141},"mfcc":{"cov":[[13829.4521484,3959.51806641,-648.816345215,452.800994873,-376.678894043,207.375961304,-111.894851685,-110.665145874,-225.647445679,71.0783462524,-73.4758453369,-207.967803955,-262.084686279],[3959.51806641,2661.76416016,1.94023513794,-29.7504901886,11.2219743729,210.476470947,17.7671794891,-84.6891403198,-97.6282653809,11.8216276169,30.3025283813,-84.3157272339,-75.0757598877],[-648.816345215,1.94023513794,537.479309082,-50.995426178,21.0404529572,-41.0822181702,-12.2324590683,-58.2239952087,19.6024360657,17.7272148132,47.5884399414,23.5880088806,7.00566673279],[452.800994873,-29.7504901886,-50.995426178,384.46395874,41.877822876,-6.76979923248,-41.5887794495,-2.13211584091,-9.77061843872,23.4906311035,10.765791893,11.2138710022,1.38357579708],[-376.678894043,11.2219743729,21.0404529572,41.877822876,230.83354187,104.480545044,76.15625,37.2898521423,14.9236288071,-14.975687027,9.14133167267,31.5850887299,45.4451332092],[207.375961304,210.476470947,-41.0822181702,-6.76979923248,104.480545044,217.094451904,132.894195557,66.7457351685,18.6587638855,-19.1675930023,-24.7653656006,-14.4162273407,12.1323328018],[-111.894851685,17.7671794891,-12.2324590683,-41.5887794495,76.15625,132.894195557,172.901000977,105.226509094,41.7792930603,-22.2474708557,-30.9611778259,-10.1662683487,14.0510215759],[-110.665145874,-84.6891403198,-58.2239952087,-2.13211584091,37.2898521423,66.7457351685,105.226509094,138.873184204,59.3655929565,-15.1310653687,-31.8609542847,-8.50256156921,4.83506965637],[-225.647445679,-97.6282653809,19.6024360657,-9.77061843872,14.9236288071,18.6587638855,41.7792930603,59.3655929565,78.0991287231,18.510597229,-9.67861175537,-0.870824813843,1.02261066437],[71.0783462524,11.8216276169,17.7272148132,23.4906311035,-14.975687027,-19.1675930023,-22.2474708557,-15.1310653687,18.510597229,66.7871932983,35.8786659241,13.3968381882,1.60137486458],[-73.4758453369,30.3025283813,47.5884399414,10.765791893,9.14133167267,-24.7653656006,-30.9611778259,-31.8609542847,-9.67861175537,35.8786659241,81.3137512207,42.0135498047,16.8621425629],[-207.967803955,-84.3157272339,23.5880088806,11.2138710022,31.5850887299,-14.4162273407,-10.1662683487,-8.50256156921,-0.870824813843,13.3968381882,42.0135498047,75.7857055664,43.1650047302],[-262.084686279,-75.0757598877,7.00566673279,1.38357579708,45.4451332092,12.1323328018,14.0510215759,4.83506965637,1.02261066437,1.60137486458,16.8621425629,43.1650047302,65.7298431396]],"icov":[[0.00017928298621,-0.000263257388724,0.00014718217426,-0.000227425436606,0.000302270578686,-0.0000393068003177,-0.0000275139736914,-0.0000939162637223,0.000266347342404,-0.000290793308523,0.000349343725247,-0.000275817263173,0.000308775197482],[-0.000263257388724,0.000884529843461,-0.000260749424342,0.000400476536015,-0.000394152419176,-0.000739824725315,0.00025616469793,0.000243075701292,0.000247241725447,0.000154586712597,-0.000946605810896,0.000886373396497,-0.0000304548957502],[0.00014718217426,-0.000260749424342,0.00248379260302,-0.0000402670957556,-0.000111126573756,0.000844758527819,-0.00141417759005,0.00237742741592,-0.00208812952042,0.000747246434912,-0.00114793737885,-0.000170473038452,0.000494205974974],[-0.000227425436606,0.000400476536015,-0.0000402670957556,0.00336337485351,-0.00148285552859,-0.000335259363055,0.00195245759096,-0.00137750001159,0.00102080905344,-0.00150248839054,0.000210754034924,0.0000512314582011,0.000188183737919],[0.000302270578686,-0.000394152419176,-0.000111126573756,-0.00148285552859,0.00770605867729,-0.00296164350584,-0.00115686515346,0.000557872932404,-0.000952844973654,0.00210062647238,-0.000983755802736,-0.00164771953132,-0.00247880583629],[-0.0000393068003177,-0.000739824725315,0.000844758527819,-0.000335259363055,-0.00296164350584,0.0118472762406,-0.00860030762851,0.00177610828541,-0.000152567896293,-0.000223006602027,0.000620946055278,0.00142706255428,-0.000604636850767],[-0.0000275139736914,0.00025616469793,-0.00141417759005,0.00195245759096,-0.00115686515346,-0.00860030762851,0.0203897040337,-0.0115255499259,0.0011490911711,0.0000072274174272,0.00117518764455,0.00106204173062,-0.00184806261677],[-0.0000939162637223,0.000243075701292,0.00237742741592,-0.00137750001159,0.000557872932404,0.00177610828541,-0.0115255499259,0.0221830829978,-0.0134393367916,0.0058730118908,-0.000582202163059,-0.000563032634091,0.000382358150091],[0.000266347342404,0.000247241725447,-0.00208812952042,0.00102080905344,-0.000952844973654,-0.000152567896293,0.0011490911711,-0.0134393367916,0.0284473579377,-0.0141249587759,0.00637462642044,-0.00143461406697,0.00218371464871],[-0.000290793308523,0.000154586712597,0.000747246434912,-0.00150248839054,0.00210062647238,-0.000223006602027,0.0000072274174272,0.0058730118908,-0.0141249587759,0.0280792918056,-0.013503539376,0.00222867494449,-0.00133945012931],[0.000349343725247,-0.000946605810896,-0.00114793737885,0.000210754034924,-0.000983755802736,0.000620946055278,0.00117518764455,-0.000582202163059,0.00637462642044,-0.013503539376,0.0271589159966,-0.0133466525003,0.0028141408693],[-0.000275817263173,0.000886373396497,-0.000170473038452,0.0000512314582011,-0.00164771953132,0.00142706255428,0.00106204173062,-0.000563032634091,-0.00143461406697,0.00222867494449,-0.0133466525003,0.0306900478899,-0.016142392531],[0.000308775197482,-0.0000304548957502,0.000494205974974,0.000188183737919,-0.00247880583629,-0.000604636850767,-0.00184806261677,0.000382358150091,0.00218371464871,-0.00133945012931,0.0028141408693,-0.016142392531,0.0284234043211]],"mean":[-771.94909668,183.207717896,5.94346952438,20.216135025,10.1427774429,19.9042186737,5.55210399628,0.12339861691,-3.62112998962,2.53821754456,0.769286930561,-4.42413473129,-4.10236787796]},"pitch_salience":{"dmean":0.0869303718209,"dmean2":0.14361256361,"dvar":0.00588741432875,"dvar2":0.0159509517252,"max":0.887136340141,"mean":0.556500136852,"median":0.574696540833,"min":0.0405577607453,"var":0.0195800326765},"silence_rate_20dB":{"dmean":0,"dmean2":0,"dvar":0,"dvar2":0,"max":1,"mean":1,"median":1,"min":1,"var":0},"silence_rate_30dB":{"dmean":0.0164639856666,"dmean2":0.0329341329634,"dvar":0.016193933785,"dvar2":0.0404563173652,"max":1,"mean":0.985596716404,"median":1,"min":0,"var":0.0141950594261},"silence_rate_60dB":{"dmean":0.0366697832942,"dmean2":0.0733532905579,"dvar":0.0353236347437,"dvar2":0.0769519507885,"max":1,"mean":0.15862326324,"median":0,"min":0,"var":0.133456423879},"spectral_centroid":{"dmean":144.17427063,"dmean2":215.449951172,"dvar":61576.125,"dvar2":115583.257812,"max":11703.3261719,"mean":838.638671875,"median":464.501251221,"min":137.280258179,"var":2795868.25},"spectral_complexity":{"dmean":2.64770817757,"dmean2":3.90755987167,"dvar":9.54021644592,"dvar2":17.3870716095,"max":32,"mean":9.61803245544,"median":8,"min":0,"var":44.5696678162},"spectral_contrast_coeffs":{"dmean":[0.0532255396247,0.0474885106087,0.0359139665961,0.0281660538167,0.0253293327987,0.0368088744581],"dmean2":[0.0871419683099,0.0793435499072,0.0593341626227,0.0457622781396,0.040544051677,0.0598771572113],"dvar":[0.00194812612608,0.00151959341019,0.00092186301481,0.000542368448805,0.000482948555145,0.00136855337769],"dvar2":[0.00516678951681,0.00412155780941,0.00236040866002,0.00138749915641,0.00121118105017,0.00336516974494],"max":[-0.316334664822,-0.439148843288,-0.547209084034,-0.631851911545,-0.726611077785,-0.526038169861],"mean":[-0.669782698154,-0.779143869877,-0.821775436401,-0.823839604855,-0.859506249428,-0.806932508945],"median":[-0.66496437788,-0.785726606846,-0.8332259655,-0.828568935394,-0.854289889336,-0.821301996708],"min":[-0.981992185116,-0.977747321129,-0.97833865881,-0.971323788166,-0.967733383179,-0.964615225792],"var":[0.0114748841152,0.0065983152017,0.00448221107945,0.00286093610339,0.0017198381247,0.00377575471066]},"spectral_contrast_valleys":{"dmean":[0.390751808882,0.416411906481,0.39086586237,0.349265694618,0.491837620735,0.79791790247],"dmean2":[0.639474213123,0.657656013966,0.60511302948,0.511442899704,0.721614420414,1.29188358784],"dvar":[0.142764091492,0.159347459674,0.157464712858,0.135428488255,0.217557027936,0.517314374447],"dvar2":[0.313365101814,0.332590192556,0.29660603404,0.242363348603,0.483484178782,1.39055383205],"max":[-5.38302564621,-4.486743927,-5.1526632309,-6.10285806656,-6.32476377487,-9.0928068161],"mean":[-7.64647436142,-7.63096380234,-8.17387199402,-8.72085475922,-9.37809181213,-12.2644987106],"median":[-6.84081029892,-6.96099948883,-7.53941631317,-8.07072257996,-8.75666427612,-11.7179365158],"min":[-28.0570831299,-28.1134929657,-28.2144203186,-27.7652759552,-27.5585289001,-27.3568248749],"var":[11.8057041168,11.9166812897,11.1399698257,10.3930997849,9.58834934235,7.2111287117]},"spectral_decrease":{"dmean":2.6238702322e-9,"dmean2":3.92823817918e-9,"dvar":1.29824359323e-17,"dvar2":2.76611033179e-17,"max":1.07280217608e-18,"mean":-6.98407554012e-9,"median":-4.88617368788e-9,"min":-4.83380340199e-8,"var":4.81316744633e-17},"spectral_energy":{"dmean":0.0101324282587,"dmean2":0.0151252672076,"dvar":0.000192339764908,"dvar2":0.000407988030929,"max":0.188356012106,"mean":0.0271078664809,"median":0.0188677199185,"min":9.94909253207e-21,"var":0.000724773330148},"spectral_energyband_high":{"dmean":0.0000252384525083,"dmean2":0.0000370562738681,"dvar":5.24490229026e-9,"dvar2":1.02307238237e-8,"max":0.00283767282963,"mean":0.0000363503713743,"median":0.0000123029221868,"min":7.13743939093e-21,"var":1.01852766221e-8},"spectral_energyband_low":{"dmean":0.00581265101209,"dmean2":0.00935853552073,"dvar":0.0000919571539271,"dvar2":0.000220706584514,"max":0.130600363016,"mean":0.0118451733142,"median":0.00701154768467,"min":1.64977115904e-23,"var":0.000200684851734},"spectral_energyband_middle_high":{"dmean":0.00101580098271,"dmean2":0.00144822336733,"dvar":0.00000536657216799,"dvar2":0.0000112554798761,"max":0.0713886842132,"mean":0.00198679370806,"median":0.000570632750168,"min":1.16232224852e-21,"var":0.0000155451325554},"spectral_energyband_middle_low":{"dmean":0.00582180777565,"dmean2":0.00874593108892,"dvar":0.0000956917501753,"dvar2":0.000196428940399,"max":0.143986806273,"mean":0.0137780895457,"median":0.00611257366836,"min":1.54107423579e-22,"var":0.000359492813004},"spectral_entropy":{"dmean":0.289755672216,"dmean2":0.451544702053,"dvar":0.0670553222299,"dvar2":0.166524857283,"max":9.82329559326,"mean":7.00242567062,"median":6.93156242371,"min":5.09058475494,"var":0.488434225321},"spectral_flux":{"dmean":0.0236766934395,"dmean2":0.0379934795201,"dvar":0.000772200641222,"dvar2":0.00189169333316,"max":0.314788281918,"mean":0.0763048380613,"median":0.0697636306286,"min":6.21071180595e-11,"var":0.00258275493979},"spectral_kurtosis":{"dmean":6.80845499039,"dmean2":11.2037210464,"dvar":65.7734298706,"dvar2":180.442886353,"max":105.73122406,"mean":17.1645774841,"median":14.8826732635,"min":-1.26148915291,"var":121.813690186},"spectral_rms":{"dmean":0.000889791059308,"dmean2":0.00130251457449,"dvar":9.75428861238e-7,"dvar2":0.0000019390442958,"max":0.0135558834299,"mean":0.00443203188479,"median":0.00429040007293,"min":3.11551457376e-12,"var":0.00000680383573126},"spectral_rolloff":{"dmean":200.089447021,"dmean2":338.601226807,"dvar":256337.90625,"dvar2":644683.0625,"max":19595.2148438,"mean":1077.18347168,"median":322.998046875,"min":21.533203125,"var":10484499},"spectral_skewness":{"dmean":0.524675548077,"dmean2":0.828216731548,"dvar":0.270341336727,"dvar2":0.718739748001,"max":8.23954677582,"mean":2.91630148888,"median":2.9084072113,"min":-0.0862782374024,"var":1.02059412003},"spectral_spread":{"dmean":728852.375,"dmean2":1191911,"dvar":842317365248,"dvar2":2025685909500,"max":49952336,"mean":3950717,"median":2812498,"min":892926.3125,"var":34473756327900},"spectral_strongpeak":{"dmean":0.310038417578,"dmean2":0.520089805126,"dvar":0.308345258236,"dvar2":0.802646577358,"max":7.87213039398,"mean":0.490094006062,"median":0.224725753069,"min":0,"var":0.521364986897},"zerocrossingrate":{"dmean":0.00464693922549,"dmean2":0.0057900249958,"dvar":0.0000885069457581,"dvar2":0.000172922605998,"max":0.52587890625,"mean":0.0353743582964,"median":0.017578125,"min":0.0009765625,"var":0.00732294237241}},"metadata":{"audio_properties":{"analysis_sample_rate":44100,"bit_rate":140123,"codec":"mp3","downmix":"mix","equal_loudness":0,"length":124.108818054,"lossless":false,"md5_encoded":"c4a4bb35f3d9b21f684e788fef7e00ec","replay_gain":-1.68169784546,"sample_rate":44100},"tags":{"album":["The Complete Columbia Album Collection"],"albumartist":["Johnny Cash"],"albumartistsort":["Cash, Johnny"],"artist":["Johnny Cash"],"artists":["Johnny Cash"],"artistsort":["Cash, Johnny"],"asin":["B008DDC874"],"barcode":["886979104723"],"catalognumber":["88697910472"],"composer":["Johnny Cash"],"date":["2012-12-04"],"discnumber":["7/63"],"file_name":"07 - Delia’s Gone.mp3","label":["Columbia","Legacy"],"media":["CD"],"musicbrainz album release country":["US"],"musicbrainz album status":["official"],"musicbrainz album type":["album","compilation"],"musicbrainz release track id":["36cd173c-0b17-308a-8669-784c3a663d3b"],"musicbrainz_albumartistid":["d43d12a1-2dc9-4257-a2fd-0a3bb1081b86"],"musicbrainz_albumid":["de36c451-000c-4488-9375-b6d40b6636e5"],"musicbrainz_artistid":["d43d12a1-2dc9-4257-a2fd-0a3bb1081b86"],"musicbrainz_recordingid":["e436f33a-01c7-4354-b869-f2863af108e8"],"musicbrainz_releasegroupid":["30578604-ce5e-4d3d-a09c-6c06fc4c526b"],"musicbrainz_workid":["f0f9c752-6d27-33ec-85be-ab5894cb8ae8"],"originaldate":["2012"],"script":["Latn"],"title":["Delia’s Gone"],"tracknumber":["7/12"],"work":["Delia's Gone"]},"version":{"essentia":"2.1-beta1","essentia_build_sha":"ca57ba49d9b1854bd80e60cf9ccf267278fb7d6b","essentia_git_sha":"v2.1_beta1-28-g21ef5f4-dirty","extractor":"music 1.0"}},"rhythm":{"beats_count":318,"beats_loudness":{"dmean":0.0284024011344,"dmean2":0.0515630692244,"dvar":0.000610353483353,"dvar2":0.00166799104773,"max":0.165524125099,"mean":0.0438163429499,"median":0.0390028357506,"min":0,"var":0.000909289869014},"beats_loudness_band_ratio":{"dmean":[0.29063591361,0.205259636045,0.098