{"lowlevel":{"average_loudness":0.958916902542,"barkbands":{"dmean":[0.0000441979973402,0.00290513061918,0.00271279131994,0.00119286542758,0.00143280799966,0.000576838792767,0.000549835851416,0.000576031976379,0.000674077367876,0.00071186653804,0.00031864628545,0.000387167237932,0.000542160996702,0.000585029774811,0.000479003530927,0.000536591163836,0.000702959019691,0.000363501574611,0.000280220294371,0.000155402158271,0.0000872184682521,0.0000471489984193,0.0000371845671907,0.0000289890303975,0.0000220354468183,0.0000120112954392,0.00000324135135088],"dmean2":[0.0000704171761754,0.00486909877509,0.00460593774915,0.0019931953866,0.00245775841177,0.000957291573286,0.000917169265449,0.000948621483985,0.00107182224747,0.00116371514741,0.000527602736838,0.000636177603155,0.000891592993867,0.000966438907199,0.000787222757936,0.000897723715752,0.00118199537974,0.000607974478044,0.000462164258352,0.000255595630733,0.000141412034282,0.0000748310922063,0.0000575853737246,0.0000422171688115,0.0000307868685923,0.0000158980892593,0.00000458947624793],"dvar":[4.96658314475e-9,0.0000218398017751,0.0000218686964217,0.00000246009335569,0.00000686121211402,9.08849813186e-7,0.00000105340120626,0.00000141728298786,0.0000018148845129,0.00000290733146358,4.8831782351e-7,9.74642262008e-7,0.00000106496008812,8.31327099604e-7,6.22498134817e-7,6.15289593497e-7,8.40020845772e-7,2.83212671093e-7,1.36778268711e-7,3.12735330965e-8,1.14236646809e-8,6.23946272427e-9,1.08494857542e-8,8.52616288682e-9,4.10612877033e-9,8.36241853541e-10,6.3567644204e-11],"dvar2":[1.19338965376e-8,0.0000567779352423,0.00005875721763,0.00000663441278448,0.0000191407525563,0.00000237972744799,0.00000284471502709,0.0000036246271975,0.00000451930463896,0.00000759486010793,0.00000130102534968,0.00000250372636401,0.00000288584215014,0.00000218353193304,0.00000162731350883,0.00000166147776781,0.00000221482673624,7.49744629047e-7,3.67134589396e-7,8.13088476548e-8,2.81965579774e-8,1.42553631122e-8,2.73146003593e-8,1.77760757225e-8,8.13493539198e-9,1.58022939178e-9,1.25459184708e-10],"max":[0.000859567546286,0.0522603392601,0.0584032386541,0.0193673092872,0.0338305793703,0.021048264578,0.0164094939828,0.0293465256691,0.0285963080823,0.0418208874762,0.0200830157846,0.0271978657693,0.0215605013072,0.0283099208027,0.0173590611666,0.01508766599,0.018297733739,0.0126343555748,0.00827387906611,0.00372089864686,0.0025687594898,0.00250106467865,0.00423121033236,0.00309999380261,0.00242125475779,0.000974973721895,0.000209551639273],"mean":[0.0000636668264633,0.00456108478829,0.00327833159827,0.00178519450128,0.00195612665266,0.000888222362846,0.000779086141847,0.000882411317434,0.00116616417654,0.00118218816351,0.000507799442858,0.000628185807727,0.000944036466535,0.00108974054456,0.000943619292229,0.0011376630282,0.00160499801859,0.000843366666231,0.000679721822962,0.000413148052758,0.000246742682066,0.000121888348076,0.0000926388747757,0.0000728175509721,0.0000533708152943,0.0000263038691628,0.00000491316222906],"median":[0.0000292574932246,0.00316236936487,0.00177192455158,0.00124159303959,0.00126990966965,0.000547336298041,0.000464547862066,0.000445246347226,0.000604536384344,0.000570398464333,0.000257234030869,0.000286741997115,0.000544127891771,0.000749473983888,0.000578227394726,0.000747984915506,0.00112669169903,0.000564457150176,0.000560776563361,0.000348377390765,0.000198657173314,0.0000797587999841,0.0000571095733903,0.0000437971648353,0.0000283279405267,0.0000107275191112,5.45237753613e-7],"min":[4.66315106776e-25,2.58670271557e-24,8.10796809716e-25,1.32670203027e-24,4.9799771316e-24,4.67702338399e-24,5.09465541912e-24,9.13327931049e-24,7.77883984611e-24,1.3970848116e-23,1.15732994544e-23,2.50322872835e-23,2.529928199e-23,1.95671835721e-23,2.87310777855e-23,6.15371964372e-23,7.10898034394e-23,7.7835517123e-23,1.29508607475e-22,1.50773659529e-22,2.35979422047e-22,2.88285040006e-22,3.00351304951e-22,5.76094087652e-22,8.31203475004e-22,1.15339289843e-21,1.79473858143e-21],"var":[8.25790014147e-9,0.0000273832938547,0.0000212234281207,0.00000342484054272,0.00000603918442721,0.00000135184382088,0.00000121322523228,0.00000247665752795,0.00000348234812009,0.00000578296476306,9.33783212531e-7,0.00000174324611635,0.00000195917778001,0.00000153019300342,0.00000143367822147,0.00000155648194777,0.00000224650534619,7.77440334332e-7,3.02330818158e-7,9.56855501499e-8,3.94160721839e-8,1.92020035428e-8,1.74685119703e-8,1.70592695525e-8,9.49128953209e-9,2.0133712475e-9,1.39805403365e-10]},"barkbands_crest":{"dmean":2.22539544106,"dmean2":3.71440649033,"dvar":4.58675861359,"dvar2":11.9930620193,"max":21.9285755157,"mean":7.1308298111,"median":6.41272974014,"min":2.15034937859,"var":9.46133232117},"barkbands_flatness_db":{"dmean":0.0160975474864,"dmean2":0.0252607278526,"dvar":0.000257612409769,"dvar2":0.000609629205428,"max":0.277794748545,"mean":0.0943606868386,"median":0.0889633446932,"min":0.0142657803372,"var":0.001243779785},"barkbands_kurtosis":{"dmean":0.944827854633,"dmean2":1.57019162178,"dvar":2.69342327118,"dvar2":6.71118545532,"max":39.3238868713,"mean":-0.170757874846,"median":-0.806728839874,"min":-1.84599506855,"var":4.58705711365},"barkbands_skewness":{"dmean":0.425668925047,"dmean2":0.674823403358,"dvar":0.172888562083,"dvar2":0.407976001501,"max":5.82881879807,"mean":0.6006103158,"median":0.515410721302,"min":-2.4645318985,"var":0.626394689083},"barkbands_spread":{"dmean":5.34257268906,"dmean2":8.46653079987,"dvar":25.0965633392,"dvar2":59.5169181824,"max":94.9590988159,"mean":33.0528450012,"median":33.3318977356,"min":4.13664150238,"var":85.1454162598},"dissonance":{"dmean":0.00785986334085,"dmean2":0.0135043682531,"dvar":0.0000606821886322,"dvar2":0.000170700863237,"max":0.5,"mean":0.487822711468,"median":0.490146815777,"min":0.410526782274,"var":0.0000883329339558},"dynamic_complexity":1.93950212002,"erbbands":{"dmean":[0.0630762651563,0.757336974144,2.74433875084,3.64345026016,4.75313186646,4.61009645462,4.36025714874,4.70435905457,7.28724336624,8.13215351105,13.5092163086,15.1061468124,17.975484848,19.6062107086,12.8341493607,16.1039409637,21.5174636841,26.5941562653,28.1070976257,18.8015232086,32.104133606,37.3225669861,20.5525913239,15.5502567291,12.5938882828,6.48228597641,4.67648553848,2.7437441349,1.7918792963,1.39577579498,1.04426157475,0.724891602993,0.443766355515,0.278930157423,0.155846744776,0.0631890669465,0.0201378203928,0.00544979423285,0.000545146118384,0.0000179645394383],"dmean2":[0.105831027031,1.27243554592,4.61123418808,6.10871315002,8.29453277588,7.84757947922,7.31560754776,7.82531261444,12.1940565109,13.4373254776,21.973482132,23.9787998199,29.2710762024,31.8977489471,20.9840087891,26.5425071716,35.2152862549,43.3881263733,46.2839202881,30.8668365479,53.7408943176,62.6946525574,34.2390518188,25.6069412231,20.8367919922,10.6244020462,7.63710403442,4.37491464615,2.85557460785,2.17804455757,1.62393534184,1.08514666557,0.645955502987,0.401827394962,0.219659939408,0.0883578881621,0.0269159674644,0.00730671407655,0.000785177166108,0.0000274470385193],"dvar":[0.0113480892032,1.44499909878,21.6500053406,27.3471126556,66.1233673096,72.5679626465,47.0705871582,82.0027694702,169.922088623,189.073394775,1039.16882324,912.342651367,1198.69165039,3279.46386719,773.33001709,1581.31518555,1632.5,1534.06018066,1851.27331543,712.82043457,2080.70581055,2566.12646484,787.282775879,660.018249512,183.475479126,56.8887748718,30.1217384338,14.2866411209,9.26850318909,8.26318740845,9.19277095795,5.10145378113,1.925111413,0.661156177521,0.206705778837,0.0243562143296,0.00271006231196,0.000148176812218,0.00000209317636291,1.20337528831e-9],"dvar2":[0.0294356457889,3.75692391396,57.0802726746,74.0899581909,188.340637207,196.896835327,117.480041504,218.41317749,455.055297852,499.706390381,2602.38232422,2274.62915039,3232.46777344,8418.52441406,2037.61230469,4101.19335938,4394.23583984,4010.28881836,4820.06103516,1871.39672852,5596.11816406,6680.06494141,2103.25439453,1784.17712402,485.646240234,146.220169067,76.206817627,34.6948165894,21.7047786713,20.1251449585,23.5115032196,11.3309488297,3.99047470093,1.39691305161,0.424689561129,0.0474621802568,0.00540592847392,0.000271262397291,0.00000427037093687,2.58369481365e-9],"max":[1.30276310444,14.3327350616,56.5367355347,66.5715942383,98.1151428223,122.880767822,133.564086914,199.916900635,249.353378296,272.261779785,731.419616699,779.744140625,969.568603516,1589.05700684,1054.83032227,1101.75317383,826.103881836,753.115356445,954.659484863,522.371765137,954.680603027,1155.37756348,485.941833496,625.693786621,234.275161743,175.460708618,135.774185181,112.665481567,99.9452209473,106.986991882,123.955810547,70.1335678101,51.3257026672,36.2913818359,17.7221298218,5.10750770569,2.27490758896,0.322488367558,0.0356036685407,0.000833534344565],"mean":[0.0927756428719,1.17316043377,3.60877656937,5.58390140533,6.18360090256,6.32224655151,6.51832485199,7.05362415314,10.4216241837,13.1768293381,22.3461742401,26.1525840759,31.5722885132,33.1972770691,22.6076202393,28.1354789734,40.3878059387,54.1751174927,57.0742416382,44.4108009338,74.6413421631,88.995552063,52.0880470276,38.5652542114,31.8642978668,18.4151153564,12.8721075058,7.52290296555,4.5401468277,3.52775669098,2.53653502464,1.75509214401,1.0864585638,0.662874758244,0.347642272711,0.140205278993,0.041705686599,0.0102467713878,0.000792825303506,0.0000498035296914],"median":[0.0570078268647,0.801215410233,2.12008237839,3.87737846375,4.09002399445,3.760461092,4.05781364441,3.9981572628,6.25696754456,8.21535968781,10.949221611,13.8155574799,18.1320171356,14.1146249771,11.7190027237,14.4371480942,24.2747516632,36.6135978699,37.8800582886,29.4284172058,50.6189613342,62.0656356812,36.3372917175,27.0657749176,28.4167861938,15.6777696609,10.8034858704,5.61291599274,3.00020956993,2.22309017181,1.5293302536,1.04034340382,0.652678191662,0.366094768047,0.169795036316,0.0644328147173,0.0153768844903,0.00262017943896,0.0000838902997202,0.0000390085078834],"min":[1.34631697385e-22,4.75116913045e-22,1.30272767567e-21,2.8683083488e-21,1.16925671201e-20,2.58764099903e-20,2.06845220184e-20,5.51765528478e-20,8.77359391839e-20,1.84060481743e-19,3.24237455177e-19,2.79717819128e-19,4.45775800513e-19,6.88582468414e-19,1.20905216125e-18,1.45371605642e-18,1.29243661989e-18,1.76009765486e-18,1.91788318388e-18,3.07184811487e-18,3.28949897957e-18,5.09196792733e-18,5.64752724214e-18,6.14275117589e-18,6.37324050408e-18,6.96388551175e-18,8.53007011074e-18,9.03861082517e-18,8.8285491358e-18,1.14148500893e-17,9.01695027365e-18,1.06923897151e-17,9.54887290246e-18,7.73698422868e-18,5.7787089883e-18,3.89823380685e-18,2.16207186379e-18,1.01479747979e-18,2.48135546353e-19,2.53225964144e-20],"var":[0.0139353070408,1.79024493694,22.2489624023,33.4561653137,55.7654457092,69.0254898071,68.977973938,123.229118347,200.579071045,288.148254395,1950.0144043,1703.2286377,2286.76879883,6791.78857422,1485.3157959,2893.64111328,3227.36669922,3246.60668945,3834.37963867,2126.36010742,5785.00488281,6891.62158203,2225.45849609,1953.02050781,380.400512695,187.077255249,90.8398895264,47.0529708862,27.0867729187,19.6347961426,13.9915046692,9.41808795929,3.81448960304,1.40090298653,0.451883882284,0.0570833869278,0.00576075492427,0.000378324242774,0.00000419006300945,2.39044073425e-9]},"erbbands_crest":{"dmean":1.81700694561,"dmean2":3.0674674511,"dvar":3.15552020073,"dvar2":8.4446554184,"max":27.3961772919,"mean":6.82755565643,"median":6.12166833878,"min":2.64988040924,"var":8.32105731964},"erbbands_flatness_db":{"dmean":0.0129556022584,"dmean2":0.0189527329057,"dvar":0.000158108756295,"dvar2":0.000325097731547,"max":0.371538132429,"mean":0.151789829135,"median":0.148713558912,"min":0.0418188087642,"var":0.0015137756709},"erbbands_kurtosis":{"dmean":0.732340991497,"dmean2":1.17211782932,"dvar":0.742039978504,"dvar2":1.81506419182,"max":23.5810470581,"mean":0.491504222155,"median":0.178417444229,"min":-1.67914426327,"var":1.97864460945},"erbbands_skewness":{"dmean":0.264577388763,"dmean2":0.420798152685,"dvar":0.0532647669315,"dvar2":0.132927954197,"max":2.4276702404,"mean":-0.564592182636,"median":-0.581044435501,"min":-3.38542890549,"var":0.258570164442},"erbbands_spread":{"dmean":5.73515558243,"dmean2":9.11159038544,"dvar":28.6602210999,"dvar2":68.5867843628,"max":84.9459915161,"mean":31.1846885681,"median":30.4405250549,"min":4.23203706741,"var":109.070793152},"gfcc":{"cov":[[16225.90625,269.22467041,-1148.30603027,219.756790161,-627.090270996,322.404052734,-514.00604248,414.932525635,-287.817443848,155.869979858,-303.925476074,153.434234619,-250.703521729],[269.22467041,834.86907959,-451.165130615,176.900756836,59.2104492188,-88.4916000366,74.7256622314,-100.128364563,40.0947494507,-84.8885345459,75.7526550293,-134.653411865,65.6504898071],[-1148.30603027,-451.165130615,782.182373047,-46.1865577698,115.209854126,82.3520355225,-5.69313669205,89.3796386719,9.4191904068,100.751045227,-16.6350326538,110.342544556,-46.8558387756],[219.756790161,176.900756836,-46.1865577698,235.599533081,35.1511878967,34.670627594,-0.894422411919,-28.033613205,24.0022678375,2.32780456543,30.4044265747,-36.4666404724,15.9245595932],[-627.090270996,59.2104492188,115.209854126,35.1511878967,216.010910034,18.0323314667,57.2007598877,9.2934217453,36.832901001,11.1243228912,17.5287132263,-5.19420194626,15.8125114441],[322.404052734,-88.4916000366,82.3520355225,34.670627594,18.0323314667,126.829330444,23.915102005,40.7906799316,-11.1605949402,19.7016010284,-4.42556333542,31.4944190979,-16.3748149872],[-514.00604248,74.7256622314,-5.69313669205,-0.894422411919,57.2007598877,23.915102005,127.319793701,3.06590986252,19.4185829163,-14.2308683395,18.4365310669,-19.1885662079,17.284198761],[414.932525635,-100.128364563,89.3796386719,-28.033613205,9.2934217453,40.7906799316,3.06590986252,117.634529114,28.7509365082,32.5663299561,-24.8545398712,45.9177017212,-16.7228355408],[-287.817443848,40.0947494507,9.4191904068,24.0022678375,36.832901001,-11.1605949402,19.4185829163,28.7509365082,76.2894744873,15.6331720352,14.6100387573,-10.4695510864,9.91043758392],[155.869979858,-84.8885345459,100.751045227,2.32780456543,11.1243228912,19.7016010284,-14.2308683395,32.5663299561,15.6331720352,67.8329772949,8.61878108978,23.6026058197,-18.7043170929],[-303.925476074,75.7526550293,-16.6350326538,30.4044265747,17.5287132263,-4.42556333542,18.4365310669,-24.8545398712,14.6100387573,8.61878108978,60.8964538574,-0.623627364635,12.1291599274],[153.434234619,-134.653411865,110.342544556,-36.4666404724,-5.19420194626,31.4944190979,-19.1885662079,45.9177017212,-10.4695510864,23.6026058197,-0.623627364635,86.5486755371,3.00189375877],[-250.703521729,65.6504898071,-46.8558387756,15.9245595932,15.8125114441,-16.3748149872,17.284198761,-16.7228355408,9.91043758392,-18.7043170929,12.1291599274,3.00189375877,59.8197250366]],"icov":[[0.000209265723242,-0.000315463053994,0.000451660831459,-0.000233300757827,0.000195906977751,-0.000420492549893,0.000543302798178,-0.000775388907641,0.000863994355313,-0.000981962657534,0.000939654535614,-0.000476949644508,0.000481724448036],[-0.000315463053994,0.00365818222053,0.000542661990039,-0.00140713399742,-0.00129705201834,0.00235027913004,-0.00159349362366,-0.000128138126456,-0.00056621839758,0.00312806316651,-0.00431439466774,0.0028407915961,-0.00132227013819],[0.000451660831459,0.000542661990039,0.00362558872439,-0.00108014873695,-0.00118400226347,-0.000494975945912,0.000550679804292,-0.00136692868546,0.00179232656956,-0.00364420516416,0.00228501972742,-0.00293048773892,0.00230834051035],[-0.000233300757827,-0.00140713399742,-0.00108014873695,0.00765055557713,-0.000343435880495,-0.00453858589754,0.00252643669955,0.00240879738703,-0.00319801899604,-0.0000811751742731,-0.00217941473238,0.00345308566466,-0.00275131012313],[0.000195906977751,-0.00129705201834,-0.00118400226347,-0.000343435880495,0.00697806617245,-0.00111927744001,-0.00149875879288,-0.000140956151881,-0.00131507520564,-0.0014291832922,0.00143301556818,-0.000161058458616,-0.000860242289491],[-0.000420492549893,0.00235027913004,-0.000494975945912,-0.00453858589754,-0.00111927744001,0.0152799198404,-0.00618401775137,-0.00266546756029,0.00343886739574,0.0016185559798,-0.00225774990395,-0.00259272288531,0.0025233081542],[0.000543302798178,-0.00159349362366,0.000550679804292,0.00252643669955,-0.00149875879288,-0.00618401775137,0.0142309358343,-0.00424846960232,0.00106104207225,0.000702428806107,-0.00228145788424,0.00449768966064,-0.00253084441647],[-0.000775388907641,-0.000128138126456,-0.00136692868546,0.00240879738703,-0.000140956151881,-0.00266546756029,-0.00424846960232,0.0242226812989,-0.0151117946953,-0.00122411001939,0.0087564503774,-0.010446164757,0.00335534568876],[0.000863994355313,-0.00056621839758,0.00179232656956,-0.00319801899604,-0.00131507520564,0.00343886739574,0.00106104207225,-0.0151117946953,0.0275437328964,-0.0075563294813,-0.00358148338273,0.00635716831312,-0.00326327932999],[-0.000981962657534,0.00312806316651,-0.00364420516416,-0.0000811751742731,-0.0014291832922,0.0016185559798,0.000702428806107,-0.00122411001939,-0.0075563294813,0.0304420087487,-0.0130461473018,0.00192845670972,0.00321339443326],[0.000939654535614,-0.00431439466774,0.00228501972742,-0.00217941473238,0.00143301556818,-0.00225774990395,-0.00228145788424,0.0087564503774,-0.00358148338273,-0.0130461473018,0.033754426986,-0.0132067408413,0.00348602049053],[-0.000476949644508,0.0028407915961,-0.00293048773892,0.00345308566466,-0.000161058458616,-0.00259272288531,0.00449768966064,-0.010446164757,0.00635716831312,0.00192845670972,-0.0132067408413,0.0300651174039,-0.0124993249774],[0.000481724448036,-0.00132227013819,0.00230834051035,-0.00275131012313,-0.000860242289491,0.0025233081542,-0.00253084441647,0.00335534568876,-0.00326327932999,0.00321339443326,0.00348602049053,-0.0124993249774,0.0267806332558]],"mean":[23.6713180542,86.2911376953,-139.247390747,42.419631958,-39.8177261353,12.2373895645,-35.02085495,13.5828447342,-22.1325130463,1.03565561771,-19.104845047,-4.79653549194,-13.3162107468]},"hfc":{"dmean":5.27486276627,"dmean2":8.06444454193,"dvar":31.202299118,"dvar2":72.5773773193,"max":96.5141296387,"mean":27.3811511993,"median":23.6238746643,"min":1.04356894321e-16,"var":215.049484253},"melbands":{"dmean":[0.000685915350914,0.00123984797392,0.000614978198428,0.000364894629456,0.000142552366015,0.000105196151708,0.000113311871246,0.0000937430668273,0.000115441296657,0.0000954760907916,0.0000931695321924,0.0000863595632836,0.0000434211324318,0.0000436616137449,0.0000422650555265,0.0000563837966183,0.0000535988910997,0.0000502101611346,0.0000338995705533,0.0000297028655041,0.0000444747856818,0.0000465138946311,0.0000282350993075,0.000016728115952,0.0000140625525091,0.0000104209475467,0.00000843794896355,0.00000430268983109,0.00000351816970579,0.00000240110739469,0.00000163195022651,0.00000118771151847,9.30888347739e-7,8.3911385218e-7,6.91389914209e-7,5.48040645754e-7,4.59467628389e-7,3.43862865293e-7,2.90543994197e-7,2.36085639926e-7],"dmean2":[0.00114857393783,0.00206083175726,0.00103475118522,0.000628619047347,0.000239187298575,0.000175053748535,0.000189303624211,0.000154603010742,0.000185027703992,0.000152174325194,0.000151916436153,0.000140316595207,0.0000714181296644,0.0000716609865776,0.0000697316936566,0.0000931419417611,0.0000881223386386,0.0000833778758533,0.0000556130398763,0.0000497846085636,0.0000750527251512,0.00007838827878,0.0000475709202874,0.0000278483712464,0.0000233103310165,0.0000172928612301,0.0000140252204801,0.00000716009253665,0.00000580507185077,0.00000394899734601,0.00000262328853751,0.00000194886683857,0.00000149276718275,0.00000133872288188,0.00000110573932943,8.43636314585e-7,7.07209892425e-7,5.12629696914e-7,4.31606082429e-7,3.49941558397e-7],"dvar":[0.00000128526960452,0.00000398217753173,6.68035227136e-7,4.78372669477e-7,4.69117651392e-8,3.64644456852e-8,4.27316066975e-8,2.47709515122e-8,7.95580419322e-8,3.90870162903e-8,3.31953700083e-8,6.29624636872e-8,8.45105763148e-9,1.32615243231e-8,6.47032472045e-9,1.3178450331e-8,6.19378726086e-9,6.20107698523e-9,3.71043262781e-9,2.25581908708e-9,4.01176025733e-9,4.31588320637e-9,1.31427269068e-9,7.42634065354e-10,5.82381920466e-10,1.27243590664e-10,8.65320731736e-11,2.78096295991e-11,1.71044220454e-11,8.90786663182e-12,5.99929741302e-12,3.73461374673e-12,3.14562677121e-12,3.58656138642e-12,3.58195526191e-12,2.87788586364e-12,1.84369620265e-12,1.04196219795e-12,7.51121658361e-13,4.66630965638e-13],"dvar2":[0.00000334898663823,0.0000102649728433,0.00000181405744115,0.00000133244532208,1.18651108494e-7,9.68686393321e-8,1.14702714882e-7,6.47956994726e-8,1.97157675075e-7,9.79527357003e-8,8.93505642807e-8,1.61819883715e-7,2.22963940644e-8,3.34055449969e-8,1.73003318338e-8,3.53486164784e-8,1.61924269548e-8,1.61449840164e-8,9.83656089915e-9,6.05486150107e-9,1.09158504458e-8,1.12917843964e-8,3.51495477169e-9,2.00217753488e-9,1.59879331996e-9,3.38478661766e-10,2.32326088923e-10,7.30081065048e-11,4.24680256239e-11,2.3156584289e-11,1.5027184358e-11,9.22460805658e-12,7.47646215771e-12,9.12768298444e-12,9.53187962588e-12,6.69371459303e-12,4.11157306118e-12,2.16003235264e-12,1.66779058012e-12,1.0029612774e-12],"max":[0.0132961049676,0.0267956219614,0.00966914184391,0.00915118306875,0.00385059602559,0.00399956153706,0.0035611751955,0.00377911119722,0.00675769103691,0.00536739174277,0.00505539448932,0.00701750069857,0.00240914686583,0.00329945981503,0.00152419600636,0.00279008620419,0.00159285834525,0.00228766608052,0.00177924893796,0.00119263387751,0.00131438113749,0.00152288912795,0.000571389566176,0.000522127200384,0.000627639179584,0.000186647113878,0.000165971025126,0.000122211451526,0.000136657545227,0.0000586528985878,0.0000849968273542,0.0000471540624858,0.0000661148296786,0.0000711818065611,0.0000755001528887,0.0000591012867517,0.0000408257074014,0.000035847118852,0.0000278871339106,0.0000321526713378],"mean":[0.00107954139821,0.00183310860302,0.000969693996012,0.000478926493088,0.000223905604798,0.000160295065143,0.000162383788847,0.000150859283167,0.000192602936295,0.000161894538905,0.000159165501827,0.000140672826092,0.0000714036359568,0.0000722079275874,0.0000733298293198,0.0000986883314908,0.000101917772554,0.0000944977728068,0.0000668916618451,0.0000614973178017,0.0000936369615374,0.0000993166904664,0.000062214283389,0.0000368617656932,0.0000307846166834,0.0000239544478973,0.0000196042983589,0.0000104943392216,0.00000862554497871,0.00000587806425756,0.00000381308336728,0.0000026258296657,0.00000211775250136,0.00000187427895071,0.00000149936329308,0.00000122397636915,0.00000100869056041,7.79473566581e-7,6.41467636342e-7,5.25830898823e-7],"median":[0.000731488631573,0.00121310981922,0.000725631485693,0.000303264270769,0.000146399863297,0.000094044902653,0.0000981174962362,0.0000901822349988,0.0000923011903069,0.0000847848932608,0.0000877539787325,0.0000574974546907,0.0000363518047379,0.0000342466482834,0.0000418925010308,0.0000554686848773,0.0000686845305609,0.000062783175963,0.000040163515223,0.0000384748454962,0.0000638353303657,0.0000672538662911,0.000045570977818,0.0000234451672441,0.0000205218893825,0.0000207373268495,0.0000166486497619,0.00000853321398608,0.00000718011006029,0.00000457270152765,0.00000268953567684,0.00000169292252394,0.00000130100374918,0.00000115112879939,8.73559201864e-7,7.14497446097e-7,5.82764471346e-7,4.71061127882e-7,3.51224883843e-7,2.82040531374e-7],"min":[1.54133944689e-24,7.39525544208e-25,1.12166978404e-24,9.25125483938e-25,7.87257348216e-25,1.05724095012e-24,1.14628175125e-24,2.30285143199e-24,2.51357392915e-24,1.12309673481e-24,1.98053213523e-24,2.42451547725e-24,1.7930346892e-24,2.91199562351e-24,2.81414314746e-24,2.15743596817e-24,2.45849270252e-24,2.69083906037e-24,2.43464445127e-24,4.39673439905e-24,3.02845220072e-24,3.7287139683e-24,3.37130318025e-24,3.55802537323e-24,3.50169084383e-24,4.22814417398e-24,4.46549743201e-24,4.02714241533e-24,4.0163981298e-24,4.43345271874e-24,5.34007754091e-24,4.5347337815e-24,4.02764215872e-24,5.32492628393e-24,4.35725901049e-24,6.18418671406e-24,5.98165535411e-24,5.98058644759e-24,5.10199143111e-24,6.44978119249e-24],"var":[0.00000160669833349,0.00000453143093182,8.20496836695e-7,4.0308995608e-7,6.93745150215e-8,5.46298934978e-8,4.93260507994e-8,4.08970457499e-8,1.55819378733e-7,7.09794250042e-8,6.34240109321e-8,1.29075701238e-7,1.61047957192e-8,2.40740902768e-8,1.20840857321e-8,2.31824692776e-8,1.22470389385e-8,1.1689103907e-8,8.34902991187e-9,5.4476929634e-9,9.72751035277e-9,1.02091046728e-8,2.88510770829e-9,1.91338078714e-9,1.52264278963e-9,2.4996579806e-10,1.89012569485e-10,8.03823049789e-11,4.51628699716e-11,2.51875829221e-11,1.5247176785e-11,9.37898543552e-12,7.85272454701e-12,6.31498109013e-12,5.01824059737e-12,4.56640714824e-12,3.38170355434e-12,2.01697404438e-12,1.40412193591e-12,9.31126811939e-13]},"melbands_crest":{"dmean":3.24694752693,"dmean2":5.38108205795,"dvar":8.56037998199,"dvar2":22.5778007507,"max":29.2887763977,"mean":11.7927761078,"median":11.1349258423,"min":1.62771522999,"var":21.4780445099},"melbands_flatness_db":{"dmean":0.0225039534271,"dmean2":0.0353797227144,"dvar":0.000485166761791,"dvar2":0.00113440223504,"max":0.363957196474,"mean":0.145498290658,"median":0.139724969864,"min":0.00280636036769,"var":0.00200318149291},"melbands_kurtosis":{"dmean":3.31794595718,"dmean2":5.41777896881,"dvar":32.3286018372,"dvar2":80.0639648438,"max":119.967155457,"mean":4.2078499794,"median":1.92263460159,"min":-1.8413939476,"var":58.3733139038},"melbands_skewness":{"dmean":0.603929638863,"dmean2":0.958388626575,"dvar":0.408805251122,"dvar2":0.967787563801,"max":9.64905357361,"mean":1.79192614555,"median":1.61050105095,"min":-1.91872560978,"var":1.34201693535},"melbands_spread":{"dmean":9.53802871704,"dmean2":15.0413646698,"dvar":70.944190979,"dvar2":169.466430664,"max":212.539749146,"mean":41.4201202393,"median":40.4810943604,"min":2.25698494911,"var":320.67477417},"mfcc":{"cov":[[5411.38574219,417.31652832,-55.5419502258,-50.6472473145,20.1875915527,-76.8433227539,-49.5449447632,94.1409759521,41.5514297485,10.6497821808,56.4028320312,49.5031852722,-2.46310353279],[417.31652832,605.991516113,-256.062835693,138.290054321,-5.42298412323,11.1361732483,30.0436782837,-0.667339086533,3.61748600006,28.5902709961,-15.8493719101,13.1367340088,-12.026766777],[-55.5419502258,-256.062835693,435.75994873,-19.7348747253,80.1314086914,16.3236846924,8.95367240906,15.4860591888,5.93739891052,-10.0766916275,44.4255104065,8.25580883026,34.1047782898],[-50.6472473145,138.290054321,-19.7348747253,172.961029053,59.0880813599,46.4447860718,11.70707798,-14.0084095001,4.71450710297,32.9193611145,-0.141458615661,5.09781646729,8.51525306702],[20.1875915527,-5.42298412323,80.1314086914,59.0880813599,160.240737915,33.3544692993,8.56023406982,13.5340194702,22.9363861084,14.954369545,24.9164619446,7.33782577515,17.6600379944],[-76.8433227539,11.1361732483,16.3236846924,46.4447860718,33.3544692993,106.182327271,54.7971534729,8.0053062439,-6.54685735703,11.1835727692,9.99851989746,-4.5788807869,2.02702450752],[-49.5449447632,30.0436782837,8.95367240906,11.70707798,8.56023406982,54.7971534729,88.954460144,28.3050956726,8.19226264954,5.10291576385,7.10326766968,3.34068179131,4.870844841],[94.1409759521,-0.667339086533,15.4860591888,-14.0084095001,13.5340194702,8.0053062439,28.3050956726,81.4628601074,35.5682792664,1.88799715042,14.8013324738,5.08165311813,8.25474262238],[41.5514297485,3.61748600006,5.93739891052,4.71450710297,22.9363861084,-6.54685735703,8.19226264954,35.5682792664,74.4199142456,26.1709060669,5.34303665161,7.29239988327,3.04598546028],[10.6497821808,28.5902709961,-10.0766916275,32.9193611145,14.954369545,11.1835727692,5.10291576385,1.88799715042,26.1709060669,59.2346000671,21.8927307129,7.74543046951,0.266441762447],[56.4028320312,-15.8493719101,44.4255104065,-0.141458615661,24.9164619446,9.99851989746,7.10326766968,14.8013324738,5.34303665161,21.8927307129,59.1169624329,22.0664634705,11.0209207535],[49.5031852722,13.1367340088,8.25580883026,5.09781646729,7.33782577515,-4.5788807869,3.34068179131,5.08165311813,7.29239988327,7.74543046951,22.0664634705,47.2757949829,20.9381160736],[-2.46310353279,-12.026766777,34.1047782898,8.51525306702,17.6600379944,2.02702450752,4.870844841,8.25474262238,3.04598546028,0.266441762447,11.0209207535,20.9381160736,44.1117286682]],"icov":[[0.000215416584979,-0.000253031816101,-0.0000909820955712,0.000238296808675,-0.000057674398704,-0.0000154191347974,0.000292961427476,-0.000275927770417,0.0000237269487116,-0.0000166768058989,-0.000104114471469,-0.000147450788063,0.000104930957605],[-0.000253031816101,0.00328327645548,0.00173270795494,-0.00283857784234,0.0000634764874121,0.00141310167965,-0.00192223687191,-0.000143312354339,0.00039348952123,0.000184386546607,-0.000158745315275,-0.000624130188953,0.000545705610421],[-0.0000909820955712,0.00173270795494,0.00389056419954,-0.00082327000564,-0.00122297217604,0.000558407336939,-0.00108867301606,0.000459626957309,-0.000361282407539,0.00155444454867,-0.00255093141459,0.00105267053004,-0.00173033901956],[0.000238296808675,-0.00283857784234,-0.00082327000564,0.0113680567592,-0.00317352637649,-0.00444972841069,0.00239007221535,0.00125838408712,0.000862845103256,-0.00537229329348,0.00376642332412,-0.000978432013653,-0.00184670044109],[-0.000057674398704,0.0000634764874121,-0.00122297217604,-0.00317352637649,0.00938403699547,-0.00217161583714,0.00140457518864,0.000145775702549,-0.00354153919034,0.00211564544588,-0.00347141665407,0.00146131345537,-0.00186178530566],[-0.0000154191347974,0.00141310167965,0.000558407336939,-0.00444972841069,-0.00217161583714,0.0183775853366,-0.0113614145666,0.0000108808999357,0.00404654256999,-0.00151772040408,-0.0019861611072,0.00310301966965,0.000842151348479],[0.000292961427476,-0.00192223687191,-0.00108867301606,0.00239007221535,0.00140457518864,-0.0113614145666,0.0206234380603,-0.00568986870348,-0.000874537508935,-0.000295485806419,0.00143686914816,-0.00221458892338,-0.000625767977908],[-0.000275927770417,-0.000143312354339,0.000459626957309,0.00125838408712,0.000145775702549,0.0000108808999357,-0.00568986870348,0.0207656417042,-0.0112419333309,0.0062930858694,-0.00672830780968,0.00353423436172,-0.00322755915113],[0.0000237269487116,0.00039348952123,-0.000361282407539,0.000862845103256,-0.00354153919034,0.00404654256999,-0.000874537508935,-0.0112419333309,0.0248221326619,-0.0135784242302,0.00806721299887,-0.00420969258994,0.00200423272327],[-0.0000166768058989,0.000184386546607,0.00155444454867,-0.00537229329348,0.00211564544588,-0.00151772040408,-0.000295485806419,0.0062930858694,-0.0135784242302,0.0306775383651,-0.0145741701126,0.00249543739483,0.00117137574125],[-0.000104114471469,-0.000158745315275,-0.00255093141459,0.00376642332412,-0.00347141665407,-0.0019861611072,0.00143686914816,-0.00672830780968,0.00806721299887,-0.0145741701126,0.0314639508724,-0.0131251206622,0.00167752278503],[-0.000147450788063,-0.000624130188953,0.00105267053004,-0.000978432013653,0.00146131345537,0.00310301966965,-0.00221458892338,0.00353423436172,-0.00420969258994,0.00249543739483,-0.0131251206622,0.0340696498752,-0.0145645746961],[0.000104930957605,0.000545705610421,-0.00173033901956,-0.00184670044109,-0.00186178530566,0.000842151348479,-0.000625767977908,-0.00322755915113,0.00200423272327,0.00117137574125,0.00167752278503,-0.0145645746961,0.0322470292449]],"mean":[-603.74432373,111.334182739,-29.4876213074,31.7472362518,12.3559246063,5.40681552887,2.70872020721,6.11499071121,3.59484672546,6.27386474609,-0.0620264336467,1.43728840351,-4.63916254044]},"pitch_salience":{"dmean":0.0686527937651,"dmean2":0.113474965096,"dvar":0.00395147129893,"dvar2":0.0102872522548,"max":0.91140127182,"mean":0.626565515995,"median":0.639721691608,"min":0.21055868268,"var":0.00933648645878},"silence_rate_20dB":{"dmean":0,"dmean2":0,"dvar":0,"dvar2":0,"max":1,"mean":1,"median":1,"min":1,"var":0},"silence_rate_30dB":{"dmean":0,"dmean2":0,"dvar":0,"dvar2":0,"max":1,"mean":1,"median":1,"min":1,"var":0},"silence_rate_60dB":{"dmean":0.000208289944567,"dmean2":0.000416623282945,"dvar":0.000208246565307,"dvar2":0.000416397320805,"max":1,"mean":0.0172862652689,"median":0,"min":0,"var":0.016987208277},"spectral_centroid":{"dmean":228.036483765,"dmean2":361.560119629,"dvar":53007.3515625,"dvar2":119237.164062,"max":11743.1699219,"mean":2081.70092773,"median":2039.90344238,"min":465.8465271,"var":848710.1875},"spectral_complexity":{"dmean":4.06019592285,"dmean2":6.37662744522,"dvar":11.4119949341,"dvar2":25.8289680481,"max":58,"mean":35.0338439941,"median":36,"min":0,"var":71.4616088867},"spectral_contrast_coeffs":{"dmean":[0.0525889918208,0.0444263257086,0.0364712737501,0.0274156127125,0.020369457081,0.0159171354026],"dmean2":[0.0887879431248,0.074723944068,0.0607636719942,0.0461909361184,0.0343290939927,0.0256133843213],"dvar":[0.00187570869457,0.00123504304793,0.000843980931677,0.000461080431705,0.000262788380496,0.000180937844561],"dvar2":[0.00528173940256,0.00346222380176,0.00232670037076,0.00127207301557,0.000719920441043,0.000433700712165],"max":[-0.34604793787,-0.527189612389,-0.544902384281,-0.605272173882,-0.602225184441,-0.577777802944],"mean":[-0.6666867733,-0.785422742367,-0.794366657734,-0.799681723118,-0.783787071705,-0.746596693993],"median":[-0.670588672161,-0.790308773518,-0.800273478031,-0.805490374565,-0.788724482059,-0.746116042137],"min":[-0.9765817523,-0.978546500206,-0.977449893951,-0.97674715519,-0.9685754776,-0.96336877346],"var":[0.00493426062167,0.0031508160755,0.00300322659314,0.00182359712198,0.00137636461295,0.00143981643487]},"spectral_contrast_valleys":{"dmean":[0.384693026543,0.346680998802,0.293717324734,0.216041773558,0.170538663864,0.200238734484],"dmean2":[0.639532804489,0.570488035679,0.477519273758,0.352509915829,0.269078046083,0.268898427486],"dvar":[0.1167120561,0.0990609899163,0.0729093775153,0.049280770123,0.0447936989367,0.0672807097435],"dvar2":[0.270991712809,0.218799591064,0.154288932681,0.0929582417011,0.0710979476571,0.104787223041],"max":[-5.40955066681,-4.83571338654,-4.99660634995,-5.71306467056,-5.65954494476,-7.7190284729],"mean":[-7.14900684357,-6.63643789291,-6.97991085052,-6.88771104813,-6.77251720428,-10.066116333],"median":[-6.82122468948,-6.38748168945,-6.76609182358,-6.65827417374,-6.51647472382,-9.72179889679],"min":[-28.1855945587,-28.0093345642,-27.8474845886,-27.6813659668,-27.5218696594,-27.4205169678],"var":[4.215883255,4.26420450211,4.07963752747,4.0450258255,4.08688497543,3.38660979271]},"spectral_decrease":{"dmean":1.8558111714e-9,"dmean2":3.0255185024e-9,"dvar":4.87771367302e-18,"dvar2":1.23311172267e-17,"max":1.4472722936e-19,"mean":-6.21844886695e-9,"median":-5.74925129726e-9,"min":-3.21829496386e-8,"var":9.56521385546e-18},"spectral_energy":{"dmean":0.00727970339358,"dmean2":0.0118423700333,"dvar":0.0000721388860256,"dvar2":0.000182317919098,"max":0.123670049012,"mean":0.0259533897042,"median":0.0240440908819,"min":9.59762397447e-21,"var":0.000155589863425},"spectral_energyband_high":{"dmean":0.000217249529669,"dmean2":0.000316182180541,"dvar":1.23670261587e-7,"dvar2":2.56007041344e-7,"max":0.00914387963712,"mean":0.000793716229964,"median":0.000620727834757,"min":6.95361304007e-21,"var":4.88284683797e-7},"spectral_energyband_low":{"dmean":0.0051540331915,"dmean2":0.00845888908952,"dvar":0.0000621243016212,"dvar2":0.000155841276865,"max":0.114040210843,"mean":0.00904000643641,"median":0.00661560986191,"min":1.37290985362e-23,"var":0.0000814532322693},"spectral_energyband_middle_high":{"dmean":0.0023282293696,"dmean2":0.00363606726751,"dvar":0.00000801497299108,"dvar2":0.0000201685706998,"max":0.0496483258903,"mean":0.00967692770064,"median":0.00736858556047,"min":1.05356405287e-21,"var":0.0000415265749325},"spectral_energyband_middle_low":{"dmean":0.00321984197944,"dmean2":0.00529132783413,"dvar":0.000017865186237,"dvar2":0.0000479358095617,"max":0.0554259680212,"mean":0.00775354076177,"median":0.00643428834155,"min":1.83301815152e-22,"var":0.0000289046038233},"spectral_entropy":{"dmean":0.0763769894838,"dmean2":0.117324493825,"dvar":0.0056032477878,"dvar2":0.0121461767703,"max":9.82688617706,"mean":7.8671631813,"median":7.85398578644,"min":7.03936052322,"var":0.0683020353317},"spectral_flux":{"dmean":0.018294069916,"dmean2":0.0287628881633,"dvar":0.000373776507331,"dvar2":0.00084117037477,"max":0.256366282701,"mean":0.0916647464037,"median":0.0896887406707,"min":6.36900601703e-11,"var":0.00103420240339},"spectral_kurtosis":{"dmean":1.27176713943,"dmean2":2.18940043449,"dvar":1.94270098209,"dvar2":5.8696141243,"max":35.9344024658,"mean":4.70701313019,"median":4.48960781097,"min":-1.24807882309,"var":3.79141235352},"spectral_rms":{"dmean":0.0006726909196,"dmean2":0.00107970274985,"dvar":4.92350125114e-7,"dvar2":0.00000120608683574,"max":0.0109842484817,"mean":0.00486121280119,"median":0.00484330952168,"min":3.05998954474e-12,"var":0.00000168896394825},"spectral_rolloff":{"dmean":444.135375977,"dmean2":721.046020508,"dvar":301566.8125,"dvar2":657444.625,"max":19487.5488281,"mean":2372.65600586,"median":2368.65234375,"min":107.666015625,"var":3109117.25},"spectral_skewness":{"dmean":0.160078421235,"dmean2":0.26621440053,"dvar":0.0214593913406,"dvar2":0.0597442686558,"max":3.43918681145,"mean":1.35942542553,"median":1.37503826618,"min":-0.0708568766713,"var":0.105584956706},"spectral_spread":{"dmean":309293.53125,"dmean2":444407.8125,"dvar":335818948608,"dvar2":540266364928,"max":42502824,"mean":3897299,"median":3488963,"min":1427843.625,"var":12635801124900},"spectral_strongpeak":{"dmean":0.532425761223,"dmean2":0.928424835205,"dvar":1.10483813286,"dvar2":2.92215418816,"max":11.9939689636,"mean":0.675100922585,"median":0.278663814068,"min":0,"var":1.28369832039},"zerocrossingrate":{"dmean":0.00844774395227,"dmean2":0.0102394120768,"dvar":0.0000817263135104,"dvar2":0.000113992442493,"max":0.52587890625,"mean":0.0782886743546,"median":0.0732421875,"min":0.00830078125,"var":0.00208938773721}},"metadata":{"audio_properties":{"analysis_sample_rate":44100,"bit_rate":192000,"codec":"mp3","downmix":"mix","equal_loudness":0,"length":222.955108643,"lossless":false,"md5_encoded":"d3ed3e8b0b38e974c06b825c85cc7436","replay_gain":-13.1390476227,"sample_rate":44100},"tags":{"album":["Nude With Boots"],"albumartist":["Melvins"],"albumartistsort":["Melvins"],"artist":["Melvins"],"artistsort":["Melvins"],"asin":["B00191WSWM"],"barcode":["689230010524"],"catalognumber":["IPC-105"],"date":["2008-06-20"],"file_name":"06 The Smiling Cobra.mp3","genre":["Rock","Future Release","Experimental","Alternative Rock"],"label":["Ipecac Recordings"],"musicbrainz album release country":["XE"],"musicbrainz album status":["official"],"musicbrainz album type":["album"],"musicbrainz_albumartistid":["9ccfbc94-a4f4-42f7-b6f5-d903ab77cccb"],"musicbrainz_albumid":["5b3593a4-953b-4d47-bd46-a366b8e2420e"],"musicbrainz_artistid":["9ccfbc94-a4f4-42f7-b6f5-d903ab77cccb"],"musicbrainz_recordingid":["e437c16d-6724-4e65-ae8c-b4dc5f7eea4a"],"musicip_puid":["7220fd34-ce03-1ce2-c276-386476b885db"],"originaldate":["2008-06-20"],"title":["The Smiling Cobra"],"tracknumber":["6/11"]},"version":{"essentia":"2.1-beta2","essentia_build_sha":"70f2e5ece6736b2c40cc944ad0e695b16b925413","essentia_git_sha":"v2.1_beta2","extractor":"music 1.0"}},"rhythm":{"beats_count":551,"beats_loudness":{"dmean":0.00866021309048,"dmean2":0.014880431816,"dvar":0.000067353117629,"dvar2":0.000184563468792,"max":0.0674890130758,"mean":0.0272570680827,"median":0.0264067016542,"min":0,"var":0.000118124415167},"beats_loudness_band_ratio":{"dmean":[0.181343004107,0.0756855458021,0.0820025280118,0.0847140923142,0.0941046178341,0.0377835407853],"dmean2":[0.310706287622,0.129045024514,0.142433911562,0.148154497147,0.163624167442,0.0647166967392],"dvar":[0.0254185702652,0.0046857977286,0.00589951639995,0.0114531321451,0.00731855304912,0.00155216082931],"dvar2":[0.06646078825,0.01235516835,0.0159432347864,0.0316083543003,0.0209018532187,0.00439874595031],"