{"lowlevel":{"average_loudness":0.578942358494,"barkbands":{"dmean":[0.00219706445932,0.00729066319764,0.00353040918708,0.0017966494197,0.00139229360502,0.0010033568833,0.000620373757556,0.000384901359212,0.000510538055096,0.000402271281928,0.000434190587839,0.000975970178843,0.00101168674883,0.000528843083885,0.000614205840975,0.000325175205944,0.000165936886333,0.000136828879477,0.000117159201181,0.0000740121176932,0.0000506749202032,0.000040211063606,0.0000305348476104,0.0000187617242773,0.00000312264955937,0.0000428478451795,0.000444568868261],"dmean2":[0.0036946949549,0.0117896767333,0.00573903368786,0.0029373394791,0.00228451285511,0.00158381834626,0.000990574015304,0.000632980198134,0.000845771864988,0.00066402257653,0.000698873191141,0.00161416654009,0.00168410188053,0.000882006890606,0.00101225788239,0.000539004686289,0.000268971925834,0.000212434795685,0.00017835466133,0.00010847208614,0.0000724799538148,0.0000555792685191,0.0000449557774118,0.0000273276491498,0.00000522049549545,0.0000615591416135,0.000641290796921],"dvar":[0.0000267174564215,0.000130781991174,0.0000278841162071,0.0000102653593785,0.00000548240677745,0.00000444807074018,0.0000028688968996,9.96854510049e-7,0.00000150305277202,6.51758625736e-7,0.0000010240046322,0.00000229883266911,0.00000229946954278,7.05890670361e-7,8.90855119451e-7,3.25951418745e-7,1.10693122224e-7,1.05220969715e-7,8.19625469717e-8,3.77306648147e-8,1.94037248491e-8,1.21873657832e-8,2.14955413469e-8,8.10493006043e-9,1.01087596627e-10,5.19666194521e-8,7.47338219753e-7],"dvar2":[0.0000705691418261,0.000355340598617,0.0000771419654484,0.0000273873429251,0.0000146649717863,0.00000996627113636,0.00000683228654452,0.00000246583067565,0.0000040341096792,0.00000174824845089,0.0000025514407298,0.00000600048406341,0.00000597138159719,0.00000189071022305,0.00000235485367739,8.88093723006e-7,2.76415306644e-7,2.47674933007e-7,1.79977860171e-7,7.61527445547e-8,3.77944111563e-8,2.27293668331e-8,5.24072518715e-8,1.85571433775e-8,2.57972393447e-10,1.22280980008e-7,0.00000129304862639],"max":[0.0822694599628,0.172744080424,0.150650322437,0.0764521807432,0.050235003233,0.0769514665008,0.076420456171,0.0305387508124,0.0216758288443,0.0229224711657,0.027782779187,0.0324210897088,0.0440536849201,0.024439163506,0.0156722813845,0.0116309504956,0.00772130256519,0.00915319472551,0.00853331293911,0.00644799647853,0.00690801581368,0.00293586077169,0.00465016299859,0.00210030819289,0.000309258059133,0.00590337114409,0.0287240743637],"mean":[0.00284669664688,0.0151054514572,0.00721560977399,0.00286930799484,0.00266151246615,0.00166706123855,0.000943902821746,0.000556430662982,0.00074684160063,0.000642796396278,0.000677758536767,0.00182780192699,0.00192367692944,0.00101562484633,0.00124600075651,0.00065049022669,0.000344871514244,0.00028599073994,0.000254445360042,0.000167050093296,0.000112005487608,0.0000863878085511,0.0000469796614198,0.0000260063698079,0.00000304829177367,0.00006236621266,0.00165475660469],"median":[0.000839812564664,0.0108701735735,0.00350212492049,0.00145178858656,0.0017322669737,0.00068423349876,0.000252328813076,0.000160505165695,0.000213664432522,0.000317936239298,0.000257907813648,0.00121007673442,0.00126392766833,0.000691285764333,0.000760084949434,0.000366087100701,0.000161738600582,0.0000901969397091,0.0000774306972744,0.0000448001592304,0.0000298282466247,0.0000184437285498,0.0000070104824772,0.00000234639878727,8.72981388511e-7,0.00000579834568271,0.000930685084313],"min":[3.24705107958e-25,1.69034373479e-24,2.11933043657e-24,7.76623305998e-25,6.63939653283e-24,9.43014265749e-24,7.11573283551e-24,1.48686333573e-23,1.76437308482e-23,2.58741564861e-23,2.55714942226e-23,2.14835649469e-23,4.33076716803e-23,4.83775576558e-23,6.59175390955e-23,7.18950789623e-23,6.11960992927e-23,1.0704338875e-22,1.03831229186e-22,1.86880328032e-22,2.97850931425e-22,3.4197622588e-22,4.2926316755e-22,5.51776472061e-22,7.01128414912e-22,1.30461175319e-21,1.91479972759e-21],"var":[0.0000324579195876,0.000250182289165,0.000133776542498,0.0000180765964615,0.0000106908792077,0.00000956073745328,0.00000545183957001,0.00000173320233898,0.00000233472837863,0.00000103969978227,0.00000189844115539,0.00000508410266775,0.00000511552207172,0.00000147667867623,0.00000223197093874,7.72785654135e-7,3.00180516888e-7,3.2383945836e-7,2.47485729687e-7,1.29185394826e-7,6.43857305249e-8,3.85438561068e-8,2.47517828456e-8,9.73942793081e-9,8.80674005943e-11,5.86450070728e-8,0.00000583269502386]},"barkbands_crest":{"dmean":2.44484806061,"dmean2":3.9988694191,"dvar":5.24178743362,"dvar2":14.1664571762,"max":25.5433044434,"mean":10.1612071991,"median":9.51673126221,"min":2.44444441795,"var":16.649679184},"barkbands_flatness_db":{"dmean":0.0210935808718,"dmean2":0.0327574945986,"dvar":0.000399079668568,"dvar2":0.000995558337308,"max":0.410835236311,"mean":0.145008742809,"median":0.138715147972,"min":0.0193346962333,"var":0.00305707426742},"barkbands_kurtosis":{"dmean":3.3788421154,"dmean2":5.37209844589,"dvar":51.0287971497,"dvar2":126.996284485,"max":282.478485107,"mean":6.87221240997,"median":2.76840496063,"min":-1.81963133812,"var":192.119827271},"barkbands_skewness":{"dmean":0.524895608425,"dmean2":0.833586871624,"dvar":0.287079185247,"dvar2":0.720689237118,"max":12.2184152603,"mean":2.00672507286,"median":1.70436060429,"min":-2.20347499847,"var":1.85328328609},"barkbands_spread":{"dmean":6.5644826889,"dmean2":10.3147439957,"dvar":46.3565750122,"dvar2":109.644805908,"max":130.157180786,"mean":34.2603797913,"median":31.2461357117,"min":0.69942599535,"var":391.848754883},"dissonance":{"dmean":0.0125314854085,"dmean2":0.0215399749577,"dvar":0.000186039789696,"dvar2":0.000526836432982,"max":0.5,"mean":0.479579150677,"median":0.484148800373,"min":0.113878890872,"var":0.000290944910375},"dynamic_complexity":4.40661907196,"erbbands":{"dmean":[0.212541729212,1.71759748459,4.1249256134,4.73247480392,5.62275505066,4.73268699646,5.93454837799,8.66979408264,7.94815540314,7.72819566727,11.0603761673,10.5168304443,10.0838956833,15.857006073,18.9317035675,40.7552070618,43.669216156,23.5090351105,30.1719799042,27.5629863739,13.9569711685,8.82446575165,6.79185962677,7.45993328094,4.40217351913,3.548204422,2.53989100456,1.75553369522,1.50322115421,1.15749406815,0.818880319595,0.531774699688,0.245133265853,0.0524510405958,0.018859770149,0.061920709908,0.098622225225,0.0591702200472,0.0229951478541,0.00981722772121],"dmean2":[0.352721273899,2.77674889565,6.6215429306,7.71058082581,9.29011535645,7.78009128571,9.53349590302,13.7663497925,12.5721445084,12.4372787476,18.2124137878,17.3592453003,16.5826644897,25.9683074951,30.5517406464,67.7294387817,72.7659683228,38.542350769,49.9538345337,45.5303840637,22.9727725983,14.2342691422,10.4946489334,11.4317054749,6.52770805359,5.20823574066,3.71957778931,2.50348162651,2.11237215996,1.63595581055,1.20534658432,0.786538779736,0.360700815916,0.0830090716481,0.0308491997421,0.0914869010448,0.143056124449,0.0779134482145,0.0281855724752,0.0139891235158],"dvar":[0.134545221925,7.37120723724,36.7033882141,59.6062469482,118.581634521,61.5044822693,158.717208862,404.396392822,486.136016846,409.471221924,936.530456543,644.48046875,476.931671143,1229.23547363,1486.0847168,4050.30126953,4135.12744141,1478.71887207,2052.05419922,2093.34375,572.12109375,324.191314697,262.176757812,334.232391357,136.110916138,90.462638855,47.5786361694,27.5467700958,16.9214878082,16.7050075531,16.2686805725,7.38695669174,1.33799004555,0.0463278256357,0.00169385084882,0.0934978201985,0.281491339207,0.0566482134163,0.00373949552886,0.000346497748978],"dvar2":[0.363882780075,20.1359786987,100.868049622,162.842971802,316.177947998,168.900543213,375.665161133,914.852661133,1163.17480469,977.69543457,2385.42041016,1711.42565918,1269.76757812,3162.21044922,3800.73852539,10678.4794922,10674.3623047,3905.37646484,5256.30615234,5563.54101562,1522.20617676,799.210632324,599.595275879,757.011108398,285.510131836,180.125320435,100.700370789,54.3590736389,32.7575912476,35.648815155,39.6664772034,17.6282672882,3.02336812019,0.109500288963,0.00406177109107,0.208043888211,0.668728590012,0.117457479239,0.00546956947073,0.000592123426031],"max":[5.73393106461,46.2640380859,121.967628479,183.071166992,260.326293945,176.683151245,451.813323975,981.484008789,1310.10998535,790.101989746,685.782470703,562.08026123,618.011657715,900.484680176,1443.7199707,1393.49536133,1890.54272461,1399.2487793,968.034179688,1054.671875,513.49987793,485.610687256,478.944549561,669.843933105,459.657226562,336.840118408,247.337631226,340.757019043,129.308700562,131.985961914,112.7681427,63.7988548279,26.2689056396,6.63312578201,1.09228742123,7.40276575089,12.9521522522,7.75319862366,1.84933114052,0.602354586124],"mean":[0.362180531025,3.60885739326,8.61086845398,9.54851436615,9.80971240997,9.03337097168,9.76610469818,13.8865766525,12.2877550125,12.3890218735,16.440782547,16.025428772,16.7104511261,26.3675174713,36.0822257996,79.6862487793,87.9213409424,52.1712989807,65.248336792,57.9581336975,31.0007591248,19.800786972,15.3591308594,16.0007991791,10.1016159058,8.04138660431,5.53114032745,3.8773150444,3.23139286041,2.16248130798,1.22585403919,0.719164073467,0.335819780827,0.0596146844327,0.0211601983756,0.0821649879217,0.139546439052,0.121659763157,0.0743641257286,0.0445287339389],"median":[0.240455582738,2.35340857506,4.99773406982,5.42517089844,5.88205337524,5.18601322174,4.3583612442,5.72006702423,4.07983016968,3.58604717255,4.35692119598,4.82094669342,7.92203521729,11.7213172913,19.931892395,55.261089325,61.8561935425,37.3036346436,43.457321167,33.9640350342,18.959690094,9.72847938538,5.30921649933,4.60558605194,3.13406133652,2.16365003586,1.47144258022,1.00798797607,0.68879699707,0.411110758781,0.168538793921,0.0698563754559,0.0314355455339,0.012742549181,0.00721827428788,0.00841809250414,0.0119116287678,0.0176454260945,0.0183277614415,0.030172476545],"min":[1.56449355969e-22,5.42775228345e-22,3.10550824596e-21,1.88102284933e-21,1.09173017845e-20,2.38507577613e-20,7.22270394062e-20,1.10836321345e-19,1.4304580382e-19,3.08020760214e-19,2.35437806962e-19,3.81287765983e-19,7.17665931956e-19,8.25551170144e-19,8.10378868252e-19,1.12677271252e-18,2.2917500024e-18,2.38517984579e-18,3.04996649933e-18,4.03444894705e-18,4.14991384798e-18,4.40440258088e-18,5.31441954151e-18,5.80752465212e-18,9.59116416564e-18,9.48469940336e-18,1.02594169127e-17,1.11354284784e-17,1.21954074938e-17,1.27716215085e-17,1.22655201497e-17,1.05134324983e-17,9.69407701437e-18,6.58666054675e-18,6.44745597582e-18,4.55228179489e-18,2.34798525596e-18,9.75421924875e-19,2.33272015474e-19,2.9925129509e-20],"var":[0.178971871734,16.1261768341,134.62210083,163.421203613,192.251846313,155.500961304,345.245635986,744.61517334,788.025390625,857.778015137,1575.49194336,1017.48736572,752.802734375,2172.22973633,3084.23999023,9032.24902344,9478.91503906,3399.35595703,5679.21777344,5343.09619141,1505.4732666,943.123535156,853.335083008,1001.56311035,425.22265625,306.650512695,145.735321045,87.6618041992,53.6551017761,32.1547737122,18.1824512482,7.96868181229,1.66125202179,0.0479254648089,0.00197047949769,0.111869126558,0.307405561209,0.111460953951,0.0233762226999,0.00313857058063]},"erbbands_crest":{"dmean":2.26414227486,"dmean2":3.78389716148,"dvar":4.02353096008,"dvar2":10.8798694611,"max":28.7077140808,"mean":8.46893596649,"median":7.85523843765,"min":1.78068196774,"var":9.87248134613},"erbbands_flatness_db":{"dmean":0.0192595385015,"dmean2":0.0301527734846,"dvar":0.000298355211271,"dvar2":0.000720786920283,"max":0.307933241129,"mean":0.155138596892,"median":0.154777526855,"min":0.0209588296711,"var":0.00149567448534},"erbbands_kurtosis":{"dmean":0.968842089176,"dmean2":1.56430923939,"dvar":1.0950949192,"dvar2":2.72974920273,"max":21.4704742432,"mean":1.09402811527,"median":0.707953572273,"min":-1.81044924259,"var":3.7042620182},"erbbands_skewness":{"dmean":0.312759250402,"dmean2":0.49648886919,"dvar":0.0684964880347,"dvar2":0.166888475418,"max":3.45853686333,"mean":-0.560002326965,"median":-0.599069595337,"min":-2.85834312439,"var":0.384217023849},"erbbands_spread":{"dmean":5.32588386536,"dmean2":8.48462104797,"dvar":23.9493618011,"dvar2":58.3675575256,"max":108.458206177,"mean":26.9322414398,"median":24.9852905273,"min":3.98777985573,"var":137.714141846},"gfcc":{"cov":[[24751.9199219,-102.320854187,-1144.03259277,716.76940918,305.020812988,-504.917205811,546.655761719,-336.981506348,166.542892456,-50.8257675171,-52.2564277649,89.9550628662,-232.282806396],[-102.320854187,1435.24914551,53.3381080627,-377.473907471,239.121032715,-3.49519085884,-64.8273010254,-95.4263153076,18.5755176544,-62.9354133606,30.0001659393,-142.610702515,144.969146729],[-1144.03259277,53.3381080627,329.308776855,-0.624315977097,-65.3205490112,126.540397644,-111.734565735,56.1283912659,-54.9851264954,0.0307275988162,-8.14162826538,-6.32174825668,18.6698856354],[716.76940918,-377.473907471,-0.624315977097,414.431945801,24.585395813,-82.5449447632,101.737754822,-34.3709487915,-0.570953845978,1.86379873753,-47.2655143738,31.3336448669,-80.8550567627],[305.020812988,239.121032715,-65.3205490112,24.585395813,243.971633911,-11.5824317932,53.0554618835,-51.8222236633,1.23511707783,-36.8672218323,25.3252658844,-22.8506298065,33.8562316895],[-504.917205811,-3.49519085884,126.540397644,-82.5449447632,-11.5824317932,222.083084106,-54.6721725464,39.8726844788,-62.9521141052,-0.706184267998,11.660902977,10.0602407455,32.9666900635],[546.655761719,-64.8273010254,-111.734565735,101.737754822,53.0554618835,-54.6721725464,167.854446411,-30.1671886444,35.519744873,-6.90513181686,-14.7636318207,16.0163860321,-33.1205406189],[-336.981506348,-95.4263153076,56.1283912659,-34.3709487915,-51.8222236633,39.8726844788,-30.1671886444,126.658561707,17.9607315063,24.1147594452,9.85270214081,-9.03317070007,7.49789810181],[166.542892456,18.5755176544,-54.9851264954,-0.570953845978,1.23511707783,-62.9521141052,35.519744873,17.9607315063,106.908721924,35.4298744202,-3.02094602585,-2.98874187469,-25.606256485],[-50.8257675171,-62.9354133606,0.0307275988162,1.86379873753,-36.8672218323,-0.706184267998,-6.90513181686,24.1147594452,35.4298744202,67.958114624,22.1329498291,6.14374065399,-4.988676548],[-52.2564277649,30.0001659393,-8.14162826538,-47.2655143738,25.3252658844,11.660902977,-14.7636318207,9.85270214081,-3.02094602585,22.1329498291,70.5913848877,24.6287021637,23.5706748962],[89.9550628662,-142.610702515,-6.32174825668,31.3336448669,-22.8506298065,10.0602407455,16.0163860321,-9.03317070007,-2.98874187469,6.14374065399,24.6287021637,71.5480041504,2.18852066994],[-232.282806396,144.969146729,18.6698856354,-80.8550567627,33.8562316895,32.9666900635,-33.1205406189,7.49789810181,-25.606256485,-4.988676548,23.5706748962,2.18852066994,82.3300094604]],"icov":[[0.0000548515599803,-0.0000893058386282,0.000264558271738,-0.000170258179423,0.0000462066636828,-0.0000656599731883,0.0000526846088178,-0.0000607269539614,0.0000434039066022,0.0000095071591204,0.0000171521514858,-0.000153449174832,0.000132066212245],[-0.0000893058386282,0.0025275752414,-0.00214820145629,0.00191562215332,-0.000904787098989,0.000589875562582,-0.000930749927647,0.00304208160378,-0.00249733147211,0.00178554002196,-0.0017918064259,0.00479704421014,-0.00313280825503],[0.000264558271738,-0.00214820145629,0.00811057537794,-0.00382273783907,0.0020022878889,-0.00354030751623,0.00402732938528,-0.00328219216317,0.00152184441686,0.000169070248376,0.00106210680678,-0.00277096475475,0.00170199351851],[-0.000170258179423,0.00191562215332,-0.00382273783907,0.00761480256915,-0.00444561848417,0.00401634722948,-0.00269808270968,0.000641364371404,0.0035219299607,-0.00461979024112,0.00545548228547,-0.00236219656654,0.00288429087959],[0.0000462066636828,-0.000904787098989,0.0020022878889,-0.00444561848417,0.0106775071472,-0.00366496504284,-0.00162912369706,0.00323625351302,-0.00550446705893,0.00886647123843,-0.0102199018002,0.00765354512259,-0.00542222382501],[-0.0000656599731883,0.000589875562582,-0.00354030751623,0.00401634722948,-0.00366496504284,0.00948655325919,-0.00105361174792,-0.00253709126264,0.00674109347165,-0.00528077874333,0.0048138089478,-0.00437178416178,0.00155368715059],[0.0000526846088178,-0.000930749927647,0.00402732938528,-0.00269808270968,-0.00162912369706,-0.00105361174792,0.0112638454884,-0.00132072228007,-0.00150399410632,0.000449417886557,0.00284887943417,-0.00461313361302,0.00283442181535],[-0.0000607269539614,0.00304208160378,-0.00328219216317,0.000641364371404,0.00323625351302,-0.00253709126264,-0.00132072228007,0.0157215911895,-0.00890045985579,0.00445418525487,-0.00794126093388,0.0114320907742,-0.00696044275537],[0.0000434039066022,-0.00249733147211,0.00152184441686,0.0035219299607,-0.00550446705893,0.00674109347165,-0.00150399410632,-0.00890045985579,0.0249651372433,-0.0175103023648,0.0125589026138,-0.0120410714298,0.0108315618709],[0.0000095071591204,0.00178554002196,0.000169070248376,-0.00461979024112,0.00886647123843,-0.00528077874333,0.000449417886557,0.00445418525487,-0.0175103023648,0.0336460024118,-0.0200486574322,0.0131301786751,-0.00746552692726],[0.0000171521514858,-0.0017918064259,0.00106210680678,0.00545548228547,-0.0102199018002,0.0048138089478,0.00284887943417,-0.00794126093388,0.0125589026138,-0.0200486574322,0.0358750782907,-0.0217396114022,0.00546306185424],[-0.000153449174832,0.00479704421014,-0.00277096475475,-0.00236219656654,0.00765354512259,-0.00437178416178,-0.00461313361302,0.0114320907742,-0.0120410714298,0.0131301786751,-0.0217396114022,0.0362927690148,-0.0125551633537],[0.000132066212245,-0.00313280825503,0.00170199351851,0.00288429087959,-0.00542222382501,0.00155368715059,0.00283442181535,-0.00696044275537,0.0108315618709,-0.00746552692726,0.00546306185424,-0.0125551633537,0.0255497954786]],"mean":[-15.4321985245,101.750717163,-92.6792984009,-3.38250827789,9.65155220032,-2.94971299171,-1.0600104332,-26.7671222687,-1.81819581985,-7.96134710312,-3.23751735687,-4.77391576767,-8.27412223816]},"hfc":{"dmean":49.6044006348,"dmean2":76.2550735474,"dvar":5095.05273438,"dvar2":11806.8779297,"max":1629.07653809,"mean":219.704925537,"median":196.006744385,"min":1.0815127767e-16,"var":24494.4238281},"melbands":{"dmean":[0.00196205289103,0.00214258185588,0.000818004482426,0.000355841417331,0.000189440645045,0.000189784899703,0.000125663689687,0.0000769886100898,0.000101119941974,0.0000648581626592,0.0000519888963026,0.0000650896690786,0.0000578686413064,0.000106644569314,0.00011037139484,0.0000979951582849,0.000043048603402,0.0000544615613762,0.0000496689972351,0.0000285194837488,0.0000159938426805,0.0000103814554677,0.00000769116286392,0.00000660087880533,0.0000066631628215,0.00000412267581851,0.00000280677318187,0.00000248070682574,0.00000184048610663,0.000001302192004,0.00000104332582396,9.14281770292e-7,8.31636896237e-7,6.2279912072e-7,4.81111783301e-7,4.48277972964e-7,2.87628864726e-7,1.95512726009e-7,9.62573736274e-8,2.80390253238e-8],"dmean2":[0.00319717521779,0.00343858660199,0.00133558665402,0.000583718763664,0.000304889341351,0.000300029845675,0.000199029876967,0.00012340414105,0.000166382116731,0.000107180727355,0.0000856331826071,0.000107050553197,0.0000932240072871,0.000176356290467,0.000185055410839,0.000163304270245,0.0000716324066161,0.0000910459057195,0.000082426588051,0.0000471780767839,0.0000266128081421,0.0000169224094861,0.0000124255175251,0.0000103771890281,0.0000103888951344,0.00000638049232293,0.00000423417714046,0.00000375080571757,0.00000278717084257,0.00000192695256374,0.0000015390809267,0.00000133387868573,0.00000118996479159,9.1835869398e-7,7.20142054433e-7,6.81262292801e-7,4.29560600423e-7,2.91862761514e-7,1.47450990085e-7,4.68670471321e-8],"dvar":[0.0000100514553196,0.00000963713500823,0.0000017746915546,3.69119533161e-7,1.28273754285e-7,1.75285350679e-7,1.13481334552e-7,3.64939189978e-8,8.21094374714e-8,2.50700544768e-8,1.24891457176e-8,2.00571719233e-8,1.59918265297e-8,2.96800184429e-8,2.5276294835e-8,2.64785828819e-8,5.10952169464e-9,7.19459514187e-9,6.33946628525e-9,2.55800203242e-9,7.4728750965e-10,4.45463804732e-10,3.2386104909e-10,2.74675671097e-10,2.67607463966e-10,1.15669161749e-10,5.57458801342e-11,4.61588024747e-11,2.52352791441e-11,1.22072100692e-11,1.09352717853e-11,6.32198373512e-12,6.30947811359e-12,5.93337445148e-12,5.21779494611e-12,6.01945186404e-12,1.96606034404e-12,8.7396008399e-13,2.09136432673e-13,8.70479581564e-15],"dvar2":[0.0000268337698799,0.0000264453228738,0.00000484897145725,9.88942019831e-7,3.10720622565e-7,3.95301753997e-7,2.708314355e-7,8.65773301939e-8,2.13005648675e-7,6.62139427732e-8,3.33307035305e-8,5.20168619289e-8,4.0440735205e-8,7.68442660615e-8,6.75696156804e-8,6.87380747877e-8,1.35179893945e-8,1.86344877307e-8,1.70242966391e-8,6.82844225608e-9,1.99958738456e-9,1.11948095238e-9,7.8427286887e-10,6.67019939282e-10,6.26709184548e-10,2.63994687222e-10,1.20693649519e-10,9.66785262957e-11,5.64188973318e-11,2.58859704505e-11,2.40103163046e-11,1.32565486366e-11,1.27706786118e-11,1.37447666096e-11,1.29211355157e-11,1.47577332299e-11,4.65219269358e-12,2.00984714982e-12,4.78041326142e-13,2.23094180391e-14],"max":[0.0512780621648,0.0611631125212,0.0297510996461,0.0128334937617,0.011892773211,0.0189599115402,0.0180305838585,0.00694672344252,0.00661037256941,0.00384371262044,0.0031621970702,0.00360670126975,0.00363844726235,0.00354475597851,0.00337875890546,0.00438753096387,0.00244946056046,0.00183112046216,0.00133572600316,0.0013072360307,0.000499422894791,0.000603081774898,0.000553408346605,0.000507434364408,0.000582677894272,0.000335845805239,0.000233792408835,0.000223571420065,0.000157603848493,0.000167747479281,0.000223628274398,0.0000917784491321,0.0000628018970019,0.0000886665438884,0.0000690050073899,0.0000627175759291,0.0000310775612888,0.0000238372358581,0.0000140230285979,0.00000360428475688],"mean":[0.00395675376058,0.00485650449991,0.00172351230867,0.000677504576743,0.000339648831869,0.000311016337946,0.000194772233954,0.000124267564388,0.000145456942846,0.0000970591354417,0.0000831491488498,0.000104525053757,0.000100329416455,0.000192244362552,0.000213028557482,0.000176550354809,0.0000849164935062,0.000106293657154,0.0000953276758082,0.0000560092266824,0.000031968102121,0.0000208991350519,0.0000154213921633,0.0000130947455546,0.0000132114219014,0.00000848452236824,0.00000581760923524,0.00000520800767845,0.0000036916346744,0.00000261993636741,0.00000210340976992,0.00000185112889994,0.00000157534350365,0.00000105225569769,7.12372184353e-7,5.80075493417e-7,3.82142445687e-7,2.65041165903e-7,1.17317242143e-7,2.6672861253e-8],"median":[0.00301685510203,0.00321106892079,0.00105097983032,0.000432035943959,0.000175364286406,0.000128833868075,0.0000602073378104,0.0000372468020942,0.0000351029157173,0.0000293673401757,0.0000382013095077,0.0000455315457657,0.0000459752263851,0.000120531658467,0.000152111708303,0.000109331485874,0.0000583873115829,0.0000685163468006,0.0000554504513275,0.0000297049300571,0.0000188793928828,0.0000100839533843,0.00000526903340869,0.00000386044757761,0.00000362362970918,0.00000261373952526,0.00000153474297804,0.00000133428238769,9.55818904913e-7,6.70518829793e-7,5.09488359057e-7,3.87364792687e-7,2.9289020631e-7,1.84734247455e-7,9.74340395032e-8,5.97482596731e-8,3.4111579339e-8,2.30933743239e-8,1.41770071238e-8,7.32053084818e-9],"min":[2.76817010884e-24,1.26766131354e-24,4.01625505016e-25,1.56787465698e-24,3.12941278873e-24,2.60552197854e-24,1.68683626199e-24,3.36673054802e-24,1.75228785408e-24,2.12168715852e-24,2.96436691571e-24,2.72785201962e-24,2.6439418712e-24,2.96945901286e-24,3.66788608719e-24,3.54500522399e-24,4.24403262147e-24,3.90760237806e-24,4.55800951694e-24,4.72974374715e-24,3.56368939453e-24,4.62067228852e-24,3.18797545575e-24,4.88228301938e-24,4.50525128846e-24,4.37491135097e-24,6.78448067508e-24,5.11876379724e-24,5.48368138567e-24,6.54040040569e-24,5.39453300363e-24,6.66806847129e-24,5.97336994803e-24,5.97864742748e-24,5.79256342298e-24,6.01919645573e-24,6.84972578283e-24,6.59721929568e-24,6.09382111964e-24,5.11800767406e-24],"var":[0.0000164128232427,0.000030587274523,0.00000462943580715,7.19670879334e-7,2.88824594463e-7,3.3960810697e-7,1.98534877427e-7,7.88301406374e-8,1.34228812954e-7,3.86917768935e-8,1.92844815672e-8,3.44389619045e-8,3.17307495834e-8,6.26802645343e-8,5.62611432997e-8,5.16757623359e-8,1.02825090664e-8,1.74689969157e-8,1.44483038866e-8,6.11799366723e-9,1.69992753207e-9,1.09394315828e-9,8.81774542272e-10,7.27483184804e-10,7.10907888113e-10,2.98345376182e-10,1.62376542767e-10,1.38502848079e-10,6.79915151958e-11,3.53714800505e-11,2.87550504241e-11,1.84441992929e-11,1.49083852902e-11,9.03208584313e-12,5.831145896e-12,5.91556274451e-12,2.18769121742e-12,1.05416586918e-12,2.39477925337e-13,7.41868216435e-15]},"melbands_crest":{"dmean":3.3892390728,"dmean2":5.62926483154,"dvar":9.59749698639,"dvar2":28.3261451721,"max":39.1071662903,"mean":16.0729751587,"median":15.8497467041,"min":1.44029688835,"var":23.3354110718},"melbands_flatness_db":{"dmean":0.0290094614029,"dmean2":0.0451592579484,"dvar":0.000708994804882,"dvar2":0.00176760135219,"max":0.591658890247,"mean":0.259960532188,"median":0.256180942059,"min":0.00144879205618,"var":0.0059018060565},"melbands_kurtosis":{"dmean":5.51737499237,"dmean2":8.79036521912,"dvar":82.4081497192,"dvar2":195.87878418,"max":349.475402832,"mean":11.2374544144,"median":5.36604690552,"min":-1.70950400829,"var":356.448822021},"melbands_skewness":{"dmean":0.70376431942,"dmean2":1.13396561146,"dvar":0.432102560997,"dvar2":1.11619138718,"max":16.9484119415,"mean":2.71526002884,"median":2.38550758362,"min":-0.654829263687,"var":2.48093175888},"melbands_spread":{"dmean":6.0722489357,"dmean2":9.84971809387,"dvar":46.3895454407,"dvar2":119.933097839,"max":179.89012146,"mean":22.2646865845,"median":19.8024711609,"min":0.493430376053,"var":269.668670654},"mfcc":{"cov":[[14098.3808594,491.608673096,-1346.66564941,1244.38037109,-459.34387207,434.40802002,-176.042160034,316.19229126,-170.501434326,281.063293457,-6.26500511169,158.829940796,-5.91056680679],[491.608673096,1895.70483398,-135.168823242,-209.743621826,227.874298096,77.6147689819,57.1093025208,-97.1007919312,72.3459014893,-68.3419876099,12.0312042236,-62.9250068665,55.3545913696],[-1346.66564941,-135.168823242,460.17300415,-184.443740845,63.7824440002,-50.3178253174,2.17607712746,-23.8210296631,7.09559345245,-26.2784557343,-9.53945827484,-10.2980518341,-17.976518631],[1244.38037109,-209.743621826,-184.443740845,519.59362793,-84.1200332642,81.4116516113,-33.4359741211,47.9952049255,-24.3431625366,54.8930702209,12.5549345016,-15.8529310226,-19.0676269531],[-459.34387207,227.874298096,63.7824440002,-84.1200332642,205.689590454,12.328836441,57.3367843628,-21.4273052216,9.5794916153,-35.7192573547,-10.148686409,-7.38022899628,12.3160810471],[434.40802002,77.6147689819,-50.3178253174,81.4116516113,12.328836441,171.630859375,41.981678009,29.9672374725,-14.5180530548,-10.9565925598,-18.3404502869,-8.16929340363,2.57868552208],[-176.042160034,57.1093025208,2.17607712746,-33.4359741211,57.3367843628,41.981678009,124.987609863,18.7717952728,3.5641977787,-35.3199119568,-17.3064670563,-11.5068101883,8.24427700043],[316.19229126,-97.1007919312,-23.8210296631,47.9952049255,-21.4273052216,29.9672374725,18.7717952728,89.2116012573,0.912935733795,12.2405424118,-10.913061142,9.77336406708,-11.1908960342],[-170.501434326,72.3459014893,7.09559345245,-24.3431625366,9.5794916153,-14.5180530548,3.5641977787,0.912935733795,75.2769775391,15.3611412048,17.9482517242,-3.83559679985,0.982275009155],[281.063293457,-68.3419876099,-26.2784557343,54.8930702209,-35.7192573547,-10.9565925598,-35.3199119568,12.2405424118,15.3611412048,79.5914535522,26.6220855713,14.5645704269,-6.1201133728],[-6.26500511169,12.0312042236,-9.53945827484,12.5549345016,-10.148686409,-18.3404502869,-17.3064670563,-10.913061142,17.9482517242,26.6220855713,66.3066482544,19.5107784271,6.05488967896],[158.829940796,-62.9250068665,-10.2980518341,-15.8529310226,-7.38022899628,-8.16929340363,-11.5068101883,9.77336406708,-3.83559679985,14.5645704269,19.5107784271,70.8456878662,14.5172071457],[-5.91056680679,55.3545913696,-17.976518631,-19.0676269531,12.3160810471,2.57868552208,8.24427700043,-11.1908960342,0.982275009155,-6.1201133728,6.05488967896,14.5172071457,50.8938179016]],"icov":[[0.000147289058077,-0.000115581897262,0.000239806293393,-0.000198881083634,0.000174164480995,-0.000132821282023,0.000108058622573,-0.000295849575195,0.00029743736377,-0.000307011359837,0.000223985407501,-0.000378912955057,0.0000738100934541],[-0.000115581897262,0.000909832888283,0.000305484194541,0.000554313126486,-0.000926426146179,-0.000461710675154,0.000273068231763,0.000734007800929,-0.000889636867214,0.00056055263849,-0.000585660687648,0.00112731126137,-0.000489978760015],[0.000239806293393,0.000305484194541,0.00340410647914,0.000779472873546,-0.00083395926049,-0.000194669235498,0.000757063913625,-0.00018057350826,0.000197909350391,-0.0000540440305485,0.0000996380913421,0.000198038760573,0.00116068276111],[-0.000198881083634,0.000554313126486,0.000779472873546,0.0033555526752,-0.000245291827014,-0.00126247946173,0.000705785409082,-0.00035943754483,0.00039940449642,-0.000812443497125,-0.00138995144516,0.00231874966994,0.000235008366872],[0.000174164480995,-0.000926426146179,-0.00083395926049,-0.000245291827014,0.00735925417393,-0.0000972292982624,-0.00276141287759,0.000875783560332,0.0000825899551273,0.000351115100784,0.000923673796933,-0.00149737286847,-0.000136845497764],[-0.000132821282023,-0.000461710675154,-0.000194669235498,-0.00126247946173,-0.0000972292982624,0.00805495865643,-0.00242329877801,-0.00163841003086,0.00109915772919,0.000474554486573,0.00112770497799,0.0000881551750354,-0.000530773715582],[0.000108058622573,0.000273068231763,0.000757063913625,0.000705785409082,-0.00276141287759,-0.00242329877801,0.0121959028766,-0.00361639168113,-0.00114714482334,0.00383430579677,-0.000147990489495,0.00172446470242,-0.00172345817555],[-0.000295849575195,0.000734007800929,-0.00018057350826,-0.00035943754483,0.000875783560332,-0.00163841003086,-0.00361639168113,0.0161544233561,-0.00253195711412,-0.00186784937978,0.00330744497478,-0.00304030766711,0.00327589642256],[0.00029743736377,-0.000889636867214,0.000197909350391,0.00039940449642,0.0000825899551273,0.00109915772919,-0.00114714482334,-0.00253195711412,0.0170659143478,-0.00437801517546,-0.00363906635903,0.00181984202936,-0.000166903992067],[-0.000307011359837,0.00056055263849,-0.0000540440305485,-0.000812443497125,0.000351115100784,0.000474554486573,0.00383430579677,-0.00186784937978,-0.00437801517546,0.0199491083622,-0.00574088655412,-0.00106786331162,0.00136136973742],[0.000223985407501,-0.000585660687648,0.0000996380913421,-0.00138995144516,0.000923673796933,0.00112770497799,-0.000147990489495,0.00330744497478,-0.00363906635903,-0.00574088655412,0.0216889604926,-0.00641474314034,-0.00072268396616],[-0.000378912955057,0.00112731126137,0.000198038760573,0.00231874966994,-0.00149737286847,0.0000881551750354,0.00172446470242,-0.00304030766711,0.00181984202936,-0.00106786331162,-0.00641474314034,0.020410919562,-0.00614390196279],[0.0000738100934541,-0.000489978760015,0.00116068276111,0.000235008366872,-0.000136845497764,-0.000530773715582,-0.00172345817555,0.00327589642256,-0.000166903992067,0.00136136973742,-0.00072268396616,-0.00614390196279,0.0237532127649]],"mean":[-674.155639648,165.26940918,-26.8615589142,23.7985992432,16.6145839691,34.4059677124,6.67915916443,5.90182971954,-2.07856988907,4.04752588272,0.248910859227,2.60344219208,1.53031432629]},"pitch_salience":{"dmean":0.0654614120722,"dmean2":0.107823863626,"dvar":0.00336291734129,"dvar2":0.00925327837467,"max":0.984088659286,"mean":0.549131512642,"median":0.561637282372,"min":0.0446065850556,"var":0.0109199956059},"silence_rate_20dB":{"dmean":0,"dmean2":0,"dvar":0,"dvar2":0,"max":1,"mean":1,"median":1,"min":1,"var":0},"silence_rate_30dB":{"dmean":0.0483925789595,"dmean2":0.0967917367816,"dvar":0.0460466705263,"dvar2":0.104554124177,"max":1,"mean":0.928979218006,"median":1,"min":0,"var":0.0659838318825},"silence_rate_60dB":{"dmean":0.0032624208834,"dmean2":0.00652528554201,"dvar":0.00325255235657,"dvar2":0.00770585238934,"max":1,"mean":0.0763218700886,"median":0,"min":0,"var":0.0705012083054},"spectral_centroid":{"dmean":162.981903076,"dmean2":245.852264404,"dvar":42286.6796875,"dvar2":78659.7734375,"max":11418.2646484,"mean":1162.07800293,"median":1044.17822266,"min":140.464279175,"var":576797.0625},"spectral_complexity":{"dmean":2.96989059448,"dmean2":4.58673191071,"dvar":8.73292827606,"dvar2":17.4919967651,"max":64,"mean":23.2874126434,"median":24,"min":0,"var":150.417755127},"spectral_contrast_coeffs":{"dmean":[0.0465020611882,0.0474833548069,0.0371027737856,0.0282049849629,0.0217988714576,0.0324712991714],"dmean2":[0.0784363597631,0.0787114799023,0.0622451975942,0.0479705780745,0.0363554470241,0.0512300245464],"dvar":[0.00144433055539,0.00141381588764,0.000848907569889,0.000498040171806,0.000371638016077,0.000894248834811],"dvar2":[0.00412853108719,0.00394201185554,0.00238679395989,0.00140842213295,0.00101493380498,0.00218360242434],"max":[-0.426944971085,-0.47584438324,-0.592770159245,-0.622257530689,-0.68808054924,-0.48659452796],"mean":[-0.683040142059,-0.773322343826,-0.804235219955,-0.799506127834,-0.81089091301,-0.750859856606],"median":[-0.683053076267,-0.778953909874,-0.806424736977,-0.799266934395,-0.805292367935,-0.742428421974],"min":[-0.978690385818,-0.986107945442,-0.984839677811,-0.980616748333,-0.974779069424,-0.963155567646],"var":[0.00548984855413,0.00444838032126,0.00255712214857,0.00167585397139,0.00166178110521,0.0064927530475]},"spectral_contrast_valleys":{"dmean":[0.345892876387,0.35125285387,0.27758961916,0.215306952596,0.265123665333,0.540457963943],"dmean2":[0.579222679138,0.580023288727,0.45519426465,0.354693353176,0.39495408535,0.840966701508],"dvar":[0.0891324579716,0.0901643335819,0.0626246109605,0.0444125756621,0.104852356017,0.227816671133],"dvar2":[0.232331186533,0.221050560474,0.144425496459,0.0966732501984,0.226999670267,0.586643815041],"max":[-4.92203521729,-4.83909988403,-5.01133346558,-5.3314037323,-5.43821668625,-8.42012119293],"mean":[-6.83357810974,-6.94178628922,-7.09616565704,-7.00121307373,-7.92551898956,-11.2989358902],"median":[-6.44247579575,-6.65606498718,-6.73974370956,-6.53422737122,-7.5460767746,-11.0537233353],"min":[-28.0089969635,-27.8166713715,-27.7700004578,-27.5420303345,-27.491985321,-27.4117259979],"var":[3.15026569366,2.98152828217,2.92957806587,3.09998750687,3.33703541756,2.46311330795]},"spectral_decrease":{"dmean":3.14145442992e-9,"dmean2":5.02087216248e-9,"dvar":1.73269225126e-17,"dvar2":4.5663420455e-17,"max":8.5699136676e-9,"mean":-8.83857698142e-9,"median":-7.74623387656e-9,"min":-6.81651783907e-8,"var":5.11083633069e-17},"spectral_energy":{"dmean":0.0126124219969,"dmean2":0.0197862274945,"dvar":0.000295665697195,"dvar2":0.000729463878088,"max":0.2810754776,"mean":0.0532867573202,"median":0.0505663789809,"min":1.00741486698e-20,"var":0.00124633556698},"spectral_energyband_high":{"dmean":0.000408803287428,"dmean2":0.000513958802912,"dvar":0.00000101433261079,"dvar2":0.00000167314180999,"max":0.0258662384003,"mean":0.00130964186974,"median":0.000447255413746,"min":6.94830098957e-21,"var":0.00000546100091015},"spectral_energyband_low":{"dmean":0.0102956173941,"dmean2":0.0165722817183,"dvar":0.000210419864743,"dvar2":0.000561606429983,"max":0.24728654325,"mean":0.025734461844,"median":0.0202460680157,"min":1.74787831884e-23,"var":0.000561557069886},"spectral_energyband_middle_high":{"dmean":0.00239142612554,"dmean2":0.00370715535246,"dvar":0.00000969824941421,"dvar2":0.0000224222039833,"max":0.0625161826611,"mean":0.00887169968337,"median":0.00742802675813,"min":1.20989240389e-21,"var":0.0000583628898312},"spectral_energyband_middle_low":{"dmean":0.00368746859021,"dmean2":0.00584705453366,"dvar":0.0000304159402731,"dvar2":0.0000771695267758,"max":0.111268177629,"mean":0.00961257331073,"median":0.00692293746397,"min":1.65363118167e-22,"var":0.0000856155456859},"spectral_entropy":{"dmean":0.13016974926,"dmean2":0.198524609208,"dvar":0.0201650839299,"dvar2":0.0471199378371,"max":9.81710720062,"mean":7.47685718536,"median":7.49098157883,"min":5.50094890594,"var":0.179065003991},"spectral_flux":{"dmean":0.0185940302908,"dmean2":0.0297594368458,"dvar":0.000478750182083,"dvar2":0.00109863036778,"max":0.384805500507,"mean":0.105846062303,"median":0.104215413332,"min":6.39339692299e-11,"var":0.00319595984183},"spectral_kurtosis":{"dmean":5.90830516815,"dmean2":9.28639221191,"dvar":73.5878448486,"dvar2":191.574996948,"max":133.837799072,"mean":24.5494804382,"median":21.2822875977,"min":-1.26860404015,"var":190.891067505},"spectral_rms":{"dmean":0.000787078693975,"dmean2":0.00123164313845,"dvar":7.95542007381e-7,"dvar2":0.00000195898155653,"max":0.0165595896542,"mean":0.00665200082585,"median":0.00702374894172,"min":3.13503389915e-12,"var":0.00000773797455622},"spectral_rolloff":{"dmean":4449.33740234,"dmean2":8555.72949219,"dvar":55027640,"dvar2":135956256,"max":22050,"mean":14083.5566406,"median":20348.8769531,"min":43.06640625,"var":85777928},"spectral_skewness":{"dmean":0.396546036005,"dmean2":0.612088918686,"dvar":0.258732050657,"dvar2":0.656057775021,"max":9.09287548065,"mean":3.38199615479,"median":3.19924449921,"min":-0.0405046604574,"var":1.12966549397},"spectral_spread":{"dmean":439355.34375,"dmean2":686604.875,"dvar":472782536704,"dvar2":985583386624,"max":42934412,"mean":3755736.25,"median":3497951.25,"min":1381154,"var":4716459196420},"spectral_strongpeak":{"dmean":2.80043005943,"dmean2":5.34765911102,"dvar":170.437332153,"dvar2":479.813568115,"max":220.413085938,"mean":2.22002458572,"median":0.292105227709,"min":0,"var":131.449798584},"zerocrossingrate":{"dmean":0.0319097600877,"dmean2":0.042270116508,"dvar":0.000795049127191,"dvar2":0.00139396940358,"max":0.6982421875,"mean":0.280321806669,"median":0.27490234375,"min":0.00048828125,"var":0.00653397897258}},"metadata":{"audio_properties":{"analysis_sample_rate":44100,"bit_rate":320000,"codec":"mp3","downmix":"mix","equal_loudness":0,"length":341.630462646,"lossless":false,"md5_encoded":"c5c2f1cf2c2236fdc6e6fbb8f4287019","replay_gain":-5.97228050232,"sample_rate":44100},"tags":{"album":["Dehumanizer"],"albumartist":["Black Sabbath"],"albumartistsort":["Black Sabbath","Black Sabbath"],"artist":["Black Sabbath"],"artistsort":["Black Sabbath"],"asin":["B000024DJD"],"barcode":["077771315527"],"catalognumber":["7 13155 2 7"],"date":["1992"],"discnumber":["1/1"],"file_name":"02. Black Sabbath - After All (The Dead).mp3","genre":["Heavy Metal"],"label":["I.R.S. Records"],"language":["eng"],"media":["CD"],"musicbrainz album release country":["GB"],"musicbrainz album status":["official"],"musicbrainz album type":["album"],"musicbrainz_albumartistid":["5182c1d9-c7d2-4dad-afa0-ccfeada921a8"],"musicbrainz_albumid":["0d3a4d22-1a24-4786-b3a8-a51b0a167c08"],"musicbrainz_artistid":["5182c1d9-c7d2-4dad-afa0-ccfeada921a8"],"musicbrainz_recordingid":["e46093fb-a8e4-4d05-831d-2953a06f8523"],"script":["Latn"],"title":["After All (The Dead)"],"tracknumber":["2/10"]},"version":{"essentia":"2.1-beta1","essentia_build_sha":"ca57ba49d9b1854bd80e60cf9ccf267278fb7d6b","essentia_git_sha":"v2.1_beta1-28-g21ef5f4-dirty","extractor":"music 1.0"}},"rhythm":{"beats_count":771,"beats_loudness":{"dmean":0.0302877034992,"dmean2":0.0552800968289,"dvar":0.000783283263445,"dvar2":0.00250357901677,"max":0.200998291373,"mean":0.0655331611633,"median":0.0638000592589,"min":5.89887930169e-11,"var":0.00169324106537},"beats_loudness_band_ratio":{"dmean":[0.174100920558,0.056841019541,0.0361801274121,0.063486777246,0.0397535003722,0.106947101653],"dmean2":[0.299326479435,0.0987513586879,0.0635116547346,0.109673894942,0.0703257098794,0.18775729835],"dvar":[0.0168054383248,0.00396835850552,0.00217958120629,0.00368464831263,0.00155397201888,0.00758401304483],"dvar2":[0.0512354969978,0.01085617672