{"lowlevel":{"average_loudness":0.80467903614,"barkbands":{"dmean":[0.0000126386303236,0.000710921362042,0.000976330018602,0.00177158880979,0.00196029921062,0.00150163320359,0.000992982764728,0.000982198980637,0.000608063070104,0.000783305207733,0.000574717647396,0.00083585770335,0.000649527064525,0.000317466969136,0.000219833862502,0.000161743708304,0.000193145664525,0.000146908438182,0.000114513553854,0.000064279192884,0.0000404489328503,0.0000201805687539,0.0000157743979798,0.0000123456929941,0.00000892647585715,0.00000432083152191,0.00000174007470832],"dmean2":[0.0000203225772566,0.00115643395111,0.00165630190168,0.00300063798204,0.00328072928824,0.00238731619902,0.00160149729345,0.00155928928871,0.000964368111454,0.00123390590306,0.000897682330105,0.00130333111156,0.000988625572063,0.000497561763041,0.000347655761288,0.000252320722211,0.000306158646708,0.000224061717745,0.000176424917299,0.0000971098197624,0.0000606820212852,0.0000291943924822,0.0000226182128245,0.0000169807026396,0.0000125102769744,0.00000618551757725,0.00000309667711917],"dvar":[9.42908306989e-10,0.0000013177409528,0.00000211739074985,0.00000761930459703,0.00000838682444737,0.00000669969767841,0.00000334782453137,0.00000305949265567,0.00000192460743165,0.00000299414477922,0.0000017542254227,0.00000432625802205,0.00000153152564053,3.60294421853e-7,1.77697302206e-7,1.06389464349e-7,1.0878832768e-7,7.99272825702e-8,6.16812982912e-8,1.66238756094e-8,8.41993141876e-9,2.1595689681e-9,1.44498502053e-9,1.07789344117e-9,4.55137455502e-10,1.90075663542e-10,6.1383870209e-11],"dvar2":[1.98793892459e-9,0.00000330925104208,0.00000604627166467,0.0000207670618693,0.0000223764709517,0.0000162999749591,0.00000822142828838,0.00000711057055014,0.00000433320838056,0.0000072220277616,0.00000383220822187,0.000010044784176,0.00000347216064256,8.48961690281e-7,4.48921127827e-7,2.44922887305e-7,2.76928233234e-7,1.82407546845e-7,1.45084655401e-7,3.92589321052e-8,1.8717438266e-8,4.8483208559e-9,3.19509685376e-9,2.11440798203e-9,9.49138434514e-10,4.51197218476e-10,1.7288841192e-10],"max":[0.00124253053218,0.0172233171761,0.0181633140892,0.0476814396679,0.0367070622742,0.0544126853347,0.0364599116147,0.0374590344727,0.0326263643801,0.0420064367354,0.0410650633276,0.051548473537,0.0314703993499,0.0119275897741,0.0114326374605,0.00859864708036,0.00610505091026,0.00673453649506,0.0101555297151,0.00274679553695,0.00300265825354,0.00118262716569,0.00102721573785,0.00131393468473,0.000522061542142,0.000414367415942,0.000169498060131],"mean":[0.0000168632541317,0.00120041135233,0.00154008925892,0.00267824693583,0.0035776628647,0.00266950996593,0.00176242936868,0.00170697714202,0.000982271041721,0.00135927379597,0.00104287010618,0.00164013484027,0.00138002599124,0.000609695678577,0.000404989696108,0.000323254440445,0.000398406904424,0.000313269265462,0.000239316519583,0.000137134964461,0.0000868008864927,0.0000388458574889,0.0000287986731564,0.000023285876523,0.0000145031444845,0.00000537774349141,0.0000013150538507],"median":[0.00000518929391546,0.000753643282223,0.000900015002117,0.00152412313037,0.00248085614294,0.00147840194404,0.000865062174853,0.000743518176023,0.00035519443918,0.000427531107562,0.000283491768641,0.000360765960068,0.000606334186159,0.000262748857494,0.000182098854566,0.000148643841385,0.000217573702685,0.000113674628665,0.0000824899543659,0.0000418895906478,0.0000189586953638,0.00000907263802219,0.00000751754350858,0.00000494993400935,0.00000257254464486,5.64400636449e-7,1.14688852193e-7],"min":[5.64433257078e-11,8.14100453717e-10,2.23422003121e-10,1.84234072442e-10,4.47818504501e-10,3.16265763578e-10,2.55139076533e-10,9.14403344709e-11,1.07712165576e-10,2.26810237258e-11,4.27976612483e-11,1.20876128551e-10,8.91702614525e-11,2.52084186858e-11,4.02429409241e-11,3.28032011276e-11,5.20782653113e-11,7.11985817525e-11,6.01341268447e-11,6.58162066514e-11,5.31974637952e-11,4.58068201425e-11,7.79243336524e-11,2.09146325258e-10,2.58677135268e-10,3.7904135386e-10,5.65620383863e-10],"var":[1.67105096427e-9,0.00000206645654544,0.00000331470391757,0.0000119027208711,0.0000143731076605,0.0000121495368148,0.00000753582844482,0.00000710536369297,0.00000451812456959,0.00000686409066475,0.00000521681158716,0.0000127441026052,0.00000497870450999,0.00000102949411485,4.10856216604e-7,3.14360335096e-7,2.78670370335e-7,2.50021145121e-7,1.4140904625e-7,4.73222954156e-8,2.85039707393e-8,5.64802515868e-9,3.72094510759e-9,3.10814374238e-9,1.00790209512e-9,2.27511537387e-10,3.76794984103e-11]},"barkbands_crest":{"dmean":2.03933620453,"dmean2":3.3506128788,"dvar":3.27894902229,"dvar2":8.38075447083,"max":23.2739067078,"mean":8.05714130402,"median":7.44343185425,"min":2.46970844269,"var":8.96482086182},"barkbands_flatness_db":{"dmean":0.0178092643619,"dmean2":0.0257386360317,"dvar":0.000277910585282,"dvar2":0.000565226364415,"max":0.387791514397,"mean":0.149387866259,"median":0.142980068922,"min":0.0260596815497,"var":0.00248854793608},"barkbands_kurtosis":{"dmean":1.51226401329,"dmean2":2.36831355095,"dvar":5.2171792984,"dvar2":12.411034584,"max":50.2663612366,"mean":2.14478182793,"median":0.85080242157,"min":-1.76530003548,"var":17.4620056152},"barkbands_skewness":{"dmean":0.376627177,"dmean2":0.585306406021,"dvar":0.125278115273,"dvar2":0.296384692192,"max":5.68915176392,"mean":1.11327922344,"median":1.03107511997,"min":-1.50581395626,"var":0.790257453918},"barkbands_spread":{"dmean":3.30444478989,"dmean2":5.03688430786,"dvar":12.2864990234,"dvar2":26.7776603699,"max":121.522018433,"mean":16.4772987366,"median":15.4397125244,"min":0.929056346416,"var":77.6577758789},"dissonance":{"dmean":0.0190152544528,"dmean2":0.0320507846773,"dvar":0.000313898577588,"dvar2":0.000857692444697,"max":0.500000119209,"mean":0.464476525784,"median":0.470156610012,"min":0.228093490005,"var":0.000669275294058},"dynamic_complexity":4.18176603317,"erbbands":{"dmean":[0.0163085758686,0.182168677449,0.806733965874,3.80435729027,6.44488573074,6.10892963409,12.1620578766,12.4791784286,14.821223259,15.9420537949,19.0819644928,14.0463829041,23.2138938904,17.3945579529,26.1274223328,38.7555923462,28.339838028,17.1900901794,13.2958631516,8.31364059448,7.87466430664,9.28130435944,8.59435939789,5.69946289062,5.24289369583,2.90914797783,2.13177585602,1.16206753254,0.745580077171,0.520103156567,0.459451377392,0.301902204752,0.19815993309,0.121936634183,0.0536740235984,0.021463740617,0.00719305640087,0.00232335971668,0.000298157945508,0.0000167887010321],"dmean2":[0.0266779344529,0.296316236258,1.35720956326,6.45202112198,11.0129375458,10.1774053574,19.2091503143,20.3639984131,23.6303730011,25.6601161957,30.3920555115,21.7237014771,36.6405792236,26.9598693848,40.4120979309,59.9748725891,42.5787773132,26.7854652405,20.8945980072,12.9238576889,12.1293067932,14.6221542358,13.0442972183,8.66017818451,8.02842140198,4.38129329681,3.19347000122,1.71404778957,1.07093012333,0.747838497162,0.67599272728,0.428242564201,0.274792611599,0.174135893583,0.0752321779728,0.0297797154635,0.010456786491,0.0039629037492,0.000528715492692,0.0000270288746833],"dvar":[0.000803059956525,0.0835114568472,1.39345276356,32.0626220703,124.040267944,85.5407562256,446.612457275,574.364868164,872.162353516,824.669921875,1268.23364258,1069.51782227,3176.71411133,1498.20861816,3624.30737305,9763.42480469,2813.19433594,960.950744629,687.836608887,248.169952393,247.856674194,252.657272339,272.582946777,129.405441284,140.339309692,36.3981285095,22.1968135834,6.6945734024,2.94249367714,1.52987611294,1.32516229153,0.588444650173,0.314886391163,0.0911909788847,0.0176231134683,0.00342542631552,0.000625173619483,0.0000973995556706,0.00000185676390174,2.69588773527e-9],"dvar2":[0.00202782056294,0.211931720376,3.89230513573,87.7979049683,341.887359619,225.948318481,1037.41882324,1441.91101074,2116.64941406,1989.90698242,2904.5793457,2275.39477539,7519.47412109,3534.43041992,8201.64257812,22934.2597656,6321.03369141,2317.95629883,1702.12854004,572.102966309,578.511779785,638.45892334,625.236877441,304.354431152,319.293548584,85.708984375,49.1876564026,15.416185379,6.56745052338,3.23891544342,3.1126101017,1.21508300304,0.649074018002,0.195652410388,0.0372006595135,0.00748026929796,0.00150131911505,0.000266857940005,0.00000522271238879,7.28584881315e-9],"max":[0.374140202999,5.0224647522,19.1014347076,77.1498031616,185.215408325,153.818878174,427.389770508,625.979248047,547.922302246,516.277587891,932.997802734,933.465942383,1693.90112305,1317.36645508,1989.31335449,2299.16064453,1344.55834961,581.64239502,778.352844238,421.213775635,378.513671875,347.62109375,360.962890625,366.968688965,477.567077637,142.966903687,172.423843384,68.8833236694,59.0676078796,45.3913040161,35.8411102295,33.7641410828,21.5913105011,8.60533905029,3.12065196037,1.736951828,0.805344700813,0.270424664021,0.0300633981824,0.00132743513677],"mean":[0.0254768673331,0.314395844936,1.43542385101,6.02329826355,10.0498018265,10.8022527695,21.3452625275,20.9295787811,27.3455295563,28.4099235535,33.17162323,24.6896457672,39.2870559692,34.3077430725,52.3586158752,81.1660614014,65.1335296631,37.1160964966,27.0141944885,18.0493564606,17.6761646271,20.6695785522,19.3268413544,12.8074712753,11.1080989838,6.54684829712,4.67575740814,2.50098896027,1.43754720688,1.02005410194,0.805588960648,0.565056145191,0.353958368301,0.196710065007,0.0846358984709,0.0311784092337,0.00827484577894,0.00191326427739,0.00023720585159,0.0000378612530767],"median":[0.016359841451,0.198685064912,0.909941136837,3.72341918945,5.85118913651,7.04839754105,10.124912262,11.0110769272,12.9551992416,14.3457918167,14.5084981918,10.3819160461,12.839176178,11.9049949646,16.3112297058,22.2476348877,29.744726181,18.9881324768,11.6842031479,9.59716320038,8.97934341431,11.5506849289,7.99706983566,4.99581432343,3.66582632065,2.09903407097,1.16420936584,0.566291749477,0.3407972157,0.253577917814,0.211239337921,0.140756130219,0.0653632581234,0.0363639034331,0.0132864546031,0.00388455623761,0.00077931798296,0.000136024158564,0.0000321989427903,0.0000280100957752],"min":[2.13369109048e-8,1.88836651205e-7,5.06185756421e-7,5.60925911941e-7,0.00000156468263413,0.00000119819742395,0.00000371349892703,0.00000188816068203,0.00000281459119833,0.00000125614371882,0.00000198706652554,0.0000026574155072,0.00000105016351881,0.00000341818622474,0.00000668295479045,0.00000548765137864,0.00000411934888689,0.00000103784384464,0.00000159986677772,0.00000286406998384,0.00000147272783124,0.00000319986656905,0.00000408153391618,0.00000262505204773,0.00000348253161064,0.00000312661086355,0.00000170827615875,0.00000284132579509,0.00000145510580296,0.00000153432313255,0.00000216500120587,0.00000197464146368,0.0000048961601351,0.0000021841749458,0.00000224520340453,0.00000185962903743,6.40935354568e-7,2.9692958492e-7,7.90953862406e-8,7.4379093995e-9],"var":[0.00104071991518,0.137487739325,2.52757906914,50.0229377747,166.59475708,153.885742188,891.448791504,960.596862793,1960.78894043,1860.11254883,2742.54760742,2685.98144531,6701.51513672,4171.88378906,10500.9521484,28185.1308594,10289.8857422,2835.92944336,1960.9276123,684.189941406,745.931945801,702.41973877,873.290039062,359.526947021,326.55456543,105.385505676,74.6805038452,21.8670349121,7.56406068802,4.64211273193,2.97398662567,1.68372094631,0.782411575317,0.195436760783,0.0356732681394,0.005604499951,0.000673532194924,0.0000661783706164,0.00000114713793664,2.48291742722e-9]},"erbbands_crest":{"dmean":2.56878328323,"dmean2":4.07686424255,"dvar":5.69817447662,"dvar2":13.7664737701,"max":30.3635425568,"mean":9.53268527985,"median":8.61158084869,"min":2.42952919006,"var":16.9339179993},"erbbands_flatness_db":{"dmean":0.0175062846392,"dmean2":0.0245811957866,"dvar":0.000302998319967,"dvar2":0.000588657916524,"max":0.424439430237,"mean":0.19471424818,"median":0.197316855192,"min":0.0281568951905,"var":0.00190132833086},"erbbands_kurtosis":{"dmean":0.710976362228,"dmean2":1.11225998402,"dvar":0.738317489624,"dvar2":1.71258699894,"max":16.4552021027,"mean":0.353517562151,"median":-0.0401303768158,"min":-1.74086153507,"var":2.39963626862},"erbbands_skewness":{"dmean":0.297007679939,"dmean2":0.45493298769,"dvar":0.070757009089,"dvar2":0.159367114305,"max":3.67886781693,"mean":0.250224679708,"median":0.239447563887,"min":-1.94873559475,"var":0.337940096855},"erbbands_spread":{"dmean":4.93262767792,"dmean2":7.47921276093,"dvar":27.2418651581,"dvar2":59.109287262,"max":123.869667053,"mean":27.1369152069,"median":25.4937057495,"min":3.52111244202,"var":137.896255493},"gfcc":{"cov":[[10216.4326172,-633.616027832,-919.787414551,671.256469727,-1004.74310303,257.371307373,-21.2139396667,207.826644897,-286.787841797,120.840911865,-85.0011138916,46.8732261658,88.7367553711],[-633.616027832,1303.97570801,-48.5527420044,-205.301147461,347.659729004,-272.483978271,-48.5162467957,-128.63482666,121.011131287,-143.069534302,90.5353240967,-104.172431946,17.883108139],[-919.787414551,-48.5527420044,663.914611816,-58.8554611206,41.7179946899,105.872528076,-115.909385681,8.76827430725,26.8444786072,14.4797143936,-53.1345672607,20.8768882751,-33.3496704102],[671.256469727,-205.301147461,-58.8554611206,318.7706604,-96.4267654419,28.9156589508,8.65063667297,20.5418491364,-15.1634559631,6.17354917526,-4.93244218826,-15.8369493484,10.2638969421],[-1004.74310303,347.659729004,41.7179946899,-96.4267654419,332.671447754,-67.4371566772,-5.70429754257,-64.7246704102,38.1284446716,-18.4820404053,9.75140571594,-10.9368247986,-11.5235347748],[257.371307373,-272.483978271,105.872528076,28.9156589508,-67.4371566772,251.965774536,36.6524658203,38.2961349487,-41.8103141785,43.0111427307,-17.6431694031,36.4760932922,2.9008140564],[-21.2139396667,-48.5162467957,-115.909385681,8.65063667297,-5.70429754257,36.6524658203,192.197952271,40.7832717896,-34.3597259521,4.18888282776,7.94964361191,8.19309139252,15.0829286575],[207.826644897,-128.63482666,8.76827430725,20.5418491364,-64.7246704102,38.2961349487,40.7832717896,118.18221283,7.34558820724,13.0400905609,-2.63548517227,6.29745674133,3.31048059464],[-286.787841797,121.011131287,26.8444786072,-15.1634559631,38.1284446716,-41.8103141785,-34.3597259521,7.34558820724,103.453598022,4.14904642105,12.3259792328,-14.7366065979,-5.02389621735],[120.840911865,-143.069534302,14.4797143936,6.17354917526,-18.4820404053,43.0111427307,4.18888282776,13.0400905609,4.14904642105,99.3048553467,0.0219096969813,25.4292545319,4.22966003418],[-85.0011138916,90.5353240967,-53.1345672607,-4.93244218826,9.75140571594,-17.6431694031,7.94964361191,-2.63548517227,12.3259792328,0.0219096969813,92.6117630005,7.70504140854,-0.75742661953],[46.8732261658,-104.172431946,20.8768882751,-15.8369493484,-10.9368247986,36.4760932922,8.19309139252,6.29745674133,-14.7366065979,25.4292545319,7.70504140854,79.3204345703,21.0516986847],[88.7367553711,17.883108139,-33.3496704102,10.2638969421,-11.5235347748,2.9008140564,15.0829286575,3.31048059464,-5.02389621735,4.22966003418,-0.75742661953,21.0516986847,63.6386871338]],"icov":[[0.000296921411064,-0.000558040803298,0.000537343265023,-0.000537975691259,0.000904229760636,-0.000415186746977,0.000592803233303,-0.000587586546317,0.000853724777699,-0.000690160086378,0.00080470496323,-0.000697061943356,0.000537313171662],[-0.000558040803298,0.00330214784481,-0.00119385903236,0.00193424499594,-0.0030548539944,0.00166135060135,-0.00126421544701,0.00218897662126,-0.00293783284724,0.00327136483975,-0.00346130784601,0.00374540360644,-0.00326007721014],[0.000537343265023,-0.00119385903236,0.00315892370418,-0.000759697519243,0.00129169516731,-0.00197842204943,0.00252146273851,-0.00169655075297,0.00116047193296,-0.00116537965368,0.00269486708567,-0.00213244906627,0.0020854563918],[-0.000537975691259,0.00193424499594,-0.000759697519243,0.00494549749419,-0.00130677979905,0.000708770181518,-0.000959635945037,0.00138590647839,-0.00192074757069,0.0018538167933,-0.00221704272553,0.003469964955,-0.00255182851106],[0.000904229760636,-0.0030548539944,0.00129169516731,-0.00130677979905,0.00766434706748,-0.00111488357652,0.000785047013778,-0.000106909152237,0.00191184494179,-0.00303417397663,0.00346551230177,-0.00353679736145,0.00330724264495],[-0.000415186746977,0.00166135060135,-0.00197842204943,0.000708770181518,-0.00111488357652,0.00672964053228,-0.00210099411197,0.000463237374788,0.000130018001073,-0.0000428823514085,-0.00158270436805,0.00054750329582,-0.00126064138021],[0.000592803233303,-0.00126421544701,0.00252146273851,-0.000959635945037,0.000785047013778,-0.00210099411197,0.0085778022185,-0.00428777234629,0.00405529979616,-0.00143232790288,0.00140916591045,-0.0013434070861,0.000309270311845],[-0.000587586546317,0.00218897662126,-0.00169655075297,0.00138590647839,-0.000106909152237,0.000463237374788,-0.00428777234629,0.0130231352523,-0.00525674130768,0.00201015057974,-0.00224303128198,0.00223401165567,-0.00192439625971],[0.000853724777699,-0.00293783284724,0.00116047193296,-0.00192074757069,0.00191184494179,0.000130018001073,0.00405529979616,-0.00525674130768,0.0159348286688,-0.00500323716551,0.00152615702245,-0.00100277969614,0.00214602495544],[-0.000690160086378,0.00327136483975,-0.00116537965368,0.0018538167933,-0.00303417397663,-0.0000428823514085,-0.00143232790288,0.00201015057974,-0.00500323716551,0.0152007527649,-0.00328632746823,0.000201204122277,-0.00269014830701],[0.00080470496323,-0.00346130784601,0.00269486708567,-0.00221704272553,0.00346551230177,-0.00158270436805,0.00140916591045,-0.00224303128198,0.00152615702245,-0.00328632746823,0.0158657673746,-0.00639907643199,0.00474732602015],[-0.000697061943356,0.00374540360644,-0.00213244906627,0.003469964955,-0.00353679736145,0.00054750329582,-0.0013434070861,0.00223401165567,-0.00100277969614,0.000201204122277,-0.00639907643199,0.0212878622115,-0.00943161174655],[0.000537313171662,-0.00326007721014,0.0020854563918,-0.00255182851106,0.00330724264495,-0.00126064138021,0.000309270311845,-0.00192439625971,0.00214602495544,-0.00269014830701,0.00474732602015,-0.00943161174655,0.0215928852558]],"mean":[-34.6555404663,131.683151245,-133.0909729,14.6053762436,-46.1875953674,3.72398114204,-38.9604263306,-1.06683969498,-25.941034317,-5.19721841812,-7.62443256378,-5.37836790085,-13.082742691]},"hfc":{"dmean":3.7213602066,"dmean2":5.20414543152,"dvar":23.816034317,"dvar2":46.9360198975,"max":98.503868103,"mean":17.7421836853,"median":13.2557840347,"min":0.000023342006898,"var":242.385498047},"melbands":{"dmean":[0.000173345411895,0.000346343324054,0.000703898083884,0.000435799913248,0.00038000693894,0.000275309168501,0.00021910876967,0.000184788485058,0.000143958706758,0.0000912882896955,0.000118366035167,0.0000762422787375,0.0000806665484561,0.000100174198451,0.0000880752049852,0.0000479332593386,0.0000349031033693,0.000023498903829,0.0000122141618704,0.0000131951246658,0.00000978309344646,0.0000100775869214,0.0000107789765025,0.00000696313281878,0.00000491915852763,0.00000463562946607,0.00000315837496601,0.0000019583590074,0.00000149627055634,0.00000117093986773,6.19542049662e-7,4.57627578498e-7,3.80608156547e-7,2.7694895266e-7,2.71311535016e-7,2.50213815889e-7,1.75840625616e-7,1.53560833382e-7,1.14635810178e-7,1.02444538186e-7],"dmean2":[0.000281053740764,0.000574874749873,0.00119079044089,0.000742925563827,0.000604453787673,0.000444462202722,0.00034972091089,0.000296352227451,0.000228234843235,0.000143014796777,0.000187087935046,0.0001194081633,0.000125368169392,0.000153989880346,0.00013497643522,0.0000729192615836,0.0000547454001207,0.0000370712368749,0.000019150076696,0.0000206010299735,0.0000153384789883,0.0000160694344231,0.0000169876238942,0.0000106642137325,0.00000762967647461,0.00000721798232917,0.00000485401915284,0.0000030043759125,0.00000226128418035,0.00000180836184427,9.2423863407e-7,6.6974564561e-7,5.76535853725e-7,4.04382291208e-7,4.08650493e-7,3.73973534806e-7,2.55266172644e-7,2.19273445623e-7,1.65029248933e-7,1.50270906829e-7],"dvar":[8.27818595894e-8,2.42997174382e-7,0.00000113377325306,4.86668056965e-7,3.90137017803e-7,2.58654353047e-7,1.7942768693e-7,1.12573431466e-7,7.39072305578e-8,4.52756943048e-8,8.10931268802e-8,3.01393647817e-8,3.35798766571e-8,6.13901889324e-8,3.41768675582e-8,7.4751440593e-9,4.28308899458e-9,2.25231833184e-9,5.40551436945e-10,7.25925597411e-10,4.09426131887e-10,2.86388163184e-10,4.29445062844e-10,1.90163801372e-10,1.0124089761e-10,1.27192881227e-10,4.79325537595e-11,1.81874237892e-11,1.05465627551e-11,7.91166784864e-12,2.0134180781e-12,1.04192685296e-12,9.36499033703e-13,4.62195494551e-13,4.54880978804e-13,4.33577652947e-13,2.30872341644e-13,1.95005158397e-13,1.07785118721e-13,6.42073606739e-14],"dvar2":[2.05682994192e-7,6.69474104598e-7,0.00000309715005642,0.00000133425703552,9.24334528918e-7,6.4399830535e-7,4.3285490392e-7,2.67891721251e-7,1.64139123626e-7,9.86620491972e-8,1.92013189348e-7,7.21338722087e-8,7.4505685177e-8,1.38585932064e-7,7.92167043073e-8,1.77128161027e-8,1.03026840392e-8,5.44293587978e-9,1.30203514637e-9,1.62043056751e-9,9.58175871979e-10,6.98987367986e-10,1.1014317236e-9,4.28001023511e-10,2.46867776221e-10,2.91983714984e-10,1.12535036845e-10,4.31349192476e-11,2.40790720696e-11,1.80643226072e-11,4.86001646913e-12,2.34709734287e-12,2.24772631063e-12,9.89690751227e-13,1.08445587579e-12,1.01479718725e-12,4.94867818598e-13,4.08395837764e-13,2.35735584699e-13,1.41429104756e-13],"max":[0.00393675314263,0.00915240030736,0.0183680057526,0.00867028255016,0.0115071451291,0.0124493148178,0.00841531809419,0.00620179064572,0.00645980006084,0.00586464582011,0.00826502777636,0.00515244761482,0.00569163262844,0.00673334673047,0.00438328972086,0.00251625408418,0.00131916254759,0.00141016789712,0.000509110628627,0.000835893326439,0.000510942423716,0.000402440346079,0.000368747947505,0.000369250832591,0.000331345101586,0.000542411755305,0.000157865797519,0.000107386309537,0.000113642243377,0.0000945399078773,0.0000429204956163,0.0000296672333207,0.0000250436314673,0.000025269751859,0.0000196107248485,0.0000217206415982,0.000022662070478,0.0000148985473061,0.0000157845970534,0.00000517124135513],"mean":[0.00028686816222,0.000645222375169,0.00118121481501,0.000730410218239,0.000689511827659,0.000471169652883,0.000404635822633,0.000325653556501,0.000244199589361,0.000153221786604,0.000197075001779,0.00013747997582,0.000149679079186,0.000202282972168,0.000192184321349,0.000104881677544,0.0000662352395011,0.0000447678248747,0.0000237334679696,0.0000255956529145,0.0000196219189093,0.0000210191519727,0.0000213621606235,0.0000144680616359,0.00000974958220468,0.00000905663546291,0.00000617797195446,0.00000392920628656,0.00000303351976072,0.00000228629278354,0.00000118276091143,8.25156178053e-7,6.74405498557e-7,5.16066563705e-7,4.59282915699e-7,4.20478983187e-7,3.19113098612e-7,2.63161751946e-7,1.93034452423e-7,1.55650610623e-7],"median":[0.000188238715054,0.000437591108494,0.000769365346059,0.000469664169941,0.000370753754396,0.000254120415775,0.000193118205061,0.000159213566803,0.000102486141259,0.0000581727508688,0.0000619874335825,0.0000422862067353,0.0000420915857831,0.0000510360223416,0.0000662892271066,0.0000513690465596,0.0000297193892038,0.000017869833755,0.0000113523374239,0.0000123841464301,0.00000928043209569,0.0000118820462376,0.00000891287709237,0.00000520499042977,0.00000356512828148,0.00000298201439364,0.0000018051588313,0.00000115455350169,7.27919314158e-7,4.47487252586e-7,2.5644342827e-7,1.85807508046e-7,1.51193418674e-7,1.24336565932e-7,1.16845320974e-7,1.10417609278e-7,7.14789010203e-8,4.6319154734e-8,3.32027099148e-8,2.87508825636e-8],"min":[2.11885745061e-10,2.68172567486e-10,1.19885157357e-10,9.49357467639e-11,1.20567320017e-10,4.49378277645e-11,5.01710582801e-11,1.43373082503e-11,1.36769527995e-11,1.5441110196e-11,4.44671816729e-12,1.14113640412e-11,7.26201911105e-12,1.35541361121e-11,1.75147830267e-11,4.00602164288e-12,1.80758999348e-12,2.52724620745e-12,3.57396924555e-12,3.52411871386e-12,1.31176894434e-12,3.25261974472e-12,3.3446156001e-12,3.76274922678e-12,1.83756330464e-12,2.40338391549e-12,2.58955075265e-12,2.00404970396e-12,1.01652659814e-12,1.23779621535e-12,1.7341846275e-12,8.20586437342e-13,7.97443762499e-13,7.90493159212e-13,1.21904548088e-12,1.28688758868e-12,1.1542259119e-12,4.10278712046e-12,2.02708900013e-12,1.86932479045e-12],"var":[1.18220377487e-7,4.64238837594e-7,0.00000180582185294,7.106797284e-7,7.93899687324e-7,4.47857786412e-7,4.15641721929e-7,2.60406750385e-7,1.59523992238e-7,1.12775282446e-7,1.71538871996e-7,7.63151604133e-8,9.93451720888e-8,1.745469973e-7,1.17227436647e-7,2.43347546558e-8,1.1239538189e-8,6.30886232145e-9,1.27275967543e-9,2.00700389641e-9,1.02899677668e-9,7.38270000689e-10,1.04303377046e-9,5.95355320598e-10,2.32768485042e-10,2.4856453007e-10,1.12460492308e-10,4.47305942286e-11,3.1442584647e-11,2.3309295466e-11,5.09697232337e-12,2.48676990458e-12,2.15372251283e-12,1.26282632355e-12,9.77754335829e-13,9.21876290583e-13,5.91770773009e-13,4.54127620925e-13,2.37114012236e-13,1.20746403327e-13]},"melbands_crest":{"dmean":2.84088301659,"dmean2":4.71546220779,"dvar":6.23997783661,"dvar2":16.7459545135,"max":32.7425880432,"mean":11.4905729294,"median":10.6166715622,"min":3.63999509811,"var":18.6263198853},"melbands_flatness_db":{"dmean":0.021603628993,"dmean2":0.0311471391469,"dvar":0.000422070763307,"dvar2":0.000842495413963,"max":0.524098575115,"mean":0.218763098121,"median":0.207873240113,"min":0.0766828209162,"var":0.0044935811311},"melbands_kurtosis":{"dmean":2.80835938454,"dmean2":4.3961224556,"dvar":19.126543045,"dvar2":44.4422912598,"max":84.2049560547,"mean":5.80042123795,"median":3.27557563782,"min":-1.56459820271,"var":67.8208618164},"melbands_skewness":{"dmean":0.465004444122,"dmean2":0.727911055088,"dvar":0.208790674806,"dvar2":0.490747332573,"max":8.06575202942,"mean":1.77083289623,"median":1.63025391102,"min":-1.18699896336,"var":1.27947175503},"melbands_spread":{"dmean":4.40683746338,"dmean2":6.74429941177,"dvar":19.3666629791,"dvar2":44.4232215881,"max":86.9630508423,"mean":21.1356430054,"median":19.6549263,"min":0.848296046257,"var":118.481864929},"mfcc":{"cov":[[10250.9550781,-864.585632324,-475.377929688,233.306625366,-791.352172852,-39.6432800293,86.9774551392,-6.56550359726,-7.65397548676,7.92504787445,-130.962005615,-20.2181949615,21.74284935],[-864.585632324,1492.86022949,-203.446517944,2.87143993378,277.366790771,-98.8865737915,-93.7846908569,-39.5497550964,-68.8273162842,-35.6137886047,7.08308410645,-16.3673877716,-21.7652740479],[-475.377929688,-203.446517944,573.944824219,-80.6574859619,73.2640228271,46.2839584351,-35.9623985291,12.6607818604,31.2248344421,6.65601062775,6.52205514908,-10.2306547165,9.85787773132],[233.306625366,2.87143993378,-80.6574859619,256.985900879,1.60775661469,-29.3510055542,-15.4640808105,-9.4583234787,-13.9614343643,23.4976921082,-11.2177448273,-25.1320056915,-2.39526391029],[-791.352172852,277.366790771,73.2640228271,1.60775661469,281.653594971,22.0335140228,-78.34375,-28.9606685638,-18.1524620056,-14.2137393951,21.9009189606,-2.86200618744,-5.79483556747],[-39.6432800293,-98.8865737915,46.2839584351,-29.3510055542,22.0335140228,161.113098145,46.8525657654,-9.91285133362,26.1924362183,-25.4975700378,3.41638231277,14.5368776321,-0.00919063389301],[86.9774551392,-93.7846908569,-35.9623985291,-15.4640808105,-78.34375,46.8525657654,167.896530151,45.3776626587,18.9061698914,1.89643239975,-9.59399700165,15.7006282806,4.49561357498],[-6.56550359726,-39.5497550964,12.6607818604,-9.4583234787,-28.9606685638,-9.91285133362,45.3776626587,101.147918701,9.34009552002,14.4081859589,-2.9549434185,-5.53606653214,-0.854688227177],[-7.65397548676,-68.8273162842,31.2248344421,-13.9614343643,-18.1524620056,26.1924362183,18.9061698914,9.34009552002,110.97492981,5.37043476105,-2.52109193802,2.18188238144,-1.55399799347],[7.92504787445,-35.6137886047,6.65601062775,23.4976921082,-14.2137393951,-25.4975700378,1.89643239975,14.4081859589,5.37043476105,92.4347991943,12.9658412933,-8.02628421783,0.307709276676],[-130.962005615,7.08308410645,6.52205514908,-11.2177448273,21.9009189606,3.41638231277,-9.59399700165,-2.9549434185,-2.52109193802,12.9658412933,68.2447738647,16.9858627319,-1.44186711311],[-20.2181949615,-16.3673877716,-10.2306547165,-25.1320056915,-2.86200618744,14.5368776321,15.7006282806,-5.53606653214,2.18188238144,-8.02628421783,16.9858627319,77.9925994873,25.5702972412],[21.74284935,-21.7652740479,9.85787773132,-2.39526391029,-5.79483556747,-0.00919063389301,4.49561357498,-0.854688227177,-1.55399799347,0.307709276676,-1.44186711311,25.5702972412,64.5770263672]],"icov":[[0.000134648726089,0.0000219225967157,0.0000684352198732,-0.000097486517916,0.000384138722438,-0.0000919324229471,0.000147213388118,0.0000306848160108,0.000049940590543,0.0000210067028092,0.000134261470521,5.49854073384e-9,-0.0000232969905483],[0.0000219225967157,0.00101599190384,0.000468390062451,0.000208191777347,-0.00112027581781,0.000728352635633,-0.000113197260362,0.000116944123874,0.000168151702383,0.000297366263112,0.000152542488649,0.000153118395247,0.00012568270904],[0.0000684352198732,0.000468390062451,0.00228810007684,0.000704937789124,-0.000755130778998,-0.000395240931539,0.000679559190758,-0.000482975214254,-0.000368248292943,-0.000279439176666,0.000183211668627,0.000646483909804,-0.000569255789742],[-0.000097486517916,0.000208191777347,0.000704937789124,0.00455302372575,-0.000755973916966,0.000498079694808,0.0000217326087295,0.000464457261842,0.00024912081426,-0.00114847917575,0.000591165735386,0.0013685671147,-0.000416110327933],[0.000384138722438,-0.00112027581781,-0.000755130778998,-0.000755973916966,0.00700054224581,-0.00229278369807,0.00272424495779,0.0000396208015445,0.000639042526018,0.000243410657276,-0.00092845672043,-0.000154303663294,0.00007364119665],[-0.0000919324229471,0.000728352635633,-0.000395240931539,0.000498079694808,-0.00229278369807,0.00895394477993,-0.00354857789353,0.00197805836797,-0.00153595127631,0.00220855860971,-0.000615800439846,-0.000431139342254,0.000533480430022],[0.000147213388118,-0.000113197260362,0.000679559190758,0.0000217326087295,0.00272424495779,-0.00354857789353,0.0095346160233,-0.00392201263458,-0.000172282801941,-0.000558922940399,0.00121745839715,-0.00164905982092,0.0000163053027791],[0.0000306848160108,0.000116944123874,-0.000482975214254,0.000464457261842,0.0000396208015445,0.00197805836797,-0.00392201263458,0.0122876502573,-0.000528431031853,-0.00116678676568,-0.0000869751020218,0.00131754030008,0.0000287414623017],[0.000049940590543,0.000168151702383,-0.000368248292943,0.00024912081426,0.000639042526018,-0.00153595127631,-0.000172282801941,-0.000528431031853,0.00986486487091,-0.000899501319509,0.00059740949655,-0.000287348491838,0.000536235806067],[0.0000210067028092,0.000297366263112,-0.000279439176666,-0.00114847917575,0.000243410657276,0.00220855860971,-0.000558922940399,-0.00116678676568,-0.000899501319509,0.012739110738,-0.00332465046085,0.00155615631957,-0.000633929565083],[0.000134261470521,0.000152542488649,0.000183211668627,0.000591165735386,-0.00092845672043,-0.000615800439846,0.00121745839715,-0.0000869751020218,0.00059740949655,-0.00332465046085,0.0173438917845,-0.00471944920719,0.0021170694381],[5.49854073384e-9,0.000153118395247,0.000646483909804,0.0013685671147,-0.000154303663294,-0.000431139342254,-0.00164905982092,0.00131754030008,-0.000287348491838,0.00155615631957,-0.00471944920719,0.0173241365701,-0.00685745989904],[-0.0000232969905483,0.00012568270904,-0.000569255789742,-0.000416110327933,0.00007364119665,0.000533480430022,0.0000163053027791,0.0000287414623017,0.000536235806067,-0.000633929565083,0.0021170694381,-0.00685745989904,0.0183914955705]],"mean":[-673.481445312,162.315307617,-21.7209701538,14.7467784882,6.83734035492,0.734431505203,0.494838327169,-0.457962304354,-11.3789739609,-4.09606409073,-2.05100774765,3.1185002327,-3.4928817749]},"pitch_salience":{"dmean":0.0617585368454,"dmean2":0.100328750908,"dvar":0.00271852733567,"dvar2":0.00717831263319,"max":0.858797311783,"mean":0.613163769245,"median":0.61832857132,"min":0.264144003391,"var":0.00765537191182},"silence_rate_20dB":{"dmean":0,"dmean2":0,"dvar":0,"dvar2":0,"max":1,"mean":1,"median":1,"min":1,"var":0},"silence_rate_30dB":{"dmean":0,"dmean2":0,"dvar":0,"dvar2":0,"max":1,"mean":1,"median":1,"min":1,"var":0},"silence_rate_60dB":{"dmean":0.0136505458504,"dmean2":0.0273037534207,"dvar":0.013462995179,"dvar2":0.0304555576295,"max":1,"mean":0.0884274169803,"median":0,"min":0,"var":0.0806032344699},"spectral_centroid":{"dmean":166.698669434,"dmean2":247.557144165,"dvar":29662.0878906,"dvar2":64368.1601562,"max":3516.91552734,"mean":1051.71411133,"median":995.787780762,"min":188.962127686,"var":217983.390625},"spectral_complexity":{"dmean":3.07195782661,"dmean2":4.59483194351,"dvar":10.2424650192,"dvar2":19.4959106445,"max":53,"mean":20.003900528,"median":20,"min":0,"var":104.538375854},"spectral_contrast_coeffs":{"dmean":[0.0506904013455,0.0464114509523,0.0377077944577,0.029078759253,0.0234477594495,0.0178700704128],"dmean2":[0.0841915532947,0.0760601907969,0.0612560249865,0.0463044643402,0.0365713275969,0.0278500206769],"dvar":[0.00171991612297,0.00137497344986,0.000932688766625,0.000562988163438,0.000413956353441,0.000301758147543],"dvar2":[0.00465206848457,0.00364988669753,0.00238857418299,0.0013818165753,0.000937196717132,0.000669735542033],"max":[-0.358502179384,-0.455189347267,-0.478077471256,-0.517742812634,-0.545890331268,-0.610329449177],"mean":[-0.612350285053,-0.734346985817,-0.764352202415,-0.764701545238,-0.771916985512,-0.779383063316],"median":[-0.611139297485,-0.736324191093,-0.770465016365,-0.766215801239,-0.777520000935,-0.781659960747],"min":[-0.93280684948,-0.938877284527,-0.948214709759,-0.934633255005,-0.934592664242,-0.91772544384],"var":[0.00622003758326,0.00469751888886,0.00374672189355,0.00241371360607,0.00262922607362,0.00213864631951]},"spectral_contrast_valleys":{"dmean":[0.3772123456,0.352094173431,0.309626311064,0.269776970148,0.277106165886,0.312718153],"dmean2":[0.624599218369,0.571303188801,0.49486425519,0.418492019176,0.397111147642,0.395253568888],"dvar":[0.101937398314,0.0923303887248,0.0766022279859,0.0704541802406,0.0850310772657,0.121258035302],"dvar2":[0.266352504492,0.22072789073,0.177051633596,0.143386632204,0.159651830792,0.217299252748],"max":[-5.67271852493,-4.5785279274,-5.03536558151,-5.67094802856,-5.80787658691,-8.23812770844],"mean":[-7.42242431641,-6.55044651031,-7.17874383926,-7.6034321785,-8.01623249054,-11.0745306015],"median":[-7.20988702774,-6.3128156662,-6.97536659241,-7.42090129852,-7.78235435486,-10.9300537109],"min":[-13.6968545914,-14.0616693497,-13.8808431625,-14.806602478,-14.2895555496,-15.6379795074],"var":[0.905854105949,1.11496353149,1.22275030613,1.0595818758,1.49112331867,1.53776943684]},"spectral_decrease":{"dmean":1.44146061754e-9,"dmean2":2.21652540766e-9,"dvar":3.25995456963e-18,"dvar2":7.65565417649e-18,"max":-1.00486493736e-15,"mean":-5.98069016533e-9,"median":-5.32339017312e-9,"min":-2.52959893032e-8,"var":1.75599773415e-17},"spectral_energy":{"dmean":0.0056890915148,"dmean2":0.00870701763779,"dvar":0.0000506098112965,"dvar2":0.000117303265142,"max":0.0981957912445,"mean":0.0241817440838,"median":0.021529706195,"min":5.90977311532e-9,"var":0.000290323456284},"spectral_energyband_high":{"dmean":0.000107939667942,"dmean2":0.000145263344166,"dvar":4.02923028275e-8,"dvar2":7.67285968095e-8,"max":0.0055397534743,"mean":0.000261852575932,"median":0.0000809301345726,"min":1.58170698761e-9,"var":1.75957893589e-7},"spectral_energyband_low":{"dmean":0.00204715644941,"dmean2":0.00338060595095,"dvar":0.00000782861297921,"dvar2":0.0000210526450246,"max":0.0365660637617,"mean":0.00407812232152,"median":0.00296199205332,"min":1.37762123931e-9,"var":0.0000151156336869},"spectral_energyband_middle_high":{"dmean":0.00196689623408,"dmean2":0.00289043807425,"dvar":0.00000870856820256,"dvar2":0.0000197206027224,"max":0.0647847726941,"mean":0.0074937324971,"median":0.00426677288488,"min":7.64893037797e-10,"var":0.0000708344305167},"spectral_energyband_middle_low":{"dmean":0.00468214042485,"dmean2":0.00734751112759,"dvar":0.0000394339767809,"dvar2":0.0000959785247687,"max":0.0878614038229,"mean":0.0139222415164,"median":0.0114447437227,"min":2.23108398423e-9,"var":0.000123149147839},"spectral_entropy":{"dmean":0.147406443954,"dmean2":0.212281569839,"dvar":0.0222084484994,"dvar2":0.0429942160845,"max":9.04469966888,"mean":7.27393484116,"median":7.31091785431,"min":5.03362703323,"var":0.19324927032},"spectral_flux":{"dmean":0.018242193386,"dmean2":0.0285270102322,"dvar":0.00035079853842,"dvar2":0.000810106866993,"max":0.256211638451,"mean":0.075742252171,"median":0.0720501244068,"min":0.000172649422893,"var":0.0017818150809},"spectral_kurtosis":{"dmean":3.18236088753,"dmean2":5.31084728241,"dvar":15.6929998398,"dvar2":42.1233291626,"max":61.8486938477,"mean":9.04522323608,"median":6.8796749115,"min":-0.302624225616,"var":50.1617469788},"spectral_rms":{"dmean":0.000545405724552,"dmean2":0.000822542002425,"dvar":3.44412995901e-7,"dvar2":7.68302641063e-7,"max":0.00978778675199,"mean":0.00446886336431,"median":0.00458307657391,"min":0.00000240117310568,"var":0.00000362114769814},"spectral_rolloff":{"dmean":244.381576538,"dmean2":399.72668457,"dvar":168205.1875,"dvar2":378280.21875,"max":16537.5,"mean":1218.24560547,"median":1184.32617188,"min":107.666015625,"var":934794.3125},"spectral_skewness":{"dmean":0.310784548521,"dmean2":0.497521370649,"dvar":0.106400117278,"dvar2":0.269421011209,"max":6.41517972946,"mean":2.00810933113,"median":1.8712927103,"min":0.415479749441,"var":0.49406465888},"spectral_spread":{"dmean":386420.5,"dmean2":539619.8125,"dvar":260301848576,"dvar2":468205305856,"max":23662386,"mean":3128993,"median":2910487.75,"min":1064606.5,"var":1546288365570},"spectral_strongpeak":{"dmean":0.618538677692,"dmean2":1.04744660854,"dvar":0.811229288578,"dvar2":2.01101636887,"max":9.14513397217,"mean":1.13305485249,"median":0.60160535574,"min":0,"var":1.72060978413},"zerocrossingrate":{"dmean":0.00552263436839,"dmean2":0.00661472277716,"dvar":0.0000362923165085,"dvar2":0.0000460056835436,"max":0.349609375,"mean":0.0461214184761,"median":0.0439453125,"min":0.0078125,"var":0.000561131280847}},"metadata":{"audio_properties":{"analysis_sample_rate":44100,"bit_rate":0,"codec":"flac","downmix":"mix","equal_loudness":0,"length":238.133331299,"lossless":true,"md5_encoded":"223a7722ffa17c6915989d461a34746f","replay_gain":-16.3254776001,"sample_rate":44100},"tags":{"album":["Goats Head Soup"],"albumartist":["The Rolling Stones"],"albumartistsort":["Rolling Stones, The"],"artist":["The Rolling Stones"],"artistsort":["Rolling Stones, The"],"asin":["B000000W5B"],"barcode":["602527015606"],"catalognumber":["2701560"],"date":["2009-05-04"],"discnumber":["1"],"disctotal":["1"],"file_name":"01-02 100 Years Ago.flac","genre":["Rock"],"isrc":["GBCJN7300002"],"label":["Polydor"],"labelno":["2701560"],"media":["CD"],"musicbrainz_albumartistid":["b071f9fa-14b0-4217-8e97-eb41da73f598"],"musicbrainz_albumid":["6fb4fc0a-1df0-3edc-a82d-53070063e05b"],"musicbrainz_artistid":["b071f9fa-14b0-4217-8e97-eb41da73f598"],"musicbrainz_recordingid":["e47b846d-6278-4ca8-9ada-56205591d02f"],"musicbrainz_releasegroupid":["e82ba8db-3712-3de0-bbe5-0311b89db7e2"],"originaldate":["1973-08-31"],"publisher":["Polydor"],"release date":["2009-05-04"],"releasecountry":["AR"],"releasestatus":["official"],"releasetype":["album"],"script":["Latn"],"title":["100 Years Ago"],"totaldiscs":["1"],"totaltracks":["10"],"tracknumber":["2"],"tracktotal":["10"]},"version":{"essentia":"2.1-beta1","essentia_build_sha":"ca57ba49d9b1854bd80e60cf9ccf267278fb7d6b","essentia_git_sha":"v2.1_beta1-28-g21ef5f4-dirty","extractor":"music 1.0"}},"rhythm":{"beats_count":457,"beats_loudness":{"dmean":0.0120468409732,"dmean2":0.022413302213,"dvar":0.000108322921733,"dvar2":0.000348134461092,"max":0.0827756300569,"mean":0.0316727682948,"median":0.0325340293348,"min":1.69150609963e-7,"var":0.000381383200875},"beats_loudness_band_ratio":{"dmean":[0.156973257661,0.1399450