{"lowlevel":{"average_loudness":0.552392721176,"barkbands":{"dmean":[0.00000909461778065,0.000142019722261,0.0000370869311155,0.0000076849528341,0.00000337610345014,0.0000475877241115,0.0000963522834354,0.00150726502761,0.00101797911339,0.000566310598515,0.000179139446118,0.00130927772261,0.000584723427892,0.000501938338857,0.000107639047201,0.000342388375429,0.000106685954961,0.0000100089200714,0.0000136524877234,1.42966158023e-7,1.13231862997e-7,6.26933314152e-8,3.92443872954e-8,2.22048370802e-8,2.3828047091e-8,1.69131979533e-8,9.69710001186e-9],"dmean2":[0.000012574530956,0.000181414710823,0.0000348144712916,0.0000110147057057,0.0000035682357975,0.0000598164915573,0.000159028670168,0.002285691211,0.00117387413047,0.00088251393754,0.000227404874749,0.00178146851249,0.000768127210904,0.000676124938764,0.00016695978411,0.000503156916238,0.000159721297678,0.0000147361124618,0.0000191434937733,2.32678985412e-7,1.80261707783e-7,1.02862003359e-7,6.83854750605e-8,3.46474031687e-8,2.80960374965e-8,2.11274571171e-8,1.5658713437e-8],"dvar":[7.20068848992e-9,0.00000109525024072,5.57606334439e-8,3.25495164155e-9,2.94190116712e-10,2.01298568925e-8,9.94587594505e-8,0.000038257046981,0.0000203846630029,0.00000840646862343,3.80889446205e-7,0.0000333094685629,0.00000595572009843,0.00000428327166446,2.32749684415e-7,0.0000040874692786,2.18257639517e-7,1.27946353512e-9,2.35057151521e-9,3.48171768109e-13,2.81188483955e-13,1.4485732492e-13,5.11617488555e-14,1.83290442015e-14,3.38080664809e-14,1.35999262728e-14,2.5459997744e-15],"dvar2":[1.68564451286e-8,0.00000140239194479,8.19620922243e-8,7.71424879531e-9,4.96277796636e-10,3.44539898833e-8,2.59955271531e-7,0.0000928959852899,0.0000260745255218,0.0000142188200698,5.29067790467e-7,0.000066030632297,0.0000121948605738,0.00000915620239539,4.13241167507e-7,0.00000974524573394,5.12677161169e-7,2.13566941909e-9,4.79669681752e-9,9.66793160286e-13,7.26233580651e-13,3.96265024917e-13,1.4423712062e-13,3.82573442056e-14,6.26578121527e-14,2.239505307e-14,4.14275894744e-15],"max":[0.000905590364709,0.0141821252182,0.00370364333503,0.000730669184122,0.000212589497096,0.00193903781474,0.00278068473563,0.0729843303561,0.0710534676909,0.0339301489294,0.0091618495062,0.0540313236415,0.0322323292494,0.022481104359,0.00522902421653,0.0247264876962,0.00558579014614,0.000362418533769,0.000467687612399,0.00000570159954805,0.0000048889082791,0.00000351067160409,0.0000020723630314,0.00000117140757538,0.00000212252734855,0.00000132641309847,5.02208990838e-7],"mean":[0.00000525573022969,0.00019360728038,0.0000466056953883,0.00000636786262476,0.00000433785135101,0.0000731157779228,0.000095102674095,0.00152716005687,0.00131614250131,0.000603092834353,0.000258603598922,0.00136011606082,0.00059836730361,0.000521112524439,0.000116328315926,0.000323610496707,0.000134065179736,0.0000132157683765,0.0000150367823153,1.21437039979e-7,8.81649953044e-8,4.35416467326e-8,2.696803314e-8,1.74473058223e-8,1.76519812101e-8,1.37414488677e-8,5.43121956298e-8],"median":[3.72397090942e-9,1.81927664045e-8,2.15890694211e-10,4.83854067923e-10,2.32874608486e-9,2.65554511714e-9,6.87688683776e-10,1.253353199e-9,1.06516373499e-9,4.4009260125e-10,3.91358112584e-10,3.21643045531e-10,4.80163964145e-10,3.51764062323e-10,2.32183189341e-10,2.62375399185e-10,3.51447121405e-10,4.28819812992e-10,4.50604081825e-10,4.64267763123e-10,4.88531937126e-10,6.24613250011e-10,3.38519989818e-10,3.12203540798e-10,5.31917399016e-10,6.51875275981e-10,6.13883388567e-10],"min":[3.88825694487e-25,2.98097460714e-24,2.43147342765e-25,6.40081590585e-25,7.43484521547e-24,1.15190163578e-23,1.17084944363e-23,5.67353653973e-24,1.7466211901e-23,1.38205716913e-23,1.5922379555e-23,1.68965139102e-23,4.00774724446e-23,3.24830075358e-23,4.19100341927e-23,5.56253655284e-23,6.97720712506e-23,6.6801757507e-23,1.46793319836e-22,2.19338167749e-22,2.40661822702e-22,2.80278316388e-22,3.70234990553e-22,6.45040732717e-22,8.56500388833e-22,1.24425664905e-21,1.90633021399e-21],"var":[4.11914413689e-9,0.00000215639579437,1.14475518842e-7,3.06141911821e-9,3.40464462179e-10,4.09174170102e-8,9.22872160913e-8,0.0000432499873568,0.0000475677807117,0.0000117888712339,0.00000110623750516,0.0000427317754657,0.00000799608733359,0.00000561358774576,3.08360512236e-7,0.0000040145564526,2.70981047379e-7,2.08672257251e-9,2.92979129846e-9,2.73408926792e-13,2.01005079009e-13,8.56285799645e-14,3.03007910375e-14,1.45580230271e-14,2.57091609557e-14,1.19206089159e-14,5.12285145335e-15]},"barkbands_crest":{"dmean":2.33044290543,"dmean2":3.85810756683,"dvar":9.65359115601,"dvar2":20.447095871,"max":26.9300441742,"mean":10.8898391724,"median":7.66300678253,"min":4.11329030991,"var":36.2689743042},"barkbands_flatness_db":{"dmean":0.0361658409238,"dmean2":0.0443600565195,"dvar":0.00214546429925,"dvar2":0.00276107783429,"max":0.656886100769,"mean":0.203749224544,"median":0.141108542681,"min":0.0450312383473,"var":0.0215083584189},"barkbands_kurtosis":{"dmean":35.1804847717,"dmean2":51.6914367676,"dvar":21453.5449219,"dvar2":46248.0898438,"max":1675.02929688,"mean":54.6366500854,"median":2.91866850853,"min":-1.88875746727,"var":45419.4023438},"barkbands_skewness":{"dmean":1.20607328415,"dmean2":1.68211603165,"dvar":8.81941509247,"dvar2":14.3306055069,"max":40.5257911682,"mean":1.55027472973,"median":-0.03540180251,"min":-2.09444999695,"var":46.660194397},"barkbands_spread":{"dmean":5.95576047897,"dmean2":8.68130970001,"dvar":94.7309646606,"dvar2":168.457565308,"max":103.439826965,"mean":19.923822403,"median":23.0819091797,"min":0.223482742906,"var":264.10256958},"dissonance":{"dmean":0.0277576502413,"dmean2":0.0470724441111,"dvar":0.00148930144496,"dvar2":0.00362083595246,"max":0.499854803085,"mean":0.457944303751,"median":0.487613677979,"min":0.226383566856,"var":0.00296212825924},"dynamic_complexity":11.7844848633,"erbbands":{"dmean":[0.00175312894862,0.0393559262156,0.0724987909198,0.0220272038132,0.0184853617102,0.0102562382817,0.0403891801834,0.482950806618,1.15953791142,6.04489326477,39.326587677,27.1591472626,22.6255207062,7.92363834381,9.18999195099,57.9937896729,31.8714599609,25.5508537292,11.1290616989,9.87500476837,16.1955738068,6.20020008087,1.29798448086,0.836383342743,0.295290797949,0.0156729109585,0.00560020469129,0.00372136197984,0.00235684844665,0.00155646097846,0.00101402041037,0.000532029313035,0.000363332714187,0.000297880615108,0.000154904846568,0.0000824558374006,0.0000302401167573,0.0000127173052533,0.00000406418257626,0.00000603786429565],"dmean2":[0.00130546500441,0.0511761382222,0.069633834064,0.0205276980996,0.0177456066012,0.0124207604676,0.0589107237756,0.627316474915,1.67971909046,10.1504306793,56.6016769409,30.4413604736,33.9082336426,10.4404096603,10.8071756363,80.0595092773,42.8698539734,30.3479881287,14.8050289154,14.5949697495,25.5596656799,9.3925743103,1.77109742165,1.10739934444,0.414720773697,0.0226507876068,0.0086856354028,0.00594932632521,0.00379943102598,0.00274183158763,0.00177507498302,0.000922364124563,0.000493087165523,0.000363630242646,0.000173822423676,0.0000945021529333,0.0000407429652114,0.0000207794782909,0.0000050208968787,0.0000074350405157],"dvar":[0.000125049933558,0.083437204361,0.21363273263,0.0205090958625,0.00906513258815,0.00368942506611,0.0104541191831,1.94199001789,14.1331176758,505.831481934,24700.8242188,16462.5742188,8956.6875,767.341247559,986.00592041,71777.421875,12919.9277344,7798.62792969,2121.27587891,3359.640625,8338.56347656,773.015625,25.7085933685,8.01132965088,1.00722193718,0.00236120796762,0.000497466418892,0.000405056751333,0.000189295678865,0.0000877654238138,0.0000369295703422,0.0000111383906187,0.00000491782657264,0.00000499156612932,0.0000013633840581,3.44111469985e-7,3.57460798739e-8,3.08204617383e-9,1.39280809108e-10,2.83361528686e-10],"dvar2":[0.000111382614705,0.110950313509,0.28177806735,0.0311994124204,0.0121029308066,0.00734400609508,0.0220626685768,3.32911872864,27.5217266083,1328.08459473,58629.7421875,24191.6816406,14339.9550781,1324.11633301,1422.0645752,146870.609375,26218.0683594,12923.8085938,4249.95361328,6388.63378906,21973.5898438,1869.48205566,51.6017456055,14.0890216827,2.07585000992,0.00547867547721,0.00125346309505,0.00108537438791,0.000510263140313,0.000244398630457,0.000103685146314,0.0000279152809526,0.00000912542782316,0.0000095302475529,0.00000243127510657,6.07113179285e-7,5.76452841017e-8,5.39014033407e-9,2.55961918327e-10,4.85881779255e-10],"max":[0.174452453852,3.93210268021,7.24382781982,2.14907455444,1.44580090046,0.708500385284,0.802598595619,18.2963600159,44.9434165955,240.065643311,1805.15710449,2044.69213867,1013.49780273,322.087036133,428.430786133,2693.75268555,1374.63842773,995.195251465,445.871337891,712.550048828,1071.11523438,330.234191895,48.1159591675,25.2615623474,9.59152126312,0.387901037931,0.198529243469,0.189584523439,0.125246733427,0.0875367596745,0.0567081198096,0.0280864033848,0.0231793522835,0.0256004855037,0.0135673787445,0.00680237310007,0.00206509535201,0.00050393777201,0.000106746287202,0.000152445805725],"mean":[0.00224035023712,0.0523121282458,0.0894580259919,0.023134727031,0.0226580817252,0.0107874097303,0.0563055686653,0.780121088028,1.59202110767,6.42210578918,40.4537734985,34.6319847107,26.0678157806,8.90653419495,12.8738088608,60.7931861877,36.8064460754,30.4724845886,12.4574432373,11.19003582,15.0447483063,7.74962186813,1.55165576935,0.977785527706,0.331739842892,0.0169041864574,0.00474302191287,0.00288587575778,0.00167611450888,0.00115351658314,0.00070737634087,0.000413543835748,0.00028627741267,0.000219041379751,0.000122502766317,0.0000666075065965,0.0000355576594302,0.0000833380909171,0.00000728000850359,0.00000874283796293],"median":[0.00000150674861743,0.00000245754154093,0.00000477662661069,0.00000180722599907,0.00000837217066874,0.0000041397493078,0.0000203824874916,0.0000170117637026,0.00000949370496528,0.0000271590288321,0.0000190225800907,0.0000170709317899,0.0000191731123778,0.0000162567866937,0.0000375300514861,0.0000139519688673,0.0000231760459428,0.0000219004268729,0.0000119939268188,0.0000150987652887,0.0000144124123835,0.0000225914027396,0.0000267795712716,0.000019392969989,0.0000218610293814,0.0000254981696344,0.0000180911774805,0.0000190421033039,0.0000182207222679,0.0000198979814741,0.0000088599326773,0.00000623341065875,0.00000584733561482,0.00000467693462269,0.00000424805330113,0.00000364267498298,0.00000295061045108,0.00000109154120764,1.45093324022e-7,9.72233937802e-9],"min":[7.28479976922e-23,6.40994898637e-22,4.42693543394e-22,2.83773901685e-21,1.05093676488e-20,3.02200581715e-20,3.32263136297e-20,7.10543493292e-20,1.65252630586e-19,8.80267707173e-20,1.69875251891e-19,3.16395059187e-19,4.9416105836e-19,7.03586697545e-19,9.53443219012e-19,1.1923893316e-18,1.67914055773e-18,2.02951286191e-18,2.51609730775e-18,2.54719330172e-18,3.3206563917e-18,4.6711865264e-18,4.56547946156e-18,6.22038869382e-18,7.97317572643e-18,9.94576243217e-18,9.32561023769e-18,1.01608583428e-17,1.08018678964e-17,1.02255587559e-17,1.09635891508e-17,1.12588479617e-17,9.65390746946e-18,8.84897966975e-18,6.33004802763e-18,4.2424211782e-18,2.23993602921e-18,9.20080750161e-19,2.59109363799e-19,2.51841309035e-20],"var":[0.000274804537185,0.15978474915,0.441528171301,0.032362498343,0.0160845145583,0.00292365555651,0.0178247895092,4.2020945549,23.2028675079,588.233276367,27993.8535156,34752.4960938,13772.2851563,1264.79541016,2690.22192383,87809.046875,21456.046875,14949.7578125,2925.38720703,4362.78759766,7302.29589844,916.590148926,34.3963890076,11.9660196304,1.25371730328,0.00281131034717,0.000393669412006,0.000266100105364,0.000115149559861,0.0000525907016709,0.0000217956076085,0.00000762054060033,0.00000408690948461,0.00000368318842447,0.00000108187668957,2.78424096223e-7,3.29544995736e-8,9.92575088787e-9,2.38545933007e-10,5.99873595242e-10]},"erbbands_crest":{"dmean":2.21802210808,"dmean2":3.83193278313,"dvar":9.58384990692,"dvar2":23.4944324493,"max":23.9856090546,"mean":8.59256649017,"median":4.83043336868,"min":2.53260612488,"var":36.1688270569},"erbbands_flatness_db":{"dmean":0.0363638773561,"dmean2":0.04565570876,"dvar":0.00225372589193,"dvar2":0.00309877470136,"max":0.494873553514,"mean":0.208391144872,"median":0.109243109822,"min":0.0335253998637,"var":0.0205911528319},"erbbands_kurtosis":{"dmean":3.70867371559,"dmean2":4.23981380463,"dvar":228.957229614,"dvar2":240.80531311,"max":253.861129761,"mean":5.16677284241,"median":0.161294177175,"min":-1.73708260059,"var":829.769836426},"erbbands_skewness":{"dmean":0.508546829224,"dmean2":0.726435124874,"dvar":0.507609605789,"dvar2":0.792638242245,"max":11.8206806183,"mean":0.0433702468872,"median":-0.551340699196,"min":-3.67809152603,"var":3.53555798531},"erbbands_spread":{"dmean":6.73262214661,"dmean2":10.2865400314,"dvar":119.525993347,"dvar2":215.580291748,"max":107.500564575,"mean":30.4036998749,"median":33.6831855774,"min":1.10982382298,"var":365.347747803},"gfcc":{"cov":[[172794.734375,25560.5429688,-35486.875,-15405.5341797,-3592.25708008,-7782.98486328,-7159.69042969,1742.74621582,473.832824707,-48.7107086182,125.413970947,506.046966553,-3619.62573242],[25560.5429688,4224.68115234,-5325.33105469,-2575.86865234,-517.574951172,-1379.02172852,-1145.03527832,220.725402832,94.798866272,-75.0397644043,33.1937255859,21.5668334961,-545.825134277],[-35486.875,-5325.33105469,9155.24414063,4479.89648438,811.9375,2272.91308594,1599.12817383,-347.24005127,-219.732131958,41.9318161011,-196.18447876,-41.3166313171,750.037902832],[-15405.5341797,-2575.86865234,4479.89648438,2704.83886719,447.095947266,1279.75793457,749.664978027,-104.192863464,-132.171066284,43.5381088257,-148.362319946,-40.2967033386,346.827575684],[-3592.25708008,-517.574951172,811.9375,447.095947266,234.760879517,160.953262329,124.366867065,-30.2652950287,40.7826118469,24.9698848724,2.18765449524,-25.8547916412,74.4366912842],[-7782.98486328,-1379.02172852,2272.91308594,1279.75793457,160.953262329,821.54864502,537.91796875,-59.9978713989,-116.320846558,7.09714651108,-85.5553741455,-25.1262283325,174.359359741],[-7159.69042969,-1145.03527832,1599.12817383,749.664978027,124.366867065,537.91796875,557.303405762,-58.0312042236,-94.9256057739,-56.4367027283,-11.9485569,-79.1231384277,156.694091797],[1742.74621582,220.725402832,-347.24005127,-104.192863464,-30.2652950287,-59.9978713989,-58.0312042236,79.0507507324,22.8789176941,-1.70677065849,2.67128181458,15.3926906586,-38.340473175],[473.832824707,94.798866272,-219.732131958,-132.171066284,40.7826118469,-116.320846558,-94.9256057739,22.8789176941,108.320373535,26.7153301239,-0.0561579614878,9.00633144379,-6.68703794479],[-48.7107086182,-75.0397644043,41.9318161011,43.5381088257,24.9698848724,7.09714651108,-56.4367027283,-1.70677065849,26.7153301239,85.457649231,14.3813257217,42.1609268188,-10.7846670151],[125.413970947,33.1937255859,-196.18447876,-148.362319946,2.18765449524,-85.5553741455,-11.9485569,2.67128181458,-0.0561579614878,14.3813257217,67.8319702148,21.7219619751,-15.9443407059],[506.046966553,21.5668334961,-41.3166313171,-40.2967033386,-25.8547916412,-25.1262283325,-79.1231384277,15.3926906586,9.00633144379,42.1609268188,21.7219619751,111.499794006,-3.37036442757],[-3619.62573242,-545.825134277,750.037902832,346.827575684,74.4366912842,174.359359741,156.694091797,-38.340473175,-6.68703794479,-10.7846670151,-15.9443407059,-3.37036442757,111.768058777]],"icov":[[0.000485002092319,-0.0019830558449,0.00157963868696,-0.00134882796556,0.000433716602856,-0.000932070426643,-0.00063754740404,0.000265941227553,-0.0000715010319254,-0.000952086702455,0.0017297497252,-0.00223391572945,0.00184111390263],[-0.0019830558449,0.00989933218807,-0.0061030020006,0.00598492566496,-0.00228599947877,0.00333437439986,0.00461480440572,-0.00151836266741,0.00111734459642,0.00652767997235,-0.0058465464972,0.00915140751749,-0.00402547698468],[0.00157963868696,-0.0061030020006,0.00642654672265,-0.00592850288376,0.0012675471371,-0.002673283685,-0.00334513792768,0.00338426744565,-0.00103155395482,-0.00244170660153,0.00637744087726,-0.00894967280328,0.00614228053018],[-0.00134882796556,0.00598492566496,-0.00592850288376,0.00880054570735,-0.0039119287394,-0.00273448415101,0.00729928351939,-0.00588900223374,0.00352340261452,0.00304089765996,-0.00567080825567,0.00986484438181,-0.00736865727231],[0.000433716602856,-0.00228599947877,0.0012675471371,-0.0039119287394,0.0117282029241,-0.0000646059197607,-0.00130970205646,0.00309471297078,-0.00803268887103,-0.00177939538844,-0.0053384709172,0.00124956353102,0.000326671492076],[-0.000932070426643,0.00333437439986,-0.002673283685,-0.00273448415101,-0.0000646059197607,0.020907074213,-0.0150940716267,0.00124433415476,0.00378090422601,-0.00738335121423,0.0137912128121,-0.00469340384007,0.00287875067443],[-0.00063754740404,0.00461480440572,-0.00334513792768,0.00729928351939,-0.00130970205646,-0.0150940716267,0.0230274312198,-0.00607546558604,0.00173998810351,0.0121613452211,-0.0192390829325,0.0156030347571,-0.00925766024739],[0.000265941227553,-0.00151836266741,0.00338426744565,-0.00588900223374,0.00309471297078,0.00124433415476,-0.00607546558604,0.0253952015191,-0.0104331569746,0.00460986886173,0.000843309040647,-0.00937979482114,0.00964587368071],[-0.0000715010319254,0.00111734459642,-0.00103155395482,0.00352340261452,-0.00803268887103,0.00378090422601,0.00173998810351,-0.0104331569746,0.0230314154178,-0.00772287556902,0.00993423070759,0.00162712333258,-0.00533789396286],[-0.000952086702455,0.00652767997235,-0.00244170660153,0.00304089765996,-0.00177939538844,-0.00738335121423,0.0121613452211,0.00460986886173,-0.00772287556902,0.0308232996613,-0.0147239416838,0.00117863400374,0.00567609770223],[0.0017297497252,-0.0058465464972,0.00637744087726,-0.00567080825567,-0.0053384709172,0.0137912128121,-0.0192390829325,0.000843309040647,0.00993423070759,-0.0147239416838,0.0489531308413,-0.0225615501404,0.0170458517969],[-0.00223391572945,0.00915140751749,-0.00894967280328,0.00986484438181,0.00124956353102,-0.00469340384007,0.0156030347571,-0.00937979482114,0.00162712333258,0.00117863400374,-0.0225615501404,0.0324342101812,-0.0188399348408],[0.00184111390263,-0.00402547698468,0.00614228053018,-0.00736865727231,0.000326671492076,0.00287875067443,-0.00925766024739,0.00964587368071,-0.00533789396286,0.00567609770223,0.0170458517969,-0.0188399348408,0.0442313216627]],"mean":[-719.358154297,55.0299491882,-79.6894836426,-27.5663375854,-9.34997844696,-13.5200014114,-17.6172084808,5.79265594482,0.494856208563,1.9031226635,0.0997455194592,3.46182227135,-8.44454956055]},"hfc":{"dmean":4.99913835526,"dmean2":6.39399385452,"dvar":210.853820801,"dvar2":367.374816895,"max":122.225967407,"mean":7.26104450226,"median":0.000160080031492,"min":1.03523268318e-16,"var":443.512329102},"melbands":{"dmean":[0.0000286067279376,0.0000471776074846,0.00000399261216444,7.38155677027e-7,0.00000122691699289,0.0000121399070849,0.0000167655180121,0.000111371089588,0.00030142252217,0.000171644293005,0.000115278315207,0.000036810644815,0.0000271318858722,0.0000803719303804,0.00015375536168,0.0000728011727915,0.0000485253658553,0.000022635455025,0.0000089472214313,0.0000187935056601,0.0000181428131327,0.00000747123385736,0.00000254232804764,4.58958140825e-7,7.49766911667e-7,4.02143484735e-7,1.98780352179e-8,3.64683550025e-9,3.23597060259e-9,2.79895573385e-9,1.88776994037e-9,1.37394084998e-9,1.06720732251e-9,8.54277926177e-10,6.21874163276e-10,4.13386436193e-10,2.8409372077e-10,2.39858244377e-10,2.63596894312e-10,2.45851727865e-10],"dmean2":[0.0000315574543492,0.0000535658509762,0.00000353600898961,7.81652545356e-7,0.00000185389114904,0.0000153535256686,0.0000254215592577,0.000178766233148,0.000434954126831,0.000188770849491,0.000172250831383,0.0000506935903104,0.0000343988904206,0.000116076429549,0.000198481226107,0.0000997757160803,0.00006266386481,0.000032950341847,0.0000115253733384,0.0000275124039035,0.0000306277579512,0.0000108303120214,0.00000387023010262,6.55140411254e-7,9.99178041639e-7,5.67050051359e-7,2.7962588689e-8,5.69451952259e-9,4.9383062084e-9,4.48373294049e-9,3.04946290441e-9,2.24350671374e-9,1.71907621471e-9,1.47889378521e-9,1.09431474993e-9,7.32156779648e-10,4.87174522945e-10,3.55606044611e-10,3.29437782609e-10,2.99304941942e-10],"dvar":[3.86632308391e-8,1.00683507753e-7,6.15006712223e-10,1.60129288301e-11,1.08472389057e-11,1.40370859381e-9,2.70201194752e-9,2.16693692323e-7,0.00000126425743474,7.68018651343e-7,2.44122361437e-7,2.21441158743e-8,1.05366835257e-8,1.62829778105e-7,3.91344229911e-7,1.07434019014e-7,3.83405414084e-8,1.09662119385e-8,1.37932720801e-9,1.40099389867e-8,1.03204662594e-8,9.98490068405e-10,1.15108721166e-10,2.86224581363e-12,6.76272709707e-12,1.95094071107e-12,3.25838391743e-15,2.42074419499e-16,1.67006693648e-16,1.82256423368e-16,1.20041972506e-16,6.44889063788e-17,4.27436151678e-17,2.28795047233e-17,1.3367761477e-17,7.25094944435e-18,3.22386902221e-18,2.10901732648e-18,3.51864475966e-18,3.73139685398e-18],"dvar2":[4.4468468019e-8,1.2627550916e-7,8.30349733416e-10,1.50495935158e-11,2.34373093849e-11,2.39353736831e-9,5.51047252273e-9,5.51989671749e-7,0.00000295401332551,0.000001113152166,3.98120732825e-7,4.08684854847e-8,1.49565586582e-8,3.5065005477e-7,7.57173324928e-7,2.19293141868e-7,7.44039709843e-8,2.47293350242e-8,2.00556971031e-9,2.92471558083e-8,2.85817502998e-8,2.36415509391e-9,2.41865361073e-10,4.81511965716e-12,1.23477799166e-11,4.13494022009e-12,6.85074996135e-15,6.75035231078e-16,4.1871570264e-16,4.69875486803e-16,3.27949240199e-16,1.74469106853e-16,1.1583555395e-16,6.46848290699e-17,3.7715197459e-17,1.98528839492e-17,7.57965613053e-18,4.08136580421e-18,6.62288692167e-18,7.18788602163e-18],"max":[0.00285430741496,0.00471425708383,0.000378032913432,0.0000486629360239,0.0000258962027146,0.000516807253007,0.00058437557891,0.00581157067791,0.0122440615669,0.0138509711251,0.00529963290319,0.00176733068656,0.00152235163841,0.00441065663472,0.00509691145271,0.00444953329861,0.00211382936686,0.00109563197475,0.000498507346492,0.00146483746357,0.00115081551485,0.000371445377823,0.000103595331893,0.0000178489608516,0.0000239852597588,0.0000134872843773,4.31540115642e-7,1.37993254157e-7,1.10045945689e-7,1.24880557451e-7,1.03378198446e-7,7.32549167992e-8,5.92380615672e-8,4.33529798727e-8,3.37790382332e-8,2.4857916614e-8,1.38795099858e-8,1.39526070697e-8,2.13665707349e-8,2.21279972124e-8],"mean":[0.0000379837401852,0.0000602086875006,0.00000450199058832,0.00000113215241981,0.00000143594081692,0.0000190464288607,0.0000212312279473,0.000113650065032,0.000314080360113,0.000214935440454,0.000128333689645,0.0000372597714886,0.0000398554293497,0.0000855146863614,0.000157097165356,0.0000736379661248,0.0000542846064491,0.000023362958018,0.0000103143220258,0.0000190266546269,0.000016699619664,0.00000907045432541,0.00000263512924903,6.03593377946e-7,8.48631202643e-7,4.34656186599e-7,2.35647323876e-8,2.96125368671e-9,2.57287435801e-9,2.17401963098e-9,1.40237566004e-9,9.58285562014e-10,7.38340166784e-10,5.91633297908e-10,4.20825568836e-10,2.97786101333e-10,2.24889162848e-10,1.89802243367e-10,1.91752960732e-10,1.75951378467e-10],"median":[1.15419851454e-8,1.04495756492e-9,3.41471378951e-10,5.09028319495e-10,7.73861474901e-10,3.81269238403e-10,1.43977732514e-10,3.01976277317e-10,7.97788016205e-11,1.31057345532e-10,9.77812622538e-11,5.44169778682e-11,1.38042785536e-10,4.55121496046e-11,2.79507597623e-11,3.83519709046e-11,4.08722951317e-11,1.81742294825e-11,1.7705396177e-11,1.89292713448e-11,1.48941241285e-11,2.25494987266e-11,2.7443287226e-11,1.97692921061e-11,1.03692271783e-11,1.50813007915e-11,1.40119721381e-11,9.16580786964e-12,9.29350520151e-12,1.08232329349e-11,1.0902944346e-11,9.08776005837e-12,7.7018330949e-12,9.5675420711e-12,4.30569208759e-12,6.50871067112e-12,2.55018705805e-12,4.19082433686e-12,3.78516705826e-12,3.66347013489e-12],"min":[8.82560028606e-25,3.22145525491e-25,8.58527874167e-25,1.7728899427e-24,1.29712211291e-24,1.79570419451e-24,2.57240934482e-24,8.40720522523e-25,1.43221602204e-24,2.15709340532e-24,1.82455520439e-24,2.73834741953e-24,2.44432574673e-24,2.71466482908e-24,3.249670295e-24,3.71813810458e-24,3.06473704134e-24,3.59886273014e-24,2.92204748638e-24,3.92993503029e-24,3.40028159118e-24,3.64145135826e-24,3.95512927545e-24,3.82957338491e-24,4.59960575805e-24,4.93603205716e-24,4.07287702074e-24,5.69280604506e-24,5.24818865609e-24,4.71443471799e-24,5.6451201922e-24,4.77226571652e-24,5.35947365842e-24,5.45935409864e-24,5.50001475071e-24,5.57300055609e-24,6.30321004744e-24,6.24325543535e-24,6.55273345708e-24,7.22937140435e-24],"var":[8.08391362739e-8,2.05295521027e-7,1.08379916153e-9,2.873092389e-11,1.60558597667e-11,2.76912959229e-9,4.07744105146e-9,2.65846580305e-7,0.00000148133676703,0.00000163174854606,3.62592743386e-7,2.97241378178e-8,2.95910744796e-8,1.81600952942e-7,5.23215760495e-7,1.38210310752e-7,5.69759066593e-8,1.32341018144e-8,2.41073849772e-9,1.56353330283e-8,8.46095282725e-9,1.26095323072e-9,1.3230110063e-10,4.60658637971e-12,9.60777204323e-12,2.30397493618e-12,4.92619411992e-15,1.83145900607e-16,1.29679381031e-16,1.29701575941e-16,7.5157101061e-17,3.89703282332e-17,2.54336961798e-17,1.37152534349e-17,7.83570906197e-18,4.37941304098e-18,2.37534011881e-18,1.74940717262e-18,2.66584822469e-18,2.71387701939e-18]},"melbands_crest":{"dmean":2.98547697067,"dmean2":5.00609874725,"dvar":18.841135025,"dvar2":42.8073425293,"max":39.9762763977,"mean":11.8617620468,"median":9.96888637543,"min":1.59953272343,"var":112.646339417},"melbands_flatness_db":{"dmean":0.032167352736,"dmean2":0.0403079353273,"dvar":0.00231006764807,"dvar2":0.00297648250125,"max":0.811234414577,"mean":0.211112305522,"median":0.223667368293,"min":0.00398894958198,"var":0.0402825474739},"melbands_kurtosis":{"dmean":56.7768249512,"dmean2":89.6545257568,"dvar":65105.4648438,"dvar2":135804.484375,"max":2753.99658203,"mean":89.9251785278,"median":-0.855262696743,"min":-1.47007775307,"var":142151.578125},"melbands_skewness":{"dmean":1.43335545063,"dmean2":2.06893086433,"dvar":14.6001272202,"dvar2":23.2474327087,"max":51.112739563,"mean":2.91279101372,"median":0.365208983421,"min":-0.928206861019,"var":69.4113082886},"melbands_spread":{"dmean":11.0067958832,"dmean2":18.376953125,"dvar":191.915588379,"dvar2":454.572784424,"max":165.248977661,"mean":66.2417144775,"median":34.2544822693,"min":0.280346870422,"var":3543.32592773},"mfcc":{"cov":[[20030.09375,11162.5595703,-6983.19482422,-3684.17211914,-385.620941162,-2864.03198242,-1924.60974121,-136.688079834,-683.221618652,-77.2812728882,868.712036133,280.724609375,110.929000854],[11162.5595703,6587.56396484,-3589.93334961,-2020.08435059,-122.63054657,-1574.48059082,-1133.5925293,-93.277633667,-366.665130615,-47.214176178,517.460449219,215.898513794,95.9251403809],[-6983.19482422,-3589.93334961,3257.05664063,1732.75219727,373.100830078,1299.24462891,819.37310791,122.24307251,347.283599854,55.2954216003,-302.969116211,-32.5984115601,12.2448387146],[-3684.17211914,-2020.08435059,1732.75219727,1158.65393066,365.733032227,764.802001953,490.444763184,106.555137634,225.032669067,81.3399353027,-161.555618286,-60.6032867432,3.69521737099],[-385.620941162,-122.63054657,373.100830078,365.733032227,303.131164551,183.055374146,18.3006439209,18.419500351,81.0870437622,77.6721572876,13.4680290222,-17.2786922455,15.4284934998],[-2864.03198242,-1574.48059082,1299.24462891,764.802001953,183.055374146,659.882507324,478.587646484,97.3295440674,180.609512329,68.0818099976,-117.384353638,-29.8594589233,-22.0437736511],[-1924.60974121,-1133.5925293,819.37310791,490.444763184,18.3006439209,478.587646484,522.788513184,163.755599976,111.689201355,22.0670337677,-87.3232421875,-29.9902763367,-42.2088851929],[-136.688079834,-93.277633667,122.24307251,106.555137634,18.419500351,97.3295440674,163.755599976,119.706817627,46.5206336975,4.1981716156,-14.9116258621,-7.49288082123,-6.93218612671],[-683.221618652,-366.665130615,347.283599854,225.032669067,81.0870437622,180.609512329,111.689201355,46.5206336975,107.572090149,47.6435508728,-38.3227157593,-12.3125209808,-4.12888050079],[-77.2812728882,-47.214176178,55.2954216003,81.3399353027,77.6721572876,68.0818099976,22.0670337677,4.1981716156,47.6435508728,75.1598815918,31.0503692627,-14.3222236633,-9.84952068329],[868.712036133,517.460449219,-302.969116211,-161.555618286,13.4680290222,-117.384353638,-87.3232421875,-14.9116258621,-38.3227157593,31.0503692627,96.9836425781,33.1658210754,2.82775139809],[280.724609375,215.898513794,-32.5984115601,-60.6032867432,-17.2786922455,-29.8594589233,-29.9902763367,-7.49288082123,-12.3125209808,-14.3222236633,33.1658210754,61.2532081604,28.4547023773],[110.929000854,95.9251403809,12.2448387146,3.69521737099,15.4284934998,-22.0437736511,-42.2088851929,-6.93218612671,-4.12888050079,-9.84952068329,2.82775139809,28.4547023773,48.1292228699]],"icov":[[0.0075543760322,-0.012331311591,0.0125082805753,-0.0169915612787,0.0198861602694,-0.0188893154263,0.0145118879154,-0.00666136341169,-0.00224835635163,0.0103784501553,-0.0126145109534,0.0110298646614,-0.00181978137698],[-0.012331311591,0.0210659466684,-0.0205679181963,0.0298601854593,-0.0357370376587,0.0332034751773,-0.0255017261952,0.0110977282748,0.00286925281398,-0.0167041420937,0.0206538308412,-0.0199091359973,0.00265766656958],[0.0125082805753,-0.0205679181963,0.0254062805325,-0.0347623936832,0.0405097045004,-0.0422339700162,0.0315376482904,-0.0119716636837,-0.00953131634742,0.0301302764565,-0.0325872786343,0.0242585930973,-0.00510541303083],[-0.0169915612787,0.0298601854593,-0.0347623936832,0.059747248888,-0.0694203898311,0.0582354478538,-0.0506407432258,0.0200513061136,0.0111622288823,-0.0396172888577,0.050723195076,-0.0358972288668,0.00240134587511],[0.0198861602694,-0.0357370376587,0.0405097045004,-0.0694203898311,0.0951562151313,-0.0855954438448,0.0728005990386,-0.0305441636592,-0.0197834856808,0.0594789981842,-0.0810245126486,0.064422801137,-0.0126972896978],[-0.0188893154263,0.0332034751773,-0.0422339700162,0.0582354478538,-0.0855954438448,0.108906432986,-0.0827900543809,0.0368926525116,0.0171144008636,-0.077053822577,0.0875976234674,-0.0722767412663,0.0169439185411],[0.0145118879154,-0.0255017261952,0.0315376482904,-0.0506407432258,0.0728005990386,-0.0827900543809,0.0772972628474,-0.0461846105754,0.00184911722317,0.0386229157448,-0.0530148893595,0.0403252840042,0.00046136896708],[-0.00666136341169,0.0110977282748,-0.0119716636837,0.0200513061136,-0.0305441636592,0.0368926525116,-0.0461846105754,0.0540971830487,-0.040442161262,0.0293886009604,-0.0176024939865,0.0139315575361,-0.0159396119416],[-0.00224835635163,0.00286925281398,-0.00953131634742,0.0111622288823,-0.0197834856808,0.0171144008636,0.00184911722317,-0.040442161262,0.114652052522,-0.140386983752,0.134865537286,-0.097297988832,0.0417145378888],[0.0103784501553,-0.0167041420937,0.0301302764565,-0.0396172888577,0.0594789981842,-0.077053822577,0.0386229157448,0.0293886009604,-0.140386983752,0.234339103103,-0.223190158606,0.165247142315,-0.0601752027869],[-0.0126145109534,0.0206538308412,-0.0325872786343,0.050723195076,-0.0810245126486,0.0875976234674,-0.0530148893595,-0.0176024939865,0.134865537286,-0.223190158606,0.247221678495,-0.180747419596,0.0676011666656],[0.0110298646614,-0.0199091359973,0.0242585930973,-0.0358972288668,0.064422801137,-0.0722767412663,0.0403252840042,0.0139315575361,-0.097297988832,0.165247142315,-0.180747419596,0.166105866432,-0.0676551088691],[-0.00181978137698,0.00265766656958,-0.00510541303083,0.00240134587511,-0.0126972896978,0.0169439185411,0.00046136896708,-0.0159396119416,0.0417145378888,-0.0601752027869,0.0676011666656,-0.0676551088691,0.0580196492374]],"mean":[-1030.51293945,68.825553894,-25.8076095581,-14.2649049759,3.4752137661,-11.3461065292,-10.3198013306,-0.471602678299,-1.79465091228,1.14205980301,6.47678279877,4.06988859177,2.5515525341]},"pitch_salience":{"dmean":0.0659467056394,"dmean2":0.103112094104,"dvar":0.00931720994413,"dvar2":0.0176381487399,"max":0.864422082901,"mean":0.618933975697,"median":0.707549929619,"min":0.0028221711982,"var":0.0509656071663},"silence_rate_20dB":{"dmean":0,"dmean2":0,"dvar":0,"dvar2":0,"max":1,"mean":1,"median":1,"min":1,"var":0},"silence_rate_30dB":{"dmean":0.00999999977648,"dmean2":0.0201005022973,"dvar":0.00990001112223,"dvar2":0.0297466237098,"max":1,"mean":0.995024859905,"median":1,"min":0,"var":0.00495036132634},"silence_rate_60dB":{"dmean":0.0799999982119,"dmean2":0.155778899789,"dvar":0.0736001059413,"dvar2":0.151612445712,"max":1,"mean":0.791044771671,"median":1,"min":0,"var":0.165293380618},"spectral_centroid":{"dmean":333.466644287,"dmean2":540.940063477,"dvar":307290.125,"dvar2":569993,"max":11728.3818359,"mean":5489.68408203,"median":2109.36108398,"min":94.4395523071,"var":23440578},"spectral_complexity":{"dmean":1.15999996662,"dmean2":1.48743712902,"dvar":6.494389534,"dvar2":8.20966815948,"max":21,"mean":2.63681602478,"median":0,"min":0,"var":27.365524292},"spectral_contrast_coeffs":{"dmean":[0.033681564033,0.0501054301858,0.0354574806988,0.0309512857348,0.0310777518898,0.0141171123832],"dmean2":[0.0508942864835,0.0703691989183,0.0513824857771,0.0424601212144,0.0403937138617,0.024330066517],"dvar":[0.00144175847527,0.00387247954495,0.00253325072117,0.00192951888312,0.00259287748486,0.000648296088912],"dvar2":[0.00319800013676,0.00743552250788,0.00488063087687,0.00306417630054,0.00382748176344,0.00175144360401],"max":[-0.491140067577,-0.341014921665,-0.424367576838,-0.503814935684,-0.467443317175,-0.748495101929],"mean":[-0.837429285049,-0.830213844776,-0.869410097599,-0.867557227612,-0.826550543308,-0.90836161375],"median":[-0.881435930729,-0.920106947422,-0.932378709316,-0.926942586899,-0.928312122822,-0.906207978725],"min":[-0.976587712765,-0.978574514389,-0.976956605911,-0.986369907856,-0.978016197681,-0.963544785976],"var":[0.0169096924365,0.0282090194523,0.0156911890954,0.0147639364004,0.0259636305273,0.00286666257307]},"spectral_contrast_valleys":{"dmean":[0.597170054913,0.762369215488,0.687407851219,0.650538802147,0.431848287582,0.349941641092],"dmean2":[0.863560914993,1.08449339867,0.920305728912,0.869831740856,0.502181172371,0.516395866871],"dvar":[0.817096233368,0.92548418045,0.805522322655,0.839501321316,0.711112678051,0.532763183117],"dvar2":[1.02898538113,1.26567602158,0.95697081089,0.918516516685,0.758863925934,0.764834046364],"max":[-6.83945274353,-6.0225110054,-6.42239332199,-6.47242307663,-8.11342430115,-10.8845777512],"mean":[-18.7279930115,-17.5124702454,-17.6966381073,-17.7224636078,-18.6082248688,-20.0694770813],"median":[-13.1552963257,-13.089679718,-13.4896612167,-13.9247894287,-13.4142179489,-15.4971733093],"min":[-28.0663833618,-27.9810390472,-27.7525157928,-27.6235637665,-27.5029506683,-27.4283828735],"var":[58.5989494324,77.1068267822,73.6477203369,74.0898666382,58.6968612671,40.0227470398]},"spectral_decrease":{"dmean":1.21323429081e-9,"dmean2":1.50092560602e-9,"dvar":1.15343702432e-17,"dvar2":1.9853899727e-17,"max":2.40113341738e-28,"mean":-1.73625380739e-9,"median":-1.0179089017e-13,"min":-3.10502841216e-8,"var":2.41682835505e-17},"spectral_energy":{"dmean":0.00501493643969,"dmean2":0.00622317427769,"dvar":0.000198330686544,"dvar2":0.000340732949553,"max":0.128276929259,"mean":0.00721161207184,"median":5.52685037292e-7,"min":9.82160897471e-21,"var":0.000416903698351},"spectral_energyband_high":{"dmean":3.36867856277e-7,"dmean2":5.04394449763e-7,"dvar":2.85175789233e-12,"dvar2":6.9976498554e-12,"max":0.0000139514513648,"mean":3.10285827254e-7,"median":8.20381362843e-9,"min":6.9548142291e-21,"var":2.04569217468e-12},"spectral_energyband_low":{"dmean":0.000179352791747,"dmean2":0.000204981333809,"dvar":0.00000156745602453,"dvar2":0.00000178314007826,"max":0.0179053936154,"mean":0.000245827483013,"median":4.99184764635e-8,"min":2.00750238239e-23,"var":0.00000335172740051},"spectral_energyband_middle_high":{"dmean":0.00284781283699,"dmean2":0.00371323060244,"dvar":0.0000770072510932,"dvar2":0.0001349660306,"max":0.0865835547447,"mean":0.00388918211684,"median":5.65796209884e-9,"min":1.1540527648e-21,"var":0.000164902667166},"spectral_energyband_middle_low":{"dmean":0.00254040304571,"dmean2":0.00312048685737,"dvar":0.0000590335075685,"dvar2":0.000110749002488,"max":0.0758038684726,"mean":0.00325356493704,"median":1.93392075687e-8,"min":1.61853318227e-22,"var":0.000109603490273},"spectral_entropy":{"dmean":0.222831919789,"dmean2":0.283628761768,"dvar":0.117686621845,"dvar2":0.178788900375,"max":9.82134151459,"mean":8.10288047791,"median":8.29733276367,"min":3.54876184464,"var":2.73050737381},"spectral_flux":{"dmean":0.0167829934508,"dmean2":0.0225668679923,"dvar":0.00107006367762,"dvar2":0.0024872017093,"max":0.273855447769,"mean":0.0297949109226,"median":0.000273709738394,"min":6.20651932626e-11,"var":0.00303613301367},"spectral_kurtosis":{"dmean":9.60327625275,"dmean2":16.5499534607,"dvar":255.748886108,"dvar2":693.762634277,"max":99.7094345093,"mean":17.2860641479,"median":2.7856092453,"min":-1.25082182884,"var":598.232727051},"spectral_rms":{"dmean":0.000574471778236,"dmean2":0.000569812080357,"dvar":0.00000140234067203,"dvar2":0.00000165453252521,"max":0.0111869666725,"mean":0.00115955085494,"median":0.0000232207858062,"min":3.09548979331e-12,"var":0.00000569117719351},"spectral_rolloff":{"dmean":674.097045898,"dmean2":1207.91540527,"dvar":4091159,"dvar2":8155385.5,"max":19745.9472656,"mean":9147.32421875,"median":2282.51953125,"min":21.533203125,"var":75135712},"spectral_skewness":{"dmean":0.745804607868,"dmean2":1.25807952881,"dvar":1.20228159428,"dvar2":3.56890892982,"max":7.25157785416,"mean":1.89718008041,"median":1.40328609943,"min":-0.0684089809656,"var":4.03998613358},"spectral_spread":{"dmean":1012408.5,"dmean2":1638864.25,"dvar":5509491982340,"dvar2":11090225266700,"max":42982780,"mean":19176952,"median":8430109,"min":684143.875,"var":343561346220000},"spectral_strongpeak":{"dmean":0.410078316927,"dmean2":0.543179631233,"dvar":1.02660894394,"dvar2":1.95476329327,"max":10.1723251343,"mean":0.623951494694,"median":0.00115186406765,"min":0,"var":2.82529425621},"zerocrossingrate":{"dmean":0.017978515476,"dmean2":0.0229762084782,"dvar":0.000728384708054,"dvar2":0.000669769768137,"max":0.5263671875,"mean":0.252713471651,"median":0.12451171875,"min":0,"var":0.048228316009}},"metadata":{"audio_properties":{"analysis_sample_rate":44100,"bit_rate":109368,"codec":"mp3","downmix":"mix","equal_loudness":0,"length":4.62367343903,"lossless":false,"md5_encoded":"9974cf62e7654f0423d38323880374a3","replay_gain":-12.236656189,"sample_rate":44100},"tags":{"album":["The Art of Storytelling"],"albumartist":["Slick Rick"],"albumartistsort":["Slick Rick"],"artist":["Slick Rick"],"artistsort":["Slick Rick"],"asin":["B00000IFWN"],"barcode":["731455893922"],"catalognumber":["314 558 939-2"],"date":["1999-05-25"],"discnumber":["1/1"],"file_name":"21 Slick Rick - The Art of Storytelling - CEO Outro.mp3","label":["Def Jam Recordings"],"media":["CD"],"musicbrainz album release country":["US"],"musicbrainz album status":["official"],"musicbrainz album type":["album"],"musicbrainz_albumartistid":["486af4f0-a79b-468f-be73-527cd4caf6ea"],"musicbrainz_albumid":["8f5658c1-e500-47cb-a05e-61316ddf0059"],"musicbrainz_artistid":["486af4f0-a79b-468f-be73-527cd4caf6ea"],"musicbrainz_recordingid":["e484e7a8-1c6a-4fe1-b1b3-6621f2d74d20"],"musicbrainz_releasegroupid":["8eeb7018-8073-3d2b-8db5-bbcdbe0f73c3"],"originaldate":["1999-05-25"],"script":["Latn"],"title":["CEO Outro"],"tracknumber":["21/24"]},"version":{"essentia":"2.1-beta2","essentia_build_sha":"2d9f1f26377add8aeb1075a9c2973f962c4f09fd","essentia_git_sha":"v2.1_beta2-1-ge3940c0","extractor":"music 1.0"}},"rhythm":{"beats_count":6,"beats_loudness":{"dmean":0.030430585146,"dmean2":0.0692897289991,"dvar":0.00237111886963,"dvar2":0.00483002373949,"max":0.126675620675,"mean":0.0381181277335,"median":0.00041741275345,"min":0,"var":0.00292842672206},"beats_loudness_band_ratio":{"dmean":[0.387863695621,0.0762872546911,0.125272095203,0.108857944608,0.0684259384871,0.00785675644875],"dmean2":[0.969314515