{"lowlevel":{"average_loudness":0.88519102335,"barkbands":{"dmean":[0.0000663593309582,0.00813548266888,0.00918288622051,0.00252125202678,0.00141078024171,0.0012344578281,0.00091159902513,0.000845567032229,0.000341738108546,0.000083289014583,0.0000376435054932,0.0000191953495232,0.0000139242119985,0.00000733945580578,0.0000118658199426,0.00000560008265893,0.00000234881304095,0.0000017920206119,0.00000108409085442,0.00000123821610032,5.00945361637e-7,2.20079570568e-7,6.47031725975e-8,6.56050218595e-8,6.96912323406e-8,4.02530595522e-8,1.38772264791e-8],"dmean2":[0.0000938970188145,0.0129170911387,0.014912773855,0.00412540743127,0.00234644301236,0.00210525770672,0.0013702531578,0.00129956775345,0.000537618121598,0.000130044791149,0.0000634664756944,0.0000315947763738,0.000022967273253,0.0000116133687698,0.0000172670588654,0.0000089474106062,0.00000360337185157,0.00000252190739047,0.00000166949951108,0.00000189937452433,7.44575118006e-7,3.25785208588e-7,9.9811813925e-8,1.04825701897e-7,1.099138629e-7,6.1439379806e-8,2.33117294357e-8],"dvar":[1.13937215218e-8,0.000147820202983,0.000206621800316,0.0000263360252575,0.00000803540842753,0.0000093880444183,0.0000236933701672,0.00000519058221471,4.80577568851e-7,5.38290798602e-8,1.00674553138e-8,2.71379363426e-9,3.92857257836e-9,7.30614402311e-10,3.72292263684e-9,1.14085063618e-9,8.62737867258e-11,3.60173661729e-11,1.11055296903e-11,4.04780514662e-11,3.95949679294e-12,9.82310912299e-13,6.4857922635e-14,1.08170234109e-13,3.5444046244e-13,1.357845043e-13,2.04891476235e-14],"dvar2":[2.07881178937e-8,0.000413554458646,0.000565099006053,0.0000620977953076,0.0000229819725064,0.000030195878935,0.000049071641115,0.0000121395842143,0.00000112971622457,1.34937636176e-7,2.73851643584e-8,6.93696922127e-9,1.03320045852e-8,1.87884285907e-9,7.25806836854e-9,2.99032620887e-9,2.05725436686e-10,6.77269837435e-11,2.69705056899e-11,9.18035855668e-11,8.92252331047e-12,2.11427685255e-12,1.30852509275e-13,2.62825920966e-13,8.51702985482e-13,3.21453313187e-13,5.42727314641e-14],"max":[0.00171190616675,0.148687630892,0.2548622787,0.176082924008,0.0932200178504,0.0698742344975,0.251633793116,0.0525482073426,0.0187592264265,0.00691930437461,0.002988306107,0.00165917712729,0.00199491577223,0.000848658615723,0.00239105336368,0.00217713299207,0.000285346613964,0.000240549416048,0.0000789062178228,0.000216554515646,0.0000526001604157,0.0000391023750126,0.00000598449787503,0.0000100448069134,0.0000179366616067,0.000012002472431,0.00000710247741154],"mean":[0.000315237586619,0.0220028217882,0.0173224713653,0.00544115994126,0.00318680191413,0.00251351017505,0.0015751424944,0.00190325232688,0.00102748873178,0.000152722073835,0.0000615992976236,0.0000298900831694,0.0000220580532186,0.0000128045967358,0.0000235034203797,0.0000110557912194,0.00000478519314129,0.00000381396580451,0.00000196150222109,0.00000190658272459,7.0721063139e-7,3.29439274083e-7,1.00925220181e-7,8.52600621215e-8,8.84927757738e-8,4.5804526394e-8,1.34259208195e-8],"median":[0.000183051102795,0.019144628197,0.0120735485107,0.00253022555262,0.00140019750688,0.000701111159287,0.000178610876901,0.000244439579546,0.000262207526248,0.0000405370301451,0.0000139638814289,0.00000792751779954,0.00000275416687145,0.0000012359645325,0.00000131683498239,0.00000103735442281,6.17279511061e-7,2.59767830357e-7,1.90015782664e-7,1.75839559802e-7,6.03338321525e-8,3.32845928597e-8,1.67719989008e-8,1.1123296062e-8,8.61066951074e-9,5.70415625845e-9,3.5957183897e-9],"min":[1.11311934041e-23,6.43910427568e-23,5.47521848587e-23,8.75829664578e-24,2.25164457737e-23,3.68420541051e-23,1.85469560743e-23,2.73913837092e-23,6.39336675149e-23,6.1334433941e-23,1.22796915784e-22,5.40585931073e-23,6.14942003624e-23,1.07795898945e-22,1.62575018671e-22,1.83835855052e-22,1.66516508541e-22,3.29629808028e-22,3.31451887393e-22,5.00913649144e-22,5.66515574458e-22,5.20439786706e-22,8.1182925312e-22,8.8913747037e-22,9.88138731425e-22,1.43642195387e-21,2.09730271064e-21],"var":[1.20000066772e-7,0.000253660517046,0.000324657419696,0.0000710269596311,0.0000247004008997,0.0000223205242946,0.0000454171931779,0.00002397989374,0.00000273039336207,1.15156439051e-7,2.40775648308e-8,3.91011267808e-9,5.1939399448e-9,1.38161826424e-9,1.00213153331e-8,1.68409475254e-9,2.3348911693e-10,1.16075295209e-10,2.40335477214e-11,5.56402493523e-11,5.71519307574e-12,1.79160820294e-12,1.3040469312e-13,1.4360120894e-13,4.18077654744e-13,1.43577613991e-13,1.47320340876e-14]},"barkbands_crest":{"dmean":2.01433348656,"dmean2":3.38776612282,"dvar":4.10573863983,"dvar2":11.5793380737,"max":25.5775794983,"mean":13.8107204437,"median":13.2654285431,"min":4.54834413528,"var":17.0974884033},"barkbands_flatness_db":{"dmean":0.0321556292474,"dmean2":0.0520757883787,"dvar":0.00125378812663,"dvar2":0.0032543502748,"max":0.950972914696,"mean":0.455193370581,"median":0.435665905476,"min":0.0701346322894,"var":0.014952801168},"barkbands_kurtosis":{"dmean":5.14426660538,"dmean2":8.02442550659,"dvar":102.490989685,"dvar2":232.415618896,"max":364.895477295,"mean":11.5027084351,"median":6.45203924179,"min":-1.62465000153,"var":300.063079834},"barkbands_skewness":{"dmean":0.548243641853,"dmean2":0.860999524593,"dvar":0.399218410254,"dvar2":0.955226123333,"max":15.5750761032,"mean":2.26506900787,"median":2.08663892746,"min":-1.77900528908,"var":2.14771175385},"barkbands_spread":{"dmean":0.727815449238,"dmean2":1.15920269489,"dvar":1.68287694454,"dvar2":3.98636484146,"max":77.7355651855,"mean":2.62050294876,"median":2.07215881348,"min":0.0852327868342,"var":4.44787311554},"dissonance":{"dmean":0.0476635098457,"dmean2":0.0813852027059,"dvar":0.00181473698467,"dvar2":0.00516808126122,"max":0.499999850988,"mean":0.379121422768,"median":0.392099529505,"min":0.0609898529947,"var":0.00533952796832},"dynamic_complexity":3.7687420845,"erbbands":{"dmean":[0.119537554681,2.2604341507,9.60803794861,9.59643936157,5.04362773895,5.22290849686,5.59264612198,12.2558794022,13.1585035324,15.1227445602,15.5848579407,7.80715417862,3.07637548447,2.59971451759,1.2960190773,0.72928917408,0.650486826897,0.40786498785,0.46677750349,0.503858268261,0.208246305585,0.123925715685,0.108532987535,0.0743377432227,0.0492830835283,0.0489587411284,0.0287203583866,0.0204372778535,0.0102999750525,0.0033748333808,0.00159610644914,0.00161510938779,0.00143702013884,0.000844511552714,0.000239662462263,0.000160258423421,0.0000868467323016,0.0000177619131136,0.00000917243414733,0.0000188312642422],"dmean2":[0.17455150187,3.62864494324,15.616768837,15.4945268631,8.32106113434,8.59429836273,9.29304218292,21.1631526947,19.5643634796,23.6816177368,23.6885910034,12.2000055313,4.89838504791,4.08576154709,2.14701199532,1.17247951031,1.05949628353,0.647712171078,0.68840700388,0.740001499653,0.319941014051,0.189177170396,0.149275317788,0.117988973856,0.0731360763311,0.0743547603488,0.0438377670944,0.030413934961,0.0152060063556,0.00507631571963,0.00248241587542,0.00250104814768,0.00233721919358,0.00134334957693,0.000370944675524,0.000236066509387,0.000145494908793,0.0000287518014375,0.0000144830901263,0.0000294976562145],"dvar":[0.0259642079473,11.7610025406,233.729614258,300.669555664,94.5059204102,125.142990112,149.984008789,1152.00854492,5141.01757812,1725.90490723,1866.75341797,266.718719482,66.1912841797,76.9153442383,9.77146530151,4.20673894882,8.66164398193,1.90301597118,6.28738164902,6.79555511475,1.07863914967,0.26281312108,0.136399045587,0.0497454255819,0.0284143295139,0.0648926049471,0.0199809037149,0.00851284526289,0.00278726359829,0.000150580977788,0.0000445095101895,0.0000956882940955,0.0000764256619732,0.0000492424805998,0.0000019315245936,0.00000122025642213,0.00000117595857319,4.10904412718e-8,4.8786430451e-10,6.34225783003e-10],"dvar2":[0.059778906405,33.0802307129,635.599914551,753.58392334,263.794219971,337.450164795,423.726470947,3818.02856445,10587.4492188,4106.07763672,4232.07666016,624.585510254,163.662857056,190.482696533,26.1981182098,10.4630250931,22.7432422638,4.82003211975,14.2869768143,13.3887453079,2.46007370949,0.631188750267,0.248455777764,0.123471394181,0.0648041069508,0.147445589304,0.0460890568793,0.0191397629678,0.00614058924839,0.000320020073559,0.0000935965072131,0.000227372773224,0.000193240746739,0.000118874755572,0.00000393176742364,0.00000250761968346,0.00000328564146912,1.06031883718e-7,1.2968048857e-9,1.6051987517e-9],"max":[2.18878149986,44.4383964539,213.153930664,458.654754639,233.595108032,558.245605469,276.524475098,786.03338623,3756.36523438,1196.47705078,889.360290527,484.88494873,407.199920654,276.814422607,122.16104126,51.7993278503,93.7929000854,44.3393363953,131.889755249,128.815689087,64.5068359375,15.6628417969,15.510602951,4.91128253937,4.73717784882,8.91080665588,3.35910558701,2.81870722771,2.33819389343,0.237477049232,0.167651221156,0.356555432081,0.240407139063,0.219561457634,0.0410591810942,0.0304782930762,0.0372661352158,0.0108790975064,0.000745607307181,0.000356943433871],"mean":[0.520733356476,5.44799661636,18.6230640411,21.5656166077,11.5336484909,11.6006746292,12.736574173,22.0072879791,24.0408420563,32.4412918091,35.333770752,24.7118167877,7.88983535767,5.03509950638,2.1280977726,1.22587859631,1.03461527824,0.791751742363,0.918165922165,1.0880600214,0.477102279663,0.269521325827,0.241814896464,0.134448319674,0.0922104418278,0.0791308134794,0.0404758565128,0.0286230724305,0.0156769901514,0.00516453990713,0.00250765145756,0.00217677396722,0.00178362999577,0.00111133872997,0.000347022200003,0.000221812384552,0.0000905002234504,0.000018280603399,0.0000268403618975,0.0000606311295996],"median":[0.484501361847,4.54930877686,13.175028801,14.2228527069,7.16202068329,4.56730651855,4.33545017242,5.55555486679,4.38230657578,3.43318319321,7.09572124481,6.44808006287,2.51774907112,1.16288137436,0.682796001434,0.372485339642,0.175441369414,0.0934333056211,0.0772125869989,0.0702626183629,0.0556155517697,0.0320612713695,0.0186117216945,0.0137045532465,0.012877332978,0.00794968008995,0.00275790458545,0.00232319696806,0.00119321746752,0.000858266837895,0.000505469040945,0.000288771028863,0.000216744461795,0.000143510260386,0.000083854291006,0.0000517666849191,0.0000258614036284,0.00000436639584223,0.0000223272036237,0.0000524120368937],"min":[1.03352602662e-21,1.7534808885e-20,6.9650610905e-20,4.04659760653e-20,6.493038875e-20,6.51317102939e-20,1.3310998172e-19,4.00259980512e-19,2.9031418372e-19,2.50092836628e-19,1.08745547383e-18,1.321939464e-18,1.35426475176e-18,2.91695668401e-18,4.22652152605e-18,2.31420402692e-18,3.32427551368e-18,5.68869478046e-18,5.80500133766e-18,7.84107746414e-18,1.20314007394e-17,9.91241547295e-18,1.36430322956e-17,1.94726869243e-17,1.99208947392e-17,2.29499540417e-17,3.46144182886e-17,1.11006637316e-17,2.02695364781e-17,1.66310502049e-17,2.68415807434e-17,1.91976808034e-17,1.43101716576e-17,1.2042811696e-17,6.47261922365e-18,5.05576843577e-18,2.84498990277e-18,1.02122984303e-18,2.51321742675e-19,3.193155302e-20],"var":[0.0936035737395,19.0715446472,367.792907715,649.934326172,210.965881348,479.321655273,444.979949951,2322.77001953,9728.3046875,6581.23486328,6359.92578125,1563.16235352,314.244018555,176.772491455,15.1702842712,6.17121696472,10.4110460281,4.62226390839,13.7311811447,19.5190563202,2.45945882797,0.72299849987,0.47598311305,0.105763711035,0.0606354698539,0.0914022400975,0.0259719025344,0.0116061838344,0.00489498581737,0.000271427561529,0.0000793409853941,0.000127033417812,0.0000875080077094,0.0000572323297092,0.00000280215749626,0.00000169670818195,7.76297724769e-7,3.16400168288e-8,5.93516957803e-10,1.68222802355e-9]},"erbbands_crest":{"dmean":2.44243431091,"dmean2":3.98749732971,"dvar":6.00131940842,"dvar2":16.1511192322,"max":31.822052002,"mean":12.9061326981,"median":11.9409532547,"min":2.17484402657,"var":22.4364776611},"erbbands_flatness_db":{"dmean":0.0193762201816,"dmean2":0.0311247929931,"dvar":0.000446809106506,"dvar2":0.00121209700592,"max":0.617192268372,"mean":0.342841863632,"median":0.332664042711,"min":0.0361621119082,"var":0.00516623118892},"erbbands_kurtosis":{"dmean":1.87338423729,"dmean2":2.981143713,"dvar":11.8718671799,"dvar2":29.5047359467,"max":84.0243225098,"mean":3.02074313164,"median":1.1539003849,"min":-1.81868636608,"var":34.7132148743},"erbbands_skewness":{"dmean":0.412047237158,"dmean2":0.646140098572,"dvar":0.204666420817,"dvar2":0.481774926186,"max":5.93016386032,"mean":0.773140490055,"median":0.650638818741,"min":-2.16756343842,"var":0.998757302761},"erbbands_spread":{"dmean":2.31063556671,"dmean2":3.57599306107,"dvar":8.83400440216,"dvar2":21.0547733307,"max":89.0370941162,"mean":12.0240764618,"median":11.9586858749,"min":0.646890699863,"var":41.1959037781},"gfcc":{"cov":[[12618.9023438,265.433868408,-3738.13085938,-199.130752563,-1483.93579102,-762.524841309,-13.4837026596,211.60458374,297.871917725,308.761871338,-20.7267932892,-191.937210083,-83.1729431152],[265.433868408,500.742675781,-117.542579651,-365.106231689,28.7901172638,-94.7219314575,78.1704940796,31.8162078857,56.7939872742,-15.1921892166,26.0399799347,-30.4761581421,10.7260255814],[-3738.13085938,-117.542579651,2355.13574219,330.854034424,419.467132568,315.921539307,-71.2639465332,-212.504898071,-168.531616211,-191.66885376,25.6024131775,28.9002456665,5.39096689224],[-199.130752563,-365.106231689,330.854034424,541.447021484,143.520736694,-13.2723026276,-63.2789802551,-109.48891449,-66.2768936157,-16.2840328217,2.23333621025,-0.594598829746,7.54782962799],[-1483.93579102,28.7901172638,419.467132568,143.520736694,563.07220459,67.8931121826,33.5046768188,-25.640504837,-53.3881530762,-73.307472229,16.6410484314,3.74045467377,41.7987098694],[-762.524841309,-94.7219314575,315.921539307,-13.2723026276,67.8931121826,195.546356201,39.1879730225,-1.40652358532,-41.6096992493,-46.3427734375,-13.2147502899,15.9427862167,2.13883519173],[-13.4837026596,78.1704940796,-71.2639465332,-63.2789802551,33.5046768188,39.1879730225,193.648773193,68.7544403076,2.98572921753,-16.2293434143,2.65449786186,-7.36059570312,6.05730485916],[211.60458374,31.8162078857,-212.504898071,-109.48891449,-25.640504837,-1.40652358532,68.7544403076,136.496551514,40.4031562805,-9.33651924133,-5.7310628891,2.50153422356,0.944166362286],[297.871917725,56.7939872742,-168.531616211,-66.2768936157,-53.3881530762,-41.6096992493,2.98572921753,40.4031562805,94.6627655029,54.4303665161,-4.16980886459,-21.0150756836,-7.85715150833],[308.761871338,-15.1921892166,-191.66885376,-16.2840328217,-73.307472229,-46.3427734375,-16.2293434143,-9.33651924133,54.4303665161,121.324409485,19.3920707703,-30.9681339264,-14.8512811661],[-20.7267932892,26.0399799347,25.6024131775,2.23333621025,16.6410484314,-13.2147502899,2.65449786186,-5.7310628891,-4.16980886459,19.3920707703,71.9974975586,21.215763092,-15.0628795624],[-191.937210083,-30.4761581421,28.9002456665,-0.594598829746,3.74045467377,15.9427862167,-7.36059570312,2.50153422356,-21.0150756836,-30.9681339264,21.215763092,75.7668838501,10.7071676254],[-83.1729431152,10.7260255814,5.39096689224,7.54782962799,41.7987098694,2.13883519173,6.05730485916,0.944166362286,-7.85715150833,-14.8512811661,-15.0628795624,10.7071676254,57.4120559692]],"icov":[[0.000320014485624,-0.00144750473555,0.000560924992897,-0.0015094919363,0.000918783596717,-0.000877189391758,0.000592449796386,-0.000773010135163,0.00042442814447,-0.000192524283193,0.0000529704520886,0.000224531337153,0.000174087719643],[-0.00144750473555,0.034882940352,-0.00448056822643,0.0305222123861,-0.00883098691702,0.0261725075543,-0.0145911686122,0.023256668821,-0.0170554872602,0.0227680783719,-0.0168561246246,0.0156779345125,-0.00938549730927],[0.000560924992897,-0.00448056822643,0.00197929353453,-0.00452131265774,0.00169290544,-0.00434190733358,0.00214943406172,-0.0015777394874,0.00125937280245,-0.000460773793748,0.000252614700003,-0.000121802855574,0.000928807770833],[-0.0015094919363,0.0305222123861,-0.00452131265774,0.0294717047364,-0.00877724774182,0.0236433632672,-0.0125946439803,0.0212200451642,-0.0132669219747,0.0185293834656,-0.0133732454851,0.0126761551946,-0.00774509459734],[0.000918783596717,-0.00883098691702,0.00169290544,-0.00877724774182,0.0059028393589,-0.00656664511189,0.00332924840041,-0.00556787149981,0.00348694762215,-0.00286276359111,0.00119343469851,-0.000860897242092,-0.00012640512432],[-0.000877189391758,0.0261725075543,-0.00434190733358,0.0236433632672,-0.00656664511189,0.0282396487892,-0.0127253755927,0.016411036253,-0.00987932551652,0.0160054247826,-0.0094304420054,0.00998588744551,-0.00560793047771],[0.000592449796386,-0.0145911686122,0.00214943406172,-0.0125946439803,0.00332924840041,-0.0127253755927,0.0132465213537,-0.0131476242095,0.0079879919067,-0.00887759681791,0.00515787443146,-0.00431434297934,0.00286170328036],[-0.000773010135163,0.023256668821,-0.0015777394874,0.0212200451642,-0.00556787149981,0.016411036253,-0.0131476242095,0.0295783746988,-0.0183170121163,0.0208515431732,-0.0126871531829,0.0106009580195,-0.00618201168254],[0.00042442814447,-0.0170554872602,0.00125937280245,-0.0132669219747,0.00348694762215,-0.00987932551652,0.0079879919067,-0.0183170121163,0.0292767900974,-0.021632136777,0.0131491506472,-0.00835223589092,0.00613346416503],[-0.000192524283193,0.0227680783719,-0.000460773793748,0.0185293834656,-0.00286276359111,0.0160054247826,-0.00887759681791,0.0208515431732,-0.021632136777,0.0353361703455,-0.021374668926,0.0197668988258,-0.0079578012228],[0.0000529704520886,-0.0168561246246,0.000252614700003,-0.0133732454851,0.00119343469851,-0.0094304420054,0.00515787443146,-0.0126871531829,0.0131491506472,-0.021374668926,0.0321017540991,-0.0198467876762,0.0125013040379],[0.000224531337153,0.0156779345125,-0.000121802855574,0.0126761551946,-0.000860897242092,0.00998588744551,-0.00431434297934,0.0106009580195,-0.00835223589092,0.0197668988258,-0.0198467876762,0.0302086528391,-0.0105938939378],[0.000174087719643,-0.00938549730927,0.000928807770833,-0.00774509459734,-0.00012640512432,-0.00560793047771,0.00286170328036,-0.00618201168254,0.00613346416503,-0.0079578012228,0.0125013040379,-0.0105938939378,0.0244918037206]],"mean":[-205.936965942,235.064468384,-33.1774253845,5.28588151932,-17.7209949493,-7.37760210037,-4.98310995102,2.88280296326,-2.57635045052,-10.984910965,-7.08947706223,-15.2282142639,-1.17257750034]},"hfc":{"dmean":2.44840764999,"dmean2":3.75237107277,"dvar":14.063911438,"dvar2":31.4131774902,"max":121.591491699,"mean":8.84194374084,"median":6.52476739883,"min":1.09443975679e-16,"var":62.0563392639},"melbands":{"dmean":[0.00165762228426,0.00423639733344,0.00147236697376,0.000353649287717,0.000189351630979,0.000258934567682,0.000203768286156,0.000173427833943,0.000122532510431,0.0000466913843411,0.0000147514310811,0.0000109492148113,0.00000443551653007,0.00000246609351962,0.000001827912115,0.00000118828927498,7.85907161571e-7,6.92975447691e-7,0.00000100310512607,5.50722802473e-7,2.07257855322e-7,1.47913027604e-7,1.12148427434e-7,7.42977945833e-8,6.51822062991e-8,3.34869341145e-8,3.97263519858e-8,3.59826834995e-8,2.63909178955e-8,1.17324834292e-8,1.06690665191e-8,6.10603745343e-9,3.1427127567e-9,1.72103375995e-9,7.97192756252e-10,1.09448117236e-9,8.84709028259e-10,8.96862750732e-10,1.52062884506e-9,4.69627947641e-10],"dmean2":[0.00257032644004,0.0068763862364,0.0023780495394,0.000591419520788,0.000313072669087,0.000445222947747,0.000303560867906,0.000271582423011,0.000186283388757,0.0000733816195861,0.0000236499399762,0.0000171582305484,0.00000741688472772,0.00000408532196161,0.00000294722599392,0.00000197216172637,0.00000125222334191,0.00000105966807951,0.00000144667365021,8.81484140791e-7,3.19511769931e-7,2.29790785511e-7,1.57410894985e-7,1.07437109875e-7,1.05058042266e-7,5.05793664729e-8,6.07471619674e-8,5.51361871715e-8,4.10882741164e-8,1.77663270762e-8,1.5992405622e-8,9.10526676279e-9,4.68653604813e-9,2.68024935579e-9,1.26310606419e-9,1.72707814716e-9,1.39090294837e-9,1.52004919762e-9,2.53403253936e-9,7.35246807881e-10],"dvar":[0.00000554713642487,0.0000412154804508,0.00000636682671029,5.09089773004e-7,1.5402383724e-7,4.70752326009e-7,0.00000122187134366,2.07510140626e-7,1.07190288645e-7,1.04403961032e-8,1.63281832499e-9,1.38044864428e-9,1.2547522743e-10,4.10640098314e-11,4.28735970337e-11,2.92260278478e-11,7.40194103926e-12,1.53251213802e-11,2.7506616776e-11,1.32388371099e-11,1.03082473113e-12,3.70076582226e-13,1.71435714474e-13,5.42443558604e-14,3.87999738404e-14,1.72936328208e-14,1.63569431301e-14,4.77013685442e-14,2.06446747311e-14,2.85110866529e-15,2.12946094643e-15,9.38074271887e-16,2.19608471994e-16,4.42058554238e-17,1.046793012e-17,3.32558800116e-17,2.96388739645e-17,2.47736507187e-17,2.22940051099e-16,9.73861655445e-18],"dvar2":[0.0000150117111843,0.000111435765575,0.0000160414274433,0.00000147702621689,4.2310716708e-7,0.00000154154145093,0.00000251740993917,5.00407793425e-7,2.41796357159e-7,2.4425350631e-8,4.07835853977e-9,3.40619665806e-9,3.37903677261e-10,1.08361132567e-10,1.0966897529e-10,7.90711524035e-11,1.8789074463e-11,3.71020297818e-11,5.4271996619e-11,3.56611996877e-11,2.24295408635e-12,9.14990414165e-13,3.47153729374e-13,1.13606708405e-13,9.84534651613e-14,4.13453993264e-14,3.87370528449e-14,1.0974450244e-13,4.81877246981e-14,6.5955507928e-15,4.75705942804e-15,2.08908542693e-15,4.80386848041e-16,9.88473221939e-17,2.31558756921e-17,8.11713526238e-17,7.01575486468e-17,6.80619560481e-17,5.66378956335e-16,2.24598958509e-17],"max":[0.0275275483727,0.0812505111098,0.064700551331,0.0247740764171,0.0076730879955,0.015866830945,0.0577359348536,0.0108056776226,0.006439241115,0.00324736349285,0.00206072139554,0.00120080006309,0.000430654326919,0.000224907693337,0.000208736164495,0.00016281803255,0.0000927452929318,0.000207963516004,0.000201566086616,0.000211037608096,0.0000649866851745,0.0000188355497812,0.0000144877176353,0.00000718921046428,0.00000430818408859,0.00000395697679778,0.00000312271026814,0.00000756844110583,0.00000371604960492,0.00000171673548266,0.00000144369414556,0.00000135162372317,5.61179092529e-7,1.65778118344e-7,8.16193974629e-8,2.03932728482e-7,2.11955267559e-7,1.77428816528e-7,4.42999379402e-7,1.33855834861e-7],"mean":[0.00543816294521,0.00909345317632,0.00345629174262,0.000808061740827,0.000446577498224,0.000484780321131,0.000367946835468,0.00037758689723,0.000271891447483,0.000149492392666,0.0000344871405105,0.0000203797826543,0.00000722253162166,0.00000393823074774,0.00000274731769423,0.00000192900870388,0.00000143632939853,0.00000123892084503,0.00000192735865312,0.00000106601794414,4.36157364447e-7,2.8992587886e-7,2.32589030702e-7,1.61717835567e-7,1.05801532868e-7,5.88100270704e-8,6.44046664888e-8,5.31743467036e-8,3.41293144857e-8,1.57821737901e-8,1.46822625169e-8,8.8906864093e-9,4.70886396542e-9,2.39492603527e-9,1.18961829276e-9,1.45772705018e-9,1.13680842517e-9,1.01933550489e-9,1.75652581369e-9,6.22975726561e-10],"median":[0.00497858971357,0.00715490430593,0.00247030891478,0.000387862033676,0.000166214740602,0.000127462932141,0.0000613284137216,0.0000347799941665,0.0000551546763745,0.0000341388658853,0.0000104631817521,0.00000385250950785,0.0000019503868316,0.00000121608286463,5.83372525398e-7,2.22290452712e-7,1.40529550663e-7,1.11445487505e-7,9.55939754022e-8,8.76711609976e-8,4.9441737815e-8,3.17392121474e-8,1.95642968492e-8,1.24161712023e-8,9.37692590242e-9,5.91069859723e-9,8.49516901269e-9,2.99938918147e-9,1.59581503567e-9,1.40320133291e-9,1.16571741149e-9,6.51867004819e-10,4.93537877233e-10,3.54694468241e-10,2.5439494955e-10,2.07829475851e-10,1.2587289544e-10,1.26839733161e-10,1.0093274827e-10,8.66948873801e-11],"min":[1.45400791012e-23,3.28672932372e-23,7.676466211e-24,5.26160047477e-24,3.75174870674e-24,7.84386486167e-24,4.44407828071e-24,2.55629212767e-24,1.13501906577e-23,7.58409612102e-24,7.42707651328e-24,1.16780507163e-23,1.79618137647e-23,5.52946135058e-24,5.38863626836e-24,9.54161501428e-24,9.78957135173e-24,7.52143295501e-24,1.31764415187e-23,8.79165047371e-24,1.50150238532e-23,8.49393831239e-24,1.26712691945e-23,1.46430364934e-23,1.57402252611e-23,1.21068991702e-23,1.57409305028e-23,1.43774096717e-23,2.68968720512e-23,1.10497521931e-23,4.71557146656e-24,1.02898637824e-23,1.16938563334e-23,8.75649252089e-24,1.63107657554e-23,1.21037397823e-23,1.19868976493e-23,1.06389757537e-23,8.59158667068e-24,1.09727309698e-23],"var":[0.0000114561435112,0.0000667194399284,0.0000141367981996,0.00000158006753281,4.82876771457e-7,9.95796654024e-7,0.00000233205742006,9.06482455321e-7,3.50527528781e-7,6.51189751011e-8,7.38160910174e-9,3.11205927694e-9,2.19390616785e-10,5.95369170631e-11,5.13543652048e-11,4.21035463438e-11,1.59549318202e-11,2.69739838105e-11,7.03690786197e-11,1.83117514208e-11,2.22245941268e-12,9.32615096261e-13,4.61722619773e-13,1.75532873826e-13,7.40222295893e-14,3.15400815545e-14,3.16238192317e-14,6.01014802704e-14,2.4729176023e-14,3.75220687854e-15,2.98719784904e-15,1.626265354e-15,3.70282596944e-16,7.4599356335e-17,1.688812305e-17,4.02774125674e-17,4.00821284597e-17,2.48892409375e-17,2.335675882e-16,1.18144221657e-17]},"melbands_crest":{"dmean":2.50704336166,"dmean2":4.20486450195,"dvar":6.48102140427,"dvar2":18.0003089905,"max":30.7981262207,"mean":18.1724300385,"median":18.4292144775,"min":2.93800735474,"var":21.7619552612},"melbands_flatness_db":{"dmean":0.0351090095937,"dmean2":0.0562514252961,"dvar":0.00147940649185,"dvar2":0.00360099133104,"max":1,"mean":0.599161803722,"median":0.57956802845,"min":0.00863790232688,"var":0.0182298496366},"melbands_kurtosis":{"dmean":5.76241588593,"dmean2":9.07374095917,"dvar":65.1574554443,"dvar2":157.06211853,"max":202.137252808,"mean":15.4713287354,"median":11.2664833069,"min":-1.63287675381,"var":262.308105469},"melbands_skewness":{"dmean":0.53654551506,"dmean2":0.845961749554,"dvar":0.334312915802,"dvar2":0.843976795673,"max":9.80027198792,"mean":2.58562731743,"median":2.57821083069,"min":-1.03416323662,"var":1.92274093628},"melbands_spread":{"dmean":0.86894506216,"dmean2":1.38208723068,"dvar":2.65246224403,"dvar2":4.54398822784,"max":134.973937988,"mean":2.87785840034,"median":2.01538300514,"min":0.245544567704,"var":7.57945489883},"mfcc":{"cov":[[7518.02392578,2499.3371582,-2626.81762695,-602.830566406,-995.126037598,-914.336242676,-551.98046875,-436.292907715,51.2608451843,140.591690063,211.705657959,129.30430603,-1.28057813644],[2499.3371582,1651.46582031,-587.702087402,-539.917724609,-431.783172607,-405.378967285,-207.358825684,-119.710594177,18.8446159363,95.9731140137,87.4364929199,44.6830024719,11.7360858917],[-2626.81762695,-587.702087402,1412.98376465,250.602020264,309.420043945,364.726409912,213.409164429,157.588287354,-63.5624237061,-81.4499053955,-69.1957092285,-57.8355331421,-45.4071807861],[-602.830566406,-539.917724609,250.602020264,570.880615234,323.10333252,192.934860229,86.6704483032,-17.7144393921,-63.5092468262,-82.6123123169,-43.7656974792,-33.6984214783,-41.8720588684],[-995.126037598,-431.783172607,309.420043945,323.10333252,433.544525146,213.334396362,77.0498046875,41.8030395508,-39.5600128174,-51.3535957336,-63.9183425903,-43.0699768066,-7.41094589233],[-914.336242676,-405.378967285,364.726409912,192.934860229,213.334396362,266.835998535,129.458587646,38.4083557129,-16.0106639862,-30.2155189514,-42.704826355,-36.4087295532,-23.2175273895],[-551.98046875,-207.358825684,213.409164429,86.6704483032,77.0498046875,129.458587646,154.127639771,89.9190979004,6.16510725021,-15.1208610535,-26.8904705048,-15.8837347031,-5.34280061722],[-436.292907715,-119.710594177,157.588287354,-17.7144393921,41.8030395508,38.4083557129,89.9190979004,174.840637207,59.5590019226,-27.8593406677,-25.9739227295,-11.5967159271,7.2132267952],[51.2608451843,18.8446159363,-63.5624237061,-63.5092468262,-39.5600128174,-16.0106639862,6.16510725021,59.5590019226,99.9104919434,46.0717010498,-5.17308330536,-6.53860569,7.49995136261],[140.591690063,95.9731140137,-81.4499053955,-82.6123123169,-51.3535957336,-30.2155189514,-15.1208610535,-27.8593406677,46.0717010498,107.694541931,33.0082588196,-3.40571832657,10.4613056183],[211.705657959,87.4364929199,-69.1957092285,-43.7656974792,-63.9183425903,-42.704826355,-26.8904705048,-25.9739227295,-5.17308330536,33.0082588196,74.4807510376,43.6591148376,1.14296889305],[129.30430603,44.6830024719,-57.8355331421,-33.6984214783,-43.0699768066,-36.4087295532,-15.8837347031,-11.5967159271,-6.53860569,-3.40571832657,43.6591148376,85.7107391357,34.4818153381],[-1.28057813644,11.7360858917,-45.4071807861,-41.8720588684,-7.41094589233,-23.2175273895,-5.34280061722,7.2132267952,7.49995136261,10.4613056183,1.14296889305,34.4818153381,78.6333847046]],"icov":[[0.00166589976288,-0.0020320166368,0.00249420106411,-0.00230533676222,0.00255291559733,-0.00197511701845,0.00236830208451,-0.00161801720969,0.00133030500729,-0.000472832791274,0.000518389802892,-0.000450600637123,0.000635958975181],[-0.0020320166368,0.00370877678506,-0.0030845538713,0.00378826120868,-0.00342592340894,0.00414227601141,-0.00373643403873,0.00324430293404,-0.00207468098961,0.0010714555392,-0.00116497988347,0.00093985942658,-0.000341756385751],[0.00249420106411,-0.0030845538713,0.00515815196559,-0.00375076616183,0.00434777792543,-0.0053001595661,0.00491780228913,-0.0052686133422,0.00495353620499,-0.00249709025957,0.00199154741131,-0.0013904318912,0.00158510811161],[-0.00230533676222,0.00378826120868,-0.00375076616183,0.00845596194267,-0.00747917452827,0.00569304125383,-0.00841102935374,0.00862012244761,-0.00625747302547,0.0064749000594,-0.00441744271666,0.00258951168507,0.0000118434827527],[0.00255291559733,-0.00342592340894,0.00434777792543,-0.00747917452827,0.0118833165616,-0.00986863300204,0.0111200539395,-0.0107315210626,0.00975998025388,-0.00742131331936,0.00682357838377,-0.00279445201159,0.000209661695408],[-0.00197511701845,0.00414227601141,-0.0053001595661,0.00569304125383,-0.00986863300204,0.0207925457507,-0.0181501526386,0.0155209917575,-0.0125167006627,0.00929963774979,-0.00631453329697,0.00479633826762,-0.000182157527888],[0.00236830208451,-0.00373643403873,0.00491780228913,-0.00841102935374,0.0111200539395,-0.0181501526386,0.030818477273,-0.0244022719562,0.0190396215767,-0.0167128108442,0.0123581644148,-0.00790847185999,0.00267443596385],[-0.00161801720969,0.00324430293404,-0.0052686133422,0.00862012244761,-0.0107315210626,0.0155209917575,-0.0244022719562,0.0334411598742,-0.02862473391,0.0239054840058,-0.0149043025449,0.0100605152547,-0.00476226396859],[0.00133030500729,-0.00207468098961,0.00495353620499,-0.00625747302547,0.00975998025388,-0.0125167006627,0.0190396215767,-0.02862473391,0.0395154170692,-0.0282064322382,0.0192251764238,-0.010908219032,0.00549085205421],[-0.000472832791274,0.0010714555392,-0.00249709025957,0.0064749000594,-0.00742131331936,0.00929963774979,-0.0167128108442,0.0239054840058,-0.0282064322382,0.0358926765621,-0.0246230568737,0.0165880527347,-0.00844478607178],[0.000518389802892,-0.00116497988347,0.00199154741131,-0.00441744271666,0.00682357838377,-0.00631453329697,0.0123581644148,-0.0149043025449,0.0192251764238,-0.0246230568737,0.0403358601034,-0.0242062751204,0.0114362500608],[-0.000450600637123,0.00093985942658,-0.0013904318912,0.00258951168507,-0.00279445201159,0.00479633826762,-0.00790847185999,0.0100605152547,-0.010908219032,0.0165880527347,-0.0242062751204,0.0302358884364,-0.0139524722472],[0.000635958975181,-0.000341756385751,0.00158510811161,0.0000118434827527,0.000209661695408,-0.000182157527888,0.00267443596385,-0.00476226396859,0.00549085205421,-0.00844478607178,0.0114362500608,-0.0139524722472,0.0208366829902]],"mean":[-852.804321289,242.392822266,63.6236495972,33.6934013367,16.9246482849,6.33291578293,8.59108352661,10.4081449509,12.7792978287,8.33826255798,2.85404253006,0.535146594048,1.12277030945]},"pitch_salience":{"dmean":0.0665309950709,"dmean2":0.110644467175,"dvar":0.004355115816,"dvar2":0.0121837565675,"max":0.828093767166,"mean":0.445170640945,"median":0.453000873327,"min":0.0717672333121,"var":0.0168104618788},"silence_rate_20dB":{"dmean":0,"dmean2":0,"dvar":0,"dvar2":0,"max":1,"mean":1,"median":1,"min":1,"var":0},"silence_rate_30dB":{"dmean":0.0661907866597,"dmean2":0.132391110063,"dvar":0.0618177503347,"dvar2":0.141122534871,"max":1,"mean":0.905984163284,"median":1,"min":0,"var":0.0851758569479},"silence_rate_60dB":{"dmean":0.00115365197416,"dmean2":0.00230747042224,"dvar":0.00115228444338,"dvar2":0.00259045278654,"max":1,"mean":0.0485219880939,"median":0,"min":0,"var":0.0461673028767},"spectral_centroid":{"dmean":36.9924697876,"dmean2":57.5697364807,"dvar":8130.43359375,"dvar2":9195.72558594,"max":10587.3066406,"mean":249.210739136,"median":229.565887451,"min":84.2054443359,"var":18244.3496094},"spectral_complexity":{"dmean":1.14485538006,"dmean2":1.90972018242,"dvar":1.59180819988,"dvar2":3.72068190575,"max":27,"mean":6.89444828033,"median":7,"min":0,"var":13.0919790268},"spectral_contrast_coeffs":{"dmean":[0.0430636927485,0.0424955971539,0.0327947586775,0.0222693271935,0.0167093556374,0.0229403413832],"dmean2":[0.0713620856404,0.0700187981129,0.0536055788398,0.0362374596298,0.0251529980451,0.0382297821343],"dvar":[0.00140257924795,0.00148988282308,0.00080369861098,0.000356894539436,0.000248058786383,0.00059346872149],"dvar2":[0.0039498261176,0.00374052557163,0.0020336615853,0.000874362420291,0.00048094036174,0.00154920737259],"max":[-0.386911213398,-0.349983870983,-0.469225734472,-0.582580029964,-0.603176355362,-0.633424818516],"mean":[-0.64191454649,-0.71486055851,-0.755768418312,-0.810626626015,-0.815326213837,-0.833989262581],"median":[-0.640748739243,-0.720448255539,-0.76585662365,-0.81433147192,-0.812551438808,-0.832488656044],"min":[-0.955170035362,-0.964353978634,-0.978792846203,-0.969168424606,-0.961188554764,-0.963576853275],"var":[0.00360467308201,0.00710780033842,0.00757331307977,0.00356735684909,0.00373737933114,0.00319090508856]},"spectral_contrast_valleys":{"dmean":[0.280854225159,0.358778595924,0.358557254076,0.310482472181,0.27204477787,0.396765470505],"dmean2":[0.458691984415,0.581511855125,0.559977114201,0.474089771509,0.399181306362,0.671034693718],"dvar":[0.0737908855081,0.133857756853,0.142676338553,0.138294517994,0.130058854818,0.178877621889],"dvar2":[0.166028603911,0.297835528851,0.297708123922,0.274301052094,0.241168349981,0.50365447998],"max":[-4.92414045334,-4.36183166504,-5.54711341858,-6.58205699921,-7.37638425827,-11.1838474274],"mean":[-6.50482177734,-7.3128490448,-8.86866569519,-10.2649583817,-11.2510700226,-13.9602603912],"median":[-6.29099416733,-6.91953277588,-8.52259540558,-10.1341342926,-11.1545238495,-13.7440433502],"min":[-27.4069309235,-27.4325447083,-26.8049945831,-27.2574462891,-27.1614646912,-27.2091426849],"var":[0.832916796207,2.66792416573,2.55101537704,2.28463363647,2.09184861183,1.08120441437]},"spectral_decrease":{"dmean":4.54443771503e-9,"dmean2":7.12765135802e-9,"dvar":3.69768626616e-17,"dvar2":9.38792555826e-17,"max":-1.42394328588e-28,"mean":-1.4523060976e-8,"median":-1.26067805084e-8,"min":-8.60047890683e-8,"var":9.61127094109e-17},"spectral_energy":{"dmean":0.0173554345965,"dmean2":0.0272100195289,"dvar":0.000539104745258,"dvar2":0.00136683974415,"max":0.328672677279,"mean":0.0556152351201,"median":0.0482239797711,"min":1.04643194249e-20,"var":0.0014128619805},"spectral_energyband_high":{"dmean":0.00000150869072968,"dmean2":0.00000219954222302,"dvar":4.84420142888e-11,"dvar2":1.05833668218e-10,"max":0.000180319853825,"mean":0.00000239572818828,"median":2.40894678427e-7,"min":7.21339864341e-21,"var":7.37409300289e-11},"spectral_energyband_low":{"dmean":0.0161245372146,"dmean2":0.0257252883166,"dvar":0.000499515968841,"dvar2":0.00131092767697,"max":0.311667233706,"mean":0.0435939058661,"median":0.0371441319585,"min":1.3615802333e-22,"var":0.0009912091773},"spectral_energyband_middle_high":{"dmean":0.000123937163153,"dmean2":0.000189037251403,"dvar":1.06542003664e-7,"dvar2":2.52878578522e-7,"max":0.00844297651201,"mean":0.000303168490063,"median":0.000101546902442,"min":1.80065284203e-21,"var":2.99088128486e-7},"spectral_energyband_middle_low":{"dmean":0.004715916235,"dmean2":0.00731505919248,"dvar":0.000072551672929,"dvar2":0.00016599499213,"max":0.26577141881,"mean":0.0156907662749,"median":0.010000939481,"min":1.8411936535e-22,"var":0.000329798553139},"spectral_entropy":{"dmean":0.176840782166,"dmean2":0.273059934378,"dvar":0.0444701872766,"dvar2":0.0975471511483,"max":9.81119441986,"mean":5.24467468262,"median":5.34112739563,"min":3.1006462574,"var":0.515143036842},"spectral_flux":{"dmean":0.0281931124628,"dmean2":0.0459281392395,"dvar":0.00108350196388,"dvar2":0.00290340860374,"max":0.455172985792,"mean":0.0750486627221,"median":0.0651748925447,"min":1.022952556e-10,"var":0.00291015184484},"spectral_kurtosis":{"dmean":47.3721084595,"dmean2":79.7898025513,"dvar":7920.04736328,"dvar2":22761.9160156,"max":1758.6204834,"mean":142.35899353,"median":98.7216644287,"min":-1.18974292278,"var":24101.9570312},"spectral_rms":{"dmean":0.0010738709243,"dmean2":0.00166505191009,"dvar":0.000001473787961,"dvar2":0.00000365154551218,"max":0.0179068781435,"mean":0.00689387088642,"median":0.00685913860798,"min":3.19516700424e-12,"var":0.00000673326167089},"spectral_rolloff":{"dmean":48.9566879272,"dmean2":84.3178253174,"dvar":20161.7421875,"dvar2":22593.8085938,"max":18949.21875,"mean":229.203231812,"median":150.732421875,"min":64.599609375,"var":51823.9023438},"spectral_skewness":{"dmean":1.64309549332,"dmean2":2.75921273232,"dvar":3.22120499611,"dvar2":8.93256568909,"max":38.052444458,"mean":8.64772701263,"median":7.61420249939,"min":0.0546043105423,"var":21.6470870972},"spectral_spread":{"dmean":297910.78125,"dmean2":513262.875,"dvar":154360070144,"dvar2":276373798912,"max":39828552,"mean":1001040.9375,"median":941750.5,"min":70952.4453125,"var":345238568960},"spectral_strongpeak":{"dmean":0.30594098568,"dmean2":0.531466126442,"dvar":0.174822926521,"dvar2":0.440826684237,"max":8.10501480103,"mean":0.575263440609,"median":0.44272506237,"min":0,"var":0.284953922033},"zerocrossingrate":{"dmean":0.00139580352698,"dmean2":0.00185886991676,"dvar":0.00000940334302868,"dvar2":0.000005656203939,"max":0.49072265625,"mean":0.00858589913696,"median":0.00732421875,"min":0.00146484375,"var":0.0000396393879782}},"metadata":{"audio_properties":{"analysis_sample_rate":44100,"bit_rate":0,"codec":"flac","downmix":"mix","equal_loudness":0,"length":322.022644043,"lossless":true,"md5_encoded":"ca3bb229a7c0bd4fabc8109365d33b6d","replay_gain":-10.8183727264},"tags":{"album":["Ghosts I–IV"],"albumartist":["Nine Inch Nails"],"albumartistsort":["Nine Inch Nails"],"arranger":["Atticus Ross"],"artist":["Nine Inch Nails"],"artistsort":["Nine Inch Nails"],"date":["2008-03-02"],"discnumber":["1"],"disctotal":["1"],"engineer":["Alan Moulder"],"file_name":"28 - 28 Ghosts IV.flac","license":["http://creativecommons.org/licenses/by-nc-sa/3.0/us/"],"mixer":["Alan Moulder"],"musicbrainz_albumartistid":["b7ffd2af-418f-4be2-bdd1-22f8b48613da"],"musicbrainz_albumid":["3af7ec8c-3bf4-4e6d-9bb3-1885d22b2b6a"],"musicbrainz_artistid":["b7ffd2af-418f-4be2-bdd1-22f8b48613da"],"musicbrainz_recordingid":["e491d339-8f23-4941-af6d-d151bd6a3bfd"],"musicbrainz_releasegroupid":["550bf4b9-92ca-30ba-9ea2-8b45f9d081f1"],"performer":["Trent Reznor"],"producer":["Alan Moulder","Atticus Ross","Trent Reznor"],"releasecountry":["XW"],"releasetype":["album"],"replaygain_album_gain":["-7.94 dB"],"replaygain_album_peak":["1.00000000"],"replaygain_reference_loudness":["89.0 dB"],"replaygain_track_gain":["-5.56 dB"],"replaygain_track_peak":["0.99981689"],"title":["28 Ghosts IV"],"totaldiscs":["1"],"totaltracks":["36"],"tracknumber":["28"],"tracktotal":["36"]},"version":{"essentia":"2.1-beta1","essentia_build_sha":"de1f7ffc9d3406fe9025cc52cfcd6ebfe2259f32","essentia_git_sha":"v2.1_beta1-5-gf9dded9","extractor":"music 1.0"}},"rhythm":{"beats_count":646,"beats_loudness":{"dmean":0.0290062781423,"dmean2":0.0508787855506,"dvar":0.00119694729801,"dvar2":0.00333591434173,"max":0.264953494072,"mean":0.085988022387,"median":0.080832451582,"min":0.0000243217418756,"var":0.00188992614858},"beats_loudness_band_ratio