{"lowlevel":{"average_loudness":0.958686828613,"barkbands":{"dmean":[0.00847469642758,0.0118160350248,0.00219681602903,0.00142929132562,0.00281146704219,0.00134867476299,0.000614908756688,0.000611716590356,0.000581024331041,0.000737842172384,0.000926741457079,0.00149195466656,0.00114052474964,0.000956486153882,0.000756165769417,0.000499803049024,0.000410703301895,0.000276958278846,0.000198853434995,0.0000976556912065,0.0000857819031808,0.0000437670641986,0.0000204101561394,0.0000105156013888,0.00000298539384858,0.00000921133960219,0.000418988027377],"dmean2":[0.0142370900139,0.0204670894891,0.00377489277162,0.00241220020689,0.00471408572048,0.00217547384091,0.00100243417546,0.00102057564072,0.000964755308814,0.00121794361621,0.00154564285185,0.00248785386793,0.00190302776173,0.00158081122208,0.00127002154477,0.000855283869896,0.000692271394655,0.000448078324553,0.000321294297464,0.000155706657097,0.000130190790514,0.0000682583922753,0.0000318331367453,0.0000165126330103,0.0000049150094128,0.0000138883133332,0.000702017743606],"dvar":[0.000160975570907,0.00021902640583,0.0000151738859131,0.00000478817401017,0.000022207683287,0.00000653226061331,0.00000187651323813,0.00000187720308986,0.00000142595774832,0.0000021234329779,0.00000297681799566,0.00000460951650894,0.00000593042341279,0.00000164102800682,9.76664978225e-7,3.59689494189e-7,2.24791577352e-7,1.23825671494e-7,5.81565622326e-8,1.58230673009e-8,2.27522445329e-8,5.42382894153e-9,8.2729717521e-10,2.78247702656e-10,1.97648425404e-11,1.56124432826e-10,1.43081393844e-7],"dvar2":[0.000404542835895,0.000591117306612,0.0000416122384195,0.0000124189091366,0.0000586547175772,0.0000153957698785,0.00000457835540146,0.00000481743609271,0.00000365140044778,0.00000539447637493,0.00000740562381907,0.0000112487368824,0.0000138111390697,0.00000414964824813,0.00000260630486082,9.46205545915e-7,5.90604656736e-7,2.92267969826e-7,1.40097853318e-7,3.87546776892e-8,4.73702250758e-8,1.14047153943e-8,1.82807791127e-9,6.38539110476e-10,4.93481332187e-11,3.30769772683e-10,3.96018350557e-7],"max":[0.111342459917,0.201021432877,0.057773001492,0.0444748923182,0.0761339738965,0.0651520267129,0.0416006781161,0.0249956697226,0.0299246124923,0.0343943499029,0.0353181958199,0.0576172880828,0.110141292214,0.020026922226,0.0174379050732,0.0091116623953,0.00717909540981,0.00613781018183,0.00414365716279,0.00302828941494,0.00692203408107,0.00191676034592,0.00102443038486,0.000546476861928,0.0000635616670479,0.000416131602833,0.00569421984255],"mean":[0.00823691859841,0.0138079850003,0.00234115612693,0.00176045286935,0.00423343665898,0.00196359585971,0.00087913806783,0.0008121051942,0.000854029960465,0.00109334022272,0.00140559102874,0.00261161080562,0.00211370014586,0.0017674396513,0.00135986378882,0.000746246252675,0.000657382886857,0.000484149524709,0.000381551188184,0.00019349019567,0.000163311051438,0.0000857648337842,0.0000439395662397,0.000023073194825,0.00000312264455715,0.0000223204351641,0.00134670629632],"median":[0.00298029696569,0.00925184320658,0.00114356307313,0.000939190795179,0.00227349018678,0.000888387032319,0.000415758491727,0.00037739428808,0.000454390159575,0.000605454377364,0.00084221677389,0.00176836212631,0.00132118887268,0.00122974801343,0.000982099096291,0.000513399485499,0.000488488003612,0.00034580391366,0.000295617908705,0.000149927509483,0.000120645127026,0.0000651097216178,0.0000281808625004,0.0000105861890916,0.00000143823808685,0.0000135194950417,0.00126296014059],"min":[5.55669973156e-25,6.81531330356e-24,2.37550749351e-24,3.0746086495e-24,1.29751021275e-23,5.97860325127e-24,4.40009139663e-24,1.18255606058e-23,1.25067893291e-23,1.99728963134e-23,2.36232980875e-23,2.8474070058e-23,3.0949048573e-23,3.64843277727e-23,4.63104801823e-23,7.54648512633e-23,7.14257193455e-23,1.04378711276e-22,1.12224286388e-22,1.90375145925e-22,2.17904056489e-22,3.28504425372e-22,4.675319334e-22,6.13167975355e-22,8.83297021907e-22,1.38276860807e-21,1.79457358959e-21],"var":[0.000160795287229,0.000214900021092,0.0000140872671182,0.00000684765200276,0.000037740359403,0.0000129202217067,0.0000032109296626,0.00000279732216768,0.0000020483262233,0.00000333000571118,0.00000438683582615,0.00000873902081366,0.000020668061552,0.00000303464526041,0.00000164194671015,5.12563985922e-7,3.4840996932e-7,2.19500961407e-7,1.10841014589e-7,3.11776666706e-8,4.41988952105e-8,1.14465548151e-8,2.60016097542e-9,1.01740238456e-9,2.1578938289e-11,6.92464308116e-10,3.14241702881e-7]},"barkbands_crest":{"dmean":3.11304688454,"dmean2":5.20844078064,"dvar":6.64925956726,"dvar2":17.4059143066,"max":26.9068031311,"mean":8.96184825897,"median":8.28611087799,"min":2.44991326332,"var":14.7327308655},"barkbands_flatness_db":{"dmean":0.0260638892651,"dmean2":0.0415341965854,"dvar":0.000551301927771,"dvar2":0.00137382792309,"max":0.493923336267,"mean":0.110091432929,"median":0.103587672114,"min":0.0321955084801,"var":0.001802315237},"barkbands_kurtosis":{"dmean":2.79644346237,"dmean2":4.54267501831,"dvar":134.587524414,"dvar2":184.876037598,"max":1206.33862305,"mean":3.62710547447,"median":1.25950574875,"min":-1.5200843811,"var":834.678955078},"barkbands_skewness":{"dmean":0.601695001125,"dmean2":0.977742612362,"dvar":0.416927486658,"dvar2":0.977838158607,"max":34.3356285095,"mean":1.46758842468,"median":1.2563726902,"min":-2.03336024284,"var":1.68606853485},"barkbands_spread":{"dmean":9.14041042328,"dmean2":14.9550209045,"dvar":63.190788269,"dvar2":162.844970703,"max":87.4373092651,"mean":38.4991645813,"median":37.5896835327,"min":0.461632788181,"var":153.782943726},"dissonance":{"dmean":0.0103023704141,"dmean2":0.0178647860885,"dvar":0.000119569827802,"dvar2":0.000335134915076,"max":0.500000178814,"mean":0.485095709562,"median":0.488260477781,"min":0.378050029278,"var":0.00015238513879},"dynamic_complexity":1.76002120972,"erbbands":{"dmean":[0.63842600584,1.78359532356,2.69515562057,3.33987045288,7.06945848465,11.7172555923,7.83375930786,13.2006206512,10.2021408081,10.095293045,13.0030536652,12.259262085,21.9618320465,23.7301006317,41.8418045044,59.4528999329,51.0829124451,36.9488601685,46.9581832886,30.4855880737,27.5678310394,22.2844009399,15.9090995789,12.107126236,7.19586133957,4.53314447403,3.9366209507,2.95158886909,1.71053409576,0.919832885265,0.554501652718,0.288457721472,0.146568864584,0.0363785326481,0.0213683638722,0.0197632294148,0.0204946063459,0.0143166361377,0.00816762633622,0.00860691536218],"dmean2":[1.10023760796,3.11503243446,4.62628173828,5.64481401443,11.8620147705,19.7383975983,13.1793794632,21.3483600616,16.6518421173,16.5835018158,21.5241260529,20.3798980713,36.0609664917,39.2187614441,69.9311752319,98.2737045288,85.190536499,60.5769309998,78.4726638794,50.7871704102,47.3660354614,37.2903327942,25.7509422302,19.3727436066,11.5350923538,7.20385122299,6.06206035614,4.51707553864,2.67049598694,1.43808436394,0.86000841856,0.449510842562,0.233501821756,0.0594757311046,0.035079088062,0.0315263643861,0.0309838950634,0.0215200856328,0.0121883545071,0.0142764504999],"dvar":[0.792115807533,4.40199327469,19.5019855499,22.7112407684,179.912475586,432.861785889,147.078598022,725.042541504,601.000488281,458.673461914,809.358520508,622.403015137,2231.93408203,2025.34301758,4666.79101562,7632.58935547,11188.0830078,2427.90429688,4189.07861328,1297.63659668,1124.01464844,651.27532959,386.140106201,225.288574219,76.2195739746,31.3202266693,47.244140625,22.7974700928,8.72969341278,1.89730978012,0.679654836655,0.202628329396,0.0562725514174,0.00256498670205,0.000985912163742,0.000689163745847,0.000910233939067,0.000376307783881,0.000105432489363,0.0000540060245839],"dvar2":[2.09210467339,12.2827425003,53.2441101074,60.2284240723,465.973937988,1145.69970703,382.147491455,1676.87756348,1537.56835938,1090.04064941,2096.04711914,1618.91088867,5610.96386719,5219.1796875,11827.4638672,18811.3164062,26611.2285156,5904.04296875,11152.8857422,3422.36230469,2985.7824707,1687.27648926,921.427612305,529.840515137,177.929977417,73.8032608032,102.723602295,46.2319450378,18.0780124664,4.29028844833,1.51080167294,0.454004347324,0.138977766037,0.00641128793359,0.00246021244675,0.001694788225,0.0019192971522,0.000754545268137,0.000219976165681,0.000144404621096],"max":[12.7917537689,29.5002384186,67.789894104,99.6699905396,294.273742676,406.364715576,220.792297363,715.330200195,614.665771484,467.087158203,654.683959961,616.689575195,1152.56274414,1270.75561523,1524.52331543,2326.1953125,4586.70214844,1084.83959961,1377.75512695,567.931030273,429.2315979,440.003692627,296.97769165,216.101242065,122.506965637,108.727722168,291.988861084,184.078903198,73.5843811035,40.7240066528,33.9504547119,12.6006278992,7.46481657028,0.724916636944,0.449378699064,0.837561309338,1.06087374687,0.436264783144,0.342583745718,0.13135021925],"mean":[0.666439771652,2.08753538132,3.08317232132,4.38188076019,10.0445718765,16.0070056915,11.3623800278,18.7086696625,15.0690727234,14.45865345,18.2735424042,18.6284008026,32.251750946,39.742515564,72.8756332397,109.301673889,101.040382385,76.8745727539,92.0853118896,55.5888137817,41.365146637,37.1768493652,28.0088806152,23.3522338867,14.2551269531,9.08144950867,7.5213842392,5.52536821365,3.30495882034,1.88799333572,1.18738138676,0.636544346809,0.299889445305,0.0475161708891,0.0237348470837,0.0366347618401,0.0495723858476,0.0371815115213,0.0276694577187,0.0423742383718],"median":[0.350862234831,1.44185960293,1.71656668186,2.64108514786,4.73589754105,8.3925037384,6.75571918488,7.87708473206,6.53524875641,6.9676027298,8.87866687775,10.219587326,16.9878482819,23.3073177338,48.9047431946,72.4630889893,64.8618392944,55.0021743774,68.1376113892,41.4803771973,29.1276378632,28.0757083893,20.5418891907,17.4909057617,10.9412641525,7.08746623993,5.58908176422,4.04842376709,2.50105333328,1.43136274815,0.716090321541,0.317279875278,0.128731951118,0.0298677571118,0.0120273027569,0.021418614313,0.0281040482223,0.0300090629607,0.0243215896189,0.0410972721875],"min":[1.8134560419e-22,3.31931514823e-22,2.65158945169e-21,1.27166231808e-20,2.11077428395e-20,4.85764399661e-20,3.73692606523e-20,5.74190524131e-20,1.05344035948e-19,1.18553128054e-19,2.29863953802e-19,3.41780275759e-19,5.52971790455e-19,7.34830705149e-19,7.08355497174e-19,1.44893216075e-18,1.7572800709e-18,2.1189960198e-18,2.49403991633e-18,3.09292219534e-18,4.52303103407e-18,4.17228163892e-18,5.12423252071e-18,7.74838112316e-18,6.73985067388e-18,9.10911887341e-18,8.65193035858e-18,1.05940635829e-17,1.26745650985e-17,1.16641011146e-17,1.36723409591e-17,1.15524846714e-17,1.01416090227e-17,8.77991091578e-18,7.12517994094e-18,4.75530583161e-18,2.73648241797e-18,1.0118446518e-18,2.37134147603e-19,2.84402046002e-20],"var":[0.756615757942,4.38212823868,18.5999622345,29.5616455078,316.715423584,667.031799316,204.260391235,1439.46459961,1015.56640625,775.970825195,1187.56958008,906.974121094,3201.625,3504.33886719,7516.26074219,15340.1474609,39047.6953125,5056.18847656,7237.98095703,2302.07714844,1523.32653809,1049.97937012,677.864501953,431.178070068,156.439086914,65.7533035278,87.4978485107,46.8642883301,18.1664886475,4.48284196854,2.07856011391,0.71703016758,0.18633055687,0.00316577148624,0.00108501722571,0.00198242464103,0.00392450764775,0.00133309059311,0.000347345718183,0.000173911859747]},"erbbands_crest":{"dmean":2.02792191505,"dmean2":3.40514087677,"dvar":3.84788656235,"dvar2":10.0135250092,"max":30.7458705902,"mean":7.34702205658,"median":6.67081975937,"min":2.40307307243,"var":9.03135490417},"erbbands_flatness_db":{"dmean":0.0179711859673,"dmean2":0.0278957318515,"dvar":0.000245333852945,"dvar2":0.000566586793866,"max":0.350488185883,"mean":0.144514411688,"median":0.140946671367,"min":0.0188094023615,"var":0.00121598388068},"erbbands_kurtosis":{"dmean":0.931683182716,"dmean2":1.50280785561,"dvar":1.66742551327,"dvar2":3.21436405182,"max":60.5191993713,"mean":1.134526968,"median":0.786730766296,"min":-1.54084682465,"var":5.65707159042},"erbbands_skewness":{"dmean":0.297093331814,"dmean2":0.490189403296,"dvar":0.062743999064,"dvar2":0.167850703001,"max":1.48992574215,"mean":-0.406713247299,"median":-0.441598147154,"min":-2.49104547501,"var":0.205481439829},"erbbands_spread":{"dmean":5.11454963684,"dmean2":8.25343132019,"dvar":17.6935424805,"dvar2":46.0100059509,"max":105.26991272,"mean":24.029800415,"median":23.6346912384,"min":1.05231118202,"var":71.0915985107},"gfcc":{"cov":[[14986.8671875,786.890991211,-1123.02246094,176.27633667,6.86171722412,-206.616073608,38.4561424255,-294.131774902,20.5297718048,-175.193206787,-36.7942352295,35.1628952026,-102.305656433],[786.890991211,758.24206543,-120.767547607,-215.313858032,239.424346924,-96.1799850464,25.7035236359,-70.4847488403,14.1844558716,0.486320048571,39.9560661316,-72.5446929932,92.5215530396],[-1123.02246094,-120.767547607,232.937469482,17.5411682129,-41.521446228,85.6215515137,-55.101852417,61.8298606873,-30.014503479,24.3963565826,1.09316623211,-4.04558420181,3.70819044113],[176.27633667,-215.313858032,17.5411682129,223.860275269,-22.0924968719,-7.94957876205,32.5045547485,-3.00980353355,16.2680797577,-22.5168323517,-32.3491592407,35.1831932068,-46.1130409241],[6.86171722412,239.424346924,-41.521446228,-22.0924968719,200.2578125,-5.28011894226,35.6276397705,-21.1063041687,9.15237522125,-0.195640876889,17.1053562164,-22.263376236,52.014541626],[-206.616073608,-96.1799850464,85.6215515137,-7.94957876205,-5.28011894226,132.564788818,-14.125125885,45.5286483765,-20.8862991333,10.5400238037,4.67042589188,6.35402870178,7.05604362488],[38.4561424255,25.7035236359,-55.101852417,32.5045547485,35.6276397705,-14.125125885,111.147834778,-6.70732355118,36.8617668152,-11.4180812836,0.675883769989,9.41349315643,-6.97786951065],[-294.131774902,-70.4847488403,61.8298606873,-3.00980353355,-21.1063041687,45.5286483765,-6.70732355118,96.0622711182,11.6648044586,26.0902423859,3.05085968971,-5.62593984604,5.86386966705],[20.5297718048,14.1844558716,-30.014503479,16.2680797577,9.15237522125,-20.8862991333,36.8617668152,11.6648044586,80.9457778931,24.489074707,6.37855005264,14.8424625397,-5.81897592545],[-175.193206787,0.486320048571,24.3963565826,-22.5168323517,-0.195640876889,10.5400238037,-11.4180812836,26.0902423859,24.489074707,63.1017189026,33.6074180603,7.21923160553,14.711479187],[-36.7942352295,39.9560661316,1.09316623211,-32.3491592407,17.1053562164,4.67042589188,0.675883769989,3.05085968971,6.37855005264,33.6074180603,60.8529930115,20.2590942383,18.3356704712],[35.1628952026,-72.5446929932,-4.04558420181,35.1831932068,-22.263376236,6.35402870178,9.41349315643,-5.62593984604,14.8424625397,7.21923160553,20.2590942383,56.5075683594,9.11836051941],[-102.305656433,92.5215530396,3.70819044113,-46.1130409241,52.014541626,7.05604362488,-6.97786951065,5.86386966705,-5.81897592545,14.711479187,18.3356704712,9.11836051941,66.3564147949]],"icov":[[0.000204883195693,-0.000715402711648,0.00143705855589,-0.00103977054823,0.000864695175551,-0.000995585811324,0.000631949224044,-0.000174296423211,0.000210274840356,0.0000128478350234,-0.000220380621613,0.0000417732262576,0.0000911651659408],[-0.000715402711648,0.00711074238643,-0.00529654184356,0.0068468041718,-0.0066699613817,0.00595751823857,-0.00234378548339,0.00241771736182,-0.00273282057606,0.00192862318363,-0.00122290663421,0.00360312848352,-0.00265323859639],[0.00143705855589,-0.00529654184356,0.0177170280367,-0.0096372012049,0.00763524184003,-0.0107746617869,0.00686260825023,-0.00351621257141,0.00294786901213,-0.00176039838698,-0.0022569897119,0.00272166822106,-0.000995073118247],[-0.00103977054823,0.0068468041718,-0.0096372012049,0.0167734716088,-0.010794444941,0.00935574341565,-0.00498932180926,0.000279732805211,-0.000125052800286,-0.000464395037852,0.00772279966623,-0.00999612640589,0.00729408347979],[0.000864695175551,-0.0066699613817,0.00763524184003,-0.010794444941,0.0177029520273,-0.00908590201288,0.000769749225583,0.00187567668036,-0.001802452025,0.00206901668571,-0.00663751875982,0.0105073563755,-0.0105168484151],[-0.000995585811324,0.00595751823857,-0.0107746617869,0.00935574341565,-0.00908590201288,0.0187023226172,-0.00439950078726,-0.00340491277166,0.00285813049413,-0.000578754988965,0.00319535122253,-0.00584876537323,0.00253348238766],[0.000631949224044,-0.00234378548339,0.00686260825023,-0.00498932180926,0.000769749225583,-0.00439950078726,0.0158162135631,-0.00177175481804,-0.00566333066672,0.00551697891206,-0.00371130253188,0.000074408002547,0.00137127318885],[-0.000174296423211,0.00241771736182,-0.00351621257141,0.000279732805211,0.00187567668036,-0.00340491277166,-0.00177175481804,0.0183072574437,-0.00601541996002,-0.00260143051855,-0.00169704086147,0.00967199355364,-0.00697212293744],[0.000210274840356,-0.00273282057606,0.00294786901213,-0.000125052800286,-0.001802452025,0.00285813049413,-0.00566333066672,-0.00601541996002,0.0254314634949,-0.0154970092699,0.0100457305089,-0.0139089627191,0.00972931273282],[0.0000128478350234,0.00192862318363,-0.00176039838698,-0.000464395037852,0.00206901668571,-0.000578754988965,0.00551697891206,-0.00260143051855,-0.0154970092699,0.0369166433811,-0.0217085853219,0.0108714820817,-0.00868279859424],[-0.000220380621613,-0.00122290663421,-0.0022569897119,0.00772279966623,-0.00663751875982,0.00319535122253,-0.00371130253188,-0.00169704086147,0.0100457305089,-0.0217085853219,0.0391232036054,-0.024387396872,0.00971555709839],[0.0000417732262576,0.00360312848352,0.00272166822106,-0.00999612640589,0.0105073563755,-0.00584876537323,0.000074408002547,0.00967199355364,-0.0139089627191,0.0108714820817,-0.024387396872,0.0493753664196,-0.0241956207901],[0.0000911651659408,-0.00265323859639,-0.000995073118247,0.00729408347979,-0.0105168484151,0.00253348238766,0.00137127318885,-0.00697212293744,0.00972931273282,-0.00868279859424,0.00971555709839,-0.0241956207901,0.0361877642572]],"mean":[37.1064682007,88.4262466431,-110.006858826,1.08877193928,-0.318612098694,-6.9804224968,1.54173243046,-22.8463039398,-1.95635712147,-9.39116764069,1.8080573082,-0.437323302031,-4.17800140381]},"hfc":{"dmean":51.0139198303,"dmean2":82.9931869507,"dvar":2029.74816895,"dvar2":5230.60888672,"max":761.5859375,"mean":246.519058228,"median":240.335723877,"min":1.03259172709e-16,"var":5554.51953125},"melbands":{"dmean":[0.00467224931344,0.00164086965378,0.000657124153804,0.000665415311232,0.000322230072925,0.000281493528746,0.000148445775267,0.00011494820501,0.00010489529086,0.0000800571215223,0.000112761372293,0.0000967126252363,0.000133857538458,0.000170871469891,0.000156802678248,0.0000920790553209,0.0000775775988586,0.0000882119347807,0.0000540790279047,0.0000346066190104,0.0000344434629369,0.0000260169708781,0.0000178500249604,0.0000131716979013,0.0000104650907815,0.00000706201672074,0.0000041069783947,0.00000305702474179,0.00000263971969616,0.00000239857877204,0.00000156848466304,0.00000109939037429,7.35576861643e-7,4.75673289202e-7,3.61018635431e-7,2.39280581127e-7,1.69178846932e-7,1.25668876194e-7,4.86585562953e-8,2.72576237137e-8],"dmean2":[0.00799000449479,0.00282269716263,0.00109840685036,0.00111526914407,0.000539373897482,0.000454812252428,0.000240732784732,0.000189897080418,0.000173146967427,0.000132796485559,0.000185319295269,0.00016022894124,0.000222952236072,0.000286632595817,0.000258562184172,0.000154829423991,0.000127868741401,0.00014801917132,0.0000907472058316,0.0000584365807299,0.0000596980644332,0.0000439035211457,0.0000295487188851,0.0000213935818465,0.0000169608683791,0.000011528876712,0.00000670068357067,0.00000493663401357,0.00000416066086473,0.00000371656028619,0.00000245595674642,0.0000017441611817,0.0000011648353393,7.57787802286e-7,5.69151382024e-7,3.78549259494e-7,2.66560732598e-7,2.0161164116e-7,7.97936436925e-8,4.49278445558e-8],"dvar":[0.0000388173102692,0.00000461102263216,9.1502244004e-7,0.00000134838910526,2.50834204962e-7,3.20006250831e-7,1.18956620554e-7,6.22597227107e-8,4.95087597585e-8,2.66892428158e-8,5.86867194841e-8,3.3460139548e-8,5.62923396785e-8,6.66488659817e-8,1.01844364053e-7,1.9945577634e-8,1.15035971859e-8,1.55239643362e-8,4.76527350912e-9,1.70736835781e-9,1.83394588404e-9,9.39468836059e-10,4.85417039897e-10,2.94658464295e-10,1.7213919179e-10,7.57608906166e-11,2.68180269658e-11,1.48276044221e-11,2.25958522726e-11,1.45611925295e-11,6.74729890016e-12,3.77023672699e-12,1.60001211499e-12,4.58819776877e-13,3.24174118538e-13,1.27871929083e-13,7.91568552242e-14,4.39836528472e-14,4.60758055922e-15,1.6732588478e-15],"dvar2":[0.000102218320535,0.0000126751992866,0.00000239704718297,0.00000356570490112,6.59412762616e-7,7.41843848573e-7,2.99218839928e-7,1.49650077219e-7,1.2644393621e-7,6.96875872563e-8,1.47402460016e-7,8.62995861439e-8,1.407454846e-7,1.63284369137e-7,2.37143339632e-7,4.95620646745e-8,2.82329590817e-8,4.09741112151e-8,1.26768862074e-8,4.4682613165e-9,4.94546936736e-9,2.49330733837e-9,1.21216692239e-9,7.14032888371e-10,4.1986278343e-10,1.84754045396e-10,6.67466984461e-11,3.63820501503e-11,5.15357340136e-11,2.95325083832e-11,1.44075654185e-11,8.22554264285e-12,3.527858344e-12,1.06898409395e-12,7.28189915051e-13,2.99811607832e-13,1.852626532e-13,1.10096441241e-13,1.20601880872e-14,4.18016392239e-15],"max":[0.0861140564084,0.0300365369767,0.0163834430277,0.0198443289846,0.00974642764777,0.0149827646092,0.00822178646922,0.00536260847002,0.00485541718081,0.003464597743,0.00595771102235,0.00501804519445,0.00548844551668,0.00794516410679,0.0124795231968,0.00517703825608,0.00243670423515,0.00268247583881,0.00109717191663,0.000760697817896,0.000509874138515,0.000614032323938,0.000332588795573,0.000292287295451,0.000189828293514,0.000144641482621,0.0000843484813231,0.0000832024088595,0.000182471965672,0.000158908413141,0.0000798307082732,0.0000438609422417,0.0000491977880301,0.0000190075297724,0.0000265048165602,0.00000809929588286,0.00000843032285047,0.00000690693104843,0.00000142875194342,5.86293197102e-7],"mean":[0.00528837507591,0.00202307174914,0.000923471874557,0.000980883720331,0.000472882762551,0.000406569015468,0.000222347080125,0.000161713876878,0.00014776707394,0.000117554685858,0.000161580988788,0.000152972395881,0.000216110463953,0.000291173171718,0.00028538191691,0.000171375155332,0.00014349691628,0.00016159338702,0.000094768278359,0.0000557721468795,0.000047090852604,0.0000404183556384,0.0000292126587738,0.0000218178156501,0.0000189615693671,0.0000130059361254,0.00000745549596104,0.00000560314538234,0.00000472411056762,0.00000423045457865,0.00000279659138869,0.00000197278291125,0.00000136572873544,9.279006008e-7,7.28088537016e-7,4.92851427225e-7,3.50700730678e-7,2.53496040159e-7,7.24455588852e-8,2.82134600127e-8],"median":[0.00314407027327,0.00134974520188,0.000546782102901,0.000500647176523,0.000278790335869,0.000173388587427,0.0000980229960987,0.0000764707801864,0.0000729253952159,0.0000633997115074,0.00008337158215,0.0000872318050824,0.000137285809615,0.000195946282474,0.000173610867932,0.000116143251944,0.0000986432642094,0.00011596272816,0.0000687158171786,0.0000400667886424,0.000032085863495,0.0000296974631055,0.000021168281819,0.0000150579344336,0.0000139594339998,0.00000976473347691,0.00000557139856028,0.00000425655116487,0.00000337978940479,0.00000306298579744,0.00000200023896468,0.00000145220644754,0.00000101354373783,6.73214515245e-7,4.38037289996e-7,2.55734789789e-7,1.65473380775e-7,1.03458781098e-7,3.78484159569e-8,1.28287114265e-8],"min":[2.27568365406e-24,1.1650982532e-24,2.52886580058e-24,2.56975758889e-24,1.36902362898e-24,1.1842662913e-24,1.59838710654e-24,1.71536738878e-24,1.87995513083e-24,1.6934666379e-24,2.5551397991e-24,2.46922831057e-24,2.61944280972e-24,2.81490498987e-24,3.57744870644e-24,3.05766786156e-24,2.94243875192e-24,3.78403717802e-24,4.66183228954e-24,4.41353516418e-24,4.75189890567e-24,3.83904957653e-24,3.88736849027e-24,4.20501832212e-24,5.10169679156e-24,3.44713914009e-24,6.06997858764e-24,4.25839462311e-24,5.35936085131e-24,3.84498141611e-24,5.39666805567e-24,5.68114391987e-24,5.48196640206e-24,6.99346097292e-24,6.36996385167e-24,6.03142379976e-24,5.85346861246e-24,6.77914245333e-24,7.1663500955e-24,5.83653886857e-24],"var":[0.0000380898636649,0.00000479548680232,0.00000145805381635,0.00000234316576098,3.55746493597e-7,6.44650185677e-7,2.10280205692e-7,1.04905218734e-7,7.64626335581e-8,3.73194275483e-8,8.43190335331e-8,5.71863196797e-8,8.42302583237e-8,1.18077686295e-7,3.10685692284e-7,5.74550718113e-8,2.16371613959e-8,2.53361207569e-8,8.0057551699e-9,2.69548916521e-9,2.25460228265e-9,1.40883327227e-9,7.37328864631e-10,4.96242491543e-10,3.01567548711e-10,1.40764400136e-10,4.85191088695e-11,2.74936635958e-11,3.78680767299e-11,2.89648704327e-11,1.27578841588e-11,7.07172384887e-12,3.18286564639e-12,1.07722056102e-12,8.6404895825e-13,4.02846403154e-13,2.43496276744e-13,1.40619503888e-13,8.8968622305e-15,1.81420756544e-15]},"melbands_crest":{"dmean":6.04756212234,"dmean2":9.98222351074,"dvar":25.8172912598,"dvar2":64.2918701172,"max":39.9321060181,"mean":16.453912735,"median":14.9402332306,"min":1.64722013474,"var":52.1391448975},"melbands_flatness_db":{"dmean":0.03464448452,"dmean2":0.0554135404527,"dvar":0.000866719405167,"dvar2":0.002219859045,"max":0.468730837107,"mean":0.204973176122,"median":0.199514389038,"min":0.00482951011509,"var":0.00299285189249},"melbands_kurtosis":{"dmean":4.98115825653,"dmean2":8.2132101059,"dvar":399.063293457,"dvar2":616.522460938,"max":1952.29614258,"mean":6.30386352539,"median":2.66102600098,"min":-1.81836366653,"var":2150.94799805},"melbands_skewness":{"dmean":0.837046861649,"dmean2":1.36805427074,"dvar":0.702339708805,"dvar2":1.67628502846,"max":42.0127410889,"mean":2.00234007835,"median":1.80575227737,"min":-2.06614518166,"var":2.46415734291},"melbands_spread":{"dmean":8.76523017883,"dmean2":14.3758296967,"dvar":53.7569999695,"dvar2":143.620437622,"max":157.686767578,"mean":29.5519447327,"median":29.0488166809,"min":0.46415451169,"var":167.575546265},"mfcc":{"cov":[[5600.7578125,600.74432373,-297.992126465,369.274536133,-125.754989624,207.187255859,-128.645019531,159.651504517,-105.154342651,34.5916976929,-76.421836853,87.0492248535,-91.6468276978],[600.74432373,1142.84838867,-276.927947998,-50.8024864197,127.896911621,25.8930435181,83.7470169067,-105.607345581,52.9326438904,-44.712677002,53.7264099121,-50.7179985046,73.3846588135],[-297.992126465,-276.927947998,256.282012939,-70.3572006226,5.52100276947,-31.4870643616,-0.663319289684,9.02537441254,-19.8817920685,15.9985322952,-7.31433725357,11.8207912445,-22.7427635193],[369.274536133,-50.8024864197,-70.3572006226,218.026473999,-30.1087741852,42.6562919617,-35.2976646423,40.565032959,-3.57316732407,6.79692935944,-13.3833065033,9.7861623764,-15.8370790482],[-125.754989624,127.896911621,5.52100276947,-30.1087741852,140.642730713,7.82063293457,45.6997070312,-30.0138320923,28.0774536133,-18.5617961884,12.9131231308,-15.8352327347,26.3293209076],[207.187255859,25.8930435181,-31.4870643616,42.6562919617,7.82063293457,96.9496765137,10.005604744,31.6101589203,-5.29182386398,1.92410063744,-14.0998153687,8.17915248871,-5.16897964478],[-128.645019531,83.7470169067,-0.663319289684,-35.2976646423,45.6997070312,10.005604744,93.8401260376,-1.28239655495,13.0889596939,-7.73723649979,9.20516014099,-17.8455791473,11.605257988],[159.651504517,-105.607345581,9.02537441254,40.565032959,-30.0138320923,31.6101589203,-1.28239655495,86.790687561,3.46137213707,25.1755561829,-20.2818641663,15.011220932,-21.6142177582],[-105.154342651,52.9326438904,-19.8817920685,-3.57316732407,28.0774536133,-5.29182386398,13.0889596939,3.46137213707,76.3323516846,6.09309148788,21.311706543,-10.0403137207,20.5110759735],[34.5916976929,-44.712677002,15.9985322952,6.79692935944,-18.5617961884,1.92410063744,-7.73723649979,25.1755561829,6.09309148788,55.3500404358,9.74341487885,17.57954216,-10.0281944275],[-76.421836853,53.7264099121,-7.31433725357,-13.3833065033,12.9131231308,-14.0998153687,9.20516014099,-20.2818641663,21.311706543,9.74341487885,52.9625473022,9.9975643158,22.219865799],[87.0492248535,-50.7179985046,11.8207912445,9.7861623764,-15.8352327347,8.17915248871,-17.8455791473,15.011220932,-10.0403137207,17.57954216,9.9975643158,53.4380455017,11.6250753403],[-91.6468276978,73.3846588135,-22.7427635193,-15.8370790482,26.3293209076,-5.16897964478,11.605257988,-21.6142177582,20.5110759735,-10.0281944275,22.219865799,11.6250753403,57.8832015991]],"icov":[[0.000279037340079,-0.000293587625492,-0.00000336853622684,-0.000297524034977,0.000072628907219,-0.000185693643289,0.000325930479448,-0.000459882721771,0.000288505485514,0.0000848743729875,0.000110714201583,-0.000473532738397,0.000409668835346],[-0.000293587625492,0.00197246740572,0.00180988910142,0.00086834578542,-0.00091954623349,-0.000330417504301,-0.000931263202801,0.00171220221091,-0.000283528206637,-0.000393732276279,-0.000729161954951,0.00114637322258,-0.00072007876588],[-0.00000336853622684,0.00180988910142,0.00706699630246,0.0023046520073,-0.00218610092998,0.00125030963682,-0.000470950588351,0.0001342719479,0.00108135736082,-0.00111387774814,-0.000168345592101,-0.00114690430928,0.00207672896795],[-0.000297524034977,0.00086834578542,0.0023046520073,0.00687666237354,-0.000452921638498,-0.00168240908533,0.00200520223007,-0.00167851021979,-0.000131790511659,0.000399898272008,-0.000985921244137,0.000702738412656,0.000595324498136],[0.000072628907219,-0.00091954623349,-0.00218610092998,-0.000452921638498,0.0111914947629,-0.00217761332169,-0.00365670770407,0.00323381717317,-0.00351901678368,0.00152094231453,0.00113350129686,0.000157686270541,-0.0020028159488],[-0.000185693643289,-0.000330417504301,0.00125030963682,-0.00168240908533,-0.00217761332169,0.0144998561591,-0.00209392420948,-0.00452792085707,0.00137666636147,0.000565209775232,0.00254871603101,-0.00275283353403,0.000354833347956],[0.000325930479448,-0.000931263202801,-0.000470950588351,0.00200520223007,-0.00365670770407,-0.00209392420948,0.0161574147642,-0.00570673123002,0.00215055746958,0.000871890573762,-0.00407423498109,0.00588615005836,-0.00206295284443],[-0.000459882721771,0.00171220221091,0.0001342719479,-0.00167851021979,0.00323381717317,-0.00452792085707,-0.00570673123002,0.024536287412,-0.00752723962069,-0.00689622806385,0.00926997512579,-0.00631196796894,0.00430731568485],[0.000288505485514,-0.000283528206637,0.00108135736082,-0.000131790511659,-0.00351901678368,0.00137666636147,0.00215055746958,-0.00752723962069,0.0206980369985,-0.00308937765658,-0.00765813561156,0.00847378745675,-0.0069449567236],[0.0000848743729875,-0.000393732276279,-0.00111387774814,0.000399898272008,0.00152094231453,0.000565209775232,0.000871890573762,-0.00689622806385,-0.00308937765658,0.0270868260413,-0.00792853906751,-0.00732390210032,0.00721598695964],[0.000110714201583,-0.000729161954951,-0.000168345592101,-0.000985921244137,0.00113350129686,0.00254871603101,-0.00407423498109,0.00926997512579,-0.00765813561156,-0.00792853906751,0.0322362445295,-0.00854196678847,-0.00456483848393],[-0.000473532738397,0.00114637322258,-0.00114690430928,0.000702738412656,0.000157686270541,-0.00275283353403,0.00588615005836,-0.00631196796894,0.00847378745675,-0.00732390210032,-0.00854196678847,0.0335602685809,-0.0140487970784],[0.000409668835346,-0.00072007876588,0.00207672896795,0.000595324498136,-0.0020028159488,0.000354833347956,-0.00206295284443,0.00430731568485,-0.0069449567236,0.00721598695964,-0.00456483848393,-0.0140487970784,0.0310662481934]],"mean":[-616.173583984,150.448135376,-38.8979148865,27.092300415,6.2696723938,28.1273593903,5.71079397202,10.1076278687,-5.32588672638,3.90322113037,-1.41315102577,5.45861721039,-1.40691125393]},"pitch_salience":{"dmean":0.0994959995151,"dmean2":0.16263858974,"dvar":0.00754363834858,"dvar2":0.018643386662,"max":0.885101675987,"mean":0.576714932919,"median":0.601315915585,"min":0.00520092761144,"var":0.0158016029745},"silence_rate_20dB":{"dmean":0,"dmean2":0,"dvar":0,"dvar2":0,"max":1,"mean":1,"median":1,"min":1,"var":0},"silence_rate_30dB":{"dmean":0.053741838783,"dmean2":0.107497178018,"dvar":0.0508567169309,"dvar2":0.133113339543,"max":1,"mean":0.96233522892,"median":1,"min":0,"var":0.0362435877323},"silence_rate_60dB":{"dmean":0.000251130084507,"dmean2":0.000502323266119,"dvar":0.000251064426266,"dvar2":0.000502057024278,"max":1,"mean":0.0165725052357,"median":0,"min":0,"var":0.0162978861481},"spectral_centroid":{"dmean":246.778396606,"dmean2":391.662231445,"dvar":71048.125,"dvar2":148883.890625,"max":11616.4814453,"mean":1536.51135254,"median":1481.25244141,"min":289.902252197,"var":496329.59375},"spectral_complexity":{"dmean":4.72400808334,"dmean2":7.18297147751,"dvar":14.6499853134,"dvar2":32.3862342834,"max":58,"mean":31.8591327667,"median":32,"min":0,"var":66.8598632812},"spectral_contrast_coeffs":{"dmean":[0.0579863861203,0.0491554737091,0.0383009724319,0.0293899178505,0.0213737785816,0.0399006269872],"dmean2":[0.097059071064,0.0832007825375,0.0647010877728,0.049746632576,0.0364594012499,0.0621691383421],"dvar":[0.00206770701334,0.0014500740217,0.000916133983992,0.000526796793565,0.000303503446048,0.00133493251633],"dvar2":[0.00557134160772,0.0041051437147,0.00261729350314,0.00152277771849,0.000862542714458,0.00324569316581],"max":[-0.413415819407,-0.474507063627,-0.561092078686,-0.573968470097,-0.669259727001,-0.524881839752],"mean":[-0.705812215805,-0.786617398262,-0.80433934927,-0.800148367882,-0.796256184578,-0.713422298431],"median":[-0.711237192154,-0.794567584991,-0.808478832245,-0.802710711956,-0.795610904694,-0.704223752022],"min":[-0.979278147221,-0.969746291637,-0.974475622177,-0.969914019108,-0.970229685307,-0.963772833347],"var":[0.00529922731221,0.00371464132331,0.00218936894089,0.00137545715552,0.00086035230197,0.00420054793358]},"spectral_contrast_valleys":{"dmean":[0.415827453136,0.367222607136,0.282734066248,0.266600966454,0.316987276077,0.462283521891],"dmean2":[0.694865763187,0.607038676739,0.467679202557,0.436142474413,0.48699298501,0.71591591835],"dvar":[0.141060516238,0.125115588307,0.0932560563087,0.0899429917336,0.146739244461,0.203282341361],"dvar2":[0.325514376163,0.27238085866,0.181092977524,0.175555855036,0.304839223623,0.476658284664],"max":[-5.19831514359,-4.82696151733,-5.09474563599,-5.34792137146,-5.49639177322,-9.05977630615],"mean":[-6.59103679657,-6.46657276154,-6.44477987289,-6.54124212265,-7.13697385788,-10.7974729538],"median":[-6.39785814285,-6.3084192276,-6.28065490723,-6.36046123505,-6.9157834053,-10.5877113342],"min":[-28.0343971252,-28.3499889374,-27.6494445801,-27.6393413544,-27.4546890259,-27.3476276398],"var":[2.67189908028,2.58347582817,2.56128668785,2.58345341682,2.4944293499,1.8278118372]},"spectral_decrease":{"dmean":5.91975313213e-9,"dmean2":9.75497549405e-9,"dvar":4.19282797816e-17,"dvar2":1.09024740693e-16,"max":1.94031390954e-9,"mean":-9.53891099442e-9,"median":-7.86152476451e-9,"min":-7.73620740802e-8,"var":5.63458955833e-17},"spectral_energy":{"dmean":0.0229066498578,"dmean2":0.037709839642,"dvar":0.000605606590398,"dvar2":0.00157863565255,"max":0.303706258535,"mean":0.0583619885147,"median":0.0524888783693,"min":1.00441964921e-20,"var":0.000898167549167},"spectral_energyband_high":{"dmean":0.000258527288679,"dmean2":0.000382942671422,"dvar":1.07652311954e-7,"dvar2":2.16801637976e-7,"max":0.010361906141,"mean":0.000779228459578,"median":0.000681082310621,"min":7.15915126642e-21,"var":3.4541272953e-7},"spectral_energyband_low":{"dmean":0.0179237090051,"dmean2":0.030335912481,"dvar":0.000471530074719,"dvar2":0.00124241795857,"max":0.285891830921,"mean":0.0227081738412,"median":0.0155838103965,"min":2.023331192e-23,"var":0.000494442705531},"spectral_energyband_middle_high":{"dmean":0.00401991000399,"dmean2":0.00637691328302,"dvar":0.000020669780497,"dvar2":0.0000493413754157,"max":0.114229433239,"mean":0.0125527670607,"median":0.010401497595,"min":1.20245060565e-21,"var":0.0000762540439609},"spectral_energyband_middle_low":{"dmean":0.00486172642559,"dmean2":0.00789869669825,"dvar":0.0000409549611504,"dvar2":0.000107095802377,"max":0.0959784537554,"mean":0.0108716553077,"median":0.00747592933476,"min":1.78855151379e-22,"var":0.0000935757998377},"spectral_entropy":{"dmean":0.119830586016,"dmean2":0.183395132422,"dvar":0.0140899252146,"dvar2":0.0331324338913,"max":9.82387161255,"mean":7.74534130096,"median":7.77475500107,"min":6.6205368042,"var":0.0733482018113},"spectral_flux":{"dmean":0.0353553295135,"dmean2":0.0590240359306,"dvar":0.00119596999139,"dvar2":0.00305896578357,"max":0.412024319172,"mean":0.151174455881,"median":0.145980522037,"min":6.48941109183e-11,"var":0.0023092427291},"spectral_kurtosis":{"dmean":4.51546287537,"dmean2":6.89812326431,"dvar":34.1593742371,"dvar2":79.2918243408,"max":90.5196762085,"mean":19.8292942047,"median":17.1586971283,"min":-1.24679207802,"var":90.3751754761},"spectral_rms":{"dmean":0.00140050926711,"dmean2":0.00226487428881,"dvar":0.00000173494231603,"dvar2":0.00000443705584985,"max":0.0172133315355,"mean":0.00728040421382,"median":0.00715602282435,"min":3.13036987824e-12,"var":0.00000393416348743},"spectral_rolloff":{"dmean":6432.33154297,"dmean2":12402.8945312,"dvar":71135728,"dvar2":154143440,"max":22050,"mean":15603.2382812,"median":20779.5410156,"min":43.06640625,"var":73269856},"spectral_skewness":{"dmean":0.380439430475,"dmean2":0.57218593359,"dvar":0.201179936528,"dvar2":0.472440451384,"max":7.66979885101,"mean":2.86525678635,"median":2.65721821785,"min":-0.0566789507866,"var":0.629197478294},"spectral_spread":{"dmean":362854.375,"dmean2":583094.625,"dvar":605413638144,"dvar2":1117932093440,"max":42580156,"mean":3789772.25,"median":3558372.5,"min":1680950.625,"var":5488162373630},"spectral_strongpeak":{"dmean":2.17297267914,"dmean2":4.1356048584,"dvar":78.7656097412,"dvar2":223.813201904,"max":91.3143768311,"mean":1.48602986336,"median":0.201415807009,"min":0,"var":48.7614479065},"zerocrossingrate":{"dmean":0.0443898178637,"dmean2":0.0582807175815,"dvar":0.00128403445706,"dvar2":0.00224167946726,"max":0.93212890625,"mean":0.293873041868,"median":0.28369140625,"min":0,"var":0.00593288009986}},"metadata":{"audio_properties":{"analysis_sample_rate":44100,"bit_rate":218449,"codec":"mp3","downmix":"mix","equal_loudness":0,"length":184.921875,"lossless":false,"md5_encoded":"52c160f7ea7d0306362579a69c694a25","replay_gain":-7.51485443115,"sample_rate":44100},"tags":{"album":["Divine Intervention"],"albumartist":["Slayer"],"albumartistsort":["Slayer"],"artist":["Slayer"],"artists":["Slayer"],"artistsort":["Slayer"],"asin":["B000024F60"],"barcode":["743212367720"],"catalognumber":["74321 23677 2"],"composer":["Kerry King","Jeff Hanneman"],"date":["1994-09-27"],"file_name":"10 - Mind Control.mp3","label":["American Recordings"],"language":["eng"],"lyricist":["Tom Araya","Kerry King"],"media":["CD"],"musicbrainz album release country":["DE"],"musicbrainz album status":["official"],"musicbrainz album type":["album"],"musicbrainz release track id":["8de2486b-8de9-3ecc-b3ba-aafc148acc55"],"musicbrainz_albumartistid":["bdacc37b-8633-4bf8-9dd5-4662ee651aec"],"musicbrainz_albumid":["59623cbf-08ed-4e64-8a35-5b0cb08b82f4"],"musicbrainz_artistid":["bdacc37b-8633-4bf8-9dd5-4662ee651aec"],"musicbrainz_recordingid":["e49c53cb-8fbc-4861-a3e4-2fc5a4b15dfb"],"musicbrainz_releasegroupid":["1ff864b6-0132-30ad-b653-13d28a931c17"],"musicbrainz_workid":["2bd5d602-d3d1-4b3f-83b1-2bf9d0b2d51a"],"originaldate":["1994"],"script":["Latn"],"title":["Mind Control"],"tracknumber":["10/10"],"work":["Mind Control"]},"version":{"essentia":"2.1-beta1","essentia_build_sha":"ca57ba49d9b1854bd80e60cf9ccf267278fb7d6b","essentia_git_sha":"v2.1_beta1-28-g21ef5f4-dirty","extractor":"music 1.0"}},"rhythm":{"beats_count":312,"beats_loudness":{"dmean":0.0162525568157,"dmean2":0.0286750365049,"dvar":0.000202453506063,"dvar2":0.000576661434025,"max":0.144468858838,"mean":0.058417186141,"median":0.0557851418853,"min":2.89813839593e-10,"var":0.00047497972264},"beats_loudness_band_ratio":{"dmean":[0.124545305967,0.068196862936,0.0465076901019,0.0654093027115,0.0465331748128,0.0667972713709],"dmean2":[0.217417120934,0.11651263386,0.0820869058371,0.114140272141,0.0825491547585,0.1160