{"lowlevel":{"average_loudness":0.489157617092,"barkbands":{"dmean":[0.000296740530757,0.00355844455771,0.00266633206047,0.000924880616367,0.00162450026255,0.000896347977687,0.000496322405525,0.000336405501002,0.000462158262962,0.000401221303036,0.00029293296393,0.000204648866202,0.00036923630978,0.000199910471565,0.000116468159831,0.000122878351249,0.000149987623445,0.000158635506523,0.0000866692353156,0.0000673415561323,0.000049779224355,0.0000385218118026,0.0000349137299054,0.0000411983783124,0.0000263307319983,0.000016383251932,0.00000366336712432],"dmean2":[0.000449887797004,0.00614733062685,0.0045320475474,0.00158683338668,0.00256020808592,0.00146766379476,0.00080612662714,0.000548382289708,0.000731246138457,0.000630347465631,0.000465925404569,0.000330607785145,0.000579943181947,0.000310671835905,0.000183588708751,0.00019933724252,0.000243253511144,0.000256191648077,0.000141042575706,0.00010902233771,0.0000813583756099,0.0000611247523921,0.0000552281780983,0.00006014664541,0.0000385505481972,0.00002648647569,0.00000645614272798],"dvar":[0.00000120772676837,0.000131664943183,0.000034507302189,0.00000477753837913,0.00000880410607351,0.00000376009757019,0.00000144654916312,7.95684456989e-7,0.0000014260218677,0.00000138856648846,0.00000108038364033,3.88650704508e-7,6.64065964884e-7,3.07572236125e-7,1.4627691769e-7,1.03658969408e-7,3.10424638883e-7,2.46310236207e-7,3.20854738334e-8,2.5228212408e-8,1.92370563923e-8,1.49829251228e-8,1.40651952307e-8,6.28010354831e-8,2.83238676957e-8,5.05191044553e-9,4.26045587698e-10],"dvar2":[0.00000295083441415,0.000352725735866,0.0000981394841801,0.0000130128983074,0.0000213088042074,0.00000970991095528,0.00000371898340745,0.00000201037801162,0.00000342477346749,0.00000333261095875,0.00000256954945144,9.45473743741e-7,0.00000158361569902,6.85095017161e-7,3.15981623089e-7,2.50525346246e-7,7.98169537575e-7,6.27620750038e-7,8.39855971435e-8,6.49437765787e-8,5.04332184903e-8,3.65630477006e-8,3.15841006682e-8,1.13170663951e-7,5.63154429756e-8,1.3075723615e-8,1.19644771868e-9],"max":[0.0191233381629,0.165154382586,0.109049595892,0.053177524358,0.0544678717852,0.0466200299561,0.0338718667626,0.0287093576044,0.0485488958657,0.0538051314652,0.042312823236,0.0285942982882,0.0339335426688,0.0224781520665,0.0173955895007,0.0158114265651,0.0213759597391,0.0239528156817,0.00768228247762,0.00393107859418,0.00566205149516,0.00315672229044,0.00551300914958,0.0110430847853,0.0147767663002,0.00240486883558,0.00080602435628],"mean":[0.000338707701303,0.00388659606688,0.00435286015272,0.00129735644441,0.00349264522083,0.0019498243928,0.00086384662427,0.000557520834263,0.000897187448572,0.000742009258829,0.000539311498869,0.000368871260434,0.000747756857891,0.000391748151742,0.000228859251365,0.000243091926677,0.000329357455485,0.000397940748371,0.000232095859246,0.000175325534656,0.000133292371174,0.0000955924770096,0.0000834854363347,0.0000940284298849,0.000058758592786,0.0000204337811738,0.00000311169742417],"median":[0.0000112229017759,0.000833071884699,0.00165833928622,0.00037581048673,0.0013713700464,0.000326388515532,0.000180625778739,0.000105273931695,0.000124142228742,0.000113130998216,0.0000975175062194,0.0000557444946025,0.0000610935312579,0.0000464982113044,0.0000393806221837,0.0000417904811911,0.0000195721277123,0.000030186623917,0.0000259125245066,0.0000165084729815,0.00000618008925812,0.00000297620931633,0.00000229292982112,0.00000350270079252,0.00000193316373043,3.14222177167e-7,8.41406730956e-8],"min":[2.91453628564e-26,3.83493339894e-25,7.63140095406e-26,8.2783291424e-26,1.437507701e-24,2.19420516939e-24,2.36948868202e-24,1.86187187509e-24,4.06765988915e-24,5.52964909947e-24,5.18106132622e-24,5.62865074865e-24,1.30982874911e-23,1.39072343726e-23,1.79908801336e-23,2.32993018697e-23,3.51997687628e-23,4.70390626481e-23,8.4008429437e-23,1.10034496868e-22,1.63380186909e-22,1.97897597299e-22,2.75998247417e-22,4.18983035155e-22,7.33814721369e-22,1.0926624732e-21,1.60012344067e-21],"var":[0.00000176904461568,0.000110203851364,0.000046523691708,0.00000793078470451,0.0000273751011264,0.0000123977079056,0.00000309187385028,0.00000158449984156,0.00000351857488567,0.00000346705678567,0.00000315196348311,9.89058662526e-7,0.00000226456018027,0.00000111092356292,4.53514473975e-7,2.95529019922e-7,0.00000113988778594,0.00000101350451587,1.29909466295e-7,9.79803402856e-8,6.25085476713e-8,4.34861426868e-8,4.27361968036e-8,1.84487333854e-7,7.00632014627e-8,5.76814951359e-9,2.8795651974e-10]},"barkbands_crest":{"dmean":1.84015583992,"dmean2":3.07549881935,"dvar":4.61199998856,"dvar2":12.446062088,"max":26.8218631744,"mean":9.07919502258,"median":7.40048789978,"min":2.3062069416,"var":15.6885461807},"barkbands_flatness_db":{"dmean":0.0159306805581,"dmean2":0.0257008858025,"dvar":0.00033829655149,"dvar2":0.00086412980454,"max":0.751767814159,"mean":0.13950574398,"median":0.0957117155194,"min":0.0243653990328,"var":0.0118258381262},"barkbands_kurtosis":{"dmean":5.97487258911,"dmean2":10.2421197891,"dvar":1432.25427246,"dvar2":4475.43896484,"max":2093.48828125,"mean":12.2457056046,"median":2.99072790146,"min":-1.95946204662,"var":5772.96582031},"barkbands_skewness":{"dmean":0.46797850728,"dmean2":0.754865050316,"dvar":0.778899431229,"dvar2":1.97470319271,"max":23.176322937,"mean":0.58604067564,"median":0.984626829624,"min":-39.8744125366,"var":7.62064599991},"barkbands_spread":{"dmean":3.77141594887,"dmean2":6.070789814,"dvar":23.1795444489,"dvar2":53.4848442078,"max":150.231643677,"mean":21.7162494659,"median":23.3730506897,"min":0.0465432740748,"var":153.99005127},"dissonance":{"dmean":0.0139667280018,"dmean2":0.0237914770842,"dvar":0.000287527684122,"dvar2":0.000823938869871,"max":0.500000119209,"mean":0.469265550375,"median":0.480165928602,"min":0.204220965505,"var":0.00108213571366},"dynamic_complexity":24.5116348267,"erbbands":{"dmean":[0.103172540665,0.832896828651,2.71013092995,3.16433048248,3.9784579277,6.84285593033,5.72499847412,8.77192687988,6.48345661163,6.81247806549,8.09735488892,11.0694046021,11.0036764145,11.8635444641,7.64601135254,8.98363494873,14.7873592377,10.9810609818,6.84611701965,4.63547134399,7.57275915146,7.86648988724,8.79091262817,4.79637098312,4.19912815094,2.84564685822,2.22026729584,1.89148581028,1.42200469971,1.20325171947,0.931982755661,0.890585422516,0.695834338665,0.379183143377,0.151792898774,0.0696477517486,0.0317367501557,0.00637017982081,0.000592369353399,0.0000328646710841],"dmean2":[0.172360166907,1.48464763165,4.63986301422,5.448387146,6.49546146393,10.6871042252,9.46483135223,14.1980085373,10.5804243088,11.0845594406,13.1818552017,17.5804672241,17.3674430847,19.2198486328,12.2258863449,14.3000640869,23.2298946381,17.1242351532,10.4026565552,7.31986999512,12.3667221069,12.6593837738,14.2679519653,7.69438171387,6.83891630173,4.55193948746,3.61412835121,3.08858013153,2.2760515213,1.91971492767,1.45077824593,1.30988538265,1.03743338585,0.558463037014,0.226738989353,0.104821138084,0.053684156388,0.0112143922597,0.00103815156035,0.0000564103502256],"dvar":[0.126121863723,7.36014270782,40.6966171265,51.5497398376,80.024520874,169.737838745,152.51109314,407.612915039,263.665679932,292.372833252,485.671051025,841.101928711,858.781860352,1784.6262207,482.346313477,643.778076172,1137.97375488,732.377380371,462.128479004,212.236846924,298.228729248,1272.58520508,900.559448242,90.5530776978,82.7277297974,47.2825317383,37.4332008362,28.4540100098,19.790271759,16.1601409912,11.5626831055,24.7267589569,21.7338676453,7.94259119034,0.514428317547,0.0694468840957,0.0244418475777,0.00126883829944,0.0000104463915704,2.18182609757e-8],"dvar2":[0.318279236555,20.7576236725,116.308990479,147.526947021,193.477722168,402.653961182,412.700164795,1024.13745117,680.844238281,740.460571289,1236.24816895,2036.15844727,2138.64428711,4812.96337891,1174.4309082,1553.51879883,2706.80273438,1684.4119873,984.778747559,493.617797852,735.948364258,3348.12475586,2347.31420898,232.952148438,217.908065796,118.502449036,97.2939834595,75.4592666626,49.0860290527,37.4880371094,25.5937576294,44.2926025391,43.7931404114,16.949048996,0.959752202034,0.152349323034,0.0662066936493,0.00357570289634,0.000029127137168,5.97876734787e-8],"max":[5.82858800888,39.1667060852,105.738075256,167.183074951,211.286468506,299.515716553,272.498931885,506.22567749,448.981109619,550.477539062,612.377624512,1380.01977539,942.483459473,1774.41516113,930.694335938,1395.67907715,1642.79711914,998.237792969,954.477600098,677.761230469,918.18347168,1536.9342041,1508.96496582,297.202453613,362.695159912,208.725112915,332.569641113,138.263290405,109.903846741,192.905044556,203.297790527,310.817199707,218.764831543,271.56930542,51.769859314,12.1373710632,5.16622686386,1.66448748112,0.118045419455,0.00537726748735],"mean":[0.10758010298,0.928922116756,4.50560903549,5.00070714951,6.62282323837,14.9100065231,11.7865476608,19.0223197937,12.5302400589,12.0578289032,14.5502824783,21.5968742371,22.3937301636,24.9999046326,15.9039859772,18.3537311554,31.050201416,23.5746841431,15.3430013657,10.5210828781,16.4653320312,19.7797775269,22.2542514801,13.6766757965,11.4177350998,7.85405397415,5.79630708694,4.98595190048,3.5920484066,2.82022166252,2.22822141647,2.03764462471,1.48127436638,0.813824415207,0.330823779106,0.116614714265,0.0334368757904,0.00559846265242,0.000525424722582,0.0000497406399518],"median":[0.0136207882315,0.279727160931,1.79195272923,2.30227231979,2.3190279007,4.87476110458,3.82565832138,2.64878129959,3.21375203133,3.0390124321,3.10514211655,3.41299295425,4.57637071609,4.12970876694,3.79230189323,2.94401717186,2.9339287281,2.9227206707,2.38331341743,2.36118578911,2.40510773659,1.23515605927,1.556656003,1.67725431919,1.27760529518,0.768991053104,0.427219331264,0.188328877091,0.120833218098,0.0697164386511,0.0674266219139,0.071169167757,0.0525186359882,0.0263260900974,0.0109429350123,0.00239556352608,0.000458005786641,0.000139273659443,0.000022185879061,0.0000248128326348],"min":[1.85189104914e-23,9.67508807063e-23,5.67619121444e-22,1.47949158835e-21,1.67939464677e-21,7.43431079692e-21,1.2084049732e-20,2.45736118347e-20,3.39468945719e-20,6.55402664307e-20,1.08937877216e-19,1.18274006296e-19,2.24609108015e-19,3.85745416455e-19,4.40837015269e-19,6.98605622692e-19,8.43958420315e-19,1.23720804514e-18,1.35228199983e-18,1.60447024005e-18,2.13334822382e-18,2.37207585732e-18,3.38797648586e-18,4.35465842038e-18,4.58868642724e-18,5.35352905447e-18,6.16917959646e-18,6.92045728882e-18,7.81897767972e-18,7.22095835688e-18,7.67459413098e-18,8.05062878308e-18,6.59935528761e-18,6.40638604482e-18,5.31418338145e-18,3.39618232433e-18,1.84889880234e-18,7.20113042401e-19,2.12346181283e-19,2.44576433746e-20],"var":[0.130421474576,5.31319713593,49.7432823181,68.9117889404,141.476394653,612.745178223,406.472076416,1361.99804688,619.240844727,583.780029297,958.358276367,2115.38793945,2181.63061523,6768.75097656,1536.63110352,1793.3729248,3917.57446289,2676.37475586,1726.09802246,639.152282715,918.499755859,5196.04638672,3911.75097656,434.29284668,328.485137939,200.142425537,129.459487915,84.2962188721,58.0390968323,46.8985443115,33.6564941406,73.7877349854,52.4233474731,16.8756256104,1.51079976559,0.152821004391,0.0206617396325,0.000838968786411,0.00000732701300876,1.77051138195e-8]},"erbbands_crest":{"dmean":1.51911556721,"dmean2":2.50261688232,"dvar":3.29874372482,"dvar2":8.93157291412,"max":28.5225200653,"mean":7.09284877777,"median":5.46057367325,"min":2.04939413071,"var":21.6179637909},"erbbands_flatness_db":{"dmean":0.0125331655145,"dmean2":0.0191310681403,"dvar":0.000210560086998,"dvar2":0.000455531087937,"max":0.433571279049,"mean":0.142939925194,"median":0.122287586331,"min":0.0132183022797,"var":0.00358925736509},"erbbands_kurtosis":{"dmean":1.32395756245,"dmean2":2.20572924614,"dvar":41.5930747986,"dvar2":123.612640381,"max":248.457107544,"mean":3.131513834,"median":-0.0547981262207,"min":-1.88373553753,"var":327.741546631},"erbbands_skewness":{"dmean":0.259080886841,"dmean2":0.41571187973,"dvar":0.154352173209,"dvar2":0.427726686001,"max":13.0613746643,"mean":0.204161182046,"median":-0.0821986421943,"min":-3.06879734993,"var":2.39704108238},"erbbands_spread":{"dmean":5.32805538177,"dmean2":8.4946231842,"dvar":47.4578933716,"dvar2":108.057510376,"max":187.456466675,"mean":38.2323188782,"median":36.6032104492,"min":0.91237694025,"var":293.927459717},"gfcc":{"cov":[[289390.5625,25732.0253906,-28292.0585938,8599.48339844,-13536.2871094,2815.65527344,-9453.86621094,1742.78149414,-7223.3359375,-870.321899414,-3341.44824219,-1169.02453613,-2778.84057617],[25732.0253906,3911.93969727,-2416.58569336,769.390380859,-780.526611328,155.701675415,-664.733886719,48.2373161316,-506.423278809,-137.930587769,-156.451721191,-245.120819092,-166.411071777],[-28292.0585938,-2416.58569336,3616.56884766,-574.627441406,1480.90319824,-185.98550415,982.429077148,-165.641281128,754.750366211,99.5234298706,291.646881104,125.665855408,258.994537354],[8599.48339844,769.390380859,-574.627441406,618.447631836,-366.018127441,95.3366241455,-258.87008667,55.9258232117,-176.228683472,-48.0100097656,-122.961578369,-55.2475585938,-79.5777664185],[-13536.2871094,-780.526611328,1480.90319824,-366.018127441,912.41217041,-129.695175171,515.118591309,-93.808380127,389.761901855,39.3217353821,185.956039429,22.9756317139,138.444290161],[2815.65527344,155.701675415,-185.98550415,95.3366241455,-129.695175171,165.748977661,-57.3181991577,42.0382270813,-71.9164123535,1.32490718365,-39.8940086365,-28.288860321,-42.1922798157],[-9453.86621094,-664.733886719,982.429077148,-258.87008667,515.118591309,-57.3181991577,422.107147217,-40.2575073242,272.46585083,25.6513118744,132.454421997,19.5300579071,89.2281646729],[1742.78149414,48.2373161316,-165.641281128,55.9258232117,-93.808380127,42.0382270813,-40.2575073242,109.418571472,-21.9286327362,3.1317076683,-24.5198745728,-8.13099765778,-22.4355754852],[-7223.3359375,-506.423278809,754.750366211,-176.228683472,389.761901855,-71.9164123535,272.46585083,-21.9286327362,259.088531494,34.1158370972,98.5341415405,10.7220211029,76.3798446655],[-870.321899414,-137.930587769,99.5234298706,-48.0100097656,39.3217353821,1.32490718365,25.6513118744,3.1317076683,34.1158370972,53.7965927124,19.7033061981,14.0095005035,0.311037242413],[-3341.44824219,-156.451721191,291.646881104,-122.961578369,185.956039429,-39.8940086365,132.454421997,-24.5198745728,98.5341415405,19.7033061981,100.339202881,13.7848682404,40.5539588928],[-1169.02453613,-245.120819092,125.665855408,-55.2475585938,22.9756317139,-28.288860321,19.5300579071,-8.13099765778,10.7220211029,14.0095005035,13.7848682404,79.6694869995,18.4296684265],[-2778.84057617,-166.411071777,258.994537354,-79.5777664185,138.444290161,-42.1922798157,89.2281646729,-22.4355754852,76.3798446655,0.311037242413,40.5539588928,18.4296684265,68.2914733887]],"icov":[[0.000179609691259,-0.000601449981332,0.000308391347062,-0.000466169789433,0.000445929792477,-0.00060880894307,0.000623920757789,-0.000599550548941,0.000612550938968,-0.000654938048683,0.000819488195702,-0.000903873355128,0.000912940362468],[-0.000601449981332,0.00273608532734,-0.000511833641212,0.000931992079131,-0.00215778732672,0.00191021489445,-0.00170785491355,0.0023085786961,-0.00167125405278,0.00260376906954,-0.00365152186714,0.00417158007622,-0.00333475018851],[0.000308391347062,-0.000511833641212,0.00218370789662,-0.00154917710461,-0.000797712011263,-0.00163497030735,0.000228841701755,-0.0000497471410199,-0.000141583062941,-0.00126739637926,0.00199918937869,-0.00234199990518,0.00111526425462],[-0.000466169789433,0.000931992079131,-0.00154917710461,0.00442631542683,-0.0000962942576734,0.00112610391807,-0.000597247213591,0.000880758918356,-0.00237082201056,0.0030257999897,-0.00054901355179,0.00240766815841,-0.00138997030444],[0.000445929792477,-0.00215778732672,-0.000797712011263,-0.0000962942576734,0.00726471189409,-0.000432398810517,-0.0010558370268,-0.000738421163987,-0.000306888163323,-0.00164014287293,0.00131245772354,-0.00129785563331,0.00186427216977],[-0.00060880894307,0.00191021489445,-0.00163497030735,0.00112610391807,-0.000432398810517,0.0113795446232,-0.00483498768881,-0.000512545870151,0.00209159846418,-0.000841862347443,-0.00169047119562,0.00611520884559,-0.00153124611825],[0.000623920757789,-0.00170785491355,0.000228841701755,-0.000597247213591,-0.0010558370268,-0.00483498768881,0.0153171233833,-0.00261560175568,-0.00363843864761,0.00233795819804,-0.00226749223657,-0.00278641982004,0.00410055555403],[-0.000599550548941,0.0023085786961,-0.0000497471410199,0.000880758918356,-0.000738421163987,-0.000512545870151,-0.00261560175568,0.0140664316714,-0.00592656014487,0.00175235641655,-0.00128878967371,0.00217029592022,-0.00153662427329],[0.000612550938968,-0.00167125405278,-0.000141583062941,-0.00237082201056,-0.000306888163323,0.00209159846418,-0.00363843864761,-0.00592656014487,0.0226207058877,-0.00917207077146,0.000443162571173,0.00270726764575,-0.00290353549644],[-0.000654938048683,0.00260376906954,-0.00126739637926,0.0030257999897,-0.00164014287293,-0.000841862347443,0.00233795819804,0.00175235641655,-0.00917207077146,0.0288093686104,-0.00831646937877,-0.000965747633018,0.00367951043881],[0.000819488195702,-0.00365152186714,0.00199918937869,-0.00054901355179,0.00131245772354,-0.00169047119562,-0.00226749223657,-0.00128878967371,0.000443162571173,-0.00831646937877,0.0264961626381,-0.0066325222142,0.000658005592413],[-0.000903873355128,0.00417158007622,-0.00234199990518,0.00240766815841,-0.00129785563331,0.00611520884559,-0.00278641982004,0.00217029592022,0.00270726764575,-0.000965747633018,-0.0066325222142,0.0241498686373,-0.0097658727318],[0.000912940362468,-0.00333475018851,0.00111526425462,-0.00138997030444,0.00186427216977,-0.00153124611825,0.00410055555403,-0.00153662427329,-0.00290353549644,0.00367951043881,0.000658005592413,-0.0097658727318,0.0327036119998]],"mean":[-386.024169922,73.204788208,-69.0343551636,24.3910560608,-32.374332428,7.23435735703,-23.5688285828,3.93722939491,-18.0286140442,-2.61564779282,-8.4280538559,-3.70368099213,-7.0297999382]},"hfc":{"dmean":3.07011532784,"dmean2":4.67623758316,"dvar":47.428855896,"dvar2":105.802452087,"max":234.391677856,"mean":14.9070320129,"median":6.48764848709,"min":1.01279696416e-16,"var":368.686645508},"melbands":{"dmean":[0.000939997320529,0.00129157095216,0.000533959188033,0.000396984774852,0.000205184551305,0.00018290191656,0.000100114455563,0.0000712781111361,0.0000692957764841,0.0000711627290002,0.0000574829573452,0.0000497871551488,0.0000294960882457,0.0000220555721171,0.0000327562629536,0.0000375677227566,0.0000206856384466,0.0000126290497064,0.00000889778402779,0.00000688350473865,0.0000101214627648,0.00000988008832792,0.0000081902862803,0.00000746311434341,0.00000411694600189,0.00000370191355614,0.00000306645620185,0.00000184449788776,0.00000171088049683,0.00000127503903968,0.00000118072318855,9.22543165416e-7,7.44527767438e-7,7.65737752317e-7,5.97403470692e-7,5.42505972589e-7,6.05869047376e-7,5.53534732717e-7,4.32190262245e-7,3.10315925844e-7],"dmean2":[0.00159253098536,0.00224149483256,0.000909063848667,0.000630223075859,0.000333152362145,0.000296758225886,0.000163109143614,0.000115832153824,0.000112080859253,0.000113018220873,0.0000908085567062,0.0000804639348644,0.000046880228183,0.0000355676638719,0.0000513250561198,0.0000598058468313,0.0000322806263284,0.0000192857787624,0.0000140240772453,0.0000109773109216,0.000016689666154,0.0000161219031725,0.0000132539562401,0.0000122011206258,0.00000665694915369,0.0000060778693296,0.00000502668717672,0.00000295428162644,0.00000280486665361,0.00000211967494579,0.0000019442620669,0.00000149860750298,0.00000120159211292,0.00000124548841995,9.54474558057e-7,8.40865652663e-7,8.93876915598e-7,8.50092760629e-7,6.49860567137e-7,4.68186499347e-7],"dvar":[0.00000948461729422,0.0000109822567538,0.00000133388630275,5.58943440865e-7,1.53816628767e-7,1.68680656998e-7,6.00934839667e-8,3.15705968035e-8,3.73486201966e-8,3.52819746752e-8,2.41784743338e-8,2.9591250339e-8,8.10826961128e-9,4.06807743047e-9,6.92037183114e-9,7.85418219351e-9,3.07654191012e-9,1.71297731555e-9,8.95552465519e-10,5.67885682923e-10,5.01766239669e-10,2.08018158254e-9,1.01235830829e-9,3.46897843784e-10,7.03922337086e-11,6.07938491215e-11,5.65659810658e-11,2.07886260289e-11,2.23926363563e-11,1.33768612506e-11,1.06249011325e-11,7.71809699485e-12,6.5847067382e-12,5.98942943852e-12,4.44388753226e-12,5.61296018345e-12,1.39334654925e-11,1.47993405725e-11,9.17582503035e-12,5.44124901386e-12],"dvar2":[0.0000245460978476,0.0000313619275403,0.00000376098068955,0.00000136248036142,4.06778269735e-7,4.2594928118e-7,1.55704810822e-7,7.92360879132e-8,9.32225816541e-8,8.57726831782e-8,6.02854086651e-8,7.89908867205e-8,1.89345570334e-8,9.96496218875e-9,1.64451936513e-8,1.93314217967e-8,6.89182444447e-9,3.68396424477e-9,1.92421301115e-9,1.33772848354e-9,1.265210825e-9,5.51021317463e-9,2.60974664101e-9,8.94953999797e-10,1.83660489594e-10,1.61402335941e-10,1.49782436454e-10,5.16959496044e-11,5.85408180265e-11,3.62430641054e-11,2.84269829898e-11,1.98093867698e-11,1.59843770164e-11,1.46085487457e-11,1.05536499678e-11,1.20025985678e-11,2.496517576e-11,3.15036226273e-11,2.00944989814e-11,1.19395552473e-11],"max":[0.0461122393608,0.0563608258963,0.0257011782378,0.0139416512102,0.00883456598967,0.0102946199477,0.00629778020084,0.00683153560385,0.0057783164084,0.00748010678217,0.00503299152479,0.00689655169845,0.00352513231337,0.00230247504078,0.00356292375363,0.00449593318626,0.00227727508172,0.001775328652,0.00128686288372,0.0013082785299,0.000945449864957,0.00179669843055,0.00172451685648,0.000699539727066,0.000285227608401,0.00032561874832,0.000194454521989,0.000172579035279,0.000307971989969,0.000102055804746,0.0000847399642225,0.0000832995283417,0.0000959005337791,0.000111873421702,0.000122339784866,0.00016015660367,0.000274001766229,0.000189549173228,0.000211073085666,0.000252904574154],"mean":[0.00101495173294,0.00199508480728,0.000898875412531,0.000804211595096,0.00046572680003,0.000400127377361,0.00019062453066,0.000126678613015,0.000123242920381,0.000135515612783,0.000111144821858,0.000102761703602,0.0000576107959205,0.0000415023387177,0.0000619060738245,0.0000710691820132,0.0000405360333389,0.0000258613690676,0.0000173639127752,0.0000134983183671,0.0000202013688977,0.0000215633681364,0.0000193561754713,0.0000176541998371,0.0000102847452581,0.00000895943594514,0.00000730921283321,0.00000457744408777,0.00000389460319639,0.00000295470567835,0.0000028460701742,0.00000212597706195,0.00000160204206168,0.00000159560511293,0.00000129638442559,0.00000120390870961,0.00000125608755752,0.00000108850667857,8.57522138631e-7,6.30118677236e-7],"median":[0.000179488415597,0.000867318594828,0.000435621535871,0.000279308005702,0.000178618487553,0.000062723949668,0.0000467254030809,0.00002743713776,0.0000201939164981,0.0000189553666132,0.0000205381893466,0.0000155454454216,0.0000124357884488,0.00000784731219028,0.00000686043267706,0.00000601648480369,0.00000498254257764,0.00000340648148267,0.00000286658678306,0.00000290872458208,0.00000211371798287,0.00000110085534288,0.00000100698332517,0.00000140077179367,0.0000012157860283,8.67898108936e-7,6.91796458341e-7,4.04958029776e-7,2.73532975825e-7,1.23827348375e-7,8.17494623107e-8,6.5797031823e-8,4.37317666524e-8,3.40281545164e-8,3.7024104671e-8,3.71989621328e-8,4.29153885761e-8,3.71822821421e-8,2.72738081009e-8,1.88624564856e-8],"min":[2.80402728824e-25,3.3685048441e-25,3.21418343648e-25,3.17178339542e-25,3.81263378026e-25,5.10489148101e-25,4.95856862993e-25,5.93442457539e-25,6.32999838327e-25,5.67433762797e-25,9.27482107284e-25,1.13637947613e-24,1.0096644531e-24,1.25883514331e-24,1.109574377e-24,1.06363318864e-24,1.59250338748e-24,1.4977901834e-24,1.44949345637e-24,1.77144494674e-24,1.59754746271e-24,1.72333863101e-24,2.41605888835e-24,2.29581834259e-24,2.40900923287e-24,2.91409064086e-24,2.65652676644e-24,2.65682890017e-24,2.95180450301e-24,2.59946096299e-24,3.04178473888e-24,3.40677864959e-24,3.55559765379e-24,3.78879637586e-24,3.48479738755e-24,3.14320838824e-24,4.28988713374e-24,3.3820774425e-24,4.39815710969e-24,4.51909185305e-24],"var":[0.00000894039385457,0.0000108504036689,0.00000195375582734,0.00000162123785685,4.92232231863e-7,5.61830859169e-7,1.42061423958e-7,6.82611158709e-8,8.01905812864e-8,8.56989714748e-8,5.91374593739e-8,1.08909055996e-7,2.49659564133e-8,1.12138556219e-8,1.91994686816e-8,2.36870736359e-8,1.03642676663e-8,6.09059913614e-9,2.86849766162e-9,1.49160772622e-9,1.31851563001e-9,7.4071939693e-9,4.17198053881e-9,1.35679234514e-9,2.68539801507e-10,2.04903496948e-10,1.80888054535e-10,7.97681226627e-11,6.83201620277e-11,3.32768812505e-11,2.84679797097e-11,2.00757032526e-11,1.60763034829e-11,1.54616545261e-11,1.1217739411e-11,1.44167846064e-11,3.92893599599e-11,3.21262599856e-11,1.87065519325e-11,1.06400426664e-11]},"melbands_crest":{"dmean":2.22155690193,"dmean2":3.66761231422,"dvar":6.5741481781,"dvar2":16.9447231293,"max":37.8308830261,"mean":11.2698297501,"median":10.7516040802,"min":1.40034270287,"var":66.453086853},"melbands_flatness_db":{"dmean":0.0171568561345,"dmean2":0.0271631423384,"dvar":0.000580060761422,"dvar2":0.0014508733293,"max":0.923968315125,"mean":0.170447781682,"median":0.154198586941,"min":0.00241310591809,"var":0.027635158971},"melbands_kurtosis":{"dmean":7.25127601624,"dmean2":11.8939800262,"dvar":742.305664062,"dvar2":1909.18688965,"max":1915.03637695,"mean":14.7302522659,"median":4.31775283813,"min":-1.6636852026,"var":1718.46081543},"melbands_skewness":{"dmean":0.553279697895,"dmean2":0.892846882343,"dvar":0.760671257973,"dvar2":1.89017999172,"max":31.0457458496,"mean":2.01452279091,"median":1.85396826267,"min":-1.0863493681,"var":4.38618564606},"melbands_spread":{"dmean":7.21622180939,"dmean2":11.9538240433,"dvar":65.9403305054,"dvar2":184.392364502,"max":201.929626465,"mean":55.9483642578,"median":26.422246933,"min":0.061205945909,"var":2996.83862305},"mfcc":{"cov":[[61769.4179688,13169.5302734,-791.712585449,2184.11181641,54.9037284851,-86.0584564209,310.839904785,261.441619873,-809.371826172,-356.303405762,-261.200805664,-205.715774536,-854.132995605],[13169.5302734,5166.19580078,88.380027771,862.051391602,441.537658691,223.808837891,287.381134033,86.4125061035,-104.202911377,58.4494056702,-50.1039581299,-23.5390167236,-124.817237854],[-791.712585449,88.380027771,741.172119141,279.884857178,224.771316528,177.137878418,68.5142974854,74.5707778931,88.552520752,49.2779197693,17.5112781525,12.3386516571,35.8357505798],[2184.11181641,862.051391602,279.884857178,496.54309082,196.105102539,102.064346313,53.7564125061,56.0655479431,30.342382431,12.0406494141,-16.1617469788,25.2864952087,-4.47354412079],[54.9037284851,441.537658691,224.771316528,196.105102539,243.213531494,102.296531677,68.9797210693,34.9487342834,49.5294761658,44.0893669128,11.1171979904,16.5077362061,7.15813684464],[-86.0584564209,223.808837891,177.137878418,102.064346313,102.296531677,154.637878418,64.8585128784,25.4516372681,25.5447120667,31.2874069214,19.1724281311,-4.97630548477,3.94600224495],[310.839904785,287.381134033,68.5142974854,53.7564125061,68.9797210693,64.8585128784,109.002212524,41.8063354492,12.6393814087,37.7033119202,15.553021431,-0.866633892059,-4.51067447662],[261.441619873,86.4125061035,74.5707778931,56.0655479431,34.9487342834,25.4516372681,41.8063354492,80.1505355835,32.6827316284,17.3434391022,12.4415187836,9.2425327301,-1.08723115921],[-809.371826172,-104.202911377,88.552520752,30.342382431,49.5294761658,25.5447120667,12.6393814087,32.6827316284,79.6586227417,41.4090766907,11.5050868988,10.3751745224,16.3297023773],[-356.303405762,58.4494056702,49.2779197693,12.0406494141,44.0893669128,31.2874069214,37.7033119202,17.3434391022,41.4090766907,101.0779953,29.7074756622,-2.26326060295,8.86505317688],[-261.200805664,-50.1039581299,17.5112781525,-16.1617469788,11.1171979904,19.1724281311,15.553021431,12.4415187836,11.5050868988,29.7074756622,50.9435386658,15.3711261749,2.83022403717],[-205.715774536,-23.5390167236,12.3386516571,25.2864952087,16.5077362061,-4.97630548477,-0.866633892059,9.2425327301,10.3751745224,-2.26326060295,15.3711261749,52.5216712952,24.5527420044],[-854.132995605,-124.817237854,35.8357505798,-4.47354412079,7.15813684464,3.94600224495,-4.51067447662,-1.08723115921,16.3297023773,8.86505317688,2.83022403717,24.5527420044,66.6375579834]],"icov":[[0.0000646844928269,-0.000158481008839,-0.0000131426222651,-0.000127705134219,0.000258962361841,0.00010717430996,0.000166912359418,-0.000293386023259,0.000318086822517,0.0000268155181402,-0.0000414429814555,-0.0000210324560612,0.000431088788901],[-0.000158481008839,0.000796246982645,0.000330752664013,-0.000337666424457,-0.0010624389397,-0.000346150598489,-0.00101108499803,0.000616639619693,0.00015877977421,-0.000441229640273,0.000489522353746,0.000138026764034,-0.000716064532753],[-0.0000131426222651,0.000330752664013,0.00271774944849,-0.00109979708213,-0.00137514946982,-0.00179979414679,0.000326131645124,-0.0010343285976,-0.000459995353594,0.000134355315822,-0.000139073497849,0.0011026263237,-0.00113030627836],[-0.000127705134219,-0.000337666424457,-0.00109979708213,0.00501988595352,-0.00200607581064,-0.00105129589792,0.00148542947136,-0.00109000434168,-0.000638740544673,-0.0000663260070723,0.00263837049715,-0.00275222351775,0.0000869516807143],[0.000258962361841,-0.0010624389397,-0.00137514946982,-0.00200607581064,0.0105604603887,-0.00144492799882,-0.00190241925884,0.00137180055026,-0.00280835456215,-0.000399543147068,0.000101597506728,-0.00254024309106,0.00245185382664],[0.00010717430996,-0.000346150598489,-0.00179979414679,-0.00105129589792,-0.00144492799882,0.0131953228265,-0.00512894801795,0.00175287283491,-0.000807430944405,0.00179202656727,-0.00524573819712,0.00468099303544,-0.000864548725076],[0.000166912359418,-0.00101108499803,0.000326131645124,0.00148542947136,-0.00190241925884,-0.00512894801795,0.0193753372878,-0.00960594043136,0.00536333909258,-0.00486544100568,0.000722810334992,-0.000580303545576,0.00134884950239],[-0.000293386023259,0.000616639619693,-0.0010343285976,-0.00109000434168,0.00137180055026,0.00175287283491,-0.00960594043136,0.0227955486625,-0.0108926072717,0.00321847898886,-0.00351014290936,-0.00132886995561,0.000227914366405],[0.000318086822517,0.00015877977421,-0.000459995353594,-0.000638740544673,-0.00280835456215,-0.000807430944405,0.00536333909258,-0.0108926072717,0.0270629394799,-0.00969952717423,0.00399736594409,-0.00266257650219,0.000583591987379],[0.0000268155181402,-0.000441229640273,0.000134355315822,-0.0000663260070723,-0.000399543147068,0.00179202656727,-0.00486544100568,0.00321847898886,-0.00969952717423,0.0186540614814,-0.0108472639695,0.00689202360809,-0.00308288261294],[-0.0000414429814555,0.000489522353746,-0.000139073497849,0.00263837049715,0.000101597506728,-0.00524573819712,0.000722810334992,-0.00351014290936,0.00399736594409,-0.0108472639695,0.0328557342291,-0.0144380098209,0.00531675480306],[-0.0000210324560612,0.000138026764034,0.0011026263237,-0.00275222351775,-0.00254024309106,0.00468099303544,-0.000580303545576,-0.00132886995561,-0.00266257650219,0.00689202360809,-0.0144380098209,0.0324202403426,-0.0124505497515],[0.000431088788901,-0.000716064532753,-0.00113030627836,0.0000869516807143,0.00245185382664,-0.000864548725076,0.00134884950239,0.000227914366405,0.000583591987379,-0.00308288261294,0.00531675480306,-0.0124505497515,0.0243160873652]],"mean":[-816.396972656,90.1982192993,5.26244544983,19.3631477356,7.18937301636,3.85514307022,4.64102172852,2.69213819504,-2.55782699585,-0.356643348932,-1.19930922985,-0.681917786598,-3.94482636452]},"pitch_salience":{"dmean":0.0500001981854,"dmean2":0.0822994560003,"dvar":0.00354721932672,"dvar2":0.00934879854321,"max":0.934324920177,"mean":0.626169264317,"median":0.657304108143,"min":0.024578826502,"var":0.0277572292835},"silence_rate_20dB":{"dmean":0,"dmean2":0,"dvar":0,"dvar2":0,"max":1,"mean":1,"median":1,"min":1,"var":0},"silence_rate_30dB":{"dmean":0.00368649628945,"dmean2":0.00737317884341,"dvar":0.00367327686399,"dvar2":0.0100971767679,"max":1,"mean":0.997702300549,"median":1,"min":0,"var":0.00229249917902},"silence_rate_60dB":{"dmean":0.00176749820821,"dmean2":0.00353508582339,"dvar":0.00176383531652,"dvar2":0.00433149700984,"max":1,"mean":0.348516613245,"median":0,"min":0,"var":0.226981475949},"spectral_centroid":{"dmean":226.982147217,"dmean2":373.126098633,"dvar":60064.7773438,"dvar2":160959.34375,"max":12237.4648438,"mean":4347.45654297,"median":1493.24462891,"min":57.7984428406,"var":21862084},"spectral_complexity":{"dmean":1.87859809399,"dmean2":2.97729969025,"dvar":7.82497406006,"dvar2":17.8524017334,"max":57,"mean":14.4513320923,"median":11,"min":0,"var":212.259155273},"spectral_contrast_coeffs":{"dmean":[0.0379328243434,0.0337199904025,0.0260509587824,0.0200671833009,0.014249805361,0.011196221225],"dmean2":[0.0623150467873,0.0561938136816,0.0428141728044,0.0326917842031,0.0230928473175,0.0181482117623],"dvar":[0.00153212831356,0.00118265708443,0.000720601878129,0.000426053098636,0.000233902683249,0.000181724099093],"dvar2":[0.00398179981858,0.00319392723031,0.00187293800991,0.00107217661571,0.000566242146306,0.000438433198724],"max":[-0.333572685719,-0.40903532505,-0.426880925894,-0.481783330441,-0.552258431911,-0.612371444702],"mean":[-0.722884476185,-0.799863219261,-0.826298892498,-0.83694434166,-0.842103242874,-0.837211310863],"median":[-0.661318540573,-0.774356663227,-0.809430658817,-0.819804310799,-0.811812400818,-0.81161659956],"min":[-0.987334728241,-0.987601935863,-0.98635071516,-0.975445210934,-0.971859097481,-0.968005657196],"var":[0.0313409715891,0.0163966547698,0.0129336612299,0.0104748494923,0.00880841910839,0.00885689817369]},"spectral_contrast_valleys":{"dmean":[0.39747607708,0.332391142845,0.279245436192,0.227335482836,0.163881078362,0.185061126947],"dmean2":[0.663531661034,0.56028175354,0.462644040585,0.369946092367,0.262871861458,0.275153905153],"dvar":[0.119865104556,0.0817431211472,0.0679203271866,0.0489951707423,0.0374757349491,0.0809258073568],"dvar2":[0.305316269398,0.208134710789,0.162936776876,0.109404340386,0.0745768547058,0.157835900784],"max":[-5.00435686111,-4.49503755569,-5.15135478973,-5.44922065735,-5.54777765274,-7.17047214508],"mean":[-13.6983890533,-13.5918588638,-14.0165462494,-14.2684631348,-14.1960515976,-15.9410505295],"median":[-7.35172843933,-7.39679813385,-8.08409690857,-8.44927310944,-8.59226322174,-11.1619062424],"min":[-29.0257396698,-28.573469162,-28.1528263092,-28.1226425171,-27.6692180634,-27.5083141327],"var":[90.7176513672,92.3466644287,86.2925338745,83.4734802246,84.299949646,63.7122383118]},"spectral_decrease":{"dmean":1.91127091931e-9,"dmean2":3.19489923406e-9,"dvar":1.77231122476e-17,"dvar2":4.7452218382e-17,"max":7.52024649693e-16,"mean":-5.60899282576e-9,"median":-4.47442083384e-9,"min":-6.41930952838e-8,"var":3.71967371946e-17},"spectral_energy":{"dmean":0.00737247476354,"dmean2":0.0123085500672,"dvar":0.000259271560935,"dvar2":0.000692993577104,"max":0.246448114514,"mean":0.0225217156112,"median":0.0178571119905,"min":9.56621938397e-21,"var":0.000585567904636},"spectral_energyband_high":{"dmean":0.000177782450919,"dmean2":0.000267788651399,"dvar":3.55286090326e-7,"dvar2":7.05236004706e-7,"max":0.0232013426721,"mean":0.000561456370633,"median":0.0000355556876457,"min":6.55535748297e-21,"var":0.00000149488732859},"spectral_energyband_low":{"dmean":0.00604335544631,"dmean2":0.010246777907,"dvar":0.000239589309786,"dvar2":0.000644302170258,"max":0.229396343231,"mean":0.00931052025408,"median":0.00442652637139,"min":2.1347388622e-24,"var":0.000251877994742},"spectral_energyband_middle_high":{"dmean":0.00107704475522,"dmean2":0.00165125890635,"dvar":0.00000491314767714,"dvar2":0.000012109774616,"max":0.0620296932757,"mean":0.00425713602453,"median":0.00109291402623,"min":1.00888034587e-21,"var":0.0000407188490499},"spectral_energyband_middle_low":{"dmean":0.00285430299118,"dmean2":0.00457122176886,"dvar":0.000025877086955,"dvar2":0.0000643523817416,"max":0.091562718153,"mean":0.00926221720874,"median":0.00535198254511,"min":1.09909314108e-22,"var":0.000121132281492},"spectral_entropy":{"dmean":0.0899124071002,"dmean2":0.136809825897,"dvar":0.0199524294585,"dvar2":0.0420561507344,"max":9.83418273926,"mean":8.10607433319,"median":7.83073472977,"min":3.46004390717,"var":1.891279459},"spectral_flux":{"dmean":0.0168643910438,"dmean2":0.0262097418308,"dvar":0.000971467292402,"dvar2":0.00191281177104,"max":0.431108117104,"mean":0.058705214411,"median":0.051767013967,"min":6.09379838257e-11,"var":0.00370549946092},"spectral_kurtosis":{"dmean":1.6357460022,"dmean2":2.82423448563,"dvar":22.0123748779,"dvar2":70.3879089355,"max":203.313491821,"mean":4.98994064331,"median":2.87287759781,"min":-1.37502610683,"var":143.038742065},"spectral_rms":{"dmean":0.000554794503842,"dmean2":0.000904984539375,"dvar":0.00000103560432763,"dvar2":0.00000268605458587,"max":0.0155060375109,"mean":0.0036182613112,"median":0.00417391583323,"min":3.05497901282e-12,"var":0.00000888104295882},"spectral_rolloff":{"dmean":369.814025879,"dmean2":623.855285645,"dvar":401851.84375,"dvar2":915359.875,"max":21834.6679688,"mean":6988.97851562,"median":1464.2578125,"min":43.06640625,"var":69729696},"spectral_skewness":{"dmean":0.169234588742,"dmean2":0.279585421085,"dvar":0.0796452611685,"dvar2":0.229750096798,"max":11.9261198044,"mean":1.27499842644,"median":1.29095363617,"min":-0.255319803953,"var":1.64880025387},"spectral_spread":{"dmean":638160.3125,"dmean2":1029171.8125,"dvar":598632497152,"dvar2":1504484655100,"max":44402132,"mean":16136495,"median":4943777,"min":463784.6875,"var":291634554077000},"spectral_strongpeak":{"dmean":0.304938971996,"dmean2":0.526623785496,"dvar":0.697090506554,"dvar2":1.85313534737,"max":16.7687416077,"mean":0.566602945328,"median":0.288417845964,"min":0,"var":1.18870639801},"zerocrossingrate":{"dmean":0.00890811253339,"dmean2":0.0129466345534,"dvar":0.000107832260255,"dvar2":0.000207592762308,"max":0.89306640625,"mean":0.199417859316,"median":0.06494140625,"min":0.001953125,"var":0.0470667518675}},"metadata":{"audio_properties":{"analysis_sample_rate":44100,"bit_rate":0,"codec":"flac","downmix":"mix","equal_loudness":0,"length":919.599975586,"lossless":true,"md5_encoded":"c560e41e508ead6d1076a771a28431a9","replay_gain":-13.1176929474,"sample_rate":44100},"tags":{"acoustid_id":["51390974-63fb-4a7c-ad8f-25520d804c38"],"album":["Black Market Music"],"album artist":["Placebo"],"albumartist":["Placebo"],"albumartistsort":["Placebo"],"artist":["Placebo"],"artistsort":["Placebo"],"asin":["B000057PEV"],"barcode":["4988006784697"],"catalognumber":["VJCP-68242"],"compilation":["1"],"composer":["Martin L. Gore","Placebo"],"date":["2000-10-04"],"disc":["1"],"discid":["BE0F990E"],"discnumber":["1"],"disctotal":["1"],"ensemble":["Placebo"],"file_name":"14. Placebo - I Feel You - Black Market Blood.flac","genre":["Alternative Rock"],"isrc":["GBAAA0000849"],"label":["Elevator Music","Hut Recordings","Virgin"],"language":["eng"],"lyricist":["Martin L. Gore","Placebo"],"media":["CD"],"mixer":["Paul Corkett"],"musicbrainz_albumartistid":["847e8284-8582-4b0e-9c26-b042a4f49e57"],"musicbrainz_albumid":["c747cb65-3c2e-4e99-b7c6-d3bfd6bde45c"],"musicbrainz_artistid":["847e8284-8582-4b0e-9c26-b042a4f49e57"],"musicbrainz_recordingid":["e521ec1d-400d-49cb-bb11-0beab2839178"],"musicbrainz_workid":["1d04c68e-33ca-31f3-a4f4-1e62d61faee4","4a1307f8-59de-41d6-83d9-793b455c4935"],"originaldate":["2000-10-04"],"performer":["Janet Cook (guest background vocals vocal)"],"producer":["Placebo"],"releasecountry":["JP"],"releasestatus":["official"],"releasetype":["album"],"replaygain_album_gain":["-9.640000 dB"],"replaygain_track_gain":["-7.640000 dB"],"replaygain_track_peak":["0.977051"],"script":["Latn"],"title":["I Feel You / Black Market Blood"],"totaldiscs":["1"],"totaltracks":["14"],"tracknumber":["14"],"tracktotal":["14"],"year":["2000"]},"version":{"essentia":"2.1-beta1","essent