{"lowlevel":{"average_loudness":0.481842070818,"barkbands":{"dmean":[0.0000188909416465,0.0012084771879,0.000604697619565,0.000285908579826,0.000564758782275,0.00120009609964,0.000323492364259,0.000432763830759,0.000357559270924,0.000185623270227,0.000225496143685,0.000173465145053,0.000302670348901,0.000198714260478,0.000249979173532,0.000402335164836,0.000151635831571,0.000244146795012,0.000104601691419,0.000077803262684,0.0000942745245993,0.0000753622225602,0.0000329792674165,0.0000277674353129,0.000010684393601,0.00000363011122317,3.49181902948e-7],"dmean2":[0.0000326187255268,0.00182607711758,0.000909549358767,0.000450164050562,0.00083146081306,0.00155864178669,0.000460300070699,0.000582251814194,0.000515301129781,0.000277413229924,0.00035308196675,0.000252062862273,0.000448116130428,0.000305579422275,0.000401599245379,0.000662768085022,0.000250581884757,0.000396552088205,0.000166147845448,0.000124263286125,0.000144103818457,0.000109024025733,0.0000484588272229,0.0000375582385459,0.000014222646314,0.00000510187965119,4.92921515161e-7],"dvar":[1.50480550243e-9,0.00000524948745806,0.00000116493515634,3.32339595843e-7,0.00000185131000308,0.0000106460029201,0.00000172506622675,0.0000027318217235,0.00000167695145592,5.24150721048e-7,3.64279912901e-7,2.41817019742e-7,6.50206914088e-7,3.11031016054e-7,6.96984329807e-7,0.00000203335321203,1.56826146736e-7,6.71341922498e-7,1.18276133776e-7,6.46755609068e-8,3.7081033355e-8,2.75991158816e-8,1.18692184969e-8,1.36859750199e-8,2.47884179849e-9,3.87325088669e-10,8.28020486378e-13],"dvar2":[4.44428271962e-9,0.0000117817735372,0.00000236823098021,8.10164067389e-7,0.00000357293197339,0.0000192288225662,0.00000359257205673,0.00000471036628369,0.00000321523771163,0.00000107362654944,8.74842783105e-7,3.63704657502e-7,0.00000130275509491,6.75176920595e-7,0.00000176349919911,0.00000562545255889,4.21153913521e-7,0.00000177243430244,2.80296376332e-7,1.49901168811e-7,8.55975272884e-8,5.50428573831e-8,2.6566182143e-8,2.18696971643e-8,4.84373652299e-9,8.48872083736e-10,1.80671178972e-12],"max":[0.000649602385238,0.0295518636703,0.0175595190376,0.0102310599759,0.0305797532201,0.0619466751814,0.0422275140882,0.0446082651615,0.0440354421735,0.0378960631788,0.0200809817761,0.0320252031088,0.0210599154234,0.0104269059375,0.0272920802236,0.0401094332337,0.0166174452752,0.0251571647823,0.0115569727495,0.0101001765579,0.00358325173147,0.00307883927599,0.00346211786382,0.0060800332576,0.00214007613249,0.0010732752271,0.000014491803995],"mean":[0.000146340462379,0.00201770011336,0.000996501883492,0.00045505160233,0.00149299472105,0.00289692054503,0.000667666608933,0.000902831263375,0.000685605569743,0.000395297975047,0.000397196563426,0.000331054936396,0.000639972859062,0.00034766070894,0.000389070773963,0.000797325512394,0.000283603963908,0.000540056382306,0.000194389082026,0.000157428425155,0.000218123183004,0.000182816700544,0.0000752976702643,0.0000647023116471,0.0000210030666494,0.00000675309502185,5.81209121719e-7],"median":[0.000159026094479,0.000271088618319,0.000400124874432,0.000157951202709,0.000271436729236,0.000207754870644,0.0000933014744078,0.0000591978860029,0.000119261225336,0.000126954371808,0.00014651233505,0.000151939311763,0.000156735928613,0.000104282764369,0.000105882056232,0.000087156688096,0.0000879396538949,0.000088415137725,0.000087340886239,0.0000692730245646,0.00010620514513,0.0000921013852349,0.0000282483852061,0.0000147558066601,0.00000345859552908,5.49495098312e-7,4.78587338648e-8],"min":[2.94104207368e-25,2.22899176594e-24,3.51418107576e-25,1.02702156238e-24,7.72154882287e-24,7.35678269574e-24,5.25984249824e-24,9.17753046297e-24,1.14732214045e-23,1.40161350429e-23,1.63490507528e-23,1.25603727061e-23,2.92956308255e-23,3.36852946642e-23,4.15243443189e-23,5.62088764737e-23,6.32886191081e-23,7.55609155888e-23,1.11422929926e-22,1.79876328666e-22,2.57896022722e-22,3.13601997213e-22,3.95327557854e-22,5.34761209341e-22,8.8849083162e-22,1.24286169053e-21,1.91038008704e-21],"var":[3.27901550357e-9,0.0000104549326352,0.00000229854731515,6.7681503424e-7,0.0000111778472274,0.0000455157278338,0.00000554073130843,0.0000117453964776,0.00000541296731171,0.00000264190430244,7.15149610642e-7,7.98742348707e-7,0.00000191983326658,6.66993116738e-7,9.95220489131e-7,0.00000605630748396,2.79530297576e-7,0.00000291926221507,1.81566278457e-7,1.10988921165e-7,9.46734388663e-8,7.27983859861e-8,3.18452890724e-8,6.02847833875e-8,6.27206553361e-9,9.80962866493e-10,1.87632244811e-12]},"barkbands_crest":{"dmean":2.74860596657,"dmean2":4.14713287354,"dvar":7.55689144135,"dvar2":14.7012939453,"max":26.1324729919,"mean":11.2161035538,"median":10.6649370193,"min":2.02114105225,"var":25.2292919159},"barkbands_flatness_db":{"dmean":0.0205856692046,"dmean2":0.0289379879832,"dvar":0.000497871369589,"dvar2":0.000825396680739,"max":0.337098300457,"mean":0.127737224102,"median":0.120716787875,"min":0.0176692716777,"var":0.00286572705954},"barkbands_kurtosis":{"dmean":2.39940977097,"dmean2":3.50948166847,"dvar":23.7218647003,"dvar2":42.1111907959,"max":142.151031494,"mean":3.99411153793,"median":0.846356987953,"min":-1.91686010361,"var":85.193107605},"barkbands_skewness":{"dmean":0.54987102747,"dmean2":0.774097084999,"dvar":0.370579063892,"dvar2":0.656174957752,"max":9.06304168701,"mean":1.31332707405,"median":1.13235092163,"min":-3.22449827194,"var":2.24161791801},"barkbands_spread":{"dmean":5.64664888382,"dmean2":8.4965057373,"dvar":43.6191711426,"dvar2":89.1608352661,"max":108.882659912,"mean":25.5827732086,"median":24.7701034546,"min":0.861564815044,"var":193.105804443},"dissonance":{"dmean":0.012075218372,"dmean2":0.0196977108717,"dvar":0.000224892908591,"dvar2":0.000616211735178,"max":0.500000119209,"mean":0.46854826808,"median":0.474990278482,"min":0.248440131545,"var":0.00065586657729},"dynamic_complexity":6.1938996315,"erbbands":{"dmean":[0.0149237485602,0.332958459854,0.799403905869,0.711873471737,1.08938658237,2.30559706688,5.51707935333,11.9679498672,3.92304801941,6.46223258972,9.95324707031,8.41064834595,6.2202501297,5.76534318924,8.41641426086,7.44106340408,12.339635849,10.2926197052,14.1792869568,17.4363708496,12.3947973251,7.98056030273,13.6285896301,6.55264186859,4.01803541183,3.34013271332,4.05248451233,3.10655808449,2.61565732956,2.09324431419,0.892636537552,0.691414892673,0.409955650568,0.150609493256,0.0745356678963,0.0243816245347,0.00474428106099,0.000853976409417,0.0000547649869986,0.00000597135567659],"dmean2":[0.0236000735313,0.501731693745,1.19420194626,1.10065674782,1.65142405033,3.31164097786,7.57196950912,15.0539951324,5.22749948502,8.89297294617,13.3609542847,12.0674209595,9.08846187592,8.41631889343,13.1969413757,10.5672006607,18.2864093781,15.5311031342,22.0504016876,28.248626709,20.2574100494,13.020318985,21.9923915863,10.4745922089,6.33389949799,5.27624511719,6.11579608917,4.77259063721,3.92670249939,2.97989487648,1.29080939293,0.96267157793,0.584253489971,0.206518217921,0.101071968675,0.034957241267,0.00652595423162,0.00117331824731,0.0000747853337089,0.00000818164517113],"dvar":[0.00109985889867,0.385797977448,1.88487279415,2.06897878647,5.69208431244,42.3550300598,240.439193726,1249.64331055,234.723327637,520.929748535,1564.93786621,841.66784668,772.364990234,264.83795166,459.473236084,426.181610107,861.335571289,641.993103027,1454.23083496,3463.04882812,1256.76477051,521.047668457,2295.58911133,240.7865448,254.292678833,112.096572876,78.6170578003,41.8888130188,27.8418903351,32.292339325,8.32419776917,8.80517482758,4.47383069992,0.521028518677,0.142835482955,0.0222191438079,0.000322097039316,0.00000615498265688,1.82505797142e-8,7.54830850602e-11],"dvar2":[0.00285704084672,0.846817851067,3.60203266144,5.21554136276,11.7843446732,79.5418624878,482.932830811,2133.65698242,429.013641357,1093.76293945,2696.70727539,1773.69018555,1525.15844727,588.675964355,1084.12731934,613.870849609,1730.09973145,1404.79052734,3421.31445312,9015.94921875,3428.02758789,1350.49316406,6024.17675781,572.520385742,552.745727539,245.226882935,176.596420288,97.620300293,62.2493171692,60.9085350037,17.3340530396,16.1189613342,8.80084037781,1.0669888258,0.269745767117,0.0464175902307,0.00069406820694,0.0000123546851682,3.79169087239e-8,1.44822875914e-10],"max":[0.516256332397,7.79860877991,23.3511638641,26.1900062561,62.3754196167,182.288375854,382.194122314,723.182678223,662.969604492,531.354553223,1238.38879395,1325.73083496,1665.95336914,693.860656738,503.107330322,1521.32434082,609.49597168,590.943908691,1122.25195312,1629.14245605,842.574584961,1024.93457031,1503.2220459,339.899871826,570.375183105,436.85043335,221.181564331,136.934143066,92.8328552246,123.060630798,108.366348267,131.420471191,108.459526062,31.8380622864,20.5981960297,8.64365577698,0.699383497238,0.064272262156,0.00227959337644,0.000149001803948],"mean":[0.0229285452515,0.561473667622,1.39853310585,1.23336386681,2.16705942154,6.03626585007,13.7410335541,28.9248504639,8.16517448425,14.0371026993,22.1319923401,17.5480937958,14.469622612,12.2935504913,15.0225381851,15.118309021,27.2924098969,20.7927188873,26.3847866058,34.0675964355,26.3687591553,17.99741745,30.3526229858,13.4331264496,8.28997135162,7.01229858398,9.18708324432,7.40209341049,6.48303794861,4.50762701035,2.10320138931,1.60036683083,0.876646757126,0.294348150492,0.141190931201,0.0451912470162,0.00908035878092,0.00155231240205,0.000104031860246,0.0000224155937758],"median":[0.00340841524303,0.105118483305,0.592583537102,0.682812869549,0.784870743752,0.971224188805,1.38971090317,2.00788855553,1.797270298,1.70733356476,2.04424929619,3.17713737488,4.75595808029,4.32137680054,5.8228597641,7.54273891449,8.63154888153,8.24396133423,7.12629461288,5.5927066803,6.07317352295,4.68241596222,4.95964813232,6.70785474777,2.93453621864,2.98033618927,3.86479616165,3.99607586861,3.16405320168,1.89446187019,0.862246692181,0.446568131447,0.149474084377,0.0496134087443,0.0215485244989,0.00450297724456,0.00077921396587,0.000108741878648,0.000020028975996,0.0000153752898768],"min":[1.00254786277e-22,4.94667031978e-22,1.49268962257e-21,2.42111786911e-21,1.02730258303e-20,2.17856722815e-20,4.73318336434e-20,6.04489826851e-20,5.93246180505e-20,1.58187086438e-19,2.93127864423e-19,3.01502499439e-19,4.06113343171e-19,5.11001628451e-19,6.49695932336e-19,1.00165130511e-18,1.70667264403e-18,1.98940452837e-18,2.37682056531e-18,2.93969319071e-18,3.68756703486e-18,4.48921134113e-18,4.92687053528e-18,5.09983937804e-18,6.00178677821e-18,8.54370949186e-18,8.024921664e-18,1.15632835143e-17,1.05153672738e-17,9.86201122233e-18,1.05732277304e-17,9.73918730907e-18,9.62514805392e-18,7.63877142019e-18,5.38273142522e-18,3.90976842691e-18,2.43392291095e-18,9.93526323545e-19,2.48867911388e-19,2.56500743108e-20],"var":[0.001607689308,0.781809866428,4.06884145737,3.53869771957,19.8604736328,247.518173218,875.760375977,5700.8046875,606.887023926,2015.49768066,7656.45263672,2698.42651367,4677.68554688,1075.08349609,934.91583252,1433.70983887,2813.796875,1358.39599609,3209.47192383,9912.42480469,3757.86889648,1407.49523926,10112.2304688,472.105621338,456.212463379,220.394775391,198.73526001,100.027107239,81.5019760132,71.5196838379,25.2023582458,31.5278606415,15.0279369354,1.29409658909,0.356101453304,0.0598768740892,0.000849185336847,0.0000179100261448,4.76637218583e-8,4.78200201659e-10]},"erbbands_crest":{"dmean":2.01798701286,"dmean2":3.08731627464,"dvar":4.44234275818,"dvar2":9.85397338867,"max":28.8926944733,"mean":8.90722560883,"median":7.52251815796,"min":2.41004133224,"var":21.2723808289},"erbbands_flatness_db":{"dmean":0.0136110596359,"dmean2":0.0195467360318,"dvar":0.000212490398553,"dvar2":0.000427213439252,"max":0.343225091696,"mean":0.16465704143,"median":0.161421686411,"min":0.0310925152153,"var":0.00180834950879},"erbbands_kurtosis":{"dmean":0.637270212173,"dmean2":0.976761937141,"dvar":1.08652436733,"dvar2":2.29778218269,"max":36.64453125,"mean":0.247105449438,"median":-0.201834321022,"min":-1.72978794575,"var":3.21075677872},"erbbands_skewness":{"dmean":0.270857572556,"dmean2":0.40015527606,"dvar":0.0783695057034,"dvar2":0.158981412649,"max":5.58901500702,"mean":0.0966307893395,"median":0.00855891034007,"min":-3.06666636467,"var":0.505919098854},"erbbands_spread":{"dmean":6.44915103912,"dmean2":9.44874000549,"dvar":45.7681274414,"dvar2":98.5322494507,"max":143.287277222,"mean":37.7033996582,"median":36.5310745239,"min":5.17440080643,"var":219.300857544},"gfcc":{"cov":[[40812.7382812,1211.20800781,-5244.75292969,1707.25354004,-2488.25488281,419.99520874,-1510.2130127,-275.362304688,-694.147521973,-143.228057861,-584.545837402,-21.0812149048,-49.6543769836],[1211.20800781,1351.34899902,-211.926971436,68.8977584839,62.8119506836,-110.000282288,172.660095215,-87.9058837891,100.148956299,-110.829421997,38.9361572266,-71.7912139893,-10.6568126678],[-5244.75292969,-211.926971436,1227.72814941,-142.712890625,429.622955322,73.3887634277,232.069869995,158.472610474,64.683265686,80.9848709106,72.9088973999,44.4182128906,-33.0450973511],[1707.25354004,68.8977584839,-142.712890625,407.239898682,38.3024940491,143.233947754,51.9058990479,18.7174110413,11.0450763702,-27.8963737488,-5.66265535355,9.45837020874,2.03591299057],[-2488.25488281,62.8119506836,429.622955322,38.3024940491,476.674346924,86.9206542969,187.945007324,95.4614715576,100.619033813,33.3089256287,42.8133621216,61.2984313965,-0.550086736679],[419.99520874,-110.000282288,73.3887634277,143.233947754,86.9206542969,276.836212158,132.236160278,80.2047042847,0.65356451273,28.7895050049,-2.029910326,-13.6609277725,-55.6112632751],[-1510.2130127,172.660095215,232.069869995,51.9058990479,187.945007324,132.236160278,303.415283203,74.530128479,67.8265914917,-5.99219799042,27.1322994232,-41.4291648865,-49.4907493591],[-275.362304688,-87.9058837891,158.472610474,18.7174110413,95.4614715576,80.2047042847,74.530128479,151.033935547,43.0832290649,46.311466217,3.15505504608,21.3479614258,-19.5071601868],[-694.147521973,100.148956299,64.683265686,11.0450763702,100.619033813,0.65356451273,67.8265914917,43.0832290649,121.641662598,21.3135147095,29.9023246765,14.7047243118,12.5262308121],[-143.228057861,-110.829421997,80.9848709106,-27.8963737488,33.3089256287,28.7895050049,-5.99219799042,46.311466217,21.3135147095,87.9821090698,21.5821781158,20.6810493469,2.2303814888],[-584.545837402,38.9361572266,72.9088973999,-5.66265535355,42.8133621216,-2.029910326,27.1322994232,3.15505504608,29.9023246765,21.5821781158,73.4569854736,23.7337150574,19.3121433258],[-21.0812149048,-71.7912139893,44.4182128906,9.45837020874,61.2984313965,-13.6609277725,-41.4291648865,21.3479614258,14.7047243118,20.6810493469,23.7337150574,121.830032349,47.9952392578],[-49.6543769836,-10.6568126678,-33.0450973511,2.03591299057,-0.550086736679,-55.6112632751,-49.4907493591,-19.5071601868,12.5262308121,2.2303814888,19.3121433258,47.9952392578,98.3968582153]],"icov":[[0.000267419003649,-0.000591134012211,0.000639194913674,-0.00073762179818,0.000744477845728,-0.000804230687208,0.00106048269663,-0.000834509381093,0.000795647501945,-0.000932897964958,0.00103813328315,-0.000680672121234,0.000266553484835],[-0.000591134012211,0.00250262254849,-0.00106385513209,0.00141636095941,-0.00189140299335,0.00266234227456,-0.00324893929064,0.00227247853763,-0.00241888477467,0.0029430789873,-0.00301858107559,0.00184467702638,-0.00016945025709],[0.000639194913674,-0.00106385513209,0.00317168235779,-0.00123128888663,0.000514811719768,-0.00138921639882,0.00171916326508,-0.00278238300234,0.00272300746292,-0.00244077993557,0.00138375686947,-0.00149578612763,0.000995483249426],[-0.00073762179818,0.00141636095941,-0.00123128888663,0.00575427664444,-0.00243658316322,-0.000342141662259,-0.00250757415779,0.00203581899405,-0.0025895293802,0.00437527010217,-0.00296999164857,0.00152347248513,-0.00174574134871],[0.000744477845728,-0.00189140299335,0.000514811719768,-0.00243658316322,0.00668491190299,-0.00270257866941,0.00140141462907,-0.00202104542404,0.000197077257326,-0.00288777030073,0.00383629999124,-0.00434294389561,0.000614087155554],[-0.000804230687208,0.00266234227456,-0.00138921639882,-0.000342141662259,-0.00270257866941,0.0106612881646,-0.00671512912959,0.000990103697404,-0.000084190563939,0.0000954241695581,-0.00328228576109,0.00191864429507,0.0019690732006],[0.00106048269663,-0.00324893929064,0.00171916326508,-0.00250757415779,0.00140141462907,-0.00671512912959,0.0128402905539,-0.00517484452575,0.00095781381242,-0.000331712886691,0.00181361776777,0.000565131020267,0.0017114992952],[-0.000834509381093,0.00227247853763,-0.00278238300234,0.00203581899405,-0.00202104542404,0.000990103697404,-0.00517484452575,0.0146616017446,-0.00581095507368,-0.00149204581976,0.000360390171409,-0.000525290088262,0.000659661483951],[0.000795647501945,-0.00241888477467,0.00272300746292,-0.0025895293802,0.000197077257326,-0.000084190563939,0.00095781381242,-0.00581095507368,0.0160783175379,-0.00558263156563,0.000309749215376,-0.00157324667089,-0.000822839909233],[-0.000932897964958,0.0029430789873,-0.00244077993557,0.00437527010217,-0.00288777030073,0.0000954241695581,-0.000331712886691,-0.00149204581976,-0.00558263156563,0.0219918936491,-0.00922694802284,0.00280046253465,-0.000829945027363],[0.00103813328315,-0.00301858107559,0.00138375686947,-0.00296999164857,0.00383629999124,-0.00328228576109,0.00181361776777,0.000360390171409,0.000309749215376,-0.00922694802284,0.0238480530679,-0.00607498316094,-0.00167453486938],[-0.000680672121234,0.00184467702638,-0.00149578612763,0.00152347248513,-0.00434294389561,0.00191864429507,0.000565131020267,-0.000525290088262,-0.00157324667089,0.00280046253465,-0.00607498316094,0.015401147306,-0.0056204944849],[0.000266553484835,-0.00016945025709,0.000995483249426,-0.00174574134871,0.000614087155554,0.0019690732006,0.0017114992952,0.000659661483951,-0.000822839909233,-0.000829945027363,-0.00167453486938,-0.0056204944849,0.0159511771053]],"mean":[-82.1835708618,88.4356613159,-135.400146484,40.3546447754,-57.4944038391,16.1165809631,-29.9670906067,-3.58196735382,-16.9557800293,-1.16869795322,-12.7578697205,0.0391823537648,-9.53718757629]},"hfc":{"dmean":3.8562643528,"dmean2":5.36358261108,"dvar":47.0163345337,"dvar2":100.383369446,"max":151.27835083,"mean":14.9226608276,"median":8.3473777771,"min":1.05714966069e-16,"var":318.692321777},"melbands":{"dmean":[0.000242219917709,0.000443256809376,0.0001327105565,0.00011136734247,0.0001789983653,0.000246336596319,0.0000600077219133,0.0000732587504899,0.0000791279890109,0.0000522794143762,0.0000305704270431,0.0000228933495237,0.0000277175950032,0.0000186469551409,0.0000215695727093,0.0000356348682544,0.0000181502091436,0.0000235260813497,0.0000169090071722,0.0000385651292163,0.0000101830264612,0.00000947501121118,0.0000148244726006,0.00000843900033942,0.00000564601668884,0.00000348167532138,0.00000292351819553,0.00000229848683375,0.00000251121173278,0.00000290425600724,0.00000165259143614,0.00000159569208336,0.00000159011517553,0.00000100978627415,5.34201603841e-7,5.74271439291e-7,3.9404849872e-7,3.22224735783e-7,2.14166988144e-7,1.10932667496e-7],"dmean2":[0.000371504662326,0.000661844620481,0.000202916970011,0.00016338689602,0.000246264884481,0.000312990596285,0.0000819944034447,0.0000998553514364,0.000106924613647,0.0000757098241593,0.0000447065212938,0.0000333481220878,0.0000439676587121,0.0000281906723103,0.000030952214729,0.0000525236682734,0.0000279013565887,0.0000366702115571,0.0000265648468485,0.0000634037132841,0.0000165805995493,0.0000157707363542,0.0000240924582613,0.0000136901016958,0.00000906443437998,0.0000054799593272,0.0000046790100896,0.0000036716962768,0.00000382162215828,0.00000454811197415,0.00000259549983639,0.00000243750446316,0.00000232059960581,0.00000147984872001,8.04934074949e-7,8.2291489889e-7,5.49524884264e-7,4.6348375804e-7,3.1402902323e-7,1.57749013852e-7],"dvar":[2.281058471e-7,5.57011844649e-7,5.93846216645e-8,7.64331673508e-8,2.03824995992e-7,4.98527242598e-7,5.25427594766e-8,5.92427689128e-8,9.2997623824e-8,3.19895043788e-8,1.87220710046e-8,4.74286521168e-9,5.73467850984e-9,2.0967263481e-9,3.79219633473e-9,1.00625090482e-8,2.38650765816e-9,3.9428398324e-9,4.16716128271e-9,2.1197427813e-8,6.21151241553e-10,7.21152859651e-10,3.02185920731e-9,6.73564259923e-10,1.7458196e-10,2.61083848985e-10,1.47758735802e-10,4.47650284896e-11,3.33874559943e-11,3.74640769796e-11,1.07004405336e-11,9.04354542641e-12,2.10018061969e-11,7.19895670853e-12,2.85218268274e-12,7.12678700776e-12,2.91209547795e-12,2.73370540614e-12,1.17848656181e-12,2.99770462359e-13],"dvar2":[5.50619404294e-7,0.00000109788015834,1.44436725691e-7,1.46767547449e-7,4.05708476592e-7,8.61436035393e-7,1.00079219578e-7,1.16712271847e-7,1.61775290053e-7,6.73971314313e-8,3.73466022552e-8,1.03963451181e-8,1.38642874958e-8,4.33954072676e-9,5.95848526075e-9,1.99369249998e-8,5.35412025826e-9,8.91330653729e-9,1.03298756216e-8,5.86032768979e-8,1.58900537173e-9,1.96664462493e-9,7.81196884958e-9,1.74424996668e-9,4.09758338371e-10,6.45777875619e-10,3.49179518633e-10,1.01607618153e-10,7.34365485089e-11,9.12778255757e-11,2.58916690171e-11,2.16007160075e-11,4.25309718e-11,1.51595107994e-11,6.43581282017e-12,1.63983583656e-11,5.31927106528e-12,5.32511838444e-12,2.57502938243e-12,6.45192558234e-13],"max":[0.00621205661446,0.0100114848465,0.00448147254065,0.00767320813611,0.0100536877289,0.0146676702425,0.00900918338448,0.00658104661852,0.0100730732083,0.00753347435966,0.00807014480233,0.00317971315235,0.00255344389006,0.00236819311976,0.00374667625874,0.00252375286072,0.00126089784317,0.00188547035214,0.00267547694966,0.00428664591163,0.000692720175721,0.00114670372568,0.00200631306507,0.000640510988887,0.000320457824273,0.000676080817357,0.000532912556082,0.000251130462857,0.000161668082001,0.00010024949006,0.0000811090358184,0.0000499066081829,0.000119570082461,0.000053965501138,0.0000606264766247,0.000112782996439,0.0000815615858301,0.0000870573567227,0.0000441593620053,0.0000270335494861],"mean":[0.000397016177885,0.000786073505878,0.000243953167228,0.000272107165074,0.000468374870252,0.000594619777985,0.00012668047566,0.000156686030095,0.000174071101355,0.00010553739412,0.0000684858241584,0.0000467318022856,0.0000484512238472,0.0000359170262527,0.0000400795797759,0.0000770693732193,0.0000319898863381,0.0000434876674262,0.0000261063996732,0.000074587042036,0.0000202504852496,0.000017123267753,0.0000316431796819,0.0000178694172064,0.0000104688742795,0.00000616311444901,0.00000543530859431,0.00000444081933892,0.00000542791212865,0.00000592206106376,0.00000365928235624,0.0000037733618683,0.00000327516136167,0.00000204155321626,0.00000115122247735,0.00000119977573831,8.38072025999e-7,6.82321683598e-7,3.81416782602e-7,2.02538672056e-7],"median":[0.0000554980397283,0.000309399329126,0.000137328141136,0.0000621183207841,0.0000512835940754,0.0000404620077461,0.0000256697785517,0.0000163897075254,0.0000155661655299,0.00001935588989,0.0000203657782549,0.0000134086312755,0.0000188635913219,0.0000173849311977,0.0000181685645657,0.0000151637468662,0.0000118826001199,0.0000100691795524,0.00000760324928706,0.0000058250911934,0.00000648431614536,0.00000486194039695,0.00000368906285075,0.00000466727760795,0.00000535055460205,0.00000177024617187,0.00000189786953797,0.00000169846248355,0.00000215740737985,0.0000026875036383,0.00000188640433407,0.00000185376597983,0.00000123784923289,8.32584873933e-7,4.36605773757e-7,3.84003243425e-7,2.03096462315e-7,1.02929249124e-7,5.15587217365e-8,2.83547656466e-8],"min":[1.04552271719e-24,4.92944536442e-25,8.89212098189e-25,1.41779199621e-24,2.19612683455e-24,1.34671543144e-24,1.14096147609e-24,1.7048076967e-24,2.42088868924e-24,1.57660005023e-24,1.88247790801e-24,1.69832562665e-24,2.19257873542e-24,2.42204831477e-24,2.19379811716e-24,2.91053228653e-24,3.23002272808e-24,2.95504908792e-24,3.4005616368e-24,3.6603402382e-24,3.52061837796e-24,3.81755863889e-24,2.90677849191e-24,3.63891872032e-24,3.24681205472e-24,3.9861299313e-24,3.98484882119e-24,4.84576349263e-24,3.41476941613e-24,6.08802023098e-24,4.94110009404e-24,4.30992735618e-24,4.51653278827e-24,5.41890328357e-24,5.34667951783e-24,6.01883200199e-24,5.08060541196e-24,5.74796832715e-24,5.99932899383e-24,5.49075904571e-24],"var":[4.04708544011e-7,0.00000121886341731,1.22746456555e-7,4.0763345055e-7,8.5201412503e-7,0.00000225917688113,1.61560834044e-7,2.37304092821e-7,4.67394272619e-7,1.06712732872e-7,1.137560659e-7,2.06139780801e-8,1.04264952228e-8,5.39046585146e-9,1.19075318494e-8,3.14924974987e-8,4.20519929989e-9,9.62913926372e-9,5.23376186834e-9,6.09724395417e-8,1.37312894388e-9,1.12632114746e-9,1.32755006987e-8,2.02694172557e-9,3.24283433439e-10,3.36030814285e-10,2.19461809836e-10,8.6485346662e-11,7.86451320733e-11,7.85635861922e-11,2.70341110609e-11,2.63420934371e-11,4.53063211947e-11,1.51516143382e-11,7.33476387266e-12,1.53922846691e-11,1.04891000399e-11,9.22376151152e-12,2.88320994683e-12,6.0253077484e-13]},"melbands_crest":{"dmean":3.51028871536,"dmean2":5.33489370346,"dvar":12.2080373764,"dvar2":24.8297138214,"max":32.8466758728,"mean":15.4705209732,"median":15.4001560211,"min":1.68195068836,"var":38.2229728699},"melbands_flatness_db":{"dmean":0.0284491367638,"dmean2":0.0395818911493,"dvar":0.00102670385968,"dvar2":0.00172032194678,"max":0.461536586285,"mean":0.181260406971,"median":0.176432877779,"min":0.0028632869944,"var":0.00609681895003},"melbands_kurtosis":{"dmean":6.53379535675,"dmean2":9.37388038635,"dvar":132.804748535,"dvar2":236.165557861,"max":253.372283936,"mean":12.6592121124,"median":5.5734872818,"min":-1.7489618063,"var":427.07913208},"melbands_skewness":{"dmean":0.791002452374,"dmean2":1.11580884457,"dvar":0.818583607674,"dvar2":1.46794009209,"max":11.0735397339,"mean":2.52323389053,"median":2.14716386795,"min":-1.48852479458,"var":3.56869459152},"melbands_spread":{"dmean":9.36590957642,"dmean2":13.8494138718,"dvar":154.620941162,"dvar2":316.708709717,"max":255.865371704,"mean":32.0367393494,"median":24.9028091431,"min":0.761240959167,"var":698.395874023},"mfcc":{"cov":[[16725.046875,428.262054443,-1035.8984375,386.912628174,-418.81338501,142.160842896,-660.071655273,-218.208374023,-317.049560547,-216.166488647,-352.997436523,-242.514389038,-345.447998047],[428.262054443,1388.0604248,-31.818145752,171.870162964,-28.5196704865,74.9139709473,8.38208770752,76.5914764404,15.2288246155,-10.614071846,49.9742393494,7.2593870163,-34.8146247864],[-1035.8984375,-31.818145752,437.716796875,-9.38608169556,83.8657455444,23.5415763855,138.759902954,53.1145706177,40.0932502747,51.9502868652,50.1919021606,47.230014801,54.1807861328],[386.912628174,171.870162964,-9.38608169556,240.670974731,70.104385376,70.135635376,14.4871797562,66.2528839111,35.3292884827,-23.0705356598,3.96795201302,10.9853687286,24.399148941],[-418.81338501,-28.5196704865,83.8657455444,70.104385376,256.547729492,41.4950027466,53.3541183472,50.0756034851,68.7381973267,-26.2365970612,24.2969646454,43.4819450378,56.6865653992],[142.160842896,74.9139709473,23.5415763855,70.135635376,41.4950027466,193.305038452,101.391685486,92.7373809814,42.2451133728,29.6294631958,35.8719406128,29.3996944427,2.92474532127],[-660.071655273,8.38208770752,138.759902954,14.4871797562,53.3541183472,101.391685486,217.634216309,96.1648406982,64.167930603,72.3777770996,43.5349464417,52.2673721313,38.8174247742],[-218.208374023,76.5914764404,53.1145706177,66.2528839111,50.0756034851,92.7373809814,96.1648406982,163.651809692,69.5992965698,24.3033256531,55.8955078125,34.2217788696,30.1731262207],[-317.049560547,15.2288246155,40.0932502747,35.3292884827,68.7381973267,42.2451133728,64.167930603,69.5992965698,115.264282227,33.2046318054,31.1463413239,42.0626068115,35.5544662476],[-216.166488647,-10.614071846,51.9502868652,-23.0705356598,-26.2365970612,29.6294631958,72.3777770996,24.3033256531,33.2046318054,136.45022583,48.1315116882,3.32534790039,-3.51514196396],[-352.997436523,49.9742393494,50.1919021606,3.96795201302,24.2969646454,35.8719406128,43.5349464417,55.8955078125,31.1463413239,48.1315116882,111.046676636,20.1953887939,11.8103866577],[-242.514389038,7.2593870163,47.230014801,10.9853687286,43.4819450378,29.3996944427,52.2673721313,34.2217788696,42.0626068115,3.32534790039,20.1953887939,110.916931152,29.2108249664],[-345.447998047,-34.8146247864,54.1807861328,24.399148941,56.6865653992,2.92474532127,38.8174247742,30.1731262207,35.5544662476,-3.51514196396,11.8103866577,29.2108249664,104.078536987]],"icov":[[0.0000893715332495,-0.00000252099721365,0.0000961730620475,-0.000141773547512,0.0000579438092245,-0.000206985350815,0.000252980506048,-0.0000272127526841,0.000116098177386,-0.000093671704235,0.00021573228878,-0.0000180292336154,0.000104510952951],[-0.00000252099721365,0.000845549919177,-0.00000245271371568,-0.000652318820357,0.000307604001136,-0.0000137462211569,-0.0000475541419291,-0.000105528204585,-0.0000509807505296,0.000253225065535,-0.000482287781779,-0.0000653028182569,0.000408874388086],[0.0000961730620475,-0.00000245271371568,0.00330895767547,0.0000198996658582,-0.0007295414689,0.000639798294287,-0.00173720810562,-0.0000404035308748,0.000854994228575,-0.000515790015925,-0.000432324188296,-0.000342407322023,-0.000534183927812],[-0.000141773547512,-0.000652318820357,0.0000198996658582,0.00629780162126,-0.00134617171716,-0.00143573887181,0.00086328049656,-0.00175486283842,-0.000490792153869,0.000445645302534,0.000903310952708,0.000486579985591,-0.0012715581106],[0.0000579438092245,0.000307604001136,-0.0007295414689,-0.00134617171716,0.00610540760681,-0.000628333946224,-0.000435225840192,0.00100261718035,-0.00300689064898,0.00265704770572,-0.00119378848467,-0.00020348081307,-0.00113592215348],[-0.000206985350815,-0.0000137462211569,0.000639798294287,-0.00143573887181,-0.000628333946224,0.00954672414809,-0.00414666952565,-0.00270723877475,0.000364102743333,0.0000191630479094,-0.00106279237662,-0.000511072692461,0.00185756606515],[0.000252980506048,-0.0000475541419291,-0.00173720810562,0.00086328049656,-0.000435225840192,-0.00414666952565,0.0115822562948,-0.00335039640777,0.000135081660119,-0.00444878172129,0.00255620805547,-0.00195687683299,-0.00140638649464],[-0.0000272127526841,-0.000105528204585,-0.0000404035308748,-0.00175486283842,0.00100261718035,-0.00270723877475,-0.00335039640777,0.0132095701993,-0.00480358116329,0.00258016423322,-0.00446322932839,0.000709461572114,-0.000707720813807],[0.000116098177386,-0.0000509807505296,0.000854994228575,-0.000490792153869,-0.00300689064898,0.000364102743333,0.000135081660119,-0.00480358116329,0.0160443037748,-0.00436369003728,0.00110218231566,-0.00322739873081,-0.0018396229716],[-0.000093671704235,0.000253225065535,-0.000515790015925,0.000445645302534,0.00265704770572,0.0000191630479094,-0.00444878172129,0.00258016423322,-0.00436369003728,0.0127419568598,-0.0051529975608,0.00206950260326,0.00132629578002],[0.00021573228878,-0.000482287781779,-0.000432324188296,0.000903310952708,-0.00119378848467,-0.00106279237662,0.00255620805547,-0.00446322932839,0.00110218231566,-0.0051529975608,0.0140949003398,-0.00125466252211,-0.000209225807339],[-0.0000180292336154,-0.0000653028182569,-0.000342407322023,0.000486579985591,-0.00020348081307,-0.000511072692461,-0.00195687683299,0.000709461572114,-0.00322739873081,0.00206950260326,-0.00125466252211,0.0117422752082,-0.00134896906093],[0.000104510952951,0.000408874388086,-0.000534183927812,-0.0012715581106,-0.00113592215348,0.00185756606515,-0.00140638649464,-0.000707720813807,-0.0018396229716,0.00132629578002,-0.000209225807339,-0.00134896906093,0.0130397193134]],"mean":[-696.307983398,105.862602234,-13.2852363586,24.6189689636,-3.46166682243,18.7266597748,-4.42362260818,5.9501581192,-2.28220438957,-2.1277692318,-0.208306103945,3.03987193108,-4.6515378952]},"pitch_salience":{"dmean":0.068812802434,"dmean2":0.106690056622,"dvar":0.00476978672668,"dvar2":0.00993958767503,"max":0.863009929657,"mean":0.516112744808,"median":0.511455535889,"min":0.146986275911,"var":0.0153942648321},"silence_rate_20dB":{"dmean":0,"dmean2":0,"dvar":0,"dvar2":0,"max":1,"mean":1,"median":1,"min":1,"var":0},"silence_rate_30dB":{"dmean":0,"dmean2":0,"dvar":0,"dvar2":0,"max":1,"mean":1,"median":1,"min":1,"var":0},"silence_rate_60dB":{"dmean":0.0655326768756,"dmean2":0.13108882308,"dvar":0.0612390749156,"dvar2":0.136476233602,"max":1,"mean":0.208557114005,"median":0,"min":0,"var":0.165066167712},"spectral_centroid":{"dmean":251.10295105,"dmean2":361.40322876,"dvar":111892.8125,"dvar2":224091.640625,"max":11829.5615234,"mean":1824.92529297,"median":1598.69311523,"min":213.356948853,"var":2517720.75},"spectral_complexity":{"dmean":2.91029548645,"dmean2":4.37034368515,"dvar":14.7564258575,"dvar2":28.5713119507,"max":59,"mean":14.7450771332,"median":14,"min":0,"var":99.8611068726},"spectral_contrast_coeffs":{"dmean":[0.0467406287789,0.0397882536054,0.0313316322863,0.028831737116,0.0213179290295,0.0160485766828],"dmean2":[0.0734792947769,0.0620466098189,0.0501911975443,0.0458174832165,0.0344617143273,0.0239036586136],"dvar":[0.00157513318118,0.00150542601477,0.000816850573756,0.000726656115148,0.000437937618699,0.000265921786195],"dvar2":[0.0037914623972,0.0033950638026,0.00203196867369,0.00165092840325,0.00100176932756,0.000506690586917],"max":[-0.262259244919,-0.367163479328,-0.476736932993,-0.495055288076,-0.572116672993,-0.573923230171],"mean":[-0.637998282909,-0.712979853153,-0.764686286449,-0.753819704056,-0.764605104923,-0.703991353512],"median":[-0.642201662064,-0.745844602585,-0.767590939999,-0.761789798737,-0.767068266869,-0.688160538673],"min":[-0.974049448967,-0.986803591251,-0.975814819336,-0.98061555624,-0.966817438602,-0.965200543404],"var":[0.0116357719526,0.013511300087,0.00537121156231,0.00586284743622,0.00417328765616,0.00538605358452]},"spectral_contrast_valleys":{"dmean":[0.453456044197,0.325039535761,0.292754590511,0.289433181286,0.251893043518,0.252974957228],"dmean2":[0.738846242428,0.533197939396,0.468289881945,0.456442713737,0.378708153963,0.338895767927],"dvar":[0.190734028816,0.141199216247,0.115417174995,0.137723043561,0.136104285717,0.148130193353],"dvar2":[0.432158887386,0.293986171484,0.213842093945,0.260725051165,0.240053102374,0.241839021444],"max":[-5.84741687775,-4.96483135223,-5.64892959595,-5.69292926788,-5.46386480331,-7.63041448593],"mean":[-8.77094268799,-8.10995292664,-8.38047218323,-8.60494995117,-8.72453975677,-11.5637454987],"median":[-8.23180389404,-7.50348854065,-7.72169828415,-7.94923400879,-8.09178447723,-11.1308364868],"min":[-28.0114650726,-28.0115032196,-27.7413463593,-27.7104873657,-27.6467285156,-27.4756355286],"var":[9.27384471893,9.84303569794,9.67671775818,9.7453622818,9.97233772278,7.63345098495]},"spectral_decrease":{"dmean":9.77483427533e-10,"dmean2":1.35770572562e-9,"dvar":1.70014680938e-18,"dvar2":3.32734290619e-18,"max":2.10821343583e-28,"mean":-3.69623265328e-9,"median":-2.53493070979e-9,"min":-2.23094751561e-8,"var":1.26763840687e-17},"spectral_energy":{"dmean":0.0039445227012,"dmean2":0.00548188993707,"dvar":0.0000278407769656,"dvar2":0.0000548820498807,"max":0.091935031116,"mean":0.0153039032593,"median":0.0104502541944,"min":9.86250513963e-21,"var":0.000217224296648},"spectral_energyband_high":{"dmean":0.000223093942623,"dmean2":0.000310338888085,"dvar":2.30188561545e-7,"dvar2":4.38786400991e-7,"max":0.0115168550983,"mean":0.000651985697914,"median":0.000336068304023,"min":6.85231007222e-21,"var":8.93631295185e-7},"spectral_energyband_low":{"dmean":0.00178840500303,"dmean2":0.00266506592743,"dvar":0.00000852268931339,"dvar2":0.0000182536259672,"max":0.0341774523258,"mean":0.00326208584011,"median":0.0014025811106,"min":9.82074397926e-24,"var":0.0000181900140888},"spectral_energyband_middle_high":{"dmean":0.00135594478343,"dmean2":0.00199971534312,"dvar":0.00000664777144266,"dvar2":0.0000153310083988,"max":0.0577173680067,"mean":0.00427076034248,"median":0.00204429682344,"min":1.20998802645e-21,"var":0.0000373916336684},"spectral_energyband_middle_low":{"dmean":0.00218976498581,"dmean2":0.00295466650277,"dvar":0.0000159136670845,"dvar2":0.0000300382034766,"max":0.0666619390249,"mean":0.00730432709679,"median":0.0021756819915,"min":1.28216074659e-22,"var":0.0000970641995082},"spectral_entropy":{"dmean":0.125405862927,"dmean2":0.181852132082,"dvar":0.023059360683,"dvar2":0.0452245920897,"max":9.82247161865,"mean":7.54723453522,"median":7.50005626678,"min":5.54789447784,"var":0.272509753704},"spectral_flux":{"dmean":0.0170743111521,"dmean2":0.0281953755766,"dvar":0.000322906154906,"dvar2":0.000806522381026,"max":0.233575716615,"mean":0.0495498403907,"median":0.0430356599391,"min":6.28576149464e-11,"var":0.00125217356253},"spectral_kurtosis":{"dmean":1.30122184753,"dmean2":2.25636720657,"dvar":2.61310744286,"dvar2":7.57387161255,"max":40.6041107178,"mean":3.4525718689,"median":2.76310801506,"min":-1.26164186001,"var":7.97621774673},"spectral_rms":{"dmean":0.000491910264827,"dmean2":0.000672092137393,"dvar":3.08923745251e-7,"dvar2":5.47552815533e-7,"max":0.00947062391788,"mean":0.00336130918004,"median":0.00319301895797,"min":3.10192778581e-12,"var":0.00000363228105016},"spectral_rolloff":{"dmean":531.94744873,"dmean2":826.923706055,"dvar":754477.5,"dvar2":1552186.125,"max":19466.015625,"mean":2101.5690918,"median":1485.79101562,"min":21.533203125,"var":8403109},"spectral_skewness":{"dmean":0.169107839465,"dmean2":0.280594080687,"dvar":0.0308132059872,"dvar2":0.080825150013,"max":4.62059020996,"mean":1.26108336449,"median":1.20177102089,"min":-0.125837415457,"var":0.220422640443},"spectral_spread":{"dmean":342414.6875,"dmean2":521284.25,"dvar":505008717824,"dvar2":953673318400,"max":42638136,"mean":4935804,"median":3952521,"min":1338063.625,"var":31050241671200},"spectral_strongpeak":{"dmean":0.472094833851,"dmean2":0.779544234276,"dvar":0.955334186554,"dvar2":2.2188346386,"max":17.1688117981,"mean":1.00668728352,"median":0.316416949034,"min":0,"var":2.35033321381},"zerocrossingrate":{"dmean":0.0118928179145,"dmean2":0.0132763702422,"dvar":0.000235375235206,"dvar2":0.000351655704435,"max":0.52978515625,"mean":0.0745017006993,"median":0.0615234375,"min":0.0029296875,"var":0.0055234041065}},"metadata":{"audio_properties":{"analysis_sample_rate":44100,"bit_rate":0,"codec":"flac","downmix":"mix","equal_loudness":0,"length":129.666671753,"lossless":true,"md5_encoded":"dfbb54f9a506bb8bd650b656d07791bd","replay_gain":-8.05334854126,"sample_rate":44100},"tags":{"acoustid_id":["f9cdec08-942e-4e7b-a44d-8f0384f83eb5"],"album":["There Are But Four Small Faces"],"albumartist":["Small Faces"],"albumartistsort":["Small Faces"],"artist":["Small Faces"],"artistsort":["Small Faces"],"barcode":["074644789522"],"bpm":["108"],"catalognumber":["AK 47895"],"date":["1991"],"discnumber":["1"],"disctotal":["1"],"file_name":"Small Faces - Show Me the Way.flac","genre":["Rock; Psychedelic; Pop"],"grouping":["Rock"],"label":["Sony Music"],"media":["CD"],"musicbrainz_albumartistid":["7771a68c-ef6a-400f-978d-64050d45a54c"],"musicbrainz_albumid":["1a5299c4-e56d-4982-aab8-eb264ab487c1"],"musicbrainz_artistid":["7771a68c-ef6a-400f-978d-64050d45a54c"],"musicbrainz_recordingid":["e5335b98-c6ac-4a39-96a4-1f1fb3e20b6b"],"musicbrainz_releasegroupid":["39fcfe80-f986-366a-a93a-10de4c1432de"],"musicbrainz_releasetrackid":["1f30ac3c-4b66-4aa9-99f9-0c7d149e1229"],"originaldate":["1967-06"],"originalyear":["1967"],"releasecountry":["US"],"releasestatus":["official"],"releasetype":["album"],"script":["Latn"],"title":["Show Me the Way"],"totaldiscs":["1"],"totaltracks":["14"],"tracknumber":["9"],"tracktotal":["14"]},"version":{"essentia":"2.1-beta2","essentia_build_sha":"70f2e5ece6736b2c40cc944ad0e695b16b925413","essentia_git_sha":"v2.1_beta2","extractor":"music 1.0"}},"rhythm":{"beats_count":229,"beats_loudness":{"dmean":0.0113639393821,"dmean2":0.0205717086792,"dvar":0.000108758016722,"dvar2":0.000308392336592,"max":0.072196893394,"mean":0.0210512857884,"median":0.0189851168543,"min":0,"var":0.000238991065999},"beats_loudness_band_ratio":{"dmean":[0.207449004054,0.130594536662,0.119643464684,0.10028090328,0.0957066193223,0.0