{"lowlevel":{"average_loudness":0.842113912106,"barkbands":{"dmean":[0.000168317215866,0.0047252047807,0.00203405926004,0.00138318398967,0.00166758010164,0.000698689895216,0.000589391565882,0.00059422472259,0.00105285469908,0.000562129367609,0.000438285118435,0.000372683629394,0.000513156177476,0.000349080160959,0.000513235805556,0.000329889589921,0.000292705692118,0.000220219895709,0.000264155154582,0.000178489004611,0.000170795654412,0.000166361074662,0.0000772375278757,0.0000778237736085,0.0000996984090307,0.000081495847553,0.0000510012541781],"dmean2":[0.000262012763415,0.00742468331009,0.00347167463042,0.00230668857694,0.00281340652145,0.00110080162995,0.000935154326726,0.000878481252585,0.00156060117297,0.000839100510348,0.000667652348056,0.000576122023631,0.000791584316175,0.000553263409529,0.000806409923825,0.000529150012881,0.000465068122139,0.000365714135114,0.000445497309556,0.00029145841836,0.000271726836218,0.000257750769379,0.000112734196591,0.000105671075289,0.00012425208115,0.000103532227513,0.0000742297706893],"dvar":[2.02358478418e-7,0.000142446879181,0.0000252127138083,0.00000747277499613,0.0000110829623736,0.00000176092657966,0.00000236535424847,0.00000221476580009,0.00000711537404641,0.00000291739729619,0.00000119717867619,0.00000111310441753,0.00000197059966922,0.00000107647588266,0.00000176089133674,5.95134679315e-7,3.14024447334e-7,2.02167768748e-7,2.76528993481e-7,1.07492155621e-7,1.18432645024e-7,1.67428765963e-7,4.88858731273e-8,3.12792920454e-8,5.89673199158e-8,4.87449440811e-8,2.55905234781e-8],"dvar2":[4.58767431155e-7,0.000335941876983,0.0000699621377862,0.0000205761170946,0.00003030730295,0.00000437133030573,0.00000594709263169,0.0000049434443099,0.0000155645102495,0.00000630556269243,0.00000274083686236,0.00000256961789091,0.00000433502918895,0.00000258555337496,0.00000404230195272,0.00000141646376051,7.387052392e-7,5.21622212091e-7,7.320320492e-7,2.73734485745e-7,2.83431148773e-7,3.87714464978e-7,1.03337981727e-7,5.44622373866e-8,9.60001855788e-8,8.07543614201e-8,5.42889182498e-8],"max":[0.00555623369291,0.142424300313,0.11093185842,0.0622398816049,0.0456355623901,0.0282945036888,0.0379210971296,0.0401936732233,0.0597567223012,0.0635642930865,0.0369517020881,0.0403857640922,0.0502112582326,0.047834996134,0.0526472553611,0.0173873081803,0.0176027249545,0.0167450699955,0.00794017594308,0.00982108060271,0.00493949605152,0.0116221867502,0.00899928808212,0.00608338648453,0.00723731238395,0.00618891231716,0.00312029989436],"mean":[0.000183822732652,0.0061432919465,0.00300445663743,0.00224027759396,0.0025686447043,0.00126753747463,0.000967659056187,0.00105438078754,0.00245521496981,0.000968287640717,0.000668367836624,0.000580381369218,0.00081074598711,0.000521764392033,0.000868892821018,0.00054601643933,0.000506881042384,0.000317506724969,0.000370421621483,0.000294650933938,0.000320186547469,0.000310079340125,0.000149363724631,0.000163160715601,0.000174519824213,0.000116767769214,0.00005330221029],"median":[0.0000432714296039,0.00277793593705,0.00127368397079,0.00126415351406,0.0014601056464,0.000660103512928,0.000390976259951,0.000294273602776,0.000454722088762,0.000216241372982,0.000243778675213,0.000194843392819,0.000293429853627,0.000190218881471,0.000317709636874,0.000219800829655,0.000249566539424,0.000138980831252,0.000153077431605,0.000140813790495,0.000162371696206,0.000135160356876,0.0000514761559316,0.0000597201797063,0.000043482737965,0.0000118168854897,0.00000137769984576],"min":[3.89552703766e-25,2.01315922506e-24,9.49289772579e-25,1.62378911794e-24,1.0346903159e-23,5.59338906062e-24,8.36856385986e-24,9.18346506356e-24,1.60504590116e-23,1.84516317002e-23,1.55933472492e-23,2.69972404019e-23,3.19160184934e-23,4.03747089228e-23,4.01381737135e-23,7.01468496003e-23,7.04548335195e-23,7.93416292959e-23,1.13949796556e-22,1.86116546592e-22,2.59503153267e-22,3.64120422392e-22,4.21330028877e-22,6.11771855636e-22,8.7113336735e-22,1.28297661809e-21,1.75411868191e-21],"var":[2.04648173963e-7,0.000159356932272,0.0000275191450783,0.00001043967859,0.0000139362355185,0.00000370951352124,0.0000042930323616,0.00000576513139094,0.0000319046885124,0.00000962712874752,0.00000220349170377,0.00000216619514504,0.00000422951370638,0.00000190364164609,0.00000382122652809,0.00000134575827815,6.6720497216e-7,3.02947626096e-7,3.47671516465e-7,1.71555711859e-7,2.16925045038e-7,2.97617134493e-7,9.42941724702e-8,9.03761900872e-8,1.42966911199e-7,9.73149667516e-8,3.28529203841e-8]},"barkbands_crest":{"dmean":2.63668370247,"dmean2":4.24974536896,"dvar":6.78838729858,"dvar2":16.7681293488,"max":26.9513454437,"mean":9.27721595764,"median":8.0777797699,"min":1.7991631031,"var":19.8254928589},"barkbands_flatness_db":{"dmean":0.0207276791334,"dmean2":0.0307947732508,"dvar":0.000417041243054,"dvar2":0.00090166029986,"max":0.674054086208,"mean":0.106143027544,"median":0.0997320860624,"min":0.00985814351588,"var":0.00272397650406},"barkbands_kurtosis":{"dmean":6.47275686264,"dmean2":10.9787664413,"dvar":25848.6464844,"dvar2":74481.5625,"max":12866.6171875,"mean":14.6591320038,"median":0.992634057999,"min":-1.91887497902,"var":58897.8828125},"barkbands_skewness":{"dmean":0.530850768089,"dmean2":0.81718981266,"dvar":1.58253121376,"dvar2":3.92264795303,"max":110.354187012,"mean":1.52323246002,"median":1.16387557983,"min":-2.62575101852,"var":12.0878486633},"barkbands_spread":{"dmean":6.77660179138,"dmean2":10.0312700272,"dvar":56.1239356995,"dvar2":121.787956238,"max":115.866729736,"mean":27.7665805817,"median":25.2023200989,"min":0.0464940704405,"var":204.790710449},"dissonance":{"dmean":0.0162813588977,"dmean2":0.0271340142936,"dvar":0.00026968473685,"dvar2":0.000724447192624,"max":0.500000059605,"mean":0.467646181583,"median":0.473654091358,"min":0.241549000144,"var":0.00061555521097},"dynamic_complexity":4.76359319687,"erbbands":{"dmean":[0.146216988564,1.11755347252,2.23523879051,3.5395617485,5.86956357956,5.34791374207,4.30902910233,6.37250423431,7.11136102676,12.3429756165,11.5271492004,26.9235725403,22.2586936951,12.6092796326,18.7849960327,16.106584549,22.8519382477,18.9860019684,24.0262756348,21.2332439423,15.6628217697,13.881146431,12.7772502899,11.8865175247,12.0352268219,8.65503883362,6.28916358948,7.96583652496,6.34174489975,3.3656244278,2.16076636314,1.71968483925,1.29101073742,1.18710970879,0.714590013027,0.375388503075,0.13543894887,0.0466744750738,0.00881522335112,0.00051975849783],"dmean2":[0.217952877283,1.90263807774,3.84528875351,5.87288951874,9.95144462585,9.02054595947,6.75145816803,10.0306081772,11.1635780334,18.7746295929,17.0774459839,39.5864181519,32.4377441406,19.4790611267,28.546131134,24.6674613953,34.8464393616,30.0386505127,37.6818809509,33.3990020752,24.8553714752,21.8517169952,21.0540733337,20.1118202209,20.1193962097,14.1992254257,10.2625131607,12.6453084946,9.82981681824,4.95548677444,3.22318863869,2.43629097939,1.70563900471,1.50938951969,0.913346707821,0.484304815531,0.175949051976,0.0632999911904,0.0129440678284,0.000785884738434],"dvar":[0.136459633708,8.4751996994,30.9029445648,52.3538246155,144.598739624,109.900489807,91.2011795044,164.043319702,339.542175293,1042.58190918,1174.24597168,4983.94189453,6093.23632812,1243.84838867,2516.7121582,2030.38049316,3963.5637207,3058.70874023,3258.38110352,4671.30615234,1363.32226562,650.225708008,628.397033691,622.42401123,525.534729004,263.464416504,167.238937378,265.415496826,216.444610596,116.893608093,35.3781776428,15.5332965851,8.91210746765,8.19699382782,3.35061240196,1.00444293022,0.141606777906,0.01819579117,0.00080203107791,0.00000298807776744],"dvar2":[0.271779000759,22.3628253937,85.2152862549,140.714569092,398.863006592,302.33102417,203.192184448,413.711853027,827.917175293,2453.18286133,2597.81542969,10660.3261719,12645.5322266,3236.08886719,5638.09277344,4699.23144531,8490.52929688,7331.39111328,7547.4921875,10528.4101562,3270.19189453,1544.31616211,1602.51818848,1641.68981934,1373.0670166,678.039916992,427.142883301,633.669799805,504.476257324,238.211288452,78.1046600342,30.8393707275,14.6345691681,13.1390571594,5.98814821243,1.75291705132,0.239633560181,0.0335137471557,0.00173241237644,0.00000672662099532],"max":[4.00345563889,35.2545433044,106.259231567,167.002029419,195.428497314,153.336776733,324.622375488,338.099731445,500.039550781,814.567260742,1155.52514648,1679.81835938,3109.11669922,1005.63861084,1942.85229492,1940.26538086,2761.66308594,2317.17919922,2098.39428711,3281.52392578,1169.39428711,628.324645996,949.053649902,471.229766846,372.884033203,429.582794189,273.576904297,242.57359314,378.332275391,484.038574219,162.043334961,108.941230774,127.64352417,86.2432403564,51.4934959412,27.521068573,10.9133310318,4.2263879776,0.548963367939,0.0329931527376],"mean":[0.182941883802,1.35374927521,3.25487279892,6.21899986267,8.57555580139,8.06143951416,7.64177274704,11.2896146774,12.476433754,21.0141563416,22.2099761963,64.974357605,44.6725959778,21.0020160675,30.1952152252,27.5032119751,37.8741226196,31.2676353455,41.2800178528,37.8138694763,29.1936416626,25.5642185211,20.1352386475,16.662815094,18.2472267151,14.014081955,11.3723134995,14.6399316788,11.9915857315,6.45994997025,4.12325239182,3.48462367058,2.63088679314,2.14483356476,1.16577553749,0.554326474667,0.188668191433,0.0591649077833,0.00896905735135,0.000528549251612],"median":[0.0605494379997,0.64048397541,1.58325386047,3.86977458,4.7801618576,4.35218429565,3.5987739563,5.87251377106,5.70752334595,7.63662242889,7.48200702667,12.2461662292,10.4978351593,8.0153799057,12.1204109192,10.9145584106,14.8867282867,13.2737588882,16.8807926178,15.1014404297,13.590555191,13.0867099762,9.81603622437,6.83942174911,8.26275444031,6.62486839294,5.64188671112,6.99415254593,5.11522006989,2.7168776989,1.4189350605,1.27126026154,0.88939499855,0.560054183006,0.257141023874,0.0712639987469,0.0178126115352,0.00350596755743,0.000224641640671,0.0000442768869107],"min":[7.15532371331e-23,6.22529848412e-22,2.06454223863e-21,4.96107388492e-21,1.35542041355e-20,2.46438252515e-20,2.93779107597e-20,5.31529071779e-20,1.29361974666e-19,2.0745362768e-19,2.89176784529e-19,3.31717132469e-19,5.11520994478e-19,6.44850308308e-19,9.99939661629e-19,1.27145466666e-18,1.86294887863e-18,2.29551264021e-18,2.22817083256e-18,3.41963227431e-18,4.51235709544e-18,5.19802488957e-18,5.43089401639e-18,5.45295285537e-18,6.69158551232e-18,9.51459288351e-18,9.52246681576e-18,1.00764263633e-17,1.20453271522e-17,1.29016021884e-17,1.1781022267e-17,1.0775541219e-17,9.95667625317e-18,8.20339746169e-18,6.35661500095e-18,4.12815196684e-18,2.40423767351e-18,9.86947962928e-19,2.50075414136e-19,2.62658860431e-20],"var":[0.169110640883,7.75914669037,30.6096019745,75.2283401489,173.366012573,139.565765381,202.405548096,296.373779297,585.103515625,2044.81298828,3319.68432617,23777.0019531,21082.3300781,2258.06811523,4793.77783203,4239.87011719,9212.61035156,5524.05078125,6853.67871094,10513.2841797,3400.00854492,1525.6776123,1050.8848877,775.416687012,739.302429199,397.24230957,264.609069824,493.218200684,418.197937012,204.730438232,67.106552124,39.7170944214,26.3097324371,21.11967659,7.0082359314,1.98114752769,0.269782394171,0.0304692592472,0.000988868298009,0.00000339050347975]},"erbbands_crest":{"dmean":2.7569565773,"dmean2":4.37391376495,"dvar":7.30955648422,"dvar2":17.0321140289,"max":31.966211319,"mean":9.22464942932,"median":7.58811473846,"min":2.06257224083,"var":27.7458057404},"erbbands_flatness_db":{"dmean":0.0175260975957,"dmean2":0.0239780899137,"dvar":0.000306140311295,"dvar2":0.000524703471456,"max":0.393146365881,"mean":0.132391378284,"median":0.129466891289,"min":0.0193833895028,"var":0.0018796910299},"erbbands_kurtosis":{"dmean":0.844060838223,"dmean2":1.31309080124,"dvar":2.03900504112,"dvar2":4.61794424057,"max":62.4347457886,"mean":0.370666265488,"median":-0.184581160545,"min":-1.85442841053,"var":4.49778556824},"erbbands_skewness":{"dmean":0.346080988646,"dmean2":0.528393924236,"dvar":0.12123337388,"dvar2":0.291108340025,"max":4.707862854,"mean":0.204024717212,"median":0.147860884666,"min":-3.53553462029,"var":0.518492043018},"erbbands_spread":{"dmean":7.88363838196,"dmean2":11.8391427994,"dvar":62.3361282349,"dvar2":129.362960815,"max":291.83190918,"mean":41.0647544861,"median":37.9917144775,"min":1.17634773254,"var":355.720611572},"gfcc":{"cov":[[32261.9785156,790.753967285,-1498.80871582,726.796020508,-856.553405762,458.391479492,-634.287109375,91.2599334717,-441.568115234,38.2024421692,-366.734008789,-145.423538208,-149.046463013],[790.753967285,1384.55480957,-314.60736084,327.312164307,63.2497634888,137.40423584,97.6153411865,33.623626709,63.1767539978,-29.2142486572,74.8968658447,-42.7150840759,52.6792182922],[-1498.80871582,-314.60736084,848.592590332,92.0418319702,308.846038818,60.8868637085,123.836296082,26.1129608154,20.2670307159,40.3227119446,34.2192726135,40.8979301453,-25.6919536591],[726.796020508,327.312164307,92.0418319702,496.577819824,140.318832397,108.628471375,41.3255805969,27.3497943878,31.5139904022,16.2632789612,30.542722702,-18.7082500458,13.3248128891],[-856.553405762,63.2497634888,308.846038818,140.318832397,386.334594727,43.8686943054,111.452194214,46.3533744812,37.8870429993,28.820684433,44.8690567017,13.2196731567,7.78563690186],[458.391479492,137.40423584,60.8868637085,108.628471375,43.8686943054,202.000549316,60.4347877502,29.7260742188,5.70083189011,9.24359607697,14.8832445145,6.5854678154,6.93970060349],[-634.287109375,97.6153411865,123.836296082,41.3255805969,111.452194214,60.4347877502,209.218948364,59.3878860474,35.7722206116,-11.4733963013,25.9218788147,3.2531042099,-1.13222777843],[91.2599334717,33.623626709,26.1129608154,27.3497943878,46.3533744812,29.7260742188,59.3878860474,121.409072876,49.6312408447,13.2878408432,-3.88282752037,-7.37567186356,5.38789224625],[-441.568115234,63.1767539978,20.2670307159,31.5139904022,37.8870429993,5.70083189011,35.7722206116,49.6312408447,115.030403137,30.8491458893,6.05133676529,-17.0364608765,18.9086723328],[38.2024421692,-29.2142486572,40.3227119446,16.2632789612,28.820684433,9.24359607697,-11.4733963013,13.2878408432,30.8491458893,85.1456222534,37.7232704163,20.2664966583,-1.20618569851],[-366.734008789,74.8968658447,34.2192726135,30.542722702,44.8690567017,14.8832445145,25.9218788147,-3.88282752037,6.05133676529,37.7232704163,116.441879272,47.5221939087,10.8584518433],[-145.423538208,-42.7150840759,40.8979301453,-18.7082500458,13.2196731567,6.5854678154,3.2531042099,-7.37567186356,-17.0364608765,20.2664966583,47.5221939087,84.8815307617,20.0274009705],[-149.046463013,52.6792182922,-25.6919536591,13.3248128891,7.78563690186,6.93970060349,-1.13222777843,5.38789224625,18.9086723328,-1.20618569851,10.8584518433,20.0274009705,85.9455871582]],"icov":[[0.0000473801192129,-0.0000151611993715,0.0000611157665844,-0.0000876354679349,0.0000593437216594,-0.000102414051071,0.000100938523246,-0.000152781096403,0.000248784112046,-0.000171225779923,0.000168161117472,-0.0000114798040158,0.0000614087402937],[-0.0000151611993715,0.0012467270717,0.000680843251757,-0.000600642117206,-0.000316176941851,-0.000494428735692,-0.000411269778851,0.00026010433794,-0.000570196832996,0.0008171251975,-0.00107014144305,0.000632580369711,-0.000322256470099],[0.0000611157665844,0.000680843251757,0.00229244749062,-0.000437674752902,-0.00145099509973,-0.000628819689155,-0.000578684150241,0.000346616114257,-0.0000385471321351,-0.000308973307256,0.000294241704978,-0.00069612020161,0.000723863311578],[-0.0000876354679349,-0.000600642117206,-0.000437674752902,0.00310851726681,-0.000844223075546,-0.00087839178741,0.00045397770009,0.000181555427844,-0.000483248906676,0.0000695697672199,-0.000580205291044,0.000920943391975,-0.000288596522296],[0.0000593437216594,-0.000316176941851,-0.00145099509973,-0.000844223075546,0.00469043618068,0.000494296604302,-0.0011504261056,-0.00085694307927,0.000501400150824,-0.00105682469439,-0.000381358666345,0.000363004481187,-0.000593947828747],[-0.000102414051071,-0.000494428735692,-0.000628819689155,-0.00087839178741,0.000494296604302,0.00674582738429,-0.00179673079401,-0.000646943226457,0.000859683263116,-0.00102731818333,0.000285759015242,-0.000497865839861,-0.000622570223641],[0.000100938523246,-0.000411269778851,-0.000578684150241,0.00045397770009,-0.0011504261056,-0.00179673079401,0.00814973842353,-0.00303415488452,-0.00129541417118,0.00346288620494,-0.00162226124667,-0.000413311179727,0.00136549281888],[-0.000152781096403,0.00026010433794,0.000346616114257,0.000181555427844,-0.00085694307927,-0.000646943226457,-0.00303415488452,0.0121837276965,-0.00475521711633,-0.000777103530709,0.00137378496584,-0.000422443292337,-0.0000626591281616],[0.000248784112046,-0.000570196832996,-0.0000385471321351,-0.000483248906676,0.000501400150824,0.000859683263116,-0.00129541417118,-0.00475521711633,0.0155033059418,-0.00714272493497,0.00107930868398,0.00463268347085,-0.00371643994004],[-0.000171225779923,0.0008171251975,-0.000308973307256,0.0000695697672199,-0.00105682469439,-0.00102731818333,0.00346288620494,-0.000777103530709,-0.00714272493497,0.019360980019,-0.00622802227736,-0.00287370360456,0.00267175654881],[0.000168161117472,-0.00107014144305,0.000294241704978,-0.000580205291044,-0.000381358666345,0.000285759015242,-0.00162226124667,0.00137378496584,0.00107930868398,-0.00622802227736,0.0152684077621,-0.00725595001131,0.00046636920888],[-0.0000114798040158,0.000632580369711,-0.00069612020161,0.000920943391975,0.000363004481187,-0.000497865839861,-0.000413311179727,-0.000422443292337,0.00463268347085,-0.00287370360456,-0.00725595001131,0.0195378977805,-0.0054257940501],[0.0000614087402937,-0.000322256470099,0.000723863311578,-0.000288596522296,-0.000593947828747,-0.000622570223641,0.00136549281888,-0.0000626591281616,-0.00371643994004,0.00267175654881,0.00046636920888,-0.0054257940501,0.0143869677559]],"mean":[-12.9278497696,68.8626480103,-111.064239502,28.9765777588,-52.3977165222,15.3996543884,-34.7365341187,6.7679848671,-23.0805549622,4.61858701706,-20.8006153107,-1.66949999332,-10.9461145401]},"hfc":{"dmean":9.06338596344,"dmean2":12.0830192566,"dvar":219.875579834,"dvar2":375.613464355,"max":291.319274902,"mean":26.4338207245,"median":19.4852218628,"min":1.08667438373e-16,"var":740.656311035},"melbands":{"dmean":[0.00128937559202,0.00124230771326,0.000655527517665,0.000414407404605,0.000155017449288,0.000140087358886,0.000112001340312,0.00013576130732,0.000098027412605,0.000176109169843,0.000107134539576,0.0000493976403959,0.0000597828548052,0.0000473205218441,0.0000444361721748,0.0000505509342474,0.000037061949115,0.0000380991696147,0.0000326269946527,0.0000292939130304,0.0000184526834346,0.0000159711071319,0.0000146655784192,0.0000103564725578,0.0000100030511021,0.0000105929375422,0.00000699337851984,0.00000590188210481,0.00000426679434895,0.00000388665057471,0.00000539997563465,0.0000042412007133,0.00000268701433015,0.00000171936494553,0.00000130058231207,0.00000113849966965,0.00000108273661681,9.72304746938e-7,9.19192927995e-7,0.00000108383778752],"dmean2":[0.00194912357256,0.00211604242213,0.00108548777644,0.000707373721525,0.000244258990278,0.000219889217988,0.000176482732059,0.000204744865187,0.000144022880704,0.000259294232819,0.0001560390956,0.0000769466205384,0.0000910990784178,0.0000727303849999,0.0000682996105752,0.0000780471309554,0.0000589713381487,0.0000598648111918,0.0000514083621965,0.0000469408369099,0.0000295611062029,0.0000252899608313,0.0000234511426243,0.0000176423218363,0.0000169782433659,0.0000178349055204,0.0000114387858048,0.00000984288544714,0.00000708668812877,0.00000615737371845,0.00000876619833434,0.00000670202280162,0.00000410049460697,0.00000255274608207,0.00000197234180632,0.00000172745524196,0.00000154422207288,0.0000013566849475,0.00000122177027606,0.00000141880479987],"dvar":[0.0000104582713902,0.00000898426606,0.00000152671282194,7.3854977245e-7,9.84945174309e-8,7.75944783982e-8,7.90440140008e-8,1.12852688972e-7,8.68706990786e-8,2.03882095207e-7,1.44223818666e-7,2.14936868304e-8,2.37131398961e-8,1.8086502962e-8,1.47474032985e-8,2.05053538593e-8,1.28372352748e-8,8.95250451549e-9,9.37971034176e-9,5.45622569348e-9,2.17141415959e-9,9.93741866573e-10,8.53898396436e-10,5.27960619667e-10,4.47507336743e-10,4.31720353911e-10,1.68395727917e-10,1.26653035282e-10,7.29054941417e-11,6.07107072947e-11,1.32662783536e-10,9.3134437662e-11,7.07775782427e-11,3.30356783595e-11,1.30131738718e-11,8.62905059906e-12,5.65955398865e-12,5.00270007711e-12,5.18661806212e-12,6.91894328289e-12],"dvar2":[0.0000226978991122,0.0000240919034695,0.0000041202479224,0.00000204864795705,2.25385662134e-7,1.950846098e-7,1.95975232486e-7,2.62937732032e-7,1.90080697848e-7,4.39758309767e-7,3.00331407743e-7,5.59209425433e-8,5.36657367434e-8,4.14055740805e-8,3.26887032998e-8,4.55129161026e-8,3.07622052276e-8,2.07378718642e-8,2.16075566328e-8,1.24623324993e-8,5.27124210947e-9,2.3574779906e-9,2.00206384804e-9,1.38927314097e-9,1.17222354046e-9,1.12035158928e-9,4.26771340489e-10,3.30860783215e-10,1.90160512337e-10,1.4666813597e-10,3.33781280393e-10,2.21280410662e-10,1.54998111568e-10,6.82766829185e-11,2.88761688172e-11,1.96676633313e-11,1.0888471548e-11,8.95168661419e-12,8.88775424784e-12,1.14412880212e-11],"max":[0.034524384886,0.0418761596084,0.024837013334,0.0126244071871,0.00859694834799,0.00720712915063,0.00661483081058,0.00761568220332,0.00965683534741,0.0115352738649,0.0150015708059,0.00413741823286,0.0050741112791,0.00510732503608,0.0037919934839,0.00439642043784,0.00538172014058,0.00286263087764,0.00435761781409,0.00270548812114,0.00151914171875,0.00100021425169,0.0012021609582,0.000480368151329,0.000459323549876,0.000525275419932,0.000386685453122,0.000255847640801,0.000176848712726,0.000127838007757,0.000165239805938,0.000322380656144,0.000344923435478,0.000312058109557,0.000106044317363,0.0000456637862953,0.0000748203528929,0.0000884162509465,0.0000902197425603,0.0000771845952841],"mean":[0.00166853051633,0.00177992554381,0.00115493114572,0.000617707439233,0.000283588626189,0.000251163408393,0.000193922460312,0.00023064983543,0.000180110888323,0.000427411374403,0.000206657903618,0.000076143143815,0.0000926628199522,0.0000772025960032,0.0000713392873877,0.0000795606683823,0.0000549497090105,0.0000620489008725,0.0000555492879357,0.0000472062347399,0.0000319334576488,0.00002738495823,0.0000235479892581,0.0000139536787174,0.0000130879889184,0.0000145298163261,0.0000109891389002,0.00000892344542081,0.00000704945205143,0.0000070867768045,0.00000907673438633,0.00000749238824937,0.00000468352800453,0.00000311521739604,0.00000234548178923,0.00000210701887227,0.00000213313660424,0.00000188757178421,0.00000169299562458,0.00000186895340448],"median":[0.000692238798365,0.000979229225777,0.000772082421463,0.000352682109224,0.000145402053022,0.000130349522806,0.0000857163249748,0.0000800972629804,0.0000482362374896,0.00007399309834,0.0000433818568126,0.0000238600587181,0.0000349247056874,0.0000285747937596,0.000027657370083,0.0000282018336293,0.0000190910359379,0.0000238951251958,0.0000206234071811,0.0000182265903277,0.0000136239423227,0.0000131206343212,0.0000111452245619,0.00000584124973102,0.00000495153381053,0.00000573150191485,0.00000511455618835,0.00000390342665924,0.00000324164898302,0.00000349042875314,0.00000379836228603,0.0000030153141779,0.00000183279030352,0.0000011768506738,7.67564984017e-7,6.85456711835e-7,7.65321487961e-7,6.29856003798e-7,4.69856701102e-7,4.58768852241e-7],"min":[1.35647807818e-24,1.55699843446e-24,9.93032011166e-25,2.23406966359e-24,1.1579252396e-24,1.11296608446e-24,2.16011730638e-24,2.26585405275e-24,2.2412972072e-24,2.34834484318e-24,2.43297758818e-24,1.94128867178e-24,2.4808817583e-24,2.87698321552e-24,3.46021529845e-24,2.98529026793e-24,3.83708531288e-24,2.92558749969e-24,2.87197079333e-24,3.36864826888e-24,4.74055745244e-24,4.24492363987e-24,4.43199687594e-24,4.65186660973e-24,4.27685199614e-24,4.2467814073e-24,5.16226592629e-24,5.90693642132e-24,4.74352988033e-24,5.52214584897e-24,5.36630124955e-24,6.32656940213e-24,5.44060760809e-24,6.64895594928e-24,5.91645442257e-24,6.19235379101e-24,5.98592072503e-24,5.83461523125e-24,6.71569752617e-24,5.194225837e-24],"var":[0.0000126251834445,0.00000894882759894,0.00000225515032071,8.50102139793e-7,2.15042661011e-7,1.46459683492e-7,1.36993833166e-7,2.21728910788e-7,2.47323413305e-7,0.00000103223828773,4.92676520025e-7,3.77723665679e-8,4.35179252634e-8,3.41648380697e-8,3.08979970498e-8,4.07400584379e-8,2.24392771031e-8,1.75689613968e-8,1.98395326834e-8,1.18726113385e-8,4.90919305207e-9,2.18956230924e-9,1.64914437661e-9,6.67336241822e-10,5.56255208561e-10,5.7584120805e-10,2.58907811856e-10,1.80102363578e-10,1.10485981475e-10,1.06100808694e-10,2.19444518113e-10,1.7689104348e-10,1.14097085946e-10,5.48992309946e-11,2.36121816544e-11,1.67140849772e-11,1.50475049088e-11,1.37512683532e-11,1.31242690327e-11,1.68502069936e-11]},"melbands_crest":{"dmean":3.22197437286,"dmean2":5.1846075058,"dvar":8.78587722778,"dvar2":21.261472702,"max":39.9852561951,"mean":13.4544372559,"median":12.3767986298,"min":1.60438632965,"var":30.3238220215},"melbands_flatness_db":{"dmean":0.0254736822098,"dmean2":0.0385039336979,"dvar":0.000699643802363,"dvar2":0.00154062511865,"max":0.687272131443,"mean":0.169629409909,"median":0.164451956749,"min":0.00340837379918,"var":0.00368162384257},"melbands_kurtosis":{"dmean":18.5774497986,"dmean2":28.2753810883,"dvar":180118.484375,"dvar2":241184.484375,"max":45876.9023438,"mean":46.7186279297,"median":5.86302804947,"min":-1.74452805519,"var":840225.8125},"melbands_skewness":{"dmean":0.770693659782,"dmean2":1.17111229897,"dvar":3.77948379517,"dvar2":5.72183990479,"max":197.893417358,"mean":2.74239516258,"median":2.15699481964,"min":-1.92809343338,"var":31.3193569183},"melbands_spread":{"dmean":8.21613693237,"dmean2":12.6963005066,"dvar":104.551200867,"dvar2":233.446456909,"max":216.857910156,"mean":28.4211425781,"median":24.7718734741,"min":0.014617738314,"var":359.746704102},"mfcc":{"cov":[[16350.8955078,1015.81286621,-88.0078811646,437.594970703,129.834701538,235.236923218,-12.638127327,-23.8859634399,126.934120178,-11.7521781921,37.9186592102,-16.3437480927,-63.0804100037],[1015.81286621,1085.93225098,-85.028968811,160.33164978,69.2837142944,103.643997192,80.8502578735,73.739730835,40.9068031311,27.232585907,44.4485778809,35.6849746704,22.2085933685],[-88.0078811646,-85.028968811,395.180969238,80.1754989624,88.3730773926,91.0676269531,74.4785461426,38.1601829529,22.6986885071,13.4447965622,15.5043334961,31.1074962616,19.4729557037],[437.594970703,160.33164978,80.1754989624,372.939300537,156.670928955,98.2097320557,83.6642227173,51.6167945862,43.084022522,49.6367073059,25.5262508392,34.6509399414,31.0423946381],[129.834701538,69.2837142944,88.3730773926,156.670928955,244.134643555,83.2943267822,66.6884841919,18.1175498962,40.903301239,37.7758636475,11.6278982162,30.4147205353,31.3228988647],[235.236923218,103.643997192,91.0676269531,98.2097320557,83.2943267822,172.243621826,84.9010467529,45.7497711182,17.7557086945,17.5840263367,19.3622341156,27.8607807159,7.91649532318],[-12.638127327,80.8502578735,74.4785461426,83.6642227173,66.6884841919,84.9010467529,171.425949097,81.479888916,16.011598587,18.9304447174,25.2589817047,26.0678253174,21.6147441864],[-23.8859634399,73.739730835,38.1601829529,51.6167945862,18.1175498962,45.7497711182,81.479888916,128.694473267,40.2856712341,31.9400558472,22.162027359,3.95443511009,5.11237668991],[126.934120178,40.9068031311,22.6986885071,43.084022522,40.903301239,17.7557086945,16.011598587,40.2856712341,135.107452393,51.2506942749,12.858382225,-2.0395617485,-11.5038299561],[-11.7521781921,27.232585907,13.4447965622,49.6367073059,37.7758636475,17.5840263367,18.9304447174,31.9400558472,51.2506942749,99.7335891724,34.3097572327,7.18071699142,-2.77368664742],[37.9186592102,44.4485778809,15.5043334961,25.5262508392,11.6278982162,19.3622341156,25.2589817047,22.162027359,12.858382225,34.3097572327,91.5921096802,34.6599349976,8.77201938629],[-16.3437480927,35.6849746704,31.1074962616,34.6509399414,30.4147205353,27.8607807159,26.0678253174,3.95443511009,-2.0395617485,7.18071699142,34.6599349976,80.1954956055,38.6525726318],[-63.0804100037,22.2085933685,19.4729557037,31.0423946381,31.3228988647,7.91649532318,21.6147441864,5.11237668991,-11.5038299561,-2.77368664742,8.77201938629,38.6525726318,84.0373153687]],"icov":[[0.0000688372674631,-0.0000539624015801,0.0000142946582855,-0.0000770309488871,0.0000214869178308,-0.0000878454957274,0.0000534328719368,0.0000706887949491,-0.0000711020620656,0.0000834460443002,-0.0000461039562651,0.0000560920670978,0.0000453307839052],[-0.0000539624015801,0.0011583812302,0.000508109049406,-0.000281950080534,-0.0000206921395147,-0.000495479500387,-0.000104314931377,-0.00040490491665,-0.000146174672409,0.000170971252373,-0.000266791204922,-0.000199761256226,-0.000149009589222],[0.0000142946582855,0.000508109049406,0.003273752518,-0.000162055584951,-0.000555354810786,-0.00127383472864,-0.00048910069745,-0.000303571927361,-0.000329490751028,0.000361639802577,-0.0000869596769917,-0.000537444604561,-0.000127910243464],[-0.0000770309488871,-0.000281950080534,-0.000162055584951,0.00426338659599,-0.00195077783428,-0.000660774006974,-0.000343355088262,-0.000543273112271,0.0000189009224414,-0.000992398592643,0.000147999628098,-0.000283156667138,-0.000525268609636],[0.0000214869178308,-0.0000206921395147,-0.000555354810786,-0.00195077783428,0.00689890189096,-0.00156467827037,-0.0013006211957,0.00204141740687,-0.00135370041244,-0.001324025332,0.000877879792824,-0.000221516718739,-0.00156154844444],[-0.0000878454957274,-0.000495479500387,-0.00127383472864,-0.000660774006974,-0.00156467827037,0.00974454451352,-0.00277319294401,-0.000820282788482,0.000479133537738,0.000173549924511,0.000173624735908,-0.00188820832409,0.00195433758199],[0.0000534328719368,-0.000104314931377,-0.00048910069745,-0.000343355088262,-0.0013006211957,-0.00277319294401,0.0110598420724,-0.00581472786143,0.00105275493115,0.000764337310102,-0.000746339559555,-0.000773294479586,-0.000834127597045],[0.0000706887949491,-0.00040490491665,-0.000303571927361,-0.000543273112271,0.00204141740687,-0.000820282788482,-0.00581472786143,0.0134933274239,-0.00283396593295,-0.00177635427099,-0.00109557132237,0.00231227674522,-0.000973551534116],[-0.0000711020620656,-0.000146174672409,-0.000329490751028,0.0000189009224414,-0.00135370041244,0.000479133537738,0.00105275493115,-0.00283396593295,0.0103293349966,-0.00427537830546,0.000658239703625,-0.000134929287015,0.00168189906981],[0.0000834460443002,0.000170971252373,0.000361639802577,-0.000992398592643,-0.001324025332,0.000173549924511,0.000764337310102,-0.00177635427099,-0.00427537830546,0.0152228819206,-0.00505294883624,0.000868777511641,0.000733890803531],[-0.0000461039562651,-0.000266791204922,-0.0000869596769917,0.000147999628098,0.000877879792824,0.000173624735908,-0.000746339559555,-0.00109557132237,0.000658239703625,-0.00505294883624,0.0156805645674,-0.0070141935721,0.00142912659794],[0.0000560920670978,-0.000199761256226,-0.000537444604561,-0.000283156667138,-0.000221516718739,-0.00188820832409,-0.000773294479586,0.00231227674522,-0.000134929287015,0.000868777511641,-0.0070141935721,0.0206352006644,-0.00810601003468],[0.0000453307839052,-0.000149009589222,-0.000127910243464,-0.000525268609636,-0.00156154844444,0.00195433758199,-0.000834127597045,-0.000973551534116,0.00168189906981,0.000733890803531,0.00142912659794,-0.00810601003468,0.0167018454522]],"mean":[-648.286682129,101.575798035,-0.918432116508,19.0276203156,4.54186582565,9.01591205597,-0.168010249734,-0.260785907507,4.34543466568,-0.46966791153,0.439688444138,-1.49318647385,-3.1917681694]},"pitch_salience":{"dmean":0.0677522644401,"dmean2":0.108910925686,"dvar":0.00386563758366,"dvar2":0.00965654384345,"max":0.902033209801,"mean":0.541530311108,"median":0.55393999815,"min":0.00325596448965,"var":0.0137162059546},"silence_rate_20dB":{"dmean":0,"dmean2":0,"dvar":0,"dvar2":0,"max":1,"mean":1,"median":1,"min":1,"var":0},"silence_rate_30dB":{"dmean":0.0137355895713,"dmean2":0.0274734254926,"dvar":0.0135455420241,"dvar2":0.0357165746391,"max":1,"mean":0.990189671516,"median":1,"min":0,"var":0.00971570983529},"silence_rate_60dB":{"dmean":0.0122639192268,"dmean2":0.0245298445225,"dvar":0.0121143553406,"dvar2":0.0288310311735,"max":1,"mean":0.124509483576,"median":0,"min":0,"var":0.109006680548},"spectral_centroid":{"dmean":289.528747559,"dmean2":450.077880859,"dvar":109185.820312,"dvar2":249704.328125,"max":11515.7363281,"mean":1597.62219238,"median":1478.67895508,"min":217.780792236,"var":854981.625},"spectral_complexity":{"dmean":4.10432529449,"dmean2":6.10449695587,"dvar":28.5244789124,"dvar2":55.8214187622,"max":60,"mean":19.9059028625,"median":19,"min":0,"var":138.241455078},"spectral_contrast_coeffs":{"dmean":[0.0522984676063,0.0460484288633,0.0390968546271,0.0323669202626,0.0219237469137,0.0176832657307],"dmean2":[0.0843382328749,0.0744746699929,0.0613883771002,0.0514765381813,0.0359143950045,0.0280765928328],"dvar":[0.00207901233807,0.00148779933807,0.00106855854392,0.000742218107916,0.000362639693776,0.00025494483998],"dvar2":[0.0051576490514,0.00378402019851,0.00248272670433,0.00176072877366,0.000904303160496,0.000601320818532],"max":[-0.263610452414,-0.372030347586,-0.402541786432,-0.495796620846,-0.579785227776,-0.557294845581],"mean":[-0.65529102087,-0.719847500324,-0.731758594513,-0.757255256176,-0.793985366821,-0.756051957607],"median":[-0.662775754929,-0.723642349243,-0.74340236187,-0.761189103127,-0.796954274178,-0.751941084862],"min":[-0.983636617661,-0.977397203445,-0.973573744297,-0.973787903786,-0.967613697052,-0.964096486568],"var":[0.00929296761751,0.00690086884424,0.0076635084115,0.00448602391407,0.00239249295555,0.00210079899989]},"spectral_contrast_valleys":{"dmean":[0.460324019194,0.344849526882,0.307091444731,0.286894440651,0.291065394878,0.279889971018],"dmean2":[0.689986467361,0.554538905621,0.484077841043,0.442694336176,0.42537561059,0.349525004625],"dvar":[0.231132984161,0.114123359323,0.0899768397212,0.102120794356,0.143428996205,0.133378505707],"dvar2":[0.410144656897,0.237951025367,0.180953830481,0.193986132741,0.27461796999,0.213421925902],"max":[-5.09262371063,-5.04647874832,-5.49730825424,-5.65389156342,-5.27121162415,-7.46548080444],"mean":[-7.66024446487,-7.3880944252,-7.82863473892,-7.98294830322,-7.76605367661,-10.1371583939],"median":[-6.91217565536,-6.9247751236,-7.34014129639,-7.49947690964,-7.34685897827,-9.76731967926],"min":[-28.0234680176,-27.8852100372,-27.8008537292,-27.6087188721,-27.4940052032,-27.4159889221],"var":[5.47565937042,4.71703052521,4.57870388031,4.51621055603,4.55531787872,4.14710855484]},"spectral_decrease":{"dmean":2.5241140289e-9,"dmean2":3.788016123e-9,"dvar":1.64803527865e-17,"dvar2":3.65608073571e-17,"max":1.96650098274e-28,"mean":-6.68452848629e-9,"median":-5.35072874897e-9,"min":-4.68632208594e-8,"var":3.63282306387e-17},"spectral_energy":{"dmean":0.0100685441867,"dmean2":0.0149421263486,"dvar":0.000250649085501,"dvar2":0.000547818490304,"max":0.195246830583,"mean":0.0276265684515,"median":0.0222002603114,"min":9.97007820114e-21,"var":0.000589315372054},"spectral_energyband_high":{"dmean":0.000658927601762,"dmean2":0.000876891077496,"dvar":0.00000180492259005,"dvar2":0.00000313940427077,"max":0.0257862750441,"mean":0.00144019164145,"median":0.000681106408592,"min":6.96665890618e-21,"var":0.00000478947731608},"spectral_energyband_low":{"dmean":0.00636991811916,"dmean2":0.00985970254987,"dvar":0.000198149951757,"dvar2":0.000452187756309,"max":0.16078491509,"mean":0.0105710541829,"median":0.00626974087209,"min":1.54358937679e-23,"var":0.000275701342616},"spectral_energyband_middle_high":{"dmean":0.00211902498268,"dmean2":0.00319211906753,"dvar":0.00000984102371149,"dvar2":0.0000218202512769,"max":0.0594824403524,"mean":0.00588362524286,"median":0.00422524288297,"min":1.13131377979e-21,"var":0.0000374592236767},"spectral_energyband_middle_low":{"dmean":0.00422096205875,"dmean2":0.00663829455152,"dvar":0.000037889010855,"dvar2":0.0000963808051893,"max":0.0981526374817,"mean":0.0111781954765,"median":0.00877068191767,"min":9.24169987999e-23,"var":0.000105830520624},"spectral_entropy":{"dmean":0.137921541929,"dmean2":0.194731459022,"dvar":0.0226649176329,"dvar2":0.0410919673741,"max":9.82225799561,"mean":7.78332853317,"median":7.78878307343,"min":5.71012401581,"var":0.154672637582},"spectral_flux":{"dmean":0.0245568919927,"dmean2":0.0380850806832,"dvar":0.00105103023816,"dvar2":0.00229800771922,"max":0.354846000671,"mean":0.0814275965095,"median":0.0721304267645,"min":6.34148844547e-11,"var":0.00293356669135},"spectral_kurtosis":{"dmean":0.873670935631,"dmean2":1.44104886055,"dvar":1.03069591522,"dvar2":2.68278217316,"max":21.6455993652,"mean":3.4202504158,"median":3.16449832916,"min":-1.26641392708,"var":3.26157307625},"spectral_rms":{"dmean":0.000826418690849,"dmean2":0.00119202176575,"dvar":0.00000112334544156,"dvar2":0.00000227996679314,"max":0.0138016203418,"mean":0.00462621031329,"median":0.00465390086174,"min":3.11879883898e-12,"var":0.00000555100541533},"spectral_rolloff":{"dmean":661.621398926,"dmean2":1036.36413574,"dvar":1035446.375,"dvar2":2013817.125,"max":19509.0820312,"mean":1917.74365234,"median":1421.19140625,"min":21.533203125,"var":4315829},"spectral_skewness":{"dmean":0.16046474874,"dmean2":0.253683775663,"dvar":0.0283916182816,"dvar2":0.0687140375376,"max":3.66346144676,"mean":1.41406548023,"median":1.39254462719,"min":-0.0753307119012,"var":0.117972895503},"spectral_spread":{"dmean":546394.875,"dmean2":739903.4375,"dvar":526346551296,"dvar2":907781275648,"max":43334064,"mean":5511159.5,"median":4987402.5,"min":1532437.375,"var":9932445319170},"spectral_strongpeak":{"dmean":0.582170963287,"dmean2":0.988021552563,"dvar":1.19647526741,"dvar2":2.92218327522,"max":15.3393592834,"mean":1.02878332138,"median":0.388960897923,"min":0,"var":2.28967952728},"zerocrossingrate":{"dmean":0.0139245390892,"dmean2":0.0154762398452,"dvar":0.00026554314536,"dvar2":0.000282926193904,"max":0.52880859375,"mean":0.0782120600343,"median":0.06640625,"min":0,"var":0.00278400396928}},"metadata":{"audio_properties":{"analysis_sample_rate":44100,"bit_rate":320000,"codec":"mp3","downmix":"mix","equal_loudness":0,"length":284.003265381,"lossless":false,"md5_encoded":"17186ec7e7663ab52b5904104e841d55","replay_gain":-9.36664962769,"sample_rate":44100},"tags":{"album":["Twenty 1"],"artist":["Chicago"],"asin":["B000002LN2"],"bpm":["58"],"composer":["Chicago"],"date":["1991"],"file_name":"copy8470060005945017213.mp3","genre":["Blues"," Blues"],"initialkey":["F"],"language":["eng"],"musicbrainz_albumid":["bf224992-e94e-47ae-a723-4a7f6759165b"],"musicbrainz_artistid":["a6825a24-05b5-4a6f-b9e6-965e30e84534"],"musicbrainz_recordingid":["e5758223-b0cb-4b8a-ab60-437bbb941ea0"],"title":["One From the Heart"]},"version":{"essentia":"2.1-beta2","essentia_build_sha":"cead25079874084f62182a551b7393616cd33d87","essentia_git_sha":"v2.1_beta2-1-ge3940c0","extractor":"music 1.0"}},"rhythm":{"beats_count":549,"beats_loudness":{"dmean":0.0235666930676,"dmean2":0.0430128239095,"dvar":0.000423920428148,"dvar2":0.00127529166639,"max":0.136521458626,"mean":0.0482046641409,"median":0.0476598329842,"min":0,"var":0.000786893360782},"beats_loudness_band_ratio":{"dmean":[0.326878726482,0.083946056664,0.119899526238,0.0746326074004,0.0734133422375,0.166680425406],"dmean2":[0.607831895351,0.154439851642,0.213542163372,0.130648493767,0.133804708719,0.330080270767],"dvar":[0.0407189205289,0.00503616034985,0.019342225045,0.0085082333535,0.00482846796513,0.0109222354367],"dvar2":[0.136452868581,0.015080104582,0.055408462882,0.0235990975052,0.014026498422,0.037775196135],"max":[0.999747633934,0.601281762123,0.791231751442,0.75376868248,0.540210485458,0.559205055237],"mean":[0.46362015605,0.109699144959,0.152633309364,0.0962777808309,0.0896005630493,0.119314350188],"median":[0.487813413143,0.0938758552074,0.104643002152,0.0711250603199,0.0667121261358,0.0693