{"lowlevel":{"average_loudness":0.160466268659,"barkbands":{"dmean":[7.71725581217e-7,0.000506939308252,0.00105928524863,0.00207815575413,0.00313084712252,0.000710529333446,0.000444194476586,0.00036338676,0.000578942592256,0.00111037620809,0.000303074804833,0.000391232897528,0.000149749103002,0.000141438591527,0.000166972677107,0.000205218864721,0.000224559858907,0.0000420658579969,0.0000245252322202,0.00000817996988189,0.00000424303743785,0.00000130905232254,7.0664333407e-7,2.49385607276e-7,8.11787757016e-8,3.2769104763e-8,3.4549620942e-9],"dmean2":[0.00000110991197744,0.000848153722472,0.00177166739013,0.00333617464639,0.00492079276592,0.00120778672863,0.000713574525435,0.000583851884585,0.000869004637934,0.00154801725876,0.000469877762953,0.00061176577583,0.000236083709751,0.000220106987399,0.000240782261244,0.000314221018925,0.000343440275174,0.0000654942268739,0.0000388902590203,0.0000126911199914,0.00000646790522296,0.0000019454159883,0.00000107700918761,3.64620746041e-7,1.22507245237e-7,5.33481454568e-8,5.94782312291e-9],"dvar":[4.45232739565e-12,0.00000139209896588,0.0000100333800219,0.0000363333238056,0.0000990799017018,0.0000038977773329,0.00000157245119681,0.00000155598365836,0.00000269941051556,0.00000788493980508,6.4621360707e-7,0.0000012110052694,1.00698230199e-7,9.70035145542e-8,4.57566216028e-7,2.51972039678e-7,2.93869106827e-7,8.0305069261e-9,2.47089415595e-9,5.4099097424e-10,1.65395280805e-10,3.76679278047e-11,5.38863779986e-11,3.26488619126e-12,1.52312461688e-13,2.16565064086e-15,2.21409035738e-17],"dvar2":[7.22572609385e-12,0.00000348487856172,0.0000253484759014,0.0000828129122965,0.000205529984669,0.0000110488072096,0.00000352058464159,0.00000359299974662,0.0000061337700572,0.0000142273083839,0.00000152479083226,0.00000293368407256,2.33942316186e-7,2.18658954054e-7,6.74945283663e-7,5.07470247157e-7,6.12861128957e-7,1.83520896258e-8,5.75925662716e-9,1.21363008532e-9,3.7530559216e-10,6.9522623769e-11,1.61828939138e-10,6.31651935618e-12,2.71772540453e-13,4.77117565562e-15,6.16519812802e-17],"max":[0.0000705594502506,0.0226010065526,0.0872122123837,0.111575171351,0.198311269283,0.0451121032238,0.060055680573,0.0593249090016,0.0555589199066,0.0600867457688,0.0368878394365,0.0383533798158,0.0143408551812,0.0145724099129,0.0444797165692,0.0319683998823,0.0197433158755,0.00254600774497,0.0016213436611,0.000731332344003,0.000577816797886,0.00068045721855,0.000657033757307,0.000185248980415,0.0000527873198735,0.00000229966872212,2.45802141308e-7],"mean":[0.00000114025567655,0.000709507556166,0.00128628918901,0.00259060435928,0.00417368067428,0.00111506506801,0.000748593825847,0.000569587165955,0.00103952363133,0.00378349097446,0.000602931249887,0.000775758933742,0.000271221564617,0.000263653491857,0.000336545170285,0.000380970654078,0.000424547877628,0.0000845549948281,0.0000530654033355,0.000018852244466,0.0000103127604234,0.00000316441628456,0.00000181763221008,7.46184241507e-7,3.19841234386e-7,1.86155588722e-7,9.19753340156e-9],"median":[3.757474758e-7,0.000224904593779,0.000299345119856,0.000413605361246,0.000653495779261,0.00039102032315,0.00019158575742,0.000224124960368,0.000235626212088,0.000237056054175,0.000141977216117,0.000215561420191,0.000110953413241,0.000109826185508,0.0000768569370848,0.000132799745188,0.000138362825965,0.0000361272068403,0.0000232389738812,0.00000576097136218,0.00000308875269184,7.16808301604e-7,2.93236723792e-7,1.97425194415e-7,1.81974911584e-7,1.41885834637e-7,6.90660995062e-9],"min":[1.28473544737e-12,2.45013146057e-12,7.79344796163e-13,6.5700819351e-13,2.52280509851e-12,2.57926644452e-12,9.06181813615e-13,1.74385440983e-12,1.51513523949e-12,1.10872736773e-12,1.34489273017e-12,1.09906430745e-12,1.60005569991e-12,7.48375428468e-13,2.23421866945e-12,1.37901690934e-12,1.74114010969e-12,1.02735073053e-12,2.40420530706e-12,2.410442939e-12,2.30951087248e-12,4.20032324894e-12,2.85734023248e-12,3.34968923259e-12,5.45543644981e-12,3.85621656135e-12,9.68356991815e-12],"var":[9.45149774417e-12,0.00000193216055777,0.000012348038581,0.0000582353386562,0.000163057164173,0.00000485836881126,0.00000558007786822,0.00000219911839849,0.00000678204014548,0.0000746077566873,0.00000276286186818,0.00000438956976723,2.70959702675e-7,2.37918371226e-7,0.00000251124220085,7.37931657113e-7,7.41734368148e-7,1.98442062782e-8,7.43897876632e-9,1.64334668096e-9,5.35388067213e-10,2.8742611069e-10,2.53528892324e-10,1.93846622781e-11,8.28629157477e-13,1.86277825576e-14,5.34533707127e-17]},"barkbands_crest":{"dmean":2.57950091362,"dmean2":4.16014909744,"dvar":5.44338464737,"dvar2":13.6590852737,"max":26.685136795,"mean":11.0178728104,"median":9.89273548126,"min":2.61272072792,"var":23.4096736908},"barkbands_flatness_db":{"dmean":0.0190161634237,"dmean2":0.0290400553495,"dvar":0.000326111679897,"dvar2":0.00073461321881,"max":0.436515927315,"mean":0.213331565261,"median":0.207557499409,"min":0.0157788638026,"var":0.00251081655733},"barkbands_kurtosis":{"dmean":2.51077342033,"dmean2":3.96181130409,"dvar":19.8013362885,"dvar2":45.4496765137,"max":148.382720947,"mean":3.6617474556,"median":1.05731153488,"min":-1.89352381229,"var":64.9572906494},"barkbands_skewness":{"dmean":0.52328056097,"dmean2":0.812951862812,"dvar":0.28281763196,"dvar2":0.633494436741,"max":8.34778404236,"mean":0.830678939819,"median":0.680152773857,"min":-6.73251438141,"var":1.57454574108},"barkbands_spread":{"dmean":3.09010648727,"dmean2":4.82809019089,"dvar":10.2592878342,"dvar2":23.5397281647,"max":78.1755371094,"mean":12.8639345169,"median":11.5954618454,"min":0.317814409733,"var":66.8526687622},"dissonance":{"dmean":0.025086004287,"dmean2":0.0427769124508,"dvar":0.000724943121895,"dvar2":0.00198390241712,"max":0.500000059605,"mean":0.453114330769,"median":0.465712428093,"min":0.205511003733,"var":0.00159256160259},"dynamic_complexity":5.51692485809,"erbbands":{"dmean":[0.00385029288009,0.157732084394,1.0611897707,3.60389280319,14.15193367,6.88958883286,5.75149202347,5.54456949234,6.87793397903,5.77974033356,9.17400836945,12.2516393661,36.269203186,14.884803772,13.7762565613,13.1605014801,7.24742269516,5.66007041931,7.74870824814,8.70895767212,11.705871582,11.5281429291,2.68276023865,1.55358910561,0.835970640182,0.361842632294,0.21928742528,0.144131720066,0.04538487643,0.0295834261924,0.0178866311908,0.00845128949732,0.00288685807027,0.00116315123159,0.000512252736371,0.000195248590899,0.0000648556597298,0.0000105081307993,0.00000328155124407,0.00000768374684412],"dmean2":[0.00619000568986,0.263479709625,1.75769388676,5.84443902969,21.8459472656,11.3534450531,9.7756319046,9.43851089478,10.9533805847,9.76138496399,14.1562957764,18.4020175934,51.9019851685,21.4191207886,21.0717010498,20.6083946228,11.3906126022,8.85256958008,11.2775735855,13.0597906113,17.6851158142,17.5849609375,4.15460014343,2.44437789917,1.3012752533,0.558575332165,0.343513697386,0.217501088977,0.0671927630901,0.0429614074528,0.02758647874,0.0126111358404,0.00423301476985,0.00176074623596,0.000813494028989,0.000314246368362,0.000106729377876,0.0000174686174432,0.00000488534942633,0.0000115185639515],"dvar":[0.0000931409740588,0.14535138011,9.30859279633,85.4014282227,2518.6484375,382.426879883,220.958450317,288.859313965,404.577819824,462.30090332,917.359069824,1485.5045166,7766.62646484,934.960632324,1431.7545166,1015.50134277,203.541778564,171.355178833,529.983520508,777.487731934,766.926513672,666.733215332,32.6427001953,8.96660423279,3.90956401825,1.13432741165,0.549025893211,0.152839303017,0.0490927621722,0.108805865049,0.0367365293205,0.00338716222905,0.000773269450292,0.0000370114030375,0.00000305406388179,1.18820622674e-7,6.17084294774e-9,1.61607893734e-10,4.96405520856e-11,2.91419527398e-10],"dvar2":[0.000211906037293,0.361988455057,23.3134078979,205.578308105,5006.49169922,962.149108887,618.422241211,808.45715332,814.268554688,1182.77050781,1970.41088867,3460.46264648,15519.6328125,1834.17016602,3404.10180664,2454.66210938,458.816253662,407.74697876,813.547302246,1470.44335938,1506.19665527,1447.98815918,76.0120391846,20.912815094,9.06355381012,2.52882766724,1.28970134258,0.333700329065,0.113397121429,0.290960222483,0.102744221687,0.00737297628075,0.00172447040677,0.0000627494518994,0.00000654449695503,2.35999223719e-7,1.54028754196e-8,4.22216234197e-10,1.00133810965e-10,5.95137550352e-10],"max":[0.460985153913,7.79305791855,82.0922851563,141.434310913,1001.04815674,387.547821045,346.779418945,404.766265869,1204.65136719,1293.57165527,1618.49743652,1549.92578125,1820.15942383,964.61126709,1185.00524902,1416.18371582,804.573608398,646.345397949,1345.57458496,1348.82128906,1166.38635254,941.6171875,142.609680176,77.262878418,76.9868850708,37.8464050293,25.7177371979,13.5834531784,23.017988205,35.0220718384,20.7767772675,6.29968881607,2.76901936531,0.896355211735,0.125202447176,0.0188746862113,0.00300287501886,0.000404461752623,0.000141609765706,0.000336849683663],"mean":[0.0069526671432,0.221261098981,1.37079930305,4.75547552109,17.6245536804,9.00559234619,8.15487480164,8.5262594223,12.457403183,8.6843547821,15.1972999573,23.9252891541,120.087486267,46.288028717,30.5097637177,27.6616210938,14.8482141495,11.7224493027,17.0287151337,17.3020458221,23.6809215546,23.1116085052,5.92296266556,3.42834591866,1.96224105358,0.879969954491,0.525182962418,0.343032896519,0.11729311198,0.0744583532214,0.0475787445903,0.0229688212276,0.00892475619912,0.00411066645756,0.00204436993226,0.000914552481845,0.000335769058438,0.0000532615486009,0.0000108782915049,0.0000221480750042],"median":[0.00223817257211,0.0716156959534,0.38734203577,1.0897667408,1.93657577038,1.80038869381,2.72728800774,2.67509222031,2.93694519997,3.27895522118,5.68195295334,7.00262260437,7.97858810425,8.9806060791,9.0008392334,9.32047462463,6.86544084549,5.93625259399,5.72806167603,5.63132619858,9.42725563049,8.22880077362,3.03047347069,1.74851667881,0.813184440136,0.299799561501,0.137093991041,0.109856292605,0.0320018976927,0.0130571527407,0.00779618602246,0.00475805671886,0.00297336187214,0.00203222851269,0.00130660191644,0.000685806269757,0.000255632417975,0.0000401164288633,0.00000713212239134,0.0000133351268232],"min":[9.57156714998e-11,4.58445836848e-10,9.35937771729e-10,1.61025404122e-9,3.69970587499e-9,9.47015799113e-9,2.02613463784e-8,1.87711854949e-8,1.16140395079e-8,2.47985365576e-8,3.35838130638e-8,4.61021549825e-8,2.56277399302e-8,6.56302816537e-8,4.44997745319e-8,4.04647728658e-8,6.78860487824e-8,4.59891857929e-8,7.00088307326e-8,1.35316028604e-7,7.87840548355e-8,9.97865328145e-8,6.67228903239e-8,1.20530003755e-7,8.56898054735e-8,1.14066793344e-7,1.15844272841e-7,9.20092375623e-8,1.5314412849e-7,1.25505479787e-7,6.66445103548e-8,5.89548250218e-8,6.59719816554e-8,4.36500577905e-8,4.32163886899e-8,1.1981120096e-8,7.21878690157e-9,5.97920024603e-9,1.54837132005e-9,1.13812362312e-10],"var":[0.000184379037819,0.196714103222,11.9646158218,126.428291321,4242.03955078,488.789093018,279.063781738,363.06854248,1861.26489258,604.324707031,1497.09851074,3294.0144043,67720.0546875,7921.28564453,5596.20800781,4394.14257813,649.48614502,397.929077148,2878.05102539,2688.24194336,2370.47192383,1792.25415039,78.9919281006,25.0218658447,12.1768827438,3.35073804855,1.73065984249,0.494956880808,0.29110366106,0.387194931507,0.197036102414,0.0205095335841,0.00352974352427,0.00025726883905,0.000015573006749,7.86508735473e-7,5.31518864477e-8,1.39106592911e-9,1.65860422618e-10,8.62663662726e-10]},"erbbands_crest":{"dmean":2.87050390244,"dmean2":4.49899482727,"dvar":7.42377853394,"dvar2":17.566198349,"max":33.1630592346,"mean":13.1902141571,"median":11.5428657532,"min":2.98036909103,"var":43.6608734131},"erbbands_flatness_db":{"dmean":0.0155754601583,"dmean2":0.023172352463,"dvar":0.000220602378249,"dvar2":0.000486605888,"max":0.49361333251,"mean":0.256761699915,"median":0.256245493889,"min":0.0622526556253,"var":0.00346828694455},"erbbands_kurtosis":{"dmean":1.81285476685,"dmean2":2.80624461174,"dvar":12.3709869385,"dvar2":27.6027164459,"max":114.237747192,"mean":2.82935094833,"median":0.564806520939,"min":-1.83114528656,"var":51.5465812683},"erbbands_skewness":{"dmean":0.433112561703,"dmean2":0.659179210663,"dvar":0.186342060566,"dvar2":0.421626448631,"max":7.56463241577,"mean":0.341689795256,"median":0.201245799661,"min":-7.61269807816,"var":1.40485990047},"erbbands_spread":{"dmean":4.39306306839,"dmean2":6.76068210602,"dvar":20.9108524323,"dvar2":47.7086677551,"max":99.995010376,"mean":20.0188121796,"median":17.3346157074,"min":0.723474264145,"var":165.906478882},"gfcc":{"cov":[[6779.37109375,794.609863281,-1781.42126465,362.813354492,401.68447876,-468.422302246,28.0000305176,-540.07598877,40.3220100403,-757.977416992,-58.8096580505,34.991268158,364.686981201],[794.609863281,676.039489746,53.5124549866,-233.81137085,160.907867432,-100.798118591,-57.5580749512,-110.75302124,30.1664161682,-110.361938477,15.7907390594,-11.3467407227,36.7164115906],[-1781.42126465,53.5124549866,1048.48413086,66.7939147949,-233.572402954,70.8879470825,-66.044052124,68.5365142822,-9.67399501801,261.307739258,85.0897216797,-44.2122573853,-135.231918335],[362.813354492,-233.81137085,66.7939147949,617.180419922,-18.6906166077,-14.1977491379,-42.0679092407,-111.533508301,-47.3088264465,77.3190994263,108.487136841,36.0281829834,-13.8190078735],[401.68447876,160.907867432,-233.572402954,-18.6906166077,328.495452881,61.8575286865,-9.41397857666,-45.948135376,-6.28966712952,-87.2387008667,-15.1601610184,48.734375,43.9200439453],[-468.422302246,-100.798118591,70.8879470825,-14.1977491379,61.8575286865,202.984329224,44.7594528198,39.3409347534,11.1568164825,42.7481842041,2.67358469963,17.6290607452,-17.8776855469],[28.0000305176,-57.5580749512,-66.044052124,-42.0679092407,-9.41397857666,44.7594528198,193.837478638,119.059768677,-5.99095678329,-62.5471496582,-61.7726097107,-12.2027206421,21.1737365723],[-540.07598877,-110.75302124,68.5365142822,-111.533508301,-45.948135376,39.3409347534,119.059768677,213.523223877,46.8949737549,13.0366506577,-70.4623184204,-19.34167099,-9.55731868744],[40.3220100403,30.1664161682,-9.67399501801,-47.3088264465,-6.28966712952,11.1568164825,-5.99095678329,46.8949737549,137.423370361,33.3375854492,-24.2759113312,-33.7350006104,10.5589580536],[-757.977416992,-110.361938477,261.307739258,77.3190994263,-87.2387008667,42.7481842041,-62.5471496582,13.0366506577,33.3375854492,261.201934814,106.496894836,-18.0272769928,-86.6247711182],[-58.8096580505,15.7907390594,85.0897216797,108.487136841,-15.1601610184,2.67358469963,-61.7726097107,-70.4623184204,-24.2759113312,106.496894836,170.36050415,64.9556350708,-32.7543411255],[34.991268158,-11.3467407227,-44.2122573853,36.0281829834,48.734375,17.6290607452,-12.2027206421,-19.34167099,-33.7350006104,-18.0272769928,64.9556350708,125.177482605,43.9943656921],[364.686981201,36.7164115906,-135.231918335,-13.8190078735,43.9200439453,-17.8776855469,21.1737365723,-9.55731868744,10.5589580536,-86.6247711182,-32.7543411255,43.9943656921,101.80909729]],"icov":[[0.00141384836752,-0.00239933514968,0.00242054113187,-0.00205352762714,0.00156547513325,0.00015622691717,-0.000824794638902,0.00132747611497,-0.00115093495697,0.00169112824369,-0.000319299113471,0.00056763086468,-0.000404254591558],[-0.00239933514968,0.0102557763457,-0.00710247363895,0.00670220563188,-0.00752388080582,0.00455440720543,-0.0016965927789,0.00275065912865,-0.0019670680631,0.000585231755394,-0.00387717224658,0.00130475556944,-0.0000811232312117],[0.00242054113187,-0.00710247363895,0.00719774467871,-0.00517036532983,0.00592061458156,-0.00282681500539,0.00111532700248,-0.00107502250466,0.000681806122884,0.000472206709674,0.00145564810373,0.000216654865653,0.000072147231549],[-0.00205352762714,0.00670220563188,-0.00517036532983,0.0066738743335,-0.00478937057778,0.0025374526158,-0.00124962627888,0.00200787140056,-0.00014596033725,-0.00140140613075,-0.00224708765745,0.0000497128166899,0.000015320845705],[0.00156547513325,-0.00752388080582,0.00592061458156,-0.00478937057778,0.0102021042258,-0.00579664530233,0.00262451800518,-0.00197026738897,0.00164378527552,0.000270466814982,0.00346902292222,-0.00229022023268,0.000335522461683],[0.00015622691717,0.00455440720543,-0.00282681500539,0.0025374526158,-0.00579664530233,0.0111899981275,-0.00601037172601,0.00556814903393,-0.00458701932803,0.000536608335096,-0.00113789283205,-0.00164088734891,0.00190110167023],[-0.000824794638902,-0.0016965927789,0.00111532700248,-0.00124962627888,0.00262451800518,-0.00601037172601,0.0144858872518,-0.0119172660634,0.00639610551298,0.000733662105631,-0.000809254939668,0.00363950384781,-0.00331307551824],[0.00132747611497,0.00275065912865,-0.00107502250466,0.00200787140056,-0.00197026738897,0.00556814903393,-0.0119172660634,0.0188819654286,-0.00898717809469,0.000856660131831,0.0035311456304,-0.00491101667285,0.00409547286108],[-0.00115093495697,-0.0019670680631,0.000681806122884,-0.00014596033725,0.00164378527552,-0.00458701932803,0.00639610551298,-0.00898717809469,0.0148534588516,-0.00549512961879,0.00122061127331,0.00421959348023,-0.00561730749905],[0.00169112824369,0.000585231755394,0.000472206709674,-0.00140140613075,0.000270466814982,0.000536608335096,0.000733662105631,0.000856660131831,-0.00549512961879,0.0147131783888,-0.00987551640719,0.00534747727215,0.0016743328888],[-0.000319299113471,-0.00387717224658,0.00145564810373,-0.00224708765745,0.00346902292222,-0.00113789283205,-0.000809254939668,0.0035311456304,0.00122061127331,-0.00987551640719,0.0220049582422,-0.0151774836704,0.0080828461796],[0.00056763086468,0.00130475556944,0.000216654865653,0.0000497128166899,-0.00229022023268,-0.00164088734891,0.00363950384781,-0.00491101667285,0.00421959348023,0.00534747727215,-0.0151774836704,0.0232766829431,-0.0135565148667],[-0.000404254591558,-0.0000811232312117,0.000072147231549,0.000015320845705,0.000335522461683,0.00190110167023,-0.00331307551824,0.00409547286108,-0.00561730749905,0.0016743328888,0.0080828461796,-0.0135565148667,0.0231258943677]],"mean":[-110.492126465,155.902770996,-140.081237793,0.279005587101,-32.0593986511,-4.66691255569,-31.5548801422,4.47287797928,-25.6685638428,-10.0200710297,-21.7802391052,-5.19072008133,-8.9890203476]},"hfc":{"dmean":2.74941110611,"dmean2":4.07873916626,"dvar":17.0510520935,"dvar2":35.6365432739,"max":85.2443008423,"mean":11.7476816177,"median":8.12982273102,"min":4.45934858817e-7,"var":144.973953247},"melbands":{"dmean":[0.0000826497853268,0.000429755047662,0.000992039451376,0.000772884231992,0.000200622787816,0.000130448199343,0.000100204364571,0.0000626714681857,0.0000796222157078,0.0000832105361042,0.000188401216292,0.0000716701251804,0.0000440865078417,0.0000440163457824,0.0000264299160335,0.0000140975043905,0.0000118095595099,0.0000134377760332,0.0000144270852616,0.0000125848728203,0.0000162387368619,0.0000153771179612,0.00000427613895226,0.0000016292106011,0.00000136300764098,8.89190289399e-7,4.24948581212e-7,2.20798781925e-7,1.79150163149e-7,1.03752078928e-7,8.67895906254e-8,3.14180006455e-8,1.72860108449e-8,1.75438650274e-8,1.19370513474e-8,8.5313578424e-9,4.50188908374e-9,2.34859354187e-9,1.64753644061e-9,9.60602708489e-10],"dmean2":[0.000136346599902,0.000713596644346,0.00154699780978,0.00122133269906,0.000339353457093,0.000220022222493,0.000161157920957,0.000105729501229,0.000121790122648,0.000124671554659,0.000267825846095,0.000100984143501,0.0000676394702168,0.0000685432096361,0.0000420856740675,0.0000222386224777,0.0000185103963304,0.0000201682232728,0.0000208005294553,0.0000196239288925,0.0000245866594923,0.0000234870058193,0.00000670000554237,0.0000025757349249,0.00000215905470213,0.00000141728162362,6.67060760406e-7,3.46067963619e-7,2.88903862611e-7,1.62330508147e-7,1.32684419896e-7,4.8646114692e-8,2.61117065747e-8,2.59635477562e-8,1.9217914371e-8,1.33054545159e-8,6.79988421126e-9,3.54299212191e-9,2.54162735303e-9,1.51693380079e-9],"dvar":[3.71227457663e-8,0.00000147728019328,0.00000900242048374,0.00000620993478151,2.93916031069e-7,1.47914747117e-7,7.94938230797e-8,5.18663334503e-8,5.97591451879e-8,6.65226949081e-8,2.12498562746e-7,2.32327206362e-8,1.40857325803e-8,2.07332639945e-8,3.00312819057e-9,9.8244545832e-10,7.78759667863e-10,1.08804498744e-9,3.84854059732e-9,1.67903058124e-9,1.77784698074e-9,1.20523213631e-9,1.18995036047e-10,1.15821761904e-11,7.1157485286e-12,4.11778770804e-12,1.20462439936e-12,4.6701124955e-13,3.76954110287e-13,1.11093697176e-13,5.79473196315e-14,3.17809540078e-14,1.90056253206e-14,3.72269557303e-14,1.8292938575e-14,5.30119551094e-15,8.95853596993e-16,6.22479166042e-16,1.05582193654e-16,1.65536294083e-17],"dvar2":[8.99445495861e-8,0.00000367906682186,0.0000189141355804,0.0000129381905936,7.97513791895e-7,4.05688695082e-7,1.71735337062e-7,1.33372466848e-7,1.2711581121e-7,1.52657932517e-7,4.17391532892e-7,4.26862385439e-8,3.35659606776e-8,4.93709499949e-8,7.49933626309e-9,2.31257279992e-9,1.82625525813e-9,1.99719729643e-9,5.78394532269e-9,3.33539151853e-9,3.45827766424e-9,2.58308818779e-9,2.78798373277e-10,2.81763588156e-11,1.68066914552e-11,9.49756766289e-12,2.78636315409e-12,1.07081129987e-12,9.42940820911e-13,2.71235318277e-13,1.29761097158e-13,7.79211493506e-14,4.68623688574e-14,1.02527747848e-13,5.12121066582e-14,1.45876928972e-14,1.83672974799e-15,1.39823889653e-15,2.20350936077e-16,3.08105322888e-17],"max":[0.00510038388893,0.0323713645339,0.0580668635666,0.0489798262715,0.0151127064601,0.01043505501,0.0154025126249,0.013158804737,0.0125451907516,0.0098953479901,0.00964337494224,0.00410161167383,0.00561448838562,0.00528650311753,0.00204898160882,0.00145302515011,0.00148912949953,0.00144326232839,0.00414745137095,0.00333142816089,0.00196903944016,0.00139385915827,0.000455245433841,0.0000857203121996,0.0000661549711367,0.0000672919704812,0.0000371713795175,0.0000269003867288,0.000023169493943,0.0000168784463312,0.00000897898826224,0.0000174321830855,0.0000144555406223,0.0000182292260433,0.0000138064742714,0.00000677016078043,0.00000295753147839,0.00000245595424531,0.00000126741178974,5.01399142649e-7],"mean":[0.000127768289531,0.000567486858927,0.00131028355099,0.00100724224467,0.000283678877167,0.000210596452234,0.00017833536549,0.0000916390272323,0.000130789238028,0.00014666338393,0.000627211818937,0.00022579083452,0.0000917388024391,0.0000913072217372,0.000050001017371,0.0000253966754826,0.000021988982553,0.0000270300351985,0.0000281642296613,0.000021379415557,0.0000299865405395,0.0000289805648208,0.00000796581662144,0.00000327204429595,0.00000273299201581,0.00000183016436495,9.29891200485e-7,4.81881272663e-7,3.76083249876e-7,2.31968428466e-7,1.83087280448e-7,6.83363481357e-8,4.33130544764e-8,3.93074728322e-8,2.87653172393e-8,2.02820782391e-8,1.1214359219e-8,6.36484909222e-9,4.60702054284e-9,3.02047076239e-9],"median":[0.0000408780288126,0.000174981934833,0.000228369375691,0.000147253536852,0.0000904735425138,0.000066784916271,0.0000447935599368,0.0000340275873896,0.0000443657409051,0.0000331016162818,0.0000367872744391,0.000029628719858,0.0000222736707656,0.0000233680802921,0.0000185679818969,0.0000102587555375,0.00000975048169494,0.00000897188601812,0.00000612935264144,0.00000671962834531,0.000010219271644,0.00000897424342838,0.00000312468455377,0.00000144490502407,0.00000125827011743,7.01513556578e-7,3.0590734923e-7,1.44148302184e-7,7.60015694823e-8,6.85475285422e-8,5.52366330453e-8,1.68344183038e-8,8.66809646283e-9,6.01689054136e-9,4.50623183212e-9,3.41582495622e-9,2.59298271743e-9,2.02788053016e-9,1.81413084555e-9,1.63167179767e-9],"min":[8.27934671776e-13,5.38240892828e-13,3.34766014822e-13,4.41378894154e-13,6.74892650446e-13,4.37724373891e-13,1.76232238438e-13,3.225130666e-13,2.37534059262e-13,2.82848424587e-13,1.11263144423e-13,2.5496510285e-13,1.49102952207e-13,1.35289566008e-13,8.33344894827e-14,1.76543594197e-13,6.97199527386e-14,1.04076069865e-13,1.64667663728e-13,1.28193286607e-13,9.29180167595e-14,9.76186904748e-14,8.17834163022e-14,4.55671877184e-14,1.05522205828e-13,9.10162448338e-14,5.07995440147e-14,7.42175960446e-14,8.27511887139e-14,6.09653725615e-14,4.87706561605e-14,7.93895182341e-14,7.93853372795e-14,6.53671656191e-14,3.39408914114e-14,3.9903590008e-14,3.22796802309e-14,5.0433073516e-14,4.12310566548e-14,3.90638788136e-14],"var":[5.98917324623e-8,0.00000190080641005,0.0000154005574586,0.0000100975712485,3.71687860934e-7,2.35151517813e-7,3.21684780147e-7,6.42198685341e-8,1.02991513984e-7,1.53352104348e-7,0.00000189622608104,2.23312440539e-7,6.27749443538e-8,7.94598804532e-8,8.64232063691e-9,2.5508948287e-9,1.70037695035e-9,4.68993643921e-9,2.06015897675e-8,3.94821197958e-9,5.00047692142e-9,3.19470538912e-9,2.41244607624e-10,2.80613674658e-11,1.82974642382e-11,1.21913694417e-11,3.51207713085e-12,1.18751547224e-12,1.05154285886e-12,2.93037241608e-13,1.57225591596e-13,1.29366935458e-13,7.80780808388e-14,1.24354343554e-13,8.28523922104e-14,2.26503538825e-14,4.361182063e-15,2.35449451887e-15,5.4534416364e-16,9.84903573637e-17]},"melbands_crest":{"dmean":3.39902043343,"dmean2":5.55823135376,"dvar":8.95862293243,"dvar2":23.2800884247,"max":34.3785095215,"mean":14.2143316269,"median":13.2605934143,"min":3.59139084816,"var":29.1310920715},"melbands_flatness_db":{"dmean":0.0224571730942,"dmean2":0.0343196392059,"dvar":0.000459669070551,"dvar2":0.00102640863042,"max":0.534851193428,"mean":0.284497112036,"median":0.281303972006,"min":0.0282928813249,"var":0.00358853652142},"melbands_kurtosis":{"dmean":3.82400822639,"dmean2":6.04757213593,"dvar":48.1785125732,"dvar2":108.983139038,"max":171.080383301,"mean":6.1885638237,"median":2.24276351929,"min":-1.92548429966,"var":140.22869873},"melbands_skewness":{"dmean":0.626264512539,"dmean2":0.972246825695,"dvar":0.421966761351,"dvar2":0.94523280859,"max":9.65712070465,"mean":1.336977005,"median":1.15631604195,"min":-4.01122903824,"var":2.31053185463},"melbands_spread":{"dmean":4.9485707283,"dmean2":7.71204471588,"dvar":31.0862293243,"dvar2":69.9025878906,"max":148.097473145,"mean":18.8177719116,"median":16.5711841583,"min":0.535933852196,"var":158.970916748},"mfcc":{"cov":[[7447.88476563,600.064758301,-2079.36743164,700.781921387,-41.5776252747,83.6267471313,-178.47442627,126.006568909,-5.28837919235,-472.707092285,-500.602416992,-211.186721802,-238.895950317],[600.064758301,1014.25616455,-213.252685547,-232.189819336,118.74395752,-61.7353401184,-60.0310134888,13.9527626038,37.2022819519,-110.824028015,-48.9547805786,-32.4080810547,-32.0738258362],[-2079.36743164,-213.252685547,1236.74755859,17.2947940826,-70.8406982422,-14.7676372528,-2.12366008759,-148.663833618,-118.332717896,198.122436523,152.690536499,89.5110626221,109.91998291],[700.781921387,-232.189819336,17.2947940826,442.469451904,31.7883892059,52.1729469299,12.6900558472,-61.9400978088,-101.635673523,-35.8468093872,-37.5050392151,13.9744491577,25.9555511475],[-41.5776252747,118.74395752,-70.8406982422,31.7883892059,235.734375,108.377822876,-8.73737239838,-25.034286499,-33.5547447205,-53.3859176636,-3.5322971344,27.1617641449,43.0872039795],[83.6267471313,-61.7353401184,-14.7676372528,52.1729469299,108.377822876,176.243133545,41.2488517761,-27.3386669159,-39.9232597351,-23.1103496552,0.820093929768,19.435628891,31.9859027863],[-178.47442627,-60.0310134888,-2.12366008759,12.6900558472,-8.73737239838,41.2488517761,151.238174438,73.1171340942,-2.84908938408,-16.2071037292,7.94623804092,9.65481376648,1.92434835434],[126.006568909,13.9527626038,-148.663833618,-61.9400978088,-25.034286499,-27.3386669159,73.1171340942,215.132751465,125.216377258,-37.8880653381,-38.4734115601,-38.2742347717,-52.223400116],[-5.28837919235,37.2022819519,-118.332717896,-101.635673523,-33.5547447205,-39.9232597351,-2.84908938408,125.216377258,216.474349976,64.0809631348,-12.0745401382,-52.9887695313,-78.7114562988],[-472.707092285,-110.824028015,198.122436523,-35.8468093872,-53.3859176636,-23.1103496552,-16.2071037292,-37.8880653381,64.0809631348,194.992004395,91.1683807373,-4.88171482086,-17.0109081268],[-500.602416992,-48.9547805786,152.690536499,-37.5050392151,-3.5322971344,0.820093929768,7.94623804092,-38.4734115601,-12.0745401382,91.1683807373,136.39666748,60.3776664734,19.6141738892],[-211.186721802,-32.4080810547,89.5110626221,13.9744491577,27.1617641449,19.435628891,9.65481376648,-38.2742347717,-52.9887695313,-4.88171482086,60.3776664734,124.57951355,81.2199325562],[-238.895950317,-32.0738258362,109.91998291,25.9555511475,43.0872039795,31.9859027863,1.92434835434,-52.223400116,-78.7114562988,-17.0109081268,19.6141738892,81.2199325562,142.283477783]],"icov":[[0.00106740521733,-0.00115056952927,0.00166358670685,-0.0021618460305,0.00250549660996,-0.00234506814741,0.0024477285333,-0.00162391969934,0.00153873709496,-0.00117740279529,0.00184804887976,-0.00120013253763,0.000922087056097],[-0.00115056952927,0.00277642463334,-0.00177415262442,0.0031584170647,-0.00393228651956,0.00369547936134,-0.00278053060174,0.00255067530088,-0.00212530046701,0.00242680916563,-0.00203459523618,0.00160513457377,-0.000699034892023],[0.00166358670685,-0.00177415262442,0.00382109591737,-0.0033143023029,0.00411685928702,-0.00354091729969,0.00375724001788,-0.00265502627008,0.00339751224965,-0.00334795727395,0.00275803497061,-0.00202934909612,0.000827356183436],[-0.0021618460305,0.0031584170647,-0.0033143023029,0.00759565224871,-0.00587926758453,0.00493117421865,-0.00532219093293,0.00381559575908,-0.00179533089977,0.00203370815143,-0.00192899792455,0.00173350819387,-0.00107232644223],[0.00250549660996,-0.00393228651956,0.00411685928702,-0.00587926758453,0.0138690443709,-0.0107816373929,0.00775199476629,-0.00439505884424,0.00308585492894,-0.00136620539706,0.00258033769205,-0.00262085907161,0.000402366800699],[-0.00234506814741,0.00369547936134,-0.00354091729969,0.00493117421865,-0.0107816373929,0.0157372001559,-0.00949831865728,0.0063978289254,-0.00408876920119,0.003149950644,-0.00350275076926,0.00312277674675,-0.00224955147132],[0.0024477285333,-0.00278053060174,0.00375724001788,-0.00532219093293,0.00775199476629,-0.00949831865728,0.0167895164341,-0.0104967914522,0.00707280635834,-0.0036577899009,0.00290527427569,-0.0034590580035,0.00230860826559],[-0.00162391969934,0.00255067530088,-0.00265502627008,0.00381559575908,-0.00439505884424,0.0063978289254,-0.0104967914522,0.0163748972118,-0.0117062078789,0.00839955080301,-0.00392874423414,0.00356991332956,-0.00171958422288],[0.00153873709496,-0.00212530046701,0.00339751224965,-0.00179533089977,0.00308585492894,-0.00408876920119,0.00707280635834,-0.0117062078789,0.0171146914363,-0.0112296361476,0.00715394597501,-0.00421516876668,0.00494493357837],[-0.00117740279529,0.00242680916563,-0.00334795727395,0.00203370815143,-0.00136620539706,0.003149950644,-0.0036577899009,0.00839955080301,-0.0112296361476,0.0183653663844,-0.0128024099395,0.00754449889064,-0.00293469638564],[0.00184804887976,-0.00203459523618,0.00275803497061,-0.00192899792455,0.00258033769205,-0.00350275076926,0.00290527427569,-0.00392874423414,0.00715394597501,-0.0128024099395,0.0226650554687,-0.0130625059828,0.00614921376109],[-0.00120013253763,0.00160513457377,-0.00202934909612,0.00173350819387,-0.00262085907161,0.00312277674675,-0.0034590580035,0.00356991332956,-0.00421516876668,0.00754449889064,-0.0130625059828,0.0207566265017,-0.0104306340218],[0.000922087056097,-0.000699034892023,0.000827356183436,-0.00107232644223,0.000402366800699,-0.00224955147132,0.00230860826559,-0.00171958422288,0.00494493357837,-0.00293469638564,0.00614921376109,-0.0104306340218,0.015187910758]],"mean":[-754.475524902,195.606643677,-39.5317268372,16.1507053375,6.28368711472,-2.3367805481,0.0366113334894,5.10563087463,2.52562904358,-5.01299953461,-6.83748006821,-2.71597361565,-5.18748474121]},"pitch_salience":{"dmean":0.0763561353087,"dmean2":0.123639211059,"dvar":0.00473939534277,"dvar2":0.0121536115184,"max":0.921203017235,"mean":0.53666728735,"median":0.548893153667,"min":0.0675502195954,"var":0.0173211880028},"silence_rate_20dB":{"dmean":0,"dmean2":0,"dvar":0,"dvar2":0,"max":1,"mean":1,"median":1,"min":1,"var":0},"silence_rate_30dB":{"dmean":0.013744181022,"dmean2":0.0274898856878,"dvar":0.0135525194928,"dvar2":0.0312685929239,"max":1,"mean":0.983264088631,"median":1,"min":0,"var":0.0164531320333},"silence_rate_60dB":{"dmean":0.0262691192329,"dmean2":0.0524857267737,"dvar":0.0255814418197,"dvar2":0.0582601837814,"max":1,"mean":0.218564704061,"median":0,"min":0,"var":0.170785620809},"spectral_centroid":{"dmean":148.858352661,"dmean2":227.676193237,"dvar":27117.9023438,"dvar2":59625.5273438,"max":3900.20678711,"mean":969.040161133,"median":905.075805664,"min":140.246765137,"var":210314.5625},"spectral_complexity":{"dmean":2.07913994789,"dmean2":3.33093166351,"dvar":4.43123102188,"dvar2":9.69552898407,"max":41,"mean":13.2057638168,"median":13,"min":0,"var":58.080039978},"spectral_contrast_coeffs":{"dmean":[0.0551152043045,0.0433925576508,0.0365230813622,0.0276986770332,0.0204563699663,0.0131718879566],"dmean2":[0.0917923375964,0.0712128430605,0.0590579733253,0.0448453165591,0.0330433920026,0.0210385266691],"dvar":[0.0021403960418,0.00124551530462,0.000876916048583,0.000493481697049,0.000312425690936,0.000141570955748],"dvar2":[0.00560430856422,0.00334241776727,0.00217536184937,0.00124159827828,0.000734415079933,0.000306936737616],"max":[-0.181944489479,-0.414787352085,-0.418569684029,-0.502779841423,-0.581747055054,-0.623464882374],"mean":[-0.626553595066,-0.758224546909,-0.73714184761,-0.785056769848,-0.763840258121,-0.779837012291],"median":[-0.640908122063,-0.765435934067,-0.753085970879,-0.791004300117,-0.760895609856,-0.772989869118],"min":[-0.984097957611,-0.973973214626,-0.958031058311,-0.953614830971,-0.923368036747,-0.914532482624],"var":[0.00900221150368,0.00474516255781,0.00933176837862,0.00351856229827,0.00419257301837,0.00233803270385]},"spectral_contrast_valleys":{"dmean":[0.447181820869,0.356202155352,0.289244830608,0.24149261415,0.183422446251,0.107950240374],"dmean2":[0.737955272198,0.589796364307,0.467561870813,0.381772518158,0.282927721739,0.167174622416],"dvar":[0.131369754672,0.111963950098,0.066489174962,0.0543726831675,0.0414690189064,0.0144919529557],"dvar2":[0.341719388962,0.278400212526,0.154124349356,0.110797807574,0.0756940618157,0.0229894779623],"max":[-5.25433921814,-4.36783838272,-5.09286832809,-5.86021995544,-6.29152059555,-9.18416690826],"mean":[-7.98735952377,-7.08409500122,-7.59819364548,-8.07608795166,-8.76901817322,-12.3550300598],"median":[-7.89973592758,-6.96450042725,-7.44382858276,-7.86856126785,-8.5614156723,-12.3293447495],"min":[-15.5871601105,-16.3524303436,-16.4007549286,-16.5451011658,-16.45936203,-17.6838626862],"var":[0.827672362328,0.894997537136,0.978065907955,1.06044256687,0.964558899403,0.323708236217]},"spectral_decrease":{"dmean":1.77573145077e-9,"dmean2":2.66884336853e-9,"dvar":1.66319104727e-17,"dvar2":3.40226168824e-17,"max":-6.66482704668e-18,"mean":-4.81704853783e-9,"median":-2.79057466024e-9,"min":-7.92091441326e-8,"var":4.54743534368e-17},"spectral_energy":{"dmean":0.00691325683147,"dmean2":0.0103802764788,"dvar":0.000244986556936,"dvar2":0.000500949332491,"max":0.306032896042,"mean":0.0192460864782,"median":0.011348279193,"min":6.56022181023e-11,"var":0.000692809349857},"spectral_energyband_high":{"dmean":0.00000797677057562,"dmean2":0.000011591018847,"dvar":6.26158014327e-10,"dvar2":1.24568488857e-9,"max":0.00146923877764,"mean":0.0000241069010372,"median":0.00000775657099439,"min":3.36485075914e-11,"var":3.6334328879e-9},"spectral_energyband_low":{"dmean":0.0018884370802,"dmean2":0.00310537777841,"dvar":0.0000229653505812,"dvar2":0.0000567193201277,"max":0.12194468081,"mean":0.00275797233917,"median":0.00103951978963,"min":4.24325722129e-12,"var":0.0000313876844302},"spectral_energyband_middle_high":{"dmean":0.0016432874836,"dmean2":0.00236830837093,"dvar":0.00000889202328835,"dvar2":0.0000168776859937,"max":0.061881262809,"mean":0.00676905410364,"median":0.00286112399772,"min":1.61285516193e-11,"var":0.0000937584627536},"spectral_energyband_middle_low":{"dmean":0.00577234616503,"dmean2":0.00887345615774,"dvar":0.000232861566474,"dvar2":0.00047700930736,"max":0.291894495487,"mean":0.0114160645753,"median":0.00485396198928,"min":1.01817243872e-11,"var":0.000491482147481},"spectral_entropy":{"dmean":0.138513669372,"dmean2":0.207028642297,"dvar":0.0178669858724,"dvar2":0.0379899330437,"max":8.92715835571,"mean":6.87985801697,"median":6.9286813736,"min":4.93566465378,"var":0.194671422243},"spectral_flux":{"dmean":0.0183136612177,"dmean2":0.0301110353321,"dvar":0.000840185966808,"dvar2":0.00219416362233,"max":0.437383562326,"mean":0.0595206730068,"median":0.0496456474066,"min":0.00000809951961855,"var":0.00219035800546},"spectral_kurtosis":{"dmean":6.03501796722,"dmean2":10.5729665756,"dvar":34.8763237,"dvar2":104.015533447,"max":113.875007629,"mean":16.4748535156,"median":14.0992288589,"min":-0.762833356857,"var":125.444168091},"spectral_rms":{"dmean":0.000617526529822,"dmean2":0.000920987338759,"dvar":8.36310277919e-7,"dvar2":0.00000169744737377,"max":0.0172791406512,"mean":0.00363735039718,"median":0.00332738505676,"min":2.52986495752e-7,"var":0.00000554648568141},"spectral_rolloff":{"dmean":222.030639648,"dmean2":376.017272949,"dvar":125096.53125,"dvar2":266753.53125,"max":15826.9042969,"mean":1104.25793457,"median":904.39453125,"min":86.1328125,"var":453786.6875},"spectral_skewness":{"dmean":0.462395846844,"dmean2":0.798007369041,"dvar":0.175699740648,"dvar2":0.510821819305,"max":8.41007804871,"mean":2.5383207798,"median":2.37595009804,"min":0.069557711482,"var":1.06122553349},"spectral_spread":{"dmean":189941.671875,"dmean2":311245.875,"dvar":50821353472,"dvar2":106741727232,"max":16013992,"mean":2193241,"median":1941430.75,"min":711832.375,"var":631549919232},"spectral_strongpeak":{"dmean":0.617972493172,"dmean2":1.01514136791,"dvar":0.864856421947,"dvar2":2.04802751541,"max":15.1736450195,"mean":1.45445430279,"median":0.657406449318,"min":0,"var":3.19908905029},"zerocrossingrate":{"dmean":0.00455997977406,"dmean2":0.00561392167583,"dvar":0.0000210790531128,"dvar2":0.0000288687006105,"max":0.24755859375,"mean":0.0400130599737,"median":0.0380859375,"min":0.0048828125,"var":0.00028127458063}},"metadata":{"audio_properties":{"analysis_sample_rate":44100,"bit_rate":196649,"codec":"mp3","downmix":"mix","equal_loudness":0,"length":418.977966309,"lossless":false,"md5_encoded":"3034cc9820bf50b88ebce8bf9f02925a","replay_gain":0.507497787476,"sample_rate":44100},"tags":{"acoustid_fingerprint":["AQADtFKSLckySmg-ImeO40FTbZShLSyuPArOoHk-9MbFQicqkWiexcLxD_cCLRI5VDQxHzn6LGCyH7mhS0flHKn-oKLT4cd3XAeTr0XtIHoMPTlK5giTjzhzXB_2pagiKghzQV9mHL_QH81zKOZ35EefKEEzGU-mIyZzmNOhX8h1XEftJfDxaGEO5_ARkrqC59CCeseP9jGh5caZ4-kRJs-Fsjly1Cd0ZsMPdcd9iMqPXk_wwzvO4ye0p0aY48qD82h7ND2uD9WFXxlxIg136OwQoh_8qsOV9biOV0vh_EL_Iyd0xD6uZcFFGU3QZ0OYKvOhfUGtDmHytchLqN-RE-1CKmhePMqOnuHhoxe-6Dgv_EKyD--RH_7xo8eD-oR__MUZI80jI3nR44vm4N-CylLQcDmQPxxqcQu-TEiPjzuFfpk2PH2CG-kJPTlyoukplF2O9w36HE23Iz-HJvrR3UKuKGGCUBaa6XgW-EygH2FOVD7hpMe7NCouwsfD4kpRjc_gBMeJlosRWoeWI8-Maj0aNQp-VIJ_Emdm-CHC50i6UbgkPEf_oNE3PFGIm0d7nMFHhM0H7R_SyMrxWB0u_FXQXkP-Q0e-jEMfa3BOdD_6412I-viPB6EMkYuQ6hZKJkflL4N74t3xIFb24Ydr6Idv5BU-LhdeVIvx9OgMewhFH_ouhDqe6PBztBeePMXzHOELccWrdUizRwkuHjeF9seP6SHuJGgeglfwKEzgPAryAz8hJfyx_ehH1DwhTtGCkF2JH9WPzpFwSorwnLiESs9TPM2I5seDF-EPcT2RP4NJ3Hh6XFzR70N5wg_RRlk2xFJq5HB8PBGVxHjC4UIZHiUfnCnyFaqRSxeqMNEL9yhT5Xijo8fTIpmPPMST5JgP5zpxPMURizv0KEfOzMJ5EUxy4WF44_TRX8J_fOjR53hO48zxRpLhZFqigceRYwpE1HyEZE2SZUXzB_9ReGQC1wvaJGKDd1bwL-gQ5hz0G_kTnDlOPIvioVSa4_pgeUd1PMd74kkuVFS4wzL64yIf4U4enPATD0f6IellHE9zDVeOpke7Bj9x4oNKkcLDKah1NH_xD1M4nDmP5oidQE13IW8e8GiMPsMvXPXwKJTxwBHxF82roB-Od0WW4AnEyYHuIk005pikDj8uxcQl6WijHGGcxviRfPiZ4ZnR8DJ6_ELjJTh3wVJPGD3x3Lhy1EcOUQ_yT0an5cKZ4D_2nfgRZoueCNqX4B326YK3C_oRPlHgdUcVbUeFK9ORH3pUI2R3nMepHD-aaiFKKzz-oxOvDY4euBvCR6kMPX4R_-i4E46OLx9mMgzKhR9-PLrAf8gVNPESdEn1gRPwHdMlBSf-Hikj3AoDvwsq-bCYB99xMkXy5EKY8_CWSEEb6WjGEP1x9EfZjEXSJUS-48-PhtGFcs1xSbiOC22PMJOpHHoT4iPqoYl-4VoaaI1IAS9uaM_xI9SPVNOD64F39EFbZRCf4csNGReJPLtQMjtOYH8Rf4E80cgTEZzwH30Ej4n0ofieYvzQ7_AkUsKWvWifDtfWDfyMfmiuIzYTMdjzQiau7EMzDeEXXLKCY8ePKUcpdcKXPGj