{"lowlevel":{"average_loudness":0.446187317371,"barkbands":{"dmean":[0.00213871942833,0.00376369780861,0.00193399819545,0.000912399846129,0.00269429688342,0.000954536779318,0.000864305766299,0.000723352015484,0.000657844124362,0.000395938404836,0.000159274073667,0.00016030864208,0.000193247062271,0.0000874253964867,0.000101832236396,0.0000896823403309,0.0000800705456641,0.0000964303835644,0.0000859708379721,0.0000659880097373,0.0000418740710302,0.0000287771708827,0.0000166642803379,0.0000153959899762,0.00000243195063376,0.0000149940169649,0.000132087341626],"dmean2":[0.00300426199101,0.00606601499021,0.00334186246619,0.00153370574117,0.00396290281788,0.00143025594298,0.0012705984991,0.00108489592094,0.00100504630245,0.000599085178692,0.000252160534728,0.000255357503192,0.000301171792671,0.000138007933856,0.000161783595104,0.00014024678967,0.000122858895338,0.000138095303555,0.000122514073155,0.0000928342269617,0.0000592243013671,0.0000407305160479,0.0000238426237047,0.0000229642919294,0.00000397486928705,0.0000218320747081,0.000182101255632],"dvar":[0.000038294812839,0.0000825305032777,0.0000244024595304,0.00000480934158986,0.0000477255125588,0.00000753892436478,0.00000962182184594,0.0000174394117494,0.0000175813929673,0.00000561361366636,4.24402458066e-7,1.48402762079e-7,2.03709717539e-7,1.09497385381e-7,1.21955409327e-7,2.00838215392e-7,7.40391499221e-8,2.0042286053e-7,1.51181282604e-7,7.01232707456e-8,2.02875973798e-8,1.31847777141e-8,7.88243603722e-9,5.65095215066e-9,5.24587873141e-11,4.80910067324e-9,1.58428605346e-7],"dvar2":[0.000083118902694,0.00020551783382,0.0000670549125061,0.0000129380587168,0.0000966246225289,0.0000151874528456,0.0000183370229934,0.0000374152623408,0.0000338656027452,0.0000112476182039,0.00000106938716726,3.69213267959e-7,4.7935418479e-7,2.41371168386e-7,3.01036919836e-7,4.80404878545e-7,1.71378417235e-7,4.0764592768e-7,2.99952091609e-7,1.37624226682e-7,3.99316064659e-8,2.92395245793e-8,1.74140186715e-8,1.15552705182e-8,1.26147273183e-10,1.0231253178e-8,3.14494627673e-7],"max":[0.192193448544,0.270872145891,0.0934584736824,0.0599678233266,0.201300352812,0.10347366333,0.109635420144,0.192905932665,0.302819043398,0.210858553648,0.0595674961805,0.0137241911143,0.0106709748507,0.0229463335127,0.0193313807249,0.027291951701,0.0125074889511,0.021586285904,0.0189374890178,0.00966155715287,0.00723966863006,0.00545986974612,0.00487862573937,0.00202396116219,0.000206646232982,0.00283190584742,0.0178387053311],"mean":[0.00464698998258,0.00624118046835,0.00229984824546,0.00115425151307,0.0049816868268,0.00143219612073,0.0013510879362,0.00105434365105,0.000908224610612,0.000549416232388,0.000226644144277,0.000250042474363,0.000303494249238,0.000131743945531,0.000149054074427,0.000135425623739,0.000119709409773,0.000152728127432,0.000134791989694,0.000102421639895,0.0000627723711659,0.0000397838957724,0.0000191751041712,0.0000149157785927,0.00000235357629208,0.0000161498282978,0.000301483058138],"median":[0.000136094822665,0.00118994340301,0.000543074682355,0.000311569514452,0.000968835316598,0.000298913713777,0.000215649692109,0.00011155615357,0.000119836018712,0.0000928340741666,0.0000678887663526,0.0000905449851416,0.000089131979621,0.0000420831565862,0.0000446249978268,0.0000321767620335,0.0000247267234954,0.0000184808341146,0.0000146062966451,0.0000106523521026,0.00000681730716678,0.00000471856174045,0.00000202180308406,7.14410305136e-7,3.78548236313e-7,0.00000164953712556,0.0000845271206344],"min":[1.81843324934e-23,7.113504619e-23,7.60028039135e-23,1.01559199338e-23,3.23495164934e-23,2.60319002681e-23,9.22841167581e-23,8.57380543033e-23,1.21747528832e-22,1.34936412265e-22,1.31342109545e-22,1.62487259473e-22,2.12485629677e-22,5.76648486474e-23,1.40072843391e-22,1.70567429196e-22,2.13357642833e-22,2.99316092251e-22,2.43393225187e-22,2.52887021031e-22,2.82388651838e-22,5.77032743777e-22,7.79149257549e-22,1.06965015104e-21,1.02549999169e-21,1.94550315328e-21,2.04790936519e-21],"var":[0.00017697752628,0.000203697229153,0.0000261643199337,0.00000615530007053,0.000151657455717,0.0000163271251949,0.0000230433070101,0.0000436157097283,0.0000310339491989,0.00000785777865531,4.85755379032e-7,2.4170759616e-7,3.76330859808e-7,1.59622004503e-7,1.65408209796e-7,2.73136464557e-7,1.21974849776e-7,4.55397355381e-7,3.50071758248e-7,1.65106527561e-7,4.65350247225e-8,1.89471229817e-8,8.90629259231e-9,7.02213531767e-9,5.12960264543e-11,5.72383784814e-9,5.71194789245e-7]},"barkbands_crest":{"dmean":2.71318435669,"dmean2":4.34653711319,"dvar":6.55047750473,"dvar2":16.0875644684,"max":26.5001926422,"mean":11.5676546097,"median":10.3964090347,"min":1.9888907671,"var":23.3405265808},"barkbands_flatness_db":{"dmean":0.0286769364029,"dmean2":0.0424043610692,"dvar":0.000777679961175,"dvar2":0.0016337701818,"max":0.550897479057,"mean":0.156899362803,"median":0.150801345706,"min":0.0181959308684,"var":0.00480050081387},"barkbands_kurtosis":{"dmean":8.24017333984,"dmean2":12.6339321136,"dvar":334.342224121,"dvar2":760.021240234,"max":521.954040527,"mean":15.273314476,"median":6.91435718536,"min":-1.90916836262,"var":768.983276367},"barkbands_skewness":{"dmean":0.785717070103,"dmean2":1.18335163593,"dvar":0.829885423183,"dvar2":1.82413113117,"max":19.9644908905,"mean":2.25579214096,"median":2.19479584694,"min":-2.94805979729,"var":5.48516941071},"barkbands_spread":{"dmean":6.45772981644,"dmean2":9.75514507294,"dvar":71.7784194946,"dvar2":153.978103638,"max":137.136413574,"mean":21.5181751251,"median":16.9176998138,"min":0.184483528137,"var":305.277130127},"dissonance":{"dmean":0.0203468836844,"dmean2":0.0337792485952,"dvar":0.000544422713574,"dvar2":0.0014464095002,"max":0.500000178814,"mean":0.463389933109,"median":0.473016738892,"min":0.211092665792,"var":0.00122611818369},"dynamic_complexity":12.7598056793,"erbbands":{"dmean":[0.174504667521,0.684304654598,2.01272130013,2.65584301949,5.22376060486,11.847741127,8.09525489807,8.15883922577,12.5704469681,13.0879812241,14.934211731,15.0335645676,12.5672245026,9.79586982727,5.83453559875,6.49430894852,8.00108528137,5.10476016998,4.65048694611,5.01314496994,4.74441146851,4.2442035675,5.14462280273,4.43877744675,4.17698144913,3.06900024414,2.17932295799,1.32327222824,1.13775312901,0.66410702467,0.449875533581,0.434276908636,0.178698733449,0.0411667227745,0.0126898512244,0.0270806197077,0.0356495678425,0.0204120259732,0.0104544395581,0.00352355069481],"dmean2":[0.270887345076,1.13130259514,3.44863796234,4.50423574448,8.06551551819,17.4050960541,12.014673233,12.0477132797,18.4243221283,19.13712883,22.7468528748,22.8962211609,18.7660312653,15.1462345123,9.20455932617,10.2410945892,12.3847227097,7.88944244385,7.31827259064,7.92214727402,7.25201368332,6.34384632111,7.39728450775,6.33513593674,5.89453887939,4.30648469925,3.10131716728,1.85875749588,1.63322985172,0.944378912449,0.644415915012,0.637973248959,0.269659548998,0.0659441128373,0.0205088276416,0.0416932292283,0.0518544316292,0.0282256603241,0.0142277348787,0.00483416114002],"dvar":[0.224184066057,2.6194562912,24.0298233032,43.4117431641,158.313079834,1228.18762207,487.491760254,711.794372559,2270.54223633,3569.79174805,6032.63134766,8939.6796875,8097.42382812,949.717285156,460.854217529,246.04586792,357.63885498,221.839599609,209.397720337,464.391815186,526.101135254,205.263458252,546.799133301,400.292175293,377.171264648,162.036102295,59.9447555542,19.023481369,27.1123104095,9.48668956757,5.13282680511,5.09405231476,0.685087621212,0.0233800783753,0.000781640643254,0.0135306362063,0.0293492656201,0.00599235808477,0.000950400717556,0.000105423532659],"dvar2":[0.529185712337,6.89169311523,64.7819595337,123.360099792,358.703430176,2432.3137207,986.03112793,1365.87976074,4156.93017578,7487.88232422,12107.5400391,16908.65625,15529.9345703,2289.81787109,1180.48400879,599.443603516,834.595581055,506.672973633,463.215545654,1126.65527344,1228.13342285,460.09185791,1114.8170166,762.670471191,778.890136719,320.413665771,119.117355347,37.9285850525,62.9742431641,21.0155258179,10.8675127029,10.5802221298,1.42464053631,0.054012387991,0.00183452421334,0.029276356101,0.0616512112319,0.0130646033213,0.00178676331416,0.000209553487366],"max":[14.5312490463,50.3225288391,80.0863265991,182.478652954,452.158935547,1166.23059082,784.446411133,1188.57226562,1956.54174805,3001.67895508,5487.92041016,6621.21191406,7572.00341797,1175.52355957,1937.0625,498.528167725,460.119750977,847.010314941,706.545227051,1399.08850098,1290.44396973,517.612487793,1287.17993164,843.762451172,977.02545166,542.580627441,305.301177979,216.261047363,311.904876709,205.735916138,114.549690247,60.3854484558,23.3534202576,3.92688918114,0.563184022903,3.08178305626,5.84805679321,4.35289478302,1.55397224426,0.430141806602],"mean":[0.308521270752,0.960611104965,2.49992823601,3.61981844902,8.39632892609,21.5658359528,12.5941038132,12.5984382629,19.273935318,21.9934978485,20.4315700531,21.5345649719,17.2710819244,14.5439271927,9.34095478058,10.6820955276,13.0396680832,8.52210426331,7.24609470367,8.05435180664,7.51473903656,6.6982460022,8.2782869339,7.24703645706,6.51085090637,4.79602527618,3.25442218781,2.00191116333,1.5657081604,0.855015397072,0.515056192875,0.433939933777,0.167083233595,0.0385199077427,0.0133333960548,0.0256543010473,0.0379667766392,0.0291992016137,0.021036952734,0.00938623398542],"median":[0.0302380882204,0.243674501777,0.699524283409,1.17545127869,2.15676736832,3.14844083786,2.70561933517,2.5933573246,3.1074090004,2.99484610558,2.72986102104,2.96859955788,2.83516478539,3.45310997963,3.60468745232,3.89175367355,4.19748783112,3.02139019966,2.52650284767,2.32434773445,1.81955659389,1.46514010429,1.15404355526,0.860715150833,0.692632257938,0.499746024609,0.337346792221,0.24369046092,0.177496373653,0.105666033924,0.0531926490366,0.023333651945,0.00790863204747,0.00443559139967,0.00281649478711,0.00224608182907,0.00340300193056,0.00420165760443,0.00379724288359,0.00404455512762],"min":[3.45867559343e-21,1.21290187921e-20,5.78521460873e-20,7.6621113293e-20,6.51553301778e-20,1.44978575944e-19,1.5012299312e-19,1.90694896771e-19,9.14625287226e-19,1.19375521358e-18,2.79473206311e-18,2.41206569724e-18,4.64264217782e-18,3.69688398369e-18,6.93379102671e-18,6.1547399181e-18,6.7803994811e-18,6.93225908821e-18,7.27046759809e-18,4.94428310077e-18,1.11154107076e-17,1.30753928351e-17,1.41887911745e-17,1.78983521147e-17,9.60969466572e-18,1.29325619044e-17,1.09886155002e-17,1.39658924692e-17,2.27326669297e-17,1.79136946607e-17,2.24317584752e-17,2.38817415689e-17,1.69622516678e-17,1.26347942547e-17,7.27374571486e-18,7.57068204807e-18,3.26394550929e-18,1.10868682201e-18,2.85940879822e-19,3.3041109183e-20],"var":[0.720931649208,3.77555918694,26.8032913208,51.8176994324,338.181884766,4163.79052734,1039.49780273,1632.83898926,5533.23095703,11116.6621094,10374.8945312,17028.1796875,11639.8603516,1441.43139648,541.897521973,433.821868896,665.971130371,372.753662109,304.987304688,717.336547852,742.202209473,366.872375488,1229.29418945,1011.56304932,802.988952637,381.02041626,136.183502197,42.9348258972,34.4606704712,11.7962656021,6.19790649414,6.25985002518,0.815988659859,0.0233002286404,0.000926821434405,0.015051279217,0.0357306301594,0.00889125559479,0.00387128838338,0.000356702628778]},"erbbands_crest":{"dmean":2.83459687233,"dmean2":4.46434783936,"dvar":8.45415496826,"dvar2":19.0083045959,"max":33.5753440857,"mean":9.68996810913,"median":7.9976143837,"min":2.07185029984,"var":30.8032207489},"erbbands_flatness_db":{"dmean":0.0251303873956,"dmean2":0.036829456687,"dvar":0.000613526557572,"dvar2":0.00124527979642,"max":0.488207042217,"mean":0.15201510489,"median":0.14300198853,"min":0.0338501371443,"var":0.00314853340387},"erbbands_kurtosis":{"dmean":1.88816261292,"dmean2":2.89733147621,"dvar":22.077173233,"dvar2":49.0863838196,"max":184.394042969,"mean":2.00902104378,"median":0.477282524109,"min":-1.8359875679,"var":41.8220100403},"erbbands_skewness":{"dmean":0.465600281954,"dmean2":0.682835757732,"dvar":0.28017655015,"dvar2":0.559553861618,"max":10.3401784897,"mean":0.436839669943,"median":0.32676422596,"min":-6.70249223709,"var":1.47640883923},"erbbands_spread":{"dmean":7.48237609863,"dmean2":11.2381477356,"dvar":69.6539840698,"dvar2":146.533416748,"max":134.457214355,"mean":30.5081329346,"median":28.7575702667,"min":0.355911940336,"var":240.412109375},"gfcc":{"cov":[[85419.2734375,14707.9169922,-905.307495117,-1309.37854004,1167.76794434,-2147.82299805,1931.7532959,-1461.28930664,400.270568848,-2038.1204834,96.3321914673,-5.16988182068,-11.8666915894],[14707.9169922,4155.57421875,157.828887939,-514.805419922,297.719360352,-329.521087646,363.176971436,-336.878692627,-9.63682937622,-409.538024902,72.8239593506,-56.1559791565,94.6458129883],[-905.307495117,157.828887939,631.815673828,236.780166626,-71.692779541,284.016998291,-103.485038757,98.820930481,-99.1802139282,91.5675735474,1.69070410728,4.66525602341,27.5618934631],[-1309.37854004,-514.805419922,236.780166626,551.708679199,110.66493988,134.436187744,58.0530090332,55.0659370422,-39.6017227173,78.8642425537,-2.90240383148,38.2321968079,-34.4412536621],[1167.76794434,297.719360352,-71.692779541,110.66493988,332.786254883,-16.9927577972,136.01953125,-68.5223846436,6.02853298187,-72.0843582153,32.750579834,-3.57209134102,19.5662059784],[-2147.82299805,-329.521087646,284.016998291,134.436187744,-16.9927577972,402.563598633,-55.195350647,148.723678589,-64.979133606,115.830482483,3.19776725769,12.3414793015,28.8462162018],[1931.7532959,363.176971436,-103.485038757,58.0530090332,136.01953125,-55.195350647,294.762329102,-30.9462184906,71.6291656494,-48.9339637756,9.33158969879,18.9322032928,-29.3218536377],[-1461.28930664,-336.878692627,98.820930481,55.0659370422,-68.5223846436,148.723678589,-30.9462184906,235.679519653,19.841375351,89.7645797729,17.5410614014,-7.73580217361,16.9475421906],[400.270568848,-9.63682937622,-99.1802139282,-39.6017227173,6.02853298187,-64.979133606,71.6291656494,19.841375351,176.386276245,47.4498939514,8.17631244659,25.1514797211,-35.1459617615],[-2038.1204834,-409.538024902,91.5675735474,78.8642425537,-72.0843582153,115.830482483,-48.9339637756,89.7645797729,47.4498939514,185.539703369,44.8183403015,17.6638774872,0.265599578619],[96.3321914673,72.8239593506,1.69070410728,-2.90240383148,32.750579834,3.19776725769,9.33158969879,17.5410614014,8.17631244659,44.8183403015,94.241569519,39.8755722046,19.809343338],[-5.16988182068,-56.1559791565,4.66525602341,38.2321968079,-3.57209134102,12.3414793015,18.9322032928,-7.73580217361,25.1514797211,17.6638774872,39.8755722046,93.4437408447,23.5061035156],[-11.8666915894,94.6458129883,27.5618934631,-34.4412536621,19.5662059784,28.8462162018,-29.3218536377,16.9475421906,-35.1459617615,0.265599578619,19.809343338,23.5061035156,99.6074981689]],"icov":[[0.0000444560137112,-0.000183869007742,0.000176593661308,-0.000215771098738,0.000166952115251,-0.0000550015101908,0.0000390530985896,-0.00000116660407912,-0.000167565463926,0.00026022316888,-0.0000872211239766,0.00000846218426886,0.00000689362059347],[-0.000183869007742,0.00158009678125,-0.00200299918652,0.00168911926448,-0.000654018949717,0.00043917336734,-0.00128845218569,0.000902429106645,-0.00015698937932,0.000697447045241,-0.00146776356269,0.00139198463876,-0.00101039279252],[0.000176593661308,-0.00200299918652,0.00589826749638,-0.00406278204173,0.00261250510812,-0.00302915927023,0.00244412734173,-0.000280560401734,-0.000369242654415,0.0000748003512854,0.0000676392810419,0.000258610583842,-0.000186287259567],[-0.000215771098738,0.00168911926448,-0.00406278204173,0.00724656507373,-0.00554023403674,0.00320298760198,-0.00218692352064,-0.00204023020342,0.00529549270868,-0.00557636516169,0.00543228909373,-0.00582543946803,0.00404095370322],[0.000166952115251,-0.000654018949717,0.00261250510812,-0.00554023403674,0.0101899951696,-0.00457455310971,-0.00107257615309,0.00467126211151,-0.00692983064801,0.00912700872868,-0.0104714613408,0.00957661867142,-0.00643154513091],[-0.0000550015101908,0.00043917336734,-0.00302915927023,0.00320298760198,-0.00457455310971,0.00781796034425,-0.000908884394448,-0.00438622804359,0.00607845466584,-0.00690519018099,0.00690959068015,-0.00629610475153,0.0029099106323],[0.0000390530985896,-0.00128845218569,0.00244412734173,-0.00218692352064,-0.00107257615309,-0.000908884394448,0.00695175956935,-0.00119035039097,-0.00163159251679,0.000176158631803,0.00127424846869,-0.00211593462154,0.00218904856592],[-0.00000116660407912,0.000902429106645,-0.000280560401734,-0.00204023020342,0.00467126211151,-0.00438622804359,-0.00119035039097,0.00999743770808,-0.00647554267198,0.00523938657716,-0.00849977321923,0.00909113511443,-0.00593802053481],[-0.000167565463926,-0.00015698937932,-0.000369242654415,0.00529549270868,-0.00692983064801,0.00607845466584,-0.00163159251679,-0.00647554267198,0.017965439707,-0.0145415160805,0.0131840901449,-0.0135625852272,0.00924121122807],[0.00026022316888,0.000697447045241,0.0000748003512854,-0.00557636516169,0.00912700872868,-0.00690519018099,0.000176158631803,0.00523938657716,-0.0145415160805,0.0246315561235,-0.0196306630969,0.0139678521082,-0.00780202075839],[-0.0000872211239766,-0.00146776356269,0.0000676392810419,0.00543228909373,-0.0104714613408,0.00690959068015,0.00127424846869,-0.00849977321923,0.0131840901449,-0.0196306630969,0.0322082228959,-0.0210815034807,0.00839494727552],[0.00000846218426886,0.00139198463876,0.000258610583842,-0.00582543946803,0.00957661867142,-0.00629610475153,-0.00211593462154,0.00909113511443,-0.0135625852272,0.0139678521082,-0.0210815034807,0.0296293757856,-0.0132572706789],[0.00000689362059347,-0.00101039279252,-0.000186287259567,0.00404095370322,-0.00643154513091,0.0029099106323,0.00218904856592,-0.00593802053481,0.00924121122807,-0.00780202075839,0.00839494727552,-0.0132572706789,0.0192649737]],"mean":[-165.737609863,79.8639678955,-83.6223602295,0.765017330647,-19.3081817627,-16.7498340607,-5.7363743782,-18.9085025787,-5.24118804932,-7.1250743866,-6.22425413132,-2.6007733345,-8.14099693298]},"hfc":{"dmean":23.3197174072,"dmean2":33.8982849121,"dvar":1829.53063965,"dvar2":3822.25732422,"max":1256.36853027,"mean":67.0697860718,"median":44.4832077026,"min":1.12703504044e-16,"var":6734.46533203},"melbands":{"dmean":[0.00131009437609,0.000957210490014,0.000480803224491,0.000629851303529,0.000334454671247,0.000187379919225,0.000184300952242,0.000147083541378,0.000124141253764,0.0000929843517952,0.0000636067416053,0.0000422738012276,0.0000205558299058,0.0000175097611645,0.0000191652106878,0.0000180663500942,0.00000901756175153,0.00000771281702328,0.00000778973935667,0.00000660292243992,0.00000571574082642,0.00000465112680104,0.00000474333319289,0.00000473758245789,0.00000369978374692,0.00000343693955074,0.00000272946135738,0.00000199603482542,0.00000155742270636,0.0000010016400438,7.29363591745e-7,7.02958629972e-7,4.86124008603e-7,3.39751977663e-7,2.52102410059e-7,2.77849551367e-7,2.62625150071e-7,1.43837283417e-7,6.82709639932e-8,2.18795133122e-8],"dmean2":[0.00203691492788,0.00162064819597,0.000796687148977,0.000935271789785,0.000489508442115,0.000276360457065,0.000270347023616,0.000215382431634,0.000189874263015,0.000141517244629,0.0000953078415478,0.0000655958501738,0.0000324267493852,0.0000279316172964,0.0000301345844491,0.0000283040972135,0.0000141394675666,0.0000123040317703,0.0000124301468531,0.0000104546479633,0.00000885699137143,0.00000719718627806,0.00000695225890013,0.00000698134954291,0.00000544101658306,0.00000500713167639,0.00000393113623431,0.00000288099727186,0.00000227655732488,0.0000014442949805,0.00000105278377305,0.00000103500349269,6.98649785136e-7,4.92189712986e-7,3.68508096926e-7,4.06120733487e-7,3.9212216052e-7,2.18713680056e-7,1.09503801582e-7,3.57999567768e-8],"dvar":[0.0000109696884465,0.00000463253491034,0.00000121586947444,0.00000284129623651,7.73569922785e-7,3.30600471443e-7,4.52836189879e-7,5.72942553845e-7,4.30125055573e-7,4.08268334695e-7,2.08177439731e-7,1.75178715978e-8,7.94458010489e-9,1.81998160986e-9,2.54391618881e-9,1.84422666027e-9,9.20431508789e-10,7.05653091515e-10,8.60749027609e-10,1.03832953346e-9,7.336589114e-10,2.43140646505e-10,4.13061834736e-10,5.36532818174e-10,2.8223123838e-10,2.92678048464e-10,1.37577588211e-10,7.78751368946e-11,3.31695955424e-11,1.29073939037e-11,6.33695309768e-12,1.07475157246e-11,4.34693166879e-12,3.70754642265e-12,1.59269537663e-12,2.17422781168e-12,1.93108137987e-12,4.70981977377e-13,9.64688737421e-14,4.31179495998e-15],"dvar2":[0.0000261493587459,0.0000123960071505,0.00000329141539623,0.0000058987589,0.00000149175775732,6.37361665667e-7,8.47604098908e-7,0.00000123257075302,8.41582334488e-7,7.55323583235e-7,4.02745911288e-7,4.2277921608e-8,2.06351167265e-8,4.47084591571e-9,5.90282756008e-9,4.40180913941e-9,2.1319772614e-9,1.56903801063e-9,2.14920170549e-9,2.59076848863e-9,1.7339704117e-9,5.64395530311e-10,8.86435869152e-10,1.17718712556e-9,5.64583768625e-10,6.50542730796e-10,2.7850538542e-10,1.64653596313e-10,6.94349300279e-11,2.6279266957e-11,1.36832498457e-11,2.56001764926e-11,9.49807420214e-12,8.94046121858e-12,3.45582915583e-12,4.6225206822e-12,4.06856796517e-12,9.92299992175e-13,2.22529053561e-13,1.05330003888e-14],"max":[0.0957146883011,0.0366531834006,0.0273074693978,0.0460609346628,0.0281143952161,0.0238478127867,0.025612808764,0.0397951975465,0.0486082918942,0.0502039417624,0.038392432034,0.00469141360372,0.00889975950122,0.0013233985519,0.00162214040756,0.00129835575353,0.00188766838983,0.00139496626798,0.00168567034416,0.00212019006722,0.00180724263191,0.00074015406426,0.00128709152341,0.00100422429387,0.000758459791541,0.000950280402321,0.000484919990413,0.000456579495221,0.000232899736147,0.000258487911196,0.0000838486885186,0.000215943524381,0.000090396082669,0.000137605544296,0.0000659434081172,0.0000558598767384,0.0000406576218666,0.0000197140179807,0.00000773673764343,0.00000192650782083],"mean":[0.00250373547897,0.0012941872701,0.000707586470526,0.00113846280146,0.000564971764106,0.000288095325232,0.000284218520392,0.000242138296016,0.000165838864632,0.0001305626065,0.0000851444347063,0.0000611967116129,0.0000306974252453,0.0000272668366961,0.0000301541404042,0.0000279157138721,0.000014058970919,0.0000112524385258,0.0000113361156764,0.0000101374525912,0.00000852378343552,0.00000688609270583,0.00000722115919416,0.00000718072897143,0.00000571584132558,0.00000507747381562,0.00000410384927818,0.00000295225640912,0.00000220159085984,0.00000145706144394,0.00000104363846276,9.39528831623e-7,6.41397321033e-7,4.07330617236e-7,2.87841828595e-7,2.90159761107e-7,2.52694462688e-7,1.32890946247e-7,6.02645471304e-8,2.08897201759e-8],"median":[0.000343284686096,0.000409327534726,0.000261892506387,0.000210338650504,0.000109936328954,0.0000583655673836,0.0000469568622066,0.0000296063608403,0.0000209138397622,0.0000168231563293,0.0000129963573272,0.0000129682157421,0.0000105791350506,0.0000102616486402,0.00000880627521838,0.00000799078497948,0.00000466199117,0.00000364779907613,0.00000326654776472,0.00000242857299781,0.00000183094493877,0.00000144017951698,0.00000113005182811,8.24883784389e-7,6.31707791854e-7,5.16983789112e-7,4.02855789616e-7,2.89115916985e-7,2.15726913666e-7,1.51385037839e-7,1.27948538875e-7,1.00300653116e-7,7.41677439464e-8,4.7492157762e-8,3.04039886601e-8,2.12028119506e-8,9.88179316153e-9,4.77972772472e-9,3.93174737212e-9,3.35067706914e-9],"min":[2.60648699208e-23,2.58906736557e-23,1.29368778724e-23,9.21056795768e-24,4.589740658e-24,5.04519541808e-24,1.59511729781e-23,1.13230822416e-23,2.39173806998e-23,1.64217111531e-23,2.37087522339e-23,1.40517852449e-23,2.08242681345e-23,1.85022686817e-23,1.27387688667e-23,2.08375856843e-23,1.117478428e-23,1.05686945579e-23,9.53804936299e-24,7.98853327421e-24,1.31182653935e-23,1.43979105889e-23,1.05712457341e-23,1.43905962705e-23,1.52653515066e-23,6.94466045961e-24,7.35271059574e-24,9.13500376043e-24,7.33723551137e-24,6.14695011275e-24,8.52959955847e-24,1.48181920133e-23,8.82644239508e-24,9.79765244284e-24,1.12309188332e-23,1.48455623313e-23,1.4943384239e-23,1.30007077637e-23,8.75170334633e-24,1.183296091e-23],"var":[0.0000363403923984,0.00000571373448111,0.0000016690493112,0.00000851302229421,0.000002160151098,7.49545733925e-7,0.00000108203869331,0.00000177353706476,7.20222317341e-7,7.53389542751e-7,2.95544367646e-7,2.69410911358e-8,8.18542922332e-9,2.91463497781e-9,4.60394389279e-9,3.34278893455e-9,1.36085742675e-9,9.33423782712e-10,1.15075149409e-9,1.51846391017e-9,9.51383416492e-10,3.91803284261e-10,8.16226863876e-10,1.07465192301e-9,6.57707888152e-10,5.41211742089e-10,2.96851793147e-10,1.61662960796e-10,6.76976391611e-11,2.81674614189e-11,1.19251041333e-11,1.29422531719e-11,5.9499020294e-12,3.7206049873e-12,1.87898221288e-12,2.56964653549e-12,2.32913644968e-12,5.52297357154e-13,9.4022656143e-14,4.0897901656e-15]},"melbands_crest":{"dmean":3.66233634949,"dmean2":5.96789884567,"dvar":12.7162570953,"dvar2":31.4360256195,"max":39.0092124939,"mean":15.6187448502,"median":14.9974107742,"min":1.60186433792,"var":65.2444763184},"melbands_flatness_db":{"dmean":0.0347083956003,"dmean2":0.0510939620435,"dvar":0.00113329663873,"dvar2":0.00238469731994,"max":0.705195307732,"mean":0.245243117213,"median":0.259962171316,"min":0.00399378221482,"var":0.0126251075417},"melbands_kurtosis":{"dmean":10.50968647,"dmean2":16.6404399872,"dvar":627.002319336,"dvar2":1616.48876953,"max":1261.19360352,"mean":18.8421535492,"median":8.75658035278,"min":-1.9466291666,"var":1362.50952148},"melbands_skewness":{"dmean":0.878250539303,"dmean2":1.35817313194,"dvar":1.05406987667,"dvar2":2.43885064125,"max":28.8827018738,"mean":2.68705463409,"median":2.40988206863,"min":-4.81072950363,"var":5.3780298233},"melbands_spread":{"dmean":6.33217668533,"dmean2":9.76241207123,"dvar":95.7511291504,"dvar2":202.959747314,"max":335.821411133,"mean":28.7638931274,"median":11.8271722794,"min":0.244584292173,"var":1795.15637207},"mfcc":{"cov":[[28212.4746094,8079.7578125,-823.915283203,2187.65087891,-326.102264404,901.057373047,-129.009140015,393.644836426,-151.730957031,136.542602539,-1.18577456474,98.4210662842,0.0989784225821],[8079.7578125,4349.41064453,-7.74021244049,468.315887451,6.70628643036,294.631011963,55.2840766907,22.3890304565,-63.1659011841,-65.0416870117,32.5310745239,-52.041759491,5.4268860817],[-823.915283203,-7.74021244049,736.702514648,-81.3798980713,113.936523438,53.6064147949,100.895606995,-24.0118846893,24.7875995636,14.1469306946,-6.89475870132,40.1988792419,-11.1961517334],[2187.65087891,468.315887451,-81.3798980713,588.876586914,6.25359725952,165.363693237,57.5898551941,81.2974853516,-22.7202014923,26.6295909882,2.39797925949,14.3562355042,8.05319023132],[-326.102264404,6.70628643036,113.936523438,6.25359725952,239.790649414,51.1090621948,90.5367965698,-0.360986024141,7.90621852875,-16.4276390076,-14.9864339828,9.43636322021,-11.2377548218],[901.057373047,294.631011963,53.6064147949,165.363693237,51.1090621948,255.410827637,86.0843276978,49.2721633911,9.5037355423,11.2949771881,-2.31649184227,21.8784561157,14.6531152725],[-129.009140015,55.2840766907,100.895606995,57.5898551941,90.5367965698,86.0843276978,227.447769165,53.7365341187,20.5438289642,4.3559718132,2.64352583885,-2.19467425346,-5.69667339325],[393.644836426,22.3890304565,-24.0118846893,81.2974853516,-0.360986024141,49.2721633911,53.7365341187,133.582489014,35.8092079163,36.445400238,3.42764496803,13.8321762085,3.0185611248],[-151.730957031,-63.1659011841,24.7875995636,-22.7202014923,7.90621852875,9.5037355423,20.5438289642,35.8092079163,107.195045471,39.8230018616,26.3851051331,13.3505582809,14.7375526428],[136.542602539,-65.0416870117,14.1469306946,26.6295909882,-16.4276390076,11.2949771881,4.3559718132,36.445400238,39.8230018616,115.715965271,42.3192558289,29.396320343,6.30992221832],[-1.18577456474,32.5310745239,-6.89475870132,2.39797925949,-14.9864339828,-2.31649184227,2.64352583885,3.42764496803,26.3851051331,42.3192558289,102.146270752,40.5937232971,30.4910240173],[98.4210662842,-52.041759491,40.1988792419,14.3562355042,9.43636322021,21.8784561157,-2.19467425346,13.8321762085,13.3505582809,29.396320343,40.5937232971,99.5457077026,46.2915992737],[0.0989784225821,5.4268860817,-11.1961517334,8.05319023132,-11.2377548218,14.6531152725,-5.69667339325,3.0185611248,14.7375526428,6.30992221832,30.4910240173,46.2915992737,85.6344070435]],"icov":[[0.000129999520141,-0.000218735920498,0.000105093800812,-0.000255313585512,0.000126046797959,-0.0000878496648511,0.000160122028319,-0.00012888769561,0.00000857630220708,-0.00018347769219,0.000257596722804,-0.000374484312488,0.000220989692025],[-0.000218735920498,0.000644904037472,-0.000215233449126,0.000260483444436,-0.00019051595882,-0.000127701205201,-0.000190381804714,0.000222459711949,0.0000886382331373,0.000539854925591,-0.000760895723943,0.000944045837969,-0.000411343266023],[0.000105093800812,-0.000215233449126,0.00177652807906,0.00011515004735,-0.000287540984573,-0.000323189160554,-0.000590850715525,0.000682486279402,-0.000352879957063,-0.000530591816641,0.000777282577474,-0.00144085893407,0.00079112011008],[-0.000255313585512,0.000260483444436,0.00011515004735,0.00294123683125,-0.000221162597882,-0.00105029076803,-0.000429398409324,-0.000747230893467,0.00101234728936,-0.00023546355078,-0.000428394298069,0.000580657855608,-0.000447513215477],[0.000126046797959,-0.00019051595882,-0.000287540984573,-0.000221162597882,0.00558726768941,-0.000598423008341,-0.00184218329377,0.000839111453388,-0.000690832384862,0.000719381030649,0.00107401574496,-0.00181358144619,0.00134245934896],[-0.0000878496648511,-0.000127701205201,-0.000323189160554,-0.00105029076803,-0.000598423008341,0.00600341474637,-0.00152322277427,-0.000558027357329,-0.000308817368932,-0.0000862189772306,0.000848980329465,-0.00074938731268,-0.00096042919904],[0.000160122028319,-0.000190381804714,-0.000590850715525,-0.000429398409324,-0.00184218329377,-0.00152322277427,0.00688338838518,-0.00271194102243,-0.0000653244132991,0.000440446630819,-0.00111004384235,0.00131381419487,0.00021122333419],[-0.00012888769561,0.000222459711949,0.000682486279402,-0.000747230893467,0.000839111453388,-0.000558027357329,-0.00271194102243,0.01124039758,-0.00318401027471,-0.00215858826414,0.0019288265612,-0.00150856073014,0.000610255170614],[0.00000857630220708,0.0000886382331373,-0.000352879957063,0.00101234728936,-0.000690832384862,-0.000308817368932,-0.0000653244132991,-0.00318401027471,0.012595766224,-0.00310573866591,-0.00206122454256,0.00170074496418,-0.00220121606253],[-0.00018347769219,0.000539854925591,-0.000530591816641,-0.00023546355078,0.000719381030649,-0.0000862189772306,0.000440446630819,-0.00215858826414,-0.00310573866591,0.0131330890581,-0.00470798276365,-0.0016158859944,0.00224993634038],[0.000257596722804,-0.000760895723943,0.000777282577474,-0.000428394298069,0.00107401574496,0.000848980329465,-0.00111004384235,0.0019288265612,-0.00206122454256,-0.00470798276365,0.0153560331091,-0.00518921203911,-0.00191722053569],[-0.000374484312488,0.000944045837969,-0.00144085893407,0.000580657855608,-0.00181358144619,-0.00074938731268,0.00131381419487,-0.00150856073014,0.00170074496418,-0.0016158859944,-0.00518921203911,0.0182947013527,-0.00848714169115],[0.000220989692025,-0.000411343266023,0.00079112011008,-0.000447513215477,0.00134245934896,-0.00096042919904,0.00021122333419,0.000610255170614,-0.00220121606253,0.00224993634038,-0.00191722053569,-0.00848714169115,0.0176655333489]],"mean":[-779.322387695,140.193725586,-6.88499212265,26.7971038818,-1.02129709721,12.7676267624,-0.347743719816,3.89408421516,-2.63923239708,0.250921159983,-0.591257154942,-0.170664563775,-0.12711417675]},"pitch_salience":{"dmean":0.0759282559156,"dmean2":0.120927833021,"dvar":0.00493755703792,"dvar2":0.0122704524547,"max":0.955219864845,"mean":0.561836242676,"median":0.565370023251,"min":0.0368578508496,"var":0.0290701184422},"silence_rate_20dB":{"dmean":0,"dmean2":0,"dvar":0,"dvar2":0,"max":1,"mean":1,"median":1,"min":1,"var":0},"silence_rate_30dB":{"dmean":0.0255192406476,"dmean2":0.0510405339301,"dvar":0.0248673055321,"dvar2":0.0566446110606,"max":1,"mean":0.957415997982,"median":1,"min":0,"var":0.0407727770507},"silence_rate_60dB":{"dmean":0.0290613435209,"dmean2":0.0581250265241,"dvar":0.0282235015184,"dvar2":0.0614414662123,"max":1,"mean":0.247816458344,"median":0,"min":0,"var":0.186436489224},"spectral_centroid":{"dmean":218.912185669,"dmean2":320.565979004,"dvar":95988.046875,"dvar2":171546.53125,"max":11124.9921875,"mean":1284.40026855,"median":787.546875,"min":98.509223938,"var":1305739.125},"spectral_complexity":{"dmean":2.80188369751,"dmean2":3.98035669327,"dvar":15.9921350479,"dvar2":26.0122299194,"max":62,"mean":10.982129097,"median":10,"min":0,"var":99.2546310425},"spectral_contrast_coeffs":{"dmean":[0.0512408018112,0.0456964559853,0.0355878397822,0.0273608900607,0.0219872426242,0.0393949337304],"dmean2":[0.0828109830618,0.0737139061093,0.0579917281866,0.0443005673587,0.0347657799721,0.0595976188779],"dvar":[0.00186294317245,0.0015496838605,0.000956994132139,0.000565018504858,0.000435687717982,0.00144332263153],"dvar2":[0.00467648729682,0.00387273658998,0.0024228899274,0.00142303307075,0.00101898738649,0.00323555152863],"max":[-0.221137538552,-0.311066895723,-0.449548006058,-0.533613622189,-0.427551716566,-0.422157108784],"mean":[-0.687687397003,-0.786346375942,-0.822713732719,-0.833150923252,-0.840061187744,-0.772847890854],"median":[-0.692061066628,-0.787361621857,-0.8238312006,-0.828419208527,-0.838102579117,-0.780418276787],"min":[-0.961807191372,-0.984329044819,-0.968555927277,-0.988328456879,-0.974637925625,-0.961369454861],"var":[0.0138755226508,0.00914577580988,0.00489136436954,0.00348106096499,0.00274161924608,0.00692533748224]},"spectral_contrast_valleys":{"dmean":[0.444888800383,0.415641695261,0.356823772192,0.338445603848,0.372431576252,0.626626908779],"dmean2":[0.70618391037,0.634489119053,0.548700273037,0.482003808022,0.508768558502,0.969399392605],"dvar":[0.146938636899,0.126268282533,0.105489969254,0.107933752239,0.148881927133,0.334845453501],"dvar2":[0.32726162672,0.269018232822,0.212425857782,0.198399230838,0.269817590714,0.786365509033],"max":[-4.59426546097,-4.2674908638,-5.33468770981,-5.76062440872,-5.11373138428,-8.38663291931],"mean":[-8.62746429443,-8.09252357483,-8.64857769012,-8.95048904419,-9.13769721985,-12.2173070908],"median":[-7.26191091537,-6.93348646164,-7.48871278763,-7.96767234802,-8.31091594696,-11.6129655838],"min":[-27.342716217,-27.1901245117,-27.3855648041,-27.4518013,-27.2062740326,-27.2190818787],"var":[11.6928882599,9.24117565155,9.20251464844,6.96220207214,6.50107717514,4.38515996933]},"spectral_decrease":{"dmean":2.63918908949e-9,"dmean2":3.92613586087e-9,"dvar":2.14490248941e-17,"dvar2":4.83359748397e-17,"max":9.53242373924e-9,"mean":-6.12235950825e-9,"median":-2.72991695915e-9,"min":-9.52149434852e-8,"var":7.85283782178e-17},"spectral_energy":{"dmean":0.010749255307,"dmean2":0.0156431347132,"dvar":0.000343067804351,"dvar2":0.000754797190893,"max":0.369558095932,"mean":0.0291906520724,"median":0.0163804143667,"min":1.09295624753e-20,"var":0.00138249853626},"spectral_energyband_high":{"dmean":0.000238137246924,"dmean2":0.000320870894939,"dvar":4.4607773475e-7,"dvar2":8.40249299472e-7,"max":0.0199785940349,"mean":0.000428376544733,"median":0.0000883809043444,"min":7.68651202646e-21,"var":0.00000123178904232},"spectral_energyband_low":{"dmean":0.00621096137911,"dmean2":0.00987721607089,"dvar":0.00017277765437,"dvar2":0.000424259284046,"max":0.349128305912,"mean":0.0124140363187,"median":0.00334999058396,"min":1.64759330341e-22,"var":0.000553878315259},"spectral_energyband_middle_high":{"dmean":0.000954216870014,"dmean2":0.00134010659531,"dvar":0.00000617970727035,"dvar2":0.0000127561042973,"max":0.166855216026,"mean":0.0021203123033,"median":0.000909014139324,"min":1.82186954006e-21,"var":0.0000146005004353},"spectral_energyband_middle_low":{"dmean":0.00527861341834,"dmean2":0.00755731668323,"dvar":0.00011343092774,"dvar2":0.000223365379497,"max":0.305753141642,"mean":0.0110600944608,"median":0.00423205317929,"min":4.31601729926e-22,"var":0.000334230193403},"spectral_entropy":{"dmean":0.232497468591,"dmean2":0.33639061451,"dvar":0.0602082572877,"dvar2":0.12098724395,"max":9.80496692657,"mean":7.42991304398,"median":7.41127634048,"min":4.06520271301,"var":0.438179314137},"spectral_flux":{"dmean":0.0218790825456,"dmean2":0.0352007746696,"dvar":0.000867512717377,"dvar2":0.00205712392926,"max":0.423900961876,"mean":0.0726322159171,"median":0.0676333606243,"min":1.04544546631e-10,"var":0.00324746221304},"spectral_kurtosis":{"dmean":4.83440685272,"dmean2":7.3126244545,"dvar":39.4146957397,"dvar2":96.0054473877,"max":120.35471344,"mean":16.5072669983,"median":14.7329826355,"min":-1.17946076393,"var":117.280532837},"spectral_rms":{"dmean":0.000842544948682,"dmean2":0.00118390528951,"dvar":0.00000120065874398,"dvar2":0.00000238887059822,"max":0.0189880095422,"mean":0.00425333064049,"median":0.00399761088192,"min":3.26542308818e-12,"var":0.0000103868851511},"spectral_rolloff":{"dmean":3525.68603516,"dmean2":6702.77099609,"dvar":48510880,"dvar2":115472088,"max":22050,"mean":10090.1201172,"median":3552.97851562,"min":21.533203125,"var":95910760},"spectral_skewness":{"dmean":0.409695863724,"dmean2":0.59347140789,"dvar":0.207130461931,"dvar2":0.459009975195,"max":8.77034378052,"mean":2.73456645012,"median":2.66161727905,"min":-0.0406424030662,"var":0.951181769371},"spectral_spread":{"dmean":579596.625,"dmean2":859464.625,"dvar":319593250816,"dvar2":632904351744,"max":40206544,"mean":4460741,"median":4031533.25,"min":829729.1875,"var":3146056204290},"spectral_strongpeak":{"dmean":1.69341206551,"dmean2":3.10008168221,"dvar":63.6309204102,"dvar2":170.469696045,"max":181.479812622,"mean":1.7172999382,"median":0.232222467661,"min":0,"var":60.9979934692},"zerocrossingrate":{"dmean":0.0363461561501,"dmean2":0.0440747775137,"dvar":0.0013463870855,"dvar2":0.00174715439789,"max":0.95263671875,"mean":0.25857141614,"median":0.228515625,"min":0.0029296875,"var":0.0221598129719}},"metadata":{"audio_properties":{"analysis_sample_rate":44100,"bit_rate":128000,"codec":"mp3","downmix":"mix","equal_loudness":0,"length":576.862060547,"lossless":false,"md5_encoded":"cc15fbf80495a9077496ceaa09708cc1","replay_gain":-6.19889831543,"sample_rate":44100},"tags":{"acoustid_fingerprint":["AQADtIoSRUuiJWGCnkaPMHyO5BWaH8yZJsdxguZxW0KjJw16AUf-CNfRVkcjJ8nx43hyNPGDZDyO78Gf4zrOoKfQXLiRKz3O6DjCH8dx_Dr84jqcQIcr8ugfNHfQysfHGceJUDpELh40Vhdy4Ukaox-ag30elPmDKeFQpwjzpRBC-HKM2qlwKccXbofHHBcGa3h18HgVEYV54Md_fA-Sxwh4bJ8yNMuPH1eGa4gflGaJZhlyXFmDf2h2lN4JnEFtD29uPAk8iEfz4D2Oeq3wpXvQZg92_Ki4HI158NvR9oWPIz9E_nhu5DkOHts-hFk-6MjF48LPodmjEl2yBxdeLQ3-s3iRHof-I7yD3TkO8-iJrOuhO4i5_KjyoOzw48elJ7gw5T1yG3P2SNCo53iY4tmGyjKaH78SPMlyfIe_4Mev5NB1NFM-5FOWDiUzCy8uZjK4JjtCQ8t55GKOXcmGixX-4kzyoD-a5ziSPQnCzA8ePcGZ5EeVMETz48f7GFeO8Efywz_KvMIlbrhoNBaLPh8uC6djTFEyVLrxXMiPMCRR6sQRq3xwhRbk7AhF5biSYGaio1nGVHj-4KdwJjn-BOmeB8pF5NFxoceU-8h36MNooomiZMGlHdtR3KyQX6hXEZ6Ch0h14SfEI3SmY390fIefIeZxhilU5UfIHU11nM9w6uhxFU9zTPSBmD6S5_iFfwuqJAu2SST6BF-OH3wshM8TOAlFqMtRKuFRwv_xFc2YHyov40uOm0dzSeiN3AeP70HqXNAjHbF0Cl764Nu7YeKroVHy4E3wE_3hE5GuQy8exVCPXwgP5Mc-HWp1PPsyhDmz4znKr_Bz1DHqCemh-kiTdygv4fGKUjH8FdWJrlqP-NCoTA_yXMNueEz24j6-o28MR6SRLoT2Iy76w9_RhQkqRaE1uMrxoTlyE9_AZDrCUsHt44ifBI1Ko8-oQ9qRKz1hRtlxnpiuFmE-4lFu6MmDmEKVBtt5lD2eLcfRnEa_6AiTGJVS6AyHujsiZbtkVEqUkMFT9D8u5bjRHwnbCdGP5wqoJMclH86co5yLwnGPaced6Oh35IWvow9z6DE-XcE-bsGW58dDC2FyBtPzCcclHjdjdNnRpMnxCxdu4dnxPMijH9w5aK8RRhNxJsdvrD3OF_sy4pbygHNwP0BuqeCoB1p8hD5OfCXeC3kuXFISKPqHSNlyPE6Di_ywnpiSEz2P8hSRJT_0ozJjhFFW4Sru4XPw4s6J8_h-POh2I6FThFZGge7x4PvwdBnxPGhUKaiovMhzB9-CS6Kh55A5_MFj9HuCn6j2E2eOKpkG98O5o7RSHGcUOdBz4imN0AejHleWEGVGhBnxH0lT3fiD58KXXUZzoZSY4Bnip1C0MMuE5kfzJTp6QvmR72CWB_6RdouDxOGB7ThXFjZyKcmJe8eh_eEQNvvgLfdwHz9OWMcjRTciOnmFQ-WFp0QenvhxHx5DlBKPVofDRUeo5EkPBuJl4rlElLpw4Seccxw-yErQ_NDILC6uxRKuvOB_tJNIwjruQdeLPvhRHu54TK08nIF6ND-mH0-eHCWZonE35B-qwypRPciP53hyBVfKDz1GP4SF6oWuKRzyqDu842LweNg3hLkheTnSHn2YY6R5WA-uB3eO68rwHKE3Izkl