{"lowlevel":{"average_loudness":0.784114301205,"barkbands":{"dmean":[0.00000238894904214,0.000385602004826,0.00206055678427,0.00170021457598,0.00170850916766,0.00086347112665,0.00126229901798,0.00102047121618,0.000640068494249,0.000219550609472,0.000160154828336,0.000280850799754,0.000238138600253,0.000161513788044,0.000138193703606,0.000091546215117,0.0000969832908595,0.00012065001647,0.000146822771057,0.000028728185498,0.0000162591095432,0.000017229871446,0.0000209667978197,0.0000448536193289,0.0000274979738606,0.00000154882354764,2.9574545124e-7],"dmean2":[0.00000401161423724,0.000645912019536,0.003145247465,0.00272746989504,0.002657168312,0.00133783649653,0.00183529732749,0.00144675408956,0.000808345503174,0.000286406720988,0.000239357585087,0.000395283626858,0.000323977990774,0.000239666187554,0.000206375785638,0.000135668931762,0.000135303780553,0.000175588254933,0.000204487485462,0.0000441135562141,0.0000249858894676,0.0000281888787868,0.0000351423150278,0.0000783305513323,0.0000492685758218,0.00000269745623882,5.03009005115e-7],"dvar":[7.82930231064e-12,3.65555791859e-7,0.00000998227642413,0.00000767985056882,0.00000811704467196,0.00000287174430014,0.0000104438777271,0.00000735694538889,0.00000539979100722,0.00000106211086859,9.53388337166e-7,0.00000159950707257,0.00000140834220019,3.70004073602e-7,3.92791662307e-7,8.24971664315e-8,4.41425669351e-8,5.72442822033e-8,1.46739068896e-7,7.86542031506e-9,1.20756660227e-9,1.04094088904e-9,1.75398184865e-9,9.76915348616e-9,5.10119146924e-9,1.48702369862e-11,3.11567481884e-12],"dvar2":[2.09199896989e-11,8.89471664323e-7,0.000022739994165,0.000018921758965,0.0000192349889403,0.00000632454202787,0.0000203079907806,0.0000142039243656,0.00000742099609852,0.00000153683856752,0.00000237790482061,0.00000275551747109,0.00000204977072826,7.27117878796e-7,7.85094925959e-7,1.59324315518e-7,8.17566387923e-8,1.1761065366e-7,2.76484655615e-7,1.72316863001e-8,2.58217691673e-9,2.61694155235e-9,4.4456993642e-9,2.61425689985e-8,1.40301192886e-8,4.0761193032e-11,9.19454443138e-12],"max":[0.000106832900201,0.00921876635402,0.0543941929936,0.0455269441009,0.0435274876654,0.0338549278677,0.0903154239058,0.0641188621521,0.0932612940669,0.0409565120935,0.041805408895,0.0571007505059,0.0548458918929,0.0249610710889,0.0243648272008,0.00867395009845,0.00559596624225,0.00504619255662,0.0166747327894,0.00371913611889,0.00169260543771,0.000588408613112,0.000589992268942,0.00138217105996,0.00101150549017,0.0000706895662006,0.0000629545902484],"mean":[0.00000964744594967,0.000500777270645,0.00387224880978,0.00218503247015,0.00304176588543,0.00157561874948,0.00216720649041,0.00190797436517,0.00127971009351,0.000394347094698,0.000218399014557,0.000378233467927,0.00034163435339,0.000243501039222,0.00019907191745,0.000162000578712,0.000208497323911,0.000220513160457,0.000282029679511,0.0000513190898346,0.0000286041122308,0.0000210390389839,0.000020159086489,0.0000343833271472,0.0000190402206499,0.0000012149274653,5.51793050363e-7],"median":[0.00000950204776018,0.000226346644922,0.00179199315608,0.00115291343536,0.00172955682501,0.000631798640825,0.000424194062361,0.000239303306444,0.000125383827253,0.0000507270378876,0.0000207340199267,0.0000284336711047,0.0000208428900805,0.0000196381115529,0.0000174785054696,0.0000227760701819,0.0000300710416923,0.0000396691357309,0.0000335755466949,0.00000563546109333,0.00000533444836037,0.00000545927514395,0.00000397921394324,0.00000445841669716,0.00000158350110269,2.30427787073e-7,3.98223420461e-7],"min":[1.62080594182e-25,5.12482254482e-25,1.88439493861e-25,1.08992256995e-24,6.45749743543e-24,1.86920137897e-24,8.93156047728e-24,3.63086918365e-24,8.73921410048e-24,1.54117451579e-23,1.30528538361e-23,2.71852480437e-23,2.19637004037e-23,1.91507928097e-23,4.62789194352e-23,4.96239263317e-23,6.28634672564e-23,8.298532733e-23,1.25537986549e-22,1.1131505162e-22,2.40801899155e-22,3.14418979432e-22,4.13069784297e-22,4.76026438114e-22,9.02354790661e-22,1.25250422136e-21,1.902675352e-21],"var":[1.80017042939e-11,6.43671342004e-7,0.0000360011581506,0.00000967148480413,0.0000148613225974,0.00000688975296725,0.0000319953542203,0.0000222264297918,0.0000209754562093,0.00000291294259114,0.00000120200888887,0.0000035059745187,0.00000379813536711,9.63321440395e-7,9.18643593195e-7,2.97241314229e-7,2.09761907399e-7,1.64872659525e-7,4.27515459478e-7,3.92109384961e-8,6.71210420577e-9,1.5766626893e-9,1.7816360609e-9,6.98110369513e-9,3.25362825571e-9,9.83662283571e-12,1.68324046108e-12]},"barkbands_crest":{"dmean":2.52795696259,"dmean2":4.00859498978,"dvar":4.73966312408,"dvar2":11.3569478989,"max":26.2438049316,"mean":10.7083005905,"median":10.0301952362,"min":3.31758403778,"var":14.7426757812},"barkbands_flatness_db":{"dmean":0.031193530187,"dmean2":0.0446127653122,"dvar":0.000854286190588,"dvar2":0.00169805064797,"max":0.417311519384,"mean":0.184721067548,"median":0.180502951145,"min":0.0314991548657,"var":0.00352694233879},"barkbands_kurtosis":{"dmean":6.73066902161,"dmean2":10.4715528488,"dvar":108.919151306,"dvar2":249.423324585,"max":291.054931641,"mean":11.73366642,"median":6.29706335068,"min":-1.87646210194,"var":261.085388184},"barkbands_skewness":{"dmean":0.729600787163,"dmean2":1.10800588131,"dvar":0.590821743011,"dvar2":1.35527968407,"max":11.7992372513,"mean":2.30819177628,"median":2.14680790901,"min":-2.28334856033,"var":2.60882401466},"barkbands_spread":{"dmean":5.40488195419,"dmean2":8.48319244385,"dvar":61.564163208,"dvar2":146.420211792,"max":92.1998062134,"mean":13.110742569,"median":10.063747406,"min":0.284463614225,"var":121.564071655},"dissonance":{"dmean":0.0278811920434,"dmean2":0.0441399663687,"dvar":0.000667023472488,"dvar2":0.0016327756457,"max":0.5,"mean":0.426493793726,"median":0.437083661556,"min":0.0950823575258,"var":0.00287612527609},"dynamic_complexity":3.87965297699,"erbbands":{"dmean":[0.00265636574477,0.138047575951,1.77795290947,3.69453024864,6.87401294708,5.65650367737,4.73725891113,9.68132209778,14.5612506866,20.6469345093,20.1206016541,15.3390321732,8.54430007935,6.7803940773,6.43805980682,10.9678859711,9.43686389923,7.53246879578,7.69939899445,4.92767810822,4.88044786453,5.62992048264,5.04015350342,9.23866653442,4.30844449997,1.25100541115,0.668815493584,0.670096993446,0.593107819557,0.5683183074,0.61718660593,0.771838665009,0.836445629597,0.47788631916,0.0910665541887,0.0129126571119,0.00205526640639,0.000583228189498,0.0000405026403314,0.00000843542056828],"dmean2":[0.00448868703097,0.227407664061,2.73912405968,5.8577709198,10.7497749329,8.84812068939,7.18220853806,14.9495820999,21.3316307068,30.141292572,27.4768428802,18.9420528412,10.3663463593,9.30231666565,9.15534877777,14.9386482239,12.4646043777,10.4825229645,10.7346534729,7.13219881058,6.83934116364,7.83099269867,7.22849988937,12.9286775589,5.94094944,1.81935846806,1.0433562994,1.02144896984,0.967760980129,0.947488486767,1.04309725761,1.33658051491,1.47469604015,0.854865252972,0.16300073266,0.0230385866016,0.0035217772238,0.000995989772491,0.0000673597460263,0.0000121142738863],"dvar":[0.0000218597615458,0.0412727333605,6.90917491913,28.2393703461,142.034423828,101.320243835,87.6830291748,419.119140625,1493.41906738,2429.67431641,2623.39550781,3523.8359375,1722.7130127,1049.83190918,671.693115234,2708.25317383,1571.45861816,857.634887695,1192.9432373,292.272064209,187.581817627,157.425643921,95.1276702881,455.232513428,134.535415649,15.485625267,2.4463031292,1.71398711205,1.33394169807,1.30065095425,1.59772789478,2.77122282982,3.87565970421,1.49207472801,0.0580500662327,0.000919772603083,0.0000377690594178,0.000013424077224,3.4664225268e-8,1.27097873892e-10],"dvar2":[0.0000570272131881,0.100426413119,15.4258041382,74.3841171265,358.823547363,234.386779785,181.168426514,926.987182617,2972.29003906,4904.38769531,4638.27734375,5248.19726562,2405.28710938,2232.82739258,1564.9519043,4529.54199219,2588.15356445,1409.22167969,2206.59545898,585.645568848,334.113525391,294.889953613,191.254714966,822.666625977,251.205337524,33.9165725708,4.97428941727,3.50363492966,3.41000270844,3.245916605,4.12132883072,7.41030550003,10.45773983,4.09276676178,0.159345418215,0.00247776461765,0.000106550636701,0.0000395523129555,1.01183438517e-7,2.57081050892e-10],"max":[0.101668789983,2.99397206306,45.7592010498,65.7782516479,218.083602905,192.458862305,161.129180908,412.625518799,1020.41882324,1398.42041016,1222.65075684,2479.97827148,1758.91162109,857.513977051,869.541748047,2376.88574219,1943.13317871,1246.56115723,1683.84411621,539.67767334,380.618164062,337.289154053,277.040557861,616.884887695,512.080383301,187.429382324,95.9834213257,40.6997871399,23.0733318329,19.2522640228,17.255147934,17.6107807159,31.273859024,18.3628959656,3.70980978012,0.37851703167,0.144425868988,0.112969987094,0.00659670541063,0.000197142071556],"mean":[0.00425610505044,0.216665163636,3.33990073204,6.10154676437,9.86667442322,10.1337528229,8.5160036087,17.4706344604,25.7697429657,37.6360549927,38.5409317017,30.8401508331,17.1993999481,12.0999107361,9.82584953308,15.3956871033,14.4857873917,13.463136673,13.4330806732,7.83037757874,10.0138406754,12.0308389664,10.4097929001,17.7746086121,9.13623332977,2.50559043884,1.20179927349,1.20709109306,0.752754867077,0.571627140045,0.576296687126,0.631190359592,0.615332722664,0.335491746664,0.0624552890658,0.0091327894479,0.00174078636337,0.000551520322915,0.0000753883723519,0.0000295505469694],"median":[0.00230397889391,0.115707598627,1.64479732513,3.71858310699,4.95440578461,4.75299167633,4.18223667145,5.89306306839,6.41534328461,9.56993103027,6.34137487411,3.01373839378,2.07937765121,1.46114122868,1.11503338814,0.957782149315,0.898638367653,1.1163122654,1.14344239235,0.89229619503,1.45597279072,1.87164974213,2.0693526268,2.4502286911,1.11808609962,0.327832937241,0.193523675203,0.260236978531,0.208953619003,0.123521067202,0.109257504344,0.0980858504772,0.0655182152987,0.0297047477216,0.00499528506771,0.00105221150443,0.000430016079918,0.000173316599103,0.0000538658568985,0.0000223096976697],"min":[1.93054048139e-23,2.17614689687e-22,1.39624462425e-21,2.97827207538e-21,1.06674189225e-20,2.34641606848e-20,5.7627605325e-20,4.87324572156e-20,1.04649540276e-19,1.22908854364e-19,2.09329453589e-19,2.20128787625e-19,3.1506332425e-19,6.15736342481e-19,5.06928901308e-19,1.31584117833e-18,1.39193217871e-18,1.27067908144e-18,2.63129668371e-18,2.19977392893e-18,3.62583950883e-18,4.02616597398e-18,4.86063032542e-18,5.74767523967e-18,6.99621917472e-18,6.26090193227e-18,8.36504592418e-18,9.76071468451e-18,9.77966870107e-18,1.00317007075e-17,1.16912839239e-17,9.83545789748e-18,8.25111833841e-18,8.02846034267e-18,6.41551853237e-18,4.08816192012e-18,2.18897591321e-18,9.49117374601e-19,2.29202493655e-19,2.57890115732e-20],"var":[0.000034463191696,0.0814455226064,24.6049346924,51.306678772,205.970687866,215.582748413,168.442306519,1030.66662598,3937.93774414,6972.82373047,7549.83496094,11896.4394531,5348.60009766,2297.56225586,1067.27270508,6467.98828125,4758.65869141,3277.17333984,4067.68774414,667.737182617,969.272094727,676.159545898,342.383209229,1426.58325195,544.393798828,89.3824310303,20.0529899597,8.95521831512,1.85758721828,1.44844925404,1.50428450108,2.07959127426,2.6505253315,0.962800264359,0.0369273461401,0.000610928807873,0.0000235020415857,0.00000722588356439,1.97679792535e-8,5.62042246077e-10]},"erbbands_crest":{"dmean":2.59003853798,"dmean2":4.06785678864,"dvar":5.77994823456,"dvar2":13.758808136,"max":29.5523357391,"mean":9.43009757996,"median":8.84721088409,"min":2.22882175446,"var":14.9080209732},"erbbands_flatness_db":{"dmean":0.026226401329,"dmean2":0.0359734632075,"dvar":0.000565349531826,"dvar2":0.00107397313695,"max":0.38508617878,"mean":0.185954153538,"median":0.188134729862,"min":0.0243390724063,"var":0.00293509708717},"erbbands_kurtosis":{"dmean":1.57212591171,"dmean2":2.4679441452,"dvar":5.53404521942,"dvar2":13.1758670807,"max":41.2307701111,"mean":1.49009537697,"median":0.342365860939,"min":-1.76560914516,"var":13.0376005173},"erbbands_skewness":{"dmean":0.462640076876,"dmean2":0.699401736259,"dvar":0.208602413535,"dvar2":0.482073992491,"max":5.47166442871,"mean":0.895589888096,"median":0.909567952156,"min":-1.91885900497,"var":0.83666408062},"erbbands_spread":{"dmean":11.5178442001,"dmean2":17.7974777222,"dvar":229.745147705,"dvar2":512.90423584,"max":148.180831909,"mean":37.2160835266,"median":33.7171020508,"min":1.77717137337,"var":475.18081665},"gfcc":{"cov":[[39189.328125,3534.14794922,-4694.84472656,1164.64770508,-2400.49560547,-262.47644043,-1659.44836426,402.159576416,-622.137817383,-677.116821289,-194.360275269,-640.397338867,-805.824890137],[3534.14794922,1532.13122559,-358.990661621,-355.654846191,93.2635726929,-313.881744385,68.9897689819,-53.1782608032,23.6161327362,-122.133720398,20.5596809387,0.443403571844,-121.733978271],[-4694.84472656,-358.990661621,1365.42236328,-87.3169250488,214.047668457,194.832504272,85.657119751,-110.539352417,14.9673690796,144.394119263,-71.1664505005,121.534454346,185.5572052],[1164.64770508,-355.654846191,-87.3169250488,576.804138184,-66.1950836182,41.3853683472,-139.373519897,-0.733213543892,-13.8725099564,-31.5654582977,-38.6716918945,-44.0410346985,19.6273422241],[-2400.49560547,93.2635726929,214.047668457,-66.1950836182,478.474182129,-59.9669189453,102.501098633,-87.7010879517,76.1153640747,55.9197158813,6.7256937027,33.1040153503,36.4954719543],[-262.47644043,-313.881744385,194.832504272,41.3853683472,-59.9669189453,305.318084717,-22.9300060272,-3.27310585976,-39.113571167,46.5839996338,-17.604347229,-34.5049514771,26.0213909149],[-1659.44836426,68.9897689819,85.657119751,-139.373519897,102.501098633,-22.9300060272,339.799133301,31.5922031403,7.00878381729,-47.6192131042,21.3735904694,33.4537658691,-11.4911432266],[402.159576416,-53.1782608032,-110.539352417,-0.733213543892,-87.7010879517,-3.27310585976,31.5922031403,169.182418823,-4.61616182327,-64.8305511475,42.6432113647,2.63510560989,-49.8882102966],[-622.137817383,23.6161327362,14.9673690796,-13.8725099564,76.1153640747,-39.113571167,7.00878381729,-4.61616182327,119.312019348,32.4493904114,3.59219765663,-5.08603239059,1.69994390011],[-677.116821289,-122.133720398,144.394119263,-31.5654582977,55.9197158813,46.5839996338,-47.6192131042,-64.8305511475,32.4493904114,140.843200684,-21.2641906738,-15.5176534653,50.248550415],[-194.360275269,20.5596809387,-71.1664505005,-38.6716918945,6.7256937027,-17.604347229,21.3735904694,42.6432113647,3.59219765663,-21.2641906738,115.267784119,30.1780223846,-47.569694519],[-640.397338867,0.443403571844,121.534454346,-44.0410346985,33.1040153503,-34.5049514771,33.4537658691,2.63510560989,-5.08603239059,-15.5176534653,30.1780223846,97.4543380737,18.6397209167],[-805.824890137,-121.733978271,185.5572052,19.6273422241,36.4954719543,26.0213909149,-11.4911432266,-49.8882102966,1.69994390011,50.248550415,-47.569694519,18.6397209167,115.892913818]],"icov":[[0.00106212962419,-0.00360761350021,0.00234517618082,-0.00283242668957,0.00293650012463,-0.00249628978781,0.00292157940567,-0.00237367814407,0.00318360119127,-0.00262390007265,0.00340122054331,-0.00171369651798,0.00198687496595],[-0.00360761350021,0.0135186351836,-0.00791206769645,0.0104922456667,-0.010124431923,0.00941409356892,-0.00967261847109,0.00908001232892,-0.0109116313979,0.0102846575901,-0.0112726455554,0.00637923087925,-0.00592133123428],[0.00234517618082,-0.00791206769645,0.00656172214076,-0.00615847855806,0.00611136062071,-0.00645862985402,0.00619460083544,-0.00519298855215,0.00689465180039,-0.0064993663691,0.00832909997553,-0.00579271931201,0.00350430398248],[-0.00283242668957,0.0104922456667,-0.00615847855806,0.0103174252436,-0.00802601873875,0.00696740020066,-0.00666660023853,0.00704089878127,-0.00875602383167,0.00932729803026,-0.00865947455168,0.00575913814828,-0.00562367029488],[0.00293650012463,-0.010124431923,0.00611136062071,-0.00802601873875,0.0112535422668,-0.0063693751581,0.00707584433258,-0.00515646161512,0.00734263658524,-0.00790383014828,0.00858861207962,-0.00483099697158,0.00534734642133],[-0.00249628978781,0.00941409356892,-0.00645862985402,0.00696740020066,-0.0063693751581,0.0113257700577,-0.0068450900726,0.00580678926781,-0.00580530008301,0.00580219272524,-0.0086842989549,0.00723301572725,-0.00418234430254],[0.00292157940567,-0.00967261847109,0.00619460083544,-0.00666660023853,0.00707584433258,-0.0068450900726,0.0121158892289,-0.00702436966822,0.00862671528012,-0.00487958546728,0.0094038490206,-0.0045702252537,0.00543534103781],[-0.00237367814407,0.00908001232892,-0.00519298855215,0.00704089878127,-0.00515646161512,0.00580678926781,-0.00702436966822,0.014970513992,-0.00871983077377,0.0100039904937,-0.00967449974269,0.00447861198336,-0.0026779519394],[0.00318360119127,-0.0109116313979,0.00689465180039,-0.00875602383167,0.00734263658524,-0.00580530008301,0.00862671528012,-0.00871983077377,0.0203154925257,-0.0112000601366,0.00993936229497,-0.00390027603135,0.00647650612518],[-0.00262390007265,0.0102846575901,-0.0064993663691,0.00932729803026,-0.00790383014828,0.00580219272524,-0.00487958546728,0.0100039904937,-0.0112000601366,0.0212561376393,-0.00992002803832,0.00859871972352,-0.00811280403286],[0.00340122054331,-0.0112726455554,0.00832909997553,-0.00865947455168,0.00858861207962,-0.0086842989549,0.0094038490206,-0.00967449974269,0.00993936229497,-0.00992002803832,0.0246398039162,-0.0118686743081,0.0121303293854],[-0.00171369651798,0.00637923087925,-0.00579271931201,0.00575913814828,-0.00483099697158,0.00723301572725,-0.0045702252537,0.00447861198336,-0.00390027603135,0.00859871972352,-0.0118686743081,0.0207069031894,-0.00741649931297],[0.00198687496595,-0.00592133123428,0.00350430398248,-0.00562367029488,0.00534734642133,-0.00418234430254,0.00543534103781,-0.0026779519394,0.00647650612518,-0.00811280403286,0.0121303293854,-0.00741649931297,0.0198013484478]],"mean":[-102.902633667,120.35912323,-95.6621627808,25.3360424042,-56.0547142029,-8.630859375,-43.7821235657,2.4396853447,-18.4614906311,-15.3294506073,-11.3117809296,-14.1632480621,-18.0063018799]},"hfc":{"dmean":3.75174665451,"dmean2":5.00312232971,"dvar":32.6331672668,"dvar2":51.7944869995,"max":170.747741699,"mean":10.8333778381,"median":5.47877502441,"min":1.04479932474e-16,"var":225.028289795},"melbands":{"dmean":[0.0000601438441663,0.000673016940709,0.000771152786911,0.000410865788581,0.000187571102288,0.000199221554794,0.000235549130593,0.000231968660955,0.000153933593538,0.0000966970910667,0.0000437235939899,0.0000288747141894,0.0000212682207348,0.0000261911463895,0.0000302146545437,0.0000227687469305,0.0000146806287376,0.0000142255103128,0.00000912783707463,0.0000062598801378,0.00000564618949284,0.00000632162436887,0.00000463850574306,0.00000577175069338,0.00000831931629364,0.0000044875837375,0.00000172215754901,6.54406051126e-7,4.55907496644e-7,3.48660137206e-7,4.3477675149e-7,3.57831538622e-7,3.06739451617e-7,3.25364794662e-7,3.38368977282e-7,4.1726630684e-7,4.95867766404e-7,5.70379256715e-7,6.17654791313e-7,3.3091083651e-7],"dmean2":[0.000101417543192,0.00103845645208,0.00120496551972,0.000645667430945,0.000282459659502,0.000307328271447,0.000343646097463,0.000335567339789,0.000209298115806,0.000118529271276,0.0000534454738954,0.0000397991971113,0.0000308606868202,0.0000366469830624,0.0000439471477875,0.0000303386586893,0.0000211470778595,0.0000202265655389,0.0000135480495373,0.00000946075306274,0.00000799544977781,0.00000877485581441,0.00000668685743221,0.00000837682091515,0.0000116996125143,0.00000622440347797,0.00000250679931924,9.93201410893e-7,7.1779601285e-7,5.4311766462e-7,6.59818169879e-7,5.79518484756e-7,5.21126082731e-7,5.42805196346e-7,5.74215448523e-7,7.12442158601e-7,8.64028436354e-7,0.0000010036412732,0.00000110304085865,5.94192783865e-7],"dvar":[9.57337231711e-9,9.71766894509e-7,0.00000124902487642,4.99998520809e-7,1.26369741338e-7,1.65192773238e-7,3.69550321011e-7,2.90776455358e-7,1.4301133433e-7,1.49197660448e-7,4.6152599964e-8,1.81082135953e-8,1.24319470274e-8,1.11485425336e-8,2.75776734782e-8,1.80900467939e-8,3.22463100666e-9,4.33277325129e-9,1.53287460503e-9,4.73851125005e-10,2.35269831395e-10,2.10381836951e-10,1.18237669655e-10,1.23413862463e-10,3.8839223504e-10,2.00160069075e-10,2.79935918196e-11,5.12659749721e-12,1.6341053944e-12,4.86266300663e-13,7.47544062242e-13,4.66594428025e-13,4.32404220936e-13,4.4848098759e-13,5.0555826886e-13,8.07505700761e-13,1.23141384242e-12,1.82787270563e-12,2.48002139658e-12,7.65806417845e-13],"dvar2":[2.36085373473e-8,0.00000220345509661,0.00000312473775921,0.00000123898212223,2.53805893635e-7,3.59834331221e-7,7.23248717804e-7,5.83686073696e-7,2.46105258839e-7,2.04728209496e-7,6.31632204318e-8,3.71216302142e-8,3.12670458413e-8,2.02090255641e-8,5.23201428848e-8,2.5314989216e-8,5.86741233377e-9,8.09481015551e-9,3.0564664133e-9,9.74334612991e-10,4.11532419253e-10,3.95914245832e-10,2.43143949419e-10,2.39831265958e-10,7.08204550559e-10,3.83463677478e-10,5.6811291782e-11,1.20301312315e-11,3.23400724603e-12,1.07879352153e-12,1.52239765933e-12,1.17644045547e-12,1.12608804659e-12,1.10833944019e-12,1.300562197e-12,2.14468243512e-12,3.32022191858e-12,4.9315104951e-12,6.78726389328e-12,2.11006364291e-12],"max":[0.00150195136666,0.0167847909033,0.0168313719332,0.0121748875827,0.00618825247511,0.00816066749394,0.0167374368757,0.0122278016061,0.00808462779969,0.0171969495714,0.00879059452564,0.0033170231618,0.00476610148326,0.00414537265897,0.00762930233032,0.00730357831344,0.0021380612161,0.00307671399787,0.00134308973793,0.00075524271233,0.000543972477317,0.000403976620873,0.000421825505327,0.000254428945482,0.000551372009795,0.000748883117922,0.000224466741201,0.0000913326512091,0.0000866293848958,0.0000185684020835,0.000027225816666,0.0000116839346447,0.000013548113202,0.00000955072118813,0.000010159530575,0.0000113716996566,0.0000137330507641,0.0000203962936212,0.0000234065701079,0.0000131505858008],"mean":[0.0000806123425718,0.00126503861975,0.00127069675364,0.000704400299583,0.000342457497027,0.000362833205145,0.000418412353611,0.000428734172601,0.00029116650694,0.000191653933143,0.0000828740885481,0.0000496236134495,0.0000307774098474,0.0000373091061192,0.0000385540879506,0.0000332106210408,0.0000236977612076,0.0000230994864978,0.0000129443424157,0.00001021927892,0.0000113182040877,0.0000128632300402,0.00000930060832616,0.0000108245885713,0.0000153868168127,0.00000861900480231,0.00000373649049834,0.00000110013968424,7.79350955327e-7,5.78386050165e-7,7.69553309965e-7,4.66864179316e-7,2.96847844083e-7,3.23488819731e-7,3.16916015208e-7,3.65693182403e-7,3.88796735251e-7,4.19620505454e-7,4.36098730461e-7,2.29855828593e-7],"median":[0.0000365633677575,0.000636698794551,0.000793341547251,0.000388539861888,0.000172202358954,0.000129010746605,0.000101224773971,0.0000927979999688,0.000042140178266,0.0000170865241671,0.00000997746701614,0.00000609423932474,0.00000337788151228,0.00000300572492051,0.00000174288322796,0.00000217074102693,0.00000189326078726,0.00000178719017185,0.00000128712622427,0.00000141120028729,0.00000151140602611,0.00000168195197148,0.0000018247819753,0.0000018227617602,0.0000019687877284,9.83889094641e-7,3.07038931169e-7,1.35061611672e-7,1.06686641743e-7,1.07757138323e-7,1.61573382229e-7,1.26014754187e-7,6.57633876244e-8,6.2401085188e-8,5.60243904602e-8,6.52712088822e-8,5.22294669736e-8,4.27737489872e-8,4.03458777498e-8,1.84619146637e-8],"min":[1.93282310958e-25,6.97039369398e-25,8.69661363945e-25,1.14867160536e-24,1.73135385224e-24,1.23287284345e-24,1.09983746685e-24,1.1804608263e-24,1.43972370989e-24,1.11594068172e-24,1.48274088669e-24,1.84474807142e-24,1.72800355998e-24,2.99661495787e-24,2.95318520681e-24,2.04092515677e-24,1.50760193673e-24,3.90375786444e-24,3.83364232946e-24,3.15077139496e-24,3.67546822378e-24,3.52515038386e-24,3.84521294679e-24,3.93848746579e-24,4.03005488979e-24,4.20948603585e-24,3.82977415001e-24,3.23142985872e-24,4.0293011332e-24,4.6651877094e-24,4.68878332794e-24,4.02142514592e-24,5.38904687046e-24,4.12718772748e-24,4.98245060497e-24,5.51279903054e-24,5.0629286168e-24,4.95700195217e-24,5.24331389012e-24,6.31937577954e-24],"var":[1.67005911322e-8,0.00000335406161867,0.00000211400902117,8.87733961008e-7,2.47952186783e-7,4.10401895579e-7,0.00000106216327822,8.787382626e-7,4.25546915039e-7,5.35527817647e-7,1.35937412438e-7,3.90217138602e-8,1.51537644655e-8,2.52733958206e-8,4.51277699653e-8,4.92049494483e-8,9.77317426987e-9,1.32015092191e-8,2.99503466472e-9,1.24559829118e-9,1.22246490708e-9,8.8652207797e-10,3.87997828311e-10,3.90895149582e-10,1.16939291583e-9,5.05729513822e-10,1.95675323167e-10,2.01516546505e-11,1.27648898396e-11,2.30133230181e-12,3.7498411494e-12,7.47889001163e-13,4.06199515213e-13,5.11396968609e-13,4.87970449638e-13,6.53292036353e-13,8.87526651564e-13,1.25314157922e-12,1.61626159505e-12,4.86711040394e-13]},"melbands_crest":{"dmean":3.31255030632,"dmean2":5.3182849884,"dvar":8.04349422455,"dvar2":19.99077034,"max":38.9760627747,"mean":14.4896917343,"median":13.9400653839,"min":1.60593819618,"var":26.9889755249},"melbands_flatness_db":{"dmean":0.0401772409678,"dmean2":0.0572724565864,"dvar":0.00147464626934,"dvar2":0.00288868998177,"max":0.572986662388,"mean":0.268210113049,"median":0.264781177044,"min":0.0024627961684,"var":0.00774465082213},"melbands_kurtosis":{"dmean":12.6403093338,"dmean2":19.9083805084,"dvar":391.864685059,"dvar2":936.722900391,"max":313.01373291,"mean":23.4978179932,"median":13.7436733246,"min":-1.38116419315,"var":779.711730957},"melbands_skewness":{"dmean":0.936153054237,"dmean2":1.41782820225,"dvar":1.04659712315,"dvar2":2.32349658012,"max":16.7433109283,"mean":3.19674682617,"median":2.8612613678,"min":-0.41070318222,"var":3.87331843376},"melbands_spread":{"dmean":4.72725725174,"dmean2":7.29040670395,"dvar":40.4558753967,"dvar2":95.2927780151,"max":158.935760498,"mean":15.5599660873,"median":9.65220928192,"min":0.374601721764,"var":511.229492188},"mfcc":{"cov":[[11443.2832031,791.100463867,-844.061401367,253.013961792,-118.693840027,-678.19329834,-232.755386353,239.043289185,-398.527130127,9.3389339447,287.784057617,-62.6442146301,-234.797561646],[791.100463867,2397.29541016,-175.195861816,18.634098053,-20.3222999573,-119.658821106,-36.7837944031,80.3773727417,-51.1499938965,-94.6059875488,126.213600159,16.3086185455,-96.8037338257],[-844.061401367,-175.195861816,911.188903809,-46.4328956604,63.9119682312,148.379013062,33.6668167114,-83.1580200195,90.3706893921,-11.9354724884,-136.519775391,-1.41355371475,55.0666389465],[253.013961792,18.634098053,-46.4328956604,425.235748291,97.4451522827,4.59426498413,-49.3820610046,15.0835056305,15.3969287872,-20.8068122864,-38.8240737915,-14.9862556458,-7.7463965416],[-118.693840027,-20.3222999573,63.9119682312,97.4451522827,328.319610596,96.9472198486,-64.5794906616,-88.167137146,3.16948676109,23.5773963928,-33.4153900146,-4.98613357544,13.7653522491],[-678.19329834,-119.658821106,148.379013062,4.59426498413,96.9472198486,286.344512939,31.5234050751,-119.740364075,82.4674911499,24.6381092072,-71.444519043,-0.323509931564,19.3020496368],[-232.755386353,-36.7837944031,33.6668167114,-49.3820610046,-64.5794906616,31.5234050751,187.119659424,70.0132827759,5.68954372406,-12.2691831589,4.59194946289,9.36679649353,2.59281587601],[239.043289185,80.3773727417,-83.1580200195,15.0835056305,-88.167137146,-119.740364075,70.0132827759,258.982727051,-55.5166320801,-24.1041564941,84.0648269653,-1.33526098728,-26.9055175781],[-398.527130127,-51.1499938965,90.3706893921,15.3969287872,3.16948676109,82.4674911499,5.68954372406,-55.5166320801,145.440811157,27.4474601746,-63.4319915771,-22.9161777496,9.15866184235],[9.3389339447,-94.6059875488,-11.9354724884,-20.8068122864,23.5773963928,24.6381092072,-12.2691831589,-24.1041564941,27.4474601746,129.250579834,18.0091705322,-32.1036682129,-3.8259165287],[287.784057617,126.213600159,-136.519775391,-38.8240737915,-33.4153900146,-71.444519043,4.59194946289,84.0648269653,-63.4319915771,18.0091705322,151.058502197,16.1467895508,-37.673866272],[-62.6442146301,16.3086185455,-1.41355371475,-14.9862556458,-4.98613357544,-0.323509931564,9.36679649353,-1.33526098728,-22.9161777496,-32.1036682129,16.1467895508,93.6287002563,22.6361026764],[-234.797561646,-96.8037338257,55.0666389465,-7.7463965416,13.7653522491,19.3020496368,2.59281587601,-26.9055175781,9.15866184235,-3.8259165287,-37.673866272,22.6361026764,83.8503341675]],"icov":[[0.000116593590064,-0.0000182327294169,0.0000387007603422,-0.000071155380283,0.0000203526633413,0.000193769083126,0.0000536095649295,0.0000477674620925,0.000226988762734,-0.0000950702087721,0.0000351621129084,0.0000318243291986,0.000217246037209],[-0.0000182327294169,0.000477219291497,0.0000141623522723,0.0000144957357406,-0.0000733324486646,0.0000750171602704,0.0000659235010971,0.0000308951894112,-0.000213762439671,0.00047507887939,-0.000402617297368,-0.00000994930360321,0.00036138514406],[0.0000387007603422,0.0000141623522723,0.00138819892891,0.0002770369465,-0.000214444415178,-0.000297152175335,-0.000081805177615,-0.000184909411473,-0.000267776515102,0.000134913745569,0.000978361000307,-0.0000516271793458,-0.00022562945378],[-0.000071155380283,0.0000144957357406,0.0002770369465,0.00293379696086,-0.000971620553173,-0.000147418861161,0.000736113695893,-0.00103151367512,-0.000615380180534,0.000591536285356,0.00114471348934,0.0000556827435503,0.000339768856065],[0.0000203526633413,-0.0000733324486646,-0.000214444415178,-0.000971620553173,0.00428088242188,-0.00148295506369,0.0011893119663,0.00062930805143,0.00140393059701,-0.000770796264987,0.00000247553930421,0.000156704976689,-0.000402557314374],[0.000193769083126,0.0000750171602704,-0.000297152175335,-0.000147418861161,-0.00148295506369,0.00643179100007,-0.00215704855509,0.00230113952421,-0.00178866868373,-0.000538480991963,0.000358199875336,-0.000615782453679,0.000876654870808],[0.0000536095649295,0.0000659235010971,-0.000081805177615,0.000736113695893,0.0011893119663,-0.00215704855509,0.00754229072481,-0.00295662390999,0.0000665446204948,0.000259256892605,0.000659155484755,-0.000590829411522,-0.0000724584024283],[0.0000477674620925,0.0000308951894112,-0.000184909411473,-0.00103151367512,0.00062930805143,0.00230113952421,-0.00295662390999,0.00715371128172,0.000489231897518,0.00100518448744,-0.00322824879549,0.00128409196623,0.000144743666169],[0.000226988762734,-0.000213762439671,-0.000267776515102,-0.000615380180534,0.00140393059701,-0.00178866868373,0.0000665446204948,0.000489231897518,0.0109949316829,-0.00263792951591,0.00354884075932,0.00113393017091,0.00081110332394],[-0.0000950702087721,0.00047507887939,0.000134913745569,0.000591536285356,-0.000770796264987,-0.000538480991963,0.000259256892605,0.00100518448744,-0.00263792951591,0.0107219154015,-0.00406599091366,0.00394215155393,-0.00130039348733],[0.0000351621129084,-0.000402617297368,0.000978361000307,0.00114471348934,0.00000247553930421,0.000358199875336,0.000659155484755,-0.00322824879549,0.00354884075932,-0.00406599091366,0.013503909111,-0.00375283020549,0.00446502445266],[0.0000318243291986,-0.00000994930360321,-0.0000516271793458,0.0000556827435503,0.000156704976689,-0.000615782453679,-0.000590829411522,0.00128409196623,0.00113393017091,0.00394215155393,-0.00375283020549,0.0142345651984,-0.00480986014009],[0.000217246037209,0.00036138514406,-0.00022562945378,0.000339768856065,-0.000402557314374,0.000876654870808,-0.0000724584024283,0.000144743666169,0.00081110332394,-0.00130039348733,0.00446502445266,-0.00480986014009,0.0162007547915]],"mean":[-730.77331543,149.740463257,14.3239030838,26.1790142059,10.2147502899,-12.9695529938,-9.17555141449,1.65289258957,-8.55897808075,-3.88581776619,2.33441996574,-3.71591329575,-10.5647764206]},"pitch_salience":{"dmean":0.0792553126812,"dmean2":0.124706380069,"dvar":0.00497449701652,"dvar2":0.0118939587846,"max":0.888343513012,"mean":0.585919439793,"median":0.59734416008,"min":0.0457900688052,"var":0.0162610188127},"silence_rate_20dB":{"dmean":0,"dmean2":0,"dvar":0,"dvar2":0,"max":1,"mean":1,"median":1,"min":1,"var":0},"silence_rate_30dB":{"dmean":0.00345640210435,"dmean2":0.00691389059648,"dvar":0.00344446464442,"dvar2":0.00843769591302,"max":1,"mean":0.995130360126,"median":1,"min":0,"var":0.00484556611627},"silence_rate_60dB":{"dmean":0.0537313446403,"dmean2":0.107479572296,"dvar":0.0508455783129,"dvar2":0.116353109479,"max":1,"mean":0.106346212327,"median":0,"min":0,"var":0.0950404852629},"spectral_centroid":{"dmean":225.432540894,"dmean2":338.410675049,"dvar":87100.5703125,"dvar2":175795.625,"max":11844.5927734,"mean":1109.24072266,"median":682.353271484,"min":131.566955566,"var":3259661.5},"spectral_complexity":{"dmean":2.51468968391,"dmean2":3.80044007301,"dvar":9.16826248169,"dvar2":18.2604465485,"max":42,"mean":10.668551445,"median":9,"min":0,"var":44.7737426758},"spectral_contrast_coeffs":{"dmean":[0.0529135353863,0.0501926988363,0.0409089438617,0.0349486991763,0.0345879234374,0.0256192497909],"dmean2":[0.0869105607271,0.0787832662463,0.0628222823143,0.0531473644078,0.050134383142,0.0380403921008],"dvar":[0.00185481260996,0.00188419222832,0.00126736646052,0.000964238890447,0.0010942153167,0.000604863860644],"dvar2":[0.00498992856592,0.00447379006073,0.00266422936693,0.00194624485448,0.00199149106629,0.00119150662795],"max":[-0.322394222021,-0.391146034002,-0.401412963867,-0.431539803743,-0.531432211399,-0.591655433178],"mean":[-0.574634075165,-0.703189373016,-0.762145757675,-0.791926681995,-0.765227735043,-0.811602532864],"median":[-0.565315127373,-0.707522511482,-0.777309656143,-0.807254612446,-0.782505571842,-0.819067001343],"min":[-0.982331156731,-0.982938885689,-0.975941121578,-0.973947703838,-0.969693779945,-0.965219557285],"var":[0.00966197811067,0.00934961531311,0.00795484799892,0.00552437268198,0.00778443552554,0.00314868381247]},"spectral_contrast_valleys":{"dmean":[0.461841791868,0.437181800604,0.435341626406,0.477344930172,0.483694851398,0.697182059288],"dmean2":[0.772840976715,0.684236645699,0.6522397995,0.711858868599,0.668471992016,0.949597477913],"dvar":[0.161422640085,0.174962818623,0.170357629657,0.212574109435,0.219213113189,0.469609886408],"dvar2":[0.398090690374,0.371412664652,0.351239383221,0.447054117918,0.409000575542,0.874561846256],"max":[-5.9977440834,-4.9185385704,-5.41168689728,-6.23045492172,-6.26995515823,-8.2277135849],"mean":[-8.33919906616,-7.59383630753,-8.81000423431,-9.14901733398,-9.21702384949,-11.4619293213],"median":[-7.72158241272,-6.94498157501,-8.25577449799,-8.60131645203,-8.61750221252,-11.0851345062],"min":[-28.5360450745,-28.1823978424,-28.0117149353,-27.7971878052,-27.5718593597,-27.4093170166],"var":[11.6423835754,12.6193389893,11.1960000992,10.9208583832,10.9472026825,8.88873291016]},"spectral_decrease":{"dmean":1.6732135677e-9,"dmean2":2.37045094664e-9,"dvar":4.61488654596e-18,"dvar2":8.62392615895e-18,"max":1.83978670909e-28,"mean":-4.87036722063e-9,"median":-3.34139960145e-9,"min":-3.70636499269e-8,"var":2.32211468599e-17},"spectral_energy":{"dmean":0.0065787108615,"dmean2":0.0092642493546,"dvar":0.0000717203947715,"dvar2":0.000131785855046,"max":0.155251309276,"mean":0.0193645134568,"median":0.01319086086,"min":9.68198589563e-21,"var":0.000374431401724},"spectral_energyband_high":{"dmean":0.000127981504193,"dmean2":0.000216307016672,"dvar":6.28421048532e-8,"dvar2":1.63917363238e-7,"max":0.00287095271051,"mean":0.000138463379699,"median":0.0000306610127154,"min":6.91262155552e-21,"var":7.18019990131e-8},"spectral_energyband_low":{"dmean":0.00268324813806,"dmean2":0.00414001848549,"dvar":0.0000148619783431,"dvar2":0.000036064098822,"max":0.062518492341,"mean":0.00515340361744,"median":0.00291910697706,"min":1.24915075157e-23,"var":0.0000464491349703},"spectral_energyband_middle_high":{"dmean":0.00103900476824,"dmean2":0.00135770754423,"dvar":0.0000057017537074,"dvar2":0.00000899018778,"max":0.0952402576804,"mean":0.00263899308629,"median":0.000526471994817,"min":1.11545931643e-21,"var":0.000035893124732},"spectral_energyband_middle_low":{"dmean":0.00490106828511,"dmean2":0.00710244197398,"dvar":0.0000478235815535,"dvar2":0.0000943910054048,"max":0.103492431343,"mean":0.0122628770769,"median":0.00783869996667,"min":1.32477943031e-22,"var":0.000171627281816},"spectral_entropy":{"dmean":0.34072291851,"dmean2":0.486053436995,"dvar":0.116791322827,"dvar2":0.224336534739,"max":9.83242702484,"mean":7.04841709137,"median":6.99637699127,"min":4.68768548965,"var":0.597984433174},"spectral_flux":{"dmean":0.0219421330839,"dmean2":0.0345494374633,"dvar":0.000523351831362,"dvar2":0.00119459873531,"max":0.301333189011,"mean":0.0655615627766,"median":0.0570705011487,"min":6.03128311183e-11,"var":0.0018105377676},"spectral_kurtosis":{"dmean":4.69673252106,"dmean2":7.11546707153,"dvar":42.6407165527,"dvar2":89.4588088989,"max":130.172729492,"mean":9.23122406006,"median":6.40836906433,"min":-1.3364212513,"var":130.815765381},"spectral_rms":{"dmean":0.0007340478478,"dmean2":0.00100602325983,"dvar":6.04940964877e-7,"dvar2":0.00000102917545064,"max":0.0123070990667,"mean":0.00384777993895,"median":0.00358735723421,"min":3.07340849819e-12,"var":0.00000408683081332},"spectral_rolloff":{"dmean":326.967010498,"dmean2":558.285461426,"dvar":598677.4375,"dvar2":1505756.75,"max":19832.0800781,"mean":1318.42053223,"median":516.796875,"min":21.533203125,"var":10034333},"spectral_skewness":{"dmean":0.498279482126,"dmean2":0.744373619556,"dvar":0.29770091176,"dvar2":0.607709228992,"max":9.80728912354,"mean":2.06856870651,"median":1.8461151123,"min":-0.0748645365238,"var":1.28721857071},"spectral_spread":{"dmean":1105797.125,"dmean2":1691113.5,"dvar":2016718094340,"dvar2":4307795836930,"max":49399300,"mean":5021320,"median":3310226.75,"min":863774.5,"var":42030919057400},"spectral_strongpeak":{"dmean":0.362193882465,"dmean2":0.578370571136,"dvar":0.288096040487,"dvar2":0.625476956367,"max":12.8720169067,"mean":0.786820411682,"median":0.442092418671,"min":0,"var":0.948763310909},"zerocrossingrate":{"dmean":0.00800244230777,"dmean2":0.0101599944755,"dvar":0.000100393852335,"dvar2":0.000169293809449,"max":0.52783203125,"mean":0.0467800423503,"median":0.0302734375,"min":0.00537109375,"var":0.00672686193138}},"metadata":{"audio_properties":{"analysis_sample_rate":44100,"bit_rate":0,"codec":"flac","downmix":"mix","equal_loudness":0,"length":147.773330688,"lossless":true,"md5_encoded":"8dd4e1f03d08a8d30ff8c9889973ba0f","replay_gain":-8.06489753723,"sample_rate":44100},"tags":{"acoustid_fingerprint":["AQADtAyXJJkS_Eh-hE3Cww9-_Arxh7CL_QVOos_hXsK1w0l1tCrKoqmO7InKQXcHPjmDC_Rj6B2x5QweMQ7yE3cUBl-G4yLy5VAX8UIzZjnC43hwPfCz40d-JPUTVEuOi4G_4zeq5ZTxzFZQaheaPPhC5Zjyo-NxXMfzoAl1hNRr_Hh0IfvxjCVi6bBYFecW_NC05Uj1HW8UCzXY6WiWCH3QNTuaSke-REi2iQmaHc_xo88RRkuSVVC9bOgFLUcIWzRKfBdxPvh_PDnKHWF-SFtW_NCMaJcu9EyM57iKhstQNcxx-kjmIT_2u_jxSLgkOGkGapIuXL0CrznC61CtI8x3VNqHD_fhKuB8ISdjQTot5KiVCDkTJIyTo6uLStnRbK5wwO-RH0l9PGSPN0cHa8riCH4-otJy7NehZRymE1ULK12KdkeY-YL25MgPXuHRHBOVo0ykIzwr_MF0o9lxJRpi2kK7LFbB5EguJUccPphZXDq6SNhyBqUcHZeGizSIPkbCeMmHLrIPTdMUC9t69BqURw-qHk0VIg-eK-giHWds-HhxIn2iQPOWGL8j5LkQJkGfDV_CYEpFS8T3Q1x5nLhQLyVmhbjyInzARMcvRM-FS1I6aOUQpi-u5MB5TEczUcajD9x2hMqPhCMmKzSe46ThM8N3ZRgzPrguZA60I8z04i_eB1dyVD-aWceu8MgVGhp1jEdf6GOHR3pQJjueozkP2VKNnGgmEa0ulBIDP7iPKbH0IE-OmehTIm2-DX0OVrZx7ojaIzdRRa-CH2lf9IeO8ENThegH5w-6PGhHC3m88FBZ5BF8EcWLHMmVyBLRNDz641l2nAz2g88zbMetZ8h96EsaNPOJ7xmew1MY48oHI3yN_XApJxme5Hgmo9kPRn8Qp7mgCzl-NE_RO7h03NGHRkdFOyFyLUXyHM3RI-wye9DSI3uS45J69DqaZymSHzmJNg6-JDf6Y9eCRk2UEMkkXsijoDye4B_-3DAv4s1x1EQScX4QhtGF83iIM0XYKA9028iS5OLwB2d-nGmCJGqOMMdN4cfUB55ubI2OHnN4g9OFqI4kQROV6EibXMjzBHpQqTtyHpeOS8FhPQmu6BiXUwFD0riE6cVEBsmVHSH_BMf-YNaOhkkDhuTx4BJ-nAeT5MKf4DyeKGBe5PoEvUetFz6ePCQibsmRTnvwhIZjHl2zFOqBkMIvfJGb4A-abBl-PHzQfozQjExxB2EeJJEkZcH34hGaiCKF7gilBQl_PB_85fidwOIXVN-N4xWkCFa1o9Lxh_h0lI_RHH-UNPiHHMnk43PgPA_6HAyaTDqeBs9yTDn6405RSvzQskzwE8cxJRtz1MrxC-GTw7lQ78hzXFIQyhlERWIshGrC4_6Ko8cdvqAm6bh4JKN2hPrR1MbDVDiVI1UsI_kY_MHZBu4Flg--8MR34Re0_EItsFpWNBmVo2OS4zr6D9uPPsYzI9mP1Dn--fCDG5eao5mOz0O-OIb2ZEeYXDxy5Wgj5hBHGpOcIdeKPng6Fc4xPRmeIqSUqUHCT8O9HBYuwUuiJ7CO6VFwZUYTbQfTRSyOxj9q3I