{"lowlevel":{"average_loudness":0.130595579743,"barkbands":{"dmean":[0.000958615913987,0.00236272392794,0.00159798469394,0.00161412614398,0.00191135250498,0.000722917087842,0.000442641816335,0.000487071287353,0.000453900924185,0.000454431632534,0.000204401891096,0.000102486053947,0.000187391240615,0.000105137747596,0.000140599920996,0.0000817107938929,0.0000374882401957,0.0000587419999647,0.0000834895981825,0.000184292410268,0.0000397751355194,0.0000055743307712,0.00000200171780307,0.00000143926320106,0.00000136321864375,0.00000165627261595,0.000115234019177],"dmean2":[0.00160416366998,0.00394485704601,0.00254768575542,0.00261404714547,0.00294242915697,0.00111746205948,0.000704990525264,0.000785623909906,0.000737311958801,0.000723466509953,0.00033786232234,0.000165387202287,0.000299211940728,0.000173497130163,0.000227818352869,0.000132392306114,0.0000609636081208,0.000088726344984,0.000122493336676,0.000266902148724,0.0000590554845985,0.00000853156780067,0.00000318082061312,0.00000239683913605,0.00000227038435696,0.00000269797169494,0.00017303385539],"dvar":[0.00000958353939495,0.000035645753087,0.0000111618119263,0.0000142576845974,0.0000214280880755,0.00000723714583728,0.00000331073465532,0.00000604490833211,0.00000267084942607,0.00000323768176713,8.61910734784e-7,1.43370883166e-7,3.9752674752e-7,1.54157433485e-7,2.70623814913e-7,7.26751352431e-8,3.1492170649e-8,5.8279088222e-8,2.32437173509e-7,0.00000260805791186,9.28534475975e-8,7.39574068653e-10,2.63493931535e-11,1.37612542889e-11,1.24941610877e-11,1.7270046504e-11,1.7359762694e-7],"dvar2":[0.0000245505943894,0.00010264737648,0.0000289054787572,0.0000352403876605,0.0000478624569951,0.0000173627995537,0.00000854918016557,0.0000136272028612,0.00000682597055857,0.00000814862687548,0.00000236659161601,3.02746286707e-7,9.20568254514e-7,3.75256746565e-7,7.45252464185e-7,1.92194505644e-7,8.72311147759e-8,1.23552368336e-7,4.84079635044e-7,0.00000619090997134,2.17257124291e-7,1.56220558711e-9,5.87274118224e-11,3.54049602136e-11,3.18277626477e-11,4.33665187094e-11,4.05685597116e-7],"max":[0.0851595550776,0.148968607187,0.0865529105067,0.103501178324,0.129921466112,0.0736200734973,0.0733178779483,0.0741431191564,0.0336879380047,0.0418906994164,0.0175856146961,0.0184731706977,0.0212609861046,0.0126163288951,0.0146794151515,0.00828936509788,0.00793983973563,0.00839421432465,0.0193168725818,0.0712435394526,0.0108463969082,0.00086497142911,0.000135768699693,0.0000991952765617,0.0000943837003433,0.00012759193487,0.013491243124],"mean":[0.00181673746556,0.00400094455108,0.0026231452357,0.00250196945854,0.00325489044189,0.0011585757602,0.000755866931286,0.000696957809851,0.000753553758841,0.000665842322633,0.000289912743028,0.000161844931426,0.000298614351777,0.000186401768588,0.000285571295535,0.000167526348378,0.0000748681486584,0.000111713590741,0.000138945804792,0.000223446681048,0.0000535124454473,0.0000092160244094,0.00000271403246188,0.0000014675043758,0.00000138653695103,0.00000213836915464,0.000364615785656],"median":[0.000194724358153,0.00161652010866,0.000709371466655,0.000551411532797,0.000863692606799,0.000206297612749,0.000107798725367,0.0000513700360898,0.0000572918179387,0.000039875463699,0.0000340920159942,0.0000276337923424,0.0000413162561017,0.0000271025855909,0.0000265884591499,0.0000270993459708,0.0000125852156998,0.0000137693068609,0.0000157731210493,0.0000101590640043,0.00000445949581263,0.0000016685086166,7.00793975739e-7,3.54808207703e-7,3.36908783538e-7,6.21234732989e-7,0.0000389975466533],"min":[4.75382025411e-11,5.98549959596e-11,2.64131563843e-11,9.68022363657e-12,2.23963013933e-12,1.28422984053e-11,1.57987997684e-11,1.85779169826e-11,1.04376151819e-11,1.21215801285e-10,1.22251514467e-10,2.49172377176e-10,3.18647747077e-11,1.37548528123e-10,1.01337105374e-10,1.26279459112e-10,6.54805723532e-11,1.87508879951e-11,1.06753092477e-10,1.12851075706e-10,3.87262652501e-11,2.049490265e-11,1.06649454892e-11,1.6439440087e-11,1.19488342831e-11,2.35614566052e-11,3.62299634737e-10],"var":[0.0000311050862365,0.0000496013271913,0.0000278121260635,0.000034153337765,0.0000459687398688,0.000011470240679,0.00000555464612262,0.0000115126349556,0.00000609165908827,0.00000637759876554,0.00000135805021273,2.88357966838e-7,9.00341376564e-7,4.29532263979e-7,7.98192161255e-7,2.48998162533e-7,8.24531198873e-8,1.87720658573e-7,4.18238158773e-7,0.00000287313628178,1.1832799629e-7,1.30000288312e-9,4.99325546188e-11,1.40927920375e-11,1.28156808082e-11,2.49978527461e-11,0.00000118629588997]},"barkbands_crest":{"dmean":2.8784635067,"dmean2":4.72320508957,"dvar":5.59508895874,"dvar2":15.0585250854,"max":25.2535095215,"mean":11.6280317307,"median":11.0596427917,"min":3.1716094017,"var":17.0741252899},"barkbands_flatness_db":{"dmean":0.0334041453898,"dmean2":0.054668892175,"dvar":0.00109778693877,"dvar2":0.0032219979912,"max":0.526519298553,"mean":0.193725168705,"median":0.184746161103,"min":0.0633389875293,"var":0.00440961867571},"barkbands_kurtosis":{"dmean":10.4167127609,"dmean2":17.0371952057,"dvar":264.024047852,"dvar2":685.664489746,"max":271.267059326,"mean":24.2335796356,"median":14.8870668411,"min":-1.75512290001,"var":923.055114746},"barkbands_skewness":{"dmean":0.838286340237,"dmean2":1.32852375507,"dvar":0.691793978214,"dvar2":1.65870380402,"max":14.5748910904,"mean":3.4156370163,"median":3.17650604248,"min":-2.50176405907,"var":3.89973831177},"barkbands_spread":{"dmean":5.31099843979,"dmean2":8.29721260071,"dvar":61.5878753662,"dvar2":127.451889038,"max":104.681442261,"mean":16.6353549957,"median":10.4547195435,"min":0.246470764279,"var":280.103515625},"dissonance":{"dmean":0.0226736161858,"dmean2":0.0378297641873,"dvar":0.000532180303708,"dvar2":0.00147959555034,"max":0.499999791384,"mean":0.456532686949,"median":0.465692043304,"min":0.219504356384,"var":0.00117040146142},"dynamic_complexity":5.89023256302,"erbbands":{"dmean":[0.0894711911678,0.482026070356,1.42441248894,4.21842288971,5.72975301743,6.31576347351,6.32080936432,5.83693933487,5.46076774597,8.81673145294,10.5941085815,9.75380420685,13.6157779694,11.0616464615,6.74645471573,4.50275659561,8.34024906158,5.94878149033,5.09142446518,7.09806394577,3.61217164993,1.7789182663,2.61390280724,3.46036243439,6.21479797363,9.03658771515,2.77889847755,0.830434203148,0.228749588132,0.103414446115,0.0513755008578,0.0334723889828,0.0223867110908,0.0152709530666,0.00969611667097,0.00557865994051,0.00315151968971,0.00417318241671,0.012106298469,0.00246745999902],"dmean2":[0.15144790709,0.807866692543,2.32796049118,6.6538310051,9.24541282654,9.6936788559,9.90329933167,8.86763477325,8.31456661224,14.3094501495,17.0163612366,15.7142858505,21.8852100372,17.3533172607,11.3642702103,7.16746997833,13.3437404633,9.56299209595,8.13339233398,11.3052721024,5.70901918411,2.83424162865,4.03519201279,5.34777116776,8.76863670349,13.093829155,3.90091657639,1.24816739559,0.350828707218,0.15599411726,0.0823956280947,0.0554837323725,0.0373575650156,0.0254611745477,0.0161299947649,0.00926487334073,0.00511218048632,0.00613712752238,0.0173386018723,0.00366776296869],"dvar":[0.0598772391677,1.47818875313,9.24067592621,91.9269638062,160.851715088,341.432220459,383.905059814,630.19140625,298.793243408,2451.90795898,2806.30126953,1344.80834961,3362.59985352,2099.11889648,850.999389648,289.670288086,907.087463379,376.923522949,299.015197754,781.393371582,169.645401001,47.093372345,118.584213257,265.972961426,1631.30310059,5861.51953125,339.819976807,54.8191184998,1.27251732349,0.121304929256,0.0162500180304,0.00755007192492,0.00338707328774,0.00157307239715,0.000629903690424,0.000207263379707,0.0000628025809419,0.000387564505218,0.00430161692202,0.0000780923073762],"dvar2":[0.171521469951,4.27000999451,24.943944931,228.155960083,384.938476562,786.537902832,922.901428223,1471.7277832,585.828430176,6233.75878906,6417.66699219,3417.15307617,8483.53027344,5000.61865234,2350.93310547,595.778869629,2095.17749023,931.81072998,779.491394043,2169.95532227,438.70489502,119.901550293,255.770385742,583.057983398,3166.51855469,13471.3642578,686.946960449,139.159744263,2.6421020031,0.238634690642,0.0370648987591,0.0190839897841,0.00866394490004,0.00401378097013,0.00160190463066,0.000524103292264,0.000154428184032,0.000775320106186,0.00882174819708,0.0001870279375],"max":[5.94612836838,27.2608547211,65.928352356,269.473632812,243.830078125,615.295288086,380.041534424,874.459777832,699.582092285,2032.45043945,2053.42602539,783.547729492,1266.11657715,1166.55664062,622.235290527,886.445617676,1137.99157715,606.471618652,643.46697998,849.186401367,399.9637146,275.640228271,439.458740234,466.407287598,1577.26208496,3230.61865234,605.50213623,339.889373779,37.4038887024,11.2143716812,3.15573096275,2.32998752594,1.54338109493,1.05241668224,0.674713253975,0.395921349525,0.242644801736,0.590217471123,1.98679769039,0.306239336729],"mean":[0.160675138235,0.75398761034,2.44028520584,7.30201244354,9.21504211426,10.2990369797,9.45461654663,9.69161224365,10.4587612152,13.6735248566,16.4838695526,17.0286540985,20.2754554749,17.1580600739,10.7725391388,7.84693288803,13.7099046707,10.716840744,11.6288805008,14.6192474365,7.93995666504,4.06884241104,5.33410787582,6.68414354324,9.06429958344,11.0718212128,3.93634176254,1.18546891212,0.381137818098,0.159552186728,0.06869789958,0.0363470986485,0.0223805010319,0.0154060134664,0.00997596327215,0.00593955442309,0.00424118805677,0.00880955997854,0.0261954143643,0.00946798082441],"median":[0.0414099097252,0.286348640919,0.835532188416,1.73296618462,2.71566390991,2.42539453506,1.93543767929,1.72175955772,1.75576758385,1.36131381989,1.24332022667,1.38368439674,1.18945240974,1.62288427353,1.6227170229,1.38874292374,1.9900509119,1.73231363297,1.42252802849,1.63753437996,1.32528233528,0.732207536697,0.703396558762,0.835849523544,0.725391507149,0.474618732929,0.270808041096,0.128265082836,0.0655694752932,0.0376656353474,0.0180175919086,0.00903593935072,0.00539140496403,0.00371828698553,0.0024960776791,0.00160893728025,0.00120674085338,0.00138186081313,0.00246304553002,0.00185434427112],"min":[2.26344365473e-9,1.17184670856e-8,3.08705416785e-8,3.29221379047e-8,1.8585192052e-8,5.83782400199e-9,1.87315620792e-8,1.45589268641e-7,2.15967034478e-7,3.12591481588e-7,3.35129385576e-7,2.16961595356e-7,0.0000013764341702,0.00000704795593265,0.00000691408922648,0.00000860475120135,0.00000165288213338,0.00000474191074318,0.00000750099934521,0.00000676852823744,0.00000426719134339,0.00000375009699383,0.00000143448858125,0.00000347294189851,0.00000622897459834,0.00000468591952085,0.00000326219969793,0.00000146516288169,7.86066209457e-7,2.68539452009e-7,3.48979227738e-7,3.97997922619e-7,2.13735617649e-7,1.31091113076e-7,9.12961439781e-8,4.77150301492e-8,5.78074867974e-8,3.92761130286e-8,5.01912538198e-8,1.18568070917e-8],"var":[0.102029748261,1.95651865005,22.8981666565,272.86138916,339.937652588,612.678161621,551.278198242,1071.90759277,917.563781738,3702.63110352,5876.30859375,3166.75512695,6168.78515625,4536.38916016,1533.72827148,612.117980957,2110.30151367,1004.26556396,1372.40197754,2135.72900391,625.11126709,184.018798828,407.281768799,717.449707031,2626.00048828,6815.61865234,602.243652344,53.9233932495,2.27979493141,0.260839015245,0.0291035789996,0.00848307553679,0.00342670246027,0.00160273653455,0.000651678943541,0.000220585425268,0.0000982541023404,0.000950892572291,0.0104478262365,0.000663361221086]},"erbbands_crest":{"dmean":2.88525080681,"dmean2":4.72369194031,"dvar":6.83808755875,"dvar2":17.4758892059,"max":27.8590641022,"mean":9.57730865479,"median":8.67503929138,"min":2.14052677155,"var":17.7326965332},"erbbands_flatness_db":{"dmean":0.0264698620886,"dmean2":0.0419631265104,"dvar":0.000540470064152,"dvar2":0.00139325298369,"max":0.351036459208,"mean":0.157387301326,"median":0.154336839914,"min":0.0480582229793,"var":0.00190629356075},"erbbands_kurtosis":{"dmean":1.34535598755,"dmean2":2.12569046021,"dvar":10.9142847061,"dvar2":23.8695430756,"max":134.664733887,"mean":1.03432381153,"median":-0.0502780675888,"min":-1.77939784527,"var":18.9197311401},"erbbands_skewness":{"dmean":0.43004873395,"dmean2":0.642526447773,"dvar":0.198208719492,"dvar2":0.375739037991,"max":6.32139348984,"mean":0.488796323538,"median":0.567460298538,"min":-7.07777500153,"var":1.06902766228},"erbbands_spread":{"dmean":7.24015522003,"dmean2":11.5151910782,"dvar":57.7615890503,"dvar2":143.384216309,"max":106.652626038,"mean":33.9886550903,"median":33.3615608215,"min":1.21616661549,"var":202.017959595},"gfcc":{"cov":[[11984.6855469,-413.850921631,-1743.25732422,170.384429932,50.8933334351,-811.974487305,389.544433594,-129.803787231,45.0998306274,205.334869385,2.15307736397,-220.039550781,-65.0171585083],[-413.850921631,680.950195312,70.089553833,-212.556747437,35.9421882629,-0.93938344717,-17.7681884766,-65.3148117065,-4.3208489418,-41.7910881042,-1.51049625874,-42.2297439575,22.677947998],[-1743.25732422,70.089553833,685.382080078,134.524261475,-126.946899414,318.365997314,-143.583511353,119.529335022,-52.3972206116,0.924020290375,-24.5814037323,45.9192276001,-8.81722736359],[170.384429932,-212.556747437,134.524261475,513.26574707,91.7769012451,22.5339164734,149.270782471,30.1152381897,-23.8911590576,36.4604263306,3.64653611183,16.7177028656,-52.8706817627],[50.8933334351,35.9421882629,-126.946899414,91.7769012451,374.199462891,-65.1937942505,100.375610352,-41.4512367249,42.3482322693,-60.0245018005,48.4086990356,-16.8182106018,-14.5386199951],[-811.974487305,-0.93938344717,318.365997314,22.5339164734,-65.1937942505,403.82635498,-106.608810425,110.891105652,-61.492313385,16.8009414673,-5.46164655685,48.8315162659,-14.3665800095],[389.544433594,-17.7681884766,-143.583511353,149.270782471,100.375610352,-106.608810425,277.56451416,-19.8223171234,51.6733970642,12.936958313,3.0956351757,-7.35920095444,-10.1760044098],[-129.803787231,-65.3148117065,119.529335022,30.1152381897,-41.4512367249,110.891105652,-19.8223171234,156.274429321,26.9006404877,24.2661037445,9.68567085266,17.5577144623,9.97301864624],[45.0998306274,-4.3208489418,-52.3972206116,-23.8911590576,42.3482322693,-61.492313385,51.6733970642,26.9006404877,131.946975708,36.7438468933,9.34838294983,8.89971923828,16.580373764],[205.334869385,-41.7910881042,0.924020290375,36.4604263306,-60.0245018005,16.8009414673,12.936958313,24.2661037445,36.7438468933,91.1504058838,18.6407585144,12.2159223557,4.63599157333],[2.15307736397,-1.51049625874,-24.5814037323,3.64653611183,48.4086990356,-5.46164655685,3.0956351757,9.68567085266,9.34838294983,18.6407585144,67.9931945801,29.1870059967,9.16643714905],[-220.039550781,-42.2297439575,45.9192276001,16.7177028656,-16.8182106018,48.8315162659,-7.35920095444,17.5577144623,8.89971923828,12.2159223557,29.1870059967,77.0091247559,29.9482688904],[-65.0171585083,22.677947998,-8.81722736359,-52.8706817627,-14.5386199951,-14.3665800095,-10.1760044098,9.97301864624,16.580373764,4.63599157333,9.16643714905,29.9482688904,81.1904830933]],"icov":[[0.000173368753167,-0.0000704090198269,0.000566231785342,-0.000235965300817,0.0000682538811816,0.0000836426625028,0.000137241586344,-0.00030718310154,0.000227011856623,-0.000400236545829,0.000211888793274,0.000155381523655,0.0000435468828073],[-0.0000704090198269,0.00230727251619,-0.00133720738813,0.00146371335723,-0.000380181765649,-0.000176081608515,-0.0010392004624,0.00141984957736,-0.00000762855097491,0.000227711876505,-0.00116396939848,0.00189590756781,-0.00087616086239],[0.000566231785342,-0.00133720738813,0.0056579131633,-0.00327798607759,0.00194981915411,-0.00207896041684,0.0023482083343,-0.00156920112204,-0.00121471041348,0.00149224337656,0.00034698631498,0.000420618918724,-0.000256338942563],[-0.000235965300817,0.00146371335723,-0.00327798607759,0.00590006774291,-0.00340297655202,0.00213568797335,-0.00308813271113,-0.000985155114904,0.00451301876456,-0.00524068577215,0.00330533506349,-0.00332879740745,0.00262311426923],[0.0000682538811816,-0.000380181765649,0.00194981915411,-0.00340297655202,0.00775836594403,-0.00314424559474,-0.0000998028845061,0.00297853909433,-0.00665279757231,0.00981789920479,-0.00945137348026,0.00603645062074,-0.00175043498166],[0.0000836426625028,-0.000176081608515,-0.00207896041684,0.00213568797335,-0.00314424559474,0.00715661235154,0.000258118234342,-0.00463022617623,0.00604107556865,-0.00622082175687,0.00577423488721,-0.0064632082358,0.00343922222964],[0.000137241586344,-0.0010392004624,0.0023482083343,-0.00308813271113,-0.0000998028845061,0.000258118234342,0.00668189208955,-0.00055519718444,-0.00217785313725,0.000193350395421,0.00137270684354,-0.000666962296236,0.000102438338217],[-0.00030718310154,0.00141984957736,-0.00156920112204,-0.000985155114904,0.00297853909433,-0.00463022617623,-0.00055519718444,0.012571470812,-0.00692773004994,0.00495656160638,-0.00716069666669,0.00583259109408,-0.00356553238817],[0.000227011856623,-0.00000762855097491,-0.00121471041348,0.00451301876456,-0.00665279757231,0.00604107556865,-0.00217785313725,-0.00692773004994,0.0185515619814,-0.0142292985693,0.010161748156,-0.00817007757723,0.00233687553555],[-0.000400236545829,0.000227711876505,0.00149224337656,-0.00524068577215,0.00981789920479,-0.00622082175687,0.000193350395421,0.00495656160638,-0.0142292985693,0.0284261777997,-0.016600580886,0.00909558869898,-0.00376017508097],[0.000211888793274,-0.00116396939848,0.00034698631498,0.00330533506349,-0.00945137348026,0.00577423488721,0.00137270684354,-0.00716069666669,0.010161748156,-0.016600580886,0.0329228006303,-0.0177997946739,0.00478724762797],[0.000155381523655,0.00189590756781,0.000420618918724,-0.00332879740745,0.00603645062074,-0.0064632082358,-0.000666962296236,0.00583259109408,-0.00817007757723,0.00909558869898,-0.0177997946739,0.0295388773084,-0.0111270388588],[0.0000435468828073,-0.00087616086239,-0.000256338942563,0.00262311426923,-0.00175043498166,0.00343922222964,0.000102438338217,-0.00356553238817,0.00233687553555,-0.00376017508097,0.00478724762797,-0.0111270388588,0.0183239262551]],"mean":[-100.239006042,116.551597595,-75.7406158447,3.46265244484,-7.29897022247,-19.618555069,-5.69182109833,-16.7507724762,-10.8348197937,-9.96595478058,-6.14555358887,-11.2929258347,-2.95897722244]},"hfc":{"dmean":19.0241355896,"dmean2":29.758928299,"dvar":4080.65234375,"dvar2":10602.2861328,"max":2658.57470703,"mean":64.1509475708,"median":24.267791748,"min":0.0000305856301566,"var":15796.1171875},"melbands":{"dmean":[0.00072840123903,0.000670228735544,0.000698295305483,0.000431056483649,0.000237844127696,0.000132018598379,0.0000830325880088,0.0000955987416091,0.0000876421545399,0.0000621278522885,0.0000693509864504,0.0000475336819363,0.0000276691553154,0.0000123851214084,0.0000149355801113,0.000017809066776,0.0000112024281407,0.00000813169117464,0.0000110860337372,0.00000792272476247,0.00000404818547395,0.00000196816222342,0.00000212701365854,0.00000309030110657,0.00000290910429612,0.00000371577584701,0.00000717604325473,0.00000580115693083,0.00000194371818907,0.00000100159354588,3.25235333776e-7,1.45755038261e-7,7.91948835399e-8,4.94493050951e-8,3.04194180956e-8,2.43838460534e-8,1.90009004086e-8,1.58718069798e-8,1.40145957062e-8,1.24834187432e-8],"dmean2":[0.00122365739662,0.00110867165495,0.00112036394421,0.000668581167702,0.00036732191802,0.000199566668016,0.000127037914353,0.000158182636369,0.000139124604175,0.000101324949355,0.000111506415124,0.0000748235615902,0.0000466726633022,0.0000201312632271,0.0000238800330408,0.0000283604185825,0.0000182631665666,0.0000133293851832,0.0000177164110937,0.0000125883952933,0.00000648019113214,0.00000320016306432,0.0000033906283079,0.00000473253976452,0.00000452023869002,0.0000054050124163,0.000010917752661,0.00000833866579342,0.00000275232264357,0.00000155012219238,4.99673433296e-7,2.26401496661e-7,1.19960844813e-7,7.62770042684e-8,4.88979416957e-8,3.99019981501e-8,3.16453139249e-8,2.65044572956e-8,2.3387297432e-8,2.08090327192e-8],"dvar":[0.00000367570692106,0.00000204160824069,0.00000214414058064,0.00000128610793126,4.40407205815e-7,2.83242144405e-7,7.04330247459e-8,2.75073688272e-7,1.58671099371e-7,5.04857240458e-8,8.55652757537e-8,4.1707842513e-8,1.67092508718e-8,2.39401343194e-9,2.82546785968e-9,3.76533249025e-9,1.66746905172e-9,8.61511084693e-10,1.72978453783e-9,6.69906907724e-10,2.65495042617e-10,6.1240117144e-11,7.98831972793e-11,1.6531695457e-10,1.92804203158e-10,4.72176020505e-10,4.6051988889e-9,2.20369988924e-9,1.89921689486e-10,9.96985688451e-11,5.36111216184e-12,5.91918061874e-13,8.56237823699e-14,2.50538115644e-14,5.5367922195e-15,4.0686884573e-15,2.43770936495e-15,1.71100824752e-15,1.32873613743e-15,1.05024451575e-15],"dvar2":[0.0000105365261334,0.00000568161385672,0.0000054568286032,0.00000290439743367,0.00000102288515791,6.5978758812e-7,1.49647476633e-7,6.77799278037e-7,3.6133386061e-7,1.27780680259e-7,2.16980907908e-7,1.00676444958e-7,4.59676741116e-8,4.94069629653e-9,6.43779829446e-9,8.52683612607e-9,4.14486445166e-9,2.22169505015e-9,4.77907091678e-9,1.8089385545e-9,6.77414624395e-10,1.6128766378e-10,1.93594612563e-10,3.58088642072e-10,4.40774611254e-10,1.02449371209e-9,1.16539311534e-8,4.86443729741e-9,4.01809807649e-10,2.60832133669e-10,1.31130696579e-11,1.32369571033e-12,1.60104731122e-13,5.27102911015e-14,1.27204638221e-14,9.93638595611e-15,6.25592869744e-15,4.37670563582e-15,3.39427934239e-15,2.67861273493e-15],"max":[0.0512475147843,0.0252243876457,0.0387200415134,0.0359240956604,0.011550010182,0.017255526036,0.00931519363075,0.0192989483476,0.0159982647747,0.00515923509374,0.00644669029862,0.00524276588112,0.00274949660525,0.00240677129477,0.00154571724124,0.00237596477382,0.00134854251519,0.00114801153541,0.00116361991968,0.000602175015956,0.000529041863047,0.000312165560899,0.000289594696369,0.000463108619442,0.000398907926865,0.000810989004094,0.0030168981757,0.00180762331001,0.000474682048662,0.000470864120871,0.00009543140186,0.0000246264607995,0.00000892738626135,0.00000491806486025,0.00000174073295511,0.00000170297528257,0.00000131686385885,0.00000109236611934,9.62571903074e-7,8.60615784859e-7],"mean":[0.00139025552198,0.00120839476585,0.0012722404208,0.000717703602277,0.000371038826415,0.000222961069085,0.00015747276484,0.000147413258674,0.000137963957968,0.000103483100247,0.000100229633972,0.0000703968689777,0.000040444341721,0.0000199188689294,0.000024186070732,0.0000287784168904,0.0000187995574379,0.0000171712017618,0.0000213343973883,0.0000157886988745,0.0000078904122347,0.00000397079520553,0.00000418098034061,0.00000555657061341,0.00000523743619851,0.00000559874024475,0.00000822060519567,0.00000707519802745,0.00000270189866569,0.00000124759787923,4.73324178074e-7,2.25516828323e-7,1.25512443105e-7,7.08853136189e-8,4.04231670359e-8,2.81749521491e-8,1.93695282036e-8,1.57055310979e-8,1.39926576992e-8,1.26006325374e-8],"median":[0.000477732624859,0.000480727583636,0.000360700767487,0.000199133355636,0.0000765181466704,0.000039613001718,0.0000252549798461,0.0000132567338369,0.00000938682023843,0.00000825051574793,0.00000514001294505,0.00000610308325122,0.00000513670420332,0.00000321378820445,0.00000368613564206,0.00000414373698732,0.00000268964959105,0.00000205940978049,0.00000197045983441,0.000002117429176,0.00000127884629819,7.19359036339e-7,5.68405482682e-7,6.63509695187e-7,6.42431587039e-7,5.34927949047e-7,4.22392304245e-7,2.8149196396e-7,1.79428795377e-7,1.04758626662e-7,5.99701479587e-8,3.7084085136e-8,2.6385036378e-8,1.71800742521e-8,1.05402406803e-8,6.96647894927e-9,4.62448568328e-9,3.61175489516e-9,3.26674376439e-9,2.99958879957e-9],"min":[2.07119096179e-11,1.62840869261e-11,5.50235811775e-12,7.82187248999e-13,5.56479179143e-13,3.04837296898e-12,3.40427642673e-12,3.88029539056e-12,2.51527054393e-12,1.3026976416e-12,5.41513882346e-12,2.45907166158e-11,1.95217141064e-11,3.24133948848e-11,3.17322817328e-12,3.39585217585e-12,9.43587916136e-12,1.03362552892e-11,7.54763786193e-12,6.94761088937e-12,3.56315909937e-12,4.77294332529e-12,1.19357280136e-12,1.11822530402e-12,2.20353206168e-12,4.90596886032e-12,3.08494137354e-12,2.82044873567e-12,2.90493670785e-12,1.01322227518e-12,7.5628652646e-13,5.57741407312e-13,2.0474458717e-13,1.17021382818e-13,1.72416090736e-13,2.92053788922e-13,2.08161057293e-13,1.35539447504e-13,1.39333057353e-13,1.03265798148e-13],"var":[0.00000650796573609,0.00000444981287728,0.00000619286947767,0.00000241129350798,7.82519862241e-7,4.98969541241e-7,1.95788729229e-7,4.3962384666e-7,3.50206647681e-7,1.11496710531e-7,1.54547137754e-7,8.55951540757e-8,2.66893938061e-8,5.04796116019e-9,5.46116174505e-9,9.04314312322e-9,4.02517974507e-9,3.44363693117e-9,4.59930538099e-9,2.28899454946e-9,7.58266838208e-10,1.85140305864e-10,2.47978831913e-10,4.79093431593e-10,4.71911898448e-10,7.7900252915e-10,4.29695923287e-9,2.76207656746e-9,3.15615311663e-10,8.84283618552e-11,6.13368340494e-12,8.99008569411e-13,1.81759826374e-13,4.90342697544e-14,9.88554957972e-15,5.35215089546e-15,2.5011085105e-15,1.72098258987e-15,1.344934372e-15,1.07106426796e-15]},"melbands_crest":{"dmean":3.68089985847,"dmean2":6.12437772751,"dvar":9.89551639557,"dvar2":27.5350875854,"max":39.1259841919,"mean":17.7920856476,"median":16.3160400391,"min":4.82087898254,"var":53.0553436279},"melbands_flatness_db":{"dmean":0.0404109209776,"dmean2":0.0655202940106,"dvar":0.00142506929114,"dvar2":0.00410898216069,"max":0.648736536503,"mean":0.314811110497,"median":0.310564219952,"min":0.106048122048,"var":0.00575005495921},"melbands_kurtosis":{"dmean":16.2192726135,"dmean2":26.5853557587,"dvar":1352.17333984,"dvar2":4006.93310547,"max":893.564880371,"mean":35.2419013977,"median":17.7814254761,"min":-1.91716217995,"var":3509.02416992},"melbands_skewness":{"dmean":0.973551213741,"dmean2":1.560765028,"dvar":1.11025762558,"dvar2":2.91086649895,"max":23.6749458313,"mean":3.90913105011,"median":3.41370511055,"min":-1.97927105427,"var":6.53302049637},"melbands_spread":{"dmean":4.33127880096,"dmean2":6.67650032043,"dvar":87.9254760742,"dvar2":172.747375488,"max":160.632293701,"mean":11.2052621841,"median":6.38289356232,"min":0.144287154078,"var":277.091644287},"mfcc":{"cov":[[10947.4628906,368.739959717,-2211.34423828,844.274291992,-795.917724609,-180.310241699,-88.6619491577,-325.43145752,-33.2297592163,231.637908936,12.5409097672,-75.7544326782,48.8795776367],[368.739959717,810.588745117,-143.440826416,-197.361053467,1.3070704937,-61.8137207031,-37.2383537292,-73.7928848267,-21.5341682434,-30.2819423676,-13.1849813461,-37.2473602295,-33.1094512939],[-2211.34423828,-143.440826416,1024.51611328,-243.903488159,146.266586304,73.2541656494,24.5521621704,79.7224578857,28.5745735168,-32.2004776001,1.52273631096,33.6006546021,-13.7549638748],[844.274291992,-197.361053467,-243.903488159,587.665527344,-74.7117156982,50.5727157593,86.6472473145,13.1571836472,18.499206543,57.7410507202,19.2595710754,-2.09741997719,35.1075286865],[-795.917724609,1.3070704937,146.266586304,-74.7117156982,322.917877197,45.8079490662,40.6652908325,77.0585632324,-18.0244674683,-39.0769119263,19.4728126526,26.9882678986,-3.26546835899],[-180.310241699,-61.8137207031,73.2541656494,50.5727157593,45.8079490662,162.645904541,76.3878631592,36.7890434265,5.35034227371,-6.68892860413,11.9837408066,11.4806089401,20.4524002075],[-88.6619491577,-37.2383537292,24.5521621704,86.6472473145,40.6652908325,76.3878631592,158.015563965,67.3705749512,1.76552391052,-1.85906195641,6.85658979416,17.7063751221,12.2896738052],[-325.43145752,-73.7928848267,79.7224578857,13.1571836472,77.0585632324,36.7890434265,67.3705749512,125.75340271,38.291217804,-1.42107307911,24.1702766418,21.2234344482,5.25714921951],[-33.2297592163,-21.5341682434,28.5745735168,18.499206543,-18.0244674683,5.35034227371,1.76552391052,38.291217804,88.4907150269,48.4922142029,16.4448566437,6.12827253342,0.48450294137],[231.637908936,-30.2819423676,-32.2004776001,57.7410507202,-39.0769119263,-6.68892860413,-1.85906195641,-1.42107307911,48.4922142029,84.1093292236,31.7937793732,0.867465853691,5.45159006119],[12.5409097672,-13.1849813461,1.52273631096,19.2595710754,19.4728126526,11.9837408066,6.85658979416,24.1702766418,16.4448566437,31.7937793732,71.0499267578,38.075214386,4.14489793777],[-75.7544326782,-37.2473602295,33.6006546021,-2.09741997719,26.9882678986,11.4806089401,17.7063751221,21.2234344482,6.12827253342,0.867465853691,38.075214386,73.8520050049,27.0415325165],[48.8795776367,-33.1094512939,-13.7549638748,35.1075286865,-3.26546835899,20.4524002075,12.2896738052,5.25714921951,0.48450294137,5.45159006119,4.14489793777,27.0415325165,54.8823890686]],"icov":[[0.000200998954824,-0.0000767862075008,0.000347056193277,-0.000114510228741,0.000286849593977,-0.0000818037296995,0.0000788617471699,-0.0000168099377333,0.000284578447463,-0.000483265088405,0.000190951337572,-0.000262750545517,0.000126929211547],[-0.0000767862075008,0.00169308751356,0.000185040727956,0.000723381992429,-0.000391772977309,0.00062732695369,-0.00105343200266,0.00172899744939,-0.00140618707519,0.00168813113123,-0.00159833545331,0.0015473801177,-0.000310366711346],[0.000347056193277,0.000185040727956,0.00191251118667,0.000427872873843,0.000181007839274,-0.000705373822711,0.000106302482891,-0.000226016360102,-0.0000278288098343,-0.000747292593587,0.000788823119365,-0.00101165741216,0.000792998122051],[-0.000114510228741,0.000723381992429,0.000427872873843,0.00271146930754,0.0000935994248721,-0.000126139319036,-0.00167643744498,0.000599179242272,-0.000449563667644,-0.000403834419558,-0.00101519364398,0.00137764005922,-0.00127632007934],[0.000286849593977,-0.000391772977309,0.000181007839274,0.0000935994248721,0.00480682589114,-0.00100837845821,0.00066620769212,-0.0032460312359,0.00268215779215,-0.000408004445489,-0.00000886138241185,-0.00139770389069,0.00102339696605],[-0.0000818037296995,0.00062732695369,-0.000705373822711,-0.000126139319036,-0.00100837845821,0.00963400769979,-0.00501699652523,0.00251682451926,-0.00318868947215,0.0043913917616,-0.0047746617347,0.00424076011404,-0.00454957876354],[0.0000788617471699,-0.00105343200266,0.000106302482891,-0.00167643744498,0.00066620769212,-0.00501699652523,0.0128606762737,-0.00844934489578,0.00604467000812,-0.00532716652378,0.00623730896041,-0.00537662347779,0.00288594444282],[-0.0000168099377333,0.00172899744939,-0.000226016360102,0.000599179242272,-0.0032460312359,0.00251682451926,-0.00844934489578,0.0200190991163,-0.0131993265823,0.0103701464832,-0.00949161592871,0.00509832799435,-0.0032472864259],[0.000284578447463,-0.00140618707519,-0.0000278288098343,-0.000449563667644,0.00268215779215,-0.00318868947215,0.00604467000812,-0.0131993265823,0.0268649458885,-0.0194976963103,0.00970576517284,-0.00741371978074,0.00505694141611],[-0.000483265088405,0.00168813113123,-0.000747292593587,-0.000403834419558,-0.000408004445489,0.0043913917616,-0.00532716652378,0.0103701464832,-0.0194976963103,0.0331504605711,-0.0198286995292,0.0127772502601,-0.0078601911664],[0.000190951337572,-0.00159833545331,0.000788823119365,-0.00101519364398,-0.00000886138241185,-0.0047746617347,0.00623730896041,-0.00949161592871,0.00970576517284,-0.0198286995292,0.0350271984935,-0.0216453243047,0.0109076937661],[-0.000262750545517,0.0015473801177,-0.00101165741216,0.00137764005922,-0.00139770389069,0.00424076011404,-0.00537662347779,0.00509832799435,-0.00741371978074,0.0127772502601,-0.0216453243047,0.0317577570677,-0.0161318331957],[0.000126929211547,-0.000310366711346,0.000792998122051,-0.00127632007934,0.00102339696605,-0.00454957876354,0.00288594444282,-0.0032472864259,0.00505694141611,-0.0078601911664,0.0109076937661,-0.0161318331957,0.0282176174223]],"mean":[-767.463012695,174.393295288,-3.0381667614,37.6238861084,10.2382516861,11.8015470505,8.94045257568,-0.316276609898,0.559472978115,2.94687151909,-1.88441193104,-4.49324560165,-0.7897747159]},"pitch_salience":{"dmean":0.0770409852266,"dmean2":0.128031611443,"dvar":0.00423865858465,"dvar2":0.0114990863949,"max":0.817823708057,"mean":0.514398753643,"median":0.541570544243,"min":0.0606242083013,"var":0.0193221196532},"silence_rate_20dB":{"dmean":0,"dmean2":0,"dvar":0,"dvar2":0,"max":1,"mean":1,"median":1,"min":1,"var":0},"silence_rate_30dB":{"dmean":0.0117461038753,"dmean2":0.0234975144267,"dvar":0.0116078965366,"dvar2":0.0297225695103,"max":1,"mean":0.980352282524,"median":1,"min":0,"var":0.0192625708878},"silence_rate_60dB":{"dmean":0.0338829904795,"dmean2":0.0677812919021,"dvar":0.0327321998775,"dvar2":0.0722266212106,"max":1,"mean":0.195799455047,"median":0,"min":0,"var":0.157455459237},"spectral_centroid":{"dmean":178.931686401,"dmean2":265.489868164,"dvar":83147.2421875,"dvar2":120236.5625,"max":3983.7980957,"mean":745.581359863,"median":546.190185547,"min":170.13458252,"var":414215},"spectral_complexity":{"dmean":1.94985318184,"dmean2":3.03886127472,"dvar":5.5078291893,"dvar2":10.2491121292,"max":60,"mean":9.26490497589,"median":7,"min":0,"var":79.8229751587},"spectral_contrast_coeffs":{"dmean":[0.0543719604611,0.0459935478866,0.0376852825284,0.0285297967494,0.0242963340133,0.0337802357972],"dmean2":[0.0881516933441,0.0749555453658,0.0615265071392,0.0472324490547,0.0391111187637,0.0536128915846],"dvar":[0.00182739400771,0.00135858089197,0.000945165462326,0.000559948151931,0.000475548877148,0.00122686382383],"dvar2":[0.00473468378186,0.00351309333928,0.00239344942383,0.00149402394891,0.00112487119623,0.00282631721348],"max":[-0.320953369141,-0.499743998051,-0.491546630859,-0.631866693497,-0.502062380314,-0.424520492554],"mean":[-0.663015604019,-0.779682815075,-0.806132793427,-0.823685884476,-0.834573566914,-0.801998496056],"median":[-0.668066620827,-0.787801623344,-0.816384255886,-0.82560390234,-0.830580294132,-0.820536732674],"min":[-0.915619671345,-0.955577254295,-0.96802431345,-0.979392766953,-0.970930039883,-0.935203492641],"var":[0.00887615885586,0.00544497277588,0.00426536146551,0.0027549022343,0.00300805759616,0.00548955798149]},"spectral_contrast_valleys":{"dmean":[0.392022460699,0.402278274298,0.363349050283,0.309904307127,0.352697104216,0.693545341492],"dmean2":[0.651969969273,0.655868053436,0.595832943916,0.503004848957,0.560227334499,1.13344764709],"dvar":[0.104750931263,0.116904549301,0.0963282510638,0.114678144455,0.170808076859,0.36679366231],"dvar2":[0.276575237513,0.313122361898,0.249497935176,0.30882358551,0.454500347376,0.977770745754],"max":[-4.79349327087,-4.66473484039,-5.31329059601,-5.20389699936,-5.0599193573,-8.78720664978],"mean":[-7.35326385498,-7.3524723053,-8.03295707703,-8.38982582092,-8.62894058228,-11.7545127869],"median":[-7.16515350342,-7.27255773544,-7.93264389038,-8.22969245911,-8.41589641571,-11.6824398041],"min":[-16.272359848,-14.626200676,-14.830737114,-14.8768863678,-14.5789089203,-17.0240440369],"var":[0.891986548901,1.09753346443,1.11632323265,1.36377775669,1.61561965942,1.13555383682]},"spectral_decrease":{"dmean":1.71259795234e-9,"dmean2":2.72676015101e-9,"dvar":8.60246413077e-18,"dvar2":2.22055295407e-17,"max":2.58146712895e-8,"mean":-4.51085613307e-9,"median":-2.66820965322e-9,"min":-6.47322622171e-8,"var":3.06202642043e-17},"spectral_energy":{"dmean":0.00684641301632,"dmean2":0.0107473712415,"dvar":0.000130638232804,"dvar2":0.000326841662172,"max":0.309200227261,"mean":0.0228436440229,"median":0.0136199314147,"min":3.75365161176e-9,"var":0.000755205110181},"spectral_energyband_high":{"dmean":0.000193012005184,"dmean2":0.000273727317108,"dvar":0.00000104308946902,"dvar2":0.0000020976574433,"max":0.031511940062,"mean":0.000423088698881,"median":0.0000552546916879,"min":5.97890015275e-10,"var":0.00000241478755925},"spectral_energyband_low":{"dmean":0.00429377891123,"dmean2":0.00699327420443,"dvar":0.0000733721462893,"dvar2":0.000205067161005,"max":0.194134250283,"mean":0.00963368546218,"median":0.00484525319189,"min":1.15622726671e-10,"var":0.000186603458133},"spectral_energyband_middle_high":{"dmean":0.000904413172975,"dmean2":0.00134530349169,"dvar":0.00000687588590154,"dvar2":0.0000161514981301,"max":0.0645050853491,"mean":0.00236969115213,"median":0.000474530184874,"min":1.93683580285e-9,"var":0.0000338491227012},"spectral_energyband_middle_low":{"dmean":0.00391672505066,"dmean2":0.00600374350324,"dvar":0.0000569172188989,"dvar2":0.000135505964863,"max":0.131523549557,"mean":0.00938287749887,"median":0.00352117046714,"min":7.51129297649e-11,"var":0.000197471192223},"spectral_entropy":{"dmean":0.263001173735,"dmean2":0.421392858028,"dvar":0.0705143883824,"dvar2":0.191712781787,"max":8.09258842468,"mean":7.10756540298,"median":7.16953754425,"min":5.00077724457,"var":0.192629799247},"spectral_flux":{"dmean":0.0166674442589,"dmean2":0.0271262247115,"dvar":0.000376014591893,"dvar2":0.000984954298474,"max":0.379405260086,"mean":0.0643089264631,"median":0.0519004911184,"min":0.0000612670482951,"var":0.00228937808424},"spectral_kurtosis":{"dmean":5.49967288971,"dmean2":8.95541191101,"dvar":47.6594619751,"dvar2":128.334564209,"max":97.5047607422,"mean":19.0995464325,"median":17.3704967499,"min":3.24786949158,"var":97.4198608398},"spectral_rms":{"dmean":0.000621269457042,"dmean2":0.000953598995693,"dvar":5.16478280588e-7,"dvar2":0.00000122882863707,"max":0.0173683259636,"mean":0.00400447612628,"median":0.00364523474127,"min":0.00000191366120816,"var":0.00000625064558335},"spectral_rolloff":{"dmean":2504.52368164,"dmean2":4818.01708984,"dvar":38012424,"dvar2":96221976,"max":22050,"mean":8863.296875,"median":1313.52539062,"min":43.06640625,"var":103157056},"spectral_skewness":{"dmean":0.424469977617,"dmean2":0.680615603924,"dvar":0.249749347568,"dvar2":0.659380733967,"max":7.91090011597,"mean":2.99208450317,"median":2.88521051407,"min":0.550532281399,"var":0.776855528355},"spectral_spread":{"dmean":597257.125,"dmean2":963483.5625,"dvar":346493386752,"dvar2":915718144000,"max":9014876,"mean":3759666.5,"median":3626374.5,"min":1103880.25,"var":840630075392},"spectral_strongpeak":{"dmean":2.7184612751,"dmean2":4.9426908493,"dvar":132.665313721,"dvar2":366.078552246,"max":277.855926514,"mean":3.02054286003,"median":0.335490107536,"min":0,"var":121.581665039},"zerocrossingrate":{"dmean":0.0363248363137,"dmean2":0.0460118465126,"dvar":0.00115042820107,"dvar2":0.00180045689922,"max":0.85546875,"mean":0.241624563932,"median":0.197265625,"min":0.00439453125,"var":0.0283189918846}},"metadata":{"audio_properties":{"analysis_sample_rate":44100,"bit_rate":128000,"codec":"mp3","downmix":"mix","equal_loudness":0,"length":102.7918396,"lossless":false,"md5_encoded":"24968f5fbc78cf501e7204ea26072c56","replay_gain":-3.0682926178},"tags":{"album":["Sheer Heart Attack"],"albumartist":["Queen"],"albumartistsort":["Queen"],"artist":["Queen"],"artistsort":["Queen"],"asin":["B000025KL3"],"barcode":["077778949121"],"catalognumber":["0777 7 89491 2 1"],"date":["1993"],"discnumber":["1/1"],"file_name":"05 Lily of the Valley.mp3","genre":["Pop"],"isrc":["GBUM71100525"],"label":["Parlophone"],"language":["eng"],"media":["CD"],"mp3gain_album_minmax":["102,193"],"mp3gain_minmax":["136,191"],"musicbrainz album release country":["GB"],"musicbrainz album status":["official"],"musicbrainz album type":["album"],"musicbrainz_albumartistid":["0383dadf-2a4e-4d10-a46a-e9e041da8eb3"],"musicbrainz_albumid":["6e333b1b-7525-3aed-8be4-efe24fdb35bf"],"musicbrainz_artistid":["0383dadf-2a4e-4d10-a46a-e9e041da8eb3"],"musicbrainz_recordingid":["e628f7fc-4b8a-43d8-9c35-350246593ec4"],"originaldate":["1974-11-01"],"replaygain_album_gain":["-4.65 dB"],"replaygain_album_peak":["1.077092"],"replaygain_track_gain":["-1.96 dB"],"replaygain_track_peak":["0.877703"],"script":["Latn"],"title":["Lily of the Valley"],"tracknumber":["5/13"]},"version":{"essentia":"2.1-beta1","essentia_build_sha":"eef087cf131c10083d474ad51def18efd0e38295","essentia_git_sha":"v2.1_beta1-7-ge0e83e8-dirty","extractor":"music 1.0"}},"rhythm":{"beats_count":266,"beats_loudness":{"dmean":0.0142356511205,"dmean2":0.0254130642861,"dvar":0.000368406210328,"dvar2":0.00112499599345,"max":0.175547778606,"mean":0.0267621725798,"median":0.0167613960803,"min":0.0000395583265345,"var":0.000975992647},"beats_loudness_band_ratio":{"dmean":[0.165257707238,0.134215176105,0.0651091709733,0