{"lowlevel":{"average_loudness":0.831533968449,"barkbands":{"dmean":[0.0000524703282281,0.00195714854635,0.00137885473669,0.000414967507822,0.0012212091824,0.00107072573155,0.000351247697836,0.000193098749151,0.000488970486913,0.000266626855591,0.000371324538719,0.00036468898179,0.000500191876199,0.000514351879247,0.000490718288347,0.000311378651531,0.000153163637151,0.000124879137729,0.000148632127093,0.000162869517226,0.00013017092715,0.0000593472104811,0.0000516012114531,0.0000488451405545,0.0000235846746364,0.00000716328213457,0.00000175563354787],"dmean2":[0.0000872578093549,0.00303670438007,0.00207104394212,0.000715928967111,0.00195628404617,0.00166074628942,0.000541636021808,0.000313484575599,0.000764414027799,0.000402569101425,0.00056452199351,0.000585184898227,0.000782461836934,0.000803252391052,0.000722534139641,0.000482151139295,0.000234613078646,0.000191759565496,0.00021953212854,0.000237003754592,0.000188352467376,0.0000819914712338,0.0000722278273315,0.0000649614521535,0.000032298030419,0.000009759054592,0.00000261404193225],"dvar":[8.86309781123e-9,0.0000111600566015,0.00000541420786249,0.0000010268583992,0.00000701494718669,0.00000619224556431,0.00000131742729081,4.96699954056e-7,0.0000014022044752,6.4744995143e-7,0.00000181692178103,0.00000197677422875,0.0000037331715248,0.0000021826556349,0.00000274170042758,7.18738306205e-7,1.05866860167e-7,4.83894240233e-8,9.72372404817e-8,1.34805617336e-7,9.24549894421e-8,1.27728991828e-8,1.30989254998e-8,4.90116249807e-8,1.67763776204e-8,5.1668280765e-10,6.08688863202e-11],"dvar2":[2.1975145259e-8,0.0000271990757028,0.0000119571022879,0.0000028991128147,0.0000168193892023,0.0000152291177073,0.00000294341703011,0.00000126962333979,0.00000324822485709,0.00000142736212183,0.00000446530111731,0.00000497330665894,0.00000855270809552,0.00000513152508574,0.00000574317982682,0.0000015928733319,2.39379119193e-7,1.15894337682e-7,2.09935620887e-7,2.88665518156e-7,2.07574416322e-7,2.49839029465e-8,2.61583501526e-8,8.95563090353e-8,3.44599229152e-8,9.68920721434e-10,1.22831869676e-10],"max":[0.00108079740312,0.0527518168092,0.0360901392996,0.0255066938698,0.055704664439,0.0454383827746,0.0348832346499,0.0199303161353,0.0430079512298,0.025435552001,0.0407189913094,0.0376599058509,0.0489882268012,0.0369840227067,0.0439770668745,0.0252402573824,0.00754181807861,0.00515431305394,0.00888770911843,0.0104545261711,0.0125039424747,0.00344940251671,0.00337766529992,0.00883120391518,0.00540126767009,0.000823117559776,0.000287707400275],"mean":[0.0000568545656279,0.00385109288618,0.00271120131947,0.000516870699357,0.00204238761216,0.00207301857881,0.000617206736933,0.000247319578193,0.000824347487651,0.000439144176198,0.000615440658294,0.000513255188707,0.00070634536678,0.000844637164846,0.000757215428166,0.000544903508853,0.000304614892229,0.000262261775788,0.000267941708444,0.000300638988847,0.00023057773069,0.00008628670912,0.0000755202345317,0.0000790870690253,0.0000341873455909,0.00000848758736538,0.00000154102701799],"median":[0.0000184087130037,0.0018152887933,0.00151549326256,0.000254738959484,0.000762333977036,0.000375857111067,0.000158876995556,0.0000912782707019,0.000327932153596,0.000145224301377,0.000084524966951,0.000156658730702,0.0000968797976384,0.000247699674219,0.000145450481796,0.000162153548445,0.00011240861204,0.00011938035459,0.00010558822396,0.0000850475553307,0.0000559401669307,0.0000232607253565,0.0000192102888832,0.0000139589183163,0.00000378654590349,9.75577108875e-7,4.93936092028e-8],"min":[4.60729497018e-26,2.87115451951e-24,1.57191283595e-24,7.0109929135e-25,4.08388873012e-24,9.84217259689e-24,6.25761388712e-24,5.60668886105e-24,1.02817448259e-23,1.21728021879e-23,1.50505462598e-23,2.30355698918e-23,2.13681703737e-23,3.40736792869e-23,2.60655215199e-23,5.51790090956e-23,5.64992151521e-23,8.98913943475e-23,1.11846011807e-22,1.79314924759e-22,2.2625883816e-22,2.91158437454e-22,3.3959752626e-22,5.8796946088e-22,8.81544109867e-22,1.103565162e-21,1.95956320421e-21],"var":[1.06204094408e-8,0.0000241279358306,0.0000125902706714,9.5437235359e-7,0.0000168653496075,0.000018590455511,0.00000262657499661,4.43415814289e-7,0.00000277048434327,0.00000115628915864,0.00000411227983932,0.00000205943638321,0.00000597059352003,0.00000358799638889,0.00000519628065376,0.0000017355998807,3.279122609e-7,1.67338001233e-7,2.53307547382e-7,4.30422829822e-7,2.7849205253e-7,3.29269838062e-8,3.30923164427e-8,1.31124068048e-7,3.39799619553e-8,7.92941823313e-10,6.99813956784e-11]},"barkbands_crest":{"dmean":2.69732928276,"dmean2":4.13091611862,"dvar":5.89155721664,"dvar2":12.6800117493,"max":26.5052127838,"mean":11.0419769287,"median":10.0784769058,"min":2.29370284081,"var":24.2966251373},"barkbands_flatness_db":{"dmean":0.0284321196377,"dmean2":0.0388737842441,"dvar":0.00072507513687,"dvar2":0.00126464082859,"max":0.386115521193,"mean":0.139650687575,"median":0.132519736886,"min":0.0154596185312,"var":0.00320758507587},"barkbands_kurtosis":{"dmean":3.65363025665,"dmean2":5.52392292023,"dvar":65.1428070068,"dvar2":142.50289917,"max":169.324127197,"mean":5.30933570862,"median":0.805702745914,"min":-1.90940248966,"var":162.459259033},"barkbands_skewness":{"dmean":0.603993833065,"dmean2":0.876502215862,"dvar":0.48490357399,"dvar2":0.920632004738,"max":12.8885746002,"mean":1.56543469429,"median":1.23376500607,"min":-3.02959370613,"var":2.81729578972},"barkbands_spread":{"dmean":6.49403429031,"dmean2":9.31457519531,"dvar":51.1540298462,"dvar2":97.1695556641,"max":105.022010803,"mean":24.4275722504,"median":23.0334739685,"min":0.613195300102,"var":200.413452148},"dissonance":{"dmean":0.0141085563228,"dmean2":0.023275397718,"dvar":0.000218111104914,"dvar2":0.000565997965168,"max":0.499999970198,"mean":0.472307085991,"median":0.477615684271,"min":0.299129843712,"var":0.000433502224041},"dynamic_complexity":3.99393057823,"erbbands":{"dmean":[0.0445851869881,0.501603424549,1.46355128288,1.40417695045,2.6984667778,5.1617898941,6.87105083466,7.98327302933,4.69326734543,5.06175804138,5.2245054245,12.0269079208,6.73668575287,11.8088788986,11.3664054871,16.0441112518,21.4434146881,25.2782382965,20.1181049347,23.8498344421,13.5347099304,6.78883361816,6.47024345398,5.04739427567,9.32531833649,7.61586141586,6.78309249878,3.326369524,2.1444196701,1.79183650017,1.42744886875,1.1893517971,0.708008766174,0.369089126587,0.117529451847,0.0393324121833,0.0110517889261,0.0024789548479,0.000329391041305,0.0000153110377141],"dmean2":[0.0725765600801,0.774423956871,2.16604161263,2.30457878113,4.443318367,8.27568912506,10.7821941376,12.3473262787,7.2797961235,7.87903547287,8.38304042816,18.7633705139,10.3844566345,17.482093811,16.8796272278,25.3428821564,32.4320106506,38.1333694458,29.9393959045,36.159954071,21.078081131,10.1804199219,9.73122024536,7.50148391724,13.6398172379,10.8725605011,9.83906555176,4.64805221558,2.97597980499,2.49471855164,1.98385250568,1.64316165447,0.92583322525,0.504208922386,0.157356694341,0.0527601987123,0.0151668041945,0.00346921547316,0.000498544017319,0.0000224744035222],"dvar":[0.00665791332722,0.717922210693,5.5622754097,6.73144674301,37.0628242493,167.047424316,207.868865967,350.806213379,221.987564087,328.13067627,319.788879395,758.31237793,349.813720703,1380.07458496,1960.05786133,3944.82885742,7278.46191406,6823.04443359,3933.68945313,4110.40087891,1134.58862305,160.977615356,136.83895874,48.8080978394,427.883514404,378.232330322,303.12902832,32.4147415161,15.8345556259,16.2318878174,10.9327077866,22.6545963287,14.0406217575,5.06517124176,0.243643552065,0.0149300452322,0.00138634012546,0.0000735513385735,0.00000249637628258,2.18490581183e-9],"dvar2":[0.0169716514647,1.75376319885,12.3079175949,18.2122459412,88.9854049683,405.271270752,494.576202393,855.236206055,509.887664795,739.04284668,824.20501709,1798.89404297,791.170654297,3150.72265625,4682.41796875,9793.89550781,15854.4628906,15608.7529297,8355.40527344,9607.12792969,2713.10864258,368.301574707,326.650970459,108.618743896,885.93963623,771.194824219,669.651489258,66.2072753906,31.1897411346,34.2074661255,21.517616272,44.9459037781,25.6286773682,10.5147886276,0.41551861167,0.0257861204445,0.00282443873584,0.0001381788461,0.00000521515858054,4.62697702375e-9],"max":[0.984080255032,13.3842430115,35.3686103821,55.1712532043,151.038864136,289.494720459,256.895446777,319.918182373,395.052825928,516.580505371,453.569091797,812.155090332,921.97088623,996.24822998,1464.12023926,1734.61791992,2652.83032227,2099.11328125,1912.46191406,1513.67956543,817.711303711,330.017364502,283.891601563,131.37701416,618.756347656,510.439453125,721.829040527,166.229919434,88.0181274414,123.880378723,113.167022705,174.399551392,185.107330322,92.9768218994,15.3130960464,3.78045511246,1.35258841515,0.285971105099,0.0597980618477,0.00185184064321],"mean":[0.0643153861165,1.02997922897,3.24568343163,2.27089762688,3.929063797,8.50019264221,12.0318336487,15.4717140198,9.61340904236,7.6005282402,8.10527896881,20.119884491,12.2176189423,21.8443393707,19.8993911743,23.9610404968,33.3608322144,41.2952384949,33.0497398376,44.5108146667,28.6970710754,16.2280750275,14.6425352097,10.8021087646,16.8695850372,14.8980178833,12.9305381775,5.72220420837,3.10892558098,2.60882949829,2.11306381226,1.89276909828,1.11538338661,0.522101998329,0.177263885736,0.0513405241072,0.0125456871465,0.00255927746184,0.000289906543912,0.0000310998220812],"median":[0.0320985428989,0.531107485294,2.2251791954,1.38637387753,1.74748444557,2.53509068489,3.29328179359,3.08810305595,2.55873727798,2.64299798012,3.55849051476,8.26252841949,5.04117107391,4.41589689255,4.83447599411,7.19954633713,5.72494029999,10.1150541306,9.81064224243,10.2601442337,8.94379615784,6.65781641006,6.33660507202,5.97399330139,5.75799179077,3.72983765602,2.80728697777,1.72119259834,0.929796218872,0.665221691132,0.518966853619,0.397187560797,0.17143419385,0.0581956990063,0.0190652422607,0.00625786697492,0.00134537240956,0.00021883250156,0.0000199399401026,0.0000209861209441],"min":[4.90967558322e-23,3.70423282185e-22,2.03749407884e-21,2.80811177414e-21,1.12719554721e-20,9.08603215265e-21,2.58251037897e-20,8.2305582473e-20,9.38985704567e-20,1.08243226447e-19,3.11003495955e-19,3.34248925529e-19,7.1516686423e-19,5.65394802485e-19,7.84031511381e-19,1.28070823278e-18,1.19061595976e-18,1.34759178236e-18,1.61426984877e-18,2.23246803585e-18,3.13745697913e-18,4.00621934069e-18,4.28608721555e-18,5.23934380194e-18,7.51666219098e-18,9.07737416304e-18,8.65261278259e-18,1.01600063467e-17,1.0870019307e-17,1.10865023995e-17,1.1506152631e-17,1.11053695621e-17,9.57049457649e-18,7.69518596515e-18,5.55083520521e-18,3.97800296923e-18,2.1998307976e-18,9.105859575e-19,2.43353020695e-19,2.47785765276e-20],"var":[0.00892681255937,1.60399949551,13.1925678253,8.2487449646,70.4389266968,395.769836426,558.303771973,1030.06896973,682.115600586,442.910247803,321.751312256,1622.33874512,636.340270996,3554.7175293,3636.01464844,4454.05273438,12895.5292969,10701.8320313,7246.12988281,12484.2929688,3695.41015625,696.707092285,567.924865723,186.083297729,1133.38146973,1242.68151855,996.035888672,109.269882202,36.845916748,35.651725769,29.8059272766,54.5101547241,34.9656066895,9.60611724854,0.633711993694,0.0307446159422,0.0018302500248,0.0000962859339779,0.00000272940405921,2.66757216316e-9]},"erbbands_crest":{"dmean":2.20653676987,"dmean2":3.56663060188,"dvar":4.6527504921,"dvar2":11.649805069,"max":26.7802352905,"mean":7.72244167328,"median":6.83356523514,"min":2.24442625046,"var":14.3576908112},"erbbands_flatness_db":{"dmean":0.0203951187432,"dmean2":0.0284124016762,"dvar":0.000342597428244,"dvar2":0.00066127977334,"max":0.318144649267,"mean":0.156887754798,"median":0.149674206972,"min":0.032387714833,"var":0.0022931555286},"erbbands_kurtosis":{"dmean":0.719408869743,"dmean2":1.12086760998,"dvar":0.871563136578,"dvar2":1.91521525383,"max":20.7606258392,"mean":0.12161847949,"median":-0.327252745628,"min":-1.84114086628,"var":2.39169430733},"erbbands_skewness":{"dmean":0.326166659594,"dmean2":0.494108885527,"dvar":0.0906637236476,"dvar2":0.202778741717,"max":2.88996005058,"mean":-0.162129223347,"median":-0.14718541503,"min":-3.82931876183,"var":0.424768984318},"erbbands_spread":{"dmean":8.30640602112,"dmean2":12.559261322,"dvar":64.1683883667,"dvar2":146.432418823,"max":143.577972412,"mean":40.925579071,"median":39.7750205994,"min":5.49981594086,"var":322.369873047},"gfcc":{"cov":[[24727.7382813,1041.10766602,-2717.07763672,607.952575684,-1140.25756836,260.675292969,-784.840515137,10.5111980438,-503.334838867,121.136734009,-285.646514893,-2.12275862694,-35.2686538696],[1041.10766602,1343.06970215,-447.200653076,-14.0450220108,266.008575439,-53.2059364319,163.570663452,-55.7453155518,49.508731842,-145.826034546,135.666778564,-156.25239563,63.2080154419],[-2717.07763672,-447.200653076,948.282470703,68.5658721924,28.6759872437,86.1507644653,74.376625061,74.8987731934,75.2932128906,28.5560321808,-37.9952049255,89.3838424683,-106.600852966],[607.952575684,-14.0450220108,68.5658721924,351.257843018,0.343970566988,-5.77053785324,-2.24564146996,33.023399353,4.06683063507,2.42253232002,3.46723365784,-19.771780014,16.386724472],[-1140.25756836,266.008575439,28.6759872437,0.343970566988,307.070709229,-4.06392240524,116.430648804,-21.7253055573,66.2270584106,-30.9468727112,59.5292243958,-50.6833534241,36.6071929932],[260.675292969,-53.2059364319,86.1507644653,-5.77053785324,-4.06392240524,227.965911865,54.3227729797,32.3742256165,14.313246727,9.06761646271,-32.214717865,3.10061883926,-75.0956192017],[-784.840515137,163.570663452,74.376625061,-2.24564146996,116.430648804,54.3227729797,219.692886353,16.1279582977,9.73873615265,-34.0229873657,39.2388000488,-37.6717376709,-9.75208282471],[10.5111980438,-55.7453155518,74.8987731934,33.023399353,-21.7253055573,32.3742256165,16.1279582977,102.155014038,38.1864814758,2.38710427284,-20.5423545837,3.53977775574,-27.3917503357],[-503.334838867,49.508731842,75.2932128906,4.06683063507,66.2270584106,14.313246727,9.73873615265,38.1864814758,114.295013428,20.7090568542,7.45556640625,-5.98076105118,-1.17849814892],[121.136734009,-145.826034546,28.5560321808,2.42253232002,-30.9468727112,9.06761646271,-34.0229873657,2.38710427284,20.7090568542,87.8501739502,4.25837278366,31.0093002319,-0.599395394325],[-285.646514893,135.666778564,-37.9952049255,3.46723365784,59.5292243958,-32.214717865,39.2388000488,-20.5423545837,7.45556640625,4.25837278366,102.73236084,-3.59089612961,34.8984947205],[-2.12275862694,-156.25239563,89.3838424683,-19.771780014,-50.6833534241,3.10061883926,-37.6717376709,3.53977775574,-5.98076105118,31.0093002319,-3.59089612961,85.3538360596,-3.11758565903],[-35.2686538696,63.2080154419,-106.600852966,16.386724472,36.6071929932,-75.0956192017,-9.75208282471,-27.3917503357,-1.17849814892,-0.599395394325,34.8984947205,-3.11758565903,111.362876892]],"icov":[[0.000146541424328,-0.000281930115307,0.000374251510948,-0.000352526752977,0.000286837457679,-0.000318459264236,0.000306175206788,-0.000262818211922,0.000515108928084,-0.000518051499967,0.000420370575739,-0.000411421555327,0.000129091771669],[-0.000281930115307,0.00225384137593,0.0000720281532267,0.000553019694053,-0.000927583314478,0.000712536915671,-0.00114312942605,0.00122496648692,-0.0025231319014,0.00337840686552,-0.00233948323876,0.00155066710431,0.000373669638066],[0.000374251510948,0.0000720281532267,0.00298849795945,-0.00148851238191,0.000234239792917,-0.000486190197989,-0.0003565553925,-0.000384431157727,-0.000400007498683,-0.00014474071213,0.00104742858093,-0.00316876079887,0.00220478419214],[-0.000352526752977,0.000553019694053,-0.00148851238191,0.00410633441061,-0.00065763189923,0.000585132860579,-0.000106985724415,-0.000927620800212,-0.000224911025725,0.000606418470852,-0.00135635281913,0.00274231098592,-0.00157870841213],[0.000286837457679,-0.000927583314478,0.000234239792917,-0.00065763189923,0.00690161762759,-0.000760098919272,-0.00168626790401,0.00209500989877,-0.00290735810995,0.000192767649423,-0.000343452295056,0.000867746130098,-0.00137310975697],[-0.000318459264236,0.000712536915671,-0.000486190197989,0.000585132860579,-0.000760098919272,0.00708748493344,-0.00273659452796,0.000371193687897,-0.0017737406306,0.000103011494502,0.000658242148347,0.00000660375326333,0.00359974754974],[0.000306175206788,-0.00114312942605,-0.0003565553925,-0.000106985724415,-0.00168626790401,-0.00273659452796,0.00876855663955,-0.00320983561687,0.00402395799756,-0.00051153084496,-0.00176379084587,0.0017492956249,-0.000250962009886],[-0.000262818211922,0.00122496648692,-0.000384431157727,-0.000927620800212,0.00209500989877,0.000371193687897,-0.00320983561687,0.0155183067545,-0.00825174245983,0.00357793504372,0.000595132354647,-0.000192365885596,0.00182760739699],[0.000515108928084,-0.0025231319014,-0.000400007498683,-0.000224911025725,-0.00290735810995,-0.0017737406306,0.00402395799756,-0.00825174245983,0.0181129258126,-0.00840059481561,0.00200608605519,0.000580877822358,-0.00113818491809],[-0.000518051499967,0.00337840686552,-0.00014474071213,0.000606418470852,0.000192767649423,0.000103011494502,-0.00051153084496,0.00357793504372,-0.00840059481561,0.0204712059349,-0.0055331052281,-0.00204987614416,0.000229816374485],[0.000420370575739,-0.00233948323876,0.00104742858093,-0.00135635281913,-0.000343452295056,0.000658242148347,-0.00176379084587,0.000595132354647,0.00200608605519,-0.0055331052281,0.0162483397871,-0.00395306153223,-0.00199914933182],[-0.000411421555327,0.00155066710431,-0.00316876079887,0.00274231098592,0.000867746130098,0.00000660375326333,0.0017492956249,-0.000192365885596,0.000580877822358,-0.00204987614416,-0.00395306153223,0.0203092452139,-0.00281967571937],[0.000129091771669,0.000373669638066,0.00220478419214,-0.00157870841213,-0.00137310975697,0.00359974754974,-0.000250962009886,0.00182760739699,-0.00113818491809,0.000229816374485,-0.00199914933182,-0.00281967571937,0.0149943483993]],"mean":[-43.9726104736,103.314743042,-127.748672485,46.047706604,-47.395565033,16.5805225372,-31.778383255,4.74893379211,-19.6203784943,-0.135746255517,-11.4158411026,-6.93781328201,-6.65962982178]},"hfc":{"dmean":5.40199136734,"dmean2":7.22275733948,"dvar":65.9439468384,"dvar2":122.152122498,"max":149.387405396,"mean":16.2321815491,"median":9.45594120026,"min":1.04505277288e-16,"var":337.512573242},"melbands":{"dmean":[0.000475885928608,0.000711141328793,0.000259469234152,0.000295613775961,0.000228577599046,0.000184665055713,0.000070706999395,0.0000506098549522,0.000051007627917,0.0000735056310077,0.0000348482717527,0.0000484320880787,0.0000476165478176,0.0000307169721054,0.0000570196243643,0.0000472924402857,0.0000503305527673,0.0000335615222866,0.0000402297227993,0.0000256616312981,0.0000170039511431,0.00000805576473795,0.00000656556812828,0.00000661145486447,0.00000400039607484,0.00000640721009404,0.00000661551348458,0.00000509113078806,0.00000477441153635,0.00000333281104758,0.00000164772586686,0.00000127698353936,0.00000108061158244,0.00000100066552022,8.39419953991e-7,8.48406102705e-7,7.08570610186e-7,5.13880252129e-7,4.72749349001e-7,2.65137458655e-7],"dmean2":[0.00075889902655,0.00104794383515,0.000424232304795,0.000474066240713,0.000362234830391,0.000286209047772,0.00010919709166,0.0000792145219748,0.0000808180047898,0.000114918388135,0.0000538774220331,0.0000714040652383,0.0000716897266102,0.0000485866876261,0.0000901471285033,0.0000724351557437,0.000076845411968,0.0000520292815054,0.0000588411166973,0.0000394797498302,0.0000266870265477,0.0000122515975818,0.0000101047871794,0.0000101041014204,0.00000611090717939,0.00000956932854024,0.00000975632156042,0.00000736920264899,0.00000704217700331,0.00000495810263601,0.00000231342141888,0.00000181103882824,0.00000153508062795,0.0000014304847582,0.00000119808476029,0.00000121637481243,9.96548578769e-7,6.93291667631e-7,6.44974420538e-7,3.70428438146e-7],"dvar":[7.00697853517e-7,0.00000117409786071,2.30359589182e-7,4.70290558496e-7,1.86729778306e-7,1.84545143611e-7,5.14303906129e-8,3.06408445283e-8,2.31193570954e-8,3.30152865047e-8,9.71958069584e-9,2.32797638944e-8,3.49009070533e-8,8.05109845459e-9,6.31104342119e-8,3.15270263229e-8,2.74986646787e-8,8.51619930131e-9,2.08214281372e-8,5.03358910109e-9,1.9329999823e-9,2.44594566823e-10,1.5614849691e-10,1.98004695973e-10,3.03480504615e-11,2.27570753908e-10,1.86139270664e-10,2.04779873614e-10,1.65474217662e-10,6.37177255403e-11,8.55073043621e-12,5.89035894713e-12,5.13477628472e-12,5.36097381765e-12,3.56569981874e-12,7.14036208632e-12,9.96256202535e-12,6.87075439945e-12,1.05131433073e-11,2.39677028224e-12],"dvar2":[0.00000177354081643,0.00000269384190688,6.14765440332e-7,0.0000011235281363,4.52139374829e-7,4.52418646546e-7,1.15819595692e-7,6.93620165748e-8,5.77464120965e-8,7.78387914124e-8,2.17837623495e-8,5.26632106812e-8,8.56268869143e-8,2.01388630217e-8,1.55455410322e-7,6.91441925937e-8,6.38028438971e-8,1.91875599853e-8,4.37241389761e-8,1.14127338691e-8,4.53733228767e-9,5.4344240219e-10,3.72878145027e-10,4.81618522841e-10,7.04730232504e-11,5.07688613371e-10,3.85690146487e-10,4.21287504881e-10,3.54186707741e-10,1.47674983353e-10,1.68099024284e-11,1.19988021255e-11,1.11019414148e-11,1.14456734021e-11,7.16297464051e-12,1.599389024e-11,1.92832538132e-11,1.3289772928e-11,2.08306635829e-11,5.10792233163e-12],"max":[0.0123608624563,0.0161295402795,0.011087144725,0.0152530437335,0.00712781911716,0.00700833834708,0.00597760872915,0.00468692975119,0.00448283785954,0.00513943610713,0.00468874676153,0.00434779003263,0.00617451872677,0.00245125591755,0.00705318013206,0.00426348112524,0.00460977619514,0.00233618216589,0.00448575569317,0.00238543516025,0.00118947785813,0.000303292647004,0.000341646722518,0.000405266706366,0.0000921186074265,0.000403120560804,0.000292930461001,0.000461759569589,0.00050147715956,0.00025352978264,0.0000774672225816,0.0000531905025127,0.0000709024534444,0.00006428261986,0.0000550164768356,0.0000990058033494,0.000119088203064,0.000114706839668,0.000160409865202,0.0000621214130661],"mean":[0.000839266635012,0.00165173620917,0.000442182616098,0.000470687198685,0.000413984060287,0.000365221785614,0.000140492527862,0.0000735388457542,0.0000807949400041,0.000121186756587,0.0000583680302952,0.0000863261229824,0.0000795599480625,0.0000491149985464,0.0000806989628472,0.0000657034761389,0.0000796575986897,0.0000517296903126,0.0000621586223133,0.0000435262736573,0.0000341410996043,0.0000168150127138,0.0000137292554427,0.0000132471759571,0.00000764931701269,0.0000109799211714,0.0000117275585581,0.00000930866735871,0.00000850250671647,0.00000597259258939,0.00000243248405241,0.00000173873047515,0.00000155087070652,0.00000139859218962,0.00000118076036415,0.00000124962775772,0.00000112226200599,7.95454639047e-7,6.59184308915e-7,3.62765092632e-7],"median":[0.000404293969041,0.00124179082923,0.000277294515399,0.00016556288756,0.000129783642478,0.0000706348291715,0.000032954631024,0.0000258250438492,0.000034545239032,0.0000473284453619,0.0000207596094697,0.0000182309122465,0.0000140743977681,0.0000171054925886,0.0000160099898494,0.0000102411495391,0.0000194716103579,0.0000152744523803,0.0000117144782052,0.0000121884440887,0.0000093916487458,0.00000673110071148,0.00000534526225238,0.00000537549794899,0.00000437990820501,0.00000373318107449,0.00000365908090316,0.00000200629233404,0.00000178194466116,0.00000141342013649,7.11545794729e-7,4.67999512921e-7,4.15016472743e-7,3.3968510138e-7,2.82035244936e-7,2.82566475107e-7,2.13515775727e-7,1.28757292828e-7,6.79549003735e-8,3.97852808476e-8],"min":[9.43052841047e-25,8.20913950826e-25,1.38103867082e-24,6.03904232256e-25,7.8548630618e-25,2.07719145917e-24,1.54281984298e-24,9.05148370374e-25,2.80891595788e-24,1.6327542263e-24,3.58217753313e-24,1.87669536036e-24,2.79269796375e-24,2.62189892814e-24,3.12013144575e-24,2.46214788952e-24,2.57025299354e-24,1.59595347065e-24,3.1561808114e-24,3.6706553834e-24,3.29593797317e-24,3.08482775088e-24,3.60312888991e-24,4.1720960011e-24,3.0208387069e-24,4.48436422385e-24,5.22191840465e-24,4.59882557461e-24,4.87010024599e-24,3.69901848282e-24,4.5950796686e-24,5.17931833805e-24,4.649587985e-24,4.36908364103e-24,5.24196493798e-24,6.24972212262e-24,6.28411488037e-24,6.11793699195e-24,6.78573417506e-24,5.48695121412e-24],"var":[0.00000123281347442,0.00000268928783953,3.07084292217e-7,0.00000104317837213,5.16153306762e-7,5.66797382362e-7,1.47202740663e-7,4.00297430758e-8,2.8105194616e-8,6.65378649956e-8,1.67054299283e-8,5.58314319221e-8,7.14964514259e-8,1.11733369224e-8,8.01316701882e-8,4.83470614654e-8,4.1502040915e-8,1.50453995929e-8,3.81888121126e-8,1.31757751376e-8,6.34403107824e-9,8.46543946054e-10,5.88510018495e-10,5.94807869625e-10,8.8246035479e-11,5.19449261382e-10,4.9077236719e-10,6.17098483424e-10,4.82948514513e-10,1.98113872529e-10,2.13772367863e-11,1.21917424073e-11,1.15647031881e-11,1.05598663494e-11,8.69907097745e-12,1.60601514726e-11,2.31040100246e-11,1.63599151587e-11,1.99900200559e-11,4.19499027529e-12]},"melbands_crest":{"dmean":2.96430253983,"dmean2":4.59118032455,"dvar":7.35839700699,"dvar2":16.4069366455,"max":39.05519104,"mean":14.9401979446,"median":14.6680221558,"min":1.56164455414,"var":32.4629325867},"melbands_flatness_db":{"dmean":0.0342578068376,"dmean2":0.0465672425926,"dvar":0.0010748206405,"dvar2":0.00187994691078,"max":0.496784895658,"mean":0.198725014925,"median":0.188553094864,"min":0.00280022085644,"var":0.00574181834236},"melbands_kurtosis":{"dmean":8.98344230652,"dmean2":13.5968370438,"dvar":291.894958496,"dvar2":628.206176758,"max":417.619628906,"mean":17.9902992249,"median":6.90612363815,"min":-1.7729421854,"var":871.97668457},"melbands_skewness":{"dmean":0.804680168629,"dmean2":1.18762099743,"dvar":0.82376408577,"dvar2":1.58716261387,"max":16.6968307495,"mean":2.99918627739,"median":2.46460938454,"min":-1.07062983513,"var":4.93552064896},"melbands_spread":{"dmean":8.16923236847,"dmean2":11.9269390106,"dvar":115.690483093,"dvar2":222.482803345,"max":248.283172607,"mean":27.917093277,"median":23.5642547607,"min":0.542307436466,"var":575.328796387},"mfcc":{"cov":[[9212.53320313,425.26739502,-613.413208008,-2.19150471687,-155.057479858,-22.3717079163,-139.425765991,-201.857513428,-101.613471985,-16.3714046478,-246.971572876,-71.0133132935,-83.7515716553],[425.26739502,1380.80212402,-392.355560303,77.5907363892,77.2786178589,63.070766449,133.017044067,87.7194366455,-22.2886257172,65.0038909912,-7.74120616913,22.6290397644,-10.6706495285],[-613.413208008,-392.355560303,689.287597656,37.0924034119,0.489335089922,50.8307266235,-46.4374580383,100.813285828,31.4115257263,-17.6708660126,136.197555542,-27.7223491669,39.3594284058],[-2.19150471687,77.5907363892,37.0924034119,339.726257324,75.1206207275,-16.6138763428,46.4449615479,-4.93208503723,19.2184066772,16.4149837494,-43.2673721313,54.10521698,-10.5639429092],[-155.057479858,77.2786178589,0.489335089922,75.1206207275,165.412124634,28.7440929413,-17.9525375366,6.17730712891,27.1418628693,24.7351646423,8.39062786102,13.7487287521,11.6562585831],[-22.3717079163,63.070766449,50.8307266235,-16.6138763428,28.7440929413,163.284561157,55.4522018433,45.0286865234,11.361456871,27.3755245209,44.8249778748,-2.34136557579,8.21787071228],[-139.425765991,133.017044067,-46.4374580383,46.4449615479,-17.9525375366,55.4522018433,166.644012451,51.0651626587,-9.91681575775,25.4349212646,-1.89291453362,18.4799633026,-14.9873409271],[-201.857513428,87.7194366455,100.813285828,-4.93208503723,6.17730712891,45.0286865234,51.0651626587,148.220153809,25.1093425751,31.2933063507,66.5714035034,-18.399969101,7.6602640152],[-101.613471985,-22.2886257172,31.4115257263,19.2184066772,27.1418628693,11.361456871,-9.91681575775,25.1093425751,92.8373184204,32.79504776,6.37404155731,8.2846622467,3.12623000145],[-16.3714046478,65.0038909912,-17.6708660126,16.4149837494,24.7351646423,27.3755245209,25.4349212646,31.2933063507,32.79504776,87.7869644165,30.2497386932,7.72858142853,-1.93689858913],[-246.971572876,-7.74120616913,136.197555542,-43.2673721313,8.39062786102,44.8249778748,-1.89291453362,66.5714035034,6.37404155731,30.2497386932,126.364952087,-9.3300743103,20.459859848],[-71.0133132935,22.6290397644,-27.7223491669,54.10521698,13.7487287521,-2.34136557579,18.4799633026,-18.399969101,8.2846622467,7.72858142853,-9.3300743103,73.3874893188,11.2031621933],[-83.7515716553,-10.6706495285,39.3594284058,-10.5639429092,11.6562585831,8.21787071228,-14.9873409271,7.6602640152,3.12623000145,-1.93689858913,20.459859848,11.2031621933,62.2634849548]],"icov":[[0.000132267712615,-0.0000362157043128,0.0000845513495733,-0.0000924982668948,0.00021996635769,-0.000189871512703,0.00029122675187,0.0000165095698321,0.000133298934088,-0.000141442462336,0.000211721664527,0.000142224656884,0.000048261063057],[-0.0000362157043128,0.00111403316259,0.000823129841592,-0.000316613062751,-0.000401914323447,-0.000207969365874,-0.000246561394306,-0.00101805245504,0.000454482476925,-0.0000443383360107,-0.000352053379174,-0.0000245405299211,-0.000167352249264],[0.0000845513495733,0.000823129841592,0.00311361020431,-0.00143853668123,0.00060618884163,-0.000912715680897,0.00105069228448,-0.00155750452541,-0.000461243558675,0.00167780299671,-0.00271076173522,0.00090500281658,-0.000702733523212],[-0.0000924982668948,-0.000316613062751,-0.00143853668123,0.00486474111676,-0.00242496118881,0.0014438922517,-0.00182851904538,0.000213956809603,-0.0000781581475167,-0.000790926686022,0.00232913088985,-0.0028849451337,0.00108605145942],[0.00021996635769,-0.000401914323447,0.00060618884163,-0.00242496118881,0.00872695073485,-0.00244855834171,0.0031379875727,-0.0000633899253444,-0.000973601301666,-0.00129491835833,-0.00015538810112,0.000228351244004,-0.0010965015972],[-0.000189871512703,-0.000207969365874,-0.000912715680897,0.0014438922517,-0.00244855834171,0.0090543422848,-0.00423606112599,0.000610056449659,-0.000977156683803,-0.000443216209533,-0.00204312079586,0.000438273069449,-0.000672667752951],[0.00029122675187,-0.000246561394306,0.00105069228448,-0.00182851904538,0.0031379875727,-0.00423606112599,0.0114956246689,-0.00472255237401,0.00316678010859,-0.00218934123404,0.00255993381143,-0.00282643269747,0.00213505956344],[0.0000165095698321,-0.00101805245504,-0.00155750452541,0.000213956809603,-0.0000633899253444,0.000610056449659,-0.00472255237401,0.0133553957567,-0.00375282787718,-0.000483732292196,-0.00482770288363,0.00416160095483,-0.000968953128904],[0.000133298934088,0.000454482476925,-0.000461243558675,-0.0000781581475167,-0.000973601301666,-0.000977156683803,0.00316678010859,-0.00375282787718,0.0150429420173,-0.00605309940875,0.00365308299661,-0.0023649672512,0.000352242030203],[-0.000141442462336,-0.0000443383360107,0.00167780299671,-0.000790926686022,-0.00129491835833,-0.000443216209533,-0.00218934123404,-0.000483732292196,-0.00605309940875,0.0176034420729,-0.00604954594746,-0.00039368274156,0.00135103764478],[0.000211721664527,-0.000352053379174,-0.00271076173522,0.00232913088985,-0.00015538810112,-0.00204312079586,0.00255993381143,-0.00482770288363,0.00365308299661,-0.00604954594746,0.0167605038732,-0.00169901933987,-0.0017313080607],[0.000142224656884,-0.0000245405299211,0.00090500281658,-0.0028849451337,0.000228351244004,0.000438273069449,-0.00282643269747,0.00416160095483,-0.0023649672512,-0.00039368274156,-0.00169901933987,0.0188049972057,-0.00488621881232],[0.000048261063057,-0.000167352249264,-0.000702733523212,0.00108605145942,-0.0010965015972,-0.000672667752951,0.00213505956344,-0.000968953128904,0.000352242030203,0.00135103764478,-0.0017313080607,-0.00488621881232,0.0191251374781]],"mean":[-668.121826172,121.816696167,-11.4197072983,30.9013843536,8.5167427063,12.8015594482,4.11120843887,3.89936685562,-0.799008011818,8.41393852234,-4.66476011276,1.32101905346,-4.17820596695]},"pitch_salience":{"dmean":0.0749519616365,"dmean2":0.114660799503,"dvar":0.00450315419585,"dvar2":0.00954504404217,"max":0.9245236516,"mean":0.505591630936,"median":0.512197196484,"min":0.030727757141,"var":0.0176643840969},"silence_rate_20dB":{"dmean":0,"dmean2":0,"dvar":0,"dvar2":0,"max":1,"mean":1,"median":1,"min":1,"var":0},"silence_rate_30dB":{"dmean":0,"dmean2":0,"dvar":0,"dvar2":0,"max":1,"mean":1,"median":1,"min":1,"var":0},"silence_rate_60dB":{"dmean":0.0222531296313,"dmean2":0.044512450695,"dvar":0.0217565149069,"dvar2":0.0547741800547,"max":1,"mean":0.0606313459575,"median":0,"min":0,"var":0.0569563619792},"spectral_centroid":{"dmean":324.458251953,"dmean2":466.956390381,"dvar":119646.617188,"dvar2":229557.59375,"max":11779.0615234,"mean":1639.22558594,"median":1475.63195801,"min":149.141769409,"var":1647193.125},"spectral_complexity":{"dmean":3.73435330391,"dmean2":5.30004167557,"dvar":15.2844257355,"dvar2":27.5059757233,"max":52,"mean":16.3753299713,"median":16,"min":0,"var":82.1752471924},"spectral_contrast_coeffs":{"dmean":[0.0479366183281,0.0441515520215,0.0373049862683,0.0331303738058,0.0251861941069,0.0194183252752],"dmean2":[0.0799191147089,0.0717506185174,0.0600743852556,0.0524757802486,0.0397922508419,0.0304102897644],"dvar":[0.00142350874376,0.00137340265792,0.000972368812654,0.00080570706632,0.000468029844342,0.000284314446617],"dvar2":[0.0038840228226,0.0034084438812,0.0023823576048,0.00187850836664,0.0010621547699,0.000670542707667],"max":[-0.344692856073,-0.400605589151,-0.452930629253,-0.500825047493,-0.545229613781,-0.548157930374],"mean":[-0.664638698101,-0.741631925106,-0.767003595829,-0.771617531776,-0.788152933121,-0.754500448704],"median":[-0.666803181171,-0.759386181831,-0.775718390942,-0.782807946205,-0.798628389835,-0.754830062389],"min":[-0.981596887112,-0.977714717388,-0.975380659103,-0.971638083458,-0.968574345112,-0.964745998383],"var":[0.0056689530611,0.0085398061201,0.00538034038618,0.0054475562647,0.00326563208364,0.00207511102781]},"spectral_contrast_valleys":{"dmean":[0.438929110765,0.36891207099,0.36199837923,0.352303624153,0.38030898571,0.508346259594],"dmean2":[0.716180980206,0.573479831219,0.554149568081,0.512757301331,0.496979802847,0.622157752514],"dvar":[0.167343452573,0.134233132005,0.123271562159,0.121647007763,0.131162643433,0.207507386804],"dvar2":[0.367266029119,0.267294049263,0.244352981448,0.232656240463,0.236524522305,0.388328105211],"max":[-5.54339122772,-5.15515375137,-5.30205106735,-5.82460308075,-5.90758991241,-7.4047870636],"mean":[-7.61749124527,-7.41091251373,-7.87434911728,-8.00872421265,-7.9091296196,-10.764790535],"median":[-7.26128101349,-7.07360219955,-7.55465269089,-7.68993997574,-7.54303312302,-10.5119667053],"min":[-28.1440753937,-28.0737838745,-27.810464859,-27.7162971497,-27.489736557,-27.4052886963],"var":[6.14953279495,6.23508834839,6.0259513855,5.9195189476,6.03298425674,4.93559122086]},"spectral_decrease":{"dmean":1.43423295462e-9,"dmean2":2.10777106879e-9,"dvar":3.30749698213e-18,"dvar2":7.66942756087e-18,"max":2.23668909279e-28,"mean":-4.64731630956e-9,"median":-3.83770348833e-9,"min":-2.80711365264e-8,"var":1.16459387099e-17},"spectral_energy":{"dmean":0.00576508836821,"dmean2":0.00841213855892,"dvar":0.0000524488132214,"dvar2":0.000119985830679,"max":0.108757145703,"mean":0.0190123748034,"median":0.015655906871,"min":9.68723332264e-21,"var":0.000197923727683},"spectral_energyband_high":{"dmean":0.000359427504009,"dmean2":0.000477499241242,"dvar":4.45226334023e-7,"dvar2":7.97268000952e-7,"max":0.0169550497085,"mean":0.000671166751999,"median":0.000201862683753,"min":6.979940648e-21,"var":0.00000163486413385},"spectral_energyband_low":{"dmean":0.00298480316997,"dmean2":0.00442876387388,"dvar":0.0000210314101423,"dvar2":0.0000493415973324,"max":0.0648342967033,"mean":0.00686665391549,"median":0.00500755989924,"min":2.03120528601e-23,"var":0.000045858338126},"spectral_energyband_middle_high":{"dmean":0.00195668824017,"dmean2":0.00273147784173,"dvar":0.0000176060893864,"dvar2":0.0000343214887835,"max":0.0767608061433,"mean":0.00537718832493,"median":0.00221163756214,"min":1.17265029317e-21,"var":0.0000677331772749},"spectral_energyband_middle_low":{"dmean":0.00267376261763,"dmean2":0.00412820186466,"dvar":0.0000178360860446,"dvar2":0.0000432898996223,"max":0.0727132260799,"mean":0.00639326963574,"median":0.0040990463458,"min":1.63293664644e-22,"var":0.0000489106641908},"spectral_entropy":{"dmean":0.208811670542,"dmean2":0.282922059298,"dvar":0.0357991866767,"dvar2":0.0705417990685,"max":9.82139110565,"mean":7.64654779434,"median":7.62142276764,"min":5.87789869308,"var":0.221778541803},"spectral_flux":{"dmean":0.0187897179276,"dmean2":0.0291363485157,"dvar":0.000427090853918,"dvar2":0.000932438764721,"max":0.29699036479,"mean":0.0682250708342,"median":0.0598693192005,"min":6.31296265263e-11,"var":0.00163273490034},"spectral_kurtosis":{"dmean":1.80997741222,"dmean2":2.98446011543,"dvar":4.05981254578,"dvar2":10.6498765945,"max":25.5545463562,"mean":3.88596987724,"median":3.27932810783,"min":-1.26592314243,"var":7.10513162613},"spectral_rms":{"dmean":0.000623318075668,"dmean2":0.000887741567567,"dvar":4.13042727132e-7,"dvar2":8.88056149506e-7,"max":0.0103007052094,"mean":0.00398757588118,"median":0.0039082034491,"min":3.07424116545e-12,"var":0.00000264798586613},"spectral_rolloff":{"dmean":494.746398926,"dmean2":772.373413086,"dvar":708584.1875,"dvar2":1320728.25,"max":19681.3476563,"mean":1753.33056641,"median":1399.65820313,"min":21.533203125,"var":6062304.5},"spectral_skewness":{"dmean":0.253103882074,"dmean2":0.386705189943,"dvar":0.052873775363,"dvar2":0.127529725432,"max":3.29771304131,"mean":1.29548859596,"median":1.27797925472,"min":-0.0715292096138,"var":0.192287802696},"spectral_spread":{"dmean":560220.6875,"dmean2":800818.6875,"dvar":686254850048,"dvar2":1390253441020,"max":42534704,"mean":4518349.5,"median":3888417.5,"min":1545644.125,"var":19324741877800},"spectral_strongpeak":{"dmean":0.457359910011,"dmean2":0.771563112736,"dvar":1.06320774555,"dvar2":2.63721108437,"max":15.8663711548,"mean":0.777115643024,"median":0.312548756599,"min":0,"var":1.74314367771},"zerocrossingrate":{"dmean":0.0116477152333,"dmean2":0.0126896072179,"dvar":0.0001987193682,"dvar2":0.000213677951251,"max":0.52490234375,"mean":0.0626656115055,"median":0.052734375,"min":0,"var":0.00397242885083}},"metadata":{"audio_properties":{"analysis_sample_rate":44100,"bit_rate":192000,"codec":"mp3","downmix":"mix","equal_loudness":0,"length":166.948577881,"lossless":false,"md5_encoded":"428d799b93d58357d9e0b40f4dd4444f","replay_gain":-8.96501922607,"sample_rate":44100},"tags":{"album":["Everybody's Rockin'"],"albumartist":["Neil Young and the Shocking Pinks"],"albumartistsort":["Young, Neil"],"artist":["Neil Young and the Shocking Pinks"],"artistsort":["Young, Neil"],"asin":["B00004VW34"],"catalognumber":["4013-2"],"composer":["Parker, Phillips"],"date":["1983-08"],"discnumber":["1/1"],"file_name":"Neil Young and the Shocking Pinks - Everybody's Rockin' - 09 - Mystery Train.mp3","genre":["Pop/Rock"],"isrc":["USGF18301309"],"label":["Geffen Records"],"language":["eng"],"media":["CD"],"musicbrainz album release country":["US"],"musicbrainz album status":["official"],"musicbrainz album type":["album"],"musicbrainz_albumartistid":["75167b8b-44e4-407b-9d35-effe87b223cf"],"musicbrainz_albumid":["f0d4f706-9cb8-4373-af72-44a287a7da45"],"musicbrainz_artistid":["75167b8b-44e4-407b-9d35-effe87b223cf"],"musicbrainz_recordingid":["e63ae1f4-1fdc-4a2d-a674-63c6daef853d"],"originaldate":["1983-08"],"script":["Latn"],"title":["Mystery Train"],"tracknumber":["9/10"]},"version":{"essentia":"2.1-beta2","essentia_build_sha":"2d9f1f26377add8aeb1075a9c2973f962c4f09fd","essentia_git_sha":"v2.1_beta2-1-ge3940c0","extractor":"music 1.0"}},"rhythm":{"beats_count":317,"beats_loudness":{"dmean":0.00745400972664,"dmean2":0.0120306229219,"dvar":0.0000460266674054,"dvar2":0.0000931348477025,"max":0.0551651492715,"mean":0.0215197429061,"median":0.0195140186697,"min":0,"var":0.000121919452795},"beats_loudness_band_ratio":{"dmean":[0.162693813443,0.132352545857,0.070922896266,0.0908292531967,0.0812139436603,0.0514616593719],"dmean2":[0.266175299883,0.226072177291,0.11997641623,0.156507715583,0.143210485578,0.089