{"lowlevel":{"average_loudness":0.640761971474,"barkbands":{"dmean":[0.0000292224758596,0.00192483863793,0.00120661593974,0.00139464612585,0.00141783524305,0.000842944602482,0.000329568487359,0.000396925664973,0.000388196232961,0.000153979301103,0.00019684578001,0.000162905285833,0.00014522827405,0.000304140266962,0.000267670111498,0.000362674880307,0.000260544096818,0.000356970704161,0.000340666971169,0.000332966388669,0.0001901864307,0.000114292881335,0.000080624166003,0.000053002655477,0.000021170339096,0.00000772826842876,5.16231068559e-7],"dmean2":[0.0000497888104292,0.00315514788963,0.00204025441781,0.00239817239344,0.00238584633917,0.00132522033527,0.000542993831914,0.000614468764979,0.000596128113102,0.000243104950641,0.00031001039315,0.000263185065705,0.000228633318329,0.000471397273941,0.0004309049109,0.000591067655478,0.00041919114301,0.00055993150454,0.000535473634955,0.000539339671377,0.000314505799906,0.000186287812539,0.00012946879724,0.0000804586234153,0.0000308370108542,0.000011321328202,8.0267687963e-7],"dvar":[3.58614160589e-9,0.0000151241420099,0.0000126600280055,0.00000955743053055,0.00000675066485201,0.00000332967306349,5.62531738524e-7,0.00000151314270624,9.29299744712e-7,3.59725163435e-7,2.41511685317e-7,2.34819154343e-7,1.0084797708e-7,3.98169277105e-7,2.89616110649e-7,3.91072688899e-7,1.60413122785e-7,3.48963254737e-7,2.42424988528e-7,2.21675335865e-7,8.32742017565e-8,3.51951179312e-8,1.39548648193e-8,1.56047441635e-8,8.27233126444e-9,6.86046663922e-10,5.44179371703e-12],"dvar2":[1.00794066427e-8,0.0000401640827477,0.000034747110476,0.0000260644173977,0.0000189875463548,0.000007886842468,0.00000145858211908,0.00000325570113091,0.00000210252301258,8.74210684287e-7,5.74530417907e-7,6.50033712191e-7,2.2796818655e-7,9.01937312392e-7,7.09898586138e-7,0.00000100226395716,3.98286829295e-7,7.89591751982e-7,5.55668862035e-7,5.28403063527e-7,2.22818400175e-7,9.25613861114e-8,3.45407933366e-8,3.17650439285e-8,1.63315974078e-8,1.3418386402e-9,1.15254255792e-11],"max":[0.00152536865789,0.0759572610259,0.0420445948839,0.041432544589,0.0513299591839,0.043960146606,0.014440022409,0.033986479044,0.0217778086662,0.0202988628298,0.0157147999853,0.0189094413072,0.00974865816534,0.0136866420507,0.0240550637245,0.0153881097212,0.00700956489891,0.0158044975251,0.0105755440891,0.00831372104585,0.00438388390467,0.00369717017747,0.00173614150845,0.00399496499449,0.00336034409702,0.000667793268804,0.000104774422653],"mean":[0.0000692870162311,0.00896083284169,0.00240556150675,0.00217768270522,0.00270912470296,0.00160085677635,0.000558782136068,0.000683800317347,0.000649330962915,0.00024903807207,0.000363592844224,0.000283209199551,0.000257704756223,0.000589037314057,0.000533386308234,0.000719374511391,0.000562137633096,0.000867434835527,0.00085883832071,0.000807976466604,0.000530239893124,0.000318376463838,0.000239960485487,0.000146619131556,0.0000489081467094,0.0000159466744662,7.42610382076e-7],"median":[0.00000811846439319,0.0020161322318,0.000945016276091,0.000676278374158,0.00170740159228,0.000714680296369,0.000242491369136,0.00016602591495,0.000243335016421,0.0000979428587016,0.000171208026586,0.000154318215209,0.000135616777698,0.000257252191659,0.000313959026244,0.000491775921546,0.000380789628252,0.000529751589056,0.000635089818388,0.00066063774284,0.000422286975663,0.000217050153879,0.000185624652659,0.0000808742188383,0.0000149048437379,0.00000322269147546,7.17921011528e-8],"min":[2.78234791146e-24,1.7178689456e-23,4.02313894624e-24,8.68307875847e-24,5.28249976673e-23,1.58238208513e-23,2.25783350671e-23,9.7765228035e-24,2.42660461759e-23,3.09202614608e-23,1.84537663578e-23,6.86464109151e-23,8.1966813238e-23,7.84979330914e-23,7.66940795693e-23,9.43803284426e-23,1.04640878154e-22,1.32545961773e-22,1.88400961556e-22,2.69799214341e-22,2.68227929635e-22,3.85114522813e-22,4.21761617834e-22,6.86764431653e-22,1.13162377057e-21,1.47626889591e-21,2.32933091143e-21],"var":[2.07193391333e-8,0.000213711377,0.0000172222262336,0.0000135598411362,0.0000116837227324,0.00000713741337677,9.35502725952e-7,0.00000451401365353,0.00000210673715628,5.3102178299e-7,5.5455183201e-7,3.95051927171e-7,2.27358725624e-7,0.00000117232377761,8.12179337117e-7,7.90797514583e-7,4.58167420447e-7,0.00000146458023664,9.10214453143e-7,6.3729902422e-7,2.99765275713e-7,1.42630298683e-7,6.2716722482e-8,6.01305103487e-8,2.56275285437e-8,2.12694950541e-9,1.02265314272e-11]},"barkbands_crest":{"dmean":2.13298630714,"dmean2":3.50366926193,"dvar":5.24258089066,"dvar2":13.7125301361,"max":25.1427516937,"mean":11.1171865463,"median":9.93908596039,"min":2.09407019615,"var":29.3577671051},"barkbands_flatness_db":{"dmean":0.0163190998137,"dmean2":0.0252352617681,"dvar":0.000303036445985,"dvar2":0.000663376471493,"max":0.784939825535,"mean":0.17114841938,"median":0.123311892152,"min":0.0252817459404,"var":0.017982153222},"barkbands_kurtosis":{"dmean":3.21293210983,"dmean2":4.92397451401,"dvar":112.381629944,"dvar2":273.874603271,"max":538.825561523,"mean":11.0066280365,"median":0.00930607318878,"min":-1.91070067883,"var":1544.90881348},"barkbands_skewness":{"dmean":0.459978550673,"dmean2":0.706417322159,"dvar":0.283259063959,"dvar2":0.628023266792,"max":16.0977725983,"mean":1.53174602985,"median":1.11553311348,"min":-2.96666955948,"var":4.26255989075},"barkbands_spread":{"dmean":4.97931051254,"dmean2":7.97044181824,"dvar":35.3817672729,"dvar2":89.3014602661,"max":138.753295898,"mean":29.9601745605,"median":30.8735733032,"min":0.103869378567,"var":294.382446289},"dissonance":{"dmean":0.00977783557028,"dmean2":0.0164500121027,"dvar":0.000143831333844,"dvar2":0.0003903855104,"max":0.500000178814,"mean":0.474497914314,"median":0.485560655594,"min":0.23198017478,"var":0.000927978835534},"dynamic_complexity":2.67758989334,"erbbands":{"dmean":[0.0418007001281,0.487528800964,1.13008010387,3.40482544899,4.28222894669,5.33995389938,6.7833943367,7.14704942703,3.9664247036,6.42054748535,9.70920276642,8.98829078674,5.56440114975,4.89831590652,7.19708395004,7.05747318268,6.68100500107,10.486577034,16.2793922424,14.9025621414,18.5438423157,13.7626371384,16.9948711395,16.8532238007,17.6853084564,14.6392326355,7.84917068481,7.90661668777,4.68140935898,2.72370648384,2.47185969353,1.49009668827,0.66181832552,0.295765757561,0.142389327288,0.0435338132083,0.0139018185437,0.00199830532074,0.000072239767178,0.00000727471069695],"dmean2":[0.0674526393414,0.801484167576,1.88662481308,5.90849113464,7.27858018875,8.75281429291,10.9979152679,11.217874527,6.38408279419,10.4843101501,14.9429645538,13.9292087555,8.82464599609,7.54465341568,11.4435796738,11.2875537872,10.5935897827,15.9305257797,25.7385902405,23.8834838867,30.0357456207,21.8722686768,26.8192424774,26.3484535217,27.7842464447,23.5782470703,12.9402103424,13.2197999954,7.70597362518,4.3620595932,3.97561693192,2.34906983376,0.988767743111,0.436815440655,0.206193834543,0.0645028948784,0.0204146541655,0.00291418866254,0.000110564673378,0.0000113989026431],"dvar":[0.00814583338797,0.958857595921,8.88554382324,67.2076873779,79.1984939575,96.6912155151,260.424713135,287.604797363,64.8713302612,275.109039307,1074.08056641,589.902160645,398.336669922,165.900939941,376.080780029,513.942199707,217.448379517,583.798828125,1168.09008789,870.790100098,799.038269043,479.123199463,794.434875488,688.856018066,592.62677002,422.099853516,152.097747803,152.111328125,55.3611793518,20.0305347443,13.0748262405,8.25100803375,4.06169128418,1.68570768833,0.488481134176,0.0208329595625,0.00244819908403,0.0000541053341294,1.32656595042e-7,1.22175478068e-10],"dvar2":[0.0194220542908,2.59607386589,24.1566791534,188.144393921,217.698852539,263.736938477,663.888061523,696.221618652,160.889907837,720.107666016,2272.93432617,1308.03112793,1003.4420166,352.634063721,913.483154297,1413.22619629,523.815856934,1212.65966797,2778.15844727,2231.47460938,1998.44934082,1138.17041016,1830.2689209,1526.2277832,1344.81347656,1007.27001953,395.555389404,413.222106934,147.179611206,50.6964645386,32.9871635437,18.1714954376,8.11252784729,3.73945593834,1.0276081562,0.0402205735445,0.00501110265031,0.00010858256428,2.9642330901e-7,2.86513812675e-10],"max":[1.73169243336,20.9140338898,36.180973053,116.782066345,133.133972168,263.830474854,502.108551025,372.003448486,168.114379883,311.474517822,950.682495117,666.691894531,663.48840332,525.712646484,686.975524902,883.955444336,527.560791016,498.963195801,1320.54382324,856.546386719,591.369445801,454.471343994,610.116271973,694.140319824,413.966400146,316.888946533,182.953918457,202.955825806,149.241043091,77.3426895142,59.5622291565,96.9815979004,83.7224502563,44.3978805542,24.4322624207,4.22093200684,1.10896885395,0.204157531261,0.0134869338945,0.000244609982474],"mean":[0.162138015032,2.2650475502,3.54000139236,5.2214384079,7.17216491699,10.4654722214,12.3704395294,13.260216713,7.01080417633,10.8510665894,18.0742359161,14.9032430649,10.0244064331,9.88263511658,13.6044197083,12.9122486115,13.0721759796,21.2703647614,34.3913154602,31.3519802094,40.0088157654,33.7596626282,43.2706718445,45.0921134949,46.1572036743,36.7414665222,20.9691562653,21.4155311584,13.2869443893,7.79567289352,7.03387641907,4.23957300186,1.74114847183,0.677961826324,0.295122772455,0.0919277966022,0.0267471447587,0.00373200350441,0.000131547407364,0.0000384376726288],"median":[0.0576462782919,0.391193032265,1.34592163563,2.15748596191,3.35531330109,5.55931568146,6.96549034119,5.35836696625,3.41713428497,4.11343479156,4.670170784,5.20329713821,4.42057704926,5.70713424683,7.44215202332,6.87086486816,7.64688396454,11.0598392487,18.2903842926,20.6617889404,28.8565559387,23.3518180847,26.9240608215,31.3483657837,36.1953430176,30.6188697815,17.030506134,15.5987205505,9.53657054901,5.44543600082,5.37006425858,2.69978380203,0.852209091187,0.240545004606,0.0830797404051,0.0233744513243,0.00403233384714,0.000478055240819,0.0000345504377037,0.0000373464717995],"min":[8.29906612919e-22,3.22003762177e-21,5.0236484019e-21,1.90554301916e-20,4.8700387811e-20,1.92677894268e-19,1.38790166363e-19,1.55119034772e-19,3.32559383278e-19,3.52055745973e-19,1.90748728134e-19,5.96243986442e-19,1.23144259627e-18,6.16688427366e-19,1.02511583415e-18,2.75244534943e-18,3.64460451461e-18,4.56539798427e-18,4.04513363902e-18,5.71032844861e-18,6.31993657182e-18,5.22456622029e-18,8.04314197136e-18,8.49126127794e-18,1.29243661989e-17,1.21576351183e-17,1.09828045564e-17,1.27964294823e-17,1.38498357206e-17,1.51309482379e-17,1.28136207769e-17,1.33805281826e-17,1.12199324226e-17,1.0355700736e-17,7.93349669962e-18,5.26686658246e-18,2.85607701811e-18,1.15995992248e-18,3.15886834249e-19,3.38441432302e-20],"var":[0.0562291629612,15.4037303925,31.5067157745,73.4136734009,102.057159424,212.058029175,439.709320068,647.653259277,109.121185303,511.686309814,3571.49829102,1270.4387207,663.54107666,405.437255859,782.021728516,918.401489258,479.19152832,1464.1204834,3646.94604492,1754.09020996,2080.84179688,1672.7644043,3449.58764648,3158.15649414,2293.3984375,1282.73400879,451.160980225,543.062316895,228.535064697,77.8173370361,54.9523658752,32.7335968018,13.672162056,4.26806211472,1.18437230587,0.0655636191368,0.00694360397756,0.000150087114889,2.54593629734e-7,5.16742537648e-10]},"erbbands_crest":{"dmean":1.68453454971,"dmean2":2.75547409058,"dvar":3.64508581161,"dvar2":9.46485900879,"max":26.041885376,"mean":7.81731176376,"median":6.21483039856,"min":2.56734442711,"var":19.6352005005},"erbbands_flatness_db":{"dmean":0.0112406527624,"dmean2":0.0166562236845,"dvar":0.000143006065628,"dvar2":0.000277967279544,"max":0.500944018364,"mean":0.18235746026,"median":0.154001891613,"min":0.0674488171935,"var":0.00570327416062},"erbbands_kurtosis":{"dmean":1.22217643261,"dmean2":1.96241283417,"dvar":12.1728448868,"dvar2":31.9775676727,"max":284.916412354,"mean":4.68262386322,"median":-0.129809737206,"min":-1.77121531963,"var":530.704650879},"erbbands_skewness":{"dmean":0.282167941332,"dmean2":0.444292277098,"dvar":0.0906524658203,"dvar2":0.219644933939,"max":13.1391859055,"mean":-0.0729562863708,"median":-0.591600060463,"min":-3.20390224457,"var":3.05526638031},"erbbands_spread":{"dmean":7.19275093079,"dmean2":11.3859996796,"dvar":58.9734344482,"dvar2":147.738998413,"max":115.480453491,"mean":41.6872711182,"median":40.7732620239,"min":0.58904337883,"var":390.202026367},"gfcc":{"cov":[[18568.3789062,-3717.35961914,-3191.0456543,910.978271484,-2867.62646484,1129.79089355,-882.511291504,127.674354553,-524.680786133,159.99822998,-481.645812988,477.71194458,-293.019714355],[-3717.35961914,2821.1472168,1318.26342773,254.167297363,1314.75756836,-195.028305054,625.163818359,-118.360618591,342.701171875,-127.2292099,196.853134155,-226.445205688,125.97026062],[-3191.0456543,1318.26342773,2390.79345703,604.528564453,1106.42272949,250.329605103,519.95501709,69.3909606934,191.725265503,48.0531921387,-26.9005050659,-22.5829143524,-10.63626194],[910.978271484,254.167297363,604.528564453,774.548950195,212.175003052,386.111022949,230.932723999,33.2699623108,100.694709778,26.3992671967,-52.4874229431,57.9824295044,-7.00059986115],[-2867.62646484,1314.75756836,1106.42272949,212.175003052,1026.82592773,-25.9068508148,406.558746338,13.1515045166,194.926925659,-13.9780101776,75.6830062866,-77.1461334229,53.066028595],[1129.79089355,-195.028305054,250.329605103,386.111022949,-25.9068508148,447.957855225,120.677574158,71.2381362915,6.02956104279,50.6463508606,-83.5452651978,58.2926254272,-45.4973754883],[-882.511291504,625.163818359,519.95501709,230.932723999,406.558746338,120.677574158,327.223999023,38.3094711304,122.701805115,0.862649202347,33.0036888123,-27.1042633057,17.7417106628],[127.674354553,-118.360618591,69.3909606934,33.2699623108,13.1515045166,71.2381362915,38.3094711304,127.496925354,30.387960434,45.1597595215,-5.23157691956,24.3351192474,-14.0616731644],[-524.680786133,342.701171875,191.725265503,100.694709778,194.926925659,6.02956104279,122.701805115,30.387960434,145.368560791,24.0866603851,52.2319068909,-15.2491693497,30.5250453949],[159.99822998,-127.2292099,48.0531921387,26.3992671967,-13.9780101776,50.6463508606,0.862649202347,45.1597595215,24.0866603851,102.249771118,4.64151096344,46.3959083557,-9.69176578522],[-481.645812988,196.853134155,-26.9005050659,-52.4874229431,75.6830062866,-83.5452651978,33.0036888123,-5.23157691956,52.2319068909,4.64151096344,138.234786987,-1.4559533596,42.9706497192],[477.71194458,-226.445205688,-22.5829143524,57.9824295044,-77.1461334229,58.2926254272,-27.1042633057,24.3351192474,-15.2491693497,46.3959083557,-1.4559533596,118.867874146,16.2065391541],[-293.019714355,125.97026062,-10.63626194,-7.00059986115,53.066028595,-45.4973754883,17.7417106628,-14.0616731644,30.5250453949,-9.69176578522,42.9706497192,16.2065391541,78.3599853516]],"icov":[[0.000193278916413,-0.000169625986018,0.000241585818003,-0.00039012049092,0.000380007404601,-0.000218725806917,0.000207913006307,-0.000258878368186,0.00025658699451,-0.000116260016512,0.000202634415473,-0.000378860131605,0.000368408800568],[-0.000169625986018,0.00176500203088,-0.000346335815266,0.0002370098955,-0.00133177195676,0.000754425302148,-0.00152442464605,0.00172535725869,-0.0013547668932,0.000844361376949,-0.000722550554201,0.00152294174768,-0.000789407757111],[0.000241585818003,-0.000346335815266,0.00142331805546,-0.00095190666616,-0.000621878425591,-0.000333885283908,0.000177078167326,-0.000571356678847,0.000873734185006,-0.000723958772141,0.000706654798705,-0.000709052139428,0.000982194556855],[-0.00039012049092,0.0002370098955,-0.00095190666616,0.00411852728575,-0.000503444229253,-0.00211625755765,-0.00068610184826,0.00173543789424,-0.00282586365938,0.0014837149065,0.000112563015136,-0.000825666880701,-0.000628772890195],[0.000380007404601,-0.00133177195676,-0.000621878425591,-0.000503444229253,0.00496939802542,0.000403315323638,-0.00151795370039,-0.00110883242451,0.000288571551209,-0.000591200776398,0.00063239474548,-0.000762773212045,0.000071543334343],[-0.000218725806917,0.000754425302148,-0.000333885283908,-0.00211625755765,0.000403315323638,0.00657454971224,-0.0034459377639,-0.000840558030177,0.00130676315166,-0.00128092698287,0.00123728089966,0.000324229593389,0.000495434564073],[0.000207913006307,-0.00152442464605,0.000177078167326,-0.00068610184826,-0.00151795370039,-0.0034459377639,0.0109648685902,-0.00253812177107,-0.00210153823718,0.00124207034241,-0.000797061424237,-0.000519563385751,0.00079680926865],[-0.000258878368186,0.00172535725869,-0.000571356678847,0.00173543789424,-0.00110883242451,-0.000840558030177,-0.00253812177107,0.0126858977601,-0.00428341375664,-0.00176365545485,-0.000286253605736,-0.000123386533232,0.00108274898957],[0.00025658699451,-0.0013547668932,0.000873734185006,-0.00282586365938,0.000288571551209,0.00130676315166,-0.00210153823718,-0.00428341375664,0.0167901292443,-0.00589790241793,-0.00217617489398,0.00276601221412,-0.00337476609275],[-0.000116260016512,0.000844361376949,-0.000723958772141,0.0014837149065,-0.000591200776398,-0.00128092698287,0.00124207034241,-0.00176365545485,-0.00589790241793,0.0166781619191,-0.00153334473725,-0.0056833345443,0.00367769110017],[0.000202634415473,-0.000722550554201,0.000706654798705,0.000112563015136,0.00063239474548,0.00123728089966,-0.000797061424237,-0.000286253605736,-0.00217617489398,-0.00153334473725,0.0114779379219,-0.00158047117293,-0.00286476779729],[-0.000378860131605,0.00152294174768,-0.000709052139428,-0.000825666880701,-0.000762773212045,0.000324229593389,-0.000519563385751,-0.000123386533232,0.00276601221412,-0.0056833345443,-0.00158047117293,0.0159257464111,-0.00744219589978],[0.000368408800568,-0.000789407757111,0.000982194556855,-0.000628772890195,0.000071543334343,0.000495434564073,0.00079680926865,0.00108274898957,-0.00337476609275,0.00367769110017,-0.00286476779729,-0.00744219589978,0.0206182058901]],"mean":[-28.4600505829,86.6413040161,-133.707504272,58.1328010559,-53.0722045898,2.2428958416,-38.952960968,1.56910014153,-21.1217250824,-3.63058519363,-10.9733543396,-4.77694225311,-6.3603310585]},"hfc":{"dmean":4.78953552246,"dmean2":7.15437364578,"dvar":41.1200485229,"dvar2":92.822593689,"max":99.5432357788,"mean":26.4649848938,"median":26.7702198029,"min":1.14553569585e-16,"var":292.43182373},"melbands":{"dmean":[0.000469809921924,0.000585772155318,0.000596305995714,0.000304640212562,0.00024507418857,0.000154491935973,0.0000616233082837,0.0000674182447256,0.0000825432289275,0.0000547557538084,0.0000277680319414,0.0000198684319912,0.0000282781802525,0.0000159692881425,0.0000196123619389,0.0000155349698616,0.0000214728424908,0.0000305027915601,0.000019221484763,0.0000248094747803,0.0000224882423936,0.0000158643397299,0.000015306422938,0.0000184679720405,0.0000148885073941,0.0000141841628647,0.0000147727887452,0.00000962827289186,0.00000625064058113,0.00000474244325233,0.00000519570949109,0.00000288181240649,0.00000242029955189,0.00000158834029662,0.00000161546722666,0.00000128539943489,9.35963328175e-7,5.61469107652e-7,3.23339293118e-7,2.61970342308e-7],"dmean2":[0.000769350910559,0.000976363779046,0.00102081091609,0.000511280726641,0.000400197139243,0.000242113877903,0.0000998231116682,0.000109348693513,0.000127442239318,0.0000843436573632,0.000043947235099,0.0000306281472149,0.0000446739795734,0.000025786106562,0.000031292274798,0.0000240951067099,0.000032818519685,0.0000482778305013,0.0000305411558656,0.0000402996120101,0.000036561737943,0.0000254530550592,0.0000245058909059,0.0000291402648145,0.0000235646675719,0.0000225126641453,0.0000236655250774,0.0000156582282216,0.0000102684653029,0.00000796335370978,0.00000863668174134,0.00000481113556816,0.00000397588428314,0.00000257972965301,0.00000263323181571,0.00000206316371987,0.00000148838375935,8.69500979661e-7,4.89836736506e-7,4.02122310561e-7],"dvar":[9.44488476762e-7,0.00000167068139945,0.00000176303649368,3.57110764071e-7,2.57611986854e-7,1.21120038443e-7,1.57688404556e-8,3.01004199343e-8,7.74777149104e-8,2.30561827408e-8,1.03978941013e-8,3.25808868773e-9,5.66548052916e-9,1.57809409984e-9,2.70553957016e-9,1.12736397995e-9,2.47446685364e-9,4.28398028163e-9,1.38984446174e-9,2.65432942292e-9,1.12409392905e-9,6.64373611681e-10,6.74874822693e-10,1.12524667362e-9,5.53707524276e-10,4.46650050279e-10,4.80915030021e-10,1.87016249709e-10,1.03855417322e-10,5.42596106934e-11,6.96680629853e-11,2.13025378587e-11,1.7194502766e-11,6.54444987785e-12,5.65702693023e-12,4.12279238526e-12,3.78693647621e-12,2.82488420676e-12,1.33487307579e-12,1.63165618169e-12],"dvar2":[0.00000242218743551,0.00000454123437521,0.00000484067732032,0.00000100297290828,6.85567954406e-7,2.91272868935e-7,3.9202539881e-8,7.84591520642e-8,1.66991029005e-7,5.04963679759e-8,2.60250079265e-8,6.94701762782e-9,1.3791270348e-8,4.21714085874e-9,7.28232540936e-9,2.43193820637e-9,5.27282928431e-9,1.00473904752e-8,3.26886606672e-9,7.10759140432e-9,2.80693246424e-9,1.56396318118e-9,1.57985735605e-9,2.64745447787e-9,1.24724441886e-9,1.02095665255e-9,1.13882825392e-9,4.57847454394e-10,2.71376310312e-10,1.45703990539e-10,1.90376034381e-10,5.77535207158e-11,4.46427582401e-11,1.69822714918e-11,1.47547495055e-11,1.00370952869e-11,8.39345433434e-12,6.10374511351e-12,2.55712313303e-12,3.87119936801e-12],"max":[0.0155567089096,0.0214297138155,0.0182785689831,0.00891135446727,0.013099947013,0.00749656744301,0.0022969704587,0.00414074445143,0.00766020501032,0.00436585117131,0.0034471929539,0.00234789843671,0.0025735385716,0.00123691407498,0.00187835516408,0.000968517852016,0.00100286712404,0.00186958408449,0.00124365917873,0.00162991334219,0.00055573717691,0.000573563855141,0.000776063126978,0.000805243384093,0.000602833169978,0.000490393838845,0.000498636625707,0.00025039666798,0.000164915807545,0.000142756834975,0.000159966875799,0.0000916924254852,0.0000874596225913,0.0000391855719499,0.0000372912545572,0.0000494709856866,0.0000703204568708,0.000068696695962,0.0000427994636993,0.0000496773573104],"mean":[0.00204102788121,0.00243829609826,0.00100704655051,0.000587505521253,0.000472784187878,0.000292610609904,0.000108150132291,0.000113595604489,0.000151554471813,0.0000890681621968,0.0000481107308588,0.0000377607175324,0.0000517654261785,0.0000280113054032,0.0000344712352671,0.0000276669434243,0.0000405035461881,0.0000598267542955,0.0000381856589229,0.0000464713630208,0.000045298042096,0.0000335579316015,0.0000348506582668,0.0000421814947913,0.0000355166885129,0.0000335362528858,0.0000330190487148,0.0000221437694563,0.0000140735692185,0.0000111555264084,0.0000127733756017,0.00000746422165321,0.00000582585062148,0.00000392624860979,0.00000413433963331,0.00000335424647346,0.00000233733589994,0.00000130671139686,7.45111947253e-7,5.17338946793e-7],"median":[0.000609427108429,0.000802579568699,0.000459378527012,0.000407869403716,0.000290842610411,0.000125854188809,0.0000524499628227,0.0000424486861448,0.0000372506619897,0.0000316508048854,0.0000192131046788,0.0000198913767235,0.0000245492410613,0.0000160757808771,0.0000176964058483,0.0000144314772115,0.0000190930222743,0.0000272770976153,0.0000222170547204,0.0000298863942589,0.0000316176301567,0.0000218786881305,0.0000218336135731,0.0000241848720179,0.0000239013352257,0.0000247794396273,0.0000249502736551,0.0000176636203832,0.0000104010568975,0.00000820401237434,0.00000854925019667,0.00000510125028086,0.00000362667651643,0.00000263223546426,0.00000311851499646,0.00000231131912187,0.00000130321791403,6.03601449711e-7,3.07234188313e-7,1.51541485138e-7],"min":[6.79623233598e-24,3.14049904547e-24,4.96097781113e-24,7.18547208384e-24,8.03042888803e-24,3.23031657877e-24,4.97945806113e-24,4.18414585142e-24,1.83614613489e-24,3.95872174801e-24,5.96758996417e-24,2.18831868931e-24,2.44225873395e-24,6.07002276386e-24,9.20697469626e-24,7.06809668089e-24,7.81217474138e-24,3.84285977471e-24,6.12073192613e-24,9.60131679645e-24,7.15763949338e-24,4.36118280463e-24,5.48730501823e-24,7.10944088093e-24,5.7238623156e-24,9.28265564492e-24,7.71727871879e-24,8.46295343375e-24,7.09931348463e-24,6.53155609165e-24,7.23543064497e-24,7.29341113264e-24,8.14246212493e-24,7.2894226519e-24,7.649510045e-24,6.59794386442e-24,8.04538884624e-24,6.83649421886e-24,8.88677526597e-24,8.16733806471e-24],"var":[0.00000941661073739,0.0000159685496328,0.00000224796940529,5.28236228092e-7,4.64023599989e-7,2.75546909734e-7,2.65314632486e-8,5.44007328074e-8,2.52036102211e-7,5.02998425134e-8,1.7269494279e-8,7.31849514324e-9,1.20808749671e-8,3.02874436642e-9,4.54118387339e-9,2.69964273159e-9,6.07250516538e-9,1.31245689872e-8,3.78866582551e-9,4.40205871755e-9,2.78485345895e-9,1.96782456996e-9,2.22984319898e-9,4.13022460677e-9,2.14147810595e-9,1.41133682519e-9,1.34877109481e-9,5.16591713851e-10,2.60001575825e-10,1.52747078874e-10,2.19588430772e-10,7.44793809959e-11,5.7653767177e-11,2.07084262932e-11,1.97349202952e-11,1.49885121675e-11,1.31435244632e-11,8.31838504328e-12,3.81357835935e-12,3.31236362124e-12]},"melbands_crest":{"dmean":2.69235348701,"dmean2":4.3774433136,"dvar":7.97275972366,"dvar2":20.2614078522,"max":35.7140846252,"mean":15.1483249664,"median":14.6727180481,"min":2.22699427605,"var":30.7854938507},"melbands_flatness_db":{"dmean":0.020327989012,"dmean2":0.0312427207828,"dvar":0.000505955773406,"dvar2":0.001089745434,"max":0.936374127865,"mean":0.214997082949,"median":0.163660258055,"min":0.00442743301392,"var":0.0275492798537},"melbands_kurtosis":{"dmean":5.70969629288,"dmean2":9.01087856293,"dvar":116.837806702,"dvar2":257.931335449,"max":403.844238281,"mean":17.6051692963,"median":7.19542360306,"min":-1.847397089,"var":1102.12487793},"melbands_skewness":{"dmean":0.607827782631,"dmean2":0.948187470436,"dvar":0.477831125259,"dvar2":1.12924456596,"max":14.5334272385,"mean":2.77426743507,"median":2.54723644257,"min":-1.42801094055,"var":3.75215864182},"melbands_spread":{"dmean":8.18158245087,"dmean2":12.7862920761,"dvar":120.047683716,"dvar2":256.370941162,"max":219.02671814,"mean":34.4861793518,"median":30.5174465179,"min":0.25858977437,"var":726.222167969},"mfcc":{"cov":[[16615.0253906,-3349.17529297,-2237.92602539,-470.631622314,-1804.25854492,-20.2921104431,-571.813171387,-44.1491889954,-410.454650879,-144.083129883,-260.815032959,-53.1534881592,-371.842468262],[-3349.17529297,2098.19873047,575.994262695,461.402130127,602.706604004,209.600372314,303.691375732,133.22593689,215.471740723,101.985374451,98.7253036499,65.4767837524,145.747848511],[-2237.92602539,575.994262695,1692.09521484,562.668762207,584.131225586,555.873046875,320.041351318,265.074157715,352.906341553,29.7105827332,124.27280426,117.789245605,135.496856689],[-470.631622314,461.402130127,562.668762207,551.086853027,308.872589111,332.934417725,170.722839355,179.895065308,194.146194458,26.343416214,70.1875762939,85.8644256592,75.209487915],[-1804.25854492,602.706604004,584.131225586,308.872589111,477.843933105,214.859313965,183.612579346,116.104110718,170.976150513,35.8026580811,74.1257858276,48.0631866455,84.51171875],[-20.2921104431,209.600372314,555.873046875,332.934417725,214.859313965,458.146484375,188.116439819,189.489944458,203.367874146,27.3271121979,68.6280899048,62.7741088867,43.9496841431],[-571.813171387,303.691375732,320.041351318,170.722839355,183.612579346,188.116439819,207.102874756,122.202552795,116.30493927,34.8196907043,49.7236595154,49.4605865479,44.4873771667],[-44.1491889954,133.22593689,265.074157715,179.895065308,116.104110718,189.489944458,122.202552795,172.053939819,118.060401917,33.2232780457,40.775226593,40.7094154358,37.4223098755],[-410.454650879,215.471740723,352.906341553,194.146194458,170.976150513,203.367874146,116.30493927,118.060401917,203.650024414,39.9092521667,56.3135108948,43.4987258911,38.2731361389],[-144.083129883,101.985374451,29.7105827332,26.343416214,35.8026580811,27.3271121979,34.8196907043,33.2232780457,39.9092521667,97.593711853,38.5378570557,27.1690444946,15.6072206497],[-260.815032959,98.7253036499,124.27280426,70.1875762939,74.1257858276,68.6280899048,49.7236595154,40.775226593,56.3135108948,38.5378570557,92.2998428345,51.1430931091,31.4292945862],[-53.1534881592,65.4767837524,117.789245605,85.8644256592,48.0631866455,62.7741088867,49.4605865479,40.7094154358,43.4987258911,27.1690444946,51.1430931091,93.8126220703,49.5275230408],[-371.842468262,145.747848511,135.496856689,75.209487915,84.51171875,43.9496841431,44.4873771667,37.4223098755,38.2731361389,15.6072206497,31.4292945862,49.5275230408,86.1116867065]],"icov":[[0.000171749285073,0.000144852645462,0.000187515412108,-0.000229154844419,0.000501117843669,-0.000337738951202,0.0000994169386104,-0.000200060123461,0.0000271517292276,0.00000200012664209,0.000188762103789,-0.000231367186643,0.000169450606336],[0.000144852645462,0.00103553186636,0.000312343297992,-0.000730682804715,-0.000362493796274,0.0000739617753425,-0.000899504637346,0.000479807844386,-0.000113761474495,-0.000560271204449,0.000196031091036,0.000457078887848,-0.00058861693833],[0.000187515412108,0.000312343297992,0.00166694563814,-0.000389360851841,-0.000603945285548,-0.00118217919953,-0.000137241659104,-0.0000624880049145,-0.000687187479343,0.000521433656104,0.000282519031316,-0.000456852983916,-0.000337102857884],[-0.000229154844419,-0.000730682804715,-0.000389360851841,0.00523677840829,-0.00215275189839,-0.00154052500147,0.00154912972357,-0.00192511139903,-0.000333636417054,0.00097614096012,0.000569132855162,-0.00240409513935,0.000367747066775],[0.000501117843669,-0.000362493796274,-0.000603945285548,-0.00215275189839,0.0078263701871,-0.000209769263165,-0.00180126423948,0.000678773329128,-0.00105396076106,0.0000691230379744,-0.00114930234849,0.00199154554866,-0.00160040787887],[-0.000337738951202,0.0000739617753425,-0.00118217919953,-0.00154052500147,-0.000209769263165,0.00744103034958,-0.0024596885778,-0.00171720481012,-0.00223369291052,0.000680062861647,-0.0012599733891,0.000891193572897,0.000863995344844],[0.0000994169386104,-0.000899504637346,-0.000137241659104,0.00154912972357,-0.00180126423948,-0.0024596885778,0.0127933854237,-0.00553171243519,0.00014755562006,-0.000142725402839,0.000419060408603,-0.00329868751578,0.00133705197368],[-0.000200060123461,0.000479807844386,-0.0000624880049145,-0.00192511139903,0.000678773329128,-0.00171720481012,-0.00553171243519,0.0156233897433,-0.00316997361369,-0.00216310331598,0.0000319922291965,0.00197388441302,-0.00296378042549],[0.0000271517292276,-0.000113761474495,-0.000687187479343,-0.000333636417054,-0.00105396076106,-0.00223369291052,0.00014755562006,-0.00316997361369,0.0121652251109,-0.00194498489145,-0.00167594815139,0.0000773620486143,0.00067102786852],[0.00000200012664209,-0.000560271204449,0.000521433656104,0.00097614096012,0.0000691230379744,0.000680062861647,-0.000142725402839,-0.00216310331598,-0.00194498489145,0.0138278258964,-0.0041937045753,-0.0019078431651,0.000868924893439],[0.000188762103789,0.000196031091036,0.000282519031316,0.000569132855162,-0.00114930234849,-0.0012599733891,0.000419060408603,0.0000319922291965,-0.00167594815139,-0.0041937045753,0.0192765817046,-0.00843993294984,0.000405918108299],[-0.000231367186643,0.000457078887848,-0.000456852983916,-0.00240409513935,0.00199154554866,0.000891193572897,-0.00329868751578,0.00197388441302,0.0000773620486143,-0.0019078431651,-0.00843993294984,0.022760771215,-0.0102162640542],[0.000169450606336,-0.00058861693833,-0.000337102857884,0.000367747066775,-0.00160040787887,0.000863995344844,0.00133705197368,-0.00296378042549,0.00067102786852,0.000868924893439,0.000405918108299,-0.0102162640542,0.0205490346998]],"mean":[-654.716552734,95.394859314,-10.1708574295,43.7739105225,8.2545747757,5.81870555878,-4.35068225861,2.25132489204,-7.36556863785,4.39266109467,-7.81412982941,-2.33333802223,-2.60638380051]},"pitch_salience":{"dmean":0.0599069409072,"dmean2":0.0965022593737,"dvar":0.003596839495,"dvar2":0.0090173240751,"max":0.93972492218,"mean":0.540806174278,"median":0.578617572784,"min":0.033062659204,"var":0.0253421217203},"silence_rate_20dB":{"dmean":0,"dmean2":0,"dvar":0,"dvar2":0,"max":1,"mean":1,"median":1,"min":1,"var":0},"silence_rate_30dB":{"dmean":0,"dmean2":0,"dvar":0,"dvar2":0,"max":1,"mean":1,"median":1,"min":1,"var":0},"silence_rate_60dB":{"dmean":0.00735398102552,"dmean2":0.0147100426257,"dvar":0.007299317047,"dvar2":0.0153404055163,"max":1,"mean":0.0738122165203,"median":0,"min":0,"var":0.0683752894402},"spectral_centroid":{"dmean":241.906204224,"dmean2":381.01385498,"dvar":80372.8671875,"dvar2":192432.40625,"max":11500.9072266,"mean":1969.75097656,"median":2209.93823242,"min":83.4553375244,"var":838358.9375},"spectral_complexity":{"dmean":3.67529344559,"dmean2":5.74398851395,"dvar":17.7010917664,"dvar2":37.1166152954,"max":61,"mean":25.8342761993,"median":29,"min":0,"var":218.817199707},"spectral_contrast_coeffs":{"dmean":[0.0477751679718,0.0457759946585,0.0353795811534,0.0290053375065,0.0210917294025,0.0170026570559],"dmean2":[0.0793695151806,0.0746624171734,0.0576174408197,0.0467558912933,0.0338287875056,0.0275485571474],"dvar":[0.00184574199375,0.00160161440726,0.000950860907324,0.000616688164882,0.000331928895321,0.00024602850317],"dvar2":[0.00492261443287,0.00398494349793,0.00234423368238,0.00144790823106,0.000761940900702,0.000601880659815],"max":[-0.257864922285,-0.328698426485,-0.419808834791,-0.521536827087,-0.52597206831,-0.57542437315],"mean":[-0.61979162693,-0.723347365856,-0.789239406586,-0.777384757996,-0.775004506111,-0.722320139408],"median":[-0.633745253086,-0.747659921646,-0.808286547661,-0.790183901787,-0.787196993828,-0.704781651497],"min":[-0.964614033699,-0.97663807869,-0.98401850462,-0.983797967434,-0.981491565704,-0.980549991131],"var":[0.0113247893751,0.0108394566923,0.0060056168586,0.00448931427673,0.00368020473979,0.00361149339005]},"spectral_contrast_valleys":{"dmean":[0.374625653028,0.365011751652,0.303645074368,0.250579833984,0.198749288917,0.217177703977],"dmean2":[0.606671094894,0.593655049801,0.492488861084,0.396256685257,0.309889018536,0.308734923601],"dvar":[0.138289377093,0.130417793989,0.097444653511,0.0782761275768,0.0714380741119,0.0927610099316],"dvar2":[0.306333333254,0.286440134048,0.200083762407,0.142463460565,0.117653280497,0.158314868808],"max":[-5.28284978867,-4.75434160233,-5.88515901566,-6.08317184448,-5.41583013535,-7.67846107483],"mean":[-7.74832677841,-7.33648490906,-7.8907623291,-7.80458545685,-7.31156873703,-10.5388612747],"median":[-7.20800971985,-6.93961334229,-7.36996555328,-7.30905628204,-6.64781141281,-9.77996444702],"min":[-27.3629398346,-27.5089473724,-27.523103714,-27.2468891144,-27.4321918488,-27.3333244324],"var":[2.69794440269,1.86803638935,2.14851355553,2.14544558525,2.66352033615,3.5685274601]},"spectral_decrease":{"dmean":1.33011845982e-9,"dmean2":2.18394680118e-9,"dvar":3.92013175921e-18,"dvar2":1.02645371607e-17,"max":5.6938743205e-22,"mean":-6.57281695737e-9,"median":-5.78559777864e-9,"min":-2.71865232548e-8,"var":2.01752147272e-17},"spectral_energy":{"dmean":0.00524401478469,"dmean2":0.00857470370829,"dvar":0.0000588323018746,"dvar2":0.000153824104927,"max":0.105583682656,"mean":0.0272078476846,"median":0.0251897778362,"min":1.04034764135e-20,"var":0.00029484735569},"spectral_energyband_high":{"dmean":0.000416732102167,"dmean2":0.000654464412946,"dvar":3.95454634372e-7,"dvar2":9.65048798207e-7,"max":0.00998314563185,"mean":0.00163629977033,"median":0.0014495063806,"min":7.50263963137e-21,"var":0.0000022765925678},"spectral_energyband_low":{"dmean":0.00302394246683,"dmean2":0.00503657246009,"dvar":0.0000379919692932,"dvar2":0.000102183119452,"max":0.0871746614575,"mean":0.0124445287511,"median":0.00535990856588,"min":3.90853126178e-23,"var":0.000297491933452},"spectral_energyband_middle_high":{"dmean":0.00131173583213,"dmean2":0.00193713605404,"dvar":0.00000307550067191,"dvar2":0.00000649918365525,"max":0.0327710770071,"mean":0.00573368696496,"median":0.00495798420161,"min":1.55868948719e-21,"var":0.000023136011805},"spectral_energyband_middle_low":{"dmean":0.00332996342331,"dmean2":0.00548510253429,"dvar":0.0000253330690612,"dvar2":0.0000660332734697,"max":0.066611520946,"mean":0.00844807736576,"median":0.00716453464702,"min":2.07755809016e-22,"var":0.0000474136213597},"spectral_entropy":{"dmean":0.10062931478,"dmean2":0.149907380342,"dvar":0.0140777416527,"dvar2":0.0279686804861,"max":9.81119346619,"mean":7.45893478394,"median":7.84172534943,"min":3.10382413864,"var":0.934144794941},"spectral_flux":{"dmean":0.0153651768342,"dmean2":0.0243286862969,"dvar":0.000404759921366,"dvar2":0.000900890445337,"max":0.27000784874,"mean":0.0708423033357,"median":0.069796256721,"min":6.6668025267e-11,"var":0.00157964311074},"spectral_kurtosis":{"dmean":2.54842281342,"dmean2":4.42570400238,"dvar":40.7836685181,"dvar2":118.910713196,"max":178.539398193,"mean":7.89278697968,"median":2.67989373207,"min":-1.24362075329,"var":398.673370361},"spectral_rms":{"dmean":0.000497846398503,"dmean2":0.000795498664957,"dvar":4.1998140432e-7,"dvar2":0.00000103100489923,"max":0.0101493084803,"mean":0.00483357487246,"median":0.00495735742152,"min":3.1858645496e-12,"var":0.0000031808554013},"spectral_rolloff":{"dmean":521.893432617,"dmean2":844.92199707,"dvar":638600.625,"dvar2":1297053.5,"max":19875.1464844,"mean":2347.86816406,"median":2390.18554688,"min":64.599609375,"var":3530576.5},"spectral_skewness":{"dmean":0.235941842198,"dmean2":0.402012735605,"dvar":0.132152915001,"dvar2":0.366262108088,"max":11.1615686417,"mean":1.37469387054,"median":0.935900449753,"min":-0.0779953151941,"var":2.17532658577},"spectral_spread":{"dmean":322835.90625,"dmean2":488242.71875,"dvar":403421822976,"dvar2":677680709632,"max":41586252,"mean":3738190.25,"median":3745271.5,"min":467419.4375,"var":2610645434370},"spectral_strongpeak":{"dmean":0.445085406303,"dmean2":0.770595252514,"dvar":1.07497346401,"dvar2":2.98652482033,"max":12.675614357,"mean":0.867498934269,"median":0.43575066328,"min":0,"var":1.5858669281},"zerocrossingrate":{"dmean":0.00912259332836,"dmean2":0.0106018502265,"dvar":0.000179836162715,"dvar2":0.000183768745046,"max":0.5107421875,"mean":0.0769983381033,"median":0.0751953125,"min":0.001953125,"var":0.00262209284119}},"metadata":{"audio_properties":{"analysis_sample_rate":44100,"bit_rate":192000,"codec":"mp3","downmix":"mix","equal_loudness":0,"length":164.179595947,"lossless":false,"md5_encoded":"8b267ad4e93f046456cde7f5c9f4572c","replay_gain":-15.4447593689,"sample_rate":44100},"tags":{"album":["Baby Darling Doll Face Honey"],"artist":["Band Of Skulls"],"date":["2009"],"file_name":"1533167.mp3","genre":["AlternRock Alt. Rock"],"musicbrainz_recordingid":["e6742edd-ba2f-4bb9-9d3a-909ea29d9fd7"],"title":["Light Of The Morning"],"tracknumber":["1"]},"version":{"essentia":"2.1-beta2","essentia_build_sha":"70f2e5ece6736b2c40cc944ad0e695b16b925413","essentia_git_sha":"v2.1_beta2","extractor":"music 1.0"}},"rhythm":{"beats_count":327,"beats_loudness":{"dmean":0.0104227419943,"dmean2":0.0171433873475,"dvar":0.0000992437417153,"dvar2":0.000239528322709,"max":0.0829615220428,"mean":0.0297079812735,"median":0.028900494799,"min":1.75865641494e-10,"var":0.000263042544248},"beats_loudness_band_ratio":{"dmean":[0.204037934542,0.121949061751,0.0812465697527,0.0487226545811,0.0958006083965,0.0699043273926],"dmean2":[0.351444721222,0.209912016988,0.138234078884,0.0834520161152,0.162718594074,0.122415140271],"dvar":[0.0494446419179,0.0168000049889,0.0112529546022,0.00506143085659,0.012610020116,0.00618180446327],"dvar2":[0.118697412312,0.0470836497843,0.0309174582362,0.0143048539758,0.0351955369115,0.0159450713545],"max":[0.999842584133,0.90734988451,0.766646325588,0.488857358694,0.703813135624,0.833002150059],"mean":[0.452038317919,0.177817240357,0.0975151509047,0.0569896996021,0.133971199393,0.112594589591],"median":[0.48482966423,0.128500387073,0.0542112216353,0.0346995294094,0.0968076214194,0.0943145230412],"min":[0.0000494764390169,0.000217860215344,0.0000104991813714,5.36507116067e-7,0.00000120808124393,5.65853270018e-7],"var":[0.109423823655,0.0228721536696,0.0147167257965,0.00500150211155,0.0170905608684,0.00927531253546]},"beats_position":[0.441179126501,0.882358253002,1.3119274377