{"lowlevel":{"average_loudness":0.929369568825,"barkbands":{"dmean":[0.00704128248617,0.0187097750604,0.00150378828403,0.000822068192065,0.0010257048998,0.00119235122111,0.000982291414402,0.000573828583583,0.000668886525091,0.000680468336213,0.000618725374807,0.00101759668905,0.000660295307171,0.00054777826881,0.000480629794765,0.000304649351165,0.000315282959491,0.00027542913449,0.000255256629316,0.000223913535592,0.000190057384316,0.0000930631067604,0.0000325894106936,0.0000068625104177,0.00000276902369478,0.0000116133842312,0.000246933981543],"dmean2":[0.0121219716966,0.0313405804336,0.00253415061161,0.00137994391844,0.00168702262454,0.00185060454533,0.0015720584197,0.000945095729548,0.0010781341698,0.00112391053699,0.00102504831739,0.00168616964947,0.00109012296889,0.000909651222173,0.00081240083091,0.000518099230248,0.000540265697055,0.000460483250208,0.000412047549617,0.000357750075636,0.000299192237435,0.000148550490849,0.0000507981822011,0.0000109428738142,0.0000046544118959,0.0000176449138962,0.000383637088817],"dvar":[0.000109921944386,0.000675941118971,0.00000438560300609,0.00000242389273808,0.00000514276598551,0.0000107252681119,0.00000662252932671,0.00000292287791126,0.00000351309040525,0.00000146924571709,0.0000015060259102,0.00000299093630929,0.0000015951467276,6.41128963252e-7,4.56586377595e-7,2.36046915347e-7,3.2087962154e-7,2.29192238521e-7,1.78290292752e-7,1.48672725686e-7,1.04887170949e-7,2.97788051995e-8,3.16573101067e-9,1.3795078968e-10,2.29497115756e-11,3.2099589653e-10,7.54904405653e-8],"dvar2":[0.000302207481582,0.00181058596354,0.0000111674680738,0.00000607794299867,0.0000123293257275,0.0000233189985011,0.0000157750873768,0.00000726622920411,0.00000860902946442,0.00000378413324142,0.0000038329403651,0.0000077646373029,0.00000373985540136,0.00000165633878169,0.00000122373603517,6.3326029931e-7,8.61784599238e-7,5.87520787576e-7,4.40422155634e-7,3.63608734233e-7,2.5473639198e-7,7.78293269832e-8,7.82436071489e-9,3.27014443302e-10,5.75231841327e-11,7.38493710628e-10,1.7602657465e-7],"max":[0.129209667444,0.305748820305,0.0430190078914,0.0527870953083,0.0971278995275,0.100390091538,0.0734241232276,0.0489403791726,0.0922560840845,0.0283115394413,0.0496759861708,0.0582171529531,0.0475923977792,0.0212434921414,0.0122851897031,0.00754846958444,0.00826705712825,0.0120801301673,0.00945343449712,0.0103475032374,0.0114683993161,0.00415473757312,0.00109533697832,0.000212142142118,0.000094172100944,0.000289221236017,0.00510325655341],"mean":[0.00814343802631,0.0263840965927,0.00200016796589,0.0010630133329,0.00144406117033,0.00182209245395,0.00142089778092,0.000769458769355,0.000974910450168,0.00104832916986,0.000923359300941,0.00171156588476,0.00111069134437,0.00096152536571,0.000846720300615,0.000509169360157,0.000472684478154,0.000460303737782,0.000485888158437,0.000453470041975,0.000380208162824,0.000167380669154,0.0000610503338976,0.00000972054931481,0.00000271908356808,0.0000224323666771,0.000878892082255],"median":[0.00459229480475,0.0162671916187,0.0010675501544,0.000492415740155,0.000769931473769,0.000552360084839,0.000522252230439,0.000277505954728,0.00044143787818,0.000560526154004,0.000514878542162,0.00115830986761,0.000680967234075,0.00068766111508,0.00059985043481,0.000364188512322,0.000273493758868,0.000246593379416,0.000255809689406,0.000228233344387,0.000238977823756,0.000104549937532,0.0000381264908356,0.00000498435292684,0.00000105654726212,0.0000143832603499,0.000752790831029],"min":[1.3366536092e-24,7.30339022309e-24,2.63195217152e-24,2.86399560679e-24,1.98317028332e-23,6.30902907991e-24,8.27129967683e-24,9.64498971388e-24,1.3393790053e-23,2.99143502107e-23,3.56177356693e-23,3.76069147062e-23,3.02521215176e-23,4.85751231364e-23,6.88736596538e-23,5.99861823016e-23,8.25495542551e-23,1.09071670045e-22,1.80706803561e-22,1.57982485051e-22,2.82600924841e-22,3.87794983816e-22,4.35014506285e-22,6.66916135919e-22,8.88218302265e-22,1.36600941591e-21,1.87404108953e-21],"var":[0.000118441719678,0.000949226261582,0.0000075237371675,0.00000445696741735,0.00000665675315759,0.0000244359416683,0.0000115964776342,0.00000432418346463,0.00000471772091259,0.00000257962619798,0.00000201486204787,0.00000455535655419,0.00000270808459391,0.00000104186472072,6.81069536768e-7,2.61598984252e-7,3.45335024576e-7,3.50317947095e-7,4.00148792323e-7,3.64745403658e-7,2.00502640268e-7,4.01323596577e-8,5.32353272575e-9,2.04667879866e-10,2.31881683993e-11,6.55870302513e-10,3.38465326877e-7]},"barkbands_crest":{"dmean":3.65548682213,"dmean2":6.06809854507,"dvar":9.07811260223,"dvar2":24.1532402039,"max":25.5682964325,"mean":12.004119873,"median":11.7740879059,"min":1.75417757034,"var":24.5608596802},"barkbands_flatness_db":{"dmean":0.0314938351512,"dmean2":0.0502813979983,"dvar":0.000805840129033,"dvar2":0.00202657305636,"max":0.518530726433,"mean":0.129272580147,"median":0.119302079082,"min":0.0306833069772,"var":0.00311861769296},"barkbands_kurtosis":{"dmean":6.26291656494,"dmean2":9.9740447998,"dvar":260.346160889,"dvar2":562.519836426,"max":452.628295898,"mean":7.94233083725,"median":2.45267915726,"min":-1.85855102539,"var":481.328399658},"barkbands_skewness":{"dmean":0.852434813976,"dmean2":1.36068868637,"dvar":0.968217432499,"dvar2":2.25946784019,"max":18.4102554321,"mean":2.07024979591,"median":1.6505382061,"min":-2.03997612,"var":2.89521718025},"barkbands_spread":{"dmean":9.29769229889,"dmean2":15.1066913605,"dvar":76.3105316162,"dvar2":197.561218262,"max":117.467727661,"mean":33.1559028625,"median":32.2619934082,"min":0.523053705692,"var":267.176879883},"dissonance":{"dmean":0.0110295088962,"dmean2":0.0188693907112,"dvar":0.000147889484651,"dvar2":0.000411975081079,"max":0.500000119209,"mean":0.48361697793,"median":0.488526821136,"min":0.283958703279,"var":0.000276975159068},"dynamic_complexity":1.82072257996,"erbbands":{"dmean":[0.953420341015,2.94054579735,2.28215932846,2.0759575367,3.10539484024,3.79733037949,6.42483901978,10.3984518051,13.1423931122,12.8609409332,13.5718679428,14.3759298325,19.263589859,20.7827281952,28.6599330902,38.2194862366,28.8988323212,26.5053043365,25.2208938599,20.0266075134,16.6795310974,17.0941429138,14.4061689377,14.5440282822,11.4303569794,10.863992691,7.92190551758,7.06456708908,3.53140950203,2.0233912468,0.801313638687,0.248049706221,0.0678242668509,0.0319999717176,0.0194031186402,0.0132148480043,0.0226785726845,0.0375020802021,0.0201289672405,0.00533171277493],"dmean2":[1.61380076408,4.86583566666,3.72936177254,3.48650598526,5.14078855515,6.3258600235,9.95868778229,16.3743515015,21.2513885498,20.654750824,22.0976924896,23.2362213135,31.8289241791,34.049785614,47.4622612,63.2259101868,47.436000824,43.6135559082,42.299659729,33.8663444519,28.457113266,29.2753219604,24.1772480011,23.6660823822,18.2220954895,17.4006309509,12.3892183304,11.2848825455,5.58373737335,3.25500869751,1.22464346886,0.379455894232,0.111915439367,0.0538383089006,0.0325509943068,0.0219218544662,0.0338941663504,0.0569177903235,0.0300628300756,0.0082725584507],"dvar":[2.03466629982,16.548746109,10.8009033203,11.2917842865,53.6172599792,73.9610900879,398.873535156,923.710632324,1259.4017334,1239.63562012,1456.43432617,1834.91516113,1261.37902832,1578.00378418,3058.22802734,4012.1472168,2992.84765625,1793.47192383,1243.80310059,720.670654297,911.307861328,1008.70269775,674.578430176,550.975952148,414.799957275,366.156860352,195.115249634,147.353134155,39.2259101868,14.2838048935,1.75049746037,0.173283517361,0.0160963553935,0.00304383016191,0.0011212520767,0.000491401646286,0.00131205050275,0.00436520855874,0.00101076380815,0.0000309908318741],"dvar2":[5.62160968781,41.9255485535,24.5683231354,29.2632770538,129.537460327,179.422225952,853.081665039,2188.1262207,2981.33959961,3035.22265625,3645.59619141,4572.08544922,3207.28808594,3959.79199219,7825.56494141,10421.8183594,6950.36621094,4496.99169922,3245.03540039,1893.74353027,2464.31079102,2690.62548828,1731.37109375,1375.07385254,1012.61187744,919.417053223,455.458953857,376.984130859,100.748558044,37.693107605,4.16309785843,0.388093173504,0.040245808661,0.00761723332107,0.00280701788142,0.00123645388521,0.00292733125389,0.0112127251923,0.0023093149066,0.0000712462278898],"max":[17.0153427124,67.3404846191,71.3827514648,69.4540557861,267.987854004,382.85723877,862.127807617,923.023132324,1301.19592285,1191.78662109,1382.8704834,2188.36083984,868.175354004,1062.64746094,2332.38256836,2508.04833984,2133.89477539,1195.15356445,761.795715332,644.836608887,441.495056152,469.327819824,627.643310547,611.252563477,441.949310303,550.040771484,535.126708984,361.2394104,171.975601196,51.8956947327,25.1915988922,7.71845626831,2.53856134415,1.06768155098,0.662465453148,0.448402523994,0.606511354446,0.956537187099,0.751254022121,0.104661799967],"mean":[1.23113548756,3.99481868744,3.43366670609,3.00167632103,4.12688064575,5.11968946457,9.8536567688,15.0637722015,18.8287410736,18.7192745209,19.4148616791,21.0823402405,29.9562149048,33.9032096863,47.8471794128,67.1150741577,52.642906189,48.4953651428,47.5539169312,37.7131347656,28.0910320282,26.376701355,24.1649341583,27.5207309723,22.794631958,21.5018844604,16.3766708374,13.1716299057,6.52400541306,3.5436463356,1.52910852432,0.434709221125,0.0755448043346,0.0320439599454,0.019458886236,0.0151036744937,0.0446828976274,0.0786009505391,0.0556270442903,0.0246627554297],"median":[0.707947611809,2.22238302231,1.8671656847,1.68855977058,1.98546135426,2.77250432968,2.9732234478,5.14736366272,7.03206777573,7.01211214066,7.46629524231,9.69611549377,16.3471126556,18.4559135437,30.458820343,47.3137969971,34.8206825256,33.102142334,34.8427734375,28.4099578857,19.4209823608,15.122882843,13.3701457977,14.6767225266,11.3389339447,11.089881897,9.68312168121,8.47317218781,4.13949394226,2.16406774521,0.966191589832,0.249358773232,0.0306622795761,0.0128413103521,0.00794494710863,0.00729087553918,0.0279989540577,0.051253400743,0.0332540050149,0.022275775671],"min":[2.60576256534e-22,1.0828707025e-21,2.32743663551e-21,6.86449725376e-21,2.07857530926e-20,6.55953967261e-20,9.63980259245e-20,5.90625245809e-20,1.27445203316e-19,3.2156090551e-19,2.32097470703e-19,3.61798537721e-19,9.93687727162e-19,1.16637656928e-18,1.21011426116e-18,1.60207358762e-18,1.61782765598e-18,2.30321079658e-18,4.00418116766e-18,4.90075354821e-18,3.77619985108e-18,4.91183487329e-18,6.55041349231e-18,1.01036629393e-17,9.08944107381e-18,7.8444755221e-18,1.3560628563e-17,9.9305208022e-18,1.28629935333e-17,1.46014120251e-17,1.24051631264e-17,1.33040793232e-17,1.05663753663e-17,8.40278769399e-18,5.47062598275e-18,4.10917189409e-18,2.45023243109e-18,9.25836789851e-19,2.56742334777e-19,2.7552103428e-20],"var":[2.41006565094,27.4806747437,23.5465984344,20.3893318176,67.0692672729,94.7598953247,889.12878418,1611.15942383,2111.96508789,1976.84155273,2224.6652832,2265.34082031,2118.9152832,2595.24194336,4299.30664062,6217.55908203,5206.14794922,3082.78051758,2034.7220459,1089.04931641,934.699279785,1089.50964355,939.30645752,1183.38964844,936.659240723,826.537719727,418.111816406,231.112365723,57.9372062683,18.6093292236,3.29983758926,0.330466657877,0.0174411647022,0.00309035670944,0.00113822007552,0.000528419623151,0.00276432093233,0.00746160233393,0.00403330754489,0.000162170414114]},"erbbands_crest":{"dmean":2.0709066391,"dmean2":3.4495818615,"dvar":3.96741819382,"dvar2":10.3441448212,"max":27.2651863098,"mean":6.84160709381,"median":6.12660551071,"min":2.22882843018,"var":8.05289268494},"erbbands_flatness_db":{"dmean":0.0176314748824,"dmean2":0.0274817869067,"dvar":0.000234695558902,"dvar2":0.000563390320167,"max":0.328622877598,"mean":0.139061525464,"median":0.134885370731,"min":0.0423706285655,"var":0.00113761832472},"erbbands_kurtosis":{"dmean":0.79830378294,"dmean2":1.28934967518,"dvar":0.965083956718,"dvar2":2.38366651535,"max":38.8168296814,"mean":0.737248241901,"median":0.335982054472,"min":-1.72537577152,"var":4.06546020508},"erbbands_skewness":{"dmean":0.306116163731,"dmean2":0.485297560692,"dvar":0.0723657384515,"dvar2":0.175750747323,"max":4.89759540558,"mean":-0.219202235341,"median":-0.23611998558,"min":-2.75428152084,"var":0.391213685274},"erbbands_spread":{"dmean":6.28209257126,"dmean2":9.74650096893,"dvar":42.805557251,"dvar2":92.4239044189,"max":155.649475098,"mean":30.1216449738,"median":28.0518951416,"min":3.95635318756,"var":183.356323242},"gfcc":{"cov":[[6318.91357422,-477.177703857,-781.160949707,325.917877197,-271.999298096,-231.604202271,292.350646973,-148.140060425,42.649143219,39.2519226074,-27.8559875488,164.600158691,-161.246795654],[-477.177703857,751.740600586,84.3291625977,-329.333404541,115.422531128,43.0139808655,-85.7458496094,16.5663757324,21.2185668945,0.468694478273,53.7508010864,-63.3052024841,97.7790145874],[-781.160949707,84.3291625977,399.243286133,82.272064209,7.41401100159,138.937515259,-107.580345154,87.1130599976,-41.9931907654,26.6014270782,-5.02161073685,-26.295955658,28.9240188599],[325.917877197,-329.333404541,82.272064209,438.77053833,52.4770698547,-54.9555511475,119.96257019,-36.1536178589,-9.17070484161,-6.96265172958,-24.1060600281,43.1327171326,-68.8083343506],[-271.999298096,115.422531128,7.41401100159,52.4770698547,203.959060669,28.2278079987,24.8675289154,-1.16140341759,-8.58325099945,-27.8307209015,15.0198497772,-27.4397716522,28.5743198395],[-231.604202271,43.0139808655,138.937515259,-54.9555511475,28.2278079987,204.335678101,-43.1187210083,71.025970459,-24.9448013306,13.0764188766,-7.52392578125,-10.439043045,30.0609798431],[292.350646973,-85.7458496094,-107.580345154,119.96257019,24.8675289154,-43.1187210083,199.867019653,-45.4897422791,62.4130020142,-15.1844062805,-14.1723880768,37.646774292,-48.9316520691],[-148.140060425,16.5663757324,87.1130599976,-36.1536178589,-1.16140341759,71.025970459,-45.4897422791,136.150375366,-3.67954659462,26.9917163849,-0.783560097218,-37.8309936523,33.5222892761],[42.649143219,21.2185668945,-41.9931907654,-9.17070484161,-8.58325099945,-24.9448013306,62.4130020142,-3.67954659462,107.349586487,24.5126094818,4.10238552094,21.2494430542,-30.9204998016],[39.2519226074,0.468694478273,26.6014270782,-6.96265172958,-27.8307209015,13.0764188766,-15.1844062805,26.9917163849,24.5126094818,72.9248657227,37.2997932434,9.77295970917,11.1310958862],[-27.8559875488,53.7508010864,-5.02161073685,-24.1060600281,15.0198497772,-7.52392578125,-14.1723880768,-0.783560097218,4.10238552094,37.2997932434,65.5326004028,25.5651893616,24.6483898163],[164.600158691,-63.3052024841,-26.295955658,43.1327171326,-27.4397716522,-10.439043045,37.646774292,-37.8309936523,21.2494430542,9.77295970917,25.5651893616,80.0284423828,0.209055453539],[-161.246795654,97.7790145874,28.9240188599,-68.8083343506,28.5743198395,30.0609798431,-48.9316520691,33.5222892761,-30.9204998016,11.1310958862,24.6483898163,0.209055453539,84.7039718628]],"icov":[[0.000454354390968,-0.00100137770642,0.00225029792637,-0.00202664150856,0.00156292796601,-0.001203296124,0.000770201557316,-0.000508527562488,0.00028065990773,-0.00033672346035,0.000295778823784,-0.000247147807386,0.000213375868043],[-0.00100137770642,0.0066026551649,-0.00848726276308,0.00927181635052,-0.00652534421533,0.004858603701,-0.00376248103566,0.00299794832245,-0.00170227023773,0.0010217432864,-0.00235028029419,0.00216346047819,-0.0020581742283],[0.00225029792637,-0.00848726276308,0.0198608674109,-0.0180379450321,0.0127245197073,-0.0124982101843,0.00931256823242,-0.00376894092187,-0.00115228106733,0.00074772303924,-0.000348739937181,0.00180397275835,-0.000761288625654],[-0.00202664150856,0.00927181635052,-0.0180379450321,0.0230871662498,-0.0172636862844,0.0142800882459,-0.0101439533755,0.00107296113856,0.00673008570448,-0.00743099534884,0.00692667765543,-0.00875363033265,0.00626355875283],[0.00156292796601,-0.00652534421533,0.0127245197073,-0.0172636862844,0.0215734038502,-0.0129188336432,0.00442213425413,0.00154258008115,-0.0074708359316,0.0128709655255,-0.0138664515689,0.0143351992592,-0.00902877468616],[-0.001203296124,0.004858603701,-0.0124982101843,0.0142800882459,-0.0129188336432,0.0170409083366,-0.00584930181503,-0.0033817619551,0.00711236288771,-0.00820020306855,0.00985598284751,-0.0105875413865,0.00507052522153],[0.000770201557316,-0.00376248103566,0.00931256823242,-0.0101439533755,0.00442213425413,-0.00584930181503,0.0139315817505,-0.000809747783933,-0.0062825656496,0.00304710841738,0.00063639349537,-0.00112481624819,0.000465460150735],[-0.000508527562488,0.00299794832245,-0.00376894092187,0.00107296113856,0.00154258008115,-0.0033817619551,-0.000809747783933,0.0161249954253,-0.00692378263921,0.00147719483357,-0.00512880831957,0.0130137912929,-0.00970101822168],[0.00028065990773,-0.00170227023773,-0.00115228106733,0.00673008570448,-0.0074708359316,0.00711236288771,-0.0062825656496,-0.00692378263921,0.0253470875323,-0.0179799944162,0.0147569244727,-0.0171685349196,0.0148305557668],[-0.00033672346035,0.0010217432864,0.00074772303924,-0.00743099534884,0.0128709655255,-0.00820020306855,0.00304710841738,0.00147719483357,-0.0179799944162,0.041090298444,-0.0321799553931,0.0184248443693,-0.0110128503293],[0.000295778823784,-0.00235028029419,-0.000348739937181,0.00692667765543,-0.0138664515689,0.00985598284751,0.00063639349537,-0.00512880831957,0.0147569244727,-0.0321799553931,0.0497615411878,-0.0284133516252,0.00780485803261],[-0.000247147807386,0.00216346047819,0.00180397275835,-0.00875363033265,0.0143351992592,-0.0105875413865,-0.00112481624819,0.0130137912929,-0.0171685349196,0.0184248443693,-0.0284133516252,0.0416736528277,-0.0180965382606],[0.000213375868043,-0.0020581742283,-0.000761288625654,0.00626355875283,-0.00902877468616,0.00507052522153,0.000465460150735,-0.00970101822168,0.0148305557668,-0.0110128503293,0.00780485803261,-0.0180965382606,0.0299249067903]],"mean":[31.9204349518,86.0655899048,-108.963035583,10.998506546,-2.76164603233,-11.1308927536,18.2846908569,-22.1001663208,7.58667564392,-1.89117228985,-0.394348561764,4.38495874405,-6.66501712799]},"hfc":{"dmean":61.248249054,"dmean2":95.0965576172,"dvar":10532.9882812,"dvar2":22405.953125,"max":2115.75952148,"mean":184.257644653,"median":148.827972412,"min":1.04610805682e-16,"var":23889.3300781},"melbands":{"dmean":[0.00672438694164,0.00198181369342,0.000369793880964,0.00024136522552,0.000202091076062,0.000233069076785,0.000200337119168,0.000134830363095,0.000116943017929,0.0000908230431378,0.000100028846646,0.000087439759227,0.0000870546355145,0.000115366092359,0.0000976344017545,0.0000567424067413,0.0000529203789483,0.0000440208314103,0.0000363414292224,0.0000218888817471,0.0000215230520553,0.000019262157366,0.0000149911902554,0.0000135814270834,0.0000126216154968,0.00000974600425252,0.00000868452025315,0.0000075389984886,0.00000530049101144,0.00000515836836712,0.00000416131251768,0.00000221589743887,0.00000158935506533,9.89725322142e-7,5.33962349891e-7,2.65997243787e-7,1.14857655831e-7,5.1185949701e-8,3.23553379644e-8,2.52732892392e-8],"dmean2":[0.0113249914721,0.00321242655627,0.000613865326159,0.000399222946726,0.00031413853867,0.000363418483175,0.000321677420288,0.000217283333768,0.000190381135326,0.000146581864101,0.000165410936461,0.000143742698128,0.000144196048495,0.000191093044123,0.000163462987985,0.0000933489427553,0.0000879142535268,0.0000740723626222,0.0000615589451627,0.0000369325862266,0.0000371441383322,0.0000330865223077,0.0000257285464613,0.0000227442760661,0.0000206807981158,0.0000158460698003,0.0000140582660606,0.00001227301982,0.00000840613665787,0.00000825122879178,0.00000679552613292,0.00000356088730769,0.00000257767646872,0.00000161569926149,8.37439017687e-7,4.03857740139e-7,1.82332399845e-7,8.56091304513e-8,5.4704774044e-8,4.25495549905e-8],"dvar":[0.0000934972485993,0.00000784184157965,3.95929333763e-7,3.20154583733e-7,3.08501256541e-7,4.13369264152e-7,2.75872679367e-7,1.37392831334e-7,1.0790114402e-7,6.51165876775e-8,3.36310499449e-8,2.7081014764e-8,2.94862658734e-8,4.32613127543e-8,2.98839424318e-8,1.40778073643e-8,6.76885925088e-9,3.64892493998e-9,2.62144084218e-9,8.78775163748e-10,1.67922664662e-9,1.22563703631e-9,8.64800953071e-10,5.70642866293e-10,4.15126044651e-10,3.07715741776e-10,2.38844388711e-10,1.86542198355e-10,8.58341314691e-11,7.96500226885e-11,5.40507708036e-11,1.55319108269e-11,8.53842864468e-12,3.30483210242e-12,7.80292659913e-13,1.77863800077e-13,5.1169578828e-14,1.06742693908e-14,3.55117525521e-15,1.93483310394e-15],"dvar2":[0.00025548323174,0.0000180749375431,9.97107463263e-7,7.52356982048e-7,6.67435813284e-7,9.50557193846e-7,6.54220627894e-7,3.39149693218e-7,2.69929216756e-7,1.61868982218e-7,8.57203943383e-8,6.85539802703e-8,7.49574269321e-8,1.10276317855e-7,7.84139331245e-8,3.21129824954e-8,1.73273164705e-8,9.51837986207e-9,7.05410263535e-9,2.32420083179e-9,4.61555327291e-9,3.30507377022e-9,2.30989494199e-9,1.46737377804e-9,1.04799413592e-9,7.61164853369e-10,6.03772198904e-10,4.81759965254e-10,2.03439431967e-10,1.99214950092e-10,1.42714298712e-10,4.01242303272e-11,2.275172932e-11,8.70386054896e-12,1.88464174822e-12,3.99360937115e-13,1.21566561613e-13,2.69436335493e-14,9.07626126762e-15,4.83760717913e-15],"max":[0.116225838661,0.060860324651,0.0214428268373,0.0266854893416,0.022408971563,0.0184701029211,0.0173526480794,0.0110560869798,0.0108079528436,0.0119035923854,0.00423465669155,0.00448415568098,0.00781067553908,0.0079217646271,0.00660037063062,0.00605998653919,0.00233968975954,0.00123033265118,0.00109072693158,0.000433856068412,0.000582049135119,0.000555976701435,0.000728893093765,0.000605040695518,0.000504305469804,0.000382154277759,0.000406392267905,0.000396286253817,0.000349203532096,0.000348098838003,0.000180694769369,0.000126020546304,0.0000463088508695,0.000025666297006,0.0000171410338226,0.00000643960174784,0.00000519164632351,0.00000207501216209,0.00000158097179792,8.70179462709e-7],"mean":[0.00930338725448,0.00302050588652,0.000558507046662,0.00033207249362,0.000315630779369,0.000346944667399,0.000291005009785,0.000193406376638,0.00016342671006,0.000131268650875,0.000151973887114,0.00013734906679,0.000139361553011,0.000189126483747,0.000159645045642,0.000096029980341,0.0000899279475561,0.0000777724271757,0.0000621578510618,0.0000387878644688,0.0000322371524817,0.0000283564786514,0.0000217649394472,0.0000222186408791,0.0000225290696108,0.0000176247340278,0.0000159991232067,0.0000137130000439,0.00000997429560812,0.00000960798661254,0.00000696014876667,0.00000383976612284,0.0000026327136311,0.00000165891503912,9.60666170613e-7,4.97778785302e-7,1.59000720146e-7,4.98166059515e-8,3.0880734414e-8,2.46143336824e-8],"median":[0.00577727053314,0.00170473032631,0.000319808896165,0.000173104257556,0.00011389170686,0.000116463837912,0.000109395557956,0.0000715637361282,0.0000622571169515,0.0000606022440479,0.0000812940270407,0.0000721030664863,0.0000840026623337,0.000123140256619,0.000108216154331,0.0000560450280318,0.0000613973970758,0.0000560623811907,0.0000435744150309,0.000029320766771,0.0000206630211323,0.0000161174502864,0.0000117085710372,0.000011651872228,0.0000118346451927,0.00000893751530384,0.00000742869542592,0.0000070545138442,0.00000548129628442,0.00000589075534663,0.00000436395748693,0.00000236970663536,0.0000015433425915,0.0000010042122085,5.91843047459e-7,3.0225470482e-7,7.39774819181e-8,1.46964325154e-8,1.08574962354e-8,9.39076105766e-9],"min":[3.10834921649e-24,1.83855985204e-24,1.65247436843e-24,2.08944838548e-24,3.45805145299e-24,1.32730245203e-24,1.8462774755e-24,3.51008905703e-24,1.67909359221e-24,2.24983248498e-24,4.85447725019e-24,4.12601824119e-24,4.44173615268e-24,4.04969673747e-24,2.95571173108e-24,2.91309845105e-24,3.34072929815e-24,4.79809578357e-24,5.75750210562e-24,6.07978018439e-24,3.3544191903e-24,3.79931386388e-24,3.91762485586e-24,5.35334854792e-24,7.98985382737e-24,5.4871129306e-24,6.65944701046e-24,5.03075295263e-24,7.07731609829e-24,7.64394463132e-24,5.08071427477e-24,7.51430165243e-24,6.85266902286e-24,7.90263421024e-24,6.24031771734e-24,7.30468474383e-24,7.72524463621e-24,6.43016222178e-24,7.422824553e-24,6.69086418487e-24],"var":[0.000118285228382,0.000016809308363,6.94110099175e-7,4.16633184841e-7,6.869927347e-7,7.94656557446e-7,4.71748990094e-7,2.13498893231e-7,1.57119146138e-7,8.37052738234e-8,5.64134552405e-8,4.50806965091e-8,4.04269080434e-8,6.502826011e-8,4.48689974064e-8,2.24855849495e-8,1.0898891567e-8,5.85270809594e-9,3.78463083095e-9,1.17987453141e-9,1.57472024309e-9,1.29953381389e-9,9.18274012385e-10,8.48879133653e-10,8.38987157525e-10,6.16769690875e-10,5.15443299154e-10,3.55483559256e-10,1.71893194123e-10,1.42056102992e-10,6.98675353683e-11,2.180320334e-11,1.07352243414e-11,4.28786606915e-12,1.3786868782e-12,3.7469715373e-13,7.14312100138e-14,1.08140510029e-14,3.38091676237e-15,1.94737935596e-15]},"melbands_crest":{"dmean":5.42267370224,"dmean2":9.01209068298,"dvar":21.3328304291,"dvar2":57.7536125183,"max":38.1912689209,"mean":20.7937850952,"median":20.9047279358,"min":1.65924680233,"var":58.6582565308},"melbands_flatness_db":{"dmean":0.0409279540181,"dmean2":0.0652334690094,"dvar":0.00125429336913,"dvar2":0.00317595596425,"max":0.683923184872,"mean":0.232777878642,"median":0.223518103361,"min":0.0030066317413,"var":0.00540964398533},"melbands_kurtosis":{"dmean":12.639210701,"dmean2":20.1512527466,"dvar":692.208374023,"dvar2":1498.25317383,"max":552.14239502,"mean":17.5120277405,"median":6.355884552,"min":-1.74269008636,"var":1412.07348633},"melbands_skewness":{"dmean":1.18570828438,"dmean2":1.89325082302,"dvar":1.58628189564,"dvar2":3.81836724281,"max":19.5017910004,"mean":3.07435321808,"median":2.48664999008,"min":-1.44359469414,"var":5.21937131882},"melbands_spread":{"dmean":9.41435909271,"dmean2":15.4488859177,"dvar":89.9343261719,"dvar2":234.543945312,"max":204.342880249,"mean":25.0730934143,"median":22.2491416931,"min":0.449830412865,"var":296.241394043},"mfcc":{"cov":[[4002.74072266,-538.259399414,-417.136993408,444.436004639,-549.574035645,109.182937622,-125.447525024,93.4708938599,-157.977935791,66.5819702148,-21.399105072,17.601108551,-11.3512954712],[-538.259399414,947.453857422,-38.4366569519,-355.635162354,150.406097412,-81.9070587158,19.4209327698,-90.8071212769,59.8987846375,-49.9648590088,42.1545295715,-5.86912584305,26.9976100922],[-417.136993408,-38.4366569519,417.525726318,-72.0243377686,134.428268433,-21.8182830811,37.1799926758,-20.536649704,40.1302070618,-10.173910141,24.0853214264,8.33867549896,-9.53979587555],[444.436004639,-355.635162354,-72.0243377686,504.753692627,-103.403160095,111.787895203,-6.60855102539,75.0838088989,-58.0947570801,51.0157432556,-23.7914505005,-0.380387693644,-5.2112159729],[-549.574035645,150.406097412,134.428268433,-103.403160095,292.70703125,-44.901184082,99.6048126221,-48.398525238,55.3850097656,-40.485874176,11.4700317383,-7.53680324554,-0.367250710726],[109.182937622,-81.9070587158,-21.8182830811,111.787895203,-44.901184082,170.111602783,0.974858999252,70.7838287354,-23.3815441132,18.7144794464,-15.8127384186,12.3647956848,4.0087556839],[-125.447525024,19.4209327698,37.1799926758,-6.60855102539,99.6048126221,0.974858999252,129.839019775,-1.96897697449,36.3737030029,-17.0521869659,-1.81804180145,-13.647767067,3.83897852898],[93.4708938599,-90.8071212769,-20.536649704,75.0838088989,-48.398525238,70.7838287354,-1.96897697449,109.190734863,13.3375034332,30.4862976074,-13.4044523239,6.25299787521,-6.12955331802],[-157.977935791,59.8987846375,40.1302070618,-58.0947570801,55.3850097656,-23.3815441132,36.3737030029,13.3375034332,90.0735397339,17.8002738953,18.3297233582,-2.06709337234,0.569524765015],[66.5819702148,-49.9648590088,-10.173910141,51.0157432556,-40.485874176,18.7144794464,-17.0521869659,30.4862976074,17.8002738953,70.263381958,21.2965335846,13.8873023987,-2.90879440308],[-21.399105072,42.1545295715,24.0853214264,-23.7914505005,11.4700317383,-15.8127384186,-1.81804180145,-13.4044523239,18.3297233582,21.2965335846,64.4874343872,21.85896492,8.88868522644],[17.601108551,-5.86912584305,8.33867549896,-0.380387693644,-7.53680324554,12.3647956848,-13.647767067,6.25299787521,-2.06709337234,13.8873023987,21.85896492,50.5019721985,17.6255378723],[-11.3512954712,26.9976100922,-9.53979587555,-5.2112159729,-0.367250710726,4.0087556839,3.83897852898,-6.12955331802,0.569524765015,-2.90879440308,8.88868522644,17.6255378723,46.0323638916]],"icov":[[0.00037584482925,0.0000853374731378,0.000196538632736,-0.000148234583321,0.00061473227106,0.0000523401613464,-0.000228680699365,0.0000486484132125,0.000146197562572,0.00017594001838,-0.000225799623877,-0.000160372583196,0.000206792203244],[0.0000853374731378,0.0017198685091,0.000655331823509,0.000962191610597,-0.000578427105211,-0.0004215130175,0.000429620995419,0.000594736193307,-0.00055285578128,0.000439045223175,-0.000960667908657,0.000643030798528,-0.000693576876074],[0.000196538632736,0.000655331823509,0.00324757304043,0.000362660153769,-0.0011846824782,-0.000306367408484,0.000247352116276,0.000312993244734,-0.000686389859766,0.000476732733659,-0.00112194777466,-0.000585831992794,0.000896055309568],[-0.000148234583321,0.000962191610597,0.000362660153769,0.00354643817991,-0.000428093480878,-0.00110803171992,-0.000605649489444,-0.000633132469375,0.00202274788171,-0.00230910209939,0.000026983096177,0.00120349042118,-0.000701906625181],[0.00061473227106,-0.000578427105211,-0.0011846824782,-0.000428093480878,0.00781802926213,0.000170856350451,-0.00423695845529,0.00205145147629,-0.00220956816338,0.00269368267618,-0.00007758080028,-0.00177624239586,0.00176351063419],[0.0000523401613464,-0.0004215130175,-0.000306367408484,-0.00110803171992,0.000170856350451,0.00968820881099,-0.00137217936572,-0.00598977319896,0.00354587915353,-0.000717598886695,0.00102234876249,-0.00172347621992,-0.00108101416845],[-0.000228680699365,0.000429620995419,0.000247352116276,-0.000605649489444,-0.00423695845529,-0.00137217936572,0.01251410041,-0.00030074827373,-0.00428017554805,0.0025442505721,-0.000391838373616,0.00330425053835,-0.00229944847524],[0.0000486484132125,0.000594736193307,0.000312993244734,-0.000633132469375,0.00205145147629,-0.00598977319896,-0.00030074827373,0.0173800475895,-0.00652095302939,-0.00300395884551,0.00446499092504,-0.00275124143809,0.00261585204862],[0.000146197562572,-0.00055285578128,-0.000686389859766,0.00202274788171,-0.00220956816338,0.00354587915353,-0.00428017554805,-0.00652095302939,0.0204994417727,-0.00753630464897,-0.00301267742179,0.00331228529103,-0.00180710584391],[0.00017594001838,0.000439045223175,0.000476732733659,-0.00230910209939,0.00269368267618,-0.000717598886695,0.0025442505721,-0.00300395884551,-0.00753630464897,0.0249210912734,-0.00787116028368,-0.00348637276329,0.00361789530143],[-0.000225799623877,-0.000960667908657,-0.00112194777466,0.000026983096177,-0.00007758080028,0.00102234876249,-0.000391838373616,0.00446499092504,-0.00301267742179,-0.00787116028368,0.0242739878595,-0.00891292374581,-0.000918759265915],[-0.000160372583196,0.000643030798528,-0.000585831992794,0.00120349042118,-0.00177624239586,-0.00172347621992,0.00330425053835,-0.00275124143809,0.00331228529103,-0.00348637276329,-0.00891292374581,0.0302268806845,-0.0110217761248],[0.000206792203244,-0.000693576876074,0.000896055309568,-0.000701906625181,0.00176351063419,-0.00108101416845,-0.00229944847524,0.00261585204862,-0.00180710584391,0.00361789530143,-0.000918759265915,-0.0110217761248,0.0275847129524]],"mean":[-625.890930176,146.644012451,-38.1709823608,42.0788955688,-8.30630016327,35.1565437317,3.29873323441,13.8625488281,1.98933053017,8.7291135788,4.28510808945,6.8778219223,6.47338151932]},"pitch_salience":{"dmean":0.101351857185,"dmean2":0.16578540206,"dvar":0.00721433525905,"dvar2":0.019481299445,"max":0.855308294296,"mean":0.463017910719,"median":0.470211714506,"min":0.0556296557188,"var":0.0210585184395},"silence_rate_20dB":{"dmean":0.000146702848724,"dmean2":0.000293427234283,"dvar":0.000146681326441,"dvar2":0.000440054747742,"max":1,"mean":0.999926626682,"median":1,"min":0,"var":0.0000733406704967},"silence_rate_30dB":{"dmean":0.0968238860369,"dmean2":0.19366197288,"dvar":0.0874490216374,"dvar2":0.190194576979,"max":1,"mean":0.878245592117,"median":1,"min":0,"var":0.106930293143},"silence_rate_60dB":{"dmean":0.000733514258172,"dmean2":0.00146713620052,"dvar":0.000732976244763,"dvar2":0.0016116972547,"max":1,"mean":0.00880152545869,"median":0,"min":0,"var":0.00872405897826},"spectral_centroid":{"dmean":270.605529785,"dmean2":411.762207031,"dvar":82476.234375,"dvar2":179971.046875,"max":11533.7792969,"mean":1742.18103027,"median":1708.19726562,"min":137.1978302,"var":545281.375},"spectral_complexity":{"dmean":5.15572500229,"dmean2":7.49002361298,"dvar":25.998708725,"dvar2":47.48229599,"max":67,"mean":30.8752384186,"median":29,"min":0,"var":140.636260986},"spectral_contrast_coeffs":{"dmean":[0.049527887255,0.0479166507721,0.0378360338509,0.0274910926819,0.0197883062065,0.0542258396745],"dmean2":[0.0830956995487,0.0795005708933,0.0636808648705,0.0468194149435,0.0334117971361,0.0861116871238],"dvar":[0.00153074739501,0.0014671337558,0.00086050957907,0.000454775406979,0.000272960547591,0.0020789122209],"dvar2":[0.00424127001315,0.00395954539999,0.0023965749424,0.00129044777714,0.000759526796173,0.00527091836557],"max":[-0.470485627651,-0.423996329308,-0.60873734951,-0.652349531651,-0.637094914913,-0.387369990349],"mean":[-0.74616754055,-0.782233297825,-0.808366417885,-0.809810400009,-0.809978604317,-0.650384545326],"median":[-0.751350998878,-0.794966578484,-0.812536537647,-0.812146782875,-0.811688005924,-0.639473378658],"min":[-0.974970459938,-0.973161637783,-0.970596194267,-0.967793226242,-0.974061012268,-0.963415384293],"var":[0.00377794890665,0.00441638100892,0.00203369627707,0.00109353626613,0.000821070978418,0.00832494348288]},"spectral_contrast_valleys":{"dmean":[0.383259087801,0.363542467356,0.307582587004,0.254668951035,0.27272978425,0.665913105011],"dmean2":[0.640248417854,0.588363051414,0.488965421915,0.40536493063,0.407890200615,1.07559096813],"dvar":[0.101877830923,0.0905712321401,0.0718419253826,0.0597299858928,0.111430265009,0.305662244558],"dvar2":[0.27113622427,0.218951672316,0.163384199142,0.131743609905,0.231209859252,0.79172539711],"max":[-4.86728715897,-4.54181814194,-4.86842346191,-5.25343322754,-5.21233558655,-8.78653144836],"mean":[-6.57500314713,-6.47992277145,-6.55752229691,-6.7254281044,-7.01183223724,-11.1437349319],"median":[-6.47593402863,-6.40417718887,-6.44296455383,-6.61485433578,-6.8637638092,-11.0705575943],"min":[-28.7320213318,-27.8051567078,-27.428358078,-27.5822963715,-27.3776130676,-27.3453826904],"var":[1.03396821022,1.11246192455,1.11234617233,1.06160533428,1.38690209389,1.08221113682]},"spectral_decrease":{"dmean":6.64676180762e-9,"dmean2":1.0942971862e-8,"dvar":7.62887635483e-17,"dvar2":2.01953248114e-16,"max":1.84366069078e-8,"mean":-1.17687068979e-8,"median":-9.02753782839e-9,"min":-1.04924538391e-7,"var":1.09304671847e-16},"spectral_energy":{"dmean":0.0257382243872,"dmean2":0.0419828891754,"dvar":0.00110304565169,"dvar2":0.00290313921869,"max":0.407318860292,"mean":0.0611305423081,"median":0.0503779090941,"min":9.5578894167e-21,"var":0.00186715857126},"spectral_energyband_high":{"dmean":0.000514095008839,"dmean2":0.00077337824041,"dvar":6.83399093759e-7,"dvar2":0.0000016414323909,"max":0.0221073254943,"mean":0.00136565777939,"median":0.000940431491472,"min":7.09956437395e-21,"var":0.00000173855448793},"spectral_energyband_low":{"dmean":0.0228806734085,"dmean2":0.0381910838187,"dvar":0.00100278411992,"dvar2":0.00269820541143,"max":0.368948042393,"mean":0.0352368801832,"median":0.0233793109655,"min":2.04357430946e-23,"var":0.00142479990609},"spectral_energyband_middle_high":{"dmean":0.00300364941359,"dmean2":0.0047394298017,"dvar":0.0000177549045475,"dvar2":0.0000405673854402,"max":0.103611506522,"mean":0.00863544177264,"median":0.00709663331509,"min":1.26058276288e-21,"var":0.0000451631567557},"spectral_energyband_middle_low":{"dmean":0.00357571174391,"dmean2":0.00549666071311,"dvar":0.0000370158231817,"dvar2":0.0000831475990708,"max":0.119646526873,"mean":0.00777802197263,"median":0.00447099516168,"min":2.39934530813e-22,"var":0.0000878223654581},"spectral_entropy":{"dmean":0.105556279421,"dmean2":0.15898014605,"dvar":0.0141191361472,"dvar2":0.0306133013219,"max":9.81999015808,"mean":7.783203125,"median":7.85627174377,"min":4.66506385803,"var":0.0965683683753},"spectral_flux":{"dmean":0.0359793677926,"dmean2":0.0581787191331,"dvar":0.00152628589422,"dvar2":0.00357463862747,"max":0.524499237537,"mean":0.13679933548,"median":0.126716256142,"min":6.47415523969e-11,"var":0.00324176321737},"spectral_kurtosis":{"dmean":3.18264651299,"dmean2":4.86191654205,"dvar":26.0460033417,"dvar2":64.7787246704,"max":109.562507629,"mean":15.800740242,"median":13.3059682846,"min":-1.264721632,"var":101.677604675},"spectral_rms":{"dmean":0.00150636897888,"dmean2":0.00242326804437,"dvar":0.0000023855109248,"dvar2":0.0000061469877437,"max":0.0199344996363,"mean":0.00730625353754,"median":0.0070106475614,"min":3.05364869675e-12,"var":0.00000625821076028},"spectral_rolloff":{"dmean":6081.92529297,"dmean2":11562.8164062,"dvar":64392180,"dvar2":146743712,"max":22028.4667969,"mean":9357.57617188,"median":3682.17773438,"min":43.06640625,"var":85833696},"spectral_skewness":{"dmean":0.277298748493,"dmean2":0.406029015779,"dvar":0.127138406038,"dvar2":0.287898957729,"max":8.29057216644,"mean":2.36631035805,"median":2.10993361473,"min":-0.0613883286715,"var":0.793588280678},"spectral_spread":{"dmean":334639.03125,"dmean2":528310.1875,"dvar":167359643648,"dvar2":354366816256,"max":42139780,"mean":3766138,"median":3662605.5,"min":1609793,"var":2398941347840},"spectral_strongpeak":{"dmean":3.96283912659,"dmean2":7.44712018967,"dvar":333.313934326,"dvar2":848.132751465,"max":261.335662842,"mean":3.09290862083,"median":0.247544258833,"min":0,"var":306.152099609},"zerocrossingrate":{"dmean":0.0419879965484,"dmean2":0.0546648278832,"dvar":0.00145202688873,"dvar2":0.00243017193861,"max":0.86328125,"mean":0.229768127203,"median":0.22119140625,"min":0.02783203125,"var":0.00686149159446}},"metadata":{"audio_properties":{"analysis_sample_rate":44100,"bit_rate":160000,"codec":"mp3","downmix":"mix","equal_loudness":0,"length":316.551849365,"lossless":false,"md5_encoded":"4594198d5b1b5f1f45e473ac8848c7d0","replay_gain":0.747182846069,"sample_rate":44100},"tags":{"acoustid_id":["b5e86ee5-49f0-4fae-86c6-a19fa18632b7"],"album":["Reload"],"albumartist":["Metallica"],"artist":["Metallica"],"date":["1997"],"discnumber":["1/1"],"file_name":"12 - Metallica - Attitude.mp3","musicbrainz_albumartistid":["65f4f0c5-ef9e-490c-aee3-909e7ae6b2ab"],"musicbrainz_albumid":["9e375d51-cc73-4164-964b-09c34172981a"],"musicbrainz_artistid":["65f4f0c5-ef9e-490c-aee3-909e7ae6b2ab"],"musicbrainz_recordingid":["e68cfc86-bf62-453f-a2c1-3a4a3121de5d"],"musicbrainz_releasegroupid":["8fd32554-02a7-3788-a761-7012e0e75e55"],"replaygain_album_gain":["+0.37 dB"],"replaygain_album_peak":["0.373717"],"replaygain_track_gain":["+0.50 dB"],"replaygain_track_peak":["0.356979"],"title":["Attitude"],"tracknumber":["12/13"]},"version":{"essentia":"2.1-beta1","essentia_build_sha":"e76a03f03bb3900de42a1fa0d9be1e72f12def64","essentia_git_sha":"v2.1_beta1-28-g21ef5f4-dirty","extractor":"music 1.0"}},"rhythm":{"beats_count":817,"beats_loudness":{"dmean":0.0329536758363,"dmean2":0.0569521561265,"dvar":0.00124551996123,"dvar2":0.0034121980425,"max":0.295774549246,"mean":0.0657858848572,"median":0.0579346083105,"min":0.00000211884525925,"var":0.00159933662508},"beats_loudness_band_ratio":{"dmean":[0.227060109377,0.0637865737081,0.064454369247,0.0755954608321,0.0508405007422,0.0830165892839],"dmean2":[0.399765968323,0.112838275731,0.114038616419,0.133591264486,0.0920915603638,0.145447745919],"dvar":[0.0269346069545,0.00504196900874,0.00731253484264,0.00538551295176,0.00181912223343,0.00526125635952],"dvar2":[0.0865835398436,0.0135157601908,0.0202123913914,0.0158615056425,0.00548225780949,0.0155005631968],"max":[0.953367233276,0.545388936996,0.645803332329,0.500580310822,0.286131829023,0.662463366985],"mean":[0