{"lowlevel":{"average_loudness":0.9154343009,"barkbands":{"dmean":[0.0000335958939104,0.00279181753285,0.00321475183591,0.00191508280113,0.00137327366974,0.00115363276564,0.00122673355509,0.00073983380571,0.000676967203617,0.000322074803989,0.000169111110154,0.00019887308008,0.000209698817343,0.000150647872942,0.000104193444713,0.00005871533358,0.0000604834494879,0.0000581671374675,0.0000571367309021,0.0000401315373892,0.0000235666375374,0.0000246111430897,0.0000204191655939,0.0000149791967488,0.0000102958856587,0.00000154350163939,6.54753407048e-8],"dmean2":[0.0000534671853529,0.00404416956007,0.00422695511952,0.00233295047656,0.00193714548368,0.00161320506595,0.00182873662561,0.00113407464232,0.00102484121453,0.000494909938425,0.000272983510513,0.00030054571107,0.000325763976434,0.000229947545449,0.000160795563716,0.0000924190753722,0.0000915570126381,0.0000876645353856,0.0000861982844071,0.0000588589246036,0.0000355344745913,0.0000366360000044,0.0000296038870147,0.0000199774603971,0.000014040514543,0.00000224168502427,1.09715642793e-7],"dvar":[5.52821877164e-9,0.0000315338365908,0.0000336588273058,0.0000124355565276,0.00000719567287888,0.00000938529319683,0.0000116419214464,0.00001053075448,0.0000080987229012,0.00000135561083425,6.78229753248e-7,5.56713303013e-7,6.04848366947e-7,2.38088247784e-7,3.39081566381e-7,1.10389763108e-7,3.92133152616e-8,1.59600020311e-7,2.52245115462e-7,2.4427087908e-8,1.4136402271e-8,5.81533612376e-8,1.94728286829e-8,1.06566249158e-8,6.34839780744e-9,1.55499196852e-10,4.65040007371e-13],"dvar2":[1.50462735604e-8,0.0000631427246844,0.0000556358754693,0.0000199667883862,0.0000134645570142,0.0000171457486431,0.0000278128209175,0.0000279345495073,0.0000192710413103,0.00000322998994307,0.00000186949853287,0.00000112449924927,0.00000140770021062,5.29936471594e-7,8.13046426629e-7,2.76860475878e-7,8.88091662432e-8,3.4975704466e-7,6.22094546543e-7,5.51751071498e-8,3.24363043092e-8,1.6488421295e-7,4.31835083248e-8,1.53878740861e-8,1.11695310778e-8,3.48046175214e-10,1.24395285739e-12],"max":[0.00261354306713,0.086620002985,0.0906793475151,0.0753982067108,0.0670335143805,0.109897300601,0.0812784433365,0.0917218402028,0.0809919983149,0.0276341959834,0.0277358125895,0.034891884774,0.0259914435446,0.0164994392544,0.0266051087528,0.0127482432872,0.00556188169867,0.0200801976025,0.0281834155321,0.00487074861303,0.00332991476171,0.013285937719,0.00716605596244,0.0051439544186,0.00332413171418,0.000500597001519,0.0000314709504892],"mean":[0.0000518696724612,0.00639422796667,0.0101811988279,0.00608890969306,0.0037194842007,0.0022825775668,0.00217873882502,0.00109267863445,0.00106749346014,0.000587000628002,0.000257049978245,0.000373456976376,0.00034944206709,0.000255950697465,0.000157635600772,0.0000890155133675,0.000101467659988,0.0000879405997694,0.0000817111940705,0.0000704041158315,0.0000340094666171,0.0000316061450576,0.0000308836206386,0.0000245114497375,0.0000149919442265,0.00000222445692089,1.32573461542e-7],"median":[0.000014176723198,0.00208465056494,0.00550470128655,0.00164229178336,0.00103927380405,0.00061733025359,0.000246040115599,0.0000818839180283,0.0000954542410909,0.0000344999789377,0.0000171200845216,0.0000281601569441,0.0000266485167231,0.0000200872054847,0.0000127674466057,0.0000102793856058,0.0000118531152111,0.0000123160962175,0.00000964096216194,0.0000090266657935,0.00000319981995744,0.000002093761168,0.00000223777965402,0.00000144651323808,7.86808016073e-7,2.96478958717e-7,7.86619267501e-8],"min":[2.45342999044e-24,6.41101956528e-23,6.04006687538e-23,5.45315522965e-24,5.29653644213e-23,3.7988401529e-23,8.37527438404e-23,2.4978065718e-23,5.86363340077e-23,1.21842886338e-22,9.57034753726e-23,5.93125960627e-23,4.50231633147e-23,6.97056491624e-23,1.63547362312e-22,1.72218799061e-22,2.1959971616e-22,1.4169565018e-22,2.87877381933e-22,3.33017870953e-22,3.40695570153e-22,5.15798457305e-22,5.65251074603e-22,8.08787153034e-22,1.19757223933e-21,1.58764292908e-21,2.52448979823e-21],"var":[9.29090138158e-9,0.0000938221783144,0.000160299081472,0.0000943035338423,0.000053245552408,0.0000288027622446,0.0000308319104079,0.000014499628378,0.0000138516106745,0.00000352173924512,0.00000115576847293,0.00000227119608098,0.00000133495962018,5.7006161569e-7,4.33368967379e-7,1.39592870596e-7,7.8052700303e-8,1.85688293186e-7,2.39961025272e-7,4.71260470647e-8,2.51502818571e-8,7.34740552844e-8,4.12183993603e-8,3.33830492139e-8,1.49207259881e-8,2.49643694605e-10,4.97480257943e-13]},"barkbands_crest":{"dmean":2.2303788662,"dmean2":3.43077230453,"dvar":5.00708293915,"dvar2":12.1091032028,"max":25.4991397858,"mean":13.230919838,"median":12.9585533142,"min":3.3003115654,"var":17.4128017426},"barkbands_flatness_db":{"dmean":0.0265170633793,"dmean2":0.0348720811307,"dvar":0.000965829240158,"dvar2":0.00163678533863,"max":0.532265543938,"mean":0.256886720657,"median":0.245871946216,"min":0.0336534716189,"var":0.00780813768506},"barkbands_kurtosis":{"dmean":14.0663852692,"dmean2":20.9261341095,"dvar":718.816162109,"dvar2":1555.63635254,"max":521.09387207,"mean":29.9611034393,"median":13.3289718628,"min":-1.98992836475,"var":2261.07275391},"barkbands_skewness":{"dmean":0.927822172642,"dmean2":1.37636172771,"dvar":1.38032531738,"dvar2":2.98074579239,"max":15.930390358,"mean":3.08977270126,"median":2.63796448708,"min":-2.65835857391,"var":5.38894605637},"barkbands_spread":{"dmean":2.9366736412,"dmean2":4.41769790649,"dvar":46.6673202515,"dvar2":91.6466140747,"max":166.362792969,"mean":11.3502569199,"median":5.0786895752,"min":0.216643616557,"var":641.177185059},"dissonance":{"dmean":0.0254200696945,"dmean2":0.0415513850749,"dvar":0.000550109194592,"dvar2":0.00148183968849,"max":0.500000119209,"mean":0.437474757433,"median":0.442501425743,"min":0.25958108902,"var":0.00152417772915},"dynamic_complexity":4.13796710968,"erbbands":{"dmean":[0.0380793735385,0.786679089069,3.32140254974,5.8135266304,4.05559110641,5.00140666962,7.14836788177,10.1587352753,17.1807918549,15.6075267792,17.4053268433,14.2759637833,10.8584804535,8.10666656494,7.2407989502,6.98074865341,8.71460151672,7.84441900253,6.19007349014,4.08705282211,2.77520179749,3.26983857155,3.34304046631,2.3930811882,3.10582876205,1.71237540245,1.01937198639,0.844706296921,0.950298428535,0.639178156853,0.58971875906,0.370962291956,0.234714761376,0.151124715805,0.0551488772035,0.0126583036035,0.00179144262802,0.000189008729649,0.0000143896386362,0.0000104418795672],"dmean2":[0.0588120296597,1.11774647236,4.31813383102,7.16491794586,5.57989454269,7.03093671799,9.45837783813,14.705737114,25.058429718,23.559720993,26.4319934845,22.0873451233,16.0935783386,12.3150272369,11.3851156235,10.4765911102,13.3631038666,11.8466482162,9.43005943298,5.92121315002,4.29256153107,4.87554883957,5.09491300583,3.59313845634,4.48752164841,2.54578828812,1.54366660118,1.24159443378,1.44065332413,0.942984938622,0.8481361866,0.523352980614,0.323894590139,0.204210996628,0.0785706341267,0.018288878724,0.00265736179426,0.000306097295834,0.0000219819285121,0.0000134287774927],"dvar":[0.00704460171983,2.43724536896,42.1773757935,92.0227813721,56.7503852844,105.783248901,591.500061035,700.485290527,2197.42773438,3455.40234375,5560.66552734,3540.40551758,1750.99987793,691.759399414,1239.07226563,548.07800293,1108.41601563,782.137451172,706.176696777,458.440765381,163.395797729,104.272926331,431.683105469,892.702270508,303.434417725,41.9344978333,21.5110912323,24.2487220764,117.470603943,16.2737350464,18.8634471893,7.31056213379,2.75272417068,1.43642771244,0.203324452043,0.00976075418293,0.000238628461375,0.00000371006558453,1.09085007693e-8,2.1851752352e-10],"dvar2":[0.0174990966916,4.69053411484,69.9795837402,142.692260742,118.058586121,208.562103271,832.368591309,1515.00561523,4687.27148438,8957.28417969,14195.1230469,8527.55175781,3833.39868164,1638.31860352,3332.4777832,1171.49987793,2587.40527344,1698.62988281,1503.38684082,852.383850098,425.36416626,226.562103271,1042.51977539,2042.62084961,736.899475098,95.565032959,47.0335235596,50.2237930298,342.496490479,34.0828323364,41.5979919434,13.1078195572,3.8136818409,2.43490338326,0.434445977211,0.0212730169296,0.000567369104829,0.00000985836049949,2.78821872257e-8,3.74521913482e-10],"max":[1.592202425,23.0928916931,97.7049331665,188.775344849,221.672744751,277.521362305,1123.67199707,664.347290039,1439.3951416,1759.38635254,1984.91210938,1790.71508789,1408.09069824,540.237670898,1251.41992188,741.177978516,1240.44580078,931.99609375,1354.47949219,1288.82067871,404.820556641,326.960540771,939.789550781,1956.19262695,692.780090332,182.827331543,188.388748169,184.845428467,615.730895996,160.513397217,235.190170288,155.274200439,71.9171600342,48.5171852112,15.4845905304,3.31277680397,0.688799917698,0.0840298309922,0.00459206011146,0.000324219377944],"mean":[0.0767307430506,1.89407408237,10.2581005096,20.1145553589,11.3261346817,13.1838274002,16.1243972778,19.4109401703,30.9538879395,27.0273799896,25.9439716339,22.4334621429,19.6317958832,15.2388858795,12.558052063,13.6867771149,15.7011528015,14.542547226,10.1709775925,7.00539159775,4.73035430908,5.83587789536,5.33480453491,3.47889065742,4.95799732208,3.14564824104,1.66274774075,1.19145154953,1.17257297039,0.988459289074,0.860460758209,0.580915272236,0.381410211325,0.221148401499,0.0764771401882,0.0176846887916,0.00272773345932,0.000316519581247,0.0000411693108617,0.0000407238658227],"median":[0.0286992583424,0.665031790733,5.1873497963,9.04756736755,4.92772769928,3.56213021278,3.73968076706,5.17976760864,5.19768238068,2.91251206398,2.75448393822,2.39481854439,1.37549161911,1.18107497692,1.04113686085,1.23593711853,1.31284952164,1.28385221958,0.923142850399,0.714613735676,0.54343265295,0.722252309322,0.812303841114,0.468351513147,0.617531836033,0.425330013037,0.17572465539,0.10487062484,0.0733675062656,0.0786237865686,0.0568857267499,0.0356431528926,0.0209717545658,0.0106953466311,0.00428851973265,0.00152354885358,0.000523121329024,0.000120909411635,0.0000302274766,0.0000395199931518],"min":[2.43204630633e-21,1.2651700004e-20,5.52203675708e-20,4.8594961057e-20,7.82857561146e-20,2.39494921072e-19,2.28221328202e-19,3.93075477453e-19,1.33138080012e-18,4.84196272015e-19,8.99713495528e-19,1.29112181631e-18,1.7522580506e-18,5.24105275708e-18,3.24795528087e-18,2.69419529069e-18,2.1357340195e-18,3.62633085411e-18,7.72384363747e-18,7.33582396547e-18,9.95146749685e-18,1.48720423605e-17,7.37330930929e-18,1.14871175507e-17,1.57897214951e-17,1.76933370542e-17,1.35319601373e-17,1.7368188899e-17,1.69360449316e-17,1.44505408988e-17,1.7548699561e-17,2.00981496183e-17,1.05979877277e-17,1.12947939224e-17,1.05642999701e-17,6.43246663594e-18,2.83819750917e-18,1.15414039667e-18,3.30906676414e-19,3.76349601124e-20],"var":[0.0147525630891,7.52348518372,178.732040405,672.432617188,282.041442871,754.323608398,2479.2121582,1809.08129883,6269.26318359,7250.17480469,7579.87451172,5671.94384766,4016.90283203,1827.02416992,2398.1706543,1976.42773438,2664.23486328,1999.63049316,1086.84521484,1022.16973877,259.289154053,212.599182129,471.712677002,881.866210938,373.857818604,82.297416687,47.2875862122,44.3801879883,131.997955322,35.0638885498,38.0839309692,19.3010082245,8.63160610199,3.47863960266,0.379783689976,0.017032455653,0.000349801412085,0.00000416979355577,1.4533763526e-8,1.03283304131e-9]},"erbbands_crest":{"dmean":2.90733075142,"dmean2":4.48158836365,"dvar":8.08064937592,"dvar2":19.0910415649,"max":29.8002300262,"mean":12.7315893173,"median":11.4321470261,"min":2.43605899811,"var":33.1402740479},"erbbands_flatness_db":{"dmean":0.0187958404422,"dmean2":0.0259147379547,"dvar":0.000393285619793,"dvar2":0.000728977611288,"max":0.400691390038,"mean":0.205703452229,"median":0.207211330533,"min":0.0201286897063,"var":0.00271307863295},"erbbands_kurtosis":{"dmean":4.12167787552,"dmean2":5.74218416214,"dvar":88.848739624,"dvar2":151.019210815,"max":206.065063477,"mean":8.42904186249,"median":1.60388541222,"min":-1.91671800613,"var":460.366577148},"erbbands_skewness":{"dmean":0.61129462719,"dmean2":0.860223889351,"dvar":0.568210482597,"dvar2":1.03837144375,"max":11.5092916489,"mean":1.62536990643,"median":1.1574422121,"min":-4.87653589249,"var":3.77533626556},"erbbands_spread":{"dmean":8.24606609344,"dmean2":12.3733282089,"dvar":152.339126587,"dvar2":340.773406982,"max":164.389801025,"mean":28.3944473267,"median":23.446062088,"min":1.07501173019,"var":440.598205566},"gfcc":{"cov":[[29458.0234375,4808.42382813,-3513.37573242,281.685943604,-1809.32019043,-188.479827881,-993.028564453,57.4269447327,-398.851074219,-210.005905151,-25.7832260132,-419.963653564,-188.888946533],[4808.42382813,1960.55371094,-247.148773193,-271.864562988,-53.198474884,-135.166778564,-28.6570205688,-64.3995056152,-58.07239151,-124.13458252,33.7719917297,-119.343292236,-80.36302948],[-3513.37573242,-247.148773193,1864.85412598,419.545043945,578.034118652,116.826095581,148.979431152,-61.8382301331,-110.003486633,-19.2836761475,-99.2396774292,77.9716491699,-4.73047065735],[281.685943604,-271.864562988,419.545043945,659.413696289,160.144042969,-1.85533487797,-68.1748886108,-12.2087488174,-6.262550354,-11.8865585327,-69.7758636475,-11.5958976746,12.1802835464],[-1809.32019043,-53.198474884,578.034118652,160.144042969,508.18862915,66.343963623,138.798416138,19.7493190765,31.160282135,-15.7687568665,-28.9624004364,-0.741222083569,-25.6156539917],[-188.479827881,-135.166778564,116.826095581,-1.85533487797,66.343963623,270.66583252,161.328796387,65.6352920532,-18.6289577484,38.4100952148,7.0947432518,17.9108104706,-29.5298366547],[-993.028564453,-28.6570205688,148.979431152,-68.1748886108,138.798416138,161.328796387,376.751708984,118.436904907,4.66304016113,0.356678068638,43.4194984436,-3.30525922775,-51.1453704834],[57.4269447327,-64.3995056152,-61.8382301331,-12.2087488174,19.7493190765,65.6352920532,118.436904907,177.149871826,53.8980522156,36.7582206726,24.3443088531,2.49166488647,-26.0050983429],[-398.851074219,-58.07239151,-110.003486633,-6.262550354,31.160282135,-18.6289577484,4.66304016113,53.8980522156,183.775512695,56.7415084839,13.0967340469,-28.2831630707,6.16678237915],[-210.005905151,-124.13458252,-19.2836761475,-11.8865585327,-15.7687568665,38.4100952148,0.356678068638,36.7582206726,56.7415084839,128.46572876,35.0473403931,7.40998601913,-4.68445730209],[-25.7832260132,33.7719917297,-99.2396774292,-69.7758636475,-28.9624004364,7.0947432518,43.4194984436,24.3443088531,13.0967340469,35.0473403931,111.521972656,25.6700973511,-14.9138183594],[-419.963653564,-119.343292236,77.9716491699,-11.5958976746,-0.741222083569,17.9108104706,-3.30525922775,2.49166488647,-28.2831630707,7.40998601913,25.6700973511,109.900138855,34.9494628906],[-188.888946533,-80.36302948,-4.73047065735,12.1802835464,-25.6156539917,-29.5298366547,-51.1453704834,-26.0050983429,6.16678237915,-4.68445730209,-14.9138183594,34.9494628906,89.9197158813]],"icov":[[0.000306846195599,-0.000845747068524,0.00048059731489,-0.000848248251714,0.000630589202046,-0.00072018255014,0.000688222411554,-0.000770596030634,0.00074380642036,-0.000225305309868,0.000309941358864,0.0000873627650435,0.0000953212947934],[-0.000845747068524,0.00300717935897,-0.00134241522755,0.00263161351904,-0.00180852948688,0.00217662286013,-0.00173922022805,0.0021354733035,-0.00186780921649,0.00124784361105,-0.00133176171221,0.000515803636517,0.0000835593018564],[0.00048059731489,-0.00134241522755,0.00189045036677,-0.00176758889575,-0.000084786574007,-0.00103298819158,0.000615655560978,-0.000597404083237,0.00184843072202,-0.00105617963709,0.00137864716817,-0.000829874596093,0.000332141091349],[-0.000848248251714,0.00263161351904,-0.00176758889575,0.00447265710682,-0.00208529410884,0.00190315255895,-0.00100000831299,0.00151741795707,-0.00194223818835,0.00103795097675,-0.000681199249811,0.00067513337126,-0.000415891583543],[0.000630589202046,-0.00180852948688,-0.000084786574007,-0.00208529410884,0.00502933980897,-0.0016439424362,0.000481287715957,-0.00132518354803,-0.000184435950359,0.000453820946859,0.000809398363344,0.0000754501670599,0.000910889881197],[-0.00072018255014,0.00217662286013,-0.00103298819158,0.00190315255895,-0.0016439424362,0.00761999096721,-0.0040721395053,0.00140932947397,-0.000395966839278,-0.00187935645226,0.000858105602674,-0.00129921594635,0.000822352827527],[0.000688222411554,-0.00173922022805,0.000615655560978,-0.00100000831299,0.000481287715957,-0.0040721395053,0.00723467674106,-0.0046843229793,0.00186099938583,0.00164831895381,-0.00188298686408,0.00181983911898,0.000557878986001],[-0.000770596030634,0.0021354733035,-0.000597404083237,0.00151741795707,-0.00132518354803,0.00140932947397,-0.0046843229793,0.0110746817663,-0.00422932254151,-0.000845846370794,0.000106430132291,-0.00231358478777,0.00183942797594],[0.00074380642036,-0.00186780921649,0.00184843072202,-0.00194223818835,-0.000184435950359,-0.000395966839278,0.00186099938583,-0.00422932254151,0.0105050848797,-0.00420495029539,0.000431567750638,0.00308633456007,-0.00216120202094],[-0.000225305309868,0.00124784361105,-0.00105617963709,0.00103795097675,0.000453820946859,-0.00187935645226,0.00164831895381,-0.000845846370794,-0.00420495029539,0.0124652758241,-0.00443399790674,0.000653572380543,0.000599130697083],[0.000309941358864,-0.00133176171221,0.00137864716817,-0.000681199249811,0.000809398363344,0.000858105602674,-0.00188298686408,0.000106430132291,0.000431567750638,-0.00443399790674,0.0141465244815,-0.00544943707064,0.00330155552365],[0.0000873627650435,0.000515803636517,-0.000829874596093,0.00067513337126,0.0000754501670599,-0.00129921594635,0.00181983911898,-0.00231358478777,0.00308633456007,0.000653572380543,-0.00544943707064,0.0150502789766,-0.00646086782217],[0.0000953212947934,0.0000835593018564,0.000332141091349,-0.000415891583543,0.000910889881197,0.000822352827527,0.000557878986001,0.00183942797594,-0.00216120202094,0.000599130697083,0.00330155552365,-0.00646086782217,0.0160867776722]],"mean":[-116.882705688,132.155548096,-80.0531768799,35.8959197998,-42.6538963318,5.78982782364,-32.036403656,0.254488259554,-19.6144714355,-4.90260219574,-8.60904598236,-10.7438201904,-15.0226793289]},"hfc":{"dmean":3.21545481682,"dmean2":4.15385627747,"dvar":50.2060813904,"dvar2":95.4993591309,"max":239.507736206,"mean":11.172077179,"median":7.25776863098,"min":1.14114978572e-16,"var":201.463165283},"melbands":{"dmean":[0.000560356304049,0.00148550432641,0.000897064048331,0.000317348749377,0.000234626670135,0.000229960758588,0.000254043756286,0.000167835736647,0.000144811041537,0.0000867514609126,0.0000564038964512,0.0000362150567526,0.0000248483811447,0.0000220449674089,0.0000191815706785,0.0000204128427868,0.0000145601061377,0.0000112271482067,0.00000701229009792,0.00000449903564004,0.00000324254938278,0.00000332861031893,0.0000042059145926,0.00000249674167208,0.00000196701444111,0.00000245420142164,0.00000205458127311,0.00000100688066595,6.73043700772e-7,5.79748927976e-7,4.89161834594e-7,5.98127769535e-7,4.10537040807e-7,3.48635580849e-7,3.45781785427e-7,3.17813601214e-7,2.10499564446e-7,1.69455276477e-7,1.55996161766e-7,1.26000969658e-7],"dmean2":[0.000831835903227,0.00195104221348,0.00112458749209,0.000450659339549,0.000315151381074,0.000329258589773,0.000373449642211,0.000253528065514,0.00021953965188,0.00013407174265,0.0000839485219331,0.0000551658013137,0.000039940183342,0.0000328222049575,0.0000298536251648,0.0000314432145387,0.0000222438775381,0.0000173395892489,0.0000108331050797,0.0000067146861511,0.00000513525628776,0.00000504248646394,0.00000645381351205,0.00000377595483769,0.00000305972685055,0.00000370388283955,0.00000292908885058,0.00000153696271354,0.00000103638126348,8.74618706348e-7,7.09656035269e-7,9.28555834889e-7,6.02835768859e-7,5.25490634118e-7,4.99272005072e-7,4.65787138637e-7,2.99125332504e-7,2.3636602009e-7,2.21626962116e-7,1.77011244773e-7],"dvar":[0.00000132953664433,0.00000802902377472,0.00000198144812202,4.34268969229e-7,4.53032242831e-7,3.30976376972e-7,4.43881305046e-7,3.93365269247e-7,3.93106574847e-7,1.3234247831e-7,4.75536907629e-8,1.410363204e-8,1.46998413442e-8,8.23493628843e-9,3.82781006891e-9,6.88532741933e-9,2.95437496689e-9,1.71139125094e-9,1.93032589912e-9,7.72869657162e-10,2.38739555902e-10,8.75369776665e-11,4.09961842252e-10,4.30834173892e-10,7.72835295759e-10,2.98324781545e-10,8.42634712006e-11,1.3777645691e-11,9.64148812871e-12,9.54710876327e-12,8.64621568786e-12,6.33710375841e-11,8.98305908825e-12,4.71727084478e-12,5.87169982774e-12,6.4597233812e-12,2.51693999843e-12,1.46219581582e-12,1.38195715722e-12,1.21033207328e-12],"dvar2":[0.000002962340659,0.0000134200618049,0.00000325193400386,8.30528165352e-7,6.7341011345e-7,6.94366178777e-7,9.67914502326e-7,0.00000103501179183,9.85454676083e-7,3.16645298426e-7,1.04499122244e-7,3.3267514965e-8,4.08205309554e-8,1.58223141256e-8,8.91988349849e-9,1.60505138069e-8,6.45830455781e-9,3.51364537465e-9,4.93678653513e-9,1.75267333979e-9,6.20031581633e-10,1.94725915947e-10,9.49015976914e-10,1.00438191097e-9,1.87344828539e-9,7.4208178491e-10,1.94039798118e-10,3.26914363635e-11,2.12354890616e-11,2.30755310693e-11,1.73738749082e-11,1.88684581848e-10,2.16932617703e-11,1.02332881752e-11,1.2206267247e-11,1.53470743058e-11,4.12469494324e-12,2.00402411679e-12,2.27317101774e-12,2.31856916479e-12],"max":[0.0182795524597,0.0363754592836,0.0273432079703,0.0165530126542,0.0292654205114,0.0129378028214,0.0191025119275,0.0160996839404,0.0180155765265,0.0124553646892,0.0070463209413,0.0025275836233,0.00427092891186,0.00471108825877,0.00124910764862,0.00327561818995,0.00211330247112,0.00177706149407,0.00186395272613,0.00147703487892,0.000491680868436,0.000226067029871,0.000853615056258,0.00120899581816,0.0017776748864,0.000805874413345,0.000291768810712,0.000110759014206,0.000136482834932,0.0000841848886921,0.00013008028327,0.000460155861219,0.000131983702886,0.0000730231477064,0.000134250731207,0.000124356665765,0.0000898983926163,0.000055809297919,0.0000520813846379,0.0000474139524158],"mean":[0.00122691504657,0.00451758084819,0.00308673037216,0.00086443638429,0.000559501117095,0.00044587434968,0.000460802286398,0.000279739673715,0.000210822559893,0.000136529750307,0.000100449549791,0.0000671241432428,0.0000404132006224,0.0000420036631112,0.0000336478187819,0.000034798089473,0.0000257638803305,0.0000174477027031,0.0000107335217763,0.00000703903015165,0.00000515301417181,0.000005640926247,0.00000660716750644,0.000003610400654,0.00000255745499089,0.00000355000952368,0.0000034129902815,0.0000017452953216,0.00000106512766251,8.09860239315e-7,6.42478312329e-7,6.9114668122e-7,5.64235165257e-7,5.40805615401e-7,4.96592065247e-7,4.36910511326e-7,3.31120105557e-7,2.77673507298e-7,2.26001560577e-7,1.7415477771e-7],"median":[0.000445480109192,0.00223369942978,0.00173540250398,0.000285571208224,0.000138696515933,0.000119673306472,0.0000763346542954,0.0000252909285337,0.0000207230841625,0.0000129008503791,0.00000619165894022,0.00000458108524981,0.00000292769050247,0.00000317092803925,0.00000275161323771,0.00000241432599069,0.00000205522633223,0.0000013610907672,9.21155958622e-7,7.66314940392e-7,5.36505467608e-7,6.32403612144e-7,8.26723749014e-7,5.60663295346e-7,2.9853720207e-7,3.93509850483e-7,4.15525477138e-7,2.08428829751e-7,9.79791465738e-8,7.58569740356e-8,4.7313914564e-8,3.89184116045e-8,3.86033391919e-8,4.46216041894e-8,3.44092434545e-8,2.23294733814e-8,1.95543901071e-8,1.41707632295e-8,1.09283853078e-8,7.84513520813e-9],"min":[1.86823466937e-23,2.52657617124e-23,8.97420235351e-24,1.26612072736e-23,8.4992994111e-24,8.37032538626e-24,1.91524541507e-23,4.56156215203e-24,8.60797683371e-24,7.6285247672e-24,9.36845136812e-24,2.19232097512e-23,1.27639122303e-23,5.78468901342e-24,7.89327989763e-24,4.17479863856e-24,6.20058989329e-24,1.21550031193e-23,8.16896154046e-24,1.13392034031e-23,1.08702295392e-23,1.77075212965e-23,6.58051516601e-24,6.50520695412e-24,9.21282015557e-24,1.15790092296e-23,1.10285736444e-23,1.14348669873e-23,8.52687009974e-24,7.41816238505e-24,1.11975610609e-23,1.14156298253e-23,7.38076958928e-24,7.74584494989e-24,8.94310861207e-24,1.31266920057e-23,1.13369346391e-23,6.92926110587e-24,6.5223982054e-24,1.12324563231e-23],"var":[0.00000342823591382,0.0000320656363328,0.0000135533009598,0.00000298645363728,0.00000205685341825,9.01865348624e-7,0.00000129258569359,7.55830797061e-7,5.27177689946e-7,2.2951377332e-7,1.10227233563e-7,3.84865828096e-8,2.50300988824e-8,3.67760648601e-8,9.96932847386e-9,1.48577861125e-8,6.99457869402e-9,3.00109936902e-9,2.45268405585e-9,1.14850007282e-9,3.47275291857e-10,1.80786982606e-10,5.89981064003e-10,4.49411924341e-10,6.80739131731e-10,3.11763781458e-10,1.34606062407e-10,2.57161514305e-11,2.12593154886e-11,1.58132708317e-11,1.60718695297e-11,6.28415375292e-11,1.50338890642e-11,9.53181457375e-12,1.18391537893e-11,1.1892532098e-11,6.82100122912e-12,4.59552361443e-12,3.55407912302e-12,2.35307715153e-12]},"melbands_crest":{"dmean":2.87289524078,"dmean2":4.44062566757,"dvar":9.89620685577,"dvar2":21.6468582153,"max":37.3661804199,"mean":19.6910991669,"median":19.6660881042,"min":2.41275334358,"var":45.9373970032},"melbands_flatness_db":{"dmean":0.0316406227648,"dmean2":0.0408153086901,"dvar":0.00144324311987,"dvar2":0.00238636182621,"max":0.682860016823,"mean":0.351301759481,"median":0.34136685729,"min":0.00574378436431,"var":0.0133022898808},"melbands_kurtosis":{"dmean":23.2775039673,"dmean2":35.8634605408,"dvar":1962.11376953,"dvar2":4516.88427734,"max":631.142944336,"mean":47.3581542969,"median":22.8753890991,"min":-1.63703143597,"var":4849.59228516},"melbands_skewness":{"dmean":1.12595033646,"dmean2":1.68791162968,"dvar":2.16610121727,"dvar2":4.97071361542,"max":19.4642982483,"mean":3.82029557228,"median":3.30840826035,"min":-0.853194832802,"var":7.07096147537},"melbands_spread":{"dmean":3.21154284477,"dmean2":4.83616304398,"dvar":74.1234207153,"dvar2":153.936050415,"max":216.619064331,"mean":8.68350028992,"median":4.51512527466,"min":0.258605659008,"var":165.683349609},"mfcc":{"cov":[[14396.0214844,1742.29797363,-1800.53735352,-425.077301025,-861.614685059,-584.850952148,-504.732757568,-126.857032776,-377.1824646,290.512054443,-77.0255050659,-19.0704212189,-44.27734375],[1742.29797363,2141.11767578,30.4943466187,-41.0949440002,19.1436309814,-22.4656410217,113.474571228,78.0709152222,-83.8278579712,9.4793510437,30.5431671143,-2.27548074722,17.1932735443],[-1800.53735352,30.4943466187,995.79486084,403.982757568,302.204467773,233.683288574,178.840911865,37.8080291748,80.4950790405,-98.8117904663,-24.6601982117,-2.07051920891,-3.92357158661],[-425.077301025,-41.0949440002,403.982757568,630.309997559,324.114379883,107.482322693,33.0840911865,23.9085826874,55.0467948914,-15.5608205795,-38.6623535156,-35.086517334,3.13722801208],[-861.614685059,19.1436309814,302.204467773,324.114379883,415.484466553,131.942810059,-1.22610747814,0.508660316467,52.3199768066,-3.32269954681,-19.580286026,-25.3024616241,3.8542675972],[-584.850952148,-22.4656410217,233.683288574,107.482322693,131.942810059,231.280212402,127.883110046,44.5326194763,58.1280860901,-10.4619293213,27.8896217346,9.41681575775,-6.85755443573],[-504.732757568,113.474571228,178.840911865,33.0840911865,-1.22610747814,127.883110046,329.964385986,159.312347412,38.946598053,9.9979133606,67.3215179443,41.8354873657,17.0074253082],[-126.857032776,78.0709152222,37.8080291748,23.9085826874,0.508660316467,44.5326194763,159.312347412,198.204238892,55.4443321228,25.4439182281,48.7794265747,17.7747631073,27.1118183136],[-377.1824646,-83.8278579712,80.4950790405,55.0467948914,52.3199768066,58.1280860901,38.946598053,55.4443321228,154.087661743,44.400062561,23.9432373047,20.262840271,3.37509012222],[290.512054443,9.4793510437,-98.8117904663,-15.5608205795,-3.32269954681,-10.4619293213,9.9979133606,25.4439182281,44.400062561,174.282592773,74.3712539673,21.8741016388,9.2353181839],[-77.0255050659,30.5431671143,-24.6601982117,-38.6623535156,-19.580286026,27.8896217346,67.3215179443,48.7794265747,23.9432373047,74.3712539673,137.764587402,66.0302505493,15.8435659409],[-19.0704212189,-2.27548074722,-2.07051920891,-35.086517334,-25.3024616241,9.41681575775,41.8354873657,17.7747631073,20.262840271,21.8741016388,66.0302505493,111.722824097,28.8229618073],[-44.27734375,17.1932735443,-3.92357158661,3.13722801208,3.8542675972,-6.85755443573,17.0074253082,27.1118183136,3.37509012222,9.2353181839,15.8435659409,28.8229618073,93.2789306641]],"icov":[[0.000137496841489,-0.000125948397908,0.000197710542125,-0.000217441978748,0.000334596610628,-0.000154330366058,0.00023015300394,-0.000121762888739,0.000236573265283,-0.000292844575597,0.000293024844723,-0.000208195197047,0.000107361927803],[-0.000125948397908,0.000621824059635,-0.00023168772168,0.000304394838167,-0.000484594289446,0.000331914809067,-0.000391467678128,-0.0000791965503595,0.000175357839908,0.000181682655239,-0.000318153644912,0.000251293153269,-0.000103507001768],[0.000197710542125,-0.00023168772168,0.00223736464977,-0.00107990321703,-0.0000355650336132,-0.000917995814234,-0.000671945977956,0.000580980966333,-0.000322580541251,0.000699848402292,0.000417466944782,-0.000404358957894,0.000151036205352],[-0.000217441978748,0.000304394838167,-0.00107990321703,0.00341192050837,-0.00247934507206,0.000730953761376,-0.00041867105756,-0.000242686510319,-0.000380397541448,0.0000762203999329,0.000109186104964,0.000640897313133,-0.000226804084377],[0.000334596610628,-0.000484594289446,-0.0000355650336132,-0.00247934507206,0.00594045640901,-0.00274243578315,0.00211274437606,-0.000476726592751,0.000378690834623,-0.00130591797642,0.000854839861859,-0.000095168419648,-0.000363882951206],[-0.000154330366058,0.000331914809067,-0.000917995814234,0.000730953761376,-0.00274243578315,0.0086511624977,-0.00355785433203,0.00153432355728,-0.00223617558368,0.00152515654918,-0.0021090649534,0.00110328092705,0.000701656623278],[0.00023015300394,-0.000391467678128,-0.000671945977956,-0.00041867105756,0.00211274437606,-0.00355785433203,0.00793094374239,-0.00542320078239,0.0019017761806,-0.000896553101484,-0.0000381167847081,-0.00171866640449,0.000506085343659],[-0.000121762888739,-0.0000791965503595,0.000580980966333,-0.000242686510319,-0.000476726592751,0.00153432355728,-0.00542320078239,0.0104603916407,-0.00359573704191,0.00110449851491,-0.00232492689975,0.00243617850356,-0.00226677581668],[0.000236573265283,0.000175357839908,-0.000322580541251,-0.000380397541448,0.000378690834623,-0.00223617558368,0.0019017761806,-0.00359573704191,0.00999574549496,-0.00347416871227,0.00201468775049,-0.0025340274442,0.00102062511723],[-0.000292844575597,0.000181682655239,0.000699848402292,0.0000762203999329,-0.00130591797642,0.00152515654918,-0.000896553101484,0.00110449851491,-0.00347416871227,0.00987751502544,-0.0062542045489,0.00228194147348,-0.000632166163996],[0.000293024844723,-0.000318153644912,0.000417466944782,0.000109186104964,0.000854839861859,-0.0021090649534,-0.0000381167847081,-0.00232492689975,0.00201468775049,-0.0062542045489,0.0156387779862,-0.00780181353912,0.00100473407656],[-0.000208195197047,0.000251293153269,-0.000404358957894,0.000640897313133,-0.000095168419648,0.00110328092705,-0.00171866640449,0.00243617850356,-0.0025340274442,0.00228194147348,-0.00780181353912,0.0148860653862,-0.00390223623253],[0.000107361927803,-0.000103507001768,0.000151036205352,-0.000226804084377,-0.000363882951206,0.000701656623278,0.000506085343659,-0.00226677581668,0.00102062511723,-0.000632166163996,0.00100473407656,-0.00390223623253,0.0124985333532]],"mean":[-758.333374023,160.913787842,23.7175045013,35.4974784851,13.7999858856,8.09921836853,3.59331965446,3.06123352051,-7.42398548126,4.26328372955,0.632472872734,0.0597768425941,-1.14951622486]},"pitch_salience":{"dmean":0.0709606707096,"dmean2":0.109419710934,"dvar":0.0052434829995,"dvar2":0.0119418064132,"max":0.932582616806,"mean":0.445708960295,"median":0.45252135396,"min":0.0739676952362,"var":0.0193518474698},"silence_rate_20dB":{"dmean":0,"dmean2":0,"dvar":0,"dvar2":0,"max":1,"mean":1,"median":1,"min":1,"var":0},"silence_rate_30dB":{"dmean":0.0129217514768,"dmean2":0.0258481428027,"dvar":0.0127555560321,"dvar2":0.0316448882222,"max":1,"mean":0.986362814903,"median":1,"min":0,"var":0.0134508879855},"silence_rate_60dB":{"dmean":0.0455850698054,"dmean2":0.0911865010858,"dvar":0.0435047857463,"dvar2":0.0907596424222,"max":1,"mean":0.13744841516,"median":0,"min":0,"var":0.118555240333},"spectral_centroid":{"dmean":143.579483032,"dmean2":205.32258606,"dvar":93188.5625,"dvar2":165329.984375,"max":10996.4179688,"mean":627.831359863,"median":420.793914795,"min":96.5974960327,"var":486134},"spectral_complexity":{"dmean":1.83991384506,"dmean2":2.67456459999,"dvar":5.8676199913,"dvar2":9.99779701233,"max":52,"mean":9.11483955383,"median":7,"min":0,"var":49.5378227234},"spectral_contrast_coeffs":{"dmean":[0.0442077331245,0.0463231317699,0.0354368053377,0.0288760401309,0.0211412515491,0.0161627009511],"dmean2":[0.06910071522,0.0724375545979,0.0563881509006,0.0452695414424,0.0321620889008,0.0243568923324],"dvar":[0.00156421982683,0.00157450744882,0.000885922694579,0.000613604439422,0.000384868850233,0.000268122152193],"dvar2":[0.00385975977406,0.00371624645777,0.00216005160473,0.0013688900508,0.000826911535114,0.00057216809364],"max":[-0.258568912745,-0.333784431219,-0.461109519005,-0.573165297508,-0.60804438591,-0.652543842793],"mean":[-0.577072799206,-0.690810024738,-0.784418702126,-0.7933614254,-0.806485831738,-0.807700097561],"median":[-0.568452656269,-0.686381876469,-0.791551589966,-0.794023871422,-0.805164575577,-0.80770277977],"min":[-0.98971426487,-0.972194075584,-0.973041057587,-0.984390974045,-0.961618304253,-0.957518160343],"var":[0.0111971441656,0.0101302275434,0.00665327487513,0.00468700937927,0.00302598509006,0.00194740947336]},"spectral_contrast_valleys":{"dmean":[0.394544452429,0.396849006414,0.353151202202,0.302953094244,0.268886327744,0.211232572794],"dmean2":[0.617455601692,0.602552354336,0.526964306831,0.430025935173,0.362941652536,0.284754574299],"dvar":[0.176174789667,0.164421439171,0.137592732906,0.11246111244,0.121288083494,0.0993786305189],"dvar2":[0.348186582327,0.305431723595,0.229436904192,0.173310920596,0.175444692373,0.147528573871],"max":[-5.32952213287,-4.96008491516,-4.92769908905,-5.71045684814,-5.58256196976,-7.335272789],"mean":[-7.72194433212,-7.71844005585,-8.59016799927,-9.01914691925,-9.0420923233,-11.5733499527],"median":[-7.33812379837,-7.37899684906,-8.31690311432,-8.78485965729,-8.81115531921,-11.4833641052],"min":[-27.1301822662,-27.4629459381,-26.9168586731,-27.2838973999,-27.4173355103,-27.2430953979],"var":[3.8719894886,3.56960272789,3.24705886841,2.92275881767,2.63439512253,1.95267820358]},"spectral_decrease":{"dmean":2.36509634099e-9,"dmean2":3.03113045774e-9,"dvar":1.06488924226e-17,"dvar2":1.77924399091e-17,"max":4.16464659643e-17,"mean":-9.16564779629e-9,"median":-8.92503759786e-9,"min":-5.18584890585e-8,"var":5.14031440075e-17},"spectral_energy":{"dmean":0.00915698055178,"dmean2":0.0117261111736,"dvar":0.000159674003953,"dvar2":0.000268055329798,"max":0.209539219737,"mean":0.0356065109372,"median":0.0346990935504,"min":1.02994204851e-20,"var":0.000776118715294},"spectral_energyband_high":{"dmean":0.0000951416805037,"dmean2":0.00012946879724,"dvar":3.1004134371e-7,"dvar2":5.86848955209e-7,"max":0.0295001696795,"mean":0.000162993863341,"median":0.0000158664934133,"min":7.48281314606e-21,"var":8.06934849606e-7},"spectral_energyband_low":{"dmean":0.00631950423121,"dmean2":0.00822229404002,"dvar":0.000110169923573,"dvar2":0.000181330513442,"max":0.117593802512,"mean":0.0213336348534,"median":0.01325792633,"min":1.27043486566e-22,"var":0.000467021513032},"spectral_energyband_middle_high":{"dmean":0.000910778995603,"dmean2":0.00125998770818,"dvar":0.00000592710011915,"dvar2":0.0000120806344057,"max":0.056209884584,"mean":0.00233862921596,"median":0.000433348090155,"min":1.55832173916e-21,"var":0.0000229775232583},"spectral_energyband_middle_low":{"dmean":0.00490810489282,"dmean2":0.00643650768325,"dvar":0.0000576157290197,"dvar2":0.000113622372737,"max":0.184546500444,"mean":0.0165315419436,"median":0.0112564815208,"min":2.73624975161e-22,"var":0.000310872681439},"spectral_entropy":{"dmean":0.232799500227,"dmean2":0.304942220449,"dvar":0.0773344859481,"dvar2":0.129523426294,"max":9.78727626801,"mean":6.6038608551,"median":6.68446826935,"min":4.04775953293,"var":0.712864518166},"spectral_flux":{"dmean":0.0246054902673,"dmean2":0.0397030450404,"dvar":0.000950360496063,"dvar2":0.00238013081253,"max":0.350493192673,"mean":0.0619300939143,"median":0.0533695705235,"min":1.01486062609e-10,"var":0.001907137339},"spectral_kurtosis":{"dmean":3.79358172417,"dmean2":6.01481771469,"dvar":16.4213619232,"dvar2":37.148273468,"max":78.9143981934,"mean":11.277340889,"median":8.75966835022,"min":-1.15205228329,"var":78.9387130737},"spectral_rms":{"dmean":0.00080586882541,"dmean2":0.000990294152871,"dvar":0.00000103018646769,"dvar2":0.00000144339571762,"max":0.0142978494987,"mean":0.00524857966229,"median":0.00581831391901,"min":3.1698920832e-12,"var":0.00000719034369467},"spectral_rolloff":{"dmean":191.429260254,"dmean2":321.078521729,"dvar":447287.09375,"dvar2":950232.125,"max":21339.4042969,"mean":983.726379395,"median":301.46484375,"min":86.1328125,"var":9830728},"spectral_skewness":{"dmean":0.394374608994,"dmean2":0.591901063919,"dvar":0.149642646313,"dvar2":0.302114963531,"max":7.4998459816,"mean":2.49372005463,"median":2.30159497261,"min":-0.24523255229,"var":1.04146373272},"spectral_spread":{"dmean":473564.71875,"dmean2":674694.5,"dvar":477332963328,"dvar2":765292314624,"max":39945188,"mean":3759761.25,"median":3142384.75,"min":1054368.375,"var":4569329303550},"spectral_strongpeak":{"dmean":0.29699280858,"dmean2":0.467571616173,"dvar":0.281948357821,"dvar2":0.694782078266,"max":7.99262714386,"mean":0.809352755547,"median":0.630316197872,"min":0,"var":0.618122756481},"zerocrossingrate":{"dmean":0.00602736417204,"dmean2":0.00698195723817,"dvar":0.000126183964312,"dvar2":0.000150308856973,"max":0.59130859375,"mean":0.0352468453348,"median":0.01806640625,"min":0.00390625,"var":0.00662751263008}},"metadata":{"audio_properties":{"analysis_sample_rate":44100,"bit_rate":0,"codec":"flac","downmix":"mix","equal_loudness":0,"length":129.36000061,"lossless":true,"md5_encoded":"cfd4f44bac85c993217de0e148ca986d","replay_gain":-11.5398921967,"sample_rate":44100},"tags":{"acoustid_id":["a813cacc-35dd-4338-914a-fd5fbcdaa473"],"album":["Smiley Smile / Wild Honey"],"albumartist":["The Beach Boys"],"albumartistsort":["Beach Boys, The"],"artist":["The Beach Boys"],"artistsort":["Beach Boys, The"],"asin":["B00005ABX0"],"barcode":["724353186227"],"catalognumber":["5 31862 2"],"composer":["Brian Wilson","Van Dyke Parks"],"date":["2001"],"discnumber":["1"],"disctotal":["1"],"file_name":"02 - Vegetables.flac","genre":["Pop"],"isrc":["USCA20100356"],"label":["Capitol Records"],"media":["CD"],"musicbrainz_albumartistid":["ebfc1398-8d96-47e3-82c3-f782abcdb13d"],"musicbrainz_albumid":["2fcb8fcd-5aa6-3404-b6e0-218b76ccd976"],"musicbrainz_artistid":["ebfc1398-8d96-47e3-82c3-f782abcdb13d"],"musicbrainz_recordingid":["e68c9d33-5995-44ec-9da1-26af3be2ba27"],"musicbrainz_releasegroupid":["999d6763-df27-3f07-b3a8-945ba5dc2ff4"],"musicbrainz_workid":["48d7e51e-900a-3e46-a778-e02d4c71a1ca"],"originaldate":["1990"],"performer":["Paul McCartney (guest)","Al Jardine (lead vocals vocal)"],"producer":["The Beach Boys"],"releasecountry":["US"],"releasestatus":["official"],"releasetype":["album"],"script":["Latn"],"title":["Vegetables"],"tracknumber":["2"],"tracktotal":["28"]},"version":{"essentia":"2.1-beta2","essentia_build_sha":"2d9f1f26377add8aeb1075a9c2973f962c4f09fd","essentia_git_sha":"v2.1_beta2-1-ge3940c0","extractor":"music 1.0"}},"rhythm":{"beats_count":319,"beats_loudness":{"dmean":0.0196718927473,"dmean2":0.0346759185195,"dvar":0.000416099413997,"dvar2":0.00123570905998,"max":0.166880100965,"mean":0.0606378428638,"median":0.0608000010252,"min":8.36007207905e-10,"var":0.000848250114359},"beats_loudne