{"lowlevel":{"average_loudness":0.971197485924,"barkbands":{"dmean":[0.000193380197743,0.00230475189164,0.00218654097989,0.000809448538348,0.00199822592549,0.000546991068404,0.000545838556718,0.000457500544144,0.00031457823934,0.000308679591399,0.000233802333241,0.000289770163363,0.000253333884757,0.000549470540136,0.000632502138615,0.000747844169382,0.000741217983887,0.000466612400487,0.000253862788668,0.000131156208226,0.0000713855260983,0.0000503490882693,0.0000443673416157,0.0000250424072874,0.0000222229737119,0.0000127540370158,0.00000217119236368],"dmean2":[0.00027548201615,0.00403516599908,0.00379848945886,0.00136134994682,0.00340800988488,0.000932012975682,0.000849864445627,0.000723914068658,0.000503639515955,0.000485125085106,0.000369639892597,0.000460244424175,0.000407317216741,0.000870534335263,0.00098868238274,0.00116543320473,0.00119032652583,0.000727897451725,0.000405031867558,0.000215448148083,0.00011667914805,0.0000792006321717,0.000067939326982,0.0000365066698578,0.0000310905124934,0.0000192455463548,0.00000337558185493],"dvar":[1.30811315557e-7,0.000021921865482,0.0000206220665859,0.00000110424923605,0.0000128020237753,9.2434254384e-7,0.00000113603618956,0.00000139989356285,8.0775475908e-7,8.60103966716e-7,3.8927473156e-7,7.51841696456e-7,3.97538741481e-7,8.71833890415e-7,0.0000014241838926,0.00000133806395297,0.0000012035434338,5.13657766987e-7,1.38866553812e-7,4.71913459421e-8,1.3447124303e-8,5.42722933261e-9,8.36941271842e-9,7.34230320987e-9,1.88036075599e-8,1.87323334622e-9,3.82142199828e-11],"dvar2":[2.47760027605e-7,0.0000590823874518,0.0000567146198591,0.00000301265913549,0.0000342013081536,0.00000249692220677,0.00000273144382845,0.00000312019187731,0.00000204646880775,0.00000201358716367,8.8533596454e-7,0.00000195587153939,9.5087864338e-7,0.0000019829158191,0.00000321974039252,0.00000308904168378,0.00000310789664582,0.00000116712101317,3.23198236174e-7,1.16592140387e-7,3.45479769237e-8,1.31168986783e-8,1.78933561301e-8,1.36895685898e-8,3.8528554569e-8,3.40850103697e-9,7.27441995529e-11],"max":[0.00282471720129,0.0377745777369,0.0540483221412,0.0128210503608,0.0335414484143,0.0170570462942,0.0229021441191,0.0243856720626,0.0185479782522,0.0252340212464,0.0148195568472,0.0332182273269,0.0140706235543,0.0327075496316,0.0289650261402,0.0239017438143,0.0251696072519,0.0153175601736,0.00814899243414,0.00355964619666,0.00190110888798,0.000862912682351,0.00384327233769,0.00249480386265,0.00653453636914,0.00136047112755,0.000212071929127],"mean":[0.000197985384148,0.00246220245026,0.00291665014811,0.0014515016228,0.0026653171517,0.000807926116977,0.00099034444429,0.000671312503982,0.000476859539049,0.000533119193278,0.000395954557462,0.000524680304807,0.000432922999607,0.0010142660467,0.00119136180729,0.00166148843709,0.00166559382342,0.00115557864774,0.000625319895335,0.000262173649389,0.000153720582603,0.000098887780041,0.0000926974389586,0.0000547045128769,0.0000428724670201,0.0000181611230801,0.0000031276399568],"median":[0.0000196462606254,0.000868587871082,0.00169494946022,0.00108172371984,0.00153652240988,0.000474323460367,0.000406865146942,0.000194806867512,0.000166963989614,0.000218935252633,0.000137652212288,0.000271335535217,0.000234900944633,0.000654299277812,0.000593976001255,0.00092950835824,0.00107087893412,0.000658073520754,0.000393914582673,0.000152615597472,0.000112793924927,0.0000649283610983,0.0000628843190498,0.0000305284120259,0.0000183458614629,0.00000702297074895,0.00000145697003973],"min":[3.23557216733e-25,2.15816665058e-24,4.98742516184e-24,3.24221989818e-24,7.37996100685e-24,8.15154743597e-24,1.98404781219e-23,5.13428581884e-24,2.14437637588e-23,3.95363138636e-23,3.35416494043e-23,2.86568806842e-23,4.87885320994e-23,4.0435561653e-23,6.28157885033e-23,7.02091885445e-23,1.06556566909e-22,1.22332939354e-22,1.67688869442e-22,2.21840762707e-22,2.86138151897e-22,3.46589509697e-22,5.20685456924e-22,6.07315309014e-22,1.03129298228e-21,1.50119276057e-21,2.07991434826e-21],"var":[1.75022549342e-7,0.0000193036867131,0.0000170247094502,0.00000179224446129,0.0000121342282,0.00000106866286842,0.00000262583944277,0.00000279320988739,0.00000123833228827,0.00000196414816855,0.00000103799857243,0.00000167031691944,6.13876466105e-7,0.00000181167933988,0.00000356454847861,0.00000472236570204,0.00000328692453877,0.00000192537231669,4.54287288676e-7,1.04491931552e-7,1.88952231639e-8,9.77662928392e-9,1.52615324822e-8,1.70001008826e-8,3.53848008672e-8,3.97949095898e-9,6.90657461777e-11]},"barkbands_crest":{"dmean":2.20280122757,"dmean2":3.70315217972,"dvar":4.08182764053,"dvar2":11.2309522629,"max":25.0606632233,"mean":7.62825012207,"median":7.08994340897,"min":2.511500597,"var":8.21420288086},"barkbands_flatness_db":{"dmean":0.0148043008521,"dmean2":0.023081080988,"dvar":0.000189293074072,"dvar2":0.000465853052447,"max":0.30465105176,"mean":0.100455388427,"median":0.0951181575656,"min":0.0286352075636,"var":0.00121984840371},"barkbands_kurtosis":{"dmean":0.910120785236,"dmean2":1.51218211651,"dvar":3.83639669418,"dvar2":9.20036888123,"max":111.273429871,"mean":0.0200814753771,"median":-1.01608538628,"min":-1.91832125187,"var":41.9438781738},"barkbands_skewness":{"dmean":0.45006236434,"dmean2":0.713573634624,"dvar":0.198268413544,"dvar2":0.491791039705,"max":9.32653903961,"mean":0.478911370039,"median":0.397343814373,"min":-2.25395750999,"var":0.957920789719},"barkbands_spread":{"dmean":4.89230251312,"dmean2":7.67029094696,"dvar":24.2566413879,"dvar2":57.2808647156,"max":146.135009766,"mean":33.4669456482,"median":33.6162834167,"min":2.51029157639,"var":109.592048645},"dissonance":{"dmean":0.00787301175296,"dmean2":0.0134867243469,"dvar":0.0000768521931604,"dvar2":0.000216159591218,"max":0.500000178814,"mean":0.484913498163,"median":0.489065229893,"min":0.322064071894,"var":0.000254186626989},"dynamic_complexity":2.32636189461,"erbbands":{"dmean":[0.0707819238305,0.537563204765,2.21814703941,2.57000374794,5.40280914307,6.96438980103,4.06784629822,4.3488907814,6.95571899414,8.5212392807,9.70363521576,7.1014957428,6.50104427338,10.7056045532,9.58633232117,11.5242433548,11.6603250504,26.498966217,26.2649612427,35.3375320435,40.4877891541,36.987033844,25.6616840363,16.1420879364,10.6798810959,5.84791326523,3.7166326046,2.42051315308,1.84786570072,1.61295473576,1.24868822098,0.654439151287,0.379600346088,0.286763608456,0.152031302452,0.0650495514274,0.0212713684887,0.00419699214399,0.000374356430257,0.0000186782035598],"dmean2":[0.115544393659,0.971096336842,3.83215522766,4.4015712738,9.33594512939,11.7546720505,6.81418895721,7.40176916122,10.7805976868,13.5753583908,15.1622219086,11.1886644363,10.4617919922,16.8190593719,15.2222156525,18.2245502472,18.4892158508,41.9914855957,41.5569381714,54.1360969543,63.7379875183,59.5892295837,40.0178718567,25.9193439484,16.9408035278,9.68597698212,6.1758441925,3.9353787899,2.92379784584,2.49980807304,1.93207037449,0.980573654175,0.537674427032,0.41494718194,0.217204451561,0.0966557040811,0.0321117937565,0.00641547841951,0.000570391479414,0.0000287346811092],"dvar":[0.0181402284652,1.39022254944,21.7912883759,17.1376361847,87.3006744385,156.062988281,37.3566207886,66.9758605957,188.323684692,395.576599121,730.591674805,375.342529297,509.720428467,1370.13562012,774.840209961,1124.32019043,790.920654297,2154.52978516,2166.44897461,4502.40283203,3890.0559082,2998.50976562,1572.84814453,434.1328125,372.27166748,91.4262695312,37.2900695801,15.795340538,8.04853916168,6.20513772964,8.13081645966,3.38988518715,2.62787008286,4.69677495956,0.621349513531,0.0536564067006,0.00527986139059,0.000182628136827,0.00000125257770378,1.07190978316e-9],"dvar2":[0.0400165095925,3.96154522896,60.0967330933,47.7331581116,233.306533813,421.69354248,101.398719788,180.474319458,446.792327881,944.501281738,1625.74829102,956.554138184,1321.50183105,3073.40161133,1966.69067383,2784.82568359,1731.38659668,4876.06103516,4965.29785156,9887.48242188,9009.42773438,7811.99707031,3599.39111328,1003.77539062,866.586669922,234.199813843,98.3161392212,40.4550094604,19.6249485016,14.31437397,17.6230812073,7.3322763443,4.34175157547,10.7508983612,1.19022464752,0.102862514555,0.00893870741129,0.000327882007696,0.00000234317599279,2.33150854179e-9],"max":[1.16476273537,9.83779525757,52.4335632324,52.3030357361,78.0064849854,149.256774902,88.083442688,143.849472046,266.746520996,447.493896484,665.141601562,523.764770508,508.278259277,989.086547852,975.663024902,1326.9284668,648.939025879,1835.84606934,933.075134277,1919.40490723,1648.73010254,1611.43310547,966.671813965,435.698852539,524.99029541,208.244766235,91.3199539185,73.9844665527,36.2536315918,46.8204994202,124.176216125,68.7064437866,61.1285820007,102.141075134,30.2848854065,8.81023597717,2.4164648056,0.528205692768,0.0401537418365,0.000789218931459],"mean":[0.0811832994223,0.547747910023,3.0143289566,4.44823408127,6.95354890823,9.65767383575,6.23424768448,6.43086957932,12.8987922668,13.4486351013,15.8585414886,11.4613933563,10.7115058899,20.0188617706,17.6991825104,22.498380661,22.8585910797,50.2821922302,52.9256629944,76.563583374,97.2382202148,90.2244186401,67.3486480713,44.5146179199,25.8065414429,12.2644777298,7.67181777954,4.99322605133,3.41467118263,3.29074478149,2.60641431808,1.40124225616,0.818712472916,0.544310510159,0.275510162115,0.0946644544601,0.030392287299,0.0059599597007,0.000545267714188,0.0000474596236018],"median":[0.0197239294648,0.25029861927,1.70656061172,3.34523057938,4.2121553421,5.38264322281,3.82823395729,3.72194266319,5.59211492538,5.42721891403,4.69668006897,4.41992282867,5.3221244812,6.36530685425,8.51025295258,11.0929412842,12.5630016327,33.4843444824,31.1802215576,41.3332901001,61.8727302551,64.3316268921,41.7690048218,30.6071586609,13.547952652,7.69645690918,5.50577926636,3.56795525551,2.07636141777,2.26358032227,1.74638032913,0.84554028511,0.438270807266,0.232316702604,0.112539470196,0.0376245826483,0.0117139769718,0.00253613875248,0.000256580591667,0.0000391830108128],"min":[5.43350983209e-23,4.7619769035e-22,5.7876736939e-21,1.11417367258e-20,1.65751614366e-20,2.53116540427e-20,5.0741649843e-20,4.47801268565e-20,2.03406504361e-19,2.84384849692e-19,2.28269382226e-19,5.46769590222e-19,1.30105677245e-18,7.50850505277e-19,1.12144473879e-18,1.33779961827e-18,3.00162916626e-18,2.31903207336e-18,3.37939862291e-18,5.27299433644e-18,4.60978118722e-18,6.20732172169e-18,7.65800336943e-18,7.40647098004e-18,8.52805758031e-18,1.02275291001e-17,1.06174703127e-17,1.00464559553e-17,1.22625613247e-17,1.15017710553e-17,1.49190344911e-17,1.16472042962e-17,1.11735416523e-17,9.8570547561e-18,6.40249705517e-18,4.56754493155e-18,2.79874575024e-18,1.05916000322e-18,2.70144832049e-19,3.00132048572e-20],"var":[0.0221418552101,0.992188036442,18.1681880951,17.9134540558,77.1781387329,159.852264404,49.2709655762,73.106338501,466.456329346,646.236633301,1753.53295898,582.046936035,594.234130859,3670.29003906,1475.84716797,3138.84838867,1484.06311035,4404.84814453,5054.64990234,12870.1835938,13538.1464844,8316.63671875,5352.80175781,2038.82421875,1119.56018066,177.478500366,49.7824249268,21.8271980286,13.1587629318,11.6812257767,14.3956451416,6.81384086609,6.33829069138,6.91615486145,1.41115784645,0.108183957636,0.0120772467926,0.000371647503925,0.00000225805524678,1.84884452192e-9]},"erbbands_crest":{"dmean":2.31009364128,"dmean2":3.72840094566,"dvar":4.54598808289,"dvar2":11.5463628769,"max":31.7915172577,"mean":9.16924095154,"median":8.19857501984,"min":2.32538414001,"var":16.8848838806},"erbbands_flatness_db":{"dmean":0.0160456821322,"dmean2":0.0231271088123,"dvar":0.000203192495974,"dvar2":0.000411978515331,"max":0.367322444916,"mean":0.162755012512,"median":0.158684641123,"min":0.0174450278282,"var":0.0014060275862},"erbbands_kurtosis":{"dmean":1.24016988277,"dmean2":1.96181106567,"dvar":2.06911206245,"dvar2":5.00045585632,"max":37.4004211426,"mean":1.83087313175,"median":0.961876273155,"min":-1.57798218727,"var":8.13920688629},"erbbands_skewness":{"dmean":0.293928354979,"dmean2":0.457822591066,"dvar":0.0700424239039,"dvar2":0.163592845201,"max":3.02053666115,"mean":-0.94521176815,"median":-0.915728926659,"min":-4.31104898453,"var":0.598181784153},"erbbands_spread":{"dmean":6.71299123764,"dmean2":10.6658744812,"dvar":40.3040008545,"dvar2":103.052368164,"max":147.073242188,"mean":28.7153987885,"median":26.9065666199,"min":3.00983119011,"var":181.320678711},"gfcc":{"cov":[[11666.7607422,137.591598511,-1667.71057129,284.467010498,-370.768951416,156.05696106,-279.452636719,106.762390137,-277.073883057,-125.504592896,-197.780410767,-30.5047626495,-136.854003906],[137.591598511,575.932800293,-200.473648071,14.4679079056,73.0554199219,-71.9176254272,71.917427063,16.1488933563,52.1983108521,0.629871368408,71.597366333,-20.6135845184,23.1183757782],[-1667.71057129,-200.473648071,634.038879395,38.3508911133,82.5222167969,79.5950088501,40.0995368958,-2.69638776779,49.3389816284,65.2335739136,-8.14581298828,56.1573219299,4.72321033478],[284.467010498,14.4679079056,38.3508911133,210.680633545,32.1073532104,27.8818130493,-11.2661294937,-14.2953271866,15.3668994904,-12.9942712784,-0.716720759869,13.2121572495,18.9799728394],[-370.768951416,73.0554199219,82.5222167969,32.1073532104,198.771331787,13.8355636597,17.9743499756,40.0095748901,42.5613594055,18.4929065704,12.3839139938,34.893913269,15.5568008423],[156.05696106,-71.9176254272,79.5950088501,27.8818130493,13.8355636597,157.633712769,57.8896484375,22.2106552124,4.73594427109,11.1471786499,-4.09871912003,12.3644742966,6.12325382233],[-279.452636719,71.917427063,40.0995368958,-11.2661294937,17.9743499756,57.8896484375,136.742141724,33.2760772705,6.80593585968,9.11770248413,20.7622776031,-8.97168159485,4.29364013672],[106.762390137,16.1488933563,-2.69638776779,-14.2953271866,40.0095748901,22.2106552124,33.2760772705,95.5640487671,35.1206703186,14.6157712936,14.5596218109,1.45000183582,-0.152783289552],[-277.073883057,52.1983108521,49.3389816284,15.3668994904,42.5613594055,4.73594427109,6.80593585968,35.1206703186,99.5772781372,38.5379104614,16.3675880432,11.4907636642,8.53612232208],[-125.504592896,0.629871368408,65.2335739136,-12.9942712784,18.4929065704,11.1471786499,9.11770248413,14.6157712936,38.5379104614,71.3051834106,25.5424823761,13.7565670013,-6.76368999481],[-197.780410767,71.597366333,-8.14581298828,-0.716720759869,12.3839139938,-4.09871912003,20.7622776031,14.5596218109,16.3675880432,25.5424823761,67.9959564209,9.6937456131,6.77644062042],[-30.5047626495,-20.6135845184,56.1573219299,13.2121572495,34.893913269,12.3644742966,-8.97168159485,1.45000183582,11.4907636642,13.7565670013,9.6937456131,63.5158653259,17.7425308228],[-136.854003906,23.1183757782,4.72321033478,18.9799728394,15.5568008423,6.12325382233,4.29364013672,-0.152783289552,8.53612232208,-6.76368999481,6.77644062042,17.7425308228,51.1709365845]],"icov":[[0.000418120762333,-0.000454675173387,0.00115184183232,-0.000973314512521,0.000762153533287,-0.00108845869545,0.00101198826451,-0.00150923943147,0.00147259561345,-0.00143941154238,0.00189616112038,-0.00136392179411,0.00117337494157],[-0.000454675173387,0.00390187394805,-0.0000304793466057,0.000744631048292,-0.00231980299577,0.00294459890574,-0.00369188538752,0.00318342470564,-0.00367032713257,0.00223111035302,-0.00449080578983,0.00242974073626,-0.00192060589325],[0.00115184183232,-0.0000304793466057,0.00574539694935,-0.00301825837232,0.00103349622805,-0.00296151987277,0.00116806523874,-0.00272248056717,0.00289823720232,-0.00551778357476,0.00562529778108,-0.00478792656213,0.00331992609426],[-0.000973314512521,0.000744631048292,-0.00301825837232,0.00791830569506,-0.00251021888107,0.000864128349349,-0.00110807816964,0.0049458257854,-0.00484229112044,0.00561125203967,-0.00513551244512,0.00321997911669,-0.00371734262444],[0.000762153533287,-0.00231980299577,0.00103349622805,-0.00251021888107,0.00872928742319,-0.00207057083026,0.00232912553474,-0.0058259810321,0.00223772483878,-0.00266106706113,0.00467007653788,-0.0058008232154,0.00197102641687],[-0.00108845869545,0.00294459890574,-0.00296151987277,0.000864128349349,-0.00207057083026,0.012537301518,-0.00773358531296,0.00292546837591,-0.00371219078079,0.00243651517667,-0.00369626283646,0.00218692165799,-0.00382911553606],[0.00101198826451,-0.00369188538752,0.00116806523874,-0.00110807816964,0.00232912553474,-0.00773358531296,0.0150227509439,-0.00710981991142,0.00586037570611,-0.00317468191497,0.00263592228293,-0.00033284255187,0.00198232801631],[-0.00150923943147,0.00318342470564,-0.00272248056717,0.0049458257854,-0.0058259810321,0.00292546837591,-0.00710981991142,0.0209715683013,-0.0111715821549,0.00634725717828,-0.00931053515524,0.00574999768287,-0.00303564616479],[0.00147259561345,-0.00367032713257,0.00289823720232,-0.00484229112044,0.00223772483878,-0.00371219078079,0.00586037570611,-0.0111715821549,0.0223814677447,-0.0136425718665,0.00863731652498,-0.00419320957735,0.00113722088281],[-0.00143941154238,0.00223111035302,-0.00551778357476,0.00561125203967,-0.00266106706113,0.00243651517667,-0.00317468191497,0.00634725717828,-0.0136425718665,0.0295622609556,-0.0151889342815,0.00199807365425,0.00187510752585],[0.00189616112038,-0.00449080578983,0.00562529778108,-0.00513551244512,0.00467007653788,-0.00369626283646,0.00263592228293,-0.00931053515524,0.00863731652498,-0.0151889342815,0.0303571876138,-0.0094789005816,0.00307723251171],[-0.00136392179411,0.00242974073626,-0.00478792656213,0.00321997911669,-0.0058008232154,0.00218692165799,-0.00033284255187,0.00574999768287,-0.00419320957735,0.00199807365425,-0.0094789005816,0.0268840622157,-0.0110535742715],[0.00117337494157,-0.00192060589325,0.00331992609426,-0.00371734262444,0.00197102641687,-0.00382911553606,0.00198232801631,-0.00303564616479,0.00113722088281,0.00187510752585,0.00307723251171,-0.0110535742715,0.0277873780578]],"mean":[12.0526437759,80.6231689453,-134.683013916,42.3819770813,-33.2782516479,6.57203054428,-46.2958908081,6.21906709671,-20.0374126434,-3.43080997467,-18.1539039612,-0.815022587776,-15.9339361191]},"hfc":{"dmean":6.123939991,"dmean2":9.2917470932,"dvar":50.2157402039,"dvar2":110.680854797,"max":124.395950317,"mean":25.98670578,"median":23.2438316345,"min":1.08552433798e-16,"var":218.15838623},"melbands":{"dmean":[0.000615139841102,0.000992821296677,0.000470294093248,0.000518540444318,0.000152740074554,0.0000985122314887,0.000109171640361,0.0000935649004532,0.0000815062303445,0.0000408331834478,0.0000330426446453,0.0000445342375315,0.0000327692978317,0.0000305525463773,0.0000295706122415,0.0000263350611931,0.000056555858464,0.0000420803007728,0.0000448998398497,0.0000521313850186,0.0000508853663632,0.000045654236601,0.000033646250813,0.0000206180593523,0.0000141426271512,0.00000903378258954,0.0000062831145442,0.00000374563251171,0.00000270015220849,0.00000189327829503,0.00000141956400057,0.000001185475071,9.43940847264e-7,9.29278655804e-7,8.0216710785e-7,5.77185119255e-7,3.7059211877e-7,2.87454298586e-7,2.46969250384e-7,2.60384666717e-7],"dmean2":[0.00104515987914,0.00172398227733,0.000802343420219,0.000888529000804,0.000257546518696,0.000167295642314,0.000169500897755,0.000149759536725,0.000126629398437,0.0000651444788673,0.0000531081605004,0.000069767345849,0.0000517175249115,0.0000483322219225,0.0000472840511065,0.0000422592274845,0.0000898390353541,0.000067145745561,0.0000697544455761,0.0000803521616035,0.0000809248813312,0.0000741302064853,0.000053508032579,0.0000322150226566,0.0000229682718782,0.0000144564392031,0.000010128127542,0.0000062806952883,0.00000452829863207,0.00000311375947604,0.00000233892842516,0.00000192303764379,0.00000148330127558,0.0000014521705225,0.00000126005693346,8.98170469554e-7,5.62698346585e-7,4.15516069552e-7,3.65911063227e-7,3.86649645634e-7],"dvar":[0.00000144214607189,0.00000456853604192,4.74638994774e-7,9.06194998151e-7,5.38752154e-8,3.2259713123e-8,4.54736905908e-8,4.91258766999e-8,5.07800805849e-8,1.37118822963e-8,1.29234045687e-8,2.38416308918e-8,7.84325049352e-9,6.81645540013e-9,9.88083037612e-9,3.50232709501e-9,1.00644479417e-8,5.96858562574e-9,9.0584997281e-9,7.25533588763e-9,6.17173068207e-9,5.23148591114e-9,2.445909697e-9,1.15355069941e-9,3.29561128387e-10,2.23952384415e-10,1.52359222461e-10,3.81400640237e-11,2.09047969907e-11,8.17313404455e-12,6.13881124753e-12,3.42640499307e-12,1.95255270286e-12,2.29764926703e-12,3.108132458e-12,2.30471045894e-12,1.11713513874e-12,1.28606673921e-12,1.82067859053e-12,5.14259251502e-12],"dvar2":[0.00000360462286153,0.0000127578887259,0.00000130076750793,0.00000242626902036,1.45819043951e-7,8.66483702566e-8,1.08153990652e-7,1.16631227343e-7,1.14850827515e-7,3.55406086783e-8,3.32268079717e-8,5.36034114873e-8,1.83693238398e-8,1.72034937407e-8,2.48784690626e-8,8.32182056598e-9,2.29351062586e-8,1.38565621199e-8,2.07423891396e-8,1.6301660466e-8,1.47751144652e-8,1.36915296878e-8,5.72780844976e-9,2.55346721545e-9,7.83327736009e-10,5.13205145047e-10,3.59158924823e-10,1.00886334009e-10,5.61416677036e-11,2.09443712373e-11,1.61200688215e-11,8.72305960103e-12,4.66852338038e-12,5.29408071201e-12,6.8997741548e-12,5.02544273556e-12,2.4556595906e-12,2.07775181608e-12,3.42047635875e-12,1.28016069967e-11],"max":[0.00902754534036,0.0214235074818,0.0081293117255,0.00896773952991,0.00276024616323,0.00321480468847,0.00427757250145,0.00436945538968,0.00550781935453,0.00319465762004,0.00247314153239,0.00431608175859,0.00276301684789,0.00276207388379,0.0049986327067,0.00157707137987,0.00406361697242,0.00171280477662,0.00205985829234,0.00191213027574,0.00198443187401,0.00149078841787,0.000996415736154,0.000847830728162,0.000416784605477,0.000420173775638,0.000339865568094,0.0000946973523241,0.0000720916723367,0.0000429922838521,0.0000535827093699,0.0000236288105953,0.0000151762078531,0.0000345672378899,0.0000736752626835,0.0000556008271815,0.0000373017137463,0.0000435993642895,0.0000574363912165,0.00011687928054],"mean":[0.000682694022544,0.00127260654699,0.000810469791759,0.000686590501573,0.000240346926148,0.000145923753735,0.000202099239687,0.00014114305668,0.000133427805849,0.0000632096707704,0.0000520292960573,0.0000810583878774,0.000057842447859,0.0000561199922231,0.000054687676311,0.0000478050569654,0.000100976059912,0.0000788962934166,0.0000871897791512,0.000113872280053,0.000112276036816,0.0000971036497504,0.0000747802041587,0.0000511436264787,0.0000347137502104,0.0000205889955396,0.0000134820502353,0.00000683843700244,0.00000485981490783,0.00000394925427827,0.0000025495310183,0.00000199579631044,0.00000176952016773,0.00000177830816028,0.0000015655793959,0.00000115755017305,7.4050188914e-7,5.83103997087e-7,4.90337811243e-7,4.49369338185e-7],"median":[0.000198469890165,0.000722988275811,0.000630714057479,0.000376349722501,0.000159197341418,0.0000839929271024,0.0000866096597747,0.0000566065828025,0.0000373695329472,0.0000246192939812,0.0000251033416134,0.0000257057290582,0.0000235089028138,0.0000322599880747,0.0000251510991802,0.0000279598498309,0.000066407774284,0.0000440078474639,0.0000438242423115,0.0000600494531682,0.0000682127501932,0.0000632611772744,0.0000485159107484,0.0000266616443696,0.0000239630899159,0.0000115673483378,0.0000058845625972,0.00000435303081758,0.00000320647586705,0.00000294136862067,0.00000170571752278,0.00000115319528504,0.0000011338074728,0.00000120625566069,0.00000100098020539,7.44224735172e-7,4.14404041749e-7,3.11023853783e-7,2.31711695164e-7,1.790758688e-7],"min":[7.3091152825e-25,2.33785082377e-24,2.11951522724e-24,1.74686778802e-24,1.89470170216e-24,1.02750000652e-24,3.38645995926e-24,3.35924938562e-24,2.22768994823e-24,3.31222735921e-24,5.74946795173e-24,2.64182476575e-24,4.22132604918e-24,3.33665917031e-24,4.67935565126e-24,4.24422668126e-24,4.12513037824e-24,3.91856675578e-24,3.94045606818e-24,4.69441500594e-24,6.24089713567e-24,5.79601626716e-24,6.15790541857e-24,4.70152067054e-24,5.65842748681e-24,6.21841065557e-24,6.21543033907e-24,6.41915761215e-24,6.73729180459e-24,5.48232967251e-24,5.05831969696e-24,6.94253921263e-24,5.18066807906e-24,5.65968966426e-24,8.03894306378e-24,6.23698596331e-24,6.97774449711e-24,7.07837001646e-24,7.47941112345e-24,7.54171535775e-24],"var":[0.00000149954678363,0.00000357081512448,5.02944260461e-7,8.57468990034e-7,6.59970140759e-8,3.6973169415e-8,1.12203004221e-7,7.52343538579e-8,1.24271821278e-7,1.91581452924e-8,1.5368295081e-8,6.35246522052e-8,1.90097591002e-8,1.32717890011e-8,2.18986020428e-8,5.58246027182e-9,1.91052826892e-8,1.33515136724e-8,2.00821208551e-8,2.66651856151e-8,1.95656557622e-8,1.28489823226e-8,6.52035891946e-9,4.87389506532e-9,1.31804611669e-9,6.7346961341e-10,4.32089641844e-10,5.79890926944e-11,2.54106475445e-11,1.23687908873e-11,7.48348865515e-12,4.99997699493e-12,3.53249807877e-12,3.98051036576e-12,5.25733016149e-12,4.18554210388e-12,2.20275121927e-12,3.02379497309e-12,3.87546548672e-12,5.96642657155e-12]},"melbands_crest":{"dmean":3.23191595078,"dmean2":5.38897657394,"dvar":8.64074993134,"dvar2":24.0236549377,"max":28.6620368958,"mean":12.5529356003,"median":12.1029949188,"min":1.58787429333,"var":20.0163574219},"melbands_flatness_db":{"dmean":0.0204495098442,"dmean2":0.0320076160133,"dvar":0.000419269374106,"dvar2":0.00101917574648,"max":0.422294080257,"mean":0.154426187277,"median":0.146585375071,"min":0.0032266639173,"var":0.00238777557388},"melbands_kurtosis":{"dmean":3.3766746521,"dmean2":5.64197587967,"dvar":50.5017204285,"dvar2":131.188476562,"max":442.88571167,"mean":5.09888935089,"median":1.25415444374,"min":-1.84413528442,"var":621.125549316},"melbands_skewness":{"dmean":0.616224884987,"dmean2":0.991246640682,"dvar":0.435569941998,"dvar2":1.11429834366,"max":16.7382030487,"mean":1.70313441753,"median":1.51460051537,"min":-0.961491763592,"var":1.92441892624},"melbands_spread":{"dmean":10.0566387177,"dmean2":15.9225511551,"dvar":87.6270294189,"dvar2":213.001159668,"max":168.472457886,"mean":44.9250144958,"median":43.9764709473,"min":0.939374804497,"var":333.357910156},"mfcc":{"cov":[[6334.24902344,261.669616699,-505.316467285,79.9787979126,-82.2133102417,-20.3783016205,-93.3009262085,51.0473136902,-79.3325653076,14.0132055283,-92.0336608887,-111.011909485,-131.687561035],[261.669616699,566.598693848,-211.049240112,62.8169555664,21.8639831543,-38.5664138794,18.7663345337,11.1145086288,0.533320784569,18.8239059448,16.011926651,47.1731758118,12.4572877884],[-505.316467285,-211.049240112,362.410308838,2.34278607368,15.0009622574,85.9744567871,16.0379924774,2.09665369987,26.3049564362,-2.53445839882,16.1783466339,16.9452877045,20.9902420044],[79.9787979126,62.8169555664,2.34278607368,180.052841187,62.750541687,13.2812299728,-18.2074813843,8.08359336853,-0.535146832466,-11.0512294769,-2.3208527565,-6.54012870789,12.4191579819],[-82.2133102417,21.8639831543,15.0009622574,62.750541687,172.103134155,22.3433532715,-23.133026123,19.4263114929,32.854927063,-13.6269855499,4.76146268845,19.7786560059,22.1095142365],[-20.3783016205,-38.5664138794,85.9744567871,13.2812299728,22.3433532715,126.659294128,27.0320243835,17.3255786896,27.5774250031,-12.7403497696,5.01782798767,14.920753479,3.98132491112],[-93.3009262085,18.7663345337,16.0379924774,-18.2074813843,-23.133026123,27.0320243835,117.55670929,38.265712738,3.67546653748,28.7882881165,3.98915529251,2.99581837654,-1.28720569611],[51.0473136902,11.1145086288,2.09665369987,8.08359336853,19.4263114929,17.3255786896,38.265712738,78.8273162842,33.6791038513,9.08079242706,5.35629415512,5.44677877426,1.24050366879],[-79.3325653076,0.533320784569,26.3049564362,-0.535146832466,32.854927063,27.5774250031,3.67546653748,33.6791038513,74.9702072144,19.1267356873,10.4441947937,12.8856086731,7.00723314285],[14.0132055283,18.8239059448,-2.53445839882,-11.0512294769,-13.6269855499,-12.7403497696,28.7882881165,9.08079242706,19.1267356873,79.6368103027,21.1988487244,5.10829782486,4.61853933334],[-92.0336608887,16.011926651,16.1783466339,-2.3208527565,4.76146268845,5.01782798767,3.98915529251,5.35629415512,10.4441947937,21.1988487244,56.883605957,25.9648303986,11.1555404663],[-111.011909485,47.1731758118,16.9452877045,-6.54012870789,19.7786560059,14.920753479,2.99581837654,5.44677877426,12.8856086731,5.10829782486,25.9648303986,73.3289413452,31.5655288696],[-131.687561035,12.4572877884,20.9902420044,12.4191579819,22.1095142365,3.98132491112,-1.28720569611,1.24050366879,7.00723314285,4.61853933334,11.1555404663,31.5655288696,60.0176010132]],"icov":[[0.000209304314922,-0.0000278300794889,0.000275792554021,-0.0000659438737785,0.000101565143268,-0.00036062655272,0.000444904813776,-0.000455823639641,0.000415387417888,-0.000374759634724,0.000281616055872,0.0000573001307203,0.000285543967038],[-0.0000278300794889,0.00280038383789,0.00169874250423,-0.00127741857432,0.0000408529194829,0.000369933521142,-0.00105180137325,0.0005586372572,-0.000580000982154,-0.0000634941679891,-0.000226949574426,-0.00238815462217,0.000325021479512],[0.000275792554021,0.00169874250423,0.00485952012241,-0.000748194288462,0.000256409257418,-0.00252692494541,-0.00019870630058,0.000451604661066,-0.00041977345245,-0.000410229054978,-0.000511641439516,-0.000913815398235,-0.000576324178837],[-0.0000659438737785,-0.00127741857432,-0.000748194288462,0.00745042180642,-0.00252335355617,-0.00112161459401,0.00152540381532,-0.00142114562914,0.00207111611962,-0.000201889153686,-0.000221530819545,0.00305053568445,-0.00188299373258],[0.000101565143268,0.0000408529194829,0.000256409257418,-0.00252335355617,0.00815478526056,-0.000531737925485,0.00157772563398,-0.001300854492,-0.00288937636651,0.00130743498448,0.000259039719822,-0.00129120098427,-0.00139357731678],[-0.00036062655272,0.000369933521142,-0.00252692494541,-0.00112161459401,-0.000531737925485,0.0124998260289,-0.00467583723366,0.00193959323224,-0.00531223649159,0.00471847690642,-0.000924717576709,-0.00217056646943,0.00104469433427],[0.000444904813776,-0.00105180137325,-0.00019870630058,0.00152540381532,0.00157772563398,-0.00467583723366,0.0149243297055,-0.00894960202277,0.00612168712541,-0.0065909284167,0.0022190855816,0.000605779001489,0.00024378177477],[-0.000455823639641,0.0005586372572,0.000451604661066,-0.00142114562914,-0.001300854492,0.00193959323224,-0.00894960202277,0.0215641092509,-0.010689355433,0.00369423045777,-0.00182670762297,-0.00039841196849,0.000245733885095],[0.000415387417888,-0.000580000982154,-0.00041977345245,0.00207111611962,-0.00288937636651,-0.00531223649159,0.00612168712541,-0.010689355433,0.023584112525,-0.00794938020408,0.0010913311271,-0.000470755272545,0.000422028359026],[-0.000374759634724,-0.0000634941679891,-0.000410229054978,-0.000201889153686,0.00130743498448,0.00471847690642,-0.0065909284167,0.00369423045777,-0.00794938020408,0.0193039476871,-0.0069699017331,0.00147244054824,-0.00167250062805],[0.000281616055872,-0.000226949574426,-0.000511641439516,-0.000221530819545,0.000259039719822,-0.000924717576709,0.0022190855816,-0.00182670762297,0.0010913311271,-0.0069699017331,0.0240878704935,-0.00782720185816,0.000989378429949],[0.0000573001307203,-0.00238815462217,-0.000913815398235,0.00305053568445,-0.00129120098427,-0.00217056646943,0.000605779001489,-0.00039841196849,-0.000470755272545,0.00147244054824,-0.00782720185816,0.0236291475594,-0.010080316104],[0.000285543967038,0.000325021479512,-0.000576324178837,-0.00188299373258,-0.00139357731678,0.00104469433427,0.00024378177477,0.000245733885095,0.000422028359026,-0.00167250062805,0.000989378429949,-0.010080316104,0.0234534163028]],"mean":[-621.430236816,108.367683411,-29.7596969604,33.8431015015,23.2473678589,5.73531007767,-7.07688522339,6.06046390533,-3.2074842453,-0.400194138288,-2.77261972427,0.328555434942,-2.95438790321]},"pitch_salience":{"dmean":0.0630511939526,"dmean2":0.104204386473,"dvar":0.00291749928147,"dvar2":0.00804307311773,"max":0.850976705551,"mean":0.583506941795,"median":0.591285824776,"min":0.21035887301,"var":0.00809982139617},"silence_rate_20dB":{"dmean":0,"dmean2":0,"dvar":0,"dvar2":0,"max":1,"mean":1,"median":1,"min":1,"var":0},"silence_rate_30dB":{"dmean":0,"dmean2":0,"dvar":0,"dvar2":0,"max":1,"mean":1,"median":1,"min":1,"var":0},"silence_rate_60dB":{"dmean":0.00152881827671,"dmean2":0.00305810407735,"dvar":0.00152609148063,"dvar2":0.00304893613793,"max":1,"mean":0.0314888395369,"median":0,"min":0,"var":0.0304975938052},"spectral_centroid":{"dmean":195.206863403,"dmean2":310.376556396,"dvar":48366.015625,"dvar2":113563.78125,"max":11779.3466797,"mean":1962.54199219,"median":1988.86914062,"min":215.380905151,"var":298424.8125},"spectral_complexity":{"dmean":3.73031640053,"dmean2":5.94220161438,"dvar":11.0789661407,"dvar2":26.5460338593,"max":50,"mean":28.3664016724,"median":29,"min":0,"var":58.2456970215},"spectral_contrast_coeffs":{"dmean":[0.0523099787533,0.0445834062994,0.0329568870366,0.030324133113,0.0242207180709,0.01649768278],"dmean2":[0.0833797082305,0.0727355331182,0.0532450079918,0.0490324608982,0.0390746109188,0.0263257231563],"dvar":[0.0018389330944,0.00128532818053,0.00070403207792,0.000569872499909,0.000419443298597,0.000214662592043],"dvar2":[0.00465244427323,0.003483180888,0.00182795489673,0.0014478956582,0.00103319098707,0.000499423476867],"max":[-0.344825208187,-0.339301645756,-0.538403213024,-0.532939612865,-0.514437615871,-0.665565609932],"mean":[-0.632853865623,-0.752568006516,-0.804804027081,-0.759734809399,-0.750625610352,-0.750393688679],"median":[-0.635431408882,-0.759277701378,-0.813604593277,-0.763380289078,-0.753273785114,-0.747620165348],"min":[-0.979955255985,-0.978149533272,-0.984884619713,-0.983883976936,-0.980960905552,-0.972616136074],"var":[0.00599994696677,0.00446306401864,0.00291983387433,0.00239613815211,0.00240116729401,0.00114465691149]},"spectral_contrast_valleys":{"dmean":[0.423672735691,0.349082618952,0.264615267515,0.22222726047,0.210717618465,0.22446373105],"dmean2":[0.687665045261,0.570333480835,0.429308116436,0.362085103989,0.339235216379,0.304188281298],"dvar":[0.154727011919,0.120377413929,0.0701737254858,0.0592236034572,0.071356318891,0.0804088190198],"dvar2":[0.344410270452,0.273063629866,0.146451339126,0.115301422775,0.135717183352,0.128023341298],"max":[-5.28462553024,-4.99278116226,-5.68542957306,-5.46872091293,-5.53178262711,-7.98685932159],"mean":[-7.32901287079,-6.89162492752,-7.30582237244,-7.16086101532,-7.07814216614,-10.1483488083],"median":[-7.18774604797,-6.73025178909,-7.12138843536,-6.97529888153,-6.89863061905,-9.9451084137],"min":[-27.633644104,-27.6289901733,-27.551525116,-27.5644226074,-27.5864315033,-27.3259563446],"var":[1.53329968452,1.70708858967,1.70492720604,1.79508447647,1.81690049171,1.4436776638]},"spectral_decrease":{"dmean":1.98684202424e-9,"dmean2":3.26097682191e-9,"dvar":6.95459213757e-18,"dvar2":1.83274570205e-17,"max":3.35428488184e-17,"mean":-5.3546620471e-9,"median":-4.66625404982e-9,"min":-2.44486688672e-8,"var":9.65567019134e-18},"spectral_energy":{"dmean":0.00791743863374,"dmean2":0.0129430061206,"dvar":0.000105394086859,"dvar2":0.000276243605185,"max":0.0976926237345,"mean":0.0225666966289,"median":0.0199480801821,"min":1.00667161611e-20,"var":0.000158270893735},"spectral_energyband_high":{"dmean":0.000229371522437,"dmean2":0.000343361956766,"dvar":1.46771640175e-7,"dvar2":3.13787097639e-7,"max":0.00916274264455,"mean":0.000572801218368,"median":0.000404433754738,"min":7.36178951386e-21,"var":3.58323120508e-7},"spectral_energyband_low":{"dmean":0.00442638015375,"dmean2":0.00749093387276,"dvar":0.0000774657964939,"dvar2":0.000210011639865,"max":0.084984652698,"mean":0.0064236545004,"median":0.00388326938264,"min":2.09490533079e-23,"var":0.0000695568451192},"spectral_energyband_middle_high":{"dmean":0.00228607305326,"dmean2":0.00344998994842,"dvar":0.00000808755976323,"dvar2":0.0000168198130268,"max":0.0681820809841,"mean":0.00931250303984,"median":0.007703053765,"min":1.33957396754e-21,"var":0.0000413191628468},"spectral_energyband_middle_low":{"dmean":0.00336024304852,"dmean2":0.00551317678764,"dvar":0.0000242037694989,"dvar2":0.0000623064552201,"max":0.0550532154739,"mean":0.00717599596828,"median":0.00558741251007,"min":1.4845400457e-22,"var":0.0000311862204398},"spectral_entropy":{"dmean":0.099947668612,"dmean2":0.146628245711,"dvar":0.00922802276909,"dvar2":0.0174142885953,"max":9.81425762177,"mean":7.68938398361,"median":7.72381019592,"min":5.93345737457,"var":0.0944268107414},"spectral_flux":{"dmean":0.02267642878,"dmean2":0.035631403327,"dvar":0.000620679114945,"dvar2":0.00124783196952,"max":0.274731189013,"mean":0.0820326507092,"median":0.0756913498044,"min":6.46992875941e-11,"var":0.00136378710158},"spectral_kurtosis":{"dmean":1.58571076393,"dmean2":2.69040203094,"dvar":2.66662120819,"dvar2":7.57751321793,"max":29.6979446411,"mean":5.64854240417,"median":5.20331144333,"min":-1.22842693329,"var":6.84116649628},"spectral_rms":{"dmean":0.000751682906412,"dmean2":0.00119634601288,"dvar":7.12889402621e-7,"dvar2":0.00000181866232651,"max":0.00976267829537,"mean":0.00449486263096,"median":0.00441152369604,"min":3.13387727227e-12,"var":0.00000181251914455},"spectral_rolloff":{"dmean":382.602386475,"dmean2":642.563842773,"dvar":488365.96875,"dvar2":1072713,"max":20736.4746094,"mean":2440.11303711,"median":2411.71875,"min":129.19921875,"var":2343562},"spectral_skewness":{"dmean":0.194939389825,"dmean2":0.321699917316,"dvar":0.0320855900645,"dvar2":0.086835205555,"max":3.22222518921,"mean":1.50185024738,"median":1.4843890667,"min":-0.085382387042,"var":0.0974003598094},"spectral_spread":{"dmean":362184.5,"dmean2":507254.5625,"dvar":358756286464,"dvar2":541334241280,"max":41579760,"mean":3661358.25,"median":3417898.5,"min":1490292.875,"var":3791760130050},"spectral_strongpeak":{"dmean":0.995615899563,"dmean2":1.73316442966,"dvar":2.83564043045,"dvar2":7.04540586472,"max":20.0466976166,"mean":1.46794223785,"median":0.394288897514,"min":0,"var":5.21262931824},"zerocrossingrate":{"dmean":0.00843134336174,"dmean2":0.010074720718,"dvar":0.000118187374028,"dvar2":0.000174677392351,"max":0.51708984375,"mean":0.0789966210723,"median":0.07568359375,"min":0.005859375,"var":0.00130413298029}},"metadata":{"audio_properties":{"analysis_sample_rate":44100,"bit_rate":0,"codec":"flac","downmix":"mix","equal_loudness":0,"length":151.866668701,"lossless":true,"md5_encoded":"38fb1dedddb4d4ff68b3cf3b1cc4298d","replay_gain":-13.5678958893,"sample_rate":44100},"tags":{"album":["Acid Eaters"],"albumartist":["Ramones"],"albumartistsort":["Ramones"],"artist":["Ramones"],"artistsort":["Ramones"],"asin":["B000024BKD"],"barcode":["724382767626"],"catalognumber":["CDCHR 6052"],"date":["1993"],"discnumber":["1"],"disctotal":["1"],"file_name":"01-05 Somebody to Love.flac","genre":["Alternative"],"label":["Chrysalis"],"labelno":["7243 8 27676 2 6"],"media":["CD"],"musicbrainz_albumartistid":["d6ed7887-a401-47a8-893c-34b967444d26"],"musicbrainz_albumid":["11b86eb5-6a94-425b-820c-1942e4aa67d9"],"musicbrainz_artistid":["d6ed7887-a401-47a8-893c-34b967444d26"],"musicbrainz_recordingid":["e6a2fceb-a209-41e7-8c20-e6fd87267c83"],"musicbrainz_releasegroupid":["3ac42917-32a6-305a-9dd6-835a4424ce14"],"originaldate":["1993-12-01"],"publisher":["Chrysalis Records"],"release date":["1993-12-01"],"releasecountry":["XE"],"releasestatus":["official"],"releasetype":["album"],"script":["Latn"],"title":["Somebody to Love"],"totaldiscs":["1"],"totaltracks":["12"],"tracknumber":["5"],"tracktotal":["12"]},"version":{"essentia":"2.1-beta1","essentia_build_sha":"ca57ba49d9b1854bd80e60cf9ccf267278fb7d6b","essentia_git_sha":"v2.1_beta1-28-g21ef5f4-dirty","extractor":"music 1.0"}},"rhythm":{"beats_count":392,"beats_loudness":{"dmean":0.00924181658775,"dmean2":0.0164468847215,"dvar":0.0000750589679228,"dvar2":0.000232682010392,"max":0.080340065062,"mean":0.0266998466104,"median":0.0251966752112,"min":4.13119991549e-8,"var":0.000105635037471},"beats_loudness_band_ratio":{"dmean":[0.190384477377,0.132159799337,0.0761779174209,0.0786204338074,0.126324728131,0.0385447852314],"dmean2":[0.346042305231,0.24977773428,0.128671303391,0.141067758203,0.21757158637,0.0692722499371],"dvar":[0.0184686146677,0.0124782519415,0.00756711605936,0.0114575410262,0.0129257459