{"lowlevel":{"average_loudness":0.960189938545,"barkbands":{"dmean":[0.00433282973245,0.00963929481804,0.00290379906073,0.000931644812226,0.0011382473167,0.000866425398272,0.000571959768422,0.000342502404237,0.000426872866228,0.000507812539581,0.000657645985484,0.00135547644459,0.00125758198556,0.000961471640039,0.00090710708173,0.000584404508118,0.000465331366286,0.000285246031126,0.000226640506298,0.000128536979901,0.000100733639556,0.0000651916052448,0.000047143890697,0.000013491714526,0.00000263869355877,0.0000144510022437,0.000673943664879],"dmean2":[0.00752229057252,0.0170175973326,0.00482788868248,0.00156913488172,0.0019167677965,0.00145306554623,0.000948767527007,0.000564904592466,0.000697684939951,0.000832657504361,0.00108271534555,0.00224276888184,0.00207161763683,0.00158267829102,0.00150430353824,0.000953690556344,0.000756556517445,0.000447019323474,0.000354374555172,0.00019610079471,0.000150833831867,0.0000956206786213,0.0000731513937353,0.0000207740758924,0.0000043783397814,0.0000218780041905,0.00107719667722],"dvar":[0.0000704131598468,0.000230764970183,0.0000175736186065,0.00000173993032604,0.0000042972301344,0.00000376478396902,0.00000188438696114,8.83066263668e-7,0.00000112200859803,0.00000144332341279,0.00000181070333838,0.0000069895654633,0.00000575244939682,0.00000244133184424,0.00000181500513463,8.61278749653e-7,6.54066809602e-7,2.85812774337e-7,1.77062361217e-7,8.25256165626e-8,7.49684545553e-8,2.55943746197e-8,7.06146030538e-9,4.23749813017e-10,1.56857998812e-11,3.97231636473e-10,4.71327325613e-7],"dvar2":[0.000186082121218,0.000647061562631,0.0000448875689472,0.00000453849588666,0.0000111290592031,0.0000101341047412,0.00000489104058943,0.00000222812036554,0.00000273302066489,0.00000355948486686,0.00000425962389272,0.0000170533003256,0.0000147654236571,0.0000060997226683,0.00000466730125481,0.00000215321892938,0.00000167378823335,6.54233360819e-7,3.95989758317e-7,1.7952527287e-7,1.83276455346e-7,6.17030835315e-8,1.66287215109e-8,9.44735734087e-10,3.89242214849e-11,8.97571295067e-10,0.00000122459027807],"max":[0.12056183815,0.141649082303,0.0544557496905,0.0199324712157,0.0462825372815,0.0522583983839,0.042642146349,0.022242076695,0.0309546235949,0.0281021296978,0.0360557176173,0.071173645556,0.0542603954673,0.0475248768926,0.0414068996906,0.0258386731148,0.0219664871693,0.01688590087,0.0108006708324,0.00921043567359,0.0164565276355,0.00806826818734,0.00331939943135,0.000380814308301,0.0000523318230989,0.000296995393001,0.0152509482577],"mean":[0.00372170307674,0.00991133600473,0.0035248294007,0.00114306923933,0.00147317198571,0.00115271669347,0.00081717770081,0.00045065706945,0.000599101593252,0.000709640211426,0.000988103682175,0.0022235638462,0.00208381284028,0.00168255122844,0.00167093996424,0.00113713752944,0.000855187885463,0.000540201435797,0.000442808610387,0.000248001422733,0.000198864960112,0.000120895194414,0.0000726542712073,0.0000208383135032,0.00000294526239486,0.0000260564302152,0.00261379033327],"median":[0.00108356226701,0.00548643572256,0.00188926572446,0.000675431336276,0.000845168950036,0.000486289791297,0.000265993759967,0.0001092363309,0.000231873942539,0.000309729162836,0.000529728480615,0.00125796278007,0.00115102599375,0.00109220156446,0.00122079439461,0.000761150091421,0.000471228850074,0.00031455385033,0.000296366837574,0.000166243553394,0.000144452555105,0.0000854755053297,0.0000422519478889,0.00000816162719275,0.00000144793057189,0.0000168606820807,0.0023698611185],"min":[2.00159906014e-24,9.71481889235e-24,2.63584263629e-24,1.86295320617e-24,1.17251835777e-23,1.04576402974e-23,2.75714617212e-23,6.53061024742e-24,8.99312397119e-24,2.59606882165e-23,1.5330416754e-23,4.01737387186e-23,4.45310813483e-23,6.81289749592e-23,7.99714810862e-23,6.25995143975e-23,8.89151632001e-23,1.05932230834e-22,1.45558443286e-22,1.57985261841e-22,2.95507017417e-22,3.0291415626e-22,4.23406967112e-22,6.32108866478e-22,9.62594683251e-22,1.40008063395e-21,2.08503636532e-21],"var":[0.0000577439059271,0.000182846866664,0.0000225845087698,0.00000216998478209,0.00000486792396259,0.00000641301130599,0.00000429176998296,0.00000154151564402,0.00000173596811237,0.00000197536451196,0.00000315421402775,0.0000119813212223,0.00000963441652857,0.00000412195140598,0.00000309711776936,0.00000163058712133,0.00000117987542581,5.33216280019e-7,2.92365655241e-7,1.21322955238e-7,8.04659592291e-8,2.95601125799e-8,9.89411930163e-9,9.15665876455e-10,1.82246041175e-11,7.91827103885e-10,0.00000197154508896]},"barkbands_crest":{"dmean":3.00518536568,"dmean2":5.0299038887,"dvar":7.39294052124,"dvar2":20.1526222229,"max":26.5389995575,"mean":8.08244609833,"median":7.07849693298,"min":2.44440317154,"var":13.7456893921},"barkbands_flatness_db":{"dmean":0.0240863319486,"dmean2":0.0385532975197,"dvar":0.000523269700352,"dvar2":0.00138226058334,"max":0.372805774212,"mean":0.103333763778,"median":0.0960139334202,"min":0.035283472389,"var":0.00139252305962},"barkbands_kurtosis":{"dmean":2.3853738308,"dmean2":4.04102087021,"dvar":61.3402175903,"dvar2":164.708999634,"max":377.323059082,"mean":1.67830133438,"median":0.125594854355,"min":-1.67977821827,"var":64.194519043},"barkbands_skewness":{"dmean":0.587002515793,"dmean2":0.948442697525,"dvar":0.467228651047,"dvar2":1.21743011475,"max":18.3222827911,"mean":1.11923968792,"median":0.881212770939,"min":-2.04599070549,"var":1.02693641186},"barkbands_spread":{"dmean":11.8130731583,"dmean2":19.1357269287,"dvar":109.651947021,"dvar2":288.573516846,"max":123.217926025,"mean":53.009552002,"median":53.6401481628,"min":0.848576366901,"var":284.925750732},"dissonance":{"dmean":0.00775297591463,"dmean2":0.0133819887415,"dvar":0.0000723641860532,"dvar2":0.000203043455258,"max":0.500000178814,"mean":0.489468932152,"median":0.492140740156,"min":0.364927202463,"var":0.000092955880973},"dynamic_complexity":1.71147871017,"erbbands":{"dmean":[0.463940918446,1.58443164825,3.18125534058,3.1136341095,3.16397070885,4.41479635239,4.64155340195,8.22731399536,8.29069042206,7.5207118988,7.60270452499,9.31188106537,14.0688638687,17.064409256,32.3668174744,54.8973312378,54.7670402527,47.2401237488,46.7379837036,36.9972839355,29.870891571,23.4900989532,15.1748085022,13.9974527359,9.30778503418,5.99583530426,4.91542434692,3.27673578262,2.41923141479,2.01432228088,1.1604347229,0.454188585281,0.140214160085,0.0356236249208,0.0169693753123,0.020748578012,0.0315726883709,0.0260174516588,0.0182822607458,0.0144854998216],"dmean2":[0.826443731785,2.77488803864,5.32921123505,5.14598894119,5.35960388184,7.47078037262,7.75422334671,13.9090280533,13.8149909973,12.2547969818,12.3433523178,15.0261707306,23.1245307922,27.9470596313,52.8094444275,90.6909790039,90.0305023193,77.389251709,77.4430465698,60.8145904541,48.5980529785,37.6398696899,23.7082328796,21.9479045868,14.3466176987,9.15528392792,7.40999078751,4.87668514252,3.59041237831,3.02548265457,1.80956709385,0.698788583279,0.216433167458,0.0579923838377,0.028178749606,0.0320248119533,0.0479099117219,0.0374019443989,0.0259783007205,0.0229282937944],"dvar":[0.66103541851,5.18385457993,20.6652088165,17.7659988403,25.6980419159,76.2885818481,96.4580154419,434.0390625,317.641143799,417.657165527,450.001342773,558.168884277,1280.22937012,1316.22143555,4148.83496094,11328.9482422,11132.7978516,6803.37402344,4278.59423828,3914.6328125,2383.97607422,1589.54614258,766.563537598,653.61328125,378.993103027,187.658432007,139.747207642,94.3672637939,41.001449585,15.590921402,3.67132520676,0.47070723772,0.0527555979788,0.00287271151319,0.000690657878295,0.000820345827378,0.00199830951169,0.00129297957756,0.000725261401385,0.000209297038964],"dvar2":[1.85760593414,14.5133142471,54.095489502,45.7443962097,68.2399902344,196.989700317,252.07131958,1163.96008301,840.821044922,1095.69152832,1121.73876953,1325.90710449,3181.60888672,3220.42016602,9755.52539062,28049.5976562,28410.2011719,16862.6464844,10820.8154297,9965.26464844,5871.86816406,3955.96948242,1737.25024414,1493.85705566,863.883728027,412.719970703,324.112854004,232.765365601,102.073173523,35.8350219727,8.60121250153,1.06597721577,0.11924251169,0.00700213341042,0.0017149677733,0.00182107975706,0.00452528754249,0.00281031802297,0.0015081174206,0.000536482839379],"max":[7.61819887161,21.6313858032,63.3887023926,60.2185287476,96.9296722412,177.943222046,251.387039185,635.043945312,359.934661865,566.605895996,636.237731934,675.181213379,1083.16589355,1012.54455566,1752.45788574,2659.18603516,2853.93408203,2790.68041992,1509.92163086,2698.05029297,1325.12573242,1011.16992188,949.591918945,752.917724609,653.760131836,391.547119141,631.308227539,595.971923828,338.778717041,122.198554993,65.6130905151,14.3052301407,4.56008052826,0.797811031342,0.329577207565,0.535730302334,0.821351706982,0.97218054533,1.10668325424,0.356648743153],"mean":[0.430384606123,1.68224036694,3.91140270233,4.31314134598,4.05753803253,5.30022239685,5.96383571625,10.6907587051,11.694858551,11.198805809,10.4387493134,13.2252445221,20.3303585052,27.0473918915,53.5565872192,94.066986084,96.7641906738,87.7745132446,91.8116760254,73.4566421509,62.8969955444,47.0060310364,30.2276611328,27.1815624237,18.273103714,11.8474788666,9.60156345367,6.4102640152,4.53908634186,3.21388673782,1.85849308968,0.715264737606,0.212893545628,0.0456760115921,0.019204698503,0.0329818613827,0.0560540407896,0.0619541220367,0.0675065368414,0.071076400578],"median":[0.193362802267,0.981490492821,2.25591397285,2.74416255951,2.50423955917,2.75007534027,2.45813512802,4.46083164215,4.54156112671,2.89997792244,2.86022996902,5.1734418869,8.87394618988,13.2561626434,32.6897735596,53.7311401367,54.4066085815,54.8109054565,68.6710968018,52.3578567505,41.2043685913,26.6660118103,18.7250747681,17.1854476929,11.8730106354,8.20169639587,6.79020023346,4.65982437134,3.22495913506,2.07050848007,1.05121064186,0.332310736179,0.073462061584,0.0220455490053,0.0101513825357,0.0167569108307,0.0354472175241,0.0543286576867,0.0591970607638,0.0649985969067],"min":[1.86255954091e-22,1.69075040679e-21,4.37662635351e-21,1.10533697641e-20,1.46854576337e-20,2.77769576141e-20,1.14918393044e-19,8.82872098257e-20,2.97386009271e-19,3.94347215946e-19,2.7317024514e-19,2.94075813405e-19,7.05271974646e-19,5.99839688866e-19,1.49261153639e-18,1.97029934455e-18,2.66110062156e-18,2.59639338417e-18,4.9045685052e-18,4.46266463373e-18,3.46832756979e-18,5.15725108923e-18,6.33468768368e-18,7.14366246454e-18,7.99540951411e-18,8.26300740535e-18,1.07859107552e-17,1.04014802199e-17,1.03078210406e-17,1.12109318703e-17,1.29176718262e-17,1.24037668455e-17,1.15704468984e-17,8.83826850799e-18,6.83358140422e-18,4.87736501639e-18,2.36786199249e-18,9.48775128623e-19,2.8183054181e-19,3.00926982065e-20],"var":[0.494701713324,4.41101455688,24.3003292084,24.3466262817,27.7647457123,83.3469314575,136.783660889,711.20135498,610.508544922,1110.20507812,710.941589355,882.961547852,1850.43640137,2192.18310547,6226.78857422,19981.1289062,18988.5175781,11940.6123047,7680.00244141,6470.93896484,5420.30371094,3254.76733398,1499.22131348,1131.62768555,576.956359863,274.164276123,174.049591064,95.2477340698,43.5575523376,20.2277698517,6.08136415482,0.948616504669,0.111965179443,0.00422899518162,0.000759089190979,0.00186100439169,0.00377439218573,0.00252094329335,0.00204047188163,0.00116641982459]},"erbbands_crest":{"dmean":2.0612487793,"dmean2":3.48801088333,"dvar":3.87914156914,"dvar2":10.2093410492,"max":28.1067810059,"mean":7.65523815155,"median":6.95462465286,"min":2.42416715622,"var":8.63722896576},"erbbands_flatness_db":{"dmean":0.0183742437512,"dmean2":0.028744712472,"dvar":0.000240946319536,"dvar2":0.000577197875828,"max":0.297906398773,"mean":0.14753715694,"median":0.143753677607,"min":0.0271285772324,"var":0.001237049466},"erbbands_kurtosis":{"dmean":1.07638943195,"dmean2":1.75139689445,"dvar":1.19119989872,"dvar2":3.01264953613,"max":27.8943881989,"mean":1.91202306747,"median":1.71856760979,"min":-1.51252579689,"var":2.69158840179},"erbbands_skewness":{"dmean":0.325712680817,"dmean2":0.522780478001,"dvar":0.0754240527749,"dvar2":0.192551806569,"max":1.99630975723,"mean":-0.505882620811,"median":-0.541379392147,"min":-3.32483649254,"var":0.283436149359},"erbbands_spread":{"dmean":5.37257003784,"dmean2":8.46286582947,"dvar":26.0511436462,"dvar2":60.2470169067,"max":124.500968933,"mean":22.154800415,"median":20.7430038452,"min":2.8820233345,"var":90.4313812256},"gfcc":{"cov":[[9722.13867188,-204.776260376,-788.504638672,267.638153076,-192.303985596,-61.4508934021,119.924087524,-193.230987549,106.930496216,-80.599029541,5.87685060501,107.029800415,-145.54069519],[-204.776260376,627.932067871,-45.0252113342,-203.65574646,191.734680176,-116.652336121,47.0234260559,-43.866065979,12.5834255219,14.1525058746,29.6856060028,-48.4905509949,69.9909210205],[-788.504638672,-45.0252113342,293.829162598,70.4268493652,-48.1937408447,129.809295654,-61.4342727661,75.9065246582,-43.3003234863,18.0361938477,-19.9609165192,-19.1894607544,6.29502916336],[267.638153076,-203.65574646,70.4268493652,282.073455811,2.21104502678,17.9642448425,57.0792198181,-14.6236867905,0.118595615029,-13.489528656,-31.4380455017,25.7062492371,-37.394821167],[-192.303985596,191.734680176,-48.1937408447,2.21104502678,246.708496094,-42.6608085632,50.8113899231,-43.8460464478,-8.84598445892,-13.9972629547,7.47452116013,-20.0942592621,45.0519104004],[-61.4508934021,-116.652336121,129.809295654,17.9642448425,-42.6608085632,192.473846436,-33.3336029053,62.195476532,-27.5718669891,2.59842777252,-4.440513134,1.56432116032,0.257877707481],[119.924087524,47.0234260559,-61.4342727661,57.0792198181,50.8113899231,-33.3336029053,153.206558228,-24.7851085663,38.0167999268,-2.50744199753,-18.0832157135,12.5866832733,-6.10575628281],[-193.230987549,-43.866065979,75.9065246582,-14.6236867905,-43.8460464478,62.195476532,-24.7851085663,130.229141235,16.1565914154,21.8922939301,-0.372433751822,-19.9530982971,2.92386841774],[106.930496216,12.5834255219,-43.3003234863,0.118595615029,-8.84598445892,-27.5718669891,38.0167999268,16.1565914154,85.3666229248,19.4462871552,10.7056312561,12.9358024597,-22.0463790894],[-80.599029541,14.1525058746,18.0361938477,-13.489528656,-13.9972629547,2.59842777252,-2.50744199753,21.8922939301,19.4462871552,71.4530105591,30.8363704681,8.97728443146,13.8143186569],[5.87685060501,29.6856060028,-19.9609165192,-31.4380455017,7.47452116013,-4.440513134,-18.0832157135,-0.372433751822,10.7056312561,30.8363704681,62.1387062073,30.2124843597,13.2816638947],[107.029800415,-48.4905509949,-19.1894607544,25.7062492371,-20.0942592621,1.56432116032,12.5866832733,-19.9530982971,12.9358024597,8.97728443146,30.2124843597,66.1046524048,13.652718544],[-145.54069519,69.9909210205,6.29502916336,-37.394821167,45.0519104004,0.257877707481,-6.10575628281,2.92386841774,-22.0463790894,13.8143186569,13.2816638947,13.652718544,74.5265197754]],"icov":[[0.000232699560001,-0.000563979323488,0.00143539125565,-0.00102095201146,0.000610912917182,-0.000869983923621,0.000561765395105,-0.0000579631923756,0.0000728716258891,-0.000135933281854,0.000279463361949,-0.0000255244558502,0.0000341985432897],[-0.000563979323488,0.00618476234376,-0.00655781058595,0.00631715124473,-0.0036744964309,0.00479302788153,-0.00423712236807,0.00202790298499,-0.00184414698742,0.00151931645814,-0.00402645207942,0.00372746679932,-0.00220054620877],[0.00143539125565,-0.00655781058595,0.0178267229348,-0.0110355354846,0.00542578846216,-0.0102374348789,0.00749065121636,-0.00340302707627,0.00327196042053,-0.00430646864697,0.0059381229803,-0.00106649659574,0.000324791908497],[-0.00102095201146,0.00631715124473,-0.0110355354846,0.0137821799144,-0.00628126831725,0.00686514470726,-0.00642984453589,0.0011927022133,0.00036350658047,0.000213277249713,0.000880732957739,-0.00404548225924,0.00377296865918],[0.000610912917182,-0.0036744964309,0.00542578846216,-0.00628126831725,0.0102647840977,-0.00378734944388,0.000113747781143,0.00196388154291,-0.000977042713203,0.0030723772943,-0.00475322362036,0.00742302462459,-0.00659717060626],[-0.000869983923621,0.00479302788153,-0.0102374348789,0.00686514470726,-0.00378734944388,0.0134641285986,-0.0041590440087,-0.00228233472444,0.00186085049063,0.00182040955406,-0.0023970475886,-0.00182167382445,0.00107476569247],[0.000561765395105,-0.00423712236807,0.00749065121636,-0.00642984453589,0.000113747781143,-0.0041590440087,0.0140047790483,-0.000940883648582,-0.00274264300242,-0.00368691398762,0.00971212424338,-0.00588540267199,0.00156665383838],[-0.0000579631923756,0.00202790298499,-0.00340302707627,0.0011927022133,0.00196388154291,-0.00228233472444,-0.000940883648582,0.0144816394895,-0.00754309352487,0.000612882315181,-0.00462230388075,0.0101450411603,-0.00633603939787],[0.0000728716258891,-0.00184414698742,0.00327196042053,0.00036350658047,-0.000977042713203,0.00186085049063,-0.00274264300242,-0.00754309352487,0.022373476997,-0.00695508718491,0.00361523265019,-0.010234282352,0.0115739442408],[-0.000135933281854,0.00151931645814,-0.00430646864697,0.000213277249713,0.0030723772943,0.00182040955406,-0.00368691398762,0.000612882315181,-0.00695508718491,0.0246310029179,-0.0170157197863,0.00937299802899,-0.00871893018484],[0.000279463361949,-0.00402645207942,0.0059381229803,0.000880732957739,-0.00475322362036,-0.0023970475886,0.00971212424338,-0.00462230388075,0.00361523265019,-0.0170157197863,0.0420754514635,-0.026280445978,0.0096656633541],[-0.0000255244558502,0.00372746679932,-0.00106649659574,-0.00404548225924,0.00742302462459,-0.00182167382445,-0.00588540267199,0.0101450411603,-0.010234282352,0.00937299802899,-0.026280445978,0.0422464348376,-0.0186720173806],[0.0000341985432897,-0.00220054620877,0.000324791908497,0.00377296865918,-0.00659717060626,0.00107476569247,0.00156665383838,-0.00633603939787,0.0115739442408,-0.00871893018484,0.0096656633541,-0.0186720173806,0.0285163875669]],"mean":[33.1206855774,73.4820404053,-113.03553009,5.36708974838,9.90693092346,-8.60657310486,6.89054250717,-28.9733600616,3.59683799744,-9.5643863678,-0.162940427661,-0.309507966042,-7.34355783463]},"hfc":{"dmean":69.1503753662,"dmean2":108.884002686,"dvar":5365.78271484,"dvar2":12047.3544922,"max":1345.28161621,"mean":286.328857422,"median":266.889038086,"min":1.12832769213e-16,"var":15743.6220703},"melbands":{"dmean":[0.00346498144791,0.0016894931905,0.0005148659111,0.000263262685621,0.000164579701959,0.000178382062586,0.000124829486595,0.0000790869089542,0.000064818035753,0.0000604135166213,0.000072526599979,0.0000701007520547,0.0000981166449492,0.00014517638192,0.000152880777023,0.000116460927529,0.0000928176814341,0.0000812088474049,0.000069184898166,0.000043179399654,0.000038137914089,0.0000291689575533,0.0000164168413903,0.000014156213183,0.0000122013425425,0.00000843987345434,0.00000537933101441,0.00000403954481953,0.00000344670047525,0.00000260653291662,0.00000188558647096,0.00000147340097101,0.00000126772158637,0.00000114904355542,7.70737585754e-7,4.31435125847e-7,2.24549339123e-7,1.13698312987e-7,5.43247686835e-8,2.3028436047e-8],"dmean2":[0.00610642461106,0.00286574172787,0.000847679155413,0.000446905673016,0.00027373112971,0.000300383864669,0.000207141085411,0.000128722385853,0.000105198138044,0.0000985164951999,0.000119325653941,0.000115431394079,0.000160676776432,0.000238776527112,0.00025564499083,0.00019009654352,0.0001530329464,0.00013504481467,0.000115360016935,0.0000714087655069,0.0000625909742666,0.0000474224907521,0.0000263637193711,0.0000224016039283,0.000019431770852,0.0000133627827381,0.00000832055502542,0.00000632660476185,0.00000531263913217,0.00000401162014896,0.00000289144850285,0.00000224688687922,0.00000190812215806,0.00000177920242095,0.00000122300014027,6.760419069e-7,3.48729798816e-7,1.77655508082e-7,8.73127774526e-8,3.83765694778e-8],"dvar":[0.000033805212297,0.00000482730229123,4.71787387823e-7,2.23826731371e-7,1.15585585547e-7,1.81442118219e-7,7.43498560496e-8,4.4318838377e-8,3.50826248052e-8,2.19149569602e-8,3.35096075332e-8,2.33137829042e-8,3.86914287276e-8,8.01897854785e-8,9.0720668311e-8,5.95431863815e-8,2.74949716328e-8,1.42486573651e-8,1.21621503979e-8,5.01245489559e-9,4.03122912829e-9,2.75736944388e-9,6.78332223725e-10,7.56851414874e-10,4.76473194233e-10,2.83653073252e-10,1.38371467062e-10,8.56040932584e-11,6.73773814519e-11,3.87784387934e-11,3.73188840941e-11,1.75318527057e-11,6.58836180056e-12,5.20463099701e-12,1.75536137275e-12,4.66350590957e-13,1.19235174577e-13,3.77584655166e-14,9.97673352352e-15,1.2590941473e-15],"dvar2":[0.0000942966289585,0.0000128666770252,0.0000012110182297,5.93795789428e-7,2.94634162401e-7,4.87272359351e-7,1.9380371441e-7,1.14900224446e-7,8.7037534513e-8,5.28249799459e-8,8.32161575204e-8,5.73834277873e-8,9.18978741993e-8,1.91217210954e-7,2.38070356318e-7,1.47628682612e-7,6.82602916413e-8,3.5838283452e-8,3.07670546817e-8,1.27341746037e-8,9.78783187833e-9,7.0207306635e-9,1.63079938442e-9,1.74097691819e-9,1.11848807993e-9,6.56923238029e-10,3.20396209563e-10,1.92314789094e-10,1.57341029094e-10,9.05428093612e-11,9.65704669009e-11,4.5019151601e-11,1.51966980666e-11,1.22498868688e-11,4.20888887978e-12,1.10595387015e-12,2.71750070363e-13,8.74943767069e-14,2.41894076655e-14,3.13699731983e-15],"max":[0.0526397526264,0.0272774901241,0.00982161797583,0.00830791983753,0.0106683969498,0.0124023538083,0.00695876451209,0.00548489531502,0.00553683983162,0.00395894283429,0.00522011797875,0.00439620902762,0.00523816933855,0.0103741884232,0.00848399661481,0.00670638307929,0.00569368619472,0.00339705497026,0.00294959894381,0.0019466818776,0.00206981715746,0.00147498014849,0.000501679372974,0.000894316181075,0.000615949684288,0.000526411808096,0.000353494338924,0.000242599737248,0.000423685647547,0.000321606057696,0.000380918558221,0.000234977065702,0.0000742148185964,0.0000867652343004,0.0000491780920129,0.0000126917402667,0.0000071683234637,0.00000398386237066,0.00000192922470887,4.73997630479e-7],"mean":[0.00342816160992,0.00213804538362,0.000754094391596,0.000334953947458,0.000218082903302,0.000236783453147,0.000178801812581,0.000116114591947,0.0000864938774612,0.0000845104514156,0.000101784578874,0.000104140832264,0.000153336673975,0.000235635598074,0.000248155760346,0.00019306136528,0.000159171715495,0.000147096434375,0.000123542413348,0.0000790374688222,0.0000736064175726,0.0000531086479896,0.0000296877115034,0.0000254493479588,0.0000219427856791,0.0000154636163643,0.00000970517066889,0.00000742081874705,0.00000624241329206,0.00000483816165797,0.00000339368352797,0.00000264060577138,0.00000212138411371,0.0000016713451032,0.00000117680644962,6.761662803e-7,3.31580650936e-7,1.64318024076e-7,7.21439334939e-8,2.49208120806e-8],"median":[0.00169373978861,0.00135688623413,0.000495914253406,0.000198432186153,0.0000975151488092,0.00010029959958,0.0000667040440021,0.000028505201044,0.0000239868350036,0.0000336669691023,0.0000432350716437,0.0000478588772239,0.0000875021796674,0.000135132722789,0.000141127529787,0.000100637473224,0.0000976799856289,0.000105966930278,0.0000890683731996,0.000053010899137,0.000045780565415,0.0000281432076008,0.0000186645338545,0.0000144503383126,0.0000137234410431,0.00000983759218798,0.0000060734842009,0.00000508845550939,0.00000420953028879,0.00000346408592122,0.00000240020699493,0.00000183863301118,0.00000141417297073,9.98655764306e-7,6.43966586722e-7,3.60603394256e-7,1.24378033206e-7,4.9974765659e-8,2.39651853917e-8,1.18827179207e-8],"min":[2.8080963314e-24,2.54518279676e-24,2.36664030251e-24,2.2884511706e-24,4.04720038714e-24,2.21894601674e-24,4.94401611838e-24,4.22056755942e-24,2.27205449947e-24,1.67854750324e-24,3.08695708368e-24,2.29014524939e-24,4.36104869828e-24,4.45992452414e-24,3.89675001859e-24,5.40112433092e-24,4.21519226121e-24,6.38635598685e-24,4.76609130222e-24,4.71792858294e-24,4.16315071286e-24,5.35484620035e-24,4.46507223598e-24,5.14145656447e-24,5.24413115002e-24,4.59313709862e-24,4.56225358861e-24,5.35935138498e-24,6.5348854791e-24,6.60749815327e-24,4.87411081483e-24,5.80216188804e-24,5.00421567178e-24,6.09159219316e-24,6.69490630815e-24,5.64152535305e-24,6.68831616415e-24,6.5887540293e-24,6.94065304621e-24,5.86342758696e-24],"var":[0.0000263762140094,0.00000546086812392,6.59501495193e-7,2.26902784561e-7,1.70090885376e-7,3.05587974481e-7,1.54957220388e-7,1.15447370774e-7,5.2478853263e-8,3.46050654798e-8,4.79400235065e-8,3.62028274026e-8,6.06781469514e-8,1.3120707365e-7,1.38569845376e-7,1.03644019589e-7,4.43395684613e-8,2.33385399895e-8,1.90379445542e-8,7.89804577295e-9,9.40832656227e-9,5.05972241882e-9,1.21046461743e-9,1.3445168312e-9,7.63482888022e-10,4.35656705156e-10,1.89045279431e-10,1.19408469224e-10,8.25901777524e-11,4.57638579809e-11,3.29862213932e-11,1.69507966691e-11,8.67378044389e-12,6.22333738362e-12,2.670873505e-12,8.22508402533e-13,2.36412126854e-13,7.29017337491e-14,1.66574534792e-14,1.39747561396e-15]},"melbands_crest":{"dmean":5.4140663147,"dmean2":9.10801124573,"dvar":22.4563407898,"dvar2":61.8886909485,"max":39.0811157227,"mean":15.0873384476,"median":14.1815757751,"min":1.67717540264,"var":42.6109962463},"melbands_flatness_db":{"dmean":0.0359374321997,"dmean2":0.0568043850362,"dvar":0.00096962810494,"dvar2":0.00251186522655,"max":0.489522606134,"mean":0.193137004972,"median":0.184789747,"min":0.00385317159817,"var":0.00298859435134},"melbands_kurtosis":{"dmean":5.40180206299,"dmean2":9.0337677002,"dvar":116.439842224,"dvar2":317.483795166,"max":428.87411499,"mean":5.1585688591,"median":1.36206221581,"min":-1.81264984608,"var":159.735671997},"melbands_skewness":{"dmean":0.937850534916,"dmean2":1.51042962074,"dvar":0.865760862827,"dvar2":2.2844889164,"max":19.9262180328,"mean":1.82111811638,"median":1.5126645565,"min":-1.50716984272,"var":2.22911977768},"melbands_spread":{"dmean":11.125166893,"dmean2":17.8938217163,"dvar":100.994987488,"dvar2":248.847976685,"max":148.71534729,"mean":36.7038002014,"median":36.5794219971,"min":1.33526849747,"var":283.313720703},"mfcc":{"cov":[[4915.81396484,-181.015396118,-179.029907227,233.252548218,-283.691772461,180.443557739,-201.122665405,205.909942627,-187.908416748,128.403656006,-47.5431098938,99.977722168,-48.4442024231],[-181.015396118,910.722900391,-261.754089355,-43.402973175,72.5096435547,-25.1238975525,59.4344902039,-108.08177948,66.4371643066,-71.5979537964,55.0926895142,-23.9881286621,52.3538551331],[-179.029907227,-261.754089355,389.895599365,-92.6399307251,38.7555809021,-13.8569774628,18.4527626038,25.9147720337,1.87832736969,47.7628517151,-17.192445755,10.5908441544,-31.7190952301],[233.252548218,-43.402973175,-92.6399307251,307.875,-44.5425682068,77.2666168213,-4.11780595779,25.9059238434,8.29452419281,-4.89378261566,5.07647895813,-16.5067062378,-0.880655884743],[-283.691772461,72.5096435547,38.7555809021,-44.5425682068,189.006637573,-9.4041261673,57.6883354187,-23.3333702087,13.8519973755,-17.9041233063,-7.4491276741,-11.1372842789,9.49641990662],[180.443557739,-25.1238975525,-13.8569774628,77.2666168213,-9.4041261673,142.801513672,23.6670227051,33.271522522,-9.17430591583,-1.69522976875,-20.9179325104,-2.61549854279,-4.98693752289],[-201.122665405,59.4344902039,18.4527626038,-4.11780595779,57.6883354187,23.6670227051,105.887413025,-6.71218776703,41.4306411743,-20.6597480774,3.35836672783,-21.3681468964,3.66433596611],[205.909942627,-108.08177948,25.9147720337,25.9059238434,-23.3333702087,33.271522522,-6.71218776703,105.61100769,-1.13047671318,44.3105354309,-19.5731658936,9.9924249649,-16.1125812531],[-187.908416748,66.4371643066,1.87832736969,8.29452419281,13.8519973755,-9.17430591583,41.4306411743,-1.13047671318,95.1309051514,3.7249610424,27.042181015,-13.1446352005,3.73128247261],[128.403656006,-71.5979537964,47.7628517151,-4.89378261566,-17.9041233063,-1.69522976875,-20.6597480774,44.3105354309,3.7249610424,80.4127731323,10.5043096542,17.4162101746,-13.4521827698],[-47.5431098938,55.0926895142,-17.192445755,5.07647895813,-7.4491276741,-20.9179325104,3.35836672783,-19.5731658936,27.042181015,10.5043096542,65.1047592163,17.5517921448,16.0158004761],[99.977722168,-23.9881286621,10.5908441544,-16.5067062378,-11.1372842789,-2.61549854279,-21.3681468964,9.9924249649,-13.1446352005,17.4162101746,17.5517921448,57.2758522034,18.1571235657],[-48.4442024231,52.3538551331,-31.7190952301,-0.880655884743,9.49641990662,-4.98693752289,3.66433596611,-16.1125812531,3.73128247261,-13.4521827698,16.0158004761,18.1571235657,50.6944580078]],"icov":[[0.000282026303466,-0.0000671596062602,0.0000976538285613,-0.00011644631013,0.000218181347009,-0.000202774419449,0.000169899067259,-0.000312745949486,0.000419734686147,-0.000224547606194,0.0000506738033437,-0.000349202309735,0.000244026523433],[-0.0000671596062602,0.00183885043953,0.00123927847017,0.000623306434136,-0.000554665923119,-0.000226998410653,-0.000378105818527,0.00115436490159,-0.000966514286119,0.000118292984553,-0.000715815636795,0.00051535887178,-0.00055709265871],[0.0000976538285613,0.00123927847017,0.00421851919964,0.00110537675209,-0.000725794292521,-0.0000615335593466,-0.00121617666446,0.0008811049629,-0.00056352163665,-0.0019979395438,0.00073000555858,-0.00113517837599,0.00165729608852],[-0.00011644631013,0.000623306434136,0.00110537675209,0.00464360043406,0.000224679941311,-0.00242969417013,0.00079386116704,-0.000581935397349,-0.000863964552991,0.000595706165768,-0.00188219244592,0.00228738063015,-0.000509103178047],[0.000218181347009,-0.000554665923119,-0.000725794292521,0.000224679941311,0.00731213530526,0.000661492696963,-0.00379154412076,0.000771778344642,0.000925137370359,-0.000576080637984,0.00199148338288,-0.000361672689905,-0.00117481010966],[-0.000202774419449,-0.000226998410653,-0.0000615335593466,-0.00242969417013,0.000661492696963,0.0102083394304,-0.00408283760771,-0.00195114407688,0.00152043963317,0.000354428077117,0.00292832474224,-0.00173564464785,0.000193875966943],[0.000169899067259,-0.000378105818527,-0.00121617666446,0.00079386116704,-0.00379154412076,-0.00408283760771,0.0170423313975,-0.00186432478949,-0.00559067120776,0.00412038853392,-0.00237423880026,0.00426105735824,-0.00098133564461],[-0.000312745949486,0.00115436490159,0.0008811049629,-0.000581935397349,0.000771778344642,-0.00195114407688,-0.00186432478949,0.0173355974257,-0.00288660218939,-0.00874400977045,0.00709251314402,-0.00354261766188,0.00127861567307],[0.000419734686147,-0.000966514286119,-0.00056352163665,-0.000863964552991,0.000925137370359,0.00152043963317,-0.00559067120776,-0.00288660218939,0.0170754697174,-0.00174625916407,-0.00671164924279,0.00406990014017,-0.000562943343539],[-0.000224547606194,0.000118292984553,-0.0019979395438,0.000595706165768,-0.000576080637984,0.000354428077117,0.00412038853392,-0.00874400977045,-0.00174625916407,0.0221834685653,-0.00693525001407,-0.00253025745042,0.00460167555138],[0.0000506738033437,-0.000715815636795,0.00073000555858,-0.00188219244592,0.00199148338288,0.00292832474224,-0.00237423880026,0.00709251314402,-0.00671164924279,-0.00693525001407,0.0269333161414,-0.0094249509275,-0.00292697828263],[-0.000349202309735,0.00051535887178,-0.00113517837599,0.00228738063015,-0.000361672689905,-0.00173564464785,0.00426105735824,-0.00354261766188,0.00406990014017,-0.00253025745042,-0.0094249509275,0.0294902827591,-0.0116292769089],[0.000244026523433,-0.00055709265871,0.00165729608852,-0.000509103178047,-0.00117481010966,0.000193875966943,-0.00098133564461,0.00127861567307,-0.000562943343539,0.00460167555138,-0.00292697828263,-0.0116292769089,0.0286316014826]],"mean":[-623.811462402,137.979934692,-47.7279891968,33.230594635,8.38307762146,36.6134414673,3.12927865982,11.1348419189,-3.39916443825,4.55937623978,-0.871513962746,4.58967733383,3.15002608299]},"pitch_salience":{"dmean":0.0888932496309,"dmean2":0.148117348552,"dvar":0.00662919180468,"dvar2":0.0183024313301,"max":0.966598927975,"mean":0.596243023872,"median":0.617448806763,"min":0.0576329566538,"var":0.0121928844601},"silence_rate_20dB":{"dmean":0,"dmean2":0,"dvar":0,"dvar2":0,"max":1,"mean":1,"median":1,"min":1,"var":0},"silence_rate_30dB":{"dmean":0.0175061672926,"dmean2":0.0350151211023,"dvar":0.017198741436,"dvar2":0.0457221604884,"max":1,"mean":0.988383173943,"median":1,"min":0,"var":0.0114829493687},"silence_rate_60dB":{"dmean":0.000318293954479,"dmean2":0.000636638549622,"dvar":0.000318179198075,"dvar2":0.000636237324215,"max":1,"mean":0.014958624728,"median":0,"min":0,"var":0.0147347515449},"spectral_centroid":{"dmean":230.886962891,"dmean2":343.188323975,"dvar":54687.3007812,"dvar2":111073.21875,"max":11572.96875,"mean":1752.62670898,"median":1736.47998047,"min":282.986816406,"var":356365.8125},"spectral_complexity":{"dmean":4.56958723068,"dmean2":6.72019720078,"dvar":16.2137527466,"dvar2":31.3232879639,"max":65,"mean":31.4661846161,"median":31,"min":0,"var":90.6434707642},"spectral_contrast_coeffs":{"dmean":[0.055212687701,0.0519869253039,0.0389565043151,0.0283615458757,0.0200937036425,0.0395439602435],"dmean2":[0.0919614955783,0.0879567414522,0.065856218338,0.0484144948423,0.0338328145444,0.0617334805429],"dvar":[0.00180565193295,0.00161664653569,0.000963516591582,0.000504756346345,0.000257929001236,0.00117718451656],"dvar2":[0.00490972585976,0.0045265853405,0.00266427756287,0.00143114477396,0.000721105257981,0.00283697596751],"max":[-0.45653539896,-0.453884661198,-0.532118082047,-0.600208997726,-0.614750742912,-0.410569012165],"mean":[-0.715109407902,-0.781524598598,-0.806514143944,-0.804966628551,-0.795148432255,-0.684439003468],"median":[-0.71865683794,-0.789233326912,-0.812548696995,-0.808406352997,-0.798248529434,-0.679574608803],"min":[-0.973222494125,-0.983757734299,-0.978299796581,-0.975417196751,-0.983346581459,-0.966782212257],"var":[0.0042331982404,0.00397419463843,0.00231394614093,0.00129309436306,0.00097423553234,0.00480555696413]},"spectral_contrast_valleys":{"dmean":[0.423472344875,0.396276473999,0.303028553724,0.242819234729,0.23062351346,0.517386555672],"dmean2":[0.702517986298,0.640891551971,0.490058124065,0.390717834234,0.334168046713,0.815757572651],"dvar":[0.122514687479,0.109525576234,0.069467201829,0.0546771548688,0.0635039284825,0.219476401806],"dvar2":[0.309926658869,0.260306060314,0.162199914455,0.122147135437,0.116301268339,0.538506865501],"max":[-5.16675424576,-4.76191663742,-5.05758714676,-5.09640836716,-5.05225133896,-9.11793041229],"mean":[-6.79646015167,-6.80659770966,-6.64100551605,-6.4252166748,-7.03195619583,-10.9438333511],"median":[-6.67165184021,-6.7502784729,-6.5426440239,-6.30254364014,-6.85715961456,-10.7673330307],"min":[-28.3648948669,-27.7739238739,-27.7906951904,-27.5755443573,-27.4218616486,-27.3079948425],"var":[1.48709177971,1.51895391941,1.50065147877,1.56300258636,1.66705477238,1.35150110722]},"spectral_decrease":{"dmean":4.63816451912e-9,"dmean2":7.70057351218e-9,"dvar":3.62771902862e-17,"dvar2":9.59187256311e-17,"max":1.40918654523e-8,"mean":-5.84815573745e-9,"median":-4.2656256305e-9,"min":-5.56437527166e-8,"var":4.19447340583e-17},"spectral_energy":{"dmean":0.0181261841208,"dmean2":0.0298930816352,"dvar":0.000507739197928,"dvar2":0.00134119426366,"max":0.228538036346,"mean":0.048043102026,"median":0.0435273423791,"min":1.03778031183e-20,"var":0.00065137736965},"spectral_energyband_high":{"dmean":0.000534268852789,"dmean2":0.000783712312113,"dvar":6.25943528121e-7,"dvar2":0.000001391723913,"max":0.036583211273,"mean":0.00179723941255,"median":0.00158307503443,"min":7.19696893005e-21,"var":0.00000149060088006},"spectral_energyband_low":{"dmean":0.0140341324732,"dmean2":0.0242040678859,"dvar":0.000416118564317,"dvar2":0.00114180357195,"max":0.197505176067,"mean":0.0168437734246,"median":0.010555550456,"min":1.92710436106e-23,"var":0.000369857647456},"spectral_energyband_middle_high":{"dmean":0.00393889052793,"dmean2":0.00604146299884,"dvar":0.0000268358216999,"dvar2":0.0000615403187112,"max":0.0828098580241,"mean":0.0123563017696,"median":0.00914970692247,"min":1.32057183557e-21,"var":0.000089480105089},"spectral_energyband_middle_low":{"dmean":0.00288782105781,"dmean2":0.00465939939022,"dvar":0.000016614480046,"dvar2":0.0000422790835728,"max":0.059492919594,"mean":0.00584947504103,"median":0.00377088878304,"min":2.01599614242e-22,"var":0.0000333241077897},"spectral_entropy":{"dmean":0.0992396399379,"dmean2":0.148146793246,"dvar":0.00791159365326,"dvar2":0.0173158720136,"max":9.81927490234,"mean":7.79842662811,"median":7.82030487061,"min":6.31063127518,"var":0.0545235909522},"spectral_flux":{"dmean":0.0309679787606,"dmean2":0.0500044487417,"dvar":0.00115709658712,"dvar2":0.00265013752505,"max":0.399366438389,"mean":0.138203606009,"median":0.130825474858,"min":6.52433593262e-11,"var":0.00244659790769},"spectral_kurtosis":{"dmean":3.86361169815,"dmean2":5.89184379578,"dvar":19.2336730957,"dvar2":47.1880912781,"max":93.3388595581,"mean":20.9086112976,"median":19.0616588593,"min":-1.30416095257,"var":96.0038604736},"spectral_rms":{"dmean":0.00119963032193,"dmean2":0.00193447514903,"dvar":0.00000166716517924,"dvar2":0.00000434689809481,"max":0.0149319767952,"mean":0.00659944582731,"median":0.00651657115668,"min":3.18193106412e-12,"var":0.00000331860701408},"spectral_rolloff":{"dmean":3811.2434082,"dmean2":7281.16455078,"dvar":48635332,"dvar2":125159408,"max":22050,"mean":18573.4941406,"median":20973.3398438,"min":21.533203125,"var":43278224},"spectral_skewness":{"dmean":0.308023959398,"dmean2":0.459902703762,"dvar":0.0943486467004,"dvar2":0.212821051478,"max":7.81891870499,"mean":2.98689556122,"median":2.84453773499,"min":-0.0382182002068,"var":0.653117835522},"spectral_spread":{"dmean":360532.53125,"dmean2":567903.3125,"dvar":282195853312,"dvar2":622462566400,"max":51549564,"mean":3900878.25,"median":3748054,"min":1877285,"var":3230332878850},"spectral_strongpeak":{"dmean":8.81057453156,"dmean2":16.0531311035,"dvar":373.30090332,"dvar2":929.957092285,"max":168.241653442,"mean":7.18653917313,"median":0.241622895002,"min":0,"var":383.002471924},"zerocrossingrate":{"dmean":0.0468032360077,"dmean2":0.0613755062222,"dvar":0.00153733848128,"dvar2":0.00264623202384,"max":0.7861328125,"mean":0.3569214046,"median":0.35205078125,"min":0.005859375,"var":0.00804193876684}},"metadata":{"audio_properties":{"analysis_sample_rate":44100,"bit_rate":320000,"codec":"mp3","downmix":"mix","equal_loudness":0,"length":291.787750244,"lossless":false,"md5_encoded":"4ec8d116cce25ed81c4493ca0a6c11ec","replay_gain":-9.83373641968,"sample_rate":44100},"tags":{"album":["Reign in Blood"],"albumartist":["Slayer"],"albumartistsort":["Slayer"],"artist":["Slayer"],"asin":["B000062YAZ"],"barcode":["07599241311"],"catalognumber":["GVS 24131"],"composer":["Jeff Hanneman"],"date":["1986"],"discnumber":["1/1"],"file_name":"01. Slayer - Angel of Death.mp3","genre":["Thrash Metal"],"isrc":["USSM18600233"],"label":["Def Jam Recordings"],"language":["eng"],"length":["0"],"lyricist":["Jeff Hanneman"],"media":["Vinyl"],"musicbrainz album release country":["US"],"musicbrainz album status":["official"],"musicbrainz album type":["album"],"musicbrainz_albumartistid":["bdacc37b-8633-4bf8-9dd5-4662ee651aec"],"musicbrainz_albumid":["f09a3d0b-5760-41e5-bd62-1e7403b27522"],"musicbrainz_artistid":["bdacc37b-8633-4bf8-9dd5-4662ee651aec"],"musicbrainz_recordingid":["e6a9437a-f89d-4c3e-85fe-a2ea5a840b6c"],"musicip_puid":["85b87c8d-4876-28ba-23f6-5c524c84ccfd"],"originaldate":["1986"],"script":["Latn"],"title":["Angel of Death"],"tracknumber":["1/10"]},"version":{"essentia":"2.1-beta1","essentia_build_sha":"ca57ba49d9b1854bd80e60cf9ccf267278fb7d6b","essentia_git_sha":"v2.1_beta1-28-g21ef5f4-dirty","extractor":"music 1.0"}},"rhythm":{"beats_count":494,"beats_loudness":{"dmean":0.0157938357443,"dmean2":0.0270380657166,"dvar":0.000168262500665,"dvar2":0.000484353455249,"max":0.104702785611,"mean":0.0512716434896,"median":0.0516752153635,"min":1.33065434227e-8,"var":0.000310310075292},"beats_loudness_band_ratio":{"dmean":[0.151105612516,0.0458339042962,0.0469007901847,0.0928160399199,0.0683068931103,0.0887708738446],"dmean2":[0.259663641453,0.0823576375842,0.0858858004212,0.162698283792,0.119664393365,0.154216140509],"dvar":[0.0134871117771,0.00276420777664,0.00548344803974,0.00796251