{"lowlevel":{"average_loudness":0.0935022309422,"barkbands":{"dmean":[0.0000317050726153,0.000269509589998,0.000159695249749,0.000122347817523,0.000545500312001,0.000542900292203,0.00067719334038,0.000750259205233,0.000547566800378,0.000637132965494,0.000382122991141,0.000358737597708,0.000386867439374,0.000217160733882,0.0002005087008,0.0000846804250614,0.000152118940605,0.0000258768723143,0.0000261978257186,0.0000107667583507,0.00000446695912615,0.00000138399718708,9.460290471e-7,3.5917142327e-7,3.42862364278e-7,1.85139597875e-7,1.27466357469e-8],"dmean2":[0.000052122552006,0.000415924470872,0.000237080545048,0.000206897035241,0.000837491301354,0.00072429026477,0.000957676093094,0.00103227398358,0.000794184394181,0.000926912180148,0.000577982573304,0.00056874670554,0.00063351605786,0.000342788087437,0.000326440873323,0.000141750235343,0.00026374933077,0.0000428814128099,0.0000439280265709,0.0000180844272109,0.00000757317502575,0.00000213611861,0.0000015219151237,5.446466389e-7,5.34877813152e-7,2.9200816698e-7,2.00622736202e-8],"dvar":[9.14522457762e-10,2.10701557535e-7,8.43961700525e-8,4.59137581288e-8,6.82144616349e-7,0.00000172507213847,0.00000327495740748,0.000004498612725,0.00000386228475691,0.00000490140109832,0.00000149313791553,9.29491136503e-7,0.00000219660432776,3.3961276813e-7,2.70366513178e-7,6.35034851371e-8,2.45001160692e-7,4.19013224118e-9,4.63528326833e-9,4.82025808157e-10,2.43278036605e-10,1.23800769983e-11,6.87780301462e-12,1.05918691786e-12,1.10605968828e-12,7.61545503308e-13,9.83601763406e-16],"dvar2":[2.41965736336e-9,4.01706103048e-7,1.87185392519e-7,1.32387654617e-7,0.00000162291496508,0.00000307691288981,0.0000070578435043,0.00000912189716473,0.00000939601250138,0.0000112056159196,0.00000353096083927,0.00000240396911977,0.00000621680555923,8.40219286147e-7,6.96200345374e-7,1.6714390938e-7,7.42178713153e-7,9.87685844223e-9,1.21902647976e-8,1.30894317607e-9,6.84791001682e-10,2.50677222036e-11,1.59175641418e-11,1.8054304796e-12,2.63743714368e-12,2.03377787701e-12,1.93425669802e-15],"max":[0.000389355700463,0.0120309153572,0.0113250659779,0.00430853012949,0.014794989489,0.0990847200155,0.055987726897,0.0863768309355,0.073501162231,0.0687582194805,0.035839240998,0.0206978879869,0.0444092303514,0.0124801835045,0.0148364109918,0.00800559297204,0.0101824048907,0.00259773014113,0.00209367764182,0.000418292795075,0.000750864157453,0.000155701491167,0.000107982210466,0.0000415853828599,0.0000312832416967,0.0000372217764379,0.00000210907137443],"mean":[0.000137403403642,0.000613003387116,0.000382387399441,0.000209513120353,0.00133230327629,0.001789020258,0.00167293101549,0.00183369603474,0.00117899093311,0.00123252917547,0.000718207273167,0.000706364691723,0.000647603417747,0.000382722268114,0.000380911515094,0.000178050031536,0.000244126611506,0.0000593770164414,0.0000533211132279,0.0000220602487389,0.00000936548985919,0.00000383954238714,0.00000254709516412,0.00000109392669856,0.00000108394078779,6.00281168772e-7,6.31004084539e-8],"median":[0.000139941068483,0.000258556101471,0.000187030178495,0.0000930775640882,0.000777976238169,0.000569814466871,0.000347803375917,0.000288060226012,0.000195019791136,0.000211374717765,0.000149162151502,0.000106860374217,0.0000533235142939,0.0000556309751119,0.0000923310581129,0.0000336605808116,0.0000477826615679,0.0000189888905879,0.00000968540734902,0.00000731911177354,0.00000239660766965,8.99177848623e-7,4.66292505052e-7,2.82684368358e-7,2.36475145243e-7,1.10469628112e-7,3.49253035381e-8],"min":[2.05401112659e-25,1.83189831613e-24,5.19219373131e-25,1.95807232849e-25,1.1209306411e-23,5.49840586889e-24,6.74881232925e-24,3.09201309043e-24,1.11116951291e-23,1.0825080663e-23,7.96900265592e-24,1.66173328804e-23,1.98623926778e-23,3.65723614943e-23,3.65225181069e-23,5.9910211841e-23,5.51363285652e-23,9.07006899056e-23,1.25593282543e-22,1.81656932879e-22,1.71824684153e-22,2.77806114663e-22,3.58916515259e-22,6.07365998061e-22,8.92406812884e-22,1.28257453884e-21,1.92702689492e-21],"var":[4.35546487765e-9,0.00000122828885196,3.39105241665e-7,1.02957883996e-7,0.00000254116616816,0.0000201901766559,0.0000136694570756,0.0000190855043911,0.0000114502217912,0.0000132281247716,0.00000354309577233,0.0000027362898436,0.00000420100423071,7.83714881436e-7,8.57362692841e-7,2.49624690696e-7,4.2670694711e-7,2.12646149578e-8,1.67781024629e-8,1.35565969561e-9,3.70601910271e-10,5.4851945902e-11,2.55383873771e-11,4.49531254235e-12,5.85082980328e-12,4.5625430517e-12,5.90436259048e-15]},"barkbands_crest":{"dmean":1.78226149082,"dmean2":2.808562994,"dvar":2.78377389908,"dvar2":7.16971874237,"max":22.6149673462,"mean":8.84785079956,"median":8.12102794647,"min":2.8381485939,"var":10.8643140793},"barkbands_flatness_db":{"dmean":0.0122914761305,"dmean2":0.0190514475107,"dvar":0.000130806089146,"dvar2":0.00032619771082,"max":0.403972238302,"mean":0.165060400963,"median":0.163587957621,"min":0.0353827290237,"var":0.00108821049798},"barkbands_kurtosis":{"dmean":1.53154373169,"dmean2":2.45432782173,"dvar":8.26631164551,"dvar2":22.0844192505,"max":87.6186065674,"mean":2.55338382721,"median":1.194460392,"min":-1.71423482895,"var":24.9078216553},"barkbands_skewness":{"dmean":0.330609828234,"dmean2":0.5214381814,"dvar":0.119066283107,"dvar2":0.313648104668,"max":8.31067562103,"mean":0.985935509205,"median":0.894994139671,"min":-2.27120637894,"var":1.02375793457},"barkbands_spread":{"dmean":2.73324084282,"dmean2":4.37780714035,"dvar":10.2656326294,"dvar2":25.9519443512,"max":94.6229858398,"mean":13.6129188538,"median":12.5007247925,"min":0.646243989468,"var":41.9800796509},"dissonance":{"dmean":0.0213066898286,"dmean2":0.0356412082911,"dvar":0.000402526231483,"dvar2":0.00107760273386,"max":0.499898761511,"mean":0.447132229805,"median":0.45192566514,"min":0.114131852984,"var":0.00104197487235},"dynamic_complexity":7.09154415131,"erbbands":{"dmean":[0.00382258300669,0.074030213058,0.205324798822,0.243834108114,1.02864480019,2.02074813843,3.3775498867,5.05244398117,9.16523075104,10.5902357101,15.9233760834,11.4232091904,16.4922294617,21.6124191284,12.387966156,11.8079710007,17.2589683533,11.1191959381,11.8862581253,5.01507329941,4.97964572906,9.12067890167,1.66381788254,1.19553744793,1.11028575897,0.310590028763,0.232501700521,0.135380864143,0.0489255413413,0.0426061525941,0.0210980903357,0.00860766600817,0.00654334016144,0.00509987818077,0.00205109780654,0.00130258663557,0.000226096075494,0.000025858382287,0.00000272833267445,0.00000293820153274],"dmean2":[0.00636748364195,0.112822920084,0.295472741127,0.408051103354,1.6381033659,3.18258190155,4.74212503433,6.63315010071,12.7688093185,14.7932806015,21.7314929962,16.8439826965,23.7293739319,32.3640174866,19.0029697418,18.6008167267,28.2849254608,17.7081623077,19.3684444427,8.2258272171,8.52292442322,15.8194942474,2.72091221809,2.00461483002,1.84314477444,0.519460618496,0.395002484322,0.225465521216,0.0759327635169,0.0679371282458,0.0336786806583,0.013276158832,0.0100397290662,0.00808551907539,0.00310571119189,0.00202384847216,0.000360950129107,0.000040432492824,0.00000413080078943,0.00000434449430031],"dvar":[0.0000317842495861,0.0162092540413,0.128425359726,0.170665338635,3.1895647049,12.0840482712,36.1976089478,229.112182617,620.088378906,728.548706055,1490.16394043,1518.71044922,3699.29296875,4725.45849609,1099.73059082,794.588500977,4548.23828125,1107.71130371,1126.37182617,119.171211243,201.633590698,925.53338623,13.7868919373,9.65613365173,8.06037330627,0.368209064007,1.08236050606,0.0992309898138,0.0173907093704,0.0121684158221,0.00463417451829,0.000638119294308,0.000342371233273,0.000288086914225,0.000033426524169,0.0000372359827452,0.00000124617076835,4.84293583014e-9,3.26687531194e-11,3.28847504782e-11],"dvar2":[0.0000793692452135,0.030277390033,0.263186454773,0.481666594744,8.00628376007,30.598154068,74.8312149048,400.728302002,1295.31018066,1659.14465332,3014.22827148,3846.08374023,8405.93261719,10853.6259766,2672.64599609,1974.79528809,12968.4677734,2836.40893555,2972.15991211,301.943145752,559.20513916,2804.97924805,32.5177230835,26.6308059692,19.9927425385,0.982063531876,3.19057226181,0.260781675577,0.037431512028,0.0261308979243,0.0104537038133,0.00112494325731,0.000629472255241,0.000738822505809,0.0000695754788467,0.0000978105526883,0.00000332883905685,1.00092814037e-8,5.98614630087e-11,7.84035891765e-11],"max":[0.125108882785,3.35436749458,13.231341362,10.1057167053,46.5740013123,71.8145675659,195.13381958,1207.35498047,732.712890625,880.01373291,1273.95178223,1128.97265625,1930.27880859,1868.97705078,1059.47888184,594.467834473,2120.50585938,742.341186523,704.561645508,400.844573975,312.746673584,589.049377441,153.296936035,80.3693847656,116.967880249,19.1145248413,47.8962745667,7.22311019897,5.33105230331,5.30327415466,3.60120511055,1.15704786777,0.734133005142,0.514847040176,0.141835838556,0.255570888519,0.0549845024943,0.00383471255191,0.000384661077987,0.000170808532857],"mean":[0.00718135386705,0.171501293778,0.526727974415,0.50140362978,2.10583519936,4.45117807388,9.99432277679,16.7929821014,24.313829422,27.0405483246,39.2061653137,25.4030227661,34.9076347351,39.5406455994,27.3560390472,25.5475234985,30.2463703156,22.732749939,23.5926570892,12.1560869217,10.5172424316,14.9381284714,4.0479388237,2.6063580513,2.41066431999,0.829871952534,0.518878698349,0.316714644432,0.142846271396,0.116567701101,0.0578118152916,0.0257043484598,0.0193944349885,0.0143618294969,0.00651451898739,0.00386905227788,0.000768078723922,0.000107580293843,0.0000176083340193,0.0000166243644344],"median":[0.00383533514105,0.0710193738341,0.258022159338,0.29763546586,1.10706651211,2.43606519699,3.48274564743,4.47554159164,5.16523504257,6.16882991791,6.86982154846,5.88057613373,4.4384264946,8.566447258,5.14769458771,4.81056547165,3.24224305153,3.35235476494,4.43891811371,3.50962996483,2.40155482292,2.81415891647,1.38586759567,0.56486582756,0.591926276684,0.286162018776,0.123273402452,0.0745552182198,0.031766410917,0.0253251083195,0.0124389566481,0.00685536535457,0.00499662663788,0.00341457314789,0.00124351552222,0.000560796412174,0.000172641215613,0.0000395947863581,0.00000896335586731,0.00000779718811827],"min":[3.14225260437e-23,3.37960810276e-22,1.91781724046e-21,3.39843559986e-21,1.27810342164e-20,3.03715259276e-20,5.59835450835e-20,5.57410196053e-20,1.17565345155e-19,1.95882042995e-19,2.13283157198e-19,3.05682501568e-19,2.9258102049e-19,3.85703230243e-19,7.37518318357e-19,8.06293991893e-19,1.1228823787e-18,1.864085218e-18,2.32523117167e-18,2.63519187721e-18,2.86214149277e-18,3.90365514859e-18,5.43364397833e-18,5.932574922e-18,7.39312359368e-18,9.38099907868e-18,8.98921573489e-18,7.41081119672e-18,1.01467797287e-17,1.14831768623e-17,1.07027906842e-17,1.07068595856e-17,9.78401388083e-18,7.92050417374e-18,6.33182894749e-18,4.16017254194e-18,2.32324118191e-18,9.45089728801e-19,2.31750571834e-19,2.75209484457e-20],"var":[0.000111209032184,0.096558958292,0.632950544357,0.398030042648,8.87913894653,33.876914978,301.454406738,2810.93725586,2973.25292969,3033.53149414,6380.27929688,4152.98486328,11181.5039062,11245.1054688,3698.84057617,2616.85498047,8521.18359375,2941.54394531,3254.40454102,644.935852051,624.323364258,1591.57312012,80.9043655396,28.6142559052,34.2036132812,1.82000017166,1.77175617218,0.319768339396,0.073749653995,0.0515052974224,0.013944667764,0.00241876998916,0.00150112865958,0.00125879643019,0.000194523527171,0.000204220967134,0.00000708223524271,3.10620507094e-8,4.15895679007e-10,4.78956374561e-10]},"erbbands_crest":{"dmean":2.53326845169,"dmean2":4.03313684464,"dvar":6.11698913574,"dvar2":15.7212190628,"max":30.7007637024,"mean":10.0898237228,"median":9.23900604248,"min":2.45699381828,"var":17.5928516388},"erbbands_flatness_db":{"dmean":0.0119270384312,"dmean2":0.0183345135301,"dvar":0.000112652109237,"dvar2":0.000272018078249,"max":0.348662316799,"mean":0.217042028904,"median":0.224094331264,"min":0.0310252327472,"var":0.00178710347973},"erbbands_kurtosis":{"dmean":0.712059020996,"dmean2":1.14988017082,"dvar":1.08076834679,"dvar2":2.46100974083,"max":56.0319671631,"mean":0.188815698028,"median":-0.141093969345,"min":-1.74262821674,"var":3.87112307549},"erbbands_skewness":{"dmean":0.301617622375,"dmean2":0.470550447702,"dvar":0.0707373991609,"dvar2":0.174954861403,"max":6.29971981049,"mean":0.29908105731,"median":0.298365145922,"min":-3.37808871269,"var":0.447261810303},"erbbands_spread":{"dmean":4.10024690628,"dmean2":6.44334983826,"dvar":18.8646717072,"dvar2":46.9426994324,"max":101.837509155,"mean":24.1343822479,"median":21.7008533478,"min":2.88137292862,"var":129.613861084},"gfcc":{"cov":[[48155.0742188,6036.25146484,-6574.48535156,-1105.87524414,-2660.92626953,-310.552276611,-1287.25769043,46.6040077209,-389.236297607,-62.7339096069,-228.522232056,-288.766937256,-142.474060059],[6036.25146484,1310.02233887,-824.911682129,-120.337127686,-183.626602173,-170.406356812,-112.19393158,-66.1997833252,-67.4096221924,-50.1964187622,-30.2777233124,-71.4123535156,37.9882240295],[-6574.48535156,-824.911682129,1107.39831543,195.735092163,342.225006104,59.1617851257,135.355712891,5.10765790939,27.6899471283,17.9096336365,22.7288894653,44.3795394897,13.2743959427],[-1105.87524414,-120.337127686,195.735092163,297.324462891,172.934158325,8.76238441467,35.3165664673,12.30975914,17.4988136292,11.2583322525,-7.91730976105,25.4046916962,-13.7887163162],[-2660.92626953,-183.626602173,342.225006104,172.934158325,319.092346191,5.87944126129,94.2435150146,-13.1734991074,8.71473407745,3.85828280449,-1.46318268776,19.3521175385,16.2697715759],[-310.552276611,-170.406356812,59.1617851257,8.76238441467,5.87944126129,133.46156311,42.3938560486,27.2697505951,3.29128408432,8.90094470978,0.687238693237,4.46010971069,-23.602930069],[-1287.25769043,-112.19393158,135.355712891,35.3165664673,94.2435150146,42.3938560486,159.074707031,15.0057029724,36.6283531189,5.39330053329,9.19706439972,2.7887275219,-8.70432186127],[46.6040077209,-66.1997833252,5.10765790939,12.30975914,-13.1734991074,27.2697505951,15.0057029724,80.9919281006,32.4314613342,7.80426836014,-6.664021492,2.855073452,-17.5999069214],[-389.236297607,-67.4096221924,27.6899471283,17.4988136292,8.71473407745,3.29128408432,36.6283531189,32.4314613342,99.2548599243,23.0140209198,17.4649219513,-3.4152431488,-8.25049686432],[-62.7339096069,-50.1964187622,17.9096336365,11.2583322525,3.85828280449,8.90094470978,5.39330053329,7.80426836014,23.0140209198,67.7288894653,16.7862529755,6.64819955826,-11.5634098053],[-228.522232056,-30.2777233124,22.7288894653,-7.91730976105,-1.46318268776,0.687238693237,9.19706439972,-6.664021492,17.4649219513,16.7862529755,61.2406044006,17.6417064667,9.46643829346],[-288.766937256,-71.4123535156,44.3795394897,25.4046916962,19.3521175385,4.46010971069,2.7887275219,2.855073452,-3.4152431488,6.64819955826,17.6417064667,63.4916229248,13.0016765594],[-142.474060059,37.9882240295,13.2743959427,-13.7887163162,16.2697715759,-23.602930069,-8.70432186127,-17.5999069214,-8.25049686432,-11.5634098053,9.46643829346,13.0016765594,65.0825424194]],"icov":[[0.000572705583181,-0.00152375770267,0.00166819419246,-0.000824956048746,0.00213763536885,-0.00149883108679,0.00142040615901,-0.000984126119874,0.000707576982677,-0.00109206407797,0.000616776116658,-0.000610744231381,0.00040196016198],[-0.00152375770267,0.00610855314881,-0.002886535367,0.00190970569383,-0.0059817424044,0.00575556978583,-0.00421656854451,0.00299725565128,-0.000935350020882,0.00325593585148,-0.0018325438723,0.00318851065822,-0.00198911060579],[0.00166819419246,-0.002886535367,0.00745556270704,-0.00266536953859,0.00458509335294,-0.00350791588426,0.00363166071475,-0.0026947655715,0.00269223190844,-0.00296087749302,0.00125620292965,-0.000973343267106,0.00041692252853],[-0.000824956048746,0.00190970569383,-0.00266536953859,0.00675516948104,-0.00629105325788,0.00195192475803,-0.000889602641109,0.000766157987528,-0.00206862669438,0.00140589522198,0.0000912512768991,-0.00128130021039,0.00165322597604],[0.00213763536885,-0.0059817424044,0.00458509335294,-0.00629105325788,0.0155235389248,-0.00500501366332,0.00214495556429,-0.00225397036411,0.00323180854321,-0.00458364328369,0.00343498331495,-0.00225014379248,-0.000570247881114],[-0.00149883108679,0.00575556978583,-0.00350791588426,0.00195192475803,-0.00500501366332,0.0149936405942,-0.00675422651693,0.000128846266307,0.00102765485644,0.00240320735611,-0.00219397596084,0.00235785054974,0.000714071968105],[0.00142040615901,-0.00421656854451,0.00363166071475,-0.000889602641109,0.00214495556429,-0.00675422651693,0.0132776470855,-0.0027048275806,-0.001729377429,-0.00158543884754,0.000633366929833,-0.00171025271993,0.00244867918082],[-0.000984126119874,0.00299725565128,-0.0026947655715,0.000766157987528,-0.00225397036411,0.000128846266307,-0.0027048275806,0.018720490858,-0.00705262413248,0.00211962079629,0.00286953896284,-0.0012656749459,0.00143701769412],[0.000707576982677,-0.000935350020882,0.00269223190844,-0.00206862669438,0.00323180854321,0.00102765485644,-0.001729377429,-0.00705262413248,0.0162697732449,-0.00472859572619,-0.00366391753778,0.00289543252438,-0.000289289775537],[-0.00109206407797,0.00325593585148,-0.00296087749302,0.00140589522198,-0.00458364328369,0.00240320735611,-0.00158543884754,0.00211962079629,-0.00472859572619,0.019950075075,-0.00539347017184,0.00000364050242752,0.0027181035839],[0.000616776116658,-0.0018325438723,0.00125620292965,0.0000912512768991,0.00343498331495,-0.00219397596084,0.000633366929833,0.00286953896284,-0.00366391753778,-0.00539347017184,0.0223373714834,-0.00665950030088,-0.00195210799575],[-0.000610744231381,0.00318851065822,-0.000973343267106,-0.00128130021039,-0.00225014379248,0.00235785054974,-0.00171025271993,-0.0012656749459,0.00289543252438,0.00000364050242752,-0.00665950030088,0.0215125754476,-0.00538571132347],[0.00040196016198,-0.00198911060579,0.00041692252853,0.00165322597604,-0.000570247881114,0.000714071968105,0.00244867918082,0.00143701769412,-0.000289289775537,0.0027181035839,-0.00195210799575,-0.00538571132347,0.0205950345844]],"mean":[-147.061126709,144.506317139,-133.445968628,2.20655989647,-40.477016449,-6.27616071701,-32.3521270752,1.64554750919,-17.5917434692,-0.275201737881,-10.8412981033,-1.50719356537,-5.65855932236]},"hfc":{"dmean":1.9423365593,"dmean2":2.99616932869,"dvar":17.5586833954,"dvar2":45.668964386,"max":111.898887634,"mean":9.9092168808,"median":3.28311729431,"min":1.08433637427e-16,"var":218.328918457},"melbands":{"dmean":[0.0000542774687347,0.00010568190919,0.0000589413793932,0.000108193169581,0.000110723762191,0.000113171969133,0.000138759773108,0.000129948544782,0.000129129461129,0.00007369749801,0.0000870064250194,0.0000926208304008,0.0000420260112151,0.0000365515370504,0.0000342710663972,0.0000413367415604,0.0000209874833672,0.0000214785522985,0.0000127293378682,0.0000061144164647,0.00000548198886463,0.000012858043192,0.00000202050341613,9.42949725413e-7,0.00000109640848223,9.05669764961e-7,7.14700149729e-7,1.61717579772e-7,2.19712859462e-7,9.10261235276e-8,6.8245157081e-8,3.34240510824e-8,2.77165472795e-8,2.58567940392e-8,1.28186048443e-8,1.07000843741e-8,4.65704275143e-9,5.42140421445e-9,4.59569227118e-9,4.66044003389e-9],"dmean2":[0.0000863421155373,0.000153447457706,0.0000973889546003,0.000170432962477,0.000159421993885,0.000150614767335,0.000193229148863,0.00017931619368,0.000175286229933,0.000109466178401,0.000125085120089,0.000138238960062,0.0000640620492049,0.0000568018040212,0.0000551069351786,0.0000675114642945,0.0000329831964336,0.0000352644565282,0.0000208655292226,0.0000099345425042,0.00000942580390983,0.0000223949373321,0.00000328429632646,0.00000153385065005,0.00000185498174687,0.00000151609913246,0.00000119999594972,2.72898034837e-7,3.75962173393e-7,1.53610344e-7,1.12588914192e-7,5.30896890893e-8,4.34889528833e-8,4.2168817771e-8,2.04952339544e-8,1.72096576989e-8,7.17305681519e-9,8.53371062703e-9,7.1373364996e-9,7.49529149857e-9],"dvar":[8.0422903892e-9,3.09889429673e-8,8.56320259146e-9,3.21118065472e-8,3.60317642389e-8,9.46296552229e-8,1.37838725323e-7,1.27494942603e-7,8.90746250093e-8,7.95346934979e-8,1.07849288611e-7,8.09927200862e-8,1.14482592295e-8,1.1245870013e-8,8.5928917315e-9,3.09866088344e-8,3.84601817061e-9,3.78762710085e-9,8.01811894657e-10,2.91099561123e-10,2.26029570061e-10,1.94979654644e-9,2.24336920568e-11,7.47455396188e-12,8.62182200634e-12,5.90000791278e-12,3.21157748832e-12,1.18493512528e-13,1.18875157114e-12,4.40565891603e-14,2.6330806906e-14,8.88199172007e-15,5.55879432383e-15,5.31603806927e-15,1.8423832694e-15,9.29446817802e-16,1.95928011593e-16,2.42863377749e-16,1.54890800545e-16,3.56322196954e-16],"dvar2":[1.68320628546e-8,5.9311172862e-8,2.3977930752e-8,7.92580081566e-8,7.53540163601e-8,1.70938420752e-7,2.83366517806e-7,2.71466404911e-7,1.75768505528e-7,1.99589564431e-7,2.46271099513e-7,1.86372105304e-7,2.74988067872e-8,2.84304544351e-8,2.15484998733e-8,8.93680649483e-8,9.39853173065e-9,1.00393355851e-8,2.01662420096e-9,6.96906976572e-10,6.36673824772e-10,5.91504845104e-9,5.15360948361e-11,1.64506117062e-11,2.40577644611e-11,1.49842204616e-11,8.88040942865e-12,3.15304965297e-13,3.51621010954e-12,1.16817308864e-13,6.70359221692e-14,2.08521893329e-14,1.02930562836e-14,1.30172912719e-14,4.17822972266e-15,2.23136028053e-15,3.52267635524e-16,4.91273127237e-16,3.12066154828e-16,9.83991716199e-16],"max":[0.0022536679171,0.00539172813296,0.00185549876187,0.00367532344535,0.00650805933401,0.0235356856138,0.0103957904503,0.0140836173669,0.00825499836355,0.00982861407101,0.0103536145762,0.00707081519067,0.00249465787783,0.00261916127056,0.00246760831214,0.00587576208636,0.00145700038411,0.00133727560751,0.00141962128691,0.000738186994568,0.000256510364125,0.000870601739734,0.000254742946709,0.000127503153635,0.0000701834287611,0.0000858028943185,0.0000478096662846,0.00000946562704485,0.0000499903944728,0.00000540629071111,0.00000379033917852,0.00000314519206768,0.00000426008500654,0.00000230730393014,0.00000227465557145,0.00000119521666875,6.19138404545e-7,5.90275590184e-7,6.03115552167e-7,6.1770862203e-7],"mean":[0.000121486278658,0.000271686410997,0.000129086300149,0.000230562320212,0.000325309723848,0.000374340568669,0.00036433339119,0.000327651039697,0.000308722665068,0.000155534085934,0.000177098874701,0.000164802215295,0.0000886697889655,0.0000769492398831,0.0000613310330664,0.0000677714997437,0.0000391514877265,0.0000392194306187,0.0000241080597334,0.0000133401845233,0.0000105029912447,0.0000195288903342,0.00000444564193458,0.00000221373147724,0.00000210407529266,0.00000186711918104,0.00000140633119372,3.79900370717e-7,4.15557082079e-7,2.04756730682e-7,1.52162982658e-7,8.0849346773e-8,6.99314668395e-8,6.39719814899e-8,3.23630899857e-8,2.46817108973e-8,1.26361348052e-8,1.41949607624e-8,1.22330137131e-8,1.19007772525e-8],"median":[0.0000589345254411,0.000130116430228,0.0000757197776693,0.000134130648803,0.000125812613987,0.000108991931484,0.0000767425590311,0.0000625094107818,0.0000509224519192,0.000028857968573,0.0000189066795429,0.0000327089546772,0.0000167287416843,0.0000122116207422,0.00000969816028373,0.00000525932910023,0.00000572912722419,0.00000612987969362,0.00000671438965583,0.00000261816990133,0.00000238942857322,0.00000320097615258,0.00000133078106046,6.54913151266e-7,3.97725159473e-7,3.77502999527e-7,3.31567264311e-7,1.16103613834e-7,7.27624822616e-8,6.68657875735e-8,2.98163094214e-8,1.5397795039e-8,1.63722546631e-8,1.04240678311e-8,6.63106325405e-9,5.75426906124e-9,2.90923662938e-9,3.20241233531e-9,3.40508199415e-9,2.18186646528e-9],"min":[4.29494925417e-25,8.10619365316e-25,9.52766874234e-25,1.7966133567e-24,2.02872068971e-24,1.29189275397e-24,1.66934287699e-24,2.01013887387e-24,1.75151516483e-24,1.94899465953e-24,1.13439953386e-24,1.35540621342e-24,1.56976950087e-24,1.96775732173e-24,2.1679510896e-24,2.23310666164e-24,2.85047453088e-24,1.63061197591e-24,2.97564742944e-24,3.44408545952e-24,2.79513298015e-24,2.95082237119e-24,3.56641924769e-24,3.67610838441e-24,3.52120568491e-24,4.05261355067e-24,3.49462422785e-24,5.73702761525e-24,3.59101908616e-24,3.48818475628e-24,3.65678444767e-24,3.38859658902e-24,5.49369558043e-24,5.09919255261e-24,5.5196502875e-24,5.27435122801e-24,6.31981990823e-24,5.71965492597e-24,6.23596991046e-24,5.59233395916e-24],"var":[4.11434193381e-8,1.78421231567e-7,2.37840591666e-8,8.60705000605e-8,2.81739659158e-7,0.00000111883025511,6.73370607274e-7,5.46465685147e-7,3.75603377734e-7,2.15969805595e-7,3.18692201517e-7,1.94817943111e-7,3.68689043739e-8,3.28074811762e-8,2.10388098054e-8,5.46585248173e-8,9.45490263859e-9,9.8210506394e-9,2.78092815442e-9,1.47703849152e-9,6.17437434514e-10,3.22805293607e-9,1.1220992191e-10,3.17129621175e-11,2.08525783446e-11,2.30271149371e-11,9.8668703416e-12,4.32931116087e-13,1.79376749999e-12,1.42243110194e-13,8.29948834809e-14,2.80408037962e-14,2.15251231281e-14,1.92426098927e-14,5.02531772705e-15,2.67189830475e-15,7.08429240326e-16,9.09251328878e-16,6.29646017688e-16,1.37584260425e-15]},"melbands_crest":{"dmean":2.37648582458,"dmean2":3.72658205032,"dvar":4.85722827911,"dvar2":12.4798002243,"max":33.8756370544,"mean":12.4324131012,"median":11.3948068619,"min":1.53472781181,"var":28.57554245},"melbands_flatness_db":{"dmean":0.0143753504381,"dmean2":0.0220861919224,"dvar":0.000210333644645,"dvar2":0.000536258448847,"max":0.487611234188,"mean":0.247161626816,"median":0.24913495779,"min":0.00302702980116,"var":0.00338197057135},"melbands_kurtosis":{"dmean":3.11755490303,"dmean2":5.02334737778,"dvar":58.1130142212,"dvar2":161.364227295,"max":214.12272644,"mean":6.19001150131,"median":2.99937915802,"min":-1.45278954506,"var":135.788894653},"melbands_skewness":{"dmean":0.424887835979,"dmean2":0.668353796005,"dvar":0.265747189522,"dvar2":0.720680773258,"max":11.7903833389,"mean":1.68856465816,"median":1.42285501957,"min":-0.691887557507,"var":1.74717843533},"melbands_spread":{"dmean":3.79618740082,"dmean2":6.08121490479,"dvar":21.6134910583,"dvar2":55.9008712769,"max":163.028701782,"mean":19.6752414703,"median":15.6828193665,"min":0.584080576897,"var":444.847381592},"mfcc":{"cov":[[15228.4238281,4387.34423828,-1793.57641602,-576.060180664,-786.163024902,-309.018615723,-492.182861328,-97.4309463501,-237.084533691,38.5488967896,69.6713943481,-160.333465576,53.8807945251],[4387.34423828,2374.53320312,-540.830810547,34.8199996948,-85.8698883057,-148.798477173,-80.966255188,-110.290618896,-52.3293685913,-15.4624385834,-84.1194381714,-80.6149139404,-8.04625320435],[-1793.57641602,-540.830810547,424.968566895,84.4422149658,111.186759949,49.9494514465,54.3878669739,14.8730621338,24.5138988495,-18.2589607239,13.8202371597,46.5405883789,-7.83230447769],[-576.060180664,34.8199996948,84.4422149658,250.774169922,132.958267212,25.1998767853,33.3443984985,0.62672328949,23.3872509003,-2.12188339233,-29.6561698914,21.1822853088,24.9838314056],[-786.163024902,-85.8698883057,111.186759949,132.958267212,194.039840698,27.9463977814,44.8228225708,-9.55955886841,18.7165546417,-9.37908935547,-28.5160961151,1.89513790607,-0.494649916887],[-309.018615723,-148.798477173,49.9494514465,25.1998767853,27.9463977814,107.343032837,50.6046028137,25.3727741241,10.5750217438,9.22002220154,11.9599103928,17.6173286438,6.54960727692],[-492.182861328,-80.966255188,54.3878669739,33.3443984985,44.8228225708,50.6046028137,104.199951172,26.0526981354,14.938337326,0.607520103455,-8.70136833191,0.241392657161,-7.16209554672],[-97.4309463501,-110.290618896,14.8730621338,0.62672328949,-9.55955886841,25.3727741241,26.0526981354,91.0946960449,24.9962329865,12.4446001053,12.2203474045,9.59088802338,7.36051940918],[-237.084533691,-52.3293685913,24.5138988495,23.3872509003,18.7165546417,10.5750217438,14.938337326,24.9962329865,68.9706802368,23.5576553345,1.85280048847,12.3111839294,-0.696595907211],[38.5488967896,-15.4624385834,-18.2589607239,-2.12188339233,-9.37908935547,9.22002220154,0.607520103455,12.4446001053,23.5576553345,74.5886383057,21.6573886871,1.9375718832,4.8791642189],[69.6713943481,-84.1194381714,13.8202371597,-29.6561698914,-28.5160961151,11.9599103928,-8.70136833191,12.2203474045,1.85280048847,21.6573886871,78.4430007935,28.6530056,-0.00542815495282],[-160.333465576,-80.6149139404,46.5405883789,21.1822853088,1.89513790607,17.6173286438,0.241392657161,9.59088802338,12.3111839294,1.9375718832,28.6530056,88.6545791626,28.7651786804],[53.8807945251,-8.04625320435,-7.83230447769,24.9838314056,-0.494649916887,6.54960727692,-7.16209554672,7.36051940918,-0.696595907211,4.8791642189,-0.00542815495282,28.7651786804,62.9195518494]],"icov":[[0.00033047402394,-0.000509215460625,0.000542205700185,0.000340214901371,0.000298421218758,-0.000444110948592,0.000863393186592,-0.000480359856738,0.000382752070436,0.0000781033668318,-0.000526860996615,0.000100067038147,-0.0002602787863],[-0.000509215460625,0.00148801808245,0.0000609637245361,-0.0010533152381,-0.000264920963673,0.00123123941012,-0.00153760809917,0.0012885290198,-0.000509442645125,-0.0000255160503002,0.0010862093186,-0.000228306162171,0.000696986971889],[0.000542205700185,0.0000609637245361,0.00525112915784,-0.000279499014141,-0.000811878417153,-0.000512903730851,0.000537367188372,-0.000297824968584,0.000291954609565,0.00129999034107,-0.00139306148048,-0.00145271187648,0.00101759238169],[0.000340214901371,-0.0010533152381,-0.000279499014141,0.00769561901689,-0.00416562939063,-0.000977379619144,0.000934356765356,-0.000966213643551,-0.000452325213701,-0.000403746176744,0.000892555690371,-0.000971285335254,-0.00275777303614],[0.000298421218758,-0.000264920963673,-0.000811878417153,-0.00416562939063,0.0103128151968,-0.000967317842878,-0.00119823589921,0.00173462624662,-0.000904934946448,0.000550915894564,0.000966913066804,0.00113545323256,0.000534273101948],[-0.000444110948592,0.00123123941012,-0.000512903730851,-0.000977379619144,-0.000967317842878,0.0144355483353,-0.00718535482883,-0.000579417450354,0.000424006779213,-0.00119185971562,-0.000971560250036,-0.00145960238297,-0.00063405680703],[0.000863393186592,-0.00153760809917,0.000537367188372,0.000934356765356,-0.00119823589921,-0.00718535482883,0.0171498730779,-0.00452435389161,0.000425227248343,0.000262664892944,0.000768631696701,0.000708781299181,0.00164022878744],[-0.000480359856738,0.0012885290198,-0.000297824968584,-0.000966213643551,0.00173462624662,-0.000579417450354,-0.00452435389161,0.0153488647193,-0.00540442066267,0.000234859035118,-0.000872761418577,0.000703490513843,-0.00171362946276],[0.000382752070436,-0.000509442645125,0.000291954609565,-0.000452325213701,-0.000904934946448,0.000424006779213,0.000425227248343,-0.00540442066267,0.0204021185637,-0.00664052274078,0.00203880434856,-0.00355989346281,0.00282090110704],[0.0000781033668318,-0.0000255160503002,0.00129999034107,-0.000403746176744,0.000550915894564,-0.00119185971562,0.000262664892944,0.000234859035118,-0.00664052274078,0.0177439916879,-0.00593053549528,0.00296873413026,-0.00242441706359],[-0.000526860996615,0.0010862093186,-0.00139306148048,0.000892555690371,0.000966913066804,-0.000971560250036,0.000768631696701,-0.000872761418577,0.00203880434856,-0.00593053549528,0.0198596958071,-0.00707859313115,0.00408090883866],[0.000100067038147,-0.000228306162171,-0.00145271187648,-0.000971285335254,0.00113545323256,-0.00145960238297,0.000708781299181,0.000703490513843,-0.00355989346281,0.00296873413026,-0.00707859313115,0.0178000107408,-0.00815873965621],[-0.0002602787863,0.000696986971889,0.00101759238169,-0.00275777303614,0.000534273101948,-0.00063405680703,0.00164022878744,-0.00171362946276,0.00282090110704,-0.00242441706359,0.00408090883866,-0.00815873965621,0.0218339711428]],"mean":[-762.461425781,177.920410156,-28.9640617371,12.3371047974,1.66989266872,-3.66614460945,-3.96433186531,-3.17535185814,-1.63970410824,-1.02880120277,-2.36201715469,-0.38890171051,2.40144014359]},"pitch_salience":{"dmean":0.051005858928,"dmean2":0.0812796875834,"dvar":0.00186576531269,"dvar2":0.0047818296589,"max":0.863521158695,"mean":0.584404349327,"median":0.58710962534,"min":0.121659874916,"var":0.00886822491884},"silence_rate_20dB":{"dmean":0,"dmean2":0,"dvar":0,"dvar2":0,"max":1,"mean":1,"median":1,"min":1,"var":0},"silence_rate_30dB":{"dmean":0.00233304174617,"dmean2":0.00466676382348,"dvar":0.00232767546549,"dvar2":0.00552030932158,"max":1,"mean":0.997229933739,"median":1,"min":0,"var":0.00276239495724},"silence_rate_60dB":{"dmean":0.0349956266582,"dmean2":0.0700014606118,"dvar":0.0337684676051,"dvar2":0.0770647898316,"max":1,"mean":0.307041853666,"median":0,"min":0,"var":0.212783694267},"spectral_centroid":{"dmean":129.892654419,"dmean2":208.792053223,"dvar":47378.9648438,"dvar2":107616.28125,"max":11989.5927734,"mean":1188.91821289,"median":862.897705078,"min":291.894500732,"var":3043723},"spectral_complexity":{"dmean":1.53426659107,"dmean2":2.57984542847,"dvar":2.1183886528,"dvar2":5.78343057632,"max":34,"mean":12.1269865036,"median":11,"min":0,"var":54.2720413208},"spectral_contrast_coeffs":{"dmean":[0.0408802032471,0.0353948138654,0.0310342814773,0.0260553918779,0.0191985331476,0.0117024453357],"dmean2":[0.068082049489,0.0566521883011,0.0496499463916,0.0436969250441,0.0326502025127,0.0194279365242],"dvar":[0.00111057807226,0.000856839469634,0.000643651525024,0.000429622101365,0.000245409319177,0.0000910509334062],"dvar2":[0.00301378499717,0.00222778995521,0.00164725689683,0.00116142153274,0.00068957003532,0.000243362563197],"max":[-0.372761964798,-0.401674687862,-0.462344199419,-0.576680898666,-0.596866309643,-0.654895842075],"mean":[-0.662427663803,-0.72002106905,-0.759000718594,-0.767312169075,-0.768554627895,-0.779473781586],"median":[-0.653011977673,-0.714979529381,-0.751977086067,-0.764147162437,-0.763823032379,-0.772888541222],"min":[-0.980346858501,-0.978221654892,-0.984429240227,-0.983929514885,-0.981627345085,-0.979557693005],"var":[0.00895102042705,0.00849844887853,0.00551033671945,0.003391725244,0.00321832695045,0.00230242195539]},"spectral_contrast_valleys":{"dmean":[0.35977190733,0.279923975468,0.236211240292,0.191357731819,0.134464770555,0.109663099051],"dmean2":[0.608230888844,0.462810486555,0.390949249268,0.319407939911,0.222364395857,0.166598722339],"dvar":[0.106144994497,0.0771157294512,0.0596744976938,0.0475760772824,0.038223657757,0.0353799387813],"dvar2":[0.253945678473,0.168531015515,0.124440304935,0.0954656302929,0.0678092315793,0.0560781508684],"max":[-6.1876282692,-4.73794031143,-5.35702991486,-5.89603233337,-7.08030462265,-9.54093837738],"mean":[-8.69814109802,-7.76458406448,-8.51064872742,-8.985247612,-9.66929531097,-12.897354126],"median":[-7.97970581055,-6.96629190445,-7.80965471268,-8.36055088043,-9.06252765656,-12.4158182144],"min":[-28.5418148041,-28.3993835449,-28.0868396759,-27.8169345856,-27.5021152496,-27.4145641327],"var":[11.7370204926,13.6812181473,13.1372261047,12.2799739838,11.0025596619,7.48365592957]},"spectral_decrease":{"dmean":6.31769803139e-10,"dmean2":9.28222110286e-10,"dvar":1.4708134661e-18,"dvar2":3.44851638732e-18,"max":2.36924459159e-28,"mean":-3.41641404056e-9,"median":-1.63218327742e-9,"min":-3.73840407519e-8,"var":2.04939605045e-17},"spectral_energy":{"dmean":0.00253673945554,"dmean2":0.00373619631864,"dvar":0.0000241496527451,"dvar2":0.0000570761803829,"max":0.147871226072,"mean":0.0137930708006,"median":0.00645468430594,"min":9.90621565733e-21,"var":0.000338142883265},"spectral_energyband_high":{"dmean":0.00000787601129559,"dmean2":0.0000127896091726,"dvar":5.2051235544e-10,"dvar2":1.40473854771e-9,"max":0.000948149478063,"mean":0.0000266838396783,"median":0.00000786017790233,"min":6.96180487463e-21,"var":1.90011140155e-9},"spectral_energyband_low":{"dmean":0.000404045800678,"dmean2":0.000605574634392,"dvar":4.08506366512e-7,"dvar2":8.05174749985e-7,"max":0.0179759263992,"mean":0.00110443902668,"median":0.000620739941951,"min":6.33372594827e-24,"var":0.00000244169314101},"spectral_energyband_middle_high":{"dmean":0.00129651813768,"dmean2":0.00198913761415,"dvar":0.0000109074708234,"dvar2":0.0000273959140031,"max":0.0836374536157,"mean":0.00450688786805,"median":0.000990543398075,"min":1.12756915174e-21,"var":0.0000669620858389},"spectral_energyband_middle_low":{"dmean":0.00194100535009,"dmean2":0.00274839391932,"dvar":0.000013917951037,"dvar2":0.0000300961110042,"max":0.120186924934,"mean":0.00826419144869,"median":0.00417997920886,"min":1.45572604917e-22,"var":0.00012592994608},"spectral_entropy":{"dmean":0.0932793319225,"dmean2":0.143233850598,"dvar":0.00778813986108,"dvar2":0.0175797510892,"max":9.82515525818,"mean":7.01859331131,"median":6.95582723618,"min":4.57534885406,"var":0.304685264826},"spectral_flux":{"dmean":0.00759327039123,"dmean2":0.0126783112064,"dvar":0.0000907266658032,"dvar2":0.000241086003371,"max":0.215095594525,"mean":0.0389804653823,"median":0.0295637287199,"min":6.23045642856e-11,"var":0.000912596529815},"spectral_kurtosis":{"dmean":3.91821193695,"dmean2":6.91586112976,"dvar":13.2442502975,"dvar2":42.578086853,"max":41.723739624,"mean":11.7111644745,"median":11.0139217377,"min":-1.26929700375,"var":30.0351486206},"spectral_rms":{"dmean":0.000280831707641,"dmean2":0.00041065539699,"dvar":1.22861308682e-7,"dvar2":2.85333044303e-7,"max":0.0120110204443,"mean":0.00301883649081,"median":0.00250943284482,"min":3.10879403817e-12,"var":0.00000434328740084},"spectral_rolloff":{"dmean":213.615829468,"dmean2":372.600616455,"dvar":165003.15625,"dvar2":382355.78125,"max":19767.4804688,"mean":1512.27978516,"median":925.927734375,"min":64.599609375,"var":9308005},"spectral_skewness":{"dmean":0.319981604815,"dmean2":0.559013366699,"dvar":0.0779892355204,"dvar2":0.245439335704,"max":4.55482530594,"mean":2.29381942749,"median":2.28928661346,"min":-0.0854780972004,"var":0.386546045542},"spectral_spread":{"dmean":211393.03125,"dmean2":347136.25,"dvar":269124878336,"dvar2":495512125440,"max":42725872,"mean":3630158,"median":2288566,"min":1261985,"var":42330836959200},"spectral_strongpeak":{"dmean":0.375404119492,"dmean2":0.619131565094,"dvar":0.464968085289,"dvar2":1.22004032135,"max":10.719877243,"mean":0.945094287395,"median":0.540671885014,"min":0,"var":1.35984516144},"zerocrossingrate":{"dmean":0.00428659375757,"dmean2":0.00578659912571,"dvar":0.0000536381558049,"dvar2":0.000111335124529,"max":0.525390625,"mean":0.0520619302988,"median":0.037109375,"min":0.00732421875,"var":0.00656419480219}},"metadata":{"audio_properties":{"analysis_sample_rate":44100,"bit_rate":0,"codec":"flac","downmix":"mix","equal_loudness":0,"length":159.240005493,"lossless":true,"md5_encoded":"620cc3d0792049f7ad3fee9feae3b853","replay_gain":-6.58847808838,"sample_rate":44100},"tags":{"album":["Carl and the Passions: \"So Tough\""],"albumartist":["The Beach Boys"],"albumartistsort":["Beach Boys, The"],"artist":["The Beach Boys"],"artistsort":["Beach Boys, The"],"catalognumber":["K-44184"],"date":["1972-05-15"],"discnumber":["1"],"disctotal":["1"],"file_name":"01-06 Make It Good.flac","genre":["Pop"],"label":["Reprise Records"],"media":["Vinyl"],"musicbrainz_albumartistid":["ebfc1398-8d96-47e3-82c3-f782abcdb13d"],"musicbrainz_albumid":["0fd427a3-24b0-4de6-9266-64a806f05c36"],"musicbrainz_artistid":["ebfc1398-8d96-47e3-82c3-f782abcdb13d"],"musicbrainz_recordingid":["e6d045a0-84ae-4f0c-9170-25c19d08d2cf"],"musicbrainz_releasegroupid":["c8e6f795-2021-3203-8e10-e14d8aef4a19"],"originaldate":["1972-05-15"],"performer":["The Beach Boys"],"releasecountry":["US"],"releasestatus":["official"],"releasetype":["album"],"replaygain_album_gain":["-1.75 dB"],"replaygain_album_peak":["1.000000"],"replaygain_track_gain":["+0.36 dB"],"replaygain_track_peak":["0.731598"],"script":["Latn"],"title":["Make It Good"],"totaldiscs":["1"],"totaltracks":["8"],"tracknumber":["6"],"tracktotal":["8"]},"version":{"essentia":"2.1-beta1","essentia_build_sha":"ca57ba49d9b1854bd80e60cf9ccf267278fb7d6b","essentia_git_sha":"v2.1_beta1-28-g21ef5f4-dirty","extractor":"music 1.0"}},"rhythm":{"beats_count":321,"beats_loudness":{"dmean":0.0052402196452,"dmean2":0.00853008870035,"dvar":0.0000663724422338,"dvar2":0.000170529980096,"max":0.108470