{"lowlevel":{"average_loudness":0.891781926155,"barkbands":{"dmean":[0.00324179255404,0.0125565361232,0.00167300889734,0.00127975130454,0.00157096923795,0.000950048794039,0.000309011898935,0.00029807802639,0.000486805016408,0.000384400016628,0.000196148597752,0.000405996543122,0.000207782868529,0.000209479549085,0.000189769882127,0.000190149483387,0.000225476833293,0.000273910845863,0.000271390919806,0.000289078860078,0.000224000163144,0.000205159638426,0.000128182611661,0.000090721208835,0.0000500636379002,0.00000302618400383,8.04851083558e-8],"dmean2":[0.00527249649167,0.0203410554677,0.00303515302949,0.00216846331023,0.00262741441838,0.00156148511451,0.000512939703185,0.000473494350445,0.000809690449387,0.00062749843346,0.000317138212267,0.000627313158475,0.000335624150466,0.000324101187289,0.000306087080389,0.000304846907966,0.00036530016223,0.000423699792009,0.000428345432738,0.000459787697764,0.000356848206138,0.000317570200423,0.000193510713871,0.000131815118948,0.0000727228252799,0.0000042807250793,1.23437686739e-7],"dvar":[0.0000425859434472,0.000623106025159,0.0000145478461491,0.00000629358373772,0.0000157310005306,0.00000908801939659,0.00000108721451397,0.00000140233942147,0.00000333416710419,0.00000480128710478,6.89049500124e-7,0.00000168671363099,3.27068732986e-7,4.58724088048e-7,2.21662915578e-7,2.17404149794e-7,2.18278671582e-7,6.03360490459e-7,5.15088800057e-7,2.72935750445e-7,1.2200700894e-7,1.02124445789e-7,6.31944629959e-8,4.77606363347e-8,1.24119514666e-8,8.93951648817e-11,6.66815845704e-14],"dvar2":[0.000108902684588,0.0013617083896,0.000041940871597,0.0000164049124578,0.0000430376312579,0.0000240230783675,0.00000261010382019,0.0000030388655432,0.00000833169269754,0.000012098186744,0.00000172341060534,0.00000365053097084,7.52441962959e-7,9.73510964286e-7,5.54026996724e-7,4.87303452701e-7,4.92825961373e-7,0.0000012819280073,0.00000113648229672,6.4685622192e-7,3.07060787463e-7,2.4329276016e-7,1.41508579077e-7,9.90721673588e-8,2.5577774565e-8,1.78686954122e-10,1.57175555665e-13],"max":[0.092258259654,0.232950940728,0.0396058633924,0.0373698249459,0.0521661043167,0.0465552806854,0.0326931402087,0.0453762412071,0.0499540120363,0.0602521710098,0.0304352678359,0.0368532538414,0.0220841858536,0.018103281036,0.0145319094881,0.0146574601531,0.0151817826554,0.0263052657247,0.0412492863834,0.0160310640931,0.00605218717828,0.00613834429532,0.0101660434157,0.0162153486162,0.00695111788809,0.000559522130061,0.00000828526844998],"mean":[0.00404327735305,0.0161076113582,0.00197101198137,0.00156830321066,0.00240298942663,0.00126700836699,0.000399914599257,0.000399956683395,0.000591542921029,0.000509907025844,0.000304969318677,0.0007545860135,0.000381346384529,0.000357840588549,0.000355610362021,0.00036766345147,0.0005166635965,0.000490264617838,0.000531558529474,0.000583769113291,0.000536367006134,0.000495295738801,0.000315356795909,0.000220799964154,0.000120525764942,0.00000560969328944,1.09261840464e-7],"median":[0.000712923705578,0.00407984340563,0.000868262373842,0.000673773523886,0.00100116152316,0.000289223447908,0.000126688275486,0.000120511162095,0.000146137492266,0.00018136484141,0.000150329287862,0.000340227532433,0.000218072993448,0.00014978388208,0.000192085484741,0.000203647912713,0.000371812318917,0.000205771211768,0.000289334042463,0.000333983916789,0.000315863406286,0.000264216039795,0.000171255975147,0.000118328032841,0.000052549134125,0.00000192777929442,2.19894396025e-8],"min":[2.68228494039e-16,3.86039119711e-15,6.68069390939e-16,4.45327836717e-16,5.79875367559e-15,1.33875132795e-14,9.35908387465e-15,1.19814047057e-14,2.3246114506e-14,1.20753660706e-14,1.52541824658e-14,1.74325919639e-14,2.4865739757e-14,2.71209294036e-14,2.5160878223e-14,3.08300511043e-14,2.97837316333e-14,1.71752650486e-14,2.24796699674e-14,2.04795219411e-14,8.33703562458e-14,2.76801422495e-13,1.61445021848e-12,3.86325390081e-12,1.63784315971e-11,4.94244679905e-11,1.27776927927e-10],"var":[0.0000634793250356,0.000930857495405,0.0000117307909022,0.00000712871224096,0.0000184037053259,0.0000101649720818,0.00000133307071337,0.00000243993531512,0.00000412073495681,0.00000488693922307,7.59552165164e-7,0.00000353771520167,4.91278228765e-7,8.62201716245e-7,3.65022913229e-7,4.04501633966e-7,4.73837332038e-7,0.00000110836390377,9.12038103706e-7,6.48153616112e-7,4.57301126744e-7,4.25937372484e-7,2.12273917555e-7,1.39170410307e-7,4.34630145207e-8,2.28399452129e-10,9.56933778095e-14]},"barkbands_crest":{"dmean":3.36096310616,"dmean2":5.48449373245,"dvar":9.75553512573,"dvar2":22.5983352661,"max":26.5716133118,"mean":11.5432510376,"median":10.7102432251,"min":1.94001209736,"var":29.6521377563},"barkbands_flatness_db":{"dmean":0.0306954141706,"dmean2":0.0477296486497,"dvar":0.0010072767036,"dvar2":0.00224901386537,"max":0.566877126694,"mean":0.157494485378,"median":0.131217092276,"min":0.031089881435,"var":0.00806545838714},"barkbands_kurtosis":{"dmean":10.0437555313,"dmean2":16.6924991608,"dvar":697.74230957,"dvar2":1799.26135254,"max":942.227966309,"mean":13.36769104,"median":1.32557034492,"min":-1.94135773182,"var":1185.19250488},"barkbands_skewness":{"dmean":0.985893964767,"dmean2":1.55057311058,"dvar":1.51544010639,"dvar2":3.53885960579,"max":28.433681488,"mean":2.08644390106,"median":1.48642671108,"min":-9.43519210815,"var":5.70802927017},"barkbands_spread":{"dmean":9.11556053162,"dmean2":14.3171129227,"dvar":114.210220337,"dvar2":255.277084351,"max":130.857177734,"mean":31.0668811798,"median":28.493019104,"min":0.226707428694,"var":482.77734375},"dissonance":{"dmean":0.0103808576241,"dmean2":0.0173654314131,"dvar":0.000204189360375,"dvar2":0.00053123262478,"max":0.500000119209,"mean":0.480400294065,"median":0.488276392221,"min":0.260759860277,"var":0.000567522423808},"dynamic_complexity":4.29607963562,"erbbands":{"dmean":[0.662972509861,1.99293315411,2.07418060303,3.07369208336,5.82485342026,4.21525812149,5.87392568588,8.29669475555,5.88451194763,3.28425335884,8.38673686981,10.6432514191,13.9092903137,7.24637842178,10.1063098907,15.8367776871,9.50269412994,9.39792919159,9.78149032593,9.773686409,10.1231737137,12.2853775024,13.7113809586,14.2265729904,12.1644716263,12.6064434052,11.8677186966,7.89576911926,7.88169670105,4.79712295532,3.52972197533,2.46249842644,1.23342394829,0.762177586555,0.245655611157,0.0269165355712,0.00410108780488,0.000322960957419,0.0000239347300521,0.000019970599169],"dmean2":[1.07740366459,3.32930636406,3.71862459183,5.30724620819,9.78614234924,7.03859901428,9.66409301758,13.7399206161,9.70359516144,5.33126354218,13.532128334,17.4219017029,22.6074085236,11.7247409821,15.8302564621,24.4077320099,15.1593780518,14.4322624207,15.6195259094,15.5800628662,16.1475143433,19.6316947937,21.3700714111,22.1507492065,19.2882328033,19.9282169342,18.7616863251,12.4520816803,12.3145427704,7.32071018219,5.35272884369,3.69231414795,1.7681170702,1.10055685043,0.359549432993,0.0373183079064,0.00578252132982,0.000461865711259,0.0000353699761035,0.000031984240195],"dvar":[1.79272401333,17.944108963,23.5637073517,38.6779937744,240.75378418,103.704437256,272.258544922,902.87298584,373.179473877,152.096343994,1003.94616699,1652.47351074,6435.5078125,1140.40380859,1490.08337402,2383.38549805,610.164611816,938.695129395,738.515991211,510.71762085,645.05670166,569.88684082,1791.67553711,1098.76171875,1324.69580078,531.378723145,381.885803223,143.973358154,159.902450562,76.8200836182,46.8984832764,23.9329471588,14.5826025009,3.57945728302,0.254438400269,0.00677271606401,0.000108919637569,6.90674141879e-7,2.55073362432e-9,9.31298982376e-10],"dvar2":[3.96323561668,44.373260498,67.0047988892,104.623649597,644.839050293,285.064941406,695.451782227,2387.30737305,942.989746094,339.668273926,2273.51904297,3814.99194336,16667.8496094,2686.10498047,3447.10522461,5164.22314453,1398.78637695,1955.89904785,1820.06872559,1126.80029297,1439.12756348,1269.57922363,3719.89111328,2365.69726562,3343.28442383,1189.78894043,952.179199219,355.571868896,394.575958252,182.140975952,104.479286194,50.6589012146,28.4574241638,6.28636407852,0.518263280392,0.0121553968638,0.000219647976337,0.00000146838715409,5.57787860345e-9,2.04176053842e-9],"max":[12.3811979294,52.3370132446,56.7977790833,102.064743042,215.873550415,168.987960815,370.926635742,570.826721191,495.981201172,545.989929199,1193.05615234,1547.89367676,2454.38305664,1279.17358398,1398.63378906,1313.21337891,959.095031738,832.725036621,841.053466797,655.838500977,944.718261719,750.77722168,1645.38366699,1006.38824463,2040.48522949,464.016906738,390.397155762,209.40826416,231.721908569,317.591094971,303.398040771,190.1459198,341.931854248,138.987030029,19.7627868652,5.43011188507,0.31883251667,0.0279417783022,0.00182066729758,0.000357726356015],"mean":[0.779222428799,2.36021995544,2.56925773621,3.97220087051,8.04720973969,6.47448015213,8.49869632721,10.7502536774,7.93133211136,4.52941179276,11.2378721237,13.4302902222,18.1890068054,12.0422143936,18.1543998718,30.3229598999,19.4406394958,17.6636695862,18.2942733765,19.5914077759,22.6364383698,29.3089904785,27.0281200409,27.8011627197,24.7440223694,25.8927249908,28.3141822815,19.09998703,18.4070510864,11.7284698486,8.54521369934,5.80065536499,2.95703363419,1.83998012543,0.554774641991,0.058912679553,0.00728989532217,0.000530380231794,0.0000540349028597,0.0000467801619379],"median":[0.146498292685,0.695591330528,1.23120236397,2.19789457321,2.59699773788,3.19359064102,2.09705734253,2.3769288063,2.18431854248,1.91919922829,3.28491544724,3.64751291275,5.11358833313,6.53676700592,9.29020881653,13.8880271912,12.3300390244,8.18823242188,9.77017116547,11.4544429779,13.8620862961,21.4680175781,13.4941148758,14.0649271011,14.1221637726,14.9811439514,15.9938497543,11.8838615417,9.80120944977,6.36641168594,4.60436153412,3.05394244194,1.60415577888,0.824326574802,0.227232247591,0.0245082061738,0.00230437191203,0.000166533398442,0.0000352390743501,0.0000354151052306],"min":[6.56661885783e-14,5.12917995837e-13,1.78112722054e-12,4.31179484478e-12,9.409169624e-12,2.41253735739e-11,3.9812503988e-11,9.80843670173e-11,1.45873299551e-10,2.24665550053e-10,4.09778433408e-10,4.78228623368e-10,4.40159159121e-10,5.2085952218e-10,9.77119274381e-10,8.93098039967e-10,1.72794967224e-9,1.55189316953e-9,1.00620156651e-9,1.03316888378e-9,2.05942751741e-9,1.87881177283e-9,1.32868416269e-9,1.16021658947e-9,9.79973657778e-10,1.09660214243e-9,2.57052179542e-9,4.83429785092e-9,1.04317319227e-8,2.42070932188e-8,4.64297684744e-8,4.06707272305e-8,8.99076013638e-8,1.30017554056e-7,1.62255020086e-7,1.52320282609e-7,7.66039747191e-8,5.49511440795e-8,1.7827675336e-8,1.92352556105e-9],"var":[2.60318279266,20.102355957,19.0968551636,37.0409545898,312.208679199,117.073150635,432.193389893,948.576538086,463.817596436,192.743545532,1718.9901123,2200.85229492,6993.23974609,1400.82556152,2216.0847168,5028.24121094,1046.0994873,2032.87866211,1088.93518066,1038.06921387,1317.86401367,1483.15026855,3371.11157227,2412.83520508,1895.64123535,1339.98986816,1376.63720703,546.266906738,597.593444824,260.815246582,160.034332275,80.5777587891,34.4214057922,11.9870557785,0.899815618992,0.0214085858315,0.000265653099632,0.00000137021834234,5.79356562724e-9,1.97945837499e-9]},"erbbands_crest":{"dmean":2.06708979607,"dmean2":3.3667845726,"dvar":5.38490056992,"dvar2":13.1751556396,"max":33.7515487671,"mean":7.39736700058,"median":6.1240735054,"min":2.24081087112,"var":17.761882782},"erbbands_flatness_db":{"dmean":0.0157830696553,"dmean2":0.0224729068577,"dvar":0.000274579040706,"dvar2":0.00051595736295,"max":0.41176712513,"mean":0.152302876115,"median":0.141836613417,"min":0.0332617685199,"var":0.00193025532644},"erbbands_kurtosis":{"dmean":1.4004971981,"dmean2":2.27640008926,"dvar":19.4232254028,"dvar2":48.0819511414,"max":355.785125732,"mean":1.48207581043,"median":0.0478996038437,"min":-1.9397585392,"var":40.7883262634},"erbbands_skewness":{"dmean":0.390281170607,"dmean2":0.597743332386,"dvar":0.202715218067,"dvar2":0.473708420992,"max":6.08725118637,"mean":-0.229303374887,"median":-0.476745039225,"min":-12.1900854111,"var":1.64852058887},"erbbands_spread":{"dmean":10.1392536163,"dmean2":15.4779310226,"dvar":130.372528076,"dvar2":297.112213135,"max":190.056671143,"mean":45.715839386,"median":42.0229873657,"min":0.689548134804,"var":487.642150879},"gfcc":{"cov":[[21853.8066406,-452.968902588,-3542.51757812,431.900634766,-1315.63574219,1316.48815918,-811.319641113,221.635223389,-339.823760986,-57.8660354614,50.0321464539,226.131866455,-20.1194591522],[-452.968902588,2106.04125977,-125.627586365,-295.23614502,463.908111572,-443.739196777,172.780731201,-227.3487854,132.574890137,-289.949035645,150.708236694,-184.571044922,70.1327209473],[-3542.51757812,-125.627586365,1460.50585938,311.113861084,137.363983154,-48.9455947876,204.029556274,28.668964386,139.467071533,107.544509888,-33.1373291016,-16.3350410461,-1.22502875328],[431.900634766,-295.23614502,311.113861084,494.203521729,19.4332847595,162.477554321,63.8077926636,29.9982833862,44.6326065063,79.569190979,-24.9314136505,18.2016506195,12.2586450577],[-1315.63574219,463.908111572,137.363983154,19.4332847595,514.694824219,-29.7025966644,165.292282104,-32.9975776672,59.8013038635,-50.0102539062,42.0694236755,-19.6252708435,20.720949173],[1316.48815918,-443.739196777,-48.9455947876,162.477554321,-29.7025966644,397.789733887,24.9293441772,83.3058242798,-12.4966220856,60.7000045776,-16.8148269653,59.0133972168,-19.5090579987],[-811.319641113,172.780731201,204.029556274,63.8077926636,165.292282104,24.9293441772,223.098709106,36.8846511841,71.4890594482,15.2917222977,28.2057723999,-29.9061794281,4.50757312775],[221.635223389,-227.3487854,28.668964386,29.9982833862,-32.9975776672,83.3058242798,36.8846511841,165.735336304,30.8544044495,41.4932250977,17.7417888641,21.353679657,-4.80194711685],[-339.823760986,132.574890137,139.467071533,44.6326065063,59.8013038635,-12.4966220856,71.4890594482,30.8544044495,114.239257812,20.103679657,31.120174408,-12.6687994003,16.1741104126],[-57.8660354614,-289.949035645,107.544509888,79.569190979,-50.0102539062,60.7000045776,15.2917222977,41.4932250977,20.103679657,129.639083862,0.863649189472,41.381061554,2.38272285461],[50.0321464539,150.708236694,-33.1373291016,-24.9314136505,42.0694236755,-16.8148269653,28.2057723999,17.7417888641,31.120174408,0.863649189472,111.002449036,17.2001838684,25.3755378723],[226.131866455,-184.571044922,-16.3350410461,18.2016506195,-19.6252708435,59.0133972168,-29.9061794281,21.353679657,-12.6687994003,41.381061554,17.2001838684,90.030380249,20.5117549896],[-20.1194591522,70.1327209473,-1.22502875328,12.2586450577,20.720949173,-19.5090579987,4.50757312775,-4.80194711685,16.1741104126,2.38272285461,25.3755378723,20.5117549896,61.3453941345]],"icov":[[0.000301291962387,-0.000667449145112,0.000635940697975,-0.000750686042011,0.000764192081988,-0.00103224732447,0.000740973162465,-0.000688031490427,0.000319512182614,-0.000417519448092,0.000175585300894,-0.00048191982205,0.00035035907058],[-0.000667449145112,0.00328806857578,-0.00120299076661,0.00204437505454,-0.002329709474,0.00305507192388,-0.0024157143198,0.0032264739275,-0.00244441512041,0.00331074045971,-0.00196105451323,0.00262005254626,-0.00177093234379],[0.000635940697975,-0.00120299076661,0.00240760250017,-0.00210926285945,0.00149753142614,-0.00153785897419,0.000772266823333,-0.00120436202269,-0.00026177224936,-0.00109952723142,0.000812242389657,-0.00126207363792,0.00110526895151],[-0.000750686042011,0.00204437505454,-0.00210926285945,0.00501464633271,-0.00208404078148,0.00131942983717,-0.00196640891954,0.00246033561416,-0.00163595331833,0.000514576735441,-0.000182129762834,0.00224627926946,-0.00243139476515],[0.000764192081988,-0.002329709474,0.00149753142614,-0.00208404078148,0.00516088074073,-0.0028268028982,-0.000220179092139,-0.00135008234065,0.000849890289828,-0.000290262891212,0.000642746803351,-0.00290262326598,0.00112057500519],[-0.00103224732447,0.00305507192388,-0.00153785897419,0.00131942983717,-0.0028268028982,0.00796529464424,-0.0039159366861,0.00169636995997,-0.00127228337806,0.00227208691649,-0.000526329211425,-0.000443349708803,0.000396014162106],[0.000740973162465,-0.0024157143198,0.000772266823333,-0.00196640891954,-0.000220179092139,-0.0039159366861,0.010811869055,-0.00385411013849,-0.000396856892621,-0.00343538098969,-0.00027975969715,0.00214701006189,0.000781936512794],[-0.000688031490427,0.0032264739275,-0.00120436202269,0.00246033561416,-0.00135008234065,0.00169636995997,-0.00385411013849,0.0112714702263,-0.00445919111371,0.00225342740305,-0.00278929574415,0.00123695388902,-0.000440632633399],[0.000319512182614,-0.00244441512041,-0.00026177224936,-0.00163595331833,0.000849890289828,-0.00127228337806,-0.000396856892621,-0.00445919111371,0.0159071162343,-0.00457559805363,-0.00120631675236,0.00139032059815,-0.00177271291614],[-0.000417519448092,0.00331074045971,-0.00109952723142,0.000514576735441,-0.000290262891212,0.00227208691649,-0.00343538098969,0.00225342740305,-0.00457559805363,0.015771439299,-0.00181271019392,-0.00315123633482,-0.000399972312152],[0.000175585300894,-0.00196105451323,0.000812242389657,-0.000182129762834,0.000642746803351,-0.000526329211425,-0.00027975969715,-0.00278929574415,-0.00120631675236,-0.00181271019392,0.0134924957529,-0.00471724616364,-0.0018455357058],[-0.00048191982205,0.00262005254626,-0.00126207363792,0.00224627926946,-0.00290262326598,-0.000443349708803,0.00214701006189,0.00123695388902,0.00139032059815,-0.00315123633482,-0.00471724616364,0.0215292461216,-0.00834049005061],[0.00035035907058,-0.00177093234379,0.00110526895151,-0.00243139476515,0.00112057500519,0.000396014162106,0.000781936512794,-0.000440632633399,-0.00177271291614,-0.000399972312152,-0.0018455357058,-0.00834049005061,0.0226391814649]],"mean":[-35.1638679504,85.1697158813,-118.244178772,69.413269043,-56.6480445862,25.7773303986,-28.665184021,9.67626190186,-20.3508491516,-2.50102877617,-6.05199813843,-4.5806350708,0.111938759685]},"hfc":{"dmean":6.49184799194,"dmean2":9.49595451355,"dvar":93.1184921265,"dvar2":192.124588013,"max":241.631988525,"mean":25.0458812714,"median":21.4477577209,"min":0.00000419695561504,"var":510.411804199},"melbands":{"dmean":[0.00449187634513,0.00147015240509,0.000602838757914,0.000364928768249,0.000194643871509,0.000181782903383,0.0000840486609377,0.0000385042549169,0.0000713535846444,0.0000686064158799,0.0000700399832567,0.000031287294405,0.0000301808886434,0.0000469803526357,0.0000319536266034,0.0000191007711692,0.0000193162250071,0.0000172749550984,0.0000136972803375,0.0000138137547765,0.0000133751100293,0.0000147766795635,0.00001240741949,0.0000139604107972,0.0000126601107695,0.0000100536508398,0.00000871062093211,0.00000976917272055,0.00000877237562236,0.00000643824478175,0.00000530284705746,0.00000516477712154,0.00000367531492884,0.00000278667857856,0.00000231696094488,0.00000182007227068,0.00000144389071011,9.33494618494e-7,7.98047381068e-7,6.79647655488e-7],"dmean2":[0.00730028981343,0.002513889689,0.00102415075526,0.000616120523773,0.000318658829201,0.000299985666061,0.000138593677548,0.000062168459408,0.000116167968372,0.000112509529572,0.000113885784231,0.0000507376680616,0.0000473888067063,0.0000732703410904,0.0000498683511978,0.000030565981433,0.0000295067729894,0.0000277059880318,0.000022113608793,0.0000221720656555,0.0000216396711039,0.0000238831744355,0.0000196189193957,0.0000216925564018,0.000020031713575,0.0000161307489179,0.0000139704570756,0.000015693010937,0.0000139624771691,0.0000103871434476,0.00000849191292218,0.00000820826517156,0.00000576242291572,0.00000435397078036,0.00000359223508895,0.00000276276068689,0.00000218698346544,0.00000138336997679,0.00000117013939871,0.00000101953537524],"dvar":[0.0000786973832874,0.0000102743606476,0.00000134049344069,9.57958832259e-7,2.55851574593e-7,4.0120983158e-7,7.47021076108e-8,2.00536831585e-8,6.76599825056e-8,6.97082001011e-8,1.62814316695e-7,2.55558187945e-8,1.32891821991e-8,2.86900050384e-8,8.53325232697e-9,2.37866615294e-9,4.44689396417e-9,2.63081512131e-9,9.44160638561e-10,1.11489517618e-9,1.26730548278e-9,9.35668320601e-10,1.21930698871e-9,1.76750269976e-9,9.53885970212e-10,1.66788860501e-9,4.23843599107e-10,3.04887698421e-10,2.30761534881e-10,1.06650896448e-10,7.41652086966e-11,7.07453748361e-11,4.01208372081e-11,3.19715781627e-11,2.0088855926e-11,1.48941345368e-11,7.96621015681e-12,5.42742326776e-12,1.1098496254e-11,2.58431188775e-12],"dvar2":[0.000173671534867,0.0000269790034508,0.00000353696282218,0.0000026494381018,6.56615384287e-7,0.00000106162485736,1.88129860135e-7,4.37949765342e-8,1.58709056564e-7,1.63302914302e-7,4.22258978006e-7,6.08775181377e-8,3.14314441141e-8,6.33850305576e-8,1.87153190723e-8,5.67980684707e-9,9.23442566858e-9,6.38233155215e-9,2.27949081832e-9,2.38689179533e-9,2.89281332222e-9,2.1506811887e-9,2.54399168398e-9,3.88315202215e-9,2.20720330901e-9,4.32990177046e-9,1.03712882726e-9,7.1230848997e-10,5.71644898084e-10,2.78554540545e-10,1.88326437778e-10,1.79413373047e-10,9.78704270405e-11,8.03939137484e-11,4.69996021268e-11,3.26837584774e-11,1.72097006784e-11,1.14548153948e-11,1.95800979597e-11,6.04433170182e-12],"max":[0.08290797472,0.0366266258061,0.0150333223864,0.0130747333169,0.0103960549459,0.0112987551838,0.00632165977731,0.00570465857163,0.00844921544194,0.0100055309013,0.0121818510816,0.00644282670692,0.00375191611238,0.00566644221544,0.00269588129595,0.00139597128145,0.00183945917524,0.00128082558513,0.000680566241499,0.000783338793553,0.00127988192253,0.000985668157227,0.00187770545017,0.00127436919138,0.000945408537518,0.00275006238371,0.000796519045252,0.000411121669458,0.000300612271531,0.000191018072655,0.00016075882013,0.000145565529238,0.000141163211083,0.000250879791565,0.00018869843916,0.000154950961587,0.000104775426735,0.000181045033969,0.00030963376048,0.0000908414367586],"mean":[0.00571337155998,0.00192035513464,0.000834006757941,0.000530519813765,0.000294477154966,0.000239746310399,0.000113726033305,0.0000529237950104,0.0000933589544729,0.0000849053540151,0.0000898822618183,0.0000481800088892,0.0000512029873789,0.0000832667719806,0.0000618882550043,0.0000349650836142,0.0000327832967741,0.000029336906664,0.0000258191703324,0.0000253895013884,0.0000272074739769,0.0000321380794048,0.0000244819111686,0.0000235542520386,0.0000225874518947,0.0000187602454389,0.0000159720748343,0.0000181267387234,0.0000194265503524,0.0000136260550789,0.0000107104096969,0.0000109558095573,0.00000824591097626,0.00000596311429035,0.00000505944808538,0.0000040931086005,0.00000323753329212,0.00000205642959372,0.00000176684841335,0.00000151925644332],"median":[0.0013245632872,0.000868499511853,0.000458918395452,0.000223832568736,0.0000888950235094,0.0000551418634132,0.0000305048197333,0.0000207668672374,0.0000254682618106,0.0000217346951104,0.0000240312983806,0.0000247408588621,0.0000257666288235,0.00003351871419,0.0000340261212841,0.0000216172993532,0.0000126365157485,0.000014492759874,0.0000143153865793,0.0000136262424348,0.0000163022359629,0.0000231985541177,0.0000149480256368,0.00000920412458072,0.0000109508273454,0.0000101656041807,0.00000839822860144,0.00000981144603429,0.0000103347520053,0.00000712348355592,0.0000061485079641,0.00000561917249797,0.00000401154829888,0.00000312781139655,0.00000256221710515,0.00000213760949919,0.00000164399784808,0.0000010746521184,8.77287391177e-7,6.04749686772e-7],"min":[1.04961760549e-15,1.37489752724e-15,1.00823189333e-15,1.17768443431e-15,1.76035342241e-15,2.18054762106e-15,2.04324739196e-15,2.65133933282e-15,2.35632538058e-15,3.23983495468e-15,2.10175894565e-15,1.77292381487e-15,2.27656367607e-15,1.37125920309e-15,2.61061356519e-15,2.34831033132e-15,3.00243279539e-15,1.16246145231e-15,1.47925548035e-15,1.48803984729e-15,2.29953817422e-15,1.6983256232e-15,9.71200671663e-16,9.36182000283e-16,7.86263627245e-16,7.28911132265e-16,4.39603614529e-16,7.05162498946e-16,9.91463817343e-16,2.01131064996e-15,3.30036414085e-15,5.25585637837e-15,6.13588252947e-15,1.46371867263e-14,2.62145279171e-14,2.59736910392e-14,2.63078811123e-14,5.09078151541e-14,9.59894327652e-14,1.0808510391e-13],"var":[0.000120909884572,0.0000100998713606,0.00000157444446813,0.00000101035880107,4.19579777144e-7,4.30453667377e-7,9.27963696995e-8,2.87210770722e-8,1.11476310849e-7,9.07178971943e-8,1.75806533775e-7,2.92285591286e-8,1.75550010084e-8,5.65786955065e-8,1.66746989549e-8,3.50740725352e-9,9.19634768337e-9,3.51503204321e-9,1.76442183086e-9,2.06831529681e-9,2.20287987851e-9,1.8619067399e-9,2.47851184021e-9,2.90061219488e-9,1.80297443642e-9,1.76411618646e-9,7.25863369411e-10,7.0278910469e-10,7.17192916166e-10,3.32265381875e-10,2.02681468831e-10,2.21777193832e-10,1.34887961911e-10,7.76112646372e-11,5.92385307474e-11,4.2425899599e-11,2.60438632466e-11,1.37547464737e-11,2.21985468202e-11,7.35772120314e-12]},"melbands_crest":{"dmean":4.82178640366,"dmean2":7.9229722023,"dvar":19.2605190277,"dvar2":46.8296127319,"max":38.5985832214,"mean":18.5092906952,"median":17.2626972198,"min":2.910353899,"var":66.4094314575},"melbands_flatness_db":{"dmean":0.0394166707993,"dmean2":0.0609261915088,"dvar":0.00151846534573,"dvar2":0.00330119091086,"max":0.690959274769,"mean":0.21215467155,"median":0.183471262455,"min":0.0223635360599,"var":0.0136619936675},"melbands_kurtosis":{"dmean":28.7189006805,"dmean2":47.3235473633,"dvar":5553.0078125,"dvar2":14357.7871094,"max":1937.40930176,"mean":42.1586990356,"median":11.7961864471,"min":-1.98699271679,"var":9399.58203125},"melbands_skewness":{"dmean":1.49202477932,"dmean2":2.35330462456,"dvar":4.0125169754,"dvar2":9.36595344543,"max":34.9320449829,"mean":4.15144443512,"median":3.1398358345,"min":-2.10956096649,"var":12.7090740204},"melbands_spread":{"dmean":11.9149341583,"dmean2":18.6358261108,"dvar":250.327484131,"dvar2":547.518920898,"max":240.558242798,"mean":32.4840545654,"median":23.9017486572,"min":0.159888848662,"var":1042.87219238},"mfcc":{"cov":[[18291.2539062,-1535.55480957,-1738.5168457,-971.766967773,-357.201080322,302.944152832,-259.549865723,208.119369507,-230.2550354,-360.845062256,-49.6086044312,19.4110660553,128.605102539],[-1535.55480957,2186.45874023,-352.612670898,183.963439941,151.805007935,-161.504959106,27.0595474243,20.84897995,-89.390838623,-8.84809684753,-38.6828613281,-53.1586875916,-51.7520103455],[-1738.5168457,-352.612670898,1123.29101562,307.957885742,14.1735696793,112.767463684,16.1011562347,-10.6926202774,129.380767822,91.7341308594,79.781867981,38.6456260681,10.0714530945],[-971.766967773,183.963439941,307.957885742,374.194610596,103.326309204,69.2365646362,41.6367340088,4.36270904541,66.2283782959,41.293800354,26.2027339935,26.3116703033,13.3131370544],[-357.201080322,151.805007935,14.1735696793,103.326309204,225.644989014,83.421875,65.7747116089,58.048122406,28.5080718994,5.19165563583,0.758817791939,17.4329605103,19.806968689],[302.944152832,-161.504959106,112.767463684,69.2365646362,83.421875,274.329437256,80.5356063843,50.9597015381,75.4910583496,-14.1641979218,40.4554481506,26.4744739532,46.39320755],[-259.549865723,27.0595474243,16.1011562347,41.6367340088,65.7747116089,80.5356063843,151.708236694,73.7306747437,34.1972694397,41.7511062622,27.5418567657,20.3334388733,20.5024394989],[208.119369507,20.84897995,-10.6926202774,4.36270904541,58.048122406,50.9597015381,73.7306747437,131.397628784,36.1840438843,28.1119995117,30.7359523773,16.4793491364,19.6200122833],[-230.2550354,-89.390838623,129.380767822,66.2283782959,28.5080718994,75.4910583496,34.1972694397,36.1840438843,120.987098694,35.4213371277,38.0045394897,28.0782604218,15.0335512161],[-360.845062256,-8.84809684753,91.7341308594,41.293800354,5.19165563583,-14.1641979218,41.7511062622,28.1119995117,35.4213371277,111.556518555,37.0631713867,11.2356309891,-0.037719860673],[-49.6086044312,-38.6828613281,79.781867981,26.2027339935,0.758817791939,40.4554481506,27.5418567657,30.7359523773,38.0045394897,37.0631713867,85.5777053833,27.6794586182,21.7557315826],[19.4110660553,-53.1586875916,38.6456260681,26.3116703033,17.4329605103,26.4744739532,20.3334388733,16.4793491364,28.0782604218,11.2356309891,27.6794586182,66.4296188354,31.8151798248],[128.605102539,-51.7520103455,10.0714530945,13.3131370544,19.806968689,46.39320755,20.5024394989,19.6200122833,15.0335512161,-0.037719860673,21.7557315826,31.8151798248,62.3588981628]],"icov":[[0.000095945011708,0.0000637721605017,0.000152019681991,0.0000310265386361,0.00016081087233,-0.000253975857049,0.000323480548104,-0.000354206102202,0.000196525274077,0.0000538999629498,0.00000733883780413,-0.000112905057904,-0.0000254629412666],[0.0000637721605017,0.000685490027536,0.000383244245313,-0.000585159636103,-0.000263467663899,0.000324119871948,0.0000441745105491,-0.000365476531442,0.000416247465182,0.000235984029132,-0.000335730408551,0.000343292223988,0.000285194750177],[0.000152019681991,0.000383244245313,0.00172373990063,-0.00120181823149,0.000500772031955,-0.000657073513139,0.000883007363882,-0.000334721786203,-0.000146629594383,-0.000542644003872,-0.000606282439549,-0.000124483223772,0.000437554874225],[0.0000310265386361,-0.000585159636103,-0.00120181823149,0.00487063918263,-0.00156465533655,-0.000452336156741,-0.000246264564339,0.00130758585874,-0.00111784797627,-0.000664571125526,0.000337775272783,-0.000749555765651,-0.000358623248758],[0.00016081087233,-0.000263467663899,0.000500772031955,-0.00156465533655,0.0071424189955,-0.00196892744862,-0.000331890245434,-0.00279702292755,0.000507951132022,0.00015603362408,0.0021502636373,-0.00117681082338,-0.000383943057386],[-0.000253975857049,0.000324119871948,-0.000657073513139,-0.000452336156741,-0.00196892744862,0.00777033576742,-0.00391603540629,0.00116833287757,-0.00353460316546,0.00376661214978,-0.00216391938739,0.00233359308913,-0.00282136001624],[0.000323480548104,0.0000441745105491,0.000883007363882,-0.000246264564339,-0.000331890245434,-0.00391603540629,0.0128650302067,-0.00555379595608,0.00176341016777,-0.00410544173792,0.000722649216186,-0.0017548535252,0.0000315354554914],[-0.000354206102202,-0.000365476531442,-0.000334721786203,0.00130758585874,-0.00279702292755,0.00116833287757,-0.00555379595608,0.0136780934408,-0.00297438213602,-0.000815737002995,-0.00247379741631,0.00107595988084,-0.00122558872681],[0.000196525274077,0.000416247465182,-0.000146629594383,-0.00111784797627,0.000507951132022,-0.00353460316546,0.00176341016777,-0.00297438213602,0.0140375224873,-0.00280969007872,-0.00142351188697,-0.00351177854463,0.00192927953321],[0.0000538999629498,0.000235984029132,-0.000542644003872,-0.000664571125526,0.00015603362408,0.00376661214978,-0.00410544173792,-0.000815737002995,-0.00280969007872,0.0144870644435,-0.00491256359965,0.000992105342448,0.00096269545611],[0.00000733883780413,-0.000335730408551,-0.000606282439549,0.000337775272783,0.0021502636373,-0.00216391938739,0.000722649216186,-0.00247379741631,-0.00142351188697,-0.00491256359965,0.0185122210532,-0.00434933789074,-0.00269961846061],[-0.000112905057904,0.000343292223988,-0.000124483223772,-0.000749555765651,-0.00117681082338,0.00233359308913,-0.0017548535252,0.00107595988084,-0.00351177854463,0.000992105342448,-0.00434933789074,0.0232645701617,-0.00993086770177],[-0.0000254629412666,0.000285194750177,0.000437554874225,-0.000358623248758,-0.000383943057386,-0.00282136001624,0.0000315354554914,-0.00122558872681,0.00192927953321,0.00096269545611,-0.00269961846061,-0.00993086770177,0.0244714841247]],"mean":[-661.417297363,91.5803604126,8.61251544952,39.7573509216,8.83422374725,15.6261348724,10.6183176041,9.66341972351,2.79037332535,2.31465530396,-1.30229520798,3.69713902473,0.455260008574]},"pitch_salience":{"dmean":0.0976610630751,"dmean2":0.159479901195,"dvar":0.00838186684996,"dvar2":0.0198556669056,"max":0.881026625633,"mean":0.504932940006,"median":0.532022416592,"min":0.0352419167757,"var":0.0271455030888},"silence_rate_20dB":{"dmean":0,"dmean2":0,"dvar":0,"dvar2":0,"max":1,"mean":1,"median":1,"min":1,"var":0},"silence_rate_30dB":{"dmean":0.0682521089911,"dmean2":0.136518776417,"dvar":0.0635947212577,"dvar2":0.1315343678,"max":1,"mean":0.928769469261,"median":1,"min":0,"var":0.0661555156112},"silence_rate_60dB":{"dmean":0.0251679643989,"dmean2":0.050341296941,"dvar":0.0245386660099,"dvar2":0.0554885864258,"max":1,"mean":0.0993815287948,"median":0,"min":0,"var":0.0895113274455},"spectral_centroid":{"dmean":323.15133667,"dmean2":485.63192749,"dvar":129107.578125,"dvar2":279189,"max":8167.71240234,"mean":2058.24194336,"median":2100.10351562,"min":119.694862366,"var":1163385.25},"spectral_complexity":{"dmean":4.04926967621,"dmean2":6.28647613525,"dvar":22.717628479,"dvar2":48.959487915,"max":61,"mean":23.402431488,"median":24,"min":0,"var":235.004852295},"spectral_contrast_coeffs":{"dmean":[0.0528623126447,0.0461936891079,0.0347018018365,0.0250897184014,0.0214003957808,0.0174039117992],"dmean2":[0.0874304100871,0.0750523880124,0.0559524297714,0.0408523231745,0.0334845557809,0.0277935452759],"dvar":[0.00213463022374,0.00163281650748,0.00100124755409,0.000515687337611,0.000387971464079,0.000282555061858],"dvar2":[0.00547288777307,0.00412908103317,0.00237814709544,0.0012136248406,0.000816252955701,0.000659913988784],"max":[-0.276172459126,-0.28206178546,-0.450114965439,-0.521279394627,-0.539110660553,-0.54157024622],"mean":[-0.692635595798,-0.76205688715,-0.79846483469,-0.815968573093,-0.797411739826,-0.747677505016],"median":[-0.703729510307,-0.77835392952,-0.807648539543,-0.819290041924,-0.799667716026,-0.744819760323],"min":[-0.927156925201,-0.965100944042,-0.965127706528,-0.962533175945,-0.947523534298,-0.939819395542],"var":[0.00846718251705,0.0072248163633,0.00450810464099,0.00274522951804,0.00257355696522,0.00203562621027]},"spectral_contrast_valleys":{"dmean":[0.39137762785,0.409141510725,0.340449869633,0.298703491688,0.265969365835,0.304880440235],"dmean2":[0.648699939251,0.644802808762,0.526790857315,0.447483986616,0.381193757057,0.370893537998],"dvar":[0.116845101118,0.153393551707,0.132214665413,0.125090911984,0.108580127358,0.189141556621],"dvar2":[0.285321772099,0.338245034218,0.268928438425,0.243143334985,0.199009224772,0.285836189985],"max":[-5.179002285,-4.70076990128,-5.21483802795,-5.55600786209,-5.3018040657,-7.15607833862],"mean":[-7.18740653992,-7.4535484314,-7.75442171097,-7.91930675507,-7.44276571274,-10.0426845551],"median":[-6.87631940842,-7.13518190384,-7.17798519135,-7.26650285721,-6.91104459763,-9.3170003891],"min":[-20.3926582336,-18.3131561279,-18.5583305359,-18.4990768433,-18.2057189941,-18.1637306213],"var":[2.0099465847,2.06295108795,2.63424444199,2.76512670517,2.3794336319,2.75843310356]},"spectral_decrease":{"dmean":4.54153470386e-9,"dmean2":7.36380600941e-9,"dvar":5.54414132882e-17,"dvar2":1.21371708354e-16,"max":9.46874308934e-17,"mean":-8.83042083899e-9,"median":-5.47292877684e-9,"min":-7.31459977033e-8,"var":1.02575180369e-16},"spectral_energy":{"dmean":0.0174318924546,"dmean2":0.0282226763666,"dvar":0.000795092608314,"dvar2":0.00174160394818,"max":0.278319478035,"mean":0.0355997569859,"median":0.0234398469329,"min":2.45081899219e-10,"var":0.00150351505727},"spectral_energyband_high":{"dmean":0.000629879417829,"dmean2":0.000907639914658,"dvar":8.49285811455e-7,"dvar2":0.00000171442161445,"max":0.0272349808365,"mean":0.00206798361614,"median":0.00142841541674,"min":1.8216006481e-10,"var":0.00000579524521527},"spectral_energyband_low":{"dmean":0.0149206090719,"dmean2":0.0242861900479,"dvar":0.000787185388617,"dvar2":0.00170926656574,"max":0.258385568857,"mean":0.0221689343452,"median":0.00778094260022,"min":1.56565519149e-14,"var":0.00134179962333},"spectral_energyband_middle_high":{"dmean":0.00148635159712,"dmean2":0.00223101722077,"dvar":0.0000101306295619,"dvar2":0.0000205113574339,"max":0.0682679489255,"mean":0.00467793783173,"median":0.00333752529696,"min":4.04136630845e-13,"var":0.0000359510231647},"spectral_energyband_middle_low":{"dmean":0.00392704783008,"dmean2":0.0064914887771,"dvar":0.0000638775745756,"dvar2":0.00016818473523,"max":0.0843337252736,"mean":0.00684891082346,"median":0.0041234632954,"min":1.41779491793e-13,"var":0.0000823363734526},"spectral_entropy":{"dmean":0.148236557841,"dmean2":0.213911950588,"dvar":0.033868599683,"dvar2":0.072375908494,"max":9.42293834686,"mean":7.77857494354,"median":7.97228431702,"min":4.79218769073,"var":0.343745797873},"spectral_flux":{"dmean":0.0372886918485,"dmean2":0.0601814985275,"dvar":0.00233549484983,"dvar2":0.00554890045896,"max":0.414340436459,"mean":0.099137686193,"median":0.0833908244967,"min":0.0000126924805954,"var":0.00481696007773},"spectral_kurtosis":{"dmean":1.29524481297,"dmean2":2.15154314041,"dvar":4.04522848129,"dvar2":11.120511055,"max":35.4540290833,"mean":2.8714530468,"median":1.86468815804,"min":-1.20154964924,"var":9.06050109863},"spectral_rms":{"dmean":0.00123987707775,"dmean2":0.00197924929671,"dvar":0.00000254509950537,"dvar2":0.00000529917997483,"max":0.0164782032371,"mean":0.00514732534066,"median":0.00478206481785,"min":4.88982891511e-7,"var":0.00000823662139737},"spectral_rolloff":{"dmean":760.75390625,"dmean2":1265.44360352,"dvar":1327618.25,"dvar2":2951400.5,"max":21231.7382812,"mean":2071.41479492,"median":1291.9921875,"min":43.06640625,"var":5891339.5},"spectral_skewness":{"dmean":0.186649367213,"dmean2":0.298965781927,"dvar":0.0504904314876,"dvar2":0.132327362895,"max":4.36961078644,"mean":1.07664513588,"median":0.950627744198,"min":0.045168928802,"var":0.2475566715},"spectral_spread":{"dmean":470294.03125,"dmean2":660673.0625,"dvar":282474971136,"dvar2":501566996480,"max":23418206,"mean":4653210.5,"median":4626481,"min":1556116.375,"var":2784572473340},"spectral_strongpeak":{"dmean":0.403267025948,"dmean2":0.679484665394,"dvar":0.921296179295,"dvar2":2.45708703995,"max":26.1937294006,"mean":0.56168025732,"median":0.244876921177,"min":0,"var":1.13575398922},"zerocrossingrate":{"dmean":0.0143098114058,"dmean2":0.0158984083682,"dvar":0.000246016250458,"dvar2":0.000271253782557,"max":0.71630859375,"mean":0.0745354741812,"median":0.06396484375,"min":0.00146484375,"var":0.00442681182176}},"metadata":{"audio_properties":{"analysis_sample_rate":44100,"bit_rate":0,"codec":"flac","downmix":"mix","equal_loudness":0,"length":217.733337402,"lossless":true,"md5_encoded":"fead6e1f33ab71e3adace08e264deca5","replay_gain":-13.7080841064},"tags":{"acoustid_id":["3d92476d-81df-4070-b06c-fb94cf466844"],"album":["Horehound"],"albumartist":["The Dead Weather"],"albumartistsort":["Dead Weather, The"],"artist":["The Dead Weather"],"artistsort":["Dead Weather, The"],"asin":["B0029U2GHE"],"barcode":["886975391226"],"catalognumber":["88697539122"],"composer":["Alison Mosshart","Dean Fertita"],"date":["2009-07-13"],"discnumber":["1"],"disctotal":["1"],"engineer":["Joshua Smith","Vance Powell"],"file_name":"02 Hang You From the Heavens.flac","genre":["Rock"],"isrc":["US3JJ0900001"],"label":["Third Man Records"],"media":["CD"],"mixer":["Jack White","Vance Powell"],"musicbrainz_albumartistid":["334bd887-9044-4c38-aebd-4baab851efb4"],"musicbrainz_albumid":["6f4983e4-ae3b-47f0-b723-9d4750470943"],"musicbrainz_artistid":["334bd887-9044-4c38-aebd-4baab851efb4"],"musicbrainz_recordingid":["e6d49e37-1e0f-4b74-9c88-c021fe152ee4"],"musicbrainz_releasegroupid":["b7435103-780b-4d02-902c-87e7bb6ca9c7"],"musicbrainz_releasetrackid":["aff08633-3efd-3c14-8e56-d6bc20e5b495"],"musicbrainz_workid":["b314eeaa-0204-386e-b434-9f39bab57ec0"],"originaldate":["2009-07-13"],"performer":["Jack Lawrence (bass)","Dean Fertita (guitar, organ, piano and synthesizer)","Jack White (drums)","Alison Mosshart (percussion)","Alison Mosshart (vocals)","Jack White (vocals)","Dean Fertita (background vocals)","Jack Lawrence (background vocals)"],"producer":["Jack White"],"releasecountry":["GB"],"releasestatus":["official"],"releasetype":["album"],"script":["Latn"],"title":["Hang You From the Heavens"],"totaldiscs":["1"],"totaltracks":["11"],"tracknumber":["2"],"tracktotal":["11"]},"version":{"essentia":"2.1-beta1","essentia_build_sha":"7598a69e7b456135ce4c070efb04a3d0ebb71fdd","essentia_git_sha":"v2.1_b