{"lowlevel":{"average_loudness":0.85441327095,"barkbands":{"dmean":[0.00105468113907,0.00350441993214,0.00195356621407,0.00131001241971,0.00320674828254,0.001655473141,0.000603637483437,0.0004754960828,0.000688905129209,0.000771794351749,0.000684767670464,0.000376089621568,0.000436197005911,0.000329927366693,0.000351334136212,0.000210185404285,0.000177264155354,0.000144546458614,0.000106815772597,0.0000364216066373,0.000017719454263,0.00000927472683543,0.00000413841598856,0.00000174294370936,0.00000173737964815,0.00000392347192246,0.00064533186378],"dmean2":[0.00172389065847,0.00572484452277,0.00335774524137,0.00217859027907,0.00496462266892,0.00256290659308,0.00100270006806,0.000781039649155,0.0010961596854,0.00124173238873,0.00111240358092,0.00061685818946,0.000703130092006,0.000534765014891,0.000570224307012,0.000334076321451,0.000280170585029,0.000220108311623,0.000160535302712,0.0000537335617992,0.0000258837026195,0.0000135181853693,0.00000615805174675,0.00000285749683826,0.00000284463908429,0.00000595853771301,0.00091346167028],"dvar":[0.0000037776096633,0.0000310453433485,0.0000106279585452,0.00000735898311177,0.0000427155209763,0.0000164254979609,0.0000037767995309,0.00000168093936281,0.00000257350757238,0.00000180201288913,0.00000179420737823,4.22753146267e-7,4.65694625973e-7,3.436647944e-7,2.75284122608e-7,1.02690727033e-7,1.02833055848e-7,8.06488671401e-8,7.21597785969e-8,6.09906303239e-9,8.24525281384e-10,1.87756171721e-10,4.55340348759e-11,1.01376233796e-11,9.88923179457e-12,3.88894298708e-11,9.06247578314e-7],"dvar2":[0.00000954208280746,0.0000772217608755,0.0000298370850942,0.0000170612347574,0.00010076804756,0.0000381404788641,0.0000105483231891,0.00000434087132817,0.00000632282763036,0.00000449639946964,0.00000463007745566,0.00000104559239844,0.0000011586544133,8.38299683892e-7,7.01908277279e-7,2.50072616836e-7,2.49698700827e-7,1.64912734135e-7,1.53799931013e-7,1.31827970762e-8,1.62398816617e-9,3.94517418734e-10,1.03303157695e-10,2.60004708735e-11,2.53463500188e-11,8.7576314256e-11,0.00000183558506706],"max":[0.0272558890283,0.0857418328524,0.0585950128734,0.0589749291539,0.0985203012824,0.0784443169832,0.0583457089961,0.0294130910188,0.0344493165612,0.0206994451582,0.0246768780053,0.0146218631417,0.0136130210012,0.0167757403105,0.00810757558793,0.0053646909073,0.00777688110247,0.0109617011622,0.0109708625823,0.00291621824726,0.000998485018499,0.000221345369937,0.000109028398583,0.0000699814772815,0.0000680241791997,0.000102410347608,0.0203939117491],"mean":[0.00163122115191,0.00501111568883,0.00244796625338,0.00178122660145,0.00542284594849,0.00254090479575,0.000890546187293,0.000674252049066,0.00104058906436,0.00134045304731,0.00130205112509,0.000610786431935,0.000871921656653,0.000568406307139,0.000652482616715,0.000418564333813,0.000337417877745,0.000272202509223,0.000199171568966,0.0000733183260309,0.0000391538414988,0.0000201488983294,0.00000747741296436,0.00000194451263269,0.00000184755208466,0.00000685605118633,0.00187796587124],"median":[0.000509960402269,0.00247073615901,0.00112973898649,0.00077077653259,0.00153194763698,0.000569164054468,0.000234007515246,0.000232379912632,0.000354823714588,0.000671894405968,0.000698689138517,0.000343640393112,0.000553617428523,0.000323149433825,0.000402886478696,0.000266145216301,0.000186692064744,0.000147900980664,0.000114041940833,0.0000463429751107,0.0000260237811744,0.0000133449557325,0.00000449296658189,8.01491466973e-7,6.97272469097e-7,0.00000415420527133,0.00130832998548],"min":[3.14832563033e-25,2.74578302521e-24,6.15187950733e-25,2.38816200573e-24,1.31324420128e-23,1.03960523488e-23,1.30278061218e-24,6.31290712012e-24,2.04920945845e-23,1.02191723789e-23,2.16091058491e-23,2.28483242897e-23,3.3521574472e-23,3.18344408094e-23,4.76596910766e-23,4.48685970643e-23,6.06107203248e-23,1.31039931642e-22,1.09872723584e-22,1.86821876594e-22,2.58792446389e-22,3.14381316057e-22,3.75617192872e-22,6.13748627469e-22,8.4370307071e-22,1.33101569762e-21,2.1097324322e-21],"var":[0.00000706563514541,0.0000542954658158,0.0000139808698805,0.0000155069446919,0.000105010352854,0.0000351943526766,0.00000708150946593,0.00000267354039352,0.00000489052808916,0.00000388926900996,0.00000386133206121,6.99744305166e-7,0.00000102631804566,6.22815150564e-7,6.15770204604e-7,2.38525188934e-7,2.34355340467e-7,1.84966907568e-7,1.30274685262e-7,1.16460396882e-8,2.281679512e-9,4.92056728696e-10,8.72319577683e-11,1.12960890641e-11,1.08800286489e-11,7.0557282239e-11,0.00000374129353986]},"barkbands_crest":{"dmean":2.66875934601,"dmean2":4.32753324509,"dvar":6.17452001572,"dvar2":15.3436307907,"max":26.0148639679,"mean":9.09292411804,"median":8.07925415039,"min":2.77457904816,"var":17.2756958008},"barkbands_flatness_db":{"dmean":0.0200530812144,"dmean2":0.0312220938504,"dvar":0.00030702695949,"dvar2":0.000733105582185,"max":0.36056676507,"mean":0.125254377723,"median":0.119497947395,"min":0.0310369040817,"var":0.00126358529087},"barkbands_kurtosis":{"dmean":2.77746248245,"dmean2":4.32658958435,"dvar":44.9717102051,"dvar2":88.8890304565,"max":278.25881958,"mean":4.34781312943,"median":2.15490055084,"min":-1.80480837822,"var":110.705963135},"barkbands_skewness":{"dmean":0.491635024548,"dmean2":0.770864188671,"dvar":0.280979692936,"dvar2":0.621727645397,"max":14.3538885117,"mean":1.62602424622,"median":1.52860581875,"min":-2.21787405014,"var":1.51547455788},"barkbands_spread":{"dmean":9.31171035767,"dmean2":14.3047895432,"dvar":68.6456069946,"dvar2":149.690414429,"max":129.593994141,"mean":43.5221214294,"median":42.0869636536,"min":0.84385573864,"var":416.22366333},"dissonance":{"dmean":0.0164071917534,"dmean2":0.0277030933648,"dvar":0.000256376515608,"dvar2":0.000706087448634,"max":0.500000059605,"mean":0.471605449915,"median":0.477274566889,"min":0.311383277178,"var":0.00053350161761},"dynamic_complexity":3.71698594093,"erbbands":{"dmean":[0.142765045166,0.698888123035,1.9308668375,3.40163803101,5.88900899887,13.387049675,14.4285030365,13.3263082504,9.94112968445,7.38485574722,11.3660860062,13.9246311188,22.6047763824,31.7540054321,21.4927520752,15.1562156677,18.6237678528,17.5698204041,17.5492610931,12.822684288,10.5949363708,10.0399532318,7.60994815826,7.29131603241,3.54265499115,1.6780705452,0.978196382523,0.567596852779,0.357586801052,0.218521103263,0.100061684847,0.0431175082922,0.0272570159286,0.0190733540803,0.0126005774364,0.00778159173205,0.00703118089586,0.0139883393422,0.020042758435,0.0165727734566],"dmean2":[0.235320881009,1.15168249607,3.32106876373,5.59171104431,9.71279239655,20.4542121887,22.6261844635,20.836971283,16.2056522369,12.2255783081,18.4389705658,22.1713008881,36.4819412231,50.8427352905,34.4718971252,24.7524108887,29.7685775757,28.2109661102,28.086227417,20.6558513641,16.5739135742,15.7314910889,11.6033763885,11.0716762543,5.26116466522,2.43349123001,1.42999410629,0.835641920567,0.527602791786,0.319602370262,0.148908376694,0.0689672157168,0.0448988340795,0.0312970392406,0.0205896738917,0.0126750627533,0.0104876533151,0.0187350586057,0.0257864613086,0.022870214656],"dvar":[0.0529899895191,1.47063195705,9.85784721375,41.5819816589,156.307983398,960.583312988,1499.50280762,1220.90002441,897.954711914,536.556640625,952.05847168,1117.33935547,2036.78222656,3889.73730469,1547.52282715,652.513000488,839.388977051,1055.57055664,666.440795898,335.636901855,267.979736328,342.818878174,222.485534668,289.604125977,79.2575149536,13.5208320618,3.37918615341,0.705329120159,0.295713365078,0.114300191402,0.0268218424171,0.0055553088896,0.00255951774307,0.0012200694764,0.000509017903823,0.000181672294275,0.000119415868539,0.00047186811571,0.000886833586264,0.000629515387118],"dvar2":[0.137580960989,3.68183398247,27.4410591125,94.1066360474,409.869659424,2180.52099609,3612.06884766,2844.16625977,2405.28710938,1489.48522949,2429.82739258,2595.86279297,5132.16064453,9752.01855469,3824.6640625,1612.4197998,2029.73620605,2599.91137695,1637.36462402,842.881835938,620.02355957,823.202148438,459.056396484,577.066162109,174.017776489,28.1538257599,7.15214157104,1.38502693176,0.637189328671,0.248791366816,0.0615933388472,0.0140031594783,0.00658145081252,0.00313360383734,0.0013017160818,0.000460763840238,0.00026500041713,0.000917944824323,0.00156703509856,0.00123666983563],"max":[2.98933124542,22.0793876648,44.0448417664,177.306533813,315.355926514,553.501464844,732.387390137,727.063110352,841.501220703,689.029968262,784.801208496,923.27142334,996.295593262,1312.19299316,786.969665527,692.805664062,452.588470459,961.157531738,396.841949463,311.41104126,250.338256836,520.653625488,460.279998779,732.771606445,279.929504395,140.781799316,72.7881774902,22.5742835999,9.60002613068,4.78344678879,2.8566699028,1.56163883209,1.12831532955,0.767533361912,0.480251729488,0.267694592476,0.196732416749,0.346513152122,0.497491627932,0.465344697237],"mean":[0.184002175927,0.992151260376,2.57038998604,5.07956409454,9.07058334351,21.9940471649,21.6702899933,20.6896400452,15.5386962891,11.4982309341,17.0991458893,22.6528091431,38.7853164673,55.2752151489,42.6552047729,28.7504615784,38.7277412415,32.2567977905,33.8446044922,27.6343841553,21.8583564758,19.8633537292,14.8319015503,13.9170236588,7.02660417557,3.45248103142,2.08566999435,1.24875819683,0.768396317959,0.434666752815,0.17677718401,0.0572395958006,0.0287363883108,0.0201095342636,0.0135785751045,0.00883146561682,0.0126645518467,0.0336047038436,0.0563026592135,0.0553831122816],"median":[0.0880246311426,0.457434505224,1.29791367054,2.46463608742,4.02142953873,4.60362434387,4.63562393188,4.64153289795,3.6892478466,3.42401838303,6.55276060104,8.19931030273,18.5294532776,24.270652771,23.1503639221,18.7931461334,24.2219753265,20.1830387115,21.4514751434,18.7711791992,14.372508049,10.9753599167,8.12460803986,8.00498867035,4.00098562241,2.17218255997,1.36814856529,0.824087917805,0.510150611401,0.274451345205,0.105360217392,0.0291314590722,0.0106107201427,0.00742334825918,0.00525287119672,0.00379447313026,0.00785593688488,0.0223409403116,0.0399377569556,0.0410315617919],"min":[9.66543051989e-23,1.02125645013e-21,2.01541001246e-21,5.58168754602e-21,1.52736638286e-20,3.85778975431e-20,5.70758887812e-20,8.88458475448e-20,4.5351285376e-20,1.34556694762e-19,2.03791776656e-19,4.03330552494e-19,2.70482502685e-19,8.44300201004e-19,9.31566566557e-19,8.65601859536e-19,1.9354136226e-18,1.81522035049e-18,2.23055952338e-18,3.46249367172e-18,3.40460715887e-18,3.96037740473e-18,7.26667332062e-18,6.16775808658e-18,5.56368380166e-18,8.72194788871e-18,1.11401194196e-17,9.68384644455e-18,1.16284868533e-17,1.27287156502e-17,1.06199212488e-17,1.20372265725e-17,1.0594086744e-17,8.91243931198e-18,6.87660885814e-18,4.34420244385e-18,2.31172806855e-18,8.46875938034e-19,2.61809229619e-19,2.84494263715e-20],"var":[0.0785790160298,2.38832759857,13.1451368332,98.2601013184,313.717529297,2420.79272461,2821.40234375,2629.38793945,1691.32946777,976.176086426,1548.51818848,2335.07617188,3658.62353516,10325.7265625,3377.38647461,1186.30773926,2053.76416016,1814.84460449,1552.15026855,881.971557617,615.907958984,803.692687988,520.526733398,595.787231445,143.205215454,26.5793304443,7.89294242859,1.98725318909,0.728301525116,0.258106380701,0.0497379638255,0.00703674089164,0.00276363315061,0.00132861058228,0.000566196977161,0.000209311721846,0.000225745345233,0.00133551226463,0.00330023444258,0.00277195242234]},"erbbands_crest":{"dmean":2.36415100098,"dmean2":3.82522010803,"dvar":4.92462205887,"dvar2":12.0195217133,"max":25.682094574,"mean":8.59388446808,"median":7.73919439316,"min":2.57424855232,"var":13.2462587357},"erbbands_flatness_db":{"dmean":0.0184979699552,"dmean2":0.0291765704751,"dvar":0.000251048128121,"dvar2":0.000600148865487,"max":0.329050958157,"mean":0.157794937491,"median":0.15649458766,"min":0.0308984499425,"var":0.00112847937271},"erbbands_kurtosis":{"dmean":0.798013627529,"dmean2":1.27297580242,"dvar":0.943128585815,"dvar2":2.15555644035,"max":33.6896476746,"mean":0.739603281021,"median":0.368903875351,"min":-1.67814123631,"var":2.88519573212},"erbbands_skewness":{"dmean":0.312705636024,"dmean2":0.489194184542,"dvar":0.0765482857823,"dvar2":0.180734246969,"max":5.29669046402,"mean":-0.111065335572,"median":-0.166606172919,"min":-2.47242307663,"var":0.434043169022},"erbbands_spread":{"dmean":5.01167869568,"dmean2":7.93463039398,"dvar":20.9267787933,"dvar2":51.3285827637,"max":80.8321609497,"mean":25.7720146179,"median":24.7344741821,"min":3.05490756035,"var":98.0722885132},"gfcc":{"cov":[[27416.8789062,3106.65795898,-1769.82617188,-673.096374512,244.017547607,-521.854919434,446.698242188,-424.816253662,69.9682006836,-382.921905518,20.9157009125,-53.6249237061,49.6999282837],[3106.65795898,979.401611328,-100.713409424,-243.39781189,-5.9658408165,-105.44960022,55.9249916077,-95.3360824585,-7.28815555573,-64.720123291,20.1429653168,-38.2527580261,25.3774757385],[-1769.82617188,-100.713409424,402.416259766,89.2629699707,-87.3158187866,143.990020752,-129.430221558,104.84803772,-53.7054672241,51.6661109924,4.8057012558,0.812864363194,34.8058624268],[-673.096374512,-243.39781189,89.2629699707,251.877059937,111.765113831,-4.04809570312,29.349313736,-17.5354938507,24.7077770233,-4.96246099472,-20.9843502045,31.3434085846,-25.8627090454],[244.017547607,-5.9658408165,-87.3158187866,111.765113831,243.213256836,6.04887676239,142.297744751,-59.8272209167,45.1914558411,-49.152179718,-18.5018253326,16.1586589813,-16.4631252289],[-521.854919434,-105.44960022,143.990020752,-4.04809570312,6.04887676239,253.497177124,2.73860812187,102.850021362,-36.9174537659,27.1043281555,-7.64720058441,-9.64525794983,23.973947525],[446.698242188,55.9249916077,-129.430221558,29.349313736,142.297744751,2.73860812187,252.814437866,-31.451713562,96.1262741089,-19.598274231,-14.1735372543,31.9425296783,-43.503528595],[-424.816253662,-95.3360824585,104.84803772,-17.5354938507,-59.8272209167,102.850021362,-31.451713562,157.973815918,8.31312465668,59.3837432861,22.9536762238,-21.9123706818,18.2151927948],[69.9682006836,-7.28815555573,-53.7054672241,24.7077770233,45.1914558411,-36.9174537659,96.1262741089,8.31312465668,132.342697144,46.9437141418,10.0880403519,21.0304679871,-35.2319145203],[-382.921905518,-64.720123291,51.6661109924,-4.96246099472,-49.152179718,27.1043281555,-19.598274231,59.3837432861,46.9437141418,90.7163314819,38.5786399841,5.47251319885,-3.28101348877],[20.9157009125,20.1429653168,4.8057012558,-20.9843502045,-18.5018253326,-7.64720058441,-14.1735372543,22.9536762238,10.0880403519,38.5786399841,60.1105537415,23.6809997559,17.2779369354],[-53.6249237061,-38.2527580261,0.812864363194,31.3434085846,16.1586589813,-9.64525794983,31.9425296783,-21.9123706818,21.0304679871,5.47251319885,23.6809997559,69.7462387085,21.051071167],[49.6999282837,25.3774757385,34.8058624268,-25.8627090454,-16.4631252289,23.973947525,-43.503528595,18.2151927948,-35.2319145203,-3.28101348877,17.2779369354,21.051071167,73.2366714478]],"icov":[[0.000134964953759,-0.000649910361972,0.00108656485099,-0.000821990543045,0.000357288459782,-0.000462520314613,0.000363757077139,-0.000445800716989,0.0000219794146687,0.0000526332150912,0.000247585499892,-0.000433518027421,-0.000035248536733],[-0.000649910361972,0.00534305442125,-0.00687260972336,0.0064466050826,-0.00189371092711,0.0030220861081,-0.00315829948522,0.00422958703712,-0.00149533804506,0.00211494183168,-0.00413756258786,0.0053577804938,-0.00139915640466],[0.00108656485099,-0.00687260972336,0.0157117489725,-0.0120050329715,0.00541908992454,-0.00722036045045,0.00562058296055,-0.00584943266585,0.00124980660621,-0.00190792535432,0.00427076499909,-0.00592117663473,-0.000476901448565],[-0.000821990543045,0.0064466050826,-0.0120050329715,0.018637990579,-0.0109729561955,0.00786298513412,-0.00133374764118,0.00132045440841,0.00206452887505,-0.00267956894822,0.00375682301819,-0.0040557119064,0.00560252508149],[0.000357288459782,-0.00189371092711,0.00541908992454,-0.0109729561955,0.0158627778292,-0.00699787167832,-0.0038941197563,0.00496749673039,-0.00715796742588,0.00994457770139,-0.00944717507809,0.0095797162503,-0.00725151225924],[-0.000462520314613,0.0030220861081,-0.00722036045045,0.00786298513412,-0.00699787167832,0.0123599488288,-0.00372499437071,-0.00441143102944,0.0077804736793,-0.00739684700966,0.00693349400535,-0.00303595163859,0.00138878170401],[0.000363757077139,-0.00315829948522,0.00562058296055,-0.00133374764118,-0.0038941197563,-0.00372499437071,0.0134595679119,-0.00481604877859,-0.00460051093251,0.00228437245823,0.00488008465618,-0.0107958223671,0.00708334892988],[-0.000445800716989,0.00422958703712,-0.00584943266585,0.00132045440841,0.00496749673039,-0.00441143102944,-0.00481604877859,0.0203939359635,-0.0078883394599,0.00227747415192,-0.0127500882372,0.0175550878048,-0.00902002491057],[0.0000219794146687,-0.00149533804506,0.00124980660621,0.00206452887505,-0.00715796742588,0.0077804736793,-0.00460051093251,-0.0078883394599,0.027351371944,-0.0230026766658,0.01491627004,-0.0133516825736,0.00815767701715],[0.0000526332150912,0.00211494183168,-0.00190792535432,-0.00267956894822,0.00994457770139,-0.00739684700966,0.00228437245823,0.00227747415192,-0.0230026766658,0.0433750748634,-0.0281379371881,0.0122696915641,-0.00137194083072],[0.000247585499892,-0.00413756258786,0.00427076499909,0.00375682301819,-0.00944717507809,0.00693349400535,0.00488008465618,-0.0127500882372,0.01491627004,-0.0281379371881,0.0476822927594,-0.0267788395286,0.00460264319554],[-0.000433518027421,0.0053577804938,-0.00592117663473,-0.0040557119064,0.0095797162503,-0.00303595163859,-0.0107958223671,0.0175550878048,-0.0133516825736,0.0122696915641,-0.0267788395286,0.044932320714,-0.0202834140509],[-0.000035248536733,-0.00139915640466,-0.000476901448565,0.00560252508149,-0.00725151225924,0.00138878170401,0.00708334892988,-0.00902002491057,0.00815767701715,-0.00137194083072,0.00460264319554,-0.0202834140509,0.02934188582]],"mean":[-27.6040172577,96.1324615479,-103.181732178,-10.2520589828,5.95795679092,-25.3199939728,6.47413349152,-25.3288173676,-3.12572073936,-17.4894332886,-6.06715679169,-3.28457832336,-3.42580366135]},"hfc":{"dmean":70.5620880127,"dmean2":102.764900208,"dvar":12350.6630859,"dvar2":26625.9609375,"max":1827.29516602,"mean":219.73223877,"median":172.238830566,"min":1.09613296242e-16,"var":37373.1289062},"melbands":{"dmean":[0.00110176426824,0.000932249531616,0.000609537179116,0.000656696560327,0.000543943431694,0.000297198654152,0.000149193263496,0.000081550089817,0.0000906084751477,0.0000981222838163,0.000113970498205,0.000128076120745,0.0000789936530055,0.000046075823775,0.0000450892293884,0.000039250626287,0.0000344952095475,0.0000278785919363,0.0000258771906374,0.0000159663013619,0.0000129954169097,0.0000121749963,0.00000738984681448,0.00000695016160535,0.0000064286318775,0.00000343418810189,0.00000180107906544,0.00000106621791929,7.44127362395e-7,4.27925272106e-7,3.17865641364e-7,2.25790174113e-7,1.64908612987e-7,1.11888219578e-7,6.39820854076e-8,3.73697552902e-8,2.27637517725e-8,1.92625169149e-8,1.72726384307e-8,1.56639483606e-8],"dmean2":[0.00179551099427,0.00157708115876,0.00100586889312,0.0010245264275,0.000837482511997,0.000462627387606,0.000243330810918,0.000133854657179,0.000147412880324,0.000156299385708,0.000184384727618,0.000205408490729,0.000128249113914,0.0000748611273593,0.0000745892248233,0.0000622770676273,0.0000560244297958,0.0000448162936664,0.0000420970536652,0.0000260315646301,0.0000205511150853,0.0000194545264094,0.0000114988561108,0.0000106162178781,0.0000099569615486,0.00000525261066286,0.00000274451008409,0.00000159585306392,0.00000112457553314,6.4315884174e-7,4.8195073532e-7,3.43588538954e-7,2.48721818252e-7,1.67624207847e-7,9.68943112412e-8,5.81166581526e-8,3.72848703023e-8,3.18006350142e-8,2.84089445302e-8,2.5688734695e-8],"dvar":[0.00000301596378449,0.00000212391796595,0.00000121217942706,0.00000204509115065,0.00000165850974554,5.57497969567e-7,1.95756257426e-7,5.60808928185e-8,5.53951089444e-8,5.57363541986e-8,5.13812494773e-8,6.19565270199e-8,2.30504433318e-8,6.58749454985e-9,4.77844297464e-9,4.85378448545e-9,4.02087163565e-9,1.69419378526e-9,1.45218881364e-9,6.27643492734e-10,3.87883947184e-10,5.12637932104e-10,2.14838091761e-10,2.1879888179e-10,2.31554372898e-10,8.18756451526e-11,1.3743547099e-11,6.55732065868e-12,2.14647050134e-12,4.92856623568e-13,2.15473838316e-13,1.20000851703e-13,6.41493965153e-14,3.242522082e-14,1.13200820381e-14,3.87937362898e-15,1.71402177899e-15,1.28846543827e-15,1.01961972191e-15,8.18848031814e-16],"dvar2":[0.00000756582721806,0.00000570453903492,0.00000285807118416,0.00000474886883239,0.00000399908549298,0.00000129909562929,5.238812264e-7,1.52518495611e-7,1.41843798929e-7,1.32303000555e-7,1.29829103912e-7,1.55266036472e-7,5.88956829972e-8,1.62063518161e-8,1.25030741316e-8,1.17569181057e-8,1.00680512816e-8,4.16320178331e-9,3.75580544443e-9,1.62431701423e-9,9.08221275964e-10,1.27269095263e-9,4.87367923796e-10,4.5091652634e-10,4.77755057737e-10,1.90565785374e-10,2.92947367753e-11,1.47695692482e-11,4.93987489802e-12,9.99123743808e-13,4.53844074952e-13,2.69171593651e-13,1.44402854474e-13,7.31877530585e-14,2.64952075308e-14,9.29531923438e-15,4.39039707638e-15,3.31385716394e-15,2.62384485511e-15,2.10221634344e-15],"max":[0.0233275834471,0.0183815546334,0.025001110509,0.0260335858911,0.0199680477381,0.0149348070845,0.0120593076572,0.00630242889747,0.00576823111624,0.00599699001759,0.00497568631545,0.00497863069177,0.00285771745257,0.00179420947097,0.00116070068907,0.00157444761135,0.00183563795872,0.00072276982246,0.000604650645982,0.000463162374217,0.00030964409234,0.000692504574545,0.000314034550684,0.000610266113654,0.00068245845614,0.000279644998955,0.0000968068343354,0.000105760896986,0.0000528137788933,0.0000261915483861,0.00000967724281509,0.00000604274055149,0.00000358051534022,0.00000237544281845,0.00000182039786978,0.00000111009296688,9.12736595637e-7,8.02308420589e-7,7.07229958152e-7,6.26577161711e-7],"mean":[0.00162205414381,0.0013613414485,0.00095634337049,0.0011061814148,0.000848040916026,0.00046135293087,0.000234815408476,0.000125852384372,0.000135511800181,0.000154378751176,0.000187495301361,0.000211869890336,0.000151892090798,0.0000812595899333,0.0000839688073029,0.0000772148268879,0.0000581241074542,0.0000514469284099,0.0000479963418911,0.0000312628762913,0.0000238805168919,0.0000223064507736,0.0000137165443448,0.0000126703807837,0.0000115207385534,0.00000615953240413,0.00000338231279784,0.00000200533600037,0.00000145615842939,8.72781242833e-7,6.60664738916e-7,4.5752202027e-7,3.20883259519e-7,2.06715370155e-7,1.09153610595e-7,5.64694317973e-8,2.56030467938e-8,1.98515603955e-8,1.79652968058e-8,1.6509812184e-8],"median":[0.000849870266393,0.00074303674046,0.000512134691235,0.000329798931489,0.0001761096064,0.000101266807178,0.0000560173175472,0.0000392635884054,0.0000537696869287,0.0000536208608537,0.0000852339944686,0.0000861119478941,0.0000815175881144,0.0000491932951263,0.0000542249654245,0.0000446871963504,0.0000336488556059,0.0000317807462125,0.0000299582461594,0.0000192403131223,0.0000149586185216,0.0000120902877825,0.0000070416122071,0.00000676371200825,0.00000654769019093,0.00000337390520144,0.00000200916269932,0.00000124088705888,9.316245837e-7,5.68159919112e-7,4.31282842328e-7,3.00086327343e-7,2.02127083071e-7,1.25359093772e-7,6.33963992414e-8,3.13165280375e-8,1.06443556191e-8,6.92625645726e-9,6.47346665161e-9,6.12272543776e-9],"min":[1.44193952156e-24,1.23541987809e-24,1.31021710533e-24,1.61239737482e-24,2.49893365682e-24,2.03366132555e-24,6.02656057089e-25,1.10606739724e-24,1.62025965564e-24,2.78662235427e-24,1.18589144338e-24,2.97623986398e-24,3.11102877977e-24,2.88104072159e-24,2.59815500376e-24,3.96071993268e-24,2.63283747067e-24,3.33299333368e-24,3.42482699824e-24,3.79579002221e-24,3.42462189441e-24,3.57383296248e-24,5.1067837611e-24,4.72051841329e-24,4.70597497364e-24,3.36293297162e-24,4.53852859689e-24,4.453723683e-24,5.91864272273e-24,5.19557084485e-24,5.05890739834e-24,5.68246881176e-24,5.3935780875e-24,6.39081068438e-24,4.76627313466e-24,6.34219121464e-24,5.71848149537e-24,5.77958468894e-24,5.8558174458e-24,6.63514930572e-24],"var":[0.00000537766618436,0.00000323260019286,0.00000274359558716,0.00000525528230355,0.00000334131277668,0.00000124201903873,3.93710507751e-7,1.02474743358e-7,9.2047706346e-8,1.12228200067e-7,9.03301042854e-8,1.58641967118e-7,4.57966002898e-8,1.11383382517e-8,9.42772881984e-9,9.95287052774e-9,6.60973720201e-9,3.76159681181e-9,3.27156679525e-9,1.45223910675e-9,8.00656763111e-10,1.08744635519e-9,4.58351079313e-10,4.61708282717e-10,4.34970531815e-10,1.30483540639e-10,2.64139665002e-11,1.03966505544e-11,4.18987717785e-12,1.18691222215e-12,5.5802953404e-13,2.70032802542e-13,1.38887518023e-13,6.45308730497e-14,2.01737786226e-14,5.85697617928e-15,1.92244778819e-15,1.38152312483e-15,1.09827266029e-15,8.9330434546e-16]},"melbands_crest":{"dmean":3.9291882515,"dmean2":6.53511095047,"dvar":11.2834758759,"dvar2":30.7259502411,"max":34.6063690186,"mean":13.880361557,"median":13.1482486725,"min":1.2923232317,"var":30.6652355194},"melbands_flatness_db":{"dmean":0.0276230257004,"dmean2":0.0434196218848,"dvar":0.000547229370568,"dvar2":0.0012941127643,"max":0.498272776604,"mean":0.226737439632,"median":0.226925939322,"min":0.000689153559506,"var":0.00347186927684},"melbands_kurtosis":{"dmean":4.16201734543,"dmean2":6.70583868027,"dvar":54.1697158813,"dvar2":125.977287292,"max":191.27166748,"mean":6.44911146164,"median":3.21645402908,"min":-1.7171267271,"var":141.081039429},"melbands_skewness":{"dmean":0.648887634277,"dmean2":1.0345031023,"dvar":0.385213971138,"dvar2":0.933174908161,"max":10.8953361511,"mean":1.96268689632,"median":1.79604041576,"min":-1.21763491631,"var":1.70531821251},"melbands_spread":{"dmean":6.81445455551,"dmean2":10.856549263,"dvar":62.5446853638,"dvar2":141.383789062,"max":194.174377441,"mean":26.5800209045,"median":21.726108551,"min":0.598761081696,"var":493.876312256},"mfcc":{"cov":[[10115.0429688,2558.43823242,-797.980895996,283.49395752,-305.228515625,235.158004761,18.5116233826,280.526397705,20.941078186,33.1105499268,71.8304824829,-56.227104187,24.8356838226],[2558.43823242,1391.41308594,-165.953582764,1.24108684063,-114.88067627,41.137840271,12.8618774414,26.0212001801,-22.7234535217,-14.7907752991,12.6421356201,-52.5008392334,-26.0329456329],[-797.980895996,-165.953582764,449.155792236,-131.599899292,87.7350463867,-95.2293777466,2.6881043911,-75.4669952393,-14.1203927994,-12.4147377014,-8.91747188568,8.47068977356,-31.4932308197],[283.49395752,1.24108684063,-131.599899292,312.905029297,17.2741203308,82.9300613403,-31.7959098816,50.76197052,-4.28705406189,2.53038096428,-0.103468112648,-11.8865442276,18.970615387],[-305.228515625,-114.88067627,87.7350463867,17.2741203308,170.351654053,8.81643676758,38.3155555725,-13.5578508377,9.4047164917,-20.1670341492,-21.2138557434,-0.962810516357,-14.0387611389],[235.158004761,41.137840271,-95.2293777466,82.9300613403,8.81643676758,191.167724609,44.1844711304,89.1860275269,36.6248970032,3.32939076424,-2.21101880074,0.932575047016,31.1142463684],[18.5116233826,12.8618774414,2.6881043911,-31.7959098816,38.3155555725,44.1844711304,110.002540588,45.4917373657,26.6849803925,-7.26487636566,-12.1531896591,1.55785095692,1.86465811729],[280.526397705,26.0212001801,-75.4669952393,50.76197052,-13.5578508377,89.1860275269,45.4917373657,111.752494812,47.9961509705,13.725279808,4.56251621246,5.96347522736,22.0629463196],[20.941078186,-22.7234535217,-14.1203927994,-4.28705406189,9.4047164917,36.6248970032,26.6849803925,47.9961509705,77.165184021,34.9722671509,19.1378288269,20.1855735779,14.7228212357],[33.1105499268,-14.7907752991,-12.4147377014,2.53038096428,-20.1670341492,3.32939076424,-7.26487636566,13.725279808,34.9722671509,67.1153259277,46.5027313232,25.6866798401,15.0688562393],[71.8304824829,12.6421356201,-8.91747188568,-0.103468112648,-21.2138557434,-2.21101880074,-12.1531896591,4.56251621246,19.1378288269,46.5027313232,73.3397293091,40.986240387,15.1848335266],[-56.227104187,-52.5008392334,8.47068977356,-11.8865442276,-0.962810516357,0.932575047016,1.55785095692,5.96347522736,20.1855735779,25.6866798401,40.986240387,63.1763572693,37.6529426575],[24.8356838226,-26.0329456329,-31.4932308197,18.970615387,-14.0387611389,31.1142463684,1.86465811729,22.0629463196,14.7228212357,15.0688562393,15.1848335266,37.6529426575,68.7666549683]],"icov":[[0.000223179318709,-0.000390717585105,0.000189400787349,-0.0000547141353309,-0.0000471984712931,0.000102438592876,0.00013581145322,-0.000522815505974,0.000170322397025,-0.000111861452751,0.0000341009072145,-0.000187542405911,0.0000645933469059],[-0.000390717585105,0.00153360166587,-0.000125587102957,0.000175537556061,0.000578075938392,-0.000328610447468,-0.000585299509112,0.0010274418164,-0.000249636272201,0.000799244793598,-0.00113739981316,0.00146111438517,-0.000101891695522],[0.000189400787349,-0.000125587102957,0.0034404983744,0.00109593151137,-0.00168556079734,0.000749866885599,0.000346680462826,0.000190641483641,0.000352532166289,-0.000267119758064,0.00025659945095,-0.000922226987313,0.000834770791698],[-0.0000547141353309,0.000175537556061,0.00109593151137,0.00512878736481,-0.00235171266831,-0.00122775463387,0.00323902349919,-0.00290758977644,0.00240234751254,-0.0008304034709,-0.000683788734023,0.00171898060944,-0.00102891318966],[-0.0000471984712931,0.000578075938392,-0.00168556079734,-0.00235171266831,0.00954291690141,-0.00117927265819,-0.00421284418553,0.00459001818672,-0.00370685639791,0.00267038703896,0.00150565674994,-0.00220523076132,0.00231952546164],[0.000102438592876,-0.000328610447468,0.000749866885599,-0.00122775463387,-0.00117927265819,0.00979447737336,-0.00130890123546,-0.00575517723337,-0.000813345715869,0.00129617471248,-0.00109528424218,0.00240036658943,-0.00345203094184],[0.00013581145322,-0.000585299509112,0.000346680462826,0.00323902349919,-0.00421284418553,-0.00130890123546,0.0154681615531,-0.00742548890412,-0.000195391941816,0.000847317278385,0.00207740277983,-0.00179574510548,0.00107040489092],[-0.000522815505974,0.0010274418164,0.000190641483641,-0.00290758977644,0.00459001818672,-0.00575517723337,-0.00742548890412,0.0244143623859,-0.0112286647782,0.00234094867483,-0.000413591827964,0.00168573239353,-0.00156407686882],[0.000170322397025,-0.000249636272201,0.000352532166289,0.00240234751254,-0.00370685639791,-0.000813345715869,-0.000195391941816,-0.0112286647782,0.027527730912,-0.0145355239511,0.0040838108398,-0.00525620533153,0.00182960380334],[-0.000111861452751,0.000799244793598,-0.000267119758064,-0.0008304034709,0.00267038703896,0.00129617471248,0.000847317278385,0.00234094867483,-0.0145355239511,0.0360922068357,-0.0209516771138,0.00609444780275,-0.00387300504372],[0.0000341009072145,-0.00113739981316,0.00025659945095,-0.000683788734023,0.00150565674994,-0.00109528424218,0.00207740277983,-0.000413591827964,0.0040838108398,-0.0209516771138,0.0385086834431,-0.0243590176105,0.00929371267557],[-0.000187542405911,0.00146111438517,-0.000922226987313,0.00171898060944,-0.00220523076132,0.00240036658943,-0.00179574510548,0.00168573239353,-0.00525620533153,0.00609444780275,-0.0243590176105,0.0451805964112,-0.0218738596886],[0.0000645933469059,-0.000101891695522,0.000834770791698,-0.00102891318966,0.00231952546164,-0.00345203094184,0.00107040489092,-0.00156407686882,0.00182960380334,-0.00387300504372,0.00929371267557,-0.0218738596886,0.0280361361802]],"mean":[-682.579589844,166.470031738,-42.0502281189,32.2709159851,2.87437534332,17.8545722961,3.69061493874,8.95050048828,-0.102819480002,-1.59889876842,-1.04502248764,-7.28854894638,-0.685124218464]},"pitch_salience":{"dmean":0.0684856921434,"dmean2":0.112543851137,"dvar":0.00369617901742,"dvar2":0.00947179924697,"max":0.974265873432,"mean":0.582751274109,"median":0.590388357639,"min":0.0750475227833,"var":0.0110740344971},"silence_rate_20dB":{"dmean":0,"dmean2":0,"dvar":0,"dvar2":0,"max":1,"mean":1,"median":1,"min":1,"var":0},"silence_rate_30dB":{"dmean":0.0248366016895,"dmean2":0.0496813207865,"dvar":0.0242191813886,"dvar2":0.0599622987211,"max":1,"mean":0.97827154398,"median":1,"min":0,"var":0.0212568864226},"silence_rate_60dB":{"dmean":0.00980392191559,"dmean2":0.0196110475808,"dvar":0.00970708020031,"dvar2":0.0221652481705,"max":1,"mean":0.0807057693601,"median":0,"min":0,"var":0.0741913318634},"spectral_centroid":{"dmean":203.701431274,"dmean2":309.620391846,"dvar":70268.59375,"dvar2":143001.265625,"max":11543.6621094,"mean":1331.95739746,"median":1127.36962891,"min":230.885101318,"var":1459585.75},"spectral_complexity":{"dmean":3.6254901886,"dmean2":5.23778390884,"dvar":12.6327018738,"dvar2":22.9023132324,"max":51,"mean":20.8851490021,"median":21,"min":0,"var":102.253562927},"spectral_contrast_coeffs":{"dmean":[0.057208776474,0.0468551851809,0.0366351604462,0.0261710230261,0.0199529491365,0.0449378155172],"dmean2":[0.0944583639503,0.0785697996616,0.0603928044438,0.0439333990216,0.0329322777689,0.070286154747],"dvar":[0.00199087988585,0.00143218331505,0.00088153698016,0.000436875940068,0.000258819723967,0.00148847233504],"dvar2":[0.00534667773172,0.00392257701606,0.00242688925937,0.00121215567924,0.000692294444889,0.00370154506527],"max":[-0.333041489124,-0.447735190392,-0.553980529308,-0.624664247036,-0.636260926723,-0.499916523695],"mean":[-0.663249611855,-0.773463845253,-0.782968103886,-0.807159841061,-0.802438318729,-0.738743841648],"median":[-0.671574175358,-0.780831098557,-0.781621575356,-0.805402457714,-0.80077123642,-0.740565538406],"min":[-0.976901292801,-0.981640934944,-0.983847081661,-0.975618243217,-0.976330220699,-0.966082453728],"var":[0.00975272152573,0.00526847504079,0.00375712942332,0.00151542865206,0.00133382610511,0.00487310579047]},"spectral_contrast_valleys":{"dmean":[0.420285969973,0.381996065378,0.354055553675,0.276253759861,0.25064009428,0.634375214577],"dmean2":[0.691533505917,0.612089931965,0.54754203558,0.417806267738,0.345124363899,1.00517857075],"dvar":[0.148463442922,0.150074228644,0.149329006672,0.116061642766,0.122433371842,0.326694071293],"dvar2":[0.337972819805,0.312631189823,0.286540836096,0.207161694765,0.194160878658,0.789507627487],"max":[-5.26447343826,-4.58524990082,-5.02886199951,-5.54748868942,-5.57424497604,-8.91667366028],"mean":[-7.38301038742,-7.11561489105,-7.22074890137,-7.40205764771,-7.8415927887,-11.6542882919],"median":[-6.87879180908,-6.7040977478,-6.79539442062,-6.96492767334,-7.4543337822,-11.3539218903],"min":[-28.2853031158,-27.941865921,-27.767578125,-27.8026618958,-27.5185489655,-27.4508686066],"var":[6.4620347023,6.39822435379,6.31323194504,5.97652292252,5.47789287567,4.02113199234]},"spectral_decrease":{"dmean":2.22886531454e-9,"dmean2":3.48289708185e-9,"dvar":7.06453767587e-18,"dvar2":1.71686514286e-17,"max":4.16073886456e-9,"mean":-4.74190908761e-9,"median":-3.32532201774e-9,"min":-3.87021295012e-8,"var":2.36829535241e-17},"spectral_energy":{"dmean":0.0114284548908,"dmean2":0.0169757511467,"dvar":0.000194444030058,"dvar2":0.000429968495155,"max":0.189980968833,"mean":0.0378274172544,"median":0.0323434174061,"min":1.02238885555e-20,"var":0.000786103482824},"spectral_energyband_high":{"dmean":0.000435191701399,"dmean2":0.000596608035266,"dvar":4.20169641302e-7,"dvar2":8.28165298117e-7,"max":0.0130076091737,"mean":0.0012043552706,"median":0.000825801980682,"min":7.10967229486e-21,"var":0.00000160656975368},"spectral_energyband_low":{"dmean":0.00534869963303,"dmean2":0.00878694374114,"dvar":0.0000560328589927,"dvar2":0.000140373667818,"max":0.122209109366,"mean":0.00965278036892,"median":0.00609076954424,"min":2.0349558463e-23,"var":0.000127143124701},"spectral_energyband_middle_high":{"dmean":0.00217841914855,"dmean2":0.00322700571269,"dvar":0.0000108073436422,"dvar2":0.0000246669278567,"max":0.0544500313699,"mean":0.00630497466773,"median":0.00464718742296,"min":1.26766559785e-21,"var":0.0000369847221009},"spectral_energyband_middle_low":{"dmean":0.00568735878915,"dmean2":0.00871564820409,"dvar":0.0000728700761101,"dvar2":0.000171724881511,"max":0.107820987701,"mean":0.0128597998992,"median":0.00684346072376,"min":1.68319301834e-22,"var":0.000220030080527},"spectral_entropy":{"dmean":0.128738716245,"dmean2":0.194388240576,"dvar":0.015698030591,"dvar2":0.0357991866767,"max":9.81961345673,"mean":7.53373193741,"median":7.55197477341,"min":5.36179018021,"var":0.151001989841},"spectral_flux":{"dmean":0.0223040040582,"dmean2":0.0346977263689,"dvar":0.000554417900275,"dvar2":0.00126988766715,"max":0.349269539118,"mean":0.0999975204468,"median":0.0967272520065,"min":6.47611964055e-11,"var":0.00244065304287},"spectral_kurtosis":{"dmean":4.0394654274,"dmean2":6.40753507614,"dvar":15.4100513458,"dvar2":39.3476715088,"max":78.8502960205,"mean":25.0795230865,"median":24.9980239868,"min":-1.27228963375,"var":53.4218826294},"spectral_rms":{"dmean":0.000864085799549,"dmean2":0.00125925906468,"dvar":7.77616662617e-7,"dvar2":0.00000162587230079,"max":0.0136142317206,"mean":0.00555587047711,"median":0.00561734428629,"min":3.15824710134e-12,"var":0.00000603706985203},"spectral_rolloff":{"dmean":2684.81005859,"dmean2":5083.44384766,"dvar":35370656,"dvar2":85362936,"max":22006.9335938,"mean":17757.9121094,"median":21037.9394531,"min":64.599609375,"var":55003488},"spectral_skewness":{"dmean":0.27647832036,"dmean2":0.433720350266,"dvar":0.0673943310976,"dvar2":0.167529970407,"max":6.3716211319,"mean":3.4515349865,"median":3.46621823311,"min":-0.0811188295484,"var":0.414166480303},"spectral_spread":{"dmean":364665.96875,"dmean2":587944.6875,"dvar":735494275072,"dvar2":1517959643140,"max":42564740,"mean":4165963,"median":3665875.25,"min":1199956.75,"var":16176981737500},"spectral_strongpeak":{"dmean":5.74732160568,"dmean2":10.7941045761,"dvar":276.558837891,"dvar2":764.366210938,"max":186.858413696,"mean":4.76444816589,"median":0.412779688835,"min":0,"var":227.334915161},"zerocrossingrate":{"dmean":0.0362821705639,"dmean2":0.0454513318837,"dvar":0.000912880874239,"dvar2":0.00143054907676,"max":0.87744140625,"mean":0.342353910208,"median":0.34716796875,"min":0.03076171875,"var":0.0113561283797}},"metadata":{"audio_properties":{"analysis_sample_rate":44100,"bit_rate":160000,"codec":"mp3","downmix":"mix","equal_loudness":0,"length":142.106124878,"lossless":false,"md5_encoded":"8821565da3ddc4614baf12982e7db38a","replay_gain":-2.38352966309,"sample_rate":44100},"tags":{"album":["The Doors"],"album artist credit":["The Doors"],"albumartist":["The Doors"],"albumartistsort":["Doors, The"],"artist":["The Doors"],"artist credit":["The Doors"],"artistsort":["Doors, The"],"asin":["B00000016N"],"bpm":["0"],"catalognumber":["GZS 1023"],"composer":["Densmore/Krieger/Manzarek/Morrison"],"date":["1992"],"discnumber":["1/1"],"encodedby":["iTunes v4.8.0.32"],"file_name":"08 - The Doors - I Looked at You.mp3","genre":["Rock - Classic Rock"],"label":["DCC Compact Classics"],"language":["eng"],"media":["CD"],"musicbrainz album release country":["US"],"musicbrainz album status":["Official"],"musicbrainz album type":["album"],"musicbrainz_albumartistid":["9efff43b-3b29-4082-824e-bc82f646f93d"],"musicbrainz_albumid":["7edb9a93-3cfd-3260-a17f-9f501d0c4df4"],"musicbrainz_artistid":["9efff43b-3b29-4082-824e-bc82f646f93d"],"musicbrainz_recordingid":["e6f3d5de-f286-4998-ac87-53e64d4ec1f3"],"musicbrainz_releasegroupid":["8ebffd15-06c3-3b88-a761-ec18c5513287"],"originaldate":["1967-01-04"],"replaygain_album_gain":["0.00 dB"],"replaygain_album_peak":["0.000000"],"replaygain_track_gain":["-1.38 dB"],"replaygain_track_peak":["0.998230"],"script":["Latn"],"title":["I Looked at You"],"tracknumber":["8/11"]},"version":{"essentia":"2.1-beta1","essentia_build_sha":"5a811adb4c06fd6d02ca903f7349a26d851abfa8","essentia_git_sha":"v2.1_beta1-34-gf95df8b","extractor":"music 1.0"}},"rhythm":{"beats_count":346,"beats_loudness":{"dmean":0.0246978700161,"dmean2":0.044351387769,"dvar":0.000521116307937,"dvar2":0.00150693347678,"max":0.164985165,"mean":0.0527410879731,"median":0.0517669841647,"min":0,"var":0.000896843383089},"beats_loudness_band_ratio":{"