{"lowlevel":{"average_loudness":0.92001914978,"barkbands":{"dmean":[0.00484216073528,0.0089897364378,0.00275349034928,0.000945660343859,0.00183188158553,0.00216550845653,0.0015518568689,0.000879440107383,0.00148457312025,0.00118352193385,0.000801261165179,0.000609327165876,0.000390590314055,0.000326720939483,0.000276292994386,0.000177801644895,0.000118529133033,0.000179638984264,0.000157574642799,0.000107095031126,0.000113527901703,0.0000546990449948,0.000025388721042,0.0000135513892019,0.00000221526647692,0.0000167790112755,0.000229886965826],"dmean2":[0.00814710371196,0.0153293693438,0.00471821986139,0.00163299927954,0.0029846301768,0.00345230428502,0.00245521496981,0.00141743558925,0.00237113470212,0.00188822299242,0.00128808082081,0.000998020288534,0.000636740238406,0.000536129402462,0.000446881342214,0.000288951268885,0.000194916530745,0.000286865164526,0.000245627394179,0.000162443611771,0.000166898171301,0.0000778310422902,0.0000358239958587,0.0000195349530259,0.00000368141536455,0.0000230699115491,0.000337044009939],"dvar":[0.000113520931336,0.000298406404909,0.0000363134204235,0.00000310783320856,0.000011374463611,0.0000168741098605,0.00000929544239625,0.00000351936432708,0.00000875460591487,0.00000594510083829,0.00000328022406393,0.00000149671200234,3.69518147636e-7,2.38414642695e-7,2.5945863058e-7,1.05264845729e-7,5.07966113616e-8,3.51988035163e-7,2.8247973205e-7,9.1381203049e-8,2.3568084373e-7,3.83928302483e-8,4.4751842232e-9,8.19469880842e-10,1.4283055641e-11,1.32839406142e-9,1.27792858962e-7],"dvar2":[0.000287857168587,0.000810790166724,0.0000946225918597,0.00000836681738292,0.0000277122671832,0.0000405436294386,0.0000219141511479,0.00000876731792232,0.000021623349312,0.0000144251544043,0.00000786243981565,0.00000397515486839,9.17451757232e-7,6.1108414684e-7,6.56806832922e-7,2.67370211304e-7,1.23497940763e-7,8.63992170252e-7,6.11079087776e-7,1.95219243437e-7,4.85957400542e-7,8.03480446621e-8,8.79735218007e-9,1.65828506482e-9,3.56173077143e-11,2.49249221262e-9,2.78153834188e-7],"max":[0.224936008453,0.178503200412,0.0641248822212,0.0388604328036,0.0472767949104,0.0919595658779,0.0597173571587,0.0324454493821,0.0715671107173,0.0556931272149,0.0429272688925,0.0391763411462,0.014143479988,0.00970084033906,0.0120541509241,0.00703759724274,0.00478107994422,0.0155931590125,0.0164549462497,0.0114468513057,0.0239386968315,0.00865985639393,0.00257502496243,0.000707590428647,0.0000573358920519,0.00111601385288,0.00722015975043],"mean":[0.0050097797066,0.00980198103935,0.00262857298367,0.00102394283749,0.00245124637149,0.003390052123,0.00241109868512,0.00126049132086,0.00227310182527,0.00162557023577,0.00105985777918,0.000918801233638,0.000622973602731,0.000546109338757,0.000457142275991,0.000297770020552,0.000195045184228,0.000284573849058,0.000254941696767,0.000202489027288,0.000201251663384,0.0000999021358439,0.0000428517232649,0.0000179414528247,0.00000219554317482,0.000026539351893,0.000632811745163],"median":[0.00128211465199,0.00438298285007,0.00091500004055,0.000422919460107,0.00120069400873,0.00135801488068,0.00084564340068,0.000455219356809,0.000883269996848,0.000556098821107,0.000354275893187,0.000470962200779,0.000371897796867,0.000343335908838,0.000257001520367,0.000162462180015,0.000111662629934,0.000121353077702,0.0000914020274649,0.0000875802870723,0.00006871214282,0.0000392240835936,0.0000159505852935,0.00000495962331115,8.21334367629e-7,0.00000953203652898,0.000290862866677],"min":[1.63468089581e-25,2.90873605025e-24,6.87684908872e-25,8.741927782e-25,8.40900875847e-24,8.46508888022e-24,5.79814776933e-24,4.69320410445e-24,1.6652038027e-23,1.7983261315e-23,1.23266568857e-23,2.40525614822e-23,2.39677762899e-23,2.91839849193e-23,3.97136529505e-23,4.51459195378e-23,5.85689779081e-23,8.49045691144e-23,1.07531598987e-22,1.39349931257e-22,2.1416316448e-22,3.02174015404e-22,4.03487257378e-22,5.45961519582e-22,8.14627046139e-22,1.36832142208e-21,1.78858077107e-21],"var":[0.000113857611723,0.000260428525507,0.000029363332942,0.00000316575778925,0.0000140126758197,0.0000329648937623,0.0000166613081092,0.00000548956586499,0.0000148795406858,0.00000957964493864,0.00000488652131025,0.00000247939783549,6.70997053476e-7,4.36281879956e-7,4.44664891575e-7,1.89801937722e-7,8.6828556789e-8,5.57753651265e-7,4.67013137495e-7,1.78887205493e-7,4.58884585441e-7,7.54662323743e-8,8.71423289084e-9,1.41015432664e-9,1.49844876091e-11,2.67113864361e-9,5.88045622862e-7]},"barkbands_crest":{"dmean":3.07561826706,"dmean2":5.07285785675,"dvar":7.07084798813,"dvar2":18.5085430145,"max":25.8315696716,"mean":9.37367916107,"median":8.66769981384,"min":2.4839720726,"var":13.8368844986},"barkbands_flatness_db":{"dmean":0.0283937137574,"dmean2":0.0450074113905,"dvar":0.000707404280547,"dvar2":0.00181475747377,"max":0.452807873487,"mean":0.134533241391,"median":0.125671431422,"min":0.0241151638329,"var":0.00310106994584},"barkbands_kurtosis":{"dmean":4.26804304123,"dmean2":7.15918779373,"dvar":75.0218200684,"dvar2":206.789703369,"max":189.06098938,"mean":5.52016496658,"median":3.51541423798,"min":-1.81586790085,"var":71.2380523682},"barkbands_skewness":{"dmean":0.706878483295,"dmean2":1.10954976082,"dvar":0.677023053169,"dvar2":1.67341637611,"max":11.7505950928,"mean":1.61724710464,"median":1.52163803577,"min":-2.24190878868,"var":1.50712549686},"barkbands_spread":{"dmean":7.43244218826,"dmean2":11.4999332428,"dvar":77.7619552612,"dvar2":172.450073242,"max":128.006652832,"mean":25.0250797272,"median":19.861497879,"min":0.767037153244,"var":317.186401367},"dissonance":{"dmean":0.0237669274211,"dmean2":0.0398646779358,"dvar":0.000601928739343,"dvar2":0.00163872202393,"max":0.500000119209,"mean":0.460722267628,"median":0.471895724535,"min":0.226008757949,"var":0.00132722535636},"dynamic_complexity":2.67019963264,"erbbands":{"dmean":[0.443185776472,1.42943561077,3.15882468224,2.90357613564,3.60839033127,6.49759149551,15.4745445251,18.2615299225,22.3448448181,18.3169460297,23.6517715454,32.5328483582,29.8098678589,37.4409866333,28.5127735138,21.9212779999,17.0717449188,14.7669973373,14.8012857437,12.9348134995,8.05689144135,6.73479700089,9.25212192535,8.79907035828,7.06852054596,5.17841291428,5.60473871231,3.40492081642,2.03669023514,1.1449007988,0.663152515888,0.405525743961,0.144415974617,0.0286708697677,0.0159003343433,0.0216564480215,0.0403837971389,0.0288673471659,0.0140851642936,0.00477955117822],"dmean2":[0.758785307407,2.43802833557,5.34490633011,4.98370361328,6.13590526581,10.6918010712,24.8243999481,29.0534591675,35.2969741821,29.3695964813,37.3536872864,52.0418014526,47.8603744507,58.9943504333,46.024723053,35.6283721924,27.710565567,24.107011795,23.7642974854,20.8145027161,13.1072378159,10.9421329498,14.7502679825,13.8633928299,10.9251194,7.79770421982,8.45965957642,4.88876008987,2.90033626556,1.60247731209,0.9372651577,0.582862198353,0.212427601218,0.0465084016323,0.0262697972357,0.0323501415551,0.0560355558991,0.0383154936135,0.0192376989871,0.00690900394693],"dvar":[0.917394399643,5.86671209335,39.6187820435,32.811882019,47.7702903748,173.216217041,975.342407227,1364.29748535,2360.72192383,1619.52392578,2543.96386719,5015.17431641,3608.10449219,6760.84472656,3553.66870117,1674.2010498,711.500244141,477.819610596,546.273132324,559.927368164,241.280105591,184.400726318,906.529602051,792.031921387,597.407409668,224.443069458,518.058898926,178.310165405,45.6401100159,9.70437145233,3.50167870522,0.778480708599,0.0994249358773,0.00213237991557,0.000711385335308,0.00160958210472,0.00723474146798,0.00602444587275,0.00147120410111,0.0000531436780875],"dvar2":[2.49860572815,15.8853130341,101.62828064,87.9306945801,126.642402649,430.110046387,2344.34545898,3268.20800781,5376.62548828,4057.20068359,6227.42138672,12500.40625,9060.93847656,16754.9316406,8545.30078125,4370.77929688,1750.359375,1192.77990723,1361.75109863,1386.27526855,597.196411133,441.914428711,2239.39257812,1730.50915527,1329.92382812,465.063293457,1164.40966797,334.608612061,91.3719024658,17.2811813354,7.0551109314,1.54482960701,0.209745839238,0.00521033909172,0.00177394109778,0.00338194542564,0.0137238614261,0.0107632251456,0.00268939253874,0.000109029126179],"max":[8.98455142975,25.346818924,60.3498039246,77.2714996338,113.466445923,224.770004272,423.062561035,944.190307617,1245.53759766,961.063598633,1072.84057617,2129.44799805,1247.87145996,1614.67541504,1369.35058594,941.099121094,747.140869141,500.811431885,396.927307129,498.565887451,412.719787598,368.976593018,841.048156738,834.011535645,698.969848633,636.384338379,1258.15148926,471.07131958,255.210723877,156.159896851,81.9401779175,26.6933517456,10.3746852875,0.764493048191,0.40632084012,1.09743118286,2.36301779747,3.82454633713,1.53744900227,0.104013949633],"mean":[0.461423635483,1.54449892044,3.1762611866,3.23000335693,4.24606370926,8.470662117,21.9899253845,28.7231693268,33.5948562622,30.3269042969,36.850933075,49.3340606689,43.5884475708,53.5172767639,42.3399963379,35.0698661804,29.1879444122,26.6281642914,26.3931770325,22.2199611664,14.5614948273,11.7055559158,14.9287137985,14.4870157242,11.5729827881,9.82137489319,9.83263683319,6.24538326263,3.74984693527,2.09548807144,1.08754491806,0.57095849514,0.179858997464,0.031861346215,0.0165616944432,0.0277771893889,0.0611810721457,0.0584996752441,0.0343086309731,0.0159965604544],"median":[0.146130532026,0.771035671234,1.26458930969,1.39770841599,2.12353014946,3.67406749725,8.51545810699,11.5165042877,12.7793092728,10.4570102692,14.2040634155,19.8255805969,20.1587486267,15.8369512558,19.0442390442,19.1744098663,18.580280304,17.8844032288,16.536605835,12.8150463104,8.68008232117,6.75134086609,6.54438447952,5.82292890549,4.12369394302,4.15073776245,3.39275860786,2.33881521225,1.51816761494,0.821628153324,0.393309503794,0.163930028677,0.0483987666667,0.0143555887043,0.00705128209665,0.0100206779316,0.0195112284273,0.0252417623997,0.0170128066093,0.00768699077889],"min":[7.23664517521e-23,5.36187065961e-22,1.13120503058e-21,5.69633566749e-21,6.50059150251e-21,2.68488238083e-20,3.03504554402e-20,7.27040641257e-20,7.18803279449e-20,9.78558025071e-20,1.64035783282e-19,3.7959276951e-19,5.72048539935e-19,7.18466952982e-19,8.4202333467e-19,9.86761640495e-19,1.08490848133e-18,1.87683269162e-18,2.00842120385e-18,2.44936389145e-18,2.74135409818e-18,3.79218470283e-18,4.58604317159e-18,5.11229547729e-18,6.50818344049e-18,7.91226959074e-18,8.5878668745e-18,1.04881373152e-17,1.14095941837e-17,1.10130818484e-17,1.00040273802e-17,8.1626298652e-18,8.82451580313e-18,8.07706464828e-18,6.23238115834e-18,4.10346476145e-18,2.41626529321e-18,8.33675944916e-19,2.40252334169e-19,2.41922783411e-20],"var":[0.817928791046,5.08730316162,33.990196228,29.6317806244,45.5752716064,204.208694458,1580.72314453,2535.42407227,3716.55981445,3350.05322266,4322.91601562,7971.09619141,5167.54003906,11587.3398438,5592.70166016,2820.88085938,1349.44726562,985.029724121,1012.81329346,1009.36779785,437.061981201,333.373657227,1475.55358887,1317.09375,959.179992676,451.006103516,949.97857666,366.537017822,92.8629837036,25.2810668945,6.20934867859,1.41262125969,0.151521071792,0.00247790408321,0.000760174938478,0.00256663816981,0.0144035769626,0.0144920852035,0.00412708194926,0.000326818524627]},"erbbands_crest":{"dmean":2.76055312157,"dmean2":4.5048160553,"dvar":6.99562740326,"dvar2":16.9885425568,"max":29.7075309753,"mean":8.6999206543,"median":7.76367902756,"min":2.31696844101,"var":17.4672737122},"erbbands_flatness_db":{"dmean":0.0260843951255,"dmean2":0.0380443744361,"dvar":0.000589765259065,"dvar2":0.00125657021999,"max":0.381404310465,"mean":0.15229831636,"median":0.146716490388,"min":0.0301570463926,"var":0.00226925965399},"erbbands_kurtosis":{"dmean":1.36989104748,"dmean2":2.20452427864,"dvar":4.0669169426,"dvar2":10.0264501572,"max":56.5439910889,"mean":1.40944862366,"median":0.532516717911,"min":-1.79078412056,"var":8.98883628845},"erbbands_skewness":{"dmean":0.444412797689,"dmean2":0.67329955101,"dvar":0.173579975963,"dvar2":0.40037932992,"max":6.05699968338,"mean":0.419249862432,"median":0.416963756084,"min":-3.42364120483,"var":0.667434751987},"erbbands_spread":{"dmean":7.39474773407,"dmean2":11.1611270905,"dvar":56.9981498718,"dvar2":123.601013184,"max":91.7280349731,"mean":27.2627162933,"median":25.288942337,"min":1.64443671703,"var":185.664031982},"gfcc":{"cov":[[29434.5488281,876.593566895,-2975.89086914,108.052268982,-274.759735107,-466.75881958,485.407073975,-559.969482422,157.964401245,-174.403442383,-95.665977478,132.89994812,-253.877075195],[876.593566895,1428.48913574,69.1467056274,-390.009185791,-73.7866973877,-32.8918571472,-104.760620117,8.36443710327,-2.32211375237,50.887096405,45.7419586182,-64.9365234375,108.720397949],[-2975.89086914,69.1467056274,752.652038574,99.6625518799,-135.232162476,154.130218506,-175.97984314,191.494949341,-41.1271247864,83.223815918,26.293182373,-3.235861063,26.3192176819],[108.052268982,-390.009185791,99.6625518799,390.892547607,106.887702942,-16.0769252777,51.9246139526,8.75475311279,11.9285678864,-15.1148405075,-12.5109004974,33.8199996948,-72.2912750244],[-274.759735107,-73.7866973877,-135.232162476,106.887702942,303.015075684,11.855597496,100.827133179,-57.787525177,23.9344921112,-45.0429878235,5.86202526093,-10.5064229965,8.00739383698],[-466.75881958,-32.8918571472,154.130218506,-16.0769252777,11.855597496,227.795440674,-40.2567863464,61.9064598083,-65.1153945923,0.603665530682,-7.11683893204,6.40587949753,26.572933197],[485.407073975,-104.760620117,-175.97984314,51.9246139526,100.827133179,-40.2567863464,212.961791992,-51.0608673096,72.3087844849,-25.6143779755,0.928886294365,18.5138225555,-25.6125411987],[-559.969482422,8.36443710327,191.494949341,8.75475311279,-57.787525177,61.9064598083,-51.0608673096,174.22807312,24.0171947479,55.2414360046,14.8820047379,-24.7739067078,4.94357633591],[157.964401245,-2.32211375237,-41.1271247864,11.9285678864,23.9344921112,-65.1153945923,72.3087844849,24.0171947479,150.705108643,63.782333374,30.5787239075,-4.06936359406,-29.1485099792],[-174.403442383,50.887096405,83.223815918,-15.1148405075,-45.0429878235,0.603665530682,-25.6143779755,55.2414360046,63.782333374,107.606018066,56.7504730225,4.94340753555,9.29102611542],[-95.665977478,45.7419586182,26.293182373,-12.5109004974,5.86202526093,-7.11683893204,0.928886294365,14.8820047379,30.5787239075,56.7504730225,78.1878128052,39.2447280884,25.0548458099],[132.89994812,-64.9365234375,-3.235861063,33.8199996948,-10.5064229965,6.40587949753,18.5138225555,-24.7739067078,-4.06936359406,4.94340753555,39.2447280884,85.2414550781,26.1285495758],[-253.877075195,108.720397949,26.3192176819,-72.2912750244,8.00739383698,26.572933197,-25.6125411987,4.94357633591,-29.1485099792,9.29102611542,25.0548458099,26.1285495758,96.3031997681]],"icov":[[0.000167022415553,-0.000384112878237,0.00121509365272,-0.00122481561266,0.00117682875134,-0.000816795160063,0.000201148228371,0.0000695688358974,-0.000553679536097,0.000542887137271,-0.000674460141454,0.000534006743692,-0.000389474647818],[-0.000384112878237,0.00200139079243,-0.00319199520163,0.00390987098217,-0.00292830634862,0.00235227122903,-0.000372903014068,0.000125782811665,0.00128279149067,-0.0011945272563,0.000898401485756,-0.000373292714357,0.000395143521018],[0.00121509365272,-0.00319199520163,0.0118618179113,-0.011249887757,0.0103189181536,-0.00787718687207,0.00287380628288,-0.000660159392282,-0.00482027838007,0.00461335480213,-0.00666868314147,0.00557101238519,-0.00444666529074],[-0.00122481561266,0.00390987098217,-0.011249887757,0.0171430371702,-0.014384961687,0.00996879581362,-0.00245699216612,-0.00294928625226,0.00827815104276,-0.00954020302743,0.012312608771,-0.0129668684676,0.00998440384865],[0.00117682875134,-0.00292830634862,0.0103189181536,-0.014384961687,0.0181997027248,-0.0105826593935,0.000781234528404,0.00427177175879,-0.00977458711714,0.0135088618845,-0.0163034237921,0.0154753224924,-0.0100337136537],[-0.000816795160063,0.00235227122903,-0.00787718687207,0.00996879581362,-0.0105826593935,0.0131820943207,-0.00240094866604,-0.00436125136912,0.00963715277612,-0.00926954858005,0.0109482910484,-0.00989838782698,0.00530352443457],[0.000201148228371,-0.000372903014068,0.00287380628288,-0.00245699216612,0.000781234528404,-0.00240094866604,0.00947888102382,0.000876341247931,-0.00710159959272,0.00557779008523,-0.00230666645803,-0.000468305777758,-0.000565411173739],[0.0000695688358974,0.000125782811665,-0.000660159392282,-0.00294928625226,0.00427177175879,-0.00436125136912,0.000876341247931,0.0119702415541,-0.005199927371,0.00218828069046,-0.00593215413392,0.00891425926238,-0.00418553035706],[-0.000553679536097,0.00128279149067,-0.00482027838007,0.00827815104276,-0.00977458711714,0.00963715277612,-0.00710159959272,-0.005199927371,0.0228615459055,-0.0195736568421,0.0110770007595,-0.00934594962746,0.00961725693196],[0.000542887137271,-0.0011945272563,0.00461335480213,-0.00954020302743,0.0135088618845,-0.00926954858005,0.00557779008523,0.00218828069046,-0.0195736568421,0.0399015769362,-0.0314436629415,0.0180796850473,-0.00933566875756],[-0.000674460141454,0.000898401485756,-0.00666868314147,0.012312608771,-0.0163034237921,0.0109482910484,-0.00230666645803,-0.00593215413392,0.0110770007595,-0.0314436629415,0.050411619246,-0.0307389721274,0.00790941249579],[0.000534006743692,-0.000373292714357,0.00557101238519,-0.0129668684676,0.0154753224924,-0.00989838782698,-0.000468305777758,0.00891425926238,-0.00934594962746,0.0180796850473,-0.0307389721274,0.0387718975544,-0.015659943223],[-0.000389474647818,0.000395143521018,-0.00444666529074,0.00998440384865,-0.0100337136537,0.00530352443457,-0.000565411173739,-0.00418553035706,0.00961725693196,-0.00933566875756,0.00790941249579,-0.015659943223,0.0230591706932]],"mean":[-12.0722208023,96.7946853638,-93.1312789917,-1.77096533775,-24.3099536896,-16.6337680817,3.99982357025,-16.7106227875,1.7355414629,-2.99457859993,-3.75108480453,1.47880804539,-6.43362140656]},"hfc":{"dmean":25.9872131348,"dmean2":40.440662384,"dvar":826.501647949,"dvar2":1984.38891602,"max":534.923339844,"mean":97.6402130127,"median":83.265007019,"min":1.06712221633e-16,"var":5867.13964844},"melbands":{"dmean":[0.00328780827112,0.00164019409567,0.000512441794854,0.000333134201355,0.000487077224534,0.000409977714298,0.000324926309986,0.000187071913388,0.000227190874284,0.000200128546567,0.000155980073032,0.000160580006195,0.000102467442048,0.0000732052649255,0.0000532347039552,0.0000338777063007,0.0000295184618153,0.0000264752179646,0.0000214665105887,0.0000146886377479,0.00000933124556468,0.00000732057333153,0.0000078790662883,0.00000903169438971,0.00000743037435313,0.00000613175461694,0.00000420849983129,0.00000348694834429,0.00000372746512767,0.00000298155305245,0.00000189559648334,0.00000134946537855,8.43784391691e-7,5.95061919739e-7,4.16575289819e-7,3.05557847469e-7,2.37880769305e-7,1.20937670545e-7,3.94241972401e-8,2.03553565115e-8],"dmean2":[0.00554891396314,0.00276227737777,0.000871911703143,0.000556359067559,0.000776545202825,0.000650924805086,0.000511967984494,0.000300903077004,0.000357892451575,0.000321865489241,0.000250373850577,0.000254259211943,0.000165017481777,0.00012040763977,0.000087045278633,0.0000552939673071,0.0000484992888232,0.0000430075124314,0.0000348059256794,0.0000238850971073,0.0000154010867845,0.0000120882823467,0.0000128421634145,0.0000143951028804,0.0000118251282402,0.00000959634235187,0.00000653368169878,0.00000533906722922,0.00000579411926083,0.00000445554496764,0.00000280591416413,0.00000198180487132,0.00000122900337374,8.50824221743e-7,6.06793378211e-7,4.43448868737e-7,3.45097845411e-7,1.79353762064e-7,6.30615488717e-8,3.38373311592e-8],"dvar":[0.0000462926982436,0.00000753514177632,9.33287537919e-7,3.85408981174e-7,9.05876049728e-7,6.2521212385e-7,4.43535640215e-7,1.68724298533e-7,2.36790441477e-7,1.87357926507e-7,1.00448978912e-7,1.22567016092e-7,5.1406416901e-8,2.36555859345e-8,8.14141376537e-9,2.94481306007e-9,1.93856553032e-9,1.76318415424e-9,1.91658910964e-9,6.7691147132e-10,3.50242168601e-10,1.95342991782e-10,4.99576879864e-10,9.65250435137e-10,5.63290358802e-10,4.87237472591e-10,1.66676172864e-10,1.07211392542e-10,1.83415976851e-10,2.56384746766e-10,5.07569750119e-11,2.42360072983e-11,6.48714632359e-12,2.41470060093e-12,1.54219302259e-12,5.25115324487e-13,2.74284663992e-13,7.61427257508e-14,6.21318233272e-15,1.21181795626e-15],"dvar2":[0.000124226047774,0.0000192042352865,0.00000247840830525,9.90281137092e-7,0.00000216558692046,0.00000149242669067,0.00000101837929378,4.20940182266e-7,5.74736986891e-7,4.68917306762e-7,2.50960965786e-7,3.02306688127e-7,1.2269499905e-7,6.3600865019e-8,2.06060324359e-8,7.1799668433e-9,4.93169505233e-9,4.43527570226e-9,5.02795227675e-9,1.68487990226e-9,8.69483596233e-10,4.90579632473e-10,1.25494548087e-9,2.41470998752e-9,1.25286658825e-9,1.09086917277e-9,3.7421829524e-10,2.2799939714e-10,4.39460523527e-10,5.53568135775e-10,1.12082190751e-10,5.20732207354e-11,1.3847665202e-11,4.55267247512e-12,3.26853756734e-12,1.0598660621e-12,5.64774843646e-13,1.6558712138e-13,1.45797883857e-14,3.02192895273e-15],"max":[0.0671606957912,0.0260715708137,0.0131634734571,0.0121129164472,0.0134519841522,0.0195371359587,0.0162666607648,0.0089538116008,0.0102136163041,0.0121216196567,0.00612015509978,0.00647195801139,0.0062354626134,0.00499538425356,0.00162957375869,0.00154298613779,0.000857891631313,0.000698935938999,0.00127573974896,0.000522014510352,0.000502148875967,0.000332222698489,0.00063928036252,0.000934316776693,0.000732389104087,0.000579430663493,0.000415789108956,0.000522469286807,0.000693628157023,0.000690983142704,0.000296522426652,0.000208170968108,0.000157591639436,0.0000629911373835,0.000052489740483,0.0000283558001684,0.0000166336467373,0.00000978921252681,0.0000023365821562,5.26107385213e-7],"mean":[0.00364828878082,0.00178563047666,0.000599516788498,0.000418666168116,0.000708440551534,0.000657098426018,0.000497669796459,0.000301999447402,0.000342286133673,0.000300236628391,0.000218661371036,0.000223066817853,0.000142437565955,0.000109302163764,0.0000804936207714,0.0000551779849047,0.0000493633342558,0.0000440448930021,0.0000345378939528,0.0000238160246226,0.0000155666002684,0.0000118946918519,0.0000121133070934,0.0000137698289109,0.0000115601169455,0.0000092586305982,0.00000709506139174,0.00000628984707873,0.00000630916201771,0.00000484329075334,0.00000329708677782,0.00000230801970247,0.00000147882713009,0.00000102838714611,6.63250943944e-7,4.46992288516e-7,3.09231012352e-7,1.45407270224e-7,4.32577103027e-8,2.00254426375e-8],"median":[0.00141756806988,0.000868693343364,0.000278427643934,0.000208939571166,0.000291526521323,0.000270547054242,0.000189314116142,0.000102550300653,0.000124449667055,0.000120427524962,0.0000927827786654,0.0000626132969046,0.0000560771113669,0.0000559992913622,0.0000446662925242,0.0000333387688443,0.0000311996627715,0.0000263793117483,0.000018347556761,0.000012869191778,0.00000868849838298,0.00000675533920003,0.00000539136499356,0.00000559048612558,0.00000445429986939,0.00000308684275296,0.00000268736039288,0.00000270674377134,0.00000220853462451,0.00000158582338372,0.00000125014071273,9.03785064565e-7,5.79277354973e-7,3.89213852259e-7,2.36645306018e-7,1.44931050272e-7,7.37325152045e-8,3.28786846637e-8,1.56363828552e-8,7.38639549525e-9],"min":[1.4824896345e-24,6.72943908871e-25,1.33492048179e-24,1.30642633286e-24,8.52914241357e-25,1.6242847198e-24,9.71108087495e-25,1.40596687264e-24,1.15543076281e-24,2.72537874346e-24,2.2082352578e-24,1.90015095608e-24,2.28042313038e-24,2.47410090717e-24,1.85874877476e-24,3.12061541192e-24,2.77158784871e-24,2.5126407067e-24,3.49727835036e-24,3.04034230671e-24,2.76840380888e-24,2.99217544591e-24,3.38755095389e-24,3.78729241254e-24,3.77176565778e-24,4.39703889936e-24,3.85207840325e-24,3.60640266267e-24,4.41330797224e-24,4.71793213282e-24,5.08834689846e-24,5.80115254052e-24,5.21742268635e-24,5.92783255784e-24,5.73708046893e-24,4.79885427333e-24,3.57608831581e-24,6.1248347917e-24,5.85067170612e-24,6.14426601352e-24],"var":[0.0000423328019679,0.00000695095332048,8.86222892404e-7,4.08020326859e-7,0.00000145069884638,0.00000120111872093,7.29416171907e-7,3.40189814096e-7,4.03538393812e-7,2.97780076153e-7,1.43186298374e-7,2.08514379096e-7,7.53738262915e-8,3.9880831082e-8,1.24948833502e-8,5.40480460387e-9,3.72071728982e-9,3.02073477343e-9,3.13797210438e-9,1.18327803111e-9,5.76453274004e-10,3.13720022183e-10,7.72922725822e-10,1.47848966403e-9,8.79705752688e-10,7.26921689509e-10,2.83224860231e-10,1.96490906879e-10,3.1962768543e-10,3.98660549017e-10,9.13107783829e-11,4.25246574065e-11,1.39119861464e-11,5.59673141165e-12,2.51578207051e-12,8.97464990778e-13,4.65566441735e-13,1.09766220364e-13,7.19177559031e-15,1.26688706218e-15]},"melbands_crest":{"dmean":5.07434558868,"dmean2":8.31802082062,"dvar":20.4235630035,"dvar2":51.0633926392,"max":37.2090835571,"mean":15.1484718323,"median":13.735581398,"min":1.59586656094,"var":45.7042121887},"melbands_flatness_db":{"dmean":0.0364171005785,"dmean2":0.0569314174354,"dvar":0.00106672081165,"dvar2":0.00270369811915,"max":0.615540206432,"mean":0.233258366585,"median":0.22774168849,"min":0.00306145637296,"var":0.00599206518382},"melbands_kurtosis":{"dmean":7.60180568695,"dmean2":12.7337007523,"dvar":350.266143799,"dvar2":957.113647461,"max":442.356018066,"mean":8.55508899689,"median":4.01758527756,"min":-1.7575647831,"var":302.7215271},"melbands_skewness":{"dmean":0.946459412575,"dmean2":1.4842864275,"dvar":1.3451128006,"dvar2":3.28389143944,"max":17.7594718933,"mean":1.99922633171,"median":1.67708897591,"min":-2.89543914795,"var":2.46543097496},"melbands_spread":{"dmean":7.14593029022,"dmean2":11.1458301544,"dvar":94.7538452148,"dvar2":213.333862305,"max":187.340698242,"mean":22.1898498535,"median":16.4506950378,"min":0.685537576675,"var":466.45211792},"mfcc":{"cov":[[9618.13574219,278.884979248,-1378.1739502,516.566101074,-464.023010254,474.372009277,-74.4150619507,319.720733643,-97.4592666626,187.964187622,-121.833641052,113.766807556,-56.5731048584],[278.884979248,1731.49951172,121.111152649,-246.561080933,12.6633548737,-97.3495101929,8.01325130463,-148.821258545,67.7054672241,-60.4480438232,96.4967269897,-53.7584228516,66.7805328369],[-1378.1739502,121.111152649,831.911804199,-110.180656433,110.53125,-153.676422119,2.79746866226,-56.9180526733,3.14822149277,21.1498394012,23.9337654114,42.106426239,-7.99989461899],[516.566101074,-246.561080933,-110.180656433,420.837188721,-0.118138328195,73.9426269531,-26.3499145508,71.0270309448,-19.5537014008,38.8100090027,11.0707120895,41.677898407,2.11403369904],[-464.023010254,12.6633548737,110.53125,-0.118138328195,229.019393921,0.73696243763,60.3849906921,-12.9889087677,25.9272575378,-28.3770980835,14.7801980972,-4.39051389694,6.43680763245],[474.372009277,-97.3495101929,-153.676422119,73.9426269531,0.73696243763,193.731536865,42.2412490845,67.1626663208,-18.484998703,5.28450536728,-50.482006073,-0.511024355888,-1.38100969791],[-74.4150619507,8.01325130463,2.79746866226,-26.3499145508,60.3849906921,42.2412490845,119.447341919,32.6517868042,21.0882148743,-35.1649627686,-19.4701633453,-23.6440391541,5.69076776505],[319.720733643,-148.821258545,-56.9180526733,71.0270309448,-12.9889087677,67.1626663208,32.6517868042,118.457420349,7.82157754898,25.6784477234,-29.4702587128,11.9218759537,-21.5555286407],[-97.4592666626,67.7054672241,3.14822149277,-19.5537014008,25.9272575378,-18.484998703,21.0882148743,7.82157754898,79.7122879028,24.3113079071,29.3664073944,-3.34829497337,12.2646017075],[187.964187622,-60.4480438232,21.1498394012,38.8100090027,-28.3770980835,5.28450536728,-35.1649627686,25.6784477234,24.3113079071,114.411117554,39.3927612305,46.8924179077,-7.12129592896],[-121.833641052,96.4967269897,23.9337654114,11.0707120895,14.7801980972,-50.482006073,-19.4701633453,-29.4702587128,29.3664073944,39.3927612305,111.502449036,43.6477432251,24.1459732056],[113.766807556,-53.7584228516,42.106426239,41.677898407,-4.39051389694,-0.511024355888,-23.6440391541,11.9218759537,-3.34829497337,46.8924179077,43.6477432251,85.7860794067,21.4360179901],[-56.5731048584,66.7805328369,-7.99989461899,2.11403369904,6.43680763245,-1.38100969791,5.69076776505,-21.5555286407,12.2646017075,-7.12129592896,24.1459732056,21.4360179901,74.0071716309]],"icov":[[0.00019770207291,-0.000159518895089,0.000314347009407,-0.000145874830196,0.000171458683326,-0.0000420257129008,-0.000109713757411,-0.000166895304574,0.000196588414838,-0.000323097163346,0.000415392656578,-0.000528969161678,0.000231364640058],[-0.000159518895089,0.000901867169887,-0.000411434506532,0.000408305437304,0.0000897090285434,-0.000308001152007,0.000218108092668,0.000606447865721,-0.000689754262567,0.000727100356016,-0.00124573823996,0.00111253955401,-0.000577097351197],[0.000314347009407,-0.000411434506532,0.00230743922293,-0.0000282921919279,-0.00071115931496,0.00168556720018,-0.000957167416345,0.000157254617079,0.00102343526669,-0.00160771876108,0.00200772611424,-0.00240623997524,0.000792101840489],[-0.000145874830196,0.000408305437304,-0.0000282921919279,0.00336735509336,-0.000760041410103,-0.000771218212321,0.00160514411982,-0.00192443246488,0.000811234989669,0.000223291339353,-0.00158021028619,0.000441235024482,-0.000936610857025],[0.000171458683326,0.0000897090285434,-0.00071115931496,-0.000760041410103,0.00640267506242,-0.0011932690395,-0.00283951452002,0.00177187344525,-0.00227011623792,0.00189940608107,-0.00101057300344,-0.001114048413,0.00136161129922],[-0.0000420257129008,-0.000308001152007,0.00168556720018,-0.000771218212321,-0.0011932690395,0.00986761413515,-0.00343471881934,-0.00239103566855,0.00337847322226,-0.00330966315232,0.00439870450646,-0.00108009995893,-0.00169500766788],[-0.000109713757411,0.000218108092668,-0.000957167416345,0.00160514411982,-0.00283951452002,-0.00343471881934,0.0155714601278,-0.00567113142461,-0.00375431287102,0.0053932084702,-0.00195688102394,0.00335948215798,-0.00228974968195],[-0.000166895304574,0.000606447865721,0.000157254617079,-0.00192443246488,0.00177187344525,-0.00239103566855,-0.00567113142461,0.0173345487565,-0.00460440060124,-0.00201131077483,0.00451501226053,-0.00512978807092,0.00526567455381],[0.000196588414838,-0.000689754262567,0.00102343526669,0.000811234989669,-0.00227011623792,0.00337847322226,-0.00375431287102,-0.00460440060124,0.0213540717959,-0.00814489927143,-0.00368713075295,0.00629972387105,-0.0048760715872],[-0.000323097163346,0.000727100356016,-0.00160771876108,0.000223291339353,0.00189940608107,-0.00330966315232,0.0053932084702,-0.00201131077483,-0.00814489927143,0.0186267402023,-0.00517824897543,-0.00548354070634,0.00410917028785],[0.000415392656578,-0.00124573823996,0.00200772611424,-0.00158021028619,-0.00101057300344,0.00439870450646,-0.00195688102394,0.00451501226053,-0.00368713075295,-0.00517824897543,0.0200293809175,-0.0102148512378,-0.000124114507344],[-0.000528969161678,0.00111253955401,-0.00240623997524,0.000441235024482,-0.001114048413,-0.00108009995893,0.00335948215798,-0.00512978807092,0.00629972387105,-0.00548354070634,-0.0102148512378,0.0263435933739,-0.00922593846917],[0.000231364640058,-0.000577097351197,0.000792101840489,-0.000936610857025,0.00136161129922,-0.00169500766788,-0.00228974968195,0.00526567455381,-0.0048760715872,0.00410917028785,-0.000124114507344,-0.00922593846917,0.0197981372476]],"mean":[-662.437438965,157.022399902,-14.4774284363,29.410369873,-13.0551652908,17.2572841644,-3.05812454224,6.88487243652,-1.07003176212,7.64778184891,0.251947194338,4.30410385132,-0.161646053195]},"pitch_salience":{"dmean":0.0897812321782,"dmean2":0.145435854793,"dvar":0.00665688933805,"dvar2":0.0171845629811,"max":0.953631401062,"mean":0.558430433273,"median":0.572596549988,"min":0.0826560482383,"var":0.0151837589219},"silence_rate_20dB":{"dmean":0,"dmean2":0,"dvar":0,"dvar2":0,"max":1,"mean":1,"median":1,"min":1,"var":0},"silence_rate_30dB":{"dmean":0.0327515639365,"dmean2":0.0655101835728,"dvar":0.0316765271127,"dvar2":0.0810374543071,"max":1,"mean":0.974684894085,"median":1,"min":0,"var":0.0246742852032},"silence_rate_60dB":{"dmean":0.00904977414757,"dmean2":0.0181014984846,"dvar":0.00896670017391,"dvar2":0.0246661826968,"max":1,"mean":0.0352256819606,"median":0,"min":0,"var":0.033984079957},"spectral_centroid":{"dmean":250.759231567,"dmean2":367.966094971,"dvar":105247.0625,"dvar2":186884.875,"max":11895.6044922,"mean":1328.49707031,"median":973.327087402,"min":175.144989014,"var":2175198.5},"spectral_complexity":{"dmean":4.12411117554,"dmean2":6.21312379837,"dvar":18.2566661835,"dvar2":36.2184791565,"max":60,"mean":21.3373908997,"median":21,"min":0,"var":121.424537659},"spectral_contrast_coeffs":{"dmean":[0.0576183833182,0.0527428425848,0.0428511835635,0.0286715440452,0.0210010372102,0.0432038418949],"dmean2":[0.0936768651009,0.0867117568851,0.0699588507414,0.047129381448,0.0344357676804,0.0668515637517],"dvar":[0.00222293077968,0.00183293095324,0.00120461580809,0.000532046426088,0.000333044794388,0.00139749841765],"dvar2":[0.0057128071785,0.00470120133832,0.00316905789077,0.00139648059849,0.000825889816042,0.00341258221306],"max":[-0.347430765629,-0.477704763412,-0.560656607151,-0.618573784828,-0.650855064392,-0.400981485844],"mean":[-0.704834342003,-0.747806608677,-0.788582921028,-0.819676339626,-0.828862428665,-0.713447630405],"median":[-0.708478748798,-0.751727759838,-0.79353415966,-0.819785118103,-0.824294686317,-0.708055794239],"min":[-0.985255897045,-0.981959998608,-0.981582224369,-0.986688137054,-0.975152015686,-0.965002000332],"var":[0.00705423206091,0.00588841922581,0.00409356690943,0.00209175981581,0.00183012639172,0.0076866983436]},"spectral_contrast_valleys":{"dmean":[0.440454900265,0.381860524416,0.359143406153,0.326073080301,0.328408420086,0.617896676064],"dmean2":[0.707252204418,0.613878190517,0.561865568161,0.50205975771,0.480278193951,0.974332749844],"dvar":[0.156755506992,0.128168180585,0.119514636695,0.121188506484,0.145855993032,0.307669103146],"dvar2":[0.338025420904,0.278068035841,0.240874260664,0.247804865241,0.300023376942,0.759832322598],"max":[-5.11834573746,-4.51014947891,-5.0163807869,-5.55734395981,-5.49880552292,-9.03636550903],"mean":[-7.2178235054,-6.64053153992,-7.13188505173,-7.60345697403,-7.85753297806,-11.3589668274],"median":[-6.7993850708,-6.1978096962,-6.59675979614,-7.02469778061,-7.32198905945,-10.9850206375],"min":[-28.3202495575,-27.9304046631,-28.1946487427,-27.7342090607,-27.5502967834,-27.4235725403],"var":[8.03576087952,8.45673656464,8.24002170563,8.00401592255,7.90355873108,5.40963983536]},"spectral_decrease":{"dmean":4.65500571423e-9,"dmean2":7.40038208491e-9,"dvar":4.54799286341e-17,"dvar2":1.14451515349e-16,"max":2.13432471696e-9,"mean":-8.4750180207e-9,"median":-6.29300211941e-9,"min":-8.36142106664e-8,"var":6.35976225775e-17},"spectral_energy":{"dmean":0.017889443785,"dmean2":0.0282634329051,"dvar":0.000634816125967,"dvar2":0.00159180979244,"max":0.320161134005,"mean":0.0408429652452,"median":0.0343673415482,"min":1.00384417707e-20,"var":0.00100808159914},"spectral_energyband_high":{"dmean":0.000341616163496,"dmean2":0.000460394221591,"dvar":8.62534932367e-7,"dvar2":0.00000154777126227,"max":0.0326743833721,"mean":0.000815799925476,"median":0.000429433828685,"min":7.0418846821e-21,"var":0.00000234127469412},"spectral_energyband_low":{"dmean":0.0137608535588,"dmean2":0.0227531362325,"dvar":0.000581764033996,"dvar2":0.0015021620784,"max":0.246237725019,"mean":0.0166183561087,"median":0.00824243202806,"min":1.51948147199e-23,"var":0.000586158945225},"spectral_energyband_middle_high":{"dmean":0.00259637297131,"dmean2":0.00393445929512,"dvar":0.0000139096964631,"dvar2":0.0000327967391058,"max":0.0643856078386,"mean":0.00618680752814,"median":0.00442049792036,"min":1.17935164763e-21,"var":0.0000402658879466},"spectral_energyband_middle_low":{"dmean":0.00573269836605,"dmean2":0.00889228936285,"dvar":0.0000543920396012,"dvar2":0.000128073777887,"max":0.103744409978,"mean":0.0131724588573,"median":0.00946087855846,"min":1.37508338629e-22,"var":0.000147812548676},"spectral_entropy":{"dmean":0.192377045751,"dmean2":0.282014489174,"dvar":0.0437397547066,"dvar2":0.0955631062388,"max":9.82779216766,"mean":7.52651166916,"median":7.58396863937,"min":5.21754646301,"var":0.307052671909},"spectral_flux":{"dmean":0.033989097923,"dmean2":0.0544885471463,"dvar":0.00160260463599,"dvar2":0.0033746776171,"max":0.444240152836,"mean":0.120414122939,"median":0.114154815674,"min":6.33330748956e-11,"var":0.00367524777539},"spectral_kurtosis":{"dmean":4.6343755722,"dmean2":7.07385444641,"dvar":83.8152236938,"dvar2":209.727874756,"max":229.526062012,"mean":15.1657075882,"median":13.5131225586,"min":-1.27819168568,"var":117.285820007},"spectral_rms":{"dmean":0.00128320045769,"dmean2":0.00194952345919,"dvar":0.00000209268796425,"dvar2":0.00000483459461975,"max":0.0176734924316,"mean":0.00582193955779,"median":0.00579043291509,"min":3.12947302621e-12,"var":0.00000595175242779},"spectral_rolloff":{"dmean":3760.04052734,"dmean2":7096.23925781,"dvar":48609384,"dvar2":116690000,"max":22028.4667969,"mean":6767.11523438,"median":1421.19140625,"min":21.533203125,"var":77236952},"spectral_skewness":{"dmean":0.390457779169,"dmean2":0.567413508892,"dvar":0.308084726334,"dvar2":0.728272378445,"max":11.5073442459,"mean":2.53261590004,"median":2.45583057404,"min":-0.0875793918967,"var":0.852553546429},"spectral_spread":{"dmean":545690.3125,"dmean2":814216.75,"dvar":475899789312,"dvar2":906380509184,"max":44196400,"mean":4459021,"median":3790400,"min":577130.6875,"var":25092547412000},"spectral_strongpeak":{"dmean":1.88356745243,"dmean2":3.52861881256,"dvar":66.2074127197,"dvar2":193.657943726,"max":95.958694458,"mean":1.49271130562,"median":0.297877699137,"min":0,"var":42.668056488},"zerocrossingrate":{"dmean":0.0358838327229,"dmean2":0.0451719872653,"dvar":0.00104278849903,"dvar2":0.00163426308427,"max":0.64697265625,"mean":0.201332092285,"median":0.189453125,"min":0.0068359375,"var":0.0102196754888}},"metadata":{"audio_properties":{"analysis_sample_rate":44100,"bit_rate":320000,"codec":"mp3","downmix":"mix","equal_loudness":0,"length":215.51020813,"lossless":false,"md5_encoded":"8d1f1b23daad5b0310a265670392b752","replay_gain":-0.336097717285},"tags":{"album":["Mezmerize"],"albumartist":["System of a Down"],"albumartistsort":["System of a Down"],"artist":["System of a Down"],"artistsort":["System of a Down"],"date":["2005-05-17"],"discnumber":["1/1"],"file_name":"07 - Violent Pornography.mp3","mp3gain_album_minmax":["107,177"],"mp3gain_minmax":["108,175"],"musicbrainz album release country":["US"],"musicbrainz album type":["album"],"musicbrainz_albumartistid":["cc0b7089-c08d-4c10-b6b0-873582c17fd6"],"musicbrainz_albumid":["62c28f7f-e8e2-4a94-b2bb-e0c77b3364af"],"musicbrainz_artistid":["cc0b7089-c08d-4c10-b6b0-873582c17fd6"],"musicbrainz_recordingid":["e6f9e426-5bb0-4f94-9974-146bb980312d"],"musicbrainz_releasegroupid":["8d18c070-adea-353f-a089-cbd2543342dd"],"performer:bass guitar":["Shavo Odadjian"],"performer:drums":["John Dolmayan"],"performer:guitars":["Daron Malakian"],"performer:keyboard":["Serj Tankian"],"performer:vocals":["Daron Malakian","Serj Tankian"],"title":["Violent Pornography"],"tracknumber":["7/11"]},"version":{"essentia":"2.1-beta1","essentia_build_sha":"0a826ad6289770054bb7564d59068f1232327ff9","essentia_git_sha":"v2.1_beta1-5-gf9dded9","extractor":"music 1.0"}},"rhythm":{"beats_count":503,"beats_loudness":{"dmean":0.0233305506408,"dmean2":0.0403394475579,"dvar":0.000500886759255,"dvar2":0.00149103917647,"max":0.171913892031,"mean":0.0518268048763,"median":0.0476920567453,"min":0,"var":0.000856550643221},"beats_loudness_band_ratio":{"dmean":[0.233499914408,0.116581439972,0.10049752146,0.0662047043443,0.0261734966189,0.0661925673485],"dmean2":[0.424199074507,0.207716926932,0.173642322421,0.119190752506,0.0480518229306,0.120611555874],"dvar":[0.0341452807188,0.0145908612758,0.01070692949,0.00539966765791,0.00107668212149,0.00422037905082],"dvar2":[0.10637319833,0.0412818081677,0.0302113387734,0.015336