{"lowlevel":{"average_loudness":0.967729210854,"barkbands":{"dmean":[0.000222983377171,0.00999868381768,0.00252107181586,0.00157867162488,0.00248358142562,0.00109693489503,0.000945122679695,0.000677999167237,0.000333908479661,0.000450040737633,0.000606081972364,0.000827441865113,0.000441262032837,0.000457409914816,0.000440296833403,0.000311830051942,0.000380541954655,0.000317080732202,0.0003949853417,0.000316982070217,0.000397007766878,0.00029536744114,0.000338241719874,0.000544534239452,0.000319976214087,0.0000578335893806,0.000014840624317],"dmean2":[0.000367384840501,0.0183357708156,0.00439237803221,0.00281441072002,0.00415548169985,0.00180025224108,0.00158163963351,0.0011408473365,0.000560949265491,0.000733443535864,0.000982859521173,0.00130132539198,0.000738446135074,0.000722889613826,0.000724296842236,0.000506071897689,0.000637804507278,0.000520430505276,0.000634144467767,0.000490970443934,0.000638787227217,0.000508922094014,0.00056665512966,0.000974156544544,0.000552206824068,0.0000922265244299,0.0000245563751378],"dvar":[3.13783431238e-7,0.000269002426649,0.0000286165286525,0.0000126568875203,0.0000238298052864,0.00000419500520366,0.00000413030011259,0.00000253613325185,6.51242203276e-7,0.00000126773090869,0.00000228433304983,0.00000312781344292,7.84749715876e-7,9.62538138083e-7,6.30095314591e-7,3.60715660008e-7,4.09668018619e-7,2.89468090386e-7,3.25001366264e-7,2.27969636057e-7,3.04898492232e-7,2.34369551322e-7,3.67943897572e-7,0.00000136465462219,3.45758309095e-7,1.1472216066e-8,1.09892250855e-9],"dvar2":[8.07727076335e-7,0.000836014572997,0.0000773918291088,0.0000342960556736,0.0000582016873523,0.0000106685347419,0.00000944304701989,0.00000601912324782,0.00000156402506946,0.00000317802505378,0.00000497359133078,0.00000691051081958,0.00000184706652817,0.0000021521675535,0.00000160342256095,9.13194412533e-7,0.00000107528535409,7.76845467954e-7,7.40711016078e-7,4.86789133447e-7,7.38120888855e-7,6.80201026171e-7,0.00000103484342162,0.00000394584731112,0.00000102218655229,2.88910264601e-8,2.75972489305e-9],"max":[0.0042319027707,0.107488363981,0.0443026721478,0.0316169410944,0.0414354205132,0.0332222618163,0.0487800240517,0.0221356675029,0.0182376503944,0.0199976507574,0.0349557511508,0.0265441257507,0.0142039870843,0.0174606405199,0.0101350573823,0.0140330595896,0.00727013219148,0.00917517021298,0.00946876872331,0.0104364249855,0.00805532559752,0.00378548330627,0.0051959566772,0.00953682046384,0.00458772433922,0.00165543565527,0.000601326115429],"mean":[0.000216278873268,0.0126292817295,0.00271157547832,0.00150362611748,0.00265358481556,0.00152901513502,0.00110185483936,0.00089978746837,0.000389947730582,0.00055209978018,0.000843155605253,0.00118095974904,0.000540679378901,0.000646085012704,0.000619661645032,0.000474555417895,0.000581820611842,0.000534141494427,0.000679586082697,0.000615872268099,0.000717440037988,0.000417354545789,0.000445372279501,0.000698105199262,0.000449821614893,0.0000938333614613,0.0000179839043994],"median":[0.000033653297578,0.00248902500607,0.000977850868367,0.00027154039708,0.000847540679388,0.000707893515937,0.00032573833596,0.00025138957426,0.000164006356499,0.000233175858739,0.000215590829612,0.000325017434079,0.000202971947147,0.000240683963057,0.000241124856984,0.000216115062358,0.000295742735034,0.000271925993729,0.000389734574128,0.000390555040212,0.000528939708602,0.000293147866614,0.000247037387453,0.000430260872236,0.000268874340691,0.0000519423483638,0.00000613076826994],"min":[2.18076416286e-24,3.95859789685e-24,1.3285596991e-24,1.26141767669e-24,1.03259344473e-23,4.67554505866e-24,1.8228095341e-23,1.91184731784e-23,1.89992068758e-23,2.42435904613e-23,2.68605560506e-23,3.76084450963e-23,2.88588322314e-23,4.12393036303e-23,3.24166264684e-23,8.1971906124e-23,7.50492225404e-23,1.2925556614e-22,1.88730781145e-22,1.69351914448e-22,2.06767587183e-22,2.60384885189e-22,3.43765539117e-22,5.83203579809e-22,7.71521262897e-22,1.42481123401e-21,2.00901955755e-21],"var":[2.79731409591e-7,0.000411247572629,0.0000238562315644,0.0000107128453237,0.0000236529594986,0.00000527306747244,0.00000555564110982,0.00000440152325609,7.24729204649e-7,0.00000144555531278,0.00000526431904291,0.00000588653665545,0.00000113882811092,0.00000160544095706,0.00000102332091956,7.55790097173e-7,7.42722306768e-7,6.0482597064e-7,6.48676348192e-7,5.02992349993e-7,5.76944273689e-7,2.33869769772e-7,3.49197847527e-7,0.00000105396759409,3.52967390427e-7,1.94648830387e-8,1.74454406476e-9]},"barkbands_crest":{"dmean":3.75577306747,"dmean2":6.42252397537,"dvar":12.1445503235,"dvar2":30.7785072327,"max":25.9791316986,"mean":10.6663722992,"median":8.91556358337,"min":2.04904723167,"var":35.1247520447},"barkbands_flatness_db":{"dmean":0.0284361168742,"dmean2":0.0472504869103,"dvar":0.000790013640653,"dvar2":0.00200546369888,"max":0.326901108027,"mean":0.101604580879,"median":0.0896632298827,"min":0.0181958917528,"var":0.00227202591486},"barkbands_kurtosis":{"dmean":3.26950788498,"dmean2":5.69328069687,"dvar":40.7743377686,"dvar2":112.066650391,"max":100.546180725,"mean":2.37227106094,"median":0.147615075111,"min":-1.94370794296,"var":48.1896476746},"barkbands_skewness":{"dmean":0.771813809872,"dmean2":1.25532221794,"dvar":0.625416517258,"dvar2":1.62586474419,"max":9.95435619354,"mean":1.18741798401,"median":0.994301378727,"min":-3.06492495537,"var":1.84184968472},"barkbands_spread":{"dmean":11.9339179993,"dmean2":19.9792842865,"dvar":124.441413879,"dvar2":338.609649658,"max":154.615402222,"mean":38.3782119751,"median":37.5440864563,"min":1.48412752151,"var":293.879974365},"dissonance":{"dmean":0.0134661383927,"dmean2":0.0228033494204,"dvar":0.000259658001596,"dvar2":0.000697754847351,"max":0.500000119209,"mean":0.477823138237,"median":0.4832046628,"min":0.180331736803,"var":0.000408920401242},"dynamic_complexity":2.83884358406,"erbbands":{"dmean":[0.218104615808,2.57606196404,3.13210654259,4.33620023727,7.83886623383,7.49637651443,8.4643945694,8.64520359039,13.064748764,13.694270134,13.7180700302,7.70096111298,12.6985616684,16.0238018036,25.5275840759,34.4770011902,20.0810623169,24.2236843109,20.6422271729,20.6361179352,15.3048286438,18.8777542114,15.2409954071,20.4280834198,17.0926246643,14.0359601974,17.9640903473,12.4346132278,9.69254112244,13.7495193481,8.01816272736,10.887635231,9.02319049835,4.56763696671,1.9438829422,0.388620048761,0.104846395552,0.0195691101253,0.00243860785849,0.000166941725183],"dmean2":[0.357455402613,4.76697397232,5.30858516693,7.62968397141,13.3077306747,12.6257019043,13.8779497147,14.4377193451,21.7790775299,23.1598262787,22.8148803711,12.9727144241,20.4616184235,26.4592781067,40.7027778625,53.4788665771,33.6763839722,38.4764862061,33.8561058044,33.9498939514,24.7104320526,31.038520813,24.6993942261,33.0907859802,26.8996257782,21.3990383148,28.2468395233,20.6750106812,16.4067726135,23.5750217438,13.1275987625,19.63164711,15.9153213501,7.90769290924,3.33937215805,0.62218952179,0.173541113734,0.0319064930081,0.00402134284377,0.000282373774098],"dvar":[0.156861782074,17.5165233612,30.4134864807,100.06855011,238.438034058,196.442749023,233.143920898,333.720153809,824.149414062,975.85345459,1028.66223145,346.85760498,1173.61547852,1365.78588867,3534.08081055,5631.140625,1556.82458496,2378.47241211,1636.40795898,1549.93237305,537.568237305,1159.27478027,536.205749512,1113.78491211,881.112243652,405.409729004,591.200195312,401.612091064,182.822769165,700.754577637,196.839981079,555.500793457,346.69708252,67.5533370972,15.7056083679,0.426188528538,0.0464417785406,0.00204417388886,0.0000285816313408,1.20732437381e-7],"dvar2":[0.345560103655,57.4172058105,77.053237915,270.596954346,593.870849609,483.04864502,611.88671875,848.368896484,1904.22937012,2460.70996094,2307.96264648,859.42578125,2852.38574219,3263.17089844,7929.86279297,12523.5332031,3765.92895508,5298.08789062,4342.32519531,3993.39331055,1290.01367188,2961.47045898,1411.79907227,2792.78149414,1906.73217773,850.296020508,1373.39538574,1029.75463867,519.891174316,1963.84643555,569.60748291,1641.23876953,992.23651123,199.530899048,46.1510009766,1.08746671677,0.124438531697,0.00532810995355,0.0000713447370799,3.11135437414e-7],"max":[3.15839338303,26.6478042603,46.7120246887,84.3728256226,141.976013184,108.120925903,269.969940186,286.314849854,796.431762695,459.839233398,591.879516602,367.493988037,704.721801758,647.844970703,1313.00769043,1340.64880371,672.118896484,966.624206543,594.509216309,521.619934082,498.473175049,485.548675537,441.623382568,548.137023926,861.96887207,427.28326416,409.176269531,294.235931396,102.415458679,255.148452759,126.356323242,182.381149292,173.121505737,65.4225769043,31.9221363068,10.9696502686,3.10963582993,0.997789919376,0.0941084250808,0.00501918839291],"mean":[0.353460460901,2.80854964256,3.80374026299,4.50268220901,7.77871656418,7.79383945465,11.0664138794,11.1821947098,15.0405893326,16.9288349152,18.7823162079,9.81042861938,16.2310447693,20.6360569,39.3639183044,49.8849830627,26.8029136658,35.5498275757,30.6258869171,32.4436302185,26.499004364,31.0255126953,28.3013210297,34.6288909912,31.1201152802,29.6031646729,36.3036346436,19.8285388947,14.2293577194,16.861410141,11.4607658386,12.823143959,12.0663003922,6.3344540596,2.5736784935,0.618838429451,0.151609644294,0.0264931842685,0.00302083767019,0.000214689978748],"median":[0.0390269383788,0.69254899025,1.8501303196,1.06787252426,1.9132463932,2.39980840683,5.03788566589,4.63168716431,5.09727239609,5.41289567947,5.66613483429,4.42839717865,6.7006778717,8.35955715179,12.7779321671,14.4529371262,11.8243770599,14.2953042984,14.4168968201,13.483417511,16.1411018372,15.4394645691,14.7724514008,18.3861503601,20.2032241821,19.5260887146,24.7068367004,14.2239627838,10.2126293182,9.34376335144,7.03286170959,7.55049705505,7.6919336319,3.79395318031,1.39550280571,0.337439000607,0.079930908978,0.0118131246418,0.00104318454396,0.0000981481862254],"min":[1.80096603874e-22,5.91677233352e-22,3.26245324639e-21,5.00095424943e-21,1.57021062274e-20,3.02855896168e-20,2.86488285979e-20,6.23401889841e-20,2.17321207379e-19,2.2345736241e-19,4.30336526079e-19,4.26957131385e-19,7.01421759087e-19,6.77689792217e-19,1.31721771027e-18,1.70554002698e-18,1.37904118925e-18,1.46037403317e-18,1.68668630607e-18,3.50307597976e-18,3.86971965037e-18,4.93088070689e-18,6.54317814349e-18,7.93834066929e-18,9.83045097324e-18,8.64312832969e-18,7.89639351325e-18,9.28341658182e-18,9.83064370632e-18,1.05780171062e-17,9.36746557668e-18,1.13783507448e-17,9.32975606692e-18,8.02063190535e-18,5.9084303471e-18,4.47707039769e-18,2.31232012308e-18,1.0236503803e-18,2.65249525486e-19,2.39830129552e-20],"var":[0.388315498829,20.2773647308,31.6050796509,84.9653244019,224.461395264,192.150344849,271.829650879,398.929290771,1074.14990234,1190.6920166,2134.08349609,401.997558594,1436.85351562,1962.34851074,7871.8828125,10661.9628906,2200.92993164,4403.52880859,2846.28295898,2880.72900391,1247.8380127,2364.07836914,1613.39257812,2152.55078125,1552.73278809,1021.49328613,1502.40478516,512.808532715,228.971618652,591.939086914,204.457672119,401.63168335,289.708496094,68.3857345581,14.5535326004,0.693254411221,0.0620473735034,0.00317455735058,0.0000475087217637,1.46410528146e-7]},"erbbands_crest":{"dmean":2.78513288498,"dmean2":4.50666189194,"dvar":7.94946813583,"dvar2":18.8110084534,"max":31.6542568207,"mean":7.66495895386,"median":6.37534713745,"min":2.19377946854,"var":18.4599285126},"erbbands_flatness_db":{"dmean":0.018731797114,"dmean2":0.0273865759373,"dvar":0.000397005205741,"dvar2":0.000709930551238,"max":0.314882338047,"mean":0.121258422732,"median":0.111470997334,"min":0.0420312322676,"var":0.00170326547232},"erbbands_kurtosis":{"dmean":0.856441795826,"dmean2":1.39084839821,"dvar":1.6638212204,"dvar2":4.01085662842,"max":18.8290176392,"mean":-0.0317454747856,"median":-0.360679149628,"min":-1.86888575554,"var":2.37750840187},"erbbands_skewness":{"dmean":0.407867133617,"dmean2":0.637293756008,"dvar":0.17132794857,"dvar2":0.384471565485,"max":4.10703611374,"mean":-0.17056261003,"median":-0.187752187252,"min":-3.86040019989,"var":0.501409828663},"erbbands_spread":{"dmean":13.5180969238,"dmean2":20.9129924774,"dvar":204.750335693,"dvar2":476.062438965,"max":174.807006836,"mean":53.9168128967,"median":49.1197395325,"min":3.01089143753,"var":660.352355957},"gfcc":{"cov":[[17328.2285156,881.920959473,-824.517456055,948.848022461,-460.051940918,656.532104492,-367.748931885,286.955413818,-213.066238403,-31.3418197632,-100.364555359,-36.671169281,-114.390136719],[881.920959473,931.141113281,-80.2207107544,213.770492554,149.395050049,11.1854801178,-9.3273601532,40.6546363831,-29.6213817596,-43.0350227356,-1.22631967068,-13.0249013901,-1.70673143864],[-824.517456055,-80.2207107544,1121.59228516,420.203186035,68.2461471558,162.551177979,32.5134773254,52.2611618042,123.670722961,-16.9343223572,-45.8430366516,105.616744995,-56.1535377502],[948.848022461,213.770492554,420.203186035,646.012084961,133.735473633,184.937164307,9.70321464539,114.791244507,77.4137191772,-8.00233650208,-43.8455734253,40.0108833313,-6.49962043762],[-460.051940918,149.395050049,68.2461471558,133.735473633,376.439910889,128.921096802,161.819641113,87.7599487305,53.6320762634,49.9890136719,31.2592411041,4.30023479462,14.017539978],[656.532104492,11.1854801178,162.551177979,184.937164307,128.921096802,319.25869751,136.476257324,84.5793609619,55.8038673401,59.4449806213,26.847026825,20.1385936737,-5.69717168808],[-367.748931885,-9.3273601532,32.5134773254,9.70321464539,161.819641113,136.476257324,246.790802002,90.5692062378,61.166305542,60.5398521423,36.3277244568,-1.97391653061,5.42959976196],[286.955413818,40.6546363831,52.2611618042,114.791244507,87.7599487305,84.5793609619,90.5692062378,171.966796875,81.8614578247,57.7354850769,35.997089386,28.480676651,13.2281856537],[-213.066238403,-29.6213817596,123.670722961,77.4137191772,53.6320762634,55.8038673401,61.166305542,81.8614578247,144.776748657,49.1609954834,13.6142644882,19.5935382843,-13.2357444763],[-31.3418197632,-43.0350227356,-16.9343223572,-8.00233650208,49.9890136719,59.4449806213,60.5398521423,57.7354850769,49.1609954834,152.143981934,79.8651046753,16.3319301605,30.3747138977],[-100.364555359,-1.22631967068,-45.8430366516,-43.8455734253,31.2592411041,26.847026825,36.3277244568,35.997089386,13.6142644882,79.8651046753,108.624176025,32.246711731,25.4504966736],[-36.671169281,-13.0249013901,105.616744995,40.0108833313,4.30023479462,20.1385936737,-1.97391653061,28.480676651,19.5935382843,16.3319301605,32.246711731,87.3566055298,25.6091823578],[-114.390136719,-1.70673143864,-56.1535377502,-6.49962043762,14.017539978,-5.69717168808,5.42959976196,13.2281856537,-13.2357444763,30.3747138977,25.4504966736,25.6091823578,78.8034744263]],"icov":[[0.000120848322695,-0.0000714724083082,0.000208186917007,-0.000185233177035,0.000256275845459,-0.000393134803744,0.000249648641329,-0.000337124627549,0.000313022494083,-0.000150739157107,0.00020854997274,-0.000160012263223,0.000367650383851],[-0.0000714724083082,0.001439747517,0.000165896781255,-0.000542333524209,-0.000754190783482,0.000492985185701,0.000063107952883,-0.0000349885449396,0.000232676873566,0.000697069743183,-0.000748790393118,0.000230586025282,0.000109529239126],[0.000208186917007,0.000165896781255,0.00201851758175,-0.00132636236958,0.000396226940211,-0.00074937462341,0.0000728263548808,0.000248099240707,-0.000154001420015,-0.000335934717441,0.00100840476807,-0.00252629886381,0.00206235307269],[-0.000185233177035,-0.000542333524209,-0.00132636236958,0.00372402206995,-0.00103364046663,-0.0010151383467,0.00142182258423,-0.00138068734668,-0.000747624260839,0.00034082683851,0.00133233331144,0.000572327349801,-0.00154756114352],[0.000256275845459,-0.000754190783482,0.000396226940211,-0.00103364046663,0.00497354241088,-0.00103558367118,-0.00208099675365,-0.00066688581137,0.00038825586671,-0.000437190232333,-0.0000663752362016,0.000157585018314,0.0000524784409208],[-0.000393134803744,0.000492985185701,-0.00074937462341,-0.0010151383467,-0.00103558367118,0.00682108430192,-0.00351021671668,0.00108949176501,-0.000257218576735,-0.000824888236821,-0.0010257284157,-0.000148448481923,0.000212872648262],[0.000249648641329,0.000063107952883,0.0000728263548808,0.00142182258423,-0.00208099675365,-0.00351021671668,0.00907379575074,-0.00345362792723,-0.000356112112058,-0.000227015814744,0.000112688489025,0.00168431829661,0.000047792946134],[-0.000337124627549,-0.0000349885449396,0.000248099240707,-0.00138068734668,-0.00066688581137,0.00108949176501,-0.00345362792723,0.0122945765033,-0.00523743592203,-0.000421588978497,-0.00191784021445,-0.00168699072674,-0.0016052214196],[0.000313022494083,0.000232676873566,-0.000154001420015,-0.000747624260839,0.00038825586671,-0.000257218576735,-0.000356112112058,-0.00523743592203,0.0128406509757,-0.004054967314,0.00261526391841,-0.00201106606983,0.00463266810402],[-0.000150739157107,0.000697069743183,-0.000335934717441,0.00034082683851,-0.000437190232333,-0.000824888236821,-0.000227015814744,-0.000421588978497,-0.004054967314,0.0143349701539,-0.00966189615428,0.0037872842513,-0.00462725944817],[0.00020854997274,-0.000748790393118,0.00100840476807,0.00133233331144,-0.0000663752362016,-0.0010257284157,0.000112688489025,-0.00191784021445,0.00261526391841,-0.00966189615428,0.0198781546205,-0.0075637800619,0.00156837247778],[-0.000160012263223,0.000230586025282,-0.00252629886381,0.000572327349801,0.000157585018314,-0.000148448481923,0.00168431829661,-0.00168699072674,-0.00201106606983,0.0037872842513,-0.0075637800619,0.0195750277489,-0.0075680562295],[0.000367650383851,0.000109529239126,0.00206235307269,-0.00154756114352,0.0000524784409208,0.000212872648262,0.000047792946134,-0.0016052214196,0.00463266810402,-0.00462725944817,0.00156837247778,-0.0075680562295,0.0193545855582]],"mean":[27.8345851898,37.5230293274,-104.769104004,41.1749076843,-57.9768714905,22.4514503479,-36.9252738953,12.2208766937,-27.8276462555,9.18283176422,-9.31211280823,1.03094041348,-7.14571762085]},"hfc":{"dmean":17.6888923645,"dmean2":29.5560054779,"dvar":773.00958252,"dvar2":2171.54907227,"max":225.057601929,"mean":39.4411239624,"median":35.7300643921,"min":1.09912206228e-16,"var":959.794311523},"melbands":{"dmean":[0.00248892302625,0.00215111975558,0.000808748998679,0.000622144551016,0.000271820783382,0.000196704160771,0.000198780515348,0.000147543949424,0.000102206387965,0.0000484265656269,0.0000643104576739,0.0000640490907244,0.0000854853205965,0.0000951273468672,0.0000660069199512,0.0000455937224615,0.0000482719078718,0.0000356518503395,0.0000296064481518,0.0000265968446911,0.0000201269522222,0.0000221813606913,0.0000185353364941,0.0000137918132168,0.0000187461027963,0.0000151754948092,0.0000104795644802,0.0000104088021544,0.0000125276674225,0.0000101647710835,0.00000756460667617,0.00000499198768011,0.00000690506885803,0.00000849714888318,0.00000512797578267,0.00000423773826697,0.0000076909955169,0.00000649373941997,0.0000051081606216,0.00000368084897673],"dmean2":[0.00449118763208,0.00377597101033,0.00141069665551,0.00104524265043,0.000455864152173,0.000327715271851,0.000329308124492,0.000251746794675,0.000170473198523,0.000080779173004,0.000103938400571,0.000106021405372,0.000137441165862,0.000146310165292,0.000109380700451,0.0000752775886212,0.0000765164440963,0.0000585722591495,0.0000487565084768,0.0000435959409515,0.000032865551475,0.0000369123881683,0.0000304936675093,0.0000224895029532,0.0000305593202938,0.0000240923727688,0.0000164384073287,0.000016281634089,0.0000196781838895,0.000016313899323,0.000013092530935,0.00000842164172354,0.0000119443348012,0.0000146476595546,0.00000834522325022,0.00000739412416806,0.0000138507057272,0.0000114087815746,0.00000876751801115,0.00000642956274532],"dvar":[0.0000176788489625,0.000010584388292,0.00000275858496934,0.00000160190791121,2.25513687724e-7,1.58516513693e-7,1.79311115289e-7,1.10838982437e-7,5.64572744111e-8,1.544766981e-8,3.10584127305e-8,2.25405578647e-8,4.63103013715e-8,4.43083507662e-8,1.78998842415e-8,8.94351170899e-9,1.10310525159e-8,5.37201039208e-9,2.78493650363e-9,3.40184147518e-9,9.15688636027e-10,1.74763126193e-9,1.25671395512e-9,4.2483877527e-10,1.03052077982e-9,5.70062275163e-10,4.25157853368e-10,2.18396606355e-10,3.28460536547e-10,2.95864083233e-10,1.69355043877e-10,4.38285831239e-11,1.78156017716e-10,2.72073225061e-10,7.86441189948e-11,7.07443617576e-11,2.65373806263e-10,1.71800046411e-10,8.51130554924e-11,4.52079658431e-11],"dvar2":[0.0000515670835739,0.0000295463996736,0.00000738747894502,0.00000392487299905,5.92944616074e-7,3.97832565113e-7,4.13303496316e-7,2.78386380614e-7,1.2785950787e-7,3.77266005103e-8,7.6172867125e-8,5.46073763985e-8,1.00340052711e-7,9.64556576832e-8,4.28306528022e-8,2.06660359936e-8,2.44778259884e-8,1.44307295002e-8,7.08262293259e-9,8.6796543286e-9,2.21766538466e-9,4.3440580022e-9,3.11991699142e-9,1.11679776538e-9,2.56847831892e-9,1.21442533807e-9,8.64048832483e-10,4.94808194418e-10,7.44258155105e-10,7.13729575441e-10,4.51755854947e-10,1.19398116394e-10,5.22921761448e-10,7.49023565394e-10,2.23366533603e-10,2.16179366075e-10,7.73913710894e-10,4.85475604162e-10,2.46823728123e-10,1.33884639486e-10],"max":[0.0286495294422,0.0219133086503,0.0126894265413,0.0109653510153,0.00792454835027,0.00625082664192,0.011570379138,0.00453093508258,0.0045702541247,0.00279457843862,0.00346918473952,0.0024985850323,0.00519549613819,0.00356759363785,0.00236564013176,0.00160767976195,0.0022129882127,0.00119201664347,0.000702604884282,0.00130734778941,0.000424569909228,0.000606564921327,0.000559154257644,0.000282149325358,0.000546529889107,0.000413501198636,0.000698443211149,0.00023327342933,0.000298032158753,0.000388038664823,0.000154554378241,0.0000534140963282,0.000107781677798,0.00017612913507,0.0000860232394189,0.0000695965572959,0.000129369509523,0.000137976690894,0.000078106932051,0.0000558596657356],"mean":[0.00339867454022,0.00268394127488,0.000845685426611,0.000621511542704,0.000349791138433,0.000262040121015,0.00023269598023,0.000188283767784,0.000135479567689,0.000059296933614,0.0000801810092526,0.0000772207713453,0.000122542493045,0.00014095356164,0.0000841878936626,0.0000574615041842,0.0000666555497446,0.0000487390789203,0.0000419354510086,0.0000405481187045,0.0000304524528474,0.0000328789064952,0.0000292118729703,0.0000238742668444,0.0000283039626083,0.0000250937664532,0.0000179366670636,0.0000200294216484,0.0000240132940235,0.0000172801628651,0.00000996823291644,0.00000729327121007,0.00000908356287255,0.00000965471554082,0.00000696182814863,0.00000556136819796,0.00000880173047335,0.00000881012419995,0.00000676611807648,0.00000494830419484],"median":[0.000516097759828,0.00115807447582,0.000248772033956,0.000156316295033,0.000169741499121,0.000111488465336,0.0000780716654845,0.0000586673995713,0.0000404532111133,0.0000254835867963,0.0000307253067149,0.0000284621964965,0.0000332649797201,0.0000388964981539,0.0000278914121736,0.0000210981452256,0.0000238097163674,0.0000201591428777,0.0000175475106516,0.0000144038785947,0.0000165210185514,0.0000164848588611,0.0000120233071357,0.000012838114344,0.0000129798481794,0.0000140059837577,0.0000112725902,0.0000123938116303,0.0000142495591717,0.0000118631023724,0.00000622681318418,0.00000513371469424,0.00000596738436798,0.00000462485786556,0.00000395255165131,0.00000342768612427,0.00000491414448334,0.00000569038365938,0.00000411053861171,0.00000282106111626],"min":[2.15539064905e-24,2.21962049282e-24,9.62871393569e-25,2.24507269549e-24,1.25735514164e-24,1.0797854115e-24,4.11926322526e-24,3.27246324756e-24,3.27722382591e-24,2.45318642964e-24,3.32467716202e-24,2.56233756322e-24,3.46149009767e-24,4.58875615959e-24,2.82446480075e-24,2.20649877774e-24,2.58967849612e-24,2.03901138021e-24,3.58325945586e-24,4.33945008113e-24,3.35750679188e-24,4.43682194367e-24,5.24767352992e-24,4.2242081525e-24,6.03022906992e-24,6.52802791125e-24,5.62116800853e-24,4.77926212389e-24,4.74939348344e-24,4.33486640484e-24,5.40878338145e-24,5.47584089713e-24,5.01344692209e-24,4.60463750733e-24,5.1723507241e-24,5.11457928457e-24,6.61284110818e-24,6.28863465892e-24,6.56273779108e-24,6.43215448999e-24],"var":[0.0000320397048199,0.0000136587268571,0.00000239622431764,0.00000152857603553,2.49307333888e-7,1.94083384031e-7,2.40571381482e-7,1.42871130038e-7,1.10569821743e-7,1.78114678562e-8,3.69860302385e-8,3.01026794602e-8,1.05523092486e-7,8.66395026833e-8,2.70705964311e-8,1.43254208496e-8,1.89031723608e-8,9.01969965383e-9,4.50901271876e-9,6.89708912205e-9,1.68974356729e-9,2.79613798781e-9,3.00620106586e-9,1.02235131472e-9,1.76421233178e-9,1.15324794159e-9,6.87823797918e-10,5.11476416776e-10,8.12886924439e-10,4.55177673331e-10,1.72031111578e-10,6.11915032533e-11,1.50120721409e-10,2.25232554829e-10,8.15719297664e-11,6.04502836676e-11,1.92823909617e-10,1.48939485745e-10,7.97910071348e-11,4.62562141368e-11]},"melbands_crest":{"dmean":4.06864356995,"dmean2":6.5236120224,"dvar":12.0167636871,"dvar2":29.6832542419,"max":34.1400527954,"mean":15.0481119156,"median":13.9758749008,"min":1.6760379076,"var":42.6258964539},"melbands_flatness_db":{"dmean":0.0385379008949,"dmean2":0.0636625960469,"dvar":0.00132584420498,"dvar2":0.00330051826313,"max":0.478520870209,"mean":0.152326524258,"median":0.138779878616,"min":0.004638267681,"var":0.00481118867174},"melbands_kurtosis":{"dmean":16.3110179901,"dmean2":28.4514350891,"dvar":1276.08837891,"dvar2":3692.73999023,"max":647.756713867,"mean":20.6197013855,"median":7.20962905884,"min":-1.87407505512,"var":1707.15307617},"melbands_skewness":{"dmean":1.3346259594,"dmean2":2.18510603905,"dvar":2.45797514915,"dvar2":6.31936168671,"max":22.1559371948,"mean":3.23127222061,"median":2.57710695267,"min":-1.46085631847,"var":7.31236219406},"melbands_spread":{"dmean":15.7048578262,"dmean2":25.9204940796,"dvar":357.321472168,"dvar2":933.427734375,"max":241.108078003,"mean":39.4423942566,"median":33.4507522583,"min":1.18220663071,"var":814.417236328},"mfcc":{"cov":[[8134.69628906,373.939239502,63.4974403381,194.15562439,294.364013672,204.083938599,124.174133301,239.367980957,127.496299744,-21.1511363983,-0.961480259895,115.785247803,62.3879814148],[373.939239502,678.856750488,-177.451599121,73.4440383911,65.6373672485,-21.0906658173,71.0558395386,-4.07048368454,-9.38715648651,-26.0272140503,-11.437625885,10.5566310883,-2.09502983093],[63.4974403381,-177.451599121,988.391174316,280.272613525,159.067398071,170.781311035,-86.1640396118,168.837463379,30.9453487396,-20.4572067261,70.7099609375,-13.915189743,40.7085113525],[194.15562439,73.4440383911,280.272613525,415.522277832,202.750976562,76.3986434937,24.1961555481,101.363372803,87.8036880493,1.92232739925,16.9790554047,17.9200763702,31.6217689514],[294.364013672,65.6373672485,159.067398071,202.750976562,253.370361328,113.033729553,60.3242645264,86.5161819458,67.0311279297,21.0269775391,31.2813587189,25.3156337738,45.790184021],[204.083938599,-21.0906658173,170.781311035,76.3986434937,113.033729553,246.456222534,101.300079346,94.952331543,66.4217834473,58.6595954895,55.4679718018,7.48470783234,35.7134208679],[124.174133301,71.0558395386,-86.1640396118,24.1961555481,60.3242645264,101.300079346,225.317276001,39.4172172546,66.7230072021,68.3801651001,30.3575801849,48.8485527039,39.8621330261],[239.367980957,-4.07048368454,168.837463379,101.363372803,86.5161819458,94.952331543,39.4172172546,197.944473267,77.7624893188,35.2862319946,43.8526916504,16.7322368622,36.3028411865],[127.496299744,-9.38715648651,30.9453487396,87.8036880493,67.0311279297,66.4217834473,66.7230072021,77.7624893188,136.837463379,64.8898773193,37.3326950073,37.4546165466,30.5793533325],[-21.1511363983,-26.0272140503,-20.4572067261,1.92232739925,21.0269775391,58.6595954895,68.3801651001,35.2862319946,64.8898773193,127.527656555,57.8784294128,37.7607803345,28.6080150604],[-0.961480259895,-11.437625885,70.7099609375,16.9790554047,31.2813587189,55.4679718018,30.3575801849,43.8526916504,37.3326950073,57.8784294128,102.390296936,46.8751182556,27.886636734],[115.785247803,10.5566310883,-13.915189743,17.9200763702,25.3156337738,7.48470783234,48.8485527039,16.7322368622,37.4546165466,37.7607803345,46.8751182556,109.645271301,45.8290138245],[62.3879814148,-2.09502983093,40.7085113525,31.6217689514,45.790184021,35.7134208679,39.8621330261,36.3028411865,30.5793533325,28.6080150604,27.886636734,45.8290138245,93.4792175293]],"icov":[[0.000138764429721,-0.0000667496278766,0.0000174132601387,0.0000510156532982,-0.000113369351311,-0.000111647830636,0.0000524633142049,-0.000145132769831,-0.0000456746311102,0.000095292343758,0.000165174380527,-0.000227001510211,0.0000610241149843],[-0.0000667496278766,0.00183910806663,0.00048987189075,-0.00055325467838,-0.000406925129937,0.000347354216501,-0.000686179497279,-0.000163274788065,0.00067688251147,0.000580822932534,-0.000530881108716,0.000178185815457,0.000154063891387],[0.0000174132601387,0.00048987189075,0.00197824276984,-0.00119249126874,0.0000557218409085,-0.00120259006508,0.00110523495823,-0.000919365149457,0.000865735230036,0.000750746170525,-0.00113190663978,0.000200352907996,-0.000414369889768],[0.0000510156532982,-0.00055325467838,-0.00119249126874,0.00520542589948,-0.00326959020458,0.00091041973792,0.0000358247125405,-0.000150573294377,-0.00250178924762,0.000532875419594,0.00107098615263,-0.000294071913231,0.00048894766951],[-0.000113369351311,-0.000406925129937,0.0000557218409085,-0.00326959020458,0.00836124457419,-0.00228248117492,-0.000316269084578,-0.000349070876837,-0.000238124863245,0.000596364669036,-0.000331547809765,-0.000132897024741,-0.00174550968222],[-0.000111647830636,0.000347354216501,-0.00120259006508,0.00091041973792,-0.00228248117492,0.00840981304646,-0.00341649330221,-0.000941734819207,-0.000601166451816,-0.00108288461342,-0.00221021962352,0.00304104434326,-0.000277728307992],[0.0000524633142049,-0.000686179497279,0.00110523495823,0.0000358247125405,-0.000316269084578,-0.00341649330221,0.00803276523948,-0.0000720697571523,-0.00113461911678,-0.00183789967559,0.00152959884144,-0.00240512751043,-0.000824592658319],[-0.000145132769831,-0.000163274788065,-0.000919365149457,-0.000150573294377,-0.000349070876837,-0.000941734819207,-0.0000720697571523,0.00849852990359,-0.00356090464629,0.000394461181713,-0.00148902449291,0.00121904781554,-0.00130371144041],[-0.0000456746311102,0.00067688251147,0.000865735230036,-0.00250178924762,-0.000238124863245,-0.000601166451816,-0.00113461911678,-0.00356090464629,0.0144169135019,-0.00480282818899,0.000409443222452,-0.00192603340838,0.000303793000057],[0.000095292343758,0.000580822932534,0.000750746170525,0.000532875419594,0.000596364669036,-0.00108288461342,-0.00183789967559,0.000394461181713,-0.00480282818899,0.0147848343477,-0.00616308860481,0.000144625839312,-0.000991553999484],[0.000165174380527,-0.000530881108716,-0.00113190663978,0.00107098615263,-0.000331547809765,-0.00221021962352,0.00152959884144,-0.00148902449291,0.000409443222452,-0.00616308860481,0.0180071443319,-0.00662195589393,0.000568102754187],[-0.000227001510211,0.000178185815457,0.000200352907996,-0.000294071913231,-0.000132897024741,0.00304104434326,-0.00240512751043,0.00121904781554,-0.00192603340838,0.000144625839312,-0.00662195589393,0.0159115549177,-0.00561633938923],[0.0000610241149843,0.000154063891387,-0.000414369889768,0.00048894766951,-0.00174550968222,-0.000277728307992,-0.000824592658319,-0.00130371144041,0.000303793000057,-0.000991553999484,0.000568102754187,-0.00561633938923,0.0152824586257]],"mean":[-611.663818359,69.3117370605,11.3205003738,20.9714107513,7.91402959824,6.79848670959,9.91598987579,-1.42152297497,-0.490975946188,1.24567604065,-1.40381276608,4.87252902985,2.47124624252]},"pitch_salience":{"dmean":0.106504306197,"dmean2":0.181582301855,"dvar":0.0102481711656,"dvar2":0.025252757594,"max":0.944389224052,"mean":0.532727301121,"median":0.561130523682,"min":0.0512888506055,"var":0.0267161466181},"silence_rate_20dB":{"dmean":0,"dmean2":0,"dvar":0,"dvar2":0,"max":1,"mean":1,"median":1,"min":1,"var":0},"silence_rate_30dB":{"dmean":0.000318928388879,"dmean2":0.000637958524749,"dvar":0.000318843289278,"dvar2":0.000956597097684,"max":1,"mean":0.999840557575,"median":1,"min":0,"var":0.000159389222972},"silence_rate_60dB":{"dmean":0.0264710579067,"dmean2":0.0529505573213,"dvar":0.0257714111358,"dvar2":0.0600376464427,"max":1,"mean":0.0787627547979,"median":0,"min":0,"var":0.0725515410304},"spectral_centroid":{"dmean":417.698730469,"dmean2":660.744812012,"dvar":197482,"dvar2":445993.15625,"max":11495.6914062,"mean":2224.86376953,"median":2232.15527344,"min":217.619186401,"var":836043.125},"spectral_complexity":{"dmean":6.47201395035,"dmean2":9.70526313782,"dvar":51.3922157288,"dvar2":104.667556763,"max":58,"mean":23.1074619293,"median":23,"min":0,"var":187.218704224},"spectral_contrast_coeffs":{"dmean":[0.0615631341934,0.0571942292154,0.045506823808,0.03586769104,0.0271696988493,0.0197418723255],"dmean2":[0.101141862571,0.0920082554221,0.0710905790329,0.0551782883704,0.0421595312655,0.0306701734662],"dvar":[0.00281155761331,0.00240182527341,0.00168107426725,0.00105412618723,0.00066289701499,0.000392063171603],"dvar2":[0.0070770974271,0.00584218557924,0.00353139149956,0.00217113853432,0.0013229700271,0.000823250738904],"max":[-0.321088552475,-0.410460114479,-0.446674674749,-0.484397172928,-0.536359548569,-0.566103875637],"mean":[-0.666629314423,-0.735334336758,-0.779769062996,-0.786481916904,-0.781976640224,-0.775561273098],"median":[-0.674469709396,-0.740543425083,-0.794950008392,-0.796524405479,-0.79125982523,-0.776812791824],"min":[-0.97377794981,-0.976502120495,-0.983841836452,-0.983498811722,-0.981392145157,-0.980771780014],"var":[0.00698017887771,0.00717072887346,0.00633711740375,0.00431142188609,0.00273104174994,0.00144583487418]},"spectral_contrast_valleys":{"dmean":[0.487392425537,0.560110569,0.486142665148,0.421900957823,0.350310504436,0.398602455854],"dmean2":[0.780148923397,0.912724852562,0.769959509373,0.639486968517,0.523108303547,0.539210796356],"dvar":[0.270432591438,0.411555796862,0.327513486147,0.288619309664,0.248353138566,0.285890668631],"dvar2":[0.486940532923,0.85491591692,0.627258300781,0.527837872505,0.417694926262,0.519877195358],"max":[-5.21635580063,-4.70064687729,-5.38002538681,-5.78832626343,-5.58879470825,-7.14821624756],"mean":[-7.50145530701,-7.06954908371,-7.44503211975,-7.62961149216,-7.1871008873,-9.08856868744],"median":[-7.10340881348,-6.82994174957,-7.18633747101,-7.39036655426,-6.8933300972,-8.74404811859],"min":[-28.1641654968,-27.7641525269,-27.6656398773,-27.5574111938,-27.4272079468,-27.3707065582],"var":[3.86726498604,3.243080616,3.08842158318,3.05672478676,3.01988506317,2.88692355156]},"spectral_decrease":{"dmean":3.39467987054e-9,"dmean2":5.64310331796e-9,"dvar":1.64159518128e-17,"dvar2":4.28922628326e-17,"max":6.32385600172e-17,"mean":-7.99299115783e-9,"median":-6.21734930206e-9,"min":-3.08705594421e-8,"var":4.16983996719e-17},"spectral_energy":{"dmean":0.0134301204234,"dmean2":0.0221567843109,"dvar":0.000251162273344,"dvar2":0.000630208349321,"max":0.118271753192,"mean":0.0337448045611,"median":0.0278458632529,"min":1.00830626718e-20,"var":0.000662552251015},"spectral_energyband_high":{"dmean":0.00186706404202,"dmean2":0.00317184301093,"dvar":0.00000953033577389,"dvar2":0.0000275976544799,"max":0.024490300566,"mean":0.00321669178084,"median":0.00262560648844,"min":6.94525560783e-21,"var":0.00000983774589258},"spectral_energyband_low":{"dmean":0.010902707465,"dmean2":0.0187598038465,"dvar":0.000244297669269,"dvar2":0.000708621228114,"max":0.111721418798,"mean":0.0164425875992,"median":0.0052601210773,"min":2.24285098708e-23,"var":0.000494833977427},"spectral_energyband_middle_high":{"dmean":0.00286258757114,"dmean2":0.00448616500944,"dvar":0.0000130927364808,"dvar2":0.0000293708017125,"max":0.0488335900009,"mean":0.00678802281618,"median":0.00507339416072,"min":1.3026117573e-21,"var":0.0000435074907728},"spectral_energyband_middle_low":{"dmean":0.0056689735502,"dmean2":0.00940461270511,"dvar":0.0000756761073717,"dvar2":0.000190352919162,"max":0.0602215006948,"mean":0.00830122362822,"median":0.00504125095904,"min":1.5615581136e-22,"var":0.0000881647356437},"spectral_entropy":{"dmean":0.181934341788,"dmean2":0.263741880655,"dvar":0.0441571287811,"dvar2":0.0926829576492,"max":9.81551647186,"mean":8.05108261108,"median":8.11671638489,"min":6.13908004761,"var":0.151848241687},"spectral_flux":{"dmean":0.035353243351,"dmean2":0.053094111383,"dvar":0.00147125276271,"dvar2":0.00292673986405,"max":0.340511411428,"mean":0.112868286669,"median":0.106844156981,"min":6.47234557616e-11,"var":0.00374994892627},"spectral_kurtosis":{"dmean":0.901728153229,"dmean2":1.36354744434,"dvar":1.66135954857,"dvar2":3.67959785461,"max":32.7134056091,"mean":2.17594218254,"median":1.82940244675,"min":-1.23072564602,"var":4.03687810898},"spectral_rms":{"dmean":0.00110488175415,"dmean2":0.00177159276791,"dvar":0.00000141241457641,"dvar2":0.00000308103335556,"max":0.0107418373227,"mean":0.00522978976369,"median":0.00521216774359,"min":3.13642059373e-12,"var":0.00000557105840926},"spectral_rolloff":{"dmean":1403.1661377,"dmean2":2378.20556641,"dvar":3220712.75,"dvar2":8539164,"max":19552.1484375,"mean":3091.37255859,"median":2465.55175781,"min":64.599609375,"var":8553234},"spectral_skewness":{"dmean":0.176617577672,"dmean2":0.270289301872,"dvar":0.0420887880027,"dvar2":0.0905842632055,"max":4.26368951797,"mean":1.12940120697,"median":1.11678743362,"min":-0.0638124421239,"var":0.126236230135},"spectral_spread":{"dmean":826811.1875,"dmean2":1188436.875,"dvar":1065233809410,"dvar2":1945607864320,"max":42087232,"mean":6526172.5,"median":6237385,"min":1857747.75,"var":8928893075460},"spectral_strongpeak":{"dmean":0.575192809105,"dmean2":0.975342392921,"dvar":0.918772280216,"dvar2":2.25050163269,"max":11.3903884888,"mean":0.856499493122,"median":0.436464369297,"min":0,"var":1.32717072964},"zerocrossingrate":{"dmean":0.0180764514953,"dmean2":0.0208210293204,"dvar":0.000386916653952,"dvar2":0.000485259864945,"max":0.53271484375,"mean":0.107671931386,"median":0.09619140625,"min":0.00439453125,"var":0.00400527380407}},"metadata":{"audio_properties":{"analysis_sample_rate":44100,"bit_rate":0,"codec":"flac","downmix":"mix","equal_loudness":0,"length":145.600006104,"lossless":true,"md5_encoded":"32ab018d0f19ef0749765c30f1d00e0b","replay_gain":-16.5640258789,"sample_rate":44100},"tags":{"album":["This Is Acting"],"albumartist":["Sia"],"albumartistsort":["Sia"],"artist":["Sia"],"artistsort":["Sia"],"barcode":["9332727037054"],"catalognumber":["IR5241CD"],"date":["2016-01-29"],"discnumber":["1"],"disctotal":["1"],"file_name":"Disc_1_-_10_-_Sweet_Design.flac","label":["Inertia Recordings","Monkey Puzzle Records"],"media":["CD"],"musicbrainz_albumartistid":["2f548675-008d-4332-876c-108b0c7ab9c5"],"musicbrainz_albumid":["447ee379-ee74-446b-a91e-d2e29306affd"],"musicbrainz_artistid":["2f548675-008d-4332-876c-108b0c7ab9c5"],"musicbrainz_discid":["xYPjk9MKuMJB3vc0TViI12xs9oY-"],"musicbrainz_recordingid":["e706d695-239a-40ec-87cf-4ae9d9b5027f"],"musicbrainz_releasegroupid":["2eb49f55-ad2a-43fa-a54f-90d0759d7f62"],"musicbrainz_releasetrackid":["baa7e3ca-47eb-4caa-a3b1-bc6c97c14ce1"],"originaldate":["2016-01-29"],"releasecountry":["AU"],"releasestatus":["official"],"releasetype":["album"],"script":["Latn"],"title":["Sweet Design"],"totaldiscs":["1"],"totaltracks":["12"],"tracknumber":["10"],"tracktotal":["12"]},"version":{"essentia":"2.1-beta1","essentia_build_sha":"ca57ba49d9b1854bd80e60cf9ccf267278fb7d6b","essentia_git_sha":"v2.1_beta1-28-g21ef5f4-dirty","extractor":"music 1.0"}},"rhythm":{"beats_count":260,"beats_loudness":{"dmean":0.0267363749444,"dmean2":0.0407276786864,"dvar":0.000343337946106,"dvar2":0.0010136528872,"max":0.109048448503,"mean":0.0496926642954,"median":0.0531094633043,"min":0,"var":0.000758973066695},"beats_loudness_band_ratio":{"dmean":[0.292454391718,0.261601239443,0.0609052330256,0.167274907231,0.0618258677423,0.0852590352297],"dmean2":[0.422967374325,0.503819227219,0.1033354