{"lowlevel":{"average_loudness":0.855526328087,"barkbands":{"dmean":[9.4996835287e-7,0.000316404446494,0.00044739904115,0.000351224647602,0.00054234592244,0.000193377345568,0.00029824586818,0.000273773970548,0.000582585227676,0.000662582402583,0.000172957967152,0.000325792352669,0.000370067340555,0.000492675695568,0.00053427828243,0.000534922350198,0.000663224083837,0.000238253574935,0.000106730280095,0.0000801704954938,0.0000545834445802,0.0000200645463337,0.0000323669555655,0.0000231846370298,0.0000086814743554,0.00000217480896936,3.39333837474e-7],"dmean2":[0.00000159488695317,0.000515392690431,0.000745391647797,0.000593393284362,0.000899079546798,0.000306400586851,0.000472562096547,0.00040788174374,0.000804445182439,0.000868941133376,0.000239479064476,0.000453763001133,0.000542970607057,0.000697605428286,0.000755310116801,0.000795676605776,0.000999802025035,0.000362215156201,0.000157166577992,0.000118499949167,0.0000807722681202,0.0000286180893454,0.0000491609425808,0.0000356731470674,0.0000133037401611,0.00000343129863722,5.33147783699e-7],"dvar":[9.38229442055e-12,2.34993819959e-7,6.22858010502e-7,3.77321839551e-7,9.46687691794e-7,1.38894435509e-7,4.80788855839e-7,5.55570238703e-7,0.00000415637896367,0.00000731393265596,4.53251516319e-7,0.00000234448157244,0.00000152688471644,0.00000467303834739,0.0000042783049139,0.00000185279873222,0.00000212471627492,4.47515162705e-7,4.01784383541e-8,2.13776907287e-8,1.01685104781e-8,1.90736471062e-9,4.76844164154e-9,2.55048138165e-9,3.16418363733e-10,2.50541826868e-11,6.32592502686e-13],"dvar2":[2.28134351687e-11,5.94868652115e-7,0.00000169852955878,0.00000100858051155,0.0000025348156214,3.42174928392e-7,0.00000112373959382,0.00000119554431421,0.00000907668527361,0.0000121865641631,6.66784330861e-7,0.00000467948393634,0.00000282466953649,0.00000886122779775,0.00000701824319549,0.00000366328276868,0.0000044281900955,9.35516425216e-7,8.98079477452e-8,4.56303865803e-8,2.26223431099e-8,3.98993504902e-9,1.15795639744e-8,6.3914251669e-9,8.11070488549e-10,6.55562687468e-11,1.55532401194e-12],"max":[0.0000878089194885,0.00540980696678,0.0103782461956,0.0112881492823,0.0151544865221,0.0103087387979,0.0181792788208,0.0184339471161,0.0613295398653,0.0984691157937,0.0337240770459,0.0540268644691,0.0432410016656,0.0711899772286,0.096721470356,0.0410384535789,0.0383802913129,0.0276759006083,0.00500502390787,0.00340354861692,0.00197144597769,0.00105598382652,0.00121810135897,0.000786209304351,0.000316344638122,0.0000820844361442,0.0000141977470776],"mean":[0.00000127317446186,0.0011536127422,0.00148913648445,0.000901627994608,0.00114434526768,0.000341619946994,0.000458291149698,0.000434953311924,0.000979607575573,0.00137679290492,0.000292676850222,0.000568764749914,0.000604363565799,0.000866881862748,0.000979678239673,0.00107590120751,0.00126015057322,0.000399422482587,0.000192723717191,0.000151468280819,0.000100973840745,0.0000355897682311,0.0000520108405908,0.0000413584020862,0.0000187553850992,0.00000503801447849,9.32494401695e-7],"median":[4.19016600972e-7,0.000983866979368,0.00119825918227,0.000654991832562,0.000835359038319,0.000141858879942,0.000127841718495,0.000110687571578,0.000149711908307,0.000209597477806,0.0000507641379954,0.0000826276955195,0.00015243110829,0.0000966828520177,0.000180513918167,0.000244350987487,0.000372178066755,0.0000961727782851,0.000084133411292,0.0000560976222914,0.0000356551463483,0.0000135662694447,0.0000192719562619,0.0000177499096026,0.00000948990054894,0.00000252020527114,6.09862581769e-7],"min":[6.13553825368e-25,3.99873868958e-24,1.64633604451e-24,1.53791312815e-24,9.68384584663e-24,3.98612638143e-24,9.23597164541e-24,4.90762872583e-24,2.38729694086e-23,1.16754908627e-23,1.28162996942e-23,2.28983759364e-23,1.6104573292e-23,3.99364966899e-23,5.73039542496e-23,4.06161256033e-23,5.27598314456e-23,1.06981920709e-22,1.57579446548e-22,2.05694433429e-22,2.77895350609e-22,3.47120684454e-22,4.04235349952e-22,5.81100236822e-22,8.69005437146e-22,1.42300147349e-21,2.08127265315e-21],"var":[1.26546316828e-11,7.62037984714e-7,0.00000147231889969,8.54479083046e-7,0.0000015056061784,2.74274270851e-7,8.54939514738e-7,0.00000100945271697,0.00000777446985012,0.0000209533973248,0.00000160498927926,0.00000641792985334,0.00000363581830243,0.00001143892041,0.0000134498504849,0.00000715087207936,0.00000603076023253,0.00000102867488749,8.35613107597e-8,5.75918548407e-8,2.55031817886e-8,3.54770213207e-9,7.37488381475e-9,4.05573707951e-9,6.22231710601e-10,4.70052538559e-11,1.02810804575e-12]},"barkbands_crest":{"dmean":1.91188669205,"dmean2":2.99875640869,"dvar":4.03924226761,"dvar2":9.49767589569,"max":25.7056732178,"mean":8.99212646484,"median":8.24231052399,"min":2.4855837822,"var":13.9203958511},"barkbands_flatness_db":{"dmean":0.0172643307596,"dmean2":0.0240773409605,"dvar":0.000356335105607,"dvar2":0.000625407148618,"max":0.315535634756,"mean":0.138385042548,"median":0.134993359447,"min":0.0341747775674,"var":0.00194053445011},"barkbands_kurtosis":{"dmean":2.02541232109,"dmean2":2.95008230209,"dvar":17.7295627594,"dvar2":34.0090789795,"max":147.228668213,"mean":3.53620505333,"median":0.16282621026,"min":-1.8604632616,"var":99.2709197998},"barkbands_skewness":{"dmean":0.47167801857,"dmean2":0.661536991596,"dvar":0.322801858187,"dvar2":0.576984643936,"max":9.80909252167,"mean":0.946899950504,"median":0.622579932213,"min":-4.65955352783,"var":2.59767127037},"barkbands_spread":{"dmean":4.84178638458,"dmean2":7.40581226349,"dvar":37.6883583069,"dvar2":86.7951049805,"max":113.755531311,"mean":24.9329719543,"median":24.8290786743,"min":1.50361132622,"var":156.746566772},"dissonance":{"dmean":0.0168130416423,"dmean2":0.0278096757829,"dvar":0.000371139729396,"dvar2":0.000952693866566,"max":0.5,"mean":0.466410666704,"median":0.474424600601,"min":0.2301415205,"var":0.000793384329882},"dynamic_complexity":3.63783717155,"erbbands":{"dmean":[0.00293084024452,0.0917894542217,0.457911252975,0.847957909107,1.36914610863,1.96778285503,1.9596889019,1.72438907623,4.23476648331,4.65714263916,6.81783151627,12.8515996933,18.2122707367,14.8217716217,7.72691583633,14.406908989,17.1760940552,23.3026771545,30.2107639313,19.508682251,30.7332801819,30.4524097443,17.5601005554,5.55479335785,5.89125585556,3.49468803406,2.89549517632,1.40669333935,0.6945053339,0.889644026756,0.939857184887,0.598345935345,0.348789095879,0.13297842443,0.0434890389442,0.0151580590755,0.00301766628399,0.000397161609726,0.0000691698223818,0.00000615636690782],"dmean2":[0.00467071775347,0.149796530604,0.756925344467,1.42881929874,2.31942915916,3.23837590218,3.2456099987,2.73845815659,6.8600435257,6.97106599808,10.008055687,17.4842014313,24.4768009186,19.186460495,10.4028148651,19.4308586121,24.2700653076,32.4737014771,41.3455200195,28.6092948914,44.920627594,45.8879852295,26.1118164063,7.981798172,8.7461681366,5.18792963028,4.30736255646,2.05355429649,0.991750955582,1.29411280155,1.45785975456,0.920690000057,0.546329677105,0.207371816039,0.0673099532723,0.0239997971803,0.00464896624908,0.000612017523963,0.0001087954588,0.00000838613141241],"dvar":[0.0000202650571737,0.0193863902241,0.562597036362,2.34793949127,5.61278057098,15.1218452454,14.1852331161,14.2803125381,101.479370117,139.631500244,377.720611572,1920.37280273,7150.52539063,3725.37231445,747.744445801,4241.07324219,3163.76416016,10164.6289063,17003.6855469,2113.24951172,6924.82519531,5005.94824219,1694.296875,144.887161255,111.834152222,38.1567382813,35.6528663635,6.40116262436,2.33158493042,3.6535115242,4.36047744751,1.59033787251,0.662675797939,0.0703015401959,0.00897688418627,0.00135953596327,0.0000429275896749,9.96504468276e-7,2.53868748246e-8,8.36048175135e-11],"dvar2":[0.000046600594942,0.0497239045799,1.51721310616,6.28018569946,15.4059858322,38.5587310791,38.5220451355,35.5805358887,244.721359253,294.954498291,798.638061523,3931.37988281,12176.4541016,6059.24560547,1219.28771973,7799.42480469,5528.46777344,19679.6816406,27702.3730469,4433.32470703,13159.1835938,10633.0976563,3663.91040039,293.198699951,248.211868286,84.6451034546,74.5170593262,13.8421020508,4.9671254158,7.9707159996,11.0359163284,3.95368885994,1.74670743942,0.180386021733,0.0231020227075,0.00368138100021,0.000107169049443,0.0000024323269372,6.26596161624e-8,1.54169149669e-10],"max":[0.0744923427701,1.57159459591,10.7317371368,28.5533180237,40.6467208862,64.5836257935,74.8550415039,98.232963562,249.886047363,261.659820557,501.67010498,1241.00964355,2819.48046875,3016.35375977,1394.04528809,2522.68188477,2310.6081543,3030.73168945,5217.72216797,1336.40893555,2802.15649414,1865.18652344,1861.90002441,422.709350586,301.474609375,119.576202393,169.266921997,46.6338424683,37.7211151123,35.0966682434,38.1554603577,20.7080440521,16.3606491089,4.55350351334,2.32510280609,0.992062926292,0.102741338313,0.0208206437528,0.00324297789484,0.000157045476953],"mean":[0.0116031412035,0.344318717718,1.6232521534,2.57140541077,3.31304359436,3.61467337608,3.49636483192,2.83787536621,6.64640808105,7.13955259323,11.664024353,22.3258361816,40.5767745972,28.8540077209,14.673330307,27.3037471771,31.0283927917,43.8187828064,55.3210372925,41.2897834778,66.6922149658,59.9740982056,34.6494674683,10.7787446976,11.4539766312,7.0500497818,5.58434343338,2.5885181427,1.26010107994,1.50293278694,1.4615650177,1.02253055573,0.610690951347,0.272528767586,0.0953629985452,0.0336216241121,0.00709720142186,0.00095032795798,0.000180451082997,0.0000277213002846],"median":[0.00978606380522,0.303593069315,1.3782479763,1.81512236595,2.70618438721,2.2716383934,1.69663333893,0.973968982697,1.84851932526,2.34177446365,3.28039646149,4.25547122955,7.0823135376,5.03197383881,3.97640824318,5.28408432007,9.06726360321,7.24938297272,9.85508728027,13.1720056534,18.1563186646,19.2649536133,10.9598245621,4.5098772049,5.21589040756,2.88839268684,1.77779841423,1.05163693428,0.486170113087,0.604964733124,0.539734840393,0.411689400673,0.271373569965,0.13517947495,0.047943264246,0.0166971385479,0.00362903671339,0.00053130480228,0.000116184397484,0.0000221589107241],"min":[9.74541091826e-23,5.53505352243e-22,2.02448900631e-21,6.61284653554e-21,2.41167981102e-20,2.52423081962e-20,4.93797680502e-20,5.03814966967e-20,1.9885070374e-19,1.15094828084e-19,1.90138501487e-19,5.23038502231e-19,8.08847498444e-19,3.35454205229e-19,1.22354570975e-18,1.19706207488e-18,8.74111118197e-19,1.99445219126e-18,2.6737279472e-18,3.919748361e-18,3.0318349071e-18,3.52000257663e-18,5.57914504808e-18,7.5396966895e-18,9.25336428298e-18,9.20884790396e-18,1.11927041184e-17,1.07232509966e-17,1.17385812841e-17,1.01364565147e-17,1.21451587531e-17,1.05163135684e-17,8.84573298584e-18,8.61325552904e-18,6.58022135927e-18,4.25057345672e-18,2.40943671046e-18,1.02161706695e-18,2.78721299134e-19,2.95148963928e-20],"var":[0.0000816129322629,0.0587369017303,1.40077722073,5.15110397339,8.11011791229,22.8831882477,25.8052845001,24.4100837708,179.438751221,209.7915802,749.617919922,3928.05688477,22836.671875,10772.3203125,2571.81323242,13166.1162109,8364.07714844,26791.3515625,52661.3398438,6816.89306641,29266.6660156,12900.6318359,4600.08935547,402.398681641,285.163269043,102.715354919,95.2773513794,13.579665184,4.29334449768,6.28818416595,6.04721212387,2.69371700287,0.887286007404,0.134137511253,0.0165222045034,0.00222015986219,0.0000887916976353,0.00000153646521994,4.24943422672e-8,3.85633663891e-10]},"erbbands_crest":{"dmean":2.61655187607,"dmean2":4.02872180939,"dvar":7.25530815125,"dvar2":16.1950874329,"max":34.6475639343,"mean":10.589017868,"median":9.51511001587,"min":2.0455031395,"var":26.2989444733},"erbbands_flatness_db":{"dmean":0.0171542074531,"dmean2":0.0237461328506,"dvar":0.000383967737434,"dvar2":0.000633985502645,"max":0.386785507202,"mean":0.168680921197,"median":0.162709310651,"min":0.0225647334009,"var":0.00301085039973},"erbbands_kurtosis":{"dmean":1.35132241249,"dmean2":2.00798225403,"dvar":7.51515197754,"dvar2":13.5622673035,"max":141.327819824,"mean":1.82139313221,"median":0.492470443249,"min":-1.81186246872,"var":27.1078414917},"erbbands_skewness":{"dmean":0.372894585133,"dmean2":0.541928291321,"dvar":0.165160357952,"dvar2":0.339085400105,"max":3.28970217705,"mean":-0.29102742672,"median":-0.216843724251,"min":-9.41098880768,"var":1.03238809109},"erbbands_spread":{"dmean":7.10835886002,"dmean2":10.3598537445,"dvar":85.8734817505,"dvar2":165.332565308,"max":144.553329468,"mean":32.9542427063,"median":27.2639884949,"min":1.0734525919,"var":474.2684021},"gfcc":{"cov":[[15573.5546875,738.780090332,-2693.38989258,327.020233154,-445.366149902,83.1399612427,-547.070495605,169.041793823,-187.736206055,-84.8613052368,-229.163024902,-53.7294769287,3.17625427246],[738.780090332,618.56628418,-105.536026001,-100.262130737,54.5267868042,-2.52989912033,88.3937683105,-0.0356960147619,24.654750824,-41.6661109924,3.04817605019,-53.8993682861,-3.23017096519],[-2693.38989258,-105.536026001,1399.64794922,83.8117446899,-141.349777222,174.480239868,-29.7662506104,16.2843894958,-34.2749481201,16.0413360596,52.3392562866,-10.1886787415,-111.904129028],[327.020233154,-100.262130737,83.8117446899,417.140533447,100.408683777,-41.450012207,-52.7483177185,-16.8011760712,-14.2233057022,-8.94014358521,-23.2935829163,-4.48717594147,1.97694528103],[-445.366149902,54.5267868042,-141.349777222,100.408683777,352.963562012,-7.51873111725,30.6475963593,-1.07267570496,23.2367839813,-26.9921741486,-21.616607666,1.98050832748,42.9616203308],[83.1399612427,-2.52989912033,174.480239868,-41.450012207,-7.51873111725,178.966674805,17.5429611206,16.3639297485,-35.6429672241,-4.13249158859,7.08257007599,-7.62730121613,-28.7656574249],[-547.070495605,88.3937683105,-29.7662506104,-52.7483177185,30.6475963593,17.5429611206,213.85559082,10.6598415375,-13.2090063095,-15.2979164124,5.68841266632,-24.0793952942,3.12710237503],[169.041793823,-0.0356960147619,16.2843894958,-16.8011760712,-1.07267570496,16.3639297485,10.6598415375,120.439109802,21.2557106018,-27.9274845123,-23.4105758667,-8.51197147369,-9.46669197083],[-187.736206055,24.654750824,-34.2749481201,-14.2233057022,23.2367839813,-35.6429672241,-13.2090063095,21.2557106018,104.066513062,26.5943202972,-14.699215889,-7.34993505478,5.6554236412],[-84.8613052368,-41.6661109924,16.0413360596,-8.94014358521,-26.9921741486,-4.13249158859,-15.2979164124,-27.9274845123,26.5943202972,94.3194656372,31.97382164,-12.4273109436,-15.004529953],[-229.163024902,3.04817605019,52.3392562866,-23.2935829163,-21.616607666,7.08257007599,5.68841266632,-23.4105758667,-14.699215889,31.97382164,79.61693573,24.9239082336,-20.0669212341],[-53.7294769287,-53.8993682861,-10.1886787415,-4.48717594147,1.98050832748,-7.62730121613,-24.0793952942,-8.51197147369,-7.34993505478,-12.4273109436,24.9239082336,79.3554458618,26.8269119263],[3.17625427246,-3.23017096519,-111.904129028,1.97694528103,42.9616203308,-28.7656574249,3.12710237503,-9.46669197083,5.6554236412,-15.004529953,-20.0669212341,26.8269119263,77.1310043335]],"icov":[[0.000726889760699,-0.00160413747653,0.00199746456929,-0.00170797354076,0.00194789841771,-0.00225003273226,0.00215807114728,-0.00170686445199,0.00207210658118,-0.00155460392125,0.0021512133535,-0.00136468897108,0.00120352546219],[-0.00160413747653,0.00574904633686,-0.00429551070556,0.00423413561657,-0.00452136527747,0.0048894667998,-0.0051140403375,0.0043876580894,-0.00580804096535,0.00574792083353,-0.00664523011073,0.00548480497673,-0.00303854118101],[0.00199746456929,-0.00429551070556,0.00646503409371,-0.00508604291826,0.00573635380715,-0.00713089341298,0.00595155684277,-0.00463742064312,0.0052951280959,-0.00389481708407,0.00532540958375,-0.00372723862529,0.00411880901083],[-0.00170797354076,0.00423413561657,-0.00508604291826,0.0072231804952,-0.00583409611136,0.00655531324446,-0.00438554724678,0.0043447627686,-0.00379656045698,0.0036496783141,-0.00407277140766,0.00364568899386,-0.00225032796152],[0.00194789841771,-0.00452136527747,0.00573635380715,-0.00583409611136,0.00899927783757,-0.0070501784794,0.00522126816213,-0.0042710932903,0.003946531564,-0.00295364228077,0.00504102837294,-0.00327946036123,0.00141285359859],[-0.00225003273226,0.0048894667998,-0.00713089341298,0.00655531324446,-0.0070501784794,0.0147480620071,-0.00692280381918,0.00404555909336,-0.00300636305474,0.00345882563852,-0.00510946428403,0.00362514378503,-0.00170886621345],[0.00215807114728,-0.0051140403375,0.00595155684277,-0.00438554724678,0.00522126816213,-0.00692280381918,0.0120469573885,-0.00563639309257,0.00691666128114,-0.00351471989416,0.00434456532821,-0.00124034227338,0.00214466243051],[-0.00170686445199,0.0043876580894,-0.00463742064312,0.0043447627686,-0.0042710932903,0.00404555909336,-0.00563639309257,0.0147492773831,-0.00875016488135,0.00813484191895,-0.00377150205895,0.00373133551329,-0.000713852175977],[0.00207210658118,-0.00580804096535,0.0052951280959,-0.00379656045698,0.003946531564,-0.00300636305474,0.00691666128114,-0.00875016488135,0.0208898298442,-0.0125148165971,0.0117983324453,-0.00642599025741,0.00411562202498],[-0.00155460392125,0.00574792083353,-0.00389481708407,0.0036496783141,-0.00295364228077,0.00345882563852,-0.00351471989416,0.00813484191895,-0.0125148165971,0.0237906873226,-0.0161267314106,0.0117928264663,-0.00411509582773],[0.0021512133535,-0.00664523011073,0.00532540958375,-0.00407277140766,0.00504102837294,-0.00510946428403,0.00434456532821,-0.00377150205895,0.0117983324453,-0.0161267314106,0.0323247238994,-0.0182404834777,0.012863134034],[-0.00136468897108,0.00548480497673,-0.00372723862529,0.00364568899386,-0.00327946036123,0.00362514378503,-0.00124034227338,0.00373133551329,-0.00642599025741,0.0117928264663,-0.0182404834777,0.0269161388278,-0.012870262377],[0.00120352546219,-0.00303854118101,0.00411880901083,-0.00225032796152,0.00141285359859,-0.00170886621345,0.00214466243051,-0.000713852175977,0.00411562202498,-0.00411509582773,0.012863134034,-0.012870262377,0.0239433608949]],"mean":[-39.0782775879,85.7787017822,-123.229927063,34.6365356445,-40.2766151428,16.5592803955,-39.2972602844,9.85902404785,-21.295091629,-9.30772972107,-19.531709671,-9.52790641785,-12.35044384]},"hfc":{"dmean":5.08513021469,"dmean2":6.4651427269,"dvar":60.3557624817,"dvar2":96.2552490234,"max":187.872421265,"mean":17.5988521576,"median":10.8746204376,"min":1.0802367348e-16,"var":387.467529297},"melbands":{"dmean":[0.0000563415160286,0.000194718217244,0.000154153080075,0.000112612731755,0.0000774511790951,0.0000399798191211,0.0000625690445304,0.000051491366321,0.000065663625719,0.0000817842155811,0.0000922413455555,0.0000645127438474,0.0000249778859143,0.0000353952746082,0.0000429203355452,0.0000335632357746,0.0000493062652822,0.0000507555196236,0.0000301224281429,0.0000323955828208,0.0000385148669011,0.000029839173294,0.0000363682192983,0.00000935182561079,0.00000429125793744,0.0000043908353291,0.0000038504490476,0.00000227942337006,0.00000208017149816,0.00000148603032812,6.87904957886e-7,4.06084780025e-7,4.14162997231e-7,5.55868268748e-7,5.84671226989e-7,4.68361719186e-7,3.4764150314e-7,2.84553635765e-7,1.55679103386e-7,1.08771843088e-7],"dmean2":[0.0000910261587705,0.000320971390465,0.000259180553257,0.000188066158444,0.000127229490317,0.0000635597971268,0.000101043333416,0.0000767491801525,0.0000947678563534,0.000111778761493,0.000124172351207,0.0000846610055305,0.0000336328412232,0.0000484976299049,0.0000587391805311,0.0000490044003527,0.0000689474763931,0.0000700421005604,0.0000435916772403,0.0000477877729281,0.0000568817340536,0.0000449770814157,0.0000553020254301,0.0000137905499287,0.00000626394557912,0.00000662877346258,0.00000578352546654,0.00000344058275914,0.00000314791031997,0.00000227518944484,9.94997321868e-7,5.96763186422e-7,6.14187229075e-7,8.20608590857e-7,9.07366938918e-7,7.51048901293e-7,5.34603088909e-7,4.53548693713e-7,2.41802439405e-7,1.73754699517e-7],"dvar":[7.43260208935e-9,8.9737831388e-8,6.74705944448e-8,3.83589089381e-8,2.4788617381e-8,7.28558946506e-9,2.15275193227e-8,1.70568092983e-8,3.59643088643e-8,8.25519848036e-8,1.84084214538e-7,7.79103856985e-8,9.55241930001e-9,3.03770057997e-8,2.53798138061e-8,1.24338521701e-8,5.34754640569e-8,5.05822868035e-8,9.12475162096e-9,6.13152684181e-9,1.15244915833e-8,5.34447597289e-9,7.53482254368e-9,8.6327961446e-10,1.02504359167e-10,6.46624559453e-11,4.99866016634e-11,1.90745422929e-11,2.10733323153e-11,8.59110699247e-12,1.66919386299e-12,7.85448312293e-13,8.96091523466e-13,1.44320915895e-12,1.62615493987e-12,1.19413214126e-12,5.13976936099e-13,4.65936263096e-13,1.11059280533e-13,4.53143754887e-14],"dvar2":[1.81915638109e-8,2.44355533141e-7,1.81930985832e-7,1.03855072098e-7,6.63000889745e-8,1.78949548513e-8,5.15282074787e-8,3.60341800842e-8,7.47901225395e-8,1.75116142032e-7,3.09149726263e-7,1.30044426783e-7,1.40732980825e-8,6.30217300568e-8,4.63215137358e-8,2.52761633845e-8,1.05373366921e-7,8.57237125729e-8,1.63740150327e-8,1.27149215601e-8,2.2284275758e-8,1.1014805068e-8,1.73082153054e-8,1.79946779699e-9,2.13325343501e-10,1.48555764912e-10,1.11747000542e-10,4.47699863293e-11,4.32451331689e-11,2.01800659516e-11,3.4983953668e-12,1.73626607883e-12,2.00533513406e-12,3.23862985041e-12,4.06692127891e-12,3.20258446498e-12,1.24600026477e-12,1.24040198685e-12,2.89857574791e-13,1.18506441639e-13],"max":[0.00114940444473,0.00409983098507,0.00483343424276,0.00315976003185,0.00320379948243,0.00238203606568,0.00381476874463,0.00320725305937,0.00447821104899,0.00878074485809,0.0144824702293,0.0125875007361,0.0056239576079,0.0067398454994,0.00581514649093,0.0041050449945,0.00693525047973,0.0106370737776,0.00526981428266,0.00162031687796,0.00389078934677,0.00176682614256,0.00198932923377,0.00120069284458,0.000367455941159,0.000235460465774,0.00016014148423,0.0000966301377048,0.000180793722393,0.0000616913530394,0.0000235994575633,0.0000218242075789,0.0000217456836253,0.0000191828112293,0.0000251730016316,0.0000141310983963,0.0000124592561406,0.000016376206986,0.00000682790368955,0.00000348854382537],"mean":[0.000212592247408,0.000736601941753,0.000473103194963,0.000248931639362,0.00013633495837,0.000066646905907,0.000099051372672,0.0000786081654951,0.000110149907414,0.000140832882607,0.000202196286409,0.000120286880701,0.0000440760304627,0.0000611222785665,0.0000766379162087,0.0000525389077666,0.0000875451296452,0.0000872640011949,0.0000571810887777,0.0000631034417893,0.000079390774772,0.0000553922436666,0.0000654515897622,0.0000157017875608,0.00000722969843991,0.00000790147896623,0.00000720993921277,0.00000406630670113,0.00000370063480659,0.00000253067446465,0.00000115094428565,6.83034272697e-7,6.88238856128e-7,8.8779285079e-7,8.88368219876e-7,6.94445475347e-7,5.92421315559e-7,4.60879192588e-7,2.92230822652e-7,2.12440014025e-7],"median":[0.000181164039532,0.000678880605847,0.000390086497646,0.000199400266865,0.0000690955566824,0.0000223965544137,0.0000274831800198,0.0000248103369813,0.000026162906579,0.0000235380794038,0.0000334532305715,0.0000167134567164,0.00000937083495955,0.00000994846595859,0.000018467550035,0.0000143213728734,0.0000090950379672,0.0000127057401187,0.0000129301024572,0.0000161427778949,0.0000182482090167,0.0000162517862918,0.0000144400519275,0.00000363527533409,0.00000258076261161,0.0000034672621041,0.00000299101043311,0.00000146392824263,0.00000104090281638,8.06191792435e-7,4.53747361462e-7,2.46018089456e-7,2.61700307647e-7,3.39369478297e-7,3.24526411077e-7,2.44184150233e-7,2.39563803461e-7,2.00650006832e-7,1.36039275844e-7,1.04632427167e-7],"min":[1.48224538344e-24,1.08704303043e-24,1.8540177787e-24,1.76219042503e-24,1.52304635414e-24,8.8473580559e-25,2.92056462509e-24,1.17079008185e-24,2.22244303714e-24,3.38366265849e-24,3.80737720562e-24,1.14295334987e-24,2.8591011193e-24,2.60998574797e-24,2.22127276198e-24,2.41641150917e-24,2.83713706234e-24,4.17631561808e-24,4.15575356415e-24,3.0565092221e-24,2.98283868545e-24,3.35858792575e-24,4.71829145896e-24,4.88231339052e-24,5.58031369111e-24,5.96267023314e-24,5.51802286745e-24,5.80885655612e-24,5.65721224658e-24,6.57017162182e-24,4.59257503523e-24,5.17473978935e-24,5.74490084152e-24,5.02556658661e-24,6.32702378601e-24,5.78206683977e-24,6.30895689913e-24,5.43547330689e-24,6.59868815468e-24,6.28280576569e-24],"var":[2.5082007582e-8,2.00537613182e-7,1.20266790304e-7,5.54171855072e-8,4.19875050284e-8,1.33217366027e-8,3.95227601757e-8,2.57043453189e-8,6.9168322625e-8,1.62847229035e-7,5.76429499688e-7,2.11730096566e-7,3.36850902727e-8,6.80383749341e-8,7.49699822222e-8,2.36533690412e-8,1.33704446625e-7,1.42684129401e-7,3.13340571267e-8,1.7934837615e-8,4.77307970925e-8,1.35527038481e-8,1.77747452312e-8,2.13025552753e-9,2.31576244292e-10,1.41587200297e-10,1.33971028715e-10,4.19040149802e-11,5.18948391204e-11,1.85337700048e-11,3.16112262234e-12,1.36748067297e-12,1.47011081694e-12,2.34714461408e-12,2.26656215498e-12,1.50070028019e-12,8.95027379034e-13,5.58077076305e-13,1.78805402559e-13,8.3478878107e-14]},"melbands_crest":{"dmean":2.40738272667,"dmean2":3.77548527718,"dvar":6.79963064194,"dvar2":16.2374229431,"max":32.3123931885,"mean":13.2893791199,"median":12.4737758636,"min":1.67848432064,"var":28.5787620544},"melbands_flatness_db":{"dmean":0.0211903136224,"dmean2":0.0290726423264,"dvar":0.000613017415162,"dvar2":0.00111110822763,"max":0.445377767086,"mean":0.189714163542,"median":0.185005396605,"min":0.00314083416015,"var":0.00375479878858},"melbands_kurtosis":{"dmean":5.8316655159,"dmean2":8.31929779053,"dvar":178.618011475,"dvar2":317.581481934,"max":332.438537598,"mean":12.7376489639,"median":2.15838813782,"min":-1.90298950672,"var":777.515625},"melbands_skewness":{"dmean":0.635733067989,"dmean2":0.884991645813,"dvar":0.700914680958,"dvar2":1.21859145164,"max":14.0986871719,"mean":2.15846347809,"median":1.49486351013,"min":-4.25924777985,"var":4.72987127304},"melbands_spread":{"dmean":7.41736793518,"dmean2":11.0731773376,"dvar":83.4135055542,"dvar2":182.808242798,"max":162.829818726,"mean":34.8656425476,"median":30.2407989502,"min":0.861841022968,"var":567.187011719},"mfcc":{"cov":[[7279.66015625,243.121780396,-1376.13122559,17.2402381897,-93.1205978394,-182.440582275,-245.162567139,-58.2411117554,63.5791282654,-39.3481636047,-177.98600769,78.905456543,-39.1781158447],[243.121780396,777.290100098,-33.141582489,-97.3229980469,4.62507247925,0.861878395081,52.8881607056,56.3802528381,32.8667449951,39.7017440796,28.2464923859,-5.21431970596,-2.19482016563],[-1376.13122559,-33.141582489,1180.38269043,-38.7217483521,43.1599121094,42.3201141357,62.41796875,28.5867195129,-126.881942749,62.2197227478,84.5924453735,-48.8177452087,5.14604139328],[17.2402381897,-97.3229980469,-38.7217483521,389.795013428,97.2915496826,40.1381530762,6.46947813034,-13.2125864029,40.9857940674,-19.4962615967,-24.9558506012,16.7306575775,-4.9051527977],[-93.1205978394,4.62507247925,43.1599121094,97.2915496826,284.212127686,44.2795639038,-12.2192611694,18.9597110748,32.1490325928,-15.2246675491,-28.6383018494,25.2364749908,13.5001649857],[-182.440582275,0.861878395081,42.3201141357,40.1381530762,44.2795639038,140.977722168,52.450553894,-10.5881738663,-5.66345310211,-3.71591043472,10.081946373,-8.4087638855,-2.36408090591],[-245.162567139,52.8881607056,62.41796875,6.46947813034,-12.2192611694,52.450553894,174.126831055,54.8527641296,-9.56797122955,9.52964496613,9.46599388123,-2.03464531898,-3.08076143265],[-58.2411117554,56.3802528381,28.5867195129,-13.2125864029,18.9597110748,-10.5881738663,54.8527641296,121.652664185,37.7891082764,-8.74365520477,-7.11208057404,-0.753973066807,0.201221585274],[63.5791282654,32.8667449951,-126.881942749,40.9857940674,32.1490325928,-5.66345310211,-9.56797122955,37.7891082764,130.420761108,21.7375049591,-25.5590343475,7.27300453186,-9.20735931396],[-39.3481636047,39.7017440796,62.2197227478,-19.4962615967,-15.2246675491,-3.71591043472,9.52964496613,-8.74365520477,21.7375049591,100.791870117,40.4707794189,-24.8497447968,-14.4995508194],[-177.98600769,28.2464923859,84.5924453735,-24.9558506012,-28.6383018494,10.081946373,9.46599388123,-7.11208057404,-25.5590343475,40.4707794189,94.0095214844,15.1271858215,-5.269718647],[78.905456543,-5.21431970596,-48.8177452087,16.7306575775,25.2364749908,-8.4087638855,-2.03464531898,-0.753973066807,7.27300453186,-24.8497447968,15.1271858215,101.822891235,35.1313591003],[-39.1781158447,-2.19482016563,5.14604139328,-4.9051527977,13.5001649857,-2.36408090591,-3.08076143265,0.201221585274,-9.20735931396,-14.4995508194,-5.269718647,35.1313591003,73.8181762695]],"icov":[[0.000210344223888,-0.0000878667560755,0.000244450086029,-0.0000591558818996,0.0000862635206431,-0.0000127194361994,0.000347874185536,-0.000249346892815,0.000489002384711,-0.000484107993543,0.000583522894885,-0.000395217881305,0.000282718770904],[-0.0000878667560755,0.00147883046884,0.0000147305063365,0.000410769833252,-0.000243819245952,0.0000397411531594,-0.000504293595441,-0.000316187884891,-0.000481022434542,-0.000127584993606,-0.000708542065695,0.000326590205077,-0.000241787085542],[0.000244450086029,0.0000147305063365,0.00143485039007,-0.0000928666122491,-0.000281126674963,-0.000193786108866,0.000397110241465,-0.00110024563037,0.00197498640046,-0.00145131174941,0.000111409084639,0.0000432496926805,0.0000373992115783],[-0.0000591558818996,0.000410769833252,-0.0000928666122491,0.00318335369229,-0.000972548208665,-0.000312776537612,-0.000736843328923,0.00112087803427,-0.00148237729445,0.000927801185753,-0.000185931348824,-0.0000494538726343,0.000340467988281],[0.0000862635206431,-0.000243819245952,-0.000281126674963,-0.000972548208665,0.00478331604972,-0.00209543015808,0.00170128932223,-0.00156538269948,0.000130351400003,-0.00103503861465,0.00243842159398,-0.0020446756389,0.0000870009243954],[-0.0000127194361994,0.0000397411531594,-0.000193786108866,-0.000312776537612,-0.00209543015808,0.0102812126279,-0.00452306261286,0.00394747732207,-0.00206639082171,0.00333977700211,-0.00346244056709,0.00302704586647,-0.000789421610534],[0.000347874185536,-0.000504293595441,0.000397110241465,-0.000736843328923,0.00170128932223,-0.00452306261286,0.0100273462012,-0.00636471016333,0.0041229208,-0.0041613234207,0.00322371046059,-0.0028892357368,0.00137487915345],[-0.000249346892815,-0.000316187884891,-0.00110024563037,0.00112087803427,-0.00156538269948,0.00394747732207,-0.00636471016333,0.014657584019,-0.00741619011387,0.00634917011485,-0.00358751881868,0.00324229733087,-0.00136051001027],[0.000489002384711,-0.000481022434542,0.00197498640046,-0.00148237729445,0.000130351400003,-0.00206639082171,0.0041229208,-0.00741619011387,0.0158216841519,-0.00943990517408,0.00753764016554,-0.005034155678,0.00316448439844],[-0.000484107993543,-0.000127584993606,-0.00145131174941,0.000927801185753,-0.00103503861465,0.00333977700211,-0.0041613234207,0.00634917011485,-0.00943990517408,0.0202441997826,-0.0117758503184,0.00801947060972,-0.00185091258027],[0.000583522894885,-0.000708542065695,0.000111409084639,-0.000185931348824,0.00243842159398,-0.00346244056709,0.00322371046059,-0.00358751881868,0.00753764016554,-0.0117758503184,0.0211964473128,-0.00935271382332,0.0044474103488],[-0.000395217881305,0.000326590205077,0.0000432496926805,-0.0000494538726343,-0.0020446756389,0.00302704586647,-0.0028892357368,0.00324229733087,-0.005034155678,0.00801947060972,-0.00935271382332,0.017299592495,-0.00781843997538],[0.000282718770904,-0.000241787085542,0.0000373992115783,0.000340467988281,0.0000870009243954,-0.000789421610534,0.00137487915345,-0.00136051001027,0.00316448439844,-0.00185091258027,0.0044474103488,-0.00781843997538,0.0177991408855]],"mean":[-675.653320313,114.419044495,-11.5830917358,22.5953178406,19.6642780304,5.46481990814,1.68961513042,9.13596057892,3.20837974548,5.91815853119,-6.46111679077,0.163930729032,-5.10367679596]},"pitch_salience":{"dmean":0.0587470419705,"dmean2":0.0923096239567,"dvar":0.00320171681233,"dvar2":0.00747735146433,"max":0.987649083138,"mean":0.53360915184,"median":0.533111810684,"min":0.134488597512,"var":0.0121119385585},"silence_rate_20dB":{"dmean":0,"dmean2":0,"dvar":0,"dvar2":0,"max":1,"mean":1,"median":1,"min":1,"var":0},"silence_rate_30dB":{"dmean":0.000763067509979,"dmean2":0.00152632920071,"dvar":0.000762397074141,"dvar2":0.00228681089357,"max":1,"mean":0.999618530273,"median":1,"min":0,"var":0.000381369201932},"silence_rate_60dB":{"dmean":0.0178049094975,"dmean2":0.035614348948,"dvar":0.017489798367,"dvar2":0.043250836432,"max":1,"mean":0.0487029515207,"median":0,"min":0,"var":0.0463309772313},"spectral_centroid":{"dmean":213.456130981,"dmean2":318.095611572,"dvar":83282.0703125,"dvar2":173602.09375,"max":11708.0019531,"mean":1599.52209473,"median":1582.02844238,"min":168.741256714,"var":1008427.6875},"spectral_complexity":{"dmean":3.33104419708,"dmean2":4.60875082016,"dvar":18.2777328491,"dvar2":29.422416687,"max":51,"mean":14.665564537,"median":14,"min":0,"var":77.3888320923},"spectral_contrast_coeffs":{"dmean":[0.040057092905,0.0430074036121,0.0403897166252,0.0359182544053,0.0253099557012,0.0165292713791],"dmean2":[0.0671479031444,0.0696755424142,0.0597552843392,0.0530512556434,0.038567956537,0.0256825964898],"dvar":[0.00131687906105,0.00133158965036,0.00133569422178,0.00108681630809,0.000550922064576,0.000290044379653],"dvar2":[0.00359465833753,0.00317815947346,0.0026145002339,0.00205981428735,0.00107934698462,0.000645118241664],"max":[-0.312105536461,-0.414908796549,-0.385496884584,-0.475977748632,-0.543367445469,-0.619083046913],"mean":[-0.629787921906,-0.746673762798,-0.736203074455,-0.732661724091,-0.756359875202,-0.791117012501],"median":[-0.63216817379,-0.754751563072,-0.745755016804,-0.739434301853,-0.758845865726,-0.792739868164],"min":[-0.977706849575,-0.989402532578,-0.98081445694,-0.969649970531,-0.969170629978,-0.96328240633],"var":[0.00497531890869,0.00563214672729,0.00827423855662,0.00747182779014,0.004419981502,0.00208397512324]},"spectral_contrast_valleys":{"dmean":[0.357824265957,0.380836069584,0.371771365404,0.367654293776,0.294009804726,0.256057173014],"dmean2":[0.604008972645,0.579629957676,0.551049947739,0.512321949005,0.394714802504,0.353456050158],"dvar":[0.120832443237,0.144289106131,0.132966175675,0.133869796991,0.123724251986,0.139447823167],"dvar2":[0.290302544832,0.263617634773,0.241758346558,0.222003251314,0.184864670038,0.240239098668],"max":[-6.29749298096,-4.9701294899,-5.63223409653,-5.47653388977,-5.91844987869,-8.49059295654],"mean":[-7.88391590118,-7.60146903992,-8.08013057709,-8.24264431,-8.09301662445,-10.5097532272],"median":[-7.57192897797,-7.48043060303,-7.91667079926,-8.08598518372,-7.91775941849,-10.3872184753],"min":[-28.0652179718,-27.9282588959,-27.7628040314,-27.5899600983,-27.5041427612,-27.3431434631],"var":[3.34720396996,3.56040048599,3.42924523354,3.52501130104,3.52462744713,2.66456842422]},"spectral_decrease":{"dmean":8.19940504382e-10,"dmean2":1.09583930819e-9,"dvar":1.48242522074e-18,"dvar2":2.31310449709e-18,"max":1.97364726617e-28,"mean":-3.53230111827e-9,"median":-2.79212719612e-9,"min":-2.77627467682e-8,"var":8.54196827667e-18},"spectral_energy":{"dmean":0.00349645642564,"dmean2":0.00462653115392,"dvar":0.0000270040109172,"dvar2":0.0000414559217461,"max":0.115338101983,"mean":0.0149280019104,"median":0.0115761421621,"min":9.77428923535e-21,"var":0.000160624462296},"spectral_energyband_high":{"dmean":0.00014358109911,"dmean2":0.000201812741579,"dvar":5.66058417917e-8,"dvar2":1.11302277617e-7,"max":0.00407190667465,"mean":0.000321725296089,"median":0.000162554584676,"min":6.68535085494e-21,"var":1.55071035124e-7},"spectral_energyband_low":{"dmean":0.000756663968787,"dmean2":0.00124568317551,"dvar":0.00000127130829242,"dvar2":0.00000349516767528,"max":0.0143669927493,"mean":0.00315587036312,"median":0.0031436283607,"min":2.55992147948e-23,"var":0.00000236227538153},"spectral_energyband_middle_high":{"dmean":0.00236078933813,"dmean2":0.00303448154591,"dvar":0.0000201645580091,"dvar2":0.0000292269905913,"max":0.113093413413,"mean":0.00736799277365,"median":0.00366722885519,"min":1.22624891095e-21,"var":0.000114104499517},"spectral_energyband_middle_low":{"dmean":0.00167450914159,"dmean2":0.00243222643621,"dvar":0.00000901496605366,"dvar2":0.0000182484873221,"max":0.0729542076588,"mean":0.00489808339626,"median":0.0034490833059,"min":1.91028272267e-22,"var":0.0000279913838312},"spectral_entropy":{"dmean":0.168174386024,"dmean2":0.231741413474,"dvar":0.0332960635424,"dvar2":0.0586125031114,"max":9.81845664978,"mean":7.42320585251,"median":7.41214513779,"min":5.66770982742,"var":0.209141507745},"spectral_flux":{"dmean":0.0174019485712,"dmean2":0.0250031184405,"dvar":0.000371487025404,"dvar2":0.000730033847503,"max":0.37841707468,"mean":0.0547892078757,"median":0.0468636825681,"min":6.3930888361e-11,"var":0.00147921754979},"spectral_kurtosis":{"dmean":1.58919727802,"dmean2":2.61934351921,"dvar":3.29329133034,"dvar2":8.60009098053,"max":31.9330978394,"mean":5.25701856613,"median":4.81057453156,"min":-1.25601565838,"var":9.01765060425},"spectral_rms":{"dmean":0.000427878316259,"dmean2":0.000565853610169,"dvar":2.74366243502e-7,"dvar2":4.29548521197e-7,"max":0.010607779026,"mean":0.0035346953664,"median":0.00336062442511,"min":3.08802397715e-12,"var":0.00000206983099815},"spectral_rolloff":{"dmean":358.013763428,"dmean2":593.803222656,"dvar":512673.71875,"dvar2":1238403.875,"max":19336.8164063,"mean":1862.8626709,"median":1830.32226563,"min":107.666015625,"var":3640328.25},"spectral_skewness":{"dmean":0.198043853045,"dmean2":0.315298050642,"dvar":0.0412932485342,"dvar2":0.0982139632106,"max":3.67596364021,"mean":1.62682509422,"median":1.60923194885,"min":-0.0649479851127,"var":0.182089030743},"spectral_spread":{"dmean":495025.21875,"dmean2":749520.3125,"dvar":621826539520,"dvar2":1282633891840,"max":42514832,"mean":4559506,"median":4036591,"min":1463866.25,"var":11138208104400},"spectral_strongpeak":{"dmean":0.911006808281,"dmean2":1.46735370159,"dvar":2.623306036,"dvar2":5.61999940872,"max":21.1806106567,"mean":1.74981319904,"median":0.308600783348,"min":0,"var":7.59258937836},"zerocrossingrate":{"dmean":0.00791061576456,"dmean2":0.00936578307301,"dvar":0.0000921870450838,"dvar2":0.000148106468259,"max":0.537109375,"mean":0.0688863992691,"median":0.06494140625,"min":0.0048828125,"var":0.00227027432993}},"metadata":{"audio_properties":{"analysis_sample_rate":44100,"bit_rate":0,"codec":"flac","downmix":"mix","equal_loudness":0,"length":182.57333374,"lossless":true,"md5_encoded":"6951974373498e432dfa327fe3df54a5","replay_gain":-12.1907501221,"sample_rate":44100},"tags":{"acoustid_id":["87ce7ff4-f276-465e-a8e0-e4b6318f0f99"],"album":["The Perfect Blues Collection"],"albumartist":["Various Artists"],"albumartistsort":["Various Artists"],"artist":["Otis Spann with Fleetwood Mac"],"artistsort":["Spann, Otis with Fleetwood Mac"],"asin":["B004J3QACQ"],"barcode":["886978478320"],"catalognumber":["886978478320"],"compilation":["1"],"date":["2011"],"discnumber":["14"],"discsubtitle":["The Biggest Thing Since Colossus"],"file_name":"1410. Otis Spann with Fleetwood Mac ~ Someday Baby.flac","genre":["Blues"],"grouping":["Blues"],"label":["Sony Music UK"],"media":["CD"],"mood":["Unknown"],"musicbrainz_albumartistid":["89ad4ac3-39f7-470e-963a-56509c546377"],"musicbrainz_albumid":["6fd65c64-ecf8-47ce-8726-89260fea5b8f"],"musicbrainz_artistid":["ff609eb0-5425-4963-9e55-85d729f4648e","bd13909f-1c29-4c27-a874-d4aaf27c5b1a"],"musicbrainz_recordingid":["e722993b-2b8d-4859-908a-9d3d6df381d5"],"musicbrainz_releasegroupid":["030cf4e6-6a23-4b2e-b170-a61e05c38343"],"musicbrainz_releasetrackid":["051332e8-5d8f-3237-bc8b-9c30f739a6a7"],"originaldate":["2011-06-21"],"originalyear":["2011"],"releasecountry":["XE"],"releasestatus":["official"],"releasetype":["album","compilation"],"script":["Latn"],"title":["Someday Baby"],"tracknumber":["10"]},"version":{"essentia":"2.1-beta2","essentia_build_sha":"2d9f1f26377add8aeb1075a9c2973f962c4f09fd","essentia_git_sha":"v2.1_beta2-1-ge3940c0","extractor":"music 1.0"}},"rhythm":{"beats_count":347,"beats_loudness":{"dmean":0.0118299415335,"dmean2":0.021093390882,"dvar":0.000168266895344,"dvar2":0.00044983488624,"max":0.0847052186728,"mean":