{"lowlevel":{"average_loudness":0.751418888569,"barkbands":{"dmean":[0.00100615038536,0.0102626234293,0.00663741817698,0.0029985406436,0.00322756567039,0.00109597225673,0.000443031894974,0.000472560204798,0.000605177425314,0.000688144180458,0.00131988548674,0.000807353178971,0.000263187510427,0.000120807591884,0.0000861952430569,0.0000585440138821,0.0000403058402298,0.0000262052126345,0.0000129402324092,0.00000977718445938,0.00000631862803857,0.00000426193855674,0.00000304921468341,0.00000266986830866,0.0000027319167657,0.00000369808867617,0.00018394208746],"dmean2":[0.00175774225499,0.0176832862198,0.0116019975394,0.00501017505303,0.00515875173733,0.00175616110209,0.000703095865902,0.000780758389737,0.000959807599429,0.000984938931651,0.00203039753251,0.00122479908168,0.00040830243961,0.00019111475558,0.000136573420605,0.0000919776939554,0.0000635959731881,0.0000414406895288,0.0000210341622733,0.0000161330426636,0.0000102902986328,0.00000700645887264,0.00000507602226207,0.00000448203718406,0.00000456708494312,0.00000601891679253,0.000268096395303],"dvar":[0.00000559087357033,0.000355856813258,0.00011771247955,0.0000324499342241,0.0000337268429575,0.00000618130206931,7.56936458401e-7,0.00000128806766497,0.00000123298889321,0.00000227415057452,0.00000875740352058,0.00000411701830672,4.97068754157e-7,9.41907671859e-8,6.36439665413e-8,2.83219065977e-8,1.69916081205e-8,7.02461111501e-9,1.46265244361e-9,7.35829286391e-10,2.28844498906e-10,8.03492203327e-11,3.66047227252e-11,2.87264673854e-11,2.89758703143e-11,4.71221950349e-11,2.60947672359e-7],"dvar2":[0.0000146564871102,0.000975967152044,0.000360755744623,0.0000878958962858,0.0000840514912852,0.0000141037307912,0.00000179770506747,0.00000319268474414,0.00000308919425152,0.00000391254206988,0.0000197147619474,0.00000876905050973,0.00000105797141714,2.22245077452e-7,1.54354978577e-7,6.52334009033e-8,3.98726278661e-8,1.55701762594e-8,3.4826070916e-9,1.74423342436e-9,5.19460086057e-10,1.87877768898e-10,9.23903939465e-11,7.62830562606e-11,7.62710519742e-11,1.15804088541e-10,5.0596776191e-7],"max":[0.0447044856846,0.232563078403,0.143446460366,0.0934874415398,0.12368824333,0.0782005637884,0.0213338434696,0.0325743034482,0.0224069319665,0.0571484155953,0.0649660900235,0.0494516044855,0.0233124904335,0.0111739188433,0.0121833281592,0.00444461405277,0.00483540538698,0.00346704036929,0.0023984387517,0.000884913722984,0.000485939643113,0.000267191819148,0.000125340855448,0.0000862296001287,0.00008497111412,0.00014575359819,0.0221548117697],"mean":[0.000845293456223,0.0110887819901,0.00871084537357,0.00383832119405,0.00505989789963,0.00162715150509,0.000768653058913,0.000664699589834,0.00101998273749,0.00138103694189,0.00238766940311,0.00152071542107,0.000423453457188,0.000193781641428,0.000130710061057,0.0000878758801264,0.000056395008869,0.0000377567666874,0.0000168715832842,0.000011868763977,0.00000729575049263,0.000004866522886,0.00000325220275954,0.00000267324048764,0.00000272651072919,0.00000428128669228,0.000372840033378],"median":[0.000172368367203,0.00362344784662,0.00304170441814,0.0012867761543,0.00202180072665,0.00059714098461,0.000220800735406,0.000218508968828,0.000356876465958,0.000273333629593,0.000375254167011,0.000249054573942,0.0000847402625368,0.0000390325294575,0.0000233125247178,0.0000136779672175,0.00000875407749845,0.00000644657575322,0.00000387189083995,0.00000242960823016,0.00000198115230887,0.00000143450165524,0.00000103130082607,7.51554864564e-7,7.34356945031e-7,0.00000153342875819,0.0000689860171406],"min":[1.7464045541e-25,2.31981766069e-24,8.38501160973e-25,4.2602906503e-25,3.61003142284e-24,8.71649411755e-24,6.69964815105e-24,6.45619857595e-24,8.23745438855e-24,1.35636791375e-23,2.10993249995e-23,1.06177530288e-23,2.88841199566e-23,2.71222780108e-23,2.82040808355e-23,4.92448155578e-23,4.94469501207e-23,7.8503606579e-23,1.27853236508e-22,1.38453545455e-22,2.40939956124e-22,2.99861352909e-22,4.28152047498e-22,4.82425324368e-22,8.86139344546e-22,1.31821701634e-21,1.90544103522e-21],"var":[0.00000454227756563,0.00035990550532,0.000188047226402,0.0000457662463305,0.000064288637077,0.0000103820048025,0.00000265489438789,0.00000192304673874,0.00000261437048721,0.00000874637134984,0.0000261317618424,0.0000120855211208,0.00000102815818082,2.18514529138e-7,1.05473816348e-7,5.57773986998e-8,2.95935134176e-8,1.45490473002e-8,2.93851165623e-9,1.28909316555e-9,3.52638251933e-10,1.12288289777e-10,4.44149023116e-11,2.88563704182e-11,2.97835263396e-11,6.28957302906e-11,8.38116136492e-7]},"barkbands_crest":{"dmean":3.2670481205,"dmean2":5.47498178482,"dvar":8.21781730652,"dvar2":22.2496852875,"max":25.6390209198,"mean":11.2648010254,"median":10.5288295746,"min":3.49849677086,"var":17.7595806122},"barkbands_flatness_db":{"dmean":0.0407602898777,"dmean2":0.0670470148325,"dvar":0.00121452903841,"dvar2":0.00330920051783,"max":0.441488772631,"mean":0.208121940494,"median":0.20454698801,"min":0.0391156747937,"var":0.00327985803597},"barkbands_kurtosis":{"dmean":12.1409521103,"dmean2":20.3515148163,"dvar":546.247619629,"dvar2":1463.7220459,"max":476.944213867,"mean":18.4651737213,"median":9.38763999939,"min":-1.93053305149,"var":818.985778809},"barkbands_skewness":{"dmean":1.02556908131,"dmean2":1.67483079433,"dvar":1.28529596329,"dvar2":3.28714466095,"max":16.5826702118,"mean":2.81133985519,"median":2.46496629715,"min":-3.02674913406,"var":3.90088105202},"barkbands_spread":{"dmean":4.92449378967,"dmean2":7.88615894318,"dvar":52.211605072,"dvar2":117.873252869,"max":134.978424072,"mean":13.2931928635,"median":10.4934806824,"min":0.357698976994,"var":151.390914917},"dissonance":{"dmean":0.0307715963572,"dmean2":0.0523255541921,"dvar":0.000920046586543,"dvar2":0.00251564499922,"max":0.500000059605,"mean":0.44860625267,"median":0.456827282906,"min":0.176868468523,"var":0.00149090983905},"dynamic_complexity":5.63320684433,"erbbands":{"dmean":[0.23280762136,2.58490180969,8.43249034882,7.08453845978,11.940114975,9.49746417999,10.3592700958,8.32076358795,5.22161531448,7.97574138641,11.400135994,15.4467878342,11.227186203,32.315612793,48.9140167236,30.0589008331,13.2944040298,7.05914783478,4.31129837036,3.96372938156,3.13337421417,2.0889081955,1.54662036896,0.876192450523,0.579914033413,0.458502978086,0.295218646526,0.225738123059,0.157543003559,0.114333033562,0.0840040147305,0.059921272099,0.0427546985447,0.030015187338,0.0197750497609,0.0120137287304,0.00709716882557,0.00480388943106,0.00481073372066,0.0106636965647],"dmean2":[0.398268401623,4.52893161774,14.8784561157,11.7497444153,19.5433197021,15.2510633469,16.6255588531,13.4077558517,8.60729885101,12.3986196518,18.7601947784,24.2397384644,17.4868793488,46.4608039856,73.6592025757,46.0667304993,20.2537441254,10.8366956711,6.70188188553,6.26163959503,4.88281011581,3.24967074394,2.44076395035,1.39119803905,0.939359903336,0.755527198315,0.483309954405,0.363937944174,0.257598459721,0.189426034689,0.139689877629,0.100204691291,0.0718568786979,0.050292186439,0.0329686999321,0.0198944825679,0.0115234302357,0.00743815023452,0.00690218759701,0.0147260231897],"dvar":[0.323548316956,20.5673141479,192.416397095,153.997558594,492.881622314,319.092224121,380.661590576,597.809387207,96.320930481,275.170776367,758.25177002,904.035339355,432.351318359,4377.67675781,12120.2851562,6464.52294922,1214.37329102,321.662353516,134.326858521,118.41595459,89.5547561646,38.8587265015,25.8640346527,6.28548192978,3.43948101997,1.57077908516,0.610085129738,0.265313535929,0.108222059906,0.0504248775542,0.0284609962255,0.014325232245,0.00741501199082,0.00356485787779,0.001493085525,0.000527753902134,0.00017698686861,0.000119945318147,0.000201408111025,0.000429624808021],"dvar2":[0.846973657608,59.1876907349,609.81072998,410.960510254,1315.43395996,778.558898926,888.65625,1300.30712891,250.893478394,613.420471191,1869.63562012,2285.07958984,992.058654785,7820.88183594,26387.4335938,14566.1582031,2491.73486328,732.295776367,320.809875488,277.706237793,200.183761597,88.0924301147,58.1353225708,14.3621149063,7.87173223495,3.66621756554,1.41456019878,0.583083450794,0.247797846794,0.126069918275,0.0720696523786,0.0377881936729,0.0197031516582,0.00942142400891,0.00391585705802,0.00136787258089,0.000430327927461,0.000238561537117,0.000355792755727,0.000728889543097],"max":[7.50163936615,56.23985672,151.886535645,225.951934814,412.821655273,340.587768555,413.88772583,873.077880859,198.348220825,479.525146484,789.667541504,705.591552734,769.510253906,2253.80249023,2632.45141602,2316.71606445,1180.49963379,654.155151367,485.558776855,317.069488525,285.568878174,250.161972046,193.922683716,133.951293945,114.25075531,41.8297195435,34.5486602783,19.1943416595,8.88570690155,4.44643354416,3.81644392014,1.91251420975,1.38149392605,0.951739311218,0.603480637074,0.341872751713,0.257340759039,0.410755634308,0.71797221899,0.760280907154],"mean":[0.220396891236,2.85821175575,10.6258430481,10.7153263092,17.1742839813,14.3694629669,15.0957555771,11.9805192947,7.98897600174,14.710981369,17.5174636841,26.4693279266,22.845697403,70.8318862915,97.4272232056,56.4514350891,24.0495700836,12.0603628159,7.26874923706,6.19725370407,4.67665433884,3.07773351669,2.26771450043,1.27012252808,0.722779810429,0.560528874397,0.348441183567,0.260358840227,0.181727796793,0.126168996096,0.0890261083841,0.061304602772,0.0421300306916,0.0296902079135,0.0199579820037,0.0125940265134,0.00841634720564,0.00693514198065,0.00976465363055,0.0294168889523],"median":[0.0617124177516,0.967257261276,3.76225709915,5.18447971344,6.34631252289,5.64409303665,5.56992912292,4.33517837524,3.25903058052,4.00391435623,6.73907518387,9.0039768219,7.7591047287,14.8508491516,16.7302894592,10.0580711365,4.93337345123,2.65740728378,1.51777029037,1.07082509995,0.729336202145,0.499863624573,0.369371622801,0.274834603071,0.160156756639,0.116797104478,0.0899336189032,0.071009285748,0.0535651370883,0.0387466102839,0.0278365388513,0.0185985732824,0.0111120902002,0.0078931171447,0.00549676595256,0.00374986743554,0.00309320352972,0.00247202836908,0.00339940935373,0.0123155573383],"min":[5.6673338842e-23,6.53155322019e-22,1.74819068882e-21,4.28174211334e-21,8.59677986193e-21,5.8534595942e-21,5.85990901804e-20,9.20284701881e-20,1.38506262467e-19,2.16913743379e-19,2.12123605075e-19,2.03810155576e-19,3.3503862452e-19,3.54415175272e-19,1.02527620379e-18,7.79038494107e-19,1.75611995009e-18,1.60090250667e-18,1.69353060525e-18,2.50626626617e-18,3.49283382941e-18,4.06220209737e-18,4.55305727671e-18,6.45460943376e-18,7.21838334364e-18,7.49027347508e-18,8.58977931608e-18,1.02241409683e-17,1.14887115277e-17,1.03842657641e-17,1.18225310173e-17,1.04646387684e-17,9.02587637964e-18,7.6831306349e-18,6.50597859057e-18,4.14386384898e-18,2.150765132e-18,9.77017556277e-19,2.46139869727e-19,2.55077249284e-20],"var":[0.257414668798,21.8572902679,279.847259521,254.611724854,802.533813477,569.010559082,765.53515625,903.428466797,167.752853394,1121.06225586,1146.80908203,1934.74584961,1653.32641602,18066.1230469,40386.96875,16606.5,3017.59204102,742.024963379,269.521118164,226.863937378,173.263061523,80.0087890625,52.5457611084,14.0112276077,6.38933229446,2.83810377121,0.960793733597,0.420394986868,0.159953743219,0.064139790833,0.0340943075716,0.0149018010125,0.00738297589123,0.00361231365241,0.00155608751811,0.000571766518988,0.000241591405938,0.000254702812526,0.00061985081993,0.0021551696118]},"erbbands_crest":{"dmean":2.97568535805,"dmean2":4.79859113693,"dvar":6.78443288803,"dvar2":17.3238868713,"max":32.5900993347,"mean":10.3761825562,"median":9.52833938599,"min":2.40582442284,"var":18.2084083557},"erbbands_flatness_db":{"dmean":0.0326535515487,"dmean2":0.0511923395097,"dvar":0.000729969295207,"dvar2":0.00184556632303,"max":0.355495601892,"mean":0.182537585497,"median":0.183249950409,"min":0.0273981392384,"var":0.00271497387439},"erbbands_kurtosis":{"dmean":1.73887109756,"dmean2":2.77594256401,"dvar":5.6511182785,"dvar2":12.8323011398,"max":63.3552017212,"mean":1.91254973412,"median":0.802917480469,"min":-1.81375384331,"var":13.2144775391},"erbbands_skewness":{"dmean":0.495192676783,"dmean2":0.779122054577,"dvar":0.191941425204,"dvar2":0.452767640352,"max":5.32793045044,"mean":0.0104267103598,"median":-0.0762264877558,"min":-4.12152814865,"var":1.06356775761},"erbbands_spread":{"dmean":6.21205234528,"dmean2":9.9246006012,"dvar":42.0950279236,"dvar2":98.9607696533,"max":101.562538147,"mean":22.4780368805,"median":20.401927948,"min":1.37906610966,"var":145.049194336},"gfcc":{"cov":[[24379.6210938,2522.46948242,-1871.24023438,-962.003112793,329.121673584,-311.387298584,-168.305343628,-372.399932861,-344.285095215,-575.921691895,-2.8083922863,-188.820449829,243.916519165],[2522.46948242,1146.53381348,-9.6697807312,-455.224578857,61.5763549805,45.6629257202,56.6787414551,-87.2552947998,-23.9054965973,-146.606338501,40.4186820984,-60.5508041382,48.782749176],[-1871.24023438,-9.6697807312,598.503295898,224.246353149,-186.844070435,97.5547943115,-12.4218187332,105.203285217,-7.97665643692,92.8453903198,-16.4030780792,1.27931702137,-27.2513942719],[-962.003112793,-455.224578857,224.246353149,623.265197754,-2.16870594025,-92.0845031738,-14.0600099564,88.1917800903,51.2696723938,130.849807739,-25.7726688385,42.1514167786,-33.3488578796],[329.121673584,61.5763549805,-186.844070435,-2.16870594025,308.4296875,-21.4051704407,48.1319198608,-53.3065834045,43.7426834106,-46.9933738708,18.1857891083,5.94994497299,25.8960380554],[-311.387298584,45.6629257202,97.5547943115,-92.0845031738,-21.4051704407,301.937011719,38.5597839355,60.4402275085,-65.4614257812,-6.38790607452,-4.91569185257,2.86100745201,15.9994564056],[-168.305343628,56.6787414551,-12.4218187332,-14.0600099564,48.1319198608,38.5597839355,150.220916748,16.4597473145,26.6245670319,-21.3682079315,3.61497926712,8.93695354462,4.14112567902],[-372.399932861,-87.2552947998,105.203285217,88.1917800903,-53.3065834045,60.4402275085,16.4597473145,130.606033325,19.2471294403,40.8476600647,-5.19574642181,12.2819137573,4.04459762573],[-344.285095215,-23.9054965973,-7.97665643692,51.2696723938,43.7426834106,-65.4614257812,26.6245670319,19.2471294403,112.457580566,53.4574012756,17.5199337006,6.15758275986,-16.0738677979],[-575.921691895,-146.606338501,92.8453903198,130.849807739,-46.9933738708,-6.38790607452,-21.3682079315,40.8476600647,53.4574012756,118.994255066,31.4702529907,13.1489171982,-25.0215435028],[-2.8083922863,40.4186820984,-16.4030780792,-25.7726688385,18.1857891083,-4.91569185257,3.61497926712,-5.19574642181,17.5199337006,31.4702529907,63.4237060547,25.2951793671,3.97367763519],[-188.820449829,-60.5508041382,1.27931702137,42.1514167786,5.94994497299,2.86100745201,8.93695354462,12.2819137573,6.15758275986,13.1489171982,25.2951793671,59.7176208496,23.160692215],[243.916519165,48.782749176,-27.2513942719,-33.3488578796,25.8960380554,15.9994564056,4.14112567902,4.04459762573,-16.0738677979,-25.0215435028,3.97367763519,23.160692215,63.8264503479]],"icov":[[0.00011821318185,-0.000417295581428,0.000595979450736,-0.000308990856865,0.000170311817783,0.0000267311188509,0.000155993693625,-0.000183164345799,0.00043902269681,-0.000190071237739,0.000156707334099,0.000135387585033,-0.000136953400215],[-0.000417295581428,0.0033200387843,-0.00301934033632,0.00179440481588,-0.000517270236742,-0.000181130482815,-0.00072523439303,0.0012172741117,-0.00290742702782,0.0035110427998,-0.00367986410856,0.00224007107317,-0.00100871932227],[0.000595979450736,-0.00301934033632,0.00636695837602,-0.00328217283823,0.0026682310272,-0.00119890132919,0.000908394460566,-0.00137300498318,0.00206942227669,-0.00202208058909,0.00141283974517,0.000704845995642,-0.000335596647346],[-0.000308990856865,0.00179440481588,-0.00328217283823,0.00591981504112,-0.00352953048423,0.0030505079776,-0.00145434250589,-0.00168842636049,0.00278781820089,-0.00588928721845,0.00545104965568,-0.00460778549314,0.00209574587643],[0.000170311817783,-0.000517270236742,0.0026682310272,-0.00352953048423,0.00746869249269,-0.00292065856047,0.000361927057384,0.00296761305071,-0.00609247293323,0.00690764281899,-0.00568434223533,0.00401255348697,-0.00339856720529],[0.0000267311188509,-0.000181130482815,-0.00119890132919,0.0030505079776,-0.00292065856047,0.00723887979984,-0.00248520448804,-0.0041203382425,0.00792455952615,-0.00647838180885,0.00427647959441,-0.00268171541393,0.00107390200719],[0.000155993693625,-0.00072523439303,0.000908394460566,-0.00145434250589,0.000361927057384,-0.00248520448804,0.00938546657562,-0.000795226602349,-0.00484985951334,0.00569803547114,-0.00208638422191,-0.000598633952904,0.000863220484462],[-0.000183164345799,0.0012172741117,-0.00137300498318,-0.00168842636049,0.00296761305071,-0.0041203382425,-0.000795226602349,0.0137209771201,-0.00675158994272,0.0019985998515,-0.00127356033772,0.0014406676637,-0.00404816120863],[0.00043902269681,-0.00290742702782,0.00206942227669,0.00278781820089,-0.00609247293323,0.00792455952615,-0.00484985951334,-0.00675158994272,0.0265195239335,-0.0196678563952,0.0100185777992,-0.00562193384394,0.00449711130932],[-0.000190071237739,0.0035110427998,-0.00202208058909,-0.00588928721845,0.00690764281899,-0.00647838180885,0.00569803547114,0.0019985998515,-0.0196678563952,0.0367802232504,-0.0245694816113,0.00992344040424,-0.000178221758688],[0.000156707334099,-0.00367986410856,0.00141283974517,0.00545104965568,-0.00568434223533,0.00427647959441,-0.00208638422191,-0.00127356033772,0.0100185777992,-0.0245694816113,0.040045440197,-0.0207144506276,0.00503011513501],[0.000135387585033,0.00224007107317,0.000704845995642,-0.00460778549314,0.00401255348697,-0.00268171541393,-0.000598633952904,0.0014406676637,-0.00562193384394,0.00992344040424,-0.0207144506276,0.0348971709609,-0.01424337551],[-0.000136953400215,-0.00100871932227,-0.000335596647346,0.00209574587643,-0.00339856720529,0.00107390200719,0.000863220484462,-0.00404816120863,0.00449711130932,-0.000178221758688,0.00503011513501,-0.01424337551,0.0251417644322]],"mean":[-86.2656478882,127.07207489,-56.5022659302,-22.0563659668,-14.4037494659,1.6788944006,0.660159111023,-15.2852125168,-11.3490715027,-18.5788536072,-5.92501735687,-6.96723365784,-4.57243919373]},"hfc":{"dmean":103.587524414,"dmean2":151.256134033,"dvar":20731.4433594,"dvar2":42424.6679688,"max":2504.65405273,"mean":290.277038574,"median":201.123062134,"min":1.04900768883e-16,"var":95771.828125},"melbands":{"dmean":[0.00241402117535,0.00401901220903,0.00131712388247,0.000796456297394,0.000343084044289,0.000184228600119,0.0000825343668112,0.000087393746071,0.0000937909862841,0.0000940482059377,0.0000561224660487,0.000128821222461,0.000200189853786,0.0000938344164751,0.00005320092896,0.0000227619857469,0.0000130048329083,0.00000706234050085,0.00000645752015771,0.00000441449583377,0.00000371196733795,0.00000238400753005,0.00000176200796886,0.00000122561198168,6.98615338024e-7,4.37765208972e-7,3.93498794438e-7,2.95569009268e-7,1.96778429995e-7,1.5548795318e-7,1.25887339664e-7,9.30229404617e-8,7.56878364427e-8,5.94385056729e-8,4.99091079575e-8,4.17145358256e-8,3.46764039705e-8,3.02957268161e-8,2.71531046536e-8,2.46627802625e-8],"dmean2":[0.00409962050617,0.00708606140688,0.00216997996904,0.00127680646256,0.000545081682503,0.000294905417832,0.000134492394864,0.000137741531944,0.000153372238856,0.000148324485053,0.000088112836238,0.000184652366443,0.000306623900542,0.000142920049257,0.0000821591165732,0.0000345849693986,0.0000204508578463,0.0000111488752736,0.0000103136144389,0.00000697173618391,0.00000583357405048,0.00000375627951144,0.00000279926439362,0.00000193954201677,0.0000011240800859,7.16612646556e-7,6.43592215965e-7,4.89328101594e-7,3.26092788328e-7,2.553961167e-7,2.04476933163e-7,1.52914083174e-7,1.25392844552e-7,9.91302187003e-8,8.29470110375e-8,6.96678554846e-8,5.81920751586e-8,5.09422406481e-8,4.55805739819e-8,4.13028082846e-8],"dvar":[0.0000252678782999,0.000042642277549,0.00000488217938255,0.00000224807376981,3.85774853839e-7,2.4855833658e-7,2.32772698894e-8,3.1859439531e-8,4.29455582207e-8,3.33892984372e-8,1.0985165666e-8,7.38607752737e-8,2.10368668263e-7,5.36474829005e-8,1.92782447783e-8,3.99831989739e-9,1.13319498229e-9,3.50942552796e-10,3.60934532262e-10,1.49532775051e-10,1.34751140801e-10,5.27271282191e-11,3.91031339253e-11,1.5138265641e-11,4.07805993835e-12,2.13572540729e-12,1.35864811155e-12,7.28782702589e-13,3.11684055301e-13,1.49927000068e-13,8.73143110548e-14,4.10922211785e-14,2.49988323499e-14,1.34998112136e-14,1.02875793686e-14,7.07930104986e-15,4.84383668294e-15,3.7382947859e-15,2.96035728076e-15,2.39551717154e-15],"dvar2":[0.0000664514955133,0.000133825102239,0.0000131251672428,0.00000559470981898,8.88476506589e-7,5.4508524272e-7,5.99616782893e-8,7.37171177434e-8,1.07863790788e-7,8.52084340863e-8,2.53795473526e-8,1.29676820393e-7,4.67665984161e-7,1.12651036943e-7,4.20692529701e-8,8.14971734542e-9,2.65197908078e-9,8.42459491057e-10,8.69146199456e-10,3.58851254267e-10,3.12083608955e-10,1.23559940057e-10,8.60632259903e-11,3.60591348447e-11,9.47413588553e-12,5.15541038679e-12,3.15847066383e-12,1.74458776418e-12,7.36391145544e-13,3.47828536806e-13,1.94359773501e-13,9.35588344536e-14,6.1181467607e-14,3.42741548304e-14,2.59192166563e-14,1.82085385181e-14,1.28539172511e-14,9.94198060873e-15,7.84645328447e-15,6.32432110221e-15],"max":[0.0664563924074,0.0724258571863,0.037506762892,0.0322715975344,0.0132635897025,0.0171324219555,0.00279139750637,0.00430750474334,0.00540866516531,0.00431426707655,0.00372616015375,0.00980134308338,0.010655852966,0.00656654825434,0.00338178221136,0.00229153386317,0.00136089953594,0.000683367194142,0.000872006814461,0.000259134743828,0.000351056572981,0.000269991956884,0.000252731260844,0.000171970445081,0.00009649466665,0.0000970324908849,0.0000401934594265,0.0000287738694169,0.0000239565888478,0.0000109712409539,0.0000111308172563,0.00000605693412581,0.00000329180056724,0.00000213345015254,0.00000266873826149,0.00000153174005391,0.0000011195584193,9.8024406725e-7,8.71357315191e-7,7.7867082382e-7],"mean":[0.00253560999408,0.00505543220788,0.00211369968019,0.00123359321151,0.000521647220012,0.000273215438938,0.000131738517666,0.000156140333274,0.000148675520904,0.000157943737577,0.00010803360783,0.000272662524367,0.000374218361685,0.00017940280668,0.0000895897537703,0.0000376562275051,0.0000204320895136,0.0000113763726404,0.00000976123919827,0.00000666836194796,0.00000520127923664,0.00000329983504344,0.00000245026944867,0.0000017198299247,9.61415253187e-7,5.39656809906e-7,4.6637194373e-7,3.49042466041e-7,2.25950557819e-7,1.76856502776e-7,1.41401471865e-7,1.06325948934e-7,8.3367467596e-8,6.43800035505e-8,5.25443333288e-8,4.34217639622e-8,3.4861290743e-8,2.9707855731e-8,2.66835495921e-8,2.44008120376e-8],"median":[0.000814034487121,0.00192930852063,0.00108267634641,0.000476527435239,0.000208076686249,0.000100562057924,0.0000484649499413,0.0000454899636679,0.0000570387746848,0.0000524942297488,0.0000330633738486,0.0000558504907531,0.000058876190451,0.0000299152488878,0.0000163743497978,0.00000740990208214,0.00000416692455474,0.00000228960925597,0.00000168575206771,0.00000108002359411,7.65350819165e-7,5.1783320032e-7,3.63145659321e-7,2.93758546377e-7,2.09246479699e-7,1.21959828903e-7,8.98967158491e-8,7.12904864031e-8,5.60916539882e-8,4.66637573027e-8,3.74209392362e-8,3.01075644416e-8,2.44624782653e-8,1.99489118557e-8,1.61085562667e-8,1.34089397363e-8,9.93135795824e-9,7.71133290556e-9,6.95198387746e-9,6.47126174869e-9],"min":[8.03663436373e-25,1.52898203941e-24,7.42223892239e-25,1.27115024811e-24,1.69520804835e-24,1.94464330278e-24,2.01462295647e-24,2.03547748057e-24,1.74698335614e-24,1.26430954217e-24,1.42443016212e-24,1.14232226115e-24,2.89881257449e-24,1.55809761353e-24,1.3104395641e-24,3.36634518946e-24,2.84240053951e-24,2.37937330638e-24,2.32443170813e-24,3.24721772645e-24,2.43944151444e-24,3.11701564239e-24,3.78874194446e-24,3.72097484839e-24,3.85778541746e-24,3.66059109597e-24,4.08042129201e-24,4.63319032779e-24,4.27043776812e-24,5.66286680155e-24,5.86068471759e-24,5.41972843208e-24,5.13378646989e-24,5.27538187478e-24,5.29289537574e-24,5.86732968742e-24,4.98919142141e-24,5.78744411014e-24,5.87523210154e-24,5.92007844957e-24],"var":[0.0000230321275012,0.0000582648644922,0.00000846199964144,0.00000421626464231,8.29718032946e-7,3.93812058519e-7,5.01725878621e-8,1.06361348173e-7,6.97016133699e-8,6.84214072066e-8,3.96276753634e-8,2.9047305361e-7,6.52230028209e-7,1.60900739843e-7,4.73980392712e-8,8.32006552542e-9,2.38618147463e-9,6.9779315659e-10,6.15158590733e-10,2.84678280948e-10,2.35401809157e-10,9.37253399891e-11,7.565961746e-11,2.91385596207e-11,8.2530163259e-12,3.85167809105e-12,2.33154164378e-12,1.18056974786e-12,4.69268070583e-13,2.17945751507e-13,1.29799762518e-13,5.94490480606e-14,3.17442063304e-14,1.66606569578e-14,1.2509959194e-14,7.87649839015e-15,4.90086148205e-15,3.71279867067e-15,2.96498250417e-15,2.43574149565e-15]},"melbands_crest":{"dmean":4.77405548096,"dmean2":8.1147441864,"dvar":13.9853496552,"dvar2":40.3061637878,"max":38.336391449,"mean":17.1313781738,"median":16.8835449219,"min":1.62417423725,"var":34.3856735229},"melbands_flatness_db":{"dmean":0.0500404424965,"dmean2":0.0825034752488,"dvar":0.00178721663542,"dvar2":0.00485269352794,"max":0.619166433811,"mean":0.339414894581,"median":0.339284956455,"min":0.00328553840518,"var":0.00612951815128},"melbands_kurtosis":{"dmean":12.3261899948,"dmean2":20.3528823853,"dvar":429.408233643,"dvar2":1096.74475098,"max":342.931060791,"mean":17.9995574951,"median":7.99516916275,"min":-1.81400513649,"var":810.987670898},"melbands_skewness":{"dmean":1.06165552139,"dmean2":1.72071945667,"dvar":1.05622625351,"dvar2":2.55249524117,"max":16.5923500061,"mean":2.84309983253,"median":2.54559183121,"min":-1.7121257782,"var":3.66961336136},"melbands_spread":{"dmean":4.215675354,"dmean2":6.86608839035,"dvar":34.0429191589,"dvar2":82.1561889648,"max":218.379806519,"mean":12.0980501175,"median":8.13308525085,"min":0.39654019475,"var":278.100585938},"mfcc":{"cov":[[12358.2910156,1975.33337402,-1520.4864502,-112.62840271,86.5106201172,-27.3585395813,-33.5525398254,81.7690887451,-121.083702087,-305.92590332,-208.15045166,-144.706329346,-64.4919967651],[1975.33337402,1754.11328125,-84.1803970337,-405.347961426,-5.09267091751,51.4289665222,90.9094238281,87.5005340576,-11.2078943253,-95.450302124,-45.8022079468,-22.1007041931,-25.863571167],[-1520.4864502,-84.1803970337,816.98828125,71.6338729858,-56.74036026,-18.5328025818,51.8454818726,-17.3270111084,33.1128959656,73.0330657959,36.1364059448,22.1348686218,16.7482433319],[-112.62840271,-405.347961426,71.6338729858,580.098083496,65.1625518799,-26.6988925934,-89.5542602539,-41.3336410522,9.71756458282,67.4763565063,34.5795326233,12.7110910416,20.5526828766],[86.5106201172,-5.09267091751,-56.74036026,65.1625518799,157.672851562,48.8385734558,4.27662277222,4.39018535614,10.5485057831,-6.49622535706,4.94019651413,6.67965745926,4.69043540955],[-27.3585395813,51.4289665222,-18.5328025818,-26.6988925934,48.8385734558,122.612892151,67.5950164795,26.5420475006,14.186589241,-1.13225066662,-6.07734727859,4.69777774811,5.61011743546],[-33.5525398254,90.9094238281,51.8454818726,-89.5542602539,4.27662277222,67.5950164795,135.594940186,72.1472091675,27.1334285736,-9.30836772919,-19.0406341553,-3.63628864288,3.13274002075],[81.7690887451,87.5005340576,-17.3270111084,-41.3336410522,4.39018535614,26.5420475006,72.1472091675,102.79763031,51.3071060181,-7.09400987625,-18.7651596069,-7.35892057419,2.99858236313],[-121.083702087,-11.2078943253,33.1128959656,9.71756458282,10.5485057831,14.186589241,27.1334285736,51.3071060181,79.6296310425,32.1781463623,-1.05512857437,-1.38764083385,3.91524243355],[-305.92590332,-95.450302124,73.0330657959,67.4763565063,-6.49622535706,-1.13225066662,-9.30836772919,-7.09400987625,32.1781463623,76.1062240601,41.474067688,16.5958003998,7.45847988129],[-208.15045166,-45.8022079468,36.1364059448,34.5795326233,4.94019651413,-6.07734727859,-19.0406341553,-18.7651596069,-1.05512857437,41.474067688,74.9604644775,42.8063087463,7.69038391113],[-144.706329346,-22.1007041931,22.1348686218,12.7110910416,6.67965745926,4.69777774811,-3.63628864288,-7.35892057419,-1.38764083385,16.5958003998,42.8063087463,62.1501235962,30.1239910126],[-64.4919967651,-25.863571167,16.7482433319,20.5526828766,4.69043540955,5.61011743546,3.13274002075,2.99858236313,3.91524243355,7.45847988129,7.69038391113,30.1239910126,47.5828590393]],"icov":[[0.000147953367559,-0.000183773532626,0.000273064157227,-0.000178083180799,0.0000365815249097,0.000184281234397,-0.000210550570046,0.00018000669661,-0.0000620129576419,0.000233601094806,0.0000437064154539,0.000152712600539,-0.0000766247030697],[-0.000183773532626,0.0009538003942,-0.000401838653488,0.000675210787449,-0.000159006856848,-0.000446896417998,0.000551472592633,-0.00097233481938,0.000404161342885,0.000137305440148,-0.000186625824426,-0.000152705062646,0.000284540466964],[0.000273064157227,-0.000401838653488,0.00209892936982,-0.000641741382424,0.000558908854146,0.0012017574627,-0.00244603864849,0.00212965579703,-0.00109236501157,-0.000362966064131,-0.00011388623534,0.000199440473807,-0.000440939038526],[-0.000178083180799,0.000675210787449,-0.000641741382424,0.00292114075273,-0.00145668606274,-0.000296304380754,0.00237716897391,-0.00160860212054,0.00135023624171,-0.00270381034352,0.000564009591471,0.000320017337799,-0.000767868652474],[0.0000365815249097,-0.000159006856848,0.000558908854146,-0.00145668606274,0.00877320952713,-0.00392600661144,0.000447603088105,0.00149579462595,-0.00341651076451,0.00448187766597,-0.00280442088842,0.000563708599657,-0.000455061148386],[0.000184281234397,-0.000446896417998,0.0012017574627,-0.000296304380754,-0.00392600661144,0.0145331760868,-0.00911364145577,0.00359014607966,-0.000757300760597,-0.00187270343304,0.00169426237699,-0.0014485452557,-0.000241788628045],[-0.000210550570046,0.000551472592633,-0.00244603864849,0.00237716897391,0.000447603088105,-0.00911364145577,0.0207505244762,-0.0142766274512,0.00504617346451,-0.00219856621698,0.00267696427181,-0.00121875060722,0.000680799479596],[0.00018000669661,-0.00097233481938,0.00212965579703,-0.00160860212054,0.00149579462595,0.00359014607966,-0.0142766274512,0.0288564097136,-0.0187855400145,0.00939539447427,-0.00307613005862,0.00227109226398,-0.00265619903803],[-0.0000620129576419,0.000404161342885,-0.00109236501157,0.00135023624171,-0.00341651076451,-0.000757300760597,0.00504617346451,-0.0187855400145,0.0315547212958,-0.0192938633263,0.00928678084165,-0.00288654398173,0.00196892023087],[0.000233601094806,0.000137305440148,-0.000362966064131,-0.00270381034352,0.00448187766597,-0.00187270343304,-0.00219856621698,0.00939539447427,-0.0192938633263,0.0364630632102,-0.0217646323144,0.00944090913981,-0.00556867243722],[0.0000437064154539,-0.000186625824426,-0.00011388623534,0.000564009591471,-0.00280442088842,0.00169426237699,0.00267696427181,-0.00307613005862,0.00928678084165,-0.0217646323144,0.0406035631895,-0.0289254449308,0.0142458453774],[0.000152712600539,-0.000152705062646,0.000199440473807,0.000320017337799,0.000563708599657,-0.0014485452557,-0.00121875060722,0.00227109226398,-0.00288654398173,0.00944090913981,-0.0289254449308,0.0464408956468,-0.0260005090386],[-0.0000766247030697,0.000284540466964,-0.000440939038526,-0.000767868652474,-0.000455061148386,-0.000241788628045,0.000680799479596,-0.00265619903803,0.00196892023087,-0.00556867243722,0.0142458453774,-0.0260005090386,0.0366185493767]],"mean":[-756.202148438,196.627090454,15.0433111191,5.87709331512,5.05428504944,17.239572525,14.1894865036,13.1979646683,2.72209429741,-3.04193115234,-3.29024672508,-0.461891531944,-0.315134882927]},"pitch_salience":{"dmean":0.0994888469577,"dmean2":0.167782187462,"dvar":0.00708915432915,"dvar2":0.0197592116892,"max":0.892622411251,"mean":0.53700274229,"median":0.552161812782,"min":0.0845289006829,"var":0.0154111748561},"silence_rate_20dB":{"dmean":0,"dmean2":0,"dvar":0,"dvar2":0,"max":1,"mean":1,"median":1,"min":1,"var":0},"silence_rate_30dB":{"dmean":0.101852856576,"dmean2":0.203727781773,"dvar":0.0914793163538,"dvar2":0.201448619366,"max":1,"mean":0.8278439641,"median":1,"min":0,"var":0.142525628209},"silence_rate_60dB":{"dmean":0.0498428866267,"dmean2":0.0996965765953,"dvar":0.0473545789719,"dvar2":0.103200130165,"max":1,"mean":0.154929578304,"median":0,"min":0,"var":0.130925029516},"spectral_centroid":{"dmean":135.073242188,"dmean2":214.910629272,"dvar":37944.5507812,"dvar2":76246.2734375,"max":11845.5615234,"mean":660.793029785,"median":474.413421631,"min":116.047676086,"var":1333149.75},"spectral_complexity":{"dmean":2.48520970345,"dmean2":3.64174246788,"dvar":6.64352750778,"dvar2":12.7720165253,"max":50,"mean":11.5420370102,"median":12,"min":0,"var":57.3853607178},"spectral_contrast_coeffs":{"dmean":[0.0593673661351,0.0475755110383,0.0383936502039,0.0351433157921,0.0339653044939,0.0252402443439],"dmean2":[0.0975872501731,0.0794532448053,0.0622537247837,0.0572779476643,0.0542371124029,0.0407600961626],"dvar":[0.00220627826639,0.00146142940503,0.000977078685537,0.000820110610221,0.000868153525516,0.000860791071318],"dvar2":[0.00573853077367,0.00390027253889,0.00246571819298,0.00211650133133,0.00212779967114,0.00210671266541],"max":[-0.337648391724,-0.487535089254,-0.544592261314,-0.584511160851,-0.659058094025,-0.52491247654],"mean":[-0.65376573801,-0.790172457695,-0.791816532612,-0.817395985126,-0.863230586052,-0.835890829563],"median":[-0.650976359844,-0.792675375938,-0.793346524239,-0.815555930138,-0.871116042137,-0.848311781883],"min":[-0.977979779243,-0.979214966297,-0.976552426815,-0.984176397324,-0.970728337765,-0.967291653156],"var":[0.00868659466505,0.0041422075592,0.00444309134036,0.00322071276605,0.00356585299596,0.00220707524568]},"spectral_contrast_valleys":{"dmean":[0.478171616793,0.439730852842,0.389627486467,0.46554005146,0.599391937256,0.678052306175],"dmean2":[0.751649320126,0.683480322361,0.585147023201,0.708212316036,0.945117115974,1.06978714466],"dvar":[0.170959070325,0.158366784453,0.144583314657,0.206697404385,0.302423268557,0.330204665661],"dvar2":[0.358616292477,0.320715069771,0.280865132809,0.431714504957,0.723175466061,0.833213090897],"max":[-4.85164165497,-4.64378643036,-4.7880358696,-5.45470476151,-5.93327140808,-8.8137588501],"mean":[-7.18805122375,-7.10241127014,-7.36470079422,-8.50091362,-9.1072435379,-11.6076335907],"median":[-6.76136636734,-6.62696027756,-6.91899681091,-8.1294260025,-8.74357318878,-11.3608961105],"min":[-28.443069458,-27.8323383331,-27.9488296509,-27.760843277,-27.5049781799,-27.4094486237],"var":[5.82801818848,5.90904140472,6.03890705109,5.50162315369,4.98519182205,3.92621922493]},"spectral_decrease":{"dmean":4.8166586275e-9,"dmean2":8.16917022917e-9,"dvar":5.0753671569e-17,"dvar2":1.4616073636e-16,"max":1.04021466996e-8,"mean":-7.01660551883e-9,"median":-3.4884946043e-9,"min":-8.14659912862e-8,"var":8.38395130251e-17},"spectral_energy":{"dmean":0.0211113225669,"dmean2":0.0333457440138,"dvar":0.000785755924881,"dvar2":0.00199928879738,"max":0.342601627111,"mean":0.0528112128377,"median":0.0399877876043,"min":9.8201533307e-21,"var":0.00253395247273},"spectral_energyband_high":{"dmean":0.000108560423541,"dmean2":0.000157959584612,"dvar":8.80198811615e-8,"dvar2":1.61719924563e-7,"max":0.0144383581355,"mean":0.000195307700778,"median":0.000044426182285,"min":7.00260248873e-21,"var":2.73774844572e-7},"spectral_energyband_low":{"dmean":0.0161871965975,"dmean2":0.0276757646352,"dvar":0.000652970396914,"dvar2":0.00187939801253,"max":0.300856083632,"mean":0.0222875997424,"median":0.0102974548936,"min":2.06480176756e-23,"var":0.000931501330342},"spectral_energyband_middle_high":{"dmean":0.00232550618239,"dmean2":0.00328736007214,"dvar":0.0000196729124582,"dvar2":0.000037130957935,"max":0.0937988460064,"mean":0.00610131397843,"median":0.00164759275503,"min":1.20689791314e-21,"var":0.00010422890773},"spectral_energyband_middle_low":{"dmean":0.00626851990819,"dmean2":0.00986709352583,"dvar":0.0000866387126734,"dvar2":0.000219540626858,"max":0.136214405298,"mean":0.0132098738104,"median":0.00868847034872,"min":1.25705767797e-22,"var":0.000228551129112},"spectral_entropy":{"dmean":0.332028985023,"dmean2":0.531295478344,"dvar":0.0840560048819,"dvar2":0.217175766826,"max":9.82175540924,"mean":6.88506889343,"median":6.85651063919,"min":4.99716091156,"var":0.322203189135},"spectral_flux":{"dmean":0.036192830652,"dmean2":0.0569081939757,"dvar":0.00158317247406,"dvar2":0.00351916486397,"max":0.474186480045,"mean":0.116764895618,"median":0.111726686358,"min":6.26766902267e-11,"var":0.00556927639991},"spectral_kurtosis":{"dmean":15.059879303,"dmean2":24.583322525,"dvar":281.658599854,"dvar2":762.737670898,"max":172.975982666,"mean":34.5941619873,"median":28.7800292969,"min":-1.30522990227,"var":520.33380127},"spectral_rms":{"dmean":0.00136682728771,"dmean2":0.00205080001615,"dvar":0.0000021310113425,"dvar2":0.00000474174748888,"max":0.0182823818177,"mean":0.00614003976807,"median":0.00624599680305,"min":3.09526059297e-12,"var":0.00001382301798},"spectral_rolloff":{"dmean":4576.73632812,"dmean2":9011.48828125,"dvar":69565824,"dvar2":175805136,"max":22050,"mean":16219.7636719,"median":21274.8046875,"min":43.06640625,"var":82209768},"spectral_skewness":{"dmean":1.00735211372,"dmean2":1.63196861744,"dvar":0.961428582668,"dvar2":2.60172438622,"max":10.7731552124,"mean":4.41339063644,"median":4.20468330383,"min":-0.0751436799765,"var":2.45506024361},"spectral_spread":{"dmean":770462.6875,"dmean2":1243204.5,"dvar":628848852992,"dvar2":1531076542460,"max":46539888,"mean":4047772,"median":3511871.5,"min":1181979.625,"var":16456941043700},"spectral_strongpeak":{"dmean":8.10343933105,"dmean2":15.0241537094,"dvar":524.44909668,"dvar2":1401.14587402,"max":211.050689697,"mean":7.04132223129,"median":0.446014285088,"min":0,"var":496.494110107},"zerocrossingrate":{"dmean":0.0532422848046,"dmean2":0.0696155279875,"dvar":0.00212383968756,"dvar2":0.00350722484291,"max":0.9130859375,"mean":0.316789150238,"median":0.30810546875,"min":0.03125,"var":0.0137604139745}},"metadata":{"audio_properties":{"analysis_sample_rate":44100,"bit_rate":320000,"codec":"mp3","downmix":"mix","equal_loudness":0,"length":214.283508301,"lossless":false,"md5_encoded":"f5b72ce0fe505881e81288424babd0cf","replay_gain":-3.20510482788,"sample_rate":44100},"tags":{"album":["Hooker 'n Heat"],"albumartist":["Canned Heat & John Lee Hooker"],"albumartistsort":["Canned Heat & Hooker, John Lee","Canned Heat & Hooker, John Lee"],"artist":["Canned Heat & John Lee Hooker"],"artistsort":["Canned Heat & Hooker, John Lee"],"catalognumber":["LST-35002"],"date":["1971"],"discnumber":["1/2"],"file_name":"05. Canned Heat & John Lee Hooker - Meet Me in the Bottom.mp3","genre":["Blues"],"label":["Liberty Records"],"language":["eng"],"musicbrainz album release country":["US"],"musicbrainz album status":["official"],"musicbrainz album type":["album"],"musicbrainz_albumartistid":["815a0279-558c-4522-ac3b-6a1e259e95b5/b0122194-c49a-46a1-ade7-84d1d76bd8e9"],"musicbrainz_albumid":["fbc91a4b-b909-4ef1-8940-bdcc1f3a63e6"],"musicbrainz_artistid":["815a0279-558c-4522-ac3b-6a1e259e95b5/b0122194-c49a-46a1-ade7-84d1d76bd8e9"],"musicbrainz_recordingid":["e741f43c-2c02-4bb1-9d21-d50136d4b646"],"script":["Latn"],"title":["Meet Me in the Bottom"],"tracknumber":["5/10"]},"version":{"essentia":"2.1-beta1","essentia_build_sha":"ca57ba49d9b1854bd80e60cf9ccf267278fb7d6b","essentia_git_sha":"v2.1_beta1-28-g21ef5f4-dirty","extractor":"music 1.0"}},"rhythm":{"beats_count":474,"beats_loudness":{"dmean":0.0392237901688,"dmean2":0.0665609687567,"dvar":0.00117414491251,"dvar2":0.00329120154493,"max":0.204017966986,"mean":0.0769937336445,"median":0.0770790725946,"min":0,"var":0.00245065311901},"beats_loudness_band_ratio":{"dmean":[0.205356106162,0.0843015164137,0.0417483001947,0.0796280279756,0.00717222550884,0.118635646999],"dmean2":[0.340472280979,0.144206672907,0.0719058439136,0.139070749283,0.0124534564093,0.194580286741],"dvar":[0.0254164692014,0.00833622738719,0.002144