{"lowlevel":{"average_loudness":0.958785533905,"barkbands":{"dmean":[0.0000855233593029,0.00268337433226,0.0039625489153,0.003363924101,0.00314205279574,0.00128310231958,0.00162360642571,0.000546902476344,0.000584443449043,0.000396411778638,0.000340927159414,0.000184559903573,0.000164251308888,0.000194301843294,0.000176715431735,0.000178207963472,0.000200113092433,0.000237836429733,0.000340529630193,0.000168876271346,0.00011897184595,0.0000730310057406,0.0000408175546909,0.0000248862525041,0.00000872666259966,6.39917914214e-7,1.16002972561e-7],"dmean2":[0.0001635975932,0.00440402934328,0.00645767757669,0.0055773104541,0.00530723715201,0.00198976672255,0.00242310622707,0.0008313023136,0.000865032605361,0.000599106831942,0.000494825420901,0.000280182895949,0.000246828596573,0.000293309421977,0.000276263221167,0.000264895323198,0.00029276550049,0.000347256922396,0.0005119710695,0.000251205929089,0.000176191402716,0.000103709135146,0.0000544312424609,0.0000326256304106,0.0000110473220047,8.26205848625e-7,1.57963754077e-7],"dvar":[4.8370725203e-9,0.0000159191658895,0.0000320774997817,0.0000237811054831,0.0000153564451466,0.0000062102103584,0.0000123097479445,0.00000246359854827,0.00000273355408353,9.02422300442e-7,9.3704596793e-7,3.47282337998e-7,2.20510116833e-7,3.19760289358e-7,1.73278849047e-7,1.59234204489e-7,2.75098301472e-7,3.68091576775e-7,5.32601973191e-7,1.53773044076e-7,5.20160483575e-8,1.78824368646e-8,4.23591783871e-9,1.75524239587e-9,2.3038143615e-10,1.10160578576e-12,4.93567013161e-14],"dvar2":[1.53739350139e-8,0.0000418898380303,0.0000826450559543,0.0000635699398117,0.0000430576401413,0.0000129488907987,0.0000248680262303,0.00000525092809767,0.0000053830062825,0.00000198863494916,0.00000191232948055,7.47889032482e-7,4.74169638665e-7,7.37308482712e-7,4.19392478079e-7,3.39701784924e-7,5.17216790286e-7,7.48893910441e-7,0.00000115430145797,3.0615009905e-7,1.19154840661e-7,3.65528478596e-8,7.82983189396e-9,3.21988546936e-9,3.87988474682e-10,1.81844068883e-12,8.86194871826e-14],"max":[0.000576930644456,0.0567664541304,0.0792532861233,0.0848510637879,0.0544124916196,0.0476797223091,0.0613588951528,0.0356476046145,0.0450574830174,0.0216078404337,0.0232192352414,0.0137431109324,0.0128594236448,0.0117131667212,0.00993942469358,0.00880564749241,0.0234120693058,0.0126587515697,0.0171784069389,0.00860030110925,0.00664227036759,0.00291637727059,0.00104256416671,0.000541811052244,0.000224064162467,0.0000170160510606,0.00000311562325805],"mean":[0.0000694911796018,0.00521257193759,0.0075361491181,0.00578604778275,0.00535607989877,0.00215569301508,0.0029264097102,0.000791143800598,0.00120919919573,0.000684768368956,0.000562258996069,0.000276517646853,0.000265016627964,0.000293104763841,0.000277118990198,0.000304634129861,0.000345382402884,0.000372345180949,0.000587405636907,0.000267436960712,0.000198411566089,0.000128304352984,0.0000690946617397,0.00004070268551,0.0000143987836054,0.00000112084569537,1.92304980828e-7],"median":[0.0000473327963846,0.00281272293068,0.00329924700782,0.00274592498317,0.0036797451321,0.00112503999844,0.00122610025574,0.000215236737859,0.000255377730355,0.000219527748413,0.00012797859381,0.0000637339326204,0.0000603771404712,0.0000714461129974,0.0000810976707726,0.0000927642468014,0.0000934699055506,0.0000853513629409,0.00018282084784,0.000100818375358,0.0000892950338311,0.000048708585382,0.0000227296295634,0.0000103473566924,0.00000329768795382,3.43828304494e-7,5.55386350243e-8],"min":[4.64899446578e-25,5.6592952338e-24,3.498316018e-23,2.95648595861e-23,1.4423091029e-22,2.95754934311e-23,1.32747973274e-22,1.74747047775e-23,1.0018005275e-22,1.04429987235e-22,9.60939110336e-23,2.57053140622e-22,1.55232099416e-22,9.78345610199e-23,1.38812887375e-22,2.20771445972e-22,1.51916068959e-22,1.90907532372e-22,2.273643289e-22,2.84425680022e-22,6.39971323213e-22,5.94331087655e-22,6.78406595512e-22,8.07812499608e-22,1.47415510209e-21,1.3169043518e-21,1.95043978171e-21],"var":[4.8272279507e-9,0.0000403920203098,0.000117194744234,0.0000645072577754,0.0000303022097796,0.0000124609605336,0.0000298898794426,0.00000446893864137,0.0000100198558357,0.00000208456754081,0.00000225792882702,6.48239279144e-7,5.42566908734e-7,5.99552208769e-7,3.17360729696e-7,3.75429124233e-7,7.59036936415e-7,7.7101634588e-7,0.00000138193308885,2.94455446692e-7,8.85511397541e-8,4.07818276926e-8,1.1223339591e-8,4.54597470778e-9,6.2346172669e-10,3.25324966619e-12,1.19762313673e-13]},"barkbands_crest":{"dmean":2.68310713768,"dmean2":4.37165784836,"dvar":5.33028554916,"dvar2":14.6293745041,"max":25.9887828827,"mean":11.2077493668,"median":10.6006822586,"min":3.31897139549,"var":16.1824188232},"barkbands_flatness_db":{"dmean":0.0300203710794,"dmean2":0.0419790036976,"dvar":0.000925861939322,"dvar2":0.00177781761158,"max":0.50598180294,"mean":0.193444892764,"median":0.177423268557,"min":0.0569863840938,"var":0.0061173052527},"barkbands_kurtosis":{"dmean":6.18049907684,"dmean2":10.0513401031,"dvar":570.553222656,"dvar2":1854.66369629,"max":973.251708984,"mean":9.79685211182,"median":5.33284330368,"min":-1.88663816452,"var":505.849182129},"barkbands_skewness":{"dmean":0.692665278912,"dmean2":1.07800137997,"dvar":0.735293447971,"dvar2":2.10377335548,"max":23.6442375183,"mean":2.26963448524,"median":2.06469941139,"min":-1.518912673,"var":2.13089203835},"barkbands_spread":{"dmean":5.02512264252,"dmean2":7.50129938126,"dvar":35.9378662109,"dvar2":76.7910461426,"max":78.4851837158,"mean":16.3785648346,"median":13.1865510941,"min":0.167230695486,"var":151.756942749},"dissonance":{"dmean":0.0218539070338,"dmean2":0.0355878435075,"dvar":0.000542909256183,"dvar2":0.00135944643989,"max":0.499999940395,"mean":0.45008212328,"median":0.463187366724,"min":0.238281562924,"var":0.00172666530125},"dynamic_complexity":2.23231887817,"erbbands":{"dmean":[0.0235393382609,0.795099377632,4.15705537796,7.56279420853,11.007809639,12.481010437,6.35845899582,11.7639083862,21.8179302216,19.4617862701,11.5856876373,14.2579097748,11.5777072906,12.665719986,9.66334629059,7.48470687866,7.79904603958,7.9426035881,9.03537845612,8.13266086578,11.8145904541,10.8686676025,12.3759441376,15.3855743408,13.7605314255,8.23551750183,5.46136617661,4.18018293381,2.59893035889,1.83402526379,1.04019272327,0.608335912228,0.375928908587,0.15003362298,0.0371174365282,0.00524755055085,0.000903841340914,0.000165665594977,0.0000221153004532,0.0000107125943032],"dmean2":[0.0387346558273,1.29781007767,6.72767925262,12.6700668335,18.4857807159,20.9628009796,9.90788173676,18.3774528503,32.5694541931,28.8275604248,17.1065349579,20.1329879761,17.7149333954,18.6997032166,13.8668403625,10.9824171066,11.5928115845,11.9839468002,13.6996955872,12.6335000992,17.4072799683,15.5067148209,17.9695205688,22.8319950104,20.8023471832,12.2542476654,8.18287563324,6.07837057114,3.70906162262,2.50040316582,1.38248217106,0.810872077942,0.498095482588,0.191777870059,0.0471183545887,0.00664588762447,0.00117731653154,0.000221359790885,0.0000298934373859,0.000016734806195],"dvar":[0.00129359425046,1.33149325848,34.26222229,109.652954102,183.157043457,312.759246826,137.641342163,561.880065918,2420.21826172,2307.73168945,1006.87591553,2024.57019043,834.636230469,1293.31079102,622.232971191,544.278564453,496.618286133,592.88470459,526.460693359,334.694610596,779.763793945,584.463378906,958.867675781,1749.30419922,843.051269531,331.812744141,132.399719238,55.503944397,25.2289180756,8.11206150055,2.83640980721,1.0150976181,0.423071920872,0.0674770474434,0.00430167233571,0.0000723723351257,0.00000233321657106,8.64839790893e-8,1.44061251817e-9,1.14559924047e-10],"dvar2":[0.00331902783364,3.45867466927,83.6050338745,307.616516113,508.031494141,868.802734375,291.11730957,1199.50256348,4848.98974609,4617.70117188,2016.33154297,3769.85449219,1899.75463867,2798.69799805,1192.58166504,1159.12158203,1054.52734375,1355.2845459,1276.32910156,824.398864746,1610.24658203,1142.31494141,1997.45458984,3848.62792969,1862.10546875,717.232788086,300.652099609,125.280891418,52.4971694946,15.4972352982,5.28488826752,1.8965896368,0.773574411869,0.114623904228,0.00734158419073,0.000114504997327,0.00000394467588194,1.47354455748e-7,2.54869525484e-9,2.78173706292e-10],"max":[0.551866889,16.4541034698,100.427032471,140.627319336,175.837356567,315.317810059,443.490692139,463.28503418,956.671325684,836.180358887,731.264404297,1392.60559082,767.276062012,763.854187012,828.823791504,673.8828125,627.942199707,642.829650879,502.728942871,367.081359863,811.633911133,607.816711426,628.090209961,1230.91564941,538.459960938,337.896240234,326.92074585,159.794219971,121.259208679,36.9128189087,23.5515880585,13.0283203125,8.19862270355,3.62255859375,0.939625442028,0.130032971501,0.0284394994378,0.00417255098,0.000543339119758,0.000146691250848],"mean":[0.0475659146905,1.60317349434,8.47331809998,14.0633621216,19.3402767181,19.8035297394,11.5389385223,19.2470798492,38.1825523376,33.1394233704,21.8055362701,28.9457054138,21.8463077545,22.8568477631,17.4525337219,12.3733186722,13.3124876022,12.8104810715,15.0651826859,13.5114154816,20.8755474091,20.430557251,20.9931278229,27.1607322693,23.2525272369,13.4189786911,8.86649894714,7.1698975563,4.52163076401,3.19353699684,1.74557435513,0.996425032616,0.607845962048,0.244443103671,0.061567697674,0.00923078507185,0.00158804480452,0.000286626658635,0.000050595815992,0.0000431487387687],"median":[0.0282013304532,0.925452232361,4.25447177887,9.18531608582,12.929523468,11.7625246048,7.24966144562,10.1179504395,16.1602725983,12.3521690369,6.73046541214,6.03332662582,7.6844959259,7.89684486389,5.30428314209,3.43313932419,3.08538746834,3.96093273163,4.35663461685,4.69495677948,6.38871145248,6.25395393372,5.50302839279,7.80534410477,8.00833702087,5.29764270782,4.07772779465,3.14454674721,1.75621592999,1.20597374439,0.571379482746,0.280921518803,0.140755578876,0.0537628345191,0.0148719409481,0.00276219518855,0.000485466909595,0.0000865945767146,0.0000300746360153,0.0000425174221164],"min":[8.7860336263e-23,2.24604901026e-21,3.26581019411e-20,7.06330817529e-20,3.04616420855e-19,5.22178234394e-19,3.97595295717e-19,2.71482667443e-19,2.0980985424e-18,5.73638587867e-19,8.3712528807e-19,2.03146273341e-18,2.40876235146e-18,4.79685718173e-18,4.49259781856e-18,1.23170667368e-17,6.84989836898e-18,5.22547115588e-18,6.34834071328e-18,7.52267248531e-18,1.07851629839e-17,8.98826695873e-18,9.74753356145e-18,1.08876721685e-17,1.26073690815e-17,1.7716693326e-17,2.50699765927e-17,2.22177056393e-17,1.45609231885e-17,2.61158240545e-17,2.16024602803e-17,1.71309849322e-17,1.37726746587e-17,1.31489639332e-17,1.13888865442e-17,5.74472261848e-18,2.46197219193e-18,9.22261301653e-19,3.00711533828e-19,2.87285869036e-20],"var":[0.00291032600217,3.7088227272,147.154922485,236.925262451,395.355163574,595.193664551,285.09274292,1019.93615723,5615.19433594,4843.02587891,2739.09936523,6753.57373047,2118.17333984,2654.3671875,1599.97436523,1108.89672852,1301.18811035,1055.28356934,1044.79150391,589.293457031,1964.90539551,1752.77636719,2118.27514648,4031.21655273,2052.03955078,586.062561035,201.583908081,110.353668213,52.9425621033,21.715007782,7.3724064827,2.57221794128,1.07501113415,0.180497780442,0.0116085670888,0.000220557427383,0.00000668707707518,2.36378227214e-7,3.88063270407e-9,5.11760744892e-10]},"erbbands_crest":{"dmean":2.86314916611,"dmean2":4.54409265518,"dvar":7.08377361298,"dvar2":17.3227100372,"max":29.4779205322,"mean":9.6660451889,"median":8.79007816315,"min":2.43452453613,"var":20.275844574},"erbbands_flatness_db":{"dmean":0.0206307824701,"dmean2":0.0270269494504,"dvar":0.000430699466961,"dvar2":0.000769875885453,"max":0.381647855043,"mean":0.182576954365,"median":0.179914310575,"min":0.0274470336735,"var":0.00318440189585},"erbbands_kurtosis":{"dmean":1.40827596188,"dmean2":2.17388629913,"dvar":5.12162971497,"dvar2":11.4588336945,"max":37.238494873,"mean":1.10585355759,"median":-0.250669062138,"min":-1.87128078938,"var":12.5794639587},"erbbands_skewness":{"dmean":0.457540094852,"dmean2":0.678836405277,"dvar":0.221973374486,"dvar2":0.466771930456,"max":5.3757648468,"mean":0.522863149643,"median":0.48859962821,"min":-4.17808628082,"var":1.10194432735},"erbbands_spread":{"dmean":9.97908496857,"dmean2":14.7416610718,"dvar":113.747375488,"dvar2":239.421646118,"max":140.758895874,"mean":43.8959693909,"median":41.3558769226,"min":3.58472037315,"var":586.850646973},"gfcc":{"cov":[[32206.296875,1911.62084961,-4137.85595703,906.788391113,-2144.99072266,-225.374267578,-988.515319824,163.872817993,-334.737365723,-194.274795532,-69.0987854004,-213.270950317,-36.7931785583],[1911.62084961,2221.40087891,-24.2181453705,-341.57434082,45.3760452271,-429.529449463,213.269973755,-247.468231201,145.701461792,-183.056518555,131.651229858,-145.770172119,122.707901001],[-4137.85595703,-24.2181453705,971.593811035,-21.3072738647,216.669631958,62.7850036621,163.757720947,-45.7041015625,82.1249084473,20.4036159515,24.5573215485,-11.649805069,37.4701728821],[906.788391113,-341.57434082,-21.3072738647,377.617736816,17.1389045715,46.6271514893,-107.298713684,32.8210220337,-10.1983880997,32.5567779541,-17.6820316315,14.7817296982,9.607878685],[-2144.99072266,45.3760452271,216.669631958,17.1389045715,475.424194336,-26.0745372772,37.2391777039,-16.8875865936,60.6125259399,-22.1182460785,15.9657993317,37.9793663025,28.9148216248],[-225.374267578,-429.529449463,62.7850036621,46.6271514893,-26.0745372772,240.069747925,-5.68411493301,70.3126220703,-21.5312137604,25.8052616119,-24.5654907227,39.6548576355,-9.30875682831],[-988.515319824,213.269973755,163.757720947,-107.298713684,37.2391777039,-5.68411493301,236.632232666,7.54538345337,9.68345355988,-18.1637516022,24.6658191681,-28.4427623749,-10.3835659027],[163.872817993,-247.468231201,-45.7041015625,32.8210220337,-16.8875865936,70.3126220703,7.54538345337,145.663925171,6.46021699905,7.03393268585,-16.0818519592,28.9074249268,-12.5434484482],[-334.737365723,145.701461792,82.1249084473,-10.1983880997,60.6125259399,-21.5312137604,9.68345355988,6.46021699905,98.4439620972,26.0983028412,11.8465900421,-9.31790161133,14.0252113342],[-194.274795532,-183.056518555,20.4036159515,32.5567779541,-22.1182460785,25.8052616119,-18.1637516022,7.03393268585,26.0983028412,107.632484436,23.8058834076,-8.30551052094,-30.6476783752],[-69.0987854004,131.651229858,24.5573215485,-17.6820316315,15.9657993317,-24.5654907227,24.6658191681,-16.0818519592,11.8465900421,23.8058834076,69.5049057007,13.8718137741,-1.36894750595],[-213.270950317,-145.770172119,-11.649805069,14.7817296982,37.9793663025,39.6548576355,-28.4427623749,28.9074249268,-9.31790161133,-8.30551052094,13.8718137741,95.4667053223,30.7239723206],[-36.7931785583,122.707901001,37.4701728821,9.607878685,28.9148216248,-9.30875682831,-10.3835659027,-12.5434484482,14.0252113342,-30.6476783752,-1.36894750595,30.7239723206,80.3748245239]],"icov":[[0.000375725940103,-0.00123883003835,0.00101803976577,-0.00136791961268,0.000986871891655,-0.00100623792969,0.000982355792075,-0.00107809435576,0.00118414999451,-0.000815367500763,0.00102157471702,-0.000471387029393,0.000919375335798],[-0.00123883003835,0.00712155317888,-0.00249529536813,0.00544643541798,-0.00271255872212,0.00494371494278,-0.00451171351597,0.0060583059676,-0.00887036137283,0.00872539915144,-0.00994822569191,0.00630788691342,-0.00672204932198],[0.00101803976577,-0.00249529536813,0.00452750734985,-0.00359982764348,0.00232646870427,-0.00306848040782,0.00121022656094,-0.00135964306537,0.000909723807126,-0.000860143452883,0.000948529341258,0.000330013979692,0.000750321720261],[-0.00136791961268,0.00544643541798,-0.00359982764348,0.00866559613496,-0.00387611333281,0.00391112221405,-0.0023154146038,0.003594055539,-0.00464228121564,0.00356557336636,-0.00563973886892,0.00412771105766,-0.00569398282096],[0.000986871891655,-0.00271255872212,0.00232646870427,-0.00387611333281,0.00550372805446,-0.00192573794629,0.00199014833197,-0.00178017187864,0.000314429780701,0.0000649722132948,0.00169855018612,-0.00237574335188,0.0026550500188],[-0.00100623792969,0.00494371494278,-0.00306848040782,0.00391112221405,-0.00192573794629,0.00989472959191,-0.00360729475506,0.0020389999263,-0.00401601195335,0.00314267887734,-0.00323572522029,0.000873362936545,-0.00384409725666],[0.000982355792075,-0.00451171351597,0.00121022656094,-0.0023154146038,0.00199014833197,-0.00360729475506,0.009809743613,-0.0059656072408,0.00610938342288,-0.00283945538104,0.00192829780281,-0.0000169591148733,0.00414339965209],[-0.00107809435576,0.0060583059676,-0.00135964306537,0.003594055539,-0.00178017187864,0.0020389999263,-0.0059656072408,0.0154183814302,-0.0110339103267,0.00787028763443,-0.00534374406561,0.000711818574928,-0.00246309302747],[0.00118414999451,-0.00887036137283,0.000909723807126,-0.00464228121564,0.000314429780701,-0.00401601195335,0.00610938342288,-0.0110339103267,0.0273535214365,-0.0178597290069,0.0128176836297,-0.00517952116206,0.00331931305118],[-0.000815367500763,0.00872539915144,-0.000860143452883,0.00356557336636,0.0000649722132948,0.00314267887734,-0.00283945538104,0.00787028763443,-0.0178597290069,0.0291007664055,-0.0214026924223,0.0111225862056,-0.00292084459215],[0.00102157471702,-0.00994822569191,0.000948529341258,-0.00563973886892,0.00169855018612,-0.00323572522029,0.00192829780281,-0.00534374406561,0.0128176836297,-0.0214026924223,0.0381994061172,-0.0190316103399,0.0118447924033],[-0.000471387029393,0.00630788691342,0.000330013979692,0.00412771105766,-0.00237574335188,0.000873362936545,-0.0000169591148733,0.000711818574928,-0.00517952116206,0.0111225862056,-0.0190316103399,0.0268270913512,-0.0148626351729],[0.000919375335798,-0.00672204932198,0.000750321720261,-0.00569398282096,0.0026550500188,-0.00384409725666,0.00414339965209,-0.00246309302747,0.00331931305118,-0.00292084459215,0.0118447924033,-0.0148626351729,0.0263966247439]],"mean":[-56.4440841675,129.416549683,-110.959373474,54.1381912231,-58.9022293091,-0.491668134928,-28.4948673248,-1.69614350796,-18.1962451935,-11.2958221436,-11.1520490646,-12.3491230011,-6.72784519196]},"hfc":{"dmean":4.63849544525,"dmean2":6.22154426575,"dvar":33.4068260193,"dvar2":57.5096549988,"max":78.226776123,"mean":17.8559684753,"median":15.3293008804,"min":1.09916117138e-16,"var":172.897750854},"melbands":{"dmean":[0.000467157660751,0.00176772347186,0.00134633574635,0.000840913678985,0.000254459591815,0.000262465822743,0.000328123394866,0.000190411446965,0.0000977354575298,0.0000864942339831,0.0000602860054641,0.0000526557196281,0.000042289684643,0.0000210538601095,0.0000204287534871,0.0000133340590764,0.0000169538707269,0.0000164986686286,0.0000115675138659,0.00000883334723767,0.0000166404915944,0.0000119410797197,0.000015165316654,0.0000100618772194,0.0000138063160193,0.0000120440772662,0.00000766199445934,0.00000531653222424,0.00000362621290151,0.00000325240489474,0.00000234626782003,0.00000162050093877,0.00000129427030515,9.9203020909e-7,6.38521783003e-7,4.81911285988e-7,3.52149811533e-7,2.86731363985e-7,1.96024799948e-7,1.0948382112e-7],"dmean2":[0.000763409247156,0.00286215357482,0.00225122924894,0.00142099685036,0.000402803270845,0.000407839106629,0.000487989454996,0.000280242820736,0.000144823192386,0.000123312333017,0.0000916772696655,0.000078131990449,0.0000604519955232,0.000031805710023,0.0000303484739561,0.0000198845646082,0.0000255553586612,0.000024936558475,0.0000182099975063,0.0000135462669277,0.0000247918633249,0.0000172896361619,0.0000225793774007,0.0000148233848449,0.000020848638087,0.0000183590927918,0.0000113762444016,0.00000811609152152,0.00000554367215955,0.00000496848360854,0.00000347856689586,0.00000239234418586,0.00000186327292795,0.00000138591235554,8.82514711975e-7,6.59269744574e-7,4.84049053284e-7,3.90358337654e-7,2.63442387904e-7,1.44352540588e-7],"dvar":[4.85829048102e-7,0.00000575813010073,0.00000303576644001,0.00000108069730231,1.40441272833e-7,2.75974400665e-7,5.2437121667e-7,2.17879374986e-7,6.94500599252e-8,7.56506892685e-8,2.25922729413e-8,2.0998854211e-8,1.20164704853e-8,4.82817608116e-9,3.67581254324e-9,1.34451438871e-9,2.90508173073e-9,1.84842730011e-9,9.07447950116e-10,3.62525370834e-10,1.78540560114e-9,8.7764884249e-10,1.99743910301e-9,6.02809524519e-10,1.70468184013e-9,7.02311708789e-10,3.54867218944e-10,1.60913157798e-10,6.47028750023e-11,4.1171913101e-11,1.87663079521e-11,1.14033348736e-11,4.99252245448e-12,2.51155498308e-12,1.15725701591e-12,6.44599391225e-13,3.56554222996e-13,2.49887594341e-13,1.19377259271e-13,3.85816087466e-14],"dvar2":[0.00000126306144921,0.0000141822347359,0.00000828808879305,0.00000304594686895,3.21385357438e-7,5.69355677271e-7,0.00000104600576378,4.39413270215e-7,1.3441065505e-7,1.46409647073e-7,5.08199740068e-8,4.53826878299e-8,2.27199503655e-8,9.91034099229e-9,8.32164204212e-9,2.91643353911e-9,6.63575194793e-9,4.47594850073e-9,2.2835517921e-9,8.8378276919e-10,3.68018326924e-9,1.66098490517e-9,4.24901758223e-9,1.29433908036e-9,3.78832520909e-9,1.57090684905e-9,6.82570167054e-10,3.68765795677e-10,1.45321074618e-10,9.99000535074e-11,4.3056405663e-11,2.45345549432e-11,1.05516567706e-11,5.06392670852e-12,2.31699858952e-12,1.22198583717e-12,7.06952183425e-13,4.76353765461e-13,2.1614436315e-13,7.05276088182e-14],"max":[0.0102106938139,0.0420999899507,0.0282379537821,0.0137624880299,0.0115001676604,0.0100998152047,0.0127830263227,0.00807180255651,0.0050637354143,0.00887835584581,0.00392794050276,0.00294505967759,0.00288927252404,0.00178988988046,0.00134648894891,0.000901846855413,0.00141309434548,0.00097074144287,0.000974596943706,0.000320483901305,0.0014522287529,0.000971426197793,0.00087259040447,0.000522876391187,0.00125948118512,0.000754364649765,0.000481581169879,0.000277593062492,0.00018816847296,0.000199931644602,0.0000947374501266,0.0000822710135253,0.0000438921233581,0.0000241890575126,0.0000173633252416,0.0000108844096758,0.00000770545557316,0.00000643399744149,0.00000564748415854,0.00000298901636597],"mean":[0.000934428884648,0.00368274259381,0.00268905167468,0.00145722331945,0.000477425637655,0.000442183489213,0.000597757403739,0.000307798123686,0.000187363577425,0.000171713356394,0.000106223065814,0.0000924957566895,0.0000733915076125,0.0000313271521009,0.0000336408447765,0.0000214926039916,0.0000254492952081,0.0000258917862084,0.0000182205585588,0.0000150211299115,0.0000276090268017,0.0000206656404771,0.0000228351709666,0.0000159963092301,0.0000229540200962,0.0000197565641429,0.0000121927077998,0.000008001939932,0.00000541945064469,0.00000508903895025,0.00000388768194171,0.000002670602953,0.00000212001577893,0.00000163259062447,0.00000102627723209,7.67056178574e-7,5.53602660602e-7,4.50900415672e-7,3.09900912043e-7,1.71565147866e-7],"median":[0.000515083782375,0.00214438466355,0.00186702853534,0.00105834857095,0.000316000223393,0.00023078850063,0.000255595747149,0.000107512452814,0.0000450810111943,0.0000360017911589,0.0000361125421477,0.0000315817778755,0.0000188474041352,0.00000738776634535,0.00000749163427827,0.00000569595022171,0.00000620472383162,0.00000675887531543,0.00000548911202713,0.00000550623053641,0.0000068639537858,0.0000056193734963,0.00000459935063191,0.00000386826377508,0.00000558325245947,0.00000608151458437,0.00000412490362578,0.00000289128252007,0.00000222630364988,0.00000214439091906,0.00000158870250289,9.79281480795e-7,7.80330765338e-7,5.48515401988e-7,3.21550118088e-7,2.21662560307e-7,1.46339331764e-7,1.02313208572e-7,6.70361188781e-8,3.6646103041e-8],"min":[1.11697951292e-24,1.20048734227e-23,1.79356125386e-23,3.2876119013e-23,1.53703062946e-23,7.24545785593e-24,3.00279430256e-23,4.43761435445e-24,8.38366186873e-24,1.33996165796e-23,1.16197270741e-23,1.93675197216e-23,1.38953951482e-23,2.83756580824e-23,2.85235505694e-23,9.9321832039e-24,9.2041166532e-24,8.62416504834e-24,1.06591145838e-23,1.14649596643e-23,1.33810815038e-23,7.95197982645e-24,1.00321476578e-23,1.02426717564e-23,8.38866719117e-24,8.92800350346e-24,8.71751174812e-24,1.18641548367e-23,1.40716866278e-23,1.55047234597e-23,1.25924209693e-23,7.27027620887e-24,1.12975783685e-23,1.47625552314e-23,1.31679707303e-23,8.8134411785e-24,1.1173553657e-23,8.47980350269e-24,1.1753385355e-23,1.05516843502e-23],"var":[0.00000120499305467,0.0000231409139815,0.00000751350125938,0.00000206842241823,3.24196321344e-7,5.49273352135e-7,0.00000127622820401,4.25510421564e-7,2.0887523533e-7,2.47848419122e-7,5.41863194314e-8,4.35171436663e-8,3.28721725396e-8,8.81407125064e-9,7.71097496965e-9,2.92092949827e-9,5.24605026087e-9,3.46655748551e-9,1.40645717295e-9,7.72328145882e-10,4.38024461147e-9,2.58716337243e-9,3.74585162888e-9,1.34476318969e-9,3.71217923067e-9,1.71406100424e-9,8.56133997029e-10,2.33200209143e-10,9.29524096582e-11,6.18549933495e-11,3.6478799148e-11,2.14770510404e-11,1.09661307812e-11,6.09648789784e-12,2.68480355135e-12,1.54512860839e-12,8.34890425024e-13,6.02286883561e-13,2.95314364325e-13,9.3403949397e-14]},"melbands_crest":{"dmean":3.55238437653,"dmean2":5.85716056824,"dvar":9.18833446503,"dvar2":24.2214012146,"max":38.8433761597,"mean":16.7221832275,"median":15.481880188,"min":2.56139326096,"var":36.9365005493},"melbands_flatness_db":{"dmean":0.0363806150854,"dmean2":0.049598775804,"dvar":0.00134464644361,"dvar2":0.00240659154952,"max":0.642623782158,"mean":0.26660835743,"median":0.248836860061,"min":0.0093498295173,"var":0.00935496762395},"melbands_kurtosis":{"dmean":12.6822690964,"dmean2":20.0939311981,"dvar":787.96270752,"dvar2":2270.58325195,"max":1338.66113281,"mean":26.8434886932,"median":15.5221500397,"min":-1.51260960102,"var":1431.19262695},"melbands_skewness":{"dmean":0.931524157524,"dmean2":1.43903326988,"dvar":1.050527215,"dvar2":2.58017849922,"max":32.6736373901,"mean":3.6605322361,"median":3.1941485405,"min":-0.179959148169,"var":4.90394163132},"melbands_spread":{"dmean":5.13934373856,"dmean2":7.81561422348,"dvar":50.4219169617,"dvar2":109.759414673,"max":130.425933838,"mean":14.4469175339,"median":10.5590248108,"min":0.334088504314,"var":168.761245728},"mfcc":{"cov":[[16591.9394531,414.681640625,-753.098754883,725.969604492,-273.255706787,21.8591899872,-209.662139893,132.981277466,-135.806976318,24.600019455,-70.0839157104,-104.353042603,-148.934036255],[414.681640625,2534.59155273,149.609146118,265.299072266,-43.5129241943,-9.14813327789,48.4145355225,0.304956018925,20.8938694,-17.4083480835,-48.2206077576,-13.6229324341,26.2924537659],[-753.098754883,149.609146118,629.216674805,12.8815002441,-31.8023052216,53.728931427,37.8314933777,-15.6429586411,40.9279556274,12.6037683487,6.80500841141,25.3985462189,10.1092891693],[725.969604492,265.299072266,12.8815002441,377.898284912,107.365150452,29.8757858276,-8.61773872375,-15.2784013748,-7.86994361877,22.4223995209,-21.660451889,-21.7434005737,4.28027153015],[-273.255706787,-43.5129241943,-31.8023052216,107.365150452,325.771484375,38.5045776367,-37.456993103,10.7872457504,27.5646953583,-33.0266799927,-20.2000102997,22.5867576599,-8.93887710571],[21.8591899872,-9.14813327789,53.728931427,29.8757858276,38.5045776367,114.338737488,19.3421459198,-14.1777858734,1.22875571251,0.276002764702,4.61456823349,8.3445110321,-0.245425522327],[-209.662139893,48.4145355225,37.8314933777,-8.61773872375,-37.456993103,19.3421459198,119.270782471,48.5587234497,4.80345106125,9.08714008331,9.27079200745,0.985078155994,4.64577484131],[132.981277466,0.304956018925,-15.6429586411,-15.2784013748,10.7872457504,-14.1777858734,48.5587234497,128.078521729,48.0021934509,-23.6407489777,-9.13563251495,10.2776594162,-2.09106230736],[-135.806976318,20.8938694,40.9279556274,-7.86994361877,27.5646953583,1.22875571251,4.80345106125,48.0021934509,88.2841873169,15.0676422119,-9.50763893127,9.76509571075,0.343475401402],[24.600019455,-17.4083480835,12.6037683487,22.4223995209,-33.0266799927,0.276002764702,9.08714008331,-23.6407489777,15.0676422119,104.984451294,41.7713813782,-21.8569164276,2.0497367382],[-70.0839157104,-48.2206077576,6.80500841141,-21.660451889,-20.2000102997,4.61456823349,9.27079200745,-9.13563251495,-9.50763893127,41.7713813782,98.0448760986,28.8980674744,-2.37948131561],[-104.353042603,-13.6229324341,25.3985462189,-21.7434005737,22.5867576599,8.3445110321,0.985078155994,10.2776594162,9.76509571075,-21.8569164276,28.8980674744,100.007453918,32.1196632385],[-148.934036255,26.2924537659,10.1092891693,4.28027153015,-8.93887710571,-0.245425522327,4.64577484131,-2.09106230736,0.343475401402,2.0497367382,-2.37948131561,32.1196632385,75.5787887573]],"icov":[[0.0000894885961316,-0.00000531706700713,0.0000966013030848,-0.000214845596929,0.000216382002691,-0.000180753195309,0.000346375920344,-0.000374961964553,0.000253803475061,-0.000162068579812,0.000138144780067,-0.00015595286095,0.000244648137596],[-0.00000531706700713,0.000458106544102,-0.0000741359472158,-0.000396077113692,0.00017564719019,0.000199456597329,-0.000299104431178,0.0002761950891,-0.000384585320717,0.000390703469748,-0.00000925673793972,0.0000756112858653,-0.000131321023218],[0.0000966013030848,-0.0000741359472158,0.00196648342535,-0.000357318174792,0.000596960133407,-0.000859668420162,-0.000366898690118,0.000658244127408,-0.00126545201056,0.000225042022066,0.0000279835730908,-0.000550497148652,0.000316411227686],[-0.000214845596929,-0.000396077113692,-0.000357318174792,0.00415100948885,-0.00195258832537,-0.000249276170507,-0.000417100032791,0.000216151427594,0.00113523367327,-0.00173915980849,0.000884872162715,0.000701644341461,-0.000901320774574],[0.000216382002691,0.00017564719019,0.000596960133407,-0.00195258832537,0.0048376317136,-0.00178736774251,0.00204642931931,-0.000907005451154,-0.00128238322213,0.00119558977894,0.000371188332792,-0.00135887600482,0.00137408112641],[-0.000180753195309,0.000199456597329,-0.000859668420162,-0.000249276170507,-0.00178736774251,0.0110760387033,-0.0040128370747,0.00381085346453,-0.00175075035077,0.00147901766468,-0.000973198038992,-0.0000415294962295,-0.000164943077834],[0.000346375920344,-0.000299104431178,-0.000366898690118,-0.000417100032791,0.00204642931931,-0.0040128370747,0.0141218807548,-0.008873635903,0.00500269932672,-0.00373382703401,0.000765503733419,-0.000673903094139,0.000363770901458],[-0.000374961964553,0.0002761950891,0.000658244127408,0.000216151427594,-0.000907005451154,0.00381085346453,-0.008873635903,0.0175341088325,-0.011523607187,0.00757441855967,-0.00286296126433,0.0016032041749,-0.000924105057493],[0.000253803475061,-0.000384585320717,-0.00126545201056,0.00113523367327,-0.00128238322213,-0.00175075035077,0.00500269932672,-0.011523607187,0.0219370070845,-0.0104753691703,0.00665483530611,-0.00476567074656,0.0023744541686],[-0.000162068579812,0.000390703469748,0.000225042022066,-0.00173915980849,0.00119558977894,0.00147901766468,-0.00373382703401,0.00757441855967,-0.0104753691703,0.0201805867255,-0.0112657938153,0.0083533572033,-0.0042060255073],[0.000138144780067,-0.00000925673793972,0.0000279835730908,0.000884872162715,0.000371188332792,-0.000973198038992,0.000765503733419,-0.00286296126433,0.00665483530611,-0.0112657938153,0.018638599664,-0.00950325746089,0.00503688119352],[-0.00015595286095,0.0000756112858653,-0.000550497148652,0.000701644341461,-0.00135887600482,-0.0000415294962295,-0.000673903094139,0.0016032041749,-0.00476567074656,0.0083533572033,-0.00950325746089,0.0180783011019,-0.00856184214354],[0.000244648137596,-0.000131321023218,0.000316411227686,-0.000901320774574,0.00137408112641,-0.000164943077834,0.000363770901458,-0.000924105057493,0.0023744541686,-0.0042060255073,0.00503688119352,-0.00856184214354,0.017782272771]],"mean":[-678.364624023,138.177001953,10.5378217697,45.5941963196,-1.65703344345,4.39474868774,-1.55863320827,3.24506855011,-1.59262359142,0.448963135481,-4.65520381927,-3.7820930481,-2.84265494347]},"pitch_salience":{"dmean":0.077965579927,"dmean2":0.128311812878,"dvar":0.00452226540074,"dvar2":0.0121760033071,"max":0.825471460819,"mean":0.515987813473,"median":0.530138134956,"min":0.0536778457463,"var":0.0149538433179},"silence_rate_20dB":{"dmean":0,"dmean2":0,"dvar":0,"dvar2":0,"max":1,"mean":1,"median":1,"min":1,"var":0},"silence_rate_30dB":{"dmean":0.00194489466958,"dmean2":0.00389041984454,"dvar":0.00194112374447,"dvar2":0.00419953232631,"max":1,"mean":0.998217463493,"median":1,"min":0,"var":0.00177928293124},"silence_rate_60dB":{"dmean":0.00324149103835,"dmean2":0.00648403307423,"dvar":0.00323102204129,"dvar2":0.0090355258435,"max":1,"mean":0.0633608847857,"median":0,"min":0,"var":0.0593458153307},"spectral_centroid":{"dmean":269.908813477,"dmean2":400.27456665,"dvar":108381.445313,"dvar2":207555.5,"max":10984.7705078,"mean":1062.18054199,"median":932.146118164,"min":128.717376709,"var":448078.5},"spectral_complexity":{"dmean":3.61717987061,"dmean2":5.142162323,"dvar":17.6668338776,"dvar2":30.6530361176,"max":53,"mean":15.7786417007,"median":14,"min":0,"var":92.8661499023},"spectral_contrast_coeffs":{"dmean":[0.0522992908955,0.0477855652571,0.0378782823682,0.0301626864821,0.0255479682237,0.0191245079041],"dmean2":[0.0879176482558,0.0774802044034,0.0598456300795,0.0481840781868,0.0393946804106,0.0299014504999],"dvar":[0.00177206040826,0.00158521393314,0.000951679656282,0.000620925915428,0.000528036733158,0.000300966785289],"dvar2":[0.00496756331995,0.00393552845344,0.00225810799748,0.00148646184243,0.00116208882537,0.000659996294416],"max":[-0.309854954481,-0.394924044609,-0.463857471943,-0.550170183182,-0.588511824608,-0.571692705154],"mean":[-0.583058238029,-0.70407640934,-0.766410291195,-0.797864794731,-0.788247048855,-0.739425718784],"median":[-0.576348721981,-0.706715345383,-0.770232021809,-0.801084637642,-0.7899132967,-0.735185623169],"min":[-0.968887329102,-0.974662065506,-0.982376515865,-0.982151389122,-0.980028808117,-0.979792952538],"var":[0.00848826020956,0.00782719347626,0.00541873089969,0.00341525790282,0.00348044675775,0.00239330297336]},"spectral_contrast_valleys":{"dmean":[0.419506728649,0.352104038,0.333248078823,0.322741448879,0.345797210932,0.473666220903],"dmean2":[0.703924417496,0.566789209843,0.517193377018,0.465306341648,0.44807946682,0.550374805927],"dvar":[0.137842521071,0.102423742414,0.103312440217,0.110665813088,0.156598851085,0.265354245901],"dvar2":[0.325452506542,0.214631527662,0.196224063635,0.188618674874,0.24490866065,0.414936810732],"max":[-5.3539185524,-5.14025592804,-5.39622926712,-6.14408540726,-5.69442749023,-8.56042957306],"mean":[-7.3048248291,-7.04916667938,-7.87883090973,-8.36965656281,-7.99716711044,-10.962053299],"median":[-6.9384765625,-6.64416456223,-7.4725689888,-7.93882989883,-7.50901412964,-10.5462875366],"min":[-27.3625164032,-26.9722194672,-27.2597351074,-27.1227359772,-27.2775726318,-27.2426624298],"var":[2.73572802544,3.42728281021,3.2097837925,3.08357477188,3.29534888268,3.02601122856]},"spectral_decrease":{"dmean":2.38665287533e-9,"dmean2":3.86288112608e-9,"dvar":5.90734012305e-18,"dvar2":1.55313417046e-17,"max":-2.01159891943e-28,"mean":-9.03797392482e-9,"median":-8.80391759495e-9,"min":-3.54109772616e-8,"var":2.34597950841e-17},"spectral_energy":{"dmean":0.0092067103833,"dmean2":0.0148419104517,"dvar":0.0000869379218784,"dvar2":0.000226935226237,"max":0.135105282068,"mean":0.0357309728861,"median":0.0351543165743,"min":1.07289372494e-20,"var":0.000354024901753},"spectral_energyband_high":{"dmean":0.000302381522488,"dmean2":0.000400459044613,"dvar":2.80530827013e-7,"dvar2":5.58245062621e-7,"max":0.0104553652927,"mean":0.000567960436456,"median":0.000259390973952,"min":7.50703564396e-21,"var":6.4850689796e-7},"spectral_energyband_low":{"dmean":0.00680426508188,"dmean2":0.0110478280112,"dvar":0.0000697878713254,"dvar2":0.000182154864888,"max":0.130400642753,"mean":0.0156030151993,"median":0.0115647856146,"min":5.08784676064e-23,"var":0.000241987057962},"spectral_energyband_middle_high":{"dmean":0.00143488915637,"dmean2":0.00198032311164,"dvar":0.00000389149545299,"dvar2":0.00000750123717808,"max":0.028078308329,"mean":0.00403660722077,"median":0.00250918907113,"min":1.78107717662e-21,"var":0.0000185137923836},"spectral_energyband_middle_low":{"dmean":0.00620650174096,"dmean2":0.0100133568048,"dvar":0.0000452779349871,"dvar2":0.000113785798021,"max":0.10112490505,"mean":0.0184555500746,"median":0.016453338787,"min":4.64130920534e-22,"var":0.000156400594278},"spectral_entropy":{"dmean":0.240466982126,"dmean2":0.324634224176,"dvar":0.07014092803,"dvar2":0.124090664089,"max":9.7913274765,"mean":7.19452190399,"median":7.28510332108,"min":4.66494941711,"var":0.448089241982},"spectral_flux":{"dmean":0.0236279610544,"dmean2":0.0376996994019,"dvar":0.000475932174595,"dvar2":0.001220385544,"max":0.254485487938,"mean":0.0885263979435,"median":0.0876126736403,"min":0.0000174093893293,"var":0.00161070202012},"spectral_kurtosis":{"dmean":3.73061537743,"dmean2":6.01525068283,"dvar":53.7002716064,"dvar2":121.749031067,"max":109.717422485,"mean":6.43358230591,"median":3.02066779137,"min":-1.20665132999,"var":114.894630432},"spectral_rms":{"dmean":0.000748156628106,"dmean2":0.0011998033151,"dvar":4.96910899983e-7,"dvar2":0.00000125599513012,"max":0.0114808548242,"mean":0.00558284018189,"median":0.00585635472089,"min":3.23531392649e-12,"var":0.00000369155191038},"spectral_rolloff":{"dmean":344.628753662,"dmean2":584.927734375,"dvar":403006.78125,"dvar2":865869,"max":18303.2226563,"mean":857.317077637,"median":473.73046875,"min":21.533203125,"var":821111.875},"spectral_skewness":{"dmean":0.398350328207,"dmean2":0.606234669685,"dvar":0.328991115093,"dvar2":0.672498524189,"max":8.7235584259,"mean":1.57960450649,"median":1.23926115036,"min":-0.347937315702,"var":1.06354010105},"spectral_spread":{"dmean":528517.375,"dmean2":723089.3125,"dvar":498420678656,"dvar2":748825083904,"max":41088952,"mean":4009051,"median":3820918.25,"min":737775.3125,"var":3082325852160},"spectral_strongpeak":{"dmean":0.447283416986,"dmean2":0.750686883926,"dvar":0.709299445152,"dvar2":1.62763726711,"max":17.0503139496,"mean":0.896735966206,"median":0.586565673351,"min":0,"var":1.1578387022},"zerocrossingrate":{"dmean":0.00847037415951,"dmean2":0.0096952598542,"dvar":0.0000988780011539,"dvar2":0.000124717087601,"max":0.49267578125,"mean":0.0428314693272,"median":0.037109375,"min":0.0009765625,"var":0.000887699483428}},"metadata":{"audio_properties":{"analysis_sample_rate":44100,"bit_rate":766286,"codec":"alac","downmix":"mix","equal_loudness":0,"length":143.253326416,"lossless":true,"md5_encoded":"b7fd1d4f1053536ae5769db4ed5730ba","replay_gain":-11.0117053986,"sample_rate":44100},"tags":{"album":["Urban Blues"],"albumartistsort":["Hooker, John Lee"],"artist":["John Lee Hooker"],"artistsort":["Hooker, John Lee"],"bpm":["0"],"compilation":["0"],"date":["1968"],"discnumber":["1/1"],"file_name":"12 John Lee Hooker - Want Ad Blues.m4a","genre":["Delta Blues; Guitar; Blues"],"grouping":["Delta Blues; Guitar"],"mood":["Sexy"],"musicbrainz_albumartistid":["b0122194-c49a-46a1-ade7-84d1d76bd8e9"],"musicbrainz_albumid":["47f79538-f9a0-413f-acb0-6f48ce1ae15a"],"musicbrainz_artistid":["b0122194-c49a-46a1-ade7-84d1d76bd8e9"],"musicbrainz_recordingid":["e74e29b5-20b2-406e-b216-cf0b59760af8"],"musicbrainz_releasegroupid":["2825de98-4b21-37f2-8cae-33c5967425b7"],"script":["Latn"],"title":["Want Ad Blues"],"tracknumber":["12/12"]},"version":{"essentia":"2.1-beta2","essentia_build_sha":"2d9f1f26377add8aeb1075a9c2973f962c4f09fd","essentia_git_sha":"v2.1_beta2-1-ge3940c0","extractor":"music 1.0"}},"rhythm":{"beats_count":281,"beats_loudness":{"dmean":0.0135162547231,"dmean2":0.0236205048859,"dvar":0.000144489982631,"dvar2":0.000455655710539,"max":0.0948223993182,"mean":0.0434321500361,"median":0.04288155213,"min":1.05426272157e-8,"var":0.000301042193314},"beats_loudness_band_ratio":{"dmean":[0.237948983908,0.13849195838,0.128141954541,0.0541941747069,0.0743718072772,0.0457565821707],"dmean2":[0.442019820213,0.247690096498,0.224450156093,0.0940337181091,0.138710841537,0.0839035436511],"dvar":[0.0323299765587,0.0127169638872,0.0205801110715,0.003107318189,0.00622880831361,0.00131695647724],"dvar2":[0.0961071401834,0.0362046509981,0.0525445118546,0.00869812536985,0.0196333862841,0.00429108878598],"max":[0.944732248783,0