{"lowlevel":{"average_loudness":0.953578472137,"barkbands":{"dmean":[0.00000644619603918,0.000402046222007,0.000455349887488,0.00031537990435,0.000428803556133,0.000429460691521,0.000303487933706,0.000407761603128,0.000435081514297,0.000472068524687,0.000273815589026,0.000309486320475,0.000232267484535,0.0004586095165,0.000881945365109,0.000634267169517,0.00084335973952,0.000661275116727,0.000320969411405,0.000133590743644,0.0000878948776517,0.0000712467226549,0.0000346708256984,0.000022769174393,0.0000161403859238,0.00000329669160237,2.87347319272e-7],"dmean2":[0.0000113568848974,0.000604952743743,0.000710401160177,0.000533392652869,0.000700057775248,0.000681215140503,0.000485843018396,0.000644114275929,0.000661246944219,0.000737986760214,0.000434674264397,0.000476480083307,0.000361964135664,0.000722276279703,0.00139081827365,0.000983250560239,0.00132773129735,0.00102408207022,0.000508126278874,0.000220480593271,0.00014384604583,0.00011418323993,0.0000564709262107,0.000037323727156,0.0000260367978626,0.00000524561392012,4.53736419104e-7],"dvar":[7.89098647536e-11,4.76450765063e-7,3.68869194745e-7,1.45668550999e-7,3.9011968056e-7,5.56284931008e-7,2.33220177392e-7,5.48260800315e-7,7.00560178757e-7,8.8510967089e-7,3.41310368412e-7,8.40827624415e-7,3.76500537413e-7,0.00000113612566111,0.00000169845657183,0.00000118857565212,0.00000249603726843,0.0000011766391026,2.85972760139e-7,2.64285304752e-8,1.69140754736e-8,1.53189745333e-8,6.10922379352e-9,2.85966450519e-9,8.60537419101e-9,4.39204173031e-10,1.99767719727e-12],"dvar2":[2.32090319185e-10,9.2733580459e-7,7.96778294898e-7,4.03490133749e-7,9.5308297432e-7,0.00000135923517064,5.49373282865e-7,0.00000117003821742,0.00000143102363381,0.00000204569300877,8.07035576145e-7,0.00000204219554689,8.41394751205e-7,0.00000268472399512,0.00000407104153055,0.00000277458411801,0.00000592257129028,0.00000272677220892,6.53051756672e-7,6.76935343336e-8,4.11488159102e-8,3.3240230124e-8,1.50050620817e-8,7.57907869797e-9,2.02045740139e-8,9.37920741073e-10,4.31181349306e-12],"max":[0.000103680577013,0.00678637018427,0.00972329266369,0.00493607344106,0.0110786706209,0.0144712710753,0.0100435661152,0.0132710356265,0.0230342093855,0.0270172357559,0.0136524802074,0.0307438001037,0.0150796808302,0.023904973641,0.0244739893824,0.0183805637062,0.0463679134846,0.0278717074543,0.0172112118453,0.00261768139899,0.00452709011734,0.00570126390085,0.00338845467195,0.00188108289149,0.00479597784579,0.00129499158356,0.000067360328103],"mean":[0.0000116520886877,0.000616839912254,0.00112454337068,0.000497436325531,0.000689345528372,0.000733901746571,0.000483718817122,0.00066208577482,0.000775314692874,0.000843100075144,0.000495275657158,0.0006017658161,0.000386838015402,0.000798978901003,0.00151511537842,0.0011735050939,0.0015897389967,0.00135817471892,0.00066714908462,0.000305038440274,0.000247290969128,0.000216939355596,0.000101219709904,0.0000693376350682,0.0000368697037629,0.00000704568674337,5.06888909513e-7],"median":[0.00000965036451817,0.000291818083497,0.000578398117796,0.000313359982101,0.000420852273237,0.000401179422624,0.000312109070364,0.000323527638102,0.000395072682295,0.000408669118769,0.000144692341564,0.0001942699746,0.000146056598169,0.000267864525085,0.000763129792176,0.000513110426255,0.000718795519788,0.000710785214324,0.000423015095294,0.000256347935647,0.000217105043703,0.000189120750292,0.0000872465971042,0.0000602291984251,0.0000269707252301,0.0000048763859013,3.0978895893e-7],"min":[8.50969896441e-25,4.98160415722e-24,2.31651726388e-24,1.30341830762e-24,9.06190238693e-24,7.36517223146e-24,7.95108525818e-24,5.35176057092e-24,2.05308812975e-23,3.01215082398e-23,9.48193453136e-24,3.40033980911e-23,1.9558206335e-23,4.98859890798e-23,4.79476379288e-23,6.67683792243e-23,9.20878102996e-23,9.44217089302e-23,1.3240375224e-22,1.57469624488e-22,2.74440619471e-22,2.78964061498e-22,4.81280327474e-22,5.43312915938e-22,9.12254704721e-22,1.41045431894e-21,1.99703048738e-21],"var":[6.9629489674e-11,7.48503566683e-7,0.00000169196425759,2.76898646234e-7,7.67639505739e-7,0.00000108199662918,3.75894245508e-7,0.00000142369128753,0.00000203033005164,0.00000244033003582,9.34114439133e-7,0.00000300599117509,8.49655009461e-7,0.00000269957718046,0.00000390636296288,0.0000030542175864,0.00000584808276471,0.00000316267914968,6.74330749462e-7,4.99976131607e-8,2.96943163391e-8,2.97702413832e-8,8.27528712222e-9,3.34691119264e-9,8.91931861702e-9,5.22104193212e-10,2.33924880334e-12]},"barkbands_crest":{"dmean":1.95070052147,"dmean2":3.15425419807,"dvar":3.32000851631,"dvar2":8.35982894897,"max":23.1264228821,"mean":7.42592859268,"median":6.59587574005,"min":2.18186831474,"var":11.2928524017},"barkbands_flatness_db":{"dmean":0.0118762943894,"dmean2":0.0181058961898,"dvar":0.000116158800665,"dvar2":0.000263136695139,"max":0.36140614748,"mean":0.0934153944254,"median":0.0869736149907,"min":0.031513184309,"var":0.00168908911292},"barkbands_kurtosis":{"dmean":0.727917790413,"dmean2":1.14299559593,"dvar":1.76760649681,"dvar2":4.20542764664,"max":118.046043396,"mean":1.03330481052,"median":-0.718620538712,"min":-1.79922652245,"var":97.26512146},"barkbands_skewness":{"dmean":0.332605987787,"dmean2":0.502690315247,"dvar":0.0919677987695,"dvar2":0.202554821968,"max":8.18198490143,"mean":0.0344605110586,"median":-0.065598629415,"min":-3.74023079872,"var":1.35274231434},"barkbands_spread":{"dmean":4.92972230911,"dmean2":7.36967563629,"dvar":22.7083244324,"dvar2":48.6609764099,"max":82.8955764771,"mean":30.5906772614,"median":30.675868988,"min":0.956688582897,"var":133.653579712},"dissonance":{"dmean":0.0102219162509,"dmean2":0.0173794440925,"dvar":0.000115604925668,"dvar2":0.0003211494477,"max":0.500000119209,"mean":0.482704907656,"median":0.486490398645,"min":0.331741273403,"var":0.000212531129364},"dynamic_complexity":2.17204856873,"erbbands":{"dmean":[0.00848415587097,0.104807347059,0.442181020975,0.768232405186,1.18660748005,1.50025010109,2.42863535881,3.80318522453,4.6884059906,6.00067281723,8.21938037872,9.58334255219,13.0046815872,11.9492826462,10.6314506531,12.7000694275,10.1281023026,20.4376106262,38.8253936768,38.1559448242,26.2546920776,44.9452552795,32.6932601929,25.895406723,14.3713588715,4.71221256256,3.84331917763,3.1125330925,2.60149669647,2.06001520157,0.757640361786,0.51796245575,0.382118880749,0.228235259652,0.0952992141247,0.0243751518428,0.00437569478527,0.000627075671218,0.0000481981587654,0.00000551168159291],"dmean2":[0.0125166187063,0.159211114049,0.678601741791,1.28251135349,1.96077311039,2.48596405983,3.94754076004,6.09261894226,7.60610485077,9.49752902985,12.6344890594,14.3275613785,19.9981021881,18.6440467834,16.5963687897,19.2806301117,15.6567525864,31.8155155182,62.5675201416,57.3136177063,40.4348983765,70.3228759766,50.5574226379,39.7319869995,23.3897342682,7.58897018433,6.3016166687,5.09564685822,4.14904928207,3.3437037468,1.2210214138,0.851406335831,0.634568214417,0.370370090008,0.152531087399,0.0389209091663,0.00706859212369,0.000995140173472,0.0000760728726164,0.00000841252858663],"dvar":[0.000286171940388,0.0281198155135,0.347955584526,0.789185523987,2.68877077103,6.25162172318,26.5144710541,48.497756958,61.3733978271,109.484230042,264.9012146,369.475738525,930.283813477,414.96282959,444.489868164,1670.97094727,720.30078125,2503.66381836,4047.29736328,4161.54394531,1863.22827148,7951.50927734,2825.72875977,2160.08398438,412.832672119,37.0592651367,30.6128749847,23.3066921234,22.3761672974,12.0649719238,4.6725230217,1.7028888464,0.744685292244,0.994834780693,0.48773419857,0.0248548090458,0.000714588619303,0.0000136879561978,5.47395799799e-8,1.02693936688e-10],"dvar2":[0.000517205859069,0.0580294542015,0.717330574989,2.04798030853,7.07904291153,15.0436592102,68.1618041992,117.526763916,150.776428223,247.100738525,550.62286377,727.342346191,2062.74658203,943.41784668,1081.3092041,4033.10888672,1601.8013916,5767.75537109,10725.0195312,8623.51953125,4498.85693359,19243.2011719,6243.04541016,5096.46386719,1025.42346191,89.2164535522,79.3334960938,52.9790916443,48.9209365845,28.0639972687,11.8160743713,4.45314025879,1.99770188332,2.38223600388,1.14893484116,0.0566833242774,0.00142639141995,0.0000282767159661,1.09802520853e-7,2.03929650944e-10],"max":[0.156500160694,1.7428548336,9.69197177887,11.1740951538,23.1925010681,42.9063911438,93.8220901489,117.164749146,153.107421875,283.367553711,404.135192871,694.774536133,1053.81896973,652.624572754,464.575561523,1282.8170166,586.54498291,1337.26086426,1269.58911133,1441.43493652,702.418640137,2190.23046875,1566.64660645,1208.78112793,471.762817383,130.317504883,172.637771606,178.869888306,204.382797241,170.293045044,81.7095108032,42.3496551514,29.443145752,44.3360290527,39.3627128601,10.0544128418,1.46298897266,0.183267638087,0.0116301467642,0.000511648249812],"mean":[0.0103158131242,0.183414086699,1.16453707218,1.54762363434,1.76306283474,2.24363303185,4.04836797714,6.35148429871,7.49581575394,9.9257068634,14.9683609009,17.6017436981,23.563079834,23.0551128387,20.8822498322,26.5554981232,20.0481452942,38.198348999,69.4939956665,75.8986129761,54.5751190186,87.8099060059,73.0306549072,55.729724884,33.637512207,13.1065368652,9.97289276123,8.43531036377,7.55510377884,6.27275323868,2.2865819931,1.49894762039,1.09821677208,0.555036962032,0.196885183454,0.0531917326152,0.00882386788726,0.00114846020006,0.000104582206404,0.000025656843718],"median":[0.00264976895414,0.0906248763204,0.537518322468,1.17377591133,1.16126775742,1.29477953911,1.90650725365,3.53707194328,4.54655599594,5.70635175705,7.40337514877,9.04176616669,11.0983057022,13.2110042572,8.82538127899,8.6590089798,7.86959457397,15.170208931,34.8030014038,38.4465713501,32.0253410339,40.652797699,42.999420166,31.5111217499,25.1222305298,11.2807006836,8.56971073151,7.34047222137,6.41832828522,5.5503911972,1.93970501423,1.28062260151,0.950142562389,0.43271023035,0.133086040616,0.0378104709089,0.00576544972137,0.000693277339451,0.0000712462424417,0.0000240462595684],"min":[1.38243721076e-22,6.27943327488e-22,1.93321075662e-21,7.78679798221e-21,8.69815795458e-21,3.42510805487e-20,5.54704798462e-20,5.50740987741e-20,1.36177257904e-19,1.39418655608e-19,1.57733248625e-19,4.22569145031e-19,9.03110622907e-19,9.72012699981e-19,1.17349983513e-18,1.27965502506e-18,1.1633080394e-18,2.97399450956e-18,1.97806202101e-18,2.14899827421e-18,4.36692426809e-18,5.36819868904e-18,5.65998416857e-18,6.70465289804e-18,8.76009332266e-18,9.24330493956e-18,1.11438152626e-17,1.19935853505e-17,1.02872333424e-17,1.02909333213e-17,1.3548803189e-17,1.19855741063e-17,9.75954753267e-18,9.01100284505e-18,6.66136488223e-18,3.99434433582e-18,2.43085283011e-18,1.02992402826e-18,2.59345317068e-19,2.80147914272e-20],"var":[0.000406809238484,0.0491634570062,1.87671065331,1.90294349194,3.73118710518,10.6965551376,55.6637268066,85.3114852905,95.9204940796,242.199127197,790.871520996,1168.61328125,2428.1262207,1208.42041016,1173.49487305,6259.62744141,1953.33581543,5784.42675781,8653.87695312,11895.1494141,4639.43359375,17800.1621094,7787.45166016,5357.12011719,987.317016602,82.887336731,49.7299919128,40.9621620178,41.4706459045,21.7726230621,5.51339006424,1.94691753387,0.845921635628,1.02424490452,0.497759968042,0.0270093940198,0.000926451932173,0.0000169549057318,7.21607875676e-8,2.16138829057e-10]},"erbbands_crest":{"dmean":2.62014389038,"dmean2":4.26270866394,"dvar":6.28483343124,"dvar2":15.9821710587,"max":29.3757457733,"mean":9.37038421631,"median":8.51510620117,"min":2.37158107758,"var":18.0700511932},"erbbands_flatness_db":{"dmean":0.014481458813,"dmean2":0.0211686342955,"dvar":0.000197196262889,"dvar2":0.000386858271668,"max":0.458913743496,"mean":0.173005968332,"median":0.170943155885,"min":0.0297695361078,"var":0.00175517087337},"erbbands_kurtosis":{"dmean":1.14016997814,"dmean2":1.78463625908,"dvar":2.32202148438,"dvar2":5.51193475723,"max":32.2454986572,"mean":1.52186751366,"median":0.581782579422,"min":-1.59960746765,"var":8.69307518005},"erbbands_skewness":{"dmean":0.297911852598,"dmean2":0.45239174366,"dvar":0.0666260868311,"dvar2":0.153853848577,"max":4.52612638474,"mean":-0.511464118958,"median":-0.505851268768,"min":-3.33918380737,"var":0.629856944084},"erbbands_spread":{"dmean":5.26584720612,"dmean2":8.03248310089,"dvar":28.7735958099,"dvar2":61.8421707153,"max":107.371391296,"mean":27.353061676,"median":24.3144187927,"min":2.45925116539,"var":200.47833252},"gfcc":{"cov":[[13443.9902344,19.7442169189,-2028.95654297,120.100097656,-746.162719727,292.969177246,-478.226928711,143.232345581,-175.033493042,29.7912082672,-172.664123535,34.7481155396,-33.1106185913],[19.7442169189,376.235626221,82.8175201416,1.04562067986,19.256023407,-11.8181400299,39.3396186829,-10.5329389572,36.4137954712,14.3385667801,22.2434864044,-17.8886013031,15.7419185638],[-2028.95654297,82.8175201416,779.085449219,119.636940002,-12.814661026,1.16430652142,113.069244385,-17.1082687378,-6.91015768051,68.2704238892,-13.0400876999,-16.8272895813,11.6050863266],[120.100097656,1.04562067986,119.636940002,235.229873657,56.2598724365,0.944262087345,3.88886857033,44.5552825928,8.54515457153,-16.2869720459,-12.9504470825,-5.58873939514,3.99241805077],[-746.162719727,19.256023407,-12.814661026,56.2598724365,263.54284668,9.12620544434,16.7910804749,20.9240608215,51.0065155029,-32.3466567993,31.8681755066,13.9764661789,7.41950416565],[292.969177246,-11.8181400299,1.16430652142,0.944262087345,9.12620544434,142.771133423,52.0415992737,-13.050819397,-28.3329772949,21.1423034668,7.06016111374,5.20456457138,-5.60967731476],[-478.226928711,39.3396186829,113.069244385,3.88886857033,16.7910804749,52.0415992737,123.32219696,16.0410308838,-5.73283147812,9.19336032867,27.1489372253,-2.24707007408,-8.02836513519],[143.232345581,-10.5329389572,-17.1082687378,44.5552825928,20.9240608215,-13.050819397,16.0410308838,81.5558242798,37.4311485291,-9.85942840576,-4.72904491425,3.66207408905,3.09268188477],[-175.033493042,36.4137954712,-6.91015768051,8.54515457153,51.0065155029,-28.3329772949,-5.73283147812,37.4311485291,90.5514068604,16.9976978302,-0.448789656162,-1.63270115852,17.2799568176],[29.7912082672,14.3385667801,68.2704238892,-16.2869720459,-32.3466567993,21.1423034668,9.19336032867,-9.85942840576,16.9976978302,77.8633575439,22.74269104,-0.335659086704,3.75802516937],[-172.664123535,22.2434864044,-13.0400876999,-12.9504470825,31.8681755066,7.06016111374,27.1489372253,-4.72904491425,-0.448789656162,22.74269104,76.6783828735,29.1408729553,-2.73222923279],[34.7481155396,-17.8886013031,-16.8272895813,-5.58873939514,13.9764661789,5.20456457138,-2.24707007408,3.66207408905,-1.63270115852,-0.335659086704,29.1408729553,57.1512718201,20.1231765747],[-33.1106185913,15.7419185638,11.6050863266,3.99241805077,7.41950416565,-5.60967731476,-8.02836513519,3.09268188477,17.2799568176,3.75802516937,-2.73222923279,20.1231765747,53.247303009]],"icov":[[0.000776083674282,-0.00136807723902,0.00243462366052,-0.00187909568194,0.00191967189312,-0.00187310879119,0.00191425101366,-0.0023697714787,0.00224336469546,-0.00305293430574,0.00247604493052,-0.00193891325034,0.000806004565675],[-0.00136807723902,0.00569024682045,-0.00453917728737,0.00317702023312,-0.00293557019904,0.00336610060185,-0.00425795884803,0.00564881553873,-0.00607917550951,0.00658024894074,-0.00644296687096,0.00565740838647,-0.00294851558283],[0.00243462366052,-0.00453917728737,0.0101339966059,-0.00749103166163,0.00548066850752,-0.0036600981839,0.00230418681167,-0.00558709166944,0.00820848811418,-0.0134683344513,0.0111858081073,-0.00762771721929,0.00247484724969],[-0.00187909568194,0.00317702023312,-0.00749103166163,0.0108566032723,-0.00587841449305,0.00311493896879,-0.00174119393341,0.000767151999753,-0.0037440538872,0.00902016554028,-0.00704222824425,0.00651452736929,-0.00269380956888],[0.00191967189312,-0.00293557019904,0.00548066850752,-0.00587841449305,0.0113850906491,-0.00721832364798,0.00550536485389,-0.00401832722127,-0.00107464124449,-0.000712877779733,0.000499245419633,-0.00363083998673,0.00182126858272],[-0.00187310879119,0.00336610060185,-0.0036600981839,0.00311493896879,-0.00721832364798,0.0170955620706,-0.012626520358,0.00814344547689,0.000231711514061,-0.00156940799206,0.00142184249125,0.000293228687951,-0.0011679364834],[0.00191425101366,-0.00425795884803,0.00230418681167,-0.00174119393341,0.00550536485389,-0.012626520358,0.022600395605,-0.0133958598599,0.0055317254737,-0.000960508536082,-0.00446475949138,0.00139920820948,0.00168053049129],[-0.0023697714787,0.00564881553873,-0.00558709166944,0.000767151999753,-0.00401832722127,0.00814344547689,-0.0133958598599,0.0298417787999,-0.0178962070495,0.0115644959733,-0.0042716152966,0.00117205805145,0.0000108110589281],[0.00224336469546,-0.00607917550951,0.00820848811418,-0.0037440538872,-0.00107464124449,0.000231711514061,0.0055317254737,-0.0178962070495,0.031810939312,-0.0218763016164,0.0133133893833,-0.00470780860633,-0.00258553656749],[-0.00305293430574,0.00658024894074,-0.0134683344513,0.00902016554028,-0.000712877779733,-0.00156940799206,-0.000960508536082,0.0115644959733,-0.0218763016164,0.0410077348351,-0.0263688433915,0.0153372986242,-0.00541135575622],[0.00247604493052,-0.00644296687096,0.0111858081073,-0.00704222824425,0.000499245419633,0.00142184249125,-0.00446475949138,-0.0042716152966,0.0133133893833,-0.0263688433915,0.0398300997913,-0.0247155502439,0.0101144947112],[-0.00193891325034,0.00565740838647,-0.00762771721929,0.00651452736929,-0.00363083998673,0.000293228687951,0.00139920820948,0.00117205805145,-0.00470780860633,0.0153372986242,-0.0247155502439,0.0379356555641,-0.0161840058863],[0.000806004565675,-0.00294851558283,0.00247484724969,-0.00269380956888,0.00182126858272,-0.0011679364834,0.00168053049129,0.0000108110589281,-0.00258553656749,-0.00541135575622,0.0101144947112,-0.0161840058863,0.0275479331613]],"mean":[2.0259373188,64.7811050415,-152.22479248,43.4078865051,-59.716091156,10.3638601303,-42.5966491699,12.4895553589,-20.2254562378,-4.25114440918,-20.3317718506,-4.46235275269,-12.2879972458]},"hfc":{"dmean":6.06635570526,"dmean2":9.05369949341,"dvar":52.5185661316,"dvar2":111.85484314,"max":140.752838135,"mean":26.4675693512,"median":23.7516098022,"min":1.09908348258e-16,"var":227.701965332},"melbands":{"dmean":[0.0000973938294919,0.000184670832823,0.000137041453854,0.0000944004932535,0.0000792111022747,0.0000861146181705,0.0000672270252835,0.0000725436111679,0.0000697276482242,0.000059110334405,0.000067318782385,0.0000526243893546,0.0000392221954826,0.0000332032868755,0.0000302753178403,0.000023684640837,0.000042775143811,0.0000620178034296,0.0000612026269664,0.0000554303478566,0.000027404870707,0.000049680344091,0.0000393466580135,0.0000364345723938,0.0000214546980715,0.0000117953195513,0.00000899613223737,0.00000270795408142,0.00000273182058663,0.00000238959023591,0.00000167276664342,0.00000158315879162,0.00000186617512554,0.00000111554663818,5.07986783305e-7,3.57770034043e-7,3.6341765508e-7,2.83187802097e-7,2.75228842384e-7,1.98021098186e-7],"dmean2":[0.000144435965922,0.000286063703243,0.000229331184528,0.00015409977641,0.00012886186596,0.000137284790981,0.000108606865979,0.000114615031634,0.000106710678665,0.0000889844959602,0.00010397114238,0.0000823493246571,0.0000613819211139,0.0000505572788825,0.0000468014040962,0.0000366645181202,0.0000667912827339,0.000100389785075,0.0000946649452089,0.0000848084746394,0.0000427241357102,0.0000782615898061,0.0000611926370766,0.0000565194495721,0.0000330270268023,0.0000190581886272,0.0000148765193444,0.00000434437652075,0.00000453156962976,0.00000392113270209,0.00000273701584774,0.00000255255554293,0.00000310378959512,0.00000182489077361,8.25008726224e-7,5.78426806896e-7,6.02912166414e-7,4.72556024533e-7,4.57574714119e-7,3.24783513861e-7],"dvar":[3.26293481123e-8,5.25109378202e-8,2.33326424848e-8,1.86196924545e-8,2.37258408475e-8,2.26040413054e-8,1.16669056638e-8,1.60900128776e-8,2.05323296143e-8,1.32754385263e-8,2.43183873039e-8,7.9563671207e-9,6.99675561933e-9,6.5768905877e-9,9.52024059586e-9,4.02418498524e-9,1.10741336101e-8,1.16686464935e-8,9.28174870296e-9,1.00501846845e-8,2.49882425862e-9,1.23060175383e-8,5.18534593041e-9,4.54931958771e-9,1.71430702967e-9,4.43009379181e-10,1.16881990198e-10,1.45719322026e-11,1.42271810652e-11,1.19620537434e-11,7.21889778857e-12,7.60803746391e-12,8.43383609478e-12,3.20524965076e-12,1.87270945279e-12,8.61272641747e-13,6.60025582366e-13,3.69364261399e-13,3.81490683227e-13,9.61515047269e-13],"dvar2":[5.97875597919e-8,1.14414199004e-7,6.35428847318e-8,4.58188900154e-8,6.08530967838e-8,5.46920446709e-8,2.8236131655e-8,3.63741072817e-8,4.37617018179e-8,2.59829171512e-8,5.39478257622e-8,1.84900894595e-8,1.64866538199e-8,1.50517305286e-8,2.20988578548e-8,9.48214040619e-9,2.5288795058e-8,3.05603258255e-8,2.02090930657e-8,2.29615597647e-8,5.83172576896e-9,3.05122611621e-8,1.14398925888e-8,1.03804431717e-8,4.03788202874e-9,1.07870856692e-9,3.02287223031e-10,3.48962629626e-11,3.720793465e-11,2.95519754501e-11,1.6082557161e-11,1.64667585123e-11,2.04843399187e-11,7.60769225394e-12,4.69914298445e-12,2.25890551923e-12,1.73861066603e-12,9.97601740799e-13,9.95773884356e-13,2.21916907593e-12],"max":[0.00172173138708,0.00362831680104,0.00187062984332,0.00227674329653,0.00287916092202,0.00251986668445,0.0023370902054,0.00325114792213,0.00404792279005,0.00384636595845,0.00524326553568,0.00274647446349,0.00211981567554,0.00206765695475,0.00354757811874,0.00144399167039,0.00240786117502,0.00229222024791,0.00214349641465,0.0019601394888,0.00102803122718,0.00235142675228,0.00270379148424,0.00209182011895,0.00120474293362,0.000510096608195,0.000151814543642,0.0000791465281509,0.000099803924968,0.000112271234684,0.000112540990813,0.000105727922346,0.00012900873844,0.0000815523962956,0.0000531513323949,0.0000276315076917,0.0000246105955739,0.0000211795522773,0.0000202520532184,0.0000459096736449],"mean":[0.000133287510835,0.000481725699501,0.000279777537799,0.000142204109579,0.000134915157105,0.000145671278005,0.000110064895125,0.000117961644719,0.000128690749989,0.000106141829747,0.000119011579955,0.0000961781479418,0.0000725187637727,0.0000642315862933,0.0000583142827963,0.0000405089340347,0.0000735400317353,0.000103902886622,0.000105986007839,0.000101968755189,0.0000509507335664,0.0000895740668057,0.0000770555634517,0.0000716348658898,0.0000417636547354,0.0000241482139245,0.0000197552908503,0.00000596395966568,0.00000597123016632,0.00000602773206992,0.00000417360979554,0.00000400605631512,0.000004699971214,0.0000030161218092,0.00000130230955619,9.27962162223e-7,9.17010197554e-7,7.61127751048e-7,6.64877575218e-7,4.17748424297e-7],"median":[0.0000518424567417,0.000269070791546,0.000231615907978,0.0000895662524272,0.000067171153205,0.0000818300395622,0.0000687718493282,0.0000659731231281,0.0000623715168331,0.0000543971582374,0.0000542750967725,0.0000548754869669,0.000023656150006,0.000025750910936,0.0000173256976268,0.0000147150103658,0.0000241840407398,0.000046763321734,0.0000506486321683,0.0000412156587117,0.0000274029462162,0.000036061341234,0.000037251124013,0.0000341683626175,0.0000216534244828,0.0000152427674038,0.0000162354663189,0.00000461824447484,0.00000497976725455,0.00000516396039529,0.00000352890765498,0.00000328269607053,0.00000402166733693,0.00000262337198365,0.00000106543257061,7.70032158925e-7,7.668361377e-7,6.53092854463e-7,5.52587380298e-7,3.02345569025e-7],"min":[1.64225911274e-24,8.59405284708e-25,2.00774546988e-24,1.22566659908e-24,2.06572221046e-24,1.25909714373e-24,1.88408540932e-24,1.71890444386e-24,1.24810663499e-24,2.92366405959e-24,3.73030431189e-24,3.34729617076e-24,2.63626743789e-24,4.54548989995e-24,2.16923279136e-24,1.88082800542e-24,4.60573165741e-24,2.04305468678e-24,3.70209227934e-24,2.60294102287e-24,4.61092354545e-24,5.50858730217e-24,4.48313044539e-24,4.29557955403e-24,4.93626950429e-24,5.31061279724e-24,5.62711246988e-24,5.43455033963e-24,5.45949688246e-24,5.08426769872e-24,6.58008720897e-24,5.76181007502e-24,5.56754321635e-24,4.81435223468e-24,7.19829265127e-24,5.95802818114e-24,6.68379993547e-24,6.02021132529e-24,5.61400120721e-24,6.67573225499e-24],"var":[4.88069673565e-8,2.60748294068e-7,4.56160940132e-8,2.97324298515e-8,5.25503942583e-8,4.15008258869e-8,1.90225346586e-8,3.73117039487e-8,6.25183318448e-8,4.04469879811e-8,6.38970263367e-8,2.25475993432e-8,1.93435596429e-8,2.28161951554e-8,3.15116679417e-8,8.89747386879e-9,2.42439170961e-8,2.40090898274e-8,2.21047464777e-8,2.59234802513e-8,5.29330757004e-9,2.42654625282e-8,1.40429037288e-8,1.20997070141e-8,3.89480048213e-9,9.98452653889e-10,2.36807184972e-10,2.81454165529e-11,2.14755400962e-11,2.07966022875e-11,1.23321413845e-11,1.43071431438e-11,1.40666419485e-11,5.53582353569e-12,2.20665347973e-12,9.40859694841e-13,7.72367142032e-13,4.29430308587e-13,4.08370359013e-13,1.02727982371e-12]},"melbands_crest":{"dmean":2.69235062599,"dmean2":4.24579429626,"dvar":6.02801370621,"dvar2":13.7193841934,"max":31.2593040466,"mean":10.7608280182,"median":9.41165447235,"min":1.56268024445,"var":29.2286872864},"melbands_flatness_db":{"dmean":0.0135065568611,"dmean2":0.020874351263,"dvar":0.000162679192727,"dvar2":0.000367827480659,"max":0.502203404903,"mean":0.116260349751,"median":0.109700366855,"min":0.00411773566157,"var":0.0027234274894},"melbands_kurtosis":{"dmean":1.64410328865,"dmean2":2.61194419861,"dvar":20.299030304,"dvar2":54.7913818359,"max":369.76449585,"mean":4.13970470428,"median":-0.00285005569458,"min":-1.83104360104,"var":519.960693359},"melbands_skewness":{"dmean":0.405862540007,"dmean2":0.611011564732,"dvar":0.162132933736,"dvar2":0.357787072659,"max":12.9017505646,"mean":1.05470752716,"median":0.818552076817,"min":-2.71240162849,"var":2.07124447823},"melbands_spread":{"dmean":8.42061233521,"dmean2":13.1589775085,"dvar":67.5353317261,"dvar2":157.766052246,"max":151.155059814,"mean":53.3015213013,"median":53.2177886963,"min":0.520103275776,"var":429.310119629},"mfcc":{"cov":[[5368.90722656,380.81539917,-617.477233887,-146.849868774,-101.174201965,-51.5574111938,-173.818908691,-10.9114894867,-25.0911502838,-36.7954788208,11.0057563782,-110.173965454,-62.9630012512],[380.81539917,370.994140625,-1.81008982658,-26.8764972687,-20.3015804291,9.17359924316,-12.1561126709,-18.1038684845,2.2180416584,18.1418533325,33.6003303528,-4.85964298248,-15.969408989],[-617.477233887,-1.81008982658,597.630432129,106.09841156,-96.677230835,51.8773498535,67.0722351074,-48.5816688538,37.1794815063,47.9780464172,-17.1989364624,14.0962934494,-0.0676046088338],[-146.849868774,-26.8764972687,106.09841156,216.362869263,88.7636108398,-29.6864280701,1.7141302824,39.9577255249,37.5396499634,17.0491523743,-13.1138620377,8.92681503296,26.0789260864],[-101.174201965,-20.3015804291,-96.677230835,88.7636108398,181.990631104,12.8770885468,-16.5102329254,41.6333961487,26.5658111572,-0.810365557671,-0.679125368595,1.59238088131,15.07903862],[-51.5574111938,9.17359924316,51.8773498535,-29.6864280701,12.8770885468,126.763694763,67.8760375977,-1.97794759274,-7.76937627792,7.46289730072,11.1866312027,3.78340315819,-4.2110710144],[-173.818908691,-12.1561126709,67.0722351074,1.7141302824,-16.5102329254,67.8760375977,130.716278076,33.6194877625,-20.5976581573,0.264791607857,11.7819576263,21.8038825989,9.33748912811],[-10.9114894867,-18.1038684845,-48.5816688538,39.9577255249,41.6333961487,-1.97794759274,33.6194877625,93.826133728,25.1263504028,-8.81069660187,0.497192293406,9.81816864014,14.1949176788],[-25.0911502838,2.2180416584,37.1794815063,37.5396499634,26.5658111572,-7.76937627792,-20.5976581573,25.1263504028,83.7440795898,34.3869094849,-14.1978387833,-8.04696559906,3.37013840675],[-36.7954788208,18.1418533325,47.9780464172,17.0491523743,-0.810365557671,7.46289730072,0.264791607857,-8.81069660187,34.3869094849,72.6241607666,19.7653617859,-9.19159603119,-5.58270978928],[11.0057563782,33.6003303528,-17.1989364624,-13.1138620377,-0.679125368595,11.1866312027,11.7819576263,0.497192293406,-14.1978387833,19.7653617859,67.9332275391,20.1094055176,-8.93688392639],[-110.173965454,-4.85964298248,14.0962934494,8.92681503296,1.59238088131,3.78340315819,21.8038825989,9.81816864014,-8.04696559906,-9.19159603119,20.1094055176,64.0350494385,28.1003456116],[-62.9630012512,-15.969408989,-0.0676046088338,26.0789260864,15.07903862,-4.2110710144,9.33748912811,14.1949176788,3.37013840675,-5.58270978928,-8.93688392639,28.1003456116,62.2519683838]],"icov":[[0.000267038703896,-0.000245602423092,0.000411810702644,-0.000353637675289,0.000592767202761,-0.000395059410948,0.000352858449332,-0.0000468380130769,-0.0000938810917432,0.000137778377393,-0.0000213025996345,0.000300080690067,0.0000220499114221],[-0.000245602423092,0.00314696575515,-0.000315659766784,0.000329151953338,-0.000152087741299,0.00000727700398784,0.0000106989073174,0.00046594167361,-0.000537039886694,0.0000315192592097,-0.00172880501486,0.000236114065046,0.0000272596753348],[0.000411810702644,-0.000315659766784,0.00425011804327,-0.00401693256572,0.00413117790595,-0.00250981911086,-0.00100982724689,0.00305445631966,-0.00272001582198,0.000179041875526,0.000698327203281,-0.000693289504852,0.000883983913809],[-0.000353637675289,0.000329151953338,-0.00401693256572,0.0110638123006,-0.0075206886977,0.00550302676857,-0.00119574391283,-0.00322621874511,0.00151589722373,-0.00241614785045,0.00107901194133,-0.000147725411807,-0.00188070163131],[0.000592767202761,-0.000152087741299,0.00413117790595,-0.0075206886977,0.0131704611704,-0.00682652927935,0.00389676867053,-0.00116534926929,-0.00254638306797,0.00157550082076,-0.000998281058855,0.000432727276348,-0.000314665638143],[-0.000395059410948,0.00000727700398784,-0.00250981911086,0.00550302676857,-0.00682652927935,0.0159209556878,-0.00960016716272,0.00331901293248,-0.00125533901155,-0.0000220898891712,-0.00120349333156,0.00130746210925,0.0000109428974611],[0.000352858449332,0.0000106989073174,-0.00100982724689,-0.00119574391283,0.00389676867053,-0.00960016716272,0.0187025889754,-0.0109576955438,0.00861612334847,-0.00426943367347,0.00190832070075,-0.00329360435717,-0.000129176492919],[-0.0000468380130769,0.00046594167361,0.00305445631966,-0.00322621874511,-0.00116534926929,0.00331901293248,-0.0109576955438,0.0224931184202,-0.0127271460369,0.0083912787959,-0.00465512135997,0.00156612705905,-0.00148525042459],[-0.0000938810917432,-0.000537039886694,-0.00272001582198,0.00151589722373,-0.00254638306797,-0.00125533901155,0.00861612334847,-0.0127271460369,0.0268515665084,-0.0156848821789,0.00997141562402,-0.00324093387462,0.00130504346453],[0.000137778377393,0.0000315192592097,0.000179041875526,-0.00241614785045,0.00157550082076,-0.0000220898891712,-0.00426943367347,0.0083912787959,-0.0156848821789,0.0273366328329,-0.0138064948842,0.00822270102799,-0.0028894173447],[-0.0000213025996345,-0.00172880501486,0.000698327203281,0.00107901194133,-0.000998281058855,-0.00120349333156,0.00190832070075,-0.00465512135997,0.00997141562402,-0.0138064948842,0.0268350988626,-0.0129525922239,0.0079405605793],[0.000300080690067,0.000236114065046,-0.000693289504852,-0.000147725411807,0.000432727276348,0.00130746210925,-0.00329360435717,0.00156612705905,-0.00324093387462,0.00822270102799,-0.0129525922239,0.027601107955,-0.0128599191085],[0.0000220499114221,0.0000272596753348,0.000883983913809,-0.00188070163131,-0.000314665638143,0.0000109428974611,-0.000129176492919,-0.00148525042459,0.00130504346453,-0.0028894173447,0.0079405605793,-0.0128599191085,0.0239319875836]],"mean":[-619.219970703,84.2014846802,-26.4329795837,25.0276756287,3.37265825272,-1.72393941879,-8.00397205353,7.09747600555,2.33134531975,0.618334829807,1.26597225666,-7.36341953278,-3.46405959129]},"pitch_salience":{"dmean":0.0579581856728,"dmean2":0.0932309255004,"dvar":0.0024709966965,"dvar2":0.00606156513095,"max":0.847048401833,"mean":0.591148614883,"median":0.600392103195,"min":0.142366603017,"var":0.0093147540465},"silence_rate_20dB":{"dmean":0,"dmean2":0,"dvar":0,"dvar2":0,"max":1,"mean":1,"median":1,"min":1,"var":0},"silence_rate_30dB":{"dmean":0,"dmean2":0,"dvar":0,"dvar2":0,"max":1,"mean":1,"median":1,"min":1,"var":0},"silence_rate_60dB":{"dmean":0.00133226753678,"dmean2":0.0026648901403,"dvar":0.00133062340319,"dvar2":0.00345766940154,"max":1,"mean":0.0230451580137,"median":0,"min":0,"var":0.0225132126361},"spectral_centroid":{"dmean":178.233306885,"dmean2":276.903839111,"dvar":45424.6796875,"dvar2":97056.5390625,"max":11396.5595703,"mean":2306.75292969,"median":2344.72680664,"min":150.693725586,"var":564367.375},"spectral_complexity":{"dmean":4.04529714584,"dmean2":6.18494319916,"dvar":13.9392671585,"dvar2":28.6335811615,"max":52,"mean":25.2192611694,"median":25,"min":0,"var":63.2474861145},"spectral_contrast_coeffs":{"dmean":[0.0497884489596,0.0431567765772,0.0377498753369,0.0346055924892,0.0246919523925,0.0140601908788],"dmean2":[0.0806765332818,0.0719631314278,0.0614026933908,0.0557093583047,0.0386541634798,0.0229112505913],"dvar":[0.00152734131552,0.00117964216042,0.000891964416951,0.00080822291784,0.000427171296906,0.000140532385558],"dvar2":[0.00387719087303,0.00314820813946,0.00227548112161,0.00198107608594,0.000964472652413,0.000348861911334],"max":[-0.391291797161,-0.509904563427,-0.486793488264,-0.443098068237,-0.520556390285,-0.612996697426],"mean":[-0.644234478474,-0.777798235416,-0.762479245663,-0.73651355505,-0.743950486183,-0.736184537411],"median":[-0.642486691475,-0.784513711929,-0.767129719257,-0.737428426743,-0.747366070747,-0.733679592609],"min":[-0.979730367661,-0.98084294796,-0.976828634739,-0.970611989498,-0.964041233063,-0.964468955994],"var":[0.00534423347563,0.00342152221128,0.00342684844509,0.0042483205907,0.00277180154808,0.000862215005327]},"spectral_contrast_valleys":{"dmean":[0.440932482481,0.356145501137,0.313462376595,0.290516406298,0.195269241929,0.147553697228],"dmean2":[0.714038312435,0.565740466118,0.494383245707,0.441659212112,0.301864415407,0.229636698961],"dvar":[0.157129436731,0.117562673986,0.0948470085859,0.0936677083373,0.0612729266286,0.0489005148411],"dvar2":[0.351812571287,0.236662879586,0.192318439484,0.169669359922,0.0990745723248,0.0843458175659],"max":[-6.1404967308,-5.17016124725,-5.4804186821,-5.29236459732,-5.75959014893,-7.71981716156],"mean":[-8.08661270142,-6.85847854614,-7.37226676941,-7.54696273804,-7.17643594742,-9.90319252014],"median":[-7.95174217224,-6.65548706055,-7.16330432892,-7.35197257996,-6.99201202393,-9.71444606781],"min":[-27.9912052155,-27.6640472412,-27.7626857758,-27.6043128967,-27.4842300415,-27.3357849121],"var":[2.37277841568,2.70255589485,2.75690793991,2.74609017372,2.58963871002,2.1294605732]},"spectral_decrease":{"dmean":7.47569450787e-10,"dmean2":1.12006304231e-9,"dvar":5.37602722975e-19,"dvar2":1.14211329397e-18,"max":1.4032992428e-28,"mean":-3.60552898648e-9,"median":-3.4218388123e-9,"min":-1.20432313011e-8,"var":2.67891561042e-18},"spectral_energy":{"dmean":0.00329398876056,"dmean2":0.0049219308421,"dvar":0.0000108607009679,"dvar2":0.0000229876350204,"max":0.0558445453644,"mean":0.016008708626,"median":0.015060226433,"min":1.02698738198e-20,"var":0.0000537700325367},"spectral_energyband_high":{"dmean":0.000189105034224,"dmean2":0.00029746349901,"dvar":1.62155686212e-7,"dvar2":3.69828995872e-7,"max":0.014133317396,"mean":0.000759858463425,"median":0.000687321880832,"min":7.21091871716e-21,"var":2.73717205346e-7},"spectral_energyband_low":{"dmean":0.000766801997088,"dmean2":0.00118788541295,"dvar":7.65928348301e-7,"dvar2":0.00000166144297964,"max":0.0121709415689,"mean":0.0020294196438,"median":0.00160003441852,"min":2.42915058727e-23,"var":0.00000279201321973},"spectral_energyband_middle_high":{"dmean":0.00260767410509,"dmean2":0.00386618333869,"dvar":0.00000909361915546,"dvar2":0.0000190251612366,"max":0.0527267418802,"mean":0.00955185387284,"median":0.00800458621234,"min":1.31897311112e-21,"var":0.0000479908121633},"spectral_energyband_middle_low":{"dmean":0.00140005210415,"dmean2":0.00216551776975,"dvar":0.00000257274291471,"dvar2":0.00000605587592872,"max":0.0275739729404,"mean":0.00408830028027,"median":0.00331977428868,"min":1.82610406967e-22,"var":0.00000924018695514},"spectral_entropy":{"dmean":0.101635821164,"dmean2":0.150597319007,"dvar":0.00991478655487,"dvar2":0.019792534411,"max":9.82715892792,"mean":7.75444793701,"median":7.78596687317,"min":5.79104804993,"var":0.106115527451},"spectral_flux":{"dmean":0.0143696386367,"dmean2":0.0222609229386,"dvar":0.000189839600353,"dvar2":0.000435718073277,"max":0.177401199937,"mean":0.0718158707023,"median":0.0693745315075,"min":6.33586100252e-11,"var":0.00072845275281},"spectral_kurtosis":{"dmean":1.20841372013,"dmean2":2.04606389999,"dvar":3.54685688019,"dvar2":10.0068750381,"max":64.730140686,"mean":4.10499286652,"median":3.5434088707,"min":-1.27215111256,"var":9.48129940033},"spectral_rms":{"dmean":0.000405388826039,"dmean2":0.000600637693424,"dvar":1.50707094804e-7,"dvar2":3.04776904159e-7,"max":0.00738122500479,"mean":0.00382287683897,"median":0.00383313233033,"min":3.16534190352e-12,"var":0.00000100389729596},"spectral_rolloff":{"dmean":344.247558594,"dmean2":560.872131348,"dvar":285076.78125,"dvar2":599934.375,"max":19530.6152344,"mean":2846.36743164,"median":2885.44921875,"min":43.06640625,"var":1845097.125},"spectral_skewness":{"dmean":0.149149611592,"dmean2":0.244926005602,"dvar":0.0271808411926,"dvar2":0.0745661258698,"max":4.60364103317,"mean":1.30226206779,"median":1.27971529961,"min":-0.0615583360195,"var":0.102313823998},"spectral_spread":{"dmean":316790.96875,"dmean2":477631.875,"dvar":384746258432,"dvar2":725921366016,"max":42687780,"mean":4006930.5,"median":3799181,"min":896388.75,"var":6655997640700},"spectral_strongpeak":{"dmean":1.24658107758,"dmean2":2.06344008446,"dvar":2.72495102882,"dvar2":6.25030851364,"max":22.1018810272,"mean":2.11596632004,"median":1.02674543858,"min":0,"var":6.06598329544},"zerocrossingrate":{"dmean":0.00702140107751,"dmean2":0.00847059022635,"dvar":0.0000665938714519,"dvar2":0.0000957441734499,"max":0.53955078125,"mean":0.0971290096641,"median":0.09619140625,"min":0.00439453125,"var":0.0012892546365}},"metadata":{"audio_properties":{"analysis_sample_rate":44100,"bit_rate":0,"codec":"flac","downmix":"mix","equal_loudness":0,"length":174.266662598,"lossless":true,"md5_encoded":"4df3b4b3638a19d4743f7c781d755273","replay_gain":-11.0822696686,"sample_rate":44100},"tags":{"acoustid_id":["7b31996e-134c-4dc7-b352-9ab01a3ad761"],"album":["Help!"],"albumartist":["The Beatles"],"albumartistsort":["Beatles, The"],"artist":["The Beatles"],"artists":["The Beatles"],"artistsort":["Beatles, The"],"catalognumber":["PMC 1255"],"composer":["Larry Williams"],"composersort":["Williams, Larry"],"date":["1965-08-06"],"discnumber":["1"],"disctotal":["1"],"file_name":"14 Dizzy Miss Lizzy.flac","genre":["Rock"],"isrc":["GBAYE0900673"],"label":["Parlophone"],"language":["eng"],"lyricist":["Larry Williams"],"media":["Vinyl"],"musicbrainz_albumartistid":["b10bbbfc-cf9e-42e0-be17-e2c3e1d2600d"],"musicbrainz_albumid":["2c053984-4645-4699-9474-d2c35c227028"],"musicbrainz_artistid":["b10bbbfc-cf9e-42e0-be17-e2c3e1d2600d"],"musicbrainz_recordingid":["e75e4b16-63ed-4739-a084-7c92d219c099"],"musicbrainz_releasegroupid":["0d44e1cb-c6e0-3453-8b68-4d2082f05421"],"musicbrainz_releasetrackid":["f8a315f9-e2f4-30c8-b832-f717f9caa0d6"],"musicbrainz_workid":["a36f1f9e-29c3-37f2-bcaf-f9097498f8f5"],"originaldate":["1965-08-06"],"producer":["George Martin"],"releasecountry":["GB"],"releasestatus":["official"],"releasetype":["album","soundtrack"],"script":["Latn"],"title":["Dizzy Miss Lizzy"],"totaldiscs":["1"],"totaltracks":["14"],"tracknumber":["14"],"tracktotal":["14"],"work":["Dizzy Miss Lizzy"]},"version":{"essentia":"2.1-beta1","essentia_build_sha":"ca57ba49d9b1854bd80e60cf9ccf267278fb7d6b","essentia_git_sha":"v2.1_beta1-28-g21ef5f4-dirty","extractor":"music 1.0"}},"rhythm":{"beats_count":393,"beats_loudness":{"dmean":0.00556916557252,"dmean2":0.00933940801769,"dvar":0.0000202140545298,"dvar2":0.0000536552142876,"max":0.0444888137281,"mean":0.0204485263675,"median":0.0202460177243,"min":