{"lowlevel":{"average_loudness":0.960076093674,"barkbands":{"dmean":[0.000316129648127,0.00444985786453,0.00287402863614,0.0027808402665,0.00211993837729,0.000793721119408,0.000592640892137,0.000743744720239,0.000899057253264,0.000799805216957,0.00062860379694,0.000589166593272,0.000895631674211,0.000800622685347,0.000445834186394,0.000519602152053,0.0003738416126,0.000292338780127,0.000180488612386,0.000155508110765,0.000128956598928,0.000123402613099,0.000117261784908,0.000131580120069,0.000106883184344,0.0000300320862152,0.00000420176183979],"dmean2":[0.000470064580441,0.00721484189853,0.00516771897674,0.00429235072806,0.00337626365945,0.00127712916583,0.000954945455305,0.00117956730537,0.00142344075721,0.0012905804906,0.00103001587559,0.000963062106166,0.00147397269029,0.00132578320336,0.000730378786102,0.000829185999464,0.000593028380536,0.000475184933748,0.000288506649667,0.000237842628849,0.000191382903722,0.000178722999408,0.000164129232871,0.000177449313924,0.000144338424434,0.000041664156015,0.00000666839150654],"dvar":[3.18061665894e-7,0.0000618569756625,0.00005940781557,0.0000415553040511,0.0000192290917767,0.00000211946712625,0.00000287538910015,0.00000349937999999,0.0000046554423534,0.000002689636176,0.00000169364693647,0.00000148553249346,0.00000290509433398,0.00000209021595765,5.74269279241e-7,0.00000115738623663,5.23040569078e-7,1.79773053333e-7,9.9191780123e-8,6.75799753935e-8,4.02127326993e-8,5.2863281752e-8,7.29773717012e-8,1.22433618799e-7,1.00541953429e-7,4.40152092551e-9,6.08549183267e-11],"dvar2":[6.52947335311e-7,0.000155352245201,0.000167409147252,0.0000923921979847,0.0000493300904054,0.00000516928275829,0.00000700256487107,0.00000859792180563,0.000011404070392,0.0000067930664045,0.00000435286528955,0.00000382145799449,0.00000763022489991,0.00000552662049813,0.00000144599641771,0.00000266480287792,0.00000127845441966,4.47692883654e-7,2.26734513831e-7,1.42216322274e-7,9.16515077165e-8,1.08809089738e-7,1.37354277285e-7,2.12338051142e-7,1.67881324842e-7,8.61495141891e-9,1.4253928593e-10],"max":[0.00650682207197,0.0831405371428,0.0692419335246,0.0659482106566,0.0508033931255,0.0234942659736,0.0291856769472,0.0424793697894,0.0415312387049,0.0344299226999,0.0255918540061,0.0322629511356,0.0297158267349,0.0230498407036,0.0163356289268,0.0381419919431,0.0156214646995,0.00966721586883,0.00839401036501,0.00647561671212,0.00413775909692,0.00642768107355,0.00657398346812,0.00691961683333,0.00796813890338,0.00189414923079,0.000114378213766],"mean":[0.000324202119373,0.00806775689125,0.00282712979242,0.00302822561935,0.00293356948532,0.00129075755831,0.00083663262194,0.00112340145279,0.00145311711822,0.00131107412744,0.00101516547147,0.000965193612501,0.00145524705295,0.00130746793002,0.000742425792851,0.00095886917552,0.000787015480455,0.000603656924795,0.000350843358319,0.000321251049172,0.000267835770501,0.000252555153565,0.000222492366447,0.000231876707403,0.000173732289113,0.0000490585371153,0.00000419484149461],"median":[0.0000232641723414,0.00509619526565,0.000960175297223,0.000694218382705,0.00112770404667,0.000652136281133,0.000292775977869,0.000411280780099,0.000640576181468,0.0006288496661,0.000392882357119,0.000469627731945,0.000674682436511,0.000646778324153,0.000483939860715,0.00055068184156,0.000424348865636,0.000460174429463,0.000245232164161,0.00021663615189,0.000140578253195,0.000139160925755,0.000105133338366,0.0000847180999699,0.0000528769451194,0.0000156664791575,0.00000128520321141],"min":[3.94995917968e-25,1.79386930404e-24,8.20275220012e-25,3.0706298323e-24,7.23371645022e-24,1.06897081874e-23,6.70025084078e-24,6.08372803879e-24,1.70421502551e-23,2.04830510831e-23,2.29743842623e-23,3.20126350216e-23,2.72010378836e-23,4.8717329514e-23,3.28656524065e-23,5.62518157505e-23,9.31537822636e-23,8.48497843023e-23,1.02607137942e-22,1.58688105353e-22,2.87743818316e-22,3.4023434527e-22,3.71541268481e-22,6.24968526704e-22,8.40581352471e-22,1.37494472348e-21,1.98420292748e-21],"var":[4.22647701726e-7,0.0000949899913394,0.0000389810629713,0.000048637863074,0.0000231981721299,0.00000351086282535,0.00000424002155341,0.00000615342196397,0.00000801734677225,0.0000049576838137,0.00000315967372444,0.00000247240109275,0.00000490872116643,0.00000358030411007,9.59832391345e-7,0.00000223714300773,0.00000161462889992,4.03543111815e-7,1.96241188632e-7,1.55967285309e-7,1.25811098428e-7,1.26534487777e-7,1.68919143562e-7,2.95442333709e-7,2.21471722739e-7,1.00627559618e-8,6.66425109541e-11]},"barkbands_crest":{"dmean":2.49840831757,"dmean2":4.03723478317,"dvar":5.35970926285,"dvar2":13.4735422134,"max":26.6678123474,"mean":9.42783546448,"median":8.49941730499,"min":2.35791563988,"var":19.0170021057},"barkbands_flatness_db":{"dmean":0.022391686216,"dmean2":0.0325925052166,"dvar":0.00047621934209,"dvar2":0.000995031441562,"max":0.434437483549,"mean":0.109976142645,"median":0.101854719222,"min":0.024106066674,"var":0.00239015021361},"barkbands_kurtosis":{"dmean":3.10039901733,"dmean2":4.99137926102,"dvar":182.365402222,"dvar2":455.818054199,"max":1164.09448242,"mean":5.26371097565,"median":-0.110634565353,"min":-1.84311568737,"var":2110.51513672},"barkbands_skewness":{"dmean":0.58820015192,"dmean2":0.89432901144,"dvar":0.533337652683,"dvar2":1.14641153812,"max":30.9767723083,"mean":1.10475468636,"median":0.752867400646,"min":-5.32496833801,"var":3.94101905823},"barkbands_spread":{"dmean":6.72263908386,"dmean2":9.73709487915,"dvar":52.9864730835,"dvar2":104.286727905,"max":118.059127808,"mean":28.5907592773,"median":27.6395015717,"min":0.266840398312,"var":184.794616699},"dissonance":{"dmean":0.015421083197,"dmean2":0.0257147625089,"dvar":0.000283561152173,"dvar2":0.000744604098145,"max":0.499996483326,"mean":0.471928596497,"median":0.478218048811,"min":0.210613355041,"var":0.000581805536058},"dynamic_complexity":3.04964780807,"erbbands":{"dmean":[0.149784862995,0.992934584618,2.86926436424,6.18433713913,10.0898180008,5.54447364807,7.28823184967,5.91560602188,7.85270595551,9.05125617981,18.3832836151,22.6471443176,17.2711658478,26.5498104095,26.9333820343,24.5602874756,34.6299781799,45.2985115051,26.073682785,21.9605026245,25.6264858246,17.1030044556,14.9899950027,11.8334341049,7.85515880585,7.12169075012,6.17662096024,4.73483467102,4.109852314,4.64581441879,3.12225580215,2.96569776535,2.10185432434,1.53350114822,0.575996160507,0.169169411063,0.0475720688701,0.0117492983118,0.000398106174543,0.0000191250637727],"dmean2":[0.242100119591,1.64345991611,5.05547237396,10.2089824677,15.3216876984,9.11797142029,11.5180454254,9.61180210114,12.5810289383,14.3783435822,29.1274452209,35.6002731323,27.7034397125,42.7569389343,44.0750579834,40.0381507874,56.6680335999,74.7312393188,42.2180137634,35.4946784973,40.4859161377,26.8756732941,24.2419719696,19.2781906128,12.2678661346,10.8128404617,9.29283809662,6.98772954941,5.9881567955,6.77200126648,4.33091306686,4.05090475082,2.86003041267,2.09369707108,0.789302766323,0.2290879637,0.0670270398259,0.0176767017692,0.000610031886026,0.0000284299003397],"dvar":[0.0848663449287,3.04644036293,49.0123977661,200.687911987,655.718078613,132.524093628,210.130340576,136.568405151,447.112243652,572.021911621,2329.36401367,3281.65307617,1591.9152832,3113.91552734,3449.7109375,2492.08325195,4314.4140625,7144.04492188,1940.0513916,1681.11401367,2197.98510742,1116.99560547,538.057434082,306.697357178,280.176025391,154.158432007,106.748352051,50.9973869324,43.0963554382,105.799758911,60.8019752502,55.8805923462,36.0744247437,23.3472118378,2.44223451614,0.221143499017,0.00720784300938,0.000347056513419,5.7259597952e-7,6.1733551604e-10],"dvar2":[0.207042202353,7.98722887039,136.429214478,521.848937988,1458.97753906,342.674560547,486.769989014,342.860473633,1110.67138672,1362.54467773,5849.1171875,7908.20800781,3947.3059082,7969.16650391,9093.00683594,6356.99072266,11248.5253906,19487.734375,4757.54785156,4200.93261719,4993.64501953,2710.09277344,1301.70507812,781.849731445,596.827941895,316.224578857,240.60559082,114.409721375,91.2799301147,212.811233521,114.86403656,100.732040405,63.29504776,39.8122177124,4.29078960419,0.422216057777,0.0133495163172,0.000752357300371,0.0000013228715261,1.34159405807e-9],"max":[2.89532136917,16.5267562866,65.8011856079,133.759170532,283.564849854,148.679458618,280.349700928,223.025665283,469.668212891,520.527526855,1176.45471191,1309.58007812,1021.02984619,1150.80578613,1209.44665527,999.514099121,1563.40014648,1212.21020508,886.963439941,881.241577148,1476.55371094,762.174621582,646.604187012,351.767150879,426.923522949,333.109985352,226.376174927,141.562408447,130.883926392,281.655334473,223.081222534,171.925003052,122.681617737,102.183097839,51.9653625488,15.5349473953,2.06916975975,0.262031018734,0.0131046166644,0.000330901501002],"mean":[0.195851743221,1.91675901413,3.60780644417,6.45439958572,12.044880867,7.68367862701,12.2015123367,9.06377315521,11.7188558578,13.3092899323,29.1923027039,37.4917449951,31.7050151825,44.3404808044,47.1487579346,44.2804527283,61.9725799561,79.6145172119,47.6188583374,41.6189651489,53.6710090637,39.5622329712,33.3836708069,25.6958370209,15.8010501862,14.9887638092,12.6695337296,9.66255664825,8.50212669373,8.89319133759,5.88424682617,5.1469335556,3.6004178524,2.44589614868,0.927092671394,0.282184451818,0.0747157931328,0.015229921788,0.000478477653814,0.0000539054708497],"median":[0.0817017555237,1.23975050449,1.89462733269,2.26563549042,2.20221877098,2.8688993454,4.47112512589,4.77211809158,5.11350631714,5.51776647568,10.6807231903,16.3923969269,17.644947052,22.2021713257,19.1771965027,23.4516220093,33.0677070618,38.0344238281,31.7372341156,28.1877117157,31.5380821228,22.6364116669,25.3594608307,19.1707992554,10.6003065109,9.82823944092,7.07360744476,5.29054450989,4.82359457016,4.46695137024,2.66674661636,1.93611288071,1.23417687416,0.701698958874,0.304486781359,0.0796770229936,0.0249460078776,0.00638668332249,0.000190207254491,0.0000466551064164],"min":[1.57188524949e-22,2.58985004181e-22,2.20320747649e-21,4.80020502724e-21,1.45455235541e-20,2.37088235848e-20,3.85268320649e-20,7.83288018182e-20,1.48805630446e-19,2.04460254914e-19,1.22314059805e-19,4.08241265297e-19,6.50549324235e-19,8.68504177812e-19,1.16374737571e-18,1.28406317395e-18,1.47249026459e-18,2.56570436306e-18,1.89261178219e-18,2.70224561921e-18,3.34523792476e-18,5.67544127909e-18,4.77196400838e-18,5.50615380365e-18,7.50641507755e-18,7.18600004984e-18,9.27042901902e-18,1.08581897971e-17,1.3059449756e-17,1.10326670037e-17,1.06640637422e-17,1.20882288747e-17,1.12221203153e-17,8.39682620331e-18,5.9639085236e-18,3.87284722026e-18,2.58410561617e-18,9.4990288599e-19,2.65707266557e-19,2.7683395732e-20],"var":[0.0953077971935,4.97433805466,36.6648254395,169.265777588,809.226013184,186.816116333,471.029998779,192.49597168,634.179748535,763.878723145,4324.16113281,5881.14013672,3068.26464844,5365.52246094,6631.73925781,4621.28564453,7585.28320312,13361.5400391,3494.69799805,2868.54418945,5314.11572266,3813.54980469,1355.25683594,710.341796875,542.47644043,355.706695557,303.071258545,146.405715942,113.663963318,224.941177368,137.203033447,134.424331665,80.701385498,49.8100090027,5.2697467804,0.492262899876,0.0175791401416,0.000529025681317,6.72002329338e-7,1.3795188325e-9]},"erbbands_crest":{"dmean":2.68209648132,"dmean2":4.39736747742,"dvar":6.4324426651,"dvar2":16.6646137238,"max":27.7382545471,"mean":8.81017684937,"median":7.92999887466,"min":2.52116537094,"var":15.6859130859},"erbbands_flatness_db":{"dmean":0.0219471361488,"dmean2":0.0304515436292,"dvar":0.000448275241069,"dvar2":0.000890717084985,"max":0.400860220194,"mean":0.148591205478,"median":0.146345332265,"min":0.0426342338324,"var":0.00163145049009},"erbbands_kurtosis":{"dmean":0.962706983089,"dmean2":1.5193862915,"dvar":1.4326877594,"dvar2":3.43883490562,"max":19.3988113403,"mean":0.750890612602,"median":0.330704450607,"min":-1.72876775265,"var":3.04359507561},"erbbands_skewness":{"dmean":0.346803843975,"dmean2":0.528421580791,"dvar":0.105069808662,"dvar2":0.245795235038,"max":3.96361351013,"mean":0.0405940786004,"median":0.0289451107383,"min":-3.19135332108,"var":0.45763745904},"erbbands_spread":{"dmean":9.11006832123,"dmean2":13.396490097,"dvar":100.81325531,"dvar2":209.59135437,"max":158.549087524,"mean":33.6549911499,"median":29.2173709869,"min":4.65215682983,"var":311.43170166},"gfcc":{"cov":[[20923.9492188,-439.548614502,-1354.13049316,711.231628418,-846.937255859,647.809692383,-575.415771484,-50.3420944214,-522.924560547,-208.611999512,-422.006072998,13.4491863251,-266.878540039],[-439.548614502,1031.34106445,-81.0711135864,-85.3489074707,186.348007202,-73.1754989624,124.640708923,58.5746078491,119.425575256,-6.17588710785,78.348739624,-33.8220558167,62.4725341797],[-1354.13049316,-81.0711135864,904.419006348,144.254470825,39.7175140381,101.882629395,85.8141937256,31.479309082,16.6656303406,48.7877197266,-54.4141044617,-9.60266113281,-25.268447876],[711.231628418,-85.3489074707,144.254470825,380.362670898,101.433601379,100.1927948,32.0598869324,58.7865638733,25.5399169922,33.4862442017,-10.067481041,1.23694705963,-11.6947727203],[-846.937255859,186.348007202,39.7175140381,101.433601379,351.315826416,72.3670654297,110.325057983,100.172782898,90.3456039429,32.0359535217,48.8032112122,8.78290653229,16.8474292755],[647.809692383,-73.1754989624,101.882629395,100.1927948,72.3670654297,271.144958496,107.48500824,46.7737960815,-14.0390300751,30.1077346802,27.2681808472,8.44438934326,-23.4335651398],[-575.415771484,124.640708923,85.8141937256,32.0598869324,110.325057983,107.48500824,226.750839233,97.5054550171,52.4715232849,38.6673698425,64.3343505859,8.14105319977,9.8707075119],[-50.3420944214,58.5746078491,31.479309082,58.7865638733,100.172782898,46.7737960815,97.5054550171,191.124786377,111.554206848,34.2385177612,9.22941684723,9.66586494446,25.4787406921],[-522.924560547,119.425575256,16.6656303406,25.5399169922,90.3456039429,-14.0390300751,52.4715232849,111.554206848,171.123550415,51.9082183838,17.7052192688,9.82913684845,37.0158233643],[-208.611999512,-6.17588710785,48.7877197266,33.4862442017,32.0359535217,30.1077346802,38.6673698425,34.2385177612,51.9082183838,94.1639633179,43.6545677185,10.6129846573,0.571016848087],[-422.006072998,78.348739624,-54.4141044617,-10.067481041,48.8032112122,27.2681808472,64.3343505859,9.22941684723,17.7052192688,43.6545677185,122.747543335,37.1489143372,20.4177627563],[13.4491863251,-33.8220558167,-9.60266113281,1.23694705963,8.78290653229,8.44438934326,8.14105319977,9.66586494446,9.82913684845,10.6129846573,37.1489143372,72.9069061279,35.5954627991],[-266.878540039,62.4725341797,-25.268447876,-11.6947727203,16.8474292755,-23.4335651398,9.8707075119,25.4787406921,37.0158233643,0.571016848087,20.4177627563,35.5954627991,83.1741790771]],"icov":[[0.000165485864272,-0.000276267906884,0.000367213971913,-0.000423672376201,0.000538286112715,-0.000659862707835,0.000461511895992,-0.00045703566866,0.000461121468106,-0.000205309959711,0.000744958466385,-0.000744731281884,0.000512811064254],[-0.000276267906884,0.00194920739159,-0.00060896173818,0.000977130490355,-0.00148965639528,0.00156286463607,-0.00142148230225,0.00118499982636,-0.00164078339003,0.00129017781001,-0.00229474343359,0.0029547107406,-0.00183020182885],[0.000367213971913,-0.00060896173818,0.00220137555152,-0.00129094673321,0.00118658749852,-0.00160817627329,0.000177943249582,-0.000563616515137,0.00105519453064,-0.00148273864761,0.00315392040648,-0.0020773280412,0.00123638985679],[-0.000423672376201,0.000977130490355,-0.00129094673321,0.00451796781272,-0.00233984203078,0.000793726940174,-0.000544328126125,0.000479382928461,-0.000987154315226,-0.000223475857638,-0.00144922896288,0.00200998596847,-0.00129855109844],[0.000538286112715,-0.00148965639528,0.00118658749852,-0.00233984203078,0.00611185608432,-0.00276098074391,0.00089488865342,-0.00216814060695,0.000112340356281,0.000111100693175,0.00139041128568,-0.00261021894403,0.00214465125464],[-0.000659862707835,0.00156286463607,-0.00160817627329,0.000793726940174,-0.00276098074391,0.00845833308995,-0.00435683643445,0.00105606392026,0.000109610758955,-0.0000734782297513,-0.00302892690524,0.0022508893162,-0.000800292647909],[0.000461511895992,-0.00142148230225,0.000177943249582,-0.000544328126125,0.00089488865342,-0.00435683643445,0.0103671522811,-0.00503806397319,0.00175294396468,-0.00021822094277,-0.00214131479152,-0.000623272208031,0.00144402810838],[-0.00045703566866,0.00118499982636,-0.000563616515137,0.000479382928461,-0.00216814060695,0.00105606392026,-0.00503806397319,0.0126360105351,-0.0075892447494,0.000850609561894,0.000556558487006,0.00133192539215,-0.00233151204884],[0.000461121468106,-0.00164078339003,0.00105519453064,-0.000987154315226,0.000112340356281,0.000109610758955,0.00175294396468,-0.0075892447494,0.0150684043765,-0.0071834535338,0.00388463260606,-0.00203038263135,-0.00172273651697],[-0.000205309959711,0.00129017781001,-0.00148273864761,-0.000223475857638,0.000111100693175,-0.0000734782297513,-0.00021822094277,0.000850609561894,-0.0071834535338,0.0186191890389,-0.00872903503478,0.00212191673927,0.00191622856073],[0.000744958466385,-0.00229474343359,0.00315392040648,-0.00144922896288,0.00139041128568,-0.00302892690524,-0.00214131479152,0.000556558487006,0.00388463260606,-0.00872903503478,0.0201722644269,-0.0108412029222,0.00183575320989],[-0.000744731281884,0.0029547107406,-0.0020773280412,0.00200998596847,-0.00261021894403,0.0022508893162,-0.000623272208031,0.00133192539215,-0.00203038263135,0.00212191673927,-0.0108412029222,0.0260846670717,-0.0117414500564],[0.000512811064254,-0.00183020182885,0.00123638985679,-0.00129855109844,0.00214465125464,-0.000800292647909,0.00144402810838,-0.00233151204884,-0.00172273651697,0.00191622856073,0.00183575320989,-0.0117414500564,0.0204468574375]],"mean":[15.3919935226,75.1244812012,-123.977531433,29.5423412323,-50.0376777649,25.7012825012,-35.486995697,12.5036220551,-22.8726558685,3.57942032814,-17.0783920288,1.51997876167,-11.7444934845]},"hfc":{"dmean":7.26366710663,"dmean2":10.3598432541,"dvar":79.3456878662,"dvar2":141.994369507,"max":140.657852173,"mean":30.2350921631,"median":28.6068954468,"min":1.06963896297e-16,"var":412.886016846},"melbands":{"dmean":[0.00126694282517,0.00139079382643,0.00127009279095,0.000525769777596,0.000239934815909,0.000135223497637,0.000121678989672,0.000105662067654,0.000153444110765,0.000142067874549,0.0000884237961145,0.000113410766062,0.0000868799252203,0.0000736048168619,0.0000584964436712,0.0000962823032751,0.0000881861633388,0.0000462491734652,0.0000274638132396,0.0000404030906793,0.0000310294126393,0.0000208438195841,0.0000170478906512,0.0000141633936437,0.0000103316433524,0.00000640702319288,0.00000573238821744,0.00000512408860232,0.00000462284924652,0.00000317554395224,0.00000282836504084,0.00000239291284743,0.00000284168891085,0.00000262546404883,0.00000188836418147,0.00000183424447187,0.00000188827243619,0.00000152532970787,0.0000014540586335,0.00000135014920488],"dmean2":[0.0020467764698,0.00239165057428,0.002011195058,0.000821163062938,0.000380559358746,0.000219345514779,0.000193949206732,0.000167251579114,0.000242950816755,0.000223706985707,0.000141731332405,0.000182457486517,0.000142441393109,0.000120368866192,0.0000955605355557,0.00015886563051,0.00014636501146,0.000075432297308,0.0000450430998171,0.0000645223408355,0.0000494536652695,0.0000332107774739,0.0000277430153801,0.000023217220587,0.0000169610320881,0.0000101813702713,0.00000906243440113,0.00000782240840635,0.00000713906410965,0.0000048354881983,0.00000425139160143,0.00000360795138477,0.00000423033270636,0.00000388928083339,0.00000272505735666,0.00000258409613707,0.00000264108416559,0.0000021570260742,0.00000199090050046,0.00000188103831533],"dvar":[0.0000053540816225,0.00000911217648536,0.00000791173715697,0.00000142051453622,2.02229088586e-7,6.54901057828e-8,1.09760215139e-7,6.53533973605e-8,1.50059833004e-7,1.33424322257e-7,4.10450731181e-8,5.87547752673e-8,3.36614291996e-8,2.25897380801e-8,1.03643778004e-8,3.8040170125e-8,2.78496994355e-8,6.42910880089e-9,2.56425169987e-9,8.47388825775e-9,2.99245561663e-9,2.02202476984e-9,9.09801511906e-10,4.12319206555e-10,2.43446846016e-10,2.45212045114e-10,1.2400777627e-10,8.51171008676e-11,6.58872817416e-11,2.62708969162e-11,1.88493786552e-11,1.2815845607e-11,3.74796027547e-11,3.3030807256e-11,2.26138899273e-11,2.28767282895e-11,2.34803843036e-11,1.9307168711e-11,2.0467839229e-11,1.89523362282e-11],"dvar2":[0.0000133337871375,0.0000248859050771,0.0000186524757737,0.00000345622811437,4.75785839171e-7,1.62620764854e-7,2.68968307182e-7,1.53897460109e-7,3.80701408176e-7,3.24834729781e-7,1.01595709623e-7,1.50570400592e-7,8.78361632317e-8,5.84529082914e-8,2.57996717323e-8,9.96477638182e-8,7.53309592483e-8,1.57000137335e-8,6.27347285231e-9,1.98374809912e-8,6.98240310015e-9,5.05568431564e-9,2.24805374316e-9,1.0545336826e-9,6.28803176195e-10,5.47422163155e-10,2.87570800506e-10,1.75130979163e-10,1.50038467761e-10,6.07524031082e-11,4.39788587492e-11,2.88588875019e-11,8.08175193434e-11,6.97300273078e-11,4.61472283997e-11,4.21005938445e-11,4.5375696256e-11,3.63320311336e-11,3.65302232908e-11,3.46175518806e-11],"max":[0.0246771685779,0.027938939631,0.0255674049258,0.0137438410893,0.00878054182976,0.00437098788098,0.00675042206421,0.00534031866118,0.00893789809197,0.00754678668454,0.00507036829367,0.00526889367029,0.00262224813923,0.00406555039808,0.00225819810294,0.00348072894849,0.00267920014448,0.00176144542638,0.00101117452141,0.00309942336753,0.00116484763566,0.00102680933196,0.000855604303069,0.000395903829485,0.000304529094137,0.000436919275671,0.000353728915798,0.000260804081336,0.000194070016732,0.000110813809442,0.0000840149004944,0.0000636543190922,0.000166578392964,0.000146549442434,0.000137458715471,0.000119686672406,0.000108655105578,0.0000904386251932,0.0000910584421945,0.0000982438577921],"mean":[0.00206281105056,0.00220255344175,0.00140299194027,0.000683647114784,0.000404522579629,0.000210266225622,0.000180121875019,0.000155517409439,0.000241117435507,0.00023065941059,0.000155118730618,0.000179426497198,0.000145476980833,0.000125877733808,0.000101343597635,0.000159848874318,0.000145539568621,0.0000777480599936,0.0000470271843369,0.0000695701455697,0.0000610862844042,0.0000429688807344,0.0000333041462,0.0000285287806037,0.0000201721741178,0.0000114107897389,0.0000105479448393,0.000009803427929,0.00000869444011187,0.00000604719025432,0.00000535580193173,0.00000462957223135,0.00000521762012795,0.00000473411910207,0.00000337793881044,0.00000313818804898,0.0000031273220884,0.00000254792894339,0.00000225711482926,0.00000204229036171],"median":[0.00115563126747,0.00146734295413,0.00044364988571,0.000181998184416,0.000161112169735,0.000114091089927,0.0000731585823814,0.0000656201737002,0.0000861935404828,0.0000981841658358,0.00008236564463,0.0000826035538921,0.0000558971805731,0.0000602411091677,0.0000606762623647,0.0000666944033583,0.0000666657215334,0.0000476835157315,0.0000308797134494,0.0000407260158681,0.0000341461163771,0.0000230088608077,0.0000194813146663,0.0000212488412217,0.0000140940892379,0.00000697180075804,0.00000687360898155,0.00000591755497226,0.00000466996561954,0.0000029879424801,0.00000286809131467,0.00000260811907538,0.00000260838714894,0.00000231127205552,0.00000152469010573,0.00000120837466966,0.0000011329635754,9.00936754533e-7,6.62595596168e-7,5.75188892071e-7],"min":[1.53952161554e-24,1.2836944184e-24,1.53531669109e-24,1.96551399854e-24,1.10982513616e-24,2.33884991611e-24,2.68395289632e-24,1.59419677602e-24,9.13898809965e-25,2.75996122226e-24,3.03526007033e-24,3.32581746046e-24,3.69444466729e-24,3.24296004692e-24,3.04768107971e-24,2.73797211895e-24,5.25848013546e-24,2.42356844973e-24,3.1344222527e-24,3.38641972735e-24,4.08014834614e-24,5.40989725305e-24,4.51895616897e-24,4.27642167252e-24,3.62556922166e-24,3.83843032072e-24,5.30213688124e-24,4.12269437577e-24,4.97027887563e-24,5.17601774402e-24,5.727898128e-24,6.19360531884e-24,6.58692189985e-24,5.96433472965e-24,5.84237525598e-24,5.64238718359e-24,6.14389761548e-24,6.80302127293e-24,8.31889796613e-24,6.47719016464e-24],"var":[0.00000728777649783,0.00000837598872749,0.00000845811428007,0.00000174813999365,4.42602697603e-7,9.42713853647e-8,1.62971957707e-7,9.04624997133e-8,2.74943488421e-7,2.33205994959e-7,7.87126666069e-8,1.00085031818e-7,6.47582254487e-8,3.89835932424e-8,1.93242808422e-8,6.5501680524e-8,4.94119198891e-8,1.06604511885e-8,4.09301126325e-9,1.41511256047e-8,7.22368964645e-9,5.55414070291e-9,2.38597830382e-9,8.93493168341e-10,5.0740839308e-10,4.03710537222e-10,2.09950209995e-10,1.80764639368e-10,1.58615939827e-10,7.51446613267e-11,4.66511239361e-11,3.1713316001e-11,7.63800619974e-11,6.52833828663e-11,4.50598169888e-11,5.246935178e-11,5.26486979013e-11,4.09293259007e-11,4.08101850924e-11,3.72725045272e-11]},"melbands_crest":{"dmean":3.3202483654,"dmean2":5.34275197983,"dvar":9.6312122345,"dvar2":22.6180667877,"max":34.4454574585,"mean":13.7333612442,"median":13.1622266769,"min":1.57334470749,"var":28.7747612},"melbands_flatness_db":{"dmean":0.0288170222193,"dmean2":0.0416550114751,"dvar":0.000854746496771,"dvar2":0.00172705948353,"max":0.571185052395,"mean":0.168783456087,"median":0.159195631742,"min":0.00394835602492,"var":0.00469683064148},"melbands_kurtosis":{"dmean":6.91384744644,"dmean2":10.8937416077,"dvar":275.062011719,"dvar2":615.360351562,"max":1072.91455078,"mean":11.8533601761,"median":2.97433233261,"min":-1.80654013157,"var":2355.86572266},"melbands_skewness":{"dmean":0.81069201231,"dmean2":1.23316979408,"dvar":1.00005936623,"dvar2":2.15746498108,"max":24.5849876404,"mean":2.16552591324,"median":1.73268437386,"min":-2.85290932655,"var":3.92800521851},"melbands_spread":{"dmean":9.61489105225,"dmean2":14.4536790848,"dvar":151.133529663,"dvar2":324.882843018,"max":256.659820557,"mean":33.6419143677,"median":32.0275154114,"min":0.270974010229,"var":419.259063721},"mfcc":{"cov":[[10654.7773438,149.181091309,-346.336975098,96.4889602661,169.137298584,355.743225098,83.5071258545,156.53742981,-80.216178894,-82.2013549805,-48.6487770081,-20.7562637329,-205.366668701],[149.181091309,1040.38928223,-156.985839844,-14.9723777771,2.81789040565,-54.8629989624,9.89707756042,39.7925682068,47.0695533752,16.2810554504,29.6980171204,-2.57018280029,36.8679656982],[-346.336975098,-156.985839844,729.170166016,85.7019119263,-3.4762609005,92.1045150757,40.4609832764,-10.2663354874,44.8516235352,24.6096096039,7.05150032043,-8.76146030426,4.58843183517],[96.4889602661,-14.9723777771,85.7019119263,285.170654297,111.65171051,26.3187465668,10.6233491898,36.6901893616,66.978729248,43.340057373,14.4481105804,33.5563812256,25.4201107025],[169.137298584,2.81789040565,-3.4762609005,111.65171051,219.986175537,57.4205360413,19.3379325867,50.7603378296,67.0651855469,28.9119968414,24.7698307037,30.3993549347,19.0462799072],[355.743225098,-54.8629989624,92.1045150757,26.3187465668,57.4205360413,198.070053101,115.214996338,35.1468696594,-12.2217550278,19.8600940704,40.3698539734,14.0757303238,-11.8838357925],[83.5071258545,9.89707756042,40.4609832764,10.6233491898,19.3379325867,115.214996338,214.530487061,84.2590713501,-1.65895426273,38.0358886719,60.4318237305,6.82862281799,12.5164461136],[156.53742981,39.7925682068,-10.2663354874,36.6901893616,50.7603378296,35.1468696594,84.2590713501,138.315063477,78.8527297974,43.7333526611,40.5234947205,30.2160301208,28.829832077],[-80.216178894,47.0695533752,44.8516235352,66.978729248,67.0651855469,-12.2217550278,-1.65895426273,78.8527297974,172.624465942,70.4477081299,25.8707408905,38.7673339844,42.2093048096],[-82.2013549805,16.2810554504,24.6096096039,43.340057373,28.9119968414,19.8600940704,38.0358886719,43.7333526611,70.4477081299,115.857658386,62.1918029785,30.4255943298,26.9844875336],[-48.6487770081,29.6980171204,7.05150032043,14.4481105804,24.7698307037,40.3698539734,60.4318237305,40.5234947205,25.8707408905,62.1918029785,102.97467041,43.9628639221,18.0602874756],[-20.7562637329,-2.57018280029,-8.76146030426,33.5563812256,30.3993549347,14.0757303238,6.82862281799,30.2160301208,38.7673339844,30.4255943298,43.9628639221,84.0222320557,37.2969932556],[-205.366668701,36.8679656982,4.58843183517,25.4201107025,19.0462799072,-11.8838357925,12.5164461136,28.829832077,42.2093048096,26.9844875336,18.0602874756,37.2969932556,79.4838790894]],"icov":[[0.000116338953376,-0.0000323341773765,0.0000697617142578,-0.000056108339777,0.00000214920441977,-0.000281049724435,0.000138684699778,-0.000255981634837,0.0000758739552111,0.000014165576431,0.000143643133924,-0.0000696840434102,0.000312938151183],[-0.0000323341773765,0.00107050978113,0.000216760090552,0.0000108849581011,0.0000578098042752,0.00028623547405,-0.0000962884296314,0.0000208461897273,-0.000411143904785,0.000322724343278,-0.00069362227805,0.000682537618559,-0.00061343878042],[0.0000697617142578,0.000216760090552,0.00177300861105,-0.000633775023744,0.0006970372051,-0.0012478827266,-0.0000432718079537,0.000743938318919,-0.00115418678615,0.000314195203828,-0.000201002549147,0.000792504986748,-0.000256529252511],[-0.000056108339777,0.0000108849581011,-0.000633775023744,0.00493141077459,-0.00230778800324,0.000501136993989,-0.00024791789474,0.000054132193327,-0.000153863918968,-0.00141655013431,0.00128929479979,-0.00131952529773,-0.000154393157572],[0.00000214920441977,0.0000578098042752,0.0006970372051,-0.00230778800324,0.00713573768735,-0.00274050491862,0.0012163661886,-0.000837505038362,-0.00217047007754,0.00120626483113,-0.00103487062734,0.000428183586337,-0.000553530582692],[-0.000281049724435,0.00028623547405,-0.0012478827266,0.000501136993989,-0.00274050491862,0.0103465672582,-0.00531354779378,0.00114276271779,0.00137131346855,-0.000490992097184,-0.000353799463483,-0.00241658673622,0.00233151973225],[0.000138684699778,-0.0000962884296314,-0.0000432718079537,-0.00024791789474,0.0012163661886,-0.00531354779378,0.0112483883277,-0.00689340149984,0.00314312870614,-0.00075939350063,-0.00353105226532,0.00382285588421,-0.00227494724095],[-0.000255981634837,0.0000208461897273,0.000743938318919,0.000054132193327,-0.000837505038362,0.00114276271779,-0.00689340149984,0.0163019523025,-0.00730508007109,0.00131411268376,-0.00101658713538,-0.00138270843308,-0.000874211313203],[0.0000758739552111,-0.000411143904785,-0.00115418678615,-0.000153863918968,-0.00217047007754,0.00137131346855,0.00314312870614,-0.00730508007109,0.0136181535199,-0.00654635857791,0.0028662411496,-0.00192849501036,-0.00137328822166],[0.000014165576431,0.000322724343278,0.000314195203828,-0.00141655013431,0.00120626483113,-0.000490992097184,-0.00075939350063,0.00131411268376,-0.00654635857791,0.017617398873,-0.00978576764464,0.0024116425775,-0.00181049027015],[0.000143643133924,-0.00069362227805,-0.000201002549147,0.00128929479979,-0.00103487062734,-0.000353799463483,-0.00353105226532,-0.00101658713538,0.0028662411496,-0.00978576764464,0.0215209517628,-0.00976353418082,0.00290358508937],[-0.0000696840434102,0.000682537618559,0.000792504986748,-0.00131952529773,0.000428183586337,-0.00241658673622,0.00382285588421,-0.00138270843308,-0.00192849501036,0.0024116425775,-0.00976353418082,0.0218571778387,-0.00851718150079],[0.000312938151183,-0.00061343878042,-0.000256529252511,-0.000154393157572,-0.000553530582692,0.00233151973225,-0.00227494724095,-0.000874211313203,-0.00137328822166,-0.00181049027015,0.00290358508937,-0.00851718150079,0.0195757821202]],"mean":[-617.173339844,104.296600342,-9.1851568222,11.6449785233,8.67170238495,10.482585907,3.72483515739,7.54353809357,2.7319624424,2.73999094963,1.58378553391,-0.0583959631622,-1.67494785786]},"pitch_salience":{"dmean":0.0691593810916,"dmean2":0.110016107559,"dvar":0.0040779444389,"dvar2":0.00978636275977,"max":0.908783614635,"mean":0.541296184063,"median":0.543899714947,"min":0.0338512845337,"var":0.0157022885978},"silence_rate_20dB":{"dmean":0,"dmean2":0,"dvar":0,"dvar2":0,"max":1,"mean":1,"median":1,"min":1,"var":0},"silence_rate_30dB":{"dmean":0.000223463692237,"dmean2":0.000446977326646,"dvar":0.000223398019443,"dvar2":0.000670203298796,"max":1,"mean":0.999888300896,"median":1,"min":0,"var":0.000111702946015},"silence_rate_60dB":{"dmean":0.0116201117635,"dmean2":0.0232428200543,"dvar":0.0114852609113,"dvar2":0.0260490830988,"max":1,"mean":0.0719472691417,"median":0,"min":0,"var":0.0667745620012},"spectral_centroid":{"dmean":280.734863281,"dmean2":407.729034424,"dvar":98179.5,"dvar2":191534.21875,"max":11785.5244141,"mean":1667.20593262,"median":1650.87475586,"min":159.281158447,"var":708925.375},"spectral_complexity":{"dmean":3.61787700653,"dmean2":5.47167301178,"dvar":11.6378984451,"dvar2":23.7413139343,"max":58,"mean":25.7586860657,"median":27,"min":0,"var":114.481155396},"spectral_contrast_coeffs":{"dmean":[0.054560303688,0.0488123185933,0.0410330668092,0.0343567281961,0.0245791524649,0.0191456638277],"dmean2":[0.0865013301373,0.0789060890675,0.0657786875963,0.0553761981428,0.0384695790708,0.0300975814462],"dvar":[0.00224650627933,0.00167095172219,0.00113676383626,0.000788047967944,0.000420550873969,0.000256160274148],"dvar2":[0.00539370719343,0.00419756723568,0.00277721672319,0.00190395442769,0.000982405501418,0.00060310336994],"max":[-0.282586306334,-0.432129442692,-0.517874538898,-0.515115141869,-0.553670108318,-0.623037099838],"mean":[-0.643598973751,-0.737985670567,-0.760418891907,-0.758260607719,-0.779616653919,-0.770462691784],"median":[-0.649856984615,-0.742673873901,-0.767770886421,-0.758720993996,-0.77955186367,-0.768240332603],"min":[-0.974428296089,-0.977069854736,-0.979637384415,-0.96549397707,-0.967288970947,-0.963036477566],"var":[0.00903625320643,0.00542352534831,0.00452789291739,0.00330765685067,0.00219581625424,0.00145691039506]},"spectral_contrast_valleys":{"dmean":[0.457426220179,0.370106041431,0.309570163488,0.292601287365,0.277767688036,0.404787570238],"dmean2":[0.721034169197,0.602825522423,0.49507895112,0.452017366886,0.399190187454,0.509212493896],"dvar":[0.192548602819,0.120177038014,0.0931668281555,0.0940022468567,0.108727514744,0.188883602619],"dvar2":[0.404697299004,0.280902564526,0.204591989517,0.192319899797,0.20852278173,0.341618478298],"max":[-5.23715400696,-4.89310741425,-5.30514383316,-5.50286817551,-5.66689682007,-7.40276622772],"mean":[-7.49024486542,-6.97796201706,-7.08960723877,-7.36427927017,-7.38039112091,-9.80851173401],"median":[-7.09684705734,-6.72550535202,-6.78180599213,-6.99592781067,-6.99437856674,-9.49355983734],"min":[-28.0869522095,-28.1359767914,-28.1789932251,-27.6965446472,-27.4544677734,-27.3932952881],"var":[3.36002159119,2.94195961952,3.13863825798,3.19687056541,3.19197320938,3.22915363312]},"spectral_decrease":{"dmean":2.90610602249e-9,"dmean2":4.56125315296e-9,"dvar":2.15608100821e-17,"dvar2":5.18949326601e-17,"max":1.0960860437e-19,"mean":-7.99164645571e-9,"median":-7.25842186355e-9,"min":-3.8417848458e-8,"var":3.20786961208e-17},"spectral_energy":{"dmean":0.0112793603912,"dmean2":0.0176624618471,"dvar":0.000313728029141,"dvar2":0.000754955224693,"max":0.149916127324,"mean":0.0329046435654,"median":0.0304365903139,"min":9.91491559404e-21,"var":0.000494388688821},"spectral_energyband_high":{"dmean":0.000588884518947,"dmean2":0.000751692452468,"dvar":0.00000105360720681,"dvar2":0.0000015811058347,"max":0.0177509170026,"mean":0.00137657078449,"median":0.000742564501707,"min":6.85079626708e-21,"var":0.0000036188851027},"spectral_energyband_low":{"dmean":0.00735504133627,"dmean2":0.0121477451175,"dvar":0.000217753608013,"dvar2":0.00055030209478,"max":0.115792445838,"mean":0.0123120397329,"median":0.00860313978046,"min":1.47525382756e-23,"var":0.000236259118537},"spectral_energyband_middle_high":{"dmean":0.00267328764312,"dmean2":0.00423145946115,"dvar":0.0000100483330243,"dvar2":0.0000256682287727,"max":0.0473311245441,"mean":0.00947716180235,"median":0.00844545755535,"min":1.18905718636e-21,"var":0.0000459240618511},"spectral_energyband_middle_low":{"dmean":0.00570692541078,"dmean2":0.00866615492851,"dvar":0.0000991259294096,"dvar2":0.000224323317525,"max":0.110361531377,"mean":0.0110072363168,"median":0.00722044473514,"min":1.84558640968e-22,"var":0.000151529646246},"spectral_entropy":{"dmean":0.165460258722,"dmean2":0.21964879334,"dvar":0.0315844863653,"dvar2":0.0586242154241,"max":9.82021331787,"mean":7.78845500946,"median":7.807472229,"min":5.15097236633,"var":0.138398006558},"spectral_flux":{"dmean":0.0298558268696,"dmean2":0.0464534051716,"dvar":0.00140004861169,"dvar2":0.00325449020602,"max":0.357343703508,"mean":0.0992121770978,"median":0.0939306095243,"min":6.46647596581e-11,"var":0.00301062292419},"spectral_kurtosis":{"dmean":1.5659211874,"dmean2":2.44250512123,"dvar":5.75230264664,"dvar2":14.6190748215,"max":76.4538726807,"mean":4.28603315353,"median":3.68907356262,"min":-1.2564688921,"var":9.70363998413},"spectral_rms":{"dmean":0.000864491506945,"dmean2":0.00132075534202,"dvar":0.0000013583510281,"dvar2":0.00000308455855702,"max":0.0120937852189,"mean":0.00528400810435,"median":0.0054492414929,"min":3.11015883186e-12,"var":0.00000418140371039},"spectral_rolloff":{"dmean":578.288513184,"dmean2":906.109802246,"dvar":986470.6875,"dvar2":1752726.75,"max":19982.8125,"mean":1981.30932617,"median":1614.99023438,"min":64.599609375,"var":3797232.25},"spectral_skewness":{"dmean":0.215061545372,"dmean2":0.318649053574,"dvar":0.0669685900211,"dvar2":0.150342166424,"max":6.73757123947,"mean":1.52800309658,"median":1.48915696144,"min":-0.0850691646338,"var":0.188098594546},"spectral_spread":{"dmean":693280.75,"dmean2":928534.3125,"dvar":766491230208,"dvar2":1365862776830,"max":42662608,"mean":4845537,"median":4438042,"min":966393.25,"var":7374124351490},"spectral_strongpeak":{"dmean":0.62754791975,"dmean2":1.09904682636,"dvar":1.15990054607,"dvar2":3.03588819504,"max":10.8669128418,"mean":0.887234926224,"median":0.425328820944,"min":0,"var":1.40098059177},"zerocrossingrate":{"dmean":0.0132839782164,"dmean2":0.0147609459236,"dvar":0.000270072108833,"dvar2":0.000274495483609,"max":0.5205078125,"mean":0.0736729204655,"median":0.0654296875,"min":0.00244140625,"var":0.00241271289997}},"metadata":{"audio_properties":{"analysis_sample_rate":44100,"bit_rate":256032,"codec":"mp3","downmix":"mix","equal_loudness":0,"length":207.804077148,"lossless":false,"md5_encoded":"f1873a3ff52ebfb322d769486e0d1998","replay_gain":-14.3842353821,"sample_rate":44100},"tags":{"album":["Eyes Wide, Tongue Tied"],"albumartist":["The Fratellis"],"artist":["The Fratellis"],"artistsort":["Fratellis, The"],"composer":["The Fratellis"],"date":["2015"],"file_name":"05. The Fratellis - Thief.mp3","genre":["Alternative Rock"],"label":["Cooking Vinyl"],"musicbrainz_albumid":["b264c2b1-9002-425c-a7c4-69e11315fc1f"],"musicbrainz_artistid":["f4ad883e-9a92-45ed-a540-a49c2d1c36dd"],"musicbrainz_recordingid":["e77e6482-2c66-4f72-8c21-c62d2179ecba"],"title":["Thief"],"tracknumber":["5/11"]},"version":{"essentia":"2.1-beta2","essentia_build_sha":"c0e182ba78c2de26e491b7b7a4a2c98c1ed34208","essentia_git_sha":"v2.1_beta2-2-gbb40004","extractor":"music 1.0"}},"rhythm":{"beats_count":423,"beats_loudness":{"dmean":0.0167483314872,"dmean2":0.0298678837717,"dvar":0.000215289226617,"dvar2":0.000632685376331,"max":0.108655266464,"mean":0.0542029477656,"median":0.0564099922776,"min":0,"var":0.000446045014542},"beats_loudness_band_ratio":{"dmean":[0.147103503346,0.0531005896628,0.0692393407226,0.0595704056323,0.055016014725,0.0403026305139],"dmean2":[0.250590920448,0.0942564234138,0.122438907623,0.104044318199,0.0998137369752,0.0764539912343],"dvar":[0.019167272374,0.00473887426779,0.00629022717476,0.00374216469936,0.00492267962545,0.00148578477092],"dvar2":[0.0570989921689,0.0134253837168,0.0182979684323,0.0113419052213,0.0140049066395,0.00436043413356],"max":[0.997578442097,0.704684376717,0.563205122948,0.4404733181,0.604453682899,0.365925937891],"mean":[0.66310441494,0.0673609152436,0.0848692655563,0.0936060845852,0.0719654411077,0.0472752600908],"median":[0.689032971859,0.0470921508968,0.0539090111852,0.0682946145535,0.055909793824