{"lowlevel":{"average_loudness":0.546139419079,"barkbands":{"dmean":[0.00000310190512209,0.0000808144977782,0.000445894402219,0.000663781247567,0.00244187260978,0.00107481970917,0.000810738827568,0.000922325823922,0.000591911957599,0.000378964032279,0.000200417518499,0.000312717776978,0.00041143927956,0.000134151734528,0.0000482770738017,0.00010707990441,0.000147316692164,0.0000684162732796,0.0000815849707578,0.000070223439252,0.0000228528151638,0.0000369988811144,0.00004476520553,0.0000467261270387,0.0000137306633405,7.51802588184e-7,6.74655851185e-8],"dmean2":[0.0000046962622946,0.000089204251708,0.000539410219062,0.000977690913714,0.00359736825339,0.00157705729362,0.00124046194833,0.00147511460818,0.000917101278901,0.000580457272008,0.000292099342914,0.000493862433359,0.000643549370579,0.000209785459447,0.0000789258265286,0.000169269536855,0.00023310976394,0.000110933120595,0.000127622013679,0.000113241578219,0.0000333877542289,0.0000528082709934,0.0000667011263431,0.0000635118267382,0.0000197219851543,9.61557475421e-7,9.23629741578e-8],"dvar":[2.17647322387e-9,9.05419028641e-8,6.80733649006e-7,0.00000183857207503,0.0000234561957768,0.00000572507815377,0.00000387690852222,0.00000752737014409,0.00000205288370125,0.0000016371214997,7.23436130556e-7,0.00000154050337642,0.00000280071481029,6.34789557807e-7,2.04262420311e-8,1.25911526538e-7,1.43087831361e-7,4.02451405535e-8,4.24669082122e-8,3.32477476661e-8,1.44082035192e-8,2.1169540787e-8,1.0893771929e-7,1.07818614481e-7,8.90983464785e-9,1.96528227719e-11,1.23239499118e-13],"dvar2":[3.69226182961e-9,1.84174396622e-7,0.0000012654774082,0.00000423230312663,0.0000560024491278,0.0000135968193717,0.00000950578760239,0.0000194488402485,0.00000498365943713,0.00000386423016607,0.000001489785177,0.000003526457931,0.00000717632883607,0.00000110388123176,5.22205603204e-8,3.15610748203e-7,3.48338801359e-7,1.09688336636e-7,9.28924421828e-8,8.2281246705e-8,2.77424998529e-8,3.60437404368e-8,2.58809848219e-7,1.98800478302e-7,1.9578438426e-8,3.11162692834e-11,2.02357878717e-13],"max":[0.00280437711626,0.0149251846597,0.0230728518218,0.0313305594027,0.105249397457,0.0630934163928,0.0487699247897,0.0869654417038,0.036282364279,0.037795946002,0.029144814238,0.041290756315,0.0504404194653,0.049560058862,0.00422996887937,0.00986150465906,0.0130571443588,0.00550863519311,0.0076061966829,0.00462548714131,0.00512612611055,0.004546884913,0.014862768352,0.0120211904868,0.00406848918647,0.000166954225278,0.0000189193033293],"mean":[0.00000350769983015,0.000346065266058,0.0015499611618,0.00146408111323,0.00559784518555,0.00235686637461,0.00149622629397,0.00155345350504,0.00118133262731,0.000684642640408,0.00037593243178,0.000532957958058,0.000655949406791,0.000266031682258,0.0000902727915673,0.000201546703465,0.00028349715285,0.000136698872666,0.000197804052732,0.000156693407916,0.0000447218226327,0.0000862236629473,0.0000891565141501,0.000081970669271,0.0000247569369094,0.00000158041279974,1.38935575933e-7],"median":[5.66341896047e-7,0.0000176750709215,0.000555554230232,0.000517887063324,0.0023665514309,0.000724898476619,0.000443566648755,0.000357784505468,0.000186144563486,0.0000713526460459,0.0000336321572831,0.0000542024718015,0.0000826261748443,0.0000189162328752,0.0000122182527775,0.000032331343391,0.0000761132541811,0.0000277162871498,0.0000641942388029,0.0000556503109692,0.00000719411400496,0.000020111367121,0.0000222550679609,0.0000115255406854,0.0000040242293835,4.68819621346e-7,6.14727895254e-8],"min":[4.09843463496e-25,5.42375477814e-24,1.88798018817e-25,6.46718228077e-25,5.06520881925e-24,1.08338212419e-23,5.79132215035e-24,9.01700989053e-24,9.95235279952e-24,1.51705083377e-23,1.86939681926e-23,1.92915224397e-23,2.33930011903e-23,2.75264619397e-23,3.75419946091e-23,6.52092997748e-23,6.34581737156e-23,7.38660447785e-23,1.11354999536e-22,1.82974810218e-22,2.34084969428e-22,3.3939068062e-22,4.07706110743e-22,5.71790870347e-22,8.64199974191e-22,1.2876496029e-21,1.73248940331e-21],"var":[3.08993586273e-9,8.5947539219e-7,0.00000561511296837,0.00000677942125549,0.0000858215571498,0.0000210244943446,0.00000912747600523,0.000015016323232,0.00000750694653107,0.00000425597590947,0.00000252231461673,0.00000398998872697,0.00000543074247616,0.00000311229132421,5.21863725567e-8,3.1179644111e-7,3.49562725432e-7,1.17290490209e-7,1.63197483971e-7,9.28314918269e-8,3.66389798501e-8,7.23837700889e-8,1.82677950988e-7,2.53462530964e-7,1.66937574875e-8,5.14656546546e-11,2.83102426051e-13]},"barkbands_crest":{"dmean":2.33738732338,"dmean2":3.72425031662,"dvar":4.7540845871,"dvar2":11.7331867218,"max":25.6156902313,"mean":10.6118831635,"median":9.84765434265,"min":2.43362689018,"var":19.7371349335},"barkbands_flatness_db":{"dmean":0.0174942072481,"dmean2":0.0262527577579,"dvar":0.000354615796823,"dvar2":0.000705372251105,"max":0.455871284008,"mean":0.172367736697,"median":0.173803538084,"min":0.0212260838598,"var":0.00371730700135},"barkbands_kurtosis":{"dmean":4.33785676956,"dmean2":6.73540353775,"dvar":174.047485352,"dvar2":338.776824951,"max":668.883972168,"mean":8.99219226837,"median":3.62300348282,"min":-1.93094015121,"var":445.357116699},"barkbands_skewness":{"dmean":0.540562152863,"dmean2":0.815237224102,"dvar":0.483010977507,"dvar2":1.03979706764,"max":18.8310623169,"mean":1.83079814911,"median":1.68175470829,"min":-5.04942941666,"var":2.95827674866},"barkbands_spread":{"dmean":4.11315536499,"dmean2":6.23798847198,"dvar":40.9532279968,"dvar2":87.5486068726,"max":132.829315186,"mean":16.7880134583,"median":12.7698574066,"min":0.198436021805,"var":204.417007446},"dissonance":{"dmean":0.0207916237414,"dmean2":0.0349018462002,"dvar":0.000412067893194,"dvar2":0.00111869897228,"max":0.5,"mean":0.452777355909,"median":0.458709418774,"min":0.251552462578,"var":0.0011017069919},"dynamic_complexity":6.13118124008,"erbbands":{"dmean":[0.00102579116356,0.0278111025691,0.366801917553,1.43435943127,6.32240104675,7.86179065704,10.7141437531,7.19900941849,12.8632183075,10.188252449,21.5351543427,12.4787425995,13.1000699997,9.40846729279,6.04713201523,15.4554815292,17.6084022522,8.22424602509,2.72110366821,3.21055006981,5.4094543457,8.73304271698,4.278840065,2.06686162949,5.58193635941,2.26622223854,0.956692934036,0.979548275471,1.35053157806,1.19916021824,1.32771873474,1.11383402348,0.701072335243,0.258897602558,0.0416432507336,0.00593020301312,0.00110449560452,0.000159852424986,0.0000132779823616,0.00000583225664741],"dmean2":[0.00146107934415,0.0295000616461,0.425119280815,2.03610920906,9.53940391541,11.5495138168,15.3861351013,10.9757833481,19.5717449188,15.5568027496,34.3106651306,19.3022956848,20.0286407471,13.6968393326,9.09787940979,24.2738571167,27.476108551,12.7206888199,4.34483480453,5.08223628998,8.38585567474,13.8328876495,6.875041008,3.19680738449,8.7315454483,3.52457618713,1.44376337528,1.41372418404,1.96842324734,1.7212767601,1.96581017971,1.56619906425,0.919932842255,0.363641560078,0.058859217912,0.00791339483112,0.00141479715239,0.000208246827242,0.0000175679124368,0.00000855276630318],"dvar":[0.000160056195455,0.00464394874871,0.420799940825,7.35609197617,186.362747192,268.413269043,768.134765625,273.513122559,1054.72888184,727.934020996,3906.8605957,934.362976074,1999.0838623,1023.20635986,726.760009766,3281.81005859,4552.16259766,2253.20385742,63.7990722656,136.18649292,271.791290283,508.103912354,141.348403931,31.9844360352,199.11088562,28.4696521759,17.3035526276,24.5257053375,30.615776062,23.8067359924,119.62853241,85.5883102417,26.3484077454,3.87092447281,0.0733933374286,0.00130373146385,0.0000403115918743,7.03616706232e-7,5.34338573388e-9,8.03079616696e-11],"dvar2":[0.000390208035242,0.0072772949934,0.68392431736,16.5545749664,471.257476807,620.59362793,1854.67163086,709.283325195,2514.48120117,1803.19848633,9915.29492188,2303.74072266,4697.13232422,2030.38952637,1615.90930176,7583.95068359,11345.59375,3931.16772461,143.994674683,327.016784668,689.277404785,1212.34973145,399.312835693,62.5227432251,426.407928467,64.3809204102,35.2303924561,46.5646057129,54.4286384583,41.8913574219,292.080627441,195.559249878,45.1136016846,8.70341396332,0.154551684856,0.00230238912627,0.0000630833310424,9.72314296632e-7,8.28883717219e-9,1.75230108201e-10],"max":[0.777819335461,3.25540590286,22.4673118591,54.698513031,341.584655762,428.360931396,879.711730957,473.971466064,869.361816406,743.294677734,2378.37255859,741.29095459,1497.55310059,1099.46984863,1191.98413086,1673.40576172,2234.80126953,2941.49804688,307.318359375,400.559082031,527.635192871,771.309631348,310.686248779,332.520385742,552.516113281,138.94543457,170.623657227,179.534240723,207.62991333,231.963241577,484.241973877,455.118560791,226.247467041,91.6477127075,10.8288354874,1.34715998173,0.22364756465,0.0379376970232,0.00327332131565,0.000182146308362],"mean":[0.00259562279098,0.126011520624,1.41226518154,3.88352274895,12.4998197556,17.6373958588,23.7577819824,15.563580513,23.990404129,19.7950115204,37.5598678589,26.0983257294,24.50532341,20.1111068726,11.3634672165,27.1697998047,30.104970932,16.847026825,5.8949971199,6.63458061218,11.3958206177,17.7382888794,9.42374420166,5.71352052689,13.5700902939,6.10871648788,2.12228798866,2.015853405,3.03819298744,2.87274670601,2.50412487984,1.94710063934,1.21747148037,0.459692120552,0.0788419395685,0.0121015170589,0.00240717828274,0.000368173466995,0.0000348449466401,0.0000242013702518],"median":[0.000687203661073,0.0208443887532,0.529950499535,1.7863202095,5.35742282867,6.65647983551,5.65472221375,6.13947916031,6.48799467087,6.62563800812,9.78808879852,4.93285274506,2.95323228836,2.23589658737,1.48219835758,3.18835878372,4.64870119095,1.78618836403,0.912503361702,1.0820684433,2.21185040474,5.14097976685,2.27360439301,2.00537467003,4.29556322098,2.44081020355,0.564707100391,0.361867874861,0.656665325165,0.84154266119,0.587341666222,0.311868369579,0.162131637335,0.0612520575523,0.0183599833399,0.00339178415015,0.000719632254913,0.000121592653159,0.0000192381539819,0.0000194485255633],"min":[1.08205526014e-22,1.24359607586e-21,1.429718277e-21,3.03793691993e-21,7.88635692375e-21,1.35929136032e-20,3.8914052758e-20,6.5109777083e-20,1.1025199579e-19,1.65234962525e-19,3.76159323733e-19,2.88905236643e-19,3.72108827069e-19,6.53925461905e-19,9.383912202e-19,9.23663993177e-19,1.21356753342e-18,1.53323199813e-18,2.74498376671e-18,3.78568885348e-18,3.80608505943e-18,4.17093788402e-18,4.6918494981e-18,6.08009472603e-18,6.83920788675e-18,8.28888409646e-18,9.09277461168e-18,1.10918832094e-17,1.19781385798e-17,9.09023764874e-18,1.11749751563e-17,1.03471584419e-17,1.06910215584e-17,8.80011728378e-18,6.67621691013e-18,4.52413366582e-18,2.32126918333e-18,9.33221961757e-19,2.23116176256e-19,2.54579616135e-20],"var":[0.000154483233928,0.0813714265823,4.66663265228,37.2843475342,527.32824707,947.157531738,2690.35864258,796.840698242,2565.40185547,1918.51025391,8079.49414062,3498.31030273,5494.58251953,4843.26171875,1772.73291016,8666.30859375,9567.65234375,10985.203125,243.183227539,326.990905762,759.018554688,1321.19873047,416.801422119,160.530960083,720.237915039,115.503295898,45.5248260498,66.8418579102,96.9594192505,75.8371505737,184.835220337,155.8722229,58.0041542053,6.7432923317,0.14573790133,0.00303515256383,0.000111508394184,0.00000218421882892,1.19485372707e-8,5.05037567322e-10]},"erbbands_crest":{"dmean":2.74816441536,"dmean2":4.4530377388,"dvar":6.51556682587,"dvar2":15.7698040009,"max":28.6554508209,"mean":10.4558362961,"median":9.49614620209,"min":2.58449578285,"var":21.1304321289},"erbbands_flatness_db":{"dmean":0.0142418602481,"dmean2":0.0214589871466,"dvar":0.000192797015188,"dvar2":0.000390730361687,"max":0.389282852411,"mean":0.186734542251,"median":0.188340261579,"min":0.0305440612137,"var":0.00171853578649},"erbbands_kurtosis":{"dmean":1.40453362465,"dmean2":2.19627332687,"dvar":9.49622917175,"dvar2":19.7811279297,"max":118.713294983,"mean":1.73319983482,"median":0.501301527023,"min":-1.88349032402,"var":24.9202861786},"erbbands_skewness":{"dmean":0.401774853468,"dmean2":0.611154437065,"dvar":0.175449490547,"dvar2":0.356835842133,"max":9.71557331085,"mean":0.770440995693,"median":0.740732848644,"min":-4.4999370575,"var":1.15933358669},"erbbands_spread":{"dmean":6.9310669899,"dmean2":10.6142930984,"dvar":70.5140075684,"dvar2":156.195678711,"max":157.855560303,"mean":36.2981376648,"median":32.8501052856,"min":2.67402505875,"var":388.015563965},"gfcc":{"cov":[[35365.1992188,3956.56665039,-4309.08007812,764.547241211,-2694.8371582,-403.694885254,-1708.58312988,-272.238037109,-968.113342285,-1044.88720703,-373.46875,-688.130371094,-556.187927246],[3956.56665039,2011.82287598,-80.289642334,-190.083892822,-93.5627288818,-169.154678345,0.0522558949888,-110.889190674,-219.382461548,-338.714813232,19.6519260406,-183.950332642,-209.639572144],[-4309.08007812,-80.289642334,1188.91137695,150.588806152,426.114807129,53.1225395203,148.525054932,-48.255405426,101.564079285,102.261116028,36.3606910706,70.7081680298,63.2316741943],[764.547241211,-190.083892822,150.588806152,574.247375488,65.9943008423,-34.9819717407,-247.234359741,-80.8829269409,89.2104263306,27.4270362854,-62.6106262207,3.09507870674,66.6195144653],[-2694.8371582,-93.5627288818,426.114807129,65.9943008423,441.528808594,26.2276630402,73.4038772583,1.99773693085,115.063102722,78.5559539795,14.0588979721,34.2550849915,43.4731674194],[-403.694885254,-169.154678345,53.1225395203,-34.9819717407,26.2276630402,213.849014282,148.648132324,56.9651107788,6.12171316147,65.1587753296,53.8111305237,11.4691743851,-19.6835041046],[-1708.58312988,0.0522558949888,148.525054932,-247.234359741,73.4038772583,148.648132324,424.145751953,131.473739624,-22.2866764069,26.0981254578,72.8299407959,19.161283493,-53.9644966125],[-272.238037109,-110.889190674,-48.255405426,-80.8829269409,1.99773693085,56.9651107788,131.473739624,178.809967041,47.3194313049,29.4804096222,11.351319313,14.7097587585,-7.47748470306],[-968.113342285,-219.382461548,101.564079285,89.2104263306,115.063102722,6.12171316147,-22.2866764069,47.3194313049,172.090087891,85.7906265259,-9.62523269653,39.3201255798,42.1941604614],[-1044.88720703,-338.714813232,102.261116028,27.4270362854,78.5559539795,65.1587753296,26.0981254578,29.4804096222,85.7906265259,178.792572021,47.2482681274,38.8454971313,32.6710243225],[-373.46875,19.6519260406,36.3606910706,-62.6106262207,14.0588979721,53.8111305237,72.8299407959,11.351319313,-9.62523269653,47.2482681274,125.791267395,38.7940330505,-12.9045639038],[-688.130371094,-183.950332642,70.7081680298,3.09507870674,34.2550849915,11.4691743851,19.161283493,14.7097587585,39.3201255798,38.8454971313,38.7940330505,135.172775269,67.9313049316],[-556.187927246,-209.639572144,63.2316741943,66.6195144653,43.4731674194,-19.6835041046,-53.9644966125,-7.47748470306,42.1941604614,32.6710243225,-12.9045639038,67.9313049316,124.549438477]],"icov":[[0.000563948880881,-0.00132838764694,0.00125006446615,-0.00136514112819,0.00172302022111,-0.00155781419016,0.00169557647314,-0.00125983147882,0.00148524611723,-0.000899798935279,0.00114933459554,-0.000676802475937,0.000410510692745],[-0.00132838764694,0.00417347019538,-0.00308526842855,0.00339337927289,-0.00420801294968,0.00424936367199,-0.003916522488,0.0031668022275,-0.00352167664096,0.00394410314038,-0.00388673925772,0.00241944123991,-0.0000863817767822],[0.00125006446615,-0.00308526842855,0.00430991780013,-0.00355799496174,0.00268258084543,-0.00333875464275,0.00277462042868,-0.00191520038061,0.00330273457803,-0.00250445911661,0.00271127163433,-0.00190175289754,0.000583703396842],[-0.00136514112819,0.00339337927289,-0.00355799496174,0.00628631748259,-0.00416838377714,0.00279386527836,-0.00215300032869,0.00336607499048,-0.00469094887376,0.00275851530023,-0.00236130086705,0.00202586874366,-0.0012589066755],[0.00172302022111,-0.00420801294968,0.00268258084543,-0.00416838377714,0.00944221206009,-0.00466566206887,0.00436800904572,-0.00312248291448,0.00213178736158,-0.00304469442926,0.00340775027871,-0.00144867843483,0.000370846624719],[-0.00155781419016,0.00424936367199,-0.00333875464275,0.00279386527836,-0.00466566206887,0.0121976239607,-0.00738052930683,0.0030188781675,-0.00324591482058,0.000970810186118,-0.00505948951468,0.00259753037244,-0.000159825969604],[0.00169557647314,-0.003916522488,0.00277462042868,-0.00215300032869,0.00436800904572,-0.00738052930683,0.0115082617849,-0.00729787396267,0.00594546832144,-0.00198728777468,0.0028238450177,-0.00286542135291,0.0029421725776],[-0.00125983147882,0.0031668022275,-0.00191520038061,0.00336607499048,-0.00312248291448,0.0030188781675,-0.00729787396267,0.0126105826348,-0.00753189902753,0.00246823788621,-0.00199701380916,0.0016611268511,-0.00117042718921],[0.00148524611723,-0.00352167664096,0.00330273457803,-0.00469094887376,0.00213178736158,-0.00324591482058,0.00594546832144,-0.00753189902753,0.016063792631,-0.00707118911669,0.00539189670235,-0.0041520842351,0.00164018222131],[-0.000899798935279,0.00394410314038,-0.00250445911661,0.00275851530023,-0.00304469442926,0.000970810186118,-0.00198728777468,0.00246823788621,-0.00707118911669,0.0145260691643,-0.00746038695797,0.00329472194426,-0.00106502894778],[0.00114933459554,-0.00388673925772,0.00271127163433,-0.00236130086705,0.00340775027871,-0.00505948951468,0.0028238450177,-0.00199701380916,0.00539189670235,-0.00746038695797,0.0160759110004,-0.00709483446553,0.00325708929449],[-0.000676802475937,0.00241944123991,-0.00190175289754,0.00202586874366,-0.00144867843483,0.00259753037244,-0.00286542135291,0.0016611268511,-0.0041520842351,0.00329472194426,-0.00709483446553,0.0146089410409,-0.00745440041646],[0.000410510692745,-0.0000863817767822,0.000583703396842,-0.0012589066755,0.000370846624719,-0.000159825969604,0.0029421725776,-0.00117042718921,0.00164018222131,-0.00106502894778,0.00325708929449,-0.00745440041646,0.0152705013752]],"mean":[-99.4733428955,95.0722122192,-114.705856323,31.174785614,-75.676940918,-2.34269237518,-48.3850708008,-2.64747476578,-25.3335666656,-14.863576889,-9.43307781219,-9.94018173218,-18.1553783417]},"hfc":{"dmean":3.19441652298,"dmean2":4.60421276093,"dvar":49.8222999573,"dvar2":94.3599624634,"max":228.80027771,"mean":13.0221242905,"median":8.78986167908,"min":1.05484367966e-16,"var":262.059844971},"melbands":{"dmean":[0.0000145305803017,0.000140496835229,0.000348265166394,0.0005440604873,0.000352413335349,0.000180053248187,0.000181667535799,0.000127108913148,0.000172836473212,0.000078180397395,0.0000665558618493,0.000039274644223,0.0000228046810662,0.0000233621358348,0.0000636458426015,0.0000262519097305,0.0000156468431669,0.00000465752555101,0.00000405170840168,0.00000681258688928,0.00000618520743956,0.00000982591973298,0.00000709009555067,0.00000236882215177,0.00000173614341747,0.00000377846345145,0.00000443031922259,0.00000117048182346,6.49126604912e-7,6.13741860889e-7,6.00113651217e-7,8.24509015729e-7,8.04956584943e-7,6.80901678152e-7,7.65736899666e-7,8.67667495186e-7,6.47128615583e-7,5.30988302216e-7,4.15230601902e-7,1.69792812699e-7],"dmean2":[0.000017496118744,0.000161622403539,0.000512545229867,0.000804660085123,0.000505866541062,0.000271099444944,0.000277122569969,0.000195253174752,0.000273742974969,0.000121207056509,0.000101855330286,0.0000576729435124,0.0000341211816703,0.0000362955506716,0.000101242803794,0.0000403703743359,0.0000241644502239,0.00000748569027564,0.00000669390601615,0.0000107402020149,0.00000961956811807,0.0000156834594236,0.0000112678908408,0.00000387919953937,0.00000271627845905,0.0000059486610553,0.00000701635008227,0.0000018239070414,0.00000101299690414,9.15560576686e-7,8.79096262452e-7,0.00000121985965507,0.00000115730449579,0.00000102283809156,0.00000115869818273,0.0000013306088249,9.0916694262e-7,7.00212012816e-7,5.98776694005e-7,2.52391430422e-7],"dvar":[8.14140133087e-9,6.19842523975e-8,3.97547154307e-7,0.00000126839643144,7.86872249137e-7,1.51928944092e-7,1.99008354684e-7,1.29466414478e-7,2.15429849959e-7,4.3557449203e-8,5.07216668666e-8,1.78979266963e-8,1.03456461176e-8,9.54329415492e-9,6.17360242927e-8,1.22706813599e-8,1.03061346124e-8,1.92078880579e-10,1.72543854204e-10,8.3425660824e-10,3.72215341882e-10,6.28005258907e-10,4.13789280618e-10,6.68526692338e-11,2.84583068916e-11,8.68123836706e-11,1.34599220658e-10,8.86676582851e-12,5.65467334415e-12,1.46425371828e-11,7.96853034946e-12,1.21472441481e-11,9.74551255667e-12,7.81292044949e-12,2.96000376987e-11,9.48128936473e-11,2.00949951124e-11,1.47776339776e-11,9.59896311742e-12,1.83708929145e-12],"dvar2":[1.90352267282e-8,1.01219029602e-7,0.00000100173258488,0.00000300007786791,0.00000194406356968,3.84825568744e-7,4.77483126815e-7,3.2971755104e-7,5.4292064533e-7,1.07700024898e-7,1.19227806294e-7,3.63257228742e-8,2.3446192543e-8,2.1787727178e-8,1.63325580615e-7,2.83831855796e-8,1.74213514725e-8,4.91254648072e-10,4.46090553385e-10,2.01338079542e-9,9.26820453717e-10,1.51063161979e-9,1.06583164516e-9,1.97541691338e-10,5.36913707938e-11,1.98126556827e-10,3.11338649306e-10,1.97953927555e-11,1.24961777037e-11,2.95070877454e-11,1.5743120349e-11,2.2566377586e-11,1.82748711997e-11,1.5246850657e-11,7.09309139202e-11,2.46599296538e-10,4.1839243875e-11,2.45158216644e-11,2.0252426472e-11,4.52446413668e-12],"max":[0.00539890211076,0.00912196282297,0.0109678916633,0.0274837333709,0.0299540907145,0.0105188377202,0.0117574259639,0.00810031406581,0.0175582971424,0.0055292705074,0.00746091641486,0.00427164509892,0.00355234323069,0.00392131274566,0.00670068943873,0.00569350738078,0.00647328374907,0.000321656320011,0.000448139326181,0.00103102310095,0.000596078578383,0.000689558975864,0.00056012487039,0.000213599108974,0.000345281674527,0.000297542632325,0.000406904146075,0.0000776964079705,0.0000698413496139,0.000185246943147,0.000120820957818,0.000153721048264,0.000111857822048,0.000127075036289,0.000260980246821,0.000526210584212,0.000170533603523,0.000182225208846,0.000127610575873,0.0000654306786601],"mean":[0.0000538906206202,0.000546375580598,0.000871187716257,0.00116931414232,0.000819181383122,0.000389493070543,0.000338010751875,0.000232684484217,0.000303753913613,0.000158177572303,0.000120067452372,0.0000810695419204,0.0000411576766055,0.0000417153569288,0.000105751110823,0.0000432365159213,0.000030708979466,0.00000870220810611,0.00000748086085878,0.0000122065130199,0.0000124823882288,0.0000182683725143,0.0000139473622767,0.00000488341129312,0.00000412825056628,0.00000879910658114,0.00000974748309091,0.00000281751295006,0.00000130458477088,0.00000111284577997,0.00000116478474865,0.0000017166038333,0.00000173145122062,0.00000153764062816,0.00000142808607961,0.00000140595193443,0.00000109802783754,8.89626051048e-7,6.7346547894e-7,2.8724187473e-7],"median":[0.00000400693534175,0.000192439736566,0.000458494643681,0.000497637956869,0.000225886804401,0.000145744925248,0.0000967629239312,0.0000653430397506,0.0000736757501727,0.0000237429412664,0.0000122532110254,0.00000807124615676,0.00000449113031209,0.00000447673573944,0.0000112227507998,0.00000614113378106,0.00000194750055016,0.00000118693492368,9.34612785386e-7,0.00000188141029867,0.0000022568501663,0.00000483205258206,0.00000304603531731,0.00000106267088995,0.00000126302415993,0.00000277079448097,0.00000292753247777,9.56192593549e-7,2.96762209473e-7,1.46172411064e-7,1.82932154758e-7,3.23422995052e-7,4.14075060462e-7,4.65019951434e-7,3.449506778e-7,2.13072965494e-7,1.63170284395e-7,1.12607168035e-7,6.97713815612e-8,4.1700186415e-8],"min":[1.59753799638e-24,1.08467151733e-24,7.21036813958e-25,1.10092086869e-24,1.58467709844e-24,1.51606937247e-24,1.44432119124e-24,1.79008849094e-24,2.6468365963e-24,1.40638201069e-24,1.64743187091e-24,2.34386588818e-24,2.55072592512e-24,2.1056933981e-24,1.9755891328e-24,2.80861244365e-24,2.57787279824e-24,3.99905147293e-24,3.38841357329e-24,3.81416614257e-24,4.44480837148e-24,3.42625128661e-24,4.92603837278e-24,3.25346333545e-24,4.34998019092e-24,3.62084828357e-24,4.86284982541e-24,4.66207762528e-24,5.023641766e-24,4.94001738245e-24,5.82959925919e-24,5.97641928985e-24,4.84877694129e-24,4.79811905497e-24,5.03390484638e-24,5.14145143688e-24,5.72174343521e-24,5.82677513715e-24,6.73808697638e-24,6.69623948308e-24],"var":[2.46319036279e-8,7.23964262761e-7,0.0000014414887346,0.00000431595572081,0.00000280367203231,4.77666333154e-7,4.7930780056e-7,3.08234405111e-7,4.76809191241e-7,1.55983997274e-7,1.37692580893e-7,7.64325349678e-8,2.67345914295e-8,2.88704278262e-8,1.30486725425e-7,2.82811445373e-8,4.98974159768e-8,4.96354235491e-10,4.06850192425e-10,1.80047321496e-9,1.00945496406e-9,1.5215111393e-9,1.04131669953e-9,1.64284835735e-10,1.32472699477e-10,3.11006942422e-10,4.18081180786e-10,3.10426580274e-11,1.52495949896e-11,3.00324730362e-11,2.21076056767e-11,3.58709104087e-11,2.96306763847e-11,2.16892562938e-11,4.80468373421e-11,1.16797210792e-10,4.3040251918e-11,3.23530195689e-11,1.71328524284e-11,2.62696136545e-12]},"melbands_crest":{"dmean":2.94123339653,"dmean2":4.67282342911,"dvar":7.56367111206,"dvar2":19.5460414886,"max":33.6870536804,"mean":13.8441429138,"median":13.1611013412,"min":1.6274009943,"var":31.4360618591},"melbands_flatness_db":{"dmean":0.0195803176612,"dmean2":0.028337335214,"dvar":0.000496943830512,"dvar2":0.000929953879677,"max":0.580995261669,"mean":0.223377853632,"median":0.227881044149,"min":0.0036650870461,"var":0.00740978866816},"melbands_kurtosis":{"dmean":8.67704391479,"dmean2":13.7058973312,"dvar":612.003112793,"dvar2":1639.6192627,"max":758.671386719,"mean":19.2001399994,"median":8.73393726349,"min":-1.9264549017,"var":1325.95581055},"melbands_skewness":{"dmean":0.684772491455,"dmean2":1.04232239723,"dvar":0.779162049294,"dvar2":1.87169241905,"max":21.9454040527,"mean":2.73733282089,"median":2.34915876389,"min":-3.14402294159,"var":4.26625919342},"melbands_spread":{"dmean":6.04192733765,"dmean2":8.92031383514,"dvar":157.02986145,"dvar2":278.644836426,"max":254.987121582,"mean":24.3273925781,"median":14.1745557785,"min":0.202701359987,"var":1076.24731445},"mfcc":{"cov":[[15956.1152344,1863.08972168,-806.752685547,-47.8417892456,-581.902404785,-693.604431152,-560.432312012,1.29530656338,-704.194702148,-248.145141602,-352.59866333,-524.124694824,-182.491973877],[1863.08972168,2146.7980957,125.634155273,-0.206003889441,-118.759910583,-145.520980835,179.38961792,187.708618164,-253.92980957,-29.4514656067,-68.2505722046,-36.0118522644,39.9611663818],[-806.752685547,125.634155273,633.180358887,217.813400269,158.668014526,139.479232788,56.8072052002,-18.6468162537,37.144569397,-58.1941642761,19.7915363312,58.4664764404,48.6260910034],[-47.8417892456,-0.206003889441,217.813400269,418.981292725,278.0078125,80.7173461914,-130.282867432,-62.3347053528,43.8688316345,-35.2267684937,-12.2377157211,-66.0650482178,16.783531189],[-581.902404785,-118.759910583,158.668014526,278.0078125,440.98034668,118.301994324,-147.380874634,-103.050300598,64.4109954834,7.13181972504,11.5576133728,-54.4465179443,13.761267662],[-693.604431152,-145.520980835,139.479232788,80.7173461914,118.301994324,206.482818604,46.4476890564,-25.0006046295,38.8311767578,19.8982772827,46.2537155151,38.2762489319,7.92616605759],[-560.432312012,179.38961792,56.8072052002,-130.282867432,-147.380874634,46.4476890564,320.38381958,122.825790405,-4.08477449417,50.7390785217,30.0289306641,129.667785645,32.2790298462],[1.29530656338,187.708618164,-18.6468162537,-62.3347053528,-103.050300598,-25.0006046295,122.825790405,204.904083252,20.0384540558,22.8139133453,16.4245834351,49.670375824,40.216255188],[-704.194702148,-253.92980957,37.144569397,43.8688316345,64.4109954834,38.8311767578,-4.08477449417,20.0384540558,186.820419312,38.76512146,33.3062896729,34.6331138611,-2.19558858871],[-248.145141602,-29.4514656067,-58.1941642761,-35.2267684937,7.13181972504,19.8982772827,50.7390785217,22.8139133453,38.76512146,181.451858521,47.6759719849,32.0305557251,-14.9389610291],[-352.59866333,-68.2505722046,19.7915363312,-12.2377157211,11.5576133728,46.2537155151,30.0289306641,16.4245834351,33.3062896729,47.6759719849,131.14616394,59.2393531799,25.4066181183],[-524.124694824,-36.0118522644,58.4664764404,-66.0650482178,-54.4465179443,38.2762489319,129.667785645,49.670375824,34.6331138611,32.0305557251,59.2393531799,178.365951538,50.9490280151],[-182.491973877,39.9611663818,48.6260910034,16.783531189,13.761267662,7.92616605759,32.2790298462,40.216255188,-2.19558858871,-14.9389610291,25.4066181183,50.9490280151,116.890563965]],"icov":[[0.000105600658571,-0.0000664495382807,0.0000826815739856,-0.000122753612231,0.00017430447042,0.0000766902085161,0.000230283330893,-0.0000611109207966,0.000243424117798,0.00000302173793898,0.000048168538342,0.0000218845889322,0.0000874754477991],[-0.0000664495382807,0.00078333937563,-0.000318135309499,-0.00010322338494,-0.00031878365553,0.00061714212643,-0.000601658481173,-0.00064876198303,0.000922763894778,-0.00012328151206,-0.000016395439161,0.000249351374805,0.0000571145174035],[0.0000826815739856,-0.000318135309499,0.00266651203856,-0.00128846184816,-0.0000102930398498,-0.000949131848756,-0.000566038303077,0.000493664410897,-0.000289616524242,0.00105000229087,0.0000178242371476,-0.000788934354205,-0.000165627046954],[-0.000122753612231,-0.00010322338494,-0.00128846184816,0.00532235205173,-0.00239934772253,-0.000675382325426,0.000912475690711,-0.000321647326928,-0.000898185593542,0.000229026030865,0.000395472714445,0.0010625703726,-0.00073431013152],[0.00017430447042,-0.00031878365553,-0.0000102930398498,-0.00239934772253,0.00568116270006,-0.00211796863005,0.00198599859141,0.00124877796043,-0.000762522220612,-0.00110158754978,0.000296151498333,0.00056058896007,-0.00123720988631],[0.0000766902085161,0.00061714212643,-0.000949131848756,-0.000675382325426,-0.00211796863005,0.00864063855261,-0.00267053442076,0.000630191352684,0.000668338965625,0.0000869126379257,-0.00209574284963,-0.0000880796869751,0.00110220804345],[0.000230283330893,-0.000601658481173,-0.000566038303077,0.000912475690711,0.00198599859141,-0.00267053442076,0.00811785738915,-0.0027007558383,0.000958353281021,-0.00147762522101,0.001492248266,-0.00338958366774,0.000286639493424],[-0.0000611109207966,-0.00064876198303,0.000493664410897,-0.000321647326928,0.00124877796043,0.000630191352684,-0.0027007558383,0.00840952806175,-0.00271268747747,-0.000168679165654,-0.000441322394181,0.0007422909257,-0.00267016934231],[0.000243424117798,0.000922763894778,-0.000289616524242,-0.000898185593542,-0.000762522220612,0.000668338965625,0.000958353281021,-0.00271268747747,0.00884642731398,-0.00110242969822,-0.000455945933936,-0.00154292886145,0.00182401319034],[0.00000302173793898,-0.00012328151206,0.00105000229087,0.000229026030865,-0.00110158754978,0.0000869126379257,-0.00147762522101,-0.000168679165654,-0.00110242969822,0.00740647269413,-0.00236593722366,-0.000340808212059,0.00175570789725],[0.000048168538342,-0.000016395439161,0.0000178242371476,0.000395472714445,0.000296151498333,-0.00209574284963,0.001492248266,-0.000441322394181,-0.000455945933936,-0.00236593722366,0.0107273096219,-0.00273961131461,-0.0015848382609],[0.0000218845889322,0.000249351374805,-0.000788934354205,0.0010625703726,0.00056058896007,-0.0000880796869751,-0.00338958366774,0.0007422909257,-0.00154292886145,-0.000340808212059,-0.00273961131461,0.0111127616838,-0.0035756228026],[0.0000874754477991,0.0000571145174035,-0.000165627046954,-0.00073431013152,-0.00123720988631,0.00110220804345,0.000286639493424,-0.00267016934231,0.00182401319034,0.00175570789725,-0.0015848382609,-0.0035756228026,0.0119184423238]],"mean":[-725.261108398,116.1641922,11.2490253448,20.0874481201,-3.32920789719,-10.2012357712,-12.5213871002,0.865466535091,-20.3289699554,-4.4062371254,-6.0139465332,-4.30841255188,-0.710262358189]},"pitch_salience":{"dmean":0.0605582594872,"dmean2":0.0965384915471,"dvar":0.00315502402373,"dvar2":0.00795289129019,"max":0.958571970463,"mean":0.547622799873,"median":0.548654079437,"min":0.0441125705838,"var":0.0123304501176},"silence_rate_20dB":{"dmean":0,"dmean2":0,"dvar":0,"dvar2":0,"max":1,"mean":1,"median":1,"min":1,"var":0},"silence_rate_30dB":{"dmean":0.0023419202771,"dmean2":0.00468462426215,"dvar":0.00233666785061,"dvar2":0.0063366801478,"max":1,"mean":0.997992992401,"median":1,"min":0,"var":0.00200278754346},"silence_rate_60dB":{"dmean":0.0197390429676,"dmean2":0.0394846908748,"dvar":0.0193490739912,"dvar2":0.0419393256307,"max":1,"mean":0.214082628489,"median":0,"min":0,"var":0.168256491423},"spectral_centroid":{"dmean":186.91506958,"dmean2":274.659881592,"dvar":88098.8515625,"dvar2":157992.640625,"max":11951.3955078,"mean":1295.5078125,"median":906.502990723,"min":163.490646362,"var":2404115.5},"spectral_complexity":{"dmean":1.63098025322,"dmean2":2.6059896946,"dvar":2.90632843971,"dvar2":6.51618623734,"max":40,"mean":11.3475494385,"median":12,"min":0,"var":55.6472167969},"spectral_contrast_coeffs":{"dmean":[0.0418497473001,0.0443266630173,0.0340515971184,0.0277488399297,0.0185641795397,0.0124899316579],"dmean2":[0.0656466633081,0.0722006782889,0.0560461692512,0.04547669366,0.030227676034,0.0198948271573],"dvar":[0.00144170736894,0.00131722260267,0.000794811465312,0.000520816305652,0.000270905788057,0.00013021453924],"dvar2":[0.0032220389694,0.00339890131727,0.00201301649213,0.00134762236848,0.000631351431366,0.00030340187368],"max":[-0.204790353775,-0.311129808426,-0.431833863258,-0.514522016048,-0.574914216995,-0.633563220501],"mean":[-0.528469204903,-0.705044209957,-0.767640829086,-0.757148087025,-0.765156507492,-0.794675588608],"median":[-0.506933808327,-0.704977035522,-0.773433566093,-0.752532958984,-0.756597220898,-0.791526556015],"min":[-0.982945024967,-0.977416694164,-0.975446581841,-0.970570683479,-0.969404280186,-0.964912414551],"var":[0.0243602469563,0.0094187092036,0.00710300635546,0.00556666590273,0.00420311419293,0.00208061235026]},"spectral_contrast_valleys":{"dmean":[0.369204550982,0.308574140072,0.26347091794,0.212251976132,0.151944577694,0.161176383495],"dmean2":[0.593501567841,0.499816447496,0.431271612644,0.340037047863,0.233396738768,0.21893312037],"dvar":[0.11598225683,0.0820654034615,0.0636205002666,0.051394354552,0.0396795682609,0.0540787354112],"dvar2":[0.272718787193,0.181517213583,0.128999873996,0.0984129756689,0.0617410875857,0.0753814950585],"max":[-6.00430822372,-4.91989374161,-5.46181678772,-6.59106492996,-6.32706356049,-7.28299093246],"mean":[-9.19920635223,-7.60297107697,-8.72792434692,-9.14760684967,-8.8748998642,-11.0680561066],"median":[-8.8063211441,-6.82984972,-8.15657520294,-8.62637424469,-8.28727054596,-10.6296386719],"min":[-28.5257377625,-28.1807079315,-27.7579631805,-27.6715106964,-27.5139122009,-27.4393062592],"var":[7.7310500145,9.1539773941,8.0601234436,7.3968539238,7.45430755615,6.01946115494]},"spectral_decrease":{"dmean":1.19898535544e-9,"dmean2":1.7658432494e-9,"dvar":3.09554663262e-18,"dvar2":7.29683563447e-18,"max":5.24407175952e-19,"mean":-4.84304418791e-9,"median":-3.83747478239e-9,"min":-4.1284476282e-8,"var":2.09972238066e-17},"spectral_energy":{"dmean":0.00474131433293,"dmean2":0.00699980463833,"dvar":0.0000477346075058,"dvar2":0.000112497451482,"max":0.160911604762,"mean":0.0194599032402,"median":0.0155575564131,"min":1.00982039544e-20,"var":0.000333357194904},"spectral_energyband_high":{"dmean":0.000146180958836,"dmean2":0.00019068493566,"dvar":6.44199133149e-7,"dvar2":0.00000104995444872,"max":0.0300321485847,"mean":0.000369743793271,"median":0.000112685404019,"min":7.13261201657e-21,"var":0.00000200582462639},"spectral_energyband_low":{"dmean":0.000769868609495,"dmean2":0.000973628542852,"dvar":0.00000177704885118,"dvar2":0.00000371537157662,"max":0.0300894528627,"mean":0.00262560578994,"median":0.00129837007262,"min":1.81622712093e-23,"var":0.0000128568972286},"spectral_energyband_middle_high":{"dmean":0.00111456634477,"dmean2":0.00167923234403,"dvar":0.00000727638735043,"dvar2":0.0000174931356014,"max":0.0728642120957,"mean":0.00338841206394,"median":0.00144294661004,"min":1.2041392981e-21,"var":0.0000385923813155},"spectral_energyband_middle_low":{"dmean":0.00423039775342,"dmean2":0.00631438428536,"dvar":0.0000421826953243,"dvar2":0.000101997349702,"max":0.14042635262,"mean":0.0139220599085,"median":0.0104121398181,"min":1.45446626986e-22,"var":0.000205979100429},"spectral_entropy":{"dmean":0.1371755898,"dmean2":0.200334921479,"dvar":0.026374457404,"dvar2":0.0443538874388,"max":9.82542610168,"mean":7.22608375549,"median":7.15276145935,"min":4.56896066666,"var":0.444405347109},"spectral_flux":{"dmean":0.0123687554151,"dmean2":0.0206115730107,"dvar":0.000207837685593,"dvar2":0.000552088371478,"max":0.222926229239,"mean":0.0517213381827,"median":0.0489197149873,"min":6.30386784439e-11,"var":0.00123151100706},"spectral_kurtosis":{"dmean":1.4463480711,"dmean2":2.43836355209,"dvar":2.47163271904,"dvar2":6.9128985405,"max":35.0393867493,"mean":4.77310419083,"median":4.11859416962,"min":-1.2534570694,"var":12.140124321},"spectral_rms":{"dmean":0.000476202141726,"dmean2":0.000690361135639,"dvar":2.99216537769e-7,"dvar2":6.55186909171e-7,"max":0.0125294430181,"mean":0.00374909746461,"median":0.00389590859413,"min":3.13877461348e-12,"var":0.00000492947810926},"spectral_rolloff":{"dmean":378.328918457,"dmean2":618.312561035,"dvar":752027.9375,"dvar2":1451627.5,"max":19616.7480469,"mean":1828.66967773,"median":753.662109375,"min":64.599609375,"var":9927427},"spectral_skewness":{"dmean":0.1860229671,"dmean2":0.294415980577,"dvar":0.0310624577105,"dvar2":0.0727679207921,"max":4.77651691437,"mean":1.65244913101,"median":1.62931263447,"min":-0.251351416111,"var":0.387015968561},"spectral_spread":{"dmean":350779.8125,"dmean2":538585.9375,"dvar":508102606848,"dvar2":974269513728,"max":42675328,"mean":5030115,"median":4089741,"min":1878173.375,"var":24832334889000},"spectral_strongpeak":{"dmean":0.421460717916,"dmean2":0.687566518784,"dvar":0.572220146656,"dvar2":1.34331190586,"max":20.842130661,"mean":0.971365988255,"median":0.584300458431,"min":0,"var":1.56990373135},"zerocrossingrate":{"dmean":0.0086316652596,"dmean2":0.00953345280141,"dvar":0.000200176626095,"dvar2":0.000176097833901,"max":0.52392578125,"mean":0.0671246647835,"median":0.04296875,"min":0.0048828125,"var":0.0067320629023}},"metadata":{"audio_properties":{"analysis_sample_rate":44100,"bit_rate":320060,"codec":"mp3","downmix":"mix","equal_loudness":0,"length":138.788574219,"lossless":false,"md5_encoded":"c54332b105836950180bd71b3d4b4970","replay_gain":-7.82527351379,"sample_rate":44100},"tags":{"album":["Little Deuce Coupe"],"albumartist":["The Beach Boys","The Beach Boys"],"artist":["The Beach Boys"],"asin":["B00005HYGC"],"barcode":["5099940442426"],"bpm":["65"],"composer":["Bobby Troup"],"date":["1963"],"discnumber":["1/1"],"file_name":"11 A Young Man is Gone.mp3","genre":["Pop"],"initialkey":["Eb"],"isrc":["USCA20001633"],"language":["eng"],"musicbrainz_albumid":["22eb03d8-98ad-39da-a77c-f458395381f9"],"musicbrainz_recordingid":["e7abeb00-a48f-4822-a9b1-5e9c97224f72"],"musicbrainz_releasegroupid":["86a79fe7-50a3-3f80-8628-c9a5e6bab12f"],"musicip_puid":["351e620e-ae09-c365-286f-cde679264a8b"],"performer":["The Beach Boys"],"title":["A Young Man is Gone"],"tracknumber":["11/12"]},"version":{"essentia":"2.1-beta2","essentia_build_sha":"cead25079874084f62182a551b7393616cd33d87","essentia_git_sha":"v2.1_beta2-1-ge3940c0","extractor":"music 1.0"}},"rhythm":{"beats_count":278,"beats_loudness":{"dmean":0.0134012755007,"dmean2":0.0226720310748,"dvar":0.000204429074074,"dvar2":0.000553002697416,"max":0.10994104296,"mean":0.0215122122318,"median":0.0173969343305,"min":0,"var":0.000371815782273},"beats_loudness_band_ratio":{"dmean":[0.178247630596,0.239321932197,0.153166547418,0.0844021365047,0.04940931499,0.141127645969],"dmean2":[0.314743608236,0.419500499964,0.271098792553,0.14402090013,0.0859103277326,0.26893299818],"dvar":[0.029317798093,0.03771757707,0.0217409934849,0.011712051928,0.00409656716511,0.0569289699197],"dvar2":[0.0700863227248,0.0964921861887,0.0595658048987,0.0318562760949,0.0107294069603,0.153806179762],"max":[0.915010094643,0.887627124786,0.747145533562,0.70559