{"lowlevel":{"average_loudness":0.478697091341,"barkbands":{"dmean":[0.0000535516883247,0.000890142691787,0.000418511161115,0.000672018970363,0.00123725167941,0.000778595800512,0.000694364192896,0.000523186696228,0.000411949877162,0.000406593171647,0.000381253776141,0.000365853862604,0.000386668485589,0.000285639136564,0.000412951136241,0.000204574767849,0.000132869026856,0.0000863901586854,0.0000784951917012,0.0000561078049941,0.0000119716059999,0.00000769321286498,0.000016296740796,0.0000154999561346,0.00000560255602977,0.00000100275735804,2.02804542937e-7],"dmean2":[0.0000812954531284,0.00134058156982,0.000665554078296,0.00106562580913,0.00192113942467,0.00123097898904,0.00108492746949,0.000820045708679,0.00065881642513,0.000642994011287,0.000612197211012,0.000576894090045,0.000610538118053,0.000452735170256,0.000665145926178,0.000324066611938,0.000209709920455,0.000136386996019,0.000120865508507,0.0000879098151927,0.0000186493634828,0.0000116914961836,0.0000227604959946,0.0000241729612753,0.00000805300260254,0.0000013928701037,2.74939452538e-7],"dvar":[4.79346979887e-8,0.0000101553123386,0.00000135783125188,0.00000837167135614,0.00000860389718582,0.0000023490545118,0.0000024106334422,0.00000343533042724,0.00000164554364801,0.0000013141495856,0.00000145729188716,9.10309211122e-7,9.9638566553e-7,6.00265877893e-7,9.41672226418e-7,2.97689439321e-7,1.01520853946e-7,4.30225242098e-8,4.19365839832e-8,2.48880756004e-8,2.40765873905e-9,1.05417075069e-9,5.23791001683e-8,8.23924537485e-8,2.58823806831e-9,7.81086167967e-11,2.38837942479e-12],"dvar2":[8.74490240221e-8,0.0000218794921238,0.00000349338984051,0.0000202928731596,0.0000214228821278,0.00000578132357987,0.00000595374967816,0.00000843920224725,0.00000399934424422,0.0000030564572171,0.00000367701704818,0.00000219599451157,0.00000252002269008,0.00000148262517996,0.00000228905560107,7.4256439575e-7,2.35933057979e-7,1.0529654304e-7,9.18171707553e-8,6.39778789946e-8,6.15101880541e-9,2.32669772338e-9,1.02335675933e-7,2.16887869442e-7,5.22434628891e-9,1.6996730412e-10,4.9296742903e-12],"max":[0.00530303549021,0.0850182324648,0.0308250077069,0.0575835891068,0.0610153116286,0.0287915579975,0.045893188566,0.0786077678204,0.0429002977908,0.03820354864,0.0398550629616,0.0259709507227,0.0212555862963,0.0218069385737,0.0373254045844,0.0129722366109,0.0138128334656,0.00661438982934,0.00821375660598,0.00727017130703,0.00451707048342,0.00159291201271,0.0231407806277,0.0261963475496,0.00306591088884,0.000843557354528,0.0000703519763192],"mean":[0.00012548021914,0.00156919681467,0.000877752376255,0.00108078483026,0.00292722904123,0.00157236249652,0.00137481570709,0.000871649826877,0.000705625920091,0.00072114658542,0.000679835618939,0.000736539950594,0.000795543834101,0.000532078032847,0.000779905240051,0.000408486783272,0.000279080268228,0.00018889149942,0.000201663307962,0.000137138005812,0.0000291236647172,0.0000197612280317,0.0000290726366075,0.0000264968275587,0.0000108752856249,0.00000190296645997,3.37588971888e-7],"median":[0.0000831097713672,0.0001414520666,0.00012934897677,0.000188548467122,0.000854811980389,0.000549029791728,0.000452963402495,0.000207880671951,0.000153092973051,0.0000754017819418,0.0000981061602943,0.000119788746815,0.0000842170920805,0.00010635239596,0.000135688809678,0.0000325372639054,0.0000340876831615,0.0000278825427813,0.0000142262342706,0.0000115306975204,0.00000328520968651,0.00000140396434745,0.00000172208569893,0.00000102910257738,5.1684776281e-7,1.42891863675e-7,7.13083352366e-8],"min":[2.289423984e-25,2.3968436172e-24,1.03268647115e-24,7.43055253025e-25,6.3782433413e-24,4.35539966534e-24,8.41161278832e-24,1.15706173273e-23,9.90572796458e-24,1.43262977959e-23,1.33840823307e-23,1.44397517713e-23,1.98490498845e-23,2.40566872248e-23,4.55775305826e-23,5.21796431825e-23,6.74390435224e-23,7.69306242449e-23,1.44968716117e-22,1.3110798825e-22,2.17678884032e-22,2.66293718426e-22,4.21503729737e-22,6.00683121881e-22,7.93322147143e-22,1.33369908687e-21,1.96292200986e-21],"var":[7.05055498429e-8,0.0000187745481526,0.00000338146605827,0.00000939568599279,0.0000285123533104,0.00000695903054293,0.00000662150432618,0.00000634144953437,0.00000304125592265,0.00000315705165121,0.00000370858015231,0.00000301969475913,0.00000333384400619,0.00000134748370328,0.00000255708914665,8.66703430802e-7,3.20599554016e-7,1.41052439062e-7,1.81834380442e-7,9.09083226475e-8,6.32798835554e-9,3.6106957424e-9,1.04172031001e-7,9.6462187571e-8,3.63753205335e-9,1.60414723172e-10,3.90718707388e-12]},"barkbands_crest":{"dmean":1.97773504257,"dmean2":3.16817879677,"dvar":3.54840254784,"dvar2":8.8698720932,"max":25.1630764008,"mean":9.11655044556,"median":8.38551235199,"min":2.41473221779,"var":12.7674789429},"barkbands_flatness_db":{"dmean":0.0144339995459,"dmean2":0.0215542372316,"dvar":0.000233320213738,"dvar2":0.000483518029796,"max":0.465126782656,"mean":0.154676109552,"median":0.150833278894,"min":0.0247533246875,"var":0.00223423610441},"barkbands_kurtosis":{"dmean":1.44861340523,"dmean2":2.27260303497,"dvar":16.8856391907,"dvar2":40.2622795105,"max":169.000061035,"mean":2.30147433281,"median":0.691724181175,"min":-1.92776238918,"var":49.213218689},"barkbands_skewness":{"dmean":0.339270859957,"dmean2":0.511619210243,"dvar":0.162302181125,"dvar2":0.359190016985,"max":11.5699462891,"mean":0.985951721668,"median":0.95181876421,"min":-8.91928386688,"var":0.93705534935},"barkbands_spread":{"dmean":3.23327445984,"dmean2":4.92101955414,"dvar":19.6674041748,"dvar2":39.8528366089,"max":98.5826797485,"mean":17.0768508911,"median":15.58984375,"min":0.350269168615,"var":95.3118438721},"dissonance":{"dmean":0.0201589949429,"dmean2":0.0336607992649,"dvar":0.000370414927602,"dvar2":0.000992763787508,"max":0.500000178814,"mean":0.45221632719,"median":0.460981070995,"min":0.238433226943,"var":0.00122509675566},"dynamic_complexity":7.16793107986,"erbbands":{"dmean":[0.0246141944081,0.207351669669,0.48966434598,1.14706635475,3.3631196022,5.10871887207,4.79965209961,7.25760602951,7.94308233261,11.8199834824,10.8600759506,8.08464622498,11.7889528275,13.9492902756,13.2551689148,12.1522712708,15.7207860947,13.5856962204,17.8384399414,16.6406478882,8.603058815,7.3938627243,5.00584602356,3.1969230175,3.91301035881,2.43365693092,0.668203771114,0.395047038794,0.274485617876,0.31058344245,0.447925269604,0.489746063948,0.163060799241,0.0765437632799,0.0325338840485,0.00782443396747,0.0012821276905,0.000231002995861,0.0000339161888405,0.00000651846630717],"dmean2":[0.0352589488029,0.323505163193,0.771103084087,1.82756018639,5.39097595215,7.71434354782,7.67752885818,11.3361377716,12.6376371384,18.5396270752,16.7911911011,12.9348554611,18.2968349457,22.4731330872,20.9922828674,18.9955425262,24.5767059326,21.2700462341,28.6426830292,26.3574008942,13.3231287003,11.6288738251,7.76313972473,4.88555622101,5.9376616478,3.82183766365,1.01621437073,0.61012750864,0.417608857155,0.447839349508,0.635691106319,0.768481254578,0.232079714537,0.111250683665,0.0464748293161,0.0112336929888,0.00174432236236,0.00031186605338,0.0000456184643554,0.00000911007646209],"dvar":[0.0138436965644,0.464445948601,1.8492513895,16.6293525696,193.731185913,144.085800171,94.2636642456,231.576583862,429.797546387,867.590148926,1650.17749023,568.198181152,1318.89770508,1649.07458496,1333.53942871,1115.23950195,1887.31152344,1294.43383789,1784.35791016,1734.61499023,509.258148193,317.492401123,134.60484314,78.9650497437,95.3145370483,54.1246147156,2.59544157982,5.78772115707,1.16225147247,4.82302284241,29.2053222656,115.14176178,2.09470391273,0.480926513672,0.0957927629352,0.00775992078707,0.0000678432188579,0.00000233940841099,5.9062326585e-8,4.26044838298e-10],"dvar2":[0.0266762822866,1.08320558071,4.50449037552,40.7876777649,495.714202881,335.103912354,256.637695312,547.088012695,1127.84997559,2105.13525391,3806.62060547,1415.15270996,3033.29858398,4284.84472656,3196.52978516,2608.80175781,4719.62109375,3227.36889648,4426.07275391,4153.64697266,1137.70117188,732.998962402,322.511962891,171.750427246,207.425491333,139.957244873,5.69678497314,15.6763191223,2.52569651604,6.49447488785,58.6431350708,291.725830078,4.15224123001,0.964815795422,0.197519317269,0.0183583665639,0.000136092377943,0.00000459710827272,1.18762180534e-7,8.61155424747e-10],"max":[2.2400226593,19.1100311279,31.8017978668,80.536315918,341.561737061,372.445281982,148.209564209,375.767150879,856.450744629,921.534851074,1873.00256348,773.009887695,1205.42053223,1375.55078125,1248.01574707,1085.33129883,1111.01208496,1129.24853516,980.513061523,1569.14331055,594.623840332,825.42388916,354.538513184,442.73916626,310.376647949,365.84475708,81.1184234619,227.198928833,62.6364212036,208.481079102,470.438201904,938.303100586,116.974517822,42.413482666,18.9105262756,8.3683385849,0.570052087307,0.0779159963131,0.010529268533,0.00102218752727],"mean":[0.0333984382451,0.388132095337,1.080919981,2.15165925026,6.19927310944,12.0636911392,10.2190027237,14.5372047424,15.4332733154,22.8933868408,19.4934139252,14.6000614166,22.0908699036,27.159948349,27.3235282898,26.912858963,34.5912742615,29.0023155212,37.7875518799,34.7380371094,19.6436424255,16.8841209412,11.9727602005,8.43141651154,10.6606636047,6.36317157745,1.84990274906,0.976991295815,0.709644317627,0.746105194092,0.819107353687,0.748083055019,0.339579671621,0.155530929565,0.0607094280422,0.0143252145499,0.00247013824992,0.000431094114901,0.0000645260006422,0.0000232370421145],"median":[0.00309434230439,0.0381175279617,0.160430818796,0.555468797684,1.25187349319,2.98425674438,3.47444963455,4.72299575806,5.18067932129,8.29434871674,5.21209621429,3.68207597733,2.79468822479,4.42889404297,4.8571805954,4.56198120117,4.0723028183,5.11527395248,9.23719787598,4.95986747742,2.00405740738,2.14047789574,1.74998831749,1.08010601997,0.669316649437,0.490929603577,0.219357311726,0.102774813771,0.0496961772442,0.0593339651823,0.0459552370012,0.0263006836176,0.013662436977,0.00714283809066,0.00274723698385,0.000833502388559,0.000227372220252,0.0000566421913391,0.0000160263280122,0.00000974595423031],"min":[1.18327204652e-22,4.07789363967e-22,1.78027422982e-21,5.56609955356e-21,7.78210147041e-21,1.75946066116e-20,3.33090640027e-20,4.22224617843e-20,9.98262436615e-20,9.38717064738e-20,2.06119126858e-19,2.63778177971e-19,2.93151154728e-19,8.13693639461e-19,9.30355780935e-19,1.15504078277e-18,1.22706215794e-18,1.78973284787e-18,1.82225924391e-18,2.9903464227e-18,3.02424635216e-18,4.55192982954e-18,4.29984653786e-18,5.78993755153e-18,6.77659858618e-18,7.78748525944e-18,7.22952215777e-18,9.00454256446e-18,7.77953357221e-18,1.07162646291e-17,1.13636178309e-17,8.7793252719e-18,9.2663510186e-18,7.29446989792e-18,6.04166060605e-18,3.13277968636e-18,2.397168588e-18,1.06058957812e-18,2.63516892295e-19,2.81283381222e-20],"var":[0.0218319483101,0.88197350502,5.06860256195,22.6376609802,230.639633179,734.734802246,249.567352295,651.862365723,1025.46044922,1943.06811523,3473.44775391,1092.88684082,3120.31323242,4002.31811523,4298.81201172,3917.08276367,6631.32519531,3533.46630859,5319.47509766,5222.73291016,1827.51098633,1105.22802734,510.453186035,332.155700684,478.623291016,199.546508789,14.8599824905,11.7888202667,4.46666812897,13.5817527771,69.184715271,140.814544678,4.84910869598,0.689848840237,0.135352820158,0.0123885218054,0.00015152648848,0.00000496174016007,1.05258962435e-7,1.24458776618e-9]},"erbbands_crest":{"dmean":2.34528803825,"dmean2":3.73020458221,"dvar":5.29127025604,"dvar2":12.9308242798,"max":29.9266891479,"mean":9.57761287689,"median":8.613904953,"min":2.68900680542,"var":17.7168312073},"erbbands_flatness_db":{"dmean":0.0134608494118,"dmean2":0.0196243450046,"dvar":0.000185544864507,"dvar2":0.000363874976756,"max":0.350760608912,"mean":0.204956680536,"median":0.206976026297,"min":0.0447923503816,"var":0.00167878344655},"erbbands_kurtosis":{"dmean":0.815726697445,"dmean2":1.28047454357,"dvar":2.58074975014,"dvar2":5.90492010117,"max":94.3902053833,"mean":0.428364783525,"median":-0.154277563095,"min":-1.8804192543,"var":6.22594738007},"erbbands_skewness":{"dmean":0.313543498516,"dmean2":0.478363901377,"dvar":0.0985416024923,"dvar2":0.216903552413,"max":6.40246105194,"mean":0.21709947288,"median":0.126910299063,"min":-7.27136564255,"var":0.59241104126},"erbbands_spread":{"dmean":4.68786144257,"dmean2":7.14387083054,"dvar":37.4965858459,"dvar2":83.3496170044,"max":122.089019775,"mean":26.6972293854,"median":24.7561454773,"min":2.31930756569,"var":156.640014648},"gfcc":{"cov":[[27192.5507812,1529.85632324,-3326.21337891,1428.46801758,-952.103088379,691.092224121,-845.56439209,224.238891602,-291.940002441,-512.393920898,65.5382385254,-273.559295654,13.696600914],[1529.85632324,1190.51586914,-69.6087722778,-308.718841553,159.163879395,-191.690963745,50.0191917419,-81.575378418,-3.58491182327,-32.7510108948,7.64720630646,-33.2943611145,-12.2089586258],[-3326.21337891,-69.6087722778,1045.76257324,-110.704673767,160.503738403,71.6118164062,100.175758362,45.8749198914,60.6333427429,61.2932395935,-15.4698171616,54.9166564941,-43.9961700439],[1428.46801758,-308.718841553,-110.704673767,582.739013672,-57.1867141724,129.4349823,-74.6019592285,77.2147903442,42.7575645447,-71.3184127808,47.0513076782,-9.82439613342,24.5589408875],[-952.103088379,159.163879395,160.503738403,-57.1867141724,322.211212158,-4.08417701721,95.5725326538,6.57791662216,-4.45304441452,32.6637077332,-21.8037338257,17.7872238159,10.3299827576],[691.092224121,-191.690963745,71.6118164062,129.4349823,-4.08417701721,372.103363037,34.189994812,87.5920333862,14.2725362778,-48.4491577148,5.55424594879,18.81391716,-15.4368219376],[-845.56439209,50.0191917419,100.175758362,-74.6019592285,95.5725326538,34.189994812,248.456481934,15.4652967453,-10.2015895844,62.1788444519,-11.7240724564,13.9965009689,7.53085422516],[224.238891602,-81.575378418,45.8749198914,77.2147903442,6.57791662216,87.5920333862,15.4652967453,156.202926636,44.8310775757,1.3507553339,32.0966796875,10.3057718277,12.0150327682],[-291.940002441,-3.58491182327,60.6333427429,42.7575645447,-4.45304441452,14.2725362778,-10.2015895844,44.8310775757,148.061126709,4.25559473038,34.5305023193,20.8150157928,0.469184577465],[-512.393920898,-32.7510108948,61.2932395935,-71.3184127808,32.6637077332,-48.4491577148,62.1788444519,1.3507553339,4.25559473038,143.657333374,-2.25236225128,9.10181522369,15.9307947159],[65.5382385254,7.64720630646,-15.4698171616,47.0513076782,-21.8037338257,5.55424594879,-11.7240724564,32.0966796875,34.5305023193,-2.25236225128,114.142486572,26.8876075745,1.41545557976],[-273.559295654,-33.2943611145,54.9166564941,-9.82439613342,17.7872238159,18.81391716,13.9965009689,10.3057718277,20.8150157928,9.10181522369,26.8876075745,78.2826538086,14.0250720978],[13.696600914,-12.2089586258,-43.9961700439,24.5589408875,10.3299827576,-15.4368219376,7.53085422516,12.0150327682,0.469184577465,15.9307947159,1.41545557976,14.0250720978,84.9948959351]],"icov":[[0.00023646952468,-0.000708776700776,0.000593811448198,-0.000655105395708,0.000559154781513,-0.00068784301402,0.000616897712462,-0.00053927738918,0.000628422771115,-0.000545781629626,0.000484036514536,-0.000303270149743,0.000326249137288],[-0.000708776700776,0.00339343352243,-0.00162293203175,0.00264343363233,-0.00237350864336,0.00249922811054,-0.0020950997714,0.00189470069017,-0.00226457463577,0.00256444280967,-0.00210900465026,0.00171853601933,-0.00105867127422],[0.000593811448198,-0.00162293203175,0.00271590310149,-0.0014076923253,0.000850923068356,-0.00185753311962,0.00140854530036,-0.00157845509239,0.00109317828901,-0.00162696931511,0.00150446011685,-0.0014012537431,0.00164640089497],[-0.000655105395708,0.00264343363233,-0.0014076923253,0.00443610735238,-0.00187515339348,0.00144506793004,-0.00134053500369,0.00109309772961,-0.00235005258583,0.00266208103858,-0.00238317809999,0.00201915530488,-0.00185005844105],[0.000559154781513,-0.00237350864336,0.000850923068356,-0.00187515339348,0.00550257926807,-0.0015946503263,0.00037340563722,-0.00161382334772,0.00185873056762,-0.00172808323987,0.00214736699127,-0.00170207885094,0.000346640474163],[-0.00068784301402,0.00249922811054,-0.00185753311962,0.00144506793004,-0.0015946503263,0.00589404581115,-0.00274864933454,-0.000241808302235,-0.00156462448649,0.00319737126119,-0.00087751733372,-0.0000532736739842,0.0000655350959278],[0.000616897712462,-0.0020950997714,0.00140854530036,-0.00134053500369,0.00037340563722,-0.00274864933454,0.00703120604157,-0.00177645485383,0.00218922458589,-0.00362246413715,0.00147883757018,-0.00112034310587,0.00062675611116],[-0.00053927738918,0.00189470069017,-0.00157845509239,0.00109309772961,-0.00161382334772,-0.000241808302235,-0.00177645485383,0.0101559488103,-0.00345327006653,0.000871642958373,-0.00317139993422,0.00189002393745,-0.00230325618759],[0.000628422771115,-0.00226457463577,0.00109317828901,-0.00235005258583,0.00185873056762,-0.00156462448649,0.00218922458589,-0.00345327006653,0.00996485166252,-0.00205951719545,0.0000469215592602,-0.00247868825682,0.00134170183446],[-0.000545781629626,0.00256444280967,-0.00162696931511,0.00266208103858,-0.00172808323987,0.00319737126119,-0.00362246413715,0.000871642958373,-0.00205951719545,0.0108713181689,-0.0016700879205,0.00109348178376,-0.00234546675347],[0.000484036514536,-0.00210900465026,0.00150446011685,-0.00238317809999,0.00214736699127,-0.00087751733372,0.00147883757018,-0.00317139993422,0.0000469215592602,-0.0016700879205,0.0124427350238,-0.00512243015692,0.001934160362],[-0.000303270149743,0.00171853601933,-0.0014012537431,0.00201915530488,-0.00170207885094,-0.0000532736739842,-0.00112034310587,0.00189002393745,-0.00247868825682,0.00109348178376,-0.00512243015692,0.0170226003975,-0.00389863410965],[0.000326249137288,-0.00105867127422,0.00164640089497,-0.00185005844105,0.000346640474163,0.0000655350959278,0.00062675611116,-0.00230325618759,0.00134170183446,-0.00234546675347,0.001934160362,-0.00389863410965,0.0142307151109]],"mean":[-108.871124268,127.60383606,-131.230529785,6.97244930267,-47.067943573,-2.01021623611,-42.9477844238,-0.541878581047,-22.9547767639,-0.469253778458,-8.63069820404,-8.15801715851,-7.30157995224]},"hfc":{"dmean":2.8646466732,"dmean2":4.10384607315,"dvar":34.8288078308,"dvar2":69.1273803711,"max":286.431243896,"mean":12.9088087082,"median":4.32114553452,"min":1.08735988484e-16,"var":294.847503662},"melbands":{"dmean":[0.000231467769481,0.000256009341683,0.00027777053765,0.000280045962427,0.000179912065505,0.000158463648404,0.000127015417092,0.000125215156004,0.0000860471627675,0.0000555624137633,0.0000616972029093,0.0000581558488193,0.0000484714146296,0.0000383752631024,0.0000353505674866,0.0000388684784411,0.0000263700167125,0.0000295351037494,0.0000323854692397,0.0000179632625077,0.00000935485240916,0.00000868716597324,0.00000650824313198,0.00000366026029042,0.00000284398402073,0.00000329441695612,0.00000299921953228,0.00000141830037137,5.41207384686e-7,2.99264172554e-7,2.23125468324e-7,1.66599079421e-7,1.69575841369e-7,1.94644044882e-7,2.30311911764e-7,3.90239762282e-7,3.02218865045e-7,1.12313657041e-7,9.0658652141e-8,6.25596001669e-8],"dmean2":[0.000341284641763,0.000397985917516,0.00043797591934,0.000433324923506,0.000285270944005,0.000248151103733,0.000200785318157,0.000196802095161,0.000132434302941,0.0000894516415428,0.0000955540308496,0.0000933638948482,0.0000773094434408,0.0000605017849011,0.0000549938195036,0.000061230341089,0.0000416847324232,0.0000473194559163,0.0000524056013091,0.000028053731512,0.0000143985516843,0.0000137570814331,0.0000101944733615,0.00000570143083678,0.00000443697081209,0.00000512919450557,0.00000469147607873,0.00000224314544539,8.45242198011e-7,4.62174284621e-7,3.49156835e-7,2.55000401239e-7,2.62322146227e-7,2.86541165906e-7,3.29240123165e-7,5.43597991509e-7,4.97570965763e-7,1.59138934919e-7,1.33323965201e-7,9.18698646046e-8],"dvar":[8.7992123099e-7,5.01607757997e-7,0.00000132261720864,5.43139890397e-7,1.25672983131e-7,1.05305630882e-7,9.12587196922e-8,1.09667510628e-7,1.02018610448e-7,2.96954922874e-8,3.49919417886e-8,2.72786913058e-8,2.06683452575e-8,1.053603782e-8,9.95031346207e-9,1.1375861142e-8,5.2315574095e-9,5.10500797191e-9,6.66082033973e-9,2.30941754609e-9,6.44336084488e-10,4.43159259289e-10,2.7427873861e-10,7.15758771697e-11,6.8738258141e-11,8.34613628209e-11,6.42254166516e-11,1.79549413531e-11,1.64134851544e-12,2.00156341154e-12,1.73382087767e-12,4.69536898511e-13,5.76849982711e-13,2.74061697815e-12,5.30891042932e-12,5.97721871998e-11,6.64435173547e-11,7.47851921449e-13,4.11250813135e-13,3.51464761158e-13],"dvar2":[0.00000182738028798,0.00000115868544981,0.0000032399407246,0.00000132134596242,3.31977020096e-7,2.52043150795e-7,2.38057225488e-7,2.7324276175e-7,2.24588092124e-7,7.46688755271e-8,7.99639536808e-8,7.04014340158e-8,5.03262356233e-8,2.58622119276e-8,2.38706974187e-8,2.88941066628e-8,1.29878507948e-8,1.26338379758e-8,1.56693253928e-8,5.63580249135e-9,1.36700650799e-9,1.04925856892e-9,6.23407547806e-10,1.7311939382e-10,1.53594456598e-10,1.92229190898e-10,1.62246036051e-10,4.615682489e-11,3.9093199164e-12,5.24552363351e-12,4.6311960343e-12,1.1516636169e-12,1.28775982933e-12,3.62004285055e-12,9.77194367091e-12,1.11184228491e-10,1.85320342405e-10,1.10520078332e-12,8.13806921157e-13,6.9596021654e-13],"max":[0.0218583829701,0.017657706514,0.0237588156015,0.0157055482268,0.00657250126824,0.00763239432126,0.0115041350946,0.0104631958529,0.01259500999,0.00574253546074,0.00626052543521,0.00509513681754,0.00512208230793,0.00288041005842,0.00324965734035,0.00262346724048,0.00258079799823,0.00174073129892,0.00414224015549,0.00136948062573,0.000781798094977,0.000775324297138,0.00074488343671,0.000238420703681,0.00037601304939,0.000386080471799,0.000302039232338,0.00019261604757,0.0000366649255739,0.000125904669403,0.000123488396639,0.0000401524011977,0.00004067282498,0.000161810530699,0.000139212774229,0.000817882071715,0.000735748209991,0.0000712835753802,0.0000364200968761,0.0000382059952244],"mean":[0.000370247114915,0.000567242968827,0.000516602245625,0.000641441496555,0.000416180700995,0.000321437517414,0.000252885103691,0.00023572515056,0.000152441905811,0.0000942281985772,0.000112309404358,0.000110224907985,0.0000946542349993,0.0000765686781961,0.0000722682234482,0.0000776911401772,0.0000502772672917,0.0000588924340263,0.0000602963482379,0.0000353596515197,0.0000189885213331,0.0000176757221197,0.000013818395928,0.00000805802483228,0.00000646016633254,0.00000803657985671,0.00000717292778063,0.00000342321959579,0.00000128459225834,6.42905035875e-7,5.09225117185e-7,3.80912382525e-7,4.00921152277e-7,4.1565652964e-7,4.2498578523e-7,5.68649738852e-7,4.10078797586e-7,2.35007391325e-7,1.83680796795e-7,1.15222817954e-7],"median":[0.0000384937811759,0.000080283578427,0.000125762453536,0.000174414599314,0.000141659620567,0.000106335995952,0.0000903246254893,0.0000842414447106,0.000036615292629,0.0000197912631847,0.0000127014300233,0.0000165153069247,0.0000158098428074,0.0000121709581435,0.00000900054328667,0.00000806731259217,0.00000830570388644,0.0000136236039907,0.00000956872099778,0.00000326013923768,0.00000173959915628,0.00000209548329622,0.00000158033014941,0.00000136147878038,6.74960176639e-7,4.51630540965e-7,4.9015602599e-7,2.5495901923e-7,1.33982965167e-7,6.93556643228e-8,4.17059915492e-8,2.23344649442e-8,3.04673193341e-8,3.1713618398e-8,2.62328718748e-8,1.9032089682e-8,1.31673782988e-8,9.0125933383e-9,7.55095275196e-9,4.99929964093e-9],"min":[7.73919583853e-25,6.00866674037e-25,9.53741018844e-25,7.17663200993e-25,1.20406650281e-24,9.16420206633e-25,1.62793320149e-24,9.74418443677e-25,1.53160036736e-24,1.52800740176e-24,1.26779236306e-24,2.78588082502e-24,2.30658116635e-24,2.63687071926e-24,1.95582757548e-24,2.4856170931e-24,2.54118051095e-24,2.25644097e-24,3.25210077545e-24,4.11066306367e-24,2.55470000915e-24,3.64907569891e-24,4.73168789485e-24,3.19390473153e-24,4.23656171427e-24,4.31594478716e-24,4.09367099977e-24,4.49460718827e-24,3.39967850701e-24,3.95096882303e-24,5.03867903257e-24,4.24649741737e-24,4.89842390236e-24,6.11629892228e-24,5.90029105706e-24,5.56305775324e-24,4.80429307485e-24,5.57847406748e-24,4.85155175952e-24,5.86033288563e-24],"var":[0.00000147644925619,0.00000133001753966,0.00000159899514074,0.00000161705406754,4.24171531677e-7,3.06228542968e-7,2.25311509894e-7,2.21825104063e-7,2.41462714712e-7,5.2126797101e-8,8.39336991021e-8,6.49542499787e-8,5.9709783784e-8,3.52087106137e-8,3.19779083213e-8,3.39514549808e-8,1.23980781197e-8,1.39914551056e-8,1.6794659885e-8,6.36143271393e-9,2.02837568963e-9,1.36486022484e-9,8.2809181734e-10,2.4667506926e-10,2.41204556328e-10,3.17464249333e-10,2.37967756611e-10,6.30344595964e-11,7.40384750036e-12,3.78122620021e-12,3.89102465526e-12,1.43668128609e-12,1.63397951853e-12,6.60822958853e-12,1.18150636844e-11,1.1057364746e-10,5.73780432889e-11,2.2386153261e-12,7.92970073285e-13,4.70439930501e-13]},"melbands_crest":{"dmean":2.39583611488,"dmean2":3.80012607574,"dvar":5.59548377991,"dvar2":14.1365203857,"max":33.583190918,"mean":11.7467126846,"median":10.9914951324,"min":1.54801249504,"var":18.9594421387},"melbands_flatness_db":{"dmean":0.0179251488298,"dmean2":0.0260145477951,"dvar":0.000396898336476,"dvar2":0.000774495478254,"max":0.616696894169,"mean":0.23091326654,"median":0.227063655853,"min":0.0030641569756,"var":0.00517267733812},"melbands_kurtosis":{"dmean":2.7764852047,"dmean2":4.34227561951,"dvar":98.2488327026,"dvar2":255.988800049,"max":561.666625977,"mean":5.83817386627,"median":3.35536408424,"min":-1.95696735382,"var":175.616027832},"melbands_skewness":{"dmean":0.425678670406,"dmean2":0.646209895611,"dvar":0.269188135862,"dvar2":0.624475061893,"max":17.5211696625,"mean":1.73402714729,"median":1.65267980099,"min":-3.53375101089,"var":1.25010490417},"melbands_spread":{"dmean":4.77009344101,"dmean2":7.32887125015,"dvar":68.8862380981,"dvar2":143.460159302,"max":260.582336426,"mean":22.5285511017,"median":18.56965065,"min":0.264652699232,"var":359.017181396},"mfcc":{"cov":[[16397.7871094,-104.710006714,-1455.02758789,575.294189453,254.765808105,6.52231693268,53.5045547485,391.307983398,-166.522750854,67.2296600342,-257.00479126,-221.778244019,135.121673584],[-104.710006714,1875.98327637,-130.837265015,-86.5362930298,-19.1226406097,-62.0728569031,22.469367981,-97.9067230225,-31.5910739899,-26.4370098114,20.4378433228,-2.83411192894,-33.8465003967],[-1455.02758789,-130.837265015,680.621704102,-35.6171646118,53.9416465759,52.1996612549,-5.75587797165,57.2130241394,24.5105762482,35.0990219116,11.6144704819,59.2951622009,21.7146148682],[575.294189453,-86.5362930298,-35.6171646118,320.355895996,77.0887069702,-27.3395576477,-15.1544971466,-0.0523011870682,-7.10156965256,15.1888961792,-37.9588394165,9.26460266113,41.5815658569],[254.765808105,-19.1226406097,53.9416465759,77.0887069702,245.088378906,14.0229253769,-8.62642097473,60.4915847778,7.25498867035,16.158039093,-8.93671798706,-12.892291069,30.0725345612],[6.52231693268,-62.0728569031,52.1996612549,-27.3395576477,14.0229253769,192.558059692,69.9652862549,38.5318641663,48.8029403687,-17.3099994659,22.9748420715,12.5536174774,-25.3340682983],[53.5045547485,22.469367981,-5.75587797165,-15.1544971466,-8.62642097473,69.9652862549,200.86076355,34.4435920715,45.388835907,-0.52605587244,23.8374633789,8.15302848816,-9.10287189484],[391.307983398,-97.9067230225,57.2130241394,-0.0523011870682,60.4915847778,38.5318641663,34.4435920715,178.584854126,17.8087425232,8.9413766861,15.0315160751,4.63464736938,27.1576309204],[-166.522750854,-31.5910739899,24.5105762482,-7.10156965256,7.25498867035,48.8029403687,45.388835907,17.8087425232,149.236175537,12.6474323273,12.5488739014,23.8497714996,-9.14661884308],[67.2296600342,-26.4370098114,35.0990219116,15.1888961792,16.158039093,-17.3099994659,-0.52605587244,8.9413766861,12.6474323273,97.043510437,8.22025203705,4.58219099045,16.9096508026],[-257.00479126,20.4378433228,11.6144704819,-37.9588394165,-8.93671798706,22.9748420715,23.8374633789,15.0315160751,12.5488739014,8.22025203705,98.1873550415,26.1968383789,-4.46857786179],[-221.778244019,-2.83411192894,59.2951622009,9.26460266113,-12.892291069,12.5536174774,8.15302848816,4.63464736938,23.8497714996,4.58219099045,26.1968383789,107.63646698,28.6190090179],[135.121673584,-33.8465003967,21.7146148682,41.5815658569,30.0725345612,-25.3340682983,-9.10287189484,27.1576309204,-9.14661884308,16.9096508026,-4.46857786179,28.6190090179,98.0612564087]],"icov":[[0.0000999459371087,-0.00000550791628484,0.000238233202253,-0.000115043243568,-0.0000198883153644,-0.000109748078103,-0.0000018995656319,-0.000285692105535,0.000120670287288,-0.000158497889061,0.000242733440246,0.0000413608540839,-0.0000493238439958],[-0.00000550791628484,0.000579165003728,0.000075435906183,0.000193972125999,-0.00016579143994,0.000238106280449,-0.000186140503502,0.000324493914377,0.0000906454588403,0.000124847618281,-0.000124826736283,-0.000132400935399,0.000133627152536],[0.000238233202253,0.000075435906183,0.00227885018103,0.000101101766631,-0.000438811141066,-0.00067672575824,0.000233958373428,-0.000985346967354,0.000360486592399,-0.00100427656434,0.000878743943758,-0.000952384027187,-0.0000705885104253],[-0.000115043243568,0.000193972125999,0.000101101766631,0.00400138227269,-0.00124250701629,0.000384320970625,-0.000139898926136,0.000770350743551,-0.0000199261558009,-0.000221061098273,0.00111803610343,-0.000867436465342,-0.000899281119928],[-0.0000198883153644,-0.00016579143994,-0.000438811141066,-0.00124250701629,0.00523079466075,-0.000566173461266,0.00058122118935,-0.00147696933709,-0.000372268666979,-0.000330253271386,-0.000108174659545,0.0014289310202,-0.00109292485286],[-0.000109748078103,0.000238106280449,-0.00067672575824,0.000384320970625,-0.000566173461266,0.00730966962874,-0.00188031524885,-0.000568901712541,-0.0015025944449,0.00173531472683,-0.00101650482975,-0.000650782079902,0.00196960009634],[-0.0000018995656319,-0.000186140503502,0.000233958373428,-0.000139898926136,0.00058122118935,-0.00188031524885,0.00620032986626,-0.000956606061663,-0.00122756126802,-0.000194432621356,-0.000804195296951,0.000227171738516,-0.0000615613826085],[-0.000285692105535,0.000324493914377,-0.000985346967354,0.000770350743551,-0.00147696933709,-0.000568901712541,-0.000956606061663,0.00797697436064,-0.000562866567634,0.000449122133432,-0.00158570136409,0.000524891715031,-0.00195021252148],[0.000120670287288,0.0000906454588403,0.000360486592399,-0.0000199261558009,-0.000372268666979,-0.0015025944449,-0.00122756126802,-0.000562866567634,0.00820615980774,-0.00158313137945,0.000595409655944,-0.00190862710588,0.00118411774747],[-0.000158497889061,0.000124847618281,-0.00100427656434,-0.000221061098273,-0.000330253271386,0.00173531472683,-0.000194432621356,0.000449122133432,-0.00158313137945,0.0117613049224,-0.00190480938181,0.000711039581802,-0.00148531689774],[0.000242733440246,-0.000124826736283,0.000878743943758,0.00111803610343,-0.000108174659545,-0.00101650482975,-0.000804195296951,-0.00158570136409,0.000595409655944,-0.00190480938181,0.0128501281142,-0.0032985007856,0.00102106365375],[0.0000413608540839,-0.000132400935399,-0.000952384027187,-0.000867436465342,0.0014289310202,-0.000650782079902,0.000227171738516,0.000524891715031,-0.00190862710588,0.000711039581802,-0.0032985007856,0.0125345122069,-0.00436371425167],[-0.0000493238439958,0.000133627152536,-0.0000705885104253,-0.000899281119928,-0.00109292485286,0.00196960009634,-0.0000615613826085,-0.00195021252148,0.00118411774747,-0.00148531689774,0.00102106365375,-0.00436371425167,0.0137738026679]],"mean":[-740.847900391,162.861679077,-20.2969665527,9.59997177124,7.36957359314,-3.58595538139,-3.83245563507,-7.10568857193,-10.2251405716,3.29575181007,-4.13596916199,-4.59526109695,0.347168296576]},"pitch_salience":{"dmean":0.0550295338035,"dmean2":0.0886235162616,"dvar":0.00250279321335,"dvar2":0.00629705470055,"max":0.978529930115,"mean":0.591121733189,"median":0.59530544281,"min":0.136342123151,"var":0.00898965448141},"silence_rate_20dB":{"dmean":0,"dmean2":0,"dvar":0,"dvar2":0,"max":1,"mean":1,"median":1,"min":1,"var":0},"silence_rate_30dB":{"dmean":0.0029520294629,"dmean2":0.00590454321355,"dvar":0.00294361519627,"dvar2":0.00751008139923,"max":1,"mean":0.997622191906,"median":1,"min":0,"var":0.00237222900614},"silence_rate_60dB":{"dmean":0.0385403856635,"dmean2":0.0770870894194,"dvar":0.0370612815022,"dvar2":0.0798233151436,"max":1,"mean":0.351508677006,"median":0,"min":0,"var":0.227944925427},"spectral_centroid":{"dmean":157.01008606,"dmean2":238.476425171,"dvar":59760.890625,"dvar2":124868.828125,"max":11799.3046875,"mean":1167.33325195,"median":965.399414062,"min":110.003417969,"var":1396975.25},"spectral_complexity":{"dmean":2.10676503181,"dmean2":3.17894053459,"dvar":6.49537467957,"dvar2":12.1371717453,"max":49,"mean":14.3424072266,"median":11,"min":0,"var":131.185470581},"spectral_contrast_coeffs":{"dmean":[0.042666580528,0.0408878475428,0.0329691804945,0.027897387743,0.0204735714942,0.0144652491435],"dmean2":[0.0678928494453,0.066490650177,0.0535939671099,0.0448853671551,0.0328394733369,0.0224860198796],"dvar":[0.00142107228749,0.00119677430484,0.000770497659687,0.000531885714736,0.000300768675515,0.000160914554726],"dvar2":[0.00350455800071,0.0031358380802,0.00198513013311,0.00132826832123,0.000737104215659,0.000369973480701],"max":[-0.26298648119,-0.424505531788,-0.516351461411,-0.560087382793,-0.587183713913,-0.644480347633],"mean":[-0.618355810642,-0.730002880096,-0.7752815485,-0.762712955475,-0.776555597782,-0.806465268135],"median":[-0.619455635548,-0.731971085072,-0.780831575394,-0.762174665928,-0.77617508173,-0.808104991913],"min":[-0.977537095547,-0.992668271065,-0.992025077343,-0.983619630337,-0.969015836716,-0.966006398201],"var":[0.00940744858235,0.00569502916187,0.00439682649449,0.00348505098373,0.00246089138091,0.00229549477808]},"spectral_contrast_valleys":{"dmean":[0.377194553614,0.318727046251,0.28729686141,0.251741230488,0.213083818555,0.190706580877],"dmean2":[0.608038246632,0.509566783905,0.460112631321,0.389692753553,0.311779379845,0.253812670708],"dvar":[0.132272794843,0.0937692373991,0.0812053158879,0.0744382292032,0.0660036876798,0.0714471414685],"dvar2":[0.296460062265,0.19612108171,0.161626860499,0.136592537165,0.109249785542,0.101894572377],"max":[-5.29110813141,-4.5904211998,-4.88780784607,-5.26670646667,-5.886469841,-7.59506082535],"mean":[-8.48062896729,-7.36845731735,-8.08414745331,-8.40810489655,-9.0088596344,-11.850361824],"median":[-8.17824745178,-6.95450782776,-7.7999958992,-8.07225799561,-8.74728488922,-11.7655448914],"min":[-28.1650676727,-27.8798542023,-27.9137573242,-27.6119041443,-27.5870113373,-27.4082107544],"var":[5.9743475914,5.95292758942,5.85502529144,6.00079298019,6.06612062454,4.52692270279]},"spectral_decrease":{"dmean":1.03877706437e-9,"dmean2":1.49180889863e-9,"dvar":4.05223663894e-18,"dvar2":8.23101950389e-18,"max":1.7444050286e-28,"mean":-4.10995681932e-9,"median":-1.86060589158e-9,"min":-3.59363241387e-8,"var":2.51228962995e-17},"spectral_energy":{"dmean":0.0041308007203,"dmean2":0.00591922877356,"dvar":0.0000623438681941,"dvar2":0.000125564140035,"max":0.142262384295,"mean":0.0166827738285,"median":0.00743458420038,"min":1.00295035349e-20,"var":0.000410970009398},"spectral_energyband_high":{"dmean":0.0000590622366872,"dmean2":0.0000843747911858,"dvar":1.87810996977e-7,"dvar2":3.82006192012e-7,"max":0.0367220342159,"mean":0.000159399394761,"median":0.0000165373858181,"min":7.00467528702e-21,"var":4.40154224179e-7},"spectral_energyband_low":{"dmean":0.00128608895466,"dmean2":0.00192963413429,"dvar":0.0000142978688018,"dvar2":0.0000294734654744,"max":0.0986596941948,"mean":0.00285473512486,"median":0.000540192704648,"min":1.38790594166e-23,"var":0.0000353034520231},"spectral_energyband_middle_high":{"dmean":0.00140989688225,"dmean2":0.00211420096457,"dvar":0.00000811438258097,"dvar2":0.0000179829039553,"max":0.0875783637166,"mean":0.00535690644756,"median":0.00122023397125,"min":1.10154295178e-21,"var":0.0000669134606142},"spectral_energyband_middle_low":{"dmean":0.0028432153631,"dmean2":0.00426838779822,"dvar":0.0000370497873519,"dvar2":0.0000840964712552,"max":0.124234504998,"mean":0.00871258880943,"median":0.00449545262381,"min":1.42248521767e-22,"var":0.000128137180582},"spectral_entropy":{"dmean":0.12257232517,"dmean2":0.177557259798,"dvar":0.0201700106263,"dvar2":0.0359526276588,"max":9.83129692078,"mean":7.1258020401,"median":7.15929508209,"min":4.82792806625,"var":0.303221583366},"spectral_flux":{"dmean":0.0127229969949,"dmean2":0.0198983512819,"dvar":0.000314253760735,"dvar2":0.000720706244465,"max":0.29959744215,"mean":0.051302716136,"median":0.0378141999245,"min":6.33401317507e-11,"var":0.00198567588814},"spectral_kurtosis":{"dmean":3.26804828644,"dmean2":5.53603982925,"dvar":13.5150194168,"dvar2":37.0244369507,"max":70.7035827637,"mean":11.1011362076,"median":8.7338886261,"min":-1.28680694103,"var":63.4116096497},"spectral_rms":{"dmean":0.000417407369241,"dmean2":0.000584273133427,"dvar":3.39382182801e-7,"dvar2":6.3161246544e-7,"max":0.0117810256779,"mean":0.0032769923564,"median":0.00269318651408,"min":3.12807960957e-12,"var":0.00000553715426577},"spectral_rolloff":{"dmean":255.545410156,"dmean2":427.193939209,"dvar":305979.75,"dvar2":592635.3125,"max":19681.3476562,"mean":1453.48376465,"median":1141.25976562,"min":64.599609375,"var":4268417},"spectral_skewness":{"dmean":0.300527393818,"dmean2":0.492112874985,"dvar":0.0851304754615,"dvar2":0.215983808041,"max":6.74850940704,"mean":2.26534247398,"median":2.10149431229,"min":-0.67664450407,"var":0.773198544979},"spectral_spread":{"dmean":304243.25,"dmean2":446322.53125,"dvar":333066272768,"dvar2":501272936448,"max":42906132,"mean":3417073.5,"median":2819289.5,"min":1139573.25,"var":17356758712300},"spectral_strongpeak":{"dmean":0.392077594995,"dmean2":0.660017609596,"dvar":0.599236786366,"dvar2":1.51751697063,"max":23.3683166504,"mean":0.772295892239,"median":0.418828576803,"min":0,"var":1.07107114792},"zerocrossingrate":{"dmean":0.00573008740321,"dmean2":0.00692263012752,"dvar":0.000100638215372,"dvar2":0.000126153245219,"max":0.533203125,"mean":0.0512660071254,"median":0.04296875,"min":0.00341796875,"var":0.00305911456235}},"metadata":{"audio_properties":{"analysis_sample_rate":44100,"bit_rate":0,"codec":"flac","downmix":"mix","equal_loudness":0,"length":283.160003662,"lossless":true,"md5_encoded":"90bdb62669ee10d138e4f537b68cd2c3","replay_gain":-7.06610107422,"sample_rate":44100},"tags":{"album":["Carl and the Passions: \"So Tough\""],"albumartist":["The Beach Boys"],"albumartistsort":["Beach Boys, The"],"artist":["The Beach Boys"],"artistsort":["Beach Boys, The"],"catalognumber":["K-44184"],"date":["1972-05-15"],"discnumber":["1"],"disctotal":["1"],"file_name":"01-03 He Come Down.flac","genre":["Pop"],"label":["Reprise Records"],"media":["Vinyl"],"musicbrainz_albumartistid":["ebfc1398-8d96-47e3-82c3-f782abcdb13d"],"musicbrainz_albumid":["0fd427a3-24b0-4de6-9266-64a806f05c36"],"musicbrainz_artistid":["ebfc1398-8d96-47e3-82c3-f782abcdb13d"],"musicbrainz_recordingid":["e7cbbdc2-9d06-40ad-9213-aa12e755c1c1"],"musicbrainz_releasegroupid":["c8e6f795-2021-3203-8e10-e14d8aef4a19"],"originaldate":["1972-05-15"],"performer":["The Beach Boys"],"releasecountry":["US"],"releasestatus":["official"],"releasetype":["album"],"replaygain_album_gain":["-1.75 dB"],"replaygain_album_peak":["1.000000"],"replaygain_track_gain":["-1.28 dB"],"replaygain_track_peak":["0.977234"],"script":["Latn"],"title":["He Come Down"],"totaldiscs":["1"],"totaltracks":["8"],"tracknumber":["3"],"tracktotal":["8"]},"version":{"essentia":"2.1-beta1","essentia_build_sha":"ca57ba49d9b1854bd80e60cf9ccf267278fb7d6b","essentia_git_sha":"v2.1_beta1-28-g21ef5f4-dirty","extractor":"music 1.0"}},"rhythm":{"beats_count":716,"beats_loudness":{"dmean":0.0132789667696,"dmean2":0.0233005024493,"dvar":0.00031940714689,"dvar2":0.000944542349316,"max":0.121138073504,"mean":0.0244967211038,"median":0.0124943880364,"min":0,"var":0.000696638482623},"bea