{"lowlevel":{"average_loudness":0.67391782999,"barkbands":{"dmean":[0.00301909469999,0.00375100155361,0.00175008131191,0.00131312094163,0.00214306544513,0.00167697679717,0.000693950045388,0.000306882167934,0.00028028016095,0.000439697847469,0.000231387792155,0.000286243710434,0.00016588960716,0.000148471677676,0.000129403706524,0.000104013684904,0.0000707492872607,0.0000857566919876,0.00010252474749,0.000134617250296,0.000152347929543,0.000114148693683,0.0000750665712985,0.000110187989776,0.0000181497598533,0.000119981297757,0.000157225527801],"dmean2":[0.00512512633577,0.00631934404373,0.0030334291514,0.00213763536885,0.00343750300817,0.00246163201518,0.00109287851956,0.000486753531732,0.000453579123132,0.000697980925906,0.000381960591767,0.00046449972433,0.000269555079285,0.000244582479354,0.00020227683126,0.000160616255016,0.000108957123302,0.000130345637444,0.000151237094542,0.000192365871044,0.000204475727514,0.000158393595484,0.000101305813587,0.000153247267008,0.0000235313309531,0.000154687368195,0.000206255877856],"dvar":[0.0000363214967365,0.000042967927584,0.000013522536392,0.00000715238002158,0.0000190339851542,0.0000245692954195,0.00000667574931867,0.00000156179669375,3.61406620186e-7,8.49498121624e-7,5.54690075205e-7,3.78144989099e-7,1.33289560722e-7,8.91486848786e-8,8.95367264775e-8,6.86742041012e-8,4.62924738542e-8,1.51573587459e-7,2.9049184036e-7,6.75640933423e-7,5.37735274975e-7,1.46186934558e-7,3.49468258776e-8,8.02260800015e-8,3.19507797997e-9,8.14765215296e-8,1.38739366662e-7],"dvar2":[0.0000966931402218,0.000119587290101,0.0000413602792833,0.0000183354859473,0.0000502110124216,0.0000525315408595,0.0000181358100235,0.00000363131948689,8.46751674999e-7,0.00000211472524825,0.0000013879692915,9.34134334329e-7,3.38326088922e-7,2.34857054693e-7,2.17574452677e-7,1.49538337268e-7,1.11299279126e-7,3.28234563085e-7,6.06191349561e-7,0.00000142314934237,9.21812215893e-7,2.74572585113e-7,6.39570956196e-8,1.52826601152e-7,5.30163024592e-9,1.40067825782e-7,2.15810644022e-7],"max":[0.106167897582,0.134180471301,0.0919493958354,0.0562699176371,0.122762307525,0.129272937775,0.147511288524,0.0771555379033,0.0193295404315,0.0203126017004,0.0407119318843,0.0234630722553,0.00814714189619,0.00710740592331,0.0102441264316,0.00698089553043,0.00600071437657,0.0130065241829,0.0210640225559,0.0358969569206,0.0313566550612,0.014392263256,0.00610468257219,0.00372095219791,0.00091407331638,0.00420118868351,0.0147006800398],"mean":[0.00425310479477,0.00630050431937,0.00249106949195,0.0021522291936,0.00403534527868,0.00314482068643,0.00114719779231,0.000478237663629,0.000490574806463,0.000772770377807,0.000364634994185,0.000490541744512,0.000290100171696,0.000266853865469,0.000260769913439,0.000183109848876,0.000108584026748,0.000130846980028,0.000156516660354,0.000221756126848,0.000272014614893,0.00017521456175,0.000103213584225,0.000113946465717,0.0000217473480006,0.000150601495989,0.000467567297164],"median":[0.00151946488768,0.00353423552588,0.000709663378075,0.000541178276762,0.00183293968439,0.00070749229053,0.000300347222947,0.000134968358907,0.00017295354337,0.000278341642115,0.000157932314323,0.000200757043785,0.00012170982518,0.000115523056593,0.0000730120955268,0.0000525835566805,0.0000195458578673,0.0000113473834062,0.0000101482537502,0.0000208165329241,0.0000359423720511,0.0000186777488125,0.00000865247602633,0.00000171151543782,8.85292593011e-7,0.00000547419540453,0.000151208238094],"min":[1.48010264e-23,2.03062074008e-23,3.85606155917e-25,2.43286418943e-24,1.13962554014e-23,1.45685538244e-23,1.26805177997e-23,1.33418924718e-23,4.18050273399e-23,3.15419311858e-23,4.32231215685e-23,4.25348404287e-23,7.70049223204e-23,1.057612121e-22,1.12212043267e-22,1.48328645106e-22,9.1005695086e-23,1.2193778946e-22,2.89052999252e-22,2.64261335055e-22,3.37584605666e-22,4.62038432273e-22,4.14992686396e-22,6.66648503813e-22,1.03831179961e-21,1.55235517393e-21,2.09600256689e-21],"var":[0.0000470299419248,0.0000708170846337,0.0000233198079513,0.0000185623994184,0.0000405542486988,0.0000742043412174,0.000013906363165,0.00000313797499985,9.31376916924e-7,0.00000177269384949,7.03209309449e-7,7.76105309797e-7,2.73482442026e-7,1.9382349592e-7,2.91653179829e-7,1.3658903697e-7,7.579237149e-8,3.29466786297e-7,6.7100194201e-7,0.00000186374859368,0.00000182331507403,4.30494708326e-7,8.34973263864e-8,1.10087611915e-7,5.46768541554e-9,1.50426316736e-7,8.74307204413e-7]},"barkbands_crest":{"dmean":2.58347558975,"dmean2":4.23464393616,"dvar":4.85306072235,"dvar2":13.2605400085,"max":26.2025527954,"mean":10.7449865341,"median":9.97111797333,"min":2.68263506889,"var":16.6959037781},"barkbands_flatness_db":{"dmean":0.0299240406603,"dmean2":0.0454728975892,"dvar":0.000777642184403,"dvar2":0.00194630643819,"max":0.514684259892,"mean":0.163496389985,"median":0.155330643058,"min":0.0143251139671,"var":0.0051306206733},"barkbands_kurtosis":{"dmean":9.67385673523,"dmean2":15.5602426529,"dvar":667.521057129,"dvar2":1776.42578125,"max":695.339538574,"mean":20.7606582642,"median":8.70865726471,"min":-1.82665014267,"var":1895.97900391},"barkbands_skewness":{"dmean":0.743917524815,"dmean2":1.17015826702,"dvar":0.827332794666,"dvar2":2.19308042526,"max":18.7350177765,"mean":2.89578199387,"median":2.43483972549,"min":-3.29833078384,"var":4.62874889374},"barkbands_spread":{"dmean":6.60020112991,"dmean2":9.63025379181,"dvar":74.9696502686,"dvar2":136.705688477,"max":107.757667542,"mean":21.4222831726,"median":15.4650726318,"min":0.226199835539,"var":351.574554443},"dissonance":{"dmean":0.024943863973,"dmean2":0.0418803431094,"dvar":0.000660755089484,"dvar2":0.00182898063213,"max":0.500000119209,"mean":0.452559918165,"median":0.46346989274,"min":0.20408564806,"var":0.00150371179916},"dynamic_complexity":6.41860055923,"erbbands":{"dmean":[0.19685074687,0.605084180832,1.66277062893,3.63182544708,4.86534166336,8.51828575134,10.6081552505,15.0116834641,9.2080116272,10.0867910385,5.71917200089,6.58772134781,6.41600513458,16.8190193176,8.90196418762,12.2520198822,7.53681278229,7.52113771439,6.65484857559,5.75485658646,5.10487556458,3.6930308342,4.55618858337,4.89203691483,5.16504144669,6.22915840149,6.16319608688,5.85029697418,4.24876499176,3.1243262291,2.10729503632,2.63486218452,1.44034123421,0.356582373381,0.0838996469975,0.302504271269,0.281247854233,0.0875730365515,0.0201814733446,0.00286061223596],"dmean2":[0.335468441248,1.01666903496,2.83829307556,6.12873125076,7.73610782623,14.0732212067,16.4993400574,21.8034133911,13.8372631073,16.101776123,9.13789081573,10.6998548508,10.3238992691,26.7286148071,14.5716772079,19.8331069946,12.2912521362,12.314997673,10.4133243561,8.95715141296,7.82431840897,5.54772567749,6.89102745056,7.16204977036,7.45084190369,9.01033878326,8.22341346741,7.9972743988,5.84120845795,4.38886928558,2.79671692848,3.63132739067,2.01423716545,0.466076135635,0.10996684432,0.41045075655,0.369194477797,0.109904155135,0.0240345187485,0.00400772597641],"dvar":[0.135793864727,1.01034021378,10.6337223053,52.4244232178,78.1085510254,384.80480957,893.826538086,2581.92358398,979.183959961,1770.03540039,250.56022644,223.15397644,188.920257568,1272.31958008,996.943908691,606.431030273,277.528015137,229.919250488,189.715881348,220.584732056,189.35760498,123.625511169,399.533966064,546.56652832,877.563171387,1376.22583008,1086.42834473,767.567321777,247.729431152,74.4064559937,25.4520931244,47.559677124,13.3458032608,1.07770717144,0.0604859404266,0.590651750565,0.472698867321,0.0461933687329,0.00507921632379,0.0000282887849608],"dvar2":[0.377621352673,2.8176908493,30.4350757599,150.49458313,188.03692627,1069.1262207,2096.74975586,5364.84082031,2408.84521484,4620.45605469,579.516418457,533.960510254,471.65145874,3149.26269531,2527.05102539,1464.3651123,693.78503418,590.404907227,442.669219971,531.958374023,405.150177002,278.390899658,874.434204102,1080.77587891,1832.22412109,2880.61352539,1841.27246094,1410.58056641,461.432373047,143.111846924,45.5407562256,90.0374832153,25.7877502441,1.80911052227,0.10154595226,1.10305893421,0.841664791107,0.0741246417165,0.00702661229298,0.0000529095595994],"max":[7.83866024017,19.9293518066,74.7507781982,133.433578491,171.485198975,556.84173584,768.071655273,1617.09753418,1547.25097656,1671.47302246,538.713623047,429.165527344,445.163970947,746.524658203,1934.64904785,758.413391113,371.422088623,413.71307373,358.55581665,585.769226074,302.068756104,368.196411133,649.138793945,934.528015137,1221.65002441,1524.10095215,1514.00646973,1145.2232666,629.883605957,353.361053467,130.606643677,105.146408081,48.1365280151,15.2000637054,4.17317819595,10.066198349,11.7890100479,7.42285299301,3.41858625412,0.217372581363],"mean":[0.314995735884,0.945811808109,2.57443404198,5.97112083435,9.27255058289,14.6089200974,19.2145824432,27.9235954285,16.7877635956,15.4010620117,10.086892128,11.4309968948,12.4648590088,29.6787834167,16.2222690582,21.3752670288,14.3725013733,14.6525468826,13.943157196,11.9424676895,9.23700332642,6.1418595314,6.97895908356,7.8912062645,8.06527042389,10.4528284073,11.2648458481,10.0557279587,6.65374040604,4.4417181015,2.78638386726,2.7789247036,1.51243758202,0.411037474871,0.100183129311,0.339565008879,0.33439335227,0.148848712444,0.0470768287778,0.0125708375126],"median":[0.156844675541,0.485416203737,0.914606511593,1.85614299774,3.7674870491,6.02055835724,5.77713727951,5.42167949677,4.70300912857,4.17402505875,3.35679984093,4.02701044083,5.54586648941,11.5225601196,8.60079288483,8.61003112793,6.67664909363,6.84107542038,5.00073623657,3.55941081047,2.47833323479,1.13082897663,0.708203613758,0.528441727161,0.623015940189,1.02101135254,1.28759741783,1.24366879463,0.709042608738,0.455197364092,0.206081807613,0.0564956106246,0.0228775385767,0.0112298438326,0.00619929190725,0.00673009920865,0.00972881447524,0.0161471180618,0.00852256920189,0.0073775886558],"min":[5.21055375891e-22,3.88589458887e-21,4.18006796435e-21,1.04013688801e-20,1.55752083204e-20,3.97125922418e-20,7.47024355504e-20,1.28249584763e-19,2.35309981708e-19,2.20411243955e-19,4.81516982312e-19,1.0338175674e-18,1.37403168007e-18,1.45828136962e-18,2.02814987505e-18,2.59361281654e-18,3.42629562773e-18,4.85025417181e-18,6.47001236395e-18,6.04296589705e-18,1.00931519553e-17,6.34996240088e-18,6.00642105759e-18,1.09648712807e-17,1.27198201498e-17,1.25492770142e-17,1.27719044043e-17,1.53216563824e-17,1.7218120138e-17,1.61456854369e-17,1.1477666185e-17,1.46959223732e-17,1.09717716214e-17,9.53604498552e-18,8.51902063212e-18,4.36170020893e-18,3.08132264161e-18,1.28428961464e-18,2.89711505096e-19,2.96203683832e-20],"var":[0.202642887831,1.69478297234,20.2261753082,111.073623657,201.585067749,679.417541504,2426.81567383,7690.61376953,2349.02294922,3125.95556641,665.684509277,507.174163818,444.121307373,2612.12988281,1239.46801758,1412.88989258,617.985351562,553.906555176,619.448913574,627.618652344,364.714233398,242.101364136,842.799865723,1456.83154297,1841.8548584,3951.02612305,3946.36083984,2287.80126953,718.542785645,206.550949097,54.2518348694,66.0289535522,18.4533405304,1.77232015133,0.103889875114,0.907406508923,0.791402637959,0.156292110682,0.0240768529475,0.000302763248328]},"erbbands_crest":{"dmean":2.62456393242,"dmean2":4.19732999802,"dvar":5.76167726517,"dvar2":13.8132963181,"max":28.6544780731,"mean":9.89629459381,"median":8.6347694397,"min":2.16738843918,"var":23.9267463684},"erbbands_flatness_db":{"dmean":0.0262296181172,"dmean2":0.0382266230881,"dvar":0.000624288746621,"dvar2":0.00140409811866,"max":0.395480901003,"mean":0.149665623903,"median":0.142290368676,"min":0.0341783426702,"var":0.00375217734836},"erbbands_kurtosis":{"dmean":3.82885098457,"dmean2":6.19703102112,"dvar":194.894073486,"dvar2":509.714569092,"max":293.054016113,"mean":5.02034568787,"median":0.547090053558,"min":-1.85307466984,"var":338.816162109},"erbbands_skewness":{"dmean":0.514552235603,"dmean2":0.786423504353,"dvar":0.546874523163,"dvar2":1.35676193237,"max":14.3439359665,"mean":0.853029668331,"median":0.485690504313,"min":-3.71581339836,"var":3.09579062462},"erbbands_spread":{"dmean":8.64717388153,"dmean2":12.7705392838,"dvar":103.678085327,"dvar2":198.343475342,"max":125.535316467,"mean":33.2196884155,"median":28.5555362701,"min":1.26820361614,"var":474.716278076},"gfcc":{"cov":[[26808.3730469,-2405.69946289,-1855.01940918,1941.17236328,301.463989258,1219.30810547,861.662109375,179.199249268,819.877380371,1147.8347168,22.6018772125,1196.38330078,47.875213623],[-2405.69946289,1596.05065918,-63.757850647,-645.023010254,95.9501953125,-260.740203857,31.9960765839,-133.923187256,91.2742614746,-62.0489044189,74.0488433838,-159.930252075,157.228973389],[-1855.01940918,-63.757850647,725.939758301,109.034370422,-101.196868896,51.9543800354,-221.361434937,16.4726486206,-160.037139893,-79.1257858276,-40.4633369446,-96.9427337646,-17.1476669312],[1941.17236328,-645.023010254,109.034370422,767.451538086,80.941734314,64.3293151855,160.057632446,-79.3791122437,11.4109191895,86.3916397095,-93.2497787476,138.367294312,-57.6747779846],[301.463989258,95.9501953125,-101.196868896,80.941734314,299.581115723,73.7524642944,93.1424026489,-25.309879303,62.3620796204,-4.4935631752,8.94199371338,-3.74652457237,24.0837898254],[1219.30810547,-260.740203857,51.9543800354,64.3293151855,73.7524642944,367.287322998,-29.7087402344,121.961334229,7.03189754486,65.3067245483,2.54900097847,40.3973884583,-3.9050450325],[861.662109375,31.9960765839,-221.361434937,160.057632446,93.1424026489,-29.7087402344,304.470184326,-86.9039611816,78.7760772705,39.428653717,-21.6845302582,69.9328689575,-2.4544904232],[179.199249268,-133.923187256,16.4726486206,-79.3791122437,-25.309879303,121.961334229,-86.9039611816,257.057525635,13.2460250854,10.2691736221,52.5311965942,-9.43135547638,-8.90394210815],[819.877380371,91.2742614746,-160.037139893,11.4109191895,62.3620796204,7.03189754486,78.7760772705,13.2460250854,156.21812439,85.1780853271,21.9890346527,58.1647071838,23.9795322418],[1147.8347168,-62.0489044189,-79.1257858276,86.3916397095,-4.4935631752,65.3067245483,39.428653717,10.2691736221,85.1780853271,139.391662598,34.0988464355,73.8108062744,22.8976516724],[22.6018772125,74.0488433838,-40.4633369446,-93.2497787476,8.94199371338,2.54900097847,-21.6845302582,52.5311965942,21.9890346527,34.0988464355,92.1254043579,22.5408267975,18.8192825317],[1196.38330078,-159.930252075,-96.9427337646,138.367294312,-3.74652457237,40.3973884583,69.9328689575,-9.43135547638,58.1647071838,73.8108062744,22.5408267975,135.29359436,21.0596408844],[47.875213623,157.228973389,-17.1476669312,-57.6747779846,24.0837898254,-3.9050450325,-2.4544904232,-8.90394210815,23.9795322418,22.8976516724,18.8192825317,21.0596408844,91.1735992432]],"icov":[[0.000116225368402,-0.0000338121062669,0.000323187530739,-0.000258138548816,0.0000997157039819,-0.000310650648316,0.000121660756122,-0.0000291107062367,-0.0000237096483033,-0.000336209370289,0.000144176854519,-0.000372343230993,0.00000247436582868],[-0.0000338121062669,0.00206006271765,-0.000884200795554,0.00168932031374,-0.000563449575566,0.000867701543029,-0.00120493071154,0.00104590028059,-0.00162935408298,3.60313606507e-7,-0.00081346166553,0.00197804998606,-0.00223732972518],[0.000323187530739,-0.000884200795554,0.00426720874384,-0.00354502047412,0.00255915638991,-0.00278391246684,0.00244833389297,0.00071082636714,-0.0000219614976231,0.00186166458298,-0.00199717725627,0.00198782980442,-0.00125345343258],[-0.000258138548816,0.00168932031374,-0.00354502047412,0.00728055089712,-0.00525836739689,0.00431682867929,-0.00246695522219,-0.00142220396083,0.00366824353114,-0.00660753343254,0.00748148653656,-0.00564832100645,0.00298478687182],[0.0000997157039819,-0.000563449575566,0.00255915638991,-0.00525836739689,0.0100104017183,-0.0059213321656,-0.000136218965054,0.00368266319856,-0.00751688564196,0.00988782849163,-0.00958979222924,0.00823319517076,-0.00489617930725],[-0.000310650648316,0.000867701543029,-0.00278391246684,0.00431682867929,-0.0059213321656,0.00829566176981,-0.00078848405974,-0.00415503093973,0.00530019681901,-0.00775033887476,0.00732299406081,-0.0048228604719,0.00252127018757],[0.000121660756122,-0.00120493071154,0.00244833389297,-0.00246695522219,-0.000136218965054,-0.00078848405974,0.00700146984309,0.000932980095968,-0.000802073802333,0.0008198346477,0.00073795724893,-0.00200591795146,0.00151182571426],[-0.0000291107062367,0.00104590028059,0.00071082636714,-0.00142220396083,0.00368266319856,-0.00415503093973,0.000932980095968,0.00860488321632,-0.0061683896929,0.00629593199119,-0.00872104149312,0.00595750939101,-0.00237443018705],[-0.0000237096483033,-0.00162935408298,-0.0000219614976231,0.00366824353114,-0.00751688564196,0.00530019681901,-0.000802073802333,-0.0061683896929,0.020959155634,-0.0157834161073,0.0112354364246,-0.0103799346834,0.00525715248659],[-0.000336209370289,3.60313606507e-7,0.00186166458298,-0.00660753343254,0.00988782849163,-0.00775033887476,0.0008198346477,0.00629593199119,-0.0157834161073,0.0288364719599,-0.0174608882517,0.00879494380206,-0.00747893936932],[0.000144176854519,-0.00081346166553,-0.00199717725627,0.00748148653656,-0.00958979222924,0.00732299406081,0.00073795724893,-0.00872104149312,0.0112354364246,-0.0174608882517,0.0304344911128,-0.0161596871912,0.00657989783213],[-0.000372343230993,0.00197804998606,0.00198782980442,-0.00564832100645,0.00823319517076,-0.0048228604719,-0.00200591795146,0.00595750939101,-0.0103799346834,0.00879494380206,-0.0161596871912,0.0273708067834,-0.0107338223606],[0.00000247436582868,-0.00223732972518,-0.00125345343258,0.00298478687182,-0.00489617930725,0.00252127018757,0.00151182571426,-0.00237443018705,0.00525715248659,-0.00747893936932,0.00657989783213,-0.0107338223606,0.0193043649197]],"mean":[-69.4069366455,91.8333358765,-64.3350753784,-5.44115018845,-28.0319747925,-8.85162067413,-8.06835746765,-25.4287033081,-9.74759101868,-7.64616918564,-10.2119436264,-1.11888659,-3.50911259651]},"hfc":{"dmean":34.4970283508,"dmean2":52.7461585999,"dvar":3219.64624023,"dvar2":7452.06933594,"max":1637.53405762,"mean":137.67805481,"median":97.4716033936,"min":1.12933923476e-16,"var":23140.9257812},"melbands":{"dmean":[0.00140736449976,0.000779250229243,0.000595078221522,0.00048407522263,0.000363804108929,0.000323229585774,0.000142073287861,0.000100356483017,0.0000463232172478,0.0000427074519393,0.0000331862938765,0.000072039256338,0.0000306133551931,0.0000322436935676,0.0000214230040001,0.0000179059934453,0.0000151544772962,0.0000113746282295,0.00000891744548426,0.00000806485968496,0.00000596546806264,0.00000416470447817,0.00000406342587667,0.00000415289650846,0.00000420137757828,0.00000404660704589,0.00000387314139516,0.00000460461569673,0.00000421683898821,0.00000412972212871,0.00000324645611727,0.00000253607549894,0.0000021093385385,0.0000016241646108,0.00000119510423247,0.00000134558843001,0.00000175357138232,0.00000115187560823,5.38608162515e-7,2.20139085627e-7],"dmean2":[0.00237285951152,0.00132836471312,0.00098699494265,0.00077881483594,0.000573713856284,0.000469127466204,0.000217635169975,0.000160291878274,0.000074384646723,0.0000695832350175,0.0000536522966286,0.000114381349704,0.0000503769006173,0.0000526641561009,0.0000347751119989,0.0000293234115816,0.0000249998047366,0.0000180451825145,0.0000139684307214,0.0000125589103845,0.0000092651871455,0.00000646622402201,0.00000620184664513,0.0000063324414441,0.00000629030182608,0.00000609933795204,0.00000563500316275,0.00000680858056512,0.00000579736934014,0.00000587717886447,0.0000045488145588,0.00000358659076483,0.00000298353347716,0.00000230978776017,0.0000016409788941,0.00000180114363957,0.00000247494836003,0.00000163160279953,7.37463778933e-7,2.90488799237e-7],"dvar":[0.00000674190960126,0.00000188814067315,0.00000124166160731,9.2080910008e-7,8.82556548731e-7,0.00000106648565179,2.57571315387e-7,1.82268493631e-7,1.45317606837e-8,9.36854505085e-9,5.09397368731e-9,2.34710704206e-8,1.06675006606e-8,5.04124253453e-9,2.53716936349e-9,1.53559132077e-9,9.87715131906e-10,5.13864950591e-10,4.47849368701e-10,4.04533267995e-10,3.0299021625e-10,1.53858828456e-10,3.0586841393e-10,3.58247043142e-10,4.23877238864e-10,5.83555925804e-10,5.84953030458e-10,8.43419056817e-10,6.64957866547e-10,4.1825737318e-10,2.36633462825e-10,9.84331158249e-11,4.07706507444e-11,2.1349103041e-11,8.73274542956e-12,1.17466548641e-11,2.19518292432e-11,8.60439150485e-12,1.99785587379e-12,5.5903767943e-13],"dvar2":[0.0000185079115909,0.00000538573112863,0.00000347338891515,0.00000240250165007,0.00000216009198084,0.00000223551592171,6.69489793381e-7,4.65961647933e-7,3.26245093163e-8,2.23829310642e-8,1.27449757414e-8,5.81255683585e-8,2.69137938602e-8,1.29136097371e-8,6.17716722218e-9,3.96893673482e-9,2.59461740981e-9,1.24174903693e-9,1.10030695666e-9,9.18710330033e-10,6.63764709863e-10,3.74205388898e-10,6.88019530237e-10,7.85384701718e-10,8.96817065055e-10,1.39939249078e-9,1.26634636111e-9,1.88509430288e-9,1.2844773023e-9,8.65165383779e-10,4.72444694477e-10,1.99490035602e-10,7.61424118201e-11,4.34185153109e-11,1.6578927467e-11,2.10094858177e-11,4.37545381871e-11,1.7310101269e-11,3.52974247053e-12,1.00188412254e-12],"max":[0.0541988164186,0.028620839119,0.0216688290238,0.0199946686625,0.0244728010148,0.0313273407519,0.028120867908,0.0198390539736,0.00398293416947,0.00288951816037,0.00229599978775,0.00330279883929,0.00597968650982,0.00307933543809,0.00238979700953,0.000837116793264,0.000881279760506,0.000521292444319,0.000892545445822,0.000575057114474,0.000420052674599,0.000392900692532,0.00060177576961,0.00070610223338,0.000809018209111,0.00105514691677,0.00122977071442,0.00119760434609,0.00124487129506,0.000822999980301,0.000585166504607,0.000408294552471,0.000233754544752,0.00020126333402,0.0000962673148024,0.0000535190665687,0.000073662144132,0.0000385918210668,0.0000210371963476,0.000012175430129],"mean":[0.00246505159885,0.00130161154084,0.00108452129643,0.000885891611688,0.000675111135934,0.000609778158832,0.000252412108239,0.000152175518451,0.0000796330205048,0.000072033595643,0.0000619615238975,0.000124229423818,0.0000514029379701,0.000056519118516,0.0000388438456866,0.0000306807778543,0.0000268015101028,0.0000220512320084,0.0000178927948582,0.000014730238945,0.00000976511728368,0.00000630577960692,0.00000606534558756,0.00000618774583927,0.00000642085205982,0.00000580715959586,0.00000588485318076,0.00000729917746867,0.00000708872221367,0.00000687711826686,0.00000533976253791,0.00000386813735531,0.0000029751195143,0.00000225194094128,0.00000159844273639,0.00000155108693889,0.00000176137587005,0.00000117796469112,6.11282814589e-7,2.47478936899e-7],"median":[0.00152248051018,0.000603185675573,0.000425017846283,0.000395188835682,0.000230901918258,0.000127423350932,0.0000711015818524,0.0000407453990192,0.0000246614963544,0.0000244092061621,0.0000261251952907,0.0000447693601018,0.0000248458545684,0.0000249029508268,0.0000155752059072,0.0000127831854115,0.0000115330021799,0.00000782322968007,0.0000051580973377,0.00000425995267506,0.00000233647733694,0.0000011462141174,7.13943904884e-7,5.15317083227e-7,3.72785024183e-7,3.81752613521e-7,4.8597166824e-7,6.37429025119e-7,6.57141924876e-7,9.20506579405e-7,5.75573835704e-7,3.61262777915e-7,2.83838403448e-7,2.14070908555e-7,1.25084980596e-7,4.91157621241e-8,2.35874395571e-8,1.52032555434e-8,1.25828600872e-8,7.80947129186e-9],"min":[7.27599860588e-24,4.60450340098e-24,2.2688156338e-24,1.73485639466e-24,2.86193332717e-24,2.73992454969e-24,3.75826785326e-24,2.35756307729e-24,4.40138394523e-24,6.55882582985e-24,6.75854450624e-24,5.43111011722e-24,6.46226333859e-24,5.95596097114e-24,3.92461376905e-24,6.57223646524e-24,7.83212818912e-24,1.05551379833e-23,9.70829659039e-24,6.58497775215e-24,1.18455889953e-23,6.69854926781e-24,4.37472872967e-24,5.43999071886e-24,8.80824968488e-24,1.00722304693e-23,9.66531787055e-24,7.44077113859e-24,6.79076000788e-24,6.74442626262e-24,8.89591974158e-24,8.56493579386e-24,1.01441643286e-23,8.06769941036e-24,5.66848506892e-24,7.94118189838e-24,8.35037746055e-24,7.72398482534e-24,7.04876879985e-24,8.19030496111e-24],"var":[0.0000105763947431,0.00000374454134544,0.00000298929921883,0.00000196481050807,0.00000224909717872,0.00000319118225889,5.76947172704e-7,3.29013147393e-7,4.14799039561e-8,2.08395114498e-8,1.16260885363e-8,4.76891806045e-8,1.31392665637e-8,9.58472679002e-9,5.67468871893e-9,2.96108670916e-9,2.06078487608e-9,1.50737511362e-9,1.41205214188e-9,9.20127474213e-10,4.88382834174e-10,2.42754677471e-10,5.98344540581e-10,7.53094253625e-10,1.02643893385e-9,1.0485854407e-9,1.11110243228e-9,2.23895724183e-9,1.97738914132e-9,1.11291242888e-9,6.46148079486e-10,2.57117160896e-10,1.11693668203e-10,5.44656438006e-11,1.89274654977e-11,1.86087777132e-11,2.81001593522e-11,1.1268468797e-11,3.18049666465e-12,8.41325761228e-13]},"melbands_crest":{"dmean":3.7074534893,"dmean2":6.14673089981,"dvar":10.5677366257,"dvar2":28.35887146,"max":37.8697853088,"mean":16.3603897095,"median":15.4246225357,"min":1.73494291306,"var":32.2228050232},"melbands_flatness_db":{"dmean":0.0371934324503,"dmean2":0.0551830083132,"dvar":0.00109646026976,"dvar2":0.00254011549987,"max":0.683471083641,"mean":0.274740070105,"median":0.270327478647,"min":0.00402080873027,"var":0.00749599793926},"melbands_kurtosis":{"dmean":11.5687618256,"dmean2":18.9146556854,"dvar":796.623413086,"dvar2":2207.93310547,"max":726.053710938,"mean":25.6423397064,"median":10.6003627777,"min":-1.85765719414,"var":2808.7746582},"melbands_skewness":{"dmean":0.816450238228,"dmean2":1.29392838478,"dvar":0.828826606274,"dvar2":2.10209560394,"max":17.1558666229,"mean":2.98429536819,"median":2.63863253593,"min":-2.9154458046,"var":3.70006871223},"melbands_spread":{"dmean":4.94147777557,"dmean2":7.31187391281,"dvar":74.5291442871,"dvar2":132.026794434,"max":181.381057739,"mean":14.7057027817,"median":10.6411619186,"min":0.207247182727,"var":276.131195068},"mfcc":{"cov":[[22958.5253906,-953.76385498,-2018.20385742,899.906494141,-223.631484985,1454.96337891,21.2302131653,533.987915039,402.863494873,668.209106445,148.559692383,609.100280762,373.777526855],[-953.76385498,1836.5168457,-228.22265625,-348.125030518,-76.7811813354,-60.7310180664,-97.5042190552,-173.205108643,67.6032333374,-21.7846412659,6.87382793427,-33.5914573669,116.478790283],[-2018.20385742,-228.22265625,750.01373291,-96.793800354,92.1780014038,-194.661239624,10.8517055511,-71.3278427124,-84.2743377686,-54.5550079346,-48.3260765076,-61.1481437683,-82.4851531982],[899.906494141,-348.125030518,-96.793800354,712.438842773,-84.1733474731,255.199920654,-6.4583568573,27.736114502,32.4976921082,-34.8131713867,-14.8130741119,17.8645439148,-3.7018494606],[-223.631484985,-76.7811813354,92.1780014038,-84.1733474731,339.247375488,-20.3261871338,63.3563117981,32.8850440979,4.91486597061,35.9790382385,13.9622688293,-0.251452505589,-21.0806694031],[1454.96337891,-60.7310180664,-194.661239624,255.199920654,-20.3261871338,400.301879883,37.3381767273,32.9590797424,79.1347427368,12.6570529938,-11.2231607437,52.7931747437,23.0268421173],[21.2302131653,-97.5042190552,10.8517055511,-6.4583568573,63.3563117981,37.3381767273,139.211685181,57.3143539429,8.37195396423,13.026099205,7.09023427963,-0.663732409477,-11.6989002228],[533.987915039,-173.205108643,-71.3278427124,27.736114502,32.8850440979,32.9590797424,57.3143539429,136.260910034,26.9109954834,39.3877296448,26.0579490662,10.2014875412,-5.32103490829],[402.863494873,67.6032333374,-84.2743377686,32.4976921082,4.91486597061,79.1347427368,8.37195396423,26.9109954834,108.688369751,28.0340766907,9.53084182739,26.6706523895,17.3912315369],[668.209106445,-21.7846412659,-54.5550079346,-34.8131713867,35.9790382385,12.6570529938,13.026099205,39.3877296448,28.0340766907,107.891441345,30.7732200623,16.4838447571,27.3836612701],[148.559692383,6.87382793427,-48.3260765076,-14.8130741119,13.9622688293,-11.2231607437,7.09023427963,26.0579490662,9.53084182739,30.7732200623,71.9386444092,29.8812656403,17.9868202209],[609.100280762,-33.5914573669,-61.1481437683,17.8645439148,-0.251452505589,52.7931747437,-0.663732409477,10.2014875412,26.6706523895,16.4838447571,29.8812656403,90.7018280029,31.6292896271],[373.777526855,116.478790283,-82.4851531982,-3.7018494606,-21.0806694031,23.0268421173,-11.6989002228,-5.32103490829,17.3912315369,27.3836612701,17.9868202209,31.6292896271,78.6135101318]],"icov":[[0.000100497127278,0.0000343658430211,0.000157614282216,-0.0000140645170177,0.0000494056475873,-0.00021205903613,0.000125493097585,-0.000176941248355,0.00014219066361,-0.000532428326551,0.000299899809761,-0.000446712045232,-0.0000168495789694],[0.0000343658430211,0.000952272152063,0.000356511882273,0.000501046248246,0.0000264230147877,-0.000137433060445,0.000146788603161,0.00113746686839,-0.000897299090866,0.000424135912908,-0.000426112354035,0.000990540371276,-0.00128077808768],[0.000157614282216,0.000356511882273,0.00228949845769,0.0000130697126224,-0.000378354103304,0.000488752848469,-0.000304270506604,0.00109351449646,0.000415129354224,-0.000644345767796,0.00115703989286,-0.000527407391928,0.000989433610812],[-0.0000140645170177,0.000501046248246,0.0000130697126224,0.00225528469309,0.000340587692335,-0.00142306985799,0.000580326013733,0.0000172236759681,-0.000344798376318,0.00115115311928,-0.000607530819252,0.000952990085352,-0.000529033830389],[0.0000494056475873,0.0000264230147877,-0.000378354103304,0.000340587692335,0.00363237620331,-0.00019234084175,-0.00124046381097,-0.000179758106242,-0.000128915824462,-0.00141799263656,-0.000257785432041,-0.000460036069853,0.000945134204812],[-0.00021205903613,-0.000137433060445,0.000488752848469,-0.00142306985799,-0.00019234084175,0.00507200416178,-0.0017627463676,0.000774187326897,-0.00213009095751,0.000679115124512,0.00163233198691,-0.00119223701768,0.000251427118201],[0.000125493097585,0.000146788603161,-0.000304270506604,0.000580326013733,-0.00124046381097,-0.0017627463676,0.0100632840768,-0.00421874504536,0.000554933329113,0.0000549758296984,-0.0000907062494662,0.000303445092868,0.0000463725846203],[-0.000176941248355,0.00113746686839,0.00109351449646,0.0000172236759681,-0.000179758106242,0.000774187326897,-0.00421874504536,0.0131863821298,-0.0027724893298,-0.00140841223765,-0.00345561350696,0.00212249392644,0.00133449572604],[0.00014219066361,-0.000897299090866,0.000415129354224,-0.000344798376318,-0.000128915824462,-0.00213009095751,0.000554933329113,-0.0027724893298,0.0132964681834,-0.00329119293019,0.00153242400847,-0.00348412664607,0.000813161197584],[-0.000532428326551,0.000424135912908,-0.000644345767796,0.00115115311928,-0.00141799263656,0.000679115124512,0.0000549758296984,-0.00140841223765,-0.00329119293019,0.0166062898934,-0.0054746856913,0.0042997286655,-0.00491887610406],[0.000299899809761,-0.000426112354035,0.00115703989286,-0.000607530819252,-0.000257785432041,0.00163233198691,-0.0000907062494662,-0.00345561350696,0.00153242400847,-0.0054746856913,0.0211522132158,-0.00811604689807,-0.000410025560996],[-0.000446712045232,0.000990540371276,-0.000527407391928,0.000952990085352,-0.000460036069853,-0.00119223701768,0.000303445092868,0.00212249392644,-0.00348412664607,0.0042997286655,-0.00811604689807,0.0193456728011,-0.00609105359763],[-0.0000168495789694,-0.00128077808768,0.000989433610812,-0.000529033830389,0.000945134204812,0.000251427118201,0.0000463725846203,0.00133449572604,0.000813161197584,-0.00491887610406,-0.000410025560996,-0.00609105359763,0.0200665295124]],"mean":[-734.98248291,149.809112549,17.8625450134,19.5411968231,-3.31024241447,22.3113422394,-1.08576333523,-0.333353787661,-0.659662902355,-2.57644319534,-7.26156044006,-1.88669669628,-0.966398060322]},"pitch_salience":{"dmean":0.0682627186179,"dmean2":0.111846111715,"dvar":0.0034577390179,"dvar2":0.00930743012577,"max":0.847636461258,"mean":0.548544824123,"median":0.563649892807,"min":0.0821239575744,"var":0.0121738817543},"silence_rate_20dB":{"dmean":0,"dmean2":0,"dvar":0,"dvar2":0,"max":1,"mean":1,"median":1,"min":1,"var":0},"silence_rate_30dB":{"dmean":0.0204488784075,"dmean2":0.0409011542797,"dvar":0.0200283322483,"dvar2":0.0473734810948,"max":1,"mean":0.972487747669,"median":1,"min":0,"var":0.0267581306398},"silence_rate_60dB":{"dmean":0.0136325852945,"dmean2":0.0272674374282,"dvar":0.0134444814175,"dvar2":0.0296821929514,"max":1,"mean":0.231069743633,"median":0,"min":0,"var":0.177648738027},"spectral_centroid":{"dmean":200.659667969,"dmean2":286.761108398,"dvar":88425.2578125,"dvar2":144234.21875,"max":11295.8066406,"mean":868.207458496,"median":657.847900391,"min":151.297286987,"var":471050.5625},"spectral_complexity":{"dmean":2.81363248825,"dmean2":4.21281909943,"dvar":15.5939979553,"dvar2":28.0541267395,"max":61,"mean":13.8591136932,"median":13,"min":0,"var":131.101913452},"spectral_contrast_coeffs":{"dmean":[0.0513998903334,0.0457687936723,0.0342257358134,0.0268375743181,0.0259268824011,0.0340301506221],"dmean2":[0.0847119241953,0.0744875743985,0.057034317404,0.0448286384344,0.0418058857322,0.0513888411224],"dvar":[0.00169069948606,0.00138506595977,0.000747404643334,0.000455196481198,0.00057705148356,0.0012946985662],"dvar2":[0.0045762215741,0.00362728815526,0.00204868311994,0.00121329468675,0.00140389928129,0.00276146782562],"max":[-0.361173480749,-0.43209695816,-0.594858169556,-0.613348722458,-0.608387827873,-0.36728066206],"mean":[-0.653849422932,-0.762640595436,-0.811510264874,-0.829171836376,-0.844243049622,-0.763427197933],"median":[-0.655806720257,-0.769783139229,-0.810762465,-0.827160656452,-0.83942502737,-0.769448637962],"min":[-0.96527338028,-0.976585566998,-0.984845578671,-0.987593352795,-0.980883538723,-0.976966619492],"var":[0.00726062664762,0.0062827183865,0.00311492243782,0.00262008281425,0.00308846845292,0.0099732177332]},"spectral_contrast_valleys":{"dmean":[0.389921069145,0.362691789865,0.326601356268,0.321178287268,0.443099230528,0.659926593304],"dmean2":[0.646910607815,0.586943626404,0.52554500103,0.502008974552,0.65485650301,0.930218875408],"dvar":[0.120103888214,0.106126710773,0.105279475451,0.123770497739,0.208009675145,0.316373646259],"dvar2":[0.296630203724,0.246013849974,0.237830296159,0.275329709053,0.470179885626,0.705257475376],"max":[-5.1696600914,-4.61834955215,-5.25275039673,-5.68155050278,-4.90497016907,-7.79950141907],"mean":[-7.49605703354,-7.1150841713,-7.63677835464,-8.26644134521,-8.67087459564,-11.2734918594],"median":[-6.76792192459,-6.74668264389,-7.06022310257,-7.61361217499,-8.24552726746,-11.1879110336],"min":[-27.5577907562,-27.6261081696,-27.7075004578,-27.4897499084,-27.3869972229,-27.3295135498],"var":[2.8809902668,1.7872389555,2.2671983242,2.75237154961,2.96217465401,2.77163004875]},"spectral_decrease":{"dmean":2.37697350691e-9,"dmean2":3.82913079022e-9,"dvar":1.28722290049e-17,"dvar2":3.37156170699e-17,"max":6.94888679931e-9,"mean":-5.76533176755e-9,"median":-4.3472603295e-9,"min":-5.8076338405e-8,"var":4.1161122703e-17},"spectral_energy":{"dmean":0.00958311185241,"dmean2":0.015150363557,"dvar":0.000203314324608,"dvar2":0.000511022284627,"max":0.245586961508,"mean":0.0342474430799,"median":0.0297396183014,"min":1.03907875921e-20,"var":0.00102574715856},"spectral_energyband_high":{"dmean":0.000711609260179,"dmean2":0.00089687196305,"dvar":0.00000403251488024,"dvar2":0.00000616446823187,"max":0.0859616175294,"mean":0.00129629939329,"median":0.0002183256438,"min":7.11598358599e-21,"var":0.0000158089205797},"spectral_energyband_low":{"dmean":0.00612892908975,"dmean2":0.010339114815,"dvar":0.000102760852315,"dvar2":0.000284070032649,"max":0.179140135646,"mean":0.012898365967,"median":0.00957411248237,"min":6.41833199033e-23,"var":0.000211531543755},"spectral_energyband_middle_high":{"dmean":0.00101619726047,"dmean2":0.00150077114813,"dvar":0.00000373589887204,"dvar2":0.00000753379299567,"max":0.0575612895191,"mean":0.00306385941803,"median":0.00186607684009,"min":1.51020278905e-21,"var":0.0000166705940501},"spectral_energyband_middle_low":{"dmean":0.00427834875882,"dmean2":0.00656119408086,"dvar":0.0000590079944232,"dvar2":0.000142391523696,"max":0.162232324481,"mean":0.0115453917533,"median":0.00637546787038,"min":1.8564338151e-22,"var":0.000246818002779},"spectral_entropy":{"dmean":0.282426297665,"dmean2":0.4132553339,"dvar":0.0852992534637,"dvar2":0.194412693381,"max":9.82000350952,"mean":7.22427797318,"median":7.30542182922,"min":4.10977935791,"var":0.530206203461},"spectral_flux":{"dmean":0.0181193929166,"dmean2":0.0291587021202,"dvar":0.000526005867869,"dvar2":0.00122403749265,"max":0.327624440193,"mean":0.0808647498488,"median":0.081725127995,"min":6.57457630004e-11,"var":0.00315075437538},"spectral_kurtosis":{"dmean":6.87653589249,"dmean2":10.3338336945,"dvar":126.185890198,"dvar2":325.323577881,"max":240.689727783,"mean":17.8538532257,"median":12.3812246323,"min":-1.24055600166,"var":295.361724854},"spectral_rms":{"dmean":0.00069736019941,"dmean2":0.00108776742127,"dvar":7.15678879715e-7,"dvar2":0.00000173856119545,"max":0.0154789220542,"mean":0.00491581950337,"median":0.00538648897782,"min":3.18392122563e-12,"var":0.00000924696723814},"spectral_rolloff":{"dmean":3064.37109375,"dmean2":5756.37060547,"dvar":40056248,"dvar2":101871512,"max":22028.4667969,"mean":14572.3759766,"median":21425.5371094,"min":21.533203125,"var":89741088},"spectral_skewness":{"dmean":0.563499927521,"dmean2":0.81742143631,"dvar":0.498324990273,"dvar2":1.21543490887,"max":13.7716627121,"mean":2.93389415741,"median":2.61830615997,"min":-0.0182498134673,"var":2.12918305397},"spectral_spread":{"dmean":846827,"dmean2":1158129.375,"dvar":897771044864,"dvar2":1630400151550,"max":42449580,"mean":4851433,"median":4525576.5,"min":848378.625,"var":3521012039680},"spectral_strongpeak":{"dmean":3.69664382935,"dmean2":6.75751256943,"dvar":165.833007812,"dvar2":442.191711426,"max":196.620437622,"mean":4.41381978989,"median":0.228683933616,"min":0,"var":242.435562134},"zerocrossingrate":{"dmean":0.0389400422573,"dmean2":0.0487137362361,"dvar":0.00120741885621,"dvar2":0.00183396716602,"max":0.93896484375,"mean":0.31550398469,"median":0.29931640625,"min":0.01025390625,"var":0.0226486548781}},"metadata":{"audio_properties":{"analysis_sample_rate":44100,"bit_rate":192000,"codec":"mp3","downmix":"mix","equal_loudness":0,"length":279.328399658,"lossless":false,"md5_encoded":"09822907ba2a1afa18e3e0224b7a88a0","replay_gain":-8.80001068115,"sample_rate":44100},"tags":{"album":["Bleed Like Me"],"albumartist":["Garbage"],"albumartistsort":["Garbage"],"artist":["Garbage"],"artistsort":["Garbage"],"asin":["B0007Y8A06"],"barcode":["5050467768123"],"date":["2005"],"file_name":"08 It's All Over but the Crying.mp3","label":["A&E Records"],"musicbrainz album release country":["NZ"],"musicbrainz album status":["official"],"musicbrainz album type":["album"],"musicbrainz_albumartistid":["f9ef7a22-4262-4596-a2a8-1d19345b8e50"],"musicbrainz_albumid":["b49f37ed-8a2b-40a2-9433-267c5f5d7341"],"musicbrainz_artistid":["f9ef7a22-4262-4596-a2a8-1d19345b8e50"],"musicbrainz_recordingid":["e7f24cc5-9016-47d9-8b6a-0a836015aa72"],"originaldate":["2005"],"title":["It's All Over but the Crying"],"tracknumber":["8/11"]},"version":{"essentia":"2.1-beta1","essentia_build_sha":"9f04d4dd351e2d05498f0c7e4880499648f24ac0","essentia_git_sha":"v2.1_beta1-34-gf95df8b","extractor":"music 1.0"}},"rhythm":{"beats_count":727,"beats_loudness":{"dmean":0.0193862356246,"dmean2":0.034874856472,"dvar":0.0004025012895,"dvar2":0.00125011685304,"max":0.155444353819,"mean":0.0435590036213,"median":0.0447053946555,"min":7.69396493183e-8,"var":0.00124294194393},"beats_loudness_band_ratio":{"dmean":[0.188748195767,0.126928761601,0.0597917325795,0.0441113114357,0.019144942984,0.136095270514],"dmean2":[0.333586990833,0.220749735832,0.106960147619,0.0776349678636,0.03379644081,0.240536168218],"dvar":[0.0210795756429,0.0129360929132,0.00624621845782,0.00213313382119,0.00102130591404,0.0141629474238],"dvar2":[0.0662669688463,0.0368484407663,0.0172558762133,0.00573886651546,0.00283102504909,0.0436484701931],"max":[0.923670887947,0.760346055031,0.71189647913,0.370375782251,0.284567862749,0.923977553844],"me