{"lowlevel":{"average_loudness":0.726392328739,"barkbands":{"dmean":[0.00311439950019,0.00887336116284,0.00280605116859,0.000854047364555,0.000733637774829,0.000661073077936,0.000595136312768,0.00038889280404,0.0005779475905,0.000819430802949,0.000953870185185,0.00173599750269,0.000905992463231,0.000522523187101,0.000382820813684,0.000326625246089,0.000311267474899,0.000326377834426,0.000228914941545,0.000117979980132,0.0000871867669048,0.0000366021049558,0.0000161708539963,0.00000721618789612,0.00000294211122309,0.0000197013032448,0.000270493910648],"dmean2":[0.00529522029683,0.0150750195608,0.00479437271133,0.0014064903371,0.00120646564756,0.00105262012221,0.000946316751651,0.000636647746433,0.000918080448173,0.00131077051628,0.00151537009515,0.00275947107002,0.00150632986333,0.000859557534568,0.000634398078546,0.000528846750967,0.000512598489877,0.000527167925611,0.000352846662281,0.000179585578735,0.000130639600684,0.0000541889639862,0.0000237499789364,0.0000106080969999,0.00000471992461826,0.0000275423408311,0.000411591172451],"dvar":[0.0000583549808653,0.000446716701845,0.0000411955807067,0.0000017720554979,0.00000179131222922,0.00000204297862183,0.00000195619463739,0.00000118521154491,0.00000173923524471,0.00000239537303059,0.00000397690155296,0.00000761100409363,0.00000287257580567,5.71779310121e-7,4.46705769264e-7,4.39232167082e-7,5.39153347745e-7,8.86566795089e-7,6.253313245e-7,3.09526797082e-7,1.2907206326e-7,3.98645418898e-8,9.09825992323e-10,1.51682055805e-10,2.22335257843e-11,1.27615318313e-9,2.13607094679e-7],"dvar2":[0.000154253750225,0.00119450478815,0.000110212684376,0.00000447876482212,0.00000424463405579,0.00000477517596664,0.00000444917077402,0.00000298874033433,0.00000431130820289,0.00000577633818466,0.00000905113120098,0.0000182096373464,0.00000735135836294,0.00000148083029217,0.00000113183830308,0.00000106221807528,0.00000138624579904,0.00000219491789721,0.00000135671791668,6.77058380916e-7,2.31405920204e-7,8.02971698022e-8,1.82182968711e-9,3.02669611596e-10,5.24421964188e-11,2.38600250668e-9,4.21434975806e-7],"max":[0.10775025934,0.300393998623,0.088493488729,0.0254407059401,0.0451275482774,0.0320045463741,0.0371749512851,0.0433315560222,0.0341622903943,0.0347580462694,0.0742768794298,0.0792638510466,0.0617070570588,0.0146521050483,0.0178843811154,0.0155681697652,0.0132611608133,0.0205376949161,0.0254351254553,0.0244177076966,0.01353060361,0.0128248343244,0.000700515869539,0.000217066903133,0.0000681713208905,0.000517240259796,0.0148716168478],"mean":[0.00350373238325,0.0134292840958,0.0032936767675,0.00128002918791,0.00125827058218,0.00109631754458,0.00115299632307,0.000614741293248,0.000970187422354,0.00147583766375,0.00161828298587,0.0033893850632,0.00168254971504,0.00103519356344,0.000689973589033,0.000530939141754,0.000484451011289,0.000474815984489,0.000381886900868,0.00019640768005,0.000154817840667,0.0000710020103725,0.0000310863288178,0.0000125339538499,0.00000387358613807,0.0000381085847039,0.000880484643858],"median":[0.00132704270072,0.00614336598665,0.00142864522059,0.000625077227596,0.000727721024305,0.000536517531145,0.000413571047829,0.000239498913288,0.000400707329391,0.000563122390304,0.00073749863077,0.00212183198892,0.00109653908294,0.000716679787729,0.000446600170108,0.00026574160438,0.00023232937383,0.000120338292618,0.0000864347166498,0.0000424048339482,0.0000370938541892,0.0000261916175077,0.0000126652312247,0.00000534890114068,0.0000017355040427,0.0000141465916386,0.000693287642207],"min":[1.26906294188e-23,5.28288630857e-23,2.52073134303e-23,2.16080156433e-23,4.9246595228e-23,1.47726857832e-23,4.79635066548e-23,4.42345390677e-23,5.76288450357e-23,6.80286634065e-23,1.43520607309e-22,1.11761042021e-22,1.68360726498e-22,9.19724283482e-23,6.74316345408e-23,7.16938563226e-23,1.96819003561e-22,2.66890501167e-22,2.48823693172e-22,2.63697747581e-22,4.93411064443e-22,7.44837165564e-22,7.15534251975e-22,8.90059566727e-22,1.39393524342e-21,1.61738083951e-21,2.45193277031e-21],"var":[0.0000512192455062,0.000519986730069,0.0000380079618481,0.00000324618281411,0.00000424562585977,0.00000402840714742,0.00000571938880967,0.00000208173446481,0.00000355725296686,0.00000608496429777,0.0000081252956079,0.0000175100813067,0.00000492412982567,0.00000129488159928,7.90243745996e-7,8.37737047732e-7,7.18856028925e-7,0.00000142660087477,0.00000153812607095,7.9227555716e-7,3.96614552756e-7,6.7886723798e-8,2.25126717268e-9,3.37930738947e-10,3.46552231356e-11,3.30491989331e-9,9.33385763346e-7]},"barkbands_crest":{"dmean":2.63215708733,"dmean2":4.38880395889,"dvar":6.16488456726,"dvar2":16.4670600891,"max":24.7591533661,"mean":9.18968105316,"median":8.14099502563,"min":2.41521811485,"var":17.4047679901},"barkbands_flatness_db":{"dmean":0.0219799540937,"dmean2":0.0356416553259,"dvar":0.000499960791785,"dvar2":0.00132152216975,"max":0.556929290295,"mean":0.125770390034,"median":0.113683722913,"min":0.0279537606984,"var":0.00311506306753},"barkbands_kurtosis":{"dmean":3.23125767708,"dmean2":5.27558660507,"dvar":201.908355713,"dvar2":514.261352539,"max":610.353820801,"mean":5.94043874741,"median":1.48606491089,"min":-1.8535490036,"var":775.224487305},"barkbands_skewness":{"dmean":0.519785046577,"dmean2":0.831469714642,"dvar":0.402489572763,"dvar2":1.00144851208,"max":20.0337314606,"mean":1.40388560295,"median":1.0902775526,"min":-1.90474879742,"var":2.25486159325},"barkbands_spread":{"dmean":6.03897047043,"dmean2":9.73007488251,"dvar":42.1530609131,"dvar2":105.724281311,"max":129.343231201,"mean":31.1102256775,"median":29.6531066895,"min":0.228840902448,"var":195.590835571},"dissonance":{"dmean":0.0185475219041,"dmean2":0.0317824333906,"dvar":0.000492662540637,"dvar2":0.0013584040571,"max":0.500000178814,"mean":0.473375350237,"median":0.480737268925,"min":0.0503133013844,"var":0.000681749079376},"dynamic_complexity":3.53763508797,"erbbands":{"dmean":[0.427807837725,1.47706949711,2.97006464005,3.10947418213,2.47386980057,2.47956347466,3.9076833725,6.13089323044,6.87415933609,10.6236209869,8.51977157593,12.4703636169,20.686788559,24.1058959961,42.4455795288,71.2458572388,42.4769096375,24.8278198242,20.318441391,18.6810245514,17.1022396088,17.1072158813,17.3362846375,15.0288658142,8.41201400757,5.49599981308,4.8229393959,2.39277100563,1.41411352158,0.825715065002,0.410052806139,0.218259438872,0.087634332478,0.035186290741,0.0211693830788,0.0272378940135,0.0443075820804,0.0360542237759,0.0196854006499,0.00705502834171],"dmean2":[0.724589347839,2.53432679176,5.07953310013,5.17839956284,4.12183332443,4.05522871017,6.41105318069,9.7575969696,10.8727684021,17.0564079285,13.8249397278,20.0941944122,32.8022422791,38.4484825134,67.3000335693,113.467720032,70.2714614868,40.5755882263,33.4643783569,31.0504703522,27.1451911926,28.0289916992,28.1296768188,23.4209918976,12.8613128662,8.21348667145,7.09121131897,3.59544324875,2.11134457588,1.22645425797,0.597313225269,0.318701803684,0.131234526634,0.0557858683169,0.0337830074131,0.0402061119676,0.0619800016284,0.0508769005537,0.0281835030764,0.0107386261225],"dvar":[1.21608221531,10.0198602676,41.2656021118,31.3257160187,14.6176557541,28.249786377,65.2000427246,215.427963257,413.247680664,670.28125,510.020874023,999.018310547,1823.20654297,2147.72290039,5981.26806641,15404.75,6080.56494141,1261.57922363,1118.82556152,1265.36450195,1300.37414551,1718.27429199,2456.24487305,2442.96289062,907.197692871,734.760131836,450.436981201,104.971382141,68.8468856812,8.7366104126,0.538056194782,0.149795427918,0.0199696999043,0.00300509575754,0.00117331149522,0.0020268491935,0.00673133740202,0.0174376703799,0.00440004374832,0.000102084464743],"dvar2":[3.2394015789,27.4847011566,110.242736816,80.8120346069,38.5457038879,63.5288619995,148.322570801,510.625,904.651733398,1675.39123535,1268.52807617,2590.82910156,4146.03320312,5185.49853516,13647.7597656,37019.8085938,15542.3457031,3254.32568359,2832.15527344,3250.99023438,3001.5847168,4388.64892578,6132.11132812,5503.59960938,1864.53161621,1640.22546387,823.005249023,181.68888855,137.038162231,20.3093986511,1.06123650074,0.296546459198,0.0406611412764,0.00699152145535,0.00275250058621,0.00410132436082,0.0128744225949,0.0390431955457,0.00763559481129,0.000216436179471],"max":[14.3874750137,52.6596908569,94.5829772949,97.3798828125,95.2606658936,243.315383911,288.587890625,373.11807251,659.731262207,734.672668457,771.958618164,1007.95513916,949.591064453,1109.18786621,3459.60229492,3323.09399414,2450.2421875,795.152587891,871.422668457,1020.58166504,1072.74157715,778.404052734,868.160766602,1362.97741699,977.787109375,1320.51171875,614.882507324,459.989837646,495.474273682,193.080932617,11.6666488647,5.95822906494,2.28006362915,0.782658457756,0.622693002224,0.665613472462,1.11673343182,9.6988735199,2.16678929329,0.278841823339],"mean":[0.636159479618,2.02479696274,3.69174385071,4.49095058441,4.02548742294,3.88397407532,6.40167093277,9.84859085083,12.6894187927,20.2759933472,14.5029859543,20.9894142151,36.6248626709,50.4732589722,88.5539245605,142.076538086,86.3268966675,53.9899597168,42.2145576477,33.0608634949,29.9781589508,27.3482246399,25.516992569,24.5703773499,14.7201576233,9.31412887573,8.2624464035,4.42781639099,2.67881035805,1.65673792362,0.769390463829,0.385890513659,0.147444412112,0.0498241744936,0.0280207246542,0.0467518009245,0.0832960531116,0.085619956255,0.052205581218,0.0285170264542],"median":[0.210182234645,1.05655372143,1.82137072086,2.23465275764,2.35288381577,1.98676371574,3.24617195129,4.58776664734,4.81027698517,6.67525959015,6.22739839554,8.98169517517,16.292930603,24.1707630157,54.8206977844,87.5664749146,58.5528297424,40.6544456482,28.9893054962,22.1242218018,15.2255792618,13.3941326141,7.33070468903,5.40917778015,3.72127890587,2.00786495209,1.61354541779,1.35159397125,0.96519356966,0.652434587479,0.311300963163,0.157522827387,0.0656042844057,0.0237249396741,0.0125255426392,0.0197235774249,0.0296718962491,0.0332773625851,0.0209616925567,0.0262205787003],"min":[2.27481534697e-21,9.11759587849e-21,2.62431741191e-20,6.11006717609e-20,5.90605923387e-20,1.95198042176e-19,1.73947281101e-19,1.897005869e-19,6.9097705289e-19,7.35426430286e-19,7.60817928261e-19,1.37645159695e-18,1.40360545492e-18,6.42915543195e-18,2.89583669502e-18,5.89636591786e-18,7.19994135188e-18,3.78351295488e-18,4.24041691957e-18,4.10825248284e-18,5.93159678092e-18,1.16021047548e-17,1.4482838993e-17,1.07372667449e-17,1.40782566836e-17,1.38372228706e-17,1.59265322054e-17,2.19600885094e-17,2.33313322806e-17,2.57387107589e-17,2.22331788799e-17,2.02808440371e-17,1.23987888726e-17,1.40446781138e-17,1.07031430631e-17,6.8588401914e-18,2.73246583571e-18,1.40215013403e-18,2.88961795118e-19,3.58806295866e-20],"var":[1.52092385292,10.1292600632,39.075843811,43.7638435364,28.2503318787,67.7475585938,139.979232788,373.841552734,1197.42504883,1776.67944336,965.009521484,1901.39746094,3994.8112793,6414.87646484,13985.7519531,35594.8476562,11928.4414062,3058.69555664,2465.52514648,1850.96533203,3003.66381836,2280.27148438,3625.85961914,5575.76025391,2454.32470703,1823.08459473,1370.55273438,288.192199707,117.557685852,14.0869226456,1.33483970165,0.335727632046,0.0436379127204,0.00497701065615,0.00188707490452,0.00458303652704,0.0163998268545,0.0321592316031,0.0175720173866,0.000538585882168]},"erbbands_crest":{"dmean":2.68353056908,"dmean2":4.40106916428,"dvar":5.86201810837,"dvar2":14.7714757919,"max":31.7318992615,"mean":10.0478343964,"median":9.1734085083,"min":2.13689827919,"var":17.9796066284},"erbbands_flatness_db":{"dmean":0.0200251936913,"dmean2":0.0304288994521,"dvar":0.000348936533555,"dvar2":0.000803071132395,"max":0.377139061689,"mean":0.162914872169,"median":0.158394008875,"min":0.0270420778543,"var":0.00204298063181},"erbbands_kurtosis":{"dmean":1.41082799435,"dmean2":2.2027156353,"dvar":3.25076079369,"dvar2":7.86759281158,"max":46.749004364,"mean":2.49944376945,"median":1.65848827362,"min":-1.55713808537,"var":9.70342731476},"erbbands_skewness":{"dmean":0.362215548754,"dmean2":0.569946229458,"dvar":0.101509697735,"dvar2":0.243083968759,"max":3.62474560738,"mean":-0.297150701284,"median":-0.248947948217,"min":-4.14767551422,"var":0.506810128689},"erbbands_spread":{"dmean":4.46702575684,"dmean2":7.00967550278,"dvar":21.4827957153,"dvar2":51.2606277466,"max":105.089927673,"mean":19.3727169037,"median":17.3173141479,"min":1.4177107811,"var":117.448638916},"gfcc":{"cov":[[10381.2558594,-478.928436279,-888.552429199,229.282318115,75.1917190552,-308.794830322,305.960723877,43.7494544983,80.7200317383,-28.9097270966,-0.00471651693806,170.624160767,-110.983184814],[-478.928436279,892.059753418,65.8601150513,-318.958892822,105.207847595,61.7957611084,-7.0804400444,-80.9694824219,57.6744041443,-8.74845218658,63.0127449036,-77.8918380737,99.5903320312],[-888.552429199,65.8601150513,424.10446167,149.186935425,-53.3885345459,118.916213989,-87.9292144775,47.4099388123,-26.491147995,30.6091194153,-2.28710222244,16.3244342804,25.5214862823],[229.282318115,-318.958892822,149.186935425,397.735168457,35.4641075134,-65.1991119385,29.1573524475,71.3517303467,-32.6503448486,12.6696166992,-12.9983348846,42.9610176086,-25.4630832672],[75.1917190552,105.207847595,-53.3885345459,35.4641075134,200.038253784,4.83263349533,39.2688331604,-10.9365634918,3.38470244408,-36.5343894958,28.9416637421,-3.70096468925,39.9442749023],[-308.794830322,61.7957611084,118.916213989,-65.1991119385,4.83263349533,219.640792847,-30.946767807,12.5323877335,-19.436126709,3.83227705956,-5.70621156693,9.56532382965,21.4972858429],[305.960723877,-7.0804400444,-87.9292144775,29.1573524475,39.2688331604,-30.946767807,127.206001282,6.14994096756,24.6712722778,0.240334644914,1.43431043625,5.35866546631,-14.0273017883],[43.7494544983,-80.9694824219,47.4099388123,71.3517303467,-10.9365634918,12.5323877335,6.14994096756,127.855484009,34.8901977539,23.5593585968,3.34649825096,4.53981542587,9.98027896881],[80.7200317383,57.6744041443,-26.491147995,-32.6503448486,3.38470244408,-19.436126709,24.6712722778,34.8901977539,108.349098206,48.6738090515,5.3084654808,-2.98899483681,-0.425548970699],[-28.9097270966,-8.74845218658,30.6091194153,12.6696166992,-36.5343894958,3.83227705956,0.240334644914,23.5593585968,48.6738090515,93.8061676025,28.5329914093,-6.78951263428,0.0317032001913],[-0.00471651693806,63.0127449036,-2.28710222244,-12.9983348846,28.9416637421,-5.70621156693,1.43431043625,3.34649825096,5.3084654808,28.5329914093,75.1775131226,22.3954620361,20.4845581055],[170.624160767,-77.8918380737,16.3244342804,42.9610176086,-3.70096468925,9.56532382965,5.35866546631,4.53981542587,-2.98899483681,-6.78951263428,22.3954620361,78.79296875,10.7375068665],[-110.983184814,99.5903320312,25.5214862823,-25.4630832672,39.9442749023,21.4972858429,-14.0273017883,9.98027896881,-0.425548970699,0.0317032001913,20.4845581055,10.7375068665,88.6707458496]],"icov":[[0.00015326468565,-0.00024983662297,0.000696128641721,-0.000529124052264,0.000258993561147,-0.000213271021494,0.00012144001812,-0.000120078097098,0.0000106039497041,-0.0000823697992018,0.000166851983522,-0.00046643265523,0.000105904509837],[-0.00024983662297,0.00444609159604,-0.00470688939095,0.00461995042861,-0.00211609178223,0.00154625298455,-0.00245232856832,0.00220242934301,-0.00264096981846,0.00266625452787,-0.00375407701358,0.00466806814075,-0.00239398563281],[0.000696128641721,-0.00470688939095,0.0123685169965,-0.0109353261068,0.00688226846978,-0.00698731932789,0.00557221192867,-0.000375066127162,-0.00136759516317,0.000972579407971,-0.000405354716349,-0.00169955275487,-0.000732413027436],[-0.000529124052264,0.00461995042861,-0.0109353261068,0.0162326339632,-0.0110463770106,0.00944252684712,-0.00489938259125,-0.0044372510165,0.00816066376865,-0.00866737961769,0.00710930023342,-0.00486402446404,0.00335789751261],[0.000258993561147,-0.00211609178223,0.00688226846978,-0.0110463770106,0.0161647759378,-0.00778636755422,0.000334420736181,0.00493387458846,-0.00971538759768,0.0139132104814,-0.0123188346624,0.00857193954289,-0.00659247953445],[-0.000213271021494,0.00154625298455,-0.00698731932789,0.00944252684712,-0.00778636755422,0.0115831168368,-0.00201567145996,-0.00410580867901,0.00773970969021,-0.00826690718532,0.00795650295913,-0.00613039499149,0.00250606471673],[0.00012144001812,-0.00245232856832,0.00557221192867,-0.00489938259125,0.000334420736181,-0.00201567145996,0.0125215714797,-0.000842843786813,-0.00166287412867,-0.000710173102561,0.00142002827488,-0.00255194795318,0.00228258199058],[-0.000120078097098,0.00220242934301,-0.000375066127162,-0.0044372510165,0.00493387458846,-0.00410580867901,-0.000842843786813,0.0145941469818,-0.0110022956505,0.00830972846597,-0.00877653248608,0.00847106892616,-0.00584740936756],[0.0000106039497041,-0.00264096981846,-0.00136759516317,0.00816066376865,-0.00971538759768,0.00773970969021,-0.00166287412867,-0.0110022956505,0.0273842848837,-0.0228018052876,0.0175014808774,-0.014306044206,0.00702080177143],[-0.0000823697992018,0.00266625452787,0.000972579407971,-0.00866737961769,0.0139132104814,-0.00826690718532,-0.000710173102561,0.00830972846597,-0.0228018052876,0.0365322120488,-0.025958172977,0.0192667916417,-0.00763638596982],[0.000166851983522,-0.00375407701358,-0.000405354716349,0.00710930023342,-0.0123188346624,0.00795650295913,0.00142002827488,-0.00877653248608,0.0175014808774,-0.025958172977,0.0369699262083,-0.0218461621553,0.00561429793015],[-0.00046643265523,0.00466806814075,-0.00169955275487,-0.00486402446404,0.00857193954289,-0.00613039499149,-0.00255194795318,0.00847106892616,-0.014306044206,0.0192667916417,-0.0218461621553,0.0307356826961,-0.00921732001007],[0.000105904509837,-0.00239398563281,-0.000732413027436,0.00335789751261,-0.00659247953445,0.00250606471673,0.00228258199058,-0.00584740936756,0.00702080177143,-0.00763638596982,0.00561429793015,-0.00921732001007,0.0185111332685]],"mean":[4.41569137573,89.3329086304,-100.318969727,-12.6320228577,-1.15091741085,0.858841121197,4.40690088272,-17.583688736,-2.83778166771,-7.59681367874,-0.891266822815,3.41475749016,-9.91364574432]},"hfc":{"dmean":31.3076171875,"dmean2":49.1269569397,"dvar":1449.27478027,"dvar2":3460.06933594,"max":600.686828613,"mean":135.483383179,"median":133.686691284,"min":1.16941964268e-16,"var":7439.16992188},"melbands":{"dmean":[0.00310120079666,0.00158801022917,0.000502659124322,0.000167476609931,0.000127710343804,0.000134185509523,0.000105883314973,0.000106548526674,0.0000763358257245,0.0000810246856418,0.000108102387458,0.000101450248621,0.000146280275658,0.000204496071092,0.00013936717005,0.0000738195958547,0.0000488088517159,0.0000372273316316,0.0000287746679533,0.0000240887657128,0.0000208463661693,0.000019131874069,0.0000173091993929,0.0000155421766976,0.000012836237147,0.00000789041860116,0.00000472678175356,0.00000366538620256,0.00000346455954059,0.00000220828587771,0.00000123029531096,8.86891939444e-7,6.75940896144e-7,4.19621215997e-7,2.53605662692e-7,1.88032089454e-7,1.20636755696e-7,6.9402986469e-8,3.93457462167e-8,2.69016187104e-8],"dmean2":[0.00527090439573,0.00271436665207,0.000834669277538,0.00027481521829,0.000208958648727,0.000212393933907,0.000167802922078,0.000171719497303,0.000123666293803,0.000130200292915,0.000171617139131,0.000162763230037,0.00023217103444,0.000325031258399,0.000226665521041,0.000122594472487,0.00008032907499,0.0000616760589764,0.0000477098765259,0.0000398937190766,0.0000332820745825,0.0000316936675517,0.0000284796406049,0.0000252345726039,0.0000202262181119,0.0000123129957501,0.00000736534957468,0.0000055350465118,0.0000051186671044,0.00000338845075021,0.00000187343493963,0.00000135783966471,0.0000010336672176,6.34750790596e-7,3.75286049348e-7,2.79960232774e-7,1.80139323902e-7,1.05604065936e-7,6.10713328797e-8,4.35783640285e-8],"dvar":[0.0000611270806985,0.0000092539776233,7.59870431466e-7,8.79825350353e-8,6.94087205488e-8,9.55092289701e-8,8.12785359017e-8,7.23218605003e-8,3.70220654133e-8,3.91248917708e-8,4.79589949975e-8,3.96282864301e-8,8.78139729821e-8,9.73171978558e-8,6.20182092348e-8,1.43440992417e-8,5.02118169265e-9,3.76109765554e-9,2.7254105639e-9,2.34115193898e-9,1.92276483624e-9,1.9947703489e-9,2.28600005592e-9,2.15808659831e-9,1.91490800994e-9,8.08811517761e-10,3.70560443441e-10,4.17034046185e-10,2.64319038878e-10,8.72863864521e-11,2.97822842776e-11,2.84936622907e-11,1.62746240095e-11,9.54087503446e-13,2.11805833289e-13,1.1831489022e-13,4.63767885856e-14,1.36481419292e-14,3.58721417778e-15,1.88574161542e-15],"dvar2":[0.000162814671057,0.0000246534327744,0.00000197189046958,2.07804404795e-7,1.57826406166e-7,2.25337629445e-7,1.8049360051e-7,1.82535558224e-7,9.13045781203e-8,9.91766739844e-8,1.09852869912e-7,9.64185744579e-8,1.99282766289e-7,2.3081761924e-7,1.6314110951e-7,3.69869930239e-8,1.30582966662e-8,9.68615765373e-9,6.96795376953e-9,6.03074612471e-9,4.45873560295e-9,5.14920550643e-9,5.89001114548e-9,5.29944355065e-9,4.40040270888e-9,1.8086702136e-9,8.06110900253e-10,9.67784075101e-10,5.09024600248e-10,1.68354011287e-10,5.18815129746e-11,5.72746572391e-11,4.06946178144e-11,2.10200585236e-12,4.39048347374e-13,2.44079956984e-13,9.63754358436e-14,2.89865618216e-14,7.92666137535e-15,4.56104075745e-15],"max":[0.0963310226798,0.0376038067043,0.0145915597677,0.0124201951548,0.0110101755708,0.00739037012681,0.00872469693422,0.00951524171978,0.00536734843627,0.00620678858832,0.00492681795731,0.00503832474351,0.0112309958786,0.00699706794694,0.00941326376051,0.00289094634354,0.00178082287312,0.00134442432318,0.00141770916525,0.0011479643872,0.00134644296486,0.000961160636507,0.000781673530582,0.00121820124332,0.00128043291625,0.000920380174648,0.000702724908479,0.00111184210982,0.000503741088323,0.000383550330298,0.000237277636188,0.000256741361227,0.000303712702589,0.0000368287765014,0.00000849474872666,0.00000587564773014,0.00000361070760846,0.00000196816631615,7.23548055248e-7,6.49274170428e-7],"mean":[0.00465220678598,0.00218717264943,0.000781397684477,0.000277333339909,0.000215945910895,0.000222242189921,0.000200738242711,0.000198966430617,0.000122554221889,0.000133495545015,0.000185934637557,0.000200860144105,0.000267325260211,0.00039697549073,0.000275173864793,0.000142490738654,0.0000961801633821,0.0000712942055543,0.0000499022935401,0.000037809368223,0.0000344177351508,0.0000290356583719,0.0000239127039094,0.0000223347815336,0.0000200748690986,0.0000127235707623,0.00000744115050111,0.00000587164231547,0.00000562168816032,0.00000365902747035,0.00000219409412239,0.00000155909992827,0.00000121058531022,8.06298544376e-7,4.5304952323e-7,3.16694467983e-7,2.0330023176e-7,1.12865031099e-7,5.95118230251e-8,3.47262485434e-8],"median":[0.00192856579088,0.00124717573635,0.000433317676652,0.000158477312652,0.000113404705189,0.000104441998701,0.0000787011085777,0.0000676938361721,0.0000475408851344,0.0000551674311282,0.0000782241550041,0.0000872111268109,0.000140761301736,0.00023882939422,0.000179286478669,0.0000962973572314,0.0000693449546816,0.0000460710980406,0.0000322280175169,0.0000213526527659,0.0000159583250934,0.000014115614249,0.00000750545041228,0.00000530554598299,0.00000407970583183,0.00000298915165331,0.0000018633363652,0.00000113028181659,9.91337969936e-7,8.5574242803e-7,7.17899808933e-7,5.40715063835e-7,4.42692169145e-7,3.18903573771e-7,1.8121600931e-7,1.21026346278e-7,8.23605574851e-8,4.87811568917e-8,2.79735470343e-8,1.56792836492e-8],"min":[1.76119507978e-23,1.30376185654e-23,9.95650536333e-24,8.35919140345e-24,7.8209942063e-24,4.24434619368e-24,1.03355514506e-23,9.12126732549e-24,6.05395800595e-24,8.88868509822e-24,6.37931027567e-24,2.474184132e-23,1.24503857744e-23,8.77050900145e-24,2.58744104993e-23,9.98437345253e-24,6.86902132057e-24,7.08465408243e-24,6.10280979523e-24,4.29235745167e-24,7.91657653788e-24,1.21874324023e-23,1.33975434532e-23,1.16065388975e-23,7.87466593571e-24,1.02462216305e-23,8.79850488612e-24,9.57196012672e-24,6.60155014204e-24,1.47671621791e-23,1.22150362231e-23,1.24289082474e-23,1.57972741041e-23,1.26761538212e-23,1.28761592485e-23,1.18280194853e-23,1.27384619998e-23,8.31999921595e-24,8.87328258905e-24,1.28926101538e-23],"var":[0.0000708455045242,0.00000945162446442,0.00000108955748601,2.31158637121e-7,1.50868544324e-7,1.79686864499e-7,2.35528986536e-7,1.77936570367e-7,7.36961922598e-8,7.57520979278e-8,1.04717599925e-7,1.14239377069e-7,1.83440846513e-7,2.39710232108e-7,1.27358106283e-7,3.00815798937e-8,1.06799049604e-8,7.76584041517e-9,4.34452163134e-9,3.17127457627e-9,4.50461090651e-9,2.53974041797e-9,2.91229484972e-9,3.52903661849e-9,4.12949807682e-9,1.85250637053e-9,8.56399451354e-10,8.83121853423e-10,7.25128179724e-10,2.4103466445e-10,7.11049344404e-11,4.62973374915e-11,1.84187040619e-11,2.0592262704e-12,4.81776131576e-13,2.44078249365e-13,9.63423609011e-14,2.73792981695e-14,6.76792707977e-15,2.75817919834e-15]},"melbands_crest":{"dmean":4.24286603928,"dmean2":7.01410198212,"dvar":16.5090637207,"dvar2":42.7140159607,"max":36.8434410095,"mean":15.3944301605,"median":13.8887701035,"min":1.76714122295,"var":47.7968254089},"melbands_flatness_db":{"dmean":0.0299277883023,"dmean2":0.0485410876572,"dvar":0.000833373633213,"dvar2":0.00221000448801,"max":0.742374300957,"mean":0.229916214943,"median":0.217857077718,"min":0.00546830752864,"var":0.00506496848539},"melbands_kurtosis":{"dmean":5.23377561569,"dmean2":8.54819202423,"dvar":351.893554688,"dvar2":867.326721191,"max":867.217407227,"mean":8.08078765869,"median":1.02397155762,"min":-1.86698663235,"var":1283.06115723},"melbands_skewness":{"dmean":0.739228248596,"dmean2":1.1837567091,"dvar":0.676007926464,"dvar2":1.68788337708,"max":20.8812274933,"mean":1.73951971531,"median":1.34219646454,"min":-3.78073573112,"var":3.62955880165},"melbands_spread":{"dmean":6.95714187622,"dmean2":11.1153068542,"dvar":68.1345672607,"dvar2":151.647766113,"max":193.475082397,"mean":28.4088840485,"median":27.8169689178,"min":0.171666294336,"var":249.540161133},"mfcc":{"cov":[[8649.11621094,-479.17880249,-844.946411133,558.547607422,-303.12322998,7.64052152634,-73.4406738281,264.234100342,-90.0698852539,109.18421936,49.6975860596,30.0023899078,-138.647476196],[-479.17880249,1089.3482666,-27.8315944672,-309.765441895,69.8908233643,69.311050415,16.3224487305,-87.559967041,34.6658248901,-18.2160148621,-5.68402910233,0.656868815422,60.2525596619],[-844.946411133,-27.8315944672,503.108551025,-9.27684402466,81.7325744629,22.0549259186,-0.383092403412,-15.8022613525,15.0273237228,6.37290525436,-20.6074256897,9.09666824341,32.8636894226],[558.547607422,-309.765441895,-9.27684402466,440.11126709,-1.04485404491,-45.7932090759,24.1974563599,38.9286727905,-3.03965544701,8.74600696564,21.764509201,7.68171310425,-19.9488945007],[-303.12322998,69.8908233643,81.7325744629,-1.04485404491,170.870010376,27.6105480194,42.3498573303,6.69783687592,13.2511854172,-19.6666431427,-18.6624393463,5.45858001709,21.835483551],[7.64052152634,69.311050415,22.0549259186,-45.7932090759,27.6105480194,130.9949646,30.1813278198,6.98229026794,-2.3156273365,-8.67588806152,-23.1683139801,-0.439592480659,13.6773605347],[-73.4406738281,16.3224487305,-0.383092403412,24.1974563599,42.3498573303,30.1813278198,104.628669739,21.7444229126,4.20052146912,-18.8566513062,-11.1561136246,-5.52453231812,6.4903383255],[264.234100342,-87.559967041,-15.8022613525,38.9286727905,6.69783687592,6.98229026794,21.7444229126,111.565177917,7.54652166367,-2.96298456192,-7.96693754196,-4.4658703804,-16.6070041656],[-90.0698852539,34.6658248901,15.0273237228,-3.03965544701,13.2511854172,-2.3156273365,4.20052146912,7.54652166367,87.5488357544,34.5786247253,6.71358013153,7.95234632492,6.6074681282],[109.18421936,-18.2160148621,6.37290525436,8.74600696564,-19.6666431427,-8.67588806152,-18.8566513062,-2.96298456192,34.5786247253,82.3446884155,39.1899909973,12.4734611511,-3.33177924156],[49.6975860596,-5.68402910233,-20.6074256897,21.764509201,-18.6624393463,-23.1683139801,-11.1561136246,-7.96693754196,6.71358013153,39.1899909973,78.140914917,26.9404067993,-1.26584208012],[30.0023899078,0.656868815422,9.09666824341,7.68171310425,5.45858001709,-0.439592480659,-5.52453231812,-4.4658703804,7.95234632492,12.4734611511,26.9404067993,55.745803833,25.413438797],[-138.647476196,60.2525596619,32.8636894226,-19.9488945007,21.835483551,13.6773605347,6.4903383255,-16.6070041656,6.6074681282,-3.33177924156,-1.26584208012,25.413438797,62.9062614441]],"icov":[[0.000184964053915,-0.0000350845257344,0.000277180253761,-0.000237694126554,0.000156465073815,-0.000164401164511,0.000171388426679,-0.000375447358238,0.00030062533915,-0.000411210523453,0.000280483043753,-0.0003003977763,0.000159367962624],[-0.0000350845257344,0.00135864084587,0.000187283105333,0.000864882371388,-0.000498659152072,-0.000355262804078,-0.000160419716849,0.000869465467986,-0.000752291816752,0.000594386889134,-0.000708070234396,0.00067086139461,-0.000880572246388],[0.000277180253761,0.000187283105333,0.0027271732688,-0.000283641886199,-0.000932720548008,-0.000436925183749,0.000678599113598,-0.000172971762368,0.000347570690792,-0.00125952938106,0.00108651677147,-0.000387547042919,-0.00070486671757],[-0.000237694126554,0.000864882371388,-0.000283641886199,0.0033634644933,-0.000515502295457,0.000994865316898,-0.00119307090063,0.000204074720386,-0.000424123369157,0.000549681484699,-0.00104584591463,0.0000918782316148,0.0000176205448952],[0.000156465073815,-0.000498659152072,-0.000932720548008,-0.000515502295457,0.00790037214756,-0.000567985582165,-0.00224444991909,-0.00071768835187,-0.00090901326621,0.00116040254943,0.000966600491665,-0.00115037022624,-0.000789309036918],[-0.000164401164511,-0.000355262804078,-0.000436925183749,0.000994865316898,-0.000567985582165,0.00954932905734,-0.0027139224112,-0.000415139074903,0.00108156190254,-0.00141867890488,0.00288265221752,-0.000948290748056,-0.000934644427616],[0.000171388426679,-0.000160419716849,0.000678599113598,-0.00119307090063,-0.00224444991909,-0.0027139224112,0.0126892598346,-0.00226126145571,-0.00103066139854,0.00247705797665,-0.00125266518444,0.00205339165404,-0.00135379552376],[-0.000375447358238,0.000869465467986,-0.000172971762368,0.000204074720386,-0.00071768835187,-0.000415139074903,-0.00226126145571,0.0115320282057,-0.00214286777191,0.00117500929628,0.000547752715647,-0.000443768687546,0.00258950260468],[0.00030062533915,-0.000752291816752,0.000347570690792,-0.000424123369157,-0.00090901326621,0.00108156190254,-0.00103066139854,-0.00214286777191,0.0158813111484,-0.00904362183064,0.00356537871994,-0.00203479570337,-0.000565261347219],[-0.000411210523453,0.000594386889134,-0.00125952938106,0.000549681484699,0.00116040254943,-0.00141867890488,0.00247705797665,0.00117500929628,-0.00904362183064,0.022320587188,-0.0109261004254,0.00192998559214,0.000449532089988],[0.000280483043753,-0.000708070234396,0.00108651677147,-0.00104584591463,0.000966600491665,0.00288265221752,-0.00125266518444,0.000547752715647,0.00356537871994,-0.0109261004254,0.023265523836,-0.0113767357543,0.00381973665208],[-0.0003003977763,0.00067086139461,-0.000387547042919,0.0000918782316148,-0.00115037022624,-0.000948290748056,0.00205339165404,-0.000443768687546,-0.00203479570337,0.00192998559214,-0.0113767357543,0.0295355785638,-0.0126416021958],[0.000159367962624,-0.000880572246388,-0.00070486671757,0.0000176205448952,-0.000789309036918,-0.000934644427616,-0.00135379552376,0.00258950260468,-0.000565261347219,0.000449532089988,0.00381973665208,-0.0126416021958,0.0240327753127]],"mean":[-659.593139648,158.606704712,-30.2280483246,12.6183395386,5.3348236084,27.8116989136,9.12555027008,14.0474872589,-1.66671824455,0.720567464828,2.21403455734,6.87296867371,4.89956474304]},"pitch_salience":{"dmean":0.0735424309969,"dmean2":0.121392451227,"dvar":0.00477961450815,"dvar2":0.0126990005374,"max":0.971643567085,"mean":0.547275841236,"median":0.567493796349,"min":0.0587159357965,"var":0.0147424684837},"silence_rate_20dB":{"dmean":0,"dmean2":0,"dvar":0,"dvar2":0,"max":1,"mean":1,"median":1,"min":1,"var":0},"silence_rate_30dB":{"dmean":0.0523411072791,"dmean2":0.104691535234,"dvar":0.0496070496738,"dvar2":0.11279797554,"max":1,"mean":0.947841584682,"median":1,"min":0,"var":0.0494358316064},"silence_rate_60dB":{"dmean":0.00694320816547,"dmean2":0.013887652196,"dvar":0.00689476495609,"dvar2":0.0165440682322,"max":1,"mean":0.095238097012,"median":0,"min":0,"var":0.0861716717482},"spectral_centroid":{"dmean":177.35357666,"dmean2":272.258056641,"dvar":50274.3945312,"dvar2":97502.8828125,"max":11051.4199219,"mean":1298.1529541,"median":1186.21960449,"min":120.655838013,"var":293716.71875},"spectral_complexity":{"dmean":3.43581986427,"dmean2":5.34603404999,"dvar":13.7427492142,"dvar2":27.5443305969,"max":64,"mean":23.1729412079,"median":24,"min":0,"var":133.800338745},"spectral_contrast_coeffs":{"dmean":[0.051140293479,0.0460813045502,0.0388411916792,0.0293049123138,0.0233863387257,0.0289594084024],"dmean2":[0.0857520848513,0.0770597532392,0.0641573816538,0.0488575808704,0.0383599102497,0.0462122000754],"dvar":[0.00164752802812,0.00132531404961,0.000923870946281,0.000519602966961,0.000441794720246,0.000755097076762],"dvar2":[0.00452534388751,0.00362551119179,0.00249229976907,0.0014765256783,0.00116318115033,0.00187377212569],"max":[-0.384273409843,-0.526096880436,-0.503871798515,-0.515010237694,-0.602380514145,-0.446763634682],"mean":[-0.719253659248,-0.77528989315,-0.772457838058,-0.794288158417,-0.800217151642,-0.747448503971],"median":[-0.723453819752,-0.781440675259,-0.775504231453,-0.794843912125,-0.801658987999,-0.741537868977],"min":[-0.96794629097,-0.966643214226,-0.968678295612,-0.984577715397,-0.966219365597,-0.959962487221],"var":[0.00437221350148,0.00386412534863,0.0036481753923,0.00189946475439,0.00217433320358,0.00377664063126]},"spectral_contrast_valleys":{"dmean":[0.383976519108,0.336832970381,0.284455806017,0.25239866972,0.298933178186,0.457295507193],"dmean2":[0.639685690403,0.55954438448,0.46745416522,0.407474845648,0.461289912462,0.710662007332],"dvar":[0.114692479372,0.0892414301634,0.0733263939619,0.0724850296974,0.147986188531,0.19882337749],"dvar2":[0.270343989134,0.210860088468,0.161862164736,0.151977837086,0.315596938133,0.484266728163],"max":[-5.04060554504,-5.08501338959,-4.71388149261,-5.43940067291,-4.96178913116,-8.95526504517],"mean":[-6.91854190826,-6.73958349228,-6.65595149994,-7.00445890427,-7.71333885193,-10.9782657623],"median":[-6.69843244553,-6.53709363937,-6.3979139328,-6.69878053665,-7.48338651657,-10.7905826569],"min":[-27.6731128693,-27.6910457611,-27.4029045105,-27.2541675568,-27.2447319031,-27.2915630341],"var":[0.997992217541,0.989555358887,1.10220015049,1.12578439713,1.34925472736,0.941432774067]},"spectral_decrease":{"dmean":3.84099108075e-9,"dmean2":6.3214007362e-9,"dvar":5.698252687e-17,"dvar2":1.46637682084e-16,"max":1.87695392562e-9,"mean":-8.45307646102e-9,"median":-6.84877798918e-9,"min":-9.0411518272e-8,"var":7.46401925875e-17},"spectral_energy":{"dmean":0.0152432192117,"dmean2":0.0248062573373,"dvar":0.000850406766403,"dvar2":0.00216883700341,"max":0.355154752731,"mean":0.0441925786436,"median":0.0401215143502,"min":1.08969154983e-20,"var":0.00127569329925},"spectral_energyband_high":{"dmean":0.000362759950804,"dmean2":0.00052031991072,"dvar":0.00000113354099085,"dvar2":0.00000203553645406,"max":0.0330873318017,"mean":0.000973238493316,"median":0.000483834475745,"min":8.21690605134e-21,"var":0.00000416372540712},"spectral_energyband_low":{"dmean":0.0125391930342,"dmean2":0.0211516153067,"dvar":0.000756555353291,"dvar2":0.00199191784486,"max":0.322233527899,"mean":0.0201386511326,"median":0.0115004908293,"min":1.02760170647e-22,"var":0.000861565873493},"spectral_energyband_middle_high":{"dmean":0.0034675784409,"dmean2":0.00539535610005,"dvar":0.0000212945924432,"dvar2":0.0000510200152348,"max":0.107121139765,"mean":0.0116969691589,"median":0.0100509254262,"min":1.54337755818e-21,"var":0.0000905012420844},"spectral_energyband_middle_low":{"dmean":0.00234244787134,"dmean2":0.00367654603906,"dvar":0.0000102984886325,"dvar2":0.0000248928790825,"max":0.0543532408774,"mean":0.00671850983053,"median":0.00522782700136,"min":2.40132844133e-22,"var":0.000036885834561},"spectral_entropy":{"dmean":0.135127454996,"dmean2":0.208526015282,"dvar":0.0244944375008,"dvar2":0.0601470991969,"max":9.79434776306,"mean":7.53153848648,"median":7.57661294937,"min":5.29654407501,"var":0.122328132391},"spectral_flux":{"dmean":0.0261809471995,"dmean2":0.0425781272352,"dvar":0.00146973365918,"dvar2":0.00325436028652,"max":0.474990099669,"mean":0.108089409769,"median":0.103948183358,"min":1.04388289679e-10,"var":0.00377525831573},"spectral_kurtosis":{"dmean":5.03457164764,"dmean2":7.78354930878,"dvar":55.9783096313,"dvar2":143.472808838,"max":123.514976501,"mean":22.3018684387,"median":19.2556629181,"min":-1.19345891476,"var":133.743560791},"spectral_rms":{"dmean":0.00095246930141,"dmean2":0.00151015468873,"dvar":0.00000187778982763,"dvar2":0.00000456218640466,"max":0.0186143070459,"mean":0.00601784233004,"median":0.00625643227249,"min":3.26054244368e-12,"var":0.00000690057368047},"spectral_rolloff":{"dmean":4542.64501953,"dmean2":8650.11035156,"dvar":52548900,"dvar2":123650496,"max":22006.9335938,"mean":10342.2060547,"median":3509.91210938,"min":64.599609375,"var":87179128},"spectral_skewness":{"dmean":0.362576067448,"dmean2":0.559761583805,"dvar":0.226914286613,"dvar2":0.556759476662,"max":8.99652385712,"mean":3.27108883858,"median":3.09402179718,"min":-0.020750246942,"var":0.778385877609},"spectral_spread":{"dmean":414571.59375,"dmean2":630618.25,"dvar":228886986752,"dvar2":402811912192,"max":39964460,"mean":3701570,"median":3630962.25,"min":954829.75,"var":1070531018750},"spectral_strongpeak":{"dmean":2.26048827171,"dmean2":4.22457361221,"dvar":82.9147109985,"dvar2":225.540756226,"max":106.099739075,"mean":2.23660755157,"median":0.288885891438,"min":0,"var":86.4061660767},"zerocrossingrate":{"dmean":0.0312118381262,"dmean2":0.0402299761772,"dvar":0.00068917410681,"dvar2":0.00115986471064,"max":0.6455078125,"mean":0.246510103345,"median":0.2412109375,"min":0.0048828125,"var":0.0067503945902}},"metadata":{"audio_properties":{"analysis_sample_rate":44100,"bit_rate":320000,"codec":"mp3","downmix":"mix","equal_loudness":0,"length":260.832641602,"lossless":false,"md5_encoded":"1ef6af8dd32600d266b6062aeeee65b5","replay_gain":-5.082862854,"sample_rate":44100},"tags":{"album":["Badmotorfinger"],"albumartist":["Soundgarden"],"albumartistsort":["Soundgarden","Soundgarden"],"artist":["Soundgarden"],"artistsort":["Soundgarden"],"asin":["B000002GK1"],"barcode":["075021537422"],"catalognumber":["75021 5374 2"],"composer":["Ben Shepherd"],"date":["1991"],"discnumber":["1/1"],"file_name":"06. Soundgarden - Somewhere.mp3","genre":["Grunge"],"label":["A&M Records"],"language":["eng"],"lyricist":["Ben Shepherd"],"media":["CD"],"musicbrainz album release country":["US"],"musicbrainz album status":["official"],"musicbrainz album type":["album"],"musicbrainz_albumartistid":["153c9281-268f-4cf3-8938-f5a4593e5df4"],"musicbrainz_albumid":["eb4f6474-f247-3556-8e6c-6c0b407f656f"],"musicbrainz_artistid":["153c9281-268f-4cf3-8938-f5a4593e5df4"],"musicbrainz_recordingid":["e8249dbc-c240-407c-bdb4-4d15e8fec763"],"originaldate":["1991"],"script":["Latn"],"title":["Somewhere"],"tracknumber":["6/12"]},"version":{"essentia":"2.1-beta1","essentia_build_sha":"ca57ba49d9b1854bd80e60cf9ccf267278fb7d6b","essentia_git_sha":"v2.1_beta1-28-g21ef5f4-dirty","extractor":"music 1.0"}},"rhythm":{"beats_count":620,"beats_loudness":{"dmean":0.0224267784506,"dmean2":0.0404911264777,"dvar":0.000496139226016,"dvar2":0.0014879796654,"max":0.191895768046,"mean":0.0509938560426,"median":0.0479787401855,"min":3.63207810494e-8,"var":0.000830513308756},"beats_loudness_band_ratio":{"dmean":[0.178966581821,0.0450639352202,0.0557271391153,0.117897942662,0.0477350465953,0.0719990581274],"dmean2":[0.314268708229,0.0801806524396,0.0960865393281,0.205370917916,0.0829206183553,0.126758038998],"dvar":[0.0173590965569,0.00450754724443,0.00502494350076,0.0113712707534,0.00252136401832,0.00593351339921],"dvar2":[0.