{"lowlevel":{"average_loudness":0.88898473978,"barkbands":{"dmean":[0.000166488418472,0.0028685326688,0.000516256201081,0.000467186502647,0.000807879376225,0.000696974457242,0.00134318380151,0.0011928708991,0.001909828512,0.00178761524148,0.000590270094108,0.000626465596724,0.000447415193776,0.000482702598674,0.000304667744786,0.000265432434389,0.000268023432,0.000128648258396,0.000223754657782,0.0000697326395311,0.0000525888717675,0.0000390620007238,0.0000565253358218,0.0000978955067694,0.000016232883354,0.0000108741733129,0.00000108649032882],"dmean2":[0.000276414124528,0.00501036969945,0.000907027511857,0.00080577947665,0.00126366701443,0.00109838612843,0.00213774223812,0.00190213648602,0.00297632766888,0.00272454717197,0.000901787425391,0.000977887888439,0.000701031589415,0.000767262710724,0.000481752911583,0.00042032886995,0.00043188908603,0.00020066430443,0.000348920671968,0.000108712862129,0.0000794426596258,0.0000592616743234,0.0000856741316966,0.000151644606376,0.0000238571356022,0.0000159804149007,0.00000165375740835],"dvar":[1.42480658383e-7,0.0000649898793199,0.00000148664992139,8.54904442349e-7,0.00000132340744585,0.0000015824705315,0.00000725381187294,0.00000644857072984,0.0000124489233713,0.0000141636319313,0.00000164563971339,0.00000128969736579,6.86291002694e-7,6.15680448846e-7,4.46281632094e-7,1.87564680232e-7,1.31047485752e-7,3.40316397285e-8,9.13929483204e-8,1.19109726526e-8,7.27483850937e-9,9.43910816176e-9,1.62836059303e-7,5.03907187976e-7,7.22287829547e-9,1.71513170333e-9,1.55711658845e-11],"dvar2":[3.56868611107e-7,0.000171921768924,0.00000423491110269,0.00000239052133111,0.0000030801684261,0.00000378510935661,0.0000170589410118,0.0000155022080435,0.000030228335163,0.0000339895377692,0.0000036562803416,0.00000292794607049,0.00000154459451096,0.00000151552444549,0.0000010373173609,4.58617762433e-7,3.30833870521e-7,7.94524694925e-8,2.14277349642e-7,2.91788975204e-8,1.61416338074e-8,2.2321202664e-8,3.88759701764e-7,0.00000110494602268,1.56800759044e-8,3.49679063483e-9,3.54088494636e-11],"max":[0.0086068129167,0.0697105675936,0.0141209885478,0.016993528232,0.0255745835602,0.024134112522,0.0455236136913,0.0357267297804,0.047481726855,0.0696475356817,0.0259273443371,0.0172730796039,0.0172030813992,0.0128737697378,0.0191210005432,0.0103453779593,0.010787053965,0.00313613610342,0.00781600456685,0.00369646027684,0.00357807800174,0.0049648322165,0.0164689887315,0.0212005730718,0.00429554795846,0.00155236676801,0.000180758230272],"mean":[0.0001807025983,0.00262387213297,0.000683432212099,0.00061063474277,0.00162872148212,0.00132399203721,0.00212579430081,0.00172417331487,0.00317421881482,0.0034569548443,0.000979175674729,0.00113248871639,0.000775307416916,0.000928008870687,0.000521189474966,0.000520497153047,0.000599071907345,0.000300858810078,0.000548890209757,0.000157487927936,0.000131453605718,0.000080704150605,0.000080095618614,0.000124266181956,0.0000256162202277,0.0000146908896568,0.00000163790468832],"median":[0.0000745358265704,0.00090799794998,0.000260496162809,0.000209225603612,0.000989866326563,0.000534897786565,0.000822632631753,0.000520875793882,0.000900490675122,0.000618792371824,0.000208272293094,0.000424547761213,0.000285217975033,0.000408285763115,0.000229727913393,0.000306415080559,0.000448004750069,0.000208349316381,0.000383434293326,0.000109792512376,0.0000894342956599,0.0000471852472401,0.0000197468343686,0.0000127887669805,0.00000597901544097,0.00000242562100539,3.304341476e-7],"min":[2.34920657511e-25,6.53792298801e-24,2.67138910311e-24,2.06408414079e-24,1.45072687984e-23,1.55317876996e-23,4.98589279953e-24,6.26133257742e-24,1.02819799065e-23,2.13521138988e-23,2.41195878379e-23,3.60677271732e-23,3.93485271028e-23,3.02179417523e-23,6.01462200911e-23,6.75265944611e-23,1.08252946021e-22,1.1489207513e-22,1.6264009654e-22,1.81489176875e-22,2.79057715065e-22,3.45862268295e-22,5.08192323566e-22,5.34768832893e-22,8.72015982796e-22,1.36562419936e-21,1.96606735606e-21],"var":[1.26451865867e-7,0.0000469392980449,0.00000140998224651,0.0000011539902971,0.00000355465158464,0.00000410543270846,0.0000147163045767,0.0000108863414425,0.0000259676489804,0.0000462725001853,0.00000452676476925,0.00000346689216713,0.00000158190812272,0.00000170503221852,0.00000106974221126,4.68327783665e-7,3.47230212583e-7,1.0711538323e-7,3.56066038876e-7,2.95128526062e-8,2.35983126373e-8,1.77134005241e-8,1.87687561493e-7,7.489331324e-7,1.23398731233e-8,3.74656927704e-9,2.44328099419e-11]},"barkbands_crest":{"dmean":2.81332564354,"dmean2":4.61486339569,"dvar":7.24132299423,"dvar2":19.3270664215,"max":26.7313175201,"mean":9.53572750092,"median":8.72810173035,"min":2.43457508087,"var":16.760427475},"barkbands_flatness_db":{"dmean":0.0183605998755,"dmean2":0.0283944942057,"dvar":0.000313979864586,"dvar2":0.000737218942959,"max":0.450234591961,"mean":0.12689627707,"median":0.119094714522,"min":0.027201384306,"var":0.00235799676739},"barkbands_kurtosis":{"dmean":1.72377383709,"dmean2":2.74300336838,"dvar":163.554962158,"dvar2":289.239074707,"max":1317.75048828,"mean":2.64044451714,"median":0.617618203163,"min":-1.9442204237,"var":1233.2857666},"barkbands_skewness":{"dmean":0.417342543602,"dmean2":0.650699555874,"dvar":0.260236769915,"dvar2":0.55119484663,"max":8.02636432648,"mean":0.766303479671,"median":0.742753505707,"min":-31.9199542999,"var":1.64575898647},"barkbands_spread":{"dmean":4.84853935242,"dmean2":7.46931219101,"dvar":38.5021095276,"dvar2":81.1228256226,"max":156.997467041,"mean":20.3314685822,"median":18.1545333862,"min":0.166959449649,"var":160.776153564},"dissonance":{"dmean":0.0227990336716,"dmean2":0.0380398407578,"dvar":0.000477183406474,"dvar2":0.00130378478207,"max":0.499997437,"mean":0.451263189316,"median":0.459586143494,"min":0.23790872097,"var":0.0012192921713},"dynamic_complexity":3.9110648632,"erbbands":{"dmean":[0.100182697177,0.581548094749,0.618104696274,1.11776590347,1.82477247715,3.10457015038,4.49960327148,6.39442443848,16.6626644135,20.5982055664,27.6741638184,40.8322105408,42.6280097961,58.0084762573,20.9283847809,20.465555191,18.4000663757,22.1927318573,21.4578933716,10.0626897812,16.1974563599,13.7526988983,7.3263835907,9.21808719635,10.1955833435,2.98550105095,2.38934898376,1.90199375153,1.40765488148,1.17498552799,1.86320066452,2.12096333504,1.41762006283,0.252965658903,0.0974358022213,0.060606636107,0.0173256043345,0.00215783366002,0.000184073171113,0.000016707506802],"dmean2":[0.175936102867,1.02307236195,1.05223679543,1.94308173656,3.01700782776,4.88191318512,6.990193367,10.0585918427,26.5854358673,32.6648864746,43.6111450195,62.9764900208,63.2472000122,87.933265686,32.2409095764,31.2255744934,28.4972190857,34.7925949097,34.1710128784,15.3692789078,25.752696991,21.9025650024,11.3678445816,14.3725605011,15.9514770508,4.62395572662,3.65150713921,2.89102458954,2.13898015022,1.79192042351,2.88887286186,3.20869636536,2.16895222664,0.370226293802,0.142367169261,0.0910346359015,0.0253245905042,0.00318265403621,0.000279993691947,0.000025150276997],"dvar":[0.0789443030953,2.70481395721,2.17387938499,5.7100944519,7.41936063766,26.2152137756,76.2932357788,167.761825562,1123.88769531,1839.83276367,3296.17260742,6282.50195312,8361.75390625,15265.59375,1376.79943848,1546.15698242,1232.12731934,1369.33605957,1952.3729248,391.975616455,655.47467041,335.8203125,99.251159668,164.761581421,216.704101562,20.6277008057,14.9818344116,11.6880874634,10.3058242798,21.3419075012,252.650588989,255.01902771,106.928062439,1.89124822617,0.234049335122,0.053427118808,0.0045704417862,0.0000705135025783,4.21312449816e-7,1.04277175783e-9],"dvar2":[0.210282757878,7.20117902756,5.85727071762,16.005613327,19.3618164062,59.3785362244,168.812774658,397.631256104,2640.91308594,4372.43701172,7916.52539062,15345.4921875,18385.3359375,36876.2265625,3103.67358398,3347.47338867,2785.00244141,3351.88793945,4702.95996094,840.566589355,1637.54760742,844.712646484,230.339279175,376.865753174,523.894470215,49.9072036743,35.4093856812,25.9329853058,24.4908771515,50.164276123,626.979248047,558.981506348,247.548797607,3.92497730255,0.538267433643,0.116436444223,0.0086762085557,0.000137659168104,9.47308819832e-7,2.4250492725e-9],"max":[2.26915407181,14.8133735657,16.4393520355,44.6420249939,40.1433792114,115.365310669,189.63092041,276.335174561,574.659912109,853.458618164,930.162109375,1337.02880859,1603.83850098,2253.23583984,847.314208984,738.180969238,700.889831543,606.844543457,1466.7635498,473.937072754,702.407409668,300.895629883,177.506713867,321.387176514,258.660949707,145.125106812,138.184005737,135.231628418,157.293716431,158.729278564,682.095581055,596.608154297,315.068267822,51.4432678223,27.635181427,6.85911035538,2.96976256371,0.33442902565,0.0240401942283,0.000873871147633],"mean":[0.0840663462877,0.549228847027,0.847434103489,1.57818162441,2.91154909134,5.76953935623,9.66998672485,11.4431762695,27.6730136871,31.4696731567,42.9098777771,68.2115859985,77.890411377,114.958770752,44.2357826233,39.4334487915,35.0023765564,45.2788543701,40.6686439514,20.9856414795,33.9513015747,32.7639389038,19.2467136383,23.8572940826,23.363117218,7.4563999176,5.6650853157,4.6173415184,3.03620815277,2.07391905785,2.46264028549,2.68356776237,1.7779340744,0.399449914694,0.149556457996,0.0809472277761,0.0235970951617,0.00300473533571,0.00027304442483,0.0000459482325823],"median":[0.0213455967605,0.19886675477,0.354156672955,0.64692735672,1.60773491859,3.06492805481,3.77891325951,4.56206607819,11.4191131592,13.1103506088,18.5778617859,23.0673332214,22.207862854,22.6413993835,16.1971149445,17.3694953918,14.4098548889,19.5604629517,20.1323738098,11.9035930634,21.9330635071,24.6272411346,14.4257993698,16.5302238464,16.6309738159,5.35453224182,3.78199768066,3.02786970139,1.83390808105,0.855302035809,0.531864523888,0.336350858212,0.174260884523,0.0782267600298,0.0362292528152,0.0137055665255,0.00389477796853,0.00058749713935,0.0000682173122186,0.00003477973587],"min":[2.08554161496e-22,1.04875596459e-21,4.58687482415e-21,6.63178889079e-21,2.19403453625e-20,3.85626173199e-20,1.01284317512e-19,9.26443384659e-20,1.01829229203e-19,3.41246511619e-19,1.66035789681e-19,3.46325581526e-19,8.17337473456e-19,6.00017636096e-19,1.08047086414e-18,1.64307083013e-18,1.82723349453e-18,2.03908685711e-18,3.03474492849e-18,3.28197018843e-18,5.19374588426e-18,6.14167377314e-18,5.34171691532e-18,6.99150341805e-18,8.83256509767e-18,9.36124931438e-18,1.22215306847e-17,9.56964423482e-18,1.20750336895e-17,1.21200347964e-17,1.3133895184e-17,9.99464218892e-18,9.60417406231e-18,8.81543170564e-18,6.24990663398e-18,3.974599121e-18,2.56309274707e-18,1.03985557228e-18,2.79821552747e-19,2.63794860524e-20],"var":[0.0559455528855,1.93424797058,2.05826044083,7.80751037598,13.5711832047,64.1608963013,291.502929688,376.214782715,2515.24072266,3114.70581055,5161.98095703,12101.6914062,20201.2480469,48761.6640625,4816.53222656,3854.62548828,2935.35327148,4075.85253906,4458.39111328,1063.29309082,1671.41308594,990.714477539,354.949981689,699.548278809,616.501525879,58.8006896973,42.9629631042,34.0042266846,20.5885868073,33.4422073364,254.778579712,353.897247314,154.870117188,3.68800210953,0.350828588009,0.105442285538,0.0107211293653,0.000144165751408,6.69596886382e-7,2.39804776037e-9]},"erbbands_crest":{"dmean":2.81181788445,"dmean2":4.50542068481,"dvar":7.13541650772,"dvar2":18.1244983673,"max":30.4650707245,"mean":10.283826828,"median":9.02230262756,"min":2.50107455254,"var":25.2029705048},"erbbands_flatness_db":{"dmean":0.0184301231056,"dmean2":0.0265427567065,"dvar":0.000331175833708,"dvar2":0.0006736330688,"max":0.350427299738,"mean":0.192174956203,"median":0.190719902515,"min":0.026715092361,"var":0.0023357111495},"erbbands_kurtosis":{"dmean":0.863440215588,"dmean2":1.35855352879,"dvar":1.8103095293,"dvar2":4.24679851532,"max":71.9290542603,"mean":0.830850660801,"median":-0.15119099617,"min":-1.82103347778,"var":18.2506465912},"erbbands_skewness":{"dmean":0.3587243855,"dmean2":0.55324202776,"dvar":0.114739999175,"dvar2":0.26420456171,"max":6.64385223389,"mean":0.46664634347,"median":0.412438362837,"min":-3.54017448425,"var":0.839787900448},"erbbands_spread":{"dmean":5.36924695969,"dmean2":8.02113246918,"dvar":38.2870826721,"dvar2":82.5679397583,"max":111.077400208,"mean":28.0181503296,"median":26.5120582581,"min":2.23347473145,"var":178.675125122},"gfcc":{"cov":[[18095.1230469,135.640136719,-1760.81567383,569.313354492,-629.404846191,1076.47387695,165.345443726,598.695129395,-99.4386978149,173.813278198,-250.965179443,-33.3335800171,-247.00970459],[135.640136719,1079.33642578,-314.78112793,-72.4240722656,167.636077881,-228.252243042,90.5375137329,-46.5203094482,-5.5005235672,-42.0171699524,36.1621780396,-31.3552951813,49.1940612793],[-1760.81567383,-314.78112793,981.739990234,213.536590576,160.514633179,131.908721924,-49.5169792175,38.7879447937,45.8218803406,84.4865570068,53.3842964172,70.6186141968,-4.47881221771],[569.313354492,-72.4240722656,213.536590576,383.14175415,95.4371185303,96.9387435913,-39.6259040833,44.9136886597,54.0079231262,69.2859268188,25.147102356,-0.75950884819,13.0161466599],[-629.404846191,167.636077881,160.514633179,95.4371185303,285.162536621,13.5828151703,73.6098175049,32.4940910339,29.7293643951,35.0695953369,20.376241684,0.74685895443,36.1059989929],[1076.47387695,-228.252243042,131.908721924,96.9387435913,13.5828151703,360.608062744,122.828392029,95.5429534912,1.7170778513,20.4616584778,-14.3810319901,16.3464221954,-17.509595871],[165.345443726,90.5375137329,-49.5169792175,-39.6259040833,73.6098175049,122.828392029,255.942306519,66.8320541382,-0.901048004627,-16.8780879974,-1.069922328,7.82517910004,14.8205242157],[598.695129395,-46.5203094482,38.7879447937,44.9136886597,32.4940910339,95.5429534912,66.8320541382,134.058868408,32.4013557434,27.0768032074,-7.28886842728,5.06558942795,-12.3890724182],[-99.4386978149,-5.5005235672,45.8218803406,54.0079231262,29.7293643951,1.7170778513,-0.901048004627,32.4013557434,108.809631348,50.650970459,6.73473167419,-9.86734867096,-2.95297551155],[173.813278198,-42.0171699524,84.4865570068,69.2859268188,35.0695953369,20.4616584778,-16.8780879974,27.0768032074,50.650970459,101.989280701,22.7177581787,1.33557474613,-9.4940366745],[-250.965179443,36.1621780396,53.3842964172,25.147102356,20.376241684,-14.3810319901,-1.069922328,-7.28886842728,6.73473167419,22.7177581787,73.043586731,19.073091507,18.218585968],[-33.3335800171,-31.3552951813,70.6186141968,-0.75950884819,0.74685895443,16.3464221954,7.82517910004,5.06558942795,-9.86734867096,1.33557474613,19.073091507,75.2313919067,19.358587265],[-247.00970459,49.1940612793,-4.47881221771,13.0161466599,36.1059989929,-17.509595871,14.8205242157,-12.3890724182,-2.95297551155,-9.4940366745,18.218585968,19.358587265,80.795249939]],"icov":[[0.000248102383921,-0.000308380869683,0.000579147716053,-0.000543943606317,0.000571441894863,-0.000815028557554,0.000370919442503,-0.000849045463838,0.000661581463646,-0.000833209080156,0.000617681362201,-0.00052227859851,0.000347905966919],[-0.000308380869683,0.00193886633497,-0.000200292051886,0.000582657230552,-0.00180511397775,0.00198091031052,-0.00110602204222,0.00123792525847,-0.000862326298375,0.00155921385158,-0.00162447849289,0.000827628246043,-0.000279905711068],[0.000579147716053,-0.000200292051886,0.0030538525898,-0.00161215558182,0.0000214685333049,-0.00223801308312,0.00143174384721,-0.00176104507409,0.00126976973843,-0.00193271867465,0.000575621670578,-0.00261338357814,0.00160994497128],[-0.000543943606317,0.000582657230552,-0.00161215558182,0.00522137526423,-0.00226755766198,0.000328240566887,0.0009029560606,0.00122438790277,-0.00227403780445,0.000889373477548,-0.00208279234357,0.00202933116816,-0.00183686171658],[0.000571441894863,-0.00180511397775,0.0000214685333049,-0.00226755766198,0.00747974822298,-0.00128270382993,-0.00109644641634,-0.00248896307312,0.00172233267222,-0.00353976804763,0.00232149497606,0.0000224242940021,-0.00147032132372],[-0.000815028557554,0.00198091031052,-0.00223801308312,0.000328240566887,-0.00128270382993,0.00814292673022,-0.0042552142404,0.00108804646879,-0.000875497877132,0.00228036986664,-0.00114337587729,0.0014286309015,-0.000438008544734],[0.000370919442503,-0.00110602204222,0.00143174384721,0.0009029560606,-0.00109644641634,-0.0042552142404,0.00783474277705,-0.00353751820512,0.000443551078206,0.000362643855624,-0.0000868553543114,-0.00111539952923,-0.000324805441778],[-0.000849045463838,0.00123792525847,-0.00176104507409,0.00122438790277,-0.00248896307312,0.00108804646879,-0.00353751820512,0.0142428399995,-0.00475338101387,0.0014041144168,-0.000624783686362,0.000362706545275,0.000581856584176],[0.000661581463646,-0.000862326298375,0.00126976973843,-0.00227403780445,0.00172233267222,-0.000875497877132,0.000443551078206,-0.00475338101387,0.0149561772123,-0.00801724381745,0.00234763487242,0.000639539968688,0.000136677510454],[-0.000833209080156,0.00155921385158,-0.00193271867465,0.000889373477548,-0.00353976804763,0.00228036986664,0.000362643855624,0.0014041144168,-0.00801724381745,0.0189580600709,-0.00688628712669,0.00145289686043,0.00161711487453],[0.000617681362201,-0.00162447849289,0.000575621670578,-0.00208279234357,0.00232149497606,-0.00114337587729,-0.0000868553543114,-0.000624783686362,0.00234763487242,-0.00688628712669,0.0196639448404,-0.00468910159543,-0.00215406506322],[-0.00052227859851,0.000827628246043,-0.00261338357814,0.00202933116816,0.0000224242940021,0.0014286309015,-0.00111539952923,0.000362706545275,0.000639539968688,0.00145289686043,-0.00468910159543,0.018226981163,-0.00512838410214],[0.000347905966919,-0.000279905711068,0.00160994497128,-0.00183686171658,-0.00147032132372,-0.000438008544734,-0.000324805441778,0.000581856584176,0.000136677510454,0.00161711487453,-0.00215406506322,-0.00512838410214,0.0166166294366]],"mean":[-22.7389583588,99.1600265503,-146.960006714,16.5653190613,-58.0354728699,-0.713953793049,-31.0550289154,9.73601436615,-19.6584968567,-0.836115598679,-12.9486856461,0.0319228135049,-9.29976844788]},"hfc":{"dmean":5.97070837021,"dmean2":8.63644599915,"dvar":73.8631286621,"dvar2":155.911178589,"max":203.554962158,"mean":23.2106704712,"median":21.0522689819,"min":1.07272844947e-16,"var":331.978088379},"melbands":{"dmean":[0.000854112789966,0.000457200687379,0.000205941469176,0.000167895879713,0.000151762826135,0.00014225266932,0.000263805413852,0.000235541621805,0.000233377053519,0.000269501731964,0.000226568605285,0.000254399434198,0.000071232454502,0.0000739320312277,0.0000463639298687,0.0000443997232651,0.000043447878852,0.000040976825403,0.0000165005676536,0.0000144210598592,0.0000209624158742,0.0000159124483616,0.0000115073898996,0.00000555762744625,0.00000840311713546,0.0000101397145045,0.00000441102883997,0.00000172219665728,0.00000165326537171,0.00000139487190154,0.00000116784008242,9.22396964143e-7,6.84447968524e-7,7.02871773228e-7,0.00000118986872621,9.2877581892e-7,0.00000172667182596,0.00000140521956382,3.3089654039e-7,1.78907370696e-7],"dmean2":[0.00149468076415,0.000771903025452,0.000352942297468,0.00026848790003,0.000234141160036,0.000224018760491,0.000419975956902,0.000373815943021,0.000369554676581,0.0004160432145,0.000335454038577,0.000387018750189,0.000109384855023,0.00011536670354,0.0000723627817933,0.000069413887104,0.00006877873966,0.0000657741984469,0.0000256228959188,0.0000222861817747,0.0000335597505909,0.0000256486855505,0.000018352700863,0.00000861683656694,0.0000132245659188,0.0000160274375958,0.0000069124394031,0.00000272678266811,0.00000259436319539,0.0000021497137368,0.00000181696191248,0.00000141823227295,0.0000010703498674,0.00000108761582851,0.00000189545107787,0.00000138124119076,0.00000273181126431,0.00000218048921852,4.9602715535e-7,2.68317108976e-7],"dvar":[0.00000580298546993,0.00000130885825911,1.59782786113e-7,5.92162443525e-8,7.55230757932e-8,7.76241151357e-8,2.73832966968e-7,2.11139536077e-7,2.09353132163e-7,2.63634319708e-7,2.22247223292e-7,2.97961690876e-7,1.85792554674e-8,1.9003017826e-8,8.71858762963e-9,7.9022335342e-9,5.3177648951e-9,6.85883705387e-9,1.18987919517e-9,6.52204734664e-10,1.09812403615e-9,5.05480712842e-10,2.46281051108e-10,6.76703484914e-11,1.4764024725e-10,2.28245922163e-10,3.9889119785e-11,7.92925447524e-12,7.94118243386e-12,5.93745235269e-12,4.33342814757e-12,3.82255902279e-12,4.54193150104e-12,9.81291090052e-12,1.35653779876e-10,3.64300464795e-11,2.29326474477e-10,1.26251648025e-10,3.384629816e-12,1.22478546402e-12],"dvar2":[0.0000154238878167,0.00000334910373567,4.45778965741e-7,1.42060756048e-7,1.67592318689e-7,1.84815050375e-7,6.45247098419e-7,5.04576917137e-7,5.06967808178e-7,6.36502250018e-7,4.88867840431e-7,7.23270943581e-7,4.10133509376e-8,4.36569926876e-8,1.87783157912e-8,1.8044383765e-8,1.30015189725e-8,1.6809593717e-8,2.4734809756e-9,1.47866618949e-9,2.71246780592e-9,1.25998089739e-9,6.30516250322e-10,1.55529478185e-10,3.4707584029e-10,5.53739165632e-10,9.71926567006e-11,1.98596711992e-11,2.02991304321e-11,1.35207808491e-11,1.01042828618e-11,9.30941608523e-12,1.09866924586e-11,2.39867275348e-11,3.54807544456e-10,8.08276223729e-11,5.14146725195e-10,2.9699373516e-10,7.06601010342e-12,2.70707631658e-12],"max":[0.0202702376992,0.00938403140754,0.00672704493627,0.00401846971363,0.00624627247453,0.00561692379415,0.0094894990325,0.00774172507226,0.00681404676288,0.0084643503651,0.00811214838177,0.0101446863264,0.00256219133735,0.00263855769299,0.0019277962856,0.00228710030206,0.00105701480061,0.00273227668367,0.00112547399476,0.000572568387724,0.000850231794175,0.000489549944177,0.000235537925619,0.000164244745974,0.000310860224999,0.000303961831378,0.000135893802508,0.0000934838681133,0.0000955956857069,0.000112406698463,0.0000697960422258,0.0000859077990754,0.000113874652016,0.000123462406918,0.000566058792174,0.000294097233564,0.000592546653934,0.000345950509654,0.0000650336878607,0.0000562101995456],"mean":[0.000751775223762,0.000552301993594,0.000301574153127,0.000306832749629,0.000324360124068,0.000252287194598,0.000437470298493,0.000356684584403,0.000361087440979,0.000444332079496,0.000401471159421,0.000498131441418,0.000137433395139,0.000135281545226,0.0000808019831311,0.0000777695677243,0.0000840912325657,0.0000723180201021,0.0000303086235363,0.0000280866388493,0.0000413317284256,0.0000345559128618,0.0000250678131124,0.0000129493464556,0.0000197045210371,0.000021753985493,0.00000962530066317,0.00000371408259525,0.00000351428093381,0.0000031107358609,0.00000257670899373,0.00000187325588286,0.00000122211145026,0.00000111288557036,0.000001426431254,0.00000131210083509,0.00000190908303921,0.00000161649927577,4.89319802455e-7,2.68162523298e-7],"median":[0.000230493969866,0.000250986369792,0.00013792378013,0.000177363530383,0.000137796974741,0.000101223871752,0.00018161063781,0.000143689016113,0.000147008919157,0.000125497084809,0.0000978856842266,0.0000887571877684,0.000044194603106,0.000049297887017,0.0000315400684485,0.0000285779588012,0.0000350869340764,0.0000330705770466,0.0000135601967486,0.0000168417955138,0.0000255644044955,0.0000248328069574,0.0000181405794137,0.00000879321487446,0.0000127291286844,0.0000145351905303,0.00000656194060866,0.000002441264769,0.00000218052946366,0.00000202821320272,0.00000158376042236,0.00000109086920475,5.98993892709e-7,3.91552390511e-7,2.96694878443e-7,2.56180470615e-7,1.69948862094e-7,1.23271490793e-7,8.35272331301e-8,5.56502470772e-8],"min":[2.51309390729e-24,1.49900650831e-24,1.52681503851e-24,1.942037498e-24,4.68580103929e-24,2.37694736188e-24,1.420270893e-24,3.87319068765e-24,1.24833717959e-24,2.10806688335e-24,3.51251086001e-24,1.63484322859e-24,3.16346396971e-24,4.72871191709e-24,4.10231533757e-24,3.90781024291e-24,2.9754460727e-24,3.72776536307e-24,4.55436576842e-24,4.48147935952e-24,5.69024027496e-24,6.45282067356e-24,3.32601940885e-24,5.08886202463e-24,4.78728444487e-24,5.18315614635e-24,4.47024834681e-24,5.82458802029e-24,6.08727633514e-24,5.72999137041e-24,5.0105754684e-24,6.10707634943e-24,6.47741538443e-24,6.84515827819e-24,6.50265538352e-24,6.26517156902e-24,5.14154255031e-24,6.17466713508e-24,6.32108169125e-24,7.29795339373e-24],"var":[0.00000413693760493,0.00000111738199848,2.11228780245e-7,1.41996039815e-7,2.66347541356e-7,1.74143039544e-7,6.04734395893e-7,3.69166428982e-7,3.40183362368e-7,5.27162342223e-7,5.59903753583e-7,9.60095690061e-7,5.8467158226e-8,5.37500284281e-8,2.06574402029e-8,1.68568661252e-8,1.51675436655e-8,1.41280835919e-8,3.49346196415e-9,1.59982571635e-9,2.69289035515e-9,1.29406518834e-9,6.55738185973e-10,2.14693193779e-10,5.65659907803e-10,6.35063446275e-10,1.07873286692e-10,1.83722360242e-11,1.83006977628e-11,1.59634649249e-11,1.1454647994e-11,7.63922779201e-12,6.66370517793e-12,1.33277182693e-11,1.14364101522e-10,5.16487096147e-11,2.76782236019e-10,1.62796803815e-10,6.57392673284e-12,1.84535221305e-12]},"melbands_crest":{"dmean":3.55317473412,"dmean2":5.81524896622,"dvar":11.3424139023,"dvar2":30.2944278717,"max":32.6035461426,"mean":12.4057970047,"median":11.1949272156,"min":1.5947149992,"var":27.9491634369},"melbands_flatness_db":{"dmean":0.0226737800986,"dmean2":0.0344109944999,"dvar":0.000550230324734,"dvar2":0.00121623720042,"max":0.464404135942,"mean":0.178787767887,"median":0.172282874584,"min":0.00398294162005,"var":0.00340720661916},"melbands_kurtosis":{"dmean":2.71851730347,"dmean2":4.38990116119,"dvar":26.0891647339,"dvar2":65.7438354492,"max":160.328445435,"mean":4.48455286026,"median":2.68999242783,"min":-1.8460381031,"var":44.8336143494},"melbands_skewness":{"dmean":0.494511783123,"dmean2":0.772265076637,"dvar":0.333989977837,"dvar2":0.784489452839,"max":10.0854597092,"mean":1.41916263103,"median":1.30568528175,"min":-1.71258354187,"var":1.0315144062},"melbands_spread":{"dmean":7.99744176865,"dmean2":12.4389858246,"dvar":170.611618042,"dvar2":352.57434082,"max":224.866119385,"mean":28.3568458557,"median":23.8384246826,"min":1.55558800697,"var":537.912536621},"mfcc":{"cov":[[9867.41894531,562.662963867,-644.951843262,-59.8074035645,-292.558563232,220.774093628,325.98260498,386.176513672,240.133102417,332.761535645,134.12008667,57.0404548645,-130.038391113],[562.662963867,1074.1817627,-466.637298584,47.9730834961,-104.119445801,-92.5553207397,26.6524219513,25.9411258698,12.6109342575,-32.828994751,39.6300430298,-42.778175354,1.10938417912],[-644.951843262,-466.637298584,714.493896484,65.1905975342,203.053649902,108.602272034,6.84395456314,2.28768205643,-17.7156467438,13.75182724,-8.25850963593,70.9215393066,58.552898407],[-59.8074035645,47.9730834961,65.1905975342,291.750671387,139.736343384,7.91954946518,-25.4991054535,-47.9198799133,8.51914310455,35.930229187,-7.03188562393,15.6096916199,64.1168746948],[-292.558563232,-104.119445801,203.053649902,139.736343384,263.34854126,47.0790901184,-11.0215873718,-37.4870262146,8.86787986755,40.9902381897,-9.38016414642,29.3366031647,45.5911941528],[220.774093628,-92.5553207397,108.602272034,7.91954946518,47.0790901184,170.386886597,84.7340240479,46.066116333,34.5537757874,34.7733421326,15.8178119659,15.6758804321,-15.0877885818],[325.98260498,26.6524219513,6.84395456314,-25.4991054535,-11.0215873718,84.7340240479,202.57510376,99.8733978271,45.1866798401,19.4377784729,11.7905626297,1.6032191515,-24.9120864868],[386.176513672,25.9411258698,2.28768205643,-47.9198799133,-37.4870262146,46.066116333,99.8733978271,153.911392212,57.1766281128,7.80885839462,16.8160743713,4.67305755615,-22.9372463226],[240.133102417,12.6109342575,-17.7156467438,8.51914310455,8.86787986755,34.5537757874,45.1866798401,57.1766281128,105.986747742,47.5060958862,15.4785737991,11.4148607254,-3.84581375122],[332.761535645,-32.828994751,13.75182724,35.930229187,40.9902381897,34.7733421326,19.4377784729,7.80885839462,47.5060958862,119.655296326,35.2877464294,8.16492557526,-2.7584695816],[134.12008667,39.6300430298,-8.25850963593,-7.03188562393,-9.38016414642,15.8178119659,11.7905626297,16.8160743713,15.4785737991,35.2877464294,87.3057327271,20.0369205475,-10.032959938],[57.0404548645,-42.778175354,70.9215393066,15.6096916199,29.3366031647,15.6758804321,1.6032191515,4.67305755615,11.4148607254,8.16492557526,20.0369205475,79.9485931396,31.4709129333],[-130.038391113,1.10938417912,58.552898407,64.1168746948,45.5911941528,-15.0877885818,-24.9120864868,-22.9372463226,-3.84581375122,-2.7584695816,-10.032959938,31.4709129333,95.8934326172]],"icov":[[0.000145406200318,-0.0000443595199613,0.00012385044829,-0.0000567807110201,0.000153544067871,-0.000162783486303,0.0000155181714945,-0.000321237894241,0.000132405024488,-0.000477254303405,0.000151965708937,-0.000274376070593,0.0000861437583808],[-0.0000443595199613,0.00151522015221,0.000951893453021,-0.000506710784975,-0.000177564506885,0.000431274063885,-0.000376200478058,-0.000268378120381,-0.00000975456805463,0.000876608944964,-0.00110577396117,0.000522867660038,-0.000592230120674],[0.00012385044829,0.000951893453021,0.00294175511226,-0.0000139459916682,-0.00149213313125,-0.00109107501339,0.000168525773915,-0.00121490005404,0.00124143948779,0.0000843520538183,-0.00020114905783,-0.00112243613694,-0.000939519377425],[-0.0000567807110201,-0.000506710784975,-0.0000139459916682,0.00553153408691,-0.00247212173417,-0.000158555805683,0.0000787576282164,0.00113387452438,-0.000476480723592,-0.000828775577247,0.000270122982329,0.000661154394038,-0.00255075376481],[0.000153544067871,-0.000177564506885,-0.00149213313125,-0.00247212173417,0.00720892334357,-0.00109904468991,0.000024417806344,0.00108573958278,-0.000454616063507,-0.00193659192882,0.00130529236048,-0.000873473181855,-0.000210669400985],[-0.000162783486303,0.000431274063885,-0.00109107501339,-0.000158555805683,-0.00109904468991,0.00949795544147,-0.00334033602849,0.000158979310072,-0.00114697404206,-0.000333364238031,-0.000879414204974,-0.000300541840261,0.00168469769415],[0.0000155181714945,-0.000376200478058,0.000168525773915,0.0000787576282164,0.000024417806344,-0.00334033602849,0.00868757814169,-0.00457409117371,0.0000466978744953,-0.000573277764488,0.000773132022005,-0.00000128470173877,0.000562191999052],[-0.000321237894241,-0.000268378120381,-0.00121490005404,0.00113387452438,0.00108573958278,0.000158979310072,-0.00457409117371,0.013186709024,-0.00594245130196,0.00282923667692,-0.00138945016079,0.000523893628269,0.000551634351723],[0.000132405024488,-0.00000975456805463,0.00124143948779,-0.000476480723592,-0.000454616063507,-0.00114697404206,0.0000466978744953,-0.00594245130196,0.0156919825822,-0.00596427498385,0.00127211236395,-0.0021928914357,-0.000322840554873],[-0.000477254303405,0.000876608944964,0.0000843520538183,-0.000828775577247,-0.00193659192882,-0.000333364238031,-0.000573277764488,0.00282923667692,-0.00596427498385,0.014744493179,-0.00575431575999,0.002276140498,0.0000772778512328],[0.000151965708937,-0.00110577396117,-0.00020114905783,0.000270122982329,0.00130529236048,-0.000879414204974,0.000773132022005,-0.00138945016079,0.00127211236395,-0.00575431575999,0.0158219169825,-0.00539030553773,0.0025805325713],[-0.000274376070593,0.000522867660038,-0.00112243613694,0.000661154394038,-0.000873473181855,-0.000300541840261,-0.00000128470173877,0.000523893628269,-0.0021928914357,0.002276140498,-0.00539030553773,0.0180526282638,-0.00615291437134],[0.0000861437583808,-0.000592230120674,-0.000939519377425,-0.00255075376481,-0.000210669400985,0.00168469769415,0.000562191999052,0.000551634351723,-0.000322840554873,0.0000772778512328,0.0025805325713,-0.00615291437134,0.015752883628]],"mean":[-651.058349609,129.489959717,-30.4788551331,16.7404346466,-9.11354446411,-5.46289396286,-4.59944152832,4.75554609299,-1.84601843357,1.23492491245,0.86209243536,-0.145291730762,-2.70493841171]},"pitch_salience":{"dmean":0.0754349380732,"dmean2":0.122179992497,"dvar":0.00475734332576,"dvar2":0.0120658101514,"max":0.901512205601,"mean":0.60834223032,"median":0.62116932869,"min":0.183840915561,"var":0.0105647565797},"silence_rate_20dB":{"dmean":0,"dmean2":0,"dvar":0,"dvar2":0,"max":1,"mean":1,"median":1,"min":1,"var":0},"silence_rate_30dB":{"dmean":0.000208833662327,"dmean2":0.000417710951297,"dvar":0.000208787198062,"dvar2":0.000626380555332,"max":1,"mean":0.999895572662,"median":1,"min":0,"var":0.000104394319351},"silence_rate_60dB":{"dmean":0.02756604366,"dmean2":0.0551378428936,"dvar":0.0268089585006,"dvar2":0.0589969977736,"max":1,"mean":0.090728752315,"median":0,"min":0,"var":0.0825024843216},"spectral_centroid":{"dmean":227.977127075,"dmean2":351.203369141,"dvar":89451.1875,"dvar2":190121.046875,"max":11841.3535156,"mean":1512.36169434,"median":1424.28955078,"min":295.787506104,"var":596406.375},"spectral_complexity":{"dmean":3.28599762917,"dmean2":4.83020067215,"dvar":10.4275865555,"dvar2":20.3201236725,"max":50,"mean":21.3338909149,"median":22,"min":0,"var":99.6225509644},"spectral_contrast_coeffs":{"dmean":[0.0495260134339,0.0513002499938,0.043321788311,0.0334819890559,0.0237084757537,0.0200534146279],"dmean2":[0.0794302672148,0.0831200703979,0.06742926687,0.0531519129872,0.0375232174993,0.0305882599205],"dvar":[0.00181892781984,0.00186581874732,0.00133172271308,0.000731660693418,0.000410901469877,0.000360842328519],"dvar2":[0.00415577646345,0.00472215656191,0.00289864931256,0.00172630045563,0.000975681934506,0.000762682582717],"max":[-0.300209403038,-0.388378083706,-0.413520276546,-0.522943198681,-0.540910243988,-0.604986548424],"mean":[-0.643988609314,-0.696745336056,-0.704832613468,-0.748019874096,-0.759636819363,-0.739749729633],"median":[-0.652766108513,-0.701726675034,-0.714653015137,-0.750003933907,-0.761833190918,-0.734143972397],"min":[-0.975848078728,-0.978791177273,-0.978329718113,-0.972769141197,-0.965188860893,-0.963499367237],"var":[0.00815280899405,0.00655117677525,0.00914945267141,0.00368597288616,0.00236247619614,0.00201607961208]},"spectral_contrast_valleys":{"dmean":[0.443304508924,0.374277293682,0.334149450064,0.305063575506,0.256305545568,0.323272287846],"dmean2":[0.701675832272,0.601300418377,0.518671572208,0.454327762127,0.368097007275,0.424754440784],"dvar":[0.228659197688,0.12424300611,0.105567902327,0.0957772657275,0.0888296738267,0.15209273994],"dvar2":[0.436191141605,0.286234050989,0.224157378078,0.186613351107,0.158158004284,0.259268790483],"max":[-5.43483686447,-4.82462406158,-5.03903198242,-5.91694784164,-5.88573360443,-7.56899118423],"mean":[-8.01623439789,-6.93535804749,-7.46905994415,-7.85610103607,-7.66711568832,-10.8070707321],"median":[-7.43676662445,-6.68632745743,-7.20940685272,-7.56453704834,-7.30367946625,-10.5049819946],"min":[-28.4309806824,-28.008348465,-27.5724029541,-27.6299209595,-27.4224815369,-27.4143753052],"var":[3.26022148132,2.53838896751,2.79439926147,2.81835103035,2.78018856049,2.57675719261]},"spectral_decrease":{"dmean":1.95044469464e-9,"dmean2":3.00009705967e-9,"dvar":6.98272124148e-18,"dvar2":1.64693595562e-17,"max":1.11308101967e-15,"mean":-5.92137938682e-9,"median":-5.21859799818e-9,"min":-2.96050686188e-8,"var":2.00146788227e-17},"spectral_energy":{"dmean":0.0077812182717,"dmean2":0.0119257988408,"dvar":0.000105074395833,"dvar2":0.000246644922299,"max":0.119135700166,"mean":0.0244539566338,"median":0.0218613557518,"min":9.88019662653e-21,"var":0.000326592824422},"spectral_energyband_high":{"dmean":0.000240890338318,"dmean2":0.000351351889549,"dvar":8.22512049581e-7,"dvar2":0.00000168724568539,"max":0.0235832743347,"mean":0.000512611237355,"median":0.000247230753303,"min":7.20083906903e-21,"var":0.00000185532644537},"spectral_energyband_low":{"dmean":0.00333941471763,"dmean2":0.005643137265,"dvar":0.0000741190597182,"dvar2":0.000186836929061,"max":0.0741867348552,"mean":0.00376434111968,"median":0.0016560012009,"min":2.00368918655e-23,"var":0.0000615437529632},"spectral_energyband_middle_high":{"dmean":0.00284488964826,"dmean2":0.00410451367497,"dvar":0.0000161912485055,"dvar2":0.0000371426176571,"max":0.0789850354195,"mean":0.00963116623461,"median":0.00628221966326,"min":1.11262729316e-21,"var":0.0000997671013465},"spectral_energyband_middle_low":{"dmean":0.00413201004267,"dmean2":0.00637553073466,"dvar":0.0000251330984611,"dvar2":0.0000593549157202,"max":0.0614338107407,"mean":0.0110175982118,"median":0.00889007560909,"min":1.82033768578e-22,"var":0.0000813415535958},"spectral_entropy":{"dmean":0.142947018147,"dmean2":0.204196989536,"dvar":0.0235958341509,"dvar2":0.0452905111015,"max":9.82012081146,"mean":7.45450162888,"median":7.49409198761,"min":5.41030550003,"var":0.205943495035},"spectral_flux":{"dmean":0.024531358853,"dmean2":0.0383413285017,"dvar":0.000684593978804,"dvar2":0.00144756794907,"max":0.269351392984,"mean":0.083082601428,"median":0.0804822444916,"min":6.47309844615e-11,"var":0.0021105480846},"spectral_kurtosis":{"dmean":2.0320661068,"dmean2":3.47263050079,"dvar":4.93351316452,"dvar2":14.1961612701,"max":41.6554298401,"mean":5.82397937775,"median":5.08059263229,"min":-1.29069328308,"var":15.5752916336},"spectral_rms":{"dmean":0.000736944668461,"dmean2":0.00108249962796,"dvar":6.86021905949e-7,"dvar2":0.00000143563079291,"max":0.010780999437,"mean":0.00447164196521,"median":0.00461824145168,"min":3.10470876438e-12,"var":0.0000038620023588},"spectral_rolloff":{"dmean":462.914855957,"dmean2":764.192016602,"dvar":864366,"dvar2":1746277.75,"max":21899.2675781,"mean":1902.77368164,"median":1507.32421875,"min":86.1328125,"var":4505828.5},"spectral_skewness":{"dmean":0.241414412856,"dmean2":0.395765602589,"dvar":0.0532316751778,"dvar2":0.137927532196,"max":5.078145504,"mean":1.5577660799,"median":1.50371932983,"min":-0.0828977450728,"var":0.249573051929},"spectral_spread":{"dmean":427479.9375,"dmean2":613645.5,"dvar":587828101120,"dvar2":1145862488060,"max":50294484,"mean":3681789,"median":3234351.5,"min":1169045.75,"var":7129442811900},"spectral_strongpeak":{"dmean":0.787701129913,"dmean2":1.29079318047,"dvar":1.33163952827,"dvar2":3.23783683777,"max":29.5654335022,"mean":1.67146742344,"median":1.12259435654,"min":0,"var":2.79804253578},"zerocrossingrate":{"dmean":0.00955556798726,"dmean2":0.0110500147566,"dvar":0.000267682393314,"dvar2":0.000295444420772,"max":0.87451171875,"mean":0.0652349442244,"median":0.0537109375,"min":0.01123046875,"var":0.00385518022813}},"metadata":{"audio_properties":{"analysis_sample_rate":44100,"bit_rate":0,"codec":"flac","downmix":"mix","equal_loudness":0,"length":222.36000061,"lossless":true,"md5_encoded":"5017cb9706130607365b88bbff3baafd","replay_gain":-11.0074539185,"sample_rate":44100},"tags":{"acoustid_id":["b0e115d2-d330-4b78-a957-52d2b4a0658c"],"album":["10 Year Anniversary Box Set"],"albumartist":["Blur"],"albumartistsort":["Blur"],"artist":["Blur"],"artists":["Blur"],"artistsort":["Blur"],"asin":["B00000JZCU"],"barcode":["724388743426"],"catalognumber":["BLURBOX 10"],"date":["1999-09-27"],"discnumber":["7"],"discsubtitle":["Sunday Sunday"],"disctotal":["22"],"engineer":["John Smith"],"file_name":"09 - Let's All Go Down the Strand.flac","label":["EMI","Food"],"language":["eng"],"media":["CD"],"musicbrainz_albumartistid":["ba853904-ae25-4ebb-89d6-c44cfbd71bd2"],"musicbrainz_albumid":["28465118-16ec-4f0f-aae7-bed8f9fc2ed5"],"musicbrainz_artistid":["ba853904-ae25-4ebb-89d6-c44cfbd71bd2"],"musicbrainz_recordingid":["e82a3882-1cae-4ff1-a3b0-e6508be07d7b"],"musicbrainz_releasegroupid":["6a8d9901-1017-3476-8d85-bd2b95200ea8"],"musicbrainz_releasetrackid":["7604a32c-5bc6-31e7-b245-8035074bb05c"],"musicbrainz_workid":["df4dcfd8-7e39-4fad-a3c1-a713c5b43ef1"],"originaldate":["1999"],"producer":["Stephen Street"],"releasecountry":["GB"],"releasestatus":["official"],"releasetype":["album","compilation"],"script":["Latn"],"title":["Let's All Go Down the Strand"],"totaldiscs":["22"],"totaltracks":["9"],"tracknumber":["9"],"tracktotal":["9"],"work":["Let's All Go Down the Strand"]},"version":{"essentia":"2.1-beta1","essentia_build_sha":"ca57ba49d9b1854bd80e60cf9ccf267278fb7d6b","essentia_git_sha":"v2.1_beta1-28-g21ef5f4-dirty","extractor":"music 1.0"}},"rhythm":{"beats_count":479,"beats_loudness":{"dmean":0.0117421662435,"dmean2":0.0201250910759,"dvar":0.0000997540410026,"dvar2":0.000280185835436,"max":0.0890645831823,"mean"