{"lowlevel":{"average_loudness":0.954855501652,"barkbands":{"dmean":[0.000352483679308,0.00698144314811,0.00177168450318,0.00266916258261,0.00413597607985,0.00225448561832,0.000921503698919,0.000814691360574,0.00149163953029,0.000625155051239,0.000442442687927,0.000734919914976,0.000370464724256,0.000323258776916,0.000297916092677,0.000367057713447,0.000256833969615,0.0001456214668,0.000174276181497,0.000118084244605,0.0000960161487455,0.0000756873996579,0.0000800170309958,0.000116562398034,0.0000817280306364,0.0000316754558298,0.00000304139689433],"dmean2":[0.000566730683204,0.0124544845894,0.00296280742623,0.00450254557654,0.00706917373464,0.00362412887625,0.00154359417502,0.00132130866405,0.00228919368237,0.000959956960287,0.000691993685905,0.00111929583363,0.000572798540816,0.000523107533809,0.00048615981359,0.000593271863181,0.000419737305492,0.000238704422372,0.000295636418741,0.000199808069738,0.000161296440638,0.000125768128783,0.000125912643853,0.000175534238224,0.000120074837469,0.0000498755071021,0.00000506728338223],"dvar":[3.09575455049e-7,0.000318950100336,0.0000100865736385,0.0000226008669415,0.0000868341012392,0.0000237226231548,0.0000053522539929,0.00000520610274179,0.0000122297651615,0.0000030360506571,0.0000011458090512,0.00000379901689485,9.19676097055e-7,5.45305169908e-7,3.90397644878e-7,9.24686901271e-7,3.78672325496e-7,5.68694602521e-8,4.95239689258e-8,2.46592470887e-8,2.20629878811e-8,2.51356553349e-8,4.63141063278e-8,1.69854274645e-7,7.85824596505e-8,6.51396270257e-9,6.377726125e-11],"dvar2":[7.39910888115e-7,0.000880977138877,0.0000247458647209,0.0000606082030572,0.000236094958382,0.0000564614929317,0.0000137326078402,0.0000123375075418,0.0000293253815471,0.00000655677376926,0.00000293530001727,0.0000080874096966,0.00000183260124231,0.00000135209404561,0.00000101098419236,0.00000232813886214,9.7348709005e-7,1.43390721519e-7,1.35405642254e-7,6.62983978827e-8,5.40691260653e-8,6.1091107284e-8,9.68768532061e-8,3.71689509393e-7,1.55414653591e-7,1.49501975244e-8,1.5956155841e-10],"max":[0.00911403913051,0.135916382074,0.0418724417686,0.0568112209439,0.10132163763,0.071262165904,0.0592200495303,0.0386579185724,0.0561686567962,0.0387423932552,0.0301977880299,0.0406542271376,0.0233192313462,0.0140592567623,0.0120655084029,0.0260646697134,0.0160059779882,0.00576234050095,0.00432489579543,0.0024634830188,0.00524315051734,0.00358283706009,0.00478525040671,0.0154265407473,0.0104982797056,0.00163857766893,0.000171329273144],"mean":[0.000509255914949,0.00678082974628,0.00239146361127,0.00375391170382,0.00559195131063,0.0034676825162,0.00141962466296,0.00102866603993,0.00252378243022,0.00103598006535,0.000661666388623,0.00156452623196,0.000576981634367,0.000515427906066,0.000469529244583,0.000659466837533,0.000500890600961,0.000301264371956,0.000416900176788,0.000281735265162,0.000230383302551,0.000155698260642,0.000151507774717,0.000223054972594,0.000161421121447,0.0000566520284337,0.00000434100684288],"median":[0.000202625131351,0.00306828133762,0.00125994440168,0.00210455199704,0.00300264079124,0.00109147420153,0.000530304911081,0.000278452906059,0.000547666277271,0.000307499110932,0.000308962829877,0.000361476268154,0.000249837059528,0.000182964315172,0.00022045658261,0.000236291933106,0.00025024273782,0.00018823883147,0.000355178723112,0.000246504729148,0.000199020229047,0.000106432860775,0.0000774042200646,0.0000922246254049,0.000065510859713,0.000016814630726,4.35814456523e-7],"min":[7.39813281224e-25,2.19647886373e-24,1.89232269489e-24,1.52849994679e-24,1.01088217824e-23,6.62858203868e-24,1.35100444846e-23,6.41333266322e-24,2.11764030208e-23,1.05205204002e-23,2.02987431989e-23,1.70134735834e-23,3.23782341858e-23,3.64953718254e-23,4.07546874436e-23,4.81851134603e-23,5.28136601584e-23,9.56340366803e-23,1.2359993832e-22,1.63705311197e-22,2.01125881181e-22,3.44940348643e-22,3.05157398995e-22,4.94153578192e-22,8.12009643521e-22,1.13211925095e-21,1.9290629386e-21],"var":[5.43106011719e-7,0.000214033119846,0.0000115446919153,0.0000247464959102,0.0000777892419137,0.0000415196373069,0.00000973428541329,0.00000763525440561,0.0000308895905619,0.00000778075445851,0.00000162260357683,0.0000179355829459,0.00000152710504153,0.0000010682562106,6.02624652402e-7,0.00000219706839744,0.00000102099681953,1.46905009046e-7,1.19104598184e-7,5.55606902708e-8,5.10539344134e-8,4.47162200601e-8,9.86501476063e-8,3.09074010829e-7,1.67055617339e-7,1.19113954256e-8,1.04119150801e-10]},"barkbands_crest":{"dmean":3.04409003258,"dmean2":5.06646251678,"dvar":9.31748867035,"dvar2":25.2051811218,"max":25.7399959564,"mean":9.71808719635,"median":8.79710006714,"min":2.30390429497,"var":16.9864826202},"barkbands_flatness_db":{"dmean":0.0219995807856,"dmean2":0.0352865867317,"dvar":0.000532316335011,"dvar2":0.00138468760997,"max":0.368433982134,"mean":0.11565143615,"median":0.10666076839,"min":0.0229404233396,"var":0.00231838994659},"barkbands_kurtosis":{"dmean":3.12568569183,"dmean2":5.14279508591,"dvar":28.1132888794,"dvar2":72.6926727295,"max":67.8414535522,"mean":4.1383266449,"median":1.83595085144,"min":-1.96177220345,"var":48.3849029541},"barkbands_skewness":{"dmean":0.586422920227,"dmean2":0.924703121185,"dvar":0.460742086172,"dvar2":1.1417170763,"max":7.46731519699,"mean":1.45304679871,"median":1.3320991993,"min":-2.31952238083,"var":1.4424353838},"barkbands_spread":{"dmean":6.40470266342,"dmean2":9.98602390289,"dvar":65.7224502563,"dvar2":133.092788696,"max":105.580917358,"mean":24.5293426514,"median":22.4974994659,"min":0.828448951244,"var":222.908660889},"dissonance":{"dmean":0.0172936934978,"dmean2":0.029273159802,"dvar":0.000305822322844,"dvar2":0.000849464151543,"max":0.500000178814,"mean":0.466328620911,"median":0.474992901087,"min":0.17363217473,"var":0.000947459484451},"dynamic_complexity":2.08971118927,"erbbands":{"dmean":[0.189335271716,1.6085460186,2.42720746994,5.05386829376,16.3496589661,9.92162895203,16.6003704071,17.7930774689,14.5123472214,11.5867328644,20.2921142578,27.9275455475,28.5397377014,18.4454307556,18.7471809387,24.3397941589,15.3741703033,12.5064964294,15.2636938095,14.0368528366,21.7197570801,11.7197580338,8.2334985733,8.57103061676,7.46949529648,5.22125244141,4.14164209366,3.65886831284,2.73862981796,2.52377319336,2.27838492393,2.15543889999,2.22090482712,1.20657873154,0.444944858551,0.178124472499,0.0523998998106,0.00836407765746,0.000451661617262,0.0000233341706917],"dmean2":[0.319758802652,2.95469713211,4.1735701561,8.48042106628,28.3527565002,16.9853096008,26.5603580475,28.9016838074,24.117767334,19.4104633331,32.0544548035,43.6229248047,42.4954681396,28.6499652863,28.8183307648,37.1888656616,24.0841808319,19.9104652405,24.7661457062,22.3931694031,35.0543899536,19.1622829437,13.468298912,14.4144468307,12.4995174408,8.86103916168,6.98027420044,6.12881040573,4.58370351791,4.07495641708,3.59178352356,3.36139941216,3.32385253906,1.7702934742,0.673905432224,0.274866402149,0.084153033793,0.0135990865529,0.000749619037379,0.0000378347322112],"dvar":[0.172916948795,18.9741439819,25.3793907166,62.4207267761,1525.43859863,478.093933105,1314.17663574,1817.89416504,1367.78173828,1031.89855957,2981.64331055,5307.94482422,5322.21875,2086.05493164,2395.6394043,3458.82714844,1285.28027344,655.785888672,973.025939941,970.862670898,3624.52807617,446.905609131,200.782623291,122.639419556,87.3838272095,50.7112579346,41.3029785156,36.6855239868,30.7693729401,38.7641296387,40.4026145935,52.5382614136,62.9312553406,21.9521579742,1.54451072216,0.18355999887,0.0221477076411,0.000458154594526,0.0000014834039348,1.16939502526e-9],"dvar2":[0.450996845961,53.4692611694,65.732749939,167.172607422,4170.734375,1311.65026855,3063.17651367,4433.59960938,3448.34057617,2659.67675781,6816.25,13484.078125,11634.8564453,4884.4140625,6054.81396484,7752.20410156,2931.02246094,1513.71008301,2455.65161133,2525.64672852,9147.05078125,1169.5,503.55355835,330.227020264,238.161712646,136.308303833,105.996490479,88.3928833008,74.0300979614,88.5920410156,84.9975357056,120.466056824,135.449386597,45.8641853333,3.04706096649,0.384382396936,0.0551942922175,0.00113898341078,0.00000376321258955,2.89389312513e-9],"max":[3.644094944,31.6582145691,49.0210227966,85.0280075073,427.788604736,261.564208984,578.944152832,775.886779785,1125.64147949,902.484436035,936.474914551,1494.3092041,1153.54577637,1190.22595215,1477.10900879,1111.92895508,841.058654785,840.82208252,509.263244629,924.685668945,1760.13269043,391.748504639,398.340454102,201.923843384,144.033843994,134.190887451,149.126403809,250.414352417,152.036941528,180.538909912,123.690536499,251.45098877,296.553375244,179.68208313,35.3526687622,10.8629894257,3.25695943832,0.414368748665,0.024319883436,0.000524500675965],"mean":[0.222478091717,1.40335297585,2.82813858986,8.02631568909,19.3991718292,13.8451709747,26.6997699738,26.1633300781,22.8226089478,16.9578304291,29.4237270355,44.7953796387,52.5643501282,32.6649169922,37.9288635254,50.1126174927,28.7538204193,23.5662841797,26.0165290833,25.571844101,42.66771698,25.1802253723,18.0626659393,19.8918819427,18.710105896,12.839017868,9.58623027802,8.73219871521,5.72008800507,4.80279064178,4.20009803772,3.97594738007,4.11094045639,2.25843882561,0.886976003647,0.334389925003,0.0859464481473,0.0142652057111,0.00065302324947,0.0000579093175475],"median":[0.116016097367,0.519354760647,1.26316606998,4.9453663826,10.4811086655,7.39541816711,7.59700775146,8.83042907715,8.82049751282,7.7002286911,7.75631952286,12.0054578781,13.4126672745,15.438202858,13.1559839249,14.6804170609,13.0805482864,11.3469543457,12.1340456009,13.3370065689,15.0721082687,14.21961689,10.9691886902,16.9860954285,15.9379768372,11.554224968,8.36364364624,7.41927289963,4.10749530792,2.76394367218,1.99219107628,1.81371092796,1.57251191139,0.859962046146,0.368585646152,0.114274859428,0.0222662501037,0.00260989367962,0.0000915490236366,0.000047001769417],"min":[7.17682869267e-23,6.35197162258e-22,3.06909897041e-21,7.6304026853e-21,1.2388712307e-20,3.2755311819e-20,4.55523775065e-20,6.49105105659e-20,1.52900872412e-19,1.4767396982e-19,2.53232607438e-19,4.18403179122e-19,3.86310329114e-19,7.76252808298e-19,8.09893261534e-19,1.05302707937e-18,1.50852359625e-18,1.74075362264e-18,2.48195253283e-18,3.12085008756e-18,3.63235521051e-18,3.63150983193e-18,5.59825498818e-18,5.56642590539e-18,6.06780364931e-18,7.76137778494e-18,8.24652996755e-18,9.11983582542e-18,9.30668682681e-18,1.07437725204e-17,9.80212996342e-18,1.14452291245e-17,9.26505648094e-18,7.21420856309e-18,5.92048112785e-18,3.77558277435e-18,2.30864578679e-18,9.85020115113e-19,2.35019873958e-19,2.84187819148e-20],"var":[0.144173204899,11.7866315842,22.8493843079,82.5731430054,1166.47546387,442.789855957,2820.06030273,2777.32202148,2632.22070312,1150.77612305,5211.29492188,9937.81152344,14817.5869141,3886.77929688,8240.86230469,13425.5234375,2825.39501953,1828.85021973,1738.36633301,1702.55310059,9769.796875,1271.2623291,579.353637695,282.215332031,240.456802368,105.973846436,76.5233078003,87.1675033569,55.2663764954,71.8156051636,84.8922271729,87.7535171509,115.447387695,41.5406608582,3.57223892212,0.409236997366,0.03150299564,0.000766042270698,0.00000231466378864,1.92171456526e-9]},"erbbands_crest":{"dmean":2.95811128616,"dmean2":4.73607063293,"dvar":8.63812541962,"dvar2":21.2116394043,"max":31.7845153809,"mean":9.64557361603,"median":8.38691425323,"min":2.14166855812,"var":27.8705310822},"erbbands_flatness_db":{"dmean":0.016301041469,"dmean2":0.0249256733805,"dvar":0.000245936214924,"dvar2":0.000552805373445,"max":0.399719744921,"mean":0.140841394663,"median":0.13648429513,"min":0.0291521381587,"var":0.00216667796485},"erbbands_kurtosis":{"dmean":1.03739762306,"dmean2":1.63780593872,"dvar":1.93707358837,"dvar2":4.57272195816,"max":52.8121986389,"mean":0.910733878613,"median":0.00554466247559,"min":-1.81122648716,"var":9.53881168365},"erbbands_skewness":{"dmean":0.374504804611,"dmean2":0.574959874153,"dvar":0.125236183405,"dvar2":0.281866908073,"max":5.34224557877,"mean":0.42782074213,"median":0.335255980492,"min":-2.3989713192,"var":0.752586007118},"erbbands_spread":{"dmean":8.91482543945,"dmean2":13.7877817154,"dvar":92.1231307983,"dvar2":199.234970093,"max":168.014984131,"mean":41.9015655518,"median":38.5581169128,"min":1.51349318027,"var":464.485412598},"gfcc":{"cov":[[24681.7460938,57.1654052734,-1591.22302246,869.358276367,-953.459533691,806.764160156,-980.136108398,372.119537354,-745.805725098,120.25933075,-240.834899902,163.120391846,-151.680618286],[57.1654052734,1289.89160156,-508.695373535,-30.8583774567,-43.0232925415,-241.796386719,157.97114563,-106.191467285,128.367477417,-70.6441192627,92.646812439,-96.6125869751,107.826210022],[-1591.22302246,-508.695373535,953.972045898,-22.3066444397,18.9371318817,56.6680450439,-94.1074905396,66.0315246582,18.399810791,9.49572467804,18.8374881744,55.8644599915,-65.6374893188],[869.358276367,-30.8583774567,-22.3066444397,235.260910034,-8.38511657715,34.9005355835,-52.2111282349,-14.4359912872,-25.2701263428,-12.7450551987,21.883895874,18.1039714813,8.71664333344],[-953.459533691,-43.0232925415,18.9371318817,-8.38511657715,232.720809937,12.199968338,87.0071029663,-13.9895906448,23.0523605347,25.1427001953,-6.40644359589,12.0189828873,-5.89449930191],[806.764160156,-241.796386719,56.6680450439,34.9005355835,12.199968338,256.32522583,-29.0980186462,33.2435417175,-80.048210144,16.4116477966,8.47518634796,7.0203332901,-19.9684391022],[-980.136108398,157.97114563,-94.1074905396,-52.2111282349,87.0071029663,-29.0980186462,229.418518066,-9.44410610199,46.4253349304,-1.51852989197,-23.4430484772,-28.3304481506,10.886888504],[372.119537354,-106.191467285,66.0315246582,-14.4359912872,-13.9895906448,33.2435417175,-9.44410610199,145.738708496,34.9964408875,11.5841016769,-34.8769950867,-4.84122514725,3.51273679733],[-745.805725098,128.367477417,18.399810791,-25.2701263428,23.0523605347,-80.048210144,46.4253349304,34.9964408875,128.008132935,12.6412124634,7.10831069946,-23.128616333,17.8094654083],[120.25933075,-70.6441192627,9.49572467804,-12.7450551987,25.1427001953,16.4116477966,-1.51852989197,11.5841016769,12.6412124634,80.5497894287,13.2747554779,13.0532779694,-20.4334354401],[-240.834899902,92.646812439,18.8374881744,21.883895874,-6.40644359589,8.47518634796,-23.4430484772,-34.8769950867,7.10831069946,13.2747554779,116.314430237,24.1703624725,17.8757572174],[163.120391846,-96.6125869751,55.8644599915,18.1039714813,12.0189828873,7.0203332901,-28.3304481506,-4.84122514725,-23.128616333,13.0532779694,24.1703624725,74.330039978,9.18878078461],[-151.680618286,107.826210022,-65.6374893188,8.71664333344,-5.89449930191,-19.9684391022,10.886888504,3.51273679733,17.8094654083,-20.4334354401,17.8757572174,9.18878078461,85.1007995605]],"icov":[[0.000205417774851,-0.000444635370513,0.000311359326588,-0.0005777758779,0.000551706820261,-0.000591172662098,0.000656110350974,-0.00075534573989,0.000726231024601,-0.000697249022778,0.00095800915733,-0.000999555108137,0.000662866805214],[-0.000444635370513,0.00286402646452,0.0000428840648965,0.00134223047644,-0.000867240887601,0.00237208465114,-0.00215538148768,0.00213069561869,-0.00235925847664,0.00264638452791,-0.00411497615278,0.00399367464706,-0.0022791295778],[0.000311359326588,0.0000428840648965,0.00211551622488,-0.000536062289029,0.000734795350581,-0.000888902810402,0.00129442033358,-0.00143082533032,-0.000162854979862,0.000292780081509,0.000409819942433,-0.00222670310177,0.00218171672896],[-0.0005777758779,0.00134223047644,-0.000536062289029,0.00644544046372,-0.00181923655327,0.000950701942202,-0.000727693666704,0.00254309736192,-0.00238399836235,0.00321592506953,-0.0032658695709,0.00193731451873,-0.00197101919912],[0.000551706820261,-0.000867240887601,0.000734795350581,-0.00181923655327,0.00724781583995,-0.00236004707403,-0.000599243561737,-0.000590006937273,0.000298951781588,-0.00308056361973,0.00327573390678,-0.0043242550455,0.00186111347284],[-0.000591172662098,0.00237208465114,-0.000888902810402,0.000950701942202,-0.00236004707403,0.00874440930784,-0.00268592033535,-0.000671567919198,0.00326472893357,0.00102497148328,-0.00591991143301,0.00637079495937,-0.00246401550248],[0.000656110350974,-0.00215538148768,0.00129442033358,-0.000727693666704,-0.000599243561737,-0.00268592033535,0.00877228658646,-0.00172214361373,0.000516176573001,-0.00192912726197,0.00488409027457,-0.00278543378226,0.00195401743986],[-0.00075534573989,0.00213069561869,-0.00143082533032,0.00254309736192,-0.000590006937273,-0.000671567919198,-0.00172214361373,0.0134283285588,-0.00830083340406,0.00161289260723,0.000596387370024,0.00272385589778,-0.00423742178828],[0.000726231024601,-0.00235925847664,-0.000162854979862,-0.00238399836235,0.000298951781588,0.00326472893357,0.000516176573001,-0.00830083340406,0.0191680938005,-0.00665671657771,0.000416229158873,0.00240088603459,-0.000490780221298],[-0.000697249022778,0.00264638452791,0.000292780081509,0.00321592506953,-0.00308056361973,0.00102497148328,-0.00192912726197,0.00161289260723,-0.00665671657771,0.0196394920349,-0.00665302248672,0.00000827613621368,0.0030132306274],[0.00095800915733,-0.00411497615278,0.000409819942433,-0.0032658695709,0.00327573390678,-0.00591991143301,0.00488409027457,0.000596387370024,0.000416229158873,-0.00665302248672,0.0188086200505,-0.0100008752197,0.0012048202334],[-0.000999555108137,0.00399367464706,-0.00222670310177,0.00193731451873,-0.0043242550455,0.00637079495937,-0.00278543378226,0.00272385589778,0.00240088603459,0.00000827613621368,-0.0100008752197,0.0263086110353,-0.0085587464273],[0.000662866805214,-0.0022791295778,0.00218171672896,-0.00197101919912,0.00186111347284,-0.00246401550248,0.00195401743986,-0.00423742178828,-0.000490780221298,0.0030132306274,0.0012048202334,-0.0085587464273,0.0186775587499]],"mean":[14.9224596024,86.8683853149,-109.409675598,38.129863739,-56.8225708008,16.6904602051,-37.6748046875,12.0884418488,-29.9050617218,0.704251766205,-16.6469154358,-0.134502828121,-7.02877521515]},"hfc":{"dmean":6.83363819122,"dmean2":10.6703643799,"dvar":93.1798629761,"dvar2":212.33795166,"max":313.549682617,"mean":26.1015262604,"median":24.3205738068,"min":1.07398583018e-16,"var":295.004608154},"melbands":{"dmean":[0.00182032596786,0.00159603194334,0.001216771896,0.000985182006843,0.000510572572239,0.000402223464334,0.000212219849345,0.000134155343403,0.000173748281668,0.000194975786144,0.000145570738823,0.0000783619252616,0.0000601419487793,0.0000801667774795,0.0000590810559515,0.0000300173196592,0.0000249750719377,0.0000268457752099,0.0000260649630945,0.0000207030207093,0.0000280603362626,0.0000144888435898,0.00000912306859391,0.00000696127062838,0.00000788031320553,0.00000704700551069,0.00000501689373777,0.00000365761434296,0.0000028607510103,0.00000281412326331,0.00000210825328395,0.00000171586248143,0.00000145314675137,0.00000150257301357,0.00000138488917401,0.00000138302777941,0.00000140564168305,0.00000167631048953,0.00000150740402205,9.2515142569e-7],"dmean2":[0.00317459134385,0.00283091235906,0.00204740464687,0.00171866256278,0.000814108760096,0.000648575660307,0.000353647250449,0.000223921160796,0.000271025986876,0.000303549139062,0.00021717036725,0.000121330464026,0.0000932474576985,0.000119778480439,0.0000927022701944,0.0000474639491586,0.0000400993740186,0.0000437143717136,0.0000422254197474,0.0000331154333253,0.0000451776904811,0.0000236555843003,0.0000150281857714,0.0000113714004328,0.0000133085686684,0.0000119485139294,0.00000848760464578,0.00000623502410235,0.00000486682802148,0.000004760781394,0.00000354276698999,0.0000029016625831,0.00000239729024543,0.00000241735665441,0.00000221930054067,0.00000221118716581,0.00000219583807848,0.00000253998655353,0.00000225980124924,0.00000137841277592],"dvar":[0.00001931863153,0.0000148264898598,0.0000050891662795,0.00000575135391045,0.0000011455853155,8.38631081024e-7,2.71773302529e-7,1.36479542334e-7,2.12870119753e-7,2.48194481856e-7,1.36874049872e-7,3.9559434839e-8,2.09110755378e-8,5.73345282362e-8,3.53289841826e-8,3.82525788822e-9,2.99635360967e-9,4.19233447957e-9,3.38190142557e-9,3.38644245979e-9,6.34842534097e-9,8.40721658957e-10,2.63585264726e-10,1.13286380277e-10,1.05633612968e-10,8.45230621604e-11,4.73767206022e-11,2.61627785408e-11,1.9347700525e-11,1.89010838231e-11,1.39866096135e-11,1.18672936061e-11,9.51923175702e-12,1.47206621892e-11,1.45463320209e-11,1.67177868771e-11,2.33614794176e-11,3.29182341108e-11,3.46786557803e-11,1.20980742785e-11],"dvar2":[0.0000524558454345,0.0000404018901463,0.0000136388789542,0.0000159202118084,0.00000263749052465,0.00000202669434657,6.94354866937e-7,3.43112759538e-7,4.7623439059e-7,6.26660494163e-7,2.97588456988e-7,9.16371689641e-8,5.46916361088e-8,1.16755828117e-7,8.63942446472e-8,9.1485921061e-9,7.03692082382e-9,1.05307718101e-8,8.52524095762e-9,8.607917934e-9,1.62007385285e-8,2.17360063282e-9,6.81824263715e-10,2.79328088437e-10,2.86736967503e-10,2.31654848082e-10,1.27771543346e-10,7.10562650386e-11,5.06110396647e-11,4.77419111189e-11,3.5272527954e-11,2.87886849776e-11,2.29981259731e-11,3.3498828711e-11,3.09028289069e-11,3.86510407013e-11,5.34133952346e-11,7.19427850626e-11,7.42666553255e-11,2.59127597851e-11],"max":[0.0346021875739,0.0307991039008,0.0274602174759,0.025037907064,0.017110157758,0.0150513872504,0.0143434815109,0.0084312139079,0.00729205086827,0.010512707755,0.00570443226025,0.00494829053059,0.00416619889438,0.00562180904672,0.00493982387707,0.00159420224372,0.00184670451563,0.00118704827037,0.00131366308779,0.0018417541869,0.00205344334245,0.000630525872111,0.000307236536173,0.000209784906474,0.000190696766367,0.00017658447905,0.000135297654197,0.0000924560445128,0.0000821331705083,0.000161116637173,0.000181539609912,0.000107914042019,0.0000571952332393,0.000106688559754,0.0000738128655939,0.000119357355288,0.000158331982675,0.000202725525014,0.000230486810324,0.000122104465845],"mean":[0.00193895271514,0.00163318263367,0.00179531692993,0.001205640845,0.000849255768117,0.000605471374001,0.000335390592227,0.000187313693459,0.000254174636211,0.00031988529372,0.000265126989689,0.000133735797135,0.000105443810753,0.000173274675035,0.000103025828139,0.0000519957138749,0.0000419927564508,0.0000417418632424,0.000040296723455,0.0000356631608156,0.0000528759119334,0.0000279681498796,0.0000177586334758,0.0000137693486977,0.0000165121073223,0.000015625028027,0.0000111211102194,0.00000794260904513,0.00000577350328967,0.00000606723369856,0.00000459418879473,0.00000332058084496,0.00000270067880592,0.00000264594632426,0.00000238846109823,0.00000239431506088,0.00000242718306254,0.00000294459346151,0.00000263291371994,0.00000166600909779],"median":[0.000968444568571,0.000685373670422,0.00114369601943,0.00068426784128,0.000277886050753,0.000204705982469,0.000132685701828,0.0000784725561971,0.0000539907850907,0.0000764936121413,0.0000631020957371,0.0000556176746613,0.000043872743845,0.0000364708575944,0.0000300442152366,0.0000237560361711,0.0000176067442226,0.0000154400677275,0.0000174576452991,0.0000136198505061,0.0000171218453033,0.0000149234274431,0.0000101234400063,0.00000893294782145,0.0000137383303809,0.0000125978840515,0.00000904975058802,0.00000692709227224,0.00000482507539346,0.0000050181847655,0.00000374395472136,0.00000234678236666,0.00000163179254287,0.00000144082423503,0.00000108607719085,0.00000112646478101,0.00000101522084606,0.00000112396185159,9.17512920751e-7,6.35836613583e-7],"min":[7.74510440671e-25,1.60110463375e-24,1.80069630353e-24,1.33424285027e-24,1.58507241636e-24,1.68057073425e-24,2.46790420754e-24,1.37069749321e-24,1.30187194303e-24,2.58786076338e-24,1.60266845189e-24,2.97258152153e-24,2.96591111093e-24,2.16196245204e-24,3.27283973143e-24,2.65294592958e-24,2.69677898577e-24,3.09936192141e-24,3.49848372982e-24,3.11641531924e-24,3.43783689229e-24,3.34186644114e-24,3.649574259e-24,4.83256742741e-24,4.15056522598e-24,3.71922712706e-24,3.97385604448e-24,4.53357652256e-24,4.30861508606e-24,3.5247441205e-24,5.71355466459e-24,4.01801213921e-24,5.49623374039e-24,5.45203662488e-24,5.26877595356e-24,5.36628823335e-24,5.41764228942e-24,5.45719104204e-24,6.65497495799e-24,5.80166963884e-24],"var":[0.0000139737421705,0.0000106936186057,0.00000485643749926,0.00000424502741225,0.00000262131788986,0.00000133888590881,4.99295197187e-7,1.70334459426e-7,4.27022712302e-7,5.34217804216e-7,3.89788084476e-7,8.05321036523e-8,4.35628777495e-8,2.98035331525e-7,9.95608786525e-8,7.65063568053e-9,7.28196081212e-9,7.14410886005e-9,5.36415756258e-9,6.50844800276e-9,1.74948500131e-8,2.19636575594e-9,6.04543970439e-10,2.71161065823e-10,2.16706930178e-10,1.90311183479e-10,1.11566728078e-10,4.6411433724e-11,3.04093139558e-11,3.80830679492e-11,2.97426042128e-11,1.97142354524e-11,1.68998981476e-11,2.64555183316e-11,2.97338889621e-11,2.88565456252e-11,3.7065912839e-11,5.72158570522e-11,6.16170378609e-11,2.23335690219e-11]},"melbands_crest":{"dmean":3.30251169205,"dmean2":5.41465091705,"dvar":8.89815616608,"dvar2":22.9146022797,"max":31.4516124725,"mean":12.9060964584,"median":12.2259101868,"min":1.61572349072,"var":21.2781848907},"melbands_flatness_db":{"dmean":0.027040656656,"dmean2":0.0428166352212,"dvar":0.000886123336386,"dvar2":0.00221887836233,"max":0.431704312563,"mean":0.18217895925,"median":0.170862570405,"min":0.00343492487445,"var":0.00375814270228},"melbands_kurtosis":{"dmean":8.55816555023,"dmean2":14.1375837326,"dvar":251.129318237,"dvar2":653.650695801,"max":238.593917847,"mean":13.5341119766,"median":7.45649909973,"min":-1.64982843399,"var":357.311096191},"melbands_skewness":{"dmean":0.857920408249,"dmean2":1.36111581326,"dvar":1.08419454098,"dvar2":2.69270253181,"max":12.4747428894,"mean":2.53265476227,"median":2.29471063614,"min":-1.43906795979,"var":2.95811033249},"melbands_spread":{"dmean":7.2743396759,"dmean2":11.2630958557,"dvar":78.5471801758,"dvar2":177.856552124,"max":185.42779541,"mean":25.8961200714,"median":21.687330246,"min":1.12782788277,"var":388.439117432},"mfcc":{"cov":[[8102.76953125,199.968612671,9.02420425415,177.637191772,258.548217773,163.250640869,175.323455811,45.0855407715,-57.6879882812,-78.0772399902,-143.224487305,4.49991035461,-15.3086309433],[199.968612671,1023.47741699,-172.791610718,103.785346985,-98.1755981445,-47.8899993896,-20.8950233459,-20.9996089935,3.92654943466,-5.98862600327,26.0930118561,-11.941570282,-5.20221757889],[9.02420425415,-172.791610718,638.149841309,-42.6301383972,112.675369263,-60.3673439026,-43.7759170532,24.6277599335,-57.7609214783,17.0592536926,-22.4009361267,54.7049217224,-13.3324079514],[177.637191772,103.785346985,-42.6301383972,221.95930481,2.00165772438,4.63744688034,-22.3533000946,-4.43228912354,0.974142551422,-32.2303276062,-0.669664442539,4.64762067795,7.3451294899],[258.548217773,-98.1755981445,112.675369263,2.00165772438,174.557479858,9.04732704163,3.30263233185,9.14395809174,-14.6412620544,-1.85158634186,-13.9520282745,37.1773414612,11.1015310287],[163.250640869,-47.8899993896,-60.3673439026,4.63744688034,9.04732704163,163.544052124,78.8589019775,4.18398284912,-22.7259540558,-12.1621923447,8.14239215851,-11.9799604416,5.77529335022],[175.323455811,-20.8950233459,-43.7759170532,-22.3533000946,3.30263233185,78.8589019775,122.774627686,33.3388557434,6.35481262207,5.23053789139,1.56541359425,-10.1312828064,-5.2698674202],[45.0855407715,-20.9996089935,24.6277599335,-4.43228912354,9.14395809174,4.18398284912,33.3388557434,76.726020813,35.547454834,13.2374048233,-7.00973892212,-2.81262731552,-5.1942987442],[-57.6879882812,3.92654943466,-57.7609214783,0.974142551422,-14.6412620544,-22.7259540558,6.35481262207,35.547454834,123.769851685,48.7402915955,14.0147218704,-24.5680561066,-7.47864627838],[-78.0772399902,-5.98862600327,17.0592536926,-32.2303276062,-1.85158634186,-12.1621923447,5.23053789139,13.2374048233,48.7402915955,89.7353820801,30.1063556671,-1.4066324234,-14.7848787308],[-143.224487305,26.0930118561,-22.4009361267,-0.669664442539,-13.9520282745,8.14239215851,1.56541359425,-7.00973892212,14.0147218704,30.1063556671,71.8054656982,19.7295341492,4.84669971466],[4.49991035461,-11.941570282,54.7049217224,4.64762067795,37.1773414612,-11.9799604416,-10.1312828064,-2.81262731552,-24.5680561066,-1.4066324234,19.7295341492,77.8091583252,29.6306972504],[-15.3086309433,-5.20221757889,-13.3324079514,7.3451294899,11.1015310287,5.77529335022,-5.2698674202,-5.1942987442,-7.47864627838,-14.7848787308,4.84669971466,29.6306972504,61.4412384033]],"icov":[[0.000144538353197,-0.0000502311777382,0.0000106192528619,-0.000108599626401,-0.000211587583181,-0.0000699217416695,-0.000195192493265,0.0000380543060601,0.0000020734712507,-0.0000166363734024,0.000300408690237,-0.0000562863060622,0.0000780220652814],[-0.0000502311777382,0.00116753496695,0.00025241082767,-0.000513386796229,0.000519487133715,0.000601556675974,-0.000141155745951,0.0000313979071507,0.000349616311723,-0.000132163258968,-0.000445157085778,0.0000608001319051,0.0000591706484556],[0.0000106192528619,0.00025241082767,0.0022951522842,0.000193250743905,-0.00102068495471,0.000634210067801,0.000806501368061,-0.00143597426359,0.00165840180125,-0.00105133105535,0.00052974926075,-0.00093168951571,0.00092793838121],[-0.000108599626401,-0.000513386796229,0.000193250743905,0.00543589703739,-0.00028233838384,-0.000982847181149,0.00181628484279,-0.000463341595605,-0.00118995236699,0.00252159219235,-0.000618875434157,-0.000659186043777,0.000410232314607],[-0.000211587583181,0.000519487133715,-0.00102068495471,-0.00028233838384,0.00797968450934,-0.00101733661722,0.0000940661338973,0.0000968372187344,-0.000704750302248,-0.000446710619144,0.00213737902232,-0.00389617285691,-0.00000930390888243],[-0.0000699217416695,0.000601556675974,0.000634210067801,-0.000982847181149,-0.00101733661722,0.0108833005652,-0.00683321943507,0.000686917745043,0.00308038061485,0.000274100631941,-0.00292864232324,0.00352919148281,-0.00210863561369],[-0.000195192493265,-0.000141155745951,0.000806501368061,0.00181628484279,0.0000940661338973,-0.00683321943507,0.0151225477457,-0.00622692517936,0.000199108428205,-0.000433355307905,-0.000022278574761,-0.000540125765838,0.00147543288767],[0.0000380543060601,0.0000313979071507,-0.00143597426359,-0.000463341595605,0.0000968372187344,0.000686917745043,-0.00622692517936,0.0194269791245,-0.00669572455809,0.000374952534912,0.00330572458915,-0.00229964335449,0.00090563489357],[0.0000020734712507,0.000349616311723,0.00165840180125,-0.00118995236699,-0.000704750302248,0.00308038061485,0.000199108428205,-0.00669572455809,0.0153722800314,-0.0073389573954,-0.00210669380613,0.00584755465388,-0.00272770551965],[-0.0000166363734024,-0.000132163258968,-0.00105133105535,0.00252159219235,-0.000446710619144,0.000274100631941,-0.000433355307905,0.000374952534912,-0.0073389573954,0.0192521866411,-0.00700294785202,-0.00105012231506,0.00430284999311],[0.000300408690237,-0.000445157085778,0.00052974926075,-0.000618875434157,0.00213737902232,-0.00292864232324,-0.000022278574761,0.00330572458915,-0.00210669380613,-0.00700294785202,0.0214966479689,-0.00830980949104,0.000762930430938],[-0.0000562863060622,0.0000608001319051,-0.00093168951571,-0.000659186043777,-0.00389617285691,0.00352919148281,-0.000540125765838,-0.00229964335449,0.00584755465388,-0.00105012231506,-0.00830980949104,0.0236672498286,-0.0102999452502],[0.0000780220652814,0.0000591706484556,0.00092793838121,0.000410232314607,-0.00000930390888243,-0.00210863561369,0.00147543288767,0.00090563489357,-0.00272770551965,0.00430284999311,0.000762930430938,-0.0102999452502,0.0224659517407]],"mean":[-617.034606934,111.520835876,6.65536546707,24.0959377289,6.24292612076,3.08222460747,6.82368421555,3.3248796463,1.02047789097,-1.48789680004,-4.65448236465,-2.46496844292,-2.20901656151]},"pitch_salience":{"dmean":0.0771161168814,"dmean2":0.129223391414,"dvar":0.0061177033931,"dvar2":0.0169546641409,"max":0.912937045097,"mean":0.561283946037,"median":0.565865755081,"min":0.162513926625,"var":0.0124135315418},"silence_rate_20dB":{"dmean":0,"dmean2":0,"dvar":0,"dvar2":0,"max":1,"mean":1,"median":1,"min":1,"var":0},"silence_rate_30dB":{"dmean":0.00366225838661,"dmean2":0.00732526183128,"dvar":0.00364924059249,"dvar2":0.0109340650961,"max":1,"mean":0.998169064522,"median":1,"min":0,"var":0.00182787247468},"silence_rate_60dB":{"dmean":0.00366225838661,"dmean2":0.00732526183128,"dvar":0.00365065247752,"dvar2":0.00889919325709,"max":1,"mean":0.0394669920206,"median":0,"min":0,"var":0.0379083231091},"spectral_centroid":{"dmean":237.667984009,"dmean2":370.021148682,"dvar":72993.609375,"dvar2":159088.421875,"max":11818.6767578,"mean":1444.58215332,"median":1339.99926758,"min":234.09236145,"var":1375204.25},"spectral_complexity":{"dmean":3.88952183723,"dmean2":6.28304004669,"dvar":14.6309938431,"dvar2":35.849281311,"max":54,"mean":22.7197647095,"median":23,"min":0,"var":90.9451675415},"spectral_contrast_coeffs":{"dmean":[0.0534864626825,0.0502402074635,0.0396504551172,0.0303001888096,0.019288988784,0.0157953444868],"dmean2":[0.0875489339232,0.0818174108863,0.0636226981878,0.048933852464,0.0317226313055,0.0256894957274],"dvar":[0.00235726987012,0.00184784561861,0.00107505626511,0.000602940912358,0.000248030293733,0.000192752457224],"dvar2":[0.00615219445899,0.0045651900582,0.00262311124243,0.00153470842633,0.000648292771075,0.000464191631181],"max":[-0.288516014814,-0.392625004053,-0.474707275629,-0.592041492462,-0.646866321564,-0.53548592329],"mean":[-0.635759890079,-0.72005712986,-0.762240588665,-0.785767316818,-0.802345097065,-0.76566618681],"median":[-0.639924526215,-0.729584276676,-0.777443349361,-0.792099297047,-0.804626226425,-0.765545666218],"min":[-0.985309183598,-0.977710843086,-0.977839171886,-0.969385743141,-0.965764462948,-0.964721441269],"var":[0.00709334388375,0.00738801201805,0.00610174471512,0.0031523804646,0.00133948237635,0.002609268995]},"spectral_contrast_valleys":{"dmean":[0.362338274717,0.369240403175,0.293187707663,0.25171855092,0.192985653877,0.212954685092],"dmean2":[0.588242411613,0.610009610653,0.473808526993,0.401290476322,0.311842620373,0.323407649994],"dvar":[0.111266881227,0.123072937131,0.0719403475523,0.0611489005387,0.0520119965076,0.0765951797366],"dvar2":[0.26006218791,0.298721522093,0.157584503293,0.123422935605,0.102555468678,0.148911133409],"max":[-4.98863458633,-4.43717575073,-5.53302621841,-5.88253068924,-5.66699552536,-7.03503274918],"mean":[-7.10004091263,-6.8838019371,-7.27019453049,-7.67619800568,-7.36329841614,-9.89767551422],"median":[-6.75717830658,-6.57157087326,-6.92290210724,-7.30967998505,-6.89604282379,-9.46485042572],"min":[-27.9744949341,-28.1264686584,-27.9365749359,-27.7254009247,-27.5130329132,-27.4464054108],"var":[5.56683731079,5.68643426895,5.4829916954,5.38285160065,5.58340501785,5.14806413651]},"spectral_decrease":{"dmean":4.02514421793e-9,"dmean2":6.64034649489e-9,"dvar":3.61788451288e-17,"dvar2":9.35337455495e-17,"max":3.46492936966e-20,"mean":-8.76128236627e-9,"median":-7.17976700315e-9,"min":-4.43609167178e-8,"var":4.00927329151e-17},"spectral_energy":{"dmean":0.0155950523913,"dmean2":0.0256929062307,"dvar":0.000526585034095,"dvar2":0.00136095029302,"max":0.170574009418,"mean":0.0354345031083,"median":0.029821485281,"min":1.00186831401e-20,"var":0.000600043858867},"spectral_energyband_high":{"dmean":0.000411140877986,"dmean2":0.000638765632175,"dvar":9.41705252444e-7,"dvar2":0.00000189370939552,"max":0.0344783551991,"mean":0.00111612258479,"median":0.000808013428468,"min":7.06298748124e-21,"var":0.00000241773705056},"spectral_energyband_low":{"dmean":0.00879212561995,"dmean2":0.0151150124148,"dvar":0.000388946471503,"dvar2":0.00103435770143,"max":0.157551690936,"mean":0.011253843084,"median":0.00646742759272,"min":1.25935237968e-23,"var":0.000306999369059},"spectral_energyband_middle_high":{"dmean":0.0020093601197,"dmean2":0.0031036795117,"dvar":0.00000872268083185,"dvar2":0.0000202523351618,"max":0.0447149015963,"mean":0.00671023502946,"median":0.00424945447594,"min":9.60380521084e-22,"var":0.000049228030548},"spectral_energyband_middle_low":{"dmean":0.00871722027659,"dmean2":0.0141770606861,"dvar":0.000200309688807,"dvar2":0.000516956381034,"max":0.131717026234,"mean":0.0180213563144,"median":0.012769962661,"min":1.68902642385e-22,"var":0.000268463336397},"spectral_entropy":{"dmean":0.138249069452,"dmean2":0.213329434395,"dvar":0.0210073105991,"dvar2":0.0474386736751,"max":9.82455635071,"mean":7.73796081543,"median":7.77631139755,"min":5.22804689407,"var":0.215258821845},"spectral_flux":{"dmean":0.0355220399797,"dmean2":0.05626880005,"dvar":0.00189862796105,"dvar2":0.00349601567723,"max":0.342396080494,"mean":0.103670969605,"median":0.0888127684593,"min":6.24105489511e-11,"var":0.00375252589583},"spectral_kurtosis":{"dmean":1.08960926533,"dmean2":1.83393132687,"dvar":2.48289942741,"dvar2":7.4120516777,"max":54.1812858582,"mean":3.63504076004,"median":3.19226408005,"min":-1.33443570137,"var":8.28785324097},"spectral_rms":{"dmean":0.00112100108527,"dmean2":0.00178897718433,"dvar":0.0000019725164293,"dvar2":0.0000049141249292,"max":0.0129001419991,"mean":0.00553903402761,"median":0.0053938976489,"min":3.12639172363e-12,"var":0.0000038893904275},"spectral_rolloff":{"dmean":499.328216553,"dmean2":816.226257324,"dvar":960804.75,"dvar2":1937441.375,"max":19595.2148438,"mean":1631.55615234,"median":1076.66015625,"min":86.1328125,"var":5580886},"spectral_skewness":{"dmean":0.164016261697,"dmean2":0.26489803195,"dvar":0.0294841583818,"dvar2":0.0744836032391,"max":5.42694187164,"mean":1.43599951267,"median":1.40857374668,"min":-0.0874475240707,"var":0.206067040563},"spectral_spread":{"dmean":499830.53125,"dmean2":741892.25,"dvar":590439514112,"dvar2":1068633423870,"max":42995476,"mean":5520814.5,"median":4834812.5,"min":1524003.625,"var":16959536103400},"spectral_strongpeak":{"dmean":0.805717408657,"dmean2":1.35420668125,"dvar":1.55538511276,"dvar2":3.85064840317,"max":15.1545629501,"mean":1.44572532177,"median":0.667506694794,"min":0,"var":3.19961476326},"zerocrossingrate":{"dmean":0.0107652852312,"dmean2":0.0130339153111,"dvar":0.000177453039214,"dvar2":0.000213654115214,"max":0.529296875,"mean":0.0703705623746,"median":0.06005859375,"min":0.00732421875,"var":0.00339521514252}},"metadata":{"audio_properties":{"analysis_sample_rate":44100,"bit_rate":160018,"codec":"mp3","downmix":"mix","equal_loudness":0,"length":228.231842041,"lossless":false,"md5_encoded":"b10c38c5e364b191f9f28cf7065ee6e0","replay_gain":-15.2084255219,"sample_rate":44100},"tags":{"acoustid_fingerprint":["AQADtFESSYmSMVGE6uGgtF1xyTvaw07awiOhvR0eVDy8HyZp6Mgt4OpyPEqyGO5xPpiOK7iQB9qzHCm7Bx75ED-YRNIRT1uH81CpE1OqTHjxP7iyoMcv4rlwKuiY5UOMHtesDdfwoxYfpNJ6JFfg18GTHc0zPMyOsTnRo3mP_0h4CTnxnGA5DtViffDW4BOP9IJ-pJOKSkmK-C-SH35YvBLx5OB0NGfSoN6MEwd_5Dp06RkuCflRbzmabAQPksOVBUxiCv2DnJh0joaWFl_wSh80pClqMfgf48xRn2jc4MqE5BKiM9zwLMIfCU9yXGgu9GGF2IfeB4-OXPhhtS1-5PhyJaBzSOFz-ISO_Eb9Bc-CJ-cQPYYmE2GupDiNE08-YdQSdEeY0NCnIjxK-cEj_OiP5lk2JD1y49KHlsMPv4QrfDOsaTGSPTFyXB-uJIuJppRR9ki-HbE-7NFR32jSGrkOXYqOXH3w8LiJi0WY-oHGLzhD44dlJbh-NFOOfoaO_QpangQTReohL8cfpBzB9viP90QTOjisH2l0aFZ25HpwHdXRXAnyG7qRH19ydMl4OE-HWsORHHlyPJfwRKjaFK6CEMl3PMsl_JVw-A0uZCUTBg2XK5DzjEh_lMuOnjFhjghP8ILGZQlSeQ-OEz6RXBTCLEqOk8ePnKkg5kM-48nxnbiPbh_C5IR-5BIv_CQ-HKUUBWFi5tCPXC_OHMcfC0evwNWCPlGOHMmTH18uXIlS-MSj4kYS50e-C59SIT30_ciZ4HlwlsX9ozkRXoKO_CjlGA2zHdeN8A0U5chPvLTgZSuRH3qQnniC37heNAp59MWn40LfVPCPVNEdaEyP4BThTcvw6MF_REwFXRERpuhfHFXDh-giH8ctPEedhEUu6dCYR-jR1MZP_CKeQOMjC15-iPkchM-F8IeP9DFKZskQdoeWI9Yl9EmUNHAHJ2GPHg03VeiHXNCOlMcZ48zQ4z0ehNoh_hj1Qu4Rv_DQRlKMH0wehKd4JN8xKieeKRY-1GLQ9Dh3zFGSozaFJq-RFyx5fDEiUS-a-HiSWQjPIyQuvEdyckjtTriFV8c_XPiPRk2O8IJWXmgcJshFGVMeVGmL8Iek5TlO7Ed-9EvQ70i3Ht9aQSZCPsaPK0cj08EP-0QpRQn2o-1BPd8RaofSG9eLMA5Cq8Zn4TcOfTPyaLhy9EMzH88WNbjhH49UxMmh9ZhS5eBD6HkQ-fCzD7fQzSca5zh1hDR0BnkSG9V-rLvAYxZO1GPRuMcjMUGuhLiTdngGfUXfHOKD4zweHT-SH72C83jxnJlxdU4kGA91PEM-UdASE_1GQfdU5MkunPhxo3l49MepXcjTIzk7VEfzHN_xC32IZhJzPEByUUQsZpuCpwmuoJF2ofrxIT-h75g1hmicB7nxE3wOe4vQZxip-XiMn0iqI1f2FE-P02hO9Bh_XCt-3Efsox7EKVospNfxg08OV_zw4FkRSTr0IMyH_vhwaiXeo4mPJGJpZNWJJy2iVx60H2GS8JHw5DgvND7qaxmeI5fyQY-F2Ilw7NmqgMxy7EbzjuioCZeSHJc1_Cpy4VJq9CEnO