{"lowlevel":{"average_loudness":0.856913983822,"barkbands":{"dmean":[0.0000266568567895,0.00413796491921,0.0018845256418,0.0010093661258,0.00141600670759,0.00111533980817,0.000686189800035,0.000456003879663,0.000788969860878,0.000345478940289,0.000195894768694,0.00011160215945,0.000138443167089,0.000167721998878,0.000385258288588,0.000489670142997,0.000351880618837,0.00042107180343,0.000299197912682,0.000113571652037,0.0000960480683716,0.0000872235177667,0.0000590006056882,0.0000300570372929,0.00000991520664684,0.00000573285933569,3.64054386637e-7],"dmean2":[0.0000452596250398,0.00734681170434,0.00344657641836,0.00175418553408,0.00233148992993,0.00186253862921,0.00113199930638,0.000733717926778,0.00120726565365,0.000540500914212,0.000314852019073,0.000181959316251,0.000222746908548,0.000272220961051,0.000631010276265,0.000797693501227,0.000575471261982,0.00069536146475,0.000495122221764,0.000189609680092,0.000160573341418,0.00014351651771,0.0000912189570954,0.0000470974882774,0.0000148521439769,0.00000962034391705,5.55170856842e-7],"dvar":[3.34407346259e-9,0.0000930197566049,0.0000168722490343,0.00000314864041684,0.00000410648590332,0.00000203602894544,0.00000137749123041,0.00000159398177857,0.00000387786531064,0.00000110671771836,3.14238832289e-7,9.61514672326e-8,1.40055760767e-7,1.0810041573e-7,3.80006042633e-7,5.29488374923e-7,2.47643328066e-7,3.57385260941e-7,1.94494560901e-7,3.2354250834e-8,3.74239164103e-8,3.05266425471e-8,4.11780938236e-8,1.30148620769e-8,1.5735429626e-9,4.47118536639e-10,1.94320254332e-12],"dvar2":[8.39910541117e-9,0.000248746626312,0.0000486163844471,0.00000859708325152,0.0000109440798042,0.00000587677186559,0.00000342320936397,0.0000041898647396,0.00000817391537566,0.00000289383615382,7.79645404236e-7,2.41339336071e-7,3.55248886308e-7,2.8420637932e-7,0.00000100005149761,0.00000137969141178,6.39778704681e-7,9.64915443546e-7,4.92474214298e-7,8.59684305965e-8,9.82014896067e-8,7.92785712633e-8,7.51016386857e-8,2.86401871108e-8,3.64061203406e-9,1.1350871354e-9,3.84160455183e-12],"max":[0.00101578002796,0.0968551263213,0.0634889677167,0.0301947444677,0.0337593592703,0.0266931355,0.0279174409807,0.0259895231575,0.048251464963,0.0282799601555,0.0153236472979,0.00877408124506,0.00974977575243,0.00626062601805,0.0102113094181,0.0130433738232,0.00974912382662,0.0084630465135,0.00884815212339,0.00293971854262,0.00459008617327,0.00297907553613,0.0117585780099,0.00444374419749,0.00175082567148,0.000834521779325,0.0000536032894161],"mean":[0.0000291425130854,0.0037847510539,0.00186288100667,0.00119939609431,0.00303588341922,0.00222835643217,0.00105806544889,0.000712220673449,0.00151656288654,0.000569750147406,0.000332244089805,0.000196907305508,0.000247336691245,0.000313138531055,0.00082771491725,0.00113403750584,0.000807880947832,0.000959826284088,0.000794220133685,0.000275467726169,0.000229570869124,0.000211186285014,0.00012944728951,0.0000554382750124,0.00001566948049,0.00000662888351144,5.12043470735e-7],"median":[0.00000420198739448,0.00138355558738,0.00083331920905,0.000633695570286,0.00224632793106,0.00161052506883,0.000593739445321,0.000172210173332,0.000285129121039,0.0000872014716151,0.0000624670210527,0.0000616290635662,0.0000641813530819,0.000125450489577,0.000375387171516,0.000638298748527,0.000547398347408,0.000672369031236,0.000522554269992,0.000174200598849,0.000147141923662,0.000117140887596,0.0000634446332697,0.0000191316685232,0.00000497066412208,9.42826204664e-7,5.03801587115e-8],"min":[2.51233561474e-25,5.82141916603e-24,3.56654309885e-24,2.02409717594e-24,1.18053357899e-23,1.24514349594e-23,1.46612418254e-23,7.96185320954e-24,2.65746665477e-23,1.99918021539e-23,1.78705551797e-23,3.80724278372e-23,4.84970195959e-23,3.79390977225e-23,5.80239444424e-23,6.21814496722e-23,7.20553565656e-23,1.31304395683e-22,1.57555768099e-22,2.22862899248e-22,3.0671033164e-22,3.44154087823e-22,4.60121588626e-22,6.50673527746e-22,9.1941215962e-22,1.36401739698e-21,1.96819629601e-21],"var":[3.61675178695e-9,0.0000651961090625,0.0000115557286335,0.00000303820502268,0.00000827220083011,0.00000440814665126,0.00000257176043306,0.00000285953910861,0.0000132365848913,0.00000236264986597,7.23954713067e-7,2.29307801192e-7,3.74309905737e-7,2.46764557232e-7,0.00000112110467398,0.00000168565588865,6.9006813419e-7,9.17511044918e-7,6.48745185572e-7,8.16909064838e-8,6.64644517201e-8,7.0097954108e-8,1.23417777331e-7,2.8979361133e-8,2.64651012216e-9,6.2479160734e-10,4.46748410834e-12]},"barkbands_crest":{"dmean":2.58383488655,"dmean2":4.39869070053,"dvar":7.13639259338,"dvar2":20.0598297119,"max":24.6012477875,"mean":8.63832378387,"median":7.76448631287,"min":2.25469970703,"var":15.2572183609},"barkbands_flatness_db":{"dmean":0.0159141290933,"dmean2":0.0258686095476,"dvar":0.000233064303757,"dvar2":0.000618946738541,"max":0.435882359743,"mean":0.136981323361,"median":0.127312093973,"min":0.0426382757723,"var":0.00277869193815},"barkbands_kurtosis":{"dmean":1.59296095371,"dmean2":2.6685230732,"dvar":7.57801198959,"dvar2":20.4946250916,"max":41.3174324036,"mean":1.40225851536,"median":-0.360023379326,"min":-1.89234793186,"var":19.569852829},"barkbands_skewness":{"dmean":0.450710713863,"dmean2":0.725629389286,"dvar":0.234218835831,"dvar2":0.605716884136,"max":5.7801527977,"mean":1.05558824539,"median":0.863230347633,"min":-2.44436740875,"var":1.13666033745},"barkbands_spread":{"dmean":4.81927537918,"dmean2":7.8061132431,"dvar":23.1214256287,"dvar2":58.7540550232,"max":90.614692688,"mean":29.1543445587,"median":28.6498756409,"min":0.839857518673,"var":156.947509766},"dissonance":{"dmean":0.0101989023387,"dmean2":0.0173460841179,"dvar":0.000124595244415,"dvar2":0.000346998538589,"max":0.500000119209,"mean":0.479682087898,"median":0.483932256699,"min":0.221961855888,"var":0.000279485946521},"dynamic_complexity":2.80267620087,"erbbands":{"dmean":[0.0782051533461,1.05954146385,2.24706101418,2.84571743011,3.56371116638,6.14959764481,6.66033983231,9.7397069931,12.3509149551,5.30112886429,13.7832489014,15.2822618484,12.6067123413,9.84577083588,6.0805311203,4.12699270248,5.18076372147,8.32429409027,10.5003557205,27.108757019,24.1250019073,18.1618862152,21.6768989563,18.0051746368,11.3061847687,4.27340698242,4.02341651917,4.04876756668,3.15453362465,2.305519104,1.72876667976,0.991164147854,0.336603671312,0.124685257673,0.0647310167551,0.0367761813104,0.00833212025464,0.000903230975382,0.0000688584768795,0.0000117176568892],"dmean2":[0.138417422771,1.88075816631,4.04398584366,5.04860973358,5.96349477768,10.2881155014,10.5223331451,16.7009487152,20.5068130493,8.63589191437,21.8686943054,23.801815033,18.6265201569,15.3786268234,9.79389858246,6.70824193954,8.29330539703,13.604850769,17.0086803436,44.427947998,39.0816764832,29.2724819183,35.7634162903,29.9181861877,18.7392578125,7.03275489807,6.75706672668,6.76887845993,5.21171665192,3.72341299057,2.66264367104,1.55638575554,0.527616977692,0.194446355104,0.0945084691048,0.061215069145,0.013806136325,0.00144787051249,0.000103484686406,0.0000189016427612],"dvar":[0.0324781313539,6.07076406479,24.9898204803,28.235824585,28.0723781586,82.3203582764,66.6902542114,197.099105835,383.073822021,165.10244751,1189.46618652,1330.37280273,1374.8659668,836.368469238,295.146057129,113.254798889,188.928634644,301.325958252,320.027740479,1746.46838379,1326.42248535,689.875610352,957.334289551,643.294921875,311.905273438,51.2633628845,49.6146125793,76.3128509521,39.4811973572,34.1353187561,36.2112846375,15.4980688095,2.1547191143,0.318768054247,0.0631447061896,0.0179839059711,0.00104831682984,0.0000111586623461,5.87456909784e-8,3.67880503838e-10],"dvar2":[0.0860262662172,16.2590427399,70.2088394165,79.649772644,74.6077270508,223.955810547,162.100219727,587.280029297,966.271240234,412.242218018,3105.01977539,3036.27539062,2806.20507812,2096.86743164,747.575683594,289.030670166,466.92300415,784.859375,836.331970215,4649.66455078,3459.95288086,1665.39904785,2579.19775391,1732.0970459,756.862426758,133.218154907,130.885986328,203.689025879,103.730789185,78.3521270752,66.6865692139,33.9038276672,5.04509496689,0.834962069988,0.112172909081,0.0448373258114,0.0026594272349,0.0000237968961301,1.07744902778e-7,8.86703654945e-10],"max":[1.51279711723,27.2841491699,82.471824646,65.9035568237,81.6107254028,140.525222778,183.009689331,268.234100342,400.39630127,378.402801514,662.200622559,1065.12268066,1141.48937988,1123.98266602,382.732330322,231.01272583,340.852478027,312.668670654,446.286437988,849.508117676,605.952697754,647.266418457,527.112731934,426.063781738,475.936126709,150.229125977,128.02305603,197.614761353,116.222457886,361.367614746,302.028137207,185.418060303,67.2440490723,29.1150665283,14.0223369598,5.91753911972,1.24593698978,0.118194803596,0.00998121127486,0.000614478834905],"mean":[0.0772409066558,0.959219932556,2.21069741249,3.45122861862,5.7468624115,11.9910030365,15.9389648438,16.9935722351,19.4039363861,9.40692710876,22.9208240509,28.2591056824,25.4358501434,17.8617534637,11.214509964,8.05443000793,10.2945222855,16.1522483826,24.5735301971,61.8558959961,58.9532623291,46.0342559814,52.0615158081,47.7805633545,31.0332546234,11.7391471863,10.03221035,9.00917816162,7.37939500809,5.21183824539,3.72089529037,1.80985927582,0.617838919163,0.216683864594,0.0938987210393,0.0422873236239,0.00970342569053,0.00120051624253,0.000107739528175,0.0000317674857797],"median":[0.0284787099808,0.340623378754,0.969851374626,1.95953261852,3.82336711884,7.92373371124,10.5189399719,12.1247386932,10.9280586243,4.75836420059,5.59434556961,6.17496585846,4.03364086151,3.09203386307,2.5526072979,2.60417151451,3.18672561646,6.3273935318,12.5634231567,34.8506240845,36.2551269531,32.2339859009,36.8945503235,32.9753112793,21.5403804779,7.64932346344,6.53718757629,5.60358428955,4.45825576782,2.29969334602,1.83944964409,0.666618943214,0.215756267309,0.0741782933474,0.0259712897241,0.00719740940258,0.001348126214,0.000148935825564,0.0000239126366068,0.000026019044526],"min":[2.44271019115e-22,1.15737491682e-21,3.5250297765e-21,8.00035759867e-21,1.84777721651e-20,2.86087200317e-20,1.00412482071e-19,1.02510225029e-19,1.76566884553e-19,2.21823422206e-19,2.79952945217e-19,5.71886515932e-19,7.14086359554e-19,9.242176872e-19,1.05926195323e-18,1.72559388356e-18,2.97914515644e-18,3.19187098777e-18,2.47551169099e-18,3.13329936258e-18,3.39978903859e-18,5.38931330135e-18,5.94601371182e-18,6.5786670869e-18,9.1936699669e-18,1.13886367357e-17,1.01080842197e-17,1.20067292505e-17,1.21254520022e-17,1.34669644207e-17,1.20782125446e-17,1.14538202223e-17,1.07789434129e-17,8.08309148622e-18,7.00551916635e-18,4.23336644562e-18,2.60805539004e-18,9.86334608504e-19,2.66588162211e-19,2.75212683319e-20],"var":[0.0236226171255,4.25349998474,17.3731021881,23.0858097076,40.2997970581,164.178756714,291.234161377,311.300415039,749.937255859,277.430114746,2367.00952148,3602.09741211,5148.95556641,2178.74194336,709.822021484,295.246276855,553.069274902,725.968994141,951.671020508,5083.44140625,4160.09765625,2227.83325195,2586.36547852,2077.57080078,985.341369629,139.840637207,110.493141174,117.468673706,77.9602432251,89.6089096069,99.2485427856,30.7063827515,4.07167434692,0.462661266327,0.129051715136,0.0236269962043,0.00147570425179,0.0000225761014008,1.49874480826e-7,7.18389292498e-10]},"erbbands_crest":{"dmean":2.21259379387,"dmean2":3.6408264637,"dvar":4.1887140274,"dvar2":10.7454156876,"max":27.492181778,"mean":8.35254383087,"median":7.52792930603,"min":2.54153347015,"var":11.551361084},"erbbands_flatness_db":{"dmean":0.0164443291724,"dmean2":0.0245790611953,"dvar":0.000271016848274,"dvar2":0.000580523104873,"max":0.377633541822,"mean":0.181312575936,"median":0.174827367067,"min":0.046748675406,"var":0.00195462093689},"erbbands_kurtosis":{"dmean":0.771092236042,"dmean2":1.27181136608,"dvar":1.00482523441,"dvar2":2.62028980255,"max":20.0462741852,"mean":0.109476946294,"median":-0.480822920799,"min":-1.86008918285,"var":3.88170528412},"erbbands_skewness":{"dmean":0.321624428034,"dmean2":0.515001118183,"dvar":0.0802206620574,"dvar2":0.200736150146,"max":3.19260072708,"mean":-0.396120399237,"median":-0.424643456936,"min":-3.8910074234,"var":0.709385156631},"erbbands_spread":{"dmean":6.86078453064,"dmean2":11.1161756516,"dvar":46.2688674927,"dvar2":119.618362427,"max":123.195510864,"mean":41.1757545471,"median":38.8303909302,"min":3.83565068245,"var":254.086761475},"gfcc":{"cov":[[13780.0039062,-717.123901367,-599.360290527,682.895935059,-647.767822266,1275.49377441,-56.1737098694,739.678405762,32.055973053,-28.7261333466,-490.674163818,-200.394699097,-282.288604736],[-717.123901367,916.930480957,-64.0957794189,-143.922927856,126.832603455,-195.00402832,124.903755188,-147.362945557,17.9220924377,-100.572990417,39.8241043091,-81.5486526489,45.5555229187],[-599.360290527,-64.0957794189,786.491333008,27.197101593,64.9600219727,199.01725769,-18.427154541,91.0218811035,-36.2582168579,21.2981643677,-0.937363445759,3.36147260666,-59.008026123],[682.895935059,-143.922927856,27.197101593,426.671051025,-3.69325518608,-0.0450798496604,-108.744270325,31.0984992981,41.0034408569,2.88830852509,30.6239910126,15.8471755981,40.2650718689],[-647.767822266,126.832603455,64.9600219727,-3.69325518608,304.665893555,-30.6216888428,80.86328125,-10.4196910858,36.9183044434,85.7966537476,-7.96672010422,41.6642913818,12.8560304642],[1275.49377441,-195.00402832,199.01725769,-0.0450798496604,-30.6216888428,432.39151001,84.2354660034,174.734420776,-15.8437824249,9.22337532043,-75.0806427002,-40.5598373413,-65.6436080933],[-56.1737098694,124.903755188,-18.427154541,-108.744270325,80.86328125,84.2354660034,197.561920166,56.1010818481,6.37100458145,18.3865890503,-16.5573749542,3.7657854557,-9.82399368286],[739.678405762,-147.362945557,91.0218811035,31.0984992981,-10.4196910858,174.734420776,56.1010818481,187.798477173,27.3266220093,27.1646881104,-39.9292449951,-5.25778055191,-33.6195487976],[32.055973053,17.9220924377,-36.2582168579,41.0034408569,36.9183044434,-15.8437824249,6.37100458145,27.3266220093,89.1676177979,42.7175827026,5.29551076889,-2.63909125328,6.61561250687],[-28.7261333466,-100.572990417,21.2981643677,2.88830852509,85.7966537476,9.22337532043,18.3865890503,27.1646881104,42.7175827026,139.132537842,17.155790329,50.1874580383,-7.81226873398],[-490.674163818,39.8241043091,-0.937363445759,30.6239910126,-7.96672010422,-75.0806427002,-16.5573749542,-39.9292449951,5.29551076889,17.155790329,98.0011291504,38.1023712158,25.7379322052],[-200.394699097,-81.5486526489,3.36147260666,15.8471755981,41.6642913818,-40.5598373413,3.7657854557,-5.25778055191,-2.63909125328,50.1874580383,38.1023712158,94.8812255859,27.5731296539],[-282.288604736,45.5555229187,-59.008026123,40.2650718689,12.8560304642,-65.6436080933,-9.82399368286,-33.6195487976,6.61561250687,-7.81226873398,25.7379322052,27.5731296539,69.3042984009]],"icov":[[0.000363589613698,-0.000752243155148,0.000704159436282,-0.000861647073179,0.000932341848966,-0.00110752845649,0.000771466235165,-0.000735638663173,0.000417476141592,-0.00078239251161,0.00175362441223,-0.00139411503915,0.00138146360405],[-0.000752243155148,0.00421720324084,-0.00180468044709,0.00227388436906,-0.00311117619276,0.00319453328848,-0.00372208491899,0.00281393318437,-0.00202466431074,0.00361001631245,-0.00531758833677,0.00612040655687,-0.00411342503503],[0.000704159436282,-0.00180468044709,0.00321348849684,-0.00161008245777,0.000857858918607,-0.00311535410583,0.00292405346408,-0.00237224437296,0.00189706403762,-0.00136923231184,0.00233949371614,-0.00317141413689,0.0039372225292],[-0.000861647073179,0.00227388436906,-0.00161008245777,0.00568648986518,-0.00330649432726,0.0021235528402,0.000562949106097,0.00047941916273,-0.00247914646752,0.0031115936581,-0.00583647284657,0.00383698008955,-0.00551351998001],[0.000932341848966,-0.00311117619276,0.000857858918607,-0.00330649432726,0.00885850004852,-0.00221207877621,-0.000593616277911,-0.00022763281595,0.000178301386768,-0.00601752009243,0.00839143060148,-0.0061141718179,0.00318187638186],[-0.00110752845649,0.00319453328848,-0.00311535410583,0.0021235528402,-0.00221207877621,0.00880025699735,-0.00500904023647,-0.00042060695705,0.000367295433534,0.00173344963696,-0.00399752287194,0.00685928761959,-0.00374968303367],[0.000771466235165,-0.00372208491899,0.00292405346408,0.000562949106097,-0.000593616277911,-0.00500904023647,0.0127971246839,-0.00574239809066,0.00181532930583,-0.00158699031454,0.00271300459281,-0.00554279331118,0.00299105141312],[-0.000735638663173,0.00281393318437,-0.00237224437296,0.00047941916273,-0.00022763281595,-0.00042060695705,-0.00574239809066,0.0138741629198,-0.00607528211549,0.00193386350293,-0.000897673366126,0.00122784683481,-0.000941407051869],[0.000417476141592,-0.00202466431074,0.00189706403762,-0.00247914646752,0.000178301386768,0.000367295433534,0.00181532930583,-0.00607528211549,0.019235432148,-0.00833213608712,0.000959787983447,0.00401043239981,-0.0010154908523],[-0.00078239251161,0.00361001631245,-0.00136923231184,0.0031115936581,-0.00601752009243,0.00173344963696,-0.00158699031454,0.00193386350293,-0.00833213608712,0.017651963979,-0.00698790885508,-0.00262598507106,0.00136298115831],[0.00175362441223,-0.00531758833677,0.00233949371614,-0.00583647284657,0.00839143060148,-0.00399752287194,0.00271300459281,-0.000897673366126,0.000959787983447,-0.00698790885508,0.0257466472685,-0.0137907797471,0.00567292328924],[-0.00139411503915,0.00612040655687,-0.00317141413689,0.00383698008955,-0.0061141718179,0.00685928761959,-0.00554279331118,0.00122784683481,0.00401043239981,-0.00262598507106,-0.0137907797471,0.0294771902263,-0.0144749348983],[0.00138146360405,-0.00411342503503,0.0039372225292,-0.00551351998001,0.00318187638186,-0.00374968303367,0.00299105141312,-0.000941407051869,-0.0010154908523,0.00136298115831,0.00567292328924,-0.0144749348983,0.0290436819196]],"mean":[-18.62799263,102.866516113,-140.915908813,62.4372711182,-55.9844360352,-10.6887588501,-44.8356399536,2.03764009476,-11.4209804535,-7.36494874954,-14.6639709473,0.354432493448,-5.39465475082]},"hfc":{"dmean":4.853307724,"dmean2":7.62451791763,"dvar":44.6462173462,"dvar2":108.300804138,"max":126.183258057,"mean":22.4428920746,"median":19.1914520264,"min":1.11922010271e-16,"var":279.386138916},"melbands":{"dmean":[0.000964069564361,0.00126439309679,0.000491151353344,0.000348594650859,0.000219827779802,0.00021762122924,0.000171995125129,0.0000592372562096,0.000127521590912,0.0000967610540101,0.0000661264493829,0.0000435162583017,0.0000242859478021,0.0000123365916807,0.0000117701729323,0.000014963623471,0.0000159484843607,0.0000154942663357,0.0000339435973729,0.0000382858488592,0.0000301119162032,0.0000226268093684,0.0000145859321492,0.0000283722674794,0.0000159486535267,0.0000108243175418,0.00000686802832206,0.00000255127338278,0.00000284681459561,0.00000234677895605,0.00000266288429884,0.00000210351981877,0.00000155186171469,0.0000012363004771,0.00000111708698114,9.32606837978e-7,5.29090470991e-7,2.62159801423e-7,1.72174537738e-7,9.04649155586e-8],"dmean2":[0.00170779437758,0.00223117112182,0.000866354443133,0.000577626808081,0.000349909649231,0.000370484078303,0.000285410846118,0.0000964923092397,0.00020256631251,0.000148317136336,0.0000981196571956,0.0000680598095641,0.0000391177891288,0.0000201457096409,0.0000189107577171,0.0000242580208578,0.0000261491259153,0.0000252182962868,0.0000553304817004,0.0000627523259027,0.0000490311795147,0.0000365405685443,0.0000243168196903,0.0000472274587082,0.0000265925191343,0.0000179761573236,0.0000114046051749,0.00000425160669693,0.00000482859195472,0.00000394633616452,0.00000450115430795,0.00000351307494384,0.00000257287865679,0.00000199194505512,0.00000173405510395,0.00000147332923461,8.44680243972e-7,4.22582559167e-7,2.78092556982e-7,1.43369831562e-7],"dvar":[0.0000050179187383,0.00000781248581916,7.69346797824e-7,2.89057197733e-7,6.52967173664e-8,9.08260062715e-8,7.53562616751e-8,2.3897774426e-8,9.15231126442e-8,6.08824706205e-8,3.78993583183e-8,1.68718230498e-8,4.84544937507e-9,1.3014936906e-9,9.33799704228e-10,1.41056299974e-9,1.10792763852e-9,7.56226969933e-10,2.89394974651e-9,3.58283602786e-9,2.18558704468e-9,1.07986730669e-9,4.80923467716e-10,1.78767145531e-9,5.52081547145e-10,2.5376398205e-10,1.13047425587e-10,1.99394511319e-11,2.11639750863e-11,2.4752410191e-11,3.07178067704e-11,1.55998686191e-11,1.27422074628e-11,1.34310817676e-11,1.61103734519e-11,1.85824237942e-11,4.33696091193e-12,1.63636747381e-12,6.55921226621e-13,1.75482350005e-13],"dvar2":[0.0000133570865728,0.0000211656024476,0.00000216725948121,7.63928881042e-7,1.64637967259e-7,2.68340755838e-7,1.89915354554e-7,5.98503646643e-8,2.32217303164e-7,1.31703131956e-7,7.90403689166e-8,4.30516493566e-8,1.19797025633e-8,3.33100480532e-9,2.33668195904e-9,3.61472141108e-9,2.8974731503e-9,1.97962113369e-9,7.37624139546e-9,9.29617893775e-9,5.79820946811e-9,2.63538746381e-9,1.26134835909e-9,4.89621898581e-9,1.5080281468e-9,6.46058539999e-10,2.78342293658e-10,5.30954238909e-11,5.7344191895e-11,6.53103682247e-11,8.31983995586e-11,4.17281140197e-11,3.35184831279e-11,2.66860093051e-11,3.08943877425e-11,4.19963473719e-11,1.02516103245e-11,4.03928930234e-12,1.7343476915e-12,4.49160402882e-13],"max":[0.0202996935695,0.0427988134325,0.0120351053774,0.00914687104523,0.00499273650348,0.00595381017774,0.00576013792306,0.00484996149316,0.00531393615529,0.006108622998,0.00572542613372,0.00445031607524,0.00202003167942,0.000964148319326,0.000852392462548,0.00101701263338,0.000633641611785,0.000586628913879,0.00109317433089,0.00134100299329,0.000785915995948,0.00075333105633,0.000390144326957,0.000654750387184,0.000424674450187,0.000356928474503,0.00026265080669,0.0000834874954307,0.0000826973991934,0.000127071733004,0.000110781053081,0.0000783619252616,0.0000836831750348,0.000271873403108,0.000267065974185,0.000209326914046,0.0000905394699657,0.0000607181937085,0.0000331293267664,0.0000183164393093],"mean":[0.000907028850634,0.00124602613505,0.000636549317278,0.000650316011161,0.000551394594368,0.000400183169404,0.000272662058705,0.0000991175111267,0.000210499812965,0.000184335134691,0.000128140804009,0.0000748664533603,0.0000423891942773,0.0000216946737055,0.0000213687380892,0.0000269453739747,0.0000293993361993,0.0000308127491735,0.0000731028048904,0.0000841422443045,0.0000653635070194,0.0000501505382999,0.0000341003797075,0.0000567777096876,0.0000368730688933,0.0000266325805569,0.0000154274694069,0.00000589646788285,0.00000658185990687,0.00000511362713951,0.00000537092682862,0.00000450745574199,0.0000033100757264,0.00000262580715571,0.00000230762998399,0.00000160375623182,8.98989014786e-7,4.47024518735e-7,2.77085376865e-7,1.45524126083e-7],"median":[0.000336323748343,0.000548444804735,0.000400077929953,0.000462119292933,0.000397630326916,0.000292039185297,0.000157777350978,0.0000389772067138,0.000050092676247,0.0000363694125554,0.0000180641764018,0.0000120544791571,0.00000883269876795,0.0000065822241595,0.00000614820237388,0.0000077547665569,0.0000110987075459,0.0000136979233503,0.0000349496440322,0.000042507868784,0.0000387848558603,0.0000330399343511,0.0000228928292927,0.0000374191949959,0.0000238599350268,0.0000180074694072,0.00000996049584501,0.00000354784879164,0.00000416291095462,0.00000329565136781,0.00000327126554112,0.00000277520257441,0.00000153471330577,0.00000113188173145,0.00000115710531645,6.50246079203e-7,3.07331333715e-7,1.53925853397e-7,8.72065299973e-8,4.8953985754e-8],"min":[2.15470788994e-24,1.94676454976e-24,2.15362241734e-24,3.04723616216e-24,2.82584491291e-24,2.73823796508e-24,2.90414409092e-24,2.07402142162e-24,2.43859053074e-24,3.75961522768e-24,3.42098248462e-24,2.80071910143e-24,3.15520104616e-24,5.42061945047e-24,4.86952477196e-24,5.37347238961e-24,4.56711928268e-24,3.39813904496e-24,4.01019847195e-24,3.31292905099e-24,3.47937633541e-24,4.88679214831e-24,5.30079384555e-24,5.99307845445e-24,4.2432571712e-24,4.17963593363e-24,4.99569755172e-24,6.98570410364e-24,5.66609994797e-24,5.9186320731e-24,5.94068941287e-24,5.8133002096e-24,6.9491845769e-24,6.33862122461e-24,5.71717829715e-24,6.39449505924e-24,6.76499344414e-24,6.98703096769e-24,6.0376400237e-24,7.06551316142e-24],"var":[0.00000356109308086,0.00000563930097996,6.5902111146e-7,4.77826233691e-7,2.67614922222e-7,1.56703478638e-7,1.46025058712e-7,4.14124556869e-8,1.92685007505e-7,1.9414288488e-7,1.35930051215e-7,4.08178060241e-8,1.10956870358e-8,3.02519631568e-9,2.56757015649e-9,3.62685170785e-9,2.49340104119e-9,1.82541859406e-9,8.68988081493e-9,1.0982522447e-8,5.79052006344e-9,3.02883029768e-9,1.27451837972e-9,3.79411613238e-9,1.45089895653e-9,7.46125272677e-10,2.87696921841e-10,4.28276372699e-11,4.79844323997e-11,3.77336356605e-11,4.44308062564e-11,2.81377143807e-11,2.4708998736e-11,3.73768724304e-11,4.26621238336e-11,2.96496993624e-11,7.77414851244e-12,2.63811477004e-12,8.77094133e-13,2.45383628781e-13]},"melbands_crest":{"dmean":3.04898810387,"dmean2":5.11057710648,"dvar":7.49220705032,"dvar2":19.448097229,"max":30.6886348724,"mean":11.9416370392,"median":11.0917396545,"min":1.74111628532,"var":21.580165863},"melbands_flatness_db":{"dmean":0.0216699801385,"dmean2":0.034930229187,"dvar":0.000523902766872,"dvar2":0.00132921512704,"max":0.577404439449,"mean":0.179980739951,"median":0.167704373598,"min":0.00374505715445,"var":0.0048580900766},"melbands_kurtosis":{"dmean":5.21619701385,"dmean2":8.75930023193,"dvar":90.7060317993,"dvar2":244.520553589,"max":158.04574585,"mean":8.94938850403,"median":4.14254140854,"min":-1.83054625988,"var":165.426605225},"melbands_skewness":{"dmean":0.650058507919,"dmean2":1.0585089922,"dvar":0.628651618958,"dvar2":1.63885045052,"max":11.2474575043,"mean":2.39399719238,"median":2.10157084465,"min":-1.56398880482,"var":2.03646636009},"melbands_spread":{"dmean":8.43745708466,"dmean2":13.4464063644,"dvar":85.6474380493,"dvar2":209.35043335,"max":155.055557251,"mean":34.8291397095,"median":32.1706771851,"min":0.859412252903,"var":439.763946533},"mfcc":{"cov":[[8550.29296875,-489.676513672,-231.276535034,-127.376152039,-126.621101379,366.713104248,-17.0626678467,589.613891602,284.917236328,547.692565918,181.262283325,33.62474823,-185.632324219],[-489.676513672,803.572998047,-114.871818542,6.22111225128,-56.6525039673,-17.9254188538,60.8481292725,-38.8141746521,35.1305160522,-39.7884941101,21.0789642334,-39.3578033447,-35.0032272339],[-231.276535034,-114.871818542,667.462036133,-46.4172706604,99.9236297607,41.438167572,59.8117218018,77.7640075684,-48.5707168579,44.3100814819,-19.7508029938,43.0653610229,-10.3213233948],[-127.376152039,6.22111225128,-46.4172706604,381.940063477,126.773651123,-42.0554962158,-75.8132781982,-67.0495300293,-8.14209365845,-64.6816177368,-25.4734802246,8.15465068817,53.1073265076],[-126.621101379,-56.6525039673,99.9236297607,126.773651123,197.093734741,40.2856254578,-13.8461017609,-20.9459400177,14.013718605,6.0437297821,6.64650678635,24.0883789062,29.8943653107],[366.713104248,-17.9254188538,41.438167572,-42.0554962158,40.2856254578,153.613418579,62.7877998352,41.8924026489,41.793296814,53.7103729248,29.0842494965,11.4123888016,-5.94265079498],[-17.0626678467,60.8481292725,59.8117218018,-75.8132781982,-13.8461017609,62.7877998352,153.408859253,68.0647354126,40.2537918091,17.6081771851,29.1671028137,12.140332222,-0.908984065056],[589.613891602,-38.8141746521,77.7640075684,-67.0495300293,-20.9459400177,41.8924026489,68.0647354126,159.6381073,55.124420166,69.0481414795,17.8741664886,10.8412981033,-28.4297828674],[284.917236328,35.1305160522,-48.5707168579,-8.14209365845,14.013718605,41.793296814,40.2537918091,55.124420166,119.599182129,63.9523048401,40.3939781189,0.261781066656,-1.24232769012],[547.692565918,-39.7884941101,44.3100814819,-64.6816177368,6.0437297821,53.7103729248,17.6081771851,69.0481414795,63.9523048401,141.115966797,56.3262062073,6.34080171585,-24.1657238007],[181.262283325,21.0789642334,-19.7508029938,-25.4734802246,6.64650678635,29.0842494965,29.1671028137,17.8741664886,40.3939781189,56.3262062073,81.3302459717,28.3223438263,-0.789251506329],[33.62474823,-39.3578033447,43.0653610229,8.15465068817,24.0883789062,11.4123888016,12.140332222,10.8412981033,0.261781066656,6.34080171585,28.3223438263,66.2647247314,29.4292221069],[-185.632324219,-35.0032272339,-10.3213233948,53.1073265076,29.8943653107,-5.94265079498,-0.908984065056,-28.4297828674,-1.24232769012,-24.1657238007,-0.789251506329,29.4292221069,80.3209686279]],"icov":[[0.000249873759458,0.0000775366497692,0.000197142813704,-0.000223677576287,0.000273529440165,-0.000558993779123,0.000500359863508,-0.000887200585566,0.000162815762451,-0.00054695061408,-0.000050424670917,-0.000159408562467,0.00022885260114],[0.0000775366497692,0.00158479600213,0.0000678948854329,-0.000352362636477,0.000515276682563,0.0000927767177927,-0.000828236341476,0.000578328559641,-0.000737435533665,0.000519763329066,-0.000764027819969,0.000567811657675,0.00105137564242],[0.000197142813704,0.0000678948854329,0.00259260949679,0.000193638756173,-0.00159682193771,0.0000603551670793,-0.00102266354952,-0.00146877230145,0.00225463323295,-0.00221300101839,0.00208685570396,-0.00182163564023,0.000814668019302],[-0.000223677576287,-0.000352362636477,0.000193638756173,0.00475173862651,-0.0033413968049,0.00132434442639,0.00134690152481,0.000219157009269,-0.000837271683849,0.00226840400137,0.0000496573156852,0.000489711295813,-0.00186240742914],[0.000273529440165,0.000515276682563,-0.00159682193771,-0.0033413968049,0.00970007199794,-0.00356734846719,0.00145455042366,0.00113162689377,-0.00207961723208,-0.000554642349016,-0.000605568580795,-0.00127934291959,-0.000332592200721],[-0.000558993779123,0.0000927767177927,0.0000603551670793,0.00132434442639,-0.00356734846719,0.0113580292091,-0.00530297169462,0.00256176479161,-0.000882570748217,-0.00194426171947,0.00118619366549,-0.000507362012286,0.00049436383415],[0.000500359863508,-0.000828236341476,-0.00102266354952,0.00134690152481,0.00145455042366,-0.00530297169462,0.0141659425572,-0.00685472041368,-0.00195236736909,0.00487405760214,-0.00557813700289,0.00178830639925,-0.00269995606504],[-0.000887200585566,0.000578328559641,-0.00146877230145,0.000219157009269,0.00113162689377,0.00256176479161,-0.00685472041368,0.0163630004972,-0.00512455729768,-0.00303975772113,0.00562916975468,-0.00444125942886,0.00403920887038],[0.000162815762451,-0.000737435533665,0.00225463323295,-0.000837271683849,-0.00207961723208,-0.000882570748217,-0.00195236736909,-0.00512455729768,0.016693757847,-0.00574985146523,-0.0030713386368,0.0033285357058,-0.00295046088286],[-0.00054695061408,0.000519763329066,-0.00221300101839,0.00226840400137,-0.000554642349016,-0.00194426171947,0.00487405760214,-0.00303975772113,-0.00574985146523,0.0197962541133,-0.0116467569023,0.00491647841409,0.00017126716557],[-0.000050424670917,-0.000764027819969,0.00208685570396,0.0000496573156852,-0.000605568580795,0.00118619366549,-0.00557813700289,0.00562916975468,-0.0030713386368,-0.0116467569023,0.0281486026943,-0.0143614094704,0.00401525804773],[-0.000159408562467,0.000567811657675,-0.00182163564023,0.000489711295813,-0.00127934291959,-0.000507362012286,0.00178830639925,-0.00444125942886,0.0033285357058,0.00491647841409,-0.0143614094704,0.02796863392,-0.0106499968097],[0.00022885260114,0.00105137564242,0.000814668019302,-0.00186240742914,-0.000332592200721,0.00049436383415,-0.00269995606504,0.00403920887038,-0.00295046088286,0.00017126716557,0.00401525804773,-0.0106499968097,0.0202801786363]],"mean":[-641.501647949,110.851150513,-17.6594982147,54.8251419067,6.94356298447,-1.73296236992,-20.0304851532,4.75003528595,-4.2040681839,-0.403330892324,-5.26305198669,-6.2353477478,-3.47109651566]},"pitch_salience":{"dmean":0.0733598917723,"dmean2":0.123333290219,"dvar":0.00491906236857,"dvar2":0.013382977806,"max":0.906979799271,"mean":0.599761843681,"median":0.614240288734,"min":0.120395362377,"var":0.010005495511},"silence_rate_20dB":{"dmean":0,"dmean2":0,"dvar":0,"dvar2":0,"max":1,"mean":1,"median":1,"min":1,"var":0},"silence_rate_30dB":{"dmean":0.000198039415409,"dmean2":0.000396118033677,"dvar":0.000197982604732,"dvar2":0.000395997689338,"max":1,"mean":0.99980199337,"median":1,"min":0,"var":0.000197963017854},"silence_rate_60dB":{"dmean":0.0108921676874,"dmean2":0.0217864923179,"dvar":0.0107745546848,"dvar2":0.0250734314322,"max":1,"mean":0.0535643547773,"median":0,"min":0,"var":0.0506950095296},"spectral_centroid":{"dmean":209.764648438,"dmean2":337.670684814,"dvar":54189.1640625,"dvar2":128832.023438,"max":11691.8769531,"mean":1793.60949707,"median":1831.49023438,"min":176.894775391,"var":596860.9375},"spectral_complexity":{"dmean":3.22348737717,"dmean2":5.18657159805,"dvar":9.4696598053,"dvar2":21.5063247681,"max":57,"mean":24.059009552,"median":23,"min":0,"var":163.481109619},"spectral_contrast_coeffs":{"dmean":[0.0518536157906,0.0484554469585,0.0364866778255,0.0311963260174,0.0197461694479,0.0154004693031],"dmean2":[0.0857988297939,0.0813208073378,0.059944242239,0.0522298812866,0.0330564789474,0.025154069066],"dvar":[0.0018315174384,0.00145583122503,0.000831322511658,0.000595377292484,0.000237950924202,0.000210947837331],"dvar2":[0.00469803670421,0.00403018575162,0.00219738017768,0.00164590717759,0.000650521309581,0.000518405635376],"max":[-0.341383963823,-0.410047352314,-0.467872560024,-0.530002534389,-0.636490404606,-0.558426618576],"mean":[-0.633239328861,-0.704542994499,-0.776704072952,-0.745338082314,-0.774253427982,-0.69639903307],"median":[-0.64154112339,-0.707730293274,-0.789231538773,-0.74838411808,-0.774460792542,-0.693749547005],"min":[-0.979838907719,-0.973818361759,-0.973571777344,-0.969850420952,-0.966362297535,-0.964174449444],"var":[0.00659658527002,0.00591394072399,0.00463925395161,0.00303854863159,0.00115348107647,0.00197951495647]},"spectral_contrast_valleys":{"dmean":[0.490407317877,0.341883450747,0.306770920753,0.252678602934,0.171789109707,0.24785540998],"dmean2":[0.789531230927,0.571531057358,0.507093846798,0.416429162025,0.279477208853,0.361649364233],"dvar":[0.248182550073,0.118602931499,0.101750709116,0.0880468264222,0.0619054585695,0.125859990716],"dvar2":[0.561791419983,0.264647036791,0.219677850604,0.180369287729,0.114693656564,0.26482757926],"max":[-5.1903591156,-4.80752897263,-5.55939674377,-5.86897993088,-5.52747535706,-8.09768390656],"mean":[-7.4252166748,-6.87075710297,-7.830950737,-7.77320766449,-7.08913373947,-10.7259206772],"median":[-7.11364603043,-6.66974067688,-7.6729054451,-7.60093164444,-6.89482975006,-10.3912553787],"min":[-27.9288520813,-27.9869403839,-27.8455600739,-27.721818924,-27.5020656586,-27.3443946838],"var":[2.60320806503,2.22509884834,2.06064152718,2.12508535385,2.25560927391,2.55580353737]},"spectral_decrease":{"dmean":2.19056506268e-9,"dmean2":3.62574548163e-9,"dvar":1.22232909251e-17,"dvar2":3.14815544366e-17,"max":1.53330878259e-28,"mean":-5.43119504925e-9,"median":-4.51104487098e-9,"min":-4.83453135303e-8,"var":1.71120011372e-17},"spectral_energy":{"dmean":0.00860343687236,"dmean2":0.0142103824764,"dvar":0.00018188598915,"dvar2":0.000467213394586,"max":0.187801748514,"mean":0.0225342214108,"median":0.0191293954849,"min":1.04064765588e-20,"var":0.000276472477708},"spectral_energyband_high":{"dmean":0.000256930914475,"dmean2":0.000403043290135,"dvar":3.02326071733e-7,"dvar2":6.89373791829e-7,"max":0.0146529059857,"mean":0.000750671548303,"median":0.000449095648946,"min":7.44883896422e-21,"var":8.83225482085e-7},"spectral_energyband_low":{"dmean":0.00590955978259,"dmean2":0.0102097373456,"dvar":0.000156481633894,"dvar2":0.000411327200709,"max":0.163879305124,"mean":0.00637333467603,"median":0.00324566615745,"min":2.12007346466e-23,"var":0.000120940087072},"spectral_energyband_middle_high":{"dmean":0.00145198765676,"dmean2":0.00229709967971,"dvar":0.00000382969165003,"dvar2":0.00000987076600723,"max":0.041269030422,"mean":0.00630463706329,"median":0.0050107948482,"min":1.25348851782e-21,"var":0.0000298284157907},"spectral_energyband_middle_low":{"dmean":0.00336415763013,"dmean2":0.00543773220852,"dvar":0.0000161761199706,"dvar2":0.0000410644752264,"max":0.0607172176242,"mean":0.00986121967435,"median":0.00827130489051,"min":1.86287369688e-22,"var":0.0000500445785292},"spectral_entropy":{"dmean":0.0959784388542,"dmean2":0.149771437049,"dvar":0.00961691886187,"dvar2":0.0219550132751,"max":9.81367015839,"mean":7.60969305038,"median":7.67232227325,"min":4.76764535904,"var":0.148932784796},"spectral_flux":{"dmean":0.0236859899014,"dmean2":0.0377340726554,"dvar":0.00103075616062,"dvar2":0.00205642962828,"max":0.345905452967,"mean":0.0802354514599,"median":0.0704672783613,"min":6.54620455065e-11,"var":0.00207679229788},"spectral_kurtosis":{"dmean":1.92682445049,"dmean2":3.39651560783,"dvar":16.1388435364,"dvar2":46.4147644043,"max":135.305648804,"mean":4.4851603508,"median":3.08892726898,"min":-1.27693593502,"var":87.7202682495},"spectral_rms":{"dmean":0.000792879669461,"dmean2":0.00127008673735,"dvar":0.00000107286382445,"dvar2":0.00000262332127932,"max":0.0135359233245,"mean":0.00437095947564,"median":0.00432004919276,"min":3.18632403448e-12,"var":0.00000287932812171},"spectral_rolloff":{"dmean":466.315429688,"dmean2":793.714477539,"dvar":469511.4375,"dvar2":1050742.25,"max":19379.8828125,"mean":2071.56933594,"median":2239.453125,"min":86.1328125,"var":2146502.5},"spectral_skewness":{"dmean":0.205848023295,"dmean2":0.352705985308,"dvar":0.0612658970058,"dvar2":0.186064615846,"max":9.888671875,"mean":1.10665655136,"median":1.02249765396,"min":-0.0860409736633,"var":0.557929158211},"spectral_spread":{"dmean":323936.875,"dmean2":506608.75,"dvar":314496614400,"dvar2":607233703936,"max":42817124,"mean":3543708.25,"median":3376069.5,"min":667067.875,"var":4703402852350},"spectral_strongpeak":{"dmean":0.592461287975,"dmean2":1.0279225111,"dvar":1.17924010754,"dvar2":2.96919631958,"max":18.9411907196,"mean":0.918633103371,"median":0.451167881489,"min":0,"var":1.61131823063},"zerocrossingrate":{"dmean":0.00782903563231,"dmean2":0.00991726387292,"dvar":0.000081580306869,"dvar2":0.000124267244246,"max":0.5146484375,"mean":0.0702379494905,"median":0.06787109375,"min":0.00634765625,"var":0.00123771326616}},"metadata":{"audio_properties":{"analysis_sample_rate":44100,"bit_rate":0,"codec":"flac","downmix":"mix","equal_loudness":0,"length":234.493331909,"lossless":true,"md5_encoded":"3e250c06e1f14603745c4d48194053d8","replay_gain":-10.9758853912,"sample_rate":44100},"tags":{"acoustid_id":["de1a5b95-b55a-4edd-89cf-dfb01387e0f9"],"album":["10 Year Anniversary Box Set"],"albumartist":["Blur"],"albumartistsort":["Blur"],"artist":["Blur"],"artists":["Blur"],"artistsort":["Blur"],"asin":["B00000JZCU"],"barcode":["724388743426"],"catalognumber":["BLURBOX 10"],"date":["1999-09-27"],"discnumber":["5"],"discsubtitle":["For Tomorrow"],"disctotal":["22"],"engineer":["John Smith"],"file_name":"02 - Into Another.flac","label":["EMI","Food"],"media":["CD"],"musicbrainz_albumartistid":["ba853904-ae25-4ebb-89d6-c44cfbd71bd2"],"musicbrainz_albumid":["28465118-16ec-4f0f-aae7-bed8f9fc2ed5"],"musicbrainz_artistid":["ba853904-ae25-4ebb-89d6-c44cfbd71bd2"],"musicbrainz_recordingid":["e85c168d-86ed-410b-8973-7051d62f879c"],"musicbrainz_releasegroupid":["6a8d9901-1017-3476-8d85-bd2b95200ea8"],"musicbrainz_releasetrackid":["94fda8b4-ad85-37ba-87c7-20815c01b092"],"musicbrainz_workid":["9bcbce82-cb56-42c2-8882-e8d7982fc603"],"originaldate":["1999"],"producer":["Stephen Street"],"releasecountry":["GB"],"releasestatus":["official"],"releasetype":["album","compilation"],"script":["Latn"],"title":["Into Another"],"totaldiscs":["22"],"totaltracks":["9"],"tracknumber":["2"],"tracktotal":["9"],"work":["Into Another"]},"version":{"essentia":"2.1-beta1","essentia_build_sha":"ca57ba49d9b1854bd80e60cf9ccf267278fb7d6b","essentia_git_sha":"v2.1_beta1-28-g21ef5f4-dirty","extractor":"music 1.0"}},"rhythm":{"beats_count":466,"beats_loudness":{"dmean":0.00896004028618,"dmean2":0.0154823083431,"dvar":0.0000659854413243,"dvar2":0.000189642116311,"max":0.0720689073205,"mean":0.0282277278602,"median":0.0279634967446,"min":3.823901