{"lowlevel":{"average_loudness":0.502567648888,"barkbands":{"dmean":[0.00000997751976684,0.000785660464317,0.000775361026172,0.000527844647877,0.00128342548851,0.000490004546009,0.000409344676882,0.000253003992839,0.000568617659155,0.0005379706854,0.000432560802437,0.000362992519513,0.000312194577418,0.000263343623374,0.000251559831668,0.000186597259017,0.000194260268472,0.000170255691046,0.000113746275019,0.00013662778656,0.000120438577142,0.0000195130887732,0.0000267072664428,0.0000419200841861,0.0000252780355368,0.00000466175742986,8.8529407094e-7],"dmean2":[0.0000162153555721,0.00126332207583,0.00128928024787,0.000911210954655,0.00202761986293,0.000751247629523,0.00064071174711,0.000398029631469,0.000898639555089,0.000859291758388,0.000707403116394,0.00060429959558,0.000502385722939,0.000419068703195,0.000403447425924,0.000287785485853,0.000312748656143,0.000260023050942,0.000173565553268,0.000205241143703,0.000182233023224,0.0000291905671475,0.0000370735106117,0.0000570453084947,0.0000338810714311,0.00000629361829851,0.00000123828090182],"dvar":[1.09700759587e-9,0.00000736092488296,0.00000507579261466,0.0000030537441944,0.00000814561008156,6.77970660945e-7,7.23554023807e-7,3.58678249768e-7,0.00000187158661902,0.00000362614332516,0.00000219290359382,0.00000202787282433,0.00000130317505409,7.00082296134e-7,9.40057532262e-7,3.11913595397e-7,2.91204884206e-7,1.44543022884e-7,8.70407745879e-8,7.3381606569e-8,7.56243991873e-8,2.64591304422e-9,7.46979900157e-9,3.32041949491e-8,1.0269678441e-8,1.43475287206e-10,4.6389966521e-12],"dvar2":[2.59899879396e-9,0.0000181389041245,0.0000134311621878,0.00000871757220011,0.0000206622426049,0.00000162742423981,0.000001702579425,8.3690719066e-7,0.00000461662239104,0.00000948294746195,0.00000585922362006,0.00000537106052434,0.00000347946888724,0.00000172142335941,0.00000250965445048,7.16671365808e-7,7.87639407918e-7,3.3700558788e-7,1.85883521908e-7,1.64799544677e-7,1.71144705519e-7,5.73219116617e-9,1.25346284463e-8,5.57768977671e-8,1.85940933761e-8,2.63787131027e-10,9.0129674557e-12],"max":[0.000445293757366,0.0425114184618,0.0340978726745,0.0409978032112,0.0583104714751,0.0187300033867,0.0225162077695,0.0231825262308,0.0337246917188,0.06450073421,0.057857517153,0.0591098405421,0.0359395183623,0.0265374090523,0.0234615225345,0.0192416235805,0.0131901595742,0.00723938597366,0.00906527601182,0.00796736218035,0.00935855321586,0.00170546653681,0.00432104850188,0.0108560295776,0.00483556976542,0.00057154847309,0.0000557688181289],"mean":[0.0000150768792082,0.0012333621271,0.001156414859,0.000732572632842,0.00234886747785,0.000987417763099,0.000748431193642,0.000416066730395,0.000933118863031,0.000827776850201,0.000654557952657,0.00058365490986,0.00051063176943,0.000432763627032,0.000396415765863,0.00032275688136,0.000409577827668,0.000360651232768,0.000248783471761,0.000317254802212,0.000241469693719,0.0000420440810558,0.0000584839799558,0.0000919354788493,0.0000513965387654,0.00000962341437116,0.00000157997010319],"median":[0.00000850769720273,0.000202836672543,0.000220810368774,0.000194515756448,0.00110401655547,0.000472231011372,0.000310269359034,0.000136085029226,0.000290804891847,0.000123255478684,0.0000784809017205,0.0000741386320442,0.0000700138625689,0.0000842051958898,0.0000674555121805,0.0000858327766764,0.0000808462209534,0.0000828285992611,0.0000521849142388,0.0000788405595813,0.0000515977226314,0.0000118567013487,0.0000149808838614,0.0000216845055547,0.0000105299332063,0.00000190593016214,2.49885601988e-7],"min":[7.65301081249e-25,3.06158218937e-24,1.01809757339e-24,1.91457133343e-24,7.36670972137e-24,1.63589209805e-23,6.71865417684e-24,7.93299983307e-24,1.23599665375e-23,1.04294243206e-23,6.66686388069e-24,1.01810041329e-23,2.69015515741e-23,3.40643328629e-23,4.44032858817e-23,5.40290392224e-23,5.77991885042e-23,9.72759339031e-23,1.60170936663e-22,1.77913175728e-22,2.63433952494e-22,3.05541908733e-22,4.25947730315e-22,5.17992929504e-22,8.2208944311e-22,1.36256760947e-21,1.96339517494e-21],"var":[1.04608632867e-9,0.0000076430669651,0.00000598951919528,0.00000255691816164,0.000014040689166,0.00000195451934815,0.00000182383644187,7.67745177654e-7,0.00000347178979609,0.00000610368351772,0.00000387286445402,0.00000427336726716,0.00000290759430754,0.00000146227023379,0.00000161591151482,7.04600324752e-7,9.57766587817e-7,4.67596549925e-7,3.18017271184e-7,2.84582256427e-7,2.10358990671e-7,6.6195373627e-9,2.61957762149e-8,1.0356472302e-7,3.01858555929e-8,4.06183781054e-10,1.10484182567e-11]},"barkbands_crest":{"dmean":2.10697793961,"dmean2":3.36477589607,"dvar":3.91316175461,"dvar2":9.83626174927,"max":26.6484260559,"mean":9.29071426392,"median":8.20254707336,"min":2.54248785973,"var":17.7348690033},"barkbands_flatness_db":{"dmean":0.0156129598618,"dmean2":0.0238568279892,"dvar":0.000253589241765,"dvar2":0.000572994467802,"max":0.441813647747,"mean":0.131930321455,"median":0.117698252201,"min":0.0346431881189,"var":0.00316895893775},"barkbands_kurtosis":{"dmean":2.26426577568,"dmean2":3.51472067833,"dvar":55.1769866943,"dvar2":128.102767944,"max":444.511291504,"mean":3.55072307587,"median":1.26740324497,"min":-1.91262733936,"var":134.992477417},"barkbands_skewness":{"dmean":0.430107057095,"dmean2":0.637667536736,"dvar":0.242032378912,"dvar2":0.532776534557,"max":13.8597459793,"mean":1.22972261906,"median":1.14714980125,"min":-4.38696718216,"var":1.51972162724},"barkbands_spread":{"dmean":4.37186574936,"dmean2":6.55697393417,"dvar":30.7860298157,"dvar2":60.7873840332,"max":102.498931885,"mean":21.8792572021,"median":19.8862037659,"min":0.231438189745,"var":192.373703003},"dissonance":{"dmean":0.019476396963,"dmean2":0.0326636135578,"dvar":0.000438197312178,"dvar2":0.00118249864317,"max":0.5,"mean":0.454145997763,"median":0.464391350746,"min":0,"var":0.00145464972593},"dynamic_complexity":5.96751117706,"erbbands":{"dmean":[0.0156422760338,0.207779884338,0.795520365238,1.37110936642,2.87189126015,5.00422096252,4.73449230194,3.81148147583,5.02445793152,6.15942907333,6.23045682907,12.2363624573,14.132818222,15.3694887161,17.3285770416,12.030462265,12.3234777451,12.3622303009,13.0729503632,12.0129394531,9.02969646454,11.0009288788,8.11069583893,7.46083498001,4.10756158829,5.66599178314,7.50587415695,1.39736950397,0.706646680832,0.709869146347,0.796553730965,0.872115552425,0.720823526382,0.369537711143,0.137594878674,0.0298072881997,0.00729680154473,0.00161178433336,0.000145157173392,0.00000950182493398],"dmean2":[0.0248066727072,0.33764013648,1.32008481026,2.31553816795,4.81036329269,7.89569091797,7.30441808701,5.82844161987,7.87454557419,9.55249214172,9.89681625366,19.0473709106,22.3840961456,24.5509681702,28.2041759491,19.6149330139,19.6884365082,19.6444549561,20.7565746307,18.9272537231,13.6673536301,17.7707462311,12.2803344727,11.1605386734,6.16411590576,8.31437397003,11.0918359756,2.11459350586,1.06872212887,1.0238711834,1.1003074646,1.2212638855,0.982282698154,0.49920514226,0.184257760644,0.0400293245912,0.00994281005114,0.00228070700541,0.000201572082005,0.0000126024324345],"dvar":[0.00327397813089,0.509690880775,5.91092634201,17.7815761566,80.7894363403,115.420143127,71.5488967896,43.1192398071,114.327575684,224.122512817,213.702484131,891.53314209,1941.56958008,3002.04223633,3516.18969727,1857.46850586,1750.67053223,2158.06616211,2531.39868164,2114.93579102,568.976806641,1063.61340332,317.601531982,310.171234131,91.8302841187,119.996101379,269.626586914,11.225320816,3.77437901497,3.81963515282,7.25667381287,14.2860374451,11.1367454529,2.34997653961,0.265708506107,0.00872677750885,0.000293303106446,0.0000149390025399,1.17750907691e-7,3.3127522947e-10],"dvar2":[0.00749751459807,1.29979014397,15.6678333282,49.2948760986,224.735626221,280.087799072,169.415817261,104.98134613,268.606018066,524.533630371,538.401306152,2139.34375,4827.91308594,7861.18505859,9195.04492188,5021.85693359,4621.40673828,5800.10742188,6817.91455078,5345.11132812,1228.4041748,2917.35717773,741.553710938,667.479187012,214.052337646,269.760345459,610.456359863,26.0393257141,8.62399291992,7.22539806366,12.3251972198,27.830291748,18.6826076508,4.2407746315,0.447067379951,0.0148139884695,0.000568005896639,0.0000307859809254,2.2037772851e-7,6.07276173792e-10],"max":[0.817373216152,11.6024866104,44.2823219299,90.3460922241,193.863098145,287.016052246,175.472015381,163.707702637,326.597167969,514.616455078,468.530792236,600.539916992,1254.42297363,2491.52905273,2228.78613281,1413.83886719,1197.2199707,1870.9979248,1375.0723877,1710.77380371,966.143005371,884.369628906,370.037963867,498.932495117,271.726959229,231.48789978,561.220581055,106.36856842,77.0156478882,94.0610733032,125.72441864,211.386611938,217.781509399,76.1708145142,24.2901573181,5.39660024643,0.51737165451,0.0961346924305,0.00800892245024,0.000491270620842],"mean":[0.0228207539767,0.329688161612,1.22351920605,2.07845592499,4.29099273682,8.85741710663,9.5326833725,7.86424636841,9.39749240875,11.0290756226,11.0220575333,20.1160411835,23.0966186523,26.0305099487,27.9902858734,21.2985038757,22.129491806,22.0935249329,23.0129909515,20.4652690887,18.1479911804,24.2972221375,19.2936630249,16.5735626221,10.4867010117,14.8859167099,17.6987037659,3.31616139412,1.52610635757,1.55431878567,1.73381543159,1.84599220753,1.52284955978,0.752965509892,0.272239625454,0.0621259361506,0.0145100755617,0.00288492138498,0.000268912379397,0.0000286000777123],"median":[0.00257038045675,0.0650979429483,0.312978774309,0.661678254604,1.77623593807,3.73573970795,4.48399543762,3.91698694229,3.9659910202,4.32428026199,4.22071123123,6.48244810104,5.25505113602,4.72906255722,4.10999107361,3.28496146202,3.7668800354,3.72018146515,4.5855884552,4.91271686554,5.11108636856,4.96314382553,4.92851448059,4.10398864746,2.78493356705,3.79694271088,3.26126527786,1.08016610146,0.487919330597,0.413061857224,0.442414432764,0.46601459384,0.324401408434,0.153616577387,0.0551823452115,0.0129711776972,0.00267538335174,0.000379120232537,0.0000453514039691,0.0000163057302416],"min":[6.771571913e-23,7.81511296426e-22,2.86099923066e-21,1.01172363786e-20,1.23997451515e-20,1.47281252899e-20,6.84052711058e-20,1.61978274906e-19,7.47142810353e-20,2.05433407055e-19,2.70990288184e-19,2.81287006599e-19,7.14654529238e-19,3.43927765876e-19,1.07029199311e-18,5.20256383639e-19,1.02748622359e-18,2.18896143755e-18,1.65522407788e-18,2.86613842949e-18,3.72160593066e-18,3.46305181184e-18,5.81084743664e-18,6.26797556728e-18,7.9260181597e-18,8.81247370777e-18,9.42865460813e-18,1.1078911363e-17,1.0161665671e-17,1.01243250838e-17,1.11762465329e-17,1.136729134e-17,9.55271019332e-18,8.20964598404e-18,6.40203383403e-18,3.98801392259e-18,2.39540545252e-18,9.59555980341e-19,2.52806816218e-19,2.49527319739e-20],"var":[0.0034315653611,0.516752183437,6.57392024994,17.1768836975,74.6547622681,235.638870239,207.256973267,120.224456787,277.320556641,511.639190674,433.647003174,1635.28283691,3434.83105469,5124.60595703,6705.66015625,4050.98999023,4226.10205078,5118.45019531,5321.16503906,3253.08251953,1779.40576172,3413.9206543,1255.73303223,1045.63085938,408.064910889,562.901855469,1023.06787109,31.3891086578,8.30748558044,11.7775173187,24.7829055786,36.1343231201,34.2386131287,6.83652734756,0.796783030033,0.024725234136,0.000802536262199,0.0000328646601702,3.0649675864e-7,1.27744637091e-9]},"erbbands_crest":{"dmean":2.48599123955,"dmean2":3.96527862549,"dvar":5.55835008621,"dvar2":14.0716972351,"max":30.0724067688,"mean":9.28135681152,"median":8.11374378204,"min":2.5023355484,"var":20.171792984},"erbbands_flatness_db":{"dmean":0.0151987392455,"dmean2":0.02156355232,"dvar":0.000226601332542,"dvar2":0.000429762236308,"max":0.4138661623,"mean":0.1720610708,"median":0.162499696016,"min":0.035817079246,"var":0.00311154103838},"erbbands_kurtosis":{"dmean":0.926966071129,"dmean2":1.46617686749,"dvar":5.47099351883,"dvar2":12.4438533783,"max":123.868888855,"mean":0.597455322742,"median":-0.191142708063,"min":-1.77589488029,"var":13.3094072342},"erbbands_skewness":{"dmean":0.338905960321,"dmean2":0.510459423065,"dvar":0.11207497865,"dvar2":0.249497875571,"max":9.48882389069,"mean":0.304900169373,"median":0.306158065796,"min":-3.22317743301,"var":0.743817925453},"erbbands_spread":{"dmean":6.5549325943,"dmean2":9.83785057068,"dvar":52.9059791565,"dvar2":110.269187927,"max":136.151611328,"mean":35.8867874146,"median":33.6475906372,"min":0.981491863728,"var":328.862426758},"gfcc":{"cov":[[30566.1132812,-667.10144043,-2586.71923828,2599.72607422,-883.336853027,765.350646973,-313.699554443,437.222320557,-911.950256348,171.689956665,-222.069259644,-252.330413818,132.333480835],[-667.10144043,1480.83349609,38.5496482849,-214.247787476,279.064331055,-91.0142211914,119.475563049,-63.0488319397,98.2837371826,-83.240447998,45.5580558777,-80.3896026611,-24.1728248596],[-2586.71923828,38.5496482849,1127.1796875,77.4735031128,201.774459839,172.134246826,29.7194385529,22.3729629517,165.96925354,19.7242565155,-41.4741897583,90.9325256348,-99.4030761719],[2599.72607422,-214.247787476,77.4735031128,803.915405273,88.1237792969,131.861328125,24.7107028961,129.872879028,-6.9299082756,33.3929672241,-27.0809001923,-10.5280189514,56.18516922],[-883.336853027,279.064331055,201.774459839,88.1237792969,380.172180176,39.4196548462,140.806915283,42.7260398865,79.0947418213,28.0794048309,-2.96359801292,20.5102443695,-12.9475107193],[765.350646973,-91.0142211914,172.134246826,131.861328125,39.4196548462,318.284545898,104.03679657,29.696559906,-12.9108295441,25.4440135956,-4.57641363144,-9.9533033371,-44.1828536987],[-313.699554443,119.475563049,29.7194385529,24.7107028961,140.806915283,104.03679657,260.823883057,37.6786422729,11.1696939468,24.4616165161,17.5597438812,-13.580286026,-21.0633125305],[437.222320557,-63.0488319397,22.3729629517,129.872879028,42.7260398865,29.696559906,37.6786422729,170.228805542,43.4947967529,7.60229730606,-5.837641716,6.58964252472,25.218624115],[-911.950256348,98.2837371826,165.96925354,-6.9299082756,79.0947418213,-12.9108295441,11.1696939468,43.4947967529,156.669021606,24.1779403687,-15.4371290207,28.4248943329,-15.452747345],[171.689956665,-83.240447998,19.7242565155,33.3929672241,28.0794048309,25.4440135956,24.4616165161,7.60229730606,24.1779403687,89.8927764893,18.7714805603,14.4308309555,-13.7781200409],[-222.069259644,45.5580558777,-41.4741897583,-27.0809001923,-2.96359801292,-4.57641363144,17.5597438812,-5.837641716,-15.4371290207,18.7714805603,98.574798584,6.24762153625,13.8676605225],[-252.330413818,-80.3896026611,90.9325256348,-10.5280189514,20.5102443695,-9.9533033371,-13.580286026,6.58964252472,28.4248943329,14.4308309555,6.24762153625,105.381622314,7.99242115021],[132.333480835,-24.1728248596,-99.4030761719,56.18516922,-12.9475107193,-44.1828536987,-21.0633125305,25.218624115,-15.452747345,-13.7781200409,13.8676605225,7.99242115021,109.327308655]],"icov":[[0.000195186134079,-0.000374637951609,0.000481572002172,-0.000618067220785,0.00047544282279,-0.000555320468266,0.000456285226392,-0.000601376697887,0.00106425292324,-0.000957156240474,0.000838435604237,-0.000584969006013,0.000461121351691],[-0.000374637951609,0.00189337646589,-0.000839402608108,0.00136301165912,-0.00184130773414,0.00128226436209,-0.00108744495083,0.00177942006849,-0.00304819340818,0.0033878502436,-0.00255068577826,0.0022024337668,-0.000752751599066],[0.000481572002172,-0.000839402608108,0.00264027249068,-0.00162568688393,0.000554369587917,-0.00219172565266,0.00156427966431,-0.00116829597391,0.00130934931803,-0.00163207366131,0.00207423325628,-0.00238074990921,0.0021086584311],[-0.000618067220785,0.00136301165912,-0.00162568688393,0.00371275190264,-0.00208871718496,0.00111027876846,-0.00100842770189,0.000857300474308,-0.00286111957394,0.00240611983463,-0.00217109569348,0.00242423871532,-0.00253036571667],[0.00047544282279,-0.00184130773414,0.000554369587917,-0.00208871718496,0.00598960136995,-0.000862497952767,-0.0010782337049,-0.00179260678124,0.00213019549847,-0.00379518931732,0.00291078188457,-0.00251533184201,0.000798864697572],[-0.000555320468266,0.00128226436209,-0.00219172565266,0.00111027876846,-0.000862497952767,0.00641206745058,-0.0032362639904,0.00133712310344,-0.00181166105904,0.00218053325079,-0.00238977605477,0.00224705785513,0.000107174026198],[0.000456285226392,-0.00108744495083,0.00156427966431,-0.00100842770189,-0.0010782337049,-0.0032362639904,0.00721255969256,-0.00257911579683,0.00299835950136,-0.00300643988885,0.00115056312643,-0.000783247465733,0.00165295414627],[-0.000601376697887,0.00177942006849,-0.00116829597391,0.000857300474308,-0.00179260678124,0.00133712310344,-0.00257911579683,0.0101270526648,-0.0065963678062,0.00433991290629,-0.00292939948849,0.00211105705239,-0.00305445678532],[0.00106425292324,-0.00304819340818,0.00130934931803,-0.00286111957394,0.00213019549847,-0.00181166105904,0.00299835950136,-0.0065963678062,0.0166337136179,-0.00915934238583,0.00686073023826,-0.00484606903046,0.00299885543063],[-0.000957156240474,0.0033878502436,-0.00163207366131,0.00240611983463,-0.00379518931732,0.00218053325079,-0.00300643988885,0.00433991290629,-0.00915934238583,0.0204598512501,-0.00848099868745,0.00238163722679,0.000224151575821],[0.000838435604237,-0.00255068577826,0.00207423325628,-0.00217109569348,0.00291078188457,-0.00238977605477,0.00115056312643,-0.00292939948849,0.00686073023826,-0.00848099868745,0.0160516928881,-0.00403583422303,-0.000140951902722],[-0.000584969006013,0.0022024337668,-0.00238074990921,0.00242423871532,-0.00251533184201,0.00224705785513,-0.000783247465733,0.00211105705239,-0.00484606903046,0.00238163722679,-0.00403583422303,0.0139924502,-0.00313890702091],[0.000461121351691,-0.000752751599066,0.0021086584311,-0.00253036571667,0.000798864697572,0.000107174026198,0.00165295414627,-0.00305445678532,0.00299885543063,0.000224151575821,-0.000140951902722,-0.00313890702091,0.0135003207251]],"mean":[-79.231086731,89.7890472412,-123.452438354,18.1018486023,-61.6372642517,0.498314380646,-44.2196311951,6.49266719818,-29.1472301483,-4.22509479523,-14.1492834091,-6.57089710236,-5.00170898438]},"hfc":{"dmean":3.64793992043,"dmean2":5.03888177872,"dvar":38.3556976318,"dvar2":77.7750549316,"max":166.845413208,"mean":14.7298316956,"median":7.47160148621,"min":1.08669774331e-16,"var":344.696624756},"melbands":{"dmean":[0.000179965383722,0.000362042046618,0.000262222078163,0.00028867617948,0.000177653957508,0.0000866182526806,0.0000763204006944,0.0000650438669254,0.000060206381022,0.0000779444089858,0.0000754623688408,0.0000679319928167,0.0000643562307232,0.0000384782069887,0.0000354496878572,0.0000292178101517,0.0000231003850786,0.0000236094147112,0.0000164920675161,0.0000153405435412,0.0000111922599899,0.0000138893992698,0.00000658412454868,0.0000104393129732,0.00000634773459751,0.00000454328846899,0.0000027492405934,0.00000446221201855,0.00000651944492347,0.00000201677812584,5.63719936508e-7,3.89701398262e-7,4.62541436264e-7,4.2461252292e-7,4.8526703722e-7,5.21090385064e-7,5.92111121023e-7,5.72273961552e-7,4.14948488014e-7,3.0264192219e-7],"dmean2":[0.000285602465738,0.000593989097979,0.000441995478468,0.000461327028461,0.00027407638845,0.000132345870952,0.000119516582345,0.000100647521322,0.0000959726821748,0.000121746270452,0.000119893549709,0.000108625121356,0.000105106402771,0.0000633405288681,0.000057928617025,0.0000465930097562,0.0000367738575733,0.0000375349045498,0.0000257773954218,0.0000237966305576,0.0000168995502463,0.0000225132225751,0.0000102214344224,0.0000160961662914,0.00000962880858424,0.00000698756775819,0.00000424914878749,0.00000670709778205,0.00000973699661699,0.00000311754365612,8.79812489529e-7,6.02148475082e-7,7.0511936201e-7,6.33337265299e-7,7.02874444869e-7,7.40220627904e-7,8.61143462316e-7,8.05396553005e-7,5.7610765225e-7,4.21213655954e-7],"dvar":[4.00463903816e-7,0.00000128532406052,6.76374838804e-7,4.92555216169e-7,1.00191300589e-7,2.07960013654e-8,2.53397143268e-8,2.20336193735e-8,1.9487146119e-8,3.70608503886e-8,5.53095773626e-8,5.9573231681e-8,4.89211515742e-8,2.97120781312e-8,1.69876184231e-8,1.28697452695e-8,6.72753186493e-9,7.44518002804e-9,3.34838490268e-9,3.04063418888e-9,9.62163571039e-10,1.87777082772e-9,1.9571608223e-10,6.4662658561e-10,2.60592464274e-10,1.65291877408e-10,3.11305842216e-11,7.60087895402e-11,2.11160117169e-10,2.71439815069e-11,2.32453964931e-12,1.04686734542e-12,1.72321824778e-12,1.44559299427e-12,2.54353526088e-12,3.61884957764e-12,7.92413096945e-12,7.12662697952e-12,3.66403608842e-12,1.46321442376e-12],"dvar2":[9.47631633608e-7,0.00000335158006237,0.00000188401122614,0.00000126641180032,2.40062121293e-7,5.02647736766e-8,5.87832644783e-8,5.10672393261e-8,5.08542363775e-8,8.90816380661e-8,1.38743700973e-7,1.56643139348e-7,1.29560788764e-7,7.72388446535e-8,4.94692145026e-8,3.40845502933e-8,1.76332939361e-8,1.94450535673e-8,8.32543012308e-9,7.29219529205e-9,2.05289962807e-9,5.11187892016e-9,4.74649375359e-10,1.49071233135e-9,5.62782265234e-10,3.84206638726e-10,7.52350473587e-11,1.72714675895e-10,4.90486762317e-10,6.66451754894e-11,5.40748088668e-12,2.40511516952e-12,3.92989937467e-12,2.91405267971e-12,4.72978513993e-12,6.84288996994e-12,1.66361091569e-11,1.20149142371e-11,7.19843499045e-12,2.7139106934e-12],"max":[0.00980456732213,0.0206182040274,0.017039578408,0.0146173080429,0.00686975428835,0.00361352670006,0.0051086563617,0.00466430420056,0.003103523748,0.00418633595109,0.0063404943794,0.0109075177461,0.00940344855189,0.00786864757538,0.00353166204877,0.00415523909032,0.00305796228349,0.00222082505934,0.00163727614563,0.00180023920257,0.00137555738911,0.00094144284958,0.000381111953175,0.000514965970069,0.00046063773334,0.000379011791665,0.000165554083651,0.000213111561607,0.000555635546334,0.000237202999415,0.000056773515098,0.0000339552789228,0.0000507648583152,0.0000513544691785,0.0000656520205666,0.0000870756775839,0.00015803174756,0.000180751914741,0.0000928944136831,0.0000557023413421],"mean":[0.000280614738585,0.000587472342886,0.000408939929912,0.000487242650706,0.000364786450518,0.000179232622031,0.000142642908031,0.000115056471259,0.000100571669464,0.000126388709759,0.000119214790175,0.000110428271,0.0000992726563709,0.0000644511455903,0.0000560657936148,0.0000482688192278,0.0000388871740142,0.0000389016677218,0.0000269979700533,0.000024769873562,0.0000200704325835,0.0000275723850791,0.0000145371659528,0.0000205265496334,0.0000125271481011,0.0000095345740192,0.00000637132825432,0.0000104940618257,0.0000142211156344,0.0000041504517867,0.00000108423455458,7.6361078527e-7,9.12883820092e-7,8.5611003442e-7,9.77792751655e-7,0.00000106016761947,0.00000115854936666,0.00000114411591312,8.20670777557e-7,5.81252322718e-7],"median":[0.0000427178856626,0.000173095715581,0.000154809327796,0.00021690884023,0.000181001334568,0.0000905969936866,0.0000604063243372,0.0000442360033048,0.0000350762202288,0.0000385205057682,0.0000239492874243,0.0000182317744475,0.000012997425074,0.00000776017623139,0.00000842969529913,0.0000063926599978,0.00000638839765088,0.0000067644932642,0.0000050598209782,0.00000548685966351,0.00000496723532706,0.00000455292274637,0.00000420883043262,0.00000423346318712,0.00000281542270386,0.00000188148123925,0.00000191828212337,0.00000242951318796,0.00000222052403842,9.81206085271e-7,3.30243040025e-7,2.34938596577e-7,2.09471863855e-7,2.17754632104e-7,2.46821656447e-7,2.46165086537e-7,2.81860820905e-7,2.44118666615e-7,1.47797663885e-7,1.16946196727e-7],"min":[1.06331379858e-24,9.57637498678e-25,1.7831157494e-24,1.77149089788e-24,2.34892110607e-24,3.6594555307e-24,1.04211819074e-24,2.1128818931e-24,2.23703933047e-24,1.56510871343e-24,3.45074383999e-24,1.18744362581e-24,1.66362146606e-24,1.32111058418e-24,2.00549642744e-24,2.77197675713e-24,3.04257221927e-24,2.01231336895e-24,3.40109056803e-24,3.4113236717e-24,3.56303740099e-24,3.21680279981e-24,2.5472440903e-24,4.51226781179e-24,4.10988130252e-24,4.64041471596e-24,5.43711334871e-24,4.93186016626e-24,5.00186802172e-24,5.81093283802e-24,5.10964456518e-24,5.04029698629e-24,4.15340709739e-24,5.00109217702e-24,5.2255625476e-24,6.87857994816e-24,5.12104005538e-24,6.60848817371e-24,6.73944302828e-24,6.65591449133e-24],"var":[4.25612029176e-7,0.0000013995269228,6.19757088316e-7,7.30281442429e-7,2.83041828197e-7,6.05774985729e-8,6.45628048801e-8,5.08062392157e-8,3.68746206902e-8,6.77029845519e-8,9.69418252339e-8,9.92627846585e-8,8.55284483237e-8,6.61345893604e-8,2.8547656683e-8,3.04206331236e-8,1.53808965564e-8,1.605351585e-8,6.01844130088e-9,5.05597030909e-9,2.68907185408e-9,5.47078959912e-9,6.77252032233e-10,1.84737813935e-9,7.51835593782e-10,5.38731337318e-10,1.17062651239e-10,3.00013541787e-10,7.52377049551e-10,6.24633123003e-11,4.59168076825e-12,2.17940878018e-12,3.76719228729e-12,4.05188209374e-12,7.7468196788e-12,1.07227143831e-11,1.63853670215e-11,2.10643672643e-11,9.47143405372e-12,4.02599394794e-12]},"melbands_crest":{"dmean":2.58137106895,"dmean2":4.10961818695,"dvar":6.02385187149,"dvar2":15.2457094193,"max":33.8521728516,"mean":12.096701622,"median":10.9854202271,"min":1.00019967556,"var":26.2440605164},"melbands_flatness_db":{"dmean":0.0185843743384,"dmean2":0.0278274938464,"dvar":0.00038342908374,"dvar2":0.000817304535303,"max":0.554326415062,"mean":0.19211538136,"median":0.175032109022,"min":4.14176668073e-7,"var":0.00587259000167},"melbands_kurtosis":{"dmean":4.46914482117,"dmean2":6.95963478088,"dvar":81.4429473877,"dvar2":195.178436279,"max":294.690124512,"mean":9.28561496735,"median":5.2741150856,"min":-1.88906788826,"var":209.828369141},"melbands_skewness":{"dmean":0.548926591873,"dmean2":0.828874588013,"dvar":0.382085055113,"dvar2":0.879826784134,"max":11.1380205154,"mean":2.13971352577,"median":1.99691200256,"min":-4.50503063202,"var":1.95806539059},"melbands_spread":{"dmean":6.40369939804,"dmean2":9.4513053894,"dvar":85.4261474609,"dvar2":164.392288208,"max":240.096908569,"mean":27.1719303131,"median":21.4974136353,"min":0.435343056917,"var":526.748474121},"mfcc":{"cov":[[18249.9472656,-834.627502441,-935.653686523,1277.50134277,37.8105506897,177.018630981,712.533691406,42.8890838623,50.8536453247,299.033996582,-393.165466309,60.1134605408,-178.347351074],[-834.627502441,1371.93530273,25.7834472656,-28.580329895,44.1703529358,25.828371048,1.76243233681,0.0603464953601,-8.64031600952,6.53311300278,58.6446533203,-30.2602939606,-10.3125696182],[-935.653686523,25.7834472656,736.387512207,-18.867980957,155.54447937,156.929962158,-67.1962661743,102.893852234,47.3920173645,-22.5387763977,108.700492859,-2.81237506866,55.4522743225],[1277.50134277,-28.580329895,-18.867980957,505.260498047,178.692626953,28.0302639008,62.6747703552,56.2063179016,101.688392639,20.3478488922,-32.6726875305,68.8915328979,10.1527013779],[37.8105506897,44.1703529358,155.54447937,178.692626953,271.297363281,38.0243186951,-12.1427879333,45.9893417358,71.6753997803,1.57738792896,7.95491743088,44.7459793091,25.091588974],[177.018630981,25.828371048,156.929962158,28.0302639008,38.0243186951,286.161437988,87.1582565308,60.7733917236,24.9136447906,28.4771327972,90.6570358276,-29.7440490723,20.3228607178],[712.533691406,1.76243233681,-67.1962661743,62.6747703552,-12.1427879333,87.1582565308,264.920593262,54.4303512573,12.1737232208,56.5249443054,-5.69689559937,26.1005420685,-11.1502628326],[42.8890838623,0.0603464953601,102.893852234,56.2063179016,45.9893417358,60.7733917236,54.4303512573,138.725509644,77.373916626,13.6193056107,33.3924026489,22.9155673981,26.9848270416],[50.8536453247,-8.64031600952,47.3920173645,101.688392639,71.6753997803,24.9136447906,12.1737232208,77.373916626,154.28137207,33.8421058655,15.6256332397,29.6509399414,13.2952747345],[299.033996582,6.53311300278,-22.5387763977,20.3478488922,1.57738792896,28.4771327972,56.5249443054,13.6193056107,33.8421058655,111.82611084,24.9729118347,-0.0391734205186,-13.4798984528],[-393.165466309,58.6446533203,108.700492859,-32.6726875305,7.95491743088,90.6570358276,-5.69689559937,33.3924026489,15.6256332397,24.9729118347,137.380264282,5.86057806015,19.1863269806],[60.1134605408,-30.2602939606,-2.81237506866,68.8915328979,44.7459793091,-29.7440490723,26.1005420685,22.9155673981,29.6509399414,-0.0391734205186,5.86057806015,117.980766296,32.0529556274],[-178.347351074,-10.3125696182,55.4522743225,10.1527013779,25.091588974,20.3228607178,-11.1502628326,26.9848270416,13.2952747345,-13.4798984528,19.1863269806,32.0529556274,97.8315124512]],"icov":[[0.0000880163861439,0.0000407744191762,0.0000613945085206,-0.000228740755119,0.0000681086385157,-0.000111271241622,-0.0000756979425205,-0.0000483395415358,0.000133893714519,-0.000192715917365,0.000218762419536,0.00000829770760902,0.000073672272265],[0.0000407744191762,0.000783103867434,0.0000868550123414,-0.0000447780003014,-0.000255530583672,0.0000821058201836,-0.000164573852089,0.0000112165844257,0.000115120164992,-0.0000022069100396,-0.000385320570786,0.000325367640471,0.0000919442536542],[0.0000613945085206,0.0000868550123414,0.0022455228027,0.000331878080033,-0.00123557867482,-0.00092648138525,0.000761411676649,-0.00143094407395,0.00044704953325,0.00023955348297,-0.000575388490688,0.000155340298079,-0.000161118485266],[-0.000228740755119,-0.0000447780003014,0.000331878080033,0.00376324960962,-0.00207089446485,-0.000236891355598,-0.000131227570819,-0.0000500069145346,-0.00144237792119,0.000522476388142,0.000377549236873,-0.00100372452289,0.000101636149338],[0.0000681086385157,-0.000255530583672,-0.00123557867482,-0.00207089446485,0.00637079309672,-0.000599467603024,0.00069856387563,0.000261955457972,-0.00110058975406,-0.000272734323516,0.00103242450859,-0.00143844541162,-0.000108791420644],[-0.000111271241622,0.0000821058201836,-0.00092648138525,-0.000236891355598,-0.000599467603024,0.0067709046416,-0.00275971996598,3.78777315291e-7,-0.00038497519563,0.000739235780202,-0.00427406374365,0.00341141037643,-0.00133720738813],[-0.0000756979425205,-0.000164573852089,0.000761411676649,-0.000131227570819,0.00069856387563,-0.00275971996598,0.00670176185668,-0.00328322756104,0.00189800129738,-0.00284684868529,0.00231611519121,-0.0026479868684,0.00125340023078],[-0.0000483395415358,0.0000112165844257,-0.00143094407395,-0.0000500069145346,0.000261955457972,3.78777315291e-7,-0.00328322756104,0.0136503279209,-0.00632137060165,0.00191752484534,-0.00184283545241,0.000242127847741,-0.00207194173709],[0.000133893714519,0.000115120164992,0.00044704953325,-0.00144237792119,-0.00110058975406,-0.00038497519563,0.00189800129738,-0.00632137060165,0.0117750801146,-0.00378098990768,0.000889497285243,-0.0012194737792,0.00057860504603],[-0.000192715917365,-0.0000022069100396,0.00023955348297,0.000522476388142,-0.000272734323516,0.000739235780202,-0.00284684868529,0.00191752484534,-0.00378098990768,0.0125425392762,-0.00372700253502,0.00118437642232,0.00110636616591],[0.000218762419536,-0.000385320570786,-0.000575388490688,0.000377549236873,0.00103242450859,-0.00427406374365,0.00231611519121,-0.00184283545241,0.000889497285243,-0.00372700253502,0.0126364361495,-0.00288612628356,-0.000126525832457],[0.00000829770760902,0.000325367640471,0.000155340298079,-0.00100372452289,-0.00143844541162,0.00341141037643,-0.0026479868684,0.000242127847741,-0.0012194737792,0.00118437642232,-0.00288612628356,0.0125919179991,-0.00387339387089],[0.000073672272265,0.0000919442536542,-0.000161118485266,0.000101636149338,-0.000108791420644,-0.00133720738813,0.00125340023078,-0.00207194173709,0.00057860504603,0.00110636616591,-0.000126525832457,-0.00387339387089,0.0128341531381]],"mean":[-709.236633301,119.199760437,-5.05905675888,13.896197319,1.09525346756,-10.5150699615,-0.537330746651,-4.60614728928,-4.68526935577,0.0409800000489,-11.4384298325,-0.324505209923,-6.82470989227]},"pitch_salience":{"dmean":0.0569385886192,"dmean2":0.0902706682682,"dvar":0.00246939016506,"dvar2":0.0062164994888,"max":0.99609708786,"mean":0.574360370636,"median":0.585506439209,"min":0.0763894617558,"var":0.0112891485915},"silence_rate_20dB":{"dmean":0,"dmean2":0,"dvar":0,"dvar2":0,"max":1,"mean":1,"median":1,"min":1,"var":0},"silence_rate_30dB":{"dmean":0.00100290845148,"dmean2":0.00200601806864,"dvar":0.0010019026231,"dvar2":0.00300500285812,"max":1,"mean":0.999498605728,"median":1,"min":0,"var":0.000501152535435},"silence_rate_60dB":{"dmean":0.0298866722733,"dmean2":0.0597793385386,"dvar":0.0289934575558,"dvar2":0.0642298385501,"max":1,"mean":0.256317675114,"median":0,"min":0,"var":0.190618932247},"spectral_centroid":{"dmean":210.593490601,"dmean2":308.327056885,"dvar":67116.28125,"dvar2":129141.101562,"max":11725.8730469,"mean":1472.48400879,"median":1328.30639648,"min":193.369033813,"var":1220495.5},"spectral_complexity":{"dmean":2.32915449142,"dmean2":3.5081243515,"dvar":6.90660047531,"dvar2":13.3253602982,"max":54,"mean":14.9187726974,"median":13,"min":0,"var":123.404151917},"spectral_contrast_coeffs":{"dmean":[0.0441225357354,0.0405406020582,0.036436997354,0.0296491961926,0.0222412794828,0.0156900379807],"dmean2":[0.0711814016104,0.0654576346278,0.0580886155367,0.0477574020624,0.0349084958434,0.0243988204747],"dvar":[0.00143602967728,0.00114884926006,0.000926247099414,0.000595176476054,0.000391390494769,0.000208043828025],"dvar2":[0.00359832774848,0.00300922663882,0.00228463951498,0.00148542132229,0.000836519117001,0.000463108648546],"max":[-0.288728266954,-0.377737015486,-0.491469591856,-0.505415856838,-0.554343223572,-0.614061951637],"mean":[-0.611595988274,-0.721378028393,-0.739758014679,-0.758894085884,-0.774012207985,-0.802685916424],"median":[-0.614914119244,-0.722703814507,-0.746067106724,-0.762765288353,-0.778878211975,-0.797500729561],"min":[-0.976264417171,-0.998237550259,-0.997193217278,-0.985120654106,-0.98615115881,-0.965501248837],"var":[0.00908982753754,0.00496082985774,0.00487625366077,0.00370972347446,0.00333024421707,0.00217499840073]},"spectral_contrast_valleys":{"dmean":[0.420662492514,0.308324664831,0.272016316652,0.232875943184,0.208047434688,0.231446951628],"dmean2":[0.661329030991,0.503305017948,0.437128633261,0.37080809474,0.308833777905,0.302102684975],"dvar":[0.187620356679,0.0833045691252,0.072543784976,0.0599929727614,0.0647585690022,0.0865243002772],"dvar2":[0.375774651766,0.192820444703,0.157158941031,0.123780891299,0.120254099369,0.137116372585],"max":[-5.22338056564,-5.40701198578,-5.4203619957,-5.79050540924,-5.82020521164,-7.50841188431],"mean":[-8.56438541412,-7.55500078201,-8.24723911285,-8.68832969666,-8.48950004578,-10.9429540634],"median":[-8.01830005646,-7.0995759964,-7.86232566833,-8.24775314331,-7.90845108032,-10.386100769],"min":[-28.2846336365,-27.9839668274,-27.6912670135,-27.7126369476,-27.5029449463,-27.4159011841],"var":[5.75207805634,4.75881910324,4.90883874893,4.96711969376,5.79153203964,4.76253843307]},"spectral_decrease":{"dmean":1.01972186251e-9,"dmean2":1.55312995798e-9,"dvar":4.24059683135e-18,"dvar2":1.00914099129e-17,"max":1.69897992456e-28,"mean":-3.39053363163e-9,"median":-2.11862105637e-9,"min":-3.20918047692e-8,"var":1.50939484491e-17},"spectral_energy":{"dmean":0.00409574294463,"dmean2":0.00621111690998,"dvar":0.0000653322567814,"dvar2":0.000154375011334,"max":0.126936048269,"mean":0.0141326999292,"median":0.00891422666609,"min":9.68007142488e-21,"var":0.000258522952208},"spectral_energyband_high":{"dmean":0.000243904389208,"dmean2":0.00033579239971,"dvar":2.22060776878e-7,"dvar2":4.23974341857e-7,"max":0.0184553153813,"mean":0.000710930209607,"median":0.000240287481574,"min":7.15076313802e-21,"var":0.00000115636510145},"spectral_energyband_low":{"dmean":0.00160782749299,"dmean2":0.00256087305024,"dvar":0.0000237947388086,"dvar2":0.0000583984437981,"max":0.0728007927537,"mean":0.00277689448558,"median":0.000900587881915,"min":1.56834178096e-23,"var":0.000028467615266},"spectral_energyband_middle_high":{"dmean":0.00153315300122,"dmean2":0.00229686847888,"dvar":0.0000125992719404,"dvar2":0.0000311293515551,"max":0.0840149745345,"mean":0.00480910390615,"median":0.00161751895212,"min":1.2384071129e-21,"var":0.0000672927999403},"spectral_energyband_middle_low":{"dmean":0.00227940967306,"dmean2":0.00356855965219,"dvar":0.0000197233275685,"dvar2":0.0000505409952893,"max":0.0916042625904,"mean":0.00628977175802,"median":0.00418520905077,"min":1.26792199657e-22,"var":0.0000475704982819},"spectral_entropy":{"dmean":0.131278127432,"dmean2":0.18996797502,"dvar":0.0213302224874,"dvar2":0.0410040616989,"max":9.82433605194,"mean":7.37073993683,"median":7.488073349,"min":4.31375360489,"var":0.372194856405},"spectral_flux":{"dmean":0.0139605244622,"dmean2":0.0218821223825,"dvar":0.000371870672097,"dvar2":0.000798856664915,"max":0.255670100451,"mean":0.0553125627339,"median":0.0467488989234,"min":6.48140430215e-11,"var":0.0018274737522},"spectral_kurtosis":{"dmean":1.84993946552,"dmean2":3.08884644508,"dvar":9.40011978149,"dvar2":26.1330165863,"max":105.599853516,"mean":6.77624607086,"median":4.281645298,"min":-1.50789690018,"var":70.2551956177},"spectral_rms":{"dmean":0.000448272883659,"dmean2":0.000653588736895,"dvar":4.32675818729e-7,"dvar2":9.37811648782e-7,"max":0.0111283445731,"mean":0.00314315012656,"median":0.00294903479517,"min":3.07310470474e-12,"var":0.00000390860714106},"spectral_rolloff":{"dmean":415.894683838,"dmean2":668.941833496,"dvar":677421.5625,"dvar2":1253734.25,"max":19422.9492188,"mean":1904.78796387,"median":1335.05859375,"min":86.1328125,"var":5487451.5},"spectral_skewness":{"dmean":0.209850147367,"dmean2":0.333573490381,"dvar":0.061532150954,"dvar2":0.151336207986,"max":8.6647977829,"mean":1.76811480522,"median":1.51766836643,"min":-0.191143110394,"var":0.819136500359},"spectral_spread":{"dmean":445663.90625,"dmean2":613582.25,"dvar":579885858816,"dvar2":962616819712,"max":42348276,"mean":4619047,"median":4032225,"min":968512.1875,"var":13383400161300},"spectral_strongpeak":{"dmean":0.477793365717,"dmean2":0.806245803833,"dvar":0.8120470047,"dvar2":2.08979916573,"max":15.8600177765,"mean":0.860840439796,"median":0.367498517036,"min":0,"var":1.54369056225},"zerocrossingrate":{"dmean":0.00867520738393,"dmean2":0.00990828964859,"dvar":0.000178318077815,"dvar2":0.000192965570022,"max":0.529296875,"mean":0.0696785971522,"median":0.06005859375,"min":0.00390625,"var":0.00357189541683}},"metadata":{"audio_properties":{"analysis_sample_rate":44100,"bit_rate":0,"codec":"flac","downmix":"mix","equal_loudness":0,"length":231.506668091,"lossless":true,"md5_encoded":"c42297986723362f177463ea931e8de7","replay_gain":-9.1479549408},"tags":{"acoustid_id":["656ee4f6-3509-4785-b2aa-3997c45f8043"],"album":["Gold: Greatest Hits"],"albumartist":["ABBA"],"albumartistsort":["ABBA"],"artist":["ABBA"],"artists":["ABBA"],"artistsort":["ABBA"],"asin":["B003DZB8K0"],"barcode":["619659055189"],"catalognumber":["SDCM-14792-A57"],"composer":["Benny Andersson","Björn Ulvaeus"],"date":["2008-10-15"],"discnumber":["1"],"disctotal":["1"],"engineer":["Michael B. Tretow"],"file_name":"18 Thank You for the Music.flac","genre":["Disco"],"grouping":["Pop"],"isrc":["SEAYD7702080"],"label":["SanDisk"],"language":["eng"],"lyricist":["Benny Andersson","Björn Ulvaeus"],"media":["slotMusic"],"mood":["Retro; Cheerful; Feel Good; Uplifting"],"musicbrainz_albumartistid":["d87e52c5-bb8d-4da8-b941-9f4928627dc8"],"musicbrainz_albumid":["34c6ee74-3c53-4423-97ee-d6c796a49d72"],"musicbrainz_artistid":["d87e52c5-bb8d-4da8-b941-9f4928627dc8"],"musicbrainz_recordingid":["e863222f-a1ce-4fbb-bfc1-6cc0c2333451"],"musicbrainz_releasegroupid":["b69d665a-3eee-39f3-b156-58b122232304"],"musicbrainz_releasetrackid":["1f460b2f-f498-3255-926c-ab592bf236d7"],"musicbrainz_workid":["f6d10530-69a5-3197-92b2-e40aa94bb643"],"originaldate":["1992"],"originalyear":["2008"],"performer":["Roger Palm (drums)"],"producer":["Benny Andersson","Björn Ulvaeus"],"releasecountry":["US"],"releasestatus":["official"],"releasetype":["album","compilation"],"replaygain_album_gain":["-2.52 dB"],"replaygain_album_peak":["0.982910"],"replaygain_track_gain":["-2.84 dB"],"replaygain_track_peak":["0.939667"],"script":["Latn"],"title":["Thank You for the Music"],"totaldiscs":["1"],"totaltracks":["19"],"tracknumber":["18"],"tracktotal":["19"],"work