{"lowlevel":{"average_loudness":0.814767479897,"barkbands":{"dmean":[0.00745967961848,0.0145104490221,0.00328028714284,0.00160275900271,0.00316263060085,0.00100245187059,0.000617333571427,0.000472817249829,0.000409987958847,0.000386537663871,0.000345574575476,0.000452659180155,0.00049083767226,0.000277516373899,0.000287963455776,0.000175795590621,0.000291336182272,0.000153367771418,0.000122504294268,0.0000791017155279,0.0000311220901494,0.0000136730386657,0.00000659692432237,0.00000324649704453,0.0000026002692266,0.00000370828456653,0.00013909660629],"dmean2":[0.0119154294953,0.0232659820467,0.0054430142045,0.00256439880468,0.00515572074801,0.00167198246345,0.00102961040102,0.000773014500737,0.000677718431689,0.000643772422336,0.000576903519686,0.000749128113966,0.000818330096081,0.000460913055576,0.00047829002142,0.000288837938569,0.000481792667415,0.000241925750743,0.000190348961041,0.00012413096556,0.0000484794763906,0.0000210933740163,0.0000101484320112,0.00000538916265214,0.0000043826471483,0.00000596028485234,0.000213785009691],"dvar":[0.000390534492908,0.000838100735564,0.000026216453989,0.00000687641977493,0.0000326530025632,0.00000225715211855,0.00000184034217909,0.00000194845620172,8.56625661072e-7,0.00000149441837038,0.00000112686780085,0.00000105926892502,0.00000116173544029,2.99522326941e-7,2.41409026103e-7,1.29928352521e-7,2.189870969e-7,7.16676851198e-8,4.56557849304e-8,1.90829734237e-8,2.70211031328e-9,6.52568998838e-10,1.7986302725e-10,3.99718591559e-11,2.39952623743e-11,3.66103813931e-11,4.43355503421e-8],"dvar2":[0.000911050534341,0.0020719631575,0.0000723856865079,0.0000170978491951,0.0000874733450473,0.00000602630780122,0.00000456175257568,0.00000491209357278,0.00000219948469748,0.000003816134722,0.00000298995496451,0.00000267249401986,0.00000307812229039,7.65595416397e-7,6.38515984974e-7,3.32037046746e-7,5.98491567416e-7,1.72887411054e-7,1.09340803078e-7,4.54754314205e-8,6.31869312429e-9,1.41929801245e-9,3.93553079014e-10,9.96889654159e-11,6.26536322823e-11,8.98872851152e-11,1.06174255166e-7],"max":[0.268395662308,0.302462875843,0.0800833702087,0.0596099682152,0.104463025928,0.0277883205563,0.0338890329003,0.0489075779915,0.0239604394883,0.0575214549899,0.0335830003023,0.0249823909253,0.0262072626501,0.0108148874715,0.00957332924008,0.0111803375185,0.00815007276833,0.00495770201087,0.0046858866699,0.00299070728943,0.000976303243078,0.00104968249798,0.000526540447026,0.000174226152012,0.0000797316097305,0.0001451215212,0.00560364685953],"mean":[0.00881125498563,0.0211994051933,0.00461866334081,0.0024864799343,0.00535848131403,0.00163572723977,0.000872028700542,0.000642555067316,0.000641745573375,0.000544438837096,0.000506315031089,0.00079157325672,0.000811078469269,0.00048895314103,0.000564886606298,0.000348115252564,0.000656114600133,0.000358418619726,0.000301345804473,0.000208097219002,0.0000835411119624,0.0000378860131605,0.0000148285616888,0.00000411945984524,0.00000262596631728,0.00000749581840864,0.000597592850681],"median":[0.00155699707102,0.00845034699887,0.00221675727516,0.00113691925071,0.00305630126968,0.00102593482006,0.000387680483982,0.000237141968682,0.000335843418725,0.000216648317291,0.000192713079741,0.000397003197577,0.000424962432589,0.000242117093876,0.000336455763318,0.000184384116437,0.00038608914474,0.000189296013559,0.000149364757817,0.000108418273157,0.0000487817887915,0.0000220505789912,0.00000833206922835,0.00000177018910108,8.32814635032e-7,0.00000448586160928,0.000383069709642],"min":[5.55558684604e-24,6.06713711066e-24,3.57043462858e-23,5.25784249919e-23,3.82533988398e-23,1.34443203805e-22,1.19676295639e-22,2.36330200093e-23,6.28085499156e-23,1.18111649987e-22,6.60681862849e-23,4.99239900873e-23,4.42580628999e-23,6.95197241134e-23,8.10604877886e-23,1.62884113306e-22,1.68824854389e-22,2.37649257568e-22,2.37474067338e-22,5.90985711572e-22,3.77751989321e-22,4.41069020043e-22,4.51138166855e-22,7.70416554707e-22,1.24009388685e-21,1.75343508661e-21,2.64814582772e-21],"var":[0.000432633940363,0.00110386789311,0.0000395685237891,0.0000130900934892,0.000051081096899,0.00000383000724469,0.00000270378018286,0.00000256237262874,0.00000115775299037,0.00000181174948466,0.00000154904876126,0.00000180125891802,0.00000174522233465,5.50299489532e-7,5.3286714774e-7,2.78271528487e-7,6.4818550527e-7,2.35773740087e-7,1.66840067095e-7,7.61373684099e-8,1.12352065429e-8,2.54740739614e-9,4.69939698267e-10,5.20276738358e-11,2.49586063622e-11,8.84760320563e-11,4.26940317766e-7]},"barkbands_crest":{"dmean":2.98914599419,"dmean2":4.83312034607,"dvar":6.34904575348,"dvar2":16.3103408813,"max":24.6615829468,"mean":11.2918109894,"median":10.7886676788,"min":2.78306150436,"var":16.2382659912},"barkbands_flatness_db":{"dmean":0.0322080254555,"dmean2":0.0506682023406,"dvar":0.000961002835538,"dvar2":0.00239901500754,"max":0.517503917217,"mean":0.173298627138,"median":0.159147560596,"min":0.0483445860445,"var":0.00475556310266},"barkbands_kurtosis":{"dmean":6.96432638168,"dmean2":11.075802803,"dvar":131.370925903,"dvar2":319.386047363,"max":358.147125244,"mean":12.6848688126,"median":7.49633836746,"min":-1.60126686096,"var":300.881744385},"barkbands_skewness":{"dmean":0.771006405354,"dmean2":1.18894219398,"dvar":0.708346366882,"dvar2":1.62122035027,"max":16.4371013641,"mean":2.5767724514,"median":2.34371876717,"min":-1.86546230316,"var":2.10599946976},"barkbands_spread":{"dmean":5.17122983932,"dmean2":7.84617185593,"dvar":35.5990943909,"dvar2":72.4071884155,"max":77.6187515259,"mean":18.5146598816,"median":15.4210987091,"min":0.356822907925,"var":188.203765869},"dissonance":{"dmean":0.017118146643,"dmean2":0.0291308071464,"dvar":0.000437980459537,"dvar2":0.00119724497199,"max":0.500000059605,"mean":0.471346974373,"median":0.481484174728,"min":0.227471992373,"var":0.000887566071469},"dynamic_complexity":4.33221578598,"erbbands":{"dmean":[0.790673553944,2.21456623077,3.45101189613,4.61054563522,7.19853019714,12.7179574966,10.2282304764,8.85746383667,8.98762321472,9.69310283661,9.4089307785,9.27671813965,10.5239601135,11.6748161316,16.4990692139,16.3664550781,22.0248432159,11.6664104462,15.3832120895,11.1783027649,10.2971839905,16.3562698364,8.74415206909,7.68012905121,4.7972779274,3.77978730202,1.93728709221,0.852731466293,0.528832018375,0.328096181154,0.170828133821,0.0921589881182,0.0437481701374,0.0290890168399,0.0185322668403,0.0108608435839,0.00749448640272,0.00612875865772,0.00800698529929,0.00376378791407],"dmean2":[1.28496289253,3.64242553711,5.70669031143,7.41354656219,11.6495780945,21.0198097229,17.0874557495,14.7648229599,14.9539060593,16.0641841888,15.5253124237,15.2496747971,17.3302078247,19.5101642609,27.4405841827,26.7743797302,36.6260108948,18.7908992767,25.6038951874,18.3732471466,16.748167038,27.0599250793,13.7929458618,11.9720468521,7.44667673111,5.88463640213,3.00915908813,1.31458497047,0.822202205658,0.505102813244,0.263865083456,0.148046031594,0.0737035647035,0.0490829981863,0.0311819761992,0.018150953576,0.0118973786011,0.0089706806466,0.0119049288332,0.00576159683987],"dvar":[3.20152235031,15.5848751068,28.1884918213,53.3715248108,141.460266113,742.852233887,274.796264648,198.740097046,297.131317139,790.305358887,564.205200195,467.585845947,894.946105957,1449.00244141,2304.4362793,1124.61047363,2344.88720703,713.260986328,750.362304688,430.519256592,371.187286377,703.47668457,213.686019897,196.11100769,69.640296936,44.2448158264,10.5134820938,1.9364374876,0.897433340549,0.405188143253,0.143427908421,0.0437877550721,0.00690613174811,0.00304360012524,0.00120094278827,0.000387829728425,0.000168469210621,0.0000866457630764,0.000195969536435,0.0000298650847981],"dvar2":[7.86949634552,42.1265716553,76.5667648315,137.222259521,368.596832275,2008.53588867,723.581298828,520.222290039,739.208496094,2035.9798584,1445.28344727,1205.79724121,2284.62524414,3700.93066406,6289.68066406,2768.32275391,6227.67822266,1752.16101074,1955.94567871,1132.18334961,934.162475586,1915.75598145,520.348449707,470.610046387,164.543029785,105.880096436,24.8209133148,4.54164505005,2.06938624382,0.815717577934,0.317319393158,0.102422125638,0.0179328862578,0.00795507337898,0.0031325770542,0.00100867869332,0.000398342439439,0.000174140688614,0.000431508815382,0.0000712676846888],"max":[17.6515674591,49.3421020508,70.6559295654,218.291992188,266.348480225,416.564910889,276.280090332,228.592697144,509.830444336,615.806213379,650.009521484,717.632568359,998.578125,2089.71020508,1215.40344238,1059.19897461,1236.06481934,607.917480469,579.713745117,675.669189453,532.287109375,448.595306396,289.399932861,300.302978516,173.698303223,145.361785889,58.6068687439,39.5058097839,37.8439750671,28.0448646545,17.441947937,7.13172769547,1.33158445358,0.901472687721,0.561955332756,0.314906597137,0.346072375774,0.271927922964,0.336262881756,0.117961570621],"mean":[1.02304708958,3.20805454254,5.363301754,7.81001901627,11.8036289215,19.1291809082,15.5749454498,13.7778701782,13.4902524948,13.2332181931,14.1103162766,14.5535392761,15.5409812927,17.9001731873,26.6399707794,31.9664859772,37.67004776,23.0368785858,31.3976802826,24.0869026184,23.0739135742,36.7208862305,21.9762458801,18.436630249,12.8602542877,9.88554477692,5.08743429184,2.383446455,1.45157492161,0.837229728699,0.36854994297,0.149225324392,0.0456127896905,0.0292159318924,0.0190015807748,0.0119101041928,0.0157254431397,0.0224587041885,0.031355060637,0.0192977823317],"median":[0.278766304255,1.47821593285,2.85390949249,4.07979202271,6.27085876465,9.56521034241,8.6319065094,8.121052742,7.12117624283,4.29644966125,6.63347673416,7.66281223297,6.40738010406,7.40623569489,11.5445270538,17.8477706909,20.7036457062,12.1480913162,18.6279773712,15.1740055084,13.4105358124,22.0480747223,12.7596187592,9.23382759094,6.65075016022,5.17129325867,2.86354780197,1.42378473282,0.850153565407,0.483168303967,0.203432545066,0.0715031474829,0.0160555243492,0.00922841206193,0.00618419796228,0.00448962301016,0.00929539091885,0.0143846198916,0.0186321102083,0.0154452268034],"min":[2.10510069535e-22,1.92853322797e-21,2.85487365126e-20,1.28182919176e-19,1.44639509441e-19,7.13500017747e-20,3.26907258153e-19,1.43101997817e-18,2.40891475949e-18,5.96891823958e-19,6.70472589673e-19,1.08391844954e-18,3.3665649157e-18,3.65705606437e-18,2.05276490893e-18,2.36865257036e-18,2.11502782761e-18,3.00533534899e-18,4.87432140533e-18,3.83994776576e-18,1.03655408766e-17,1.0066862501e-17,1.09331943992e-17,1.32267147749e-17,2.12645669262e-17,2.71807463013e-17,1.54199221305e-17,1.44067532659e-17,1.72015500559e-17,1.1562453025e-17,1.41045262855e-17,1.27745356658e-17,1.49204969464e-17,1.26336990675e-17,8.79601281358e-18,6.9127314219e-18,3.36526706932e-18,1.17273624403e-18,4.18700317908e-19,3.65845796749e-20],"var":[3.64179825783,20.277387619,46.6895141602,108.020576477,256.194061279,924.380126953,426.924804688,321.677581787,452.469604492,1047.36572266,753.726989746,610.325439453,1115.18725586,1901.97998047,3260.33081055,2358.10986328,3568.12695312,1367.81652832,1648.16809082,1049.51147461,1004.97613525,2046.94519043,785.794006348,652.446899414,286.414276123,174.125656128,42.9289703369,8.91034412384,3.55850982666,1.39207100868,0.324168771505,0.0703817307949,0.00728499749675,0.00313986674882,0.00126429542433,0.000430255633546,0.000419254414737,0.000688599888235,0.00138456991408,0.000373584305635]},"erbbands_crest":{"dmean":2.09738731384,"dmean2":3.51354956627,"dvar":4.18270683289,"dvar2":11.2696819305,"max":26.4893112183,"mean":7.58659124374,"median":6.56871509552,"min":2.397326231,"var":12.4177818298},"erbbands_flatness_db":{"dmean":0.0237088352442,"dmean2":0.037758409977,"dvar":0.000612743780948,"dvar2":0.00164043926634,"max":0.351292103529,"mean":0.153324484825,"median":0.140918701887,"min":0.0642589852214,"var":0.00216906378046},"erbbands_kurtosis":{"dmean":1.060754776,"dmean2":1.71744334698,"dvar":5.38108110428,"dvar2":14.0297079086,"max":74.1604309082,"mean":0.760973393917,"median":-0.0829938650131,"min":-1.64828240871,"var":10.9046421051},"erbbands_skewness":{"dmean":0.334407508373,"dmean2":0.523258149624,"dvar":0.108686760068,"dvar2":0.261922359467,"max":6.01970291138,"mean":0.0859671831131,"median":-0.105496868491,"min":-3.24518918991,"var":0.82213562727},"erbbands_spread":{"dmean":6.21293354034,"dmean2":9.79894351959,"dvar":32.4763755798,"dvar2":78.2065582275,"max":80.3194198608,"mean":32.5222702026,"median":32.5035552979,"min":2.63191151619,"var":194.261672974},"gfcc":{"cov":[[10309.7490234,-2095.83911133,-2217.37548828,1019.25128174,871.126037598,-778.850830078,369.072387695,-242.859146118,295.305847168,48.2013244629,208.679428101,620.19152832,-50.1581687927],[-2095.83911133,962.522766113,524.483581543,-349.469329834,-170.702026367,138.745773315,-19.8733863831,1.00627470016,-25.5767345428,-10.4833211899,-27.6413803101,-169.49659729,15.6052589417],[-2217.37548828,524.483581543,996.33996582,-100.828483582,-278.159729004,309.604003906,-177.67755127,138.754516602,-72.6443328857,50.7463645935,-83.5724868774,-180.894363403,22.2235050201],[1019.25128174,-349.469329834,-100.828483582,425.363983154,162.348068237,-124.508140564,75.2108230591,1.61156439781,69.7868652344,13.0687189102,-5.59733104706,90.5360107422,-15.0684490204],[871.126037598,-170.702026367,-278.159729004,162.348068237,314.198059082,-81.1143951416,116.229621887,-65.416557312,61.2896881104,-21.8914909363,50.1721229553,77.8614654541,11.5082302094],[-778.850830078,138.745773315,309.604003906,-124.508140564,-81.1143951416,277.731262207,-57.231967926,85.4631347656,-67.6784591675,26.3039321899,-14.8447933197,-69.3494491577,15.0519132614],[369.072387695,-19.8733863831,-177.67755127,75.2108230591,116.229621887,-57.231967926,176.362792969,-38.2868347168,66.4831466675,-12.1548242569,21.0547828674,37.023979187,-22.4991607666],[-242.859146118,1.00627470016,138.754516602,1.61156439781,-65.416557312,85.4631347656,-38.2868347168,154.15562439,-8.43035984039,36.4059715271,-5.63010168076,-26.5156726837,19.0154685974],[295.305847168,-25.5767345428,-72.6443328857,69.7868652344,61.2896881104,-67.6784591675,66.4831466675,-8.43035984039,114.141197205,31.1203136444,12.4204654694,19.0295543671,-23.6242904663],[48.2013244629,-10.4833211899,50.7463645935,13.0687189102,-21.8914909363,26.3039321899,-12.1548242569,36.4059715271,31.1203136444,74.4406356812,23.270942688,-9.00762653351,-2.87913227081],[208.679428101,-27.6413803101,-83.5724868774,-5.59733104706,50.1721229553,-14.8447933197,21.0547828674,-5.63010168076,12.4204654694,23.270942688,65.826171875,45.1319580078,15.0243701935],[620.19152832,-169.49659729,-180.894363403,90.5360107422,77.8614654541,-69.3494491577,37.023979187,-26.5156726837,19.0295543671,-9.00762653351,45.1319580078,110.281547546,22.4546852112],[-50.1581687927,15.6052589417,22.2235050201,-15.0684490204,11.5082302094,15.0519132614,-22.4991607666,19.0154685974,-23.6242904663,-2.87913227081,15.0243701935,22.4546852112,57.4562416077]],"icov":[[0.000311373616569,0.000151583953993,0.000509706034791,-0.000277122569969,-0.000233996208408,-3.06500481884e-7,0.000189286380191,0.000057656881836,0.0000463357391709,-0.000794665771537,0.000504408497363,-0.000652121379972,0.000165004370501],[0.000151583953993,0.00357404234819,-0.00229976978153,0.00274489074945,-0.000457644520793,0.00191193423234,-0.00256676669233,0.000668648455758,-0.000569827214349,0.00078919850057,-0.0013195311185,0.00218490650877,-0.00156819622498],[0.000509706034791,-0.00229976978153,0.00609928835183,-0.00541112292558,0.00309398467652,-0.00509802158922,0.00383412512019,0.000996616785415,-0.00268775923178,0.000804273586255,-0.00130725605413,0.00324513763189,-0.00281252060086],[-0.000277122569969,0.00274489074945,-0.00541112292558,0.0110359331593,-0.00647735083476,0.00667705200613,-0.00423189206049,-0.00317066046409,0.00426375912502,-0.00713769160211,0.0106371035799,-0.00947017222643,0.00525519438088],[-0.000233996208408,-0.000457644520793,0.00309398467652,-0.00647735083476,0.0111023988575,-0.00523285055533,-0.000153862463776,0.00400123093277,-0.00682490319014,0.00972325354815,-0.0121222566813,0.00946371816099,-0.00806046649814],[-3.06500481884e-7,0.00191193423234,-0.00509802158922,0.00667705200613,-0.00523285055533,0.0118165863678,-0.00410800101236,-0.00421856343746,0.00798221305013,-0.00728973047808,0.00578186195344,-0.0045962925069,0.00414459034801],[0.000189286380191,-0.00256676669233,0.00383412512019,-0.00423189206049,-0.000153862463776,-0.00410800101236,0.0129029601812,0.000458393857116,-0.0063281939365,0.00481991330162,-0.00347431562841,0.000423436373239,0.00266004283912],[0.000057656881836,0.000668648455758,0.000996616785415,-0.00317066046409,0.00400123093277,-0.00421856343746,0.000458393857116,0.0113717345521,-0.00362908071838,0.000187421261217,-0.00368396565318,0.00569413136691,-0.00737340701744],[0.0000463357391709,-0.000569827214349,-0.00268775923178,0.00426375912502,-0.00682490319014,0.00798221305013,-0.0063281939365,-0.00362908071838,0.0232262201607,-0.0173545591533,0.0117712179199,-0.0102238636464,0.00994976423681],[-0.000794665771537,0.00078919850057,0.000804273586255,-0.00713769160211,0.00972325354815,-0.00728973047808,0.00481991330162,0.000187421261217,-0.0173545591533,0.0397175624967,-0.030155453831,0.0196930263191,-0.00625983020291],[0.000504408497363,-0.0013195311185,-0.00130725605413,0.0106371035799,-0.0121222566813,0.00578186195344,-0.00347431562841,-0.00368396565318,0.0117712179199,-0.030155453831,0.0511557906866,-0.0300303660333,0.00655443267897],[-0.000652121379972,0.00218490650877,0.00324513763189,-0.00947017222643,0.00946371816099,-0.0045962925069,0.000423436373239,0.00569413136691,-0.0102238636464,0.0196930263191,-0.0300303660333,0.0402562506497,-0.0184085909277],[0.000165004370501,-0.00156819622498,-0.00281252060086,0.00525519438088,-0.00806046649814,0.00414459034801,0.00266004283912,-0.00737340701744,0.00994976423681,-0.00625983020291,0.00655443267897,-0.0184085909277,0.0337089821696]],"mean":[-20.1084575653,117.695243835,-85.3245010376,8.11478900909,-4.27681207657,-17.1280288696,-0.746057868004,-17.8399562836,-4.41038274765,-10.1163473129,-2.85968780518,-4.06039428711,-5.84145498276]},"hfc":{"dmean":45.8996810913,"dmean2":67.2440719604,"dvar":4709.83447266,"dvar2":10250.5644531,"max":1295.65356445,"mean":187.018966675,"median":158.665130615,"min":1.23168053477e-16,"var":33701.0117188},"melbands":{"dmean":[0.00549434684217,0.00194003200158,0.000763428281061,0.000731797481421,0.000401539495215,0.000193366591702,0.00013217185915,0.000106568935735,0.0000780132904765,0.0000578713516006,0.0000540690525668,0.0000493151455885,0.0000508351768076,0.0000562612221984,0.0000484189040435,0.0000449948529422,0.0000223886363528,0.0000279086743831,0.0000226106658374,0.0000122462715808,0.0000135375266836,0.0000197062145162,0.0000114147178465,0.00000806242769613,0.00000696696724845,0.00000426372525908,0.00000357405110663,0.00000250568336924,0.00000152301583967,7.77425384513e-7,4.90081333737e-7,3.49779810449e-7,2.62347782609e-7,1.6673158143e-7,1.05967508546e-7,8.70610961101e-8,4.6075669502e-8,3.11469605663e-8,2.66964761408e-8,2.3774722635e-8],"dmean2":[0.00876615475863,0.00318171223626,0.00122463249136,0.00119390431792,0.000664685794618,0.000322309351759,0.000219664783799,0.00017571002536,0.000129574167659,0.0000953041235334,0.0000892133029993,0.0000826195027912,0.0000847741175676,0.0000937613003771,0.0000809277335065,0.0000750806138967,0.0000364821898984,0.0000468141479359,0.0000376731986762,0.0000202932260436,0.0000222884009418,0.0000329591784975,0.0000189661241166,0.0000127946423163,0.0000111027293315,0.00000677311982145,0.00000575163448957,0.00000395083407057,0.00000242661053562,0.00000122759036003,7.7975670365e-7,5.59853276627e-7,4.13177616565e-7,2.60499518845e-7,1.67037683241e-7,1.37037886816e-7,7.62526255471e-8,5.26426369163e-8,4.51050681249e-8,4.01129476302e-8],"dvar":[0.000143095749081,0.00000847687806527,0.00000136173059673,0.00000193167534235,4.79940979403e-7,8.97563552371e-8,6.78076759186e-8,1.00154743166e-7,3.47113520149e-8,1.88406268364e-8,2.38393340624e-8,2.67798032638e-8,2.42842066456e-8,1.87695903264e-8,7.73887176564e-9,1.28210890793e-8,2.54733856231e-9,2.5841888629e-9,1.49634904467e-9,7.1803063495e-10,6.26331986275e-10,1.06491115925e-9,3.55921903061e-10,2.18672746577e-10,1.67171027021e-10,5.49594258992e-11,4.17021937815e-11,1.941372757e-11,6.58498602868e-12,1.69376264316e-12,6.82371585452e-13,4.00413561899e-13,2.61083879126e-13,9.4402323415e-14,4.65671406058e-14,5.53873624482e-14,9.17135935068e-15,3.67068419253e-15,2.58507827469e-15,2.02968978261e-15],"dvar2":[0.000342234474374,0.0000229436882364,0.00000346672072737,0.00000522704840478,0.00000123402787722,2.35414290728e-7,1.66446739058e-7,2.56353843042e-7,9.03437538113e-8,4.8192696056e-8,6.08971362226e-8,6.83567904503e-8,6.51133902352e-8,4.81239261774e-8,2.10208348506e-8,3.33784271334e-8,6.36805408405e-9,6.79279432703e-9,3.99149113761e-9,1.88576332327e-9,1.61968560786e-9,2.9489564124e-9,9.54300860556e-10,5.37956290625e-10,4.17215845205e-10,1.33247843315e-10,1.05014774654e-10,4.76750167122e-11,1.62549348981e-11,4.12504275529e-12,1.69718460206e-12,9.87073595603e-13,5.61512858779e-13,2.00132879019e-13,1.09253453723e-13,1.25407144521e-13,2.29566969004e-14,9.4899479239e-15,6.75806803978e-15,5.30359176715e-15],"max":[0.120451807976,0.0444683991373,0.0304291378707,0.0278233718127,0.013737465255,0.00459649832919,0.00682030245662,0.0085896840319,0.00463683297858,0.00465454347432,0.00487684085965,0.00918355491012,0.00485420040786,0.00331340357661,0.00218179426156,0.00326627283357,0.00116483052261,0.0010934562888,0.000843042857014,0.000967167550698,0.000640324607957,0.00061010272475,0.000341526581906,0.000297561433399,0.000268464704277,0.000132835877594,0.00012051230442,0.00010192701302,0.0000439296964032,0.0000284640973405,0.0000243345384661,0.000024931414373,0.0000192682437046,0.0000127875782709,0.00000991838442133,0.00000974167687673,0.00000293970765597,0.00000113990415684,8.32796729355e-7,7.35172250188e-7],"mean":[0.0078579634428,0.00327801541425,0.00140678230673,0.00118488830049,0.00062755565159,0.000310088566039,0.000199197791517,0.000143511861097,0.000117242772831,0.0000886431807885,0.0000773332212702,0.0000715037531336,0.0000785999218351,0.0000936606302275,0.000084734390839,0.0000717778675607,0.0000394821690861,0.0000520970752405,0.0000420741525886,0.0000241656252911,0.0000270179789368,0.0000408013838751,0.0000248089982051,0.0000173670941876,0.0000149025217979,0.0000100656243376,0.00000841559995024,0.00000603617081651,0.00000355519614459,0.00000188390254152,0.0000011953449075,8.58874443566e-7,6.31313412214e-7,3.85175496831e-7,2.161037429e-7,1.57021119662e-7,6.01224314778e-8,3.04230773907e-8,2.63887915963e-8,2.37835937611e-8],"median":[0.00271726725623,0.00184171530418,0.000789276557043,0.000652993214317,0.000339587801136,0.000187074998394,0.000103091966594,0.000043083440687,0.0000588450348005,0.0000457292335341,0.0000306217189063,0.0000281998618448,0.0000314580684062,0.0000452032109024,0.0000477629801026,0.0000360195008398,0.0000187844052562,0.0000282434120891,0.0000242065980274,0.0000141349428304,0.0000141140217238,0.000023212742235,0.0000141946520671,0.0000083794730017,0.00000690277374815,0.00000496649590787,0.00000424388235842,0.0000029810171327,0.0000018311502572,0.00000106732795757,6.8244241902e-7,4.74901469261e-7,3.49718277448e-7,2.16391612184e-7,1.1499921726e-7,7.54470050879e-8,2.57145398308e-8,8.95025120684e-9,8.05135780269e-9,7.40505479158e-9],"min":[2.30106939521e-24,1.06073921296e-23,2.36559332632e-23,5.92338022689e-24,1.02762567206e-23,3.3613274819e-23,3.22578129909e-23,5.32842724863e-24,5.62635871329e-24,7.79437882822e-24,1.74311012798e-23,1.50750924557e-23,7.00800362371e-24,5.45641006974e-24,7.1684445212e-24,3.62859213664e-24,5.77268412817e-24,8.25108511613e-24,4.71253001334e-24,8.07778105273e-24,1.32074760955e-23,1.05800368e-23,1.00189168827e-23,9.81883256929e-24,1.08135901151e-23,9.5637157414e-24,2.31927488495e-23,1.62973204101e-23,1.05597228429e-23,7.65562135044e-24,8.03479523314e-24,1.11410249776e-23,6.26990039572e-24,6.42331569798e-24,8.04554661842e-24,7.57864666989e-24,8.26407134435e-24,1.19690031285e-23,9.48925910486e-24,1.10214604856e-23],"var":[0.000181890311069,0.0000146449519889,0.00000295823906526,0.00000271738122137,8.08478205272e-7,1.50757941242e-7,1.05265804962e-7,1.34328075774e-7,4.50463097934e-8,2.43253595045e-8,2.94915807331e-8,3.35858914013e-8,3.39032126817e-8,2.91127530971e-8,1.41933300668e-8,1.73673857518e-8,4.47517001234e-9,5.04235542209e-9,3.17069992484e-9,1.3571913593e-9,1.49565837493e-9,2.66796540416e-9,9.74386682451e-10,6.12076500595e-10,4.60224580667e-10,1.88204438145e-10,1.30339766757e-10,6.83505960164e-11,2.23770203756e-11,5.89155287056e-12,2.40856531768e-12,1.30873512982e-12,8.0441100829e-13,2.98197068167e-13,1.02734159613e-13,9.2995076429e-14,1.17885302214e-14,3.72996718147e-15,2.64224368127e-15,2.09377820122e-15]},"melbands_crest":{"dmean":4.1956448555,"dmean2":6.72820520401,"dvar":14.8664770126,"dvar2":35.153591156,"max":37.8059616089,"mean":17.3880558014,"median":16.3713035583,"min":3.1274638176,"var":39.3425064087},"melbands_flatness_db":{"dmean":0.0397631078959,"dmean2":0.0623939670622,"dvar":0.00134286168031,"dvar2":0.0034006529022,"max":0.679082214832,"mean":0.29292756319,"median":0.27730885148,"min":0.010969908908,"var":0.00723311165348},"melbands_kurtosis":{"dmean":10.6944217682,"dmean2":17.1353721619,"dvar":314.515716553,"dvar2":785.411499023,"max":241.890930176,"mean":19.1773395538,"median":12.8472938538,"min":-1.81150078773,"var":478.873504639},"melbands_skewness":{"dmean":0.932316064835,"dmean2":1.45554542542,"dvar":1.09320056438,"dvar2":2.59686040878,"max":13.9823474884,"mean":3.29234457016,"median":3.0720410347,"min":-2.0167965889,"var":3.16126656532},"melbands_spread":{"dmean":4.61855792999,"dmean2":7.08279180527,"dvar":34.2545051575,"dvar2":71.5108947754,"max":138.661972046,"mean":13.3707084656,"median":10.2119178772,"min":0.307558625937,"var":129.530136108},"mfcc":{"cov":[[10936.4316406,-1902.53942871,-3010.09545898,1503.19580078,-181.447052002,299.277038574,-365.632537842,321.606781006,-225.129241943,-151.159439087,-123.507713318,264.701293945,403.334197998],[-1902.53942871,871.54486084,526.217224121,-407.308319092,-17.0216140747,-57.6871528625,78.5819473267,-92.1794052124,26.3791675568,31.5775718689,37.1245384216,-54.91614151,-78.0480575562],[-3010.09545898,526.217224121,1380.25341797,-444.438934326,107.334640503,-88.4602737427,96.4774780273,-130.265625,107.566894531,101.009780884,69.5380096436,-79.4605178833,-146.487533569],[1503.19580078,-407.308319092,-444.438934326,603.124450684,-0.829691469669,75.4176559448,-102.887908936,91.2052307129,-11.058889389,12.1922636032,-29.8062705994,38.0417098999,66.8597869873],[-181.447052002,-17.0216140747,107.334640503,-0.829691469669,170.783782959,13.8338441849,46.4104309082,-5.35510969162,34.4377403259,-11.9965486526,-1.27084755898,12.0777444839,7.98983478546],[299.277038574,-57.6871528625,-88.4602737427,75.4176559448,13.8338441849,149.572296143,15.2967185974,35.218082428,-14.5793514252,11.0569133759,-1.48536729813,10.3156909943,16.433555603],[-365.632537842,78.5819473267,96.4774780273,-102.887908936,46.4104309082,15.2967185974,126.802307129,13.4849700928,26.3446559906,-7.96283054352,4.41250324249,-1.59112143517,2.31248474121],[321.606781006,-92.1794052124,-130.265625,91.2052307129,-5.35510969162,35.218082428,13.4849700928,93.8320388794,15.5434417725,-4.12140130997,-15.6312427521,16.1205978394,25.0087413788],[-225.129241943,26.3791675568,107.566894531,-11.058889389,34.4377403259,-14.5793514252,26.3446559906,15.5434417725,72.900642395,34.4801254272,19.2185287476,1.71664965153,-8.54136562347],[-151.159439087,31.5775718689,101.009780884,12.1922636032,-11.9965486526,11.0569133759,-7.96283054352,-4.12140130997,34.4801254272,89.5072479248,46.6748771667,2.67538881302,-17.2338752747],[-123.507713318,37.1245384216,69.5380096436,-29.8062705994,-1.27084755898,-1.48536729813,4.41250324249,-15.6312427521,19.2185287476,46.6748771667,68.9529342651,22.6086559296,-4.97262382507],[264.701293945,-54.91614151,-79.4605178833,38.0417098999,12.0777444839,10.3156909943,-1.59112143517,16.1205978394,1.71664965153,2.67538881302,22.6086559296,59.3172531128,36.4994354248],[403.334197998,-78.0480575562,-146.487533569,66.8597869873,7.98983478546,16.433555603,2.31248474121,25.0087413788,-8.54136562347,-17.2338752747,-4.97262382507,36.4994354248,64.1162796021]],"icov":[[0.000319432583638,0.00027321773814,0.000481229100842,-0.0001684116869,0.0000528251002834,-0.000182115109055,0.000241835194174,0.000169178383658,-0.0000371245550923,-0.0000510299905727,-0.0000173153493961,-0.000227220312809,-0.000327040266711],[0.00027321773814,0.00214763288386,0.0000565167028981,0.000687206920702,0.000592152995523,-0.000231352052651,-0.000256912608165,0.000753545959014,-0.000192600185983,-0.000247916497756,-0.000160378520377,0.000383033795515,-0.000313852302497],[0.000481229100842,0.0000565167028981,0.00229760049842,0.000275474856608,-0.000866001297254,-0.0000461912568426,0.000139854702866,0.00108659616672,-0.00103149493225,-0.001318427152,0.000124309619423,-0.00000807137348602,0.00121697213035],[-0.0001684116869,0.000687206920702,0.000275474856608,0.00369932758622,-0.000992393237539,-0.000609892595094,0.00242293742485,-0.00173181132413,-0.00029232466477,-0.00207513733767,0.00122798769735,0.000702283286955,-0.00136546010617],[0.0000528251002834,0.000592152995523,-0.000866001297254,-0.000992393237539,0.0091345589608,-0.00193491461687,-0.0025066442322,0.00372456549667,-0.0056921467185,0.00397430779412,0.00120608857833,-0.00301877874881,-0.000437923357822],[-0.000182115109055,-0.000231352052651,-0.0000461912568426,-0.000609892595094,-0.00193491461687,0.00934387464076,-0.00235548429191,-0.00360050867312,0.00584840634838,-0.00419620005414,0.0001246308384,0.000529583368916,0.00008940200496],[0.000241835194174,-0.000256912608165,0.000139854702866,0.00242293742485,-0.0025066442322,-0.00235548429191,0.0132625382394,-0.00357877439819,-0.00349729764275,0.00274814106524,-0.00229077157564,0.00263956701383,-0.00361497257836],[0.000169178383658,0.000753545959014,0.00108659616672,-0.00173181132413,0.00372456549667,-0.00360050867312,-0.00357877439819,0.0196543540806,-0.00897284410894,0.000781336682849,0.00620315317065,-0.00474544288591,-0.000739727169275],[-0.0000371245550923,-0.000192600185983,-0.00103149493225,-0.00029232466477,-0.0056921467185,0.00584840634838,-0.00349729764275,-0.00897284410894,0.0277569890022,-0.0107260504737,-0.00157886359375,0.00100641930476,0.000902854430024],[-0.0000510299905727,-0.000247916497756,-0.001318427152,-0.00207513733767,0.00397430779412,-0.00419620005414,0.00274814106524,0.000781336682849,-0.0107260504737,0.0268579274416,-0.0155588472262,0.00300943735056,0.00221772002988],[-0.0000173153493961,-0.000160378520377,0.000124309619423,0.00122798769735,0.00120608857833,0.0001246308384,-0.00229077157564,0.00620315317065,-0.00157886359375,-0.0155588472262,0.0336353220046,-0.0176467467099,0.00465997727588],[-0.000227220312809,0.000383033795515,-0.00000807137348602,0.000702283286955,-0.00301877874881,0.000529583368916,0.00263956701383,-0.00474544288591,0.00100641930476,0.00300943735056,-0.0176467467099,0.0377692244947,-0.0187854226679],[-0.000327040266711,-0.000313852302497,0.00121697213035,-0.00136546010617,-0.000437923357822,0.00008940200496,-0.00361497257836,-0.000739727169275,0.000902854430024,0.00221772002988,0.00465997727588,-0.0187854226679,0.033698566258]],"mean":[-685.817565918,175.632949829,-14.3490381241,41.1739501953,7.61434698105,18.4365520477,5.52796363831,7.71936321259,-2.0750234127,2.83803129196,1.31153464317,0.870748281479,0.267840743065]},"pitch_salience":{"dmean":0.0851821675897,"dmean2":0.135958254337,"dvar":0.00586602510884,"dvar2":0.0138738807291,"max":0.879451394081,"mean":0.552698373795,"median":0.572060227394,"min":0.0798012688756,"var":0.0165768228471},"silence_rate_20dB":{"dmean":0.000330551207298,"dmean2":0.000661157013383,"dvar":0.000330433860654,"dvar2":0.000991266104393,"max":1,"mean":0.99983471632,"median":1,"min":0,"var":0.000165212200955},"silence_rate_30dB":{"dmean":0.104454174638,"dmean2":0.208925619721,"dvar":0.0935475602746,"dvar2":0.197856128216,"max":1,"mean":0.820442914963,"median":1,"min":0,"var":0.147305935621},"silence_rate_60dB":{"dmean":0.0122303944081,"dmean2":0.0244628097862,"dvar":0.0120835406706,"dvar2":0.0308082588017,"max":1,"mean":0.0290034711361,"median":0,"min":0,"var":0.0281606465578},"spectral_centroid":{"dmean":176.22618103,"dmean2":263.512451172,"dvar":45650.9921875,"dvar2":80480.7578125,"max":11233.1767578,"mean":1019.78625488,"median":1014.03521729,"min":129.054595947,"var":353728.71875},"spectral_complexity":{"dmean":3.06949830055,"dmean2":4.7528924942,"dvar":8.34780406952,"dvar2":18.3995990753,"max":55,"mean":22.6855068207,"median":24,"min":0,"var":213.377685547},"spectral_contrast_coeffs":{"dmean":[0.0528199933469,0.0470467656851,0.0353854224086,0.0296448543668,0.0215818546712,0.040897987783],"dmean2":[0.0866735354066,0.0792467519641,0.0599363669753,0.0494918785989,0.036437407136,0.0656766444445],"dvar":[0.00178869976662,0.00135437690187,0.00078236637637,0.000593023956753,0.000342970743077,0.00155417167116],"dvar2":[0.00476153148338,0.00382510502823,0.00220451364294,0.00159651017748,0.00089770188788,0.00393441366032],"max":[-0.382858812809,-0.552125275135,-0.620498776436,-0.660194039345,-0.670622646809,-0.490113586187],"mean":[-0.685798704624,-0.779702186584,-0.817321836948,-0.815021038055,-0.823291242123,-0.75302541256],"median":[-0.692533373833,-0.783716976643,-0.821732342243,-0.814083218575,-0.807261943817,-0.751724421978],"min":[-0.960494935513,-0.975193023682,-0.965597689152,-0.986368000507,-0.973025262356,-0.962392389774],"var":[0.00506349513307,0.00316902110353,0.0019183823606,0.00184540171176,0.00343949394301,0.00777384731919]},"spectral_contrast_valleys":{"dmean":[0.351922273636,0.358377844095,0.311412006617,0.295898586512,0.323468148708,0.717238366604],"dmean2":[0.576959133148,0.585544586182,0.505878925323,0.476084470749,0.510484099388,1.17860412598],"dvar":[0.0996543392539,0.0997916013002,0.0843661874533,0.108409799635,0.198287665844,0.382375389338],"dvar2":[0.218798115849,0.221251934767,0.175741776824,0.240082487464,0.491684377193,0.99418348074],"max":[-4.80932044983,-4.40188598633,-5.03100395203,-5.27654027939,-5.72304725647,-8.84491348267],"mean":[-6.47866821289,-6.57048892975,-7.10113239288,-7.49808645248,-7.70500993729,-11.3239793777],"median":[-6.36669158936,-6.47736358643,-6.87191581726,-7.03036880493,-7.09700059891,-11.2230510712],"min":[-27.3339653015,-26.9679222107,-27.1271820068,-27.6752033234,-27.3509063721,-27.1714706421],"var":[0.69220584631,0.610379874706,0.867248773575,1.43473315239,1.8679022789,1.01191568375]},"spectral_decrease":{"dmean":5.81207526551e-9,"dmean2":9.04674912761e-9,"dvar":1.19857464907e-16,"dvar2":2.71198509189e-16,"max":9.44879996467e-9,"mean":-1.13750635578e-8,"median":-6.86967771557e-9,"min":-1.22377514344e-7,"var":2.03449915627e-16},"spectral_energy":{"dmean":0.0216603688896,"dmean2":0.0340811386704,"dvar":0.00163507787511,"dvar2":0.00377064757049,"max":0.473938941956,"mean":0.0598951615393,"median":0.0479688346386,"min":1.0878462262e-20,"var":0.00369259994477},"spectral_energyband_high":{"dmean":0.000142485499964,"dmean2":0.00021058206039,"dvar":4.42116494526e-8,"dvar2":9.09048836206e-8,"max":0.00512527674437,"mean":0.000627164437901,"median":0.000447421887657,"min":7.68234138827e-21,"var":4.73760735531e-7},"spectral_energyband_low":{"dmean":0.0196666419506,"dmean2":0.0310469828546,"dvar":0.00155109807383,"dvar2":0.00362037098967,"max":0.425294339657,"mean":0.0342209562659,"median":0.0165226496756,"min":7.42110168078e-23,"var":0.00235543679446},"spectral_energyband_middle_high":{"dmean":0.0015055576805,"dmean2":0.00228810077533,"dvar":0.00000760244893172,"dvar2":0.0000176109952008,"max":0.0807916894555,"mean":0.00542164128274,"median":0.00432919338346,"min":1.56887111925e-21,"var":0.000035401135392},"spectral_energyband_middle_low":{"dmean":0.00467822467908,"dmean2":0.00747599871829,"dvar":0.0000538347521797,"dvar2":0.000140165822813,"max":0.132234454155,"mean":0.0117931421846,"median":0.00898034591228,"min":4.69603166592e-22,"var":0.00013052666327},"spectral_entropy":{"dmean":0.198403388262,"dmean2":0.318622171879,"dvar":0.0684223547578,"dvar2":0.181127279997,"max":9.79565429688,"mean":7.30090475082,"median":7.5381975174,"min":4.82226610184,"var":0.317831963301},"spectral_flux":{"dmean":0.0313309729099,"dmean2":0.051626637578,"dvar":0.001994993072,"dvar2":0.00520323868841,"max":0.550747573376,"mean":0.1164310202,"median":0.106818839908,"min":1.04299867354e-10,"var":0.00643331371248},"spectral_kurtosis":{"dmean":7.57375669479,"dmean2":12.524181366,"dvar":301.364379883,"dvar2":823.157043457,"max":261.692382812,"mean":21.2020721436,"median":16.2225875854,"min":-1.20401442051,"var":354.721252441},"spectral_rms":{"dmean":0.00113459082786,"dmean2":0.00175315851811,"dvar":0.00000240423969444,"dvar2":0.00000534586524736,"max":0.0215030107647,"mean":0.00669162347913,"median":0.00684096943587,"min":3.25778054706e-12,"var":0.0000136567150548},"spectral_rolloff":{"dmean":3532.79394531,"dmean2":6709.56689453,"dvar":48388260,"dvar2":111196448,"max":22028.4667969,"mean":7434.78710938,"median":1658.05664062,"min":43.06640625,"var":87690024},"spectral_skewness":{"dmean":0.482439994812,"dmean2":0.775587618351,"dvar":0.773715019226,"dvar2":2.10074353218,"max":13.3835954666,"mean":2.95554304123,"median":2.53968048096,"min":-0.00104901916347,"var":1.61052942276},"spectral_spread":{"dmean":522501.15625,"dmean2":845277.375,"dvar":496631152640,"dvar2":1081898827780,"max":40858052,"mean":3332608,"median":3366488.5,"min":707945.8125,"var":781206618112},"spectral_strongpeak":{"dmean":3.02050042152,"dmean2":5.40773534775,"dvar":221.730438232,"dvar2":541.156677246,"max":196.000823975,"mean":3.09773921967,"median":0.239897668362,"min":0,"var":264.896118164},"zerocrossingrate":{"dmean":0.0345346927643,"dmean2":0.0422571115196,"dvar":0.00129737390671,"dvar2":0.00179269176442,"max":0.79541015625,"mean":0.193016067147,"median":0.184326171875,"min":0.00439453125,"var":0.0135870920494}},"metadata":{"audio_properties":{"analysis_sample_rate":44100,"bit_rate":192000,"codec":"mp3","downmix":"mix","equal_loudness":0,"length":280.973052979,"lossless":false,"md5_encoded":"5e05d3d0d0dfc8fc4c661c99bf3d891b","replay_gain":-0.461885452271},"tags":{"album":["The Battle of Los Angeles"],"albumartist":["Rage Against the Machine"],"albumartistsort":["Rage Against the Machine"],"artist":["Rage Against the Machine"],"artistsort":["Rage Against the Machine"],"asin":["B00002MZ2C"],"barcode":["074646963029"],"catalognumber":["EK 69630"],"composer":["Tom Morello","tim.com","Zack de la Rocha","Brad Wilk"],"date":["1999-11-02"],"discnumber":["1/1"],"file_name":"06 Born of a Broken Man.mp3","genre":["Alternative Rock / Hip Hop"],"isrc":["USSM19920169"],"label":["Epic"],"language":["eng"],"length":["281000"],"lyricist":["Zack de la Rocha"],"media":["CD"],"mp3gain_album_minmax":["120,189"],"mp3gain_minmax":["126,186"],"musicbrainz album release country":["US"],"musicbrainz album status":["official"],"musicbrainz album type":["album"],"musicbrainz_albumartistid":["3798b104-01cb-484c-a3b0-56adc6399b80"],"musicbrainz_albumid":["962df9d5-0ab5-4f90-97d9-99cb0ab52360"],"musicbrainz_artistid":["3798b104-01cb-484c-a3b0-56adc6399b80"],"musicbrainz_recordingid":["e884bfb3-b119-4064-ae8b-432a972ea9f5"],"originaldate":["1998-09"],"performer:bass guitar":["Y.tim.K."],"performer:drums":["Brad Wilk"],"performer:guitar":["Tom Morello"],"performer:vocal":["Zack de la Rocha"],"replaygain_album_gain":["0.40 dB"],"replaygain_album_peak":["0.418785"],"replaygain_track_gain":["0.11 dB"],"replaygain_track_peak":["0.360954"],"script":["Latn"],"title":["Born of a Broken Man"],"tracknumber":["6/12"]},"version":{"essentia":"2.1-beta1","essentia_build_sha":"eef087cf131c10083d474ad51def18efd0e38295","essentia_git_sha":"v2.1_beta1-7-ge0e83e8-dirty","extractor":