{"lowlevel":{"average_loudness":0.892318964005,"barkbands":{"dmean":[0.00435597449541,0.0190101079643,0.00615297816694,0.000975878268946,0.00129551207647,0.00118419073988,0.000781733891927,0.000629227608442,0.000686288345605,0.000644396815915,0.000468728598207,0.000625827524345,0.000400834978791,0.000466437777504,0.00039915839443,0.000258876127191,0.00019040897314,0.000161728574312,0.000144014469697,0.0000770352271502,0.0000489848607685,0.0000179963008122,0.00000966268635239,0.00000692347202857,0.00000316569503411,0.00000597046300754,0.000303358916426],"dmean2":[0.00679023936391,0.02917977795,0.0103253079578,0.00166822772007,0.00211065169424,0.00179553718772,0.00123245746363,0.00100699416362,0.00107701553497,0.00103484943975,0.000771079212427,0.00103939487599,0.000635320495348,0.000739346782211,0.00064184499206,0.00040147342952,0.000283438304905,0.000227568074479,0.000205340693356,0.000109556152893,0.0000658571443637,0.0000242827572947,0.0000131324732138,0.00000992764580587,0.00000514178373123,0.00000830570661492,0.000427760387538],"dvar":[0.0000732209227863,0.0012426241301,0.000134616682772,0.00000332074205289,0.00000966028164839,0.0000201480379474,0.00000516685395269,0.0000052842669902,0.00000256460589299,0.0000036869091673,0.0000010973683402,0.00000178505626991,5.16172008247e-7,6.92590901963e-7,6.34107379938e-7,1.90214095142e-7,1.09395735137e-7,1.01003656994e-7,1.93895417056e-7,6.73585702771e-8,2.41140210022e-8,1.24262677925e-9,1.85941123609e-10,9.90087525854e-11,3.0573755333e-11,7.66021135412e-11,3.56625065479e-7],"dvar2":[0.000171274368768,0.00278946734034,0.000352561444743,0.00000894932418305,0.0000257256197074,0.0000432355518569,0.0000120606682685,0.0000128905267047,0.00000633300487607,0.00000899983751879,0.00000277101071333,0.00000488825389766,0.00000119295850709,0.0000016881905367,0.00000171822171069,4.64290707214e-7,2.4485348149e-7,2.23852424597e-7,4.56944007965e-7,1.6997040575e-7,4.53412525303e-8,2.4409421151e-9,3.84374060358e-10,2.17644194334e-10,7.49919779053e-11,1.52125811947e-10,7.27433643988e-7],"max":[0.0919748395681,0.360650002956,0.117530927062,0.0352780595422,0.0718817338347,0.21688438952,0.0722384229302,0.0798683986068,0.0533052720129,0.048116825521,0.0334272459149,0.0411564745009,0.0348512604833,0.0212301798165,0.0192918647081,0.010123510845,0.00563622778282,0.00801334995776,0.0239209607244,0.0131608080119,0.00642485311255,0.00164979370311,0.00043538067257,0.000376030599,0.0000832607838674,0.000245889503276,0.0216608569026],"mean":[0.00411214353517,0.0207796283066,0.00672564143315,0.0010830295505,0.00176722416654,0.00180976674892,0.0011982062133,0.000857904204167,0.0010046151001,0.000896294426639,0.000679655408021,0.000997247989289,0.000671978516039,0.000799080647994,0.000678565702401,0.000446218415163,0.000304713699734,0.000266774208285,0.000241009664023,0.000137095179525,0.0000888251088327,0.0000331387454935,0.0000174997639988,0.0000100182423921,0.0000034649058307,0.0000100114411907,0.000731398176868],"median":[0.000647732173093,0.00619828840718,0.00241859117523,0.000474623462651,0.000737111200579,0.000482707546325,0.000431615975685,0.000227389493375,0.000349995854776,0.000225075986236,0.000267556024482,0.000382081867428,0.000300369574688,0.000363145722076,0.000306675268803,0.00018371688202,0.000102824124042,0.0000592187461734,0.0000407090883527,0.0000343422616425,0.0000243289941864,0.0000119547594295,0.00000881652067619,0.00000447222419098,0.00000154538872721,0.00000573105398871,0.000414516631281],"min":[3.73905475148e-24,2.40957879044e-23,3.251646786e-23,3.70945787361e-24,1.92435391863e-23,4.09945642677e-23,1.49151685777e-22,3.67855369544e-23,2.92686296944e-23,5.54504908429e-23,5.10447058427e-23,1.17571072008e-22,1.00912671029e-22,1.96571843973e-22,1.17475247496e-22,4.94659427359e-23,1.48185817106e-22,1.05706313692e-22,2.76785417004e-22,4.17809765486e-22,5.7694065531e-22,4.11057747226e-22,5.098235617e-22,7.43434331061e-22,1.16719395055e-21,1.53085938322e-21,2.86038853872e-21],"var":[0.0000732262051315,0.00149936485104,0.000136035538162,0.00000336681068802,0.0000125296173792,0.000042829396989,0.000011306316992,0.00000928608733375,0.00000481932738694,0.00000613508609604,0.00000179334347195,0.00000355364295501,0.00000140802762871,0.00000152259337938,0.00000119868400361,4.25888174505e-7,2.23084100526e-7,2.51353981184e-7,3.93650083197e-7,1.45159873455e-7,6.61759855802e-8,4.33078239936e-9,7.06631198e-10,2.50914899969e-10,3.27904821351e-11,2.02304575869e-10,0.00000101044327039]},"barkbands_crest":{"dmean":3.58218741417,"dmean2":5.82072162628,"dvar":8.50516700745,"dvar2":21.56990242,"max":25.6416912079,"mean":11.3680324554,"median":10.9474258423,"min":2.62912774086,"var":19.7494812012},"barkbands_flatness_db":{"dmean":0.0318332388997,"dmean2":0.0512879751623,"dvar":0.000731421634555,"dvar2":0.00197407579981,"max":0.351921051741,"mean":0.145285263658,"median":0.142805889249,"min":0.0283449497074,"var":0.00195019040257},"barkbands_kurtosis":{"dmean":7.07483530045,"dmean2":11.6951599121,"dvar":115.416053772,"dvar2":303.42590332,"max":147.976074219,"mean":9.92613887787,"median":5.60985660553,"min":-1.85876226425,"var":183.980361938},"barkbands_skewness":{"dmean":0.922085940838,"dmean2":1.47453951836,"dvar":0.862105846405,"dvar2":2.24719452858,"max":10.1390428543,"mean":2.44359493256,"median":2.1688182354,"min":-1.85761451721,"var":2.26614165306},"barkbands_spread":{"dmean":9.07892513275,"dmean2":14.0641269684,"dvar":75.0850219727,"dvar2":171.636657715,"max":131.774093628,"mean":26.4615135193,"median":22.8325595856,"min":1.09768354893,"var":296.278930664},"dissonance":{"dmean":0.0186025910079,"dmean2":0.0314019694924,"dvar":0.000391265086364,"dvar2":0.00104241014924,"max":0.500000178814,"mean":0.470148831606,"median":0.478753834963,"min":0.262831330299,"var":0.000758850190323},"dynamic_complexity":3.71773147583,"erbbands":{"dmean":[0.477323770523,4.49504470825,9.23861598969,3.61532878876,2.95861315727,4.58090877533,9.97118186951,8.40849399567,8.98431873322,14.5015802383,12.3022079468,15.770860672,20.9030857086,15.1520051956,21.6876010895,21.8832130432,19.4195747375,19.3165283203,23.2686233521,16.7434711456,11.8106918335,10.2168874741,8.63908672333,8.4421043396,5.63431501389,3.40212035179,2.60469245911,1.55333423615,0.677825331688,0.409385800362,0.268131136894,0.189478650689,0.083853110671,0.040091495961,0.0204849038273,0.0178907513618,0.0123573802412,0.00904889032245,0.0116174891591,0.00781815685332],"dmean2":[0.785825610161,6.83834981918,14.8841218948,6.03732395172,4.92641448975,7.5119638443,15.1974458694,12.9548797607,14.3191976547,23.0146789551,19.3975563049,24.3708820343,33.4804115295,24.1085338593,35.6057281494,35.980342865,30.6517238617,30.5074481964,36.7862167358,26.1999168396,17.9515266418,14.8843202591,12.0938453674,11.7245397568,7.9006152153,4.72513389587,3.65997457504,2.06260824203,0.897602975368,0.541656255722,0.3679292202,0.269258320332,0.124473534524,0.0635070726275,0.0337112024426,0.0266920886934,0.0171502865851,0.0115460716188,0.0146125238389,0.0108060231432],"dvar":[0.808182775974,75.8963623047,317.177185059,38.3830795288,33.0204086304,151.50680542,1187.26855469,1102.63562012,610.736083984,1861.69348145,1729.75378418,1204.61206055,4240.05517578,1659.86828613,2085.8918457,1773.30102539,1349.36474609,1140.72937012,1988.6784668,806.612060547,373.827301025,310.749572754,279.768066406,466.93157959,265.30255127,100.90802002,160.432525635,26.7579364777,1.83606898785,0.387696057558,0.153019875288,0.0781403183937,0.0139112332836,0.00416496163234,0.00149968720507,0.000633228279185,0.000339250196703,0.00100423942786,0.00391425937414,0.000154066787218],"dvar2":[2.05996632576,168.953994751,780.884521484,98.868270874,85.6268463135,402.448516846,2628.78491211,2261.26367188,1399.43286133,4523.88085938,4283.81396484,2763.41357422,10479.1845703,4056.18408203,5202.07373047,4915.43115234,3134.25292969,2749.44555664,5134.90917969,2073.09985352,874.486877441,668.716064453,608.250976562,1129.00048828,576.10760498,213.289215088,420.846740723,53.887638092,3.17431998253,0.733589947224,0.322403877974,0.178184330463,0.0302486568689,0.0100052012131,0.00370345637202,0.00144236406777,0.000671258021612,0.001686643227,0.0073518641293,0.000312526186462],"max":[12.2617816925,87.3823394775,174.458221436,96.1757888794,154.392471313,323.120941162,1373.78991699,2020.60205078,818.260986328,1155.93933105,1256.77404785,1084.76879883,1552.93249512,1163.60510254,1573.12854004,1559.59924316,1820.05432129,1100.84387207,1267.92089844,640.418334961,352.2215271,280.823883057,438.29586792,981.889465332,864.604187012,506.327392578,788.081420898,274.457305908,69.8330383301,20.8340167999,12.2375612259,10.6522836685,2.56277680397,0.937504172325,0.588743269444,0.383372813463,0.589349865913,1.320281744,2.66085743904,0.427574932575],"mean":[0.46658244729,4.94691896439,10.2629890442,4.68915081024,3.83092522621,5.99951457977,14.2903356552,12.5588436127,13.6097621918,21.7026958466,17.8215255737,23.7741012573,29.6861534119,23.7537498474,35.1541290283,37.2074203491,34.5112190247,34.7795410156,41.6842880249,31.2276630402,21.5106258392,17.1009731293,14.7106370926,13.9967775345,9.94824409485,6.27710390091,4.59786367416,2.78697109222,1.27288997173,0.752139985561,0.479273349047,0.292349010706,0.113441079855,0.0468777194619,0.0213246755302,0.0242038927972,0.0209107995033,0.0176684930921,0.0251195263118,0.0243344288319],"median":[0.129058972001,1.40699541569,3.23524832726,2.50195503235,1.88117313385,2.31920433044,3.03142142296,4.08242034912,5.30099058151,6.43729448318,5.45047903061,8.23929691315,8.54712963104,9.22434997559,15.2804441452,16.3280639648,15.939956665,16.8994979858,19.8691616058,14.5377845764,9.0340719223,5.81674194336,3.37970876694,2.64436388016,1.90498816967,1.57995223999,1.22872877121,0.762013018131,0.429906666279,0.337601155043,0.246237680316,0.141180217266,0.0489676780999,0.0213795881718,0.00881962943822,0.0119989514351,0.0120299756527,0.00808989070356,0.0101287104189,0.0154942777008],"min":[3.65338701308e-22,6.97432971389e-21,3.61678712855e-20,2.30601427323e-20,3.72538754192e-20,3.92736049058e-20,1.95816824973e-19,4.10759926865e-19,1.60953723829e-18,1.88549720174e-18,8.62607362321e-19,6.51444592151e-19,1.00361575567e-18,2.33952733419e-18,4.07553459448e-18,3.37096055348e-18,3.41746278636e-18,8.65242253105e-18,9.53469998984e-18,4.54237051679e-18,4.18214576773e-18,7.43595417862e-18,6.90059213282e-18,7.69183505648e-18,2.02213217746e-17,1.76607345576e-17,2.70119551342e-17,1.91385175373e-17,1.26264653731e-17,1.65615438724e-17,1.41767639684e-17,1.48013630859e-17,1.28168922763e-17,1.12502419746e-17,8.7008928334e-18,5.5790846639e-18,3.07967407064e-18,1.18673979141e-18,3.97473545071e-19,4.49654605502e-20],"var":[0.73782479763,93.7289733887,351.348419189,43.7085189819,39.3818206787,190.289825439,2464.59936523,2190.58422852,1372.59509277,3428.52636719,3144.70507812,2375.40966797,7119.68994141,2800.5690918,3899.61962891,3777.96044922,3849.24438477,2603.79589844,4169.58544922,1899.68273926,894.729187012,689.25982666,725.19342041,957.169677734,630.732543945,277.441040039,233.709854126,67.4155426025,6.99486494064,1.49427068233,0.554570376873,0.213619828224,0.0296751148999,0.00518871890381,0.00149241054896,0.00111462047789,0.000905252993107,0.00250638159923,0.00813168287277,0.000705127022229]},"erbbands_crest":{"dmean":2.74911952019,"dmean2":4.46038770676,"dvar":6.93493843079,"dvar2":16.6135940552,"max":30.2508201599,"mean":8.61212444305,"median":7.5174703598,"min":2.61101698875,"var":17.7053794861},"erbbands_flatness_db":{"dmean":0.022455567494,"dmean2":0.0333097651601,"dvar":0.000373606599169,"dvar2":0.000813364633359,"max":0.389309316874,"mean":0.14598582685,"median":0.139396518469,"min":0.0351185053587,"var":0.00178566284012},"erbbands_kurtosis":{"dmean":1.20730125904,"dmean2":1.92772138119,"dvar":2.9741795063,"dvar2":7.28835439682,"max":36.2100753784,"mean":1.02209413052,"median":0.410307407379,"min":-1.73189520836,"var":5.56258392334},"erbbands_skewness":{"dmean":0.39676424861,"dmean2":0.607660591602,"dvar":0.125505372882,"dvar2":0.276262164116,"max":4.27061605453,"mean":-0.13417391479,"median":-0.20753288269,"min":-4.4636182785,"var":0.62014490366},"erbbands_spread":{"dmean":7.90623617172,"dmean2":12.2062997818,"dvar":54.7322769165,"dvar2":132.889404297,"max":99.6698760986,"mean":29.7732276917,"median":27.6519298553,"min":1.93543541431,"var":214.500015259},"gfcc":{"cov":[[7537.55224609,204.495346069,-776.20098877,497.658874512,257.311798096,-163.966934204,314.1277771,-0.610311567783,53.9850387573,6.95354747772,74.1831893921,52.2733421326,16.5176773071],[204.495346069,763.752197266,32.8545341492,-242.889526367,70.3098449707,-52.231174469,41.6559562683,-44.6550216675,69.9792633057,-31.5727729797,-2.54370450974,-53.7489738464,35.2074203491],[-776.20098877,32.8545341492,435.822845459,52.5892066956,-105.989387512,107.28339386,-130.927398682,93.1771850586,-31.6878376007,28.2018947601,-8.30293464661,7.14260482788,-12.3473682404],[497.658874512,-242.889526367,52.5892066956,695.95526123,175.38734436,-33.018371582,105.630867004,87.8835830688,-17.0046749115,13.8335838318,14.0981292725,89.0006561279,-84.7882461548],[257.311798096,70.3098449707,-105.989387512,175.38734436,259.326812744,11.3014478683,107.558418274,-31.75440979,16.6554718018,-31.1331043243,13.7250490189,21.7184753418,-15.4954624176],[-163.966934204,-52.231174469,107.28339386,-33.018371582,11.3014478683,253.503265381,-56.3842010498,54.0935058594,-17.8411273956,1.94120812416,-5.20255661011,10.6950120926,-5.23424005508],[314.1277771,41.6559562683,-130.927398682,105.630867004,107.558418274,-56.3842010498,207.294586182,-2.20649504662,32.3996315002,-18.9951667786,6.61343765259,16.1646270752,-19.0067310333],[-0.610311567783,-44.6550216675,93.1771850586,87.8835830688,-31.75440979,54.0935058594,-2.20649504662,157.835662842,36.0411567688,33.8474960327,-5.20542526245,2.4609041214,-26.0778923035],[53.9850387573,69.9792633057,-31.6878376007,-17.0046749115,16.6554718018,-17.8411273956,32.3996315002,36.0411567688,113.437927246,35.7859916687,7.66376066208,-10.6598005295,-20.4758529663],[6.95354747772,-31.5727729797,28.2018947601,13.8335838318,-31.1331043243,1.94120812416,-18.9951667786,33.8474960327,35.7859916687,76.1340484619,24.765871048,-2.04002380371,-5.74877929688],[74.1831893921,-2.54370450974,-8.30293464661,14.0981292725,13.7250490189,-5.20255661011,6.61343765259,-5.20542526245,7.66376066208,24.765871048,59.2489700317,33.0329284668,3.75524187088],[52.2733421326,-53.7489738464,7.14260482788,89.0006561279,21.7184753418,10.6950120926,16.1646270752,2.4609041214,-10.6598005295,-2.04002380371,33.0329284668,76.8912506104,15.2461614609],[16.5176773071,35.2074203491,-12.3473682404,-84.7882461548,-15.4954624176,-5.23424005508,-19.0067310333,-26.0778923035,-20.4758529663,-5.74877929688,3.75524187088,15.2461614609,76.7874450684]],"icov":[[0.000218691566261,-0.000271792232525,0.000648216111585,-0.000464819633635,0.000380200362997,-0.000247380405199,0.0000465158555016,-0.000130544372951,0.000104583508801,-0.00000243743988904,-0.000367917789845,0.000296006270219,-0.000317476922646],[-0.000271792232525,0.00262489705347,-0.00217494368553,0.00166159006767,-0.00200839689933,0.00119965884369,-0.000689136504661,0.000231212776271,-0.00166952935979,0.00139936711639,-0.000438823015429,0.000945987296291,-0.00058243382955],[0.000648216111585,-0.00217494368553,0.00650681369007,-0.00270642433316,0.00315715768375,-0.00226773112081,0.00230463384651,-0.00179908308201,0.00180975988042,-0.000812611193396,-0.000636524579022,0.000108579908556,-0.000211037884583],[-0.000464819633635,0.00166159006767,-0.00270642433316,0.00583068514243,-0.00505706714466,0.00312638282776,-0.000678411801346,-0.00205301563255,0.0023846081458,-0.00311485677958,0.00454300316051,-0.00654271245003,0.00514817470685],[0.000380200362997,-0.00200839689933,0.00315715768375,-0.00505706714466,0.0103911859915,-0.00417357170954,-0.00175771652721,0.00286332098767,-0.00251693534665,0.00418208166957,-0.0048415097408,0.00422786222771,-0.00284821656533],[-0.000247380405199,0.00119965884369,-0.00226773112081,0.00312638282776,-0.00417357170954,0.00684520183131,0.00116930122022,-0.00281710131094,0.0017493381165,-0.0011511167977,0.00268959719688,-0.00377871189266,0.00254677352495],[0.0000465158555016,-0.000689136504661,0.00230463384651,-0.000678411801346,-0.00175771652721,0.00116930122022,0.00844128057361,-0.00166192953475,-0.000894544762559,0.00148144329432,0.000222188347834,-0.00178623059765,0.00139362912159],[-0.000130544372951,0.000231212776271,-0.00179908308201,-0.00205301563255,0.00286332098767,-0.00281710131094,-0.00166192953475,0.0113884145394,-0.00450491672382,-0.0013326164335,0.00112677237485,0.00129834807012,-0.000406024744734],[0.000104583508801,-0.00166952935979,0.00180975988042,0.0023846081458,-0.00251693534665,0.0017493381165,-0.000894544762559,-0.00450491672382,0.0164720509201,-0.00975026935339,0.00380275840871,-0.00413004262373,0.00582352140918],[-0.00000243743988904,0.00139936711639,-0.000812611193396,-0.00311485677958,0.00418208166957,-0.0011511167977,0.00148144329432,-0.0013326164335,-0.00975026935339,0.0270981173962,-0.0164522826672,0.0108886826783,-0.00546018127352],[-0.000367917789845,-0.000438823015429,-0.000636524579022,0.00454300316051,-0.0048415097408,0.00268959719688,0.000222188347834,0.00112677237485,0.00380275840871,-0.0164522826672,0.0350693725049,-0.0207121837884,0.0070180199109],[0.000296006270219,0.000945987296291,0.000108579908556,-0.00654271245003,0.00422786222771,-0.00377871189266,-0.00178623059765,0.00129834807012,-0.00413004262373,0.0108886826783,-0.0207121837884,0.0318268574774,-0.0127024082467],[-0.000317476922646,-0.00058243382955,-0.000211037884583,0.00514817470685,-0.00284821656533,0.00254677352495,0.00139362912159,-0.000406024744734,0.00582352140918,-0.00546018127352,0.0070180199109,-0.0127024082467,0.0221378076822]],"mean":[-9.89914321899,96.3837585449,-92.6078643799,-0.600711226463,-5.31975698471,-5.1628408432,-1.63872623444,-14.2642269135,2.05882191658,-6.44715070724,-2.01880073547,-6.39023828506,-5.93166255951]},"hfc":{"dmean":69.8821182251,"dmean2":100.50151825,"dvar":12812.9609375,"dvar2":25976.5214844,"max":3718.95874023,"mean":190.61277771,"median":133.124923706,"min":1.21919354859e-16,"var":46909.953125},"melbands":{"dmean":[0.00485108606517,0.00539591442794,0.000604953151196,0.000256740080658,0.000317098136293,0.000196016699192,0.000142076125485,0.000156231253641,0.00010182580445,0.00010039711924,0.000106472260086,0.0000638755009277,0.0000700773671269,0.0000757588932174,0.0000491932914883,0.0000366828353435,0.000040358518163,0.0000416005568695,0.0000294548863167,0.0000214370720641,0.00001356836583,0.0000116227192848,0.00000933274895942,0.00000806195657788,0.00000715616624802,0.00000544808744962,0.00000328685268869,0.00000219288699554,0.00000188968760995,0.0000012475005633,8.30229112125e-7,4.18876226149e-7,2.99506751844e-7,2.11736505662e-7,1.68161918168e-7,1.3055081638e-7,1.16838855035e-7,6.22598861355e-8,4.76361847745e-8,2.93077810909e-8],"dmean2":[0.00755950249732,0.00823352485895,0.00100130517967,0.000423085788498,0.000488757214043,0.000301266816678,0.000224627772695,0.000248309777817,0.000158830705914,0.000157080256031,0.000171117397258,0.000102114157926,0.000115502574772,0.000125325925183,0.0000795429004938,0.0000586188798479,0.0000645314939902,0.0000663184546283,0.0000477323774248,0.0000335736731358,0.0000211919541471,0.0000173709431692,0.0000138937230076,0.0000116782030091,0.0000102851836346,0.00000810271103546,0.00000474672833661,0.00000318258207699,0.00000277669141724,0.00000176487469616,0.0000011506251667,5.81556435009e-7,4.18107248379e-7,2.91020342047e-7,2.37129896163e-7,1.8757229725e-7,1.69305067743e-7,9.32209545113e-8,7.35717975431e-8,4.77544439548e-8],"dvar":[0.0000766450102674,0.000105322767922,0.00000105531228201,2.95025472496e-7,0.00000104147602542,5.6376518387e-7,1.68783969912e-7,2.3782881442e-7,1.02642999877e-7,5.06192812111e-8,1.11596619945e-7,3.03594802631e-8,2.08590673623e-8,2.69081894544e-8,1.07108331093e-8,3.99521971062e-9,5.49164980157e-9,6.44693853857e-9,3.79502340664e-9,1.43745604309e-9,5.32293598088e-10,4.1113132343e-10,3.43994582819e-10,2.81016071524e-10,3.90130094896e-10,4.21278179008e-10,7.46614783886e-11,5.22913691514e-11,1.28846600056e-10,1.91575193209e-11,6.91301269701e-12,8.59086456487e-13,3.35983736492e-13,1.02018904663e-13,7.06429204955e-14,4.57882870346e-14,3.07542890893e-14,7.89895408061e-15,5.00950489248e-15,2.62088743957e-15],"dvar2":[0.00017843011301,0.000240246154135,0.00000266090705736,7.80687685165e-7,0.00000240560370912,0.00000117906108699,3.88810150298e-7,5.76686602471e-7,2.48535826586e-7,1.21485314253e-7,2.75631037994e-7,7.44877439729e-8,5.27667616268e-8,7.04405067609e-8,2.91401445196e-8,9.71538227645e-9,1.32261543939e-8,1.64554787574e-8,1.04869917195e-8,3.59487195567e-9,1.26946420043e-9,9.35353017262e-10,8.09907640953e-10,6.43870234907e-10,9.80752923319e-10,1.01507346972e-9,1.67454758393e-10,1.16903403624e-10,3.60430157942e-10,3.79503546644e-11,1.46827636854e-11,1.83115176668e-12,7.25786835146e-13,2.14849242997e-13,1.52752729085e-13,1.04937746318e-13,7.12523708655e-14,1.73216069309e-14,1.14307341872e-14,6.42982456151e-15],"max":[0.10700660944,0.107569225132,0.0155642330647,0.010849843733,0.0355519801378,0.0434905029833,0.0143621880561,0.0140098035336,0.0114277955145,0.00834658835083,0.00809727329761,0.00467957928777,0.00492217671126,0.00386814563535,0.00589957600459,0.00253248750232,0.00251641962677,0.0021244706586,0.0014096632367,0.00105055526365,0.000405460683396,0.000309899885906,0.000531374593265,0.000458581111161,0.000957688549533,0.00126323662698,0.000565904949326,0.000333360221703,0.000754132284783,0.000197434215806,0.000125492661027,0.000047536657803,0.000028694039429,0.0000109391494334,0.00000839084805193,0.000011125301171,0.00000537040978088,0.00000179210826445,0.00000133330809149,7.66380026107e-7],"mean":[0.00523232156411,0.0061674900353,0.00081542879343,0.000341638340615,0.000454147491837,0.000297218095511,0.000218146844418,0.000230608216953,0.000144823745359,0.000147734361235,0.000147307975567,0.0000948261076701,0.000108236672531,0.000118689473311,0.0000824937451398,0.0000623618543614,0.0000670957451803,0.0000703351397533,0.000049237118219,0.0000363776271115,0.0000225254752877,0.0000180272581929,0.0000145770709423,0.000012648441043,0.0000112626348709,0.00000871792053658,0.00000544284193893,0.00000381550444217,0.00000312702718475,0.00000213298790186,0.00000141442080803,7.37611344448e-7,5.23165454069e-7,3.69958542024e-7,2.91241462946e-7,2.10258136235e-7,1.65623234238e-7,8.15589231706e-8,5.81597028315e-8,3.15203116941e-8],"median":[0.00157462386414,0.00202326616272,0.000448074104497,0.000152100328705,0.000107357671368,0.0000947852895479,0.0000828106713016,0.0000655075637042,0.0000414330024796,0.0000517338776262,0.0000385411767638,0.0000324421671394,0.0000463247779408,0.0000429219035141,0.000038253787352,0.0000275587444776,0.0000307333612,0.0000311945150315,0.0000217370106839,0.0000149808447532,0.00000879784511199,0.0000063153179326,0.00000326114854943,0.00000278736501969,0.00000205435912903,0.00000142577300721,0.00000120812819659,9.37390325362e-7,7.86850421264e-7,5.56323357159e-7,3.81265465421e-7,2.40995575496e-7,2.00686187668e-7,1.71984410713e-7,1.42097150047e-7,1.11277714154e-7,6.83223717601e-8,3.43665362834e-8,2.44863969101e-8,1.37203803874e-8],"min":[5.16265996231e-24,1.58369711625e-23,4.59357491643e-24,2.51004495989e-24,5.80270620207e-24,9.80050811932e-24,2.62801516396e-23,1.785353945e-23,5.94172005965e-24,3.9878875134e-24,5.02593498465e-24,9.38355726559e-24,1.09064847976e-23,1.40408800318e-23,3.85039773509e-24,1.30669215926e-23,1.58999159519e-23,1.78702601458e-23,6.86950252572e-24,3.92931695777e-24,5.49451915121e-24,7.44791900726e-24,7.95082177864e-24,5.30849510014e-24,5.72109735813e-24,1.23986893527e-23,1.53572885119e-23,1.05756665106e-23,1.42358974916e-23,1.81367484036e-23,9.45872703239e-24,7.22978634519e-24,7.4049607978e-24,9.94895911991e-24,8.67806081425e-24,7.96524610029e-24,8.99948692325e-24,9.6043767879e-24,9.06335862416e-24,9.4518339658e-24],"var":[0.0000860819563968,0.000130885731778,0.00000124413008962,3.82385508146e-7,0.00000201461898541,0.00000114426745768,3.84715974633e-7,4.33216655438e-7,1.93564446249e-7,9.61148103329e-8,1.8574954197e-7,5.05574107024e-8,3.65646180001e-8,5.31231592049e-8,2.41725519601e-8,1.04674828805e-8,1.15066773887e-8,1.28023165402e-8,6.58266952058e-9,3.02292413323e-9,1.07139230821e-9,7.74809660875e-10,7.66275043418e-10,6.11007688889e-10,6.99711955043e-10,7.05404179513e-10,1.74945044562e-10,1.26731500294e-10,1.40383135672e-10,4.49144089976e-11,1.63602551645e-11,2.50273564893e-12,9.70050537293e-13,3.35537451773e-13,2.27361478169e-13,1.12516793842e-13,7.52732430423e-14,1.60641543335e-14,8.23056239726e-15,2.77419743841e-15]},"melbands_crest":{"dmean":4.73949670792,"dmean2":7.86914014816,"dvar":16.8311824799,"dvar2":42.7386856079,"max":35.5660247803,"mean":17.3003253937,"median":17.5036659241,"min":2.70201730728,"var":36.2176132202},"melbands_flatness_db":{"dmean":0.0405119508505,"dmean2":0.0647893249989,"dvar":0.00112042902038,"dvar2":0.00300276256166,"max":0.512309372425,"mean":0.257183045149,"median":0.257690787315,"min":0.00906309112906,"var":0.00369536993094},"melbands_kurtosis":{"dmean":13.2743453979,"dmean2":21.7627334595,"dvar":389.891723633,"dvar2":1047.95324707,"max":272.778961182,"mean":17.4471282959,"median":8.30625343323,"min":-1.91333091259,"var":597.778137207},"melbands_skewness":{"dmean":1.28546524048,"dmean2":2.00779271126,"dvar":1.56796646118,"dvar2":3.97254776955,"max":15.1016330719,"mean":3.0542037487,"median":2.64070606232,"min":-2.36953353882,"var":4.7025513649},"melbands_spread":{"dmean":7.20435857773,"dmean2":11.4423446655,"dvar":72.602432251,"dvar2":165.742416382,"max":159.654449463,"mean":17.925113678,"median":13.9757738113,"min":0.801242947578,"var":221.277160645},"mfcc":{"cov":[[7026.61425781,-23.2464408875,-880.073852539,722.744567871,-120.763237,169.31741333,84.0088424683,200.717697144,-8.41087055206,89.4493942261,55.2384986877,0.947954833508,0.0462351553142],[-23.2464408875,971.683288574,-36.9148178101,-271.440673828,-45.9732971191,-30.7894477844,-59.0863876343,-66.0120544434,37.9721717834,5.46037483215,-18.2543487549,-27.5596828461,19.8089008331],[-880.073852539,-36.9148178101,559.620788574,-141.105575562,90.9301757812,-82.1654968262,-20.8150253296,-31.0718383789,-1.21265256405,11.2333631516,-0.68624573946,26.5918617249,-20.9909248352],[722.744567871,-271.440673828,-141.105575562,708.959655762,31.6167087555,62.7650947571,69.6985626221,125.068611145,-4.02398538589,-1.6684294939,72.2147140503,0.313584446907,10.6527471542],[-120.763237,-45.9732971191,90.9301757812,31.6167087555,201.348617554,56.5611000061,27.1749668121,38.5693588257,1.71400356293,-5.52709007263,13.6179981232,9.65086078644,8.25941181183],[169.31741333,-30.7894477844,-82.1654968262,62.7650947571,56.5611000061,154.203262329,56.386013031,52.4691314697,-9.12809658051,-11.0074586868,-13.2484931946,1.41890490055,10.4502544403],[84.0088424683,-59.0863876343,-20.8150253296,69.6985626221,27.1749668121,56.386013031,113.843696594,57.6287345886,4.50483798981,-21.7516403198,-1.73920989037,-11.6389789581,9.35770130157],[200.717697144,-66.0120544434,-31.0718383789,125.068611145,38.5693588257,52.4691314697,57.6287345886,142.51361084,29.0263004303,0.828184723854,25.1725311279,15.1288499832,12.3078098297],[-8.41087055206,37.9721717834,-1.21265256405,-4.02398538589,1.71400356293,-9.12809658051,4.50483798981,29.0263004303,82.0490036011,30.0819625854,22.5628623962,12.5541791916,7.40224027634],[89.4493942261,5.46037483215,11.2333631516,-1.6684294939,-5.52709007263,-11.0074586868,-21.7516403198,0.828184723854,30.0819625854,79.9623565674,31.7872886658,19.6763935089,-5.30341529846],[55.2384986877,-18.2543487549,-0.68624573946,72.2147140503,13.6179981232,-13.2484931946,-1.73920989037,25.1725311279,22.5628623962,31.7872886658,91.9304428101,41.5475120544,14.7153549194],[0.947954833508,-27.5596828461,26.5918617249,0.313584446907,9.65086078644,1.41890490055,-11.6389789581,15.1288499832,12.5541791916,19.6763935089,41.5475120544,83.08203125,28.3699321747],[0.0462351553142,19.8089008331,-20.9909248352,10.6527471542,8.25941181183,10.4502544403,9.35770130157,12.3078098297,7.40224027634,-5.30341529846,14.7153549194,28.3699321747,58.8033828735]],"icov":[[0.000203548624995,-0.0000543810128875,0.000297995924484,-0.000157907765242,0.0000020305592443,0.000068944922532,-0.0000894988479558,-0.00016686807794,0.000215716238017,-0.000376830575988,0.000183653537533,-0.000194109918084,0.000176321234903],[-0.0000543810128875,0.00129731418565,0.0000107685100375,0.00052689621225,0.000156508380314,-0.000271742843324,0.000639076170046,0.000225101335673,-0.00078235269757,0.000287555973046,-0.000475892040413,0.0010629077442,-0.000920387275983],[0.000297995924484,0.0000107685100375,0.00303800590336,0.000168620274053,-0.00177399103995,0.00221577915363,-0.000864681845997,-0.000137435345096,0.000647497887257,-0.000921948521864,0.00105996604543,-0.00183113303501,0.00152535026427],[-0.000157907765242,0.00052689621225,0.000168620274053,0.00227138120681,-0.00000116116075333,-0.0002272719139,-0.0000344083528034,-0.00124046579003,0.000520304078236,0.000420149881393,-0.00209390022792,0.00133462063968,-0.000370499881683],[0.0000020305592443,0.000156508380314,-0.00177399103995,-0.00000116116075333,0.00699999462813,-0.00348144257441,0.00058351730695,-0.000818371248897,-0.0002799963695,0.000918752513826,-0.00193025835324,0.00121324986685,-0.000956030853558],[0.000068944922532,-0.000271742843324,0.00221577915363,-0.0002272719139,-0.00348144257441,0.011506697163,-0.00419979216531,-0.0020765743684,0.00248486595228,-0.00198076432571,0.00407739914954,-0.00286315847188,0.000340221071383],[-0.0000894988479558,0.000639076170046,-0.000864681845997,-0.0000344083528034,0.00058351730695,-0.00419979216531,0.0142388492823,-0.00377284782007,-0.00154553586617,0.00355424662121,-0.00152959709521,0.0041659749113,-0.00244147516787],[-0.00016686807794,0.000225101335673,-0.000137435345096,-0.00124046579003,-0.000818371248897,-0.0020765743684,-0.00377284782007,0.0121562601998,-0.00440974952653,0.00120619591326,-0.00109183217864,-0.00169442850165,0.000394584814785],[0.000215716238017,-0.00078235269757,0.000647497887257,0.000520304078236,-0.0002799963695,0.00248486595228,-0.00154553586617,-0.00440974952653,0.0173072647303,-0.00657130451873,-0.000837017956655,-0.000070226356911,-0.00136105972342],[-0.000376830575988,0.000287555973046,-0.000921948521864,0.000420149881393,0.000918752513826,-0.00198076432571,0.00355424662121,0.00120619591326,-0.00657130451873,0.0190746858716,-0.0057085887529,-0.0012623204384,0.00348820234649],[0.000183653537533,-0.000475892040413,0.00105996604543,-0.00209390022792,-0.00193025835324,0.00407739914954,-0.00152959709521,-0.00109183217864,-0.000837017956655,-0.0057085887529,0.0195620916784,-0.00857772585005,-0.000230164165259],[-0.000194109918084,0.0010629077442,-0.00183113303501,0.00133462063968,0.00121324986685,-0.00286315847188,0.0041659749113,-0.00169442850165,-0.000070226356911,-0.0012623204384,-0.00857772585005,0.0216603334993,-0.00963180232793],[0.000176321234903,-0.000920387275983,0.00152535026427,-0.000370499881683,-0.000956030853558,0.000340221071383,-0.00244147516787,0.000394584814785,-0.00136105972342,0.00348820234649,-0.000230164165259,-0.00963180232793,0.0234975405037]],"mean":[-674.082641602,158.883850098,-19.2814121246,24.2776927948,9.92445373535,21.538646698,4.21010351181,8.0826921463,2.06380581856,9.19898033142,1.09136891365,5.11503696442,2.16319203377]},"pitch_salience":{"dmean":0.0978056043386,"dmean2":0.159882634878,"dvar":0.00700703449547,"dvar2":0.0185051970184,"max":0.819100260735,"mean":0.49043866992,"median":0.497545808554,"min":0.0514752417803,"var":0.0142842233181},"silence_rate_20dB":{"dmean":0,"dmean2":0,"dvar":0,"dvar2":0,"max":1,"mean":1,"median":1,"min":1,"var":0},"silence_rate_30dB":{"dmean":0.0982179865241,"dmean2":0.196456328034,"dvar":0.0885692834854,"dvar2":0.165722832084,"max":1,"mean":0.856935679913,"median":1,"min":0,"var":0.122594065964},"silence_rate_60dB":{"dmean":0.0134687107056,"dmean2":0.0269402135164,"dvar":0.0132884373888,"dvar2":0.0326422229409,"max":1,"mean":0.0433025993407,"median":0,"min":0,"var":0.0414230190217},"spectral_centroid":{"dmean":231.142974854,"dmean2":342.331420898,"dvar":59163.78125,"dvar2":116693.507812,"max":10466.9599609,"mean":1124.71826172,"median":1022.65960693,"min":160.457946777,"var":321085.96875},"spectral_complexity":{"dmean":4.62971401215,"dmean2":6.01595687866,"dvar":23.3419132233,"dvar2":31.9125442505,"max":62,"mean":19.890914917,"median":18,"min":0,"var":145.463165283},"spectral_contrast_coeffs":{"dmean":[0.0569527447224,0.0495780222118,0.0405436083674,0.0282689612359,0.0222328584641,0.0365716405213],"dmean2":[0.0952572897077,0.0820806771517,0.0670254081488,0.0469182021916,0.0364484898746,0.0549699664116],"dvar":[0.00198208377697,0.00151119334623,0.00102822110057,0.000517224427313,0.000344355154084,0.00120296771638],"dvar2":[0.00559679791331,0.00399842532352,0.00272852904163,0.00135307211895,0.000894697383046,0.00269792112522],"max":[-0.37500679493,-0.408933490515,-0.503524065018,-0.618219316006,-0.646078944206,-0.445347815752],"mean":[-0.68656796217,-0.766819000244,-0.794068455696,-0.807472646236,-0.816210091114,-0.758216500282],"median":[-0.688177585602,-0.775002241135,-0.800268173218,-0.810302436352,-0.815944314003,-0.769862234592],"min":[-0.966002345085,-0.964324295521,-0.953194081783,-0.949202716351,-0.964930891991,-0.960292816162],"var":[0.00477661145851,0.00474691018462,0.00335176335648,0.00179924385156,0.00114913284779,0.00456063169986]},"spectral_contrast_valleys":{"dmean":[0.477689266205,0.405134737492,0.367145448923,0.333864241838,0.356751829386,0.565389811993],"dmean2":[0.745179533958,0.642535150051,0.565358221531,0.490612864494,0.466438531876,0.847540378571],"dvar":[0.187129318714,0.141210868955,0.12745590508,0.138966605067,0.150573715568,0.248839020729],"dvar2":[0.367961466312,0.29543274641,0.238626301289,0.24393902719,0.249282702804,0.571709692478],"max":[-4.646276474,-4.63919782639,-5.19286346436,-5.42989444733,-5.2870554924,-8.87026786804],"mean":[-6.94324874878,-6.7473359108,-7.03113365173,-7.22113418579,-7.75928544998,-11.0274925232],"median":[-6.82862520218,-6.63162946701,-6.89952135086,-7.09413003922,-7.7456870079,-10.9117307663],"min":[-27.2308807373,-26.9471168518,-27.2807273865,-27.3626346588,-27.2092208862,-27.2530441284],"var":[0.950623452663,0.837104380131,0.878753900528,0.930996119976,1.1300599575,0.746786773205]},"spectral_decrease":{"dmean":7.67443619765e-9,"dmean2":1.11660751756e-8,"dvar":1.46605666886e-16,"dvar2":3.06391748766e-16,"max":3.27784022147e-8,"mean":-9.66172741812e-9,"median":-4.35227498485e-9,"min":-1.19391728504e-7,"var":2.16661551727e-16},"spectral_energy":{"dmean":0.0302390679717,"dmean2":0.0431139282882,"dvar":0.00222510541789,"dvar2":0.00457004085183,"max":0.484793663025,"mean":0.0537547431886,"median":0.0324013233185,"min":1.05898618543e-20,"var":0.00385626894422},"spectral_energyband_high":{"dmean":0.000209336300031,"dmean2":0.000258569576545,"dvar":3.2537241168e-7,"dvar2":5.41405256627e-7,"max":0.0271895024925,"mean":0.000537582382094,"median":0.000267695606453,"min":7.80098202945e-21,"var":0.00000117616957596},"spectral_energyband_low":{"dmean":0.0259933751076,"dmean2":0.0389089807868,"dvar":0.00202888855711,"dvar2":0.00440076831728,"max":0.441490381956,"mean":0.0310479030013,"median":0.0120781194419,"min":6.06136864418e-23,"var":0.00267483992502},"spectral_energyband_middle_high":{"dmean":0.00228254799731,"dmean2":0.00328793702647,"dvar":0.00000998821815301,"dvar2":0.0000225516396313,"max":0.0561042912304,"mean":0.00590361468494,"median":0.00364667596295,"min":1.4547159538e-21,"var":0.000040739436372},"spectral_energyband_middle_low":{"dmean":0.00399879692122,"dmean2":0.00616259360686,"dvar":0.0000489996164106,"dvar2":0.000114810405648,"max":0.218998387456,"mean":0.00805487670004,"median":0.00446245027706,"min":2.825040401e-22,"var":0.000127816310851},"spectral_entropy":{"dmean":0.175936922431,"dmean2":0.26012262702,"dvar":0.0277741737664,"dvar2":0.0607149489224,"max":9.79910850525,"mean":7.50453567505,"median":7.57327985764,"min":5.99624633789,"var":0.117362186313},"spectral_flux":{"dmean":0.0455477535725,"dmean2":0.071896366775,"dvar":0.00295039988123,"dvar2":0.0067440518178,"max":0.57123452425,"mean":0.12816233933,"median":0.109043866396,"min":1.02907057875e-10,"var":0.00625765183941},"spectral_kurtosis":{"dmean":5.31642913818,"dmean2":7.79336118698,"dvar":47.860710144,"dvar2":114.539581299,"max":123.260398865,"mean":19.2259635925,"median":16.3201560974,"min":-1.21746075153,"var":139.419113159},"spectral_rms":{"dmean":0.00177880516276,"dmean2":0.00241313013248,"dvar":0.00000413582529291,"dvar2":0.00000740203313399,"max":0.0217478610575,"mean":0.00632921326905,"median":0.00562237016857,"min":3.21427628437e-12,"var":0.0000123844856716},"spectral_rolloff":{"dmean":5280.91894531,"dmean2":10104.6845703,"dvar":69013312,"dvar2":137755184,"max":22050,"mean":13112.3203125,"median":20801.0742188,"min":21.533203125,"var":99246336},"spectral_skewness":{"dmean":0.440153479576,"dmean2":0.612004160881,"dvar":0.222828909755,"dvar2":0.495256274939,"max":9.51960754395,"mean":2.95223140717,"median":2.75459599495,"min":0.044603291899,"var":1.00152051449},"spectral_spread":{"dmean":488035.6875,"dmean2":738167.75,"dvar":281906774016,"dvar2":508743614464,"max":41173268,"mean":3875317.25,"median":3727460.75,"min":1607317.625,"var":989748133888},"spectral_strongpeak":{"dmean":8.82093334198,"dmean2":16.1775379181,"dvar":581.654602051,"dvar2":1434.03967285,"max":290.742584229,"mean":6.98775148392,"median":0.393616378307,"min":0,"var":558.113830566},"zerocrossingrate":{"dmean":0.0611132644117,"dmean2":0.0716745853424,"dvar":0.00239129783586,"dvar2":0.00339617929421,"max":0.837890625,"mean":0.280812293291,"median":0.279296875,"min":0.0390625,"var":0.0136539954692}},"metadata":{"audio_properties":{"analysis_sample_rate":44100,"bit_rate":320000,"codec":"mp3","downmix":"mix","equal_loudness":0,"length":224.104492188,"lossless":false,"md5_encoded":"8a659f89672ab1c90ecf78fb0d97162a","replay_gain":-0.790180206299,"sample_rate":44100},"tags":{"album":["Underneath the Colours"],"artist":["INXS"],"date":["1981-10-19"],"file_name":"06 - INXS - Night of Rebellion.mp3","musicbrainz_albumid":["942c7ab6-b295-4a83-a179-5149368e5cb9"],"musicbrainz_artistid":["481bf5f9-2e7c-4c44-b08a-05b32bc7c00d"],"musicbrainz_recordingid":["e8a0796f-6871-4684-bb0d-15a8ce76bd85"],"title":["Night of Rebellion"],"tracknumber":["06/10"]},"version":{"essentia":"2.1-beta1","essentia_build_sha":"ca57ba49d9b1854bd80e60cf9ccf267278fb7d6b","essentia_git_sha":"v2.1_beta1-28-g21ef5f4-dirty","extractor":"music 1.0"}},"rhythm":{"beats_count":389,"beats_loudness":{"dmean":0.044027402997,"dmean2":0.0750275403261,"dvar":0.00125335820485,"dvar2":0.00362615101039,"max":0.291410088539,"mean":0.125792205334,"median":0.125577613711,"min":4.40122335021e-7,"var":0.00255116238259},"beats_loudness_band_ratio":{"dmean":[0.149582237005,0.0373197160661,0.0410186909139,0.0314558893442,0.0226519796997,0.0686243027449],"dmean2":[0.260360896587,0.0671090260148,0.0743944346905,0.0561907812953,0.0400498621166,0.121066398919],"dvar":[0.0195533614606,0.00329450541176,0.00311074452475,0.00152509345207,0.000773134001065,0.00469464808702],"dvar2":[0.0563708506525,0.00923281162977,0.00840858928859,0.0044808248058,0.00212939805351,0.0132980905473],"max":[0.93336802721,0.493138581514,0.409818768501,0.300465613604,0.303289681673,0.564147293568],"mean":[0.702860474586,0.0393902882934,0.043932441622,0.0488395728171,0.0461382567883,0.121938355267],"median":[0.755570709705,0.0208073612303,0.0211339574307,0.036049913615,0.0409494042397,0.0993720814586],"min":[0.00839222315699,0.00250419671647,0.00191834545694,0.00414723204449,0.00246723159216,0.0199783127755],"var":[0.0334633365273,0.002