{"lowlevel":{"average_loudness":0.916739463806,"barkbands":{"dmean":[0.00629292428493,0.0104612354189,0.00329153845087,0.00179665733594,0.00270571699366,0.00195678556338,0.00085158192087,0.000945030013099,0.000988995074295,0.00127219932619,0.00110728829168,0.00174586439971,0.000582685810514,0.000372698093997,0.000192072446225,0.00016664834402,0.000105468054244,0.0000920442762435,0.0000951938636717,0.0000550015174667,0.0000655389230815,0.0000346969027305,0.0000180313745659,0.0000119527076095,0.00000435662514064,0.0000114699987535,0.000124246667838],"dmean2":[0.00962967611849,0.0167002510279,0.00542322127149,0.0030135398265,0.00450013764203,0.00320321368054,0.00142758840229,0.0015516912099,0.00160982005764,0.00206085690297,0.00181590998545,0.00281576369889,0.000964753155131,0.000612760079093,0.000318331207382,0.000273789861239,0.000170207495103,0.000147092083353,0.000153088985826,0.0000854027457535,0.0000953365015448,0.0000490804923174,0.0000254232691077,0.0000177857673407,0.00000700780719853,0.0000161486477737,0.000186749210116],"dvar":[0.000447759899544,0.000626359251328,0.0000214081337617,0.00000670252120472,0.0000187451987586,0.0000284187917714,0.00000326920076077,0.00000450268680652,0.00000374292471861,0.00000498326608067,0.0000039892120185,0.0000100412789834,9.78262619356e-7,2.78059985703e-7,1.02197724061e-7,8.27581700946e-8,4.80898592059e-8,5.13047631046e-8,5.0010303454e-8,1.46027900882e-8,1.38075151312e-8,3.63941832227e-9,1.05751907231e-9,7.91276211221e-10,6.07387543039e-11,5.05979591559e-10,3.59937288863e-8],"dvar2":[0.000982481287792,0.00153038057033,0.0000547712625121,0.0000181968498509,0.0000494093437737,0.0000705271231709,0.00000845315935294,0.0000119657970572,0.00000957180145633,0.0000123376903503,0.0000104334003481,0.0000242290552706,0.00000252387758337,7.1279578151e-7,2.70149115522e-7,2.0689303426e-7,1.20781095347e-7,1.27891468082e-7,1.27532146621e-7,3.41666321901e-8,2.97343323297e-8,6.99132707283e-9,2.02829331108e-9,1.59123247911e-9,1.44201456331e-10,9.24965493088e-10,7.76200508312e-8],"max":[0.299145340919,0.305982321501,0.0830342695117,0.0386816449463,0.0783292576671,0.0993657782674,0.0456796176732,0.0478023141623,0.0306332986802,0.046496424824,0.0356591567397,0.0757881775498,0.0213192738593,0.00992250442505,0.00846432801336,0.00463260198012,0.00510971341282,0.00330397766083,0.00336397904903,0.00241865031421,0.00233460450545,0.00108210975304,0.000506214797497,0.000452900334494,0.000140638585435,0.00039544334868,0.00480205286294],"mean":[0.0068425340578,0.0142842428759,0.00500591285527,0.00260778935626,0.00414342572913,0.00253480765969,0.00116882519796,0.00126793677919,0.00159087986685,0.00200491794385,0.00176003563683,0.00305483420379,0.00098190177232,0.000693537294865,0.000328602065565,0.000302585278405,0.000181220719242,0.000146420978126,0.000162252035807,0.000106036532088,0.000141514334246,0.0000758369715186,0.0000385504863516,0.0000179713188118,0.00000494647338201,0.0000219653429667,0.000341698905686],"median":[0.0012569935061,0.00703548453748,0.00317976297811,0.00155832024757,0.0026223147288,0.00105684809387,0.000535535858944,0.000433032982983,0.000766162760556,0.00102951610461,0.000811504316516,0.0016389626544,0.00058751978213,0.000458704598714,0.000207554578083,0.000187472483958,0.0000952416739892,0.0000497821311001,0.000043723906856,0.0000460644223494,0.0000600150233367,0.0000353049690602,0.0000178738082468,0.0000055689488363,0.00000174129752395,0.00000984541020443,0.000227431068197],"min":[1.75704507977e-24,3.98477466826e-24,1.70164751992e-24,1.37931500974e-24,1.83869025075e-23,1.93331174975e-23,1.64065050703e-23,9.09789732117e-24,2.51215642499e-23,2.68603004597e-23,1.93232961792e-23,3.32301881863e-23,4.41437222449e-23,3.52287956886e-23,8.37869993363e-23,8.52454579997e-23,9.11413854726e-23,1.48413614892e-22,1.84815216399e-22,2.57843743332e-22,3.15454368836e-22,3.3073979212e-22,4.90135713964e-22,6.7946924795e-22,9.10581562295e-22,1.36120092373e-21,2.05127523904e-21],"var":[0.000494391308166,0.000665441970341,0.0000335122895194,0.0000100147326521,0.0000252813024417,0.0000320211402141,0.000004323133453,0.00000618443209532,0.00000625210577709,0.00000897690642887,0.00000773064948589,0.0000238520879066,0.00000172058571479,6.02935529059e-7,1.62183226848e-7,1.51759778078e-7,6.94037467497e-8,7.22751067883e-8,8.31001969459e-8,2.73041269594e-8,3.79635025638e-8,1.11306306394e-8,3.01705371797e-9,1.46708400983e-9,8.46693617995e-11,1.23849031031e-9,1.73842977347e-7]},"barkbands_crest":{"dmean":2.59377717972,"dmean2":4.26846027374,"dvar":5.47933244705,"dvar2":13.8650074005,"max":24.6554679871,"mean":9.54924488068,"median":8.48791027069,"min":2.41440987587,"var":16.8409080505},"barkbands_flatness_db":{"dmean":0.0240607149899,"dmean2":0.0373348295689,"dvar":0.000528213684447,"dvar2":0.00128897232935,"max":0.447374641895,"mean":0.139316618443,"median":0.130304142833,"min":0.0170036610216,"var":0.002815451473},"barkbands_kurtosis":{"dmean":5.2025437355,"dmean2":8.26595115662,"dvar":160.18572998,"dvar2":357.862060547,"max":474.289825439,"mean":8.69427871704,"median":3.06445169449,"min":-1.77524709702,"var":366.918884277},"barkbands_skewness":{"dmean":0.677493214607,"dmean2":1.03607261181,"dvar":0.630180954933,"dvar2":1.37558269501,"max":15.623963356,"mean":1.92883479595,"median":1.50695264339,"min":-2.37142539024,"var":2.69377923012},"barkbands_spread":{"dmean":5.08071756363,"dmean2":7.84287977219,"dvar":36.0902824402,"dvar2":83.1953125,"max":121.305091858,"mean":20.5578899384,"median":18.8421764374,"min":0.353008449078,"var":170.232498169},"dissonance":{"dmean":0.019968079403,"dmean2":0.0343227088451,"dvar":0.000439823023044,"dvar2":0.00121185381431,"max":0.500000059605,"mean":0.470690310001,"median":0.477287173271,"min":0.263570725918,"var":0.000626007560641},"dynamic_complexity":2.89329314232,"erbbands":{"dmean":[0.53659838438,1.62674963474,3.82344269753,4.86386203766,7.87890958786,9.11588668823,13.568110466,16.2185115814,12.4021749496,15.0248098373,22.1702327728,21.8027591705,28.4962749481,41.6585083008,47.9934959412,68.2251586914,27.3619594574,18.5529785156,12.4068145752,9.71141433716,7.69505500793,5.79714393616,4.87126541138,4.81603813171,4.29140901566,2.55112695694,2.6007130146,2.46471619606,1.38245737553,0.844596266747,0.479301869869,0.309789448977,0.166950494051,0.0658430680633,0.0228202138096,0.0337527804077,0.0237171147019,0.0155138280243,0.00687039084733,0.00345993717201],"dmean2":[0.853518009186,2.68389415741,6.28072166443,7.93165063858,13.0566396713,15.3568792343,22.3013515472,26.78814888,20.801361084,25.006187439,36.1806907654,35.6363792419,47.0850028992,66.5734176636,78.4383773804,109.279518127,44.9321861267,30.3528137207,20.3296794891,16.0075931549,12.4724626541,9.28531646729,7.73743534088,7.73620223999,6.89523124695,3.94067072868,3.88742399216,3.56464982033,1.96734893322,1.19228315353,0.673844635487,0.449352532625,0.254523426294,0.103835716844,0.037165813148,0.0520535074174,0.0334022343159,0.020549800247,0.00958997104317,0.0050790021196],"dvar":[2.64168715477,8.16244220734,29.3088951111,48.0576934814,110.097579956,318.692718506,1127.0769043,2258.63549805,1108.07250977,1118.1159668,2361.83105469,1735.6138916,3002.77758789,5561.16748047,5886.84814453,17225.9023438,2152.40185547,735.594116211,342.101501465,252.035598755,170.017227173,157.136550903,133.423583984,149.497894287,98.2582168579,32.8360786438,26.0199451447,20.9000377655,6.08018493652,2.36332154274,0.747327446938,0.448378413916,0.181391477585,0.0191048812121,0.00124316068832,0.00648745102808,0.00221129297279,0.000657425960526,0.000148490595166,0.0000182806943485],"dvar2":[6.39729356766,21.0176086426,74.9552841187,129.061599731,284.427246094,858.354492188,2849.31469727,5607.56494141,2874.24169922,2941.06591797,6043.4921875,4378.40087891,7917.46044922,13621.4472656,15212.9970703,40203.5390625,5454.6953125,1885.7689209,886.091186523,647.972106934,422.251159668,394.178161621,328.516937256,382.177886963,246.550384521,76.1715927124,57.1120223999,45.127040863,12.0997209549,4.49332714081,1.45431494713,0.895466208458,0.385711967945,0.042987357825,0.00305702770129,0.0139670409262,0.00411384738982,0.00116740458179,0.000287208560621,0.0000377974429284],"max":[20.7405433655,41.7513961792,92.7014312744,103.658729553,222.791259766,350.286376953,634.128845215,1093.84204102,823.751159668,756.247192383,1169.67565918,732.145935059,1217.46569824,1824.90136719,1459.61755371,3072.59301758,1056.64404297,576.002807617,451.519866943,235.276412964,225.571029663,273.938049316,185.692779541,225.311935425,190.490753174,144.978500366,100.972145081,84.9048614502,46.2483711243,23.5142288208,13.9521656036,11.1399030685,7.11739587784,2.72713208199,0.423767179251,1.42938756943,0.685769736767,0.398176908493,0.28461638093,0.110091254115],"mean":[0.640357494354,2.31630039215,5.93819952011,7.81415367126,12.121764183,12.4670562744,17.0256767273,20.5213813782,16.7617340088,20.7652759552,32.1622581482,36.1958618164,46.7857627869,70.8816146851,90.1420822144,120.28414917,51.4069366455,36.2050514221,24.2296791077,17.8035240173,14.7963876724,10.4769573212,8.18091106415,7.93305397034,7.67690563202,5.08483743668,5.54400777817,5.06461668015,2.93292999268,1.80054819584,1.02171671391,0.542235255241,0.209044829011,0.0776762068272,0.0258214324713,0.0426210872829,0.0457324385643,0.038735833019,0.0209557916969,0.0136599745601],"median":[0.216470316052,1.28236305714,3.63431954384,4.99008178711,7.66883277893,7.21677446365,7.63764476776,8.49360275269,7.95290756226,8.03600692749,12.587843895,17.6457557678,25.5918502808,37.6620559692,51.7970352173,63.1429710388,32.3181762695,24.6170635223,16.5064430237,11.162938118,9.43940830231,5.52109336853,3.09298634529,2.34027504921,2.33293676376,2.14803028107,2.33684897423,2.15628027916,1.33712136745,0.827202260494,0.476218849421,0.210470601916,0.0419800020754,0.0214610043913,0.0115487510338,0.0108864204958,0.0204600393772,0.0186827909201,0.00865951739252,0.012207692489],"min":[1.05473050678e-22,7.49253524456e-22,2.77678856884e-21,8.85917383069e-21,2.4659315501e-20,4.02646060538e-20,1.12012158586e-19,1.53157867088e-19,2.49792880258e-19,1.94607784186e-19,4.36636023431e-19,4.30528923119e-19,7.52640265629e-19,9.99642807187e-19,1.13982800073e-18,1.83834976799e-18,2.19621312319e-18,2.16945238281e-18,3.5483637047e-18,4.17429334217e-18,4.77812526317e-18,6.58922770178e-18,7.56572475466e-18,7.02530367224e-18,1.08723196963e-17,1.10020257523e-17,1.16971304364e-17,1.50389822974e-17,1.28732290662e-17,1.39062279316e-17,1.40047385251e-17,1.31321911919e-17,1.14404521565e-17,9.04641113835e-18,6.36972994956e-18,4.3112024869e-18,2.5765782726e-18,1.06578230781e-18,2.81328055437e-19,2.93833779066e-20],"var":[2.5655632019,10.4172849655,49.5547904968,76.609588623,193.203018188,327.922485352,1250.79321289,2470.33520508,1195.57104492,1525.72424316,3547.22338867,3191.74365234,5090.765625,10569.2480469,13769.9355469,40558.5976562,4229.24951172,1632.7220459,711.970397949,449.256835938,311.34487915,227.231262207,199.429870605,211.212814331,173.933868408,62.7388114929,64.2137527466,53.0563011169,17.2905673981,6.86312055588,2.09716463089,0.93851929903,0.292869240046,0.0293588489294,0.00154353922699,0.0104684801772,0.00529328454286,0.00245150434785,0.000948316883296,0.00011547437316]},"erbbands_crest":{"dmean":2.71890735626,"dmean2":4.49147796631,"dvar":6.45823144913,"dvar2":16.4513492584,"max":30.4403839111,"mean":8.87407016754,"median":7.86997795105,"min":2.48219656944,"var":18.4787788391},"erbbands_flatness_db":{"dmean":0.0215318016708,"dmean2":0.0322253517807,"dvar":0.000373286457034,"dvar2":0.000828680524137,"max":0.362324118614,"mean":0.149288773537,"median":0.146163836122,"min":0.0385205708444,"var":0.00226097390987},"erbbands_kurtosis":{"dmean":1.21406269073,"dmean2":1.93784725666,"dvar":2.69999361038,"dvar2":6.184882164,"max":48.5042610168,"mean":1.52445554733,"median":0.843546152115,"min":-1.78570961952,"var":7.4341802597},"erbbands_skewness":{"dmean":0.348061829805,"dmean2":0.540852427483,"dvar":0.0991942733526,"dvar2":0.235623762012,"max":3.7697057724,"mean":0.0731216669083,"median":0.0886352956295,"min":-3.63297390938,"var":0.423360943794},"erbbands_spread":{"dmean":6.5645775795,"dmean2":10.1140918732,"dvar":55.3073234558,"dvar2":113.289031982,"max":141.328887939,"mean":27.7177829742,"median":23.613407135,"min":1.64622616768,"var":313.651062012},"gfcc":{"cov":[[14817.3027344,1197.82763672,-882.800354004,-256.626739502,-262.710418701,-274.250244141,161.590393066,-444.304748535,38.0976333618,-81.9788284302,-72.1892623901,91.2173233032,-144.764022827],[1197.82763672,1124.65112305,-57.4952774048,-489.632720947,24.4700775146,-50.8389892578,45.7437019348,-144.799972534,55.7398376465,-75.1394042969,41.3790588379,-53.4917144775,40.4712867737],[-882.800354004,-57.4952774048,555.473266602,230.255096436,21.5537128448,167.488128662,-88.2587585449,145.243972778,-33.1381454468,33.1728439331,-11.0039329529,-43.4788208008,11.1637916565],[-256.626739502,-489.632720947,230.255096436,541.075500488,94.2813034058,6.26665735245,11.6224374771,77.0145111084,-10.0013542175,35.9400939941,-21.5773468018,27.0068435669,-49.1902313232],[-262.710418701,24.4700775146,21.5537128448,94.2813034058,199.273208618,8.31501865387,41.9730682373,-16.8483905792,15.0532674789,-13.9329853058,21.4379730225,-15.0043535233,4.7023973465],[-274.250244141,-50.8389892578,167.488128662,6.26665735245,8.31501865387,232.128875732,-25.5982704163,85.2855606079,-17.4147205353,22.5859508514,-3.97118330002,1.06256973743,22.2923088074],[161.590393066,45.7437019348,-88.2587585449,11.6224374771,41.9730682373,-25.5982704163,165.170516968,-41.8402786255,58.0811500549,-20.0963306427,-3.43329763412,16.7999343872,-27.4012107849],[-444.304748535,-144.799972534,145.243972778,77.0145111084,-16.8483905792,85.2855606079,-41.8402786255,210.222824097,1.422098279,52.1389579773,8.19642829895,-20.1401901245,20.9388332367],[38.0976333618,55.7398376465,-33.1381454468,-10.0013542175,15.0532674789,-17.4147205353,58.0811500549,1.422098279,96.4632339478,24.7908782959,8.31434726715,6.77302646637,-15.196721077],[-81.9788284302,-75.1394042969,33.1728439331,35.9400939941,-13.9329853058,22.5859508514,-20.0963306427,52.1389579773,24.7908782959,76.5703277588,32.9274330139,1.71007919312,3.15292358398],[-72.1892623901,41.3790588379,-11.0039329529,-21.5773468018,21.4379730225,-3.97118330002,-3.43329763412,8.19642829895,8.31434726715,32.9274330139,57.8872795105,18.1359577179,12.5482616425],[91.2173233032,-53.4917144775,-43.4788208008,27.0068435669,-15.0043535233,1.06256973743,16.7999343872,-20.1401901245,6.77302646637,1.71007919312,18.1359577179,69.0377120972,13.1161546707],[-144.764022827,40.4712867737,11.1637916565,-49.1902313232,4.7023973465,22.2923088074,-27.4012107849,20.9388332367,-15.196721077,3.15292358398,12.5482616425,13.1161546707,64.4367370605]],"icov":[[0.000117253133794,-0.000370012770873,0.000419457879616,-0.000447662721854,0.000272337172646,-0.000205881675356,0.0000744705030229,0.0000276097725873,0.000228345641517,-0.000329583417624,0.000354251940735,-0.0000905608903849,0.000174881337443],[-0.000370012770873,0.00367164448835,-0.00283136381768,0.00378850381821,-0.0012323326664,0.00137907615863,-0.000737506139558,0.00106335396413,-0.00258282013237,0.00358129758388,-0.00378237711266,0.00165267230477,-0.00118523696437],[0.000419457879616,-0.00283136381768,0.00698223477229,-0.0067004119046,0.00398246385157,-0.00488285114989,0.00226188567467,-0.000359744968591,-0.000721881631762,0.00214662193321,-0.00270137703046,0.00566864898428,-0.00202973326668],[-0.000447662721854,0.00378850381821,-0.0067004119046,0.0117099825293,-0.00858904700726,0.00612427806482,-0.00200223573484,-0.00194598245434,0.00341504160315,-0.0069707268849,0.00910457037389,-0.0111313946545,0.00664319144562],[0.000272337172646,-0.0012323326664,0.00398246385157,-0.00858904700726,0.0141318934038,-0.00556441117078,-0.000419536372647,0.00331351463683,-0.00596637371927,0.0121846245602,-0.0163195841014,0.014884297736,-0.00807728432119],[-0.000205881675356,0.00137907615863,-0.00488285114989,0.00612427806482,-0.00556441117078,0.00968099478632,-0.00174750050064,-0.00285129249096,0.00407942710444,-0.0069989701733,0.00871760305017,-0.00895603746176,0.00286267045885],[0.0000744705030229,-0.000737506139558,0.00226188567467,-0.00200223573484,-0.000419536372647,-0.00174750050064,0.0107805179432,0.00016521847283,-0.0065218959935,0.00505520030856,-0.00129801372532,-0.000718925904948,0.00248961197212],[0.0000276097725873,0.00106335396413,-0.000359744968591,-0.00194598245434,0.00331351463683,-0.00285129249096,0.00016521847283,0.00928120501339,-0.00335445371456,0.000756728288252,-0.00534953223541,0.00752318324521,-0.00554786156863],[0.000228345641517,-0.00258282013237,-0.000721881631762,0.00341504160315,-0.00596637371927,0.00407942710444,-0.0065218959935,-0.00335445371456,0.0233701094985,-0.0197223648429,0.0158142000437,-0.0123453419656,0.00811794120818],[-0.000329583417624,0.00358129758388,0.00214662193321,-0.0069707268849,0.0121846245602,-0.0069989701733,0.00505520030856,0.000756728288252,-0.0197223648429,0.0464175157249,-0.0383313298225,0.0216201972216,-0.00910592731088],[0.000354251940735,-0.00378237711266,-0.00270137703046,0.00910457037389,-0.0163195841014,0.00871760305017,-0.00129801372532,-0.00534953223541,0.0158142000437,-0.0383313298225,0.0576617009938,-0.031372256577,0.0107133705169],[-0.0000905608903849,0.00165267230477,0.00566864898428,-0.0111313946545,0.014884297736,-0.00895603746176,-0.000718925904948,0.00752318324521,-0.0123453419656,0.0216201972216,-0.031372256577,0.041858188808,-0.0178396552801],[0.000174881337443,-0.00118523696437,-0.00202973326668,0.00664319144562,-0.00807728432119,0.00286267045885,0.00248961197212,-0.00554786156863,0.00811794120818,-0.00910592731088,0.0107133705169,-0.0178396552801,0.0284450370818]],"mean":[6.04215812683,100.835014343,-90.0034790039,-2.64048171043,-18.9373283386,0.2735055089,6.09034442902,-21.8982143402,-6.02804327011,-10.0744361877,-7.86675357819,0.487051516771,-7.6307759285]},"hfc":{"dmean":39.4867019653,"dmean2":62.9374084473,"dvar":1574.20776367,"dvar2":4078.60400391,"max":984.213378906,"mean":164.437210083,"median":157.897109985,"min":1.07263970953e-16,"var":8379.2109375},"melbands":{"dmean":[0.00390810007229,0.00196138094179,0.000836494495161,0.000622562074568,0.000443133001681,0.000360439706128,0.000182095522177,0.000168329876033,0.000188539619558,0.000137688752147,0.000149392144522,0.00017707781808,0.000164303186466,0.000217952692765,0.000106631392555,0.0000515703941346,0.0000355504016625,0.0000237622825807,0.0000147470373122,0.0000132659433802,0.00000898880989553,0.00000670147755955,0.00000497454539072,0.00000441995507572,0.00000410734401157,0.00000402310251957,0.00000233888408729,0.00000175002469405,0.00000174635317762,0.00000169132169958,0.00000152839470502,9.14390227535e-7,5.70943257117e-7,4.5292182449e-7,3.01239708733e-7,2.5582608032e-7,1.69023067542e-7,1.20243527135e-7,1.07126325588e-7,3.85006408976e-8],"dmean2":[0.00607390375808,0.00322356075048,0.00137058808468,0.00102947629057,0.000730912433937,0.00059390917886,0.000305043446133,0.000279243773548,0.000308379880153,0.000225690702791,0.000247370684519,0.000284506415483,0.000268926960416,0.000353516807081,0.000173481894308,0.0000852670054883,0.0000585104971833,0.0000392877955164,0.0000246179060923,0.0000219991725317,0.0000146489237522,0.0000108433841888,0.00000805295894679,0.00000711392340236,0.00000670299959893,0.00000661920785205,0.00000375791546503,0.00000275205593425,0.00000268690268967,0.00000256586963587,0.00000229457896239,0.00000136490211844,8.35053981518e-7,6.59607110265e-7,4.43579011744e-7,3.7168214817e-7,2.55761648305e-7,1.85878946013e-7,1.68246359067e-7,6.26742817644e-8],"dvar":[0.000118730960821,0.00000728921759219,0.00000124588370909,8.63353307068e-7,0.00000103271145235,0.00000107354185275,2.2365978225e-7,1.40757222766e-7,1.52757394289e-7,7.17040578024e-8,8.1196439794e-8,1.02680559166e-7,8.05752975452e-8,1.72405862031e-7,3.34713341488e-8,7.58273444035e-9,2.8086173387e-9,1.19419474309e-9,5.99393978895e-10,5.56136248164e-10,2.30701374671e-10,2.00792313332e-10,1.24790150435e-10,1.29792857018e-10,1.09088224565e-10,8.9681408133e-11,2.74032740943e-11,1.55990064615e-11,1.30033197751e-11,8.72928899304e-12,9.36645119104e-12,2.77613934445e-12,1.02637494857e-12,6.99895762006e-13,2.98159283721e-13,2.31919355682e-13,1.69456435646e-13,9.82484696355e-14,7.97630868689e-14,4.80602682624e-15],"dvar2":[0.000276385981124,0.0000185925800906,0.0000033068799894,0.00000227362079386,0.00000262279991148,0.00000267032351076,5.77515550049e-7,3.74397558289e-7,3.87198497265e-7,1.84473080367e-7,2.13486202938e-7,2.49728429935e-7,2.10066005479e-7,4.20004141688e-7,8.17923506702e-8,1.88827531389e-8,7.21549398008e-9,3.11511727524e-9,1.59073543227e-9,1.40267619742e-9,5.80813119821e-10,5.07609232425e-10,3.1671523737e-10,3.27886467977e-10,2.82358331161e-10,2.31188568289e-10,6.81550788029e-11,3.71875724658e-11,2.92872288921e-11,1.96911428135e-11,2.15131454318e-11,5.99161041961e-12,2.06671246956e-12,1.39808791714e-12,6.31668274544e-13,4.65809086182e-13,3.60321662915e-13,2.14585592134e-13,1.79324532112e-13,1.1514490499e-14],"max":[0.139388844371,0.0390486866236,0.0151495421305,0.0159446205944,0.0167265087366,0.0232143756002,0.0109768081456,0.00930735096335,0.00876953080297,0.0040542865172,0.00629248376936,0.00781479105353,0.00528711499646,0.0104133412242,0.0034968459513,0.00160187366419,0.00122398661915,0.000622167310212,0.000512577069458,0.000440260540927,0.00027169342502,0.000337582663633,0.000236108870013,0.000188354417332,0.000197129091248,0.000214445448364,0.000104989347165,0.000111325229227,0.0000780469054007,0.0000647487831884,0.0000618732956355,0.0000359137738997,0.000016707512259,0.0000124267535284,0.00000773486590333,0.00000780423761171,0.00000695651806382,0.00000585409588894,0.00000603461148785,0.00000147897753777],"mean":[0.00507519813254,0.00315644498914,0.00146813457832,0.000948779517785,0.00057045777794,0.000467587611638,0.000250290322583,0.000229774741456,0.000275156926364,0.000221390873776,0.000235237166635,0.000287068542093,0.000279518892057,0.00037179881474,0.000184712102055,0.0000883518732735,0.0000649890716886,0.000042615327402,0.0000244115162786,0.0000227726759476,0.0000159421724675,0.0000111982226372,0.00000812171583675,0.00000675686351315,0.00000626117707725,0.00000652039079796,0.00000407608285968,0.00000316618752549,0.00000338035397363,0.00000340495648743,0.00000279181790575,0.00000177065601292,0.00000117397894428,9.01117005014e-7,5.99097916165e-7,4.98106544455e-7,2.47550957511e-7,1.41234906437e-7,1.24599509377e-7,4.28047499668e-8],"median":[0.00203473237343,0.00198165653273,0.00102719699498,0.000592112541199,0.000273928191746,0.00019705107843,0.000119537609862,0.0000833684534882,0.000107240572106,0.000106413157482,0.000123344841995,0.000146832564496,0.000144141798955,0.000191979197552,0.000102468744444,0.0000538645545021,0.0000428019739047,0.0000271679564321,0.0000147834416566,0.0000135982118081,0.00000977656691248,0.00000581074755246,0.00000335521167472,0.00000215846966967,0.00000178107723059,0.00000176914682015,0.00000150659059273,0.00000134221954795,0.00000137203880968,0.00000148785920828,0.00000112956536213,7.78682988312e-7,5.37413711754e-7,4.00809909706e-7,2.78989801927e-7,2.18568246169e-7,7.88546969943e-8,2.35712889207e-8,2.13502442392e-8,1.50224721551e-8],"min":[2.20380836762e-24,1.07734408421e-24,1.56566998796e-24,3.22044398454e-24,4.29189399589e-24,3.31385083496e-24,4.59074132805e-24,1.51004858883e-24,2.93092729916e-24,3.5439769438e-24,3.68899008856e-24,3.31110007698e-24,3.84567206383e-24,5.41050980354e-24,4.62816843927e-24,4.68370858573e-24,3.01551369858e-24,4.53635646839e-24,4.95528775742e-24,5.31553252827e-24,4.80123111124e-24,5.41002978168e-24,5.44780556942e-24,6.74812444254e-24,4.52402183927e-24,6.79294594145e-24,6.86311354125e-24,7.22586333991e-24,6.5809230071e-24,5.22213770798e-24,7.7743362392e-24,6.12392917938e-24,4.60327829999e-24,5.91937005248e-24,8.07239471046e-24,7.05396187119e-24,7.1977633256e-24,7.18312048948e-24,7.25543536866e-24,7.12010864695e-24],"var":[0.000127556573716,0.0000129382451632,0.00000220702418119,0.0000012979908206,0.00000115101317988,0.00000118412026495,2.5060205644e-7,1.91974891095e-7,2.41089765041e-7,1.20861997743e-7,1.3491626305e-7,1.88330162132e-7,1.70870308125e-7,3.93915456698e-7,6.91714348022e-8,1.31401183268e-8,5.71940228511e-9,2.38676944875e-9,8.96444973808e-10,9.66051683093e-10,3.84329124081e-10,2.76662970311e-10,1.80531478655e-10,1.71065425714e-10,1.42755640642e-10,1.44159115201e-10,4.47872260112e-11,2.67062153642e-11,2.75514819292e-11,2.20577375809e-11,1.88976369275e-11,6.66552316814e-12,2.85577052457e-12,1.81634026396e-12,7.34481214997e-13,5.70395401918e-13,2.84934809037e-13,1.4935282015e-13,1.15697070522e-13,6.45832044392e-15]},"melbands_crest":{"dmean":4.02644968033,"dmean2":6.45996046066,"dvar":14.391251564,"dvar2":31.9565830231,"max":38.753692627,"mean":15.2821092606,"median":13.9860010147,"min":1.4129897356,"var":43.6585769653},"melbands_flatness_db":{"dmean":0.0303965192288,"dmean2":0.0473569892347,"dvar":0.000757749890909,"dvar2":0.00189605087508,"max":0.614514529705,"mean":0.248536467552,"median":0.240951269865,"min":0.000431443360867,"var":0.00459645269439},"melbands_kurtosis":{"dmean":9.92496967316,"dmean2":15.62844944,"dvar":796.35760498,"dvar2":1744.82568359,"max":1408.3470459,"mean":16.1511611938,"median":4.16761350632,"min":-1.8054844141,"var":1807.14013672},"melbands_skewness":{"dmean":0.896055042744,"dmean2":1.37077879906,"dvar":1.28200387955,"dvar2":2.71893072128,"max":26.5865745544,"mean":2.56416535378,"median":1.96388030052,"min":-1.8302590847,"var":5.63494110107},"melbands_spread":{"dmean":5.31819200516,"dmean2":8.36166191101,"dvar":44.9042282104,"dvar2":103.453536987,"max":169.203216553,"mean":19.045999527,"median":18.0346012115,"min":0.186418458819,"var":194.588775635},"mfcc":{"cov":[[9297.68457031,1395.80480957,-755.676879883,192.392837524,-559.945983887,250.447677612,-164.263427734,5.54667043686,-182.676620483,-68.3038406372,-84.1522598267,-36.9079818726,-56.7621421814],[1395.80480957,1685.86633301,-200.618667603,-334.829498291,-156.975036621,55.641418457,-54.6553764343,-22.8037624359,-57.0015335083,-27.3470535278,-60.0844306946,-23.4760951996,12.256480217],[-755.676879883,-200.618667603,569.017150879,29.2567462921,195.754165649,-27.3704357147,82.7320098877,11.1272211075,76.1735839844,26.0086784363,37.4424476624,16.4179973602,-9.37803173065],[192.392837524,-334.829498291,29.2567462921,462.352264404,49.0408439636,52.2276725769,9.10835552216,38.9829292297,-13.7329425812,33.1771430969,17.6786308289,-3.00203347206,-14.7753133774],[-559.945983887,-156.975036621,195.754165649,49.0408439636,270.348144531,-17.0296974182,88.8014297485,-10.9945192337,43.7871780396,5.80609846115,35.9179573059,0.158060148358,-3.05596160889],[250.447677612,55.641418457,-27.3704357147,52.2276725769,-17.0296974182,189.608764648,5.88119697571,45.6025123596,-19.9536495209,2.71692848206,-19.0297355652,1.89537131786,-1.71352219582],[-164.263427734,-54.6553764343,82.7320098877,9.10835552216,88.8014297485,5.88119697571,107.500808716,24.3145599365,30.2510490417,2.81314682961,17.7298183441,0.343500971794,3.26943349838],[5.54667043686,-22.8037624359,11.1272211075,38.9829292297,-10.9945192337,45.6025123596,24.3145599365,93.8678436279,29.8745613098,15.6237077713,-6.25680017471,11.8002986908,-1.65467882156],[-182.676620483,-57.0015335083,76.1735839844,-13.7329425812,43.7871780396,-19.9536495209,30.2510490417,29.8745613098,81.2177352905,31.9671192169,19.7705307007,5.73834657669,2.01187348366],[-68.3038406372,-27.3470535278,26.0086784363,33.1771430969,5.80609846115,2.71692848206,2.81314682961,15.6237077713,31.9671192169,77.8050460815,40.7017631531,11.7002744675,-1.31898367405],[-84.1522598267,-60.0844306946,37.4424476624,17.6786308289,35.9179573059,-19.0297355652,17.7298183441,-6.25680017471,19.7705307007,40.7017631531,68.7469558716,22.1752605438,4.30327892303],[-36.9079818726,-23.4760951996,16.4179973602,-3.00203347206,0.158060148358,1.89537131786,0.343500971794,11.8002986908,5.73834657669,11.7002744675,22.1752605438,58.1770896912,22.1566257477],[-56.7621421814,12.256480217,-9.37803173065,-14.7753133774,-3.05596160889,-1.71352219582,3.26943349838,-1.65467882156,2.01187348366,-1.31898367405,4.30327892303,22.1566257477,45.7438545227]],"icov":[[0.000160130948643,-0.00014252566325,0.000107418891275,-0.000212519982597,0.000289465649985,-0.000143180979649,-0.000104483995528,0.000173139589606,-0.000157924267114,0.000281011394691,-0.00018345353601,-0.000115457551146,0.000306202593492],[-0.00014252566325,0.000900516053662,0.00000854421341501,0.000791913946159,-0.000132804605528,-0.000140843912959,0.0000901513703866,-0.000185844488442,0.000643469044007,-0.000711051630788,0.00052595580928,0.000418845651438,-0.000489065481815],[0.000107418891275,0.00000854421341501,0.00265466258861,-0.000122511279187,-0.0012390925549,-0.0000363128383469,-0.000593374308664,0.000460739625851,-0.00156117987353,-0.0000549227697775,0.000350440386683,-0.00120580859948,0.00122876756359],[-0.000212519982597,0.000791913946159,-0.000122511279187,0.00336277508177,-0.00119256938342,-0.000266810617177,0.000684417784214,-0.00198644725606,0.00255266809836,-0.00202577724122,-0.0000431375301559,0.00109923165292,-0.000324316613842],[0.000289465649985,-0.000132804605528,-0.0012390925549,-0.00119256938342,0.00760962953791,-0.00070072337985,-0.00455933157355,0.00336854183115,-0.00272142095491,0.00232528150082,-0.00211542099714,-0.0000451384694315,0.00109298643656],[-0.000143180979649,-0.000140843912959,-0.0000363128383469,-0.000266810617177,-0.00070072337985,0.00710263103247,-0.000440457020886,-0.00400464329869,0.00362641597167,-0.00199098675512,0.00208055367693,-0.000135306079756,-0.000474779168144],[-0.000104483995528,0.0000901513703866,-0.000593374308664,0.000684417784214,-0.00455933157355,-0.000440457020886,0.0157397221774,-0.00551169458777,-0.00125558825675,0.00310457008891,-0.00465785246342,0.00358648272231,-0.00285404804163],[0.000173139589606,-0.000185844488442,0.000460739625851,-0.00198644725606,0.00336854183115,-0.00400464329869,-0.00551169458777,0.0195090286434,-0.00894731003791,-0.00142278161366,0.00592893222347,-0.00656475080177,0.00386658543721],[-0.000157924267114,0.000643469044007,-0.00156117987353,0.00255266809836,-0.00272142095491,0.00362641597167,-0.00125558825675,-0.00894731003791,0.0237455926836,-0.00889560300857,0.000174472254002,0.00291841523722,-0.0028746353928],[0.000281011394691,-0.000711051630788,-0.0000549227697775,-0.00202577724122,0.00232528150082,-0.00199098675512,0.00310457008891,-0.00142278161366,-0.00889560300857,0.0253378916532,-0.0153291961178,0.00110448431224,0.00170996575616],[-0.00018345353601,0.00052595580928,0.000350440386683,-0.0000431375301559,-0.00211542099714,0.00208055367693,-0.00465785246342,0.00592893222347,0.000174472254002,-0.0153291961178,0.030303766951,-0.0104674696922,0.0019429322565],[-0.000115457551146,0.000418845651438,-0.00120580859948,0.00109923165292,-0.0000451384694315,-0.000135306079756,0.00358648272231,-0.00656475080177,0.00291841523722,0.00110448431224,-0.0104674696922,0.0274490565062,-0.0130566312],[0.000306202593492,-0.000489065481815,0.00122876756359,-0.000324316613842,0.00109298643656,-0.000474779168144,-0.00285404804163,0.00386658543721,-0.0028746353928,0.00170996575616,0.0019429322565,-0.0130566312,0.0292352028191]],"mean":[-654.258850098,160.618682861,-10.3940010071,19.6405658722,-7.77473545074,30.3021278381,5.93017292023,12.6883792877,0.350143760443,1.6243429184,-4.19646406174,3.51444077492,0.969354629517]},"pitch_salience":{"dmean":0.0795624628663,"dmean2":0.127324908972,"dvar":0.00529425311834,"dvar2":0.0124380784109,"max":0.956279873848,"mean":0.571080744267,"median":0.597562193871,"min":0.0501416735351,"var":0.0156113021076},"silence_rate_20dB":{"dmean":0.00167926109862,"dmean2":0.00335887470283,"dvar":0.00167646701448,"dvar2":0.00460727326572,"max":1,"mean":0.998950600624,"median":1,"min":0,"var":0.00104830099735},"silence_rate_30dB":{"dmean":0.0659110024571,"dmean2":0.131835833192,"dvar":0.0615626871586,"dvar2":0.126002922654,"max":1,"mean":0.918879210949,"median":1,"min":0,"var":0.0745457261801},"silence_rate_60dB":{"dmean":0.00419815303758,"dmean2":0.00839718710631,"dvar":0.00418141717091,"dvar2":0.00958449114114,"max":1,"mean":0.033476755023,"median":0,"min":0,"var":0.0323512367904},"spectral_centroid":{"dmean":178.44732666,"dmean2":266.678527832,"dvar":53094.3828125,"dvar2":107560.328125,"max":11372.0371094,"mean":1029.25622559,"median":915.405822754,"min":135.577835083,"var":453467.25},"spectral_complexity":{"dmean":3.49685144424,"dmean2":5.12606287003,"dvar":14.2803153992,"dvar2":25.0859889984,"max":57,"mean":21.2202758789,"median":21,"min":0,"var":100.346687317},"spectral_contrast_coeffs":{"dmean":[0.053720831871,0.051119223237,0.0387908890843,0.0289078596979,0.020836064592,0.0422796607018],"dmean2":[0.0886311978102,0.0855683013797,0.0648048743606,0.048581186682,0.0344394780695,0.0662694126368],"dvar":[0.00184150470886,0.00171658594627,0.000952446716838,0.000533840444405,0.000339996477123,0.00141305290163],"dvar2":[0.00494143553078,0.00469719106331,0.00261124875396,0.00148876023013,0.000886842433829,0.00356170767918],"max":[-0.256116747856,-0.469804853201,-0.535206317902,-0.621114134789,-0.682417213917,-0.448167622089],"mean":[-0.678195655346,-0.775413572788,-0.793922007084,-0.806934535503,-0.828409194946,-0.715060710907],"median":[-0.678467154503,-0.778856992722,-0.79537987709,-0.807809948921,-0.826110720634,-0.710816979408],"min":[-0.975849449635,-0.978022575378,-0.971938312054,-0.985220015049,-0.97137260437,-0.963782250881],"var":[0.00596838351339,0.00424730312079,0.00307944603264,0.00173352006823,0.00116748781875,0.00604011956602]},"spectral_contrast_valleys":{"dmean":[0.404539316893,0.395638585091,0.321749091148,0.293955713511,0.299245387316,0.607449114323],"dmean2":[0.652588546276,0.631541371346,0.500433087349,0.451914995909,0.434699714184,0.949887573719],"dvar":[0.133712470531,0.137160688639,0.107763439417,0.108513087034,0.140367284417,0.296366393566],"dvar2":[0.29313018918,0.281509399414,0.193238094449,0.19823731482,0.279762178659,0.731261253357],"max":[-4.8709154129,-4.13503170013,-4.90311336517,-5.57088708878,-5.64598560333,-8.90955352783],"mean":[-6.69711685181,-6.50866222382,-6.53681182861,-7.26247930527,-7.76899147034,-11.0736179352],"median":[-6.45364046097,-6.26033067703,-6.24078130722,-6.96192169189,-7.61139392853,-10.9065008163],"min":[-28.1407299042,-27.8433837891,-27.6800098419,-27.4788455963,-27.3645706177,-27.3548202515],"var":[2.14796471596,2.31313490868,2.324416399,2.07999229431,1.89048421383,1.65599477291]},"spectral_decrease":{"dmean":5.50358869589e-9,"dmean2":8.27717627772e-9,"dvar":1.14275028094e-16,"dvar2":2.43064733363e-16,"max":4.16409884352e-9,"mean":-1.09217790367e-8,"median":-7.79205855395e-9,"min":-1.35291202241e-7,"var":1.64773716276e-16},"spectral_energy":{"dmean":0.0211606249213,"dmean2":0.0316727310419,"dvar":0.00161537842359,"dvar2":0.00342629570514,"max":0.528961598873,"mean":0.05613623932,"median":0.0458901412785,"min":1.02037131033e-20,"var":0.00247499393299},"spectral_energyband_high":{"dmean":0.000185254568351,"dmean2":0.000241747737164,"dvar":8.84773214693e-8,"dvar2":1.60977805308e-7,"max":0.00463949423283,"mean":0.000523588387296,"median":0.00025492918212,"min":7.03571394704e-21,"var":3.97702535793e-7},"spectral_energyband_low":{"dmean":0.0165051966906,"dmean2":0.0253954045475,"dvar":0.00137500581332,"dvar2":0.00308426353149,"max":0.467939853668,"mean":0.0258996486664,"median":0.0144035648555,"min":2.60080167154e-23,"var":0.00168885081075},"spectral_energyband_middle_high":{"dmean":0.00323418830521,"dmean2":0.00503152003512,"dvar":0.0000197489735001,"dvar2":0.00004813661144,"max":0.090573117137,"mean":0.00944227073342,"median":0.00703246472403,"min":1.38329357292e-21,"var":0.0000801300120656},"spectral_energyband_middle_low":{"dmean":0.00594353117049,"dmean2":0.00951097719371,"dvar":0.0000721964242985,"dvar2":0.000177892419742,"max":0.135420933366,"mean":0.0137643953785,"median":0.0106966774911,"min":1.90163112735e-22,"var":0.00014675706916},"spectral_entropy":{"dmean":0.162788435817,"dmean2":0.243409946561,"dvar":0.0280971191823,"dvar2":0.0664652064443,"max":9.81855773926,"mean":7.48680448532,"median":7.50655841827,"min":5.63777780533,"var":0.150632664561},"spectral_flux":{"dmean":0.0325153134763,"dmean2":0.0516991391778,"dvar":0.00199171714485,"dvar2":0.00464866077527,"max":0.617796421051,"mean":0.125914886594,"median":0.115217931569,"min":6.5069338806e-11,"var":0.00458749057725},"spectral_kurtosis":{"dmean":4.12996339798,"dmean2":6.25392103195,"dvar":45.821395874,"dvar2":110.949508667,"max":140.712799072,"mean":15.8144626617,"median":13.430557251,"min":-1.25400292873,"var":118.000862122},"spectral_rms":{"dmean":0.00119230570272,"dmean2":0.00173340947367,"dvar":0.00000257096257883,"dvar2":0.00000482413770442,"max":0.0227169562131,"mean":0.00685961265117,"median":0.00669110380113,"min":3.15512958642e-12,"var":0.00000771275063016},"spectral_rolloff":{"dmean":4500.62304688,"dmean2":8617.16699219,"dvar":58885892,"dvar2":138417360,"max":22050,"mean":10468.7890625,"median":3122.31445312,"min":21.533203125,"var":98596400},"spectral_skewness":{"dmean":0.346029609442,"dmean2":0.509333789349,"dvar":0.203995153308,"dvar2":0.457919359207,"max":9.58986663818,"mean":2.67586064339,"median":2.54247498512,"min":-0.0441131219268,"var":0.872554659843},"spectral_spread":{"dmean":486188.96875,"dmean2":738812.3125,"dvar":420841979904,"dvar2":862923456512,"max":41716376,"mean":3952338.75,"median":3792280.75,"min":1288815.5,"var":3479976017920},"spectral_strongpeak":{"dmean":3.01610827446,"dmean2":5.71682262421,"dvar":148.214096069,"dvar2":423.597808838,"max":153.42477417,"mean":2.40832853317,"median":0.333979308605,"min":0,"var":113.718360901},"zerocrossingrate":{"dmean":0.0373042672873,"dmean2":0.045476987958,"dvar":0.00107494334225,"dvar2":0.00156432087533,"max":0.626953125,"mean":0.235916033387,"median":0.23046875,"min":0.005859375,"var":0.00801790505648}},"metadata":{"audio_properties":{"analysis_sample_rate":44100,"bit_rate":128000,"codec":"mp3","downmix":"mix","equal_loudness":0,"length":221.231018066,"lossless":false,"md5_encoded":"75731d7d00693c957e8a936e9a019151","replay_gain":-10.4418354034,"sample_rate":44100},"tags":{"acoustid_fingerprint":["AQADtNIuKkwCx8Zz_Phv_Ean6JGKpE2WI6013KqCVrmCO3iGSsnhaEW3LcUpNB2PsEo-hFr04GbwNMd1NPyP_MUuKMpD5IPLo8-PS8rqoUvICT5-oxZtjFISHL3RjDy4NHOCcwgTKVkyQo-HnMcdHz2HH3yJ8keTN2g35E0hnod8PMGPhzn0BEeKwyOPwy9u5NCOP3iER6egkUXcC9RToRJxbUeYs8N1aHGO8kZ65vgHp0HR6EH4Bf8geUQsHr_QH44O-oL1It0vaGpy5EYz9ni1w9zxI_2SCv0OLT-6B0HzJ-gZB89R_DnS84H2BOWNMC8-K2jGHczRDmG0LQ7-QQujHOGPvjAfB89MPCf644uWFGH-QPvRS8dWMQ-u5EJ-3BKFhwwaLjpy_NCs7EIYjrnwHztutOSRjkd1KMrRLYmS49LRC_cFnanQHFeOPDmaox3zIM8OpcePdlk2wb9w-FBkMUc4KbmCpgf6zLD03PA_HE-Oj0qO8_COiOLRLjzkHjmPHqfCws4xSS9yGVqk5UN4ZujhCi_8LE7wRUSSI-ijJMS7B_2H9JJEKNuP0OLRJskFR88Ax4ly-CdKaUeu5NBzNKMUa-iP3Nht41s6tBEP3EGeQ1nVB-FrdNNW-Kj2C83zog-eIbSyPIR4PsiJ9sTo0MKrCz--oKYQscrRjB_ON9AXHT1zHD8sHqF14VwmYTqN-PjR82iOfIVzTFbmoVWYI52OPxCvGHke-Be65cKnI-9SQct5TEUuG1yzBM0Rylkm41CUXUbH5Ggjnkh3HDcxfTnyRKpRlTd0jsiXFWSPBye2XMglfdhOotSPVj087aDAZ7gaHY1k4jpe1Eoe5Gyx8UfoC9cidKoaaPGFI9JLosmDR7mQhVwB8YtQ4cFzVM2OD9R5qMeL53Co6BAvoTx4e8iT5EEzyhJwhqhmPDdiShb645GHZg_-QJqDvkUj-fjRnOBtmJF09IZOWWiO6_AjFZ2G-0GfzPCL9gM9dM0yCa54_PCHqwmuEJ5mBtSPP4XHDO2O4zp67Uj1Isty4i90dCKnoUHZo_mhPw7aJAuoiDl-aF-G_3iO_vCkgd2DK0uhHT-L5ilCSRr6XGg8EdcrtJMuZMmYDz-aMyqeLAqaHYf0LzhpBQ2XKEOJ_EGkheHRZB96QjyiNwphjuhzCw9dnAevBGcNVO6OfKEHczm6-MLL3HgVH610wUJIZsbXFD3cKUf7I-wNy9uh_4DNB_7R6kYjR0ePP2jOI5I_5MHVYze-HF-UESWaZ8cPnQWpSUj3OLiGo9ISwTzhUQ-OPJegZUS2H1-WHMx1HA2VBY9y5Dj09MibR2gnE81W_MazREWWRw70C31yhK1yWAyPkkH3wx_6iEZ-4SQ5iMuRU8GbPOh5MImW4FsMJmMeXCay5K-hSkfH8PDDHF9sHOpiD8-CMMqyC_9R3gITjumGfA_6HIauHN4uxMsOascJd0eX-dhzCefx4QlC69B35Lo2-LIwWYzRHs2l41k6lDqaK3huVD9mKRfaJEcoXYYvBe-ORt2hLsdzIuwSefjDwcf04jkjZKUO6SeaOIOuJUc0K4cnHb9ghXlw5vBRSkfy7