{"lowlevel":{"average_loudness":0.945852458477,"barkbands":{"dmean":[0.000136788221425,0.00353095913306,0.00362087553367,0.00150114437565,0.00210896902718,0.000621291459538,0.000447419472039,0.000540169479791,0.000477884866996,0.000506950949784,0.000382233061828,0.000366333173588,0.000352800125256,0.00052430544747,0.000501422560774,0.000361243583029,0.000425008998718,0.000228327291552,0.0002126066247,0.000152943859575,0.000135398295242,0.000110043081804,0.0000694392510923,0.0000460973606096,0.0000351967210008,0.00000867263861437,0.00000154757447035],"dmean2":[0.000223365816055,0.00593051081523,0.00628921017051,0.00254609808326,0.00362012977712,0.00102586497087,0.000731998414267,0.000861421809532,0.000767249439377,0.000805806717835,0.000618213554844,0.000593598524574,0.000571867160033,0.000851392454933,0.000806549622212,0.000588894472457,0.00070311530726,0.000383250211598,0.000344076135661,0.000251715478953,0.00022285679006,0.000173985841684,0.00010741733422,0.0000681641322444,0.000045870874601,0.0000119618798635,0.0000021069442937],"dvar":[1.29227544221e-7,0.0000409710628446,0.0000327831367031,0.00000606141247772,0.0000212171307794,0.00000139371354635,8.98843154573e-7,0.00000206122604141,0.00000114874251267,0.000001549297167,9.77803324531e-7,9.93284857032e-7,6.9397600555e-7,0.00000104469120288,0.00000152420250288,7.14072598385e-7,4.73734928619e-7,1.17982771997e-7,1.2005955341e-7,6.70746089781e-8,4.79011390553e-8,4.54290223217e-8,2.17123439228e-8,1.4156444017e-8,3.52715829877e-8,1.60712654296e-9,2.44471682481e-11],"dvar2":[3.1547352819e-7,0.000109432272438,0.0000954744464252,0.0000166953414009,0.0000584259032621,0.00000364515699403,0.0000022721408186,0.00000494100413562,0.00000284885277324,0.00000384639770346,0.00000247387424679,0.00000244844954977,0.00000169874851963,0.00000261005402535,0.00000397334906665,0.00000177871845608,0.00000124730888729,3.23528297486e-7,2.88695247264e-7,1.72323680658e-7,1.21792936625e-7,1.03689437481e-7,4.56278961281e-8,2.53457610455e-8,5.36895932157e-8,3.05101632847e-9,4.17522856566e-11],"max":[0.00569239584729,0.0613461248577,0.0514005236328,0.0412138663232,0.0510611087084,0.0241711065173,0.0263931248337,0.037480443716,0.0206468757242,0.0266860369593,0.0302229113877,0.0261510424316,0.0151200192049,0.0191218405962,0.0252440534532,0.0202312711626,0.0127626778558,0.00533497985452,0.00873158685863,0.00419581774622,0.00319309695624,0.00448143063113,0.0047240969725,0.00323864677921,0.00620091985911,0.00140445539728,0.000176046247361],"mean":[0.000214878833503,0.00579289905727,0.00561322690919,0.0022561326623,0.00289808097295,0.0011121770367,0.000689129927196,0.000771649763919,0.000828745076433,0.000839464366436,0.000618383986875,0.000585538626183,0.000542710011359,0.000921216851566,0.00084607390454,0.000704216188751,0.000977376708761,0.000572562683374,0.000519027584232,0.000376035750378,0.000343815248925,0.000219601613935,0.000131530381623,0.000111766326881,0.0000648677087156,0.0000153014025273,0.00000264310483544],"median":[0.0000751621264499,0.00373313296586,0.00410273298621,0.00135380250867,0.00161664932966,0.000685829319991,0.000378897500923,0.000295914767776,0.000364474835806,0.000340331986081,0.000280894804746,0.000279906991636,0.000253583129961,0.000489174737595,0.000373280898202,0.000425028527388,0.000661827682052,0.000438803224824,0.000360644771717,0.000239867076743,0.000257393490756,0.000125311446027,0.0000551792509214,0.0000503111405123,0.0000254940332525,0.00000720280559108,0.00000100841577932],"min":[1.14978046769e-23,3.29847104498e-23,2.69728772217e-23,7.01932535542e-24,5.73498596434e-23,2.27804428088e-23,6.91508653759e-23,2.04837847237e-23,7.18191211234e-23,1.43475787388e-22,9.05514752877e-23,5.76044092803e-23,2.44496242059e-22,1.84379108847e-22,8.98075920758e-23,9.44447310469e-23,2.24488659532e-22,2.94758748138e-22,3.38593918484e-22,4.50687720968e-22,4.18905360755e-22,4.02198397499e-22,5.27575683615e-22,8.85323775966e-22,1.17225386848e-21,1.62148947954e-21,2.48712692238e-21],"var":[1.66828101555e-7,0.0000429886422353,0.0000326922599925,0.00000804690171208,0.0000179906965059,0.00000205836863643,0.00000115081047625,0.00000271802991847,0.0000024604223654,0.00000276144646705,0.00000139389646847,0.00000138209372835,0.00000100910858691,0.00000205761512007,0.00000276230775853,0.00000130692967559,0.00000142586588936,4.05356871624e-7,3.87023533222e-7,2.06286202342e-7,1.36176893761e-7,9.09484612066e-8,4.41890399827e-8,3.88124625772e-8,7.04235603166e-8,2.55354981604e-9,5.10163612744e-11]},"barkbands_crest":{"dmean":2.2532980442,"dmean2":3.7020714283,"dvar":4.58873510361,"dvar2":12.4949979782,"max":24.8425655365,"mean":9.11116886139,"median":8.56748104095,"min":2.27065229416,"var":13.9700365067},"barkbands_flatness_db":{"dmean":0.018357815221,"dmean2":0.029360326007,"dvar":0.000378161581466,"dvar2":0.000937905395404,"max":0.365231841803,"mean":0.128115206957,"median":0.100536741316,"min":0.018732605502,"var":0.00466869771481},"barkbands_kurtosis":{"dmean":3.77386116982,"dmean2":6.16680955887,"dvar":61.8482933044,"dvar2":167.271820068,"max":189.284133911,"mean":8.6285943985,"median":0.288476467133,"min":-1.9393093586,"var":271.277923584},"barkbands_skewness":{"dmean":0.550848603249,"dmean2":0.881014168262,"dvar":0.364692479372,"dvar2":0.953851103783,"max":10.8432273865,"mean":1.86459553242,"median":1.21344673634,"min":-1.92435693741,"var":3.11642932892},"barkbands_spread":{"dmean":4.66963005066,"dmean2":7.34255409241,"dvar":38.2075920105,"dvar2":84.591468811,"max":129.719192505,"mean":25.6986694336,"median":29.2127361298,"min":0.947781264782,"var":288.761199951},"dissonance":{"dmean":0.0126718664542,"dmean2":0.0212925989181,"dvar":0.000172027677763,"dvar2":0.00047185755102,"max":0.499999821186,"mean":0.474140435457,"median":0.481653749943,"min":0.305996984243,"var":0.000557667342946},"dynamic_complexity":3.49519705772,"erbbands":{"dmean":[0.0838194712996,0.910373032093,3.70561337471,4.51718664169,7.8531665802,5.6610326767,4.97651576996,5.10600423813,6.23663759232,9.05444908142,10.5137872696,11.8943061829,14.9311933517,12.6314649582,15.6961297989,15.4707746506,15.8553133011,22.8183631897,24.6386680603,22.2958831787,18.2153720856,20.1572380066,13.4869480133,10.4119300842,9.47559928894,7.65968227386,5.54815196991,5.58897399902,4.04892921448,2.79866671562,1.94211184978,1.08062720299,0.751926064491,0.507867574692,0.207662835717,0.056292578578,0.0127977645025,0.00243686861359,0.000253228121437,0.0000199312398763],"dmean2":[0.141059815884,1.5383014679,6.45204973221,7.70464372635,13.7411136627,9.60774326324,8.12192726135,8.53273105621,10.1414327621,14.7557325363,16.7485294342,18.9170017242,23.8124885559,20.6385116577,25.4000835419,24.882982254,25.4710617065,36.8700714111,39.9212341309,36.4671134949,29.8567180634,33.4691543579,22.6217155457,17.0852851868,15.6396808624,12.6314125061,9.22513580322,9.16631317139,6.42073822021,4.38184499741,3.00647068024,1.61309349537,1.10620415211,0.685838341713,0.279720902443,0.0792125687003,0.0172910951078,0.00331973447464,0.000341137492796,0.0000288750488835],"dvar":[0.0234372057021,2.88893723488,37.0659141541,45.6616630554,348.474060059,125.402053833,90.7607650757,111.427688599,163.976928711,374.462249756,961.511657715,770.308654785,1590.19580078,1292.0078125,1836.33630371,1961.98095703,1497.01989746,2089.48364258,2729.59521484,4083.09033203,1006.63439941,1107.01782227,422.781951904,364.487670898,220.030838013,171.417434692,81.9986572266,82.7557678223,63.6307983398,31.1071090698,17.7174816132,7.84658527374,4.24291849136,6.26700496674,1.44693851471,0.089686781168,0.00243466626853,0.0000638224664726,7.313121273e-7,1.90250148968e-9],"dvar2":[0.0630706846714,7.82844257355,106.992530823,128.186294556,971.615661621,335.273773193,236.377593994,291.13394165,409.836425781,944.386047363,2291.36767578,1893.90588379,3806.07373047,3379.27441406,4777.29003906,4793.47998047,3670.12426758,5181.53515625,7029.54638672,10972.7939453,2546.8996582,2929.42431641,1162.58007812,859.785217285,556.489929199,441.436950684,211.266159058,208.338012695,149.013549805,68.8028411865,37.6556854248,14.8272743225,7.49118280411,10.367814064,2.31110906601,0.170497134328,0.00407269271091,0.000103128462797,0.00000121950847642,3.51207085636e-9],"max":[1.65617728233,17.4089012146,56.6719894409,97.0114212036,208.110809326,167.257904053,156.859741211,268.5574646,376.331481934,382.906158447,779.855651855,605.739440918,888.184814453,768.231445312,1558.80541992,1330.90087891,692.72668457,988.737976074,1122.26428223,1601.77844238,797.190551758,642.95123291,310.921295166,731.031738281,239.200210571,201.756088257,108.486083984,127.733283997,196.947174072,111.709037781,142.763519287,85.5748214722,60.0603141785,89.0089035034,39.5257644653,9.12400531769,2.06445837021,0.344451904297,0.0303567387164,0.00160140125081],"mean":[0.143271163106,1.41434693336,5.8001241684,7.68821620941,9.41159439087,8.44578075409,8.94186782837,8.89008140564,10.3256530762,13.4888124466,16.080280304,21.304523468,25.0139961243,21.7831134796,26.962978363,26.4066085815,26.7216186523,41.0756721497,47.2899665833,41.2163047791,42.6662902832,50.1067886353,36.9928779602,26.9992332458,23.6740379333,18.7289123535,13.53195858,13.8107500076,8.36953926086,5.098320961,3.72393226624,2.36156272888,1.74672186375,0.967595875263,0.363778591156,0.0975098162889,0.022760482505,0.00421095034108,0.000455072848126,0.0000570195916225],"median":[0.0793701186776,0.899990200996,4.13247823715,5.42721891403,4.64414167404,4.63916969299,5.17692327499,5.62779951096,5.93582963943,6.70321941376,6.68737506866,9.41121387482,11.1454210281,9.8071937561,13.7884082794,13.5302038193,13.426035881,23.2444190979,26.7093257904,18.9746112823,29.6562538147,36.9936294556,28.5806598663,19.7366828918,16.98005867,11.936205864,9.72026348114,10.1446285248,5.10103464127,2.29380297661,1.55001115799,1.04875802994,0.785657405853,0.384041339159,0.144838258624,0.0448328480124,0.0104086622596,0.00168457487598,0.000185899814824,0.0000461900890514],"min":[1.1500512584e-21,6.35849536343e-21,2.85970134874e-20,2.59737555775e-20,1.06143816203e-19,2.11510651316e-19,1.82019620377e-19,2.69802172481e-19,9.9959358994e-19,5.01640528857e-19,4.75691459451e-19,1.3150065531e-18,5.09699635827e-18,4.08891465448e-18,2.8423135599e-18,3.54782231499e-18,9.64156014446e-18,1.27771710633e-17,4.40751650229e-18,3.56961645618e-18,9.27943949743e-18,1.1658424174e-17,1.53395350642e-17,1.37057458209e-17,2.0804042392e-17,2.17797995318e-17,1.58455710757e-17,1.73080611403e-17,1.25957025261e-17,1.76665066239e-17,1.42365178415e-17,1.66102863172e-17,1.71724581138e-17,1.33664313706e-17,7.28981452543e-18,4.95716271649e-18,3.45210924631e-18,1.49244703085e-18,3.46058014447e-19,3.3149447225e-20],"var":[0.0303848367184,2.82428789139,36.2501716614,58.0632171631,269.587188721,133.60647583,138.80619812,140.500289917,228.589828491,498.599060059,1224.4161377,1747.90759277,2767.16577148,1882.90161133,2370.92626953,2786.92602539,2264.52832031,3950.62329102,5490.04443359,7750.98144531,2969.52172852,3507.92675781,1697.83813477,1203.18017578,721.070068359,532.644714355,216.950973511,232.463546753,126.809432983,58.0634613037,36.0067214966,18.1998882294,11.2071666718,12.2463874817,2.59011363983,0.138825654984,0.00459435489029,0.000132452143589,0.00000155035979787,4.31495683628e-9]},"erbbands_crest":{"dmean":2.11185622215,"dmean2":3.49718379974,"dvar":5.19470787048,"dvar2":13.7719116211,"max":32.7112197876,"mean":7.33611488342,"median":6.41494989395,"min":2.2931137085,"var":13.023440361},"erbbands_flatness_db":{"dmean":0.012669108808,"dmean2":0.0190090704709,"dvar":0.000153881555889,"dvar2":0.000333888456225,"max":0.325359165668,"mean":0.136791020632,"median":0.134884864092,"min":0.0338376052678,"var":0.000997708411887},"erbbands_kurtosis":{"dmean":0.806905567646,"dmean2":1.28321039677,"dvar":1.23418915272,"dvar2":3.04417991638,"max":27.1793556213,"mean":0.689057230949,"median":0.142021894455,"min":-1.79906022549,"var":3.81959271431},"erbbands_skewness":{"dmean":0.284989744425,"dmean2":0.449708580971,"dvar":0.0801054090261,"dvar2":0.191318497062,"max":4.5249786377,"mean":0.116890579462,"median":-0.139160677791,"min":-4.20451021194,"var":0.857014477253},"erbbands_spread":{"dmean":7.40939712524,"dmean2":11.7430152893,"dvar":63.8704299927,"dvar2":151.309310913,"max":123.904373169,"mean":39.4089279175,"median":36.3088150024,"min":6.62835788727,"var":262.299133301},"gfcc":{"cov":[[12031.2265625,-973.848144531,-2936.84399414,237.300964355,-397.088317871,684.918151855,-252.797622681,140.491897583,-18.3904705048,239.594146729,-154.25881958,-56.1427154541,-2.47543120384],[-973.848144531,882.455688477,465.860992432,-140.272796631,71.5598831177,-115.82611084,89.7994155884,-85.2608337402,7.98889827728,-71.1374740601,57.364151001,-25.6122093201,51.8883934021],[-2936.84399414,465.860992432,1470.92858887,-127.225189209,74.9701385498,-123.344078064,48.719909668,-80.8973999023,-72.7808380127,-52.8658256531,43.9529037476,45.6956939697,4.98024892807],[237.300964355,-140.272796631,-127.225189209,267.522003174,-33.8118095398,-24.0580406189,-8.06058120728,29.6418132782,27.6258430481,-21.6665706635,14.3726634979,-0.0960217788815,-8.31778526306],[-397.088317871,71.5598831177,74.9701385498,-33.8118095398,196.314453125,24.619020462,22.4917621613,14.8168582916,26.4404697418,15.9977693558,-13.0528249741,4.8173365593,6.99134492874],[684.918151855,-115.82611084,-123.344078064,-24.0580406189,24.619020462,193.780899048,21.1412296295,9.49763393402,-14.75756073,32.3446617126,-5.14978599548,-12.3201293945,5.45445013046],[-252.797622681,89.7994155884,48.719909668,-8.06058120728,22.4917621613,21.1412296295,121.946174622,15.8946876526,5.0629940033,-4.21613883972,21.69789505,1.17356193066,2.42267179489],[140.491897583,-85.2608337402,-80.8973999023,29.6418132782,14.8168582916,9.49763393402,15.8946876526,96.5310287476,37.730846405,15.2246046066,-4.54652166367,7.1188750267,-2.96867704391],[-18.3904705048,7.98889827728,-72.7808380127,27.6258430481,26.4404697418,-14.75756073,5.0629940033,37.730846405,84.8645172119,23.3885231018,3.25663971901,-3.99238705635,2.29118394852],[239.594146729,-71.1374740601,-52.8658256531,-21.6665706635,15.9977693558,32.3446617126,-4.21613883972,15.2246046066,23.3885231018,78.5414657593,11.0412330627,8.55540943146,1.87289142609],[-154.25881958,57.364151001,43.9529037476,14.3726634979,-13.0528249741,-5.14978599548,21.69789505,-4.54652166367,3.25663971901,11.0412330627,64.5357513428,19.7592773438,9.21569728851],[-56.1427154541,-25.6122093201,45.6956939697,-0.0960217788815,4.8173365593,-12.3201293945,1.17356193066,7.1188750267,-3.99238705635,8.55540943146,19.7592773438,57.0899467468,15.7228002548],[-2.47543120384,51.8883934021,4.98024892807,-8.31778526306,6.99134492874,5.45445013046,2.42267179489,-2.96867704391,2.29118394852,1.87289142609,9.21569728851,15.7228002548,50.9509086609]],"icov":[[0.000362588179996,-0.000649573514238,0.000679693941493,-0.000506126671098,0.000817360822111,-0.001260811463,0.00074242928531,-0.000446483492851,0.00077602796955,-0.00120029551908,0.00131359917577,-0.00117306399625,0.000625201035291],[-0.000649573514238,0.00402987282723,-0.00167831836734,0.00241453456692,-0.00237450376153,0.00372358877212,-0.00275696162134,0.00248697120696,-0.00301661598496,0.00464926147833,-0.00529806502163,0.00532022630796,-0.00409287959337],[0.000679693941493,-0.00167831836734,0.00224914611317,-0.000819821143523,0.00116711785085,-0.00196817843243,0.00131367507856,-0.000704465608578,0.00236337585375,-0.0022562763188,0.00232361652888,-0.00316389976069,0.00186829827726],[-0.000506126671098,0.00241453456692,-0.000819821143523,0.0060987751931,-0.00111751921941,0.00267676496878,-0.00115032528993,0.000372538808733,-0.00338021945208,0.00529228337109,-0.00522160576656,0.00309702847153,-0.0015183808282],[0.000817360822111,-0.00237450376153,0.00116711785085,-0.00111751921941,0.00836462900043,-0.00436204718426,0.00107687944546,-0.00149673677515,-0.000410090142395,-0.00401201378554,0.00630727410316,-0.00479968590662,0.00184839125723],[-0.001260811463,0.00372358877212,-0.00196817843243,0.00267676496878,-0.00436204718426,0.0120756449178,-0.00474476488307,0.00154909689445,0.0000445616751676,0.00205342494883,-0.00587544590235,0.00802016444504,-0.00509199965745],[0.00074242928531,-0.00275696162134,0.00131367507856,-0.00115032528993,0.00107687944546,-0.00474476488307,0.0122405365109,-0.0040836581029,0.00201923493296,-0.00132375024259,-0.000435112509876,-0.00273955450393,0.00294972304255],[-0.000446483492851,0.00248697120696,-0.000704465608578,0.000372538808733,-0.00149673677515,0.00154909689445,-0.0040836581029,0.015992756933,-0.00775875989348,0.00202928693034,-0.000169670005562,-0.000801861984655,-0.000706766324583],[0.00077602796955,-0.00301661598496,0.00236337585375,-0.00338021945208,-0.000410090142395,0.0000445616751676,0.00201923493296,-0.00775875989348,0.0213508196175,-0.00955457333475,0.00275566801429,0.000278323248494,0.000637194723822],[-0.00120029551908,0.00464926147833,-0.0022562763188,0.00529228337109,-0.00401201378554,0.00205342494883,-0.00132375024259,0.00202928693034,-0.00955457333475,0.0241278707981,-0.0110500855371,0.00357654388063,-0.00275899539702],[0.00131359917577,-0.00529806502163,0.00232361652888,-0.00522160576656,0.00630727410316,-0.00587544590235,-0.000435112509876,-0.000169670005562,0.00275566801429,-0.0110500855371,0.0294137597084,-0.0140020083636,0.00343705737032],[-0.00117306399625,0.00532022630796,-0.00316389976069,0.00309702847153,-0.00479968590662,0.00802016444504,-0.00273955450393,-0.000801861984655,0.000278323248494,0.00357654388063,-0.0140020083636,0.0312197767198,-0.0120221087709],[0.000625201035291,-0.00409287959337,0.00186829827726,-0.0015183808282,0.00184839125723,-0.00509199965745,0.00294972304255,-0.000706766324583,0.000637194723822,-0.00275899539702,0.00343705737032,-0.0120221087709,0.0266658067703]],"mean":[3.68489837646,92.1990966797,-107.588607788,45.8462219238,-47.0749549866,16.5230770111,-32.0028762817,8.57318019867,-21.7980442047,-1.22508490086,-16.0568237305,-3.58722805977,-10.1833086014]},"hfc":{"dmean":5.48769950867,"dmean2":8.3577003479,"dvar":60.0211143494,"dvar2":129.919250488,"max":169.265899658,"mean":24.1328868866,"median":22.4383029938,"min":1.21133639156e-16,"var":405.432067871},"melbands":{"dmean":[0.000846523966175,0.00163265282754,0.000852271099575,0.000514808052685,0.000177011534106,0.000114927643153,0.0000932350521907,0.000106008890725,0.0000879307845025,0.0000705324418959,0.0000752903215471,0.0000523264097865,0.0000522397131135,0.0000411444561905,0.000044218297262,0.0000290961925202,0.0000499798043165,0.0000431397274951,0.0000361156380677,0.00002835140549,0.0000237347030634,0.000023095328288,0.0000210428697756,0.0000107809510155,0.00000952104164753,0.00000894108870853,0.00000591559955865,0.00000544558952242,0.00000374099272449,0.00000372332488041,0.00000345036960425,0.00000252041900239,0.00000208155256587,0.00000147008677231,0.00000125235578707,8.91812931059e-7,6.4645337261e-7,5.18125091276e-7,5.76322975121e-7,4.24291073386e-7],"dmean2":[0.00142274005339,0.00282213068567,0.00146019540261,0.000898479251191,0.000287163566099,0.000191067301785,0.000151130239828,0.000171997089637,0.000139922442031,0.000112871835881,0.000119993579574,0.0000856702026795,0.0000841769870021,0.0000672590031172,0.0000704260601196,0.0000469272526971,0.0000809674675111,0.0000705906568328,0.000057945093431,0.0000463389260403,0.0000394178896386,0.0000386030333175,0.0000354819167114,0.0000181386931217,0.0000156845526362,0.000014720886611,0.00000987638031802,0.00000902248666534,0.00000624387666903,0.00000622530251349,0.00000566924200029,0.00000407596644436,0.00000329897989104,0.00000234103458752,0.00000199441183213,0.00000134546075969,9.82939809546e-7,7.87125998158e-7,8.40406869429e-7,5.88407885971e-7],"dvar":[0.00000230859882322,0.00000789189198258,0.00000172036038748,0.00000142794726798,1.02479042141e-7,5.16958458263e-8,3.75270161612e-8,5.54441221823e-8,5.87641117988e-8,2.73495679437e-8,4.08834033294e-8,2.25646701324e-8,1.90299687119e-8,1.21192718083e-8,1.31862574193e-8,4.15025214195e-9,1.05215978152e-8,7.79002640172e-9,9.02741170705e-9,6.08179462347e-9,1.61316693337e-9,1.53856671847e-9,1.29006660909e-9,2.72983663452e-10,3.43539835468e-10,2.09168071752e-10,9.96473667469e-11,8.669018281e-11,3.78421773084e-11,3.54206143582e-11,3.12002056135e-11,2.44217875089e-11,1.74974739559e-11,8.34001184086e-12,6.57880781102e-12,5.70143238177e-12,2.56613957514e-12,1.94888246166e-12,3.41172294409e-12,5.87053626197e-12],"dvar2":[0.00000608951904724,0.0000222690596274,0.00000479978052681,0.00000397543817598,2.56164582879e-7,1.34202110758e-7,9.32147585786e-8,1.37415568702e-7,1.40212790711e-7,6.90039883011e-8,9.81738850214e-8,5.9229179783e-8,4.84684967716e-8,3.05879233053e-8,3.15259747197e-8,1.03185850975e-8,2.61773092092e-8,1.97400744639e-8,2.26934222525e-8,1.56168002974e-8,4.20787360511e-9,4.10042000354e-9,3.48962925223e-9,7.47385542343e-10,8.15309320057e-10,5.44792155832e-10,2.54891024953e-10,2.25846133461e-10,9.99763119514e-11,9.25115817285e-11,7.98396002089e-11,5.9669359731e-11,3.94518792635e-11,1.89529260342e-11,1.46990631472e-11,1.17777732012e-11,4.97624380938e-12,3.73536705039e-12,5.78977837895e-12,1.01090949847e-11],"max":[0.0127300499007,0.027848822996,0.0184545200318,0.0129930702969,0.00532613415271,0.00569204613566,0.00590266473591,0.00442132074386,0.00518560037017,0.00373001093976,0.00438414420933,0.00312041840516,0.0048376377672,0.0027757503558,0.00309453415684,0.00119611236732,0.00226566242054,0.00154356542043,0.00262125418521,0.00199896539561,0.000963796162978,0.000727950129658,0.000631821865682,0.000285215355689,0.000715436006431,0.000261013687123,0.00021327722061,0.000158946582815,0.0000752291452955,0.0000890023147804,0.000087309294031,0.000129050938995,0.0000786777309258,0.0000592091528233,0.0000841926739668,0.0000762902636779,0.0000416158836742,0.0000451917476312,0.0000598048791289,0.0000863708992256],"mean":[0.00143245665822,0.002709308872,0.00141915224958,0.000657710013911,0.000333258125465,0.000205309057492,0.00015250731667,0.000155553076183,0.000139359355671,0.000123884354252,0.000121967728774,0.0000853598758113,0.000086315725639,0.0000692791509209,0.0000695926064509,0.0000478977744933,0.0000837039988255,0.0000779879628681,0.000060497695813,0.0000506828182552,0.0000509679884999,0.0000520823268744,0.0000465673365397,0.000025553681553,0.0000212407794606,0.0000196239489014,0.0000136366461447,0.0000120324266391,0.00000815450948721,0.00000824591734272,0.00000789492605691,0.00000485375039716,0.00000365868891095,0.0000024883597689,0.00000227909913519,0.00000165886785908,0.00000138280904594,0.00000118561285944,0.0000011634368775,7.19955437489e-7],"median":[0.000900957034901,0.00196673069149,0.00102556170896,0.000337938574376,0.00019950485148,0.000130599422846,0.0000870945805218,0.0000715908536222,0.000057997465774,0.0000554296020709,0.0000508098455612,0.000034777662222,0.0000415386202803,0.0000355260890501,0.0000304081695504,0.0000260835349764,0.0000427641862188,0.0000429426727351,0.0000247200459853,0.0000248188407568,0.0000345098887919,0.000036781973904,0.000030331670132,0.0000188106350834,0.0000144402492879,0.0000133750481837,0.00000920840921026,0.00000712372093403,0.00000544782733414,0.00000605657669439,0.00000559906538911,0.00000289406466436,0.0000017436948383,0.00000104704020032,9.36268634177e-7,6.56121585507e-7,6.21257868261e-7,5.43870100955e-7,4.60488564613e-7,2.54497194874e-7],"min":[9.73573317267e-24,1.36544565173e-23,6.41585189053e-24,1.29087108049e-23,6.78405390133e-24,5.71021265536e-24,1.50221204459e-23,5.0247595819e-24,3.38225533063e-24,1.06628332741e-23,2.47924388584e-23,1.55211033675e-23,1.07870607228e-23,7.06783635679e-24,1.65888060923e-23,2.38815474821e-23,2.29984855407e-23,5.7323342873e-24,6.86774021046e-24,4.21829248457e-24,1.29955509799e-23,1.30446544158e-23,1.18746474756e-23,1.39849182391e-23,1.03915305981e-23,1.45698633335e-23,1.45560346019e-23,1.53667548428e-23,8.87030858343e-24,1.10966909947e-23,9.29832636681e-24,6.421044173e-24,9.4238791019e-24,9.92882423417e-24,7.57227977352e-24,9.81665531319e-24,1.00084463319e-23,1.14436296543e-23,1.30813175153e-23,1.07462419042e-23],"var":[0.00000257416309069,0.00000755331575419,0.00000192783113562,0.00000112060024549,1.69664659211e-7,6.95607411672e-8,5.22059870889e-8,7.6554194095e-8,8.00993333883e-8,5.62572246565e-8,7.08968528329e-8,3.26788018867e-8,2.6134218345e-8,1.60664370696e-8,1.94408027454e-8,6.33041885578e-9,1.87424813447e-8,1.50225183404e-8,1.71126632864e-8,1.09003384097e-8,4.24389012821e-9,4.06440747724e-9,3.49643225483e-9,8.46051340098e-10,9.27641685688e-10,5.41674982646e-10,2.72309286231e-10,2.37795949598e-10,8.6308564462e-11,8.24928875209e-11,8.2272737234e-11,4.47412176752e-11,3.08645227431e-11,1.47978990173e-11,1.30490071873e-11,1.01590151222e-11,6.16528442882e-12,4.80132210032e-12,7.85717844953e-12,1.03616611818e-11]},"melbands_crest":{"dmean":3.12498426437,"dmean2":5.11438035965,"dvar":8.13546657562,"dvar2":21.2634811401,"max":35.5272636414,"mean":14.6649703979,"median":14.2737350464,"min":2.19281697273,"var":23.4760532379},"melbands_flatness_db":{"dmean":0.0243852026761,"dmean2":0.0385541208088,"dvar":0.000639654812403,"dvar2":0.0015553268604,"max":0.519581675529,"mean":0.203779101372,"median":0.170538976789,"min":0.00676144380122,"var":0.0094196004793},"melbands_kurtosis":{"dmean":8.9129858017,"dmean2":14.7103824615,"dvar":299.135223389,"dvar2":784.346923828,"max":370.98260498,"mean":21.2576904297,"median":7.76674842834,"min":-1.69272112846,"var":1021.08087158},"melbands_skewness":{"dmean":0.768182337284,"dmean2":1.24391782284,"dvar":0.770161032677,"dvar2":1.98497319221,"max":16.5112895966,"mean":3.11483359337,"median":2.61076688766,"min":-0.115209840238,"var":3.82758426666},"melbands_spread":{"dmean":7.12585067749,"dmean2":11.3376264572,"dvar":82.8871688843,"dvar2":206.661621094,"max":138.512695312,"mean":27.113779068,"median":26.576631546,"min":0.751911878586,"var":450.053710938},"mfcc":{"cov":[[11828.1601562,-1617.59289551,-2500.58398438,-452.88659668,-323.552246094,201.966278076,-163.486038208,-40.0729255676,222.796600342,73.1874160767,28.4546031952,234.548080444,-34.1785392761],[-1617.59289551,1128.19677734,471.609039307,14.3258666992,39.7857208252,5.90414190292,75.1643295288,-6.42521286011,-30.6471385956,-3.5207669735,-36.1296043396,-65.6909561157,9.95323753357],[-2500.58398438,471.609039307,1010.61315918,120.927452087,49.9014511108,-19.7597904205,62.5164794922,1.50889289379,-108.647766113,-20.0477027893,-43.6870193481,-80.1433181763,22.8131828308],[-452.88659668,14.3258666992,120.927452087,215.878768921,19.9606227875,-34.784538269,-18.296918869,21.3492240906,-21.3167057037,-2.40779137611,6.12659215927,-5.40439128876,-0.27312079072],[-323.552246094,39.7857208252,49.9014511108,19.9606227875,152.46295166,16.863193512,-7.50715255737,2.1503059864,24.0951118469,4.72739934921,5.55300617218,-11.2152080536,3.69659471512],[201.966278076,5.90414190292,-19.7597904205,-34.784538269,16.863193512,112.250450134,44.7137336731,-0.37169277668,8.33045482635,7.72145271301,-7.04032230377,5.7690577507,3.46561765671],[-163.486038208,75.1643295288,62.5164794922,-18.296918869,-7.50715255737,44.7137336731,105.803222656,29.1567802429,-0.357830375433,0.928327143192,-2.76979589462,1.30321776867,4.40779924393],[-40.0729255676,-6.42521286011,1.50889289379,21.3492240906,2.1503059864,-0.37169277668,29.1567802429,70.9872741699,18.2629566193,3.57259702682,8.27480316162,6.61083316803,-2.12007856369],[222.796600342,-30.6471385956,-108.647766113,-21.3167057037,24.0951118469,8.33045482635,-0.357830375433,18.2629566193,83.9934463501,27.7808761597,8.87542152405,12.4356374741,2.13419151306],[73.1874160767,-3.5207669735,-20.0477027893,-2.40779137611,4.72739934921,7.72145271301,0.928327143192,3.57259702682,27.7808761597,64.5706863403,20.2761936188,2.79173088074,0.215550705791],[28.4546031952,-36.1296043396,-43.6870193481,6.12659215927,5.55300617218,-7.04032230377,-2.76979589462,8.27480316162,8.87542152405,20.2761936188,63.157169342,23.4131069183,-6.29674863815],[234.548080444,-65.6909561157,-80.1433181763,-5.40439128876,-11.2152080536,5.7690577507,1.30321776867,6.61083316803,12.4356374741,2.79173088074,23.4131069183,58.3283424377,15.2713098526],[-34.1785392761,9.95323753357,22.8131828308,-0.27312079072,3.69659471512,3.46561765671,4.40779924393,-2.12007856369,2.13419151306,0.215550705791,-6.29674863815,15.2713098526,47.8764877319]],"icov":[[0.000216983287828,0.000101607118268,0.000443634780822,0.000131566092023,0.000290703930659,-0.000376258336473,0.000232693913858,-0.0000594731172896,0.0000993393477984,-0.000211793871131,0.000327833695337,-0.000184991324204,0.0000025200440632],[0.000101607118268,0.00122318579815,-0.000278398365481,0.000177718451596,0.0000149599527504,0.0000239476084971,-0.000626204477157,0.000376617681468,-0.000300960819004,-0.000106988678453,0.000214298386709,0.000590186973568,-0.000122816258227],[0.000443634780822,-0.000278398365481,0.00266879284754,-0.000388550921343,-0.0000557483508601,-0.000292923825327,-0.000480425718706,-0.000302460975945,0.00227367156185,-0.000976478506345,0.00100406771526,0.00105532607995,-0.00114449125249],[0.000131566092023,0.000177718451596,-0.000388550921343,0.00586982211098,-0.000691163761076,0.000896340759937,0.00164194451645,-0.00266034994274,0.00171758385841,-0.000692044966854,0.0000211038532143,-0.00065180711681,0.000132351691718],[0.000290703930659,0.0000149599527504,-0.0000557483508601,-0.000691163761076,0.00855334009975,-0.0029106978327,0.002100846963,0.000113129521196,-0.00380881689489,0.00150949286763,-0.00210614758544,0.00251248735003,-0.00132651033346],[-0.000376258336473,0.0000239476084971,-0.000292923825327,0.000896340759937,-0.0029106978327,0.013209621422,-0.00662031769753,0.00229716277681,0.000497281376738,-0.00190236489289,0.00235861376859,-0.00191864278167,0.000759473710787],[0.000232693913858,-0.000626204477157,-0.000480425718706,0.00164194451645,0.002100846963,-0.00662031769753,0.0157595723867,-0.00710454024374,0.00064607366221,0.000276496401057,-0.000366439955542,-0.000415940856328,-0.000859486171976],[-0.0000594731172896,0.000376617681468,-0.000302460975945,-0.00266034994274,0.000113129521196,0.00229716277681,-0.00710454024374,0.019488202408,-0.00554315140471,0.00152951024938,-0.00150243204553,-0.000989908352494,0.00170860649087],[0.0000993393477984,-0.000300960819004,0.00227367156185,0.00171758385841,-0.00380881689489,0.000497281376738,0.00064607366221,-0.00554315140471,0.0199709702283,-0.00828714855015,0.00307359569706,-0.0025554059539,-0.00062056974275],[-0.000211793871131,-0.000106988678453,-0.000976478506345,-0.000692044966854,0.00150949286763,-0.00190236489289,0.000276496401057,0.00152951024938,-0.00828714855015,0.0215159934014,-0.0086304731667,0.00430745538324,-0.00184068130329],[0.000327833695337,0.000214298386709,0.00100406771526,0.0000211038532143,-0.00210614758544,0.00235861376859,-0.000366439955542,-0.00150243204553,0.00307359569706,-0.0086304731667,0.0245781801641,-0.011999508366,0.00663216225803],[-0.000184991324204,0.000590186973568,0.00105532607995,-0.00065180711681,0.00251248735003,-0.00191864278167,-0.000415940856328,-0.000989908352494,-0.0025554059539,0.00430745538324,-0.011999508366,0.0289101526141,-0.0115272151306],[0.0000025200440632,-0.000122816258227,-0.00114449125249,0.000132351691718,-0.00132651033346,0.000759473710787,-0.000859486171976,0.00170860649087,-0.00062056974275,-0.00184068130329,0.00663216225803,-0.0115272151306,0.0262478403747]],"mean":[-636.817687988,116.46799469,4.63383817673,32.6982345581,11.2885580063,10.6583080292,4.84209823608,6.68566131592,3.39630365372,1.73170053959,-0.111882254481,0.3154489398,-3.89464211464]},"pitch_salience":{"dmean":0.0710685476661,"dmean2":0.117245607078,"dvar":0.00466505205259,"dvar2":0.0124811604619,"max":0.916306257248,"mean":0.565724492073,"median":0.576874256134,"min":0.0777317434549,"var":0.0109055507928},"silence_rate_20dB":{"dmean":0,"dmean2":0,"dvar":0,"dvar2":0,"max":1,"mean":1,"median":1,"min":1,"var":0},"silence_rate_30dB":{"dmean":0,"dmean2":0,"dvar":0,"dvar2":0,"max":1,"mean":1,"median":1,"min":1,"var":0},"silence_rate_60dB":{"dmean":0.0020540910773,"dmean2":0.00410888530314,"dvar":0.00204963749275,"dvar2":0.00546185439453,"max":1,"mean":0.0364538766444,"median":0,"min":0,"var":0.0351240113378},"spectral_centroid":{"dmean":196.579788208,"dmean2":312.123779297,"dvar":61452.9179688,"dvar2":133249.828125,"max":10929.8398438,"mean":1472.33532715,"median":1713.03820801,"min":156.61605835,"var":682443.75},"spectral_complexity":{"dmean":3.38788080215,"dmean2":5.31552839279,"dvar":14.138630867,"dvar2":31.1426105499,"max":60,"mean":27.0162582397,"median":32,"min":0,"var":288.975494385},"spectral_contrast_coeffs":{"dmean":[0.050604313612,0.0414549335837,0.0346390604973,0.0277251359075,0.0185946766287,0.0163212530315],"dmean2":[0.0852421745658,0.068764731288,0.0572354272008,0.0457907989621,0.0308854244649,0.0261389557272],"dvar":[0.00199918844737,0.00120936217718,0.000786955759395,0.000511510588694,0.000227259675739,0.000228602642892],"dvar2":[0.00552255520597,0.00321957143024,0.00208639167249,0.00132626574486,0.000607974128798,0.000543643836863],"max":[-0.316752016544,-0.535454392433,-0.555164337158,-0.627953231335,-0.63406920433,-0.598151087761],"mean":[-0.652120053768,-0.759025216103,-0.789658308029,-0.799244463444,-0.806436657906,-0.753359913826],"median":[-0.656494855881,-0.76200479269,-0.793804049492,-0.802148103714,-0.806002616882,-0.740676403046],"min":[-0.95207130909,-0.949054598808,-0.970875382423,-0.956649661064,-0.955398499966,-0.96316754818],"var":[0.00475956639275,0.00317093799822,0.00248051178642,0.00219989707693,0.00119072711095,0.00262182136066]},"spectral_contrast_valleys":{"dmean":[0.348476797342,0.331140756607,0.280931442976,0.24840632081,0.205361753702,0.209147050977],"dmean2":[0.578318655491,0.539799749851,0.455777108669,0.3863312006,0.316662043333,0.283711493015],"dvar":[0.111685849726,0.119938969612,0.089073561132,0.0891956090927,0.0934045761824,0.0865468457341],"dvar2":[0.255664467812,0.251676917076,0.170538902283,0.151260256767,0.148031011224,0.12077139318],"max":[-5.35990905762,-4.93823766708,-5.46033573151,-5.79329061508,-5.52500391006,-7.40167236328],"mean":[-6.8632478714,-6.8068447113,-7.27800416946,-7.54574584961,-7.29449319839,-10.0331420898],"median":[-6.72644376755,-6.5937833786,-6.91363239288,-6.92001485825,-6.65966129303,-9.73125457764],"min":[-27.3933143616,-27.5879859924,-26.7894496918,-27.2641334534,-27.4818534851,-27.1126213074],"var":[0.84651529789,1.13760232925,1.57741200924,1.98476326466,1.95171844959,1.40659511089]},"spectral_decrease":{"dmean":2.39670838731e-9,"dmean2":3.97329147361e-9,"dvar":1.04375659741e-17,"dvar2":2.7845241994e-17,"max":1.3956685949e-17,"mean":-6.98953606104e-9,"median":-6.57186838282e-9,"min":-3.01481151155e-8,"var":1.64084178517e-17},"spectral_energy":{"dmean":0.00936231110245,"dmean2":0.0154614401981,"dvar":0.000155516696395,"dvar2":0.000414373091189,"max":0.116323702037,"mean":0.0285690519959,"median":0.0272497273982,"min":1.1014552052e-20,"var":0.000269542681053},"spectral_energyband_high":{"dmean":0.000385623599868,"dmean2":0.000580933643505,"dvar":5.42516602309e-7,"dvar2":0.00000109970983431,"max":0.0185934137553,"mean":0.00108092301525,"median":0.000729818304535,"min":7.59953527752e-21,"var":0.00000167132077422},"spectral_energyband_low":{"dmean":0.00664811441675,"dmean2":0.0111608784646,"dvar":0.00011851657473,"dvar2":0.000321578176226,"max":0.10405857116,"mean":0.0128716211766,"median":0.0100614689291,"min":7.10707256272e-23,"var":0.000125133301481},"spectral_energyband_middle_high":{"dmean":0.00182148884051,"dmean2":0.00284339929931,"dvar":0.00000756394547352,"dvar2":0.0000182171079359,"max":0.050183929503,"mean":0.00713213626295,"median":0.00597652327269,"min":1.91001415655e-21,"var":0.0000480537637486},"spectral_energyband_middle_low":{"dmean":0.00415163300931,"dmean2":0.00689997244626,"dvar":0.0000523351773154,"dvar2":0.000140451913467,"max":0.0788510367274,"mean":0.00895444303751,"median":0.00705639785156,"min":3.32560356871e-22,"var":0.0000600076782575},"spectral_entropy":{"dmean":0.116640850902,"dmean2":0.176457032561,"dvar":0.0203192792833,"dvar2":0.0443053580821,"max":9.79143047333,"mean":7.644282341,"median":7.84828138351,"min":5.41545343399,"var":0.28009146452},"spectral_flux":{"dmean":0.0234284866601,"dmean2":0.0356167778373,"dvar":0.000731430074666,"dvar2":0.00141955574509,"max":0.275724709034,"mean":0.0850310474634,"median":0.0824536830187,"min":1.04950236002e-10,"var":0.00229657511227},"spectral_kurtosis":{"dmean":1.21246063709,"dmean2":1.99435567856,"dvar":3.9785554409,"dvar2":9.53953361511,"max":60.2302474976,"mean":4.38801050186,"median":3.50277233124,"min":-1.16807293892,"var":14.3073549271},"spectral_rms":{"dmean":0.000797278422397,"dmean2":0.00128900818527,"dvar":8.37813843191e-7,"dvar2":0.0000021831488084,"max":0.0106530059129,"mean":0.00501746404916,"median":0.00515607418492,"min":3.27809459265e-12,"var":0.00000269728525382},"spectral_rolloff":{"dmean":384.586517334,"dmean2":627.385620117,"dvar":670869.9375,"dvar2":1500216.75,"max":20650.3417969,"mean":1590.27197266,"median":1593.45703125,"min":21.533203125,"var":2629162.75},"spectral_skewness":{"dmean":0.175893306732,"dmean2":0.282368451357,"dvar":0.0488463453948,"dvar2":0.11152330786,"max":6.44824361801,"mean":1.49430704117,"median":1.3237016201,"min":0.0000128498850245,"var":0.357432246208},"spectral_spread":{"dmean":369802.3125,"dmean2":526625.9375,"dvar":336467460096,"dvar2":449082687488,"max":39823028,"mean":4379112.5,"median":4140506.5,"min":1413978.5,"var":1518245117950},"spectral_strongpeak":{"dmean":0.419951081276,"dmean2":0.752454340458,"dvar":0.883629441261,"dvar2":2.41116905212,"max":11.5147809982,"mean":0.546244680882,"median":0.338527619839,"min":0,"var":0.756726741791},"zerocrossingrate":{"dmean":0.008475381881,"dmean2":0.0100669870153,"dvar":0.000119812815683,"dvar2":0.000129966603708,"max":0.51904296875,"mean":0.0592728145421,"median":0.06103515625,"min":0.00390625,"var":0.00143329566345}},"metadata":{"audio_properties":{"analysis_sample_rate":44100,"bit_rate":0,"codec":"flac","downmix":"mix","equal_loudness":0,"length":135.63999939,"lossless":true,"md5_encoded":"a0b2f73df9c740bfd6400aebdf379e6b","replay_gain":-14.7144184113},"tags":{"acoustid_id":["5e1fb806-d107-4284-b3e1-a5ea49a5c16e"],"album":["The Colour and the Shape"],"albumartist":["Foo Fighters"],"artist":["Foo Fighters"],"date":["2003-10-20"],"discnumber":["1"],"disctotal":["1"],"file_name":"06 - Foo Fighters - Up in Arms.flac","musicbrainz_albumartistid":["67f66c07-6e61-4026-ade5-7e782fad3a5d"],"musicbrainz_albumid":["02084fd8-5bce-3495-9e9f-86261dcb59a2"],"musicbrainz_artistid":["67f66c07-6e61-4026-ade5-7e782fad3a5d"],"musicbrainz_recordingid":["e8e9f718-616e-4737-bd40-1ffcd9066683"],"musicbrainz_releasegroupid":["7822977a-984d-358d-823f-426139c0eaba"],"replaygain_album_gain":["-10.06 dB"],"replaygain_album_peak":["0.999939"],"replaygain_track_gain":["-9.92 dB"],"replaygain_track_peak":["0.985321"],"title":["Up in Arms"],"tracknumber":["6"],"tracktotal":["13"]},"version":{"essentia":"2.1-beta1","essentia_build_sha":"46c2b6830b139c2e69ed9f3e0d9145e1b8fbae31","essentia_git_sha":"v2.1_beta1-6-g5578087","extractor":"music 1.0"}},"rhythm":{"beats_count":276,"beats_loudness":{"dmean":0.0122127383947,"dmean2":0.0222557950765,"dvar":0.000107496780402,"dvar2":0.000331825081958,"max":0.072440713644,"mean":0.0334420725703,"median":0.0336980856955,"min":0.00000488177374791,"var":0.000181919560418},"beats_loudness_band_ratio":{"dmean":[0.175123050809,0.107115402818,0.0587424486876,0.0510641634464,0.0603578127921,0.0425183102489],"dmean2":[0.303520530462,0.186422452331,0.106481432915,0.0912282690406,0.107284165919,0.0768475160003],"dvar":[0.0170244630426,0.00899034179747,0.00352020375431,0.0041260542348,0.00586771313101,0.00160506134853],"dvar2":[0.0533591732383,0.02607027255,0.0101407170296,0.0115764634684,0.015821447596,0.00449901912361],"max":[0.974337339401,0.574991881847,0.40