{"lowlevel":{"average_loudness":0.837531626225,"barkbands":{"dmean":[0.00577999884263,0.0110964365304,0.00210222485475,0.000965164741501,0.00199685804546,0.00176785700023,0.000925786735024,0.000704288715497,0.000866842397954,0.00116705824621,0.000687619030941,0.000548167678062,0.00041404060903,0.00029300613096,0.000156713402248,0.0000947059961618,0.0000789908008301,0.0000619274287601,0.000118559561088,0.000109772110591,0.000126687184093,0.000210272497497,0.000139956289786,0.0000209951849683,0.00000192207153304,0.0000423224009864,0.0000918221994652],"dmean2":[0.00940068159252,0.0179954972118,0.00367034366354,0.00164658611175,0.00333084817976,0.00271563627757,0.00148565531708,0.0011217079591,0.00138063367922,0.00189647008665,0.00112085498404,0.000900185608771,0.000695289985742,0.00046609994024,0.000257811072515,0.000150847088662,0.000124801314087,0.0000899142760318,0.000184491480468,0.00017130105698,0.000197778907022,0.000329335889546,0.000216614906094,0.0000322079758917,0.00000319893365486,0.0000657456039335,0.000140735312016],"dvar":[0.000159867864568,0.000522372953128,0.0000267583618552,0.00000420420019509,0.0000298509203276,0.0000261753521045,0.0000138647446875,0.00000599541908741,0.00000769022426539,0.0000172128111444,0.00000345250055034,0.00000108823269329,6.75345916079e-7,3.88112766814e-7,1.27896882418e-7,4.00891728702e-8,2.2894960594e-8,1.49013885675e-8,5.98218932168e-8,5.05188531008e-8,7.10562702011e-8,2.30276654634e-7,9.58019725772e-8,1.88259696721e-9,1.45508674554e-11,8.47783621083e-9,3.68835273434e-8],"dvar2":[0.000399196578655,0.00128040439449,0.0000720082680346,0.0000109899174277,0.0000741977855796,0.0000592090436839,0.0000335774784617,0.00001370105565,0.0000179899543582,0.000043482905312,0.00000915625878406,0.00000283855774796,0.000001882167453,9.50053674842e-7,3.38236645803e-7,9.61862767213e-8,5.20836564988e-8,3.03354497078e-8,1.39320803783e-7,1.21563118682e-7,1.65463873714e-7,5.4518716297e-7,2.13909004287e-7,4.15794376707e-9,3.52496400124e-11,1.94497840056e-8,8.54692174812e-8],"max":[0.127725020051,0.206409424543,0.0521462634206,0.0427023284137,0.0937423035502,0.147899925709,0.101784110069,0.0469251386821,0.110166274011,0.103748448193,0.047317571938,0.019216151908,0.0112758055329,0.00860033556819,0.00459769414738,0.00276115559973,0.00162698980421,0.00144649296999,0.00195833970793,0.00281517324038,0.00294521078467,0.00354666612111,0.00204653572291,0.000347380933817,0.0000445399127784,0.000615905737504,0.0013611309696],"mean":[0.00645682495087,0.0129855312407,0.00177403632551,0.000918888486922,0.00241527892649,0.00257513206452,0.00105120160151,0.000768309051637,0.00108965451363,0.00143492245115,0.000948657921981,0.000884968205355,0.000708215928171,0.000482388655655,0.000222789196414,0.000139220734127,0.000107581392513,0.0000785787779023,0.000121315089928,0.00011484164861,0.000130434869789,0.000185139972018,0.000123233665363,0.0000193057312572,0.0000017418024072,0.0000370288071281,0.0000979134492809],"median":[0.0018823905848,0.0056491731666,0.000363715953426,0.000199462796445,0.000440583622549,0.000490690872539,0.000132631568704,0.000126447383082,0.000134906833409,0.000213195948163,0.000156253692694,0.000255673978245,0.000136077971547,0.0000749064784031,0.0000459162256448,0.0000232283073274,0.000019771992811,0.0000147587134052,0.0000138966661325,0.00000920907405089,0.00000796608492237,0.00000486925364385,0.00000281434472527,0.0000012154768001,3.10338180043e-7,0.00000146404386214,0.0000128097008201],"min":[3.96863851845e-24,1.86566235173e-23,5.77425861565e-23,1.18541875792e-23,2.78318236852e-23,1.00040866132e-22,1.17689792418e-22,8.65683146288e-23,6.55642114515e-23,1.03673261367e-22,3.75240117359e-23,8.0405745859e-23,7.28520745254e-23,7.63887020466e-23,8.16039813979e-23,1.32642164939e-22,1.3844532868e-22,1.8168340074e-22,2.03352904936e-22,4.07660520894e-22,6.88416924855e-22,3.55923311927e-22,4.42080680512e-22,6.04521807399e-22,1.35583687152e-21,1.60874633407e-21,2.66430735361e-21],"var":[0.000160216804943,0.000508892291691,0.0000201908078452,0.00000428869361713,0.0000424257195846,0.0000497479413752,0.0000186325560207,0.00000782522874943,0.0000112143115985,0.0000253434172919,0.00000573239822188,0.00000209383983929,0.00000161241257501,9.67670075624e-7,1.82690598649e-7,7.14361263476e-8,3.77690980713e-8,2.34115749009e-8,6.50271374525e-8,6.51719034295e-8,9.43835800626e-8,2.20268447038e-7,9.71426956653e-8,2.0105128673e-9,1.46928823275e-11,8.36344238309e-9,4.06167366407e-8]},"barkbands_crest":{"dmean":3.41727304459,"dmean2":5.7371673584,"dvar":8.59639358521,"dvar2":24.3619499207,"max":25.3805103302,"mean":12.4745378494,"median":12.0992565155,"min":3.42721366882,"var":20.054517746},"barkbands_flatness_db":{"dmean":0.0443295650184,"dmean2":0.0672814846039,"dvar":0.00159454520326,"dvar2":0.00363905332051,"max":0.482935845852,"mean":0.197829961777,"median":0.189028486609,"min":0.0393734388053,"var":0.00627314811572},"barkbands_kurtosis":{"dmean":10.7761001587,"dmean2":17.7182064056,"dvar":439.459991455,"dvar2":1156.73583984,"max":334.319580078,"mean":13.9734745026,"median":3.24445486069,"min":-1.8511865139,"var":747.284179688},"barkbands_skewness":{"dmean":1.10871624947,"dmean2":1.71373701096,"dvar":1.4553912878,"dvar2":3.59147119522,"max":13.6764507294,"mean":2.34917354584,"median":1.67019224167,"min":-2.29499983788,"var":4.81869268417},"barkbands_spread":{"dmean":7.87433385849,"dmean2":11.9235982895,"dvar":163.844390869,"dvar2":303.774597168,"max":103.550750732,"mean":17.2928619385,"median":12.6300086975,"min":0.327449530363,"var":294.385009766},"dissonance":{"dmean":0.0301541984081,"dmean2":0.049842145294,"dvar":0.000910605478566,"dvar2":0.00235232082196,"max":0.500000059605,"mean":0.453555226326,"median":0.46602755785,"min":0.21098677814,"var":0.00180334795732},"dynamic_complexity":6.88503599167,"erbbands":{"dmean":[0.594629704952,1.72655129433,2.54291629791,2.68171787262,4.32119035721,7.25606775284,12.3225364685,15.2084560394,11.6582145691,14.8167657852,15.2195262909,18.9689006805,33.2096176147,27.5038604736,30.7466602325,18.3446674347,19.8387031555,14.4551897049,9.72589588165,7.45905017853,4.76826143265,4.35515928268,3.40355944633,5.82523584366,5.56956529617,4.55647945404,4.6326751709,5.33191156387,5.28167486191,9.30659103394,4.06887960434,0.851888120174,0.273631989956,0.0311025753617,0.0142225921154,0.0296222195029,0.0851632729173,0.1031267941,0.0122243296355,0.000670612964313],"dmean2":[0.981009542942,2.86786675453,4.34842252731,4.5498957634,7.56637144089,12.0026502609,19.1479644775,23.7628231049,18.7430534363,23.7134284973,23.940574646,30.284614563,53.0839118958,44.6585617065,50.4289588928,29.9326457977,33.3852043152,23.2324447632,15.6810312271,12.0894241333,7.51019191742,6.8393778801,4.98850393295,8.95308303833,8.65228271484,6.96755027771,7.20662641525,8.32095050812,8.11533260345,14.7477731705,6.40041255951,1.32449138165,0.42214640975,0.0496734268963,0.0233787056059,0.0458010919392,0.132624462247,0.161484330893,0.0187215544283,0.000991628388874],"dvar":[1.66809165478,12.5875320435,36.3661270142,31.171163559,173.003616333,449.855407715,1261.70129395,2521.26928711,2558.73095703,2813.0559082,2427.40478516,3272.09838867,17681.9863281,4774.77880859,6205.03369141,1059.18078613,1604.4185791,857.946533203,530.506347656,337.846008301,101.050598145,67.0007247925,43.2935638428,144.618011475,128.673324585,83.3492279053,96.4954299927,134.245269775,133.932006836,478.07409668,86.7947845459,3.3135304451,0.319279938936,0.00281409919262,0.000739681883715,0.00315627572127,0.0342809893191,0.0547357462347,0.000638040946797,0.00000152297639033],"dvar2":[4.33521032333,31.5454158783,96.5255126953,79.6348571777,488.965026855,1065.01928711,2914.6418457,5712.71923828,6394.93505859,6536.37255859,5130.36767578,7709.87939453,43352.6328125,12701.3320312,16678.3261719,2714.37182617,4530.26269531,2200.65332031,1328.43701172,847.539733887,245.460571289,149.652206421,90.1697769165,328.770843506,305.088287354,195.934295654,220.067153931,315.379882812,304.477630615,1143.01318359,204.117904663,7.40306806564,0.722367584705,0.00635079806671,0.00177165085915,0.00700750993565,0.0775384530425,0.127510786057,0.00145592051558,0.0000034090464851],"max":[11.8199472427,28.627872467,52.9187011719,115.797912598,184.185043335,410.166595459,977.752624512,1577.64160156,1589.94458008,1836.27746582,1153.3079834,1954.52355957,3273.74584961,1413.72888184,2245.20825195,452.563140869,534.901184082,388.697784424,391.167022705,246.040130615,135.855041504,88.2763442993,63.8606529236,96.7329101562,87.6677780151,121.17477417,196.893417358,100.827804565,112.118484497,157.440948486,65.8667297363,11.2805929184,4.67683410645,0.625768244267,0.348895967007,0.504443883896,1.22676372528,1.64606058598,0.19276124239,0.0112665323541],"mean":[0.680033266544,1.74182057381,2.2916662693,2.69083356857,4.12269687653,8.67076587677,18.1407585144,21.4068164825,14.6000261307,16.4287624359,18.7769203186,24.6684131622,40.792842865,38.1127815247,44.99451828,33.9969940186,35.533241272,26.0899925232,15.9038038254,10.3737249374,7.27719783783,6.11963558197,4.39048814774,6.06631803513,5.77732419968,5.00839185715,5.08658313751,5.1760430336,5.02384138107,7.71576309204,3.41620779037,0.762774169445,0.247090220451,0.0304662957788,0.0133257871494,0.0277866329998,0.0752853453159,0.0895233899355,0.0127541702241,0.00102140672971],"median":[0.285005569458,0.676567435265,0.599520146847,0.696993410587,0.737556517124,1.3469632864,3.35150647163,3.68695902824,2.33593845367,2.242821455,3.51047801971,3.26694369316,4.50540876389,9.31968975067,8.82355213165,11.6869678497,7.38390016556,4.73755741119,3.32949233055,1.97382068634,1.32640624046,1.13165450096,0.883025825024,0.769874036312,0.634437322617,0.436678856611,0.346559822559,0.263894051313,0.177255526185,0.121194936335,0.0727655589581,0.0335568040609,0.017840815708,0.00590180885047,0.00277613196522,0.0030309620779,0.00282153254375,0.00219648447819,0.00093421904603,0.000337045785272],"min":[5.93042909351e-22,4.63620677728e-21,4.96522400515e-20,7.01579311144e-20,1.23912891685e-20,1.11265550535e-19,3.24938542445e-19,9.42445645973e-19,1.83636453452e-18,1.33666989635e-18,2.15477757835e-18,1.78888912364e-18,2.15855448503e-18,3.54535855754e-18,1.95682684712e-18,3.2299407347e-18,2.86605322989e-18,4.49756297019e-18,4.69134491793e-18,4.00353762114e-18,8.60955637734e-18,7.70615851597e-18,8.37043748741e-18,1.21782079273e-17,1.46850714179e-17,1.77269950334e-17,2.5185381523e-17,2.2974526269e-17,1.24867214804e-17,1.46786756574e-17,1.34912628512e-17,1.06891215245e-17,1.08845313637e-17,1.49593711265e-17,9.17434950933e-18,5.36073710632e-18,3.41398552586e-18,1.21566526346e-18,3.90231837302e-19,4.06718664896e-20],"var":[1.48537695408,11.2856664658,27.7652759552,33.5128364563,138.180328369,702.294555664,2221.72705078,4536.51904297,3389.36938477,3600.45532227,3845.88769531,4903.29443359,26375.3945312,7191.13623047,9817.88964844,2605.02514648,4071.94555664,2361.83056641,1093.01904297,452.828857422,186.303207397,115.367683411,67.769241333,165.856201172,140.817825317,122.309104919,172.216339111,146.562576294,145.609848022,431.071929932,80.7042388916,3.38369417191,0.330122977495,0.00325848255306,0.000771379913203,0.00345457391813,0.0342166498303,0.0524060875177,0.000793142942712,0.00000241159591496]},"erbbands_crest":{"dmean":3.47766399384,"dmean2":5.64474868774,"dvar":10.6396055222,"dvar2":25.7896194458,"max":30.9299182892,"mean":10.1982841492,"median":9.25058746338,"min":2.27842259407,"var":23.2264785767},"erbbands_flatness_db":{"dmean":0.0371350571513,"dmean2":0.0546547435224,"dvar":0.00106044916902,"dvar2":0.00215423386544,"max":0.449456751347,"mean":0.174900725484,"median":0.173849537969,"min":0.0354404971004,"var":0.00395704619586},"erbbands_kurtosis":{"dmean":1.8807309866,"dmean2":3.06273937225,"dvar":6.83606243134,"dvar2":17.1216220856,"max":37.506729126,"mean":1.58095419407,"median":0.593167543411,"min":-1.72407627106,"var":10.0682353973},"erbbands_skewness":{"dmean":0.570374965668,"dmean2":0.897087216377,"dvar":0.296530693769,"dvar2":0.688606500626,"max":4.4303278923,"mean":0.106581538916,"median":0.0864832922816,"min":-3.87069535255,"var":0.818389713764},"erbbands_spread":{"dmean":11.1670894623,"dmean2":16.9209194183,"dvar":172.000137329,"dvar2":363.826263428,"max":137.42086792,"mean":28.2446460724,"median":22.0981960297,"min":1.39928531647,"var":382.567687988},"gfcc":{"cov":[[26938.0175781,-1986.26855469,-1073.14221191,160.216934204,-747.70513916,-323.905975342,453.196624756,-588.844177246,111.657730103,-283.695007324,-387.61428833,141.299606323,-449.208129883],[-1986.26855469,2353.21484375,-81.9204330444,-871.010864258,193.316192627,-51.0751037598,-245.383255005,35.9211235046,-80.2069015503,41.7567939758,142.597549438,-184.555419922,349.495666504],[-1073.14221191,-81.9204330444,648.186218262,360.331573486,-142.14175415,78.7940139771,-63.4021034241,155.025756836,-21.4895782471,77.6854629517,9.1368598938,38.6735115051,-57.2429885864],[160.216934204,-871.010864258,360.331573486,744.090148926,71.2500610352,42.4938583374,199.893615723,44.1201820374,94.4834289551,16.9248600006,-34.8082962036,92.4934234619,-198.030853271],[-747.70513916,193.316192627,-142.14175415,71.2500610352,370.250701904,99.250579834,100.224960327,6.63110494614,37.9025802612,-9.43341636658,31.0412883759,-41.2633705139,35.4856643677],[-323.905975342,-51.0751037598,78.7940139771,42.4938583374,99.250579834,232.878173828,47.2426757812,79.7789306641,-43.1177215576,18.5822372437,-11.0149822235,-22.7817726135,8.36480712891],[453.196624756,-245.383255005,-63.4021034241,199.893615723,100.224960327,47.2426757812,328.305206299,-5.20326948166,88.7726211548,-23.3136253357,-33.4848442078,5.16221761703,-77.8650054932],[-588.844177246,35.9211235046,155.025756836,44.1201820374,6.63110494614,79.7789306641,-5.20326948166,192.193527222,8.22855949402,41.2772407532,-0.083109498024,-36.296836853,20.989900589],[111.657730103,-80.2069015503,-21.4895782471,94.4834289551,37.9025802612,-43.1177215576,88.7726211548,8.22855949402,144.990905762,51.2907714844,10.7106084824,4.99505376816,-53.6082496643],[-283.695007324,41.7567939758,77.6854629517,16.9248600006,-9.43341636658,18.5822372437,-23.3136253357,41.2772407532,51.2907714844,130.503112793,63.2128181458,-7.18630743027,10.6549520493],[-387.61428833,142.597549438,9.1368598938,-34.8082962036,31.0412883759,-11.0149822235,-33.4848442078,-0.083109498024,10.7106084824,63.2128181458,101.555541992,39.6802864075,37.1409568787],[141.299606323,-184.555419922,38.6735115051,92.4934234619,-41.2633705139,-22.7817726135,5.16221761703,-36.296836853,4.99505376816,-7.18630743027,39.6802864075,109.026542664,3.13424539566],[-449.208129883,349.495666504,-57.2429885864,-198.030853271,35.4856643677,8.36480712891,-77.8650054932,20.989900589,-53.6082496643,10.6549520493,37.1409568787,3.13424539566,160.977127075]],"icov":[[0.0000688556901878,-0.000283402128844,0.000851023709401,-0.00100061669946,0.00104177754838,-0.00062677077949,0.000229031371418,0.0000813035512692,-0.000238537424593,0.000338127458235,-0.000325221801177,0.000416421389673,-0.000252671190538],[-0.000283402128844,0.00573350535706,-0.012167035602,0.015172066167,-0.0132678626105,0.0086360219866,-0.00398039910942,0.000997488154098,0.0014946636511,-0.00249020196497,0.00257346406579,-0.0023953942582,0.00163509708364],[0.000851023709401,-0.012167035602,0.0332203730941,-0.0406957939267,0.0375056900084,-0.0243032537401,0.011468029581,-0.0016133635072,-0.00773120578378,0.0129538075998,-0.0168353747576,0.0167178008705,-0.0105802034959],[-0.00100061669946,0.015172066167,-0.0406957939267,0.0578886531293,-0.0539330504835,0.0356027185917,-0.0161417722702,-0.00393615895882,0.0182481184602,-0.0293840132654,0.0355858318508,-0.0376370027661,0.024298613891],[0.00104177754838,-0.0132678626105,0.0375056900084,-0.0539330504835,0.0571809671819,-0.0379107259214,0.0143521074206,0.00639657350257,-0.0239668805152,0.0363517999649,-0.0434719212353,0.0439037978649,-0.0270369183272],[-0.00062677077949,0.0086360219866,-0.0243032537401,0.0356027185917,-0.0379107259214,0.0319855473936,-0.0117632476613,-0.0070355348289,0.0211310349405,-0.0281115844846,0.0312761589885,-0.0303478445858,0.0188518930227],[0.000229031371418,-0.00398039910942,0.011468029581,-0.0161417722702,0.0143521074206,-0.0117632476613,0.00967705249786,0.00131630105898,-0.00903109833598,0.0105558866635,-0.0100439386442,0.010486680083,-0.00613473402336],[0.0000813035512692,0.000997488154098,-0.0016133635072,-0.00393615895882,0.00639657350257,-0.0070355348289,0.00131630105898,0.0126000549644,-0.0100024417043,0.0111057516187,-0.0130572589114,0.0168305039406,-0.0107865175232],[-0.000238537424593,0.0014946636511,-0.00773120578378,0.0182481184602,-0.0239668805152,0.0211310349405,-0.00903109833598,-0.0100024417043,0.0332056879997,-0.0352223478258,0.0339423343539,-0.0343183502555,0.0231360308826],[0.000338127458235,-0.00249020196497,0.0129538075998,-0.0293840132654,0.0363517999649,-0.0281115844846,0.0105558866635,0.0111057516187,-0.0352223478258,0.0589073374867,-0.0603081546724,0.0550943985581,-0.0308730620891],[-0.000325221801177,0.00257346406579,-0.0168353747576,0.0355858318508,-0.0434719212353,0.0312761589885,-0.0100439386442,-0.0130572589114,0.0339423343539,-0.0603081546724,0.0805013105273,-0.0690397024155,0.0341635495424],[0.000416421389673,-0.0023953942582,0.0167178008705,-0.0376370027661,0.0439037978649,-0.0303478445858,0.010486680083,0.0168305039406,-0.0343183502555,0.0550943985581,-0.0690397024155,0.077435657382,-0.0398701019585],[-0.000252671190538,0.00163509708364,-0.0105802034959,0.024298613891,-0.0270369183272,0.0188518930227,-0.00613473402336,-0.0107865175232,0.0231360308826,-0.0308730620891,0.0341635495424,-0.0398701019585,0.0341480672359]],"mean":[-88.0931015015,114.282928467,-91.1717453003,5.01656246185,-23.7650814056,6.65296173096,0.382735520601,-11.4671049118,-5.40251350403,0.75877392292,-0.634694933891,9.82973098755,-7.07404565811]},"hfc":{"dmean":9.47519302368,"dmean2":14.2949829102,"dvar":231.539199829,"dvar2":529.737304688,"max":143.313720703,"mean":16.9311599731,"median":8.78339576721,"min":1.21085186225e-16,"var":433.815765381},"melbands":{"dmean":[0.00419191503897,0.00155713723507,0.000501598697156,0.000406024424592,0.000412252440583,0.000329913047608,0.000181824856554,0.000162580123288,0.000127301900648,0.00012209462875,0.000171373496414,0.000118440511869,0.0000993445428321,0.0000758262831368,0.0000402649493481,0.000038236448745,0.000028059399483,0.0000182127696462,0.0000104946557258,0.00000792231367086,0.00000573628130951,0.00000484813563162,0.00000346610545421,0.00000300468741443,0.00000507112326886,0.00000460761202703,0.00000398145402869,0.0000028313072562,0.00000296338907901,0.0000025858371373,0.00000351454764314,0.00000304491550196,0.00000361228831025,0.00000504548188474,0.00000262001731244,0.00000100523675428,3.40434667123e-7,2.32844527659e-7,5.09573609975e-8,1.77023871117e-8],"dmean2":[0.00670778285712,0.00260682590306,0.000839466985781,0.000693828740623,0.000639864651021,0.000510532117914,0.000290167634375,0.000258219835814,0.00020213908283,0.000195630767848,0.000274622027064,0.000193502346519,0.000162533877301,0.000124145852169,0.0000678278229316,0.000063222971221,0.0000451418527518,0.0000293598022836,0.0000173142634594,0.0000125377955555,0.00000926338816498,0.00000773497231421,0.00000538329641131,0.000004424369763,0.00000788701163401,0.00000713433246347,0.00000637580978946,0.00000436847039964,0.00000465223820356,0.00000403331887355,0.00000558289957553,0.00000463502465209,0.00000575492458665,0.00000798168639449,0.00000414672786064,0.00000160328704624,5.20263427006e-7,3.62067964943e-7,8.03424455853e-8,2.94619812991e-8],"dvar":[0.0000768330210121,0.0000102277736005,0.00000109563143269,0.00000133805042424,0.0000013249764379,0.00000106878258066,5.70224756302e-7,3.08496737489e-7,1.39096172802e-7,1.54050241008e-7,4.74135276818e-7,1.0231226355e-7,7.28137550254e-8,2.18295337362e-8,5.22119547597e-9,5.82777914815e-9,3.45888473419e-9,2.10115969068e-9,6.24246709879e-10,3.3265862287e-10,1.54467369451e-10,8.74920483285e-11,4.33887509255e-11,3.57872585732e-11,1.13363290977e-10,8.66530180943e-11,7.0802017027e-11,3.32129983238e-11,4.39490006887e-11,2.85618594748e-11,6.44430134256e-11,4.52381465621e-11,6.83672771173e-11,1.40400677195e-10,3.6812514842e-11,5.1390974809e-12,5.11995990309e-13,2.46010975263e-13,8.58123319039e-15,1.23704736199e-15],"dvar2":[0.000188985985005,0.0000258085437963,0.00000280545668829,0.00000360377816833,0.00000299757039102,0.00000242136411543,0.00000141081989113,7.22999971003e-7,2.93929730333e-7,3.633611243e-7,0.00000116290152619,2.72892208386e-7,1.95931207259e-7,5.69712881315e-8,1.49541374839e-8,1.51563419593e-8,8.72689476239e-9,5.14050979561e-9,1.66643077115e-9,7.83055786879e-10,3.90386861726e-10,1.98391802986e-10,9.77265629531e-11,7.54351303645e-11,2.61526439393e-10,2.04464820075e-10,1.75116629531e-10,7.82517661779e-11,1.01356617543e-10,6.59075363729e-11,1.55297857907e-10,1.02033242966e-10,1.62001675963e-10,3.35008659702e-10,8.79893657935e-11,1.19994760656e-11,1.14450246155e-12,5.67214461164e-13,1.93083413434e-14,3.00038530499e-15],"max":[0.0834143906832,0.0260846726596,0.0165832061321,0.0169479325414,0.0259383171797,0.0322415754199,0.0227081421763,0.0173717606813,0.0079449582845,0.0161186475307,0.0172015894204,0.00635380903259,0.0072324341163,0.00262334872968,0.00108350324444,0.00112297525629,0.000721586402506,0.00088249676628,0.000364103732863,0.000243165108259,0.000176149784238,0.000103459256934,0.0000654733885312,0.0000681603487465,0.000090591958724,0.0000618213962298,0.0000651707377983,0.0000868046336109,0.000161559481057,0.0000627781482763,0.000076553755207,0.0000902957472135,0.0000673101021675,0.0000842561785248,0.0000409842868976,0.0000153538239829,0.00000511534244652,0.00000458074509879,7.71575230374e-7,3.96192660901e-7],"mean":[0.00505811069161,0.00155750941485,0.000508761440869,0.000428877130616,0.000611009134445,0.00047278177226,0.000222189628403,0.000176698551513,0.000157833448611,0.000154163251864,0.000205853531952,0.000155661211465,0.000140938092954,0.000121260200103,0.0000701024036971,0.0000707309518475,0.000045551743824,0.0000278180996247,0.0000148588824231,0.0000108754866233,0.00000815005205368,0.00000663734044792,0.0000043206528062,0.00000372985778085,0.00000507642334924,0.00000469202950626,0.00000393026721213,0.00000310872565024,0.00000322541472997,0.00000274829585578,0.00000321104653267,0.00000292315098704,0.00000317051353704,0.00000415885278926,0.00000216010766962,8.65300364694e-7,3.07300268787e-7,2.06690444315e-7,4.84408104739e-8,1.60500182034e-8],"median":[0.0021591372788,0.000527682190295,0.000127458624775,0.0000676933850627,0.00011403283861,0.0000879448343767,0.0000330836119247,0.000023292579499,0.0000278425795841,0.0000191430171981,0.0000195260618057,0.0000355318843503,0.0000255222894339,0.0000292882486974,0.0000217076667468,0.0000124644457173,0.00000776614160714,0.0000049214208957,0.00000316506657327,0.00000172718580416,0.00000132824663979,0.00000114660838335,7.89582770722e-7,7.13385873041e-7,5.8660407376e-7,5.10120230501e-7,3.47240359133e-7,2.5389874736e-7,2.08089332432e-7,1.80044906983e-7,1.36133621709e-7,1.00186952068e-7,7.26564906017e-8,6.24822078521e-8,4.46694059519e-8,2.67053010816e-8,1.6689210014e-8,1.29536239513e-8,6.90040069529e-9,2.87114865216e-9],"min":[5.0304831622e-24,1.99231128794e-23,1.03772427494e-23,3.04873815332e-24,1.09630587462e-23,2.20367978329e-23,2.78060468663e-23,1.53766282259e-23,1.54583479048e-23,1.13851072191e-23,1.01554434619e-23,1.43870006425e-23,5.09274558687e-24,1.10024891697e-23,4.60378593198e-24,9.13961070812e-24,7.30638079478e-24,7.03423877084e-24,5.25723057978e-24,6.83019279795e-24,1.10307635223e-23,7.30705527085e-24,8.77987751356e-24,7.60179894859e-24,1.02751736146e-23,7.97114362442e-24,1.4071129692e-23,1.12535039209e-23,1.24618447679e-23,2.00307024628e-23,1.03601299898e-23,6.49528150621e-24,7.22491197366e-24,8.72223465836e-24,8.78626570917e-24,4.72085210146e-24,7.38910232702e-24,6.04897477161e-24,1.19389214956e-23,1.2956588351e-23],"var":[0.0000767857127357,0.0000089124778242,0.00000116011187856,0.00000143345471315,0.0000024512823984,0.00000198733755497,7.74923705649e-7,3.86239889849e-7,2.41390296196e-7,2.19178232896e-7,7.04776255134e-7,1.42150327065e-7,1.16257851346e-7,4.24851975822e-8,1.19071916771e-8,1.65491123028e-8,8.09252398426e-9,4.13399092736e-9,8.2831075332e-10,5.08970088298e-10,2.54335247307e-10,1.44933717805e-10,6.40458103218e-11,5.2463110245e-11,1.25092047831e-10,9.33616725596e-11,7.41232838997e-11,4.99433723544e-11,8.00306210191e-11,4.14604531263e-11,6.22099732839e-11,5.0002231522e-11,6.46910094937e-11,1.26878563211e-10,3.34035160643e-11,4.81149538614e-12,5.36443285626e-13,2.45750522796e-13,9.44687460447e-15,1.2473008017e-15]},"melbands_crest":{"dmean":5.5181479454,"dmean2":8.92146396637,"dvar":21.8868541718,"dvar2":56.2029953003,"max":39.2018547058,"mean":21.9803409576,"median":21.4928970337,"min":2.66315340996,"var":66.9335174561},"melbands_flatness_db":{"dmean":0.0530694462359,"dmean2":0.079454049468,"dvar":0.00222959020175,"dvar2":0.00486836442724,"max":0.628964245319,"mean":0.305984139442,"median":0.297067701817,"min":0.00774910207838,"var":0.00914684310555},"melbands_kurtosis":{"dmean":22.8477935791,"dmean2":38.0648498535,"dvar":2522.96850586,"dvar2":6906.47314453,"max":1105.55786133,"mean":29.2589435577,"median":7.8133649826,"min":-1.8144248724,"var":3234.18994141},"melbands_skewness":{"dmean":1.5422898531,"dmean2":2.40691828728,"dvar":3.38043022156,"dvar2":8.60482025146,"max":23.5074539185,"mean":3.48828744888,"median":2.52215433121,"min":-1.91756415367,"var":9.42521381378},"melbands_spread":{"dmean":7.63684606552,"dmean2":11.9638595581,"dvar":179.557159424,"dvar2":431.782897949,"max":163.219436646,"mean":16.3915252686,"median":12.2442951202,"min":0.10238122195,"var":262.630493164},"mfcc":{"cov":[[18454.8691406,304.065826416,-1699.17041016,779.343688965,-1315.68933105,692.37677002,-551.192443848,464.877960205,-457.510803223,296.290496826,-292.371368408,-76.2591552734,-354.464904785],[304.065826416,2793.92675781,-278.064056396,-690.560302734,147.405502319,-276.834991455,86.9870605469,-358.702362061,87.7492370605,-200.352035522,-17.2257881165,-67.1173095703,43.3971214294],[-1699.17041016,-278.064056396,848.549072266,168.752487183,89.1458892822,-88.0297470093,10.5771846771,12.4634990692,-3.77811741829,28.0529975891,79.0507965088,9.98666477203,36.3074188232],[779.343688965,-690.560302734,168.752487183,589.387207031,-51.9479942322,153.184265137,-30.6263961792,179.378189087,-30.7795696259,119.368728638,48.852191925,45.8274841309,12.2012462616],[-1315.68933105,147.405502319,89.1458892822,-51.9479942322,346.794494629,-18.5957889557,98.5773849487,-44.7956314087,61.2676391602,-35.7342834473,25.2832279205,28.6238536835,67.7688980103],[692.37677002,-276.834991455,-88.0297470093,153.184265137,-18.5957889557,247.431182861,61.6051063538,106.13684845,-6.68947124481,66.2519989014,3.00503468513,25.9951610565,-3.39500951767],[-551.192443848,86.9870605469,10.5771846771,-30.6263961792,98.5773849487,61.6051063538,203.82975769,47.3108711243,85.1481628418,5.51987171173,10.805021286,9.95203018188,34.0511627197],[464.877960205,-358.702362061,12.4634990692,179.378189087,-44.7956314087,106.13684845,47.3108711243,205.15713501,24.619682312,61.959022522,-14.0960798264,3.11648225784,-5.29886198044],[-457.510803223,87.7492370605,-3.77811741829,-30.7795696259,61.2676391602,-6.68947124481,85.1481628418,24.619682312,147.252365112,42.9466552734,24.9242763519,-1.77048516273,11.7426309586],[296.290496826,-200.352035522,28.0529975891,119.368728638,-35.7342834473,66.2519989014,5.51987171173,61.959022522,42.9466552734,137.510986328,67.9910049438,21.419921875,-11.6148900986],[-292.371368408,-17.2257881165,79.0507965088,48.852191925,25.2832279205,3.00503468513,10.805021286,-14.0960798264,24.9242763519,67.9910049438,118.603797913,45.0132675171,14.8859977722],[-76.2591552734,-67.1173095703,9.98666477203,45.8274841309,28.6238536835,25.9951610565,9.95203018188,3.11648225784,-1.77048516273,21.419921875,45.0132675171,78.3062057495,35.2214698792],[-354.464904785,43.3971214294,36.3074188232,12.2012462616,67.7688980103,-3.39500951767,34.0511627197,-5.29886198044,11.7426309586,-11.6148900986,14.8859977722,35.2214698792,81.4097137451]],"icov":[[0.000151113301399,-0.000164858138305,0.00021266596741,-0.000222795977606,0.000294056662824,-0.00020333979046,0.000225761454203,-0.000212690400076,0.000335492833983,-0.000412017980125,0.000391552282963,-0.000149840649101,0.000208905359614],[-0.000164858138305,0.000794340274297,-0.0000533002385055,0.000568519521039,-0.000252975005424,0.00041259691352,-0.000549133052118,0.00086212658789,-0.00061554973945,0.000840426946525,-0.000834667414892,0.000706197868567,-0.000633306161035],[0.00021266596741,-0.0000533002385055,0.00193735479843,-0.000863657682203,0.0000346527667716,0.000904304964934,-0.000268946809229,-0.000340583617799,0.00110634393059,-0.000616250094026,-0.000618319259956,0.000770631770138,-0.000148870618432],[-0.000222795977606,0.000568519521039,-0.000863657682203,0.00389327458106,-0.000517915526871,-0.000900566752534,0.000996956019662,-0.00176411215216,0.0000939461097005,-0.000348781730281,-0.00131452654023,0.0000388923763239,-0.00144947436638],[0.000294056662824,-0.000252975005424,0.0000346527667716,-0.000517915526871,0.00498629501089,-0.000781374925282,-0.000843439018354,0.000831407087389,-0.000982284895144,0.000968087697402,0.000151075888425,-0.000712845474482,-0.00173853081651],[-0.00020333979046,0.00041259691352,0.000904304964934,-0.000900566752534,-0.000781374925282,0.00839673262089,-0.00409004418179,-0.000869527284522,0.00282083218917,-0.0032770219259,0.00132129399572,-0.00155660696328,0.00083855894627],[0.000225761454203,-0.000549133052118,-0.000268946809229,0.000996956019662,-0.000843439018354,-0.00409004418179,0.0104185817763,-0.00311366305687,-0.0044730072841,0.0023984964937,-0.00113789970055,0.000343568593962,-0.00173583219294],[-0.000212690400076,0.00086212658789,-0.000340583617799,-0.00176411215216,0.000831407087389,-0.000869527284522,-0.00311366305687,0.0108366329223,-0.00191216601525,-0.00201155757532,0.00348175340332,0.000266176561126,-0.00045301229693],[0.000335492833983,-0.00061554973945,0.00110634393059,0.0000939461097005,-0.000982284895144,0.00282083218917,-0.0044730072841,-0.00191216601525,0.0136979166418,-0.00758405355737,0.0012464983156,0.00128294341266,0.000122376412037],[-0.000412017980125,0.000840426946525,-0.000616250094026,-0.000348781730281,0.000968087697402,-0.0032770219259,0.0023984964937,-0.00201155757532,-0.00758405355737,0.0206112656742,-0.011877477169,0.00140665029176,0.00160629232414],[0.000391552282963,-0.000834667414892,-0.000618319259956,-0.00131452654023,0.000151075888425,0.00132129399572,-0.00113789970055,0.00348175340332,0.0012464983156,-0.011877477169,0.0205249134451,-0.00922238919884,0.00161707226653],[-0.000149840649101,0.000706197868567,0.000770631770138,0.0000388923763239,-0.000712845474482,-0.00155660696328,0.000343568593962,0.000266176561126,0.00128294341266,0.00140665029176,-0.00922238919884,0.0229090470821,-0.00918577983975],[0.000208905359614,-0.000633306161035,-0.000148870618432,-0.00144947436638,-0.00173853081651,0.00083855894627,-0.00173583219294,-0.00045301229693,0.000122376412037,0.00160629232414,0.00161707226653,-0.00918577983975,0.0198831371963]],"mean":[-738.882568359,159.022323608,-0.145121619105,18.6021347046,-1.75200092793,26.005777359,8.04268169403,12.210351944,-2.32800102234,4.48791217804,2.15038061142,5.9680480957,5.176633358]},"pitch_salience":{"dmean":0.110108450055,"dmean2":0.179647535086,"dvar":0.00976165942848,"dvar2":0.0257578007877,"max":0.821316123009,"mean":0.43553173542,"median":0.451813668013,"min":0.0444771051407,"var":0.0238674134016},"silence_rate_20dB":{"dmean":0,"dmean2":0,"dvar":0,"dvar2":0,"max":1,"mean":1,"median":1,"min":1,"var":0},"silence_rate_30dB":{"dmean":0.076995305717,"dmean2":0.154014706612,"dvar":0.0710644051433,"dvar2":0.159417793155,"max":1,"mean":0.933187305927,"median":1,"min":0,"var":0.0623464770615},"silence_rate_60dB":{"dmean":0.021596243605,"dmean2":0.0431992486119,"dvar":0.0211307145655,"dvar2":0.0494725592434,"max":1,"mean":0.173212334514,"median":0,"min":0,"var":0.143207460642},"spectral_centroid":{"dmean":331.058410645,"dmean2":470.909332275,"dvar":260986.171875,"dvar2":419649.15625,"max":10832.0908203,"mean":1063.49523926,"median":820.563293457,"min":153.326889038,"var":595605.125},"spectral_complexity":{"dmean":4.15242576599,"dmean2":6.15244960785,"dvar":31.101606369,"dvar2":63.3029098511,"max":58,"mean":13.2614612579,"median":12,"min":0,"var":121.244018555},"spectral_contrast_coeffs":{"dmean":[0.0556953959167,0.0542425699532,0.0424133390188,0.0334542766213,0.0305778067559,0.0475800186396],"dmean2":[0.0900732278824,0.0870108529925,0.0690626427531,0.0545964501798,0.0489199012518,0.0710101276636],"dvar":[0.00230084056966,0.00201202533208,0.00115466874558,0.000762113253586,0.000720208219718,0.00215079728514],"dvar2":[0.005919566378,0.00503719877452,0.00299120903946,0.00195661350153,0.00186556170229,0.00417105760425],"max":[-0.350442647934,-0.444077163935,-0.517659008503,-0.575739979744,-0.646229326725,-0.404620677233],"mean":[-0.745283603668,-0.76728785038,-0.796983778477,-0.806201994419,-0.836280763149,-0.757058084011],"median":[-0.759779691696,-0.775267839432,-0.803089976311,-0.807692706585,-0.830781638622,-0.770350754261],"min":[-0.958499014378,-0.974241375923,-0.959743380547,-0.971580326557,-0.970661342144,-0.960394740105],"var":[0.00865078996867,0.0077171199955,0.00433635525405,0.00309886503965,0.00213708961383,0.00804384052753]},"spectral_contrast_valleys":{"dmean":[0.443782359362,0.497566282749,0.428081721067,0.419491589069,0.620771944523,0.830127358437],"dmean2":[0.702533185482,0.790419757366,0.670929253101,0.632898032665,0.840452313423,1.24871408939],"dvar":[0.183757290244,0.255927622318,0.228013008833,0.234264060855,0.390136152506,0.494481801987],"dvar2":[0.360898643732,0.556401669979,0.479005157948,0.467929750681,0.730714857578,1.15355062485],"max":[-4.95901441574,-4.17601776123,-4.95598077774,-5.6201338768,-5.8497838974,-8.97202682495],"mean":[-7.28329467773,-7.25068759918,-7.54495191574,-8.25752925873,-8.64255428314,-11.699634552],"median":[-6.9203081131,-6.9240899086,-7.15713644028,-7.9110121727,-8.30784797668,-11.4050693512],"min":[-27.1060085297,-27.1701908112,-27.2124595642,-27.0540008545,-27.2040233612,-27.2678813934],"var":[2.10882282257,2.41470074654,2.69469475746,2.63586163521,2.96011090279,2.64294791222]},"spectral_decrease":{"dmean":4.99279684263e-9,"dmean2":7.45319272966e-9,"dvar":6.51360726377e-17,"dvar2":1.41827381977e-16,"max":1.04169193275e-28,"mean":-9.10659281317e-9,"median":-5.62946089744e-9,"min":-7.91439447312e-8,"var":1.11434529575e-16},"spectral_energy":{"dmean":0.0194278582931,"dmean2":0.0288721416146,"dvar":0.000956636737101,"dvar2":0.00207584863529,"max":0.303332060575,"mean":0.035905983299,"median":0.0224907491356,"min":1.05896162851e-20,"var":0.00168072851375},"spectral_energyband_high":{"dmean":0.000666029402055,"dmean2":0.00102771411184,"dvar":0.00000202244723368,"dvar2":0.00000462826301373,"max":0.0103825572878,"mean":0.00064439792186,"median":0.0000387567924918,"min":7.65016777829e-21,"var":0.00000218504533223},"spectral_energyband_low":{"dmean":0.0152929620817,"dmean2":0.0234962385148,"dvar":0.000837355852127,"dvar2":0.00189544528257,"max":0.278952479362,"mean":0.0202196463943,"median":0.00935814529657,"min":9.11637260135e-23,"var":0.00100598100107},"spectral_energyband_middle_high":{"dmean":0.00235411385074,"dmean2":0.0037197296042,"dvar":0.0000219623016164,"dvar2":0.0000553325335204,"max":0.103787101805,"mean":0.00500226020813,"median":0.00187506107613,"min":1.30710823921e-21,"var":0.0000569481562707},"spectral_energyband_middle_low":{"dmean":0.00535613903776,"dmean2":0.00840190239251,"dvar":0.000101464116597,"dvar2":0.000240723034949,"max":0.166160181165,"mean":0.00929327309132,"median":0.00330737605691,"min":4.40416423815e-22,"var":0.000240442604991},"spectral_entropy":{"dmean":0.316665530205,"dmean2":0.456898033619,"dvar":0.0963306576014,"dvar2":0.1800801754,"max":9.80134105682,"mean":7.30037927628,"median":7.32282209396,"min":5.19346046448,"var":0.35018247366},"spectral_flux":{"dmean":0.0363909378648,"dmean2":0.0545347481966,"dvar":0.00196723314002,"dvar2":0.00362665671855,"max":0.429069936275,"mean":0.102212615311,"median":0.0862763077021,"min":1.02905864385e-10,"var":0.0064084501937},"spectral_kurtosis":{"dmean":6.61334896088,"dmean2":10.2784318924,"dvar":92.1294631958,"dvar2":227.360595703,"max":154.725524902,"mean":14.6300134659,"median":11.3584794998,"min":-1.21537148952,"var":166.454803467},"spectral_rms":{"dmean":0.00135176733602,"dmean2":0.00193652627058,"dvar":0.00000271398789664,"dvar2":0.00000537739788342,"max":0.0172027237713,"mean":0.00498664891347,"median":0.00468424940482,"min":3.21423898782e-12,"var":0.0000101635969258},"spectral_rolloff":{"dmean":466.301208496,"dmean2":799.413818359,"dvar":1190175.375,"dvar2":2529510.75,"max":19229.1503906,"mean":850.157409668,"median":581.396484375,"min":21.533203125,"var":1335978.875},"spectral_skewness":{"dmean":0.576077640057,"dmean2":0.833891451359,"dvar":0.401734113693,"dvar2":0.84182292223,"max":9.69283866882,"mean":2.53260660172,"median":2.46015429497,"min":0.0101077761501,"var":1.26652491093},"spectral_spread":{"dmean":823189.6875,"dmean2":1231990.75,"dvar":809991995392,"dvar2":1420751142910,"max":41913716,"mean":3520248.25,"median":3311742.25,"min":701222.75,"var":2019204530180},"spectral_strongpeak":{"dmean":0.389909625053,"dmean2":0.673717677593,"dvar":0.593267500401,"dvar2":1.51776051521,"max":9.88125610352,"mean":0.455096036196,"median":0.141819626093,"min":0,"var":0.783087432384},"zerocrossingrate":{"dmean":0.00964175909758,"dmean2":0.0115918079391,"dvar":0.000201580260182,"dvar2":0.000261285225861,"max":0.49462890625,"mean":0.0301761012524,"median":0.02587890625,"min":0.0009765625,"var":0.000579768384341}},"metadata":{"audio_properties":{"analysis_sample_rate":44100,"bit_rate":132442,"codec":"mp3","downmix":"mix","equal_loudness":0,"length":148.37550354,"lossless":false,"md5_encoded":"b6ec8472236d6296af4ad842019ffa95","replay_gain":-13.2477493286,"sample_rate":44100},"tags":{"album":["Rebirth of a Nation (feat. Paris)"],"albumartist":["Public Enemy"],"albumartistsort":["Public Enemy feat. Paris"],"artist":["Public Enemy"],"artists":["Public Enemy"],"artistsort":["Public Enemy"],"catalognumber":["GFK-31021"],"date":["2005"],"file_name":"08 - Pump the Music, Pump the Sound.mp3","label":["Guerrilla Funk Recordings"],"media":["CD"],"musicbrainz album release country":["US"],"musicbrainz album status":["promotion"],"musicbrainz album type":["album"],"musicbrainz release track id":["13ef4b23-e214-3bc8-b8d8-322fc7c5e61b"],"musicbrainz_albumartistid":["bf2e15d0-4b77-469e-bfb4-f8414415baca","431945b6-0754-480a-8634-3e8c2f8ccf27"],"musicbrainz_albumid":["104eeda1-ece0-4275-b0ae-2c4d3f9902c8"],"musicbrainz_artistid":["bf2e15d0-4b77-469e-bfb4-f8414415baca"],"musicbrainz_recordingid":["e921973f-1b35-4de0-89b5-6a09a9dbc875"],"musicbrainz_releasegroupid":["0131b7fb-f4b5-3e4f-bd31-45166ccc36e4"],"originaldate":["2005"],"script":["Latn"],"title":["Pump the Music, Pump the Sound"],"tracknumber":["8/14"]},"version":{"essentia":"2.1-beta1","essentia_build_sha":"ca57ba49d9b1854bd80e60cf9ccf267278fb7d6b","essentia_git_sha":"v2.1_beta1-28-g21ef5f4-dirty","extractor":"music 1.0"}},"rhythm":{"beats_count":246,"beats_loudness":{"dmean":0.0425072610378,"dmean2":0.0694974884391,"dvar":0.00134238123428,"dvar2":0.00366724538617,"max":0.227190345526,"mean":0.0559184700251,"median":0.0502233430743,"min":1.61055391246e-9,"var":0.00226169126108},"beats_loudness_band_ratio":{"dmean":[0.284230053425,0.120027415454,0.0704309120774,0.111351028085,0.0515256226063,0.0571784451604],"dmean2":[0.52528232336,0.224795386195,0.12950669229,0.203234300017,0.102082654834,0.100337974727],"dvar":[0.0336601957679,0.0160335060209,0.00798854138702