{"lowlevel":{"average_loudness":0.885326385498,"barkbands":{"dmean":[0.0000211821188714,0.000368038163288,0.00115919567179,0.00103469530586,0.00216987356544,0.00125649862457,0.000586791953538,0.0009354306967,0.00106433872133,0.000485620053951,0.000642571714707,0.000453354849014,0.000623537111096,0.000708197476342,0.00059645366855,0.000297455553664,0.000267739262199,0.000229598677834,0.000117152798339,0.00011087837629,0.0000821754001663,0.0000563226640224,0.0000435333095083,0.0000384383602068,0.0000267191626335,0.00000787674071034,1.72483453298e-7],"dmean2":[0.0000314987410093,0.00059886550298,0.00196859170683,0.0017299313331,0.00335628539324,0.00192319217604,0.000958577322308,0.00146772456355,0.00164777506143,0.000780608912464,0.00102109019645,0.00072703382466,0.00101059384178,0.00117150740698,0.000951005902607,0.000474507047329,0.000430511281593,0.000373889488401,0.000185312936082,0.000172470507096,0.000126099475892,0.000084285667981,0.0000622834559181,0.0000555824153707,0.0000385036073567,0.0000113843589133,2.7806476055e-7],"dvar":[4.06673750231e-10,2.50336483987e-7,0.00000282144765151,0.00000246975901064,0.0000113181413326,0.00000641399537926,0.0000020628403945,0.00000984933558357,0.00000929519592319,0.00000156836790666,0.00000225633402806,0.00000185347880688,0.00000264805044026,0.00000305852859128,0.00000210054759009,8.15011958366e-7,5.46522699096e-7,2.79491274568e-7,7.38340162343e-8,5.63636142203e-8,2.99302236328e-8,1.65603069036e-8,1.02398676205e-8,1.21777086193e-8,9.78723146972e-9,5.86476422981e-10,4.53728038214e-13],"dvar2":[9.63189528136e-10,6.68750033128e-7,0.00000794776588009,0.00000694039226801,0.0000259507705778,0.0000142178796523,0.0000051665861065,0.0000236750547629,0.0000221359368879,0.00000390566901842,0.00000562453124076,0.00000500512851431,0.00000669802284392,0.00000823521622806,0.00000532740068593,0.00000201791999643,0.00000141366854223,7.42005966003e-7,1.71230396973e-7,1.36001716555e-7,7.31981018021e-8,3.78212767771e-8,2.18517914874e-8,2.49546783238e-8,2.14540225585e-8,1.41946732146e-9,1.20608557863e-12],"max":[0.000257433915976,0.00781977549195,0.0295783039182,0.0215125605464,0.0474469587207,0.0549878738821,0.0384536571801,0.0554018765688,0.064077205956,0.0211536604911,0.0265245735645,0.0286207683384,0.0269396547228,0.0267543476075,0.0256971698254,0.0254498459399,0.0191976390779,0.0116963451728,0.0108855590224,0.00492364168167,0.00380233116448,0.00271085067652,0.00251216185279,0.00333037343808,0.00327846780419,0.000526234623976,0.0000173502248799],"mean":[0.0000706657665432,0.000650245288853,0.00189441628754,0.00170935876667,0.00393150094897,0.00212232815102,0.000853938865475,0.00131945253816,0.00155228492804,0.000675372953992,0.00100717775058,0.000672766123898,0.00101645896211,0.00112633220851,0.00101944897324,0.000462915981188,0.000434804096585,0.00042745276005,0.000221765163587,0.000213960855035,0.000158112554345,0.000108866181108,0.0000702753241058,0.0000576913262194,0.0000348277317244,0.00000941973212321,1.89320104482e-7],"median":[0.0000701525132172,0.000377702992409,0.00099440861959,0.000916694232728,0.00224549905397,0.000993107678369,0.000382580910809,0.000246279581916,0.000414285081206,0.00018183659995,0.000226801959798,0.000135172347655,0.000201265836949,0.000212558094063,0.000153200599016,0.0000952857444645,0.0000902616666281,0.0000847986520967,0.0000602281579631,0.0000676329655107,0.0000465697667096,0.0000298174800264,0.0000179421858775,0.0000123001673273,0.00000571304599362,0.00000115070827178,3.76888031894e-8],"min":[1.49123677073e-25,1.95496219507e-24,4.03810822286e-25,5.00894380822e-25,6.06548208048e-24,7.06363646133e-24,4.1160813548e-24,4.18456749758e-24,1.19936069113e-23,1.44905970121e-23,1.56622968477e-23,1.4205791404e-23,2.2447406245e-23,3.17981847622e-23,3.96178631485e-23,4.81366363799e-23,6.8399932903e-23,9.1766194864e-23,1.13407262202e-22,1.70168164604e-22,1.88217895339e-22,2.81163052292e-22,3.49723319596e-22,5.58263609762e-22,7.99887691307e-22,1.10737209113e-21,1.7648249759e-21],"var":[1.06555975155e-9,6.1410634089e-7,0.00000596424888499,0.00000511933740199,0.0000266376719082,0.0000137081724461,0.00000282993278233,0.0000183148040378,0.0000155413108587,0.00000234598360294,0.00000449898379884,0.00000343095689459,0.00000589005230722,0.00000583527798881,0.00000537226515007,0.00000172414559074,0.00000105758090285,6.86333123667e-7,1.78142173013e-7,1.28823032242e-7,6.91225281457e-8,3.59684371176e-8,1.90278441892e-8,2.22782059467e-8,1.32989317336e-8,6.6991684422e-10,3.68331450409e-13]},"barkbands_crest":{"dmean":2.65258646011,"dmean2":4.32488203049,"dvar":6.16548442841,"dvar2":15.5220794678,"max":26.9169902802,"mean":9.75109195709,"median":8.70704269409,"min":2.57511758804,"var":18.8275909424},"barkbands_flatness_db":{"dmean":0.0235543064773,"dmean2":0.0338023304939,"dvar":0.000690272485372,"dvar2":0.00117588834837,"max":1,"mean":0.141417831182,"median":0.132418230176,"min":0.0309062190354,"var":0.00371309160255},"barkbands_kurtosis":{"dmean":5.24213123322,"dmean2":8.97847747803,"dvar":10038.2792969,"dvar2":30501.3300781,"max":5653.61669922,"mean":7.61544132233,"median":2.08202314377,"min":-1.90290153027,"var":6168.89550781},"barkbands_skewness":{"dmean":0.566509068012,"dmean2":0.87447732687,"dvar":1.49966716766,"dvar2":4.34127283096,"max":72.9115982056,"mean":1.42786848545,"median":1.29951822758,"min":-3.67734050751,"var":4.27699279785},"barkbands_spread":{"dmean":4.87517547607,"dmean2":7.40936136246,"dvar":39.5440368652,"dvar2":79.4670715332,"max":93.9875335693,"mean":18.1071624756,"median":16.0364742279,"min":0.00306499307044,"var":138.483383179},"dissonance":{"dmean":0.0206434763968,"dmean2":0.0345322303474,"dvar":0.000572902907152,"dvar2":0.00154247111641,"max":0.500000119209,"mean":0.461224645376,"median":0.472285360098,"min":0,"var":0.00126676692162},"dynamic_complexity":3.54580211639,"erbbands":{"dmean":[0.00318705523387,0.116098493338,1.04351210594,2.35212516785,6.1025223732,7.27058172226,7.96701622009,10.4916887283,8.24400997162,11.889093399,22.4741725922,27.2190113068,12.9574260712,17.4176464081,23.6279716492,20.1953620911,28.8934593201,23.7327251434,39.2509803772,20.0212860107,15.1465291977,14.0196933746,13.0778903961,7.48205709457,5.75273418427,5.13877105713,3.53663158417,3.33071112633,2.16403412819,1.53553581238,1.27540159225,0.899128735065,0.627648532391,0.354349672794,0.165999948978,0.055276978761,0.0105197001249,0.000907580077183,0.0000350808841176,0.00000769052985561],"dmean2":[0.00521021103486,0.188895761967,1.74701094627,3.95585680008,9.61737537384,11.2330703735,12.0079202652,16.2414779663,13.3608312607,18.9973392487,35.8214225769,41.7713928223,20.5137233734,27.8301792145,37.264251709,31.9583377838,46.3988800049,38.5619621277,63.8903388977,31.6154460907,24.01288414,22.4916992188,21.2757377625,11.8992090225,9.04549026489,8.01891326904,5.47978448868,5.23164129257,3.22100758553,2.29812192917,1.80177128315,1.29176282883,0.930019199848,0.521827995777,0.236492797732,0.077745757997,0.0159664750099,0.00139295810368,0.0000533354104846,0.000011555814126],"dvar":[0.0000229274119192,0.0235122237355,2.04179024696,12.754488945,74.3369369507,183.662918091,396.138824463,436.797332764,351.866760254,1437.88342285,5709.90087891,6474.91894531,1230.26745605,1731.15820312,3059.11083984,3612.54003906,5696.42382812,3441.92993164,8814.79003906,2723.28515625,2295.38378906,1571.91052246,1065.79785156,255.497573853,216.991363525,131.444396973,68.9952926636,49.521774292,24.2308616638,12.9325695038,8.52911758423,5.6110162735,4.0815320015,2.08542919159,0.302271723747,0.0240742787719,0.0016877487069,0.0000106663374027,1.37855780125e-8,8.81337780534e-11],"dvar2":[0.0000614858945482,0.0608740411699,5.518866539,35.8222312927,181.137130737,407.601715088,928.020385742,941.541503906,860.674377441,3607.9675293,14041.9150391,15185.3574219,2902.65136719,4364.11279297,7235.86669922,10085.1904297,14490.2958984,8715.59570312,23458.8476562,6557.98535156,5609.83544922,4164.68994141,2875.30883789,680.719482422,504.414672852,328.441040039,178.755432129,120.35005188,54.7279548645,30.4255504608,17.4823913574,11.4880657196,8.83193874359,4.78826284409,0.636266052723,0.0539387278259,0.00440274504945,0.00002790610597,3.51797879716e-8,1.92721213987e-10],"max":[0.0879717469215,2.5815243721,23.9681282043,59.5149497986,115.137672424,273.148590088,386.070983887,496.45223999,358.356201172,925.354248047,1537.84228516,1680.62658691,787.92010498,798.605834961,1030.69677734,1455.3137207,1405.80395508,1142.93273926,1557.07507324,1380.05322266,1495.78344727,1150.1652832,757.381713867,510.494506836,635.888793945,289.775482178,222.206008911,115.537719727,116.739807129,69.5991439819,67.5496673584,69.3343200684,65.2669219971,43.9936447144,17.17943573,4.15041446686,1.08940386772,0.0722764357924,0.00270921341144,0.000141872471431],"mean":[0.00640810094774,0.214353129268,1.81151533127,4.39494228363,10.6273193359,12.7663049698,13.3455657959,17.8942337036,12.7052097321,17.7189216614,32.9856300354,39.8499488831,19.9929866791,27.379108429,38.619972229,34.0588722229,49.7531700134,41.4246253967,72.3153152466,36.8041877747,25.8756427765,23.6796073914,23.8883113861,15.2556495667,11.0646266937,10.0446214676,6.88431215286,6.26543092728,4.17933368683,2.78081679344,2.00773906708,1.33043181896,0.907518208027,0.459464401007,0.216424807906,0.0687684938312,0.0119186099619,0.00100920931436,0.0000515936262673,0.0000285137502942],"median":[0.00450586806983,0.127498447895,0.981272101402,2.77076745033,6.40306138992,6.12379360199,5.92230081558,8.37867832184,6.19479131699,6.18168926239,7.45949077606,11.1781053543,7.35647583008,8.37471961975,10.7219638824,7.74011945724,10.3051834106,9.44285774231,12.9524040222,7.59555435181,5.52942800522,5.00898933411,4.90977334976,4.19842195511,2.88473653793,3.30056118965,2.23497343063,1.67899370193,1.13339591026,0.784429848194,0.490005403757,0.293698847294,0.187093913555,0.0816245749593,0.031344588846,0.00897590164095,0.00146955647506,0.000139378505992,0.0000215860873141,0.0000254765727732],"min":[3.6428678369e-23,2.37286078629e-22,1.33855493595e-21,4.06887719934e-21,1.0497791967e-20,2.40912912205e-20,2.46537336474e-20,4.91612857398e-20,7.92256723974e-20,1.33803223697e-19,1.14944940372e-19,3.10293878387e-19,4.5256705674e-19,6.65138722288e-19,8.86653347632e-19,8.55397242512e-19,1.16743256873e-18,1.984462331e-18,1.9244615445e-18,3.02393057596e-18,2.03427866301e-18,4.56728354248e-18,4.4212758246e-18,4.48798215074e-18,6.91695790124e-18,8.20498647565e-18,8.50102283635e-18,8.78207151154e-18,9.22431039115e-18,1.07691057539e-17,1.0718837988e-17,1.11303595156e-17,8.6292358313e-18,7.00493352247e-18,5.95241981207e-18,3.88220304658e-18,2.10210705965e-18,8.93164189631e-19,1.99382089736e-19,2.59779027897e-20],"var":[0.0000488710538775,0.0645319521427,5.37416982651,27.5712223053,162.706039429,434.658172607,739.835021973,946.366760254,567.074584961,2314.88452148,10321.5673828,10734.3037109,2031.69165039,2939.33764648,6326.85449219,7253.47558594,13078.4306641,7126.82910156,23873.546875,6235.78515625,5122.29150391,3254.16821289,2336.1159668,670.825439453,491.905517578,281.247589111,133.099884033,122.939888,53.5390892029,24.5754585266,16.1301765442,10.0323038101,6.68171596527,2.60120511055,0.441870570183,0.0327973589301,0.00150190130807,0.00000953484413913,1.34890933978e-8,4.24916712927e-10]},"erbbands_crest":{"dmean":2.82594823837,"dmean2":4.60454797745,"dvar":8.19076156616,"dvar2":21.0811328888,"max":35.7714004517,"mean":9.2219581604,"median":7.99692392349,"min":2.03386712074,"var":23.0625991821},"erbbands_flatness_db":{"dmean":0.0194913763553,"dmean2":0.0274303480983,"dvar":0.00039300849312,"dvar2":0.000734481320251,"max":0.368318915367,"mean":0.176241829991,"median":0.174003168941,"min":0.0269615016878,"var":0.00237914174795},"erbbands_kurtosis":{"dmean":1.22789692879,"dmean2":2.0207221508,"dvar":37.3174781799,"dvar2":75.8165359497,"max":319.897735596,"mean":1.07845771313,"median":0.1031229496,"min":-1.72767066956,"var":74.3284683228},"erbbands_skewness":{"dmean":0.403221398592,"dmean2":0.628708422184,"dvar":0.250263899565,"dvar2":0.538624465466,"max":16.6365680695,"mean":0.310522794724,"median":0.250315606594,"min":-3.27728390694,"var":0.88914591074},"erbbands_spread":{"dmean":7.54094839096,"dmean2":11.4189567566,"dvar":83.6554107666,"dvar2":190.221908569,"max":160.858062744,"mean":33.6215629578,"median":32.0845375061,"min":2.92868041992,"var":309.818603516},"gfcc":{"cov":[[48580.0039062,2818.10253906,-6069.72167969,1313.08496094,-2736.1003418,756.938537598,-1931.27050781,-26.5122241974,-1303.23962402,-163.039260864,-796.081542969,-312.765594482,-484.614898682],[2818.10253906,1491.31323242,-339.8309021,-68.9163818359,-48.2871246338,-150.102813721,29.3282299042,-135.333786011,-16.6876907349,-115.466087341,14.4787712097,-160.164047241,-9.87732982635],[-6069.72167969,-339.8309021,1281.03356934,-62.5372047424,272.832702637,-108.566688538,151.830184937,33.9851264954,129.243637085,58.7246131897,16.9162540436,67.3267593384,32.635307312],[1313.08496094,-68.9163818359,-62.5372047424,446.912597656,11.8606567383,-14.5579223633,-88.6603317261,11.7267980576,13.7617225647,0.5771702528,-51.9908485413,53.0352668762,0.759623646736],[-2736.1003418,-48.2871246338,272.832702637,11.8606567383,370.669647217,-5.18069982529,140.244918823,-15.9592695236,98.6138534546,3.02012228966,49.0101089478,18.0597133636,26.8338813782],[756.938537598,-150.102813721,-108.566688538,-14.5579223633,-5.18069982529,206.264694214,20.7238082886,13.2575378418,-39.8908920288,24.5637969971,-3.35465502739,-1.33412063122,-29.4981994629],[-1931.27050781,29.3282299042,151.830184937,-88.6603317261,140.244918823,20.7238082886,236.537185669,10.8522338867,53.0805664062,-14.1165046692,69.1750183105,-15.9637956619,3.01936173439],[-26.5122241974,-135.333786011,33.9851264954,11.7267980576,-15.9592695236,13.2575378418,10.8522338867,116.422569275,29.7875518799,6.69587659836,-18.249420166,12.6242370605,-13.3353633881],[-1303.23962402,-16.6876907349,129.243637085,13.7617225647,98.6138534546,-39.8908920288,53.0805664062,29.7875518799,127.616859436,10.1708021164,20.0121173859,0.541858017445,16.2134399414],[-163.039260864,-115.466087341,58.7246131897,0.5771702528,3.02012228966,24.5637969971,-14.1165046692,6.69587659836,10.1708021164,81.7258682251,2.45751833916,6.91651916504,-11.5866117477],[-796.081542969,14.4787712097,16.9162540436,-51.9908485413,49.0101089478,-3.35465502739,69.1750183105,-18.249420166,20.0121173859,2.45751833916,90.3677444458,3.8116850853,9.25033569336],[-312.765594482,-160.164047241,67.3267593384,53.0352668762,18.0597133636,-1.33412063122,-15.9637956619,12.6242370605,0.541858017445,6.91651916504,3.8116850853,92.4342346191,19.9468345642],[-484.614898682,-9.87732982635,32.635307312,0.759623646736,26.8338813782,-29.4981994629,3.01936173439,-13.3353633881,16.2134399414,-11.5866117477,9.25033569336,19.9468345642,65.0478515625]],"icov":[[0.000508436991367,-0.00104757817462,0.0013644087594,-0.00106244406197,0.00133119174279,-0.00147986155935,0.0016172004398,-0.00126660510432,0.00170400866773,-0.000744324584957,0.00108710734639,-0.000488481309731,0.00083962304052],[-0.00104757817462,0.00331452675164,-0.00255203805864,0.00218526809476,-0.00268025533296,0.00390788028017,-0.00365850050002,0.00372047000565,-0.00368525204249,0.00252645951696,-0.00209474773146,0.00244747824036,-0.0013200766407],[0.0013644087594,-0.00255203805864,0.00491887982935,-0.00253782840446,0.00296385306865,-0.0029641231522,0.0035577644594,-0.00324288592674,0.00426765810698,-0.00287633016706,0.00392130110413,-0.00199000956491,0.00241898186505],[-0.00106244406197,0.00218526809476,-0.00253782840446,0.00510191638023,-0.00333432434127,0.00328500429168,-0.00257730786689,0.00282277003862,-0.00441170390695,0.00171437847894,-0.000753823609557,-0.000868558709044,-0.00102777255233],[0.00133119174279,-0.00268025533296,0.00296385306865,-0.00333432434127,0.00835144147277,-0.0046759750694,0.00221070181578,-0.00139538024087,0.00160666066222,-0.00153231911827,0.00260333810002,-0.00186781107914,0.00163728964981],[-0.00147986155935,0.00390788028017,-0.0029641231522,0.00328500429168,-0.0046759750694,0.0115421619266,-0.00656217522919,0.00347605184652,-0.00246583693661,0.000130203567096,-0.00201640394516,0.00168320920784,-0.000394205620978],[0.0016172004398,-0.00365850050002,0.0035577644594,-0.00257730786689,0.00221070181578,-0.00656217522919,0.0136354789138,-0.0059682270512,0.00453159678727,0.000185557553777,-0.00173221959267,0.0000173665612238,0.00313820783049],[-0.00126660510432,0.00372047000565,-0.00324288592674,0.00282277003862,-0.00139538024087,0.00347605184652,-0.0059682270512,0.0157115254551,-0.00901816040277,0.00302157667466,0.000918378238566,-0.000410587264923,0.00115393009037],[0.00170400866773,-0.00368525204249,0.00426765810698,-0.00441170390695,0.00160666066222,-0.00246583693661,0.00453159678727,-0.00901816040277,0.019227810204,-0.00513923820108,0.00186249846593,0.000656014191918,0.0000316581135849],[-0.000744324584957,0.00252645951696,-0.00287633016706,0.00171437847894,-0.00153231911827,0.000130203567096,0.000185557553777,0.00302157667466,-0.00513923820108,0.0170970913023,-0.00372222461738,0.00136369885877,0.00200093234889],[0.00108710734639,-0.00209474773146,0.00392130110413,-0.000753823609557,0.00260333810002,-0.00201640394516,-0.00173221959267,0.000918378238566,0.00186249846593,-0.00372222461738,0.019549228251,-0.00419559795409,0.00148203666322],[-0.000488481309731,0.00244747824036,-0.00199000956491,-0.000868558709044,-0.00186781107914,0.00168320920784,0.0000173665612238,-0.000410587264923,0.000656014191918,0.00136369885877,-0.00419559795409,0.0170252975076,-0.00535494415089],[0.00083962304052,-0.0013200766407,0.00241898186505,-0.00102777255233,0.00163728964981,-0.000394205620978,0.00313820783049,0.00115393009037,0.0000316581135849,0.00200093234889,0.00148203666322,-0.00535494415089,0.0212430786341]],"mean":[-61.8056030273,106.635993958,-125.512420654,29.9844112396,-60.4198875427,8.80142307281,-42.5587272644,-3.8430416584,-27.3782615662,-4.24765920639,-18.1920871735,-9.35333061218,-10.8854570389]},"hfc":{"dmean":5.59162187576,"dmean2":8.17662334442,"dvar":63.8075180054,"dvar2":137.309738159,"max":128.443283081,"mean":19.5223445892,"median":12.5440340042,"min":1.06250390153e-16,"var":382.194335938},"melbands":{"dmean":[0.0000610829156358,0.000406267441576,0.000460119510535,0.000514867773745,0.000274688412901,0.000235275496379,0.000120819495351,0.000141723139677,0.000199874411919,0.000156807058374,0.0000634255484329,0.0000710118838469,0.0000899385267985,0.000049694077461,0.0000740980322007,0.0000465842640551,0.0000530280958628,0.0000739123206586,0.0000332642703142,0.0000237480871874,0.000019063721993,0.0000168029182532,0.000012227006664,0.0000120999047795,0.00000615740918875,0.00000414234727941,0.00000461037870991,0.00000354572284778,0.00000248715173257,0.00000208469487006,0.00000193110531654,0.00000128494457385,0.00000114672400287,8.01760620561e-7,7.68139216234e-7,6.75921398852e-7,5.19433115187e-7,4.79540346987e-7,3.4530648918e-7,3.02532953356e-7],"dmean2":[0.0000995622031041,0.000678157492075,0.000753709929995,0.000808737648185,0.00041124667041,0.000362449907698,0.000196111388505,0.000224179108045,0.000319628394209,0.000240016306634,0.000101132784039,0.000113934162073,0.000142441320349,0.0000791597922216,0.00011852656462,0.0000742181655369,0.0000865259717102,0.000121221193695,0.000052034145483,0.0000382221478503,0.0000305213907268,0.0000273906716757,0.0000197075896722,0.0000198653160624,0.00000992470995698,0.00000669588689561,0.00000720773869034,0.00000560311082154,0.00000396430186811,0.00000325144060298,0.00000308557378048,0.00000196318183043,0.00000175167554062,0.00000124082089314,0.00000111555095827,9.57650399869e-7,7.66304140143e-7,7.10746689947e-7,5.3138489875e-7,4.49456081242e-7],"dvar":[7.15026171605e-9,2.96690956247e-7,3.86826826571e-7,6.67182746383e-7,3.90649859128e-7,2.10677839618e-7,7.80742439588e-8,2.12078106188e-7,3.9098176785e-7,2.14614416905e-7,3.14992263384e-8,3.10153147609e-8,4.38812115533e-8,2.18044018396e-8,3.62162317913e-8,1.38996911758e-8,1.84085084953e-8,3.17276587225e-8,6.06175687423e-9,4.9438830807e-9,3.52852835839e-9,2.72185651795e-9,1.13110032451e-9,7.46632311532e-10,1.97078547925e-10,1.7236621852e-10,1.09364670098e-10,7.28449661702e-11,3.75535748331e-11,2.06107231976e-11,1.91639447367e-11,9.95459617514e-12,5.91934834482e-12,4.05679830007e-12,3.17382470132e-12,2.75117298734e-12,2.0544340968e-12,2.18718554552e-12,1.86674850924e-12,1.61500251106e-12],"dvar2":[1.95716971518e-8,7.97386633167e-7,0.00000106571292235,0.0000015643796587,8.76794047144e-7,4.55772209307e-7,1.90117660281e-7,5.17837975167e-7,9.78130060503e-7,4.99875682181e-7,7.47860440242e-8,7.78977877758e-8,1.07140849082e-7,5.93661013681e-8,8.8507476903e-8,3.52549847094e-8,4.74415351448e-8,8.56867572452e-8,1.4540852078e-8,1.22572156869e-8,8.47711945084e-9,7.37097849424e-9,2.88308710239e-9,1.97561056403e-9,5.31041211005e-10,4.30463803491e-10,2.5859456243e-10,1.86950677161e-10,9.84103354362e-11,5.09237409185e-11,4.89942079962e-11,2.32675771011e-11,1.37693415697e-11,9.93748746486e-12,6.82476731378e-12,5.60875434638e-12,4.38983354875e-12,4.61273814284e-12,4.46795725417e-12,3.78441722404e-12],"max":[0.00134006445296,0.00900978688151,0.00840244162828,0.0121356882155,0.0119105903432,0.00957020744681,0.00592770939693,0.0115512087941,0.0118961827829,0.00953253172338,0.00380087085068,0.00331854913384,0.0037831319496,0.00331686879508,0.00442997831851,0.00311995833181,0.00241141533479,0.00249723298475,0.00139880937058,0.00189100590069,0.00151231547352,0.00165651761927,0.000861734384671,0.000705354847014,0.000458905851701,0.000734408327844,0.000246725830948,0.000250383047387,0.000181086652447,0.0000951557740336,0.000082987397036,0.0000754709835746,0.0000472884530609,0.0000413853231294,0.0000396352079406,0.0000475747910968,0.0000446858211944,0.0000537069354323,0.0000468189246021,0.0000422082412115],"mean":[0.000115312890557,0.000727184291463,0.000924442370888,0.000919193786103,0.000488938821945,0.000403413345339,0.000183973170351,0.000207239310839,0.000290631811367,0.000227231823374,0.0000927817454794,0.000105824918137,0.000142803328345,0.000075557101809,0.000122699391795,0.000076552554674,0.0000820878995,0.00013041505008,0.0000580534324399,0.0000381132522307,0.0000294230885629,0.0000261668810708,0.0000199488622457,0.0000218684308493,0.0000113156020234,0.00000719818945072,0.00000830797216622,0.00000639389145363,0.00000447191723651,0.00000369818235413,0.00000346786214322,0.000002325415835,0.00000202368164537,0.00000133954711146,0.00000117564275115,9.73724922915e-7,7.39823462936e-7,6.89715420776e-7,4.46748174454e-7,3.75770696337e-7],"median":[0.000075046576967,0.000423820427386,0.000651849317364,0.00052694050828,0.00023413116287,0.000192448540474,0.0000857624982018,0.0000623237792752,0.000064204687078,0.0000605317327427,0.0000278668303508,0.0000290491698252,0.0000337625533575,0.0000178810696525,0.0000215161489905,0.0000177346100827,0.0000160929284903,0.0000213484836422,0.000010341675079,0.00000757789985073,0.00000564796937397,0.00000515344663654,0.00000383757014788,0.00000425865982834,0.00000308788958137,0.00000182312498964,0.00000208221899811,0.00000204863295039,0.00000137924178034,0.00000105004846773,8.38521998503e-7,6.05768150308e-7,5.40223652479e-7,3.71500874508e-7,2.85388438215e-7,2.1091513247e-7,1.57025667136e-7,1.40541956739e-7,8.9372448997e-8,5.45917089312e-8],"min":[8.59330244315e-25,4.37930165773e-25,9.14377549927e-25,1.55493940889e-24,9.85684462087e-25,1.07994298646e-24,1.06283417115e-24,1.1303044583e-24,7.07938222361e-25,2.08733542155e-24,1.8580240088e-24,2.46507673285e-24,2.91520451245e-24,1.10244435631e-24,1.34368482506e-24,2.22974355038e-24,2.70017365146e-24,3.00542475925e-24,3.22874773164e-24,2.8921539968e-24,1.66530351472e-24,3.57375447082e-24,3.98828076056e-24,3.82581170168e-24,2.93592118312e-24,3.1484314363e-24,4.72867484062e-24,4.90471388479e-24,4.19506210863e-24,3.65427310898e-24,4.58348025785e-24,4.30971870247e-24,4.34724560459e-24,4.72481928295e-24,5.40575494444e-24,5.72615040666e-24,5.72931807763e-24,5.7218546646e-24,5.69347184366e-24,5.39151916054e-24],"var":[1.62095439293e-8,7.86532325492e-7,9.10476046556e-7,0.00000147286129959,8.11790130228e-7,4.61043697442e-7,1.25133809092e-7,3.63140543413e-7,6.91917080076e-7,3.6014273519e-7,5.11276248005e-8,5.06422814794e-8,8.99279797295e-8,3.85858989205e-8,8.59509512452e-8,2.83089871544e-8,3.37624292968e-8,7.82921887321e-8,1.4775501711e-8,9.76004610465e-9,7.18310122494e-9,4.82243622812e-9,2.28682117687e-9,1.68915781362e-9,4.26332524839e-10,2.75275996442e-10,2.4853077929e-10,1.32524949348e-10,6.47938785958e-11,3.95137082776e-11,4.38107015943e-11,1.8751120448e-11,1.23467581645e-11,6.45101593671e-12,5.58262247194e-12,4.86705294123e-12,3.46026375955e-12,3.81624115989e-12,2.28607324043e-12,1.91151738535e-12]},"melbands_crest":{"dmean":3.3439207077,"dmean2":5.49111747742,"dvar":9.46867179871,"dvar2":24.2596302032,"max":40,"mean":13.2313089371,"median":12.6975364685,"min":1.52624285221,"var":31.5729846954},"melbands_flatness_db":{"dmean":0.0284834373742,"dmean2":0.0405783541501,"dvar":0.00106562965084,"dvar2":0.00182150909677,"max":1,"mean":0.200716167688,"median":0.196438714862,"min":0.00319017888978,"var":0.0069649387151},"melbands_kurtosis":{"dmean":7124776,"dmean2":14067018,"dvar":143311960472000000,"dvar2":290146859279000000,"max":21146316800,"mean":13801910,"median":6.25769710541,"min":-1.8630553484,"var":282676450862000000},"melbands_skewness":{"dmean":31.0728149414,"dmean2":61.7938499451,"dvar":2623089.25,"dvar2":5337474.5,"max":89525.671875,"mean":61.2976875305,"median":2.19960546494,"min":-0.955320179462,"var":5153338},"melbands_spread":{"dmean":6.6878619194,"dmean2":10.4555854797,"dvar":100.538017273,"dvar2":198.551818848,"max":228.404998779,"mean":25.9655265808,"median":17.9246501923,"min":1.10768993977e-8,"var":713.969543457},"mfcc":{"cov":[[14766.9902344,669.224914551,-1022.3782959,-11.1638431549,-126.297103882,157.324783325,-110.954574585,38.5327301025,-220.404937744,-31.2720050812,-142.117538452,-172.934494019,-251.394287109],[669.224914551,1850.55810547,-1.14990508556,85.7258377075,-34.3655815125,14.5842933655,39.2915458679,-51.286605835,-51.6177406311,30.0241718292,-11.0514183044,-45.5999984741,-22.816204071],[-1022.3782959,-1.14990508556,549.716369629,96.3632354736,26.8706359863,-33.5158996582,-38.0666694641,-28.4432754517,39.5984573364,-24.4826431274,-13.6001853943,25.8285827637,30.0847206116],[-11.1638431549,85.7258377075,96.3632354736,388.253173828,105.896591187,7.97991943359,-63.8078994751,6.69302129745,59.0465278625,-59.6609153748,-30.3175849915,51.5089797974,19.875415802],[-126.297103882,-34.3655815125,26.8706359863,105.896591187,177.659698486,42.1459388733,-32.8028831482,1.20327579975,38.1907730103,-13.9370908737,-3.9522061348,5.41578578949,8.74051761627],[157.324783325,14.5842933655,-33.5158996582,7.97991943359,42.1459388733,158.694259644,53.7266578674,-0.299175858498,-5.35723543167,5.23072576523,16.9216537476,-5.40641403198,-15.0493984222],[-110.954574585,39.2915458679,-38.0666694641,-63.8078994751,-32.8028831482,53.7266578674,140.876815796,30.2356548309,-20.995967865,23.9887924194,16.4583778381,1.22622859478,1.43350076675],[38.5327301025,-51.286605835,-28.4432754517,6.69302129745,1.20327579975,-0.299175858498,30.2356548309,107.465278625,28.9408302307,-5.33029413223,3.84853434563,19.0046157837,17.4561004639],[-220.404937744,-51.6177406311,39.5984573364,59.0465278625,38.1907730103,-5.35723543167,-20.995967865,28.9408302307,97.4976501465,7.23479413986,-5.93054962158,20.6566772461,13.3433971405],[-31.2720050812,30.0241718292,-24.4826431274,-59.6609153748,-13.9370908737,5.23072576523,23.9887924194,-5.33029413223,7.23479413986,94.8678436279,34.8156814575,-15.8962984085,-11.8334188461],[-142.117538452,-11.0514183044,-13.6001853943,-30.3175849915,-3.9522061348,16.9216537476,16.4583778381,3.84853434563,-5.93054962158,34.8156814575,81.6113357544,15.5613040924,-8.20566082001],[-172.934494019,-45.5999984741,25.8285827637,51.5089797974,5.41578578949,-5.40641403198,1.22622859478,19.0046157837,20.6566772461,-15.8962984085,15.5613040924,83.5559158325,29.097240448],[-251.394287109,-22.816204071,30.0847206116,19.875415802,8.74051761627,-15.0493984222,1.43350076675,17.4561004639,13.3433971405,-11.8334188461,-8.20566082001,29.097240448,65.3202896118]],"icov":[[0.0000934884665185,-0.0000276641058008,0.000148159248056,-0.0000416199072788,0.000083715072833,-0.000148239269038,0.000230029443628,-0.000180830407771,0.00021193579596,-0.0000720571988495,0.000244775961619,-0.0000279830055661,0.000279354746453],[-0.0000276641058008,0.000601894513238,-0.0000418692143285,-0.000345776585164,0.000151300773723,0.000071622809628,-0.000327864283463,0.000274106219877,0.000234426232055,-0.000282977882307,0.00000333246475748,0.000356745324098,-0.0000991815613816],[0.000148159248056,-0.0000418692143285,0.00230053020641,-0.000405658734962,0.000155750909471,0.000160757335834,0.000235857922235,0.000715276866686,-0.000541872752365,0.000316791236401,0.000181227267603,-0.0000637322591501,-0.000341433013091],[-0.0000416199072788,-0.000345776585164,-0.000405658734962,0.00422940822318,-0.00180420279503,-0.000312708929414,0.00100737914909,-0.0000269593838311,-0.00139416672755,0.0015989432577,0.000877836369909,-0.00236082077026,0.000509813369717],[0.000083715072833,0.000151300773723,0.000155750909471,-0.00180420279503,0.0082686515525,-0.00294986623339,0.00205786572769,-0.0000234674262174,-0.00186039810069,0.00018756580539,-0.000543647387531,0.00163742585573,-0.00135634944309],[-0.000148239269038,0.000071622809628,0.000160757335834,-0.000312708929414,-0.00294986623339,0.00923535134643,-0.00483681214973,0.00149390485603,-0.000542249705177,0.00120625540148,-0.00200818828307,0.000606352987234,0.00151193549391],[0.000230029443628,-0.000327864283463,0.000235857922235,0.00100737914909,0.00205786572769,-0.00483681214973,0.0119495755062,-0.00432727392763,0.00308396434411,-0.00284002302215,0.00132241030224,-0.00141300947871,-0.000488859834149],[-0.000180830407771,0.000274106219877,0.000715276866686,-0.0000269593838311,-0.0000234674262174,0.00149390485603,-0.00432727392763,0.0129393441603,-0.00511306151748,0.00246683624573,-0.00185481074732,-0.000235401603277,-0.00257381424308],[0.00021193579596,0.000234426232055,-0.000541872752365,-0.00139416672755,-0.00186039810069,-0.000542249705177,0.00308396434411,-0.00511306151748,0.0159619487822,-0.00524887582287,0.00345649453811,-0.00298143620603,0.000544839713257],[-0.0000720571988495,-0.000282977882307,0.000316791236401,0.0015989432577,0.00018756580539,0.00120625540148,-0.00284002302215,0.00246683624573,-0.00524887582287,0.0162770990282,-0.00737740611658,0.00393087789416,-0.00000949601417233],[0.000244775961619,0.00000333246475748,0.000181227267603,0.000877836369909,-0.000543647387531,-0.00200818828307,0.00132241030224,-0.00185481074732,0.00345649453811,-0.00737740611658,0.018350340426,-0.00684256386012,0.00398006010801],[-0.0000279830055661,0.000356745324098,-0.0000637322591501,-0.00236082077026,0.00163742585573,0.000606352987234,-0.00141300947871,-0.000235401603277,-0.00298143620603,0.00393087789416,-0.00684256386012,0.0188364181668,-0.00715007260442],[0.000279354746453,-0.0000991815613816,-0.000341433013091,0.000509813369717,-0.00135634944309,0.00151193549391,-0.000488859834149,-0.00257381424308,0.000544839713257,-0.00000949601417233,0.00398006010801,-0.00715007260442,0.0211521852762]],"mean":[-675.12701416,129.107406616,-7.32441234589,20.0508499146,0.860780477524,7.40497016907,-4.69795036316,-4.12317991257,-6.35452270508,-1.9293063879,-5.31056022644,-4.91814231873,-7.5798330307]},"pitch_salience":{"dmean":0.0729042738676,"dmean2":0.118245221674,"dvar":0.00423709442839,"dvar2":0.0107059208676,"max":0.881015121937,"mean":0.58613884449,"median":0.59028929472,"min":0.0000164774210134,"var":0.0137213114649},"silence_rate_20dB":{"dmean":0,"dmean2":0,"dvar":0,"dvar2":0,"max":1,"mean":1,"median":1,"min":1,"var":0},"silence_rate_30dB":{"dmean":0,"dmean2":0,"dvar":0,"dvar2":0,"max":1,"mean":1,"median":1,"min":1,"var":0},"silence_rate_60dB":{"dmean":0.0232479777187,"dmean2":0.0465037897229,"dvar":0.022707555443,"dvar2":0.0507464148104,"max":1,"mean":0.0892706736922,"median":0,"min":0,"var":0.0812995657325},"spectral_centroid":{"dmean":235.162567139,"dmean2":353.880462646,"dvar":112063.234375,"dvar2":222771.375,"max":11799.8945312,"mean":1460.9420166,"median":1027.38708496,"min":172.121917725,"var":3452668.25},"spectral_complexity":{"dmean":3.52796506882,"dmean2":5.28963756561,"dvar":21.3366317749,"dvar2":41.3122253418,"max":62,"mean":17.8591880798,"median":15,"min":0,"var":139.728271484},"spectral_contrast_coeffs":{"dmean":[0.0518814213574,0.048810813576,0.0394228585064,0.0299853961915,0.0213135369122,0.0174907241017],"dmean2":[0.084787465632,0.0780983418226,0.062872312963,0.0476587340236,0.0337005890906,0.027254909277],"dvar":[0.00181863654871,0.00173683627509,0.00119596661534,0.000668163178489,0.000338941201335,0.000273164390819],"dvar2":[0.00483144307509,0.00437663681805,0.00276710814796,0.00158810720313,0.000791732280049,0.000647224311251],"max":[-0.280045449734,-0.36934286356,-0.476010680199,-0.570218384266,-0.584621846676,-0.61720263958],"mean":[-0.591764867306,-0.727499902248,-0.767282545567,-0.774205803871,-0.79905217886,-0.766012191772],"median":[-0.584428906441,-0.733681201935,-0.777648627758,-0.781788349152,-0.798504173756,-0.765386402607],"min":[-0.985236883163,-0.98408561945,-0.977590084076,-0.994293034077,-0.986853122711,-0.96512055397],"var":[0.0101158991456,0.00836075562984,0.00705189723521,0.00520240422338,0.00285795331001,0.00315776094794]},"spectral_contrast_valleys":{"dmean":[0.426669359207,0.372534245253,0.345741182566,0.299100458622,0.304427206516,0.395990252495],"dmean2":[0.724811792374,0.608397364616,0.538641393185,0.452999413013,0.406997233629,0.472370535135],"dvar":[0.172280624509,0.153354212642,0.157336622477,0.139634624124,0.168563351035,0.250933080912],"dvar2":[0.415081322193,0.318027168512,0.298974722624,0.250276356936,0.276802718639,0.409935712814],"max":[-5.97451925278,-4.92902565002,-5.25970888138,-5.40746593475,-5.54066848755,-7.48859643936],"mean":[-8.29409217834,-7.45883512497,-8.07792186737,-8.32120609283,-8.42138290405,-11.0920391083],"median":[-7.53480863571,-6.70923376083,-7.35449934006,-7.63421154022,-7.74178028107,-10.4691610336],"min":[-28.7178421021,-28.2547664642,-27.8501338959,-27.7753295898,-27.5391426086,-27.4520435333],"var":[13.07330513,14.2093400955,13.5481214523,13.379524231,13.3311290741,10.3520174026]},"spectral_decrease":{"dmean":1.42809908343e-9,"dmean2":2.17740914188e-9,"dvar":2.48235474941e-18,"dvar2":5.61927323396e-18,"max":2.10292627665e-28,"mean":-5.31266719506e-9,"median":-4.93942931001e-9,"min":-1.76348073921e-8,"var":1.27950042501e-17},"spectral_energy":{"dmean":0.00575847038999,"dmean2":0.00875262916088,"dvar":0.0000405484606745,"dvar2":0.0000906528002815,"max":0.0707973539829,"mean":0.0218220092356,"median":0.0200278609991,"min":1.00236357224e-20,"var":0.000223138689762},"spectral_energyband_high":{"dmean":0.00026745753712,"dmean2":0.00037965469528,"dvar":3.20963835065e-7,"dvar2":6.79639811096e-7,"max":0.0102569442242,"mean":0.00055070547387,"median":0.000180531715159,"min":6.88349332729e-21,"var":7.68150755448e-7},"spectral_energyband_low":{"dmean":0.00165538303554,"dmean2":0.00275346264243,"dvar":0.00000502148668602,"dvar2":0.000013876760022,"max":0.0378130786121,"mean":0.00339844543487,"median":0.00227028364316,"min":1.47296676203e-23,"var":0.0000129245081553},"spectral_energyband_middle_high":{"dmean":0.0023403679952,"dmean2":0.00355866388418,"dvar":0.0000133446801556,"dvar2":0.0000312385345751,"max":0.0484196990728,"mean":0.0070757069625,"median":0.00294462149031,"min":1.16609706786e-21,"var":0.0000859366773511},"spectral_energyband_middle_low":{"dmean":0.00448168348521,"dmean2":0.00691119860858,"dvar":0.0000320710896631,"dvar2":0.000076628421084,"max":0.0661173686385,"mean":0.0116826221347,"median":0.00967720430344,"min":1.33819145409e-22,"var":0.0000921401151572},"spectral_entropy":{"dmean":0.199170708656,"dmean2":0.274327814579,"dvar":0.0527122206986,"dvar2":0.0887847915292,"max":9.82247257233,"mean":7.47075033188,"median":7.50036764145,"min":5.1724524498,"var":0.433382183313},"spectral_flux":{"dmean":0.0185840837657,"dmean2":0.0295621845871,"dvar":0.000362122314982,"dvar2":0.000816838932224,"max":0.218820303679,"mean":0.0751975551248,"median":0.0729801505804,"min":6.26291796202e-11,"var":0.00163547729608},"spectral_kurtosis":{"dmean":2.14989686012,"dmean2":3.53282380104,"dvar":7.48636293411,"dvar2":19.3032817841,"max":42.6726074219,"mean":5.34477043152,"median":4.26231479645,"min":-1.28154015541,"var":17.693572998},"spectral_rms":{"dmean":0.000604621309321,"dmean2":0.000899140373804,"dvar":3.66950871467e-7,"dvar2":7.46924797568e-7,"max":0.0083108721301,"mean":0.00424047978595,"median":0.00442033680156,"min":3.1271643261e-12,"var":0.00000330805710291},"spectral_rolloff":{"dmean":399.107910156,"dmean2":663.838623047,"dvar":679528.4375,"dvar2":1429252.125,"max":19982.8125,"mean":1865.1932373,"median":1119.7265625,"min":21.533203125,"var":10852282},"spectral_skewness":{"dmean":0.259418696165,"dmean2":0.404086709023,"dvar":0.0815778076649,"dvar2":0.181649118662,"max":4.97046470642,"mean":1.63951647282,"median":1.54790616035,"min":-0.0940209999681,"var":0.423962801695},"spectral_spread":{"dmean":583005.4375,"dmean2":808802.5625,"dvar":1333539504130,"dvar2":2540079415300,"max":47782172,"mean":5163195,"median":3679605,"min":1703575.875,"var":45458298765300},"spectral_strongpeak":{"dmean":0.683788180351,"dmean2":1.14870262146,"dvar":1.30204749107,"dvar2":3.54054236412,"max":11.2994661331,"mean":1.14438939095,"median":0.511022150517,"min":0,"var":2.32321333885},"zerocrossingrate":{"dmean":0.00943922717124,"dmean2":0.0109365945682,"dvar":0.000202551018447,"dvar2":0.000253931299085,"max":0.52783203125,"mean":0.0660395249724,"median":0.04736328125,"min":0,"var":0.00728491181508}},"metadata":{"audio_properties":{"analysis_sample_rate":44100,"bit_rate":0,"codec":"flac","downmix":"mix","equal_loudness":0,"length":137.826660156,"lossless":true,"md5_encoded":"3e169f8292a9d7e962af093e0820d579","replay_gain":-10.2208461761,"sample_rate":44100},"tags":{"acoustid_id":["e51eacc6-4f8d-4b8d-985f-f5d2b120e6de"],"album":["Beatles for Sale"],"albumartist":["The Beatles"],"albumartistsort":["Beatles, The"],"artist":["The Beatles"],"artists":["The Beatles"],"artistsort":["Beatles, The"],"catalognumber":["PMC 1240"],"date":["1964-12-04"],"discnumber":["1"],"disctotal":["1"],"file_name":"01 No Reply.flac","genre":["Rock"],"label":["Parlophone"],"language":["eng"],"media":["12\" Vinyl"],"musicbrainz_albumartistid":["b10bbbfc-cf9e-42e0-be17-e2c3e1d2600d"],"musicbrainz_albumid":["c9f28bf9-3e03-4da2-b0b8-5d76691df7de"],"musicbrainz_artistid":["b10bbbfc-cf9e-42e0-be17-e2c3e1d2600d"],"musicbrainz_recordingid":["e936441e-ee84-4218-b5be-d4db11e458c5"],"musicbrainz_releasegroupid":["f50a3b6f-27f0-3832-bd3f-3568dc557d95"],"musicbrainz_releasetrackid":["8c29880e-521e-3506-8ce4-04e185b2c937"],"musicbrainz_workid":["7a74f92d-0a91-31d4-bd07-49c5577fbadd"],"originaldate":["1964-12-04"],"performer":["John Lennon (lead vocals)"],"producer":["George Martin"],"releasecountry":["GB"],"releasestatus":["official"],"releasetype":["album"],"script":["Latn"],"title":["No Reply"],"totaldiscs":["1"],"totaltracks":["14"],"tracknumber":["1"],"tracktotal":["14"],"work":["No Reply"],"writer":["John Lennon","Paul McCartney"]},"version":{"essentia":"2.1-beta1","essentia_build_sha":"ca57ba49d9b1854bd80e60cf9ccf267278fb7d6b","essentia_git_sha":"v2.1_beta1-28-g21ef5f4-dirty","extractor":"music 1.0"}},"rhythm":{"beats_count":285,"beats_loudness":{"dmean":0.0107790194452,"dmean2":0.0175853744149,"dvar":0.0000765195509302,"dvar2":0.000186702629435,"max":0.0618489570916,"mean":0.0283177290112,"median":0.0292402654886,"min":0,"var":0.00020525882428},"beats_loudness_band_ratio":{"dmean":[0.209777489305,0.1