{"lowlevel":{"average_loudness":0.951020777225,"barkbands":{"dmean":[0.00103291054256,0.00812624860555,0.00148379907478,0.00116903218441,0.00148610211909,0.00186118844431,0.00168364692945,0.00224554794841,0.000879915838595,0.000980734708719,0.000195786211407,0.000630624126643,0.000265154172666,0.000103034479253,0.0000938636949286,0.000101544734207,0.000395411043428,0.0000894316763151,0.0000460009687231,0.000054792209994,0.0000931967952056,0.000144458492287,0.000126007929794,0.000130892774905,0.000158094801009,0.000193003783352,0.0000020696604679],"dmean2":[0.00135255162604,0.0103161176667,0.00258328416385,0.00194603542332,0.00238991808146,0.00318788480945,0.00277583044954,0.00359019939788,0.00156209827401,0.00164966669399,0.000321124854963,0.00117376481649,0.00048555090325,0.000169310063939,0.000151531901793,0.000171034698724,0.000714544032235,0.000150519321323,0.0000763794159866,0.0000942447950365,0.000161320131156,0.00022690964397,0.00020664310432,0.000199981455808,0.000253985781455,0.000343523512129,0.00000375015156351],"dvar":[0.00000614208056504,0.000380694662454,0.0000233967002714,0.00000944715338846,0.0000149490697368,0.000024566637876,0.0000211688293348,0.0000574372897972,0.0000106107891042,0.00000803106377134,2.15483055399e-7,0.00000503277078678,7.4641224046e-7,1.88768723319e-7,7.10999756848e-8,7.24184801015e-8,0.00000193045730157,5.33700088567e-8,1.10783364704e-8,1.9508252791e-8,6.9364446631e-8,1.84274838944e-7,9.9916675822e-8,1.12760979221e-7,1.12795980556e-7,1.78134285989e-7,2.4772666557e-11],"dvar2":[0.0000112667366921,0.000640701502562,0.0000686525017954,0.0000268982057605,0.0000434370413132,0.0000673477698001,0.0000549224969291,0.00014758753241,0.0000300732226606,0.0000219531739276,5.56792770112e-7,0.0000145794920172,0.00000211341307477,4.31458232697e-7,1.59711277092e-7,1.76380424932e-7,0.00000548156276636,1.40733831699e-7,2.84194747735e-8,5.26606278584e-8,1.89223896996e-7,4.46620731509e-7,2.44596691346e-7,2.29723966072e-7,2.63102947429e-7,4.74141728546e-7,6.64293273167e-11],"max":[0.0326909944415,0.216926395893,0.0596021637321,0.0362243317068,0.0432520732284,0.0591952577233,0.0572239644825,0.0745414271951,0.0431657582521,0.0321820452809,0.00620435131714,0.0183007232845,0.0104178460315,0.0217447131872,0.00728986831382,0.0059548583813,0.0134010501206,0.00516699068248,0.00243532122113,0.0012685128022,0.00224230135791,0.00482419971377,0.00364357652143,0.00346323708072,0.00340228318237,0.00294977822341,0.0000764733485994],"mean":[0.00265954341739,0.0210129451007,0.00220365752466,0.00178740965202,0.00223803543486,0.00206004362553,0.00197763857432,0.00197728979401,0.000705764337908,0.000921580416616,0.000245254079346,0.000432626577094,0.000181955590961,0.0000990294356598,0.0000942866463447,0.000094911098131,0.000284463487333,0.0000889057191671,0.000046143639338,0.0000494674532092,0.0000832119694678,0.000155056812218,0.000146237725858,0.000165310775628,0.000148691848153,0.000139226845931,0.00000143999420743],"median":[0.000814107828774,0.00750343035907,0.00105556193739,0.000740282004699,0.00109307025559,0.000202024471946,0.0000601354331593,0.0000325831788359,0.0000224755785894,0.0000362285645679,0.0000188792146218,0.000017100966943,0.00000890029332368,0.00000563425692235,0.00000743696637073,0.00000694872142049,0.0000101452906165,0.00000408855976275,0.00000340871565641,0.00000123581401112,9.71813847173e-7,0.00000121644052342,0.0000014104539332,8.83781922312e-7,4.22870527927e-7,6.37153107164e-7,2.84508274717e-8],"min":[9.22851454328e-24,1.86360658022e-23,2.01515938188e-24,4.46272064162e-24,1.20619056996e-23,4.04506162745e-23,5.95117613532e-23,3.57645079739e-23,3.19168578414e-23,1.26733205483e-22,5.0873541959e-23,5.63666612765e-23,1.29225412721e-22,9.8568693911e-23,1.40379161236e-22,1.03642798715e-22,2.52523842092e-22,1.84710859568e-22,2.22922852677e-22,5.91703587617e-22,5.58825783597e-22,3.91202761952e-22,5.40522544522e-22,8.72398775973e-22,1.28661512226e-21,1.78887723131e-21,2.11338547666e-21],"var":[0.0000221056125156,0.00129447376821,0.0000166475147125,0.00000947345233726,0.0000134170268211,0.0000229201741604,0.0000267693030764,0.000049509711971,0.0000068476888373,0.00000669503788231,2.7913699796e-7,0.00000284606539935,4.59036925804e-7,2.01995902671e-7,9.12077453563e-8,8.87277735728e-8,0.00000121964239952,6.24962339657e-8,1.09382050084e-8,1.61970330481e-8,5.74728922231e-8,2.07846852618e-7,1.42773998846e-7,1.98786736405e-7,1.44263779589e-7,1.3395391818e-7,1.84354215921e-11]},"barkbands_crest":{"dmean":2.62335515022,"dmean2":4.16001939774,"dvar":8.70945835114,"dvar2":20.3120288849,"max":26.6059551239,"mean":13.8670082092,"median":12.5905885696,"min":2.80620193481,"var":31.087594986},"barkbands_flatness_db":{"dmean":0.058084782213,"dmean2":0.0760017707944,"dvar":0.00503670191392,"dvar2":0.00845335517079,"max":0.827337622643,"mean":0.288580775261,"median":0.242673635483,"min":0.0382286161184,"var":0.0273486170918},"barkbands_kurtosis":{"dmean":17.8884658813,"dmean2":29.2904777527,"dvar":3645.80639648,"dvar2":9855.1640625,"max":981.046630859,"mean":26.2738113403,"median":7.497423172,"min":-1.96238696575,"var":4800.23144531},"barkbands_skewness":{"dmean":1.22632586956,"dmean2":1.8599832058,"dvar":3.37377715111,"dvar2":8.80965232849,"max":24.7530593872,"mean":2.32735514641,"median":2.00329971313,"min":-12.6809520721,"var":6.96574831009},"barkbands_spread":{"dmean":9.51731395721,"dmean2":14.6719760895,"dvar":201.252731323,"dvar2":490.064025879,"max":130.807098389,"mean":16.2205238342,"median":8.67145729065,"min":0.105022847652,"var":353.46762085},"dissonance":{"dmean":0.0421775728464,"dmean2":0.0682284682989,"dvar":0.00240542995743,"dvar2":0.00566351879388,"max":0.500000059605,"mean":0.410154372454,"median":0.442165791988,"min":0.104893401265,"var":0.00761523889378},"dynamic_complexity":5.95265483856,"erbbands":{"dmean":[0.421395331621,1.32674908638,1.75083947182,2.78911423683,4.27095079422,4.77243900299,10.91061306,16.3832817078,28.7710132599,18.5212059021,52.244342804,23.5610408783,29.1207618713,18.6039657593,7.70024108887,28.6369686127,14.8872184753,5.55155229568,5.04392337799,4.77254295349,12.4144248962,16.4716472626,5.36693954468,2.67637991905,2.67696666718,2.61994838715,3.79762911797,3.59130239487,6.20369958878,4.03009605408,3.72300291061,3.01409173012,2.09456944466,1.72380614281,1.15820860863,0.86797606945,0.343500494957,0.0428806580603,0.000785885029472,0.000045496308303],"dmean2":[0.509618639946,1.9317728281,3.00825428963,4.80799198151,6.76130199432,7.48647594452,19.2259788513,27.4404582977,47.3739814758,29.6093006134,83.8908996582,41.2891120911,48.6361198425,31.4946269989,12.7239255905,53.5844612122,27.6057281494,9.07998943329,8.20192050934,7.67727184296,21.9809417725,29.4064311981,9.10102558136,4.37899589539,4.52062320709,4.53369665146,6.66888713837,6.08825492859,10.0730648041,6.22686576843,6.38657808304,4.49379682541,3.18778324127,2.70479011536,1.9120143652,1.53555226326,0.605077028275,0.0768250823021,0.00139738572761,0.0000728524610167],"dvar":[1.12804377079,11.2943687439,29.8612346649,73.0673522949,94.5436401367,146.571685791,2489.12768555,1530.21972656,6608.46191406,2433.45263672,28599.3945313,7161.55566406,8228.81347656,2659.91259766,270.894134521,10921.6855469,2565.59765625,662.707580566,190.868499756,163.828277588,1557.87609863,2870.8034668,184.06237793,42.8889312744,35.1061248779,50.1052322388,147.209289551,90.8252792358,392.688812256,91.7097473145,103.151115417,72.0402755737,23.4412498474,14.4517478943,6.02504587173,3.66122031212,0.558900177479,0.00875334907323,0.00000287994362225,6.23156859447e-9],"dvar2":[1.78462648392,26.7837543488,87.2773971558,213.281906128,261.023498535,421.856323242,7221.06542969,4080.50024414,17287.4121094,6083.37158203,73707.109375,20165.3925781,22397.9667969,7259.33447266,679.557861328,31700.7226563,7341.32763672,1460.41149902,458.399627686,364.547637939,4352.78955078,8078.99609375,477.287231445,107.654594421,90.8896789551,136.66708374,414.158630371,239.316497803,947.981750488,224.886505127,277.379211426,154.001159668,47.2372207642,32.2231407166,14.695763588,9.7826461792,1.46658492088,0.0234394017607,0.00000768142035668,1.58618771451e-8],"max":[11.8265314102,36.3904304504,63.6598320007,107.935577393,224.31652832,145.161605835,655.725952148,596.731140137,1092.89904785,558.567993164,1601.12597656,1051.04504395,1221.96044922,585.920043945,243.402542114,855.784301758,455.335998535,1376.65490723,278.950134277,350.532348633,355.476745605,548.41619873,330.537597656,134.218460083,74.6639404297,67.4445724487,126.543251038,90.6103439331,234.101852417,141.273391724,102.912368774,83.8435516357,67.4624099731,42.6818656921,21.2988204956,13.8462104797,5.46465349197,0.612112104893,0.0109423501417,0.000534631020855],"mean":[1.07809734344,2.764523983,2.9984369278,3.99452829361,7.33675479889,7.08697891235,10.1890554428,19.1660060883,30.5734138489,23.1919574738,45.8947257996,19.4981193542,27.7624664307,18.9717769623,9.27899837494,19.4036445618,10.0098056793,5.47151994705,4.85965204239,5.00298261642,9.62385463715,12.5586662292,5.39051675797,2.90703988075,2.43349862099,2.36532354355,3.23360896111,3.49257683754,6.41391944885,4.49016809464,4.09325695038,3.77282691002,2.57581496239,1.75723206997,1.01027369499,0.634039402008,0.251845777035,0.0302664712071,0.00057903531706,0.0000680898956489],"median":[0.306921005249,1.28515577316,1.97425436974,2.08358478546,3.63471627235,3.07780885696,2.3464846611,1.79209196568,1.11442780495,1.11639893055,1.11908638477,0.725567221642,1.15980136395,1.58785104752,1.21121621132,0.844921588898,0.654974400997,0.420749545097,0.453795015812,0.464021682739,0.593715429306,0.554118275642,0.268779575825,0.209105402231,0.14491173625,0.0766921341419,0.0505379587412,0.0358809046447,0.0445953831077,0.0423706285655,0.0380325838923,0.0244393385947,0.0113026313484,0.00562217831612,0.00276800431311,0.00180174899288,0.00105309451465,0.000314673234243,0.000025416356948,0.0000325490291289],"min":[1.14495842288e-21,1.73819545512e-21,2.43026794879e-21,7.525262698e-21,1.87686117766e-20,5.29822397843e-20,1.5047561763e-19,3.84346085352e-19,7.27131514802e-19,9.25246803279e-19,6.51101932583e-19,6.4672707772e-19,3.21052949406e-18,3.07653781535e-18,2.12018736668e-18,3.18513442887e-18,6.16429426776e-18,3.3822319233e-18,8.58448701452e-18,6.08177803858e-18,7.58756728591e-18,1.26810171073e-17,1.06004825044e-17,1.13604282225e-17,1.5701041116e-17,2.80374820771e-17,2.72883045963e-17,1.73936147767e-17,1.4845976245e-17,1.76556490512e-17,1.27761213711e-17,1.62322598141e-17,1.5578479419e-17,1.44879857108e-17,9.55724148872e-18,5.61591901657e-18,3.63383669099e-18,1.2155822352e-18,3.49113025094e-19,3.00829465226e-20],"var":[4.07165002823,20.5628051758,22.4531173706,52.2469024658,128.996826172,136.189254761,1514.97790527,1759.29675293,6361.31933594,3750.61938477,24508.546875,4722.07763672,6773.79882813,2336.25952148,371.859771729,6117.25048828,1499.31958008,745.922607422,201.8959198,244.181472778,1088.01672363,1925.05419922,222.969207764,53.0494766235,31.7045955658,39.7681465149,102.331893921,91.663444519,426.866333008,118.853500366,126.241012573,115.979576111,44.614151001,20.9099788666,6.63978528976,2.79361343384,0.438319087029,0.0063540530391,0.00000214374426832,7.53452589208e-9]},"erbbands_crest":{"dmean":3.28469228745,"dmean2":5.27601671219,"dvar":10.7733726501,"dvar2":27.0662345886,"max":30.3353805542,"mean":12.37799263,"median":11.7843942642,"min":2.1775560379,"var":29.7572307587},"erbbands_flatness_db":{"dmean":0.0406651087105,"dmean2":0.0558261238039,"dvar":0.00234903814271,"dvar2":0.00426184665412,"max":0.470997959375,"mean":0.216253384948,"median":0.205343991518,"min":0.0263624973595,"var":0.0105662941933},"erbbands_kurtosis":{"dmean":7.12045717239,"dmean2":10.2036886215,"dvar":215.238555908,"dvar2":332.547180176,"max":512.415283203,"mean":15.7569408417,"median":2.55818748474,"min":-1.94469630718,"var":2705.50268555},"erbbands_skewness":{"dmean":0.967035651207,"dmean2":1.41139531136,"dvar":1.39311623573,"dvar2":3.1129796505,"max":17.1571884155,"mean":1.05697059631,"median":0.728775978088,"min":-9.35112476349,"var":8.36772060394},"erbbands_spread":{"dmean":15.3201160431,"dmean2":23.5474376678,"dvar":475.286071777,"dvar2":1143.09667969,"max":239.772201538,"mean":34.7376441956,"median":22.6299343109,"min":0.552327096462,"var":1119.28222656},"gfcc":{"cov":[[27438.2480469,-1473.40771484,-3828.51245117,-580.735961914,-3577.48950195,646.117614746,-968.247253418,19.3470497131,-364.902282715,298.368621826,-555.916381836,334.460601807,-152.618225098],[-1473.40771484,3882.61914063,493.609222412,-823.29675293,661.605041504,-450.028259277,476.852478027,-322.988800049,286.937988281,-472.328887939,248.050796509,-140.667541504,297.180541992],[-3828.51245117,493.609222412,3664.82055664,639.932861328,-237.63053894,137.037567139,253.12121582,-293.958068848,59.9603805542,98.0453720093,110.486328125,-36.4154891968,273.777282715],[-580.735961914,-823.29675293,639.932861328,1152.13708496,159.955810547,-60.8512382507,-206.13331604,-112.646713257,-84.5762252808,-32.031829834,-76.4589004517,-19.5102024078,5.8174238205],[-3577.48950195,661.605041504,-237.63053894,159.955810547,1578.28442383,-369.145019531,65.3557739258,72.6170806885,-28.4757232666,-256.334838867,74.4257965088,-59.4339599609,-50.7816200256],[646.117614746,-450.028259277,137.037567139,-60.8512382507,-369.145019531,494.206115723,123.228012085,-52.7274246216,-10.7766647339,131.743240356,42.0371932983,4.46145486832,15.1556558609],[-968.247253418,476.852478027,253.12121582,-206.13331604,65.3557739258,123.228012085,392.03527832,8.52305316925,69.8508834839,8.60782718658,89.1279296875,-27.2223396301,79.1358642578],[19.3470497131,-322.988800049,-293.958068848,-112.646713257,72.6170806885,-52.7274246216,8.52305316925,260.926147461,26.7426338196,35.8852005005,-53.2923774719,25.4913406372,-40.9523468018],[-364.902282715,286.937988281,59.9603805542,-84.5762252808,-28.4757232666,-10.7766647339,69.8508834839,26.7426338196,323.00402832,29.0178165436,88.7190322876,-17.4920368195,60.8424377441],[298.368621826,-472.328887939,98.0453720093,-32.031829834,-256.334838867,131.743240356,8.60782718658,35.8852005005,29.0178165436,233.500213623,48.5504264832,0.169030949473,-45.2656173706],[-555.916381836,248.050796509,110.486328125,-76.4589004517,74.4257965088,42.0371932983,89.1279296875,-53.2923774719,88.7190322876,48.5504264832,211.650497437,-9.61642169952,4.38040685654],[334.460601807,-140.667541504,-36.4154891968,-19.5102024078,-59.4339599609,4.46145486832,-27.2223396301,25.4913406372,-17.4920368195,0.169030949473,-9.61642169952,109.596832275,30.7350959778],[-152.618225098,297.180541992,273.777282715,5.8174238205,-50.7816200256,15.1556558609,79.1358642578,-40.9523468018,60.8424377441,-45.2656173706,4.38040685654,30.7350959778,146.510864258]],"icov":[[0.0000988661049632,-0.000195712142158,0.000143689030665,-0.000186658318853,0.000250843673712,-0.00021391818882,0.000233954211581,-0.000207059376407,0.000144107019878,-0.000214572166442,0.000124458572827,-0.000279039813904,0.0000923811385292],[-0.000195712142158,0.00188957166392,-0.000469404243631,0.00166024337523,-0.000622314575594,0.00185664091259,-0.00133856548928,0.00220020511188,-0.000781867885962,0.00247108703479,-0.00102415529545,0.00214229896665,-0.00162581424229],[0.000143689030665,-0.000469404243631,0.000663978338707,-0.000695755938068,0.000421434786404,-0.000361707760021,0.000159326227731,-0.000243436632445,0.000391896493966,-0.000986265018582,0.000178752772626,-0.000392531219404,-0.000472376734251],[-0.000186658318853,0.00166024337523,-0.000695755938068,0.00273648509756,-0.000892144045793,0.00146719452459,-0.000329941103701,0.0022837985307,-0.000646460510325,0.00197801389731,-0.000403135054512,0.00209662225097,-0.00156320200767],[0.000250843673712,-0.000622314575594,0.000421434786404,-0.000892144045793,0.00179932371248,-0.0000629366695648,0.000162825686857,-0.00128828233574,0.000661698461045,0.00055844464805,-0.000614936288912,-0.000486356439069,0.000971788540483],[-0.00021391818882,0.00185664091259,-0.000361707760021,0.00146719452459,-0.0000629366695648,0.0050274473615,-0.00267947628163,0.00288481847383,-0.000332375115249,0.00111049518455,-0.00113888736814,0.00187819567509,-0.00153823941946],[0.000233954211581,-0.00133856548928,0.000159326227731,-0.000329941103701,0.000162825686857,-0.00267947628163,0.00576511165127,-0.00274978717789,0.000921864644624,-0.00155096570961,-0.000637886114419,0.000431773980381,-0.00180825567804],[-0.000207059376407,0.00220020511188,-0.000243436632445,0.0022837985307,-0.00128828233574,0.00288481847383,-0.00274978717789,0.00883039925247,-0.00228018476628,0.000725844001863,0.00188158242963,0.0000276901173493,0.00000332407216774],[0.000144107019878,-0.000781867885962,0.000391896493966,-0.000646460510325,0.000661698461045,-0.000332375115249,0.000921864644624,-0.00228018476628,0.00493257213384,-0.00149454781786,-0.00189824064728,0.00103093357757,-0.00251180306077],[-0.000214572166442,0.00247108703479,-0.000986265018582,0.00197801389731,0.00055844464805,0.00111049518455,-0.00155096570961,0.000725844001863,-0.00149454781786,0.011390408501,-0.00370787526481,0.00259312661365,0.00135458668228],[0.000124458572827,-0.00102415529545,0.000178752772626,-0.000403135054512,-0.000614936288912,-0.00113888736814,-0.000637886114419,0.00188158242963,-0.00189824064728,-0.00370787526481,0.00865881983191,-0.00287059298716,0.00265018967912],[-0.000279039813904,0.00214229896665,-0.000392531219404,0.00209662225097,-0.000486356439069,0.00187819567509,0.000431773980381,0.0000276901173493,0.00103093357757,0.00259312661365,-0.00287059298716,0.0146537963301,-0.00718937488273],[0.0000923811385292,-0.00162581424229,-0.000472376734251,-0.00156320200767,0.000971788540483,-0.00153823941946,-0.00180825567804,0.00000332407216774,-0.00251180306077,0.00135458668228,0.00265018967912,-0.00718937488273,0.0155283566564]],"mean":[-132.213562012,113.756248474,-49.0437927246,28.4445228577,-33.8336143494,18.107000351,-27.231924057,14.3424425125,-14.2230815887,2.37418198586,-12.3026895523,7.85672998428,-8.9286699295]},"hfc":{"dmean":12.6173906326,"dmean2":19.8066310883,"dvar":489.564453125,"dvar2":1183.56542969,"max":151.119613647,"mean":16.2659263611,"median":6.05375480652,"min":1.14304647777e-16,"var":617.045349121},"melbands":{"dmean":[0.00282693561167,0.00109233171679,0.000538073305506,0.000292532378808,0.000344144296832,0.000384820508771,0.000401943281759,0.000271500524832,0.000380170793505,0.000134912523208,0.000146797276102,0.0000824918824947,0.0000253867729043,0.0000465342454845,0.0000828819320304,0.0000160158870131,0.00000950545563683,0.00000827100120659,0.00000699011661709,0.00000611789027971,0.0000198435900529,0.0000230966270465,0.000006093421689,0.00000362157356903,0.00000204795901482,0.00000178411596607,0.00000202527462534,0.00000159797752985,0.00000251721212408,0.00000196476889869,0.00000206249956136,0.00000388969510823,0.00000254312544712,0.00000235016591432,0.00000204642196877,0.00000218573427446,0.00000171440785834,0.0000014958269503,0.00000143885199577,0.00000144334819652],"dmean2":[0.00349283893593,0.00175305677112,0.000902957981452,0.000452109379694,0.000596985104494,0.000640096550342,0.00066373986192,0.000429959443863,0.000612660136539,0.000239278611843,0.000246247829637,0.000140461765113,0.0000415502254327,0.0000837692277855,0.000158118491527,0.0000282111050183,0.0000156100541062,0.0000137476881719,0.0000112891711979,0.0000100550287243,0.0000356277159881,0.0000417644914705,0.0000102959756987,0.00000609360358794,0.00000334135120283,0.00000299388784697,0.00000350177356268,0.00000275306729236,0.00000448610853709,0.00000338263498634,0.0000035690770801,0.00000619991578787,0.00000388529542761,0.00000383607948606,0.0000035331224808,0.00000370342422684,0.00000267274481303,0.00000229570127885,0.00000222916787607,0.00000227401415032],"dvar":[0.0000478764122818,0.0000092173122539,0.00000225926896746,3.67361366216e-7,0.00000224104360314,8.26768143725e-7,0.00000121838036193,6.67443828206e-7,0.00000141433918088,2.70931082014e-7,2.02203821686e-7,5.19697564982e-8,3.52561002614e-9,2.05524930408e-8,1.03582472377e-7,2.64952992879e-9,1.96774219141e-9,5.77566494631e-10,4.01038563469e-10,3.09666653431e-10,4.7340611431e-9,6.57290399886e-9,3.21998927522e-10,8.63443344601e-11,2.86555449508e-11,1.70286753448e-11,2.23060805937e-11,1.87588677231e-11,8.01044300336e-11,2.69027647382e-11,3.11948834819e-11,1.61484617345e-10,4.93395081735e-11,3.38835313973e-11,3.00979727252e-11,4.18155544912e-11,2.26802535086e-11,1.35514325456e-11,9.86316757434e-12,1.03645200061e-11],"dvar2":[0.0000765710283304,0.0000254700444202,0.00000653023289487,0.00000104554294467,0.00000651193840895,0.00000219088042286,0.0000031904169191,0.00000169130578342,0.0000036465512494,7.66963808019e-7,5.51175560304e-7,1.42398533853e-7,8.96932395023e-9,5.88582942385e-8,3.01566586813e-7,6.42579367494e-9,4.35928049214e-9,1.39746436645e-9,9.11750508426e-10,7.46063766321e-10,1.33829516358e-8,1.86511375233e-8,7.94697252449e-10,2.26888091648e-10,7.18679768474e-11,4.36403760351e-11,6.02415964335e-11,5.05096069137e-11,2.28522825663e-10,7.19373657865e-11,8.39586594692e-11,3.81680048678e-10,1.2776342484e-10,8.54779996784e-11,8.35520819198e-11,1.03291576681e-10,4.65602105482e-11,2.75396320332e-11,2.2015599413e-11,2.28266624352e-11],"max":[0.0763455405831,0.0348448902369,0.0182062257081,0.00988397467881,0.0196150392294,0.0118121597916,0.0146489134058,0.00822210405022,0.0107554681599,0.00679347570986,0.00598798133433,0.00247693806887,0.000732890795916,0.00117641629186,0.00258300290443,0.00187806156464,0.00234441878274,0.000453881046269,0.000506149604917,0.000446962047135,0.000636659387965,0.000837047118694,0.000340949132806,0.000218953064177,0.000114503040095,0.0000748301390558,0.0000435029578512,0.0000410657376051,0.0000979984397418,0.0000523696871824,0.000054133044614,0.000174899905687,0.0000798595574452,0.000111367713544,0.0000585547641094,0.000066162821895,0.0000505408534082,0.0000688151485519,0.0000335679433192,0.0000376651842089],"mean":[0.0072893970646,0.00218927278183,0.000842199253384,0.000521144305822,0.000346483895555,0.000446702499175,0.000448858481832,0.000299434701446,0.000331706978614,0.000109489672468,0.000138534232974,0.0000807690739748,0.0000315103861794,0.0000370687521354,0.0000501420545334,0.0000130925482154,0.00000945028295973,0.00000761166575103,0.00000706348737367,0.00000617015984972,0.0000142938279168,0.0000165105848282,0.00000612331859884,0.0000036233643641,0.00000218950117414,0.00000168514520738,0.00000169132022165,0.00000148841377268,0.0000020220497845,0.00000184329292097,0.00000196817154574,0.0000038747734834,0.00000269309657597,0.00000246511308433,0.0000021750806809,0.00000253486928159,0.00000217323645302,0.00000186794341062,0.00000154333133651,0.00000144594673657],"median":[0.00228426768444,0.00149910966866,0.000456898327684,0.000278330175206,0.0000932910552365,0.0000355141746695,0.0000155569850904,0.0000100443421616,0.0000061093696786,0.00000341733266396,0.00000426486531069,0.0000059558196881,0.00000293737730317,0.00000205362402994,0.00000138866539601,8.24902031127e-7,5.52370693185e-7,5.02315913309e-7,5.66829953641e-7,4.87570105179e-7,6.21408389634e-7,5.68159407521e-7,2.40678275532e-7,1.74552496901e-7,1.53751301468e-7,1.01011103482e-7,6.9117660928e-8,2.96691986534e-8,2.83647523247e-8,2.28421725978e-8,1.21461631863e-8,2.19196678586e-8,2.04799626147e-8,2.25816236821e-8,2.14934576803e-8,1.86253963363e-8,1.24523049649e-8,7.92137644368e-9,5.20989562602e-9,3.59127438898e-9],"min":[7.65757851434e-24,1.59399601092e-24,1.6512034149e-24,2.60899848855e-24,4.34353283074e-24,9.10974916741e-24,1.14357378898e-23,1.01034906604e-23,4.38853813424e-24,4.68471951098e-24,1.6526785848e-23,1.2814922343e-23,7.73273723709e-24,5.95946509128e-24,1.10949397235e-23,1.18787613853e-23,5.5922775556e-24,1.53769074826e-23,7.60567146678e-24,8.89597022868e-24,9.31204860225e-24,1.5375362893e-23,8.35217764114e-24,1.03316252898e-23,9.10355108728e-24,7.26888071393e-24,2.05547301404e-23,1.69549337934e-23,1.70636972018e-23,1.23530379721e-23,9.43722662841e-24,8.02260259899e-24,8.39309743401e-24,1.05467263595e-23,6.77400933542e-24,9.31327133666e-24,9.15353962512e-24,1.06220002559e-23,1.13501086162e-23,1.23181292993e-23],"var":[0.000171592444531,0.00000975267903414,0.00000191843855646,5.11678649673e-7,0.00000137931749578,9.42955637129e-7,0.00000127551879814,7.11892880645e-7,0.00000121194773328,1.75457003593e-7,1.66550265135e-7,4.47334613796e-8,4.62621096986e-9,1.28792123633e-8,5.61109061437e-8,2.50470355567e-9,2.19850537775e-9,5.72794367493e-10,5.30135157994e-10,4.04720701397e-10,3.03807978774e-9,4.13679890343e-9,4.10686123997e-10,1.02776537281e-10,3.40186663561e-11,1.60506902908e-11,1.78681913016e-11,1.57829409264e-11,5.0658175571e-11,2.53443065146e-11,3.04728291212e-11,1.78874984269e-10,5.24483720343e-11,3.973225568e-11,3.47437287274e-11,5.54156685817e-11,3.82190841475e-11,2.53400651157e-11,1.52518397217e-11,1.48626388974e-11]},"melbands_crest":{"dmean":3.28226232529,"dmean2":5.00101613998,"dvar":15.9095907211,"dvar2":31.1990604401,"max":37.8209190369,"mean":19.7803516388,"median":16.9832839966,"min":2.14303326607,"var":79.7212905884},"melbands_flatness_db":{"dmean":0.0696658492088,"dmean2":0.0903892070055,"dvar":0.00705220736563,"dvar2":0.0122126508504,"max":0.988098561764,"mean":0.396160393953,"median":0.349043250084,"min":0.00903852377087,"var":0.0389337353408},"melbands_kurtosis":{"dmean":35.0716590881,"dmean2":58.427936554,"dvar":17898.2226563,"dvar2":49685.8867188,"max":3406.09985352,"mean":47.6859130859,"median":17.092086792,"min":-1.95619976521,"var":17957.9238281},"melbands_skewness":{"dmean":1.56406092644,"dmean2":2.37444496155,"dvar":6.29796266556,"dvar2":16.4919128418,"max":40.069896698,"mean":3.67303967476,"median":3.18690490723,"min":-8.3062915802,"var":11.7836771011},"melbands_spread":{"dmean":8.57524490356,"dmean2":13.283290863,"dvar":259.753234863,"dvar2":642.203308105,"max":305.732574463,"mean":14.842218399,"median":8.13937187195,"min":0.071859665215,"var":423.676391602},"mfcc":{"cov":[[24309.8652344,-1455.56225586,-1344.50317383,-2142.3605957,-2197.65332031,-673.831237793,-1094.07873535,-467.228088379,-309.368286133,-241.117507935,-378.858764648,-221.61366272,-61.284942627],[-1455.56225586,3817.62890625,80.5236587524,-160.444839478,-29.8573799133,-98.7221374512,58.0795402527,191.701904297,84.1891403198,-135.353378296,-112.935440063,22.386762619,44.2800674438],[-1344.50317383,80.5236587524,3317.92822266,486.650787354,-395.744873047,451.342407227,21.4310836792,-267.173950195,82.2191009521,-14.003827095,-100.032051086,40.6786231995,76.7743606567],[-2142.3605957,-160.444839478,486.650787354,1140.75671387,591.617736816,107.86870575,65.8966293335,10.1092643738,-17.2962760925,-68.2683639526,-19.8901748657,-82.5990753174,-116.963562012],[-2197.65332031,-29.8573799133,-395.744873047,591.617736816,826.533630371,49.842212677,111.648918152,98.8977890015,-60.6157150269,-19.8965377808,31.7669734955,-6.80840492249,-53.9485282898],[-673.831237793,-98.7221374512,451.342407227,107.86870575,49.842212677,378.384460449,124.561546326,-7.12403297424,-3.4198346138,21.0483169556,-11.5328407288,-4.15554666519,26.4041252136],[-1094.07873535,58.0795402527,21.4310836792,65.8966293335,111.648918152,124.561546326,319.953338623,78.6939239502,11.8319654465,1.70366275311,40.8804092407,-3.30917525291,5.4700551033],[-467.228088379,191.701904297,-267.173950195,10.1092643738,98.8977890015,-7.12403297424,78.6939239502,198.490356445,77.4666519165,-17.8985652924,-11.3593959808,6.32892608643,3.01857876778],[-309.368286133,84.1891403198,82.2191009521,-17.2962760925,-60.6157150269,-3.4198346138,11.8319654465,77.4666519165,210.684585571,32.5279960632,-15.5602245331,13.5328035355,10.3522911072],[-241.117507935,-135.353378296,-14.003827095,-68.2683639526,-19.8965377808,21.0483169556,1.70366275311,-17.8985652924,32.5279960632,191.534942627,94.0968093872,30.8475131989,23.7828292847],[-378.858764648,-112.935440063,-100.032051086,-19.8901748657,31.7669734955,-11.5328407288,40.8804092407,-11.3593959808,-15.5602245331,94.0968093872,172.248031616,43.1020278931,4.51487350464],[-221.61366272,22.386762619,40.6786231995,-82.5990753174,-6.80840492249,-4.15554666519,-3.30917525291,6.32892608643,13.5328035355,30.8475131989,43.1020278931,127.870002747,78.2264938354],[-61.284942627,44.2800674438,76.7743606567,-116.963562012,-53.9485282898,26.4041252136,5.4700551033,3.01857876778,10.3522911072,23.7828292847,4.51487350464,78.2264938354,131.522384644]],"icov":[[0.0000784002040746,0.0000308231137751,0.0000468024918518,0.0000421948316216,0.000186249351827,0.00000100614010989,0.000160846480867,0.0000242941296165,0.000114495313028,0.0000708725710865,0.000108154978079,0.0000649048088235,0.0000411614164477],[0.0000308231137751,0.000308017304633,-0.0000530813194928,0.000120776589029,0.00000622610787104,0.000147262646351,0.0000256679795712,-0.000307841110043,0.0000506583564857,0.000174118424184,0.000133779118187,0.000047649609769,-0.0000403643971367],[0.0000468024918518,-0.0000530813194928,0.00069519324461,-0.000621488201432,0.000791947706603,-0.000653490540572,-0.0000261469467659,0.000875865458511,-0.000275306520052,0.0000667380300001,0.000361212325515,-0.000577810918912,-0.000140928212204],[0.0000421948316216,0.000120776589029,-0.000621488201432,0.00235462421551,-0.00184313848149,0.000227981960052,0.000292125507258,-0.0000541179542779,-0.000309039285639,0.000622167950496,-0.000313386990456,0.00115208455827,0.000860403932165],[0.000186249351827,0.00000622610787104,0.000791947706603,-0.00184313848149,0.00359236216173,-0.000549282005522,-0.0000525710129295,-0.000629287213087,0.00122100941371,-0.000270463497145,0.000521442736499,-0.00135643233079,0.000325398490531],[0.00000100614010989,0.000147262646351,-0.000653490540572,0.000227981960052,-0.000549282005522,0.00408652005717,-0.0014495201176,-0.000274434685707,0.00048930326011,-0.000877797661815,0.000787583703641,0.000817252323031,-0.000836924824398],[0.000160846480867,0.0000256679795712,-0.0000261469467659,0.000292125507258,-0.0000525710129295,-0.0014495201176,0.00486854929477,-0.00181179121137,0.000282882072497,0.000929833331611,-0.00175068550743,0.00122207461391,-0.000407274492318],[0.0000242941296165,-0.000307841110043,0.000875865458511,-0.0000541179542779,-0.000629287213087,-0.000274434685707,-0.00181179121137,0.00921889394522,-0.00372248678468,0.00112931721378,0.000719009258319,-0.000697669689544,-0.00030463328585],[0.000114495313028,0.0000506583564857,-0.000275306520052,-0.000309039285639,0.00122100941371,0.00048930326011,0.000282882072497,-0.00372248678468,0.00716684293002,-0.00218917662278,0.00161986518651,-0.000838182342704,0.000673126894981],[0.0000708725710865,0.000174118424184,0.0000667380300001,0.000622167950496,-0.000270463497145,-0.000877797661815,0.000929833331611,0.00112931721378,-0.00218917662278,0.00860142242163,-0.00489086424932,0.00101785664447,-0.00133112736512],[0.000108154978079,0.000133779118187,0.000361212325515,-0.000313386990456,0.000521442736499,0.000787583703641,-0.00175068550743,0.000719009258319,0.00161986518651,-0.00489086424932,0.0105538032949,-0.0043129529804,0.00258774776012],[0.0000649048088235,0.000047649609769,-0.000577810918912,0.00115208455827,-0.00135643233079,0.000817252323031,0.00122207461391,-0.000697669689544,-0.000838182342704,0.00101785664447,-0.0043129529804,0.0153614236042,-0.00848587695509],[0.0000411614164477,-0.0000403643971367,-0.000140928212204,0.000860403932165,0.000325398490531,-0.000836924824398,-0.000407274492318,-0.00030463328585,0.000673126894981,-0.00133112736512,0.00258774776012,-0.00848587695509,0.0139549821615]],"mean":[-792.348815918,147.77293396,45.9154548645,29.4351387024,23.1377048492,12.4710330963,5.31701231003,14.9394168854,5.86115789413,3.19543099403,1.17791306973,5.29814529419,4.98840618134]},"pitch_salience":{"dmean":0.0811513960361,"dmean2":0.128929227591,"dvar":0.00961970165372,"dvar2":0.0215822719038,"max":0.891590237617,"mean":0.466670811176,"median":0.514596164227,"min":0.0176249463111,"var":0.0388429686427},"silence_rate_20dB":{"dmean":0,"dmean2":0,"dvar":0,"dvar2":0,"max":1,"mean":1,"median":1,"min":1,"var":0},"silence_rate_30dB":{"dmean":0.0448293425143,"dmean2":0.0896739140153,"dvar":0.0428211167455,"dvar2":0.0894521400332,"max":1,"mean":0.905093371868,"median":1,"min":0,"var":0.0858960747719},"silence_rate_60dB":{"dmean":0.0414331816137,"dmean2":0.0828804373741,"dvar":0.0397212095559,"dvar2":0.0882386416197,"max":1,"mean":0.138709679246,"median":0,"min":0,"var":0.119460232556},"spectral_centroid":{"dmean":310.295318604,"dmean2":461.222412109,"dvar":216671.15625,"dvar2":475917.96875,"max":10863.5566406,"mean":918.72052002,"median":599.229736328,"min":47.5778388977,"var":703169.6875},"spectral_complexity":{"dmean":3.52487683296,"dmean2":5.39877700806,"dvar":29.6490802765,"dvar2":66.971321106,"max":49,"mean":8.25908279419,"median":7,"min":0,"var":54.6148872375},"spectral_contrast_coeffs":{"dmean":[0.0378603972495,0.0567977614701,0.0473137609661,0.0385866835713,0.0314813628793,0.0253655277193],"dmean2":[0.0600466951728,0.0878158435225,0.0716271996498,0.0583307258785,0.0473098270595,0.0386859215796],"dvar":[0.00119229895063,0.00294628110714,0.00203310139477,0.00150551227853,0.00120965903625,0.000723014702089],"dvar2":[0.00323321274482,0.006800618954,0.00405007740483,0.00312459655106,0.00245236093178,0.00142236088868],"max":[-0.42895206809,-0.315402299166,-0.416932433844,-0.463779062033,-0.507004976273,-0.594952762127],"mean":[-0.729536235332,-0.72631829977,-0.777061998844,-0.816513836384,-0.812962830067,-0.824543356895],"median":[-0.729975700378,-0.740734696388,-0.800494134426,-0.841723442078,-0.834797024727,-0.832845568657],"min":[-0.983687758446,-0.976511418819,-0.967434287071,-0.982780992985,-0.959451198578,-0.958400130272],"var":[0.00479359831661,0.0126673001796,0.0125858504325,0.00741086853668,0.00726232724264,0.00362609582953]},"spectral_contrast_valleys":{"dmean":[0.349239438772,0.630159437656,0.723460197449,0.802755832672,0.772930383682,0.789416193962],"dmean2":[0.546107172966,0.873823523521,0.993577480316,1.09736561775,1.04949557781,1.06640279293],"dvar":[0.185554757714,0.472665339708,0.645473361015,0.856242060661,0.872596383095,1.01861011982],"dvar2":[0.383590459824,0.922935903072,1.16397595406,1.5681283474,1.59852099419,1.73202812672],"max":[-4.73171806335,-3.97994232178,-4.88586044312,-6.00618267059,-5.92811107635,-7.5437002182],"mean":[-7.11725187302,-7.96761512756,-8.90997219086,-9.50756168365,-9.56750488281,-11.5285406113],"median":[-6.5745434761,-7.9868721962,-8.85438156128,-9.21406173706,-9.38347434998,-12.1650972366],"min":[-26.9226131439,-27.4435138702,-27.0029163361,-27.0126457214,-27.3517150879,-27.2269001007],"var":[2.39479994774,3.23438096046,3.67437195778,3.75411438942,3.58414816856,3.93377041817]},"spectral_decrease":{"dmean":4.00768440656e-9,"dmean2":5.65321078838e-9,"dvar":4.77383533908e-17,"dvar2":9.98531539665e-17,"max":5.343324741e-11,"mean":-1.02072856834e-8,"median":-6.23246920739e-9,"min":-6.67294131063e-8,"var":1.48458101472e-16},"spectral_energy":{"dmean":0.0159807279706,"dmean2":0.022695414722,"dvar":0.000731791777071,"dvar2":0.00155544665176,"max":0.259089797735,"mean":0.0400000438094,"median":0.0247404873371,"min":1.04793056112e-20,"var":0.00219182460569},"spectral_energyband_high":{"dmean":0.000817973457742,"dmean2":0.00131100451108,"dvar":0.00000314728572448,"dvar2":0.00000756523058953,"max":0.0143925929442,"mean":0.000865495414473,"median":0.00000912769610295,"min":7.62520695707e-21,"var":0.00000406614572057},"spectral_energyband_low":{"dmean":0.00930671952665,"dmean2":0.0115655669942,"dvar":0.000432411179645,"dvar2":0.000668656663038,"max":0.236974790692,"mean":0.0265005175024,"median":0.0115326810628,"min":2.9566238515e-23,"var":0.00172141531948},"spectral_energyband_middle_high":{"dmean":0.00237833964638,"dmean2":0.004065297544,"dvar":0.000022988731871,"dvar2":0.000061732956965,"max":0.0391844809055,"mean":0.00233649974689,"median":0.000675661605783,"min":1.72277911879e-21,"var":0.0000188229569176},"spectral_energyband_middle_low":{"dmean":0.00778250070289,"dmean2":0.012890746817,"dvar":0.000313873344567,"dvar2":0.000828177202493,"max":0.166089460254,"mean":0.0111207282171,"median":0.00604297034442,"min":2.31945351461e-22,"var":0.000318042439176},"spectral_entropy":{"dmean":0.49155908823,"dmean2":0.649811983109,"dvar":0.365847408772,"dvar2":0.668729841709,"max":9.79489326477,"mean":6.67242765427,"median":6.8379278183,"min":3.52914643288,"var":1.53420698643},"spectral_flux":{"dmean":0.0396390855312,"dmean2":0.0595779530704,"dvar":0.00347467744723,"dvar2":0.00678753573447,"max":0.46944925189,"mean":0.0784551203251,"median":0.051962569356,"min":1.02368481747e-10,"var":0.00616126181558},"spectral_kurtosis":{"dmean":12.532784462,"dmean2":19.0727500916,"dvar":572.911437988,"dvar2":1105.56433105,"max":295.610961914,"mean":24.6824703217,"median":9.05986976624,"min":-1.20512390137,"var":1540.3692627},"spectral_rms":{"dmean":0.00110094633419,"dmean2":0.00153769506142,"dvar":0.00000239501650867,"dvar2":0.00000517329635841,"max":0.0158987585455,"mean":0.00527284899727,"median":0.00491294823587,"min":3.19745423714e-12,"var":0.0000112215184345},"spectral_rolloff":{"dmean":665.119812012,"dmean2":1142.13574219,"dvar":2912456.5,"dvar2":6926865.5,"max":18389.3554688,"mean":988.862121582,"median":333.764648438,"min":21.533203125,"var":3383676.75},"spectral_skewness":{"dmean":0.971510350704,"dmean2":1.43847429752,"dvar":1.94609153271,"dvar2":3.67401576042,"max":14.2196817398,"mean":3.17304944992,"median":2.2590508461,"min":0.033647634089,"var":6.66765880585},"spectral_spread":{"dmean":1507569.75,"dmean2":2231861.75,"dvar":5344274677760,"dvar2":11075055517700,"max":40718108,"mean":4906589.5,"median":3811854.5,"min":389406.875,"var":12813033537500},"spectral_strongpeak":{"dmean":0.358638674021,"dmean2":0.587958037853,"dvar":0.396874397993,"dvar2":0.950304925442,"max":7.98821544647,"mean":0.576644957066,"median":0.276480138302,"min":0,"var":0.526250243187},"zerocrossingrate":{"dmean":0.016413513571,"dmean2":0.0197272915393,"dvar":0.000543844827916,"dvar2":0.000792240956798,"max":0.49462890625,"mean":0.0431459061801,"median":0.02880859375,"min":0.00048828125,"var":0.00205883337185}},"metadata":{"audio_properties":{"analysis_sample_rate":44100,"bit_rate":192000,"codec":"mp3","downmix":"mix","equal_loudness":0,"length":136.724899292,"lossless":false,"md5_encoded":"8ae4e4f15ca3af0e7cdbc063c1f7593d","replay_gain":-6.40898895264,"sample_rate":44100},"tags":{"album":["Honky"],"albumartist":["Melvins"],"albumartistsort":["Melvins"],"artist":["Melvins"],"artistsort":["Melvins"],"barcode":["792401006421"],"catalognumber":["Am Rep 064-2"],"contentgroup":["Rock"],"date":["1997-05-05"],"discnumber":["1/1"],"file_name":"06 - Laughing With Lucifer at Satan's Sideshow.mp3","genre":["Rock","Grunge","Stoner Rock","Sludge Metal","Experimental","Alternative"],"label":["Amphetamine Reptile Records"],"language":["eng"],"media":["CD"],"musicbrainz album release country":["US"],"musicbrainz album status":["official"],"musicbrainz album type":["album"],"musicbrainz_albumartistid":["9ccfbc94-a4f4-42f7-b6f5-d903ab77cccb"],"musicbrainz_albumid":["77a950de-ce2e-4b8f-a72a-b98580130d40"],"musicbrainz_artistid":["9ccfbc94-a4f4-42f7-b6f5-d903ab77cccb"],"musicbrainz_recordingid":["e93c0810-536a-45d3-9440-5cdfea0877f4"],"musicip_puid":["55ee631e-2b6a-78de-7574-ab226bc92b53"],"script":["Latn"],"title":["Laughing With Lucifer at Satan's Sideshow"],"tracknumber":["6/10"]},"version":{"essentia":"2.1-beta2","essentia_build_sha":"2d9f1f26377add8aeb1075a9c2973f962c4f09fd","essentia_git_sha":"v2.1_beta2-1-ge3940c0","extractor":"music 1.0"}},"rhythm":{"beats_count":271,"beats_loudness":{"dmean":0.102064430714,"dmean2":0.195471718907,"dvar":0.00501136435196,"dvar2":0.0174300298095,"max":0.241669505835,"mean":0.0856026038527,"median":0.0479329265654,"min":6.80743937664e-7,"var":0.00612397724763},"beats_loudness_band_ratio":{"dmean":[0.4257337749,0.121558889747,0.218447133899