{"lowlevel":{"average_loudness":0.939063549042,"barkbands":{"dmean":[0.000121734134154,0.00255165458657,0.00274872453883,0.0010727243498,0.00234551052563,0.00050252355868,0.000494075822644,0.000940503785387,0.000669608649332,0.000647550390568,0.000352083065081,0.000409519940149,0.000371434463887,0.000595133809838,0.000530594203155,0.000330195645802,0.000344749772921,0.000204868701985,0.000162796190125,0.0001423262147,0.0000393940354115,0.0000432742599514,0.0000179157759703,0.00000982642632152,0.00000316361251862,8.17407112663e-7,1.56233440407e-7],"dmean2":[0.00021147573716,0.00405142176896,0.00441049318761,0.00178852363024,0.0038288529031,0.000841220549773,0.000764532305766,0.00150876468979,0.00104809366167,0.00101520295721,0.000562741886824,0.000658176722936,0.000611004245002,0.000968380947597,0.000848434749059,0.000523627444636,0.000573331781197,0.000324720836943,0.000255747581832,0.000225435054745,0.0000576260863454,0.0000586023561482,0.0000244102757279,0.0000132769828269,0.00000427140685133,0.00000111581300644,2.26503260592e-7],"dvar":[3.51799513965e-8,0.0000129424024635,0.0000125296546685,0.00000235567313212,0.0000136141406983,0.00000105261813133,7.54339794184e-7,0.00000346943170371,0.0000015215040321,0.00000186839929484,6.21362062247e-7,6.05514230756e-7,5.42151383343e-7,0.00000138028337915,0.00000103668912743,4.796110602e-7,9.6932615179e-7,1.16906299752e-7,1.1167343672e-7,6.89040291491e-8,1.11961897531e-8,3.78195004203e-8,8.47783887536e-9,2.50180542949e-9,2.37804276271e-10,2.22981459685e-11,8.55084395218e-13],"dvar2":[9.88722277384e-8,0.0000325829569192,0.0000309982533508,0.00000634113939668,0.000031839186704,0.00000290697653327,0.00000170849932601,0.00000880424431671,0.0000036854632981,0.00000453234042652,0.00000160359968504,0.00000147968410147,0.00000149826234974,0.0000035144546473,0.00000244734906119,0.00000115027773973,0.00000289343824988,2.91614384196e-7,2.80139630604e-7,1.63893687954e-7,2.01782679454e-8,5.92404774125e-8,1.35043292104e-8,4.36214753208e-9,3.96597699126e-10,3.80651517251e-11,1.55262087909e-12],"max":[0.00212198751979,0.0462412461638,0.0570750832558,0.0265066511929,0.043245472014,0.0128207197413,0.0188844893128,0.0248294435441,0.026707874611,0.0266608130187,0.0179719589651,0.0131646720693,0.012959510088,0.0233649965376,0.0233080610633,0.0160388406366,0.0229986943305,0.00584141956642,0.00745435524732,0.00396421272308,0.00338322948664,0.00704383431002,0.00296081230044,0.00145882298239,0.000503124378156,0.00016979353677,0.0000303546548821],"mean":[0.00012366467854,0.00460865022615,0.00553878676146,0.00189310812857,0.0034910987597,0.000718266644981,0.000756054767407,0.00121754955035,0.00109308434185,0.000956316129304,0.000534625374712,0.000606389075983,0.00060328154359,0.000964542792644,0.000925345579162,0.000639211910311,0.00062396354042,0.000411749439081,0.00032525593997,0.00025383834145,0.0000824034505058,0.0000879154686118,0.0000334884498443,0.0000183700904017,0.00000594610901317,0.0000013414581872,2.27991549195e-7],"median":[0.0000504876952618,0.00269221374765,0.00353759946302,0.00108036911115,0.00209594261833,0.00039903447032,0.000331677525537,0.000350717105903,0.000421721400926,0.000299498380627,0.000203331772354,0.000259203952737,0.000247157237027,0.000420802767621,0.000352144590579,0.000266110466328,0.000297648832202,0.000217963286559,0.000173730120878,0.000111038199975,0.0000386637402698,0.0000212044069485,0.00000547658783034,0.00000348964408659,9.70312953541e-7,1.03600065415e-7,1.862466803e-8],"min":[3.14574819527e-8,1.17541688383e-7,2.68313238294e-9,6.6061405235e-9,1.41944345167e-9,4.44715597681e-10,3.45464296059e-10,3.16718012927e-10,4.45146086658e-10,1.62499583234e-10,1.5768113204e-10,3.24062054968e-10,2.95823837648e-10,4.49332598906e-10,4.25086882361e-10,4.7582354723e-10,6.05249017571e-10,5.20543996796e-10,6.66952548745e-10,8.48600578696e-10,1.1111777054e-9,1.23408228081e-9,1.33814614944e-9,1.4309722296e-9,1.65819213915e-9,1.58467083899e-9,8.02579447345e-10],"var":[3.88504162174e-8,0.0000273580772046,0.00004111571252,0.00000581287031309,0.0000201581551664,0.00000103380762084,0.00000163352353866,0.00000501411068399,0.00000320082563121,0.00000347943228007,0.00000117157367185,9.00115253444e-7,0.00000103730053524,0.00000268975463769,0.00000282352493741,0.0000014335795413,0.00000184603561593,2.88935495973e-7,2.21564661729e-7,1.51825517491e-7,3.47712685311e-8,1.2988178355e-7,2.78932859032e-8,7.50333750688e-9,7.06926406302e-10,5.94597981962e-11,2.01575063065e-12]},"barkbands_crest":{"dmean":2.56088852882,"dmean2":4.22819185257,"dvar":5.16070747375,"dvar2":14.2677545547,"max":26.8588409424,"mean":9.67426109314,"median":8.65029430389,"min":2.62500119209,"var":19.8129291534},"barkbands_flatness_db":{"dmean":0.0227560885251,"dmean2":0.0358105786145,"dvar":0.000602700165473,"dvar2":0.00162410538178,"max":0.649557411671,"mean":0.163783892989,"median":0.153495952487,"min":0.0396787971258,"var":0.00341847166419},"barkbands_kurtosis":{"dmean":41.3777923584,"dmean2":73.3346176147,"dvar":138726.375,"dvar2":448064.25,"max":10240.2958984,"mean":40.8781356812,"median":0.69050693512,"min":-1.87570464611,"var":144641.234375},"barkbands_skewness":{"dmean":0.989849567413,"dmean2":1.63069152832,"dvar":10.7114877701,"dvar2":33.1398162842,"max":80.3887939453,"mean":2.14931201935,"median":1.25313842297,"min":-1.68389284611,"var":26.99817276},"barkbands_spread":{"dmean":4.83283805847,"dmean2":7.52159070969,"dvar":27.2732448578,"dvar2":55.2844467163,"max":87.213104248,"mean":21.0754051208,"median":20.003900528,"min":0.0210521239787,"var":129.137557983},"dissonance":{"dmean":0.0145713659003,"dmean2":0.0246054846793,"dvar":0.000191870509298,"dvar2":0.000537874409929,"max":0.5,"mean":0.472878903151,"median":0.477306157351,"min":0.303881585598,"var":0.000362568971468},"dynamic_complexity":4.73691034317,"erbbands":{"dmean":[0.0497927367687,0.690502524376,3.02971076965,3.23382353783,6.18492650986,8.70526027679,3.92273402214,4.2915186882,5.75088644028,13.3524179459,18.6321029663,13.1153240204,21.2454357147,14.9850997925,13.7818336487,17.1750411987,13.4751358032,31.6373386383,30.0154342651,17.5903224945,21.3260135651,15.3554077148,11.9809398651,7.96794271469,8.87544345856,6.467212677,1.92019093037,1.55948841572,1.70669806004,0.940765976906,0.447511285543,0.265350341797,0.130991816521,0.0481398999691,0.0166336651891,0.00506694195792,0.00129086337984,0.000258864456555,0.0000298600825772,0.0000093568196462],"dmean2":[0.0778701603413,1.10529756546,4.82675600052,5.33563995361,10.3086214066,14.2270498276,6.46278333664,7.2561788559,8.97118854523,20.9472904205,29.8470535278,20.4749832153,33.4999694824,23.4770622253,22.1377639771,27.5836105347,21.7840938568,51.2255134583,48.1953697205,27.7375125885,34.3197441101,24.941286087,18.8513412476,12.5339431763,13.7444019318,10.1653413773,2.87796902657,2.2074816227,2.41738772392,1.23371696472,0.608558535576,0.358710795641,0.174570575356,0.0658443495631,0.0229122117162,0.00673524616286,0.00184476107825,0.00036863060086,0.0000430361760664,0.0000141712480399],"dvar":[0.00819147378206,0.919411480427,14.8210792542,20.7813034058,71.7765731812,228.695587158,45.6236495972,86.4719848633,97.203994751,663.779174805,1216.2545166,639.927429199,2151.47753906,1144.5559082,1024.09912109,1133.95544434,489.958618164,4040.75488281,2955.37329102,1103.43603516,2753.94238281,976.541137695,393.537414551,223.852294922,300.741088867,132.543563843,13.060136795,27.4521369934,61.1421661377,21.3365631104,5.56693840027,1.87144362926,0.448143810034,0.0572880581021,0.00709104025736,0.00073576415889,0.0000659735378576,0.00000237556014326,2.53313849896e-8,1.2624321033e-10],"dvar2":[0.0189990140498,2.36922717094,36.4551544189,54.5362510681,184.686950684,538.331115723,122.392318726,236.584320068,225.295578003,1589.84631348,3100.60131836,1528.02282715,5310.21923828,2658.49584961,2639.31665039,2765.10668945,1316.03308105,10402.4951172,7077.14257812,2626.93408203,7433.43701172,2664.55761719,994.088562012,552.699829102,720.162353516,313.96395874,27.2646999359,45.0278396606,103.756881714,32.5417175293,9.01200866699,3.49037766457,0.752500414848,0.104695156217,0.0106629244983,0.00118109816685,0.000129046529764,0.00000420037758886,4.44146053269e-8,2.72429190318e-10],"max":[1.20508778095,12.645277977,57.0996780396,69.0938262939,83.6666183472,194.162689209,81.6312713623,111.932670593,178.066665649,404.801574707,413.321411133,646.122070312,1273.95715332,670.32220459,807.46496582,567.90411377,366.004425049,1374.64733887,1469.31640625,726.361328125,1108.05224609,628.683837891,386.697875977,336.723510742,327.913909912,156.300964355,97.5995788574,183.158279419,296.616973877,135.58694458,75.0342788696,38.7193183899,21.2816581726,8.06693077087,2.33922386169,0.828464865685,0.319463372231,0.0517182461917,0.00484558474272,0.000254363229033],"mean":[0.0699611529708,1.28001713753,6.07502889633,6.94450855255,9.77625179291,11.5743188858,6.25025367737,5.75999689102,8.90726852417,19.0781230927,25.8644561768,21.4833889008,34.5933609009,23.3458595276,23.0089473724,26.4682807922,24.4716472626,52.6785926819,53.2322273254,34.1144599915,42.670425415,30.6892967224,24.7174167633,16.9747104645,17.3229866028,11.8079166412,4.0758562088,3.18987989426,3.4357779026,1.84792327881,0.848138570786,0.489375054836,0.243421629071,0.0889686495066,0.0314995162189,0.00856520049274,0.0020621700678,0.000393875467125,0.0000545193543076,0.0000327308625856],"median":[0.0332625322044,0.751863002777,3.9968547821,4.41943979263,6.45436429977,5.78635168076,3.70966935158,3.00277757645,4.57403182983,6.79111862183,9.42750835419,9.55515384674,13.6553688049,9.06811237335,10.6875801086,12.2138500214,12.4189052582,22.744726181,23.6931190491,14.9560928345,16.8812446594,16.4935855865,13.1836900711,9.1538848877,8.80547523499,5.43769693375,2.12300086021,1.27850914001,0.857324302197,0.351855307817,0.141872987151,0.0858609005809,0.04583414644,0.0162209849805,0.00414931681007,0.000814105151221,0.000158199298312,0.0000306221627397,0.0000181429604709,0.000030982948374],"min":[0.00000916436692933,0.0000292053646263,0.0000114894319267,0.0000185348253581,0.00000692036110195,0.00000372003728444,0.00000186625391052,0.00000463372316517,0.00000840991924633,0.0000106662946564,0.00000674404191159,0.00000719562649465,0.0000120238646559,0.00000783418636274,0.0000115873344839,0.000017392436348,0.0000185883527593,0.0000276073933492,0.000030773007893,0.0000220598230953,0.0000292316381092,0.0000335991717293,0.0000360492667824,0.000027494126698,0.0000396424875362,0.0000451997584605,0.0000460986047983,0.0000444062425231,0.0000434798421338,0.0000419275856984,0.0000353587274731,0.0000272435499937,0.0000247844909609,0.000016781841623,0.0000124465968838,0.00000633394984106,0.00000264086702373,7.24797473595e-7,1.43081962278e-7,1.19025189704e-8],"var":[0.0112239271402,2.02417683601,46.8863868713,59.7607688904,112.49533844,311.337005615,64.7633972168,83.6427993774,188.437316895,1187.55029297,1868.74804688,1262.18981934,4253.98779297,2000.68127441,1990.87268066,1623.28979492,1040.58569336,8161.29150391,6859.61181641,3080.00952148,8082.80957031,2293.43408203,1010.91577148,499.920074463,655.721130371,294.93182373,39.6089401245,85.7241592407,192.772232056,74.7088012695,18.1863002777,5.30581903458,1.39582121372,0.15656067431,0.0227560196072,0.00210283766501,0.000151481319335,0.00000593414551986,6.28835792327e-8,4.65462113297e-10]},"erbbands_crest":{"dmean":2.38589262962,"dmean2":3.97121691704,"dvar":5.44250965118,"dvar2":14.2047128677,"max":27.750377655,"mean":7.82152557373,"median":6.93740224838,"min":1.97825229168,"var":12.8581542969},"erbbands_flatness_db":{"dmean":0.0135423466563,"dmean2":0.0205881539732,"dvar":0.000150715073687,"dvar2":0.000321108353091,"max":0.322297364473,"mean":0.184451267123,"median":0.189844071865,"min":0.0311723742634,"var":0.00166648393497},"erbbands_kurtosis":{"dmean":0.685198843479,"dmean2":1.1083817482,"dvar":0.658844947815,"dvar2":1.57617497444,"max":10.0124959946,"mean":0.0231623463333,"median":-0.34716129303,"min":-1.69160044193,"var":1.92469680309},"erbbands_skewness":{"dmean":0.327806144953,"dmean2":0.517428994179,"dvar":0.0796391069889,"dvar2":0.198481395841,"max":1.94176065922,"mean":-0.318218916655,"median":-0.280969232321,"min":-2.96391296387,"var":0.319494903088},"erbbands_spread":{"dmean":6.92330932617,"dmean2":10.8546104431,"dvar":50.0994529724,"dvar2":117.854194641,"max":160.857666016,"mean":36.7344970703,"median":33.0617103577,"min":4.4649066925,"var":364.803405762},"gfcc":{"cov":[[15502.8818359,1643.80725098,-2809.33959961,196.654907227,-741.779907227,-296.113250732,-273.540985107,-273.366516113,-20.1507663727,-378.481842041,-35.8067474365,-496.08795166,7.33549785614],[1643.80725098,1106.46459961,-539.152038574,-109.308319092,89.9195480347,-187.352478027,81.8358764648,-90.3690490723,38.5893058777,-141.222000122,81.0569534302,-169.709106445,41.0919151306],[-2809.33959961,-539.152038574,916.169555664,73.4592971802,69.7804641724,166.283538818,17.6837711334,57.2092399597,18.0474338531,107.594444275,-18.3220596313,139.364517212,-28.9495391846],[196.654907227,-109.308319092,73.4592971802,213.027084351,24.2171726227,-15.0308113098,-31.8180961609,-2.3372130394,25.5948123932,8.25442123413,0.25799459219,20.168548584,18.9001026154],[-741.779907227,89.9195480347,69.7804641724,24.2171726227,212.543075562,-10.0311374664,48.046710968,15.5169725418,6.53775930405,4.91824293137,22.5467376709,17.0225524902,40.1277923584],[-296.113250732,-187.352478027,166.283538818,-15.0308113098,-10.0311374664,178.262527466,46.6316490173,13.9016332626,-7.33387804031,24.007226944,-9.15396976471,24.1317634583,-18.1047382355],[-273.540985107,81.8358764648,17.6837711334,-31.8180961609,48.046710968,46.6316490173,117.25907135,17.6526889801,8.50411987305,-6.27132892609,11.6072778702,-8.55571269989,-1.25323677063],[-273.366516113,-90.3690490723,57.2092399597,-2.3372130394,15.5169725418,13.9016332626,17.6526889801,92.7649459839,32.8035011292,22.3043174744,1.08500134945,7.47001266479,-2.43371677399],[-20.1507663727,38.5893058777,18.0474338531,25.5948123932,6.53775930405,-7.33387804031,8.50411987305,32.8035011292,79.999382019,23.5474739075,15.6075029373,-17.147693634,-5.0607085228],[-378.481842041,-141.222000122,107.594444275,8.25442123413,4.91824293137,24.007226944,-6.27132892609,22.3043174744,23.5474739075,76.1809082031,17.4556522369,26.2632064819,-12.8533706665],[-35.8067474365,81.0569534302,-18.3220596313,0.25799459219,22.5467376709,-9.15396976471,11.6072778702,1.08500134945,15.6075029373,17.4556522369,65.2990646362,2.44689965248,3.05325889587],[-496.08795166,-169.709106445,139.364517212,20.168548584,17.0225524902,24.1317634583,-8.55571269989,7.47001266479,-17.147693634,26.2632064819,2.44689965248,91.7351989746,20.4263381958],[7.33549785614,41.0919151306,-28.9495391846,18.9001026154,40.1277923584,-18.1047382355,-1.25323677063,-2.43371677399,-5.0607085228,-12.8533706665,3.05325889587,20.4263381958,61.7413139343]],"icov":[[0.00034747965401,-0.00070230208803,0.00101039547008,-0.00113617850002,0.00100942701101,-0.00110842811409,0.000779359485023,-0.000464058073703,0.000445741374278,-0.000550297438167,0.000756374443881,-0.00032711258973,0.000256922357948],[-0.00070230208803,0.00549934851006,-0.0016298929695,0.00431900005788,-0.00332987890579,0.00471046566963,-0.00369521602988,0.00466673728079,-0.00456307036802,0.00644926447421,-0.00599449081346,0.00451524555683,-0.00223735161126],[0.00101039547008,-0.0016298929695,0.00509175378829,-0.00356918736361,0.00185555324424,-0.00430777482688,0.00224479171447,-0.00118841393851,0.000248681928497,-0.00220194575377,0.00293438648805,-0.0033660500776,0.00250478833914],[-0.00113617850002,0.00431900005788,-0.00356918736361,0.0104389013723,-0.00458031147718,0.00495490804315,-0.00176579249091,0.00438298750669,-0.00609947089106,0.00523986341432,-0.00439507653937,0.00212915008888,-0.00293797231279],[0.00100942701101,-0.00332987890579,0.00185555324424,-0.00458031147718,0.0102671748027,-0.00244363048114,-0.000382817001082,-0.00311938626692,0.00355509319343,-0.00406341208145,0.00189429579768,-0.00100824492984,-0.00346649321727],[-0.00110842811409,0.00471046566963,-0.00430777482688,0.00495490804315,-0.00244363048114,0.0135111957788,-0.0078768581152,0.00366912642494,-0.00193247746211,0.00314185069874,-0.00404000887647,0.00319206435233,-0.00136567663867],[0.000779359485023,-0.00369521602988,0.00224479171447,-0.00176579249091,-0.000382817001082,-0.0078768581152,0.0156854167581,-0.00453514698893,0.00106798997149,-0.000456365931313,0.00178535899613,-0.00196272972971,0.00259208027273],[-0.000464058073703,0.00466673728079,-0.00118841393851,0.00438298750669,-0.00311938626692,0.00366912642494,-0.00453514698893,0.0181065667421,-0.00995977129787,0.00352940242738,-0.00286084506661,0.00231605675071,-0.00193114054855],[0.000445741374278,-0.00456307036802,0.000248681928497,-0.00609947089106,0.00355509319343,-0.00193247746211,0.00106798997149,-0.00995977129787,0.024012029171,-0.0115267401561,0.00169027247466,0.00341840041801,0.000073592949775],[-0.000550297438167,0.00644926447421,-0.00220194575377,0.00523986341432,-0.00406341208145,0.00314185069874,-0.000456365931313,0.00352940242738,-0.0115267401561,0.0301236025989,-0.0124996034428,-0.000342243176419,0.0028864343185],[0.000756374443881,-0.00599449081346,0.00293438648805,-0.00439507653937,0.00189429579768,-0.00404000887647,0.00178535899613,-0.00286084506661,0.00169027247466,-0.0124996034428,0.0255877729505,-0.00675493618473,0.0026344677899],[-0.00032711258973,0.00451524555683,-0.0033660500776,0.00212915008888,-0.00100824492984,0.00319206435233,-0.00196272972971,0.00231605675071,0.00341840041801,-0.000342243176419,-0.00675493618473,0.0244987029582,-0.0111156366765],[0.000256922357948,-0.00223735161126,0.00250478833914,-0.00293797231279,-0.00346649321727,-0.00136567663867,0.00259208027273,-0.00193114054855,0.000073592949775,0.0028864343185,0.0026344677899,-0.0111156366765,0.0257121175528]],"mean":[-47.9150428772,138.115371704,-144.927017212,46.4668235779,-36.9024429321,7.8455748558,-23.9707202911,0.186463668942,-15.1222476959,-9.21231746674,-12.3810586929,-15.7815237045,-7.92754602432]},"hfc":{"dmean":5.30409574509,"dmean2":7.72338819504,"dvar":55.7016944885,"dvar2":115.908981323,"max":92.7584991455,"mean":17.767288208,"median":13.9154815674,"min":0.000215969179408,"var":233.411880493},"melbands":{"dmean":[0.000545612594578,0.00133214902598,0.000551855540834,0.000622358173132,0.000161806048709,0.0000958487435128,0.0000902663305169,0.000167725913343,0.000144496807479,0.0000862708184286,0.000107352192572,0.0000635611213511,0.0000481480819872,0.0000470010309073,0.0000363709405065,0.000037641995732,0.0000639062782284,0.0000491093051096,0.0000356474811269,0.0000214443170989,0.0000282828168565,0.0000187397508853,0.0000114728836706,0.0000108969325083,0.00000661013109493,0.00000688495765644,0.0000069452767093,0.00000386073861591,0.00000134423351028,9.54687038757e-7,9.82783262771e-7,0.00000107652397219,8.08951767794e-7,4.68156173383e-7,2.86006184069e-7,1.96381506612e-7,1.6148344173e-7,1.03082463454e-7,6.2267126566e-8,3.48543984785e-8],"dmean2":[0.000860167841893,0.00211656698957,0.00091131933732,0.00101180560887,0.000270201882813,0.000161133997608,0.000140601827297,0.000265117210802,0.000230775840464,0.000134515808895,0.000169086793903,0.0000996434318949,0.0000772903367761,0.0000755134315114,0.0000593477743678,0.0000612735238974,0.000103938320535,0.0000792578211986,0.0000566894195799,0.0000345559164998,0.0000465207122033,0.0000307637747028,0.0000184170421562,0.0000173833559529,0.0000106021861939,0.0000109627626443,0.0000110611044875,0.00000611697169006,0.00000207981292988,0.00000141487385008,0.00000139986195791,0.000001551517812,0.0000011224778973,6.40371240479e-7,4.06463129821e-7,2.78322687564e-7,2.22942645678e-7,1.39555751844e-7,8.69834408945e-8,4.87712163988e-8],"dvar":[6.7876680987e-7,0.00000273372461379,4.81253266571e-7,0.00000100384613688,7.44140393749e-8,4.02030444491e-8,2.33893828749e-8,1.06099655284e-7,6.83145486846e-8,2.38820163645e-8,5.26527870193e-8,2.31102603721e-8,1.18262439841e-8,6.92302748462e-9,4.96082108725e-9,5.94181726044e-9,1.88703221937e-8,8.37562463829e-9,5.86478332565e-9,1.76976178157e-9,6.34978203351e-9,1.94670657372e-9,3.35942024199e-10,3.73466257919e-10,1.61068575144e-10,2.25795313002e-10,1.8258244916e-10,4.79943029763e-11,5.71718540565e-12,7.58944209561e-12,1.19726884656e-11,2.22334511912e-11,1.6203418815e-11,5.52376373808e-12,2.29484682125e-12,1.15954088779e-12,6.73780096386e-13,2.83653905486e-13,1.08806044144e-13,3.14771808878e-14],"dvar2":[0.00000165348080827,0.00000677269645166,0.00000129312365971,0.00000231125864047,2.00644720394e-7,1.09814543237e-7,5.38120339399e-8,2.60115882611e-7,1.72813415134e-7,5.74523006946e-8,1.3033651669e-7,5.37767270714e-8,3.08090513101e-8,1.68838241166e-8,1.26670931522e-8,1.63778057782e-8,4.88328240067e-8,2.03481640426e-8,1.39977105462e-8,4.35020464096e-9,1.80342834e-8,5.54359314009e-9,8.61527460483e-10,9.46057787665e-10,4.04441286017e-10,5.84833015349e-10,4.30811775143e-10,1.16375332981e-10,1.29175455055e-11,1.48718485443e-11,2.16808897224e-11,3.879985222e-11,3.04972401499e-11,9.22199469566e-12,4.00717653504e-12,2.27630306097e-12,1.33074443392e-12,4.74912535513e-13,2.17512138401e-13,5.9766021342e-14],"max":[0.00983463320881,0.021416246891,0.0099384682253,0.0119156371802,0.00334531767294,0.0023551825434,0.00255129463039,0.00468737445772,0.00295963650569,0.00345746497624,0.00616566650569,0.00297450623475,0.00277730752714,0.00111238681711,0.00139577675145,0.00153131084517,0.00290879700333,0.00228975526989,0.00200433656573,0.00159027520567,0.00150830158964,0.000960592122283,0.000241751258727,0.000403768004617,0.000287611124804,0.00039878959069,0.000246804556809,0.0000931886024773,0.0000511560392624,0.0000890273659024,0.000130801228806,0.000173623775481,0.00012915127445,0.0000707035214873,0.0000496602042404,0.0000321338557114,0.0000213172661461,0.0000188698577404,0.0000114875965664,0.0000062441731643],"mean":[0.000926779233851,0.00275560282171,0.00124896585476,0.000873050477821,0.000250604440225,0.000130701184389,0.000141628086567,0.000231176178204,0.000202814699151,0.000142072254675,0.000173336491571,0.0000939665478654,0.000076263480878,0.0000719872841728,0.0000545470065845,0.0000631651564618,0.000101208977867,0.0000825485694804,0.0000625274478807,0.0000383098558814,0.0000532082995051,0.0000339580074069,0.0000224510276894,0.0000210509861063,0.0000126386539705,0.0000128917463371,0.0000121842022054,0.00000666693176754,0.00000258539807874,0.0000018389170009,0.00000182154508366,0.00000207742209568,0.00000147468563227,8.51560798765e-7,5.08758262185e-7,3.43678323134e-7,2.83500583009e-7,1.88432977666e-7,1.06466345073e-7,6.29630463322e-8],"median":[0.000534825667273,0.00189943786245,0.000963827653322,0.000481103052152,0.000153871791554,0.0000704411795596,0.0000714316338417,0.000075898009527,0.0000722364202375,0.0000594942794123,0.0000669275032124,0.0000312494084937,0.0000318939237332,0.0000311151452479,0.0000274068806903,0.0000259729331447,0.0000410321481468,0.0000352946954081,0.0000213385283132,0.0000180690567504,0.0000188828162209,0.0000167951839103,0.0000128388446683,0.00000997532151814,0.00000643906560072,0.00000669216842653,0.00000522829031979,0.00000306682682094,0.00000134337835789,7.9468838976e-7,6.64032597797e-7,5.25246548477e-7,2.84266860717e-7,1.46373395182e-7,8.10295901488e-8,5.31062234188e-8,5.08739574911e-8,3.37085737101e-8,2.04525996139e-8,1.03427222342e-8],"min":[9.56639354399e-8,1.95389748825e-8,2.27656182794e-9,5.94580440438e-10,6.537927838e-11,1.00777913792e-10,9.45217029646e-11,1.127197502e-10,5.55740904684e-11,5.55641296862e-11,5.37901077846e-11,2.72217439562e-11,2.5424332778e-11,3.02357652804e-11,4.7151227367e-11,3.7808617348e-11,4.379786811e-11,3.88758296388e-11,2.29787508466e-11,3.43851162821e-11,1.90103714021e-11,3.35013509989e-11,2.75262364985e-11,2.39364847388e-11,2.11008467643e-11,2.33719293918e-11,2.27263399072e-11,2.65834281671e-11,2.64642942976e-11,2.54508445569e-11,2.23697622925e-11,2.08020909526e-11,2.11388632293e-11,2.3427622689e-11,1.99199753914e-11,1.41606353379e-11,1.57801480216e-11,1.32567732833e-11,1.59540193556e-11,1.22615737008e-11],"var":[0.0000012085159824,0.00000810391793493,0.00000132903210215,0.00000146543175106,9.50314742454e-8,3.89765446585e-8,4.72120582629e-8,1.72799431652e-7,1.12645068384e-7,4.95113567922e-8,1.0438100162e-7,3.95839521161e-8,2.25149854316e-8,1.18702185858e-8,6.52800391521e-9,1.1753629181e-8,3.61675098759e-8,1.78501551318e-8,1.78608168255e-8,3.51068685234e-9,1.59522066667e-8,3.94794019698e-9,7.3869582673e-10,9.44654909851e-10,3.11551395793e-10,3.90691839991e-10,4.05842470741e-10,9.6903617075e-11,1.45947472857e-11,2.1153889404e-11,3.25186995387e-11,6.64664295824e-11,4.72129869922e-11,1.71993183584e-11,6.82353002227e-12,3.08640829907e-12,1.74910671884e-12,8.74479579461e-13,2.5926206711e-13,8.08007225581e-14]},"melbands_crest":{"dmean":3.54575014114,"dmean2":5.7647986412,"dvar":9.61780452728,"dvar2":24.8676128387,"max":39.9600868225,"mean":15.9647550583,"median":14.7882070541,"min":3.83238387108,"var":43.0557823181},"melbands_flatness_db":{"dmean":0.027512287721,"dmean2":0.0415786504745,"dvar":0.000667931919452,"dvar2":0.00150379363913,"max":0.654149353504,"mean":0.230424910784,"median":0.222203567624,"min":0.043262090534,"var":0.0042865392752},"melbands_kurtosis":{"dmean":55.6376190186,"dmean2":95.7353668213,"dvar":435543.125,"dvar2":1398606.625,"max":25112.2929688,"mean":70.5868148804,"median":5.89746189117,"min":-1.77386248112,"var":502557.9375},"melbands_skewness":{"dmean":1.12865269184,"dmean2":1.77725553513,"dvar":12.4421472549,"dvar2":37.5201530457,"max":140.571716309,"mean":3.53247380257,"median":2.37877321243,"min":-0.715596020222,"var":42.4364585876},"melbands_spread":{"dmean":6.88805150986,"dmean2":10.6952753067,"dvar":61.7244796753,"dvar2":133.063339233,"max":172.20993042,"mean":23.3208179474,"median":20.4495716095,"min":0.0213869381696,"var":265.733795166},"mfcc":{"cov":[[13578.9375,1707.02233887,-1840.03588867,259.289764404,-646.526428223,-224.821151733,-465.887939453,-250.191131592,-276.513549805,-76.1608123779,-147.356964111,-200.379547119,-212.840759277],[1707.02233887,1225.81677246,-503.186096191,53.279094696,-78.4432983398,-90.446434021,-1.4999935627,-48.813621521,-66.2880172729,-2.25930905342,-11.4639787674,-45.4963378906,-70.5758285522],[-1840.03588867,-503.186096191,664.715515137,-65.634475708,78.8381271362,107.889572144,22.8142185211,56.4343643188,41.2144088745,-0.785061955452,44.9785003662,55.5014762878,27.7276573181],[259.289764404,53.279094696,-65.634475708,234.93208313,57.0960922241,-17.8359336853,-42.036403656,-15.3361606598,0.961642622948,0.94088190794,-50.3746795654,16.763710022,41.8726272583],[-646.526428223,-78.4432983398,78.8381271362,57.0960922241,148.969680786,13.911026001,20.0968551636,8.55811691284,24.8316783905,6.91665744781,-17.6559963226,13.7107019424,35.9110412598],[-224.821151733,-90.446434021,107.889572144,-17.8359336853,13.911026001,130.503372192,41.8717041016,20.4902629852,8.20206356049,-10.9002113342,14.550702095,-1.85550963879,2.34251737595],[-465.887939453,-1.4999935627,22.8142185211,-42.036403656,20.0968551636,41.8717041016,118.436195374,36.9744911194,17.094335556,-0.782142758369,22.7857093811,-3.32014775276,-3.69766378403],[-250.191131592,-48.813621521,56.4343643188,-15.3361606598,8.55811691284,20.4902629852,36.9744911194,73.2731323242,32.536441803,4.1397690773,14.0387802124,3.47198271751,-0.216850861907],[-276.513549805,-66.2880172729,41.2144088745,0.961642622948,24.8316783905,8.20206356049,17.094335556,32.536441803,73.0255661011,23.6824359894,6.28448820114,2.35738539696,0.814520955086],[-76.1608123779,-2.25930905342,-0.785061955452,0.94088190794,6.91665744781,-10.9002113342,-0.782142758369,4.1397690773,23.6824359894,69.7025680542,37.4800033569,3.35986042023,-4.12649011612],[-147.356964111,-11.4639787674,44.9785003662,-50.3746795654,-17.6559963226,14.550702095,22.7857093811,14.0387802124,6.28448820114,37.4800033569,104.119606018,20.8528881073,-15.5666790009],[-200.379547119,-45.4963378906,55.5014762878,16.763710022,13.7107019424,-1.85550963879,-3.32014775276,3.47198271751,2.35738539696,3.35986042023,20.8528881073,67.2793731689,27.9276695251],[-212.840759277,-70.5758285522,27.7276573181,41.8726272583,35.9110412598,2.34251737595,-3.69766378403,-0.216850861907,0.814520955086,-4.12649011612,-15.5666790009,27.9276695251,66.3772583008]],"icov":[[0.00018567139341,-0.0000528744822077,0.000424023775849,-0.000152827502461,0.00046680754167,-0.000335101125529,0.000661780708469,-0.000133525798446,0.000170546321897,0.0000865313995746,-0.0000137220313263,0.0000352994611603,0.000239345914451],[-0.0000528744822077,0.00132131960709,0.000750976905692,-0.000299243460177,-0.000182103278348,0.000303083041217,-0.000569580995943,-0.0000133096982609,0.000767964927945,-0.0000455384870293,-0.000130273299874,-0.000292667973554,0.00124680309091],[0.000424023775849,0.000750976905692,0.00386096676812,0.000466806231998,-0.000333948322805,-0.0023737186566,0.00250461534597,-0.00155115115922,0.000484917400172,0.000581927073654,-0.000518766755704,-0.00174645322841,0.00129308423493],[-0.000152827502461,-0.000299243460177,0.000466806231998,0.00663194665685,-0.00264841900207,-0.000570669653825,0.00183301512152,-0.000413760804804,-0.000155711124535,-0.00142622529529,0.00257407478057,-0.00180153013207,-0.0023582088761],[0.00046680754167,-0.000182103278348,-0.000333948322805,-0.00264841900207,0.0111797787249,-0.000466204743134,-0.00124607083853,0.00122381083202,-0.00194193038624,-0.00108985113911,0.00150546326768,0.000669922970701,-0.00295670493506],[-0.000335101125529,0.000303083041217,-0.0023737186566,-0.000570669653825,-0.000466204743134,0.0111124031246,-0.00454539945349,0.000312925316393,-0.000462986005004,0.00228713871911,-0.00180020660628,0.00237007602118,-0.00106432999019],[0.000661780708469,-0.000569580995943,0.00250461534597,0.00183301512152,-0.00124607083853,-0.00454539945349,0.0152616696432,-0.00566639890894,0.0000185984063137,0.00180168100633,-0.00222954503261,0.000728549901396,0.000262443587417],[-0.000133525798446,-0.0000133096982609,-0.00155115115922,-0.000413760804804,0.00122381083202,0.000312925316393,-0.00566639890894,0.0209296848625,-0.00866776891053,0.00220268080011,-0.00159319234081,0.000370150606614,-0.000739830895327],[0.000170546321897,0.000767964927945,0.000484917400172,-0.000155711124535,-0.00194193038624,-0.000462986005004,0.0000185984063137,-0.00866776891053,0.0216503161937,-0.00795577000827,0.00307718920521,-0.000915987009648,0.00264552631415],[0.0000865313995746,-0.0000455384870293,0.000581927073654,-0.00142622529529,-0.00108985113911,0.00228713871911,0.00180168100633,0.00220268080011,-0.00795577000827,0.0230016708374,-0.0105425193906,0.00306414999068,-0.00073191896081],[-0.0000137220313263,-0.000130273299874,-0.000518766755704,0.00257407478057,0.00150546326768,-0.00180020660628,-0.00222954503261,-0.00159319234081,0.00307718920521,-0.0105425193906,0.0180411916226,-0.00768524315208,0.00430137012154],[0.0000352994611603,-0.000292667973554,-0.00174645322841,-0.00180153013207,0.000669922970701,0.00237007602118,0.000728549901396,0.000370150606614,-0.000915987009648,0.00306414999068,-0.00768524315208,0.0230288021266,-0.0100260516629],[0.000239345914451,0.00124680309091,0.00129308423493,-0.0023582088761,-0.00295670493506,-0.00106432999019,0.000262443587417,-0.000739830895327,0.00264552631415,-0.00073191896081,0.00430137012154,-0.0100260516629,0.0249045491219]],"mean":[-672.885009766,150.560821533,-29.9686546326,38.7415237427,8.44825077057,12.5828485489,4.5413069725,7.05665111542,2.82310938835,6.83070898056,1.18774235249,-2.86701607704,-4.83050441742]},"pitch_salience":{"dmean":0.0795009210706,"dmean2":0.128920257092,"dvar":0.00486657582223,"dvar2":0.0126098692417,"max":0.880193650723,"mean":0.521266818047,"median":0.536792397499,"min":0.00866098888218,"var":0.018365547061},"silence_rate_20dB":{"dmean":0,"dmean2":0,"dvar":0,"dvar2":0,"max":1,"mean":1,"median":1,"min":1,"var":0},"silence_rate_30dB":{"dmean":0,"dmean2":0,"dvar":0,"dvar2":0,"max":1,"mean":1,"median":1,"min":1,"var":0},"silence_rate_60dB":{"dmean":0.0041826418601,"dmean2":0.00836674217135,"dvar":0.00416482891887,"dvar2":0.00864577200264,"max":1,"mean":0.0942672938108,"median":0,"min":0,"var":0.0853774398565},"spectral_centroid":{"dmean":252.918441772,"dmean2":390.286590576,"dvar":70359.4609375,"dvar2":151068.765625,"max":4412.89697266,"mean":1327.33081055,"median":1256.09875488,"min":205.902267456,"var":295942.875},"spectral_complexity":{"dmean":4.28511667252,"dmean2":6.1847653389,"dvar":23.4213848114,"dvar2":42.8013763428,"max":54,"mean":21.2423763275,"median":21,"min":0,"var":121.141159058},"spectral_contrast_coeffs":{"dmean":[0.0497328303754,0.04658126086,0.0382687039673,0.0293314103037,0.0201192703098,0.016798267141],"dmean2":[0.0819389224052,0.0767574757338,0.0623458810151,0.0477471202612,0.0327090658247,0.0265979357064],"dvar":[0.00161759729963,0.00140057725366,0.000984257436357,0.000573567987885,0.000281847314909,0.000246921466896],"dvar2":[0.00435038236901,0.00370371202007,0.00252322573215,0.00143925566226,0.000700823962688,0.000592516560573],"max":[-0.356625139713,-0.48996374011,-0.502350330353,-0.554410159588,-0.618594229221,-0.615922212601],"mean":[-0.637432515621,-0.760514736176,-0.780048727989,-0.780006349087,-0.782677829266,-0.730377435684],"median":[-0.63303232193,-0.765057206154,-0.78686439991,-0.783087134361,-0.782952368259,-0.722367882729],"min":[-0.928446769714,-0.955374538898,-0.984332978725,-0.958472132683,-0.970144152641,-0.921866714954],"var":[0.00668135751039,0.00529741542414,0.00460594985634,0.00357881654054,0.00231355172582,0.00209181662649]},"spectral_contrast_valleys":{"dmean":[0.382007777691,0.380445420742,0.350355893373,0.30940964818,0.27987486124,0.247292861342],"dmean2":[0.630552232265,0.608585417271,0.546665906906,0.458700656891,0.401342093945,0.341758489609],"dvar":[0.0956428423524,0.106881886721,0.0984032675624,0.0881302505732,0.0908275544643,0.0844595879316],"dvar2":[0.249087870121,0.244879364967,0.207829758525,0.16606245935,0.168813824654,0.1547896415],"max":[-5.51388883591,-4.47425365448,-5.1597533226,-5.46369028091,-5.57956981659,-8.03926849365],"mean":[-7.17870378494,-7.00612306595,-7.3772354126,-7.53075027466,-7.64311408997,-11.3394775391],"median":[-6.91305017471,-6.73505449295,-7.11602544785,-7.2520904541,-7.36039113998,-11.1913080215],"min":[-12.7429962158,-13.1477851868,-13.731426239,-13.5907316208,-13.036359787,-14.6985025406],"var":[1.2423145771,1.74745082855,1.82982361317,1.809071064,1.64953660965,1.14376914501]},"spectral_decrease":{"dmean":1.92830529322e-9,"dmean2":2.95654523086e-9,"dvar":4.56205452023e-18,"dvar2":1.03267750572e-17,"max":-1.68284765463e-13,"mean":-6.59814691772e-9,"median":-6.29355279003e-9,"min":-2.2968206892e-8,"var":1.61845893954e-17},"spectral_energy":{"dmean":0.00759937893599,"dmean2":0.0116042243317,"dvar":0.0000712467881385,"dvar2":0.00015986157814,"max":0.0924296230078,"mean":0.0265144184232,"median":0.0253598317504,"min":7.40061125271e-7,"var":0.000258574844338},"spectral_energyband_high":{"dmean":0.000139064155519,"dmean2":0.000191692772205,"dvar":1.6162809402e-7,"dvar2":2.28298176808e-7,"max":0.012772096321,"mean":0.000315847923048,"median":0.000125870210468,"min":1.21926442276e-8,"var":6.62945581098e-7},"spectral_energyband_low":{"dmean":0.00496400333941,"dmean2":0.00787070579827,"dvar":0.0000336247030646,"dvar2":0.000082524617028,"max":0.0719395801425,"mean":0.0114691425115,"median":0.00903656985611,"min":4.07533832458e-7,"var":0.0000994936053758},"spectral_energyband_middle_high":{"dmean":0.00234340666793,"dmean2":0.00349011993967,"dvar":0.0000119566093417,"dvar2":0.0000260118595179,"max":0.04102197662,"mean":0.00648334762082,"median":0.00419791089371,"min":8.83258888251e-9,"var":0.0000435453730461},"spectral_energyband_middle_low":{"dmean":0.00421789009124,"dmean2":0.00666917813942,"dvar":0.0000329790782416,"dvar2":0.0000770401529735,"max":0.062472563237,"mean":0.00960751995444,"median":0.0078046284616,"min":1.72026179968e-8,"var":0.0000644642495899},"spectral_entropy":{"dmean":0.120848163962,"dmean2":0.178924232721,"dvar":0.0127461822703,"dvar2":0.0250397529453,"max":8.90561389923,"mean":7.4948515892,"median":7.48149442673,"min":6.43899154663,"var":0.0862638875842},"spectral_flux":{"dmean":0.0202425140887,"dmean2":0.0311100874096,"dvar":0.000463416654384,"dvar2":0.00104047020432,"max":0.239140108228,"mean":0.0777428075671,"median":0.0748487487435,"min":0.000328546448145,"var":0.0015286335256},"spectral_kurtosis":{"dmean":2.36912989616,"dmean2":4.1871342659,"dvar":5.42314767838,"dvar2":16.5299530029,"max":30.1068763733,"mean":4.89810085297,"median":4.34530067444,"min":-0.498138666153,"var":8.22957611084},"spectral_rms":{"dmean":0.000709169136826,"dmean2":0.00107186113019,"dvar":5.12789654294e-7,"dvar2":0.00000111883309728,"max":0.00949606485665,"mean":0.00472785811871,"median":0.00497406255454,"min":0.0000268702588073,"var":0.00000351504513674},"spectral_rolloff":{"dmean":380.212097168,"dmean2":619.023254395,"dvar":272981.59375,"dvar2":544265,"max":7256.68945312,"mean":1236.86010742,"median":1141.25976562,"min":21.533203125,"var":957481.9375},"spectral_skewness":{"dmean":0.274995446205,"dmean2":0.465990871191,"dvar":0.0673531517386,"dvar2":0.190004393458,"max":3.93339490891,"mean":1.31613993645,"median":1.28370738029,"min":0.0428825132549,"var":0.156869381666},"spectral_spread":{"dmean":267877.875,"dmean2":404770.75,"dvar":126905892864,"dvar2":214901112832,"max":10520367,"mean":3123545.5,"median":2772902.25,"min":1662434.375,"var":1602642771970},"spectral_strongpeak":{"dmean":0.480152785778,"dmean2":0.84042686224,"dvar":1.16223037243,"dvar2":3.04299592972,"max":13.2096738815,"mean":0.715487957001,"median":0.401626855135,"min":0,"var":1.49360346794},"zerocrossingrate":{"dmean":0.00703336019069,"dmean2":0.00845142733306,"dvar":0.0000564673573535,"dvar2":0.000063494699134,"max":0.22119140625,"mean":0.0431344881654,"median":0.0400390625,"min":0,"var":0.00054967647884}},"metadata":{"audio_properties":{"analysis_sample_rate":44100,"bit_rate":0,"codec":"flac","downmix":"mix","equal_loudness":0,"length":133.230270386,"lossless":true,"md5_encoded":"df7ee8424abc7d05049e8c5dbb2b6507","replay_gain":-3.16542625427,"sample_rate":192000},"tags":{"acoustid_id":["fc3a1436-592f-4238-b888-eb098e5a3f9c"],"album":["The Kink Kontroversy"],"albumartist":["The Kinks"],"albumartistsort":["Kinks, The"],"artist":["The Kinks"],"artistsort":["Kinks, The"],"asin":["B00004WTB7"],"catalognumber":["200 730-241"],"composer":["Ray Davies"],"composersort":["Davies, Ray"],"date":["1979"],"discnumber":["1"],"disctotal":["1"],"file_name":"04 When I See That Girl of Mine.flac","genre":["British Invasion","Hard Rock"],"grouping":["Classic Rock"],"label":["Pye Records"],"language":["eng"],"lyricist":["Ray Davies"],"media":["12\" Vinyl"],"mood":["Sweet"],"musicbrainz_albumartistid":["17b53d9f-5c63-4a09-a593-dde4608e0db9"],"musicbrainz_albumid":["4f4d0ae2-8dc7-4d15-99ca-10d72c546936"],"musicbrainz_artistid":["17b53d9f-5c63-4a09-a593-dde4608e0db9"],"musicbrainz_recordingid":["e93d1754-9130-41aa-88a6-a1b4b5a5072b"],"musicbrainz_releasegroupid":["9155df1e-e8be-3bb7-a0a1-af86c9057bb8"],"musicbrainz_releasetrackid":["767d1092-ef9e-46cd-b7e2-8ce91dbc7fcd"],"musicbrainz_workid":["23e7742b-5be8-4597-a0c3-36d739ead82e"],"originaldate":["1965-11-26"],"originalyear":["1965"],"performer":["Dave Davies (lead vocals)","Ray Davies (lead vocals)"],"releasecountry":["DE"],"releasestatus":["official"],"releasetype":["album"],"script":["Latn"],"title":["When I See That Girl of Mine"],"totaldiscs":["1"],"totaltracks":["12"],"tracknumber":["4"],"tracktotal":["12"],"website":["http://www.thekinks.info/"],"work":["When I See That Girl of Mine"]},"version":{"essentia":"2.1-beta2","essentia_build_sha":"70f2e5ece6736b2c40cc944ad0e695b16b925413","essentia_git_sha":"v2.1_beta2","extractor":"music 1.0"}},"rhythm":{"beats_count":291,"beats_loudness":{"dmean":0.01241134386