{"lowlevel":{"average_loudness":0.908374965191,"barkbands":{"dmean":[0.000420606666012,0.00880065187812,0.00201589241624,0.00166683946736,0.000998950912617,0.00149637344293,0.00120591791347,0.0010772140231,0.00098250922747,0.000526797026396,0.000904272892512,0.000479707989143,0.00017801814829,0.000198795751203,0.00022933560831,0.000173391032149,0.000205216871109,0.000131749126012,0.00017064093845,0.000178918024176,0.000148368868395,0.000103988590126,0.0000898733560462,0.000073323790275,0.0000329774811689,0.0000086150066636,7.43214627619e-7],"dmean2":[0.000709361571353,0.0145242521539,0.00339378858916,0.00266085681506,0.00162077136338,0.00227491371334,0.00187431124505,0.00162051210646,0.00142527651042,0.000842456822284,0.00146104034502,0.000781485228799,0.000293605437037,0.000335320743034,0.000379303412046,0.000288763782009,0.000348592642695,0.000219643639866,0.000288879760774,0.000290581752779,0.000231295038247,0.000157300455612,0.000127752136905,0.000104116406874,0.0000453233333246,0.0000119515589176,0.00000101615853509],"dvar":[5.61590525194e-7,0.0004018379841,0.000022595982955,0.0000169405066117,0.00000429422834713,0.0000109188677015,0.00000669843257128,0.00000464778804599,0.00000326383610627,0.00000115112163712,0.00000447359207101,0.00000152587153934,1.45069719792e-7,1.59526152288e-7,1.57825851943e-7,1.36507225079e-7,1.12810056407e-7,5.44109646228e-8,1.08236640983e-7,1.17408063716e-7,9.72103748609e-8,3.95755641591e-8,3.79384559324e-8,3.56953435698e-8,6.96886681695e-9,2.71011602049e-10,1.35143307135e-12],"dvar2":[0.00000152275674736,0.00105045747478,0.000062281069404,0.0000428630992246,0.0000118260322779,0.0000260039778368,0.0000170944531419,0.0000108157000795,0.00000634841399005,0.00000294857886729,0.0000117618765216,0.00000410199845646,3.66927935147e-7,4.45204165089e-7,4.18735226049e-7,3.51307534174e-7,3.02709139532e-7,1.39078622396e-7,2.86976643338e-7,2.98941984056e-7,2.20784428961e-7,8.75508234799e-8,7.40614751749e-8,7.54738707087e-8,1.41038238866e-8,5.29099264401e-10,2.64008801799e-12],"max":[0.0103889768943,0.211443096399,0.0691054835916,0.0659992396832,0.0837054625154,0.0907769799232,0.0692059099674,0.0562325306237,0.0461888425052,0.0230001863092,0.0528336912394,0.037861071527,0.00999253708869,0.0119127649814,0.0137803619727,0.0107497107238,0.00879217404872,0.00560956681147,0.00553395273164,0.00854879803956,0.0100067127496,0.00382001139224,0.00596081046388,0.00584399141371,0.00254361401312,0.000471891107736,0.0000133578505483],"mean":[0.000814755156171,0.0122369872406,0.00333053409122,0.00297746318392,0.00214009871706,0.0032024460379,0.0023724345956,0.00201667612419,0.001811080263,0.000849333009683,0.00139147369191,0.000786597083788,0.000264328089543,0.000309397495585,0.000372592068743,0.000295971258311,0.000377563381335,0.000246557348873,0.000302719185129,0.000358329794835,0.000283929519355,0.000195180997252,0.00016907491954,0.000134884481668,0.0000556206796318,0.0000136791231853,9.89429395304e-7],"median":[0.000596049008891,0.00698789814487,0.00145736569539,0.00119712506421,0.0011953948997,0.00154552783351,0.00121708086226,0.00099795521237,0.000794866529759,0.000404747202992,0.000495201675221,0.000314265605994,0.000116540380986,0.000158658629516,0.000209211051697,0.000156972062541,0.000242684487603,0.0001365357748,0.000133060442749,0.000163585791597,0.00011410425941,0.0000724368001102,0.000054016491049,0.0000483187250211,0.0000190883547475,0.00000546134378965,3.83404483273e-7],"min":[1.24467163879e-25,1.00311503404e-24,6.27705003931e-25,2.60911233104e-25,6.79400617051e-24,3.46926195531e-24,3.12225446766e-24,5.56069827027e-24,7.78586149703e-24,1.59840826773e-23,5.30369922027e-24,2.47779411727e-23,1.68555720292e-23,3.33471604813e-23,2.48627752745e-23,5.24995988548e-23,4.50055370066e-23,6.82533057488e-23,1.1877224842e-22,1.64188573699e-22,2.17243836709e-22,2.45626320016e-22,3.39120145506e-22,5.7135501523e-22,8.03058079108e-22,1.25013354919e-21,1.91807331102e-21],"var":[7.74150237248e-7,0.000384903105441,0.0000269649590336,0.0000251175442827,0.000010026077689,0.0000253220168815,0.0000126059239847,0.00000975827697403,0.00000921455102798,0.00000192836023416,0.00000886296948011,0.00000305222511088,2.43526301347e-7,2.53791398563e-7,3.02078547065e-7,2.50423170201e-7,2.42290212782e-7,1.19597046933e-7,2.19784396904e-7,3.11406466835e-7,2.46889356958e-7,1.09208592391e-7,1.30019529365e-7,9.24510814571e-8,1.82927806236e-8,7.22784443408e-10,2.1144910909e-12]},"barkbands_crest":{"dmean":2.70978426933,"dmean2":4.44233179092,"dvar":8.36007976532,"dvar2":22.4387283325,"max":25.8299160004,"mean":9.78166294098,"median":8.70293045044,"min":2.55585360527,"var":17.0600776672},"barkbands_flatness_db":{"dmean":0.0215447917581,"dmean2":0.0331005901098,"dvar":0.000452206411865,"dvar2":0.00121715734713,"max":0.419937908649,"mean":0.12360971421,"median":0.117618240416,"min":0.010978218168,"var":0.00192385003902},"barkbands_kurtosis":{"dmean":2.59089708328,"dmean2":4.20318365097,"dvar":32.4080047607,"dvar2":84.9836273193,"max":181.83140564,"mean":3.93048453331,"median":2.39728355408,"min":-1.8318144083,"var":57.1387748718},"barkbands_skewness":{"dmean":0.479426950216,"dmean2":0.743281543255,"dvar":0.355643332005,"dvar2":0.873118460178,"max":11.966506958,"mean":1.50198340416,"median":1.43050479889,"min":-2.2461810112,"var":1.19523096085},"barkbands_spread":{"dmean":5.31929302216,"dmean2":8.2091255188,"dvar":36.8367958069,"dvar2":84.8649902344,"max":98.5296783447,"mean":21.8551387787,"median":19.2448120117,"min":0.599852085114,"var":156.443191528},"dissonance":{"dmean":0.0177839677781,"dmean2":0.0299491193146,"dvar":0.000294070225209,"dvar2":0.000803583010565,"max":0.5,"mean":0.465986579657,"median":0.472779035568,"min":0.143168598413,"var":0.0008643331239},"dynamic_complexity":2.88204312325,"erbbands":{"dmean":[0.251897841692,2.04369211197,2.55687642097,4.36505556107,3.32719540596,4.1366519928,7.31339836121,12.4279174805,17.047088623,20.1826038361,26.0818309784,17.6298809052,17.6032276154,27.5980758667,24.7135047913,19.4410953522,9.34500026703,10.2618217468,7.71511650085,10.353931427,9.83957576752,10.1889390945,6.42141294479,10.0594120026,6.85127544403,8.28004550934,7.80523920059,4.49630784988,3.51730942726,3.43862056732,2.54506158829,1.91770815849,1.01268148422,0.471977174282,0.185609966516,0.0580755360425,0.0120506677777,0.0016963792732,0.000121244782349,0.0000172219515662],"dmean2":[0.399879842997,3.47217035294,4.09670782089,6.99808692932,5.51192045212,6.62487840652,11.1681461334,19.26679039,26.996919632,29.7770328522,38.1582336426,25.9520664215,27.7138328552,44.4216461182,40.2834281921,31.8945102692,15.3008117676,17.2397537231,12.7227039337,17.1103649139,16.3868331909,17.2518310547,10.6791133881,16.7959003448,11.6398897171,13.5522346497,12.2845640182,6.94400167465,5.32411432266,5.12019443512,3.61920166016,2.72266960144,1.43856692314,0.656769633293,0.256568610668,0.0814303532243,0.0163977388293,0.00230392091908,0.000162977739819,0.0000249916374742],"dvar":[0.239193961024,25.0417766571,31.9814319611,110.796775818,51.5408439636,79.0313110352,347.552398682,954.640808105,1194.39892578,2021.7689209,2563.92553711,1043.23400879,1368.94335938,4697.97314453,6481.61621094,3152.28051758,345.268890381,423.585571289,205.000961304,325.063903809,351.682220459,288.848358154,143.555923462,344.879608154,180.984161377,282.171661377,256.190612793,96.7419586182,45.9182243347,46.4128265381,34.5140533447,23.7028617859,7.61843395233,1.66975295544,0.184311673045,0.0144449640065,0.000486340228235,0.00000691951436238,3.26748725854e-8,6.71995792345e-10],"dvar2":[0.581800878048,66.8252639771,79.635925293,285.205749512,140.504455566,211.109542847,841.04296875,2207.67773438,3131.62304688,4847.98388672,5603.57373047,2163.55639648,3431.85498047,12212.1464844,17148.0019531,8722.80273438,885.311218262,1184.35778809,514.657287598,875.255493164,906.675231934,763.903076172,358.392578125,890.266662598,495.310974121,735.74395752,600.178405762,208.569091797,100.252479553,97.5912094116,69.7402572632,51.8239212036,15.6255016327,3.50411319733,0.365808308125,0.0288274399936,0.000930031004827,0.0000136456546898,6.27086151894e-8,1.39989086989e-9],"max":[5.27664756775,49.4936027527,75.9426651001,166.392303467,112.25844574,341.712585449,534.938476562,1039.89624023,729.315368652,1078.75109863,1217.81433105,990.404174805,947.260314941,2375.26879883,2575.6550293,1873.85852051,531.893188477,532.693115234,517.905761719,558.52923584,437.683776855,518.92175293,398.062103271,385.77545166,209.197174072,474.84197998,332.196685791,384.813232422,162.076797485,226.672119141,144.046096802,173.786056519,77.3019790649,46.7869491577,12.6052112579,3.59183573723,0.731787323952,0.0679093971848,0.00256688892841,0.000280609296169],"mean":[0.363220661879,2.64299607277,4.22413730621,8.24661922455,6.31035089493,9.18653106689,14.6493959427,25.383392334,34.1446266174,40.9331550598,49.9403877258,34.2281494141,29.6371135712,43.1215171814,40.9233093262,33.01927948,15.741689682,16.6598110199,14.5432310104,18.5783596039,18.8780078888,19.6966438293,12.8437223434,19.0777015686,13.0848245621,15.9185371399,15.4236059189,8.81566619873,6.67545413971,6.22183179855,4.73401355743,3.44338679314,1.86408054829,0.819356203079,0.29710572958,0.0936980172992,0.0184912476689,0.00244753062725,0.000185165539733,0.0000504710333189],"median":[0.199511915445,1.45718467236,2.15173006058,4.02145147324,3.87428474426,4.22723722458,6.43892288208,11.4271497726,18.3312301636,21.4181289673,25.2059173584,16.9879570007,14.4892520905,15.7465171814,14.7598514557,14.0718345642,8.07129478455,9.12272071838,9.15173912048,11.6740341187,11.3371152878,12.816701889,7.45001935959,9.45586776733,6.20573711395,7.00424385071,5.75880622864,3.64272212982,2.42790317535,2.20258998871,1.5849391222,1.24311184883,0.653073072433,0.293983876705,0.0992419868708,0.0366222783923,0.00712405052036,0.00100850826129,0.0000893417382031,0.0000444985416834],"min":[5.88444102709e-23,3.21442517305e-22,7.46139884152e-22,3.83928853512e-21,1.25244474756e-20,1.34982676622e-20,2.51076893982e-20,3.88533616117e-20,6.34990625599e-20,1.133608378e-19,2.12671159866e-19,2.09013237951e-19,3.47701467228e-19,4.91914952805e-19,8.78824186532e-19,9.11703478507e-19,1.08036291707e-18,2.08124204908e-18,1.91971042586e-18,3.07125047688e-18,3.52920785608e-18,3.46328362921e-18,4.55405154781e-18,6.12618936566e-18,6.59256785709e-18,7.16039880988e-18,8.54810761118e-18,9.28329498627e-18,9.25887661459e-18,9.67576654433e-18,8.5384428329e-18,1.02759903035e-17,8.27364163931e-18,7.65844094797e-18,5.69496687745e-18,4.172227045e-18,2.17456063668e-18,9.41871375833e-19,2.29977148299e-19,2.56335145427e-20],"var":[0.296312123537,20.9528980255,38.6199913025,151.446517944,66.524559021,247.004058838,772.965881348,2108.32348633,2387.28417969,3850.5300293,6130.53027344,2877.33105469,2381.56323242,8243.30761719,14134.8779297,6108.14648438,625.292114258,680.570678711,407.638702393,622.832214355,681.740905762,634.703735352,328.302062988,855.701660156,355.538970947,629.95098877,698.871765137,247.072219849,129.288833618,139.139328003,105.953681946,59.1096000671,19.7025966644,4.17035150528,0.477835446596,0.0390409715474,0.00121561205015,0.000012859492017,5.67575959565e-8,1.43533662733e-9]},"erbbands_crest":{"dmean":2.57644724846,"dmean2":4.16413974762,"dvar":6.70790815353,"dvar2":16.920003891,"max":31.8378658295,"mean":8.48185253143,"median":7.27940273285,"min":2.18063569069,"var":20.6036109924},"erbbands_flatness_db":{"dmean":0.0167891271412,"dmean2":0.0232776086777,"dvar":0.000243909657001,"dvar2":0.000466909783427,"max":0.409099876881,"mean":0.143788874149,"median":0.138024047017,"min":0.0380426645279,"var":0.00175095547456},"erbbands_kurtosis":{"dmean":0.867675840855,"dmean2":1.35573470592,"dvar":1.73030376434,"dvar2":4.01350069046,"max":82.3815078735,"mean":0.476335883141,"median":-0.0598474740982,"min":-1.77261614799,"var":6.92382526398},"erbbands_skewness":{"dmean":0.332797437906,"dmean2":0.503901541233,"dvar":0.0927247032523,"dvar2":0.211415320635,"max":7.94554710388,"mean":0.50346660614,"median":0.509053111076,"min":-2.76420044899,"var":0.48569303751},"erbbands_spread":{"dmean":7.82656669617,"dmean2":11.4502191544,"dvar":64.6472396851,"dvar2":127.430801392,"max":136.503646851,"mean":39.4799957275,"median":36.8045654297,"min":3.05796146393,"var":324.411468506},"gfcc":{"cov":[[40327.0078125,2547.79467773,-2966.52441406,1657.53759766,-1890.40783691,731.183532715,-710.428222656,624.215393066,-438.46484375,165.43081665,-416.734893799,-67.3045883179,-399.842773438],[2547.79467773,1062.3939209,-287.628540039,-68.9123916626,-28.6168022156,-107.876152039,-50.6197662354,-37.3172416687,-5.41650819778,-52.4967002869,36.5529518127,-35.6683387756,35.9388542175],[-2966.52441406,-287.628540039,793.728393555,-7.34739637375,124.696060181,-47.0593681335,18.4296588898,-23.832075119,28.2372398376,-6.03999185562,2.52141261101,47.2345809937,10.2716274261],[1657.53759766,-68.9123916626,-7.34739637375,469.297698975,-44.0195083618,36.5193328857,34.1219749451,44.6937942505,8.83477687836,26.0569095612,-1.71378660202,-3.63669204712,-16.7826080322],[-1890.40783691,-28.6168022156,124.696060181,-44.0195083618,239.02204895,-10.4776954651,87.0490188599,-17.060174942,33.6002349854,1.14875006676,34.5059585571,-7.01872730255,14.7744913101],[731.183532715,-107.876152039,-47.0593681335,36.5193328857,-10.4776954651,161.75579834,36.0492286682,43.4320678711,2.19865322113,7.75674581528,-18.5507125854,-3.35300827026,-26.0881977081],[-710.428222656,-50.6197662354,18.4296588898,34.1219749451,87.0490188599,36.0492286682,155.272949219,30.9527664185,32.5226707458,0.329603016376,13.3093547821,-18.2364578247,1.6761033535],[624.215393066,-37.3172416687,-23.832075119,44.6937942505,-17.060174942,43.4320678711,30.9527664185,103.532043457,25.2725372314,18.9107780457,-8.84138965607,-4.07072019577,-16.7668914795],[-438.46484375,-5.41650819778,28.2372398376,8.83477687836,33.6002349854,2.19865322113,32.5226707458,25.2725372314,78.0477676392,19.5572223663,7.18752670288,-13.4439563751,-2.32980132103],[165.43081665,-52.4967002869,-6.03999185562,26.0569095612,1.14875006676,7.75674581528,0.329603016376,18.9107780457,19.5572223663,72.4086380005,22.1058921814,3.16293001175,-12.2597255707],[-416.734893799,36.5529518127,2.52141261101,-1.71378660202,34.5059585571,-18.5507125854,13.3093547821,-8.84138965607,7.18752670288,22.1058921814,72.3032913208,17.9903736115,16.7899837494],[-67.3045883179,-35.6683387756,47.2345809937,-3.63669204712,-7.01872730255,-3.35300827026,-18.2364578247,-4.07072019577,-13.4439563751,3.16293001175,17.9903736115,63.3159141541,23.6919384003],[-399.842773438,35.9388542175,10.2716274261,-16.7826080322,14.7744913101,-26.0881977081,1.6761033535,-16.7668914795,-2.32980132103,-12.2597255707,16.7899837494,23.6919384003,68.9873123169]],"icov":[[0.000205325035495,-0.000604691158514,0.00033734869794,-0.000596029334702,0.000728899321984,-0.000738404516596,0.000413659668993,-0.000734846456908,0.000872327422258,-0.000815428385977,0.000932428403758,-0.000530341698322,0.000525592186023],[-0.000604691158514,0.00308166560717,-0.000516418309417,0.00180513225496,-0.00214123935439,0.0028856380377,-0.000736920279451,0.00202242378145,-0.00291342660785,0.0036555128172,-0.00382739887573,0.00240433961153,-0.00187781674322],[0.00033734869794,-0.000516418309417,0.00229884241708,-0.00107738864608,0.000264898320893,-0.000446981488494,0.000890146708116,-0.00098042387981,0.000609282986261,-0.000712256296538,0.00201863073744,-0.00243220268749,0.00137220334727],[-0.000596029334702,0.00180513225496,-0.00107738864608,0.00408968236297,-0.00138983351644,0.00201134360395,-0.00197129673325,0.00161233369727,-0.00237821252085,0.00170698657166,-0.00284674298018,0.00164991093334,-0.00139231991488],[0.000728899321984,-0.00214123935439,0.000264898320893,-0.00138983351644,0.00943504367024,-0.00258649210446,-0.00214356882498,-0.000856553029735,0.00172142160591,-0.00280825560912,0.000913614989258,-0.000750940351281,0.0014023281401],[-0.000738404516596,0.0028856380377,-0.000446981488494,0.00201134360395,-0.00258649210446,0.0110904956236,-0.00333879143,0.000431245134678,-0.00250003766268,0.00306472415105,-0.00178153032903,0.000291331642075,0.000500443798956],[0.000413659668993,-0.000736920279451,0.000890146708116,-0.00197129673325,-0.00214356882498,-0.00333879143,0.0115451738238,-0.00426162965596,-0.000027648455216,0.000732672866434,-0.000450361927506,0.00213623791933,-0.000445212994236],[-0.000734846456908,0.00202242378145,-0.00098042387981,0.00161233369727,-0.000856553029735,0.000431245134678,-0.00426162965596,0.0163377411664,-0.00700681796297,0.000460508163087,-0.00125248602126,-0.000167182137375,-0.000146172082168],[0.000872327422258,-0.00291342660785,0.000609282986261,-0.00237821252085,0.00172142160591,-0.00250003766268,-0.000027648455216,-0.00700681796297,0.0211591366678,-0.00799600221217,0.00384446210228,0.00186861760449,0.000604247848969],[-0.000815428385977,0.0036555128172,-0.000712256296538,0.00170698657166,-0.00280825560912,0.00306472415105,0.000732672866434,0.000460508163087,-0.00799600221217,0.02317157574,-0.0115631977096,0.00165568746161,0.00183874508366],[0.000932428403758,-0.00382739887573,0.00201863073744,-0.00284674298018,0.000913614989258,-0.00178153032903,-0.000450361927506,-0.00125248602126,0.00384446210228,-0.0115631977096,0.0253646783531,-0.00892960093915,0.000210594429518],[-0.000530341698322,0.00240433961153,-0.00243220268749,0.00164991093334,-0.000750940351281,0.000291331642075,0.00213623791933,-0.000167182137375,0.00186861760449,0.00165568746161,-0.00892960093915,0.0254748631269,-0.00960245914757],[0.000525592186023,-0.00187781674322,0.00137220334727,-0.00139231991488,0.0014023281401,0.000500443798956,-0.000445212994236,-0.000146172082168,0.000604247848969,0.00183874508366,0.000210594429518,-0.00960245914757,0.0214347671717]],"mean":[-13.5329360962,100.048751831,-109.94745636,37.1613349915,-61.564125061,16.5487651825,-29.7169551849,15.6864862442,-14.355963707,4.24910449982,-9.90985012054,0.422683745623,-7.82639217377]},"hfc":{"dmean":5.87320613861,"dmean2":8.55550575256,"dvar":60.0896110535,"dvar2":135.715744019,"max":118.184494019,"mean":21.5523414612,"median":18.3216667175,"min":1.02651545683e-16,"var":264.697998047},"melbands":{"dmean":[0.00235425471328,0.00176913675386,0.000697521434631,0.000244985509198,0.000224085131777,0.000292552955216,0.000259359367192,0.000224840565352,0.000242375856033,0.00010415133147,0.0000861160078784,0.000103380887595,0.0000903609834495,0.0000535204053449,0.0000463027899968,0.0000164237171703,0.0000216742828343,0.0000108558087959,0.0000218673740164,0.0000125964543258,0.0000128690353449,0.0000123687768792,0.00000770716178522,0.00000559928503208,0.00000921585888136,0.00000542344332644,0.00000512458927915,0.00000642235136183,0.0000055308314586,0.00000396695304516,0.0000025943345463,0.00000218791387852,0.0000019949225134,0.0000019106128093,0.00000153569214945,0.0000013856173382,0.00000118986224606,8.04537023669e-7,5.66208541386e-7,3.60961337265e-7],"dmean2":[0.00384210189804,0.00289757829159,0.00112533499487,0.000397731608246,0.000344358675648,0.00045319829951,0.000404159567552,0.000331457238644,0.000352043920429,0.000153861445142,0.000135763926664,0.00016641394177,0.000146490288898,0.0000876260382938,0.0000759949471103,0.0000268806943495,0.0000366502681572,0.0000179382277565,0.0000364064653695,0.0000211188544199,0.0000215217860386,0.0000209867739613,0.0000129921108964,0.00000930148871703,0.0000154175813805,0.00000927929340833,0.00000866197297,0.0000105383605842,0.00000874018769537,0.00000626112796454,0.00000408564528698,0.00000342976159118,0.0000030287676509,0.00000287643024421,0.00000224031441576,0.00000200709223463,0.00000174046033408,0.00000116913543025,8.11521829291e-7,5.17098953878e-7],"dvar":[0.0000258064355876,0.0000161343159562,0.00000279536789094,1.9789696637e-7,3.11451856305e-7,4.52980401633e-7,2.68389129587e-7,2.36531505493e-7,2.25979533752e-7,3.56917446709e-8,3.3403718902e-8,6.78677025689e-8,6.06314571883e-8,2.45446365454e-8,1.09982805085e-8,1.55245627464e-9,2.04413708182e-9,5.23212806414e-10,1.48215617557e-9,8.45385428327e-10,5.93130544679e-10,4.39864589197e-10,2.23500148944e-10,1.07166567287e-10,3.0881097679e-10,1.34548164277e-10,8.95046883831e-11,1.82531684212e-10,1.2238254854e-10,8.05434954843e-11,3.44835306143e-11,1.92423681156e-11,1.47598894912e-11,1.5589737834e-11,1.3939729579e-11,1.06876105188e-11,1.12555728626e-11,5.66358461865e-12,2.23966396644e-12,1.24074351054e-12],"dvar2":[0.0000666238120175,0.0000392915826524,0.00000727009410184,5.31104376478e-7,7.89133196122e-7,0.00000107035464225,6.94413984093e-7,5.58050828658e-7,4.68586677016e-7,7.47774322463e-8,8.37070999182e-8,1.76480725145e-7,1.6100743494e-7,6.50930331858e-8,2.9605159213e-8,3.77581033106e-9,5.74821701349e-9,1.28647281716e-9,4.003007259e-9,2.23486096296e-9,1.53823154214e-9,1.17435172697e-9,5.76350578374e-10,2.72406791568e-10,7.93761723017e-10,3.69694913571e-10,2.43469133743e-10,4.71475913866e-10,2.88161744466e-10,1.8905682575e-10,7.69542901624e-11,4.47162029626e-11,3.21899763789e-11,3.33423288978e-11,3.01585145746e-11,2.26631352573e-11,2.62769545706e-11,1.22946401324e-11,4.65017043969e-12,2.84801457591e-12],"max":[0.0567716322839,0.0394714847207,0.0268536247313,0.0138697708026,0.0176154561341,0.0210243910551,0.0109574599192,0.0130631690845,0.0124644171447,0.00629755947739,0.00457617919892,0.00889860652387,0.00752675253898,0.00462328596041,0.0028902173508,0.00112874258775,0.0012450797949,0.000868864590302,0.0015443371376,0.00100027222652,0.000660695659462,0.000698434363585,0.000342443760019,0.000265393871814,0.000374656898202,0.000207213277463,0.000244000068051,0.000332200492267,0.000226507341722,0.000283228378976,0.000247611664236,0.000114986294648,0.000107612002466,0.000137014620122,0.000100693789136,0.000084613202489,0.000142289689393,0.0000697198192938,0.0000487402539875,0.0000472042447655],"mean":[0.00339998281561,0.00275645800866,0.00133252493106,0.000533912447281,0.000471988489153,0.000606428773608,0.000533028214704,0.00044162911945,0.000444903969765,0.000199824862648,0.000138034418342,0.000157716378453,0.000146004153066,0.0000894755576155,0.0000716252834536,0.0000242496262217,0.0000326693771058,0.0000189238890016,0.0000338688878401,0.0000206247423193,0.0000225065959967,0.0000225318344746,0.0000131774413603,0.000010926255527,0.0000165590845427,0.00000878328683029,0.00000944918065215,0.0000113379410323,0.0000104763294075,0.00000713285498932,0.00000453368329545,0.00000384656732422,0.00000351755943484,0.00000331726323566,0.00000269129100161,0.00000248076548814,0.00000199992905436,0.0000013951452047,9.80207460088e-7,5.81737594985e-7],"median":[0.00196786783636,0.00157691654749,0.000702401506715,0.0002972111688,0.000221636102651,0.000285523536149,0.000286240363494,0.000221819209401,0.000201883303816,0.0000996649687295,0.0000619986967649,0.0000520282374055,0.0000534726568731,0.0000333375937771,0.0000259137559624,0.0000098098307717,0.0000160554955073,0.0000107072728497,0.0000181263494596,0.0000109978791443,0.0000127224566313,0.0000143606739584,0.00000741463554732,0.00000584442659601,0.00000794436618889,0.00000343691954185,0.00000488639352625,0.00000434054709331,0.00000358774741471,0.00000271585417977,0.00000171331271304,0.00000129887894218,0.00000130659054776,0.00000108405367882,8.51851609696e-7,9.05844785848e-7,6.9303462169e-7,4.30851542887e-7,3.81530071536e-7,1.88317173411e-7],"min":[3.90278406495e-25,4.3104341007e-25,8.99827109138e-25,1.18400014935e-24,8.45041310916e-25,8.85252016445e-25,8.03600228893e-25,2.01763620791e-24,1.83662931219e-24,1.31711569395e-24,1.8380372317e-24,1.51433476595e-24,1.98132888475e-24,2.5806103428e-24,1.78281716554e-24,2.16864607606e-24,3.1428567535e-24,2.7261317112e-24,2.16835814183e-24,3.34029187478e-24,2.47384571067e-24,2.56611817911e-24,3.40273573745e-24,3.46425978831e-24,4.02775141595e-24,4.29041172624e-24,4.01548936204e-24,4.35605796976e-24,4.05820696892e-24,4.83491310531e-24,4.59853566823e-24,4.98979766101e-24,3.64518543135e-24,4.99518360884e-24,4.39306580141e-24,4.74446113063e-24,5.4987103692e-24,4.48039862008e-24,5.69437824484e-24,5.41160868678e-24],"var":[0.0000269140127784,0.0000167795460584,0.00000369422991753,5.63104777029e-7,6.65250070142e-7,0.00000102163585325,5.5479756611e-7,4.71812256819e-7,5.75540752834e-7,9.80120375971e-8,5.76371697036e-8,1.19274702115e-7,1.31408228299e-7,4.97408159106e-8,2.0884513674e-8,2.66724198283e-9,3.15110293414e-9,9.43776834461e-10,2.71827427234e-9,1.4822693073e-9,1.08060782544e-9,9.31494881229e-10,4.01833039065e-10,2.52852877525e-10,7.21435744477e-10,2.07095576799e-10,1.82383760872e-10,4.06895878102e-10,3.35683592034e-10,1.81877304883e-10,7.89330267814e-11,4.69195481079e-11,3.86563801802e-11,4.55949618339e-11,3.84991864777e-11,2.83408609081e-11,2.31531547407e-11,1.30858631223e-11,5.1578515764e-12,2.59949722338e-12]},"melbands_crest":{"dmean":3.06097793579,"dmean2":4.85457324982,"dvar":8.38614273071,"dvar2":20.6958332062,"max":34.975856781,"mean":13.4120225906,"median":12.5853223801,"min":1.03679943085,"var":26.2196445465},"melbands_flatness_db":{"dmean":0.0260548852384,"dmean2":0.0401186086237,"dvar":0.000706617021933,"dvar2":0.00188644754235,"max":0.520965218544,"mean":0.196958303452,"median":0.195329815149,"min":0.00000502205239172,"var":0.00382499583066},"melbands_kurtosis":{"dmean":6.57465457916,"dmean2":10.4627227783,"dvar":186.159240723,"dvar2":467.41897583,"max":317.887786865,"mean":12.0250272751,"median":7.74402236938,"min":-1.5007250309,"var":259.562255859},"melbands_skewness":{"dmean":0.692817687988,"dmean2":1.04614698887,"dvar":0.716811060905,"dvar2":1.60700297356,"max":13.5635452271,"mean":2.50745201111,"median":2.26955842972,"min":-0.917716622353,"var":2.14868617058},"melbands_spread":{"dmean":5.44713068008,"dmean2":8.56219768524,"dvar":40.7189254761,"dvar2":97.2049407959,"max":159.746749878,"mean":22.6682224274,"median":17.6623954773,"min":0.774107038975,"var":419.901550293},"mfcc":{"cov":[[13153.0361328,1224.76330566,323.572845459,766.520690918,-104.603797913,183.689178467,74.7941207886,224.87260437,159.626983643,205.386459351,47.3995285034,176.037124634,84.3573379517],[1224.76330566,1365.94506836,-85.0577011108,11.1795663834,22.4591369629,-63.0980453491,-32.7184562683,-3.13254857063,-20.4005260468,-3.9604306221,-19.5084056854,7.39693069458,-13.6812400818],[323.572845459,-85.0577011108,434.673156738,106.812942505,36.8934707642,1.34415781498,-37.2964630127,16.6811523438,-3.00876569748,-21.5929222107,0.956519186497,-2.28804516792,-15.9451169968],[766.520690918,11.1795663834,106.812942505,344.284851074,33.2005462646,26.5183944702,21.52501297,7.34804821014,13.6050748825,10.1643152237,8.69466400146,34.0512084961,26.1603355408],[-104.603797913,22.4591369629,36.8934707642,33.2005462646,100.065628052,13.6318454742,1.53682518005,-0.808586061001,-4.11803722382,-4.4311747551,3.21613812447,8.43889522552,7.05625867844],[183.689178467,-63.0980453491,1.34415781498,26.5183944702,13.6318454742,106.304206848,31.505525589,23.6365146637,10.7477073669,11.7812757492,17.2607517242,-1.40323960781,5.73584604263],[74.7941207886,-32.7184562683,-37.2964630127,21.52501297,1.53682518005,31.505525589,96.081451416,31.7828102112,17.2542991638,16.9554901123,2.68818879128,15.8043203354,22.0594806671],[224.87260437,-3.13254857063,16.6811523438,7.34804821014,-0.808586061001,23.6365146637,31.7828102112,89.728515625,37.0523262024,16.1970462799,9.26972389221,2.92617964745,3.90340852737],[159.626983643,-20.4005260468,-3.00876569748,13.6050748825,-4.11803722382,10.7477073669,17.2542991638,37.0523262024,76.1469497681,37.5295181274,12.6108884811,7.54118585587,6.69408798218],[205.386459351,-3.9604306221,-21.5929222107,10.1643152237,-4.4311747551,11.7812757492,16.9554901123,16.1970462799,37.5295181274,73.4735870361,32.7880134583,14.5976333618,3.22104787827],[47.3995285034,-19.5084056854,0.956519186497,8.69466400146,3.21613812447,17.2607517242,2.68818879128,9.26972389221,12.6108884811,32.7880134583,69.6590042114,24.311624527,2.52847599983],[176.037124634,7.39693069458,-2.28804516792,34.0512084961,8.43889522552,-1.40323960781,15.8043203354,2.92617964745,7.54118585587,14.5976333618,24.311624527,71.929069519,33.8983726501],[84.3573379517,-13.6812400818,-15.9451169968,26.1603355408,7.05625867844,5.73584604263,22.0594806671,3.90340852737,6.69408798218,3.22104787827,2.52847599983,33.8983726501,63.891292572]],"icov":[[0.000117232950288,-0.000118528230814,-0.0000803231232567,-0.000216026906855,0.000282043241896,-0.000247103802394,0.000118248593935,-0.000207165270695,0.0000264431655523,-0.000313403957989,0.000210234560654,-0.00023034766491,-0.0000219725807256],[-0.000118528230814,0.00091449264437,0.000337287347065,0.0000834984020912,-0.000587127811741,0.000702154997271,0.000206363518373,-0.000170464467374,0.000304608693114,0.000109688233351,0.00007681587158,-0.0000152602224261,0.000310889532557],[-0.0000803231232567,0.000337287347065,0.00296891224571,-0.000834156991914,-0.0010552094318,0.000346218032064,0.00138459575828,-0.00109800894279,0.000073693729064,0.00108787743375,-0.000276534556178,-0.000038997757656,0.000904318527319],[-0.000216026906855,0.0000834984020912,-0.000834156991914,0.00394642120227,-0.00107975548599,-0.000318431906635,-0.000884419830982,0.00100046454463,-0.000551274744794,0.00025456683943,-0.00000590779563936,-0.000775659340434,-0.000672167574521],[0.000282043241896,-0.000587127811741,-0.0010552094318,-0.00107975548599,0.0116438027471,-0.00217743008398,0.000264682108536,0.0000177796209755,0.000450640305644,-0.0000131085316752,0.000202687646379,-0.00133221794385,-0.000850053678732],[-0.000247103802394,0.000702154997271,0.000346218032064,-0.000318431906635,-0.00217743008398,0.0125472154468,-0.00346158444881,-0.00146751932334,0.000385181338061,0.000728638784494,-0.00387134752236,0.00344610121101,-0.000659983488731],[0.000118248593935,0.000206363518373,0.00138459575828,-0.000884419830982,0.000264682108536,-0.00346158444881,0.0151811679825,-0.00488468213007,0.000848938827403,-0.00287346937694,0.00306511134841,-0.00223782518879,-0.00294391624629],[-0.000207165270695,-0.000170464467374,-0.00109800894279,0.00100046454463,0.0000177796209755,-0.00146751932334,-0.00488468213007,0.0167728550732,-0.00763840368018,0.00222327839583,-0.00175198575016,0.00106461439282,0.000537626503501],[0.0000264431655523,0.000304608693114,0.000073693729064,-0.000551274744794,0.000450640305644,0.000385181338061,0.000848938827403,-0.00763840368018,0.0216882266104,-0.0104349469766,0.00199492298998,0.000139409385156,-0.00153555325232],[-0.000313403957989,0.000109688233351,0.00108787743375,0.00025456683943,-0.0000131085316752,0.000728638784494,-0.00287346937694,0.00222327839583,-0.0104349469766,0.024498488754,-0.00982289295644,-0.000141253462061,0.00171876698732],[0.000210234560654,0.00007681587158,-0.000276534556178,-0.00000590779563936,0.000202687646379,-0.00387134752236,0.00306511134841,-0.00175198575016,0.00199492298998,-0.00982289295644,0.0223829522729,-0.00837219879031,0.00288858544081],[-0.00023034766491,-0.0000152602224261,-0.000038997757656,-0.000775659340434,-0.00133221794385,0.00344610121101,-0.00223782518879,0.00106461439282,0.000139409385156,-0.000141253462061,-0.00837219879031,0.0235387161374,-0.0110108470544],[-0.0000219725807256,0.000310889532557,0.000904318527319,-0.000672167574521,-0.000850053678732,-0.000659983488731,-0.00294391624629,0.000537626503501,-0.00153555325232,0.00171876698732,0.00288858544081,-0.0110108470544,0.0231866631657]],"mean":[-637.105957031,121.383766174,9.4859418869,23.5446872711,-0.892361223698,2.71741676331,-0.757280111313,7.88451719284,3.73385953903,6.50230455399,-1.03222215176,7.7306303978,4.50184488297]},"pitch_salience":{"dmean":0.0678600817919,"dmean2":0.111095048487,"dvar":0.00453679682687,"dvar2":0.0120020303875,"max":0.994489490986,"mean":0.548868358135,"median":0.550485253334,"min":0.105729088187,"var":0.0124587556347},"silence_rate_20dB":{"dmean":0,"dmean2":0,"dvar":0,"dvar2":0,"max":1,"mean":1,"median":1,"min":1,"var":0},"silence_rate_30dB":{"dmean":0.0489266104996,"dmean2":0.0978602021933,"dvar":0.0465245135128,"dvar2":0.114939123392,"max":1,"mean":0.963985145092,"median":1,"min":0,"var":0.0347264632583},"silence_rate_60dB":{"dmean":0.00442193867639,"dmean2":0.00884450785816,"dvar":0.00440228497609,"dvar2":0.0101919863373,"max":1,"mean":0.0678219944239,"median":0,"min":0,"var":0.0632197856903},"spectral_centroid":{"dmean":227.227355957,"dmean2":351.564239502,"dvar":72102.6875,"dvar2":163014.96875,"max":11823.4931641,"mean":1504.01757812,"median":1183.56347656,"min":308.683074951,"var":2472697.5},"spectral_complexity":{"dmean":3.65965342522,"dmean2":5.77631950378,"dvar":20.8147449493,"dvar2":46.9862594604,"max":58,"mean":20.8523044586,"median":20,"min":0,"var":108.733032227},"spectral_contrast_coeffs":{"dmean":[0.0421466268599,0.0432363189757,0.0376136377454,0.0302226021886,0.0214785989374,0.0192436873913],"dmean2":[0.0693930611014,0.0691127255559,0.0605379715562,0.0498459376395,0.0344671420753,0.0298881195486],"dvar":[0.00132149376441,0.00130148790777,0.000954159128014,0.000603718450293,0.000325346743921,0.000366524531273],"dvar2":[0.00345048448071,0.00336016900837,0.00244070473127,0.00156740704551,0.000773045409005,0.00085556745762],"max":[-0.352334141731,-0.351276755333,-0.492141366005,-0.54355353117,-0.599283099174,-0.601167500019],"mean":[-0.696671903133,-0.739643514156,-0.760980367661,-0.777541100979,-0.791025221348,-0.765457928181],"median":[-0.695614933968,-0.741870999336,-0.764846324921,-0.780471920967,-0.791776061058,-0.76346719265],"min":[-0.978793740273,-0.989300429821,-0.990702807903,-0.984898805618,-0.984539210796,-0.966044008732],"var":[0.00661113066599,0.00608997186646,0.00497217616066,0.00336092477664,0.00210399762727,0.00261059356853]},"spectral_contrast_valleys":{"dmean":[0.334698736668,0.284519761801,0.280773967505,0.272596955299,0.270549625158,0.349294006824],"dmean2":[0.542768418789,0.46055290103,0.456687539816,0.432553529739,0.396204471588,0.420812100172],"dvar":[0.0985895693302,0.0670450776815,0.0687071830034,0.0796125680208,0.115378417075,0.111820071936],"dvar2":[0.217893481255,0.152591317892,0.15605597198,0.171188101172,0.234946191311,0.193503424525],"max":[-5.08490991592,-4.66674232483,-5.32186031342,-5.84525156021,-5.35291481018,-7.80883359909],"mean":[-7.2893705368,-6.70300292969,-7.65666437149,-8.20799064636,-7.97471427917,-10.3794727325],"median":[-6.58216667175,-6.01499176025,-7.05303525925,-7.61655807495,-7.39782190323,-9.87351799011],"min":[-28.2743377686,-28.4639663696,-28.1482372284,-27.9708175659,-27.5904331207,-27.4192619324],"var":[10.7305717468,11.2465267181,10.1304922104,9.64992141724,10.0217761993,7.99025297165]},"spectral_decrease":{"dmean":3.31331895254e-9,"dmean2":5.06835640124e-9,"dvar":3.1564222867e-17,"dvar2":7.12925595612e-17,"max":3.04049064029e-28,"mean":-9.36772881488e-9,"median":-7.9450899193e-9,"min":-5.80336028122e-8,"var":5.62057910399e-17},"spectral_energy":{"dmean":0.0128271393478,"dmean2":0.0195365026593,"dvar":0.000459286937257,"dvar2":0.00102802005131,"max":0.221413835883,"mean":0.0373106263578,"median":0.0320222079754,"min":9.94260998869e-21,"var":0.000852379773278},"spectral_energyband_high":{"dmean":0.000466807658086,"dmean2":0.000670343870297,"dvar":6.02939678629e-7,"dvar2":0.000001260210297,"max":0.0142996422946,"mean":0.00108051346615,"median":0.000481838942505,"min":6.94035714764e-21,"var":0.00000226507108891},"spectral_energyband_low":{"dmean":0.0102012539282,"dmean2":0.0160524323583,"dvar":0.000450127001386,"dvar2":0.00106912048068,"max":0.214904859662,"mean":0.0183077845722,"median":0.0120443636551,"min":7.12480079162e-24,"var":0.000554173893761},"spectral_energyband_middle_high":{"dmean":0.00185666012112,"dmean2":0.00297523010522,"dvar":0.00000851228196552,"dvar2":0.0000225754592975,"max":0.0703845396638,"mean":0.0050565446727,"median":0.00364415044896,"min":1.06145387361e-21,"var":0.0000259793559962},"spectral_energyband_middle_low":{"dmean":0.0047808769159,"dmean2":0.00741153815761,"dvar":0.000049571692216,"dvar2":0.000122300334624,"max":0.0967364236712,"mean":0.0150004466996,"median":0.0120397843421,"min":1.47076628186e-22,"var":0.000151900661876},"spectral_entropy":{"dmean":0.158195376396,"dmean2":0.2203527987,"dvar":0.0272944308817,"dvar2":0.0540103390813,"max":9.82909107208,"mean":7.65517759323,"median":7.63995742798,"min":4.26960039139,"var":0.293972849846},"spectral_flux":{"dmean":0.0271968189627,"dmean2":0.0431166179478,"dvar":0.00131506659091,"dvar2":0.00267692725174,"max":0.373969554901,"mean":0.0880416184664,"median":0.0780388116837,"min":6.30948765457e-11,"var":0.00320682814345},"spectral_kurtosis":{"dmean":1.38438630104,"dmean2":2.20799803734,"dvar":4.81236362457,"dvar2":12.9872589111,"max":71.5217895508,"mean":3.92927885056,"median":3.10568809509,"min":-1.28539335728,"var":18.9291381836},"spectral_rms":{"dmean":0.000895328936167,"dmean2":0.00133402645588,"dvar":0.00000141055397762,"dvar2":0.00000295206700685,"max":0.0146973980591,"mean":0.00554634816945,"median":0.00558938086033,"min":3.11449954368e-12,"var":0.0000056387366385},"spectral_rolloff":{"dmean":378.277984619,"dmean2":631.554199219,"dvar":480589.59375,"dvar2":1048342.0625,"max":19681.3476562,"mean":1527.49865723,"median":796.728515625,"min":64.599609375,"var":8205294.5},"spectral_skewness":{"dmean":0.210806041956,"dmean2":0.320808053017,"dvar":0.0621250160038,"dvar2":0.149706542492,"max":6.81021547318,"mean":1.45024573803,"median":1.40977907181,"min":-0.130128264427,"var":0.395410656929},"spectral_spread":{"dmean":575282.0625,"dmean2":755637.875,"dvar":517896175616,"dvar2":898348875776,"max":47936532,"mean":5451118,"median":4456350,"min":1104428.5,"var":30966716301300},"spectral_strongpeak":{"dmean":0.484566181898,"dmean2":0.837225496769,"dvar":0.664224565029,"dvar2":1.6640702486,"max":9.30910491943,"mean":0.762325763702,"median":0.390857994556,"min":0,"var":1.00346887112},"zerocrossingrate":{"dmean":0.008948456496,"dmean2":0.0108472621068,"dvar":0.0000940246827668,"dvar2":0.000119502823509,"max":0.53125,"mean":0.0630273893476,"median":0.04736328125,"min":0.00537109375,"var":0.00534093054011}},"metadata":{"audio_properties":{"analysis_sample_rate":44100,"bit_rate":0,"codec":"flac","downmix":"mix","equal_loudness":0,"length":325.559997559,"lossless":true,"md5_encoded":"7b08e27749ece4e52b517dcafcb3cf5d","replay_gain":-13.3681411743},"tags":{"album":["The Suburbs"],"albumartist":["Arcade Fire"],"albumartistsort":["Arcade Fire"],"albumsort":["The Suburbs (2010-08-02, Arcade Fire, 30ab36d3-8dfe-4967-bb7f-05b3595f7d2e)"],"arranger":["Arcade Fire"],"artist":["Arcade Fire"],"artists":["Arcade Fire"],"artistsort":["Arcade Fire"],"asin":["B003O85WTY"],"barcode":["602527426297"],"catalognumber":["2742629/A"],"composer":["Arcade Fire"],"composersort":["Arcade Fire"],"date":["2010-08-02"],"discnumber":["1"],"disctotal":["1"],"file_name":"15 - Arcade Fire - Sprawl II (Mountains Beyond Mountains).flac","genre":["Post Rock, Alternative Pop/Rock"],"isrc":["GBUM71021646"],"label":["Mercury"],"lyricist":["Arcade Fire"],"media":["CD"],"musicbrainz_albumartistid":["52074ba6-e495-4ef3-9bb4-0703888a9f68"],"musicbrainz_albumid":["30ab36d3-8dfe-4967-bb7f-05b3595f7d2e"],"musicbrainz_artistid":["52074ba6-e495-4ef3-9bb4-0703888a9f68"],"musicbrainz_recordingid":["e99afdb1-2e1f-42e1-9498-0e329aac2fc8"],"musicbrainz_releasegroupid":["4b6d5132-4740-407a-b9ae-505d5f1d3e97"],"musicbrainz_releasetrackid":["4db4c79b-e4eb-34e8-819b-b51d73f2ce75"],"musicbrainz_workid":["255b597d-eb21-34b7-82a7-35fe617f2c85"],"musicip_puid":["5775e7d4-e056-76dd-0000-b663e8b49248"],"originaldate":["2010-07-03"],"producer":["Arcade Fire"],"releasecountry":["GB"],"releasestatus":["official"],"releasetype":["album"],"replaygain_album_gain":["-8.85 dB"],"replaygain_album_peak":["1.00000000"],"replaygain_track_gain":["-7.75 dB"],"replaygain_track_peak":["0.99911499"],"script":["Latn"],"title":["Sprawl II (Mountains Beyond Mountains)"],"totaldiscs":["1"],"totaltracks":["16"],"tracknumber":["15"],"tracktotal":["16"],"work":["Sprawl II (M