{"lowlevel":{"average_loudness":0.564044475555,"barkbands":{"dmean":[0.00712592015043,0.0192233547568,0.00475610699505,0.0019098034827,0.00206286227331,0.000928646477405,0.00130492576864,0.000848603434861,0.000690879242029,0.001475578174,0.000689704495016,0.000939795456361,0.000359188386938,0.000399184937123,0.000183101525181,0.0000733177366783,0.0000640929574729,0.000115891110909,0.0000822304718895,0.0000813696678961,0.0000471913335787,0.000035755620047,0.0000133630801429,0.00000434699768448,0.00000420277774538,0.00000672886926623,0.000162776676007],"dmean2":[0.0117426626384,0.0327038578689,0.00802792236209,0.00308728218079,0.00339741795324,0.00146957859397,0.00207209656946,0.00140906043816,0.00110832089558,0.00235953205265,0.00113222957589,0.0015063820174,0.0005849225563,0.000630253402051,0.000302748172544,0.000120994249301,0.000103302132629,0.000180336937774,0.000125671402202,0.000123478195746,0.0000690661909175,0.0000541130648344,0.0000207394787139,0.00000724089204596,0.0000069937882472,0.0000106811439764,0.000239310844336],"dvar":[0.000236133259023,0.00102036667522,0.0000597680627834,0.00000735887215342,0.00000923739025893,0.00000199914370569,0.00000459320062873,0.00000248643414125,0.00000299605949294,0.00000762023182688,0.00000236846312873,0.00000212309737435,4.53263197642e-7,6.1217667735e-7,1.30672816567e-7,1.66121587597e-8,1.3582760694e-8,5.80202694778e-8,2.61874184559e-8,2.47746374527e-8,8.7263387627e-9,7.19362169832e-9,7.28156590579e-10,6.15042877739e-11,5.68540180212e-11,1.1726100646e-10,8.82090418486e-8],"dvar2":[0.00057823228417,0.00274775200523,0.00016197374498,0.0000188421909115,0.0000244347575062,0.00000486246017317,0.0000108765125333,0.00000613676093053,0.0000071831555033,0.0000188121957763,0.00000631709690424,0.00000544174554307,0.00000119998207992,0.00000146440777371,3.58718494908e-7,4.28473327929e-8,3.50479858469e-8,1.42346593179e-7,6.1377413374e-8,5.72523539688e-8,1.8105877686e-8,1.61326543235e-8,1.65728131218e-9,1.54321250223e-10,1.42475073406e-10,2.76505429664e-10,2.04638283208e-7],"max":[0.289510041475,0.38788408041,0.133522123098,0.0436821766198,0.0587017647922,0.0260856132954,0.0524918064475,0.0535630770028,0.0628477409482,0.0642871260643,0.0393933355808,0.0333084128797,0.0130072906613,0.025269318372,0.00861624907702,0.00371058285236,0.00368485576473,0.00563555583358,0.0029224799946,0.00287389708683,0.00207513826899,0.00224179914221,0.000584767607506,0.000123546866234,0.000119375814393,0.000176599554834,0.00730263348669],"mean":[0.0081105325371,0.0280276052654,0.00678209867328,0.00305027351715,0.00403752177954,0.00179876817856,0.00281435367651,0.00156087137293,0.0013066456886,0.00261573633179,0.00114739534911,0.00179427419789,0.000660705845803,0.000761352828704,0.000320343446219,0.000137287002872,0.000120634431369,0.000210041442188,0.000153203305672,0.000153934946866,0.0000825242750579,0.0000536543702765,0.0000179294820555,0.00000422301536673,0.00000415021122535,0.00000909246500669,0.000464644894237],"median":[0.00149715109728,0.0110285207629,0.00342313037254,0.00165628793184,0.00220349663869,0.00100229424424,0.00134717917535,0.000745867961086,0.000497097207699,0.00103085814044,0.0004404312931,0.00109381752554,0.000294193101581,0.000239328408497,0.000118778465549,0.0000595160090597,0.0000473556865472,0.0000364214683941,0.00003317676601,0.0000322988635162,0.0000193002106244,0.00000971259760263,0.00000385809880754,0.00000121944572129,0.00000126825386815,0.00000309632218887,0.000171395397047],"min":[1.23181135221e-23,2.36389206889e-23,4.60493703782e-23,1.54768419598e-23,9.96704770047e-24,1.85043386528e-23,1.20803457966e-22,3.9660202891e-23,5.75913772982e-23,4.8859018399e-23,8.14748606449e-23,1.53314511085e-22,7.04917648317e-23,1.85718228633e-22,5.82769668446e-23,9.13541128598e-23,2.09022214759e-22,2.40611689014e-22,2.83380470877e-22,2.86681595019e-22,4.17479706084e-22,6.31972500826e-22,5.02218033806e-22,8.74339903914e-22,1.19462995223e-21,1.72571019775e-21,2.43623572571e-21],"var":[0.000296720361803,0.00171816011425,0.000083498096501,0.0000152323673319,0.0000251021519944,0.00000532157855559,0.0000203052986762,0.00000726761027181,0.00000752933510739,0.0000185488916031,0.00000431772241427,0.00000498059443998,0.00000105171523046,0.00000172766237938,2.75051490917e-7,3.87016996228e-8,3.15859054467e-8,1.41967007039e-7,6.74876616813e-8,6.89693280265e-8,2.29432650656e-8,1.23881687131e-8,1.272384198e-9,6.75572375819e-11,6.31176430566e-11,2.13619941181e-10,4.48506739303e-7]},"barkbands_crest":{"dmean":3.06492114067,"dmean2":5.08980417252,"dvar":7.36321306229,"dvar2":19.893453598,"max":26.2516880035,"mean":11.6877384186,"median":11.1252841949,"min":2.35038948059,"var":20.2197704315},"barkbands_flatness_db":{"dmean":0.0390059240162,"dmean2":0.0633973702788,"dvar":0.00137744459789,"dvar2":0.00387161620893,"max":0.640730857849,"mean":0.196928158402,"median":0.182994097471,"min":0.0406130477786,"var":0.00558285787702},"barkbands_kurtosis":{"dmean":8.53343772888,"dmean2":14.2309484482,"dvar":449.4559021,"dvar2":1293.29638672,"max":996.634216309,"mean":15.0661096573,"median":6.66937589645,"min":-1.83535194397,"var":1154.48937988},"barkbands_skewness":{"dmean":0.81274420023,"dmean2":1.33307051659,"dvar":0.802093029022,"dvar2":2.23600244522,"max":26.7147789001,"mean":2.40663957596,"median":2.07373738289,"min":-1.83925366402,"var":3.23776769638},"barkbands_spread":{"dmean":3.94768214226,"dmean2":6.36211872101,"dvar":21.9928684235,"dvar2":55.269367218,"max":127.153343201,"mean":13.8298816681,"median":11.9466743469,"min":0.113790936768,"var":132.373306274},"dissonance":{"dmean":0.0283342618495,"dmean2":0.0476059727371,"dvar":0.000811387842987,"dvar2":0.00228695571423,"max":0.500000178814,"mean":0.445666491985,"median":0.459620445967,"min":0.141058564186,"var":0.00220280420035},"dynamic_complexity":4.16927242279,"erbbands":{"dmean":[0.852428257465,3.62895607948,5.5462603569,5.8344502449,6.89790678024,6.84147119522,6.81727409363,9.22469329834,10.4765472412,32.2720603943,14.3308029175,14.3456220627,23.0030727386,49.1894798279,28.3409156799,35.8388710022,16.2452011108,19.2175178528,13.95840168,5.13489198685,3.69045090675,3.60107016563,5.39951562881,5.76473522186,3.3698580265,4.35939645767,2.19284105301,1.91817903519,1.36852991581,0.778474867344,0.229868605733,0.0971420481801,0.0696306526661,0.0473760217428,0.0297040361911,0.0166629441082,0.00975879281759,0.0229078270495,0.0102951554582,0.00388515274972],"dmean2":[1.47609388828,6.09393215179,9.3637638092,9.4356880188,11.565741539,11.1244392395,11.1441860199,14.376824379,16.8740196228,52.2474250793,23.3365898132,23.2152729034,37.3907203674,78.3421859741,46.2915344238,57.598777771,26.3400344849,30.1272392273,22.8296546936,8.41198635101,6.02327728271,5.72803068161,8.46305274963,8.77726650238,5.06344604492,6.71435165405,3.28387975693,2.8213121891,2.07283687592,1.17240393162,0.363831192255,0.161566972733,0.115986995399,0.0788670778275,0.0493905283511,0.02763864398,0.0156364906579,0.0327596962452,0.0141420066357,0.00560640078038],"dvar":[2.16661667824,38.3163833618,86.0375747681,69.478553772,115.099319458,126.805610657,133.465179443,215.993774414,487.39944458,3404.22875977,839.405822754,1341.3449707,2582.70214844,8551.93457031,3331.48779297,2983.03564453,848.587158203,1374.98217773,806.099487305,88.9660186768,43.7826347351,42.2249259949,127.391845703,136.93812561,42.0838470459,73.5623397827,18.2480773926,17.02866745,10.6351165771,3.01755571365,0.161222249269,0.0303552728146,0.0157548971474,0.0072573935613,0.00282666739076,0.000874271674547,0.000238425272983,0.00258400477469,0.000338332756655,0.0000322774103552],"dvar2":[6.07655763626,101.34324646,230.622894287,176.115036011,319.346435547,329.944915771,337.528625488,511.649841309,1204.13525391,8658.54882812,2035.81738281,3329.74829102,6604.28613281,20382.4589844,9026.24023438,7690.78417969,2244.43359375,3261.75805664,2103.48364258,241.430511475,110.37374115,108.022605896,313.073516846,320.37020874,93.7463684082,175.281661987,39.1279220581,35.9896621704,24.104309082,6.80238246918,0.376017719507,0.0761686861515,0.0395157970488,0.0181921254843,0.00708234123886,0.00218950747512,0.000573653320316,0.00553125422448,0.00065969384741,0.000070943722676],"max":[18.7615127563,76.2389297485,141.62387085,118.930458069,227.793029785,241.431167603,335.321929932,292.774383545,946.383666992,1357.37145996,916.41986084,1160.21582031,1862.37487793,2116.16625977,1879.35705566,824.857421875,638.891235352,871.549255371,1264.80993652,204.848434448,242.580490112,219.296600342,226.035995483,278.478546143,148.272155762,141.536773682,87.4979324341,86.4025497437,98.8809509277,35.5118103027,6.69740247726,2.72960162163,1.98185634613,1.34862279892,0.841535329819,0.465464472771,0.253484010696,1.55140078068,0.418658703566,0.141715481877],"mean":[1.06112480164,5.30491256714,8.33294487,9.88973999023,11.8994407654,12.6437568665,12.3964834213,17.5197124481,21.3437080383,67.482925415,29.0813293457,27.4547958374,43.8333816528,89.9137802124,56.4564056396,70.0588378906,34.2426757812,39.3028640747,26.5657939911,10.1563158035,7.48239994049,7.25628423691,9.95929718018,10.8217515945,6.62212324142,7.93960428238,4.03707933426,3.19783806801,2.06977558136,1.11084640026,0.303487420082,0.0983360558748,0.0681172609329,0.046581171453,0.0295740738511,0.0170475598425,0.0131495846435,0.0381237901747,0.0261521544307,0.0167437903583],"median":[0.351598799229,2.095515728,4.35456180573,5.75133466721,6.12818288803,6.28620624542,6.11401748657,9.35362625122,13.7219753265,24.2419624329,14.5544815063,11.7321243286,21.2146568298,39.1138000488,28.7802581787,44.1472091675,18.3498191833,13.4113607407,10.4154720306,4.48469829559,3.36308050156,2.79524993896,2.0198764801,1.99532938004,1.48579096794,1.6211502552,0.998922884464,0.642946004868,0.373877763748,0.203225791454,0.0856903195381,0.0321623459458,0.0201732106507,0.014001714997,0.00925295427442,0.00571865588427,0.00532751670107,0.00742663536221,0.00808535143733,0.0100613459945],"min":[1.04810225764e-21,4.69568502151e-21,3.21054935932e-20,7.0944172749e-20,4.85101491948e-20,2.47658973998e-20,9.0718313033e-20,2.58355362821e-19,2.12039519581e-18,7.22085764765e-19,8.15561051392e-19,9.54716560167e-19,1.75620701085e-18,2.75012510781e-18,3.4604550851e-18,6.12072046104e-18,3.58077925855e-18,8.46264248311e-18,4.93577513458e-18,4.74350734095e-18,4.74195596371e-18,1.4146882896e-17,1.42519778472e-17,1.33193333609e-17,1.25123591163e-17,1.38323143808e-17,1.78391061305e-17,1.76786777594e-17,2.24642038075e-17,1.64961469732e-17,1.39518105465e-17,1.63890287382e-17,1.67222683741e-17,1.40016581045e-17,8.20918110853e-18,5.92449874409e-18,3.27916563256e-18,1.19497851031e-18,3.57876047256e-19,3.68018341392e-20],"var":[2.8959581852,63.9190101624,121.430778503,141.136062622,264.069702148,319.974365234,308.664672852,566.392822266,1035.05957031,15056.8720703,2150.31201172,3289.03686523,5305.57128906,21369.5195312,7148.00146484,7090.46923828,2199.72387695,4473.95166016,1734.70861816,220.93208313,112.583351135,110.831947327,309.928710938,357.258605957,124.850456238,186.717880249,48.1092147827,39.3528823853,18.4469947815,5.19057703018,0.279273808002,0.0338646359742,0.0173533465713,0.00803044810891,0.00315207615495,0.000990145024844,0.000384927872801,0.0053083836101,0.0016082143411,0.000361157697625]},"erbbands_crest":{"dmean":2.88704371452,"dmean2":4.73325967789,"dvar":6.9427447319,"dvar2":18.2680721283,"max":31.8336009979,"mean":10.8310918808,"median":9.34925365448,"min":2.39587473869,"var":29.3594055176},"erbbands_flatness_db":{"dmean":0.033259537071,"dmean2":0.05227650702,"dvar":0.00103653199039,"dvar2":0.00281250104308,"max":0.506336450577,"mean":0.179123044014,"median":0.166856706142,"min":0.0418863892555,"var":0.0037777137477},"erbbands_kurtosis":{"dmean":1.91422712803,"dmean2":3.12311601639,"dvar":23.5842761993,"dvar2":66.0597381592,"max":165.701278687,"mean":2.307554245,"median":0.807020664215,"min":-1.70176887512,"var":45.4898529053},"erbbands_skewness":{"dmean":0.435161352158,"dmean2":0.689430654049,"dvar":0.210749447346,"dvar2":0.563351035118,"max":9.28867435455,"mean":0.386323839426,"median":0.205667093396,"min":-3.304936409,"var":1.12486469746},"erbbands_spread":{"dmean":6.31618022919,"dmean2":9.89513778687,"dvar":46.2769050598,"dvar2":114.086425781,"max":140.835617065,"mean":23.9483890533,"median":21.6560096741,"min":1.05074501038,"var":194.969390869},"gfcc":{"cov":[[19032.5078125,-409.31149292,-2288.01269531,36.1815986633,720.329223633,-855.163513184,919.375549316,-558.339660645,206.424591064,235.695068359,355.669158936,147.661590576,-122.917030334],[-409.31149292,1086.47729492,266.947998047,-431.386322021,4.99735403061,38.6532249451,-40.7248497009,-42.6086158752,9.83724689484,-88.012298584,44.1414337158,-93.2998962402,53.6990661621],[-2288.01269531,266.947998047,834.632385254,218.313278198,-182.369781494,286.6199646,-289.673583984,168.008682251,-95.9042205811,-38.5283851624,-86.3809738159,-50.3153495789,-9.03742313385],[36.1815986633,-431.386322021,218.313278198,839.547668457,168.878311157,2.78326463699,77.7064285278,39.1512908936,-25.0171985626,34.7682571411,-125.050567627,59.1980476379,-65.4408416748],[720.329223633,4.99735403061,-182.369781494,168.878311157,342.913848877,-53.2758560181,169.840820312,-62.3870887756,64.4395675659,10.9515533447,18.4404296875,-4.10763072968,7.44451713562],[-855.163513184,38.6532249451,286.6199646,2.78326463699,-53.2758560181,294.031433105,-153.939117432,135.311447144,-46.5650939941,-6.48505878448,-23.023021698,-30.5007362366,28.0387477875],[919.375549316,-40.7248497009,-289.673583984,77.7064285278,169.840820312,-153.939117432,323.962524414,-81.0271224976,89.6532363892,19.5995883942,15.2152481079,52.1999588013,-10.9746847153],[-558.339660645,-42.6086158752,168.008682251,39.1512908936,-62.3870887756,135.311447144,-81.0271224976,205.809173584,5.48752260208,11.3061513901,-15.9020252228,-36.0511436462,12.9674320221],[206.424591064,9.83724689484,-95.9042205811,-25.0171985626,64.4395675659,-46.5650939941,89.6532363892,5.48752260208,112.602233887,43.7345314026,22.4258804321,8.3195400238,-11.3256578445],[235.695068359,-88.012298584,-38.5283851624,34.7682571411,10.9515533447,-6.48505878448,19.5995883942,11.3061513901,43.7345314026,81.1704711914,42.573097229,9.40946674347,-20.2434558868],[355.669158936,44.1414337158,-86.3809738159,-125.050567627,18.4404296875,-23.023021698,15.2152481079,-15.9020252228,22.4258804321,42.573097229,99.3885269165,7.15090656281,3.82108664513],[147.661590576,-93.2998962402,-50.3153495789,59.1980476379,-4.10763072968,-30.5007362366,52.1999588013,-36.0511436462,8.3195400238,9.40946674347,7.15090656281,78.7607345581,9.46879291534],[-122.917030334,53.6990661621,-9.03742313385,-65.4408416748,7.44451713562,28.0387477875,-10.9746847153,12.9674320221,-11.3256578445,-20.2434558868,3.82108664513,9.46879291534,71.3613510132]],"icov":[[0.0000990437474684,-0.000181591371074,0.000476007990073,-0.000291870092042,0.000154366891365,-0.000128809610032,0.0000440180629084,0.000026282714316,0.0000804351439001,-0.0000355946795025,-0.000301820167806,0.0000692960893502,0.00014600904251],[-0.000181591371074,0.0030144082848,-0.00354249961674,0.00261512980796,-0.00166563887615,0.00124887435231,-0.00140226853546,0.000919826212339,-0.000590031675529,0.0013911172282,-0.0000392222100345,0.00147669180296,-0.00122417369857],[0.000476007990073,-0.00354249961674,0.00835692323744,-0.00594466784969,0.00482416665182,-0.00444270996377,0.00285234116018,0.000215420004679,-0.00193856051192,0.0025354383979,-0.00347561249509,0.00153910403606,0.00112780451309],[-0.000291870092042,0.00261512980796,-0.00594466784969,0.00877350475639,-0.00782688800246,0.0045374231413,-0.00149117957335,-0.00342513876967,0.00684835296124,-0.00799191650003,0.0101936245337,-0.00708794826642,0.0034633690957],[0.000154366891365,-0.00166563887615,0.00482416665182,-0.00782688800246,0.0119863534346,-0.00541317369789,-0.00147494801786,0.00531384721398,-0.00844334997237,0.00833187717944,-0.010060233064,0.01006831415,-0.00513702258468],[-0.000128809610032,0.00124887435231,-0.00444270996377,0.0045374231413,-0.00541317369789,0.00977974571288,0.000936211552471,-0.00517795421183,0.00540583906695,-0.00572386803105,0.00560853071511,-0.00438072439283,-0.000241093861405],[0.0000440180629084,-0.00140226853546,0.00285234116018,-0.00149117957335,-0.00147494801786,0.000936211552471,0.00827168580145,-0.000816328451037,-0.00322061381303,0.00102748628706,0.000702255871147,-0.00441677961498,0.00166003371123],[0.000026282714316,0.000919826212339,0.000215420004679,-0.00342513876967,0.00531384721398,-0.00517795421183,-0.000816328451037,0.0118245836347,-0.00770960049704,0.00445554917678,-0.00542900338769,0.00941067747772,-0.00547233317047],[0.0000804351439001,-0.000590031675529,-0.00193856051192,0.00684835296124,-0.00844334997237,0.00540583906695,-0.00322061381303,-0.00770960049704,0.0246694516391,-0.0182702764869,0.0116859236732,-0.00913398060948,0.0055983341299],[-0.0000355946795025,0.0013911172282,0.0025354383979,-0.00799191650003,0.00833187717944,-0.00572386803105,0.00102748628706,0.00445554917678,-0.0182702764869,0.0371692329645,-0.0230802334845,0.00845797546208,0.000370191730326],[-0.000301820167806,-0.0000392222100345,-0.00347561249509,0.0101936245337,-0.010060233064,0.00560853071511,0.000702255871147,-0.00542900338769,0.0116859236732,-0.0230802334845,0.0311559345573,-0.0124096311629,0.00364346522838],[0.0000692960893502,0.00147669180296,0.00153910403606,-0.00708794826642,0.01006831415,-0.00438072439283,-0.00441677961498,0.00941067747772,-0.00913398060948,0.00845797546208,-0.0124096311629,0.0291256457567,-0.0112657062709],[0.00014600904251,-0.00122417369857,0.00112780451309,0.0034633690957,-0.00513702258468,-0.000241093861405,0.00166003371123,-0.00547233317047,0.0055983341299,0.000370191730326,0.00364346522838,-0.0112657062709,0.0226783081889]],"mean":[-29.9408435822,127.145126343,-75.2305984497,-7.04476118088,-18.0648651123,-5.68811178207,7.5851020813,-12.8786258698,-8.12539768219,-5.53371095657,-3.1222755909,-3.84282755852,-6.11409807205]},"hfc":{"dmean":23.9159049988,"dmean2":35.293636322,"dvar":1018.76251221,"dvar2":2133.6862793,"max":770.518676758,"mean":118.597984314,"median":100.036689758,"min":1.18666867456e-16,"var":10316.0195312},"melbands":{"dmean":[0.00637076515704,0.00329369609244,0.000982704921626,0.000472500018077,0.000254857935943,0.000196740045794,0.000177792084287,0.000317538098898,0.000117491312267,0.0000916222779779,0.000123783232993,0.000216870001168,0.0000983763384284,0.000114264519652,0.0000615397293586,0.0000357227909262,0.0000376261632482,0.000026642350349,0.0000102301801235,0.00000561771912544,0.00000448504670203,0.00000385035536965,0.00000446897320217,0.00000580411733608,0.00000492356912218,0.00000308424068862,0.00000256974340118,0.00000308870198751,0.00000150402240706,9.96779249363e-7,0.00000128518672682,9.28051349547e-7,4.59918197748e-7,4.58689811467e-7,1.51366293721e-7,6.48743210263e-8,5.64752262733e-8,4.9513307232e-8,4.3638760161e-8,3.86823018061e-8],"dmean2":[0.0109103359282,0.00553011661395,0.00160338066053,0.000778597954195,0.000412319612224,0.000306871574139,0.000284408015432,0.000516222266015,0.000190390608623,0.000148233069922,0.000201158312848,0.000345730804838,0.000162184383953,0.000183469222975,0.00009998450696,0.0000575888188905,0.0000590926683799,0.0000436397203885,0.000016979764041,0.00000936551350605,0.00000737387154004,0.00000620895843895,0.0000071402228059,0.0000091370084192,0.00000761079991207,0.00000484407155454,0.00000391059847971,0.00000482650921185,0.00000230523278333,0.0000014886243207,0.0000019272110876,0.00000142643546042,7.08832772034e-7,6.98503356489e-7,2.41895236286e-7,1.08071134264e-7,9.41148670108e-8,8.24840924452e-8,7.26834556986e-8,6.43858868443e-8],"dvar":[0.000116334864288,0.0000282908513327,0.00000178189270628,4.94089135827e-7,1.89203944956e-7,9.74781997343e-8,1.01243124107e-7,3.29531218313e-7,6.22447231535e-8,5.65433744271e-8,7.27986062543e-8,1.67370657778e-7,4.77351989048e-8,3.51934090759e-8,1.03201029944e-8,4.06210398651e-9,5.53541790183e-9,3.13012971098e-9,4.25214335964e-10,9.87517151385e-11,7.45043055028e-11,4.96938670769e-11,7.96890539667e-11,1.52546794641e-10,1.03445051136e-10,3.88257065387e-11,2.71934540857e-11,3.80138663603e-11,8.70653202312e-12,4.062852485e-12,8.60580096768e-12,4.95285149699e-12,1.45613892038e-12,1.06129720897e-12,7.9013550802e-14,1.37278392592e-14,1.0398548308e-14,7.9722597e-15,6.17567994898e-15,4.83370278076e-15],"dvar2":[0.000319120998029,0.0000766227240092,0.00000460075398223,0.00000132880109049,4.72567336374e-7,2.3105104674e-7,2.48489698151e-7,8.45902434321e-7,1.52147450194e-7,1.3780078234e-7,1.86934187241e-7,4.00090442554e-7,1.28404977318e-7,9.00798440284e-8,2.73929732231e-8,1.01405017716e-8,1.31539019677e-8,8.02267585698e-9,1.16769616199e-9,2.57062787723e-10,1.8893819842e-10,1.28879490413e-10,2.02028824225e-10,3.81088050005e-10,2.47339065895e-10,9.48342654405e-11,6.29745006142e-11,9.34026189725e-11,1.95250482449e-11,8.59754021448e-12,1.91685434886e-11,1.14119026728e-11,3.5124468438e-12,2.4080468522e-12,1.90057645728e-13,3.44835955851e-14,2.60977695075e-14,1.99998116077e-14,1.54825764297e-14,1.21166047166e-14],"max":[0.131373077631,0.0639156028628,0.0183486007154,0.0145258912817,0.0117930062115,0.00600751675665,0.01229065191,0.0130428606644,0.00685063842684,0.00749025167897,0.00994210597128,0.00933333579451,0.00570057937875,0.00471446616575,0.00181851885282,0.00127510388847,0.0018792260671,0.00277132214978,0.000485344266053,0.000266782939434,0.000358059158316,0.000190999635379,0.00024586985819,0.000245831237407,0.00023499042436,0.000150111911353,0.000104090497189,0.0000894887853065,0.0000628902416793,0.0000595493438595,0.0000612012736383,0.0000643590610707,0.000029705452107,0.000021211535568,0.00000461492936665,0.00000182833377949,0.00000160306149155,0.00000140951954108,0.00000124315204175,0.00000110082805804],"mean":[0.00910111237317,0.00540460878983,0.00180136424024,0.000883492291905,0.000479547743453,0.000380891055102,0.000382454629289,0.000658979988657,0.000222473594476,0.000168819606188,0.000230491888942,0.000386131287087,0.000175665962161,0.000210742175113,0.000116325856652,0.0000691677196301,0.0000721380565665,0.0000476960194646,0.0000184853724932,0.0000100685119833,0.00000832115165394,0.00000723460289009,0.00000782388724474,0.0000101055757113,0.00000878534228832,0.0000053757871683,0.00000465034145236,0.00000533129514224,0.0000026112991236,0.00000172704051238,0.00000198237125915,0.00000135149912239,6.36895151729e-7,6.28284396953e-7,1.92483213368e-7,6.27869169989e-8,5.47256888694e-8,4.81363926497e-8,4.26237072304e-8,3.80187437088e-8],"median":[0.00337072927505,0.00278132827953,0.00116280827206,0.000482008850668,0.000232912381762,0.000207933044294,0.00024529453367,0.000244989205385,0.0000918143341551,0.0000680356752127,0.000107586223749,0.000158271752298,0.0000726853613742,0.000126307044411,0.0000629821734037,0.0000301725231111,0.0000222030321311,0.0000168065744219,0.00000713919780537,0.00000429013334724,0.00000359892123925,0.0000028871450013,0.00000190428454516,0.00000159255387189,0.00000157129773015,0.0000011553238437,9.47722355704e-7,0.00000106000015876,6.32663500255e-7,4.34026617313e-7,3.41704492257e-7,2.21374534704e-7,1.28793828935e-7,1.0300025366e-7,5.00772188161e-8,1.79826660229e-8,1.57052397753e-8,1.39458329329e-8,1.25306272025e-8,1.14408713614e-8],"min":[8.99563807089e-24,1.41466552351e-23,1.22676248465e-23,2.17410223251e-24,2.55641775377e-24,7.65882412571e-24,2.82375032943e-23,7.61203362998e-24,7.56032616422e-24,6.53507559458e-24,8.65497006669e-24,1.0382241761e-23,1.10384833151e-23,1.58327223577e-23,1.44677894656e-23,6.36799722143e-24,1.67372649815e-23,9.00669237876e-24,4.5907172678e-24,5.74901869544e-24,5.01702677288e-24,1.34895135907e-23,1.37063493654e-23,1.17342168239e-23,1.07647754023e-23,1.11493971584e-23,6.05832159005e-24,1.03880383109e-23,1.23855216865e-23,8.13071993035e-24,1.11535142234e-23,1.35592804491e-23,1.21086630632e-23,7.67705312351e-24,7.6443161848e-24,9.96904509628e-24,9.54540312435e-24,1.18993861536e-23,1.21433745207e-23,1.08960907663e-23],"var":[0.000187978614122,0.0000474132939416,0.0000039095862121,0.00000121161667721,4.79787331642e-7,2.57844021689e-7,2.72134911938e-7,0.00000138443374453,1.5899796324e-7,1.30188581693e-7,1.4971742246e-7,4.1409563778e-7,9.05752486347e-8,7.58464864248e-8,2.43306939041e-8,1.09026609962e-8,1.63581521662e-8,6.24566576235e-9,9.51822287654e-10,2.17350998311e-10,1.61813382138e-10,1.1454735771e-10,1.80551795737e-10,3.47508327669e-10,2.45583081648e-10,8.79854661351e-11,6.99672125792e-11,8.71509253653e-11,2.06599546498e-11,1.01049247095e-11,1.71826806256e-11,8.31008352409e-12,1.91296544577e-12,1.81145593317e-12,1.25806022501e-13,1.50155156863e-14,1.14001791676e-14,8.76300984901e-15,6.81024823394e-15,5.35083164165e-15]},"melbands_crest":{"dmean":4.34404277802,"dmean2":7.33479166031,"dvar":14.2931566238,"dvar2":40.7648963928,"max":35.4826393127,"mean":17.2552375793,"median":16.9548149109,"min":2.75493121147,"var":35.5854797363},"melbands_flatness_db":{"dmean":0.0479068718851,"dmean2":0.0779576897621,"dvar":0.00193535746075,"dvar2":0.00543149700388,"max":0.800420641899,"mean":0.322275072336,"median":0.309094458818,"min":0.00706143211573,"var":0.00799447577447},"melbands_kurtosis":{"dmean":10.5733718872,"dmean2":17.5930976868,"dvar":339.909057617,"dvar2":942.526916504,"max":365.635284424,"mean":18.0998325348,"median":7.72608423233,"min":-1.77210652828,"var":858.769714355},"melbands_skewness":{"dmean":0.906389594078,"dmean2":1.48290467262,"dvar":0.88710051775,"dvar2":2.39734244347,"max":13.4759321213,"mean":2.71100449562,"median":2.46274876595,"min":-3.12765693665,"var":3.71763348579},"melbands_spread":{"dmean":3.65049624443,"dmean2":5.98893642426,"dvar":17.1748104095,"dvar2":43.9066886902,"max":189.457519531,"mean":12.1696739197,"median":10.4995269775,"min":0.293785780668,"var":174.668060303},"mfcc":{"cov":[[13683.7099609,110.752716064,-2920.15600586,935.593322754,-762.517028809,453.038909912,97.1544570923,-121.346984863,-127.784797668,-33.3158569336,482.554016113,-41.9916381836,147.14906311],[110.752716064,1427.94726562,-0.430729568005,-422.3203125,-45.8081169128,-62.8692398071,-6.08828496933,-67.3994979858,-40.2537498474,-36.7304267883,-34.3268699646,71.0501861572,31.4073524475],[-2920.15600586,-0.430729568005,1234.26037598,-217.255340576,313.386962891,-111.221244812,-17.8154811859,49.1082305908,17.7600231171,24.549249649,-149.960205078,36.3055992126,-55.3634872437],[935.593322754,-422.3203125,-217.255340576,813.768615723,-17.8830242157,204.068023682,48.1398887634,66.5904998779,57.5619850159,15.0046195984,106.870597839,-103.768920898,-0.391395121813],[-762.517028809,-45.8081169128,313.386962891,-17.8830242157,329.135986328,17.4505023956,46.7276687622,27.0178089142,26.9023895264,52.5242538452,-34.5493583679,25.0942783356,-56.7489089966],[453.038909912,-62.8692398071,-111.221244812,204.068023682,17.4505023956,189.715438843,38.6111068726,24.2548923492,16.9287128448,-10.0026950836,34.9827728271,-34.5863037109,11.9485616684],[97.1544570923,-6.08828496933,-17.8154811859,48.1398887634,46.7276687622,38.6111068726,101.530029297,37.3425216675,19.7369689941,19.5971317291,1.02949547768,1.02884805202,-12.7896547318],[-121.346984863,-67.3994979858,49.1082305908,66.5904998779,27.0178089142,24.2548923492,37.3425216675,92.8051071167,62.4306259155,21.4502906799,-0.213385179639,-23.317150116,-5.18737697601],[-127.784797668,-40.2537498474,17.7600231171,57.5619850159,26.9023895264,16.9287128448,19.7369689941,62.4306259155,100.443229675,50.4598007202,7.10695695877,-14.9935512543,-11.577996254],[-33.3158569336,-36.7304267883,24.549249649,15.0046195984,52.5242538452,-10.0026950836,19.5971317291,21.4502906799,50.4598007202,76.1024169922,33.0838546753,13.9557113647,-10.4825925827],[482.554016113,-34.3268699646,-149.960205078,106.870597839,-34.5493583679,34.9827728271,1.02949547768,-0.213385179639,7.10695695877,33.0838546753,96.3544464111,32.2170829773,23.1714401245],[-41.9916381836,71.0501861572,36.3055992126,-103.768920898,25.0942783356,-34.5863037109,1.02884805202,-23.317150116,-14.9935512543,13.9557113647,32.2170829773,96.316696167,38.9121055603],[147.14906311,31.4073524475,-55.3634872437,-0.391395121813,-56.7489089966,11.9485616684,-12.7896547318,-5.18737697601,-11.577996254,-10.4825925827,23.1714401245,38.9121055603,71.1656188965]],"icov":[[0.000175183420652,-0.0000605142013228,0.000402533623856,-0.000192322142539,0.000255031161942,-0.000338985584676,0.00021216654568,-0.000422473473009,0.000712253735401,-0.000675458577462,0.000437544600572,-0.000662249629386,0.000480217073346],[-0.0000605142013228,0.000917007855605,-0.000212996907067,0.000695616647135,-0.00020491174655,0.000191361978068,-0.000803893664852,0.00120125350077,-0.00123642256949,0.00141432031523,-0.00108857708983,0.000833466707263,-0.000788006291259],[0.000402533623856,-0.000212996907067,0.00261283223517,-0.000969453190919,0.000089824112365,-0.00113944301847,0.00265916879289,-0.0037131337449,0.00370874023065,-0.0040766466409,0.00556910224259,-0.00478849327192,0.00256705470383],[-0.000192322142539,0.000695616647135,-0.000969453190919,0.00366490031593,-0.00189096597023,0.000592003285419,-0.00296653714031,0.00317337666638,-0.00432659126818,0.00560282776132,-0.00859259348363,0.00829517934471,-0.00416900590062],[0.000255031161942,-0.00020491174655,0.000089824112365,-0.00189096597023,0.00904190447181,-0.0056602046825,0.00289470725693,-0.00546770356596,0.00697474507615,-0.0115394312888,0.0113298958167,-0.012910541147,0.0107100382447],[-0.000338985584676,0.000191361978068,-0.00113944301847,0.000592003285419,-0.0056602046825,0.013285391964,-0.00734835863113,0.0068894457072,-0.00904565677047,0.0136520704255,-0.0136494049802,0.0142461098731,-0.0106353098527],[0.00021216654568,-0.000803893664852,0.00265916879289,-0.00296653714031,0.00289470725693,-0.00734835863113,0.0205016620457,-0.0150471199304,0.0122565338388,-0.0152514968067,0.0167303178459,-0.0169616490602,0.0116726933047],[-0.000422473473009,0.00120125350077,-0.0037131337449,0.00317337666638,-0.00546770356596,0.0068894457072,-0.0150471199304,0.0343832485378,-0.0262926388532,0.0195856746286,-0.0194020476192,0.0218594186008,-0.0152702312917],[0.000712253735401,-0.00123642256949,0.00370874023065,-0.00432659126818,0.00697474507615,-0.00904565677047,0.0122565338388,-0.0262926388532,0.0399379581213,-0.0340585820377,0.0239569377154,-0.0185651723295,0.01313263271],[-0.000675458577462,0.00141432031523,-0.0040766466409,0.00560282776132,-0.0115394312888,0.0136520704255,-0.0152514968067,0.0195856746286,-0.0340585820377,0.055184006691,-0.0388906858861,0.0240393076092,-0.0130694136024],[0.000437544600572,-0.00108857708983,0.00556910224259,-0.00859259348363,0.0113298958167,-0.0136494049802,0.0167303178459,-0.0194020476192,0.0239569377154,-0.0388906858861,0.0551668293774,-0.0397418476641,0.0187167413533],[-0.000662249629386,0.000833466707263,-0.00478849327192,0.00829517934471,-0.012910541147,0.0142461098731,-0.0169616490602,0.0218594186008,-0.0185651723295,0.0240393076092,-0.0397418476641,0.0544868484139,-0.0331520214677],[0.000480217073346,-0.000788006291259,0.00256705470383,-0.00416900590062,0.0107100382447,-0.0106353098527,0.0116726933047,-0.0152702312917,0.01313263271,-0.0130694136024,0.0187167413533,-0.0331520214677,0.0389356724918]],"mean":[-695.168579102,187.432800293,1.40543949604,23.5870914459,-5.83516454697,18.3680667877,13.8205213547,7.80120849609,3.55504965782,0.248374596238,5.24090099335,0.891889631748,4.81095600128]},"pitch_salience":{"dmean":0.0879140347242,"dmean2":0.146747753024,"dvar":0.00596492085606,"dvar2":0.0165372919291,"max":0.828692793846,"mean":0.513184428215,"median":0.525663733482,"min":0.103213094175,"var":0.0146556096151},"silence_rate_20dB":{"dmean":0.000379290722776,"dmean2":0.000758629408665,"dvar":0.000379087752663,"dvar2":0.00113713205792,"max":1,"mean":0.99981033802,"median":1,"min":0,"var":0.000189581623999},"silence_rate_30dB":{"dmean":0.0901447609067,"dmean2":0.180300921202,"dvar":0.0820222944021,"dvar2":0.179008826613,"max":1,"mean":0.760556280613,"median":1,"min":0,"var":0.182116240263},"silence_rate_60dB":{"dmean":0.00872368644923,"dmean2":0.0174484755844,"dvar":0.00864776689559,"dvar2":0.0216964669526,"max":1,"mean":0.0518963336945,"median":0,"min":0,"var":0.0491962581873},"spectral_centroid":{"dmean":146.518753052,"dmean2":219.850234985,"dvar":38296.7578125,"dvar2":78110.6328125,"max":11264.1425781,"mean":774.408569336,"median":685.260864258,"min":91.3440933228,"var":236761.84375},"spectral_complexity":{"dmean":3.03230285645,"dmean2":4.56846618652,"dvar":11.4901771545,"dvar2":22.6370677948,"max":56,"mean":18.0097351074,"median":17,"min":0,"var":123.818183899},"spectral_contrast_coeffs":{"dmean":[0.0523506440222,0.0468685887754,0.0390134379268,0.0331588312984,0.0265451986343,0.040911026299],"dmean2":[0.087844222784,0.0777016803622,0.0644368752837,0.0542292036116,0.0436329320073,0.0637537911534],"dvar":[0.0016887037782,0.00133390841074,0.000941812410019,0.000708574603777,0.000592283380684,0.00205973000266],"dvar2":[0.00483921775594,0.00371927581728,0.00252081034705,0.00190018478315,0.00152295047883,0.0047429506667],"max":[-0.312151879072,-0.466788232327,-0.579975664616,-0.574319839478,-0.700459480286,-0.409635186195],"mean":[-0.677140057087,-0.753632903099,-0.783885955811,-0.808865070343,-0.849431216717,-0.780084371567],"median":[-0.68112039566,-0.75816822052,-0.781144201756,-0.800135731697,-0.832623124123,-0.80714070797],"min":[-0.956339240074,-0.963238477707,-0.971757471561,-0.987656950951,-0.973843634129,-0.960398852825],"var":[0.00543159246445,0.00593937281519,0.00379670201801,0.00479903817177,0.00379332969896,0.00831121206284]},"spectral_contrast_valleys":{"dmean":[0.377608925104,0.360447615385,0.328255861998,0.389956653118,0.508347034454,0.777047932148],"dmean2":[0.635978460312,0.596542239189,0.53617733717,0.628578066826,0.793629705906,1.25341904163],"dvar":[0.098384141922,0.100609920919,0.102487772703,0.177754878998,0.300568073988,0.403505831957],"dvar2":[0.261869966984,0.265977859497,0.264184504747,0.465781152248,0.795724034309,1.10292410851],"max":[-4.70879220963,-4.63321208954,-4.97834348679,-5.64876890182,-5.93387699127,-8.63701725006],"mean":[-6.60801362991,-6.51676654816,-6.89151525497,-7.80521011353,-8.10818099976,-11.1623125076],"median":[-6.325756073,-6.21195220947,-6.50146198273,-7.37230491638,-7.74523735046,-11.0076885223],"min":[-27.3212242126,-27.032453537,-27.3546695709,-27.1121578217,-27.322467804,-27.2709350586],"var":[1.81259894371,1.6489405632,1.92908215523,1.99858093262,2.19197583199,1.51173627377]},"spectral_decrease":{"dmean":6.87233692176e-9,"dmean2":1.1573479064e-8,"dvar":1.04008049096e-16,"dvar2":2.83993365374e-16,"max":2.37071473563e-11,"mean":-1.58048081289e-8,"median":-1.12729043877e-8,"min":-1.19393689602e-7,"var":2.45803455579e-16},"spectral_energy":{"dmean":0.0263928622007,"dmean2":0.0442320518196,"dvar":0.00148974079639,"dvar2":0.00404658727348,"max":0.472469210625,"mean":0.0704081729054,"median":0.0531884357333,"min":1.06307555959e-20,"var":0.00415487959981},"spectral_energyband_high":{"dmean":0.000199284593691,"dmean2":0.000279175350443,"dvar":1.14864768364e-7,"dvar2":2.22679275907e-7,"max":0.0063027497381,"mean":0.000485105119878,"median":0.000164727622177,"min":7.70184556394e-21,"var":4.95393180699e-7},"spectral_energyband_low":{"dmean":0.0239228159189,"dmean2":0.0406998135149,"dvar":0.00139255053364,"dvar2":0.00382688129321,"max":0.430466175079,"mean":0.0422775633633,"median":0.0219170041382,"min":8.72687600038e-23,"var":0.00282429158688},"spectral_energyband_middle_high":{"dmean":0.00246429722756,"dmean2":0.00381968449801,"dvar":0.0000124004764075,"dvar2":0.0000306170149997,"max":0.073312304914,"mean":0.00783889647573,"median":0.00581437908113,"min":1.49021454308e-21,"var":0.0000636457843939},"spectral_energyband_middle_low":{"dmean":0.00472209788859,"dmean2":0.00759051600471,"dvar":0.0000299768071272,"dvar2":0.0000787759199739,"max":0.0813351869583,"mean":0.0148915210739,"median":0.013116357848,"min":2.8398018187e-22,"var":0.000133004970849},"spectral_entropy":{"dmean":0.303759068251,"dmean2":0.477152556181,"dvar":0.121708512306,"dvar2":0.33603310585,"max":9.80097961426,"mean":7.06931447983,"median":7.22235298157,"min":4.22245645523,"var":0.416584432125},"spectral_flux":{"dmean":0.0344710946083,"dmean2":0.0569587014616,"dvar":0.00167405745015,"dvar2":0.00425369292498,"max":0.525755941868,"mean":0.124618031085,"median":0.114702060819,"min":1.03105558813e-10,"var":0.00624289130792},"spectral_kurtosis":{"dmean":12.3298339844,"dmean2":20.1098270416,"dvar":392.049682617,"dvar2":1047.84069824,"max":295.653015137,"mean":25.2522888184,"median":16.8551673889,"min":-1.21185028553,"var":561.064758301},"spectral_rms":{"dmean":0.00135972874705,"dmean2":0.00224914262071,"dvar":0.00000241526663558,"dvar2":0.00000642124314254,"max":0.0214696433395,"mean":0.0073931128718,"median":0.00720355194062,"min":3.22047661976e-12,"var":0.0000140327510962},"spectral_rolloff":{"dmean":1652.45068359,"dmean2":3168.30517578,"dvar":23236010,"dvar2":62014844,"max":21985.4003906,"mean":3597.51025391,"median":882.861328125,"min":43.06640625,"var":48911608},"spectral_skewness":{"dmean":0.828513860703,"dmean2":1.3084076643,"dvar":1.14494335651,"dvar2":3.07203698158,"max":13.6938066483,"mean":3.43139696121,"median":2.95754480362,"min":-0.015026319772,"var":2.54225349426},"spectral_spread":{"dmean":689652.4375,"dmean2":1100347.75,"dvar":505298714624,"dvar2":1244600860670,"max":41471512,"mean":3478641.5,"median":3512004.5,"min":361536.875,"var":1220479549440},"spectral_strongpeak":{"dmean":0.810365855694,"dmean2":1.47915053368,"dvar":25.0387191772,"dvar2":68.9562683105,"max":118.005126953,"mean":0.963780522346,"median":0.347941935062,"min":0,"var":21.8092975616},"zerocrossingrate":{"dmean":0.0244488492608,"dmean2":0.0315596759319,"dvar":0.000465959339635,"dvar2":0.000763378513511,"max":0.57373046875,"mean":0.153741404414,"median":0.146484375,"min":0.0029296875,"var":0.00742088956758}},"metadata":{"audio_properties":{"analysis_sample_rate":44100,"bit_rate":128000,"codec":"mp3","downmix":"mix","equal_loudness":0,"length":367.308807373,"lossless":false,"md5_encoded":"7395438b1128fb2fac972f682f63113a","replay_gain":-7.73604393005,"sample_rate":44100},"tags":{"album":["Turn On the Bright Lights"],"albumartist":["Interpol"],"albumartistsort":["Interpol"],"artist":["Interpol"],"artistsort":["Interpol"],"asin":["B00006BTCA"],"barcode":["744861054528"],"catalognumber":["OLE 545-2"],"composer":["Interpol"],"date":["2002-08-19"],"file_name":"10 - Interpol - The New.mp3","genre":["Alternative Rock","Indie Rock","Indie","Interpol","Post-Punk","Rock","Alternative"],"label":["Matador Records"],"lyricist":["Interpol"],"musicbrainz album release country":["GB"],"musicbrainz album status":["official"],"musicbrainz album type":["album"],"musicbrainz_albumartistid":["b23e8a63-8f47-4882-b55b-df2c92ef400e"],"musicbrainz_albumid":["42716f0f-1431-41f4-905c-d576a644dc5d"],"musicbrainz_artistid":["b23e8a63-8f47-4882-b55b-df2c92ef400e"],"musicbrainz_recordingid":["e9a5d199-c7eb-43bb-bbae-f09326f0b1a1"],"performer:background vocal":["Daniel Kessler"],"performer:electric guitar":["Daniel Kessler"],"performer:guitar":["Paul Banks"],"performer:keyboard and electric bass guitar":["Carlos Dengler"],"performer:lead vocal":["Paul Banks"],"performer:percussion instruments and drumset":["Samuel Fogarino"],"title":["The New"],"tracknumber":["10/11"]},"version":{"essentia":"2.1-beta1","essentia_build_sha":"81dca3489dfd3c4275b86ac4d56d870715677d3f","essentia_git_sha":"v2.1_beta1-28-g21ef5f4","extractor":"music 1.0"}},"rhythm":{"beats_count":684,"beats_loudness":{"dmean":0.0431243665516,"dmean2":0.078245036304,"dvar":0.00250151241198,"dvar2":0.00744234444574,"max":0.461093366146,"mean":0.0821565911174,"median":0.0667334496975,"min":3.04773623006e-10,"var":0.00444516260177},"beats_loudness_band_ratio":{"dmean":[0.167984858155,0.062672175467,0.068456582725,0.068719483912,0.0202243160