{"lowlevel":{"average_loudness":0.826068580151,"barkbands":{"dmean":[0.0000868923889357,0.00149138481356,0.000983586767688,0.000619765836746,0.00150352739729,0.00150834326632,0.000923934567254,0.000640745158307,0.00168825814035,0.000903578882571,0.000770337879658,0.000646105734631,0.000576394610107,0.000396795832785,0.000260580418399,0.000224185641855,0.000257632200373,0.000207418488571,0.0000956438598223,0.000061071026721,0.000064967724029,0.0000544062459085,0.0000543320602446,0.0000602857799095,0.000040623221139,0.00000948570504988,0.0000014221126321],"dmean2":[0.000126094542793,0.00250613316894,0.00172568776179,0.00111715204548,0.00252085365355,0.00231616594829,0.001456764061,0.00104055600241,0.0025724992156,0.00139865721576,0.00115086045116,0.000989835592918,0.000877388811205,0.000615919067059,0.000419156684075,0.000345530192135,0.00040547651588,0.000326836452587,0.000152048945893,0.0000984736398095,0.000103320715425,0.0000796022286522,0.0000779738038545,0.0000822499932838,0.0000533494276169,0.0000125066462715,0.00000190253615528],"dvar":[3.59274636708e-8,0.00000587865497437,0.00000820914829092,0.00000178490938652,0.0000104019882201,0.0000104389637272,0.0000150026098709,0.0000113109081212,0.0000228514873015,0.00000833327612781,0.00000603461057835,0.00000646830358164,0.00000177483559582,7.58239309562e-7,2.60157207777e-7,2.34532251397e-7,2.4417212785e-7,1.28393295995e-7,2.27021956789e-8,8.5179694409e-9,9.24966769844e-9,7.62226814999e-9,6.56437109114e-8,6.05414740562e-8,3.34506395916e-8,8.61494375837e-10,8.65220655538e-12],"dvar2":[7.52355120426e-8,0.0000164540251717,0.0000230064688367,0.00000520956928085,0.0000246997406066,0.0000230300465773,0.0000371740716218,0.0000285600162897,0.0000511745201948,0.0000200904469239,0.0000132944151119,0.0000152441543833,0.0000037174256704,0.00000174738772785,6.01970270964e-7,5.18167837527e-7,5.86164162542e-7,2.91677281439e-7,5.36862430067e-8,2.07543155994e-8,2.28273702163e-8,1.60671849159e-8,1.55981041416e-7,1.30852853886e-7,5.90796283007e-8,1.43863754243e-9,1.65304801097e-11],"max":[0.0040435041301,0.0313051939011,0.0410563722253,0.0188801251352,0.0880473926663,0.0640119537711,0.156261831522,0.132569774985,0.11427821964,0.0699589625001,0.0623954534531,0.0649237707257,0.0341668277979,0.0182949975133,0.0142486868426,0.0133000072092,0.00904169864953,0.00730253849179,0.00301297125407,0.0017608506605,0.00178947998211,0.00195050181355,0.0180910751224,0.00753340870142,0.00791651383042,0.00105241371784,0.0000665027910145],"mean":[0.00021504930919,0.00322370021604,0.00107476173434,0.000779458496254,0.00196882756427,0.00254813721403,0.0013891204726,0.000815634673927,0.00257490901276,0.00144565128721,0.00123252719641,0.00102913100272,0.000963150814641,0.000641706865281,0.000398533622501,0.000358616613084,0.000441709766164,0.000359909725375,0.000180929811904,0.000116015587992,0.000133871129947,0.000125510632643,0.000115500210086,0.000114597351057,0.0000733981069061,0.0000158402763191,0.00000195304983208],"median":[0.0000521502661286,0.00274440646172,0.000493705272675,0.000395150360418,0.000696846051142,0.000713757704943,0.00039018370444,0.000154448469402,0.000538426160347,0.000235192012042,0.000160760275321,0.000153085740749,0.000289110466838,0.000216010768781,0.000165471821674,0.000132750545163,0.000181455019629,0.000179345341166,0.000106272505946,0.0000771627237555,0.0000864509347593,0.0000761442788644,0.0000647917113383,0.0000490111997351,0.0000251658639172,0.00000450012748843,1.91500078017e-7],"min":[7.27911440924e-25,4.44536294069e-24,1.47223580351e-23,5.50346522831e-24,5.94017688994e-23,2.77881618118e-23,3.61137303858e-23,2.08596138362e-23,8.00543998336e-23,4.46881687981e-23,4.4618241012e-23,2.61943377726e-23,4.63808371088e-23,5.04089502174e-23,8.61332041971e-23,5.88408319978e-23,1.37458507864e-22,1.80690609825e-22,2.86791076291e-22,3.44907077645e-22,3.29156011858e-22,5.1154709025e-22,4.34241599303e-22,7.63307163524e-22,1.10961270854e-21,1.35800943232e-21,2.25498361101e-21],"var":[1.08205476579e-7,0.0000088146825874,0.00000574000978304,0.00000148472361161,0.0000188725698536,0.0000263618094323,0.0000225306357606,0.0000154087592819,0.0000505197276652,0.0000191550225281,0.0000150181012941,0.0000137015958899,0.0000052961804613,0.00000162215246746,4.69955239168e-7,5.38777385373e-7,5.55631288535e-7,2.94491286468e-7,5.44515224021e-8,1.69795590921e-8,2.19315481331e-8,2.38529036523e-8,8.99668251009e-8,1.09406130377e-7,7.18833845781e-8,2.21372253861e-9,1.62910154117e-11]},"barkbands_crest":{"dmean":2.73754239082,"dmean2":4.49767351151,"dvar":5.87830924988,"dvar2":15.147983551,"max":24.8750019073,"mean":10.0664730072,"median":9.2697095871,"min":2.80622386932,"var":15.7285585403},"barkbands_flatness_db":{"dmean":0.0189997386187,"dmean2":0.0286923088133,"dvar":0.000280582258711,"dvar2":0.000648404064123,"max":0.267485111952,"mean":0.116165816784,"median":0.113012596965,"min":0.0316969268024,"var":0.00120806426276},"barkbands_kurtosis":{"dmean":1.82993125916,"dmean2":3.00071787834,"dvar":8.06669807434,"dvar2":21.9460506439,"max":64.8708496094,"mean":1.96366524696,"median":0.921793222427,"min":-1.92636609077,"var":13.8695468903},"barkbands_skewness":{"dmean":0.453856766224,"dmean2":0.715341150761,"dvar":0.187276616693,"dvar2":0.477419316769,"max":7.2150850296,"mean":1.09327948093,"median":1.00536131859,"min":-2.13378143311,"var":0.802115797997},"barkbands_spread":{"dmean":6.08120012283,"dmean2":9.24099159241,"dvar":41.8001708984,"dvar2":83.3942871094,"max":113.719551086,"mean":25.3197727203,"median":22.86876297,"min":1.89755034447,"var":176.602493286},"dissonance":{"dmean":0.0213564354926,"dmean2":0.0360232852399,"dvar":0.000436729344074,"dvar2":0.00120817951392,"max":0.500000059605,"mean":0.460428059101,"median":0.467506289482,"min":0.299586862326,"var":0.000805618357845},"dynamic_complexity":4.17625713348,"erbbands":{"dmean":[0.0476136021316,0.33955553174,0.970909953117,1.70655703545,3.24233603477,5.77415990829,9.1687002182,12.4690561295,12.3688459396,13.8727807999,17.4033699036,38.0447998047,34.0973243713,23.5248088837,27.0652637482,25.9636821747,26.2205810547,17.8455753326,14.2553024292,14.6596775055,11.1225347519,12.2266864777,11.8053426743,6.10562849045,3.90602874756,2.92404603958,3.20821547508,2.02833199501,1.97808432579,1.67301845551,1.60046958923,1.28416657448,1.02694630623,0.559905707836,0.233856633306,0.0679880678654,0.0125935599208,0.00292661786079,0.000226194155402,0.0000117556619443],"dmean2":[0.0786838382483,0.576658904552,1.69723129272,3.06604242325,5.73500871658,9.74786472321,14.0954494476,19.52302742,19.4984645844,21.9618663788,27.917142868,58.2047462463,52.5724449158,35.6560783386,40.8179779053,39.9411087036,39.793006897,27.1192588806,22.5121803284,23.1366558075,16.764705658,19.0931091309,18.5305671692,9.45118236542,6.195353508,4.72858190536,5.18837499619,3.13125729561,2.92006087303,2.39303469658,2.31327319145,1.82465004921,1.38824534416,0.747272670269,0.309857726097,0.0907755866647,0.0165232978761,0.00385904801078,0.000299455248751,0.0000168572514667],"dvar":[0.00752522004768,0.298060357571,6.90409326553,18.6287937164,42.4987373352,215.282272339,446.725769043,862.382019043,2086.57275391,5139.51171875,6797.50878906,13520.734375,11158.2626953,4491.78125,6239.93115234,10489.0449219,3712.82983398,1886.29370117,1033.47033691,968.347839355,564.127319336,516.201477051,407.415008545,106.850013733,38.027961731,19.257724762,22.0168838501,11.1811828613,9.67719364166,16.5961647034,79.8719940186,34.8853530884,14.8536634445,8.555311203,0.707307994366,0.0514168180525,0.00132586981636,0.0000373806979042,2.21340926032e-7,2.42462272482e-10],"dvar2":[0.0199260786176,0.851913452148,19.3711299896,53.5911827087,112.49131012,497.541320801,908.50201416,2064.68017578,5065.41162109,13896.2705078,17120.4472656,29701.1875,26586.9453125,10088.515625,14809.7050781,24539.7441406,7671.92089844,4024.41259766,2543.55761719,2214.87646484,1238.18041992,1197.31726074,919.943603516,237.22277832,90.4964981079,48.3232498169,56.3401908875,26.2397766113,20.5131664276,32.8471755981,195.143478394,85.5780258179,28.3399753571,15.6902132034,1.27611589432,0.0896424055099,0.00232634251006,0.0000688262880431,4.0973171167e-7,5.01254759921e-10],"max":[1.21965682507,6.05718994141,38.1747512817,58.3692512512,133.695846558,479.881866455,677.13104248,649.591003418,1469.09960938,3263.85253906,3778.05151367,3432.68701172,1969.88049316,1852.25817871,2011.77111816,2839.671875,1581.47265625,1047.8034668,941.241699219,1040.96557617,580.097961426,557.991271973,445.674468994,242.99407959,155.923934937,70.6700973511,75.400062561,76.4917144775,63.4225692749,235.333526611,625.071838379,242.49659729,142.747390747,145.787475586,27.8732719421,8.3868894577,1.19911956787,0.116186894476,0.0113004408777,0.000319886807119],"mean":[0.0986079499125,0.682632148266,1.3046271801,2.10840654373,3.68784093857,7.49470901489,15.8173751831,19.7741222382,19.4015884399,20.1105041504,25.1135387421,56.9814453125,54.7472877502,42.0929832458,45.5117378235,44.8011703491,46.8548545837,31.8850440979,24.3520927429,23.8242073059,20.6134147644,22.575876236,21.7690162659,12.5702514648,7.79758787155,5.70933055878,6.31384706497,4.35301971436,4.48849821091,3.819013834,3.20857381821,2.38409924507,1.93211460114,1.00821828842,0.413515686989,0.114546209574,0.0209495835006,0.00434356136248,0.000328386639012,0.0000345552471117],"median":[0.0646737366915,0.543498694897,0.815374433994,1.12763690948,1.59578299522,2.4391682148,4.44661998749,5.92433166504,5.85807132721,4.89851379395,6.39212226868,12.3531131744,9.98799610138,10.3707008362,9.5533285141,9.26575660706,15.3896598816,10.7168388367,10.0052146912,10.3239192963,7.99525737762,9.88200187683,11.5489368439,7.3547744751,4.94300842285,3.82799386978,4.07876873016,2.7661318779,2.68837833405,2.2521109581,1.75303578377,1.11704850197,0.757840335369,0.349265217781,0.141532123089,0.0339029766619,0.00609530694783,0.000862239394337,0.0000470542800031,0.0000272110100923],"min":[2.50903660632e-22,7.8729363424e-22,9.88660969966e-21,2.85996533567e-20,5.48736367225e-20,2.25336096376e-19,3.04918419327e-19,1.77277549021e-19,2.90014899435e-19,6.81839136964e-19,5.99578765082e-19,1.92389678694e-18,1.73328128658e-18,2.29803678185e-18,1.35113232218e-18,1.99221197937e-18,2.85205919508e-18,3.86112813894e-18,6.03072693271e-18,6.48034922647e-18,4.69116417896e-18,6.93503055686e-18,9.1950480498e-18,1.22303790358e-17,1.47805148257e-17,1.61782234134e-17,1.47773682307e-17,1.35457310402e-17,1.52739297155e-17,1.35986937604e-17,1.30742918577e-17,1.71490058891e-17,1.16891440076e-17,1.14920963508e-17,8.0320726404e-18,4.30111708728e-18,2.4992294407e-18,1.36160008604e-18,3.11400852841e-19,3.15012672363e-20],"var":[0.012066972442,0.427547156811,5.10845947266,13.6625003815,46.944770813,412.085876465,1304.2980957,1711.91394043,4074.07226562,6306.375,9795.42382812,27274.6542969,23521.5527344,13129.3837891,14589.6630859,21684.1738281,11526.8222656,4657.00439453,1807.4720459,1801.11352539,1658.44360352,1265.29614258,949.20880127,324.230529785,86.2574157715,38.7975006104,47.2595901489,26.5426559448,30.5867786407,41.3610153198,94.5088806152,45.8994750977,32.8918991089,16.4927940369,1.68848335743,0.127404883504,0.003436061088,0.0000766206721892,4.54423172869e-7,8.63818905295e-10]},"erbbands_crest":{"dmean":3.3052957058,"dmean2":5.43136072159,"dvar":9.50139522552,"dvar2":24.313785553,"max":31.1835441589,"mean":10.4665174484,"median":9.20838260651,"min":2.37321305275,"var":26.2248535156},"erbbands_flatness_db":{"dmean":0.0185142755508,"dmean2":0.0269661899656,"dvar":0.000276887731161,"dvar2":0.000567570794374,"max":0.322238743305,"mean":0.153478428721,"median":0.153008371592,"min":0.0490021556616,"var":0.00162368896417},"erbbands_kurtosis":{"dmean":1.24557971954,"dmean2":1.98432910442,"dvar":3.76705050468,"dvar2":9.60384273529,"max":32.6860313416,"mean":0.994989514351,"median":0.0600720643997,"min":-1.75192260742,"var":8.50607299805},"erbbands_skewness":{"dmean":0.400352776051,"dmean2":0.622400283813,"dvar":0.140817597508,"dvar2":0.341461479664,"max":4.67809724808,"mean":0.37974357605,"median":0.310167312622,"min":-2.6339507103,"var":0.675153672695},"erbbands_spread":{"dmean":7.72284460068,"dmean2":11.8616733551,"dvar":56.8981819153,"dvar2":126.945289612,"max":130.402313232,"mean":35.4119148254,"median":33.0148239136,"min":3.61778998375,"var":311.908416748},"gfcc":{"cov":[[10589.0996094,-1.9060151577,-511.369171143,-126.393447876,-526.799865723,228.921218872,-237.767654419,133.060012817,-97.5823059082,-0.739623606205,86.5364761353,107.988601685,9.48305416107],[-1.9060151577,747.437805176,-258.211395264,24.5954780579,-29.8295917511,-103.10080719,52.5472106934,-51.1261863708,50.9527549744,-72.271736145,47.8238143921,-85.4287414551,25.9663581848],[-511.369171143,-258.211395264,518.772888184,108.564186096,63.9440917969,23.3555431366,-23.1464176178,8.69836902618,-17.6049365997,49.2260017395,-54.2240638733,27.1987171173,-33.4793586731],[-126.393447876,24.5954780579,108.564186096,329.084655762,93.3043518066,-51.8926200867,-68.0322952271,-31.2053031921,29.2388687134,5.39527750015,-14.6520547867,6.58327388763,35.9530982971],[-526.799865723,-29.8295917511,63.9440917969,93.3043518066,247.119338989,28.008972168,-6.48812484741,-4.04228496552,20.7551460266,11.504488945,-3.38937997818,21.4006881714,2.5267534256],[228.921218872,-103.10080719,23.3555431366,-51.8926200867,28.008972168,220.722183228,102.683853149,29.9503898621,-32.6290130615,16.5486392975,31.6950092316,8.07253360748,-14.436630249],[-237.767654419,52.5472106934,-23.1464176178,-68.0322952271,-6.48812484741,102.683853149,182.373214722,35.1516571045,-20.8725910187,-3.00982785225,19.6930351257,-21.5749092102,-14.8733854294],[133.060012817,-51.1261863708,8.69836902618,-31.2053031921,-4.04228496552,29.9503898621,35.1516571045,107.38924408,43.9808349609,13.2831144333,1.03123354912,6.68468999863,-7.89843416214],[-97.5823059082,50.9527549744,-17.6049365997,29.2388687134,20.7551460266,-32.6290130615,-20.8725910187,43.9808349609,122.689575195,41.5182495117,1.82266378403,-0.558633506298,14.8763341904],[-0.739623606205,-72.271736145,49.2260017395,5.39527750015,11.504488945,16.5486392975,-3.00982785225,13.2831144333,41.5182495117,102.879264832,27.7421398163,16.2903766632,1.49767804146],[86.5364761353,47.8238143921,-54.2240638733,-14.6520547867,-3.38937997818,31.6950092316,19.6930351257,1.03123354912,1.82266378403,27.7421398163,97.3120269775,42.0583534241,9.18710231781],[107.988601685,-85.4287414551,27.1987171173,6.58327388763,21.4006881714,8.07253360748,-21.5749092102,6.68468999863,-0.558633506298,16.2903766632,42.0583534241,101.676498413,33.4405860901],[9.48305416107,25.9663581848,-33.4793586731,35.9530982971,2.5267534256,-14.436630249,-14.8733854294,-7.89843416214,14.8763341904,1.49767804146,9.18710231781,33.4405860901,79.088180542]],"icov":[[0.000158451017342,-0.000184698801604,0.000220832400373,-0.000144531557453,0.000399320269935,-0.000510425539687,0.000595347548369,-0.000468160200398,0.000402780686272,-0.000305976311211,0.0003611613065,-0.000433956360212,0.000231670710491],[-0.000184698801604,0.00324555183761,0.000160718875122,-0.0000179085054697,-0.000585154572036,0.00224384036846,-0.00242892792448,0.00239067128859,-0.00287601421587,0.00318704918027,-0.00396156124771,0.00372329121456,-0.00139051373117],[0.000220832400373,0.000160718875122,0.00341396499425,-0.00145659095142,0.000466582016088,-0.00083800003631,0.000472737330711,-0.000819874694571,0.00146100122947,-0.00230608414859,0.00308239134029,-0.00245519401506,0.00231617200188],[-0.000144531557453,-0.0000179085054697,-0.00145659095142,0.00465380586684,-0.00184859184083,0.000881801068317,0.000587888236623,0.00119651551358,-0.00116561201867,0.000919277255889,-0.00123579113279,0.0018337861402,-0.0026888907887],[0.000399320269935,-0.000585154572036,0.000466582016088,-0.00184859184083,0.00605900166556,-0.00256403395906,0.00129256420769,-0.000290784286335,-0.000356887205271,-0.00067521276651,0.00204404839315,-0.00305281905457,0.00186782761011],[-0.000510425539687,0.00224384036846,-0.00083800003631,0.000881801068317,-0.00256403395906,0.00980313774198,-0.00608782842755,0.000817391090095,-0.0000843981324579,0.00114530883729,-0.00461905822158,0.00321433809586,-0.00145134294871],[0.000595347548369,-0.00242892792448,0.000472737330711,0.000587888236623,0.00129256420769,-0.00608782842755,0.0121407285333,-0.00546728540212,0.00425386521965,-0.00209514098242,0.00108191219624,0.000119908545457,0.000306730158627],[-0.000468160200398,0.00239067128859,-0.000819874694571,0.00119651551358,-0.000290784286335,0.000817391090095,-0.00546728540212,0.016647843644,-0.00985562521964,0.00394822005183,-0.00138677691575,-0.00010434363503,0.00115740916226],[0.000402780686272,-0.00287601421587,0.00146100122947,-0.00116561201867,-0.000356887205271,-0.0000843981324579,0.00425386521965,-0.00985562521964,0.0176368243992,-0.00916046556085,0.00384512799792,-0.00114133988973,-0.00125203141943],[-0.000305976311211,0.00318704918027,-0.00230608414859,0.000919277255889,-0.00067521276651,0.00114530883729,-0.00209514098242,0.00394822005183,-0.00916046556085,0.0178203210235,-0.00905698910356,0.00425233924761,-0.00153317896184],[0.0003611613065,-0.00396156124771,0.00308239134029,-0.00123579113279,0.00204404839315,-0.00461905822158,0.00108191219624,-0.00138677691575,0.00384512799792,-0.00905698910356,0.0228045750409,-0.0137728797272,0.00490323035046],[-0.000433956360212,0.00372329121456,-0.00245519401506,0.0018337861402,-0.00305281905457,0.00321433809586,0.000119908545457,-0.00010434363503,-0.00114133988973,0.00425233924761,-0.0137728797272,0.0227579828352,-0.0102355824783],[0.000231670710491,-0.00139051373117,0.00231617200188,-0.0026888907887,0.00186782761011,-0.00145134294871,0.000306730158627,0.00115740916226,-0.00125203141943,-0.00153317896184,0.00490323035046,-0.0102355824783,0.0191472172737]],"mean":[-7.94840097427,86.2396469116,-121.888870239,35.1825180054,-59.3882484436,22.8196220398,-36.6364936829,11.828704834,-19.4916648865,2.28124022484,-10.8635482788,3.38085412979,-7.1623711586]},"hfc":{"dmean":5.87309980392,"dmean2":8.43050003052,"dvar":64.0221633911,"dvar2":136.383407593,"max":200.815063477,"mean":19.4602031708,"median":14.4399461746,"min":1.10794443982e-16,"var":296.294464111},"melbands":{"dmean":[0.000413408386521,0.000469200254884,0.000314379431074,0.000341101927916,0.000292539101792,0.00028184306575,0.000186892182683,0.000146443868289,0.000169058548636,0.000240820198087,0.000170643426827,0.0000982409255812,0.000108924847154,0.0000762066410971,0.0000706803621142,0.0000455728768429,0.0000345797270711,0.0000275401562249,0.0000174488959601,0.0000184170003195,0.0000139252306326,0.0000131953092932,0.0000150289743033,0.0000104498340079,0.00000490366073791,0.00000366877088709,0.0000024131823011,0.00000194430390366,0.00000215725367525,0.00000162955029737,0.00000122046662909,0.00000124801078982,0.00000109748680188,9.94746642391e-7,0.00000100368902167,8.69771383805e-7,8.15386329123e-7,7.75862986302e-7,6.41306030502e-7,4.46787566943e-7],"dmean2":[0.00068803189788,0.000813827849925,0.000560440472327,0.000588275666814,0.000452838954516,0.000438995164586,0.000292989454465,0.000233739541727,0.00027080764994,0.000367158063455,0.000263659283519,0.000148370920215,0.000161852847668,0.000114814916742,0.000107967018266,0.0000688797590556,0.0000526937583345,0.0000435104302596,0.0000277943399851,0.0000283956578642,0.0000212339164136,0.0000208617784665,0.0000240506742557,0.0000165335641213,0.00000770262613514,0.00000587243175687,0.00000391668390876,0.00000318377942676,0.00000353869677383,0.00000260198180513,0.0000019128005988,0.00000189300635611,0.00000164098662481,0.00000146301590576,0.00000147339767409,0.0000012853078033,0.00000118055140774,0.0000010789440239,8.84419080194e-7,6.00885016411e-7],"dvar":[4.8949630127e-7,0.00000116013359275,4.92434935495e-7,6.0916380562e-7,4.0263887513e-7,4.06710199741e-7,4.55959366263e-7,5.18688409556e-7,5.47437991827e-7,5.10749032401e-7,2.85910942921e-7,8.56019894968e-8,1.08595173742e-7,1.05678779505e-7,3.45253354794e-8,1.09597086961e-8,7.22345472326e-9,4.32285585106e-9,1.26142241097e-9,1.74874181802e-9,1.05660302729e-9,7.2290556874e-10,8.45721215281e-10,3.30725447029e-10,8.27831553307e-11,3.40061659387e-11,1.47018300312e-11,8.81535643094e-12,1.04369846099e-11,6.25143469976e-12,4.22261704769e-12,3.91415849385e-12,3.5675256152e-12,8.48098501149e-12,3.8833696675e-11,1.23894497092e-11,1.36489743119e-11,7.70765395952e-12,1.01839075367e-11,5.3191075676e-12],"dvar2":[0.00000134014624109,0.00000327319571625,0.00000140412691962,0.00000149854417941,8.31549471059e-7,9.64101786849e-7,0.00000109635436729,0.00000142856060847,0.00000136819357976,0.00000110410076104,6.81719143358e-7,1.94231716932e-7,2.43782551479e-7,2.45690927159e-7,7.93231720309e-8,2.24211742506e-8,1.58584310128e-8,1.06414761447e-8,2.80799583585e-9,3.82317377756e-9,2.41049602501e-9,1.69506975123e-9,2.02577044028e-9,7.67270302848e-10,1.8910682742e-10,8.06291353128e-11,3.46127744522e-11,2.28372737388e-11,2.7198012939e-11,1.58246766385e-11,9.83428529583e-12,8.63877285678e-12,7.68169989424e-12,1.79531875477e-11,9.3711351179e-11,3.19005134808e-11,3.22469273506e-11,1.53596822761e-11,2.02013371309e-11,9.82609653366e-12],"max":[0.00967901665717,0.0158532019705,0.00948883779347,0.0197629407048,0.0176837425679,0.0131704844534,0.0195413250476,0.0290117524564,0.0308442655951,0.0190933793783,0.00991163030267,0.00818669144064,0.0092247100547,0.00978251639754,0.00459171412513,0.00239649531431,0.00203427276574,0.0020798665937,0.000945021980442,0.00118840986397,0.000803258561064,0.000804390059784,0.000652189832181,0.00042400858365,0.000224967006943,0.000115885930427,0.0000917027209653,0.0000437074886577,0.000055679178331,0.0000430818727182,0.0000467687932542,0.0000444013094238,0.0000391255271097,0.00018734029436,0.00044654958765,0.000144931909745,0.000131251799758,0.0000875461628311,0.000149934727233,0.000117675350339],"mean":[0.000891995965503,0.000790410733316,0.000400109071052,0.000402363017201,0.000508967495989,0.00045827269787,0.000292139564408,0.000206409546081,0.000246528506977,0.000358627468813,0.000269376585493,0.000168951271917,0.00017689926608,0.000114229056635,0.000126786573674,0.0000768954632804,0.0000574727964704,0.0000427051818406,0.0000271643330052,0.0000286884260277,0.0000238699740294,0.0000223483075388,0.0000246456493187,0.0000174520882865,0.00000921233095141,0.00000673246768201,0.00000440836174675,0.00000345338980878,0.00000395118604501,0.00000313979035127,0.00000241973248194,0.00000261185027739,0.00000231954572882,0.00000207504604077,0.00000189969762232,0.00000158147304319,0.00000141771670314,0.00000142085104926,0.00000110565440536,7.64536082443e-7],"median":[0.000699831638485,0.000594802724663,0.000227149474085,0.000137903683935,0.000165287361597,0.000135929934913,0.0000856867845869,0.0000449894287158,0.0000550960394321,0.0000750689650886,0.0000409073545597,0.0000372755312128,0.0000277515900962,0.0000152942593559,0.0000336675111612,0.0000260730321315,0.0000168551632669,0.0000144249543155,0.0000121732991829,0.0000107857231342,0.0000074360796134,0.0000091383481049,0.0000102451540442,0.00000839781932882,0.00000498106965097,0.00000389368597098,0.00000281453776552,0.00000214935062104,0.0000024553755793,0.00000191196431842,0.00000144973796523,0.00000145691137732,0.00000137149174861,0.0000011410386378,9.91624574453e-7,7.96379026724e-7,6.00932082762e-7,5.5023576806e-7,3.8931429458e-7,2.4903800977e-7],"min":[1.54380946899e-24,4.03908103627e-24,5.17414577709e-24,1.04845238882e-23,1.1394579072e-23,4.27489207123e-24,5.62730810739e-24,6.80311199194e-24,5.51963766573e-24,1.21579747584e-23,8.71363055247e-24,9.12359919833e-24,5.22840836332e-24,2.75328528963e-24,4.34799660017e-24,8.07296821234e-24,5.93510664425e-24,8.39888372875e-24,6.1735508969e-24,4.07888853527e-24,5.50996228672e-24,6.75196382857e-24,5.59201052618e-24,7.9353238173e-24,9.89645096034e-24,1.22574422299e-23,8.02331572925e-24,9.00417275702e-24,9.94553546358e-24,6.21490377442e-24,9.07260170739e-24,8.27171540653e-24,8.76776218778e-24,7.85401434607e-24,7.12409476111e-24,8.01070184337e-24,1.07907581139e-23,7.95623967534e-24,8.31493394008e-24,9.23882258873e-24],"var":[7.5658311971e-7,9.95039499685e-7,3.86799456464e-7,9.48934371081e-7,0.0000011377892406,8.78283401562e-7,8.78682158145e-7,6.89228556894e-7,8.79576134594e-7,0.00000101455736967,6.01034912506e-7,2.48441722306e-7,2.73771178172e-7,2.12169027236e-7,1.04133569323e-7,2.78612208859e-8,1.67701710296e-8,7.33521776652e-9,2.31298891151e-9,3.49397977217e-9,2.78621326011e-9,1.51778689617e-9,1.69435765418e-9,7.26707471976e-10,2.24490134815e-10,7.71581271097e-11,2.96170830916e-11,1.60112565567e-11,1.96507827371e-11,1.39177879291e-11,9.86252138985e-12,1.16021992361e-11,9.69316554106e-12,1.7505427663e-11,4.35731901949e-11,1.55112259842e-11,1.90463131378e-11,1.66853943856e-11,1.81457904258e-11,1.0110385619e-11]},"melbands_crest":{"dmean":3.20505738258,"dmean2":5.3225107193,"dvar":8.32465362549,"dvar2":22.208524704,"max":31.6168308258,"mean":13.4161891937,"median":12.6143074036,"min":2.08088946342,"var":24.0519199371},"melbands_flatness_db":{"dmean":0.0215473975986,"dmean2":0.0333292409778,"dvar":0.000368750595953,"dvar2":0.000890499504749,"max":0.332175195217,"mean":0.174246951938,"median":0.170267283916,"min":0.0056559597142,"var":0.00175278563984},"melbands_kurtosis":{"dmean":4.39857530594,"dmean2":7.17555952072,"dvar":53.3665428162,"dvar2":146.208999634,"max":197.440719604,"mean":7.96239376068,"median":4.62123012543,"min":-1.61600065231,"var":113.241218567},"melbands_skewness":{"dmean":0.607384562492,"dmean2":0.959797084332,"dvar":0.35660046339,"dvar2":0.886367380619,"max":12.2877130508,"mean":2.02928972244,"median":1.87151479721,"min":-1.34631919861,"var":1.92013454437},"melbands_spread":{"dmean":7.50876808167,"dmean2":11.7841110229,"dvar":69.5023956299,"dvar2":157.533905029,"max":205.101364136,"mean":27.3352947235,"median":25.2519111633,"min":1.94972157478,"var":223.559997559},"mfcc":{"cov":[[7502.02539062,373.156433105,-275.514190674,-276.181152344,-187.97467041,-93.8975067139,-46.64610672,85.8527374268,-108.575660706,-59.0421447754,13.4005899429,13.0589256287,-87.488822937],[373.156433105,617.971435547,-159.603088379,5.63743829727,-87.4189834595,-30.6421546936,-13.6382884979,20.0813522339,-28.8706684113,28.4498901367,20.4191818237,-19.6361465454,-13.5500106812],[-275.514190674,-159.603088379,374.15713501,55.0066337585,22.5627326965,33.1495170593,17.5102653503,-13.2279653549,24.5989971161,-11.7518911362,3.41231012344,20.064704895,7.9551897049],[-276.181152344,5.63743829727,55.0066337585,322.468963623,130.276687622,10.3046169281,-74.9985961914,-42.2156562805,33.8659896851,-38.2753791809,-30.9852542877,6.48934459686,13.6360197067],[-187.97467041,-87.4189834595,22.5627326965,130.276687622,246.190597534,37.6515007019,-46.2797393799,-10.3600463867,23.2725696564,-27.2081394196,-6.86966609955,12.5414381027,24.2077503204],[-93.8975067139,-30.6421546936,33.1495170593,10.3046169281,37.6515007019,138.251327515,76.4280319214,5.72607946396,0.599348902702,13.6451463699,-7.56632471085,11.5062952042,15.066192627],[-46.64610672,-13.6382884979,17.5102653503,-74.9985961914,-46.2797393799,76.4280319214,182.218597412,56.5385971069,-21.4507160187,22.1273422241,3.7961640358,11.6123275757,-4.65592479706],[85.8527374268,20.0813522339,-13.2279653549,-42.2156562805,-10.3600463867,5.72607946396,56.5385971069,109.843513489,11.2863798141,11.9841394424,5.57474470139,1.09932363033,1.67348229885],[-108.575660706,-28.8706684113,24.5989971161,33.8659896851,23.2725696564,0.599348902702,-21.4507160187,11.2863798141,95.6277999878,34.3162956238,-3.94125890732,-4.54878902435,11.3106336594],[-59.0421447754,28.4498901367,-11.7518911362,-38.2753791809,-27.2081394196,13.6451463699,22.1273422241,11.9841394424,34.3162956238,118.655128479,34.3143386841,-17.3138580322,-12.2513580322],[13.4005899429,20.4191818237,3.41231012344,-30.9852542877,-6.86966609955,-7.56632471085,3.7961640358,5.57474470139,-3.94125890732,34.3143386841,99.0548171997,25.9629955292,-9.27215957642],[13.0589256287,-19.6361465454,20.064704895,6.48934459686,12.5414381027,11.5062952042,11.6123275757,1.09932363033,-4.54878902435,-17.3138580322,25.9629955292,92.5339584351,40.5391731262],[-87.488822937,-13.5500106812,7.9551897049,13.6360197067,24.2077503204,15.066192627,-4.65592479706,1.67348229885,11.3106336594,-12.2513580322,-9.27215957642,40.5391731262,103.240234375]],"icov":[[0.00015075225383,-0.0000693619804224,0.0000521506517543,0.00012834064546,0.0000464334989374,-0.000048786176194,0.000170954474015,-0.00015307070862,0.0000781934213592,0.0000950593530433,0.0000577160026296,-0.000144684658153,0.000168811893673],[-0.0000693619804224,0.00212315120734,0.000809974910226,-0.000819080974907,0.000982214813121,-0.000137833238114,0.000364737672498,-0.000633733870927,0.000780010654125,-0.00052641419461,-0.000550610071514,0.000401848752517,-0.000272991397651],[0.0000521506517543,0.000809974910226,0.00328886858188,-0.000695810071193,0.000540618959349,-0.000555280945264,-0.000366356485756,0.000263025285676,-0.000789537385572,0.000553317251615,-0.000652717251796,-0.000266140792519,0.000120507917018],[0.00012834064546,-0.000819080974907,-0.000695810071193,0.0050511257723,-0.00222220271826,-0.000397758674808,0.00110647873953,0.0011176452972,-0.00149557378609,0.00105811504181,0.00129919254687,-0.000741734227631,0.00069596193498],[0.0000464334989374,0.000982214813121,0.000540618959349,-0.00222220271826,0.00650660553947,-0.00276494584978,0.002203830285,-0.00140297575854,-0.000248536700383,0.00104722299147,-0.00117972993758,0.000231155805523,-0.000625145272352],[-0.000048786176194,-0.000137833238114,-0.000555280945264,-0.000397758674808,-0.00276494584978,0.0119747463614,-0.00645728548989,0.00244345795363,-0.000121416036563,-0.0017639483558,0.0013292261865,-0.000328100140905,-0.00134192721453],[0.000170954474015,0.000364737672498,-0.000366356485756,0.00110647873953,0.002203830285,-0.00645728548989,0.0116827944294,-0.00550796370953,0.00304659013636,-0.00134492758662,0.000989296939224,-0.00185115460772,0.00143892585766],[-0.00015307070862,-0.000633733870927,0.000263025285676,0.0011176452972,-0.00140297575854,0.00244345795363,-0.00550796370953,0.0126755405217,-0.00342458277009,0.000773976382334,-0.000548911048099,0.00060856109485,-0.000683484482579],[0.0000781934213592,0.000780010654125,-0.000789537385572,-0.00149557378609,-0.000248536700383,-0.000121416036563,0.00304659013636,-0.00342458277009,0.0151025410742,-0.00612639682367,0.00209149578586,-0.000237687156186,-0.00140450487379],[0.0000950593530433,-0.00052641419461,0.000553317251615,0.00105811504181,0.00104722299147,-0.0017639483558,-0.00134492758662,0.000773976382334,-0.00612639682367,0.0135251292959,-0.00552000524476,0.00364471483044,0.00011700847972],[0.0000577160026296,-0.000550610071514,-0.000652717251796,0.00129919254687,-0.00117972993758,0.0013292261865,0.000989296939224,-0.000548911048099,0.00209149578586,-0.00552000524476,0.0146333007142,-0.00654379092157,0.00299108959734],[-0.000144684658153,0.000401848752517,-0.000266140792519,-0.000741734227631,0.000231155805523,-0.000328100140905,-0.00185115460772,0.00060856109485,-0.000237687156186,0.00364471483044,-0.00654379092157,0.0167180523276,-0.00674486579373],[0.000168811893673,-0.000272991397651,0.000120507917018,0.00069596193498,-0.000625145272352,-0.00134192721453,0.00143892585766,-0.000683484482579,-0.00140450487379,0.00011700847972,0.00299108959734,-0.00674486579373,0.0131954392418]],"mean":[-644.705749512,109.597129822,1.02930104733,16.8332004547,4.921895504,7.33157110214,-0.157559514046,7.76464939117,-0.504014015198,1.22155642509,2.26050448418,2.41165995598,-3.03630304337]},"pitch_salience":{"dmean":0.0689788386226,"dmean2":0.113519199193,"dvar":0.00348033779301,"dvar2":0.0091515192762,"max":0.952320635319,"mean":0.523249804974,"median":0.525302112103,"min":0.177014559507,"var":0.0098211215809},"silence_rate_20dB":{"dmean":0,"dmean2":0,"dvar":0,"dvar2":0,"max":1,"mean":1,"median":1,"min":1,"var":0},"silence_rate_30dB":{"dmean":0.00283647701144,"dmean2":0.00567375868559,"dvar":0.00282825040631,"dvar2":0.00819403585047,"max":1,"mean":0.998298346996,"median":1,"min":0,"var":0.00169873144478},"silence_rate_60dB":{"dmean":0.00794213544577,"dmean2":0.0158865246922,"dvar":0.0078801503405,"dvar2":0.0190381836146,"max":1,"mean":0.0578559264541,"median":0,"min":0,"var":0.0545093379915},"spectral_centroid":{"dmean":246.024795532,"dmean2":380.946289062,"dvar":71639.9140625,"dvar2":139448.59375,"max":11278.2792969,"mean":1430.91455078,"median":1369.74121094,"min":348.42678833,"var":258159.265625},"spectral_complexity":{"dmean":3.15614795685,"dmean2":4.90156030655,"dvar":11.000916481,"dvar2":24.3575553894,"max":47,"mean":16.5022697449,"median":16,"min":0,"var":57.6519088745},"spectral_contrast_coeffs":{"dmean":[0.0508821979165,0.049665633589,0.0430157408118,0.0353390276432,0.0238514821976,0.0181916821748],"dmean2":[0.0848235264421,0.0797803401947,0.0672540143132,0.0553054139018,0.0379288606346,0.0287125147879],"dvar":[0.00191661226563,0.00169059552718,0.00126110599376,0.000797906541266,0.000394348491682,0.000282508641249],"dvar2":[0.00526107149199,0.00411187391728,0.00290376855992,0.00187018956058,0.000935527728871,0.000700128206518],"max":[-0.354406893253,-0.343442767859,-0.404071718454,-0.504918813705,-0.589926421642,-0.651932179928],"mean":[-0.695085465908,-0.712715268135,-0.724137961864,-0.739099025726,-0.777772068977,-0.771306753159],"median":[-0.70196223259,-0.723837852478,-0.734598398209,-0.741048038006,-0.782487154007,-0.771141290665],"min":[-0.977144181728,-0.96755862236,-0.966870486736,-0.968512058258,-0.960857629776,-0.959742963314],"var":[0.00614242814481,0.00760632520542,0.0070354854688,0.00401630811393,0.00203319382854,0.00103856122587]},"spectral_contrast_valleys":{"dmean":[0.362978667021,0.377020597458,0.334500104189,0.300362050533,0.252313613892,0.24825425446],"dmean2":[0.59427857399,0.604121088982,0.522298514843,0.455614924431,0.368522524834,0.29718002677],"dvar":[0.119699634612,0.140247359872,0.125258296728,0.108697555959,0.0990531146526,0.0884002968669],"dvar2":[0.254463136196,0.274060696363,0.216828584671,0.176635190845,0.154671758413,0.116430878639],"max":[-5.58239793777,-4.92762804031,-5.52644491196,-6.28089618683,-6.04550075531,-7.41086435318],"mean":[-7.32296228409,-7.02125453949,-7.60435295105,-7.97901201248,-7.72116613388,-9.99275684357],"median":[-7.11688137054,-6.87316417694,-7.43689632416,-7.82402038574,-7.5554227829,-9.78318023682],"min":[-27.1871414185,-27.4544830322,-27.4542293549,-27.2446594238,-27.4107589722,-27.4013690948],"var":[1.12830340862,1.29215717316,1.32032155991,1.22361636162,1.13199806213,1.25267326832]},"spectral_decrease":{"dmean":1.91320803644e-9,"dmean2":3.01175395734e-9,"dvar":6.60741119959e-18,"dvar2":1.64404347045e-17,"max":2.6817253408e-29,"mean":-5.45091838333e-9,"median":-4.17322887358e-9,"min":-4.58055637864e-8,"var":2.01082064802e-17},"spectral_energy":{"dmean":0.00764429755509,"dmean2":0.0119719011709,"dvar":0.000103646816569,"dvar2":0.000256315572187,"max":0.181621298194,"mean":0.0223381631076,"median":0.0171992667019,"min":9.94816599284e-21,"var":0.00033071640064},"spectral_energyband_high":{"dmean":0.000244296854362,"dmean2":0.000325905595673,"dvar":3.55962555432e-7,"dvar2":6.74563409575e-7,"max":0.0223754756153,"mean":0.000633467978332,"median":0.000422577111749,"min":7.07823054585e-21,"var":9.58684154284e-7},"spectral_energyband_low":{"dmean":0.0023551909253,"dmean2":0.00405636336654,"dvar":0.0000213787807297,"dvar2":0.0000604033157288,"max":0.063591055572,"mean":0.00491039594635,"median":0.00404641078785,"min":2.68555262735e-23,"var":0.0000235503666772},"spectral_energyband_middle_high":{"dmean":0.00252683041617,"dmean2":0.00371945509687,"dvar":0.000018873010049,"dvar2":0.0000434947833128,"max":0.0742141753435,"mean":0.00681149214506,"median":0.00361520447768,"min":1.47535962328e-21,"var":0.0000771170307416},"spectral_energyband_middle_low":{"dmean":0.00524942483753,"dmean2":0.00828464049846,"dvar":0.000071630885941,"dvar2":0.000180054703378,"max":0.176157400012,"mean":0.0106211677194,"median":0.0061485664919,"min":2.8200535379e-22,"var":0.000171556835994},"spectral_entropy":{"dmean":0.148656696081,"dmean2":0.212383210659,"dvar":0.0183724649251,"dvar2":0.0349665954709,"max":9.80851840973,"mean":7.66142702103,"median":7.66056632996,"min":6.42729091644,"var":0.0986171886325},"spectral_flux":{"dmean":0.0212166942656,"dmean2":0.0331592038274,"dvar":0.000510353827849,"dvar2":0.00110250106081,"max":0.320086538792,"mean":0.0766272619367,"median":0.0705931335688,"min":6.81723982821e-11,"var":0.00182929961011},"spectral_kurtosis":{"dmean":1.02157402039,"dmean2":1.6710255146,"dvar":1.18259823322,"dvar2":3.24281358719,"max":22.310508728,"mean":3.3729133606,"median":3.16005969048,"min":-1.32986831665,"var":2.98095369339},"spectral_rms":{"dmean":0.000736748799682,"dmean2":0.00113588955719,"dvar":6.22112736437e-7,"dvar2":0.00000146688557834,"max":0.013311330229,"mean":0.00428059697151,"median":0.00409631198272,"min":3.11536950751e-12,"var":0.00000346984620592},"spectral_rolloff":{"dmean":461.481842041,"dmean2":773.686035156,"dvar":638133.375,"dvar2":1235851.375,"max":19056.8847656,"mean":1562.23828125,"median":1335.05859375,"min":86.1328125,"var":1855275.75},"spectral_skewness":{"dmean":0.164874404669,"dmean2":0.261603176594,"dvar":0.0267099794,"dvar2":0.0669844001532,"max":4.0164899826,"mean":1.43539273739,"median":1.43826949596,"min":-0.0366566628218,"var":0.0982328653336},"spectral_spread":{"dmean":527691.6875,"dmean2":707449.6875,"dvar":783231680512,"dvar2":1309012525060,"max":50314412,"mean":4940446.5,"median":4639925,"min":2091258,"var":2509452083200},"spectral_strongpeak":{"dmean":0.697513699532,"dmean2":1.13884949684,"dvar":1.04360222816,"dvar2":2.52976894379,"max":10.9459352493,"mean":1.28867852688,"median":0.509929299355,"min":0,"var":2.72920250893},"zerocrossingrate":{"dmean":0.0097591150552,"dmean2":0.0110848154873,"dvar":0.000161600459251,"dvar2":0.000176321162144,"max":0.494140625,"mean":0.0646484494209,"median":0.05908203125,"min":0.00927734375,"var":0.00111996370833}},"metadata":{"audio_properties":{"analysis_sample_rate":44100,"bit_rate":199706,"codec":"mp3","downmix":"mix","equal_loudness":0,"length":163.709381104,"lossless":false,"md5_encoded":"8fb5d891aaf95f4aacc795ef7bacf010","replay_gain":-8.84705734253,"sample_rate":44100},"tags":{"acoustid_id":["242d8787-ac83-4e0b-9120-0687f71d455f"],"album":["Love Beach"],"albumartist":["Emerson, Lake & Palmer"],"albumartistsort":["Emerson, Lake & Palmer"],"artist":["Emerson, Lake & Palmer"],"bpm":["140"],"contentgroup":["Classic Rock"],"discnumber":["1/1"],"file_name":"Emerson, Lake & Palmer - Love Beach.mp3","genre":["Classic Rock; Symphonic Rock; Progressive Rock; Progressive"],"musicbrainz album type":["album"],"musicbrainz_albumartistid":["ad996aef-cc1c-42ac-af5c-619c370f4b8a"],"musicbrainz_albumid":["1d7b5cbc-a83e-46ef-94f8-a8fc4629ae29"],"musicbrainz_artistid":["ad996aef-cc1c-42ac-af5c-619c370f4b8a"],"musicbrainz_recordingid":["e9b515c4-b832-4623-bade-926bb043fb3e"],"musicbrainz_releasegroupid":["ad40bf4c-470c-3e0e-ab8e-87d152bdaa61"],"originaldate":["1978"],"script":["Latn"],"title":["Love Beach"],"tracknumber":["2/10"]},"version":{"essentia":"2.1-beta2","essentia_build_sha":"70f2e5ece6736b2c40cc944ad0e695b16b925413","essentia_git_sha":"v2.1_beta2","extractor":"music 1.0"}},"rhythm":{"beats_count":369,"beats_loudness":{"dmean":0.0135367522016,"dmean2":0.0225689634681,"dvar":0.000176918285433,"dvar2":0.000483065057779,"max":0.088328756392,"mean":0.0275595653802,"median":0.023289507255,"min":5.97468297059e-9,"var":0.000318035599776},"beats_loudness_band_ratio":{"dmean":[0.180700585246,0.158707752824,0.162715137005,0.170225650072,0.0773357376456,0.0374492928386],"dmean2":[0.325054228306,0.284239292145,0.284416079521,0.310383230448,0.1355432868,0.0683942139149],"dvar":[0.0263264663517,0.0211505051702,0.0234547778964,0.0308263376355,0.00492163142189,0.003037174465