{"lowlevel":{"average_loudness":0.958109021187,"barkbands":{"dmean":[0.000415082991822,0.00731048732996,0.00340776075609,0.00142752390821,0.00451714592054,0.000425279285992,0.000298884930089,0.000438017246779,0.000510072510224,0.000205632823054,0.000249373173574,0.00026421804796,0.000296683283523,0.000388086744351,0.000484419433633,0.000478799804114,0.000370296358597,0.00033741191146,0.000310691306368,0.000253703037743,0.000173837150214,0.000126539336634,0.0000749158862163,0.0000606287903793,0.0000261319710262,0.0000128377414512,0.00000323787912748],"dmean2":[0.000676615862176,0.0121901007369,0.00605140626431,0.00248576886952,0.0077894302085,0.000682600482833,0.000503648770973,0.000734616245609,0.000830304110423,0.000336056575179,0.000393310532672,0.000420692522312,0.000469244871056,0.00062937423354,0.000768499041442,0.000728457060177,0.000575904035941,0.000537360843737,0.000495411572047,0.00040496364818,0.00026876834454,0.000181767420145,0.000107015621325,0.0000841157961986,0.0000370347770513,0.0000184339478437,0.00000488619434691],"dvar":[7.86773682648e-7,0.000219607711188,0.0000406686340284,0.00000495002177558,0.000138629242429,4.34785079051e-7,2.90011058723e-7,7.1705164828e-7,8.56386066062e-7,1.651400936e-7,3.26541226059e-7,3.20194970982e-7,4.24239857466e-7,3.71931434984e-7,6.46679040983e-7,8.02622366791e-7,5.88986210914e-7,2.9441966376e-7,2.07203996183e-7,2.38544572539e-7,8.20287695547e-8,3.60683962697e-8,1.5171513823e-8,1.72401239951e-8,1.99429472936e-9,6.58288756838e-10,4.92914146999e-11],"dvar2":[0.00000187442640254,0.000581149535719,0.000115346789244,0.0000136364769787,0.000368223409168,0.00000106359777874,7.72311636865e-7,0.00000191836875274,0.00000210470852835,3.96613103248e-7,6.83603559537e-7,7.47844467242e-7,9.93001890492e-7,8.94320578482e-7,0.00000149104653246,0.00000177991501005,0.00000132614582071,6.93190827405e-7,4.809671168e-7,5.70984639126e-7,2.02158247475e-7,7.7051971914e-8,3.13923109729e-8,3.45296911064e-8,4.09200229257e-9,1.41453060376e-9,1.11339805431e-10],"max":[0.0155858639628,0.118474110961,0.0684591829777,0.0225572250783,0.0937658920884,0.00898810103536,0.0102187450975,0.0141142597422,0.012154597789,0.00796313676983,0.0107926568016,0.011264776811,0.0153023572639,0.0106992023066,0.0127451075241,0.0214012041688,0.0294540021569,0.0108357435092,0.00937258917838,0.00813771598041,0.00789649132639,0.00385565310717,0.00320885679685,0.00223073270172,0.00092671829043,0.000373873946955,0.0000888141294126],"mean":[0.000656606687699,0.00802811421454,0.00429358845577,0.00196783128195,0.00442032562569,0.000650502974167,0.000400672084652,0.000574723817408,0.000755724089686,0.000311122101266,0.000375763484044,0.000399980519433,0.000433113513282,0.000611521187238,0.000797525921371,0.000848333176691,0.00062062375946,0.000611522933468,0.00061955495039,0.000468445854494,0.000362337916158,0.00026274236734,0.00015320267994,0.000114799840958,0.0000490647580591,0.0000207350385608,0.00000454048222309],"median":[0.0000300912652165,0.00273153115995,0.00208102958277,0.00108069903217,0.00174080440775,0.000363141327398,0.000208339261007,0.000248734722845,0.000315947283525,0.000168103419128,0.000191098442883,0.000180538743734,0.000205461241421,0.000406422070228,0.000447529688245,0.000397894560592,0.000390932516893,0.00041407221579,0.000465545832412,0.000258662941633,0.000224511721171,0.00014424364781,0.0000720725947758,0.0000503268711327,0.0000234248072957,0.00000680586117596,9.10998778636e-7],"min":[1.68252074911e-26,2.43025877907e-24,8.6316055844e-25,1.55903093458e-24,6.54005133473e-24,7.60578269617e-24,5.95544190066e-24,5.40600737992e-24,1.30650772358e-23,1.16467171611e-23,1.21481960386e-23,2.48779387588e-23,2.98227603041e-23,3.09791199507e-23,5.62482374774e-23,5.04813613376e-23,6.98880842908e-23,7.11848390903e-23,1.19007783354e-22,1.62057323968e-22,2.18609336003e-22,2.75121892371e-22,3.41529743229e-22,5.79916314375e-22,9.28021118586e-22,1.35149932299e-21,1.91079145591e-21],"var":[0.0000027672692795,0.000193976477021,0.0000368794935639,0.00000647383558317,0.000102783291368,7.01589556229e-7,3.34461816465e-7,8.46550562983e-7,0.00000154826864218,2.72443912763e-7,5.62351203826e-7,5.92457467974e-7,6.55819007989e-7,5.67882295854e-7,0.00000113790520118,0.00000176699302301,0.00000105708397768,5.26032977177e-7,4.30965940268e-7,4.6188330316e-7,1.8105041022e-7,1.05722470778e-7,4.44657395349e-8,3.80673732536e-8,4.35540048471e-9,1.10970166389e-9,6.77825851003e-11]},"barkbands_crest":{"dmean":3.52733755112,"dmean2":5.77983570099,"dvar":11.8332424164,"dvar2":29.6705780029,"max":25.6381416321,"mean":9.8969078064,"median":8.81151580811,"min":2.46113181114,"var":20.1231021881},"barkbands_flatness_db":{"dmean":0.0246497448534,"dmean2":0.038866199553,"dvar":0.000592127034906,"dvar2":0.00142743391916,"max":0.353401809931,"mean":0.116502717137,"median":0.104962617159,"min":0.0207202155143,"var":0.00268798787147},"barkbands_kurtosis":{"dmean":2.7873814106,"dmean2":4.69243431091,"dvar":29.8979454041,"dvar2":73.4698410034,"max":172.445571899,"mean":2.13922667503,"median":-0.0178430080414,"min":-1.87453758717,"var":51.8196334839},"barkbands_skewness":{"dmean":0.700575590134,"dmean2":1.09957873821,"dvar":0.553569197655,"dvar2":1.36493051052,"max":10.9365158081,"mean":1.22396814823,"median":1.06555902958,"min":-2.92596578598,"var":1.62638998032},"barkbands_spread":{"dmean":8.33500671387,"dmean2":13.0259618759,"dvar":67.3057327271,"dvar2":159.832199097,"max":127.945144653,"mean":32.4558258057,"median":32.198890686,"min":0.938535869122,"var":193.750411987},"dissonance":{"dmean":0.00922510866076,"dmean2":0.01544616092,"dvar":0.000095672236057,"dvar2":0.000258222280536,"max":0.500000059605,"mean":0.483829706907,"median":0.487801015377,"min":0.364027559757,"var":0.000199402842554},"dynamic_complexity":1.99210774899,"erbbands":{"dmean":[0.202626004815,1.73302602768,3.96736121178,4.20477247238,8.66271209717,20.5617523193,5.71808385849,3.88271665573,2.74401187897,9.18994522095,8.47340106964,11.8667421341,8.29119586945,6.77475976944,10.3519458771,9.77983856201,11.6751785278,17.2838859558,21.4347934723,26.8986759186,21.1220664978,19.7091884613,18.6847572327,15.7537069321,14.4959230423,11.0467166901,8.10822868347,6.33955383301,5.05643939972,2.97831702232,2.05168247223,1.47416472435,0.885010004044,0.350800275803,0.169847950339,0.0774694904685,0.0177699308842,0.00491387909278,0.000516049622092,0.0000323290987581],"dmean2":[0.3160187006,3.06065940857,7.07179164886,7.42167520523,14.6592531204,35.8447799683,9.66724681854,6.26854610443,4.57872056961,15.3919553757,13.8737154007,19.1641674042,13.3777141571,10.550658226,16.1193771362,15.5511646271,18.2030296326,27.4669971466,34.6517753601,40.482585907,31.8327484131,30.3423862457,29.8056716919,24.8045539856,22.981967926,17.3463096619,12.6116600037,9.68726062775,7.365442276,4.22820901871,2.94601392746,2.06782770157,1.26576519012,0.493854492903,0.244063198566,0.110791943967,0.0258539263159,0.00732185458764,0.000764332013205,0.0000496394459333],"dvar":[0.177490025759,13.1142873764,56.5573654175,51.3210525513,271.942260742,3296.05908203,127.441017151,43.5684700012,23.0915164948,277.575256348,268.834869385,566.045654297,221.067657471,264.997039795,554.881469727,492.820648193,675.072509766,885.160888672,1167.32434082,1946.58300781,2122.8137207,1785.89477539,930.674621582,607.749755859,524.418029785,476.53616333,215.143341064,110.331291199,59.6506156921,20.4185943604,12.1425628662,9.9001455307,3.90760731697,0.421719163656,0.107422068715,0.0226399675012,0.00136555463541,0.000123344711028,0.00000114714441679,3.16620263341e-9],"dvar2":[0.410588264465,36.739692688,161.255706787,144.664657593,706.907043457,8829.56152344,344.264007568,108.18196106,60.1667938232,740.631835938,693.448120117,1389.31921387,518.329406738,595.84777832,1127.84362793,1155.62719727,1541.81274414,2063.08422852,2782.83251953,3969.07080078,4954.85058594,3910.27563477,2168.78369141,1419.84228516,1285.67932129,1108.52160645,525.820129395,260.53427124,131.959777832,41.3422470093,25.6517562866,20.1829853058,7.92683696747,0.840137124062,0.235467404127,0.0487081445754,0.00297974841669,0.000273544515949,0.00000252998052019,7.76719932816e-9],"max":[3.52875828743,26.9369735718,70.6338424683,63.6843528748,150.169067383,464.878265381,129.231704712,91.4231491089,72.3460998535,251.49961853,213.041397095,371.177978516,311.888366699,441.709381104,475.919158936,563.156616211,748.669189453,620.132324219,426.261260986,725.592468262,1484.25024414,1731.14733887,732.235595703,561.97644043,414.591278076,523.413391113,427.780426025,273.328125,123.467536926,96.5556488037,87.7817306519,58.6490516663,34.4097862244,15.1388654709,6.98517417908,2.45573091507,0.529222249985,0.137818574905,0.012393434532,0.00125808827579],"mean":[0.223991453648,1.81147360802,4.83986473083,6.18792772293,10.5479564667,17.8010635376,6.9652838707,5.74265384674,4.02038145065,12.0285043716,11.7497253418,16.8383617401,13.1389026642,11.2397985458,17.1570167542,15.8314123154,18.9485187531,28.2575645447,36.6681137085,51.4059181213,39.105796814,35.9220657349,35.6544189453,31.773443222,29.2979755402,21.3257369995,16.1608505249,13.314904213,10.2535667419,6.26034164429,4.14525127411,2.81245803833,1.62687122822,0.681771099567,0.299411952496,0.125862240791,0.0284499078989,0.00699184928089,0.000762456911616,0.0000623321757303],"median":[0.0475597903132,0.712086856365,2.59542298317,3.80097913742,4.93323707581,4.92653560638,3.56074261665,3.03417158127,2.46877408028,5.2210021019,5.33717775345,6.47505140305,7.43478822708,6.36578083038,8.89185810089,7.95198297501,10.1548452377,18.2826461792,25.0753288269,25.0298538208,21.0338459015,23.6253910065,25.1209430695,24.3085041046,20.7483978271,11.8671998978,10.3100500107,7.59276533127,5.56574010849,3.27820086479,1.96054971218,1.2290596962,0.713574588299,0.33139654994,0.12168776989,0.0423795357347,0.0088900430128,0.00157078402117,0.000184914897545,0.0000447592137789],"min":[3.99756557453e-23,4.13140617695e-22,2.01404908225e-21,3.36466962681e-21,1.4092109025e-20,1.89712710266e-20,3.30729362495e-20,5.67841395942e-20,1.02534995211e-19,1.24890753262e-19,1.90069121713e-19,3.19237406868e-19,6.38760501241e-19,7.42592502728e-19,9.0280839179e-19,1.34652089366e-18,1.57590862408e-18,1.8878629383e-18,2.48840722995e-18,2.75969662147e-18,3.49289669514e-18,4.19428795194e-18,5.04433100944e-18,5.36038307302e-18,5.96933193329e-18,7.84338612523e-18,9.86480957434e-18,1.04602133521e-17,9.74178548338e-18,1.09081523333e-17,1.15036504096e-17,1.21726823609e-17,9.56995773627e-18,8.11327034369e-18,6.91662909695e-18,3.69850112179e-18,2.49645280218e-18,9.09915734408e-19,2.30463995788e-19,2.84210534303e-20],"var":[0.190936565399,9.95811462402,46.4836463928,54.1962203979,256.149017334,2349.6652832,112.71081543,68.5488204956,26.9264202118,342.794219971,346.905609131,975.598449707,371.083679199,428.757171631,1064.33520508,847.790466309,1080.58227539,1460.95581055,1744.62036133,5539.23193359,3815.65600586,3356.29711914,1705.28222656,1117.99926758,1060.31640625,940.45690918,418.730255127,283.125518799,166.018493652,62.163356781,34.150932312,21.9634723663,8.02376174927,0.92665719986,0.206219628453,0.0400746613741,0.00219607679173,0.000169594990439,0.00000170747716766,3.93808452515e-9]},"erbbands_crest":{"dmean":2.44510793686,"dmean2":4.0127286911,"dvar":6.21864700317,"dvar2":15.6993627548,"max":28.63073349,"mean":7.73049545288,"median":6.62184000015,"min":2.34775424004,"var":15.9881353378},"erbbands_flatness_db":{"dmean":0.0166100971401,"dmean2":0.0234908591956,"dvar":0.000302523170831,"dvar2":0.000548353826161,"max":0.323736071587,"mean":0.147008046508,"median":0.137663990259,"min":0.0405812226236,"var":0.00186860968824},"erbbands_kurtosis":{"dmean":0.968835830688,"dmean2":1.50778341293,"dvar":1.50246393681,"dvar2":3.31789398193,"max":26.7012748718,"mean":0.465975642204,"median":-0.0557570457458,"min":-1.7176939249,"var":3.87699818611},"erbbands_skewness":{"dmean":0.343874186277,"dmean2":0.521547138691,"dvar":0.104153066874,"dvar2":0.232722729445,"max":2.72032666206,"mean":-0.601449489594,"median":-0.586323976517,"min":-3.70671486855,"var":0.416425198317},"erbbands_spread":{"dmean":9.87397193909,"dmean2":15.6032171249,"dvar":92.5549697876,"dvar2":225.922012329,"max":124.587356567,"mean":41.1004371643,"median":39.8886909485,"min":4.34935808182,"var":260.157806396},"gfcc":{"cov":[[26779.015625,-31.0647983551,-1716.49267578,1070.29089355,-1266.18493652,645.922302246,-867.309997559,280.087738037,-589.492431641,8.12501049042,-565.391845703,-10.2263584137,-484.770904541],[-31.0647983551,1884.85095215,-680.909912109,149.923660278,449.970428467,-276.296051025,192.493804932,-155.329605103,173.786056519,-129.277450562,127.916275024,-158.838562012,175.284423828],[-1716.49267578,-680.909912109,752.452026367,-80.640663147,10.9472513199,119.557922363,19.0133514404,42.4298591614,-40.4183349609,72.9129486084,-30.3132762909,87.5404434204,-48.9206619263],[1070.29089355,149.923660278,-80.640663147,305.6746521,15.989613533,48.3561325073,-13.107088089,20.0841999054,31.290430069,-24.6873474121,31.4067878723,-37.1986656189,26.8277931213],[-1266.18493652,449.970428467,10.9472513199,15.989613533,448.69644165,-59.1215744019,116.92943573,-12.3793268204,93.6546936035,0.318872690201,54.8734092712,8.20227146149,80.4926986694],[645.922302246,-276.296051025,119.557922363,48.3561325073,-59.1215744019,216.322814941,17.2660312653,66.9440612793,-23.478679657,20.6647148132,-8.9916934967,20.9591636658,-41.8577041626],[-867.309997559,192.493804932,19.0133514404,-13.107088089,116.92943573,17.2660312653,183.133514404,18.1664352417,41.6667976379,1.08174753189,42.4015045166,-20.9716529846,9.18664550781],[280.087738037,-155.329605103,42.4298591614,20.0841999054,-12.3793268204,66.9440612793,18.1664352417,122.045059204,31.996723175,25.9971179962,-1.05637788773,12.2252168655,-23.9143218994],[-589.492431641,173.786056519,-40.4183349609,31.290430069,93.6546936035,-23.478679657,41.6667976379,31.996723175,138.657424927,19.2700843811,36.2822227478,-14.87748909,45.0127601624],[8.12501049042,-129.277450562,72.9129486084,-24.6873474121,0.318872690201,20.6647148132,1.08174753189,25.9971179962,19.2700843811,86.9497299194,6.14612531662,23.8643016815,-14.7899684906],[-565.391845703,127.916275024,-30.3132762909,31.4067878723,54.8734092712,-8.9916934967,42.4015045166,-1.05637788773,36.2822227478,6.14612531662,93.5100250244,-1.32208347321,27.7934017181],[-10.2263584137,-158.838562012,87.5404434204,-37.1986656189,8.20227146149,20.9591636658,-20.9716529846,12.2252168655,-14.87748909,23.8643016815,-1.32208347321,88.702796936,7.5618519783],[-484.770904541,175.284423828,-48.9206619263,26.8277931213,80.4926986694,-41.8577041626,9.18664550781,-23.9143218994,45.0127601624,-14.7899684906,27.7934017181,7.5618519783,96.3469085693]],"icov":[[0.000185709344805,-0.00033824791899,0.000410276697949,-0.000624117383268,0.00027513463283,-0.000515188963618,0.000566654547583,-0.000505168398377,0.000702846504282,-0.000714448920917,0.00103641930036,-0.000677913194522,0.000614968652371],[-0.00033824791899,0.00267803296447,0.000570675416384,0.000610473391134,-0.00181307073217,0.00181558029726,-0.00236715888605,0.00257251830772,-0.00209447159432,0.00224780593999,-0.00224102055654,0.00241271289997,-0.00150585919619],[0.000410276697949,0.000570675416384,0.00353468116373,-0.001483469503,-0.000482263800222,-0.00134866335429,0.000104779632238,0.0000733153501642,0.00131246098317,-0.0019282407593,0.00257428316399,-0.00201956368983,0.00156581855845],[-0.000624117383268,0.000610473391134,-0.001483469503,0.00665617128834,-0.00094918848481,-0.000285660964437,-0.0000336434204655,0.000551547855139,-0.00248426175676,0.00317128421739,-0.0049767466262,0.00428532948717,-0.00330177880824],[0.00027513463283,-0.00181307073217,-0.000482263800222,-0.00094918848481,0.00473655713722,-0.000471330044093,-0.000414332636865,-0.00131898291875,0.000239795874222,-0.00154434493743,0.00173267698847,-0.0028666225262,-0.000371425849153],[-0.000515188963618,0.00181558029726,-0.00134866335429,-0.000285660964437,-0.000471330044093,0.00915271416306,-0.00376185169443,-0.000912677205633,-0.000884182285517,0.00200296426192,-0.00269618676975,0.000841136905365,-0.000565908791032],[0.000566654547583,-0.00236715888605,0.000104779632238,-0.0000336434204655,-0.000414332636865,-0.00376185169443,0.0110372845083,-0.0035690497607,0.00195405306295,-0.00191727501806,0.000107843945443,0.000350165617419,0.0027280007489],[-0.000505168398377,0.00257251830772,0.0000733153501642,0.000551547855139,-0.00131898291875,-0.000912677205633,-0.0035690497607,0.0153351109475,-0.00749775394797,0.00171579350717,-0.00200642668642,0.000181234878255,0.00184463511687],[0.000702846504282,-0.00209447159432,0.00131246098317,-0.00248426175676,0.000239795874222,-0.000884182285517,0.00195405306295,-0.00749775394797,0.0160586945713,-0.0069892173633,0.00237499037758,0.0005601485027,-0.00323130586185],[-0.000714448920917,0.00224780593999,-0.0019282407593,0.00317128421739,-0.00154434493743,0.00200296426192,-0.00191727501806,0.00171579350717,-0.0069892173633,0.0186828989536,-0.0059396661818,-0.000224441813771,0.00108710001223],[0.00103641930036,-0.00224102055654,0.00257428316399,-0.0049767466262,0.00173267698847,-0.00269618676975,0.000107843945443,-0.00200642668642,0.00237499037758,-0.0059396661818,0.0201396960765,-0.00557047547773,0.00146362464875],[-0.000677913194522,0.00241271289997,-0.00201956368983,0.00428532948717,-0.0028666225262,0.000841136905365,0.000350165617419,0.000181234878255,0.0005601485027,-0.000224441813771,-0.00557047547773,0.0201423410326,-0.00751725910231],[0.000614968652371,-0.00150585919619,0.00156581855845,-0.00330177880824,-0.000371425849153,-0.000565908791032,0.0027280007489,0.00184463511687,-0.00323130586185,0.00108710001223,0.00146362464875,-0.00751725910231,0.0200339369476]],"mean":[-3.77613043785,85.3464736938,-126.817138672,53.7017440796,-40.0140838623,12.7503414154,-30.1559886932,5.32208681107,-19.6613521576,-2.01075434685,-17.8020515442,-6.75878763199,-10.4262838364]},"hfc":{"dmean":6.27971315384,"dmean2":8.93787765503,"dvar":50.5887641907,"dvar2":104.33745575,"max":100.040634155,"mean":23.0533885956,"median":20.9881706238,"min":1.084593462e-16,"var":209.315383911},"melbands":{"dmean":[0.00189319706988,0.00214303657413,0.000744734948967,0.00117106025573,0.000320135091897,0.0000815476087155,0.0000463668438897,0.000102093210444,0.0000714567140676,0.0000754033681005,0.0000415336508013,0.0000273581044894,0.0000352473143721,0.0000301785948977,0.0000271115168289,0.0000306878937408,0.0000340922779287,0.0000367984175682,0.0000377701653633,0.0000387090803997,0.0000236527466768,0.0000219499834202,0.0000206740387512,0.0000171044885064,0.0000139989642776,0.0000123946974782,0.0000108107606138,0.00000738185053706,0.00000601541614742,0.00000434665071225,0.00000389969727621,0.00000318065781357,0.00000222919379667,0.00000164253503954,0.0000012778978089,0.00000107049447706,9.23456468627e-7,6.98026326518e-7,4.65606774469e-7,2.71608428193e-7],"dmean2":[0.00302679603919,0.00381816364825,0.00129843712784,0.0020282282494,0.000551121891476,0.000131025575683,0.0000775990338298,0.00017195334658,0.000116758252261,0.000122237135656,0.0000671144516673,0.0000429378233093,0.0000550268159714,0.0000477999965369,0.0000432478373114,0.0000482688628836,0.0000548484822502,0.0000601658211963,0.0000592535652686,0.0000579485240451,0.0000366920794477,0.0000340346559824,0.0000335287477355,0.0000274000994978,0.0000224769755732,0.000019947770852,0.0000175817385752,0.0000116962228276,0.00000955839459493,0.00000680458197166,0.00000607727361057,0.00000474566013509,0.00000328866440213,0.00000240901817961,0.00000188556089142,0.00000156893281655,0.00000132979562295,0.00000102001808955,6.83378175381e-7,3.93264770082e-7],"dvar":[0.0000148350209201,0.0000174008055183,0.00000136277105867,0.00000950552566792,5.69579924559e-7,1.81496560003e-8,6.55375176351e-9,3.57741711809e-8,1.87129405305e-8,2.11332089606e-8,5.64629676347e-9,4.31455537964e-9,6.4222680507e-9,4.34209201927e-9,4.57109861074e-9,3.69067287842e-9,3.42357275862e-9,3.36735017648e-9,4.50972059696e-9,4.68945371424e-9,3.34239569355e-9,3.12203263242e-9,9.58322643463e-10,9.35782673572e-10,5.57059842698e-10,3.79364151204e-10,4.42463093941e-10,2.47927178787e-10,1.5480243476e-10,4.58684999705e-11,4.94587704125e-11,2.54326039395e-11,1.16185836993e-11,6.79325866393e-12,5.36065592957e-12,4.40838034479e-12,4.57931826139e-12,2.67978911631e-12,9.99899056782e-13,2.28376860608e-13],"dvar2":[0.0000374643132091,0.0000493627630931,0.00000382364078177,0.0000252031150012,0.00000154493079663,4.49179928808e-8,1.72621934524e-8,9.62142863159e-8,4.75494239538e-8,5.1469363882e-8,1.31397017711e-8,9.71816227491e-9,1.32169768463e-8,1.01117469953e-8,1.08944115951e-8,8.18637602151e-9,8.12651723692e-9,8.07932298841e-9,1.01454578072e-8,9.43920230867e-9,7.86571785483e-9,6.64025368025e-9,2.35777908308e-9,2.21405471734e-9,1.33530986268e-9,9.13882303166e-10,1.14562292985e-9,5.84767512191e-10,3.83429371587e-10,1.11123922564e-10,1.21026744182e-10,5.83634529594e-11,2.58276195569e-11,1.46336467249e-11,1.19388830419e-11,9.66151898069e-12,9.75969825789e-12,5.70930325586e-12,2.02058031765e-12,4.95952942343e-13],"max":[0.0328242778778,0.0311508942395,0.0113167446107,0.0246415436268,0.00794130004942,0.00183592585381,0.00150369864423,0.00278969085775,0.00176864408422,0.00208297045901,0.00154120556545,0.00169554620516,0.00140236970037,0.00136321480386,0.00150125299115,0.00116929458454,0.00138726388104,0.000817106105387,0.0012269844301,0.000990306492895,0.00189852807671,0.00240544928238,0.000604901171755,0.000597754260525,0.000583262823056,0.000452285574283,0.000415083457483,0.000394467468141,0.000428465165896,0.000145304642501,0.000201866016141,0.0000836452600197,0.0000852880984894,0.0000548548960069,0.0000687706706231,0.0000404205129598,0.0000438100942119,0.000032445146644,0.0000180113056558,0.0000113378318929],"mean":[0.002131433459,0.00258788978681,0.00118175765965,0.00111035606824,0.000344032334397,0.000121739918541,0.0000671426387271,0.000133346300572,0.00009551448602,0.000108378590085,0.0000634684547549,0.0000431367552665,0.0000560283842788,0.0000458819995401,0.0000404571619583,0.0000460165574623,0.0000522933951288,0.0000577529281145,0.0000629475180176,0.00007024747174,0.000039080336137,0.0000357387143595,0.0000359021469194,0.0000291717788059,0.0000252360587183,0.0000232959373534,0.0000187433270185,0.00001289829288,0.000010492552974,0.00000858558178152,0.00000740551922718,0.00000603307944402,0.00000433319837612,0.00000318426214108,0.00000242447049459,0.0000019945580334,0.00000161523234965,0.00000119745652682,8.23037908049e-7,4.98776216773e-7],"median":[0.000611774390563,0.00140904274303,0.000799466739409,0.000397366005927,0.00015675186296,0.0000654712275718,0.0000419009666075,0.0000594874582021,0.0000407454863307,0.0000414283931605,0.000034877917642,0.000023038692234,0.000028994603781,0.0000202287319553,0.0000198049747269,0.0000229728047998,0.0000335287004418,0.0000375698218704,0.0000328946189256,0.0000290769567073,0.000020861525627,0.0000212352879316,0.00002468130333,0.0000186454035429,0.0000184654745681,0.00001686183532,0.0000102192852864,0.00000653837469144,0.00000609480048297,0.00000541137933396,0.00000385535668102,0.0000031634735933,0.00000231250919569,0.0000015466109744,0.00000113785870326,8.77423303791e-7,6.7583158625e-7,5.00863961861e-7,3.70879462253e-7,2.429179915e-7],"min":[7.09089219725e-25,1.06695744849e-24,6.7334386135e-25,1.21383546044e-24,1.28337305619e-24,1.13408586305e-24,1.58435455293e-24,1.20800656721e-24,1.4745408748e-24,2.24188510579e-24,2.68211682256e-24,2.30209530881e-24,1.82856478716e-24,2.66455894818e-24,2.34473521289e-24,2.99946274574e-24,2.52172444002e-24,3.89021903915e-24,3.60355645253e-24,3.11318473662e-24,3.4801857067e-24,3.12733690126e-24,3.72485604405e-24,3.79641401119e-24,3.93206219372e-24,4.16036997817e-24,4.52180908443e-24,3.73710034859e-24,5.16310487986e-24,4.35522651037e-24,4.47279321209e-24,5.05009661089e-24,4.33180325794e-24,5.17877047415e-24,5.25705111393e-24,6.1574719395e-24,6.62516074894e-24,5.82986668304e-24,5.99027681495e-24,6.37752547788e-24],"var":[0.0000144975811054,0.0000135578293339,0.00000157763179232,0.00000700685677657,4.29755033338e-7,2.898631557e-8,7.55868612146e-9,4.25915551716e-8,2.42077486945e-8,3.88260801287e-8,9.33191213193e-9,7.02061075941e-9,1.18312160069e-8,8.27554380578e-9,6.6226526485e-9,6.60684484899e-9,5.20635667911e-9,4.88139662025e-9,8.23638135472e-9,1.31384139124e-8,5.28557286827e-9,5.32568877887e-9,1.63631719285e-9,1.51909473889e-9,8.87433848629e-10,6.91761481431e-10,7.31169957913e-10,4.32798796801e-10,2.61246579925e-10,9.50437784031e-11,1.11785462831e-10,6.09699304932e-11,3.03137480395e-11,1.82409313348e-11,1.32235750128e-11,9.45485183201e-12,8.67893343998e-12,4.92843786615e-12,1.95214504284e-12,4.62395367221e-13]},"melbands_crest":{"dmean":4.40531492233,"dmean2":7.05888843536,"dvar":16.716835022,"dvar2":40.653175354,"max":37.8278770447,"mean":15.11079216,"median":14.2956867218,"min":1.64501440525,"var":35.048625946},"melbands_flatness_db":{"dmean":0.0336612612009,"dmean2":0.0522053986788,"dvar":0.00110653648153,"dvar2":0.00261957850307,"max":0.464734494686,"mean":0.176000729203,"median":0.165530979633,"min":0.00345374713652,"var":0.00499297538772},"melbands_kurtosis":{"dmean":9.67495632172,"dmean2":16.058139801,"dvar":315.810272217,"dvar2":771.741455078,"max":355.767028809,"mean":12.9390487671,"median":6.59680747986,"min":-1.7316287756,"var":542.96295166},"melbands_skewness":{"dmean":1.0494453907,"dmean2":1.66234600544,"dvar":1.37990450859,"dvar2":3.45056056976,"max":16.9604549408,"mean":2.86262774467,"median":2.5848865509,"min":-1.30233311653,"var":3.40782618523},"melbands_spread":{"dmean":12.6198072433,"dmean2":19.6101951599,"dvar":190.414001465,"dvar2":439.564819336,"max":180.729537964,"mean":35.6172332764,"median":30.8443412781,"min":0.64435172081,"var":632.789733887},"mfcc":{"cov":[[8686.28125,-147.956344604,202.149627686,231.24772644,-85.0658721924,125.27570343,-69.0105056763,117.820823669,-57.4089736938,1.9966326952,31.6021976471,-68.3724060059,-104.838600159],[-147.956344604,1525.14746094,-568.137084961,326.133728027,181.31463623,63.3215408325,53.814743042,16.3001461029,70.2136535645,45.4756202698,-16.6575927734,-14.83659935,17.4522418976],[202.149627686,-568.137084961,510.176513672,-115.045021057,-75.9603042603,20.9971446991,10.1810331345,-4.18766260147,-29.0024356842,-15.7104892731,16.9448642731,0.910983800888,-14.6384572983],[231.24772644,326.133728027,-115.045021057,270.379669189,116.715423584,31.3785934448,20.7947654724,18.8650798798,30.7410869598,31.903678894,-19.2416706085,5.72029018402,13.7963542938],[-85.0658721924,181.31463623,-75.9603042603,116.715423584,209.541381836,43.1082801819,15.065867424,17.0706062317,41.9235305786,21.659412384,-18.2288131714,3.62436747551,29.2357654572],[125.27570343,63.3215408325,20.9971446991,31.3785934448,43.1082801819,119.159988403,51.1207847595,28.0182571411,16.055519104,9.22401809692,9.26927471161,-2.57469773293,6.51456212997],[-69.0105056763,53.814743042,10.1810331345,20.7947654724,15.065867424,51.1207847595,137.801559448,41.736076355,1.4919257164,13.4384355545,22.5204792023,14.4720687866,-2.14395022392],[117.820823669,16.3001461029,-4.18766260147,18.8650798798,17.0706062317,28.0182571411,41.736076355,101.134849548,29.2452220917,11.9213399887,23.4927501678,8.07553386688,8.77852058411],[-57.4089736938,70.2136535645,-29.0024356842,30.7410869598,41.9235305786,16.055519104,1.4919257164,29.2452220917,84.7412261963,38.2575149536,6.35926580429,3.83291387558,13.6775932312],[1.9966326952,45.4756202698,-15.7104892731,31.903678894,21.659412384,9.22401809692,13.4384355545,11.9213399887,38.2575149536,93.8715286255,34.3500366211,7.25045347214,3.58800029755],[31.6021976471,-16.6575927734,16.9448642731,-19.2416706085,-18.2288131714,9.26927471161,22.5204792023,23.4927501678,6.35926580429,34.3500366211,90.4056091309,29.5161895752,-1.99444282055],[-68.3724060059,-14.83659935,0.910983800888,5.72029018402,3.62436747551,-2.57469773293,14.4720687866,8.07553386688,3.83291387558,7.25045347214,29.5161895752,70.3017730713,19.4810676575],[-104.838600159,17.4522418976,-14.6384572983,13.7963542938,29.2357654572,6.51456212997,-2.14395022392,8.77852058411,13.6775932312,3.58800029755,-1.99444282055,19.4810676575,64.9324645996]],"icov":[[0.000136337985168,0.0000261493114522,-0.0000396763971366,-0.000230352656217,0.00012413058721,-0.000204559299164,0.00023487440194,-0.000240029272391,0.000174010609044,-0.0000169762915903,-0.000065008061938,0.000088600187155,0.000193643529201],[0.0000261493114522,0.00148468231782,0.00141495408025,-0.00118093017954,0.0000159071114467,-0.000605152279604,-0.00043532793643,0.00052350840997,-0.000507086573634,0.000306801812258,-0.000491065147799,0.000604431668762,0.0000749168830225],[-0.0000396763971366,0.00141495408025,0.00365514890291,-0.000188433346921,0.000385999097489,-0.0013302792795,-0.000520392844919,0.00059104867978,-0.000119281801744,0.000206046417588,-0.000427540828241,0.000310816656565,0.000189629630768],[-0.000230352656217,-0.00118093017954,-0.000188433346921,0.00675473921001,-0.00257635186426,0.000177757858182,-0.000255415012361,-0.000663420010824,0.000545594550204,-0.0019951032009,0.00228139292449,-0.00159969402011,0.000236562715145],[0.00012413058721,0.0000159071114467,0.000385999097489,-0.00257635186426,0.00757279945537,-0.00206084689125,0.000157553600729,0.000043004663894,-0.00191194238141,-0.00023378271726,0.00121670367662,-0.0000272824145213,-0.0019117143238],[-0.000204559299164,-0.000605152279604,-0.0013302792795,0.000177757858182,-0.00206084689125,0.0119998818263,-0.00393358012661,-0.000613114505541,-0.0012928750366,0.000784986361396,-0.00111054640729,0.00189052673522,-0.00120066758245],[0.00023487440194,-0.00043532793643,-0.000520392844919,-0.000255415012361,0.000157553600729,-0.00393358012661,0.0107018537819,-0.0041098925285,0.00279751885682,-0.00142452865839,-0.000200418842724,-0.00213657622226,0.00179017870687],[-0.000240029272391,0.00052350840997,0.00059104867978,-0.000663420010824,0.000043004663894,-0.000613114505541,-0.0041098925285,0.0143069066107,-0.00554067594931,0.00247067189775,-0.00365929002874,0.00115917809308,-0.00171140616294],[0.000174010609044,-0.000507086573634,-0.000119281801744,0.000545594550204,-0.00191194238141,-0.0012928750366,0.00279751885682,-0.00554067594931,0.0185122080147,-0.00733303511515,0.0021716018673,-0.000728043087292,-0.00110270746518],[-0.0000169762915903,0.000306801812258,0.000206046417588,-0.0019951032009,-0.00023378271726,0.000784986361396,-0.00142452865839,0.00247067189775,-0.00733303511515,0.0165849551558,-0.00727879162878,0.00206107133999,-0.000207790304557],[-0.000065008061938,-0.000491065147799,-0.000427540828241,0.00228139292449,0.00121670367662,-0.00111054640729,-0.000200418842724,-0.00365929002874,0.0021716018673,-0.00727879162878,0.0180513635278,-0.00756323803216,0.00226596510038],[0.000088600187155,0.000604431668762,0.000310816656565,-0.00159969402011,-0.0000272824145213,0.00189052673522,-0.00213657622226,0.00115917809308,-0.000728043087292,0.00206107133999,-0.00756323803216,0.0196337755769,-0.00609746854752],[0.000193643529201,0.0000749168830225,0.000189629630768,0.000236562715145,-0.0019117143238,-0.00120066758245,0.00179017870687,-0.00171140616294,-0.00110270746518,-0.000207790304557,0.00226596510038,-0.00609746854752,0.0191000364721]],"mean":[-627.820495605,104.7186203,-14.9876775742,40.2583312988,12.1290597916,13.8240060806,3.29001355171,6.23861074448,2.96593379974,5.68415594101,0.0556170232594,-2.94192123413,-5.72189855576]},"pitch_salience":{"dmean":0.0882706195116,"dmean2":0.144298836589,"dvar":0.00672779558226,"dvar2":0.0174344666302,"max":0.839926362038,"mean":0.551624059677,"median":0.564937472343,"min":0.0572215206921,"var":0.0139706032351},"silence_rate_20dB":{"dmean":0,"dmean2":0,"dvar":0,"dvar2":0,"max":1,"mean":1,"median":1,"min":1,"var":0},"silence_rate_30dB":{"dmean":0,"dmean2":0,"dvar":0,"dvar2":0,"max":1,"mean":1,"median":1,"min":1,"var":0},"silence_rate_60dB":{"dmean":0.00662690540776,"dmean2":0.0132560068741,"dvar":0.00658401055261,"dvar2":0.0157312676311,"max":1,"mean":0.0394235551357,"median":0,"min":0,"var":0.0378685072064},"spectral_centroid":{"dmean":355.848571777,"dmean2":558.12298584,"dvar":137766.28125,"dvar2":309849.34375,"max":11860.5986328,"mean":2047.10070801,"median":1921.69104004,"min":203.171188354,"var":1509070.5},"spectral_complexity":{"dmean":4.77832984924,"dmean2":7.03264284134,"dvar":20.1829319,"dvar2":38.5586776733,"max":55,"mean":26.4484024048,"median":27,"min":0,"var":130.03729248},"spectral_contrast_coeffs":{"dmean":[0.0616601966321,0.0483291856945,0.0374349467456,0.0320488363504,0.0243628956378,0.0187144428492],"dmean2":[0.0996693298221,0.0793490409851,0.0604426860809,0.0510276667774,0.0388145782053,0.0296320002526],"dvar":[0.00312452344224,0.00149838498328,0.000938739278354,0.000728949729819,0.00043557639583,0.00027976941783],"dvar2":[0.007785376627,0.00401179678738,0.002310333075,0.00169536762405,0.00102320930455,0.000647647830192],"max":[-0.291360765696,-0.510366916656,-0.466455161572,-0.573099136353,-0.578740358353,-0.601040244102],"mean":[-0.647070407867,-0.766808390617,-0.793369174004,-0.779768168926,-0.783003270626,-0.726303756237],"median":[-0.651194155216,-0.769185364246,-0.802527010441,-0.78623020649,-0.786872982979,-0.723433554173],"min":[-0.979202926159,-0.97667825222,-0.977511465549,-0.972600758076,-0.967414736748,-0.964298069477],"var":[0.00852859579027,0.00432929117233,0.00382166891359,0.00322807766497,0.00225794920698,0.00192225514911]},"spectral_contrast_valleys":{"dmean":[0.438366472721,0.400038927794,0.335374772549,0.279865860939,0.259464740753,0.338573932648],"dmean2":[0.70047211647,0.655271589756,0.540035605431,0.43619787693,0.38249245286,0.416880220175],"dvar":[0.153658613563,0.152514755726,0.109963223338,0.089268296957,0.0951662734151,0.179871812463],"dvar2":[0.34301251173,0.339785248041,0.226052209735,0.165016233921,0.167744681239,0.290185987949],"max":[-5.25725698471,-4.95348739624,-5.62702894211,-5.8513417244,-5.44238424301,-8.10993671417],"mean":[-7.29248285294,-7.24505710602,-7.56035757065,-7.48542690277,-7.28686332703,-10.3555870056],"median":[-6.90549278259,-6.85509443283,-7.17299509048,-7.06578445435,-6.8158531189,-9.77064037323],"min":[-27.9610061646,-27.9436244965,-27.8416690826,-27.6412906647,-27.513010025,-27.4040298462],"var":[6.5586977005,6.49516057968,6.21575307846,6.26148891449,6.43826818466,5.8449139595]},"spectral_decrease":{"dmean":3.86442611244e-9,"dmean2":6.36171337831e-9,"dvar":3.33275204701e-17,"dvar2":8.76793582205e-17,"max":1.82032265922e-28,"mean":-7.08010450268e-9,"median":-5.51208412247e-9,"min":-3.93655739117e-8,"var":3.39123537068e-17},"spectral_energy":{"dmean":0.0149508342147,"dmean2":0.0244884379208,"dvar":0.000486588251079,"dvar2":0.00127883523237,"max":0.150687038898,"mean":0.0288130193949,"median":0.023149734363,"min":1.01300011326e-20,"var":0.000507721910253},"spectral_energyband_high":{"dmean":0.000466282799607,"dmean2":0.000636521494016,"dvar":4.52314310451e-7,"dvar2":9.00878035281e-7,"max":0.0126799652353,"mean":0.00118213961832,"median":0.000755779852625,"min":7.05340704954e-21,"var":0.0000016852210365},"spectral_energyband_low":{"dmean":0.010333138518,"dmean2":0.0171720404178,"dvar":0.000380395591492,"dvar2":0.00101554777939,"max":0.142787083983,"mean":0.0139026651159,"median":0.00743560912088,"min":8.10715665511e-24,"var":0.000357208220521},"spectral_energyband_middle_high":{"dmean":0.0017760831397,"dmean2":0.00256965775043,"dvar":0.00000373215630134,"dvar2":0.00000750217213863,"max":0.037478916347,"mean":0.0058488692157,"median":0.00512042408809,"min":1.17995264605e-21,"var":0.0000157804024639},"spectral_energyband_middle_low":{"dmean":0.00615502241999,"dmean2":0.010388828814,"dvar":0.000163832111866,"dvar2":0.00042860454414,"max":0.112707599998,"mean":0.00886202417314,"median":0.0058291759342,"min":1.04543564272e-22,"var":0.000139444135129},"spectral_entropy":{"dmean":0.128805443645,"dmean2":0.183528065681,"dvar":0.0172943081707,"dvar2":0.0323965996504,"max":9.82057571411,"mean":7.81961297989,"median":7.84767389297,"min":6.11137914658,"var":0.156310543418},"spectral_flux":{"dmean":0.036612059921,"dmean2":0.0568893179297,"dvar":0.0019487721147,"dvar2":0.00376674672589,"max":0.342139393091,"mean":0.101608335972,"median":0.0877423807979,"min":6.41785305455e-11,"var":0.00338363647461},"spectral_kurtosis":{"dmean":1.42623972893,"dmean2":2.41156148911,"dvar":3.4189646244,"dvar2":9.93303108215,"max":25.1224937439,"mean":3.60133385658,"median":3.10486888885,"min":-1.26122355461,"var":5.38906478882},"spectral_rms":{"dmean":0.00120128190611,"dmean2":0.00186570489313,"dvar":0.00000220333959078,"dvar2":0.00000551532639292,"max":0.0121248401701,"mean":0.00492619676515,"median":0.00475237891078,"min":3.14371250386e-12,"var":0.00000384277836929},"spectral_rolloff":{"dmean":782.722717285,"dmean2":1257.91711426,"dvar":921664.625,"dvar2":1974452,"max":19509.0820312,"mean":2243.08129883,"median":1981.0546875,"min":21.533203125,"var":5978512},"spectral_skewness":{"dmean":0.190129756927,"dmean2":0.306941390038,"dvar":0.0380563363433,"dvar2":0.105267904699,"max":3.4300160408,"mean":1.14531898499,"median":1.14445352554,"min":-0.0860705897212,"var":0.107794590294},"spectral_spread":{"dmean":484164.75,"dmean2":666152.4375,"dvar":578806415360,"dvar2":954458439680,"max":42575312,"mean":4528263.5,"median":4067568.25,"min":1701213.125,"var":19434546659300},"spectral_strongpeak":{"dmean":0.483346223831,"dmean2":0.842502653599,"dvar":0.94810128212,"dvar2":2.48795986176,"max":11.586979866,"mean":0.644385159016,"median":0.36116412282,"min":0,"var":1.01307189465},"zerocrossingrate":{"dmean":0.0131911979988,"dmean2":0.0153625337407,"dvar":0.000196525623323,"dvar2":0.000244165246841,"max":0.53173828125,"mean":0.0773991718888,"median":0.068359375,"min":0.00390625,"var":0.00373334134929}},"metadata":{"audio_properties":{"analysis_sample_rate":44100,"bit_rate":320060,"codec":"mp3","downmix":"mix","equal_loudness":0,"length":140.146942139,"lossless":false,"md5_encoded":"ff0f3ac71f0c9a4d1724ebe3e00a12d6","replay_gain":-15.9490795135,"sample_rate":44100},"tags":{"acoustid_id":["0dbf47d9-6948-4841-a378-5e9cca08bac8"],"album":["Favourite Worst Nightmare"],"albumartist":["Arctic Monkeys"],"artist":["Arctic Monkeys"],"asin":["B000O5B0Q4"],"barcode":["4582214501772"],"bpm":["103"],"catalognumber":["HSE-10043"],"date":["2007"],"file_name":"13 Da Frame 2R.mp3","genre":["Rock"],"initialkey":["10A"],"label":["Hostess Entertainment Unlimited."],"media":["CD"],"musicbrainz album release country":["JP"],"musicbrainz album status":["official"],"musicbrainz album type":["album"],"musicbrainz_albumartistid":["ada7a83c-e3e1-40f1-93f9-3e73dbc9298a"],"musicbrainz_albumid":["f68c985d-f18b-4f4a-b7f0-87837cf3fbf9"],"musicbrainz_artistid":["ada7a83c-e3e1-40f1-93f9-3e73dbc9298a"],"musicbrainz_recordingid":["e9c53d06-52eb-4e65-9acc-c710b551bdf2"],"musicbrainz_releasegroupid":["f113fa38-7908-3ec9-8145-d2455e78a8b2"],"originaldate":["2007"],"originalyear":["2007"],"script":["Latn"],"title":["Da Frame 2R"],"tracknumber":["13"]},"version":{"essentia":"2.1-beta2","essentia_build_sha":"c0e182ba78c2de26e491b7b7a4a2c98c1ed34208","essentia_git_sha":"v2.1_beta2-2-gbb40004","extractor":"music 1.0"}},"rhythm":{"beats_count":237,"beats_loudness":{"dmean":0.0095107620582,"dmean2":0.0159624684602,"dvar":0.0000642169834464,"dvar2":0.000175262379344,"max":0.0709874853492,"mean":0.0367587767541,"median":0.0375682860613,"min":0,"var":0.000140262607601},"beats_loudness_band_ratio":{"dmean":[0.352909296751,0.303572237492,0.0472251400352,0.0416404865682,0.0671912357211,0.063533000648],"dmean2":[0.680229008198,0.584133028984,0.0842301100492,0.0727887898684,0.11568903923,0.117872029543],"dvar":[0.0717978402972,0.0461364537477,0.00202446826734,0.00255187507719,0.00410182029009,0.00376826408319],"dvar2":[0.26613420248,0.165946155787,0.00601091049612,0.00648985430598,0.0120459618047,0.0115602305