{"lowlevel":{"average_loudness":0.143912374973,"barkbands":{"dmean":[0.000731320935301,0.00371745484881,0.00314875133336,0.0010601853719,0.00130511121824,0.00111627974547,0.000569500087295,0.000358473625965,0.000355803786078,0.000530369172338,0.000663732527755,0.000896043376997,0.000533677579369,0.000397998694098,0.00022632360924,0.0000883760149009,0.000106651765236,0.0000737116206437,0.0000455497101939,0.000025828503567,0.00000930649730435,0.00000464841605208,0.00000196418454834,0.00000165491121606,0.00000171826366113,0.00000231734156841,0.000177030146006],"dmean2":[0.0012223640224,0.00615243474022,0.00531685678288,0.001772616175,0.00211628875695,0.00179127126466,0.000909546215553,0.000590153154917,0.00056028610561,0.000860805914272,0.00105063931551,0.00142574554775,0.000889307877515,0.0006628370611,0.0003705531999,0.000143965109601,0.00016692787176,0.000118473959446,0.0000732428088668,0.0000410681095673,0.0000154066037794,0.00000770051974541,0.00000325195969708,0.0000027786463761,0.00000286924205284,0.00000382255075237,0.000280914828181],"dvar":[0.00000283488861896,0.0000465870143671,0.0000423891469836,0.00000568348332308,0.00000889789680514,0.00000693046740707,0.00000150533480792,7.85785232438e-7,0.00000115912166621,0.00000318047523251,0.00000490252341478,0.00000788829675002,0.00000340726342074,0.00000510259496878,3.59833734365e-7,1.3630206297e-7,2.36973846768e-7,3.09789413677e-7,2.62571795417e-8,6.59592025443e-9,6.06906469525e-10,1.42045125662e-10,1.9062503312e-11,1.54319022838e-11,1.57174464416e-11,2.55895200862e-11,1.57807804158e-7],"dvar2":[0.00000719125409887,0.000120065829833,0.000114320551802,0.0000150667265189,0.0000226884658332,0.0000168233073055,0.00000372372096535,0.00000195926031665,0.0000023499769668,0.00000771158920543,0.0000105553326648,0.0000195486827579,0.00000912938503461,0.0000143107454278,9.13220446819e-7,3.03949150293e-7,5.13497809607e-7,8.82895506038e-7,5.86909152389e-8,1.48818646295e-8,1.58163648845e-9,3.68150371299e-10,4.73532463241e-11,3.89271288814e-11,3.94194503428e-11,6.36677516264e-11,3.89218342889e-7],"max":[0.0316279456019,0.173889055848,0.157256379724,0.0541497953236,0.0815767124295,0.105984702706,0.0321861580014,0.0445750057697,0.0592991113663,0.101164422929,0.112293958664,0.123258180916,0.0869433507323,0.176335066557,0.0284942016006,0.0232067555189,0.0330332927406,0.0462932102382,0.0145615311339,0.00560884783044,0.000790494668763,0.000363823055523,0.000123733218061,0.000114666734589,0.00011216251005,0.000133562818519,0.0130137950182],"mean":[0.000744583376218,0.00585476215929,0.00458799116313,0.00152097234968,0.00225054193288,0.00202885596082,0.00102212058846,0.000563331239391,0.000630375929177,0.000888186390512,0.00112637132406,0.00165515835397,0.000931056565605,0.000767967838328,0.000425478210673,0.000155004760018,0.000210473503103,0.000131738677737,0.0000961228142842,0.0000553258214495,0.0000156473834068,0.00000759654540161,0.00000255816416939,0.00000170670773514,0.00000179743506123,0.00000288472347165,0.000435048365034],"median":[0.000186120319995,0.00263448385522,0.0014275679132,0.000381552265026,0.000618699821644,0.000424710684456,0.000283795001451,0.00010554119217,0.000095654046163,0.000100660035969,0.0000940390891628,0.000137301132781,0.000137779818033,0.00011305368389,0.000114427188237,0.0000373985312763,0.0000378441400244,0.0000187387613551,0.0000157381073222,0.00000929648740566,0.00000405208629672,0.00000205583091883,7.95043661128e-7,3.40239523666e-7,3.43794511082e-7,8.42795486733e-7,0.0000945360807236],"min":[9.14954589353e-26,1.3524748063e-24,4.05412629006e-25,6.52625267839e-25,4.49387118104e-24,4.35426607222e-24,5.21406805535e-24,5.37738316755e-24,7.87012051917e-24,7.13460791039e-24,1.02609094317e-23,1.7153808783e-23,2.6636103035e-23,2.05718247562e-23,3.58311793422e-23,4.7243936136e-23,6.7333733747e-23,7.01985483886e-23,1.09636443966e-22,1.47774826885e-22,2.40509604102e-22,2.70877896432e-22,2.97576963189e-22,4.86417086766e-22,7.95685801607e-22,1.23504618679e-21,1.88347450281e-21],"var":[0.00000276232208307,0.0000868542338139,0.000072416405601,0.00000919352987694,0.0000192426268768,0.0000199071018869,0.00000358888564733,0.00000158273064699,0.00000339472126143,0.00000649487128612,0.00001285126109,0.0000208740075323,0.00000682378367856,0.0000159817154781,8.57601889948e-7,2.31110391269e-7,4.71250814371e-7,4.29360540011e-7,7.38977803394e-8,2.16637037198e-8,1.14836085086e-9,2.61060950635e-10,2.5668446535e-11,1.65883053821e-11,1.75305811534e-11,3.28428291507e-11,6.11658151684e-7]},"barkbands_crest":{"dmean":2.49873256683,"dmean2":4.05900812149,"dvar":4.79525566101,"dvar2":12.5755529404,"max":26.5196990967,"mean":10.7804985046,"median":9.84234714508,"min":2.44382190704,"var":21.6217212677},"barkbands_flatness_db":{"dmean":0.0259110145271,"dmean2":0.0410989150405,"dvar":0.000517323729582,"dvar2":0.00128357007634,"max":0.411897450686,"mean":0.165525138378,"median":0.15689355135,"min":0.0485842190683,"var":0.00289368187077},"barkbands_kurtosis":{"dmean":6.94950771332,"dmean2":10.8443660736,"dvar":231.722793579,"dvar2":539.324584961,"max":439.32019043,"mean":14.9647836685,"median":5.97891330719,"min":-1.70292520523,"var":689.323730469},"barkbands_skewness":{"dmean":0.67874532938,"dmean2":1.05557286739,"dvar":0.620958149433,"dvar2":1.43335580826,"max":16.1245689392,"mean":2.58343839645,"median":2.16727685928,"min":-2.44910931587,"var":4.08255147934},"barkbands_spread":{"dmean":5.56449890137,"dmean2":8.84965515137,"dvar":49.3741035461,"dvar2":117.98727417,"max":115.241638184,"mean":20.824224472,"median":18.2245063782,"min":0.43448805809,"var":212.608657837},"dissonance":{"dmean":0.0196872763336,"dmean2":0.0334287136793,"dvar":0.000438165501691,"dvar2":0.0011968157487,"max":0.500000059605,"mean":0.463258057833,"median":0.473216474056,"min":0.21061360836,"var":0.00108728941996},"dynamic_complexity":8.45598602295,"erbbands":{"dmean":[0.115861199796,0.884297966957,3.36803150177,3.47232508659,3.92135381699,4.67716503143,5.80113935471,10.0424594879,9.80914783478,7.41731834412,7.76636266708,7.7038192749,11.0240821838,19.6216869354,26.1105327606,37.3316802979,25.4991130829,20.0141620636,14.5979757309,8.03150081635,4.24468851089,5.97308492661,4.21967124939,2.74932527542,2.11817097664,1.24001741409,0.498690128326,0.291319191456,0.182110086083,0.0891518518329,0.052381362766,0.0366756357253,0.026683324948,0.0188105907291,0.0124833956361,0.00767317274585,0.00442804675549,0.00351774017327,0.00348349311389,0.00746513856575],"dmean2":[0.19266988337,1.47340595722,5.69397497177,5.73962640762,6.52013158798,7.57492589951,9.46673679352,16.2394638062,15.6948747635,11.9746417999,12.7077283859,12.2446155548,17.4912185669,31.6356678009,41.0765380859,59.6177024841,41.9182167053,33.2141532898,23.8009567261,13.1273593903,6.77384328842,9.34524154663,6.70135068893,4.35317468643,3.38076710701,1.97010648251,0.811828494072,0.480913490057,0.301818788052,0.146658301353,0.0870112478733,0.06150508672,0.0448088161647,0.031479422003,0.0207979492843,0.0127271879464,0.00730823073536,0.00575090339407,0.00542456610128,0.0113869132474],"dvar":[0.0629364401102,2.58232569695,46.6129493713,53.2473144531,76.3170852661,154.912185669,237.947189331,584.610595703,529.148193359,301.066009521,315.83102417,523.63861084,1876.78942871,3310.51098633,6474.19726562,16705.3398438,7572.00830078,12975.9169922,2886.92749023,510.444366455,418.300811768,768.161132812,1055.82873535,191.90612793,47.0693435669,16.0339584351,1.66254281998,0.58145570755,0.215374723077,0.0421764142811,0.0141929751262,0.00756672536954,0.00398150878027,0.00192040984984,0.00081607903121,0.000297820690321,0.0000939484452829,0.0000746513251215,0.000074487135862,0.000323930376908],"dvar2":[0.160748317838,6.90188932419,128.375350952,139.899765015,205.037033081,379.677185059,600.637451172,1447.86132812,1279.6751709,729.686645508,815.433532715,1113.44824219,3966.20581055,8420.62597656,14122.9238281,41716.5390625,20054.2832031,36437.0546875,7505.02099609,1165.9074707,941.765380859,1640.49682617,2933.4934082,464.198272705,109.982528687,35.3750190735,4.18543052673,1.50419843197,0.55127632618,0.105142183602,0.0356132015586,0.0191176403314,0.0100256856531,0.00482405396178,0.00204385374673,0.000743371259887,0.000233631508308,0.000188872028957,0.000158112205099,0.000752986932639],"max":[6.2867898941,41.2924423218,170.671737671,138.943618774,293.109069824,500.22555542,512.513549805,921.11529541,576.438842773,660.384460449,471.416687012,1162.15600586,3419.65014648,3229.23681641,3771.44360352,6457.87451172,3997.19995117,8463.74511719,4006.06494141,1264.1003418,1260.43078613,2180.02124023,2987.17114258,1309.42749023,490.79486084,342.297302246,43.1812667847,22.9354228973,15.94186306,6.36939096451,3.57678604126,2.5317606926,1.83546471596,1.25598180294,0.797886490822,0.45824187994,0.252705901861,0.317677408457,0.617473483086,1.17014551163],"mean":[0.149818241596,1.39333426952,5.05872869492,5.58368015289,6.23480176926,7.61682748795,9.95517063141,17.1622447968,17.231256485,12.9468984604,13.4883909225,13.9178094864,20.0319385529,36.1889915466,51.4456596375,69.7881469727,47.8901329041,39.8972206116,29.4435272217,15.7409543991,8.68826580048,11.9145030975,8.02309703827,5.41243267059,4.51219558716,2.6989171505,0.971389532089,0.492302238941,0.301359027624,0.135246291757,0.0658110976219,0.0394178442657,0.0271564126015,0.019465059042,0.0132138198242,0.00835320819169,0.00561638129875,0.00641207024455,0.0103225503117,0.0268907770514],"median":[0.0601499453187,0.579012095928,1.80279684067,1.80690312386,1.84892320633,1.87673354149,2.01315879822,3.52048897743,4.13746547699,3.38408756256,2.47837114334,2.26177716255,2.57004261017,4.3088684082,4.38830280304,6.14998817444,7.20049858093,5.86699962616,6.65983104706,4.30786752701,2.1327688694,2.15296578407,1.20917916298,0.893524825573,0.706523537636,0.452416360378,0.219912350178,0.130743637681,0.081947773695,0.0410868450999,0.0201154462993,0.00918061751872,0.00500582531095,0.00367856398225,0.00257408060133,0.00170572870411,0.00168819457758,0.00223841820844,0.00326893269084,0.00617334339768],"min":[6.05244189418e-23,2.51681313402e-22,7.65111774353e-22,4.02989631297e-21,7.41348910994e-21,1.14663833058e-20,3.58775502775e-20,4.653268993e-20,8.35853019664e-20,1.25873056089e-19,1.78686935538e-19,2.2466266796e-19,3.95243155947e-19,5.54386527797e-19,6.81484690072e-19,1.10175246354e-18,1.4848803962e-18,1.39718012271e-18,2.23196014695e-18,2.58414883636e-18,3.20918594595e-18,4.19173072308e-18,4.90298941741e-18,5.24775953749e-18,5.48789213727e-18,7.2824005056e-18,7.63739830037e-18,9.73921460603e-18,9.20833753352e-18,1.06307995011e-17,8.3270295304e-18,1.00715517879e-17,8.63404671374e-18,6.47646561349e-18,6.18940498962e-18,4.19620577019e-18,2.22850832225e-18,8.86596789158e-19,2.28902382189e-19,2.67874444219e-20],"var":[0.0767698138952,5.04118919373,77.3440170288,100.111968994,134.676696777,363.460144043,664.660644531,1360.9864502,1198.12060547,718.389038086,729.19354248,1465.14172363,5042.48730469,7301.48535156,19937.6328125,42879.2304688,16684.4863281,37117.3515625,9193.01953125,1180.53479004,765.473327637,1596.12597656,1477.29663086,412.605133057,134.392318726,54.3927764893,4.52086353302,1.0944133997,0.420351207256,0.0724264979362,0.017786713317,0.00822678767145,0.00429109390825,0.00211268174462,0.000922507955693,0.000347617431544,0.000122201177874,0.000154303415911,0.00039304283564,0.00223623192869]},"erbbands_crest":{"dmean":2.4986269474,"dmean2":4.03135251999,"dvar":5.79681873322,"dvar2":13.9756145477,"max":33.1154136658,"mean":9.57151317596,"median":8.24402523041,"min":2.24994325638,"var":24.0163135529},"erbbands_flatness_db":{"dmean":0.0230703931302,"dmean2":0.0361108891666,"dvar":0.000411065469962,"dvar2":0.000988352228887,"max":0.431854814291,"mean":0.171243876219,"median":0.164965540171,"min":0.0247415490448,"var":0.00227576168254},"erbbands_kurtosis":{"dmean":1.42967057228,"dmean2":2.24518966675,"dvar":7.94347190857,"dvar2":18.3976669312,"max":114.38583374,"mean":1.78122985363,"median":0.302806138992,"min":-1.73936533928,"var":24.977596283},"erbbands_skewness":{"dmean":0.383932828903,"dmean2":0.593132674694,"dvar":0.149490684271,"dvar2":0.334107905626,"max":7.33188486099,"mean":0.0713273063302,"median":-0.0932226851583,"min":-5.28494882584,"var":1.21251583099},"erbbands_spread":{"dmean":5.49248695374,"dmean2":8.61689472198,"dvar":31.6977062225,"dvar2":76.0901031494,"max":95.517326355,"mean":26.7598171234,"median":25.1385765076,"min":0.700083553791,"var":195.574798584},"gfcc":{"cov":[[37416.21875,3622.90356445,-2586.81860352,-97.8023757935,968.594360352,-116.428375244,758.509216309,426.235137939,-557.423278809,-316.956268311,308.527984619,-480.443664551,-38.9160079956],[3622.90356445,925.303588867,-85.9908447266,-69.7319335938,158.0050354,-30.7267627716,125.842468262,-45.7881011963,5.60591888428,-55.4634857178,38.8692512512,-68.0468444824,-14.1226387024],[-2586.81860352,-85.9908447266,751.3046875,169.612548828,-174.984893799,189.036773682,-134.866958618,96.8301315308,16.2554645538,67.6909103394,-37.6230888367,16.3309688568,-11.9176225662],[-97.8023757935,-69.7319335938,169.612548828,658.217956543,166.870910645,-58.9179649353,77.4616317749,120.608345032,3.25194454193,17.2101860046,-61.4896507263,22.0446567535,-64.8879165649],[968.594360352,158.0050354,-174.984893799,166.870910645,412.917999268,66.2842178345,148.337661743,6.40510845184,2.29878258705,-25.4291343689,30.5767993927,-30.4462203979,4.97743177414],[-116.428375244,-30.7267627716,189.036773682,-58.9179649353,66.2842178345,346.453826904,6.53782272339,91.0832901001,-31.8551158905,19.9260082245,16.4784183502,-22.3975200653,23.8314990997],[758.509216309,125.842468262,-134.866958618,77.4616317749,148.337661743,6.53782272339,248.610900879,60.7389144897,21.5447807312,-29.9850063324,7.71666479111,1.11894392967,-26.2930259705],[426.235137939,-45.7881011963,96.8301315308,120.608345032,6.40510845184,91.0832901001,60.7389144897,230.979248047,3.47821927071,31.8508911133,1.42113983631,-14.8465042114,-2.4995701313],[-557.423278809,5.60591888428,16.2554645538,3.25194454193,2.29878258705,-31.8551158905,21.5447807312,3.47821927071,125.919143677,54.838684082,9.89430427551,12.4267663956,-10.2414932251],[-316.956268311,-55.4634857178,67.6909103394,17.2101860046,-25.4291343689,19.9260082245,-29.9850063324,31.8508911133,54.838684082,86.4788208008,36.5080337524,10.3946475983,-3.82722616196],[308.527984619,38.8692512512,-37.6230888367,-61.4896507263,30.5767993927,16.4784183502,7.71666479111,1.42113983631,9.89430427551,36.5080337524,76.8045501709,14.4910993576,12.6812877655],[-480.443664551,-68.0468444824,16.3309688568,22.0446567535,-30.4462203979,-22.3975200653,1.11894392967,-14.8465042114,12.4267663956,10.3946475983,14.4910993576,58.3069763184,14.0531778336],[-38.9160079956,-14.1226387024,-11.9176225662,-64.8879165649,4.97743177414,23.8314990997,-26.2930259705,-2.4995701313,-10.2414932251,-3.82722616196,12.6812877655,14.0531778336,64.7163314819]],"icov":[[0.000130361819174,-0.000569053052459,0.000689265609253,-0.0003266549611,0.000353038602043,-0.000319053709973,0.000174449494807,-0.000352307833964,0.000509604578838,-0.000258295884123,-0.000236425927142,0.000319017737638,-0.0000563521607546],[-0.000569053052459,0.00411229301244,-0.00351776974276,0.00137962354347,-0.00160800269805,0.00184245815035,-0.00164748332463,0.0020966231823,-0.00294471508823,0.00304392213002,-0.00135645724367,0.0014761602506,-0.000193220272195],[0.000689265609253,-0.00351776974276,0.00677032629028,-0.00354899093509,0.00403487635776,-0.0043804734014,0.00228892313316,-0.00169953354634,0.00138791010249,-0.00128763599787,-0.00111818127334,0.00127829157282,-0.000412732217228],[-0.0003266549611,0.00137962354347,-0.00354899093509,0.00643203267828,-0.00595967844129,0.00406954670325,-0.0000634179596091,-0.00231708958745,0.00247380789369,-0.0044914339669,0.00800052843988,-0.0075636478141,0.00494528701529],[0.000353038602043,-0.00160800269805,0.00403487635776,-0.00595967844129,0.00941191520542,-0.00478674238548,-0.00198127655312,0.00262326560915,-0.00238740700297,0.00427627330646,-0.00851047504693,0.00911811087281,-0.00547316251323],[-0.000319053709973,0.00184245815035,-0.0043804734014,0.00406954670325,-0.00478674238548,0.00748072424904,-0.00118233647663,-0.00158194941469,0.00247360346839,-0.0030548365321,0.00328545365483,-0.00171496951953,0.000495236774441],[0.000174449494807,-0.00164748332463,0.00228892313316,-0.0000634179596091,-0.00198127655312,-0.00118233647663,0.00930404756218,-0.00443710805848,-0.0023001448717,0.00494332332164,-0.00053690711502,-0.00548874400556,0.00552518991753],[-0.000352307833964,0.0020966231823,-0.00169953354634,-0.00231708958745,0.00262326560915,-0.00158194941469,-0.00443710805848,0.00956042669713,-0.00177385867573,-0.000846377573907,-0.00258895428851,0.00647619739175,-0.00467296456918],[0.000509604578838,-0.00294471508823,0.00138791010249,0.00247380789369,-0.00238740700297,0.00247360346839,-0.0023001448717,-0.00177385867573,0.0191741641611,-0.0186561122537,0.00981998536736,-0.00488541275263,0.00173717702273],[-0.000258295884123,0.00304392213002,-0.00128763599787,-0.0044914339669,0.00427627330646,-0.0030548365321,0.00494332332164,-0.000846377573907,-0.0186561122537,0.039750713855,-0.0242409333587,0.00685699470341,0.001199682476],[-0.000236425927142,-0.00135645724367,-0.00111818127334,0.00800052843988,-0.00851047504693,0.00328545365483,-0.00053690711502,-0.00258895428851,0.00981998536736,-0.0242409333587,0.0363405942917,-0.0176825784147,0.00334344594739],[0.000319017737638,0.0014761602506,0.00127829157282,-0.0075636478141,0.00911811087281,-0.00171496951953,-0.00548874400556,0.00647619739175,-0.00488541275263,0.00685699470341,-0.0176825784147,0.0374274514616,-0.013913997449],[-0.0000563521607546,-0.000193220272195,-0.000412732217228,0.00494528701529,-0.00547316251323,0.000495236774441,0.00552518991753,-0.00467296456918,0.00173717702273,0.001199682476,0.00334344594739,-0.013913997449,0.0252734012902]],"mean":[-109.411300659,112.807510376,-88.0990371704,-12.2461357117,-3.45014739037,-16.2190551758,-4.4569311142,-22.2412910461,-4.3941655159,-7.03239488602,-0.0482104159892,-5.86911058426,-4.83871030807]},"hfc":{"dmean":53.3213653564,"dmean2":82.9052581787,"dvar":9475.19628906,"dvar2":24336.03125,"max":4751.57226562,"mean":218.348312378,"median":97.1227264404,"min":1.03956247737e-16,"var":75929.125},"melbands":{"dmean":[0.000996109913103,0.00150018616114,0.000575827201828,0.000314240780426,0.000190674341866,0.000225364172366,0.000139046009281,0.0000788979668869,0.0000640241123619,0.0000490671627631,0.000058354336943,0.0000811461140984,0.0000977811941993,0.0000997531824396,0.0000804924129625,0.0000495293134009,0.0000386862157029,0.0000274266512861,0.0000159096634889,0.00000746369596527,0.00000527623524249,0.00000679614777255,0.00000518552269568,0.00000339386861015,0.00000234496701523,0.00000170885004991,0.0000012947380128,8.61752425863e-7,3.49154930745e-7,2.49538118169e-7,1.61713685998e-7,1.19088504391e-7,6.80942449094e-8,4.35713545244e-8,3.12463228624e-8,2.52266385559e-8,2.13526263337e-8,1.88944007107e-8,1.69863909605e-8,1.54671759844e-8],"dmean2":[0.00163797289133,0.00251417397521,0.000949516601395,0.000510569079779,0.000308963470161,0.000361961341696,0.000221919006435,0.00012777079246,0.000104645419924,0.0000772289422457,0.0000927812361624,0.000131399821839,0.000154211345944,0.000158697468578,0.000130399334012,0.0000816586252768,0.0000648931600153,0.0000453608408861,0.0000259837215708,0.0000122711344375,0.00000851249023981,0.0000107396936073,0.00000823750269774,0.00000553917243451,0.00000375543004338,0.00000275026422969,0.00000210364305531,0.0000013892968127,5.72818578348e-7,4.16457737629e-7,2.69176609891e-7,1.98408997676e-7,1.12869656732e-7,7.1885594366e-8,5.20012584104e-8,4.22185522098e-8,3.58947787049e-8,3.17479802447e-8,2.8480473091e-8,2.58696353228e-8],"dvar":[0.00000381545441996,0.00000831053148431,0.00000141583507229,5.47127058326e-7,2.22347665613e-7,2.850154317e-7,1.00369668132e-7,3.53787150686e-8,2.0884941776e-8,2.38537722907e-8,5.09141102611e-8,5.97846891992e-8,1.1336400263e-7,1.01012346931e-7,5.86920378964e-8,3.60751855055e-8,5.3741555206e-8,1.38365718882e-8,1.58929425176e-9,6.37419117488e-10,8.08665467922e-10,9.63260360365e-10,1.2498879709e-9,5.52833390177e-10,1.25803242823e-10,3.14636615373e-11,1.88660007755e-11,7.24656836273e-12,8.12841655963e-13,4.61858632936e-13,1.89742684997e-13,9.64651603497e-14,3.03861922874e-14,9.16313804889e-15,5.00283789615e-15,3.5066770146e-15,2.59183802113e-15,2.00435947408e-15,1.59035242759e-15,1.29161798902e-15],"dvar2":[0.00000961800560617,0.0000229110610235,0.00000372177601093,0.00000140984946029,5.53988286356e-7,6.95086839642e-7,2.42777900894e-7,8.54780353166e-8,5.37169597692e-8,4.85248605742e-8,1.08459268233e-7,1.5387902863e-7,2.41129896494e-7,2.46144111316e-7,1.5170013512e-7,9.36036030907e-8,1.52346473214e-7,3.75538675712e-8,3.83275189364e-9,1.44523870649e-9,1.97777638711e-9,2.11110973147e-9,3.21626103528e-9,1.57414603574e-9,3.02182501244e-10,7.1971734128e-11,4.68337278681e-11,1.61996163012e-11,2.07009539718e-12,1.23953646826e-12,5.01716506882e-13,2.50945369085e-13,7.87555581188e-14,2.25580086566e-14,1.25892067496e-14,8.86365345677e-15,6.54376997467e-15,5.04824775597e-15,4.00017662088e-15,3.24302297493e-15],"max":[0.0458223894238,0.0660712346435,0.02722989209,0.0218685418367,0.0141623923555,0.0204137079418,0.00798024609685,0.00910571403801,0.00395693816245,0.00835240911692,0.0176587235183,0.0141092427075,0.0172466486692,0.0142953749746,0.010834865272,0.00951631646603,0.0165247507393,0.00937807559967,0.00180378591176,0.00160519662313,0.00200242549181,0.00215651723556,0.00343743572012,0.00159069639631,0.00105117331259,0.000471003935672,0.000272247649264,0.000213552761124,0.0000256991934293,0.000027410009352,0.0000131265423988,0.0000109330494524,0.00000636994764136,0.000003093510486,0.00000212419058698,0.00000166263714618,0.00000149280685946,0.00000130454850478,0.00000115240470677,0.00000102646458799],"mean":[0.00150622765068,0.0024424942676,0.000992184621282,0.000517813488841,0.000337441713782,0.000401626661187,0.000251456600381,0.000134459682158,0.000110890418,0.0000863736277097,0.000101559176983,0.000143499069964,0.000174224915099,0.000182438481716,0.000144710807945,0.0000876437843544,0.0000721387841622,0.0000498935914948,0.0000294853543892,0.0000128559167933,0.00000960631223279,0.0000128122755996,0.00000944128078118,0.00000583310065849,0.00000421038112108,0.00000347156992575,0.00000254836322711,0.00000168571239101,6.24971733032e-7,4.03499200274e-7,2.45146679845e-7,1.90283586221e-7,1.0403824291e-7,6.18349602632e-8,3.8911618816e-8,2.84761689784e-8,2.20179572352e-8,1.90749034346e-8,1.73658669667e-8,1.60324784559e-8],"median":[0.000699597527273,0.00100761442445,0.000355322757969,0.000143297278555,0.0000717312213965,0.0000838414562168,0.0000637452831143,0.0000329685281031,0.0000185929966392,0.0000133216299218,0.0000121297125588,0.0000166568352142,0.0000140378742799,0.0000142220123962,0.0000174830001924,0.000012454460375,0.00000987871953839,0.0000102345875348,0.00000789586556493,0.00000325167320625,0.00000203449212677,0.00000227136365538,0.00000148445315062,7.88144575381e-7,6.84232816184e-7,5.4747346212e-7,4.00959692115e-7,2.69713069656e-7,1.3700520185e-7,9.8999080933e-8,6.50725127116e-8,4.8899625682e-8,3.03394607215e-8,1.89002271611e-8,1.17251506282e-8,7.67809815727e-9,4.4089296658e-9,3.40269368238e-9,3.18232462604e-9,3.03770586463e-9],"min":[5.80533537686e-25,7.91516309636e-25,9.65132268923e-25,1.03770125992e-24,1.32647907846e-24,1.05064055092e-24,1.23570140283e-24,1.33009501963e-24,1.51624016086e-24,1.07422975996e-24,1.82157291574e-24,1.59714405897e-24,1.52572966451e-24,2.01506037984e-24,2.51370704942e-24,2.31573984146e-24,1.54721665784e-24,2.45468940688e-24,2.57523169193e-24,3.35605371009e-24,3.34593617456e-24,3.1358069008e-24,3.07996678998e-24,3.50385705588e-24,4.21657947311e-24,3.51929585266e-24,4.19038140245e-24,4.47385107456e-24,3.8468490443e-24,3.99033574322e-24,3.3370216519e-24,4.20622054613e-24,4.23192478987e-24,5.14377463224e-24,3.88223142806e-24,4.40658372188e-24,5.28014028376e-24,4.78042766588e-24,5.15921816218e-24,5.33307995025e-24],"var":[0.00000613043630437,0.0000147781556734,0.0000028015076623,0.00000112789984996,6.42097461423e-7,7.26941493667e-7,2.40953312414e-7,8.20713026428e-8,5.02158208349e-8,6.83796272938e-8,1.3171283797e-7,1.22540171787e-7,3.07014204282e-7,2.65214055162e-7,1.42517990298e-7,7.49479838191e-8,1.54719728584e-7,3.59649270365e-8,3.95992971747e-9,1.12092291005e-9,1.26895705055e-9,1.79849857229e-9,1.77037629001e-9,8.39534219921e-10,2.61298871429e-10,8.169524085e-11,4.71026447013e-11,2.30287421077e-11,1.90067276154e-12,8.43620258286e-13,2.89240094549e-13,1.81822289971e-13,4.83220370185e-14,1.47616768527e-14,6.24985462417e-15,3.90223166009e-15,2.77346687249e-15,2.1508254467e-15,1.72871451837e-15,1.42539646688e-15]},"melbands_crest":{"dmean":3.34160065651,"dmean2":5.49011230469,"dvar":8.74917411804,"dvar2":23.6163673401,"max":39.4244689941,"mean":15.5063076019,"median":14.9909772873,"min":1.60061490536,"var":36.4184494019},"melbands_flatness_db":{"dmean":0.0322916507721,"dmean2":0.0515597201884,"dvar":0.00077914330177,"dvar2":0.00196700356901,"max":0.596361517906,"mean":0.280932158232,"median":0.275301069021,"min":0.0027006524615,"var":0.00559825822711},"melbands_kurtosis":{"dmean":8.08090209961,"dmean2":12.6676168442,"dvar":218.968109131,"dvar2":498.89743042,"max":356.143127441,"mean":17.1099052429,"median":6.97411680222,"min":-1.88801050186,"var":877.351928711},"melbands_skewness":{"dmean":0.764017283916,"dmean2":1.19181609154,"dvar":0.603083133698,"dvar2":1.43911576271,"max":15.4970312119,"mean":2.6804060936,"median":2.26899909973,"min":-4.96932840347,"var":4.59430360794},"melbands_spread":{"dmean":4.51837158203,"dmean2":7.22365474701,"dvar":31.6206283569,"dvar2":78.0891265869,"max":183.774383545,"mean":17.3855228424,"median":12.7601394653,"min":0.336268126965,"var":354.890991211},"mfcc":{"cov":[[19085.7988281,3798.60083008,-2580.91455078,1023.11212158,-176.438720703,355.045318604,893.059020996,638.843200684,74.596206665,40.9301757812,279.733551025,154.518875122,66.4894256592],[3798.60083008,1792.51696777,-308.875946045,47.3241539001,12.4086694717,143.120101929,154.522994995,81.3727493286,12.0671310425,18.8180599213,51.1287994385,30.9089317322,35.4253997803],[-2580.91455078,-308.875946045,973.823791504,-180.009109497,76.7948760986,-54.5308227539,-141.943725586,-98.954284668,-3.58434438705,16.4874305725,-44.992805481,3.81260323524,-2.29227876663],[1023.11212158,47.3241539001,-180.009109497,750.562866211,79.1246795654,29.4621429443,57.6416931152,108.61680603,67.9823989868,28.1228847504,53.2570877075,7.69292068481,12.7375001907],[-176.438720703,12.4086694717,76.7948760986,79.1246795654,210.346588135,99.4488601685,33.6327552795,8.10185241699,15.2988166809,20.3160896301,2.80843424797,11.1405076981,9.37477874756],[355.045318604,143.120101929,-54.5308227539,29.4621429443,99.4488601685,190.934112549,97.3187942505,50.1931648254,17.2697219849,10.3292388916,13.8828783035,12.0789213181,15.9842453003],[893.059020996,154.522994995,-141.943725586,57.6416931152,33.6327552795,97.3187942505,176.02444458,115.850860596,31.0481014252,8.85490989685,19.653875351,16.2938556671,4.1154088974],[638.843200684,81.3727493286,-98.954284668,108.61680603,8.10185241699,50.1931648254,115.850860596,145.97315979,71.9107818604,26.8102550507,25.4933338165,11.8679046631,2.28102469444],[74.596206665,12.0671310425,-3.58434438705,67.9823989868,15.2988166809,17.2697219849,31.0481014252,71.9107818604,89.247795105,52.5788536072,21.7913589478,7.67127275467,4.26169967651],[40.9301757812,18.8180599213,16.4874305725,28.1228847504,20.3160896301,10.3292388916,8.85490989685,26.8102550507,52.5788536072,71.6784667969,43.120426178,17.1945018768,10.2305011749],[279.733551025,51.1287994385,-44.992805481,53.2570877075,2.80843424797,13.8828783035,19.653875351,25.4933338165,21.7913589478,43.120426178,71.5539398193,45.2413673401,16.8338680267],[154.518875122,30.9089317322,3.81260323524,7.69292068481,11.1405076981,12.0789213181,16.2938556671,11.8679046631,7.67127275467,17.1945018768,45.2413673401,64.3399581909,36.4781188965],[66.4894256592,35.4253997803,-2.29227876663,12.7375001907,9.37477874756,15.9842453003,4.1154088974,2.28102469444,4.26169967651,10.2305011749,16.8338680267,36.4781188965,54.9464378357]],"icov":[[0.000190613369341,-0.000319313141517,0.000322060106555,-0.000180328424904,0.000156585912919,0.000132010900415,-0.000335825519869,-0.000328558729962,0.000618319783825,-0.000570446369238,0.000503788585775,-0.00069198460551,0.00036743254168],[-0.000319313141517,0.00117863016203,-0.000421569362516,0.000323235057294,-0.000138673232868,-0.000525781186298,0.000137216309668,0.000715589441825,-0.000973341928329,0.000915596319828,-0.00121217232663,0.001437965082,-0.00100764352828],[0.000322060106555,-0.000421569362516,0.00201504677534,-0.0000883831453393,-0.000365407962818,0.000216539381654,0.000737983558793,-0.000941268051974,0.00142830808181,-0.002726419596,0.00352492113598,-0.00350588746369,0.00161421915982],[-0.000180328424904,0.000323235057294,-0.0000883831453393,0.0021058768034,-0.00153988075908,0.000635512929875,0.000784044794273,-0.000905126216821,-0.0019898484461,0.00326156546362,-0.0043260785751,0.00368987838738,-0.00200256309472],[0.000156585912919,-0.000138673232868,-0.000365407962818,-0.00153988075908,0.00836197752506,-0.00458486098796,-0.000858000479639,0.0016163761029,0.00162393739447,-0.00567863555625,0.00638359924778,-0.00551364989951,0.00278193107806],[0.000132010900415,-0.000525781186298,0.000216539381654,0.000635512929875,-0.00458486098796,0.0107795856893,-0.0060499557294,0.0017395359464,-0.00232929876074,0.00381641928107,-0.00520477024838,0.0051913256757,-0.00431350339204],[-0.000335825519869,0.000137216309668,0.000737983558793,0.000784044794273,-0.000858000479639,-0.0060499557294,0.0213681962341,-0.0181722007692,0.0101442690939,-0.00517129572108,0.00613277079538,-0.00648190872744,0.0038276440464],[-0.000328558729962,0.000715589441825,-0.000941268051974,-0.000905126216821,0.0016163761029,0.0017395359464,-0.0181722007692,0.0336291193962,-0.0269218627363,0.0144525235519,-0.0106695368886,0.00664331903681,-0.002454462694],[0.000618319783825,-0.000973341928329,0.00142830808181,-0.0019898484461,0.00162393739447,-0.00232929876074,0.0101442690939,-0.0269218627363,0.0483360551298,-0.0381037853658,0.0235227067024,-0.0142706111073,0.00677155330777],[-0.000570446369238,0.000915596319828,-0.002726419596,0.00326156546362,-0.00567863555625,0.00381641928107,-0.00517129572108,0.0144525235519,-0.0381037853658,0.060919623822,-0.0468624830246,0.0289916321635,-0.0144010521472],[0.000503788585775,-0.00121217232663,0.00352492113598,-0.0043260785751,0.00638359924778,-0.00520477024838,0.00613277079538,-0.0106695368886,0.0235227067024,-0.0468624830246,0.0698316991329,-0.0516034923494,0.0214957967401],[-0.00069198460551,0.001437965082,-0.00350588746369,0.00368987838738,-0.00551364989951,0.0051913256757,-0.00648190872744,0.00664331903681,-0.0142706111073,0.0289916321635,-0.0516034923494,0.066079840064,-0.0338019914925],[0.00036743254168,-0.00100764352828,0.00161421915982,-0.00200256309472,0.00278193107806,-0.00431350339204,0.0038276440464,-0.002454462694,0.00677155330777,-0.0144010521472,0.0214957967401,-0.0338019914925,0.0375426597893]],"mean":[-762.190063477,174.562149048,-17.0878829956,20.5079174042,9.50827503204,14.6335687637,6.24799203873,-1.3043782711,-2.63331079483,-0.375997215509,1.37526059151,0.115011222661,3.87459373474]},"pitch_salience":{"dmean":0.0709179788828,"dmean2":0.115023255348,"dvar":0.00378816365264,"dvar2":0.0101165212691,"max":0.965710580349,"mean":0.540462374687,"median":0.554627478123,"min":0.028922798112,"var":0.0169980302453},"silence_rate_20dB":{"dmean":0.0000905920169316,"dmean2":0.000181192241143,"dvar":0.0000905785491341,"dvar2":0.000181138369953,"max":1,"mean":0.999728262424,"median":1,"min":0,"var":0.000271642551525},"silence_rate_30dB":{"dmean":0.036055624485,"dmean2":0.0721145123243,"dvar":0.0347468219697,"dvar2":0.0796219781041,"max":1,"mean":0.936407268047,"median":1,"min":0,"var":0.0595389418304},"silence_rate_60dB":{"dmean":0.0174842588603,"dmean2":0.0349701046944,"dvar":0.0171780250967,"dvar2":0.0400867164135,"max":1,"mean":0.278965473175,"median":0,"min":0,"var":0.201157271862},"spectral_centroid":{"dmean":160.180923462,"dmean2":250.803512573,"dvar":42373.5,"dvar2":96605.25,"max":12044.1416016,"mean":1017.7197876,"median":779.838867188,"min":128.750930786,"var":1780726.125},"spectral_complexity":{"dmean":2.09050130844,"dmean2":3.30802679062,"dvar":6.29474830627,"dvar2":13.5989618301,"max":57,"mean":13.6141862869,"median":12,"min":0,"var":141.471389771},"spectral_contrast_coeffs":{"dmean":[0.0492469742894,0.0449811257422,0.034462403506,0.0268234238029,0.0201888345182,0.0382526144385],"dmean2":[0.0819313451648,0.0747906342149,0.0569463931024,0.0446210391819,0.0333118773997,0.0621857941151],"dvar":[0.00157660315745,0.00128717673942,0.000771795748733,0.000494360225275,0.00032190818456,0.00134541001171],"dvar2":[0.00439739599824,0.0035681691952,0.00206635077484,0.00131280324422,0.000826664792839,0.00343220983632],"max":[-0.384595394135,-0.448077321053,-0.465772420168,-0.572723388672,-0.560089826584,-0.494772851467],"mean":[-0.683759272099,-0.773454546928,-0.814241886139,-0.813009262085,-0.833875477314,-0.794853150845],"median":[-0.681364417076,-0.777047395706,-0.820405721664,-0.815212368965,-0.828225672245,-0.805620908737],"min":[-0.981018602848,-0.983490526676,-0.97921037674,-0.973025262356,-0.968295931816,-0.965645670891],"var":[0.00693876622245,0.00458322651684,0.00377495656721,0.00270283059217,0.00259279366583,0.00405481550843]},"spectral_contrast_valleys":{"dmean":[0.409606784582,0.36217802763,0.316180974245,0.258929252625,0.305008769035,0.661420226097],"dmean2":[0.678194105625,0.58965831995,0.504202485085,0.41105735302,0.481502681971,1.07758843899],"dvar":[0.108156390488,0.0905334800482,0.0737840011716,0.0614136792719,0.11560793221,0.330024212599],"dvar2":[0.281136274338,0.228496715426,0.174162313342,0.128673925996,0.268149137497,0.846914589405],"max":[-5.06518268585,-4.54971885681,-4.57672262192,-4.71027755737,-5.73088741302,-8.67526531219],"mean":[-7.93681907654,-7.50694847107,-7.99435901642,-8.30031204224,-8.9263010025,-12.149471283],"median":[-7.04953765869,-6.91006469727,-7.38213539124,-7.63573789597,-8.30972862244,-11.7279062271],"min":[-28.4283809662,-28.4033317566,-27.780210495,-27.7934474945,-27.6483211517,-27.5044555664],"var":[8.69441509247,8.36255645752,8.46956920624,7.89094400406,7.43609237671,5.50135231018]},"spectral_decrease":{"dmean":2.10636841302e-9,"dmean2":3.3458198434e-9,"dvar":1.30879287573e-17,"dvar2":3.23371867535e-17,"max":7.82563258639e-9,"mean":-4.10023126562e-9,"median":-1.95752147825e-9,"min":-7.27504811948e-8,"var":3.29128151243e-17},"spectral_energy":{"dmean":0.00943363737315,"dmean2":0.0147857442498,"dvar":0.000248290161835,"dvar2":0.000594943005126,"max":0.492350161076,"mean":0.035280033946,"median":0.0202063601464,"min":9.77923373978e-21,"var":0.00160547439009},"spectral_energyband_high":{"dmean":0.0000597203179495,"dmean2":0.0000925700223888,"dvar":2.27901253425e-8,"dvar2":4.9769560917e-8,"max":0.00794514920563,"mean":0.000158375070896,"median":0.0000461047166027,"min":6.91234529012e-21,"var":1.00311609685e-7},"spectral_energyband_low":{"dmean":0.00637745624408,"dmean2":0.010419677943,"dvar":0.000131592300022,"dvar2":0.000340712518664,"max":0.224436014891,"mean":0.0119319641963,"median":0.00622295588255,"min":7.31885584114e-24,"var":0.000276318722172},"spectral_energyband_middle_high":{"dmean":0.00205107033253,"dmean2":0.0031450423412,"dvar":0.0000280574695353,"dvar2":0.0000668622014928,"max":0.221802264452,"mean":0.00632636202499,"median":0.00128103792667,"min":1.1046577028e-21,"var":0.000155360728968},"spectral_energyband_middle_low":{"dmean":0.00295107765123,"dmean2":0.00463344110176,"dvar":0.0000333627358486,"dvar2":0.000080218691437,"max":0.157560542226,"mean":0.00819481816143,"median":0.00301890820265,"min":1.61853078414e-22,"var":0.000139392694109},"spectral_entropy":{"dmean":0.184610977769,"dmean2":0.291896015406,"dvar":0.0334800444543,"dvar2":0.082212433219,"max":9.82764434814,"mean":7.2538599968,"median":7.29026889801,"min":5.12183618546,"var":0.262625455856},"spectral_flux":{"dmean":0.0173955187201,"dmean2":0.0272436793894,"dvar":0.000496043590829,"dvar2":0.00112779741175,"max":0.415106594563,"mean":0.079162761569,"median":0.068989738822,"min":6.35907021485e-11,"var":0.00425339210778},"spectral_kurtosis":{"dmean":7.19338846207,"dmean2":11.5711765289,"dvar":78.0762405396,"dvar2":197.90802002,"max":144.81149292,"mean":25.962436676,"median":22.3842124939,"min":-1.27931284904,"var":220.56729126},"spectral_rms":{"dmean":0.000660663587041,"dmean2":0.00101517769508,"dvar":6.80717960222e-7,"dvar2":0.00000159831392921,"max":0.0219166968018,"mean":0.00474160630256,"median":0.00443999096751,"min":3.08880481956e-12,"var":0.0000119366604849},"spectral_rolloff":{"dmean":2230.92553711,"dmean2":4326.97607422,"dvar":35087524,"dvar2":87666744,"max":22050,"mean":17861.9375,"median":21576.2695312,"min":21.533203125,"var":61057792},"spectral_skewness":{"dmean":0.493645519018,"dmean2":0.784623622894,"dvar":0.311444729567,"dvar2":0.769259274006,"max":10.699921608,"mean":3.50507211685,"median":3.30964422226,"min":-0.108295604587,"var":1.49031043053},"spectral_spread":{"dmean":507917.4375,"dmean2":823014.25,"dvar":323934158848,"dvar2":806063833088,"max":45794548,"mean":4079377.5,"median":3367398.5,"min":1251938.875,"var":21747105529900},"spectral_strongpeak":{"dmean":7.39977073669,"dmean2":13.7376079559,"dvar":446.961853027,"dvar2":1212.73876953,"max":277.049743652,"mean":6.88476419449,"median":0.312774837017,"min":0,"var":440.33770752},"zerocrossingrate":{"dmean":0.0414629019797,"dmean2":0.0515446811914,"dvar":0.0013362695463,"dvar2":0.00198072683997,"max":0.93310546875,"mean":0.338403999805,"median":0.33935546875,"min":0,"var":0.0137222856283}},"metadata":{"audio_properties":{"analysis_sample_rate":44100,"bit_rate":192000,"codec":"mp3","downmix":"mix","equal_loudness":0,"length":512.626953125,"lossless":false,"md5_encoded":"1509ff97da07b5472c9b6f9eb78e0a94","replay_gain":-3.34007644653},"tags":{"album":["Ummagumma"],"artist":["Pink Floyd"],"date":["1969"],"discnumber":["1/2"],"file_name":"01 - Pink Floyd - Astronomy Domine.mp3","genre":["Psychedelic Rock"],"musicbrainz album artist":["Pink Floyd"],"musicbrainz album artist sortname":["Pink Floyd"],"musicbrainz album status":["official"],"musicbrainz album type":["live"],"musicbrainz non-album":["0"],"musicbrainz_albumartistid":["83d91898-7763-47d7-b03b-b92132375c47"],"musicbrainz_albumid":["c1ad763c-431a-4134-94b6-8ac508154b7b"],"musicbrainz_artistid":["83d91898-7763-47d7-b03b-b92132375c47"],"musicbrainz_recordingid":["e9c5b049-4bcd-4556-a86b-8759d1ac26fb"],"originaldate":["1969"],"quodlibet::labelid":["SKBB-388"],"title":["Astronomy Domine"],"tracknumber":["1/4"]},"version":{"essentia":"2.1-beta1","essentia_build_sha":"ab033649a6180e58ab3ffa3648ee50b8e9460706","essentia_git_sha":"v2.1_beta1-8-g0ed32f5-dirty","extractor":"music 1.0"}},"rhythm":{"beats_count":810,"beats_loudness":{"dmean":0.0181651562452,"dmean2":0.0316981263459,"dvar":0.000756834575441,"dvar2":0.00226190616377,"max":0.384102314711,"mean":0.0434324890375,"median":0.0235161520541,"min":0,"var":0.00244239973836},"beats_loudness_band_ratio":{"dmean":[0.144497737288,0.0783947855234,0.0569586493075,0.0603210143745,0.0315443873405,0.0907980650663],"dmean2":[0.24587674439,0.134693086147,0.100602917373,0.102310314775,0.0556150004268,0.152621433139],"dvar":[0.0180300176144,0.00647336104885,0.00529706384987,0.00493790348992,0.00220256717876,0.00620336318389],"dvar2":[0.0503036305308,0.0193341188133,0.0152069274336,0.0135352760553,0.0063287592493,0.0175311602652],"max":[0.976096510887,0.682417094707,0.605503201485,0.679534673691,0.468372195959,0.704186975956],"mean":[0.3750483