{"lowlevel":{"average_loudness":0.88203638792,"barkbands":{"dmean":[0.00233042635955,0.0157645381987,0.0058743073605,0.00255778385326,0.00239221029915,0.00118814595044,0.00153986504301,0.000607692461926,0.000672851456329,0.000334101205226,0.00015988262021,0.000168656362803,0.000140859483508,0.000099522410892,0.000146586651681,0.0000894191398402,0.0000904179760255,0.000115777736937,0.0000949659515754,0.0000771118720877,0.0000463263640995,0.0000259594053205,0.00000822015135782,0.00000345328885487,0.00000300857664115,0.00000537024925507,0.000161751566338],"dmean2":[0.00394055247307,0.0263441819698,0.00976742245257,0.0040857642889,0.00388409174047,0.00182350818068,0.00234868354164,0.000973815156613,0.00102384877391,0.000504883413669,0.000253401522059,0.000257281615632,0.000215024425415,0.00015170678671,0.000225539159146,0.00014396700135,0.00013922630751,0.000174534550752,0.000139399751788,0.000112045432616,0.0000671032030368,0.000038144095015,0.0000127347202579,0.00000572079306949,0.00000505543675899,0.00000835516857478,0.000218316126848],"dvar":[0.0000260028609773,0.00126808474306,0.000129148436827,0.0000243753420364,0.0000252514801105,0.00000678161904943,0.0000142890803545,0.00000180491588253,0.0000026389714094,8.2847526528e-7,1.3005053745e-7,2.11322387145e-7,2.35020593209e-7,1.2956769524e-7,1.44383562883e-7,6.08779657796e-8,8.46224423867e-8,1.36961787689e-7,1.86836530247e-7,7.13442176448e-8,2.29822880726e-8,5.32175059575e-9,3.0641544857e-10,4.35855691816e-11,3.83394080372e-11,1.05500240488e-10,1.8498872123e-7],"dvar2":[0.0000658037388348,0.00344064808451,0.000349988113157,0.0000594940211158,0.0000661562444293,0.0000144857804116,0.00003104474672,0.00000430302452514,0.00000591217667534,0.00000177075548891,3.04862169287e-7,3.98812034064e-7,4.22414984769e-7,2.28097121635e-7,2.78269681075e-7,1.55648976374e-7,2.10044589721e-7,3.24518055095e-7,4.41135085794e-7,1.45445568478e-7,4.8564221089e-8,1.12322862122e-8,6.9876765485e-10,1.06054533211e-10,9.37390512434e-11,2.30876234797e-10,3.8536569491e-7],"max":[0.0675279423594,0.429940879345,0.243423044682,0.103163257241,0.0961369276047,0.101733222604,0.116793230176,0.0439787358046,0.0628602877259,0.030782751739,0.0110897785053,0.0288046263158,0.0323232114315,0.0349606610835,0.02969507128,0.00724318018183,0.0113802999258,0.0100208902732,0.0344368778169,0.0142541415989,0.00869114603847,0.00216417736374,0.000350102956872,0.000130357584567,0.000125054328237,0.000178421381861,0.00968114286661],"mean":[0.00270390370861,0.0196802504361,0.00844109803438,0.00397090101615,0.00378036522307,0.00199000863358,0.00289689633064,0.000977732473984,0.00121837377083,0.000602894288022,0.000247601885349,0.000282719323877,0.000226833653869,0.000170400060597,0.000271009776043,0.000145460624481,0.000139987183502,0.000178644782864,0.00014499927056,0.000130652450025,0.0000691073801136,0.000035073273466,0.00000976584124146,0.00000351905532625,0.00000287494026452,0.00000656097608953,0.000320029997965],"median":[0.00139040930662,0.00874751806259,0.00427732057869,0.00158895622008,0.00186136190314,0.000699995784089,0.000680023455061,0.000325159926433,0.000398859905545,0.000164897108334,0.000101662095403,0.0000958142773015,0.0000707886210876,0.0000658268254483,0.000110510474769,0.0000673986214679,0.0000539261636732,0.0000557805142307,0.0000370620400645,0.0000346235683537,0.0000178461723408,0.00000727772930986,0.0000027261876312,0.00000120636832435,8.92506989203e-7,0.00000242784767579,0.000134859772515],"min":[6.02542744615e-26,5.8331988315e-24,4.20709618174e-24,3.54125024608e-24,9.68606649008e-24,1.00394446212e-23,1.33431940922e-23,6.65916223168e-24,2.001734547e-23,2.61404585728e-23,1.50194619847e-23,3.14401365746e-23,4.03245121257e-23,2.74651706028e-23,6.75783942236e-23,6.80759571955e-23,7.8748639398e-23,1.00219754542e-22,1.38427708683e-22,1.81433779906e-22,2.85059091153e-22,3.32659336827e-22,3.58814783757e-22,6.4735430398e-22,9.43275290356e-22,1.34011751163e-21,1.85433981223e-21],"var":[0.0000253957114182,0.00121060863603,0.00015248064301,0.0000464404074592,0.0000405672144552,0.0000189127367776,0.0000496948232467,0.00000395696679334,0.00000703000205249,0.00000274453987004,2.5801361403e-7,5.94737457504e-7,5.51352854927e-7,3.92472372823e-7,4.73301923876e-7,8.12608291767e-8,1.09697211315e-7,2.14286771438e-7,2.78346192317e-7,1.74281154841e-7,5.13612050668e-8,9.67591784473e-9,4.27434976302e-10,4.75601641403e-11,3.83758545774e-11,1.4945486515e-10,3.83576605145e-7]},"barkbands_crest":{"dmean":3.19346523285,"dmean2":5.280854702,"dvar":7.43459558487,"dvar2":20.416059494,"max":25.475402832,"mean":12.182144165,"median":11.5596818924,"min":3.03132629395,"var":19.2774391174},"barkbands_flatness_db":{"dmean":0.0359405726194,"dmean2":0.057778980583,"dvar":0.00101300980896,"dvar2":0.00279697915539,"max":0.523378312588,"mean":0.191060066223,"median":0.182810589671,"min":0.0495696775615,"var":0.00404393486679},"barkbands_kurtosis":{"dmean":11.8285522461,"dmean2":19.4521541595,"dvar":384.80557251,"dvar2":1065.61132812,"max":449.240600586,"mean":22.9596214294,"median":13.4575119019,"min":-1.67031180859,"var":892.782165527},"barkbands_skewness":{"dmean":0.937173008919,"dmean2":1.49944984913,"dvar":0.921765089035,"dvar2":2.46707820892,"max":16.6789112091,"mean":3.37723731995,"median":3.0312128067,"min":-2.06306195259,"var":3.42152309418},"barkbands_spread":{"dmean":4.77244329453,"dmean2":7.32517910004,"dvar":42.1216888428,"dvar2":91.8431243896,"max":105.620307922,"mean":13.2785272598,"median":9.91495990753,"min":0.279528170824,"var":137.679168701},"dissonance":{"dmean":0.0236412268132,"dmean2":0.0396071597934,"dvar":0.00056266086176,"dvar2":0.0015247236006,"max":0.500000119209,"mean":0.456006526947,"median":0.465265721083,"min":0.199188619852,"var":0.00123734481167},"dynamic_complexity":3.97233200073,"erbbands":{"dmean":[0.460462778807,3.62060165405,7.00847768784,7.45991325378,8.68524742126,7.40194272995,7.93944358826,11.4875564575,19.7068920135,20.4855804443,12.126709938,16.0517349243,10.1086921692,10.2935829163,6.35562372208,6.68937206268,6.25110626221,5.21613407135,6.74878168106,6.05035591125,4.6747508049,4.88227367401,6.05529308319,5.5540099144,4.17751789093,3.92766475677,2.31930589676,1.48725259304,1.02321302891,0.496010541916,0.199872970581,0.0912089347839,0.0499181300402,0.033842060715,0.0213210117072,0.012138848193,0.0102871414274,0.0194222982973,0.0165010709316,0.00416226545349],"dmean2":[0.76961427927,6.10203504562,11.7017002106,11.9976119995,14.3127698898,12.0525026321,12.4546747208,17.5461101532,30.8403224945,30.6905460358,19.0909786224,25.0713157654,15.1126117706,15.4780712128,9.70292854309,10.2960567474,9.62617874146,7.80003547668,10.3314590454,9.42947673798,7.37868690491,7.39315891266,9.13367271423,8.24185371399,5.90132713318,5.68051958084,3.3526301384,2.19834113121,1.49651658535,0.746697306633,0.310231804848,0.147802397609,0.0839561149478,0.0569202229381,0.0357695370913,0.0202419236302,0.015861524269,0.0273674055934,0.0225430261344,0.00566908810288],"dvar":[1.20441818237,65.2766571045,185.68057251,198.279953003,323.217376709,317.965393066,234.844284058,768.545471191,2812.18530273,3381.71435547,779.587280273,1758.44641113,771.632019043,688.35949707,215.56211853,338.38293457,319.686889648,644.932189941,391.160614014,200.923706055,193.230377197,255.010375977,342.877380371,296.174316406,618.681213379,200.948364258,73.8560943604,17.7519397736,8.62410831451,1.50404202938,0.166714787483,0.0274408720434,0.0105732548982,0.00488444743678,0.00191002595238,0.000595890916884,0.000385420280509,0.00337506295182,0.00210549752228,0.000116890456411],"dvar2":[3.27186107635,178.320800781,493.347686768,503.849945068,893.005004883,820.077697754,552.318054199,1546.41882324,6729.48046875,6407.92431641,1847.76855469,4193.01367188,1727.43273926,1253.66601562,458.413726807,696.528259277,667.173706055,974.062988281,705.863464355,481.76171875,492.975128174,624.651855469,790.246032715,663.124328613,1411.13354492,431.466461182,158.12020874,39.7338676453,17.8639068604,3.33354783058,0.383718013763,0.0654181391001,0.0259088482708,0.0119556831196,0.00466297753155,0.00144695246127,0.00082967907656,0.00672194408253,0.00418822746724,0.00025255876244],"max":[13.4201250076,112.364845276,260.53036499,279.899658203,386.664367676,332.617004395,334.614562988,1133.30480957,1606.57800293,3012.55175781,1185.40319824,1932.25390625,1106.41699219,1025.10998535,596.003234863,920.904174805,789.190856934,2547.08203125,1735.34191895,415.404388428,437.515960693,582.737304688,502.465454102,496.478027344,2239.44458008,814.922302246,510.478393555,121.20539856,97.2158889771,33.9378585815,7.9827413559,3.06390333176,2.0931289196,1.41776132584,0.879250526428,0.482033133507,0.347069233656,1.01975822449,1.24380779266,0.269359946251],"mean":[0.54702603817,4.47890520096,10.0956659317,12.5279502869,13.0652885437,10.8946676254,12.6383466721,19.5265331268,34.0731163025,40.0811462402,21.3696784973,28.3405952454,19.4369812012,19.6844882965,11.5395402908,11.5355129242,10.5075006485,9.39569568634,12.7197809219,11.0069494247,7.88483333588,7.83827018738,9.64451122284,8.73888874054,6.67003202438,6.62407493591,3.71930551529,2.13473892212,1.41040730476,0.622576475143,0.239231795073,0.101921066642,0.0476808398962,0.0321346484125,0.0205984562635,0.0122495600954,0.0128963012248,0.0264395810664,0.0277865305543,0.0105716995895],"median":[0.225326657295,2.02590703964,5.37517261505,6.08701086044,5.85957193375,5.00873756409,5.58527708054,6.0731959343,8.06561946869,10.5734510422,7.92100906372,9.87593364716,6.31118631363,6.06564235687,4.96196985245,4.14183330536,3.5601978302,3.52529978752,5.16564750671,5.24571275711,3.58737039566,3.13887381554,3.37282419205,2.38331532478,1.77429640293,1.66356384754,0.981716036797,0.522888720036,0.287096381187,0.143796756864,0.0692319646478,0.0342923626304,0.0150777390227,0.00978591572493,0.00659061968327,0.00442985584959,0.00472664088011,0.00630934396759,0.00817026756704,0.00637851702049],"min":[1.31074351221e-22,9.52768076458e-22,3.39883909275e-21,9.79721845575e-21,2.92774567829e-20,2.521123884e-20,5.23673860952e-20,9.21459427598e-20,1.55204415321e-19,2.66230716788e-19,3.14117365672e-19,4.69063571395e-19,5.28100640785e-19,7.91006453402e-19,9.38004926854e-19,1.67091941642e-18,1.86288849445e-18,1.91081823427e-18,3.27939600236e-18,3.64066837567e-18,4.28286451988e-18,5.74787913969e-18,4.94967549118e-18,6.53154012586e-18,7.06694311709e-18,9.72407637364e-18,1.14777563477e-17,1.06101175042e-17,1.15414467733e-17,1.27865124139e-17,9.30625834725e-18,1.16179841411e-17,1.13353299083e-17,7.94155840187e-18,6.48343791888e-18,4.6040690915e-18,2.42828919059e-18,9.71299980485e-19,2.52675010157e-19,2.68203587786e-20],"var":[1.11391055584,61.172328949,210.632965088,378.594970703,534.52331543,387.442749023,431.742950439,2404.62280273,6999.79394531,15786.7548828,1744.44775391,3999.75,2155.71484375,2895.20288086,528.104003906,834.457702637,742.625610352,1977.20117188,1375.17785645,379.851501465,260.407928467,333.2684021,545.490112305,523.041137695,961.045959473,463.041290283,180.558181763,30.2734088898,16.4037799835,2.41097903252,0.233714178205,0.0356599502265,0.0104957511649,0.00486304564402,0.00192467530724,0.000615661847405,0.000572957040276,0.0050550266169,0.00416163355112,0.000249251286732]},"erbbands_crest":{"dmean":2.72166776657,"dmean2":4.33235025406,"dvar":6.56744241714,"dvar2":15.8309106827,"max":30.8043365479,"mean":9.40874481201,"median":8.08653450012,"min":2.23874926567,"var":24.15209198},"erbbands_flatness_db":{"dmean":0.0257545039058,"dmean2":0.0402246713638,"dvar":0.000524727045558,"dvar2":0.00133731716778,"max":0.375207364559,"mean":0.148102387786,"median":0.142909213901,"min":0.0276181027293,"var":0.00180791097227},"erbbands_kurtosis":{"dmean":1.27970516682,"dmean2":1.98950099945,"dvar":4.8397769928,"dvar2":11.4133291245,"max":51.5858345032,"mean":1.16269683838,"median":0.0899875164032,"min":-1.70149540901,"var":12.8470888138},"erbbands_skewness":{"dmean":0.388098567724,"dmean2":0.593662142754,"dvar":0.139428049326,"dvar2":0.328493654728,"max":5.19509601593,"mean":0.638358473778,"median":0.599795103073,"min":-4.37808084488,"var":0.716177463531},"erbbands_spread":{"dmean":8.0064239502,"dmean2":12.2614126205,"dvar":62.216468811,"dvar2":143.072937012,"max":148.041519165,"mean":35.2357711792,"median":33.6858978271,"min":1.83439123631,"var":264.817626953},"gfcc":{"cov":[[14935.4882812,238.836166382,-1403.49145508,-262.947753906,-178.575164795,-748.544128418,185.155853271,-247.630859375,184.591064453,-8.67136859894,-29.1082897186,-30.875957489,-49.3095016479],[238.836166382,807.260253906,123.949798584,-198.557434082,56.7265434265,-96.8727035522,-44.4997558594,23.6902389526,8.7724237442,-2.979626894,33.8349876404,-107.852394104,69.3017196655],[-1403.49145508,123.949798584,502.221069336,46.6241149902,-77.8121948242,233.85395813,-161.309936523,147.974746704,-56.6615371704,30.8625984192,14.1080827713,-27.1134490967,22.4541683197],[-262.947753906,-198.557434082,46.6241149902,261.18069458,102.695014954,46.6900939941,55.5066070557,-20.4195671082,6.19075012207,-3.68409395218,-17.4260177612,40.7666778564,-36.1017837524],[-178.575164795,56.7265434265,-77.8121948242,102.695014954,259.081787109,-11.8226041794,99.6065368652,-57.0753707886,-6.37532091141,-35.5498695374,14.2091398239,4.28336334229,6.57852172852],[-748.544128418,-96.8727035522,233.85395813,46.6900939941,-11.8226041794,354.898345947,-66.2667160034,99.7525634766,-77.9354324341,-14.7647104263,-11.3540649414,15.6221599579,4.52847385406],[185.155853271,-44.4997558594,-161.309936523,55.5066070557,99.6065368652,-66.2667160034,239.573104858,-56.6239013672,61.2322769165,-36.2066001892,-22.2823085785,36.6672058105,-24.1078472137],[-247.630859375,23.6902389526,147.974746704,-20.4195671082,-57.0753707886,99.7525634766,-56.6239013672,163.009536743,3.99806547165,23.7142314911,11.3124485016,-29.0285148621,20.3308773041],[184.591064453,8.7724237442,-56.6615371704,6.19075012207,-6.37532091141,-77.9354324341,61.2322769165,3.99806547165,125.908943176,40.421875,-5.75739336014,6.13614940643,-26.1426944733],[-8.67136859894,-2.979626894,30.8625984192,-3.68409395218,-35.5498695374,-14.7647104263,-36.2066001892,23.7142314911,40.421875,82.3321762085,29.7555484772,-10.5856523514,3.62605905533],[-29.1082897186,33.8349876404,14.1080827713,-17.4260177612,14.2091398239,-11.3540649414,-22.2823085785,11.3124485016,-5.75739336014,29.7555484772,71.2687149048,15.5716276169,8.55205821991],[-30.875957489,-107.852394104,-27.1134490967,40.7666778564,4.28336334229,15.6221599579,36.6672058105,-29.0285148621,6.13614940643,-10.5856523514,15.5716276169,78.8689956665,-2.86108016968],[-49.3095016479,69.3017196655,22.4541683197,-36.1017837524,6.57852172852,4.52847385406,-24.1078472137,20.3308773041,-26.1426944733,3.62605905533,8.55205821991,-2.86108016968,79.8497619629]],"icov":[[0.000116795294161,-0.000233804923482,0.000601534557063,-0.000336589640938,0.000365154701285,-0.0000829494165373,0.000123737758258,-0.000155909379828,0.0000444666038675,0.00000695687458574,-0.0000678674841765,3.1024552527e-7,0.0000269078209385],[-0.000233804923482,0.00355798448436,-0.00342025235295,0.00318169151433,-0.00224703014828,0.00108343956526,-0.000544767361134,0.00168960029259,-0.00220238650218,0.00230344291776,-0.00183826871216,0.00351409101859,-0.00180591235403],[0.000601534557063,-0.00342025235295,0.0090895537287,-0.00552537059411,0.00428735790774,-0.00328098190948,0.00249933754094,-0.00308580347337,0.000981081509963,-0.000631453760434,-0.000990463769995,-0.000303306034766,0.000103961079731],[-0.000336589640938,0.00318169151433,-0.00552537059411,0.0112832561135,-0.00756750348955,0.00255136564374,-0.00108775880653,-0.000357712327968,0.00179900263902,-0.00462103914469,0.00657655624673,-0.00515233166516,0.00383721105754],[0.000365154701285,-0.00224703014828,0.00428735790774,-0.00756750348955,0.0114099225029,-0.00332229561172,-0.0018011382781,0.00304340873845,-0.00249397871085,0.00634441291913,-0.00922214798629,0.00715896626934,-0.00438206456602],[-0.0000829494165373,0.00108343956526,-0.00328098190948,0.00255136564374,-0.00332229561172,0.00704719638452,-0.000231649013585,-0.0039138183929,0.00494778901339,-0.00301125622354,0.00553628848866,-0.00532436557114,0.002858156804],[0.000123737758258,-0.000544767361134,0.00249933754094,-0.00108775880653,-0.0018011382781,-0.000231649013585,0.00860114302486,-0.000705358863343,-0.00405471399426,0.00318801426329,0.00159032561351,-0.00294062285684,0.000544555659872],[-0.000155909379828,0.00168960029259,-0.00308580347337,-0.000357712327968,0.00304340873845,-0.0039138183929,-0.000705358863343,0.014181163162,-0.00774415768683,0.0059594004415,-0.00869016721845,0.0104237534106,-0.00621095020324],[0.0000444666038675,-0.00220238650218,0.000981081509963,0.00179900263902,-0.00249397871085,0.00494778901339,-0.00405471399426,-0.00774415768683,0.0224059168249,-0.0178302451968,0.0132565265521,-0.0118075925857,0.00945133715868],[0.00000695687458574,0.00230344291776,-0.000631453760434,-0.00462103914469,0.00634441291913,-0.00301125622354,0.00318801426329,0.0059594004415,-0.0178302451968,0.0331159867346,-0.0214414000511,0.0160158146173,-0.00928447581828],[-0.0000678674841765,-0.00183826871216,-0.000990463769995,0.00657655624673,-0.00922214798629,0.00553628848866,0.00159032561351,-0.00869016721845,0.0132565265521,-0.0214414000511,0.0349031016231,-0.0212965663522,0.00875661894679],[3.1024552527e-7,0.00351409101859,-0.000303306034766,-0.00515233166516,0.00715896626934,-0.00532436557114,-0.00294062285684,0.0104237534106,-0.0118075925857,0.0160158146173,-0.0212965663522,0.0328141003847,-0.0102600026876],[0.0000269078209385,-0.00180591235403,0.000103961079731,0.00383721105754,-0.00438206456602,0.002858156804,0.000544555659872,-0.00621095020324,0.00945133715868,-0.00928447581828,0.00875661894679,-0.0102600026876,0.0199683699757]],"mean":[-36.2347755432,118.993843079,-72.4277954102,10.5416851044,-9.4974861145,-20.6317768097,2.29773235321,-9.27072238922,-1.43543469906,-6.86411476135,-7.53193044662,-8.12750911713,-6.33843326569]},"hfc":{"dmean":37.0664672852,"dmean2":55.4508285522,"dvar":5774.90722656,"dvar2":12283.65625,"max":2883.52392578,"mean":106.017814636,"median":74.8546981812,"min":1.08921660753e-16,"var":16060.1230469},"melbands":{"dmean":[0.00425176043063,0.0040028328076,0.00126459868625,0.000570460630115,0.000282541383058,0.000254173355643,0.000293984019663,0.000199204136152,0.0000965008657658,0.000102268168121,0.0000507931399625,0.0000442983546236,0.0000226522552111,0.000020275474526,0.0000153453565872,0.0000122800356621,0.00000988254305412,0.0000105640383481,0.0000105702183646,0.00000675929322824,0.00000555629731025,0.00000511697726324,0.00000584075996812,0.00000561933575227,0.00000467894460598,0.00000340248107022,0.00000293834045806,0.00000255169697994,0.00000171209069322,0.00000107776997993,8.36521735437e-7,6.46274372684e-7,4.13231134644e-7,2.29923628581e-7,1.22364014032e-7,8.00112118782e-8,4.61615350389e-8,3.52690321392e-8,3.11114689566e-8,2.76379754638e-8],"dmean2":[0.00708690425381,0.00666414573789,0.00203724880703,0.000934181851335,0.000443393335445,0.000387301901355,0.000456623121863,0.000300609070109,0.000152050473844,0.000158526585437,0.0000758842579671,0.0000667309577693,0.0000352834686055,0.0000308573398797,0.0000238195407292,0.0000186333818419,0.0000149798243001,0.0000163630975294,0.0000163068816619,0.0000107727482828,0.00000887631176738,0.00000793293929746,0.00000891495710675,0.00000852390985528,0.00000705978072801,0.00000499211319038,0.00000429690089732,0.00000372901877199,0.00000254808105637,0.00000159156002155,0.00000125659687455,9.51993854414e-7,6.26761959666e-7,3.53328289293e-7,1.91329917243e-7,1.27774342218e-7,7.62156773249e-8,5.94596016867e-8,5.23932044416e-8,4.647841223e-8],"dvar":[0.0000979400938377,0.0000621216240688,0.00000529164390173,0.00000159924775289,3.03221384002e-7,3.34596563789e-7,5.6448294572e-7,2.92770863553e-7,4.81377320227e-8,7.07366467623e-8,1.99912797427e-8,1.33463604612e-8,2.66734678789e-9,3.13233217142e-9,1.53261436875e-9,2.69963917887e-9,1.96123095542e-9,9.27704191245e-10,6.45050457493e-10,2.85932194588e-10,3.08803788096e-10,3.16243892184e-10,2.79476219944e-10,3.27441768144e-10,2.06096237299e-10,2.27338453618e-10,2.92422724923e-10,7.50528528215e-11,5.91390755811e-11,9.78758914194e-12,5.73842319149e-12,4.01947095399e-12,1.28383154802e-12,3.02469393932e-13,6.47367698185e-14,2.40285594969e-14,7.64259955912e-15,5.34765992678e-15,4.14966607761e-15,3.25417691654e-15],"dvar2":[0.000265979528194,0.00016525342653,0.0000135651844175,0.00000427907389167,7.20891137007e-7,6.90853539709e-7,0.0000013315252545,5.69993915178e-7,1.12099833416e-7,1.67968607911e-7,4.47832988471e-8,2.42265052464e-8,5.95694471528e-9,5.69378499904e-9,3.26029159226e-9,4.45719683384e-9,3.0060141043e-9,1.73713421425e-9,1.38368416724e-9,7.19171389107e-10,7.99484367597e-10,7.94685650618e-10,6.4876654049e-10,7.77718112133e-10,4.70976702083e-10,5.05377240057e-10,6.88356316392e-10,1.59644519826e-10,1.32656940988e-10,2.24706937085e-11,1.30156649347e-11,8.27605952519e-12,2.93904137139e-12,6.82190198428e-13,1.50094658382e-13,5.72406298792e-14,1.8489558639e-14,1.31169260634e-14,1.01676860901e-14,7.96327860966e-15],"max":[0.105835333467,0.139273449779,0.0396579243243,0.0253062918782,0.0141388466582,0.0227667745203,0.020933829248,0.028383217752,0.00877959094942,0.0123531855643,0.00560792116448,0.00451062154025,0.0017538589891,0.00402424111962,0.00156731228344,0.00440512318164,0.00431009428576,0.00249175122008,0.00134570209775,0.0006272236933,0.000592730706558,0.000725411926396,0.000429323874414,0.000442147313152,0.000361095851986,0.00121395580936,0.00150622776709,0.000493625353556,0.000492002815008,0.000121478915389,0.0000528667478648,0.0000815934254206,0.000024334382033,0.000014527944586,0.00000567793722439,0.00000397314488509,0.00000170505984443,0.00000148566164171,0.00000130859996261,0.00000115631394237],"mean":[0.00542207947001,0.00566995004192,0.00220746081322,0.00087077281205,0.000451522966614,0.000439514871687,0.000525168259628,0.000381609977921,0.000164030745509,0.00017940242833,0.0000944091298152,0.0000822309957584,0.0000377399774152,0.0000343405590684,0.0000253955331573,0.000020332641725,0.0000167707239598,0.0000189086731552,0.0000193014220713,0.0000112276748041,0.00000864341382112,0.00000765432469052,0.00000900043869478,0.00000851348522701,0.00000698777330399,0.00000511745338372,0.00000461322633782,0.00000419471552959,0.00000261527702605,0.00000151671406456,0.0000011203686654,8.72822226938e-7,5.14394002948e-7,2.74688375157e-7,1.42710618434e-7,9.22096461409e-8,4.75272337042e-8,3.29118243769e-8,2.92511668221e-8,2.62281929508e-8],"median":[0.00241707311943,0.00312456628308,0.00115151389036,0.000419378979132,0.000200706912437,0.00013771225349,0.000132223780383,0.000105691106,0.0000583215405641,0.0000579513325647,0.000028430011298,0.0000229438319366,0.0000157309295901,0.00001161255841,0.00000848158106237,0.00000655115900372,0.0000059135822994,0.00000750159597374,0.00000806147454568,0.0000052580985539,0.00000359308864972,0.00000294101619147,0.00000328077953782,0.0000024449175271,0.00000180278152584,0.00000126876057038,0.00000117293495805,0.00000101483362869,6.23522794285e-7,3.836074427e-7,2.51078120073e-7,1.64176782391e-7,1.08285689748e-7,6.46518643066e-8,4.02995894433e-8,2.78040968027e-8,1.62366013967e-8,9.54776435691e-9,8.66552252177e-9,7.97562726973e-9],"min":[2.16436098362e-24,2.03996550748e-24,2.82586581772e-24,2.35325431902e-24,2.01168287187e-24,2.3532501775e-24,2.66659322324e-24,2.58062000634e-24,2.415326431e-24,2.943250687e-24,2.35144269995e-24,2.5617220545e-24,2.55963965892e-24,2.38675822774e-24,4.15015659603e-24,4.57860273087e-24,2.82604074763e-24,4.2622904127e-24,5.34845129942e-24,3.88580260137e-24,5.26796618784e-24,4.90295827484e-24,5.13980468974e-24,4.42619480399e-24,4.67335912509e-24,5.12305796158e-24,5.52983250963e-24,5.70866333254e-24,4.86905421643e-24,7.01757487307e-24,5.04022243894e-24,6.25552892774e-24,5.88913656386e-24,6.00378487466e-24,5.1950714959e-24,5.98967254749e-24,6.8135225893e-24,6.77562571142e-24,6.60754864037e-24,6.53483459757e-24],"var":[0.0000939348319662,0.00006602051144,0.00000973795340542,0.00000242545138462,5.43602254766e-7,0.00000103623744963,0.00000147789751281,0.00000132239870254,1.08411995825e-7,1.60950818895e-7,5.50305614411e-8,5.66298190563e-8,5.91012483397e-9,9.36480670788e-9,3.70154640272e-9,7.00282987154e-9,6.05180039415e-9,3.10203085441e-9,1.844618569e-9,4.14909384627e-10,3.7142083853e-10,3.64805963216e-10,4.51330889328e-10,5.06441499848e-10,3.47115586274e-10,3.88868187651e-10,4.58330623454e-10,1.74314632173e-10,1.33942468228e-10,1.68927233313e-11,8.83620086822e-12,7.78326101486e-12,1.85746079975e-12,4.60424450302e-13,8.82224862283e-14,3.29007857742e-14,8.61574131266e-15,5.27432423772e-15,4.11133275455e-15,3.2432457446e-15]},"melbands_crest":{"dmean":3.6718184948,"dmean2":6.13893127441,"dvar":9.34077167511,"dvar2":26.2546901703,"max":35.6491622925,"mean":17.3357181549,"median":17.2882270813,"min":1.72420930862,"var":25.577129364},"melbands_flatness_db":{"dmean":0.0439071692526,"dmean2":0.0702319890261,"dvar":0.00141906307545,"dvar2":0.00384820415638,"max":0.700708568096,"mean":0.31836155057,"median":0.311635404825,"min":0.00399303901941,"var":0.00608518114313},"melbands_kurtosis":{"dmean":15.0465364456,"dmean2":24.7136192322,"dvar":499.032287598,"dvar2":1395.29882812,"max":413.562103271,"mean":29.7631225586,"median":17.6625995636,"min":-1.84366035461,"var":1237.03979492},"melbands_skewness":{"dmean":1.04460954666,"dmean2":1.66803979874,"dvar":1.04999160767,"dvar2":2.78298306465,"max":17.6262302399,"mean":3.77169799805,"median":3.4730591774,"min":-1.14102447033,"var":4.26261949539},"melbands_spread":{"dmean":3.36396098137,"dmean2":5.31324338913,"dvar":28.6120433807,"dvar2":63.9711608887,"max":162.246582031,"mean":9.29700660706,"median":6.91979217529,"min":0.377683401108,"var":124.912101746},"mfcc":{"cov":[[9160.57714844,768.989624023,-1249.45556641,446.613922119,-664.001037598,-88.6064453125,-373.584686279,-93.4779968262,-114.140319824,22.8224315643,-13.1644306183,-79.7811431885,-1.13656020164],[768.989624023,1206.12866211,-46.5655403137,-23.1281204224,12.2040576935,-157.869171143,-8.02451992035,-121.445198059,34.4280128479,2.04774808884,-10.2427949905,16.857925415,-6.48214435577],[-1249.45556641,-46.5655403137,687.368530273,-229.916366577,191.764373779,-47.4416007996,53.1258354187,5.64734745026,30.0174980164,18.6485958099,10.1209039688,49.2624397278,0.601430356503],[446.613922119,-23.1281204224,-229.916366577,340.952697754,-57.0896339417,61.48179245,-31.472158432,14.1548147202,-3.14791345596,8.6963300705,16.9659938812,-11.0448055267,7.21327447891],[-664.001037598,12.2040576935,191.764373779,-57.0896339417,261.148681641,15.4188632965,97.4435501099,-5.96326398849,5.19288349152,-18.2545509338,1.50687801838,19.2254371643,-3.71014475822],[-88.6064453125,-157.869171143,-47.4416007996,61.48179245,15.4188632965,202.584274292,42.9985771179,81.3156967163,-5.16922044754,-8.13106918335,-9.23717594147,-17.5024089813,3.78616857529],[-373.584686279,-8.02451992035,53.1258354187,-31.472158432,97.4435501099,42.9985771179,155.922531128,48.4353981018,12.0392122269,-22.4467697144,-17.8221797943,-3.72528147697,-5.31502962112],[-93.4779968262,-121.445198059,5.64734745026,14.1548147202,-5.96326398849,81.3156967163,48.4353981018,153.60748291,21.4112682343,6.82554864883,10.0703392029,-25.9508857727,0.206872969866],[-114.140319824,34.4280128479,30.0174980164,-3.14791345596,5.19288349152,-5.16922044754,12.0392122269,21.4112682343,85.674987793,40.3372917175,2.77454805374,-6.17898130417,-10.267583847],[22.8224315643,2.04774808884,18.6485958099,8.6963300705,-18.2545509338,-8.13106918335,-22.4467697144,6.82554864883,40.3372917175,82.5609207153,27.5234165192,4.33993196487,1.07188820839],[-13.1644306183,-10.2427949905,10.1209039688,16.9659938812,1.50687801838,-9.23717594147,-17.8221797943,10.0703392029,2.77454805374,27.5234165192,73.8160858154,27.5419845581,5.52513742447],[-79.7811431885,16.857925415,49.2624397278,-11.0448055267,19.2254371643,-17.5024089813,-3.72528147697,-25.9508857727,-6.17898130417,4.33993196487,27.5419845581,65.0572891235,25.5319023132],[-1.13656020164,-6.48214435577,0.601430356503,7.21327447891,-3.71014475822,3.78616857529,-5.31502962112,0.206872969866,-10.267583847,1.07188820839,5.52513742447,25.5319023132,58.8646240234]],"icov":[[0.000176987188752,-0.000116739276564,0.000233744722209,-0.0000385940402339,0.000177364432602,0.0000414946080127,0.000221268855967,-0.000124798330944,0.000263458146947,-0.000150404361193,0.000129543419462,-0.0000690634697094,0.0000883200409589],[-0.000116739276564,0.00107118079904,0.0000165601977642,0.0000234292783716,-0.00019772889209,0.000598047859967,-0.000388043554267,0.000675195013173,-0.000789381330833,0.000255987921264,-0.0000481648748973,0.0000120883005366,-0.00011874872871],[0.000233744722209,0.0000165601977642,0.00288885249756,0.00131553690881,-0.00156511575915,0.000561123189982,0.000929147878196,-0.001064475975,-0.0000349687543348,-0.00098579202313,0.000878111226484,-0.00196497002617,0.000550227530766],[-0.0000385940402339,0.0000234292783716,0.00131553690881,0.00414634076878,-0.000352854636731,-0.00116146542132,0.000685037870426,0.000113339054224,-0.000481463910546,-0.000150644918904,-0.00106150843203,0.000116127346701,-0.000437749316916],[0.000177364432602,-0.00019772889209,-0.00156511575915,-0.000352854636731,0.00700656976551,-0.000913674535695,-0.00393930403516,0.00216329214163,-0.0000575475896767,0.00115196523257,-0.00175907299854,0.000307170819724,0.00017883242981],[0.0000414946080127,0.000598047859967,0.000561123189982,-0.00116146542132,-0.000913674535695,0.0076362695545,-0.000674056762364,-0.00364846363664,0.00127060548402,-0.000612206291407,0.00197429955006,-0.000523256021552,-0.000119119657029],[0.000221268855967,-0.000388043554267,0.000929147878196,0.000685037870426,-0.00393930403516,-0.000674056762364,0.011379269883,-0.00415540626273,-0.00118820357602,0.0018046972109,0.00313642853871,-0.00224952213466,0.00114643422421],[-0.000124798330944,0.000675195013173,-0.001064475975,0.000113339054224,0.00216329214163,-0.00364846363664,-0.00415540626273,0.0122012468055,-0.00320300715975,0.00135377398692,-0.00561812659726,0.00663165282458,-0.00291055766866],[0.000263458146947,-0.000789381330833,-0.0000349687543348,-0.000481463910546,-0.0000575475896767,0.00127060548402,-0.00118820357602,-0.00320300715975,0.0183297730982,-0.0100601259619,0.00350029580295,-0.000846024020575,0.00321494205855],[-0.000150404361193,0.000255987921264,-0.00098579202313,-0.000150644918904,0.00115196523257,-0.000612206291407,0.0018046972109,0.00135377398692,-0.0100601259619,0.0203045122325,-0.00757527956739,0.00232941843569,-0.00209982832894],[0.000129543419462,-0.0000481648748973,0.000878111226484,-0.00106150843203,-0.00175907299854,0.00197429955006,0.00313642853871,-0.00561812659726,0.00350029580295,-0.00757527956739,0.0223118513823,-0.0118537712842,0.00397908920422],[-0.0000690634697094,0.0000120883005366,-0.00196497002617,0.000116127346701,0.000307170819724,-0.000523256021552,-0.00224952213466,0.00663165282458,-0.000846024020575,0.00232941843569,-0.0118537712842,0.0283956006169,-0.0115612195805],[0.0000883200409589,-0.00011874872871,0.000550227530766,-0.000437749316916,0.00017883242981,-0.000119119657029,0.00114643422421,-0.00291055766866,0.00321494205855,-0.00209982832894,0.00397908920422,-0.0115612195805,0.0223975386471]],"mean":[-702.255859375,176.054428101,-1.48318147659,46.3135070801,4.63228702545,11.2938547134,4.82384967804,6.83325338364,6.99654960632,6.68891143799,3.35110235214,0.678114891052,1.70220732689]},"pitch_salience":{"dmean":0.084637530148,"dmean2":0.140705764294,"dvar":0.00529312202707,"dvar2":0.0152749167755,"max":0.835154235363,"mean":0.509545266628,"median":0.518504083157,"min":0.101270519197,"var":0.0133267343044},"silence_rate_20dB":{"dmean":0.00224215257913,"dmean2":0.00448469165713,"dvar":0.00223743449897,"dvar2":0.00618995120749,"max":1,"mean":0.998620331287,"median":1,"min":0,"var":0.00137776741758},"silence_rate_30dB":{"dmean":0.0707140415907,"dmean2":0.141440272331,"dvar":0.065717279911,"dvar2":0.135246187449,"max":1,"mean":0.89902561903,"median":1,"min":0,"var":0.0907797887921},"silence_rate_60dB":{"dmean":0.00319075537845,"dmean2":0.00638206116855,"dvar":0.00318125449121,"dvar2":0.00806428212672,"max":1,"mean":0.0462188497186,"median":0,"min":0,"var":0.0440827123821},"spectral_centroid":{"dmean":188.947097778,"dmean2":280.250366211,"dvar":78097.0546875,"dvar2":153410.59375,"max":11527.1816406,"mean":783.906005859,"median":596.616455078,"min":109.639633179,"var":564374.8125},"spectral_complexity":{"dmean":3.29251456261,"dmean2":4.72350168228,"dvar":17.1429367065,"dvar2":27.9954795837,"max":58,"mean":13.745882988,"median":12,"min":0,"var":75.2657394409},"spectral_contrast_coeffs":{"dmean":[0.0513013638556,0.0477150268853,0.0383506380022,0.0285014081746,0.0238259546459,0.045636959374],"dmean2":[0.0857274904847,0.0789224654436,0.0627876371145,0.0469753518701,0.0381013527513,0.0707707628608],"dvar":[0.00162459211424,0.00141426804475,0.000933478586376,0.000514749845024,0.000413950998336,0.00186760828365],"dvar2":[0.00451040780172,0.00383185804822,0.00248146872036,0.00136294553522,0.00103466666769,0.00420540338382],"max":[-0.38148906827,-0.48008581996,-0.481511890888,-0.58362275362,-0.586705982685,-0.434364497662],"mean":[-0.676331102848,-0.763214349747,-0.79082930088,-0.821496188641,-0.823355436325,-0.769867658615],"median":[-0.67997688055,-0.768240690231,-0.796816766262,-0.823101103306,-0.821574687958,-0.78576785326],"min":[-0.973927915096,-0.978015303612,-0.984538078308,-0.982362627983,-0.980021715164,-0.979808568954],"var":[0.00578572880477,0.00569454254583,0.00432366831228,0.00242491438985,0.00216186209582,0.00644029770046]},"spectral_contrast_valleys":{"dmean":[0.401015847921,0.390153110027,0.361112743616,0.34731349349,0.387645035982,0.746808469296],"dmean2":[0.655356287956,0.634444117546,0.574935615063,0.535817563534,0.555771112442,1.2284219265],"dvar":[0.140288203955,0.140893086791,0.126750931144,0.137823924422,0.179681792855,0.407702505589],"dvar2":[0.307470798492,0.316126912832,0.274448424578,0.293507814407,0.377420127392,1.04632651806],"max":[-4.39335441589,-4.47310161591,-5.18663024902,-5.61171627045,-5.17739248276,-8.62071418762],"mean":[-6.61291313171,-6.68186998367,-7.47917366028,-7.98577070236,-8.07891082764,-11.338675499],"median":[-6.43215513229,-6.44133138657,-7.26272344589,-7.75903463364,-7.85833358765,-11.1919870377],"min":[-28.3568210602,-27.971031189,-27.6264667511,-27.5498695374,-27.4895801544,-27.365694046],"var":[2.18134045601,2.52594518661,2.26634836197,2.23795437813,2.37969517708,1.94417047501]},"spectral_decrease":{"dmean":6.2117502253e-9,"dmean2":1.0060805522e-8,"dvar":1.44988495701e-16,"dvar2":3.76650881809e-16,"max":6.43335695827e-9,"mean":-1.14109850458e-8,"median":-7.97517607509e-9,"min":-1.49208133848e-7,"var":1.72391533557e-16},"spectral_energy":{"dmean":0.0244706869125,"dmean2":0.0390698239207,"dvar":0.00224821292795,"dvar2":0.00571429729462,"max":0.602698385715,"mean":0.0526839382946,"median":0.0390809811652,"min":1.01490060918e-20,"var":0.00298197893426},"spectral_energyband_high":{"dmean":0.000237935004407,"dmean2":0.000322490232065,"dvar":3.51442849933e-7,"dvar2":6.97836753716e-7,"max":0.014535183087,"mean":0.000428871426266,"median":0.000151076019392,"min":7.13392064215e-21,"var":7.91153695445e-7},"spectral_energyband_low":{"dmean":0.0207676738501,"dmean2":0.0340861231089,"dvar":0.00174829084426,"dvar2":0.00460617849603,"max":0.553803086281,"mean":0.032429177314,"median":0.0193337630481,"min":2.42887243492e-23,"var":0.00195365562104},"spectral_energyband_middle_high":{"dmean":0.00095582799986,"dmean2":0.00132389075588,"dvar":0.0000043493373596,"dvar2":0.0000087179696493,"max":0.0635496452451,"mean":0.0024207199458,"median":0.0012893686071,"min":1.2079440058e-21,"var":0.0000137575752888},"spectral_energyband_middle_low":{"dmean":0.00602959375829,"dmean2":0.00929414387792,"dvar":0.000105276740214,"dvar2":0.000255370920058,"max":0.237022429705,"mean":0.0149604948238,"median":0.00935068540275,"min":2.06043160436e-22,"var":0.000296979153063},"spectral_entropy":{"dmean":0.259335815907,"dmean2":0.401476383209,"dvar":0.0643557459116,"dvar2":0.163776442409,"max":9.82027721405,"mean":7.18374919891,"median":7.23832798004,"min":4.82888746262,"var":0.225919440389},"spectral_flux":{"dmean":0.0353716239333,"dmean2":0.0572768077254,"dvar":0.00272782286629,"dvar2":0.00601245090365,"max":0.632722437382,"mean":0.110715918243,"median":0.0950550436974,"min":6.47790016073e-11,"var":0.00558986328542},"spectral_kurtosis":{"dmean":5.4639172554,"dmean2":8.77686405182,"dvar":52.1768341064,"dvar2":134.579330444,"max":147.125045776,"mean":17.3377456665,"median":15.5362319946,"min":-1.26704776287,"var":85.9693222046},"spectral_rms":{"dmean":0.00139716384001,"dmean2":0.00215255841613,"dvar":0.00000367501615983,"dvar2":0.00000870878284331,"max":0.0242486782372,"mean":0.00646481895819,"median":0.00617477018386,"min":3.14666001588e-12,"var":0.00000960506167758},"spectral_rolloff":{"dmean":3565.51464844,"dmean2":6867.52832031,"dvar":51249468,"dvar2":131244984,"max":22006.9335938,"mean":4695.90722656,"median":645.99609375,"min":43.06640625,"var":65029196},"spectral_skewness":{"dmean":0.427366137505,"dmean2":0.659591972828,"dvar":0.247087553144,"dvar2":0.619880020618,"max":9.79948616028,"mean":2.80722427368,"median":2.6840326786,"min":-0.0584198459983,"var":0.648047626019},"spectral_spread":{"dmean":612535.9375,"dmean2":991233.25,"dvar":659138019328,"dvar2":1581545553920,"max":49450056,"mean":3887667.75,"median":3693217.75,"min":1089373.875,"var":4962536390660},"spectral_strongpeak":{"dmean":1.65606820583,"dmean2":3.08497881889,"dvar":117.823280334,"dvar2":325.993011475,"max":198.880706787,"mean":1.50435173512,"median":0.338974654675,"min":0,"var":95.5743865967},"zerocrossingrate":{"dmean":0.03440631181,"dmean2":0.045421987772,"dvar":0.00096253718948,"dvar2":0.00165960250888,"max":0.73828125,"mean":0.185740724206,"median":0.17529296875,"min":0.01318359375,"var":0.00678889034316}},"metadata":{"audio_properties":{"analysis_sample_rate":44100,"bit_rate":128000,"codec":"mp3","downmix":"mix","equal_loudness":0,"length":269.24407959,"lossless":false,"md5_encoded":"5828f0597fe99c3bfbdd3d1b2bc5e79e","replay_gain":-1.90908050537,"sample_rate":44100},"tags":{"album":["Freedom"],"albumartist":["Neil Young"],"albumartistsort":["Young, Neil"],"artist":["Neil Young"],"artistsort":["Young, Neil"],"asin":["B000002LHM"],"barcode":["075992589925"],"catalognumber":["7599-25899-2"],"date":["1995"],"file_name":"06 - Neil Young - The Ways of Love.mp3","genre":["Folk Rock","Canadian","Singer-Songwriter","Rock","Folk","Classic Rock"],"label":["Reprise Records"],"musicbrainz album release country":["FR"],"musicbrainz album status":["official"],"musicbrainz album type":["album"],"musicbrainz_albumartistid":["75167b8b-44e4-407b-9d35-effe87b223cf"],"musicbrainz_albumid":["438612a6-e370-4622-a84b-2c9be5770cff"],"musicbrainz_artistid":["75167b8b-44e4-407b-9d35-effe87b223cf"],"musicbrainz_recordingid":["e9eedaf9-0961-48e9-881d-d699ddbf5d84"],"title":["The Ways of Love"],"tracknumber":["6/12"]},"version":{"essentia":"2.1-beta1","essentia_build_sha":"81dca3489dfd3c4275b86ac4d56d870715677d3f","essentia_git_sha":"v2.1_beta1-28-g21ef5f4","extractor":"music 1.0"}},"rhythm":{"beats_count":507,"beats_loudness":{"dmean":0.0543635971844,"dmean2":0.0939261615276,"dvar":0.00236559961922,"dvar2":0.00613306183368,"max":0.401685386896,"mean":0.092845454812,"median":0.0772884786129,"min":3.6636121914e-10,"var":0.003745976137},"beats_loudness_band_ratio":{"dmean":[0.194697961211,0.0802929624915,0.0677593797445,0.0303059369326,0.0224943850189,0.0709605962038],"dmean2":[0.352681368589,0.143113493919,0.120461136103,0.0569407939911,0.0419506207108,0.131118476391],"dvar":[0.0212966799736,0.00603612372652,0.00670402264223,0.00210711522959,0.000560754851904,0.0041764