{"lowlevel":{"average_loudness":0.931449532509,"barkbands":{"dmean":[0.00917440280318,0.0160656552762,0.00267650862224,0.00194292631932,0.00303300027736,0.00161541358102,0.000894414552022,0.000879493250977,0.000982745084912,0.000961938872933,0.000533686601557,0.000693741138093,0.000354217540007,0.000387236679671,0.000255070743151,0.000332587515004,0.000265553593636,0.000194771680981,0.000138704825076,0.000133103647386,0.0000738002709113,0.0000487308243464,0.0000155703401106,0.00000544575323147,0.00000309703978019,0.00000751202878746,0.0000929866000661],"dmean2":[0.0147942360491,0.0272925626487,0.00446333363652,0.00314032193273,0.00477080326527,0.0025660158135,0.00143101066351,0.0014284090139,0.00158412184101,0.00151184946299,0.000862588582095,0.0011255153222,0.000570495671127,0.000624175940175,0.000413905276218,0.000526057789102,0.00040315114893,0.000299732142594,0.00021947400819,0.000203547184356,0.000108937740151,0.0000693697584211,0.0000234816816373,0.00000823638583825,0.00000512578662892,0.0000110212367872,0.000127986306325],"dvar":[0.000266091286903,0.000525907205883,0.0000358677389158,0.0000176619905687,0.0000406591279898,0.000015005932255,0.00000826350878924,0.00000977004219749,0.0000104707942228,0.0000149246279761,0.00000189384309124,0.00000150965684043,5.80255232308e-7,7.18066928584e-7,1.77287219572e-7,3.76251108491e-7,3.75771151084e-7,1.48427247382e-7,8.33470963357e-8,1.11917493939e-7,9.12055568847e-8,4.91088378851e-8,4.02538669064e-9,2.88170182161e-10,2.45341975902e-11,4.01522898263e-10,2.90784978318e-8],"dvar2":[0.000624322216026,0.00146079901606,0.0000915126729524,0.0000427098675573,0.0000893642281881,0.0000341452869179,0.0000204465832212,0.0000244661951001,0.000026585010346,0.0000352457391273,0.00000451759024145,0.00000371254986931,0.00000134054630507,0.00000177140111646,4.51841600579e-7,8.72271812113e-7,8.1439418409e-7,3.37142381568e-7,1.84042804108e-7,2.69462105962e-7,1.73587380914e-7,9.37377251375e-8,8.56734061472e-9,5.44773892663e-10,6.0793682588e-11,6.66520560966e-10,4.89024571948e-8],"max":[0.263191878796,0.207401052117,0.162216991186,0.0967375934124,0.135792225599,0.126571834087,0.054816737771,0.06361079216,0.0666769742966,0.100859411061,0.0378116257489,0.0328561291099,0.0250873733312,0.0208653509617,0.00875988602638,0.0222490336746,0.0171469617635,0.0102613773197,0.010272288695,0.0227558258921,0.0238348916173,0.0172770190984,0.00282663013786,0.00117316667456,0.000132032713736,0.00125615228899,0.00756180798635],"mean":[0.0093682622537,0.0198853500187,0.00311289308593,0.00214200885966,0.00398427248001,0.00197424227372,0.00105070369318,0.000870999938343,0.00110455683898,0.00109190924559,0.000714473542757,0.00111971772276,0.00057139643468,0.000608001893852,0.000435158610344,0.000608168018516,0.000429611303844,0.000377969699912,0.000274206424365,0.00027049871278,0.000174391258042,0.000101384117443,0.0000286600152322,0.0000080548452388,0.00000353380164597,0.0000171496631083,0.000306015193928],"median":[0.00261854543351,0.00979059003294,0.00138978974428,0.000731937994715,0.00124083750416,0.000546494440641,0.000167928636074,0.0000881103333086,0.000206074939342,0.0002067242458,0.00029347607051,0.000580811640248,0.000297350576147,0.000268290285021,0.000279035419226,0.00038030667929,0.000183441559784,0.000217136155698,0.000182815536391,0.000171677122125,0.000106527179014,0.0000606925095781,0.0000172382769961,0.00000361966363016,0.00000167667167261,0.000012399192201,0.000245263974648],"min":[8.18549871981e-13,1.09323867233e-12,5.52708269777e-13,3.84019042694e-13,3.72118731228e-13,6.86476835663e-14,1.19683112704e-13,8.58554424928e-14,2.77767870147e-14,5.64821559207e-14,1.77303596203e-14,3.12515787445e-14,1.40451987876e-14,1.75898453247e-14,1.8462511183e-14,1.57449889308e-14,1.14495366245e-14,8.99965221974e-15,1.46300614852e-14,1.03539308475e-14,7.77501113757e-15,7.37289664542e-15,5.63953773952e-15,6.7657349585e-15,8.33043774614e-15,8.66198338235e-15,2.572644551e-14],"var":[0.0003027584753,0.000647610577289,0.0000440343246737,0.0000201069251489,0.000062287414039,0.0000236353116634,0.0000105043454823,0.00000966615971265,0.0000114845570351,0.00001786570283,0.0000026222901397,0.00000278031120615,0.00000104129424017,0.00000126362817809,2.97693276252e-7,7.41167696106e-7,6.58462909087e-7,3.0808126894e-7,1.6482204046e-7,3.08543889105e-7,3.31603501991e-7,8.50166301802e-8,7.1179431238e-9,5.96021398902e-10,3.00157294852e-11,1.09783204749e-9,1.34386809236e-7]},"barkbands_crest":{"dmean":3.69034218788,"dmean2":6.05332136154,"dvar":9.07062530518,"dvar2":23.0648021698,"max":26.2981472015,"mean":12.0174827576,"median":11.5903367996,"min":2.30050873756,"var":22.0398464203},"barkbands_flatness_db":{"dmean":0.0374736264348,"dmean2":0.0588342212141,"dvar":0.00103578611743,"dvar2":0.00254576466978,"max":0.474381774664,"mean":0.156283378601,"median":0.144444659352,"min":0.0329199619591,"var":0.00367419375107},"barkbands_kurtosis":{"dmean":8.33023262024,"dmean2":13.429441452,"dvar":297.9190979,"dvar2":721.298339844,"max":568.822631836,"mean":10.4241466522,"median":4.41319942474,"min":-1.8587911129,"var":473.621704102},"barkbands_skewness":{"dmean":1.03406786919,"dmean2":1.60130119324,"dvar":1.12204968929,"dvar2":2.64177131653,"max":18.1340656281,"mean":2.27741718292,"median":1.99707388878,"min":-2.61598205566,"var":3.05112624168},"barkbands_spread":{"dmean":8.63973999023,"dmean2":13.5528364182,"dvar":87.6182174683,"dvar2":202.165969849,"max":117.634117126,"mean":21.7083187103,"median":18.9046707153,"min":0.233194291592,"var":222.238220215},"dissonance":{"dmean":0.0161651819944,"dmean2":0.0268346909434,"dvar":0.000374163035303,"dvar2":0.000977591029368,"max":0.500000178814,"mean":0.475232541561,"median":0.483854800463,"min":0.232552662492,"var":0.000669683911838},"dynamic_complexity":2.89827919006,"erbbands":{"dmean":[0.946537971497,2.03487467766,2.78165960312,4.94166946411,7.01013374329,11.6814155579,12.654176712,13.9228382111,15.0481338501,11.0598926544,21.0385284424,21.1142539978,32.9333229065,20.6541118622,23.40442276,25.6868038177,15.8004150391,19.0678634644,14.1334371567,13.9165277481,16.8749771118,14.3900651932,10.1852016449,8.91678714752,6.44806480408,6.05207633972,3.55514788628,2.87728905678,1.81947362423,1.10268568993,0.326936662197,0.146415501833,0.0758084729314,0.0363955646753,0.0210440941155,0.015274817124,0.0153396558017,0.0235570799559,0.0130746178329,0.00191139767412],"dmean2":[1.62838959694,3.39920544624,4.64172840118,7.92709636688,11.4150934219,18.1474304199,20.1599197388,21.9420261383,24.1371994019,17.6802539825,33.734539032,33.956035614,51.7589302063,32.5802841187,37.042263031,41.2794570923,25.2793598175,30.7169094086,22.4533233643,22.0891571045,26.4803962708,21.3815116882,15.4385652542,14.0358228683,9.93155288696,9.29949760437,5.1761341095,4.23566007614,2.5956697464,1.59257364273,0.480771869421,0.220151156187,0.116339959204,0.0595688000321,0.0349280573428,0.0240113642067,0.0223052129149,0.0323485024273,0.0182183627039,0.00272910646163],"dvar":[1.97476422787,7.99066114426,32.6136054993,102.640930176,187.948287964,785.899414062,1025.19775391,1487.11767578,2516.34716797,1052.32336426,6001.05322266,5206.08837891,17526.7324219,4464.35839844,2686.65234375,2072.07470703,1109.23095703,1846.89611816,658.911010742,605.072814941,1049.01928711,1112.84387207,467.689453125,288.97555542,179.718063354,311.726409912,236.104919434,95.3183441162,49.663269043,24.8371448517,1.36462020874,0.24554130435,0.0476539768279,0.0040807412006,0.00108328345232,0.000990986940451,0.00193160644267,0.00483602983877,0.000886828522198,0.00000846194961923],"dvar2":[5.54087114334,21.2741146088,83.9047241211,242.149780273,456.854095459,1695.97155762,2369.73217773,3250.93286133,6193.85644531,2563.24414062,14870.4951172,13146.2675781,42970.6523438,9257.03320312,6242.38037109,5106.79296875,2619.16723633,4719.91552734,1580.05700684,1389.79150391,2463.96118164,2367.49243164,1045.91430664,629.354431152,412.897827148,844.53503418,475.031616211,168.716384888,92.4043579102,42.1639442444,2.33014154434,0.447862654924,0.0949405059218,0.00934776477516,0.00277386372909,0.00193104601931,0.00327650271356,0.00751135731116,0.0015010649804,0.000015583307686],"max":[11.2507324219,28.4008693695,148.629943848,220.834564209,191.737564087,640.954589844,630.796569824,1426.22131348,962.453491211,680.409362793,1643.546875,1946.2322998,3080.21142578,2595.88549805,1206.84887695,1119.08837891,1244.26391602,1115.1072998,511.598114014,734.275634766,994.286376953,850.644592285,446.844665527,680.221740723,540.669494629,1302.78796387,1339.12341309,826.154663086,567.792907715,293.229156494,59.9333648682,36.1213569641,14.130906105,3.09571385384,0.384240537882,1.95590984821,2.98273444176,4.73559331894,1.66915595531,0.0710835158825],"mean":[1.0655310154,2.61938452721,3.48368525505,5.954682827,8.66844654083,15.2987957001,15.4632577896,16.9512081146,17.7809753418,13.0380077362,21.8512172699,24.3703174591,36.1809082031,28.9734630585,35.8616943359,42.3706130981,27.890296936,31.3951931,24.7568283081,27.1463413239,32.0875930786,24.5432014465,19.9232692719,17.6100845337,13.8879156113,12.2541913986,8.02559947968,6.4675989151,3.92930579185,2.09932208061,0.638392388821,0.240337982774,0.102815382183,0.0441301837564,0.023286215961,0.0222935285419,0.0353741124272,0.0613577663898,0.0389204360545,0.00625630328432],"median":[0.454161673784,1.3703327179,1.83180081844,2.48945689201,3.37448906898,3.68652653694,4.52254724503,4.39989805222,3.04294300079,2.18207120895,2.35076880455,4.96526479721,5.57296895981,9.68302631378,16.5917129517,22.9405899048,15.6567687988,14.9808712006,13.7180290222,18.946975708,20.4895744324,11.0603170395,11.0616436005,11.4208927155,9.50379180908,7.82365608215,4.56570148468,3.84294557571,2.36830282211,1.1676646471,0.403151869774,0.120110854506,0.045349098742,0.0225356500596,0.0103560155258,0.0124298511073,0.0251066237688,0.0400441996753,0.0270333532244,0.00519195524976],"min":[4.21524481986e-11,2.1200274869e-10,5.95719751306e-10,1.07125508464e-9,1.35426980741e-9,1.17173604153e-9,6.82049527967e-10,5.89954196606e-10,1.36598476974e-9,2.13077844258e-9,1.52972479128e-9,6.24542417782e-10,1.38420253037e-9,1.56052726297e-9,6.53591958333e-10,1.32850908052e-9,7.06336267253e-10,1.0020906327e-9,6.54347076523e-10,9.28660426336e-10,9.40970856789e-10,6.87028545165e-10,5.86695025895e-10,6.28480767428e-10,6.80850431589e-10,5.00422592253e-10,3.86814941189e-10,2.98130381493e-10,2.54007592737e-10,2.35196362386e-10,1.49378093228e-10,1.31960137262e-10,1.17046733417e-10,1.00016731008e-10,5.51815364236e-11,3.10045392138e-11,1.66500736809e-11,6.5761740671e-12,1.94363709155e-12,1.05916696854e-12],"var":[2.16380620003,10.9224815369,39.8437690735,133.05557251,238.741241455,1310.80578613,1325.37109375,2414.42749023,3207.06347656,1227.96826172,6251.75830078,5573.14453125,19285.34375,8550.79394531,4218.23242188,3613.67163086,2060.01367188,3002.09741211,1328.04199219,1164.1295166,2022.9855957,2016.19641113,940.267333984,618.983032227,377.685119629,700.97479248,895.19329834,293.179901123,98.7196578979,48.9203147888,3.05556797981,0.522337377071,0.0922608524561,0.00596607057378,0.00122862448916,0.00203454541042,0.0050173276104,0.0135093722492,0.0038914734032,0.0000366373496945]},"erbbands_crest":{"dmean":2.85007476807,"dmean2":4.69847488403,"dvar":7.6981086731,"dvar2":19.455329895,"max":29.3683681488,"mean":8.548163414,"median":7.42197990417,"min":1.95871174335,"var":16.7894554138},"erbbands_flatness_db":{"dmean":0.0235840342939,"dmean2":0.0357348360121,"dvar":0.000493564817589,"dvar2":0.00114103488158,"max":0.368533283472,"mean":0.150597020984,"median":0.142780393362,"min":0.029370456934,"var":0.00196495675482},"erbbands_kurtosis":{"dmean":1.33580291271,"dmean2":2.14341378212,"dvar":5.65421962738,"dvar2":12.7933197021,"max":120.246612549,"mean":0.937542974949,"median":0.281509160995,"min":-1.83981275558,"var":10.2963981628},"erbbands_skewness":{"dmean":0.475140720606,"dmean2":0.715292215347,"dvar":0.19465097785,"dvar2":0.46263346076,"max":7.73844575882,"mean":-0.170068815351,"median":-0.296333402395,"min":-3.96516656876,"var":0.783675312996},"erbbands_spread":{"dmean":8.20757770538,"dmean2":12.6735515594,"dvar":64.8029022217,"dvar2":153.440505981,"max":106.24571228,"mean":32.0743522644,"median":30.0473442078,"min":1.16138374805,"var":226.344848633},"gfcc":{"cov":[[9630.94921875,-244.626556396,-770.489746094,303.430664062,128.911651611,-441.00982666,425.888519287,-89.4751968384,428.504669189,171.021469116,9.98314571381,208.249542236,-188.586730957],[-244.626556396,1435.86218262,473.239990234,-481.457672119,-55.9974098206,218.422515869,-307.798980713,-33.0516891479,-140.482498169,57.4237327576,60.524684906,-130.960891724,113.766731262],[-770.489746094,473.239990234,576.201538086,62.9943580627,-21.6605110168,193.183898926,-140.918106079,39.8703689575,-77.2884216309,39.0731315613,23.7813453674,-43.4636039734,79.8054275513],[303.430664062,-481.457672119,62.9943580627,637.281677246,240.878067017,-87.0007019043,291.227874756,-41.6823387146,103.739860535,-4.79598426819,-15.6708927155,120.643859863,-26.4943065643],[128.911651611,-55.9974098206,-21.6605110168,240.878067017,392.432312012,74.3251953125,191.120315552,-62.2019233704,48.0872650146,-7.24524879456,28.9494152069,59.6512947083,51.8830986023],[-441.00982666,218.422515869,193.183898926,-87.0007019043,74.3251953125,357.378509521,-36.2163963318,59.9245300293,-72.8046798706,26.3976230621,6.84928846359,-34.9262466431,62.2505264282],[425.888519287,-307.798980713,-140.918106079,291.227874756,191.120315552,-36.2163963318,430.448730469,20.3045558929,128.536911011,-7.78027391434,-22.40102005,93.0178451538,-8.16807079315],[-89.4751968384,-33.0516891479,39.8703689575,-41.6823387146,-62.2019233704,59.9245300293,20.3045558929,173.051696777,49.9284744263,25.8197174072,1.08785581589,-14.1012248993,8.71030426025],[428.504669189,-140.482498169,-77.2884216309,103.739860535,48.0872650146,-72.8046798706,128.536911011,49.9284744263,181.58895874,59.8985900879,14.8336935043,55.07056427,-23.8335571289],[171.021469116,57.4237327576,39.0731315613,-4.79598426819,-7.24524879456,26.3976230621,-7.78027391434,25.8197174072,59.8985900879,116.398101807,54.3806495667,9.3796453476,10.8011512756],[9.98314571381,60.524684906,23.7813453674,-15.6708927155,28.9494152069,6.84928846359,-22.40102005,1.08785581589,14.8336935043,54.3806495667,86.9290466309,35.861076355,21.3754577637],[208.249542236,-130.960891724,-43.4636039734,120.643859863,59.6512947083,-34.9262466431,93.0178451538,-14.1012248993,55.07056427,9.3796453476,35.861076355,108.577201843,28.7589950562],[-188.586730957,113.766731262,79.8054275513,-26.4943065643,51.8830986023,62.2505264282,-8.16807079315,8.71030426025,-23.8335571289,10.8011512756,21.3754577637,28.7589950562,112.92943573]],"icov":[[0.000150397478137,-0.000217204142245,0.000393315596739,-0.000264249130851,0.0000705576385371,-0.00000448843729828,0.0000625606044196,-0.0000599802042416,-0.0000793183935457,-0.00029906842974,0.000242770227487,-0.000251992489211,0.000139320909511],[-0.000217204142245,0.0028459392488,-0.00389393698424,0.00410547340289,-0.00206756428815,0.00123605155386,-0.00085929693887,0.00113806512672,0.000595102552325,-0.00102263037115,0.000762114301324,-0.000536043837201,0.000819481385406],[0.000393315596739,-0.00389393698424,0.0096325641498,-0.00894799735397,0.0054954062216,-0.00445228861645,0.00246359128505,-0.000565179972909,-0.00275450944901,0.00319064012729,-0.00503000244498,0.00598729262128,-0.00563471578062],[-0.000264249130851,0.00410547340289,-0.00894799735397,0.0123048974201,-0.0079197883606,0.00538250384852,-0.00281370454468,-0.000415915448684,0.00484009506181,-0.00646246084943,0.00887295417488,-0.010222508572,0.00769659597427],[0.0000705576385371,-0.00206756428815,0.0054954062216,-0.0079197883606,0.0112203219905,-0.00621502893046,-0.000798887514975,0.00498548755422,-0.00758763868362,0.00897369440645,-0.0116311591119,0.0107610113919,-0.0087106982246],[-0.00000448843729828,0.00123605155386,-0.00445228861645,0.00538250384852,-0.00621502893046,0.00807300955057,-0.000897103687748,-0.00407733302563,0.00692659709603,-0.00722958194092,0.00757997296751,-0.00651481328532,0.00418894272298],[0.0000625606044196,-0.00085929693887,0.00246359128505,-0.00281370454468,-0.000798887514975,-0.000897103687748,0.00571826286614,-0.00174479628913,-0.00164642580785,0.000331381859723,0.00215632328764,-0.00183426088188,-0.00034144485835],[-0.0000599802042416,0.00113806512672,-0.000565179972909,-0.000415915448684,0.00498548755422,-0.00407733302563,-0.00174479628913,0.0119521999732,-0.00831712223589,0.00537668913603,-0.00664397422224,0.00801649037749,-0.00508932815865],[-0.0000793183935457,0.000595102552325,-0.00275450944901,0.00484009506181,-0.00758763868362,0.00692659709603,-0.00164642580785,-0.00831712223589,0.0201369896531,-0.0153715070337,0.0126913748682,-0.0144901489839,0.00954830925912],[-0.00029906842974,-0.00102263037115,0.00319064012729,-0.00646246084943,0.00897369440645,-0.00722958194092,0.000331381859723,0.00537668913603,-0.0153715070337,0.0272123552859,-0.022498300299,0.0163553450257,-0.0095219258219],[0.000242770227487,0.000762114301324,-0.00503000244498,0.00887295417488,-0.0116311591119,0.00757997296751,0.00215632328764,-0.00664397422224,0.0126913748682,-0.022498300299,0.0373323336244,-0.0251086000353,0.0112659912556],[-0.000251992489211,-0.000536043837201,0.00598729262128,-0.010222508572,0.0107610113919,-0.00651481328532,-0.00183426088188,0.00801649037749,-0.0144901489839,0.0163553450257,-0.0251086000353,0.0363344401121,-0.0177368316799],[0.000139320909511,0.000819481385406,-0.00563471578062,0.00769659597427,-0.0087106982246,0.00418894272298,-0.00034144485835,-0.00508932815865,0.00954830925912,-0.0095219258219,0.0112659912556,-0.0177368316799,0.0214209128171]],"mean":[-5.86246442795,87.8964080811,-97.9415283203,13.3197383881,-4.8708562851,-7.63642692566,1.0801153183,-17.8529415131,-8.2320022583,-6.24482536316,-7.45469045639,5.02927923203,-4.92537260056]},"hfc":{"dmean":14.0670166016,"dmean2":21.0273094177,"dvar":325.972442627,"dvar2":732.838745117,"max":398.198486328,"mean":44.5076446533,"median":38.3885612488,"min":2.05599040015e-8,"var":1211.29711914},"melbands":{"dmean":[0.00636258907616,0.0016310805222,0.000876480480656,0.000638849567622,0.000470742787002,0.000312578340527,0.000213019928196,0.000131357461214,0.000174334651092,0.000137184775667,0.00016707953182,0.000087411433924,0.0000742955162423,0.0000850144133437,0.000050034141168,0.0000345952175849,0.0000384604318242,0.0000255211125477,0.000019126380721,0.0000234349645325,0.0000210312446143,0.0000168292317539,0.0000106883462649,0.00001000409884,0.00000771104259911,0.00000467544759886,0.00000532391959496,0.00000415818976762,0.00000273301475318,0.00000206637355404,0.00000171295732798,0.00000120315496588,8.87772785063e-7,5.32046726676e-7,2.03210504424e-7,1.21582772294e-7,8.5683446116e-8,6.03641865382e-8,3.84388947339e-8,2.90558013205e-8],"dmean2":[0.0107546439394,0.00269426056184,0.00139697559644,0.00101072876714,0.000737672962714,0.000493096304126,0.000340530124959,0.000211909704376,0.00027883212897,0.000221541806241,0.000263003108557,0.000138331655762,0.000118349613331,0.000136823349749,0.0000815301973489,0.0000556498780497,0.0000625066968496,0.0000408612941101,0.0000311725889333,0.0000374912269763,0.0000336418197548,0.0000255494924204,0.0000161412681337,0.0000155835095939,0.0000123064592117,0.00000733051638235,0.00000829115560919,0.00000646738681098,0.00000411768132835,0.00000307865525428,0.00000258897125605,0.00000174812498699,0.00000135158347803,7.85498173173e-7,3.07283812617e-7,1.8618182196e-7,1.29657010461e-7,9.3400515766e-8,6.18725550794e-8,4.80534616543e-8],"dvar":[0.0000870525691425,0.00000628035422778,0.00000270033797278,0.00000160016952577,0.00000144955936321,6.58760995975e-7,4.68333553272e-7,1.76063252866e-7,4.11285867585e-7,2.14511473473e-7,4.60055503027e-7,8.72223608894e-8,3.07663263754e-8,2.57198120579e-8,8.76323902332e-9,6.50900267019e-9,8.2772837473e-9,2.50067366814e-9,9.54971879352e-10,1.93991556152e-9,1.75794812041e-9,1.72983827262e-9,5.01078512016e-10,3.9896710935e-10,2.15736845055e-10,1.1665111932e-10,1.00278070569e-10,1.92337590299e-10,1.6192026886e-10,5.40922549808e-11,5.29333590849e-11,1.74326629521e-11,1.67266461099e-11,5.92458287291e-12,4.39376372742e-13,1.62842422923e-13,9.35499439958e-14,3.59385982887e-14,6.39373884037e-15,2.20927601402e-15],"dvar2":[0.000236475287238,0.0000162289470609,0.00000635289143247,0.00000364285438081,0.00000320859680869,0.00000144844750594,0.00000114720830879,4.35236358953e-7,0.00000101095531591,5.45819887066e-7,0.00000112527504825,1.81318739578e-7,7.37598142564e-8,6.33312211562e-8,2.20711289245e-8,1.44405412073e-8,2.14191757664e-8,5.93990368003e-9,2.43181808024e-9,4.39480318803e-9,4.22025792091e-9,3.80318709858e-9,1.08956366152e-9,9.46753453412e-10,4.77095751794e-10,2.74003708611e-10,2.22625640145e-10,5.48597667294e-10,3.41152772698e-10,1.17362564112e-10,1.25763718883e-10,3.23830337545e-11,3.44244424633e-11,1.18843572136e-11,7.80698368365e-13,3.04586000519e-13,1.89669474245e-13,7.58729288165e-14,1.27730535567e-14,5.48554799674e-15],"max":[0.0787812024355,0.0544841215014,0.0349664352834,0.0293121933937,0.0287153795362,0.0286009460688,0.0129796126857,0.0103175826371,0.0151433171704,0.0118702696636,0.0160177834332,0.0112935304642,0.00358259445056,0.00431848224252,0.00356667861342,0.00272619281895,0.00232543935999,0.00105556705967,0.000610784860328,0.0014648969518,0.00109545676969,0.001207516063,0.000476576184155,0.000488708086777,0.000618656224106,0.000396478630137,0.000403302343329,0.00106360821519,0.00107752031181,0.000647803535685,0.000555939623155,0.000334816839313,0.000270523654763,0.00013132308959,0.0000297025180771,0.0000244451512117,0.0000225971380132,0.0000116387782327,0.00000518935985383,0.00000145638091453],"mean":[0.00779749685898,0.00228940090165,0.00111048819963,0.00085113622481,0.000595455639996,0.000382513797376,0.000255435530562,0.000145639438415,0.000180441013072,0.000155783607624,0.000180682734936,0.000116797797091,0.000107362895506,0.000133787994855,0.0000786681339378,0.0000560893095098,0.0000590939780523,0.0000405303544539,0.0000333026728185,0.0000405087885156,0.0000368171058653,0.0000261813147517,0.000018066888515,0.0000188925932889,0.0000139284020406,0.00000923325296753,0.0000104027167254,0.00000765342610975,0.00000542638099432,0.00000417077490056,0.00000350509503733,0.00000241671773438,0.00000159691137469,9.36864353207e-7,3.77078208658e-7,2.03291719458e-7,1.23326216794e-7,7.82039606406e-8,4.77651624919e-8,3.28850227049e-8],"median":[0.00371962413192,0.00144436699338,0.000488190940814,0.000266690040007,0.000166523226653,0.0000988391766441,0.0000431745356764,0.0000217446868191,0.0000187733003258,0.0000311595686071,0.0000264943064394,0.0000361038109986,0.000047453395382,0.0000659824290778,0.000043361189455,0.0000278283878288,0.0000261643726844,0.0000197969675355,0.0000226660904445,0.0000236893392866,0.0000223581500904,0.0000104665123217,0.00000805156378192,0.0000108931672003,0.00000865020228957,0.00000600947942075,0.00000690185925123,0.00000448264108854,0.00000286346039502,0.00000223770985031,0.0000020095092168,0.00000136491325975,8.88964223122e-7,4.87887575673e-7,2.34215107753e-7,1.14751273372e-7,5.03199153457e-8,3.10367198608e-8,2.34258568099e-8,1.50807935029e-8],"min":[3.79286581526e-13,3.06907250265e-13,1.96860458707e-13,9.39831030925e-14,2.86877285978e-14,1.34296006526e-14,2.20590876159e-14,2.305849332e-14,1.08444145929e-14,3.64105498003e-15,7.14529550436e-15,6.73171218611e-15,2.13322727843e-15,3.1687354326e-15,2.86503134585e-15,1.27957032177e-15,1.94150412368e-15,8.41539938591e-16,1.6028850212e-15,9.17906205654e-16,1.10826923725e-15,6.54749480206e-16,5.64626339288e-16,5.20004749506e-16,5.11428911492e-16,4.87296201671e-16,4.30943629086e-16,3.07215329488e-16,2.5405416529e-16,1.99799402148e-16,1.58371497154e-16,1.46747558139e-16,1.33665372497e-16,1.21825241558e-16,8.49098781203e-17,8.00410798e-17,8.206415182e-17,8.93590841119e-17,7.51182235722e-17,8.6435841062e-17],"var":[0.00010522321827,0.00000864119374455,0.00000369143072021,0.00000264611412604,0.0000019750877982,0.00000108030678803,6.14933128418e-7,1.83978286827e-7,4.35299085666e-7,2.29909915106e-7,5.04740000906e-7,1.59205171713e-7,4.47198473807e-8,4.56501467738e-8,1.3664430476e-8,1.14418527986e-8,1.26436621173e-8,4.67516514391e-9,1.60245150482e-9,3.60139873479e-9,3.01569413885e-9,2.81950440773e-9,9.83045200798e-10,7.5446582315e-10,4.2650546983e-10,2.10881520579e-10,2.11106590542e-10,3.81708609165e-10,4.89913942747e-10,1.70857772375e-10,9.73753855327e-11,3.5114810365e-11,2.52428182523e-11,1.0577738338e-11,9.51737603658e-13,3.46615558521e-13,1.64217543643e-13,6.30083685964e-14,1.26713960505e-14,2.69936228928e-15]},"melbands_crest":{"dmean":5.92826414108,"dmean2":9.83382987976,"dvar":23.4844417572,"dvar2":58.3879852295,"max":38.0191993713,"mean":20.050453186,"median":19.5563144684,"min":3.04283094406,"var":62.8627700806},"melbands_flatness_db":{"dmean":0.0458490103483,"dmean2":0.0717427358031,"dvar":0.00150655105244,"dvar2":0.00370996911079,"max":0.620794475079,"mean":0.259709179401,"median":0.248148754239,"min":0.0405740998685,"var":0.00626842444763},"melbands_kurtosis":{"dmean":16.8531894684,"dmean2":27.4846172333,"dvar":1393.44238281,"dvar2":3560.95874023,"max":1603.27478027,"mean":22.0486545563,"median":10.7030534744,"min":-1.84945034981,"var":1894.81811523},"melbands_skewness":{"dmean":1.41351592541,"dmean2":2.19866371155,"dvar":2.17788362503,"dvar2":5.19720983505,"max":32.9353065491,"mean":3.38366532326,"median":2.97527003288,"min":-5.27987241745,"var":6.10413455963},"melbands_spread":{"dmean":9.02513313293,"dmean2":14.3306674957,"dvar":145.904342651,"dvar2":342.086120605,"max":176.087341309,"mean":19.3102149963,"median":15.1039056778,"min":0.118327662349,"var":310.111206055},"mfcc":{"cov":[[8799.28027344,79.2463531494,-1275.90258789,788.059570312,-503.489685059,104.740699768,-310.359344482,164.823318481,34.0024299622,130.100402832,185.40083313,156.053237915,130.787872314],[79.2463531494,1627.93347168,362.433044434,-566.902282715,198.055740356,-45.8883857727,26.5880699158,-258.578918457,-61.4539413452,-82.7400741577,10.087346077,-47.2901992798,25.0768966675],[-1275.90258789,362.433044434,744.976989746,-214.554077148,161.641601562,-60.0493850708,46.9127960205,-100.672164917,-0.460964798927,-30.0459423065,-14.043056488,-8.66839790344,-12.5054244995],[788.059570312,-566.902282715,-214.554077148,785.700317383,-79.1205368042,185.113998413,-3.16698479652,172.457489014,48.1606292725,64.3976974487,-25.3283634186,54.9974327087,44.9985733032],[-503.489685059,198.055740356,161.641601562,-79.1205368042,301.249389648,83.9739532471,77.1901473999,-48.8194732666,-6.45960569382,-32.5740737915,-24.1151828766,1.30219483376,14.8451395035],[104.740699768,-45.8883857727,-60.0493850708,185.113998413,83.9739532471,296.738555908,130.266296387,71.1353683472,51.6121177673,11.6279792786,-10.8508415222,-9.29490661621,44.7614173889],[-310.359344482,26.5880699158,46.9127960205,-3.16698479652,77.1901473999,130.266296387,205.704772949,58.1317329407,56.6719436646,-0.861458897591,-8.32149028778,-33.7480735779,12.6039686203],[164.823318481,-258.578918457,-100.672164917,172.457489014,-48.8194732666,71.1353683472,58.1317329407,194.123748779,84.6833343506,38.7334442139,3.51608347893,8.94924068451,5.57392835617],[34.0024299622,-61.4539413452,-0.460964798927,48.1606292725,-6.45960569382,51.6121177673,56.6719436646,84.6833343506,149.325317383,50.1696929932,28.7276477814,8.50236988068,33.2745056152],[130.100402832,-82.7400741577,-30.0459423065,64.3976974487,-32.5740737915,11.6279792786,-0.861458897591,38.7334442139,50.1696929932,90.0064697266,43.1577148438,23.258764267,15.0011720657],[185.40083313,10.087346077,-14.043056488,-25.3283634186,-24.1151828766,-10.8508415222,-8.32149028778,3.51608347893,28.7276477814,43.1577148438,96.6889801025,43.0880241394,29.3586101532],[156.053237915,-47.2901992798,-8.66839790344,54.9974327087,1.30219483376,-9.29490661621,-33.7480735779,8.94924068451,8.50236988068,23.258764267,43.0880241394,101.415161133,48.6945953369],[130.787872314,25.0768966675,-12.5054244995,44.9985733032,14.8451395035,44.7614173889,12.6039686203,5.57392835617,33.2745056152,15.0011720657,29.3586101532,48.6945953369,105.549545288]],"icov":[[0.000209077406907,-0.000195978471311,0.000319637125358,-0.000234275590628,0.000166163619724,-0.0000397079929826,0.000234399936744,-0.0000675706687616,-0.0000473559739476,0.0000910522649065,-0.000340626953403,-0.0000622020161245,0.0000197161389224],[-0.000195978471311,0.00120236852672,-0.00052064016927,0.000754919485189,-0.000337074976414,-0.000267778086709,-0.000147221508087,0.000866616901476,-0.0000444186880486,0.00015333337069,0.000128427025629,0.000434820249211,-0.000537681451533],[0.000319637125358,-0.00052064016927,0.00229961867444,-0.000357032142347,-0.00050300359726,0.000661501137074,-0.000301207619486,0.000564950110856,-0.000691824243404,0.0000894560289453,-0.000143366822158,-0.000542273686733,0.000444084231276],[-0.000234275590628,0.000754919485189,-0.000357032142347,0.00286120572127,0.000254797836533,-0.00173135055229,0.000743322831113,-0.000999265583232,0.000566758506466,-0.00134096294641,0.00211420026608,-0.00105713051744,-0.00057722144993],[0.000166163619724,-0.000337074976414,-0.00050300359726,0.000254797836533,0.00528175197542,-0.001758325845,-0.00108169787563,0.00120709196199,-0.000121884295368,0.000655610987451,0.0012858872069,-0.00214456696995,0.00035115936771],[-0.0000397079929826,-0.000267778086709,0.000661501137074,-0.00173135055229,-0.001758325845,0.00703937932849,-0.00350763555616,-0.000370358058717,-0.0000938434823183,-0.0000580348096264,-0.000217022374272,0.00152736005839,-0.0019766644109],[0.000234399936744,-0.000147221508087,-0.000301207619486,0.000743322831113,-0.00108169787563,-0.00350763555616,0.00958960782737,-0.00275246147066,-0.00134778744541,0.000867038790602,-0.0011266823858,0.00301931984723,-0.000746064586565],[-0.0000675706687616,0.000866616901476,0.000564950110856,-0.000999265583232,0.00120709196199,-0.000370358058717,-0.00275246147066,0.0109692458063,-0.00485052913427,-0.000207060205867,0.00121611787472,-0.00197197892703,0.0022375327535],[-0.0000473559739476,-0.0000444186880486,-0.000691824243404,0.000566758506466,-0.000121884295368,-0.0000938434823183,-0.00134778744541,-0.00485052913427,0.0122985607013,-0.00478146458045,-0.00113016937394,0.00190464605112,-0.00354222464375],[0.0000910522649065,0.00015333337069,0.0000894560289453,-0.00134096294641,0.000655610987451,-0.0000580348096264,0.000867038790602,-0.000207060205867,-0.00478146458045,0.0185295213014,-0.00737324357033,-0.000426197308116,0.00139418465551],[-0.000340626953403,0.000128427025629,-0.000143366822158,0.00211420026608,0.0012858872069,-0.000217022374272,-0.0011266823858,0.00121611787472,-0.00113016937394,-0.00737324357033,0.0186301991343,-0.0066119520925,-0.0012726696441],[-0.0000622020161245,0.000434820249211,-0.000542273686733,-0.00105713051744,-0.00214456696995,0.00152736005839,0.00301931984723,-0.00197197892703,0.00190464605112,-0.000426197308116,-0.0066119520925,0.0183329284191,-0.00740083074197],[0.0000197161389224,-0.000537681451533,0.000444084231276,-0.00057722144993,0.00035115936771,-0.0019766644109,-0.000746064586565,0.0022375327535,-0.00354222464375,0.00139418465551,-0.0012726696441,-0.00740083074197,0.0153228966519]],"mean":[-667.135742188,145.3097229,-23.7921714783,38.5468063354,5.1068778038,27.3182563782,7.86402702332,10.2616214752,1.44220626354,-0.846241414547,-2.2182598114,-0.598855435848,3.96423983574]},"pitch_salience":{"dmean":0.114431880414,"dmean2":0.186803743243,"dvar":0.00891662295908,"dvar2":0.0227407831699,"max":0.870533883572,"mean":0.489884257317,"median":0.501682937145,"min":0.0408619306982,"var":0.0241456329823},"silence_rate_20dB":{"dmean":0,"dmean2":0,"dvar":0,"dvar2":0,"max":1,"mean":1,"median":1,"min":1,"var":0},"silence_rate_30dB":{"dmean":0.0944706201553,"dmean2":0.188964664936,"dvar":0.0855389907956,"dvar2":0.204609259963,"max":1,"mean":0.922399878502,"median":1,"min":0,"var":0.0715773701668},"silence_rate_60dB":{"dmean":0.0235556662083,"dmean2":0.0471171736717,"dvar":0.0229974482208,"dvar2":0.0476287566125,"max":1,"mean":0.0670633465052,"median":0,"min":0,"var":0.0625582262874},"spectral_centroid":{"dmean":305.561737061,"dmean2":446.917175293,"dvar":109444.007812,"dvar2":204718.328125,"max":4628.65722656,"mean":1436.60583496,"median":1358.57348633,"min":131.569854736,"var":620597.125},"spectral_complexity":{"dmean":3.81279444695,"dmean2":5.66918802261,"dvar":12.1889648438,"dvar2":24.5793704987,"max":51,"mean":22.3487052917,"median":24,"min":0,"var":121.754646301},"spectral_contrast_coeffs":{"dmean":[0.0635715276003,0.0598175153136,0.0420890673995,0.0314177908003,0.0260105635971,0.0445129275322],"dmean2":[0.100719213486,0.0969806909561,0.0688435807824,0.0515558868647,0.0413295179605,0.0687105804682],"dvar":[0.00262467190623,0.00233724550344,0.00112163438462,0.000635306292679,0.000494023261126,0.00150388234761],"dvar2":[0.0061796521768,0.00592763256282,0.00286118732765,0.001639906317,0.00119224423543,0.00352670857683],"max":[-0.246394515038,-0.371178865433,-0.535182118416,-0.601817309856,-0.611817657948,-0.378835439682],"mean":[-0.696538209915,-0.764682114124,-0.805672228336,-0.804436147213,-0.805944740772,-0.707205891609],"median":[-0.715179681778,-0.775154471397,-0.814632058144,-0.80584526062,-0.799625396729,-0.698766052723],"min":[-0.942680954933,-0.977000236511,-0.970947027206,-0.973583877087,-0.967713713646,-0.96469950676],"var":[0.010393765755,0.00699518574402,0.00331668904983,0.00181377213448,0.00222510634921,0.0083453534171]},"spectral_contrast_valleys":{"dmean":[0.461764097214,0.514379441738,0.40012460947,0.322256863117,0.332907915115,0.646158576012],"dmean2":[0.733766138554,0.769773721695,0.587878763676,0.477415502071,0.479052037001,1.00822353363],"dvar":[0.169689312577,0.209321424365,0.149033233523,0.129009321332,0.186319217086,0.296720385551],"dvar2":[0.363288402557,0.425101935863,0.258154243231,0.221109613776,0.352995425463,0.725973665714],"max":[-4.91059207916,-4.58746194839,-5.02296113968,-5.62531375885,-5.13775730133,-8.56786823273],"mean":[-6.84581136703,-7.01407766342,-6.99298524857,-7.28436422348,-7.50673723221,-11.1698465347],"median":[-6.52046728134,-6.87001991272,-6.83186769485,-7.01867580414,-7.09430170059,-11.0502300262],"min":[-22.1684322357,-21.6519050598,-21.2494106293,-20.5765342712,-21.1143074036,-22.1358966827],"var":[1.35256111622,1.18876481056,0.977252483368,1.04718065262,1.28779649734,0.995712041855]},"spectral_decrease":{"dmean":7.10540826176e-9,"dmean2":1.13453015871e-8,"dvar":7.45423536646e-17,"dvar2":1.89469530954e-16,"max":1.14197970524e-10,"mean":-1.25985613053e-8,"median":-1.00888062349e-8,"min":-9.48410416868e-8,"var":1.18700762008e-16},"spectral_energy":{"dmean":0.0273481998593,"dmean2":0.0436153188348,"dvar":0.00108471408021,"dvar2":0.00275641633198,"max":0.36282029748,"mean":0.0515869520605,"median":0.042665053159,"min":4.67266806845e-12,"var":0.001785658882},"spectral_energyband_high":{"dmean":0.000232285048696,"dmean2":0.000318052974762,"dvar":4.7967722594e-7,"dvar2":7.97518396212e-7,"max":0.052805852145,"mean":0.000727797450963,"median":0.000538009917364,"min":6.68855636566e-14,"var":0.00000218534569285},"spectral_energyband_low":{"dmean":0.0227212756872,"dmean2":0.0374990254641,"dvar":0.000956957344897,"dvar2":0.0025175018236,"max":0.261248171329,"mean":0.0310901068151,"median":0.0188346970826,"min":2.26555189539e-12,"var":0.00128342479002},"spectral_energyband_middle_high":{"dmean":0.00235604634508,"dmean2":0.0034464886412,"dvar":0.0000193130308617,"dvar2":0.0000424811696575,"max":0.110657200217,"mean":0.00617899466306,"median":0.00441673072055,"min":2.05218952725e-13,"var":0.0000472923711641},"spectral_energyband_middle_low":{"dmean":0.00675996532664,"dmean2":0.0103107756004,"dvar":0.0000996481685434,"dvar2":0.000219627589104,"max":0.147388026118,"mean":0.0115409074351,"median":0.00613593542948,"min":1.07287909026e-12,"var":0.000198033492779},"spectral_entropy":{"dmean":0.185357511044,"dmean2":0.285252034664,"dvar":0.0512471012771,"dvar2":0.122329048812,"max":9.14418411255,"mean":7.52105236053,"median":7.68190670013,"min":4.6825094223,"var":0.213170900941},"spectral_flux":{"dmean":0.0427325330675,"dmean2":0.0708984658122,"dvar":0.00188484822866,"dvar2":0.00496983388439,"max":0.454913944006,"mean":0.133042618632,"median":0.126252248883,"min":0.000118466479762,"var":0.00448806164786},"spectral_kurtosis":{"dmean":3.89150929451,"dmean2":6.08360385895,"dvar":41.3759307861,"dvar2":103.549507141,"max":111.371185303,"mean":13.906750679,"median":11.521317482,"min":1.44780492783,"var":73.6890792847},"spectral_rms":{"dmean":0.0017523142742,"dmean2":0.0026741202455,"dvar":0.0000028468509754,"dvar2":0.00000692503317623,"max":0.018814118579,"mean":0.00643117818981,"median":0.00645170081407,"min":6.75181510701e-8,"var":0.0000089684035629},"spectral_rolloff":{"dmean":1131.36413574,"dmean2":2034.68603516,"dvar":10889966,"dvar2":27166216,"max":22028.4667969,"mean":1783.09033203,"median":904.39453125,"min":21.533203125,"var":14590953},"spectral_skewness":{"dmean":0.35119971633,"dmean2":0.525521874428,"dvar":0.217345312238,"dvar2":0.518014192581,"max":8.54282855988,"mean":2.33716392517,"median":2.10974979401,"min":0.730778217316,"var":0.772351801395},"spectral_spread":{"dmean":464878,"dmean2":726344.6875,"dvar":317966843904,"dvar2":765564092416,"max":28104866,"mean":3551757.5,"median":3517419.5,"min":888567.125,"var":679162413056},"spectral_strongpeak":{"dmean":0.639832615852,"dmean2":1.1217674017,"dvar":11.1989269257,"dvar2":29.0970935822,"max":91.6465911865,"mean":0.689377784729,"median":0.292171865702,"min":0,"var":8.28976726532},"zerocrossingrate":{"dmean":0.0244736894965,"dmean2":0.0304564591497,"dvar":0.000677202129737,"dvar2":0.000914172967896,"max":0.7158203125,"mean":0.109624862671,"median":0.09521484375,"min":0.00048828125,"var":0.0047298152931}},"metadata":{"audio_properties":{"analysis_sample_rate":44100,"bit_rate":160000,"codec":"mp3","downmix":"mix","equal_loudness":0,"length":187.271835327,"lossless":false,"md5_encoded":"b212f87f87632751066c2bd95c7b55e0","replay_gain":-10.3136901855,"sample_rate":44100},"tags":{"album":["New Whirl Odor"],"album artist credit":["Public Enemy"],"albumartist":["Public Enemy"],"albumartistsort":["Public Enemy"],"artist":["Public Enemy"],"artist credit":["Public Enemy"],"artistsort":["Public Enemy"],"asin":["B000B5KRSY"],"bpm":["0"],"catalognumber":["SJR1005CV"],"composer":["Public Enemy"],"date":["2005-11-01"],"discnumber":["1/1"],"encodedby":["iTunes v6.0.5.20"],"file_name":"06 - Public Enemy - What a Fool Believes.mp3","genre":["Hip Hop / Rap"],"label":["SLAMjamz Records"],"language":["eng"],"media":["CD"],"musicbrainz album release country":["US"],"musicbrainz album status":["Official"],"musicbrainz album type":["album"],"musicbrainz_albumartistid":["bf2e15d0-4b77-469e-bfb4-f8414415baca"],"musicbrainz_albumid":["0c09b808-51c4-4bbb-b786-66556911e4a9"],"musicbrainz_artistid":["bf2e15d0-4b77-469e-bfb4-f8414415baca"],"musicbrainz_recordingid":["ea2400d8-f1bc-46d0-ac68-4fba843c56e1"],"musicbrainz_releasegroupid":["4022f7a0-2c42-369c-a4dd-5b7741f536c1"],"originaldate":["2005-11-01"],"replaygain_album_gain":["0.00 dB"],"replaygain_album_peak":["0.000000"],"replaygain_track_gain":["-9.90 dB"],"replaygain_track_peak":["1.066681"],"script":["Latn"],"title":["What a Fool Believes"],"tracknumber":["6/15"]},"version":{"essentia":"2.1-beta1","essentia_build_sha":"5a811adb4c06fd6d02ca903f7349a26d851abfa8","essentia_git_sha":"v2.1_beta1-34-gf95df8b","extractor":"music 1.0"}},"rhythm":{"beats_count":291,"beats_loudness":{"dmean":0.0427648611367,"dmean2":0.0749148055911,"dvar":0.00173783348873,"dvar2":0.00511681381613,"max":0.277899682522,"mean":0.0642667040229,"median":0.0593985281885,"min":0.0000340620827046,"var":0.00177648942918},"beats_loudness_band_ratio":{"dmean":[0.301713556051,0.143376350403,0.1250551