{"lowlevel":{"average_loudness":0.965766370296,"barkbands":{"dmean":[0.00177378486842,0.0126984836534,0.00152695958968,0.0025341801811,0.0045962613076,0.000968969019596,0.000603347842116,0.00118773989379,0.00075707747601,0.000359348254278,0.000143511919305,0.00012430458446,0.000116701223305,0.000157898990437,0.000238643493503,0.0000524646529811,0.000112601679575,0.0000665894622216,0.0000631192233413,0.0000455554873042,0.0000433585701103,0.0000474854641652,0.000035191889765,0.000037249748857,0.0000350044865627,0.0000174660617631,0.0000130477410494],"dmean2":[0.00252837990411,0.0189885161817,0.00251780427061,0.0038233010564,0.00721131684259,0.00152017362416,0.000941040751059,0.00181402801536,0.00114808802027,0.000535531260539,0.000226697651669,0.000194973341422,0.000177651818376,0.000250747019891,0.00038070010487,0.0000826866453281,0.000183510172064,0.000107243133243,0.000101660887594,0.0000732756743673,0.0000703799087205,0.0000701054013916,0.0000544389222341,0.0000516314539709,0.0000534306891495,0.0000266260976787,0.000020956797016],"dvar":[0.0000172468171513,0.000824583054055,0.0000116745368359,0.0000356000746251,0.000101769059256,0.00000279357436739,0.0000010958204939,0.00000447034472018,0.00000231398985306,7.04972364929e-7,1.12687409626e-7,9.05287365072e-8,8.74231602666e-8,1.48849096604e-7,3.73956225985e-7,1.52596175695e-8,5.08560269452e-8,1.28816317613e-8,1.17018661427e-8,6.53573373199e-9,7.49009121392e-9,5.14419928876e-9,4.19673096275e-9,4.13529877008e-9,4.90595608582e-9,1.58711688236e-9,2.95680457896e-9],"dvar2":[0.0000371342321159,0.00163921376225,0.0000289005747618,0.0000736376387067,0.000259335356532,0.00000696218648955,0.00000253896746472,0.0000105576491478,0.00000534412674824,0.00000146354625485,2.73934318784e-7,2.09972768062e-7,1.81435581226e-7,3.84675558962e-7,9.43352063132e-7,3.44875310532e-8,1.26505071307e-7,3.17374571068e-8,2.74148632684e-8,1.57565942516e-8,1.79348909057e-8,1.09071178755e-8,9.71156843832e-9,7.59313856236e-9,9.29141297235e-9,3.58331475603e-9,6.87809587063e-9],"max":[0.0427944809198,0.226538330317,0.067615121603,0.0846682265401,0.115978881717,0.0257564913481,0.0212197955698,0.0331422239542,0.0395735614002,0.0188951361924,0.00873433612287,0.00893719960004,0.0139357037842,0.0104561988264,0.0153945032507,0.00446742260829,0.00631502037868,0.00293949898332,0.00151149032172,0.00116712821182,0.000928675173782,0.000954772986006,0.00103172881063,0.00104067241773,0.00139917212073,0.000807185308076,0.000801571644843],"mean":[0.00186030636542,0.0148542290553,0.00286052701995,0.00342734949663,0.00617261603475,0.00153507280629,0.000995679525658,0.00215266295709,0.00148019671906,0.00060992554063,0.000201165763428,0.000201318936888,0.00019732482906,0.000242958572926,0.000349410896888,0.00008715633885,0.000202464143513,0.000111544344691,0.0000994999645627,0.0000749519167584,0.0000670038425596,0.0000931720715016,0.0000683634862071,0.000068852386903,0.0000667005951982,0.000026672907552,0.000011437203284],"median":[0.000174529865035,0.00220962846652,0.000830760458484,0.000997551600449,0.00271478132345,0.000620157341473,0.000381885969546,0.000617641082499,0.000375132251065,0.000135345137096,0.0000352352690243,0.0000483879775857,0.0000424014506279,0.0000619422353338,0.0000782591523603,0.0000203438503377,0.0000629635760561,0.0000376093375962,0.0000295635327348,0.0000184323198482,0.0000198379602807,0.0000542277884961,0.0000344760228472,0.0000311468465952,0.0000369253757526,0.0000119419564726,5.62045556762e-7],"min":[1.29066247608e-25,3.32287816473e-24,5.18901363579e-25,7.17137770326e-25,8.93332515913e-24,3.88367819896e-24,3.33033802788e-24,1.12757884526e-23,1.55544374739e-23,1.32424533992e-23,1.25934220337e-23,2.50576886046e-23,1.5050579392e-23,2.90576283349e-23,3.50236318998e-23,5.26581030987e-23,8.52115559134e-23,8.2653488257e-23,1.26741182445e-22,1.35786614994e-22,2.26561180146e-22,3.17154900513e-22,3.92657143783e-22,5.93089256507e-22,9.04149102121e-22,1.23144352846e-21,2.08937704406e-21],"var":[0.000021990006644,0.00118576013483,0.0000246259787673,0.0000566772614548,0.000119076430565,0.00000586883516007,0.00000322725441038,0.0000111784411274,0.00000678283186062,0.00000192008769773,2.44077938305e-7,2.13581756725e-7,2.53817745488e-7,2.70020450444e-7,6.5766522539e-7,4.18678069991e-8,1.55104501687e-7,3.10690744243e-8,2.5717378449e-8,1.71472525068e-8,1.38617597401e-8,1.28485746487e-8,8.45877590194e-9,1.04994182237e-8,1.19036647206e-8,2.62732391398e-9,2.76848433067e-9]},"barkbands_crest":{"dmean":3.28114032745,"dmean2":5.28065395355,"dvar":9.29716587067,"dvar2":20.9411811829,"max":26.3735237122,"mean":11.8512268066,"median":10.8273353577,"min":2.35348153114,"var":22.6588916779},"barkbands_flatness_db":{"dmean":0.0361143164337,"dmean2":0.0535359121859,"dvar":0.00146457226947,"dvar2":0.00307682529092,"max":0.577860891819,"mean":0.179524853826,"median":0.163773104548,"min":0.0197024047375,"var":0.00540975900367},"barkbands_kurtosis":{"dmean":14.4665927887,"dmean2":23.0814247131,"dvar":1691.81091309,"dvar2":4594.0859375,"max":1046.89489746,"mean":18.445772171,"median":7.01099538803,"min":-1.95317983627,"var":1788.04675293},"barkbands_skewness":{"dmean":1.15297043324,"dmean2":1.69107687473,"dvar":2.3329372406,"dvar2":5.38236379623,"max":25.3732032776,"mean":2.73086237907,"median":2.23473024368,"min":-5.40200805664,"var":6.01447486877},"barkbands_spread":{"dmean":6.3918223381,"dmean2":9.63914203644,"dvar":94.8731536865,"dvar2":204.728881836,"max":128.116226196,"mean":15.5725231171,"median":12.122220993,"min":0.162562698126,"var":216.157958984},"dissonance":{"dmean":0.0288139116019,"dmean2":0.0470053888857,"dvar":0.000789369922131,"dvar2":0.00202570133843,"max":0.499999970198,"mean":0.443141937256,"median":0.452206850052,"min":0.147169709206,"var":0.00175126094837},"dynamic_complexity":3.27420687675,"erbbands":{"dmean":[0.558026731014,2.30835986137,2.09408760071,4.17200613022,19.1263961792,10.8859529495,8.57458400726,7.77552747726,8.8542175293,11.7551107407,28.8269062042,20.2267570496,8.13870429993,10.7131261826,5.08963727951,5.62272977829,5.05900382996,7.99821043015,14.4088106155,4.03663921356,3.39087080956,5.43310165405,3.79611158371,3.17576813698,3.06161093712,2.08627414703,1.61900484562,1.78430259228,1.60956346989,1.67493605614,0.880102813244,0.787393033504,0.652571380138,0.462529301643,0.210564732552,0.0898265093565,0.0303672738373,0.00819680001587,0.00235428661108,0.000170501851244],"dmean2":[0.749956250191,3.81908082962,3.507188797,6.40510129929,29.8734035492,17.0158462524,13.3680725098,12.2931013107,13.8375930786,17.8857898712,44.1139984131,30.2301769257,12.2395839691,16.0839233398,7.91302251816,8.79922389984,7.67876052856,12.37915802,22.9396839142,6.28989601135,5.37676000595,8.81028175354,6.00328683853,5.13980960846,4.83017396927,3.4257953167,2.57026576996,2.98560786247,2.35403132439,2.56110095978,1.33431303501,1.12197613716,0.950365424156,0.710950791836,0.314527243376,0.139476627111,0.0458888784051,0.0128589197993,0.00387509446591,0.000268789881375],"dvar":[1.60063385963,29.4076557159,20.7664241791,63.8470497131,2681.53955078,330.201873779,224.856445312,220.715820312,255.697463989,453.391113281,2996.61157227,1469.87878418,346.450042725,833.752197266,105.472221375,198.817260742,159.863220215,375.046661377,1417.7734375,69.2088775635,50.2647628784,125.942718506,39.3409118652,32.3880958557,27.8954143524,15.2215862274,10.3206481934,12.1233596802,6.0951333046,6.29843664169,3.10485315323,1.69613432884,1.56787037849,0.829368531704,0.21990840137,0.0413886494935,0.0049588852562,0.000711610715371,0.0000993257708615,4.30088334724e-7],"dvar2":[2.84133887291,68.1981582642,53.6792373657,139.892028809,6444.97460938,846.451049805,562.351806641,560.438964844,599.11932373,1020.8951416,7196.49414062,3312.45751953,686.52130127,1801.24255371,254.013275146,463.962219238,336.186462402,960.167175293,3602.66503906,153.814666748,118.822319031,311.294372559,94.0501785278,77.4538879395,66.5796737671,37.6996612549,22.6532249451,30.5072116852,12.4920454025,13.7594280243,7.07320928574,3.41358089447,2.96026086807,1.6036233902,0.437640011311,0.0930838063359,0.0111236590892,0.00171752821188,0.000233257989748,9.87320959212e-7],"max":[10.5174436569,44.1482124329,79.0218734741,107.222541809,612.271972656,246.474380493,266.035461426,281.120330811,328.214111328,510.816436768,899.022094727,865.547973633,566.001037598,689.320983887,216.027999878,452.284515381,593.165893555,503.948120117,954.370910645,292.045440674,190.987426758,387.78012085,163.83984375,126.740348816,88.4673614502,58.2316513062,34.6561737061,40.2173042297,33.5782012939,31.8089313507,25.107416153,24.0889511108,21.9283771515,16.301109314,10.3890781403,4.31996583939,1.42994165421,0.377152711153,0.143742650747,0.00996310263872],"mean":[0.641484677792,2.4712407589,3.58205008507,6.74428892136,22.4393386841,16.4760608673,13.6992444992,11.8630657196,14.8992328644,22.9869270325,50.8805046082,41.5439567566,16.081993103,17.3570957184,8.43360042572,9.51220226288,9.31847381592,13.785153389,21.6543540955,7.07202100754,6.4133477211,10.0125799179,7.32614564896,4.95154714584,5.19094610214,3.47152113914,2.50201916695,2.80325078964,3.16071176529,3.26269721985,1.68990290165,1.51525866985,1.11421692371,0.867932260036,0.38223862648,0.141988202929,0.0449017360806,0.00917874090374,0.00206978549249,0.000176109519089],"median":[0.04672184214,0.543213486671,1.35690045357,3.13275170326,6.30545568466,8.16287899017,5.86302280426,4.55600166321,5.60183238983,8.25405883789,18.9658985138,13.7530221939,5.44405174255,3.90584874153,2.36422252655,2.5424695015,2.45353412628,4.18074369431,5.59085226059,2.28986406326,1.78078460693,3.28440189362,2.7683968544,1.61643767357,1.44820618629,0.94244492054,0.727291703224,0.946139335632,1.77115273476,1.86897826195,0.753237962723,0.798133850098,0.431738674641,0.476081997156,0.198234438896,0.0615633949637,0.0210592932999,0.0025036544539,0.000150292209582,0.0000382381913369],"min":[6.44422366741e-23,4.5590450231e-22,1.59370239058e-21,1.26802797404e-20,1.4077990409e-20,3.01180790804e-20,4.143844966e-20,3.88607222267e-20,6.80116429941e-20,1.51545071689e-19,3.03696802809e-19,4.8303341117e-19,5.85998630773e-19,5.8136781521e-19,1.23185856472e-18,1.18007023413e-18,1.33687224541e-18,1.16107041245e-18,2.32903765005e-18,3.19208109165e-18,3.32739874088e-18,4.54928864184e-18,6.30636005643e-18,5.86136252947e-18,8.01061474813e-18,8.16280605467e-18,9.26186852686e-18,9.74048598263e-18,1.14950485584e-17,1.10755720349e-17,1.21702148811e-17,1.02929681856e-17,1.02286143611e-17,8.24739519847e-18,6.7316193996e-18,4.21119841879e-18,2.35070812774e-18,9.71578843749e-19,2.52298306936e-19,2.6437569641e-20],"var":[2.62180948257,31.5265407562,33.3159255981,104.768234253,3241.61035156,504.617858887,458.673797607,432.809326172,622.105224609,1475.9720459,6632.67724609,4523.40869141,1094.13378906,1988.45678711,255.489578247,469.705749512,488.019592285,748.133239746,2444.80078125,179.610290527,161.507354736,392.954406738,122.031524658,61.6619110107,70.5787658691,38.0703926086,20.1859207153,21.1896018982,16.0750389099,15.117228508,6.17766475677,4.08918380737,3.5494787693,1.95876693726,0.482488036156,0.0756880789995,0.00767901819199,0.000730409927201,0.0000902520041564,4.162394589e-7]},"erbbands_crest":{"dmean":3.43890285492,"dmean2":5.48809528351,"dvar":10.0984954834,"dvar2":25.0235977173,"max":31.8699913025,"mean":11.1683101654,"median":10.1207370758,"min":2.34554481506,"var":24.7633457184},"erbbands_flatness_db":{"dmean":0.0261055119336,"dmean2":0.0383236259222,"dvar":0.000689438835252,"dvar2":0.00144289620221,"max":0.391848474741,"mean":0.15441596508,"median":0.149302095175,"min":0.0322807654738,"var":0.00223539373837},"erbbands_kurtosis":{"dmean":2.25796508789,"dmean2":3.57688713074,"dvar":18.8399238586,"dvar2":45.629447937,"max":82.2566146851,"mean":2.25943636894,"median":0.732792139053,"min":-1.94916331768,"var":29.5174751282},"erbbands_skewness":{"dmean":0.550869941711,"dmean2":0.836922764778,"dvar":0.353126734495,"dvar2":0.807501018047,"max":7.96435403824,"mean":0.872014522552,"median":0.878960669041,"min":-4.95715045929,"var":1.23370110989},"erbbands_spread":{"dmean":14.369017601,"dmean2":21.5333843231,"dvar":308.708953857,"dvar2":664.41998291,"max":214.908401489,"mean":46.1379241943,"median":36.7505950928,"min":1.88019645214,"var":1059.86828613},"gfcc":{"cov":[[17847.4023438,2286.63647461,-1789.07922363,-304.64175415,-236.820785522,69.9982376099,-493.107849121,233.274078369,-13.6888589859,-47.7288818359,-231.243179321,-133.556259155,-143.199386597],[2286.63647461,2460.56787109,-429.563690186,-164.809463501,428.777374268,-77.5386505127,60.2458152771,63.5618515015,224.494873047,-48.8049049377,85.6057128906,-86.214225769,31.6394824982],[-1789.07922363,-429.563690186,1603.13928223,607.888671875,141.099151611,285.931671143,158.701828003,18.3097763062,118.376495361,74.4717102051,-10.313123703,6.68775510788,55.2333374023],[-304.64175415,-164.809463501,607.888671875,783.728393555,249.750930786,89.9925231934,75.5764083862,14.197681427,46.4222373962,56.7010688782,5.98303318024,15.6717166901,40.671295166],[-236.820785522,428.777374268,141.099151611,249.750930786,524.7421875,63.9479293823,121.288841248,50.0644226074,129.870162964,25.8844814301,77.1449127197,9.64080810547,64.7545776367],[69.9982376099,-77.5386505127,285.931671143,89.9925231934,63.9479293823,320.796173096,102.52217865,52.9316902161,30.6402359009,47.4915657043,7.17157936096,14.3540878296,-11.3617258072],[-493.107849121,60.2458152771,158.701828003,75.5764083862,121.288841248,102.52217865,279.09954834,49.740776062,32.5250091553,22.4460582733,65.8358688354,-6.29749345779,11.128326416],[233.274078369,63.5618515015,18.3097763062,14.197681427,50.0644226074,52.9316902161,49.740776062,149.207015991,68.6845703125,16.1113185883,10.6061887741,4.41770029068,0.12168482691],[-13.6888589859,224.494873047,118.376495361,46.4222373962,129.870162964,30.6402359009,32.5250091553,68.6845703125,195.36050415,54.696598053,6.78013038635,-20.9088840485,20.3571643829],[-47.7288818359,-48.8049049377,74.4717102051,56.7010688782,25.8844814301,47.4915657043,22.4460582733,16.1113185883,54.696598053,113.667617798,44.0040168762,0.397767335176,-1.78924882412],[-231.243179321,85.6057128906,-10.313123703,5.98303318024,77.1449127197,7.17157936096,65.8358688354,10.6061887741,6.78013038635,44.0040168762,131.139373779,39.0925636292,10.3174180984],[-133.556259155,-86.214225769,6.68775510788,15.6717166901,9.64080810547,14.3540878296,-6.29749345779,4.41770029068,-20.9088840485,0.397767335176,39.0925636292,116.783226013,39.8773765564],[-143.199386597,31.6394824982,55.2333374023,40.671295166,64.7545776367,-11.3617258072,11.128326416,0.12168482691,20.3571643829,-1.78924882412,10.3174180984,39.8773765564,103.378433228]],"icov":[[0.0000902944302652,-0.000109632426756,0.000115589420602,-0.000105013532448,0.000108711770736,-0.000160106501426,0.00015092646936,-0.000177527123014,0.000105642735434,-0.000104204365925,0.000150005143951,0.0000285597307084,-0.0000121374214359],[-0.000109632426756,0.000771283812355,0.000048403024266,0.00022497815371,-0.000527528754901,0.000120614116895,-0.0000860891159391,0.000339600228472,-0.000913392519578,0.000928312365431,-0.000806768017355,0.000555560691282,-0.000087585147412],[0.000115589420602,0.000048403024266,0.00136343191843,-0.000996681395918,0.000526604475453,-0.00109715247527,-0.0000772560524638,0.000350603513652,-0.000955128460191,0.000456229638075,-0.0000759714966989,0.000342345825629,-0.000562072964385],[-0.000105013532448,0.00022497815371,-0.000996681395918,0.00249745184556,-0.0015223788796,0.000745557190385,-0.000182647752808,-0.0000950696339714,0.000953792827204,-0.00126095826272,0.000908861402422,-0.000419679359766,0.000252482481301],[0.000108711770736,-0.000527528754901,0.000526604475453,-0.0015223788796,0.00404117675498,-0.000956386094913,-0.000372187467292,0.000124122787383,-0.00198601698503,0.0014333819272,-0.00189826497808,0.000470001250505,-0.0015428540064],[-0.000160106501426,0.000120614116895,-0.00109715247527,0.000745557190385,-0.000956386094913,0.00517244124785,-0.00165785534773,-0.000999266747385,0.0010203847196,-0.00230471976101,0.00181425572373,-0.00170921103563,0.00161877914798],[0.00015092646936,-0.0000860891159391,-0.0000772560524638,-0.000182647752808,-0.000372187467292,-0.00165785534773,0.00565310614184,-0.00149269262329,0.000424167519668,0.000974165275693,-0.00298842275515,0.00207130750641,-0.000774712185375],[-0.000177527123014,0.000339600228472,0.000350603513652,-0.0000950696339714,0.000124122787383,-0.000999266747385,-0.00149269262329,0.00945385359228,-0.00419373018667,0.00147672533058,-0.000540041015483,-0.00113530433737,0.000805432908237],[0.000105642735434,-0.000913392519578,-0.000955128460191,0.000953792827204,-0.00198601698503,0.0010203847196,0.000424167519668,-0.00419373018667,0.0109062017873,-0.00618553673849,0.00324767152779,0.000828873133287,-0.00102217099629],[-0.000104204365925,0.000928312365431,0.000456229638075,-0.00126095826272,0.0014333819272,-0.00230471976101,0.000974165275693,0.00147672533058,-0.00618553673849,0.0156366862357,-0.0076250997372,0.0022849990055,-0.0000656062111375],[0.000150005143951,-0.000806768017355,-0.0000759714966989,0.000908861402422,-0.00189826497808,0.00181425572373,-0.00298842275515,-0.000540041015483,0.00324767152779,-0.0076250997372,0.0148911047727,-0.005742628593,0.001805994194],[0.0000285597307084,0.000555560691282,0.000342345825629,-0.000419679359766,0.000470001250505,-0.00170921103563,0.00207130750641,-0.00113530433737,0.000828873133287,0.0022849990055,-0.005742628593,0.0133237149566,-0.00554221030325],[-0.0000121374214359,-0.000087585147412,-0.000562072964385,0.000252482481301,-0.0015428540064,0.00161877914798,-0.000774712185375,0.000805432908237,-0.00102217099629,-0.0000656062111375,0.001805994194,-0.00554221030325,0.0132687101141]],"mean":[-38.8497619629,82.4563140869,-75.3885803223,31.1851997375,-62.0191078186,14.0935163498,-40.0788879395,9.27837562561,-18.0368385315,1.8686119318,-21.2230930328,-2.77701377869,-15.5992078781]},"hfc":{"dmean":4.31379270554,"dmean2":6.04960203171,"dvar":28.4871063232,"dvar2":52.3360710144,"max":56.0625686646,"mean":13.3970718384,"median":11.5081691742,"min":1.10300365694e-16,"var":107.311981201},"melbands":{"dmean":[0.00410899007693,0.00164452090394,0.00124060106464,0.001136699575,0.000309697032208,0.0001757684513,0.000131363791297,0.000144862322486,0.000236805994064,0.000112739529868,0.0000397598887503,0.0000459931325167,0.000018446784452,0.0000147783284774,0.0000125690830828,0.0000107382757051,0.0000167313046404,0.0000227187665587,0.0000109134925879,0.00000418609079134,0.00000454937980976,0.00000639145719106,0.00000511287953486,0.0000029386631013,0.00000271975773103,0.00000240095209847,0.00000202127034754,0.000001344442353,0.00000100287581972,0.00000108833967261,0.00000105865080968,8.88646013664e-7,0.00000114377291993,8.72363727922e-7,4.8647677886e-7,5.50561424006e-7,4.82926111545e-7,4.5476735977e-7,4.97432836255e-7,3.79897727498e-7],"dmean2":[0.00578851532191,0.00272322702222,0.00189733109437,0.00176953990012,0.00048424169654,0.000276755279629,0.000204112409847,0.000220911679207,0.000362205319107,0.000168428960023,0.0000597796242801,0.0000688565487508,0.0000289989529847,0.0000229427078011,0.000019557932319,0.0000161844000104,0.000026025747502,0.0000363020517398,0.0000174623583007,0.00000647928209219,0.00000730953888706,0.0000105125600385,0.00000812105281511,0.00000474418538943,0.00000443577755505,0.00000384784289054,0.00000318218440043,0.00000225408052756,0.00000157735041739,0.00000179047242455,0.00000177274739599,0.00000134030460686,0.00000176998378265,0.00000136419055252,7.35373362204e-7,8.53904566611e-7,6.80652988194e-7,6.60481020986e-7,7.66084497172e-7,5.91142679696e-7],"dvar":[0.0000852874582051,0.0000123590871226,0.00000880735751707,0.00000675131059324,2.57986954466e-7,1.03996306677e-7,5.42486020549e-8,6.53017409036e-8,1.95312253481e-7,4.70357015558e-8,8.65768967628e-9,1.58251953764e-8,1.68047120663e-9,1.26598798111e-9,7.77819975095e-10,8.26788082442e-10,1.84123527536e-9,3.37146532914e-9,5.99388483291e-10,1.01088172555e-10,1.02455016693e-10,2.30541016832e-10,8.50368664373e-11,2.90722897145e-11,2.58303257256e-11,1.79588531546e-11,1.27983439818e-11,6.86773121011e-12,3.86585555234e-12,5.32487075267e-12,4.0737244307e-12,1.95475753639e-12,3.18723541483e-12,1.70237912309e-12,9.16199733268e-13,1.2450747898e-12,6.20313967293e-13,7.90240756946e-13,9.59951302476e-13,5.92697982707e-13],"dvar2":[0.000157830727403,0.0000302087228192,0.0000192797269847,0.0000169320592249,6.52943185742e-7,2.63157801328e-7,1.25730039713e-7,1.48043326931e-7,4.7328387609e-7,1.04809188883e-7,1.71744467536e-8,3.38732526473e-8,4.10389633387e-9,2.91148194442e-9,1.7091270621e-9,1.56580026722e-9,4.81189577073e-9,8.52990300615e-9,1.48537504518e-9,2.21883927898e-10,2.50524490042e-10,5.79189474159e-10,2.07649106243e-10,7.41587000141e-11,6.26214982646e-11,4.18107701239e-11,3.10707085061e-11,1.73195034703e-11,8.47118122177e-12,1.33174044709e-11,1.04067457776e-11,4.13871497837e-12,7.43479843662e-12,3.74754654392e-12,2.00535313181e-12,3.01051479752e-12,1.23247430057e-12,1.54353222911e-12,1.95479700135e-12,1.19028690983e-12],"max":[0.0756867900491,0.0401369407773,0.0390411019325,0.0294593852013,0.00880182720721,0.00542346062139,0.00484936265275,0.00602197879925,0.00707771861926,0.00473202252761,0.00276939943433,0.00307762320153,0.00109006010462,0.00102458626498,0.0007842509076,0.00193553755525,0.00112979405094,0.00148992007598,0.000514844083227,0.0003639072238,0.000247237883741,0.000560834712815,0.000210023499676,0.000185364231584,0.000104374994407,0.0000849150746944,0.0000770412443671,0.0000408500418416,0.00002167038474,0.0000254263759416,0.0000231166995945,0.0000200780450541,0.000024126324206,0.0000177260462806,0.0000144793966683,0.0000217806646106,0.0000143365277836,0.0000164269185916,0.0000173879270733,0.000017060794562],"mean":[0.00484039494768,0.00232226122171,0.00176060572267,0.00148176623043,0.000510479148943,0.000272674456937,0.000221924419748,0.000282231427263,0.000422330806032,0.000226055461098,0.0000720726311556,0.0000720980897313,0.0000273341975117,0.0000252107311098,0.0000212869035749,0.0000184760265256,0.000026436529879,0.0000335367731168,0.0000165723158716,0.00000686014755047,0.00000787672161096,0.0000109638440335,0.00000892689786269,0.00000491008813697,0.00000382192456527,0.00000384312988899,0.00000333997923008,0.00000201865577765,0.00000145995159073,0.00000159382477705,0.00000161220134487,0.00000165078927239,0.00000205670971809,0.00000167259145201,8.89133843884e-7,9.82768710855e-7,8.95924472388e-7,7.33579099688e-7,8.37288951061e-7,6.97995801602e-7],"median":[0.000519642257132,0.000817025022116,0.000686598010361,0.000597802631091,0.000243301779847,0.00010405179637,0.000079196121078,0.000100298078905,0.000163916090969,0.0000597437901888,0.0000187184177776,0.000014035114873,0.00000640808048047,0.00000609215749137,0.000005632342436,0.00000435499714513,0.00000630132581136,0.00000800838461146,0.00000446573540103,0.00000158847115017,0.00000190523576293,0.00000305403773382,0.00000334574201588,0.00000160191416398,0.00000104355081021,0.00000105101344161,7.72655766923e-7,4.80264134239e-7,3.94214794142e-7,4.35627043771e-7,5.37516029908e-7,8.75523141985e-7,0.00000120987283481,9.38357800351e-7,3.33100246053e-7,5.04595618622e-7,4.53898508113e-7,2.5691096539e-7,3.74724436369e-7,4.07867872809e-7],"min":[1.46361298189e-24,1.25875004494e-24,2.54773377571e-24,1.77920990184e-24,1.28797024173e-24,7.87236344794e-25,1.13603918125e-24,1.920860527e-24,1.84593451822e-24,2.10064666046e-24,2.66192040566e-24,2.10912632355e-24,2.85439398628e-24,2.42417961972e-24,2.90238532553e-24,1.43893662392e-24,1.96904079843e-24,3.26091511277e-24,3.63721083646e-24,3.70369366697e-24,3.748239459e-24,5.09073911915e-24,4.0504729766e-24,4.3951535218e-24,3.36805622877e-24,4.05770643667e-24,4.42416585374e-24,4.72021864615e-24,5.13220164833e-24,4.38018212511e-24,5.20669654462e-24,5.6070016444e-24,5.61374127754e-24,5.69439244434e-24,6.06234714725e-24,5.96666226375e-24,6.47286326258e-24,7.26859987945e-24,5.79922456446e-24,5.83580246692e-24],"var":[0.000134817295475,0.0000150660025611,0.0000127970424728,0.00000799245481176,5.55139138214e-7,2.10024921898e-7,1.46478242868e-7,2.14349270777e-7,4.390026902e-7,1.43853554846e-7,2.65665072163e-8,3.77371591753e-8,3.64882790649e-9,3.26828830666e-9,2.1736772382e-9,2.54329601823e-9,3.33371819039e-9,5.86330006769e-9,1.17978449232e-9,2.64986754761e-10,2.84063272904e-10,6.135754127e-10,2.08058903439e-10,6.39650138412e-11,4.40655359424e-11,4.31432528591e-11,3.6220432903e-11,1.43378338716e-11,7.37735480344e-12,8.61195142976e-12,6.95419806809e-12,4.83243783531e-12,6.38167556993e-12,4.09418636146e-12,1.92171192154e-12,2.09938381783e-12,1.50681192784e-12,1.66664295212e-12,2.10245557943e-12,1.3050953547e-12]},"melbands_crest":{"dmean":4.12376213074,"dmean2":6.27841806412,"dvar":14.7533664703,"dvar2":29.5835666656,"max":38.4161567688,"mean":16.5539646149,"median":15.3705015182,"min":1.45436477661,"var":47.3548927307},"melbands_flatness_db":{"dmean":0.0419960580766,"dmean2":0.0613279864192,"dvar":0.00200543599203,"dvar2":0.00411107530817,"max":0.706346511841,"mean":0.262243956327,"median":0.245403200388,"min":0.000840372405946,"var":0.00892486516386},"melbands_kurtosis":{"dmean":35.554485321,"dmean2":54.1288261414,"dvar":7518.375,"dvar2":17539.7558594,"max":1767.9675293,"mean":52.3051948547,"median":15.9399623871,"min":-1.92903053761,"var":13517.9648438},"melbands_skewness":{"dmean":1.58742904663,"dmean2":2.31037712097,"dvar":4.11904668808,"dvar2":8.75172424316,"max":34.7473945618,"mean":4.16229915619,"median":3.08555865288,"min":-3.56095743179,"var":14.683880806},"melbands_spread":{"dmean":6.61514949799,"dmean2":10.0548906326,"dvar":234.920684814,"dvar2":515.664916992,"max":294.196502686,"mean":16.0034370422,"median":10.8467712402,"min":0.0912888944149,"var":634.353210449},"mfcc":{"cov":[[10724.6289062,1944.10888672,-1395.91003418,-313.743652344,-13.2727804184,-294.141082764,-237.354660034,26.1562995911,-60.0857467651,116.60018158,9.34984207153,-125.69115448,-77.4548034668],[1944.10888672,2200.86743164,-510.711181641,-42.5911979675,132.344360352,-62.2501335144,-66.8173599243,101.293952942,3.95448732376,115.474472046,96.7303390503,-4.6623044014,14.0999307632],[-1395.91003418,-510.711181641,1372.89501953,281.07925415,174.578872681,263.386901855,106.862609863,32.5109519958,158.276275635,25.1819572449,27.6461677551,64.5908660889,26.2865028381],[-313.743652344,-42.5911979675,281.07925415,665.686523438,259.558135986,147.260543823,74.1594085693,30.6763057709,85.9479522705,38.6420478821,-33.0174789429,46.0298995972,86.2953186035],[-13.2727804184,132.344360352,174.578872681,259.558135986,392.542144775,132.335769653,19.7160930634,58.3157501221,102.242378235,48.8914260864,13.1586446762,28.3746414185,57.1992607117],[-294.141082764,-62.2501335144,263.386901855,147.260543823,132.335769653,270.065063477,125.601837158,51.3748435974,67.0147628784,31.4961147308,37.602142334,42.1947746277,28.8076763153],[-237.354660034,-66.8173599243,106.862609863,74.1594085693,19.7160930634,125.601837158,251.52507019,76.0107040405,12.3658819199,26.4179191589,26.6645565033,42.2511863708,19.0649471283],[26.1562995911,101.293952942,32.5109519958,30.6763057709,58.3157501221,51.3748435974,76.0107040405,157.600479126,54.7212715149,15.8190221786,41.3449211121,21.1901721954,11.3350715637],[-60.0857467651,3.95448732376,158.276275635,85.9479522705,102.242378235,67.0147628784,12.3658819199,54.7212715149,166.382583618,63.1100273132,11.3950490952,19.2203159332,9.33881092072],[116.60018158,115.474472046,25.1819572449,38.6420478821,48.8914260864,31.4961147308,26.4179191589,15.8190221786,63.1100273132,152.406723022,76.0298538208,12.0061063766,-0.175102055073],[9.34984207153,96.7303390503,27.6461677551,-33.0174789429,13.1586446762,37.602142334,26.6645565033,41.3449211121,11.3950490952,76.0298538208,153.668930054,41.9398498535,-9.74000740051],[-125.69115448,-4.6623044014,64.5908660889,46.0298995972,28.3746414185,42.1947746277,42.2511863708,21.1901721954,19.2203159332,12.0061063766,41.9398498535,101.320663452,37.1451072693],[-77.4548034668,14.0999307632,26.2865028381,86.2953186035,57.1992607117,28.8076763153,19.0649471283,11.3350715637,9.33881092072,-0.175102055073,-9.74000740051,37.1451072693,115.959136963]],"icov":[[0.000123071135022,-0.000083304112195,0.0000883579414221,0.0000173447515408,-0.0000174806955329,3.09243318952e-7,0.0000500973364979,-0.0000191282924789,-0.0000148820308823,-0.000080235346104,0.0000647889173706,0.0000374559567717,0.0000560973749089],[-0.000083304112195,0.000632810755633,0.000153315340867,0.0000218596960622,-0.000242942274781,0.0000148047047333,0.000219752982957,-0.000446689547971,0.000237216227106,-0.000390378554584,-0.000138437375426,-0.000029714727134,-0.0000817218387965],[0.0000883579414221,0.000153315340867,0.00114941701759,-0.000216630054638,-0.0000578004437557,-0.000692072324455,0.00000946432828641,0.000272200239124,-0.000829399097711,0.000321979110595,-0.000317237427225,-0.0000907332432689,0.000183010095498],[0.0000173447515408,0.0000218596960622,-0.000216630054638,0.00239178398624,-0.00122756697237,-0.000307528418489,-0.000284145964542,0.0000933807095862,0.000132249668241,-0.000703541387338,0.00117097934708,-0.000505188130774,-0.000753919710405],[-0.0000174806955329,-0.000242942274781,-0.0000578004437557,-0.00122756697237,0.00450326083228,-0.00151765753981,0.00106982467696,-0.000813656311948,-0.00115857494529,-0.000253528356552,-0.00000609869175605,0.000272242061328,-0.000990941305645],[3.09243318952e-7,0.0000148047047333,-0.000692072324455,-0.000307528418489,-0.00151765753981,0.0070673590526,-0.00313088600524,0.000796276668552,-0.00143042614218,0.00110540958121,-0.00172002136242,0.000151286221808,-0.000262125715381],[0.0000500973364979,0.000219752982957,0.00000946432828641,-0.000284145964542,0.00106982467696,-0.00313088600524,0.00701193325222,-0.00369575084187,0.00246255728416,-0.00243823928759,0.00182949972805,-0.00198285910301,0.000261401175521],[-0.0000191282924789,-0.000446689547971,0.000272200239124,0.0000933807095862,-0.000813656311948,0.000796276668552,-0.00369575084187,0.0104969386011,-0.00453309621662,0.00366476015188,-0.00392320984975,0.00127814721782,-0.00067293504253],[-0.0000148820308823,0.000237216227106,-0.000829399097711,0.000132249668241,-0.00115857494529,-0.00143042614218,0.00246255728416,-0.00453309621662,0.0114965196699,-0.00595972593874,0.00406079879031,-0.00227506761439,0.00115088687744],[-0.000080235346104,-0.000390378554584,0.000321979110595,-0.000703541387338,-0.000253528356552,0.00110540958121,-0.00243823928759,0.00366476015188,-0.00595972593874,0.0129518033937,-0.00755656696856,0.00284099183045,-0.000707706727553],[0.0000647889173706,-0.000138437375426,-0.000317237427225,0.00117097934708,-0.00000609869175605,-0.00172002136242,0.00182949972805,-0.00392320984975,0.00406079879031,-0.00755656696856,0.013197934255,-0.00568505143747,0.00236481591128],[0.0000374559567717,-0.000029714727134,-0.0000907332432689,-0.000505188130774,0.000272242061328,0.000151286221808,-0.00198285910301,0.00127814721782,-0.00227506761439,0.00284099183045,-0.00568505143747,0.0147414887324,-0.00455778837204],[0.0000560973749089,-0.0000817218387965,0.000183010095498,-0.000753919710405,-0.000990941305645,-0.000262125715381,0.000261401175521,-0.00067293504253,0.00115088687744,-0.000707706727553,0.00236481591128,-0.00455778837204,0.011332301423]],"mean":[-691.521972656,117.242790222,36.8960113525,22.0570259094,7.79040288925,4.99768829346,-7.52807807922,4.17372941971,1.42235910892,2.92740750313,8.03077316284,-5.23729467392,-5.90158605576]},"pitch_salience":{"dmean":0.0937735512853,"dmean2":0.145274445415,"dvar":0.00770812667906,"dvar2":0.0184361953288,"max":0.988968551159,"mean":0.499557375908,"median":0.508678436279,"min":0.0384458377957,"var":0.0202333703637},"silence_rate_20dB":{"dmean":0,"dmean2":0,"dvar":0,"dvar2":0,"max":1,"mean":1,"median":1,"min":1,"var":0},"silence_rate_30dB":{"dmean":0.0810234546661,"dmean2":0.162061929703,"dvar":0.0744663327932,"dvar2":0.155815213919,"max":1,"mean":0.917500913143,"median":1,"min":0,"var":0.0757021680474},"silence_rate_60dB":{"dmean":0.0242884960026,"dmean2":0.0485814958811,"dvar":0.0237010754645,"dvar2":0.0558669455349,"max":1,"mean":0.0811086371541,"median":0,"min":0,"var":0.0745419189334},"spectral_centroid":{"dmean":248.804550171,"dmean2":377.100463867,"dvar":142955.203125,"dvar2":285130.6875,"max":11658.9521484,"mean":998.984863281,"median":747.242675781,"min":78.9886398315,"var":1348232},"spectral_complexity":{"dmean":2.69120240211,"dmean2":4.10272598267,"dvar":10.1044301987,"dvar2":20.4900760651,"max":43,"mean":11.2424917221,"median":10,"min":0,"var":51.8936767578},"spectral_contrast_coeffs":{"dmean":[0.0608136579394,0.0577628351748,0.0481056161225,0.0400923080742,0.0275167748332,0.0196667332202],"dmean2":[0.0932987630367,0.0897362455726,0.0740052238107,0.0626957416534,0.0426091775298,0.029865603894],"dvar":[0.00304713891819,0.00227207853459,0.0016123506939,0.00117673201021,0.000650627014693,0.000301643885905],"dvar2":[0.00636815372854,0.00516250682995,0.00355789298192,0.00262534758076,0.00145661504939,0.000682023935951],"max":[-0.228126123548,-0.391576051712,-0.465800493956,-0.500074923038,-0.584350347519,-0.653608083725],"mean":[-0.615805625916,-0.699306368828,-0.74391913414,-0.771371126175,-0.798814296722,-0.797460258007],"median":[-0.628162384033,-0.699430882931,-0.748764634132,-0.776329040527,-0.809957027435,-0.79783731699],"min":[-0.981329977512,-0.979414343834,-0.986375510693,-0.985962688923,-0.979462563992,-0.964940071106],"var":[0.0124348327518,0.00864006765187,0.00887593626976,0.00510201184079,0.00310826953501,0.00150386837777]},"spectral_contrast_valleys":{"dmean":[0.486802458763,0.596581041813,0.591231942177,0.565412998199,0.500171780586,0.430174052715],"dmean2":[0.743511974812,0.859758973122,0.864135742188,0.848826408386,0.72264790535,0.591241776943],"dvar":[0.295884311199,0.306148707867,0.333669781685,0.344807446003,0.329086363316,0.306738078594],"dvar2":[0.53490370512,0.609284281731,0.681236982346,0.742008388042,0.67772603035,0.54811924696],"max":[-4.7851729393,-4.81605768204,-5.56815576553,-6.04293012619,-6.16539573669,-8.15375137329],"mean":[-7.49373960495,-7.31132888794,-8.34066677094,-8.79547119141,-8.48261928558,-10.1504659653],"median":[-7.0717010498,-6.91379880905,-8.02416610718,-8.46409225464,-8.32730293274,-9.84028053284],"min":[-28.1007995605,-27.7317676544,-27.7812633514,-27.6885967255,-27.4778079987,-27.446105957],"var":[4.71638011932,4.26907300949,3.7821457386,3.77192258835,3.36088848114,2.8835337162]},"spectral_decrease":{"dmean":5.3407016587e-9,"dmean2":7.46037454036e-9,"dvar":6.57717642472e-17,"dvar2":1.22765302545e-16,"max":1.82558615788e-20,"mean":-9.77771819066e-9,"median":-5.82597348142e-9,"min":-6.35485619682e-8,"var":1.250599148e-16},"spectral_energy":{"dmean":0.0204455014318,"dmean2":0.0285197794437,"dvar":0.000950695073698,"dvar2":0.00177385320421,"max":0.241240769625,"mean":0.0381184965372,"median":0.0231543555856,"min":1.0232863142e-20,"var":0.0018239740748},"spectral_energyband_high":{"dmean":0.00020093472267,"dmean2":0.000298008992104,"dvar":1.09894500611e-7,"dvar2":2.17150144977e-7,"max":0.00366222299635,"mean":0.000431351887528,"median":0.00022456694569,"min":7.22929844418e-21,"var":2.90247442081e-7},"spectral_energyband_low":{"dmean":0.0142912752926,"dmean2":0.0203637517989,"dvar":0.000868358358275,"dvar2":0.00158316467423,"max":0.237545162439,"mean":0.0203557815403,"median":0.00529506523162,"min":1.56996036577e-23,"var":0.00150968041271},"spectral_energyband_middle_high":{"dmean":0.000852775003295,"dmean2":0.00128380407114,"dvar":0.00000159594242177,"dvar2":0.0000035022837892,"max":0.0230399351567,"mean":0.0022251571063,"median":0.00121744419448,"min":1.20036609435e-21,"var":0.00000765101322031},"spectral_energyband_middle_low":{"dmean":0.0080600278452,"dmean2":0.0117809688672,"dvar":0.000234277700656,"dvar2":0.000516535947099,"max":0.176915556192,"mean":0.0159797053784,"median":0.0109841674566,"min":1.47397284367e-22,"var":0.000391844514525},"spectral_entropy":{"dmean":0.300778776407,"dmean2":0.443650782108,"dvar":0.110404454172,"dvar2":0.237717658281,"max":9.81611442566,"mean":7.36148452759,"median":7.3639793396,"min":4.2792468071,"var":0.367192924023},"spectral_flux":{"dmean":0.0421065501869,"dmean2":0.0705069303513,"dvar":0.00285422429442,"dvar2":0.00729114701971,"max":0.411035001278,"mean":0.0973849520087,"median":0.0775819197297,"min":6.49809858699e-11,"var":0.00491133378819},"spectral_kurtosis":{"dmean":2.13617062569,"dmean2":3.37499666214,"dvar":18.2117366791,"dvar2":45.7920608521,"max":83.4528656006,"mean":4.28946256638,"median":3.4381737709,"min":-1.36634409428,"var":21.9755516052},"spectral_rms":{"dmean":0.00142498663627,"dmean2":0.00192725961097,"dvar":0.00000308021867568,"dvar2":0.00000531119030711,"max":0.0153413442895,"mean":0.00529061676934,"median":0.00475285341963,"min":3.15963292856e-12,"var":0.00000919818194234},"spectral_rolloff":{"dmean":443.66104126,"dmean2":760.006408691,"dvar":1552971,"dvar2":3562346.5,"max":20693.4082031,"mean":1195.71704102,"median":602.9296875,"min":43.06640625,"var":6156874},"spectral_skewness":{"dmean":0.343865334988,"dmean2":0.508537352085,"dvar":0.183685496449,"dvar2":0.431330829859,"max":7.94462060928,"mean":1.66515552998,"median":1.65679931641,"min":-0.323902279139,"var":0.452737241983},"spectral_spread":{"dmean":1075293.375,"dmean2":1587242,"dvar":1629485662210,"dvar2":3316959936510,"max":43524220,"mean":6425978,"median":5764803.5,"min":940726.6875,"var":13623320641500},"spectral_strongpeak":{"dmean":0.448658555746,"dmean2":0.750520586967,"dvar":0.340966552496,"dvar2":0.84269541502,"max":7.51155424118,"mean":0.792218029499,"median":0.508572936058,"min":0,"var":0.588279306889},"zerocrossingrate":{"dmean":0.0134957004339,"dmean2":0.0154450517148,"dvar":0.000379234727006,"dvar2":0.000456466106698,"max":0.5419921875,"mean":0.0582061745226,"median":0.041015625,"min":0.001953125,"var":0.00480629876256}},"metadata":{"audio_properties":{"analysis_sample_rate":44100,"bit_rate":320033,"codec":"mp3","downmix":"mix","equal_loudness":0,"length":250.462036133,"lossless":false,"md5_encoded":"36cf0bc81a5ef9de84319f677da98bb2","replay_gain":-15.0827732086,"sample_rate":44100},"tags":{"acoustid_id":["b3ecd905-7bc5-48d7-8768-e4237be8d9ac"],"album":["The Getaway"],"albumartist":["Red Hot Chili Peppers"],"albumartistsort":["Red Hot Chili Peppers"],"artist":["Red Hot Chili Peppers"],"artistsort":["Red Hot Chili Peppers"],"asin":["B01F3REDMU"],"date":["2016-06-17"],"file_name":"01 - The Getaway.mp3","isrc":["USWB11600617"],"label":["Warner Bros. Records"],"language":["eng"],"media":["CD"],"musicbrainz album release country":["US"],"musicbrainz album status":["official"],"musicbrainz album type":["album"],"musicbrainz_albumartistid":["8bfac288-ccc5-448d-9573-c33ea2aa5c30"],"musicbrainz_albumid":["1df7de0f-a01b-40ca-9ecb-978ad43b9351"],"musicbrainz_artistid":["8bfac288-ccc5-448d-9573-c33ea2aa5c30"],"musicbrainz_recordingid":["ea45de37-9999-4f38-8ae3-f6a20fc9f7f5"],"musicbrainz_releasegroupid":["831f10e3-32e5-4d22-b001-2f3ab1254be0"],"musicbrainz_workid":["31a94145-0b91-44ca-be70-d0feba1e02bf"],"originaldate":["2016"],"script":["Latn"],"title":["The Getaway"],"tracknumber":["1/13"],"work":["The Getaway"],"writer":["Flea","Josh Klinghoffer","Anthony Kiedis","Chad Smith","Brian Burton"]},"version":{"essentia":"2.1-beta2","essentia_build_sha":"70f2e5ece6736b2c40cc944ad0e695b16b925413","essentia_git_sha":"v2.1_beta2","extractor":"music 1.0"}},"rhythm":{"beats_count":475,"beats_loudness":{"dmean":0.0478033348918,"dmean2":0.0863401517272,"dvar":0.00118506792933,"dvar2":0.00370855885558,"max":0.157612383366,"mean":0.0625284165144,"median":0.0640452876687,"min":0,"var":0.00138994387817},"beats_loudness_band_ratio":{"dmean":[0.260901302099,0.184220850468,0.128856882453,0.0399228855968,0.0235963072628,0.0374364033341],"dmean2":[