{"lowlevel":{"average_loudness":0.970519542694,"barkbands":{"dmean":[0.000178441259777,0.00259173102677,0.00271687097847,0.00123957649339,0.00258214515634,0.000854402722325,0.00059437006712,0.00125016144011,0.000916880380828,0.000687559484504,0.000324355612975,0.000613561656792,0.000679016928189,0.000701586541254,0.000659649143927,0.000381165795261,0.00032068658038,0.000260932429228,0.000179791648407,0.000138086295919,0.000120826531202,0.000114309958008,0.000147016500705,0.000125066857436,0.000101249526779,0.0000815453095129,0.0000325609616993],"dmean2":[0.000275825907011,0.00435407320037,0.00484681408852,0.00213322765194,0.00453742407262,0.00140663119964,0.000945365056396,0.00191220093984,0.0014543782454,0.00106840766966,0.000531144905835,0.000933473580517,0.00105301383883,0.00109496887308,0.00102247274481,0.0005974577507,0.000512808212079,0.000415520218667,0.000294189259876,0.00021709658904,0.000181793846423,0.000167933176272,0.000211625359952,0.00018245827232,0.000144634163007,0.000120148120914,0.0000484111988044],"dvar":[1.35111747568e-7,0.0000244476013904,0.0000415735157731,0.00000510622112415,0.0000402506229875,0.00000168576139004,0.00000146353249875,0.00000937769709708,0.00000273237083093,0.00000238584880208,9.34083914217e-7,0.000004063367669,0.00000342949601873,0.00000320842377732,0.00000312270208269,0.0000011270323057,2.89136750098e-7,1.60073128086e-7,4.64006078005e-8,4.08647764516e-8,3.880959909e-8,6.90089621003e-8,2.67379760999e-7,1.86659050883e-7,3.90988041943e-8,1.93613836075e-8,2.78881340243e-9],"dvar2":[2.9184556638e-7,0.0000636386830593,0.000118070885947,0.0000139804133141,0.000112628338684,0.00000426269161835,0.00000328298938257,0.0000203004692594,0.00000665553079671,0.00000516002273798,0.0000024105686407,0.0000087631151473,0.00000804515821073,0.00000737564550946,0.00000713077633918,0.00000251490791925,6.75667763517e-7,3.61966414175e-7,1.14674328699e-7,9.30018728695e-8,8.13666360955e-8,1.47622984059e-7,5.65041091249e-7,3.68986889043e-7,7.39493231094e-8,3.81486806589e-8,5.65397284547e-9],"max":[0.00392006803304,0.0457937978208,0.0661539584398,0.0331960916519,0.067458935082,0.0180291254073,0.0305752344429,0.071284994483,0.0415552332997,0.0354616455734,0.0261087417603,0.0416366010904,0.0342271588743,0.0327139012516,0.0323453433812,0.029959153384,0.0154088372365,0.0109992651269,0.00750529905781,0.00606677867472,0.00509383063763,0.00556157808751,0.018560949713,0.0189536828548,0.00684204557911,0.00267672515474,0.00090652378276],"mean":[0.000214508720092,0.00361955026165,0.00274971104227,0.00159061339218,0.00298597337678,0.00139679957647,0.00104872556403,0.00210327887908,0.00172510975972,0.00122844823636,0.00048243830679,0.000979498610832,0.00108091568109,0.00117132836021,0.00109337945469,0.00081160798436,0.000714195135515,0.000604495464358,0.000467913254397,0.000346746761352,0.000324323715176,0.00027171743568,0.000349690992152,0.000287870177999,0.000197210072656,0.000131944936584,0.0000487730212626],"median":[0.0000824201633804,0.00199735397473,0.00125190464314,0.00101589749102,0.00161815760657,0.000926006701775,0.000618435849901,0.000681415316649,0.00107261771336,0.000547948875464,0.000211554783164,0.000181736104423,0.00017037516227,0.000302341533825,0.000378034717869,0.000318036123645,0.000450028746855,0.000338793528499,0.000401057477575,0.000250823009992,0.000194079970242,0.000128469269839,0.000133718480356,0.000156361697009,0.000116183851787,0.0000697086434229,0.0000221844111365],"min":[2.14148594022e-25,2.7559336929e-24,8.50419074314e-25,2.59839797292e-24,9.56191319423e-24,1.32781493552e-23,1.27309039234e-23,6.69549795383e-24,1.22409077053e-23,1.84042116935e-23,1.781795709e-23,1.97498932241e-23,2.26744309472e-23,4.56903313812e-23,3.57581623768e-23,5.55958999959e-23,5.08179020216e-23,8.16339328687e-23,1.24603760667e-22,1.60979462293e-22,2.50905604386e-22,3.35886699319e-22,3.98645418469e-22,6.17648250913e-22,9.01049800153e-22,1.31208202615e-21,1.95238131355e-21],"var":[1.67651535321e-7,0.0000265925191343,0.0000294836390822,0.00000464059758087,0.0000287829789158,0.00000241706493398,0.00000287515990749,0.0000210954785871,0.00000515512374477,0.00000547267836737,0.00000122718563489,0.00000790559079178,0.00000763720163377,0.00000729134808353,0.000005529990176,0.00000370902876057,8.03193358934e-7,5.01290230659e-7,1.05928108951e-7,1.09528002668e-7,1.46611327523e-7,1.89827190411e-7,7.27249812371e-7,3.96334684183e-7,8.5391036464e-8,3.60721230663e-8,5.35431166071e-9]},"barkbands_crest":{"dmean":2.47150325775,"dmean2":4.07920455933,"dvar":5.45857954025,"dvar2":14.4208898544,"max":25.1540145874,"mean":7.86266422272,"median":7.05511188507,"min":2.1091864109,"var":11.8199911118},"barkbands_flatness_db":{"dmean":0.0166625156999,"dmean2":0.0266141761094,"dvar":0.000265973620117,"dvar2":0.000670051609632,"max":0.478444308043,"mean":0.0789371430874,"median":0.070965051651,"min":0.0121839754283,"var":0.00231888517737},"barkbands_kurtosis":{"dmean":1.59374284744,"dmean2":2.64681649208,"dvar":10.3838100433,"dvar2":21.1610126495,"max":197.127944946,"mean":1.72694802284,"median":0.402001857758,"min":-1.80628049374,"var":49.8113822937},"barkbands_skewness":{"dmean":0.4456782341,"dmean2":0.710503697395,"dvar":0.221551194787,"dvar2":0.542189180851,"max":9.52046966553,"mean":1.02266812325,"median":0.976069927216,"min":-2.40368771553,"var":0.966956377029},"barkbands_spread":{"dmean":6.45993947983,"dmean2":9.99684429169,"dvar":42.6719093323,"dvar2":97.8760223389,"max":92.0180892944,"mean":30.9861297607,"median":29.3391590118,"min":0.384220838547,"var":169.983230591},"dissonance":{"dmean":0.0136546222493,"dmean2":0.0230439361185,"dvar":0.000188231642824,"dvar2":0.00049999327166,"max":0.500000178814,"mean":0.47640863061,"median":0.481415271759,"min":0.312217742205,"var":0.00036643925705},"dynamic_complexity":2.55652832985,"erbbands":{"dmean":[0.0708140656352,0.674553155899,2.86223196983,3.81804251671,5.30068540573,11.4259719849,6.33727788925,6.9051156044,7.56387805939,13.382484436,28.0252170563,21.9930667877,16.7856845856,21.2832527161,13.4937324524,25.7930450439,25.1630077362,33.4148292542,37.5216026306,24.93019104,16.2168273926,16.2868747711,14.4522981644,8.60466384888,9.19839286804,6.67609262466,4.66798210144,5.04564094543,3.94365239143,4.02822351456,4.28108119965,3.28764820099,1.81100022793,1.07755124569,0.769913315773,0.38623726368,0.143650963902,0.0421508476138,0.00567425787449,0.000252761266893],"dmean2":[0.111188918352,1.1806948185,5.11209774017,6.70620441437,9.21947956085,20.2345428467,10.7096700668,11.3144245148,12.19506073,20.9754142761,42.8516693115,34.5372772217,26.5264759064,32.7839660645,21.5291652679,39.1746559143,38.5358848572,50.9035377502,57.6895561218,38.3943519592,25.668056488,26.0566749573,22.9372520447,14.0275087357,15.0049715042,10.4822540283,7.26914644241,7.4473567009,5.76943063736,5.90020084381,6.16898298264,4.7952337265,2.645840168,1.53316795826,1.12139880657,0.574019670486,0.213886171579,0.0625336617231,0.00847523845732,0.000377840071451],"dvar":[0.0183152575046,1.96275961399,45.6095848083,67.0383071899,120.0181427,806.886779785,106.142120361,111.733879089,188.198959351,1166.39880371,5103.07666016,1383.49829102,1395.55969238,2491.61547852,1131.87634277,8157.23730469,4842.89306641,7429.75341797,9598.02636719,4710.87548828,1103.77587891,604.012268066,441.272613525,113.02885437,152.639419556,94.3939285278,43.3003158569,114.812347412,74.9879379272,121.773590088,277.12979126,176.167724609,27.100933075,5.3514046669,2.18476009369,0.503772974014,0.0593406781554,0.00495687546209,0.0000854707541293,1.53507713208e-7],"dvar2":[0.0413624420762,5.5019865036,129.59223938,187.154571533,330.112670898,2274.0246582,285.624969482,270.330963135,459.334503174,2544.49194336,11347.1308594,3398.59057617,3314.10058594,5337.64111328,2676.98486328,18041.3828125,11386.2871094,16393.5625,22095.9960938,10663.2558594,2488.36694336,1409.45983887,1008.90570068,286.862548828,363.666381836,207.953811646,96.0141830444,224.753768921,159.785507202,253.196289063,614.287353516,355.587615967,54.5023117065,10.6698913574,4.13326311111,1.02458226681,0.119661420584,0.0101013584062,0.000175289678737,3.03934029944e-7],"max":[1.70482325554,12.1178407669,67.0442276001,114.534011841,128.158843994,332.025695801,122.812713623,155.31892395,418.148925781,995.510986328,2115.68017578,670.252563477,944.465820313,1368.94824219,1193.3807373,1949.67236328,1742.89575195,1806.85388184,1901.68395996,1711.09484863,1440.9342041,675.699523926,415.857757568,222.985336304,421.438690186,337.503387451,119.914611816,316.714324951,200.395874023,359.090820313,704.352172852,583.699768066,208.823822021,75.7375869751,57.5765686035,21.5230865479,4.52928209305,1.43776428699,0.142761036754,0.00721205351874],"mean":[0.104907616973,0.817934513092,2.98368787766,4.67885780334,6.58031463623,12.2713031769,9.772397995,11.4208402634,13.5289115906,22.4935054779,51.0478286743,42.7351913452,31.111825943,38.3092918396,22.8908634186,42.3477706909,45.4402503967,63.5281562805,64.8351669312,52.0795135498,39.8167762756,40.1051177979,36.2763633728,23.0723953247,23.7527751923,17.4203987122,12.9200181961,12.4735050201,9.39660263062,10.0712757111,9.88830184937,7.30889558792,4.05815505981,2.25328230858,1.35616481304,0.623770534992,0.225489258766,0.0641966313124,0.00838658586144,0.000409772008425],"median":[0.054520778358,0.445523202419,1.36810052395,2.84457302094,3.98756766319,5.95995521545,6.15641593933,7.44753170013,8.63428211212,10.8256702423,18.5095767975,27.0265426636,17.4945392609,17.0206718445,10.0502099991,8.00658226013,8.77746391296,13.89320755,22.3829536438,16.7240486145,20.5611495972,26.298538208,20.8553524017,19.1204185486,20.0192718506,13.0811605453,8.70585250854,6.20765972137,4.55429172516,4.19556236267,3.72455072403,3.39597797394,2.40037918091,1.36182570457,0.763152837753,0.337448596954,0.115919172764,0.0301226228476,0.00378408841789,0.000213979219552],"min":[1.35668121775e-22,5.12078870852e-22,3.35022203692e-21,8.95207978441e-21,2.26501600321e-20,3.50357195208e-20,2.19561409579e-20,1.11713908276e-19,1.55345746884e-19,2.26797802066e-19,2.16322942551e-19,4.59971512294e-19,5.3624361353e-19,6.95015917327e-19,1.27719819525e-18,1.22063620535e-18,1.58142633235e-18,2.44458402828e-18,2.35829171959e-18,3.01556509163e-18,2.71187152e-18,4.00332048623e-18,5.66771127627e-18,5.87113153251e-18,6.98322913038e-18,8.30043815525e-18,8.36959376319e-18,9.20299890985e-18,1.08734984287e-17,1.15971251276e-17,1.14665629397e-17,1.11459113383e-17,9.30441042577e-18,8.65369804355e-18,6.48264878857e-18,4.149588766e-18,2.27517805921e-18,9.92748773769e-19,2.67030161001e-19,2.6060241188e-20],"var":[0.0241282824427,1.64805316925,32.9966049194,51.4233055115,92.8526382446,565.631164551,131.786346436,167.013916016,354.722259521,2089.88378906,11833.8242188,2834.34667969,2393.0300293,5948.45458984,1908.25183105,15251.6923828,11772.84375,21129.7011719,18332.1523438,12639.5917969,4852.79101563,1935.64147949,1578.37634277,299.064727783,320.826019287,257.049621582,158.104217529,398.487426758,206.836471558,424.075744629,656.145202637,369.984100342,54.1688842773,11.1876907349,4.58669900894,0.915141701698,0.105129182339,0.00906621478498,0.000160065232194,3.06455604004e-7]},"erbbands_crest":{"dmean":2.37606620789,"dmean2":3.74222207069,"dvar":6.24204730988,"dvar2":14.6689176559,"max":28.7381572723,"mean":8.06601142883,"median":6.69658613205,"min":2.12324142456,"var":20.7071857452},"erbbands_flatness_db":{"dmean":0.0150853386149,"dmean2":0.0217023734003,"dvar":0.000187750876648,"dvar2":0.000377619202482,"max":0.325033634901,"mean":0.118456989527,"median":0.112505018711,"min":0.0408827252686,"var":0.00166543142404},"erbbands_kurtosis":{"dmean":0.612856805325,"dmean2":0.959988772869,"dvar":0.766075074673,"dvar2":1.69590318203,"max":22.8806018829,"mean":0.181185141206,"median":-0.44412368536,"min":-1.66507124901,"var":2.75100183487},"erbbands_skewness":{"dmean":0.265157669783,"dmean2":0.403055876493,"dvar":0.0600542314351,"dvar2":0.127765998244,"max":3.93474912643,"mean":0.153352349997,"median":0.102685600519,"min":-2.54648447037,"var":0.353754192591},"erbbands_spread":{"dmean":6.75864171982,"dmean2":10.3811016083,"dvar":39.0825538635,"dvar2":88.6237945557,"max":96.4534606934,"mean":40.5516204834,"median":41.1166381836,"min":6.49777746201,"var":236.923141479},"gfcc":{"cov":[[21749.5390625,-1238.07421875,-1758.7878418,210.860580444,-884.391052246,605.37677002,-570.54309082,144.440460205,-325.290588379,96.3777999878,-376.913543701,99.1986083984,-326.896148682],[-1238.07421875,1209.03710938,-108.579856873,73.94140625,98.1602096558,-194.852264404,45.4185600281,38.4039001465,-20.376543045,-41.8477210999,59.478729248,-73.8328475952,48.4969100952],[-1758.7878418,-108.579856873,640.40222168,26.5695858002,152.499404907,-76.5914459229,53.5815849304,36.5120925903,19.5341243744,5.46031808853,3.64693188667,13.9961843491,39.9053688049],[210.860580444,73.94140625,26.5695858002,198.22883606,12.6407814026,-17.0695343018,-31.7945327759,32.7790794373,40.8593292236,-4.52657365799,-30.311126709,-4.09700632095,32.9066085815],[-884.391052246,98.1602096558,152.499404907,12.6407814026,197.723114014,-6.86208295822,45.6568107605,21.1906242371,4.12654209137,7.21117925644,4.86043071747,-9.5080537796,18.451997757],[605.37677002,-194.852264404,-76.5914459229,-17.0695343018,-6.86208295822,195.165557861,50.2158813477,-5.94848680496,-17.1992340088,4.57126665115,19.4550647736,12.7396821976,-46.6100921631],[-570.54309082,45.4185600281,53.5815849304,-31.7945327759,45.6568107605,50.2158813477,115.33568573,13.6763019562,-12.8521308899,-6.63111162186,31.4700527191,2.9648501873,-13.2284221649],[144.440460205,38.4039001465,36.5120925903,32.7790794373,21.1906242371,-5.94848680496,13.6763019562,103.37134552,30.1594848633,5.7407374382,-18.4118919373,-9.71618938446,6.69889450073],[-325.290588379,-20.376543045,19.5341243744,40.8593292236,4.12654209137,-17.1992340088,-12.8521308899,30.1594848633,126.878341675,15.2705402374,-22.2111225128,-16.387008667,3.64084172249],[96.3777999878,-41.8477210999,5.46031808853,-4.52657365799,7.21117925644,4.57126665115,-6.63111162186,5.7407374382,15.2705402374,53.400718689,9.37601184845,-6.31462335587,-6.63793945313],[-376.913543701,59.478729248,3.64693188667,-30.311126709,4.86043071747,19.4550647736,31.4700527191,-18.4118919373,-22.2111225128,9.37601184845,72.4530334473,12.7214279175,-11.1091346741],[99.1986083984,-73.8328475952,13.9961843491,-4.09700632095,-9.5080537796,12.7396821976,2.9648501873,-9.71618938446,-16.387008667,-6.31462335587,12.7214279175,52.1897659302,12.8626976013],[-326.896148682,48.4969100952,39.9053688049,32.9066085815,18.451997757,-46.6100921631,-13.2284221649,6.69889450073,3.64084172249,-6.63793945313,-11.1091346741,12.8626976013,64.7445755005]],"icov":[[0.00014373313752,-0.0000297821297863,0.000210272046388,-0.000190089238458,0.000302311644191,-0.000369361485355,0.000566577073187,-0.000461213523522,0.000615079014096,-0.00052315130597,0.000871174095664,-0.000617035722826,0.000710288994014],[-0.0000297821297863,0.00197068741545,0.000999143579975,-0.00101557374001,-0.00112638517749,0.00262204161845,-0.00142602599226,-0.000623179541435,0.000423292309279,0.00191926839761,-0.00315307127312,0.00292104342952,-0.000692774076015],[0.000210272046388,0.000999143579975,0.00303184683435,-0.00103724387009,-0.0015388695756,0.00191341305617,-0.000886595982593,-0.00127446022816,0.000980365090072,-0.000171692750882,-0.0000959171011345,-0.00069883314427,0.000788174569607],[-0.000190089238458,-0.00101557374001,-0.00103724387009,0.00735776498914,-0.000133920155349,-0.00198622373864,0.00199316698126,-0.000530809978954,-0.00261246459559,0.000863994297106,0.00101733580232,0.00000652969447401,-0.00382016529329],[0.000302311644191,-0.00112638517749,-0.0015388695756,-0.000133920155349,0.00832012109458,-0.00253077782691,-0.000526154006366,-0.000796005770098,0.00136593100615,-0.00329564511776,0.00350271421485,-0.000436680973507,-0.00055856682593],[-0.000369361485355,0.00262204161845,0.00191341305617,-0.00198622373864,-0.00253077782691,0.0122531577945,-0.00687972502783,0.000621549028438,-0.000366328051314,0.0023015527986,-0.00515350140631,0.0014375729952,0.00316037423909],[0.000566577073187,-0.00142602599226,-0.000886595982593,0.00199316698126,-0.000526154006366,-0.00687972502783,0.0175351314247,-0.00436209049076,0.00196779659018,0.000984744285233,-0.000374107679818,-0.00288341986015,0.00319244270213],[-0.000461213523522,-0.000623179541435,-0.00127446022816,-0.000530809978954,-0.000796005770098,0.000621549028438,-0.00436209049076,0.0136914486066,-0.00386103824712,-0.000776401022449,0.00146217248403,0.00172248459421,-0.00239391578361],[0.000615079014096,0.000423292309279,0.000980365090072,-0.00261246459559,0.00136593100615,-0.000366328051314,0.00196779659018,-0.00386103824712,0.0125316809863,-0.00463513983414,0.00486528221518,-0.000167877180502,0.00334878545254],[-0.00052315130597,0.00191926839761,-0.000171692750882,0.000863994297106,-0.00329564511776,0.0023015527986,0.000984744285233,-0.000776401022449,-0.00463513983414,0.0256445016712,-0.0112955672666,0.0073658125475,-0.00204628217034],[0.000871174095664,-0.00315307127312,-0.0000959171011345,0.00101733580232,0.00350271421485,-0.00515350140631,-0.000374107679818,0.00146217248403,0.00486528221518,-0.0112955672666,0.029360556975,-0.0126626677811,0.00748820416629],[-0.000617035722826,0.00292104342952,-0.00069883314427,0.00000652969447401,-0.000436680973507,0.0014375729952,-0.00288341986015,0.00172248459421,-0.000167877180502,0.0073658125475,-0.0126626677811,0.0316341631114,-0.0121767967939],[0.000710288994014,-0.000692774076015,0.000788174569607,-0.00382016529329,-0.00055856682593,0.00316037423909,0.00319244270213,-0.00239391578361,0.00334878545254,-0.00204628217034,0.00748820416629,-0.0121767967939,0.027646522969]],"mean":[40.4898376465,58.9452972412,-103.436904907,24.1688518524,-48.3179359436,7.11964035034,-35.073513031,14.6947193146,-19.7278804779,1.3255559206,-19.1481761932,-3.15166521072,-12.2386226654]},"hfc":{"dmean":8.78968429565,"dmean2":12.3840494156,"dvar":170.401519775,"dvar2":315.519744873,"max":442.12512207,"mean":33.8534812927,"median":27.1844558716,"min":1.06616222359e-16,"var":683.536743164},"melbands":{"dmean":[0.000634936382994,0.0012755934149,0.000632395793218,0.000661090598442,0.000254647951806,0.000155486879521,0.000116635565064,0.000176530957106,0.00022079484188,0.000132055967697,0.0000875330442796,0.0000928614899749,0.0000451164341939,0.000061640777858,0.0000612408330198,0.0000743811906432,0.0000614795208094,0.0000650728907203,0.0000421453041781,0.000031634226616,0.0000194081112568,0.0000180178776645,0.0000183650936378,0.0000118867228593,0.00000736961646908,0.00000758383430366,0.0000064032424234,0.00000454516248283,0.0000032615866985,0.00000314672456625,0.00000319247396874,0.00000246758713729,0.00000216602734326,0.00000249303934652,0.00000257613305621,0.00000266890128842,0.00000196290852728,0.00000145042645272,0.00000102184992556,9.40956113027e-7],"dmean2":[0.00103178492282,0.00227942271158,0.00110047031194,0.00117206841242,0.000434271962149,0.000255271152128,0.00018631995772,0.000274202931905,0.000335460266797,0.000209415855352,0.00013840351312,0.000143009616295,0.0000731633117539,0.000094241455372,0.0000927033397602,0.000114461123303,0.0000946458967519,0.000100767487311,0.0000661462472635,0.0000480990056531,0.000031406783819,0.0000291948763333,0.0000293901302939,0.0000192143070308,0.000012188380424,0.0000125865672089,0.0000102617559605,0.00000717902548786,0.00000520546655025,0.00000486145290779,0.00000471418343295,0.0000036693486436,0.00000330015518557,0.00000372533281734,0.00000379533457817,0.00000394775724999,0.00000293604443868,0.00000216152625399,0.00000149735387822,0.00000135796096856],"dvar":[0.00000135088419029,0.00000881632604433,0.00000155184193318,0.00000275835259345,2.21450633831e-7,5.75327163688e-8,4.52870807521e-8,1.87725163414e-7,3.0658205219e-7,5.05608177548e-8,3.85809890702e-8,4.71381298439e-8,1.46974059589e-8,4.2387039656e-8,4.61263915952e-8,4.16352285981e-8,2.60083332648e-8,3.04253724437e-8,1.48018175494e-8,9.91246462689e-9,1.43597034263e-9,9.01497321237e-10,9.63075841298e-10,2.92378482536e-10,8.28590737689e-11,8.40967712135e-11,9.16098100157e-11,4.93291206494e-11,2.20229615794e-11,2.4019793099e-11,6.05440281243e-11,3.33699561039e-11,2.87710601871e-11,4.95977772741e-11,8.4112626586e-11,1.49619275303e-10,4.78385039915e-11,1.69500889019e-11,7.08389380141e-12,3.37943323499e-12],"dvar2":[0.00000320351819028,0.0000251413785008,0.00000428465773439,0.00000778296089265,6.03735657023e-7,1.41461100611e-7,1.06902419361e-7,4.02597919447e-7,6.85214388341e-7,1.24957992398e-7,9.13108024747e-8,9.99216851483e-8,3.6666378378e-8,9.69068594259e-8,9.7561027701e-8,9.81881171924e-8,5.79009231672e-8,7.03995794993e-8,3.33828964472e-8,2.18972715516e-8,3.57038976162e-9,2.1511252779e-9,2.17923812329e-9,7.12159886618e-10,2.15942527748e-10,2.09534667395e-10,2.20090001779e-10,1.09359021838e-10,5.10594483361e-11,5.39824782098e-11,1.17763673813e-10,7.17682094309e-11,6.48169989903e-11,1.05044792309e-10,1.88508250676e-10,3.14239745336e-10,1.00337613218e-10,3.43549771964e-11,1.56368234333e-11,6.63817265045e-12],"max":[0.0125223165378,0.0278805680573,0.0171795748174,0.0175093375146,0.00467896275222,0.0034549983684,0.00579287298024,0.00984298624098,0.0184482131153,0.00443983823061,0.00487628439441,0.00598988961428,0.0039602983743,0.00535693205893,0.00454964628443,0.00423993682489,0.00322241149843,0.00342981074937,0.00287286844105,0.00245845597237,0.0012859182898,0.000980946584605,0.00075695553096,0.000317525991704,0.000172639469383,0.000276699604001,0.000231283513131,0.000280162377749,0.0000931219547056,0.0000977341333055,0.000266702641966,0.000149200859596,0.000148591498146,0.000247600692092,0.000338745128829,0.000477559166029,0.000334163662046,0.000155423680553,0.000103356782347,0.0000521147594554],"mean":[0.00095897942083,0.00141644896939,0.000830121163744,0.000736908230465,0.000375964707928,0.000255933526205,0.000209337144042,0.000291491800454,0.000411523273215,0.000248502969043,0.00015388445172,0.000163675111253,0.0000713529516361,0.0000976704177447,0.0000956060612225,0.000130665895995,0.000108285195893,0.000105708437331,0.0000728430750314,0.0000650950096315,0.0000431587723142,0.0000395934075641,0.0000416938273702,0.0000265935068455,0.0000173104635905,0.0000183877491509,0.0000148749122673,0.0000105954959508,0.00000788066699897,0.00000775353692006,0.00000703011073711,0.0000052859236348,0.00000503978344568,0.0000057804595599,0.00000569020585317,0.00000541223107575,0.00000416289094574,0.00000309462620862,0.00000202923206416,0.0000018631282046],"median":[0.000529617303982,0.000715821515769,0.000534079852514,0.000388670712709,0.000232386140851,0.000167648220668,0.000131519860588,0.0001269125205,0.00016425094509,0.000156280904775,0.0000790735430201,0.0000680338416714,0.0000327799134539,0.0000206194581551,0.0000172362179001,0.0000186269026017,0.0000249800996244,0.0000335992699547,0.0000268410221906,0.0000188860794879,0.0000244716466113,0.0000266248207481,0.0000215929012484,0.0000157498561748,0.0000141974833241,0.0000157123595272,0.0000114278827823,0.0000075049501902,0.00000522218488186,0.00000450882089353,0.00000294941764878,0.00000234974845625,0.00000228988028539,0.00000219211233343,0.00000203255603992,0.00000202158003049,0.00000200990189114,0.00000180116421689,0.00000116724140753,0.00000111925317015],"min":[1.24126553462e-24,1.68147181062e-24,1.95402778932e-24,1.99464110974e-24,9.63011514987e-25,2.51711690069e-24,2.32984684381e-24,2.24814175885e-24,1.57257212645e-24,2.47949553247e-24,2.41471723316e-24,2.55807317838e-24,3.56880042433e-24,2.63457888112e-24,2.85728555593e-24,2.91624442834e-24,4.07053568158e-24,3.39027134072e-24,2.651552604e-24,2.39175506993e-24,3.2172183323e-24,3.02298460578e-24,4.48865444388e-24,3.98790013517e-24,4.65738942492e-24,3.36840963845e-24,5.35995604686e-24,4.00768555554e-24,3.82854944346e-24,5.1794019573e-24,4.6957525196e-24,5.52114084018e-24,5.5453087773e-24,5.70976418794e-24,5.59287945647e-24,6.28717487182e-24,6.87003185139e-24,5.92827826425e-24,5.67291886164e-24,6.37911069386e-24],"var":[0.00000176307423772,0.00000646218313705,0.00000127310397602,0.00000189939214579,2.19962132064e-7,8.39398879293e-8,8.85599362732e-8,3.56104465027e-7,7.15422174835e-7,9.89512898286e-8,6.67544526323e-8,1.14375666271e-7,2.14368345297e-8,7.56865503604e-8,9.0264457242e-8,1.05182863308e-7,6.62666721496e-8,5.83650745511e-8,2.55440877339e-8,3.16552473123e-8,5.36688471442e-9,2.14844853019e-9,3.22744564407e-9,8.95623630814e-10,1.84360943178e-10,1.69945432726e-10,1.92299454138e-10,1.23920623762e-10,6.91484647319e-11,8.45259626181e-11,1.88950605162e-10,8.25623736045e-11,7.84009732135e-11,1.5854108304e-10,2.03918271158e-10,2.90017510007e-10,9.94783075359e-11,3.30336140386e-11,1.21901464617e-11,7.22912138137e-12]},"melbands_crest":{"dmean":3.34437704086,"dmean2":5.62798929214,"dvar":10.3156776428,"dvar2":28.0201301575,"max":32.4891166687,"mean":11.308886528,"median":10.2848911285,"min":1.54898357391,"var":23.3351802826},"melbands_flatness_db":{"dmean":0.021657275036,"dmean2":0.0347187556326,"dvar":0.000511054880917,"dvar2":0.00125070358627,"max":0.618061482906,"mean":0.143365502357,"median":0.132259994745,"min":0.00270921108313,"var":0.00431830948219},"melbands_kurtosis":{"dmean":4.26955842972,"dmean2":7.14640951157,"dvar":45.6303291321,"dvar2":118.671699524,"max":196.181671143,"mean":7.45909118652,"median":4.71315097809,"min":-1.75409340858,"var":97.5287322998},"melbands_skewness":{"dmean":0.612035393715,"dmean2":0.984525859356,"dvar":0.443246126175,"dvar2":1.1297160387,"max":10.3695688248,"mean":2.06480693817,"median":1.97651481628,"min":-0.836685299873,"var":1.61691069603},"melbands_spread":{"dmean":8.52011203766,"dmean2":13.3260173798,"dvar":103.644432068,"dvar2":214.972839355,"max":226.601776123,"mean":35.1912612915,"median":31.4982376099,"min":0.483705282211,"var":502.869445801},"mfcc":{"cov":[[7544.55859375,-178.036758423,-447.833892822,-277.947357178,-73.653793335,152.725509644,-71.9340744019,91.7330093384,-45.4208602905,51.0196838379,24.4937858582,52.3488922119,-96.7762985229],[-178.036758423,801.503356934,-64.9886932373,150.897216797,32.2557258606,-97.067741394,85.7707290649,-16.8242435455,-2.89633321762,2.45007872581,7.26636981964,-33.06092453,10.5742740631],[-447.833892822,-64.9886932373,356.297393799,87.3908081055,44.0091705322,-18.7205162048,-2.44116258621,6.86433267593,29.622051239,-0.905078411102,-11.689239502,-3.57898616791,26.4645271301],[-277.947357178,150.897216797,87.3908081055,243.812759399,84.7813262939,-59.4230194092,-36.2084236145,-16.647901535,63.6097106934,16.1187210083,-34.6352119446,-41.0257644653,32.5923728943],[-73.653793335,32.2557258606,44.0091705322,84.7813262939,127.285896301,0.0802374333143,-5.32314491272,-0.119269073009,43.9010887146,27.1784992218,-8.86112117767,-14.7205467224,11.4608983994],[152.725509644,-97.067741394,-18.7205162048,-59.4230194092,0.0802374333143,121.398269653,38.3144226074,18.8950004578,-23.7654838562,-10.2858982086,22.4420051575,17.1770191193,-16.5949764252],[-71.9340744019,85.7707290649,-2.44116258621,-36.2084236145,-5.32314491272,38.3144226074,175.510726929,26.5218849182,-26.0289020538,-32.6685066223,24.5520172119,9.07685661316,-7.25716352463],[91.7330093384,-16.8242435455,6.86433267593,-16.647901535,-0.119269073009,18.8950004578,26.5218849182,88.2196044922,17.9737358093,7.96699953079,5.42057323456,11.5057706833,12.0820732117],[-45.4208602905,-2.89633321762,29.622051239,63.6097106934,43.9010887146,-23.7654838562,-26.0289020538,17.9737358093,103.022628784,34.6046142578,-9.5444316864,-11.2768201828,14.9969110489],[51.0196838379,2.45007872581,-0.905078411102,16.1187210083,27.1784992218,-10.2858982086,-32.6685066223,7.96699953079,34.6046142578,87.8657150269,19.1421852112,2.81595563889,0.261570811272],[24.4937858582,7.26636981964,-11.689239502,-34.6352119446,-8.86112117767,22.4420051575,24.5520172119,5.42057323456,-9.5444316864,19.1421852112,62.5388717651,25.0537929535,-8.78552722931],[52.3488922119,-33.06092453,-3.57898616791,-41.0257644653,-14.7205467224,17.1770191193,9.07685661316,11.5057706833,-11.2768201828,2.81595563889,25.0537929535,65.688659668,4.51988983154],[-96.7762985229,10.5742740631,26.4645271301,32.5923728943,11.4608983994,-16.5949764252,-7.25716352463,12.0820732117,14.9969110489,0.261570811272,-8.78552722931,4.51988983154,55.0846786499]],"icov":[[0.000154019930051,-0.00000763038951845,0.000159189643455,0.0000843511443236,-0.0000207979537663,-0.000133434979944,0.000127692677779,-0.000187140205526,0.000013047464563,-0.0000744735152693,0.000106288971438,-0.0000678348224028,0.000186985605978],[-0.00000763038951845,0.00199129851535,0.000721435877495,-0.00160382245667,-0.0000537952437298,0.00169751560315,-0.0014512357302,-0.0000633226809441,0.000901388877537,-0.000233090744587,-0.000918392965104,0.00030727442936,0.000135980459163],[0.000159189643455,0.000721435877495,0.00360420835204,-0.00145147391595,-0.00053982436657,0.000555836246349,-0.000478886970086,-0.000481124792714,0.000164823315572,0.000299895036733,-0.000280006119283,-0.000435581139755,-0.000464602606371],[0.0000843511443236,-0.00160382245667,-0.00145147391595,0.00908641796559,-0.00359290232882,0.000710607448127,0.00147686444689,0.00128918583505,-0.00280155101791,0.000643834820949,0.00152044068091,0.00238709500991,-0.00254310318269],[-0.0000207979537663,-0.0000537952437298,-0.00053982436657,-0.00359290232882,0.0121732726693,-0.0028455350548,-0.00113417534158,0.00110911659431,-0.00263776048087,-0.00322922039777,0.00140047830064,0.000336141849402,-0.000494484265801],[-0.000133434979944,0.00169751560315,0.000555836246349,0.000710607448127,-0.0028455350548,0.0127378953621,-0.00207702233456,-0.00219556875527,0.00218806695193,0.00155705527868,-0.00324420281686,-0.000474755332107,0.00230807927437],[0.000127692677779,-0.0014512357302,-0.000478886970086,0.00147686444689,-0.00113417534158,-0.00207702233456,0.00875814724714,-0.00266925850883,0.000351890688762,0.0038031807635,-0.00306355464272,0.000638121447992,0.000553895370103],[-0.000187140205526,-0.0000633226809441,-0.000481124792714,0.00128918583505,0.00110911659431,-0.00219556875527,-0.00266925850883,0.0146311065182,-0.0037835133262,-0.00180570327211,0.00137231929693,-0.00129962025676,-0.00393710657954],[0.000013047464563,0.000901388877537,0.000164823315572,-0.00280155101791,-0.00263776048087,0.00218806695193,0.000351890688762,-0.0037835133262,0.0154543844983,-0.00422194553539,0.00064765335992,0.000784148578532,-0.000635951175354],[-0.0000744735152693,-0.000233090744587,0.000299895036733,0.000643834820949,-0.00322922039777,0.00155705527868,0.0038031807635,-0.00180570327211,-0.00422194553539,0.0174369104207,-0.00788728985935,0.00047403818462,0.00119672785513],[0.000106288971438,-0.000918392965104,-0.000280006119283,0.00152044068091,0.00140047830064,-0.00324420281686,-0.00306355464272,0.00137231929693,0.00064765335992,-0.00788728985935,0.025123860687,-0.00754578411579,0.00211191968992],[-0.0000678348224028,0.00030727442936,-0.000435581139755,0.00238709500991,0.000336141849402,-0.000474755332107,0.000638121447992,-0.00129962025676,0.000784148578532,0.00047403818462,-0.00754578411579,0.0205282196403,-0.00432876124978],[0.000186985605978,0.000135980459163,-0.000464602606371,-0.00254310318269,-0.000494484265801,0.00230807927437,0.000553895370103,-0.00393710657954,-0.000635951175354,0.00119672785513,0.00211191968992,-0.00432876124978,0.0227784048766]],"mean":[-601.164489746,99.2857818604,0.328606069088,20.7258110046,7.75072479248,-3.19470858574,-1.2755188942,4.44383716583,3.40328264236,7.83429384232,-0.197916671634,-1.96005249023,-5.10504817963]},"pitch_salience":{"dmean":0.0670951604843,"dmean2":0.11051556468,"dvar":0.00379261700436,"dvar2":0.0099082570523,"max":0.900532305241,"mean":0.620908975601,"median":0.635307967663,"min":0.148564785719,"var":0.0105006406084},"silence_rate_20dB":{"dmean":0,"dmean2":0,"dvar":0,"dvar2":0,"max":1,"mean":1,"median":1,"min":1,"var":0},"silence_rate_30dB":{"dmean":0,"dmean2":0,"dvar":0,"dvar2":0,"max":1,"mean":1,"median":1,"min":1,"var":0},"silence_rate_60dB":{"dmean":0.000513281149324,"dmean2":0.00102669408079,"dvar":0.000512992730364,"dvar2":0.00102559616789,"max":1,"mean":0.0289966650307,"median":0,"min":0,"var":0.0281561072916},"spectral_centroid":{"dmean":254.416717529,"dmean2":399.498809814,"dvar":82105.6875,"dvar2":170824.453125,"max":11629.4453125,"mean":1809.06079102,"median":1729.25292969,"min":136.574935913,"var":1146528.5},"spectral_complexity":{"dmean":4.15013456345,"dmean2":6.39938402176,"dvar":13.6760396957,"dvar2":28.9155902863,"max":58,"mean":27.4368743896,"median":28,"min":0,"var":75.4170761108},"spectral_contrast_coeffs":{"dmean":[0.0560636073351,0.045666821301,0.0392168685794,0.030778542161,0.0190678723156,0.0163027253002],"dmean2":[0.0926422104239,0.0748530998826,0.0634054169059,0.0490472577512,0.0316363759339,0.0254123024642],"dvar":[0.00269474973902,0.00135803234298,0.00102513004094,0.000664772291202,0.000232462305576,0.000197383254999],"dvar2":[0.00704540498555,0.00365021661855,0.00259381323121,0.00153797783423,0.00060033419868,0.000441555661382],"max":[-0.326343566179,-0.365185797215,-0.473757117987,-0.535771727562,-0.593130409718,-0.605477690697],"mean":[-0.669790863991,-0.75840908289,-0.759403824806,-0.776077926159,-0.793401062489,-0.77270591259],"median":[-0.675887167454,-0.765353918076,-0.764248371124,-0.795939803123,-0.795259833336,-0.773853302002],"min":[-0.978369832039,-0.976716041565,-0.976313352585,-0.97567152977,-0.969108223915,-0.964133262634],"var":[0.00527677917853,0.0045007201843,0.00377935473807,0.00487418100238,0.00131534191314,0.00138719833922]},"spectral_contrast_valleys":{"dmean":[0.370339751244,0.328105896711,0.31832793355,0.247716009617,0.170308336616,0.231030449271],"dmean2":[0.607967793941,0.536861240864,0.515329420567,0.395027428865,0.26989749074,0.310316562653],"dvar":[0.142947271466,0.116495721042,0.120279327035,0.0838546603918,0.0664838925004,0.0844611898065],"dvar2":[0.29840233922,0.239648640156,0.255666553974,0.155643299222,0.108915001154,0.124804198742],"max":[-5.48294687271,-4.85361528397,-5.39391708374,-5.87488079071,-5.82778024673,-7.03468084335],"mean":[-7.13149452209,-6.53145170212,-7.20222425461,-7.44196605682,-7.10256481171,-9.61941051483],"median":[-6.83729028702,-6.25699424744,-6.9356212616,-7.16065597534,-6.79037237167,-9.281001091],"min":[-28.1616897583,-28.1080780029,-27.9144992828,-27.6371097565,-27.4273490906,-27.39884758],"var":[4.7443022728,4.95633268356,4.79318380356,4.71974134445,4.93074846268,4.46694612503]},"spectral_decrease":{"dmean":2.57185228669e-9,"dmean2":4.26894031236e-9,"dvar":1.3862853889e-17,"dvar2":3.6799673957e-17,"max":4.11085403049e-20,"mean":-6.61224364151e-9,"median":-5.6924944758e-9,"min":-3.51384450425e-8,"var":1.7500473277e-17},"spectral_energy":{"dmean":0.0102389473468,"dmean2":0.0168373230845,"dvar":0.000208825586014,"dvar2":0.000548901385628,"max":0.13609200716,"mean":0.0280267484486,"median":0.0247031487525,"min":9.8574483519e-21,"var":0.000289318180876},"spectral_energyband_high":{"dmean":0.000591929943766,"dmean2":0.000800117326435,"dvar":0.00000184372606782,"dvar2":0.00000338784434462,"max":0.0536139644682,"mean":0.00176787644159,"median":0.00114337727427,"min":6.95492166565e-21,"var":0.00000588690909353},"spectral_energyband_low":{"dmean":0.00538825523108,"dmean2":0.00930907763541,"dvar":0.000133139459649,"dvar2":0.000369979941752,"max":0.11395534128,"mean":0.00751260388643,"median":0.00428581051528,"min":2.21302699616e-23,"var":0.000118950963952},"spectral_energyband_middle_high":{"dmean":0.00274454709142,"dmean2":0.00407444220036,"dvar":0.0000161682037287,"dvar2":0.0000334985743393,"max":0.0564495064318,"mean":0.0087217092514,"median":0.00474991649389,"min":1.19012488751e-21,"var":0.0000715758433216},"spectral_energyband_middle_low":{"dmean":0.0051401280798,"dmean2":0.00848050415516,"dvar":0.0000744056669646,"dvar2":0.000195383094251,"max":0.0918892472982,"mean":0.0110606858507,"median":0.00830611214042,"min":1.44090707619e-22,"var":0.0000880212028278},"spectral_entropy":{"dmean":0.100387699902,"dmean2":0.14776070416,"dvar":0.00998702365905,"dvar2":0.0181915387511,"max":9.82557964325,"mean":7.90598535538,"median":7.9207034111,"min":5.26047563553,"var":0.161292359233},"spectral_flux":{"dmean":0.026629243046,"dmean2":0.0419810451567,"dvar":0.00101781950798,"dvar2":0.00194016040768,"max":0.308851659298,"mean":0.0945364236832,"median":0.0836578756571,"min":6.27156590549e-11,"var":0.00213365559466},"spectral_kurtosis":{"dmean":0.930391311646,"dmean2":1.54373931885,"dvar":5.06522989273,"dvar2":15.6655225754,"max":67.5487060547,"mean":4.24536132813,"median":3.72220683098,"min":-1.2633279562,"var":19.4769420624},"spectral_rms":{"dmean":0.000869398005307,"dmean2":0.00139161013067,"dvar":0.00000113925318601,"dvar2":0.0000028668066534,"max":0.0115227038041,"mean":0.00497417990118,"median":0.00490923970938,"min":3.10113263194e-12,"var":0.00000260064985014},"spectral_rolloff":{"dmean":630.828125,"dmean2":1019.27764893,"dvar":786318.375,"dvar2":1635663.375,"max":20456.5429688,"mean":2262.29248047,"median":1830.32226563,"min":86.1328125,"var":5031705},"spectral_skewness":{"dmean":0.140829637647,"dmean2":0.221955776215,"dvar":0.0303822308779,"dvar2":0.0825435817242,"max":6.57163000107,"mean":1.52872478962,"median":1.51453459263,"min":-0.0632153451443,"var":0.207588881254},"spectral_spread":{"dmean":571521.4375,"dmean2":837400.875,"dvar":590694318080,"dvar2":1019300937730,"max":42654540,"mean":5611701,"median":5274262,"min":1032180.25,"var":14270480777200},"spectral_strongpeak":{"dmean":0.898444533348,"dmean2":1.47176849842,"dvar":2.08395600319,"dvar2":4.93703269958,"max":15.275302887,"mean":1.61839222908,"median":0.476884126663,"min":0,"var":4.90877199173},"zerocrossingrate":{"dmean":0.0127803999931,"dmean2":0.0151559570804,"dvar":0.000200650203624,"dvar2":0.000235059909755,"max":0.52685546875,"mean":0.0916420072317,"median":0.08251953125,"min":0.00341796875,"var":0.00311838719063}},"metadata":{"audio_properties":{"analysis_sample_rate":44100,"bit_rate":320046,"codec":"mp3","downmix":"mix","equal_loudness":0,"length":180.950210571,"lossless":false,"md5_encoded":"ba1f366b44e5a1a733933039c78b156e","replay_gain":-13.8261146545,"sample_rate":44100},"tags":{"acoustid_fingerprint":["AQADtEmiUEuSJopANtmhgyEjHecg60fZB_k19DzMR8hTPccPPWLh8S1OfCGei8G9EXp2RJs3fB885kHOmPCN8xA3Du2SowuPn8NH4YXyH1ZzfDXafcXxDH1hSck8vHC2qBJyOKKEO8fjIX2gXVlRkjCXI5QYodeRPoMjSZsCrTHyB8-JxqER_gFkLctx63iiHDX8VILWO8iF48yIJsyZIMcn5tDIDNeOJ8cF7XsQ5i1wXKTQJw8aKcezjMRN4fpwKbrQbeMKv0UoJCee8Ea5mAq-w7lRJY-Op6EesNOqCMmsC-lRktHwJZKG66iajEejScJzJF8Q0gosZcf7weMRUkdymbiH5lmOiibeC1ceISGzHfF-PArO43lwRUXDx_ghnii1B32YCk35GOdBU0MXymASisFTJ2h-oc9x6_iGSImUpIe28UT-NPjx9Ph4xD10aR9CHv5xP7iVw1V1JGty5NvgM3jwXGiYK5gcb8h1KErSCKEu7MelC3-E0Oah5cwRP8SYnXh-NMyF_gkiPYeWI8-iTIiZB80faHXAhztCWpbQTNuFRxfCjmiUQz9yxQEXxozQzKswHZ9xJUuP_XiKMxFi8UHiP-gTKjA_8ItA_WjsIeIV44d-NOmEnngUXMyk4B9yoc_ho2QRXcka_JCyHj6uD1bwY1q4o150OMW-Ix2LduRClD2LpsnBi3LxkJhenDyer4j5IOEetBdxSnmG5keP6hFhlUaoQmcx6bB2SIp4hEyUpQJfacNx7qjMI30O-cVlpFRD5Ao8KasC7Yd-xB-uG9eKf6hveMzRa0euD3oZ4TtOJXmQJV1M9B8uHY2SZY7Q5xF6ND-eHX1EhBn0FCGZGbkevIKuHFZI6tC6D_8R9vCOP6CsHKFYIdlseJRQ7TjpBM3DDr1xo8mHRJl4GfHShMKLZpKOXrh-o8_x7cbDDP2GPrfhDx8cMfOC0NKO5FKOi4TZ4cOvpLiYEtaPH8lyCqHHo_SNxg2qw8THIW8WDeKz4-mhj6DWHeGJXDF6C-Il5Id_oczxo3umBE2NXNA-Hel7XA8o5QMf5vhg88jzo-uhPcoh1kfPB_nxSDKqSj9-fJKJ_EWiHs3xPcIx9iK6D816PEj2RHFW5EWfGUd4SjzshPAuD490RIc1afhhB8maHfGP5nrQhckFXuhzNK9wH2GUI1GYJcebD_XRPEpRO4fjnCh3dNsoNFeO6-g7NNoP-hSSZRdCcTu-HPeO5kP14EfzCH0rdIckRkyOL7nQxFdwZblwwzGeBPgio1zy4SrajMYF5kdjHfmJZDuaSPvxJQ-aG_1xGdU3WNsOilJK4XB34YlRykY4cioc3DG8D_0CHdWPaKWOTkrQKzizw8cZpnCVfUMoD_oQJnLRfviRH43Mo_agK7lxjccTopIELQ-PH_knnNQwScyR1j66Fs-hL0Of4dI-WGGgSxf6Ij-iNkcjjYug3Qp2HUfHJDX8BXcOjcyR7wluRFd2aA-jIQzzCs-F0UQPM_NwxY3wQ3ty_OBWZbhRMVeCrRfaq8GZQ5ePfceVmGiUC9Wd4FeQIHfwKJIkCZyk2AjzpOgtPLiOPAnDLPhzdHmE5hLuLBfo6BueB2GOZM8SfCP2HieqRTs--LKQIO1RJ8lKNPyDXsKHR2h6XDnOR_BTNDneaMgjqG2qCp6oC9cl_IXeI0yqZRq2SR