{"lowlevel":{"average_loudness":0.699380397797,"barkbands":{"dmean":[0.0000625911270618,0.0000320565231959,0.000802980270237,0.00143554015085,0.00244907289743,0.00125425949227,0.000611032359302,0.00171672587749,0.000445605255663,0.0000807313117548,0.0000901547173271,0.000352629489498,0.000288421200821,0.000511210877448,0.000274983030977,0.0000984996004263,0.000126226819702,0.0000454442815681,0.0000189933161892,0.0000113026744657,0.00000430235104432,0.00000309685901811,0.00000158226680469,7.08527124971e-7,3.61581868447e-7,3.48650530668e-7,5.70607061601e-10],"dmean2":[0.00011525953596,0.0000509254277858,0.00116282631643,0.00210067885928,0.00346565060318,0.00179567385931,0.000854716694448,0.00271608075127,0.000678408832755,0.000134114030516,0.000150838575792,0.000540451845154,0.000484363990836,0.000803607515991,0.000436952279415,0.000158105816809,0.000199204150704,0.0000723288758309,0.0000312915508403,0.0000171841584233,0.00000670941744829,0.00000507145568918,0.0000026700536182,0.0000011514474636,6.56741178773e-7,6.73926422223e-7,1.04330855066e-9],"dvar":[7.59629514846e-8,4.90381113494e-9,0.00000292482218356,0.00000665782818032,0.000020534675059,0.00000621992239758,0.0000035125199247,0.0000226724059758,0.00000252849213211,1.58748164836e-7,4.71424669968e-7,0.00000463526976091,0.00000492503886562,0.00000969460961642,0.00000198096654458,2.99568000628e-7,8.13846270376e-7,1.26405936385e-7,9.93968907181e-9,5.12853981505e-9,3.9596306789e-10,4.01708194486e-10,8.18550019432e-11,1.27631351668e-11,2.96838040259e-11,5.07745165357e-11,1.16712816627e-18],"dvar2":[1.53631063426e-7,1.07094297874e-8,0.00000619969068794,0.0000167719917954,0.0000362189057341,0.0000130208081828,0.00000669822748023,0.0000559231448278,0.00000476714285469,4.41752575853e-7,0.00000106168170078,0.0000111995568659,0.0000133646417453,0.0000233961818594,0.00000470143322673,7.6612934663e-7,0.00000200732665689,3.0616939739e-7,2.4349933625e-8,1.18074288125e-8,8.48887737881e-10,1.03482600267e-9,2.27647928286e-10,3.5721446634e-11,8.69626454181e-11,1.48948534062e-10,3.71726860911e-18],"max":[0.00672322511673,0.00108422047924,0.0245968271047,0.0259541459382,0.0629625171423,0.0364755652845,0.0340604633093,0.0808452218771,0.0237269252539,0.00777773046866,0.0144740687683,0.0304377228022,0.0510026738048,0.0707260966301,0.0262702424079,0.010801455006,0.0222542528063,0.00726043060422,0.00163055991288,0.0014401198132,0.000329443369992,0.000373183749616,0.000194743246539,0.0000707384533598,0.000122662648209,0.000160495968885,8.71949534798e-9],"mean":[0.0003061745374,0.0000581489985052,0.00135615491308,0.00258290721104,0.00486761843786,0.00254114554264,0.00102917000186,0.00313743925653,0.000657117750961,0.0000810087803984,0.000106940533442,0.000324011227349,0.000294243742246,0.000680544239003,0.000350736256223,0.000114150010631,0.000156887268531,0.0000522857262695,0.0000221285336011,0.0000136204544106,0.00000541285953659,0.00000377177457267,0.00000226610495702,0.00000106283960122,3.09597140813e-7,1.91394079252e-7,4.97225483009e-10],"median":[0.000258159358054,0.0000189819311345,0.000361977115972,0.000741007330362,0.00163393118419,0.000550140161067,0.000102424637589,0.000246810493991,0.0000373696675524,0.00000547739455214,0.00000511655207447,0.00000690589422447,0.00000777730656409,0.0000196232576855,0.00000669908831696,0.00000551709217689,0.0000041626831262,0.00000257661531577,0.00000349728247784,0.00000173347041255,8.48747333748e-7,8.00516431809e-7,6.58180681512e-7,2.45443573021e-7,5.44230012167e-8,6.65829213986e-9,1.19111429053e-10],"min":[3.40587762253e-25,1.5372932807e-24,8.35912809736e-25,5.48496219995e-25,8.33342641742e-24,9.11058141567e-24,3.94129581061e-24,4.3055795493e-24,1.15492100089e-23,1.25792895906e-23,4.93040984548e-24,2.41011395368e-23,1.52646320654e-23,2.97609451636e-23,2.75715595399e-23,4.39308276192e-23,5.01419239565e-23,6.96927244653e-23,1.16972244539e-22,1.69089129103e-22,2.29978525587e-22,3.09365246172e-22,3.95192201944e-22,5.86956184824e-22,8.28482169938e-22,1.13371595591e-21,1.80831961077e-21],"var":[5.68329539874e-7,1.48355345786e-8,0.00000674431021253,0.0000168529786606,0.00007462274516,0.0000221073460125,0.0000090314370027,0.0000782943388913,0.00000493679863212,1.19297794754e-7,6.25943698651e-7,0.00000441488919023,0.00000395157576349,0.000011442954019,0.00000316670480061,3.00174832546e-7,0.00000107484925138,1.35215074692e-7,9.1379614986e-9,4.95083796181e-9,4.49775439115e-10,3.21411619542e-10,6.3506623571e-11,1.13019238066e-11,1.59611889677e-11,2.7105507075e-11,9.70434232577e-19]},"barkbands_crest":{"dmean":2.33195924759,"dmean2":3.68958592415,"dvar":5.21663427353,"dvar2":12.7646455765,"max":26.9172592163,"mean":11.2918958664,"median":10.5171346664,"min":3.14098978043,"var":21.6500167847},"barkbands_flatness_db":{"dmean":0.023500489071,"dmean2":0.0349074229598,"dvar":0.00133102049585,"dvar2":0.00232383585535,"max":1,"mean":0.248362541199,"median":0.255498290062,"min":0.0146046280861,"var":0.0182721465826},"barkbands_kurtosis":{"dmean":12.3898601532,"dmean2":22.6684703827,"dvar":17875.0097656,"dvar2":50775.2851563,"max":3395.01733398,"mean":31.1071567535,"median":3.62726330757,"min":-1.66553115845,"var":41603.3710938},"barkbands_skewness":{"dmean":0.622980833054,"dmean2":0.975891470909,"dvar":3.93749570847,"dvar2":10.9366750717,"max":50.9574317932,"mean":1.06337869167,"median":0.958849310875,"min":-3.10449171066,"var":10.8820610046},"barkbands_spread":{"dmean":2.92864918709,"dmean2":4.6511464119,"dvar":26.3092708588,"dvar2":63.0034942627,"max":88.7865066528,"mean":11.9044752121,"median":7.48794698715,"min":0.00307481898926,"var":115.422080994},"dissonance":{"dmean":0.0302565153688,"dmean2":0.0498058013618,"dvar":0.00115291483235,"dvar2":0.00299300998449,"max":0.499953448772,"mean":0.405703186989,"median":0.425291746855,"min":0.137740686536,"var":0.00714347232133},"dynamic_complexity":6.13782405853,"erbbands":{"dmean":[0.000636811426375,0.0182056315243,0.586362063885,3.17458295822,8.05787181854,6.7432141304,10.2665338516,9.20567512512,6.07538604736,18.1631031036,38.2732162476,10.4166536331,5.40836524963,2.32247281075,3.79924535751,15.9565258026,12.3421916962,17.9354305267,24.2291412354,7.89593648911,4.33399534225,6.63174343109,3.45176625252,1.04187607765,0.842707276344,0.550581336021,0.268348783255,0.143640458584,0.121277138591,0.0731232389808,0.038998093456,0.0225007198751,0.0085015585646,0.0043280175887,0.00229047704488,0.00134400138631,0.000747856392991,0.0000684508268023,0.00000451849246019,0.00000776866181695],"dmean2":[0.00106428540312,0.0269653387368,0.842764139175,4.6029253006,11.2057085037,9.88802623749,15.051774025,12.8277921677,8.95722961426,26.974363327,60.5280342102,15.2509479523,9.04128170013,3.48631548882,6.40982103348,23.3599357605,19.4482460022,26.8695411682,36.2525100708,12.2785329819,6.6758852005,10.5587358475,5.98023462296,1.71628689766,1.3234026432,0.836569309235,0.414681702852,0.226112917066,0.198747485876,0.123211018741,0.0656649768353,0.0367547161877,0.014215329662,0.00762614095584,0.00430856226012,0.00258446508087,0.00144682987593,0.000132146757096,0.00000697809036865,0.0000109597795017],"dvar":[9.53634071266e-7,0.00164365838282,1.54263687134,24.5596446991,363.228149414,198.482086182,469.312774658,549.123840332,422.797454834,2615.27050781,13317.2509766,1228.09277344,470.869110107,215.488128662,678.804321289,9210.12304688,5966.16845703,5536.53271484,16341.7285156,2973.97705078,338.947021484,2813.75634766,843.554626465,27.3294429779,17.9401130676,13.7620601654,1.81291103363,0.712402582169,0.754294812679,0.202095121145,0.0329929292202,0.00951774604619,0.00393861765042,0.00280550471507,0.00164246570785,0.000705160142388,0.000239494533162,0.0000019775977762,6.21281692759e-10,1.55955984238e-10],"dvar2":[0.00000210383586818,0.00338315637782,3.24178195,58.2887382507,673.99798584,432.243621826,1043.36730957,1052.10656738,941.503479004,5591.98632813,32646.8867188,2404.40014648,1252.95263672,401.541229248,1850.2767334,20112.7597656,15162.1621094,12040.1376953,33690.1171875,7282.61328125,691.786682129,6466.91503906,1961.19812012,67.9750976563,41.4462165833,31.4699745178,3.96625852585,1.65495562553,1.94467520714,0.548425257206,0.0935712903738,0.0260688234121,0.0114216916263,0.00819599628448,0.0048172720708,0.00206908769906,0.000702434510458,0.00000579656489208,1.79813219869e-9,3.359442724e-10],"max":[0.0211354549974,0.487035065889,17.8083114624,53.9526176453,289.187866211,286.869445801,303.427459717,442.056854248,356.780792236,737.422607422,1990.18554688,524.566345215,312.894958496,336.701293945,488.327148438,1352.09838867,1741.7019043,1598.75109863,2720.82226563,1387.10534668,317.113037109,1313.50830078,555.031555176,94.4051361084,80.2169342041,81.048614502,21.9104671478,16.5501670837,18.1184921265,9.62400150299,3.42724943161,1.46878170967,1.37915766239,1.18921279907,0.912809193134,0.597931861877,0.348649710417,0.0317065604031,0.000550725439098,0.000179445487447],"mean":[0.0017699203454,0.0362258851528,1.04271352291,5.91934919357,15.1759271622,13.4992284775,21.5202617645,17.9717712402,10.7769603729,36.4599151611,67.2084732056,16.2240543365,6.6665186882,3.01486063004,4.16440010071,15.9851770401,14.0340871811,25.9912586212,33.126373291,10.2313346863,6.1787981987,8.42652320862,4.41963005066,1.24844026566,1.0556344986,0.657663047314,0.32367670536,0.174224555492,0.137794867158,0.100592181087,0.0582190565765,0.0342186801136,0.0113346707076,0.00444973958656,0.00164708669763,0.000803581438959,0.000406833685702,0.0000378695040126,0.00000979258402367,0.0000212061804632],"median":[0.00139912590384,0.0109589640051,0.343762785196,2.48898291588,2.33893728256,4.17126274109,5.3614897728,3.99903297424,2.34975004196,3.57009744644,5.02526473999,1.21686387062,0.511660039425,0.188915401697,0.244398504496,0.335787206888,0.42876970768,0.834500789642,0.749444723129,0.291574686766,0.361036479473,0.281630665064,0.18577837944,0.140366435051,0.187382057309,0.088914103806,0.0382630489767,0.0301273595542,0.0272245574743,0.0266063380986,0.0171231739223,0.00850168708712,0.00251585291699,0.000926003558561,0.000272293720627,0.0000887119458639,0.00000887025726115,9.9550811683e-7,0.00000611423092778,0.0000143445504364],"min":[4.52309492771e-23,2.24351157921e-22,1.74723486709e-21,1.8954044021e-21,1.08681362368e-20,1.18615066433e-20,2.51434181077e-20,9.21006933953e-20,1.05111152294e-19,1.81399816529e-19,2.44204189546e-19,2.9038971565e-19,3.83964910186e-19,5.90949048245e-19,7.26376712493e-19,1.35626580506e-18,1.06240513616e-18,1.94156122892e-18,2.0654462081e-18,2.9244151648e-18,3.01770562826e-18,3.0927745436e-18,4.08147747359e-18,5.09645703652e-18,7.45427953791e-18,8.56275449829e-18,7.08512454696e-18,1.03230982394e-17,1.02490300058e-17,1.13563857908e-17,1.07274811983e-17,9.98611891989e-18,9.10359909718e-18,7.50092011675e-18,5.94915741174e-18,4.00393466784e-18,1.93042737787e-18,9.83725991045e-19,2.39126670603e-19,2.58059316172e-20],"var":[0.00000492059461976,0.00475616147742,3.64078712463,65.3587493896,1273.10388184,724.198608398,1520.39025879,2083.50244141,952.71685791,8847.6875,41514.8164063,2305.82055664,492.17477417,373.844451904,541.869873047,10358.4628906,6016.79052734,9083.95410156,26295.2167969,3464.34277344,567.487854004,3486.13110352,1057.13586426,29.7343978882,18.1828594208,13.5364170074,1.96148347855,0.680414021015,0.590525448322,0.150922611356,0.0296063199639,0.010765354149,0.00237915315665,0.00153352727648,0.000877789047081,0.000376157724531,0.000127916457132,0.00000105809021989,4.33707986192e-10,6.49853226786e-10]},"erbbands_crest":{"dmean":2.88502025604,"dmean2":4.66228580475,"dvar":9.5340795517,"dvar2":23.9478225708,"max":35.7627487183,"mean":13.2006750107,"median":12.8561897278,"min":2.55797362328,"var":54.2621650696},"erbbands_flatness_db":{"dmean":0.0190235972404,"dmean2":0.0276585556567,"dvar":0.000405458529713,"dvar2":0.000832718156744,"max":0.446323990822,"mean":0.251545906067,"median":0.276340931654,"min":0.0474063903093,"var":0.00798619259149},"erbbands_kurtosis":{"dmean":3.19703292847,"dmean2":5.12685108185,"dvar":180.861022949,"dvar2":346.986816406,"max":299.219482422,"mean":8.26279258728,"median":0.708608806133,"min":-1.68054783344,"var":1181.98278809},"erbbands_skewness":{"dmean":0.518694758415,"dmean2":0.812527120113,"dvar":0.710234880447,"dvar2":1.43671166897,"max":16.1566257477,"mean":0.866877794266,"median":0.485620588064,"min":-3.11736297607,"var":5.33346557617},"erbbands_spread":{"dmean":5.01001691818,"dmean2":8.0340423584,"dvar":38.5086021423,"dvar2":89.5724105835,"max":78.643951416,"mean":21.6793785095,"median":20.0985240936,"min":1.48277974129,"var":170.588180542},"gfcc":{"cov":[[167372.453125,28122.0605469,-21397.8769531,4203.25878906,-10067.7392578,-2729.54077148,-8265.43164063,-4025.67285156,-1064.72497559,-2888.63061523,-973.256103516,-5273.44287109,-2192.87573242],[28122.0605469,5456.42529297,-3200.04541016,440.37286377,-1797.68701172,-613.168945313,-1281.39685059,-682.712036133,-195.925933838,-596.322265625,-127.253692627,-846.188476563,-416.788970947],[-21397.8769531,-3200.04541016,4078.20166016,-308.763885498,1107.17285156,189.725357056,1075.12255859,556.304321289,35.256313324,334.851867676,210.266738892,849.75970459,299.955688477],[4203.25878906,440.37286377,-308.763885498,805.808654785,-170.624298096,-97.4387741089,-396.263397217,-144.310943604,-20.6781902313,19.9090080261,-38.7252655029,-82.7407073975,29.8237934113],[-10067.7392578,-1797.68701172,1107.17285156,-170.624298096,869.639831543,262.225860596,460.426635742,223.742446899,129.378997803,203.476699829,38.0038337708,310.008087158,161.644973755],[-2729.54077148,-613.168945313,189.725357056,-97.4387741089,262.225860596,308.113830566,203.815475464,44.2071380615,-32.5293083191,115.841896057,10.6130857468,46.5476570129,56.0060958862],[-8265.43164063,-1281.39685059,1075.12255859,-396.263397217,460.426635742,203.815475464,591.753723145,228.366134644,15.2672986984,114.276695251,53.9065742493,242.501678467,75.6674957275],[-4025.67285156,-682.712036133,556.304321289,-144.310943604,223.742446899,44.2071380615,228.366134644,250.837631226,71.3590774536,65.8116149902,9.84967136383,133.799026489,53.0348854065],[-1064.72497559,-195.925933838,35.256313324,-20.6781902313,129.378997803,-32.5293083191,15.2672986984,71.3590774536,180.748641968,50.8594894409,-8.23204231262,17.971364975,9.41882038116],[-2888.63061523,-596.322265625,334.851867676,19.9090080261,203.476699829,115.841896057,114.276695251,65.8116149902,50.8594894409,212.553359985,12.2035293579,74.075050354,46.9064254761],[-973.256103516,-127.253692627,210.266738892,-38.7252655029,38.0038337708,10.6130857468,53.9065742493,9.84967136383,-8.23204231262,12.2035293579,79.1231079102,61.1319274902,13.2469558716],[-5273.44287109,-846.188476563,849.75970459,-82.7407073975,310.008087158,46.5476570129,242.501678467,133.799026489,17.971364975,74.075050354,61.1319274902,308.936218262,118.751602173],[-2192.87573242,-416.788970947,299.955688477,29.8237934113,161.644973755,56.0060958862,75.6674957275,53.0348854065,9.41882038116,46.9064254761,13.2469558716,118.751602173,118.06325531]],"icov":[[0.000239257424255,-0.000678527925629,0.000364212784916,-0.000401254656026,0.000629129412118,-0.000703268276993,0.000712866021786,-0.000217213324504,-0.0000779417532613,0.000246008101385,-0.0000519210516359,-0.0000253661492025,0.000277340324828],[-0.000678527925629,0.00287210778333,-0.00100303266663,0.00128393806517,-0.000660736870486,0.00191952497698,-0.00135447690263,0.00124901451636,-0.000173021122464,0.000217295630137,0.00012358702952,0.000369332206901,-0.000396412273403],[0.000364212784916,-0.00100303266663,0.00159054016694,-0.00108914391603,0.00062483450165,-0.0000403667872888,-0.000299787643598,-0.000874661083799,0.000649966939818,-0.000214008410694,-0.000919451878872,-0.00123222265393,0.000582460779697],[-0.000401254656026,0.00128393806517,-0.00108914391603,0.00324644753709,-0.00112264987547,0.00115013169125,0.00157253572252,0.000849976728205,0.000536430219654,-0.00111653655767,0.000874949153513,0.000583160901442,-0.0016553014284],[0.000629129412118,-0.000660736870486,0.00062483450165,-0.00112264987547,0.00696707703173,-0.00446699839085,0.00150397850666,0.000736458518077,-0.00381609471515,0.00184528669342,0.000966620922554,-0.00139746803325,0.000202720417292],[-0.000703268276993,0.00191952497698,-0.0000403667872888,0.00115013169125,-0.00446699839085,0.010715469718,-0.00509854778647,0.000710314023308,0.00446387054399,-0.00438104290515,-0.0010905531235,0.00264136563055,-0.00364247360267],[0.000712866021786,-0.00135447690263,-0.000299787643598,0.00157253572252,0.00150397850666,-0.00509854778647,0.0112164225429,-0.00223805871792,0.000364294712199,0.0016533510061,0.000394146336475,-0.000391054141801,0.00266271131113],[-0.000217213324504,0.00124901451636,-0.000874661083799,0.000849976728205,0.000736458518077,0.000710314023308,-0.00223805871792,0.00881620962173,-0.00322459521703,0.000282855529804,0.00220443191938,-0.000432779546827,-0.00115604128223],[-0.0000779417532613,-0.000173021122464,0.000649966939818,0.000536430219654,-0.00381609471515,0.00446387054399,0.000364294712199,-0.00322459521703,0.0104266107082,-0.00344828260131,-0.000611645344179,0.00121232413221,-0.000135630252771],[0.000246008101385,0.000217295630137,-0.000214008410694,-0.00111653655767,0.00184528669342,-0.00438104290515,0.0016533510061,0.000282855529804,-0.00344828260131,0.00932377018034,-0.000070056921686,0.0000422816483479,0.00106335117016],[-0.0000519210516359,0.00012358702952,-0.000919451878872,0.000874949153513,0.000966620922554,-0.0010905531235,0.000394146336475,0.00220443191938,-0.000611645344179,-0.000070056921686,0.0167474187911,-0.00366057106294,0.00141737260856],[-0.0000253661492025,0.000369332206901,-0.00123222265393,0.000583160901442,-0.00139746803325,0.00264136563055,-0.000391054141801,-0.000432779546827,0.00121232413221,0.0000422816483479,-0.00366057106294,0.0122235091403,-0.00707620056346],[0.000277340324828,-0.000396412273403,0.000582460779697,-0.0016553014284,0.000202720417292,-0.00364247360267,0.00266271131113,-0.00115604128223,-0.000135630252771,0.00106335117016,0.00141737260856,-0.00707620056346,0.0179700534791]],"mean":[-347.698059082,134.395675659,-93.6577606201,23.0119037628,-46.5237693787,-11.7854394913,-38.6939506531,-17.7619113922,-5.12580299377,-12.5242509842,-4.30726861954,-23.0039653778,-9.17173576355]},"hfc":{"dmean":3.78171229362,"dmean2":5.39166212082,"dvar":98.5367965698,"dvar2":205.111526489,"max":169.784454346,"mean":8.89018630981,"median":4.32326555252,"min":1.06963936002e-16,"var":251.467941284},"melbands":{"dmean":[0.00000765497225075,0.000214311410673,0.000680206227116,0.000540888519026,0.000324437365634,0.000205797856324,0.000105467355752,0.000237944550463,0.000284769601421,0.0000589185037825,0.0000271078715741,0.00000879376420926,0.0000118741354527,0.0000276322934951,0.000042638683226,0.000023796228561,0.000040050555981,0.0000488811419928,0.0000150683254105,0.00000835589889903,0.00000476040804642,0.00000638798837826,0.00000619496631771,0.00000181232360319,7.28590975996e-7,7.55879796088e-7,4.07841667993e-7,3.82651791142e-7,1.9212926361e-7,1.03130126661e-7,8.7801851123e-8,6.93966981657e-8,5.80337840006e-8,3.75254813889e-8,2.2350956641e-8,2.1753921331e-8,1.14600666734e-8,6.05902084061e-9,5.03420904963e-9,3.41233885592e-9],"dmean2":[0.0000126001696117,0.00030935704126,0.000975237984676,0.000767875113524,0.000478710950119,0.000291908712825,0.000153742788825,0.000361021171557,0.000449782441137,0.0000886516572791,0.0000456371599284,0.0000132373352244,0.0000203424351639,0.0000420202886744,0.0000687525462126,0.0000394063754356,0.0000624858366791,0.000074701361882,0.0000227566924877,0.0000135354166559,0.00000702922989149,0.0000104012842712,0.00000992846889858,0.00000304841523757,0.00000122770063626,0.00000121268044495,6.55966971408e-7,5.84242968671e-7,3.04024183606e-7,1.64442965911e-7,1.429735903e-7,1.13461119611e-7,9.97239126832e-8,6.29069134561e-8,3.76866999829e-8,3.68571129172e-8,1.86056396956e-8,1.01824007004e-8,8.45054959342e-9,6.17523276958e-9],"dvar":[2.04256569991e-10,2.18899415927e-7,0.0000013170110833,0.00000127399323446,4.09541968338e-7,2.48220118237e-7,1.11134788483e-7,4.141215868e-7,7.54688130655e-7,4.80269690684e-8,1.23617125425e-8,2.88336177157e-9,7.8982989038e-9,2.82809349272e-8,1.0354926161e-7,1.69936527072e-8,3.27323554927e-8,7.74888420096e-8,5.8866724828e-9,3.12899683941e-9,3.79678816165e-10,2.2141859457e-9,2.58331134262e-9,2.52042109405e-10,1.201290456e-11,1.79944739664e-11,3.43972094731e-12,7.99726430911e-12,1.15544921721e-12,2.43252114415e-13,3.68654651077e-13,2.59501973946e-13,1.29831705825e-13,5.5361931131e-14,8.86431583653e-15,1.09603098759e-14,2.28295242208e-15,1.91901921057e-15,1.76307017471e-15,2.2372736293e-15],"dvar2":[3.79585141097e-10,4.60616860209e-7,0.00000302710009237,0.00000232383035836,8.89673060556e-7,4.97511166486e-7,2.33036629993e-7,9.51006370542e-7,0.00000186722616036,9.34610113745e-8,3.37245324999e-8,5.44207345854e-9,2.01949763579e-8,6.35180228414e-8,2.11258480931e-7,4.58388278446e-8,7.80863089744e-8,1.73910976287e-7,1.53870782782e-8,7.54516626955e-9,7.06195268929e-10,4.83281059616e-9,6.58345244986e-9,5.96241722661e-10,3.18862922177e-11,4.15645608209e-11,7.70894546115e-12,1.84051558716e-11,2.57810483031e-12,4.84580962596e-13,9.20443734252e-13,6.52933815955e-13,3.53085128409e-13,1.52128337054e-13,2.51436614313e-14,3.10392140321e-14,6.17960975834e-15,5.56970834335e-15,5.09980961608e-15,6.54919140905e-15],"max":[0.000391323905205,0.00674391910434,0.0123412460089,0.0162019729614,0.00877945218235,0.00863724853843,0.00490077678114,0.00890687666833,0.0142224049196,0.00366511568427,0.00157701224089,0.00122220488265,0.0017353836447,0.00288319285028,0.00729313213378,0.00230977474712,0.00368794356473,0.00620102277026,0.00167957518715,0.00102890597191,0.000341086240951,0.00113504880574,0.00112171645742,0.000325620727381,0.0000605582135904,0.0000785250740591,0.0000377732758352,0.0000556153536309,0.0000221215959755,0.00000800777797849,0.0000122768869915,0.0000110863857117,0.00000636206277704,0.00000522087202626,0.00000156546502694,0.00000204128582482,7.66210916936e-7,9.6479379863e-7,9.26832456116e-7,0.00000106388631593],"mean":[0.0000243373960984,0.000372266338672,0.00130880495999,0.00105659360997,0.000697621668223,0.000405663828133,0.00017824274255,0.000479980750242,0.000481099676108,0.0000826927425805,0.0000308320159093,0.0000107350788312,0.0000132295144795,0.0000277139042737,0.0000451306113973,0.0000264845602942,0.000053110972658,0.0000623739106231,0.0000189251077245,0.00000933309911488,0.00000668459142616,0.00000834483034851,0.00000705784077581,0.0000023077188871,8.00605846507e-7,8.78991613718e-7,5.75151659632e-7,4.07227389587e-7,2.21647368903e-7,1.2987960929e-7,9.66054329865e-8,7.67426158177e-8,7.00339413129e-8,5.0443397015e-8,3.33379404083e-8,2.93146324992e-8,1.74144449971e-8,7.74829889139e-9,5.92811044697e-9,2.96711966108e-9],"median":[0.0000173453736352,0.0000946817017393,0.000461723946501,0.000187816505786,0.000196065244381,0.0000916136123124,0.0000294373312499,0.000038708523789,0.0000296876623906,0.00000522416212334,0.00000189916306681,4.93981872296e-7,6.98072369687e-7,8.18226851607e-7,7.5957404988e-7,8.75632053976e-7,0.00000136882965762,0.00000131102683554,3.85409379078e-7,3.43468741448e-7,3.88144258068e-7,2.56237882468e-7,2.23542215849e-7,1.04434157322e-7,9.44686107118e-8,1.33122739499e-7,1.12595273549e-7,3.66730681378e-8,1.84828099492e-8,1.99590459715e-8,1.42074174647e-8,1.23412267072e-8,1.67821561092e-8,1.26221699759e-8,8.83269013485e-9,7.48986384025e-9,3.47840178883e-9,1.60865987198e-9,1.06813480283e-9,5.11816256044e-10],"min":[7.3451484765e-25,7.61026441218e-25,3.05270237659e-25,5.13937900067e-25,1.07125082397e-24,2.05106892193e-24,1.44237240898e-24,1.53409997175e-24,1.71542517284e-24,1.81056929219e-24,1.75861274361e-24,1.78246967232e-24,1.31188406703e-24,2.94704254416e-24,1.91656596823e-24,1.78883755476e-24,2.46629473408e-24,3.03071682316e-24,2.10110853852e-24,2.86665288475e-24,2.92660197481e-24,3.08657566943e-24,3.22930013149e-24,2.36822433521e-24,3.22027221008e-24,3.50100256269e-24,3.13395248603e-24,5.05996210537e-24,3.20780031916e-24,5.06776315086e-24,5.52470846362e-24,5.12414461748e-24,5.02340116342e-24,5.55255959231e-24,5.42288308684e-24,5.76223645434e-24,5.73317994619e-24,5.53844647629e-24,6.01614238074e-24,5.36686765168e-24],"var":[1.54900414717e-9,5.16056559263e-7,0.00000407429843108,0.00000451792584499,0.00000137122788146,8.88133001808e-7,2.66482317102e-7,0.00000145130240981,0.00000204449111152,8.51737667062e-8,1.1929756738e-8,5.00126740022e-9,7.94737076149e-9,3.06907530501e-8,1.19289495615e-7,1.48588004123e-8,4.51521842137e-8,1.06571746983e-7,8.62721982742e-9,3.12749848241e-9,6.77386813308e-10,2.95685098628e-9,2.97918067993e-9,3.11136116871e-10,1.05587491875e-11,1.79652230592e-11,3.88326306874e-12,7.58901014947e-12,1.17060994145e-12,2.9300352292e-13,3.04972491488e-13,2.12333595801e-13,9.2523245196e-14,4.08383010297e-14,8.99836727076e-15,9.54586988611e-15,2.8052251023e-15,1.16469751341e-15,1.03643279651e-15,1.20754806318e-15]},"melbands_crest":{"dmean":2.91122961044,"dmean2":4.70445728302,"dvar":9.66721343994,"dvar2":24.6818180084,"max":40,"mean":13.9711380005,"median":14.6326675415,"min":1.55896604061,"var":62.016620636},"melbands_flatness_db":{"dmean":0.0248199738562,"dmean2":0.0354151204228,"dvar":0.00161524896976,"dvar2":0.00288887647912,"max":1,"mean":0.291681855917,"median":0.321720063686,"min":0.00318223517388,"var":0.0327002517879},"melbands_kurtosis":{"dmean":288638.625,"dmean2":475632.625,"dvar":10524936896500,"dvar2":23651652993000,"max":105941576,"mean":843453.125,"median":4.23495960236,"min":-1.6414475441,"var":57142157508600},"melbands_skewness":{"dmean":26.0749034882,"dmean2":41.3587799072,"dvar":96789.8515625,"dvar2":172208.171875,"max":9992.48925781,"mean":102.457626343,"median":1.49974322319,"min":-1.16490757465,"var":771731},"melbands_spread":{"dmean":5.3709230423,"dmean2":8.42631435394,"dvar":67.6180419922,"dvar2":151.056732178,"max":158.518371582,"mean":35.433719635,"median":9.09024906158,"min":0.00000980701770459,"var":2531.88989258},"mfcc":{"cov":[[26719.1582031,11481.4697266,-1349.06762695,1327.49291992,205.147964478,87.7938842773,-1808.06738281,-962.972106934,-1321.34313965,473.013549805,44.988193512,-373.636383057,-877.26965332],[11481.4697266,6746.46533203,308.222808838,651.10369873,-17.1676483154,-197.703475952,-764.074035645,-359.049346924,-695.942138672,37.8435783386,47.1074905396,-237.271713257,-243.319503784],[-1349.06762695,308.222808838,1172.76147461,409.304321289,-50.0584449768,-137.825500488,58.9485282898,40.8823661804,-91.6626663208,-173.175720215,-53.6589012146,-28.4658813477,192.798233032],[1327.49291992,651.10369873,409.304321289,724.736999512,221.16456604,12.5343837738,-225.872177124,-122.566123962,-89.8936309814,-56.7631950378,-70.0297012329,-1.64507579803,31.6059112549],[205.147964478,-17.1676483154,-50.0584449768,221.16456604,312.577453613,72.4963607788,-104.178520203,-58.3862380981,33.8632888794,6.92578315735,-47.2291755676,36.3343696594,-9.65927314758],[87.7938842773,-197.703475952,-137.825500488,12.5343837738,72.4963607788,268.024963379,76.5902404785,-81.4652175903,8.81201171875,27.6949863434,7.92498111725,0.690537154675,-36.3233108521],[-1808.06738281,-764.074035645,58.9485282898,-225.872177124,-104.178520203,76.5902404785,337.892944336,105.244430542,70.1202545166,-18.6933307648,17.1646118164,-8.40777683258,29.4204978943],[-962.972106934,-359.049346924,40.8823661804,-122.566123962,-58.3862380981,-81.4652175903,105.244430542,185.256072998,52.258808136,-43.5849380493,-1.19199383259,14.8049526215,26.5433864594],[-1321.34313965,-695.942138672,-91.6626663208,-89.8936309814,33.8632888794,8.81201171875,70.1202545166,52.258808136,222.951705933,27.247177124,3.33654475212,48.3767814636,43.2129058838],[473.013549805,37.8435783386,-173.175720215,-56.7631950378,6.92578315735,27.6949863434,-18.6933307648,-43.5849380493,27.247177124,181.918685913,57.5920028687,-19.4986724854,-29.7410163879],[44.988193512,47.1074905396,-53.6589012146,-70.0297012329,-47.2291755676,7.92498111725,17.1646118164,-1.19199383259,3.33654475212,57.5920028687,105.654075623,6.94438886642,-6.9038310051],[-373.636383057,-237.271713257,-28.4658813477,-1.64507579803,36.3343696594,0.690537154675,-8.40777683258,14.8049526215,48.3767814636,-19.4986724854,6.94438886642,99.0493850708,24.0482063293],[-877.26965332,-243.319503784,192.798233032,31.6059112549,-9.65927314758,-36.3233108521,29.4204978943,26.5433864594,43.2129058838,-29.7410163879,-6.9038310051,24.0482063293,146.636520386]],"icov":[[0.000566907343455,-0.000805317715276,0.000982876750641,-0.000864104251377,0.000778065237682,-0.000558929285035,0.000579098472372,-0.000200208363822,0.000781966955401,-0.000944540952332,0.00088998710271,-0.000471586565254,0.000479332811665],[-0.000805317715276,0.00145589152817,-0.001506120665,0.00121377955656,-0.00104195997119,0.000849349540658,-0.000251770456089,0.000386714935303,-0.000543131958693,0.00134051346686,-0.00155899487436,0.00106421334203,-0.000377170625143],[0.000982876750641,-0.001506120665,0.00392920710146,-0.00309681892395,0.00177924253512,0.000229124110774,-0.000758149777539,-0.0000737216687412,0.00184984481893,-0.000608512549661,0.00130372820422,-0.000321202882333,-0.00133272539824],[-0.000864104251377,0.00121377955656,-0.00309681892395,0.0049689700827,-0.00294606084935,-0.000127084975247,0.00125301408116,0.000741375028156,-0.000999251613393,0.00147132377606,-0.00080326886382,0.000836176273879,-0.000348034809576],[0.000778065237682,-0.00104195997119,0.00177924253512,-0.00294606084935,0.00693319644779,-0.00241718394682,0.00203782040626,-0.000761277158745,-0.0000216270345845,-0.00203973730095,0.00334124756046,-0.00218610255979,0.000916924444027],[-0.000558929285035,0.000849349540658,0.000229124110774,-0.000127084975247,-0.00241718394682,0.00804697349668,-0.00495226075873,0.00461959931999,-0.000339488702593,0.00158546573948,-0.00180440035183,0.000296840764349,0.0000710874810466],[0.000579098472372,-0.000251770456089,-0.000758149777539,0.00125301408116,0.00203782040626,-0.00495226075873,0.00918831210583,-0.00382288987748,0.000350113317836,-0.00099733681418,0.000567567185499,0.00136624765582,0.00102670607157],[-0.000200208363822,0.000386714935303,-0.0000737216687412,0.000741375028156,-0.000761277158745,0.00461959931999,-0.00382288987748,0.0105303330347,-0.00131436658558,0.00253749266267,-0.000882440363057,-0.000347360561136,0.000253503880231],[0.000781966955401,-0.000543131958693,0.00184984481893,-0.000999251613393,-0.0000216270345845,-0.000339488702593,0.000350113317836,-0.00131436658558,0.00910383556038,-0.00301465438679,0.00157155178022,-0.00246488279663,-0.00117373664398],[-0.000944540952332,0.00134051346686,-0.000608512549661,0.00147132377606,-0.00203973730095,0.00158546573948,-0.00099733681418,0.00253749266267,-0.00301465438679,0.0106646502391,-0.00640584016219,0.00399833079427,-0.000850258453283],[0.00088998710271,-0.00155899487436,0.00130372820422,-0.00080326886382,0.00334124756046,-0.00180440035183,0.000567567185499,-0.000882440363057,0.00157155178022,-0.00640584016219,0.0152069525793,-0.00430780043826,0.000675596063957],[-0.000471586565254,0.00106421334203,-0.000321202882333,0.000836176273879,-0.00218610255979,0.000296840764349,0.00136624765582,-0.000347360561136,-0.00246488279663,0.00399833079427,-0.00430780043826,0.0145707139745,-0.002150116954],[0.000479332811665,-0.000377170625143,-0.00133272539824,-0.000348034809576,0.000916924444027,0.0000710874810466,0.00102670607157,0.000253503880231,-0.00117373664398,-0.000850258453283,0.000675596063957,-0.002150116954,0.0112726744264]],"mean":[-852.969177246,145.714752197,3.03265404701,24.4844055176,7.10990381241,1.38672208786,-18.4917087555,-10.6434173584,-13.4207086563,3.7223367691,0.864617288113,-3.26078534126,-6.03407716751]},"pitch_salience":{"dmean":0.0614485032856,"dmean2":0.0971743166447,"dvar":0.00414778944105,"dvar2":0.0103235803545,"max":0.96129912138,"mean":0.602019667625,"median":0.611710727215,"min":0.0000181481063919,"var":0.0253319423646},"silence_rate_20dB":{"dmean":0,"dmean2":0,"dvar":0,"dvar2":0,"max":1,"mean":1,"median":1,"min":1,"var":0},"silence_rate_30dB":{"dmean":0.00630252109841,"dmean2":0.0126182967797,"dvar":0.00626269029453,"dvar2":0.0166652034968,"max":1,"mean":0.991605460644,"median":1,"min":0,"var":0.00832415465266},"silence_rate_60dB":{"dmean":0.0252100843936,"dmean2":0.0504731871188,"dvar":0.0245742537081,"dvar2":0.0542352646589,"max":1,"mean":0.302203565836,"median":0,"min":0,"var":0.21087628603},"spectral_centroid":{"dmean":225.361495972,"dmean2":353.63885498,"dvar":344312.71875,"dvar2":651322.75,"max":11907.9892578,"mean":2735.51635742,"median":553.372680664,"min":172.041381836,"var":17423154},"spectral_complexity":{"dmean":1.25210082531,"dmean2":1.89905357361,"dvar":3.31671667099,"dvar2":6.67542409897,"max":32,"mean":6.33263397217,"median":5,"min":0,"var":31.5629062653},"spectral_contrast_coeffs":{"dmean":[0.0451551154256,0.0417082458735,0.0338060222566,0.0265178121626,0.0205104034394,0.0150298960507],"dmean2":[0.0718955695629,0.0668934062123,0.0539358556271,0.0428894534707,0.0319695398211,0.0229244083166],"dvar":[0.00193720252719,0.0018168007955,0.00116426276509,0.000844417372718,0.000520472240169,0.000285442831228],"dvar2":[0.00475296052173,0.00454545626417,0.00272464565933,0.00193366338499,0.00103605235927,0.000566005590372],"max":[-0.225624233484,-0.358141869307,-0.483924627304,-0.472934544086,-0.527542412281,-0.555808365345],"mean":[-0.575036287308,-0.699054479599,-0.815276622772,-0.818758845329,-0.826575934887,-0.807700455189],"median":[-0.494094640017,-0.668926775455,-0.808848440647,-0.809924423695,-0.815827965736,-0.782722830772],"min":[-0.980498433113,-0.984606683254,-0.977609157562,-0.973415732384,-0.967913687229,-0.965452373028],"var":[0.0491341911256,0.0280261393636,0.0106531847268,0.0090492060408,0.00720231095329,0.00744751607999]},"spectral_contrast_valleys":{"dmean":[0.491507202387,0.436658471823,0.375275164843,0.354642510414,0.298209905624,0.270159840584],"dmean2":[0.7785192132,0.657491505146,0.556066095829,0.514705657959,0.415175765753,0.381448656321],"dvar":[0.663900494576,0.800747513771,0.720140218735,0.732514381409,0.731134414673,0.582586407661],"dvar2":[0.737540841103,0.868924081326,0.744236886501,0.774875760078,0.786578595638,0.643619954586],"max":[-6.88960075378,-5.19331169128,-6.23860454559,-5.64609193802,-6.5396733284,-8.89810562134],"mean":[-12.6051111221,-11.5616369247,-12.5753412247,-12.4569177628,-12.9097003937,-15.4650964737],"median":[-9.03098964691,-7.66969108582,-9.04412078857,-9.02933979034,-9.47897434235,-12.6476097107],"min":[-28.3008232117,-28.3046779633,-27.8429088593,-27.7037677765,-27.5633010864,-27.4411716461],"var":[55.1844177246,63.7691993713,55.0914611816,56.6836242676,52.7515907288,35.4460296631]},"spectral_decrease":{"dmean":1.71594816134e-9,"dmean2":2.41054110006e-9,"dvar":7.01266021657e-18,"dvar2":1.51059177525e-17,"max":2.02055858627e-28,"mean":-4.75303618686e-9,"median":-3.24825677467e-9,"min":-4.09360794151e-8,"var":3.1488380331e-17},"spectral_energy":{"dmean":0.00679362379014,"dmean2":0.00954989995807,"dvar":0.000114096037578,"dvar2":0.000245664152317,"max":0.16056714952,"mean":0.0187454316765,"median":0.0128040779382,"min":9.91351488e-21,"var":0.00049783923896},"spectral_energyband_high":{"dmean":0.0000156274054461,"dmean2":0.0000238755474129,"dvar":8.42069702855e-9,"dvar2":1.98933793882e-8,"max":0.00170165870804,"mean":0.0000196993296413,"median":0.00000395568758904,"min":6.95633772777e-21,"var":7.88278864405e-9},"spectral_energyband_low":{"dmean":0.00147442962043,"dmean2":0.00214084098116,"dvar":0.00000593086497247,"dvar2":0.0000128567180582,"max":0.0288044065237,"mean":0.0027110716328,"median":0.00133450445719,"min":1.1469157982e-23,"var":0.000015342300685},"spectral_energyband_middle_high":{"dmean":0.00135988532566,"dmean2":0.00199678447098,"dvar":0.0000268415806204,"dvar2":0.0000554712351004,"max":0.0925824344158,"mean":0.0021582422778,"median":0.000155966539751,"min":1.14621635941e-21,"var":0.000050770049711},"spectral_energyband_middle_low":{"dmean":0.00552260503173,"dmean2":0.00791434478015,"dvar":0.0000747443191358,"dvar2":0.000160619485541,"max":0.158371090889,"mean":0.0148634789512,"median":0.00955954566598,"min":1.21966478754e-22,"var":0.00038057580241},"spectral_entropy":{"dmean":0.189912617207,"dmean2":0.269856363535,"dvar":0.0606200322509,"dvar2":0.108654692769,"max":9.82306194305,"mean":7.01521348953,"median":6.59011363983,"min":4.4940943718,"var":2.47696805},"spectral_flux":{"dmean":0.0182002279907,"dmean2":0.0294200927019,"dvar":0.000603815948125,"dvar2":0.00138722267002,"max":0.306039988995,"mean":0.0505353845656,"median":0.042873788625,"min":6.30572538629e-11,"var":0.00232127890922},"spectral_kurtosis":{"dmean":6.27423477173,"dmean2":10.6039447784,"dvar":54.7090377808,"dvar2":142.556304932,"max":92.8360061646,"mean":13.6595096588,"median":9.53589630127,"min":-1.27774477005,"var":227.982650757},"spectral_rms":{"dmean":0.000658568635117,"dmean2":0.000898686994333,"dvar":7.09712026037e-7,"dvar2":0.00000141684290611,"max":0.0125160245225,"mean":0.00340926926583,"median":0.0035343717318,"min":3.1099391725e-12,"var":0.00000666507139613},"spectral_rolloff":{"dmean":271.879089355,"dmean2":456.204772949,"dvar":644076.25,"dvar2":1088826.375,"max":19767.4804688,"mean":4396.63330078,"median":581.396484375,"min":21.533203125,"var":53038892},"spectral_skewness":{"dmean":0.509937226772,"dmean2":0.840808987617,"dvar":0.287808269262,"dvar2":0.702339053154,"max":8.21442985535,"mean":2.27481603622,"median":2.22586202621,"min":-0.109668269753,"var":2.68476867676},"spectral_spread":{"dmean":617215.625,"dmean2":1013690.5625,"dvar":4852536049660,"dvar2":8960459407360,"max":49431888,"mean":10125807,"median":2463072.25,"min":944337.125,"var":233360270033000},"spectral_strongpeak":{"dmean":0.390187084675,"dmean2":0.604602575302,"dvar":0.538902282715,"dvar2":1.16600179672,"max":10.8353052139,"mean":0.897266447544,"median":0.554842889309,"min":0,"var":1.42245674133},"zerocrossingrate":{"dmean":0.00884035229683,"dmean2":0.013096309267,"dvar":0.000799506145995,"dvar2":0.00171450781636,"max":0.53466796875,"mean":0.122300878167,"median":0.02490234375,"min":0,"var":0.0364652760327}},"metadata":{"audio_properties":{"analysis_sample_rate":44100,"bit_rate":128000,"codec":"mp3","downmix":"mix","equal_loudness":0,"length":22.0995922089,"lossless":false,"md5_encoded":"1af546ee5c3d42c28f4bc1b96cd111bf","replay_gain":-7.03235244751,"sample_rate":44100},"tags":{"acoustid_fingerprint":["AQAAnNuSSFkWhTjz4wGXI-5k6MqQd3jESEJ540Oq_EbF_ciDx8LDwz-uHDw5o0k-Lahu4wkKJksUnCYuBksO50eViTse_LiDS7ihJw2u1dHwCs5T9Inw6PhHBmUfPGOO2wm2ME2HZ0dyRM_wSFkCL3nxJSd-NEef41cQHu4GH08G8UdIPLOEs2Ei_KgPH46PCX9yQcevDse3oXw0fMd7HM1XIbk6PEcshsF5RCfyT-jDoXmO4xQuSgqqTkvQKU1yxM-hI_oDPzXBB3tyXEO1w-qDJsfxXMaTPAo-HZWLZCF1RNUY8InECP90eAd7ojpZCVN44oqP0MonJNfgF71m4VSEK_mIT9SCZoyOHmemPMVOC42OqsnS42KDB80t1HqK7_hTPJGDXIGiC-n14NHh80Gf4_wwpeJRKj6OZ8FRSkcihUmSeAMAAAACgDJEOQEIAIKDhhhBxhDhCJUIGeYBgVwQjQQEAADCEBPISUIIYkgBAQmBDhFBoQEWAAKFAFAZSyg0CFAmgFAKQA4SAQwdBbAwRBiJjULEGEIYAEYARARCgCBiDBAAGEkQCIowA5hiEBgAgHIGEAYacwA"],"acoustid_id":["0de3f00a-1bd8-490e-bbea-323dcb87c08c"],"album":["Christmas (Bootleg)"],"albumartist":["Bee Gees"],"albumartistsort":["Bee Gees"],"artist":["Bee Gees"],"artistsort":["Bee Gees"],"date":["1995"],"discnumber":["01/01"],"file_name":"01. O Come All Ye Faithfull ( Humo_0-22.mp3","genre":["Pop"],"language":["eng"],"media":["(CD)"],"musicbrainz album status":["Bootleg"],"musicbrainz album type":["Album"],"musicbrainz_albumartistid":["bf0f7e29-dfe1-416c-b5c6-f9ebc19ea810"],"musicbrainz_albumid":["2aa75774-c5cb-4714-ac75-0bafd890a512"],"musicbrainz_artistid":["bf0f7e29-dfe1-416c-b5c6-f9ebc19ea810"],"musicbrainz_recordingid":["ea5d009a-e0f1-4d63-88fd-966afc7fe2f5"],"musicbrainz_releasegroupid":["c55a3014-0213-4e59-93e0-aa5a93529592"],"originalalbum":["Christmas (Bootleg)"],"originalartist":["Bee Gees"],"originaldate":["1995"],"releaseda