{"lowlevel":{"average_loudness":0.308778166771,"barkbands":{"dmean":[0.00361784989946,0.00918021146208,0.00323548028246,0.00178294721991,0.00239851651713,0.00119348231237,0.000459676666651,0.000278461637208,0.00055501179304,0.000310065544909,0.000168063183082,0.000128697458422,0.0000828570337035,0.00011612099479,0.000069092711783,0.0000348976936948,0.0000281294669549,0.0000534645550943,0.0000602399959462,0.0000851608419907,0.0000795803789515,0.0000292619552056,0.0000104769987956,0.00000216118451135,0.00000182453209163,0.00000749818855184,0.000160674870131],"dmean2":[0.00592717109248,0.0153277199715,0.00559868989512,0.002954300493,0.00382789294235,0.00194036704488,0.000724425248336,0.000458224734757,0.000914693751838,0.000519458204508,0.000277393468423,0.00021087397181,0.000134299130877,0.000186283985386,0.000111099718197,0.0000563892244827,0.0000435755318904,0.0000796364765847,0.0000832846126286,0.000117383271572,0.000106594321551,0.0000389086235373,0.0000143176403071,0.00000354174630957,0.00000302748298964,0.0000102890853668,0.000201952803764],"dvar":[0.0000687953288434,0.00036360748345,0.0000448536702606,0.0000182455241884,0.0000333499410772,0.0000119641563288,0.00000381905647373,8.93402727797e-7,0.00000363878325516,7.57947134389e-7,1.78329528921e-7,1.13405143054e-7,3.4721612252e-8,1.36168850418e-7,4.33358167129e-8,1.13994564899e-8,1.78850765309e-8,7.1117803202e-8,5.00359185196e-8,1.09099900669e-7,5.85141322063e-8,7.20207182781e-9,8.01420874108e-10,2.2146090517e-11,1.70836574054e-11,3.89328319583e-10,1.55809217972e-7],"dvar2":[0.000169387392816,0.000961530313361,0.000123669873574,0.0000443609678769,0.0000770030310377,0.0000310356590489,0.00000954467395786,0.00000225114672503,0.00000927097971726,0.00000200883164325,4.57225638684e-7,2.86028523533e-7,8.64960796321e-8,3.4596439491e-7,1.08807824972e-7,2.86866068677e-8,4.01136723838e-8,1.43136929864e-7,8.51901376109e-8,2.12040021097e-7,1.07682559758e-7,1.35352005159e-8,1.55629886756e-9,5.60439195052e-11,4.41722214362e-11,7.77073516645e-10,2.51797757755e-7],"max":[0.153502583504,0.2372366786,0.115270897746,0.121673569083,0.150782823563,0.126328930259,0.133829966187,0.0327557139099,0.0483761057258,0.0238010361791,0.0135556235909,0.0111878030002,0.00439198641106,0.0112158507109,0.00591282127425,0.00601217895746,0.0105891348794,0.0149503620341,0.0098382094875,0.0117655759677,0.00786540284753,0.00209094001912,0.000959091063123,0.000108968524728,0.0000820223212941,0.000649402383715,0.0078321909532],"mean":[0.00426443386823,0.0125733939931,0.00399628840387,0.00254805525765,0.00443856464699,0.00201676390134,0.00075175485108,0.000407075625844,0.000696812465321,0.000416021153796,0.00025342949084,0.000217332752072,0.000144064557389,0.000206145676202,0.00011645869381,0.0000603297776252,0.0000448269456683,0.0000868529896252,0.000102360259916,0.000130467014969,0.000112448433356,0.0000410326538258,0.0000145954782056,0.00000247966772804,0.00000181970676749,0.0000106006891656,0.000312047777697],"median":[0.000887351925485,0.00322167389095,0.00106942211278,0.000400476856157,0.00104128429666,0.000514247338288,0.000195883141714,0.000125961523736,0.000210060126847,0.000109320913907,0.0000569762341911,0.0000418928830186,0.0000333357966156,0.0000259839271166,0.000022165961127,0.0000150329333337,0.0000082131682575,0.00000971704321273,0.00000929855377763,0.00000867893686518,0.00000624648146186,0.00000330827106154,0.00000173916077983,6.08905395438e-7,3.5509279428e-7,0.00000176979358457,0.0000676158670103],"min":[5.14558098813e-26,5.27170943144e-25,1.27244928016e-25,1.58966611981e-26,1.99132375242e-24,2.81977660039e-24,1.90045308981e-24,1.07166487734e-24,7.43950896115e-24,5.86097422954e-24,6.53368798824e-24,1.69622544226e-23,1.07704496788e-23,1.99159342452e-23,2.18084494221e-23,2.69410198629e-23,3.37356145237e-23,5.32977083653e-23,7.46578339354e-23,1.29988007713e-22,1.64781607773e-22,2.4926169399e-22,3.43166837867e-22,5.16674862838e-22,7.68819799261e-22,1.12044128228e-21,1.7824797082e-21],"var":[0.000084483937826,0.000483958428958,0.0000591238094785,0.0000521957299497,0.000106123901787,0.0000226543288591,0.00000803884449851,0.00000143692898291,0.00000360805438504,8.59555143506e-7,3.31768973183e-7,2.36254649622e-7,8.74407959373e-8,3.27969104319e-7,9.68303055515e-8,2.14824726896e-8,3.78397366774e-8,1.38714298714e-7,1.17847548609e-7,2.39240108613e-7,1.20356148159e-7,1.36227509273e-8,1.63256985708e-9,2.80171025269e-11,1.74937078712e-11,7.23888393672e-10,4.20463294404e-7]},"barkbands_crest":{"dmean":2.71234035492,"dmean2":4.51551151276,"dvar":6.64895534515,"dvar2":17.9937362671,"max":25.8504066467,"mean":10.916762352,"median":10.0942058563,"min":3.05035233498,"var":19.0613613129},"barkbands_flatness_db":{"dmean":0.0283915903419,"dmean2":0.045252751559,"dvar":0.000811346748378,"dvar2":0.00203130231239,"max":0.551983594894,"mean":0.16530816257,"median":0.16270250082,"min":0.0317345671356,"var":0.00505280308425},"barkbands_kurtosis":{"dmean":7.81695270538,"dmean2":12.8105812073,"dvar":171.428970337,"dvar2":452.037414551,"max":292.526428223,"mean":15.2056417465,"median":10.0357074738,"min":-1.95518660545,"var":307.867675781},"barkbands_skewness":{"dmean":0.73924767971,"dmean2":1.18765676022,"dvar":0.684791684151,"dvar2":1.71663498878,"max":13.3228759766,"mean":2.16344213486,"median":2.60148286819,"min":-2.36765360832,"var":5.72421121597},"barkbands_spread":{"dmean":5.10735368729,"dmean2":8.01801300049,"dvar":46.8021278381,"dvar2":101.37335968,"max":132.583175659,"mean":17.8510074615,"median":14.0363645554,"min":0.309361666441,"var":229.204803467},"dissonance":{"dmean":0.020841576159,"dmean2":0.0356370508671,"dvar":0.000669770175591,"dvar2":0.00189266900998,"max":0.500000178814,"mean":0.464028984308,"median":0.474556535482,"min":0,"var":0.00133170955814},"dynamic_complexity":6.24317407608,"erbbands":{"dmean":[0.392838954926,1.80883061886,3.68658304214,4.99568462372,5.33180332184,10.2684144974,10.3324346542,9.90766048431,7.12476158142,6.04443264008,6.68449640274,11.9981737137,11.1047897339,9.1484079361,4.65437078476,4.97249507904,3.72863459587,4.83793354034,5.0074672699,2.22847509384,1.64657151699,1.56629180908,2.61466002464,2.93620204926,3.69399929047,3.9161002636,3.46373724937,2.72345662117,1.22089397907,0.59524512291,0.226977840066,0.0635039433837,0.030449423939,0.020510872826,0.0129519635811,0.00752298906446,0.0113547500223,0.0346766337752,0.0273291990161,0.0030459028203],"dmean2":[0.646143317223,3.09570193291,6.37036085129,8.35932350159,8.80774307251,16.2847652435,16.7217731476,16.0941696167,11.166226387,9.72580814362,10.9513063431,19.7709445953,18.1916484833,15.2519979477,7.54770517349,8.05408573151,6.01281738281,7.72035741806,7.88229131699,3.53936982155,2.60733771324,2.38171648979,3.87921500206,4.13580322266,5.13020038605,5.33238935471,4.73996496201,3.60964822769,1.64526939392,0.808992028236,0.306255757809,0.097543604672,0.0504215024412,0.0340425185859,0.0214620698243,0.012353762053,0.0151381874457,0.0430245883763,0.0343738272786,0.00404468318447],"dvar":[0.751049101353,14.6400671005,57.2381134033,119.443870544,141.704971313,711.448486328,753.289978027,1119.0723877,1033.44238281,319.185852051,639.75970459,1518.13757324,1330.28796387,497.215576172,119.24118042,193.696929932,72.9199523926,203.947311401,273.291137695,30.1498565674,27.7420196533,55.1156387329,164.643249512,156.22428894,202.456619263,256.536712646,131.146148682,66.0652160645,12.9617624283,2.93232321739,0.335990846157,0.0185115523636,0.00478993682191,0.00218044663779,0.0008505138685,0.000269521464361,0.000693071691785,0.00960003305227,0.00582585204393,0.000039046000893],"dvar2":[1.95856785774,40.5989341736,157.877883911,306.269104004,352.352081299,1648.93273926,1788.77844238,2941.33666992,2519.48706055,710.35925293,1590.44226074,3842.78393555,3240.0168457,1318.90783691,291.943023682,487.490600586,181.019485474,503.637756348,659.308959961,70.680305481,62.368183136,115.370941162,318.186859131,295.358001709,370.441131592,499.426574707,247.523178101,117.001045227,25.0887031555,5.67550230026,0.612464487553,0.041677031666,0.0123678017408,0.00564061198384,0.00219737109728,0.000691003340762,0.0011510879267,0.0164597574621,0.00979398470372,0.0000657126656733],"max":[11.938832283,50.9894256592,134.280197144,237.942321777,500.045288086,706.206665039,698.150390625,1373.33349609,2353.86767578,1127.39501953,1000.99639893,946.602172852,700.166381836,624.046386719,286.316650391,555.072387695,200.177307129,345.085632324,662.251464844,222.672866821,317.352600098,466.077056885,715.47467041,653.348388672,813.79510498,591.659179688,499.578857422,162.773300171,79.5501937866,56.4581375122,21.8032798767,4.78418064117,1.40277767181,0.934358119965,0.574841082096,0.31244456768,1.00259029865,1.83477199078,1.56478822231,0.129796236753],"mean":[0.529577195644,2.17527556419,4.64511823654,7.28173875809,8.52984619141,18.3210544586,17.1392307281,16.6093959808,12.4523849487,9.70622253418,10.2738609314,15.50669384,14.5244607925,13.8125705719,8.41039180756,8.63719367981,6.93897628784,9.07120132446,9.4866399765,4.28339481354,3.02745699883,2.66738986969,4.33980751038,4.98555326462,5.80310821533,6.04514217377,5.14077138901,3.75360512733,1.68340933323,0.820850491524,0.33812892437,0.0900447443128,0.0310701634735,0.020363451913,0.0131023619324,0.00824603624642,0.0183042064309,0.0499311089516,0.0430561900139,0.00835118256509],"median":[0.0953465253115,0.647067427635,1.55112707615,1.6583776474,2.24833631516,3.59695887566,4.30474662781,4.06034755707,2.92848372459,3.09055924416,3.30438613892,4.79890918732,4.39820957184,3.27514886856,2.34829378128,1.79980778694,1.69211924076,1.53842782974,1.34724569321,1.10627245903,0.785083055496,0.511913597584,0.536820054054,0.508980870247,0.441797673702,0.41131311655,0.332369327545,0.186214342713,0.125158414245,0.081114500761,0.0450247451663,0.0208278410137,0.00676344893873,0.00392471672967,0.00272016995586,0.00220010941848,0.00355198793113,0.00409176386893,0.00414003524929,0.00426302291453],"min":[2.95887115844e-23,2.76883664897e-22,5.32100488793e-22,1.71254800937e-21,5.73293558232e-21,8.70799122567e-21,1.91329218285e-20,2.45970475416e-20,5.85345183938e-20,8.90074708817e-20,4.9507050467e-20,1.57276283036e-19,2.96111013754e-19,4.40042611688e-19,4.29491121643e-19,5.64924498608e-19,1.16087354346e-18,9.47738361122e-19,1.84198336562e-18,1.98437651101e-18,2.4429917056e-18,2.25296060834e-18,3.74179823659e-18,4.74070692098e-18,5.09404870016e-18,6.46628053861e-18,7.33737410193e-18,6.89676063223e-18,8.29951667605e-18,7.90336830017e-18,9.47423225988e-18,7.43686407729e-18,7.61018984848e-18,6.43655414894e-18,5.58464579915e-18,3.4851588341e-18,1.82456976616e-18,8.18544898657e-19,1.96592268023e-19,2.4105149727e-20],"var":[1.06167411804,15.1702480316,68.0747146606,277.743682861,342.182769775,2283.2019043,1637.04467773,1941.54968262,2331.54956055,816.873840332,962.215270996,1621.16186523,1411.49707031,825.917480469,270.038146973,391.814758301,193.490371704,516.139099121,771.650146484,79.9694213867,59.7145500183,127.35748291,364.067077637,313.936553955,431.619659424,556.630249023,284.213043213,128.534103394,23.1266593933,5.64810657501,0.809576034546,0.0395991913974,0.00495982263237,0.00222413474694,0.000878252147231,0.000295771285892,0.00184138515033,0.0188226755708,0.0125052575022,0.000146576523548]},"erbbands_crest":{"dmean":2.21258330345,"dmean2":3.6634323597,"dvar":5.17432641983,"dvar2":13.3725481033,"max":32.1528053284,"mean":7.66935825348,"median":6.80877590179,"min":2.49998211861,"var":16.4601631165},"erbbands_flatness_db":{"dmean":0.0212388765067,"dmean2":0.0330225937068,"dvar":0.000482894043671,"dvar2":0.00116601109039,"max":0.404503971338,"mean":0.136544495821,"median":0.123567089438,"min":0.0367119424045,"var":0.00239545083605},"erbbands_kurtosis":{"dmean":1.11369240284,"dmean2":1.80180883408,"dvar":3.47662091255,"dvar2":8.87588024139,"max":53.088344574,"mean":0.993806242943,"median":0.22287094593,"min":-1.80317771435,"var":7.84070396423},"erbbands_skewness":{"dmean":0.360791683197,"dmean2":0.566985249519,"dvar":0.137029215693,"dvar2":0.312835007906,"max":5.04075908661,"mean":0.345807462931,"median":0.397203713655,"min":-4.39888906479,"var":0.764035463333},"erbbands_spread":{"dmean":7.37172937393,"dmean2":11.2107810974,"dvar":66.6771087646,"dvar2":139.762298584,"max":195.943283081,"mean":35.95287323,"median":34.8288764954,"min":1.377150774,"var":369.735778809},"gfcc":{"cov":[[200253.765625,19641.3007812,-11849.3398438,1277.99914551,-2800.68969727,-3978.04907227,1720.69604492,-3768.1484375,-509.027130127,-1320.0645752,-1076.83557129,-564.470703125,-955.651855469],[19641.3007812,2821.55810547,-992.169494629,-288.350128174,-329.608825684,-330.526794434,58.2122116089,-302.324523926,-14.3906297684,-188.125839233,-46.4157218933,-146.632171631,-14.5870723724],[-11849.3398438,-992.169494629,983.446411133,-77.7205047607,89.2552032471,317.052276611,-178.467102051,336.521392822,32.4530944824,83.6360473633,74.382850647,15.9183883667,83.5052337646],[1277.99914551,-288.350128174,-77.7205047607,478.661346436,115.843933105,-92.3690185547,147.706802368,-43.1759300232,11.6457834244,15.1092853546,-42.4898872375,57.3229560852,-76.1508865356],[-2800.68969727,-329.608825684,89.2552032471,115.843933105,257.689544678,49.1668624878,101.117301941,-20.7137355804,39.1206092834,7.30720424652,16.6987953186,18.9626674652,-15.9522762299],[-3978.04907227,-330.526794434,317.052276611,-92.3690185547,49.1668624878,335.440856934,-86.3899612427,161.65852356,-41.0767745972,53.2975845337,20.9017410278,-7.10668373108,45.2074623108],[1720.69604492,58.2122116089,-178.467102051,147.706802368,101.117301941,-86.3899612427,281.374298096,-127.818595886,61.1278991699,-11.9333906174,-21.2245006561,44.3054733276,-50.8401794434],[-3768.1484375,-302.324523926,336.521392822,-43.1759300232,-20.7137355804,161.65852356,-127.818595886,272.293304443,11.5138454437,31.4634609222,28.4234752655,-17.2338924408,44.0864105225],[-509.027130127,-14.3906297684,32.4530944824,11.6457834244,39.1206092834,-41.0767745972,61.1278991699,11.5138454437,104.837661743,20.1494445801,12.2494602203,10.9503555298,-12.4925632477],[-1320.0645752,-188.125839233,83.6360473633,15.1092853546,7.30720424652,53.2975845337,-11.9333906174,31.4634609222,20.1494445801,87.7536315918,26.4151496887,12.6711654663,14.5876016617],[-1076.83557129,-46.4157218933,74.382850647,-42.4898872375,16.6987953186,20.9017410278,-21.2245006561,28.4234752655,12.2494602203,26.4151496887,59.9641304016,18.1410236359,20.3265380859],[-564.470703125,-146.632171631,15.9183883667,57.3229560852,18.9626674652,-7.10668373108,44.3054733276,-17.2338924408,10.9503555298,12.6711654663,18.1410236359,69.7030639648,10.3122282028],[-955.651855469,-14.5870723724,83.5052337646,-76.1508865356,-15.9522762299,45.2074623108,-50.8401794434,44.0864105225,-12.4925632477,14.5876016617,20.3265380859,10.3122282028,74.6784439087]],"icov":[[0.000104690865555,-0.000489812984597,0.000686991668772,-0.000661407830194,0.000626014661975,-0.000248455238761,0.0000268568255706,0.000161224015756,-0.0000787622702774,0.0000389022097806,0.000021600693799,0.0000346540218743,-0.0000228039916692],[-0.000489812984597,0.00344613823108,-0.00224330020137,0.00253203744069,-0.00110707536805,0.000160661482369,-0.000450181396445,0.000385745457606,-0.00150341552217,0.00254700914957,-0.0028103813529,0.00318231387064,-0.00179599365219],[0.000686991668772,-0.00224330020137,0.00767663726583,-0.00474095344543,0.00468218000606,-0.00341784907505,0.000859078019857,0.000127418752527,-0.00301342550665,0.0022693539504,-0.00240141549148,0.00184001936577,-0.00203426321968],[-0.000661407830194,0.00253203744069,-0.00474095344543,0.0100543592125,-0.00804416742176,0.00545056024566,-0.00117347110063,-0.00500729866326,0.00568731594831,-0.00610893638805,0.00716387946159,-0.00749171106145,0.0059531359002],[0.000626014661975,-0.00110707536805,0.00468218000606,-0.00804416742176,0.0142836011946,-0.00664268108085,-0.00195338251069,0.00626147864386,-0.00720587791875,0.00838772021234,-0.00979733094573,0.00942152552307,-0.00507567357272],[-0.000248455238761,0.000160661482369,-0.00341784907505,0.00545056024566,-0.00664268108085,0.00996406655759,-0.00109809706919,-0.00618900451809,0.00879066810012,-0.00844714511186,0.00706903589889,-0.00561166089028,0.0036584706977],[0.0000268568255706,-0.000450181396445,0.000859078019857,-0.00117347110063,-0.00195338251069,-0.00109809706919,0.00828945171088,0.00232582376339,-0.00459353299811,0.000634999654721,0.00245003635064,-0.00451526837423,0.00168047728948],[0.000161224015756,0.000385745457606,0.000127418752527,-0.00500729866326,0.00626147864386,-0.00618900451809,0.00232582376339,0.0123353712261,-0.00814018771052,0.0068738614209,-0.00703894952312,0.00813820492476,-0.00563700636849],[-0.0000787622702774,-0.00150341552217,-0.00301342550665,0.00568731594831,-0.00720587791875,0.00879066810012,-0.00459353299811,-0.00814018771052,0.0223386120051,-0.0123432762921,0.00701786577702,-0.00831176899374,0.00807063002139],[0.0000389022097806,0.00254700914957,0.0022693539504,-0.00610893638805,0.00838772021234,-0.00844714511186,0.000634999654721,0.0068738614209,-0.0123432762921,0.0259477924556,-0.016188884154,0.0110610350966,-0.00874645728618],[0.000021600693799,-0.0028103813529,-0.00240141549148,0.00716387946159,-0.00979733094573,0.00706903589889,0.00245003635064,-0.00703894952312,0.00701786577702,-0.016188884154,0.0369781814516,-0.0196865815669,0.00615888182074],[0.0000346540218743,0.00318231387064,0.00184001936577,-0.00749171106145,0.00942152552307,-0.00561166089028,-0.00451526837423,0.00813820492476,-0.00831176899374,0.0110610350966,-0.0196865815669,0.0353247821331,-0.0141711290926],[-0.0000228039916692,-0.00179599365219,-0.00203426321968,0.0059531359002,-0.00507567357272,0.0036584706977,0.00168047728948,-0.00563700636849,0.00807063002139,-0.00874645728618,0.00615888182074,-0.0141711290926,0.0256053749472]],"mean":[-279.78237915,89.5195159912,-49.9801940918,1.96359884739,-16.523141861,-14.3937702179,3.33757829666,-13.2154464722,-4.46657800674,-5.13353013992,-5.19525623322,-3.1939766407,-2.8130197525]},"hfc":{"dmean":28.7361850739,"dmean2":43.1233863831,"dvar":2179.16308594,"dvar2":4598.59863281,"max":925.352172852,"mean":89.4652862549,"median":58.4697418213,"min":9.72518893157e-17,"var":11217.5693359},"melbands":{"dmean":[0.0030030971393,0.00201587704942,0.000830659002531,0.000498385808896,0.000398679345381,0.00021943252068,0.00010315925465,0.0000617797486484,0.000057594566897,0.0000819281631266,0.0000567591632716,0.000038368449168,0.0000182415151357,0.0000147740774992,0.0000108562298919,0.0000080845265984,0.0000100384386315,0.0000095834802778,0.00000419609614255,0.0000027447699722,0.00000189840113762,0.00000166855522821,0.00000203964782486,0.00000273554337582,0.00000242446094489,0.00000262474259216,0.00000308256085191,0.00000258195200331,0.00000227329405789,0.00000198698535314,0.00000152628967953,8.04914066066e-7,3.69669834299e-7,3.23734070662e-7,1.50916889652e-7,6.69376518658e-8,2.90475625775e-8,2.149093703e-8,1.88734254891e-8,1.67423515052e-8],"dmean2":[0.00491453940049,0.00346381147392,0.00138178351335,0.000804152979981,0.000633271003608,0.000354763033101,0.000161911404575,0.0000996675953502,0.0000949570894591,0.000135734051582,0.0000931785543798,0.0000642142040306,0.0000298204304272,0.0000240417884925,0.0000176931371243,0.0000132176546686,0.0000162147807714,0.0000152324573719,0.00000677300613461,0.00000443978888143,0.00000302969624499,0.00000260197293755,0.00000309058896164,0.00000409387894251,0.00000351589778802,0.00000374649857804,0.00000447581987828,0.00000359169689546,0.00000323665699398,0.00000273416753771,0.00000207567427424,0.00000111061876851,5.19254115261e-7,4.58405366999e-7,2.07998127166e-7,9.86038983797e-8,4.74689585417e-8,3.5745458149e-8,3.13689199061e-8,2.77941509808e-8],"dvar":[0.0000400076787628,0.0000166995505424,0.00000305640378429,0.00000135457196393,0.00000110078462967,4.91929313284e-7,1.97335097596e-7,2.95899837965e-8,4.7161691441e-8,8.04335016369e-8,3.57311726873e-8,9.05549413233e-9,1.93502613932e-9,1.50029499935e-9,7.40321970394e-10,3.60785595843e-10,9.7295693724e-10,1.06651920628e-9,1.31648747459e-10,6.16535641984e-11,4.00966967962e-11,5.97340510389e-11,1.07272309091e-10,1.83997761471e-10,1.10200057413e-10,9.36781693883e-11,1.50855050673e-10,1.27835617092e-10,6.3589883359e-11,3.92361941548e-11,2.21061155492e-11,5.93375132016e-12,1.16642448738e-12,9.55235456707e-13,1.65998521894e-13,2.44365091991e-14,4.07072175989e-15,2.42201935015e-15,1.86219515828e-15,1.45098025002e-15],"dvar2":[0.000104009159259,0.0000459696566395,0.00000776382421463,0.00000319979994856,0.00000247831212619,0.00000127338921629,4.85099349135e-7,6.73164990417e-8,1.17568788482e-7,2.05734878023e-7,8.71586607332e-8,2.41896671582e-8,4.81052886414e-9,3.73557318412e-9,1.89805482442e-9,8.96710872222e-10,2.44401876515e-9,2.60597565749e-9,3.30640931301e-10,1.51155574168e-10,9.00495233935e-11,1.26963203839e-10,2.3820131978e-10,3.72666619786e-10,2.20433865605e-10,1.79297132696e-10,3.04047453881e-10,2.66509703195e-10,1.27869201338e-10,7.52742590482e-11,4.31369349962e-11,1.18567308749e-11,2.35993538079e-12,1.9858127729e-12,3.21838232063e-13,4.98930154732e-14,1.03032884416e-14,6.2625169197e-15,4.81964288087e-15,3.75250969282e-15],"max":[0.0801733359694,0.0673338249326,0.0403190813959,0.0339469537139,0.0319032147527,0.0280564855784,0.0313100256026,0.0097745321691,0.0109879830852,0.00588601408526,0.00356845697388,0.00246826582588,0.0015123836929,0.00121957191732,0.000749541097321,0.000537646526936,0.000783116382081,0.00137891573831,0.000346801447449,0.000463090167614,0.000354041752871,0.000480906368466,0.000636708573438,0.000659353041556,0.000550858385395,0.000513803272042,0.00045993051026,0.000509371631779,0.000320609338814,0.000201589748031,0.0000884571345523,0.0000518148444826,0.0000407399602409,0.000029191673093,0.000016547181076,0.00000755016253606,0.00000156781186433,9.8941768556e-7,8.65337028699e-7,7.60170792091e-7],"mean":[0.00424232752994,0.0026138687972,0.00128796079662,0.00092415662948,0.000704444770236,0.000378827564418,0.000180509392521,0.0000988076790236,0.0000858538114699,0.000100974124507,0.0000717942893971,0.0000561965498491,0.0000305058365484,0.000024550152375,0.0000184767395695,0.0000140810698213,0.0000175827863131,0.0000172642576217,0.0000072272291618,0.00000468201096737,0.0000032114573969,0.0000025975157314,0.00000323762742482,0.00000429812371294,0.00000393083382733,0.00000411704104408,0.00000431924900113,0.00000392342371924,0.00000331673481924,0.0000027622363632,0.00000195903180611,0.00000105568244635,5.36613129043e-7,4.14779265157e-7,2.13031938756e-7,1.01014698828e-7,3.3926784937e-8,2.09414512398e-8,1.84929920266e-8,1.65623514903e-8],"median":[0.00107432319783,0.000984069309197,0.000341495178873,0.000222114598728,0.000168158716406,0.0000932464317884,0.0000442319578724,0.0000317754347634,0.0000266443203145,0.0000295151312457,0.0000199103233172,0.0000124767466332,0.00000791181992099,0.00000503897081217,0.00000364124252883,0.00000325621840602,0.00000255445138464,0.00000196846758627,0.00000154908116201,0.00000117272475109,7.81038011155e-7,4.74571663744e-7,4.6194531933e-7,4.51941389201e-7,3.96314817408e-7,3.34432229465e-7,2.66952667971e-7,2.53847133536e-7,2.02885601652e-7,1.40352824474e-7,8.76804193695e-8,6.97987587728e-8,5.33674189285e-8,3.92953225514e-8,2.58262033981e-8,1.84296418126e-8,8.22664780742e-9,3.6411473836e-9,3.34479310915e-9,3.12303782835e-9],"min":[5.15447188194e-25,4.71253869081e-25,5.3501542529e-25,5.63413530409e-25,7.01078534448e-25,4.63478757391e-25,7.82209673802e-25,9.7175071331e-25,4.38622933559e-25,8.79825540886e-25,1.3309325927e-24,1.21717746966e-24,8.50990998471e-25,1.41197325957e-24,1.66471108018e-24,1.27822061119e-24,1.71671870751e-24,1.76975737604e-24,1.86342356449e-24,1.61697128896e-24,2.52805938752e-24,2.01957700295e-24,2.04665445631e-24,2.78905756788e-24,2.73120172023e-24,2.35474940765e-24,2.77049093762e-24,3.62388145375e-24,3.80947675892e-24,2.86480793631e-24,3.37350134117e-24,3.92811433932e-24,3.03229158674e-24,3.80800237789e-24,4.14027335218e-24,4.88840142456e-24,4.30931165024e-24,4.81179119775e-24,4.71057718817e-24,4.43451846983e-24],"var":[0.0000573754150537,0.0000187253699551,0.00000764702690503,0.00000429765668741,0.00000290593561658,9.27628661884e-7,4.42855451865e-7,7.70454278154e-8,6.64437607156e-8,7.82309754754e-8,3.71442290259e-8,1.41927989361e-8,4.08380129713e-9,2.98698554779e-9,1.6535622871e-9,8.82115602785e-10,2.22034413078e-9,2.86966805874e-9,3.0499203163e-10,1.24572546722e-10,7.83890313771e-11,1.21293919353e-10,2.45826442535e-10,3.37356004243e-10,2.02093813906e-10,1.93293658857e-10,2.84568452136e-10,2.51770271298e-10,1.29671856586e-10,7.50644130187e-11,3.66891725334e-11,9.67308264738e-12,2.38516801795e-12,1.56360243763e-12,3.52945672905e-13,6.27058897428e-14,5.36542093713e-15,2.44940752522e-15,1.8854968229e-15,1.47821871202e-15]},"melbands_crest":{"dmean":3.65205979347,"dmean2":6.07924461365,"dvar":13.7178382874,"dvar2":35.7344589233,"max":38.5349235535,"mean":14.6904964447,"median":15.0329446793,"min":1.47914350033,"var":68.0528564453},"melbands_flatness_db":{"dmean":0.0333672463894,"dmean2":0.0529770627618,"dvar":0.00127098837402,"dvar2":0.00318169244565,"max":0.731180071831,"mean":0.251758605242,"median":0.285059690475,"min":0.00204577366821,"var":0.0191351119429},"melbands_kurtosis":{"dmean":10.5105228424,"dmean2":17.2798862457,"dvar":312.445922852,"dvar2":814.558288574,"max":368.727203369,"mean":18.9976139069,"median":12.0025844574,"min":-1.85704779625,"var":615.983154297},"melbands_skewness":{"dmean":0.8448767066,"dmean2":1.35590755939,"dvar":0.946688830853,"dvar2":2.32460474968,"max":16.5811462402,"mean":2.80769252777,"median":2.77060079575,"min":-1.48867511749,"var":4.76255130768},"melbands_spread":{"dmean":5.32449865341,"dmean2":8.8177690506,"dvar":61.5307807922,"dvar2":158.439285278,"max":191.984786987,"mean":33.6351318359,"median":8.82921981812,"min":0.325277477503,"var":2504.62304688},"mfcc":{"cov":[[39066.59375,12153.3681641,-585.086791992,3914.76879883,-951.515014648,1769.60205078,316.337188721,384.355682373,-121.338432312,426.189208984,26.7103767395,-355.061035156,-95.683380127],[12153.3681641,6064.39746094,425.811828613,788.515869141,-156.432479858,367.443511963,122.302940369,106.52922821,33.8947792053,174.142913818,6.67418336868,-122.453605652,-30.8162879944],[-585.086791992,425.811828613,521.672241211,-159.560806274,105.374725342,-133.710739136,10.4294013977,7.33352565765,56.1186218262,17.1517333984,15.7975788116,20.4787654877,-3.49249887466],[3914.76879883,788.515869141,-159.560806274,836.206298828,-148.08152771,231.57081604,9.36633586884,95.8225708008,-21.1486759186,65.0875320435,10.5662298203,-35.1944847107,-9.01196670532],[-951.515014648,-156.432479858,105.374725342,-148.08152771,211.243865967,-80.328414917,28.5210094452,-3.23562550545,19.7968273163,-0.00459113623947,3.17679262161,12.8712072372,7.17580127716],[1769.60205078,367.443511963,-133.710739136,231.57081604,-80.328414917,284.367523193,70.3084411621,34.0778770447,-4.63130283356,17.4174804688,3.38136506081,-17.4197978973,-0.272487938404],[316.337188721,122.302940369,10.4294013977,9.36633586884,28.5210094452,70.3084411621,108.524345398,33.9070129395,18.8634300232,-0.612173855305,0.832908928394,1.82602822781,1.77260386944],[384.355682373,106.52922821,7.33352565765,95.8225708008,-3.23562550545,34.0778770447,33.9070129395,107.929679871,30.4499893188,16.2476673126,3.11037635803,6.09622478485,5.33410787582],[-121.338432312,33.8947792053,56.1186218262,-21.1486759186,19.7968273163,-4.63130283356,18.8634300232,30.4499893188,75.6212844849,26.0502223969,9.88665771484,12.5490226746,5.9346075058],[426.189208984,174.142913818,17.1517333984,65.0875320435,-0.00459113623947,17.4174804688,-0.612173855305,16.2476673126,26.0502223969,67.8842086792,27.3007678986,5.51113891602,0.550107598305],[26.7103767395,6.67418336868,15.7975788116,10.5662298203,3.17679262161,3.38136506081,0.832908928394,3.11037635803,9.88665771484,27.3007678986,53.2908668518,20.1256027222,-0.299830138683],[-355.061035156,-122.453605652,20.4787654877,-35.1944847107,12.8712072372,-17.4197978973,1.82602822781,6.09622478485,12.5490226746,5.51113891602,20.1256027222,52.5882148743,22.2961235046],[-95.683380127,-30.8162879944,-3.49249887466,-9.01196670532,7.17580127716,-0.272487938404,1.77260386944,5.33410787582,5.9346075058,0.550107598305,-0.299830138683,22.2961235046,49.7465705872]],"icov":[[0.000182251125807,-0.000309747818392,0.000240981360548,-0.000455118832178,0.0000752057967475,-0.000225120660616,-0.0000863401510287,0.00012108743249,0.000048850037274,0.0000613392694504,-0.0000630342474324,-0.0000177829388122,0.0000722326949472],[-0.000309747818392,0.000784120929893,-0.000784497533459,0.000610282470006,0.0000330235998263,0.000162436961546,-0.0000523488415638,-0.000148103339598,0.0000928465960897,-0.00064328731969,0.000252553436439,0.000592673488427,-0.000308758520987],[0.000240981360548,-0.000784497533459,0.00339116668329,-0.000287075439701,-0.000724869256373,0.00111765682232,-0.000401032448281,0.0000771864506532,-0.00153380306438,0.00050836999435,-0.000587799353525,-0.00100574863609,0.000904892047402],[-0.000455118832178,0.000610282470006,-0.000287075439701,0.00332748098299,0.0003411876678,-0.000574851990677,0.0011323596118,-0.00216203625314,0.00107924768236,-0.00166927045211,0.000153435961693,0.000536076317076,-0.000125210775877],[0.0000752057967475,0.0000330235998263,-0.000724869256373,0.0003411876678,0.00673546129838,0.0016413294943,-0.00317709380761,0.000292382406769,0.000196886103367,-0.00136743159965,0.0000901347812032,0.000531838275492,-0.000950885587372],[-0.000225120660616,0.000162436961546,0.00111765682232,-0.000574851990677,0.0016413294943,0.00742316991091,-0.00494084414095,0.000468985759653,-0.000175687557203,-0.000514797167853,-0.000701442942955,0.000924912572373,-0.000820494198706],[-0.0000863401510287,-0.0000523488415638,-0.000401032448281,0.0011323596118,-0.00317709380761,-0.00494084414095,0.0150605617091,-0.00372036057524,-0.00216771569103,0.00305360904895,-0.000459281989606,-0.000713584013283,0.000813867431134],[0.00012108743249,-0.000148103339598,0.0000771864506532,-0.00216203625314,0.000292382406769,0.000468985759653,-0.00372036057524,0.0133491232991,-0.00470108771697,-0.000202336188522,0.00112771405838,-0.00147858611308,-0.00035094897612],[0.000048850037274,0.0000928465960897,-0.00153380306438,0.00107924768236,0.000196886103367,-0.000175687557203,-0.00216771569103,-0.00470108771697,0.0200700834394,-0.00829172413796,0.00177089986391,-0.0019535922911,-0.000625081011094],[0.0000613392694504,-0.00064328731969,0.00050836999435,-0.00166927045211,-0.00136743159965,-0.000514797167853,0.00305360904895,-0.000202336188522,-0.00829172413796,0.0255037453026,-0.0119035951793,0.00180403573904,-0.000613060430624],[-0.0000630342474324,0.000252553436439,-0.000587799353525,0.000153435961693,0.0000901347812032,-0.000701442942955,-0.000459281989606,0.00112771405838,0.00177089986391,-0.0119035951793,0.0295143984258,-0.0127717880532,0.00572283612564],[-0.0000177829388122,0.000592673488427,-0.00100574863609,0.000536076317076,0.000531838275492,0.000924912572373,-0.000713584013283,-0.00147858611308,-0.0019535922911,0.00180403573904,-0.0127717880532,0.032477054745,-0.013948135078],[0.0000722326949472,-0.000308758520987,0.000904892047402,-0.000125210775877,-0.000950885587372,-0.000820494198706,0.000813867431134,-0.00035094897612,-0.000625081011094,-0.000613060430624,0.00572283612564,-0.013948135078,0.0265990160406]],"mean":[-813.711181641,136.27381897,9.37817287445,30.1695919037,-4.82271957397,12.5876464844,3.97782421112,4.14453172684,1.07726025581,4.53024196625,0.305705487728,-2.88130903244,-0.79307538271]},"pitch_salience":{"dmean":0.0749073401093,"dmean2":0.124128580093,"dvar":0.00571681186557,"dvar2":0.0152866253629,"max":0.978702306747,"mean":0.581832826138,"median":0.582895278931,"min":0.0663332939148,"var":0.0231127012521},"silence_rate_20dB":{"dmean":0,"dmean2":0,"dvar":0,"dvar2":0,"max":1,"mean":1,"median":1,"min":1,"var":0},"silence_rate_30dB":{"dmean":0.0625717192888,"dmean2":0.125151008368,"dvar":0.0586511082947,"dvar2":0.13158018887,"max":1,"mean":0.909530162811,"median":1,"min":0,"var":0.0822822526097},"silence_rate_60dB":{"dmean":0.0117170987651,"dmean2":0.0234356131405,"dvar":0.0115798218176,"dvar2":0.0260272566229,"max":1,"mean":0.313020884991,"median":0,"min":0,"var":0.215042665601},"spectral_centroid":{"dmean":233.152099609,"dmean2":360.164093018,"dvar":85227.7890625,"dvar2":172252.265625,"max":12111.5878906,"mean":2790.02587891,"median":690.990905762,"min":122.855834961,"var":16917672},"spectral_complexity":{"dmean":2.37192726135,"dmean2":3.51642918587,"dvar":12.9992694855,"dvar2":22.9010028839,"max":57,"mean":10.5026569366,"median":9,"min":0,"var":97.0911941528},"spectral_contrast_coeffs":{"dmean":[0.0452386029065,0.0407071039081,0.0335432253778,0.024305595085,0.0198443941772,0.0361289940774],"dmean2":[0.0751535519958,0.0685298442841,0.0558985061944,0.0402564555407,0.0317568704486,0.0537221133709],"dvar":[0.00176314008422,0.00139780587051,0.00101414136589,0.000531433557626,0.000426191982115,0.00185224739835],"dvar2":[0.00472763134167,0.00393290258944,0.00274566141888,0.00141922780313,0.00103277992457,0.00392126664519],"max":[-0.326529115438,-0.432482868433,-0.545701980591,-0.627743005753,-0.629937946796,-0.408366918564],"mean":[-0.738041579723,-0.807890355587,-0.831226468086,-0.858897268772,-0.868682563305,-0.799727618694],"median":[-0.715087890625,-0.794741630554,-0.818693995476,-0.848267912865,-0.855960488319,-0.813595056534],"min":[-0.98841047287,-0.983594536781,-0.982582867146,-0.985974252224,-0.981213986874,-0.967334270477],"var":[0.0185537841171,0.0092737339437,0.00671015074477,0.00475304154679,0.00431210920215,0.0146469986066]},"spectral_contrast_valleys":{"dmean":[0.411540091038,0.353169023991,0.322475224733,0.306435585022,0.356423467398,0.550989091396],"dmean2":[0.672587037086,0.587811172009,0.523335576057,0.48785713315,0.515576660633,0.88394099474],"dvar":[0.125579699874,0.0933144837618,0.0891418009996,0.112026624382,0.167737513781,0.324841618538],"dvar2":[0.290756165981,0.223809242249,0.198969051242,0.249260500073,0.363862216473,0.820260584354],"max":[-4.80459976196,-4.28736066818,-5.03207302094,-5.87308597565,-5.33171892166,-8.83870601654],"mean":[-10.9762659073,-10.9268550873,-11.4777517319,-12.0536546707,-12.1523475647,-14.6682701111],"median":[-6.84353780746,-6.80918931961,-7.50456285477,-8.187292099,-8.43547058105,-11.6772117615],"min":[-28.6553421021,-28.3790397644,-28.4255485535,-27.8904705048,-27.6004486084,-27.4941978455],"var":[67.3199920654,67.3041687012,62.6156387329,58.5182723999,57.9788169861,40.2145195007]},"spectral_decrease":{"dmean":3.9044736333e-9,"dmean2":6.21557871838e-9,"dvar":4.92765354445e-17,"dvar2":1.21957828684e-16,"max":2.63657162769e-9,"mean":-7.76633601873e-9,"median":-3.77465703139e-9,"min":-8.98706531416e-8,"var":1.10779124597e-16},"spectral_energy":{"dmean":0.0155369434506,"dmean2":0.0243574250489,"dvar":0.000765690638218,"dvar2":0.00184693560004,"max":0.351889640093,"mean":0.0374268367887,"median":0.022846814245,"min":9.67777002101e-21,"var":0.00211480888538},"spectral_energyband_high":{"dmean":0.000291649805149,"dmean2":0.000357547512976,"dvar":6.08063942309e-7,"dvar2":9.7095721685e-7,"max":0.0153798665851,"mean":0.000496734050103,"median":0.0000651607260806,"min":6.62536733583e-21,"var":0.00000153803387093},"spectral_energyband_low":{"dmean":0.012886075303,"dmean2":0.0210468806326,"dvar":0.000604979868513,"dvar2":0.00154280196875,"max":0.323082715273,"mean":0.021136444062,"median":0.00857745297253,"min":5.88361414309e-24,"var":0.00101133144926},"spectral_energyband_middle_high":{"dmean":0.000672587601002,"dmean2":0.00101329525933,"dvar":0.00000213371276914,"dvar2":0.00000463523565486,"max":0.0366554819047,"mean":0.00165122631006,"median":0.00060816144105,"min":9.9721621066e-22,"var":0.00000738812968848},"spectral_energyband_middle_low":{"dmean":0.00453451136127,"dmean2":0.00714613916352,"dvar":0.0000752366831875,"dvar2":0.000176205299795,"max":0.177078574896,"mean":0.0109921870753,"median":0.00458804285154,"min":1.05491251277e-22,"var":0.0003071934334},"spectral_entropy":{"dmean":0.206650286913,"dmean2":0.315559983253,"dvar":0.0586382262409,"dvar2":0.141969323158,"max":9.83603286743,"mean":7.72079610825,"median":7.4269194603,"min":4.81517696381,"var":1.29612362385},"spectral_flux":{"dmean":0.0257890019566,"dmean2":0.040692217648,"dvar":0.00146585761104,"dvar2":0.00310642388649,"max":0.447548180819,"mean":0.0860594287515,"median":0.0796542614698,"min":6.03841698865e-11,"var":0.00577420787886},"spectral_kurtosis":{"dmean":5.80126333237,"dmean2":9.09963512421,"dvar":133.458602905,"dvar2":350.644683838,"max":235.233718872,"mean":15.342165947,"median":12.1401634216,"min":-1.2989500761,"var":292.958953857},"spectral_rms":{"dmean":0.000985963037238,"dmean2":0.00151155714411,"dvar":0.00000199850296667,"dvar2":0.00000448311357104,"max":0.0185285452753,"mean":0.00467337202281,"median":0.00472118379548,"min":3.07273932861e-12,"var":0.0000146744323501},"spectral_rolloff":{"dmean":3586.05786133,"dmean2":6888.17089844,"dvar":49919712,"dvar2":125318392,"max":22050,"mean":10457.6103516,"median":6018.53027344,"min":43.06640625,"var":95479856},"spectral_skewness":{"dmean":0.466081380844,"dmean2":0.700054466724,"dvar":0.499266207218,"dvar2":1.25652945042,"max":12.9383678436,"mean":2.42233133316,"median":2.3954410553,"min":-0.133563518524,"var":2.91803836823},"spectral_spread":{"dmean":683337.4375,"dmean2":1082153.125,"dvar":528984965120,"dvar2":1275732033540,"max":43309768,"mean":11431658,"median":4475875,"min":845142.4375,"var":209739090756000},"spectral_strongpeak":{"dmean":1.31148886681,"dmean2":2.46601843834,"dvar":54.6048126221,"dvar2":146.018844604,"max":160.295013428,"mean":1.12905871868,"median":0.180728971958,"min":0,"var":44.5877685547},"zerocrossingrate":{"dmean":0.0349120348692,"dmean2":0.0455854311585,"dvar":0.0010541100055,"dvar2":0.00155275664292,"max":0.63427734375,"mean":0.280818641186,"median":0.243896484375,"min":0.00439453125,"var":0.0199303403497}},"metadata":{"audio_properties":{"analysis_sample_rate":44100,"bit_rate":128000,"codec":"mp3","downmix":"mix","equal_loudness":0,"length":384.444091797,"lossless":false,"md5_encoded":"4aa37737266a2ae532667fef300d1420","replay_gain":-0.720729827881,"sample_rate":44100},"tags":{"album":["Ultra"],"artist":["Depeche Mode"],"date":["1997-04-14"],"file_name":"11 - Depeche Mode - Insight.mp3","musicbrainz_albumid":["c83ced6f-ea72-4659-9144-94e50165158b"],"musicbrainz_artistid":["8538e728-ca0b-4321-b7e5-cff6565dd4c0"],"musicbrainz_recordingid":["eaba7ee4-74d9-41ee-aa39-85b0b7f0fdfb"],"title":["Insight"],"tracknumber":["11/12"]},"version":{"essentia":"2.1-beta1","essentia_build_sha":"ca57ba49d9b1854bd80e60cf9ccf267278fb7d6b","essentia_git_sha":"v2.1_beta1-28-g21ef5f4-dirty","extractor":"music 1.0"}},"rhythm":{"beats_count":1009,"beats_loudness":{"dmean":0.0323726460338,"dmean2":0.0563684292138,"dvar":0.00128812494222,"dvar2":0.00350140989758,"max":0.264568120241,"mean":0.0581449493766,"median":0.0484621301293,"min":0,"var":0.00298174656928},"beats_loudness_band_ratio":{"dmean":[0.169006735086,0.101148582995,0.0474398434162,0.0212466586381,0.00900663249195,0.0739337578416],"dmean2":[0.291173398495,0.176855638623,0.0840247273445,0.0379832684994,0.016289955005,0.129493564367],"dvar":[0.0288327671587,0.0150085594505,0.00425193086267,0.00116682623047,0.00045373494504,0.00864994619042],"dvar2":[0.0716531872749,0.0395265892148,0.011732429266,0.00326818646863,0.00134098366834,0.0220702830702],"max":[0.987183988094,0.878088772297,0.609960854053,0.484468251467,0.281597107649,0.773729145527],"mean":[0.548055410385,0.130648344755,0.0501366257668,0.0250545293093,0.00986279547215,0.110798083246],"median":[0.623533904552,0.078129902482,0.0290833543986,0.0142327705398,0.0055518867448,0.0835538432002],"min":[0,0,0,0,0,0],"var":[0.0917270183563,0.0227194149047,0.00409245211631,0.0011477506486