{"lowlevel":{"average_loudness":0.905316531658,"barkbands":{"dmean":[0.00911929737777,0.0162674617022,0.00334856356494,0.000927686633077,0.00167733454145,0.00158819439821,0.00119615939911,0.000947880151216,0.00165736209601,0.000632622512057,0.000469946215162,0.000614183198195,0.000345078005921,0.000214263040107,0.000315293029416,0.000114526126708,0.000063351704739,0.000085519393906,0.0000616382167209,0.0000937497679843,0.0000708170118742,0.0000253706166404,0.00000962859121501,0.00000449426488558,0.00000355716679223,0.00000599070335738,0.000178780464921],"dmean2":[0.015004827641,0.0283765755594,0.00577935902402,0.00157375424169,0.00273974728771,0.00260935979895,0.00186356878839,0.00150105485227,0.00259147468023,0.0010075106984,0.00076112971874,0.00100393034518,0.000580175488722,0.000358231074642,0.000515972904395,0.000187567056855,0.000101947596704,0.000131163324113,0.0000912972172955,0.000140025149449,0.00010066833056,0.0000374585069949,0.0000142777635119,0.00000714746101949,0.00000581594667892,0.00000912332143344,0.000280573469354],"dvar":[0.000222841990762,0.000739348644856,0.0000314658682328,0.00000341985673913,0.00000997498136712,0.0000153083819896,0.0000097370639196,0.0000065244698817,0.0000206143140531,0.00000268500798484,0.00000179911626219,0.00000200552722163,4.08490421933e-7,2.17389768409e-7,7.09393873422e-7,1.07627954549e-7,1.15893650232e-8,5.75961749405e-8,3.27531211042e-8,1.17787088527e-7,4.69265337699e-8,7.99793209438e-9,9.49621825619e-10,5.94438109847e-11,4.12813949691e-11,1.38539693606e-10,9.94970363877e-8],"dvar2":[0.000553974066861,0.00208689435385,0.0000859139763634,0.00000902053398022,0.0000242954865826,0.0000371090609406,0.000022283216822,0.0000151617105075,0.0000469612750749,0.00000636984532321,0.00000424623567596,0.00000508667199028,0.00000110328528535,5.99913789756e-7,0.00000197166355065,2.95313981269e-7,2.91431394572e-8,1.2606901123e-7,7.24830044874e-8,2.32530879885e-7,8.81341080117e-8,1.59003565869e-8,1.72326153347e-9,1.34369321225e-10,1.00118129065e-10,2.69850336521e-10,2.48558905014e-7],"max":[0.174575433135,0.27829939127,0.0726721808314,0.0450010709465,0.0774000659585,0.0895976424217,0.0740319341421,0.0564614646137,0.140430346131,0.0490313470364,0.039869364351,0.0462536253035,0.0108630694449,0.0173821579665,0.0315721854568,0.0136381899938,0.00232978258282,0.00715780071914,0.00627346662804,0.0110818995163,0.0068056746386,0.00441069575027,0.00111045467202,0.000146620033775,0.0000944267521845,0.000362892926205,0.00706298230216],"mean":[0.011052348651,0.0189136583358,0.00357835227624,0.00105368066579,0.00262825656682,0.00222753942944,0.00190283649135,0.0013823248446,0.00245644338429,0.000899169594049,0.000714506779332,0.00101433740929,0.000562048051506,0.000377497490263,0.000568438728806,0.000214012092329,0.000129215419292,0.000161547068274,0.000115865572297,0.000177951180376,0.000143659810419,0.0000474796979688,0.0000160298186529,0.00000605758532402,0.00000364821698895,0.00000975031525741,0.000611871306319],"median":[0.00550050800666,0.0096297711134,0.0018794122152,0.00044734228868,0.00133823871147,0.00106228084769,0.0006381777348,0.000359883881174,0.000701160694007,0.000295104720863,0.000160576921189,0.000225986193982,0.000184290824109,0.000104740764073,0.000124209094793,0.0000712605760782,0.000056286353356,0.0000528437340108,0.0000399522359658,0.0000406645413022,0.0000405067512474,0.0000181100349437,0.00000688039745,0.00000282733208223,0.00000138416805839,0.00000488425757794,0.000177885493031],"min":[1.09936247397e-24,4.68476565935e-24,1.4418506761e-24,1.38910053345e-24,8.31933893937e-24,1.08580621486e-23,1.14459780932e-23,1.07469250577e-23,8.8762597501e-24,9.63435586888e-24,1.20691663754e-23,3.02193238366e-23,2.17843623432e-23,4.64443845878e-23,3.68176435933e-23,5.90549477802e-23,7.54109184209e-23,9.58043549052e-23,1.44062296004e-22,1.93530879846e-22,2.19500609987e-22,3.21462888849e-22,4.45619624129e-22,5.84291374821e-22,9.83576919204e-22,1.34584860504e-21,1.87655373142e-21],"var":[0.000269030540949,0.000768358469941,0.0000287116217805,0.00000350401091964,0.0000172298368852,0.0000189022102859,0.0000179892758752,0.0000110841647256,0.0000342645580531,0.00000374858154828,0.00000318545312439,0.00000416661123381,7.22147433407e-7,3.77914147975e-7,0.00000167969471931,1.5650965679e-7,3.17925206161e-8,1.16369285763e-7,6.1714381161e-8,2.8504535976e-7,1.28077033423e-7,1.36285454033e-8,2.0223167585e-9,9.65576368861e-11,4.42824804603e-11,3.04209213375e-10,6.67513404551e-7]},"barkbands_crest":{"dmean":3.30257749557,"dmean2":5.53002500534,"dvar":7.23210191727,"dvar2":19.4911403656,"max":25.5197429657,"mean":11.5244626999,"median":11.1141014099,"min":2.74759507179,"var":19.1156806946},"barkbands_flatness_db":{"dmean":0.0342676192522,"dmean2":0.0552503615618,"dvar":0.000974412832875,"dvar2":0.00255488161929,"max":0.450657337904,"mean":0.173028320074,"median":0.164371743798,"min":0.0257158074528,"var":0.00413994677365},"barkbands_kurtosis":{"dmean":12.2617969513,"dmean2":20.5656433105,"dvar":433.452636719,"dvar2":1166.51257324,"max":317.181549072,"mean":19.5833282471,"median":8.94867801666,"min":-1.7685559988,"var":785.895263672},"barkbands_skewness":{"dmean":0.997569143772,"dmean2":1.62408745289,"dvar":1.0983068943,"dvar2":2.82315015793,"max":15.2165594101,"mean":3.06563258171,"median":2.5228395462,"min":-2.27555823326,"var":4.12310361862},"barkbands_spread":{"dmean":5.56663608551,"dmean2":8.85646247864,"dvar":36.6168441772,"dvar2":83.0039520264,"max":113.722442627,"mean":18.1910972595,"median":14.6779766083,"min":0.378190785646,"var":194.25894165},"dissonance":{"dmean":0.023439116776,"dmean2":0.0395828820765,"dvar":0.000478845206089,"dvar2":0.00132956879679,"max":0.500000059605,"mean":0.46071228385,"median":0.468303382397,"min":0.230895400047,"var":0.000930208771024},"dynamic_complexity":4.66935348511,"erbbands":{"dmean":[0.8546205163,2.44527888298,4.2046289444,2.9700319767,3.40259766579,6.74555778503,10.0700407028,14.2975530624,13.1221876144,22.7910556793,22.2012863159,43.0954055786,18.0607032776,18.3721485138,18.8071594238,26.7974090576,16.3266639709,9.48595523834,13.173210144,12.5523271561,4.95085763931,3.33292126656,4.33758878708,3.73358941078,3.31246972084,4.34079742432,3.44532227516,2.24543738365,0.943487823009,0.652562439442,0.230638295412,0.111228108406,0.0672758743167,0.0401304140687,0.0253591369838,0.0158259700984,0.0116003146395,0.0167440995574,0.0106532843783,0.00451586116105],"dmean2":[1.50880622864,4.16876649857,7.21300458908,5.01789855957,5.73853778839,10.9868097305,16.5496864319,23.6800785065,21.283700943,34.8911628723,35.1788063049,67.1445083618,28.9530296326,29.3178882599,30.1916446686,43.7515525818,27.3957710266,15.9492807388,21.8105354309,20.0998573303,8.00113773346,5.24541950226,6.70190095901,5.53489017487,4.90864753723,6.41359186172,4.98773813248,3.209638834,1.38738846779,0.962395429611,0.342260301113,0.17501744628,0.107929594815,0.0655512735248,0.0413904190063,0.0255069360137,0.0175536517054,0.0241698455065,0.0153225352988,0.00705501856282],"dvar":[2.40548825264,14.5328617096,46.0825195312,29.7928581238,36.3897705078,194.252761841,759.746032715,1105.5135498,938.45123291,3903.45483398,3670.84106445,16449.9238281,2030.6361084,2391.22094727,3217.43505859,3840.14624023,893.540405273,505.662658691,810.607299805,1300.75537109,86.5990829468,35.7235794067,142.025985718,99.8397827148,147.260604858,264.89642334,129.372497559,47.235080719,13.5251932144,3.80009269714,0.543067753315,0.0436986349523,0.0136888343841,0.00526931416243,0.00206422293559,0.000720183656085,0.000444490346126,0.00126426445786,0.000667392334435,0.0000575239901082],"dvar2":[7.01294612885,38.5685386658,124.482666016,78.0889511108,96.3505249023,465.254547119,1862.3927002,2693.85083008,2189.14111328,8175.9609375,9016.921875,37998.6210938,5060.26074219,5683.61035156,7685.08691406,9559.91699219,2406.73779297,1399.54968262,2254.87963867,3354.83520508,224.680282593,84.2834320068,319.90914917,208.674468994,321.835388184,509.578369141,245.162811279,92.2589645386,27.7166118622,7.15411233902,0.947988271713,0.0931089669466,0.0318388603628,0.0127541013062,0.00500563764945,0.00171604286879,0.000895780685823,0.00246111047454,0.00132747075986,0.00014495603682],"max":[14.1992540359,42.7144393921,88.2869796753,108.624732971,99.9949111938,366.036499023,743.97454834,938.747192383,762.004760742,1498.7298584,1578.96728516,4375.68408203,1255.27258301,1551.44030762,1618.15209961,1998.51721191,483.285003662,844.654724121,1189.07141113,1156.5501709,264.12713623,144.582550049,389.847625732,285.728881836,463.543884277,495.983795166,475.503509521,260.6015625,193.831283569,88.5115966797,35.0025558472,6.6986207962,2.11788463593,1.06517028809,0.66462546587,0.385135799646,0.664979040623,1.33177602291,0.935223400593,0.202573031187],"mean":[0.880201399326,3.02029371262,4.74739933014,3.6813519001,4.4731631279,10.2019615173,13.9199018478,20.2268867493,20.7822475433,37.6790504456,35.3642044067,62.7172966003,27.9192485809,29.0468044281,32.5575523376,45.4364585876,28.6796131134,18.2474479675,26.0440101624,24.163105011,10.9251194,7.35244035721,8.44487762451,7.30566930771,6.36558103561,8.2527551651,6.87218284607,4.42701673508,1.82824361324,1.1068406105,0.385338157415,0.164150595665,0.0838752165437,0.0423282682896,0.026443567127,0.0192911643535,0.0198369435966,0.0327622070909,0.0264959316701,0.0228470936418],"median":[0.362328380346,1.65563559532,2.63859295845,1.9230774641,2.10313153267,4.71700048447,6.47148704529,9.44114303589,10.0652074814,8.26399707794,10.7486991882,17.5230445862,10.3044347763,9.7816400528,8.40488624573,10.8517541885,9.86909103394,5.44034337997,7.71358156204,5.71764373779,4.15870904922,3.25328183174,2.86504530907,2.57484579086,1.78469419479,1.89962041378,1.87662613392,1.24608409405,0.622984886169,0.457060098648,0.167625412345,0.0788826271892,0.0372377671301,0.0170446094126,0.0103781558573,0.00898093543947,0.0104491459206,0.0159936118871,0.0111298076808,0.00763940019533],"min":[1.42219882961e-22,6.97902642763e-22,1.77455767669e-21,6.92745102982e-21,9.0032010003e-21,3.12278226515e-20,6.13504350694e-20,7.40714712265e-20,1.18284100484e-19,1.52465167949e-19,1.91896350761e-19,2.61758745752e-19,4.39728644947e-19,5.93279733018e-19,7.33837571426e-19,1.56178689326e-18,9.78242714162e-19,2.02590738841e-18,2.08858844689e-18,3.29999610834e-18,3.25541541602e-18,5.76363031292e-18,4.96091315339e-18,6.63044942042e-18,7.52203390188e-18,9.27516876393e-18,9.31309168629e-18,1.0186781356e-17,1.13146892705e-17,1.10994957526e-17,1.31120700235e-17,1.03922273775e-17,9.88723609511e-18,7.94473973851e-18,6.61865423848e-18,4.0787763153e-18,2.47163779739e-18,9.38649093756e-19,2.48110730934e-19,2.79018069566e-20],"var":[2.22514128685,16.6625709534,44.0810432434,31.1770744324,49.1570014954,339.857421875,843.281494141,1467.53552246,1478.66040039,10302.7109375,5881.57519531,25274.6796875,2985.06030273,3601.96166992,6009.94091797,8192.51171875,1775.26428223,851.819763184,2049.57861328,3452.98095703,237.529373169,103.310409546,289.765991211,211.433624268,267.46472168,632.02142334,343.598175049,122.836936951,22.0974388123,7.62553405762,1.20135998726,0.0834129303694,0.0191139094532,0.00571004394442,0.00223751435988,0.000913803698495,0.00102313875686,0.00315137696452,0.00223675579764,0.000775207823608]},"erbbands_crest":{"dmean":3.08732295036,"dmean2":5.02074193954,"dvar":8.32338619232,"dvar2":19.8662490845,"max":31.3322105408,"mean":9.22565937042,"median":7.97692298889,"min":2.28694748878,"var":22.2182388306},"erbbands_flatness_db":{"dmean":0.0218913722783,"dmean2":0.0335553064942,"dvar":0.000337181903888,"dvar2":0.000794664723799,"max":0.304488182068,"mean":0.137607738376,"median":0.135356232524,"min":0.0240418743342,"var":0.00122597417794},"erbbands_kurtosis":{"dmean":1.25778794289,"dmean2":1.95823299885,"dvar":3.81439852715,"dvar2":8.54578781128,"max":66.3445587158,"mean":1.32199251652,"median":0.515259623528,"min":-1.74233734608,"var":8.90400028229},"erbbands_skewness":{"dmean":0.381266504526,"dmean2":0.587310791016,"dvar":0.117037676275,"dvar2":0.260423660278,"max":5.84856319427,"mean":0.56932425499,"median":0.520239412785,"min":-3.78039836884,"var":0.626959264278},"erbbands_spread":{"dmean":7.22371101379,"dmean2":11.1674423218,"dvar":43.1290550232,"dvar2":99.8554077148,"max":112.744087219,"mean":30.4659194946,"median":28.1851940155,"min":2.22979331017,"var":179.531585693},"gfcc":{"cov":[[19737.8847656,550.583312988,-1815.37097168,-385.359741211,-91.3740081787,-279.877746582,484.573791504,-494.901611328,113.652420044,0.464967191219,-63.4739875793,-108.713447571,-102.097633362],[550.583312988,545.72064209,68.2136611938,-59.1188163757,45.2654304504,-30.4958496094,35.2393569946,-14.2457685471,27.3397941589,-33.7296905518,25.2408695221,-1.95907592773,21.3934879303],[-1815.37097168,68.2136611938,528.466552734,158.134841919,-43.8646850586,106.029151917,-160.138916016,172.24307251,-39.5537490845,5.32712697983,11.4285125732,17.7592945099,0.94378221035],[-385.359741211,-59.1188163757,158.134841919,314.222076416,38.0504646301,24.0568962097,-28.929069519,48.6729621887,-30.1598148346,20.0697307587,-2.32393741608,38.4718551636,1.39379453659],[-91.3740081787,45.2654304504,-43.8646850586,38.0504646301,213.296264648,34.2994422913,15.4019489288,-36.6237716675,1.72336316109,-37.0261192322,29.3006305695,7.73255443573,21.6097431183],[-279.877746582,-30.4958496094,106.029151917,24.0568962097,34.2994422913,207.747772217,-59.3070869446,59.5009727478,-67.1629562378,-3.38628840446,-7.76797771454,11.0998678207,25.4451217651],[484.573791504,35.2393569946,-160.138916016,-28.929069519,15.4019489288,-59.3070869446,190.156677246,-66.8748092651,54.1876449585,1.60000228882,-15.8001823425,1.41799294949,-7.42980384827],[-494.901611328,-14.2457685471,172.24307251,48.6729621887,-36.6237716675,59.5009727478,-66.8748092651,172.573883057,5.00055265427,17.5189342499,5.6890630722,-16.0812740326,-3.76108837128],[113.652420044,27.3397941589,-39.5537490845,-30.1598148346,1.72336316109,-67.1629562378,54.1876449585,5.00055265427,110.286384583,28.3641529083,7.02707576752,-9.99363040924,-31.7446784973],[0.464967191219,-33.7296905518,5.32712697983,20.0697307587,-37.0261192322,-3.38628840446,1.60000228882,17.5189342499,28.3641529083,66.9851074219,13.6456184387,-2.31886935234,-3.12403130531],[-63.4739875793,25.2408695221,11.4285125732,-2.32393741608,29.3006305695,-7.76797771454,-15.8001823425,5.6890630722,7.02707576752,13.6456184387,58.4370574951,21.1328716278,3.67780613899],[-108.713447571,-1.95907592773,17.7592945099,38.4718551636,7.73255443573,11.0998678207,1.41799294949,-16.0812740326,-9.99363040924,-2.31886935234,21.1328716278,67.5447998047,22.3420467377],[-102.097633362,21.3934879303,0.94378221035,1.39379453659,21.6097431183,25.4451217651,-7.42980384827,-3.76108837128,-31.7446784973,-3.12403130531,3.67780613899,22.3420467377,73.9479293823]],"icov":[[0.0000972258712864,-0.000219395151362,0.000528167292941,-0.000220720583457,0.000273017853033,-0.00019739997515,0.00013046314416,-0.0000209536374314,-0.0000790876583778,0.000121374869195,-0.000104799830297,0.000109866836283,0.000138505580253],[-0.000219395151362,0.00289542111568,-0.00225876783952,0.000882703461684,-0.000543990114238,0.000527630501892,-0.00121681706514,0.000822707021143,-0.000890706782229,0.00156991241965,-0.0015981157776,0.00102953379974,-0.00177899573464],[0.000528167292941,-0.00225876783952,0.00744719011709,-0.00331219076179,0.00303070899099,-0.00249817199074,0.00328050134704,-0.00252593308687,-0.00150845339522,0.00231704581529,-0.00117833015975,-0.000011824561625,0.0010376656428],[-0.000220720583457,0.000882703461684,-0.00331219076179,0.0074232337065,-0.00580338621512,0.00408951193094,-0.00138704711571,-0.00271634524688,0.00617317622527,-0.00791459809989,0.00709586637095,-0.00702837342396,0.00343973259442],[0.000273017853033,-0.000543990114238,0.00303070899099,-0.00580338621512,0.0127606941387,-0.00673976959661,0.000680834986269,0.00467335851863,-0.00893338490278,0.0130770625547,-0.0126037625596,0.00865640677512,-0.00576982880011],[-0.00019739997515,0.000527630501892,-0.00249817199074,0.00408951193094,-0.00673976959661,0.0110234292224,-0.000569467316382,-0.00488253124058,0.00941800046712,-0.00844531878829,0.00842549744993,-0.00657592667267,0.00265448517166],[0.00013046314416,-0.00121681706514,0.00328050134704,-0.00138704711571,0.000680834986269,-0.000569467316382,0.00946019776165,0.00124690774828,-0.0046174582094,0.00065481569618,0.00286711961962,-0.00128121569287,-0.00018269654538],[-0.0000209536374314,0.000822707021143,-0.00252593308687,-0.00271634524688,0.00467335851863,-0.00488253124058,0.00124690774828,0.0128453979269,-0.00737996632233,0.00498084491119,-0.00683895871043,0.0080935228616,-0.00415338622406],[-0.0000790876583778,-0.000890706782229,-0.00150845339522,0.00617317622527,-0.00893338490278,0.00941800046712,-0.0046174582094,-0.00737996632233,0.0250624716282,-0.0169532522559,0.00952020194381,-0.00889539439231,0.0108388178051],[0.000121374869195,0.00156991241965,0.00231704581529,-0.00791459809989,0.0130770625547,-0.00844531878829,0.00065481569618,0.00498084491119,-0.0169532522559,0.0345435030758,-0.0194796398282,0.0131450453773,-0.00958452746272],[-0.000104799830297,-0.0015981157776,-0.00117833015975,0.00709586637095,-0.0126037625596,0.00842549744993,0.00286711961962,-0.00683895871043,0.00952020194381,-0.0194796398282,0.0368662364781,-0.0190543159842,0.00811049249023],[0.000109866836283,0.00102953379974,-0.000011824561625,-0.00702837342396,0.00865640677512,-0.00657592667267,-0.00128121569287,0.0080935228616,-0.00889539439231,0.0131450453773,-0.0190543159842,0.0299127176404,-0.0113507742062],[0.000138505580253,-0.00177899573464,0.0010376656428,0.00343973259442,-0.00576982880011,0.00265448517166,-0.00018269654538,-0.00415338622406,0.0108388178051,-0.00958452746272,0.00811049249023,-0.0113507742062,0.0219680480659]],"mean":[-22.3881816864,105.432373047,-78.8044509888,3.55066466331,-16.9513587952,-13.6628551483,4.71234178543,-11.2566337585,2.02409291267,-0.179917216301,-2.25635695457,-0.908896446228,-2.43041396141]},"hfc":{"dmean":43.8104057312,"dmean2":68.4071044922,"dvar":3492.40185547,"dvar2":9069.4609375,"max":1224.58483887,"mean":197.653381348,"median":111.006263733,"min":1.07514030961e-16,"var":37867.7851562},"melbands":{"dmean":[0.00603645294905,0.0023789324332,0.000512482307386,0.000336182652973,0.000352933915565,0.000312590156682,0.00020757431048,0.000233369704802,0.000219840672798,0.000249503151281,0.0000890570809133,0.0000781069902587,0.0000670077934046,0.0000733682391001,0.0000488785517518,0.0000298143713735,0.0000190763093997,0.0000211656661122,0.0000249552049354,0.0000112412872113,0.00000593282129557,0.00000390265904571,0.00000364429138244,0.00000450023844678,0.00000315218949254,0.00000225395911002,0.00000333714297085,0.00000300588112623,0.00000241580278271,0.00000188400508705,0.00000118993307296,5.63381718166e-7,4.80612698084e-7,3.15273723572e-7,1.46507886711e-7,8.69308962592e-8,6.24350633416e-8,4.93133356372e-8,3.86472578384e-8,3.24952402764e-8],"dmean2":[0.0105301747099,0.00404862128198,0.000864130794071,0.000554213533178,0.000574530044105,0.000516742758919,0.00033280311618,0.000359883182682,0.000347486609826,0.000390067812987,0.000143026540172,0.000125035759993,0.000107933483378,0.000120146229165,0.0000807901815278,0.0000504630625073,0.0000322351879731,0.0000352020288119,0.0000409078384109,0.0000184275122592,0.00000975915099843,0.00000630073100183,0.00000582806524108,0.00000702820307197,0.0000047428425205,0.00000344208206116,0.0000051764482123,0.00000449204571851,0.00000361816842087,0.0000027591502203,0.00000173210469256,8.46764180551e-7,7.17460409305e-7,4.71289723691e-7,2.1988590504e-7,1.36322668709e-7,9.96793190211e-8,7.91593635086e-8,6.30151291148e-8,5.31769934753e-8],"dvar":[0.000110241126094,0.0000126689701574,8.37316690649e-7,3.93283443145e-7,7.01140606907e-7,5.09716073793e-7,2.69833378752e-7,3.93249791841e-7,3.15706671472e-7,5.73115926272e-7,5.25903622872e-8,4.39874696667e-8,4.04067677096e-8,3.19900692602e-8,9.02507935052e-9,3.33809624387e-9,2.14465956105e-9,1.73723668784e-9,5.43131362107e-9,1.13882969721e-9,1.12527875906e-10,4.48636995609e-11,8.62374963106e-11,1.47946668805e-10,6.95585533617e-11,4.77558027845e-11,1.80420553497e-10,1.20835966233e-10,7.58673748824e-11,3.12260252378e-11,1.46057263506e-11,4.52209797386e-12,3.14980615375e-12,8.85038570209e-13,2.58418991501e-13,4.54591876295e-14,1.16942723951e-14,7.37127373029e-15,4.76973442906e-15,3.49095163618e-15],"dvar2":[0.000309047958581,0.0000332582712872,0.00000219131266022,9.66864149632e-7,0.0000017085210402,0.00000123852009892,6.34639206964e-7,8.2557329506e-7,7.59553415719e-7,0.00000133286096116,1.30337951987e-7,1.0329804212e-7,9.54237577844e-8,7.98317216777e-8,2.32997550142e-8,9.32202404158e-9,5.91255577831e-9,4.79501638395e-9,1.49580046127e-8,3.19269211069e-9,2.97867064347e-10,1.13590997719e-10,1.99456728911e-10,3.27522481358e-10,1.50319826031e-10,1.07821633566e-10,3.98648836164e-10,2.30234845078e-10,1.58099991432e-10,5.93867247045e-11,3.10730642605e-11,9.33784733564e-12,6.74463566594e-12,1.68169232879e-12,4.54530700187e-13,9.41258721898e-14,2.64472112559e-14,1.70947172975e-14,1.14725513567e-14,8.47016684222e-15],"max":[0.10087094456,0.048786316067,0.0186218377203,0.0174966286868,0.0206477809697,0.0183848422021,0.0131742497906,0.015014286153,0.0129405083135,0.0274815298617,0.00653357245028,0.00605825241655,0.0064525315538,0.0066358721815,0.00297214090824,0.00113574531861,0.00182143459097,0.00142919563223,0.00252429326065,0.00125932740048,0.000253894948401,0.00016397392028,0.000310124305543,0.000425507867476,0.000223056631512,0.000219818262849,0.000388616288546,0.000359852187103,0.000352389412001,0.000180423274287,0.000169150283909,0.000104789425677,0.0000881476298673,0.0000396098294004,0.0000247336120083,0.00000890083720151,0.00000252412360169,0.00000153628138833,9.83439804259e-7,8.69218297339e-7],"mean":[0.00711881974712,0.00299423304386,0.000667808984872,0.000500693568029,0.000520231784321,0.000450202671345,0.000332560157403,0.000381998484954,0.000330239417963,0.000362941384083,0.000128880725242,0.00011714365246,0.000104156039015,0.000121497505461,0.0000868494607857,0.0000485698183184,0.0000328747628373,0.0000398380507249,0.0000438666138507,0.000020037385184,0.0000116025830721,0.00000776367778599,0.00000669212840876,0.0000080618146967,0.00000569404483031,0.00000408785945183,0.00000565446362089,0.00000539160510016,0.00000444393481303,0.00000359463524546,0.0000021583605303,0.00000101631280813,8.11584243365e-7,5.06244646203e-7,2.31309812193e-7,1.30797275233e-7,8.5908865799e-8,6.15008275417e-8,4.3136317629e-8,3.30105507373e-8],"median":[0.00348176271655,0.00182779261377,0.000371748785255,0.000254297279753,0.000247207062785,0.000215867636143,0.000148230436025,0.0000835365863168,0.0000952082846197,0.000102033620351,0.000044058131607,0.0000373356087948,0.0000240063200181,0.0000270788004855,0.0000274908816209,0.0000155245361384,0.00000885559984454,0.0000117070412671,0.00000903194541024,0.00000547047284272,0.00000441218890046,0.00000336801736012,0.00000242109740611,0.00000246131821768,0.00000197058307094,0.00000128963915813,0.00000119655510389,0.00000118869365906,0.00000115294074021,9.33452099616e-7,5.90022523284e-7,3.32705241135e-7,3.02832262378e-7,2.10818285495e-7,9.19909481922e-8,6.1563895315e-8,3.99278832219e-8,2.69723585689e-8,1.81081656336e-8,1.23194823232e-8],"min":[1.8430614868e-24,7.09300831663e-25,1.04223375886e-24,1.38013966521e-24,1.78957750629e-24,1.84755582459e-24,2.16473253711e-24,9.46574611951e-25,1.22649953759e-24,1.30681366356e-24,1.44511744772e-24,1.47705960906e-24,1.76755546804e-24,3.81879399507e-24,1.73148618366e-24,2.99754364437e-24,2.92807339762e-24,3.12746883825e-24,3.81920183616e-24,3.2296111399e-24,3.19911279123e-24,5.54288579103e-24,3.74240977691e-24,2.91823314668e-24,5.05775408369e-24,4.52617503511e-24,4.72784338123e-24,5.89182894613e-24,3.85542001804e-24,5.64121454186e-24,4.67072275194e-24,5.21387991203e-24,5.87142190337e-24,4.43194717771e-24,5.84774779317e-24,4.76891029666e-24,5.63267670028e-24,6.79429173816e-24,4.98939534195e-24,6.39546535815e-24],"var":[0.000114615220809,0.0000137612332765,8.99180179204e-7,6.38297308342e-7,8.96124504379e-7,6.83694509007e-7,4.11936071032e-7,0.00000101096907201,5.10632958139e-7,8.46772081786e-7,7.36621075248e-8,6.46216662403e-8,6.96856616855e-8,6.5285853168e-8,1.98798986162e-8,5.58333823619e-9,3.21371684819e-9,4.26853841162e-9,1.22482175513e-8,1.90582127857e-9,2.69102518047e-10,1.15858239669e-10,1.63786442742e-10,3.06675185247e-10,1.34806180108e-10,8.7217261191e-11,3.04906128124e-10,3.02041613942e-10,1.74817660348e-10,8.48129066977e-11,3.23492378718e-11,7.00814623347e-12,5.05404095311e-12,1.74238900218e-12,5.50897868989e-13,8.45468104706e-14,1.99864776151e-14,1.04558450046e-14,5.52562112548e-15,3.71746497517e-15]},"melbands_crest":{"dmean":5.31705999374,"dmean2":8.96601867676,"dvar":18.9761734009,"dvar2":49.9575805664,"max":38.2675018311,"mean":19.0372962952,"median":18.4351272583,"min":1.52789306641,"var":54.5594024658},"melbands_flatness_db":{"dmean":0.0413238145411,"dmean2":0.0675173401833,"dvar":0.00128597510047,"dvar2":0.00339855020866,"max":0.591156899929,"mean":0.283034175634,"median":0.278438538313,"min":0.00395563291386,"var":0.00598304811865},"melbands_kurtosis":{"dmean":17.3519706726,"dmean2":29.7160396576,"dvar":976.240966797,"dvar2":2742.4309082,"max":658.518737793,"mean":24.407125473,"median":9.35208129883,"min":-1.75145089626,"var":1494.50817871},"melbands_skewness":{"dmean":1.24262273312,"dmean2":2.04639649391,"dvar":1.7148308754,"dvar2":4.53940343857,"max":19.9367465973,"mean":3.27566957474,"median":2.60305428505,"min":-1.43895411491,"var":5.50292110443},"melbands_spread":{"dmean":4.7272605896,"dmean2":7.5841960907,"dvar":35.6626815796,"dvar2":79.045715332,"max":160.264694214,"mean":14.0480298996,"median":10.6278438568,"min":0.249549791217,"var":226.2109375},"mfcc":{"cov":[[10436.0478516,934.808532715,-1436.80603027,-0.071769721806,-718.090087891,379.242034912,-62.680721283,-89.2228393555,-6.98388671875,97.8329315186,-106.634773254,56.0034332275,44.281463623],[934.808532715,897.415161133,-40.8026695251,2.28487944603,-12.2925853729,25.9654216766,6.52990102768,24.1563167572,11.1573448181,-2.56121444702,26.4401435852,5.99051523209,5.81634044647],[-1436.80603027,-40.8026695251,594.385681152,35.3457145691,164.912857056,-112.360816956,15.1405897141,27.6947689056,14.3411912918,-9.30478477478,58.3812675476,-3.83808970451,-15.5552873611],[-0.071769721806,2.28487944603,35.3457145691,301.021270752,9.52814483643,19.86054039,-7.83082532883,13.8887758255,-2.65900111198,16.4038639069,3.10816264153,7.99502134323,-5.62914943695],[-718.090087891,-12.2925853729,164.912857056,9.52814483643,306.496368408,-18.127450943,58.2882766724,38.9765777588,-20.1446228027,-13.5669965744,0.0902638435364,-22.8342666626,12.8382492065],[379.242034912,25.9654216766,-112.360816956,19.86054039,-18.127450943,156.936416626,37.4359359741,7.1884970665,1.58516943455,-19.1868610382,-47.8699073792,-9.09383487701,17.4802207947],[-62.680721283,6.52990102768,15.1405897141,-7.83082532883,58.2882766724,37.4359359741,103.779006958,25.5982952118,12.6971893311,-17.2186927795,-34.6112327576,-13.713924408,6.07788896561],[-89.2228393555,24.1563167572,27.6947689056,13.8887758255,38.9765777588,7.1884970665,25.5982952118,79.8130874634,10.3152246475,3.16950726509,2.16439771652,-10.5484523773,5.83332300186],[-6.98388671875,11.1573448181,14.3411912918,-2.65900111198,-20.1446228027,1.58516943455,12.6971893311,10.3152246475,79.8184738159,16.7720508575,3.79087519646,7.13101959229,-6.33472061157],[97.8329315186,-2.56121444702,-9.30478477478,16.4038639069,-13.5669965744,-19.1868610382,-17.2186927795,3.16950726509,16.7720508575,73.7811203003,40.4060134888,15.0945482254,-10.5410194397],[-106.634773254,26.4401435852,58.3812675476,3.10816264153,0.0902638435364,-47.8699073792,-34.6112327576,2.16439771652,3.79087519646,40.4060134888,96.4032363892,31.5109348297,-7.28730010986],[56.0034332275,5.99051523209,-3.83808970451,7.99502134323,-22.8342666626,-9.09383487701,-13.713924408,-10.5484523773,7.13101959229,15.0945482254,31.5109348297,58.6235656738,8.2028169632],[44.281463623,5.81634044647,-15.5552873611,-5.62914943695,12.8382492065,17.4802207947,6.07788896561,5.83332300186,-6.33472061157,-10.5410194397,-7.28730010986,8.2028169632,50.9228744507]],"icov":[[0.000180036062375,-0.000170794621226,0.000313023396302,-0.0000226952688536,0.000235726984101,-0.000145317870192,-0.0000535634935659,0.0000609973358223,0.0000976759038167,-0.000282461027382,0.0000843002926558,-0.0000361471975339,-0.00008251088002],[-0.000170794621226,0.0013231333578,-0.000167591453646,0.00000184115822321,-0.000182748233783,-0.0000778496396379,-0.0000470573286293,-0.000374922296032,-0.000274517951766,0.000688911357429,-0.000820793444291,0.000147299404489,0.000035031720472],[0.000313023396302,-0.000167591453646,0.00312663265504,-0.000496868626215,-0.000746214936953,0.00126266060397,-0.000524673319887,-0.0000480312919535,-0.000834368926007,0.00119600933976,-0.00161325011868,0.000380069657695,0.000321618426824],[-0.0000226952688536,0.00000184115822321,-0.000496868626215,0.00360348657705,-0.000120754404634,-0.00095519144088,0.000792547536548,-0.000814568891656,0.000521538371686,-0.00115097814705,0.000820842222311,-0.000968342006672,0.000723210046999],[0.000235726984101,-0.000182748233783,-0.000746214936953,-0.000120754404634,0.00512786814943,0.000242121051997,-0.00268865795806,-0.00098275905475,0.00193746259902,-0.000678648881149,-0.000417836767156,0.00137043534778,-0.00154784088954],[-0.000145317870192,-0.0000778496396379,0.00126266060397,-0.00095519144088,0.000242121051997,0.00951606687158,-0.00269082095474,-0.000415024987888,-0.000392454618122,0.000979410135187,0.00232348777354,0.0000619166676188,-0.00206708861515],[-0.0000535634935659,-0.0000470573286293,-0.000524673319887,0.000792547536548,-0.00268865795806,-0.00269082095474,0.014761865139,-0.00318965222687,-0.00263532227837,0.000676409748849,0.00451360782608,-0.00106539973058,0.000814013590571],[0.0000609973358223,-0.000374922296032,-0.0000480312919535,-0.000814568891656,-0.00098275905475,-0.000415024987888,-0.00318965222687,0.0154491811991,-0.00190541974735,-0.00100014160853,-0.00241433852352,0.00381382042542,-0.0025176468771],[0.0000976759038167,-0.000274517951766,-0.000834368926007,0.000521538371686,0.00193746259902,-0.000392454618122,-0.00263532227837,-0.00190541974735,0.0150482002646,-0.00426936103031,0.00162754685152,-0.00227468810044,0.00151580444071],[-0.000282461027382,0.000688911357429,0.00119600933976,-0.00115097814705,-0.000678648881149,0.000979410135187,0.000676409748849,-0.00100014160853,-0.00426936103031,0.0209027901292,-0.00872326642275,-0.000274266407359,0.00286538549699],[0.0000843002926558,-0.000820793444291,-0.00161325011868,0.000820842222311,-0.000417836767156,0.00232348777354,0.00451360782608,-0.00241433852352,0.00162754685152,-0.00872326642275,0.021083297208,-0.00889082066715,0.00151002476923],[-0.0000361471975339,0.000147299404489,0.000380069657695,-0.000968342006672,0.00137043534778,0.0000619166676188,-0.00106539973058,0.00381382042542,-0.00227468810044,-0.000274266407359,-0.00889082066715,0.024203505367,-0.00616364786401],[-0.00008251088002,0.000035031720472,0.000321618426824,0.000723210046999,-0.00154784088954,-0.00206708861515,0.000814013590571,-0.0025176468771,0.00151580444071,0.00286538549699,0.00151002476923,-0.00616364786401,0.0231651682407]],"mean":[-683.634338379,164.810012817,-2.96220159531,34.6476898193,-2.81008887291,16.5563793182,3.46765422821,5.46313333511,5.41166639328,6.83128118515,4.94746732712,5.47413635254,3.06192922592]},"pitch_salience":{"dmean":0.0953253954649,"dmean2":0.158911153674,"dvar":0.00665246369317,"dvar2":0.0178934987634,"max":0.859054505825,"mean":0.480871528387,"median":0.493847072124,"min":0.0442794561386,"var":0.0181743670255},"silence_rate_20dB":{"dmean":0,"dmean2":0,"dvar":0,"dvar2":0,"max":1,"mean":1,"median":1,"min":1,"var":0},"silence_rate_30dB":{"dmean":0.102640457451,"dmean2":0.205301299691,"dvar":0.0921053960919,"dvar2":0.180029481649,"max":1,"mean":0.859950363636,"median":1,"min":0,"var":0.120435729623},"silence_rate_60dB":{"dmean":0.00218383967876,"dmean2":0.00426883762702,"dvar":0.00217907037586,"dvar2":0.00504481699318,"max":1,"mean":0.0427791550756,"median":0,"min":0,"var":0.0409490987659},"spectral_centroid":{"dmean":186.652084351,"dmean2":278.357513428,"dvar":53472.0585938,"dvar2":93424.9609375,"max":11767.0605469,"mean":978.267150879,"median":805.218383789,"min":155.388366699,"var":937606},"spectral_complexity":{"dmean":2.97677183151,"dmean2":4.54998493195,"dvar":10.1787338257,"dvar2":19.7185630798,"max":58,"mean":17.0330524445,"median":14,"min":0,"var":128.124267578},"spectral_contrast_coeffs":{"dmean":[0.0512837767601,0.0501205548644,0.040716830641,0.0290385968983,0.0213147420436,0.0382794104517],"dmean2":[0.0859616994858,0.0832795575261,0.0666404888034,0.0479532405734,0.0346183665097,0.0590901635587],"dvar":[0.00159180129413,0.00154784601182,0.00104981509503,0.000545144488569,0.000318795209751,0.00112952059135],"dvar2":[0.00438117375597,0.00421959068626,0.00272829970345,0.00142053095624,0.000808261858765,0.00262842490338],"max":[-0.447596669197,-0.483230561018,-0.495354652405,-0.589378476143,-0.653221666813,-0.457490235567],"mean":[-0.726093769073,-0.76617616415,-0.79193007946,-0.822570860386,-0.83034992218,-0.749710738659],"median":[-0.728149950504,-0.771615207195,-0.796352803707,-0.823787152767,-0.829514980316,-0.754174232483],"min":[-0.979111254215,-0.978327512741,-0.976556360722,-0.973957717419,-0.966469347477,-0.964721381664],"var":[0.00453548366204,0.00445619551465,0.00381358945742,0.00241504074074,0.00146095047239,0.0059595387429]},"spectral_contrast_valleys":{"dmean":[0.413263320923,0.374993056059,0.360994398594,0.319430947304,0.302486151457,0.606126070023],"dmean2":[0.678801357746,0.61090695858,0.572593867779,0.495456933975,0.444337695837,0.940933406353],"dvar":[0.122440814972,0.105390399694,0.107161790133,0.10227611661,0.100042417645,0.258151382208],"dvar2":[0.298865050077,0.257617354393,0.241773843765,0.223959729075,0.205104544759,0.664604246616],"max":[-4.72889709473,-4.42804288864,-4.83849287033,-5.42913341522,-5.60260343552,-8.75873184204],"mean":[-6.74375391006,-6.59789228439,-7.24361038208,-7.75095081329,-7.97631025314,-11.1559848785],"median":[-6.49983310699,-6.28477716446,-6.95654201508,-7.52829170227,-7.72187805176,-10.9278392792],"min":[-28.2702178955,-27.9660015106,-27.7642974854,-27.8356132507,-27.4973678589,-27.4505500793],"var":[3.80442690849,4.0533952713,4.10495519638,3.96459054947,3.71503090858,2.79771876335]},"spectral_decrease":{"dmean":6.96857416216e-9,"dmean2":1.16040625997e-8,"dvar":1.02293297069e-16,"dvar2":2.69839894812e-16,"max":4.91311036299e-9,"mean":-1.08457935966e-8,"median":-6.98897340001e-9,"min":-9.54223509098e-8,"var":1.41398386259e-16},"spectral_energy":{"dmean":0.0263397973031,"dmean2":0.0440484844148,"dvar":0.00144532206468,"dvar2":0.00385324959643,"max":0.366847217083,"mean":0.0588622875512,"median":0.0473611205816,"min":1.02302547766e-20,"var":0.00240304647014},"spectral_energyband_high":{"dmean":0.000213115738006,"dmean2":0.000299915584037,"dvar":2.62915619942e-7,"dvar2":4.47153411187e-7,"max":0.01687181741,"mean":0.000583213521168,"median":0.000264662055997,"min":7.20364372829e-21,"var":9.89890963865e-7},"spectral_energyband_low":{"dmean":0.0225847009569,"dmean2":0.0386371910572,"dvar":0.00127324834466,"dvar2":0.0034330827184,"max":0.33484646678,"mean":0.0304919332266,"median":0.017565632239,"min":1.7899279183e-23,"var":0.00151400221512},"spectral_energyband_middle_high":{"dmean":0.00162133655977,"dmean2":0.00249690958299,"dvar":0.0000081073903857,"dvar2":0.0000190836617548,"max":0.0819809362292,"mean":0.00472795590758,"median":0.0019297854742,"min":1.13911555104e-21,"var":0.0000395305869461},"spectral_energyband_middle_low":{"dmean":0.00505346991122,"dmean2":0.00792384054512,"dvar":0.0000667852364131,"dvar2":0.000156111025717,"max":0.157116889954,"mean":0.0118958419189,"median":0.00746662449092,"min":1.63688461129e-22,"var":0.000188100995729},"spectral_entropy":{"dmean":0.188081353903,"dmean2":0.28871768713,"dvar":0.0324209146202,"dvar2":0.0778767392039,"max":9.82329750061,"mean":7.46331071854,"median":7.49901294708,"min":5.97452783585,"var":0.136578261852},"spectral_flux":{"dmean":0.0393775850534,"dmean2":0.0648889765143,"dvar":0.00226111779921,"dvar2":0.00552986143157,"max":0.468733221292,"mean":0.133229896426,"median":0.123208418489,"min":6.42609784829e-11,"var":0.00524844042957},"spectral_kurtosis":{"dmean":3.55260515213,"dmean2":5.51890563965,"dvar":17.6503372192,"dvar2":43.5551185608,"max":76.2657546997,"mean":15.1232452393,"median":13.8744878769,"min":-1.24452745914,"var":56.7513809204},"spectral_rms":{"dmean":0.00153573148418,"dmean2":0.00251096789725,"dvar":0.00000305864296024,"dvar2":0.00000770000860939,"max":0.0189182385802,"mean":0.00693397130817,"median":0.00679749762639,"min":3.15923025587e-12,"var":0.00000934666331887},"spectral_rolloff":{"dmean":3585.37866211,"dmean2":6946.40673828,"dvar":53173860,"dvar2":128205904,"max":22006.9335938,"mean":9869.96777344,"median":1765.72265625,"min":21.533203125,"var":105809056},"spectral_skewness":{"dmean":0.318090766668,"dmean2":0.479096829891,"dvar":0.113125152886,"dvar2":0.262966215611,"max":6.95042896271,"mean":2.64921617508,"median":2.58951044083,"min":-0.0854439586401,"var":0.558725059032},"spectral_spread":{"dmean":505899.15625,"dmean2":798683.5,"dvar":368089595904,"dvar2":767764135936,"max":42360160,"mean":4392476.5,"median":4050531.25,"min":1741835.125,"var":9640965308420},"spectral_strongpeak":{"dmean":3.01710557938,"dmean2":5.71700668335,"dvar":168.496963501,"dvar2":473.140258789,"max":131.886352539,"mean":2.26216721535,"median":0.166653737426,"min":0,"var":133.443069458},"zerocrossingrate":{"dmean":0.0418637432158,"dmean2":0.0529127605259,"dvar":0.00126622314565,"dvar2":0.00187159294728,"max":0.6923828125,"mean":0.235446214676,"median":0.228515625,"min":0.00390625,"var":0.0134765775874}},"metadata":{"audio_properties":{"analysis_sample_rate":44100,"bit_rate":248150,"codec":"mp3","downmix":"mix","equal_loudness":0,"length":233.901473999,"lossless":false,"md5_encoded":"4439b3a929ea184bcac4debd9986d155","replay_gain":1.6447467804,"sample_rate":44100},"tags":{"acoustid_id":["9fe83e7d-3587-4cbc-bd10-50c47beca2ff"],"album":["Puzzle"],"albumartist":["Biffy Clyro"],"artist":["Biffy Clyro"],"date":["2007"],"discnumber":["1/1"],"file_name":"09 - Biffy Clyro - Love Has a Diameter.mp3","musicbrainz_albumartistid":["892500b7-09a6-4049-ba92-2d192dd70563"],"musicbrainz_albumid":["f550ed7d-fc35-435f-90b2-734a62a8e8ca"],"musicbrainz_artistid":["892500b7-09a6-4049-ba92-2d192dd70563"],"musicbrainz_recordingid":["eabca975-910d-40db-8475-b2aee0702281"],"musicbrainz_releasegroupid":["04b8a17a-016e-37b7-a8fa-d6c7da2021f9"],"replaygain_album_gain":["+0.39 dB"],"replaygain_album_peak":["0.363303"],"replaygain_track_gain":["+1.12 dB"],"replaygain_track_peak":["0.338372"],"title":["Love Has a Diameter"],"tracknumber":["9/13"]},"version":{"essentia":"2.1-beta1","essentia_build_sha":"e76a03f03bb3900de42a1fa0d9be1e72f12def64","essentia_git_sha":"v2.1_beta1-28-g21ef5f4-dirty","extractor":"music 1.0"}},"rhythm":{"beats_count":454,"beats_loudness":{"dmean":0.0441988185048,"dmean2":0.0765994861722,"dvar":0.0012722852407,"dvar2":0.00376563169993,"max":0.263394415379,"mean":0.100254014134,"median":0.097384378314,"min":0,"var":0.00220407522283},"beats_loudness_band_ratio":{"dmean":[0.132302507758,0.0463274940848,0.0545290075243,0.0303743164986,0.0136271538213,0.0467231795192],"dmean2":[0.229642897844,0.0824654474854,0.100665353239,0.055174253881,0.0247360765934,0.0826663300395],"dvar":[0.0145050566643,0.00314631639048,0.00498265353963,0.00219755573198,0.000382821977837,0.003895126516],"dvar2":[0.0400273390114,0.00904602278024,0.0145746804774,0.0060608740896,0.00105712353252,0.011100044474],"max":[0.987467885017,0