{"lowlevel":{"average_loudness":0.936374306679,"barkbands":{"dmean":[0.0000160402923939,0.00383146642707,0.00177284062374,0.00182203657459,0.00235553109087,0.00162843521684,0.0013937978074,0.00148023630027,0.00212572934106,0.000946446671151,0.000391989335185,0.000291105854558,0.000198722365894,0.000156459209393,0.000143683617353,0.000104014885437,0.000102612386399,0.00007799622108,0.0000576521779294,0.0000387576255889,0.0000400276585424,0.0000450968218502,0.0000562538843951,0.0000315177676384,0.0000237565564021,0.000014007037862,0.0000107834121081],"dmean2":[0.0000234623530559,0.00661194184795,0.00290697370656,0.00303643662483,0.00382696930319,0.00265521463007,0.00222656712867,0.00232275039889,0.0034024300985,0.00144163391087,0.0005684500793,0.000438445276814,0.000306196976453,0.000240391658735,0.000223958239076,0.00016079757188,0.000156365669682,0.000119597461889,0.0000864103567437,0.0000576847160119,0.0000555472652195,0.0000617829937255,0.0000799890985945,0.0000433756613347,0.0000325817381963,0.0000197541121452,0.0000161335592566],"dvar":[1.59867563632e-9,0.000110093737021,0.00000922359777178,0.00000843252655613,0.0000144518198795,0.0000157717095135,0.00000844338319439,0.0000119949536384,0.000021639307306,0.00000575623425902,9.25563767851e-7,5.95789970248e-7,2.6434744882e-7,1.9948862473e-7,2.16142552745e-7,6.09504127169e-8,8.01547059837e-8,3.74673625458e-8,3.01428180194e-8,1.65429465682e-8,8.62264126766e-9,3.11882430992e-8,3.66178660727e-8,7.5190378368e-9,2.91077917325e-9,4.676649068e-10,3.59069857181e-10],"dvar2":[3.36989214311e-9,0.000289224233711,0.0000250021494139,0.0000219002922677,0.0000377096039301,0.0000397557378164,0.0000208222572837,0.0000290138650598,0.0000546417977603,0.0000126835639094,0.00000191161893781,0.00000132959632992,6.08010680025e-7,4.58933584468e-7,4.73018559433e-7,1.36812190021e-7,1.88718374261e-7,8.3208952617e-8,6.18604403257e-8,4.04067073134e-8,1.64492668375e-8,5.83348445105e-8,7.74390613856e-8,1.51459129683e-8,6.51004361529e-9,9.95821980432e-10,7.95850052526e-10],"max":[0.000379719218472,0.0748227983713,0.0363060981035,0.0330141037703,0.0736120417714,0.066357113421,0.0451549775898,0.0625028684735,0.070855371654,0.046713437885,0.02308120206,0.0192610025406,0.0121412724257,0.0143054369837,0.0162230692804,0.00644252682105,0.00926318205893,0.00598334986717,0.00660781562328,0.00394870759919,0.00365107459947,0.0116632720456,0.00503709819168,0.00239437585697,0.00173357652966,0.000416823808337,0.000211968959775],"mean":[0.0000173121279659,0.00355122541077,0.00314338970929,0.00266813626513,0.00383578496985,0.00238066213205,0.00217662169598,0.00226524984464,0.00341529538855,0.00155966181774,0.000777507550083,0.000513032951858,0.00033959117718,0.00023457990028,0.000223971932428,0.000176701811142,0.000184085220098,0.000139886149555,0.000101513593108,0.0000662019738229,0.0000726272191969,0.0000729268795112,0.0000785365409683,0.0000489728481625,0.0000355349402525,0.0000178119898919,0.0000105761810119],"median":[0.00000150443656821,0.00103558809496,0.00186239345931,0.00151617417578,0.00193754094653,0.000510408834089,0.000671496905852,0.000401598488679,0.000486668257508,0.000323586689774,0.000147999468027,0.000145734564285,0.0000871684096637,0.0000670249719406,0.0000589168339502,0.0000533565435035,0.0000530064135091,0.000051430761232,0.0000425327089033,0.0000287279690383,0.0000305525172735,0.000023889600925,0.0000170015009644,0.0000137861015901,0.0000102069489003,0.00000507552294948,9.49405830397e-7],"min":[3.02715462313e-25,5.8761913564e-24,1.58813773262e-24,5.64174189537e-25,1.83582037478e-23,2.13401910551e-23,4.72646957996e-24,2.04844189679e-23,1.80063244524e-23,2.31401633815e-23,2.70067477535e-23,2.76464571497e-23,5.26077011978e-23,5.31176776849e-23,5.97614768505e-23,6.78813105003e-23,8.72148334723e-23,1.02042471306e-22,1.62420566016e-22,2.39495495009e-22,2.57981598353e-22,3.76656267834e-22,3.9705035434e-22,6.84608026726e-22,1.03826413979e-21,1.38338465164e-21,2.18498304777e-21],"var":[1.91233784363e-9,0.0000818897606223,0.0000137175366035,0.000010694941011,0.0000271103999694,0.0000289489125862,0.0000179202179424,0.0000234988729062,0.0000444999968749,0.0000144207997437,0.00000285384521703,0.00000143767420013,7.02035777067e-7,3.48025224639e-7,4.4788501441e-7,1.5310124013e-7,1.98932724516e-7,9.21898148931e-8,5.64363098476e-8,2.22486171708e-8,2.04987120611e-8,5.40296376528e-8,6.1219928682e-8,1.46055807448e-8,5.28367261055e-9,8.2320145145e-10,4.44327102889e-10]},"barkbands_crest":{"dmean":2.90448999405,"dmean2":4.81508016586,"dvar":7.14398097992,"dvar2":19.0885391235,"max":24.7403526306,"mean":10.3995161057,"median":9.76797771454,"min":2.82353615761,"var":15.3517398834},"barkbands_flatness_db":{"dmean":0.0248532239348,"dmean2":0.0355794765055,"dvar":0.000481328897877,"dvar2":0.00103344279341,"max":0.359036356211,"mean":0.156202763319,"median":0.154019892216,"min":0.0280806347728,"var":0.00235404842533},"barkbands_kurtosis":{"dmean":4.16249895096,"dmean2":6.56667757034,"dvar":46.2458496094,"dvar2":111.771331787,"max":116.2942276,"mean":7.24422836304,"median":4.33722782135,"min":-1.84348082542,"var":90.4688415527},"barkbands_skewness":{"dmean":0.622853040695,"dmean2":0.938014924526,"dvar":0.439026832581,"dvar2":0.970430314541,"max":10.029378891,"mean":1.87366676331,"median":1.7262980938,"min":-2.25782823563,"var":1.6997051239},"barkbands_spread":{"dmean":4.46682596207,"dmean2":6.79058742523,"dvar":35.929473877,"dvar2":75.817527771,"max":90.7329177856,"mean":14.25436306,"median":11.704668045,"min":0.794522166252,"var":108.691627502},"dissonance":{"dmean":0.0264861099422,"dmean2":0.044217005372,"dvar":0.000612914620433,"dvar2":0.00165586126968,"max":0.500000059605,"mean":0.449465453625,"median":0.458795249462,"min":0.225278794765,"var":0.00144233799074},"dynamic_complexity":4.33451557159,"erbbands":{"dmean":[0.0661591663957,0.998130559921,2.08748102188,3.95785069466,5.48501682281,8.56018352509,17.9838619232,10.5691299438,12.7591600418,29.6974716187,32.45860672,47.5144729614,39.8342208862,20.3536911011,12.6378059387,10.8477249146,8.45311641693,7.50110626221,7.65422868729,6.3478717804,5.66747188568,5.2405834198,4.24913263321,3.52805399895,2.23962974548,1.73390245438,1.76277220249,1.59095299244,1.57680165768,1.81954073906,1.46082937717,0.739596605301,0.494986057281,0.292909741402,0.160606071353,0.0610451176763,0.025191584602,0.0104212760925,0.00212915171869,0.000077799486462],"dmean2":[0.114449881017,1.71923303604,3.36964201927,6.58279275894,8.92516899109,14.1323728561,29.1287059784,17.2412071228,20.7634944916,46.9280776978,50.3895454407,75.8039016724,61.6661453247,30.0485610962,17.960893631,16.5453224182,12.8359603882,11.4785795212,11.6075716019,9.82672691345,8.58102416992,7.81548690796,6.34213161469,5.34749889374,3.33056616783,2.54761171341,2.52828860283,2.21083259583,2.17172718048,2.58289718628,2.08520174026,1.00961983204,0.684718251228,0.407285124063,0.222884953022,0.0850923806429,0.0359358675778,0.0154348397627,0.0031822794117,0.000115253526019],"dvar":[0.0357406958938,7.17257547379,14.0533819199,39.1755561829,76.896484375,216.427856445,1619.5880127,855.558288574,691.022521973,4328.75244141,6270.78613281,12351.9853516,8696.00878906,3319.17211914,756.929504395,990.717041016,471.85357666,479.918365479,504.269134521,365.142730713,176.636627197,209.823944092,116.847381592,104.225875854,43.6766891479,30.1452713013,24.5977497101,16.4191646576,35.3770599365,45.6657867432,25.7242527008,4.48565006256,2.04576134682,0.757297694683,0.0961308926344,0.00933775492013,0.00162086822093,0.000308929476887,0.0000138570676427,2.74937228539e-8],"dvar2":[0.0936680212617,18.8641700745,35.8627738953,105.032203674,187.616409302,569.51373291,4146.4453125,2193.3269043,1683.67211914,10840.3710938,15136.1357422,31565.9804688,20613.6132812,7116.39404297,1531.9564209,2247.43017578,1101.63586426,1088.48400879,1084.54394531,744.877441406,396.840576172,485.731231689,244.342727661,227.958312988,86.4521636963,70.7052612305,53.6194000244,33.7213058472,72.7899551392,87.535736084,54.2692565918,9.14915847778,4.37372016907,1.74501645565,0.206470325589,0.0194075647742,0.00353645859286,0.000690623302944,0.0000304590212181,6.71480862025e-8],"max":[1.30446994305,19.3705730438,39.5193748474,69.6640167236,105.565444946,241.161880493,948.64239502,544.458190918,513.559814453,1168.09753418,1687.67285156,2158.56640625,1687.78295898,1414.76672363,722.422912598,975.617004395,469.30569458,558.18737793,781.805847168,709.622070312,442.715118408,569.711547852,393.096893311,372.632141113,271.348876953,197.015106201,160.600692749,165.830856323,387.413665771,323.938781738,132.243408203,76.0417633057,41.3977966309,35.4278526306,5.2639093399,1.90637338161,0.846525549889,0.175708830357,0.0432387553155,0.00303214439191],"mean":[0.057146999985,0.973757863045,3.55670595169,6.61951351166,8.24090385437,13.2699966431,26.0771865845,15.5236272812,20.1314754486,46.8184585571,52.7767715454,73.4414749146,70.1321334839,39.4904327393,28.8525867462,20.0643215179,15.7178030014,12.2150316238,12.6380023956,10.343372345,10.8633565903,10.0481681824,8.14379501343,6.38800525665,4.14755249023,3.0728662014,3.15186047554,2.72355866432,2.57409882545,2.73875880241,2.03599357605,1.13128876686,0.749118745327,0.42446616292,0.238480210304,0.0871457085013,0.0301000848413,0.0106733227149,0.00209854869172,0.0000984880825854],"median":[0.0148022584617,0.329658180475,1.93154025078,4.41947793961,4.99242973328,5.94064998627,5.40516281128,4.41208076477,8.91827583313,9.99271202087,11.9306974411,11.6856040955,13.9679431915,11.8561697006,7.65953683853,6.07754325867,4.08814716339,3.7689602375,4.05255270004,2.89000511169,3.49656295776,3.03700423241,2.883051157,2.76217627525,1.77716708183,1.36775112152,1.31614840031,1.10627186298,0.88044154644,0.676298379898,0.448773443699,0.316227555275,0.199654474854,0.104527398944,0.0737265795469,0.0285251736641,0.00759248482063,0.00160265096929,0.00018665328389,0.0000444689030701],"min":[3.61931200851e-22,1.46947908806e-21,2.19443524225e-21,3.87512346944e-21,2.13798109441e-20,3.93683073924e-20,4.32018403984e-20,2.05606442899e-19,3.2200678171e-19,1.9851046109e-19,5.00080931511e-19,4.08455841118e-19,7.68349769629e-19,1.27632086681e-18,1.09669787301e-18,1.2734798116e-18,2.79787824457e-18,2.82512888267e-18,3.69480776035e-18,4.92767579561e-18,3.5811825091e-18,5.91354356405e-18,5.89182841861e-18,7.28609055832e-18,9.53785816542e-18,1.14919424952e-17,6.88487735555e-18,1.28999221846e-17,1.20938867901e-17,1.26774163901e-17,1.19581356982e-17,1.15097293599e-17,1.15642951562e-17,9.67361091165e-18,7.31477800914e-18,4.51585276071e-18,2.51271827495e-18,1.10044748273e-18,2.71485433328e-19,3.17116166811e-20],"var":[0.0266449451447,5.34922552109,18.9377670288,51.7345352173,107.268959045,376.635284424,2935.88574219,1425.39074707,1283.46337891,8653.87109375,12929.7734375,20982.7324219,22330.1757812,9116.34472656,3157.70336914,2356.18164062,1495.62194824,876.225585938,1017.09326172,818.653320312,539.035644531,551.61541748,299.624298096,191.365585327,88.3151321411,44.869228363,44.1027946472,32.7217063904,57.130405426,85.412902832,41.7492675781,8.24583911896,3.6418530941,1.12571787834,0.195215255022,0.0197010226548,0.00256706424989,0.00038723720354,0.0000172634245246,3.03018552472e-8]},"erbbands_crest":{"dmean":2.93930721283,"dmean2":4.64561080933,"dvar":7.82820701599,"dvar2":19.1958026886,"max":31.1856002808,"mean":10.6395149231,"median":9.38709259033,"min":2.35423707962,"var":27.0335254669},"erbbands_flatness_db":{"dmean":0.0231098346412,"dmean2":0.0298570971936,"dvar":0.000432266911957,"dvar2":0.00075463030953,"max":0.37320792675,"mean":0.16146799922,"median":0.15981438756,"min":0.0431740619242,"var":0.00293607148342},"erbbands_kurtosis":{"dmean":1.59637463093,"dmean2":2.51225876808,"dvar":6.42660522461,"dvar2":15.7989044189,"max":52.9338912964,"mean":2.17389965057,"median":0.88692688942,"min":-1.74051988125,"var":17.7446994781},"erbbands_skewness":{"dmean":0.391739994287,"dmean2":0.59799015522,"dvar":0.151232302189,"dvar2":0.334425151348,"max":5.66036081314,"mean":0.824811339378,"median":0.754584491253,"min":-3.60907816887,"var":0.619864523411},"erbbands_spread":{"dmean":8.00555229187,"dmean2":11.6087818146,"dvar":77.8737411499,"dvar2":159.5728302,"max":138.464569092,"mean":32.8340263367,"median":28.562828064,"min":1.56044507027,"var":392.094268799},"gfcc":{"cov":[[9360.48632812,-341.993835449,-225.192886353,-179.407485962,-312.215148926,-156.812927246,-128.866348267,79.7786941528,-15.8359241486,-8.95941734314,-185.524459839,92.1106796265,-39.0110321045],[-341.993835449,1148.9173584,-295.892852783,-31.7140693665,54.1101531982,-49.5676689148,68.6191635132,-1.82785522938,67.3018951416,-35.2520599365,60.6062812805,-66.89818573,84.3144607544],[-225.192886353,-295.892852783,780.637512207,108.75692749,232.965011597,67.2663803101,57.5461463928,47.7842712402,6.77403783798,41.4432525635,-4.40126132965,35.7104492188,-50.7591094971],[-179.407485962,-31.7140693665,108.75692749,409.830963135,85.3830032349,53.1350326538,-19.0041809082,34.57447052,15.4803285599,-22.8456783295,35.5187492371,9.65105247498,6.85748815536],[-312.215148926,54.1101531982,232.965011597,85.3830032349,313.976867676,85.5266723633,75.6414642334,19.778711319,19.7440280914,10.1556806564,1.30128157139,17.909992218,-1.93586659431],[-156.812927246,-49.5676689148,67.2663803101,53.1350326538,85.5266723633,247.164031982,80.2429962158,-20.2893257141,-32.4585723877,-2.96066212654,18.668794632,-12.9330968857,-3.61417341232],[-128.866348267,68.6191635132,57.5461463928,-19.0041809082,75.6414642334,80.2429962158,163.333908081,32.8322715759,9.56179618835,-7.76113891602,8.64216518402,-5.2623758316,-1.70413100719],[79.7786941528,-1.82785522938,47.7842712402,34.57447052,19.778711319,-20.2893257141,32.8322715759,114.520645142,45.2109718323,10.4909038544,-11.607837677,6.85987329483,2.61140656471],[-15.8359241486,67.3018951416,6.77403783798,15.4803285599,19.7440280914,-32.4585723877,9.56179618835,45.2109718323,110.091262817,24.4747505188,-9.50385665894,-11.826628685,3.40644145012],[-8.95941734314,-35.2520599365,41.4432525635,-22.8456783295,10.1556806564,-2.96066212654,-7.76113891602,10.4909038544,24.4747505188,82.1905136108,13.6558494568,3.76661753654,-8.31239700317],[-185.524459839,60.6062812805,-4.40126132965,35.5187492371,1.30128157139,18.668794632,8.64216518402,-11.607837677,-9.50385665894,13.6558494568,86.6251373291,19.97722435,8.44245147705],[92.1106796265,-66.89818573,35.7104492188,9.65105247498,17.909992218,-12.9330968857,-5.2623758316,6.85987329483,-11.826628685,3.76661753654,19.97722435,80.2284088135,16.5336589813],[-39.0110321045,84.3144607544,-50.7591094971,6.85748815536,-1.93586659431,-3.61417341232,-1.70413100719,2.61140656471,3.40644145012,-8.31239700317,8.44245147705,16.5336589813,67.720489502]],"icov":[[0.000121732213302,-0.0000136655353344,0.0000224441955652,0.0000094472670753,0.000123336765682,-0.0000329599424731,0.0000462987409264,-0.0000997943716357,0.0000286965751002,-0.000035068813304,0.000315903656883,-0.000283955858322,0.000133981258841],[-0.0000136655353344,0.00149514630903,0.000535255356226,0.00021116953576,-0.000886321591679,0.000726553436834,-0.000574223231524,0.000145897443872,-0.000665515137371,0.000715014524758,-0.00166212779004,0.00188110931776,-0.00162702146918],[0.0000224441955652,0.000535255356226,0.00210126908496,-0.000247023504926,-0.00148690468632,0.00021869513148,-0.000336898112437,-0.000461488962173,0.000213211635128,-0.000625880318694,-0.0000902128449525,-0.00020227956702,0.000898080703337],[0.0000094472670753,0.00021116953576,-0.000247023504926,0.00340139959008,-0.000915874552447,-0.000928891240619,0.00189350382425,-0.00161427434068,-0.000811010657344,0.00218631606549,-0.002265463816,0.000587692658883,-0.000304814428091],[0.000123336765682,-0.000886321591679,-0.00148690468632,-0.000915874552447,0.00567744905129,-0.00133389281109,-0.00141735223588,0.000696679169778,-0.000692255736794,-0.000847335439175,0.00219991826452,-0.00244321860373,0.00043443928007],[-0.0000329599424731,0.000726553436834,0.00021869513148,-0.000928891240619,-0.00133389281109,0.00644361088052,-0.00342426379211,0.00171538500581,0.00177394424099,-0.00077675114153,-0.00111666985322,0.00243682577275,-0.00115245359484],[0.0000462987409264,-0.000574223231524,-0.000336898112437,0.00189350382425,-0.00141735223588,-0.00342426379211,0.0101261734962,-0.00391994882375,-0.000631724833511,0.00252177356742,-0.00166772725061,0.000153337343363,0.000991838169284],[-0.0000997943716357,0.000145897443872,-0.000461488962173,-0.00161427434068,0.000696679169778,0.00171538500581,-0.00391994882375,0.0128525933251,-0.00404416490346,-0.00137867697049,0.00225875270553,-0.001532876282,-0.000777513254434],[0.0000286965751002,-0.000665515137371,0.000213211635128,-0.000811010657344,-0.000692255736794,0.00177394424099,-0.000631724833511,-0.00404416490346,0.0133328400552,-0.00443063024431,0.00177614472341,0.00202003656887,-0.000627117522527],[-0.000035068813304,0.000715014524758,-0.000625880318694,0.00218631606549,-0.000847335439175,-0.00077675114153,0.00252177356742,-0.00137867697049,-0.00443063024431,0.0161269120872,-0.00503930496052,0.00061064719921,0.00113153352868],[0.000315903656883,-0.00166212779004,-0.0000902128449525,-0.002265463816,0.00219991826452,-0.00111666985322,-0.00166772725061,0.00225875270553,0.00177614472341,-0.00503930496052,0.0173622108996,-0.00643782410771,0.000986789818853],[-0.000283955858322,0.00188110931776,-0.00020227956702,0.000587692658883,-0.00244321860373,0.00243682577275,0.000153337343363,-0.001532876282,0.00202003656887,0.00061064719921,-0.00643782410771,0.018642405048,-0.00636911345646],[0.000133981258841,-0.00162702146918,0.000898080703337,-0.000304814428091,0.00043443928007,-0.00115245359484,0.000991838169284,-0.000777513254434,-0.000627117522527,0.00113153352868,0.000986789818853,-0.00636911345646,0.0191817358136]],"mean":[-22.7712974548,102.193878174,-99.8029251099,16.5276985168,-61.3036117554,7.81726408005,-32.1394309998,6.57901573181,-23.6842021942,-6.13703250885,-21.9162826538,-3.92562675476,-14.2128829956]},"hfc":{"dmean":5.10322284698,"dmean2":7.0886592865,"dvar":43.645942688,"dvar2":82.1033401489,"max":189.200958252,"mean":15.7166528702,"median":11.6464710236,"min":1.13175526389e-16,"var":204.674118042},"melbands":{"dmean":[0.000865919340868,0.00117579940706,0.00073815009091,0.000430535554187,0.000583768473007,0.000245928938966,0.000220123620238,0.00032506918069,0.000264754286036,0.000316601304803,0.000199707123102,0.0000881055166246,0.0000515009596711,0.0000345254338754,0.000023906435672,0.000017740567273,0.0000144069317685,0.0000134307438202,0.0000100393372122,0.00000763454136177,0.00000707147637513,0.00000599307168159,0.00000503662749907,0.00000360373996955,0.00000304250352201,0.00000202713181352,0.00000136077994739,0.0000011947213352,0.00000126834095227,9.48900719777e-7,9.96141125142e-7,9.17736485917e-7,9.38583468724e-7,0.00000117765432606,0.00000104355308395,5.27092936409e-7,4.36427114892e-7,3.72952086991e-7,3.01383153101e-7,2.36075280213e-7],"dmean2":[0.00149708800018,0.00191241805442,0.00121762021445,0.000703232537489,0.000947618391365,0.000400130782509,0.000354104471626,0.000510624318849,0.000414592388552,0.000506659853272,0.000310052651912,0.000131327207782,0.0000732883636374,0.0000517822154507,0.0000365476662409,0.0000275947804766,0.0000221201771637,0.0000207173616218,0.000015715831978,0.0000119898277262,0.0000108920203274,0.00000902880674403,0.0000076609194366,0.00000559497675567,0.00000470046234113,0.00000307510049424,0.0000020725444756,0.00000178953735031,0.00000188867272755,0.0000013567133692,0.00000145082572089,0.00000131344802412,0.00000132049126478,0.00000171309454799,0.00000154261954322,7.39793620141e-7,6.18414446762e-7,5.26265637291e-7,4.25572153517e-7,3.33945308739e-7],"dvar":[0.00000592464402871,0.0000058928362705,0.00000130779687879,3.85450363183e-7,0.00000147551600094,4.16762503619e-7,1.9783379912e-7,4.79275058751e-7,4.02263736987e-7,5.42918598967e-7,2.19821515657e-7,6.46305196028e-8,1.3786616293e-8,8.15342193761e-9,4.57807969312e-9,2.24380936054e-9,1.82661241688e-9,1.51781165414e-9,1.12714304557e-9,4.60365939814e-10,3.51456530545e-10,3.39070743705e-10,1.75829240057e-10,8.05931085757e-11,8.27241330992e-11,4.64302728209e-11,1.83402026205e-11,1.59383790888e-11,1.70291853535e-11,4.26117604743e-12,7.87300259708e-12,9.08515103426e-12,2.16050875107e-11,1.79065911404e-11,1.69836453928e-11,3.05314736167e-12,1.51007342481e-12,1.26857508873e-12,1.05560948437e-12,5.81992949927e-13],"dvar2":[0.0000155999859999,0.0000146694110299,0.00000340640895047,9.96172047962e-7,0.00000380618234885,0.00000106520940335,4.85727639443e-7,0.00000118805667171,9.678266224e-7,0.00000139186306569,5.20229548329e-7,1.37866294381e-7,2.69987801005e-8,1.86302884231e-8,1.0517295479e-8,5.2868598388e-9,4.16098755451e-9,3.28671156957e-9,2.42541320361e-9,1.06935871269e-9,8.23689394469e-10,7.78992814698e-10,3.85436627059e-10,1.86249099476e-10,1.84712356521e-10,9.93933615967e-11,4.43553076213e-11,3.9101454713e-11,4.06336700398e-11,8.23527444155e-12,1.71715298231e-11,2.025739472e-11,4.00826004332e-11,3.97480624803e-11,3.83750392574e-11,6.72884664654e-12,3.15916411954e-12,2.95703197171e-12,2.30725096147e-12,1.41260527581e-12],"max":[0.0167440026999,0.0207192245871,0.012098508887,0.00777039444074,0.0291751530021,0.0113546801731,0.00848631933331,0.0107367718592,0.0121458573267,0.0129013555124,0.00837229657918,0.00569334765896,0.00246915849857,0.00200753193349,0.00154448871035,0.00103749963455,0.000954692135565,0.00125130056404,0.00127541448455,0.000614029937424,0.000732438347768,0.000795233703684,0.000510587880854,0.000216860513319,0.000344278145349,0.00033965264447,0.000150712046889,0.000138947405503,0.000140489457408,0.0000594474076934,0.00010507117986,0.000176393907168,0.000324742053635,0.000163553966559,0.0000930278911255,0.0000599287777732,0.0000391355024476,0.0000344574182236,0.0000430451036664,0.000037328882172],"mean":[0.000767261662986,0.00170401041396,0.00122320721857,0.000702942721546,0.000879588769749,0.00036086331238,0.000348475121427,0.00051670265384,0.000417032220867,0.0004920893698,0.00034563135705,0.000162234297022,0.000110963308543,0.0000615129974904,0.0000406586623285,0.0000303423275909,0.0000218225650315,0.000021036610633,0.0000156115838763,0.0000119682299555,0.0000127218436319,0.0000104729952,0.00000897706377145,0.00000627658710073,0.00000511398502567,0.0000035157295315,0.00000230289856518,0.00000195123902813,0.00000207840503208,0.00000165707592714,0.00000157314332228,0.00000143983766066,0.00000143485738135,0.00000163568358857,0.00000136232824843,7.50855065235e-7,6.49741707548e-7,5.50028687485e-7,4.23577091624e-7,3.32141439685e-7],"median":[0.00020938765374,0.000905363762286,0.000864490284584,0.000411148415878,0.000231110287132,0.0000917829966056,0.000137623632327,0.000103466583823,0.0000734381392249,0.0000670186927891,0.0000649138382869,0.0000436646478192,0.0000249999757216,0.0000167823127413,0.0000100029074019,0.00000812129746919,0.00000640122379991,0.00000638502615402,0.00000368242285731,0.00000373669786313,0.00000387809132008,0.00000288839873974,0.00000256048610936,0.00000242995565713,0.00000215007275983,0.00000140868439757,9.85973088063e-7,8.2381836819e-7,8.46378554797e-7,6.67985773362e-7,5.99255599809e-7,5.03597846091e-7,4.04407330734e-7,3.54647653467e-7,2.61831530679e-7,1.85781203754e-7,1.83220137728e-7,1.50296131096e-7,9.11148418936e-8,8.35675280086e-8],"min":[4.78518489157e-24,1.70102668638e-24,7.75477288318e-25,2.15790356547e-24,1.29202331045e-24,5.43859404063e-24,4.51832350252e-24,2.21965027232e-24,3.56151371615e-24,2.42722008686e-24,3.80976587644e-24,4.90193985542e-24,3.78677058105e-24,3.20594610161e-24,3.48498868632e-24,5.96659363285e-24,2.97692084816e-24,5.74126774262e-24,4.45391971493e-24,2.30253963472e-24,4.03157896906e-24,4.93119436766e-24,6.25845954601e-24,3.3741221747e-24,6.1046395581e-24,6.5253138353e-24,6.4493331195e-24,6.79957710622e-24,3.50851054636e-24,6.37829658941e-24,8.18715898382e-24,6.51084928175e-24,6.81888526574e-24,6.90162099748e-24,6.29896558134e-24,5.6060380508e-24,7.69547302565e-24,7.33358939626e-24,7.15509305038e-24,8.65065815298e-24],"var":[0.00000435806987298,0.00000603259468335,0.00000169524503235,6.93370395766e-7,0.00000269794941232,7.29662531285e-7,3.94915758761e-7,9.61532236943e-7,8.20226659926e-7,9.72142061073e-7,5.6473601262e-7,1.79593726557e-7,5.28295984736e-8,2.0041703408e-8,1.05292015107e-8,5.99427929515e-9,3.19687942785e-9,2.87847568003e-9,2.74244915666e-9,8.65168547914e-10,9.25006404806e-10,7.65744689879e-10,3.99773741888e-10,1.73716943608e-10,1.36910580095e-10,7.93372034735e-11,2.591718333e-11,2.10140620183e-11,2.33773122388e-11,1.0630136528e-11,1.30807179324e-11,1.40548909316e-11,3.46923809125e-11,2.8838034391e-11,2.30284732256e-11,4.89417230701e-12,2.6590936484e-12,2.00883493867e-12,1.51123482218e-12,7.47432009948e-13]},"melbands_crest":{"dmean":3.4018945694,"dmean2":5.5816450119,"dvar":8.98374843597,"dvar2":22.978471756,"max":33.52110672,"mean":14.3821048737,"median":13.5962657928,"min":1.62845385075,"var":26.9099063873},"melbands_flatness_db":{"dmean":0.0278839543462,"dmean2":0.0406177118421,"dvar":0.000692711269949,"dvar2":0.00146267865784,"max":0.459807693958,"mean":0.231454059482,"median":0.231618314981,"min":0.00334070599638,"var":0.00358319701627},"melbands_kurtosis":{"dmean":8.27970314026,"dmean2":13.0387792587,"dvar":225.067092896,"dvar2":543.303588867,"max":270.128479004,"mean":15.1526012421,"median":8.41377925873,"min":-1.79493510723,"var":424.090637207},"melbands_skewness":{"dmean":0.804348886013,"dmean2":1.2120629549,"dvar":0.7494571805,"dvar2":1.6482783556,"max":13.9564876556,"mean":2.526709795,"median":2.21118664742,"min":-1.83518207073,"var":3.20754027367},"melbands_spread":{"dmean":4.79805612564,"dmean2":7.32886838913,"dvar":70.2813186646,"dvar2":144.247589111,"max":197.049468994,"mean":15.1972122192,"median":12.6505527496,"min":0.80590236187,"var":208.513656616},"mfcc":{"cov":[[6254.21679688,-85.9165802002,-93.3702011108,-115.723381042,-260.185089111,-188.189956665,-230.189483643,24.768239975,-11.77617836,-22.5998573303,-0.863254129887,-101.795387268,-1.66237950325],[-85.9165802002,1036.97387695,-185.233261108,-16.5344276428,-36.2439346313,-18.0997886658,10.7871637344,3.69300580025,44.3480682373,34.6248130798,12.1814498901,18.5959396362,-7.81655359268],[-93.3702011108,-185.233261108,434.821258545,95.3000564575,122.340438843,54.0555114746,72.4596405029,29.9448451996,11.6397228241,22.6656761169,9.78461551666,24.8396816254,17.9337997437],[-115.723381042,-16.5344276428,95.3000564575,310.347503662,126.238861084,-23.5657939911,-6.72119569778,45.8405990601,30.5944213867,2.06854248047,6.00045537949,31.5848903656,22.2651958466],[-260.185089111,-36.2439346313,122.340438843,126.238861084,237.603942871,80.4433822632,50.2884979248,33.2511940002,34.7937583923,17.504617691,-5.87785005569,19.6358547211,20.586977005],[-188.189956665,-18.0997886658,54.0555114746,-23.5657939911,80.4433822632,201.579864502,110.614173889,35.0142936707,1.77924621105,26.4037361145,-7.44891119003,-12.144569397,7.90527200699],[-230.189483643,10.7871637344,72.4596405029,-6.72119569778,50.2884979248,110.614173889,192.352706909,58.6657066345,4.48093605042,8.41191673279,-1.76292788982,6.81288480759,1.52845394611],[24.768239975,3.69300580025,29.9448451996,45.8405990601,33.2511940002,35.0142936707,58.6657066345,114.967048645,37.8291130066,8.02589988708,-2.77036571503,3.80252575874,12.8295164108],[-11.77617836,44.3480682373,11.6397228241,30.5944213867,34.7937583923,1.77924621105,4.48093605042,37.8291130066,108.925308228,41.02759552,14.7368364334,-1.87598073483,3.04914474487],[-22.5998573303,34.6248130798,22.6656761169,2.06854248047,17.504617691,26.4037361145,8.41191673279,8.02589988708,41.02759552,99.6315536499,25.2837181091,-5.0066151619,-11.9174213409],[-0.863254129887,12.1814498901,9.78461551666,6.00045537949,-5.87785005569,-7.44891119003,-1.76292788982,-2.77036571503,14.7368364334,25.2837181091,85.3263702393,22.8987674713,-9.46904277802],[-101.795387268,18.5959396362,24.8396816254,31.5848903656,19.6358547211,-12.144569397,6.81288480759,3.80252575874,-1.87598073483,-5.0066151619,22.8987674713,83.1657791138,21.9234485626],[-1.66237950325,-7.81655359268,17.9337997437,22.2651958466,20.586977005,7.90527200699,1.52845394611,12.8295164108,3.04914474487,-11.9174213409,-9.46904277802,21.9234485626,80.4629898071]],"icov":[[0.000180895920494,0.00000556676468477,-0.0000481505048811,0.0000490365709993,0.000141353782965,0.0000610317038081,0.000227392898523,-0.000238325199462,0.0000480422968394,0.0000063874508669,-0.000063248204242,0.000222662449232,-0.0000760266702855],[0.00000556676468477,0.00110946153291,0.000558517931495,-0.0000759779213695,0.0000671757006785,0.000124222773593,-0.000361134792911,0.000154257941176,-0.000421779113822,-0.000407032959629,0.000109602544399,-0.00042995766853,0.0000430504260294],[-0.0000481505048811,0.000558517931495,0.00317948567681,-0.000500308698975,-0.00110954395495,0.000209496123716,-0.00116138788871,0.00024455197854,0.000206947152037,-0.000796909618657,-0.00018543904298,-0.000483656360302,-0.00028649327578],[0.0000490365709993,-0.0000759779213695,-0.000500308698975,0.00506697082892,-0.00285200844519,0.00178189086728,0.000785911863204,-0.0020573833026,0.000239311237237,0.0000961590994848,-0.00033677299507,-0.000547847070266,-0.00031439398299],[0.000141353782965,0.0000671757006785,-0.00110954395495,-0.00285200844519,0.00785581488162,-0.00328821782023,0.000168935279362,0.000797092565335,-0.00208313181065,0.000210610480281,0.00117465876974,-0.00111252395436,-0.00021977617871],[0.0000610317038081,0.000124222773593,0.000209496123716,0.00178189086728,-0.00328821782023,0.00947205070406,-0.00427245767787,-0.000871036143508,0.00179219909478,-0.00241402699612,-0.00000142427688843,0.00212136982009,-0.00139931519516],[0.000227392898523,-0.000361134792911,-0.00116138788871,0.000785911863204,0.000168935279362,-0.00427245767787,0.0095934746787,-0.00410768948495,0.000762466283049,0.000860074535012,-0.000124831436551,-0.00107727234717,0.00123757333495],[-0.000238325199462,0.000154257941176,0.00024455197854,-0.0020573833026,0.000797092565335,-0.000871036143508,-0.00410768948495,0.0132489409298,-0.00458791851997,0.000757714617066,0.000906479661353,-0.000198673194973,-0.00118107523303],[0.0000480422968394,-0.000421779113822,0.000206947152037,0.000239311237237,-0.00208313181065,0.00179219909478,0.000762466283049,-0.00458791851997,0.0135848699138,-0.004942570813,-0.00150642986409,0.00157019170001,-0.000930329668336],[0.0000063874508669,-0.000407032959629,-0.000796909618657,0.0000961590994848,0.000210610480281,-0.00241402699612,0.000860074535012,0.000757714617066,-0.004942570813,0.0139780007303,-0.00337100052275,0.000990131055005,0.00174883811269],[-0.000063248204242,0.000109602544399,-0.00018543904298,-0.00033677299507,0.00117465876974,-0.00000142427688843,-0.000124831436551,0.000906479661353,-0.00150642986409,-0.00337100052275,0.0147677697241,-0.005164204631,0.00240407069214],[0.000222662449232,-0.00042995766853,-0.000483656360302,-0.000547847070266,-0.00111252395436,0.00212136982009,-0.00107727234717,-0.000198673194973,0.00157019170001,0.000990131055005,-0.005164204631,0.0161358658224,-0.00456646969542],[-0.0000760266702855,0.0000430504260294,-0.00028649327578,-0.00031439398299,-0.00021977617871,-0.00139931519516,0.00123757333495,-0.00118107523303,-0.000930329668336,0.00174883811269,0.00240407069214,-0.00456646969542,0.0147614572197]],"mean":[-671.926818848,139.711898804,11.5012588501,16.068901062,-4.59526968002,0.838449537754,-2.47725129128,7.02343606949,1.13245773315,-0.619651436806,-2.6159954071,-3.25043416023,-6.29194402695]},"pitch_salience":{"dmean":0.0770601481199,"dmean2":0.126136675477,"dvar":0.00484877219424,"dvar2":0.0130038131028,"max":0.871580004692,"mean":0.538910269737,"median":0.542235672474,"min":0.122366979718,"var":0.0113965626806},"silence_rate_20dB":{"dmean":0,"dmean2":0,"dvar":0,"dvar2":0,"max":1,"mean":1,"median":1,"min":1,"var":0},"silence_rate_30dB":{"dmean":0.00185299571604,"dmean2":0.00370656372979,"dvar":0.00184968695976,"dvar2":0.00554624013603,"max":1,"mean":0.999073624611,"median":1,"min":0,"var":0.000925544009078},"silence_rate_60dB":{"dmean":0.0352069176733,"dmean2":0.0704247131944,"dvar":0.0339647307992,"dvar2":0.0738126635551,"max":1,"mean":0.0930986553431,"median":0,"min":0,"var":0.0844311192632},"spectral_centroid":{"dmean":170.841369629,"dmean2":260.476867676,"dvar":65743.375,"dvar2":131650.09375,"max":11521.8671875,"mean":868.646179199,"median":760.864562988,"min":190.583496094,"var":424308.90625},"spectral_complexity":{"dmean":2.80049419403,"dmean2":4.07938241959,"dvar":9.73780727386,"dvar2":18.2827548981,"max":46,"mean":13.6422729492,"median":13,"min":0,"var":48.5995635986},"spectral_contrast_coeffs":{"dmean":[0.0536537468433,0.0500319488347,0.0400848165154,0.0292999520898,0.0184651259333,0.0178263187408],"dmean2":[0.087491184473,0.0822570472956,0.0638493299484,0.0473708286881,0.0300406366587,0.0268610492349],"dvar":[0.00192872481421,0.00172455701977,0.00114339438733,0.000569470867049,0.000223590730457,0.000244639522862],"dvar2":[0.00490449555218,0.00441944412887,0.0027897101827,0.00140779500362,0.000563672161661,0.000526394054759],"max":[-0.32512152195,-0.35215395689,-0.441079467535,-0.49564525485,-0.615476489067,-0.61700129509],"mean":[-0.60285204649,-0.719430506229,-0.732623398304,-0.785086750984,-0.808872997761,-0.777332007885],"median":[-0.606502532959,-0.729094803333,-0.742364525795,-0.789443790913,-0.812571287155,-0.777923226357],"min":[-0.980881392956,-0.969492435455,-0.976811945438,-0.966428279877,-0.966634631157,-0.963352441788],"var":[0.00588307203725,0.00719000166282,0.00608145259321,0.00251218420453,0.00119697954506,0.00127792696003]},"spectral_contrast_valleys":{"dmean":[0.474467843771,0.390328347683,0.348852217197,0.317262619734,0.269445419312,0.389326184988],"dmean2":[0.742794692516,0.612335085869,0.522760570049,0.466208815575,0.355004787445,0.415884613991],"dvar":[0.21281477809,0.14457385242,0.126960963011,0.121218979359,0.10370220989,0.148452430964],"dvar2":[0.421689629555,0.303958237171,0.240893080831,0.20308612287,0.143794447184,0.196849435568],"max":[-5.0669708252,-4.5525841713,-5.26525735855,-5.72457885742,-5.4372086525,-7.87520599365],"mean":[-7.44863367081,-6.780377388,-7.39385700226,-8.1672410965,-8.06075572968,-10.5250873566],"median":[-7.2433681488,-6.66705799103,-7.35621833801,-8.09136295319,-7.93669605255,-10.4390649796],"min":[-27.8630657196,-27.7004261017,-27.8005657196,-27.5748653412,-27.433889389,-27.4134616852],"var":[1.78520333767,1.79206526279,1.68126118183,1.54737198353,1.5761333704,1.63332664967]},"spectral_decrease":{"dmean":2.82515122407e-9,"dmean2":4.30259294859e-9,"dvar":1.36672058218e-17,"dvar2":3.09293981428e-17,"max":1.46864724952e-28,"mean":-7.06949299101e-9,"median":-5.49207834766e-9,"min":-3.4951238348e-8,"var":3.45086318144e-17},"spectral_energy":{"dmean":0.0110393967479,"dmean2":0.0167584381998,"dvar":0.000204559328267,"dvar2":0.000460393173853,"max":0.136378645897,"mean":0.0281073916703,"median":0.021810149774,"min":1.03505707816e-20,"var":0.000538202701136},"spectral_energyband_high":{"dmean":0.000214551691897,"dmean2":0.000278862338746,"dvar":2.59827430682e-7,"dvar2":4.62119146505e-7,"max":0.0239287912846,"mean":0.000373867049348,"median":0.000150312262122,"min":7.20269860982e-21,"var":6.00331816258e-7},"spectral_energyband_low":{"dmean":0.00554584339261,"dmean2":0.00890570878983,"dvar":0.000133907989948,"dvar2":0.000324160093442,"max":0.0920251086354,"mean":0.00810555648059,"median":0.00537284463644,"min":3.42243706524e-23,"var":0.000134389105369},"spectral_energyband_middle_high":{"dmean":0.00145971903112,"dmean2":0.00201773131266,"dvar":0.00000698737903804,"dvar2":0.0000133898120112,"max":0.0504188723862,"mean":0.00393584743142,"median":0.00178712140769,"min":1.36300805892e-21,"var":0.0000325715336658},"spectral_energyband_middle_low":{"dmean":0.00708587560803,"dmean2":0.0110666779801,"dvar":0.0000814384839032,"dvar2":0.000192420542589,"max":0.114562094212,"mean":0.0173270944506,"median":0.0117770368233,"min":1.68413725329e-22,"var":0.000270515156444},"spectral_entropy":{"dmean":0.193036854267,"dmean2":0.26605629921,"dvar":0.0335178151727,"dvar2":0.0579591058195,"max":9.82182598114,"mean":7.33299732208,"median":7.33263015747,"min":5.47398328781,"var":0.224834799767},"spectral_flux":{"dmean":0.0295671224594,"dmean2":0.0458052791655,"dvar":0.00108045944944,"dvar2":0.00237833778374,"max":0.325771212578,"mean":0.0851069167256,"median":0.0770396217704,"min":6.67413485589e-11,"var":0.00301722274162},"spectral_kurtosis":{"dmean":1.88429605961,"dmean2":2.97352838516,"dvar":5.07257509232,"dvar2":12.9997777939,"max":43.7336235046,"mean":6.11850786209,"median":5.42864227295,"min":-1.2339785099,"var":15.2390165329},"spectral_rms":{"dmean":0.000974260503426,"dmean2":0.00141773151699,"dvar":0.00000119297499168,"dvar2":0.00000243756153395,"max":0.0115348314866,"mean":0.00472896033898,"median":0.0046128295362,"min":3.17775363315e-12,"var":0.00000505883326696},"spectral_rolloff":{"dmean":298.309753418,"dmean2":497.14755249,"dvar":568347.25,"dvar2":1232650.25,"max":19595.2148438,"mean":946.723144531,"median":732.12890625,"min":86.1328125,"var":1774684.5},"spectral_skewness":{"dmean":0.237439781427,"dmean2":0.353938043118,"dvar":0.0537213236094,"dvar2":0.115905225277,"max":5.17003774643,"mean":1.9279987812,"median":1.89930427074,"min":-0.0473740436137,"var":0.304441154003},"spectral_spread":{"dmean":687752.5625,"dmean2":892287.4375,"dvar":579846275072,"dvar2":992554844160,"max":41843544,"mean":4704484.5,"median":4244281,"min":1726617,"var":5491648364540},"spectral_strongpeak":{"dmean":0.563189029694,"dmean2":0.948987483978,"dvar":0.626964151859,"dvar2":1.61701238155,"max":8.77597332001,"mean":1.0431060791,"median":0.529009580612,"min":0,"var":1.44191205502},"zerocrossingrate":{"dmean":0.00931866187602,"dmean2":0.0108172204345,"dvar":0.000170272251125,"dvar2":0.000238317821641,"max":0.521484375,"mean":0.0469105839729,"median":0.0390625,"min":0.00537109375,"var":0.00130794744473}},"metadata":{"audio_properties":{"analysis_sample_rate":44100,"bit_rate":193875,"codec":"mp3","downmix":"mix","equal_loudness":0,"length":150.360809326,"lossless":false,"md5_encoded":"3ab6e299420e6f92459cb5ba582c2f9e","replay_gain":-6.2683429718,"sample_rate":44100},"tags":{"acoustid_id":["8aa95228-15b0-4f21-9c78-624b11781fea"],"album":["Sandinista!"],"albumartist":["The Clash"],"albumartistsort":["Clash, The"],"artist":["The Clash"],"artistsort":["Clash, The"],"asin":["B00002MVQR"],"barcode":["5099749534827"],"catalognumber":["495348 2"],"date":["1999"],"discnumber":["2/2"],"file_name":"17 - Career Opportunities.mp3","isrc":["GBBBN8002064"],"label":["Columbia"],"language":["eng"],"media":["CD"],"musicbrainz album release country":["GB"],"musicbrainz album status":["official"],"musicbrainz album type":["album"],"musicbrainz_albumartistid":["8f92558c-2baa-4758-8c38-615519e9deda"],"musicbrainz_albumid":["450f9c81-55c5-4d47-8844-8ebd13bf7538"],"musicbrainz_artistid":["8f92558c-2baa-4758-8c38-615519e9deda"],"musicbrainz_recordingid":["eb0ea6f1-f665-483e-ade4-28375ab77835"],"musicbrainz_releasegroupid":["ff729e76-b7c5-3877-bf7d-bbad4fde43cb"],"musicbrainz_workid":["bd032842-8b9c-3c57-acc9-77e847565cca"],"originaldate":["1980"],"script":["Latn"],"title":["Career Opportunities"],"tracknumber":["17/18"],"work":["Career Opportunities"],"writer":["Mick Jones","Joe Strummer"]},"version":{"essentia":"2.1-beta2","essentia_build_sha":"70f2e5ece6736b2c40cc944ad0e695b16b925413","essentia_git_sha":"v2.1_beta2","extractor":"music 1.0"}},"rhythm":{"beats_count":353,"beats_loudness":{"dmean":0.0185438357294,"dmean2":0.0322639197111,"dvar":0.000223302733502,"dvar2":0.000577499798965,"max":0.118729993701,"mean":0.0438978895545,"median":0.0439877025783,"min":0.00000178622394742,"var":0.000483245617943},"beats_loudness_band_ratio":{"dmean":[0.228936865926,0.130793601274,0.172481641173,0.101450607