{"lowlevel":{"average_loudness":0.901225209236,"barkbands":{"dmean":[0.000178499671165,0.00372496852651,0.00165929982904,0.000920593505725,0.00353349745274,0.00111521221697,0.000410840846598,0.000326934270561,0.000413401488913,0.000422455661464,0.000251178018516,0.000280288018985,0.000300983869238,0.000266305258265,0.000230377583648,0.000225720315939,0.000263484515017,0.000154959619977,0.000208520170418,0.000204989235499,0.000128426065203,0.0000728836675989,0.0000706739301677,0.0000447537204309,0.0000203728359338,0.0000180843799171,0.00000958993678069],"dmean2":[0.000289455114398,0.00561278639361,0.0028552103322,0.00154485425446,0.00574222672731,0.0017093566712,0.000703348719981,0.000567901239265,0.000642441213131,0.000663471058942,0.000350075773895,0.00043127805111,0.000474239612231,0.00041084701661,0.000358128250809,0.000358239602065,0.000412137393141,0.000241740854108,0.000333200208843,0.000326655223034,0.000198347494006,0.000111855246359,0.000102061734651,0.0000643946259515,0.0000291570577247,0.0000265851522272,0.0000150150681293],"dvar":[2.10957438185e-7,0.0000647821216262,0.0000205267460842,0.00000338630661645,0.000188781108591,0.0000054404436014,0.00000207752486858,0.00000135852269523,0.00000139378585118,0.00000162304445439,5.38141023299e-7,7.76847912221e-7,7.44204271541e-7,5.73503427859e-7,2.37332770325e-7,1.7304795108e-7,3.51448704805e-7,9.97614080234e-8,1.58378611559e-7,1.50050738057e-7,1.06015477286e-7,5.00017200977e-8,9.41374267427e-8,3.62310075275e-8,3.10243097879e-9,2.11727546606e-9,6.47986497793e-10],"dvar2":[5.23178641743e-7,0.000140729986015,0.0000552688397875,0.00000865872425493,0.000494810694363,0.0000122963811009,0.00000602053705734,0.00000389741990148,0.00000334091646437,0.00000405721038987,0.00000102645151401,0.00000176659284534,0.00000176701689725,0.00000131228932787,5.12851954682e-7,4.17458807078e-7,7.56734607421e-7,2.30234732612e-7,4.07954303228e-7,3.77406138341e-7,2.54320042359e-7,1.20436453699e-7,1.92289618894e-7,7.27785618437e-8,6.379518247e-9,4.81708850586e-9,1.51897960876e-9],"max":[0.00548747554421,0.0930881872773,0.0616151094437,0.0373835414648,0.261764675379,0.0432262122631,0.0224519111216,0.0175418965518,0.0250979531556,0.0260920803994,0.0231222063303,0.0386522747576,0.013935293071,0.0276890471578,0.0128669859841,0.00856596045196,0.0161185394973,0.00373879750259,0.00491154799238,0.00767318671569,0.00638072146103,0.00796420127153,0.00731409573928,0.00710713351145,0.00124109815806,0.000665309373289,0.000269255513558],"mean":[0.000286908034468,0.00458969408646,0.00179016962647,0.00127383705694,0.0046779201366,0.00211849552579,0.000557512510568,0.000407056650147,0.000598958460614,0.00067351461621,0.000423350633355,0.000460074748844,0.000419398624217,0.000422177719884,0.000395693990868,0.000374933384592,0.000473780790344,0.000265098206,0.000364546693163,0.000377282529371,0.0002108947956,0.000116937793791,0.000093531292805,0.0000576005368202,0.0000240556146309,0.0000179675753316,0.00000798275686975],"median":[0.000100009739981,0.000939931778703,0.000628636917099,0.000465477292892,0.00179358164314,0.000866802292876,0.000244759983616,0.000126717830426,0.0001938057394,0.000134952133521,0.000113906848128,0.000073403789429,0.0000975549628492,0.000105559578515,0.000125619742903,0.000156117093866,0.000180313436431,0.000120495984447,0.000164428944117,0.000165355377248,0.0000793587387307,0.0000414964379161,0.00000993286812445,0.00000793800973042,0.0000024700832455,9.86725126495e-7,5.98039520128e-8],"min":[1.22480279639e-23,6.21362510978e-23,7.20025691492e-24,7.8385976374e-24,5.2496314038e-23,5.22725741526e-23,8.59944845846e-23,1.93909725563e-23,9.27603678638e-23,4.49049319976e-23,1.08948115494e-22,3.08405076233e-23,1.28301637668e-22,1.43844330581e-22,2.08319497464e-22,2.07485034088e-22,2.08788459495e-22,1.27529412261e-22,3.02207210671e-22,3.48290117104e-22,5.49122819707e-22,6.15290907336e-22,7.61468322443e-22,1.16458225298e-21,1.36354332313e-21,1.42166800826e-21,2.42853240431e-21],"var":[2.53107629078e-7,0.0000828418633319,0.0000158055609063,0.00000501580825585,0.000157976610353,0.0000153101736942,0.0000016498114519,0.0000012341748743,0.00000198407587959,0.00000314874932883,0.00000126155248381,0.00000200039607989,0.00000126600048134,0.00000132430227495,7.07015999524e-7,3.51437620338e-7,0.00000116820035601,1.72542470978e-7,2.8143759323e-7,2.87648759922e-7,1.53710274731e-7,7.15022068221e-8,1.52126645503e-7,5.04292998471e-8,4.49187664842e-9,2.43970132985e-9,6.1622601466e-10]},"barkbands_crest":{"dmean":2.73127436638,"dmean2":4.31219530106,"dvar":6.75707769394,"dvar2":16.3699378967,"max":25.1103954315,"mean":9.85142803192,"median":8.94538497925,"min":2.52049040794,"var":17.8172664642},"barkbands_flatness_db":{"dmean":0.0206961855292,"dmean2":0.0310937333852,"dvar":0.000475361128338,"dvar2":0.00111579988152,"max":0.399370282888,"mean":0.128474369645,"median":0.122290275991,"min":0.0247506015003,"var":0.00198542070575},"barkbands_kurtosis":{"dmean":2.67741823196,"dmean2":4.18279838562,"dvar":81.7749176025,"dvar2":215.392211914,"max":604.545166016,"mean":3.55937457085,"median":0.997585475445,"min":-1.88418018818,"var":131.473083496},"barkbands_skewness":{"dmean":0.520591259003,"dmean2":0.774763226509,"dvar":0.354128450155,"dvar2":0.784939885139,"max":19.8248920441,"mean":1.39129078388,"median":1.29108440876,"min":-4.38173007965,"var":1.59618759155},"barkbands_spread":{"dmean":5.81888103485,"dmean2":9.03904247284,"dvar":48.2581672668,"dvar2":110.439315796,"max":122.62297821,"mean":25.3735084534,"median":24.2180175781,"min":0.496643304825,"var":177.633178711},"dissonance":{"dmean":0.013190289028,"dmean2":0.0222783349454,"dvar":0.000224848990911,"dvar2":0.000602187064942,"max":0.500000119209,"mean":0.477102428675,"median":0.483474344015,"min":0.258055686951,"var":0.000464799493784},"dynamic_complexity":4.58081007004,"erbbands":{"dmean":[0.102050773799,0.886772990227,1.83762192726,2.45112013817,5.21671915054,17.3879241943,9.28664302826,9.7080373764,6.97137022018,5.6250243187,7.02310323715,10.3111114502,14.3270931244,9.74927330017,9.48763561249,12.3941316605,13.8306131363,13.8213396072,9.90180969238,13.0125713348,13.5218896866,12.0380792618,8.67813587189,8.05530548096,11.9563446045,9.96272659302,6.11828804016,4.11296606064,2.7110004425,2.37904238701,1.8970284462,1.33035385609,0.517237722874,0.268090873957,0.113901890814,0.0725787207484,0.0360366888344,0.010197237134,0.00192988186609,0.0000620545761194],"dmean2":[0.156960904598,1.35864698887,3.0442917347,4.08825683594,8.56850147247,28.7383499146,14.5380458832,15.1822366714,11.7927856445,9.72207736969,11.8568086624,16.0326538086,22.5942249298,13.6467695236,13.6336240768,19.2089424133,21.6677455902,21.4995079041,15.0004138947,19.9137897491,21.2773189545,18.7751541138,13.6035385132,12.7228527069,19.2665290833,15.9271593094,9.46490192413,6.42088985443,4.19226312637,3.56041646004,2.7297244072,1.90276098251,0.755788505077,0.393003255129,0.158040434122,0.104596398771,0.0539622828364,0.0157180577517,0.00302867032588,0.000092746289738],"dvar":[0.0491145700216,3.76000761986,23.4872684479,23.6145153046,161.633087158,6020.97021484,463.775939941,455.852386475,488.682800293,339.670959473,693.168945313,952.382202148,2130.36743164,805.85333252,691.647827148,1628.79675293,1587.18029785,1483.36206055,515.313903809,799.261169434,749.162841797,607.624633789,321.071228027,253.762878418,486.22769165,371.680664063,212.210159302,117.862220764,68.5496444702,67.7492599487,73.3212356567,44.5963249207,2.217856884,0.767891168594,0.0829861313105,0.0371733307838,0.00866580475122,0.000718921655789,0.0000261950845015,2.31340155921e-8],"dvar2":[0.115752674639,8.29330825806,61.5981826782,61.7698822021,416.951751709,15910.9697266,1123.89599609,1110.01855469,1439.59350586,981.21295166,1880.46923828,2244.64868164,5273.92919922,1591.89135742,1258.78405762,3742.17138672,3830.48828125,3314.09472656,1119.94567871,1688.98010254,1740.84130859,1422.58520508,763.133605957,626.983520508,1263.79516602,942.660095215,500.390472412,284.674499512,167.940917969,155.90675354,142.921188354,88.9494552612,4.58438777924,1.6497014761,0.162934631109,0.0834492668509,0.019824873656,0.00166245433502,0.0000619607890258,5.28515862186e-8],"max":[2.39619159698,21.7293224335,65.908164978,64.3342437744,176.174041748,1444.53283691,387.100067139,424.375701904,362.293457031,337.792144775,422.359283447,631.978881836,980.497375488,760.43170166,842.595458984,1896.2376709,715.316162109,1561.67724609,488.09576416,784.107055664,836.68560791,467.894622803,229.725128174,253.046981812,258.245513916,419.013763428,344.217315674,212.249099731,259.033813477,319.592163086,257.489715576,215.636535645,49.6097793579,16.6466064453,6.32491874695,3.39174866676,1.41757631302,0.335782617331,0.0545908138156,0.00194414041471],"mean":[0.128768861294,1.0274695158,2.07029604912,3.41908311844,8.02281570435,19.6840667725,15.9761734009,17.4286003113,10.4117336273,7.89821720123,8.88781547546,14.8240432739,23.700504303,16.6543998718,17.38697052,20.7593288422,20.3109283447,23.6287555695,16.2106285095,23.6200084686,26.3938541412,22.1409740448,15.3803939819,14.6172218323,20.9223594666,18.2474555969,10.8487110138,6.64293003082,4.39269828796,3.29076600075,2.55045580864,1.68905925751,0.669718444347,0.320421397686,0.134824872017,0.0758185386658,0.0353336334229,0.00878072343767,0.00162834080402,0.0000700747623341],"median":[0.0270610786974,0.201349407434,0.64043700695,1.51115906239,3.37750554085,5.97186946869,6.49359798431,7.49428892136,5.13143587112,3.52564239502,2.78626513481,4.92628097534,4.49217557907,3.90793275833,5.65672302246,4.24913454056,5.60256671906,5.84887695313,5.48552942276,8.79787540436,10.3921747208,10.0310211182,7.546875,7.08235216141,9.61326599121,8.16066932678,4.3279337883,2.66634225845,1.63476061821,0.737618625164,0.272472918034,0.172454819083,0.108712047338,0.037658918649,0.0124455979094,0.00446095364168,0.00161070050672,0.00018556942814,0.0000228979533858,0.0000196698892978],"min":[1.48423555802e-21,1.43784476107e-20,1.51352387074e-20,1.96747299765e-20,3.33857753109e-20,1.67944095354e-19,4.76381017889e-19,3.85347465032e-19,9.96736818297e-19,1.17334225722e-18,4.36996002094e-19,2.23738252266e-18,1.98281355325e-18,1.50900873768e-18,4.65563346293e-18,1.61066633983e-18,5.12176793608e-18,7.93139979677e-18,7.5769355335e-18,1.61143799594e-17,8.99176179682e-18,1.18762671514e-17,8.9395013529e-18,1.11017580916e-17,1.58295949094e-17,1.8367184851e-17,2.28203067156e-17,1.71813387248e-17,2.25331261505e-17,2.62918596694e-17,2.1695173992e-17,1.88351192692e-17,2.07312571155e-17,1.7394839004e-17,9.35766348642e-18,5.4971321583e-18,2.69788410263e-18,1.38876573133e-18,3.0472416113e-19,3.53622070624e-20],"var":[0.0610261633992,4.55287981033,19.9284362793,29.0373134613,208.418533325,4657.88134766,771.828796387,977.308288574,425.559417725,338.543945313,619.906982422,1314.79101563,4573.72460938,2037.99279785,1989.37414551,3938.45703125,2531.42382813,4077.07836914,1027.20849609,2480.81567383,2606.66918945,1302.10131836,519.522888184,469.168884277,855.414550781,699.529663086,357.316375732,155.629379272,92.9104232788,102.846740723,126.485610962,62.0234146118,3.34847640991,0.954605340958,0.140068992972,0.0460475832224,0.00966203026474,0.000710977590643,0.0000247597126872,2.47221390026e-8]},"erbbands_crest":{"dmean":2.27209663391,"dmean2":3.56061768532,"dvar":5.1567530632,"dvar2":11.9383602142,"max":30.2042446136,"mean":8.13041400909,"median":6.83853292465,"min":1.92091274261,"var":18.8324794769},"erbbands_flatness_db":{"dmean":0.0192976910621,"dmean2":0.0248585361987,"dvar":0.000440188567154,"dvar2":0.000723921635654,"max":0.410802185535,"mean":0.161955073476,"median":0.163493946195,"min":0.0261889379472,"var":0.00232215598226},"erbbands_kurtosis":{"dmean":0.799913585186,"dmean2":1.22803092003,"dvar":1.67762374878,"dvar2":3.85721302032,"max":50.9040718079,"mean":0.217688545585,"median":-0.422103464603,"min":-1.83707714081,"var":4.51308631897},"erbbands_skewness":{"dmean":0.328205049038,"dmean2":0.496062517166,"dvar":0.113549903035,"dvar2":0.24988912046,"max":5.74673032761,"mean":-0.0550375618041,"median":-0.083654999733,"min":-4.06512546539,"var":0.703657865524},"erbbands_spread":{"dmean":8.2702255249,"dmean2":12.5716094971,"dvar":88.7906417847,"dvar2":196.863586426,"max":128.196258545,"mean":41.09973526,"median":39.4193000793,"min":2.70264101028,"var":311.539398193},"gfcc":{"cov":[[15001.0810547,-286.081237793,-279.774780273,291.881011963,-80.3852615356,365.019897461,-159.560150146,118.639099121,-156.958267212,55.6619300842,-92.4379577637,-76.4038085938,-187.230682373],[-286.081237793,1306.40673828,-324.20916748,-32.2817611694,-75.6190261841,-141.689926147,70.7603530884,-116.09790802,36.1707382202,-167.126403809,99.9485778809,-109.839103699,110.569351196],[-279.774780273,-324.20916748,1295.72839355,-156.576019287,180.11517334,166.001937866,10.7411432266,119.519210815,-16.2357788086,73.3535614014,-105.282424927,41.7072753906,-162.351455688],[291.881011963,-32.2817611694,-156.576019287,384.693481445,77.6150588989,-61.398727417,15.7581672668,-12.6733798981,13.0341796875,2.72935152054,-5.06989622116,-33.5659179688,29.9457893372],[-80.3852615356,-75.6190261841,180.11517334,77.6150588989,350.2059021,-12.633690834,88.6832809448,51.2881507874,-26.7152194977,71.2570495605,-26.4943561554,-9.40879058838,-1.06545674801],[365.019897461,-141.689926147,166.001937866,-61.398727417,-12.633690834,273.881774902,7.75698804855,61.330368042,1.27847695351,19.0989322662,33.5586128235,-10.4605169296,-53.2066612244],[-159.560150146,70.7603530884,10.7411432266,15.7581672668,88.6832809448,7.75698804855,155.244400024,24.6547203064,-9.46733474731,20.4699211121,1.35986721516,-8.3146238327,9.59241867065],[118.639099121,-116.09790802,119.519210815,-12.6733798981,51.2881507874,61.330368042,24.6547203064,121.454681396,14.9328994751,32.544342041,4.31861448288,4.92273139954,-5.86398124695],[-156.958267212,36.1707382202,-16.2357788086,13.0341796875,-26.7152194977,1.27847695351,-9.46733474731,14.9328994751,91.5360336304,5.34230899811,15.65259552,5.28305149078,10.1069393158],[55.6619300842,-167.126403809,73.3535614014,2.72935152054,71.2570495605,19.0989322662,20.4699211121,32.544342041,5.34230899811,113.937026978,10.297586441,24.9879360199,-17.2636013031],[-92.4379577637,99.9485778809,-105.282424927,-5.06989622116,-26.4943561554,33.5586128235,1.35986721516,4.31861448288,15.65259552,10.297586441,102.867294312,13.0888643265,23.445558548],[-76.4038085938,-109.839103699,41.7072753906,-33.5659179688,-9.40879058838,-10.4605169296,-8.3146238327,4.92273139954,5.28305149078,24.9879360199,13.0888643265,85.8834075928,5.24164390564],[-187.230682373,110.569351196,-162.351455688,29.9457893372,-1.06545674801,-53.2066612244,9.59241867065,-5.86398124695,10.1069393158,-17.2636013031,23.445558548,5.24164390564,94.3842773438]],"icov":[[0.0000822349684313,-0.000075482414104,0.0000770882033976,-0.000110887580377,0.0000282142827928,-0.000170480256202,0.000156590031111,-0.000180084040039,0.000208550991374,-0.000140026080771,0.000241805668338,-0.00011718244059,0.000194948050193],[-0.000075482414104,0.00182682345621,-0.000303013133816,0.000690250773914,-0.000123613310279,0.00116213888396,-0.00129933725111,0.00141096313018,-0.00111055129673,0.00218251207843,-0.00268879602663,0.00251835421659,-0.00111042079516],[0.0000770882033976,-0.000303013133816,0.00148215482477,0.000231219470152,-0.000715295434929,-0.00076492165681,0.00053187366575,-0.00108206388541,0.0000885256085894,-0.000212345898035,0.00171203014906,-0.00133448245469,0.00202395766973],[-0.000110887580377,0.000690250773914,0.000231219470152,0.0034942405764,-0.00102683645673,0.000924102321733,-0.00041085795965,0.000833637721371,-0.00133150944021,0.00075193552766,-0.000915134674869,0.00199777958915,-0.000740106450394],[0.0000282142827928,-0.000123613310279,-0.000715295434929,-0.00102683645673,0.00480226054788,0.000535931612831,-0.00179440784268,-0.00107792532071,0.00161446107086,-0.0026820350904,0.000649508496281,0.000942236627452,-0.0011092069326],[-0.000170480256202,0.00116213888396,-0.00076492165681,0.000924102321733,0.000535931612831,0.0064346184954,-0.00129462312907,-0.00129370461218,-0.000514504499733,0.00148572039325,-0.00476250099018,0.00307905836962,0.00171492341906],[0.000156590031111,-0.00129933725111,0.00053187366575,-0.00041085795965,-0.00179440784268,-0.00129462312907,0.00887296069413,-0.00202556420118,0.00150970288087,-0.00195999979042,0.00193021376617,-0.00114728021435,0.00016440624313],[-0.000180084040039,0.00141096313018,-0.00108206388541,0.000833637721371,-0.00107792532071,-0.00129370461218,-0.00202556420118,0.012690207921,-0.00316934194416,-0.000134003465064,-0.0019973597955,0.00202918425202,-0.00318474858068],[0.000208550991374,-0.00111055129673,0.0000885256085894,-0.00133150944021,0.00161446107086,-0.000514504499733,0.00150970288087,-0.00316934194416,0.0132527677342,-0.00240658363327,0.000457194808405,-0.00152738555335,-0.000220805217396],[-0.000140026080771,0.00218251207843,-0.000212345898035,0.00075193552766,-0.0026820350904,0.00148572039325,-0.00195999979042,-0.000134003465064,-0.00240658363327,0.0150071308017,-0.00502833165228,-0.000796459498815,0.0018556797877],[0.000241805668338,-0.00268879602663,0.00171203014906,-0.000915134674869,0.000649508496281,-0.00476250099018,0.00193021376617,-0.0019973597955,0.000457194808405,-0.00502833165228,0.0174613706768,-0.00577833876014,-0.00111816613935],[-0.00011718244059,0.00251835421659,-0.00133448245469,0.00199777958915,0.000942236627452,0.00307905836962,-0.00114728021435,0.00202918425202,-0.00152738555335,-0.000796459498815,-0.00577833876014,0.0178698003292,-0.00366207049228],[0.000194948050193,-0.00111042079516,0.00202395766973,-0.000740106450394,-0.0011092069326,0.00171492341906,0.00016440624313,-0.00318474858068,-0.000220805217396,0.0018556797877,-0.00111816613935,-0.00366207049228,0.0175826344639]],"mean":[-41.226524353,103.290229797,-128.366485596,46.0185089111,-50.8850860596,-0.590159416199,-31.735584259,-1.89597034454,-23.4379901886,-0.329703658819,-12.0079879761,1.06178939342,-2.25918579102]},"hfc":{"dmean":6.52680492401,"dmean2":9.1498336792,"dvar":185.423980713,"dvar2":410.5519104,"max":219.814407349,"mean":15.8511714935,"median":10.2385654449,"min":1.19194370459e-16,"var":351.924041748},"melbands":{"dmean":[0.000987531733699,0.000980862881988,0.000462496187538,0.000797825457994,0.000449715153081,0.000215953055886,0.000103310885606,0.0000641289661871,0.0000583364562772,0.0000650700458209,0.0000707055951352,0.000038481401134,0.0000311665426125,0.0000337389828928,0.000028462978662,0.0000302441112581,0.0000276047776424,0.0000169267150341,0.0000167443340615,0.0000169698560057,0.0000182736821444,0.0000140697802635,0.0000115221982924,0.0000063172319642,0.0000067914356805,0.00000906312197912,0.00000924588312046,0.00000624524136583,0.00000408585310652,0.00000334475180352,0.00000216072294279,0.00000163982736012,0.00000137566723879,0.00000144497880683,0.00000126835118408,9.01190901459e-7,7.22176537238e-7,3.53051831326e-7,3.25885025632e-7,2.00181020205e-7],"dmean2":[0.00148438848555,0.00153748050798,0.000759226211812,0.0013084806269,0.000713838089723,0.000335137243383,0.000174563479959,0.000111966073746,0.0000964811697486,0.000101605117379,0.000111940949864,0.0000545762195543,0.0000446051490144,0.0000515412502864,0.0000445106197731,0.0000476964305562,0.0000431078551628,0.0000258868039964,0.0000257136562141,0.0000263310976152,0.0000288738301606,0.0000220989550144,0.0000184222390089,0.0000099270582723,0.0000109152033474,0.000014662351532,0.0000150345922521,0.0000101363448266,0.00000633344552625,0.00000528090686203,0.00000339884945788,0.00000259710850514,0.00000213250291381,0.00000218870627577,0.00000186713805306,0.00000129027137064,0.00000104967057268,5.22394714153e-7,4.9197097951e-7,2.96286430057e-7],"dvar":[0.00000450740253655,0.00000505281059304,8.0056798879e-7,0.0000104168921098,0.00000191659728443,2.13064794252e-7,1.15129118683e-7,4.38001634961e-8,3.98641901711e-8,3.89224474873e-8,5.35616777597e-8,1.32999176117e-8,8.87385898096e-9,1.03681454533e-8,5.24277510294e-9,8.31106738985e-9,6.3606684364e-9,1.83478321425e-9,1.38281697204e-9,1.16711085241e-9,1.74365744066e-9,8.88929985177e-10,5.65826885346e-10,1.77057687956e-10,1.83097592643e-10,2.70729383356e-10,3.32084193477e-10,1.47133916162e-10,8.71000424563e-11,7.28405391559e-11,3.27588442484e-11,2.39030635563e-11,2.26966518496e-11,3.22418168552e-11,3.5809705895e-11,1.8741591612e-11,1.3820081364e-11,1.05611363838e-12,7.41373217157e-13,6.59566260115e-13],"dvar2":[0.00000993327739707,0.0000119982532851,0.000002048871238,0.0000274740632449,0.0000048952515499,5.1113823929e-7,3.37777095183e-7,1.29612033106e-7,1.03682666008e-7,9.36497386306e-8,1.33020833459e-7,2.72477773677e-8,1.627065771e-8,2.31442864873e-8,1.24969785631e-8,1.91823499307e-8,1.4423256367e-8,4.00706579029e-9,2.91165624944e-9,2.53444998322e-9,4.00208488571e-9,2.02610883626e-9,1.39451650227e-9,4.09596800921e-10,4.5965789508e-10,6.82579326394e-10,8.787689465e-10,3.73371500384e-10,2.08082981401e-10,1.72394071241e-10,7.9346980375e-11,6.01469776762e-11,5.43651512697e-11,7.49036596637e-11,7.26094531722e-11,3.55569983179e-11,2.87849726693e-11,2.23782949636e-12,1.67003921542e-12,1.47919719008e-12],"max":[0.0253168977797,0.0317249037325,0.0135317174718,0.0591513253748,0.0276784989983,0.00816551595926,0.00555269327015,0.00314799300395,0.00318195228465,0.00399035075679,0.00492232153192,0.00304010044783,0.00312595791183,0.00462769996375,0.00186732818838,0.00181687041186,0.00286636757664,0.00103176396806,0.00124727434013,0.000814264989458,0.00143012031913,0.000761912437156,0.000306331407046,0.000181744471774,0.000244823633693,0.000275552942185,0.000297148362733,0.000239560220507,0.000182978677913,0.000232997059356,0.00012257117487,0.000114547714475,0.000230614823522,0.000145356025314,0.000137074486702,0.000144628647831,0.000166846701177,0.0000348555149685,0.0000186823799595,0.0000146731908899],"mean":[0.00123864074703,0.00122631748673,0.000704450532794,0.00100920372643,0.000681786972564,0.000396476767492,0.00014946940064,0.0000866997143021,0.0000752064224798,0.0000942792466958,0.000113875830721,0.0000622642110102,0.0000542390007467,0.0000588035109104,0.0000419741154474,0.0000431476109952,0.0000448991449957,0.0000244439543167,0.0000293130779028,0.0000282191667793,0.0000340497026627,0.00002452012086,0.0000186717225006,0.0000105287554106,0.00001140236418,0.0000150934083649,0.00001536959644,0.0000110182072603,0.00000700519512975,0.00000516688760399,0.00000334139076585,0.00000260428600996,0.00000197324470719,0.00000183055067282,0.00000162074297805,0.00000118131470117,9.00744737464e-7,4.53365515796e-7,3.8395643287e-7,2.31650545857e-7],"median":[0.000260783563135,0.000363286409993,0.000343942141626,0.000352300499799,0.000270189600997,0.00016924040392,0.0000709616579115,0.0000360351295967,0.0000220692836592,0.000030101818993,0.0000191907638509,0.0000131821579998,0.000015566498405,0.0000116606397569,0.0000128517331177,0.00000846060720505,0.000010857757843,0.00000756953886594,0.00000896748133528,0.0000121347493405,0.0000116846931633,0.00000981279754342,0.00000811231893749,0.0000050118433137,0.00000500970099893,0.00000648355216981,0.00000643135626888,0.00000478624497191,0.00000273092791758,0.00000188897081443,0.00000129827265027,9.95247432911e-7,5.23135668118e-7,2.85493371166e-7,1.47008378804e-7,1.20759281685e-7,9.01144829868e-8,7.19434751772e-8,5.6381498581e-8,2.18907167948e-8],"min":[1.56575147729e-23,1.26540089178e-23,3.25613855999e-24,5.94111224232e-24,1.56783754107e-23,8.76539008304e-24,1.67455164666e-23,1.07737976044e-23,2.94608111993e-24,1.57470457525e-23,1.0128616669e-23,4.85229841637e-24,1.70394555062e-23,5.21718011162e-24,4.36471847921e-24,1.4675223596e-23,1.48333128992e-23,1.20548753712e-23,1.67425030179e-23,1.9327103222e-23,8.25044534994e-24,1.23216444635e-23,1.01599786232e-23,6.51421692895e-24,8.93273745775e-24,1.32897124783e-23,9.45066802938e-24,1.29956424878e-23,1.3483953699e-23,1.28833284164e-23,8.31132647916e-24,1.09741130541e-23,1.43202283001e-23,1.5437555109e-23,1.34961400223e-23,1.16460095529e-23,1.01205079678e-23,1.46145870137e-23,1.28560803719e-23,1.5908224235e-23],"var":[0.0000058273999457,0.00000562123750569,0.00000111430199468,0.00000856195674714,0.00000197334202312,5.03865805968e-7,9.66315383266e-8,4.25060662224e-8,3.99872028822e-8,5.26474934759e-8,1.12909468442e-7,3.17081436663e-8,2.20737614853e-8,2.93641218008e-8,8.83715589595e-9,1.6243571821e-8,1.66819091874e-8,3.24347881886e-9,4.46646941654e-9,2.48925546842e-9,6.50664810919e-9,2.22230589486e-9,8.97857010962e-10,2.67906918872e-10,3.30400873327e-10,4.98540597693e-10,5.4115828485e-10,2.69472277825e-10,1.47696008201e-10,1.04103954623e-10,4.27207401399e-11,3.05214117868e-11,3.23067579633e-11,4.29873150964e-11,5.520270005e-11,3.12476780562e-11,1.7973768307e-11,1.58518348187e-12,9.48832267096e-13,7.25347353795e-13]},"melbands_crest":{"dmean":3.02474761009,"dmean2":4.85054063797,"dvar":7.81335449219,"dvar2":19.2927722931,"max":37.9430580139,"mean":12.7621545792,"median":11.826628685,"min":1.66840422153,"var":23.2097492218},"melbands_flatness_db":{"dmean":0.0245702713728,"dmean2":0.0374002270401,"dvar":0.000704868230969,"dvar2":0.0016190672759,"max":0.48273152113,"mean":0.192749544978,"median":0.184655725956,"min":0.00619933148846,"var":0.00363835436292},"melbands_kurtosis":{"dmean":6.91732120514,"dmean2":10.7408304214,"dvar":229.207763672,"dvar2":557.231567383,"max":627.687133789,"mean":12.5290288925,"median":7.23930358887,"min":-1.80773532391,"var":484.058532715},"melbands_skewness":{"dmean":0.720270216465,"dmean2":1.07514762878,"dvar":0.726113319397,"dvar2":1.5634636879,"max":19.4563484192,"mean":2.6325109005,"median":2.45219564438,"min":-2.93747162819,"var":2.70260453224},"melbands_spread":{"dmean":7.92975330353,"dmean2":12.1234855652,"dvar":113.28515625,"dvar2":231.195251465,"max":238.169662476,"mean":27.5856513977,"median":22.693277359,"min":0.459532558918,"var":432.991760254},"mfcc":{"cov":[[10438.4609375,150.848754883,-312.25378418,283.33795166,56.02891922,170.271682739,67.3145675659,22.2247543335,-61.2141304016,101.025268555,-49.4914283752,36.6376152039,-52.9277305603],[150.848754883,1172.53271484,-13.2311172485,8.10617828369,-71.6070327759,-53.0394325256,12.5617132187,-9.32953548431,-18.1402301788,-45.1094017029,-31.0528373718,-43.2375640869,-14.4179763794],[-312.25378418,-13.2311172485,814.407043457,-197.111465454,128.514938354,34.4107131958,4.45590162277,85.8565139771,2.84701919556,38.9925537109,51.9429473877,5.09673261642,-0.696228265762],[283.33795166,8.10617828369,-197.111465454,452.610900879,26.4622917175,5.43032360077,29.8204288483,-58.6832542419,78.8236083984,-45.2989044189,-25.2408256531,-4.39597415924,22.1257915497],[56.02891922,-71.6070327759,128.514938354,26.4622917175,224.220748901,26.9986610413,71.5691223145,6.99957847595,38.5131225586,31.2793064117,24.4610080719,20.661939621,3.74755835533],[170.271682739,-53.0394325256,34.4107131958,5.43032360077,26.9986610413,122.071624756,41.7570877075,7.75099658966,2.82886886597,14.4523954391,35.5114746094,2.54244732857,-11.3750677109],[67.3145675659,12.5617132187,4.45590162277,29.8204288483,71.5691223145,41.7570877075,209.816055298,2.87606143951,56.1574707031,18.6724052429,36.7177352905,16.9503173828,9.32865619659],[22.2247543335,-9.32953548431,85.8565139771,-58.6832542419,6.99957847595,7.75099658966,2.87606143951,99.4120788574,-1.03122079372,24.3085784912,-0.884580850601,-0.834601461887,2.81318545341],[-61.2141304016,-18.1402301788,2.84701919556,78.8236083984,38.5131225586,2.82886886597,56.1574707031,-1.03122079372,116.25982666,15.1947431564,6.90634822845,0.224467247725,10.4596471786],[101.025268555,-45.1094017029,38.9925537109,-45.2989044189,31.2793064117,14.4523954391,18.6724052429,24.3085784912,15.1947431564,99.885635376,13.6260843277,8.10179710388,-9.32526779175],[-49.4914283752,-31.0528373718,51.9429473877,-25.2408256531,24.4610080719,35.5114746094,36.7177352905,-0.884580850601,6.90634822845,13.6260843277,108.801948547,17.9109916687,2.15167713165],[36.6376152039,-43.2375640869,5.09673261642,-4.39597415924,20.661939621,2.54244732857,16.9503173828,-0.834601461887,0.224467247725,8.10179710388,17.9109916687,66.2532119751,15.8248605728],[-52.9277305603,-14.4179763794,-0.696228265762,22.1257915497,3.74755835533,-11.3750677109,9.32865619659,2.81318545341,10.4596471786,-9.32526779175,2.15167713165,15.8248605728,61.0345993042]],"icov":[[0.00010593009938,-0.000024907545594,0.000036670731788,-0.0000924314445001,-0.0000252465069934,-0.000151874235598,-0.0000159119736054,-0.0000632482115179,0.000140435658977,-0.000145258556586,0.0000848514246172,-0.0000897856807569,0.0000725221980247],[-0.000024907545594,0.000936849974096,-0.0000930033857003,-0.0000367187240045,0.000293369899737,0.000482771720272,-0.000370318302885,0.0000272952274827,0.000164476005011,0.000316188758006,0.0000556835148018,0.000506690528709,0.000226049654884],[0.000036670731788,-0.0000930033857003,0.00173376186285,0.000700837757904,-0.00112425140105,-0.000349979993189,0.000481696042698,-0.00106364767998,-0.000355861266144,0.000222749935347,-0.000516720523592,0.000218266082811,-0.000188606703887],[-0.0000924314445001,-0.0000367187240045,0.000700837757904,0.00340728182346,-0.000721925054677,-0.000655109353829,0.00031910778489,0.00115805410314,-0.00241940980777,0.00150174950249,0.000621855375357,0.000264044007054,-0.000942247337662],[-0.0000252465069934,0.000293369899737,-0.00112425140105,-0.000721925054677,0.00618367874995,-0.000117441151815,-0.00163592398167,0.00047970173182,-0.000567777198739,-0.00125045562163,0.0000271731951216,-0.00118813570589,0.000335996359354],[-0.000151874235598,0.000482771720272,-0.000349979993189,-0.000655109353829,-0.000117441151815,0.0104874400422,-0.00184067897499,-0.000733160355594,0.00114413141273,-0.000391613459215,-0.0028942252975,0.000795420142822,0.00213261554018],[-0.0000159119736054,-0.000370318302885,0.000481696042698,0.00031910778489,-0.00163592398167,-0.00184067897499,0.00674201361835,-0.00021708154236,-0.00282307900488,-0.0000216290009121,-0.00123686133884,-0.000876224657986,-0.000723241595551],[-0.0000632482115179,0.0000272952274827,-0.00106364767998,0.00115805410314,0.00047970173182,-0.000733160355594,-0.00021708154236,0.0123375784606,-0.000337462726748,-0.00232521607541,0.00130144471768,0.000638435012661,-0.00169075711165],[0.000140435658977,0.000164476005011,-0.000355861266144,-0.00241940980777,-0.000567777198739,0.00114413141273,-0.00282307900488,-0.000337462726748,0.012301701121,-0.00245144288056,-0.000248165684752,0.00133345625363,-0.00109092926141],[-0.000145258556586,0.000316188758006,0.000222749935347,0.00150174950249,-0.00125045562163,-0.000391613459215,-0.0000216290009121,-0.00232521607541,-0.00245144288056,0.0126692755148,-0.000622129417025,-0.00114693306386,0.00219624838792],[0.0000848514246172,0.0000556835148018,-0.000516720523592,0.000621855375357,0.0000271731951216,-0.0028942252975,-0.00123686133884,0.00130144471768,-0.000248165684752,-0.000622129417025,0.0115052340552,-0.00243606348522,-0.000383106264053],[-0.0000897856807569,0.000506690528709,0.000218266082811,0.000264044007054,-0.00118813570589,0.000795420142822,-0.000876224657986,0.000638435012661,0.00133345625363,-0.00114693306386,-0.00243606348522,0.0179641079158,-0.00470125488937],[0.0000725221980247,0.000226049654884,-0.000188606703887,-0.000942247337662,0.000335996359354,0.00213261554018,-0.000723241595551,-0.00169075711165,-0.00109092926141,0.00219624838792,-0.000383106264053,-0.00470125488937,0.0191601067781]],"mean":[-674.012268066,123.662033081,-13.3021774292,42.6644096375,0.496760040522,7.40958213806,-0.870119273663,-1.48930084705,-2.6799223423,-2.58552885056,-7.5478272438,-1.67838203907,-0.307597368956]},"pitch_salience":{"dmean":0.0731994956732,"dmean2":0.11579888314,"dvar":0.00447759917006,"dvar2":0.0111600980163,"max":0.873026490211,"mean":0.58290207386,"median":0.592295706272,"min":0.0796328112483,"var":0.0134759992361},"silence_rate_20dB":{"dmean":0,"dmean2":0,"dvar":0,"dvar2":0,"max":1,"mean":1,"median":1,"min":1,"var":0},"silence_rate_30dB":{"dmean":0.0208479743451,"dmean2":0.0417008325458,"dvar":0.0204112194479,"dvar2":0.0479275919497,"max":1,"mean":0.98243355751,"median":1,"min":0,"var":0.0172560308129},"silence_rate_60dB":{"dmean":0.041227452457,"dmean2":0.0824645683169,"dvar":0.0395284593105,"dvar2":0.0876057296991,"max":1,"mean":0.140765890479,"median":0,"min":0,"var":0.120954170823},"spectral_centroid":{"dmean":276.407440186,"dmean2":429.486816406,"dvar":104737.9375,"dvar2":230439.25,"max":11301.8613281,"mean":1596.86938477,"median":1573.95178223,"min":210.636947632,"var":523911.375},"spectral_complexity":{"dmean":4.04427289963,"dmean2":5.70387744904,"dvar":29.3222732544,"dvar2":47.2964630127,"max":61,"mean":18.1812858582,"median":16,"min":0,"var":135.942871094},"spectral_contrast_coeffs":{"dmean":[0.0499631352723,0.0453110188246,0.0360028780997,0.0316452980042,0.0249204915017,0.0229116603732],"dmean2":[0.0801144093275,0.074103012681,0.0575916469097,0.050006121397,0.0390124209225,0.0345058068633],"dvar":[0.00197194563225,0.00141570426058,0.000980242621154,0.000788351229858,0.000569859694224,0.000565696915146],"dvar2":[0.00483633484691,0.00371009577066,0.00233990512788,0.00180142070167,0.00127688259818,0.00122825102881],"max":[-0.252283483744,-0.431675821543,-0.463256686926,-0.522512555122,-0.558244884014,-0.508918166161],"mean":[-0.654079258442,-0.747359991074,-0.778972446918,-0.774700403214,-0.778638660908,-0.713927149773],"median":[-0.660694897175,-0.756736397743,-0.794670641422,-0.781884074211,-0.785198390484,-0.718163967133],"min":[-0.954480290413,-0.963996469975,-0.969073593616,-0.965026021004,-0.954873681068,-0.959437966347],"var":[0.0078095709905,0.00592504953966,0.00531338341534,0.00392933702096,0.00297235650942,0.0034455510322]},"spectral_contrast_valleys":{"dmean":[0.424882531166,0.361258238554,0.322211235762,0.341143667698,0.33366432786,0.429717808962],"dmean2":[0.654396772385,0.575669944286,0.495489865541,0.485782086849,0.456037342548,0.511592447758],"dvar":[0.209145084023,0.164231657982,0.137531474233,0.16892850399,0.213810876012,0.292661398649],"dvar2":[0.362573713064,0.31796836853,0.242978349328,0.26185041666,0.365776091814,0.473434269428],"max":[-5.1859664917,-4.33569574356,-5.29974842072,-5.59039354324,-5.35357046127,-7.84630680084],"mean":[-7.41580295563,-7.06327486038,-7.69453382492,-8.05827617645,-7.71757078171,-11.0411272049],"median":[-7.16606330872,-6.80064201355,-7.48089742661,-7.8909869194,-7.41578912735,-10.9586963654],"min":[-27.295583725,-27.4187355042,-26.808134079,-27.2302322388,-27.3786792755,-27.2463703156],"var":[1.80889213085,1.59221994877,1.4980764389,1.59501802921,1.79502129555,1.79252898693]},"spectral_decrease":{"dmean":2.53866305755e-9,"dmean2":3.67531494128e-9,"dvar":3.11310482326e-17,"dvar2":7.03327918227e-17,"max":-1.2144792655e-28,"mean":-5.31012478433e-9,"median":-3.29868066196e-9,"min":-8.34806996863e-8,"var":4.52033723768e-17},"spectral_energy":{"dmean":0.0100789433345,"dmean2":0.014533742331,"dvar":0.000487849931233,"dvar2":0.00109832559247,"max":0.330480784178,"mean":0.0214794240892,"median":0.0135261388496,"min":1.12696597228e-20,"var":0.000719213334378},"spectral_energyband_high":{"dmean":0.000385018327506,"dmean2":0.000554817030206,"dvar":8.23522270821e-7,"dvar2":0.0000017408427766,"max":0.0170195344836,"mean":0.00068165716948,"median":0.000296088051982,"min":8.34528141279e-21,"var":0.00000145351600622},"spectral_energyband_low":{"dmean":0.00492205796763,"dmean2":0.00737939821556,"dvar":0.000106260667962,"dvar2":0.000229247947573,"max":0.130664944649,"mean":0.00718525098637,"median":0.0024081771262,"min":7.60962176665e-23,"var":0.00014874873159},"spectral_energyband_middle_high":{"dmean":0.0016645930009,"dmean2":0.00237088673748,"dvar":0.00000994862421067,"dvar2":0.0000213368766708,"max":0.0456075966358,"mean":0.00427956180647,"median":0.00226737512276,"min":1.64084451632e-21,"var":0.0000289940053335},"spectral_energyband_middle_low":{"dmean":0.00539618497714,"dmean2":0.00843579880893,"dvar":0.000268958625384,"dvar2":0.00067716446938,"max":0.286839008331,"mean":0.0100501282141,"median":0.00572284730151,"min":3.27326006019e-22,"var":0.000282934895949},"spectral_entropy":{"dmean":0.150073379278,"dmean2":0.209229528904,"dvar":0.0331830345094,"dvar2":0.0637385472655,"max":9.80446624756,"mean":7.53365421295,"median":7.59765100479,"min":5.15693283081,"var":0.172164961696},"spectral_flux":{"dmean":0.0262467712164,"dmean2":0.0403627902269,"dvar":0.00168127624784,"dvar2":0.00359835964628,"max":0.486567050219,"mean":0.0717220976949,"median":0.0564473196864,"min":1.06158651314e-10,"var":0.00346880662255},"spectral_kurtosis":{"dmean":1.83858633041,"dmean2":3.09541106224,"dvar":12.5232753754,"dvar2":29.5525798798,"max":107.105903625,"mean":4.3506026268,"median":3.42649626732,"min":-1.20877325535,"var":34.4571456909},"spectral_rms":{"dmean":0.000876495789271,"dmean2":0.00119493249804,"dvar":0.0000019007144374,"dvar2":0.00000366039057553,"max":0.017956065014,"mean":0.003950426355,"median":0.00363266211934,"min":3.31583913972e-12,"var":0.00000534962009624},"spectral_rolloff":{"dmean":505.100738525,"dmean2":832.650024414,"dvar":683231.0625,"dvar2":1387729.625,"max":19164.5507813,"mean":1591.48059082,"median":1335.05859375,"min":21.533203125,"var":1747659.75},"spectral_skewness":{"dmean":0.251328319311,"dmean2":0.399690181017,"dvar":0.106878712773,"dvar2":0.24248611927,"max":8.11799240112,"mean":1.25290286541,"median":1.18675863743,"min":-0.420345395803,"var":0.453607529402},"spectral_spread":{"dmean":458683.6875,"dmean2":612731.0625,"dvar":466796544000,"dvar2":715377082368,"max":41233784,"mean":3862935.75,"median":3536198.5,"min":607566.125,"var":1746705186820},"spectral_strongpeak":{"dmean":0.476435244083,"dmean2":0.793707847595,"dvar":0.789123356342,"dvar2":1.90484249592,"max":13.9057893753,"mean":0.831166148186,"median":0.338143050671,"min":0,"var":1.79598808289},"zerocrossingrate":{"dmean":0.00929152686149,"dmean2":0.0112221185118,"dvar":0.000168991289684,"dvar2":0.000200857277378,"max":0.50146484375,"mean":0.0608332455158,"median":0.0576171875,"min":0,"var":0.000961606798228}},"metadata":{"audio_properties":{"analysis_sample_rate":44100,"bit_rate":192000,"codec":"mp3","downmix":"mix","equal_loudness":0,"length":198.243270874,"lossless":false,"md5_encoded":"ab3d199db85d6d6374ec4cf30a6484ad","replay_gain":-8.43824768066,"sample_rate":44100},"tags":{"album":["Landing on Water"],"albumartist":["Neil Young"],"albumartistsort":["Young, Neil"],"artist":["Neil Young"],"artistsort":["Young, Neil"],"asin":["B000054OXU"],"barcode":["606949079925"],"catalognumber":["069 490 799-2"],"date":["2000"],"discnumber":["1/1"],"file_name":"Neil Young - Landing on Water - 04 - Bad News Beat.mp3","label":["Geffen Records"],"media":["CD"],"musicbrainz album release country":["US"],"musicbrainz album status":["official"],"musicbrainz album type":["album"],"musicbrainz_albumartistid":["75167b8b-44e4-407b-9d35-effe87b223cf"],"musicbrainz_albumid":["4b5dd1a6-e8ba-3108-a750-df7262f3f03c"],"musicbrainz_artistid":["75167b8b-44e4-407b-9d35-effe87b223cf"],"musicbrainz_recordingid":["eb3b7e79-c916-47da-abca-1f7d05521726"],"musicbrainz_releasegroupid":["968a1103-f76f-3b23-92db-a3b195b55654"],"originaldate":["1986"],"script":["Latn"],"title":["Bad News Beat"],"tracknumber":["4/10"]},"version":{"essentia":"2.1-beta2","essentia_build_sha":"2d9f1f26377add8aeb1075a9c2973f962c4f09fd","essentia_git_sha":"v2.1_beta2-1-ge3940c0","extractor":"music 1.0"}},"rhythm":{"beats_count":391,"beats_loudness":{"dmean":0.0314542278647,"dmean2":0.0526674613357,"dvar":0.000724604935385,"dvar2":0.00189643190242,"max":0.155661985278,"mean":0.0530914850533,"median":0.0465928427875,"min":4.70311114498e-8,"var":0.000977101735771},"beats_loudness_band_ratio":{"dmean":[0.221667096019,0.163797825575,0.0535989068449,0.0572058930993,0.0341583527625,0.0264312662184],"dmean2":[0.389657527208,0.293752491474,0.0976014509797,0.101871058345,0.0578482747078,