{"lowlevel":{"average_loudness":0.789910674095,"barkbands":{"dmean":[0.00131984753534,0.00348119949922,0.00175701337866,0.000866306771059,0.0028593770694,0.00196158327162,0.00100253662094,0.000538550084457,0.000476034503663,0.000532836886123,0.00019785904442,0.000137406677823,0.000123293619254,0.0000727720325813,0.0000550001386728,0.0000277331655525,0.0000291654396278,0.0000245971805271,0.0000151819995153,0.00000820478453534,0.00000791084767116,0.0000071843646765,0.00000271910971605,0.00000169800352978,0.0000015518754708,0.00000195382585844,0.0000279245232377],"dmean2":[0.00220305938274,0.0056283287704,0.00301439524628,0.00145531864837,0.00451083667576,0.00305977417156,0.00158064346761,0.000868280127179,0.000762262498029,0.000864981207997,0.000317869300488,0.000220455607632,0.00019490806153,0.000118680021842,0.0000864611356519,0.0000435469009972,0.0000443129210908,0.0000365597770724,0.0000228247190535,0.0000125178112285,0.000011957586139,0.0000109416077976,0.00000428528346674,0.00000281708298644,0.00000259104217548,0.00000312941460834,0.0000409578824474],"dvar":[0.00000672195574225,0.0000265033249889,0.0000111575154733,0.00000441721340394,0.0000403518606618,0.0000271279550361,0.0000112682428153,0.00000346965407516,0.00000244143802774,0.00000212495888263,3.59693814289e-7,1.12047160883e-7,2.28089589882e-7,2.55076759714e-8,1.19004432975e-8,4.63263338801e-9,1.51652788105e-8,1.09958122607e-8,2.66902833168e-9,4.89735030307e-10,7.06721514643e-10,3.50337425736e-10,4.91538372505e-11,1.13879366007e-11,9.79255392053e-12,1.3696522215e-11,4.73898520426e-9],"dvar2":[0.0000176031844603,0.0000682732861605,0.0000358405122824,0.0000115014208859,0.000108479020128,0.0000656718329992,0.0000273590703728,0.00000865791116667,0.00000593679988015,0.00000532228341399,9.06865693651e-7,2.88050500785e-7,4.90838203859e-7,6.75090845448e-8,2.78890404104e-8,1.08321769332e-8,3.12511758693e-8,2.41844535509e-8,5.17963094637e-9,1.05148123541e-9,1.40341405164e-9,6.86215584356e-10,9.8269607729e-11,2.86463353039e-11,2.48388306451e-11,3.13734802027e-11,1.01398036634e-8],"max":[0.0388030670583,0.0757923275232,0.0473974458873,0.0608404204249,0.159444764256,0.122203312814,0.0866875648499,0.065536826849,0.0516728237271,0.0409877374768,0.0139912497252,0.00757043343037,0.0337720252573,0.00491281785071,0.00278676161543,0.00162551505491,0.00449523236603,0.00432817498222,0.0028577267658,0.000750567240175,0.00204860279337,0.00118837377522,0.000295017816825,0.0000465290322609,0.0000460368864879,0.000106187770143,0.00152756855823],"mean":[0.00203238637187,0.00650911685079,0.00238706637174,0.0012163342908,0.00533744459972,0.00340935611166,0.00164166139439,0.000835272367112,0.000744885532185,0.00081940786913,0.000297602382489,0.000221664260607,0.00020161937573,0.000119877040561,0.000097390213341,0.0000426914157288,0.0000468300640932,0.0000414716305386,0.0000245472965617,0.0000116223845907,0.0000119194583021,0.0000108103986349,0.00000379238440473,0.00000178603283985,0.00000156059627443,0.00000247708567258,0.0000471627536172],"median":[0.000968186883256,0.00389777636155,0.000982803991064,0.000338652986102,0.00162580842152,0.00052352657076,0.000239458910073,0.000124909667647,0.000169599719811,0.000133808236569,0.0000677989010001,0.0000604686647421,0.0000508106095367,0.0000417335322709,0.0000365875748685,0.0000150327350639,0.000011041533071,0.0000111277404358,0.00000664487015456,0.00000370044608644,0.00000406858089264,0.00000395919596485,0.00000144559476212,6.02818033713e-7,5.00096575706e-7,0.00000105439562503,0.0000200628273888],"min":[5.21054584072e-26,2.94981519302e-24,7.88712993801e-25,6.126372183e-25,4.3666922092e-24,5.99969265871e-24,5.1376605658e-24,7.32950073019e-24,1.13014193323e-23,1.18117074195e-23,1.33475012728e-23,2.67306432813e-23,2.27436534916e-23,3.24784984069e-23,2.80116618835e-23,4.98740772801e-23,6.24553926656e-23,9.20689470576e-23,1.08272055388e-22,1.61665922742e-22,2.28489560095e-22,2.82386278944e-22,3.95306858144e-22,5.32174149469e-22,8.26944635857e-22,1.2171143813e-21,1.94801316984e-21],"var":[0.00000890948649612,0.0000522752379766,0.0000164463344845,0.00000793630533735,0.0000968434615061,0.000066085915023,0.0000253304388025,0.00000765833556216,0.00000504370154886,0.00000402582327297,6.20351954694e-7,2.28621942711e-7,3.65470953057e-7,4.64139233713e-8,2.91205068947e-8,7.85571430129e-9,3.8050394835e-8,2.41863311601e-8,7.85359333122e-9,8.82711681527e-10,1.51874823828e-9,7.26585847044e-10,1.03059838441e-10,1.27625392893e-11,1.03574085072e-11,2.15633570028e-11,8.30311197575e-9]},"barkbands_crest":{"dmean":2.89853382111,"dmean2":4.70899391174,"dvar":6.18865871429,"dvar2":15.7668514252,"max":26.1903610229,"mean":12.4523553848,"median":11.6662845612,"min":3.156686306,"var":20.5422420502},"barkbands_flatness_db":{"dmean":0.0333751626313,"dmean2":0.0522949248552,"dvar":0.000857788196299,"dvar2":0.00210395199247,"max":0.513215661049,"mean":0.205985829234,"median":0.202520310879,"min":0.0418168343604,"var":0.00358052109368},"barkbands_kurtosis":{"dmean":11.4884195328,"dmean2":18.5139064789,"dvar":969.597900391,"dvar2":2676.52392578,"max":1014.06713867,"mean":21.931804657,"median":10.171620369,"min":-1.57177555561,"var":2063.1796875},"barkbands_skewness":{"dmean":0.856923282146,"dmean2":1.33167898655,"dvar":0.976132214069,"dvar2":2.25760936737,"max":24.5601558685,"mean":2.78383517265,"median":2.3277785778,"min":-3.18644046783,"var":5.29226636887},"barkbands_spread":{"dmean":3.28344559669,"dmean2":5.02060127258,"dvar":25.5746078491,"dvar2":51.7388534546,"max":106.679016113,"mean":9.69932746887,"median":7.28516721725,"min":0.18561181426,"var":79.5860824585},"dissonance":{"dmean":0.0296877902001,"dmean2":0.0504382923245,"dvar":0.00077821459854,"dvar2":0.00218372303061,"max":0.5,"mean":0.444417715073,"median":0.453465789557,"min":0.235316842794,"var":0.00162539281882},"dynamic_complexity":4.31383180618,"erbbands":{"dmean":[0.1765884161,0.551484405994,1.70977318287,2.53013396263,5.6049284935,11.6740493774,11.3435678482,19.6435375214,15.4555635452,13.3052539825,9.86015319824,11.4845457077,11.0994024277,17.676202774,6.29942321777,5.47005605698,5.32017183304,4.02492427826,2.98088407516,2.07566189766,1.47929775715,1.58813929558,1.40598058701,0.952044069767,0.587884783745,0.397670775652,0.321123480797,0.326061159372,0.280016303062,0.139100015163,0.0710773542523,0.0417472049594,0.025661835447,0.0174533072859,0.010994986631,0.00622392771766,0.00377570209093,0.00397348310798,0.00210134754889,0.00130281317979],"dmean2":[0.288011670113,0.888276278973,2.88243460655,4.32445907593,8.91153526306,18.5676460266,17.7923374176,30.7355995178,23.9091358185,21.071390152,15.8086862564,18.4685192108,17.7812995911,28.2011108398,10.0113859177,8.69560718536,8.35655784607,6.38581514359,4.6675157547,3.26248264313,2.29774332047,2.36773109436,2.0556139946,1.40493440628,0.883869290352,0.608388721943,0.487907111645,0.491383016109,0.42657366395,0.215592548251,0.112020790577,0.0680990889668,0.0429369471967,0.0291801001877,0.0183258913457,0.0103194592521,0.0060104331933,0.00606479169801,0.00309238443151,0.00193055847194],"dvar":[0.0919551849365,0.520009756088,8.15236377716,32.3342933655,204.005172729,761.341247559,746.923950195,3116.50073242,2480.72436523,1970.79443359,1166.2677002,1479.91503906,1077.66503906,2926.90820312,280.282623291,181.718597412,372.680755615,98.071937561,35.2471694946,17.9939613342,15.8809652328,47.2939071655,38.0208282471,11.1277008057,3.81973195076,1.16538989544,0.689378798008,1.38999259472,0.599379599094,0.124524623156,0.0356483981013,0.00780299305916,0.00271545164287,0.00125167402439,0.000485931843286,0.000149168496137,0.000056657485402,0.000122392812045,0.0000508358280058,0.00000696402548783],"dvar2":[0.240157663822,1.34753096104,24.7594470978,96.3382949829,566.397644043,2045.41345215,1741.89086914,7654.38769531,6081.07421875,4704.5625,2824.58496094,3669.99072266,2641.56762695,7282.52783203,713.813415527,467.417663574,824.147705078,232.369567871,86.9479827881,42.0936775208,36.4128341675,96.3198547363,80.0353622437,20.0885105133,7.77217435837,2.54999685287,1.3214250803,2.66646242142,1.26460146904,0.231385931373,0.0715998932719,0.0181560944766,0.00689375493675,0.00317609892227,0.00123191275634,0.000377360207494,0.000126528160763,0.000261692679487,0.000114430680696,0.0000158974999067],"max":[4.9318356514,10.6569318771,42.4269218445,118.353858948,328.570281982,739.293273926,669.537719727,1362.1541748,1350.84606934,1265.49499512,1586.4934082,1175.89978027,957.941223145,1578.96179199,603.581787109,308.604797363,1334.96618652,472.1015625,118.209564209,146.094085693,121.992301941,251.2368927,283.866668701,192.60144043,101.765281677,32.9159812927,43.5171127319,92.8692855835,51.2121505737,18.7854118347,8.11494731903,2.56603145599,0.758990764618,0.518773019314,0.325378209352,0.182340934873,0.272471308708,0.49165225029,0.202122196555,0.111050732434],"mean":[0.317446261644,0.978096544743,2.52306818962,3.82185935974,9.45813369751,20.3297042847,19.5315876007,33.2920036316,26.7112846375,21.8451824188,16.5150089264,18.035949707,18.3051776886,26.9506320953,11.0629196167,9.47788238525,9.16185855865,7.1200709343,5.52131843567,3.74138689041,2.39766955376,2.66469979286,2.40667724609,1.67242145538,0.908046841621,0.564947962761,0.480753958225,0.48279440403,0.411949753761,0.210176229477,0.0962573066354,0.0483499206603,0.0255664139986,0.0174127537757,0.0111800469458,0.00656463578343,0.00491338223219,0.00564014120027,0.00315542309545,0.0035180633422],"median":[0.15343773365,0.619046807289,1.20671617985,1.44643831253,2.65996694565,5.57763051987,4.52521324158,4.67460441589,3.98428726196,3.33527851105,3.05006670952,4.04380655289,3.64836406708,4.44749641418,3.51533842087,2.59285616875,2.37752008438,2.6518497467,2.19624471664,1.46273231506,0.837557435036,0.677136838436,0.631716012955,0.462781906128,0.259215772152,0.181302934885,0.169530063868,0.162951543927,0.142936646938,0.0817625969648,0.0364590883255,0.0173740945756,0.0080259591341,0.00544983986765,0.00363878649659,0.00232629897073,0.00211247708648,0.00215176679194,0.00121155381203,0.00231254752725],"min":[5.16450763232e-23,3.29071420725e-22,1.20473312735e-21,5.58859054595e-21,6.82693000614e-21,1.54797448922e-20,2.7973160978e-20,5.89565485273e-20,6.57827078984e-20,8.16489367759e-20,1.86883778421e-19,3.2782426541e-19,3.2591795014e-19,6.32232185051e-19,9.11502887209e-19,1.23472826106e-18,1.16268258746e-18,2.39033938486e-18,1.6924065702e-18,2.01822246693e-18,3.31638421064e-18,3.26212819349e-18,4.94254974379e-18,4.49307510177e-18,6.02585607967e-18,7.1266109634e-18,7.73074397814e-18,1.08631644613e-17,1.01468028898e-17,9.29140218345e-18,1.17906936627e-17,9.79487889817e-18,9.3646829411e-18,8.00910266197e-18,6.31876528407e-18,3.85838603521e-18,2.25153144704e-18,8.54569700008e-19,2.3590723196e-19,2.34411417994e-20],"var":[0.155689686537,1.11445999146,13.9436407089,58.0252151489,400.906524658,1720.17687988,1789.50183105,7106.72460938,5938.67919922,4520.40429688,2794.41064453,2757.33056641,2185.12402344,5319.61328125,554.832214355,405.762817383,635.56427002,177.659118652,82.674369812,41.4818077087,29.4956302643,124.022125244,90.5005722046,36.7676506042,9.20938777924,2.01781630516,1.74717748165,2.62651968002,1.11456096172,0.293290585279,0.0699744001031,0.0110100368038,0.00284691969864,0.0013166872086,0.000517441716511,0.000162561569596,0.0000924088380998,0.000195796135813,0.0000672615205985,0.0000151766407726]},"erbbands_crest":{"dmean":2.87195444107,"dmean2":4.6613445282,"dvar":7.16808891296,"dvar2":18.1609954834,"max":31.9716720581,"mean":9.99993991852,"median":8.96567344666,"min":2.57894039154,"var":20.71027565},"erbbands_flatness_db":{"dmean":0.0268879644573,"dmean2":0.0418324321508,"dvar":0.000498477660585,"dvar2":0.00123130227439,"max":0.359018176794,"mean":0.167549043894,"median":0.165262311697,"min":0.0252461917698,"var":0.00231816014275},"erbbands_kurtosis":{"dmean":1.55821943283,"dmean2":2.47233009338,"dvar":6.3156247139,"dvar2":15.3051366806,"max":84.7468719482,"mean":2.13247323036,"median":0.723141312599,"min":-1.77058207989,"var":18.9152851105},"erbbands_skewness":{"dmean":0.421982318163,"dmean2":0.650978565216,"dvar":0.151176780462,"dvar2":0.352531671524,"max":6.79279756546,"mean":0.659938216209,"median":0.603259086609,"min":-4.13908815384,"var":0.979679882526},"erbbands_spread":{"dmean":5.99283695221,"dmean2":9.35980510712,"dvar":39.5526199341,"dvar2":94.8975219727,"max":136.760131836,"mean":25.4605560303,"median":23.7854995728,"min":0.842412233353,"var":182.328536987},"gfcc":{"cov":[[26676.3164062,2532.97387695,-2114.25805664,-371.967926025,-750.602172852,-593.075500488,-433.777862549,-492.096832275,-199.220474243,-251.163864136,-158.614974976,82.0579223633,-112.797172546],[2532.97387695,915.748291016,-155.813842773,-236.407623291,-53.3942298889,-93.4885253906,-23.9195804596,-145.57850647,13.9434919357,-43.5289764404,13.0876045227,-30.7764892578,22.9260578156],[-2114.25805664,-155.813842773,507.044372559,143.253936768,-29.8512401581,138.230773926,-39.9115753174,132.09677124,-15.5287284851,77.4195556641,16.7512550354,-31.1156272888,13.4282083511],[-371.967926025,-236.407623291,143.253936768,342.930847168,89.4070358276,9.67792510986,58.6075630188,40.4926185608,15.7504291534,11.1244840622,-17.5827312469,25.1036911011,-36.3556137085],[-750.602172852,-53.3942298889,-29.8512401581,89.4070358276,282.330505371,93.3363571167,120.074714661,-34.3657226562,8.26582717896,-37.3021087646,3.94299864769,-1.85742092133,5.89263629913],[-593.075500488,-93.4885253906,138.230773926,9.67792510986,93.3363571167,293.547058105,35.0194625854,74.3007049561,-73.775177002,11.6987037659,11.371011734,-17.3210887909,37.2027702332],[-433.777862549,-23.9195804596,-39.9115753174,58.6075630188,120.074714661,35.0194625854,241.831314087,-7.71677684784,54.0224304199,-14.8776245117,-4.31472587585,28.3919296265,1.93854427338],[-492.096832275,-145.57850647,132.09677124,40.4926185608,-34.3657226562,74.3007049561,-7.71677684784,193.770263672,35.0899505615,52.1745681763,22.4192829132,-12.2285318375,17.0698547363],[-199.220474243,13.9434919357,-15.5287284851,15.7504291534,8.26582717896,-73.775177002,54.0224304199,35.0899505615,137.093276978,54.2495384216,17.6119327545,15.8391637802,-11.6480398178],[-251.163864136,-43.5289764404,77.4195556641,11.1244840622,-37.3021087646,11.6987037659,-14.8776245117,52.1745681763,54.2495384216,114.516181946,46.0627593994,-1.34444308281,14.2681388855],[-158.614974976,13.0876045227,16.7512550354,-17.5827312469,3.94299864769,11.371011734,-4.31472587585,22.4192829132,17.6119327545,46.0627593994,71.9817276001,29.8392887115,18.9872379303],[82.0579223633,-30.7764892578,-31.1156272888,25.1036911011,-1.85742092133,-17.3210887909,28.3919296265,-12.2285318375,15.8391637802,-1.34444308281,29.8392887115,82.0795593262,23.5214691162],[-112.797172546,22.9260578156,13.4282083511,-36.3556137085,5.89263629913,37.2027702332,1.93854427338,17.0698547363,-11.6480398178,14.2681388855,18.9872379303,23.5214691162,82.1406021118]],"icov":[[0.00018737289065,-0.000662807899062,0.00111685018055,-0.000755761400796,0.000542138994206,-0.000347160908859,0.00029776894371,-0.000446420221124,0.000583601940889,-0.000652410613839,0.000656179850921,-0.000461306190118,0.000305806228425],[-0.000662807899062,0.00416407594457,-0.00393301900476,0.00289660319686,-0.000723655044567,0.000729979015887,-0.00110653741285,0.00363448564894,-0.00421221274883,0.00479869218543,-0.00502327131107,0.00439570099115,-0.00268373126164],[0.00111685018055,-0.00393301900476,0.0102122863755,-0.0066637583077,0.00468232482672,-0.00387010700069,0.00222637550905,-0.00306238862686,0.00292022386566,-0.00420119473711,0.00256698392332,-0.000376969197532,0.000671769375913],[-0.000755761400796,0.00289660319686,-0.0066637583077,0.0098849767819,-0.00663671642542,0.00442241411656,-0.00183182605542,-0.00101700145751,0.00183189194649,-0.00237668422051,0.00396527536213,-0.00531506864354,0.00362392701209],[0.000542138994206,-0.000723655044567,0.00468232482672,-0.00663671642542,0.0119100352749,-0.0064496085979,-0.000800099107437,0.00449974508956,-0.00617099460214,0.0076209497638,-0.00816532410681,0.00836729817092,-0.0043133716099],[-0.000347160908859,0.000729979015887,-0.00387010700069,0.00442241411656,-0.0064496085979,0.0099340826273,-0.00239171972498,-0.00449998164549,0.00842769537121,-0.00528042623773,0.00356294866651,-0.00342466076836,0.00113396602683],[0.00029776894371,-0.00110653741285,0.00222637550905,-0.00183182605542,-0.000800099107437,-0.00239171972498,0.00718776881695,-0.000139380383189,-0.00314855528995,0.000367873115465,0.00235689245164,-0.00265231891535,0.000247301824857],[-0.000446420221124,0.00363448564894,-0.00306238862686,-0.00101700145751,0.00449974508956,-0.00449998164549,-0.000139380383189,0.0136563582346,-0.0111322347075,0.00853065401316,-0.0102009149268,0.0099838655442,-0.00625767745078],[0.000583601940889,-0.00421221274883,0.00292022386566,0.00183189194649,-0.00617099460214,0.00842769537121,-0.00314855528995,-0.0111322347075,0.0261260922998,-0.0198131110519,0.0135514885187,-0.0134747857228,0.00919641088694],[-0.000652410613839,0.00479869218543,-0.00420119473711,-0.00237668422051,0.0076209497638,-0.00528042623773,0.000367873115465,0.00853065401316,-0.0198131110519,0.0321791917086,-0.0246194526553,0.0180746745318,-0.0104211093858],[0.000656179850921,-0.00502327131107,0.00256698392332,0.00396527536213,-0.00816532410681,0.00356294866651,0.00235689245164,-0.0102009149268,0.0135514885187,-0.0246194526553,0.0402075015008,-0.0246584508568,0.00863991305232],[-0.000461306190118,0.00439570099115,-0.000376969197532,-0.00531506864354,0.00836729817092,-0.00342466076836,-0.00265231891535,0.0099838655442,-0.0134747857228,0.0180746745318,-0.0246584508568,0.0335700251162,-0.0141760352999],[0.000305806228425,-0.00268373126164,0.000671769375913,0.00362392701209,-0.0043133716099,0.00113396602683,0.000247301824857,-0.00625767745078,0.00919641088694,-0.0104211093858,0.00863991305232,-0.0141760352999,0.0211043339223]],"mean":[-92.3680114746,126.002876282,-67.2395324707,-3.04189920425,-20.1708469391,-8.71112632751,-5.06524515152,-15.660982132,-3.51712536812,-6.28202962875,-5.16118001938,-0.0587683655322,-1.61160194874]},"hfc":{"dmean":23.1151752472,"dmean2":35.8569145203,"dvar":1114.79760742,"dvar2":2742.59863281,"max":623.300292969,"mean":65.5638122559,"median":51.2021713257,"min":1.07418580936e-16,"var":3117.94702148},"melbands":{"dmean":[0.00123752595391,0.000771617167629,0.000471909559565,0.00061389565235,0.000439029186964,0.00041491445154,0.000226639356697,0.000140706295497,0.0000782442511991,0.0000726637372281,0.0000571073505853,0.0000760158145567,0.0000234672843362,0.0000158610419021,0.0000135726195367,0.0000115366919999,0.00000755234896133,0.00000499953921462,0.00000412134841099,0.00000205656533581,0.00000180643917247,0.0000017211574459,0.00000166482402619,0.00000107100629521,8.03944715244e-7,5.43587304946e-7,3.2050584764e-7,2.60171589161e-7,2.04271799475e-7,2.0492645092e-7,1.91368684455e-7,1.78135778128e-7,1.16640002545e-7,6.51939728868e-8,4.21910826276e-8,3.3764063545e-8,2.23845368907e-8,1.81834920454e-8,1.60497641843e-8,1.42585303564e-8],"dmean2":[0.00201025116257,0.00129320612177,0.000790240126662,0.000969662272837,0.0006862837472,0.000644959800411,0.000351185444742,0.000223735216423,0.000125622013002,0.000116597584565,0.0000917995203054,0.000121751909319,0.0000376349889848,0.0000250616249104,0.0000220594029088,0.0000179466114787,0.0000122147239381,0.00000797538541519,0.00000651989967082,0.00000323268909597,0.00000285743317363,0.00000263253855337,0.00000250855487138,0.00000159775004249,0.00000121267532904,8.32534567508e-7,4.90651359542e-7,4.0780835775e-7,3.13616652647e-7,3.16342408269e-7,2.92983202144e-7,2.73111027127e-7,1.81178521075e-7,1.03342138402e-7,6.68342465815e-8,5.39946647393e-8,3.71106061436e-8,3.04714511401e-8,2.68680633297e-8,2.38300117417e-8],"dvar":[0.00000414782880398,0.00000131599631459,9.6293695151e-7,0.0000020356242203,0.00000103418733488,0.00000130597027237,5.33270736014e-7,2.17403396618e-7,6.54027090263e-8,6.10369994547e-8,2.83892269692e-8,5.35622035613e-8,4.52981696597e-9,1.33534394653e-9,1.55724089179e-9,3.24678639529e-9,2.8927818474e-10,1.09408870852e-10,7.34202768027e-11,2.22316939164e-11,2.84263012434e-11,5.6421305128e-11,6.27394802777e-11,1.7071890776e-11,8.4399267089e-12,3.64026864208e-12,1.06698840301e-12,5.15856942666e-13,2.81690415351e-13,6.85357695075e-13,3.86309230048e-13,2.41856122803e-13,9.82239598902e-14,2.89036813418e-14,1.25166736242e-14,9.74922640312e-15,1.98734639381e-15,1.37687143164e-15,1.06617741725e-15,8.33449397517e-16],"dvar2":[0.0000107923970063,0.0000039541150727,0.00000276093146567,0.00000558075225854,0.00000253010625784,0.00000319033506457,0.00000131123988467,5.25508710325e-7,1.59484926598e-7,1.49794203708e-7,6.94642920962e-8,1.32841520895e-7,1.16680896056e-8,3.31256577724e-9,4.02824573698e-9,6.84307810417e-9,7.4394979066e-10,2.87550483424e-10,1.81113971043e-10,5.15287326697e-11,6.76189937376e-11,1.19313212088e-10,1.3713984115e-10,3.62340539517e-11,1.64275381492e-11,7.7790890049e-12,2.30428523484e-12,1.20434879517e-12,5.45920893127e-13,1.44776443438e-12,7.29071425627e-13,5.27164629224e-13,1.97233844383e-13,5.86059860038e-14,2.48300762817e-14,2.16811669258e-14,4.97502980449e-15,3.49442616533e-15,2.70578449308e-15,2.11472405546e-15],"max":[0.0325668081641,0.0154576320201,0.0212012380362,0.0326598510146,0.0303202271461,0.0274011287838,0.0206655226648,0.0139105208218,0.0106349270791,0.00741180311888,0.00480821775272,0.00692443689331,0.00218787393533,0.000940259313211,0.00110778491944,0.00465493043885,0.000566321890801,0.000241692454438,0.000249408796662,0.000118023643154,0.000175653563929,0.00026279775193,0.000309980270686,0.000190345934243,0.000172035113792,0.0000864212124725,0.0000581073036301,0.0000206281129067,0.0000315798970405,0.000068720561103,0.0000449997351097,0.0000317461672239,0.0000178704540303,0.00000930117130338,0.00000500166288475,0.00000527893917024,6.59960107896e-7,5.40530038506e-7,4.77407809285e-7,4.23668666372e-7],"mean":[0.00232623657212,0.00128710945137,0.000775072490796,0.0011133790249,0.000776789675001,0.00071744871093,0.000391902867705,0.00022620013624,0.000126363273012,0.000112408401037,0.0000906009227037,0.000113494148536,0.0000379395023629,0.00002644973938,0.0000226912725338,0.0000187793339137,0.0000124950020108,0.00000870154599397,0.00000709486812411,0.00000334172068506,0.0000026751652058,0.00000271890326076,0.00000266506845037,0.00000177693732439,0.00000133437424665,8.0829295257e-7,4.49492034704e-7,3.51394191966e-7,2.91040635148e-7,2.93955395136e-7,2.76912629715e-7,2.54329961535e-7,1.67574683019e-7,9.47842266896e-8,5.58704016385e-8,4.22104200481e-8,2.37657324931e-8,1.78123524819e-8,1.58543791429e-8,1.42306006978e-8],"median":[0.00129607412964,0.000794309424236,0.000300829589833,0.000332403142238,0.000196047767531,0.000103121448774,0.0000588065668126,0.0000327777743223,0.0000244536713581,0.0000242105052166,0.0000171507599589,0.0000171216743183,0.000010504911188,0.00000812738107925,0.00000461805848317,0.00000523133621755,0.00000450547122455,0.00000324972006638,0.0000026510006137,0.00000126220334096,8.0149624182e-7,6.52159087622e-7,6.10870870332e-7,4.77312596558e-7,3.53468294634e-7,2.16721019797e-7,1.2736005317e-7,1.12268438102e-7,1.00243411794e-7,9.9104475737e-8,9.05048764821e-8,8.64274554147e-8,5.79654582111e-8,3.61300322993e-8,2.05473025261e-8,1.51613228638e-8,8.10028844e-9,5.26205035101e-9,4.81113371364e-9,4.46848558155e-9],"min":[7.33325393316e-25,4.85081269546e-25,1.23126514492e-24,6.14198423335e-25,1.16403674225e-24,1.24153542365e-24,7.64793449256e-25,1.09271750414e-24,7.96445112571e-25,1.71471381752e-24,1.40060873215e-24,1.8362161463e-24,2.57104796812e-24,2.67696536363e-24,3.02291341109e-24,2.10389479524e-24,3.22801921859e-24,2.2437478036e-24,2.15461993195e-24,3.50741718515e-24,3.58911083163e-24,2.95342403445e-24,2.77346612652e-24,4.12094902102e-24,2.67433806239e-24,3.83627594159e-24,4.36165612118e-24,4.01347776673e-24,3.0032364591e-24,4.73878843186e-24,4.68697723089e-24,4.76355866428e-24,4.93851657458e-24,4.83013300266e-24,5.56126388354e-24,4.9958876672e-24,5.32171956435e-24,5.77980202012e-24,5.65511505987e-24,6.13128688505e-24],"var":[0.00000714098041499,0.00000236125765696,0.00000190125899735,0.0000045395881898,0.00000257939086623,0.00000312440124617,0.0000012825611293,4.95689619129e-7,1.54117913098e-7,1.19796879972e-7,5.67040103761e-8,9.72946239131e-8,7.9678663667e-9,2.76578626668e-9,3.41704819995e-9,4.30659641282e-9,5.13160458571e-10,2.29056509871e-10,1.65459063117e-10,3.95571214673e-11,4.59563047339e-11,1.32133345931e-10,1.44438211391e-10,4.022954192e-11,2.52791104022e-11,7.50542249878e-12,2.17080455174e-12,7.40826399791e-13,6.21058380505e-13,1.21476472544e-12,7.445685778e-13,4.21777088082e-13,1.95581127248e-13,6.27305350135e-14,2.49087148206e-14,1.44254488183e-14,2.274967866e-15,1.43617686696e-15,1.11648323338e-15,8.77656947006e-16]},"melbands_crest":{"dmean":3.96451210976,"dmean2":6.46310424805,"dvar":13.2720575333,"dvar2":33.4556236267,"max":38.3985977173,"mean":18.2077903748,"median":16.9721946716,"min":1.50762021542,"var":54.908908844},"melbands_flatness_db":{"dmean":0.0392684265971,"dmean2":0.061432108283,"dvar":0.00115889275912,"dvar2":0.00282196863554,"max":0.666359961033,"mean":0.326586663723,"median":0.327039480209,"min":0.0029763483908,"var":0.00629511941224},"melbands_kurtosis":{"dmean":13.3330764771,"dmean2":21.5103816986,"dvar":1031.55065918,"dvar2":2769.7434082,"max":1104.59960938,"mean":26.7182922363,"median":10.5499362946,"min":-1.86656081676,"var":3632.41601562},"melbands_skewness":{"dmean":0.906712710857,"dmean2":1.42927992344,"dvar":1.05646908283,"dvar2":2.5168402195,"max":24.3969631195,"mean":3.12452721596,"median":2.58923792839,"min":-2.42564511299,"var":6.11749744415},"melbands_spread":{"dmean":3.1903591156,"dmean2":4.96975278854,"dvar":23.9478092194,"dvar2":51.1423225403,"max":164.26121521,"mean":10.722114563,"median":6.7511844635,"min":0.161905840039,"var":339.774688721},"mfcc":{"cov":[[8507.96875,1561.51184082,-658.338317871,175.495742798,-371.96887207,-100.984870911,-428.81237793,-46.2377624512,-308.353546143,-246.154022217,-36.4285545349,-190.748413086,-159.535690308],[1561.51184082,1386.73742676,-6.69980049133,-102.697006226,-43.5024375916,34.777217865,-56.1684570312,-65.1106796265,-48.8983802795,-35.8352241516,11.9508199692,-68.2216110229,-43.3854064941],[-658.338317871,-6.69980049133,506.772644043,-6.74447965622,66.549041748,-53.6611061096,42.2415466309,-40.3445701599,30.986125946,52.6699523926,26.7119922638,30.9100761414,13.3783760071],[175.495742798,-102.697006226,-6.74447965622,363.043914795,-3.75826001167,31.9923934937,-44.2481193542,44.9674568176,15.8045005798,3.51119017601,31.961315155,22.1423988342,7.69429016113],[-371.96887207,-43.5024375916,66.549041748,-3.75826001167,201.189758301,48.6160926819,78.0013809204,12.9863147736,14.8083209991,19.1062927246,-12.7465429306,19.2453403473,10.1575241089],[-100.984870911,34.777217865,-53.6611061096,31.9923934937,48.6160926819,208.123260498,110.480445862,47.8923568726,20.554391861,-18.824640274,-15.0443344116,-10.0430335999,5.43085193634],[-428.81237793,-56.1684570312,42.2415466309,-44.2481193542,78.0013809204,110.480445862,205.642822266,64.1280136108,51.3158111572,7.83075284958,-24.9173488617,15.3848543167,11.3128385544],[-46.2377624512,-65.1106796265,-40.3445701599,44.9674568176,12.9863147736,47.8923568726,64.1280136108,137.491119385,40.3816947937,1.02053022385,-4.41968488693,4.15990400314,4.38729524612],[-308.353546143,-48.8983802795,30.986125946,15.8045005798,14.8083209991,20.554391861,51.3158111572,40.3816947937,110.351196289,51.50207901,9.33423233032,26.0127334595,16.7461204529],[-246.154022217,-35.8352241516,52.6699523926,3.51119017601,19.1062927246,-18.824640274,7.83075284958,1.02053022385,51.50207901,90.3118743896,39.131816864,31.0471057892,19.1573696136],[-36.4285545349,11.9508199692,26.7119922638,31.961315155,-12.7465429306,-15.0443344116,-24.9173488617,-4.41968488693,9.33423233032,39.131816864,76.9006500244,35.2811470032,11.0657424927],[-190.748413086,-68.2216110229,30.9100761414,22.1423988342,19.2453403473,-10.0430335999,15.3848543167,4.15990400314,26.0127334595,31.0471057892,35.2811470032,77.0896606445,41.662071228],[-159.535690308,-43.3854064941,13.3783760071,7.69429016113,10.1575241089,5.43085193634,11.3128385544,4.38729524612,16.7461204529,19.1573696136,11.0657424927,41.662071228,68.4685058594]],"icov":[[0.000211548031075,-0.000233129001572,0.000195810367586,-0.000162079217262,0.000174344342668,0.00010332121019,0.000156556416187,-0.0001529835572,0.000339919148246,0.0000748341917642,0.000162865631864,-0.0000974642825895,0.000203932635486],[-0.000233129001572,0.00108260300476,-0.000291850388749,0.000467638659757,-0.000155861387611,-0.00052019348368,0.000127967068693,0.000417918374296,-0.000459981674794,0.000237180880504,-0.000852235360071,0.000817759311758,-0.000149990344653],[0.000195810367586,-0.000291850388749,0.00269041513093,-0.000492648803629,-0.000547171046492,0.00142734136898,-0.00128491630312,0.00102530617733,-0.0000748228412704,-0.00037481074105,-0.000710639113095,0.000344286352629,-0.0000559192667424],[-0.000162079217262,0.000467638659757,-0.000492648803629,0.00372954970226,-0.000341194536304,-0.00164449342992,0.00226640352048,-0.00141722406261,-0.00085170607781,0.000669241999276,-0.00106315675657,-0.00103064044379,0.000313224038109],[0.000174344342668,-0.000155861387611,-0.000547171046492,-0.000341194536304,0.00675094965845,-0.00109964550938,-0.00152841454837,-0.0000448202736152,0.00201084185392,-0.00255000800826,0.0028648879379,-0.00243039196357,0.00103134522215],[0.00010332121019,-0.00052019348368,0.00142734136898,-0.00164449342992,-0.00109964550938,0.00902531575412,-0.0054841991514,0.000345880398527,-0.000765256001614,0.00258736289106,-0.00250730919652,0.00383838266134,-0.00231888401322],[0.000156556416187,0.000127967068693,-0.00128491630312,0.00226640352048,-0.00152841454837,-0.0054841991514,0.0118133444339,-0.00370592973195,-0.00191888969857,-0.000183669835678,0.00380399101414,-0.00411889981478,0.00180178903975],[-0.0001529835572,0.000417918374296,0.00102530617733,-0.00141722406261,-0.0000448202736152,0.000345880398527,-0.00370592973195,0.0107593294233,-0.00361523218453,0.00177331629675,-0.00162922893651,0.00182743812911,-0.000691227265634],[0.000339919148246,-0.000459981674794,-0.0000748228412704,-0.00085170607781,0.00201084185392,-0.000765256001614,-0.00191888969857,-0.00361523218453,0.0171709135175,-0.0103435274214,0.00467418227345,-0.00367568619549,0.00109757075552],[0.0000748341917642,0.000237180880504,-0.00037481074105,0.000669241999276,-0.00255000800826,0.00258736289106,-0.000183669835678,0.00177331629675,-0.0103435274214,0.0232862848788,-0.0111616738141,0.00215175724588,-0.00307853333652],[0.000162865631864,-0.000852235360071,-0.000710639113095,-0.00106315675657,0.0028648879379,-0.00250730919652,0.00380399101414,-0.00162922893651,0.00467418227345,-0.0111616738141,0.0253200531006,-0.012888032943,0.00507733039558],[-0.0000974642825895,0.000817759311758,0.000344286352629,-0.00103064044379,-0.00243039196357,0.00383838266134,-0.00411889981478,0.00182743812911,-0.00367568619549,0.00215175724588,-0.012888032943,0.0296656247228,-0.0147120244801],[0.000203932635486,-0.000149990344653,-0.0000559192667424,0.000313224038109,0.00103134522215,-0.00231888401322,0.00180178903975,-0.000691227265634,0.00109757075552,-0.00307853333652,0.00507733039558,-0.0147120244801,0.0234630163759]],"mean":[-750.583557129,184.414474487,9.65245914459,25.0004806519,2.50586748123,17.2030906677,0.978659927845,5.28519916534,2.0514292717,-0.532378792763,3.32949948311,-2.49251246452,-1.50234997272]},"pitch_salience":{"dmean":0.0799498856068,"dmean2":0.12949103117,"dvar":0.00480779772624,"dvar2":0.0121581954882,"max":0.858590960503,"mean":0.503095149994,"median":0.521418631077,"min":0.0489881075919,"var":0.0211135968566},"silence_rate_20dB":{"dmean":0,"dmean2":0,"dvar":0,"dvar2":0,"max":1,"mean":1,"median":1,"min":1,"var":0},"silence_rate_30dB":{"dmean":0.009311853908,"dmean2":0.0186254419386,"dvar":0.00922454800457,"dvar2":0.0225636735559,"max":1,"mean":0.988268136978,"median":1,"min":0,"var":0.0115939592943},"silence_rate_60dB":{"dmean":0.0230933986604,"dmean2":0.0461910963058,"dvar":0.0225608032197,"dvar2":0.0533727221191,"max":1,"mean":0.072998136282,"median":0,"min":0,"var":0.0676772966981},"spectral_centroid":{"dmean":125.260231018,"dmean2":189.341781616,"dvar":40831.6367188,"dvar2":74314.65625,"max":12059.7861328,"mean":758.536682129,"median":481.114135742,"min":107.590576172,"var":2080258.5},"spectral_complexity":{"dmean":2.03277778625,"dmean2":3.14164638519,"dvar":4.38047742844,"dvar2":8.88785839081,"max":36,"mean":9.76340770721,"median":9,"min":0,"var":32.1426544189},"spectral_contrast_coeffs":{"dmean":[0.052094578743,0.0471817292273,0.0376050584018,0.0291789676994,0.0268761087209,0.0379299409688],"dmean2":[0.0849728509784,0.0773284807801,0.0614151097834,0.0477362349629,0.0435682609677,0.0593079328537],"dvar":[0.00177587766666,0.0014279052848,0.000941774284001,0.000578040198889,0.000543751579244,0.00148609932512],"dvar2":[0.00471730763093,0.00371715356596,0.00248447363265,0.00148751481902,0.00138957600575,0.00333485333249],"max":[-0.329480797052,-0.437045902014,-0.484594374895,-0.537690937519,-0.64831161499,-0.45260694623],"mean":[-0.684448897839,-0.764262199402,-0.797428190708,-0.824357151985,-0.849763154984,-0.794174790382],"median":[-0.691604018211,-0.774417281151,-0.802781939507,-0.82419103384,-0.84785926342,-0.809381425381],"min":[-0.978587031364,-0.979518711567,-0.978013336658,-0.987595558167,-0.969810366631,-0.964912474155],"var":[0.0108985397965,0.00686631444842,0.00422585150227,0.00266080419533,0.00218290323392,0.00459504546598]},"spectral_contrast_valleys":{"dmean":[0.374716222286,0.384780317545,0.340823143721,0.34213539958,0.439062267542,0.670025467873],"dmean2":[0.618786752224,0.614617705345,0.541350007057,0.531868517399,0.672370314598,1.08779668808],"dvar":[0.10236877203,0.107051745057,0.0892960727215,0.107249870896,0.164028838277,0.338101029396],"dvar2":[0.260126769543,0.261381208897,0.212477892637,0.253043144941,0.39771771431,0.867239356041],"max":[-5.33371925354,-4.15989685059,-5.35635280609,-6.01911783218,-6.18363523483,-9.14096641541],"mean":[-7.29085206985,-7.22415018082,-7.88862323761,-8.60637283325,-9.05828666687,-11.8129281998],"median":[-6.84613609314,-6.8489112854,-7.49523067474,-8.18991374969,-8.67426300049,-11.5005245209],"min":[-28.5090484619,-28.229631424,-27.8355255127,-27.6496639252,-27.4995651245,-27.4068603516],"var":[7.95234727859,8.37764167786,7.70436954498,7.19830369949,6.90836238861,5.2795624733]},"spectral_decrease":{"dmean":2.2486632556e-9,"dmean2":3.58315466187e-9,"dvar":8.70932345821e-18,"dvar2":2.22931594005e-17,"max":1.86875293018e-9,"mean":-6.03907190921e-9,"median":-4.51687753866e-9,"min":-4.92092127047e-8,"var":3.33494970046e-17},"spectral_energy":{"dmean":0.00923144165426,"dmean2":0.0145138679072,"dvar":0.000138726638397,"dvar2":0.000345107197063,"max":0.204343780875,"mean":0.0287396423519,"median":0.0222117081285,"min":9.96180397164e-21,"var":0.00061994639691},"spectral_energyband_high":{"dmean":0.0000419805110141,"dmean2":0.0000615431272308,"dvar":1.03487787229e-8,"dvar2":2.05203978254e-8,"max":0.00458107097074,"mean":0.0000677306816215,"median":0.0000280453514279,"min":6.99266824345e-21,"var":2.28829470927e-8},"spectral_energyband_low":{"dmean":0.0053969793953,"dmean2":0.00896324869245,"dvar":0.0000577346145292,"dvar2":0.000158518261742,"max":0.107646085322,"mean":0.011137814261,"median":0.00833513401449,"min":9.37529394761e-24,"var":0.000110047258204},"spectral_energyband_middle_high":{"dmean":0.000811568752397,"dmean2":0.00123950152192,"dvar":0.00000311384906126,"dvar2":0.00000751330389903,"max":0.0444286875427,"mean":0.00182835175656,"median":0.000656014657579,"min":1.13457706385e-21,"var":0.00000925389758777},"spectral_energyband_middle_low":{"dmean":0.00523577071726,"dmean2":0.00796927046031,"dvar":0.0000885213521542,"dvar2":0.000218695960939,"max":0.185035347939,"mean":0.0133611373603,"median":0.0049819429405,"min":1.66979462607e-22,"var":0.000368159147911},"spectral_entropy":{"dmean":0.274263501167,"dmean2":0.428599953651,"dvar":0.0601834245026,"dvar2":0.149229511619,"max":9.82332611084,"mean":7.03527975082,"median":6.99725055695,"min":5.12830209732,"var":0.354999274015},"spectral_flux":{"dmean":0.0207462012768,"dmean2":0.0336563885212,"dvar":0.000458711176179,"dvar2":0.00114230543841,"max":0.311555325985,"mean":0.077899672091,"median":0.0720871984959,"min":6.3528862726e-11,"var":0.00190441857558},"spectral_kurtosis":{"dmean":6.77083683014,"dmean2":10.8514385223,"dvar":49.6847686768,"dvar2":126.539428711,"max":83.0999298096,"mean":20.1276435852,"median":18.3108768463,"min":-1.26122450829,"var":111.609184265},"spectral_rms":{"dmean":0.00080667209113,"dmean2":0.00123970815912,"dvar":6.55433495922e-7,"dvar2":0.00000155425095727,"max":0.0141194825992,"mean":0.00478918245062,"median":0.00465510040522,"min":3.11750430158e-12,"var":0.00000510235167894},"spectral_rolloff":{"dmean":3725.23095703,"dmean2":7265.25537109,"dvar":58229764,"dvar2":142909904,"max":22050,"mean":7360.47314453,"median":882.861328125,"min":43.06640625,"var":94958152},"spectral_skewness":{"dmean":0.517901718616,"dmean2":0.815133750439,"dvar":0.242683187127,"dvar2":0.608151316643,"max":7.00406646729,"mean":3.20923423767,"median":3.20006608963,"min":-0.0644205734134,"var":0.869874060154},"spectral_spread":{"dmean":659368.6875,"dmean2":1059872.125,"dvar":398687174656,"dvar2":973345259520,"max":42963100,"mean":4219993,"median":3432602.5,"min":1385963.75,"var":25459859390500},"spectral_strongpeak":{"dmean":1.90930199623,"dmean2":3.58525133133,"dvar":55.238117218,"dvar2":155.703216553,"max":92.107131958,"mean":1.57175898552,"median":0.262036502361,"min":0,"var":38.2283592224},"zerocrossingrate":{"dmean":0.0388330221176,"dmean2":0.0496303923428,"dvar":0.00135764898732,"dvar2":0.00221288017929,"max":0.75537109375,"mean":0.218118920922,"median":0.19482421875,"min":0.0048828125,"var":0.0110441995785}},"metadata":{"audio_properties":{"analysis_sample_rate":44100,"bit_rate":112000,"codec":"mp3","downmix":"mix","equal_loudness":0,"length":249.338775635,"lossless":false,"md5_encoded":"662a50a43f0be20b247e32de99182134","replay_gain":-2.49864959717,"sample_rate":44100},"tags":{"album":["American Beauty"],"albumartist":["Grateful Dead"],"albumartistsort":["Grateful Dead"],"artist":["Grateful Dead"],"artistsort":["Grateful Dead"],"asin":["B000002KBH"],"date":["1970-11"],"file_name":"07 Brokedown Palace.mp3","musicbrainz album release country":["US"],"musicbrainz album status":["official"],"musicbrainz album type":["album"],"musicbrainz_albumartistid":["6faa7ca7-0d99-4a5e-bfa6-1fd5037520c6"],"musicbrainz_albumid":["890b13c3-9422-4d78-b5a9-62451f43ebba"],"musicbrainz_artistid":["6faa7ca7-0d99-4a5e-bfa6-1fd5037520c6"],"musicbrainz_recordingid":["eb553698-fdbe-4307-87b3-92b05e818cf8"],"title":["Brokedown Palace"],"tracknumber":["7/10"]},"version":{"essentia":"2.1-beta1","essentia_build_sha":"9f04d4dd351e2d05498f0c7e4880499648f24ac0","essentia_git_sha":"v2.1_beta1-34-gf95df8b","extractor":"music 1.0"}},"rhythm":{"beats_count":481,"beats_loudness":{"dmean":0.0243644081056,"dmean2":0.0453446246684,"dvar":0.000633247604128,"dvar2":0.00201250147074,"max":0.176265314221,"mean":0.0359017774463,"median":0.0304738171399,"min":0,"var":0.000736993912142},"beats_loudness_band_ratio":{"dmean":[0.241177082062,0.175040647388,0.0976460129023,0.0506783761084,0.0178462546319,0.0890761613846],"dmean2":[0.420966148376,0.298485219479,0.177311494946,0.0897567793727,0.0337668173015,0.166167810559],"dvar":[0.0323200039566,0.0226200297475,0.0121526848525,0.0033320619259,0.00143347482663,0.00622674869373],"dvar2":[0.103691644967,0.0684660598636,0.0354293100536,0.00937274843454,0.00430430378765,0.0191636551172],"max":[0.984875917435,0.779912948608,0.714579939842,0.346357494593,0.351276487112,0.5484593510