{"lowlevel":{"average_loudness":0.777835965157,"barkbands":{"dmean":[0.0000398840056732,0.00103150238283,0.00145859608892,0.000349940208253,0.000748614780605,0.000215598483919,0.0000907615685719,0.000264204019913,0.000654515111819,0.000663376005832,0.000524107832462,0.000533605460078,0.000618541322183,0.000141676253406,0.000728431390598,0.000324947817717,0.000555300910491,0.000314505130518,0.000137625160278,0.0000593679505982,0.0000271619155683,0.000021270236175,0.0000242094738496,0.0000171808114828,0.0000108713775262,0.00000519184868608,5.56313636935e-7],"dmean2":[0.0000613901065663,0.00156922719907,0.00207852083258,0.000569166440982,0.00114127353299,0.000334541022312,0.000145325437188,0.000430368818343,0.00103242951445,0.00101866829209,0.000829135125969,0.000872369972058,0.00099118356593,0.000226615011343,0.00113139895257,0.000530820689164,0.000871452095453,0.000507908465806,0.000210915750358,0.0000905010456336,0.0000417894480051,0.0000312541378662,0.0000373627153749,0.0000256360344792,0.0000155080524564,0.00000745274883229,9.84262101156e-7],"dvar":[3.5042246882e-9,0.00000164807181591,0.00000518372553415,2.54867018157e-7,0.000001514589826,1.49931096871e-7,2.12584971848e-8,3.48151729668e-7,0.00000261826676251,0.00000257781175605,0.00000148100912156,0.00000117499996577,0.00000155635291321,1.3946009858e-7,0.00000536461266165,8.11907341358e-7,0.00000218807440433,0.00000134149979658,1.57563732728e-7,2.04168024709e-8,4.036056378e-9,1.44142686676e-9,1.81883608175e-9,7.47350459296e-10,3.35479283242e-10,9.12417363885e-11,3.23050830878e-12],"dvar2":[7.01357993904e-9,0.0000035704038055,0.0000106680436147,6.43234841391e-7,0.00000363301705875,3.51832341039e-7,5.1534630785e-8,9.59559883995e-7,0.00000607180891166,0.0000056712406149,0.0000034061124552,0.00000306590573018,0.00000393809068555,3.29666761445e-7,0.0000134268284455,0.00000187487808034,0.00000507620234202,0.00000306291144625,3.18458660331e-7,4.1483726676e-8,9.76708047773e-9,2.67187072467e-9,4.32859792454e-9,1.76713410571e-9,7.72255204229e-10,2.20915896687e-10,9.17951045037e-12],"max":[0.000669237342663,0.0177571736276,0.0334768779576,0.00694367336109,0.0184349007905,0.00600009597838,0.00276127760299,0.00991142168641,0.0387241318822,0.0477015338838,0.0199245270342,0.0252241361886,0.0237320698798,0.00999544747174,0.0531790815294,0.014743629843,0.0350104048848,0.0275859031826,0.015502137132,0.00392438005656,0.00135556305759,0.00104444427416,0.000733489985578,0.00030278757913,0.00021868312615,0.000152554246597,0.0000648019704386],"mean":[0.0000759364775149,0.00269972975366,0.00344340410084,0.000612368574366,0.00119149533566,0.000299740146147,0.00013323398889,0.000475320091937,0.00110982730985,0.00113888236228,0.000869443523698,0.000986096216366,0.00112165440805,0.000243827991653,0.00139728479553,0.000514521438163,0.000859880296048,0.000476811197586,0.000235982501181,0.000109166401671,0.0000427492959716,0.0000373734219465,0.0000377539690817,0.0000283062108792,0.0000173761654878,0.00000699250676917,4.87871432142e-7],"median":[0.000043014952098,0.00254739471711,0.00200596195646,0.00037830582005,0.000681845122017,0.000139132287586,0.0000713733606972,0.000147186918184,0.000445249374025,0.000492881983519,0.000296694226563,0.000372584094293,0.000486713601276,0.000095495939604,0.000137849972816,0.000093020265922,0.000117510542623,0.0000657155469526,0.000051440903917,0.0000463837714051,0.0000186330162251,0.000021907966584,0.0000212967152038,0.000016336221961,0.00000891101626621,0.00000301630598187,1.58171786779e-7],"min":[1.22649143204e-23,3.93626130032e-23,3.04467555911e-23,1.8630979227e-23,3.39898991033e-23,5.79577243026e-23,3.41344846855e-23,2.86274561724e-23,1.10721146643e-22,7.82623981578e-23,1.04277478334e-22,8.44844533507e-23,2.59932066407e-22,8.20475736621e-23,1.72712070629e-22,1.71974643455e-22,1.43108758807e-22,1.51124570103e-22,3.82341569446e-22,3.22010648618e-22,4.62550926805e-22,5.17349168518e-22,5.94106773479e-22,8.92775267725e-22,1.32088818772e-21,1.62343343476e-21,2.63674543711e-21],"var":[8.97407126388e-9,0.00000471324710816,0.0000172976251633,5.19683169387e-7,0.00000229141028285,2.10350265206e-7,3.35051204559e-8,7.62525701248e-7,0.00000428027078669,0.00000444891065854,0.00000278182255897,0.00000285337432615,0.00000340877545568,3.01589579976e-7,0.00001487323334,0.00000148928461385,0.00000516873114975,0.00000241341535911,3.87287144576e-7,5.14187306067e-8,5.86266679647e-9,2.84806689343e-9,2.42181164012e-9,1.06848685455e-9,4.97878127614e-10,1.09341619092e-10,1.97435557486e-12]},"barkbands_crest":{"dmean":2.02167415619,"dmean2":3.18580389023,"dvar":3.8477036953,"dvar2":9.09242725372,"max":22.8913154602,"mean":9.23318195343,"median":8.44935321808,"min":2.50789356232,"var":12.6503267288},"barkbands_flatness_db":{"dmean":0.0184729732573,"dmean2":0.0269549451768,"dvar":0.000353364739567,"dvar2":0.00078143121209,"max":0.420900642872,"mean":0.131307974458,"median":0.127531498671,"min":0.0328782759607,"var":0.00137919653207},"barkbands_kurtosis":{"dmean":2.11741232872,"dmean2":3.18123197556,"dvar":69.1243896484,"dvar2":191.008926392,"max":381.120635986,"mean":2.85516691208,"median":0.356701374054,"min":-1.9891346693,"var":83.2521820068},"barkbands_skewness":{"dmean":0.464992135763,"dmean2":0.68667280674,"dvar":0.302107453346,"dvar2":0.674879431725,"max":12.9658222198,"mean":0.983251094818,"median":0.80167889595,"min":-3.5308740139,"var":2.17705225945},"barkbands_spread":{"dmean":4.47526693344,"dmean2":6.91402626038,"dvar":32.5432815552,"dvar2":69.0328826904,"max":166.504577637,"mean":25.45013237,"median":21.1181716919,"min":0.47412481904,"var":570.675720215},"dissonance":{"dmean":0.0176872778684,"dmean2":0.0302755832672,"dvar":0.00028564161039,"dvar2":0.000783393799793,"max":0.500000119209,"mean":0.471056163311,"median":0.475634753704,"min":0.322031378746,"var":0.000462791271275},"dynamic_complexity":4.49663352966,"erbbands":{"dmean":[0.030505232513,0.260290175676,1.47254908085,1.34369802475,1.79305911064,2.77419281006,2.11805057526,1.6425178051,1.34841287136,1.94768750668,8.49389266968,14.0449533463,20.0384998322,18.0105381012,20.7338371277,24.3893718719,28.383184433,9.24081134796,31.134103775,26.9742164612,20.3455123901,25.2483444214,20.1874904633,7.20625734329,6.89955282211,2.68951296806,1.2100404501,1.04419314861,0.686243355274,0.884338736534,0.670781195164,0.448707103729,0.23726785183,0.131205007434,0.0745638534427,0.028448978439,0.0083190118894,0.00137798977084,0.0000912837640499,0.00000803447619546],"dmean2":[0.0452253259718,0.401182323694,2.12488055229,1.98273050785,2.84959769249,4.24613237381,3.29502344131,2.52732682228,2.15566563606,3.1367764473,13.9059095383,22.1382865906,30.6688499451,28.3548526764,32.6009368896,39.6880722046,45.4774665833,14.5282497406,48.2227134705,42.5230178833,32.3675308228,39.9416694641,32.2265281677,11.2226839066,10.4870510101,4.08738946915,1.84296309948,1.61391663551,1.00990724564,1.36814200878,1.02662551403,0.685841023922,0.352199465036,0.19032715261,0.109062381089,0.0409963168204,0.0120711978525,0.00219716411084,0.000157922433573,0.0000117137324196],"dvar":[0.00157872447744,0.118429452181,5.36883211136,4.199010849,9.5694437027,23.5211296082,16.4460792542,9.23692989349,5.47866153717,10.4121370316,346.196960449,1236.17675781,2468.34814453,2761.31103516,2263.51220703,2403.58056641,3459.46777344,425.654418945,12355.0341797,5689.30371094,2658.78613281,4971.72509766,5207.88525391,409.174468994,406.053009033,42.0426979065,7.36720085144,6.30594873428,1.95187783241,2.21684646606,1.38325822353,0.543523788452,0.142601072788,0.0464437007904,0.0167690794915,0.00255275052041,0.000250992074143,0.0000102578660517,7.27830524738e-8,2.42240838499e-10],"dvar2":[0.00290536414832,0.263570934534,11.0789251328,8.94124889374,23.2150630951,57.5877952576,39.1377716064,21.4901046753,13.1009626389,27.2779502869,949.030456543,2986.83642578,5459.41308594,6640.94287109,4963.65917969,6313.52197266,8811.09472656,953.971252441,30164.8964844,13269.9619141,5857.70458984,11811.1083984,11636.9990234,863.449462891,813.210876465,81.6518630981,16.0074672699,15.3794965744,3.53439068794,5.13507938385,3.23130750656,1.28210580349,0.330881267786,0.106585688889,0.0383719280362,0.00599383190274,0.000614884716924,0.0000276617611235,2.05809556064e-7,6.13371575753e-10],"max":[0.343576431274,5.03409862518,33.2243537903,44.1324882507,51.40259552,73.8632583618,77.4239044189,52.6561355591,33.2938308716,65.4303817749,330.643890381,872.158203125,1458.08459473,1451.89526367,930.048339844,1110.21289062,1152.0090332,584.941772461,2473.6340332,2154.60449219,1235.77526855,1948.20153809,1891.40112305,424.779174805,712.168518066,202.616989136,45.7977256775,60.416809082,39.6445922852,23.6403331757,18.4580764771,7.92203807831,4.99938344955,2.25391316414,1.56398177147,0.815667808056,0.294197291136,0.0834797769785,0.00915683992207,0.000559567590244],"mean":[0.082233056426,0.64154112339,3.53660178185,2.98944878578,2.96701717377,4.147564888,3.25605368614,2.19098091125,1.85265505314,3.79538536072,15.4685878754,24.7970809937,35.0741920471,30.2368335724,38.4877128601,48.3607406616,53.4474716187,19.5144081116,60.1173629761,49.0461463928,34.5941810608,39.8806991577,31.4171447754,12.850479126,12.4395999908,5.07503986359,2.12476205826,1.61726260185,1.21487307549,1.4346575737,1.04429852962,0.726373195648,0.38571497798,0.214097797871,0.11467231065,0.0409302562475,0.010759611614,0.00139393866993,0.0000928699446376,0.0000250063130807],"median":[0.0829688608646,0.556832194328,2.12831401825,1.88598752022,1.84099698067,2.21190690994,1.72414255142,1.00406622887,1.00153803825,1.9013081789,5.45848417282,10.8186807632,16.3583087921,14.0544281006,15.4133224487,22.4138526917,25.0023880005,10.2818527222,7.58906412125,7.15722894669,5.3421049118,6.40081787109,4.2921333313,2.29608917236,3.22553396225,2.08509683609,0.89713793993,0.718981027603,0.673414945602,0.877094626427,0.564182758331,0.423317581415,0.212418183684,0.114163674414,0.056753449142,0.0189095530659,0.00436091329902,0.000459196278825,0.000039573347749,0.0000219973189814],"min":[1.80475946257e-21,6.77607455434e-21,2.33850340738e-20,5.18471185705e-20,1.83606114018e-19,3.75450042207e-20,9.65279966782e-20,7.10903575353e-19,3.09572395947e-19,8.783690304e-19,9.63552193278e-19,2.37989995194e-18,1.8810233954e-18,5.06450635817e-18,2.55941055257e-18,4.56359555771e-18,1.01234813596e-17,5.86787120012e-18,8.4018273373e-18,8.05929267282e-18,9.94103261342e-18,7.94052277174e-18,6.86820635748e-18,1.46533804743e-17,1.89274723302e-17,1.45499862064e-17,1.45838212022e-17,2.08405061677e-17,1.90181660669e-17,2.05167079713e-17,1.64509481701e-17,1.85935031209e-17,1.40340504973e-17,1.44440955075e-17,9.01025672814e-18,5.34652945212e-18,3.08961016416e-18,1.6744486859e-18,3.52604037472e-19,3.41440575946e-20],"var":[0.00442899111658,0.316147983074,18.1595401764,13.3628883362,14.1652078629,33.8523216248,25.1204738617,12.250043869,6.95262002945,26.6507701874,693.588928223,2083.5847168,4046.5625,3868.62084961,5265.81591797,6122.68701172,7433.00585938,1111.1932373,35535.375,15164.3183594,5987.81982422,10898.7275391,9838.10644531,1052.50866699,1051.97546387,98.7302322388,14.3864374161,8.71576881409,3.7818801403,3.02795100212,1.9510102272,0.741246938705,0.209757223725,0.0697401612997,0.0237047653645,0.00331498519517,0.00028426956851,0.0000080928002717,4.65809755212e-8,4.22420015633e-10]},"erbbands_crest":{"dmean":2.57495331764,"dmean2":4.17273616791,"dvar":6.30182409286,"dvar2":15.4697561264,"max":31.1299438477,"mean":9.37006855011,"median":8.44713878632,"min":1.62524735928,"var":21.9358215332},"erbbands_flatness_db":{"dmean":0.0172971151769,"dmean2":0.0258072670549,"dvar":0.000294421450235,"dvar2":0.000592134369072,"max":0.355983287096,"mean":0.161156564951,"median":0.160906583071,"min":0.00726641574875,"var":0.0029312139377},"erbbands_kurtosis":{"dmean":0.97403806448,"dmean2":1.53419482708,"dvar":1.81371426582,"dvar2":4.28881168365,"max":34.2256546021,"mean":1.36487400532,"median":0.941415667534,"min":-1.57778000832,"var":5.18777036667},"erbbands_skewness":{"dmean":0.325919032097,"dmean2":0.503475248814,"dvar":0.0879331305623,"dvar2":0.20800074935,"max":3.58082842827,"mean":0.0154387066141,"median":0.0737372934818,"min":-2.73061299324,"var":0.384466439486},"erbbands_spread":{"dmean":5.93252229691,"dmean2":8.9961566925,"dvar":49.6195678711,"dvar2":112.519042969,"max":119.907218933,"mean":30.4391498566,"median":22.0697307587,"min":1.9407068491,"var":510.06539917},"gfcc":{"cov":[[35200.0898438,4564.65771484,-3699.88964844,377.00100708,-950.316223145,944.654785156,-776.174316406,583.40411377,-741.143859863,-178.448501587,-466.376251221,-73.1037521362,-457.338256836],[4564.65771484,1148.22314453,-380.10748291,-39.1081924438,-70.244354248,244.408416748,35.4329299927,117.155548096,-52.0567970276,-25.7652130127,-28.8348808289,-60.471206665,-77.4259643555],[-3699.88964844,-380.10748291,1246.12243652,64.5260620117,-135.960464478,-8.63118267059,30.538444519,-43.6423873901,46.593837738,113.653625488,38.4382400513,-4.83090162277,-58.315574646],[377.00100708,-39.1081924438,64.5260620117,264.554656982,125.972312927,33.5488052368,-26.5090866089,9.41008853912,-8.72351551056,-9.49211025238,6.04292917252,18.7618751526,11.645401001],[-950.316223145,-70.244354248,-135.960464478,125.972312927,476.198638916,104.917686462,122.159187317,47.2889060974,80.5125350952,-55.3670539856,39.8144454956,22.818271637,82.3159637451],[944.654785156,244.408416748,-8.63118267059,33.5488052368,104.917686462,211.005355835,77.6390457153,67.2170028687,14.5874042511,6.71617221832,0.811402320862,-14.2028198242,-10.69876194],[-776.174316406,35.4329299927,30.538444519,-26.5090866089,122.159187317,77.6390457153,179.301315308,51.1607284546,51.4811973572,-6.54339361191,39.8451156616,-20.7587375641,0.711497604847],[583.40411377,117.155548096,-43.6423873901,9.41008853912,47.2889060974,67.2170028687,51.1607284546,87.6624221802,17.3740348816,-9.4275560379,0.674132764339,-0.420933514833,-8.44183063507],[-741.143859863,-52.0567970276,46.593837738,-8.72351551056,80.5125350952,14.5874042511,51.4811973572,17.3740348816,85.0152130127,21.4411354065,13.1322631836,-10.5135040283,12.223115921],[-178.448501587,-25.7652130127,113.653625488,-9.49211025238,-55.3670539856,6.71617221832,-6.54339361191,-9.4275560379,21.4411354065,73.4647598267,21.8268814087,-16.4588394165,-26.9895210266],[-466.376251221,-28.8348808289,38.4382400513,6.04292917252,39.8144454956,0.811402320862,39.8451156616,0.674132764339,13.1322631836,21.8268814087,67.032119751,13.5689163208,-8.86838436127],[-73.1037521362,-60.471206665,-4.83090162277,18.7618751526,22.818271637,-14.2028198242,-20.7587375641,-0.420933514833,-10.5135040283,-16.4588394165,13.5689163208,65.7906188965,38.231426239],[-457.338256836,-77.4259643555,-58.315574646,11.645401001,82.3159637451,-10.69876194,0.711497604847,-8.44183063507,12.223115921,-26.9895210266,-8.86838436127,38.231426239,90.0951461792]],"icov":[[0.000445482699433,-0.000904944434296,0.00118287513033,-0.00112337176688,0.000789840996731,-0.00113290501758,0.00118841184303,-0.0015243801754,0.00122144841589,-0.00116995838471,0.00164938403759,-0.00148707593326,0.00166329508647],[-0.000904944434296,0.00366102717817,-0.00190518132877,0.00232984567992,-0.000538086285815,-0.000205708551221,-0.00159257592168,0.00199724850245,-0.00251252879389,0.00409345887601,-0.00480391597375,0.00468573207036,-0.00320892804302],[0.00118287513033,-0.00190518132877,0.00440073106438,-0.00367226265371,0.00290044397116,-0.00366948707961,0.00227322429419,-0.00330585264601,0.00249131931923,-0.00406257016584,0.00471710320562,-0.00479288864881,0.00521999876946],[-0.00112337176688,0.00232984567992,-0.00367226265371,0.00846668612212,-0.00470527494326,0.00255796383135,-0.00033421991975,0.0025225719437,-0.000748362974264,0.00245459913276,-0.00441233627498,0.00375405116938,-0.0035202386789],[0.000789840996731,-0.000538086285815,0.00290044397116,-0.00470527494326,0.00839132256806,-0.00610206276178,0.00186784181278,-0.00230192462914,-0.00374425179325,0.00507271056995,-0.0030323129613,0.000107227555418,-0.000905731110834],[-0.00113290501758,-0.000205708551221,-0.00366948707961,0.00255796383135,-0.00610206276178,0.0150529788807,-0.00763993430883,0.000747357204091,0.00136065296829,-0.00563463009894,0.00298982486129,0.000377363699954,-0.0028786691837],[0.00118841184303,-0.00159257592168,0.00227322429419,-0.00033421991975,0.00186784181278,-0.00763993430883,0.018390327692,-0.00942742452025,-0.00120088784024,0.00583859393373,-0.0082455649972,0.00586703093722,0.0011468451703],[-0.0015243801754,0.00199724850245,-0.00330585264601,0.0025225719437,-0.00230192462914,0.000747357204091,-0.00942742452025,0.0254917610437,-0.00899421889335,0.00535887014121,-0.000824860995635,-0.00260972767137,0.0000192827010324],[0.00122144841589,-0.00251252879389,0.00249131931923,-0.000748362974264,-0.00374425179325,0.00136065296829,-0.00120088784024,-0.00899421889335,0.0275678895414,-0.0169503763318,0.00983580946922,-0.00217837281525,0.00157428649254],[-0.00116995838471,0.00409345887601,-0.00406257016584,0.00245459913276,0.00507271056995,-0.00563463009894,0.00583859393373,0.00535887014121,-0.0169503763318,0.0376714430749,-0.0234206896275,0.0149888601154,-0.005296792835],[0.00164938403759,-0.00480391597375,0.00471710320562,-0.00441233627498,-0.0030323129613,0.00298982486129,-0.0082455649972,-0.000824860995635,0.00983580946922,-0.0234206896275,0.041699077934,-0.0248063709587,0.0172616411],[-0.00148707593326,0.00468573207036,-0.00479288864881,0.00375405116938,0.000107227555418,0.000377363699954,0.00586703093722,-0.00260972767137,-0.00217837281525,0.0149888601154,-0.0248063709587,0.0395501442254,-0.0218923389912],[0.00166329508647,-0.00320892804302,0.00521999876946,-0.0035202386789,-0.000905731110834,-0.0028786691837,0.0011468451703,0.0000192827010324,0.00157428649254,-0.005296792835,0.0172616411,-0.0218923389912,0.0302857421339]],"mean":[-57.2654418945,89.3617019653,-121.797790527,28.577501297,-40.269859314,33.1981658936,-28.5183753967,13.2828140259,-25.1661739349,-6.75756168365,-18.2951030731,-1.49338698387,-12.2145700455]},"hfc":{"dmean":5.95044088364,"dmean2":8.81818675995,"dvar":133.771621704,"dvar2":285.961486816,"max":170.570861816,"mean":16.5929393768,"median":9.97182273865,"min":1.23584515754e-16,"var":434.148406982},"melbands":{"dmean":[0.000262475252384,0.000595010642428,0.000226067088079,0.000174737768248,0.0000832694786368,0.0000374707560695,0.0000198098332476,0.0000258113923337,0.0000823927184683,0.0000911732422537,0.00010198680684,0.0000746949590393,0.000069299057941,0.0000599773011345,0.0000744247663533,0.0000481382667203,0.0000148056824401,0.0000444279939984,0.0000456874950032,0.0000310565446853,0.0000266788283625,0.0000295057234325,0.0000273728564935,0.0000108205813376,0.00000569457370148,0.00000524502411281,0.00000393062600779,0.000001503154067,9.13747101094e-7,6.13414613326e-7,6.4501568886e-7,3.81569748242e-7,4.51074242847e-7,5.11033363182e-7,4.11151091839e-7,3.57502187853e-7,2.50064260854e-7,1.71222765744e-7,1.37232206043e-7,1.06095086494e-7],"dmean2":[0.000392419402488,0.000870336138178,0.000334194453899,0.000269068055786,0.000128160158056,0.0000576284437557,0.0000316046644002,0.0000416885559389,0.000135517519084,0.000142679462442,0.000156942813192,0.000117991206935,0.000109886648715,0.0000973363712546,0.000122381854453,0.0000758895548643,0.0000235846273426,0.0000694728514645,0.0000716340146028,0.0000498146946484,0.0000423713681812,0.0000469511469419,0.0000436190748587,0.0000173106454895,0.00000888397789822,0.00000821314279165,0.00000597250709689,0.00000230292744163,0.00000140082318012,9.77511945166e-7,0.00000100883983123,5.73561294459e-7,6.82915128891e-7,8.10371204807e-7,6.46138971661e-7,5.49883111489e-7,3.89815426161e-7,2.61148812797e-7,2.08107010735e-7,1.58728795441e-7],"dvar":[1.03975054344e-7,8.36113144942e-7,1.09366887102e-7,8.52192982848e-8,2.44369608993e-8,4.54765247682e-9,1.14500442461e-9,2.26643770418e-9,3.19030313278e-8,5.63713946633e-8,6.37829273842e-8,5.23790895102e-8,2.34365540308e-8,1.66088920395e-8,1.93031013396e-8,1.16809379946e-8,1.59803614785e-9,2.43622864105e-8,2.27631460348e-8,8.51137649249e-9,5.1686654956e-9,7.89215537367e-9,7.67194840989e-9,1.29697608209e-9,2.7168020611e-10,1.96809055164e-10,1.46779838284e-10,1.29083176439e-11,4.69766109693e-12,2.13938610751e-12,2.71935815879e-12,5.63255280091e-13,6.82009461926e-13,7.63001261565e-13,5.68545644591e-13,3.69364071664e-13,1.85321457616e-13,7.6879698625e-14,5.17730999673e-14,3.15464275254e-14],"dvar2":[2.08444177474e-7,0.00000173974501649,2.34420966194e-7,2.0482553964e-7,5.86974877592e-8,1.06009228062e-8,2.72422173708e-9,6.04143535199e-9,8.72114114259e-8,1.31431235673e-7,1.4209753374e-7,1.25332164203e-7,5.32680424215e-8,4.20374348664e-8,5.29697778973e-8,2.66983448682e-8,3.77731756984e-9,5.85103485662e-8,5.82375179192e-8,1.9410569152e-8,1.13324949425e-8,1.90828277624e-8,1.75937451274e-8,2.7955047166e-9,5.80358205937e-10,4.24611373839e-10,2.76966671819e-10,2.63072688633e-11,9.53667353421e-12,5.655055417e-12,6.51587377803e-12,1.05086338936e-12,1.36762411292e-12,1.85329334344e-12,1.36806299796e-12,8.50652285157e-13,4.59212420693e-13,1.80253503638e-13,1.20309700245e-13,7.20341687232e-14],"max":[0.00329184345901,0.0124854780734,0.0067131347023,0.00502146640792,0.00258004129864,0.00109264627099,0.00048553396482,0.000856475729961,0.00380519940518,0.00568059738725,0.00709600560367,0.00677084224299,0.00261212023906,0.00357151124626,0.00226085376926,0.00239690719172,0.001268046326,0.00358883501031,0.0035277758725,0.00189376540948,0.00220811087638,0.00255495449528,0.00166808080394,0.000953718961682,0.00037835695548,0.000390330358641,0.000531857658643,0.0000825145543786,0.0000449900289823,0.0000293238117592,0.0000380034580303,0.0000188793164853,0.0000197573008336,0.0000144497371366,0.0000129579539134,0.00000791024649516,0.00000525136192664,0.00000338490895047,0.00000318508386954,0.000001974864972],"mean":[0.000719094299711,0.00149621034507,0.000534430437256,0.000271632481599,0.000130930318846,0.0000507105214638,0.0000275809197774,0.0000497872242704,0.000143573226524,0.000158307128004,0.000173897031345,0.000119912401715,0.000119526936032,0.000115766633826,0.000139763011248,0.0000895866687642,0.0000267619489023,0.0000840101711219,0.0000842638401082,0.0000513747618243,0.0000417284391006,0.0000445586665592,0.0000401473516831,0.0000173830412677,0.00000939461733651,0.00000868515235197,0.00000720433035895,0.00000257106762547,0.00000151807944349,9.17458407912e-7,9.44723922203e-7,6.4847813519e-7,7.54706604766e-7,7.8197149378e-7,5.97195082719e-7,5.69254268612e-7,3.84490988381e-7,2.68196771458e-7,2.23584933678e-7,1.67388364503e-7],"median":[0.000728439888917,0.00098171911668,0.000367369502783,0.00015489422367,0.0000699897645973,0.000023489472369,0.0000147788614413,0.000021654928787,0.0000499615962326,0.0000682023819536,0.000078261604358,0.0000459472721559,0.0000454270557384,0.0000428697967436,0.0000641882361379,0.0000364864463336,0.0000111481749627,0.0000107276446215,0.000010240984011,0.00000726827784092,0.00000591347270529,0.00000670831286698,0.0000050724038374,0.00000266644156,0.00000151241044932,0.00000218854620471,0.00000236277355725,0.00000106226059415,5.72685735278e-7,4.07743698361e-7,4.05215075716e-7,3.49634262875e-7,4.53398683931e-7,4.75282632806e-7,3.07944276301e-7,3.21580898799e-7,2.19869875195e-7,1.45878402691e-7,1.22166426308e-7,8.61741682456e-8],"min":[1.35462973763e-23,1.1385079609e-23,1.46529650967e-23,7.84500082137e-24,2.85015523942e-24,1.39250989167e-23,5.40178421307e-24,8.75753855045e-24,9.73891701529e-24,1.54530467595e-23,8.83098465617e-24,1.98330123423e-23,1.02555246672e-23,9.91531656889e-24,1.74281162302e-23,2.32372469154e-23,9.0909009138e-24,1.27695147204e-23,1.16246180117e-23,1.28547740182e-23,1.02524473208e-23,7.9299926953e-24,7.35994681683e-24,6.35186067719e-24,1.23754637099e-23,1.52802578222e-23,1.13325556722e-23,9.20140297169e-24,9.38931516134e-24,8.48871132003e-24,1.42592966838e-23,1.17758016265e-23,9.84087965387e-24,1.09047871689e-23,9.15867905392e-24,8.87057679614e-24,1.34753424934e-23,1.01953606125e-23,9.41446168041e-24,1.39361587466e-23],"var":[3.05986560534e-7,0.00000272854458672,3.46703359355e-7,1.23469703794e-7,3.67081867125e-8,6.14993522774e-9,1.51835133355e-9,5.94674443022e-9,5.99829022008e-8,9.47892218051e-8,1.02614130526e-7,7.26973894416e-8,4.73640753285e-8,4.2620051488e-8,4.2882657425e-8,3.02129983254e-8,3.38766237284e-9,7.06340728129e-8,5.41770610596e-8,1.88493380904e-8,1.16768195113e-8,1.7094167859e-8,1.45905740823e-8,2.75873635047e-9,6.44406195072e-10,4.66649829889e-10,3.68060637523e-10,2.59486130499e-11,9.47762354708e-12,2.77564798402e-12,3.64842487818e-12,1.10616550641e-12,1.12336875913e-12,9.32020086108e-13,7.33462444426e-13,5.25074124805e-13,2.28747278281e-13,1.0672891607e-13,7.55429112277e-14,4.56114977059e-14]},"melbands_crest":{"dmean":2.73581290245,"dmean2":4.3563542366,"dvar":7.80319786072,"dvar2":17.9524974823,"max":38.0681190491,"mean":14.3602743149,"median":12.9821557999,"min":2.0692615509,"var":42.4521827698},"melbands_flatness_db":{"dmean":0.0229498744011,"dmean2":0.0334510542452,"dvar":0.000588889350183,"dvar2":0.00129860267043,"max":0.519177138805,"mean":0.195338457823,"median":0.194016963243,"min":0.00424982933328,"var":0.0020988904871},"melbands_kurtosis":{"dmean":6.24619483948,"dmean2":9.31161785126,"dvar":836.996704102,"dvar2":2319.18774414,"max":1356.62329102,"mean":12.3088274002,"median":2.74132108688,"min":-1.83620405197,"var":1062.50878906},"melbands_skewness":{"dmean":0.648870170116,"dmean2":0.945548355579,"dvar":0.790261924267,"dvar2":1.8298715353,"max":27.3278923035,"mean":2.19106054306,"median":1.67172825336,"min":-2.23022818565,"var":5.03251457214},"melbands_spread":{"dmean":6.23000478745,"dmean2":9.84515953064,"dvar":48.5619239807,"dvar2":115.82535553,"max":129.971130371,"mean":28.9475975037,"median":25.7517681122,"min":0.203188583255,"var":292.745727539},"mfcc":{"cov":[[13588.2832031,2402.43823242,-1298.5958252,-26.8564777374,197.21156311,143.383987427,225.06199646,519.081420898,65.2585449219,87.2172088623,-83.3638687134,8.57048034668,26.3047447205],[2402.43823242,1080.27209473,-65.069442749,-133.092971802,10.5637159348,96.2725524902,134.042266846,151.713653564,49.4670181274,73.7952270508,71.8700790405,40.897983551,0.765374243259],[-1298.5958252,-65.069442749,1015.40185547,9.82259654999,-92.5379333496,9.94101524353,-38.0890197754,-137.948791504,-72.8858337402,26.6671485901,109.818717957,31.5069561005,-12.0831489563],[-26.8564777374,-133.092971802,9.82259654999,233.767196655,120.869148254,24.912771225,12.1111116409,21.2381134033,-2.21075463295,-13.5763635635,-32.4845619202,-5.63629817963,25.1451396942],[197.21156311,10.5637159348,-92.5379333496,120.869148254,251.707046509,95.6742782593,62.5348091125,87.0044784546,62.7885055542,4.86596918106,-39.0933685303,-6.95490694046,35.9025306702],[143.383987427,96.2725524902,9.94101524353,24.912771225,95.6742782593,127.318481445,73.5896377563,51.9249572754,44.537563324,35.4388771057,9.97333717346,10.9637956619,18.8827552795],[225.06199646,134.042266846,-38.0890197754,12.1111116409,62.5348091125,73.5896377563,139.507354736,96.5528488159,33.1163101196,31.9646759033,28.8624992371,25.2899971008,21.9626655579],[519.081420898,151.713653564,-137.948791504,21.2381134033,87.0044784546,51.9249572754,96.5528488159,150.227294922,62.2833633423,13.6262636185,1.5336894989,15.826166153,20.8791618347],[65.2585449219,49.4670181274,-72.8858337402,-2.21075463295,62.7885055542,44.537563324,33.1163101196,62.2833633423,96.7314834595,31.2032775879,-15.6472873688,-3.62091326714,11.9715299606],[87.2172088623,73.7952270508,26.6671485901,-13.5763635635,4.86596918106,35.4388771057,31.9646759033,13.6262636185,31.2032775879,78.104598999,41.7333679199,12.2312898636,10.2855949402],[-83.3638687134,71.8700790405,109.818717957,-32.4845619202,-39.0933685303,9.97333717346,28.8624992371,1.5336894989,-15.6472873688,41.7333679199,103.527175903,44.9908447266,-5.32827949524],[8.57048034668,40.897983551,31.5069561005,-5.63629817963,-6.95490694046,10.9637956619,25.2899971008,15.826166153,-3.62091326714,12.2312898636,44.9908447266,64.0219192505,24.3304176331],[26.3047447205,0.765374243259,-12.0831489563,25.1451396942,35.9025306702,18.8827552795,21.9626655579,20.8791618347,11.9715299606,10.2855949402,-5.32827949524,24.3304176331,67.8354644775]],"icov":[[0.000171394276549,-0.000391920300899,0.00016173212498,-0.000168624828802,0.0000204838233913,-0.0000370580564777,0.000368059467291,-0.000456290901639,0.000543076661415,-0.000372053851606,0.000368234730558,-0.0000729906387278,0.0000657007331029],[-0.000391920300899,0.00224263756536,-0.000420289026806,0.00125547533389,0.0000539268003195,-0.00062302412698,-0.000739035313018,-0.000686504121404,-0.00031609708094,-0.000152708904352,-0.000664608553052,-0.000103676211438,0.000245810078923],[0.00016173212498,-0.000420289026806,0.00154316867702,-0.000657383992802,0.000342675222782,-0.000764791271649,0.000218179920921,0.00119329267181,0.000226832198678,0.000338383746566,-0.00158572371583,0.000394289701944,-0.000303130800603],[-0.000168624828802,0.00125547533389,-0.000657383992802,0.00724179716781,-0.0038013572339,0.000597754609771,-0.0000617931800662,-0.00122886209283,0.00281594530679,-0.00114130391739,0.00161372160073,-0.000572915654629,-0.000498164969031],[0.0000204838233913,0.0000539268003195,0.000342675222782,-0.0038013572339,0.00969948712736,-0.00559741770849,0.000690662127454,-0.00244614155963,-0.00251332996413,0.00200962345116,0.000401616707677,0.00177463167347,-0.00205069873482],[-0.0000370580564777,-0.00062302412698,-0.000764791271649,0.000597754609771,-0.00559741770849,0.0171982385218,-0.00719752954319,0.00357132451609,-0.00326027045958,-0.00325482920744,0.00099486799445,-0.00127948727459,0.000675776333082],[0.000368059467291,-0.000739035313018,0.000218179920921,-0.0000617931800662,0.000690662127454,-0.00719752954319,0.0196448173374,-0.0126404576004,0.00575728528202,-0.00386420078576,-0.00107682368252,-0.000761734961998,-0.0011458004592],[-0.000456290901639,-0.000686504121404,0.00119329267181,-0.00122886209283,-0.00244614155963,0.00357132451609,-0.0126404576004,0.0230665858835,-0.0120986755937,0.00760387536138,-0.00438871746883,-0.000431289343396,-0.00106170866638],[0.000543076661415,-0.00031609708094,0.000226832198678,0.00281594530679,-0.00251332996413,-0.00326027045958,0.00575728528202,-0.0120986755937,0.0248390045017,-0.0134133808315,0.00946430489421,-0.0022032612469,0.00207105628215],[-0.000372053851606,-0.000152708904352,0.000338383746566,-0.00114130391739,0.00200962345116,-0.00325482920744,-0.00386420078576,0.00760387536138,-0.0134133808315,0.0282464753836,-0.0161081384867,0.00800187792629,-0.00666856160387],[0.000368234730558,-0.000664608553052,-0.00158572371583,0.00161372160073,0.000401616707677,0.00099486799445,-0.00107682368252,-0.00438871746883,0.00946430489421,-0.0161081384867,0.0292494781315,-0.0179475210607,0.0097008543089],[-0.0000729906387278,-0.000103676211438,0.000394289701944,-0.000572915654629,0.00177463167347,-0.00127948727459,-0.000761734961998,-0.000431289343396,-0.0022032612469,0.00800187792629,-0.0179475210607,0.0324623771012,-0.0137690436095],[0.0000657007331029,0.000245810078923,-0.000303130800603,-0.000498164969031,-0.00205069873482,0.000675776333082,-0.0011458004592,-0.00106170866638,0.00207105628215,-0.00666856160387,0.0097008543089,-0.0137690436095,0.0227850768715]],"mean":[-682.792724609,119.199584961,-11.6729793549,10.0274353027,12.3923473358,14.4290561676,11.0416202545,18.8591079712,2.72847557068,4.57837629318,-3.30536174774,-2.55837631226,-1.24203598499]},"pitch_salience":{"dmean":0.0684392675757,"dmean2":0.106721557677,"dvar":0.00411173887551,"dvar2":0.00985526386648,"max":0.967421352863,"mean":0.525191783905,"median":0.517701923847,"min":0.089279524982,"var":0.00979509018362},"silence_rate_20dB":{"dmean":0,"dmean2":0,"dvar":0,"dvar2":0,"max":1,"mean":1,"median":1,"min":1,"var":0},"silence_rate_30dB":{"dmean":0,"dmean2":0,"dvar":0,"dvar2":0,"max":1,"mean":1,"median":1,"min":1,"var":0},"silence_rate_60dB":{"dmean":0.0147031098604,"dmean2":0.0294117648154,"dvar":0.0144874509424,"dvar2":0.0345841124654,"max":1,"mean":0.142857149243,"median":0,"min":0,"var":0.122451409698},"spectral_centroid":{"dmean":195.260757446,"dmean2":306.350830078,"dvar":54378.9101562,"dvar2":115774.53125,"max":11169.7910156,"mean":1403.42675781,"median":1227.31689453,"min":316.538146973,"var":430913.96875},"spectral_complexity":{"dmean":3.51630544662,"dmean2":5.52224731445,"dvar":17.3520431519,"dvar2":39.1118545532,"max":43,"mean":15.0757637024,"median":15,"min":0,"var":72.4932937622},"spectral_contrast_coeffs":{"dmean":[0.042928788811,0.0429963581264,0.0372583828866,0.0312826186419,0.0210197530687,0.0155767742544],"dmean2":[0.0691569074988,0.0716359466314,0.0602803938091,0.0516993477941,0.0343482159078,0.0259452350438],"dvar":[0.00128804065753,0.00119414390065,0.0010181304533,0.000706031103618,0.00034334952943,0.000276542967185],"dvar2":[0.00332577270456,0.00330117926933,0.00247065210715,0.00179095007479,0.000865292211529,0.00069600174902],"max":[-0.366812437773,-0.517143905163,-0.485377967358,-0.406943023205,-0.502919018269,-0.65053153038],"mean":[-0.6919516325,-0.775157809258,-0.76681047678,-0.758472442627,-0.784881770611,-0.796195030212],"median":[-0.697370767593,-0.779072284698,-0.771123111248,-0.762572169304,-0.797809839249,-0.798513054848],"min":[-0.993560910225,-0.978717803955,-0.965464532375,-0.970485031605,-0.96226477623,-0.956921994686],"var":[0.00679726433009,0.00477303517982,0.00632908940315,0.0070217596367,0.00449821352959,0.00137915683445]},"spectral_contrast_valleys":{"dmean":[0.347938001156,0.400486081839,0.346559166908,0.317497164011,0.310614854097,0.317422807217],"dmean2":[0.556174635887,0.619368910789,0.553363621235,0.504931032658,0.463309824467,0.425843119621],"dvar":[0.103810541332,0.138225629926,0.125135630369,0.116381250322,0.129453256726,0.138510584831],"dvar2":[0.234112128615,0.274993747473,0.248730093241,0.233522713184,0.239975571632,0.291358411312],"max":[-5.89526605606,-5.56910419464,-5.42913532257,-5.9558801651,-5.96014785767,-8.78242683411],"mean":[-7.62259101868,-7.65666818619,-7.53894901276,-8.05278015137,-8.16746044159,-10.6161556244],"median":[-6.98350524902,-7.25314617157,-7.04822731018,-7.62415838242,-7.88538360596,-10.3648843765],"min":[-27.3382759094,-27.3843135834,-27.0822887421,-26.8936271667,-27.2329425812,-27.3628940582],"var":[4.89556598663,3.79330658913,3.94154500961,3.52663373947,3.03818225861,2.37123990059]},"spectral_decrease":{"dmean":1.1941524436e-9,"dmean2":1.68856251204e-9,"dvar":2.57429794244e-18,"dvar2":5.40438701366e-18,"max":3.11972259903e-17,"mean":-4.41431247111e-9,"median":-4.10621092684e-9,"min":-1.99709013771e-8,"var":9.57809471196e-18},"spectral_energy":{"dmean":0.0049669072032,"dmean2":0.00704171042889,"dvar":0.0000480325252283,"dvar2":0.000101150500996,"max":0.0908461362123,"mean":0.0181656237692,"median":0.0165959000587,"min":1.12230209534e-20,"var":0.000173735141288},"spectral_energyband_high":{"dmean":0.000112737390737,"dmean2":0.00015595642617,"dvar":3.55459128798e-8,"dvar2":7.64999725789e-8,"max":0.00330044771545,"mean":0.000208247554838,"median":0.000118650081276,"min":8.01503682337e-21,"var":6.95417696761e-8},"spectral_energyband_low":{"dmean":0.00223351828754,"dmean2":0.00322952563874,"dvar":0.0000101044342955,"dvar2":0.000020733110432,"max":0.0415949076414,"mean":0.00658486131579,"median":0.0051767504774,"min":7.79703239853e-23,"var":0.0000357543867722},"spectral_energyband_middle_high":{"dmean":0.0029352447018,"dmean2":0.00451297545806,"dvar":0.0000319991304423,"dvar2":0.0000709441665094,"max":0.0755231454968,"mean":0.00764847686514,"median":0.00400114059448,"min":1.77001303009e-21,"var":0.000104876744444},"spectral_energyband_middle_low":{"dmean":0.00171627360396,"dmean2":0.00255113048479,"dvar":0.0000063818106355,"dvar2":0.0000141602595249,"max":0.0538483262062,"mean":0.00432250043377,"median":0.00344138871878,"min":2.92559429178e-22,"var":0.0000164008833963},"spectral_entropy":{"dmean":0.135175943375,"dmean2":0.20401135087,"dvar":0.0171810295433,"dvar2":0.037466391921,"max":9.79980945587,"mean":7.61332845688,"median":7.5787730217,"min":6.10660123825,"var":0.138030290604},"spectral_flux":{"dmean":0.0169629119337,"dmean2":0.0250826757401,"dvar":0.000393135240301,"dvar2":0.000843616726343,"max":0.25110861659,"mean":0.0578699782491,"median":0.0537040233612,"min":1.05938757766e-10,"var":0.00118072004989},"spectral_kurtosis":{"dmean":1.48351359367,"dmean2":2.52153658867,"dvar":2.87542366982,"dvar2":8.07494449615,"max":22.1396808624,"mean":5.50623130798,"median":5.1849064827,"min":-1.22805893421,"var":7.48550128937},"spectral_rms":{"dmean":0.000533932761755,"dmean2":0.000746722100303,"dvar":3.79649435445e-7,"dvar2":7.69331109041e-7,"max":0.00941437110305,"mean":0.00383544294164,"median":0.0040238192305,"min":3.3089709358e-12,"var":0.00000301183013107},"spectral_rolloff":{"dmean":299.753601074,"dmean2":508.433837891,"dvar":402920.09375,"dvar2":941707,"max":21296.3378906,"mean":1886.92932129,"median":1291.9921875,"min":43.06640625,"var":10187425},"spectral_skewness":{"dmean":0.180800706148,"dmean2":0.301247537136,"dvar":0.0306939035654,"dvar2":0.0833622887731,"max":3.03442287445,"mean":1.77042114735,"median":1.78271985054,"min":-0.0227891877294,"var":0.110015757382},"spectral_spread":{"dmean":522157.96875,"dmean2":799356.25,"dvar":490064674816,"dvar2":964320493568,"max":41679292,"mean":4522827,"median":4090836.5,"min":1658134.375,"var":4736348061700},"spectral_strongpeak":{"dmean":0.711087703705,"dmean2":1.2062087059,"dvar":1.85873794556,"dvar2":4.47331953049,"max":22.4442882538,"mean":1.26161777973,"median":0.31472158432,"min":0,"var":4.92684745789},"zerocrossingrate":{"dmean":0.00741911353543,"dmean2":0.00925257988274,"dvar":0.0000905951310415,"dvar2":0.000140317206387,"max":0.6298828125,"mean":0.0674059092999,"median":0.0517578125,"min":0.009765625,"var":0.00648781424388}},"metadata":{"audio_properties":{"analysis_sample_rate":44100,"bit_rate":559833,"codec":"alac","downmix":"mix","equal_loudness":0,"length":123.160003662,"lossless":true,"md5_encoded":"ef0580b2e2790c64885c8976fe01a05b","replay_gain":-14.6852283478,"sample_rate":44100},"tags":{"album":["Surfin' Safari / Surfin' Usa"],"artist":["The Beach Boys"],"bpm":["160"],"compilation":["0"],"composer":["Chuck Berry"],"date":["1962"],"discnumber":["1/1"],"encodedby":["iTunes 12.6.1.25"],"file_name":"copy3502879029472332492.m4a","genre":["Pop/Rock"],"musicbrainz_recordingid":["eb761fa3-a9d8-4e08-a6e3-854a38616ee5"],"title":["Moon Dawg"],"tracknumber":["11/27"]},"version":{"essentia":"2.1-beta2","essentia_build_sha":"cead25079874084f62182a551b7393616cd33d87","essentia_git_sha":"v2.1_beta2-1-ge3940c0","extractor":"music 1.0"}},"rhythm":{"beats_count":325,"beats_loudness":{"dmean":0.0119042480364,"dmean2":0.0203763842583,"dvar":0.000118855619803,"dvar2":0.000328309892211,"max":0.0774795264006,"mean":0.0246543511748,"median":0.023502022028,"min":3.89793169964e-10,"var":0.000246905925451},"beats_loudness_band_ratio":{"dmean":[0.168572083116,0.0746385157108,0.0733091086149,0.0894554182887,0.0616695322096,0.0219882968813],"dmean2":[0.288354963064,0.125590339303,0.124010019004,0.158345982432,0.10507555306,0.0388625301421],"dvar":[0.0190865378827,0.00472491979599,0.00537698855624,0.00784409977496,0.00791516527534,0.00101214228198],"dvar2":[0.0550621747971,0.0131200086325,0.014302296564,0.023022511974,0.0200255699456,0.00201096432284],"max":[0.918288886547,0.650281310081,0.461887985468,0.603141784668,0.755031406879,0.604787945747],"mean":[0.446541696787,0.125896319747,0.122709229589,0.164298817515,0.134792685509,0.0438860654831],"median":[0.445908248425,0.0984170585871,0.0947702527046,0.151451379061,0.0432573407888,0.0270400382578],"min":[0.00366350449622,0.000219105160795,0.000686569022946,0.0012285328703,0.00273166853003,0.00373377464712],"var":[0.0554304979742,0.0111302724108,0.00972141139209,0.0127509180456,0.0300230197608,0.00621780380607]},"beats_position"