{"lowlevel":{"average_loudness":0.875328063965,"barkbands":{"dmean":[0.0000863273235154,0.00510746100917,0.0027678203769,0.00678084045649,0.00638472102582,0.000720840762369,0.000340810831403,0.000363255181583,0.000489087309688,0.00046661667875,0.000205667383852,0.000223588693189,0.0000551459852431,0.000090820096375,0.000132590474095,0.0000333069510816,0.000025021365218,0.0000216751795961,0.000016118718122,0.0000125656724776,0.00000937584445637,0.00000886263842403,0.0000075006496445,0.00000528630289409,0.00000181602933935,4.20641896426e-7,4.20788808242e-8],"dmean2":[0.000139199604746,0.00807118881494,0.00413990486413,0.0120726656169,0.0108449729159,0.0011027144501,0.000490950129461,0.000556721817702,0.000735237379558,0.000679219025187,0.000302227970678,0.000338569196174,0.0000867873168318,0.000144404621096,0.000202511830139,0.0000534759965376,0.0000392553811253,0.0000346863162122,0.0000255362301687,0.000020311868866,0.000015108063053,0.0000143529505294,0.0000122812607515,0.00000906868990569,0.00000305085791297,6.8300738576e-7,7.03515539158e-8],"dvar":[1.13613882746e-8,0.0000613601878285,0.0000155617599376,0.0000846143084345,0.0000833788508317,0.00000140318672948,6.73018178077e-7,8.48706406487e-7,0.00000288541855298,0.00000123896552395,3.1198530337e-7,3.37315213983e-7,3.45199460128e-8,1.56444656341e-7,4.03489167411e-7,2.14546087562e-8,8.12593192734e-9,7.29660332155e-9,3.46689366104e-9,8.88546403122e-10,6.37343455789e-10,7.89774523557e-10,7.68997809875e-10,8.6754164963e-10,9.69110902638e-11,3.43378381285e-11,2.90401790072e-14],"dvar2":[2.97184268305e-8,0.000147180529893,0.0000397017247451,0.000267261086265,0.000232145219343,0.00000310871837428,0.00000133405330871,0.00000207128641705,0.00000654025780022,0.0000028237193419,6.69367466344e-7,7.41055089293e-7,8.29153492532e-8,3.79170245424e-7,9.96821654553e-7,4.73992400885e-8,1.73442860074e-8,1.73148482219e-8,6.9308025985e-9,2.31175367738e-9,1.52012291643e-9,1.94884997029e-9,1.75933068114e-9,2.02555616724e-9,1.84921147839e-10,5.69110453208e-11,6.78850151006e-14],"max":[0.0012109274976,0.0917858183384,0.0489652380347,0.102042466402,0.0943573564291,0.0201408397406,0.0301723070443,0.0275724492967,0.035112708807,0.0249223206192,0.0156791973859,0.0122138587758,0.00767155410722,0.015055113472,0.0227304901928,0.00770108215511,0.00335441576317,0.00392867252231,0.00319852004759,0.000678706972394,0.000886091031134,0.00131149485242,0.001335682231,0.001954409061,0.00056707119802,0.000392156245653,0.00000566677454117],"mean":[0.000150663981913,0.00816100928932,0.0068505583331,0.0110598448664,0.0107141854241,0.00196867133491,0.000918924459256,0.000686938117724,0.000973541871645,0.00114033871796,0.00043688621372,0.00043214255129,0.000112757763418,0.000183105104952,0.000231337879086,0.0000591109201196,0.0000506828291691,0.0000411970540881,0.0000285985570372,0.0000203176332434,0.0000128202218548,0.0000119780761452,0.00000837512016005,0.00000461375248051,0.00000173014177562,5.57925147859e-7,1.19162777423e-7],"median":[0.000102927951957,0.00482798926532,0.00453788833693,0.00624334812164,0.00687278946862,0.00105352560058,0.00033449678449,0.000195255619474,0.0000881220184965,0.000240770023083,0.0000622700463282,0.0000702418910805,0.000023029588192,0.0000227032942348,0.0000229357283388,0.0000108133654066,0.0000114938320621,0.00000800961788627,0.00000608026402915,0.0000052291893553,0.00000273124123851,0.00000144354476106,6.39643303657e-7,2.36316225255e-7,1.38093099622e-7,1.19579837587e-7,1.11697524119e-7],"min":[5.61845275165e-12,5.54041881817e-12,1.47925812224e-12,7.66446313968e-13,1.1388546356e-12,6.8571418075e-13,3.94771563529e-13,1.99623439523e-13,9.36152061903e-14,2.47431280109e-13,8.76572238732e-14,1.36853256592e-13,2.49790802192e-13,9.1321976294e-14,2.07663594843e-14,4.91782992367e-14,1.76578424192e-13,7.12980157769e-14,1.90110121113e-13,7.65924053781e-14,1.30303184692e-13,1.9680229126e-13,3.97007866035e-13,4.16235703673e-13,5.83575397207e-13,1.09566056315e-12,1.32065799269e-12],"var":[2.30790639932e-8,0.000107015715912,0.0000548356874788,0.000173851614818,0.000144875928527,0.00000661572948957,0.00000341970826412,0.00000274793796962,0.00000812303642306,0.00000489222748001,0.00000120089430311,9.74928980213e-7,1.12517753337e-7,3.90940158468e-7,8.67502478741e-7,4.75869654792e-8,2.82618408676e-8,1.60664903603e-8,1.1966957203e-8,1.89183668731e-9,9.84680781357e-10,1.27821253582e-9,1.14577225485e-9,8.98235152924e-10,1.31782848523e-10,5.11927167324e-11,3.50946248245e-14]},"barkbands_crest":{"dmean":2.55370783806,"dmean2":4.33791446686,"dvar":4.76775026321,"dvar2":13.6802501678,"max":24.6550350189,"mean":11.3776922226,"median":10.7811050415,"min":3.51719737053,"var":12.4849061966},"barkbands_flatness_db":{"dmean":0.0269190780818,"dmean2":0.0422483198345,"dvar":0.000692604342476,"dvar2":0.0016310721403,"max":0.473173141479,"mean":0.26549077034,"median":0.263075470924,"min":0.0699972882867,"var":0.00407290365547},"barkbands_kurtosis":{"dmean":5.93340969086,"dmean2":9.83030700684,"dvar":83.8133087158,"dvar2":224.953918457,"max":205.356262207,"mean":11.6420288086,"median":7.5886759758,"min":-1.67033970356,"var":166.542724609},"barkbands_skewness":{"dmean":0.658541142941,"dmean2":1.06497585773,"dvar":0.546429693699,"dvar2":1.40801298618,"max":10.1149787903,"mean":2.10228776932,"median":1.87224316597,"min":-1.00695228577,"var":1.32972681522},"barkbands_spread":{"dmean":1.66713440418,"dmean2":2.69603252411,"dvar":5.32808303833,"dvar2":11.7384567261,"max":86.9246520996,"mean":6.9805150032,"median":4.58664989471,"min":0.493413835764,"var":85.5497894287},"dissonance":{"dmean":0.0325996540487,"dmean2":0.0539689175785,"dvar":0.0008465203573,"dvar2":0.00227776588872,"max":0.49999460578,"mean":0.413802593946,"median":0.42130368948,"min":0.173467993736,"var":0.00249309279025},"dynamic_complexity":6.80369997025,"erbbands":{"dmean":[0.13084988296,1.2336357832,2.67147755623,13.6331634521,26.7836322784,14.8325529099,10.9077978134,3.12520074844,4.96651268005,4.99479866028,8.84072780609,6.51759529114,15.1070842743,16.9520359039,7.08831119537,11.2031068802,3.25906848907,4.91616201401,7.04260063171,2.73788285255,1.65185809135,1.33218216896,1.03976368904,1.04972946644,0.605868458748,0.572657763958,0.429590344429,0.354625403881,0.324071317911,0.287599951029,0.204863682389,0.138045743108,0.0680331885815,0.0274639371783,0.00958878546953,0.00292292004451,0.000665687373839,0.0000741263283999,0.0000113668829727,0.0000143561937875],"dmean2":[0.209568396211,1.93781018257,4.20894813538,23.9623565674,45.5306472778,25.1189861298,17.5884952545,5.02871179581,7.39622068405,7.41182184219,13.4668140411,10.0538063049,22.1836051941,25.0173683167,10.4709396362,16.8415412903,5.05024051666,7.79857873917,10.6392040253,4.31036043167,2.62779283524,2.09002923965,1.66077542305,1.69207382202,0.943579077721,0.931137621403,0.691658318043,0.564845502377,0.523787975311,0.467947751284,0.340099394321,0.234841614962,0.116097785532,0.0469848811626,0.0159067865461,0.00473483745009,0.00106100551784,0.000121689205116,0.0000186247561942,0.0000234568160522],"dvar":[0.0309867057949,3.85794615746,14.7646207809,337.150848389,1521.46838379,432.344818115,291.647613525,26.7170085907,144.965774536,120.017730713,583.898620605,363.935516357,2101.59838867,2256.81396484,352.394042969,814.901977539,104.152236938,448.698028564,1118.28393555,160.803466797,44.4086990356,28.1537818909,17.574848175,11.6407136917,3.65685176849,1.84254252911,1.2276198864,0.989850878716,1.09750580788,0.837782859802,0.709382653236,0.454369008541,0.167221412063,0.0120489709079,0.00621391786262,0.00160357577261,0.0000890107039595,3.57840235665e-7,1.30780408725e-9,3.00316244095e-10],"dvar2":[0.0730287879705,9.29783535004,40.5801391602,1041.7598877,4258.63720703,1176.7401123,701.01739502,74.9083557129,318.737213135,244.143493652,1415.42944336,844.063293457,4867.24609375,5151.64160156,753.102905273,1778.87695312,247.083068848,1073.96484375,2673.96704102,421.651794434,98.1851043701,64.9803314209,40.043548584,25.5661678314,7.38923120499,4.80886793137,3.11573696136,2.25509810448,2.79688453674,2.02536416054,1.62868523598,1.09299528599,0.381243437529,0.0281358286738,0.0108801685274,0.00264115910977,0.000158336464665,6.40134715013e-7,2.80605938485e-9,7.84847520308e-10],"max":[1.89496731758,22.419467926,48.9510040283,233.316848755,439.703521729,269.393127441,325.187774658,102.545661926,404.335388184,279.95916748,773.343444824,386.614105225,975.681884766,1055.3527832,535.991271973,491.691375732,415.321990967,849.654785156,1242.65270996,538.716125488,292.450775146,208.605239868,180.202438354,136.576522827,101.718925476,36.7741127014,33.1675453186,39.6851539612,46.4543457031,42.1225395203,40.5410499573,41.5173683167,27.512556076,4.82723379135,5.11567211151,2.72626614571,0.625786006451,0.0396634526551,0.00151546963025,0.000190749429748],"mean":[0.191899210215,2.0389008522,7.24873590469,26.4899196625,43.1453971863,26.5674343109,24.5563030243,8.51994514465,13.5039587021,11.4837274551,16.9173622131,14.1013803482,35.2251434326,39.8782844543,16.4859199524,22.3751754761,7.68597412109,10.5329532623,12.9091424942,4.77632284164,3.34245848656,2.79042196274,2.10074186325,1.93409252167,1.15325379372,0.919389426708,0.620607435703,0.489696651697,0.427240729332,0.365347653627,0.223551124334,0.126988440752,0.0586787164211,0.0245224162936,0.00973821152002,0.00356092420407,0.000887211819645,0.000127118546516,0.00003968474266,0.0000501242284372],"median":[0.102165520191,1.22561717033,5.43101024628,15.707649231,27.9889602661,15.0905723572,11.3441486359,5.376537323,6.12461948395,3.31328105927,4.22935390472,3.00318717957,6.80855941772,6.49339962006,3.94792556763,3.82245206833,1.88416552544,1.5323895216,1.40893507004,0.920959115028,0.679572105408,0.665373325348,0.485702574253,0.435989528894,0.20775526762,0.23010379076,0.180914789438,0.0948025360703,0.0564339160919,0.0314769633114,0.0164546631277,0.00806928332895,0.0028094262816,0.00163355027325,0.00094963866286,0.000518130022101,0.000230260106036,0.0000775208027335,0.0000389387932955,0.0000495034510095],"min":[2.46457992903e-10,9.50162948321e-10,1.78680981122e-9,2.28273111524e-9,3.08763592471e-9,3.89781362742e-9,4.61546489916e-9,5.85609560844e-9,5.50409717803e-9,6.12367534458e-9,3.23953996961e-9,1.96501326322e-9,7.20586079694e-9,5.22401499836e-9,3.77171494037e-9,6.15340711718e-9,1.04086952391e-8,7.93588039727e-9,1.24176546823e-9,1.55197643625e-9,4.73278438662e-9,1.01304156175e-8,4.45759251733e-9,6.28327789798e-9,7.70713359799e-9,5.04882935459e-9,4.32131219696e-9,5.99767968623e-9,8.78972716833e-9,6.40237773908e-9,1.27297665742e-8,1.17946097333e-8,5.0194923773e-9,6.24668228255e-9,4.82777462452e-9,5.7590407998e-9,1.30370358953e-9,1.01013319931e-9,1.45784578853e-10,1.40454956693e-11],"var":[0.0593666285276,6.55877304077,50.7783584595,959.921081543,2480.08666992,1044.41821289,1171.29785156,93.1663131714,658.529541016,538.788085938,2004.98608398,1133.49633789,6427.42382812,8432.73632812,1312.21911621,2522.48950195,375.070220947,1211.28662109,2745.0324707,207.789840698,125.558647156,77.489730835,39.5003662109,31.7979545593,15.9786062241,3.73043036461,1.68462455273,1.66963875294,1.57431542873,1.44303488731,0.954827487469,0.481417775154,0.176370665431,0.0143279600888,0.00846300739795,0.00231792661361,0.000127769715618,4.95908409448e-7,2.09322092992e-9,1.28265265076e-9]},"erbbands_crest":{"dmean":2.89358520508,"dmean2":4.71873426437,"dvar":6.82554388046,"dvar2":18.1911621094,"max":32.3856506348,"mean":12.503663063,"median":11.7065477371,"min":2.41778349876,"var":22.1961803436},"erbbands_flatness_db":{"dmean":0.0226705167443,"dmean2":0.0347037948668,"dvar":0.000538588094059,"dvar2":0.00120789546054,"max":0.387173742056,"mean":0.22565947473,"median":0.234434306622,"min":0.0299608092755,"var":0.00335172167979},"erbbands_kurtosis":{"dmean":2.72423601151,"dmean2":4.47243976593,"dvar":31.8626976013,"dvar2":84.1998748779,"max":109.516960144,"mean":4.12051200867,"median":1.0356900692,"min":-1.74057912827,"var":79.7750930786},"erbbands_skewness":{"dmean":0.477655529976,"dmean2":0.766080915928,"dvar":0.284021407366,"dvar2":0.71042495966,"max":8.16929244995,"mean":1.11849653721,"median":0.836921811104,"min":-2.16125655174,"var":2.0313167572},"erbbands_spread":{"dmean":5.96213102341,"dmean2":9.44303321838,"dvar":60.4371910095,"dvar2":142.787460327,"max":134.049407959,"mean":23.8194026947,"median":20.1921005249,"min":1.2847186327,"var":295.405212402},"gfcc":{"cov":[[31363.8945312,4980.11621094,-3323.68994141,236.465774536,-673.396179199,51.6235351562,339.881622314,-303.008087158,79.8969726562,-595.10736084,41.2461433411,-229.791671753,255.885864258],[4980.11621094,1998.76623535,-310.660064697,-465.783508301,145.206832886,-216.521499634,182.818832397,-165.256515503,-2.84285902977,-90.6490402222,43.2914047241,-53.6110992432,45.415561676],[-3323.68994141,-310.660064697,1029.87792969,132.258789062,51.7043876648,-111.903663635,-122.383476257,-9.88722229004,-37.8398742676,45.5348205566,36.4783859253,61.3184928894,5.95081615448],[236.465774536,-465.783508301,132.258789062,518.286315918,-78.6209411621,38.1971359253,-89.4062805176,9.85958862305,20.2200469971,-12.006061554,6.00984477997,18.0051612854,31.2671070099],[-673.396179199,145.206832886,51.7043876648,-78.6209411621,230.997344971,-48.6435127258,35.7641334534,-28.3750190735,-9.19769096375,28.3541145325,-7.01967668533,-16.9759063721,-2.04484701157],[51.6235351562,-216.521499634,-111.903663635,38.1971359253,-48.6435127258,176.122070312,7.07476329803,32.7207336426,23.2140235901,6.95295143127,1.16631042957,-25.4524269104,-19.7075538635],[339.881622314,182.818832397,-122.383476257,-89.4062805176,35.7641334534,7.07476329803,141.911437988,9.07827949524,-24.5684337616,-9.96129798889,2.32308483124,-11.6488218307,9.07525157928],[-303.008087158,-165.256515503,-9.88722229004,9.85958862305,-28.3750190735,32.7207336426,9.07827949524,95.0354003906,26.1221981049,4.54738378525,-15.240860939,-5.29391384125,-11.5155029297],[79.8969726562,-2.84285902977,-37.8398742676,20.2200469971,-9.19769096375,23.2140235901,-24.5684337616,26.1221981049,116.378990173,22.1552124023,-15.8557958603,-19.7511672974,-22.7476520538],[-595.10736084,-90.6490402222,45.5348205566,-12.006061554,28.3541145325,6.95295143127,-9.96129798889,4.54738378525,22.1552124023,82.1010284424,29.5362663269,-6.82241678238,-15.2533798218],[41.2461433411,43.2914047241,36.4783859253,6.00984477997,-7.01967668533,1.16631042957,2.32308483124,-15.240860939,-15.8557958603,29.5362663269,87.7398071289,27.8235187531,4.74344730377],[-229.791671753,-53.6110992432,61.3184928894,18.0051612854,-16.9759063721,-25.4524269104,-11.6488218307,-5.29391384125,-19.7511672974,-6.82241678238,27.8235187531,107.606498718,28.2066135406],[255.885864258,45.415561676,5.95081615448,31.2671070099,-2.04484701157,-19.7075538635,9.07525157928,-11.5155029297,-22.7476520538,-15.2533798218,4.74344730377,28.2066135406,76.6536407471]],"icov":[[0.000293947377941,-0.00108447880484,0.000752839900088,-0.00104549259413,0.000765031378251,-0.00052638159832,0.000657090684399,-0.00056009500986,0.000647598004434,-0.000029085924325,0.00025861361064,-0.0000625290558673,-0.000054177668062],[-0.00108447880484,0.00540220504627,-0.00259515666403,0.00485639134422,-0.00302971899509,0.00343969394453,-0.0035203488078,0.00395162729546,-0.00412323419005,0.00255309324712,-0.00297387014143,0.00153293053154,-0.000641596328933],[0.000752839900088,-0.00259515666403,0.00327037042007,-0.00284400722012,0.00153672590386,-0.000409471220337,0.00261733937077,-0.00169191206805,0.00214353878982,-0.000399163953261,0.000176931833266,-0.000404054328101,-0.0000032877949252],[-0.00104549259413,0.00485639134422,-0.00284400722012,0.00689602829516,-0.00243525858968,0.00222136429511,-0.00180687836837,0.00318094459362,-0.00397269334644,0.00244369776919,-0.00268970802426,0.00134997721761,-0.0018043796299],[0.000765031378251,-0.00302971899509,0.00153672590386,-0.00243525858968,0.00776770059019,-0.000439200259279,0.0000347437671735,0.0000778280736995,0.00200331653468,-0.00313130114228,0.0026297441218,0.000296203623293,-0.000083200604422],[-0.00052638159832,0.00343969394453,-0.000409471220337,0.00222136429511,-0.000439200259279,0.00991163309664,-0.00275424774736,0.00120268773753,-0.00318926898763,0.0018636068562,-0.003427403979,0.00277432659641,0.000503841612954],[0.000657090684399,-0.0035203488078,0.00261733937077,-0.00180687836837,0.0000347437671735,-0.00275424774736,0.0124698542058,-0.00520398886874,0.00489172339439,-0.000503395742271,0.000390987697756,-0.0000103610318547,-0.00120814528782],[-0.00056009500986,0.00395162729546,-0.00169191206805,0.00318094459362,0.0000778280736995,0.00120268773753,-0.00520398886874,0.0167986452579,-0.00590301211923,0.00171359418891,-0.0000493680563523,0.000770292128436,0.000122148703667],[0.000647598004434,-0.00412323419005,0.00214353878982,-0.00397269334644,0.00200331653468,-0.00318926898763,0.00489172339439,-0.00590301211923,0.0149083174765,-0.00666673248634,0.00533201498911,-0.00120338331908,0.00271312473342],[-0.000029085924325,0.00255309324712,-0.000399163953261,0.00244369776919,-0.00313130114228,0.0018636068562,-0.000503395742271,0.00171359418891,-0.00666673248634,0.0223093219101,-0.0112271085382,0.004104972817,-0.0000235629577219],[0.00025861361064,-0.00297387014143,0.000176931833266,-0.00268970802426,0.0026297441218,-0.003427403979,0.000390987697756,-0.0000493680563523,0.00533201498911,-0.0112271085382,0.0197057574987,-0.00616111187264,0.00151325005572],[-0.0000625290558673,0.00153293053154,-0.000404054328101,0.00134997721761,0.000296203623293,0.00277432659641,-0.0000103610318547,0.000770292128436,-0.00120338331908,0.004104972817,-0.00616111187264,0.0134793445468,-0.00449972087517],[-0.000054177668062,-0.000641596328933,-0.0000032877949252,-0.0018043796299,-0.000083200604422,0.000503841612954,-0.00120814528782,0.000122148703667,0.00271312473342,-0.0000235629577219,0.00151325005572,-0.00449972087517,0.016994247213]],"mean":[-131.566986084,166.648529053,-78.6709747314,26.026227951,-34.9385490417,4.161236763,-19.2122955322,-10.6667699814,-22.3322105408,-13.5749006271,-15.6811504364,-6.21293926239,-7.32106590271]},"hfc":{"dmean":2.91684317589,"dmean2":4.70141887665,"dvar":15.6815624237,"dvar2":39.8752098083,"max":79.9920654297,"mean":11.1854381561,"median":9.98441696167,"min":6.01412111223e-8,"var":84.2394485474},"melbands":{"dmean":[0.00132590637077,0.00137994857505,0.00256992946379,0.00168144097552,0.00034815230174,0.0000836200342746,0.000074724550359,0.0000527962474735,0.0000687695792294,0.000056516881159,0.0000751200059312,0.0000709254236426,0.0000293561115541,0.0000233084520005,0.0000164938846865,0.00000750600020183,0.00000880479001353,0.00000995808841253,0.00000769821599533,0.00000267894165518,0.00000190392051991,0.00000168180201854,0.00000103733441392,0.00000110338555714,9.05512138161e-7,5.21421554822e-7,4.18116343326e-7,4.07835813121e-7,3.07655653842e-7,2.09858583844e-7,2.13766824686e-7,1.86971959693e-7,1.7090280835e-7,1.57625748898e-7,1.24879704799e-7,9.69852749222e-8,8.20769017196e-8,5.07308364206e-8,3.50832785045e-8,1.87023037057e-8],"dmean2":[0.00210128747858,0.00215420359746,0.00447326526046,0.00285496842116,0.000570312491618,0.000131271925056,0.000110460729047,0.0000793197323219,0.00010505838145,0.0000858392377268,0.000110245855467,0.000104701059172,0.0000427240993304,0.0000356385899067,0.0000247971329372,0.0000117654553833,0.0000139882740768,0.0000151175463543,0.0000119911537695,0.00000424774270869,0.00000303883712149,0.00000266119764092,0.00000165289043252,0.00000180246536274,0.00000148041203829,8.21871310563e-7,6.76701802149e-7,6.67859751502e-7,4.96959444263e-7,3.40779422459e-7,3.4145696759e-7,3.027614639e-7,2.82531374296e-7,2.60067622548e-7,2.06499237265e-7,1.63489232818e-7,1.41624767025e-7,8.59588169533e-8,6.11334201039e-8,3.17776418512e-8],"dvar":[0.00000372890008293,0.00000389914930565,0.0000116757919386,0.00000562011382499,2.76036843161e-7,1.83539583531e-8,3.33201590763e-8,1.32684645493e-8,3.65192356355e-8,3.42885897453e-8,5.19365848106e-8,4.00793815913e-8,6.63977894888e-9,4.01158084529e-9,1.50452228453e-9,6.28712026884e-10,1.43736977876e-9,2.23870100236e-9,1.67608726898e-9,1.49311688014e-10,5.02210981135e-11,4.800550929e-11,1.39546872321e-11,2.73129244915e-11,1.01337124456e-11,4.69123915062e-12,1.30230396779e-12,9.85993296558e-13,6.10656273811e-13,3.13534436044e-13,3.8950185308e-13,4.04972903085e-13,2.93027754839e-13,2.65384421253e-13,3.00702144391e-13,1.69052529679e-13,1.8411722071e-13,1.31046107125e-13,2.3330672111e-14,5.28508325022e-15],"dvar2":[0.00000868905590323,0.0000103846223283,0.0000355400588887,0.0000157556132763,6.99344070654e-7,4.81883262182e-8,7.08559184659e-8,2.89637487327e-8,8.82334916241e-8,7.91483572016e-8,1.20122038538e-7,9.11598974085e-8,1.38962485963e-8,8.96927065952e-9,3.26594506994e-9,1.46447798333e-9,3.4693132811e-9,5.37472821804e-9,4.45064340937e-9,3.38090777596e-10,1.12517835327e-10,1.13158378501e-10,2.84695565733e-11,7.14948378278e-11,2.38649829065e-11,8.73196046719e-12,3.27872906776e-12,2.57221609463e-12,1.5678892646e-12,7.51946790424e-13,8.96730985907e-13,1.04817023117e-12,7.48634444367e-13,6.5277161931e-13,6.62035313723e-13,4.10939809741e-13,4.45333087898e-13,2.96950425404e-13,5.936388398e-14,1.20196177501e-14],"max":[0.0223893746734,0.023346228525,0.0356551147997,0.023542355746,0.0116343460977,0.00224147900008,0.0065463478677,0.00283462041989,0.00626103952527,0.00385446008295,0.004781012889,0.00439073098823,0.0024415361695,0.00173689506482,0.000701265118551,0.000827135867439,0.00150636874605,0.0016893328866,0.00168364099227,0.000644009793177,0.000253145000897,0.000270048418315,0.000162557465956,0.00028741688584,0.000133161971462,0.00014468478912,0.0000473853433505,0.0000310568721034,0.0000191350954992,0.0000207034099731,0.0000241856705543,0.0000285484456981,0.0000231235771935,0.0000216063672269,0.0000256446128333,0.0000185793523997,0.0000270957589237,0.0000255749182543,0.000006302161637,0.00000277967274087],"mean":[0.00203573750332,0.0034005199559,0.00497788377106,0.00270981458016,0.000792595907114,0.000233821294387,0.000205557764275,0.000116668343253,0.000128509331262,0.000114306778414,0.00017350926646,0.00016113910533,0.0000644265601295,0.0000458031827293,0.0000338591780746,0.0000165801284311,0.0000179192429641,0.0000179606122401,0.0000126796194309,0.00000455104554931,0.00000367169559468,0.00000320027197631,0.00000202923411052,0.00000188396518297,0.00000157181170835,9.06462901185e-7,7.15671035323e-7,6.03980652158e-7,4.34718486986e-7,2.78189844494e-7,2.85494877517e-7,2.39122726953e-7,2.25888442174e-7,1.91000367522e-7,1.35688125624e-7,9.47804608131e-8,7.08568421715e-8,4.35717240066e-8,2.94580964066e-8,1.71387455339e-8],"median":[0.00115904561244,0.00260853208601,0.00349882524461,0.00176573428325,0.000408440624597,0.00013898673933,0.000089753732027,0.0000346505257767,0.0000284692996502,0.0000156423047883,0.000032221483707,0.0000209607205761,0.000010387585462,0.00000817259751784,0.00000687233932695,0.00000271569115284,0.00000220273386731,0.00000198083398573,0.00000150837752244,7.26977646082e-7,7.107997817e-7,6.62274317165e-7,4.24043719249e-7,3.6914212842e-7,3.41073587151e-7,1.61544733146e-7,1.02328939988e-7,1.55672239543e-7,1.28428524704e-7,6.04839840435e-8,4.9322842699e-8,3.22467812452e-8,2.17155431415e-8,1.4316636765e-8,9.59032586678e-9,6.90921364566e-9,3.91606214123e-9,1.80305903541e-9,1.3859260406e-9,1.25714971766e-9],"min":[2.13984992919e-12,1.06036295196e-12,4.22902571252e-13,2.55331346344e-13,1.65594805663e-13,1.30860058033e-13,8.41625150106e-14,6.35882134708e-14,2.23311749273e-14,1.26695918703e-14,3.72705779271e-14,2.25561113028e-14,1.22473061356e-14,1.27688310974e-14,2.11775651811e-14,2.51450742823e-14,1.27836262219e-14,1.51527862693e-15,1.89709355098e-15,1.77581251485e-15,6.7254314368e-15,1.27360483813e-14,4.45405837863e-15,3.06050770359e-15,4.95055775209e-15,9.05972887856e-15,1.97138808133e-15,3.70294090123e-15,2.53689988769e-15,2.31921898475e-15,3.98899493894e-15,6.16589714196e-15,1.94989038513e-15,4.51337778999e-15,6.08398312673e-15,9.7330345213e-15,5.71980469919e-15,2.96739697159e-15,3.28430863133e-15,6.51692665354e-15],"var":[0.00000689469970894,0.0000106785055323,0.0000265535873041,0.00000926405300561,0.00000110471046355,7.52771995849e-8,1.60299222784e-7,5.24973557958e-8,1.27089876401e-7,9.73097513679e-8,1.58630825808e-7,1.48157312196e-7,2.61722163941e-8,1.07795345983e-8,4.96483698598e-9,2.25450080826e-9,3.62911167784e-9,5.35525757073e-9,2.48558640337e-9,2.97016411466e-10,1.50866485971e-10,1.30532806786e-10,4.40425820813e-11,3.73613466553e-11,2.30012779656e-11,1.73258248026e-11,4.10487789593e-12,1.74388368329e-12,8.17766969592e-13,4.74519458015e-13,6.3697099895e-13,5.37400310884e-13,4.59430670591e-13,4.39887926432e-13,4.18293790447e-13,1.92990155107e-13,1.81638449941e-13,1.33526273805e-13,2.38669964326e-14,6.53177683517e-15]},"melbands_crest":{"dmean":3.27226448059,"dmean2":5.54362678528,"dvar":7.43059062958,"dvar2":22.0654830933,"max":30.8185043335,"mean":16.2473583221,"median":15.5915031433,"min":5.8984503746,"var":19.1334896088},"melbands_flatness_db":{"dmean":0.0329026915133,"dmean2":0.0507807545364,"dvar":0.00109704851639,"dvar2":0.00246948446147,"max":0.625739455223,"mean":0.378493845463,"median":0.377801537514,"min":0.0784800723195,"var":0.00699927983806},"melbands_kurtosis":{"dmean":11.1042137146,"dmean2":18.0802249908,"dvar":312.334106445,"dvar2":807.877746582,"max":279.020050049,"mean":22.5483169556,"median":13.8725948334,"min":-1.43132042885,"var":687.682556152},"melbands_skewness":{"dmean":0.821308791637,"dmean2":1.31328427792,"dvar":0.863672554493,"dvar2":2.17501044273,"max":14.2744159698,"mean":2.95654606819,"median":2.64434146881,"min":-0.308641850948,"var":2.34695792198},"melbands_spread":{"dmean":1.9107708931,"dmean2":3.0803937912,"dvar":10.0916557312,"dvar2":21.9013271332,"max":113.142707825,"mean":6.95038414001,"median":4.39982366562,"min":0.500509142876,"var":98.6352615356},"mfcc":{"cov":[[17793.4160156,4402.08886719,-1451.27404785,435.923156738,-693.63684082,413.892242432,-152.724090576,407.338592529,-87.3460617065,58.8547782898,-178.082519531,-221.95161438,-192.60168457],[4402.08886719,3528.16796875,-263.805633545,93.7860183716,-140.52381897,42.4495887756,82.9003753662,-36.1345214844,-22.9953250885,-145.251907349,-90.0911407471,8.13897514343,-69.0965423584],[-1451.27404785,-263.805633545,767.937255859,156.157608032,161.292205811,-39.2846832275,-24.8766136169,-43.8007850647,-36.1677780151,-56.1705665588,-31.0691280365,34.8994750977,53.9364776611],[435.923156738,93.7860183716,156.157608032,369.194549561,61.4652519226,32.2675933838,-15.1894540787,9.22506999969,-17.9535999298,-29.8594417572,-64.8551635742,-38.8734016418,19.0503406525],[-693.63684082,-140.52381897,161.292205811,61.4652519226,190.372650146,14.42786026,-14.0600786209,-40.4493789673,4.84163475037,4.7339630127,9.60178375244,20.9063873291,14.7331876755],[413.892242432,42.4495887756,-39.2846832275,32.2675933838,14.42786026,113.456367493,14.4076728821,8.31758499146,-4.42948532104,8.78937721252,9.88417053223,-0.743089556694,-8.2623758316],[-152.724090576,82.9003753662,-24.8766136169,-15.1894540787,-14.0600786209,14.4076728821,155.198455811,-9.91024684906,-13.1084356308,0.932536363602,-14.2464723587,-4.43130874634,-18.9535636902],[407.338592529,-36.1345214844,-43.8007850647,9.22506999969,-40.4493789673,8.31758499146,-9.91024684906,106.178352356,14.242474556,2.75580596924,3.7491979599,-25.8211898804,2.52170705795],[-87.3460617065,-22.9953250885,-36.1677780151,-17.9535999298,4.84163475037,-4.42948532104,-13.1084356308,14.242474556,73.5710678101,34.9673576355,8.29776859283,-10.8864221573,-19.6269760132],[58.8547782898,-145.251907349,-56.1705665588,-29.8594417572,4.7339630127,8.78937721252,0.932536363602,2.75580596924,34.9673576355,127.329849243,52.1678619385,-13.7182674408,-38.8509483337],[-178.082519531,-90.0911407471,-31.0691280365,-64.8551635742,9.60178375244,9.88417053223,-14.2464723587,3.7491979599,8.29776859283,52.1678619385,107.549858093,38.0917778015,-17.1563739777],[-221.95161438,8.13897514343,34.8994750977,-38.8734016418,20.9063873291,-0.743089556694,-4.43130874634,-25.8211898804,-10.8864221573,-13.7182674408,38.0917778015,87.7512512207,31.0852546692],[-192.60168457,-69.0965423584,53.9364776611,19.0503406525,14.7331876755,-8.2623758316,-18.9535636902,2.52170705795,-19.6269760132,-38.8509483337,-17.1563739777,31.0852546692,81.3011474609]],"icov":[[0.000175750421477,-0.000198570094653,0.000193872445379,-0.000182224845048,0.000309036142426,-0.000462304771645,0.000451678555692,-0.000604667642619,0.000585375353694,-0.000559357868042,0.000531575351488,-0.000269452866632,0.000271956028882],[-0.000198570094653,0.000572330143768,-0.0000897550344234,0.0000235151892412,-0.000131947890623,0.000441906275228,-0.000587899994571,0.000830747245345,-0.000750724575482,0.00111542199738,-0.000396621093387,-0.000106817322376,0.000284969166387],[0.000193872445379,-0.0000897550344234,0.00213215546682,-0.000861861160956,-0.00100421858951,0.000420176016632,0.000526033982169,-0.00063782685902,0.0012598464964,-0.00014242544421,0.000872246630024,-0.00101671705488,0.00034642717219],[-0.000182224845048,0.0000235151892412,-0.000861861160956,0.00407041423023,-0.00138335325755,-0.000793516228441,0.0000916369535844,-0.0000821717549115,0.000263050722424,0.00011720211478,0.00127604568843,0.00180200720206,-0.000899954349734],[0.000309036142426,-0.000131947890623,-0.00100421858951,-0.00138335325755,0.00845656171441,-0.00235076085664,0.000964585342444,0.00201217434369,-0.00114910956472,-0.00101009255741,-0.000472335173981,-0.00069949409226,-0.000590912648477],[-0.000462304771645,0.000441906275228,0.000420176016632,-0.000793516228441,-0.00235076085664,0.0113923652098,-0.0021657247562,0.000245308328886,-0.000194031468709,0.00112961966079,-0.00236923643388,-0.0000206089735002,0.000259707769146],[0.000451678555692,-0.000587899994571,0.000526033982169,0.0000916369535844,0.000964585342444,-0.0021657247562,0.00845745299011,-0.0014540781267,0.00343258073553,-0.00228201993741,0.00373329664581,-0.00185498374049,0.00305702025071],[-0.000604667642619,0.000830747245345,-0.00063782685902,-0.0000821717549115,0.00201217434369,0.000245308328886,-0.0014540781267,0.0149439647794,-0.00544466264546,0.00371533096768,-0.00594158563763,0.00662535754964,-0.00475219637156],[0.000585375353694,-0.000750724575482,0.0012598464964,0.000263050722424,-0.00114910956472,-0.000194031468709,0.00343258073553,-0.00544466264546,0.0199735611677,-0.00670475233346,0.00486713787541,-0.00227665225975,0.00452432315797],[-0.000559357868042,0.00111542199738,-0.00014242544421,0.00011720211478,-0.00101009255741,0.00112961966079,-0.00228201993741,0.00371533096768,-0.00670475233346,0.0157524906099,-0.00899868831038,0.00482175359502,0.00150694558397],[0.000531575351488,-0.000396621093387,0.000872246630024,0.00127604568843,-0.000472335173981,-0.00236923643388,0.00373329664581,-0.00594158563763,0.00486713787541,-0.00899868831038,0.021359693259,-0.0124533623457,0.0070877019316],[-0.000269452866632,-0.000106817322376,-0.00101671705488,0.00180200720206,-0.00069949409226,-0.0000206089735002,-0.00185498374049,0.00662535754964,-0.00227665225975,0.00482175359502,-0.0124533623457,0.0236960332841,-0.0109236417338],[0.000271956028882,0.000284969166387,0.00034642717219,-0.000899954349734,-0.000590912648477,0.000259707769146,0.00305702025071,-0.00475219637156,0.00452432315797,0.00150694558397,0.0070877019316,-0.0109236417338,0.0216456279159]],"mean":[-772.349731445,190.271636963,19.7761802673,34.7651100159,6.74625349045,17.4738273621,6.18346834183,7.76323127747,-1.23977994919,-3.30732369423,-6.15678691864,-5.09537696838,-6.37614488602]},"pitch_salience":{"dmean":0.0727763026953,"dmean2":0.122213125229,"dvar":0.00366560835391,"dvar2":0.0100064082071,"max":0.82436478138,"mean":0.538422226906,"median":0.544714450836,"min":0.204157575965,"var":0.00953224953264},"silence_rate_20dB":{"dmean":0,"dmean2":0,"dvar":0,"dvar2":0,"max":1,"mean":1,"median":1,"min":1,"var":0},"silence_rate_30dB":{"dmean":0.0277965180576,"dmean2":0.0556005388498,"dvar":0.0270256772637,"dvar2":0.070863224566,"max":1,"mean":0.975715041161,"median":1,"min":0,"var":0.0236961822957},"silence_rate_60dB":{"dmean":0.012413979508,"dmean2":0.0248313099146,"dvar":0.0122594088316,"dvar2":0.0298804417253,"max":1,"mean":0.14382083714,"median":0,"min":0,"var":0.123141013086},"spectral_centroid":{"dmean":76.5289001465,"dmean2":125.423851013,"dvar":21820.5292969,"dvar2":39980.3203125,"max":11293.0097656,"mean":430.778961182,"median":331.256652832,"min":160.157669067,"var":174103.890625},"spectral_complexity":{"dmean":1.47861289978,"dmean2":2.42968964577,"dvar":3.20151782036,"dvar2":7.4823884964,"max":29,"mean":8.88545608521,"median":9,"min":0,"var":26.672000885},"spectral_contrast_coeffs":{"dmean":[0.0557156577706,0.0421981103718,0.033118493855,0.0267326757312,0.0191364381462,0.0178354419768],"dmean2":[0.0944054499269,0.0685306787491,0.052612926811,0.0426283366978,0.0305675901473,0.0276752691716],"dvar":[0.0020040050149,0.00118211575318,0.000774219981395,0.000541129091289,0.000303492881358,0.00031111377757],"dvar2":[0.00579941179603,0.00296006351709,0.00191597826779,0.00126037956215,0.000693360285368,0.000687207852025],"max":[-0.351177453995,-0.439256042242,-0.440577507019,-0.550117135048,-0.571916103363,-0.612066149712],"mean":[-0.603859901428,-0.713303148746,-0.742008507252,-0.793962717056,-0.824295163155,-0.780983686447],"median":[-0.593837320805,-0.70471650362,-0.737708568573,-0.7971367836,-0.8269495368,-0.776308298111],"min":[-0.975342869759,-0.976337194443,-0.968881905079,-0.965801298618,-0.963423907757,-0.958974421024],"var":[0.00841208826751,0.00757038826123,0.00909993797541,0.00556869991124,0.00280231423676,0.0028066537343]},"spectral_contrast_valleys":{"dmean":[0.39056378603,0.368084996939,0.324921697378,0.334383249283,0.354892939329,0.366390645504],"dmean2":[0.630881130695,0.592752039433,0.513951480389,0.496433019638,0.486299037933,0.508181095123],"dvar":[0.114177182317,0.123064249754,0.110829368234,0.138804450631,0.183813288808,0.223032876849],"dvar2":[0.265320986509,0.24842903018,0.214621901512,0.246819019318,0.330041021109,0.456442624331],"max":[-5.01520586014,-5.22449827194,-5.11994314194,-6.27186918259,-6.48358917236,-8.21846961975],"mean":[-7.02828168869,-7.63314199448,-8.40247440338,-9.20904159546,-9.38226127625,-12.3665494919],"median":[-6.46845912933,-7.06594944,-7.85125541687,-8.78706169128,-9.03164577484,-12.3412189484],"min":[-26.6458797455,-27.7154369354,-27.051235199,-27.0721492767,-27.2561283112,-27.308391571],"var":[3.54179930687,3.42981076241,3.42512488365,2.99282240868,2.68698215485,1.87817704678]},"spectral_decrease":{"dmean":3.4022253903e-9,"dmean2":5.56166845911e-9,"dvar":1.66714364711e-17,"dvar2":4.36588276498e-17,"max":-4.28591681634e-18,"mean":-1.14583311728e-8,"median":-1.12510711858e-8,"min":-4.19367083282e-8,"var":6.90575506333e-17},"spectral_energy":{"dmean":0.0130578083917,"dmean2":0.0213486533612,"dvar":0.000245702656684,"dvar2":0.000643580104224,"max":0.161345496774,"mean":0.0442607477307,"median":0.0435207039118,"min":2.16310459128e-11,"var":0.00102700875141},"spectral_energyband_high":{"dmean":0.0000374411138182,"dmean2":0.0000598354708927,"dvar":1.2471236488e-8,"dvar2":2.86123018611e-8,"max":0.00460737617686,"mean":0.0000512714213983,"median":0.0000112116740638,"min":4.01376328008e-12,"var":2.06325285745e-8},"spectral_energyband_low":{"dmean":0.00808375515044,"dmean2":0.0130455875769,"dvar":0.0000995145383058,"dvar2":0.000265998358373,"max":0.118475586176,"mean":0.0217013265938,"median":0.0180845148861,"min":1.01825848101e-11,"var":0.000365956017049},"spectral_energyband_middle_high":{"dmean":0.000780739996117,"dmean2":0.00115806842223,"dvar":0.00000321265042658,"dvar2":0.00000735996900403,"max":0.037611939013,"mean":0.00255068065599,"median":0.00092533393763,"min":1.30022544381e-12,"var":0.0000149499883264},"spectral_energyband_middle_low":{"dmean":0.0110603515059,"dmean2":0.0189797114581,"dvar":0.000203244679142,"dvar2":0.000596875906922,"max":0.146005779505,"mean":0.0266278814524,"median":0.02430764772,"min":3.36881108946e-12,"var":0.000469073158456},"spectral_entropy":{"dmean":0.284410208464,"dmean2":0.447115123272,"dvar":0.0916965231299,"dvar2":0.206414446235,"max":9.80129814148,"mean":6.32566070557,"median":6.30070209503,"min":4.25451087952,"var":0.508061885834},"spectral_flux":{"dmean":0.0259161461145,"dmean2":0.0403690040112,"dvar":0.000771764491219,"dvar2":0.00170545501169,"max":0.323109924793,"mean":0.0821313634515,"median":0.0772744417191,"min":0.0000350470400008,"var":0.00277265300974},"spectral_kurtosis":{"dmean":8.53599643707,"dmean2":13.7577543259,"dvar":100.069137573,"dvar2":226.574554443,"max":118.453720093,"mean":20.2907505035,"median":14.4173069,"min":-1.21983373165,"var":332.321746826},"spectral_rms":{"dmean":0.000909151392989,"dmean2":0.00146355608013,"dvar":9.26849509142e-7,"dvar2":0.00000235164407059,"max":0.0125463232398,"mean":0.00586041249335,"median":0.00651607429609,"min":1.45270306007e-7,"var":0.00000883689790498},"spectral_rolloff":{"dmean":104.746398926,"dmean2":182.761291504,"dvar":48644.578125,"dvar2":114389.109375,"max":9130.078125,"mean":435.991607666,"median":279.931640625,"min":64.599609375,"var":276959},"spectral_skewness":{"dmean":0.654050827026,"dmean2":1.02718198299,"dvar":0.463179528713,"dvar2":1.00339615345,"max":9.00599384308,"mean":3.18800401688,"median":2.91381168365,"min":-0.0348222516477,"var":1.97308206558},"spectral_spread":{"dmean":507544.84375,"dmean2":778164.8125,"dvar":443179040768,"dvar2":822560161792,"max":41232500,"mean":2878898.75,"median":2373992,"min":736639.75,"var":3147216453630},"spectral_strongpeak":{"dmean":0.349334388971,"dmean2":0.605803191662,"dvar":0.281530410051,"dvar2":0.75093048811,"max":9.90095615387,"mean":0.648523509502,"median":0.484409153461,"min":0,"var":0.425398766994},"zerocrossingrate":{"dmean":0.00326491543092,"dmean2":0.00440546963364,"dvar":0.0000425229918619,"dvar2":0.0000556860977667,"max":0.439453125,"mean":0.019133483991,"median":0.015625,"min":0.00244140625,"var":0.000248309923336}},"metadata":{"audio_properties":{"analysis_sample_rate":44100,"bit_rate":0,"codec":"flac","downmix":"mix","equal_loudness":0,"length":172.066665649,"lossless":true,"md5_encoded":"cbc40bac32147eb7a008146510a1d75c","replay_gain":-9.42475128174,"sample_rate":44100},"tags":{"album":["October"],"albumartist":["U2"],"albumartistsort":["U2"],"artist":["U2"],"artistsort":["U2"],"catalognumber":["XILP 9680"],"date":["1981"],"discnumber":["1"],"disctotal":["1"],"file_name":"01-10 Scarlet.flac","label":["Island Records"],"media":["12\" Vinyl"],"musicbrainz_albumartistid":["a3cb23fc-acd3-4ce0-8f36-1e5aa6a18432"],"musicbrainz_albumid":["c95ef89c-95d0-3b5f-9515-6e6c9487f102"],"musicbrainz_artistid":["a3cb23fc-acd3-4ce0-8f36-1e5aa6a18432"],"musicbrainz_recordingid":["eb7a432b-725d-49a1-88c9-bf0200578875"],"musicbrainz_releasegroupid":["87febb2c-e117-3a0d-a7f6-8fd9a6421af1"],"originaldate":["1981-10-12"],"producer":["Steve Lillywhite"],"releasecountry":["CA"],"releasestatus":["official"],"releasetype":["album"],"replaygain_album_gain":["-6.91 dB"],"replaygain_album_peak":["1.00000000"],"replaygain_track_gain":["-4.23 dB"],"replaygain_track_peak":["0.86740112"],"script":["Latn"],"title":["Scarlet"],"totaldiscs":["1"],"totaltracks":["11"],"tracknumber":["10"],"tracktotal":["11"]},"version":{"essentia":"2.1-beta1","essentia_build_sha":"ca57ba49d9b1854bd80e60cf9ccf267278fb7d6b","essentia_git_sha":"v2.1_beta1-28-g21ef5f4-dirty","extractor":"music 1.0"}},"rhythm":{"beats_count":322,"beats_loudness":{"dmean":0.025538334623,"dmean2":0.0479442328215,"dvar":0.000496317923535,"dvar2":0.00159850378986,"max":0.134621962905,"mean":0.0542008168995,"median":0.0564222708344,"min":1.35109301524e-8,"var":0.00113039033022},"beats_loudness_band_ratio":{"dmean":[0.150784507394,0.156071558595,0.0469685792923,0.0394430458546,0.0123713230714,0.00273123662919],"dmean2":[0.276339501143,0.280128568411,0.0832384675741,0.07