{"lowlevel":{"average_loudness":0.747442305088,"barkbands":{"dmean":[0.00182783487253,0.00396223319694,0.00191996491048,0.000793932296801,0.00110281002708,0.000481679657241,0.000385208171792,0.000384114769986,0.000472392246593,0.000417634204496,0.000272367091384,0.000489120662678,0.000692032044753,0.000633365183603,0.000747199403122,0.000382569094654,0.000455078436062,0.000463723379653,0.000359973259037,0.000151214349899,0.000099600169051,0.0000803704679129,0.0000467156496597,0.0000139381727422,0.00000223493589147,0.0000411183209508,0.000915879150853],"dmean2":[0.00304974545725,0.0068032075651,0.00326607632451,0.00131699745543,0.00182604067959,0.000793436658569,0.000635169330053,0.000648727407679,0.000791791360825,0.000710214255378,0.000459385075374,0.000810594763607,0.0011509450851,0.00105169683229,0.00124180398416,0.000629474001471,0.000754131528083,0.000783813477028,0.00060396065237,0.000238330176217,0.000144663703395,0.000109714797873,0.000064304418629,0.0000185529261216,0.00000364792208529,0.00005323044752,0.00142959144432],"dvar":[0.0000164898610819,0.0000376124917238,0.0000284478901449,0.00000278907532447,0.00000597698999627,0.00000114678823593,0.00000104638866105,9.72187990556e-7,0.00000124370637877,0.00000100040392681,3.7549889953e-7,0.00000118260118143,0.00000281949178316,0.00000151910330715,0.00000176857440692,3.51898677309e-7,5.42921611668e-7,9.34694412535e-7,6.20275159235e-7,8.84301414317e-8,3.78351927566e-8,1.90542586154e-8,9.40175315378e-9,7.37505612136e-10,1.28247560141e-11,6.98184754455e-9,0.00000213947873817],"dvar2":[0.0000409468193538,0.000105709099444,0.0000752014675527,0.00000702711395206,0.0000145822405102,0.00000281321172224,0.00000265412450062,0.00000261838204096,0.00000347319996763,0.00000284255747829,0.00000101207422176,0.0000031155761917,0.00000754313668949,0.0000039404862946,0.00000478260199088,9.16358999348e-7,0.00000137594906846,0.00000245496676143,0.00000162865296716,1.97605587005e-7,7.15333996482e-8,3.36117196298e-8,1.79187438221e-8,1.21701571043e-9,3.19235367308e-11,1.14623208702e-8,0.00000569217672819],"max":[0.0463750138879,0.0603975020349,0.0653915554285,0.0458166487515,0.0569197833538,0.0240027364343,0.0220202319324,0.0181372985244,0.0256863459945,0.0179384984076,0.0184509642422,0.0440082661808,0.0477258116007,0.0236082393676,0.0247781667858,0.00966977421194,0.0205049924552,0.0106854187325,0.00729936826974,0.00881224684417,0.00495915021747,0.00248411484063,0.00192130031064,0.000486858916702,0.0000495074127684,0.0015480001457,0.0326653309166],"mean":[0.00176340714097,0.00479122251272,0.00183827627916,0.00102840701584,0.00149062310811,0.000662955804728,0.000533637416083,0.000523029069882,0.00071164930705,0.000634731841274,0.000414321169956,0.000808476703241,0.00119393423665,0.00113309745211,0.00149445293937,0.000753801607061,0.000873541692272,0.000548202951904,0.000429750507465,0.00027344172122,0.000219113615458,0.000176535468199,0.0000950994872255,0.000026661411539,0.00000265699191004,0.000087411608547,0.00312741217203],"median":[0.000376684707589,0.00242182705551,0.000535992789082,0.000336465251166,0.000393423746573,0.000167978010722,0.0000972044581431,0.000102518220956,0.000177952824743,0.000199594825972,0.000165105200722,0.000411307672039,0.000451636384241,0.000545711722225,0.000718047202099,0.000446864927653,0.000434841116657,0.000170532250195,0.000132155517349,0.000115078844829,0.000115509086754,0.0000822922738735,0.0000322164123645,0.00000591000753047,0.00000114761871828,0.0000251834790106,0.00192902632989],"min":[2.74116353463e-23,6.62795189659e-23,1.13487249542e-23,2.16541498068e-23,1.11782410685e-22,1.51203210069e-23,7.60566547144e-23,9.76404318175e-23,2.79579404558e-23,4.74768425851e-23,2.02435276687e-22,7.98003424459e-23,2.07386281324e-22,1.068578108e-22,1.09960508026e-22,1.60203955225e-22,2.08433207031e-22,2.76552747214e-22,2.80293664466e-22,2.54297176163e-22,3.48174072509e-22,5.43750386641e-22,5.42536474858e-22,7.38983539969e-22,1.04101952365e-21,1.80655983249e-21,2.57031855261e-21],"var":[0.0000160800118465,0.000041347113438,0.0000229496290558,0.00000480791550217,0.0000096458616099,0.00000202843261832,0.00000167424366282,0.0000015168260461,0.00000202757451007,0.00000162532535342,6.16798047304e-7,0.00000217368688027,0.00000600900921199,0.00000327947395817,0.00000459918192064,9.20178990782e-7,0.000001450486252,9.16546639473e-7,6.14622479134e-7,2.3944457439e-7,1.32480408865e-7,5.80761820856e-8,2.25585328195e-8,2.09968065157e-9,1.60353536005e-11,1.96473699532e-8,0.0000130277776407]},"barkbands_crest":{"dmean":2.93331360817,"dmean2":4.98531389236,"dvar":7.33149051666,"dvar2":20.9657745361,"max":25.6034984589,"mean":8.97354316711,"median":7.83308982849,"min":2.61306619644,"var":17.3614673615},"barkbands_flatness_db":{"dmean":0.022659830749,"dmean2":0.0369858369231,"dvar":0.000499733141623,"dvar2":0.00136830657721,"max":0.348810702562,"mean":0.106128245592,"median":0.0957581549883,"min":0.0225593280047,"var":0.00211764709093},"barkbands_kurtosis":{"dmean":2.5499932766,"dmean2":4.23845291138,"dvar":47.6755180359,"dvar2":131.092727661,"max":191.707061768,"mean":2.08346533775,"median":-0.283853292465,"min":-1.83569872379,"var":65.7337265015},"barkbands_skewness":{"dmean":0.599784553051,"dmean2":0.960921108723,"dvar":0.482783406973,"dvar2":1.23503041267,"max":13.0618343353,"mean":1.06297814846,"median":0.790503203869,"min":-2.57257199287,"var":1.62939071655},"barkbands_spread":{"dmean":12.6020755768,"dmean2":20.006778717,"dvar":129.748413086,"dvar2":298.640106201,"max":126.521720886,"mean":57.572517395,"median":58.9198875427,"min":0.953250050545,"var":521.251098633},"dissonance":{"dmean":0.00848186109215,"dmean2":0.0146101079881,"dvar":0.0000978888419922,"dvar2":0.000267256866209,"max":0.500000178814,"mean":0.488804966211,"median":0.492291629314,"min":0.311119616032,"var":0.000134342641104},"dynamic_complexity":6.28005123138,"erbbands":{"dmean":[0.170785501599,0.763961732388,1.98302984238,2.31558585167,3.44201397896,3.81525754929,4.20448827744,3.68889117241,5.06960916519,6.84244394302,8.43873500824,10.3751144409,12.7604866028,10.9124889374,12.9891910553,19.0745334625,25.5608596802,31.831949234,34.5478477478,29.8172492981,23.1994438171,23.6183013916,21.6479206085,24.474363327,12.4633798599,7.24050092697,4.83095169067,3.79973840714,3.06230998039,2.06561899185,1.16254901886,0.46358859539,0.143847957253,0.032127045095,0.0145825427026,0.0326026827097,0.0840976536274,0.08798763901,0.0350054465234,0.0187467969954],"dmean2":[0.293752640486,1.31282186508,3.37220144272,3.88363075256,5.62809610367,6.35654592514,6.99102020264,6.03198194504,8.46755886078,11.4377355576,14.1106824875,17.4396591187,21.7500095367,17.951675415,21.4523696899,31.5237522125,42.1575889587,52.7320747375,57.6823272705,49.327255249,38.421131134,38.9413795471,36.3209686279,41.3990325928,20.7517032623,11.4452810287,7.23160076141,5.42934560776,4.21317529678,2.82040739059,1.59665620327,0.61009478569,0.195275738835,0.0502056516707,0.0236163772643,0.0451507605612,0.106722764671,0.111728683114,0.0480233132839,0.0294672213495],"dvar":[0.0995159670711,1.2641569376,24.5121231079,26.1035633087,65.9782180786,86.6045074463,104.901763916,64.5797271729,205.975082397,430.126495361,473.489105225,632.230041504,1045.77954102,516.22265625,929.835632324,1407.95629883,3133.85620117,4801.87255859,3510.88500977,3155.26074219,1362.00732422,1461.78320312,1769.86804199,3100.74536133,651.213134766,216.92616272,93.4426193237,51.772277832,26.9930953979,16.1015014648,5.50948858261,0.852267682552,0.0768686011434,0.00260812439956,0.000560382613912,0.0036977850832,0.0282148588449,0.0268455985934,0.00274618552066,0.000811934063677],"dvar2":[0.278887599707,3.58194279671,64.1738357544,67.8799743652,162.513763428,204.543914795,269.043609619,164.410095215,525.446289062,1170.74475098,1251.47888184,1758.75817871,2969.78222656,1426.14331055,2490.03076172,3628.10083008,8000.18115234,12810.640625,9502.79492188,8446.24511719,3618.28027344,3688.32446289,4681.22021484,7970.35351562,1717.63378906,491.258422852,178.266860962,100.84412384,48.3029060364,29.7470779419,10.3503398895,1.43401229382,0.130872234702,0.00589332729578,0.00139795558061,0.00638687470928,0.0438756011426,0.0411767438054,0.00495745660737,0.00212124409154],"max":[3.03092670441,12.9101676941,60.843875885,72.3078842163,224.131225586,253.47277832,234.348724365,151.133239746,353.712402344,559.912353516,570.621154785,650.84362793,641.132629395,473.538085938,964.680297852,1027.79431152,1740.16467285,1282.35559082,1335.9753418,1457.8059082,741.120300293,1248.08789062,782.779418945,487.491790771,285.883972168,520.353027344,264.614837646,199.830154419,85.9768371582,70.1992874146,41.3213806152,16.637140274,4.86925268173,0.669678509235,0.346551597118,1.0823417902,2.51973390579,2.76597619057,1.22343146801,0.656048953533],"mean":[0.183110460639,0.920235872269,2.08740305901,2.8237361908,4.52902936935,4.87242889404,5.41753435135,5.12922000885,6.88918972015,9.52627563477,12.4907770157,15.8060817719,19.3697624207,18.1217403412,21.8062229156,33.199256897,48.2198905945,61.7555351257,71.0127487183,63.0112876892,48.4703178406,46.2822608948,29.7148952484,27.4360141754,17.0699863434,13.0674543381,10.0717382431,8.37698459625,6.6502737999,4.37236356735,2.35383701324,0.936282634735,0.258547127247,0.0462004616857,0.018195355311,0.0587784908712,0.181788116693,0.21352788806,0.104915194213,0.0730679929256],"median":[0.0756011679769,0.471007227898,0.811287462711,1.05075216293,1.30541920662,1.15408563614,1.25059533119,1.39925789833,1.44368767738,1.70860111713,2.91371393204,4.07305431366,5.32470321655,7.0003247261,10.0687656403,16.981803894,20.9543781281,27.1179122925,39.7416114807,30.5201683044,27.2028999329,24.3459281921,12.3277187347,7.31593370438,5.90757894516,5.68635654449,4.98015213013,4.3479385376,3.16120624542,1.74017500877,0.787942647934,0.247055143118,0.0540819391608,0.0181329622865,0.00877589732409,0.0148051092401,0.0506873726845,0.0950614959002,0.0701981186867,0.0434953123331],"min":[3.42304987764e-21,8.90157814619e-21,1.37090613935e-20,4.12331053041e-20,2.87402869856e-19,3.74563252892e-19,1.47638155484e-19,1.61714921278e-19,5.44835021565e-19,2.48935187021e-18,1.28248842886e-18,5.4787217028e-19,1.61893473383e-18,2.06484277985e-18,9.62431839177e-18,2.99155762192e-18,7.5700492549e-18,7.85939455163e-18,5.25496883012e-18,5.77724529221e-18,1.10816021816e-17,1.38443498587e-17,1.7364291224e-17,8.04276725854e-18,1.77977371737e-17,1.34238848544e-17,1.36930312277e-17,1.59764558641e-17,1.90920531479e-17,1.40615377091e-17,1.62119872717e-17,1.42712693534e-17,1.16513997563e-17,7.99489583495e-18,1.05912213903e-17,6.76323796493e-18,3.30576135041e-18,1.34342113772e-18,3.31794525555e-19,3.79389102134e-20],"var":[0.0897145047784,1.45420503616,20.8809947968,30.5296630859,106.230545044,132.251541138,164.457229614,111.103797913,294.212280273,568.083374023,767.515808105,994.231628418,1652.06396484,1044.8302002,1611.86315918,2856.21557617,7602.81640625,12066.0332031,9275.04882812,7911.36035156,3836.58325195,3675.71337891,2068.83300781,2857.14404297,799.764770508,557.638427734,316.434204102,166.245574951,82.1343994141,42.3932266235,13.4713144302,2.38722515106,0.210556015372,0.00466940551996,0.000701132346876,0.00998475775123,0.0853115916252,0.0888014435768,0.0148111730814,0.00714810984209]},"erbbands_crest":{"dmean":2.20445990562,"dmean2":3.68259882927,"dvar":4.48804807663,"dvar2":11.623509407,"max":29.2599239349,"mean":7.59281730652,"median":6.77879238129,"min":2.26481389999,"var":10.546705246},"erbbands_flatness_db":{"dmean":0.0193101596087,"dmean2":0.0294925533235,"dvar":0.000339588354109,"dvar2":0.000748020131141,"max":0.390938431025,"mean":0.137939736247,"median":0.134598061442,"min":0.0251725502312,"var":0.00235610292293},"erbbands_kurtosis":{"dmean":1.32020783424,"dmean2":2.13029718399,"dvar":4.0619931221,"dvar2":9.84284114838,"max":100.357315063,"mean":1.70740830898,"median":0.889078378677,"min":-1.75130164623,"var":11.6074886322},"erbbands_skewness":{"dmean":0.388568639755,"dmean2":0.606945991516,"dvar":0.129787743092,"dvar2":0.297201961279,"max":4.26451587677,"mean":-0.461028546095,"median":-0.485633283854,"min":-3.46720910072,"var":0.510565817356},"erbbands_spread":{"dmean":7.17937660217,"dmean2":11.0690145493,"dvar":58.4714050293,"dvar2":129.118377686,"max":117.883247375,"mean":29.2640590668,"median":25.2531280518,"min":0.899165451527,"var":290.565734863},"gfcc":{"cov":[[20455.2070312,989.456970215,-1284.91711426,-416.075683594,-145.808502197,-1055.39575195,75.6395263672,-662.810668945,562.487915039,47.0143508911,-49.7562141418,-56.0337677002,-125.140777588],[989.456970215,1656.11206055,-151.663116455,-570.412536621,385.612884521,-180.841506958,-74.7521743774,-55.4364891052,103.309310913,-79.2475585938,78.8775024414,-226.735702515,127.483825684],[-1284.91711426,-151.663116455,663.155761719,262.087158203,-274.887939453,241.415008545,-97.6816482544,82.5109481812,-167.87651062,10.8135814667,-49.9778137207,104.190841675,-36.23645401],[-416.075683594,-570.412536621,262.087158203,525.241088867,-142.615432739,38.7479934692,80.6981277466,7.71284294128,-109.757873535,18.1090526581,-32.6887817383,140.737731934,-72.5570526123],[-145.808502197,385.612884521,-274.887939453,-142.615432739,533.694946289,2.84960174561,22.2161216736,-6.48502874374,87.8908309937,-46.6637001038,61.570476532,-147.429901123,66.2255096436],[-1055.39575195,-180.841506958,241.415008545,38.7479934692,2.84960174561,346.088928223,8.23250770569,99.1386413574,-68.3698577881,7.350440979,-5.0300116539,41.9098205566,-1.93638455868],[75.6395263672,-74.7521743774,-97.6816482544,80.6981277466,22.2161216736,8.23250770569,219.750656128,23.4296588898,27.9715995789,5.57190942764,19.185125351,51.2023735046,-15.132024765],[-662.810668945,-55.4364891052,82.5109481812,7.71284294128,-6.48502874374,99.1386413574,23.4296588898,171.34954834,4.56610155106,26.7036266327,33.4709129333,11.5169868469,14.0146045685],[562.487915039,103.309310913,-167.87651062,-109.757873535,87.8908309937,-68.3698577881,27.9715995789,4.56610155106,167.780593872,44.9612121582,22.5272731781,-32.4906463623,6.15984392166],[47.0143508911,-79.2475585938,10.8135814667,18.1090526581,-46.6637001038,7.350440979,5.57190942764,26.7036266327,44.9612121582,88.3514480591,41.5340652466,26.5046520233,3.99665164948],[-49.7562141418,78.8775024414,-49.9778137207,-32.6887817383,61.570476532,-5.0300116539,19.185125351,33.4709129333,22.5272731781,41.5340652466,93.7927780151,22.6589984894,23.8037567139],[-56.0337677002,-226.735702515,104.190841675,140.737731934,-147.429901123,41.9098205566,51.2023735046,11.5169868469,-32.4906463623,26.5046520233,22.6589984894,139.849060059,-8.7326335907],[-125.140777588,127.483825684,-36.23645401,-72.5570526123,66.2255096436,-1.93638455868,-15.132024765,14.0146045685,6.15984392166,3.99665164948,23.8037567139,-8.7326335907,79.5433502197]],"icov":[[0.0000785344163887,-0.000161236719578,0.000317930913297,-0.000234956503846,0.000231029553106,-0.000126302300487,0.000160115494509,0.000158682101755,-0.00023196580878,0.00000504268382429,0.0000614488162682,-0.0000785672746133,0.000110256369226],[-0.000161236719578,0.00293328170665,-0.00426460755989,0.00416014017537,-0.00248518842272,0.00332713453099,-0.00255681457929,0.000715312198736,0.000452992855571,0.0011352293659,-0.00192667124793,0.00108418893069,-0.000961698882747],[0.000317930913297,-0.00426460755989,0.0111012225971,-0.00869534257799,0.00639302609488,-0.00802251882851,0.00632834900171,-0.00136657012627,-0.000867532391567,0.000298681698041,0.00121336698066,0.000183753203601,0.0000965986255324],[-0.000234956503846,0.00416014017537,-0.00869534257799,0.0137060806155,-0.00989495776594,0.00957930460572,-0.00545497471467,-0.00145129999146,0.00760904420167,-0.00806711800396,0.00775913149118,-0.00945734232664,0.00564925372601],[0.000231029553106,-0.00248518842272,0.00639302609488,-0.00989495776594,0.0135458633304,-0.0092200031504,0.00232745986432,0.00362135306932,-0.00915770977736,0.0128532582894,-0.0140153663233,0.014381990768,-0.00762819964439],[-0.000126302300487,0.00332713453099,-0.00802251882851,0.00957930460572,-0.0092200031504,0.0124131403863,-0.00425224471837,-0.00323258107528,0.00652470998466,-0.00719913654029,0.00747451977804,-0.00801533646882,0.00403095828369],[0.000160115494509,-0.00255681457929,0.00632834900171,-0.00545497471467,0.00232745986432,-0.00425224471837,0.00967135839164,-0.00200933241285,-0.00190173881128,0.000994284404442,0.00114189682063,-0.00365901784971,0.00176321296021],[0.000158682101755,0.000715312198736,-0.00136657012627,-0.00145129999146,0.00362135306932,-0.00323258107528,-0.00200933241285,0.0107447337359,-0.00490683270618,0.00496175838634,-0.00943305250257,0.00751030631363,-0.004434148781],[-0.00023196580878,0.000452992855571,-0.000867532391567,0.00760904420167,-0.00915770977736,0.00652470998466,-0.00190173881128,-0.00490683270618,0.0190542899072,-0.0182407908142,0.0143538182601,-0.0108398832381,0.00769604835659],[0.00000504268382429,0.0011352293659,0.000298681698041,-0.00806711800396,0.0128532582894,-0.00719913654029,0.000994284404442,0.00496175838634,-0.0182407908142,0.0375925935805,-0.0280844215304,0.0171879008412,-0.0107804685831],[0.0000614488162682,-0.00192667124793,0.00121336698066,0.00775913149118,-0.0140153663233,0.00747451977804,0.00114189682063,-0.00943305250257,0.0143538182601,-0.0280844215304,0.0411840341985,-0.025878816843,0.00967882853001],[-0.0000785672746133,0.00108418893069,0.000183753203601,-0.00945734232664,0.014381990768,-0.00801533646882,-0.00365901784971,0.00751030631363,-0.0108398832381,0.0171879008412,-0.025878816843,0.0341397747397,-0.0131244594231],[0.000110256369226,-0.000961698882747,0.0000965986255324,0.00564925372601,-0.00762819964439,0.00403095828369,0.00176321296021,-0.004434148781,0.00769604835659,-0.0107804685831,0.00967882853001,-0.0131244594231,0.0226578172296]],"mean":[-24.1204948425,50.2525520325,-102.546165466,6.85637378693,3.02197289467,-8.50169277191,6.98654317856,-22.5854511261,4.7602891922,-10.722026825,-9.55562400818,0.943109512329,-12.1623411179]},"hfc":{"dmean":49.873550415,"dmean2":79.4672088623,"dvar":4423.33984375,"dvar2":12113.0537109,"max":1546.82885742,"mean":181.324966431,"median":173.685943604,"min":1.22823549295e-16,"var":23987.0859375},"melbands":{"dmean":[0.00133749574888,0.000981826917268,0.000431087770266,0.000257499254076,0.000146016682265,0.0000855288162711,0.0000764856158639,0.0000765534496168,0.000071298898547,0.0000668879802106,0.0000656098272884,0.0000471753846796,0.0000394199705624,0.000053209849284,0.000050787904911,0.0000794070438133,0.000056911532738,0.0000594471566728,0.0000623884989182,0.0000264239643002,0.0000321585030179,0.0000281539087155,0.0000195839784283,0.0000224285486183,0.0000204319021577,0.0000133153134811,0.0000054544248087,0.00000508876519234,0.00000342484577232,0.00000272711918115,0.00000230228283726,0.00000198910061044,0.00000142514807067,0.00000118929585824,7.76797662638e-7,4.32109146686e-7,2.44878293643e-7,1.18716442898e-7,4.97344032624e-8,2.12999804461e-8],"dmean2":[0.0022835615091,0.00167733139824,0.000711976492312,0.000426209240686,0.00024101199233,0.000139661569847,0.000126780083519,0.000128068088088,0.000119345546409,0.000112567853648,0.000112001951493,0.000077969270933,0.000065546213591,0.0000878612408997,0.0000853308156366,0.000131347231218,0.000094532406365,0.0000995506052277,0.000103323363874,0.0000437087219325,0.000053946969274,0.0000468542712042,0.0000325796136167,0.0000381985810236,0.0000346736524079,0.0000226965148613,0.00000888548402145,0.00000814001850813,0.00000528419332113,0.00000412147437601,0.00000339007101502,0.00000283936833512,0.00000204558728001,0.00000170902512764,0.00000111190843199,6.05537309184e-7,3.33404670982e-7,1.66699848592e-7,7.55538849262e-8,3.50438611463e-8],"dvar":[0.00000519746663485,0.00000404873571824,8.14030443053e-7,3.64133825315e-7,1.07519937842e-7,3.38653585175e-8,4.22699777403e-8,4.97960996881e-8,3.40711174829e-8,2.69186841706e-8,2.71087774451e-8,9.74207292614e-9,8.07177791273e-9,1.75726029283e-8,7.98959209902e-9,4.2065991579e-8,1.4159574846e-8,1.15201421735e-8,1.4911371693e-8,1.87383131234e-9,2.79924861069e-9,2.05929739927e-9,1.25981880483e-9,2.36179897861e-9,2.1774411163e-9,9.05553076969e-10,9.80400066686e-11,1.27394095273e-10,5.01644628614e-11,3.13372765237e-11,1.84158903405e-11,1.1209678151e-11,6.74740732037e-12,6.14128452953e-12,2.48173161708e-12,7.53307897831e-13,2.45417266153e-13,5.60556409504e-14,8.19382657834e-15,1.19315146769e-15],"dvar2":[0.0000144199484566,0.0000107649912024,0.00000207052107726,8.75793432442e-7,2.7566989047e-7,8.54716759591e-8,1.06719490134e-7,1.36092438652e-7,9.13300723937e-8,7.48981037191e-8,7.70606405354e-8,2.69047149004e-8,2.15022577521e-8,4.63726799182e-8,2.16339124393e-8,1.08926833775e-7,3.74154929261e-8,3.14601997786e-8,4.07096933941e-8,4.84545825685e-9,7.57025375719e-9,5.27640464654e-9,3.38812755629e-9,6.26547747018e-9,5.58749713164e-9,2.43406272915e-9,2.44580800057e-10,2.94221202957e-10,1.05459106725e-10,6.59362356381e-11,3.82469021731e-11,2.18126801343e-11,1.34787840611e-11,1.24936198539e-11,5.03152727815e-12,1.39147189864e-12,4.35842903651e-13,1.04087968984e-13,1.70816306385e-14,2.97750228641e-15],"max":[0.0223042014986,0.0241002105176,0.0165175944567,0.0159444827586,0.00640505971387,0.00375794572756,0.00467513129115,0.00576955778524,0.00553037598729,0.0043271780014,0.00316524947993,0.00211235927418,0.0026857831981,0.00558201037347,0.00159787130542,0.00633619911969,0.00214623264037,0.00257957889698,0.00257912091911,0.00096301001031,0.00115169538185,0.00121751672123,0.00126554316375,0.000506386160851,0.00043980893679,0.000289968709694,0.0001834093855,0.000431055057561,0.000194899432245,0.000128837054945,0.000125826103613,0.0000577691098442,0.0000429022911703,0.0000544996037206,0.0000257379724644,0.000017394835595,0.00000738663175071,0.00000406282242693,0.00000145399872054,4.59131229036e-7],"mean":[0.00158017268404,0.00114712421782,0.000562377972528,0.000345085107256,0.00019376995624,0.000119201446068,0.000106313855213,0.00010642001871,0.000104392929643,0.000100486256997,0.0000975663497229,0.0000744685748941,0.0000632168812444,0.0000875828482094,0.0000835997852846,0.000138569128467,0.000103447797301,0.000107310763269,0.00011688338418,0.0000528703785676,0.0000603033004154,0.0000524991519342,0.0000302679454762,0.0000254137939919,0.0000220968104259,0.0000153348555614,0.00000910143717192,0.00000865939273353,0.00000649358571536,0.0000053865596783,0.00000471252860734,0.00000399805276174,0.00000285797204924,0.00000229398392548,0.0000014666941297,8.5332095523e-7,4.53145162282e-7,2.00054032007e-7,7.4432179531e-8,2.43136675238e-8],"median":[0.000745590426959,0.000566860020626,0.000210875223274,0.0000934009731282,0.0000458897957287,0.0000313430064125,0.000021533218387,0.0000191453091247,0.0000250988559856,0.0000248197284236,0.0000261700661213,0.0000274249650829,0.0000274778485618,0.0000415483918914,0.0000414392998209,0.0000480530870846,0.0000457410205854,0.0000595457022428,0.0000492191502417,0.000030585892091,0.0000310633295157,0.0000265362359642,0.0000143428387673,0.00000716500790077,0.00000553148220206,0.00000440666372015,0.00000370369707525,0.00000365249570677,0.00000300066130876,0.00000268465100817,0.0000023356174097,0.00000187393197848,0.00000121620087157,8.22832021186e-7,4.75873321193e-7,2.60836429788e-7,9.38602795486e-8,3.5775435947e-8,1.88852880001e-8,9.90884618801e-9],"min":[2.42473217734e-23,8.4529057124e-24,1.34639402978e-23,2.73812137144e-23,7.18849263224e-24,3.84192852441e-24,9.69289250349e-24,2.71850713389e-23,8.87745566324e-24,3.60972455594e-24,8.08702571367e-24,6.04066136096e-24,3.18368957446e-23,1.4092357939e-23,4.62770025032e-24,2.58134946602e-23,1.25574720646e-23,8.30168107687e-24,7.98838575722e-24,8.3654999241e-24,1.29999449352e-23,1.51192276457e-23,1.54563015996e-23,1.09614944351e-23,5.54388448894e-24,1.20442809693e-23,1.17922075667e-23,8.2204552249e-24,7.52026938518e-24,9.1764181691e-24,9.85365052306e-24,1.19636459741e-23,8.66472038748e-24,7.75311824743e-24,9.90886447554e-24,7.89801937395e-24,9.23948207644e-24,8.05773215282e-24,6.95670715449e-24,6.47684543243e-24],"var":[0.00000530942361365,0.00000368499991055,0.00000114006377316,5.81686435908e-7,1.75492573362e-7,5.94948055266e-8,6.58245298268e-8,6.82617979919e-8,5.28604005012e-8,4.18554151338e-8,4.24625739015e-8,1.87266451235e-8,1.3814174693e-8,3.28267759642e-8,1.49064227628e-8,9.81627081842e-8,3.24120819073e-8,2.46041143015e-8,3.43698189909e-8,4.57829640865e-9,6.95696567021e-9,5.08260100673e-9,1.88987026029e-9,2.18032281118e-9,1.98334459967e-9,8.6942752997e-10,2.12354925311e-10,2.97771030056e-10,1.44594128337e-10,8.97231455799e-11,5.13484775533e-11,3.04429641218e-11,1.71278772415e-11,1.3395070643e-11,5.41606863524e-12,1.87433900865e-12,6.34216908591e-13,1.37139580833e-13,1.71934728689e-14,1.43302092808e-15]},"melbands_crest":{"dmean":4.80333709717,"dmean2":7.94649744034,"dvar":17.703371048,"dvar2":47.9578971863,"max":38.1608924866,"mean":15.4229097366,"median":14.50157547,"min":2.78501820564,"var":47.1075553894},"melbands_flatness_db":{"dmean":0.0328624285758,"dmean2":0.0533137246966,"dvar":0.000899542239495,"dvar2":0.00240136450157,"max":0.529800653458,"mean":0.185916259885,"median":0.175818920135,"min":0.00969456974417,"var":0.00459181144834},"melbands_kurtosis":{"dmean":6.74884653091,"dmean2":11.1718597412,"dvar":165.96005249,"dvar2":432.463043213,"max":282.252685547,"mean":8.79623794556,"median":2.51320719719,"min":-1.85289728642,"var":315.100799561},"melbands_skewness":{"dmean":0.914332509041,"dmean2":1.47989881039,"dvar":0.919421970844,"dvar2":2.38407969475,"max":15.8167514801,"mean":2.10946679115,"median":1.77893710136,"min":-4.83903074265,"var":3.71822953224},"melbands_spread":{"dmean":13.2696123123,"dmean2":21.3707847595,"dvar":225.010055542,"dvar2":554.463012695,"max":208.130554199,"mean":40.4168624878,"median":36.8840675354,"min":0.714978456497,"var":719.058349609},"mfcc":{"cov":[[18190.8125,1743.45251465,-1900.24865723,836.153442383,-979.593261719,266.787872314,-1004.47772217,-124.388420105,-367.990692139,257.524536133,-174.80317688,18.3300800323,-123.781967163],[1743.45251465,2030.87268066,-615.860412598,-267.257141113,232.663696289,-91.5918502808,-98.4857254028,-152.978500366,61.838809967,-4.39226913452,76.9004669189,-25.1109275818,-21.3736000061],[-1900.24865723,-615.860412598,1124.23413086,-19.5413265228,-61.7509117126,6.27765655518,106.804229736,73.8323516846,-40.9230003357,-97.934463501,-78.4870376587,22.6382675171,2.8894598484],[836.153442383,-267.257141113,-19.5413265228,458.758300781,-130.347106934,45.1123008728,-22.6213054657,27.2876052856,-65.9463577271,2.76578640938,-38.3409118652,-10.3698120117,3.80187058449],[-979.593261719,232.663696289,-61.7509117126,-130.347106934,406.015777588,4.42506217957,90.7506713867,-30.1169948578,57.5303955078,-5.49331855774,59.0095863342,-19.0423488617,-16.2059364319],[266.787872314,-91.5918502808,6.27765655518,45.1123008728,4.42506217957,192.338592529,29.6532440186,52.011844635,-9.78970527649,12.109372139,-32.4544448853,8.39625167847,-7.30257892609],[-1004.47772217,-98.4857254028,106.804229736,-22.6213054657,90.7506713867,29.6532440186,228.900939941,79.2426452637,31.0122661591,-25.8825626373,22.0680122375,-2.00100779533,16.1287994385],[-124.388420105,-152.978500366,73.8323516846,27.2876052856,-30.1169948578,52.011844635,79.2426452637,141.864135742,17.3756484985,11.3007240295,-0.649276137352,15.7581624985,3.29996848106],[-367.990692139,61.838809967,-40.9230003357,-65.9463577271,57.5303955078,-9.78970527649,31.0122661591,17.3756484985,100.134735107,29.0998916626,29.2346744537,3.55989050865,8.97728824615],[257.524536133,-4.39226913452,-97.934463501,2.76578640938,-5.49331855774,12.109372139,-25.8825626373,11.3007240295,29.0998916626,83.4437179565,38.4188728333,19.7217025757,2.6872689724],[-174.80317688,76.9004669189,-78.4870376587,-38.3409118652,59.0095863342,-32.4544448853,22.0680122375,-0.649276137352,29.2346744537,38.4188728333,95.3061676025,30.7218265533,20.4049892426],[18.3300800323,-25.1109275818,22.6382675171,-10.3698120117,-19.0423488617,8.39625167847,-2.00100779533,15.7581624985,3.55989050865,19.7217025757,30.7218265533,66.5544509888,32.9812088013],[-123.781967163,-21.3736000061,2.8894598484,3.80187058449,-16.2059364319,-7.30257892609,16.1287994385,3.29996848106,8.97728824615,2.6872689724,20.4049892426,32.9812088013,63.6829452515]],"icov":[[0.000135644062539,-0.000137636307045,0.000145482030348,-0.00015743773838,0.000217217646423,-0.000166119018104,0.000350740447175,-0.000176378569449,0.000339156162227,-0.000238802691456,0.000139443625812,-0.000116240029456,0.000154582274263],[-0.000137636307045,0.000872918812092,0.000240290770307,0.000463630189188,-0.000429283798439,0.000221474227146,-0.0000874975594343,0.000473786727525,-0.000596590107307,0.000997269991785,-0.000442151998868,-0.0000122449664559,0.0000906597051653],[0.000145482030348,0.000240290770307,0.00152105931193,0.000108471314888,0.000209367761272,0.000175536653842,-0.0000211126316572,-0.000415388320107,0.000417992705479,0.00107791891787,0.00107020593714,-0.00150790193584,0.00072183291195],[-0.00015743773838,0.000463630189188,0.000108471314888,0.00305161997676,0.000245229894063,-0.000182487303391,-0.000355187308742,-0.00022306763276,0.00128771259915,-0.000235515602981,0.0000259766366071,0.0013003955828,-0.00104789948091],[0.000217217646423,-0.000429283798439,0.000209367761272,0.000245229894063,0.0043295933865,-0.00142051943112,-0.000999965472147,0.00146476586815,-0.000918507517781,0.000784105272032,-0.00262666563503,0.000903598265722,0.0018402908463],[-0.000166119018104,0.000221474227146,0.000175536653842,-0.000182487303391,-0.00142051943112,0.00748403277248,-0.00147194659803,-0.00177544285543,0.00089083542116,-0.00258590560406,0.00487855449319,-0.00274245114997,0.000556562154088],[0.000350740447175,-0.0000874975594343,-0.0000211126316572,-0.000355187308742,-0.000999965472147,-0.00147194659803,0.00910522602499,-0.0049627777189,-0.000435734458733,0.00358567945659,-0.00317266653292,0.0027274992317,-0.00228348607197],[-0.000176378569449,0.000473786727525,-0.000415388320107,-0.00022306763276,0.00146476586815,-0.00177544285543,-0.0049627777189,0.0120953787118,-0.00265559507534,-0.00137032812927,0.000347496912582,-0.00286314124241,0.00245129829273],[0.000339156162227,-0.000596590107307,0.000417992705479,0.00128771259915,-0.000918507517781,0.00089083542116,-0.000435734458733,-0.00265559507534,0.0157918184996,-0.00688199931756,0.00073694443563,0.00225132191554,-0.00285829347558],[-0.000238802691456,0.000997269991785,0.00107791891787,-0.000235515602981,0.000784105272032,-0.00258590560406,0.00358567945659,-0.00137032812927,-0.00688199931756,0.0231840554625,-0.00976053345948,-0.00265860999934,0.00339772203006],[0.000139443625812,-0.000442151998868,0.00107020593714,0.0000259766366071,-0.00262666563503,0.00487855449319,-0.00317266653292,0.000347496912582,0.00073694443563,-0.00976053345948,0.0230005141348,-0.00907491054386,-0.00161280459724],[-0.000116240029456,-0.0000122449664559,-0.00150790193584,0.0013003955828,0.000903598265722,-0.00274245114997,0.0027274992317,-0.00286314124241,0.00225132191554,-0.00265860999934,-0.00907491054386,0.0283566247672,-0.0128494696692],[0.000154582274263,0.0000906597051653,0.00072183291195,-0.00104789948091,0.0018402908463,0.000556562154088,-0.00228348607197,0.00245129829273,-0.00285829347558,0.00339772203006,-0.00161280459724,-0.0128494696692,0.0244779605418]],"mean":[-684.806274414,116.099578857,-34.1215286255,32.0755386353,5.96925878525,31.7954139709,-0.642830967903,15.9734163284,2.26620793343,6.75142288208,0.556213438511,4.27650165558,-1.61446928978]},"pitch_salience":{"dmean":0.0862743332982,"dmean2":0.144728839397,"dvar":0.00601288210601,"dvar2":0.0168086215854,"max":0.870755016804,"mean":0.565869867802,"median":0.595505356789,"min":0.07779507339,"var":0.0168041884899},"silence_rate_20dB":{"dmean":0,"dmean2":0,"dvar":0,"dvar2":0,"max":1,"mean":1,"median":1,"min":1,"var":0},"silence_rate_30dB":{"dmean":0.00161052204203,"dmean2":0.00322147645056,"dvar":0.00160797941498,"dvar2":0.00482203904539,"max":1,"mean":0.999194860458,"median":1,"min":0,"var":0.000804459792562},"silence_rate_60dB":{"dmean":0.0144946984947,"dmean2":0.0289932880551,"dvar":0.0142875202,"dvar2":0.0316413380206,"max":1,"mean":0.157675787807,"median":0,"min":0,"var":0.132819697261},"spectral_centroid":{"dmean":300.88067627,"dmean2":448.673278809,"dvar":104570.382812,"dvar2":196411.84375,"max":10974.3046875,"mean":1971.22949219,"median":1902.77514648,"min":187.170669556,"var":614579.8125},"spectral_complexity":{"dmean":4.46248817444,"dmean2":6.47919464111,"dvar":29.3338260651,"dvar2":54.288230896,"max":61,"mean":23.1383514404,"median":26,"min":0,"var":257.651885986},"spectral_contrast_coeffs":{"dmean":[0.0537901744246,0.0453674159944,0.0338376536965,0.0278877057135,0.0243947934359,0.0340792909265],"dmean2":[0.0885314717889,0.0767534151673,0.0571914799511,0.0474996604025,0.0399873740971,0.0528600662947],"dvar":[0.00182939262595,0.00135559425689,0.000713954446837,0.000486912205815,0.000486817065394,0.00102202000562],"dvar2":[0.00493779033422,0.00377851934172,0.00201600650325,0.00137225759681,0.00122817396186,0.00237724371254],"max":[-0.399810582399,-0.538561105728,-0.522376358509,-0.60984069109,-0.611016094685,-0.375963151455],"mean":[-0.724148988724,-0.806451737881,-0.825823009014,-0.810551702976,-0.798770666122,-0.694344878197],"median":[-0.72928917408,-0.812933206558,-0.827448010445,-0.812928974628,-0.799618065357,-0.68242508173],"min":[-0.956779301167,-0.975044846535,-0.954961538315,-0.966204047203,-0.963946163654,-0.960571825504],"var":[0.00690433336422,0.00428875908256,0.00213578226976,0.00201414013281,0.00202620192431,0.00704584550112]},"spectral_contrast_valleys":{"dmean":[0.441486120224,0.420023620129,0.325785756111,0.297904551029,0.324479550123,0.483060181141],"dmean2":[0.715295732021,0.667355835438,0.516009449959,0.449546456337,0.469933539629,0.738229870796],"dvar":[0.163926169276,0.152785226703,0.110191054642,0.119503162801,0.163422137499,0.229487776756],"dvar2":[0.355822265148,0.317477226257,0.204583853483,0.205085039139,0.300953119993,0.50952154398],"max":[-5.41133356094,-4.79142284393,-5.13838624954,-5.37315797806,-5.42243862152,-9.0184879303],"mean":[-7.51599407196,-7.4267115593,-7.36013889313,-7.28429603577,-7.570540905,-11.1728439331],"median":[-7.11017417908,-6.99390506744,-6.9627199173,-6.68901348114,-7.12221908569,-10.9040594101],"min":[-27.1880111694,-27.5820999146,-27.3352127075,-27.1689395905,-27.2127418518,-27.2143821716],"var":[1.93263196945,2.46214461327,2.15087962151,2.38356137276,2.18137836456,1.49402737617]},"spectral_decrease":{"dmean":2.43807485312e-9,"dmean2":3.95962240773e-9,"dvar":1.16120317494e-17,"dvar2":2.96950924677e-17,"max":8.98921026504e-9,"mean":-3.63541552417e-9,"median":-2.4641217955e-9,"min":-3.65529757573e-8,"var":1.83705266607e-17},"spectral_energy":{"dmean":0.0100819440559,"dmean2":0.0161380916834,"dvar":0.000189790298464,"dvar2":0.000478029687656,"max":0.170039728284,"mean":0.0301675610244,"median":0.0275285411626,"min":1.09416123319e-20,"var":0.000601003412157},"spectral_energyband_high":{"dmean":0.000697793089785,"dmean2":0.000976619194262,"dvar":8.14328927845e-7,"dvar2":0.00000160479032729,"max":0.0158341936767,"mean":0.00225883745588,"median":0.0017599221319,"min":7.33341091806e-21,"var":0.00000496791790283},"spectral_energyband_low":{"dmean":0.00634658522904,"dmean2":0.0107800597325,"dvar":0.00010500830831,"dvar2":0.000282960943878,"max":0.112983077765,"mean":0.00824286509305,"median":0.00468499027193,"min":9.91046712536e-23,"var":0.000111449386168},"spectral_energyband_middle_high":{"dmean":0.00285488250665,"dmean2":0.00449850643054,"dvar":0.0000167856323969,"dvar2":0.0000432408342022,"max":0.0723062977195,"mean":0.00831775832921,"median":0.00525977090001,"min":1.79391705537e-21,"var":0.0000804014343885},"spectral_energyband_middle_low":{"dmean":0.00253154779784,"dmean2":0.00406174082309,"dvar":0.0000169710801856,"dvar2":0.0000417832234234,"max":0.0740469098091,"mean":0.00514190271497,"median":0.0028289759066,"min":3.75620499777e-22,"var":0.0000405767168559},"spectral_entropy":{"dmean":0.121480979025,"dmean2":0.183771282434,"dvar":0.01690592058,"dvar2":0.0369252860546,"max":9.80776405334,"mean":7.83528995514,"median":7.85792922974,"min":6.41092538834,"var":0.112776950002},"spectral_flux":{"dmean":0.0206653922796,"dmean2":0.0327541008592,"dvar":0.000646265165415,"dvar2":0.00142291304655,"max":0.31080403924,"mean":0.09924903512,"median":0.104723021388,"min":1.04602160267e-10,"var":0.00317260227166},"spectral_kurtosis":{"dmean":3.89875078201,"dmean2":5.92428922653,"dvar":30.6061096191,"dvar2":74.9288330078,"max":93.9493103027,"mean":18.3411540985,"median":15.6978788376,"min":-1.17730498314,"var":163.503509521},"spectral_rms":{"dmean":0.000834405422211,"dmean2":0.00129337632097,"dvar":9.38825223784e-7,"dvar2":0.00000221030745706,"max":0.012879922986,"mean":0.00478601222858,"median":0.00518238497898,"min":3.26722264694e-12,"var":0.00000652599055684},"spectral_rolloff":{"dmean":2891.20629883,"dmean2":5290.98681641,"dvar":30888100,"dvar2":74931776,"max":22028.4667969,"mean":16092.9404297,"median":20305.8105469,"min":21.533203125,"var":62432372},"spectral_skewness":{"dmean":0.30837726593,"dmean2":0.458473086357,"dvar":0.13781683147,"dvar2":0.315692692995,"max":8.2779045105,"mean":2.77307653427,"median":2.57780480385,"min":-0.00771849323064,"var":1.26042449474},"spectral_spread":{"dmean":510473.65625,"dmean2":751619.9375,"dvar":441772736512,"dvar2":753896128512,"max":39346444,"mean":4431544,"median":4105756.5,"min":1409900.875,"var":1801574547460},"spectral_strongpeak":{"dmean":9.10155200958,"dmean2":16.6998939514,"dvar":395.345245361,"dvar2":1076.75463867,"max":175.916854858,"mean":7.94253158569,"median":0.258663058281,"min":0,"var":399.272369385},"zerocrossingrate":{"dmean":0.0445748157799,"dmean2":0.0539207346737,"dvar":0.0016416197177,"dvar2":0.00243264390156,"max":0.9599609375,"mean":0.339556366205,"median":0.337890625,"min":0,"var":0.0188037268817}},"metadata":{"audio_properties":{"analysis_sample_rate":44100,"bit_rate":192000,"codec":"mp3","downmix":"mix","equal_loudness":0,"length":173.008972168,"lossless":false,"md5_encoded":"acb6863b611db42605e82e1d4e255a22","replay_gain":-9.09115028381,"sample_rate":44100},"tags":{"album":["Far Beyond Driven"],"album artist credit":["Pantera"],"albumartist":["Pantera"],"albumartistsort":["Pantera"],"artist":["Pantera"],"artist credit":["Pantera"],"artistsort":["Pantera"],"bpm":["0"],"catalognumber":["EKCD 6283"],"date":["1994"],"discnumber":["1/1"],"encodedby":["iTunes v4.8.0.32"],"file_name":"05 - Pantera - Good Friends and a Bottle of Pills.mp3","genre":["Rock - Metal"],"label":["Gallo Record Company"],"language":["eng"],"media":["CD"],"musicbrainz album release country":["ZA"],"musicbrainz album status":["Official"],"musicbrainz album type":["album"],"musicbrainz_albumartistid":["541f16f5-ad7a-428e-af89-9fa1b16d3c9c"],"musicbrainz_albumid":["3809b136-3633-3008-9a5b-cca11331dac4"],"musicbrainz_artistid":["541f16f5-ad7a-428e-af89-9fa1b16d3c9c"],"musicbrainz_recordingid":["ebf03b81-5a2b-4a51-badb-0cca10b8c5a8"],"musicbrainz_releasegroupid":["60b55a8c-fe68-3397-91a3-7444cab57d7b"],"originaldate":["1994-03-18"],"replaygain_album_gain":["0.00 dB"],"replaygain_album_peak":["0.000000"],"replaygain_track_gain":["-9.08 dB"],"replaygain_track_peak":["1.053833"],"script":["Latn"],"title":["Good Friends and a Bottle of Pills"],"tracknumber":["5/12"]},"version":{"essentia":"2.1-beta1","essentia_build_sha":"5a811adb4c06fd6d02ca903f7349a26d851abfa8","essentia_git_sha":"v2.1_beta1-34-gf95df8b","extractor":"music 1.0"}},"rhythm":{"beats_count":422,"beats_loudness":{"dmean":0.014086522162,"dmean2":0.0244992747903,"dvar":0.000181940980838,"dvar2":0.000503854302224,"max":0.109058812261,"mean":0.034363232553,"median":0.0351289026439,"min":3.80835672331e-7,"var":0.000511092017405},"beats_loudness_band_ratio":{"dmean":[0.187891811132,0.0551412