{"lowlevel":{"average_loudness":0.964317202568,"barkbands":{"dmean":[0.000115041359095,0.00138338957913,0.000690831919201,0.00120061100461,0.00318423821591,0.000554679019842,0.000565399648622,0.00139156263322,0.000742998730857,0.000731635896955,0.000473895197501,0.000559811887797,0.000485583586851,0.000531184428837,0.000536521605682,0.00051146117039,0.000533746147994,0.00030552627868,0.000236358842812,0.000139908675919,0.000182755844435,0.000239629138377,0.000288951559924,0.000192155916011,0.000218826011405,0.0000746654550312,0.00000779335732659],"dmean2":[0.000180145012564,0.00233984272927,0.00119158811867,0.00206575286575,0.00530850794166,0.000886238238309,0.000928911438677,0.00221340777352,0.00118342926726,0.00114203023259,0.000762497656979,0.000886590511072,0.0007867901586,0.000849318341352,0.000863254826982,0.000824045098852,0.000863551045768,0.000496815075167,0.000386786618037,0.000235149636865,0.000301718857372,0.000364044477465,0.000422573299147,0.00027961313026,0.000323933025356,0.000117564595712,0.000012428195987],"dvar":[5.54941941289e-8,0.000010059973647,0.00000159710918979,0.0000083240611275,0.0000626618857495,9.48562160374e-7,0.00000124365215015,0.0000083539289335,0.00000252259064837,0.00000455498457086,0.00000139402857258,0.00000272126658274,0.00000117783440601,9.34367335503e-7,0.00000111349106646,9.44961584537e-7,5.70519716803e-7,1.9812574692e-7,9.01388830243e-8,4.80534971814e-8,1.01332176428e-7,1.96824942122e-7,2.86577517272e-7,1.1858628568e-7,1.93522637915e-7,3.275159699e-8,2.86112578074e-10],"dvar2":[1.00228440658e-7,0.0000263002530119,0.00000449849176221,0.0000229975321417,0.000161117743119,0.00000246002377935,0.00000311700409839,0.0000203810886887,0.00000657484406474,0.0000111096960609,0.00000350548407368,0.00000656384054309,0.00000278834363598,0.00000224925179282,0.0000025734054816,0.0000022489884941,0.00000137994538818,5.09088124545e-7,2.42053403099e-7,1.29472638832e-7,2.71780095318e-7,4.38734133468e-7,5.98751626057e-7,2.38789112927e-7,4.34029715279e-7,8.29954274195e-8,7.06382174975e-10],"max":[0.00317780347541,0.0280411578715,0.0242350678891,0.0347261317074,0.141835391521,0.0227812975645,0.0316836759448,0.0593733265996,0.0441472120583,0.0644216537476,0.0320488028228,0.0466960854828,0.0253315102309,0.0239204186946,0.029988033697,0.0257622580975,0.0181121472269,0.00840075779706,0.00481475517154,0.00386126083322,0.00437767105177,0.00715006701648,0.0112466942519,0.00691887130961,0.00604515895247,0.0026271562092,0.000320048275171],"mean":[0.000155768357217,0.00135712767951,0.00108762609307,0.00133788690437,0.00348190683872,0.0010163160041,0.000909069436602,0.00213463976979,0.00126484385692,0.00105227471795,0.000688089581672,0.000819211709313,0.000721990305465,0.000898791884538,0.000932268449105,0.00102243933361,0.0012026381446,0.000688413914759,0.000589875329752,0.000291865027975,0.000347150373273,0.000450808671303,0.000564873509575,0.000419738906203,0.000400055811042,0.000106859260995,0.0000113591713671],"median":[0.0000564843685424,0.000251324032433,0.000651045935228,0.000555362261366,0.00143882480916,0.000650616304483,0.000542188470718,0.000982546596788,0.000657050986774,0.000391826441046,0.000297700811643,0.000286871712888,0.000327086396283,0.000471214472782,0.000551670731511,0.000677993521094,0.000851789838634,0.000457019079477,0.000453431741334,0.000231704470934,0.000229684635997,0.000203480900382,0.000264180067461,0.000188741949387,0.000189236714505,0.0000465177654405,0.00000449261688118],"min":[5.45797773358e-25,1.88994763192e-24,2.16603775678e-25,1.29262373221e-24,1.01385918152e-23,5.50597222826e-24,8.91732469339e-24,4.5857553327e-24,1.30527086857e-23,1.7816868462e-23,1.29615897291e-23,2.41054719609e-23,2.99896674945e-23,3.40497957341e-23,3.14958238436e-23,6.59473391051e-23,6.23638784897e-23,4.86788583454e-23,1.33493692954e-22,1.86493066747e-22,2.10151383948e-22,3.01279636464e-22,3.41371693369e-22,5.39742720807e-22,8.98550890754e-22,1.25019473956e-21,1.81399254304e-21],"var":[7.941842739e-8,0.00000925685526454,0.00000200830641006,0.00000654636505715,0.0000528741111339,0.00000151170968365,0.00000179571986791,0.0000124128646348,0.00000372935551241,0.00000611866380495,0.00000197000258595,0.00000345810531144,0.00000171158569628,0.00000172350428329,0.0000017627098714,0.00000178516029337,0.00000164984442108,5.40014411854e-7,3.02668468066e-7,7.78507995847e-8,1.52258905928e-7,4.21248699922e-7,6.22449874754e-7,3.4384302694e-7,3.48798153027e-7,3.57911460469e-8,3.47180506566e-10]},"barkbands_crest":{"dmean":2.37974715233,"dmean2":3.9447786808,"dvar":5.71020174026,"dvar2":14.6002388,"max":23.81615448,"mean":6.8627614975,"median":6.01211643219,"min":1.94306957722,"var":11.1312923431},"barkbands_flatness_db":{"dmean":0.0138925276697,"dmean2":0.0221527554095,"dvar":0.000177612848347,"dvar2":0.000452898180811,"max":0.314650416374,"mean":0.0683056563139,"median":0.0623910650611,"min":0.0128000723198,"var":0.000884374661837},"barkbands_kurtosis":{"dmean":0.742956221104,"dmean2":1.219201684,"dvar":1.34965586662,"dvar2":3.51939868927,"max":29.3195667267,"mean":-0.164897680283,"median":-0.68391418457,"min":-1.91866779327,"var":2.91020774841},"barkbands_skewness":{"dmean":0.38860347867,"dmean2":0.596186161041,"dvar":0.155268028378,"dvar2":0.363200962543,"max":5.41327571869,"mean":0.473971545696,"median":0.430490493774,"min":-2.57638168335,"var":0.480946570635},"barkbands_spread":{"dmean":7.00550603867,"dmean2":10.3386764526,"dvar":50.3586463928,"dvar2":106.028015137,"max":91.1654129028,"mean":36.8175773621,"median":35.0500946045,"min":2.74875116348,"var":232.915878296},"dissonance":{"dmean":0.0123095111921,"dmean2":0.0206900350749,"dvar":0.000203656061785,"dvar2":0.000550666183699,"max":0.500000178814,"mean":0.477315664291,"median":0.482415884733,"min":0.00380256958306,"var":0.000385528139304},"dynamic_complexity":2.46541213989,"erbbands":{"dmean":[0.0458950921893,0.297894358635,0.699750304222,2.41267204285,10.3862743378,9.02838802338,5.16281270981,4.17120981216,6.55410242081,13.470044136,34.4146995544,18.203496933,15.1446342468,25.3388538361,16.380147934,24.6618595123,20.9108886719,27.7549266815,26.7254772186,24.1372299194,28.9821872711,25.7635650635,17.7865924835,13.525393486,8.81986045837,6.19454813004,6.40059280396,8.49556064606,8.48746967316,8.48396778107,8.66151714325,5.16089630127,2.99926900864,1.76905739307,1.99938499928,0.583435297012,0.107716754079,0.014919587411,0.00130891264416,0.0000558618667128],"dmean2":[0.0772635340691,0.51346129179,1.20695161819,4.1240530014,17.2564373016,15.2811107635,8.33983802795,6.69333267212,10.6948127747,21.889383316,54.5150947571,28.6148853302,23.5758476257,39.7557258606,26.0716915131,38.8398971558,33.4867324829,43.906955719,42.9215545654,37.9277229309,47.0163345337,41.2176322937,28.5572452545,22.3741950989,14.4372501373,10.3435192108,10.7860107422,13.7749500275,13.0702066422,12.2479133606,12.8394346237,7.687895298,4.32159852982,2.55401015282,3.04880452156,0.903453946114,0.170567467809,0.0233848318458,0.002059483435,0.0000858470448293],"dvar":[0.012505681254,0.454441100359,1.64637422562,25.701631546,807.593261719,441.796264648,106.930236816,55.3209495544,192.650390625,705.482116699,6376.32421875,1217.14440918,1532.9876709,6722.75976563,1470.93603516,5914.83740234,1755.97387695,3062.28076172,2485.54345703,2161.85473633,2329.1418457,1369.66552734,634.669189453,309.349456787,132.014892578,100.059654236,139.863739014,226.498428345,255.52406311,244.89956665,276.716125488,85.5045852661,28.0827522278,9.62854862213,21.0680751801,1.7815746069,0.0629861429334,0.00102133804467,0.00000827105486678,1.2884467715e-8],"dvar2":[0.0324322283268,1.22051882744,4.56194925308,70.3319549561,2088.71386719,1168.92004395,268.891845703,145.336105347,495.97857666,1687.52880859,15876.9238281,3107.22509766,3655.31567383,16418.6699219,3679.75683594,14351.5830078,4215.71191406,7154.08007813,6012.890625,4928.63037109,5733.97021484,3227.63110352,1594.83642578,835.741699219,348.526519775,269.6328125,390.553344727,588.395996094,591.618286133,514.690307617,603.434692383,177.160812378,55.3056907654,18.9911117554,49.8943367004,4.36724758148,0.161899924278,0.00251921149902,0.0000204990683415,3.17384660775e-8],"max":[1.04903650284,6.78031492233,22.4121055603,61.8903923035,364.5390625,439.080780029,313.181213379,152.110702515,456.253479004,705.13494873,1790.09863281,1021.7144165,1439.39526367,2484.46337891,958.99432373,2345.24755859,1043.86022949,1333.26367188,1172.5402832,1371.34521484,1242.14758301,849.139709473,464.021850586,342.542388916,161.781967163,211.555175781,170.580780029,216.572738647,255.937438965,256.377166748,355.182617188,192.581192017,109.249488831,69.6184844971,71.6736907959,17.6466255188,3.89923429489,0.611244618893,0.0502564534545,0.00157567753922],"mean":[0.040338601917,0.304501444101,1.08913755417,3.25007390976,10.2907733917,9.94626045227,8.12640285492,7.77574157715,11.6184015274,21.4644584656,53.1092033386,33.6145133972,25.3806915283,36.0918312073,27.5138397217,37.7716941833,34.6161079407,48.7649421692,48.8393669128,45.0631027222,65.2792434692,63.5014801025,44.1870346069,33.8302307129,21.8661651611,13.5078258514,12.6670188904,15.0652809143,15.6299667358,15.9310674667,16.3346176147,10.7456588745,6.54628753662,3.88577961922,3.0621213913,0.849763572216,0.15331235528,0.0233743302524,0.00186884740833,0.0000987711900962],"median":[0.00435736309737,0.0802339017391,0.669173955917,1.64883971214,3.37438774109,4.20021247864,4.43032073975,4.8395242691,7.05546426773,12.0420951843,22.9271755219,18.2644500732,12.8063430786,13.3609485626,13.9744186401,13.747385025,18.3946475983,24.2118759155,30.3851280212,26.3648490906,48.1454467773,45.55210495,30.8243579865,25.4046707153,18.076713562,10.9066343307,9.16383647919,8.90192985535,7.30134153366,6.61826133728,7.84020853043,4.74880123138,2.8524928093,1.85143709183,1.35656070709,0.381161749363,0.0655454844236,0.00964661687613,0.000687138177454,0.0000585449161008],"min":[8.14934966949e-23,1.23598436329e-22,3.2849872033e-22,6.62164421528e-21,1.35975293357e-20,2.64254091167e-20,5.99779227133e-20,4.73225310927e-20,1.24151538138e-19,1.28463514349e-19,1.71305653966e-19,3.51476099158e-19,4.64393516452e-19,4.54634181091e-19,8.32963742408e-19,1.36238849256e-18,1.45183266957e-18,1.89901416013e-18,2.15750582681e-18,2.38568421917e-18,3.85576180471e-18,4.65278258495e-18,3.62186573316e-18,5.57499839167e-18,6.36963068789e-18,8.92967941031e-18,9.55209642531e-18,1.0830581817e-17,1.09990570011e-17,1.11228338264e-17,1.02005522588e-17,9.21041127532e-18,8.48526256414e-18,7.95829722875e-18,6.81472168625e-18,4.30338480293e-18,2.22431182821e-18,9.63449622882e-19,2.04846716281e-19,2.68967873591e-20],"var":[0.0109430626035,0.409119695425,1.99357485771,23.5775566101,649.377563477,382.747711182,145.330718994,98.2787017822,277.054718018,1114.27270508,8939.39941406,2301.66796875,2123.30444336,9290.33886719,2319.7578125,7531.22314453,2822.12280273,5571.82617188,3924.82568359,4001.7590332,5015.89306641,4456.90771484,2020.06848145,1031.27453613,360.508728027,161.995117188,188.222457886,343.405212402,504.720672607,558.115600586,539.092102051,231.012634277,86.8285217285,29.8762283325,27.7177658081,2.16789484024,0.0652543380857,0.00131480733398,0.00000979347714747,1.48137813127e-8]},"erbbands_crest":{"dmean":2.13950896263,"dmean2":3.48511052132,"dvar":4.67410755157,"dvar2":11.6409502029,"max":30.5647525787,"mean":7.47525691986,"median":6.54042196274,"min":2.13288545609,"var":12.8089551926},"erbbands_flatness_db":{"dmean":0.0156534798443,"dmean2":0.0224665850401,"dvar":0.000229610464885,"dvar2":0.000444385106675,"max":0.395269572735,"mean":0.135879591107,"median":0.129246979952,"min":0.0519024506211,"var":0.00141811510548},"erbbands_kurtosis":{"dmean":0.720322012901,"dmean2":1.1339854002,"dvar":1.24575066566,"dvar2":2.99769592285,"max":52.5172309875,"mean":0.217219665647,"median":-0.149714529514,"min":-1.82353711128,"var":2.44985890388},"erbbands_skewness":{"dmean":0.287859678268,"dmean2":0.430491656065,"dvar":0.077373303473,"dvar2":0.163192331791,"max":4.22846794128,"mean":-0.102550119162,"median":-0.141671270132,"min":-2.72760510445,"var":0.37595435977},"erbbands_spread":{"dmean":8.51076030731,"dmean2":12.6914491653,"dvar":95.9016647339,"dvar2":198.925827026,"max":129.815093994,"mean":38.8571052551,"median":35.4746170044,"min":1.97609627247,"var":310.271820068},"gfcc":{"cov":[[28111.1621094,456.628692627,-1768.1862793,503.453338623,-1159.05456543,415.661804199,-972.571777344,161.657272339,-572.671386719,-32.8794288635,-596.33416748,4.08263397217,-430.799377441],[456.628692627,817.560668945,-332.831573486,-180.467636108,192.154876709,-121.292251587,114.61289978,50.9184646606,63.4126548767,40.8925590515,38.7302131653,-2.48548674583,32.7385902405],[-1768.1862793,-332.831573486,763.505432129,120.117401123,104.464485168,83.283416748,76.0794448853,-73.0079803467,10.9962568283,24.7275733948,-12.6495027542,44.0761032104,13.4428796768],[503.453338623,-180.467636108,120.117401123,366.701629639,-92.3477325439,65.6111907959,-76.4514465332,23.5090389252,-8.38116264343,-4.89834976196,5.69555091858,-10.291135788,18.2347869873],[-1159.05456543,192.154876709,104.464485168,-92.3477325439,348.236938477,-2.62967014313,131.379837036,35.3835639954,78.073387146,46.667930603,23.6037578583,39.3489646912,36.352519989],[415.661804199,-121.292251587,83.283416748,65.6111907959,-2.62967014313,225.160827637,37.2008628845,43.6590232849,-26.1085662842,8.14736843109,14.7255544662,4.27561903,-21.8180961609],[-972.571777344,114.61289978,76.0794448853,-76.4514465332,131.379837036,37.2008628845,204.203353882,27.6287155151,36.1724815369,27.0018558502,35.5261764526,20.2963275909,16.5930480957],[161.657272339,50.9184646606,-73.0079803467,23.5090389252,35.3835639954,43.6590232849,27.6287155151,134.588348389,58.471206665,25.2348842621,30.0822029114,6.97250461578,13.8450508118],[-572.671386719,63.4126548767,10.9962568283,-8.38116264343,78.073387146,-26.1085662842,36.1724815369,58.471206665,116.187408447,50.6397171021,19.9641265869,2.95588445663,35.227848053],[-32.8794288635,40.8925590515,24.7275733948,-4.89834976196,46.667930603,8.14736843109,27.0018558502,25.2348842621,50.6397171021,74.0651702881,25.2720775604,10.6688547134,14.1526985168],[-596.33416748,38.7302131653,-12.6495027542,5.69555091858,23.6037578583,14.7255544662,35.5261764526,30.0822029114,19.9641265869,25.2720775604,97.8894958496,19.684967041,18.0663452148],[4.08263397217,-2.48548674583,44.0761032104,-10.291135788,39.3489646912,4.27561903,20.2963275909,6.97250461578,2.95588445663,10.6688547134,19.684967041,66.8766937256,23.7780036926],[-430.799377441,32.7385902405,13.4428796768,18.2347869873,36.352519989,-21.8180961609,16.5930480957,13.8450508118,35.227848053,14.1526985168,18.0663452148,23.7780036926,79.4213638306]],"icov":[[0.000123179968796,-0.000234460370848,0.00021984174964,-0.000201653921977,0.000267557945335,-0.00030231665005,0.000356305943569,-0.000255850609392,0.000504816998728,-0.000733360357117,0.000969868095126,-0.000763689633459,0.000453325192211],[-0.000234460370848,0.00277940137312,0.000711968401447,0.000488429854158,-0.00171163887717,0.00165210431442,-0.00176261784509,0.000334907468641,-0.000330740585923,0.000419222778874,-0.00200271443464,0.00208923360333,-0.0012008829508],[0.00021984174964,0.000711968401447,0.0029780594632,-0.00135070923716,-0.000581579864956,-0.00089816498803,-0.000652787624858,0.00176758843008,-0.0000306815563818,-0.00189010147005,0.00228040805086,-0.00251707830466,0.00113802403212],[-0.000201653921977,0.000488429854158,-0.00135070923716,0.00440912647173,0.000356258999091,-0.000386022380553,0.00115342880599,-0.00108423398342,-0.000381033838494,0.00132516014855,-0.00225164089352,0.00261928117834,-0.00273905787617],[0.000267557945335,-0.00171163887717,-0.000581579864956,0.000356258999091,0.00591585133225,-0.00109315698501,-0.000671525718644,-0.000794118095655,-0.0011851178715,-0.00153222412337,0.0026501561515,-0.00349321449175,0.000685836712364],[-0.00030231665005,0.00165210431442,-0.00089816498803,-0.000386022380553,-0.00109315698501,0.0079729706049,-0.00281117297709,-0.00330733135343,0.00329849775881,-0.000603136257268,-0.00256427843124,0.00256592663936,0.00023380696075],[0.000356305943569,-0.00176261784509,-0.000652787624858,0.00115342880599,-0.000671525718644,-0.00281117297709,0.00944217480719,-0.00138357863761,0.000820982793812,-0.0014851167798,0.000781978305895,-0.00186519778799,0.000589557050262],[-0.000255850609392,0.000334907468641,0.00176758843008,-0.00108423398342,-0.000794118095655,-0.00330733135343,-0.00138357863761,0.0147717762738,-0.00989370234311,0.00338400597684,-0.00349184195511,-0.000986306229606,0.000467798265163],[0.000504816998728,-0.000330740585923,-0.0000306815563818,-0.000381033838494,-0.0011851178715,0.00329849775881,0.000820982793812,-0.00989370234311,0.0237486530095,-0.0135719645768,0.00467144371942,0.00231507793069,-0.00390209071338],[-0.000733360357117,0.000419222778874,-0.00189010147005,0.00132516014855,-0.00153222412337,-0.000603136257268,-0.0014851167798,0.00338400597684,-0.0135719645768,0.0264353789389,-0.00926442723721,0.00203901040368,-0.0010728831403],[0.000969868095126,-0.00200271443464,0.00228040805086,-0.00225164089352,0.0026501561515,-0.00256427843124,0.000781978305895,-0.00349184195511,0.00467144371942,-0.00926442723721,0.0206820238382,-0.00887758377939,0.0022772680968],[-0.000763689633459,0.00208923360333,-0.00251707830466,0.00261928117834,-0.00349321449175,0.00256592663936,-0.00186519778799,-0.000986306229606,0.00231507793069,0.00203901040368,-0.00887758377939,0.0251621492207,-0.00921764783561],[0.000453325192211,-0.0012008829508,0.00113802403212,-0.00273905787617,0.000685836712364,0.00023380696075,0.000589557050262,0.000467798265163,-0.00390209071338,-0.0010728831403,0.0022772680968,-0.00921764783561,0.0196905098855]],"mean":[24.292886734,45.8422584534,-124.119628906,23.5522594452,-61.8856086731,13.7007417679,-50.6298942566,12.5507106781,-24.0540142059,-1.00498092175,-24.7299423218,-1.65252065659,-18.1490135193]},"hfc":{"dmean":11.5081748962,"dmean2":16.8937263489,"dvar":256.183135986,"dvar2":562.800537109,"max":232.524093628,"mean":38.8338279724,"median":34.5792236328,"min":1.06353748025e-16,"var":695.55279541},"melbands":{"dmean":[0.000395889626816,0.000351733557181,0.000601336068939,0.000814820814412,0.000188780657481,0.0000973060232354,0.00010333841783,0.000165139805176,0.00028220214881,0.0000994108559098,0.0000776285378379,0.000106009429146,0.000062777849962,0.0000569226212974,0.0000577005775995,0.0000508654120495,0.0000545951261302,0.0000436358277511,0.0000351746057277,0.0000335517543135,0.0000387244690501,0.0000293640969176,0.0000255164486589,0.0000140580305015,0.0000122601195471,0.00000867276048666,0.00000509889696332,0.00000448486343885,0.00000438210554421,0.00000412085364587,0.00000565215077586,0.00000484204201712,0.00000545935290575,0.00000479710615764,0.00000581905942454,0.00000443614999313,0.0000028970528092,0.00000226080896937,0.00000195305619854,0.0000014111172959],"dmean2":[0.000667686748784,0.000592748518102,0.00101134623401,0.00136930891313,0.000309222610667,0.000155944871949,0.0001682977163,0.00026805017842,0.000446434831247,0.000156543261255,0.000121132819913,0.000166514393641,0.000100874320196,0.0000897151912795,0.0000923474653973,0.0000816365572973,0.0000869153809617,0.0000706073406036,0.000056060951465,0.0000527411357325,0.0000638425190118,0.0000471013445349,0.0000419132848037,0.0000229871457122,0.0000205121341423,0.000014306157027,0.00000851493950904,0.00000753643507778,0.0000074478030001,0.00000689648459229,0.00000919916510611,0.00000759710746934,0.00000843771522341,0.00000703687510395,0.00000881198320712,0.00000674362081554,0.00000442863392891,0.00000335595541401,0.00000288352430289,0.0000021053394903],"dvar":[8.78141179328e-7,4.2432239411e-7,0.00000215616250898,0.00000454255041404,1.15475543794e-7,2.90279782433e-8,4.38300524763e-8,9.99858826845e-8,4.60237487232e-7,3.52183811003e-8,4.26105977169e-8,1.21751895676e-7,2.11290203112e-8,2.46767211109e-8,2.62724260125e-8,1.38357787449e-8,1.14031193377e-8,6.35808916627e-9,6.26780094493e-9,6.06245675883e-9,3.64262287e-9,1.96740068681e-9,1.50404833033e-9,3.76279785108e-10,2.63973953807e-10,1.32215946524e-10,4.96497808145e-11,5.36941081875e-11,6.43957942525e-11,4.76152658968e-11,1.07977425612e-10,8.34569566233e-11,1.04878258855e-10,8.42709443893e-11,1.29854058062e-10,7.19397111326e-11,2.83742890295e-11,1.63822601318e-11,1.2343781379e-11,6.05965538164e-12],"dvar2":[0.00000228522435464,0.00000112802331387,0.0000057492857195,0.0000117516474347,2.92266065571e-7,7.58107034926e-8,1.1154623536e-7,2.39096294763e-7,0.00000115607349471,8.92780889217e-8,1.01655231788e-7,3.00033548228e-7,5.31973363138e-8,5.9771068095e-8,6.32983230275e-8,3.29139382416e-8,2.68833133532e-8,1.56272008667e-8,1.40848124275e-8,1.41355771532e-8,9.31146182381e-9,4.61812454944e-9,3.90457666199e-9,9.7773256158e-10,7.22363668881e-10,3.50415974015e-10,1.33278138525e-10,1.45811404617e-10,1.79859155347e-10,1.29836544294e-10,2.81546175263e-10,1.9852677835e-10,2.4099489071e-10,1.83592460679e-10,3.01055763652e-10,1.55731191831e-10,6.21269563572e-11,3.41532878367e-11,2.517072141e-11,1.22549461898e-11],"max":[0.00800752360374,0.00905773881823,0.0159085951746,0.036827750504,0.00876507442445,0.00334687437862,0.00711733475327,0.00894467905164,0.0157878138125,0.00570459291339,0.00743407849222,0.0108604161069,0.00367009011097,0.00508817238733,0.00386853190139,0.00345934717916,0.00253037898801,0.00159237533808,0.00265889335424,0.0019578053616,0.00134560384322,0.00111912586726,0.000827802054118,0.000367023225408,0.00028853546246,0.000176918576472,0.000121500961541,0.000142124903505,0.000127330829855,0.000121513206977,0.000157566581038,0.000146070771734,0.000164829034475,0.00015869087656,0.000237562737311,0.000166192883626,0.000115782720968,0.0000891139279702,0.0000907070207177,0.0000621639628662],"mean":[0.000373031565687,0.000520795874763,0.000741842959542,0.000825279217679,0.000293366552796,0.000182579795364,0.000180916511454,0.000259832886513,0.000436537840869,0.000181665920536,0.00012124121713,0.000145691476064,0.0000970430482994,0.0000862004017108,0.0000857008635649,0.000078856566688,0.0000905912893359,0.0000765312506701,0.0000610104070802,0.0000600948660576,0.0000821546418592,0.0000668349093758,0.0000532681333425,0.000031225154089,0.0000273153709713,0.0000198292946152,0.0000106564293674,0.00000861429089127,0.00000797264056018,0.00000775374610384,0.00000902567717276,0.00000834967522678,0.00000962024387263,0.00000836265098769,0.00000981485845841,0.00000860786531121,0.00000562465129406,0.00000456159477835,0.0000040505619836,0.00000295302106679],"median":[0.0000564287111047,0.000285942049231,0.000359358033165,0.000298240687698,0.000170202692971,0.000113588408567,0.000111696164822,0.000146087419125,0.000191678816918,0.0000976145092864,0.0000559928303119,0.0000485097771161,0.0000454102410004,0.000029771887057,0.0000365373707609,0.000035352903069,0.0000433419118053,0.000046172295697,0.0000345907537849,0.0000327417583321,0.0000609220987826,0.000046262415708,0.0000348388057319,0.0000213718267332,0.0000196308337763,0.0000147128357639,0.00000890270257514,0.00000655742769595,0.00000559975160286,0.00000534650280315,0.0000047966832426,0.00000381206245947,0.00000406333583669,0.00000323505855704,0.00000449305389338,0.00000375998706659,0.00000241723296313,0.00000193582877728,0.00000170124633314,0.00000143811200815],"min":[1.28974005117e-24,9.24987729102e-26,1.09972899847e-24,1.55952614202e-24,2.07347138835e-24,1.13464003783e-24,2.37472553514e-24,1.27978955692e-24,1.32431188034e-24,2.04096321931e-24,2.24584065159e-24,1.10242502922e-24,2.8886788673e-24,2.51158994397e-24,3.09244242798e-24,2.27352059746e-24,2.85814561153e-24,2.52939354852e-24,2.57267933247e-24,3.36768191427e-24,2.8281373427e-24,4.25054387939e-24,3.2395843139e-24,2.27854583864e-24,3.92171154978e-24,3.70164460077e-24,4.67035277618e-24,5.17837249382e-24,5.11944537306e-24,4.34241540927e-24,5.11223360667e-24,4.59453969331e-24,5.28334266461e-24,5.63389825139e-24,5.0862465563e-24,5.72210236693e-24,4.50454801897e-24,5.20399864033e-24,5.12877010339e-24,6.47398383949e-24],"var":[7.89826231085e-7,5.1928236644e-7,0.00000177676304247,0.0000036649410049,1.60219883583e-7,5.29262145221e-8,6.42772164383e-8,1.48940586087e-7,6.08779430422e-7,6.93959307796e-8,5.67432572041e-8,1.65331414337e-7,3.25706288606e-8,3.38673586953e-8,3.1688777824e-8,2.02171595021e-8,2.04400691928e-8,9.85467440984e-9,9.77195835361e-9,1.02192059259e-8,7.59887353041e-9,5.67701841092e-9,3.69477737294e-9,1.09172160201e-9,7.65095486965e-10,3.65414115633e-10,8.85744602663e-11,7.98758559295e-11,8.23585991072e-11,7.15164455434e-11,1.48911744047e-10,1.51820195304e-10,2.08484951525e-10,1.7282655862e-10,2.14636322604e-10,1.67864250278e-10,6.67684310618e-11,4.39951235165e-11,3.68691015218e-11,1.74278803194e-11]},"melbands_crest":{"dmean":3.42091488838,"dmean2":5.57364320755,"dvar":10.3899383545,"dvar2":25.3030261993,"max":29.756155014,"mean":10.3972959518,"median":9.45965957642,"min":1.57529902458,"var":20.4130382538},"melbands_flatness_db":{"dmean":0.0207727663219,"dmean2":0.0324905328453,"dvar":0.000435856141848,"dvar2":0.00105620233808,"max":0.41275420785,"mean":0.111496634781,"median":0.107589244843,"min":0.00294694537297,"var":0.00204155314714},"melbands_kurtosis":{"dmean":2.84623980522,"dmean2":4.59769487381,"dvar":26.5956096649,"dvar2":70.7213745117,"max":127.48903656,"mean":3.34774184227,"median":1.74924612045,"min":-1.77570784092,"var":31.1795578003},"melbands_skewness":{"dmean":0.56970500946,"dmean2":0.872877299786,"dvar":0.411621510983,"dvar2":0.96494448185,"max":8.97050952911,"mean":1.53271186352,"median":1.38292098045,"min":-2.01134872437,"var":0.938347518444},"melbands_spread":{"dmean":11.7415084839,"dmean2":17.9780807495,"dvar":183.10546875,"dvar2":385.449371338,"max":205.400390625,"mean":48.7761535645,"median":44.3306159973,"min":1.19898617268,"var":614.642883301},"mfcc":{"cov":[[10492.7929688,538.899780273,69.0636062622,83.2849273682,72.5692825317,25.4367046356,-145.796447754,79.780166626,-90.7660522461,-38.4468193054,-29.291387558,-57.345867157,-136.583145142],[538.899780273,1095.45874023,-456.193908691,-28.9630870819,9.74634552002,-45.2504882813,26.1342372894,10.8684186935,77.5503387451,33.0881004333,56.2959938049,31.7976551056,2.03011465073],[69.0636062622,-456.193908691,574.078796387,71.0952682495,19.3485145569,107.377113342,10.1019296646,-12.8774185181,-27.0036449432,-44.2326393127,-42.203994751,1.29301154613,21.1664409637],[83.2849273682,-28.9630870819,71.0952682495,226.716262817,50.2974510193,-5.98506641388,-33.3287696838,-13.9998102188,22.0365791321,13.1324529648,-28.6281929016,-0.897453844547,19.5160369873],[72.5692825317,9.74634552002,19.3485145569,50.2974510193,169.213027954,23.5033779144,-0.206874221563,12.6580810547,36.2869606018,17.9755878448,-1.43269765377,22.7532348633,19.480255127],[25.4367046356,-45.2504882813,107.377113342,-5.98506641388,23.5033779144,143.577423096,64.9108810425,17.2796325684,14.2487468719,-9.18274497986,9.09308719635,1.261754632,6.28791904449],[-145.796447754,26.1342372894,10.1019296646,-33.3287696838,-0.206874221563,64.9108810425,141.810394287,55.7583122253,1.87835073471,2.83396816254,26.5873317719,26.5883827209,4.3456788063],[79.780166626,10.8684186935,-12.8774185181,-13.9998102188,12.6580810547,17.2796325684,55.7583122253,97.7440567017,21.9904632568,6.11201953888,23.8653125763,19.0751152039,10.3499650955],[-90.7660522461,77.5503387451,-27.0036449432,22.0365791321,36.2869606018,14.2487468719,1.87835073471,21.9904632568,108.741279602,40.6958732605,0.26491767168,10.5496482849,18.8358135223],[-38.4468193054,33.0881004333,-44.2326393127,13.1324529648,17.9755878448,-9.18274497986,2.83396816254,6.11201953888,40.6958732605,99.3920516968,35.7368354797,11.7490653992,6.19340705872],[-29.291387558,56.2959938049,-42.203994751,-28.6281929016,-1.43269765377,9.09308719635,26.5873317719,23.8653125763,0.26491767168,35.7368354797,82.7558441162,24.3390903473,-2.39470601082],[-57.345867157,31.7976551056,1.29301154613,-0.897453844547,22.7532348633,1.261754632,26.5883827209,19.0751152039,10.5496482849,11.7490653992,24.3390903473,69.905166626,28.5154914856],[-136.583145142,2.03011465073,21.1664409637,19.5160369873,19.480255127,6.28791904449,4.3456788063,10.3499650955,18.8358135223,6.19340705872,-2.39470601082,28.5154914856,59.4516448975]],"icov":[[0.000117749077617,-0.000132455315907,-0.000098608303233,-0.0000244011989707,-0.000049971833505,-0.000147758721141,0.000329763453919,-0.000373794435291,0.00027258056798,-0.00013159197988,0.000178713933565,-0.0000748820966692,0.000361589743989],[-0.000132455315907,0.00168023793958,0.00136936735362,-0.000231541518588,0.0000796060776338,0.00000791400452727,-0.000775691063609,0.0011080801487,-0.00140271615237,0.00095976551529,-0.0009571799892,-0.000365283194697,-0.000455246394267],[-0.000098608303233,0.00136936735362,0.00351958232932,-0.00088092382066,0.000228874283493,-0.00229781935923,0.0000701018580003,0.000731586653274,-0.0000430251093348,0.000921382335946,0.000426048849477,-0.00101876235567,-0.000778194982558],[-0.0000244011989707,-0.000231541518588,-0.00088092382066,0.00549443950877,-0.00132556888275,0.000580950581934,0.00072366988752,0.000149589308421,-0.000238666863879,-0.00124730356038,0.00161178503186,0.000445970334113,-0.00118763407227],[-0.000049971833505,0.0000796060776338,0.000228874283493,-0.00132556888275,0.00731225823984,-0.0017017016653,0.00103354232851,-0.000700454285834,-0.00134154688567,-0.000661683443468,0.000800575246103,-0.00253720278852,-0.000190303529962],[-0.000147758721141,0.00000791400452727,-0.00229781935923,0.000580950581934,-0.0017017016653,0.0124416174367,-0.0066121048294,0.00248368782923,-0.00329348538071,0.00250687566586,-0.00331903877668,0.00401515467092,-0.00169693806674],[0.000329763453919,-0.000775691063609,0.0000701018580003,0.00072366988752,0.00103354232851,-0.0066121048294,0.0141673544422,-0.00745122879744,0.00318322237581,-0.00188795162831,0.00154468440451,-0.00472773564979,0.00266184122302],[-0.000373794435291,0.0011080801487,0.000731586653274,0.000149589308421,-0.000700454285834,0.00248368782923,-0.00745122879744,0.0167206376791,-0.00507055502385,0.00324905896559,-0.00485464371741,0.000714946596418,-0.00287603144534],[0.00027258056798,-0.00140271615237,-0.0000430251093348,-0.000238666863879,-0.00134154688567,-0.00329348538071,0.00318322237581,-0.00507055502385,0.0152613874525,-0.00710397073999,0.00492654554546,-0.000753825646825,-0.00132937903982],[-0.00013159197988,0.00095976551529,0.000921382335946,-0.00124730356038,-0.000661683443468,0.00250687566586,-0.00188795162831,0.00324905896559,-0.00710397073999,0.0164534579962,-0.00876097660512,0.00124794966541,-0.00114442396443],[0.000178713933565,-0.0009571799892,0.000426048849477,0.00161178503186,0.000800575246103,-0.00331903877668,0.00154468440451,-0.00485464371741,0.00492654554546,-0.00876097660512,0.0208309218287,-0.00709685124457,0.00417826930061],[-0.0000748820966692,-0.000365283194697,-0.00101876235567,0.000445970334113,-0.00253720278852,0.00401515467092,-0.00472773564979,0.000714946596418,-0.000753825646825,0.00124794966541,-0.00709685124457,0.0235704164952,-0.0107978368178],[0.000361589743989,-0.000455246394267,-0.000778194982558,-0.00118763407227,-0.000190303529962,-0.00169693806674,0.00266184122302,-0.00287603144534,-0.00132937903982,-0.00114442396443,0.00417826930061,-0.0107978368178,0.0247693173587]],"mean":[-605.884765625,82.1870117188,-8.61910533905,9.24397373199,6.67046022415,-2.5866394043,-11.2501649857,4.1483669281,-1.46919620037,-0.190211474895,-0.694736301899,-0.905294895172,-5.55730390549]},"pitch_salience":{"dmean":0.0646028518677,"dmean2":0.106695182621,"dvar":0.00357173406519,"dvar2":0.00947831384838,"max":0.865991771221,"mean":0.621315777302,"median":0.63191473484,"min":0.184379562736,"var":0.00744864111766},"silence_rate_20dB":{"dmean":0,"dmean2":0,"dvar":0,"dvar2":0,"max":1,"mean":1,"median":1,"min":1,"var":0},"silence_rate_30dB":{"dmean":0.000187987592653,"dmean2":0.000376010517357,"dvar":0.000187917321455,"dvar2":0.000563734676689,"max":1,"mean":0.999906003475,"median":1,"min":0,"var":0.0000939673918765},"silence_rate_60dB":{"dmean":0.00488767726347,"dmean2":0.00977627374232,"dvar":0.00486425403506,"dvar2":0.0108094094321,"max":1,"mean":0.05733082816,"median":0,"min":0,"var":0.0540448799729},"spectral_centroid":{"dmean":267.396697998,"dmean2":413.233886719,"dvar":104447.820313,"dvar2":232031.078125,"max":11643.9980469,"mean":2087.36181641,"median":2006.43920898,"min":366.427124023,"var":1330319},"spectral_complexity":{"dmean":3.81577205658,"dmean2":5.99492406845,"dvar":13.0446128845,"dvar2":29.8268756866,"max":56,"mean":28.1605262756,"median":30,"min":0,"var":110.220733643},"spectral_contrast_coeffs":{"dmean":[0.0615188144147,0.0461105927825,0.0386789739132,0.0314893089235,0.0218963213265,0.0164208915085],"dmean2":[0.0969247147441,0.0755315348506,0.0624219924212,0.0504579283297,0.0350981913507,0.0266640894115],"dvar":[0.00290954113007,0.00149189564399,0.00104972545523,0.000682213285472,0.000340736791259,0.000240007633693],"dvar2":[0.00669931620359,0.00387577875517,0.00253004208207,0.00161934189964,0.000796748732682,0.000578497652896],"max":[-0.251443177462,-0.353495657444,-0.481072038412,-0.506931364536,-0.578311622143,-0.603506207466],"mean":[-0.616818547249,-0.744123458862,-0.758333921432,-0.766295075417,-0.771991193295,-0.773136258125],"median":[-0.61937057972,-0.749295830727,-0.760754823685,-0.768439233303,-0.774938702583,-0.771713137627],"min":[-0.980425715446,-0.982330620289,-0.975834548473,-0.971805393696,-0.96810734272,-0.965032458305],"var":[0.0106118433177,0.00557968439534,0.00422303238884,0.00328032136895,0.00241524772719,0.0015666707186]},"spectral_contrast_valleys":{"dmean":[0.476368010044,0.334569841623,0.297955155373,0.248487234116,0.211296454072,0.263436853886],"dmean2":[0.775012612343,0.552156567574,0.480191916227,0.396895855665,0.325285792351,0.356389254332],"dvar":[0.194964766502,0.10614862293,0.0883673876524,0.0666012763977,0.0702998042107,0.112583950162],"dvar2":[0.423764109612,0.234510973096,0.18332876265,0.129226222634,0.127721443772,0.19359780848],"max":[-5.59652853012,-4.78622865677,-5.02802610397,-5.60170841217,-5.61971330643,-7.24913883209],"mean":[-8.03343772888,-6.85688638687,-7.45065736771,-7.50623846054,-7.2778968811,-9.46779060364],"median":[-7.64898395538,-6.42077302933,-7.04637336731,-7.05143928528,-6.75504207611,-9.06715774536],"min":[-28.6794204712,-27.9870300293,-27.9039268494,-27.790271759,-27.5510807037,-27.4652004242],"var":[6.25268363953,6.47979593277,6.12095499039,6.07672643661,6.22374296188,5.50697994232]},"spectral_decrease":{"dmean":2.05291539324e-9,"dmean2":3.19855142372e-9,"dvar":1.12485603164e-17,"dvar2":2.79687466769e-17,"max":1.94402285251e-28,"mean":-5.41343059268e-9,"median":-4.78915174185e-9,"min":-4.79045283441e-8,"var":1.45076841899e-17},"spectral_energy":{"dmean":0.00850700866431,"dmean2":0.0131099708378,"dvar":0.000183445488801,"dvar2":0.000454023684142,"max":0.195585772395,"mean":0.0239539016038,"median":0.0216883681715,"min":9.83601678077e-21,"var":0.000253830978181},"spectral_energyband_high":{"dmean":0.00105387310032,"dmean2":0.00149350694846,"dvar":0.00000300572173728,"dvar2":0.00000617497516942,"max":0.0276580993086,"mean":0.00245552090928,"median":0.0013563206885,"min":6.99043550203e-21,"var":0.0000081655489339},"spectral_energyband_low":{"dmean":0.00217805383727,"dmean2":0.0035694106482,"dvar":0.0000138802543006,"dvar2":0.0000339681937476,"max":0.036173928529,"mean":0.00318714557216,"median":0.00178103707731,"min":5.05307140536e-24,"var":0.0000176799294422},"spectral_energyband_middle_high":{"dmean":0.00255394447595,"dmean2":0.0038771610707,"dvar":0.0000143693696373,"dvar2":0.0000311493458867,"max":0.0824372321367,"mean":0.00859979167581,"median":0.0074078226462,"min":1.18207047883e-21,"var":0.0000412964072893},"spectral_energyband_middle_low":{"dmean":0.00571129098535,"dmean2":0.00913416594267,"dvar":0.000126055980218,"dvar2":0.000321831525071,"max":0.162502408028,"mean":0.0104567697272,"median":0.00766288721934,"min":1.27011528233e-22,"var":0.000125251288409},"spectral_entropy":{"dmean":0.121469438076,"dmean2":0.172099649906,"dvar":0.0162234622985,"dvar2":0.0316826365888,"max":9.82689571381,"mean":7.99895524979,"median":8.01655483246,"min":5.73221492767,"var":0.150950431824},"spectral_flux":{"dmean":0.0229386817664,"dmean2":0.034504853189,"dvar":0.000844228081405,"dvar2":0.00184261193499,"max":0.404264211655,"mean":0.0902509912848,"median":0.08481349051,"min":6.33580618525e-11,"var":0.00196399935521},"spectral_kurtosis":{"dmean":0.972316145897,"dmean2":1.48268079758,"dvar":1.63058197498,"dvar2":3.93672275543,"max":31.4161128998,"mean":3.45672917366,"median":3.02424764633,"min":-1.26382946968,"var":6.81602144241},"spectral_rms":{"dmean":0.000758353387937,"dmean2":0.00112600345165,"dvar":9.61086357165e-7,"dvar2":0.00000219997241402,"max":0.0138135943562,"mean":0.00454668048769,"median":0.00459993258119,"min":3.09775946214e-12,"var":0.00000269732731795},"spectral_rolloff":{"dmean":835.098693848,"dmean2":1325.10119629,"dvar":1456348.625,"dvar2":2996672.25,"max":19745.9472656,"mean":3539.77783203,"median":2670.1171875,"min":64.599609375,"var":7020285.5},"spectral_skewness":{"dmean":0.159684494138,"dmean2":0.234716176987,"dvar":0.0314057990909,"dvar2":0.0643117874861,"max":4.27880001068,"mean":1.42046976089,"median":1.40869545937,"min":-0.0902643501759,"var":0.200837552547},"spectral_spread":{"dmean":618750.8125,"dmean2":852829.25,"dvar":591778938880,"dvar2":1043199557630,"max":43235056,"mean":5898326,"median":5347235,"min":1517484.25,"var":17990873514000},"spectral_strongpeak":{"dmean":0.781790554523,"dmean2":1.33332705498,"dvar":1.20950603485,"dvar2":3.13723826408,"max":13.0808238983,"mean":1.14220929146,"median":0.644733786583,"min":0,"var":1.6848654747},"zerocrossingrate":{"dmean":0.0154794193804,"dmean2":0.0171782933176,"dvar":0.000281254877336,"dvar2":0.000342329556588,"max":0.5234375,"mean":0.11930321902,"median":0.10595703125,"min":0.01953125,"var":0.00390975410119}},"metadata":{"audio_properties":{"analysis_sample_rate":44100,"bit_rate":271470,"codec":"aac","downmix":"mix","equal_loudness":0,"length":247.037094116,"lossless":false,"md5_encoded":"ffd45867ed98f8a5166d79dbf352bc6e","replay_gain":-9.96850585938,"sample_rate":44100},"tags":{"album":["REM"],"artist":["R.E.M."],"asin":["B000002PGM"],"barcode":["076742205928"],"bpm":["103"],"compilation":["0"],"composer":["Bill Berry/Michael Stipe/Mike Mills/Peter Buck"],"date":["1987"],"discnumber":["1/1"],"file_name":"Y:\\Music\\Various Artists\\REM\\01 It's The End Of The World As We K.m4a","genre":["Rock"],"language":["eng"],"musicbrainz_albumid":["30e4cd2e-1d3e-4e43-bc44-8cb3395102e5"],"musicbrainz_artistid":["ea4dfa26-f633-4da6-a52a-f49ea4897b58"],"musicbrainz_recordingid":["ec16eb7e-7ab2-43b6-8906-490d4d962d37"],"title":["It's the End of the World as We Know It"],"tracknumber":["1/19"]},"version":{"essentia":"2.1-beta2","essentia_build_sha":"2d9f1f26377add8aeb1075a9c2973f962c4f09fd","essentia_git_sha":"v2.1_beta2-1-ge3940c0","extractor":"music 1.0"}},"rhythm":{"beats_count":422,"beats_loudness":{"dmean":0.00878960639238,"dmean2":0.0146909309551,"dvar":0.0000628271664027,"dvar2":0.000172795160324,"max":0.0828871354461,"mean":0.0360138267279,"median":0.0364043414593,"min":0,"var":0.000239933870034},"beats_loudness_band_ratio":{"dmean":[0.11480615288,0.118931107223,0.0755128338933,0.0690363198519,0.0664324834943,0.071352429688],"dmean2":[0.196192026138,0.206211641431,0.129637077451,0.124967619777,0.115593090653,0.120337516069],"dvar":[0.00944577343762,0.00916135124862,0.00660400604829,0.00853817071766,0.00527924159542,0.00367864128202],"dvar2":[0.0260016694665,0.0256419666111,0.015877276659,0.0225581061095,0.0149101214483,0.0102300895378],"max":[0.838383257389,0.803243756294,0.707513272762,0.66557186842,0.640676021576,0.517317533493],"mean":[0.321442127228,0.301807850599,0.125038564205,0.096496