{"lowlevel":{"average_loudness":0.947118997574,"barkbands":{"dmean":[0.000119759672089,0.00430842814967,0.0036160943564,0.00161663920153,0.00256344862282,0.00161177373957,0.00096493534511,0.00079109298531,0.000668612716254,0.000810709374491,0.000462294439785,0.000398390868213,0.00045586633496,0.000401371973567,0.00051239982713,0.000440301868366,0.000333798350766,0.000267166411504,0.000203161689569,0.000167710386449,0.00012821778364,0.000110160421173,0.0000823408336146,0.0000650963920634,0.0000324173015542,0.00000676622812534,2.42614220269e-7],"dmean2":[0.000180643415661,0.00707668112591,0.00589954992756,0.00276075582951,0.00433164229617,0.00256210821681,0.00156185589731,0.00125333876349,0.00103851640597,0.00124286895152,0.000728066603187,0.000632251612842,0.000722263124771,0.000661848986056,0.000839355983771,0.000730267027393,0.000545814633369,0.000437216745922,0.000326916575432,0.000264694768703,0.000193305953871,0.000156692331075,0.000115837174235,0.0000913123076316,0.0000462030657218,0.00000948200613493,3.52792000058e-7],"dvar":[1.37753531249e-7,0.0000738117378205,0.0000496369575558,0.0000107343366835,0.000020066385332,0.00000687730107529,0.00000364463130609,0.00000310938116854,0.00000250478751695,0.00000261185573436,0.00000118175489661,5.61642934827e-7,0.00000102090052678,5.19157936196e-7,7.57311511279e-7,6.53109168525e-7,4.54042805131e-7,3.00150162502e-7,1.15499197761e-7,1.1268665645e-7,6.30553884662e-8,7.61153131634e-8,4.65676954775e-8,4.41907275217e-8,7.53220330552e-9,4.34417640749e-10,6.20811290829e-13],"dvar2":[2.82725437728e-7,0.000195832704776,0.000130337488372,0.0000294409055641,0.0000543582209502,0.0000160932631843,0.0000088731503638,0.00000716584190741,0.00000558127476324,0.00000558153533348,0.00000285320311377,0.00000127474822875,0.00000227930217989,0.00000130394414555,0.00000184726252428,0.00000165204039604,0.00000121463972391,6.6319950065e-7,2.84596808342e-7,2.3350777667e-7,1.30461103254e-7,1.44231179888e-7,9.19878928585e-8,7.83200420074e-8,1.41049643076e-8,8.74522620986e-10,1.37391118447e-12],"max":[0.00662440620363,0.0937394946814,0.131521105766,0.0435303151608,0.0507463812828,0.0380091890693,0.0297191813588,0.0351446904242,0.0341155081987,0.0408738330007,0.0292004402727,0.021266726777,0.0219600815326,0.0137651255354,0.0212629213929,0.0200949311256,0.0207535512745,0.0309348367155,0.0105873374268,0.0193816516548,0.0089581636712,0.00977921672165,0.00510141253471,0.0065236594528,0.0027006729506,0.000735794543289,0.0000232785732805],"mean":[0.000150300431415,0.00875912420452,0.00652548205107,0.00199332344346,0.00370553648099,0.00286998320371,0.00164341367781,0.00148839317262,0.00115013937466,0.00153167534154,0.00078665278852,0.000736814341508,0.000814717612229,0.000704956823029,0.000965040118899,0.000923338113353,0.000675948977005,0.000540445034858,0.000442680960987,0.000401606899686,0.000281810178421,0.000208769051824,0.000140613454278,0.000113228670671,0.0000573662364332,0.0000131857805172,3.75060324131e-7],"median":[0.0000133527955768,0.00431876117364,0.00325081171468,0.000870303367265,0.0018295859918,0.001400692272,0.000612851581536,0.000451705418527,0.000478398054838,0.000619506405201,0.00033472359064,0.000352527073119,0.000383339764085,0.000365210842574,0.00054122612346,0.000501250848174,0.00038312736433,0.000354045972927,0.000319422688335,0.000289577263175,0.000155830333824,0.0000754538050387,0.0000344409891113,0.0000139891863,0.00000582639086133,0.00000124177802263,8.00514214916e-8],"min":[1.38987833829e-13,1.8770678371e-13,8.96232686589e-14,4.90169360721e-14,2.66828575158e-14,8.27400756416e-14,3.4543802687e-14,5.46166505576e-14,5.93491659355e-14,9.3883776621e-14,8.17115608032e-14,9.971855969e-14,3.06373070631e-14,4.72200920468e-15,2.71059216739e-14,3.60780097474e-14,2.60225428174e-14,1.40611407947e-14,3.60946556389e-14,6.66559702941e-14,1.97467588207e-14,3.70844136378e-14,3.5729465854e-14,4.58741185772e-14,8.34742363664e-14,6.92956569947e-14,4.66440688157e-12],"var":[2.29935849916e-7,0.000129002699396,0.0000910525632207,0.0000106364004751,0.0000260872711806,0.0000169822487806,0.00000853372512211,0.0000104963173726,0.00000548399566469,0.00000777417517384,0.00000260407682617,0.00000132994011892,0.00000265291259893,0.00000106475113171,0.00000187275963981,0.00000194035806089,0.00000107062408006,6.03281989697e-7,2.7204964681e-7,3.45569958426e-7,1.76477598757e-7,1.82569934282e-7,1.07950242523e-7,1.31764451794e-7,2.01870733463e-8,1.30471156101e-9,9.96646558685e-13]},"barkbands_crest":{"dmean":2.59508514404,"dmean2":4.16619729996,"dvar":5.98520708084,"dvar2":14.9211969376,"max":26.4039363861,"mean":10.4352521896,"median":9.56029033661,"min":2.39921402931,"var":18.9995651245},"barkbands_flatness_db":{"dmean":0.0209005121142,"dmean2":0.0310751348734,"dvar":0.000447141821496,"dvar2":0.00095573492581,"max":0.468762040138,"mean":0.14450442791,"median":0.140574812889,"min":0.0200922321528,"var":0.00263610458933},"barkbands_kurtosis":{"dmean":3.37749385834,"dmean2":5.45820093155,"dvar":289.257904053,"dvar2":596.763549805,"max":1027.1998291,"mean":4.34303569794,"median":1.00553584099,"min":-1.90634536743,"var":431.443511963},"barkbands_skewness":{"dmean":0.552046835423,"dmean2":0.857332110405,"dvar":0.580076158047,"dvar2":1.3301640749,"max":26.9191932678,"mean":1.43489480019,"median":1.26545643806,"min":-3.18055844307,"var":2.08110809326},"barkbands_spread":{"dmean":5.39548301697,"dmean2":8.17122364044,"dvar":42.6262931824,"dvar2":90.8880691528,"max":145.525878906,"mean":23.7098884583,"median":22.1941204071,"min":0.136749863625,"var":170.987442017},"dissonance":{"dmean":0.0155330579728,"dmean2":0.0256635695696,"dvar":0.000303422857542,"dvar2":0.000769459409639,"max":0.500000059605,"mean":0.467726796865,"median":0.476160645485,"min":0.217920705676,"var":0.000876495789271},"dynamic_complexity":2.7553756237,"erbbands":{"dmean":[0.0958103984594,1.11030483246,3.86363220215,4.50057506561,7.62108373642,8.7400598526,10.2297391891,14.3146867752,13.819311142,14.9807491302,16.137096405,15.5234498978,19.2419452667,24.0869197845,15.8778066635,17.2443847656,20.8994197845,17.8995952606,26.7007770538,22.7261447906,21.7919406891,16.3846225739,14.834239006,11.1268310547,9.38807296753,8.12821960449,5.83120059967,4.58910322189,4.06105089188,2.84229516983,2.37927389145,1.54404687881,1.07308733463,0.562125742435,0.122202441096,0.0398992374539,0.011961966753,0.00106115511153,0.0000435736474174,0.000012270879779],"dmean2":[0.153685748577,1.82801318169,6.2795920372,7.63822317123,12.9687566757,14.6845035553,16.7419815063,22.6578712463,22.3595962524,24.0067920685,25.2734470367,24.0409259796,29.2719955444,37.3622550964,25.1250324249,27.3210277557,33.0203285217,29.2776813507,43.8721580505,37.451839447,36.194694519,26.5673332214,24.2105312347,17.6699695587,15.0494613647,12.8223609924,8.97149085999,6.74623155594,5.81978416443,4.00519752502,3.33704710007,2.14813637733,1.4856159687,0.806548893452,0.169786065817,0.0557500906289,0.0169532485306,0.00150401890278,0.0000609083108429,0.0000191870003619],"dvar":[0.0510299168527,4.67676401138,53.8171882629,67.946937561,216.424530029,264.454223633,282.563293457,686.231445313,753.181213379,1154.21020508,1232.50854492,1278.50549316,2127.15161133,2039.10522461,1405.34106445,1001.79370117,2237.09790039,1061.00170898,2399.0402832,1517.9107666,1524.87646484,1263.77490234,792.4453125,440.526367188,206.117172241,359.964508057,91.7747802734,137.093078613,107.697601318,44.7801856995,39.2769241333,24.2812709808,12.4636392593,2.65846776962,0.0823939815164,0.0120331281796,0.0016661901027,0.0000117110566862,1.20522791747e-8,2.534638055e-10],"dvar2":[0.123999841511,12.8887376785,146.115570068,183.788299561,590.658752441,700.981628418,713.961608887,1540.08691406,1815.41650391,2841.9597168,2824.42822266,2869.62084961,4196.89990234,4790.33740234,3236.94433594,2276.95727539,4909.89160156,2743.85424805,5789.6640625,4014.32299805,4095.12939453,3288.63305664,1863.08056641,1027.80053711,501.814910889,715.677307129,205.800491333,266.616760254,204.542984009,83.7647705078,77.0379867554,43.7705307007,23.0579795837,5.12620544434,0.154356002808,0.0243591498584,0.00340218096972,0.0000251644632954,2.5179796026e-8,6.3220478852e-10],"max":[3.15274310112,23.9828186035,110.429977417,109.518112183,194.298156738,209.134674072,371.633483887,454.202697754,474.685058594,586.337768555,819.362976074,1001.984375,1672.10864258,812.664733887,1218.04907227,872.386291504,1076.54455566,782.179077148,1275.31726074,878.037841797,924.819091797,1152.45202637,1198.09094238,727.561401367,273.931732178,1233.22155762,214.160614014,541.754333496,393.1277771,195.635925293,139.434326172,175.261001587,134.607025146,54.8025245667,7.06307172775,3.54129242897,1.29195320606,0.177438005805,0.00426737684757,0.000217892826186],"mean":[0.169698432088,2.28096461296,7.56680774689,6.99281740189,10.115732193,12.1368408203,16.7849025726,24.5344409943,23.5420970917,27.7062911987,31.3057575226,28.2127780914,37.2338485718,46.2254486084,30.9464588165,33.5639076233,39.5885238647,34.1692390442,50.1366462708,48.3449249268,49.1271705627,36.7500572205,31.2363204956,24.4008369446,21.7240028381,19.4534168243,13.8560504913,9.39663600922,7.74595355988,5.00853204727,4.03292894363,2.5993180275,1.84743845463,0.98142594099,0.215724974871,0.0742427632213,0.0227592624724,0.00200153817423,0.0000941176476772,0.00004858052489],"median":[0.0497746244073,1.29811620712,4.84631824493,3.64743542671,4.87341690063,4.93753767014,7.51926660538,11.2245464325,10.599064827,9.58439064026,12.0211105347,13.2959432602,16.3366928101,20.4471607208,16.7229766846,17.4613761902,20.4396152496,20.6327495575,29.9844665527,30.3102912903,28.9129829407,21.8958129883,20.4811973572,16.8173713684,16.3481178284,13.8872060776,9.35251235962,4.06433343887,2.84621477127,1.5489988327,0.91496515274,0.39857044816,0.193798303604,0.0939803421497,0.0244643129408,0.00756155326962,0.00193419470452,0.000236367530306,0.0000365300074918,0.000047853893193],"min":[7.22386993973e-12,3.63505406331e-11,9.80815290097e-11,1.49957074536e-10,1.2114657888e-10,6.65130589494e-11,2.9084337716e-10,7.84782017149e-10,6.96762869623e-10,4.28085983328e-10,1.62032365303e-9,1.4365685308e-9,1.55496493459e-9,4.02007760414e-9,3.24114046713e-9,3.99529342943e-9,1.7122507856e-9,3.83114345803e-10,6.8050476365e-10,1.98838412402e-9,1.62474889098e-9,1.44674305869e-9,9.35630906085e-10,8.20482681796e-10,2.52333731687e-9,4.06455535895e-9,8.30711999189e-10,9.31983712427e-10,1.44743428354e-9,1.04265052148e-9,1.18906817725e-9,9.76146830034e-10,1.08242004249e-9,1.25186838673e-9,2.20932758199e-10,2.6107854767e-10,1.02852490413e-10,8.34698005159e-11,1.58601895506e-10,9.97951096759e-11],"var":[0.0911968201399,7.67079782486,89.6459960938,94.8117828369,221.541885376,378.363494873,678.814086914,1590.73132324,1509.37255859,3061.62207031,3936.81225586,2709.12817383,6187.5859375,5837.34960938,3282.7421875,2439.30639648,5843.61035156,2159.90795898,5456.07128906,3856.73022461,4824.93945313,3099.0871582,1638.76489258,1062.52819824,525.613769531,1076.69372559,269.332550049,352.583953857,261.361206055,105.45665741,90.6259689331,63.7712020874,37.9617652893,7.03113985062,0.212125718594,0.0338589698076,0.00476518459618,0.0000305224457406,2.92145614367e-8,7.09108827213e-10]},"erbbands_crest":{"dmean":2.46225857735,"dmean2":3.99773859978,"dvar":5.69169569016,"dvar2":13.8560838699,"max":28.5067825317,"mean":8.63838577271,"median":7.63810920715,"min":1.97726583481,"var":17.9359436035},"erbbands_flatness_db":{"dmean":0.0155177554116,"dmean2":0.0221833307296,"dvar":0.000255263468716,"dvar2":0.000478383648442,"max":0.356512188911,"mean":0.170420944691,"median":0.16785633564,"min":0.0173756312579,"var":0.00233269785531},"erbbands_kurtosis":{"dmean":0.915284633636,"dmean2":1.4582439661,"dvar":2.4482820034,"dvar2":5.55483865738,"max":32.4408760071,"mean":0.602495014668,"median":-0.158074393868,"min":-1.79442739487,"var":6.69820976257},"erbbands_skewness":{"dmean":0.337352067232,"dmean2":0.516874969006,"dvar":0.123915955424,"dvar2":0.264514237642,"max":5.21369695663,"mean":0.0163666941226,"median":-0.0397057831287,"min":-4.93020343781,"var":0.75397759676},"erbbands_spread":{"dmean":6.98586368561,"dmean2":10.8737535477,"dvar":62.1363754272,"dvar2":143.54133606,"max":124.771659851,"mean":35.7405357361,"median":34.0568695068,"min":2.92234039307,"var":268.104858398},"gfcc":{"cov":[[10096.5273438,-73.8351898193,-865.59753418,544.805908203,-739.203063965,353.34564209,-336.698059082,122.452522278,-236.476654053,32.9930534363,-250.179595947,-123.975509644,-39.6758003235],[-73.8351898193,1238.02783203,-172.70703125,-209.171463013,220.562957764,-196.476333618,228.298217773,-80.9259338379,163.466934204,-54.6976776123,113.301513672,-43.2477035522,53.2065391541],[-865.59753418,-172.70703125,1005.87121582,72.9358520508,-143.250473022,129.026824951,-95.9260025024,12.5102491379,-63.6778678894,46.7170715332,-20.5949764252,48.9841156006,-43.0096549988],[544.805908203,-209.171463013,72.9358520508,373.033477783,83.2397232056,90.4596405029,15.4849739075,32.5933647156,8.75526714325,28.3598022461,-23.6062488556,-10.6342439651,16.4634628296],[-739.203063965,220.562957764,-143.250473022,83.2397232056,500.111083984,25.8578338623,183.900756836,53.3262138367,83.1660079956,12.800693512,36.9100341797,-17.8870296478,42.7522659302],[353.34564209,-196.476333618,129.026824951,90.4596405029,25.8578338623,246.940567017,57.1576347351,73.6633911133,0.194907024503,21.7856121063,-16.4059867859,-4.27401542664,-6.96551990509],[-336.698059082,228.298217773,-95.9260025024,15.4849739075,183.900756836,57.1576347351,278.82598877,77.8101882935,92.9129333496,9.99098110199,39.0848350525,-13.2453870773,19.9263648987],[122.452522278,-80.9259338379,12.5102491379,32.5933647156,53.3262138367,73.6633911133,77.8101882935,145.251052856,37.1496887207,33.56848526,2.17974114418,-1.69754731655,-1.66675782204],[-236.476654053,163.466934204,-63.6778678894,8.75526714325,83.1660079956,0.194907024503,92.9129333496,37.1496887207,166.168319702,35.5141525269,49.2013816833,-5.13431358337,15.7567253113],[32.9930534363,-54.6976776123,46.7170715332,28.3598022461,12.800693512,21.7856121063,9.99098110199,33.56848526,35.5141525269,101.041145325,29.2603397369,9.274725914,0.0639275461435],[-250.179595947,113.301513672,-20.5949764252,-23.6062488556,36.9100341797,-16.4059867859,39.0848350525,2.17974114418,49.2013816833,29.2603397369,107.703079224,35.4783935547,13.9916582108],[-123.975509644,-43.2477035522,48.9841156006,-10.6342439651,-17.8870296478,-4.27401542664,-13.2453870773,-1.69754731655,-5.13431358337,9.274725914,35.4783935547,85.8513565063,20.766784668],[-39.6758003235,53.2065391541,-43.0096549988,16.4634628296,42.7522659302,-6.96551990509,19.9263648987,-1.66675782204,15.7567253113,0.0639275461435,13.9916582108,20.766784668,80.8204269409]],"icov":[[0.000551184057258,-0.00132583989762,0.00115189258941,-0.00148003245704,0.00132732256316,-0.00177157181315,0.00148801575415,-0.00141325383447,0.00123159575742,-0.00121327419765,0.00128863449208,-0.000782372721005,0.0005458718515],[-0.00132583989762,0.00509834196419,-0.00312863988802,0.00438155326992,-0.00355413649231,0.00548961153254,-0.00503310794011,0.00464475341141,-0.00400837603956,0.00399745628238,-0.00441999407485,0.00352583569475,-0.00223732343875],[0.00115189258941,-0.00312863988802,0.00372146070004,-0.00340152089484,0.00303659681231,-0.00457793148234,0.00363357923925,-0.0030707474798,0.00296151149087,-0.0032681110315,0.00314065883867,-0.00278883380815,0.00193653884344],[-0.00148003245704,0.00438155326992,-0.00340152089484,0.0075746239163,-0.00434566475451,0.00425319420174,-0.00421224255115,0.00435958523303,-0.00391545565799,0.0029050281737,-0.00312972418033,0.0030802199617,-0.00265904236585],[0.00132732256316,-0.00355413649231,0.00303659681231,-0.00434566475451,0.00618501519784,-0.00431617209688,0.00226043607108,-0.00378118199296,0.00297998939641,-0.00309211108834,0.00286406395026,-0.00160130322911,0.000550663855392],[-0.00177157181315,0.00548961153254,-0.00457793148234,0.00425319420174,-0.00431617209688,0.0122279161587,-0.00689727021381,0.0031574468594,-0.00392011925578,0.00432468159124,-0.00437101349235,0.00366852758452,-0.00210866471753],[0.00148801575415,-0.00503310794011,0.00363357923925,-0.00421224255115,0.00226043607108,-0.00689727021381,0.0115832006559,-0.00691810436547,0.00208262866363,-0.00273273698986,0.00300421845168,-0.00244932877831,0.0017523515271],[-0.00141325383447,0.00464475341141,-0.0030707474798,0.00435958523303,-0.00378118199296,0.0031574468594,-0.00691810436547,0.0144750680774,-0.0047953017056,0.00104490481317,-0.00242790323682,0.00206696498208,-0.00117402011529],[0.00123159575742,-0.00400837603956,0.00296151149087,-0.00391545565799,0.00297998939641,-0.00392011925578,0.00208262866363,-0.0047953017056,0.0123829971999,-0.00540565000847,0.000490910955705,-0.000837698287796,0.000810820027255],[-0.00121327419765,0.00399745628238,-0.0032681110315,0.0029050281737,-0.00309211108834,0.00432468159124,-0.00273273698986,0.00104490481317,-0.00540565000847,0.0162082724273,-0.00700656278059,0.00279654958285,-0.0013190327445],[0.00128863449208,-0.00441999407485,0.00314065883867,-0.00312972418033,0.00286406395026,-0.00437101349235,0.00300421845168,-0.00242790323682,0.000490910955705,-0.00700656278059,0.0185668785125,-0.00917468499392,0.00222175894305],[-0.000782372721005,0.00352583569475,-0.00278883380815,0.0030802199617,-0.00160130322911,0.00366852758452,-0.00244932877831,0.00206696498208,-0.000837698287796,0.00279654958285,-0.00917468499392,0.0186838787049,-0.00605845823884],[0.0005458718515,-0.00223732343875,0.00193653884344,-0.00265904236585,0.000550663855392,-0.00210866471753,0.0017523515271,-0.00117402011529,0.000810820027255,-0.0013190327445,0.00222175894305,-0.00605845823884,0.0157719682902]],"mean":[4.53807687759,108.472198486,-134.80670166,42.3585929871,-49.0022125244,12.2223978043,-30.9027500153,5.14023351669,-18.5633621216,-0.552756249905,-13.4723339081,-4.08098888397,-7.34446239471]},"hfc":{"dmean":5.78748273849,"dmean2":8.25117778778,"dvar":53.4595527649,"dvar2":97.596282959,"max":130.887985229,"mean":26.4280109406,"median":24.5596961975,"min":1.66366987742e-7,"var":301.438293457},"melbands":{"dmean":[0.00102741923183,0.00179098895751,0.000828706368338,0.000615796190687,0.000339233694831,0.00031304670847,0.000204231284442,0.0001659453701,0.000130316446302,0.0000976314186119,0.0000999236290227,0.000103893966298,0.0000592729884374,0.00004406791777,0.0000476103741676,0.0000432269844168,0.0000362330829375,0.0000439879440819,0.0000341516497429,0.0000342910752806,0.000025847561119,0.0000193028972717,0.0000169300164998,0.0000131026927193,0.00000961047589954,0.00000778605499363,0.00000683689268044,0.00000566691051063,0.0000040501768126,0.00000342698353961,0.00000269940255748,0.00000254427027357,0.00000209444488064,0.00000150515052155,0.00000145513683947,0.00000127234852698,8.99557278444e-7,8.15564305867e-7,6.84714279942e-7,4.36872710452e-7],"dmean2":[0.0016642503906,0.00292730075307,0.0013994674664,0.00104888691567,0.000554056663532,0.000497474451549,0.000329544593114,0.000264166243142,0.000202454786631,0.000151748827193,0.000151794214617,0.000161103380378,0.0000931156682782,0.00006994981959,0.000075250674854,0.0000686356943334,0.0000597184589424,0.0000726478465367,0.0000556826053071,0.0000567934475839,0.0000431233456766,0.0000318482125294,0.0000274821195489,0.0000213422936213,0.0000154479239427,0.0000127118373712,0.0000110137061711,0.00000902882311493,0.00000634329762761,0.00000530688430445,0.00000401441366193,0.00000375143235942,0.00000303260048895,0.00000219371736421,0.00000208728397411,0.00000180829920282,0.00000131280137339,0.00000115420971269,9.80119807537e-7,6.42346321911e-7],"dvar":[0.0000047169123718,0.0000106528632386,0.00000220435276788,0.00000128858084736,2.84642453607e-7,2.97712659858e-7,1.55125846391e-7,1.36393580874e-7,7.76188429086e-8,5.09387767522e-8,5.56223085368e-8,3.92717502962e-8,2.18904911975e-8,7.02926827856e-9,1.02029815707e-8,8.46019787559e-9,4.4487942219e-9,6.5212915068e-9,3.16187387384e-9,4.18853396411e-9,2.01202587924e-9,1.66129843215e-9,1.44460976514e-9,1.05429820429e-9,3.53114953944e-10,1.53763585198e-10,1.55231313914e-10,1.47620221602e-10,4.20526079237e-11,4.41025653497e-11,6.92176177486e-11,4.83585949063e-11,2.68203393522e-11,1.50479680799e-11,1.45622420372e-11,1.50426407441e-11,1.03139406737e-11,8.56370790253e-12,4.16663708744e-12,1.55989489988e-12],"dvar2":[0.0000118647258205,0.0000296809776046,0.00000596263134867,0.00000347585182681,7.34339607789e-7,6.77170532981e-7,3.73138078658e-7,3.29585105874e-7,1.7224323301e-7,1.1274542544e-7,1.10691274813e-7,9.14360782645e-8,5.16147729002e-8,1.59624597984e-8,2.3180106723e-8,1.87558590881e-8,1.15297114078e-8,1.58983120002e-8,7.80626052688e-9,1.04055128958e-8,5.49857315235e-9,4.49760939603e-9,3.59528296023e-9,2.24780527525e-9,8.5386342441e-10,3.85355608534e-10,3.52650603164e-10,3.03228386844e-10,1.00094058042e-10,9.94825610778e-11,1.42043529716e-10,9.63718549407e-11,5.74258939012e-11,3.16643100629e-11,2.96582862436e-11,3.05932987277e-11,1.94461270003e-11,1.67035638793e-11,8.16644061402e-12,3.17605967567e-12],"max":[0.0239074584097,0.0405070409179,0.017480744049,0.0128190517426,0.0114402333274,0.00910963770002,0.00653370842338,0.00636155391112,0.0070465109311,0.00555361015722,0.00823751091957,0.00397733738646,0.00476350355893,0.00287622818723,0.00231270701624,0.00191901926883,0.00146413536277,0.00184219179209,0.00111950351857,0.0018735906342,0.000864383473527,0.00108967069536,0.00152706517838,0.00227977428585,0.000731994397938,0.000258549582213,0.00055178720504,0.000751568877604,0.00015034415992,0.000182423871593,0.000441635260358,0.000294501020107,0.000136179412948,0.00013822595065,0.0000941381294979,0.000094220842584,0.000123801481095,0.000105289371277,0.000068967055995,0.0000423131969001],"mean":[0.00200647977181,0.00375097128563,0.00133773393463,0.000838848704007,0.000569892232306,0.000551817764062,0.000356229254976,0.000310302595608,0.000246833951678,0.000170063853147,0.000187555066077,0.000193361585843,0.0001068667043,0.0000819191336632,0.0000895565972314,0.0000771311970311,0.0000622660591034,0.000077743869042,0.0000676681811456,0.0000677438220009,0.000054142492445,0.0000383705591958,0.0000325778819388,0.0000248680826189,0.0000192078096006,0.0000159751944011,0.0000149617962961,0.0000122735800687,0.00000894106960914,0.0000068798740358,0.00000498894678458,0.00000458706381323,0.00000357581143362,0.00000245458477366,0.00000234377648667,0.00000206019944926,0.00000140810652738,0.0000013354181192,0.00000112439352051,7.25658935607e-7],"median":[0.00082231417764,0.00285240658559,0.000806311669294,0.000377259391826,0.000276592443697,0.000263690570137,0.000155005051056,0.000100957622635,0.0000956615040195,0.0000749304454075,0.0000784751100582,0.0000791053389548,0.0000503488445247,0.0000419820207753,0.0000449304534413,0.0000378524928237,0.0000341225968441,0.0000422733719461,0.0000368137116311,0.000037171463191,0.0000299064267892,0.0000211239712371,0.000018868038751,0.0000159715764312,0.0000123343379528,0.0000114838740046,0.0000105138633444,0.00000843954876473,0.00000603948865319,0.00000359079012924,0.00000183487259164,0.00000166870177054,0.00000115947284485,7.05881234353e-7,5.3626791896e-7,3.71620586748e-7,1.89708231346e-7,1.34302780452e-7,1.0187773114e-7,6.94224553399e-8],"min":[6.50014845551e-14,5.13130391042e-14,2.58239915183e-14,6.00612004657e-15,8.52606169937e-15,1.74296154902e-14,9.69423448309e-15,5.53064191327e-15,1.44513527799e-14,7.88299597988e-15,7.90751504261e-15,1.65648287323e-14,1.08115378561e-14,1.12159308669e-14,7.95170644553e-15,1.86023258294e-15,5.5161331918e-16,6.80801937262e-16,2.43964271765e-15,2.93342163304e-15,1.54658485878e-15,1.26883290861e-15,1.65380874787e-15,4.91378053444e-16,5.41305828184e-16,1.7098076842e-15,1.9630473479e-15,2.87282426072e-15,3.96327827751e-16,3.10381697464e-16,6.12091577493e-16,7.40244009583e-16,8.11073539907e-16,4.93807185118e-16,7.25275508037e-16,5.05163461721e-16,6.60403689826e-16,4.85060511146e-16,1.51922908271e-15,8.88851493256e-16],"var":[0.00000860383897816,0.0000162751366588,0.00000283951317215,0.00000157145643698,6.61346291508e-7,7.0678333941e-7,3.41601548826e-7,4.06949709486e-7,2.42158790797e-7,1.09291399042e-7,1.62308793961e-7,1.12445519562e-7,4.96777197156e-8,1.57691477654e-8,2.51486049763e-8,2.25178027335e-8,8.3589970501e-9,1.39846951797e-8,8.82304984628e-9,1.15232419162e-8,6.01900085329e-9,3.90242282933e-9,2.64673061245e-9,1.89675142259e-9,8.01636146353e-10,3.17866843957e-10,4.40532221813e-10,4.17389484086e-10,1.10952552701e-10,1.03965093479e-10,1.55552265513e-10,1.0573278364e-10,5.351386001e-11,3.07185700488e-11,3.10956295435e-11,3.35278020624e-11,2.36291125555e-11,2.34948553668e-11,1.14623839934e-11,3.60954105147e-12]},"melbands_crest":{"dmean":3.3427567482,"dmean2":5.39130973816,"dvar":9.56993103027,"dvar2":24.8302249908,"max":38.8346176147,"mean":15.485212326,"median":15.0280866623,"min":3.39099144936,"var":29.4127006531},"melbands_flatness_db":{"dmean":0.0269008278847,"dmean2":0.0398846119642,"dvar":0.000744695949834,"dvar2":0.00157595938072,"max":0.607663154602,"mean":0.205058723688,"median":0.198280453682,"min":0.0314141772687,"var":0.00465008569881},"melbands_kurtosis":{"dmean":7.54758024216,"dmean2":12.155790329,"dvar":400.675506592,"dvar2":1018.79321289,"max":584.492675781,"mean":13.4444551468,"median":6.66885280609,"min":-1.92000126839,"var":775.510437012},"melbands_skewness":{"dmean":0.741244912148,"dmean2":1.16328930855,"dvar":0.839865863323,"dvar2":2.0333340168,"max":22.7417793274,"mean":2.613260746,"median":2.35315656662,"min":-2.00099229813,"var":3.27361440659},"melbands_spread":{"dmean":7.09774065018,"dmean2":10.9571390152,"dvar":86.0679931641,"dvar2":183.269821167,"max":226.53553772,"mean":25.1563873291,"median":21.4838027954,"min":0.300595283508,"var":319.715087891},"mfcc":{"cov":[[9156.85351563,-344.73626709,-287.787078857,22.9979381561,-172.127182007,15.5076007843,-59.483997345,-76.2841949463,67.5047683716,50.3734169006,-155.932342529,-83.9222488403,-72.2646408081],[-344.73626709,1431.27087402,-323.559173584,33.2829704285,-85.0495376587,-28.426908493,-4.61897945404,39.1140327454,-7.18422555923,15.845697403,43.2900390625,50.9850845337,33.6550369263],[-287.787078857,-323.559173584,1051.71923828,-81.7959365845,-2.54893350601,8.80177974701,-34.2054138184,-50.4406776428,-59.2462806702,-58.1991157532,-11.9102210999,-18.421295166,7.17579603195],[22.9979381561,33.2829704285,-81.7959365845,302.386413574,91.4453277588,64.9057846069,41.3597679138,16.7177143097,54.3332252502,32.1507530212,2.08245396614,22.6571464539,22.7071475983],[-172.127182007,-85.0495376587,-2.54893350601,91.4453277588,235.66746521,67.2530899048,56.2566413879,14.8630371094,40.3207550049,24.1319026947,9.04706764221,0.0386023148894,8.76203346252],[15.5076007843,-28.426908493,8.80177974701,64.9057846069,67.2530899048,164.172409058,69.2129669189,48.3623886108,50.5879592896,38.9403076172,24.4744110107,13.1439762115,1.86774051189],[-59.483997345,-4.61897945404,-34.2054138184,41.3597679138,56.2566413879,69.2129669189,187.659255981,72.6106872559,64.5050506592,47.3127059937,19.3142204285,24.8803386688,11.1686134338],[-76.2841949463,39.1140327454,-50.4406776428,16.7177143097,14.8630371094,48.3623886108,72.6106872559,151.040512085,59.076915741,46.0453872681,30.0879421234,24.0332889557,13.873591423],[67.5047683716,-7.18422555923,-59.2462806702,54.3332252502,40.3207550049,50.5879592896,64.5050506592,59.076915741,140.492080688,73.0380172729,27.5468559265,15.7181301117,3.27970719337],[50.3734169006,15.845697403,-58.1991157532,32.1507530212,24.1319026947,38.9403076172,47.3127059937,46.0453872681,73.0380172729,129.050598145,53.9013519287,28.5174636841,5.55490779877],[-155.932342529,43.2900390625,-11.9102210999,2.08245396614,9.04706764221,24.4744110107,19.3142204285,30.0879421234,27.5468559265,53.9013519287,109.254806519,47.6983528137,10.4327507019],[-83.9222488403,50.9850845337,-18.421295166,22.6571464539,0.0386023148894,13.1439762115,24.8803386688,24.0332889557,15.7181301117,28.5174636841,47.6983528137,88.9169769287,36.6035919189],[-72.2646408081,33.6550369263,7.17579603195,22.7071475983,8.76203346252,1.86774051189,11.1686134338,13.873591423,3.27970719337,5.55490779877,10.4327507019,36.6035919189,79.8229980469]],"icov":[[0.000120585580589,0.0000359628247679,0.0000401244760724,-0.0000135895124913,0.000129269261379,-0.000075138588727,0.0000396928662667,0.0000782156130299,-0.0000738915987313,-0.000124307684018,0.000214304454857,0.00000327155044033,0.0000448611863249],[0.0000359628247679,0.00081051106099,0.000249977572821,-0.000140112417284,0.000347460998455,0.0000560641747143,0.0000318021411658,-0.000144531324622,0.000154905312229,0.0000385286257369,-0.000216693631955,-0.000154297158588,-0.000220536632696],[0.0000401244760724,0.000249977572821,0.00110736198258,0.000255907129031,0.0000583339642617,-0.000362307968317,0.0000548979842279,0.000248034280958,0.000207033619517,0.000314761244226,-0.000154223482241,0.000121681434393,-0.000356184551492],[-0.0000135895124913,-0.000140112417284,0.000255907129031,0.00430954480544,-0.00128944823518,-0.0011374700116,0.000167719786987,0.000543728645425,-0.0010632884223,-0.00018262064259,0.0010276469402,-0.000987664679997,-0.000776990840677],[0.000129269261379,0.000347460998455,0.0000583339642617,-0.00128944823518,0.00569257047027,-0.00142502854578,-0.00099012220744,0.000667963642627,-0.00048026785953,-0.0000527334887011,-0.000375096482458,0.00115735863801,-0.000695274735335],[-0.000075138588727,0.0000560641747143,-0.000362307968317,-0.0011374700116,-0.00142502854578,0.0087300138548,-0.00173661345616,-0.00138323917054,-0.00068581989035,-0.000310481671477,-0.00112197536509,0.000166769212228,0.000819983892143],[0.0000396928662667,0.0000318021411658,0.0000548979842279,0.000167719786987,-0.00099012220744,-0.00173661345616,0.00792559981346,-0.00234060757793,-0.00149988278281,-0.000693131703883,0.00112117768731,-0.0014779989142,0.0000581534113735],[0.0000782156130299,-0.000144531324622,0.000248034280958,0.000543728645425,0.000667963642627,-0.00138323917054,-0.00234060757793,0.00958304107189,-0.00228865118697,-0.00062031642301,-0.000694410176948,-0.000237956570345,-0.00108718546107],[-0.0000738915987313,0.000154905312229,0.000207033619517,-0.0010632884223,-0.00048026785953,-0.00068581989035,-0.00149988278281,-0.00228865118697,0.0122464010492,-0.00508176768199,0.000114890419354,0.000524341652635,0.000423070188845],[-0.000124307684018,0.0000385286257369,0.000314761244226,-0.00018262064259,-0.0000527334887011,-0.000310481671477,-0.000693131703883,-0.00062031642301,-0.00508176768199,0.0136405937374,-0.00504327425733,-0.000498213164974,0.000259872176684],[0.000214304454857,-0.000216693631955,-0.000154223482241,0.0010276469402,-0.000375096482458,-0.00112197536509,0.00112117768731,-0.000694410176948,0.000114890419354,-0.00504327425733,0.0152211599052,-0.0071923150681,0.00169311417267],[0.00000327155044033,-0.000154297158588,0.000121681434393,-0.000987664679997,0.00115735863801,0.000166769212228,-0.0014779989142,-0.000237956570345,0.000524341652635,-0.000498213164974,-0.0071923150681,0.0189997497946,-0.00730411382392],[0.0000448611863249,-0.000220536632696,-0.000356184551492,-0.000776990840677,-0.000695274735335,0.000819983892143,0.0000581534113735,-0.00108718546107,0.000423070188845,0.000259872176684,0.00169311417267,-0.00730411382392,0.0162449330091]],"mean":[-627.606933594,127.865348816,-17.2418670654,31.4905109406,4.58428668976,10.249165535,0.84655880928,4.53080177307,1.88724589348,3.57935547829,-2.22749423981,-1.11572682858,0.163709670305]},"pitch_salience":{"dmean":0.0746981874108,"dmean2":0.119848176837,"dvar":0.00506643159315,"dvar2":0.0122687695548,"max":0.887095630169,"mean":0.526076555252,"median":0.527782678604,"min":0.0551593080163,"var":0.0171713735908},"silence_rate_20dB":{"dmean":0,"dmean2":0,"dvar":0,"dvar2":0,"max":1,"mean":1,"median":1,"min":1,"var":0},"silence_rate_30dB":{"dmean":0.00101742334664,"dmean2":0.00203510560095,"dvar":0.00101634464227,"dvar2":0.00279390742071,"max":1,"mean":0.999364197254,"median":1,"min":0,"var":0.000635440868791},"silence_rate_60dB":{"dmean":0.00635889591649,"dmean2":0.0127194095403,"dvar":0.00631929421797,"dvar2":0.0138283576816,"max":1,"mean":0.048448625952,"median":0,"min":0,"var":0.0461039990187},"spectral_centroid":{"dmean":243.270462036,"dmean2":370.91784668,"dvar":89992.734375,"dvar2":171202.484375,"max":11402.5458984,"mean":1472.83190918,"median":1423.98168945,"min":115.210922241,"var":445117.3125},"spectral_complexity":{"dmean":4.08088493347,"dmean2":6.10938692093,"dvar":16.9796180725,"dvar2":32.3181114197,"max":58,"mean":26.2087993622,"median":27,"min":0,"var":155.996536255},"spectral_contrast_coeffs":{"dmean":[0.0523815900087,0.0510642379522,0.0385370962322,0.0304337721318,0.0205280184746,0.0183515287936],"dmean2":[0.0855191349983,0.0830581411719,0.0632140263915,0.0506484508514,0.0339837633073,0.0284328944981],"dvar":[0.00192974181846,0.00174927385524,0.000956692092586,0.000615269877017,0.000304156274069,0.00027741806116],"dvar2":[0.00506300851703,0.00430096359923,0.00248835771345,0.0016484601656,0.000781038193963,0.000607130583376],"max":[-0.280456274748,-0.365195810795,-0.490019112825,-0.534716963768,-0.561276078224,-0.572247684002],"mean":[-0.623670041561,-0.710255384445,-0.764226257801,-0.770816385746,-0.791075408459,-0.734458327293],"median":[-0.624614775181,-0.718568444252,-0.771845459938,-0.777535557747,-0.796200752258,-0.732834398746],"min":[-0.977116525173,-0.967240273952,-0.969472765923,-0.960163831711,-0.957729578018,-0.959774017334],"var":[0.00809089280665,0.00777766341344,0.00483188731596,0.00367250503041,0.00187548599206,0.00219271890819]},"spectral_contrast_valleys":{"dmean":[0.423068016768,0.386071741581,0.33108830452,0.272356331348,0.225148886442,0.309201300144],"dmean2":[0.678322136402,0.626252889633,0.530757188797,0.437939584255,0.334144473076,0.395030617714],"dvar":[0.149781122804,0.139530211687,0.107919596136,0.0884262025356,0.0826125591993,0.158899709582],"dvar2":[0.322883993387,0.302667826414,0.225434690714,0.178111821413,0.136501118541,0.233158677816],"max":[-4.99300146103,-4.76580667496,-4.95319747925,-5.69794988632,-5.54173707962,-7.55949640274],"mean":[-7.24982404709,-6.77970647812,-7.10831069946,-7.29580402374,-7.18608236313,-10.3703155518],"median":[-6.98323631287,-6.61405277252,-6.91246843338,-7.05388641357,-6.87010669708,-10.3929405212],"min":[-26.586971283,-27.0265274048,-27.6325359344,-27.344827652,-27.3535289764,-27.3181190491],"var":[1.28092157841,1.2115226984,1.12471652031,1.11479318142,1.29508149624,1.57530891895]},"spectral_decrease":{"dmean":2.62825006203e-9,"dmean2":4.26180646329e-9,"dvar":1.30061098414e-17,"dvar2":3.46542486894e-17,"max":5.52400689244e-16,"mean":-9.3337568785e-9,"median":-9.29308363595e-9,"min":-4.40150600411e-8,"var":2.72426161024e-17},"spectral_energy":{"dmean":0.0101777529344,"dmean2":0.0164510942996,"dvar":0.000189123195014,"dvar2":0.000502237526234,"max":0.168209001422,"mean":0.0376248508692,"median":0.0376661904156,"min":9.45187504653e-12,"var":0.000415698508732},"spectral_energyband_high":{"dmean":0.000399185693823,"dmean2":0.000546272262,"dvar":6.09286075814e-7,"dvar2":9.73758801592e-7,"max":0.018691688776,"mean":0.00100466818549,"median":0.000478070549434,"min":2.56815315541e-12,"var":0.00000224677955885},"spectral_energyband_low":{"dmean":0.00742537667975,"dmean2":0.0120823327452,"dvar":0.000158095775987,"dvar2":0.000426639220677,"max":0.148615524173,"mean":0.0164591521025,"median":0.0133724156767,"min":3.76096343738e-13,"var":0.000264587200945},"spectral_energyband_middle_high":{"dmean":0.00210580369458,"dmean2":0.00323784910142,"dvar":0.00000717209422874,"dvar2":0.0000163316253747,"max":0.0469611808658,"mean":0.00813761726022,"median":0.0069558089599,"min":4.80469993219e-13,"var":0.0000418396266468},"spectral_energyband_middle_low":{"dmean":0.00536222662777,"dmean2":0.00873124133795,"dvar":0.00006024070899,"dvar2":0.000156129768584,"max":0.0945131853223,"mean":0.0132796848193,"median":0.011348279193,"min":3.18219111001e-13,"var":0.000113556438009},"spectral_entropy":{"dmean":0.137094154954,"dmean2":0.196623310447,"dvar":0.0251457132399,"dvar2":0.0467303544283,"max":9.78962612152,"mean":7.58816242218,"median":7.62352705002,"min":5.39144992828,"var":0.171492725611},"spectral_flux":{"dmean":0.0249991770834,"dmean2":0.0396154634655,"dvar":0.000835166429169,"dvar2":0.00184254499618,"max":0.372828900814,"mean":0.0940839499235,"median":0.0887776017189,"min":0.0000979710530373,"var":0.00214302190579},"spectral_kurtosis":{"dmean":1.81416547298,"dmean2":3.10182070732,"dvar":5.07623624802,"dvar2":14.5791540146,"max":46.8160743713,"mean":4.53308153152,"median":3.60093927383,"min":-1.21740996838,"var":12.0436201096},"spectral_rms":{"dmean":0.000785371346865,"dmean2":0.00124528445303,"dvar":8.38387506974e-7,"dvar2":0.00000209281529351,"max":0.0128103997558,"mean":0.0057481341064,"median":0.00606197211891,"min":9.60278185858e-8,"var":0.00000366606809621},"spectral_rolloff":{"dmean":458.594177246,"dmean2":742.717651367,"dvar":906934.0625,"dvar2":2178630,"max":21899.2675781,"mean":1465.63977051,"median":1205.859375,"min":43.06640625,"var":1752330.375},"spectral_skewness":{"dmean":0.220915466547,"dmean2":0.360890120268,"dvar":0.0524876713753,"dvar2":0.137727439404,"max":4.50752973557,"mean":1.36351335049,"median":1.27560114861,"min":-0.0584823936224,"var":0.224093586206},"spectral_spread":{"dmean":400659.5625,"dmean2":556825.75,"dvar":331951308800,"dvar2":486980026368,"max":40944488,"mean":3794012.75,"median":3469010,"min":1327833.375,"var":1932540116990},"spectral_strongpeak":{"dmean":0.502499878407,"dmean2":0.874759972095,"dvar":1.10285139084,"dvar2":2.95140337944,"max":22.3183708191,"mean":0.920900702477,"median":0.527247667313,"min":0,"var":1.64221167564},"zerocrossingrate":{"dmean":0.00933664757758,"dmean2":0.010827335529,"dvar":0.000144164543599,"dvar2":0.000172551852302,"max":0.5087890625,"mean":0.0554270632565,"median":0.04931640625,"min":0.0029296875,"var":0.00101512949914}},"metadata":{"audio_properties":{"analysis_sample_rate":44100,"bit_rate":0,"codec":"flac","downmix":"mix","equal_loudness":0,"length":182.559997559,"lossless":true,"md5_encoded":"df1ff2748f9c1a648c83dd9a8a7b60ce","replay_gain":-15.9519662857,"sample_rate":44100},"tags":{"acoustid_id":["774903f7-5cd5-4729-ae5a-47e062020575"],"album":["Tranquility Base Hotel + Casino"],"albumartist":["Arctic Monkeys"],"albumartistsort":["Arctic Monkeys"],"artist":["Arctic Monkeys"],"artistsort":["Arctic Monkeys"],"catalognumber":["WIGMC339"],"date":["2018-05-11"],"discnumber":["1"],"disctotal":["1"],"file_name":"09 - She Looks Like Fun.flac","genre":["Indie Rock"],"isrc":["GBCEL1800172"],"label":["Domino"],"media":["Cassette"],"musicbrainz_albumartistid":["ada7a83c-e3e1-40f1-93f9-3e73dbc9298a"],"musicbrainz_albumid":["7bed4129-6ac0-47cc-96f2-b8173f6fdc41"],"musicbrainz_artistid":["ada7a83c-e3e1-40f1-93f9-3e73dbc9298a"],"musicbrainz_recordingid":["ec1c4a36-fa36-4628-8d40-77f59e6d1d56"],"musicbrainz_releasegroupid":["97ee3a0f-183b-4830-aa5c-45507a084d37"],"musicbrainz_releasetrackid":["854d3e69-1433-4fa9-af66-d536a22dedfd"],"originaldate":["2018-05-11"],"originalyear":["2018"],"releasecountry":["XW"],"releasestatus":["official"],"releasetype":["album"],"title":["She Looks Like Fun"],"tracknumber":["9"],"tracktotal":["11"]},"version":{"essentia":"2.1-beta2","essentia_build_sha":"2d9f1f26377add8aeb1075a9c2973f962c4f09fd","essentia_git_sha":"v2.1_beta2-1-ge3940c0","extractor":"music 1.0"}},"rhythm":{"beats_count":378,"beats_loudness":{"dmean":0.0170127563179,"dmean2":0.0305705778301,"dvar":0.000235882791458,"dvar2":0.000677139440086,"max":0.117925651371,"mean":0.04420812428,"median":0.0442582964897,"min":8.01678197604e-7,"var":0.000330578448484},"beats_loudness_band_ratio":{"dmean":[0.231261640787,0.144198432565,0.106592953205,0.084341622889,0.0763990134001,0.0609292723238],"dmean2":[0.404305964708,0.252096444368,0.186547681689,0.150129318237,0.132