{"lowlevel":{"average_loudness":0.911468744278,"barkbands":{"dmean":[0.000621862302069,0.00394593551755,0.00392256956547,0.00146123336162,0.00294531881809,0.00248398096301,0.0011993185617,0.000889775692485,0.000929998874199,0.000747173675336,0.00044238375267,0.000333898613462,0.000186181991012,0.000117562813102,0.000102949721622,0.0000689151565894,0.0000500294881931,0.0000498915396747,0.0000652689632261,0.0000370761699742,0.0000423702877015,0.0000700472883182,0.0000157305221364,0.0000251740948443,0.00000366946642316,0.0000211324822885,0.0000494288942718],"dmean2":[0.00105248298496,0.00643632048741,0.00622513145208,0.00223298417404,0.00463107088581,0.00383142055944,0.00188722391613,0.00145126041025,0.0014256273862,0.00117402791511,0.000721236341633,0.000535099301487,0.000297088321531,0.000189296973986,0.000160320661962,0.000108439358883,0.0000791850834503,0.0000789875775808,0.0000977819945547,0.0000539543216291,0.0000602263644396,0.000100405901321,0.0000230873392866,0.0000375349991373,0.00000575744616071,0.0000318309212162,0.0000725633799448],"dvar":[0.00000143755892168,0.0000491436585435,0.0000381089921575,0.00000578467415835,0.0000278875013464,0.0000376891657652,0.0000077466120274,0.00000407945526604,0.00000437781318396,0.00000411360178987,9.28082044993e-7,4.0580505356e-7,2.0686941582e-7,4.97787269182e-8,1.9039413246e-7,2.1737722733e-8,1.13928857459e-8,1.20466863152e-8,1.74232788197e-8,1.20119478808e-8,6.48630438249e-9,2.19731255413e-8,9.44865852226e-10,3.51540174748e-9,4.53243102772e-11,3.11698733491e-9,1.01237542793e-8],"dvar2":[0.0000036131420984,0.000122108889627,0.000093972455943,0.0000133935945996,0.0000664783729007,0.0000810170240584,0.0000175189798028,0.0000100328616099,0.00000896044093679,0.00000968612312136,0.00000231612193602,9.72728798843e-7,5.07000891048e-7,1.29849425434e-7,4.31760327047e-7,5.15320799366e-8,2.8019442766e-8,2.9493362419e-8,4.09300930926e-8,2.54792364984e-8,1.38346658574e-8,4.86656404064e-8,2.2083397333e-9,8.61492743809e-9,1.12371049965e-10,7.66916041783e-9,2.31307222265e-8],"max":[0.0179508849978,0.175576046109,0.0920749828219,0.0338209867477,0.0955063179135,0.156999155879,0.0576533414423,0.0668756514788,0.0762269496918,0.0801392793655,0.0177135933191,0.0143195362762,0.0229120440781,0.00523002631962,0.0205404013395,0.00628153188154,0.00215431838296,0.00188603869174,0.00315841822885,0.00457100430503,0.00184098060708,0.00234766956419,0.000501209229697,0.000686825951561,0.00010208968888,0.000765995413531,0.00190845958423],"mean":[0.000641127349809,0.00489302910864,0.00520660867915,0.00197375845164,0.00447243312374,0.00378166558221,0.00183564668987,0.00125723844394,0.00144461158197,0.00108939141501,0.000600142637268,0.000477694149595,0.000279474246781,0.000182599018444,0.000162382042618,0.000111038185423,0.0000782210772741,0.0000791937636677,0.000109216722194,0.0000679097283864,0.0000745324068703,0.000100224679045,0.0000228823428188,0.0000297705664707,0.00000432838078268,0.0000246705039899,0.00010345831106],"median":[0.000242684691329,0.00219436222687,0.00228049233556,0.000869565526955,0.00197127391584,0.00101456174161,0.000600148283411,0.000527189054992,0.000572144286707,0.000410049862694,0.000246492447332,0.00021872392972,0.000140725445817,0.0000837915722514,0.0000654020768707,0.0000509493729624,0.0000377508695237,0.0000360383673979,0.0000536768711754,0.0000300495630654,0.0000333077769028,0.0000396799114242,0.00000845726481202,0.00000851612821862,0.00000173465832631,0.00000776815795689,0.0000692209723638],"min":[2.44852110624e-24,7.25676144384e-24,2.95411862648e-24,2.08356348313e-24,1.06339018004e-23,1.12608718818e-23,1.86593403543e-23,1.04148958693e-23,1.73356065118e-23,1.29713416276e-23,1.10099628379e-23,2.58720802042e-23,3.38736273168e-23,4.71386232052e-23,4.67544858097e-23,5.51945906762e-23,7.46152543792e-23,1.24640780331e-22,1.46728633242e-22,2.56275462609e-22,3.21059976564e-22,3.45543795681e-22,4.27166084963e-22,6.57907571574e-22,9.32328172911e-22,1.52376463329e-21,2.01329116993e-21],"var":[0.00000140579004437,0.000065563202952,0.0000577388273086,0.00000870529129315,0.0000523001908732,0.000078915451013,0.0000173436674231,0.00000663979335513,0.00000965095114225,0.00000691281366016,0.00000132354466587,5.98065696522e-7,2.49432844157e-7,7.87417917536e-8,3.12791257784e-7,3.86012430909e-8,1.56803867668e-8,1.66959246428e-8,3.13418979658e-8,2.26043184171e-8,1.34776589888e-8,3.11151318044e-8,1.47910916848e-9,3.81880616018e-9,5.2397704231e-11,3.17041815023e-9,1.56607402602e-8]},"barkbands_crest":{"dmean":3.04513478279,"dmean2":4.99252462387,"dvar":6.32572793961,"dvar2":16.3320655823,"max":24.4763126373,"mean":10.1279401779,"median":9.42734241486,"min":2.63855051994,"var":14.884349823},"barkbands_flatness_db":{"dmean":0.0248989611864,"dmean2":0.0379317589104,"dvar":0.000440555188106,"dvar2":0.00102551479358,"max":0.299271613359,"mean":0.131731197238,"median":0.131229773164,"min":0.0212593544275,"var":0.00165750540327},"barkbands_kurtosis":{"dmean":4.91634654999,"dmean2":7.72233009338,"dvar":43.901424408,"dvar2":102.263977051,"max":127.059463501,"mean":9.51880836487,"median":6.96715641022,"min":-1.82162857056,"var":92.1731872559},"barkbands_skewness":{"dmean":0.655201673508,"dmean2":1.00547230244,"dvar":0.389343321323,"dvar2":0.910804629326,"max":10.8323373795,"mean":2.2681927681,"median":2.1440923214,"min":-2.18355989456,"var":1.40639472008},"barkbands_spread":{"dmean":5.14567613602,"dmean2":7.88452529907,"dvar":43.2533340454,"dvar2":97.3240509033,"max":133.351318359,"mean":15.9222335815,"median":13.2007980347,"min":1.49740147591,"var":113.204101562},"dissonance":{"dmean":0.0245319027454,"dmean2":0.0408111512661,"dvar":0.00051358883502,"dvar2":0.00138255313504,"max":0.500000119209,"mean":0.457115083933,"median":0.464966148138,"min":0.250638574362,"var":0.00106147490442},"dynamic_complexity":4.20755529404,"erbbands":{"dmean":[0.112749747932,0.948608934879,3.81461119652,5.28601503372,6.09409809113,11.5981636047,16.5926399231,21.8854141235,17.1324005127,15.0770025253,21.0541877747,22.6977176666,18.532491684,23.6379165649,16.1563396454,12.7212772369,8.28270149231,6.60220384598,4.42097711563,5.52233362198,2.62222409248,2.84641218185,2.77545928955,2.6085486412,3.06335473061,1.81572270393,1.70165753365,2.11198472977,2.84598779678,0.685230135918,0.464081913233,0.461303859949,0.401804536581,0.0887667685747,0.0193957053125,0.077668055892,0.0435075350106,0.0203754771501,0.00554021913558,0.00171345751733],"dmean2":[0.18728107214,1.55611658096,6.17255973816,7.77069759369,9.6652469635,18.6242637634,25.8475170135,33.397857666,26.8200626373,23.8674201965,34.1173324585,34.9603805542,28.532623291,36.9699363708,25.8021068573,20.2510204315,13.1196308136,10.5112705231,6.89149713516,8.55248832703,3.95566916466,4.44219636917,4.33947753906,3.91639637947,4.64782476425,2.63894534111,2.45003652573,2.97394514084,4.12792539597,0.976979196072,0.688575208187,0.689939677715,0.603394150734,0.136061370373,0.0310545284301,0.120478637516,0.0658122971654,0.029032016173,0.00782202836126,0.00241327169351],"dvar":[0.0375601872802,3.19997692108,34.9452590942,69.0340499878,125.419036865,531.186584473,1834.12585449,3156.04223633,1787.65234375,1108.63818359,2296.89794922,2717.65209961,1705.08996582,4304.23876953,1145.51306152,574.445861816,502.232299805,161.870071411,97.7386703491,566.316650391,31.5882968903,36.1904754639,42.2969017029,29.9038257599,42.9464492798,31.0023193359,15.0002660751,14.0592803955,37.2999267578,1.40089452267,0.923431158066,1.18494999409,0.874514758587,0.0413299612701,0.00116282841191,0.052817966789,0.0132925854996,0.00232688896358,0.000142791963299,0.00000981513767329],"dvar2":[0.0961884632707,7.98536109924,89.4052276611,146.317871094,287.000732422,1318.10498047,4029.16992188,6598.58447266,4131.43115234,2512.51586914,5651.57958984,5635.68994141,3827.40625,10439.2724609,2904.01879883,1339.48999023,1240.45178223,412.494445801,226.805206299,1371.32849121,68.7086029053,88.2054290771,103.356048584,67.9931411743,102.191299438,67.6369552612,33.4785041809,29.1255779266,83.8035736084,2.93788933754,2.22275042534,2.92668318748,2.14313673973,0.102958828211,0.00286529981531,0.134482041001,0.0328282415867,0.0052811098285,0.000313559896313,0.0000172428335645],"max":[3.13319778442,45.897693634,95.4253158569,131.287719727,317.050750732,451.139434814,1299.35229492,1828.43322754,1036.42028809,839.396728516,1699.78051758,1504.26489258,1284.68591309,2946.0793457,650.910949707,549.136291504,1287.73657227,324.629211426,395.844970703,1055.88171387,306.987884521,110.492027283,110.687606812,167.945648193,151.979034424,250.901229858,114.33241272,85.929977417,103.910728455,21.4907035828,18.1698188782,17.0694999695,11.6756629944,3.00032401085,0.491741299629,4.41684436798,1.77580964565,0.861744523048,0.204339921474,0.0976500436664],"mean":[0.130481168628,1.16377985477,4.90919160843,7.84436273575,8.78212738037,16.5746059418,23.6447372437,33.748298645,26.9305095673,23.7590694427,31.2051448822,35.4891815186,28.3569355011,35.6817970276,23.8075733185,19.1767597198,13.1718149185,10.8478345871,7.65596103668,9.12037849426,4.75696372986,4.61920309067,4.44230985641,4.70283603668,5.12825393677,3.33564853668,3.02229952812,3.54634952545,4.00525426865,1.08563911915,0.654232800007,0.568107962608,0.471222162247,0.1032743752,0.0219573937356,0.0830962881446,0.0504210069776,0.0291875489056,0.0104246642441,0.00494455592707],"median":[0.0524889230728,0.518536269665,2.36459875107,3.35144734383,4.21832847595,6.09973907471,7.17480611801,8.72840499878,9.04390716553,9.6620054245,13.8790063858,14.0802688599,11.475643158,14.9159269333,10.8435373306,9.15857505798,7.13128614426,5.31226062775,3.77966856956,3.66014122963,2.34457778931,2.23944377899,2.08374071121,2.32253670692,2.48869299889,1.52474784851,1.34399580956,1.56006765366,1.59607946873,0.427450567484,0.238514080644,0.182312384248,0.132284700871,0.0345576368272,0.00891117285937,0.0232096426189,0.0160971526057,0.0125344358385,0.00598961254582,0.00352008850314],"min":[1.53978618371e-22,1.88757486295e-21,4.59954708573e-21,9.6708019937e-21,2.34061998808e-20,3.05632250346e-20,7.4200492015e-20,9.80344412077e-20,1.99771510858e-19,1.87434732408e-19,3.20249514047e-19,4.14564027104e-19,3.38639703618e-19,4.83026948822e-19,1.15408662993e-18,1.46011988193e-18,1.54018620894e-18,2.58793732356e-18,2.88741186048e-18,3.42723509811e-18,4.54575658062e-18,4.64822523337e-18,6.0787220198e-18,8.45617144918e-18,9.71127740802e-18,9.94653005578e-18,1.02644403806e-17,1.04842991972e-17,1.22415798884e-17,1.14592862318e-17,1.27149050426e-17,1.22560514132e-17,1.03508749643e-17,9.14570838062e-18,7.17774065142e-18,4.55428729428e-18,2.60437360913e-18,9.83092784286e-19,2.68886018253e-19,2.69984675666e-20],"var":[0.0454891435802,4.03939914703,47.0572242737,132.342086792,211.459854126,907.953979492,3496.87207031,7169.32080078,3951.51000977,2338.86474609,3534.79736328,6063.22363281,3185.55249023,7180.46826172,1636.5723877,921.657043457,563.410644531,272.428253174,175.636230469,879.411010742,63.7929153442,52.649433136,54.6914405823,58.1042633057,72.1862411499,53.4538421631,28.29728508,28.0375156403,51.038318634,2.79628539085,1.28381502628,1.29306662083,0.953283548355,0.0432030707598,0.0013216160005,0.047546248883,0.0132982693613,0.00299766450189,0.000220078945858,0.000037793746742]},"erbbands_crest":{"dmean":2.713763237,"dmean2":4.35440397263,"dvar":6.7265753746,"dvar2":15.6234331131,"max":30.7694549561,"mean":8.78591251373,"median":7.69857215881,"min":2.38427877426,"var":17.8412837982},"erbbands_flatness_db":{"dmean":0.0211213063449,"dmean2":0.0303670298308,"dvar":0.000351851398591,"dvar2":0.000712744600605,"max":0.281042993069,"mean":0.132448345423,"median":0.128691524267,"min":0.0375779159367,"var":0.0014048962621},"erbbands_kurtosis":{"dmean":1.29882836342,"dmean2":2.00092792511,"dvar":3.54411506653,"dvar2":7.05205631256,"max":52.2500152588,"mean":1.55503034592,"median":0.74688744545,"min":-1.71120452881,"var":10.2447166443},"erbbands_skewness":{"dmean":0.378425657749,"dmean2":0.578367173672,"dvar":0.122232690454,"dvar2":0.269358456135,"max":5.6992058754,"mean":0.799774706364,"median":0.746010839939,"min":-2.29255127907,"var":0.51448559761},"erbbands_spread":{"dmean":8.66942214966,"dmean2":12.8338050842,"dvar":75.5441741943,"dvar2":155.73449707,"max":134.394592285,"mean":33.4186935425,"median":30.2536659241,"min":2.48466682434,"var":278.429260254},"gfcc":{"cov":[[18174.7402344,1420.15795898,-468.07925415,63.3155670166,-257.547241211,-123.995643616,92.7221603394,-217.061264038,-15.4116668701,-144.883789062,-65.1275787354,-15.372294426,-73.5344314575],[1420.15795898,869.532653809,18.0321216583,-141.996826172,32.6624603271,-102.88495636,63.5916671753,-81.9557647705,26.2531261444,8.07112503052,59.1251678467,-52.373966217,45.4256858826],[-468.07925415,18.0321216583,323.804748535,121.438751221,0.717886388302,78.5686340332,-5.8153924942,55.4540252686,11.5148868561,12.9038009644,-11.6425685883,12.6119356155,-32.074508667],[63.3155670166,-141.996826172,121.438751221,282.554412842,91.7005996704,75.2124862671,-0.297717392445,24.6371765137,-11.595000267,-0.923117637634,-31.0297088623,4.73436594009,-38.6626396179],[-257.547241211,32.6624603271,0.717886388302,91.7005996704,190.967666626,67.5518264771,44.7237663269,-9.48613166809,-7.42990159988,-4.91948413849,1.44990503788,-17.1042251587,-9.51106452942],[-123.995643616,-102.88495636,78.5686340332,75.2124862671,67.5518264771,182.631851196,47.6209182739,53.0289573669,-0.182264313102,-2.718531847,-18.4568538666,13.1164255142,-19.129573822],[92.7221603394,63.5916671753,-5.8153924942,-0.297717392445,44.7237663269,47.6209182739,142.422058105,34.6402931213,30.8777294159,-8.03638744354,0.246602237225,-15.4777984619,-2.94828939438],[-217.061264038,-81.9557647705,55.4540252686,24.6371765137,-9.48613166809,53.0289573669,34.6402931213,115.916877747,49.0297470093,20.5085372925,-6.48248004913,5.36574172974,-12.3641815186],[-15.4116668701,26.2531261444,11.5148868561,-11.595000267,-7.42990159988,-0.182264313102,30.8777294159,49.0297470093,97.8395233154,36.1318588257,5.2040143013,-6.69047451019,-7.02652454376],[-144.883789062,8.07112503052,12.9038009644,-0.923117637634,-4.91948413849,-2.718531847,-8.03638744354,20.5085372925,36.1318588257,70.0534210205,34.9978561401,10.1966285706,8.17115783691],[-65.1275787354,59.1251678467,-11.6425685883,-31.0297088623,1.44990503788,-18.4568538666,0.246602237225,-6.48248004913,5.2040143013,34.9978561401,71.4770355225,31.7761230469,21.4292201996],[-15.372294426,-52.373966217,12.6119356155,4.73436594009,-17.1042251587,13.1164255142,-15.4777984619,5.36574172974,-6.69047451019,10.1966285706,31.7761230469,78.1145782471,26.0390415192],[-73.5344314575,45.4256858826,-32.074508667,-38.6626396179,-9.51106452942,-19.129573822,-2.94828939438,-12.3641815186,-7.02652454376,8.17115783691,21.4292201996,26.0390415192,69.8131942749]],"icov":[[0.0000985973820207,-0.000316697958624,0.000391781766666,-0.000361165904906,0.000428826606367,-0.000225578754907,0.00000760899592933,0.000037511701521,-0.0000203495183086,0.0000989815889625,0.000182716597919,-0.000305109308101,0.000337561010383],[-0.000316697958624,0.0030198788736,-0.00248489994556,0.00211500283331,-0.00208106893115,0.00161158561241,-0.0010172346374,0.0014740077313,-0.000859763473272,0.000316194142215,-0.00231670285575,0.002819461748,-0.00235675834119],[0.000391781766666,-0.00248489994556,0.00664739497006,-0.0037986326497,0.00335764302872,-0.00291278678924,0.00123933563009,-0.00181029341184,0.000281157030258,-0.0000199161167984,0.000932930852287,-0.00216484069824,0.00292260944843],[-0.000361165904906,0.00211500283331,-0.0037986326497,0.00801331922412,-0.00530162919313,0.00164351915009,-0.000189322832739,-0.000031257601222,0.00115597469267,-0.00233030831441,0.00256713037379,-0.000825127412099,0.000559377891477],[0.000428826606367,-0.00208106893115,0.00335764302872,-0.00530162919313,0.0110474191606,-0.00484077772126,-0.0011657201685,0.00209647999145,-0.000473258842248,0.00151016563177,-0.00272607989609,0.00192755588796,0.000806484255008],[-0.000225578754907,0.00161158561241,-0.00291278678924,0.00164351915009,-0.00484077772126,0.0108506381512,-0.00306076696143,-0.00306551717222,0.00267965509556,-0.00214568618685,0.00331731140614,-0.0028787010815,0.000503551214933],[0.00000760899592933,-0.0010172346374,0.00123933563009,-0.000189322832739,-0.0011657201685,-0.00306076696143,0.0109033156186,-0.00296156923287,-0.00348788686097,0.00489158369601,-0.00304040010087,0.00231296475977,-0.000780107569881],[0.000037511701521,0.0014740077313,-0.00181029341184,-0.000031257601222,0.00209647999145,-0.00306551717222,-0.00296156923287,0.016148628667,-0.00663470476866,-0.00157655146904,0.00042477005627,0.000113670728751,-0.000244086913881],[-0.0000203495183086,-0.000859763473272,0.000281157030258,0.00115597469267,-0.000473258842248,0.00267965509556,-0.00348788686097,-0.00663470476866,0.0187062714249,-0.0106296455488,0.00500867376104,-0.00146254315041,0.00278974859975],[0.0000989815889625,0.000316194142215,-0.0000199161167984,-0.00233030831441,0.00151016563177,-0.00214568618685,0.00489158369601,-0.00157655146904,-0.0106296455488,0.0288917832077,-0.0167202893645,0.00531704071909,-0.00315828341991],[0.000182716597919,-0.00231670285575,0.000932930852287,0.00256713037379,-0.00272607989609,0.00331731140614,-0.00304040010087,0.00042477005627,0.00500867376104,-0.0167202893645,0.0320306606591,-0.0147489067167,0.00216493313201],[-0.000305109308101,0.002819461748,-0.00216484069824,-0.000825127412099,0.00192755588796,-0.0028787010815,0.00231296475977,0.000113670728751,-0.00146254315041,0.00531704071909,-0.0147489067167,0.0247284565121,-0.00948145985603],[0.000337561010383,-0.00235675834119,0.00292260944843,0.000559377891477,0.000806484255008,0.000503551214933,-0.000780107569881,-0.000244086913881,0.00278974859975,-0.00315828341991,0.00216493313201,-0.00948145985603,0.0215595029294]],"mean":[-21.3063831329,91.4252166748,-78.9975204468,2.11179709435,-38.237411499,-9.96935272217,-5.27209424973,-13.329873085,-10.5495147705,-7.72802495956,-10.5370941162,-3.00754475594,-9.85253810883]},"hfc":{"dmean":21.4373512268,"dmean2":29.4132881165,"dvar":1427.16918945,"dvar2":2332.80224609,"max":1326.15209961,"mean":64.6362686157,"median":47.0165557861,"min":1.10267867422e-16,"var":6452.42138672},"melbands":{"dmean":[0.00103287294041,0.00172648171429,0.000858895655256,0.000637520861346,0.000558097090106,0.00047602984705,0.000258342421148,0.000165044373716,0.000171262421645,0.000139225798193,0.0000952691189013,0.000101256860944,0.0000573195284232,0.0000422149096266,0.0000231427657127,0.0000177693655132,0.0000123953132061,0.00000740482437322,0.00000812064172351,0.00000680591710989,0.00000260015531239,0.00000281184929918,0.00000353889731741,0.00000214221608985,0.00000217454839913,0.00000308665767079,0.00000145257229178,0.00000123321888168,0.0000010902692793,0.00000108357630779,0.00000145511467053,0.00000220574111154,6.01135809575e-7,2.98819145428e-7,2.75082925327e-7,2.53684362406e-7,3.1316895388e-7,2.9929037737e-7,2.22498911739e-7,3.13662695817e-8],"dmean2":[0.00168212398421,0.00276148552075,0.00126148632262,0.00101879239082,0.000867345486768,0.00072579330299,0.000403821235523,0.000262376765022,0.000275924743619,0.000214120780583,0.000147511294927,0.00015879899729,0.0000926381326281,0.0000675267510815,0.0000371497590095,0.0000283380686597,0.0000200173399207,0.0000117048439279,0.0000126254490169,0.0000107340229079,0.00000405173204854,0.00000444930446974,0.00000565611890124,0.00000339964617524,0.00000334191486218,0.00000477410594613,0.00000221522759603,0.00000181953987521,0.00000162394985637,0.00000158235104664,0.00000211341239265,0.00000326544522977,8.82792051016e-7,4.37766061623e-7,4.14824910422e-7,3.90228905189e-7,4.76187921095e-7,4.49068039643e-7,3.47600746409e-7,4.93014837843e-8],"dvar":[0.00000307667050947,0.00000721533615433,0.00000163892104865,0.00000141753332628,0.00000159474097927,0.00000136526898586,3.74567463268e-7,1.25472510604e-7,1.38172410402e-7,1.00139921244e-7,4.83458109102e-8,8.43102441195e-8,1.50298280488e-8,6.67098287721e-9,1.84188508889e-9,2.05312944423e-9,5.6446874952e-10,2.30048244343e-10,1.73660408276e-9,2.99445496177e-10,3.30904331713e-11,3.00868982506e-11,9.586052091e-11,1.77645276961e-11,2.38590293355e-11,4.0526526579e-11,1.5371934628e-11,1.5205729037e-11,8.06317772967e-12,4.14238478588e-12,7.70199355682e-12,2.58754875165e-11,1.05080289088e-12,2.8542519368e-13,3.34825401996e-13,3.39370160663e-13,6.02032312891e-13,4.42508388872e-13,3.8169147747e-13,2.93751767262e-15],"dvar2":[0.00000762977106206,0.000018158561943,0.00000348933281202,0.00000341126951753,0.00000355497331839,0.00000288201908916,8.66028301516e-7,2.91458235324e-7,3.3717367387e-7,2.04351380262e-7,1.07134617622e-7,2.04170234497e-7,3.78664566369e-8,1.6081298071e-8,4.50377912742e-9,5.03987784839e-9,1.47793055572e-9,5.68599556328e-10,3.72323549769e-9,7.65759899934e-10,7.38774943998e-11,7.35889890691e-11,2.40750364089e-10,4.3645056319e-11,5.51783341241e-11,9.82818687545e-11,3.58515717114e-11,3.34792887857e-11,1.8565279522e-11,8.65422924295e-12,1.67929437717e-11,5.95149068916e-11,2.33321131513e-12,6.23592160982e-13,8.16883453242e-13,8.5758597489e-13,1.50020208929e-12,1.06899970646e-12,9.80951648036e-13,7.14226397344e-15],"max":[0.0430601760745,0.0363896712661,0.0190190859139,0.0267081670463,0.0351154021919,0.036228377372,0.0139932017773,0.00902052782476,0.011979538016,0.0106084272265,0.00742988754064,0.0130860805511,0.00263242004439,0.00182164215948,0.00154485215899,0.00213731080294,0.00056491268333,0.000414713460486,0.00227326527238,0.000696097733453,0.00029836705653,0.000135125083034,0.000194464053493,0.000107278850919,0.000145336598507,0.000110526874778,0.000116622148198,0.000183360112715,0.0000973735950538,0.0000531367804797,0.0000538055028301,0.0000891650270205,0.000016021738702,0.00000998846735456,0.0000106164425233,0.000011525519767,0.0000120700515254,0.00000844862188387,0.0000105397357402,6.85931581756e-7],"mean":[0.00128771574236,0.00231803720817,0.00134413980413,0.000925785396248,0.00083079066826,0.000734930683393,0.000405838858569,0.000257807114394,0.000256397062913,0.000213622581214,0.000140361400554,0.000149231476826,0.0000803692528279,0.0000606483954471,0.0000349545225617,0.0000265970138571,0.0000193235282495,0.0000117873714771,0.0000127972234623,0.000010523794117,0.00000437525523012,0.00000448069022241,0.00000487460511067,0.00000351167045665,0.00000367870688933,0.00000475950400869,0.00000243724002758,0.00000213141402128,0.0000018466180336,0.00000182621090516,0.00000223768006435,0.00000292148820336,9.16654016692e-7,4.50042620059e-7,3.8041866901e-7,3.27302387859e-7,3.66136646335e-7,3.53606992576e-7,2.39422888626e-7,3.7436464595e-8],"median":[0.000573644647375,0.00124362541828,0.000665902276523,0.000396160554374,0.000275368161965,0.000194959880901,0.000137921699206,0.000107366584416,0.0001158775558,0.0000815147577669,0.0000544685863133,0.0000588653056184,0.0000348525281879,0.000027284353564,0.0000182475505426,0.000013278260667,0.00000887268197403,0.00000558930878469,0.0000047572443691,0.00000438715596829,0.00000215153136196,0.00000214044780478,0.00000213268481275,0.00000159589149007,0.00000176719629508,0.00000229056809076,0.00000106037271053,9.29246766646e-7,7.69271878198e-7,7.94560833128e-7,9.2275172392e-7,0.00000110619680527,3.85939245007e-7,1.64217439647e-7,1.33685418291e-7,1.19416952771e-7,1.07204009225e-7,9.82334853461e-8,6.44425455221e-8,1.53611203757e-8],"min":[1.87861623666e-24,2.64401484084e-24,2.75352806157e-24,2.16581505149e-24,2.46584606944e-24,2.0473135496e-24,3.38268052666e-24,1.985860299e-24,2.61861588627e-24,2.72785852772e-24,1.53158991496e-24,1.75213422342e-24,2.53445448566e-24,2.66076827431e-24,3.62489277343e-24,3.57973206433e-24,3.96697836067e-24,3.76910956311e-24,3.58177324192e-24,4.7784708964e-24,4.57917504946e-24,3.06680799843e-24,4.93800342056e-24,5.60057952777e-24,6.28728965108e-24,4.66761345668e-24,7.68212865457e-24,5.0966291491e-24,6.05773073323e-24,7.17046163853e-24,4.74883575878e-24,5.42964559695e-24,6.05587572681e-24,6.66572318782e-24,7.3289153954e-24,6.85765856809e-24,6.58753445034e-24,6.26403442602e-24,6.31954301805e-24,6.90014898303e-24],"var":[0.00000430113141192,0.00000990374883258,0.0000032404425383,0.00000247339676207,0.00000320821709465,0.0000030945184335,8.39757092308e-7,2.63844157189e-7,2.23709335501e-7,2.15879680354e-7,8.92425333632e-8,1.37257998745e-7,2.06971382255e-8,9.84139436611e-9,2.66388666681e-9,2.50234477583e-9,9.13319586626e-10,3.69676650402e-10,2.88832779916e-9,4.69127459102e-10,5.85663947894e-11,4.85634588099e-11,9.90853996075e-11,3.00680556842e-11,4.21348338164e-11,6.16566242506e-11,2.65022604556e-11,2.49068387442e-11,1.38780324038e-11,8.54460252553e-12,1.28553426584e-11,3.22048915313e-11,1.86895421014e-12,5.49513993336e-13,4.60912124439e-13,3.75024664101e-13,6.16168682917e-13,5.0782446824e-13,3.45183164821e-13,3.60742904258e-15]},"melbands_crest":{"dmean":3.80355620384,"dmean2":6.26396083832,"dvar":10.0187692642,"dvar2":26.9111747742,"max":30.9833583832,"mean":13.9710435867,"median":13.4794750214,"min":1.00146782398,"var":23.1991653442},"melbands_flatness_db":{"dmean":0.0308873187751,"dmean2":0.046836450696,"dvar":0.000713960675057,"dvar2":0.00163596973289,"max":0.447943300009,"mean":0.235155925155,"median":0.237839266658,"min":-7.42060592529e-7,"var":0.0032527113799},"melbands_kurtosis":{"dmean":8.75865077972,"dmean2":13.5633773804,"dvar":208.553985596,"dvar2":448.572814941,"max":529.542907715,"mean":15.5008859634,"median":9.43247699738,"min":-1.61423516273,"var":440.89654541},"melbands_skewness":{"dmean":0.859391927719,"dmean2":1.30158817768,"dvar":0.717125535011,"dvar2":1.55838859081,"max":19.3681354523,"mean":2.69795084,"median":2.39990925789,"min":-1.49368178844,"var":2.76990056038},"melbands_spread":{"dmean":4.68420696259,"dmean2":7.22815179825,"dvar":45.4083938599,"dvar2":100.810569763,"max":189.853485107,"mean":14.5006942749,"median":11.3122091293,"min":0.995742082596,"var":227.595184326},"mfcc":{"cov":[[9613.50488281,1335.48486328,-130.561706543,198.252609253,-236.631500244,102.371566772,-77.2682342529,41.190322876,-49.4148826599,2.32555103302,-82.8399200439,16.007024765,-102.27558136],[1335.48486328,1108.43811035,-36.6124191284,5.50725698471,-109.267623901,-7.5753364563,3.21769976616,-68.3540344238,-22.2765922546,8.89691162109,18.2059555054,-8.92030334473,6.02783203125],[-130.561706543,-36.6124191284,339.416229248,38.4010162354,38.978603363,6.14006185532,-6.48541498184,42.7842102051,24.8845691681,-4.10600328445,35.608581543,23.5573692322,-0.0498888753355],[198.252609253,5.50725698471,38.4010162354,199.682754517,61.0299873352,38.3697471619,18.2719020844,0.250722706318,0.456246197224,12.7757740021,-3.97361588478,5.08139181137,-2.63783073425],[-236.631500244,-109.267623901,38.978603363,61.0299873352,160.063934326,65.2050094604,32.2038917542,21.5871982574,1.24133098125,-3.06394743919,11.2781209946,3.14959669113,7.25711488724],[102.371566772,-7.5753364563,6.14006185532,38.3697471619,65.2050094604,130.006958008,65.5635757446,35.6350898743,17.4808330536,2.93466758728,-6.80387592316,9.58175373077,5.03176212311],[-77.2682342529,3.21769976616,-6.48541498184,18.2719020844,32.2038917542,65.5635757446,115.875007629,47.3205184937,13.5366420746,5.65420103073,-1.8108099699,-0.854255855083,6.51315021515],[41.190322876,-68.3540344238,42.7842102051,0.250722706318,21.5871982574,35.6350898743,47.3205184937,113.080726624,51.9847221375,11.1181411743,21.4119663239,12.1194601059,-8.39662647247],[-49.4148826599,-22.2765922546,24.8845691681,0.456246197224,1.24133098125,17.4808330536,13.5366420746,51.9847221375,87.8511657715,45.5408401489,19.8727836609,8.46798229218,0.131176695228],[2.32555103302,8.89691162109,-4.10600328445,12.7757740021,-3.06394743919,2.93466758728,5.65420103073,11.1181411743,45.5408401489,81.3041229248,30.6690731049,9.04675960541,5.28490495682],[-82.8399200439,18.2059555054,35.608581543,-3.97361588478,11.2781209946,-6.80387592316,-1.8108099699,21.4119663239,19.8727836609,30.6690731049,78.4736633301,28.3376274109,3.84052348137],[16.007024765,-8.92030334473,23.5573692322,5.08139181137,3.14959669113,9.58175373077,-0.854255855083,12.1194601059,8.46798229218,9.04675960541,28.3376274109,57.9005012512,23.4955348969],[-102.27558136,6.02783203125,-0.0498888753355,-2.63783073425,7.25711488724,5.03176212311,6.51315021515,-8.39662647247,0.131176695228,5.28490495682,3.84052348137,23.4955348969,55.1816329956]],"icov":[[0.000157382761245,-0.000197769608349,0.0000617932455498,-0.000181065697689,0.000212835977436,-0.000278333493043,0.000389662367525,-0.000470346247312,0.000347843073541,-0.000203621995752,0.000319640821544,-0.000233884042245,0.000280542910332],[-0.000197769608349,0.00133119453676,-0.0000925595013541,-0.0000542822381249,0.000838656735141,-0.000215883963392,-0.00081991503248,0.00145659653936,-0.00047895431635,0.0004987361026,-0.00140481989365,0.000907395558897,-0.000622049265075],[0.0000617932455498,-0.0000925595013541,0.00352068711072,-0.000792427861597,-0.000503894872963,0.000218565022806,0.000870681891683,-0.00119825173169,-0.000813825114165,0.00136425532401,-0.00119597779121,-0.000688187370542,0.0000987182429526],[-0.000181065697689,-0.0000542822381249,-0.000792427861597,0.00648573925719,-0.00270653655753,-0.000149050960317,-0.000836275110487,0.00118911964819,0.00036539445864,-0.00201447913423,0.00166935054585,-0.00137340079527,0.00128949386999],[0.000212835977436,0.000838656735141,-0.000503894872963,-0.00270653655753,0.0107608037069,-0.00546561740339,0.000747669953853,-0.000701096607372,0.00161883526016,0.00119148823433,-0.00362331257202,0.00322365923785,-0.00217707501724],[-0.000278333493043,-0.000215883963392,0.000218565022806,-0.000149050960317,-0.00546561740339,0.0149029605091,-0.00690605584532,0.000289736170089,-0.00288712512702,0.000444641365902,0.00351474108174,-0.00423539010808,0.00124289398082],[0.000389662367525,-0.00081991503248,0.000870681891683,-0.000836275110487,0.000747669953853,-0.00690605584532,0.0158589370549,-0.0079109724611,0.00404418585822,-0.00223760539666,0.000902730564121,0.00296758022159,-0.00289330841042],[-0.000470346247312,0.00145659653936,-0.00119825173169,0.00118911964819,-0.000701096607372,0.000289736170089,-0.0079109724611,0.0199871156365,-0.0120170908049,0.00575833860785,-0.00437645567581,-0.00208925711922,0.00373696442693],[0.000347843073541,-0.00047895431635,-0.000813825114165,0.00036539445864,0.00161883526016,-0.00288712512702,0.00404418585822,-0.0120170908049,0.0251371692866,-0.0135762710124,0.00251207360998,0.000607475813013,-0.000734787259717],[-0.000203621995752,0.0004987361026,0.00136425532401,-0.00201447913423,0.00119148823433,0.000444641365902,-0.00223760539666,0.00575833860785,-0.0135762710124,0.0229178983718,-0.00893381703645,0.00194824684877,-0.0019542707596],[0.000319640821544,-0.00140481989365,-0.00119597779121,0.00166935054585,-0.00362331257202,0.00351474108174,0.000902730564121,-0.00437645567581,0.00251207360998,-0.00893381703645,0.0227943919599,-0.0112822260708,0.00427515478805],[-0.000233884042245,0.000907395558897,-0.000688187370542,-0.00137340079527,0.00322365923785,-0.00423539010808,0.00296758022159,-0.00208925711922,0.000607475813013,0.00194824684877,-0.0112822260708,0.0293734055012,-0.0132143897936],[0.000280542910332,-0.000622049265075,0.0000987182429526,0.00128949386999,-0.00217707501724,0.00124289398082,-0.00289330841042,0.00373696442693,-0.000734787259717,-0.0019542707596,0.00427515478805,-0.0132143897936,0.0253725964576]],"mean":[-679.895568848,147.257003784,9.48367786407,23.5950450897,-11.0069932938,11.1175222397,1.6925163269,4.81385993958,0.277953714132,-0.47688215971,-0.0416751652956,0.0562937669456,-5.9626698494]},"pitch_salience":{"dmean":0.0844975858927,"dmean2":0.137681797147,"dvar":0.00491198152304,"dvar2":0.0129546429962,"max":0.996083557606,"mean":0.59410405159,"median":0.607040047646,"min":0.154303580523,"var":0.0123221902177},"silence_rate_20dB":{"dmean":0,"dmean2":0,"dvar":0,"dvar2":0,"max":1,"mean":1,"median":1,"min":1,"var":0},"silence_rate_30dB":{"dmean":0.0162091497332,"dmean2":0.0324225388467,"dvar":0.0159453973174,"dvar2":0.0405209288001,"max":1,"mean":0.986145615578,"median":1,"min":0,"var":0.0136618735269},"silence_rate_60dB":{"dmean":0.0209150332958,"dmean2":0.0418355353177,"dvar":0.0204772539437,"dvar2":0.0463604107499,"max":1,"mean":0.0805123522878,"median":0,"min":0,"var":0.0740326270461},"spectral_centroid":{"dmean":198.630981445,"dmean2":296.874847412,"dvar":72003.546875,"dvar2":147885.546875,"max":11516.5166016,"mean":885.193115234,"median":723.280578613,"min":240.70022583,"var":549316.1875},"spectral_complexity":{"dmean":3.02666664124,"dmean2":4.35586357117,"dvar":9.41166305542,"dvar2":16.5823440552,"max":52,"mean":14.1318778992,"median":14,"min":0,"var":52.1518783569},"spectral_contrast_coeffs":{"dmean":[0.0574881322682,0.0520178675652,0.0397668778896,0.0271028056741,0.0201450921595,0.0230744760484],"dmean2":[0.0934474766254,0.0853090062737,0.0648395866156,0.0447591021657,0.0321844741702,0.0364189855754],"dvar":[0.00212875171565,0.00173557258677,0.00102127227001,0.000449915009085,0.000284105713945,0.000376237148885],"dvar2":[0.00538343051448,0.00449442397803,0.00266934465617,0.00121086533181,0.00071061757626,0.000921727914829],"max":[-0.331835091114,-0.432120770216,-0.511982262135,-0.61500877142,-0.629218757153,-0.613607287407],"mean":[-0.646846055984,-0.761655688286,-0.79307693243,-0.820738017559,-0.829372704029,-0.74111956358],"median":[-0.647830605507,-0.7699868083,-0.798216819763,-0.822399914265,-0.830347239971,-0.736523389816],"min":[-0.974939644337,-0.978716850281,-0.99253153801,-0.984221458435,-0.987564444542,-0.962897598743],"var":[0.00775626581162,0.00557830650359,0.00334747997113,0.00135449506342,0.00100094778463,0.00170946586877]},"spectral_contrast_valleys":{"dmean":[0.482923030853,0.412368685007,0.375467866659,0.297013700008,0.278343737125,0.437656223774],"dmean2":[0.752393186092,0.649310946465,0.573744773865,0.439870983362,0.38145044446,0.596948266029],"dvar":[0.187299251556,0.142391577363,0.127023681998,0.0826809257269,0.0846011191607,0.156125217676],"dvar2":[0.384785562754,0.308148026466,0.244686722755,0.144784331322,0.138136029243,0.315011441708],"max":[-5.14022445679,-4.40906333923,-5.07951259613,-5.87127971649,-5.76027822495,-8.79314517975],"mean":[-7.21214771271,-6.58117675781,-7.15052175522,-7.9345459938,-8.05511283875,-10.8925571442],"median":[-6.88004350662,-6.29145288467,-6.88843154907,-7.68652677536,-7.82908678055,-10.7446832657],"min":[-27.7731380463,-28.0439720154,-27.6396942139,-27.5572071075,-27.4000396729,-27.4197540283],"var":[3.01972150803,2.93251824379,2.76923823357,2.48164916039,2.3349814415,1.9224807024]},"spectral_decrease":{"dmean":3.19463655529e-9,"dmean2":4.64213156803e-9,"dvar":1.56559663901e-17,"dvar2":3.34679227985e-17,"max":6.41178710126e-9,"mean":-6.77890543699e-9,"median":-5.08329156546e-9,"min":-5.40561160278e-8,"var":4.15682543831e-17},"spectral_energy":{"dmean":0.012952405028,"dmean2":0.0184867456555,"dvar":0.000245452887611,"dvar2":0.000511187477969,"max":0.207731589675,"mean":0.0314478985965,"median":0.0248110760003,"min":1.03772513953e-20,"var":0.000723920646124},"spectral_energyband_high":{"dmean":0.000210892831092,"dmean2":0.00028933287831,"dvar":1.61655847819e-7,"dvar2":3.52068724396e-7,"max":0.00578660704195,"mean":0.00036802564864,"median":0.000179435694008,"min":7.11309006944e-21,"var":2.78038413626e-7},"spectral_energyband_low":{"dmean":0.00777403032407,"dmean2":0.0119884908199,"dvar":0.00012358200911,"dvar2":0.000288483133772,"max":0.198793232441,"mean":0.0118852052838,"median":0.00710505619645,"min":1.75222888673e-23,"var":0.000211451857467},"spectral_energyband_middle_high":{"dmean":0.00145915441681,"dmean2":0.0021203418728,"dvar":0.00000720339858162,"dvar2":0.0000162275009643,"max":0.087324552238,"mean":0.00308287376538,"median":0.00184057711158,"min":1.39225664839e-21,"var":0.0000165409855981},"spectral_energyband_middle_low":{"dmean":0.00677953101695,"dmean2":0.00994233973324,"dvar":0.0000952184345806,"dvar2":0.000205192831345,"max":0.174614265561,"mean":0.0150039670989,"median":0.00955741200596,"min":1.14754232731e-22,"var":0.000288561772322},"spectral_entropy":{"dmean":0.195146337152,"dmean2":0.28539738059,"dvar":0.0298037454486,"dvar2":0.064761377871,"max":9.81757259369,"mean":7.46313762665,"median":7.46882390976,"min":6.13725137711,"var":0.144915863872},"spectral_flux":{"dmean":0.0272357091308,"dmean2":0.0426119677722,"dvar":0.000820134882815,"dvar2":0.00180162617471,"max":0.354033976793,"mean":0.0937478691339,"median":0.0885053575039,"min":6.54140006051e-11,"var":0.00244350382127},"spectral_kurtosis":{"dmean":2.57037615776,"dmean2":3.70142292976,"dvar":8.53277015686,"dvar2":19.3223495483,"max":44.4891624451,"mean":9.97542381287,"median":9.21218585968,"min":-1.26231193542,"var":22.3128585815},"spectral_rms":{"dmean":0.00109161692671,"dmean2":0.00150690390728,"dvar":0.00000116564672226,"dvar2":0.00000222772018788,"max":0.0142360441387,"mean":0.00498620560393,"median":0.00491995224729,"min":3.18184649635e-12,"var":0.00000581855238124},"spectral_rolloff":{"dmean":2909.96899414,"dmean2":5470.62695312,"dvar":39308776,"dvar2":94288840,"max":21899.2675781,"mean":5080.2421875,"median":968.994140625,"min":86.1328125,"var":64015284},"spectral_skewness":{"dmean":0.286414861679,"dmean2":0.410796195269,"dvar":0.0878769978881,"dvar2":0.186087504029,"max":4.95342063904,"mean":2.21735239029,"median":2.17635536194,"min":-0.0495941676199,"var":0.316742807627},"spectral_spread":{"dmean":555445.4375,"dmean2":808400.9375,"dvar":512337674240,"dvar2":1066051764220,"max":43046748,"mean":4642835.5,"median":4430330,"min":1830934.125,"var":4993432158210},"spectral_strongpeak":{"dmean":1.62354660034,"dmean2":2.87384772301,"dvar":86.0995788574,"dvar2":206.547134399,"max":198.586425781,"mean":1.87207567692,"median":0.39093798399,"min":0,"var":120.764701843},"zerocrossingrate":{"dmean":0.0316826887429,"dmean2":0.0382845960557,"dvar":0.000835311308037,"dvar2":0.00119260593783,"max":0.6962890625,"mean":0.18053163588,"median":0.16162109375,"min":0.0126953125,"var":0.00834335759282}},"metadata":{"audio_properties":{"analysis_sample_rate":44100,"bit_rate":320000,"codec":"mp3","downmix":"mix","equal_loudness":0,"length":177.632659912,"lossless":false,"md5_encoded":"527094f96c688d3e665814d05a889f38","replay_gain":-2.78176498413,"sample_rate":44100},"tags":{"acoustid_id":["df787bbe-6ac0-4302-8b03-9888b4875d00"],"album":["Maybe Tomorrow"],"albumartist":["The Jackson 5"],"albumartistsort":["Jackson 5, The"],"artist":["The Jackson 5"],"artistsort":["Jackson 5, The"],"date":["1971"],"discnumber":["1/1"],"encodedby":["iTunes 8.2.0.23"],"file_name":"11 I Will Find A Way.mp3","genre":["Electronica/Dance"],"musicbrainz album release country":["US"],"musicbrainz album status":["official"],"musicbrainz album type":["album"],"musicbrainz_albumartistid":["e5257dc5-1edd-4fca-b7e6-1158e00522c8"],"musicbrainz_albumid":["382e1720-bdd0-41d7-8b6a-9ae1320c9bc7"],"musicbrainz_artistid":["e5257dc5-1edd-4fca-b7e6-1158e00522c8"],"musicbrainz_recordingid":["ec765a9c-c824-4bb1-b206-a5f9476847ec"],"musicbrainz_releasegroupid":["2befa04d-8209-3959-8f04-e0caf677e710"],"originaldate":["1971"],"script":["Latn"],"title":["I Will Find a Way"],"tracknumber":["11/11"]},"version":{"essentia":"2.1-beta1","essentia_build_sha":"ca57ba49d9b1854bd80e60cf9ccf267278fb7d6b","essentia_git_sha":"v2.1_beta1-28-g21ef5f4-dirty","extractor":"music 1.0"}},"rhythm":{"beats_count":298,"beats_loudness":{"dmean":0.0262254048139,"dmean2":0.0447596311569,"dvar":0.000474839354865,"dvar2":0.0014473045012,"max":0.151746228337,"mean":0.0492352694273,"median":0.0481987819076,"min":1.29348687317e-9,"var":0.000806233030744},"beats_loudness_band_ratio":{"dmean":[0.238806396723,0.184976145625,0.115671291947,0.0643198862672,0.0212258808315,0.0773475766182],"dmean2":[0.417777270079,0.325524121523,0.201232179999,0.109251514077,0.0381553396583,0.130236014724],"dvar":[0.0281252171844,0.0237556137145,0.0108301639557,0.00332607