{"lowlevel":{"average_loudness":0.93805450201,"barkbands":{"dmean":[0.00179394229781,0.00947145186365,0.00461962772533,0.0023214481771,0.00381139083765,0.00120990036521,0.000896028243005,0.000718719500583,0.000667147047352,0.000533979793545,0.000324126565829,0.00048405045527,0.000222961156396,0.000181966475793,0.000249570031883,0.000196171647985,0.000157334143296,0.0000890354131116,0.0000699826778146,0.0000613147130935,0.0000260304659605,0.00000988010197034,0.00000652207609164,0.00000307906339003,0.0000022017734409,0.0000115925959108,0.000292194541544],"dmean2":[0.00291513372213,0.0153524158522,0.0079708751291,0.00390880601481,0.00609823362902,0.00190663372632,0.00140061904676,0.00113360199612,0.00106480275281,0.000828301359434,0.000507064571138,0.00077171868179,0.000346267916029,0.000290609576041,0.000399146229029,0.000310336938128,0.000252139550867,0.000139935902553,0.000108403859485,0.0000947819135035,0.0000406359031331,0.0000152406591951,0.0000102546146081,0.00000499091311212,0.00000366849667444,0.0000180423594429,0.000422693177825],"dvar":[0.0000223417100642,0.000227569093113,0.0000518248562003,0.0000176129869942,0.0000522458758496,0.00000979412288871,0.00000563088724448,0.00000370202428712,0.00000409020140069,0.0000029937070849,0.00000166757388342,0.00000439610357716,7.89417072156e-7,3.9702646859e-7,7.45266277136e-7,5.74206012516e-7,3.54914789114e-7,1.40219057698e-7,4.64659954957e-8,8.84909709953e-8,7.72755015532e-9,5.81350800832e-10,2.32396268895e-10,2.74258549898e-11,1.41484801305e-11,1.22382670664e-9,5.58708848075e-7],"dvar2":[0.0000546971677977,0.00056454614969,0.000139802941703,0.0000463789947389,0.00012341614638,0.0000242157057073,0.0000125830711113,0.0000091501588031,0.0000101381028799,0.00000674512421028,0.00000389818114854,0.0000101734376585,0.00000174230808625,9.70644123299e-7,0.00000178106574822,0.00000146715569826,8.46182672376e-7,3.06210750978e-7,9.77727054874e-8,1.8117778211e-7,1.58028417019e-8,1.20675525128e-9,5.03105890282e-10,6.63479063356e-11,3.55218840453e-11,2.84586865185e-9,0.0000010601448821],"max":[0.0683433786035,0.168410152197,0.0872440636158,0.104981392622,0.228230506182,0.0811140686274,0.0909271240234,0.054852604866,0.0456033870578,0.0478278361261,0.0422373041511,0.0596256293356,0.0335289202631,0.0253707654774,0.0244654230773,0.0300471037626,0.0213013216853,0.0153605937958,0.0079540591687,0.0191046018153,0.00514289550483,0.00117520976346,0.000479237321997,0.0000946381915128,0.0000528535856574,0.00171241431963,0.0362207777798],"mean":[0.00194757606369,0.0130339311436,0.00603319890797,0.00296230660751,0.00668505346403,0.00214008730836,0.00143612571992,0.00109187455382,0.000992644927464,0.000794848718215,0.000420264492277,0.00063413917087,0.000329918198986,0.000253347563557,0.000369536021026,0.000302219181322,0.00021006751922,0.000101833909866,0.0000804105147836,0.0000781660201028,0.0000383221231459,0.000012772203263,0.00000732547141524,0.00000310848622576,0.00000210559142033,0.0000138335526572,0.000504767696839],"median":[0.00067051674705,0.00658283662051,0.00307579874061,0.00137329637073,0.00264740898274,0.000659100303892,0.00041534108459,0.000233525002841,0.000217963082832,0.000163233329658,0.0000773843203206,0.0000893593096407,0.0000720219832147,0.0000650700458209,0.0000883013271959,0.0000542212546861,0.0000324949469359,0.0000191141334653,0.0000172647633008,0.0000147880436998,0.0000101738196463,0.00000369221902474,0.0000021690120775,0.00000107349774225,7.2819517527e-7,0.00000332854347107,0.000163322882145],"min":[1.33731723844e-23,3.03117688684e-23,2.07905837738e-23,1.13698411829e-23,2.86494275264e-23,7.29308848853e-23,5.69464677309e-23,4.87099142215e-23,7.33679201377e-23,7.26109733892e-23,3.61032227585e-23,9.28047586447e-23,1.33951156549e-22,8.68115614667e-23,8.80324467798e-23,1.65101632865e-22,2.74634893824e-22,1.4067765358e-22,2.74020364868e-22,6.1880016454e-22,5.482979615e-22,4.51943032171e-22,4.59357213964e-22,8.9967776278e-22,1.04546622528e-21,1.66836402367e-21,2.28366815862e-21],"var":[0.0000214127012441,0.000310861418257,0.0000651058144285,0.0000228836997849,0.000133060952066,0.0000290367006528,0.0000116205465019,0.00000739700954,0.00000798300789029,0.00000583286919209,0.00000257628153122,0.00000736945321478,0.00000152911638907,5.73580109631e-7,0.0000012697139482,0.00000114589408895,6.69114740504e-7,1.93799650106e-7,7.00671947129e-8,1.84701946182e-7,2.38271731234e-8,1.11619669063e-9,3.30404981153e-10,3.08404933536e-11,1.43157109431e-11,2.08990980077e-9,0.00000129077614019]},"barkbands_crest":{"dmean":3.30805516243,"dmean2":5.46522903442,"dvar":7.74864292145,"dvar2":20.5981140137,"max":25.5469226837,"mean":11.998249054,"median":11.3876419067,"min":2.88013935089,"var":18.9667129517},"barkbands_flatness_db":{"dmean":0.0363722108305,"dmean2":0.055501844734,"dvar":0.00103968556505,"dvar2":0.0024185765069,"max":0.493310064077,"mean":0.197116985917,"median":0.190161883831,"min":0.0404693223536,"var":0.00410186639056},"barkbands_kurtosis":{"dmean":13.6513404846,"dmean2":21.8649673462,"dvar":630.492675781,"dvar2":1715.08093262,"max":734.875427246,"mean":25.7469272614,"median":15.6933517456,"min":-1.89053893089,"var":1123.96569824},"barkbands_skewness":{"dmean":1.00450479984,"dmean2":1.58099114895,"dvar":1.18264842033,"dvar2":2.95291495323,"max":21.4400482178,"mean":3.41298627853,"median":3.12289333344,"min":-1.99443781376,"var":3.98241138458},"barkbands_spread":{"dmean":5.93404722214,"dmean2":9.05950832367,"dvar":83.9873580933,"dvar2":186.99546814,"max":128.374603271,"mean":15.9977626801,"median":10.1639347076,"min":0.401670098305,"var":342.505584717},"dissonance":{"dmean":0.0278103742748,"dmean2":0.0464457310736,"dvar":0.000710417865776,"dvar2":0.00192166608758,"max":0.500000119209,"mean":0.448707312346,"median":0.458104074001,"min":0.19426035881,"var":0.00144548458047},"dynamic_complexity":3.79406571388,"erbbands":{"dmean":[0.313353300095,2.09468460083,5.04459238052,6.52645874023,9.93092250824,15.0964355469,9.03232574463,11.3448066711,12.2383441925,13.2430896759,15.3428068161,16.8380355835,15.5804271698,15.1396923065,15.4721088409,19.4506721497,9.89076042175,8.37858009338,14.2038917542,9.37844753265,9.762799263,7.2342581749,4.94385528564,4.29979562759,3.00681352615,2.86299538612,1.64732134342,0.690185070038,0.382046818733,0.237004518509,0.182777345181,0.0950821265578,0.0379809960723,0.0247138664126,0.0156599078327,0.00968817155808,0.0247380025685,0.0257494468242,0.0284325052053,0.00691569224],"dmean2":[0.513260960579,3.40949583054,8.53977394104,11.0987119675,16.0943489075,24.1942825317,14.2228307724,18.0108470917,18.914226532,21.0552043915,24.097038269,26.9913635254,23.732049942,23.5158901215,24.1977291107,30.8992023468,15.4511642456,13.266749382,22.5861339569,14.7080688477,15.0926237106,11.4152746201,7.75739812851,6.63436222076,4.60718727112,4.39629268646,2.55208468437,1.05301630497,0.588281035423,0.36764895916,0.287625342607,0.151405110955,0.0630121380091,0.0411860793829,0.0260479710996,0.0159203391522,0.0386003479362,0.0386004522443,0.0415698923171,0.0100006600842],"dvar":[0.383192151785,10.6898212433,63.7917137146,106.256996155,372.22555542,1105.67736816,427.359802246,1110.20251465,917.830688477,1070.49584961,2108.6730957,3020.04541016,2799.34057617,2909.96533203,4186.484375,7741.1328125,1397.95874023,753.957641602,3030.62207031,697.777587891,1528.03540039,584.810180664,435.085205078,201.574386597,94.2916183472,226.753005981,37.1532516479,4.89064216614,0.945807278156,0.322980970144,0.174125298858,0.036102950573,0.00400989223272,0.00179228244815,0.000709055340849,0.000242146430537,0.0047477632761,0.00812785886228,0.0133322710171,0.000246070674621],"dvar2":[0.961211681366,27.3549308777,168.952667236,285.126434326,903.122680664,2620.82739258,1004.19940186,2746.66430664,2021.89819336,2557.34399414,5245.08105469,7696.94238281,5920.79833984,6489.76855469,10107.3046875,17919.1699219,3137.5090332,1830.08532715,7245.04833984,1676.96289062,3722.67114258,1430.8795166,986.742431641,398.350860596,183.490493774,462.199737549,72.0600738525,9.81074142456,1.95500588417,0.683463037014,0.378991663456,0.0843948721886,0.00998451374471,0.00449983682483,0.00177951704245,0.000595445919316,0.0106168063357,0.0177961569279,0.0246085803956,0.000477668974781],"max":[8.2339887619,34.292049408,96.2825469971,197.866073608,440.988555908,1300.46704102,545.821166992,948.71307373,749.698791504,1214.47473145,1498.51269531,1359.07617188,1812.69592285,2193.13623047,1987.58117676,2893.37524414,1250.53527832,847.629821777,1879.10400391,1209.42663574,2070.32275391,722.267456055,982.882751465,634.777282715,501.490447998,1015.51446533,453.237823486,136.365646362,53.5240058899,20.4434757233,11.5144233704,4.39090871811,0.86165779829,0.590149760246,0.376885443926,0.218799054623,2.6381649971,4.74351549149,6.48423290253,0.6231803298],"mean":[0.387643754482,2.87384271622,6.96628904343,9.24955654144,16.7044448853,23.6942367554,14.2212057114,20.3117389679,21.9911460876,20.4530181885,24.3787631989,25.4097633362,24.1724700928,22.1736679077,21.2837352753,26.7192325592,15.6560564041,13.1717042923,21.4642753601,16.101770401,15.1051397324,9.8760509491,5.9711356163,4.95395421982,3.63003897667,3.66512513161,2.36098861694,1.01377522945,0.508133947849,0.282879263163,0.202121779323,0.0992476046085,0.0368284322321,0.0235538780689,0.0151562327519,0.0101769892499,0.0290542151779,0.0377355664968,0.0432361066341,0.0135089019313],"median":[0.176739364862,1.41351103783,3.74163889885,5.29801416397,6.54140853882,8.6263999939,5.97493505478,5.74501895905,6.16365480423,6.88034534454,5.71159410477,5.6918964386,5.07671356201,5.51161336899,3.84250998497,4.05564785004,3.68327713013,3.70718836784,4.95760440826,3.88288354874,3.01123595238,1.81716871262,1.18165695667,1.01835501194,0.824846088886,0.698590517044,0.556576967239,0.293376028538,0.146898984909,0.0853726565838,0.058127656579,0.03122622706,0.0130124753341,0.00804248452187,0.00540659669787,0.00419897772372,0.00662089325488,0.0080593181774,0.0103541100398,0.00649525411427],"min":[1.76191732296e-21,3.73387834088e-21,1.61059335406e-20,4.05456406669e-20,3.18037891583e-20,9.49665769498e-20,2.71500219182e-19,6.51377538823e-19,1.10574526436e-18,5.74842290755e-19,1.09150348896e-18,1.74763183623e-18,2.82172007137e-18,1.59236310762e-18,2.74402113527e-18,2.88603770669e-18,6.23252963726e-18,5.5403994946e-18,5.1947724154e-18,6.29764488149e-18,7.56408941858e-18,1.34240899952e-17,1.07014523059e-17,1.09665355681e-17,1.71778116267e-17,2.72199281925e-17,2.93241416676e-17,1.96076960351e-17,1.77277841637e-17,1.68544816145e-17,1.10543738773e-17,1.81705739456e-17,1.44357790336e-17,1.06990617539e-17,8.29462142119e-18,5.73200223502e-18,3.21801940771e-18,1.18093463787e-18,2.97332035736e-19,3.87872873291e-20],"var":[0.408600151539,15.025147438,82.2097625732,146.58404541,1161.04785156,2038.0958252,779.444946289,3214.40917969,2795.96826172,1897.76098633,4128.95019531,5643.46875,6213.19140625,5121.66796875,6238.47363281,13293.0585938,2717.88842773,1320.19030762,5431.34375,1871.85900879,2475.83740234,1022.47485352,606.538513184,318.907409668,167.657913208,466.718383789,117.040344238,12.4035263062,1.90148925781,0.53893584013,0.238170579076,0.0425396710634,0.00414850469679,0.00180805439595,0.000722019001842,0.000271613651421,0.00781235843897,0.0189424455166,0.034479662776,0.000520186207723]},"erbbands_crest":{"dmean":3.15850162506,"dmean2":5.08402872086,"dvar":8.52160453796,"dvar2":21.1981182098,"max":31.330329895,"mean":10.1637678146,"median":8.88820934296,"min":2.09550595284,"var":23.9716491699},"erbbands_flatness_db":{"dmean":0.0278706569225,"dmean2":0.0432001464069,"dvar":0.000561990193091,"dvar2":0.00133721379098,"max":0.382651865482,"mean":0.159860670567,"median":0.157232120633,"min":0.0307190157473,"var":0.00212303665467},"erbbands_kurtosis":{"dmean":1.75665032864,"dmean2":2.79719376564,"dvar":7.35472917557,"dvar2":17.2082538605,"max":58.5267791748,"mean":1.82437419891,"median":0.643219232559,"min":-1.76109170914,"var":16.5642642975},"erbbands_skewness":{"dmean":0.484810143709,"dmean2":0.739680826664,"dvar":0.212879702449,"dvar2":0.459472417831,"max":6.25530767441,"mean":0.676587283611,"median":0.670976579189,"min":-4.21990013123,"var":1.08509075642},"erbbands_spread":{"dmean":8.04371643066,"dmean2":12.3763103485,"dvar":69.8993530273,"dvar2":151.624832153,"max":130.774200439,"mean":29.8449707031,"median":26.7485542297,"min":2.00897097588,"var":253.253326416},"gfcc":{"cov":[[20264.3066406,2307.59448242,-1004.91259766,-711.372314453,663.381408691,-772.764892578,138.703170776,-367.257598877,-117.732246399,-214.456588745,-104.809112549,-307.607788086,253.003723145],[2307.59448242,1371.30627441,197.401168823,-265.670227051,128.632080078,-78.8647689819,29.3718032837,-46.0844459534,25.7957324982,-31.0799121857,29.3920021057,-134.510147095,103.286361694],[-1004.91259766,197.401168823,722.22454834,321.089660645,-142.967895508,210.976501465,-87.3349380493,134.148193359,-48.4022254944,17.6033153534,-5.85199165344,-9.38472175598,-18.6545600891],[-711.372314453,-265.670227051,321.089660645,412.74230957,45.6122627258,86.7440643311,10.8163614273,41.1018676758,-36.1600494385,-9.27556037903,-1.60770320892,40.1371459961,-70.5052566528],[663.381408691,128.632080078,-142.967895508,45.6122627258,306.571258545,-20.5995883942,105.47946167,-83.7401046753,11.0673274994,-20.3826389313,28.7678985596,-7.48290205002,2.37552833557],[-772.764892578,-78.8647689819,210.976501465,86.7440643311,-20.5995883942,332.664001465,-47.8169059753,107.523048401,-55.5974197388,47.8284683228,37.8113670349,6.29804468155,22.4799079895],[138.703170776,29.3718032837,-87.3349380493,10.8163614273,105.47946167,-47.8169059753,190.561340332,-20.2357730865,50.8048667908,-8.57079792023,-4.86326503754,24.0275783539,-15.7416715622],[-367.257598877,-46.0844459534,134.148193359,41.1018676758,-83.7401046753,107.523048401,-20.2357730865,193.806854248,41.7770462036,20.3306808472,15.2008552551,2.07166314125,23.3507919312],[-117.732246399,25.7957324982,-48.4022254944,-36.1600494385,11.0673274994,-55.5974197388,50.8048667908,41.7770462036,146.829147339,38.333782196,-21.0888137817,10.6957530975,4.27529430389],[-214.456588745,-31.0799121857,17.6033153534,-9.27556037903,-20.3826389313,47.8284683228,-8.57079792023,20.3306808472,38.333782196,89.6700668335,28.5336513519,0.252887636423,14.0914211273],[-104.809112549,29.3920021057,-5.85199165344,-1.60770320892,28.7678985596,37.8113670349,-4.86326503754,15.2008552551,-21.0888137817,28.5336513519,95.3466720581,19.6823005676,5.89643716812],[-307.607788086,-134.510147095,-9.38472175598,40.1371459961,-7.48290205002,6.29804468155,24.0275783539,2.07166314125,10.6957530975,0.252887636423,19.6823005676,85.5577926636,7.4518828392],[253.003723145,103.286361694,-18.6545600891,-70.5052566528,2.37552833557,22.4799079895,-15.7416715622,23.3507919312,4.27529430389,14.0914211273,5.89643716812,7.4518828392,94.1459655762]],"icov":[[0.0000994669753709,-0.000386394938687,0.000516425177921,-0.000408836436691,0.0000167374746525,0.000137746377732,0.000122554964037,-0.000346021435689,0.000528606877197,-0.000425336271292,0.000543681031559,-0.000230348698096,0.0000495993808727],[-0.000386394938687,0.00521424179897,-0.00725655583665,0.00718629639596,-0.00349106197245,0.00127727002837,-0.00150925642811,0.00255290628411,-0.0034079507459,0.0042882845737,-0.00509187113494,0.00439383182675,-0.00235659326427],[0.000516425177921,-0.00725655583665,0.0140315862373,-0.0140947457403,0.0081626214087,-0.00384614570066,0.00187566399109,-0.00224552955478,0.00263054808602,-0.00374917150475,0.0051064635627,-0.00242883875035,0.000695205992088],[-0.000408836436691,0.00718629639596,-0.0140947457403,0.0187218002975,-0.0111669907346,0.00442275265232,-0.000974737457,-0.00135829276405,0.00122453470249,0.000818312168121,-0.00129665760323,-0.00169146584813,0.00387914897874],[0.0000167374746525,-0.00349106197245,0.0081626214087,-0.0111669907346,0.0136675518006,-0.00551858963445,-0.00280279619619,0.00619219290093,-0.00574476132169,0.00530954450369,-0.00532106496394,0.00527259847149,-0.00461001740769],[0.000137746377732,0.00127727002837,-0.00384614570066,0.00442275265232,-0.00551858963445,0.00823155790567,0.000581086031161,-0.00575900496915,0.00690461602062,-0.00633176695555,0.00285448669456,-0.00270678242669,0.0011475518113],[0.000122554964037,-0.00150925642811,0.00187566399109,-0.000974737457,-0.00280279619619,0.000581086031161,0.00863467156887,-0.00230794912204,0.000159055634867,-0.00202931789681,0.00360041041858,-0.00506333028898,0.00338807934895],[-0.000346021435689,0.00255290628411,-0.00224552955478,-0.00135829276405,0.00619219290093,-0.00575900496915,-0.00230794912204,0.0159501098096,-0.0132728135213,0.0114649487659,-0.0113889882341,0.00929444842041,-0.00759179936722],[0.000528606877197,-0.0034079507459,0.00263054808602,0.00122453470249,-0.00574476132169,0.00690461602062,0.000159055634867,-0.0132728135213,0.0234180483967,-0.0183231998235,0.01553578116,-0.0115509424359,0.00719181913882],[-0.000425336271292,0.0042882845737,-0.00374917150475,0.000818312168121,0.00530954450369,-0.00633176695555,-0.00202931789681,0.0114649487659,-0.0183231998235,0.0291170049459,-0.0178717114031,0.0127322897315,-0.00891118776053],[0.000543681031559,-0.00509187113494,0.0051064635627,-0.00129665760323,-0.00532106496394,0.00285448669456,0.00360041041858,-0.0113889882341,0.01553578116,-0.0178717114031,0.0267913732678,-0.0150886001065,0.00853119790554],[-0.000230348698096,0.00439383182675,-0.00242883875035,-0.00169146584813,0.00527259847149,-0.00270678242669,-0.00506333028898,0.00929444842041,-0.0115509424359,0.0127322897315,-0.0150886001065,0.0259946510196,-0.0110817011446],[0.0000495993808727,-0.00235659326427,0.000695205992088,0.00387914897874,-0.00461001740769,0.0011475518113,0.00338807934895,-0.00759179936722,0.00719181913882,-0.00891118776053,0.00853119790554,-0.0110817011446,0.0197585448623]],"mean":[-54.3601455688,116.560997009,-66.15599823,0.0936173200607,-8.51807403564,-19.6198234558,-3.35556221008,-16.4891777039,-2.60351490974,-8.2808265686,-9.29866981506,-7.13240814209,-5.51402711868]},"hfc":{"dmean":41.741104126,"dmean2":63.9738540649,"dvar":3278.12231445,"dvar2":7547.85058594,"max":948.960571289,"mean":104.286979675,"median":84.9148788452,"min":1.13464417563e-16,"var":7553.30712891},"melbands":{"dmean":[0.00270263571292,0.00259606167674,0.00114875752479,0.000918615958653,0.000384395563742,0.000246179377427,0.00019094410527,0.000146718171891,0.000118111100164,0.000108772081148,0.0000778455723776,0.0000637815974187,0.0000448387800134,0.0000609394373896,0.0000344229920302,0.0000187412933883,0.0000165460569406,0.0000236551550188,0.000015393978174,0.0000146219999806,0.0000122243363876,0.00000871796510182,0.00000546850696992,0.00000404179581892,0.00000364564129995,0.00000239341397901,0.00000217468004848,0.00000193849132302,0.00000129538602778,5.81062295169e-7,3.58056837513e-7,2.34032413005e-7,1.64236837463e-7,1.22650703815e-7,1.10683565424e-7,8.69740262033e-8,4.70562504518e-8,2.6660316621e-8,2.26582841378e-8,2.01795131716e-8],"dmean2":[0.00436238013208,0.00430763838813,0.00192657159641,0.00147178093903,0.000605071661994,0.000388732471038,0.00029596145032,0.000232204343774,0.000186075165402,0.000174054017407,0.000119053474918,0.0000995310037979,0.0000698844742146,0.0000969253378571,0.0000536092957191,0.0000296149719361,0.0000266468832706,0.0000377529213438,0.0000243782560574,0.0000233847167692,0.0000190433984244,0.0000139783214763,0.00000852968605614,0.00000643316479909,0.00000565497066418,0.00000373551461053,0.0000033529652228,0.0000030061862617,0.00000203088029593,9.12115240226e-7,5.54216455839e-7,3.63804446124e-7,2.58051386481e-7,1.92415598121e-7,1.75088530341e-7,1.36716948873e-7,7.61276837125e-8,4.44033183555e-8,3.78150950553e-8,3.36394627709e-8],"dvar":[0.0000221389345825,0.000015898487618,0.00000325178189087,0.00000313616556014,7.36719357519e-7,4.73828379199e-7,2.30493853337e-7,1.15805555367e-7,1.177572031e-7,1.29029288587e-7,7.12895129595e-8,5.19036440494e-8,3.35385621497e-8,7.10913710122e-8,2.15810214144e-8,4.68692151756e-9,3.33557781396e-9,8.93830343074e-9,1.84080206633e-9,3.15083048541e-9,3.38166827873e-9,1.10354914096e-9,3.95746185822e-10,3.37940203599e-10,1.46548426172e-10,5.83588524727e-11,8.54106368964e-11,1.3829989931e-10,2.79574696727e-11,3.85519741131e-12,1.15904876842e-12,3.57567274401e-13,1.64080392068e-13,9.62738867577e-14,6.68659260448e-14,3.90063144545e-14,8.26125463611e-15,2.03184378739e-15,1.5182525596e-15,1.19478782946e-15],"dvar2":[0.000054121199355,0.0000410391658079,0.00000853647634358,0.00000750449316911,0.00000170553585122,0.00000116718626941,5.09246774527e-7,2.79072082776e-7,2.9255235745e-7,3.2843050235e-7,1.51324130115e-7,1.16892962865e-7,8.06090696415e-8,1.62409165227e-7,4.90516285367e-8,1.04898640885e-8,8.24606338767e-9,2.14664499509e-8,4.47638104362e-9,7.86709808409e-9,8.19910184191e-9,2.77132561344e-9,8.21253731687e-10,8.2498075038e-10,3.00544256149e-10,1.27709690045e-10,1.53400542269e-10,3.13786080453e-10,6.24807566796e-11,8.54801732869e-12,2.4074789471e-12,7.50125493405e-13,3.6741838955e-13,2.06983654391e-13,1.45622392183e-13,9.031563339e-14,1.9961873002e-14,5.08041679675e-15,3.81348928876e-15,3.00008418478e-15],"max":[0.0561246648431,0.04787851125,0.0359733402729,0.0581831298769,0.0248113721609,0.0186104923487,0.0140585508198,0.0109111992642,0.0109502607957,0.00837846752256,0.00912037305534,0.00859773997217,0.00612341286615,0.00857296679169,0.00653018942103,0.0022625438869,0.00176642660517,0.00367691437714,0.00115657458082,0.00240266229957,0.00338340038434,0.00098911114037,0.000795909552835,0.000889071030542,0.000497431086842,0.000267759285634,0.000619678408839,0.000860415224452,0.000388086686144,0.000102405792859,0.0000598954138695,0.0000326006884279,0.0000158229904628,0.0000118537236631,0.00000726119060346,0.00000489462991027,0.00000178095763204,6.12335554706e-7,5.4058114074e-7,4.82568168536e-7],"mean":[0.0036898413673,0.00380981364287,0.00178060855251,0.0015616355231,0.000614476855844,0.000447482656455,0.000335779070156,0.00022535660537,0.000185008495464,0.000159325019922,0.000117706244055,0.000090102374088,0.0000600887142355,0.0000808388285805,0.0000472143292427,0.0000283401641354,0.0000235710685956,0.000034460608731,0.0000230774221563,0.0000235900479311,0.0000170476250787,0.0000116833489301,0.00000626264954917,0.00000464356025986,0.00000400824592361,0.0000027122573556,0.00000259981743511,0.00000239139671976,0.00000171705994489,8.52442440191e-7,4.87006445837e-7,3.02364128402e-7,1.97124464307e-7,1.40549346384e-7,1.21044109846e-7,9.26948473534e-8,4.66271465882e-8,2.51301823795e-8,2.13647481928e-8,1.91822291384e-8],"median":[0.00184849533252,0.00217868294567,0.00105766695924,0.000591176212765,0.000247960502747,0.000124983635033,0.0000921120517887,0.0000694752525305,0.0000442732598458,0.0000324328757415,0.0000236211162701,0.0000205690557777,0.0000113162186608,0.0000108958965939,0.00000853660185385,0.00000694467007634,0.00000598779752181,0.00000734461946195,0.00000600629800829,0.00000411720884586,0.0000030550233987,0.00000189554179997,0.00000110455687263,8.85604833911e-7,7.46411387809e-7,5.99225643327e-7,5.05688547037e-7,4.27496217981e-7,3.61836356433e-7,2.25753112204e-7,1.38215497714e-7,8.18541394665e-8,5.45848841682e-8,4.16376693124e-8,3.40466712601e-8,2.67393307496e-8,1.46613041707e-8,8.29788238121e-9,7.03067160046e-9,6.46505249335e-9],"min":[1.22857725916e-23,7.22058901589e-24,6.85846399507e-24,3.29769378033e-24,9.36895545023e-24,1.65098016727e-23,1.53571039185e-23,6.89325197213e-24,9.13248808301e-24,1.12219368629e-23,1.43694689978e-23,6.20308269375e-24,7.11313038339e-24,1.18265892804e-23,6.84191842645e-24,1.45072577544e-23,9.75163818624e-24,7.83173691411e-24,5.78287226676e-24,1.31403085338e-23,7.21217187004e-24,1.17527526886e-23,1.69934712263e-23,6.1975358183e-24,8.97715505988e-24,9.35389767327e-24,1.62045819221e-23,1.82094687573e-23,2.31801523186e-23,9.36780686876e-24,1.14673428131e-23,1.05212784955e-23,7.86156611152e-24,1.03059265681e-23,5.80740623534e-24,8.15130052251e-24,1.20781373016e-23,1.05695575718e-23,9.05769539172e-24,8.50459266777e-24],"var":[0.0000279253126791,0.0000222017224587,0.00000523685912412,0.00000783619725553,0.00000137929578159,0.00000147004061546,6.30436034044e-7,2.15861973629e-7,2.28470582897e-7,2.43938302447e-7,1.54892546789e-7,9.08620236828e-8,5.02856103424e-8,1.19180072033e-7,3.44349935233e-8,8.67874216937e-9,5.07882935707e-9,1.58150239571e-8,3.12558245952e-9,8.28748802917e-9,4.70952210563e-9,1.93386462399e-9,6.25735019355e-10,4.2494918695e-10,2.16318657431e-10,8.31160279491e-11,1.69388392202e-10,2.32278321577e-10,6.92340351716e-11,1.05350008231e-11,2.52682315176e-12,6.79405099888e-13,2.71348942664e-13,1.46567843582e-13,8.94478650762e-14,4.72853262893e-14,8.7244181809e-15,2.05890966643e-15,1.52312352845e-15,1.20507980917e-15]},"melbands_crest":{"dmean":3.95452356339,"dmean2":6.52430677414,"dvar":11.2683782578,"dvar2":29.8890075684,"max":38.3768501282,"mean":16.5797863007,"median":16.1133174896,"min":2.22198224068,"var":28.7679214478},"melbands_flatness_db":{"dmean":0.0439746938646,"dmean2":0.0671199858189,"dvar":0.00146162416786,"dvar2":0.00341245648451,"max":0.66563975811,"mean":0.323420733213,"median":0.320271968842,"min":0.00513655459508,"var":0.00696682650596},"melbands_kurtosis":{"dmean":13.7768535614,"dmean2":22.0441226959,"dvar":612.636291504,"dvar2":1619.63769531,"max":986.817260742,"mean":26.1292972565,"median":15.3841285706,"min":-1.74997615814,"var":1157.53979492},"melbands_skewness":{"dmean":1.02718424797,"dmean2":1.60675323009,"dvar":1.05797111988,"dvar2":2.65963387489,"max":27.9483222961,"mean":3.31800150871,"median":3.05480074883,"min":-1.85887300968,"var":4.23022651672},"melbands_spread":{"dmean":3.9117975235,"dmean2":6.08375310898,"dvar":45.0131378174,"dvar2":98.2018280029,"max":218.78692627,"mean":11.9948549271,"median":6.47183227539,"min":0.298570096493,"var":538.093994141},"mfcc":{"cov":[[10545.3076172,1638.72253418,-1474.59985352,380.036315918,-313.176116943,125.458335876,-182.932266235,-8.30871772766,-42.6737709045,18.9178009033,-211.922912598,19.5016498566,16.0431575775],[1638.72253418,1595.21618652,-75.8615036011,-18.2932872772,7.29680156708,6.07227754593,1.15585899353,-67.6496124268,62.4138679504,26.0589389801,11.5015821457,-29.9486675262,0.712932169437],[-1474.59985352,-75.8615036011,962.197998047,24.1123657227,150.3074646,-25.656867981,66.0604705811,54.3131446838,28.7541942596,26.1146640778,64.3525543213,-13.4119348526,-33.1445541382],[380.036315918,-18.2932872772,24.1123657227,398.409759521,17.1158828735,62.7043266296,0.0272635966539,70.9759750366,-30.0559329987,18.9835948944,-20.2424488068,10.0012998581,-18.2993965149],[-313.176116943,7.29680156708,150.3074646,17.1158828735,212.505737305,59.3092002869,79.9189376831,16.8348350525,-3.28970193863,-6.62352895737,31.5535736084,10.8975143433,0.649769067764],[125.458335876,6.07227754593,-25.656867981,62.7043266296,59.3092002869,191.643341064,77.1058807373,7.94099712372,-7.25951242447,-0.26427847147,-22.5778636932,24.5144691467,16.377954483],[-182.932266235,1.15585899353,66.0604705811,0.0272635966539,79.9189376831,77.1058807373,176.516189575,37.9843254089,-23.8637504578,-18.9536380768,19.6609287262,12.5569829941,11.0115871429],[-8.30871772766,-67.6496124268,54.3131446838,70.9759750366,16.8348350525,7.94099712372,37.9843254089,136.992660522,23.6674556732,10.3354082108,7.76011037827,8.6133108139,3.82349896431],[-42.6737709045,62.4138679504,28.7541942596,-30.0559329987,-3.28970193863,-7.25951242447,-23.8637504578,23.6674556732,135.671813965,44.8839111328,-0.249631300569,7.81310939789,17.2133846283],[18.9178009033,26.0589389801,26.1146640778,18.9835948944,-6.62352895737,-0.26427847147,-18.9536380768,10.3354082108,44.8839111328,88.4883575439,28.9935436249,3.67344141006,0.627587676048],[-211.922912598,11.5015821457,64.3525543213,-20.2424488068,31.5535736084,-22.5778636932,19.6609287262,7.76011037827,-0.249631300569,28.9935436249,87.4567947388,19.5984020233,-1.54796230793],[19.5016498566,-29.9486675262,-13.4119348526,10.0012998581,10.8975143433,24.5144691467,12.5569829941,8.6133108139,7.81310939789,3.67344141006,19.5984020233,67.0348892212,36.8480606079],[16.0431575775,0.712932169437,-33.1445541382,-18.2993965149,0.649769067764,16.377954483,11.0115871429,3.82349896431,17.2133846283,0.627587676048,-1.54796230793,36.8480606079,67.6239700317]],"icov":[[0.000168801125255,-0.000182509684237,0.000219861831283,-0.000100727025711,0.0000536438783456,-0.0000242968380917,0.0000931403192226,-0.000168773389305,0.000164932047483,-0.000164695156855,0.000331456481945,-0.000256137311226,0.00014882767573],[-0.000182509684237,0.000880882609636,-0.00015585134679,-0.0000317645717587,-0.0000791546481196,7.02034469668e-7,-0.000278209277894,0.00068580993684,-0.000689726497512,0.000232537597185,-0.000699816271663,0.000866037502419,-0.000358365679858],[0.000219861831283,-0.00015585134679,0.00158256303985,-0.000241300745984,-0.000788903795183,0.000430993444752,-0.00020872305322,-0.000391823210521,-0.000173952401383,-0.000373647111701,-0.0000431230691902,-0.0000479443697259,0.00069207046181],[-0.000100727025711,-0.0000317645717587,-0.000241300745984,0.00355369551107,-0.000331664661644,-0.00104925001506,0.000973830465227,-0.00215103896335,0.00170075090136,-0.00150851020589,0.00141403451562,-0.00135092670098,0.00143752864096],[0.0000536438783456,-0.0000791546481196,-0.000788903795183,-0.000331664661644,0.00691809505224,-0.00190405512694,-0.00167057360522,0.000291970238322,-0.00070847052848,0.00164107687306,-0.00263679376803,0.000435039110016,0.0000295844947686],[-0.0000242968380917,7.02034469668e-7,0.000430993444752,-0.00104925001506,-0.00190405512694,0.00875179842114,-0.00397978862748,0.00130866386462,0.000148064587847,-0.0025036521256,0.00474623451009,-0.00357844284736,0.000449880870292],[0.0000931403192226,-0.000278209277894,-0.00020872305322,0.000973830465227,-0.00167057360522,-0.00397978862748,0.00981946103275,-0.00320568447933,0.00184931198601,0.0021712416783,-0.00273387460038,0.00127425719984,-0.0015435279347],[-0.000168773389305,0.00068580993684,-0.000391823210521,-0.00215103896335,0.000291970238322,0.00130866386462,-0.00320568447933,0.010232757777,-0.00312841869891,0.000420306954766,-0.000865229987539,0.000202537266887,-0.000455379486084],[0.000164932047483,-0.000689726497512,-0.000173952401383,0.00170075090136,-0.00070847052848,0.000148064587847,0.00184931198601,-0.00312841869891,0.0114302095026,-0.00634876964614,0.00364717771299,-0.00165887130424,-0.00167337805033],[-0.000164695156855,0.000232537597185,-0.000373647111701,-0.00150851020589,0.00164107687306,-0.0025036521256,0.0021712416783,0.000420306954766,-0.00634876964614,0.0183137357235,-0.00914485193789,0.00343770557083,-0.00097788637504],[0.000331456481945,-0.000699816271663,-0.0000431230691902,0.00141403451562,-0.00263679376803,0.00474623451009,-0.00273387460038,-0.000865229987539,0.00364717771299,-0.00914485193789,0.0209091678262,-0.0099389962852,0.00471102865413],[-0.000256137311226,0.000866037502419,-0.0000479443697259,-0.00135092670098,0.000435039110016,-0.00357844284736,0.00127425719984,0.000202537266887,-0.00165887130424,0.00343770557083,-0.0099389962852,0.0274057462811,-0.0144643383101],[0.00014882767573,-0.000358365679858,0.00069207046181,0.00143752864096,0.0000295844947686,0.000449880870292,-0.0015435279347,-0.000455379486084,-0.00167337805033,-0.00097788637504,0.00471102865413,-0.0144643383101,0.0240766126662]],"mean":[-721.450439453,180.410675049,2.15989470482,36.5181274414,8.07316970825,13.6066360474,1.60640716553,2.32349348068,4.27232599258,5.54403686523,-3.29952836037,0.142484769225,0.203505009413]},"pitch_salience":{"dmean":0.0880302861333,"dmean2":0.144785925746,"dvar":0.00559411942959,"dvar2":0.0147091019899,"max":0.814196884632,"mean":0.52685469389,"median":0.536572575569,"min":0.0615591406822,"var":0.0138105778024},"silence_rate_20dB":{"dmean":0,"dmean2":0,"dvar":0,"dvar2":0,"max":1,"mean":1,"median":1,"min":1,"var":0},"silence_rate_30dB":{"dmean":0.0524747930467,"dmean2":0.104961611331,"dvar":0.0497165732086,"dvar2":0.118474923074,"max":1,"mean":0.952686429024,"median":1,"min":0,"var":0.0450719110668},"silence_rate_60dB":{"dmean":0.00664527947083,"dmean2":0.0132920816541,"dvar":0.00660137925297,"dvar2":0.0144898993894,"max":1,"mean":0.0647267699242,"median":0,"min":0,"var":0.0605375878513},"spectral_centroid":{"dmean":170.639343262,"dmean2":257.785858154,"dvar":68216.8984375,"dvar2":129522.09375,"max":11170.8417969,"mean":689.469909668,"median":507.897155762,"min":120.372566223,"var":376628.25},"spectral_complexity":{"dmean":3.32332730293,"dmean2":5.00905227661,"dvar":20.0086421967,"dvar2":40.7359466553,"max":51,"mean":12.3987855911,"median":11,"min":0,"var":59.5357971191},"spectral_contrast_coeffs":{"dmean":[0.0571213327348,0.048697438091,0.0426381677389,0.0325895659626,0.0262024905533,0.0404765680432],"dmean2":[0.0945565849543,0.0799254477024,0.0692741796374,0.052334357053,0.0413512773812,0.0637300238013],"dvar":[0.00203440710902,0.00150825490709,0.00124927971046,0.000745319179259,0.000515515683219,0.00157795322593],"dvar2":[0.0054411967285,0.00402310863137,0.00323730963282,0.00180501991417,0.00123474537395,0.00358788506128],"max":[-0.269336789846,-0.453186511993,-0.494659274817,-0.513117969036,-0.585828781128,-0.434575438499],"mean":[-0.657877981663,-0.760997772217,-0.78988301754,-0.815074563026,-0.832810163498,-0.784765481949],"median":[-0.662432789803,-0.767908334732,-0.797585129738,-0.822465896606,-0.835037410259,-0.801958441734],"min":[-0.959211170673,-0.973092317581,-0.964779257774,-0.978675723076,-0.967894852161,-0.957955420017],"var":[0.00821273680776,0.00547145493329,0.00524974148721,0.00401683105156,0.00271148164757,0.00455121416599]},"spectral_contrast_valleys":{"dmean":[0.423213303089,0.388683348894,0.39831507206,0.382588595152,0.440056413412,0.732013881207],"dmean2":[0.682326257229,0.616845488548,0.617030143738,0.563627064228,0.628238856792,1.16505730152],"dvar":[0.137357875705,0.112201213837,0.127922058105,0.136633872986,0.190962314606,0.366493791342],"dvar2":[0.305895328522,0.255420893431,0.274875640869,0.28028023243,0.371882021427,0.976767957211],"max":[-4.68484210968,-4.53491210938,-5.27262878418,-5.56026315689,-5.4439034462,-9.05191230774],"mean":[-6.82089948654,-6.84914588928,-7.64168834686,-8.10606575012,-8.3856716156,-11.4841690063],"median":[-6.47799062729,-6.59114408493,-7.3675198555,-7.81821107864,-8.17940616608,-11.2991752625],"min":[-27.9049396515,-26.9256191254,-27.2459182739,-27.4515476227,-27.1365966797,-27.3765106201],"var":[2.62089800835,2.27075791359,2.18940234184,2.07503175735,1.80852091312,1.61951887608]},"spectral_decrease":{"dmean":4.42241798737e-9,"dmean2":6.98301505508e-9,"dvar":3.21418530149e-17,"dvar2":7.59818663061e-17,"max":1.30729338466e-9,"mean":-9.22230380951e-9,"median":-7.50773576641e-9,"min":-6.22366940206e-8,"var":6.15938337918e-17},"spectral_energy":{"dmean":0.0184572208673,"dmean2":0.0286860018969,"dvar":0.000554087106138,"dvar2":0.00126131006982,"max":0.262045890093,"mean":0.0442663170397,"median":0.0377376526594,"min":1.04630229163e-20,"var":0.0011471278267},"spectral_energyband_high":{"dmean":0.000322524778312,"dmean2":0.000472184445243,"dvar":9.49447212406e-7,"dvar2":0.00000185497754046,"max":0.0476481467485,"mean":0.000499612069689,"median":0.00014114761143,"min":7.5921787015e-21,"var":0.00000210975940718},"spectral_energyband_low":{"dmean":0.0137401726097,"dmean2":0.021973144263,"dvar":0.000417477713199,"dvar2":0.000988682731986,"max":0.222022339702,"mean":0.0222693849355,"median":0.0142658269033,"min":6.91771249777e-23,"var":0.000643439299893},"spectral_energyband_middle_high":{"dmean":0.00164055707864,"dmean2":0.00244766799733,"dvar":0.0000126992381411,"dvar2":0.0000288617848128,"max":0.0712895616889,"mean":0.00338161922991,"median":0.00107091863174,"min":1.62661674726e-21,"var":0.0000368666987924},"spectral_energyband_middle_low":{"dmean":0.00684526516125,"dmean2":0.0107375225052,"dvar":0.000098093849374,"dvar2":0.000235121100559,"max":0.233665242791,"mean":0.0155978593975,"median":0.0100764539093,"min":3.2960002064e-22,"var":0.000282758672256},"spectral_entropy":{"dmean":0.289302706718,"dmean2":0.44420427084,"dvar":0.0738865658641,"dvar2":0.173041775823,"max":9.7885799408,"mean":7.01683855057,"median":7.03877735138,"min":4.66742324829,"var":0.278659194708},"spectral_flux":{"dmean":0.0346518754959,"dmean2":0.0551600307226,"dvar":0.00139261141885,"dvar2":0.00309984851629,"max":0.423830717802,"mean":0.109614938498,"median":0.103019624949,"min":1.02288920389e-10,"var":0.003468969604},"spectral_kurtosis":{"dmean":6.71650934219,"dmean2":10.7984046936,"dvar":57.2324104309,"dvar2":152.371673584,"max":104.967437744,"mean":21.5561065674,"median":19.5327892303,"min":-1.25324845314,"var":118.149368286},"spectral_rms":{"dmean":0.00128727185074,"dmean2":0.00194919575006,"dvar":0.00000182320331987,"dvar2":0.00000391629873775,"max":0.0159892011434,"mean":0.00602200720459,"median":0.00606771977618,"min":3.19496902892e-12,"var":0.00000692213552611},"spectral_rolloff":{"dmean":4547.85546875,"dmean2":8794.12304688,"dvar":62825932,"dvar2":155858896,"max":22050,"mean":6286.86865234,"median":904.39453125,"min":21.533203125,"var":80236016},"spectral_skewness":{"dmean":0.499563574791,"dmean2":0.782931685448,"dvar":0.263247400522,"dvar2":0.677053928375,"max":8.19055747986,"mean":3.29628324509,"median":3.21606874466,"min":-0.00846518389881,"var":0.746895313263},"spectral_spread":{"dmean":596728.4375,"dmean2":954497.625,"dvar":417863892992,"dvar2":860322267136,"max":42093044,"mean":3785571.75,"median":3648501.5,"min":1304497.375,"var":1264048668670},"spectral_strongpeak":{"dmean":1.11352348328,"dmean2":2.03855609894,"dvar":30.3643016815,"dvar2":85.3301696777,"max":112.386672974,"mean":1.16790950298,"median":0.361351311207,"min":0,"var":22.0591678619},"zerocrossingrate":{"dmean":0.0368978492916,"dmean2":0.0479312352836,"dvar":0.00117648672312,"dvar2":0.00199685664847,"max":0.89013671875,"mean":0.194909244776,"median":0.18603515625,"min":0.0146484375,"var":0.00749289756641}},"metadata":{"audio_properties":{"analysis_sample_rate":44100,"bit_rate":128000,"codec":"mp3","downmix":"mix","equal_loudness":0,"length":202.6590271,"lossless":false,"md5_encoded":"aa6c599f6d853a4d167e2550a28a5277","replay_gain":-7.5821685791,"sample_rate":44100},"tags":{"acoustid_id":["5758e5ba-2c4e-4537-a6d6-ebfb59e46e29"],"album":["Lookin' Through the Windows"],"albumartist":["The Jackson 5"],"albumartistsort":["Jackson 5, The"],"artist":["The Jackson 5"],"artistsort":["Jackson 5, The"],"asin":["B002Y4Z4IS"],"barcode":["602527288505"],"catalognumber":["B0013865-02"],"date":["2010"],"discnumber":["1/1"],"file_name":"04 To Know.mp3","genre":["R&B"],"label":["Motown Records"],"media":["CD"],"musicbrainz album release country":["US"],"musicbrainz album status":["official"],"musicbrainz album type":["album"],"musicbrainz_albumartistid":["e5257dc5-1edd-4fca-b7e6-1158e00522c8"],"musicbrainz_albumid":["c6f4e2c8-1d78-428a-8882-b794090f239e"],"musicbrainz_artistid":["e5257dc5-1edd-4fca-b7e6-1158e00522c8"],"musicbrainz_recordingid":["eca8b198-506e-41a5-b40e-b2f3195a6f60"],"musicbrainz_releasegroupid":["a83408cc-5960-38c1-8270-d6d14cbb4fa4"],"originaldate":["1972"],"script":["Latn"],"title":["To Know"],"tracknumber":["4/12"]},"version":{"essentia":"2.1-beta1","essentia_build_sha":"ca57ba49d9b1854bd80e60cf9ccf267278fb7d6b","essentia_git_sha":"v2.1_beta1-28-g21ef5f4-dirty","extractor":"music 1.0"}},"rhythm":{"beats_count":337,"beats_loudness":{"dmean":0.0483915023506,"dmean2":0.0910467356443,"dvar":0.00156322470866,"dvar2":0.00477844895795,"max":0.227259814739,"mean":0.0666722357273,"median":0.0610570237041,"min":1.19114240693e-9,"var":0.00185748480726},"beats_loudness_band_ratio":{"dmean":[0.304356276989,0.139771640301,0.0754145905375,0.0492078587413,0.0394262634218,0.097058750689],"dmean2":[0.584359049797,0.259932368994,0.138922125101,0.0905188545585,0.0747018307447,0.180569201708],"dvar":[0.0358185581863,0.0192927308381,0.00870917551219,0.0