{"lowlevel":{"average_loudness":0.783584833145,"barkbands":{"dmean":[0.00104977248702,0.00311318831518,0.00121271039825,0.00105712807272,0.00224510510452,0.000773263804149,0.00087921746308,0.000883672386408,0.000363368279068,0.000338280020515,0.000269109179499,0.000208908706554,0.000244082519202,0.000178491987754,0.000233129641856,0.00011497426749,0.000170596540556,0.000125649676193,0.000113362613774,0.0000907800276764,0.0000739548413549,0.0000958979871939,0.0000657349955873,0.0000537208579772,0.0000348002577084,0.0000185150347534,0.00000603243461228],"dmean2":[0.00146730453707,0.00466073490679,0.00199946062639,0.0017630798975,0.00354824913666,0.00114937825128,0.00127751845866,0.00117341964506,0.000505989068188,0.000504664028995,0.000386430474464,0.000308566523017,0.000371133501176,0.000279768108157,0.000387043721275,0.000183975571417,0.000277248356724,0.000203936040634,0.00017848754942,0.000142546166899,0.000114538590424,0.000141959782923,0.0000951954571065,0.0000787498429418,0.0000513217855769,0.0000277086219285,0.0000093225216915],"dvar":[0.0000133931789605,0.00011771221034,0.00000861022635945,0.00000343659417013,0.0000165775581991,0.00000194387894226,0.00000612043504589,0.00000528965392732,0.00000105589413124,0.00000113728856377,7.19137631222e-7,3.16534652711e-7,3.96160118044e-7,1.99059002171e-7,2.43939382472e-7,7.44766737171e-8,1.12744061198e-7,7.32080991384e-8,8.05210191857e-8,4.6622371741e-8,3.89753971319e-8,1.1740664263e-7,6.06955268267e-8,4.28152162613e-8,7.06780900472e-9,1.74674696929e-9,2.55758275669e-10],"dvar2":[0.0000264940590569,0.000241947447648,0.0000233593837038,0.00000945621650317,0.0000415033246099,0.00000427734175901,0.0000127683715618,0.00000902776992007,0.00000197677104552,0.00000288192313747,0.00000135183029215,6.47510489671e-7,8.92110620043e-7,4.72024822784e-7,6.6694775569e-7,1.72500193685e-7,2.784210551e-7,1.85404161357e-7,1.85498009841e-7,1.13321497963e-7,9.31516481728e-8,2.38834843458e-7,1.18567115237e-7,8.15297411805e-8,1.45875143076e-8,3.64510377437e-9,5.81130588095e-10],"max":[0.0463230572641,0.119031317532,0.0443895980716,0.0292686037719,0.0825658738613,0.0308710429817,0.0797893032432,0.08343924582,0.0463254004717,0.0290534254164,0.0315232500434,0.0209699291736,0.0150760952383,0.0130189675838,0.0106511544436,0.0127169014886,0.00764397997409,0.00550126004964,0.0110737839714,0.0064150406979,0.00505292182788,0.0114451535046,0.00755675975233,0.00672216014937,0.00260753091425,0.000517526408657,0.000187910845852],"mean":[0.001284176833,0.00418439460918,0.00224720779806,0.00183925102465,0.00524452188984,0.0019524411764,0.00190720811952,0.00232092710212,0.000854482932482,0.000666003557853,0.00058341777185,0.000413964764448,0.000460845214548,0.000373880990082,0.000417779228883,0.000234399762121,0.000346338871168,0.000243589820457,0.000238455730141,0.000162987591466,0.000120775417599,0.000144330551848,0.000100015880889,0.0000778215762693,0.0000395895258407,0.000018144830392,0.00000514926978212],"median":[0.0000442280361312,0.000998932635412,0.00172484002542,0.00085041730199,0.00299350288697,0.00106089119799,0.000524141825736,0.000474920903798,0.000186913268408,0.000159341725521,0.000101679921499,0.0000735802823328,0.000113157097076,0.000115502276458,0.000116405513836,0.0000726670696167,0.000123399629956,0.0000868416464073,0.0000706466817064,0.0000516762665939,0.0000236288688029,0.0000213371749851,0.0000121766133816,0.00000869889663591,0.00000475609158457,0.00000178699053777,1.45143957297e-7],"min":[1.63484653891e-15,2.26611679522e-15,6.23082009978e-15,6.0843062698e-15,1.52568269026e-14,2.93352209115e-14,2.92675971891e-14,6.86112103276e-15,3.2314031652e-15,1.93563867463e-14,9.93621400842e-15,2.09536435512e-14,2.61990932827e-14,1.94441800172e-14,2.88044090804e-14,1.67153549574e-14,6.90994612942e-15,1.16589053814e-14,2.03475254088e-14,2.18131905632e-14,5.38782512799e-14,1.39366111967e-13,6.08827929478e-13,1.92962638056e-12,7.1410017656e-12,2.28836932042e-11,5.61361339357e-11],"var":[0.0000214799329115,0.000150337218656,0.00000827651274449,0.00000672214309816,0.0000461343042844,0.00000669299197398,0.000018095906853,0.0000274905469269,0.00000531991690877,0.00000295200902656,0.00000292000459012,9.09465995846e-7,0.00000117196930205,6.4645320208e-7,5.37046958016e-7,2.41765491182e-7,3.32444699325e-7,1.73617351606e-7,2.05659375752e-7,8.63702709353e-8,7.24266442376e-8,2.78928979469e-7,1.50068814264e-7,1.11541673675e-7,1.22201013752e-8,2.06423589333e-9,2.53439630393e-10]},"barkbands_crest":{"dmean":2.07031083107,"dmean2":3.22708177567,"dvar":4.54403734207,"dvar2":10.9503850937,"max":25.9105377197,"mean":9.96534633636,"median":9.07491493225,"min":2.48744678497,"var":18.0083427429},"barkbands_flatness_db":{"dmean":0.0224241949618,"dmean2":0.031245296821,"dvar":0.000510459300131,"dvar2":0.000975793460384,"max":0.39870968461,"mean":0.155494362116,"median":0.151092961431,"min":0.0216097421944,"var":0.00331307272427},"barkbands_kurtosis":{"dmean":4.4260134697,"dmean2":6.90661525726,"dvar":75.0903549194,"dvar2":179.931808472,"max":212.191192627,"mean":8.90207386017,"median":4.09257364273,"min":-1.93412017822,"var":201.736862183},"barkbands_skewness":{"dmean":0.556982517242,"dmean2":0.82945394516,"dvar":0.484600961208,"dvar2":1.03410470486,"max":10.9663391113,"mean":2.00411105156,"median":1.77095782757,"min":-8.83047866821,"var":2.2418525219},"barkbands_spread":{"dmean":4.6675901413,"dmean2":7.04090261459,"dvar":59.9171714783,"dvar2":126.680427551,"max":149.151229858,"mean":16.5954017639,"median":12.8502311707,"min":0.368191838264,"var":203.333053589},"dissonance":{"dmean":0.0192130189389,"dmean2":0.0314013026655,"dvar":0.000323827436659,"dvar2":0.000808929500636,"max":0.500000059605,"mean":0.449607938528,"median":0.456083089113,"min":0.238328456879,"var":0.00105795892887},"dynamic_complexity":3.56820392609,"erbbands":{"dmean":[0.15024740994,0.559118926525,1.38466215134,2.39988350868,6.007188797,7.86849308014,8.26033306122,5.87087678909,10.2259817123,19.7730464935,12.137591362,9.05725765228,11.6739521027,6.33413219452,10.9647121429,9.30044841766,11.3421983719,8.87185096741,8.27062129974,12.7387084961,5.56976318359,8.35040950775,6.5177025795,5.84734725952,5.62488269806,4.19517612457,3.23612236977,2.9115729332,3.41291499138,2.81327009201,1.75957202911,1.29083764553,0.841006577015,0.444931894541,0.221403971314,0.0987735241652,0.0299012046307,0.00603104196489,0.000973622547463,0.0000787106982898],"dmean2":[0.216038376093,0.91914588213,2.35410857201,3.92606711388,9.80443191528,12.3801612854,12.0885486603,9.04322624207,14.9510440826,27.1637172699,16.10430336,12.3965892792,17.307806015,9.00955867767,15.3578443527,13.7108507156,17.1438102722,13.7541904449,13.5442218781,21.1179122925,8.79334259033,13.463060379,10.453625679,9.30920028687,8.87594032288,6.59141635895,5.00923681259,4.4520611763,5.12003231049,4.11169910431,2.57289409637,1.90864229202,1.23528373241,0.656776487827,0.331397861242,0.148064926267,0.0453610531986,0.0090896608308,0.00150716165081,0.000120940821944],"dvar":[0.317178040743,4.10702228546,15.1829071045,18.9910793304,124.356513977,273.801818848,269.246520996,124.206039429,937.19128418,2773.41308594,906.043273926,663.492919922,1558.72766113,464.121063232,1224.34387207,535.446716309,878.964233398,489.24407959,345.172241211,985.678710938,141.748901367,278.33895874,181.330612183,186.991119385,209.020385742,99.3885269165,65.1655502319,77.3100891113,151.715057373,120.150238037,48.2467536926,37.4536018372,8.58398914337,1.38835525513,0.272487252951,0.0512599535286,0.00469617033377,0.000208487661439,0.00000682407517161,4.21230836878e-8],"dvar2":[0.601097106934,10.7633171082,41.6837234497,49.7506790161,329.334381104,644.883178711,594.512390137,287.666992188,2029.58435059,5129.32861328,1571.9498291,1244.42858887,4069.73974609,867.930969238,2142.37695312,1094.6619873,1962.5324707,1131.60437012,892.607971191,2755.76293945,322.094085693,685.610412598,440.802062988,461.55847168,485.161437988,239.718704224,159.909255981,172.03894043,319.28213501,251.827941895,94.5895690918,76.1810379028,16.5999183655,2.83428502083,0.584375321865,0.109035558999,0.0100412918255,0.00045029760804,0.0000155433663167,9.69972688836e-8],"max":[6.12605762482,25.2294654846,49.5177268982,69.9048156738,204.80039978,426.036743164,431.022918701,264.353546143,1127.50878906,1548.25036621,1247.59899902,855.042114258,1082.80041504,1182.80163574,1435.26538086,738.421081543,710.530761719,765.635375977,453.158508301,835.032836914,470.309143066,322.325775146,276.210540771,380.831420898,471.195617676,240.913650513,197.573944092,337.046600342,405.838928223,325.392303467,216.005661011,257.314361572,99.8454666138,42.8878860474,10.9052457809,3.88370943069,0.797486484051,0.177065700293,0.033259510994,0.00272478512488],"mean":[0.169912159443,0.748664855957,2.5984992981,4.70404577255,11.5886726379,18.0160446167,18.9153213501,14.5113239288,23.026927948,49.8009262085,33.4925575256,22.497631073,24.2692146301,14.2241287231,25.6508388519,21.4803905487,22.6291503906,20.267282486,17.4266872406,23.1899299622,13.5275421143,17.4447021484,13.8392114639,12.8808736801,11.4665613174,7.75334262848,5.79996585846,4.44618320465,5.0175909996,4.27278470993,2.68398809433,1.94466483593,1.1125408411,0.525329530239,0.243177190423,0.100874692202,0.0281137805432,0.00556350266561,0.000842640991323,0.0000887504429556],"median":[0.0116988876835,0.296875059605,1.97176575661,2.47456455231,6.92242717743,8.0733165741,10.063419342,7.61901187897,8.274974823,10.0705566406,9.6328420639,6.21129798889,5.75506496429,4.02162075043,5.50120735168,4.82493162155,6.67802333832,6.94314002991,5.89622497559,6.25064229965,5.1020116806,6.18711280823,5.26515483856,4.39347553253,3.30152249336,2.31994533539,1.40855395794,0.805823683739,0.768230438232,0.562599718571,0.323456406593,0.220773637295,0.118362352252,0.0614184066653,0.0287063233554,0.0112255485728,0.0023859126959,0.000318125239573,0.0000416664261138,0.0000304572531604],"min":[2.87432228084e-14,7.30843662498e-13,5.7267892685e-12,1.61889043837e-11,1.75467886748e-11,4.69804681269e-11,1.38227415625e-10,2.79960804539e-10,3.92282956119e-10,2.81988987716e-10,1.62392044256e-10,8.10466624368e-11,5.73258329695e-10,5.60717638987e-10,6.34893249085e-10,8.90665652342e-10,1.41726053116e-9,9.38998323541e-10,1.29318822317e-9,1.48018863833e-9,5.5982335434e-10,4.05328853814e-10,6.41789121847e-10,1.18799603488e-9,8.60871818276e-10,1.0134704187e-9,1.26365951036e-9,2.87566925827e-9,3.97694011056e-9,7.52929985026e-9,2.52507454945e-8,3.06661220861e-8,3.80999054528e-8,8.43736742695e-8,5.56344801339e-8,5.14010594088e-8,5.46094867104e-8,2.27944081388e-8,8.82311823602e-9,8.96181517884e-10],"var":[0.426828980446,3.65130329132,13.4823274612,35.5713768005,236.467300415,864.899475098,794.218444824,360.29776001,2331.26733398,12472.1845703,5425.37060547,3068.52441406,4536.93896484,1398.82250977,5778.74462891,1951.3861084,2512.41577148,1781.11877441,984.719177246,1994.28491211,535.678649902,825.438293457,499.117492676,479.192321777,498.54397583,193.031829834,126.106422424,151.662506104,322.348419189,277.873596191,115.061531067,82.5146636963,21.0210361481,2.65038633347,0.393074303865,0.0611249618232,0.0052604987286,0.000229235651204,0.00000672761962051,4.17518215556e-8]},"erbbands_crest":{"dmean":2.15966391563,"dmean2":3.42904233932,"dvar":4.78680896759,"dvar2":11.5997476578,"max":28.8792266846,"mean":9.27381229401,"median":8.2564496994,"min":2.07699322701,"var":17.5970172882},"erbbands_flatness_db":{"dmean":0.0211621876806,"dmean2":0.027016453445,"dvar":0.000430749059888,"dvar2":0.000674325565342,"max":0.332964926958,"mean":0.166307196021,"median":0.171221926808,"min":0.0136306341738,"var":0.00235806894489},"erbbands_kurtosis":{"dmean":1.08631491661,"dmean2":1.67587041855,"dvar":4.53808259964,"dvar2":9.6634683609,"max":87.7052459717,"mean":1.31834375858,"median":-0.013535618782,"min":-1.87926626205,"var":28.6244373322},"erbbands_skewness":{"dmean":0.355817764997,"dmean2":0.533152520657,"dvar":0.166821539402,"dvar2":0.334961384535,"max":8.51804828644,"mean":0.68657886982,"median":0.609646320343,"min":-5.08622503281,"var":1.1437561512},"erbbands_spread":{"dmean":8.32315635681,"dmean2":12.254611969,"dvar":126.797660828,"dvar2":272.411956787,"max":168.64239502,"mean":37.6543273926,"median":32.8344726562,"min":2.5249145031,"var":425.991577148},"gfcc":{"cov":[[15190.3134766,-494.916107178,-1761.1262207,246.164733887,-491.075561523,338.402770996,-179.003799438,162.416732788,-73.6696014404,42.2211875916,-163.971969604,-108.588645935,-334.075775146],[-494.916107178,1606.21325684,-463.996917725,-144.12979126,132.248748779,-212.302947998,73.9823150635,-44.4773750305,68.693359375,-122.393325806,82.741394043,-120.231086731,52.0470161438],[-1761.1262207,-463.996917725,1378.61022949,235.035308838,26.0399456024,95.7475280762,-79.4659118652,12.5309638977,-71.8314971924,22.2225818634,-46.3748283386,54.4838180542,2.95140099525],[246.164733887,-144.12979126,235.035308838,413.718444824,30.4535102844,45.9456367493,-22.3913841248,-27.4410209656,-3.31838774681,-15.0160751343,-7.88153839111,-12.6029653549,2.74588441849],[-491.075561523,132.248748779,26.0399456024,30.4535102844,281.768096924,20.330619812,47.6318244934,8.30029392242,8.25235271454,22.4112854004,7.14020729065,3.84576106071,32.3393859863],[338.402770996,-212.302947998,95.7475280762,45.9456367493,20.330619812,175.888977051,29.640953064,19.3517055511,-24.2819862366,12.6014471054,-12.6550760269,7.62132549286,-12.3454036713],[-179.003799438,73.9823150635,-79.4659118652,-22.3913841248,47.6318244934,29.640953064,158.186599731,33.528301239,29.2520294189,13.3647985458,21.5233287811,4.57018995285,9.83081626892],[162.416732788,-44.4773750305,12.5309638977,-27.4410209656,8.30029392242,19.3517055511,33.528301239,111.824508667,38.0312461853,28.1656341553,-0.400645375252,8.06285858154,-7.35562467575],[-73.6696014404,68.693359375,-71.8314971924,-3.31838774681,8.25235271454,-24.2819862366,29.2520294189,38.0312461853,114.140991211,36.9405670166,21.7012882233,-2.21095108986,6.80220365524],[42.2211875916,-122.393325806,22.2225818634,-15.0160751343,22.4112854004,12.6014471054,13.3647985458,28.1656341553,36.9405670166,100.075843811,20.6081676483,15.150806427,-1.71334588528],[-163.971969604,82.741394043,-46.3748283386,-7.88153839111,7.14020729065,-12.6550760269,21.5233287811,-0.400645375252,21.7012882233,20.6081676483,75.2858657837,12.7964200974,2.98589158058],[-108.588645935,-120.231086731,54.4838180542,-12.6029653549,3.84576106071,7.62132549286,4.57018995285,8.06285858154,-2.21095108986,15.150806427,12.7964200974,70.4662246704,20.8552188873],[-334.075775146,52.0470161438,2.95140099525,2.74588441849,32.3393859863,-12.3454036713,9.83081626892,-7.35562467575,6.80220365524,-1.71334588528,2.98589158058,20.8552188873,78.1089172363]],"icov":[[0.000133480192744,-0.0000793174913269,0.000265112088528,-0.000256522034761,0.00022543783416,-0.000336193450494,0.000251561956247,-0.000299401726807,0.000238572800299,-0.000333478266839,0.000413000409026,-0.000265557609964,0.000443448167061],[-0.0000793174913269,0.00147395953536,-0.0000752550113248,0.000636246055365,-0.000914167845622,0.00134881981649,-0.000526516290847,0.000272484292509,-0.000781303853728,0.00227316957898,-0.00211471761577,0.00269074318931,-0.00117700861301],[0.000265112088528,-0.0000752550113248,0.00147254322655,-0.00101181305945,0.000339935621014,-0.00082786969142,0.000901309191249,-0.000946411688346,0.00100651604589,-0.000929537636694,0.00115281622857,-0.00114618486259,0.000843737681862],[-0.000256522034761,0.000636246055365,-0.00101181305945,0.00361349713057,-0.00100736063905,0.000175335575477,-0.000259596068645,0.00153291155584,-0.00163378356956,0.00205880822614,-0.00171041383874,0.00220485706814,-0.0013239691034],[0.00022543783416,-0.000914167845622,0.000339935621014,-0.00100736063905,0.00486968271434,-0.00138466025237,-0.000513274862897,-0.000585577043239,0.0011250305688,-0.00271343882196,0.00169259123504,-0.00120267202146,-0.00053074513562],[-0.000336193450494,0.00134881981649,-0.00082786969142,0.000175335575477,-0.00138466025237,0.00889018923044,-0.00274794758298,-0.00033816540963,0.00120183464605,0.00116432772484,-0.0012747180881,0.00197534100153,-0.000576953985728],[0.000251561956247,-0.000526516290847,0.000901309191249,-0.000259596068645,-0.000513274862897,-0.00274794758298,0.00873675569892,-0.00241261022165,-0.000688637781423,-0.000435626512626,-0.000778162560891,-0.00107091479003,0.000219326771912],[-0.000299401726807,0.000272484292509,-0.000946411688346,0.00153291155584,-0.000585577043239,-0.00033816540963,-0.00241261022165,0.0125761758536,-0.00456254649907,-0.000545182381757,0.00092083477648,-0.000607543683145,0.000709104526322],[0.000238572800299,-0.000781303853728,0.00100651604589,-0.00163378356956,0.0011250305688,0.00120183464605,-0.000688637781423,-0.00456254649907,0.0137425977737,-0.00558346416801,-0.000347947207047,0.000154369365191,-0.000405606959248],[-0.000333478266839,0.00227316957898,-0.000929537636694,0.00205880822614,-0.00271343882196,0.00116432772484,-0.000435626512626,-0.000545182381757,-0.00558346416801,0.0171289425343,-0.0064165960066,0.00221210485324,-0.00115067628212],[0.000413000409026,-0.00211471761577,0.00115281622857,-0.00171041383874,0.00169259123504,-0.0012747180881,-0.000778162560891,0.00092083477648,-0.000347947207047,-0.0064165960066,0.0198761187494,-0.00748544326052,0.00360287865624],[-0.000265557609964,0.00269074318931,-0.00114618486259,0.00220485706814,-0.00120267202146,0.00197534100153,-0.00107091479003,-0.000607543683145,0.000154369365191,0.00221210485324,-0.00748544326052,0.0228584948927,-0.00785725843161],[0.000443448167061,-0.00117700861301,0.000843737681862,-0.0013239691034,-0.00053074513562,-0.000576953985728,0.000219326771912,0.000709104526322,-0.000405606959248,-0.00115067628212,0.00360287865624,-0.00785725843161,0.0176362171769]],"mean":[-34.4042778015,109.752296448,-108.897476196,32.3138694763,-55.2522621155,0.212072268128,-40.3828964233,1.33783864975,-23.1656265259,-1.68473744392,-13.5792388916,-4.36431694031,-12.9003067017]},"hfc":{"dmean":4.74641752243,"dmean2":6.76017951965,"dvar":63.9195289612,"dvar2":124.049507141,"max":147.965042114,"mean":16.0980453491,"median":10.2846336365,"min":0.00000214613282878,"var":277.818878174},"melbands":{"dmean":[0.00104540097527,0.000725171063095,0.000482289586216,0.000509100325871,0.000298308790661,0.000133059016662,0.000161374511663,0.00021804109565,0.0000890784867806,0.0000559532672924,0.0000581858112128,0.0000255836566794,0.0000385114908568,0.0000253224079643,0.000026629477361,0.0000206575696211,0.0000180670213012,0.0000138590385177,0.0000143302067954,0.0000144067789734,0.00000659658144286,0.00000961337809713,0.00000792872015154,0.00000667206768412,0.00000479378331875,0.00000460520050183,0.00000352853544427,0.00000284487509816,0.00000229210263569,0.0000017712495719,0.00000175787420176,0.00000204564253181,0.00000190569392089,0.00000152119901031,0.0000010715772305,9.36679839469e-7,7.80244192811e-7,6.64979211251e-7,4.41485155989e-7,3.6541896975e-7],"dmean2":[0.00152220495511,0.00122698291671,0.000786349002738,0.000822488276754,0.000438205548562,0.000202405761229,0.00023467768915,0.000295027828543,0.000117955132737,0.0000770269543864,0.0000860821965034,0.0000366218009731,0.0000551124612684,0.0000369013650925,0.0000399917880713,0.0000312711308652,0.0000280651784124,0.000022678197638,0.0000235925272136,0.0000238019238168,0.0000103536021925,0.0000155744019139,0.0000128321507873,0.000010883685718,0.00000765005279391,0.00000730616829969,0.00000554639564143,0.00000451304822491,0.00000358553211299,0.0000027716855584,0.00000271699218501,0.00000316045907311,0.00000284358748104,0.00000225338499149,0.00000160092122314,0.00000138170469199,0.00000116559556318,0.00000100072475107,6.60935995711e-7,5.42274960935e-7],"dvar":[0.0000141423470268,0.00000513456552653,6.23765799901e-7,9.54000483944e-7,3.27134699774e-7,6.04857746112e-8,2.28573156846e-7,3.30060345277e-7,5.08711330838e-8,2.5541375237e-8,3.84910876505e-8,8.02450372817e-9,1.50430619072e-8,4.32094759972e-9,4.31508251353e-9,2.49179099576e-9,2.16092632677e-9,1.01048436285e-9,1.00077579557e-9,1.13277875968e-9,2.21657345256e-10,4.06474021108e-10,3.06685538076e-10,2.35375913205e-10,1.36021291453e-10,1.74007613873e-10,7.7479231364e-11,5.17243470277e-11,3.25858263983e-11,2.54807754757e-11,3.36328673245e-11,6.05897554351e-11,5.7437939821e-11,3.75949306408e-11,1.97427456328e-11,1.98133488782e-11,1.41531656186e-11,6.98384189021e-12,1.63318035311e-12,9.43951947857e-13],"dvar2":[0.0000262702287728,0.0000140395259223,0.00000165327833201,0.00000244279021899,7.18113369658e-7,1.34963556775e-7,4.92272306474e-7,5.94577613811e-7,8.83557405018e-8,4.8089038529e-8,1.000321177e-7,1.49433567742e-8,2.85398531474e-8,8.41826963693e-9,9.31526145109e-9,5.42915756796e-9,5.07028508068e-9,2.55150589545e-9,2.6919477758e-9,2.9634783516e-9,5.1067183815e-10,1.01881048042e-9,7.4011202722e-10,6.24056251119e-10,3.35161343124e-10,4.16029544148e-10,1.84474782672e-10,1.27807361916e-10,8.0023501714e-11,6.29843052713e-11,7.59490179081e-11,1.36304842413e-10,1.21301677036e-10,8.27841406537e-11,4.23621103474e-11,4.10306025267e-11,2.96748216277e-11,1.41999901421e-11,3.39834692505e-12,2.01806106548e-12],"max":[0.0401275195181,0.0293479878455,0.010330834426,0.0231513828039,0.0125615242869,0.00546248815954,0.0176773332059,0.018630169332,0.00886155664921,0.00605220207945,0.00545477773994,0.00483622029424,0.00493228016421,0.00249477243051,0.00241202046163,0.00121046730783,0.0015809162287,0.000966362422332,0.000713836285286,0.00143181975,0.000556350976694,0.000429314852227,0.000443294615252,0.000305247929646,0.000329916365445,0.000493458937854,0.000353844341589,0.000225589843467,0.000179173279321,0.000179524751729,0.000229804529226,0.000282668333966,0.000301226449665,0.000204435869819,0.000130710162921,0.000168190614204,0.000137683862704,0.0000975247749011,0.0000478911460959,0.0000381699828722],"mean":[0.00135427841451,0.00123870745301,0.00097896985244,0.00111662375275,0.000711550936103,0.000333785632392,0.000359056924935,0.000562267261557,0.000242277470534,0.000130505955894,0.000117380070151,0.0000527884949406,0.0000857569393702,0.0000543184723938,0.000055150307162,0.0000404175189033,0.0000382445286959,0.0000274147660093,0.0000259838743659,0.0000273654623015,0.0000143103334267,0.0000195263128262,0.0000138963496283,0.0000130078551592,0.00000978561365628,0.0000088849774329,0.00000647899150863,0.00000483140001961,0.00000410749953517,0.00000275025490737,0.0000024657351787,0.00000284813290818,0.0000028078111427,0.00000216434636968,0.00000154831536747,0.00000135300865622,0.00000111366045985,8.47168223572e-7,5.33096340405e-7,4.10534312323e-7],"median":[0.000219365465455,0.000876949343365,0.000612322124653,0.000617577927187,0.000370292167645,0.000174480315764,0.000117489944387,0.000107339808892,0.0000683719335939,0.0000310994219035,0.0000264790123765,0.0000131051765493,0.00001548219916,0.0000108553304017,0.0000138266841532,0.0000126580916913,0.00001126630832,0.00000839669701236,0.00000749756054574,0.00000772967177909,0.000004947331945,0.00000652941162116,0.00000435275705968,0.00000463374863102,0.00000316427940561,0.00000222319499699,0.0000020350403247,0.00000132265518005,0.00000100341890175,5.25375355664e-7,3.87184996953e-7,4.20423646119e-7,3.88626887116e-7,2.63166953118e-7,1.78860688038e-7,1.53905347133e-7,1.17862214211e-7,8.18361343136e-8,5.87674762187e-8,4.53397497324e-8],"min":[5.6494800005e-16,2.35513529929e-15,2.87417421948e-15,1.62596169269e-15,5.73214935736e-15,6.21776012228e-15,6.22709442536e-15,3.10741469414e-15,1.17674263956e-15,4.56326294839e-16,2.55588549592e-15,2.45131991386e-15,1.69049512124e-15,1.89503949608e-15,3.2675509315e-15,2.47674784294e-15,1.69923036027e-15,1.83387609399e-15,2.56316892048e-15,1.48246266472e-15,4.93473348257e-16,4.01326857387e-16,3.71177434314e-16,7.42383879506e-16,9.38660842203e-16,5.56752532769e-16,8.09696952549e-16,5.91111894879e-16,6.26058409639e-16,1.24581087074e-15,1.77042464415e-15,1.61824056386e-15,3.63255458089e-15,3.87664110069e-15,1.42383206055e-14,1.60099560833e-14,1.77369105731e-14,2.51085044818e-14,2.96984320274e-14,9.04780536517e-14],"var":[0.000020275303541,0.0000043878753786,0.00000119201649795,0.00000241310999627,0.00000104080413621,1.92173246205e-7,5.98487076786e-7,0.00000160527815751,2.90720151952e-7,1.18674456928e-7,1.11413939408e-7,2.35211778943e-8,6.11419679331e-8,1.55073287544e-8,1.36493865099e-8,7.8047985852e-9,6.97750834888e-9,2.81282352965e-9,2.15414486249e-9,2.92313928618e-9,6.99124369508e-10,1.20253629277e-9,7.26248339245e-10,5.47558165476e-10,3.32457700258e-10,3.76347480957e-10,1.61627461415e-10,9.00336472043e-11,6.66113414427e-11,3.91022977886e-11,6.28847252049e-11,1.08131559262e-10,1.27439447883e-10,7.7179887481e-11,4.09087555497e-11,4.03331534837e-11,2.94547650159e-11,1.50131573839e-11,3.19662156988e-12,1.66151543479e-12]},"melbands_crest":{"dmean":2.85537624359,"dmean2":4.39831209183,"dvar":9.06042194366,"dvar2":19.4110774994,"max":37.6841468811,"mean":14.1685705185,"median":13.151052475,"min":3.562469244,"var":30.5944366455},"melbands_flatness_db":{"dmean":0.0247663389891,"dmean2":0.0349282957613,"dvar":0.000707140658051,"dvar2":0.00133397046011,"max":0.544792175293,"mean":0.232489153743,"median":0.229469507933,"min":0.0404154472053,"var":0.00542909605429},"melbands_kurtosis":{"dmean":9.94342899323,"dmean2":15.3260812759,"dvar":482.908325195,"dvar2":1106.22766113,"max":517.561889648,"mean":21.2448387146,"median":10.5659446716,"min":-1.87489891052,"var":1057.18640137},"melbands_skewness":{"dmean":0.729143381119,"dmean2":1.073808074,"dvar":0.989276885986,"dvar2":2.02322077751,"max":18.1900100708,"mean":2.99606728554,"median":2.55217909813,"min":-2.57846999168,"var":4.01128339767},"melbands_spread":{"dmean":4.80945444107,"dmean2":7.11942720413,"dvar":106.7395401,"dvar2":203.20135498,"max":268.12677002,"mean":17.6640205383,"median":12.3403358459,"min":0.488082617521,"var":385.116821289},"mfcc":{"cov":[[9114.06933594,-249.651000977,-758.755493164,-123.945922852,-214.020828247,66.1718292236,-83.1140899658,84.9571762085,-47.8995399475,118.950843811,71.0052261353,81.8355865479,62.789516449],[-249.651000977,1574.29382324,-344.491577148,37.0281066895,13.5542087555,-116.681091309,-12.3043661118,-0.701539099216,-30.5061283112,13.90239048,4.51187086105,-8.41262626648,-22.0496025085],[-758.755493164,-344.491577148,1013.57452393,167.064834595,125.628433228,47.3029098511,18.8166923523,7.99705457687,-11.5965747833,-34.1677894592,8.86373329163,-50.8172683716,-54.0581970215],[-123.945922852,37.0281066895,167.064834595,323.929199219,108.348457336,45.8200416565,7.11803627014,-4.4836359024,8.8979101181,-7.03333806992,-2.34464550018,-10.2327709198,-2.87694048882],[-214.020828247,13.5542087555,125.628433228,108.348457336,212.62991333,51.1509170532,25.0190467834,-11.5294971466,20.1138038635,-7.31264066696,-5.98813533783,-9.91614723206,-13.3097162247],[66.1718292236,-116.681091309,47.3029098511,45.8200416565,51.1509170532,148.696060181,57.9546356201,5.29998159409,11.0501470566,-2.18699789047,-2.39811611176,-0.492929965258,-4.99128246307],[-83.1140899658,-12.3043661118,18.8166923523,7.11803627014,25.0190467834,57.9546356201,134.310150146,27.866853714,21.2759838104,-5.15965986252,6.66572809219,6.59306049347,-5.04771471024],[84.9571762085,-0.701539099216,7.99705457687,-4.4836359024,-11.5294971466,5.29998159409,27.866853714,100.461090088,10.9082841873,12.5363254547,8.18105888367,-5.01599407196,3.75196790695],[-47.8995399475,-30.5061283112,-11.5965747833,8.8979101181,20.1138038635,11.0501470566,21.2759838104,10.9082841873,115.168205261,18.8356609344,4.85809850693,15.5830593109,3.2401945591],[118.950843811,13.90239048,-34.1677894592,-7.03333806992,-7.31264066696,-2.18699789047,-5.15965986252,12.5363254547,18.8356609344,89.4468765259,29.3929958344,11.577794075,6.81137418747],[71.0052261353,4.51187086105,8.86373329163,-2.34464550018,-5.98813533783,-2.39811611176,6.66572809219,8.18105888367,4.85809850693,29.3929958344,85.4117202759,28.2762260437,11.983710289],[81.8355865479,-8.41262626648,-50.8172683716,-10.2327709198,-9.91614723206,-0.492929965258,6.59306049347,-5.01599407196,15.5830593109,11.577794075,28.2762260437,82.6704940796,28.5908641815],[62.789516449,-22.0496025085,-54.0581970215,-2.87694048882,-13.3097162247,-4.99128246307,-5.04771471024,3.75196790695,3.2401945591,6.81137418747,11.983710289,28.5908641815,79.3964004517]],"icov":[[0.000126799015561,0.0000374097144231,0.000105150793388,-0.0000268019357463,0.0000711784014129,-0.000130671993247,0.000129318766994,-0.000133728273795,0.0000906989880605,-0.0000980699624051,-0.0000707358267391,-0.0000630562353763,0.0000370878988178],[0.0000374097144231,0.000800759880804,0.000378477328923,-0.000296142621664,-0.000251291814493,0.000750282255467,-0.000233708065934,-0.000090915367764,0.000313146796543,-0.000113690701255,-0.000159182774951,0.000093438597105,0.000421591248596],[0.000105150793388,0.000378477328923,0.00143666437361,-0.000589486793615,-0.000484188465634,0.000140804593684,0.0000295353638649,-0.000322609732393,0.000309640832711,0.000350054702722,-0.00069636059925,0.00051994464593,0.000798777211457],[-0.0000268019357463,-0.000296142621664,-0.000589486793615,0.00407309597358,-0.00157661444973,-0.000956658041105,0.000532331992872,0.00000782603001426,-0.000216664571781,0.000115583177831,0.0000511946709594,0.000138321775012,-0.000664394290652],[0.0000711784014129,-0.000251291814493,-0.000484188465634,-0.00157661444973,0.00650238990784,-0.00161840510555,-0.000381017220207,0.00093165790895,-0.00102673994843,0.0000613549200352,0.00021551278769,0.000271165714366,0.000313632917823],[-0.000130671993247,0.000750282255467,0.000140804593684,-0.000956658041105,-0.00161840510555,0.00973477307707,-0.00405844533816,0.00045813669567,0.000313432799885,-0.000429412786616,0.00051043118583,0.0000959003955359,0.000346387532772],[0.000129318766994,-0.000233708065934,0.0000295353638649,0.000532331992872,-0.000381017220207,-0.00405844533816,0.0102635873482,-0.00280758412555,-0.00129712338094,0.00142952858005,-0.000943226332311,-0.00103006244171,0.000782003160566],[-0.000133728273795,-0.000090915367764,-0.000322609732393,0.00000782603001426,0.00093165790895,0.00045813669567,-0.00280758412555,0.0114048542455,-0.000854241312481,-0.0013907259563,-0.000590793555602,0.00189846905414,-0.00111162662506],[0.0000906989880605,0.000313146796543,0.000309640832711,-0.000216664571781,-0.00102673994843,0.000313432799885,-0.00129712338094,-0.000854241312481,0.00990009307861,-0.00221865880303,0.000770656391978,-0.00191571819596,0.000383545149816],[-0.0000980699624051,-0.000113690701255,0.000350054702722,0.000115583177831,0.0000613549200352,-0.000429412786616,0.00142952858005,-0.0013907259563,-0.00221865880303,0.0136911300942,-0.00457845861092,0.000200969370781,-0.0000369236404367],[-0.0000707358267391,-0.000159182774951,-0.00069636059925,0.0000511946709594,0.00021551278769,0.00051043118583,-0.000943226332311,-0.000590793555602,0.000770656391978,-0.00457845861092,0.015214481391,-0.00478785391897,-0.000635319564026],[-0.0000630562353763,0.000093438597105,0.00051994464593,0.000138321775012,0.000271165714366,0.0000959003955359,-0.00103006244171,0.00189846905414,-0.00191571819596,0.000200969370781,-0.00478785391897,0.0163575019687,-0.00477566150948],[0.0000370878988178,0.000421591248596,0.000798777211457,-0.000664394290652,0.000313632917823,0.000346387532772,0.000782003160566,-0.00111162662506,0.000383545149816,-0.0000369236404367,-0.000635319564026,-0.00477566150948,0.0151823023334]],"mean":[-674.467956543,137.409835815,2.95986294746,31.176651001,4.93702840805,1.66894936562,-5.35281181335,-1.25167191029,-7.30592393875,-0.346813052893,-1.04337620735,-1.41477549076,-2.39198255539]},"pitch_salience":{"dmean":0.0610639601946,"dmean2":0.0966164544225,"dvar":0.00355620356277,"dvar2":0.00840581394732,"max":0.852100014687,"mean":0.557934641838,"median":0.565596342087,"min":0.0765298083425,"var":0.0114485006779},"silence_rate_20dB":{"dmean":0,"dmean2":0,"dvar":0,"dvar2":0,"max":1,"mean":1,"median":1,"min":1,"var":0},"silence_rate_30dB":{"dmean":0.0215897932649,"dmean2":0.0431834422052,"dvar":0.0211264528334,"dvar2":0.0597017705441,"max":1,"mean":0.987600386143,"median":1,"min":0,"var":0.0122451065108},"silence_rate_60dB":{"dmean":0.0165938083082,"dmean2":0.0331905782223,"dvar":0.0163178220391,"dvar2":0.0356554389,"max":1,"mean":0.0679750218987,"median":0,"min":0,"var":0.0633510202169},"spectral_centroid":{"dmean":194.208023071,"dmean2":287.571380615,"dvar":94693.5,"dvar2":179183.09375,"max":11325.0244141,"mean":1017.60125732,"median":845.44519043,"min":157.465911865,"var":459977.1875},"spectral_complexity":{"dmean":2.67374420166,"dmean2":4.19682359695,"dvar":14.9130048752,"dvar2":33.193572998,"max":51,"mean":15.1063337326,"median":14,"min":0,"var":73.9797058105},"spectral_contrast_coeffs":{"dmean":[0.0458995215595,0.0387630350888,0.0351821295917,0.0308791846037,0.02493731305,0.0218086000532],"dmean2":[0.0745540261269,0.0618005916476,0.0540802516043,0.047940980643,0.0371493734419,0.03300685063],"dvar":[0.0015162389027,0.00113892718218,0.000947125139646,0.000711302971467,0.000526482821442,0.000443128257757],"dvar2":[0.00381526304409,0.00281178415753,0.00215488113463,0.00160421023611,0.00105311837979,0.00100596749689],"max":[-0.29432836175,-0.29111084342,-0.419577032328,-0.483387559652,-0.526982426643,-0.565068483353],"mean":[-0.601239025593,-0.689691901207,-0.725300312042,-0.737741112709,-0.756406962872,-0.764458179474],"median":[-0.600716233253,-0.69202876091,-0.729774951935,-0.740960478783,-0.762979149818,-0.766199052334],"min":[-0.964022517204,-0.963632583618,-0.971061468124,-0.955148994923,-0.957170009613,-0.961368501186],"var":[0.00794734619558,0.0059971390292,0.00649102032185,0.00578183168545,0.00412456830963,0.00230172858573]},"spectral_contrast_valleys":{"dmean":[0.385067999363,0.300506025553,0.325912952423,0.322276473045,0.332635194063,0.486985176802],"dmean2":[0.615230083466,0.480584800243,0.505582153797,0.477909207344,0.442363202572,0.56276255846],"dvar":[0.13908855617,0.0926096886396,0.115367926657,0.127972260118,0.157640382648,0.250865846872],"dvar2":[0.293212205172,0.196879088879,0.236119940877,0.233364701271,0.275917977095,0.377968460321],"max":[-4.94809436798,-4.57208395004,-5.41142416,-5.76662492752,-5.71432113647,-7.64220809937],"mean":[-7.42865753174,-6.98785114288,-8.1245880127,-8.50196743011,-8.29140949249,-10.8424282074],"median":[-7.28513240814,-6.84727334976,-7.98249292374,-8.36688804626,-8.15672016144,-10.8134593964],"min":[-27.292137146,-27.1640777588,-27.4181308746,-27.3537216187,-27.3139533997,-27.1831455231],"var":[1.37731468678,1.49555540085,1.57432293892,1.57436299324,1.66452646255,1.99163341522]},"spectral_decrease":{"dmean":2.09346118218e-9,"dmean2":3.0665230355e-9,"dvar":1.63835461851e-17,"dvar2":3.19329237358e-17,"max":1.03790493978e-16,"mean":-6.6296865775e-9,"median":-4.95076601936e-9,"min":-4.44014602863e-8,"var":3.76263648786e-17},"spectral_energy":{"dmean":0.00822373479605,"dmean2":0.0120271723717,"dvar":0.000243274727836,"dvar2":0.000475689826999,"max":0.170351132751,"mean":0.0264820810407,"median":0.0199613757432,"min":1.22676313552e-10,"var":0.000575088779442},"spectral_energyband_high":{"dmean":0.000337104080245,"dmean2":0.000472443731269,"dvar":6.97594657595e-7,"dvar2":0.00000120647473523,"max":0.0172903649509,"mean":0.000585593108553,"median":0.000119735246699,"min":8.3512759208e-11,"var":0.00000212168083635},"spectral_energyband_low":{"dmean":0.00484707253054,"dmean2":0.00710819801316,"dvar":0.000202818104299,"dvar2":0.000388715910958,"max":0.156750559807,"mean":0.00846854038537,"median":0.0042635621503,"min":1.29154050668e-14,"var":0.000308994523948},"spectral_energyband_middle_high":{"dmean":0.00104358443059,"dmean2":0.00151697045658,"dvar":0.00000315975762533,"dvar2":0.00000634089064988,"max":0.0643762722611,"mean":0.00386593234725,"median":0.00176387955435,"min":1.97850755419e-13,"var":0.0000272235811281},"spectral_energyband_middle_low":{"dmean":0.0041919471696,"dmean2":0.00637142173946,"dvar":0.0000366721542377,"dvar2":0.0000848627532832,"max":0.110197342932,"mean":0.0145092271268,"median":0.011058148928,"min":1.11483820222e-13,"var":0.000158011185704},"spectral_entropy":{"dmean":0.220057755709,"dmean2":0.293463230133,"dvar":0.0598554983735,"dvar2":0.100701548159,"max":9.80398273468,"mean":7.18051958084,"median":7.15625572205,"min":4.87090396881,"var":0.297720402479},"spectral_flux":{"dmean":0.0226260777563,"dmean2":0.0354701243341,"dvar":0.00114359299187,"dvar2":0.00259903026745,"max":0.374679476023,"mean":0.0670804828405,"median":0.0538535043597,"min":0.0000152296406668,"var":0.00251776375808},"spectral_kurtosis":{"dmean":2.28952932358,"dmean2":3.72658729553,"dvar":6.73973083496,"dvar2":16.9861087799,"max":48.736366272,"mean":5.92709064484,"median":5.07253789902,"min":-1.16845202446,"var":16.4614429474},"spectral_rms":{"dmean":0.000694843649399,"dmean2":0.00099855219014,"dvar":0.0000010921609146,"dvar2":0.00000201129478228,"max":0.0128917116672,"mean":0.00461866240948,"median":0.00441299378872,"min":3.45954049408e-7,"var":0.00000450416519016},"spectral_rolloff":{"dmean":356.545074463,"dmean2":589.062927246,"dvar":1146773.25,"dvar2":2649507.25,"max":21145.6054688,"mean":1138.38256836,"median":602.9296875,"min":21.533203125,"var":2579401.75},"spectral_skewness":{"dmean":0.275358170271,"dmean2":0.430966973305,"dvar":0.0772472247481,"dvar2":0.171971797943,"max":5.14774036407,"mean":1.75844883919,"median":1.72731328011,"min":-0.408688247204,"var":0.327238440514},"spectral_spread":{"dmean":753440.625,"dmean2":1031057.25,"dvar":854599532544,"dvar2":1655841095680,"max":38867160,"mean":4316276,"median":3754077.5,"min":1444888.5,"var":3938001092610},"spectral_strongpeak":{"dmean":0.354771584272,"dmean2":0.588272929192,"dvar":0.358250230551,"dvar2":0.85414403677,"max":10.481048584,"mean":0.875658929348,"median":0.474443614483,"min":0,"var":0.982355594635},"zerocrossingrate":{"dmean":0.00971687957644,"dmean2":0.0112737296149,"dvar":0.000211480859434,"dvar2":0.000245427363552,"max":0.71484375,"mean":0.0470596849918,"median":0.03857421875,"min":0.00390625,"var":0.00159796932712}},"metadata":{"audio_properties":{"analysis_sample_rate":44100,"bit_rate":0,"codec":"flac","downmix":"mix","equal_loudness":0,"length":260.266662598,"lossless":true,"md5_encoded":"4f7a114cb6ff704dd25b3adbe3d972d5","replay_gain":-12.4185523987},"tags":{"album":["Long Road Out of Eden"],"album artist":["Eagles"],"albumartist":["Eagles"],"albumartist_credit":["Eagles"],"albumartistsort":["Eagles"],"artist":["Eagles"],"artist_credit":["Eagles"],"artistsort":["Eagles"],"asin":["B000VXUWCC"],"barcode":["602517494060"],"bpm":["0"],"catalognumber":["1749406"],"compilation":["0"],"date":["2007-10-29"],"disc":["2"],"discc":["2"],"discnumber":["2"],"disctotal":["2"],"file_name":"02-09. It's Your World Now.flac","genre":["Classic Rock"],"label":["Universal Music UK"],"language":["eng"],"media":["CD"],"musicbrainz_albumartistid":["f46bd570-5768-462e-b84c-c7c993bbf47e"],"musicbrainz_albumid":["b5efcd56-76e7-4be8-b0c0-12c3d00b42ed"],"musicbrainz_albumstatus":["Official"],"musicbrainz_albumtype":["album"],"musicbrainz_artistid":["f46bd570-5768-462e-b84c-c7c993bbf47e"],"musicbrainz_recordingid":["ecb0d1af-3d03-47eb-bddc-a42bef9d118c"],"musicbrainz_releasegroupid":["82e10fc2-3863-39d8-b91e-8f59f0cb7a03"],"originaldate":["2007-10-29"],"publisher":["Universal Music UK"],"releasecountry":["GB"],"releasestatus":["official"],"releasetype":["album"],"replaygain_album_gain":["-7.49 dB"],"replaygain_album_peak":["1.000000"],"replaygain_reference_loudness":["89.0 dB"],"replaygain_track_gain":["-6.74 dB"],"replaygain_track_peak":["1.000000"],"script":["Latn"],"title":["It's Your World Now"],"totaldiscs":["2"],"totaltracks":["10"],"track":["9"],"trackc":["10"],"tracknumber":["9"],"tracktotal":["10"],"year":["2007"]},"version":{"essentia":"2.1-beta1","essentia_build_sha":"12879b851c9f4b0d899e1af4e221aa110f283a84","essentia_git_sha":"v2.1_beta