{"lowlevel":{"average_loudness":0.911486744881,"barkbands":{"dmean":[0.0000104651262518,0.00708783557639,0.00401309970766,0.00174442655407,0.00430710427463,0.0011363576632,0.000106277278974,0.0000360564117727,0.0000103895172288,0.00000202272053684,3.86980104849e-7,1.51640378476e-7,2.90456014795e-8,1.13929674583e-8,6.5941887506e-9,5.31228083744e-9,4.02683530965e-9,3.56437790394e-9,3.22543147746e-9,2.82267498264e-9,2.60935695273e-9,2.20650409055e-9,1.8606338692e-9,1.77242132082e-9,1.70416936118e-9,1.66798552748e-9,1.78067549594e-9],"dmean2":[0.0000194611020561,0.0134572908282,0.00737833185121,0.0023380194325,0.00654821051285,0.00160230568144,0.000166083831573,0.0000574439181946,0.0000171710125869,0.00000349105948771,6.58128158193e-7,2.56788723618e-7,4.98849246355e-8,2.02388807935e-8,1.20317160679e-8,9.75621361476e-9,7.50257367343e-9,6.68567379236e-9,6.04974204066e-9,5.30570920532e-9,4.91057505769e-9,4.15419565414e-9,3.50288686946e-9,3.3393379173e-9,3.21355586586e-9,3.14584425176e-9,3.35861605194e-9],"dvar":[5.53715573393e-10,0.000115458577056,0.0000233007231145,0.00000661627427689,0.0000537057967449,0.0000105090412035,1.15920201438e-7,1.40684797145e-8,7.26709747934e-10,2.92878082897e-11,1.11864770919e-12,2.52574409955e-13,8.09941713307e-15,4.82292195716e-16,8.72375577466e-17,4.26172352051e-17,2.28436944202e-17,1.88209744807e-17,1.53128402915e-17,1.20500743417e-17,1.03696974592e-17,7.4557560553e-18,5.29761784891e-18,4.82976490804e-18,4.49526464885e-18,4.31063421382e-18,4.91555718604e-18],"dvar2":[1.91491755785e-9,0.00042664250941,0.0000801391361165,0.00001145668557,0.000146229474922,0.0000208250166907,2.75283554174e-7,3.26896696379e-8,1.85755033577e-9,8.55361059759e-11,3.19899185267e-12,7.05639919326e-13,2.17801952418e-14,1.36597848206e-15,2.69407034506e-16,1.37134806214e-16,7.83203191327e-17,6.47948573263e-17,5.27853164889e-17,4.14938709937e-17,3.56904975474e-17,2.56641702052e-17,1.82322286797e-17,1.66175737784e-17,1.54561526413e-17,1.48210979609e-17,1.68995877733e-17],"max":[0.000883931817953,0.138080626726,0.0664050430059,0.118287965655,0.14296489954,0.0943458974361,0.0102092381567,0.00433211959898,0.000863062567078,0.000124670128571,0.0000267714622169,0.0000192234947463,0.0000045554575081,8.38289565763e-7,3.71640993535e-7,1.67698985365e-7,5.90062754213e-8,5.14480085201e-8,4.55319373316e-8,3.99546955521e-8,3.75541127084e-8,3.16000523526e-8,2.63083403951e-8,2.52558756131e-8,2.37950956716e-8,2.31799983652e-8,2.4631839679e-8],"mean":[0.0000115496122817,0.0121451746672,0.00643903901801,0.00528307631612,0.00950110331178,0.0023710122332,0.000180018309038,0.0000564079673495,0.0000186316028703,0.00000337366873282,6.67677909405e-7,2.66824315531e-7,4.72942573992e-8,1.85071442615e-8,8.79565664746e-9,7.60883089868e-9,4.99900520978e-9,3.96586763429e-9,3.69568153857e-9,2.9924365208e-9,2.73650346827e-9,2.23941420963e-9,1.89904159065e-9,1.77854853067e-9,1.5281538257e-9,1.4312768748e-9,1.45787792949e-9],"median":[0.00000419997195422,0.00562888290733,0.00409539230168,0.0018013685476,0.003492558375,0.000143434823258,0.0000119276382975,0.00000595237634116,0.00000130553507915,1.79297018121e-7,4.48676438225e-8,2.21266311939e-8,1.0311095977e-8,6.41653841171e-9,4.48545467435e-9,4.74646411064e-9,3.47137052437e-9,2.64120414428e-9,2.61412447244e-9,1.91061344523e-9,1.71767022827e-9,1.33527944257e-9,1.13995979323e-9,1.03690089848e-9,7.68874519608e-10,6.83746281815e-10,6.5981498043e-10],"min":[8.02973478904e-25,2.91186131994e-24,7.46318228248e-25,9.63113672474e-25,8.84256513426e-24,7.72202529485e-24,7.28690618561e-24,8.77484536985e-24,2.10577015427e-23,1.52249413178e-23,1.2154443817e-23,1.67955996677e-23,1.82244381818e-23,3.40258364507e-23,4.73339798752e-23,3.20625099635e-23,4.54165272273e-23,9.62445708447e-23,1.03043971246e-22,2.0297253514e-22,2.39254141437e-22,3.50460330252e-22,3.59371732178e-22,5.64992833097e-22,9.50443044624e-22,1.26613291053e-21,1.85245603763e-21],"var":[6.48820164262e-10,0.000278936990071,0.0000465898265247,0.0000824985036161,0.000198465946596,0.0000348900794052,2.789697362e-7,2.88289534467e-8,1.97093674714e-9,5.93619806089e-11,2.41674909252e-12,5.49256657951e-13,1.53098376126e-14,1.33813883842e-15,1.6897915545e-16,8.42626787742e-17,2.50416506198e-17,1.7571630662e-17,1.45301272543e-17,1.09248969504e-17,9.3617646479e-18,6.65939784673e-18,4.7396609511e-18,4.2804276458e-18,3.89836450139e-18,3.72845250459e-18,4.24723619654e-18]},"barkbands_crest":{"dmean":2.78613734245,"dmean2":4.79511880875,"dvar":5.2828335762,"dvar2":15.9515762329,"max":26.9096298218,"mean":15.9499902725,"median":15.3141012192,"min":5.21857881546,"var":22.4229602814},"barkbands_flatness_db":{"dmean":0.0620976351202,"dmean2":0.116202689707,"dvar":0.00269799539819,"dvar2":0.00977408792824,"max":0.944648385048,"mean":0.658513903618,"median":0.652536094189,"min":0.0593831315637,"var":0.00607522949576},"barkbands_kurtosis":{"dmean":13.798661232,"dmean2":26.1314182281,"dvar":13570.3818359,"dvar2":43678.671875,"max":6779.21679688,"mean":11.565117836,"median":1.62544894218,"min":-1.90508532524,"var":7768.06884766},"barkbands_skewness":{"dmean":0.78467798233,"dmean2":1.37179124355,"dvar":2.10185170174,"dvar2":6.8065071106,"max":51.9966125488,"mean":0.853078782558,"median":0.382687032223,"min":-5.0366024971,"var":4.93596792221},"barkbands_spread":{"dmean":0.267354667187,"dmean2":0.463206171989,"dvar":0.111371472478,"dvar2":0.304432153702,"max":33.9333648682,"mean":0.934293210506,"median":0.810249269009,"min":0.00522293709219,"var":1.02445888519},"dissonance":{"dmean":0.0835546925664,"dmean2":0.143714278936,"dvar":0.00470753619447,"dvar2":0.0129053080454,"max":0.500000298023,"mean":0.27427303791,"median":0.272793233395,"min":0.029888343066,"var":0.00954216718674},"dynamic_complexity":3.22585296631,"erbbands":{"dmean":[0.0641922801733,1.97375810146,4.72548770905,6.19886016846,8.23958110809,20.3379116058,7.96129655838,11.2091302872,4.94616270065,2.11966300011,0.437779814005,0.214693501592,0.0922705084085,0.0372754000127,0.0115882325917,0.00486369477585,0.00134822935797,0.000618001446128,0.000407504063332,0.000314198900014,0.000276611826848,0.000225113253691,0.000197152636247,0.000174705754034,0.000155095185619,0.00013275006495,0.000114035407023,0.0000961681216722,0.000079510093201,0.0000644792962703,0.0000504086710862,0.0000381096979254,0.0000273829191428,0.0000186456436495,0.0000119644755614,0.00000723458106222,0.00000381677000405,0.00000107881112399,0.00000590236959397,0.0000146323982335],"dmean2":[0.115323014557,3.75612664223,8.89350986481,9.6881275177,12.93891716,30.9611701965,8.70206165314,15.8950548172,8.01051616669,3.24118566513,0.702007889748,0.359467089176,0.159750923514,0.0635234192014,0.0194633137435,0.00812955666333,0.0022607720457,0.00108339008875,0.000729579769541,0.000575349957217,0.00050841801567,0.00041989836609,0.000369529501768,0.000327643065248,0.000290560594294,0.000249522650847,0.000214386789594,0.000180715782335,0.000149361934746,0.000120822740428,0.0000942856131587,0.0000709578671376,0.0000506284595758,0.000034024087654,0.0000213715738937,0.0000125704600578,0.00000650111223877,0.00000197986901185,0.0000103475176729,0.0000257935262198],"dvar":[0.00852181948721,8.99449253082,36.8600387573,72.4953079224,183.023849487,1486.36120605,232.58241272,1209.64929199,224.186706543,68.3592987061,1.31931591034,0.280536711216,0.059528876096,0.0109014203772,0.00107628561091,0.000264887348749,0.0000159900373546,0.00000141279360832,4.00634803555e-7,1.85403607134e-7,1.09014706595e-7,7.26266904394e-8,5.76106202743e-8,4.5303163887e-8,3.51848719049e-8,2.67376059071e-8,1.97111660327e-8,1.40651454927e-8,9.64170432383e-9,6.27689411559e-9,3.82628995155e-9,2.14202966475e-9,1.0732486011e-9,4.66356286921e-10,1.74214198623e-10,5.84952364324e-11,1.57823233649e-11,1.62656899668e-12,3.7208788134e-11,2.31453259336e-10],"dvar2":[0.0282360203564,33.3488388062,131.941818237,190.874633789,503.995941162,3930.41259766,265.890289307,2303.15258789,583.69519043,154.816268921,3.11915135384,0.754548966885,0.176922887564,0.0311237070709,0.00302795693278,0.000712384469807,0.0000404055645049,0.00000386002375308,0.00000114163970011,5.8434403627e-7,3.56967973403e-7,2.48840706263e-7,1.97952630288e-7,1.55886965558e-7,1.21157967214e-7,9.19848233139e-8,6.77428033669e-8,4.83143871577e-8,3.30422587069e-8,2.14735500492e-8,1.30275328303e-8,7.24750659487e-9,3.59135676753e-9,1.52995216496e-9,5.51587331366e-10,1.77115808131e-10,4.72367422955e-11,5.39826863766e-12,1.27744051448e-10,8.02262756228e-10],"max":[2.44844508171,36.8676757812,73.4699859619,305.745178223,220.441101074,800.270507812,583.063781738,1047.89733887,369.434173584,262.013763428,38.767288208,20.0058841705,5.28113985062,2.85568380356,1.05061423779,0.642973423004,0.232876911759,0.046815007925,0.0284522548318,0.0184151884168,0.00736661348492,0.0033296616748,0.00294340727851,0.00253536575474,0.00222928309813,0.00189684226643,0.00165352667682,0.00139053061139,0.00115141517017,0.000963483820669,0.00075465865666,0.000585857487749,0.000433608714957,0.000306763657136,0.000217677501496,0.000144529374666,0.0000781589042163,0.00001723314017,0.000102601065009,0.00024766480783],"mean":[0.182178661227,3.31488752365,7.49478387833,16.2813110352,17.7422733307,41.7262573242,20.8859939575,21.0156898499,7.7538394928,3.33790946007,0.857583284378,0.401364356279,0.16217559576,0.0670176744461,0.02374394238,0.00967106502503,0.00271614058875,0.00115811743308,0.000654564588331,0.000455762579804,0.000419589923695,0.000294609257253,0.000232782855164,0.000201216185815,0.000184446791536,0.000143791359733,0.000124023994431,0.000106462524855,0.0000893178366823,0.0000786238888395,0.0000643521125312,0.0000552492529096,0.0000440407384303,0.0000351745729859,0.000027921218134,0.0000206692075153,0.0000119720943985,0.00000173327839548,0.0000162615524459,0.0000391918438254],"median":[0.0872048735619,1.56949555874,4.78352022171,7.90984249115,7.81927490234,11.2475681305,3.98878479004,1.1744312048,0.336395353079,0.193491488695,0.106759414077,0.0352758802474,0.0105489492416,0.00377904484048,0.00170881440863,0.000920413294807,0.000556652841624,0.000391882145777,0.00029842366348,0.000255311431829,0.000275388854789,0.000206399592571,0.000159418035764,0.000137926312163,0.000133614987135,0.000092855290859,0.0000799925328465,0.0000687193169142,0.0000570415577386,0.0000534633727511,0.0000438045462943,0.0000400499593525,0.0000326721783495,0.0000271325588983,0.0000224512823479,0.0000170426610566,0.00000996529252006,0.00000126924726374,0.0000135384434543,0.0000325972505379],"min":[1.83994902032e-22,4.30658782398e-22,1.66809856251e-21,5.06132106658e-21,1.20260751955e-20,2.75258598306e-20,6.04143057229e-20,8.17531938449e-20,1.19427613057e-19,2.73337102979e-19,3.55272728923e-19,4.47456217928e-19,4.3025285159e-19,5.86096186386e-19,8.92094851894e-19,8.86754470462e-19,1.46727871654e-18,2.197373244e-18,2.1829860916e-18,3.58588958037e-18,2.12532291751e-18,2.51410090734e-18,5.58400514777e-18,6.86970024567e-18,6.32318697804e-18,9.86703469019e-18,9.36874274355e-18,8.23224952146e-18,1.21561097973e-17,1.04963495643e-17,1.02004091566e-17,1.22876339962e-17,9.40884280528e-18,7.54200948649e-18,5.71200845243e-18,3.8921263188e-18,2.18675121096e-18,9.27607680145e-19,2.30893819514e-19,2.75120659476e-20],"var":[0.0629312992096,19.9830322266,63.3975067139,572.101318359,589.64630127,5270.36230469,1329.4967041,3468.64770508,456.238616943,143.06880188,4.17810297012,0.76331704855,0.126022666693,0.0239520575851,0.0030511803925,0.000672845926601,0.0000440440198872,0.00000483845951749,0.00000113951773528,3.71557149492e-7,2.13095063373e-7,8.2109480104e-8,5.58943824558e-8,4.2986290083e-8,3.43549793058e-8,2.44898519242e-8,1.81874906247e-8,1.31216530974e-8,9.13570818994e-9,6.2669704981e-9,3.98742772134e-9,2.47800868713e-9,1.4189204256e-9,7.81682107931e-10,4.15816464594e-10,2.01580516168e-10,6.49861900404e-11,2.35056635614e-12,1.22366311528e-10,7.172548111e-10]},"erbbands_crest":{"dmean":3.03989720345,"dmean2":5.04167366028,"dvar":6.16727256775,"dvar2":17.1290721893,"max":30.8069324493,"mean":17.3833675385,"median":17.0678367615,"min":2.51390171051,"var":20.7244853973},"erbbands_flatness_db":{"dmean":0.0421031303704,"dmean2":0.0772566869855,"dvar":0.0013206807198,"dvar2":0.00473973946646,"max":0.640565335751,"mean":0.503517866135,"median":0.509665489197,"min":0.0631668269634,"var":0.00289850821719},"erbbands_kurtosis":{"dmean":9.61725616455,"dmean2":17.4748210907,"dvar":483.491455078,"dvar2":1687.9699707,"max":401.318206787,"mean":16.185541153,"median":4.41930770874,"min":-1.44374632835,"var":1135.1463623},"erbbands_skewness":{"dmean":0.73285317421,"dmean2":1.26939034462,"dvar":0.949708282948,"dvar2":3.41362738609,"max":14.2592916489,"mean":1.24357485771,"median":0.884464263916,"min":-2.14777946472,"var":2.51767849922},"erbbands_spread":{"dmean":0.590786039829,"dmean2":0.994357705116,"dvar":0.501987576485,"dvar2":1.48839151859,"max":82.8998184204,"mean":2.14986515045,"median":1.86340558529,"min":0.342914909124,"var":7.83106851578},"gfcc":{"cov":[[4591.01318359,1581.75341797,-462.092651367,-1333.85205078,-1224.39880371,-670.745117188,-289.810638428,-282.718963623,-248.855224609,-159.153701782,-37.0037384033,33.2844924927,55.0716629028],[1581.75341797,1349.42736816,-68.7180404663,-1142.25927734,-973.217651367,-580.995361328,-239.268264771,-184.071914673,-167.197662354,-136.089294434,-24.2250137329,19.5752811432,54.0188179016],[-462.092651367,-68.7180404663,472.887969971,298.649414062,264.922698975,67.3502960205,16.7858409882,41.5729217529,32.2336463928,-18.2116374969,-21.9536685944,-43.7913856506,-9.41872787476],[-1333.85205078,-1142.25927734,298.649414062,1276.30126953,970.875488281,485.892028809,194.961471558,188.466567993,176.898147583,108.796936035,2.44340348244,-43.3883399963,-48.8500213623],[-1224.39880371,-973.217651367,264.922698975,970.875488281,899.953308105,521.174194336,214.315078735,159.900268555,151.478683472,110.027565002,28.623878479,-28.6697845459,-42.7002944946],[-670.745117188,-580.995361328,67.3502960205,485.892028809,521.174194336,369.873962402,168.270965576,101.177230835,85.4396362305,77.4885253906,30.9255638123,-4.10615110397,-26.0765399933],[-289.810638428,-239.268264771,16.7858409882,194.961471558,214.315078735,168.270965576,109.836791992,74.5430603027,52.3641014099,35.9360198975,15.494591713,-1.05748772621,-9.83724594116],[-282.718963623,-184.071914673,41.5729217529,188.466567993,159.900268555,101.177230835,74.5430603027,78.1651611328,65.096534729,36.7765426636,11.9657840729,-2.94608449936,-8.14228153229],[-248.855224609,-167.197662354,32.2336463928,176.898147583,151.478683472,85.4396362305,52.3641014099,65.096534729,75.0355529785,54.7759590149,26.4341678619,4.40740585327,-5.90175485611],[-159.153701782,-136.089294434,-18.2116374969,108.796936035,110.027565002,77.4885253906,35.9360198975,36.7765426636,54.7759590149,64.5639724731,44.4139862061,21.9682369232,0.658841431141],[-37.0037384033,-24.2250137329,-21.9536685944,2.44340348244,28.623878479,30.9255638123,15.494591713,11.9657840729,26.4341678619,44.4139862061,47.873134613,34.6800727844,14.9553766251],[33.2844924927,19.5752811432,-43.7913856506,-43.3883399963,-28.6697845459,-4.10615110397,-1.05748772621,-2.94608449936,4.40740585327,21.9682369232,34.6800727844,39.487449646,26.3500175476],[55.0716629028,54.0188179016,-9.41872787476,-48.8500213623,-42.7002944946,-26.0765399933,-9.83724594116,-8.14228153229,-5.90175485611,0.658841431141,14.9553766251,26.3500175476,30.1340255737]],"icov":[[0.000495812739246,-0.00113481946755,0.000603308028076,-0.000762067036703,0.000275390368188,-0.000339118734701,-0.000864593952429,0.00163374922704,-0.000211376274819,-0.000442042015493,0.000598442507908,-0.0000528896489413,0.0000548437383259],[-0.00113481946755,0.0125238578767,-0.00646785460413,0.0019035579171,0.0153791159391,-0.00647179828957,-0.000643240928184,0.0106952050701,-0.0178718622774,0.0215044748038,-0.0285224467516,0.0228549726307,-0.0102402446792],[0.000603308028076,-0.00646785460413,0.00996008701622,0.00100080762058,-0.0154724307358,0.0066412515007,0.0117834527045,-0.0223212353885,0.0165836550295,0.00197587092407,-0.010011904873,0.0130389677361,-0.00636285217479],[-0.000762067036703,0.0019035579171,0.00100080762058,0.0173051394522,-0.0335842855275,0.031293887645,-0.00344143458642,-0.0205631460994,0.0240151137114,-0.0323999039829,0.0447808764875,-0.0363408587873,0.0141222551465],[0.000275390368188,0.0153791159391,-0.0154724307358,-0.0335842855275,0.112000331283,-0.105783984065,0.0273466221988,0.0545064806938,-0.0931227579713,0.109642356634,-0.140009567142,0.121602617204,-0.0540127642453],[-0.000339118734701,-0.00647179828957,0.0066412515007,0.031293887645,-0.105783984065,0.139745980501,-0.0942577645183,0.00562102207914,0.0757702514529,-0.131047517061,0.161343991756,-0.142399981618,0.0689568817616],[-0.000864593952429,-0.000643240928184,0.0117834527045,-0.00344143458642,0.0273466221988,-0.0942577645183,0.180652335286,-0.1684371382,0.0516147054732,0.079986743629,-0.148629903793,0.137242779136,-0.0664010420442],[0.00163374922704,0.0106952050701,-0.0223212353885,-0.0205631460994,0.0545064806938,0.00562102207914,-0.1684371382,0.30503103137,-0.232829838991,0.0592655874789,0.0634864941239,-0.0899195447564,0.0472891777754],[-0.000211376274819,-0.0178718622774,0.0165836550295,0.0240151137114,-0.0931227579713,0.0757702514529,0.0516147054732,-0.232829838991,0.309260696173,-0.223517432809,0.0813966244459,0.00884217675775,-0.0185847878456],[-0.000442042015493,0.0215044748038,0.00197587092407,-0.0323999039829,0.109642356634,-0.131047517061,0.079986743629,0.0592655874789,-0.223517432809,0.38379830122,-0.363933652639,0.18702185154,-0.0406450219452],[0.000598442507908,-0.0285224467516,-0.010011904873,0.0447808764875,-0.140009567142,0.161343991756,-0.148629903793,0.0634864941239,0.0813966244459,-0.363933652639,0.602181434631,-0.489749968052,0.182648196816],[-0.0000528896489413,0.0228549726307,0.0130389677361,-0.0363408587873,0.121602617204,-0.142399981618,0.137242779136,-0.0899195447564,0.00884217675775,0.18702185154,-0.489749968052,0.578436493874,-0.291214585304],[0.0000548437383259,-0.0102402446792,-0.00636285217479,0.0141222551465,-0.0540127642453,0.0689568817616,-0.0664010420442,0.0472891777754,-0.0185847878456,-0.0406450219452,0.182648196816,-0.291214585304,0.207830026746]],"mean":[-354.465759277,232.23928833,63.3764343262,21.5977516174,-23.4514713287,-20.1763496399,-18.8930282593,-14.2218132019,-10.5187988281,-17.5014781952,-5.85954380035,-12.5774679184,0.560000240803]},"hfc":{"dmean":1.93494904041,"dmean2":3.17204380035,"dvar":4.62383794785,"dvar2":12.4006071091,"max":44.9861488342,"mean":5.66571998596,"median":4.10721445084,"min":1.08960306632e-16,"var":25.4966812134},"melbands":{"dmean":[0.00126942968927,0.0026261662133,0.000949441455305,0.00107004668098,0.000391186913475,0.000235960091231,0.0000723860357539,0.0000200759022846,0.00000304273362417,0.00000119763137718,4.54119344795e-7,1.63952250887e-7,4.63534597372e-8,2.00075032097e-8,7.07078751105e-9,2.00841632214e-9,1.11624154364e-9,7.23038073858e-10,4.73608263718e-10,3.92942511862e-10,3.14971854154e-10,2.41599351636e-10,1.98853766786e-10,1.65257849072e-10,1.40133377124e-10,1.20051635299e-10,1.01627282978e-10,8.53163650838e-11,7.32581009744e-11,6.27221330429e-11,5.39427565116e-11,4.64507182718e-11,4.00962422986e-11,3.49514965581e-11,3.02171065947e-11,2.63654566929e-11,2.31094691994e-11,2.020902716e-11,1.77954543462e-11,1.5726182509e-11],"dmean2":[0.00236953282729,0.00499453069642,0.00147173716687,0.00169951852877,0.000473002088256,0.000338851328706,0.000117204202979,0.0000308138114633,0.00000498387953485,0.00000201740272132,7.8846062479e-7,2.80188828583e-7,7.84632661066e-8,3.37942367423e-8,1.19141025934e-8,3.4691076678e-9,1.97569471894e-9,1.29320620879e-9,8.68181582181e-10,7.1977906968e-10,5.80453296539e-10,4.49947162862e-10,3.71935565679e-10,3.0993352329e-10,2.62740273982e-10,2.24801191551e-10,1.90477786322e-10,1.60410559835e-10,1.37728231597e-10,1.17966358903e-10,1.01437531985e-10,8.73915523281e-11,7.54660015034e-11,6.57144963445e-11,5.6880587046e-11,4.96310527398e-11,4.34986838216e-11,3.8067937691e-11,3.35330894996e-11,2.96530335009e-11],"dvar":[0.00000357261524186,0.0000129364752866,0.00000147720334098,0.00000345256057699,4.84184511151e-7,5.20734488418e-7,4.84335345163e-8,6.05940897458e-9,5.79157138914e-11,8.56456745801e-12,1.46082115588e-12,2.08920093682e-13,1.69351362903e-14,4.19267375199e-15,5.54632938697e-16,2.78673045553e-17,4.56246604259e-18,1.51956614723e-18,4.37593846882e-19,2.66971560425e-19,1.39500145823e-19,8.1905737582e-20,5.69331225773e-20,4.02890821988e-20,2.88689652696e-20,2.08488126896e-20,1.51462860922e-20,1.10309591472e-20,8.0838834535e-21,5.95684868894e-21,4.41031699981e-21,3.28203557609e-21,2.45774706645e-21,1.84619018488e-21,1.39663579829e-21,1.0618859422e-21,8.13275153117e-22,6.28053490336e-22,4.87794980643e-22,3.82344396723e-22],"dvar2":[0.0000128754563775,0.0000477032444905,0.00000372971385332,0.0000101096320577,7.72254111325e-7,0.00000103047466382,1.26138445466e-7,1.36977025278e-8,1.41824621491e-10,2.3480042563e-11,4.34380873285e-12,5.98230286922e-13,4.80959774774e-14,1.17492566918e-14,1.46549140671e-15,7.28344374579e-17,1.28994192588e-17,4.30301629397e-18,1.38338409426e-18,8.35545941787e-19,4.62182876265e-19,2.80380804389e-19,1.95768874347e-19,1.38777164118e-19,9.95038758671e-20,7.1876825352e-20,5.21999111018e-20,3.79851806289e-20,2.7828724257e-20,2.05119433851e-20,1.51929652513e-20,1.13004867409e-20,8.46269663113e-21,6.3596925135e-21,4.80723687024e-21,3.65475374931e-21,2.79958733058e-21,2.16150634529e-21,1.67821799447e-21,1.31464152007e-21],"max":[0.0324580259621,0.0440793000162,0.0452012531459,0.0367333777249,0.0175128504634,0.0214345883578,0.00542965019122,0.0024830289185,0.000232698337641,0.000105772087409,0.0000249503318628,0.0000121680241136,0.00000377925471184,0.00000247754337579,0.00000109478435206,2.81862782003e-7,8.14383298575e-8,5.93108531177e-8,2.73814144691e-8,1.8316741901e-8,7.39688355011e-9,3.48181794507e-9,2.89622437144e-9,2.40818009978e-9,1.99262029099e-9,1.70455427551e-9,1.43491407645e-9,1.2045670017e-9,1.05071695788e-9,8.93709162231e-10,7.64531937758e-10,6.52508935772e-10,5.71241831615e-10,5.03959873832e-10,4.27708979345e-10,3.72414987737e-10,3.29607924288e-10,2.8793456508e-10,2.5151505878e-10,2.1904862646e-10],"mean":[0.0026896558702,0.00431041326374,0.00262373802252,0.00215333886445,0.00101818831172,0.000446342804935,0.000115087386803,0.0000296692833217,0.00000554689177079,0.00000217680963033,7.33981551093e-7,2.73051512067e-7,8.63503402115e-8,3.61415359862e-8,1.23731220825e-8,3.45551853798e-9,1.84545001503e-9,1.06531827804e-9,6.19471751673e-10,5.48583178883e-10,4.48020121002e-10,2.99091612588e-10,2.28713770145e-10,1.80711667852e-10,1.53970100558e-10,1.38102446146e-10,1.14933208784e-10,8.7736484744e-11,7.66468763458e-11,6.51705356347e-11,5.60413972173e-11,4.72967325027e-11,4.00625262131e-11,3.70309963249e-11,3.01329065866e-11,2.65136489153e-11,2.39315928185e-11,1.95431171246e-11,1.68033000708e-11,1.4074188863e-11],"median":[0.00126472732518,0.00264067086391,0.00140494911466,0.000782363116741,0.000204201292945,0.00002257160304,0.00000435016681877,0.00000176290927811,7.08862103238e-7,1.67577894672e-7,4.23166817143e-8,1.41811815624e-8,5.83091708251e-9,2.82074164026e-9,1.54408663633e-9,9.18413234352e-10,6.31728780398e-10,4.48752646154e-10,3.25681148716e-10,3.18576331981e-10,3.00153429889e-10,2.06462263952e-10,1.55932988744e-10,1.18858534126e-10,1.03130434748e-10,9.82088577128e-11,8.03887512113e-11,5.37820447899e-11,4.84158442504e-11,4.06754976923e-11,3.49127809995e-11,2.8607578112e-11,2.35066029142e-11,2.3779945027e-11,1.758047527e-11,1.56392676587e-11,1.47850759413e-11,1.08548335251e-11,9.01819070809e-12,7.06172446907e-12],"min":[2.0087378569e-24,9.99519307427e-25,1.00983642478e-24,1.2407821601e-24,2.12126097642e-24,1.9760048625e-24,1.96154859198e-24,2.27892212529e-24,2.90675029013e-24,2.84192682854e-24,1.96642158301e-24,2.36031127147e-24,1.75406101618e-24,2.08158462555e-24,2.73807940404e-24,3.69823869381e-24,2.47159075177e-24,2.58849875463e-24,4.7042737951e-24,3.31449809533e-24,2.39241850195e-24,2.3943502251e-24,3.48972934593e-24,4.06045246149e-24,4.11907665966e-24,4.34379986016e-24,3.71038754618e-24,6.26732160942e-24,5.75567904806e-24,5.71295670802e-24,4.38068739052e-24,5.97418839121e-24,5.53604715585e-24,5.66706709144e-24,5.71190555086e-24,5.80282098133e-24,5.90496979109e-24,6.15107822187e-24,6.59096638971e-24,5.68554615815e-24],"var":[0.0000136085509439,0.000022159263608,0.0000123754034576,0.0000100188481156,0.0000030141982279,0.00000149949300976,1.01595297508e-7,1.20188952124e-8,1.66058763962e-10,2.23137758271e-11,2.7687990789e-12,4.17393712909e-13,4.10771338276e-14,9.39746293749e-15,1.24808864822e-15,6.21817143619e-17,1.29075132211e-17,3.65698368607e-18,7.78609497562e-19,5.34723462359e-19,2.38524457267e-19,9.05751397012e-20,5.56622823507e-20,3.73683494612e-20,2.68322123414e-20,2.00795815719e-20,1.4369508567e-20,9.89553501078e-21,7.33278649363e-21,5.37701567827e-21,3.98334963206e-21,2.94365105284e-21,2.18797107618e-21,1.68577338867e-21,1.24141705271e-21,9.4578611471e-22,7.3122533909e-22,5.51757488912e-22,4.26424429494e-22,3.31719014628e-22]},"melbands_crest":{"dmean":2.91846013069,"dmean2":5.08871126175,"dvar":5.97948360443,"dvar2":18.407743454,"max":32.8150482178,"mean":18.8326263428,"median":19.1155834198,"min":1.68586921692,"var":21.3416576385},"melbands_flatness_db":{"dmean":0.0646467506886,"dmean2":0.121070258319,"dvar":0.00278829736635,"dvar2":0.0100932596251,"max":1,"mean":0.814857959747,"median":0.809867739677,"min":0.00312653020956,"var":0.00725437514484},"melbands_kurtosis":{"dmean":1.57849037647,"dmean2":2.7663667202,"dvar":4.66944932938,"dvar2":12.3055839539,"max":469.379943848,"mean":1.97436487675,"median":1.2109913826,"min":-1.70454132557,"var":38.8364105225},"melbands_skewness":{"dmean":0.384283423424,"dmean2":0.656938254833,"dvar":0.0984139963984,"dvar2":0.29278871417,"max":13.5037050247,"mean":0.509856164455,"median":0.472288668156,"min":-2.08996582031,"var":0.461480855942},"melbands_spread":{"dmean":0.296225667,"dmean2":0.506795108318,"dvar":1.28807091713,"dvar2":3.15120100975,"max":149.397735596,"mean":1.22285807133,"median":0.900761067867,"min":0.183803871274,"var":15.6171302795},"mfcc":{"cov":[[1675.67810059,1733.02880859,344.822662354,-774.23223877,-1074.89245605,-787.31829834,-432.933898926,-283.615203857,-287.676055908,-298.11126709,-245.439956665,-152.168151855,-71.6736831665],[1733.02880859,1813.83935547,413.090881348,-742.943664551,-1088.53625488,-824.289001465,-464.303009033,-298.944641113,-294.591491699,-306.170806885,-257.332702637,-165.817596436,-84.2498397827],[344.822662354,413.090881348,222.313552856,3.66579794884,-143.055648804,-173.708206177,-126.091293335,-71.7834472656,-49.8471908569,-52.238445282,-55.9698371887,-50.8611717224,-39.9527778625],[-774.23223877,-742.943664551,3.66579794884,553.986938477,623.73425293,394.21472168,183.993041992,123.851585388,147.421539307,156.005783081,117.961364746,58.1816902161,11.9495983124],[-1074.89245605,-1088.53625488,-143.055648804,623.73425293,822.217163086,597.959716797,320.803192139,199.148162842,201.33013916,213.224731445,176.834976196,108.014503479,47.5130653381],[-787.31829834,-824.289001465,-173.708206177,394.21472168,597.959716797,488.952301025,295.255737305,179.820068359,155.410629272,157.708282471,138.627853394,96.4072189331,53.6967048645],[-432.933898926,-464.303009033,-126.091293335,183.993041992,320.803192139,295.255737305,206.65272522,135.725738525,102.871276855,90.7649917603,78.661277771,59.2937927246,37.8769340515],[-283.615203857,-298.944641113,-71.7834472656,123.851585388,199.148162842,179.820068359,135.725738525,105.002891541,86.4756546021,69.7129745483,51.5237808228,33.9155006409,19.7914848328],[-287.676055908,-294.591491699,-49.8471908569,147.421539307,201.33013916,155.410629272,102.871276855,86.4756546021,88.8387145996,81.8513336182,59.490272522,33.0671348572,13.9205160141],[-298.11126709,-306.170806885,-52.238445282,156.005783081,213.224731445,157.708282471,90.7649917603,69.7129745483,81.8513336182,89.3936309814,74.4490661621,45.9427871704,20.881652832],[-245.439956665,-257.332702637,-55.9698371887,117.961364746,176.834976196,138.627853394,78.661277771,51.5237808228,59.490272522,74.4490661621,73.5600204468,55.4546737671,32.6891212463],[-152.168151855,-165.817596436,-50.8611717224,58.1816902161,108.014503479,96.4072189331,59.2937927246,33.9155006409,33.0671348572,45.9427871704,55.4546737671,53.0821075439,41.2581367493],[-71.6736831665,-84.2498397827,-39.9527778625,11.9495983124,47.5130653381,53.6967048645,37.8769340515,19.7914848328,13.9205160141,20.881652832,32.6891212463,41.2581367493,42.1935272217]],"icov":[[-13.8049707413,41.3583641052,-73.4704360962,57.295085907,12.4870347977,-64.3954086304,16.4924201965,131.672119141,-282.793304443,327.734191895,-246.780670166,117.318077087,-27.7636966705],[41.3583641052,-69.1297836304,76.2549514771,-39.8147354126,-32.156917572,69.6219100952,-3.42597579956,-154.483551025,303.689666748,-340.519470215,252.15713501,-118.823982239,28.0110530853],[-73.4704360962,76.2549514771,-13.5975904465,-39.5267677307,49.0006332397,-14.8711242676,-33.8189201355,64.9237518311,-65.8805618286,46.2513046265,-23.4453544617,8.23985290527,-1.61748242378],[57.295085907,-39.8147354126,-39.5267677307,71.5468902588,-22.7361354828,-48.4044647217,49.2646522522,48.9342422485,-176.64831543,233.883178711,-187.549621582,92.3350830078,-22.2930011749],[12.4870347977,-32.156917572,49.0006332397,-22.7361354828,-45.7543792725,90.6215591431,-39.3302345276,-106.324691772,255.259887695,-304.509765625,233.192901611,-112.474494934,27.0182380676],[-64.3954086304,69.6219100952,-14.8711242676,-48.4044647217,90.6215591431,-91.1207885742,49.385055542,13.1179857254,-64.2463760376,80.8560028076,-63.2010879517,31.4868927002,-7.95663738251],[16.4924201965,-3.42597579956,-33.8189201355,49.2646522522,-39.3302345276,49.385055542,-125.621826172,252.921051025,-350.94744873,344.448120117,-237.168365479,106.068077087,-23.8820724487],[131.672119141,-154.483551025,64.9237518311,48.9342422485,-106.324691772,13.1179857254,252.921051025,-583.212219238,789.156982422,-745.817504883,499.158660889,-219.823440552,49.3537597656],[-282.793304443,303.689666748,-65.8805618286,-176.64831543,255.259887695,-64.2463760376,-350.94744873,789.156982422,-1011.36279297,909.728149414,-584.649719238,249.552124023,-54.7644920349],[327.734191895,-340.519470215,46.2513046265,233.883178711,-304.509765625,80.8560028076,344.448120117,-745.817504883,909.728149414,-778.69152832,477.047668457,-194.643463135,40.9491577148],[-246.780670166,252.15713501,-23.4453544617,-187.549621582,233.192901611,-63.2010879517,-237.168365479,499.158660889,-584.649719238,477.047668457,-276.157409668,105.302268982,-20.4082546234],[117.318077087,-118.823982239,8.23985290527,92.3350830078,-112.474494934,31.4868927002,106.068077087,-219.823440552,249.552124023,-194.643463135,105.302268982,-35.9853286743,5.758020401],[-27.7636966705,28.0110530853,-1.61748242378,-22.2930011749,27.0182380676,-7.95663738251,-23.8820724487,49.3537597656,-54.7644920349,40.9491577148,-20.4082546234,5.758020401,-0.452257335186]],"mean":[-975.614501953,203.59262085,139.825683594,73.0854797363,28.3974323273,8.85993289948,3.69444441795,2.23338341713,0.178229629993,-2.16351485252,-3.56644248962,-3.79712510109,-3.49370503426]},"pitch_salience":{"dmean":0.0749915763736,"dmean2":0.130864992738,"dvar":0.0040201805532,"dvar2":0.0125273689628,"max":0.825371623039,"mean":0.419773876667,"median":0.463665604591,"min":0.00490119634196,"var":0.043740272522},"silence_rate_20dB":{"dmean":0,"dmean2":0,"dvar":0,"dvar2":0,"max":1,"mean":1,"median":1,"min":1,"var":0},"silence_rate_30dB":{"dmean":0.0101411463693,"dmean2":0.0202825646847,"dvar":0.010040095076,"dvar2":0.0241157971323,"max":1,"mean":0.98373156786,"median":1,"min":0,"var":0.0159993190318},"silence_rate_60dB":{"dmean":0.00275603728369,"dmean2":0.00551214814186,"dvar":0.00274515803903,"dvar2":0.00676630996168,"max":1,"mean":0.00897706858814,"median":0,"min":0,"var":0.00889692083001},"spectral_centroid":{"dmean":15.6130313873,"dmean2":25.9622459412,"dvar":6121.98242188,"dvar2":12662.9111328,"max":11710.2734375,"mean":190.255981445,"median":179.459899902,"min":69.5509185791,"var":106305.515625},"spectral_complexity":{"dmean":0.68925011158,"dmean2":1.2490901947,"dvar":0.526789367199,"dvar2":1.31604838371,"max":10,"mean":3.40799498558,"median":3,"min":0,"var":2.41344118118},"spectral_contrast_coeffs":{"dmean":[0.0520150922239,0.045416738838,0.0289179962128,0.0168844033033,0.00908612925559,0.0306650921702],"dmean2":[0.0911149829626,0.0743827372789,0.0498302094638,0.029448678717,0.0158760454506,0.0558866374195],"dvar":[0.00160238798708,0.00124430446886,0.000514817424119,0.00018270246801,0.0000520487192261,0.000566009024624],"dvar2":[0.00500832824036,0.00334003660828,0.00152229750529,0.000553746125661,0.000160725248861,0.00170355697628],"max":[-0.253765136003,-0.355354189873,-0.650082528591,-0.760367453098,-0.854285597801,-0.831773102283],"mean":[-0.576146006584,-0.709277689457,-0.829768002033,-0.897486150265,-0.908395051956,-0.916319191456],"median":[-0.578688263893,-0.721074163914,-0.826939165592,-0.903992891312,-0.908647418022,-0.921164274216],"min":[-0.982242226601,-0.976032853127,-0.983617007732,-0.991904735565,-0.986775398254,-0.980830490589],"var":[0.00708655267954,0.00735829584301,0.00259960186668,0.000785181706306,0.000115572896902,0.000980960670859]},"spectral_contrast_valleys":{"dmean":[0.368063807487,0.322634577751,0.296160936356,0.337443351746,0.224909424782,0.846047997475],"dmean2":[0.655792295933,0.540951490402,0.500966608524,0.599328100681,0.402168422937,1.53464651108],"dvar":[0.085765786469,0.0661507919431,0.0575280115008,0.0820020586252,0.0485239177942,0.404081076384],"dvar2":[0.259544968605,0.177087962627,0.164234146476,0.259103953838,0.151089549065,1.26511514187],"max":[-5.31064939499,-5.53164625168,-7.72830533981,-10.1260280609,-11.4781684875,-12.1371011734],"mean":[-6.9842376709,-8.63988876343,-11.024263382,-12.5862121582,-13.0711259842,-14.5782718658],"median":[-6.84883213043,-8.39601707458,-11.2245178223,-12.7040939331,-12.9505004883,-14.568821907],"min":[-27.9533901215,-27.9106941223,-27.657831192,-27.6864929199,-27.5251197815,-27.4093284607],"var":[1.01557862759,2.41472887993,1.87539923191,0.667762517929,0.441312134266,0.892048239708]},"spectral_decrease":{"dmean":3.52750739729e-9,"dmean2":6.23085627538e-9,"dvar":1.35516569621e-17,"dvar2":4.71991275843e-17,"max":1.8357521266e-28,"mean":-9.40501898583e-9,"median":-7.82878561978e-9,"min":-5.92426268042e-8,"var":4.11510310995e-17},"spectral_energy":{"dmean":0.0134839676321,"dmean2":0.0237966477871,"dvar":0.00019732581859,"dvar2":0.0006857701228,"max":0.227212324739,"mean":0.0360106267035,"median":0.0299587920308,"min":1.02241753222e-20,"var":0.000604464614298},"spectral_energyband_high":{"dmean":1.4866096798e-8,"dmean2":2.80271379438e-8,"dvar":3.41816440095e-16,"dvar2":1.17532597695e-15,"max":2.10524916611e-7,"mean":1.44319258766e-8,"median":7.98181787331e-9,"min":7.08797738303e-21,"var":3.00264603593e-16},"spectral_energyband_low":{"dmean":0.0106329778209,"dmean2":0.0197475571185,"dvar":0.000176343150088,"dvar2":0.000646020635031,"max":0.192682102323,"mean":0.0226567462087,"median":0.016379788518,"min":1.50967104e-23,"var":0.000417028553784},"spectral_energyband_middle_high":{"dmean":0.0000017664498273,"dmean2":0.00000300294891531,"dvar":2.1065781064e-11,"dvar2":6.0275111291e-11,"max":0.00011053054186,"mean":0.00000356642044608,"median":2.784420019e-7,"min":1.01593884606e-21,"var":6.01731720007e-11},"spectral_energyband_middle_low":{"dmean":0.00535871554166,"dmean2":0.00785550940782,"dvar":0.0000689071239321,"dvar2":0.000170624887687,"max":0.19367519021,"mean":0.0174120366573,"median":0.0082227755338,"min":1.58719117053e-22,"var":0.000493200146593},"spectral_entropy":{"dmean":0.182226955891,"dmean2":0.319717139006,"dvar":0.025914195925,"dvar2":0.0886039733887,"max":9.82403469086,"mean":3.97922301292,"median":4.01633453369,"min":2.34900689125,"var":0.251779556274},"spectral_flux":{"dmean":0.0216826479882,"dmean2":0.0324622802436,"dvar":0.0003368598409,"dvar2":0.000719468982425,"max":0.288570582867,"mean":0.0723685398698,"median":0.0674793720245,"min":6.46910650048e-11,"var":0.00125038495753},"spectral_kurtosis":{"dmean":256.831237793,"dmean2":468.918273926,"dvar":54391.3984375,"dvar2":167299.25,"max":2122.14941406,"mean":434.215301514,"median":357.561706543,"min":-1.31713950634,"var":71991.8203125},"spectral_rms":{"dmean":0.00111529265996,"dmean2":0.00197282177396,"dvar":9.51826962137e-7,"dvar2":0.00000339820758199,"max":0.0148886051029,"mean":0.00560545362532,"median":0.00540630100295,"min":3.15829155363e-12,"var":0.00000371102873942},"spectral_rolloff":{"dmean":21.5087471008,"dmean2":38.7789459229,"dvar":20189.3632812,"dvar2":41792.5429688,"max":19681.3476562,"mean":217.549163818,"median":193.798828125,"min":21.533203125,"var":310710.53125},"spectral_skewness":{"dmean":4.7162899971,"dmean2":8.60424137115,"dvar":14.114320755,"dvar2":46.0527992249,"max":37.2616996765,"mean":17.8118190765,"median":17.1458110809,"min":-0.0534689053893,"var":23.7274742126},"spectral_spread":{"dmean":536849.8125,"dmean2":992710.8125,"dvar":286765350912,"dvar2":920051712000,"max":43867048,"mean":761497,"median":597653.4375,"min":45520.7578125,"var":1731651174400},"spectral_strongpeak":{"dmean":0.26487544179,"dmean2":0.427879780531,"dvar":0.100349329412,"dvar2":0.241087287664,"max":5.02804517746,"mean":0.684736549854,"median":0.51933246851,"min":0,"var":0.282288372517},"zerocrossingrate":{"dmean":0.00071483280044,"dmean2":0.000972662470303,"dvar":0.00000785772499512,"dvar2":0.0000122565961647,"max":0.521484375,"mean":0.00796549208462,"median":0.0068359375,"min":0.0029296875,"var":0.000281648884993}},"metadata":{"audio_properties":{"analysis_sample_rate":44100,"bit_rate":361868,"codec":"alac","downmix":"mix","equal_loudness":0,"length":1735.55993652,"lossless":true,"md5_encoded":"164b13326b05583081da451ada86bc11","replay_gain":-5.7632598877,"sample_rate":44100},"tags":{"album":["Hudson River Wind Meditations"],"artist":["Lou Reed"],"asin":["1591795540"],"barcode":["0600835111720"],"bpm":["80"],"composer":["Lou Reed"],"date":["2007"],"discnumber":["1/1"],"encodedby":["qaac 1.46, CoreAudioToolbox 7.9.8.5, Apple Lossless Encoder"],"file_name":"1.01. Move Your Heart.m4a","genre":["Meditational music"],"language":["eng"],"musicbrainz_recordingid":["eccd8db3-78ea-4ac1-912d-233567ed9296"],"title":["Move Your Heart"],"tracknumber":["1/4"]},"version":{"essentia":"2.1-beta2","essentia_build_sha":"cead25079874084f62182a551b7393616cd33d87","essentia_git_sha":"v2.1_beta2-1-ge3940c0","extractor":"music 1.0"}},"rhythm":{"beats_count":3204,"beats_loudness":{"dmean":0.021767148748,"dmean2":0.0371906384826,"dvar":0.000464408600237,"dvar2":0.00124141026754,"max":0.178418695927,"mean":0.0351868905127,"median":0.0290675126016,"min":6.6910915697e-10,"var":0.000575510552153},"beats_loudness_band_ratio":{"dmean":[0.201695397496,0.217073500156,0.0150406220928,0.000129070976982,0.00000569557641938,0.00000651778145766],"dmean2":[0.300129026175,0.312686651945,0.0269564669579,0.000214554253034,0.00000789344630903,0.00000893020569492],"dvar":[0.0431396104395,0.0410080775619,0.00132460182067,1.61687466971e-7,1.07217754675e-8,1.29415491656e-8],"dvar2":[0.0820423513651,0.0715523958206,0.00371591281146,3.650337419e-7,1.5961596489e-8,2.50721736705e-8],"max":[0.999978363514,0.975864470005,0.323915749788,0.0192044489086,0.00726687023416,0.00757231097668],"mean":[0.749520301819,0.296066522598,0.0101139731705,0.000119479380373,0.0000148435865412,0.0000149058687384],"median":[0.892894744873,0.198019951582,0.00106781139039,0.0000112082943815,0.00000156503506332,0.0000012869713828],"min":[0.0507070757449,0.0000336652774422,0.00000130426008127,3.1018981872e-7,7.23621127463e-8,4.69354013433e-8],"var":[0.0798021405935,0.087027169764,0.00081106409197