{"lowlevel":{"average_loudness":0.935209810734,"barkbands":{"dmean":[0.000168833415955,0.00302397832274,0.00185623578727,0.00158722803462,0.00276174186729,0.000630790251307,0.000644081330393,0.000871069962159,0.00075256783748,0.000773233885411,0.000710501160938,0.000644377898425,0.000464166107122,0.000418779556639,0.000415649090428,0.000474350643344,0.000481684721308,0.000297147023957,0.000244892464252,0.00010390256648,0.0000773093051976,0.0000635976830381,0.0000691194727551,0.0000566256421735,0.0000334880242008,0.0000152186921696,0.00000341595796272],"dmean2":[0.000288666662527,0.00528142880648,0.00317350914702,0.00272052129731,0.00449458276853,0.00101246696431,0.00102629209869,0.00136520003434,0.00115823734086,0.00121617445257,0.001144808135,0.00103296316229,0.000748826714698,0.000682655780111,0.00067956285784,0.000776672153734,0.000802721711807,0.000488828402013,0.000410771754105,0.000173685708432,0.000130939064547,0.000102611149487,0.00010351484525,0.0000837145998958,0.0000472817155242,0.0000216977223317,0.00000554688494958],"dvar":[6.8961256261e-8,0.0000114968979688,0.00000656978545521,0.00000528481950823,0.0000304036457237,0.00000112785835427,0.00000146587581185,0.00000334551577907,0.00000218328136725,0.00000137402400924,0.00000153067935571,0.0000010367135701,3.67782291733e-7,3.74142899773e-7,3.66459488532e-7,3.48731788335e-7,4.34830980112e-7,1.95358651922e-7,1.15540032652e-7,1.96038882905e-8,1.66389515499e-8,1.65248010831e-8,4.72843382227e-8,5.12594837687e-8,1.55112882538e-8,5.87540793795e-10,3.13926593054e-11],"dvar2":[1.78791651706e-7,0.0000327757370542,0.0000179662074515,0.0000143609277075,0.0000723204138922,0.00000282242831418,0.00000368360815628,0.00000842515419208,0.00000514330622536,0.00000328183045895,0.00000388832359022,0.00000240431108978,9.25611345792e-7,9.34221191073e-7,9.63359752859e-7,9.14455085876e-7,0.00000114994168143,5.18208594258e-7,3.08454275455e-7,5.3146646195e-8,3.92867924859e-8,3.9860356793e-8,8.94263649798e-8,8.56905586488e-8,2.94002742152e-8,1.08492026474e-9,7.62185869974e-11],"max":[0.00312904617749,0.0298727024347,0.0355840921402,0.0325272604823,0.0723623707891,0.0204230211675,0.0270044151694,0.0377155393362,0.0431850627065,0.0235070176423,0.0308689307421,0.0264433231205,0.0136187914759,0.0110071487725,0.0151622183621,0.010470638983,0.021306861192,0.0130868069828,0.00895146746188,0.0023722271435,0.00714736431837,0.00496146595106,0.0112696886063,0.0140697862953,0.00722684245557,0.000585051544476,0.0000970293913269],"mean":[0.000178664733539,0.00415825657547,0.00266299769282,0.00199616653845,0.00350301945582,0.00115964584984,0.00121872476302,0.0015926680062,0.00144611555152,0.00152558519039,0.00129982002545,0.0012591193663,0.000891576288268,0.000790955207776,0.000843225163408,0.00104006868787,0.00108497554902,0.000731906446163,0.000644479645416,0.000261937704636,0.000171804887941,0.000147587852553,0.000143738769111,0.000121148375911,0.0000787753961049,0.0000372137146769,0.00000497566179547],"median":[0.0000628299530945,0.00300004798919,0.0016838790616,0.0012074742699,0.0017004548572,0.000635968346614,0.000663173850626,0.000614125456195,0.000692070578225,0.000911059207283,0.000539584551007,0.000778732588515,0.000660611956846,0.000543383415788,0.000619149766862,0.000855541846249,0.000842476554681,0.000531943980604,0.000473751249956,0.000218633314944,0.000135846625199,0.000109811830043,0.0000699633528711,0.0000527472984686,0.0000447694619652,0.0000251171804848,0.00000261780655819],"min":[5.81966671153e-23,2.06109033477e-23,1.04478316009e-24,5.80364297439e-24,7.76712068627e-23,6.73687276168e-23,1.3384127138e-22,5.02379945929e-23,4.94932814994e-23,1.62840214774e-22,6.42037482453e-23,7.83019421772e-23,8.03375693442e-23,1.8997131225e-22,1.01620184597e-22,1.19431572054e-22,1.49284264896e-22,2.61031852105e-22,2.34224869177e-22,3.34646155592e-22,4.17246556665e-22,4.8920766013e-22,5.3641723664e-22,7.82946089263e-22,1.13114858601e-21,1.59103596499e-21,2.6748187674e-21],"var":[8.34027602536e-8,0.0000152494922077,0.00000895478660823,0.00000582452275921,0.0000317423073284,0.00000270431132776,0.00000355375095751,0.00000783020732342,0.00000632984847471,0.00000364439233635,0.00000376114826395,0.00000316448972626,7.94178845354e-7,8.05241541002e-7,7.6611638633e-7,7.66539812957e-7,0.00000107955247586,6.6239960006e-7,3.90676461848e-7,4.47737562581e-8,3.47606601281e-8,3.48801485472e-8,1.25173940546e-7,1.4769432255e-7,3.55828468912e-8,1.79698167457e-9,4.81380872663e-11]},"barkbands_crest":{"dmean":2.38421559334,"dmean2":3.96676230431,"dvar":4.77204322815,"dvar2":12.7264976501,"max":22.9592494965,"mean":7.45411300659,"median":6.73102855682,"min":2.22596669197,"var":9.88695430756},"barkbands_flatness_db":{"dmean":0.0146423103288,"dmean2":0.0235143695027,"dvar":0.00018035483663,"dvar2":0.000446569960332,"max":0.435678362846,"mean":0.0934532061219,"median":0.0821603983641,"min":0.019939051941,"var":0.00265423511155},"barkbands_kurtosis":{"dmean":1.02396667004,"dmean2":1.64375555515,"dvar":5.27338552475,"dvar2":12.6056041718,"max":105.189292908,"mean":0.64884865284,"median":-0.287248522043,"min":-1.9269824028,"var":16.9753189087},"barkbands_skewness":{"dmean":0.376121819019,"dmean2":0.599038243294,"dvar":0.138905286789,"dvar2":0.331783801317,"max":7.62432718277,"mean":0.793874382973,"median":0.697392642498,"min":-2.73560929298,"var":0.609687685966},"barkbands_spread":{"dmean":4.78768062592,"dmean2":7.53148698807,"dvar":24.4615440369,"dvar2":55.7272453308,"max":107.372558594,"mean":28.7793140411,"median":28.4175186157,"min":0.784046590328,"var":108.173591614},"dissonance":{"dmean":0.0117794265971,"dmean2":0.0199462715536,"dvar":0.000138279414386,"dvar2":0.000380224228138,"max":0.500000059605,"mean":0.476123392582,"median":0.482239842415,"min":0.228255078197,"var":0.00061901070876},"dynamic_complexity":2.05931949615,"erbbands":{"dmean":[0.0750691741705,0.756258010864,1.97361171246,3.61886811256,10.3712930679,7.27085638046,5.46265506744,5.28019571304,8.58969020844,13.0922889709,17.3858509064,19.3917732239,16.226360321,25.2501811981,27.4403953552,28.294046402,21.8288154602,19.497838974,21.085767746,21.4275741577,27.3640041351,21.1725654602,17.0355186462,14.1068649292,8.83820915222,5.02144622803,3.65333938599,2.61289095879,2.38216233253,2.0668387413,2.01940345764,1.39743053913,0.870679855347,0.468586742878,0.205109924078,0.0815706774592,0.0268422365189,0.00568258482963,0.00064242555527,0.0000191864965018],"dmean2":[0.129560902715,1.32631826401,3.39554476738,6.1729259491,17.1123828888,12.0190038681,9.00175285339,8.45222377777,13.685303688,20.8480491638,27.1738185883,30.0404644012,25.5871009827,39.9560775757,44.3469848633,45.1349868774,35.1234397888,31.7884807587,34.3321685791,35.1576156616,45.0205802917,34.9089050293,28.0087413788,23.68932724,14.8964557648,8.39762306213,6.23388385773,4.36147785187,3.89726209641,3.198772192,3.03519630432,2.07087135315,1.29526495934,0.67917984724,0.293088585138,0.117506451905,0.0393215380609,0.00839388649911,0.00107161630876,0.0000305545945594],"dvar":[0.00818494427949,0.739268362522,6.92490434647,26.7245903015,442.451629639,195.148452759,84.6387329102,98.3197402954,275.126464844,785.388916016,1621.94567871,1522.30895996,713.875244141,1730.92895508,2208.80712891,2426.66894531,802.232116699,698.016052246,1406.91760254,866.399719238,1073.52929688,888.104614258,729.756286621,422.627960205,168.541931152,45.8051376343,32.1667327881,27.1004810333,21.1788539886,28.1297283173,44.8792762756,32.4032402039,11.7676525116,4.48681783676,0.376600116491,0.0220418423414,0.00163545913529,0.0000764139476814,0.00000129326610931,8.00880473051e-10],"dvar2":[0.0231390316039,2.0934946537,19.3932800293,72.112121582,1055.07995605,501.872406006,214.082489014,244.858322144,682.27532959,1961.25952148,4352.18066406,3672.10107422,1713.22167969,4175.59912109,5585.47070313,5559.18505859,1994.92687988,1737.36621094,3879.80859375,2244.81176758,2813.06591797,2301.14819336,1985.09130859,1160.49682617,439.741455078,124.756439209,87.7233581543,59.7943763733,52.2700195313,58.201423645,83.4701309204,59.4799690247,20.8288040161,8.82446098328,0.749094724655,0.0413673706353,0.00312800053507,0.00015014456585,0.00000326411554852,1.92086524464e-9],"max":[0.907227635384,8.02792644501,37.6116294861,80.7877578735,270.540893555,162.774520874,205.717605591,252.611450195,456.281799316,530.450317383,1140.98730469,1239.03320313,826.164123535,971.954406738,962.232788086,1353.11132813,557.950500488,483.09765625,1023.24523926,735.039611816,626.041442871,819.185974121,893.022521973,522.416992188,477.159332275,123.654449463,170.839660645,369.241241455,151.35585022,203.007888794,344.546875,357.728088379,150.987747192,138.590103149,24.8500022888,4.61612081528,0.782374620438,0.161696314812,0.0190282389522,0.000529211887624],"mean":[0.0975870043039,1.01401853561,2.98086571693,5.22940063477,11.5144557953,9.57877254486,8.88544178009,9.83344841003,16.6284313202,24.7270355225,34.7125816345,38.3041038513,34.2645187378,52.4531707764,55.6966438293,57.821018219,45.2890663147,40.5042915344,43.0306739807,47.5246124268,65.153755188,55.1930847168,44.6114578247,37.108997345,23.2687397003,12.9198989868,8.68657875061,5.78160381317,5.35969543457,4.63508319855,4.08771324158,2.81908535957,1.8544164896,1.03113174438,0.470863580704,0.19598954916,0.062225650996,0.0122949909419,0.000812375161331,0.0000555163351237],"median":[0.0598525926471,0.730507433414,2.02699375153,3.60986948013,4.84331178665,4.85323286057,4.58092737198,5.24054288864,9.66275978088,10.9241733551,15.6912107468,18.9295978546,20.9173984528,29.9250202179,28.2042312622,35.4674224854,35.2718849182,30.2470340729,29.748878479,37.6219177246,54.8917694092,44.1805076599,33.0402832031,28.8016033173,17.3047771454,10.7699642181,7.10490846634,4.46096467972,4.03510808945,2.82902812958,1.89125108719,1.25811648369,0.832194209099,0.522956490517,0.286087453365,0.129770457745,0.0412280261517,0.0080165155232,0.000374357274268,0.0000481097995362],"min":[1.22700157261e-21,2.67232046385e-21,2.4406767728e-21,1.81509017294e-20,1.89845343508e-19,2.29292552945e-19,4.43224258516e-19,5.33717093747e-19,1.64867528897e-18,1.27707370457e-18,1.57500937535e-18,1.34367053267e-18,3.96153793913e-18,3.55904881027e-18,2.67233435467e-18,3.41145125126e-18,3.86501919654e-18,5.02190159354e-18,9.36461345793e-18,6.40080298927e-18,6.03416841765e-18,9.51322555396e-18,1.52136911145e-17,9.89939895883e-18,1.29907672954e-17,1.72167569443e-17,1.33471952854e-17,2.10338993406e-17,1.9018940308e-17,1.53372950591e-17,1.55843424752e-17,1.03362065705e-17,1.54373011952e-17,1.25281839086e-17,8.89190786199e-18,6.84891071533e-18,2.57510010084e-18,1.08519210088e-18,3.58021320852e-19,4.36452059756e-20],"var":[0.0111935837194,0.914747238159,9.16325283051,32.2301483154,433.202087402,206.481048584,173.242706299,228.268859863,631.21472168,1784.79577637,3908.07226563,4323.77099609,1937.12304688,4774.74072266,5681.11523438,7489.83203125,1791.03076172,1559.33837891,2611.30151367,1958.58691406,2622.24682617,2555.50024414,2393.63500977,1218.86254883,534.284362793,109.666519165,56.1617507935,57.4743881226,40.7766571045,73.6008987427,114.726257324,78.453704834,33.5326843262,9.23467636108,0.810169279575,0.0626229271293,0.00485889893025,0.000203610499739,0.00000162516732871,1.39332412274e-9]},"erbbands_crest":{"dmean":2.05468845367,"dmean2":3.33833360672,"dvar":3.80332541466,"dvar2":9.6962928772,"max":30.9362220764,"mean":7.54184484482,"median":6.64968585968,"min":2.37634539604,"var":11.6823148727},"erbbands_flatness_db":{"dmean":0.012797664851,"dmean2":0.0194389689714,"dvar":0.000133874622406,"dvar2":0.000280543550616,"max":0.496148496866,"mean":0.145763367414,"median":0.138898566365,"min":0.0478777848184,"var":0.00213063065894},"erbbands_kurtosis":{"dmean":0.548212885857,"dmean2":0.85648983717,"dvar":0.445649147034,"dvar2":0.960224092007,"max":27.0288619995,"mean":0.190183788538,"median":-0.0586865991354,"min":-1.81092000008,"var":1.94572663307},"erbbands_skewness":{"dmean":0.256247878075,"dmean2":0.399992227554,"dvar":0.0514712370932,"dvar2":0.123182304204,"max":4.11430931091,"mean":-0.077952593565,"median":-0.0871895998716,"min":-3.63438630104,"var":0.331314891577},"erbbands_spread":{"dmean":5.70441532135,"dmean2":8.89573574066,"dvar":39.2771682739,"dvar2":88.6961288452,"max":134.126953125,"mean":32.0907096863,"median":29.3480644226,"min":3.8146841526,"var":160.323043823},"gfcc":{"cov":[[15988.6679688,254.721923828,-747.431884766,765.095703125,-334.427429199,570.759521484,-297.798217773,128.084259033,-217.832595825,170.733795166,-216.748382568,2.66117191315,-303.377868652],[254.721923828,1178.91796875,-266.394622803,-131.825515747,72.4781723022,-280.225311279,75.1238632202,-45.8450126648,-10.3397245407,-112.997039795,32.8029518127,-83.1780319214,39.2866172791],[-747.431884766,-266.394622803,687.916870117,147.371032715,12.507856369,166.037216187,-65.4531021118,-44.3296394348,-17.1998691559,-0.246366798878,-61.5529327393,-3.05745053291,-46.9568481445],[765.095703125,-131.825515747,147.371032715,257.238067627,15.6861553192,132.899398804,-36.2893791199,-17.2854633331,-13.4837026596,20.1751117706,-22.7630290985,-13.2787227631,-28.1497154236],[-334.427429199,72.4781723022,12.507856369,15.6861553192,170.364425659,-4.14616966248,28.7534217834,3.07793498039,16.3446884155,-0.713375747204,-2.35956501961,8.62950706482,4.4714179039],[570.759521484,-280.225311279,166.037216187,132.899398804,-4.14616966248,219.17237854,-1.02869904041,24.2747859955,-13.8130197525,31.5296268463,-22.9206371307,8.6610326767,-30.0277881622],[-297.798217773,75.1238632202,-65.4531021118,-36.2893791199,28.7534217834,-1.02869904041,140.345901489,36.4576034546,-1.96781492233,-1.49363017082,17.7004947662,-10.1297292709,7.89961242676],[128.084259033,-45.8450126648,-44.3296394348,-17.2854633331,3.07793498039,24.2747859955,36.4576034546,89.6480865479,33.9362754822,27.2175006866,8.4150390625,16.1765861511,-0.399585962296],[-217.832595825,-10.3397245407,-17.1998691559,-13.4837026596,16.3446884155,-13.8130197525,-1.96781492233,33.9362754822,83.403137207,33.05260849,15.5098247528,4.95942592621,5.73104333878],[170.733795166,-112.997039795,-0.246366798878,20.1751117706,-0.713375747204,31.5296268463,-1.49363017082,27.2175006866,33.05260849,85.5272598267,21.3976821899,17.8367328644,-10.1778421402],[-216.748382568,32.8029518127,-61.5529327393,-22.7630290985,-2.35956501961,-22.9206371307,17.7004947662,8.4150390625,15.5098247528,21.3976821899,63.8100471497,21.3413887024,19.6824455261],[2.66117191315,-83.1780319214,-3.05745053291,-13.2787227631,8.62950706482,8.6610326767,-10.1297292709,16.1765861511,4.95942592621,17.8367328644,21.3413887024,62.5732841492,20.7014427185],[-303.377868652,39.2866172791,-46.9568481445,-28.1497154236,4.4714179039,-30.0277881622,7.89961242676,-0.399585962296,5.73104333878,-10.1778421402,19.6824455261,20.7014427185,65.0449905396]],"icov":[[0.000212132479646,-0.000411963905208,0.000543671078049,-0.000542975496501,0.000496257503983,-0.000737967086025,0.000504879339132,-0.000294474972179,0.000489571131766,-0.000627661705948,0.00107818446122,-0.000942795537412,0.000790266087279],[-0.000411963905208,0.00244690803811,-0.000929617381189,0.00076874991646,-0.00168328091968,0.00320252683014,-0.00130691833328,0.000305637833662,-0.000665974337608,0.00263214064762,-0.00336143234745,0.0039107487537,-0.00173996866215],[0.000543671078049,-0.000929617381189,0.00353060732596,-0.00163060391787,0.00108450802509,-0.00324853346683,0.00156330002937,0.000743794022128,0.00045967620099,-0.00112139934208,0.00392293278128,-0.00303383776918,0.0027433426585],[-0.000542975496501,0.00076874991646,-0.00163060391787,0.0081364158541,-0.00235326844268,-0.00246500712819,0.000524049799424,0.00213763513602,-0.000807487755083,0.000265961658442,-0.00310345762409,0.00463188020512,-0.00210175709799],[0.000496257503983,-0.00168328091968,0.00108450802509,-0.00235326844268,0.00829788669944,-0.00161384884268,-0.0012631729478,0.000780191679951,-0.00145602389239,-0.00140691548586,0.00483757350594,-0.00591519335285,0.00226542935707],[-0.000737967086025,0.00320252683014,-0.00324853346683,-0.00246500712819,-0.00161384884268,0.0139573318884,-0.00351448333822,-0.00280711823143,0.00102263363078,0.00146076187957,-0.00313616846688,0.00320779485628,-0.0017577984836],[0.000504879339132,-0.00130691833328,0.00156330002937,0.000524049799424,-0.0012631729478,-0.00351448333822,0.0120463324711,-0.00616667792201,0.00466756895185,-0.00142089289147,-0.00154436950106,0.00309224962257,0.00031262851553],[-0.000294474972179,0.000305637833662,0.000743794022128,0.00213763513602,0.000780191679951,-0.00280711823143,-0.00616667792201,0.0201660394669,-0.00904822535813,-0.000866014685016,0.00229651341215,-0.00518687488511,0.00104487838689],[0.000489571131766,-0.000665974337608,0.00045967620099,-0.000807487755083,-0.00145602389239,0.00102263363078,0.00466756895185,-0.00904822535813,0.0204535275698,-0.00763832172379,-0.000776654982474,0.00331726041622,-0.00120030122343],[-0.000627661705948,0.00263214064762,-0.00112139934208,0.000265961658442,-0.00140691548586,0.00146076187957,-0.00142089289147,-0.000866014685016,-0.00763832172379,0.0217061303556,-0.00987112428993,0.000421208998887,0.0026489503216],[0.00107818446122,-0.00336143234745,0.00392293278128,-0.00310345762409,0.00483757350594,-0.00313616846688,-0.00154436950106,0.00229651341215,-0.000776654982474,-0.00987112428993,0.0308906920254,-0.0139073580503,0.000571921176743],[-0.000942795537412,0.0039107487537,-0.00303383776918,0.00463188020512,-0.00591519335285,0.00320779485628,0.00309224962257,-0.00518687488511,0.00331726041622,0.000421208998887,-0.0139073580503,0.0325455591083,-0.0118410075083],[0.000790266087279,-0.00173996866215,0.0027433426585,-0.00210175709799,0.00226542935707,-0.0017577984836,0.00031262851553,0.00104487838689,-0.00120030122343,0.0026489503216,0.000571921176743,-0.0118410075083,0.0242986530066]],"mean":[30.2709121704,83.2623672485,-126.624717712,26.885093689,-42.6351852417,15.4817247391,-35.2191848755,14.842505455,-24.6064796448,-0.083650521934,-19.2391529083,3.31002926826,-15.1926937103]},"hfc":{"dmean":4.91895484924,"dmean2":7.54835653305,"dvar":39.4330329895,"dvar2":81.7803649902,"max":182.628509521,"mean":27.9759426117,"median":26.720539093,"min":1.17496995842e-16,"var":229.273544312},"melbands":{"dmean":[0.000751242216211,0.000979320961051,0.000791203696281,0.000674442620948,0.000200569062144,0.00011861234816,0.000130072163302,0.000152840875671,0.000144270496094,0.000115066453873,0.0000828481643111,0.00010726430628,0.000097878932138,0.0000753144267946,0.0000605240820732,0.0000422148186772,0.000040189090214,0.0000367855500372,0.0000277964973066,0.0000328686583089,0.0000361952625099,0.0000266130082309,0.0000225085459533,0.0000132445829877,0.0000130924127006,0.00000960257420957,0.00000432949855167,0.00000356878649654,0.00000257329679698,0.00000215113345803,0.00000157209478857,0.00000147938021655,0.00000129779664348,0.00000125403437323,0.000001328242206,9.94058837023e-7,8.91849936124e-7,7.28735130906e-7,4.69672102099e-7,4.01316299303e-7],"dmean2":[0.00130474322941,0.00169245502912,0.00132196431514,0.00110634695739,0.000333068950567,0.000190040940652,0.000206551369047,0.000242005873588,0.000225745578064,0.000177333975444,0.000131190667162,0.000169082879438,0.000158240611199,0.000120572527521,0.0000966738589341,0.0000683300531819,0.0000656285264995,0.0000603082044108,0.0000455937224615,0.000053678311815,0.0000599225386395,0.0000443009994342,0.0000371040878235,0.0000219072117034,0.0000220939637074,0.0000162432916113,0.0000073364394666,0.00000596761674387,0.00000441322981715,0.00000367114307664,0.00000263819879365,0.00000244933653448,0.00000208925644074,0.00000195876259568,0.00000203655667974,0.00000150644211772,0.00000135513562327,0.0000011195843399,6.87520923748e-7,5.99931126999e-7],"dvar":[7.27923918475e-7,0.00000139163489621,0.00000130622333927,0.00000195371671907,1.07974365449e-7,4.42505942999e-8,5.99412217639e-8,1.04869961604e-7,1.07581342945e-7,5.32237081075e-8,1.84209305587e-8,3.21532915848e-8,2.86865855514e-8,1.39237714691e-8,6.39003294722e-9,3.25740590057e-9,3.12517189904e-9,4.9057264917e-9,1.53334633879e-9,1.98173633059e-9,1.91967819418e-9,1.30532562537e-9,1.37326439109e-9,3.79488801494e-10,3.85732751296e-10,2.16010404008e-10,3.28988745968e-11,2.22078241213e-11,1.44864190088e-11,1.25391268549e-11,1.0747516592e-11,7.44052215673e-12,8.58276904409e-12,1.27619425444e-11,2.16295228256e-11,1.50374070834e-11,1.55360637549e-11,8.9402521844e-12,3.42918922425e-12,3.39238337942e-12],"dvar2":[0.0000020810496153,0.00000390733202948,0.00000330967895934,0.00000473551153846,2.79098685496e-7,1.1093190011e-7,1.48024270175e-7,2.5666273018e-7,2.89248902163e-7,1.28319044279e-7,4.4339472538e-8,7.70130270666e-8,7.38808196843e-8,3.27414255707e-8,1.56461794631e-8,8.21001044926e-9,7.79772157955e-9,1.36893660851e-8,3.84608256354e-9,5.24640952904e-9,5.05318054067e-9,3.40681238775e-9,3.61273300165e-9,1.01824482179e-9,1.064710764e-9,5.56583334976e-10,9.07320052423e-11,6.02928471038e-11,4.02661931576e-11,3.148284064e-11,2.47518498753e-11,1.86921242373e-11,2.10897029007e-11,2.7010805051e-11,4.16599914288e-11,3.42398678854e-11,2.90592602065e-11,1.71681419081e-11,6.60069958761e-12,6.74847113954e-12],"max":[0.00714496104047,0.0154208876193,0.0120300296694,0.0181875042617,0.0060685579665,0.00493240728974,0.00642203493044,0.00607107393444,0.00992063060403,0.00703886756673,0.00407720124349,0.00416641030461,0.00431940052658,0.00302526797168,0.00157701794524,0.00175688310992,0.00109184230678,0.00208685291,0.000797502405476,0.00102366565261,0.000796410487965,0.000915278913453,0.00137448613532,0.000557840336114,0.000493151077535,0.000593138625845,0.0000974356444203,0.000107340252725,0.000104940059828,0.000189241603948,0.000230898469454,0.000092172776931,0.000149211584358,0.000146314967424,0.000255201361142,0.000218719229451,0.000264285336016,0.000133699883008,0.000093701572041,0.000119138778246],"mean":[0.00103430240415,0.0015320321545,0.00110753451008,0.000808762502857,0.0003274253977,0.00022049107065,0.000253924867138,0.00028541640495,0.000289668649202,0.000221427413635,0.000166731682839,0.000211735503399,0.000184350385098,0.000151949483552,0.000123265752336,0.0000827870535431,0.0000753209387767,0.0000683665566612,0.0000581236163271,0.0000687893261784,0.0000794330990175,0.0000597493672103,0.0000494492851431,0.0000317982667184,0.0000302604548779,0.0000223586648644,0.0000100280276456,0.00000814188024378,0.00000557266093892,0.00000434945695815,0.00000307600066662,0.00000309096571982,0.00000271211342806,0.0000025419483336,0.00000251233086601,0.00000188183469163,0.00000165499443483,0.00000140737711263,9.8971031548e-7,8.26158952805e-7],"median":[0.000714027672075,0.00116495718248,0.000711001979653,0.000389357504901,0.000174452448846,0.000119313430332,0.00014526398445,0.000119824959256,0.000133548208396,0.000106814171886,0.0000971875851974,0.000116177652671,0.000084770952526,0.0000916458375286,0.0000882536769495,0.0000625497486908,0.0000528044256498,0.0000444781217084,0.0000437617018179,0.0000538991407666,0.000065611100581,0.0000464780860057,0.0000348566572939,0.0000231988615269,0.0000228323860938,0.0000155465586431,0.00000804413593869,0.00000655223675494,0.00000442355394625,0.0000033850701584,0.00000223557412937,0.00000232077991313,0.00000187837781596,0.00000137175641157,0.00000110650557872,8.47965907269e-7,6.84072404056e-7,5.81640222208e-7,4.97481664752e-7,4.01898319069e-7],"min":[1.07908724987e-23,1.83014448112e-24,6.20245791592e-24,1.79363856223e-23,1.3223841015e-23,1.3345980349e-23,2.52706479169e-23,1.21507306487e-23,1.26077367037e-23,7.3117497821e-24,2.10807126153e-23,1.63928419994e-23,9.57570879374e-24,8.62552977771e-24,7.71259761818e-24,7.81908595177e-24,1.04655604609e-23,1.90302201535e-23,7.54387683663e-24,8.07324115822e-24,6.43917811306e-24,8.06444457026e-24,1.50841533121e-23,1.22713632583e-23,7.27691131794e-24,8.02313350238e-24,9.101335177e-24,1.23644228127e-23,9.60183823351e-24,6.72041491438e-24,1.44039627297e-23,1.1753061922e-23,7.28966798764e-24,9.24884506653e-24,9.61703327226e-24,6.41698469479e-24,6.31463906423e-24,9.36703299621e-24,1.26895723452e-23,1.00902022984e-23],"var":[0.00000100029649275,0.00000183274892152,0.0000015033120917,0.0000019063761556,2.04777464319e-7,1.05399124095e-7,1.45428927567e-7,2.41155078129e-7,2.71424738685e-7,1.47501239667e-7,4.90018869925e-8,8.63455085209e-8,7.00109055174e-8,4.34451159492e-8,1.7260399332e-8,7.12875625197e-9,6.64974741937e-9,8.42346814522e-9,3.55211815517e-9,4.04497280115e-9,4.38455582952e-9,3.35398397944e-9,3.40043948555e-9,1.2419156814e-9,9.56758450243e-10,6.39710784345e-10,7.40022210177e-11,4.8077646031e-11,2.27960150756e-11,2.36026285322e-11,2.09640065724e-11,1.33319882911e-11,1.66718965022e-11,3.05813464829e-11,4.99973187851e-11,2.86964237095e-11,3.39729078203e-11,2.28005878067e-11,8.1532523788e-12,6.44278467382e-12]},"melbands_crest":{"dmean":3.14165449142,"dmean2":5.24233484268,"dvar":6.92487478256,"dvar2":19.1899719238,"max":31.2542266846,"mean":11.5975379944,"median":11.125544548,"min":1.62280142307,"var":17.8577613831},"melbands_flatness_db":{"dmean":0.0208282656968,"dmean2":0.033632542938,"dvar":0.000342001934769,"dvar2":0.00087238184642,"max":0.535187840462,"mean":0.157764866948,"median":0.146047025919,"min":0.00428382726386,"var":0.00395843200386},"melbands_kurtosis":{"dmean":3.25721025467,"dmean2":5.26731967926,"dvar":48.2701377869,"dvar2":119.153083801,"max":190.721969604,"mean":4.98151493073,"median":2.32468247414,"min":-1.61046600342,"var":94.679107666},"melbands_skewness":{"dmean":0.547337591648,"dmean2":0.880047082901,"dvar":0.324247837067,"dvar2":0.787508130074,"max":10.2150592804,"mean":1.79347395897,"median":1.56871414185,"min":-0.420111119747,"var":1.22810721397},"melbands_spread":{"dmean":7.51088094711,"dmean2":12.0177879333,"dvar":62.1509208679,"dvar2":147.613586426,"max":232.765640259,"mean":34.4714546204,"median":33.0417671204,"min":0.795029699802,"var":280.352050781},"mfcc":{"cov":[[8308.50390625,93.3116912842,-461.81237793,188.884811401,-10.0733661652,266.812103271,133.325836182,127.305915833,-19.4883174896,143.530563354,153.767410278,55.1818199158,-9.80004787445],[93.3116912842,862.879760742,-225.853302002,92.9606781006,-51.8135719299,-93.6034698486,32.5441436768,5.25406694412,6.27878332138,-16.1039123535,8.57483100891,-7.35340070724,21.5094680786],[-461.81237793,-225.853302002,593.40411377,16.2706317902,90.719581604,117.135726929,-4.71600246429,-21.9556026459,-11.1477403641,-3.56190657616,-24.5029010773,-11.9390668869,-36.918422699],[188.884811401,92.9606781006,16.2706317902,149.567687988,41.9443664551,39.67760849,17.5181331635,-11.2600297928,2.10548830032,-2.89346504211,8.878698349,3.47517800331,-7.31012964249],[-10.0733661652,-51.8135719299,90.719581604,41.9443664551,164.258804321,60.5769844055,-23.6078090668,3.4335975647,9.73800468445,-5.17468547821,1.23514723778,7.68241453171,-15.2071475983],[266.812103271,-93.6034698486,117.135726929,39.67760849,60.5769844055,131.394836426,42.5364341736,3.06693124771,2.3387131691,8.64435482025,5.09957265854,-0.21057215333,-15.8838100433],[133.325836182,32.5441436768,-4.71600246429,17.5181331635,-23.6078090668,42.5364341736,112.657501221,31.0855197906,11.3689231873,3.1922249794,-1.82219982147,0.405139833689,3.3864467144],[127.305915833,5.25406694412,-21.9556026459,-11.2600297928,3.4335975647,3.06693124771,31.0855197906,70.9309310913,23.1485729218,4.90722322464,1.43228673935,2.5272769928,1.64793145657],[-19.4883174896,6.27878332138,-11.1477403641,2.10548830032,9.73800468445,2.3387131691,11.3689231873,23.1485729218,60.0565223694,23.8545475006,8.56463909149,3.51349282265,4.71738910675],[143.530563354,-16.1039123535,-3.56190657616,-2.89346504211,-5.17468547821,8.64435482025,3.1922249794,4.90722322464,23.8545475006,56.9211044312,29.4242992401,8.96461772919,2.76693415642],[153.767410278,8.57483100891,-24.5029010773,8.878698349,1.23514723778,5.09957265854,-1.82219982147,1.43228673935,8.56463909149,29.4242992401,65.8822860718,24.4816226959,8.35983657837],[55.1818199158,-7.35340070724,-11.9390668869,3.47517800331,7.68241453171,-0.21057215333,0.405139833689,2.5272769928,3.51349282265,8.96461772919,24.4816226959,50.9882164001,20.889755249],[-9.80004787445,21.5094680786,-36.918422699,-7.31012964249,-15.2071475983,-15.8838100433,3.3864467144,1.64793145657,4.71738910675,2.76693415642,8.35983657837,20.889755249,58.6403083801]],"icov":[[0.000168660903,-0.0000130313719637,0.000210306156077,-0.00017519123503,0.000150764288264,-0.000572438701056,0.000173003878444,-0.0004240507551,0.000407063984312,-0.000416728085838,-0.0000841462097014,-0.0000640281650703,0.0000512202386744],[-0.0000130313719637,0.00160289520863,0.000317998841638,-0.00128958572168,-0.000072769325925,0.00154024269432,-0.000861900567543,0.000113562658953,-0.000115819573693,0.000407863291912,-0.000413485075114,0.000684058002662,-0.000300433457596],[0.000210306156077,0.000317998841638,0.00259010214359,-0.000111588524305,-0.000305318360915,-0.00243997946382,0.000574082951061,0.0000625001484877,0.000643122300971,-0.000698641757481,0.000852420111187,-0.000145367346704,0.000671744870488],[-0.00017519123503,-0.00128958572168,-0.000111588524305,0.00935773644596,-0.00206967093982,-0.00189714715816,-0.00137626496144,0.00296752993017,-0.00126294023357,0.00161323172506,-0.00112169596832,-0.000498038658407,0.000848321476951],[0.000150764288264,-0.000072769325925,-0.000305318360915,-0.00206967093982,0.0101752681658,-0.00577823584899,0.00532831531018,-0.0026322635822,-0.00227697053924,0.00233455351554,0.000305463734549,-0.00253628613427,0.00137451535556],[-0.000572438701056,0.00154024269432,-0.00243997946382,-0.00189714715816,-0.00577823584899,0.018241006881,-0.00856665987521,0.0029754282441,0.000478840753203,-0.00124041805975,-0.00139091303572,0.00169517146423,0.00103468901943],[0.000173003878444,-0.000861900567543,0.000574082951061,-0.00137626496144,0.00532831531018,-0.00856665987521,0.0154857393354,-0.00667706783861,-0.000891849689651,0.000510983925778,0.00168604357168,-0.00119154888671,-0.000878636550624],[-0.0004240507551,0.000113562658953,0.0000625001484877,0.00296752993017,-0.0026322635822,0.0029754282441,-0.00667706783861,0.0205733459443,-0.00760800251737,0.00254202680662,-0.000323961430695,-0.000410964916227,0.0009121975163],[0.000407063984312,-0.000115819573693,0.000643122300971,-0.00126294023357,-0.00227697053924,0.000478840753203,-0.000891849689651,-0.00760800251737,0.025059107691,-0.0120659992099,0.00166760350112,0.000850176846143,-0.00182468502317],[-0.000416728085838,0.000407863291912,-0.000698641757481,0.00161323172506,0.00233455351554,-0.00124041805975,0.000510983925778,0.00254202680662,-0.0120659992099,0.029865808785,-0.0116401547566,0.000629024871159,0.000707295665052],[-0.0000841462097014,-0.000413485075114,0.000852420111187,-0.00112169596832,0.000305463734549,-0.00139091303572,0.00168604357168,-0.000323961430695,0.00166760350112,-0.0116401547566,0.024629522115,-0.00986837595701,0.000567968701944],[-0.0000640281650703,0.000684058002662,-0.000145367346704,-0.000498038658407,-0.00253628613427,0.00169517146423,-0.00119154888671,-0.000410964916227,0.000850176846143,0.000629024871159,-0.00986837595701,0.0286289677024,-0.00942330341786],[0.0000512202386744,-0.000300433457596,0.000671744870488,0.000848321476951,0.00137451535556,0.00103468901943,-0.000878636550624,0.0009121975163,-0.00182468502317,0.000707295665052,0.000567968701944,-0.00942330341786,0.0217517241836]],"mean":[-605.457763672,116.678382874,-18.7366104126,18.9569168091,10.7637262344,4.27629995346,2.74853277206,10.68379879,2.15493750572,0.163943648338,-0.737632930279,0.735639154911,0.784412264824]},"pitch_salience":{"dmean":0.0639264211059,"dmean2":0.107028588653,"dvar":0.00306466850452,"dvar2":0.00872663408518,"max":0.826631546021,"mean":0.600681841373,"median":0.606770813465,"min":0.137053668499,"var":0.00705215567723},"silence_rate_20dB":{"dmean":0,"dmean2":0,"dvar":0,"dvar2":0,"max":1,"mean":1,"median":1,"min":1,"var":0},"silence_rate_30dB":{"dmean":0,"dmean2":0,"dvar":0,"dvar2":0,"max":1,"mean":1,"median":1,"min":1,"var":0},"silence_rate_60dB":{"dmean":0.00145296042319,"dmean2":0.00290618464351,"dvar":0.00145064818207,"dvar2":0.00307870539837,"max":1,"mean":0.0387723594904,"median":0,"min":0,"var":0.0372749604285},"spectral_centroid":{"dmean":205.967132568,"dmean2":323.884399414,"dvar":49528.4257813,"dvar2":106853.703125,"max":10629.1552734,"mean":1667.78430176,"median":1680.51086426,"min":200.385437012,"var":250196.328125},"spectral_complexity":{"dmean":3.58427166939,"dmean2":5.77640533447,"dvar":10.6828308105,"dvar2":25.1845397949,"max":54,"mean":31.2381725311,"median":34,"min":0,"var":107.964668274},"spectral_contrast_coeffs":{"dmean":[0.0568717345595,0.0447370447218,0.0361024029553,0.0284444037825,0.0212757587433,0.0163333155215],"dmean2":[0.0941965430975,0.0736261159182,0.0588571317494,0.0470819845796,0.0353878699243,0.0271294005215],"dvar":[0.00223174411803,0.00131139962468,0.000832752441056,0.000536343257409,0.000293885153951,0.000214240164496],"dvar2":[0.00577503535897,0.00348157668486,0.00218554562889,0.00139462389052,0.000776254863013,0.000555177626666],"max":[-0.353968918324,-0.44943344593,-0.431394129992,-0.549529135227,-0.534419357777,-0.607023179531],"mean":[-0.660817146301,-0.741874098778,-0.766473889351,-0.78677791357,-0.776679217815,-0.766914486885],"median":[-0.664842247963,-0.746644198895,-0.771536588669,-0.789176285267,-0.77789992094,-0.763993442059],"min":[-0.933079838753,-0.964549779892,-0.963888883591,-0.954400241375,-0.959329068661,-0.960604906082],"var":[0.00549542857334,0.00446579419076,0.00339278508909,0.00172298285179,0.00158290448599,0.00128482549917]},"spectral_contrast_valleys":{"dmean":[0.39549279213,0.3154104352,0.27378448844,0.238115057349,0.187646612525,0.215305566788],"dmean2":[0.663650512695,0.520175993443,0.445333480835,0.381445884705,0.302533477545,0.306826114655],"dvar":[0.110911302269,0.0868752896786,0.0673979967833,0.0608352683485,0.052349794656,0.0687908530235],"dvar2":[0.28512147069,0.196735456586,0.141147434711,0.119355730712,0.0995389968157,0.120785042644],"max":[-5.45981216431,-4.88361406326,-5.276866436,-5.67516040802,-5.87461137772,-7.31875181198],"mean":[-7.04328632355,-6.65722322464,-6.82618141174,-7.0300078392,-7.03951358795,-9.88593864441],"median":[-6.80498886108,-6.4224486351,-6.56498813629,-6.71504926682,-6.72302103043,-9.61883926392],"min":[-27.8058567047,-27.7189903259,-27.4306297302,-27.5600337982,-27.1898651123,-27.1687698364],"var":[2.02073836327,1.73118412495,1.7837536335,1.81520485878,1.77683031559,1.7720335722]},"spectral_decrease":{"dmean":1.93205162979e-9,"dmean2":3.15108628079e-9,"dvar":4.61711000744e-18,"dvar2":1.14285771516e-17,"max":6.03387807725e-18,"mean":-7.01006497295e-9,"median":-6.75035094488e-9,"min":-2.53400713746e-8,"var":1.05553035538e-17},"spectral_energy":{"dmean":0.0075429789722,"dmean2":0.0122675495222,"dvar":0.0000705971688149,"dvar2":0.000173947963049,"max":0.0998054295778,"mean":0.0289951581508,"median":0.0281271431595,"min":1.0572023349e-20,"var":0.000173578780959},"spectral_energyband_high":{"dmean":0.000281231827103,"dmean2":0.00041387861711,"dvar":3.71937431964e-7,"dvar2":6.63538003209e-7,"max":0.0214969161898,"mean":0.000836184830405,"median":0.000619042140897,"min":7.60544590305e-21,"var":0.00000128135252453},"spectral_energyband_low":{"dmean":0.00443806219846,"dmean2":0.00760985165834,"dvar":0.0000239470355154,"dvar2":0.0000664481704007,"max":0.0553408153355,"mean":0.00793792773038,"median":0.00643176818267,"min":4.8176454923e-23,"var":0.0000369072549802},"spectral_energyband_middle_high":{"dmean":0.00202283589169,"dmean2":0.00318863266148,"dvar":0.00000462294519821,"dvar2":0.0000114792974273,"max":0.041467692703,"mean":0.0100225107744,"median":0.00915885344148,"min":1.56539144749e-21,"var":0.0000375038980565},"spectral_energyband_middle_low":{"dmean":0.00477747851983,"dmean2":0.0076729063876,"dvar":0.0000479018926853,"dvar2":0.000116049966891,"max":0.089489094913,"mean":0.0113591449335,"median":0.0091260811314,"min":4.1474688996e-22,"var":0.0000763564748922},"spectral_entropy":{"dmean":0.0901298299432,"dmean2":0.135193824768,"dvar":0.00929809827358,"dvar2":0.019428614527,"max":9.80618095398,"mean":7.76750612259,"median":7.830534935,"min":4.85984134674,"var":0.215501576662},"spectral_flux":{"dmean":0.0194283239543,"dmean2":0.0310119669884,"dvar":0.00043187889969,"dvar2":0.00101742311381,"max":0.240980163217,"mean":0.0931908115745,"median":0.0924153774977,"min":1.02820342518e-10,"var":0.00127867877018},"spectral_kurtosis":{"dmean":1.47690796852,"dmean2":2.49551081657,"dvar":8.58131790161,"dvar2":25.7042789459,"max":85.853553772,"mean":5.7935423851,"median":4.8676366806,"min":-1.18687868118,"var":36.5444221497},"spectral_rms":{"dmean":0.000665582076181,"dmean2":0.00107321178075,"dvar":4.6897397965e-7,"dvar2":0.00000114128056339,"max":0.00986768212169,"mean":0.00512636173517,"median":0.00523842684925,"min":3.21156794734e-12,"var":0.00000200836598196},"spectral_rolloff":{"dmean":417.323883057,"dmean2":688.069519043,"dvar":403879.0625,"dvar2":846048.375,"max":19810.546875,"mean":2047.8782959,"median":1937.98828125,"min":86.1328125,"var":3576204},"spectral_skewness":{"dmean":0.173280358315,"dmean2":0.287720769644,"dvar":0.0504133105278,"dvar2":0.145671501756,"max":7.66551446915,"mean":1.64625608921,"median":1.5922960043,"min":0.0352406837046,"var":0.309327304363},"spectral_spread":{"dmean":363857.5625,"dmean2":524504.8125,"dvar":259113467904,"dvar2":384336691200,"max":39950240,"mean":4156596.5,"median":3955789.75,"min":1008552.0625,"var":2003612991490},"spectral_strongpeak":{"dmean":0.614857375622,"dmean2":1.06779766083,"dvar":0.883424341679,"dvar2":2.27266120911,"max":12.4520082474,"mean":0.869291365147,"median":0.360242664814,"min":0,"var":1.27507579327},"zerocrossingrate":{"dmean":0.00798839982599,"dmean2":0.01004920993,"dvar":0.000102859150502,"dvar2":0.000131333261379,"max":0.5302734375,"mean":0.0725065544248,"median":0.06640625,"min":0.0068359375,"var":0.00235789874569}},"metadata":{"audio_properties":{"analysis_sample_rate":44100,"bit_rate":192020,"codec":"mp3","downmix":"mix","equal_loudness":0,"length":255.686523438,"lossless":false,"md5_encoded":"ec45cb36a9a6402351f830c75e1526fa","replay_gain":-4.9277305603,"sample_rate":44100},"tags":{"acoustid_fingerprint":["AQADtImiRImSJArCa8e0w3XA6Dl2ocd7-PiP30IOBzrZ4YcP6HB7lGl55Dxu5EeTH4qe414qtPLxER8eqcgQRtVxCe9Reiv2W7hY4ZqyQvuM8sZmxNfxHS3LoRJ5NLWNPDROE1qO0rhRPYflo7oEXcd0_MThO7h2PDnc40teuELIpch3vOiHpnuhHz--C1pKdEeE-k7RbDp-9HBRHmcQ80FzEdrx4ZJ29Dj644fOo4epZDl6HBeqLTaahMGH60F_iK2OCm-Oyhp8fPhxY6RyNHrxLEJzRjl65jheyehf2OFRb8eLTiMcZyd-6IS_4xfyI52GnzghHpWOPD3yDXoR5kZxEvvxo3nRmR1-9ION8NB3nF-gpcV1hME7nOjR9NuRH9eEhh8qKocO_mhQ-cjF4RFdVD_OaMKFw8-RlRk0HS-L-Oh5-Bcui4M5pGt-1MNdQUtN_IMZd_jM4BT0wejxOoLi5aj2B5uyQDuNo9lKhH9xHCVDNCJ-_Gj6ox-OPkd-WMePH6ZyXMN5-AG0HlWDNLGEtseJ8IM9xdDxK4dVZsc3Qd_hEy9OCs6FiZSF33g0aM-In0I1_SilHM2JOzQu6tByE6_guCP6Gxc-dej7w0ctHBXVDofsCEekkscP5od_TMbzoRdMRjlc9ETc5MGl4Oyh4yjFH817KJ2iHL_wC-IeBo-PJz_2HNp3eOmHStNxHv6UIy_Ko-mFbzuaL-jxEX2uwvmKZw_CHXoRnUfJI8wPHY1DoZSM_8iH5jlC1a6gXJmHXBb8LBt-HM4aCQ-u5R5yhqGCyw8a9UWb7dAfoxR1RPtwEdaolCiX40ZOUFSO68N1CuGL5jvySLiOHz0PLdZifAfLb2geJQ40i8aLC6WU62gefIeudCj7IYwUjcORE9SmKD_u4C-ORxn8B6eHZ8EP8UK8ZfCP9_h0VCeaM2CbIz-0xhn8oced42EwpQq068GdBWE4opR4YHoYNCM3HZeSZ_iPME8E7eCHZ0yRU7QxzcsEf0T6QyOzRvjxY-phbTT-4IOf7Kgo5CEO5h4aC38X4urBLDxiXSV6Qf_R9MhDfMG-47vhHpWs48cjlD8iZRTOz9CP6wiP_NxwlfgOzQ9e9BCVH1Vz5LrBc0eP5niOa3lyNMl-IbyFB__x48mh9_BFPCfu49AyKcJpNBzxmMhfdFNGobmUCs-RP4GbSdCVQzuNZs9xE7Mu4UnQ3Ogh5wi_YOqPalfQhEmUdLgoHOH6g88CzcZzEvly7GiOPsTFCDl-NGkYlFp0_PjjwMe541jbo-mOkoeuo5vqobG2Qhd-fMuHMFPEzqioH_-GHpn0CT1zXD50HM2zuJBpXDx8fA7yeXCIPx9-uNvRavhQ3mhSRS9-H0d1ItOPl9CP_0ipGtfhn_iNp_gJyiUe5rhzdLcRsjx8aEceBicaKV3RF-fRSjmaH8eHStNiB9ZEo7KE5DzCLxf84HDUG1d8eNfQsWiO6jliC9-FNj5eBtIPiI_RxscVNDfk40jR40f_wQqXfPhwvJ5BcUuMng1Y5DJ0hIfV7MHdDv8KH_V-nOjDHH50hIe0jUHzoOjRSNKRV0dwGkVzCRePS8eDZqPQ57jwFmHWPUU7HKF1-IuG8lfAQ0sXohcuGjruBw139NqD0B98VMOJ8MvhCzpzOI-MsNHxlBmerAqaI_yOD-ofdN0HO8G3C3qNC852odSH