{"lowlevel":{"average_loudness":0.931105673313,"barkbands":{"dmean":[0.00000805196668807,0.00284810946323,0.00204615923576,0.00399316102266,0.00323598249815,0.000973013986368,0.00057607574854,0.000475306937005,0.000709807209205,0.000409561500419,0.000330403388944,0.000324391468894,0.000413318164647,0.000424173485953,0.000338069861755,0.00043944871868,0.0004467566323,0.000321152358083,0.000226730131544,0.000186049976037,0.000131924884045,0.000109220396553,0.0000846599868964,0.0000639179197606,0.000036470242776,0.0000238055254158,0.00000111145072879],"dmean2":[0.0000138007208079,0.00431404588744,0.00370195298456,0.00675654225051,0.00547893159091,0.00156843301374,0.000935703108553,0.000773934822064,0.00113566697109,0.000671324669383,0.000521812762599,0.000522433954757,0.000675131916068,0.000689928419888,0.000555118196644,0.000716820824891,0.000727215083316,0.000519157911185,0.000372398440959,0.000304590561427,0.000213607534533,0.000166141297086,0.000122158846352,0.0000895274715731,0.0000494020387123,0.0000315081342706,0.00000175850357209],"dvar":[1.70071373651e-10,0.0000307379159494,0.0000168346650753,0.0000469927763334,0.0000188671183423,0.00000375507624994,0.00000106609763861,0.00000162896901656,0.00000209605309465,6.72307407967e-7,7.47464014239e-7,7.60659133903e-7,7.11409199994e-7,6.35697119833e-7,4.82397069845e-7,5.7270221987e-7,5.40950395589e-7,3.19887419664e-7,2.19619423092e-7,9.20262053228e-8,5.62750024358e-8,6.08073378316e-8,6.00926810534e-8,5.80146171103e-8,1.55941890512e-8,1.01400150498e-8,3.0971333137e-11],"dvar2":[4.54157489393e-10,0.0000611382783973,0.0000475140914205,0.00011971850472,0.0000523998387507,0.00000901730254554,0.00000258057480096,0.00000391702678826,0.00000480750350107,0.00000161123489306,0.00000168505789588,0.00000182111409686,0.00000175225602561,0.00000154903034399,0.00000124185964978,0.00000141991029068,0.00000131217120725,7.78346077368e-7,5.76463321522e-7,2.28196341823e-7,1.35473769092e-7,1.23654245954e-7,1.06815811307e-7,1.00720960461e-7,2.73991460631e-8,1.64577116379e-8,7.5720707482e-11],"max":[0.000366408552509,0.0606092885137,0.0522787421942,0.0839531645179,0.0550991483033,0.0525785051286,0.0184760820121,0.0347529351711,0.0370963253081,0.0188047066331,0.0215327292681,0.0243495423347,0.0258524846286,0.0247188545763,0.0148334661499,0.0131217101589,0.0211077965796,0.0186168141663,0.0231168195605,0.00933117885143,0.00516929989681,0.00761782377958,0.0116930482909,0.0103053739294,0.0035838491749,0.0032301263418,0.000211876977119],"mean":[0.00000827977419249,0.00344265950844,0.0020234240219,0.00440592877567,0.00581757770851,0.0015331832692,0.000901777530089,0.000669371511322,0.00115528015886,0.000632285315078,0.000508842756972,0.000476338726003,0.000658352393657,0.000705718470272,0.000516467378475,0.000763267104048,0.000873658573255,0.000626617227681,0.000476474699099,0.000404470134526,0.000280987209408,0.000231405574596,0.000183112977538,0.000139381561894,0.0000745129873394,0.0000384214145015,0.0000011360903045],"median":[0.00000397736857849,0.000966812658589,0.00094223767519,0.0021291137673,0.00450415862724,0.000823455280624,0.000473455351312,0.000198605266633,0.000495995976962,0.000323347980157,0.000154821143951,0.000167783990037,0.000300057698041,0.000375849282136,0.000259672611719,0.000439529510913,0.00054798234487,0.000403438869398,0.000328483321937,0.000280162552372,0.000176484012627,0.000123659483506,0.0000867858761922,0.0000671847519698,0.0000322878768202,0.00000918060868571,9.75815410698e-8],"min":[4.90693916279e-26,9.5531272559e-25,8.13179699666e-26,2.32737682171e-25,6.60113677893e-24,5.16727558747e-24,4.78793446625e-24,6.44237142201e-24,1.02433509657e-23,7.56957476948e-24,1.08052147788e-23,2.37486749066e-23,8.53513184e-24,2.31620826707e-23,2.89665937865e-23,2.66822356207e-23,5.6853893326e-23,6.46900841488e-23,9.54248875662e-23,1.43574578016e-22,1.84382163317e-22,2.56695565751e-22,3.72068480002e-22,5.04256753308e-22,8.03043134927e-22,1.1667206845e-21,1.82320583257e-21],"var":[1.6101076028e-10,0.0000406077087973,0.0000123816917039,0.0000489478588861,0.0000293854882329,0.00000660320529278,0.00000205941250897,0.00000373801844944,0.0000046190066314,0.0000012080633951,0.00000162443620866,0.0000013380680457,0.00000150509936248,0.00000122247752188,7.05420063696e-7,0.0000011321059219,0.00000125762471725,7.22982861134e-7,4.71120586099e-7,2.02568699592e-7,1.18401793259e-7,1.57794033839e-7,1.88719866401e-7,1.66930163914e-7,4.00593300753e-8,2.35503332391e-8,3.61463359244e-11]},"barkbands_crest":{"dmean":2.65159630775,"dmean2":4.38091754913,"dvar":5.59119033813,"dvar2":15.1222763062,"max":23.9814319611,"mean":9.28016376495,"median":8.63266181946,"min":2.32766151428,"var":13.7866592407},"barkbands_flatness_db":{"dmean":0.019010560587,"dmean2":0.029746895656,"dvar":0.000277216051472,"dvar2":0.000657065946143,"max":0.351946413517,"mean":0.117555610836,"median":0.110639378428,"min":0.0246560815722,"var":0.00176678074058},"barkbands_kurtosis":{"dmean":1.97662627697,"dmean2":3.14683365822,"dvar":12.0803947449,"dvar2":26.1227855682,"max":109.874732971,"mean":2.86465811729,"median":0.608097493649,"min":-1.84395670891,"var":64.6398162842},"barkbands_skewness":{"dmean":0.495837301016,"dmean2":0.777493000031,"dvar":0.211736649275,"dvar2":0.491810679436,"max":8.3072052002,"mean":1.25494766235,"median":1.15153455734,"min":-2.58248448372,"var":1.60641098022},"barkbands_spread":{"dmean":5.56705713272,"dmean2":8.83833122253,"dvar":31.6144161224,"dvar2":74.0643310547,"max":143.901107788,"mean":27.2116127014,"median":26.8967285156,"min":1.12493860722,"var":144.470092773},"dissonance":{"dmean":0.0110261458904,"dmean2":0.0186588522047,"dvar":0.000118456307973,"dvar2":0.000317223399179,"max":0.500000119209,"mean":0.478543370962,"median":0.482814610004,"min":0.250331699848,"var":0.000284408277366},"dynamic_complexity":1.99883246422,"erbbands":{"dmean":[0.0490443408489,0.744607508183,1.9814914465,7.86236715317,13.688747406,10.3118114471,8.49326324463,8.08012104034,8.34146785736,9.74223041534,9.43162631989,16.5294952393,14.99310112,11.252035141,12.2887868881,13.0060939789,18.1713142395,19.4925861359,17.9926681519,17.8087120056,25.8123416901,21.3380050659,19.0161170959,11.2271308899,10.6175088882,8.48465442657,6.07834768295,5.07481241226,4.12413787842,3.16040492058,2.3546037674,1.635445714,0.929086983204,0.45923820138,0.251276314259,0.123594008386,0.0397191271186,0.00628017494455,0.000127036430058,0.0000142496337503],"dmean2":[0.0726766958833,1.12976467609,3.45460534096,13.4150047302,23.4258174896,17.3038959503,13.9248180389,13.1018295288,13.6010007858,16.038684845,15.151014328,26.3629188538,24.4798030853,17.9886379242,19.2571125031,20.8083286285,29.380405426,31.5767707825,29.2700805664,29.1248817444,42.1788406372,34.6232566833,30.7721328735,18.4036102295,17.3177013397,13.9215612411,9.84990119934,8.18744277954,6.40111970901,4.64854574203,3.44838380814,2.32330679893,1.32523930073,0.63490241766,0.343531847,0.167674034834,0.052491992712,0.00857123918831,0.000172365980688,0.0000207080047403],"dvar":[0.00928316544741,2.05977368355,14.7044649124,152.149246216,541.132141113,184.028991699,194.265289307,344.068634033,257.757110596,442.664764404,523.93737793,1345.7947998,949.735656738,694.807556152,1053.99682617,1166.03564453,1436.22216797,1222.74609375,1276.44812012,1619.64990234,1934.43762207,1203.76464844,1191.0098877,526.568054199,328.347686768,221.465103149,122.106628418,78.4938354492,92.0590057373,67.3933486938,48.2764434814,39.6334686279,10.3840208054,2.18591952324,0.867679238319,0.264292120934,0.0305859409273,0.000848236435559,3.28359163859e-7,5.6422816419e-10],"dvar2":[0.0195753276348,4.03536748886,39.6760826111,392.590393066,1463.47766113,491.328277588,471.58505249,820.182128906,608.175842285,1110.77587891,1194.14855957,3141.62084961,2283.87915039,1577.73193359,2362.50683594,2823.71508789,3475.45141602,2942.50268555,3225.37329102,4150.55419922,4830.27539063,2927.59375,2889.95068359,1362.57067871,797.890563965,549.212402344,294.609283447,191.010665894,198.930160522,129.928833008,86.7966079712,69.9525299072,18.4742088318,4.00932741165,1.55995893478,0.45947483182,0.0500305444002,0.0015774150379,6.04826936978e-7,1.01973207656e-9],"max":[1.10435259342,15.9151916504,46.1857795715,129.670898438,376.099212646,215.244506836,315.847412109,463.436859131,397.12097168,581.696899414,561.031005859,1165.43566895,719.852844238,758.212097168,970.033325195,990.908447266,1310.64172363,759.592285156,1156.08007813,965.808898926,1397.48327637,1450.3951416,1319.26293945,1229.21032715,757.978210449,508.863067627,275.521820068,245.615570068,265.625549316,340.051849365,354.014648438,311.767486572,126.649307251,45.5404319763,30.9541511536,17.1207199097,6.97954368591,1.31151163578,0.0242295693606,0.000793856976088],"mean":[0.0564531572163,0.92337924242,2.29647636414,9.06824588776,18.4334812164,19.5045814514,14.302520752,12.165096283,12.8188724518,15.7016296387,14.1892662048,27.4019165039,24.1409072876,18.6138076782,20.4720859528,20.8211288452,30.6487560272,34.9353713989,31.0529880524,29.6760253906,49.9747962952,46.53358078,39.3376922607,23.9880237579,23.4265613556,18.6166343689,12.2986488342,11.1821727753,8.52951622009,6.64524888992,5.03409767151,3.42554163933,2.01283478737,0.966518342495,0.469638884068,0.206363484263,0.0617689043283,0.00864526443183,0.000192507970496,0.0000410140237364],"median":[0.0142100360245,0.277855694294,1.19810056686,4.81468009949,11.9264955521,13.7399625778,8.44061660767,6.11298704147,6.6643075943,6.52779531479,5.4252281189,10.8072853088,13.0644855499,8.58333206177,6.79755496979,8.5382194519,14.8971920013,19.7042121887,16.7028446198,16.4688949585,30.3373451233,31.0296974182,25.5821647644,16.9131317139,16.5592536926,12.9331493378,7.61611747742,7.22497367859,4.56960105896,3.22138404846,2.36705827713,1.54434478283,1.01629304886,0.466692864895,0.177248105407,0.0554510578513,0.0140561135486,0.00161687238142,0.0000544163049199,0.0000333754578605],"min":[3.33436989596e-23,2.73471948767e-22,1.19258976861e-21,3.57994439097e-21,1.19770720144e-20,2.04922752274e-20,1.60002337524e-20,4.3189002943e-20,7.65873992207e-20,1.45237987539e-19,1.9207517687e-19,3.08985924892e-19,3.18341311771e-19,5.34065440182e-19,7.33814151875e-19,9.86606337335e-19,1.13745140743e-18,1.53912049012e-18,1.82749198847e-18,2.73245549595e-18,2.31401997923e-18,3.73546368746e-18,4.52314642576e-18,5.6711531748e-18,6.34479748513e-18,7.582264231e-18,8.5841123017e-18,7.7802466019e-18,9.40026080643e-18,1.00767349016e-17,9.11087911375e-18,9.92645438231e-18,7.03379054532e-18,5.60602180054e-18,5.50838429617e-18,3.40389123405e-18,2.13295986252e-18,8.94825995482e-19,2.33036579192e-19,2.58629569963e-20],"var":[0.0117356153205,2.78722262383,12.9685573578,158.862838745,559.175048828,383.871795654,362.491424561,546.849121094,479.526123047,1093.22436523,1010.48730469,3109.24658203,1706.93884277,1437.26159668,2276.63891602,2115.6027832,3097.46020508,2652.71777344,2245.18017578,2123.72094727,4664.90234375,3142.26220703,2763.79199219,1101.55322266,800.367858887,443.38394165,249.787307739,172.989028931,208.841247559,188.003921509,151.122650146,110.603225708,29.1000175476,5.49933385849,2.0911052227,0.604980111122,0.069183267653,0.00157294806559,6.24280858119e-7,1.50598000737e-9]},"erbbands_crest":{"dmean":2.23730158806,"dmean2":3.70601177216,"dvar":4.8249630928,"dvar2":12.3262472153,"max":27.7889728546,"mean":7.47287082672,"median":6.55977249146,"min":2.45296955109,"var":12.5459632874},"erbbands_flatness_db":{"dmean":0.0139633519575,"dmean2":0.0203519389033,"dvar":0.000146781254443,"dvar2":0.000301379448501,"max":0.283842593431,"mean":0.141317978501,"median":0.139968648553,"min":0.0354699492455,"var":0.000877871410921},"erbbands_kurtosis":{"dmean":0.678611755371,"dmean2":1.09190046787,"dvar":1.02132928371,"dvar2":2.49264502525,"max":30.3627319336,"mean":-0.0670673251152,"median":-0.44600084424,"min":-1.74893736839,"var":2.41778874397},"erbbands_skewness":{"dmean":0.3016898036,"dmean2":0.474627584219,"dvar":0.0736638307571,"dvar2":0.175504431129,"max":4.87417840958,"mean":-0.159625381231,"median":-0.234380602837,"min":-3.37776494026,"var":0.485080122948},"erbbands_spread":{"dmean":8.03730201721,"dmean2":12.5662088394,"dvar":53.2102928162,"dvar2":125.244728088,"max":124.743804932,"mean":43.5250244141,"median":42.4871444702,"min":6.08695888519,"var":212.149002075},"gfcc":{"cov":[[52338.984375,3117.83935547,-5519.34033203,2086.89624023,-2482.92822266,529.867431641,-2048.83447266,264.491729736,-1192.95654297,-148.538284302,-978.146179199,-143.127700806,-581.458984375],[3117.83935547,1035.61743164,-442.28112793,160.908248901,24.3930530548,-34.9013366699,-53.5837020874,-64.0374145508,-40.0564651489,-104.947128296,17.235080719,-80.6080703735,40.5084457397],[-5519.34033203,-442.28112793,1157.3404541,-233.949920654,325.171264648,27.0006313324,214.774078369,-7.63807058334,65.3342132568,59.7410507202,48.6035881042,98.2775878906,18.2730827332],[2086.89624023,160.908248901,-233.949920654,308.308013916,-71.4680404663,19.0953559875,-94.83203125,-24.7476482391,-10.0309753418,-29.3944129944,-7.75662279129,-30.2361526489,14.8745317459],[-2482.92822266,24.3930530548,325.171264648,-71.4680404663,342.471191406,-5.33994674683,123.864547729,-9.61014080048,61.4189186096,15.3996248245,59.2298240662,23.1123275757,47.4970474243],[529.867431641,-34.9013366699,27.0006313324,19.0953559875,-5.33994674683,135.170059204,34.8157920837,17.7681541443,-26.6223812103,20.9404640198,-1.19102013111,14.6849117279,-16.0918750763],[-2048.83447266,-53.5837020874,214.774078369,-94.83203125,123.864547729,34.8157920837,205.946136475,41.1066741943,63.2334594727,12.948600769,58.4731826782,0.852057278156,23.0544662476],[264.491729736,-64.0374145508,-7.63807058334,-24.7476482391,-9.61014080048,17.7681541443,41.1066741943,137.7940979,47.4581680298,37.8082885742,-19.4699478149,19.8491840363,-11.9931030273],[-1192.95654297,-40.0564651489,65.3342132568,-10.0309753418,61.4189186096,-26.6223812103,63.2334594727,47.4581680298,136.446533203,31.2986965179,36.9163169861,-14.9075193405,28.576461792],[-148.538284302,-104.947128296,59.7410507202,-29.3944129944,15.3996248245,20.9404640198,12.948600769,37.8082885742,31.2986965179,91.0713806152,20.9295330048,22.1124801636,-13.4046106339],[-978.146179199,17.235080719,48.6035881042,-7.75662279129,59.2298240662,-1.19102013111,58.4731826782,-19.4699478149,36.9163169861,20.9295330048,96.4880752563,16.1361026764,29.667016983],[-143.127700806,-80.6080703735,98.2775878906,-30.2361526489,23.1123275757,14.6849117279,0.852057278156,19.8491840363,-14.9075193405,22.1124801636,16.1361026764,87.2729263306,18.7509155273],[-581.458984375,40.5084457397,18.2730827332,14.8745317459,47.4970474243,-16.0918750763,23.0544662476,-11.9931030273,28.576461792,-13.4046106339,29.667016983,18.7509155273,71.2962417603]],"icov":[[0.00029568845639,-0.000738787348382,0.000661203055643,-0.000933182367589,0.000627061177511,-0.000830766337458,0.000784582109191,-0.0006684702239,0.000897808291484,-0.00105567416176,0.00148963427637,-0.00122278009076,0.00102848524693],[-0.000738787348382,0.00336967385374,-0.00108078762423,0.00205126521178,-0.00240123830736,0.00213647424243,-0.00175121985376,0.00136197463144,-0.00150455790572,0.00374704715796,-0.00451411493123,0.00410821475089,-0.00310798338614],[0.000661203055643,-0.00108078762423,0.00348289427347,-0.00185247790068,0.0000701131066307,-0.00172941759229,0.0000575289523113,0.000335616816301,0.00114001100883,-0.00257723312825,0.00486637372524,-0.0050799427554,0.00347076565959],[-0.000933182367589,0.00205126521178,-0.00185247790068,0.00803073681891,-0.0018657919718,0.000123474266729,0.000896176847164,0.00150975701399,-0.00382994394749,0.00476925261319,-0.00626902002841,0.00577163510025,-0.00521928770468],[0.000627061177511,-0.00240123830736,0.0000701131066307,-0.0018657919718,0.0067333499901,-0.00137215154245,-0.0000344641121046,-0.000547864590771,0.00099550455343,-0.00321129942313,0.00302649615332,-0.00302704889327,0.00050718273269],[-0.000830766337458,0.00213647424243,-0.00172941759229,0.000123474266729,-0.00137215154245,0.013096245937,-0.00716933095828,0.00202835071832,0.00114464922808,-0.00064745254349,-0.00238807103597,0.00138402194716,-0.000993076479062],[0.000784582109191,-0.00175121985376,0.0000575289523113,0.000896176847164,-0.0000344641121046,-0.00716933095828,0.0162361133844,-0.00849206466228,0.00179718376603,0.00194714439567,-0.00492987502366,0.00370563892648,-0.000359317520633],[-0.0006684702239,0.00136197463144,0.000335616816301,0.00150975701399,-0.000547864590771,0.00202835071832,-0.00849206466228,0.0176173131913,-0.00958918593824,-0.00193471682724,0.00644411472604,-0.00668138917536,0.00246120081283],[0.000897808291484,-0.00150455790572,0.00114001100883,-0.00382994394749,0.00099550455343,0.00114464922808,0.00179718376603,-0.00958918593824,0.0195865500718,-0.00754076149315,-0.000556999875698,0.00548251066357,-0.00439365254715],[-0.00105567416176,0.00374704715796,-0.00257723312825,0.00476925261319,-0.00321129942313,-0.00064745254349,0.00194714439567,-0.00193471682724,-0.00754076149315,0.023162920028,-0.0124143864959,0.0023996529635,0.00187710521277],[0.00148963427637,-0.00451411493123,0.00486637372524,-0.00626902002841,0.00302649615332,-0.00238807103597,-0.00492987502366,0.00644411472604,-0.000556999875698,-0.0124143864959,0.0297554749995,-0.0145562356338,0.00423307204619],[-0.00122278009076,0.00410821475089,-0.0050799427554,0.00577163510025,-0.00302704889327,0.00138402194716,0.00370563892648,-0.00668138917536,0.00548251066357,0.0023996529635,-0.0145562356338,0.0293960906565,-0.015622430481],[0.00102848524693,-0.00310798338614,0.00347076565959,-0.00521928770468,0.00050718273269,-0.000993076479062,-0.000359317520633,0.00246120081283,-0.00439365254715,0.00187710521277,0.00423307204619,-0.015622430481,0.0288084577769]],"mean":[-16.0396003723,81.5682983398,-120.673683167,45.2154502869,-53.8403167725,11.3106451035,-45.550163269,4.5209107399,-29.4071846008,-4.69328308105,-21.8004837036,-3.38044095039,-12.1780319214]},"hfc":{"dmean":6.24040794373,"dmean2":9.1606798172,"dvar":84.2609710693,"dvar2":157.437026978,"max":248.952148438,"mean":24.5035743713,"median":21.1848583221,"min":1.04373590135e-16,"var":386.605316162},"melbands":{"dmean":[0.000656496093143,0.000939592078794,0.001569095999,0.000834530161228,0.000309358321829,0.000180604765774,0.000122908197227,0.000107568615931,0.0000829932978377,0.000104877137346,0.0000752412961447,0.0000464860604552,0.0000446250196546,0.0000370016823581,0.0000377630858566,0.0000412028020946,0.0000395305833081,0.0000324887369061,0.0000250071789196,0.0000248844808084,0.0000356827185897,0.0000258135914919,0.0000225644944294,0.0000147980263137,0.00000979629021458,0.00000874810484675,0.00000798089240561,0.00000599261420575,0.0000045758606575,0.00000346667184203,0.00000311471922032,0.00000263476135842,0.00000210087046071,0.00000180347103651,0.00000149013249029,0.0000012261110669,0.00000100626664334,7.57911720939e-7,4.81356039472e-7,3.86254924933e-7],"dmean2":[0.000983876059763,0.00151156494394,0.00266525475308,0.00141234614421,0.000509806210175,0.00029144785367,0.000199359667022,0.000176371409907,0.000133149005705,0.000167007339769,0.000123085381347,0.0000745248253224,0.000070150133979,0.0000597723483224,0.0000607206457062,0.0000672233218211,0.0000642498926027,0.0000529335666215,0.0000410342436226,0.0000403751764679,0.0000585332927585,0.0000420624637627,0.000036713143345,0.0000239831315412,0.0000162247506523,0.0000143797424244,0.0000132179438879,0.00000986840313999,0.00000750872823119,0.00000571168766328,0.00000505755269842,0.00000418998524765,0.00000319385549119,0.00000270895429821,0.00000224991936193,0.00000180687959528,0.00000146529214362,0.00000112401551178,6.88529837589e-7,5.52650533336e-7],"dvar":[0.00000164347022746,0.00000292935487778,0.00000667488302497,0.00000135704715376,2.01695712576e-7,1.51146579697e-7,5.19654079767e-8,6.21454105953e-8,3.5482976557e-8,5.24140340019e-8,2.38672619446e-8,1.16671898809e-8,1.43743310588e-8,1.1050925508e-8,7.08750258482e-9,6.90596602126e-9,5.43412470577e-9,4.36735270171e-9,3.13119752349e-9,2.57340682097e-9,4.02824840151e-9,1.99985872307e-9,1.55539103819e-9,8.33816460322e-10,4.57985843694e-10,3.55471346802e-10,1.49254858473e-10,1.09808363791e-10,6.58448018331e-11,4.02656415155e-11,2.99192268183e-11,3.24966685505e-11,2.93506469129e-11,2.44858525816e-11,1.95663867053e-11,1.64077605669e-11,1.78656707484e-11,7.57718540689e-12,2.28142136259e-12,1.68699212585e-12],"dvar2":[0.00000332926128976,0.00000658678391119,0.0000172301024577,0.00000372961426365,4.92579886213e-7,3.59950178108e-7,1.23302513089e-7,1.5701193945e-7,8.0825870441e-8,1.21501599892e-7,5.72496325901e-8,2.65482622552e-8,3.19690727224e-8,2.66613522371e-8,1.67443445775e-8,1.69857035104e-8,1.31148736315e-8,1.09678532922e-8,8.13025202717e-9,6.35672225968e-9,9.91732473921e-9,4.80661865865e-9,3.82918674546e-9,1.99296668058e-9,1.19948584398e-9,8.76007211215e-10,3.80622311447e-10,2.76184880521e-10,1.63267926956e-10,1.00059710517e-10,7.50237025282e-11,7.44509384698e-11,6.04723215947e-11,5.01214625359e-11,3.79324002764e-11,3.05170125281e-11,3.40885340788e-11,1.45902196574e-11,4.23035087863e-12,3.34766047348e-12],"max":[0.0146019281819,0.0199503451586,0.0330725759268,0.015906907618,0.009904733859,0.00904673617333,0.00531719159335,0.00759974401444,0.00498262792826,0.00695449626073,0.0034880717285,0.00294202566147,0.00332379667088,0.00289271352813,0.0020408523269,0.0020792952273,0.00170820043422,0.00259997393005,0.00148790760431,0.00127562694252,0.00235987035558,0.00189183151815,0.00129971525166,0.000889245886356,0.00115180911962,0.000941567181144,0.000259643857135,0.000378535652999,0.000176283007022,0.00013946161198,0.00015665704268,0.000133172856295,0.000201412738534,0.000205372125492,0.000234152990743,0.000190776831005,0.000224411502131,0.000118319228932,0.000055631975556,0.0000527066877112],"mean":[0.000778008368798,0.00124936818611,0.00187942828052,0.00143915484659,0.000565498019569,0.000277913961327,0.000192362189409,0.000170080951648,0.000124625308672,0.000170854211319,0.000116086259368,0.0000724677011021,0.000071295122325,0.0000540458240721,0.0000590542149439,0.0000664993058308,0.000065963686211,0.0000521918700542,0.0000377824762836,0.0000400583048759,0.0000647168562864,0.0000497020882904,0.0000426418664574,0.0000275994116237,0.0000183114589163,0.0000178112150024,0.0000156167225214,0.0000117396848509,0.00000830488443171,0.00000647256638331,0.00000638340907244,0.00000497300197821,0.00000403441163144,0.00000355508950634,0.00000296487360174,0.00000244796092375,0.00000195495999833,0.00000152844734203,9.98635755423e-7,7.48623676827e-7],"median":[0.000206253811484,0.000587933231145,0.00105046271347,0.0010497875046,0.000385024177376,0.000142030941788,0.000102520702058,0.0000651402515359,0.0000456885936728,0.000070622729254,0.0000604515371379,0.0000322725063597,0.0000219322864723,0.0000178594127647,0.0000264637110376,0.0000314845165121,0.0000352860588464,0.0000260501328739,0.000018578088202,0.0000220290967263,0.0000374850787921,0.0000314976132358,0.0000271333228739,0.0000168220794876,0.0000123268719108,0.0000118487514555,0.0000109636366687,0.00000765126696933,0.00000473436466564,0.00000402933437726,0.00000397774238081,0.00000264475261247,0.00000191861408894,0.00000168810038303,0.00000137797314892,0.00000109646043711,8.54013137541e-7,7.57148143293e-7,5.05850493937e-7,3.42553960309e-7],"min":[4.41161438648e-25,2.9662681198e-25,1.08669760796e-24,1.31093417989e-24,6.27579624351e-25,9.4781775813e-25,1.01397380301e-24,1.18223428422e-24,1.1479338232e-24,1.65780026422e-24,9.89719091187e-25,1.53161920142e-24,1.59475785334e-24,2.14009345281e-24,1.73908745012e-24,1.75900855456e-24,1.87752977798e-24,2.22023540989e-24,2.20999895357e-24,1.89162691957e-24,2.55548492575e-24,3.39752846662e-24,3.1269487817e-24,2.92696327311e-24,3.67904689128e-24,3.80095232798e-24,4.23971242473e-24,4.1573123533e-24,4.20945645357e-24,3.04656661647e-24,3.53159971619e-24,4.68006483721e-24,4.05395027547e-24,5.00738097616e-24,3.95616031665e-24,4.31671905414e-24,5.01886600208e-24,3.9133251695e-24,5.24708898399e-24,4.2318746972e-24],"var":[0.00000213875614463,0.00000371972009816,0.00000689246144248,0.00000204491061595,4.18182963813e-7,2.55235789837e-7,1.00761560873e-7,1.60549760153e-7,7.08003184968e-8,1.12271330011e-7,4.26017798816e-8,2.30318804029e-8,3.09321634973e-8,1.85702457856e-8,1.29572752527e-8,1.47013068386e-8,1.08603535054e-8,7.51033990554e-9,4.14458645182e-9,3.75289932464e-9,9.20106035807e-9,4.38759961696e-9,3.37718364385e-9,1.78517078897e-9,8.42850067517e-10,7.98249577549e-10,2.96588947846e-10,1.9971488352e-10,1.27363924962e-10,7.12384873314e-11,6.05400174436e-11,6.62828333886e-11,7.03105074162e-11,6.04214733801e-11,5.46219319775e-11,4.50092359217e-11,4.371562487e-11,1.87314521533e-11,5.87450964609e-12,3.57055552659e-12]},"melbands_crest":{"dmean":3.51926875114,"dmean2":5.82475280762,"dvar":10.3931131363,"dvar2":27.683839798,"max":31.6397953033,"mean":13.0792751312,"median":12.7013950348,"min":1.55399930477,"var":26.4918556213},"melbands_flatness_db":{"dmean":0.0246950350702,"dmean2":0.0384154692292,"dvar":0.00052290444728,"dvar2":0.00118100899272,"max":0.463253080845,"mean":0.160827994347,"median":0.153941631317,"min":0.0025575007312,"var":0.0043404167518},"melbands_kurtosis":{"dmean":5.68547201157,"dmean2":9.08859825134,"dvar":71.7780685425,"dvar2":169.004089355,"max":269.262023926,"mean":11.4037809372,"median":6.2216463089,"min":-1.79255104065,"var":310.231781006},"melbands_skewness":{"dmean":0.710720360279,"dmean2":1.11968684196,"dvar":0.459731519222,"dvar2":1.11151683331,"max":12.7733011246,"mean":2.59797501564,"median":2.40124702454,"min":-0.882305681705,"var":2.26338148117},"melbands_spread":{"dmean":9.08177375793,"dmean2":14.4667282104,"dvar":105.882423401,"dvar2":236.551391602,"max":189.418380737,"mean":33.4402618408,"median":27.173034668,"min":0.933916568756,"var":737.630615234},"mfcc":{"cov":[[13910.9345703,1475.54370117,-392.710723877,637.141967773,58.6022453308,49.8348464966,-202.945297241,26.3875465393,-61.7848014832,16.4448871613,-93.4020614624,-57.1605949402,-183.664215088],[1475.54370117,1153.25366211,-86.3170471191,186.119506836,132.672943115,51.4850883484,71.0041351318,35.3636016846,-3.12530183792,-21.5758590698,-28.9893722534,-14.1903944016,-51.180393219],[-392.710723877,-86.3170471191,409.345245361,-13.5077438354,18.0409297943,58.6490097046,28.3950309753,19.0758666992,1.53876507282,-25.8886032104,-6.62337446213,-3.53716611862,23.4258117676],[637.141967773,186.119506836,-13.5077438354,218.060882568,87.1483001709,19.4213485718,-19.2898750305,-1.09409153461,-0.268186748028,-0.576777398586,-14.306019783,-3.99200558662,-23.6039123535],[58.6022453308,132.672943115,18.0409297943,87.1483001709,157.58833313,48.5790176392,7.46450281143,0.945375978947,6.66345024109,-7.2464389801,-6.5282292366,-5.76794481277,-2.41136169434],[49.8348464966,51.4850883484,58.6490097046,19.4213485718,48.5790176392,124.469528198,57.8142204285,-0.210709542036,-19.6152801514,-7.83532476425,-5.24288988113,-4.646484375,-3.03193116188],[-202.945297241,71.0041351318,28.3950309753,-19.2898750305,7.46450281143,57.8142204285,125.452629089,39.3700866699,-1.34557747841,4.11114215851,12.9136161804,3.59999680519,8.20625591278],[26.3875465393,35.3636016846,19.0758666992,-1.09409153461,0.945375978947,-0.210709542036,39.3700866699,83.4217376709,40.3982429504,6.23070430756,6.29721355438,11.2345209122,10.7663936615],[-61.7848014832,-3.12530183792,1.53876507282,-0.268186748028,6.66345024109,-19.6152801514,-1.34557747841,40.3982429504,89.3424682617,43.3688201904,15.157951355,14.1892194748,12.1219081879],[16.4448871613,-21.5758590698,-25.8886032104,-0.576777398586,-7.2464389801,-7.83532476425,4.11114215851,6.23070430756,43.3688201904,87.5054626465,45.0314559937,11.6888380051,1.95959329605],[-93.4020614624,-28.9893722534,-6.62337446213,-14.306019783,-6.5282292366,-5.24288988113,12.9136161804,6.29721355438,15.157951355,45.0314559937,69.5903015137,30.530298233,8.47981834412],[-57.1605949402,-14.1903944016,-3.53716611862,-3.99200558662,-5.76794481277,-4.646484375,3.59999680519,11.2345209122,14.1892194748,11.6888380051,30.530298233,64.9186325073,31.8571815491],[-183.664215088,-51.180393219,23.4258117676,-23.6039123535,-2.41136169434,-3.03193116188,8.20625591278,10.7663936615,12.1219081879,1.95959329605,8.47981834412,31.8571815491,68.9895629883]],"icov":[[0.000104413171357,-0.000120363249152,0.0000643279636279,-0.000230763966101,0.000222948088776,-0.000213873805478,0.00035081783426,-0.00025628291769,0.00017847919662,-0.000151308398927,0.0000532642225153,0.0000291301967081,0.0000374792107323],[-0.000120363249152,0.00131304713432,0.000194717867998,-0.000475093838759,-0.000855617865454,0.000443693366833,-0.00132004613988,0.0000700527743902,-0.000215079882764,0.000371310248738,0.000379467324819,-0.000368085165974,0.000711248430889],[0.0000643279636279,0.000194717867998,0.00293496251106,-0.000213520790567,0.000198951878701,-0.00174457067624,0.00037656724453,-0.000691801251378,-0.000651995302178,0.00142629211769,-0.000820659683086,0.0010300334543,-0.00106119585689],[-0.000230763966101,-0.000475093838759,-0.000213520790567,0.00762296514586,-0.00393345067278,0.000303631532006,0.00117871991824,-0.000616834324319,0.00105166051071,-0.00176681298763,0.00209455005825,-0.00206775311381,0.00210849917494],[0.000222948088776,-0.000855617865454,0.000198951878701,-0.00393345067278,0.0106260981411,-0.00446384213865,0.00163007865194,0.000579093408305,-0.00282392813824,0.00247692107223,-0.00237255659886,0.0024754316546,-0.00198921072297],[-0.000213873805478,0.000443693366833,-0.00174457067624,0.000303631532006,-0.00446384213865,0.0143721718341,-0.0076281982474,0.00272520817816,0.00251826713793,-0.00180265353993,0.00290773506276,-0.00194454286247,0.00156297476497],[0.00035081783426,-0.00132004613988,0.00037656724453,0.00117871991824,0.00163007865194,-0.0076281982474,0.0159857813269,-0.00872871279716,0.00374903506599,-0.00155619264115,-0.00288087734953,0.00202738633379,-0.00178410101216],[-0.00025628291769,0.0000700527743902,-0.000691801251378,-0.000616834324319,0.000579093408305,0.00272520817816,-0.00872871279716,0.0219884067774,-0.0120603144169,0.00573914544657,-0.00120727263857,-0.00105976453051,-0.000265821523499],[0.00017847919662,-0.000215079882764,-0.000651995302178,0.00105166051071,-0.00282392813824,0.00251826713793,0.00374903506599,-0.0120603144169,0.0240822117776,-0.0142227169126,0.00610601715744,-0.00327222561464,-0.000721996242646],[-0.000151308398927,0.000371310248738,0.00142629211769,-0.00176681298763,0.00247692107223,-0.00180265353993,-0.00155619264115,0.00573914544657,-0.0142227169126,0.0267398171127,-0.0170636307448,0.0057913265191,-0.000756717287004],[0.0000532642225153,0.000379467324819,-0.000820659683086,0.00209455005825,-0.00237255659886,0.00290773506276,-0.00288087734953,-0.00120727263857,0.00610601715744,-0.0170636307448,0.0310980435461,-0.0143802044913,0.0042242705822],[0.0000291301967081,-0.000368085165974,0.0010300334543,-0.00206775311381,0.0024754316546,-0.00194454286247,0.00202738633379,-0.00105976453051,-0.00327222561464,0.0057913265191,-0.0143802044913,0.0277316961437,-0.0119550563395],[0.0000374792107323,0.000711248430889,-0.00106119585689,0.00210849917494,-0.00198921072297,0.00156297476497,-0.00178410101216,-0.000265821523499,-0.000721996242646,-0.000756717287004,0.0042242705822,-0.0119550563395,0.0216065552086]],"mean":[-627.963684082,102.164543152,-5.94186973572,30.3562602997,10.1747961044,5.32316541672,-3.02967309952,2.12485599518,-3.36216831207,-2.6770401001,-5.85798311234,-3.62476539612,-8.93293476105]},"pitch_salience":{"dmean":0.0733913332224,"dmean2":0.120839044452,"dvar":0.00443355878815,"dvar2":0.0119213061407,"max":0.906512498856,"mean":0.611367344856,"median":0.61936300993,"min":0.221766218543,"var":0.00946058891714},"silence_rate_20dB":{"dmean":0,"dmean2":0,"dvar":0,"dvar2":0,"max":1,"mean":1,"median":1,"min":1,"var":0},"silence_rate_30dB":{"dmean":0.00104454229586,"dmean2":0.00208924035542,"dvar":0.00104336685035,"dvar2":0.0029799437616,"max":1,"mean":0.999403178692,"median":1,"min":0,"var":0.000596549769398},"silence_rate_60dB":{"dmean":0.00119376264047,"dmean2":0.00238770339638,"dvar":0.001192101161,"dvar2":0.00282962736674,"max":1,"mean":0.0470008961856,"median":0,"min":0,"var":0.0447913259268},"spectral_centroid":{"dmean":282.857391357,"dmean2":456.485809326,"dvar":81255.234375,"dvar2":183234.90625,"max":11876.5722656,"mean":1893.8013916,"median":1580.38134766,"min":190.120803833,"var":3466912.25},"spectral_complexity":{"dmean":4.40767002106,"dmean2":6.78555440903,"dvar":17.9380588531,"dvar2":38.735874176,"max":62,"mean":26.4471054077,"median":27,"min":0,"var":139.308242798},"spectral_contrast_coeffs":{"dmean":[0.0608970783651,0.0501570105553,0.0393936149776,0.0309639777988,0.0221661180258,0.018628988415],"dmean2":[0.099514618516,0.0829947441816,0.0650883764029,0.0511274561286,0.036429785192,0.0307025481015],"dvar":[0.0025454882998,0.00169230089523,0.00103826064151,0.000618210993707,0.000346375367371,0.000263692520093],"dvar2":[0.00649894634262,0.00454837270081,0.0027622722555,0.00165824498981,0.000898242171388,0.000696847157087],"max":[-0.273677259684,-0.473011910915,-0.544224083424,-0.583607077599,-0.572651565075,-0.546567380428],"mean":[-0.602556884289,-0.753550052643,-0.782980263233,-0.793543457985,-0.787069022655,-0.754798948765],"median":[-0.596659421921,-0.754888176918,-0.785284280777,-0.794026017189,-0.785446226597,-0.746204853058],"min":[-0.987304985523,-0.982957065105,-0.980365216732,-0.972541451454,-0.970850348473,-0.96651995182],"var":[0.0116230454296,0.00587516324595,0.00423376401886,0.00279880478047,0.00227155862376,0.00294230692089]},"spectral_contrast_valleys":{"dmean":[0.464341074228,0.397661119699,0.337315917015,0.302557379007,0.230303004384,0.249271854758],"dmean2":[0.750256299973,0.656818926334,0.54304754734,0.479371160269,0.361346513033,0.335306823254],"dvar":[0.163245230913,0.135703265667,0.0986201688647,0.0946781337261,0.0783415287733,0.0870400220156],"dvar2":[0.371834635735,0.327336460352,0.216961666942,0.197694271803,0.152762591839,0.13780541718],"max":[-5.18019676208,-4.73218011856,-5.31311798096,-5.69274377823,-5.18321704865,-7.3204460144],"mean":[-7.81714820862,-7.43822813034,-7.8614192009,-7.95207548141,-7.72978210449,-10.4016246796],"median":[-7.05815458298,-6.62453174591,-7.08661699295,-7.10889101028,-6.81105041504,-9.63795566559],"min":[-28.3225307465,-28.1960735321,-28.0466747284,-27.8557167053,-27.582818985,-27.4471321106],"var":[14.9275102615,15.3224449158,14.6164388657,14.6919603348,15.0514936447,11.3942985535]},"spectral_decrease":{"dmean":2.47042453161e-9,"dmean2":3.87576370997e-9,"dvar":1.04178029749e-17,"dvar2":2.35853031984e-17,"max":2.70413010514e-28,"mean":-6.71033584254e-9,"median":-5.72427527601e-9,"min":-3.95485244553e-8,"var":2.01024708098e-17},"spectral_energy":{"dmean":0.00967265572399,"dmean2":0.0151063557714,"dvar":0.000156091860845,"dvar2":0.000352700182702,"max":0.154818877578,"mean":0.0275489427149,"median":0.0239332579076,"min":9.79028193239e-21,"var":0.000319132232107},"spectral_energyband_high":{"dmean":0.000428367464337,"dmean2":0.000602810177952,"dvar":9.39550773182e-7,"dvar2":0.00000157500244313,"max":0.0304733961821,"mean":0.00114568299614,"median":0.000695115129929,"min":6.88631010345e-21,"var":0.00000335177333},"spectral_energyband_low":{"dmean":0.0049534435384,"dmean2":0.00772286346182,"dvar":0.0000578298604523,"dvar2":0.000116635972518,"max":0.0886286795139,"mean":0.00744139449671,"median":0.00410537980497,"min":6.47336418925e-24,"var":0.0000881511805346},"spectral_energyband_middle_high":{"dmean":0.00179736246355,"dmean2":0.00280396128073,"dvar":0.00000501245176565,"dvar2":0.0000118524712889,"max":0.0505448840559,"mean":0.00630239117891,"median":0.0050437473692,"min":1.05594138934e-21,"var":0.0000259725566139},"spectral_energyband_middle_low":{"dmean":0.00708258198574,"dmean2":0.0116675645113,"dvar":0.0000956543590291,"dvar2":0.000244814582402,"max":0.143249571323,"mean":0.0147559288889,"median":0.011946849525,"min":1.26268736804e-22,"var":0.000141550364788},"spectral_entropy":{"dmean":0.117339901626,"dmean2":0.175644472241,"dvar":0.014605011791,"dvar2":0.031003402546,"max":9.82475471497,"mean":7.81574392319,"median":7.82045269012,"min":5.46560907364,"var":0.263859957457},"spectral_flux":{"dmean":0.0256822556257,"dmean2":0.0407253354788,"dvar":0.00076150620589,"dvar2":0.00165650423151,"max":0.348641067743,"mean":0.0939858704805,"median":0.0899425297976,"min":6.2803422185e-11,"var":0.00220731785521},"spectral_kurtosis":{"dmean":1.07808482647,"dmean2":1.80114853382,"dvar":1.60329902172,"dvar2":4.24953222275,"max":33.7854766846,"mean":3.42484045029,"median":3.14293718338,"min":-1.26259446144,"var":4.73766469955},"spectral_rms":{"dmean":0.000833691156004,"dmean2":0.00128243991639,"dvar":8.32576404264e-7,"dvar2":0.0000018174549723,"max":0.0122899478301,"mean":0.0048747244291,"median":0.00483213365078,"min":3.09054930085e-12,"var":0.00000311413646159},"spectral_rolloff":{"dmean":548.916015625,"dmean2":886.417724609,"dvar":540713.4375,"dvar2":1086292.5,"max":19810.546875,"mean":2409.62231445,"median":1765.72265625,"min":64.599609375,"var":11723616},"spectral_skewness":{"dmean":0.157787844539,"dmean2":0.257511228323,"dvar":0.0233927387744,"dvar2":0.059451110661,"max":4.82196378708,"mean":1.2879960537,"median":1.2672008276,"min":-0.106631785631,"var":0.189729779959},"spectral_spread":{"dmean":444257.875,"dmean2":642219.25,"dvar":518114672640,"dvar2":1062603522050,"max":44414224,"mean":5716644,"median":4350796,"min":2052761.875,"var":46656355565600},"spectral_strongpeak":{"dmean":0.512199223042,"dmean2":0.888331353664,"dvar":0.921679675579,"dvar2":2.3545255661,"max":18.6535415649,"mean":0.798208117485,"median":0.501103281975,"min":0,"var":1.12106716633},"zerocrossingrate":{"dmean":0.0102919396013,"dmean2":0.0124217336997,"dvar":0.000151601678226,"dvar2":0.0002055074292,"max":0.53076171875,"mean":0.0846847742796,"median":0.06689453125,"min":0.00537109375,"var":0.00753040518612}},"metadata":{"audio_properties":{"analysis_sample_rate":44100,"bit_rate":128000,"codec":"mp3","downmix":"mix","equal_loudness":0,"length":311.196746826,"lossless":false,"md5_encoded":"8f2a82445d12a3c6fb6147b442daa128","replay_gain":-8.78503227234,"sample_rate":44100},"tags":{"acoustid_fingerprint":["AQADtEmiK9MVnELO-4juozwuiA8-PDfECj9xmMtwHv5ynCJ0_LhxHO8V6C9SCSh_vCSeBV-OvwhlGtVI6Ee-hMf54DSao9hF5Fmg3DivIJSYwTp-vIerIzc8HrLJ40IOb0HK42jEHo8S6EKPMxBl4YKOy8bhLcfj4YeeH97xHU8P75lwQ_9h5RnCD9-y40nRPmiepWj4HeFCqMyDX0WOhsfE68ilgA-k8Ud-Z2iGj8d1XEfe4_jhw9OOTtyP5yhc8XiOi3lw6XBVfNnx44qS46h3XFfw41eF5od2Y0cuHbUP_wiaD-oRRtVRMYzwEH3QPEWfHQ0jvA--C7FoHNtxBT8u5oPSv2iH8gTqwzYexXiEdtCP-8OUsUWvByWpwVqPdtDYwi9qx8JRZjukwuoHffgk4fvxa8h_eDOR2jCz44cUPkWeY7oK_6gY4kqO5wvRvEIeNDz09LhznDkaHe1EnPim5JCZC9fR_Kgc_GiOmbyC5_AWoie-8SDDlLgvaD_8oOeDmTHR_tgiMi2qUNCJa3gUG_kvtNqs4j54_Igm70F_6B_qfHB5VCd6-PChNxdaHaXO4heaJGyMZ3gtKIL3wy_6C2djaKYO7oYlQcd38DtEPkd_IMzBNI5RcDeo4cgzlKuJu_iJSjec0OgvPBmOJxVaHZf0GNm-4Dr84Dsi8oGpw4eOn_jhH_U39CY-4SmNtMowe0V44j_0Lcg740yEE5Ny-GpQUSEeHaEkHofQlSrxFy_cj1h51K_QPLjZoBkOhlKKl3Eg7ZWAFjv66XhyXId2fEcufLA1lNKRn6geyCERPgrOZDkeHn_RjineHRV1fOmF-EGPZhei489xKsFaikJeregPHLp-2NlR73jR4hf0EZd25CcuB36KkjnyYz8HbUxWeAQ3HOdx6YQiqcQl4z3K6RPEH_9hY1x0fAETDspR_VFgLYmOihJp9MdvnAwqB3KUmjjf4cd0oRkP_fiHdZqOb6sQ-ktEpByeHnfxC6cxR8dFlD-eIpsTNsh_NHlklD_0Xfi0o3lCvKhyHG8MqYmOX0V4-BhN4ccf5KJL2NOHz6mQPkf1BL3QMMqF76g_pD90RJSV4FGUw8_RH89RNFuaI08EHeWj4RfeFCaHCxd84oSP9viMSjds6ihx_DiH0vLgVMtRJYaOK0pK7Hi0oU5h5qicKEb3wyOFMw885iHqDLoY_Eeowz_aH0_j4KyDPg3SH5p-PFqN6EZN-DCfgbGQ50LDF8mUH78a1KoPG192_DhOPMg_fER__BPOFpdEXGB-fHwh7j0ufMdP-Ad7fMFFqNKRH7cTuMOPUxXaTDn2HLl83FMVyM3RvBLCT8OjGNPyoKmW4xLBUCoucQifC6eFRpOhPNnhvvAoiUKoHftxFD964eJRHXZuZEzh7IHeLRWoFy-JHyKHfx2eS-CRH3h-xPvgdcebI9rhkVOMlkS-GX-Rp8TFC2GNZiRxZUffEYoy8niO_A-eiBOYZDl6Ejmn4wwFM3ehq6gpoYmKl4eO6o1w5-hvVJIuSHrQ6ccl5mBioT70DQezdIepHCGfHO9RWUjHjGihSyH2IxdtlIV5lAuLHxdxRip-5NuhK8OO8iPCZD9eMNt2eMqF9GjXozJJKMqPiynCKjwahjq