{"lowlevel":{"average_loudness":0.553849756718,"barkbands":{"dmean":[0.00000965923572949,0.00280195171945,0.00470175500959,0.00140445167199,0.00125483819284,0.000628334586509,0.000602978747338,0.000533259590156,0.000447152124252,0.000219866400585,0.000541371293366,0.000354051269824,0.000453657150501,0.000382507423637,0.000331066315994,0.000302146334434,0.00028450510581,0.000129729553009,0.000113350943138,0.0000864193498273,0.000119778174849,0.000137739945785,0.0000911366951186,0.0000300000137941,0.0000128904675876,0.00000296310099657,1.25016171637e-7],"dmean2":[0.0000155470606842,0.00429957918823,0.00753438426182,0.00233401381411,0.00198025559075,0.000923806102946,0.000895736855455,0.00077600881923,0.000661031226628,0.00033549379441,0.000820274581201,0.000523691473063,0.000700671458617,0.000585849047638,0.00051715830341,0.000470615137601,0.000426622020314,0.000194426524104,0.000168972765096,0.000129206862766,0.000178457819857,0.000211079342989,0.0001394568244,0.0000461976778752,0.0000195966913452,0.00000449053368357,1.98082346969e-7],"dvar":[4.37214209281e-10,0.0000188571375475,0.0000642499580863,0.0000065941126195,0.00000464922823085,0.00000141083728522,0.00000254253018284,0.00000430012551078,0.00000458034173789,5.76230661409e-7,0.00000342307725987,0.00000150784831021,0.00000105611229628,0.00000186740328445,0.00000137797917432,0.00000111661904612,0.00000163313325174,2.61581078576e-7,1.04963625347e-7,5.42645430812e-8,1.05454887489e-7,2.05340370485e-7,9.62971498097e-8,1.15532223788e-8,3.42584671742e-9,1.18336840327e-10,4.08911538527e-13],"dvar2":[9.84041625962e-10,0.0000449743420177,0.000173024658579,0.0000175217828655,0.0000108658041427,0.00000316289629154,0.00000576911497774,0.00000874730903888,0.0000101624655144,0.00000101880414149,0.00000787558656157,0.00000284031034425,0.00000215785894397,0.00000405176706408,0.00000326241888615,0.0000026500642889,0.00000295765903502,4.92878712066e-7,2.16320174218e-7,1.18629635892e-7,2.30639841448e-7,4.85953080442e-7,2.33198278465e-7,2.68139501713e-8,8.03724287124e-9,2.68165462058e-10,1.05541075011e-12],"max":[0.000212420287426,0.095092639327,0.107747651637,0.0385306663811,0.0417650863528,0.0349355302751,0.0591838434339,0.0883412063122,0.0809877589345,0.0332841575146,0.0612969063222,0.0420716032386,0.0326015166938,0.0439274758101,0.0459282137454,0.0275463312864,0.0547866113484,0.0146751357242,0.0150106921792,0.00520700449124,0.00811464432627,0.00984768569469,0.00724333012477,0.00262919533998,0.00257751625031,0.000362572347512,0.00002859120832],"mean":[0.0000108550020741,0.00702054565772,0.00935889780521,0.00204841070808,0.00237883324735,0.00128926709294,0.00120400369633,0.000918799079955,0.000859824940562,0.000390965200495,0.000883424945641,0.000649423687719,0.000734085508157,0.000543002912309,0.000489856756758,0.000435797323007,0.000454256311059,0.000218970977585,0.000206763768801,0.000152408101712,0.000205765260034,0.000195810673176,0.00012545127538,0.0000465330449515,0.0000197286353796,0.000004168038231,1.87898706372e-7],"median":[0.00000187488444681,0.00260641262867,0.00361945014447,0.000964312581345,0.00125607126392,0.000572453544009,0.000478817149997,0.00022011170222,0.000165910998476,0.0000779231486376,0.000294282741379,0.000142337303259,0.000245694129262,0.0000921496830415,0.000119570860988,0.000098618445918,0.0000982597848633,0.000032825199014,0.0000694369518897,0.0000466893689008,0.0000638782657916,0.0000479445552628,0.000028305217711,0.0000089585500973,0.00000285196438199,6.11014911556e-7,7.13990857548e-8],"min":[2.3675520285e-25,3.71004518055e-24,1.28282036052e-24,3.29555162854e-24,6.12815944599e-24,1.07765933275e-23,9.00286640336e-24,5.77165703127e-24,9.88257568587e-24,7.38139752256e-24,1.75974389126e-23,2.28038199128e-23,3.4967092661e-23,2.06802599985e-23,4.64707136094e-23,6.08020285606e-23,6.20876825095e-23,1.10447266759e-22,1.07033682606e-22,1.81200516892e-22,2.39213070183e-22,2.97026123706e-22,3.70795725506e-22,6.10615448658e-22,9.24123918522e-22,1.30540187628e-21,1.80359401841e-21],"var":[5.88529003309e-10,0.000109798340418,0.000198106688913,0.00000975396505964,0.0000107879559437,0.00000439283212472,0.00000561770139029,0.00000952554728428,0.0000108294552774,0.00000194303174794,0.00000744429689803,0.00000523414701092,0.00000241092675424,0.00000315991815114,0.00000233345076595,0.00000194965082301,0.0000041207895265,5.91328046085e-7,2.25887148986e-7,1.02035635052e-7,1.82314764174e-7,2.38018927234e-7,1.13356563247e-7,1.80693167096e-8,5.45871703395e-9,1.94191343561e-10,3.75083346544e-13]},"barkbands_crest":{"dmean":2.3156952858,"dmean2":3.76320886612,"dvar":4.42129707336,"dvar2":11.8267679214,"max":24.3907222748,"mean":10.1579732895,"median":9.77418899536,"min":2.37443828583,"var":13.0133514404},"barkbands_flatness_db":{"dmean":0.0239790547639,"dmean2":0.0346845686436,"dvar":0.000593373377342,"dvar2":0.00123077363241,"max":0.47324731946,"mean":0.168193355203,"median":0.15612873435,"min":0.0381856821477,"var":0.00407567806542},"barkbands_kurtosis":{"dmean":4.18799591064,"dmean2":6.27917480469,"dvar":58.5069274902,"dvar2":124.121482849,"max":150.997619629,"mean":8.31042385101,"median":3.09094619751,"min":-1.94517636299,"var":236.882873535},"barkbands_skewness":{"dmean":0.604143083096,"dmean2":0.911751508713,"dvar":0.387866854668,"dvar2":0.839195907116,"max":9.64823818207,"mean":2.03216695786,"median":1.77282118797,"min":-6.59355068207,"var":2.76980638504},"barkbands_spread":{"dmean":5.26818943024,"dmean2":7.98130559921,"dvar":47.2216415405,"dvar2":104.089050293,"max":158.132339478,"mean":19.2399368286,"median":16.4986476898,"min":0.521163702011,"var":203.064453125},"dissonance":{"dmean":0.0176380705088,"dmean2":0.0288879498839,"dvar":0.000302928558085,"dvar2":0.000816342711914,"max":0.500000059605,"mean":0.460466116667,"median":0.466865420341,"min":0.25438272953,"var":0.000802596041467},"dynamic_complexity":3.97360014915,"erbbands":{"dmean":[0.0197347812355,0.85281175375,5.03261041641,4.65927600861,5.26153039932,3.58722448349,2.70738840103,5.94517087936,9.35294818878,9.52758598328,10.7403173447,10.0761699677,8.15052604675,10.4465789795,20.643032074,14.7152767181,20.4911956787,19.2282524109,15.3518705368,17.2339057922,16.9988136292,11.3320999146,6.73437023163,6.36545801163,5.28206157684,4.12010288239,3.91706776619,5.44896650314,4.93239545822,4.54857063293,1.80567526817,0.811043798923,0.400551944971,0.187824934721,0.074949555099,0.0202214773744,0.00458033336326,0.000346231710864,0.0000268966650765,0.0000116593164421],"dmean2":[0.031965713948,1.29553520679,7.75887346268,7.86724853516,8.41930294037,5.65983438492,4.24232769012,8.85557746887,13.4026021957,14.3702487946,15.5170955658,14.883430481,11.9613838196,16.0133171082,31.0391368866,21.6337985992,31.4782180786,28.8653182983,24.1205883026,26.6016788483,26.1939964294,16.7906475067,9.84899425507,9.26093006134,7.79186534882,6.1215057373,5.68555641174,8.27014732361,7.62357711792,6.93928289413,2.77076721191,1.23393964767,0.619609951973,0.28659966588,0.111355997622,0.0303336419165,0.00705434335396,0.000530949619133,0.0000411317596445,0.0000174868200702],"dvar":[0.000838307954837,1.7166813612,64.6799697876,81.8748855591,104.295310974,40.9279518127,37.485408783,137.879302979,331.053863525,1904.29321289,2737.72827148,2120.50732422,962.534484863,708.381958008,6188.98583984,2570.54907227,2095.73730469,4746.11914062,4271.09667969,2293.2265625,4411.02636719,1450.98547363,757.102478027,573.740844727,202.846435547,126.175720215,114.372367859,248.843338013,282.571411133,203.575149536,49.7795181274,8.10710430145,2.82093477249,0.904304206371,0.0963007584214,0.00608682958409,0.000241239074967,0.00000186149293313,1.24295631565e-8,2.94968438563e-10],"dvar2":[0.0022447083611,4.01981210709,162.888061523,229.640579224,246.18132019,98.1363220215,82.5581283569,325.964111328,715.142578125,4419.65673828,6020.81835938,4690.27832031,1879.64404297,1562.71789551,14029.6357422,4417.53613281,4258.36816406,9984.68945312,10312.6191406,5433.83447266,9656.22753906,2555.6730957,1411.4609375,1105.87915039,391.253936768,275.882263184,237.454406738,572.027587891,677.49041748,472.861541748,122.983154297,19.4898204803,6.46488666534,2.15324997902,0.198567017913,0.0132805779576,0.000554627389647,0.00000464049298898,3.17133235228e-8,7.12833847505e-10],"max":[0.43937882781,29.5667304993,143.158950806,133.035385132,235.453872681,96.6783828735,197.254974365,401.770050049,465.530151367,2216.32226562,2481.33520508,1644.46374512,1234.98754883,779.68737793,3768.5234375,1844.6229248,1685.47937012,2453.42529297,2700.58496094,1242.69787598,2298.77929688,1514.00158691,845.082458496,605.211669922,474.183532715,229.682861328,296.224853516,387.559173584,383.353393555,311.33505249,210.292434692,59.7928123474,55.6645088196,43.4431762695,9.65573501587,2.82603883743,0.51394957304,0.0589325614274,0.00464697927237,0.000378684402676],"mean":[0.0436831973493,2.18327784538,11.5068025589,7.17444086075,8.50851249695,7.2660779953,5.41590642929,11.8704957962,19.7938747406,18.2242984772,18.6380462646,19.690076828,17.016752243,18.5354270935,34.4424591064,30.0791244507,34.7254180908,31.139957428,21.6610412598,27.6420497894,29.9382171631,19.9421272278,12.1542387009,11.2484416962,10.2057056427,7.54520797729,6.93189144135,8.87345409393,7.04859876633,6.43324708939,2.58545517921,1.22333788872,0.615022420883,0.279955476522,0.120650395751,0.03051443398,0.00603666203097,0.000478085421491,0.0000512758379045,0.0000381768550142],"median":[0.0232209637761,0.794624090195,4.04736709595,4.45746612549,4.08331394196,3.08362817764,2.22557783127,5.60642242432,8.43603897095,4.98015022278,4.70335578918,4.34333992004,3.4640827179,5.84605503082,11.401266098,7.78357791901,13.2873516083,7.1943769455,5.21920394897,8.08515167236,6.23665428162,5.19411563873,2.54670977592,2.92820835114,3.34755468369,2.42838716507,2.09249043465,2.71960401535,1.86952280998,1.5596101284,0.598086476326,0.251271337271,0.118839278817,0.044066272676,0.015566861257,0.00426193140447,0.000945095787756,0.0000931685062824,0.0000273991645372,0.0000292708500638],"min":[8.07275569322e-23,7.19383994167e-22,1.95896907204e-21,6.17171975826e-21,1.14114089146e-20,1.34982822025e-20,3.31185184249e-20,9.48897525504e-20,1.08327107731e-19,1.98811296339e-19,2.24708576484e-19,2.08252373959e-19,3.09310076295e-19,7.38384841747e-19,1.26191127714e-18,1.0884680463e-18,1.75082103108e-18,1.89232599129e-18,2.23334918999e-18,3.88483306734e-18,4.62614075178e-18,4.73979454077e-18,6.67236886592e-18,7.58962034819e-18,7.22892245182e-18,9.87241798161e-18,8.78957486687e-18,9.81942961875e-18,1.09319726534e-17,1.15059565892e-17,1.08107460259e-17,1.03099609569e-17,1.01565859549e-17,7.70843739856e-18,6.10443616992e-18,4.13258565492e-18,2.14145893652e-18,8.87523128046e-19,2.62148270273e-19,2.21228501631e-20],"var":[0.00291182450019,10.7887163162,317.083343506,83.780090332,204.506408691,127.016159058,120.25100708,366.356109619,1028.51208496,3576.20751953,4777.96289062,5513.41796875,3256.97973633,1928.29418945,12632.6455078,10023.9355469,4876.14453125,9225.67089844,5639.62744141,4260.50585938,12165.125,3872.23095703,1810.09899902,1141.65075684,519.901489258,243.796783447,235.980361938,365.149108887,317.110717773,250.222579956,57.1161880493,11.9584293365,4.06222105026,1.31709396839,0.224432036281,0.0121325645596,0.00032836056198,0.00000201543207368,1.26240111697e-8,1.13179676742e-9]},"erbbands_crest":{"dmean":2.39046812057,"dmean2":3.75361156464,"dvar":5.73225879669,"dvar2":13.027264595,"max":33.173538208,"mean":9.04443264008,"median":7.90359926224,"min":2.01371908188,"var":19.1857814789},"erbbands_flatness_db":{"dmean":0.0146293379366,"dmean2":0.0215240400285,"dvar":0.000219487948925,"dvar2":0.000449271348771,"max":0.332831472158,"mean":0.164321228862,"median":0.15965257585,"min":0.0145282838494,"var":0.00146315991879},"erbbands_kurtosis":{"dmean":0.729303658009,"dmean2":1.12794494629,"dvar":1.16488218307,"dvar2":2.6694521904,"max":30.0900230408,"mean":0.276143223047,"median":-0.274453639984,"min":-1.78043651581,"var":3.44177675247},"erbbands_skewness":{"dmean":0.306044101715,"dmean2":0.458233118057,"dvar":0.0942504256964,"dvar2":0.213492527604,"max":3.49588370323,"mean":0.216412559152,"median":0.153331294656,"min":-3.12296247482,"var":0.437336593866},"erbbands_spread":{"dmean":7.66765213013,"dmean2":11.7526702881,"dvar":65.5299911499,"dvar2":150.807952881,"max":149.481124878,"mean":41.0368995667,"median":39.3685379028,"min":4.30458211899,"var":308.876190186},"gfcc":{"cov":[[28475.5664062,1604.86865234,-3438.65942383,1300.29248047,-1431.23217773,828.473632812,-740.44921875,76.7039718628,-369.847320557,115.485466003,-257.562957764,-176.555343628,-293.131011963],[1604.86865234,1374.04418945,-51.6779937744,-157.627548218,88.6005554199,-164.074966431,137.352600098,-116.902633667,109.302963257,-90.2200469971,96.7036361694,-55.0915260315,8.40793800354],[-3438.65942383,-51.6779937744,856.893676758,-61.8389549255,254.013626099,-12.5534038544,130.629211426,5.21577692032,72.6767654419,32.7022666931,38.0792732239,42.0917549133,33.1440544128],[1300.29248047,-157.627548218,-61.8389549255,330.724304199,-12.2861337662,96.2457351685,-40.9450569153,17.3323307037,-8.87662315369,42.8463096619,-18.0201396942,7.08726453781,-2.14161539078],[-1431.23217773,88.6005554199,254.013626099,-12.2861337662,325.435028076,-16.8614273071,78.0391845703,9.9359703064,48.5038337708,11.9830818176,27.957611084,-6.97266387939,33.291847229],[828.473632812,-164.074966431,-12.5534038544,96.2457351685,-16.8614273071,232.589447021,15.4024782181,19.2970790863,-38.6388664246,34.0885887146,-4.38426971436,3.76947450638,-21.4542484283],[-740.44921875,137.352600098,130.629211426,-40.9450569153,78.0391845703,15.4024782181,191.012527466,15.4095783234,20.758480072,-19.7875499725,37.7729148865,-2.37658596039,9.6912612915],[76.7039718628,-116.902633667,5.21577692032,17.3323307037,9.9359703064,19.2970790863,15.4095783234,135.37562561,4.68851709366,2.69874453545,-9.90452098846,-31.0880622864,9.03312492371],[-369.847320557,109.302963257,72.6767654419,-8.87662315369,48.5038337708,-38.6388664246,20.758480072,4.68851709366,135.299865723,2.66471982002,3.06261825562,3.13429760933,2.24486398697],[115.485466003,-90.2200469971,32.7022666931,42.8463096619,11.9830818176,34.0885887146,-19.7875499725,2.69874453545,2.66471982002,104.186286926,15.4179430008,3.36792039871,1.6674861908],[-257.562957764,96.7036361694,38.0792732239,-18.0201396942,27.957611084,-4.38426971436,37.7729148865,-9.90452098846,3.06261825562,15.4179430008,116.875823975,-2.84929609299,-0.659759223461],[-176.555343628,-55.0915260315,42.0917549133,7.08726453781,-6.97266387939,3.76947450638,-2.37658596039,-31.0880622864,3.13429760933,3.36792039871,-2.84929609299,106.884239197,9.58113956451],[-293.131011963,8.40793800354,33.1440544128,-2.14161539078,33.291847229,-21.4542484283,9.6912612915,9.03312492371,2.24486398697,1.6674861908,-0.659759223461,9.58113956451,70.4817276001]],"icov":[[0.00042503894656,-0.00122655730229,0.00106879160739,-0.00123069179244,0.000819549488369,-0.00138198363129,0.00104482541792,-0.00128268846311,0.000694612273946,-0.000903806590941,0.000810756289866,-0.000547227507923,0.000668232387397],[-0.00122655730229,0.00473675038666,-0.00278229033574,0.00371790584177,-0.00254776258953,0.00442970683798,-0.00378121808171,0.00490195117891,-0.00286774267443,0.00328520941548,-0.00304181710817,0.00237506767735,-0.00213916529901],[0.00106879160739,-0.00278229033574,0.00447512464598,-0.002760309726,0.000921377388295,-0.00337998126633,0.00174246053211,-0.00301001826301,0.00115530390758,-0.00272778095677,0.00189945683815,-0.00194432819262,0.00158062274568],[-0.00123069179244,0.00371790584177,-0.002760309726,0.00734676932916,-0.00264460849576,0.00255678291433,-0.0024003861472,0.00354188424535,-0.00245898286812,0.00171410862822,-0.00209318753332,0.00136630842462,-0.00230465084314],[0.000819549488369,-0.00254776258953,0.000921377388295,-0.00264460849576,0.00609572045505,-0.00258641201071,0.0012004285818,-0.00250545144081,0.000630126975011,-0.00207469565794,0.00130027253181,-0.000257409439655,-0.000235592058743],[-0.00138198363129,0.00442970683798,-0.00337998126633,0.00255678291433,-0.00258641201071,0.0104769524187,-0.00503253331408,0.00388245820068,-0.000824342656415,0.00151815696154,-0.00238972529769,0.00157609360758,-0.000250007607974],[0.00104482541792,-0.00378121808171,0.00174246053211,-0.0024003861472,0.0012004285818,-0.00503253331408,0.010228603147,-0.00465715536848,0.00156491564121,-0.00046764590661,0.000301676656818,-0.00175193813629,0.00119787536096],[-0.00128268846311,0.00490195117891,-0.00301001826301,0.00354188424535,-0.00250545144081,0.00388245820068,-0.00465715536848,0.0135034853593,-0.00343422032893,0.00324517930858,-0.00219510821626,0.00516358343884,-0.00381124764681],[0.000694612273946,-0.00286774267443,0.00115530390758,-0.00245898286812,0.000630126975011,-0.000824342656415,0.00156491564121,-0.00343422032893,0.0102485334501,-0.00258624041453,0.00220923824236,-0.00188293622341,0.00230077700689],[-0.000903806590941,0.00328520941548,-0.00272778095677,0.00171410862822,-0.00207469565794,0.00151815696154,-0.00046764590661,0.00324517930858,-0.00258624041453,0.0138521408662,-0.00430997414514,0.00163013266865,-0.00223277905025],[0.000810756289866,-0.00304181710817,0.00189945683815,-0.00209318753332,0.00130027253181,-0.00238972529769,0.000301676656818,-0.00219510821626,0.00220923824236,-0.00430997414514,0.0117289219052,-0.00109304860234,0.00196618121117],[-0.000547227507923,0.00237506767735,-0.00194432819262,0.00136630842462,-0.000257409439655,0.00157609360758,-0.00175193813629,0.00516358343884,-0.00188293622341,0.00163013266865,-0.00109304860234,0.0119891557842,-0.00304154329933],[0.000668232387397,-0.00213916529901,0.00158062274568,-0.00230465084314,-0.000235592058743,-0.000250007607974,0.00119787536096,-0.00381124764681,0.00230077700689,-0.00223277905025,0.00196618121117,-0.00304154329933,0.017179440707]],"mean":[-51.461315155,114.421485901,-118.117042542,44.6145973206,-52.2891731262,18.6142845154,-27.8495235443,-5.97798681259,-16.2992935181,-2.13428544998,-14.0633440018,-3.65138173103,-12.9650936127]},"hfc":{"dmean":5.98771953583,"dmean2":8.48647499084,"dvar":143.320861816,"dvar2":281.984375,"max":229.135543823,"mean":16.9616832733,"median":10.4218902588,"min":1.06414516021e-16,"var":436.875335693},"melbands":{"dmean":[0.000455207278719,0.00209099659696,0.000807040487416,0.000304887886159,0.000109275024442,0.000137196053402,0.000137432536576,0.000104007507616,0.0000887190253707,0.0000649806243018,0.0000405148384743,0.000039506732719,0.0000724767014617,0.0000452558924735,0.0000441932170361,0.0000434299545304,0.0000378172335331,0.0000255580307567,0.0000230446039495,0.0000227600521612,0.0000216216449189,0.0000139098638101,0.00000816530609882,0.00000525303266841,0.00000552556139155,0.00000404795491704,0.00000376502111976,0.00000260745059677,0.00000230051091421,0.00000295560494123,0.00000348292724084,0.00000296283405987,0.00000269246243079,0.00000271867725132,0.00000108095798623,8.05591298558e-7,3.85098076094e-7,2.84224483948e-7,2.61972843418e-7,1.35169159421e-7],"dmean2":[0.000715960981324,0.00319783994928,0.00133073923644,0.000484240765218,0.0001709391654,0.000200304129976,0.000197669287445,0.000155778689077,0.000128964005853,0.0000957511001616,0.0000595217134105,0.0000609302333032,0.000108741201984,0.0000669225773891,0.0000679607401253,0.0000666098858346,0.0000564466281503,0.0000413518610003,0.0000354421099473,0.0000350663540303,0.0000339140751748,0.0000209019817703,0.0000119469659694,0.00000766865014157,0.00000815796465758,0.00000596390054852,0.00000563925550523,0.00000394596827391,0.00000341035979545,0.00000436642585555,0.00000539925122212,0.00000465417542728,0.00000419024354414,0.00000418914214606,0.00000167589462308,0.00000126463874039,5.94132984588e-7,4.43446367626e-7,4.11179001958e-7,2.06657986723e-7],"dvar":[4.83228291159e-7,0.0000106064089778,0.00000202071919375,2.83522297195e-7,4.95305556569e-8,6.74053950434e-8,7.78440494287e-8,2.09989991617e-7,2.31072590395e-7,8.03012767392e-8,2.42110438364e-8,1.03655795058e-8,6.77754314893e-8,2.7660686186e-8,1.31256898683e-8,1.09051443431e-8,2.23520419951e-8,1.18857439446e-8,5.48587175686e-9,3.99763910863e-9,1.03364445891e-8,2.62800159412e-9,1.14980847066e-9,4.14653394953e-10,4.70229688521e-10,1.16396899064e-10,1.02802440172e-10,5.32774969975e-11,5.27832014208e-11,6.05891448124e-11,1.20315923891e-10,1.10230859163e-10,8.5887311152e-11,7.24319146328e-11,1.8140594929e-11,1.04189313427e-11,1.63040663869e-12,1.44497662533e-12,1.73833929022e-12,4.4317072798e-13],"dvar2":[0.00000120754543786,0.0000260164870269,0.00000549807100469,6.77560421991e-7,1.11393219981e-7,1.52254386876e-7,1.64554649018e-7,4.66660338816e-7,5.12771180183e-7,1.7603389324e-7,4.65519249815e-8,2.27020127141e-8,1.52549262111e-7,5.35787769707e-8,3.02191445201e-8,2.2851954995e-8,4.59659084129e-8,2.90776949186e-8,1.19721930147e-8,8.52924930683e-9,2.22841283204e-8,4.55922322118e-9,2.00105554349e-9,7.77783282224e-10,9.32445676227e-10,2.07949879538e-10,2.15496814837e-10,1.21775964312e-10,1.11882260401e-10,1.24649041089e-10,2.92072699359e-10,2.6776772466e-10,2.03565081458e-10,1.70900613106e-10,4.48684145393e-11,2.67324062192e-11,3.89568152043e-12,3.37029406119e-12,4.0434977415e-12,1.06495140397e-12],"max":[0.0138802202418,0.063917838037,0.0192437898368,0.0107932696119,0.00672243908048,0.00798081047833,0.00755158998072,0.0220348145813,0.0213925931603,0.00889112986624,0.00617527123541,0.00318825058639,0.00952620711178,0.00601851940155,0.00316772633232,0.00390768703073,0.0056221159175,0.00441557727754,0.00280892476439,0.00228291982785,0.00388454925269,0.00206003966741,0.00160912412684,0.000586865586229,0.000573566067033,0.000510370940901,0.00026173927472,0.000170427520061,0.000270563730737,0.000225310475798,0.000300319399685,0.000261158536887,0.000195982021978,0.000193740343093,0.000134845919092,0.0000834844540805,0.0000278637253359,0.0000428739404015,0.000054857278883,0.0000289735162369],"mean":[0.00109387666453,0.00504571106285,0.00139656453393,0.000563025882002,0.000223301365622,0.000282046938082,0.000292424549116,0.000196828477783,0.000149968414917,0.000125510952785,0.0000804059600341,0.0000660124569549,0.000118836476759,0.0000845059621497,0.0000753986751079,0.0000687514184392,0.0000576463098696,0.0000324210159306,0.000035592875065,0.0000343655592587,0.0000373366856365,0.0000230654932238,0.000013616853721,0.00000885820827534,0.00000912260202313,0.00000742021848055,0.00000686740531819,0.00000437879089077,0.00000383003634852,0.00000487177021569,0.00000526764870301,0.00000403828335038,0.00000356207351615,0.00000370716747966,0.00000149440654695,0.00000109397944925,5.6715697383e-7,4.18239437749e-7,3.67092610531e-7,1.93319408481e-7],"median":[0.000457556074252,0.00188700144645,0.000888053211384,0.000300641986541,0.0000882188323885,0.000127639708808,0.00012162027997,0.0000490259299113,0.0000336532284564,0.0000251814235526,0.0000144598907355,0.0000189033326023,0.0000388414264307,0.0000191876079043,0.0000237027688854,0.0000233795653912,0.0000101078076113,0.00000621756908004,0.00000856007318362,0.000010024778021,0.00000578157187192,0.00000534383480044,0.00000298557620226,0.00000141567306855,0.00000225225721806,0.00000228632279686,0.00000197798794943,0.00000130551188704,0.00000104890091279,0.00000150236223817,0.00000146421984937,9.57250335887e-7,7.86071041148e-7,8.37515699459e-7,3.16672185363e-7,1.98236691062e-7,1.12910790051e-7,8.20175500849e-8,5.42554161598e-8,2.64465711552e-8],"min":[1.72347786496e-24,2.02357889432e-24,1.58396110856e-24,1.64699563083e-24,1.09650265598e-24,2.01949062268e-24,1.93439028038e-24,1.61894896325e-24,2.16810117039e-24,1.25372736755e-24,1.3544914306e-24,2.47445688065e-24,3.40742275452e-24,2.76738243122e-24,2.76206235328e-24,3.49019792931e-24,2.79462810917e-24,2.33093665515e-24,3.18302377585e-24,3.84563774838e-24,3.74898769357e-24,2.88751214202e-24,4.89328644572e-24,5.72958707919e-24,5.56289761448e-24,4.75041939705e-24,5.14743455241e-24,5.52396101792e-24,3.93536633762e-24,5.44717487512e-24,4.45284883625e-24,4.88543925186e-24,6.04007168744e-24,5.86764010419e-24,5.93612545811e-24,5.99299207418e-24,5.70733883508e-24,5.92840566529e-24,5.76690020001e-24,5.88504868665e-24],"var":[0.00000238542429543,0.0000582808315812,0.00000273201135315,6.23948551493e-7,1.63499692007e-7,2.07061233937e-7,2.3917090175e-7,4.57415296751e-7,4.12148750684e-7,2.18686395215e-7,8.0872140984e-8,2.69588120716e-8,1.52852919655e-7,9.20498948176e-8,2.87732575543e-8,2.20008491425e-8,4.24217851958e-8,1.42738132425e-8,1.23269803254e-8,7.64946239684e-9,2.81154353132e-8,7.27958449076e-9,2.79215428556e-9,8.77659667164e-10,8.65856553123e-10,3.17451981369e-10,2.32834279634e-10,8.91441365169e-11,1.00518426915e-10,1.12363986171e-10,1.56538101925e-10,1.19968368573e-10,9.46016251446e-11,8.98769184077e-11,2.07547295322e-11,1.19885776653e-11,2.58736868736e-12,1.88078372321e-12,2.52511661754e-12,6.45332582944e-13]},"melbands_crest":{"dmean":3.28586244583,"dmean2":5.29911994934,"dvar":9.79054450989,"dvar2":25.3927192688,"max":36.3602104187,"mean":17.606552124,"median":16.731710434,"min":1.57667708397,"var":46.4195747375},"melbands_flatness_db":{"dmean":0.0306486822665,"dmean2":0.0441377386451,"dvar":0.000981966499239,"dvar2":0.00205956352875,"max":0.601711928844,"mean":0.236475676298,"median":0.225177899003,"min":0.00253241788596,"var":0.00750889023766},"melbands_kurtosis":{"dmean":10.4705209732,"dmean2":15.844912529,"dvar":320.998626709,"dvar2":694.761779785,"max":336.515350342,"mean":23.818862915,"median":11.4885759354,"min":-1.65452432632,"var":1363.17883301},"melbands_skewness":{"dmean":0.853517472744,"dmean2":1.29676473141,"dvar":0.784276366234,"dvar2":1.77994048595,"max":14.4757404327,"mean":3.44190263748,"median":2.97787952423,"min":-2.0011048317,"var":5.11789751053},"melbands_spread":{"dmean":6.42725849152,"dmean2":9.86480617523,"dvar":80.579536438,"dvar2":182.101089478,"max":165.852233887,"mean":20.1930751801,"median":14.4029664993,"min":0.383542656898,"var":435.959197998},"mfcc":{"cov":[[12207.3476562,354.749664307,-679.066162109,165.232254028,-191.963943481,322.011566162,-122.178977966,40.9919052124,-67.3926849365,132.685775757,12.0529632568,56.3343009949,-32.0396995544],[354.749664307,1719.98510742,0.985773563385,118.563293457,12.1812725067,37.8994636536,6.62967681885,40.3117980957,-1.90709400177,-8.50521373749,53.821056366,0.297369718552,27.2185020447],[-679.066162109,0.985773563385,419.868133545,32.8369102478,47.6769638062,68.6054763794,33.2409172058,19.6394405365,37.4073219299,-19.3194046021,26.2569656372,26.5425548553,58.473526001],[165.232254028,118.563293457,32.8369102478,250.514251709,63.347076416,46.8328742981,-0.825764596462,6.1654458046,36.7508926392,1.84164261818,-5.0797867775,26.7976303101,40.6261711121],[-191.963943481,12.1812725067,47.6769638062,63.347076416,204.091644287,36.9746055603,20.2627849579,-13.6507024765,33.8871116638,25.4278278351,4.93698310852,20.2649803162,13.355931282],[322.011566162,37.8994636536,68.6054763794,46.8328742981,36.9746055603,220.209213257,23.906545639,16.7081871033,15.6261043549,-27.5185546875,11.1884040833,36.002166748,53.7859840393],[-122.178977966,6.62967681885,33.2409172058,-0.825764596462,20.2627849579,23.906545639,206.789916992,16.7583045959,5.50612449646,25.9159507751,16.6195392609,23.1611099243,-9.09606552124],[40.9919052124,40.3117980957,19.6394405365,6.1654458046,-13.6507024765,16.7081871033,16.7583045959,130.981994629,20.8684368134,4.3985786438,3.30345892906,-2.96062397957,5.42190122604],[-67.3926849365,-1.90709400177,37.4073219299,36.7508926392,33.8871116638,15.6261043549,5.50612449646,20.8684368134,127.506248474,20.8293094635,1.03117501736,3.25737166405,-5.26904296875],[132.685775757,-8.50521373749,-19.3194046021,1.84164261818,25.4278278351,-27.5185546875,25.9159507751,4.3985786438,20.8293094635,123.822677612,20.2562637329,-2.97242331505,-27.1103820801],[12.0529632568,53.821056366,26.2569656372,-5.0797867775,4.93698310852,11.1884040833,16.6195392609,3.30345892906,1.03117501736,20.2562637329,95.0389175415,17.0464572906,-10.2181091309],[56.3343009949,0.297369718552,26.5425548553,26.7976303101,20.2649803162,36.002166748,23.1611099243,-2.96062397957,3.25737166405,-2.97242331505,17.0464572906,85.7201385498,32.9224662781],[-32.0396995544,27.2185020447,58.473526001,40.6261711121,13.355931282,53.7859840393,-9.09606552124,5.42190122604,-5.26904296875,-27.1103820801,-10.2181091309,32.9224662781,113.267913818]],"icov":[[0.000106033548946,-0.0000136933740578,0.000180060800631,-0.0000819482593215,0.000137136463309,-0.00025120380451,0.0000847639894346,-0.0000242589485424,0.0000563105386391,-0.000185039592907,0.00000987578096101,-0.0000859125866555,0.0000649983921903],[-0.0000136933740578,0.000626968918368,0.0000418015224568,-0.000315015116939,-0.00000452538279205,0.0000117593117466,-0.000036867288145,-0.000171881591086,0.0000820411078166,0.000121990975458,-0.000455064175185,0.000237933651078,-0.000140106203617],[0.000180060800631,0.0000418015224568,0.0031649232842,-0.000074651077739,-0.000222978313104,-0.000720111420378,-0.000277982238913,-0.000254013371887,-0.000698646181263,0.000253531325143,-0.000968257081695,0.000068637469667,-0.00128723820671],[-0.0000819482593215,-0.000315015116939,-0.000074651077739,0.00502039398998,-0.00124226568732,-0.000200999274966,0.000158763563377,-0.0000210770667763,-0.001153817866,-0.0000304036075249,0.000557510298677,-0.000745744735468,-0.0012478379067],[0.000137136463309,-0.00000452538279205,-0.000222978313104,-0.00124226568732,0.00612824782729,-0.00100615213159,-0.000176877802005,0.00100815040059,-0.000897512421943,-0.00152662955225,0.000245967588853,-0.000685323902871,0.000107502521132],[-0.00025120380451,0.0000117593117466,-0.000720111420378,-0.000200999274966,-0.00100615213159,0.00638929009438,-0.00077357183909,-0.000504097959492,-0.000603737309575,0.00172994181048,-0.000774788495619,-0.000782722199801,-0.00203980272636],[0.0000847639894346,-0.000036867288145,-0.000277982238913,0.000158763563377,-0.000176877802005,-0.00077357183909,0.00548318214715,-0.000708680832759,0.000394580914872,-0.00123563921079,-0.000054797543271,-0.00165925710462,0.00118178850971],[-0.0000242589485424,-0.000171881591086,-0.000254013371887,-0.0000210770667763,0.00100815040059,-0.000504097959492,-0.000708680832759,0.00828194711357,-0.00145548477303,-0.00032933393959,-0.00011098972027,0.000833122699987,-0.000558419211302],[0.0000563105386391,0.0000820411078166,-0.000698646181263,-0.001153817866,-0.000897512421943,-0.000603737309575,0.000394580914872,-0.00145548477303,0.0092458082363,-0.0014636083506,0.000588018621784,-0.000233163344092,0.00146521034185],[-0.000185039592907,0.000121990975458,0.000253531325143,-0.0000304036075249,-0.00152662955225,0.00172994181048,-0.00123563921079,-0.00032933393959,-0.0014636083506,0.0101383328438,-0.00211073551327,0.000404221384088,0.00112403382082],[0.00000987578096101,-0.000455064175185,-0.000968257081695,0.000557510298677,0.000245967588853,-0.000774788495619,-0.000054797543271,-0.00011098972027,0.000588018621784,-0.00211073551327,0.0124003961682,-0.00303651602007,0.00227527017705],[-0.0000859125866555,0.000237933651078,0.000068637469667,-0.000745744735468,-0.000685323902871,-0.000782722199801,-0.00165925710462,0.000833122699987,-0.000233163344092,0.000404221384088,-0.00303651602007,0.0151233272627,-0.00415384490043],[0.0000649983921903,-0.000140106203617,-0.00128723820671,-0.0012478379067,0.000107502521132,-0.00203980272636,0.00118178850971,-0.000558419211302,0.00146521034185,0.00112403382082,0.00227527017705,-0.00415384490043,0.0128201497719]],"mean":[-677.707641602,132.102005005,0.854717075825,30.3564109802,1.8579390049,24.2348651886,-1.95525670052,6.10291337967,-1.05498373508,-1.41392707825,-0.624278724194,2.24284696579,4.97454166412]},"pitch_salience":{"dmean":0.0704597383738,"dmean2":0.111379109323,"dvar":0.00433341553435,"dvar2":0.010939004831,"max":0.894798517227,"mean":0.45613360405,"median":0.471742451191,"min":0.052880782634,"var":0.0207523927093},"silence_rate_20dB":{"dmean":0,"dmean2":0,"dvar":0,"dvar2":0,"max":1,"mean":1,"median":1,"min":1,"var":0},"silence_rate_30dB":{"dmean":0.00979342032224,"dmean2":0.0195898376405,"dvar":0.00969713646919,"dvar2":0.0225720349699,"max":1,"mean":0.9790391922,"median":1,"min":0,"var":0.0205233506858},"silence_rate_60dB":{"dmean":0.0134659521282,"dmean2":0.0269360262901,"dvar":0.0132850473747,"dvar2":0.0301896501333,"max":1,"mean":0.0835373327136,"median":0,"min":0,"var":0.076559714973},"spectral_centroid":{"dmean":240.902938843,"dmean2":356.388916016,"dvar":99275.328125,"dvar2":202619.28125,"max":11799.0351562,"mean":1227.40478516,"median":1007.90002441,"min":119.298675537,"var":1542998.125},"spectral_complexity":{"dmean":3.27987766266,"dmean2":4.70523405075,"dvar":16.5264358521,"dvar2":30.2090702057,"max":51,"mean":15.327876091,"median":14,"min":0,"var":75.6527252197},"spectral_contrast_coeffs":{"dmean":[0.0484381504357,0.0427908189595,0.0376935228705,0.0325995758176,0.0246016252786,0.0193550474942],"dmean2":[0.0808529853821,0.0676749423146,0.0594997294247,0.0516081862152,0.0375177673995,0.0288789253682],"dvar":[0.00156390678603,0.00131347216666,0.00100198725704,0.000789776677266,0.000498039415106,0.000326651294017],"dvar2":[0.00434273341671,0.00321250525303,0.00231867237017,0.00179588329047,0.00105318962596,0.000684705155436],"max":[-0.339780062437,-0.383182138205,-0.431666105986,-0.459982126951,-0.538928151131,-0.550750494003],"mean":[-0.608473420143,-0.720945000648,-0.752935349941,-0.75328618288,-0.759356677532,-0.708444178104],"median":[-0.604739427567,-0.727560579777,-0.760293006897,-0.756925702095,-0.761487960815,-0.699460864067],"min":[-0.980046033859,-0.995153427124,-0.996602237225,-0.986390829086,-0.987428486347,-0.963880419731],"var":[0.00692864134908,0.00705941207707,0.00584136741236,0.00483913300559,0.00350666604936,0.00354001740925]},"spectral_contrast_valleys":{"dmean":[0.41764652729,0.361674040556,0.344852089882,0.362572222948,0.353671193123,0.357468098402],"dmean2":[0.686701357365,0.573959112167,0.524094760418,0.531601011753,0.489655047655,0.488004714251],"dvar":[0.131985485554,0.129661381245,0.122693531215,0.159112408757,0.156398594379,0.185991853476],"dvar2":[0.326106667519,0.269205898046,0.231558263302,0.306337416172,0.274680584669,0.323004513979],"max":[-5.40907859802,-5.07504796982,-5.47890901566,-5.51212978363,-5.43718194962,-7.57956075668],"mean":[-7.66029500961,-7.43245744705,-8.02921104431,-8.34212398529,-8.65584373474,-11.3488178253],"median":[-7.23997879028,-7.04066562653,-7.65898227692,-7.96845436096,-8.2618522644,-11.0422401428],"min":[-28.1730213165,-28.1331043243,-27.8941631317,-27.6899719238,-27.5341835022,-27.3983421326],"var":[6.03230381012,6.19753646851,6.02234315872,5.99562597275,5.79930734634,4.52165269852]},"spectral_decrease":{"dmean":2.43271625067e-9,"dmean2":3.69488017959e-9,"dvar":1.23710932113e-17,"dvar2":3.09422988517e-17,"max":8.75717916536e-17,"mean":-7.76516984047e-9,"median":-5.74665115494e-9,"min":-5.34027186916e-8,"var":5.15595473177e-17},"spectral_energy":{"dmean":0.00955444015563,"dmean2":0.0144507559016,"dvar":0.000189753845916,"dvar2":0.000470501108794,"max":0.203597828746,"mean":0.0308459494263,"median":0.022965554148,"min":9.91922517272e-21,"var":0.000786556920502},"spectral_energyband_high":{"dmean":0.000375013565645,"dmean2":0.000545206537936,"dvar":0.00000114175782073,"dvar2":0.00000256982752944,"max":0.022670885548,"mean":0.000657621305436,"median":0.000222733971896,"min":6.96603125057e-21,"var":0.0000016776115217},"spectral_energyband_low":{"dmean":0.00725438678637,"dmean2":0.0113123366609,"dvar":0.000131762280944,"dvar2":0.000337776727974,"max":0.199920624495,"mean":0.0174083765596,"median":0.00770466821268,"min":1.35192110483e-23,"var":0.000582934473641},"spectral_energyband_middle_high":{"dmean":0.00203677848913,"dmean2":0.00291594909504,"dvar":0.0000166588652064,"dvar2":0.0000325355358655,"max":0.102916456759,"mean":0.00499042402953,"median":0.00222268793732,"min":1.28353763072e-21,"var":0.0000623083906248},"spectral_energyband_middle_low":{"dmean":0.00337469158694,"dmean2":0.00504235643893,"dvar":0.0000312704578391,"dvar2":0.0000709976739017,"max":0.119476750493,"mean":0.00890337117016,"median":0.00596810132265,"min":1.42963923945e-22,"var":0.0000884331384441},"spectral_entropy":{"dmean":0.189504623413,"dmean2":0.270943254232,"dvar":0.044436506927,"dvar2":0.0876369997859,"max":9.82438087463,"mean":7.29770374298,"median":7.30785417557,"min":5.1561999321,"var":0.297412842512},"spectral_flux":{"dmean":0.0233921855688,"dmean2":0.0369616597891,"dvar":0.000801916292403,"dvar2":0.00171999249142,"max":0.387868821621,"mean":0.070665307343,"median":0.0600294098258,"min":6.25872617621e-11,"var":0.00228902208619},"spectral_kurtosis":{"dmean":2.12071824074,"dmean2":3.56102871895,"dvar":9.07693767548,"dvar2":23.9858436584,"max":64.8559188843,"mean":4.7088727951,"median":3.45525979996,"min":-1.25854563713,"var":22.6916103363},"spectral_rms":{"dmean":0.000810846744571,"dmean2":0.00120515027083,"dvar":9.1794902346e-7,"dvar2":0.00000214798114939,"max":0.0140936877578,"mean":0.00490169646218,"median":0.00473343627527,"min":3.1108347235e-12,"var":0.00000606700587014},"spectral_rolloff":{"dmean":412.530670166,"dmean2":691.249084473,"dvar":657887.1875,"dvar2":1560961.375,"max":22050,"mean":1403.54309082,"median":796.728515625,"min":107.666015625,"var":7114819.5},"spectral_skewness":{"dmean":0.268026292324,"dmean2":0.421323865652,"dvar":0.0907033383846,"dvar2":0.211242184043,"max":6.20162916183,"mean":1.53518497944,"median":1.42074728012,"min":-0.11193420738,"var":0.407235592604},"spectral_spread":{"dmean":426414.71875,"dmean2":643319.5625,"dvar":407618158592,"dvar2":751789277184,"max":42674908,"mean":4506893,"median":3989128.5,"min":1152940.75,"var":17069665943600},"spectral_strongpeak":{"dmean":0.419308245182,"dmean2":0.69667494297,"dvar":1.01573324203,"dvar2":2.3546230793,"max":20.3102207184,"mean":0.894992768764,"median":0.490579068661,"min":0,"var":2.14986133575},"zerocrossingrate":{"dmean":0.00895149912685,"dmean2":0.0106400325894,"dvar":0.000134998597787,"dvar2":0.000191237631952,"max":0.833984375,"mean":0.0522718690336,"median":0.03955078125,"min":0.00390625,"var":0.00445504579693}},"metadata":{"audio_properties":{"analysis_sample_rate":44100,"bit_rate":0,"codec":"flac","downmix":"mix","equal_loudness":0,"length":151.733337402,"lossless":true,"md5_encoded":"af24541367580d3dc4b49d34dccbb027","replay_gain":-10.0567779541,"sample_rate":44100},"tags":{"album":["12 x 5"],"albumartist":["The Rolling Stones"],"albumartistsort":["Rolling Stones, The"],"artist":["The Rolling Stones"],"artistsort":["Rolling Stones, The"],"asin":["B001HXY81Q"],"barcode":["4988005535757"],"catalognumber":["UICY-93781"],"date":["2010-04-03"],"discnumber":["1"],"disctotal":["1"],"file_name":"01-05 Good Times, Bad Times.flac","genre":["Rock"],"isrc":["USA176430205"],"label":["ABKCO"],"labelno":["94022"],"media":["SHM-CD"],"musicbrainz_albumartistid":["b071f9fa-14b0-4217-8e97-eb41da73f598"],"musicbrainz_albumid":["5ebf5b86-2d64-3722-a9ef-b4e519039fe1"],"musicbrainz_artistid":["b071f9fa-14b0-4217-8e97-eb41da73f598"],"musicbrainz_recordingid":["edae59f3-bc68-4751-a3ac-e5bc33f3f33a"],"musicbrainz_releasegroupid":["703eab6c-056e-3d6d-95d9-991e01f5ca57"],"originaldate":["1964-10-24"],"publisher":["ABKCO"],"release date":["2002-08-27"],"releasecountry":["JP"],"releasestatus":["official"],"releasetype":["album"],"script":["Latn"],"title":["Good Times, Bad Times"],"totaldiscs":["1"],"totaltracks":["12"],"tracknumber":["5"],"tracktotal":["12"]},"version":{"essentia":"2.1-beta1","essentia_build_sha":"ca57ba49d9b1854bd80e60cf9ccf267278fb7d6b","essentia_git_sha":"v2.1_beta1-28-g21ef5f4-dirty","extractor":"music 1.0"}},"rhythm":{"beats_count":251,"beats_loudness":{"dmean":0.0218944549561,"dmean2":0.0378185845912,"dvar":0.000426734884968,"dvar2":0.00112141785212,"max":0.163075327873,"mean":0.0360723696649,"median":0.0310433208942,"min":0,"var":0.000631025934126},"beats_loudness_b