{"lowlevel":{"average_loudness":0.915287017822,"barkbands":{"dmean":[0.00949204526842,0.0172300823033,0.00447457423434,0.00199722847901,0.00167827389669,0.00190989067778,0.00090779241873,0.000750554027036,0.00117135897744,0.00119073479436,0.00124976539519,0.00210243253969,0.00110940134618,0.000569536583498,0.00051967886975,0.000268879899522,0.00014675744751,0.000107517742435,0.0000608316004218,0.0000491520549986,0.0000440857002104,0.0000176245648618,0.00000685790973876,0.00000414228406953,0.00000356590885531,0.00000499219368066,0.000164452925674],"dmean2":[0.0157312061638,0.028737641871,0.0078908521682,0.00331069598906,0.00292199943215,0.00303682405502,0.0014696016442,0.00126434373669,0.00192375760525,0.00195113790687,0.00207312847488,0.00349839241244,0.00186298391782,0.000957491225563,0.000866022135597,0.000458697206341,0.00024669081904,0.000177612964762,0.0000974994327407,0.0000765215081628,0.0000656249612803,0.0000266723745881,0.0000110148694148,0.00000691215564075,0.00000603513763053,0.0000080032968981,0.000259725697106],"dvar":[0.000207831631997,0.000790195481386,0.0000346876367985,0.0000106968263935,0.0000071508579822,0.00000715966689313,0.00000298297686641,0.00000170729663296,0.00000521797801412,0.00000626772089163,0.00000628065345154,0.00000795598134573,0.00000237206882048,5.03708577071e-7,6.46465707632e-7,1.37008498768e-7,4.62801139633e-8,3.46522455175e-8,1.74782091023e-8,2.42694309094e-8,3.13672572361e-8,4.32155999874e-9,2.19562770742e-10,9.06721364657e-11,3.3364033758e-11,7.49686632218e-11,4.20348058583e-8],"dvar2":[0.000543813512195,0.00205294415355,0.000103735859739,0.0000261014392891,0.0000195849497686,0.0000178973696165,0.00000756532926971,0.00000464334334538,0.0000131830711325,0.0000144490950333,0.000016016418158,0.000021124678824,0.00000640754342385,0.00000136509254389,0.00000170307885128,3.71519689679e-7,1.20963179029e-7,8.66100791086e-8,3.88525407402e-8,5.44956861859e-8,5.99725282768e-8,8.6976275071e-9,5.03489361314e-10,2.37884295595e-10,8.57160106782e-11,1.54505824801e-10,9.794782585e-8],"max":[0.183611139655,0.282491207123,0.0871068388224,0.0840909332037,0.0544970110059,0.0621185265481,0.0374657437205,0.022314125672,0.0453011095524,0.100917249918,0.0631277039647,0.0726908221841,0.0491058342159,0.016753429547,0.0188299901783,0.00608252361417,0.004275303334,0.0042706024833,0.00459517166018,0.00707919104025,0.0118385171518,0.00261836219579,0.000952091126237,0.000762452429626,0.0000858146668179,0.000619821134023,0.00526683358476],"mean":[0.0121848247945,0.021756734699,0.00581377372146,0.00306918565184,0.00226967176422,0.00341775338165,0.00145982461981,0.00105651444755,0.00176123960409,0.00175044359639,0.001835469855,0.00367217161693,0.00191505032126,0.00102076854091,0.000985127640888,0.000471937208204,0.00027360545937,0.000215496344026,0.000129270600155,0.000103768288682,0.0000898209982552,0.0000290773223242,0.0000102177564258,0.00000445334217147,0.00000345354919773,0.00000748903266867,0.000625907501671],"median":[0.00675569474697,0.0111653506756,0.00324982241727,0.00113442726433,0.00146196433343,0.0022111358121,0.000725316174794,0.000570089323446,0.000951381633058,0.000921915052459,0.00103322695941,0.00265319645405,0.00142933952156,0.000768689555116,0.000682806887198,0.000360870792065,0.000195105734747,0.000123720557895,0.0000795584201114,0.0000494712221553,0.0000332702365995,0.0000101111181721,0.0000050097573876,0.00000175185050466,0.00000129681870931,0.00000404424099543,0.00046482324251],"min":[8.52361762622e-24,3.36868944742e-23,5.79901811956e-23,2.81383509727e-24,7.00971324307e-23,6.69702645072e-23,2.70009606699e-23,9.30072308401e-23,4.3740264068e-23,8.71750307065e-23,5.90578003012e-23,1.28055197521e-22,1.00907950485e-22,6.65395780074e-23,7.37881431864e-23,9.58277935404e-23,1.21525751632e-22,2.9870295169e-22,2.81703440945e-22,2.21925883954e-22,5.49015029752e-22,4.70408284343e-22,4.9639747726e-22,9.2581372169e-22,1.26306208328e-21,1.76555764467e-21,2.49871088408e-21],"var":[0.000253721984336,0.000895711942576,0.0000550456534256,0.0000368779001292,0.00000818253192847,0.000015468478523,0.00000599112308919,0.00000247306365964,0.00000868905317475,0.00000945885130932,0.00000964044647844,0.0000141227992572,0.00000383408450944,9.08576055281e-7,0.00000124125551793,2.00400890549e-7,8.28618524906e-8,7.59281704177e-8,3.9000770613e-8,5.37635642672e-8,7.58227045594e-8,9.21649601082e-9,5.37334732265e-10,2.02495714641e-10,3.42436773382e-11,2.62222410452e-10,3.40910560226e-7]},"barkbands_crest":{"dmean":3.0238366127,"dmean2":5.05828952789,"dvar":6.44970560074,"dvar2":17.1852169037,"max":24.7803668976,"mean":9.78696060181,"median":9.14603042603,"min":2.24506950378,"var":14.7780342102},"barkbands_flatness_db":{"dmean":0.0286917313933,"dmean2":0.046794809401,"dvar":0.000728540413547,"dvar2":0.00189836183563,"max":0.504322528839,"mean":0.154849112034,"median":0.148548275232,"min":0.0294649973512,"var":0.0025064102374},"barkbands_kurtosis":{"dmean":5.32088375092,"dmean2":8.85009098053,"dvar":343.479644775,"dvar2":877.11315918,"max":666.062011719,"mean":7.41466426849,"median":2.54154634476,"min":-1.91696298122,"var":633.055847168},"barkbands_skewness":{"dmean":0.704631268978,"dmean2":1.14762175083,"dvar":0.674430072308,"dvar2":1.68673872948,"max":20.2173309326,"mean":1.83090233803,"median":1.52294850349,"min":-1.95953881741,"var":2.26145148277},"barkbands_spread":{"dmean":5.54383134842,"dmean2":8.97136974335,"dvar":30.9578170776,"dvar2":72.2474365234,"max":139.290359497,"mean":23.582857132,"median":22.3692474365,"min":0.340179264545,"var":178.738220215},"dissonance":{"dmean":0.0169585756958,"dmean2":0.0291288048029,"dvar":0.000289669609629,"dvar2":0.000792905280832,"max":0.500000059605,"mean":0.474237501621,"median":0.478605747223,"min":0.154491305351,"var":0.000399698154069},"dynamic_complexity":2.70603275299,"erbbands":{"dmean":[0.926975607872,2.52739214897,4.92991876602,5.82713031769,4.99650716782,6.94458627701,9.37450313568,18.0334434509,12.2470560074,13.1988630295,19.6204547882,25.2292804718,30.3883724213,40.9513053894,59.8163375854,77.6718826294,51.6899642944,27.1700687408,26.6439914703,22.9245185852,11.4643745422,8.14550304413,6.37718772888,3.87865924835,2.68216967583,2.3903362751,2.30634427071,1.16495347023,0.685930192471,0.34947219491,0.185068100691,0.103586874902,0.0608438365161,0.0402026064694,0.0252721719444,0.0146336443722,0.00949340779334,0.0100716929883,0.00856475159526,0.00435785250738],"dmean2":[1.54120957851,4.29356765747,8.72782325745,9.86646652222,8.37402248383,12.2337694168,14.9811964035,28.9873199463,20.0026893616,21.6035327911,33.3713111877,41.3666114807,49.7766723633,66.8101272583,98.8878631592,129.275970459,86.5442810059,45.5809135437,44.4438552856,38.2574539185,19.5237102509,13.7026252747,10.6094465256,6.2784819603,4.29644203186,3.73119735718,3.4609181881,1.73627221584,1.033395648,0.545131027699,0.294371277094,0.169531837106,0.10276530683,0.0680382400751,0.0427307002246,0.024565950036,0.0150232100859,0.0147689366713,0.012362845242,0.00674826465547],"dvar":[2.77033090591,13.8129281998,36.7642097473,64.9342803955,72.6573791504,120.016403198,196.396591187,697.907043457,411.880187988,743.534606934,1104.93481445,2982.0012207,5778.38330078,6594.64404297,9981.33300781,10414.1103516,5159.17675781,1144.41174316,1427.75854492,1237.36462402,256.575927734,144.361953735,112.785095215,59.2913665771,41.0036087036,52.5890388489,71.5914001465,25.2830085754,7.69011211395,1.01788532734,0.127667501569,0.0838015377522,0.0112701812759,0.00429475354031,0.00166251545306,0.000606652523857,0.000347735913238,0.000711951579433,0.000339776364854,0.0000231788180827],"dvar2":[7.16077613831,37.099395752,112.043411255,169.988708496,181.446838379,344.443908691,478.492889404,1766.98303223,1052.82104492,1914.65563965,3024.55273438,7553.95800781,13725.0244141,16146.5234375,25659.2910156,28024.8007812,13781.3476562,3098.38354492,3839.89868164,3194.55639648,693.546630859,376.581390381,288.954467773,134.244796753,87.3914642334,118.374549866,133.610824585,49.018913269,15.0802412033,2.35047769547,0.269378334284,0.218566343188,0.0274461880326,0.0110204434022,0.00427104206756,0.00151736102998,0.000667750369757,0.00146300811321,0.00061412609648,0.0000535179460712],"max":[18.3203525543,44.4854431152,81.814781189,180.05847168,165.884262085,143.548660278,338.647094727,723.772521973,399.731536865,554.680664062,559.177490234,1128.19445801,3412.14575195,1736.19604492,2651.30444336,1844.89587402,2474.26318359,526.910827637,1028.88574219,976.943725586,249.374938965,237.445343018,206.221801758,244.116195679,229.761184692,269.652832031,505.286468506,327.677734375,107.285812378,55.2056007385,24.2411880493,26.567855835,4.81363201141,0.969649672508,0.604648053646,1.06720376015,1.38924360275,1.50415766239,0.808499157429,0.132327243686],"mean":[1.09547531605,3.16716766357,6.52474880219,9.24207878113,7.48152160645,9.02778053284,16.448551178,30.5167865753,20.8510799408,20.7392902374,28.9102611542,38.5763816833,46.4004173279,63.854637146,101.625274658,142.15447998,97.1997756958,54.2381362915,53.8126220703,44.2291603088,22.0740146637,15.9264593124,12.8845281601,8.21090316772,5.98279380798,5.10795593262,4.72139406204,2.24756073952,1.14596951008,0.551127970219,0.279629439116,0.124818354845,0.060700904578,0.0387825369835,0.0247535891831,0.0151649275795,0.0145763037726,0.0229032766074,0.030404407531,0.0207178629935],"median":[0.460860967636,1.72705841064,4.23743343353,4.99957942963,3.62148427963,5.49206829071,9.49704170227,19.5074615479,12.4129581451,9.80721664429,16.3362579346,20.3154754639,25.1788349152,35.9208831787,66.6305389404,107.775306702,76.2297439575,42.9261169434,40.6638946533,31.4061889648,17.549823761,11.3662891388,7.74988460541,5.15368509293,3.45096421242,2.35413312912,1.83811473846,0.837363243103,0.387920230627,0.226654157043,0.135985508561,0.0537398457527,0.0224898084998,0.014334958978,0.00962394848466,0.00639726966619,0.00778308883309,0.00939979963005,0.014501079917,0.0178591050208],"min":[8.03892731812e-22,9.49579674859e-21,5.8581932645e-20,3.52844230042e-20,3.24202422786e-20,2.71122223491e-19,4.84138989758e-19,5.40268829487e-19,5.71464550422e-19,1.3645668727e-18,1.18479095389e-18,8.05772144324e-19,2.0468183075e-18,2.83203749515e-18,2.77275139269e-18,5.0934924212e-18,5.38098855567e-18,3.23364195435e-18,2.79601109113e-18,5.65925997195e-18,5.10458946271e-18,6.90213027517e-18,9.94350092037e-18,2.01012680892e-17,1.37556165401e-17,1.3460576932e-17,1.85732090718e-17,2.16283344898e-17,1.94619104152e-17,1.4601228391e-17,1.38903047048e-17,1.99479236929e-17,1.38599198794e-17,1.30446059999e-17,9.44877246781e-18,5.85663726022e-18,3.62550946376e-18,1.63295410105e-18,3.67752376975e-19,3.07371817636e-20],"var":[2.96323919296,16.3213310242,52.6005516052,173.867324829,140.798599243,130.714477539,444.044708252,1289.08081055,838.582824707,1357.22131348,1597.70532227,4915.10205078,7826.64453125,10556.9492188,17490.5527344,18756.2460938,8804.69335938,2223.47851562,2842.72607422,2345.72192383,376.335571289,271.053344727,249.097991943,128.639923096,100.726356506,122.181488037,181.911834717,59.4441833496,16.4458751678,1.96285569668,0.38655975461,0.223789185286,0.0172986648977,0.00441403687,0.00171526300255,0.00075410847785,0.00144108722452,0.00226499605924,0.00215608929284,0.000215549429413]},"erbbands_crest":{"dmean":2.54417920113,"dmean2":4.26971435547,"dvar":5.11811304092,"dvar2":13.4076557159,"max":30.9338912964,"mean":8.48254299164,"median":7.84578418732,"min":2.3715865612,"var":10.7284011841},"erbbands_flatness_db":{"dmean":0.0242864079773,"dmean2":0.0388785339892,"dvar":0.000415626855101,"dvar2":0.00107495673001,"max":0.355786144733,"mean":0.174805745482,"median":0.172636702657,"min":0.0327864661813,"var":0.00159790483303},"erbbands_kurtosis":{"dmean":1.05856847763,"dmean2":1.71686017513,"dvar":1.34391880035,"dvar2":3.39485025406,"max":25.1438426971,"mean":1.09434223175,"median":0.678995549679,"min":-1.5619468689,"var":3.36846327782},"erbbands_skewness":{"dmean":0.325459837914,"dmean2":0.528046488762,"dvar":0.0767082720995,"dvar2":0.191832795739,"max":2.91505789757,"mean":-0.419808417559,"median":-0.428223878145,"min":-3.15787816048,"var":0.286741375923},"erbbands_spread":{"dmean":4.96192932129,"dmean2":8.03767490387,"dvar":22.0352973938,"dvar2":53.6637802124,"max":95.0047149658,"mean":21.570110321,"median":19.8035011292,"min":1.85771262646,"var":92.29322052},"gfcc":{"cov":[[13255.2871094,778.111816406,-526.563049316,277.719512939,114.291824341,-512.337585449,430.831359863,-329.117919922,73.4869766235,-25.0586280823,37.8307762146,-28.3229465485,-40.6473960876],[778.111816406,1027.95385742,-60.6573677063,-314.327667236,251.706558228,41.0739555359,-16.9631099701,-43.0793495178,51.1993255615,-94.310256958,62.0676803589,-50.804523468,49.2284469604],[-526.563049316,-60.6573677063,285.537414551,67.7834701538,-37.6805953979,170.40397644,-117.061958313,105.644309998,-28.867149353,35.0233383179,3.25260686874,1.29859733582,15.7919206619],[277.719512939,-314.327667236,67.7834701538,305.02923584,-16.3566322327,-74.5332260132,87.1675109863,-15.7063837051,2.35257768631,35.1293716431,-23.5872936249,25.6518592834,-29.856754303],[114.291824341,251.706558228,-37.6805953979,-16.3566322327,187.610412598,14.8697280884,44.9349365234,-29.0739898682,16.5728797913,-32.5475006104,24.691362381,-4.05695438385,19.7322845459],[-512.337585449,41.0739555359,170.40397644,-74.5332260132,14.8697280884,327.957885742,-129.78578186,121.644752502,-60.8891029358,1.70580971241,7.9256029129,-3.60820317268,44.6207008362],[430.831359863,-16.9631099701,-117.061958313,87.1675109863,44.9349365234,-129.78578186,205.125961304,-62.0517578125,51.1971931458,-0.214489504695,-5.72342729568,17.2087059021,-26.0813674927],[-329.117919922,-43.0793495178,105.644309998,-15.7063837051,-29.0739898682,121.644752502,-62.0517578125,149.977905273,11.5886955261,28.2960948944,9.20592594147,-9.40517044067,17.5183696747],[73.4869766235,51.1993255615,-28.867149353,2.35257768631,16.5728797913,-60.8891029358,51.1971931458,11.5886955261,107.972946167,29.8181190491,14.1418085098,11.9197015762,-15.8186168671],[-25.0586280823,-94.310256958,35.0233383179,35.1293716431,-32.5475006104,1.70580971241,-0.214489504695,28.2960948944,29.8181190491,69.0748901367,30.0442752838,16.2793617249,8.73196983337],[37.8307762146,62.0676803589,3.25260686874,-23.5872936249,24.691362381,7.9256029129,-5.72342729568,9.20592594147,14.1418085098,30.0442752838,64.2422103882,30.7196464539,28.3093395233],[-28.3229465485,-50.804523468,1.29859733582,25.6518592834,-4.05695438385,-3.60820317268,17.2087059021,-9.40517044067,11.9197015762,16.2793617249,30.7196464539,61.1466598511,22.7039451599],[-40.6473960876,49.2284469604,15.7919206619,-29.856754303,19.7322845459,44.6207008362,-26.0813674927,17.5183696747,-15.8186168671,8.73196983337,28.3093395233,22.7039451599,67.3786315918]],"icov":[[0.000115448856377,-0.000346060318407,0.000438802177086,-0.000546220107935,0.000384211918572,-0.000107659827336,0.00001361462364,-0.00000478942456539,0.000160668016179,-0.000258088752162,-0.0000321689403791,0.0000499024063174,0.0000107624327939],[-0.000346060318407,0.00491605186835,-0.00395324453712,0.00487056048587,-0.0035943838302,0.000553472375032,-0.00119579921011,0.00228831777349,-0.00413131946698,0.00663766963407,-0.00519634783268,0.00499391322955,-0.00241712015122],[0.000438802177086,-0.00395324453712,0.0125153660774,-0.00846457015723,0.0036598443985,-0.00410549202934,0.00511733116582,-0.00336322165094,0.00198325538076,-0.00559736695141,0.00238608662039,-0.00260472111404,0.0020374013111],[-0.000546220107935,0.00487056048587,-0.00846457015723,0.0135535346344,-0.00715381791815,0.0044605419971,-0.0044174734503,0.000346959015587,0.00165520375594,-0.0017276906874,0.00407271692529,-0.0030446248129,0.00136985315476],[0.000384211918572,-0.0035943838302,0.0036598443985,-0.00715381791815,0.01475618314,-0.00487171020359,-0.00167943316046,0.00293067563325,-0.00416960427538,0.00766087369993,-0.00929567124695,0.00665284786373,-0.0039849835448],[-0.000107659827336,0.000553472375032,-0.00410549202934,0.0044605419971,-0.00487171020359,0.00923720747232,0.000517115171533,-0.0054988488555,0.00586221087724,-0.00350332795642,0.00555794453248,-0.00541658839211,0.000729084305931],[0.00001361462364,-0.00119579921011,0.00511733116582,-0.0044174734503,-0.00167943316046,0.000517115171533,0.0111858956516,-0.000615746423136,-0.00161174254026,-0.00263046636246,0.00351124000736,-0.00415160413831,0.00225060502999],[-0.00000478942456539,0.00228831777349,-0.00336322165094,0.000346959015587,0.00293067563325,-0.0054988488555,-0.000615746423136,0.0160453543067,-0.00939910486341,0.00519265374169,-0.00774473324418,0.0107602262869,-0.00561102014035],[0.000160668016179,-0.00413131946698,0.00198325538076,0.00165520375594,-0.00416960427538,0.00586221087724,-0.00161174254026,-0.00939910486341,0.0241934172809,-0.0195283852518,0.0128138521686,-0.0148201100528,0.0103635247797],[-0.000258088752162,0.00663766963407,-0.00559736695141,-0.0017276906874,0.00766087369993,-0.00350332795642,-0.00263046636246,0.00519265374169,-0.0195283852518,0.048295583576,-0.0332196988165,0.0195091813803,-0.0102109042928],[-0.0000321689403791,-0.00519634783268,0.00238608662039,0.00407271692529,-0.00929567124695,0.00555794453248,0.00351124000736,-0.00774473324418,0.0128138521686,-0.0332196988165,0.051734726876,-0.0292731653899,0.00287787732668],[0.0000499024063174,0.00499391322955,-0.00260472111404,-0.0030446248129,0.00665284786373,-0.00541658839211,-0.00415160413831,0.0107602262869,-0.0148201100528,0.0195091813803,-0.0292731653899,0.0428795292974,-0.0152803044766],[0.0000107624327939,-0.00241712015122,0.0020374013111,0.00136985315476,-0.0039849835448,0.000729084305931,0.00225060502999,-0.00561102014035,0.0103635247797,-0.0102109042928,0.00287787732668,-0.0152803044766,0.0274537950754]],"mean":[5.95054483414,121.936836243,-103.707603455,-15.2387266159,1.22756552696,-5.35790586472,2.35432720184,-17.5656051636,-2.22327971458,-5.79518842697,1.59340953827,-1.56964671612,-1.47942638397]},"hfc":{"dmean":43.7322006226,"dmean2":72.3332366943,"dvar":1904.68847656,"dvar2":5307.14257812,"max":608.301330566,"mean":161.858474731,"median":158.305679321,"min":1.23207665502e-16,"var":7074.60449219},"melbands":{"dmean":[0.00654614297673,0.0025821402669,0.000949856475927,0.000400198739953,0.000311394629534,0.000384883343941,0.000184632182936,0.000140161719173,0.000176292189281,0.000164043769473,0.000156976515427,0.000171035921085,0.000181238981895,0.000242133522988,0.00018134599668,0.0000942727638176,0.0000531528894498,0.0000479218506371,0.0000397991025238,0.0000242703645199,0.0000125052019939,0.00000934620584303,0.00000686523071636,0.00000528285227119,0.00000330582656716,0.00000219501703214,0.00000197665508495,0.00000157673559897,0.00000166859024375,0.00000102527565105,6.21335288997e-7,4.35638185081e-7,2.89261862463e-7,1.64080603327e-7,1.1815358647e-7,7.68285062236e-8,5.8937128955e-8,4.33627107554e-8,3.72695048156e-8,3.27591962446e-8],"dmean2":[0.0108400108293,0.00447494862601,0.00159444776364,0.000689897744451,0.000509847246576,0.000617223151494,0.000301580585074,0.000229819153901,0.000299685518257,0.000269608775852,0.000257591571426,0.000279842322925,0.000300706655253,0.000402385980124,0.000303750071907,0.000159691189765,0.0000898032521945,0.0000806543903309,0.000066240238084,0.0000411128166888,0.0000214882347791,0.0000157310842042,0.0000115765396913,0.00000872817054187,0.00000540224300494,0.00000356430905413,0.00000318542561217,0.00000250166681326,0.00000256890552919,0.00000152707605139,9.53302674134e-7,6.65984941861e-7,4.45750004019e-7,2.62852495325e-7,1.89380116922e-7,1.23022829257e-7,9.78002745455e-8,7.34454204121e-8,6.30676808555e-8,5.5457427095e-8],"dvar":[0.000124156606034,0.00000874237139215,0.00000164517780377,4.12386526705e-7,1.81951222089e-7,2.98935134424e-7,1.01065914748e-7,7.73865522774e-8,8.92609293146e-8,1.28947519329e-7,1.51963035933e-7,1.11556168747e-7,1.09855960773e-7,1.27092846469e-7,5.51257386405e-8,1.6553668658e-8,4.57696458511e-9,4.40532454959e-9,4.08389855266e-9,1.19326326598e-9,3.20971943468e-10,2.09105954774e-10,1.07708397756e-10,9.26166157655e-11,4.32890251423e-11,2.73201461454e-11,2.52940567796e-11,2.60491454795e-11,3.1560767888e-11,1.99999669603e-11,7.12088200905e-12,3.32148327939e-12,1.07570040115e-12,1.7273594393e-13,5.44876948736e-14,2.0657114257e-14,4.38898761356e-14,5.87850690977e-15,4.06054211793e-15,2.83246716419e-15],"dvar2":[0.000321732106386,0.0000252433710557,0.0000042325391405,0.00000111439476314,4.63333918788e-7,7.58265798595e-7,2.58005002252e-7,1.99818273927e-7,2.4048006253e-7,3.29942650978e-7,3.58674697054e-7,2.72134343504e-7,2.82042975641e-7,3.39651961667e-7,1.49944526129e-7,4.43383463278e-8,1.25240973148e-8,1.18857492737e-8,1.06293329694e-8,3.17457948817e-9,8.73774275156e-10,5.40865408016e-10,2.92805280022e-10,2.32242156062e-10,1.01015501519e-10,6.3059536759e-11,5.73419263461e-11,5.98921467976e-11,6.14081008266e-11,3.70074595968e-11,1.49133587424e-11,6.85790009849e-12,2.37923569735e-12,4.18223913617e-13,1.20445916695e-13,3.824331734e-14,1.26816648003e-13,1.42956427132e-14,1.03589673054e-14,7.27789851226e-15],"max":[0.119815222919,0.0328286327422,0.0285067167133,0.0133375851437,0.0087103145197,0.0144596938044,0.00697728944942,0.0050634094514,0.00528421066701,0.00753269111738,0.0176248233765,0.00640919152647,0.00833485648036,0.00921065639704,0.00391587708145,0.00370247475803,0.00093919725623,0.00179691112135,0.00154027331155,0.000685491890181,0.000299812818412,0.000345934415236,0.000248802360147,0.000281864020508,0.000203166695428,0.000208928671782,0.000205965567147,0.000204180076253,0.000273155834293,0.00029349635588,0.000165858495166,0.000063489045715,0.0000572907665628,0.0000225720723392,0.0000154116769409,0.0000106914612843,0.0000184627679118,0.00000322482219417,0.00000204873322218,7.9093746308e-7],"mean":[0.00845563970506,0.00365873822011,0.00159120443277,0.000557495397516,0.000545685819816,0.000677038740832,0.000311282201437,0.000216121014091,0.00025364375324,0.000244345574174,0.00023305825016,0.000253984733718,0.000289273972157,0.00040986793465,0.000314329168759,0.000160444658832,0.0000939059464145,0.0000884298133315,0.0000726818179828,0.0000430359868915,0.000021895084501,0.0000167706293723,0.0000129621776068,0.00000998375980998,0.00000635613241684,0.00000444361648988,0.00000405784658142,0.00000307480490847,0.000003192578788,0.00000197396207113,0.0000010719469401,6.80990126511e-7,4.4999458737e-7,2.43573055059e-7,1.75876536446e-7,1.01996704416e-7,6.44394830829e-8,4.25336956766e-8,3.55943434727e-8,3.15088364289e-8],"median":[0.00440057553351,0.00259514013305,0.000897503632586,0.000355377793312,0.000358198303729,0.000445373618277,0.000176787623786,0.000100188990473,0.000141564858495,0.000124584126752,0.000122902158182,0.000135822250741,0.000180939168786,0.000283211644273,0.000236696883803,0.000119786738651,0.0000700904711266,0.0000656059128232,0.0000483934782096,0.0000312061929435,0.0000167702200997,0.0000116641222121,0.00000851703043736,0.00000559582622373,0.00000389068873119,0.00000259282546722,0.00000206461004382,0.00000132121158458,0.00000121751179449,7.22704214695e-7,3.8099460653e-7,2.20534246864e-7,1.53986377427e-7,1.05854411458e-7,8.37484179783e-8,4.79494133288e-8,2.40329534051e-8,1.51546473148e-8,1.28361046237e-8,1.1628785046e-8],"min":[9.11206131873e-24,2.41946100877e-23,6.00689614207e-24,9.28951084619e-24,1.78602132133e-23,1.26052328592e-23,8.17596346985e-24,1.83077292716e-23,8.22272162229e-24,5.58780234769e-24,1.15638654668e-23,1.26931529848e-23,8.33266753323e-24,1.48742184925e-23,1.1276115041e-23,1.0251226953e-23,5.66731045503e-24,4.25356166678e-24,7.36513278842e-24,6.43429269748e-24,5.77525581472e-24,7.04500198903e-24,6.51199194677e-24,1.3679662201e-23,1.65466698759e-23,1.07239628945e-23,7.48791425515e-24,8.70016154137e-24,1.09998346528e-23,9.91145588361e-24,1.31303223436e-23,1.03341212457e-23,9.83335786514e-24,8.40757934251e-24,7.52703307858e-24,1.02069884223e-23,1.29338092035e-23,8.24709742426e-24,1.32611352032e-23,9.86271690145e-24],"var":[0.000138408999192,0.0000128361825773,0.00000480829658045,5.10092206696e-7,3.84112667007e-7,5.8485812815e-7,2.04501418466e-7,1.40747673072e-7,1.28975955249e-7,2.05837480394e-7,2.05085669336e-7,1.77256168854e-7,1.8058338469e-7,2.09154819686e-7,9.13950657377e-8,2.68543729476e-8,7.81187114995e-9,8.13130807131e-9,7.5130577315e-9,1.97564831161e-9,4.24373314267e-10,3.62156804545e-10,2.10345907359e-10,1.78979511767e-10,8.48491901739e-11,5.40843515806e-11,5.81669191979e-11,5.37288998015e-11,7.4548700546e-11,4.82942436042e-11,1.4793879663e-11,6.55665105542e-12,1.96268457216e-12,3.17903391328e-13,1.48372416783e-13,7.53878025544e-14,9.29889777917e-14,8.9133158455e-15,4.18828569781e-15,2.89684039763e-15]},"melbands_crest":{"dmean":5.1441283226,"dmean2":8.54669094086,"dvar":19.142742157,"dvar2":48.6672210693,"max":39.4448356628,"mean":17.4005508423,"median":16.1200027466,"min":2.34216737747,"var":55.2908859253},"melbands_flatness_db":{"dmean":0.0367020964622,"dmean2":0.0597051493824,"dvar":0.00104831508361,"dvar2":0.00274939928204,"max":0.647658228874,"mean":0.269037336111,"median":0.264549046755,"min":0.00484954752028,"var":0.00414145411924},"melbands_kurtosis":{"dmean":8.67231655121,"dmean2":14.1236839294,"dvar":1306.43188477,"dvar2":3168.63647461,"max":1517.10327148,"mean":11.0656604767,"median":3.20296287537,"min":-1.82562601566,"var":2363.5144043},"melbands_skewness":{"dmean":0.909112691879,"dmean2":1.47789788246,"dvar":1.22685229778,"dvar2":3.07394647598,"max":33.330116272,"mean":2.28760385513,"median":1.91261029243,"min":-1.34901893139,"var":4.01247310638},"melbands_spread":{"dmean":6.35024404526,"dmean2":10.3673524857,"dvar":42.2216835022,"dvar2":100.328903198,"max":250.559356689,"mean":21.5182533264,"median":20.1568508148,"min":0.106281645596,"var":289.742950439},"mfcc":{"cov":[[7870.98144531,821.74017334,-706.396362305,663.665283203,-415.794555664,163.105743408,-3.49481868744,-21.4196949005,-55.5218467712,41.6910896301,-27.0960865021,15.837018013,35.0335006714],[821.74017334,1277.95007324,-227.858047485,-211.102172852,189.399703979,40.1211280823,28.7980308533,37.3611602783,8.13290500641,-21.5071258545,19.026556015,7.52209758759,12.796005249],[-706.396362305,-227.858047485,411.83203125,-147.434768677,139.259124756,-29.1589832306,27.7241592407,-0.0141651807353,26.1984672546,5.22527933121,18.0492458344,10.1797800064,-3.63944625854],[663.665283203,-211.102172852,-147.434768677,471.802764893,-187.601394653,39.4808120728,-40.1817207336,-8.72427082062,-16.9575595856,33.2880973816,-0.259509533644,6.71578121185,7.86616611481],[-415.794555664,189.399703979,139.259124756,-187.601394653,268.243164062,7.20492887497,58.9434738159,19.6432361603,24.3991985321,-23.225320816,9.63145828247,7.88682460785,3.68033719063],[163.105743408,40.1211280823,-29.1589832306,39.4808120728,7.20492887497,114.72819519,34.529094696,21.256690979,-4.11349916458,-4.99674510956,-18.2359600067,-2.72455334663,6.40005207062],[-3.49481868744,28.7980308533,27.7241592407,-40.1817207336,58.9434738159,34.529094696,108.794319153,20.1322822571,15.0591421127,-14.5012931824,-15.7917013168,-1.32187783718,6.1792640686],[-21.4196949005,37.3611602783,-0.0141651807353,-8.72427082062,19.6432361603,21.256690979,20.1322822571,73.2840118408,26.3536491394,8.77279090881,7.27381515503,3.48782801628,1.4721313715],[-55.5218467712,8.13290500641,26.1984672546,-16.9575595856,24.3991985321,-4.11349916458,15.0591421127,26.3536491394,57.1282119751,25.3016490936,15.9084444046,5.57029485703,-0.374058932066],[41.6910896301,-21.5071258545,5.22527933121,33.2880973816,-23.225320816,-4.99674510956,-14.5012931824,8.77279090881,25.3016490936,63.0637550354,28.2475566864,7.26550102234,6.6575884819],[-27.0960865021,19.026556015,18.0492458344,-0.259509533644,9.63145828247,-18.2359600067,-15.7917013168,7.27381515503,15.9084444046,28.2475566864,59.4297332764,25.8440303802,5.98815393448],[15.837018013,7.52209758759,10.1797800064,6.71578121185,7.88682460785,-2.72455334663,-1.32187783718,3.48782801628,5.57029485703,7.26550102234,25.8440303802,45.7499885559,21.0526790619],[35.0335006714,12.796005249,-3.63944625854,7.86616611481,3.68033719063,6.40005207062,6.1792640686,1.4721313715,-0.374058932066,6.6575884819,5.98815393448,21.0526790619,46.4368438721]],"icov":[[0.000186949328054,-0.000184266114957,0.0000566740382055,-0.000222520742682,0.000261714827502,-0.000092193200544,-0.000180701288627,0.000132618632051,0.00000540789142178,-0.0000669284781907,0.000071367903729,-0.000118949697935,0.0000180393963092],[-0.000184266114957,0.00150201679207,0.00127990113106,0.000792070524767,-0.00151151174214,-0.000274741469184,0.000412791443523,-0.000327720539644,0.000131102802698,-0.0000702281540725,-0.000694941030815,0.000162131793331,-0.000168381942785],[0.0000566740382055,0.00127990113106,0.00453897099942,0.000938569195569,-0.0025667923037,0.000240889392444,-0.000137355469633,0.000437475042418,-0.000269594456768,-0.00113651319407,-0.000491066544782,-0.000707141996827,0.000520629459061],[-0.000222520742682,0.000792070524767,0.000938569195569,0.00376585847698,0.00106197420973,-0.00135038886219,0.000538644206244,0.0000279565956589,0.000313911936246,-0.00115539541002,-0.00027814967325,-0.000741800817195,-0.0000450080624432],[0.000261714827502,-0.00151151174214,-0.0025667923037,0.00106197420973,0.00831336155534,-0.000892934389412,-0.00233597611077,0.000180524191819,-0.00198686891235,0.00303118443117,-0.00173981243279,0.0000426432343374,-0.0006382476422],[-0.000092193200544,-0.000274741469184,0.000240889392444,-0.00135038886219,-0.000892934389412,0.0117523213848,-0.00314985727891,-0.00351375457831,0.00288329040632,-0.00163436634466,0.00365496124141,-0.000653991126455,-0.000542820664123],[-0.000180701288627,0.000412791443523,-0.000137355469633,0.000538644206244,-0.00233597611077,-0.00314985727891,0.0133084757254,-0.00140839954838,-0.00411890493706,0.00264647672884,0.00302423397079,-0.0000741544718039,-0.00195542024449],[0.000132618632051,-0.000327720539644,0.000437475042418,0.0000279565956589,0.000180524191819,-0.00351375457831,-0.00140839954838,0.0182595867664,-0.00823571160436,0.000823756796308,-0.00195250252727,0.000166873098351,0.0000900092127267],[0.00000540789142178,0.000131102802698,-0.000269594456768,0.000313911936246,-0.00198686891235,0.00288329040632,-0.00411890493706,-0.00823571160436,0.0293477531523,-0.012123095803,-0.000423561665229,-0.001943632029,0.00336501910351],[-0.0000669284781907,-0.0000702281540725,-0.00113651319407,-0.00115539541002,0.00303118443117,-0.00163436634466,0.00264647672884,0.000823756796308,-0.012123095803,0.0284196473658,-0.0126022659242,0.00657657301053,-0.00574537971988],[0.000071367903729,-0.000694941030815,-0.000491066544782,-0.00027814967325,-0.00173981243279,0.00365496124141,0.00302423397079,-0.00195250252727,-0.000423561665229,-0.0126022659242,0.0330951735377,-0.0180156882852,0.00514317303896],[-0.000118949697935,0.000162131793331,-0.000707141996827,-0.000741800817195,0.0000426432343374,-0.000653991126455,-0.0000741544718039,0.000166873098351,-0.001943632029,0.00657657301053,-0.0180156882852,0.0388230755925,-0.0160296186805],[0.0000180393963092,-0.000168381942785,0.000520629459061,-0.0000450080624432,-0.0006382476422,-0.000542820664123,-0.00195542024449,0.0000900092127267,0.00336501910351,-0.00574537971988,0.00514317303896,-0.0160296186805,0.0294533893466]],"mean":[-653.698547363,187.918487549,-33.99659729,16.0453243256,7.13312673569,23.3638000488,9.57328987122,7.0932097435,1.26734817028,1.71875274181,1.22944974899,5.19080543518,5.09563207626]},"pitch_salience":{"dmean":0.0921260938048,"dmean2":0.152525112033,"dvar":0.00655546970665,"dvar2":0.0170470252633,"max":0.903419673443,"mean":0.536015212536,"median":0.558639764786,"min":0.0431403741241,"var":0.0174179039896},"silence_rate_20dB":{"dmean":0,"dmean2":0,"dvar":0,"dvar2":0,"max":1,"mean":1,"median":1,"min":1,"var":0},"silence_rate_30dB":{"dmean":0.138938903809,"dmean2":0.277907222509,"dvar":0.119634881616,"dvar2":0.248546019197,"max":1,"mean":0.822638690472,"median":1,"min":0,"var":0.145904257894},"silence_rate_60dB":{"dmean":0.00275336229242,"dmean2":0.00550730759278,"dvar":0.00274578132667,"dvar2":0.00632425537333,"max":1,"mean":0.0442609079182,"median":0,"min":0,"var":0.0423018783331},"spectral_centroid":{"dmean":159.274108887,"dmean2":247.368057251,"dvar":34940.0976562,"dvar2":64225.0039062,"max":10566.9091797,"mean":1046.11743164,"median":973.388305664,"min":139.445053101,"var":211156.484375},"spectral_complexity":{"dmean":3.27798366547,"dmean2":5.15039205551,"dvar":9.47996330261,"dvar2":20.6530857086,"max":60,"mean":24.9112663269,"median":26,"min":0,"var":76.5552368164},"spectral_contrast_coeffs":{"dmean":[0.0552245043218,0.0497259199619,0.0394003875554,0.0289125703275,0.0248700343072,0.0404435843229],"dmean2":[0.0924474596977,0.0826802924275,0.0659748762846,0.0489496141672,0.0413930229843,0.0649192780256],"dvar":[0.0018540401943,0.00148823601194,0.000957651820499,0.000490645470563,0.000563198933378,0.00154721725266],"dvar2":[0.00507625564933,0.00408448372036,0.00264593493193,0.00138316454832,0.00152097921818,0.00379417650402],"max":[-0.42639541626,-0.477071076632,-0.546117007732,-0.629420757294,-0.656193435192,-0.42926967144],"mean":[-0.704384922981,-0.758262515068,-0.795243024826,-0.797974407673,-0.806968569756,-0.770045518875],"median":[-0.706615567207,-0.760530948639,-0.799199640751,-0.797475457191,-0.807413935661,-0.78339099884],"min":[-0.962998211384,-0.969208717346,-0.975529551506,-0.972699761391,-0.965593695641,-0.962917745113],"var":[0.00580660486594,0.00421400787309,0.00276069389656,0.00138491613325,0.00132813083474,0.00620877090842]},"spectral_contrast_valleys":{"dmean":[0.406973481178,0.364657789469,0.315049380064,0.262992292643,0.302024513483,0.715964257717],"dmean2":[0.658638119698,0.588406801224,0.498254150152,0.419988840818,0.469633311033,1.17514669895],"dvar":[0.118266522884,0.103761985898,0.086425550282,0.0840087905526,0.130180805922,0.37031263113],"dvar2":[0.280034989119,0.233741655946,0.179223582149,0.164351895452,0.289237856865,0.95347905159],"max":[-4.91651010513,-4.51135921478,-4.7841258049,-5.35273551941,-5.40929985046,-8.80115318298],"mean":[-6.60061454773,-6.31181240082,-6.35810375214,-6.74051761627,-7.72574996948,-11.1413793564],"median":[-6.37969303131,-6.09503793716,-6.12971401215,-6.50926113129,-7.40387535095,-11.0053844452],"min":[-27.3936443329,-27.1068553925,-26.7750358582,-27.720872879,-27.1917934418,-27.2143173218],"var":[1.6379108429,1.43338239193,1.35453486443,1.31164586544,1.53871953487,1.26206040382]},"spectral_decrease":{"dmean":7.3074337692e-9,"dmean2":1.19072405269e-8,"dvar":9.98032782842e-17,"dvar2":2.52632049911e-16,"max":2.03320166259e-10,"mean":-1.51113912494e-8,"median":-1.28715367254e-8,"min":-1.17814877854e-7,"var":1.42952188791e-16},"spectral_energy":{"dmean":0.0286164041609,"dmean2":0.046313572675,"dvar":0.00144836993422,"dvar2":0.00363691803068,"max":0.468818187714,"mean":0.0717149451375,"median":0.0651405453682,"min":1.08755404727e-20,"var":0.00232443353161},"spectral_energyband_high":{"dmean":0.000151351749082,"dmean2":0.000219226581976,"dvar":1.27575646047e-7,"dvar2":2.11569243902e-7,"max":0.0193126983941,"mean":0.000514224753715,"median":0.00029588182224,"min":7.8480141943e-21,"var":6.14744521954e-7},"spectral_energyband_low":{"dmean":0.0245357379317,"dmean2":0.0406824946404,"dvar":0.00129900802858,"dvar2":0.00334725785069,"max":0.413728326559,"mean":0.0383889041841,"median":0.0273512527347,"min":9.75030879785e-23,"var":0.00164478051011},"spectral_energyband_middle_high":{"dmean":0.00415138714015,"dmean2":0.0065998993814,"dvar":0.0000258500440395,"dvar2":0.0000638532801531,"max":0.101496055722,"mean":0.0121213421226,"median":0.0105086276308,"min":1.42513606799e-21,"var":0.0000854408863233},"spectral_energyband_middle_low":{"dmean":0.00506448699161,"dmean2":0.00814681127667,"dvar":0.0000354525946022,"dvar2":0.000089464323537,"max":0.0931669697165,"mean":0.0134641276672,"median":0.0111499484628,"min":3.05091715281e-22,"var":0.000115658607683},"spectral_entropy":{"dmean":0.144141405821,"dmean2":0.225775673985,"dvar":0.0179795604199,"dvar2":0.0452715791762,"max":9.79613494873,"mean":7.42282056808,"median":7.44180965424,"min":6.36167573929,"var":0.0849107205868},"spectral_flux":{"dmean":0.0382369682193,"dmean2":0.0617463625968,"dvar":0.00193690147717,"dvar2":0.00461007328704,"max":0.522256135941,"mean":0.148431658745,"median":0.144512310624,"min":1.04285857727e-10,"var":0.00424281973392},"spectral_kurtosis":{"dmean":8.06592082977,"dmean2":13.0583782196,"dvar":93.9697036743,"dvar2":251.354949951,"max":158.67640686,"mean":27.4397411346,"median":23.6642951965,"min":-1.19217729568,"var":207.736328125},"spectral_rms":{"dmean":0.00154158519581,"dmean2":0.00243200943805,"dvar":0.00000267635437012,"dvar2":0.00000634091247775,"max":0.0213865283877,"mean":0.00783558283001,"median":0.00797193497419,"min":3.25734296307e-12,"var":0.00000856944006955},"spectral_rolloff":{"dmean":4280.04980469,"dmean2":8255.13769531,"dvar":54929368,"dvar2":142732224,"max":22028.4667969,"mean":5358.68017578,"median":1485.79101562,"min":43.06640625,"var":60878412},"spectral_skewness":{"dmean":0.477715522051,"dmean2":0.755697727203,"dvar":0.270130455494,"dvar2":0.701826393604,"max":9.51319885254,"mean":3.50557017326,"median":3.3146853447,"min":0.0646285861731,"var":0.943499982357},"spectral_spread":{"dmean":477980.75,"dmean2":770712.9375,"dvar":306616762368,"dvar2":613448417280,"max":40935256,"mean":3072477.5,"median":2986336.5,"min":1155023.75,"var":1137980735490},"spectral_strongpeak":{"dmean":1.04388678074,"dmean2":1.99300861359,"dvar":43.8052024841,"dvar2":132.975311279,"max":107.868438721,"mean":0.785120546818,"median":0.255875825882,"min":0,"var":23.7510299683},"zerocrossingrate":{"dmean":0.0307511184365,"dmean2":0.0412017926574,"dvar":0.000714699912351,"dvar2":0.00126370822545,"max":0.51025390625,"mean":0.1884765625,"median":0.18798828125,"min":0.01904296875,"var":0.00452570756897}},"metadata":{"audio_properties":{"analysis_sample_rate":44100,"bit_rate":320000,"codec":"mp3","downmix":"mix","equal_loudness":0,"length":219.24571228,"lossless":false,"md5_encoded":"f7e6a5007e9aae88974ae5efd3f1b731","replay_gain":2.21527671814,"sample_rate":44100},"tags":{"acoustid_id":["28e131b6-1a3d-4fb2-9454-c2216796508c"],"album":["California Crossing"],"albumartist":["Fu Manchu"],"artist":["Fu Manchu"],"date":["2001"],"discnumber":["1/1"],"file_name":"02 - Fu Manchu - Hang On.mp3","musicbrainz_albumartistid":["f96de591-5dae-41da-855b-eb387d88d7d4"],"musicbrainz_albumid":["aaa7673a-2950-4170-8b7f-395e3e690dc6"],"musicbrainz_artistid":["f96de591-5dae-41da-855b-eb387d88d7d4"],"musicbrainz_recordingid":["eddf0586-a90b-400c-abcf-eaefe195aab5"],"musicbrainz_releasegroupid":["50dd7ce5-da44-30e2-9cf4-794c24cf606c"],"replaygain_album_gain":["+0.35 dB"],"replaygain_album_peak":["0.302702"],"replaygain_track_gain":["+0.48 dB"],"replaygain_track_peak":["0.294663"],"title":["Hang On"],"tracknumber":["2/11"]},"version":{"essentia":"2.1-beta1","essentia_build_sha":"e76a03f03bb3900de42a1fa0d9be1e72f12def64","essentia_git_sha":"v2.1_beta1-28-g21ef5f4-dirty","extractor":"music 1.0"}},"rhythm":{"beats_count":545,"beats_loudness":{"dmean":0.0372183322906,"dmean2":0.0658095031977,"dvar":0.00162857491523,"dvar2":0.0049597020261,"max":0.386155515909,"mean":0.0813623145223,"median":0.0745083764195,"min":2.28768759492e-9,"var":0.00201363605447},"beats_loudness_band_ratio":{"dmean":[0.185617864132,0.0660059154034,0.0586593262851,0.0909705981612,0.025860639289,0.0436337590218],"dmean2":[0.315444916487,0.118463590741,0.102552637458,0.159451931715,0.0455294288695,0.0761188417673],"dvar":[0.0194726251066,0.00505248829722,0.00430175615475,0.00711570028216,0.000695239810739,0.00155058375094],"dvar2":[0.0575247332454,0.0146698039025,0.0117826815695,0.0177921503782,0.00200455752201,0.00406334083527],"max":[0.971445381641,0.530387103558,0.499481409788,0.592102468014,0.224832475185,0.529399931431],"mean":[0.56668609380