{"lowlevel":{"average_loudness":0.713396906853,"barkbands":{"dmean":[0.0000153833989316,0.000679650693201,0.000937981822062,0.000600554689299,0.000572270597331,0.000530078075826,0.000257792620687,0.000264374655671,0.00103041669354,0.000382140889997,0.000575327663682,0.000480091228383,0.000929075933527,0.00053199584363,0.000505388190504,0.00024819758255,0.00020152948855,0.000197930668946,0.000144197809277,0.0000863965542521,0.0000311362819048,0.0000264269492618,0.0000173724511114,0.00000288449518848,8.17895738692e-7,7.25785014311e-8,1.0547661411e-8],"dmean2":[0.0000222028957069,0.00112978299148,0.00154829572421,0.0010319101857,0.000949884357397,0.00085063505685,0.000420059572207,0.000406010745792,0.00162899808493,0.000590620562434,0.000893672462553,0.000735200534109,0.00140511803329,0.000828338379506,0.00078916514758,0.000375484029064,0.000307878799504,0.000297303980915,0.000215955922613,0.000127176303067,0.0000470377817692,0.0000383437181881,0.0000252965528489,0.00000444275792688,0.00000125441715682,1.11279078396e-7,1.76991132861e-8],"dvar":[1.58681168205e-9,0.00000115191085115,0.00000163830236488,0.00000117756917462,8.92635512173e-7,0.00000119385958897,4.64998066718e-7,7.21615322163e-7,0.00000603504577157,0.00000110378618956,0.00000245425576395,0.00000154507904426,0.00000531630939804,0.00000232838397096,0.00000188850492577,4.27592283359e-7,3.02979174194e-7,1.81506052854e-7,1.10876030135e-7,4.21372483572e-8,7.19995707499e-9,5.55968560079e-9,3.02595704049e-9,4.78509940005e-11,4.34837322399e-12,3.22174300855e-14,1.70706560032e-16],"dvar2":[3.32465477371e-9,0.00000313343025482,0.00000452849053545,0.0000032605519209,0.0000022613908186,0.0000027636313007,0.00000118695948004,0.0000014951575622,0.0000138262976179,0.00000246727950071,0.00000554949110665,0.00000317024228025,0.0000111836861834,0.00000557196472073,0.00000483620033265,9.55873815656e-7,6.39836002847e-7,3.89832507608e-7,2.39077365904e-7,8.44937702027e-8,1.4286330341e-8,1.07665778515e-8,5.86413406722e-9,1.18698814666e-10,1.07231168389e-11,7.31027041743e-14,4.31949110134e-16],"max":[0.000625965651125,0.015967104584,0.0167214684188,0.0131623353809,0.0283195413649,0.0343415774405,0.0145763661712,0.0357547588646,0.0617414973676,0.0217464026064,0.0502541810274,0.0364163443446,0.0466306656599,0.039079580456,0.0329741165042,0.0182661358267,0.0205632187426,0.0137255145237,0.00987767800689,0.0047458470799,0.00405694637448,0.00298168906011,0.00214790506288,0.000154448716785,0.0000544160357094,0.00000354765302291,2.68732549102e-7],"mean":[0.000016027226593,0.00162371585611,0.00232232781127,0.00109026010614,0.00101934571285,0.000975441536866,0.000399676093366,0.000420635216869,0.00186978490092,0.000706187856849,0.00101321842521,0.000823481997941,0.00173602229916,0.000837063591462,0.000911730749067,0.000454221648397,0.00039452072815,0.000420400989242,0.000309897324769,0.000187062527402,0.0000750574326958,0.0000685740524204,0.0000421888762503,0.00000639244444756,0.00000171088106526,1.51007427007e-7,1.83115940189e-8],"median":[0.0000023848406272,0.000628856942058,0.00184378679842,0.000454180582892,0.000658392091282,0.000297895137919,0.000123055186123,0.0000820620189188,0.000413905770984,0.000150753156049,0.000191775383428,0.000289002986392,0.000412974244682,0.000196289911401,0.000217909138883,0.000138928269735,0.000111417219159,0.000106048471935,0.0000726820289856,0.0000512470032845,0.0000236095875152,0.0000157978156494,0.00000937037839321,0.00000236696791944,7.92304717834e-7,7.56874314334e-8,1.05634327952e-8],"min":[1.21868865598e-25,1.50367518436e-24,7.3796675506e-25,1.77841039131e-24,8.74608350125e-24,1.13892219176e-23,1.13102190757e-23,7.64957946476e-24,1.39998261325e-23,1.29201342997e-23,1.21773539154e-23,2.4428684051e-23,3.29420267639e-23,3.15994391458e-23,4.20248639415e-23,4.96215786816e-23,5.4540221089e-23,7.59783997126e-23,9.67253026803e-23,1.39581654415e-22,2.34383802561e-22,3.35041292864e-22,3.55726664681e-22,5.94705045589e-22,8.25901622901e-22,1.34090440354e-21,1.92873012765e-21],"var":[1.92258386988e-9,0.00000353582572643,0.00000470156055599,0.00000289895706373,0.00000155460304541,0.00000381893096346,7.76897763899e-7,0.0000017742648879,0.000017036416466,0.00000314202702612,0.00000675198225508,0.0000037819654608,0.0000151476751853,0.00000441987185695,0.00000450496145277,9.49404864059e-7,0.00000109459347186,6.4261598709e-7,4.23312059183e-7,1.49653857306e-7,3.96430444027e-8,3.8222321308e-8,1.48236658504e-8,1.36683483976e-10,7.89464413981e-12,5.70422683155e-14,3.82830490085e-16]},"barkbands_crest":{"dmean":2.11098432541,"dmean2":3.39418935776,"dvar":3.97191238403,"dvar2":9.83483982086,"max":23.9069137573,"mean":9.62767314911,"median":8.60801792145,"min":2.56417584419,"var":16.3100376129},"barkbands_flatness_db":{"dmean":0.0162896178663,"dmean2":0.024541741237,"dvar":0.000251125602517,"dvar2":0.00055542512564,"max":0.356493592262,"mean":0.166630893946,"median":0.163189575076,"min":0.0411006137729,"var":0.00164864992257},"barkbands_kurtosis":{"dmean":1.4916074276,"dmean2":2.39793252945,"dvar":7.28330421448,"dvar2":17.1753387451,"max":68.6477127075,"mean":1.81202995777,"median":0.0586197376251,"min":-1.89581406116,"var":28.9343471527},"barkbands_skewness":{"dmean":0.417448103428,"dmean2":0.6437946558,"dvar":0.193012356758,"dvar2":0.427238196135,"max":7.05666351318,"mean":0.858169794083,"median":0.631370067596,"min":-2.19918751717,"var":1.5122307539},"barkbands_spread":{"dmean":3.89924764633,"dmean2":6.07658529282,"dvar":21.01653862,"dvar2":50.4673843384,"max":134.043563843,"mean":21.0569992065,"median":19.9911346436,"min":1.33827066422,"var":106.699440002},"dissonance":{"dmean":0.0180785357952,"dmean2":0.0306269992143,"dvar":0.000362751015928,"dvar2":0.00100035360083,"max":0.500000178814,"mean":0.467335045338,"median":0.473997145891,"min":0.128809094429,"var":0.00068088300759},"dynamic_complexity":4.02670860291,"erbbands":{"dmean":[0.0118347331882,0.186213240027,0.935424566269,1.51622772217,1.7775592804,2.06433391571,3.44862174988,5.00893259048,3.62960004807,4.11245155334,7.28978872299,25.9318962097,13.7638235092,14.9373035431,23.1653404236,17.3538093567,37.0311698914,28.2240352631,28.3955688477,18.7084064484,11.0954055786,10.8111495972,10.6870222092,7.69293355942,6.51701259613,3.49029898643,1.91880357265,0.886562645435,0.907963454723,0.88225632906,0.374053627253,0.0917485579848,0.0394485332072,0.0138038471341,0.00388681702316,0.000654886302073,0.0000750016624806,0.00000842184272187,0.00000311358803629,0.00000482849372929],"dmean2":[0.0198423471302,0.311776638031,1.55672359467,2.60400724411,3.02261137962,3.37622046471,5.58596038818,8.02335357666,5.98845148087,6.53075504303,11.0674524307,40.6566467285,21.2471961975,22.6680297852,35.4281578064,25.8740215302,54.6677894592,43.4742240906,44.2001190186,28.7773189545,16.8551063538,16.170331955,15.9162654877,11.2942075729,9.58016586304,4.97794103622,2.83355855942,1.32627856731,1.31323254108,1.22931861877,0.544081628323,0.139280542731,0.0612891241908,0.0213212128729,0.00594529276714,0.000989770982414,0.000113623173092,0.0000132004206534,0.00000462428215542,0.00000700625832906],"dvar":[0.000755565939471,0.0761825889349,1.56034255028,6.42719745636,9.12857723236,15.0708150864,57.0702095032,136.745742798,71.9417190552,155.780014038,432.069335938,4705.96191406,1098.68652344,1449.76306152,3584.80273438,1672.02685547,8527.35742188,5927.21435547,6309.52294922,2195.78710938,832.648681641,933.737060547,546.769104004,346.794616699,242.622711182,77.4782562256,27.0079898834,5.44833278656,7.09405851364,6.29155635834,1.48274946213,0.0550437420607,0.00944708101451,0.00119492795784,0.0000982404671959,0.00000250276161751,3.65888013221e-8,2.70261896196e-10,1.48637387121e-11,3.34819290349e-11],"dvar2":[0.00193880300503,0.211040705442,4.38744926453,18.7066287994,25.3465557098,38.3322944641,133.737350464,310.880401611,183.052520752,377.860137939,880.385559082,10403.8359375,2588.52880859,3233.53100586,8074.18164062,3378.00488281,17429.3378906,13520.5742188,16728.2363281,5220.66308594,1819.73254395,1917.7265625,1164.68249512,762.427429199,489.118041992,143.88243103,51.8743400574,10.8002462387,14.353808403,11.0060510635,2.9505045414,0.134865745902,0.0236036591232,0.00297219143249,0.000236777588725,0.00000567359893466,8.58345927668e-8,6.55271170658e-10,2.93476735969e-11,6.48524428604e-11],"max":[0.368453860283,3.85764217377,16.7003974915,29.5356616974,45.9686737061,149.136810303,198.573471069,441.053070068,239.553222656,395.695892334,901.551025391,1927.58728027,818.517700195,961.842346191,2462.71289062,1363.23913574,2301.046875,2188.43017578,1798.50817871,1055.17333984,880.768615723,1287.0736084,841.985473633,723.094665527,396.545593262,303.508239746,239.259918213,75.7171707153,95.5792160034,94.6416168213,53.7724304199,7.53916168213,3.04689693451,0.842961549759,0.240509912372,0.0285546034575,0.00447939801961,0.000480114569655,0.0000966478546616,0.000123517253087],"mean":[0.019764399156,0.47194609046,2.37518072128,3.42656207085,3.01829719543,3.58276844025,5.94347429276,9.00390625,5.87412405014,6.98344802856,13.0094347,44.8586616516,26.2768859863,31.0855960846,44.3041496277,34.1533279419,72.3612747192,51.3664550781,51.5728187561,37.3972434998,22.7245121002,23.2299861908,23.5890617371,17.69282341,14.4589490891,8.37001800537,4.88069534302,2.23379826546,2.31281089783,2.36196064949,0.906132638454,0.219110757113,0.0825713425875,0.0290112122893,0.00789671391249,0.00135030224919,0.000191060142242,0.0000298104314425,0.00001279177377,0.0000218107270484],"median":[0.012480369769,0.225566983223,2.04684233665,2.3190407753,1.80310344696,1.99794709682,2.52804660797,2.39486050606,2.09281826019,1.85014081001,3.0183596611,8.26543140411,8.07335090637,7.43647623062,11.5794315338,13.8286542892,18.6696777344,14.3842048645,13.6146230698,10.8745088577,8.223072052,7.00487041473,6.29468250275,4.37550544739,3.72879910469,2.32349967957,1.5368642807,0.758204579353,0.554106295109,0.448040276766,0.221950471401,0.0765769630671,0.0315790139139,0.0129140513018,0.00347189651802,0.000636440992821,0.000114657515951,0.0000226395877689,0.00000930444912228,0.0000166342069861],"min":[5.77307343102e-23,3.89476608074e-22,1.95922312312e-21,5.53547852282e-21,1.06139833781e-20,2.2964425657e-20,3.09231390739e-20,7.22953593549e-20,1.35847936623e-19,1.55188220676e-19,3.21233109343e-19,3.12136940189e-19,3.73069519802e-19,5.45971102437e-19,8.56852873595e-19,9.62945559696e-19,1.66292078669e-18,1.82132432303e-18,3.16135071151e-18,3.10858940973e-18,3.18851945873e-18,3.89992373685e-18,3.7870020027e-18,4.9799118377e-18,6.78940458284e-18,7.32241205901e-18,9.90000941813e-18,1.08114135606e-17,1.13326887206e-17,1.10341857073e-17,1.05166667745e-17,1.06694106377e-17,1.0454891272e-17,7.72077397021e-18,5.75065805296e-18,4.18153489485e-18,2.17991704474e-18,9.5154680406e-19,2.4757673415e-19,2.60115166956e-20],"var":[0.000732665474061,0.264999359846,3.82687354088,14.4984064102,14.5237884521,27.1286067963,127.521858215,431.916809082,127.05531311,316.734527588,1115.72851562,12293.8798828,2761.59228516,5142.10742188,10485.3652344,4556.98535156,25160.4726562,14414.0751953,14498.1376953,5389.41699219,2048.59716797,3823.74780273,2052.58837891,1411.72705078,801.841552734,305.845062256,158.486557007,27.6365203857,46.4395141602,45.7564430237,6.05755567551,0.187755733728,0.0235890503973,0.00232818559743,0.000179922571988,0.00000481316646983,6.80516691887e-8,7.49457496063e-10,1.20612450583e-10,3.0886135316e-10]},"erbbands_crest":{"dmean":2.51630377769,"dmean2":4.0573387146,"dvar":6.10059499741,"dvar2":15.354590416,"max":32.7350273132,"mean":9.4867143631,"median":8.47573947906,"min":2.10802793503,"var":18.5061187744},"erbbands_flatness_db":{"dmean":0.0146009186283,"dmean2":0.0216755792499,"dvar":0.000218479530304,"dvar2":0.00043687663856,"max":0.360502719879,"mean":0.211981654167,"median":0.213672176003,"min":0.0214768089354,"var":0.00194385892246},"erbbands_kurtosis":{"dmean":0.953457057476,"dmean2":1.5127415657,"dvar":1.48274958134,"dvar2":3.53525233269,"max":29.7515411377,"mean":0.972172558308,"median":0.378143787384,"min":-1.82466459274,"var":5.07086849213},"erbbands_skewness":{"dmean":0.321311473846,"dmean2":0.499695420265,"dvar":0.0972501337528,"dvar2":0.221240848303,"max":3.87688374519,"mean":-0.223468005657,"median":-0.24811168015,"min":-4.07939147949,"var":0.624630391598},"erbbands_spread":{"dmean":5.19677114487,"dmean2":8.08616065979,"dvar":31.1324596405,"dvar2":69.9303436279,"max":135.201293945,"mean":26.8066692352,"median":24.1374835968,"min":3.09277057648,"var":193.977340698},"gfcc":{"cov":[[24899.2734375,1793.94091797,-3997.92456055,1273.78967285,-1443.12182617,626.610900879,-322.844543457,-141.071716309,-181.772857666,-387.194396973,-0.235466331244,-358.946777344,-115.091880798],[1793.94091797,1072.77441406,-228.825271606,-262.23614502,248.216201782,-146.271179199,-9.38635540009,-52.5231323242,-68.1646270752,-31.6497077942,-28.4872970581,2.49030065536,-25.0456809998],[-3997.92456055,-228.825271606,1118.28295898,-10.3987627029,142.835662842,4.1886844635,19.5411281586,34.0368385315,12.1199398041,59.7896652222,-23.690908432,60.5904159546,11.6650619507],[1273.78967285,-262.23614502,-10.3987627029,498.318634033,-151.251220703,119.703834534,-60.8170967102,-11.3550367355,30.1265602112,-13.6429920197,-8.91873073578,-22.2593479156,17.7854595184],[-1443.12182617,248.216201782,142.835662842,-151.251220703,507.119781494,-55.4731636047,15.7178735733,-17.2842559814,2.99513864517,47.7758865356,-44.938785553,3.4217209816,17.3842983246],[626.610900879,-146.271179199,4.1886844635,119.703834534,-55.4731636047,284.325836182,56.011051178,-1.24011290073,-10.3922100067,0.865857541561,-18.5681171417,-50.7105407715,-11.4855899811],[-322.844543457,-9.38635540009,19.5411281586,-60.8170967102,15.7178735733,56.011051178,191.533096313,30.5965270996,-12.7887020111,-10.8071775436,15.19851017,-8.6595287323,-33.4730911255],[-141.071716309,-52.5231323242,34.0368385315,-11.3550367355,-17.2842559814,-1.24011290073,30.5965270996,110.60962677,33.7313270569,0.191865965724,5.94592046738,1.72936892509,6.90310192108],[-181.772857666,-68.1646270752,12.1199398041,30.1265602112,2.99513864517,-10.3922100067,-12.7887020111,33.7313270569,107.840858459,29.8111457825,1.11471307278,2.94349360466,17.7576961517],[-387.194396973,-31.6497077942,59.7896652222,-13.6429920197,47.7758865356,0.865857541561,-10.8071775436,0.191865965724,29.8111457825,89.1415252686,18.7608985901,11.0236635208,11.7341594696],[-0.235466331244,-28.4872970581,-23.690908432,-8.91873073578,-44.938785553,-18.5681171417,15.19851017,5.94592046738,1.11471307278,18.7608985901,100.35559082,40.8512268066,-1.82035315037],[-358.946777344,2.49030065536,60.5904159546,-22.2593479156,3.4217209816,-50.7105407715,-8.6595287323,1.72936892509,2.94349360466,11.0236635208,40.8512268066,94.9393539429,29.3920059204],[-115.091880798,-25.0456809998,11.6650619507,17.7854595184,17.3842983246,-11.4855899811,-33.4730911255,6.90310192108,17.7576961517,11.7341594696,-1.82035315037,29.3920059204,78.8207473755]],"icov":[[0.000928750145249,-0.00233583850786,0.00257494580001,-0.00237284065224,0.00206071021967,-0.00204373104498,0.00116931507364,-0.00123680499382,0.000702112796716,-0.000167547230376,0.000155578833073,0.000129986408865,0.000442723423475],[-0.00233583850786,0.00726426765323,-0.00613305531442,0.00640888791531,-0.00581548782066,0.00551779707894,-0.00276184640825,0.00336583540775,-0.00124222168233,0.000844563532155,-0.00011001247185,-0.00057009520242,-0.000657748489175],[0.00257494580001,-0.00613305531442,0.00827250536531,-0.00659497827291,0.00532898446545,-0.00568939140067,0.00319783180021,-0.00382527941838,0.00228465534747,-0.00111321988516,0.00125774333719,-0.000823972455692,0.00175087654497],[-0.00237284065224,0.00640888791531,-0.00659497827291,0.00894822645932,-0.00482302810997,0.00409410241991,-0.00190242659301,0.0037138198968,-0.00266132690012,0.00126924773213,-0.000472819257993,-0.000108775922854,-0.00150397128891],[0.00206071021967,-0.00581548782066,0.00532898446545,-0.00482302810997,0.00747298216447,-0.00425673928112,0.00197287136689,-0.00221571768634,0.00137764215469,-0.00204403139651,0.0017314767465,0.000518812448718,0.0000645630570943],[-0.00204373104498,0.00551779707894,-0.00568939140067,0.00409410241991,-0.00425673928112,0.00959666073322,-0.00454733427614,0.00309902941808,-0.000493302184623,-0.000758259848226,0.000233548751567,0.00206186831929,-0.00171744916588],[0.00116931507364,-0.00276184640825,0.00319783180021,-0.00190242659301,0.00197287136689,-0.00454733427614,0.00869968999177,-0.00365792447701,0.00122972438112,0.00117392174434,-0.00131748779677,-0.000269058102276,0.00332104833797],[-0.00123680499382,0.00336583540775,-0.00382527941838,0.0037138198968,-0.00221571768634,0.00309902941808,-0.00365792447701,0.0129476841539,-0.00478404387832,0.00162009731866,-0.000832896388602,0.000714359397534,-0.00220442330465],[0.000702112796716,-0.00124222168233,0.00228465534747,-0.00266132690012,0.00137764215469,-0.000493302184623,0.00122972438112,-0.00478404387832,0.0130749363452,-0.00442799506709,0.0010586649878,0.000444632431027,-0.000969462504145],[-0.000167547230376,0.000844563532155,-0.00111321988516,0.00126924773213,-0.00204403139651,-0.000758259848226,0.00117392174434,0.00162009731866,-0.00442799506709,0.0154277794063,-0.00435432977974,0.000639944628347,-0.0010393159464],[0.000155578833073,-0.00011001247185,0.00125774333719,-0.000472819257993,0.0017314767465,0.000233548751567,-0.00131748779677,-0.000832896388602,0.0010586649878,-0.00435432977974,0.0150416633114,-0.00720763672143,0.00272316974588],[0.000129986408865,-0.00057009520242,-0.000823972455692,-0.000108775922854,0.000518812448718,0.00206186831929,-0.000269058102276,0.000714359397534,0.000444632431027,0.000639944628347,-0.00720763672143,0.0177030041814,-0.00679895561188],[0.000442723423475,-0.000657748489175,0.00175087654497,-0.00150397128891,0.0000645630570943,-0.00171744916588,0.00332104833797,-0.00220442330465,-0.000969462504145,-0.0010393159464,0.00272316974588,-0.00679895561188,0.0175149645656]],"mean":[-75.0639343262,136.197738647,-154.878112793,36.4353675842,-41.0354270935,13.2927074432,-22.9020462036,-5.66216802597,-17.2599277496,-11.5754041672,-9.30287456512,-10.3631591797,-8.25410652161]},"hfc":{"dmean":4.22668170929,"dmean2":5.81295204163,"dvar":39.8976020813,"dvar2":68.7821960449,"max":142.75201416,"mean":16.8782501221,"median":9.38198661804,"min":1.06560066722e-16,"var":357.694732666},"melbands":{"dmean":[0.000143002311233,0.000388247164665,0.00026288907975,0.000121479140944,0.000114437236334,0.000105578365037,0.0000552216843062,0.0000472516658192,0.0000716993963579,0.0001683725568,0.0000697631694493,0.0000618049089098,0.0000817170948721,0.0000566616618016,0.0000695503695169,0.0000904024855117,0.0000514686435054,0.0000503128139826,0.0000323785170622,0.0000218728309846,0.0000128651054183,0.000012614282241,0.0000101910318335,0.0000104740202005,0.00000658458748148,0.0000054058114074,0.00000433637069364,0.0000022361102765,0.00000161188143011,7.48885838675e-7,5.16683599017e-7,5.43605210623e-7,5.65277275655e-7,5.01506349337e-7,2.57562504657e-7,1.06317415316e-7,4.43711591913e-8,3.1954659363e-8,1.90864390959e-8,1.01748822701e-8],"dmean2":[0.000238500681007,0.000646139087621,0.000449239596492,0.000202327326406,0.000184121337952,0.000169308346813,0.0000902513202163,0.0000743540076655,0.000108093314338,0.000264142086962,0.000107946201751,0.0000942291153478,0.000125736158225,0.0000864074536366,0.000102214755316,0.000135560869239,0.0000796294843894,0.0000794157895143,0.0000502538205183,0.0000333536445396,0.0000200007816602,0.0000192156949197,0.0000153000019054,0.0000159436676768,0.0000098786149465,0.00000807939977676,0.0000064693317654,0.00000322769415106,0.0000024180571927,0.00000114333249712,7.99180895683e-7,8.04242120012e-7,8.21872333745e-7,7.05700642811e-7,3.8171219785e-7,1.65635412941e-7,6.94496762321e-8,5.059698438e-8,3.00381231e-8,1.58420387919e-8],"dvar":[6.54256666621e-8,2.56652015196e-7,1.84602185982e-7,4.18432080096e-8,5.05703425802e-8,5.53223138411e-8,1.66755960151e-8,1.98332212875e-8,3.64113716955e-8,1.90659065424e-7,2.92205086794e-8,2.493925777e-8,4.52730759548e-8,2.35432668916e-8,3.28905613856e-8,5.86457318263e-8,1.98463006029e-8,2.12622648377e-8,8.67089600121e-9,3.25120219635e-9,1.25433152753e-9,1.45831491327e-9,5.5599619353e-10,6.284562315e-10,2.98164271051e-10,1.75572084649e-10,1.30998614734e-10,3.58833136815e-11,2.12877458716e-11,4.85737101583e-12,2.0586540285e-12,2.83278955848e-12,2.44585037987e-12,2.40363826932e-12,7.62937347847e-13,8.70314359317e-14,1.18368941087e-14,6.43076095643e-15,2.64458593913e-15,6.80793519872e-16],"dvar2":[1.74030148514e-7,7.26531254713e-7,5.31374894308e-7,1.12147930054e-7,1.19807737065e-7,1.26771368514e-7,4.23387120918e-8,4.60802702662e-8,7.73379085217e-8,4.26250494456e-7,6.84134917606e-8,5.52704939594e-8,1.03218489755e-7,4.90121863095e-8,6.47464872827e-8,1.22919601608e-7,4.60447644457e-8,5.59530626276e-8,2.10554187419e-8,7.32943838955e-9,2.76497158502e-9,3.1759161967e-9,1.13955789249e-9,1.38620925849e-9,6.76423694834e-10,3.59584362286e-10,2.73539857432e-10,6.72770034127e-11,4.45150444284e-11,9.64091740469e-12,4.37864588337e-12,6.18014190171e-12,4.65557757276e-12,4.23649093237e-12,1.46132487621e-12,2.12863608033e-13,3.02214511554e-14,1.64767305295e-14,6.89634616842e-15,1.68372213991e-15],"max":[0.00388593110256,0.00664748996496,0.00457952870056,0.00681708334014,0.00579425692558,0.00850270967931,0.00320878857747,0.00555340200663,0.00611893180758,0.0120841832832,0.00410154974088,0.00391567591578,0.00679265987128,0.00487906998023,0.00470993854105,0.0052879517898,0.00362279755063,0.00374551140703,0.00267495703883,0.00155536970124,0.00101978785824,0.00154449278489,0.00081163138384,0.000997335882857,0.000734605477192,0.000399772194214,0.00026717124274,0.000207105447771,0.000167511636391,0.00010115862824,0.0000512349470227,0.0000544021531823,0.0000806156094768,0.0000666943233227,0.0000429093706771,0.0000110132368718,0.00000238143775277,0.0000030998960483,0.00000123673078178,7.52951734739e-7],"mean":[0.000309153285343,0.00107654661406,0.000610935792793,0.000214933854295,0.000207146294997,0.000192868479644,0.0000887487840373,0.0000788691831985,0.000121267061331,0.000293028802844,0.000127032544697,0.000122782032122,0.000151153246406,0.000100515455415,0.000124590238556,0.000162964264746,0.0000843328962219,0.0000848437848617,0.0000588909788348,0.0000407667102991,0.0000229711913562,0.0000248699670919,0.0000201804232347,0.0000213580115087,0.0000134976307891,0.0000112014731712,0.00000860357886268,0.00000486795170218,0.00000360938156518,0.00000171841190877,0.00000113459304885,0.00000125641474824,0.00000142567762396,0.00000127023872665,5.7105404494e-7,2.26749122589e-7,9.54525134489e-8,6.21211597718e-8,3.66403618557e-8,1.97964187265e-8],"median":[0.000141438940773,0.000956899370067,0.000438480114099,0.000142017772305,0.0000984241705737,0.0000543396381545,0.0000302125026792,0.0000194657150132,0.0000237048425333,0.0000564658403164,0.0000373780676455,0.0000263575802819,0.00003447177005,0.0000322509804391,0.0000343921929016,0.0000394024391426,0.0000203853560379,0.0000196748515009,0.0000151391895997,0.0000110486662379,0.00000792512309999,0.00000659447550788,0.00000554982852918,0.00000491289620186,0.00000296705366054,0.00000274880835605,0.00000188668707324,0.00000129625721002,0.00000102675357994,5.21306105838e-7,3.63034018847e-7,3.03673516555e-7,2.73958448815e-7,2.23678952693e-7,1.26928995314e-7,6.99535220861e-8,3.27499698471e-8,2.26691234673e-8,1.36453053301e-8,9.07697028651e-9],"min":[7.08226797541e-25,9.3665498189e-25,1.16055185059e-24,1.42559639437e-24,1.02288142314e-24,1.89884184141e-24,2.46886563177e-24,1.87855233893e-24,2.25902863098e-24,2.34308156322e-24,1.37700483058e-24,2.12634439609e-24,2.34917078055e-24,2.79201619071e-24,2.35735284586e-24,2.74867459485e-24,2.55494495046e-24,2.77108179444e-24,2.89766833175e-24,3.25833612926e-24,3.30951131112e-24,2.99316467749e-24,4.40833854297e-24,3.36557959996e-24,3.86012399562e-24,4.09041497639e-24,4.06318704781e-24,3.67140440683e-24,4.10054434484e-24,5.23982081404e-24,5.72326830334e-24,4.69280375754e-24,6.07920313264e-24,5.66206098014e-24,4.52551830841e-24,5.76899265356e-24,5.90185536823e-24,6.49136638954e-24,4.97001381837e-24,6.21610363185e-24],"var":[1.23979248201e-7,7.15056785339e-7,4.08304913435e-7,6.22075333467e-8,1.20665646364e-7,1.76665153617e-7,2.97076372391e-8,4.37565823574e-8,9.09073989419e-8,5.02441480421e-7,7.12636563094e-8,8.57702673329e-8,1.32246540829e-7,6.42745945356e-8,8.96635725667e-8,1.51216397626e-7,4.32262794448e-8,4.40522889278e-8,1.91895814794e-8,7.27483939755e-9,2.62821031605e-9,5.17754461526e-9,1.942760397e-9,2.05289518718e-9,1.05994057975e-9,5.8401095071e-10,3.59471591382e-10,1.31820040994e-10,9.58161258668e-11,2.64915329257e-11,7.40321692838e-12,1.43983340875e-11,1.83257697212e-11,1.50125710474e-11,2.90971782259e-12,2.62715223924e-13,3.37982713919e-14,1.44631451726e-14,5.21332388947e-15,1.10444393058e-15]},"melbands_crest":{"dmean":2.81556129456,"dmean2":4.53751850128,"dvar":6.87426614761,"dvar2":17.8172683716,"max":31.8847637177,"mean":13.9688930511,"median":13.3039627075,"min":1.50856947899,"var":30.6351966858},"melbands_flatness_db":{"dmean":0.0203554090112,"dmean2":0.0302655100822,"dvar":0.000459916744148,"dvar2":0.000973826099653,"max":0.478909641504,"mean":0.21672655642,"median":0.209834232926,"min":0.00335997832008,"var":0.00444715796039},"melbands_kurtosis":{"dmean":3.50054788589,"dmean2":5.55882883072,"dvar":45.1131248474,"dvar2":107.650314331,"max":251.693954468,"mean":6.74231672287,"median":1.90314817429,"min":-1.89149284363,"var":180.264190674},"melbands_skewness":{"dmean":0.530691683292,"dmean2":0.820089697838,"dvar":0.341243714094,"dvar2":0.766690135002,"max":12.9707565308,"mean":1.82833278179,"median":1.49145495892,"min":-1.55633592606,"var":2.55703496933},"melbands_spread":{"dmean":6.19065904617,"dmean2":9.57768821716,"dvar":50.212688446,"dvar2":115.034065247,"max":195.041137695,"mean":29.4945850372,"median":26.0831623077,"min":0.998574674129,"var":431.257171631},"mfcc":{"cov":[[9652.77929688,2.29448390007,-908.805541992,324.85256958,-606.839111328,325.65335083,-128.964050293,290.856719971,-213.732589722,255.837783813,52.2735099792,-191.978012085,-14.7139797211],[2.29448390007,1571.83215332,-282.077453613,-67.9554519653,198.711349487,-54.5467948914,107.38948822,-27.4977436066,10.1519651413,-75.4656982422,13.1180953979,-10.8328104019,-7.35353660583],[-908.805541992,-282.077453613,679.346740723,66.3199615479,-19.5439662933,34.8707542419,-12.3658237457,19.9460430145,17.2101593018,-29.1279735565,-19.4155654907,51.3539810181,12.7218379974],[324.85256958,-67.9554519653,66.3199615479,287.337646484,55.41796875,34.0202178955,-34.0684127808,-0.701312482357,12.1891241074,-19.3557891846,-17.2742137909,14.1037120819,20.1306438446],[-606.839111328,198.711349487,-19.5439662933,55.41796875,323.987579346,35.0766143799,2.09349894524,-68.2144622803,79.6632995605,-19.588634491,-40.6987800598,46.1385383606,-13.9822616577],[325.65335083,-54.5467948914,34.8707542419,34.0202178955,35.0766143799,241.934310913,63.8774032593,10.9989328384,28.8932151794,37.3405647278,3.05548143387,-1.4432901144,-18.1514320374],[-128.964050293,107.38948822,-12.3658237457,-34.0684127808,2.09349894524,63.8774032593,171.299514771,42.3995056152,5.79678869247,10.4352607727,18.021024704,5.11465549469,-21.8240337372],[290.856719971,-27.4977436066,19.9460430145,-0.701312482357,-68.2144622803,10.9989328384,42.3995056152,125.1016922,3.94131970406,15.2339773178,20.9325447083,-9.68424701691,3.51395821571],[-213.732589722,10.1519651413,17.2101593018,12.1891241074,79.6632995605,28.8932151794,5.79678869247,3.94131970406,132.579666138,24.9476203918,-26.3557281494,24.8297233582,-10.6887216568],[255.837783813,-75.4656982422,-29.1279735565,-19.3557891846,-19.588634491,37.3405647278,10.4352607727,15.2339773178,24.9476203918,125.543815613,31.010766983,-21.9845790863,-5.35448217392],[52.2735099792,13.1180953979,-19.4155654907,-17.2742137909,-40.6987800598,3.05548143387,18.021024704,20.9325447083,-26.3557281494,31.010766983,95.3483428955,5.73254013062,-1.58612251282],[-191.978012085,-10.8328104019,51.3539810181,14.1037120819,46.1385383606,-1.4432901144,5.11465549469,-9.68424701691,24.8297233582,-21.9845790863,5.73254013062,94.5016708374,14.6297702789],[-14.7139797211,-7.35353660583,12.7218379974,20.1306438446,-13.9822616577,-18.1514320374,-21.8240337372,3.51395821571,-10.6887216568,-5.35448217392,-1.58612251282,14.6297702789,77.3514175415]],"icov":[[0.000243505754042,-0.000113672460429,0.000384439394111,-0.000403439335059,0.000525472336449,-0.000500953057781,0.000544590235222,-0.00057464861311,0.000465125747724,-0.00054026331054,0.00048177773715,-0.000348943838617,0.000337219185894],[-0.000113672460429,0.000926242326386,0.000102617203083,0.000363324070349,-0.000894043478183,0.000518142594956,-0.000899381993804,0.000312185962684,-0.000352451665094,0.000971375207882,-0.000740475021303,0.000729322142433,-0.000487541954499],[0.000384439394111,0.000102617203083,0.00234030373394,-0.000872126838658,0.000982476514764,-0.00102797162253,0.000888577953447,-0.00119019078556,0.00059476448223,-0.000376708136173,0.00101877073757,-0.001398586086,0.000507612538058],[-0.000403439335059,0.000363324070349,-0.000872126838658,0.00474432017654,-0.00181109085679,0.000037480112951,0.0000860654035932,0.000214259431232,-0.000649870431516,0.00162018858828,-0.000760777911637,0.000726627826225,-0.00156818295363],[0.000525472336449,-0.000894043478183,0.000982476514764,-0.00181109085679,0.00641819136217,-0.00165815930814,0.00106400519144,0.00125617720187,-0.00135921617039,-0.00107175239827,0.00218266318552,-0.00266254483722,0.00162523146719],[-0.000500953057781,0.000518142594956,-0.00102797162253,0.000037480112951,-0.00165815930814,0.00633677188307,-0.00336814764887,0.0014595023822,-0.0014030742459,-0.000207505567232,-0.000991800101474,0.00124125694856,-0.000179398732143],[0.000544590235222,-0.000899381993804,0.000888577953447,0.0000860654035932,0.00106400519144,-0.00336814764887,0.0095374956727,-0.00423133606091,0.0016743382439,-0.00134592188988,0.000790105783381,-0.00223395344801,0.0027115684934],[-0.00057464861311,0.000312185962684,-0.00119019078556,0.000214259431232,0.00125617720187,0.0014595023822,-0.00423133606091,0.0122179286554,-0.0034657579381,0.00143775739707,-0.00290880375542,0.00209738500416,-0.00195468124002],[0.000465125747724,-0.000352451665094,0.00059476448223,-0.000649870431516,-0.00135921617039,-0.0014030742459,0.0016743382439,-0.0034657579381,0.0123804854229,-0.00497528351843,0.00504085747525,-0.00422059418634,0.0024491827935],[-0.00054026331054,0.000971375207882,-0.000376708136173,0.00162018858828,-0.00107175239827,-0.000207505567232,-0.00134592188988,0.00143775739707,-0.00497528351843,0.0128529565409,-0.00599971227348,0.00466634053737,-0.00186097912956],[0.00048177773715,-0.000740475021303,0.00101877073757,-0.000760777911637,0.00218266318552,-0.000991800101474,0.000790105783381,-0.00290880375542,0.00504085747525,-0.00599971227348,0.015525598079,-0.00495582679287,0.00210547959432],[-0.000348943838617,0.000729322142433,-0.001398586086,0.000726627826225,-0.00266254483722,0.00124125694856,-0.00223395344801,0.00209738500416,-0.00422059418634,0.00466634053737,-0.00495582679287,0.0153998490423,-0.00414616428316],[0.000337219185894,-0.000487541954499,0.000507612538058,-0.00156818295363,0.00162523146719,-0.000179398732143,0.0027115684934,-0.00195468124002,0.0024491827935,-0.00186097912956,0.00210547959432,-0.00414616428316,0.0154129378498]],"mean":[-689.54901123,150.242996216,-36.1379356384,25.2313842773,2.40238666534,17.5364284515,4.15402746201,9.62935829163,-4.6121635437,2.35860729218,-0.89619320631,-4.86168956757,-3.33731985092]},"pitch_salience":{"dmean":0.0605644397438,"dmean2":0.0982176437974,"dvar":0.00294908275828,"dvar2":0.00746688805521,"max":0.970291316509,"mean":0.510850787163,"median":0.514227807522,"min":0.114654675126,"var":0.0109176812693},"silence_rate_20dB":{"dmean":0,"dmean2":0,"dvar":0,"dvar2":0,"max":1,"mean":1,"median":1,"min":1,"var":0},"silence_rate_30dB":{"dmean":0,"dmean2":0,"dvar":0,"dvar2":0,"max":1,"mean":1,"median":1,"min":1,"var":0},"silence_rate_60dB":{"dmean":0.0143329659477,"dmean2":0.0286690928042,"dvar":0.0141278468072,"dvar2":0.0307159200311,"max":1,"mean":0.0884136259556,"median":0,"min":0,"var":0.0805928781629},"spectral_centroid":{"dmean":196.264877319,"dmean2":295.652923584,"dvar":68164.609375,"dvar2":148759.796875,"max":11682.1660156,"mean":1488.98376465,"median":1335.77966309,"min":200.104125977,"var":1676220.625},"spectral_complexity":{"dmean":2.74840140343,"dmean2":4.20619678497,"dvar":7.97866153717,"dvar2":15.7252664566,"max":50,"mean":16.6054458618,"median":16,"min":0,"var":75.4592437744},"spectral_contrast_coeffs":{"dmean":[0.0451409481466,0.0442242436111,0.0373709909618,0.0327347293496,0.0225345008075,0.0170255135745],"dmean2":[0.0754225254059,0.0732846260071,0.0595818832517,0.0519839115441,0.0347378924489,0.026265187189],"dvar":[0.00152225536294,0.00136603380088,0.00101415230893,0.000762063194998,0.000404288759455,0.000295443867799],"dvar2":[0.00410482194275,0.00363757531159,0.00238255783916,0.00181005010381,0.00085348932771,0.000619650410954],"max":[-0.36080634594,-0.451161235571,-0.453328818083,-0.520680427551,-0.542015016079,-0.537710666656],"mean":[-0.641989529133,-0.746563494205,-0.749239087105,-0.743066012859,-0.768891870975,-0.731316328049],"median":[-0.642442584038,-0.755487084389,-0.759754836559,-0.744956552982,-0.770731091499,-0.726347386837],"min":[-0.979208648205,-0.979209959507,-0.982937991619,-0.97247582674,-0.966835021973,-0.967254459858],"var":[0.00659049069509,0.00649274932221,0.00605681072921,0.00432732561603,0.00303393532522,0.00304095004685]},"spectral_contrast_valleys":{"dmean":[0.385985910892,0.352497458458,0.291929841042,0.284611165524,0.245902910829,0.241491228342],"dmean2":[0.642167448997,0.584798276424,0.479121983051,0.453056365252,0.362721174955,0.337678700686],"dvar":[0.130453303456,0.119301445782,0.103192135692,0.114346519113,0.102672331035,0.112649217248],"dvar2":[0.312560230494,0.27742305398,0.22789157927,0.24377579987,0.192410886288,0.206930369139],"max":[-6.01143169403,-5.15234375,-5.16693305969,-5.85780382156,-5.83379220963,-9.31345653534],"mean":[-7.92693758011,-7.58023071289,-7.68999671936,-8.02384376526,-8.26551628113,-11.7849760056],"median":[-7.4995303154,-7.22847986221,-7.2984213829,-7.61575078964,-7.8345413208,-11.3456678391],"min":[-27.9651851654,-28.0835533142,-27.7507209778,-27.7188129425,-27.4945297241,-27.4206638336],"var":[6.41933870316,6.61760902405,6.74363136292,6.56352901459,6.53297281265,4.70544624329]},"spectral_decrease":{"dmean":9.64971769157e-10,"dmean2":1.4377289359e-9,"dvar":1.24045607321e-18,"dvar2":2.59240844157e-18,"max":3.79265685752e-17,"mean":-4.2907268849e-9,"median":-3.47527651101e-9,"min":-2.12587565329e-8,"var":1.03743966722e-17},"spectral_energy":{"dmean":0.00397090893239,"dmean2":0.00584902334958,"dvar":0.0000216833286686,"dvar2":0.0000440138137492,"max":0.0931832268834,"mean":0.0177250914276,"median":0.0139980688691,"min":1.00082173666e-20,"var":0.000188396588783},"spectral_energyband_high":{"dmean":0.0000911097231437,"dmean2":0.000125419988763,"dvar":5.52939347642e-8,"dvar2":9.78318865918e-8,"max":0.00937317404896,"mean":0.000277619721601,"median":0.0000907632929739,"min":6.99060998544e-21,"var":4.03188693099e-7},"spectral_energyband_low":{"dmean":0.00147001980804,"dmean2":0.00245786132291,"dvar":0.00000352331881004,"dvar2":0.0000102539333966,"max":0.0206854529679,"mean":0.00453510927036,"median":0.00430733617395,"min":1.59365380306e-23,"var":0.00000960286979534},"spectral_energyband_middle_high":{"dmean":0.00233224406838,"dmean2":0.00330131547526,"dvar":0.0000141143518704,"dvar2":0.0000271385015367,"max":0.073034927249,"mean":0.00765418587252,"median":0.00380933098495,"min":1.07295170432e-21,"var":0.0000982635319815},"spectral_energyband_middle_low":{"dmean":0.00215053511783,"dmean2":0.00343436258845,"dvar":0.00000897485551832,"dvar2":0.0000214001029235,"max":0.0670309513807,"mean":0.00588956056163,"median":0.00408569118008,"min":1.48900007594e-22,"var":0.000034168100683},"spectral_entropy":{"dmean":0.123905926943,"dmean2":0.186616957188,"dvar":0.018169241026,"dvar2":0.0388286039233,"max":9.83058071136,"mean":7.36112785339,"median":7.35995054245,"min":5.85217618942,"var":0.197498768568},"spectral_flux":{"dmean":0.0161666125059,"dmean2":0.0249121580273,"dvar":0.000279999570921,"dvar2":0.000612839125097,"max":0.24889563024,"mean":0.0644033327699,"median":0.0590218119323,"min":6.29896065862e-11,"var":0.00149239879102},"spectral_kurtosis":{"dmean":3.14935421944,"dmean2":5.47964191437,"dvar":13.0813102722,"dvar2":37.9910964966,"max":43.4515037537,"mean":6.54523181915,"median":5.08454990387,"min":-1.2676281929,"var":30.0088539124},"spectral_rms":{"dmean":0.000453435350209,"dmean2":0.000667865504511,"dvar":2.15414814875e-7,"dvar2":4.33795747767e-7,"max":0.00953469797969,"mean":0.00382381281815,"median":0.00369549077004,"min":3.12475826464e-12,"var":0.00000267122072728},"spectral_rolloff":{"dmean":281.395812988,"dmean2":464.223449707,"dvar":227835.46875,"dvar2":499628.375,"max":20650.3417969,"mean":1731.22473145,"median":1421.19140625,"min":86.1328125,"var":5775100.5},"spectral_skewness":{"dmean":0.303829491138,"dmean2":0.510951399803,"dvar":0.0966107845306,"dvar2":0.268755316734,"max":5.31320667267,"mean":1.52743303776,"median":1.44994390011,"min":-0.0688675194979,"var":0.350845903158},"spectral_spread":{"dmean":286104.25,"dmean2":454176.375,"dvar":432371924992,"dvar2":953676660736,"max":47552760,"mean":3450116,"median":2782734,"min":1299773.75,"var":21725278371800},"spectral_strongpeak":{"dmean":0.641587436199,"dmean2":1.07171225548,"dvar":1.4478187561,"dvar2":3.54022097588,"max":14.6708583832,"mean":1.18098199368,"median":0.370709776878,"min":0,"var":3.10351967812},"zerocrossingrate":{"dmean":0.00597878033295,"dmean2":0.00730865867808,"dvar":0.0000614699310972,"dvar2":0.000100962817669,"max":0.53076171875,"mean":0.0572074428201,"median":0.04931640625,"min":0.0048828125,"var":0.00383405177854}},"metadata":{"audio_properties":{"analysis_sample_rate":44100,"bit_rate":261262,"codec":"mp3","downmix":"mix","equal_loudness":0,"length":210.599182129,"lossless":false,"md5_encoded":"be6ce92544e93da019e6e036a8c28908","replay_gain":-4.90060997009,"sample_rate":44100},"tags":{"acoustid_id":["ce21d5d4-3805-4fdc-ab92-8adad6ee155e"],"album":["Jefferson Airplane Takes Off"],"albumartist":["Jefferson Airplane"],"albumartistsort":["Jefferson Airplane"],"artist":["Jefferson Airplane"],"artists":["Jefferson Airplane"],"artistsort":["Jefferson Airplane"],"asin":["B0000A0DRW"],"barcode":["828765035224"],"catalognumber":["82876 503352 2"],"date":["2003-08-19"],"file_name":"05 - Tobacco Road.mp3","label":["BMG Heritage"],"media":["CD"],"musicbrainz album release country":["US"],"musicbrainz album status":["official"],"musicbrainz album type":["album"],"musicbrainz release track id":["8d5c1df7-4068-3a34-9b41-fdf97cfbec17"],"musicbrainz_albumartistid":["39c2a93d-9afa-4a22-9bba-c087ab056e1c"],"musicbrainz_albumid":["dac32141-814d-3f11-817b-5ca3be10fe4f"],"musicbrainz_artistid":["39c2a93d-9afa-4a22-9bba-c087ab056e1c"],"musicbrainz_recordingid":["edf799ac-fa4d-410d-af99-8a21daefc7b8"],"musicbrainz_releasegroupid":["7580fcad-3459-3f5c-a300-d7d0df98e14e"],"originaldate":["1966"],"script":["Latn"],"title":["Tobacco Road"],"tracknumber":["5/19"]},"version":{"essentia":"2.1-beta1","essentia_build_sha":"65e368e5454dd45657e4cc002e00185f437e13e1","essentia_git_sha":"v2.1_beta1-28-g21ef5f4","extractor":"music 1.0"}},"rhythm":{"beats_count":428,"beats_loudness":{"dmean":0.0108777377754,"dmean2":0.0186765380204,"dvar":0.000122474084492,"dvar2":0.000300001061987,"max":0.0732226893306,"mean":0.021545978263,"median":0.0172187201679,"min":0,"var":0.00023380764469},"beats_loudness_band_ratio":{"dmean":[0.215001091361,0.108753435314,0.110446467996,0.175285488367,0.1211801