{"lowlevel":{"average_loudness":0.96828353405,"barkbands":{"dmean":[0.000183167358045,0.00378278666176,0.00394191220403,0.00211332086474,0.00111781281885,0.000379256060114,0.000179834256414,0.000154779598233,0.000347077788319,0.000354935560608,0.000172549553099,0.000333919422701,0.000217652486754,0.000220406465814,0.000287993985694,0.000678038457409,0.00071110681165,0.000509121397045,0.000459119037259,0.000317353871651,0.000282405002508,0.000247259275056,0.000207781486097,0.000191542654647,0.000235591360251,0.000117948693514,0.0000134891261041],"dmean2":[0.000303052773234,0.00641865748912,0.00696279667318,0.0035569278989,0.00194230687339,0.000637684541289,0.000293570425129,0.000246506824624,0.000535563740414,0.000533812562935,0.000270789983915,0.000519329216331,0.000337467412464,0.000347678374965,0.000461901247036,0.00109717762098,0.00113818678074,0.000823365233373,0.000760234717745,0.000531499565113,0.000470702711027,0.000393111491576,0.000319980958011,0.000278377701761,0.00036505740718,0.000184886826901,0.0000208762030525],"dvar":[7.23922823909e-8,0.000031840390875,0.0000436013287981,0.00000680471930536,0.00000229591410061,3.39461053045e-7,1.70819262735e-7,1.97613815089e-7,0.00000109031532247,8.96966412256e-7,2.47733652259e-7,7.09044570613e-7,2.00901808967e-7,2.10262768974e-7,2.38653370843e-7,0.00000121413881971,0.00000108551728317,4.70070091296e-7,3.20044534874e-7,2.16067775227e-7,2.57099685541e-7,1.9074329316e-7,1.362560198e-7,1.43426902355e-7,4.55199767657e-7,9.89164732346e-8,1.16138865192e-9],"dvar2":[1.79225779107e-7,0.000082731632574,0.000123563804664,0.0000181260220415,0.00000632978390058,8.26357336337e-7,3.82009801569e-7,4.69609517495e-7,0.00000231455987887,0.00000180164681751,5.48755565433e-7,0.00000163999050073,4.44101857511e-7,4.79326502045e-7,5.58557417207e-7,0.00000295780660053,0.00000253690541285,0.00000113475653052,8.47927708492e-7,5.53798997771e-7,6.97921734627e-7,4.84571330617e-7,3.04235129533e-7,2.90220896204e-7,0.0000011659918755,2.50868964713e-7,2.57732013509e-9],"max":[0.00327904312871,0.059503056109,0.0598426610231,0.0356890819967,0.0188124421984,0.015983376652,0.0150737063959,0.0131246233359,0.0420862287283,0.0196138732135,0.0121067268774,0.0192568171769,0.00813519675285,0.00939019303769,0.0150216370821,0.0269780773669,0.020181324333,0.0125801386312,0.0114055769518,0.00853333622217,0.00873312167823,0.0084139611572,0.00598336756229,0.00891504064202,0.0116333253682,0.00872253999114,0.00136183039285],"mean":[0.000233991464484,0.00481883995235,0.00430157035589,0.00276760570705,0.0015687685227,0.000575761019718,0.000277570361504,0.000249592936598,0.000543244357686,0.000529134005774,0.000236450214288,0.00053520873189,0.000353210722096,0.000359141646186,0.000508462777361,0.00131630676333,0.00148420385085,0.00111041462515,0.00102921039797,0.000614645658061,0.00056144973496,0.000503205752466,0.0004251289065,0.000419412390329,0.000368300825357,0.000174277112819,0.0000209114514291],"median":[0.000136313290568,0.00313934707083,0.00245518540032,0.00169311393984,0.00107865734026,0.000355518539436,0.000152715074364,0.000128037674585,0.000200349575607,0.000163624557899,0.0000915865384741,0.000154775974806,0.000159118178999,0.00015561573673,0.000334396783728,0.000982666504569,0.00115712231491,0.000910316244699,0.000885734567419,0.000453721586382,0.000414244685089,0.000308763934299,0.000247112242505,0.000240838795435,0.000191412022104,0.0000833869416965,0.00000767214805819],"min":[1.5291341583e-20,5.80370661906e-20,8.31009295566e-20,1.1828706024e-19,3.68553294603e-19,2.43042517773e-19,7.70335597636e-20,1.74116710955e-19,5.77191431996e-19,3.70855079754e-19,1.09028750761e-19,4.72735271038e-19,1.89450804205e-19,2.13876775609e-19,1.76092470622e-19,9.81658763296e-19,1.90512640448e-18,2.09132579434e-18,1.11713233607e-18,1.33474008398e-18,7.59626674441e-18,3.47400099482e-18,1.26507050738e-17,1.40372053642e-17,1.76865591363e-17,2.18397833611e-17,2.98186884713e-16],"var":[9.18605707056e-8,0.0000325591645378,0.0000361834900104,0.00000988019564829,0.00000266083930001,5.60512319225e-7,3.15520907179e-7,3.06355246948e-7,0.00000216552075472,0.0000019077883735,4.01026994723e-7,0.00000148253195675,3.89527571087e-7,4.23842863029e-7,4.49180589612e-7,0.0000023274378691,0.00000238404004449,0.00000101296757293,6.79629010847e-7,3.57256453754e-7,3.050702162e-7,3.38046277193e-7,2.59672020775e-7,3.28119853066e-7,4.41017959929e-7,9.89863906398e-8,1.79551218338e-9]},"barkbands_crest":{"dmean":2.39277267456,"dmean2":3.96801328659,"dvar":4.20778989792,"dvar2":11.1884212494,"max":23.7947063446,"mean":7.43185138702,"median":6.82780361176,"min":2.08891010284,"var":9.01679706573},"barkbands_flatness_db":{"dmean":0.017521109432,"dmean2":0.0278110709041,"dvar":0.000264450121904,"dvar2":0.000658912933432,"max":0.225168973207,"mean":0.0769107863307,"median":0.0726552158594,"min":0.0167647991329,"var":0.000706644845195},"barkbands_kurtosis":{"dmean":1.17733001709,"dmean2":1.91216397285,"dvar":5.37353754044,"dvar2":12.6276855469,"max":51.7089691162,"mean":-0.137737393379,"median":-1.06150317192,"min":-1.9217723608,"var":9.28671169281},"barkbands_skewness":{"dmean":0.525830447674,"dmean2":0.822767138481,"dvar":0.23588450253,"dvar2":0.564472079277,"max":6.4305562973,"mean":0.63062787056,"median":0.502893924713,"min":-5.66804599762,"var":0.846380054951},"barkbands_spread":{"dmean":8.80921077728,"dmean2":13.9068880081,"dvar":73.0136108398,"dvar2":168.500534058,"max":151.304977417,"mean":49.7816848755,"median":49.4606170654,"min":4.96413135529,"var":215.311157227},"dissonance":{"dmean":0.00656011654064,"dmean2":0.0111155956984,"dvar":0.0000600413150096,"dvar2":0.00015759197413,"max":0.500000178814,"mean":0.489919453859,"median":0.492587506771,"min":0.385085582733,"var":0.0000938217272051},"dynamic_complexity":2.33265137672,"erbbands":{"dmean":[0.0929007902741,0.971863329411,3.99159455299,5.5464258194,6.03670930862,2.94000840187,3.48098611832,2.93163704872,2.7132589817,2.54513645172,3.54103136063,7.02578830719,11.203537941,8.14762878418,8.03932189941,11.8770723343,9.4379196167,9.29132080078,12.1629390717,18.2956409454,38.6680374146,38.8719520569,28.4646434784,23.727766037,21.8823814392,13.4228525162,11.9434013367,10.7083215714,9.26283931732,7.10618782043,5.90866041183,4.30709886551,3.20541787148,2.40151453018,1.8396654129,0.781002938747,0.165618613362,0.0254812538624,0.00233335606754,0.0000882023741724],"dmean2":[0.161023005843,1.65658330917,7.03475522995,9.52436351776,10.3422632217,5.10728168488,5.9922337532,4.89863109589,4.46893978119,4.07618379593,5.57655477524,10.9119510651,17.0687236786,12.2065868378,12.5757026672,18.4467487335,14.4835634232,14.6372060776,19.1913719177,29.2480010986,62.1940345764,62.3695373535,45.7017745972,38.7580604553,36.5676765442,22.396478653,20.2528877258,17.5122299194,14.8722066879,11.2849674225,9.08553409576,6.40968704224,4.70895051956,3.62893986702,2.96258234978,1.25086116791,0.257326334715,0.0392258353531,0.00355125078931,0.000134603513288],"dvar":[0.0214165300131,2.1503508091,43.1772842407,60.1261787415,61.3784980774,16.6704349518,30.9654083252,24.4479789734,43.3854598999,28.6908512115,126.908493042,553.224243164,700.897888184,509.904663086,493.564666748,861.133605957,368.981994629,342.22052002,518.853942871,665.639221191,4333.71191406,3381.67089844,1557.63366699,904.29901123,791.257080078,406.361816406,454.575073242,371.571563721,268.961364746,159.849029541,113.550247192,78.6094284058,37.7984542847,36.7369766235,34.0876579285,5.11557579041,0.205406442285,0.00339213456027,0.0000430541986134,3.73023780753e-8],"dvar2":[0.0576260536909,5.62686491013,121.735984802,167.944244385,165.844894409,45.8129692078,82.5164794922,59.9542312622,98.9444046021,67.4219207764,285.646942139,1182.55114746,1524.27416992,1023.39801025,1108.59020996,2009.43286133,796.573547363,814.585388184,1175.33764648,1607.31311035,10934.3886719,8119.42089844,3772.38305664,2288.75708008,2114.41821289,1045.59411621,1256.52331543,974.042663574,683.42401123,398.866882324,246.868469238,161.438232422,79.3089447021,88.0835037231,90.7751922607,13.3852291107,0.509688436985,0.00791189819574,0.0000876561243786,8.12371183656e-8],"max":[1.92658805847,13.9161758423,59.0877799988,80.3173141479,95.1064300537,84.595916748,122.414993286,147.620529175,254.04788208,264.45199585,350.347320557,910.735168457,471.917053223,677.547363281,607.65625,605.86730957,450.588470459,422.148040771,823.85144043,669.546875,1798.26196289,1329.28833008,809.694641113,589.643493652,432.313446045,429.628356934,344.680725098,409.778869629,296.954956055,211.863113403,179.485427856,241.834350586,144.026168823,107.454940796,106.811828613,46.3303070068,21.8273983002,1.51203095913,0.397327065468,0.00836547464132],"mean":[0.111288003623,1.20379281044,4.54408884048,7.54098510742,7.883644104,4.26185512543,4.78162240982,4.48842287064,4.15805673599,4.43063688278,5.87175703049,11.1332321167,18.0102043152,12.4944467545,12.5244588852,20.3460884094,17.3049964905,16.544462204,22.6716804504,38.9114532471,80.6847839355,85.7387237549,65.5305252075,55.9620819092,47.930973053,27.4947509766,23.2440071106,20.6971130371,18.8126277924,14.24426651,12.1309928894,9.05701065063,6.78678655624,4.23124265671,2.56684756279,1.08330130577,0.250408381224,0.0400523766875,0.00368893798441,0.000165105608176],"median":[0.0727975815535,0.751257061958,2.67821073532,5.02506065369,5.20031356812,3.04716801643,2.67008781433,2.65112447739,2.33021831512,2.81735706329,2.81046819687,4.50174617767,6.86748170853,4.36709594727,5.0864815712,6.59574699402,7.77523946762,8.44434738159,13.3309926987,30.7807312012,60.1448783875,68.7547836304,54.4689865112,48.5798950195,40.152885437,20.9638938904,17.7637023926,13.8344860077,11.4910469055,8.72843933105,7.09327507019,5.28551197052,3.77314758301,2.33137559891,1.24582576752,0.522552490234,0.117694377899,0.01681561023,0.00136007252149,0.0000919042431633],"min":[1.50970377619e-18,1.43505579238e-17,7.77915654328e-17,2.73738363951e-16,6.97431893934e-16,1.34495268909e-15,1.92547550746e-15,1.91938216419e-15,1.28192920265e-15,1.59865335047e-15,5.65277771152e-15,1.27194905812e-14,1.44864538253e-14,7.09658518066e-15,7.83899177124e-15,1.99135379139e-14,1.05706230512e-14,7.34194097933e-15,1.04722410214e-14,2.95275211074e-14,5.19838587053e-14,1.13091861451e-13,1.05935524025e-13,1.09048099055e-13,3.36032166448e-14,6.53245090399e-14,2.47763398339e-13,2.95205429112e-13,1.14020256995e-13,2.36832472036e-13,3.80314350975e-13,1.46478830584e-13,3.28410123531e-13,1.32008187476e-13,1.74110265051e-13,6.31337159201e-14,4.75191277115e-14,2.9638367227e-14,2.09519359327e-14,1.42485324348e-14],"var":[0.0191114023328,2.16769123077,36.5289764404,67.0285186768,71.7113952637,20.8736381531,42.6173744202,41.2636184692,75.4686584473,52.5387611389,210.544769287,1004.87957764,1451.32434082,948.52355957,829.510437012,1897.35681152,869.308044434,676.824035645,1074.14978027,1446.47680664,8910.44433594,7620.3515625,3505.99438477,2088.21435547,1529.02539062,664.489562988,492.796936035,514.505615234,479.107330322,261.218902588,222.129333496,157.48210144,87.0930709839,45.6363296509,27.8297080994,4.40355730057,0.223678827286,0.00483367405832,0.0000706284699845,5.98317342337e-8]},"erbbands_crest":{"dmean":2.04914975166,"dmean2":3.35350060463,"dvar":4.17337942123,"dvar2":10.2481918335,"max":28.5559806824,"mean":7.31875181198,"median":6.63784694672,"min":1.96984565258,"var":10.1370677948},"erbbands_flatness_db":{"dmean":0.0140404971316,"dmean2":0.0211622137576,"dvar":0.000166567697306,"dvar2":0.000353546696715,"max":0.28701159358,"mean":0.1195724383,"median":0.119720190763,"min":0.0207700189203,"var":0.000989180291072},"erbbands_kurtosis":{"dmean":1.08129107952,"dmean2":1.69647312164,"dvar":1.50911331177,"dvar2":3.57296562195,"max":24.6727237701,"mean":1.62560284138,"median":1.19660162926,"min":-1.83010149002,"var":5.24949169159},"erbbands_skewness":{"dmean":0.310365706682,"dmean2":0.47792339325,"dvar":0.0813053920865,"dvar2":0.181709304452,"max":2.92041659355,"mean":-0.830340385437,"median":-0.88881456852,"min":-3.39050936699,"var":0.378547757864},"erbbands_spread":{"dmean":9.64399719238,"dmean2":14.6371135712,"dvar":94.8977050781,"dvar2":192.59765625,"max":145.051559448,"mean":40.5125274658,"median":35.2992286682,"min":3.57771968842,"var":440.74609375},"gfcc":{"cov":[[13483.7792969,256.509796143,-666.275512695,446.888000488,-284.771636963,290.884643555,-171.682266235,216.133392334,-220.04208374,-107.17325592,-236.354751587,63.4206809998,5.42631196976],[256.509796143,535.148498535,-219.597854614,124.600654602,-12.0401849747,17.2710170746,23.0451602936,8.60035324097,25.0007991791,-33.9480857849,33.8324127197,-33.4954833984,21.8022880554],[-666.275512695,-219.597854614,608.28314209,-90.0764312744,-18.3967609406,10.0898036957,45.4415168762,-3.41336774826,4.00941896439,30.9632492065,-23.7711734772,13.35729599,-25.8385391235],[446.888000488,124.600654602,-90.0764312744,284.160339355,-47.7221565247,42.8033561707,-20.8512496948,21.852098465,21.7464008331,-29.2607250214,6.51285743713,-13.976149559,2.70124554634],[-284.771636963,-12.0401849747,-18.3967609406,-47.7221565247,229.448684692,-45.378993988,19.7650642395,9.53953456879,5.1558098793,35.39012146,2.7134244442,3.66334104538,-11.4856815338],[290.884643555,17.2710170746,10.0898036957,42.8033561707,-45.378993988,217.526657104,51.2173805237,-3.31711173058,-16.8862323761,-15.0288619995,17.4911327362,-5.91217327118,-5.09568738937],[-171.682266235,23.0451602936,45.4415168762,-20.8512496948,19.7650642395,51.2173805237,112.753318787,25.159330368,6.49808073044,-0.0788551345468,-0.231599479914,-6.70735311508,-1.77842259407],[216.133392334,8.60035324097,-3.41336774826,21.852098465,9.53953456879,-3.31711173058,25.159330368,109.312812805,42.2320785522,-0.480486690998,-19.9227142334,-7.6510219574,3.60515284538],[-220.04208374,25.0007991791,4.00941896439,21.7464008331,5.1558098793,-16.8862323761,6.49808073044,42.2320785522,73.5211257935,20.0918331146,2.35289859772,-9.38075637817,-1.7911901474],[-107.17325592,-33.9480857849,30.9632492065,-29.2607250214,35.39012146,-15.0288619995,-0.0788551345468,-0.480486690998,20.0918331146,65.0942306519,23.231918335,7.76836776733,-15.2525453568],[-236.354751587,33.8324127197,-23.7711734772,6.51285743713,2.7134244442,17.4911327362,-0.231599479914,-19.9227142334,2.35289859772,23.231918335,63.6908378601,16.6682491302,-2.85451245308],[63.4206809998,-33.4954833984,13.35729599,-13.976149559,3.66334104538,-5.91217327118,-6.70735311508,-7.6510219574,-9.38075637817,7.76836776733,16.6682491302,47.972743988,14.3397369385],[5.42631196976,21.8022880554,-25.8385391235,2.70124554634,-11.4856815338,-5.09568738937,-1.77842259407,3.60515284538,-1.7911901474,-15.2525453568,-2.85451245308,14.3397369385,49.1459083557]],"icov":[[0.000134136847919,-0.000134551271913,0.000146100341226,-0.000148018734762,0.000169143662788,-0.000243258909904,0.000259607215412,-0.000466964615043,0.000708772451617,-0.000538016203791,0.00089354859665,-0.000602942309342,0.000274467398413],[-0.000134551271913,0.00298903370276,0.000576832564548,-0.000667962303851,-0.000243215079536,0.000649673631415,-0.00137305341195,0.000807605450973,-0.00152742152568,0.00195557880215,-0.00321212084964,0.00291038001888,-0.00155407958664],[0.000146100341226,0.000576832564548,0.00234547350556,0.0000665085681248,0.000700096949004,-0.000254358659731,-0.000915612559766,0.0000200155282073,0.000195180997252,-0.00132453767583,0.00205775070935,-0.00145476299804,0.00120012380648],[-0.000148018734762,-0.000667962303851,0.0000665085681248,0.00486368779093,0.000215367050259,-0.000846697599627,0.00138232170139,-0.000312846765155,-0.0023726685904,0.00258344504982,-0.00153205916286,0.000633780262433,0.000557214312721],[0.000169143662788,-0.000243215079536,0.000700096949004,0.000215367050259,0.00557282241061,0.000891352246981,-0.00124738563318,-0.0010184122948,0.00181916193105,-0.00369728915393,0.00185441866051,-0.00124452356249,0.00125952309463],[-0.000243258909904,0.000649673631415,-0.000254358659731,-0.000846697599627,0.000891352246981,0.00672142300755,-0.00384797248989,0.000762327981647,0.000625955755822,0.00178998801857,-0.00416691601276,0.00220750179142,0.0000537279556738],[0.000259607215412,-0.00137305341195,-0.000915612559766,0.00138232170139,-0.00124738563318,-0.00384797248989,0.012955179438,-0.00397837813944,0.00125496531837,-0.000225372874411,0.00116752681788,-0.0000120924414659,0.00014037208166],[-0.000466964615043,0.000807605450973,0.0000200155282073,-0.000312846765155,-0.0010184122948,0.000762327981647,-0.00397837813944,0.0156745705754,-0.010744759813,0.00263351597823,0.00186809489969,0.000417663279222,-0.00131940399297],[0.000708772451617,-0.00152742152568,0.000195180997252,-0.0023726685904,0.00181916193105,0.000625955755822,0.00125496531837,-0.010744759813,0.026192586869,-0.0111666750163,0.00273998407647,0.0018487732159,-0.000735238194466],[-0.000538016203791,0.00195557880215,-0.00132453767583,0.00258344504982,-0.00369728915393,0.00178998801857,-0.000225372874411,0.00263351597823,-0.0111666750163,0.0291459616274,-0.0133541617543,0.000253151141806,0.00526269059628],[0.00089354859665,-0.00321212084964,0.00205775070935,-0.00153205916286,0.00185441866051,-0.00416691601276,0.00116752681788,0.00186809489969,0.00273998407647,-0.0133541617543,0.0320349521935,-0.0143888778985,0.00441334722564],[-0.000602942309342,0.00291038001888,-0.00145476299804,0.000633780262433,-0.00124452356249,0.00220750179142,-0.0000120924414659,0.000417663279222,0.0018487732159,0.000253151141806,-0.0143888778985,0.0338033214211,-0.0126701518893],[0.000274467398413,-0.00155407958664,0.00120012380648,0.000557214312721,0.00125952309463,0.0000537279556738,0.00014037208166,-0.00131940399297,-0.000735238194466,0.00526269059628,0.00441334722564,-0.0126701518893,0.0275685414672]],"mean":[40.3264694214,36.0044555664,-105.763969421,58.0169448853,-40.1808280945,18.8677215576,-40.2931976318,18.572145462,-26.6097698212,-2.18188881874,-23.6632175446,1.89987802505,-13.7384281158]},"hfc":{"dmean":12.3419961929,"dmean2":18.325138092,"dvar":328.654571533,"dvar2":765.663085938,"max":268.853729248,"mean":40.2453155518,"median":36.2485122681,"min":1.14037237986e-10,"var":645.312072754},"melbands":{"dmean":[0.000922465987969,0.00176039431244,0.000983771402389,0.000297474005492,0.000113085756311,0.0000655212861602,0.00003975375148,0.0000290761145152,0.0000295469144476,0.0000497501787322,0.0000587377871852,0.000037092162529,0.0000248309788731,0.000032738003938,0.0000337297278747,0.0000205420365091,0.0000181403265742,0.0000202684568649,0.0000252704940067,0.0000372964896087,0.0000501678296132,0.0000451321902801,0.0000345778898918,0.0000246242598223,0.0000209262816497,0.0000189524107554,0.0000156278692884,0.00000827260464575,0.00000777449804445,0.0000076568348959,0.00000629290252618,0.00000560693160878,0.00000483811163576,0.00000409377707911,0.00000383812175642,0.00000294503956866,0.00000272749275609,0.00000243663839683,0.00000212138252209,0.00000208881988328],"dmean2":[0.00157182023395,0.00306937145069,0.00168103864416,0.000514763465617,0.000194143663975,0.000109321692435,0.0000652285161777,0.0000465795419586,0.0000464411641588,0.0000769747421145,0.0000891555100679,0.0000554713551537,0.0000388126209145,0.0000510015306645,0.0000514584207849,0.0000321532861562,0.0000288697065116,0.0000319998034684,0.0000405570608564,0.0000603157714067,0.0000807792966953,0.0000727733786334,0.0000564044348721,0.0000399376513087,0.0000344194922945,0.0000316128680424,0.0000262443045358,0.0000139046715049,0.0000132742125061,0.0000128769579533,0.0000102953381429,0.00000901556995814,0.00000784448457125,0.00000658696990286,0.00000599919667366,0.00000455719646197,0.00000408513187722,0.00000364967718269,0.00000317720582643,0.00000321885704579],"dvar":[0.00000196945643438,0.00000837381412566,0.00000161290483902,1.56021542352e-7,3.06907814718e-8,1.14304086196e-8,8.64527915923e-9,4.31939595202e-9,1.11384999002e-8,2.40425972464e-8,1.95040605888e-8,1.09588738084e-8,4.446868207e-9,9.07584851717e-9,7.65686269943e-9,1.71274794347e-9,1.31734145814e-9,1.80094672508e-9,1.97370564337e-9,3.65180286011e-9,7.49630135743e-9,5.33870636588e-9,2.06422190452e-9,1.2196265109e-9,7.41519401437e-10,5.85558601607e-10,5.28604437999e-10,1.84319254304e-10,1.81211795569e-10,1.89068261047e-10,1.30038452228e-10,1.02820828241e-10,8.06851876978e-11,5.3654112403e-11,4.89001200643e-11,3.16865735039e-11,3.58879141682e-11,2.45344924932e-11,1.67327002948e-11,3.28482900602e-11],"dvar2":[0.00000511371717948,0.0000232004094869,0.00000449523031421,4.28177429512e-7,8.16794738512e-8,2.75905520652e-8,1.94648119844e-8,1.0240736259e-8,2.43977833492e-8,5.11865856367e-8,4.18895425014e-8,2.15792539393e-8,9.9545021115e-9,2.10998916117e-8,1.63298192746e-8,3.8339593722e-9,3.11223158356e-9,4.03116473535e-9,4.57384663477e-9,8.49225312294e-9,1.89592537225e-8,1.24463275242e-8,5.14814191277e-9,2.94497781717e-9,1.89154292229e-9,1.56892221437e-9,1.37273747924e-9,4.7288167826e-10,5.01269470377e-10,5.17140996692e-10,3.32493255151e-10,2.61409810465e-10,2.09987804922e-10,1.3241389929e-10,1.06821960999e-10,7.16377096532e-11,7.44064809766e-11,5.33508688616e-11,3.66124179585e-11,8.11586423066e-11],"max":[0.0156744290143,0.0262277685106,0.0125634148717,0.00496308831498,0.00416823336855,0.00296130031347,0.00358594045974,0.00264366180636,0.00508018583059,0.0054443650879,0.00248558470048,0.00280519668013,0.00137694377918,0.00250770407729,0.00185466767289,0.000839639105834,0.000777565990575,0.00119399547111,0.00161736179143,0.00126124848612,0.00240212795325,0.00173303461634,0.000822315516416,0.000785760872532,0.000548566458747,0.000373698276235,0.000488672405481,0.000324475142406,0.000236033694819,0.000282298657112,0.000241646936047,0.000239426706685,0.000146171965753,0.000113888927444,0.000123546560644,0.000150614447193,0.000189597005374,0.000135546506499,0.0000609880007687,0.000114164984552],"mean":[0.00118430529255,0.00216315337457,0.00139344844501,0.000414973590523,0.000166088633705,0.000101685647678,0.0000623021987849,0.0000506564283569,0.0000473149520985,0.0000775950684329,0.0000931346658035,0.0000545268667338,0.0000359860096069,0.0000507745280629,0.0000559755972063,0.0000334854230459,0.0000297794103972,0.0000338671998179,0.0000437670350948,0.0000692492103553,0.0000971316185314,0.0000893828691915,0.0000717265647836,0.0000504314666614,0.0000446123121947,0.0000385998428101,0.0000289384079224,0.0000152287366291,0.0000139567400765,0.0000140196561915,0.0000112124298539,0.0000106755151137,0.00000924188680074,0.00000760151851864,0.00000741642406865,0.00000574558544031,0.00000539875009054,0.00000485878945256,0.00000415348722527,0.00000332973490913],"median":[0.000793942250311,0.00135166279506,0.00097576493863,0.000293342338409,0.00010180134268,0.0000621841027169,0.0000351432900061,0.0000310379837174,0.0000206315398827,0.0000290414882329,0.0000338336612913,0.0000165025812748,0.0000140961437864,0.0000159650116984,0.0000174772612809,0.0000155868801812,0.0000141875007102,0.0000165376022778,0.000028715836379,0.0000519088207511,0.0000694404297974,0.0000676441850374,0.0000577565806452,0.0000402707773901,0.0000373656766897,0.0000314873032039,0.0000217142223846,0.0000110552300612,0.0000104563659988,0.0000103132888398,0.00000682993140799,0.00000624259973847,0.00000560238913749,0.00000441757401859,0.00000416539978687,0.00000336404286827,0.00000299871317111,0.00000255880854638,0.00000229033685173,0.00000174762203642],"min":[1.53655148039e-20,3.37662816239e-20,5.81289995609e-20,7.37420206981e-20,6.79812376443e-20,4.33900950736e-20,1.84422680223e-20,2.00952026839e-20,5.27969707141e-20,8.39965076661e-20,7.2089197512e-20,2.9799010315e-20,1.86367992535e-20,4.84974054435e-20,4.71933842884e-20,1.08543649721e-20,1.50033050153e-20,1.92207467607e-20,1.50008089331e-20,6.6785625617e-20,5.32233500082e-20,1.04764169414e-19,1.27010455281e-19,9.05545894329e-20,9.33342135591e-20,2.10532296985e-20,2.45016858955e-20,3.99965510677e-20,1.45950383917e-19,1.82438832926e-19,1.57306901643e-19,7.27443697935e-20,4.63238074383e-20,1.67474037046e-19,2.50891557057e-19,1.33600990962e-19,6.92140211003e-20,2.31699183238e-19,2.11373856323e-19,6.90395118404e-20],"var":[0.00000194733888748,0.00000734876130082,0.00000187475120583,1.75285777004e-7,4.40769056809e-8,1.93890663525e-8,1.56780064486e-8,7.76915065615e-9,1.95562286365e-8,4.65198759514e-8,4.13319440895e-8,2.0714105986e-8,7.20942949783e-9,1.66693823189e-8,1.85373920658e-8,3.31680949373e-9,2.5170989737e-9,3.60002250233e-9,3.57955642905e-9,6.72465638729e-9,1.47415279983e-8,1.09032418649e-8,4.37958602717e-9,2.39433051163e-9,1.55735724316e-9,1.13487919062e-9,8.32398094897e-10,2.7821173143e-10,1.94054661229e-10,2.10139738943e-10,1.91139687411e-10,1.78611042623e-10,1.23039523015e-10,8.41944153285e-11,9.16294956577e-11,5.55609794284e-11,6.90556639649e-11,5.23494893268e-11,3.25343293972e-11,3.55023684062e-11]},"melbands_crest":{"dmean":3.80461645126,"dmean2":6.4330291748,"dvar":9.1462802887,"dvar2":24.6058425903,"max":29.9568729401,"mean":13.823767662,"median":13.3757400513,"min":1.82197499275,"var":19.1968593597},"melbands_flatness_db":{"dmean":0.0275884661824,"dmean2":0.043975841254,"dvar":0.000573866884224,"dvar2":0.00143616693094,"max":0.336229622364,"mean":0.132904857397,"median":0.127542704344,"min":0.0068968757987,"var":0.00174901424907},"melbands_kurtosis":{"dmean":6.27768468857,"dmean2":9.9282207489,"dvar":119.547187805,"dvar2":273.501434326,"max":233.812896729,"mean":8.43382740021,"median":3.61123108864,"min":-1.7865998745,"var":227.066986084},"melbands_skewness":{"dmean":0.877107024193,"dmean2":1.37094175816,"dvar":0.743752896786,"dvar2":1.73963022232,"max":13.1605367661,"mean":2.43177103996,"median":2.09736037254,"min":-1.98039495945,"var":2.45981478691},"melbands_spread":{"dmean":15.4549894333,"dmean2":24.6189994812,"dvar":195.766448975,"dvar2":482.994812012,"max":213.49156189,"mean":52.0287246704,"median":50.8080062866,"min":2.05773186684,"var":605.830627441},"mfcc":{"cov":[[7598.02978516,515.792419434,-199.01322937,333.467224121,174.723861694,92.7691268921,33.3319091797,141.857528687,44.7409667969,-49.7040901184,-73.2763824463,-73.6640396118,-72.2718963623],[515.792419434,435.321075439,-106.987808228,59.3299446106,29.7714729309,-11.6778936386,21.91639328,1.74250328541,17.3640537262,5.98005485535,3.19298601151,14.303858757,1.22153413296],[-199.01322937,-106.987808228,501.819366455,-37.9078063965,-53.146648407,46.8394546509,8.74122142792,31.5280609131,-2.08920574188,20.8991718292,5.33738470078,-17.0453338623,-16.8354072571],[333.467224121,59.3299446106,-37.9078063965,225.844985962,50.1781654358,-39.9784355164,-34.9412384033,8.45591831207,15.4308614731,11.5298538208,-8.08765792847,5.25889968872,15.0619869232],[174.723861694,29.7714729309,-53.146648407,50.1781654358,120.464279175,4.0534992218,-0.175007998943,-1.78345751762,8.5328578949,2.71141862869,4.64203262329,11.4476795197,16.0112361908],[92.7691268921,-11.6778936386,46.8394546509,-39.9784355164,4.0534992218,135.990310669,56.7232894897,11.8710012436,-21.3358707428,-8.99518299103,14.5507001877,2.3678791523,-5.57647275925],[33.3319091797,21.91639328,8.74122142792,-34.9412384033,-0.175007998943,56.7232894897,99.8194122314,28.7645301819,6.99539709091,-1.17933952808,10.2670879364,5.48476409912,-5.79527330399],[141.857528687,1.74250328541,31.5280609131,8.45591831207,-1.78345751762,11.8710012436,28.7645301819,82.2473678589,34.6243782043,17.126832962,1.62468588352,-5.67060089111,-2.24267482758],[44.7409667969,17.3640537262,-2.08920574188,15.4308614731,8.5328578949,-21.3358707428,6.99539709091,34.6243782043,78.6045684814,34.0670700073,3.80326938629,-5.75876045227,-6.94550848007],[-49.7040901184,5.98005485535,20.8991718292,11.5298538208,2.71141862869,-8.99518299103,-1.17933952808,17.126832962,34.0670700073,67.3104705811,24.1088981628,3.48323726654,-1.46925616264],[-73.2763824463,3.19298601151,5.33738470078,-8.08765792847,4.64203262329,14.5507001877,10.2670879364,1.62468588352,3.80326938629,24.1088981628,58.8557853699,22.8184642792,4.9793343544],[-73.6640396118,14.303858757,-17.0453338623,5.25889968872,11.4476795197,2.3678791523,5.48476409912,-5.67060089111,-5.75876045227,3.48323726654,22.8184642792,60.6035194397,22.8553371429],[-72.2718963623,1.22153413296,-16.8354072571,15.0619869232,16.0112361908,-5.57647275925,-5.79527330399,-2.24267482758,-6.94550848007,-1.46925616264,4.9793343544,22.8553371429,56.0210723877]],"icov":[[0.000170785016962,-0.000173903215909,0.0000421270124207,-0.000197421904886,-0.000158943366841,-0.000204564552405,0.000120015996799,-0.000339004647685,0.0000321966981573,0.000178547939868,0.0000941237813095,0.000132319502882,0.000260091968812],[-0.000173903215909,0.00277556013316,0.000424316007411,-0.00048157729907,0.000026517727747,0.000411881337641,-0.00111232418567,0.000645718944725,-0.000379579985747,-0.000323291140376,-0.0000110012570076,-0.000622324412689,0.000115658353025],[0.0000421270124207,0.000424316007411,0.00238647148944,-0.0000282782475551,0.000828483374789,-0.000944847124629,0.000435785826994,-0.000954331248067,0.000433859910117,-0.000928665802348,0.000139020150527,0.00028844550252,0.000345314649167],[-0.000197421904886,-0.00048157729907,-0.0000282782475551,0.00592922698706,-0.00197445321828,0.00107674836181,0.00178630521987,-0.000986110884696,0.0000895613993634,-0.000949417764787,0.00085040833801,-0.000480729795527,-0.000923285086174],[-0.000158943366841,0.000026517727747,0.000828483374789,-0.00197445321828,0.0103074945509,-0.00141369970515,-0.000196179636987,0.00131187029183,-0.00185332482215,0.000112738714961,-0.000486360950163,-0.000639663019683,-0.00240287557244],[-0.000204564552405,0.000411881337641,-0.000944847124629,0.00107674836181,-0.00141369970515,0.0117329051718,-0.00606083497405,-0.000669021392241,0.00397245679051,0.000478528178064,-0.00252235587686,0.00069380318746,0.000518069718964],[0.000120015996799,-0.00111232418567,0.000435785826994,0.00178630521987,-0.000196179636987,-0.00606083497405,0.0160939916968,-0.0049904002808,-0.00176798284519,0.001796183642,-0.000794685329311,-0.00176019512583,0.00136431620922],[-0.000339004647685,0.000645718944725,-0.000954331248067,-0.000986110884696,0.00131187029183,-0.000669021392241,-0.0049904002808,0.0184476785362,-0.00731035880744,-0.00142856687307,0.000714396126568,0.00114432058763,-0.00216652778909],[0.0000321966981573,-0.000379579985747,0.000433859910117,0.0000895613993634,-0.00185332482215,0.00397245679051,-0.00176798284519,-0.00731035880744,0.0216117277741,-0.00910966936499,0.00144231040031,0.0010016359156,0.00250935880467],[0.000178547939868,-0.000323291140376,-0.000928665802348,-0.000949417764787,0.000112738714961,0.000478528178064,0.001796183642,-0.00142856687307,-0.00910966936499,0.024039696902,-0.00994436070323,0.00117614050396,0.000262721325271],[0.0000941237813095,-0.0000110012570076,0.000139020150527,0.00085040833801,-0.000486360950163,-0.00252235587686,-0.000794685329311,0.000714396126568,0.00144231040031,-0.00994436070323,0.0252952873707,-0.00879071652889,0.0010252132779],[0.000132319502882,-0.000622324412689,0.00028844550252,-0.000480729795527,-0.000639663019683,0.00069380318746,-0.00176019512583,0.00114432058763,0.0010016359156,0.00117614050396,-0.00879071652889,0.0237326603383,-0.00823020283133],[0.000260091968812,0.000115658353025,0.000345314649167,-0.000923285086174,-0.00240287557244,0.000518069718964,0.00136431620922,-0.00216652778909,0.00250935880467,0.000262721325271,0.0010252132779,-0.00823020283133,0.0229128040373]],"mean":[-600.002319336,64.6903457642,0.84371805191,39.6773529053,22.7721939087,6.68722200394,4.49523878098,13.4985818863,5.78170824051,-0.194403961301,-2.57604765892,-0.712118327618,-2.02166152]},"pitch_salience":{"dmean":0.0735890194774,"dmean2":0.122667074203,"dvar":0.00375918508507,"dvar2":0.0102170621976,"max":0.952985346317,"mean":0.604966282845,"median":0.613123118877,"min":0.167169630527,"var":0.00773123232648},"silence_rate_20dB":{"dmean":0,"dmean2":0,"dvar":0,"dvar2":0,"max":1,"mean":1,"median":1,"min":1,"var":0},"silence_rate_30dB":{"dmean":0,"dmean2":0,"dvar":0,"dvar2":0,"max":1,"mean":1,"median":1,"min":1,"var":0},"silence_rate_60dB":{"dmean":0.000522147747688,"dmean2":0.00104438641574,"dvar":0.000521999259945,"dvar2":0.00121722335462,"max":1,"mean":0.0261051170528,"median":0,"min":0,"var":0.0254237111658},"spectral_centroid":{"dmean":265.639648438,"dmean2":413.132629395,"dvar":71904.875,"dvar2":155076.78125,"max":10684.8193359,"mean":2401.22363281,"median":2480.59960938,"min":311.738372803,"var":239481.09375},"spectral_complexity":{"dmean":5.43869113922,"dmean2":7.98328971863,"dvar":26.3753108978,"dvar2":50.2735328674,"max":62,"mean":31.7178039551,"median":34,"min":0,"var":150.151260376},"spectral_contrast_coeffs":{"dmean":[0.0565192550421,0.0443879403174,0.0376519262791,0.0322414524853,0.0215446352959,0.018524158746],"dmean2":[0.0961640775204,0.0739590600133,0.0612769648433,0.0528849177063,0.0353301763535,0.0297641400248],"dvar":[0.0019503638614,0.00121370318811,0.000973474816419,0.000668100838084,0.00031496072188,0.000314681761665],"dvar2":[0.00571466749534,0.00334302778356,0.00239049550146,0.00175653980114,0.000793199578766,0.000782568124123],"max":[-0.338487863541,-0.525633513927,-0.522896528244,-0.5373711586,-0.618755340576,-0.620580732822],"mean":[-0.663854181767,-0.789538443089,-0.797737419605,-0.780234932899,-0.784005761147,-0.761934995651],"median":[-0.664962768555,-0.793527364731,-0.807832717896,-0.781446218491,-0.784753799438,-0.760989069939],"min":[-0.985465168953,-0.992668926716,-0.99394339323,-0.965486884117,-0.962181866169,-0.961236536503],"var":[0.00427054706961,0.00323210819624,0.00374558148906,0.0023389889393,0.00136000686325,0.00135907519143]},"spectral_contrast_valleys":{"dmean":[0.407305985689,0.332554340363,0.306480705738,0.27084878087,0.226053610444,0.219096779823],"dmean2":[0.687009632587,0.546630501747,0.487479686737,0.413031071424,0.343828171492,0.307545930147],"dvar":[0.117983363569,0.0869801789522,0.0774423927069,0.0690528899431,0.0684526860714,0.0761591717601],"dvar2":[0.298769056797,0.20028206706,0.163323715329,0.129426702857,0.127446115017,0.136546313763],"max":[-5.40731287003,-5.13516187668,-5.76688814163,-5.83112812042,-5.2499499321,-7.35011386871],"mean":[-7.01620149612,-7.08733510971,-7.42680644989,-7.35384893417,-6.6264257431,-9.0584859848],"median":[-6.81470680237,-6.91979026794,-7.25977611542,-7.13891887665,-6.38419723511,-8.91380882263],"min":[-27.0038700104,-27.2677135468,-27.435918808,-27.2908706665,-27.1212406158,-27.2382621765],"var":[1.43503594398,1.27555704117,1.31237959862,1.3207372427,1.40247559547,1.29963088036]},"spectral_decrease":{"dmean":2.41949282831e-9,"dmean2":4.08055811363e-9,"dvar":1.18831145525e-17,"dvar2":3.23029679459e-17,"max":6.04770737904e-17,"mean":-5.89148063668e-9,"median":-5.22914067602e-9,"min":-3.21980841989e-8,"var":1.30746864229e-17},"spectral_energy":{"dmean":0.00981156714261,"dmean2":0.0164054743946,"dvar":0.000186198027222,"dvar2":0.000503515824676,"max":0.131011202931,"mean":0.0258861538023,"median":0.0234330520034,"min":5.3762820171e-15,"var":0.000217649023398},"spectral_energyband_high":{"dmean":0.00113116391003,"dmean2":0.00167396082543,"dvar":0.00000376985531148,"dvar2":0.00000884994278749,"max":0.0268155373633,"mean":0.00270773540251,"median":0.00193081563339,"min":3.00753870999e-16,"var":0.00000655841768094},"spectral_energyband_low":{"dmean":0.00735874008387,"dmean2":0.0126173030585,"dvar":0.000142615535879,"dvar2":0.000387128995499,"max":0.102258324623,"mean":0.0107264239341,"median":0.00753864785656,"min":2.03885416087e-19,"var":0.00013344459876},"spectral_energyband_middle_high":{"dmean":0.00213264650665,"dmean2":0.00324639002793,"dvar":0.00000564244646739,"dvar2":0.0000123180543596,"max":0.033393599093,"mean":0.00779039785266,"median":0.00702111888677,"min":7.96239756304e-18,"var":0.0000250301727647},"spectral_energyband_middle_low":{"dmean":0.00316245481372,"dmean2":0.00527240568772,"dvar":0.0000138190553116,"dvar2":0.0000368002802134,"max":0.0497481897473,"mean":0.00611084094271,"median":0.00485176360235,"min":1.71368754922e-18,"var":0.0000219987559831},"spectral_entropy":{"dmean":0.100044220686,"dmean2":0.148104771972,"dvar":0.00970470812172,"dvar2":0.0199199952185,"max":9.78277301788,"mean":8.07346343994,"median":8.07301139832,"min":6.90997648239,"var":0.0475159436464},"spectral_flux":{"dmean":0.0229540765285,"dmean2":0.0359090529382,"dvar":0.000657945813145,"dvar2":0.00134351558518,"max":0.278862655163,"mean":0.0968816503882,"median":0.0924153923988,"min":0.0000047615189942,"var":0.00140809034929},"spectral_kurtosis":{"dmean":0.772734224796,"dmean2":1.22659599781,"dvar":0.633494436741,"dvar2":1.64143681526,"max":14.4798851013,"mean":3.23309206963,"median":2.90782165527,"min":-1.18171048164,"var":3.16855311394},"spectral_rms":{"dmean":0.000867166556418,"dmean2":0.00141565827653,"dvar":0.00000100147747162,"dvar2":0.00000264274535766,"max":0.0113055650145,"mean":0.00481686741114,"median":0.00478137191385,"min":2.29023000564e-9,"var":0.00000205253331842},"spectral_rolloff":{"dmean":991.937866211,"dmean2":1588.7755127,"dvar":1714305.875,"dvar2":3891578.5,"max":22028.4667969,"mean":3442.38745117,"median":3122.31445312,"min":107.666015625,"var":4321426},"spectral_skewness":{"dmean":0.142790064216,"dmean2":0.227539494634,"dvar":0.0197579786181,"dvar2":0.0502744987607,"max":2.47491717339,"mean":1.28573834896,"median":1.25773262978,"min":0.0428636930883,"var":0.0862811207771},"spectral_spread":{"dmean":606907.5,"dmean2":866895.125,"dvar":568273928192,"dvar2":1068629622780,"max":40238368,"mean":5412782.5,"median":5027982.5,"min":2260015.5,"var":2805294432260},"spectral_strongpeak":{"dmean":0.638903856277,"dmean2":1.12446570396,"dvar":1.712495327,"dvar2":4.3836479187,"max":12.8554954529,"mean":0.719620525837,"median":0.256480753422,"min":0,"var":1.99771499634},"zerocrossingrate":{"dmean":0.0157124064863,"dmean2":0.0184853337705,"dvar":0.000227953190915,"dvar2":0.000301343039609,"max":0.7939453125,"mean":0.11843085289,"median":0.111328125,"min":0.02294921875,"var":0.00210719835013}},"metadata":{"audio_properties":{"analysis_sample_rate":44100,"bit_rate":0,"codec":"flac","downmix":"mix","equal_loudness":0,"length":266.799987793,"lossless":true,"md5_encoded":"e8e40a1b9a9105fb5cc611ee238b6a11","replay_gain":-13.1517753601,"sample_rate":44100},"tags":{"acoustid_id":["5ca18679-c8e1-4c32-93d8-2e6dfd378d60"],"album":["Youthanasia"],"albumartist":["Megadeth"],"albumartistsort":["Megadeth"],"artist":["Megadeth"],"artistsort":["Megadeth"],"asin":["B000002TPS"],"barcode":["724382900429"],"catalognumber":["CDP 7243 8 29004 2 9"],"composer":["Dave Mustaine"],"composersort":["Mustaine, Dave"],"date":["1994-11-01"],"file_name":"12 - Victory.flac","label":["Capitol Records"],"lyricist":["Dave Mustaine"],"media":["CD"],"musicbrainz_albumartistid":["a9044915-8be3-4c7e-b11f-9e2d2ea0a91e"],"musicbrainz_albumid":["5d76583e-1890-4cda-a531-3aa198823567"],"musicbrainz_artistid":["a9044915-8be3-4c7e-b11f-9e2d2ea0a91e"],"musicbrainz_recordingid":["ee0ec57a-4044-4fa2-8c14-71f1af2daa3e"],"musicbrainz_releasegroupid":["cd20894a-10eb-3f69-8550-a9b93446c2a8"],"musicbrainz_releasetrackid":["b754f716-f7ed-3e68-bbb1-acdcabb6c00f"],"musicbrainz_workid":["5499e27d-9687-3f78-ab1b-609a186a45f1"],"originaldate":["1994"],"releasecountry":["US"],"releasestatus":["official"],"releasetype":["album"],"script":["Latn"],"title":["Victory"],"totaltracks":["12"],"tracknumber":["12"],"tracktotal":["12"],"work":["Victory"]},"version":{"essentia":"2.1-beta2","essentia_build_sha":"70f2e5ece6736b2c40cc944ad0e695b16b925413","essentia_git_sha":"v2.1_beta2","extractor":"music 1.0"}},"rhythm":{"beats_count":736,"beats_loudness":{"dmean":0.00999345909804,"dmean2":0.0171642210335,"dvar":0.000069455942139,"dvar2":0.000215012041735,"max":0.0902634188533,"mean":0.0295301862061,"median":0.0289811491966,"min":5.13085018916e-10,"var":0.000103065998701},"beats_loudness_band_ratio":{"dmean":[0.178189501166,0.0403729937971,0.0409299135208,0.0584077164531,0.0942114591599,0.100859329104],"dmean2":[0.294813841581,0.072487719357,