{"lowlevel":{"average_loudness":0.863815367222,"barkbands":{"dmean":[0.000380194571335,0.00430366583169,0.00218497030437,0.00156559573952,0.00253036152571,0.00157918711193,0.000871116935741,0.00108103197999,0.000698413117789,0.000533646147233,0.000342807907145,0.000365137966583,0.000410777109209,0.000389237568015,0.000272014527582,0.000149238097947,0.000172697138623,0.000127846287796,0.000144691875903,0.000184031654499,0.0000925769418245,0.0000880412771949,0.0000691681052558,0.0000596353966102,0.0000518027227372,0.000028947402825,0.00000557881048735],"dmean2":[0.000585011963267,0.00712188472971,0.00369480694644,0.00263044238091,0.0042240396142,0.00256835622713,0.00136955291964,0.00171046890318,0.00107260723598,0.000827212526929,0.000553204677999,0.000593027507421,0.000670182111207,0.000636588723864,0.000441673706518,0.00023986971064,0.000279826897895,0.000213163672015,0.000237495754845,0.00030718013295,0.000148300401634,0.000135881608003,0.000105286584585,0.0000906429195311,0.0000782376228017,0.0000432259803347,0.00000892265325092],"dvar":[0.0000012493394479,0.000149559957208,0.0000238236534642,0.00000998739233182,0.0000354800795321,0.0000112807483674,0.00000309679717247,0.00000432789465776,0.00000241099451159,0.00000144782745792,7.96455594809e-7,6.02685702233e-7,0.00000107576943265,7.29052942461e-7,3.95451309032e-7,5.44602478669e-8,6.36490611328e-8,3.8582257389e-8,5.74581306978e-8,8.91305873552e-8,2.8959105336e-8,2.14960316214e-8,1.38029569996e-8,1.15159535241e-8,7.20000725707e-9,3.44404260666e-9,2.82426859677e-10],"dvar2":[0.00000279162122752,0.000386190222343,0.0000638959827484,0.0000262315952568,0.0000953731869231,0.0000301969412249,0.00000733103797756,0.0000109588390842,0.00000561755405215,0.00000359338810085,0.00000204933667192,0.000001504386546,0.00000275419483842,0.00000192319316739,0.00000107427626972,1.3399747445e-7,1.65568962984e-7,1.00734219188e-7,1.44638192978e-7,2.40060785472e-7,7.38531511502e-8,5.300706718e-8,3.22610596015e-8,2.69906053063e-8,1.65654903128e-8,7.86038611977e-9,7.0350275605e-10],"max":[0.0117440633476,0.112463496625,0.0775510147214,0.0496831163764,0.0727289617062,0.0477956980467,0.0332983657718,0.0471350476146,0.0327262803912,0.0256105400622,0.0173458531499,0.0152753042057,0.0286255441606,0.0278745219111,0.0168022010475,0.00569069478661,0.00993753690273,0.0058900299482,0.00706575345248,0.00581673532724,0.0028813846875,0.00335020199418,0.00316693657078,0.00407528877258,0.00164875481278,0.00118714780547,0.000360766716767],"mean":[0.000364051549695,0.00493242964149,0.00297504570335,0.00193972955458,0.00340777402744,0.00240102317184,0.00133500620723,0.00178525527008,0.00128961645532,0.000938021868933,0.00053088698769,0.000585129193496,0.000738802424166,0.000659178185742,0.000452089414466,0.00026853143936,0.000338729703799,0.000267967581749,0.000308899645461,0.000420924567152,0.00017580470012,0.000154232999193,0.000106125167804,0.0000877319762367,0.0000697430805303,0.000037101097405,0.00000583938026466],"median":[0.0000272095858236,0.00161135138478,0.00121976155788,0.000860962900333,0.00162784487475,0.000975821283646,0.000460104434751,0.00057759322226,0.000267153780442,0.000221531503485,0.0000816149549792,0.000165802644915,0.000113615271403,0.000156889203936,0.000128441548441,0.000169119390193,0.00024600100005,0.000174673768925,0.000215477019083,0.000223981187446,0.000118438169011,0.0000913615222089,0.0000645623658784,0.0000499064844917,0.0000355164011125,0.0000147980626934,0.0000010867124729],"min":[5.89047360421e-23,2.64225142117e-23,2.6220758302e-24,1.27125747403e-23,3.12372163062e-23,1.34443771785e-22,3.41184739645e-23,3.07665187813e-23,6.92978017635e-23,7.66733546156e-23,8.64009246556e-23,6.73925890814e-23,6.19464069877e-23,6.88479238556e-23,1.1662698852e-22,1.73127061953e-22,2.45330187943e-22,2.6347247415e-22,2.09843715573e-22,2.61150875439e-22,4.02107899376e-22,5.34058327964e-22,7.58070490265e-22,8.93613454524e-22,1.37764689394e-21,1.9232930711e-21,2.500969071e-21],"var":[0.00000129326974729,0.000126045255456,0.0000277062299574,0.0000100064607977,0.0000327509078488,0.0000150799742187,0.00000606666208114,0.00000875951172929,0.00000747821150071,0.00000377407968699,0.00000162536650805,0.0000012761902326,0.00000316653358823,0.00000166811901181,8.8424593514e-7,1.19468992921e-7,1.23584712242e-7,9.64181694485e-8,1.1928226229e-7,3.0071691981e-7,3.93139458765e-8,3.58111549303e-8,1.91492617319e-8,1.63970366174e-8,9.85825021615e-9,4.49977299866e-9,2.89430063249e-10]},"barkbands_crest":{"dmean":2.65649557114,"dmean2":4.34523582458,"dvar":6.46727705002,"dvar2":16.9820575714,"max":26.1811485291,"mean":9.52478504181,"median":8.82286930084,"min":2.50701570511,"var":14.5377407074},"barkbands_flatness_db":{"dmean":0.0204178187996,"dmean2":0.0305372700095,"dvar":0.000343922962202,"dvar2":0.000804059905931,"max":0.308871924877,"mean":0.114451386034,"median":0.10785022378,"min":0.015216562897,"var":0.00164253078401},"barkbands_kurtosis":{"dmean":2.70521044731,"dmean2":4.12498044968,"dvar":17.4447937012,"dvar2":37.5948066711,"max":123.36668396,"mean":4.24908304214,"median":1.63082158566,"min":-1.91258859634,"var":61.5042037964},"barkbands_skewness":{"dmean":0.52194994688,"dmean2":0.789777219296,"dvar":0.302356958389,"dvar2":0.691028118134,"max":10.3083534241,"mean":1.66985285282,"median":1.4425611496,"min":-2.0293533802,"var":1.36371338367},"barkbands_spread":{"dmean":6.2087059021,"dmean2":9.70361232758,"dvar":52.8857879639,"dvar2":132.800064087,"max":117.009437561,"mean":24.2217540741,"median":22.2765369415,"min":1.41179871559,"var":168.964553833},"dissonance":{"dmean":0.0162001736462,"dmean2":0.027091877535,"dvar":0.000250563287409,"dvar2":0.000674873765092,"max":0.5,"mean":0.467743635178,"median":0.472640424967,"min":0.262105047703,"var":0.000553942460101},"dynamic_complexity":2.96559119225,"erbbands":{"dmean":[0.163575917482,0.875706493855,2.21186923981,4.22042036057,8.01784420013,7.29986333847,12.3025274277,12.4653091431,12.6263017654,12.6476898193,25.4026927948,16.9353523254,14.0481147766,14.0374164581,16.1106815338,15.1549530029,16.6722354889,22.2069339752,16.8094081879,6.51545143127,8.58720874786,8.62138366699,6.91208076477,7.078145504,7.38620615005,8.81350898743,4.47889328003,3.58354711533,2.78506970406,2.53472471237,1.83935117722,1.2828527689,1.0361969471,0.645852386951,0.338324815035,0.147386193275,0.0516987815499,0.00939170829952,0.00109540857375,0.0000413267152908],"dmean2":[0.273509919643,1.49480366707,3.77822732925,7.06698274612,13.7514076233,12.3539848328,19.4160614014,20.697933197,19.8523139954,19.9095096588,40.5118522644,26.0291118622,21.348903656,22.3219490051,26.0451316833,24.5212516785,27.0734157562,36.3504066467,27.3182754517,10.2835216522,13.722615242,13.9146356583,11.4041671753,11.5540895462,12.2572336197,14.7249641418,7.35894489288,5.63313245773,4.28763818741,3.90749406815,2.7920987606,1.94331657887,1.60102021694,0.986943185329,0.510908067226,0.222100257874,0.077786706388,0.0141507005319,0.00177601340692,0.0000650822839816],"dvar":[0.247969031334,6.06146526337,27.0046424866,71.6848068237,537.84967041,235.624069214,505.613647461,940.369995117,634.978210449,686.512084961,2908.34716797,1553.49169922,908.42199707,1588.27746582,1808.81982422,1192.6854248,1701.70324707,2516.59643555,1532.14575195,174.368469238,160.262268066,150.323944092,111.91619873,145.646224976,125.634719849,205.175170898,61.6300354004,42.598361969,22.3831195831,18.0320739746,9.76940822601,7.12445449829,2.77931690216,1.10246407986,0.34058701992,0.0774652063847,0.0120228854939,0.000532599573489,0.0000125589749587,1.23218715231e-8],"dvar2":[0.62866717577,16.5999450684,74.7999191284,189.899810791,1432.01501465,643.609680176,1220.98242188,2541.17626953,1508.18237305,1678.87890625,7471.79541016,3719.22827148,2103.38891602,4132.18798828,4787.86816406,2928.72851563,4359.18896484,6764.55371094,4192.90576172,409.001281738,399.96661377,383.688598633,291.083831787,362.462554932,328.474090576,555.262512207,161.728866577,106.283943176,54.5472221375,44.4200744629,22.3141975403,16.3758563995,6.66660642624,2.56808423996,0.788728773594,0.179477915168,0.0275928638875,0.00120549905114,0.0000316617151839,3.06816438922e-8],"max":[4.83260011673,25.129699707,72.9992218018,181.15763855,299.490570068,245.329986572,403.208648682,475.499694824,432.04989624,537.619934082,1296.15588379,957.749145508,699.743469238,1093.08569336,819.793273926,781.096313477,1219.79101563,1518.55969238,1053.52978516,405.113830566,289.32901001,388.479309082,304.749633789,384.251647949,169.050354004,307.546600342,116.921966553,153.174072266,90.5929031372,111.426383972,96.7372741699,114.332778931,45.8810310364,21.9809303284,13.7623052597,7.05109500885,2.06472611427,0.460412561893,0.0700035318732,0.00254987180233],"mean":[0.157227426767,1.05263006687,3.08673143387,5.87998342514,8.07204627991,10.6439685822,20.5046100616,17.701795578,20.2151279449,20.7572593689,42.8503608704,33.6335487366,26.537935257,25.8813896179,27.3859367371,25.8286590576,32.1533241272,41.9621887207,30.7210941315,12.8300771713,16.9454154968,18.2459068298,15.3129920959,15.5719194412,17.2478675842,19.9395275116,8.93814086914,6.8468837738,4.92823886871,4.06685447693,2.90807700157,1.93275713921,1.43762600422,0.869810283184,0.454350918531,0.192424550653,0.0636194944382,0.0114623568952,0.00110373890493,0.0000628898778814],"median":[0.0308149717748,0.420218586922,1.35573148727,2.89122438431,3.13928556442,4.94446277618,8.40635108948,6.57495927811,7.34906578064,8.78393363953,12.913192749,8.77744865417,7.70860338211,5.90528869629,5.3524274826,7.89242887497,6.16105318069,8.73802757263,9.28204059601,6.30328845978,12.0935516357,13.7407217026,10.2737178802,11.2907962799,10.8915882111,10.875705719,6.34401512146,4.03379821777,3.10104703903,2.49945068359,1.7631726265,1.12157332897,0.795802593231,0.45786640048,0.219862625003,0.0849809721112,0.0229745581746,0.0033424757421,0.000182291085366,0.0000355515294359],"min":[2.14861739308e-21,1.18079618448e-21,3.56375822737e-21,2.27364420786e-20,6.3540466827e-20,1.58323532465e-19,5.64464689585e-19,1.12320777087e-18,4.38991058334e-19,5.05957481076e-19,1.321393318e-18,1.43046711133e-18,1.8894970336e-18,2.99069342497e-18,2.71252809461e-18,3.21585384887e-18,3.11394230227e-18,3.0353163035e-18,3.66193229409e-18,8.70744575822e-18,1.12936582034e-17,1.32890817115e-17,1.37509413152e-17,1.16795950346e-17,1.04533394812e-17,1.28872663212e-17,2.02701337025e-17,9.79523872174e-18,1.39548347188e-17,3.25058455717e-17,1.89252935364e-17,1.7591008195e-17,1.59653269761e-17,1.43876238871e-17,1.03830464999e-17,7.37825336781e-18,3.46308014278e-18,1.05770437214e-18,3.24832482381e-19,4.16436712312e-20],"var":[0.205083265901,4.67639064789,27.1061172485,81.6702651978,392.498687744,289.10244751,1150.44348145,1117.5267334,1313.91174316,1160.17382813,5832.99462891,5162.02880859,2510.33374023,3906.62353516,3811.19824219,2565.71508789,5296.81445313,6455.9375,3708.30517578,414.673309326,339.317596436,322.294403076,296.412109375,300.82043457,362.895904541,680.096618652,85.6125564575,75.4442825317,33.4979476929,23.418390274,14.7664279938,9.96209335327,3.73200130463,1.47622978687,0.461054682732,0.0998326092958,0.0152496751398,0.000688112748321,0.0000123015597637,1.23589396495e-8]},"erbbands_crest":{"dmean":2.81165981293,"dmean2":4.44567966461,"dvar":6.95350694656,"dvar2":16.2457199097,"max":30.4085445404,"mean":9.2845916748,"median":8.24884796143,"min":2.07636904716,"var":20.6175193787},"erbbands_flatness_db":{"dmean":0.0182635709643,"dmean2":0.0245290417224,"dvar":0.000271074561169,"dvar2":0.000479393056594,"max":0.277014911175,"mean":0.13577863574,"median":0.134761109948,"min":0.025975972414,"var":0.00137439905666},"erbbands_kurtosis":{"dmean":0.670070886612,"dmean2":1.06462490559,"dvar":1.1122418642,"dvar2":2.64964175224,"max":22.6732082367,"mean":-0.110574752092,"median":-0.568404197693,"min":-1.86887419224,"var":2.68819308281},"erbbands_skewness":{"dmean":0.3376095891,"dmean2":0.522301733494,"dvar":0.104603841901,"dvar2":0.24225372076,"max":4.28215360641,"mean":0.357652008533,"median":0.305496037006,"min":-3.00437068939,"var":0.38384616375},"erbbands_spread":{"dmean":9.08840465546,"dmean2":13.5613002777,"dvar":94.9834518433,"dvar2":204.129516602,"max":158.99331665,"mean":46.7202453613,"median":44.6553535461,"min":6.47037792206,"var":414.225494385},"gfcc":{"cov":[[15263.4560547,477.08581543,-1296.5078125,-15.0569152832,-342.764099121,407.704284668,-298.316772461,195.553085327,-251.413101196,185.500701904,-143.161621094,-50.0057067871,-137.130340576],[477.08581543,776.607543945,-288.250518799,12.2010993958,8.05300426483,-95.0084609985,37.9628829956,-87.6846237183,-1.12792432308,-63.645362854,30.196975708,-87.6223297119,12.4552812576],[-1296.5078125,-288.250518799,926.789916992,191.484527588,105.965194702,12.0029582977,-17.8963623047,7.04378700256,41.513710022,29.9753952026,-25.2209224701,75.5520401001,-4.15981960297],[-15.0569152832,12.2010993958,191.484527588,416.743804932,52.5921173096,-42.4904441833,-39.1673965454,46.5079345703,30.1839981079,-13.3559675217,-1.00530099869,21.7004814148,24.6040687561],[-342.764099121,8.05300426483,105.965194702,52.5921173096,206.58303833,40.9049911499,68.0716171265,13.0771017075,27.1433620453,0.654973447323,-3.21594953537,-8.12698364258,6.33927822113],[407.704284668,-95.0084609985,12.0029582977,-42.4904441833,40.9049911499,232.987686157,93.7227630615,33.9274291992,-34.5072784424,16.912689209,-11.8535852432,-4.2883849144,-23.756986618],[-298.316772461,37.9628829956,-17.8963623047,-39.1673965454,68.0716171265,93.7227630615,198.476593018,55.0598716736,9.96297740936,-3.55376577377,10.0108127594,-22.6350917816,-16.0586147308],[195.553085327,-87.6846237183,7.04378700256,46.5079345703,13.0771017075,33.9274291992,55.0598716736,134.820480347,53.567527771,21.9458122253,-12.2192544937,6.62791490555,-10.4839849472],[-251.413101196,-1.12792432308,41.513710022,30.1839981079,27.1433620453,-34.5072784424,9.96297740936,53.567527771,108.731246948,38.4428329468,-2.68924427032,-15.8555841446,-4.0976023674],[185.500701904,-63.645362854,29.9753952026,-13.3559675217,0.654973447323,16.912689209,-3.55376577377,21.9458122253,38.4428329468,94.0150527954,33.1958389282,6.70260620117,-18.854352951],[-143.161621094,30.196975708,-25.2209224701,-1.00530099869,-3.21594953537,-11.8535852432,10.0108127594,-12.2192544937,-2.68924427032,33.1958389282,87.2471313477,36.3440933228,3.41005349159],[-50.0057067871,-87.6223297119,75.5520401001,21.7004814148,-8.12698364258,-4.2883849144,-22.6350917816,6.62791490555,-15.8555841446,6.70260620117,36.3440933228,91.3276596069,37.7953910828],[-137.130340576,12.4552812576,-4.15981960297,24.6040687561,6.33927822113,-23.756986618,-16.0586147308,-10.4839849472,-4.0976023674,-18.854352951,3.41005349159,37.7953910828,76.1298294067]],"icov":[[0.000137707786052,-0.000255398772424,0.00019538019842,-0.0000785702141002,0.000018189122784,-0.00026995735243,0.000400874792831,-0.00045127273188,0.00058675830951,-0.000744742865209,0.000695137074217,-0.000433164648712,0.000293608725769],[-0.000255398772424,0.00268146162853,0.000136094793561,-0.000316649500746,-0.0000169703835127,0.00105499115307,-0.00154450535774,0.00234382157214,-0.00185774161946,0.00278587010689,-0.00301826908253,0.00309056742117,-0.00127054762561],[0.00019538019842,0.000136094793561,0.00209537055343,-0.00102340069134,-0.000569354684558,-0.000244481983827,-0.000154923996888,0.00122434319928,-0.000373184069758,-0.00158425793052,0.00292807933874,-0.00339299114421,0.00202283542603],[-0.0000785702141002,-0.000316649500746,-0.00102340069134,0.00348768848926,-0.000863026769366,0.000288748560706,0.00158767867833,-0.00258090835996,0.000212250000914,0.0016130679287,-0.00196985621005,0.00145071791485,-0.00135243288241],[0.000018189122784,-0.0000169703835127,-0.000569354684558,-0.000863026769366,0.00658402917907,-0.00105057284236,-0.0022929883562,0.00150203856174,-0.00204189633951,0.000234662467847,0.0000608291738899,0.000648795859888,-0.00124618026894],[-0.00026995735243,0.00105499115307,-0.000244481983827,0.000288748560706,-0.00105057284236,0.00786014553159,-0.00410212902352,-0.0000940427999012,0.00336436368525,-0.00196078093722,0.00131655740552,0.00031115396996,0.000378546741558],[0.000400874792831,-0.00154450535774,-0.000154923996888,0.00158767867833,-0.0022929883562,-0.00410212902352,0.0113674737513,-0.00707246409729,0.0021140682511,0.00140429043677,-0.00355350761674,0.00316871493123,-0.000164509721799],[-0.00045127273188,0.00234382157214,0.00122434319928,-0.00258090835996,0.00150203856174,-0.0000940427999012,-0.00707246409729,0.0180450621992,-0.0105472207069,0.00130184425507,0.00372487865388,-0.00603429973125,0.00312710180879],[0.00058675830951,-0.00185774161946,-0.000373184069758,0.000212250000914,-0.00204189633951,0.00336436368525,0.0021140682511,-0.0105472207069,0.0217853430659,-0.0112148504704,0.0033978195861,0.00431503262371,-0.00241411686875],[-0.000744742865209,0.00278587010689,-0.00158425793052,0.0016130679287,0.000234662467847,-0.00196078093722,0.00140429043677,0.00130184425507,-0.0112148504704,0.0244326386601,-0.0146390879527,0.00502731325105,0.00104616186582],[0.000695137074217,-0.00301826908253,0.00292807933874,-0.00196985621005,0.0000608291738899,0.00131655740552,-0.00355350761674,0.00372487865388,0.0033978195861,-0.0146390879527,0.0285398550332,-0.0181424338371,0.00699770124629],[-0.000433164648712,0.00309056742117,-0.00339299114421,0.00145071791485,0.000648795859888,0.00031115396996,0.00316871493123,-0.00603429973125,0.00431503262371,0.00502731325105,-0.0181424338371,0.0313892289996,-0.0153531720862],[0.000293608725769,-0.00127054762561,0.00202283542603,-0.00135243288241,-0.00124618026894,0.000378546741558,-0.000164509721799,0.00312710180879,-0.00241411686875,0.00104616186582,0.00699770124629,-0.0153531720862,0.0224755872041]],"mean":[2.9806702137,77.9449920654,-108.102722168,38.5451202393,-58.4632911682,9.42082977295,-37.1716842651,10.1250448227,-25.8281440735,5.98167705536,-16.4695072174,-1.51785969734,-14.1390047073]},"hfc":{"dmean":5.88916635513,"dmean2":8.86314487457,"dvar":72.6762771606,"dvar2":174.820419312,"max":123.527084351,"mean":19.4403800964,"median":14.7182445526,"min":1.24247570498e-16,"var":232.275466919},"melbands":{"dmean":[0.00128502061125,0.00112921383698,0.000817479100078,0.000566647446249,0.000390172586776,0.000278819235973,0.000188763689948,0.000146960286656,0.000203182280529,0.000103516198578,0.0000711538232281,0.000060104921431,0.0000467404388473,0.0000471299317724,0.0000307606933347,0.0000471920066047,0.0000431236258009,0.0000284404613922,0.0000136780572575,0.00000949079185375,0.0000112274065032,0.0000103173133539,0.00000795661162556,0.00000650840638627,0.00000626896962785,0.00000573867055209,0.00000741135499993,0.0000059131193666,0.00000304592435896,0.00000263712286142,0.00000228188446272,0.00000167063399203,0.00000172233058038,0.0000013715989553,0.00000111800568448,0.00000100752447452,7.13928386631e-7,7.76385263634e-7,6.09439609889e-7,5.53733627839e-7],"dmean2":[0.00213168375194,0.00192235037684,0.00137387681752,0.000967492407653,0.000620201812126,0.000459952803794,0.000295055273455,0.000229778932407,0.000322674022755,0.000158390233992,0.000107725405542,0.0000958044256549,0.0000756134104449,0.0000766084558563,0.0000490574675496,0.0000770173428464,0.0000707332073944,0.0000462582320324,0.0000220459151024,0.0000151201084009,0.000018062770323,0.0000167881098605,0.0000130383514261,0.0000108897647806,0.0000102711919681,0.0000095053746918,0.0000124698253785,0.000009973113265,0.00000503320779899,0.00000438785946244,0.00000360085573448,0.00000262280786956,0.00000271896738013,0.00000214496844819,0.0000017230731828,0.0000015617340523,0.0000010913074675,0.0000012183089666,9.38867970035e-7,8.57382985942e-7],"dvar":[0.0000143178631333,0.00000785559041105,0.00000258550835497,0.00000230607975027,4.67276180416e-7,4.27319747587e-7,1.38746671041e-7,8.3441804577e-8,1.91671801986e-7,6.16876647541e-8,2.31227890168e-8,2.97703568464e-8,1.44511478339e-8,9.14624287418e-9,4.43804060168e-9,1.64458526797e-8,1.00231627442e-8,4.17110301854e-9,7.49323880722e-10,2.91304452782e-10,2.934662513e-10,2.41652864386e-10,1.39028663582e-10,1.14108097971e-10,1.2010457906e-10,8.27910309753e-11,1.67960687025e-10,8.84697384795e-11,2.49994330792e-11,2.81084391873e-11,2.08320773826e-11,8.53317069782e-12,7.75873375963e-12,5.80199386799e-12,3.56195780336e-12,3.90498917924e-12,2.41314563817e-12,1.61482079878e-12,9.32312712275e-13,8.77260991714e-13],"dvar2":[0.0000362308855983,0.0000218395489355,0.00000680401399222,0.00000629043188383,0.00000115295597425,0.00000115546527013,3.24974053001e-7,2.01963004542e-7,4.90324680413e-7,1.4594489528e-7,5.32279251786e-8,7.74332065134e-8,3.82529066201e-8,2.33134009875e-8,1.06018580581e-8,4.201321957e-8,2.68448658858e-8,1.12706386446e-8,1.89072757451e-9,6.84984791111e-10,7.45640049704e-10,6.20950568742e-10,3.56378676569e-10,2.94681223867e-10,2.9979715932e-10,2.12794809551e-10,4.52843457177e-10,2.43508185838e-10,6.62325055911e-11,7.44246955731e-11,5.31979842122e-11,2.11381051551e-11,1.91289085266e-11,1.44766377705e-11,8.40571102306e-12,8.99827694995e-12,5.69841829973e-12,3.95857088428e-12,2.18221859853e-12,2.09139042889e-12],"max":[0.0340275838971,0.0360018610954,0.0254910048097,0.0181690007448,0.0107733746991,0.00984983984381,0.00705432426184,0.00654599396512,0.00981316249818,0.00646877707914,0.00341696362011,0.00444195792079,0.00259636412375,0.00150028360076,0.00153065577615,0.00393367465585,0.00333624961786,0.00163396948483,0.000589761766605,0.000594495388214,0.000500049558468,0.000552802288439,0.000247608171776,0.000382382160751,0.000365497689927,0.000213358085603,0.000305401481455,0.000198496403755,0.000082965612819,0.000101893005194,0.000140975855174,0.0000658366989228,0.0000579575062147,0.0000622640582151,0.0000515365500178,0.0000655296607874,0.0000732311673346,0.0000343324645655,0.0000227965228987,0.0000204245261557],"mean":[0.00138897320721,0.00157429766841,0.00106271205004,0.000661359459627,0.000671449291985,0.000403817684855,0.000302017695503,0.000243226226303,0.000338585930876,0.000202438313863,0.000128835235955,0.000105719373096,0.0000772381172283,0.0000773556675995,0.0000512637016072,0.000087512547907,0.0000747245649109,0.0000492162325827,0.0000233124628721,0.0000166587415151,0.0000204361222131,0.0000196415658138,0.000015489238649,0.0000128802539621,0.0000125374999698,0.0000116051051009,0.0000158053280757,0.0000122584833662,0.00000570531710764,0.00000413434418078,0.00000413495445173,0.0000028227623261,0.00000268783219326,0.0000020737502382,0.00000173505065959,0.0000014338472738,0.00000106147342649,0.00000104381444999,8.34401078009e-7,7.10043707386e-7],"median":[0.000384786399081,0.000738938804716,0.000533309881575,0.000287521077553,0.000295624602586,0.000155619083671,0.00010870420374,0.0000990103289951,0.0000956723670242,0.0000420362448494,0.0000344692380168,0.000020662051611,0.0000133177145472,0.0000207912089536,0.0000151891390487,0.0000126242011902,0.0000156006644829,0.0000145127232827,0.00000835628452478,0.0000087588241513,0.0000143229208334,0.0000138375562528,0.00000974068734649,0.00000820900913823,0.00000869627365319,0.00000774570435169,0.00000754527627578,0.00000684127553541,0.00000402466412197,0.00000250518678513,0.00000222749758905,0.00000171863098331,0.00000162106130119,0.00000127096029701,0.00000105022741081,8.13930853383e-7,6.08269374425e-7,5.65536424801e-7,4.55087445062e-7,3.53166399236e-7],"min":[1.63977692246e-23,1.42598125988e-24,5.03892397389e-24,7.79788925925e-24,1.73907873321e-23,2.52343177168e-23,6.54811822635e-24,5.1274270677e-24,1.26403442692e-23,8.43241031722e-24,9.45226231727e-24,1.21753730856e-23,1.0449096145e-23,6.14406288184e-24,1.14938761496e-23,4.20541551358e-24,5.95945483609e-24,4.78555762835e-24,1.06181790137e-23,1.35550663542e-23,1.39082772468e-23,1.58625902093e-23,9.35771181575e-24,1.25643406765e-23,9.36936802449e-24,7.0281558644e-24,7.07481935352e-24,9.02966006401e-24,1.53239244288e-23,8.03936589322e-24,4.71546694249e-24,6.22477991852e-24,1.39284342206e-23,1.80288069882e-23,1.11707358459e-23,8.2174023332e-24,1.219131912e-23,1.11508186857e-23,1.14473112681e-23,1.18925128086e-23],"var":[0.0000121664961625,0.00000696157849234,0.00000257310671259,0.00000178158006747,0.00000105024037111,5.11205598741e-7,2.95674993822e-7,1.53401373382e-7,3.82459461434e-7,2.20869722511e-7,6.30609022778e-8,7.31270759502e-8,3.14800168155e-8,1.92126243803e-8,1.01035819711e-8,5.01719732426e-8,2.33485462076e-8,9.89662130024e-9,1.65437952226e-9,6.82451040124e-10,5.41140965371e-10,4.53624388053e-10,3.32015526183e-10,2.52107917875e-10,2.26746191268e-10,1.69055186516e-10,5.14099207649e-10,2.51658055506e-10,3.561827569e-11,2.96552990497e-11,3.69945983569e-11,1.23695532983e-11,1.03663197817e-11,6.80179827392e-12,5.13795082868e-12,5.30362949738e-12,3.24933591318e-12,2.04904756357e-12,1.27024443481e-12,1.09688343478e-12]},"melbands_crest":{"dmean":3.53808832169,"dmean2":5.6848154068,"dvar":11.1604642868,"dvar2":29.4759922028,"max":33.6408615112,"mean":13.7086896896,"median":12.9143676758,"min":2.45351815224,"var":25.5716629028},"melbands_flatness_db":{"dmean":0.0245703663677,"dmean2":0.0368621610105,"dvar":0.00054043676937,"dvar2":0.00123140995856,"max":0.428285896778,"mean":0.181710466743,"median":0.174208030105,"min":0.00806909706444,"var":0.00302257575095},"melbands_kurtosis":{"dmean":7.95937538147,"dmean2":12.1865491867,"dvar":182.147476196,"dvar2":401.832244873,"max":300.624328613,"mean":16.3925533295,"median":8.54049015045,"min":-1.62370562553,"var":550.097290039},"melbands_skewness":{"dmean":0.775732815266,"dmean2":1.17448461056,"dvar":0.832158684731,"dvar2":1.83403742313,"max":14.264840126,"mean":2.9073600769,"median":2.57704520226,"min":-0.671904146671,"var":3.32567167282},"melbands_spread":{"dmean":6.29805469513,"dmean2":9.90323257446,"dvar":53.2306289673,"dvar2":127.482772827,"max":154.816680908,"mean":22.9365711212,"median":21.2394676208,"min":0.856317996979,"var":174.404312134},"mfcc":{"cov":[[8578.58203125,714.117858887,-580.119873047,-123.181045532,-205.678756714,-0.877541899681,49.1879920959,-31.9311103821,-62.358833313,77.6947937012,64.1307525635,-41.2564315796,-67.2564849854],[714.117858887,749.125854492,-187.790756226,-12.5296096802,-62.7982292175,5.84860515594,6.36680173874,-43.0819778442,-45.784122467,12.9808712006,-20.9663410187,-11.6413755417,-25.3162918091],[-580.119873047,-187.790756226,622.41784668,153.888641357,142.982025146,52.058052063,-21.7202739716,9.82306194305,26.3227863312,-38.1125297546,-1.10470449924,26.6819782257,32.4945755005],[-123.181045532,-12.5296096802,153.888641357,388.070678711,134.412857056,-31.8773517609,-49.4182739258,12.804274559,25.6046199799,-14.2473077774,-22.820224762,10.6777009964,37.9269523621],[-205.678756714,-62.7982292175,142.982025146,134.412857056,176.213409424,38.9957389832,-17.9054470062,6.55633449554,28.5840053558,3.09803795815,-8.90520858765,-1.84881007671,18.2614593506],[-0.877541899681,5.84860515594,52.058052063,-31.8773517609,38.9957389832,138.722640991,86.3088760376,18.9629974365,12.9971532822,11.5538492203,11.6019039154,1.76588904858,-10.4039983749],[49.1879920959,6.36680173874,-21.7202739716,-49.4182739258,-17.9054470062,86.3088760376,163.885223389,70.610748291,14.8275375366,15.6536054611,20.1177692413,10.5938425064,-2.42246341705],[-31.9311103821,-43.0819778442,9.82306194305,12.804274559,6.55633449554,18.9629974365,70.610748291,111.402778625,55.3924369812,10.3700056076,4.86412477493,6.92251634598,6.62987852097],[-62.358833313,-45.784122467,26.3227863312,25.6046199799,28.5840053558,12.9971532822,14.8275375366,55.3924369812,108.360153198,55.8624382019,9.90856456757,3.16984963417,3.09538793564],[77.6947937012,12.9808712006,-38.1125297546,-14.2473077774,3.09803795815,11.5538492203,15.6536054611,10.3700056076,55.8624382019,100.053405762,47.9139671326,8.49394416809,-4.46461677551],[64.1307525635,-20.9663410187,-1.10470449924,-22.820224762,-8.90520858765,11.6019039154,20.1177692413,4.86412477493,9.90856456757,47.9139671326,89.0361022949,43.439453125,7.51576519012],[-41.2564315796,-11.6413755417,26.6819782257,10.6777009964,-1.84881007671,1.76588904858,10.5938425064,6.92251634598,3.16984963417,8.49394416809,43.439453125,79.6351776123,41.3490180969],[-67.2564849854,-25.3162918091,32.4945755005,37.9269523621,18.2614593506,-10.4039983749,-2.42246341705,6.62987852097,3.09538793564,-4.46461677551,7.51576519012,41.3490180969,68.9193725586]],"icov":[[0.000134375601192,-0.000103562953882,0.0000831350698718,-0.0000413899761043,0.0000930656897253,-0.000069948102464,0.0000363806793757,-0.000038899746869,0.0000385067614843,-0.00000543412352272,-0.000191305851331,0.000150974941789,-0.0000253249145317],[-0.000103562953882,0.00168991787359,0.000342587474734,-0.000385801511584,0.000477490102639,-0.000520336790942,0.00000761645696912,0.00031795114046,0.000873424985912,-0.00106476980727,0.0012888571946,-0.000791264465079,0.000561066088267],[0.0000831350698718,0.000342587474734,0.00240521039814,-0.000523139198776,-0.000960587873124,-0.00114193069749,0.000558842148166,0.000224718882237,-0.000828712887596,0.00163334037643,-0.0007387396181,-0.000432165164966,-0.0000761261617299],[-0.0000413899761043,-0.000385801511584,-0.000523139198776,0.00424792896956,-0.00330834672786,0.00214088871144,-0.0000738625094527,-0.000536189414561,-0.000339984893799,0.00029735811404,0.000656738178805,-0.00053054606542,-0.00074312905781],[0.0000930656897253,0.000477490102639,-0.000960587873124,-0.00330834672786,0.0112587269396,-0.00562996184453,0.00332046137191,-0.000796006585006,-0.000438109331299,-0.00124539085664,0.000157797214342,0.00228496687487,-0.0025491816923],[-0.000069948102464,-0.000520336790942,-0.00114193069749,0.00214088871144,-0.00562996184453,0.0158673487604,-0.0102856876329,0.00490304455161,-0.00270405900665,0.00129525305238,-0.000280735723209,-0.00098177685868,0.00297974259593],[0.0000363806793757,0.00000761645696912,0.000558842148166,-0.0000738625094527,0.00332046137191,-0.0102856876329,0.0166418924928,-0.0113586075604,0.00548959570006,-0.00317454617471,-0.000204226787901,-0.000197792949621,-0.00125071627554],[-0.000038899746869,0.00031795114046,0.000224718882237,-0.000536189414561,-0.000796006585006,0.00490304455161,-0.0113586075604,0.0215120557696,-0.0132321324199,0.00732841854915,-0.00208479305729,0.000573352328502,-0.000297234626487],[0.0000385067614843,0.000873424985912,-0.000828712887596,-0.000339984893799,-0.000438109331299,-0.00270405900665,0.00548959570006,-0.0132321324199,0.0241853184998,-0.0163572728634,0.00717262458056,-0.00256381137297,0.000720111944247],[-0.00000543412352272,-0.00106476980727,0.00163334037643,0.00029735811404,-0.00124539085664,0.00129525305238,-0.00317454617471,0.00732841854915,-0.0163572728634,0.0262581612915,-0.015030188486,0.00545715447515,-0.000820556771941],[-0.000191305851331,0.0012888571946,-0.0007387396181,0.000656738178805,0.000157797214342,-0.000280735723209,-0.000204226787901,-0.00208479305729,0.00717262458056,-0.015030188486,0.026423919946,-0.0154816461727,0.00549385556951],[0.000150974941789,-0.000791264465079,-0.000432165164966,-0.00053054606542,0.00228496687487,-0.00098177685868,-0.000197792949621,0.000573352328502,-0.00256381137297,0.00545715447515,-0.0154816461727,0.0288643892854,-0.0156239392236],[-0.0000253249145317,0.000561066088267,-0.0000761261617299,-0.00074312905781,-0.0025491816923,0.00297974259593,-0.00125071627554,-0.000297234626487,0.000720111944247,-0.000820556771941,0.00549385556951,-0.0156239392236,0.0249349996448]],"mean":[-636.283813477,105.654029846,5.73120117188,29.8365783691,2.96040868759,3.27983784676,0.559979140759,-0.211551174521,-2.74133729935,3.6983628273,0.466766268015,0.499175310135,-0.701201498508]},"pitch_salience":{"dmean":0.0738265514374,"dmean2":0.119059979916,"dvar":0.00445119151846,"dvar2":0.0114839971066,"max":0.877365410328,"mean":0.550575435162,"median":0.555201530457,"min":0.0879829749465,"var":0.0115511836484},"silence_rate_20dB":{"dmean":0,"dmean2":0,"dvar":0,"dvar2":0,"max":1,"mean":1,"median":1,"min":1,"var":0},"silence_rate_30dB":{"dmean":0.00862395018339,"dmean2":0.017249206081,"dvar":0.00854941643775,"dvar2":0.0245160218328,"max":1,"mean":0.995158851147,"median":1,"min":0,"var":0.00481740850955},"silence_rate_60dB":{"dmean":0.00469021871686,"dmean2":0.00938114710152,"dvar":0.00466904789209,"dvar2":0.0109596233815,"max":1,"mean":0.0372163392603,"median":0,"min":0,"var":0.0358327440917},"spectral_centroid":{"dmean":243.416488647,"dmean2":380.602844238,"dvar":60498.015625,"dvar2":138762.6875,"max":10692.0566406,"mean":1435.97851563,"median":1414.2310791,"min":225.524765015,"var":306846.1875},"spectral_complexity":{"dmean":3.80830621719,"dmean2":5.79694366455,"dvar":19.0031547546,"dvar2":38.2667427063,"max":57,"mean":19.0453853607,"median":17,"min":0,"var":111.782104492},"spectral_contrast_coeffs":{"dmean":[0.0550283938646,0.0500858090818,0.0394694581628,0.0310163218528,0.019991343841,0.0192878972739],"dmean2":[0.088968783617,0.0812112763524,0.0629597604275,0.0496786050498,0.032386444509,0.0305111128837],"dvar":[0.00225536595099,0.00168080977164,0.00103281368501,0.000636404205579,0.000259420019574,0.000300656480249],"dvar2":[0.00567761622369,0.00426749372855,0.00250157248229,0.0015301539097,0.000663087004796,0.000735652458388],"max":[-0.337490588427,-0.434412509203,-0.499384909868,-0.571036696434,-0.649909794331,-0.579710006714],"mean":[-0.647932887077,-0.712861955166,-0.760530471802,-0.778762817383,-0.800875306129,-0.770530223846],"median":[-0.653794050217,-0.716242790222,-0.768360137939,-0.783282876015,-0.802952528,-0.768621563911],"min":[-0.952841222286,-0.96486979723,-0.962121427059,-0.956877112389,-0.955731570721,-0.96098524332],"var":[0.00700651342049,0.00606979429722,0.0055855656974,0.003531858325,0.00144553149585,0.00120317353867]},"spectral_contrast_valleys":{"dmean":[0.416082531214,0.39181882143,0.341799288988,0.294916391373,0.233029559255,0.353915840387],"dmean2":[0.671064198017,0.623046815395,0.525037825108,0.444745153189,0.352708101273,0.423511087894],"dvar":[0.153513967991,0.133749365807,0.102469831705,0.0856905207038,0.0761467888951,0.109469711781],"dvar2":[0.332589358091,0.291931092739,0.210702002048,0.165212467313,0.14872816205,0.185248911381],"max":[-4.97394037247,-4.25557661057,-5.28840684891,-5.72210931778,-5.50478029251,-7.82097578049],"mean":[-7.2326593399,-6.82548046112,-7.59709787369,-7.83024406433,-7.30963993073,-9.8638048172],"median":[-7.05451774597,-6.63010025024,-7.45174503326,-7.65277719498,-7.05606603622,-9.66086006165],"min":[-27.6112766266,-27.1331176758,-27.1656227112,-27.2558708191,-27.3539924622,-27.1723709106],"var":[1.5329477787,1.6008067131,1.68202090263,1.66554403305,1.48822593689,1.43984246254]},"spectral_decrease":{"dmean":3.00315106116e-9,"dmean2":4.82504391996e-9,"dvar":2.7987080308e-17,"dvar2":7.1118381794e-17,"max":3.70646632152e-29,"mean":-6.57414211958e-9,"median":-4.95352336927e-9,"min":-5.39189990434e-8,"var":3.44578693946e-17},"spectral_energy":{"dmean":0.0117555465549,"dmean2":0.0188229437917,"dvar":0.000421616132371,"dvar2":0.00106975412928,"max":0.208762153983,"mean":0.026575691998,"median":0.0200594272465,"min":1.11297240276e-20,"var":0.000536520266905},"spectral_energyband_high":{"dmean":0.000388297950849,"dmean2":0.000573926896323,"dvar":3.30079700461e-7,"dvar2":7.65073366438e-7,"max":0.00851723365486,"mean":0.000797974993475,"median":0.000553270278033,"min":8.21419994289e-21,"var":6.25495886197e-7},"spectral_energyband_low":{"dmean":0.00663404446095,"dmean2":0.0106933312491,"dvar":0.000259786756942,"dvar2":0.000652908813208,"max":0.173362791538,"mean":0.00945594906807,"median":0.00445409957319,"min":7.14685765807e-23,"var":0.000258708081674},"spectral_energyband_middle_high":{"dmean":0.00156430352945,"dmean2":0.00245362962596,"dvar":0.00000556246277483,"dvar2":0.0000142997196235,"max":0.0464363247156,"mean":0.00520047731698,"median":0.00276080658659,"min":1.43395010555e-21,"var":0.0000356899836333},"spectral_energyband_middle_low":{"dmean":0.00600493839011,"dmean2":0.009776272811,"dvar":0.000141209049616,"dvar2":0.000375550851459,"max":0.143283605576,"mean":0.012473905459,"median":0.00956165511161,"min":3.29992381122e-22,"var":0.000150939551531},"spectral_entropy":{"dmean":0.152861624956,"dmean2":0.210359454155,"dvar":0.0204834956676,"dvar2":0.0392853021622,"max":9.7955121994,"mean":7.73786973953,"median":7.76775884628,"min":6.18270206451,"var":0.0931691005826},"spectral_flux":{"dmean":0.0290250629187,"dmean2":0.0451013185084,"dvar":0.00169378239661,"dvar2":0.00362765439786,"max":0.394401431084,"mean":0.0863364189863,"median":0.0729928314686,"min":1.05497506564e-10,"var":0.003064872697},"spectral_kurtosis":{"dmean":0.99547457695,"dmean2":1.5992847681,"dvar":0.987275004387,"dvar2":2.57091593742,"max":20.2877140045,"mean":3.27622365952,"median":3.00287389755,"min":-1.17869150639,"var":2.39726424217},"spectral_rms":{"dmean":0.000959248514846,"dmean2":0.00146751583088,"dvar":0.00000181320831416,"dvar2":0.00000432129036199,"max":0.0142713133246,"mean":0.00468374090269,"median":0.004423818551,"min":3.29518855778e-12,"var":0.00000398997735829},"spectral_rolloff":{"dmean":565.004821777,"dmean2":957.081298828,"dvar":1442368.375,"dvar2":3954138,"max":18820.0195313,"mean":1419.60644531,"median":1184.32617188,"min":21.533203125,"var":2186384.5},"spectral_skewness":{"dmean":0.160657092929,"dmean2":0.256365120411,"dvar":0.0225110966712,"dvar2":0.0539697557688,"max":3.45301103592,"mean":1.34180140495,"median":1.3115837574,"min":0.0460336059332,"var":0.0866698399186},"spectral_spread":{"dmean":699976.375,"dmean2":961980.0625,"dvar":582803324928,"dvar2":1117501915140,"max":39966860,"mean":5104788,"median":4827122.5,"min":1844202.625,"var":2119836499970},"spectral_strongpeak":{"dmean":0.511673867702,"dmean2":0.857162535191,"dvar":0.511370956898,"dvar2":1.30606329441,"max":9.57837677002,"mean":0.934482038021,"median":0.585398316383,"min":0,"var":0.983637988567},"zerocrossingrate":{"dmean":0.0109899295494,"dmean2":0.0137965492904,"dvar":0.000170569575857,"dvar2":0.000274097081274,"max":0.49169921875,"mean":0.0656493008137,"median":0.06201171875,"min":0.00537109375,"var":0.00101942906622}},"metadata":{"audio_properties":{"analysis_sample_rate":44100,"bit_rate":192016,"codec":"mp3","downmix":"mix","equal_loudness":0,"length":306.938781738,"lossless":false,"md5_encoded":"2f9965e64b1b5b943ab8095b5f6d0d92","replay_gain":-5.11928939819,"sample_rate":44100},"tags":{"acoustid_fingerprint":["AQADtNtaRTmejMF3IeegPUKco8YV6TgH-miupAGz64jp4IHyG7-CHKcSvAt-5GgYsYP2KB1-rMgPPhkX1OrRHBeOaz96RTnCVDx0E30GqgoeZeiJP15wpcGJo_zR9D2eeHgWSH_wP7hC6AmDBt2DE_0TNBVTDcnuoamIHxeaM8X5wEwSJKP8IK_w8rAcBScLzhfyKDd05DrOjQCzfCP8GDVF5KGhbxl-5CN-HB9l4gwd_EPD6AXD4wqL-IHuI37xHOfRhA7abMCvDE8ufMfXI42Y7MbRMTnRjFksMLYHkdzhI4uPJzs-HpVpNJwU4x945EoIXZGKPAdzo6kkXMlx5BmYnAFj5ZClHH_RPOmhfeiNRs2ELzzOo9mhbRdxjgiDbzCtwlU09IyJ-2gvpNGyxAogapKQJx3K4mCoX_CPF1eMaxdyBWXiB3qPpnnQlWHQQ0uO52ieIxJVPBkqCqnCxqgWZQ_0E7ryI1_RxEc3B9dCGdePZj_6VsgLXakRUkrgB_2DO5MkIQ_xH8oV5IuOc0YvHZ6cGTj2LC9yo28OnSLyJ_iFvpUIkxcuXWia48QWMQuOfLoE_pB3hDZBcVlwS8eHb_jhPRoqHvXRrCRu4Uf8bNDyIB-sK0Y1nfgFJqcRnoAu5Ikj_AgPx4liaGN4_MMzQ3xwPvgRPkXzD28Rsoc5ySi1QYtV1B_0o1F0hBrRx3CP_Hgi6BLx7Yg7mXhG_EX6D1K643uRW-giKcelBLiOhtyRJ4Hu4HI6hBKaH7kWPCzubIRutCPeLNihEw-P_xCbJBZCqzjwo2tJhL-gR9sQU9Jxq_A1nHmIk0HEHzoZRNXiow48MTMu9InS4zIeHp-DH7kDzZmOH5F-XNRRRVHgKVcCn0SKnoHe5PhSKcgvVNKLJmGHb1nxN3jxiseFC55kUchPaErzCa6OF80jPMsTfDvC7YdTtDklNG-KgMeVQPvxHP9ylB206MKDhybKx2jUXNCPzwh_-PCPXIeWhcezWEIOv8jYHL-hJRoyx0fz4llQ83CcJEfHMEWtI32G2tFQHqJrXFnw40rgNUIbBTmeB31oBc17vEGs-fgD0QkuHXlc8MK9YFqYIj3uB3pyPIP25DhyXOEknCcuhhnCPAo0bUf0EweTFaFEFg0_KFon5FIcHHtRkkfaLRO04hf44yZxNcXRPclxH49S9A9yPRm-Ih98RVATBj-y-fjR2EOPJwdD4w5q-fhY5NBlH0fDZRy057iC80If_Cb86KilHdl4_LCkRzh__DGaXujTCvkDPfKRf0Gvw3mHbsqFd0doB9sPBWl_lNOFSRexaeNRmdiPMFUmaHrxYYoOfTHhVEd_XGuDRslxXzjOHH6u4IeuwmOiMOiPUHpWTJGjBz-6rGkJX8WRc4R-o-cRfkdz4n9wKZLxC31ewd8b5JGwB9eDVieOX8eufJhS7YHuI3Wao8qU44c_5M3xB1cOXTmy5sH1Bc9XNCdq4kyYGuG6OFCdz-iVB7eg__iO6kcjL8MlvHsgjtEz5LqFf2Cim6i0MMZp5MehKIxzhGSGo3ozWPE2tCNeHZHso7l2vOi5wKeD1x2oGv1yQsfz1miko