{"lowlevel":{"average_loudness":0.951695501804,"barkbands":{"dmean":[0.000188120466191,0.0037422135938,0.00218174071051,0.00166436552536,0.00466577662155,0.000774554733653,0.000690352288075,0.000624831474852,0.000512101047207,0.000552227138542,0.000485614320496,0.000350867398083,0.000344254163792,0.000293641292956,0.00039182807086,0.000268069910817,0.000341419770848,0.000235759143834,0.000252379395533,0.000197871893761,0.000113329566375,0.0000692701578373,0.0000403619014833,0.0000378056429327,0.0000145661742863,0.00000454514611192,4.67513416424e-7],"dmean2":[0.000273114361335,0.00627821544185,0.00362639711238,0.00282746972516,0.0078595476225,0.00127724267077,0.00110831088386,0.00101252424065,0.000810028403066,0.00086805713363,0.000778434798121,0.000582046166528,0.000571538985241,0.000486073171487,0.000657172000501,0.000455460045487,0.000576691934839,0.000396370131057,0.000417321687564,0.000328950613039,0.000187004246982,0.000110973596747,0.0000628615816822,0.0000576814600208,0.0000229945853789,0.00000728549230189,7.3585397331e-7],"dvar":[7.15933623496e-8,0.0000437027811131,0.0000160002946359,0.0000059458020587,0.000116083399917,0.00000154239091898,0.00000135283039526,0.00000141880855153,5.95653602886e-7,7.88437148458e-7,4.97228882068e-7,1.85115411e-7,2.02848966069e-7,1.52979509949e-7,2.27243859285e-7,1.07811906958e-7,1.74382492446e-7,9.82564927199e-8,1.03988583078e-7,5.49047243226e-8,2.14584918723e-8,1.22006138525e-8,4.88966778178e-9,5.18813791928e-9,3.93818921918e-10,2.2353724774e-11,2.86797387054e-13],"dvar2":[1.46868728734e-7,0.000110497909191,0.0000384030026908,0.000016381012756,0.000304256129311,0.00000393986738345,0.00000326661006511,0.00000349660945176,0.00000146664831391,0.00000188772355614,0.00000121584014323,4.77559581213e-7,5.24412087088e-7,4.0757609554e-7,6.04565286721e-7,2.87046731273e-7,4.65665351612e-7,2.62998412381e-7,2.61674102831e-7,1.39880029337e-7,5.19360376927e-8,2.71641642513e-8,9.9391996855e-9,9.54845713608e-9,8.70234440065e-10,5.55069393227e-11,6.35940356365e-13],"max":[0.00290107750334,0.0529404506087,0.0467224009335,0.0481476932764,0.104825310409,0.0371558927,0.0358409546316,0.0311975050718,0.0209448244423,0.0378866046667,0.0144950980321,0.00762210274115,0.00855784118176,0.00837550964206,0.00894307065755,0.00629313662648,0.00805923342705,0.00961517076939,0.0103957746178,0.0067526223138,0.00417742179707,0.00270520150661,0.00250129844062,0.0017941230908,0.000468150043162,0.0000807234901004,0.00000991234082903],"mean":[0.000403458776418,0.00517238443717,0.00276630860753,0.00212172884494,0.00507920561358,0.00142119638622,0.00123691244517,0.00100269063842,0.000971009896602,0.00100419286173,0.000799490895588,0.000638886296656,0.000664794410113,0.00060152966762,0.000770136888605,0.0005765351234,0.000775046064518,0.00058491458185,0.000696224335115,0.000587635324337,0.000365997519111,0.00021945797198,0.000130577987875,0.000121695818962,0.0000560564694752,0.0000188652702491,0.00000186115755696],"median":[0.000282017048448,0.00221312697977,0.00123138609342,0.00126149994321,0.00209452677518,0.000987420324236,0.000822194502689,0.000556199753191,0.000677878735587,0.000660851539578,0.000502908544149,0.000486591568915,0.000506665150169,0.000465789227746,0.00062747253105,0.000468780926894,0.000614339718595,0.000463187578134,0.000556707498617,0.000490902690217,0.00028360876604,0.000165352539625,0.000103475962533,0.0000874748802744,0.0000507445838593,0.0000185905628314,0.00000172668069354],"min":[3.90031862811e-25,7.73911399421e-25,7.00521598649e-25,1.50654190489e-24,1.18360201126e-23,7.20774320491e-24,9.71319541661e-24,7.46318741008e-24,1.59807710392e-23,2.52089574164e-23,1.3564884517e-23,3.37297737975e-23,3.34657325862e-23,2.55549581203e-23,2.8503652342e-23,5.63358199705e-23,6.44006731707e-23,9.89236813184e-23,1.13829321718e-22,1.58631913213e-22,2.19324561476e-22,2.50308417748e-22,3.80172769936e-22,6.03916618556e-22,8.73721235016e-22,1.23669388372e-21,1.92449405819e-21],"var":[1.76250409822e-7,0.0000552751989744,0.0000197758963623,0.00000693554238751,0.0000987546081888,0.00000307871891891,0.00000261547415903,0.00000271374574368,0.0000011675612086,0.00000170269299815,9.61016894507e-7,3.45122174394e-7,4.02477553507e-7,3.27821368273e-7,4.20751405272e-7,2.33012116269e-7,4.77991989101e-7,3.14025442094e-7,3.50384084413e-7,2.0632157316e-7,1.09624444633e-7,4.49193926499e-8,1.52746348903e-8,1.8279282088e-8,1.46125933576e-9,9.96980206724e-11,1.39535572766e-12]},"barkbands_crest":{"dmean":3.01493740082,"dmean2":4.81820058823,"dvar":9.3857126236,"dvar2":22.0215377808,"max":24.8937759399,"mean":8.03274154663,"median":6.74615097046,"min":2.00128126144,"var":17.3060398102},"barkbands_flatness_db":{"dmean":0.0183510743082,"dmean2":0.0289360936731,"dvar":0.000403698591981,"dvar2":0.00097578833811,"max":0.240112319589,"mean":0.076812684536,"median":0.0690998136997,"min":0.0238204170018,"var":0.000799318368081},"barkbands_kurtosis":{"dmean":1.61970639229,"dmean2":2.68307924271,"dvar":7.14267396927,"dvar2":17.9072380066,"max":89.4600982666,"mean":0.887448728085,"median":-0.226142525673,"min":-1.92797529697,"var":10.3143815994},"barkbands_skewness":{"dmean":0.499211609364,"dmean2":0.776332497597,"dvar":0.294266372919,"dvar2":0.698308110237,"max":8.54736232758,"mean":1.04061293602,"median":0.89084649086,"min":-2.06418895721,"var":0.688332378864},"barkbands_spread":{"dmean":5.79771518707,"dmean2":9.09139919281,"dvar":31.6186561584,"dvar2":73.7558670044,"max":111.161125183,"mean":31.2474460602,"median":31.7346153259,"min":3.65559482574,"var":89.9381408691},"dissonance":{"dmean":0.0100418357179,"dmean2":0.0171055179089,"dvar":0.0000838816704345,"dvar2":0.000241624104092,"max":0.500000059605,"mean":0.481826543808,"median":0.484001815319,"min":0.338358461857,"var":0.000144006146002},"dynamic_complexity":2.97558259964,"erbbands":{"dmean":[0.113069869578,0.915827929974,2.39107370377,3.63742589951,16.8490543365,11.8975763321,6.60672664642,6.4760093689,9.75457000732,9.8331451416,14.3950061798,10.7082242966,14.4304695129,18.749256134,15.9519205093,14.2433519363,15.8370752335,14.4550476074,19.5083827972,17.2648353577,16.6116828918,15.9401741028,12.1682863235,12.3519239426,11.9717588425,9.84843349457,5.95552015305,3.59086298943,2.4996638298,1.72083818913,1.13571202755,0.923207461834,0.598689138889,0.227081626654,0.0825565606356,0.0295859910548,0.00695494003594,0.000935520103667,0.0000734450659365,0.0000120137838167],"dmean2":[0.165555998683,1.57988941669,3.98594927788,6.08641624451,28.1231060028,20.7103366852,10.7721176147,10.7931928635,15.9467477798,15.7339677811,23.3461971283,16.8130054474,23.3266525269,29.2033081055,25.6928482056,23.8582401276,26.2455749512,23.8033733368,32.8372535706,29.1228084564,28.1688079834,26.8095092773,20.4468593597,20.4593811035,19.7973594666,16.3827438354,9.8683385849,5.83190536499,4.02354192734,2.73219466209,1.77874875069,1.42049312592,0.915261030197,0.358684390783,0.132194191217,0.047597464174,0.0112267751247,0.00148350081872,0.000114801441669,0.0000190551290871],"dvar":[0.0318676047027,3.07650446892,21.4210662842,23.473897934,1457.78564453,746.038513184,182.317489624,106.803520203,260.162322998,334.43270874,760.266906738,313.794036865,501.981109619,1009.82427979,419.233215332,327.4112854,425.23248291,358.521057129,638.362731934,527.187927246,391.649291992,421.500640869,240.773071289,285.467041016,213.049087524,136.952346802,53.8308258057,27.3836345673,15.0950498581,8.33004570007,4.56026744843,3.69601368904,1.08800280094,0.121329754591,0.00891189835966,0.000943368475419,0.0000516188811162,9.56955204856e-7,7.29667304356e-9,2.17357257193e-10],"dvar2":[0.0588808991015,8.30359840393,54.1988449097,62.8920898438,3782.07275391,2005.10791016,454.369049072,276.944854736,610.104492188,858.564697266,1866.26013184,786.775756836,1256.40209961,2273.3659668,1027.83129883,859.567932129,1117.59936523,950.494689941,1723.55786133,1353.18774414,1058.05273438,1110.81542969,643.457092285,729.290588379,545.421264648,350.871887207,133.228622437,64.2006988525,34.0041465759,18.130235672,9.24967575073,7.06315231323,2.14577841759,0.267918556929,0.0202907901257,0.00234412634745,0.000128711530124,0.00000226562906391,1.62290483274e-8,5.39744082761e-10],"max":[1.72186565399,14.2913303375,51.1228942871,74.4722442627,316.860687256,292.454742432,472.457489014,253.063934326,454.014984131,766.359313965,682.995239258,535.836181641,713.541625977,1411.49658203,361.77166748,376.194946289,447.39251709,483.656341553,432.221557617,844.221069336,420.593994141,428.207611084,455.531768799,630.980712891,399.091003418,298.530273438,159.797241211,163.252105713,109.862350464,58.3852157593,89.6648101807,59.1914787292,22.2994441986,8.00801563263,3.07827877998,0.520633637905,0.124112159014,0.0165822263807,0.00180855812505,0.000183025287697],"mean":[0.183418050408,1.02937078476,2.99020028114,5.4068031311,16.7896900177,13.1992921829,10.8254146576,11.7655010223,17.2384204865,17.3150272369,24.1485023499,21.5839233398,27.2411651611,35.7547149658,30.8571586609,27.8880767822,31.8116264343,31.519109726,38.362613678,34.9403648376,37.2526664734,40.4131164551,33.5501785278,34.3862724304,34.4834823608,28.6712818146,18.4713172913,11.6393299103,7.97118234634,5.49685239792,3.61006808281,2.76170158386,1.8519603014,0.7868475914,0.324984192848,0.117717981339,0.0281944349408,0.00388523656875,0.000325638218783,0.0000504524250573],"median":[0.0773555412889,0.398958981037,1.40083146095,3.55788040161,5.80272293091,6.13728809357,6.16359329224,8.04921531677,11.8736743927,11.3291835785,14.0206832886,15.003531456,19.6627349854,24.1019611359,23.0818958282,22.0727348328,24.6963615417,25.2282047272,29.8919219971,28.1305274963,30.9407806396,31.7922515869,27.626996994,27.8163719177,27.9079017639,23.754283905,14.7979049683,8.79953193665,6.08598136902,4.22256278992,2.83776640892,1.93299651146,1.34967708588,0.670444130898,0.310125589371,0.115009613335,0.0274404138327,0.00374235305935,0.000307259499095,0.0000481050010421],"min":[5.86423672159e-23,7.39879736444e-22,1.08001505127e-21,7.49332334816e-21,1.256372563e-20,2.57659555292e-20,5.68632839767e-20,8.2668217161e-20,1.81227801735e-19,2.32026746761e-19,2.96549341931e-19,4.51879152663e-19,5.52596302156e-19,9.44278781608e-19,6.57954296777e-19,1.76784358091e-18,1.90384427453e-18,1.35450256619e-18,2.90413910683e-18,2.37679926541e-18,3.70549121155e-18,4.82265570427e-18,5.65284849502e-18,7.48160379508e-18,7.1863598734e-18,8.43092010662e-18,7.21239621036e-18,9.7474591152e-18,1.05256689811e-17,1.04023835011e-17,1.15389644043e-17,1.01268785904e-17,9.37137565944e-18,8.79885417899e-18,6.048275983e-18,4.19440251646e-18,2.28220289056e-18,9.09034373466e-19,2.39509758624e-19,2.71576933721e-20],"var":[0.0638193637133,2.90681433678,22.6820812225,33.3776626587,1225.06787109,618.545898438,345.971954346,219.808380127,505.486114502,520.247497559,1485.84863281,605.55657959,921.525878906,2189.11816406,852.584960938,576.823852539,803.502258301,765.820068359,1185.31774902,950.397766113,874.015991211,1295.35095215,821.216186523,971.808166504,738.963745117,483.768737793,222.285110474,144.999847412,56.9270858765,27.9319553375,13.2198038101,11.3733081818,3.83352065086,0.397237569094,0.0362327806652,0.00396689260378,0.000225447904086,0.00000476857667309,3.78331144191e-8,5.88213644459e-10]},"erbbands_crest":{"dmean":1.67374491692,"dmean2":2.82894825935,"dvar":2.7061355114,"dvar2":7.14537858963,"max":25.1394443512,"mean":5.7186293602,"median":5.08190822601,"min":2.22869420052,"var":5.94242477417},"erbbands_flatness_db":{"dmean":0.00877738837153,"dmean2":0.0138669991866,"dvar":0.0000537485793757,"dvar2":0.000126855637063,"max":0.210793152452,"mean":0.124097965658,"median":0.123721882701,"min":0.0464183017612,"var":0.000304400222376},"erbbands_kurtosis":{"dmean":0.391622543335,"dmean2":0.638908565044,"dvar":0.193269059062,"dvar2":0.483942508698,"max":11.6232662201,"mean":-0.367743372917,"median":-0.508083462715,"min":-1.65629196167,"var":0.679553866386},"erbbands_skewness":{"dmean":0.234968915582,"dmean2":0.378409922123,"dvar":0.0397384092212,"dvar2":0.102426171303,"max":2.76261925697,"mean":-0.130335852504,"median":-0.157265424728,"min":-2.12973952293,"var":0.184024021029},"erbbands_spread":{"dmean":6.56829166412,"dmean2":10.3692293167,"dvar":37.6948699951,"dvar2":88.5729293823,"max":124.160209656,"mean":40.5904350281,"median":39.304069519,"min":10.5267391205,"var":106.87033844},"gfcc":{"cov":[[28361.9863281,620.227294922,-2211.88891602,774.072998047,-815.949523926,345.905517578,-691.053588867,115.300735474,-839.420654297,-259.116455078,-372.839050293,-68.6751785278,-50.4109687805],[620.227294922,279.993621826,-38.2551727295,22.9063224792,-4.98554706573,-12.4589481354,-2.86349105835,7.87901258469,-4.55894517899,14.7657289505,-0.798481225967,-10.6368608475,-3.06212735176],[-2211.88891602,-38.2551727295,345.58883667,-2.55847525597,115.306289673,9.26200389862,68.5696563721,-8.98373031616,68.6794052124,7.84995079041,27.32695961,0.311263382435,7.57001161575],[774.072998047,22.9063224792,-2.55847525597,111.213272095,24.0829544067,34.3681297302,2.28695392609,10.0473737717,-7.84631872177,-0.360915869474,-3.0379242897,0.724253356457,0.487216591835],[-815.949523926,-4.98554706573,115.306289673,24.0829544067,142.309921265,42.2194480896,56.9609222412,26.929227829,27.7354946136,8.66320323944,19.0528068542,9.24795913696,8.76201725006],[345.905517578,-12.4589481354,9.26200389862,34.3681297302,42.2194480896,92.5380630493,37.8662528992,29.5979270935,7.07941150665,3.01271057129,5.64147520065,8.03026103973,2.72362351418],[-691.053588867,-2.86349105835,68.5696563721,2.28695392609,56.9609222412,37.8662528992,101.603393555,40.4779815674,38.6814079285,26.2437858582,21.2196216583,10.2188396454,6.68799448013],[115.300735474,7.87901258469,-8.98373031616,10.0473737717,26.929227829,29.5979270935,40.4779815674,70.6533660889,35.087097168,20.3925380707,14.198225975,8.30677890778,2.48277378082],[-839.420654297,-4.55894517899,68.6794052124,-7.84631872177,27.7354946136,7.07941150665,38.6814079285,35.087097168,87.9937896729,41.5405654907,29.3937397003,10.149315834,3.14700913429],[-259.116455078,14.7657289505,7.84995079041,-0.360915869474,8.66320323944,3.01271057129,26.2437858582,20.3925380707,41.5405654907,59.8543701172,30.7209701538,13.3314342499,4.07898044586],[-372.839050293,-0.798481225967,27.32695961,-3.0379242897,19.0528068542,5.64147520065,21.2196216583,14.198225975,29.3937397003,30.7209701538,53.2014961243,25.1709938049,9.71159934998],[-68.6751785278,-10.6368608475,0.311263382435,0.724253356457,9.24795913696,8.03026103973,10.2188396454,8.30677890778,10.149315834,13.3314342499,25.1709938049,44.7032585144,20.9967136383],[-50.4109687805,-3.06212735176,7.57001161575,0.487216591835,8.76201725006,2.72362351418,6.68799448013,2.48277378082,3.14700913429,4.07898044586,9.71159934998,20.9967136383,38.7669906616]],"icov":[[0.000271681899903,-0.000321587081999,0.00074110168498,-0.0013917805627,0.00097157160053,-0.00121533649508,0.00123978394549,-0.00153385160957,0.00177919014823,-0.000384177110391,0.000439845956862,-0.0000484772499476,-0.000237138199736],[-0.000321587081999,0.00429123872891,-0.000432562810602,0.000652209448162,-0.00145861937199,0.00255196401849,-0.00162465148605,0.00129364652093,-0.00146584329195,-0.000993863912299,-0.000718506984413,0.001577291172,-0.000105860068288],[0.00074110168498,-0.000432562810602,0.00833691097796,-0.00413318397477,-0.0014878725633,-0.0021425827872,0.000296555401292,0.00153737945948,-0.00114110729191,0.00266494974494,-0.000629727786873,0.00182668410707,-0.00132864422631],[-0.0013917805627,0.000652209448162,-0.00413318397477,0.0181708987802,-0.00647218106315,0.00198038457893,-0.00402851728722,0.0067249936983,-0.00724700978026,0.000251406861935,-0.00101414928213,-0.0000372230642824,0.00124446908012],[0.00097157160053,-0.00145861937199,-0.0014878725633,-0.00647218106315,0.0164889600128,-0.00726262992248,0.0018698485801,-0.00881208945066,0.00827173702419,-0.000628338893875,0.00000193630467038,-0.000482342293253,-0.0017993269721],[-0.00121533649508,0.00255196401849,-0.0021425827872,0.00198038457893,-0.00726262992248,0.0221920888871,-0.0102275805548,0.00335310213268,-0.00697486195713,0.00359677569941,-0.00169894646388,-0.00156979530584,0.00211032247171],[0.00123978394549,-0.00162465148605,0.000296555401292,-0.00402851728722,0.0018698485801,-0.0102275805548,0.0248075127602,-0.0146566331387,0.00905339233577,-0.0072466977872,0.00235222862102,-0.000179584036232,-0.00203303177841],[-0.00153385160957,0.00129364652093,0.00153737945948,0.0067249936983,-0.00881208945066,0.00335310213268,-0.0146566331387,0.0361577197909,-0.0218990929425,0.00477501284331,-0.00323001015931,0.000290098134428,0.00161921023391],[0.00177919014823,-0.00146584329195,-0.00114110729191,-0.00724700978026,0.00827173702419,-0.00697486195713,0.00905339233577,-0.0218990929425,0.0387133657932,-0.0164490137249,0.000864375382662,-0.0000152553884618,-0.000647402543109],[-0.000384177110391,-0.000993863912299,0.00266494974494,0.000251406861935,-0.000628338893875,0.00359677569941,-0.0072466977872,0.00477501284331,-0.0164490137249,0.0348374731839,-0.0138627002016,0.000193081024918,0.000770045211539],[0.000439845956862,-0.000718506984413,-0.000629727786873,-0.00101414928213,0.00000193630467038,-0.00169894646388,0.00235222862102,-0.00323001015931,0.000864375382662,-0.0138627002016,0.0375582948327,-0.0171915683895,0.00186171056703],[-0.0000484772499476,0.001577291172,0.00182668410707,-0.0000372230642824,-0.000482342293253,-0.00156979530584,-0.000179584036232,0.000290098134428,-0.0000152553884618,0.000193081024918,-0.0171915683895,0.0411328151822,-0.0180534273386],[-0.000237138199736,-0.000105860068288,-0.00132864422631,0.00124446908012,-0.0017993269721,0.00211032247171,-0.00203303177841,0.00161921023391,-0.000647402543109,0.000770045211539,0.00186171056703,-0.0180534273386,0.0355107933283]],"mean":[20.8416614532,77.469543457,-125.367660522,39.9656715393,-53.8521080017,14.4748086929,-34.3854446411,11.6714038849,-25.9460430145,3.65282893181,-16.0226211548,-0.756630241871,-10.5502738953]},"hfc":{"dmean":3.49114966393,"dmean2":5.38205051422,"dvar":12.3473491669,"dvar2":26.7798843384,"max":76.1011199951,"mean":25.4904975891,"median":24.5994606018,"min":1.07349719804e-16,"var":126.753303528},"melbands":{"dmean":[0.000988353393041,0.00119803170674,0.000971068860963,0.00118132180069,0.000240723660681,0.000144880847074,0.000147149417899,0.000109280939796,0.000109894157504,0.0000698124058545,0.0000732234839234,0.0000788613178884,0.0000698946969351,0.0000416252369178,0.0000358450015483,0.0000315018223773,0.0000279962714558,0.0000324996071868,0.0000233158079936,0.0000197298122657,0.0000222300095629,0.0000182200492418,0.0000176040375663,0.000012890214748,0.0000112164771053,0.0000108310059659,0.00000820913555799,0.00000684689393893,0.00000489897001898,0.00000299063549392,0.00000226613565246,0.00000164776849942,0.00000146869138007,9.46043314798e-7,7.53257211272e-7,6.48015031857e-7,6.10182041783e-7,5.03021112763e-7,3.14043973049e-7,1.83997016734e-7],"dmean2":[0.00159145251382,0.00199061119929,0.00160227215383,0.00200553843752,0.000400217220886,0.000241525121965,0.000239239205257,0.000175761291757,0.000177663663635,0.000110464468889,0.00011822518718,0.000122713914607,0.00011214796541,0.000068905770604,0.0000600060884608,0.0000521699003002,0.0000462860189145,0.0000546811388631,0.0000390781897295,0.0000331604751409,0.0000378296754207,0.0000306992333208,0.0000298870927509,0.0000217806809815,0.0000185826665984,0.000018074622858,0.0000136850812851,0.0000113855248856,0.00000815876046545,0.00000495782023791,0.0000037244979012,0.00000268077269538,0.00000237438553086,0.00000152406573761,0.00000120772040191,0.0000010057401596,9.52609411797e-7,7.79976346621e-7,4.9450517281e-7,2.95433778774e-7],"dvar":[0.00000270905252364,0.0000051969186643,0.0000022980018457,0.00000794964671513,2.14771489482e-7,5.15995708383e-8,5.67445965771e-8,3.81314251285e-8,4.07448972339e-8,1.24463426232e-8,1.30467530113e-8,1.85553084009e-8,9.45350375758e-9,2.89972890144e-9,1.95825045068e-9,1.60421187445e-9,1.36684830121e-9,1.76223635684e-9,9.5212204787e-10,6.0886684583e-10,6.82503831229e-10,5.86948767367e-10,5.4121901405e-10,3.0241908977e-10,2.50715892491e-10,1.94859767211e-10,1.04125173761e-10,6.88650525493e-11,3.64359167837e-11,1.93993779374e-11,1.06496677796e-11,6.38969259448e-12,6.0571174812e-12,2.19224009605e-12,1.64136987422e-12,1.83560697024e-12,1.5076016607e-12,7.63169312901e-13,2.4678051486e-13,7.02198580315e-14],"dvar2":[0.00000617968908045,0.0000132920367832,0.00000590966737946,0.0000211114402191,5.42831742223e-7,1.35204004437e-7,1.32022080379e-7,9.76234844074e-8,9.93884441414e-8,3.10878291998e-8,3.2654739357e-8,4.19243484373e-8,2.30826806558e-8,7.4033867925e-9,5.15238074428e-9,4.25696455864e-9,3.66390184858e-9,4.72568606469e-9,2.45723863479e-9,1.57204727014e-9,1.84388115887e-9,1.56444968091e-9,1.46940448698e-9,8.28900281746e-10,6.43729736183e-10,5.12447639878e-10,2.72026984272e-10,1.76033368438e-10,9.43489106286e-11,4.8551024312e-11,2.58577968065e-11,1.51981378871e-11,1.4083696015e-11,5.13974886956e-12,3.60996389032e-12,3.66088192746e-12,3.01517643318e-12,1.5543445437e-12,5.48389675684e-13,1.61628184252e-13],"max":[0.0140415141359,0.0224910471588,0.0197654236108,0.0276876240969,0.0157413706183,0.00574642932042,0.00686562573537,0.00693164207041,0.00542412605137,0.00298029161058,0.00389669649303,0.00624634278938,0.00173871731386,0.000907712965272,0.000988187734038,0.00081455061445,0.00107025296893,0.000853109755553,0.000839932879899,0.000870314717758,0.000547758012544,0.000627913046628,0.000439902767539,0.000535174680408,0.000642198428977,0.000363112048944,0.000336502766004,0.000181852286914,0.00012080243323,0.000166343015735,0.0000856865008245,0.0000685698687448,0.0000582740976824,0.0000341470949934,0.0000467859972559,0.0000570708034502,0.0000283040008071,0.0000179864564416,0.00000978797197604,0.00000733766501071],"mean":[0.00150929042138,0.00150994188152,0.00127746607177,0.00120958592743,0.000383984734071,0.000263698369963,0.000265982642304,0.000191975501366,0.000189706450328,0.000134942136356,0.000135286070872,0.0001447363029,0.000119555028505,0.0000732082771719,0.0000691676323186,0.0000649493013043,0.0000565729933442,0.0000606770990998,0.0000481362985738,0.0000404424135922,0.0000448737664556,0.0000417526098317,0.0000374522678612,0.000028562020816,0.0000272270717687,0.0000271533117484,0.0000221478912863,0.0000178167229024,0.0000126627237478,0.0000083027061919,0.00000615727094555,0.00000458098566014,0.00000391329558624,0.00000268727194452,0.00000212641657527,0.00000178376581061,0.00000163756681104,0.0000014059245359,9.17881436635e-7,5.77732407692e-7],"median":[0.000650636968203,0.000732872867957,0.000752232386731,0.000477680034237,0.000228200078709,0.000183849915629,0.000184471864486,0.000125941121951,0.000116367125884,0.0000935525313253,0.0000971089757513,0.0000920720485738,0.0000790291524027,0.0000532334343006,0.0000556660015718,0.0000517180596944,0.0000444987999799,0.0000465930024802,0.0000392370020563,0.0000330393231707,0.0000366373169527,0.0000321637198795,0.0000286127306026,0.0000215369618672,0.0000214035426325,0.0000210785765375,0.000018033082597,0.0000143733532241,0.00000997907500278,0.00000605827972322,0.00000452193853562,0.00000345944999935,0.00000281044708572,0.00000207546690945,0.00000166991969763,0.00000125886526803,0.0000010883259165,9.89265345197e-7,7.04605895407e-7,5.02022544424e-7],"min":[8.28208794135e-25,7.90305901184e-25,1.3433279641e-24,1.63251707499e-24,1.94022094855e-24,1.4976179159e-24,2.72901696996e-24,2.38804821254e-24,2.31389607631e-24,2.35630011098e-24,2.47966730693e-24,3.20690890634e-24,1.86146462564e-24,3.18735935539e-24,4.27368156417e-24,3.974893791e-24,2.03112750433e-24,2.69892232085e-24,2.21961950674e-24,3.59890414534e-24,3.98445833504e-24,4.07183966865e-24,3.68731730901e-24,4.42351622678e-24,5.41993038047e-24,4.77300921793e-24,4.08621389764e-24,4.84504405149e-24,3.5764133265e-24,4.29026499812e-24,4.27618343653e-24,5.33543233347e-24,4.60306767413e-24,4.70794949249e-24,5.72118255511e-24,5.40732004447e-24,6.06744594971e-24,5.31291627108e-24,6.32385927049e-24,6.56428435288e-24],"var":[0.00000429866258855,0.00000538693848284,0.00000250708922067,0.000006340656455,3.80144427936e-7,1.03649760774e-7,1.16347585788e-7,6.34630197283e-8,8.09437210592e-8,2.33153816254e-8,2.41615438767e-8,4.01500734881e-8,1.8199912688e-8,5.26050003558e-9,3.54456841656e-9,3.33700844735e-9,2.80834977495e-9,3.3372491437e-9,1.80408477046e-9,1.23420873521e-9,1.44635858845e-9,1.69280178763e-9,1.21614152082e-9,8.80738648679e-10,7.29296234514e-10,5.57502932708e-10,3.37469857614e-10,2.14960937939e-10,1.11557353633e-10,7.85545795079e-11,4.55203479077e-11,2.08771559068e-11,1.74553409921e-11,6.4607776594e-12,4.34960878079e-12,5.14239041974e-12,4.35577528907e-12,2.50157316736e-12,7.75489264818e-13,2.03964083578e-13]},"melbands_crest":{"dmean":3.76960754395,"dmean2":6.05780601501,"dvar":11.6707229614,"dvar2":27.6953639984,"max":30.0508613586,"mean":12.643450737,"median":11.632651329,"min":1.00175964832,"var":28.0544719696},"melbands_flatness_db":{"dmean":0.0262481439859,"dmean2":0.0404263064265,"dvar":0.000740658200812,"dvar2":0.00168750446755,"max":0.368187844753,"mean":0.137822806835,"median":0.128810688853,"min":-1.72572924839e-7,"var":0.00199460424483},"melbands_kurtosis":{"dmean":5.24252033234,"dmean2":8.54543685913,"dvar":69.6253204346,"dvar2":175.175292969,"max":290.8543396,"mean":7.27427482605,"median":4.05781984329,"min":-1.37891447544,"var":105.57901001},"melbands_skewness":{"dmean":0.735069036484,"dmean2":1.14986681938,"dvar":0.659008383751,"dvar2":1.56174659729,"max":14.2048692703,"mean":2.25154209137,"median":1.968354702,"min":-0.382978588343,"var":1.3776088953},"melbands_spread":{"dmean":9.22879505157,"dmean2":14.1392431259,"dvar":75.2331848145,"dvar2":166.928512573,"max":158.233551025,"mean":34.6309890747,"median":33.9887466431,"min":1.36685335636,"var":299.168518066},"mfcc":{"cov":[[14054.5908203,1361.05651855,-859.929138184,457.983398438,-28.6131286621,83.7366638184,123.374755859,69.968963623,-126.673194885,-113.586166382,-288.160614014,-188.018081665,-138.993896484],[1361.05651855,436.066009521,-59.9249153137,73.5060806274,7.99907827377,0.994636654854,18.0790290833,-5.46203279495,-5.8744468689,0.598914682865,-16.1507892609,-11.9634256363,-3.88437151909],[-859.929138184,-59.9249153137,201.703262329,-0.178389564157,25.6372966766,18.8132228851,-9.03437137604,1.99496090412,15.9444799423,13.2411851883,22.3627109528,22.0578842163,5.28325653076],[457.983398438,73.5060806274,-0.178389564157,101.889221191,25.2201290131,18.0085678101,16.0797996521,3.99890208244,5.15939044952,-0.319209039211,-2.2360496521,-1.90513646603,0.340886741877],[-28.6131286621,7.99907827377,25.6372966766,25.2201290131,87.8323898315,25.6626167297,16.2131824493,22.3855609894,8.80013751984,9.30471324921,0.895495891571,4.93472480774,6.45418739319],[83.7366638184,0.994636654854,18.8132228851,18.0085678101,25.6626167297,67.3441085815,31.8288040161,17.1923274994,11.6928949356,1.71672201157,7.14422941208,1.20124208927,3.48477172852],[123.374755859,18.0790290833,-9.03437137604,16.0797996521,16.2131824493,31.8288040161,74.6293792725,34.0104446411,15.9487333298,10.5493154526,7.67901849747,2.8405828476,3.44077849388],[69.968963623,-5.46203279495,1.99496090412,3.99890208244,22.3855609894,17.1923274994,34.0104446411,62.0077476501,24.1426353455,13.3056325912,9.62812995911,4.08282327652,7.85340213776],[-126.673194885,-5.8744468689,15.9444799423,5.15939044952,8.80013751984,11.6928949356,15.9487333298,24.1426353455,54.0671653748,26.2933864594,14.9108610153,9.92060470581,7.65767908096],[-113.586166382,0.598914682865,13.2411851883,-0.319209039211,9.30471324921,1.71672201157,10.5493154526,13.3056325912,26.2933864594,53.5390205383,28.0673923492,14.308508873,8.22026729584],[-288.160614014,-16.1507892609,22.3627109528,-2.2360496521,0.895495891571,7.14422941208,7.67901849747,9.62812995911,14.9108610153,28.0673923492,57.5597724915,24.7955417633,12.6822004318],[-188.018081665,-11.9634256363,22.0578842163,-1.90513646603,4.93472480774,1.20124208927,2.8405828476,4.08282327652,9.92060470581,14.308508873,24.7955417633,49.0841636658,25.1244468689],[-138.993896484,-3.88437151909,5.28325653076,0.340886741877,6.45418739319,3.48477172852,3.44077849388,7.85340213776,7.65767908096,8.22026729584,12.6822004318,25.1244468689,46.2953910828]],"icov":[[0.000189937039977,-0.000400375662139,0.000639889913145,-0.000580549240112,0.00029192128568,-0.000507140473928,0.000278902618447,-0.000618346093688,0.000448225036962,-0.000293613324175,0.000735693203751,-0.000284241337795,0.000480266549857],[-0.000400375662139,0.00363256805576,-0.000646218948532,-0.000788084522355,-0.000573237717617,0.00138581276406,-0.0011426260462,0.00179112609476,-0.000600334780756,-0.000150963969645,-0.000925878586713,0.000739662558772,-0.00108270836063],[0.000639889913145,-0.000646218948532,0.00822219066322,-0.00206478824839,-0.000628002453595,-0.00346391019411,0.00277502462268,-0.00146053999197,0.000201705624931,-0.000973016547505,0.00124070548918,-0.00323533453047,0.00288896309212],[-0.000580549240112,-0.000788084522355,-0.00206478824839,0.0143435979262,-0.00400012126192,-0.000028312439099,-0.00238047749735,0.00362273771316,-0.00289554288611,0.00230178306811,-0.0025924409274,0.00128676567692,-0.00147483858746],[0.00029192128568,-0.000573237717617,-0.000628002453595,-0.00400012126192,0.0158222541213,-0.00515825068578,0.00151223677676,-0.00610970379785,0.00302906474099,-0.00400015944615,0.00447886390612,-0.0015847022878,-0.000121739751194],[-0.000507140473928,0.00138581276406,-0.00346391019411,-0.000028312439099,-0.00515825068578,0.0233170185238,-0.00930058117956,0.00265888986178,-0.00406592711806,0.00532367872074,-0.00529745500535,0.0034383549355,-0.0024941614829],[0.000278902618447,-0.0011426260462,0.00277502462268,-0.00238047749735,0.00151223677676,-0.00930058117956,0.0226947702467,-0.0108754532412,0.000907718611415,-0.002766499063,0.0013465200318,-0.00205421913415,0.00217676279135],[-0.000618346093688,0.00179112609476,-0.00146053999197,0.00362273771316,-0.00610970379785,0.00265888986178,-0.0108754532412,0.0287690740079,-0.0102103454992,0.00206922017969,-0.00442615477368,0.00360317504965,-0.00440802844241],[0.000448225036962,-0.000600334780756,0.000201705624931,-0.00289554288611,0.00302906474099,-0.00406592711806,0.000907718611415,-0.0102103454992,0.0302228704095,-0.0132588399574,0.00343499635346,-0.00226877862588,0.000487392651848],[-0.000293613324175,-0.000150963969645,-0.000973016547505,0.00230178306811,-0.00400015944615,0.00532367872074,-0.002766499063,0.00206922017969,-0.0132588399574,0.0328374914825,-0.0141456043348,0.000221851165406,-0.000671424379107],[0.000735693203751,-0.000925878586713,0.00124070548918,-0.0025924409274,0.00447886390612,-0.00529745500535,0.0013465200318,-0.00442615477368,0.00343499635346,-0.0141456043348,0.0320470519364,-0.0119116650894,0.00206268578768],[-0.000284241337795,0.000739662558772,-0.00323533453047,0.00128676567692,-0.0015847022878,0.0034383549355,-0.00205421913415,0.00360317504965,-0.00226877862588,0.000221851165406,-0.0119116650894,0.035871643573,-0.0167965386063],[0.000480266549857,-0.00108270836063,0.00288896309212,-0.00147483858746,-0.000121739751194,-0.0024941614829,0.00217676279135,-0.00440802844241,0.000487392651848,-0.000671424379107,0.00206268578768,-0.0167965386063,0.0320123657584]],"mean":[-605.827148438,101.048820496,-9.73473548889,26.1402873993,3.18494153023,4.79939174652,4.27754354477,3.68087315559,0.433570861816,3.30436491966,-2.09912872314,-0.119475483894,-1.11693525314]},"pitch_salience":{"dmean":0.0773447528481,"dmean2":0.128060087562,"dvar":0.00556108402088,"dvar2":0.0146557055414,"max":0.995956420898,"mean":0.602224588394,"median":0.619730949402,"min":0.12296487391,"var":0.0101326797158},"silence_rate_20dB":{"dmean":0,"dmean2":0,"dvar":0,"dvar2":0,"max":1,"mean":1,"median":1,"min":1,"var":0},"silence_rate_30dB":{"dmean":0,"dmean2":0,"dvar":0,"dvar2":0,"max":1,"mean":1,"median":1,"min":1,"var":0},"silence_rate_60dB":{"dmean":0.0008993614465,"dmean2":0.0017988847103,"dvar":0.000898585596588,"dvar2":0.00197564251721,"max":1,"mean":0.0645683482289,"median":0,"min":0,"var":0.0603988468647},"spectral_centroid":{"dmean":279.687774658,"dmean2":436.487457275,"dvar":89063.5,"dvar2":206684.5625,"max":11695.671875,"mean":1956.05432129,"median":1927.20581055,"min":414.822601318,"var":964322.375},"spectral_complexity":{"dmean":3.32332038879,"dmean2":5.56448984146,"dvar":7.86140298843,"dvar2":21.2533149719,"max":55,"mean":33.1855201721,"median":35,"min":0,"var":106.705551147},"spectral_contrast_coeffs":{"dmean":[0.0582069717348,0.0431412272155,0.0344353765249,0.0263403784484,0.0179004222155,0.0131152532995],"dmean2":[0.0924150198698,0.0726892948151,0.0571335293353,0.0446849018335,0.0300721116364,0.0218761414289],"dvar":[0.00251645687968,0.00115299515892,0.000733994878829,0.000412624998717,0.00019434960268,0.000111718763947],"dvar2":[0.00610914966092,0.00329809216782,0.00200606998987,0.00119161535986,0.000543333997484,0.000296623795293],"max":[-0.327999413013,-0.543140947819,-0.601946055889,-0.67311757803,-0.657351136208,-0.629466533661],"mean":[-0.654002726078,-0.770082235336,-0.784757912159,-0.802155792713,-0.796452522278,-0.754926025867],"median":[-0.656460821629,-0.770670175552,-0.782644867897,-0.799294173717,-0.794959068298,-0.751392841339],"min":[-0.987970888615,-0.986467599869,-0.980321407318,-0.978824734688,-0.985753238201,-0.98282623291],"var":[0.00905358139426,0.00326120969839,0.00255178683437,0.00162737339269,0.00149037188385,0.00135042669717]},"spectral_contrast_valleys":{"dmean":[0.377643376589,0.311896950006,0.253039062023,0.195802345872,0.136258080602,0.122910358012],"dmean2":[0.618935286999,0.527640163898,0.429111480713,0.33324316144,0.22764120996,0.190912187099],"dvar":[0.112783230841,0.0791525989771,0.0572178214788,0.0415231287479,0.0313281305134,0.0268292166293],"dvar2":[0.263274610043,0.191070139408,0.133385419846,0.0876729935408,0.0563694909215,0.0428414456546],"max":[-5.26838874817,-4.94610881805,-5.48907804489,-5.94706392288,-5.8683180809,-8.06101226807],"mean":[-7.26255559921,-6.65946912766,-7.07490777969,-7.27321529388,-7.00989484787,-9.80691623688],"median":[-6.86811351776,-6.25199699402,-6.64155721664,-6.83915138245,-6.55374908447,-9.39015579224],"min":[-28.4468154907,-27.9359760284,-27.7737293243,-27.7179603577,-27.5255241394,-27.4547958374],"var":[4.9981842041,5.10253572464,5.1239695549,5.01250505447,5.22790002823,4.24325084686]},"spectral_decrease":{"dmean":2.60418442366e-9,"dmean2":4.21878176837e-9,"dvar":1.27203255572e-17,"dvar2":3.20954878872e-17,"max":1.65044540662e-28,"mean":-7.01515912027e-9,"median":-6.0823861503e-9,"min":-3.43534303227e-8,"var":1.87060129191e-17},"spectral_energy":{"dmean":0.009969195351,"dmean2":0.0161419026554,"dvar":0.000184091215488,"dvar2":0.000464794720756,"max":0.133086368442,"mean":0.0287888422608,"median":0.0254963617772,"min":1.00721356482e-20,"var":0.000283204339212},"spectral_energyband_high":{"dmean":0.00023992433853,"dmean2":0.00037078052992,"dvar":9.68584359384e-8,"dvar2":1.91342167e-7,"max":0.00734396046028,"mean":0.00118112971541,"median":0.00102093385067,"min":6.9284195743e-21,"var":6.44389899662e-7},"spectral_energyband_low":{"dmean":0.00531780999154,"dmean2":0.00859960261732,"dvar":0.0000747688973206,"dvar2":0.000177633322892,"max":0.0896253585815,"mean":0.00921467412263,"median":0.00543433334678,"min":1.95094168658e-23,"var":0.000115022878163},"spectral_energyband_middle_high":{"dmean":0.00145959237125,"dmean2":0.00230746972375,"dvar":0.00000224131986215,"dvar2":0.00000537016376256,"max":0.048864684999,"mean":0.00730008957908,"median":0.00682863267139,"min":1.25687186021e-21,"var":0.0000140496695167},"spectral_energyband_middle_low":{"dmean":0.00657151453197,"dmean2":0.0108080552891,"dvar":0.000154567867867,"dvar2":0.000397994881496,"max":0.122924558818,"mean":0.012104309164,"median":0.00877222884446,"min":1.74411718781e-22,"var":0.000163837554283},"spectral_entropy":{"dmean":0.0810850188136,"dmean2":0.130467563868,"dvar":0.00806403160095,"dvar2":0.0199652630836,"max":9.96957969666,"mean":7.94390058517,"median":7.94073677063,"min":7.04988574982,"var":0.0534911267459},"spectral_flux":{"dmean":0.025031240657,"dmean2":0.0396216064692,"dvar":0.000914489675779,"dvar2":0.00202964339405,"max":0.319101393223,"mean":0.0938064008951,"median":0.0855325013399,"min":6.44543168837e-11,"var":0.00200400641188},"spectral_kurtosis":{"dmean":0.63988673687,"dmean2":1.10239768028,"dvar":0.317118525505,"dvar2":0.929516494274,"max":9.93413734436,"mean":3.33746600151,"median":3.30588459969,"min":-1.25837886333,"var":1.07301533222},"spectral_rms":{"dmean":0.000811104604509,"dmean2":0.0012803071877,"dvar":9.19151716516e-7,"dvar2":0.00000223343658945,"max":0.0113947512582,"mean":0.00500103598461,"median":0.00498743448406,"min":3.13472056472e-12,"var":0.00000307630716634},"spectral_rolloff":{"dmean":587.663818359,"dmean2":929.524108887,"dvar":433727.96875,"dvar2":945598.3125,"max":19595.2148438,"mean":2132.52294922,"median":2024.12109375,"min":64.599609375,"var":3459478.75},"spectral_skewness":{"dmean":0.0991813763976,"dmean2":0.166875869036,"dvar":0.00684173777699,"dvar2":0.018595950678,"max":2.35291147232,"mean":1.27391839027,"median":1.28405475616,"min":-0.0967868193984,"var":0.0472557358444},"spectral_spread":{"dmean":247541.875,"dmean2":391788.78125,"dvar":273628102656,"dvar2":569339019264,"max":43940208,"mean":4668281,"median":4283250.5,"min":2823021.5,"var":12007835172900},"spectral_strongpeak":{"dmean":0.420882970095,"dmean2":0.734897494316,"dvar":0.461125195026,"dvar2":1.26271259785,"max":8.01303291321,"mean":0.580410242081,"median":0.337617337704,"min":0,"var":0.514416217804},"zerocrossingrate":{"dmean":0.00990123208612,"dmean2":0.012014977634,"dvar":0.0000970132241491,"dvar2":0.000149260318722,"max":0.5244140625,"mean":0.0754874050617,"median":0.0712890625,"min":0.01025390625,"var":0.00208927714266}},"metadata":{"audio_properties":{"analysis_sample_rate":44100,"bit_rate":0,"codec":"flac","downmix":"mix","equal_loudness":0,"length":258.173339844,"lossless":true,"md5_encoded":"3be2ee61e1bd50af95e77dddcea3f6ae","replay_gain":-12.4927501678,"sample_rate":44100},"tags":{"album":["MACHINA II/the friends & enemies of modern music"],"album artist":["The Smashing Pumpkins"],"albumartist":["The Smashing Pumpkins"],"albumartistsort":["Smashing Pumpkins, The"],"artist":["The Smashing Pumpkins"],"artistsort":["Smashing Pumpkins, The"],"composer":["Billy Corgan"],"date":["2000-09-05"],"discnumber":["2"],"disctotal":["2"],"file_name":"Machina2.Q101.cd2t04.flac","genre":["Rock; Alternative Rock; Alternative; Grunge; Indie Rock"],"grouping":["Rock"],"label":["Q101"],"language":["eng"],"lyricist":["Billy Corgan"],"media":["CD"],"mood":["Melancholy; Melancholic; Mellow"],"musicbrainz_albumartistid":["ba0d6274-db14-4ef5-b28d-657ebde1a396"],"musicbrainz_albumid":["063e29a2-1c82-3adc-b34e-942e44d98ad2"],"musicbrainz_artistid":["ba0d6274-db14-4ef5-b28d-657ebde1a396"],"musicbrainz_recordingid":["ee32e6a4-6af6-4954-affa-03af121fb817"],"musicbrainz_releasegroupid":["f6675c5f-549d-34d8-bf24-9e9a3c86b418"],"musicbrainz_releasetrackid":["2b222721-a3b2-37b3-966c-da7b0ba62f29"],"musicbrainz_workid":["298760f6-d74d-471a-90b2-a0f3c5ee49ad"],"originaldate":["2000-09-05"],"originalyear":["2000"],"performer":["The Smashing Pumpkins"],"releasecountry":["US"],"releasestatus":["bootleg"],"releasetype":["album"],"script":["Latn"],"title":["Real Love"],"totaldiscs":["2"],"totaltracks":["14"],"tracknumber":["4"],"tracktotal":["14"]},"version":{"essentia":"2.1-beta1","essentia_build_sha":"ca57ba49d9b1854bd80e60cf9ccf267278fb7d6b","essentia_git_sha":"v2.1_beta1-28-g21ef5f4-dirty","extractor":"music 1.0"}},"rhythm":{"beats_count":646,"beats_loudness":{"dmean":0.0114263659343,"dmean2":0.0199025105685,"dvar":0.000103732701973,"dvar2":0.000308761926135,"max":0.103636585176,"mean":0.0338569357991,"median":0.0332020968199,"min":0,"var":0.