{"lowlevel":{"average_loudness":0.753732979298,"barkbands":{"dmean":[0.0000052017071539,0.00131345901173,0.00132364896126,0.00318096065894,0.00352440960705,0.00181518716272,0.000993986846879,0.000358648772817,0.000109521344712,0.000172819942236,0.000131006163429,0.000281324115349,0.000111977809865,0.000034174114262,0.0000152656339196,0.00000766623998061,0.0000185860444617,0.0000164254197443,0.0000402339428547,0.0000354470648745,0.0000221420195885,0.0000293900466204,0.0000188682515727,0.0000139517196658,0.0000184710279427,0.0000151263993757,0.00000208644723898],"dmean2":[0.00000873719272931,0.00238651246764,0.00213676621206,0.0053385682404,0.00620517414063,0.00295051280409,0.00144720019307,0.000513229810167,0.000149008730659,0.00024951522937,0.000188941834494,0.000381605437724,0.000153890345246,0.0000541826630069,0.0000244823913818,0.0000116083037938,0.0000277697054116,0.0000250162338489,0.0000596803583903,0.0000499497182318,0.0000322658961522,0.0000417853261752,0.0000259599546553,0.0000211120259337,0.0000280188451143,0.0000247325824603,0.0000034231063637],"dvar":[9.44749625753e-11,0.00000365845448869,0.00000593010645389,0.0000335462646035,0.000025839328373,0.00000940308655117,0.00000967484174907,0.0000010805367765,2.62533006889e-7,2.81122055412e-7,3.37423330166e-7,0.00000138993971177,0.00000105955894014,2.50854732542e-8,3.30060268006e-9,6.97476798539e-10,4.74485739588e-9,1.42265186298e-8,7.32560181405e-8,3.7440223366e-8,1.66913949329e-8,6.21308515747e-8,1.58159654262e-8,3.92332299981e-9,2.40084645498e-8,3.21539666004e-8,3.04652386651e-10],"dvar2":[2.47340925519e-10,0.0000110454029709,0.00001530676127,0.0000914371557883,0.000074469622632,0.0000252597710642,0.0000237552885665,0.00000231307876675,4.17637551209e-7,6.02581167186e-7,6.21540095835e-7,0.00000222060998567,0.00000169518546045,5.86582764583e-8,8.02646571429e-9,1.60917690284e-9,1.06073461126e-8,3.50619195899e-8,1.52798875774e-7,7.153767001e-8,3.32128351488e-8,1.02825161719e-7,2.95548634455e-8,8.66761240559e-9,5.2000444839e-8,8.0784886336e-8,7.43404782177e-10],"max":[0.000161724325153,0.0367335900664,0.0481648668647,0.109112381935,0.0876075327396,0.0883780568838,0.0763622820377,0.0301537625492,0.0172457583249,0.0142083857208,0.0159635320306,0.0460706166923,0.0692202299833,0.0054527213797,0.00173035042826,0.000624267675448,0.00292493402958,0.00714291771874,0.0106587568298,0.00765530997887,0.00629971409217,0.0183234605938,0.00593886524439,0.00220600725152,0.00764976348728,0.00937950797379,0.000666456762701],"mean":[0.00000595173378315,0.0017647765344,0.00243246438913,0.00492664473131,0.00628557987511,0.00430879183114,0.00222722929902,0.000745277036913,0.000222806018428,0.00042614157428,0.000221989874262,0.000599172024522,0.000202662646188,0.0000550084587303,0.00002495922854,0.0000157457780006,0.0000324827087752,0.0000240682675212,0.0000584133049415,0.0000584676708968,0.0000381572899641,0.000041815910663,0.0000272660799965,0.0000190002338059,0.0000219596004172,0.0000148194621943,0.00000231654121308],"median":[0.00000270643590738,0.00105227797758,0.0011126131285,0.0017942704726,0.00385156366974,0.002638629172,0.000982645782642,0.000255990482401,0.0000308615708491,0.000161706208019,0.0000314670105581,0.000108416097646,0.0000331701012328,0.0000180470669875,0.00000721984633856,0.00000516618729307,0.00000741988196751,0.00000331266528519,0.00000524137885805,0.00000593194818066,0.00000436766003986,0.00000227157443078,0.00000177931951839,0.00000158686111718,0.00000106206834971,4.80464564134e-7,4.74215653412e-7],"min":[1.6226150957e-24,8.66953874989e-24,3.34609236901e-24,4.98739202968e-24,3.51361360867e-23,2.15775593015e-23,1.57699195633e-23,1.52699726538e-23,2.16196071655e-23,2.81868836678e-23,2.46350689964e-23,2.2666577048e-23,5.35720615663e-23,5.79846844129e-23,3.40426297217e-23,7.03918697975e-23,8.58288048619e-23,1.0334672344e-22,2.22888193284e-22,2.07396037956e-22,2.53041057167e-22,4.08017464676e-22,3.98820482481e-22,7.03270279555e-22,8.71221315875e-22,1.21005699183e-21,2.02131801266e-21],"var":[1.06099219688e-10,0.00000490943602927,0.0000138763198265,0.0000620997743681,0.0000536067673238,0.0000253162070294,0.000017216323613,0.00000255838358498,9.70086944108e-7,7.93008041455e-7,8.17605723569e-7,0.00000575471813136,0.00000352760503119,3.1584114879e-8,4.87338391864e-9,1.17817866574e-9,8.16805290071e-9,1.75813692493e-8,1.44064813412e-7,8.54534576433e-8,3.73670623333e-8,1.58438425046e-7,3.72345851929e-8,6.0425748849e-9,3.15270973772e-8,2.8719577827e-8,2.87064233495e-10]},"barkbands_crest":{"dmean":2.31701183319,"dmean2":4.01520633698,"dvar":3.92490673065,"dvar2":11.950469017,"max":24.6559906006,"mean":10.2830619812,"median":9.8125705719,"min":3.69593453407,"var":9.1401052475},"barkbands_flatness_db":{"dmean":0.0225529614836,"dmean2":0.0355029664934,"dvar":0.000507299904712,"dvar2":0.0011298735626,"max":0.384562373161,"mean":0.22577098012,"median":0.228369504213,"min":0.0407915152609,"var":0.0028488568496},"barkbands_kurtosis":{"dmean":5.48445129395,"dmean2":9.15553092957,"dvar":40.2208251953,"dvar2":108.610671997,"max":94.723991394,"mean":13.0215759277,"median":10.3806819916,"min":-1.85292232037,"var":121.95640564},"barkbands_skewness":{"dmean":0.630391180515,"dmean2":1.03470683098,"dvar":0.369198948145,"dvar2":0.938636004925,"max":7.78326034546,"mean":2.2116754055,"median":2.08505678177,"min":-4.45044994354,"var":1.54681074619},"barkbands_spread":{"dmean":2.343490839,"dmean2":3.79256081581,"dvar":20.6897315979,"dvar2":43.1793823242,"max":115.719299316,"mean":7.62208795547,"median":4.73372411728,"min":0.897551298141,"var":97.5034942627},"dissonance":{"dmean":0.0300172399729,"dmean2":0.0499214828014,"dvar":0.000844816328026,"dvar2":0.00227956520393,"max":0.499919593334,"mean":0.405744045973,"median":0.411696135998,"min":0.14915728569,"var":0.00235767289996},"dynamic_complexity":4.78730916977,"erbbands":{"dmean":[0.0115793012083,0.37048715353,1.29188156128,6.79267978668,12.2766971588,11.2705316544,10.6247425079,14.7447957993,20.004076004,9.01417255402,7.50145769119,2.69089174271,3.4373717308,6.17722129822,6.02461242676,12.8257541656,5.34107446671,2.13756322861,1.0389226675,0.472150176764,0.554923057556,0.914640724659,0.836678206921,1.16743373871,2.59704017639,1.43870341778,0.784456849098,1.04722797871,1.11641013622,0.857792437077,0.440361231565,0.287926226854,0.277347922325,0.243036195636,0.0931038707495,0.0847777202725,0.0207177735865,0.00390168861486,0.000316789606586,0.0000250672583206],"dmean2":[0.0201061852276,0.671572983265,2.16068220139,11.4418830872,20.8666725159,19.6723270416,16.3436698914,24.5727081299,30.1325588226,13.6896257401,10.1473636627,3.53308129311,4.87861633301,8.72909069061,8.27280330658,17.1976413727,6.99704217911,3.19868254662,1.63018846512,0.717111706734,0.823341429234,1.35103940964,1.22871029377,1.68572628498,3.78510379791,2.02008318901,1.11436152458,1.55402803421,1.59878408909,1.19222688675,0.607928752899,0.431704998016,0.423255413771,0.368360638618,0.142928794026,0.141880467534,0.0331558324397,0.00625713076442,0.00051358633209,0.0000410213833675],"dvar":[0.000338583195116,0.281005889177,3.94212841988,145.89642334,395.059631348,342.325042725,480.52053833,623.589904785,2362.41796875,1244.41845703,415.619140625,151.720718384,127.895469666,387.252471924,578.999938965,2853.27148438,1715.86901855,73.2308731079,21.071805954,3.22461056709,3.08581161499,15.3961353302,21.2388553619,53.4524688721,313.279693604,50.9078521729,15.0398597717,58.1037750244,102.094871521,49.2116584778,8.24345588684,1.58293795586,2.31912636757,3.49111509323,0.622162699699,1.40335333347,0.0364782214165,0.00140730629209,0.00000630134991297,2.26969341099e-8],"dvar2":[0.000910162401851,0.851839601994,10.4757146835,406.073577881,1077.5970459,934.867736816,1215.25439453,1639.7434082,5983.74658203,2763.89086914,836.820922852,243.479568481,227.01675415,820.566955566,977.822265625,4473.47167969,2708.51977539,164.052261353,45.8006210327,7.52752447128,6.95745849609,34.6639099121,49.4693527222,111.819099426,638.929443359,87.0875167847,26.3549365997,130.47857666,169.903915405,103.554908752,14.6658143997,3.35637331009,4.86283063889,7.52326154709,1.40383315086,3.59072184563,0.092010512948,0.00335188442841,0.0000149784191308,5.64715989526e-8],"max":[0.351305514574,10.036687851,35.4394073486,204.582077026,322.846557617,353.188354492,518.650024414,525.31817627,1199.82080078,1045.14685059,458.113647461,455.301116943,463.17010498,557.153991699,710.899841309,1957.16931152,2924.32397461,309.01071167,216.945983887,51.0209236145,55.3756141663,181.364959717,171.31539917,350.92376709,680.960021973,280.390991211,203.352050781,316.82598877,764.178710938,420.903900146,162.378097534,36.3239173889,53.9925498962,86.2124328613,41.7028694153,63.9906387329,8.57239723206,1.4740844965,0.0789093598723,0.00453886063769],"mean":[0.0217595715076,0.514608681202,2.40261101723,11.3012704849,19.4071846008,19.5713043213,24.5298366547,31.9034938812,46.0347061157,17.0260639191,16.9150161743,6.07388162613,7.73475837708,14.6891479492,12.1757497787,27.9503765106,10.5691108704,4.00152873993,1.78788268566,0.876975655556,1.24613034725,1.54121184349,1.35726618767,1.86977267265,3.94282603264,2.43322205544,1.39326870441,1.66744971275,1.5961483717,1.17369949818,0.64061576128,0.40376958251,0.372281074524,0.294071257114,0.101626142859,0.079919397831,0.0209884531796,0.00404863758013,0.000367186963558,0.0000500899950566],"median":[0.0134587306529,0.323872923851,1.38334822655,4.71734905243,10.7934131622,11.258515358,13.298116684,18.9827079773,23.8218727112,4.41768980026,5.70642328262,1.33242487907,2.87723708153,4.74230957031,2.47247171402,5.19872713089,1.83951020241,1.31980800629,0.573827385902,0.273897826672,0.406581819057,0.333362996578,0.233089163899,0.237691193819,0.340790212154,0.258533209562,0.172312796116,0.162364736199,0.0882161408663,0.0628519430757,0.0480812117457,0.0370769649744,0.021871291101,0.0152359353378,0.00469272956252,0.00221253116615,0.000820148037747,0.000280091189779,0.0000840324210003,0.0000287187504],"min":[2.12400003559e-22,1.06556564384e-21,3.75889570765e-21,1.73609248574e-20,5.0446934438e-20,9.37850205306e-20,1.20571461673e-19,2.02130384396e-19,1.8417007025e-19,2.89740042827e-19,5.03205916467e-19,6.22058225409e-19,7.51972420682e-19,1.1592803936e-18,1.05767883294e-18,1.34235914121e-18,2.64932260362e-18,2.45867773835e-18,3.06491923647e-18,1.7875300659e-18,4.75493649547e-18,5.80638024775e-18,4.95147171388e-18,7.51694591393e-18,1.00395126013e-17,9.61922626792e-18,9.92810212609e-18,1.31555913042e-17,1.41639724474e-17,1.68690482651e-17,1.12880987225e-17,1.35409615167e-17,1.15752693614e-17,8.15765685536e-18,7.05753641917e-18,4.38240908916e-18,2.37200802851e-18,1.07931322487e-18,2.75372975412e-19,2.89254397335e-20],"var":[0.000682398327626,0.384964615107,9.21862792969,276.500976563,675.565429688,689.352294922,1188.30541992,1546.27185059,4769.30615234,2159.15112305,1200.56665039,552.457702637,379.273895264,1055.37841797,1658.3651123,12631.0927734,6415.55810547,118.167480469,30.2265968323,4.97645616531,6.7161693573,23.7241573334,30.2430362701,98.4807128906,679.395141602,138.699111938,41.1417274475,100.161476135,257.707092285,101.604827881,18.4365348816,2.70297455788,3.65157365799,4.76042413712,0.693738043308,1.15579009056,0.036050722003,0.00140805973206,0.00000619153252046,2.14307220858e-8]},"erbbands_crest":{"dmean":2.19079756737,"dmean2":3.55924367905,"dvar":4.61608362198,"dvar2":11.4980392456,"max":33.3123474121,"mean":10.9242229462,"median":10.0040693283,"min":2.25447535515,"var":18.8134784698},"erbbands_flatness_db":{"dmean":0.0195850860327,"dmean2":0.0293597672135,"dvar":0.000446324731456,"dvar2":0.000907062843908,"max":0.447355717421,"mean":0.203822955489,"median":0.206338584423,"min":0.0259892176837,"var":0.00279331463389},"erbbands_kurtosis":{"dmean":2.08375000954,"dmean2":3.34972119331,"dvar":8.03057575226,"dvar2":19.4835166931,"max":71.4295196533,"mean":4.66334009171,"median":3.25318574905,"min":-1.80581712723,"var":32.4940834045},"erbbands_skewness":{"dmean":0.402641832829,"dmean2":0.620994865894,"dvar":0.172668203712,"dvar2":0.386002928019,"max":5.66129112244,"mean":1.39515888691,"median":1.46701383591,"min":-7.1572432518,"var":1.21519911289},"erbbands_spread":{"dmean":5.90103960037,"dmean2":9.22054672241,"dvar":90.8820724487,"dvar2":211.519393921,"max":144.192611694,"mean":22.7596569061,"median":17.5515174866,"min":0.869232535362,"var":345.601318359},"gfcc":{"cov":[[13540.9003906,952.450500488,-1943.38110352,783.596679688,-856.984863281,110.604423523,-172.059951782,96.8869628906,-269.998443604,-129.27116394,-107.053939819,-268.252990723,-293.516235352],[952.450500488,1387.4954834,-211.905883789,-277.080474854,190.336608887,-171.472335815,110.592948914,-138.668258667,47.3697357178,-66.2935180664,65.9380493164,-58.2325935364,-6.22648382187],[-1943.38110352,-211.905883789,729.416381836,-186.691482544,94.549118042,49.7306251526,-68.9054489136,10.5161342621,35.7291984558,53.1048088074,-46.1883201599,64.512336731,50.7366981506],[783.596679688,-277.080474854,-186.691482544,466.855865479,-77.9490585327,-26.2037277222,-12.5495929718,22.9932117462,23.1992492676,-34.2269935608,-10.8231134415,-37.2721176147,-37.1750564575],[-856.984863281,190.336608887,94.549118042,-77.9490585327,250.400726318,-17.743057251,22.2850723267,-42.3202972412,23.1483440399,8.15979290009,4.66913795471,4.25646352768,22.6344585419],[110.604423523,-171.472335815,49.7306251526,-26.2037277222,-17.743057251,170.293655396,-7.12049388885,17.2084579468,-34.5813446045,14.4011249542,-10.3666448593,5.56798648834,1.98614633083],[-172.059951782,110.592948914,-68.9054489136,-12.5495929718,22.2850723267,-7.12049388885,145.158004761,4.09050512314,-17.3132801056,-10.3691530228,25.6381072998,1.72269439697,2.16205024719],[96.8869628906,-138.668258667,10.5161342621,22.9932117462,-42.3202972412,17.2084579468,4.09050512314,111.917121887,2.00114941597,-4.32539701462,-14.0137500763,-3.00687623024,-6.18255138397],[-269.998443604,47.3697357178,35.7291984558,23.1992492676,23.1483440399,-34.5813446045,-17.3132801056,2.00114941597,95.9042739868,3.85373950005,-7.41088342667,-5.31733608246,-6.39150381088],[-129.27116394,-66.2935180664,53.1048088074,-34.2269935608,8.15979290009,14.4011249542,-10.3691530228,-4.32539701462,3.85373950005,80.4760437012,5.84052705765,3.39248633385,8.42466831207],[-107.053939819,65.9380493164,-46.1883201599,-10.8231134415,4.66913795471,-10.3666448593,25.6381072998,-14.0137500763,-7.41088342667,5.84052705765,84.4404907227,16.7414455414,-5.4860830307],[-268.252990723,-58.2325935364,64.512336731,-37.2721176147,4.25646352768,5.56798648834,1.72269439697,-3.00687623024,-5.31733608246,3.39248633385,16.7414455414,77.7334518433,21.4862747192],[-293.516235352,-6.22648382187,50.7366981506,-37.1750564575,22.6344585419,1.98614633083,2.16205024719,-6.18255138397,-6.39150381088,8.42466831207,-5.4860830307,21.4862747192,75.2859573364]],"icov":[[0.000505474512465,-0.00118933862541,0.00089873734396,-0.00107997842133,0.00137970747892,-0.00108679325785,0.00142680783756,-0.000993565656245,0.00167365407106,-0.00128487974871,0.00158481264953,-0.000892265990842,0.000880670035258],[-0.00118933862541,0.00449727196246,-0.00160182523541,0.00388531410135,-0.00390381808393,0.00365752843209,-0.0040728119202,0.00375189539045,-0.00492890784517,0.00454462971538,-0.00447623617947,0.00364136253484,-0.00205706409179],[0.00089873734396,-0.00160182523541,0.00379698886536,-0.000935796648264,0.00162271561567,-0.00205621216446,0.00310516054742,-0.00178860011511,0.00192232127301,-0.00264445599169,0.00371940527111,-0.0026551396586,0.00116871111095],[-0.00107997842133,0.00388531410135,-0.000935796648264,0.0060347346589,-0.00293077994138,0.00331013952382,-0.00329912267625,0.00293198181316,-0.00518812472001,0.00459603592753,-0.00365856802091,0.00358123192564,-0.00139275437687],[0.00137970747892,-0.00390381808393,0.00162271561567,-0.00293077994138,0.00904717296362,-0.00314607028849,0.00300958496518,-0.00143707450479,0.00363665353507,-0.00390346068889,0.0043876087293,-0.00221220124513,0.00137060310226],[-0.00108679325785,0.00365752843209,-0.00205621216446,0.00331013952382,-0.00314607028849,0.00990141648799,-0.00330780888908,0.00212634797208,-0.00149961758871,0.00259608309716,-0.00313328509219,0.0027447999455,-0.00138959486503],[0.00142680783756,-0.0040728119202,0.00310516054742,-0.00329912267625,0.00300958496518,-0.00330780888908,0.0124192293733,-0.00458479952067,0.00639270525426,-0.00345260696486,0.0027288121637,-0.00321917864494,0.00200009043328],[-0.000993565656245,0.00375189539045,-0.00178860011511,0.00293198181316,-0.00143707450479,0.00212634797208,-0.00458479952067,0.0132866809145,-0.0049406979233,0.00421291403472,-0.00228255288675,0.00313291279599,-0.00126275536604],[0.00167365407106,-0.00492890784517,0.00192232127301,-0.00518812472001,0.00363665353507,-0.00149961758871,0.00639270525426,-0.0049406979233,0.018774125725,-0.00604855502024,0.00623396690935,-0.00341150560416,0.00431559467688],[-0.00128487974871,0.00454462971538,-0.00264445599169,0.00459603592753,-0.00390346068889,0.00259608309716,-0.00345260696486,0.00421291403472,-0.00604855502024,0.0184582788497,-0.00674485135823,0.00483171874657,-0.00348115456291],[0.00158481264953,-0.00447623617947,0.00371940527111,-0.00365856802091,0.0043876087293,-0.00313328509219,0.0027288121637,-0.00228255288675,0.00623396690935,-0.00674485135823,0.0199700091034,-0.00784398429096,0.00497094122693],[-0.000892265990842,0.00364136253484,-0.0026551396586,0.00358123192564,-0.00221220124513,0.0027447999455,-0.00321917864494,0.00313291279599,-0.00341150560416,0.00483171874657,-0.00784398429096,0.0193439461291,-0.00559996487573],[0.000880670035258,-0.00205706409179,0.00116871111095,-0.00139275437687,0.00137060310226,-0.00138959486503,0.00200009043328,-0.00126275536604,0.00431559467688,-0.00348115456291,0.00497094122693,-0.00559996487573,0.0172504987568]],"mean":[-91.9682006836,136.898025513,-64.1193313599,9.42564296722,-58.6000137329,-1.37688326836,-33.2251853943,-12.1813793182,-33.2210121155,-2.22048068047,-6.46541547775,0.49955701828,-10.868470192]},"hfc":{"dmean":2.90121078491,"dmean2":4.14804363251,"dvar":51.0024414063,"dvar2":97.0923614502,"max":291.283813477,"mean":9.24432945251,"median":5.63548898697,"min":1.09525476131e-16,"var":157.470626831},"melbands":{"dmean":[0.000234950464801,0.000616748817265,0.00122952659149,0.000899927865248,0.000351496331859,0.000353168346919,0.00028602060047,0.0000892936732271,0.0000557791645406,0.000015101797544,0.0000173988973984,0.000025962222935,0.0000187253099284,0.0000325383844029,0.000024303311875,0.00000791130059952,0.00000366815083908,0.00000180357756108,9.51951619754e-7,5.20509047419e-7,7.95709070189e-7,0.00000101742716652,9.65406115938e-7,7.38354231089e-7,9.49199147726e-7,0.00000184824693861,0.0000019420992885,7.94032018803e-7,4.75518191934e-7,5.85837028666e-7,6.54160658087e-7,6.98193616699e-7,5.27653583049e-7,4.90888226068e-7,2.82637898863e-7,1.92403987853e-7,1.74248327767e-7,1.63285577059e-7,2.90690081783e-7,1.84199180353e-7],"dmean2":[0.000421591248596,0.00106202671304,0.00206835009158,0.00159597489983,0.000550006167032,0.000578363134991,0.000430436630268,0.000135557260364,0.000075524309068,0.0000200897829927,0.0000250363373198,0.0000370026027667,0.0000264761638391,0.000044211257773,0.0000309026254399,0.0000113514379336,0.00000565180016565,0.00000286697377305,0.00000149540858274,7.92618095602e-7,0.00000119958633604,0.00000151223946432,0.00000148421895574,0.00000110245150609,0.00000138359746416,0.00000277385606751,0.00000282516680272,0.00000115443549475,6.98263477261e-7,8.46924706366e-7,0.00000100751026366,0.00000106851723558,7.69041491822e-7,6.82749885073e-7,3.9950728592e-7,2.86984317199e-7,2.66841738039e-7,2.50349472708e-7,4.52882943591e-7,2.85876296857e-7],"dvar":[1.24280703062e-7,7.23422374449e-7,0.00000435665106124,0.00000178537379725,4.28730402291e-7,3.45587892525e-7,4.7967307637e-7,1.14328202017e-7,2.51107099558e-8,5.67157920628e-9,3.26519478122e-9,6.88086787548e-9,6.71543753938e-9,1.95276594894e-8,2.62297810139e-8,2.5019633032e-9,2.74216455098e-10,8.18098991329e-11,1.34198867296e-11,3.58461762877e-12,6.57258449055e-12,1.48952794543e-11,3.88010248931e-11,2.85659759736e-11,3.60864185756e-11,1.90991888971e-10,1.41683567656e-10,1.61304927748e-11,6.0445927777e-12,9.65931674923e-12,3.19911354352e-11,4.16415790738e-11,2.44040933295e-11,1.57736931156e-11,4.38561686966e-12,8.2815134958e-13,6.9482749632e-13,7.00488712174e-13,5.55642381064e-12,1.86012988866e-12],"dvar2":[3.62469251058e-7,0.00000201074385586,0.0000118574480439,0.00000524455526829,0.00000107123082671,9.11230415568e-7,0.00000119571598134,2.52322934102e-7,5.03131261098e-8,8.31420265968e-9,5.9107163608e-9,1.47709400267e-8,1.19093890305e-8,3.26957945163e-8,3.40266588239e-8,4.33005542533e-9,6.60556165322e-10,1.73103129053e-10,3.16043823056e-11,8.46212076105e-12,1.55197295987e-11,3.27289410851e-11,9.86775869349e-11,6.60593801882e-11,7.75469688463e-11,4.12465755995e-10,2.77844386387e-10,3.25981013016e-11,1.16610670772e-11,1.8792066861e-11,7.96604102127e-11,7.39330124899e-11,5.24473832419e-11,3.33440358657e-11,8.05711400376e-12,1.68518291769e-12,1.54383092681e-12,1.61116714588e-12,1.24505909055e-11,3.9928073868e-12],"max":[0.00693098315969,0.0136065939441,0.0379089899361,0.0219220407307,0.0138176707551,0.0134657528251,0.0164810605347,0.00952326040715,0.00373743195087,0.00280422577634,0.00231074774638,0.00242289830931,0.00254363752902,0.00675189308822,0.0109793776646,0.00320319132879,0.000624730251729,0.000478024390759,0.0000776831220719,0.0000514639796165,0.0000850128344609,0.000155816960614,0.000256751372945,0.00037273374619,0.000279453088297,0.000545661547221,0.000529764627572,0.000166340440046,0.000118284682685,0.000121815151942,0.000236111387494,0.000442697695689,0.000348430563463,0.000218896020669,0.000114434871648,0.0000360353442375,0.0000241519628617,0.0000302342177747,0.000107238978671,0.0000609839044046],"mean":[0.000355661642971,0.00107232155278,0.00215861108154,0.00145272177178,0.000824564194772,0.00081271736417,0.000647267908789,0.000163154647453,0.000125369857415,0.0000319226382999,0.0000385517378163,0.0000609585185884,0.000034101667552,0.0000689920416335,0.0000471145976917,0.0000151525255205,0.00000624656286163,0.00000283056465378,0.0000015549744603,0.00000101642660866,0.00000166482641362,0.00000171440831309,0.00000139097608098,0.00000112963471111,0.00000143522788676,0.00000254670590039,0.00000311604617309,0.00000124029782,7.73489830408e-7,0.00000101885927961,9.17030661185e-7,9.56374378802e-7,7.125764796e-7,6.56413703837e-7,3.99223523573e-7,2.68864397412e-7,2.25588337344e-7,2.06350875942e-7,3.60951361245e-7,2.09857489608e-7],"median":[0.000215508654946,0.000661042635329,0.00103877438232,0.000836901715957,0.000474194355775,0.000490976322908,0.000328729103785,0.0000392885267502,0.0000401541910833,0.00000531984278496,0.0000144096065924,0.0000193547821254,0.00000587121212448,0.0000128911005959,0.00000755327073421,0.00000337787696481,0.00000203291438083,8.65358856572e-7,4.30425757258e-7,3.36746836638e-7,5.00656256008e-7,3.65122843959e-7,2.17636454636e-7,1.67663472439e-7,1.72339383653e-7,1.80783700898e-7,2.67665541287e-7,1.1278357448e-7,8.23469861189e-8,1.09013491567e-7,7.09436278612e-8,4.4499934404e-8,3.63297338879e-8,3.11167660527e-8,2.53947582962e-8,2.22429186181e-8,1.88497040199e-8,1.19827010536e-8,1.61991415837e-8,9.7121084508e-9],"min":[2.15941798119e-24,1.90862470271e-24,2.70080651513e-24,4.40577632275e-24,3.89805045579e-24,4.41225129306e-24,3.59634902486e-24,2.60593041127e-24,4.23046697492e-24,3.66697810829e-24,3.3449071055e-24,4.69138735779e-24,3.33988482255e-24,2.97935665342e-24,4.38497169409e-24,5.60085720681e-24,4.11329154821e-24,4.39724636978e-24,1.72644950399e-24,3.50807430628e-24,5.72370020469e-24,4.4145003355e-24,6.30953592304e-24,4.54671381764e-24,5.72840339341e-24,7.99350388678e-24,4.81093488924e-24,6.58603719234e-24,6.58496315822e-24,6.06001133011e-24,5.69848544914e-24,6.23717134562e-24,8.18174266484e-24,8.86314967072e-24,5.85156154122e-24,6.26149587163e-24,7.57445860734e-24,7.1997126009e-24,7.34910076824e-24,6.11501386786e-24],"var":[1.92190810822e-7,0.00000159574187819,0.00000869486120791,0.0000032435743833,0.00000113662827061,9.45359829529e-7,9.8085092759e-7,2.01697730517e-7,7.23781781176e-8,2.08040003002e-8,9.30571619762e-9,1.88396622747e-8,1.77392713852e-8,7.96999373165e-8,8.8241669971e-8,9.59776080833e-9,3.45316997219e-10,1.09237147106e-10,2.05091308519e-11,5.50583580464e-12,1.36275131804e-11,2.54143754652e-11,3.99213162527e-11,4.06337220815e-11,6.15591119746e-11,3.52268103576e-10,3.31127375519e-10,3.48363837777e-11,1.45658710787e-11,2.27784058976e-11,4.28800120411e-11,9.90333301476e-11,4.77049059977e-11,3.17119386306e-11,9.14344641667e-12,1.52721466116e-12,9.70606299326e-13,9.63196211158e-13,7.32826039435e-12,2.45971689197e-12]},"melbands_crest":{"dmean":3.06354355812,"dmean2":5.27749490738,"dvar":7.03104543686,"dvar2":20.4620685577,"max":31.953207016,"mean":13.1031332016,"median":12.2711677551,"min":1.72315073013,"var":16.7571239471},"melbands_flatness_db":{"dmean":0.0263366959989,"dmean2":0.0407542027533,"dvar":0.000739160634112,"dvar2":0.00157838617451,"max":0.52719026804,"mean":0.327926665545,"median":0.330926120281,"min":0.00389923434705,"var":0.00471592601389},"melbands_kurtosis":{"dmean":7.62806797028,"dmean2":12.4925613403,"dvar":132.440887451,"dvar2":340.363952637,"max":167.373214722,"mean":16.9202785492,"median":11.2987184525,"min":-1.90509104729,"var":309.457946777},"melbands_skewness":{"dmean":0.673721253872,"dmean2":1.09115231037,"dvar":0.546557247639,"dvar2":1.32603359222,"max":9.99706935883,"mean":2.40680360794,"median":2.17080402374,"min":-2.82819533348,"var":1.99945378304},"melbands_spread":{"dmean":2.14568305016,"dmean2":3.38810038567,"dvar":25.3172454834,"dvar2":46.3003234863,"max":148.988143921,"mean":7.5887389183,"median":5.21715545654,"min":0.979171037674,"var":113.812812805},"mfcc":{"cov":[[10432.4550781,-204.879684448,-617.985717773,292.224456787,-485.142822266,-103.668411255,-16.408908844,52.5750160217,-170.9349823,57.5203056335,51.417552948,38.5705490112,10.1461029053],[-204.879684448,1807.9888916,-98.6284408569,-111.771934509,9.57171916962,16.1703968048,23.6145133972,-58.1730155945,-30.9204826355,-57.1611747742,-44.6822509766,48.4839096069,64.3695297241],[-617.985717773,-98.6284408569,436.579620361,-75.6951293945,59.8505706787,4.91251516342,-25.6304092407,-7.43299388885,36.8168258667,-25.1863822937,4.5148563385,-0.678565740585,-26.1430282593],[292.224456787,-111.771934509,-75.6951293945,300.16519165,-6.54855585098,1.94419896603,-37.8461227417,27.041103363,-31.9706306458,27.321554184,13.9602499008,-35.35414505,7.87607097626],[-485.142822266,9.57171916962,59.8505706787,-6.54855585098,192.353881836,33.719203949,-32.5222167969,-21.5202293396,22.1119232178,-3.39978027344,3.43082976341,-9.61229991913,-14.4236135483],[-103.668411255,16.1703968048,4.91251516342,1.94419896603,33.719203949,127.037750244,14.8245449066,-20.8318309784,1.20044887066,-4.42132377625,1.46305048466,-3.58641815186,-3.3896381855],[-16.408908844,23.6145133972,-25.6304092407,-37.8461227417,-32.5222167969,14.8245449066,141.895004272,11.4768209457,-0.0820564329624,-2.20765733719,-16.2209796906,23.1291980743,-3.58889341354],[52.5750160217,-58.1730155945,-7.43299388885,27.041103363,-21.5202293396,-20.8318309784,11.4768209457,111.870292664,-6.18693685532,-0.291086405516,13.8532123566,-7.38662624359,3.74702715874],[-170.9349823,-30.9204826355,36.8168258667,-31.9706306458,22.1119232178,1.20044887066,-0.0820564329624,-6.18693685532,104.347816467,3.84980368614,-21.2608108521,12.3460226059,-19.257270813],[57.5203056335,-57.1611747742,-25.1863822937,27.321554184,-3.39978027344,-4.42132377625,-2.20765733719,-0.291086405516,3.84980368614,106.386566162,6.51062011719,-11.9669361115,-7.06913137436],[51.417552948,-44.6822509766,4.5148563385,13.9602499008,3.43082976341,1.46305048466,-16.2209796906,13.8532123566,-21.2608108521,6.51062011719,90.0264434814,-3.52080416679,-7.96304130554],[38.5705490112,48.4839096069,-0.678565740585,-35.35414505,-9.61229991913,-3.58641815186,23.1291980743,-7.38662624359,12.3460226059,-11.9669361115,-3.52080416679,93.2664108276,5.60041999817],[10.1461029053,64.3695297241,-26.1430282593,7.87607097626,-14.4236135483,-3.3896381855,-3.58889341354,3.74702715874,-19.257270813,-7.06913137436,-7.96304130554,5.60041999817,79.1003570557]],"icov":[[0.000120288699691,0.0000144241103044,0.000128232204588,-0.0000649153444101,0.000266835122602,0.0000130767166411,0.0000911971947062,0.0000185810567928,0.000106603518361,-0.00000554010284759,-0.0000236935902649,-0.0000960221514106,0.000104023136373],[0.0000144241103044,0.000622783729341,0.000183598065632,0.000220658766921,-0.0000753186031943,-0.0000321913248627,0.00000983180871117,0.000239658504142,0.000231771555264,0.000240323293838,0.000221314345254,-0.000205792181077,-0.000381211197237],[0.000128232204588,0.000183598065632,0.0028086733073,0.00061840628041,-0.000343268242432,0.0000183333231689,0.000583642278798,-0.0000689344960847,-0.000417025206843,0.000604492786806,-0.000178780333954,0.0000113466148832,0.000602483109105],[-0.0000649153444101,0.000220658766921,0.00061840628041,0.00412158435211,-0.000159822506248,-0.000420926633524,0.00109658611473,-0.000929638918024,0.000885304471012,-0.000712387671228,0.000105636405351,0.000910119037144,-0.000232569262153],[0.000266835122602,-0.0000753186031943,-0.000343268242432,-0.000159822506248,0.00677186250687,-0.00157893495634,0.00155128689948,0.000680006167386,-0.000817861640826,0.0000939221499721,-0.000317130703479,0.000226615768042,0.000896170327906],[0.0000130767166411,-0.0000321913248627,0.0000183333231689,-0.000420926633524,-0.00157893495634,0.00883080624044,-0.00169475353323,0.00171683449298,-0.0000236787836911,0.000480204325868,-0.000633545336314,0.000629824004136,-0.0000664423496346],[0.0000911971947062,0.00000983180871117,0.000583642278798,0.00109658611473,0.00155128689948,-0.00169475353323,0.00864758621901,-0.0015120228054,0.00070264126407,-0.000302224274492,0.00173052609898,-0.00193057151046,0.0011931854533],[0.0000185810567928,0.000239658504142,-0.0000689344960847,-0.000929638918024,0.000680006167386,0.00171683449298,-0.0015120228054,0.0101717803627,-0.000360272533726,0.00060822465457,-0.00179532018956,0.000935143441893,-0.000760805269238],[0.000106603518361,0.000231771555264,-0.000417025206843,0.000885304471012,-0.000817861640826,-0.0000236787836911,0.00070264126407,-0.000360272533726,0.0117960320786,-0.00092087558005,0.00317136268131,-0.00184263591655,0.00270974799059],[-0.00000554010284759,0.000240323293838,0.000604492786806,-0.000712387671228,0.0000939221499721,0.000480204325868,-0.000302224274492,0.00060822465457,-0.00092087558005,0.0101241422817,-0.000810495926999,0.00111782341264,0.000590902287513],[-0.0000236935902649,0.000221314345254,-0.000178780333954,0.000105636405351,-0.000317130703479,-0.000633545336314,0.00173052609898,-0.00179532018956,0.00317136268131,-0.000810495926999,0.0127747058868,-0.000849203439429,0.00187772174831],[-0.0000960221514106,-0.000205792181077,0.0000113466148832,0.000910119037144,0.000226615768042,0.000629824004136,-0.00193057151046,0.000935143441893,-0.00184263591655,0.00111782341264,-0.000849203439429,0.0122458012775,-0.00127187324688],[0.000104023136373,-0.000381211197237,0.000602483109105,-0.000232569262153,0.000896170327906,-0.0000664423496346,0.0011931854533,-0.000760805269238,0.00270974799059,0.000590902287513,0.00187772174831,-0.00127187324688,0.0144036533311]],"mean":[-753.617492676,179.69052124,38.5317840576,20.8540077209,-2.04800915718,5.73183202744,4.78270769119,-7.89922332764,-14.5189094543,-12.762629509,-7.12348127365,1.15286135674,1.99464344978]},"pitch_salience":{"dmean":0.0627346038818,"dmean2":0.105219200253,"dvar":0.00286118290387,"dvar2":0.00792136602104,"max":0.934107482433,"mean":0.60639578104,"median":0.614823102951,"min":0.1333694309,"var":0.00922465417534},"silence_rate_20dB":{"dmean":0,"dmean2":0,"dvar":0,"dvar2":0,"max":1,"mean":1,"median":1,"min":1,"var":0},"silence_rate_30dB":{"dmean":0.00428143283352,"dmean2":0.00856408756226,"dvar":0.0042635188438,"dvar2":0.0110608907416,"max":1,"mean":0.996718049049,"median":1,"min":0,"var":0.00327158463188},"silence_rate_60dB":{"dmean":0.00941915251315,"dmean2":0.0188409928232,"dvar":0.00933007802814,"dvar2":0.0213429946452,"max":1,"mean":0.0946061611176,"median":0,"min":0,"var":0.0856558829546},"spectral_centroid":{"dmean":89.2064361572,"dmean2":139.840682983,"dvar":44823.2421875,"dvar2":89654.0078125,"max":11561.2324219,"mean":493.563751221,"median":380.295288086,"min":177.069854736,"var":342175.8125},"spectral_complexity":{"dmean":1.44255745411,"dmean2":2.28746795654,"dvar":2.94366359711,"dvar2":5.78584337234,"max":39,"mean":9.22245979309,"median":9,"min":0,"var":20.7591323853},"spectral_contrast_coeffs":{"dmean":[0.0531854405999,0.0383003018796,0.0280560459942,0.0239215735346,0.0210682693869,0.018766110763],"dmean2":[0.0938610509038,0.0626019090414,0.0446743182838,0.0385887883604,0.0327049456537,0.028168881312],"dvar":[0.00185208546463,0.00110859866254,0.000615446304437,0.000483725627419,0.000436083297245,0.000356973003363],"dvar2":[0.00562422862276,0.00294519192539,0.00140179507434,0.00111713714432,0.000911046750844,0.000767102814279],"max":[-0.328747928143,-0.431775480509,-0.431106835604,-0.433166712523,-0.585381805897,-0.554862618446],"mean":[-0.596787214279,-0.653825819492,-0.764674067497,-0.776684820652,-0.790282070637,-0.790849924088],"median":[-0.596773147583,-0.651361703873,-0.771007657051,-0.7792096138,-0.795101642609,-0.791834294796],"min":[-0.97251957655,-0.99202555418,-0.974115669727,-0.96603935957,-0.965614795685,-0.964124441147],"var":[0.00624411506578,0.00503975572065,0.00480768410489,0.00317820813507,0.00339647987857,0.00298462179489]},"spectral_contrast_valleys":{"dmean":[0.393101900816,0.279310017824,0.260429024696,0.260741919279,0.295706689358,0.339087307453],"dmean2":[0.691502928734,0.446484267712,0.410277098417,0.399323135614,0.413062870502,0.482540011406],"dvar":[0.119382448494,0.0876036286354,0.0775385126472,0.0922009423375,0.130399614573,0.203719258308],"dvar2":[0.314537853003,0.181157305837,0.151526525617,0.172399193048,0.216634362936,0.389190495014],"max":[-5.3368806839,-4.78469896317,-5.1099486351,-6.36030101776,-5.84820413589,-7.80854272842],"mean":[-7.2730050087,-7.20212745667,-8.16278362274,-9.3879070282,-9.61505222321,-11.6744012833],"median":[-7.01065254211,-6.97737598419,-7.93486690521,-9.2118768692,-9.53300476074,-11.8182811737],"min":[-28.2298107147,-27.8675174713,-27.6227493286,-27.6117630005,-27.4118518829,-27.3919563293],"var":[1.95301747322,2.30735754967,2.15899348259,1.98213231564,2.1769618988,1.53214168549]},"spectral_decrease":{"dmean":1.97225946685e-9,"dmean2":3.1887485985e-9,"dvar":7.67688459409e-18,"dvar2":1.90190776199e-17,"max":8.69038813253e-29,"mean":-6.34976693448e-9,"median":-4.4944004074e-9,"min":-4.08759426307e-8,"var":3.37392082609e-17},"spectral_energy":{"dmean":0.00766124529764,"dmean2":0.0123424613848,"dvar":0.00011593788804,"dvar2":0.000285189657006,"max":0.161443635821,"mean":0.0248039588332,"median":0.0176045298576,"min":1.02477467385e-20,"var":0.000514638901222},"spectral_energyband_high":{"dmean":0.000116930641525,"dmean2":0.000161574804224,"dvar":4.36791424363e-7,"dvar2":8.07602646091e-7,"max":0.0303972866386,"mean":0.000182807532838,"median":0.0000200276317628,"min":7.22311963119e-21,"var":9.60590114119e-7},"spectral_energyband_low":{"dmean":0.00349762709811,"dmean2":0.00595287373289,"dvar":0.0000261135246546,"dvar2":0.0000722666736692,"max":0.0686704069376,"mean":0.00693986192346,"median":0.00411924440414,"min":1.74125330718e-23,"var":0.0000626114924671},"spectral_energyband_middle_high":{"dmean":0.000606907356996,"dmean2":0.000784646137618,"dvar":0.00000328524197357,"dvar2":0.00000495435097037,"max":0.0764944553375,"mean":0.00165961158928,"median":0.000563381472602,"min":1.11194814071e-21,"var":0.0000138619179779},"spectral_energyband_middle_low":{"dmean":0.00659296754748,"dmean2":0.010783364065,"dvar":0.0000922438921407,"dvar2":0.000234749444644,"max":0.147244885564,"mean":0.0188047420233,"median":0.012499849312,"min":1.93913054556e-22,"var":0.000343244435498},"spectral_entropy":{"dmean":0.228563651443,"dmean2":0.351617306471,"dvar":0.067674934864,"dvar2":0.143279224634,"max":9.821808815,"mean":6.40462875366,"median":6.33010864258,"min":5.00007629395,"var":0.395459771156},"spectral_flux":{"dmean":0.0179328713566,"dmean2":0.0278236940503,"dvar":0.000421074044425,"dvar2":0.000999996205792,"max":0.28208437562,"mean":0.0649562999606,"median":0.0576800331473,"min":6.55917264947e-11,"var":0.00193504057825},"spectral_kurtosis":{"dmean":5.3392457962,"dmean2":8.41826629639,"dvar":41.2141952515,"dvar2":89.3380126953,"max":96.0026931763,"mean":16.9176883698,"median":12.9513587952,"min":-1.23338878155,"var":185.69833374},"spectral_rms":{"dmean":0.000684670638293,"dmean2":0.00109814619645,"dvar":5.77485593567e-7,"dvar2":0.00000137808422096,"max":0.0125501388684,"mean":0.0043864720501,"median":0.00414429139346,"min":3.16192991928e-12,"var":0.00000495791755384},"spectral_rolloff":{"dmean":131.345993042,"dmean2":226.134384155,"dvar":300511.46875,"dvar2":712225.5,"max":19939.7460938,"mean":591.278381348,"median":409.130859375,"min":150.732421875,"var":1505803.25},"spectral_skewness":{"dmean":0.475284487009,"dmean2":0.725269913673,"dvar":0.270477682352,"dvar2":0.547125458717,"max":8.17195510864,"mean":3.1589910984,"median":2.99148035049,"min":-0.0799212828279,"var":1.63126420975},"spectral_spread":{"dmean":680749.875,"dmean2":1045507.125,"dvar":1051114995710,"dvar2":2277130108930,"max":42161476,"mean":3754036.5,"median":3075652,"min":1013428.75,"var":7057865441280},"spectral_strongpeak":{"dmean":0.357245326042,"dmean2":0.598809301853,"dvar":0.290855705738,"dvar2":0.680960118771,"max":13.5470933914,"mean":0.784157693386,"median":0.55190551281,"min":0,"var":0.880235910416},"zerocrossingrate":{"dmean":0.00527701945975,"dmean2":0.0066330563277,"dvar":0.0000792269347585,"dvar2":0.000118309391837,"max":0.52294921875,"mean":0.0300588384271,"median":0.02099609375,"min":0.0068359375,"var":0.00132890837267}},"metadata":{"audio_properties":{"analysis_sample_rate":44100,"bit_rate":320051,"codec":"mp3","downmix":"mix","equal_loudness":0,"length":162.690612793,"lossless":false,"md5_encoded":"df6c67bc3cf7459153a2d3ce216aa386","replay_gain":-8.9619140625,"sample_rate":44100},"tags":{"acoustid_fingerprint":["AQADtJwSPUocHOEOkdQWhD-ObxRuoxeaHzn0GI9Q4hea4x70JIxwC5eOhjdC_jgP_Pjx7cPV4R36D-EPoZWP1DquxYOPthd65mjwImeKLxCPXPhy9ERTHpeOw6dw5BSO5sd9aD_w41OgPUe_4QmO_EKrGt5jIfyJX4NuPA_6MfBvPKzxjoJOPEfeyInxOHhR5sYf4hSeTEaYSh9qOyGeQZeEhssRSn4SdA_iK8zQE8e3Q8-WB2ei1Dj6I0woPNlDlDqDMD9eJvKgPnjRXKgeNDuFZMwu4XkO5DwcihmeG4d-DX3gqoaYJhVRQ85znA8uw_XxUcapFOahF2cqEvm2GP3Q5CNOHE-RLxDTBteGdMG3j2jco1Zm4Rl-pPnS4B0PPVKQ7_CW43FQ_kITGzf-I_2h58YzhBSTo-FO5Bea89D0xMWjHKGI5vil4FHxCPtwCU-SFrl-SK9S-LwQ8MejKEZFLbDCYMuP_BPEywifYydGMaqEWw_SQ2efIax0_ArRl_hizFoUIRkzIsxTEvcT_Ljk4CF6tcPm5age5DnkLGiWJxTqF-FvhBGa6Qi7HBeFHw6JPOh-aPmN_CN-9C2eLEK_Hd_Rw2kQ6hX0b0XO4-KPJjr65UKtjGiOC7kKTY2UIlWj4MJ13IOfSfjhH214_ESo_XgU4dMNLSdu9EfK5bhj_Lhm-MhNuBKPo9-HfvgdiDicFT8C_8KNL0d6OA8-w3qCuhnxSKkSNJfR48VjCj0dQuSHl0eP0zF-HV_xNFEMlfdwXYIuBqHFEE2V8PhmPMEZHc6PJ8qIt0HIV0iMnsSL98HnNEJz5qiVHCdyHc2PH82G37h7_EFP-MSP3IS9HKVZfDrxLkftIn3gqIuho5HGCr9SI2d6nA9yHr-CeodzoqWEfEQzXgk-OGaOb_B1JN-Qjyjp4aNaPJKOm1bhdcFP5OivDeKWJR305HAuGeEi4VlQHb6XoMepXHiW6HiW46Thx3iC3IeeZ8jR5KgSK_hoNFOO-sgHHa7wJJG0Q33Uo0sQRvnhmA_uFH2uIFKeG_qDWFtyTEtCZSaa57gf_EEv5bCSKEesnRCLHE1e48kV5NN4JG4y4xea3Gh_XAzgp8QlHbEzyDny7GieB7011IefHXaE8vhu9PIQxnZw47heNOqLyuFxNjhsGRf0hSm-4Ecf_IgpxsIP9yO-o_hi4SmeGM1phD90hP_h40ftoziTiYO5Fz3xHPkk43uh5eiRP_iF20EvIow0qJ2OI7_wZRzCQ8sRWyvx3Qmqk0JDJcaP9jjxIz8UrhuR47jh7h6uY-cN5xnCScUlN2jyoD8evIFuBblCH9ea5mi0b6hEXnjwGWF4aM-RSw-ewz_OHJfMIY90iNGPX8dpaDl6IX5C4TnqfWh44BeSC6GsqeiPhzo-4gyHhuPR50KeBxrnI1-KilqKvImy4zceaWmgJUco9riEF09y4a_QPBPCQz8RmhG-4xcqZyZCkkGnHLryDbmN5jLCCz--If-DJ2MlvNzRnKhxXN-QM0mF74WeSErRQ8vxQz