{"lowlevel":{"average_loudness":0.862042188644,"barkbands":{"dmean":[0.00288919662125,0.00718609662727,0.00359303783625,0.000734649249353,0.00139696488623,0.00264195445925,0.00122904847376,0.000599793856964,0.000975245668087,0.000844276335556,0.000605123699643,0.000576232268941,0.000443605211331,0.000361940357834,0.000291328295134,0.000240098743234,0.000204785697861,0.000182325107744,0.000131561377202,0.000073743496614,0.0000420211108576,0.0000127971597976,0.00000514395060236,0.00000274228796115,0.00000203923355002,0.00000401459737986,0.000264583795797],"dmean2":[0.00500325718895,0.0122816395015,0.00613455753773,0.00125304108951,0.00235158787109,0.00435074372217,0.00202710949816,0.00101944396738,0.00162027217448,0.00141838390846,0.00101314694621,0.000966029881965,0.000752746069338,0.000604948843829,0.000484739197418,0.000401175318984,0.000337565550581,0.000289819319732,0.000204450145247,0.000112496840302,0.0000636012046016,0.0000197465360543,0.00000794909283286,0.00000441701604359,0.00000337167489306,0.0000062244421315,0.000435335998191],"dvar":[0.0000394188064092,0.000147252198076,0.0000560535663681,0.00000184234784228,0.00000545088641957,0.0000317795238516,0.00000476641935165,0.00000104914670374,0.00000190184971416,0.00000173406033355,8.88782267339e-7,5.77834384785e-7,4.14035184804e-7,2.24742890964e-7,1.42810264947e-7,9.49817859919e-8,1.25099930415e-7,2.64108393822e-7,2.32093654517e-7,6.70033983852e-8,1.99038261428e-8,1.34459543499e-9,2.02285604933e-10,4.02257428755e-11,1.16242397652e-11,6.06050418184e-11,8.91216700438e-8],"dvar2":[0.000102905687527,0.00040372661897,0.000148141101818,0.00000472972351417,0.0000144158766489,0.0000796028398327,0.0000127172033899,0.00000300794613395,0.00000525020641362,0.00000474997204947,0.00000237312656282,0.00000156230703396,0.00000110700489131,5.90704075876e-7,3.7516255702e-7,2.51501802495e-7,3.30758211931e-7,5.88171985783e-7,4.93328741413e-7,1.46829052028e-7,3.95933668074e-8,3.10830006178e-9,4.08063499657e-10,9.75047542706e-11,2.89713964624e-11,1.31091193456e-10,2.35085167333e-7],"max":[0.0705322772264,0.134531140327,0.0674690455198,0.036960747093,0.040703214705,0.0985456183553,0.0418982021511,0.025663645938,0.0293971393257,0.0308347065002,0.0185528509319,0.0127542102709,0.0141603332013,0.00931882672012,0.00654591154307,0.00483651272953,0.0079112732783,0.0143331643194,0.0111470194533,0.00945513043553,0.00485538365319,0.00121797807515,0.00067747180583,0.000320079765515,0.0000542718844372,0.000277139042737,0.00693137058988],"mean":[0.00281854742207,0.00929790083319,0.00331143010408,0.000842552748509,0.00194239988923,0.00387610378675,0.0019120008219,0.000918898324016,0.0017167495098,0.00138490274549,0.00100596738048,0.00107761356048,0.00080882065231,0.000711949367542,0.000600683444645,0.000504157040268,0.000418988463935,0.000362824037438,0.00025509041734,0.000157495509484,0.0000874689721968,0.0000260912056547,0.00000903315140022,0.00000379289531338,0.00000216405214815,0.00000735323919798,0.001146654482],"median":[0.00114584143739,0.00576409045607,0.000991044566035,0.000377736112569,0.00103836832568,0.00152090750635,0.00102187739685,0.000560119049624,0.00119417579845,0.000893752323464,0.00062535906909,0.000798202003352,0.000573918863665,0.000566348666325,0.000487350102048,0.000406027480494,0.000289220770355,0.000226447082241,0.000115760689368,0.0000801152200438,0.0000469937331218,0.000015439123672,0.00000461683566755,0.00000179444214155,9.01758255623e-7,0.00000427918621426,0.00120641035028],"min":[9.63960416048e-24,1.96718180826e-23,2.38131421975e-23,2.55641830597e-23,2.45901559897e-23,3.64192215045e-23,1.43613200646e-22,2.97022507568e-23,9.04808690812e-23,5.5270996588e-23,8.13622239294e-23,3.80830395941e-23,7.17685709166e-23,1.56891635569e-22,3.39390301967e-22,3.34418181101e-22,2.38667506603e-22,2.74299407059e-22,2.19961304755e-22,3.38336434285e-22,4.1455534191e-22,5.72619363624e-22,6.92586048428e-22,1.07539113992e-21,1.69789847109e-21,1.45872361964e-21,2.37255331986e-21],"var":[0.000031969644624,0.000141177428304,0.0000466378623969,0.0000023698073619,0.00000760612738304,0.0000508700104547,0.00000805507443147,0.00000151115898461,0.00000356299847226,0.00000283280019175,0.00000158835064212,0.00000118238097002,7.71949942191e-7,4.54179883036e-7,3.07105352704e-7,2.19414488356e-7,2.70326751206e-7,5.67718927869e-7,5.69024393826e-7,1.66251382439e-7,5.13037790029e-8,2.6066337977e-9,4.43456299459e-10,5.28255911236e-11,1.2865407524e-11,1.37089575802e-10,6.70682084092e-7]},"barkbands_crest":{"dmean":2.9072842598,"dmean2":4.84926795959,"dvar":6.44544363022,"dvar2":16.9353618622,"max":24.1305599213,"mean":9.24176025391,"median":8.35565376282,"min":2.42941641808,"var":17.1216068268},"barkbands_flatness_db":{"dmean":0.022452397272,"dmean2":0.0365567877889,"dvar":0.000426466926001,"dvar2":0.00107234634925,"max":0.326631039381,"mean":0.126032948494,"median":0.117800340056,"min":0.0299411732703,"var":0.00158673920669},"barkbands_kurtosis":{"dmean":3.26564788818,"dmean2":5.3452167511,"dvar":37.9171409607,"dvar2":94.0350036621,"max":136.886398315,"mean":5.49813604355,"median":3.08932924271,"min":-1.90647876263,"var":78.2183303833},"barkbands_skewness":{"dmean":0.545399725437,"dmean2":0.878508985043,"dvar":0.341934353113,"dvar2":0.842684805393,"max":10.0286483765,"mean":1.88281202316,"median":1.6531869173,"min":-1.74099862576,"var":1.1368997097},"barkbands_spread":{"dmean":7.39509916306,"dmean2":11.7690382004,"dvar":45.8981285095,"dvar2":108.415962219,"max":135.291427612,"mean":32.1842384338,"median":31.0296764374,"min":1.69359695911,"var":212.721099854},"dissonance":{"dmean":0.0146227125078,"dmean2":0.025037907064,"dvar":0.000174457134563,"dvar2":0.000495825835969,"max":0.500000119209,"mean":0.476892203093,"median":0.480617105961,"min":0.297071963549,"var":0.000288856419502},"dynamic_complexity":3.41198348999,"erbbands":{"dmean":[0.349695891142,1.22561109066,3.83489322662,3.02712082863,2.69977903366,5.68465185165,13.1519756317,23.8265476227,18.8772010803,13.6337280273,15.9433631897,21.4786014557,22.8203258514,27.5042209625,20.7014808655,23.5268745422,19.1402587891,18.5976638794,14.3242444992,13.4908342361,10.8758020401,11.5250291824,9.4460401535,8.23083209991,5.57374668121,3.29378724098,2.23644757271,1.26774215698,0.512763142586,0.245221301913,0.133775487542,0.0730148553848,0.0382612533867,0.0227482300252,0.0146447280422,0.0095019871369,0.00819006189704,0.00812490191311,0.00861351657659,0.00631742179394],"dmean2":[0.596208035946,2.10344314575,6.55026674271,5.17432689667,4.50876808167,9.64769744873,21.8583030701,39.2470436096,31.4593486786,22.4621505737,26.8180618286,35.7921943665,38.2812423706,46.6747932434,34.2006797791,39.3746643066,32.3839836121,30.6816902161,23.9674701691,22.5290050507,18.1167430878,18.9666194916,15.1076612473,12.7723817825,8.64568710327,4.99457263947,3.4085149765,1.93324244022,0.791984260082,0.379177361727,0.205647572875,0.115952566266,0.0623816363513,0.0376453883946,0.0241646468639,0.0154209788889,0.012607710436,0.0121689550579,0.0125617273152,0.0101599982008],"dvar":[0.460767090321,3.18382811546,56.8629875183,33.571231842,32.8203315735,97.5827331543,1198.16577148,2646.99145508,1431.47875977,481.306121826,668.586181641,1073.67724609,1270.15429688,2060.73632812,1018.80212402,988.684020996,796.99597168,606.208679199,346.668548584,286.640411377,208.768066406,408.500427246,573.880859375,889.37689209,428.764373779,128.485534668,44.1712112427,24.6102619171,2.41203093529,0.44482332468,0.137164860964,0.0451615229249,0.00485372776166,0.00147596769966,0.000584454508498,0.0002267837408,0.000371020520106,0.000294966594083,0.000311716226861,0.0000488437326567],"dvar2":[1.2646677494,8.8499212265,150.479705811,88.3088912964,85.5282058716,260.535461426,2943.96704102,6729.13574219,3822.2109375,1275.33496094,1898.86962891,2984.02124023,3483.09887695,5616.015625,2588.86279297,2660.71655273,2138.77050781,1570.53796387,892.981506348,766.267089844,552.377929688,1061.02001953,1241.46008301,1922.52929688,933.771240234,265.937438965,90.297454834,52.1609954834,5.64511013031,0.979382812977,0.265497177839,0.109326653183,0.0117093864828,0.00368527532555,0.00145487941336,0.000555109989364,0.000840747496113,0.000635227421299,0.000586400099564,0.000122406432638],"max":[7.28425359726,18.6261367798,65.6436233521,83.0191879272,127.772956848,218.047134399,765.68951416,1173.12573242,735.249755859,623.825378418,756.646728516,752.212402344,599.110168457,1077.7532959,754.825378418,560.579040527,611.963928223,395.298736572,396.054199219,326.570007324,248.553329468,451.471740723,531.833374023,958.070678711,596.979492188,357.393890381,192.014373779,194.658340454,51.7129402161,23.6374416351,16.3900566101,12.1320390701,1.63020634651,0.609645247459,0.384724855423,0.221707686782,0.965582311153,0.463488519192,0.496463119984,0.169192522764],"mean":[0.402065247297,1.57572579384,3.83394193649,3.31160926819,3.5983145237,7.65402698517,18.1376438141,34.6274375916,28.7072582245,22.9887466431,26.7530593872,37.5535697937,39.5757255554,46.5538024902,39.3130531311,45.1460266113,37.8603248596,39.0449447632,32.763584137,30.9997367859,25.3091316223,24.2340106964,20.0358772278,16.2068004608,11.0919399261,7.15563344955,4.78168725967,2.55204820633,1.06154370308,0.466546446085,0.234845876694,0.112606965005,0.0476738102734,0.0243277475238,0.0158617384732,0.0121280103922,0.0156134208664,0.0231141056865,0.0366042852402,0.0375217013061],"median":[0.185719817877,1.01424622536,1.48587965965,1.42680382729,1.78229272366,3.98984670639,6.93001461029,13.4506454468,13.8688678741,13.990685463,17.7205238342,25.8222408295,26.8586959839,29.4346885681,27.2370872498,33.6895294189,27.9354171753,30.7291603088,28.9955062866,26.7727165222,20.507276535,16.9123573303,13.3323097229,8.36062145233,5.21597671509,3.66127300262,2.57803726196,1.3296482563,0.62566524744,0.258513450623,0.117011517286,0.0538911111653,0.0213816072792,0.0101608410478,0.00682822056115,0.00594733096659,0.00908005237579,0.0158635955304,0.0284837856889,0.039063513279],"min":[1.22177989402e-21,2.27604743411e-21,1.83366134705e-20,7.25455750279e-20,4.26970211179e-20,7.93526704708e-20,1.54304740083e-19,4.06442147465e-19,1.7885111021e-18,1.60390196697e-18,1.1092806343e-18,1.92715484457e-18,1.445943247e-18,3.01407223742e-18,1.97160980544e-18,2.25635494399e-18,3.0592431231e-18,4.0304871655e-18,1.62645876868e-17,1.86701165893e-17,1.53606678745e-17,1.45574440668e-17,1.64315226606e-17,1.21878164573e-17,1.48965153261e-17,1.44371753145e-17,1.13546023894e-17,1.97485417324e-17,2.10311398661e-17,2.55998155535e-17,1.90342911258e-17,2.37988564172e-17,1.55524414277e-17,1.80561781756e-17,1.32210295625e-17,5.16894576873e-18,2.62934639862e-18,1.45278589183e-18,2.5809216429e-19,3.57148703466e-20],"var":[0.406700491905,3.31855225563,48.3613815308,32.9327507019,41.9989624023,125.360198975,1749.30212402,4180.91699219,2253.04101562,872.717834473,1043.26184082,1887.67248535,2135.65966797,3397.03735352,2025.6595459,2076.06054688,1546.60998535,1366.83996582,771.489501953,685.035339355,537.978210449,909.065734863,1367.01818848,2014.60437012,1055.74523926,343.890808105,123.673950195,52.8982772827,4.54913568497,0.888407826424,0.330045938492,0.0606921836734,0.00667070550844,0.00162357639056,0.000657958211377,0.000316099263728,0.000713182089385,0.000928783265408,0.00183018960524,0.000596231024247]},"erbbands_crest":{"dmean":1.9792945385,"dmean2":3.32904076576,"dvar":3.32825613022,"dvar2":8.64214897156,"max":24.6592235565,"mean":6.89179182053,"median":6.21573638916,"min":2.80625295639,"var":7.63994646072},"erbbands_flatness_db":{"dmean":0.0166723392904,"dmean2":0.0264115314931,"dvar":0.000187567871762,"dvar2":0.000458710535895,"max":0.280538111925,"mean":0.153637215495,"median":0.152302861214,"min":0.0438362471759,"var":0.000640950864181},"erbbands_kurtosis":{"dmean":0.566571712494,"dmean2":0.925510466099,"dvar":0.36810696125,"dvar2":0.924871206284,"max":12.7844057083,"mean":0.0569008849561,"median":-0.125219464302,"min":-1.52493953705,"var":0.830679297447},"erbbands_skewness":{"dmean":0.282014667988,"dmean2":0.451400071383,"dvar":0.0540561974049,"dvar2":0.133584409952,"max":2.11042451859,"mean":-0.00231578364037,"median":-0.000750206934754,"min":-2.66687750816,"var":0.234969869256},"erbbands_spread":{"dmean":4.54265499115,"dmean2":7.32018041611,"dvar":16.2395248413,"dvar2":40.3358078003,"max":64.6446914673,"mean":25.9487476349,"median":25.0371875763,"min":4.5929441452,"var":59.6725273132},"gfcc":{"cov":[[9708.16699219,-85.7220993042,-594.485656738,-314.708648682,-249.294128418,-295.23626709,-38.0269012451,-192.737380981,-94.7245407104,-72.8459625244,80.7296676636,-43.9451713562,-131.672576904],[-85.7220993042,503.430908203,74.2400970459,-82.3093109131,87.3905410767,-20.4258708954,14.038901329,-68.0716400146,25.6704101562,-12.9770622253,18.2777805328,-12.8209905624,31.9516963959],[-594.485656738,74.2400970459,256.288909912,61.082118988,-7.67892074585,126.096511841,-82.1407318115,60.2119483948,-41.6888008118,22.2338371277,3.31488394737,1.34220576286,33.0909309387],[-314.708648682,-82.3093109131,61.082118988,239.946075439,90.8588027954,3.29296159744,60.9454116821,19.2164554596,3.8718650341,-2.24123835564,-26.7716827393,5.49430990219,-8.82138252258],[-249.294128418,87.3905410767,-7.67892074585,90.8588027954,160.435287476,-0.364964157343,75.795173645,-9.35299015045,28.4936637878,-7.05987024307,-11.5691146851,-5.5795712471,15.5293188095],[-295.23626709,-20.4258708954,126.096511841,3.29296159744,-0.364964157343,178.63269043,-39.9469490051,68.4148330688,-38.8310241699,14.4119558334,3.74500918388,-2.696352005,19.8251304626],[-38.0269012451,14.038901329,-82.1407318115,60.9454116821,75.795173645,-39.9469490051,148.902496338,-17.5778980255,46.1570625305,-9.17426395416,-7.89259433746,9.11757278442,-15.1653499603],[-192.737380981,-68.0716400146,60.2119483948,19.2164554596,-9.35299015045,68.4148330688,-17.5778980255,106.510047913,7.05551719666,25.3207893372,5.29904699326,-7.80519008636,10.3186454773],[-94.7245407104,25.6704101562,-41.6888008118,3.8718650341,28.4936637878,-38.8310241699,46.1570625305,7.05551719666,90.2698669434,28.8305149078,2.95593523979,5.62618541718,-5.51268482208],[-72.8459625244,-12.9770622253,22.2338371277,-2.24123835564,-7.05987024307,14.4119558334,-9.17426395416,25.3207893372,28.8305149078,64.6651229858,28.294921875,5.55559682846,16.490896225],[80.7296676636,18.2777805328,3.31488394737,-26.7716827393,-11.5691146851,3.74500918388,-7.89259433746,5.29904699326,2.95593523979,28.294921875,56.987247467,25.1703453064,13.1784420013],[-43.9451713562,-12.8209905624,1.34220576286,5.49430990219,-5.5795712471,-2.696352005,9.11757278442,-7.80519008636,5.62618541718,5.55559682846,25.1703453064,52.2048950195,20.2547550201],[-131.672576904,31.9516963959,33.0909309387,-8.82138252258,15.5293188095,19.8251304626,-15.1653499603,10.3186454773,-5.51268482208,16.490896225,13.1784420013,20.2547550201,65.1890716553]],"icov":[[0.000141870477819,-0.000159879738931,0.000567637966014,-0.000202820679988,0.000294865953038,-0.0000742286283639,0.000175776061951,-0.0000218612858589,0.000263484747848,-0.000022527659894,-0.00027744754334,0.00015682974481,0.0000813579536043],[-0.000159879738931,0.00601128907874,-0.00712720677257,0.00514334114268,-0.00452955346555,0.00242783827707,-0.00250928779133,0.00424175709486,-0.00345077877864,0.00392323127016,-0.00392699707299,0.00419006263837,-0.00166220765095],[0.000567637966014,-0.00712720677257,0.0186919365078,-0.0103037282825,0.00669610965997,-0.00813509337604,0.00800709985197,-0.0045904009603,0.00386061472818,-0.00450490647927,0.00270128296688,-0.00338563788682,-0.000802567868959],[-0.000202820679988,0.00514334114268,-0.0103037282825,0.0138774150982,-0.00973179750144,0.00611509149894,-0.00527591677383,0.000012267873899,0.0023804155644,-0.00202929787338,0.00411914149299,-0.00364640029147,0.0044217845425],[0.000294865953038,-0.00452955346555,0.00669610965997,-0.00973179750144,0.0176455527544,-0.00555857922882,-0.00211116671562,0.00115707295481,-0.00383912003599,0.00371082220227,-0.00318138650618,0.00670384895056,-0.00779077410698],[-0.0000742286283639,0.00242783827707,-0.00813509337604,0.00611509149894,-0.00555857922882,0.0138883497566,-0.00275435205549,-0.00523595046252,0.00580986589193,-0.00259791174904,0.00225367955863,-0.00242841406725,0.00235301046632],[0.000175776061951,-0.00250928779133,0.00800709985197,-0.00527591677383,-0.00211116671562,-0.00275435205549,0.0154007077217,-0.0013064276427,-0.00322906835936,0.000581130327191,0.000882800028194,-0.00458295317367,0.00276202941313],[-0.0000218612858589,0.00424175709486,-0.0045904009603,0.000012267873899,0.00115707295481,-0.00523595046252,-0.0013064276427,0.0192660652101,-0.00852831173688,0.00318744615652,-0.00680392934009,0.00992738362402,-0.00506476871669],[0.000263484747848,-0.00345077877864,0.00386061472818,0.0023804155644,-0.00383912003599,0.00580986589193,-0.00322906835936,-0.00852831173688,0.0269772745669,-0.0189711321145,0.0120697738603,-0.0118643306196,0.00865918025374],[-0.000022527659894,0.00392323127016,-0.00450490647927,-0.00202929787338,0.00371082220227,-0.00259791174904,0.000581130327191,0.00318744615652,-0.0189711321145,0.0377816781402,-0.0231898166239,0.015681065619,-0.0117657082155],[-0.00027744754334,-0.00392699707299,0.00270128296688,0.00411914149299,-0.00318138650618,0.00225367955863,0.000882800028194,-0.00680392934009,0.0120697738603,-0.0231898166239,0.0408941805363,-0.0248447544873,0.00824481248856],[0.00015682974481,0.00419006263837,-0.00338563788682,-0.00364640029147,0.00670384895056,-0.00242841406725,-0.00458295317367,0.00992738362402,-0.0118643306196,0.015681065619,-0.0248447544873,0.0418286211789,-0.01695186086],[0.0000813579536043,-0.00166220765095,-0.000802567868959,0.0044217845425,-0.00779077410698,0.00235301046632,0.00276202941313,-0.00506476871669,0.00865918025374,-0.0117657082155,0.00824481248856,-0.01695186086,0.0272183157504]],"mean":[-0.0733195468783,108.480911255,-106.239585876,-11.7695055008,-3.09356975555,-23.963716507,6.29680347443,-15.0202999115,4.60848522186,-5.99722862244,0.258755415678,-1.57321035862,0.473715126514]},"hfc":{"dmean":46.7081604004,"dmean2":74.9452438354,"dvar":3537.13427734,"dvar2":8732.90429688,"max":1272.90844727,"mean":218.397094727,"median":199.737167358,"min":1.18665080746e-16,"var":18831.2539062},"melbands":{"dmean":[0.00253309262916,0.00178393558599,0.000514300947543,0.000276163889794,0.000409705215134,0.000521588837728,0.000276435865089,0.000136450093123,0.000147755199578,0.000136934555485,0.000116817383969,0.000115688468213,0.0000732263506507,0.0000669513465255,0.0000500867536175,0.0000467250029033,0.0000377342694264,0.0000251345445577,0.0000238414286287,0.0000198145953618,0.0000123741347124,0.0000136906628541,0.00000970666042122,0.00000881338200998,0.00000717802049621,0.0000047256767175,0.00000356570967597,0.00000213591806641,0.00000163960487498,0.00000112781629014,6.77315370012e-7,3.37965019526e-7,1.94357028249e-7,1.24384342826e-7,8.47611261179e-8,5.87776760597e-8,4.0429096515e-8,2.8261544216e-8,2.13176960528e-8,1.85375714779e-8],"dmean2":[0.00431837048382,0.00305645330809,0.000869783514645,0.000461797957541,0.000684267492034,0.000858634710312,0.000459108530777,0.000225365482038,0.000247368705459,0.000228769378737,0.000196369146579,0.00019690595218,0.000121764438518,0.0001117220163,0.0000843506204546,0.0000793731960584,0.0000624848835287,0.0000425591715612,0.0000395461574954,0.0000332168820023,0.000020690211386,0.0000226784359256,0.0000160691506608,0.0000140955335155,0.0000112916341095,0.000007466704119,0.00000570358270124,0.00000327545967593,0.00000254858855442,0.00000175609056896,0.00000105315098153,5.33986792561e-7,3.07469264271e-7,1.95013527104e-7,1.33025977789e-7,9.26163750137e-8,6.49932374586e-8,4.61538824936e-8,3.52611948529e-8,3.06888772172e-8],"dvar":[0.0000226442298299,0.00000918302066566,8.70394217145e-7,2.34624820905e-7,8.98829227935e-7,0.00000117640661301,2.75308934761e-7,4.79320654279e-8,5.36212780844e-8,4.34847393649e-8,3.31874723258e-8,3.63793830616e-8,1.28499157981e-8,8.16853162888e-9,4.60157245641e-9,4.6647938845e-9,2.48869258535e-9,1.12376219441e-9,1.09757947175e-9,6.52743858964e-10,2.90950818993e-10,5.26214627428e-10,5.32609456538e-10,7.06528890948e-10,6.93484047964e-10,3.29904353835e-10,1.92484986283e-10,5.11914365064e-11,2.45983216435e-11,1.69307467351e-11,6.5518207179e-12,1.02976448983e-12,2.99533428659e-13,1.17439559596e-13,5.88432500967e-14,3.98802864376e-14,1.15151461025e-14,2.79329316093e-15,1.33582410914e-15,9.80644030233e-16],"dvar2":[0.0000619884667685,0.0000244280327024,0.00000226079168897,6.07786034834e-7,0.00000222316953113,0.00000298812642541,7.35541675567e-7,1.28282522383e-7,1.50867350612e-7,1.20102967571e-7,9.09733586241e-8,9.93744961875e-8,3.34015801684e-8,2.19359375109e-8,1.22499272948e-8,1.26228441033e-8,6.49639497752e-9,2.94389224109e-9,2.86074142153e-9,1.75197556462e-9,7.85567666473e-10,1.40931077919e-9,1.32487765203e-9,1.59066615435e-9,1.5564772804e-9,7.41367911505e-10,4.62340193907e-10,1.0910895798e-10,5.50237563846e-11,3.71369150709e-11,1.44027385504e-11,2.48937806133e-12,7.29341825649e-13,2.55974224022e-13,1.22521730175e-13,9.36352029441e-14,2.78815531318e-14,6.68765927307e-15,3.35196792909e-15,2.44694562396e-15],"max":[0.0503332987428,0.0247023943812,0.0127262799069,0.00903547462076,0.0197598598897,0.0231977589428,0.00970027875155,0.00594729464501,0.00646288273856,0.00473898788914,0.00309271342121,0.00484012672678,0.00209428998642,0.00168134935666,0.00171996315476,0.00104389607441,0.000755920482334,0.000732534914277,0.000610214890912,0.00036154690315,0.000287164002657,0.000451893021818,0.000601329375058,0.000775088730734,0.00082590902457,0.000535904953722,0.000609483278822,0.000232008533203,0.000149172206875,0.000152891807375,0.000102360179881,0.000039552054659,0.0000146310148921,0.0000146007532749,0.00000942367114476,0.00000935330717766,0.00000602867430644,0.00000135157085879,5.6047747421e-7,4.98293161399e-7],"mean":[0.00313550769351,0.00204189168289,0.000594945275225,0.000385317660403,0.000581182015594,0.00077206781134,0.000431885331636,0.000229132710956,0.000240573965129,0.000236089763348,0.000196444030735,0.000188740130397,0.000129650885356,0.000124243844766,0.0000948658780544,0.0000814441445982,0.0000723098419257,0.0000516835243616,0.0000472028186778,0.0000400441531383,0.0000260291999439,0.0000266415772785,0.0000190260871022,0.0000167056969076,0.0000129566897158,0.00000868811639521,0.00000671650923323,0.00000426790438723,0.00000324280335917,0.00000209939025808,0.00000125502947412,6.48288619232e-7,3.51458737669e-7,2.16809667108e-7,1.43405330277e-7,9.19627254348e-8,5.86746260467e-8,3.52960682903e-8,2.27811121079e-8,1.94584988122e-8],"median":[0.00174346403219,0.00107409746852,0.000268239178695,0.000205261967494,0.000250034732744,0.000310054980218,0.000217547232751,0.000140956020914,0.000156390262418,0.000160505500389,0.00013085064711,0.000116489427455,0.0000841612636577,0.0000911134047783,0.0000701380049577,0.0000561570595892,0.0000542801135452,0.0000446988960903,0.0000358421093551,0.000032126885344,0.0000201069742616,0.000017512598788,0.0000131625474751,0.0000100655679489,0.00000620572518528,0.00000373898114958,0.00000313610235025,0.00000210691996472,0.00000170466978489,0.00000105099411485,6.21466995199e-7,3.74265653136e-7,1.94798218445e-7,1.12679941822e-7,6.95429633879e-8,4.33496083474e-8,2.72581601735e-8,1.56484603053e-8,9.23436260791e-9,7.94161270079e-9],"min":[8.47237795499e-24,7.32167523001e-24,1.15212772332e-23,3.48087990429e-24,5.7478965408e-24,7.97124933178e-24,2.97148504432e-23,1.46928262383e-23,1.21771811548e-23,1.12189510244e-23,6.805731799e-24,1.15339810492e-23,8.88129978243e-24,4.17304145089e-24,7.75613642926e-24,5.37741196097e-24,6.4435176369e-24,2.64387316142e-23,2.70570644575e-23,2.62426886352e-23,1.42319800083e-23,1.33581335401e-23,1.3394209727e-23,1.68215721242e-23,8.50221267442e-24,9.43847539523e-24,1.29639768222e-23,8.81176327135e-24,6.57286952611e-24,6.98860316747e-24,1.3389842593e-23,1.12956598588e-23,1.22554748108e-23,1.46151313277e-23,9.77221720068e-24,1.37326373662e-23,1.40844787963e-23,1.09055318536e-23,9.89253584366e-24,1.7246604069e-23],"var":[0.0000201690127142,0.00000839292624732,9.19135118238e-7,3.29317430214e-7,0.00000133549121983,0.00000189640820736,4.57703947632e-7,8.5968622443e-8,8.44161718305e-8,7.74228681166e-8,5.48325864713e-8,5.84987169816e-8,2.47390818942e-8,1.62482542976e-8,9.18278786344e-9,8.23451706822e-9,5.15511056065e-9,2.13971862451e-9,2.23972707047e-9,1.44010703362e-9,6.57895404821e-10,1.12974429811e-9,1.0251961502e-9,1.41125100495e-9,1.43368827921e-9,7.33025806721e-10,3.79237197201e-10,1.24176335881e-10,5.83339002103e-11,3.50580814379e-11,1.30110046001e-11,1.71669590435e-12,5.07335764111e-13,2.1890302071e-13,1.31452276364e-13,5.94356852688e-14,1.48769749774e-14,3.94789732386e-15,1.47786634632e-15,1.07232729996e-15]},"melbands_crest":{"dmean":4.85359144211,"dmean2":8.02649688721,"dvar":18.9496593475,"dvar2":49.4378547668,"max":36.3421554565,"mean":15.3959693909,"median":14.2653608322,"min":2.4695353508,"var":46.1701660156},"melbands_flatness_db":{"dmean":0.0305043160915,"dmean2":0.0490782260895,"dvar":0.000715597998351,"dvar2":0.00177480990533,"max":0.477408617735,"mean":0.235206991434,"median":0.227867811918,"min":0.00825044699013,"var":0.00303361658007},"melbands_kurtosis":{"dmean":4.83949136734,"dmean2":7.99913167953,"dvar":79.0601577759,"dvar2":202.0962677,"max":170.396347046,"mean":7.12898111343,"median":3.2012488842,"min":-1.81042098999,"var":148.436508179},"melbands_skewness":{"dmean":0.720755755901,"dmean2":1.16864752769,"dvar":0.573425650597,"dvar2":1.45995700359,"max":12.0345640182,"mean":2.07933187485,"median":1.72562098503,"min":-0.421662837267,"var":1.7982634306},"melbands_spread":{"dmean":6.30469322205,"dmean2":9.99072360992,"dvar":48.2217330933,"dvar2":107.285697937,"max":223.858535767,"mean":22.0581893921,"median":20.3664894104,"min":1.03042781353,"var":192.80619812},"mfcc":{"cov":[[7789.18847656,473.285308838,-943.193359375,191.84425354,-583.996276855,-50.9033164978,-191.179504395,-43.5485534668,-305.71206665,23.9659328461,-51.9388580322,-52.1735534668,-72.2560119629],[473.285308838,672.118408203,-86.6170425415,-52.3940887451,-11.1728639603,20.8438053131,-30.9708461761,-48.8213233948,-24.7720165253,-30.9547996521,6.52471446991,-27.7070045471,4.94295835495],[-943.193359375,-86.6170425415,381.94732666,-97.3574752808,142.526062012,-10.3735694885,52.8637161255,-3.42142105103,19.7681617737,-14.4023971558,9.43001747131,-3.14545583725,8.72183895111],[191.84425354,-52.3940887451,-97.3574752808,268.909606934,-12.431221962,42.8379898071,5.27924108505,24.4430656433,23.0635967255,17.2113513947,-12.8420944214,13.2694807053,-9.30268192291],[-583.996276855,-11.1728639603,142.526062012,-12.431221962,168.094177246,15.9191083908,51.5344047546,2.04595279694,47.8555221558,-9.03149986267,4.6442489624,3.70243000984,11.9788246155],[-50.9033164978,20.8438053131,-10.3735694885,42.8379898071,15.9191083908,89.2793884277,30.0605144501,20.8566589355,12.0668106079,2.93430113792,-8.85949993134,2.25749325752,-1.90740323067],[-191.179504395,-30.9708461761,52.8637161255,5.27924108505,51.5344047546,30.0605144501,95.869972229,27.4794139862,18.9659366608,-1.52070736885,0.0828374922276,-7.30999898911,4.19831085205],[-43.5485534668,-48.8213233948,-3.42142105103,24.4430656433,2.04595279694,20.8566589355,27.4794139862,75.9300537109,15.2566041946,10.2660198212,-2.4062743187,3.18293595314,-2.03485894203],[-305.71206665,-24.7720165253,19.7681617737,23.0635967255,47.8555221558,12.0668106079,18.9659366608,15.2566041946,92.1760787964,19.285861969,7.47550582886,17.4074897766,4.87946367264],[23.9659328461,-30.9547996521,-14.4023971558,17.2113513947,-9.03149986267,2.93430113792,-1.52070736885,10.2660198212,19.285861969,56.1168518066,23.4551239014,14.8318061829,2.36739706993],[-51.9388580322,6.52471446991,9.43001747131,-12.8420944214,4.6442489624,-8.85949993134,0.0828374922276,-2.4062743187,7.47550582886,23.4551239014,53.1787071228,15.2949953079,7.25360441208],[-52.1735534668,-27.7070045471,-3.14545583725,13.2694807053,3.70243000984,2.25749325752,-7.30999898911,3.18293595314,17.4074897766,14.8318061829,15.2949953079,49.6134605408,17.3540306091],[-72.2560119629,4.94295835495,8.72183895111,-9.30268192291,11.9788246155,-1.90740323067,4.19831085205,-2.03485894203,4.87946367264,2.36739706993,7.25360441208,17.3540306091,41.458278656]],"icov":[[0.000229758879868,-0.000122296740301,0.000389475142583,-0.0000728292725398,0.000286895257886,0.000190979932086,-0.000145348123624,0.0000268626208708,0.000562496075872,-0.000279823725577,0.000201136484975,-0.0000844263122417,0.000208594152355],[-0.000122296740301,0.00191762193572,0.000461148476461,0.000503093760926,-0.000558132072911,-0.00123072753195,0.00074863381451,0.000894615019206,-0.00033955113031,0.00119160069153,-0.00120573700406,0.0013844295172,-0.000749797385652],[0.000389475142583,0.000461148476461,0.00533087784424,0.00135235744528,-0.00337608717382,0.000728953862563,-0.000972829700913,0.000257801846601,0.00177449418698,-0.000181373296073,-0.000111682682473,-0.000108912128781,0.000792597886175],[-0.0000728292725398,0.000503093760926,0.00135235744528,0.00491594430059,-0.000784484553151,-0.00187947950326,0.00011311142589,-0.000377361808205,-0.000710722233634,-0.000809730496258,0.00117349228822,-0.00110499828588,0.00112898671068],[0.000286895257886,-0.000558132072911,-0.00337608717382,-0.000784484553151,0.0124201895669,-0.000649127818178,-0.00361300515942,0.00157495541498,-0.00455111125484,0.0024571463,-0.000601749576163,0.0000625375614618,-0.00160011393018],[0.000190979932086,-0.00123072753195,0.000728953862563,-0.00187947950326,-0.000649127818178,0.0151187675074,-0.00449874065816,-0.002217708854,0.000723543576896,-0.00168539129663,0.00336377206258,-0.00243613449857,0.00157665472943],[-0.000145348123624,0.00074863381451,-0.000972829700913,0.00011311142589,-0.00361300515942,-0.00449874065816,0.0163150317967,-0.00454238383099,-0.00111468066461,0.00117940513883,-0.00212224945426,0.0050211106427,-0.00281732156873],[0.0000268626208708,0.000894615019206,0.000257801846601,-0.000377361808205,0.00157495541498,-0.002217708854,-0.00454238383099,0.0167842004448,-0.00161182798911,-0.00197584670968,0.0012007181067,-0.000642602506559,0.000889382732566],[0.000562496075872,-0.00033955113031,0.00177449418698,-0.000710722233634,-0.00455111125484,0.000723543576896,-0.00111468066461,-0.00161182798911,0.0169878825545,-0.00571769289672,0.00172475073487,-0.00444700010121,0.00175688986201],[-0.000279823725577,0.00119160069153,-0.000181373296073,-0.000809730496258,0.0024571463,-0.00168539129663,0.00117940513883,-0.00197584670968,-0.00571769289672,0.0270232800394,-0.0118117881939,-0.00170782592613,0.000134107875056],[0.000201136484975,-0.00120573700406,-0.000111682682473,0.00117349228822,-0.000601749576163,0.00336377206258,-0.00212224945426,0.0012007181067,0.00172475073487,-0.0118117881939,0.0270152110606,-0.00665267603472,-0.0000867899798322],[-0.0000844263122417,0.0013844295172,-0.000108912128781,-0.00110499828588,0.0000625375614618,-0.00243613449857,0.0050211106427,-0.000642602506559,-0.00444700010121,-0.00170782592613,-0.00665267603472,0.0303845815361,-0.0121412090957],[0.000208594152355,-0.000749797385652,0.000792597886175,0.00112898671068,-0.00160011393018,0.00157665472943,-0.00281732156873,0.000889382732566,0.00175688986201,0.000134107875056,-0.0000867899798322,-0.0121412090957,0.0304069295526]],"mean":[-661.853820801,175.694900513,-37.4873542786,28.4720954895,-1.0085080862,11.4657154083,1.58018052578,5.68073511124,4.72965764999,3.86273026466,1.69642543793,5.30649614334,2.16114926338]},"pitch_salience":{"dmean":0.077904291451,"dmean2":0.129063770175,"dvar":0.00504176784307,"dvar2":0.0135427359492,"max":0.911188066006,"mean":0.572349667549,"median":0.5972032547,"min":0.100703030825,"var":0.0156040759757},"silence_rate_20dB":{"dmean":0,"dmean2":0,"dvar":0,"dvar2":0,"max":1,"mean":1,"median":1,"min":1,"var":0},"silence_rate_30dB":{"dmean":0.0261805485934,"dmean2":0.0523661747575,"dvar":0.0254951268435,"dvar2":0.0661096051335,"max":1,"mean":0.980802774429,"median":1,"min":0,"var":0.0188286751509},"silence_rate_60dB":{"dmean":0.00814505945891,"dmean2":0.0162916984409,"dvar":0.00807871762663,"dvar2":0.0185476131737,"max":1,"mean":0.071650184691,"median":0,"min":0,"var":0.0665164366364},"spectral_centroid":{"dmean":186.538909912,"dmean2":287.164093018,"dvar":42021.1875,"dvar2":77329.6875,"max":11187.8398438,"mean":1180.19677734,"median":1094.22509766,"min":250.311279297,"var":230423.328125},"spectral_complexity":{"dmean":3.14166593552,"dmean2":5.0608997345,"dvar":8.95375061035,"dvar2":20.1433048248,"max":63,"mean":24.7553806305,"median":27,"min":0,"var":118.355033875},"spectral_contrast_coeffs":{"dmean":[0.0539062358439,0.0486512184143,0.0353395342827,0.0256734676659,0.0195081289858,0.0404888316989],"dmean2":[0.0888550207019,0.081860229373,0.0601468086243,0.0436012744904,0.0326294749975,0.0641388446093],"dvar":[0.00186476460658,0.00150681193918,0.000754207896534,0.00040162957157,0.000248676515184,0.00108078704216],"dvar2":[0.00512560084462,0.00413065729663,0.00217041256838,0.00115450378507,0.000674926210195,0.00274195289239],"max":[-0.4285402596,-0.511189043522,-0.613242387772,-0.664060771465,-0.645897209644,-0.501173853874],"mean":[-0.720702767372,-0.766579151154,-0.810313761234,-0.813666403294,-0.803092062473,-0.737516105175],"median":[-0.727063298225,-0.772208690643,-0.81186825037,-0.813737511635,-0.802070856094,-0.737177848816],"min":[-0.961851835251,-0.964609563351,-0.960967063904,-0.946773886681,-0.95758831501,-0.961288154125],"var":[0.00496950326487,0.00388907385059,0.00170185999013,0.00106694723945,0.000952343456447,0.00391699653119]},"spectral_contrast_valleys":{"dmean":[0.409297853708,0.334965080023,0.282019287348,0.233873486519,0.221388697624,0.587433040142],"dmean2":[0.668852388859,0.556608259678,0.460557311773,0.382323592901,0.337548971176,0.929224789143],"dvar":[0.124463789165,0.0874691307545,0.067791081965,0.0593876391649,0.0660630241036,0.24133695662],"dvar2":[0.304313629866,0.205280095339,0.144894778728,0.118409834802,0.115609697998,0.609555184841],"max":[-5.1603178978,-4.56627941132,-4.94255304337,-5.51554346085,-5.37366247177,-9.04904270172],"mean":[-6.8742442131,-6.25554418564,-6.57707500458,-6.98564529419,-7.55629730225,-11.3294153214],"median":[-6.70097494125,-6.02468204498,-6.28754997253,-6.66445684433,-7.23783159256,-11.1787786484],"min":[-27.3881378174,-27.0577659607,-27.5346565247,-27.7852363586,-27.1519737244,-27.2112941742],"var":[0.891941547394,1.1099973917,1.16704368591,1.0935946703,1.1188826561,1.06536257267]},"spectral_decrease":{"dmean":3.96666477442e-9,"dmean2":6.59173382545e-9,"dvar":3.03189520856e-17,"dvar2":7.91421131451e-17,"max":6.23461282601e-9,"mean":-6.27204688186e-9,"median":-4.75418904244e-9,"min":-5.46483072128e-8,"var":3.72701279673e-17},"spectral_energy":{"dmean":0.0154419653118,"dmean2":0.0252450760454,"dvar":0.000434047193266,"dvar2":0.00112065835856,"max":0.241164833307,"mean":0.0434814207256,"median":0.0393173620105,"min":1.14324123551e-20,"var":0.000859646883328},"spectral_energyband_high":{"dmean":0.00018882387667,"dmean2":0.000285621907096,"dvar":1.24522969713e-7,"dvar2":2.35041952124e-7,"max":0.00939162354916,"mean":0.000776956207119,"median":0.00070019980194,"min":8.14962088618e-21,"var":6.58633098283e-7},"spectral_energyband_low":{"dmean":0.0117947896942,"dmean2":0.0200585257262,"dvar":0.000336748256814,"dvar2":0.000898602360394,"max":0.186759084463,"mean":0.0152102727443,"median":0.00967623107135,"min":6.99560777899e-23,"var":0.00032413660665},"spectral_energyband_middle_high":{"dmean":0.0018875033129,"dmean2":0.00302315875888,"dvar":0.00000553878362552,"dvar2":0.0000137505257953,"max":0.0407036878169,"mean":0.00701035931706,"median":0.00657540792599,"min":1.99534785338e-21,"var":0.0000266738079517},"spectral_energyband_middle_low":{"dmean":0.00470761256292,"dmean2":0.00763847725466,"dvar":0.0000497679975524,"dvar2":0.000124651749502,"max":0.114547289908,"mean":0.0116271181032,"median":0.00822334550321,"min":3.70582089351e-22,"var":0.000129615582409},"spectral_entropy":{"dmean":0.113160222769,"dmean2":0.180181607604,"dvar":0.0107808951288,"dvar2":0.0256602037698,"max":9.79232406616,"mean":7.53387117386,"median":7.56655216217,"min":6.48650741577,"var":0.0483540035784},"spectral_flux":{"dmean":0.0279353447258,"dmean2":0.0453580766916,"dvar":0.00110286229756,"dvar2":0.00237119500525,"max":0.351262897253,"mean":0.117761172354,"median":0.116400003433,"min":1.06922463938e-10,"var":0.00333416019566},"spectral_kurtosis":{"dmean":4.24815893173,"dmean2":6.72360515594,"dvar":18.1192245483,"dvar2":44.9292297363,"max":73.4509658813,"mean":24.6230716705,"median":23.9394569397,"min":-1.22013962269,"var":50.9600944519},"spectral_rms":{"dmean":0.00104007695336,"dmean2":0.00165859609842,"dvar":0.00000138105440328,"dvar2":0.00000346493470715,"max":0.01533892937,"mean":0.00605782028288,"median":0.00619341619313,"min":3.33969657484e-12,"var":0.00000572371209273},"spectral_rolloff":{"dmean":4365.01416016,"dmean2":8431.90722656,"dvar":58107724,"dvar2":139317936,"max":22028.4667969,"mean":17918.6582031,"median":21210.2050781,"min":64.599609375,"var":53689148},"spectral_skewness":{"dmean":0.300719290972,"dmean2":0.467792570591,"dvar":0.0873758196831,"dvar2":0.203283205628,"max":6.48884391785,"mean":3.34030222893,"median":3.30018496513,"min":-0.0022157584317,"var":0.367903351784},"spectral_spread":{"dmean":345328.71875,"dmean2":555308.625,"dvar":186598244352,"dvar2":338535972864,"max":39961076,"mean":3433338.75,"median":3377655.5,"min":1989593.375,"var":417552531456},"spectral_strongpeak":{"dmean":4.92887735367,"dmean2":9.34364414215,"dvar":258.681640625,"dvar2":689.734802246,"max":191.418685913,"mean":3.60762882233,"median":0.2349627316,"min":0,"var":206.286743164},"zerocrossingrate":{"dmean":0.0435360521078,"dmean2":0.0571140870452,"dvar":0.00134209543467,"dvar2":0.00236536469311,"max":0.6435546875,"mean":0.316339492798,"median":0.3134765625,"min":0.044921875,"var":0.00557699380443}},"metadata":{"audio_properties":{"analysis_sample_rate":44100,"bit_rate":235412,"codec":"mp3","downmix":"mix","equal_loudness":0,"length":239.465560913,"lossless":false,"md5_encoded":"ee2023c403522a433836a5b81d39df8b","replay_gain":0.755941390991,"sample_rate":44100},"tags":{"acoustid_id":["2179b0ca-af45-492a-af27-aa92d138c9c4"],"album":["Going Out in Style"],"albumartist":["Dropkick Murphys"],"artist":["Dropkick Murphys"],"date":["2011"],"discnumber":["1/1"],"file_name":"01 - Dropkick Murphys - Hang ’em High.mp3","musicbrainz_albumartistid":["e8374874-4178-4869-b92e-fef6bf30dc04"],"musicbrainz_albumid":["3ecb6512-1f85-4dad-bb36-207544b8db2d"],"musicbrainz_artistid":["e8374874-4178-4869-b92e-fef6bf30dc04"],"musicbrainz_recordingid":["ee5ed656-7df7-435c-8008-d5bc4b538f45"],"musicbrainz_releasegroupid":["4cbb8766-3572-4315-95f2-bc71c0944467"],"replaygain_album_gain":["+0.69 dB"],"replaygain_album_peak":["0.300057"],"replaygain_track_gain":["+0.69 dB"],"replaygain_track_peak":["0.300057"],"title":["Hang ’em High"],"tracknumber":["1/13"]},"version":{"essentia":"2.1-beta1","essentia_build_sha":"e76a03f03bb3900de42a1fa0d9be1e72f12def64","essentia_git_sha":"v2.1_beta1-28-g21ef5f4-dirty","extractor":"music 1.0"}},"rhythm":{"beats_count":588,"beats_loudness":{"dmean":0.015462464653,"dmean2":0.0270161218941,"dvar":0.000238509295741,"dvar2":0.00068275333615,"max":0.144631370902,"mean":0.0469652749598,"median":0.0448729172349,"min":0.00000267945210908,"var":0.000681950012222},"beats_loudness_band_ratio":{"dmean":[0.158952474594,0.0748731344938,0.0716416314244,0.051301419735,0.0250465329736,0.0722139403224],"dmean2":[0.2795355618,0.129108548164,0.125831112266,0.0887902900577,0.0452164784074,0.123177014291],"dvar":[0.0154763646424,0.00762906251475,0.0046706115827,0.00210164231248,0.000933306466322,0.00349835469387],"dvar2":[0.043514881283,0.0216969605535,0.0140435202047,0.00615226011723,0.00265043019317,0.0105190109462],"max":[0.