{"lowlevel":{"average_loudness":0.891367197037,"barkbands":{"dmean":[0.0000328674541379,0.0021225286182,0.00148422294296,0.00115356163587,0.00140095548704,0.000903978943825,0.00053076504264,0.000239903718466,0.000608290021773,0.000408633146435,0.000353178969817,0.000296713289572,0.000310727540636,0.000356121890945,0.000334667653078,0.000371101865312,0.000384517159546,0.000322905078065,0.000276577484328,0.000170702172909,0.0000787617827882,0.0000649130233796,0.00004868283213,0.0000320801009366,0.0000158001021191,0.0000422088851337,0.00000906672539713],"dmean2":[0.000051343398809,0.0036015897058,0.00254695187323,0.00195405818522,0.00228658597916,0.00140652945265,0.000827950483654,0.000388448912418,0.000954886374529,0.000647850974929,0.000557852035854,0.000463853823021,0.000487818964757,0.000567857292481,0.000526232179254,0.000594766519498,0.000611589872278,0.000515372375958,0.000445742014563,0.00026861805236,0.000126956001623,0.0000999690746539,0.0000738982053008,0.0000472352403449,0.0000227028795052,0.0000607815745752,0.0000132451759782],"dvar":[5.57567370052e-9,0.0000296601519949,0.0000170473285834,0.00000392778292735,0.0000065582521529,0.00000334003152602,0.00000156364592385,5.19424531831e-7,0.0000039197834667,0.00000149482571032,0.00000152369625539,7.21589117347e-7,0.00000104150592506,0.00000102349372355,5.58870510758e-7,8.32726414046e-7,7.45763713894e-7,4.21864825739e-7,3.52011795712e-7,9.98409888098e-8,1.84111375034e-8,2.04478478594e-8,9.25640897265e-9,8.96251695082e-9,8.60691518056e-10,1.0196202993e-8,4.61641863625e-10],"dvar2":[1.2758807344e-8,0.0000793777071522,0.0000463198448415,0.000010718723388,0.0000166053450812,0.00000768615518609,0.00000361478942068,0.00000122358324006,0.00000913491840038,0.00000337009350915,0.00000360447324965,0.00000168459371253,0.00000233164951169,0.00000264635991698,0.00000127486998736,0.0000018661530703,0.00000174682770648,0.00000100961187854,8.6004700961e-7,2.27962800636e-7,4.35254925435e-8,4.34687770223e-8,2.00971790321e-8,1.60750985856e-8,1.83007664578e-9,2.23240395059e-8,1.01486830051e-9],"max":[0.00109107419848,0.0694539025426,0.0583228096366,0.0246243476868,0.0340737216175,0.0691511034966,0.0373126678169,0.0248064994812,0.0591790340841,0.0313659645617,0.0458386689425,0.0362739302218,0.0508429668844,0.0501526854932,0.0161784291267,0.0448083505034,0.0281496997923,0.0225602015853,0.0159493181854,0.00888165924698,0.00362767395563,0.00665069231763,0.00202116393484,0.00453401310369,0.000598624232225,0.00171342014801,0.000433892040746],"mean":[0.0000399584823754,0.00244595832191,0.00180331279989,0.00189596542623,0.0025354095269,0.00164802349173,0.000974263122771,0.000370871159248,0.00100256071892,0.000674305541907,0.00056102767121,0.000478482455947,0.000489835219923,0.000580444873776,0.00056195165962,0.000639441073872,0.000670371693559,0.00061923020985,0.000592332624365,0.000360554025974,0.000191408209503,0.000151075073518,0.000122658500914,0.0000769529506215,0.0000363849358109,0.0000647163542453,0.000012658302694],"median":[0.00000730631199986,0.000978388823569,0.000535124330781,0.000828724820167,0.00154551351443,0.000696839822922,0.000454863300547,0.000144153294968,0.000297945894999,0.000224793795496,0.00017453180044,0.000205404823646,0.000213681953028,0.000266252376605,0.00023488124134,0.000285377027467,0.000324026797898,0.000338911428116,0.000252304744208,0.00022109564452,0.000127592225908,0.0000608601731074,0.0000458402719232,0.0000231789144891,0.0000131934739329,0.00000985677615972,0.00000225041185331],"min":[1.99975769277e-9,1.45786638317e-9,3.85827730875e-10,1.46830617109e-10,2.68789124291e-9,4.54011939155e-9,2.43710935877e-8,7.49157393898e-8,7.86865399505e-8,2.60788510786e-8,6.81682479353e-8,4.41532179707e-8,7.52059392539e-9,6.38370707406e-8,2.10021269709e-7,1.65694444831e-7,3.18515986919e-7,5.18440174346e-7,1.11078335863e-7,1.66573634885e-8,6.36740615789e-9,6.62872201573e-9,2.35417130234e-9,1.92215776629e-9,1.19138576782e-9,8.10498335113e-10,8.66578309111e-10],"var":[7.4607884315e-9,0.0000257154515566,0.0000142849012263,0.00000745719762563,0.0000106734978544,0.00000862613433128,0.00000319550053973,0.0000010282394669,0.00000806262505648,0.0000035103951177,0.000002761820042,0.00000130532839648,0.0000014623375364,0.00000175195373231,0.00000118395189475,0.0000016691503788,0.00000142627732203,8.47024182349e-7,0.00000112399868613,2.396977834e-7,4.83806594787e-8,5.35543627223e-8,3.20309965218e-8,2.50477327768e-8,3.05870462292e-9,1.89423658981e-8,7.71701424984e-10]},"barkbands_crest":{"dmean":2.21633243561,"dmean2":3.55415868759,"dvar":4.12035512924,"dvar2":10.2078037262,"max":22.5145015717,"mean":8.0580291748,"median":7.29805231094,"min":2.00879526138,"var":11.2517051697},"barkbands_flatness_db":{"dmean":0.0151471719146,"dmean2":0.0230537671596,"dvar":0.000193363346625,"dvar2":0.000435283116531,"max":0.240914300084,"mean":0.0964751690626,"median":0.0943844392896,"min":0.0187118817121,"var":0.00103642896283},"barkbands_kurtosis":{"dmean":1.36246132851,"dmean2":2.12996244431,"dvar":5.66994476318,"dvar2":12.4413700104,"max":42.4236869812,"mean":1.2199409008,"median":0.0202145576477,"min":-1.82577717304,"var":16.4623908997},"barkbands_skewness":{"dmean":0.414504617453,"dmean2":0.63583278656,"dvar":0.17660215497,"dvar2":0.386572808027,"max":5.63512659073,"mean":0.964781224728,"median":0.825719416142,"min":-2.56115078926,"var":0.890361309052},"barkbands_spread":{"dmean":5.18913888931,"dmean2":7.88761138916,"dvar":27.867603302,"dvar2":60.3818397522,"max":89.1828689575,"mean":28.1161804199,"median":27.6053352356,"min":2.75713562965,"var":148.268005371},"dissonance":{"dmean":0.0114784557372,"dmean2":0.0193859580904,"dvar":0.000139556577778,"dvar2":0.000389883120079,"max":0.500000059605,"mean":0.478806257248,"median":0.483599603176,"min":0.35795968771,"var":0.000308757269522},"dynamic_complexity":2.98232269287,"erbbands":{"dmean":[0.0517717562616,0.521906197071,1.60361719131,2.539706707,4.97126579285,4.86413478851,5.12906742096,8.21512794495,8.42022228241,5.76525402069,5.93853664398,13.7676076889,13.8806753159,11.5391769409,13.3199634552,12.2299718857,14.7342882156,14.2243843079,17.0471038818,16.4665603638,21.5360412598,20.6003341675,17.7990169525,12.045085907,13.5841741562,7.07375860214,4.08661031723,2.49323272705,2.27521896362,2.01491332054,1.39069712162,0.907034397125,0.401694238186,0.186656072736,0.119606859982,0.11805806309,0.0901295468211,0.0226882025599,0.00146705389488,0.0000557347411814],"dmean2":[0.0867988690734,0.88440066576,2.72209000587,4.32882785797,8.41043949127,7.8317694664,8.29067993164,12.7184028625,12.9765024185,9.12134742737,9.46454524994,21.6353759766,21.7561626434,18.2715396881,20.7581062317,19.1220684052,23.0554828644,22.6667823792,26.6573295593,25.9630527496,34.4630584717,32.6272888184,28.0351085663,19.3946266174,21.5263175964,11.1955280304,6.63829612732,3.95029473305,3.54254698753,3.082695961,2.107213974,1.34999036789,0.592034399509,0.277484625578,0.173162415624,0.172047883272,0.131722003222,0.0331695154309,0.00210639555007,0.0000798244291218],"dvar":[0.0183606278151,1.72463142872,18.250295639,23.6047821045,108.30304718,59.9087791443,98.4216079712,316.934875488,366.772888184,375.083496094,236.128631592,2458.70849609,2196.24780273,1158.95654297,2081.45239258,1315.57373047,2065.04907227,2140.4597168,1601.11645508,1397.62280273,2975.42895508,2440.06542969,1184.01733398,541.451538086,859.153869629,139.209152222,45.1096839905,23.5530433655,27.7322120667,15.0046224594,8.09719562531,6.261469841,1.35977375507,0.142619296908,0.0534345470369,0.0690079256892,0.0496679060161,0.00315544428304,0.0000118541256597,1.37255202759e-8],"dvar2":[0.0471518747509,4.65281248093,48.5686264038,64.8378753662,287.815948486,149.117950439,240.749832153,724.864807129,840.998168945,828.548522949,528.466308594,5735.03222656,4999.67529297,2768.22241211,4873.5078125,3122.01245117,4563.12646484,5625.77197266,3681.04248047,3261.92089844,6790.72949219,5888.00439453,2747.8918457,1320.55273438,2060.70678711,324.980926514,111.97681427,51.1028289795,57.8271751404,32.2836380005,17.7006397247,12.0270624161,2.43755054474,0.298098117113,0.119370378554,0.153960645199,0.110212385654,0.00702726375312,0.0000253448906733,2.94086639485e-8],"max":[1.82064807415,17.2874946594,59.7869262695,55.6788406372,166.064697266,145.57144165,298.949829102,650.291381836,668.249328613,952.161621094,510.175750732,1616.22180176,1379.6439209,966.253845215,1888.61853027,1424.18640137,1794.75830078,2550.63085938,940.724731445,930.14263916,2629.51025391,1522.41748047,1066.09973145,656.864562988,713.360839844,258.192199707,146.074890137,167.961807251,281.602630615,89.8339385986,66.1946640015,105.904151917,57.4561882019,11.7366600037,4.43929576874,5.07336330414,3.48360347748,1.01253902912,0.0650080963969,0.00199496443383],"mean":[0.0575455762446,0.606294095516,2.02187824249,4.18205976486,7.65896558762,9.17557144165,9.24332046509,15.1137008667,15.9154129028,9.74707603455,10.1903619766,22.3118648529,23.3785305023,20.1843090057,22.5564918518,20.2544879913,24.5448436737,24.719871521,30.0100307465,32.0284309387,38.1150588989,38.7778053284,36.5816955566,27.0432472229,30.3900337219,16.395318985,9.36381435394,6.20240831375,5.24705791473,4.85798692703,3.37274265289,2.11827111244,0.97050768137,0.448239117861,0.25064522028,0.201488643885,0.132094934583,0.0309021230787,0.00208945781924,0.000102551995951],"median":[0.0166294630617,0.258905947208,0.787703514099,2.37913107872,4.35510158539,5.26074743271,4.91484260559,6.55012512207,7.38603591919,4.68127441406,4.3737578392,6.53873491287,7.58685255051,7.94344043732,8.29430484772,9.29843711853,11.3068094254,12.0449409485,14.8283853531,13.5209913254,17.5755138397,20.550491333,20.6931533813,14.4993886948,13.6880407333,10.7910385132,6.75320005417,3.41686558723,2.18820405006,1.86853373051,1.1606965065,0.644043505192,0.306049585342,0.16467744112,0.080070219934,0.0440081506968,0.0175628513098,0.00364345288835,0.000371348665794,0.0000484483934997],"min":[7.30316997988e-8,2.25730829584e-7,4.32861696709e-7,5.76423360599e-7,8.96165829545e-7,0.000010729618225,0.000027394216886,0.0000434629037045,0.000223791852477,0.000809584278613,0.0018798293313,0.0017858594656,0.00086069869576,0.00203770864755,0.00240529305302,0.00166906917002,0.000509931880515,0.00181700557005,0.00628136657178,0.0126548381522,0.0112131331116,0.0189188122749,0.0319480597973,0.0123365120962,0.0021478747949,0.00096661929274,0.000488338584546,0.0000977269810392,0.000203830946703,0.000184806136531,0.0000676604249747,0.0000538926251465,0.0000262922840193,0.0000139009189297,0.00000841979817778,0.00000397076428271,0.00000151815083882,5.55634130706e-7,1.44008311054e-7,1.2079600431e-8],"var":[0.0174091923982,1.47776770592,15.9751968384,31.4870090485,128.244110107,138.150756836,222.58694458,754.946044922,805.315795898,727.105529785,514.635437012,4727.73876953,4600.07910156,2179.75683594,3750.27978516,2100.6940918,3181.08398438,3482.06054688,2966.82617188,3906.30761719,5643.53076172,4592.07861328,2816.29663086,1489.20324707,2806.9309082,399.464172363,105.942771912,66.6564483643,70.1257781982,49.0358772278,25.8313922882,16.7225322723,3.90223097801,0.511125087738,0.157084137201,0.141299039125,0.0892640352249,0.00521361874416,0.0000209135941986,2.52752521135e-8]},"erbbands_crest":{"dmean":2.35975956917,"dmean2":3.77693414688,"dvar":5.42060422897,"dvar2":12.9841156006,"max":29.815568924,"mean":7.94136762619,"median":6.93935537338,"min":2.34375047684,"var":15.2646808624},"erbbands_flatness_db":{"dmean":0.0151118086651,"dmean2":0.0218847617507,"dvar":0.000215091451537,"dvar2":0.000413429515902,"max":0.302748352289,"mean":0.144926249981,"median":0.143599063158,"min":0.0471796654165,"var":0.00173783220816},"erbbands_kurtosis":{"dmean":0.711295723915,"dmean2":1.12348103523,"dvar":0.976105511189,"dvar2":2.19092464447,"max":34.3215560913,"mean":0.11048617959,"median":-0.269233703613,"min":-1.78229284286,"var":2.32884287834},"erbbands_skewness":{"dmean":0.306580632925,"dmean2":0.464111238718,"dvar":0.0791217535734,"dvar2":0.171035319567,"max":2.20388007164,"mean":-0.141775906086,"median":-0.101823687553,"min":-4.25351190567,"var":0.475300967693},"erbbands_spread":{"dmean":6.61401844025,"dmean2":10.0942544937,"dvar":42.0448417664,"dvar2":92.0639724731,"max":109.870635986,"mean":37.6490364075,"median":35.9423408508,"min":3.59988999367,"var":270.724761963},"gfcc":{"cov":[[3762.54492188,-246.518753052,824.549316406,759.069885254,159.324310303,18.5503196716,-76.0484619141,155.771652222,-107.279853821,66.3415145874,-53.0642623901,103.395317078,-0.561293363571],[-246.518753052,990.792724609,129.404632568,246.793441772,140.647583008,-104.993911743,72.6694107056,-79.4174728394,13.8792161942,-49.2055206299,68.0232467651,-65.4134979248,35.9711303711],[824.549316406,129.404632568,892.50213623,283.534790039,136.632995605,-22.8907012939,-29.1066303253,-52.6245040894,-87.9641036987,82.8489761353,-74.7548599243,57.7852859497,-35.5119895935],[759.069885254,246.793441772,283.534790039,549.453186035,112.149612427,-1.53744113445,-27.4672470093,-1.37792789936,18.0618686676,3.46825790405,21.4599914551,-6.71964645386,52.7071228027],[159.324310303,140.647583008,136.632995605,112.149612427,275.625976562,-29.1530685425,25.0737190247,28.5452270508,-6.99371957779,32.5050239563,-22.4990730286,22.3974018097,7.07180356979],[18.5503196716,-104.993911743,-22.8907012939,-1.53744113445,-29.1530685425,186.168182373,68.737701416,27.3678359985,12.1760635376,-12.9273939133,4.00940990448,-7.074862957,-12.8453226089],[-76.0484619141,72.6694107056,-29.1066303253,-27.4672470093,25.0737190247,68.737701416,140.901855469,60.8059082031,4.83140039444,-16.3523597717,4.5604186058,-10.6541833878,-18.0184707642],[155.771652222,-79.4174728394,-52.6245040894,-1.37792789936,28.5452270508,27.3678359985,60.8059082031,138.830841064,38.0941925049,5.09280109406,0.2741509974,9.91598796844,0.453565150499],[-107.279853821,13.8792161942,-87.9641036987,18.0618686676,-6.99371957779,12.1760635376,4.83140039444,38.0941925049,93.8979492188,24.7441310883,6.80384397507,-9.95331192017,13.8270940781],[66.3415145874,-49.2055206299,82.8489761353,3.46825790405,32.5050239563,-12.9273939133,-16.3523597717,5.09280109406,24.7441310883,85.8583908081,2.43626475334,19.9045028687,-2.1772172451],[-53.0642623901,68.0232467651,-74.7548599243,21.4599914551,-22.4990730286,4.00940990448,4.5604186058,0.2741509974,6.80384397507,2.43626475334,85.5878372192,17.3890247345,11.6857919693],[103.395317078,-65.4134979248,57.7852859497,-6.71964645386,22.3974018097,-7.074862957,-10.6541833878,9.91598796844,-9.95331192017,19.9045028687,17.3890247345,68.4444046021,13.15031147],[-0.561293363571,35.9711303711,-35.5119895935,52.7071228027,7.07180356979,-12.8453226089,-18.0184707642,0.453565150499,13.8270940781,-2.1772172451,11.6857919693,13.15031147,59.0283546448]],"icov":[[0.000607409980148,0.0000850798242027,-0.0000905173365027,-0.000990962143987,0.000279463798506,-0.000101818288385,0.000521237438079,-0.00121303880587,0.00120159378275,-0.000436259695562,0.000493437459227,-0.000650246802252,0.000646724482067],[0.0000850798242027,0.00310523388907,-0.00144525093492,-0.0000668227366987,-0.00169352488592,0.00267377193086,-0.003459576983,0.00288200145587,-0.00295402831398,0.00329745654017,-0.00444460613653,0.00409320555627,-0.00221313512884],[-0.0000905173365027,-0.00144525093492,0.00356502924114,-0.00195249565877,0.00103415071499,-0.0010912794387,0.000796208332758,-0.000317035475746,0.00390162575059,-0.00455850735307,0.00529447663575,-0.00487253675237,0.00360741117038],[-0.000990962143987,-0.0000668227366987,-0.00195249565877,0.00544454995543,-0.00192767451517,-0.000403431011364,0.000490887323394,0.00131861877162,-0.00397207587957,0.0031502165366,-0.00419319467619,0.00459772069007,-0.00486950529739],[0.000279463798506,-0.00169352488592,0.00103415071499,-0.00192767451517,0.00619356101379,-0.000253737613093,0.000113458132546,-0.00268190237693,0.00353890610859,-0.0043702153489,0.00509519595653,-0.00457711005583,0.00165691366419],[-0.000101818288385,0.00267377193086,-0.0010912794387,-0.000403431011364,-0.000253737613093,0.00939903594553,-0.0069749862887,0.00324060441926,-0.00385097810067,0.00324720912613,-0.00338154123165,0.00261730933562,-0.00089669902809],[0.000521237438079,-0.003459576983,0.000796208332758,0.000490887323394,0.000113458132546,-0.0069749862887,0.0169429834932,-0.00953610800207,0.00500482181087,-0.00145036610775,0.00252203759737,-0.00182200688869,0.00454833591357],[-0.00121303880587,0.00288200145587,-0.000317035475746,0.00131861877162,-0.00268190237693,0.00324060441926,-0.00953610800207,0.0166354123503,-0.00964920036495,0.00413175020367,-0.00328638427891,0.000974520051386,-0.00230199261568],[0.00120159378275,-0.00295402831398,0.00390162575059,-0.00397207587957,0.00353890610859,-0.00385097810067,0.00500482181087,-0.00964920036495,0.0237954892218,-0.0130782928318,0.00720408931375,-0.00248244730756,0.00111591024324],[-0.000436259695562,0.00329745654017,-0.00455850735307,0.0031502165366,-0.0043702153489,0.00324720912613,-0.00145036610775,0.00413175020367,-0.0130782928318,0.0230720415711,-0.0088601000607,0.00289295217954,-0.00178909895476],[0.000493437459227,-0.00444460613653,0.00529447663575,-0.00419319467619,0.00509519595653,-0.00338154123165,0.00252203759737,-0.00328638427891,0.00720408931375,-0.0088601000607,0.0244822241366,-0.0146753434092,0.00549967726693],[-0.000650246802252,0.00409320555627,-0.00487253675237,0.00459772069007,-0.00457711005583,0.00261730933562,-0.00182200688869,0.000974520051386,-0.00248244730756,0.00289295217954,-0.0146753434092,0.0302705578506,-0.0121331885457],[0.000646724482067,-0.00221313512884,0.00360741117038,-0.00486950529739,0.00165691366419,-0.00089669902809,0.00454833591357,-0.00230199261568,0.00111591024324,-0.00178909895476,0.00549967726693,-0.0121331885457,0.0271134171635]],"mean":[9.85715293884,70.6894836426,-126.049430847,28.0623321533,-46.3297843933,1.73605585098,-35.7822685242,1.87913179398,-24.9677944183,-1.60202121735,-17.6668109894,3.27130007744,-15.3975477219]},"hfc":{"dmean":5.3801574707,"dmean2":7.88464689255,"dvar":62.6889533997,"dvar2":131.336593628,"max":197.373931885,"mean":20.579246521,"median":16.4982376099,"min":0.00398466223851,"var":277.624359131},"melbands":{"dmean":[0.000529643904883,0.000751279119868,0.000520040397532,0.000332816329319,0.000182649047929,0.000181043957127,0.000119186559459,0.0000591232783336,0.0000561619963264,0.0000886655980139,0.0000703167606844,0.0000484384800075,0.0000507429540448,0.0000349681067746,0.0000349780821125,0.0000278911502392,0.0000294379478873,0.0000311450421577,0.0000221434511332,0.0000214692990994,0.0000293290358968,0.0000230742607528,0.0000220706260734,0.000014739866856,0.0000101171563074,0.0000126968952827,0.00000907199137146,0.00000418214131059,0.00000286918543679,0.00000202081423595,0.00000148729668581,0.00000130880448523,0.00000150268147081,0.00000109836321371,9.00616100807e-7,7.27285225821e-7,5.49083438273e-7,3.19055317277e-7,2.14343955918e-7,1.50581414005e-7],"dmean2":[0.000895481440239,0.00126008805819,0.000882997352164,0.000546296359971,0.000294152094284,0.000278866820736,0.000184445743798,0.0000933057599468,0.0000893133546924,0.00013952361769,0.000110415749077,0.000076559765148,0.0000797152024461,0.0000546391966054,0.0000545003713341,0.0000444797624368,0.0000472855681437,0.0000488425066578,0.0000350431473635,0.0000346118977177,0.0000470420673082,0.0000369836452592,0.0000350995869667,0.0000235317420447,0.0000164714310813,0.0000202471674129,0.000014517211639,0.00000669269729769,0.00000471936982649,0.00000329510771735,0.00000237076574194,0.00000207874813896,0.0000023618636078,0.00000171659303305,0.0000013890809214,0.00000111829513116,8.30051931189e-7,4.81878601022e-7,3.20668931408e-7,2.31843870324e-7],"dvar":[0.00000188138949397,0.00000352535084858,8.67914479841e-7,3.86628613569e-7,9.74594058789e-8,1.40099899681e-7,7.06562843789e-8,3.86508567374e-8,2.44576749964e-8,9.15841695814e-8,5.52398979892e-8,2.07506829497e-8,3.36624736974e-8,1.26549695167e-8,1.41037750367e-8,5.9849263323e-9,1.03437631793e-8,5.46604450591e-9,2.26187424346e-9,2.25324336967e-9,6.71971633892e-9,3.79754450108e-9,1.87361148818e-9,1.1592345972e-9,3.88728160772e-10,9.20985676611e-10,3.35678207453e-10,4.80660442004e-11,2.30197996082e-11,1.30453660027e-11,8.61641921007e-12,1.040233958e-11,9.73358633277e-12,4.31071237733e-12,3.30815323052e-12,2.49832511449e-12,3.2301529073e-12,9.58344731697e-13,2.39628033128e-13,9.03895014392e-14],"dvar2":[0.00000496117809234,0.00000908260335564,0.00000237058065977,9.98760469884e-7,2.41174205939e-7,3.18811856914e-7,1.64113160395e-7,8.61324878088e-8,5.57573471838e-8,2.10658114952e-7,1.25415326124e-7,4.82838373728e-8,7.86650247164e-8,2.97030986474e-8,3.21842534845e-8,1.34999629253e-8,2.74695555191e-8,1.2795799087e-8,5.14177855848e-9,5.28863663973e-9,1.50787933251e-8,9.11793485159e-9,4.22214840867e-9,2.81945822245e-9,9.71048241816e-10,2.18033591182e-9,8.16282874627e-10,1.13979763128e-10,5.88527837575e-11,3.22458830471e-11,1.87910711297e-11,2.21977540515e-11,2.20708278043e-11,9.81160899055e-12,7.63833093997e-12,5.51567212043e-12,6.34690173681e-12,1.75280319772e-12,4.74486227219e-13,2.0672736255e-13],"max":[0.0168537590653,0.0228425581008,0.011485606432,0.00883755180985,0.00822383817285,0.0139132225886,0.00859920307994,0.00986485276371,0.00458757998422,0.00897244550288,0.00668757688254,0.00416960380971,0.00742961885408,0.00542302615941,0.00722764153033,0.00291454861872,0.00585257261992,0.0016970395809,0.000929126865231,0.00114129274152,0.0042989095673,0.00191249023192,0.00105114246253,0.0016348058125,0.000578547362238,0.000786990043707,0.000576046062633,0.000176487010322,0.000105350271042,0.0000879399303813,0.000107745428977,0.000167425445397,0.000119645454106,0.0000401971446991,0.0000416088696511,0.0000439588366135,0.0000888710055733,0.0000501449721924,0.0000168628157553,0.00000696928464095],"mean":[0.00060475472128,0.000978907919489,0.000868068658747,0.000609057664406,0.000351329188561,0.000340896804119,0.000224400806474,0.0000967595988186,0.0000932223265409,0.000142568052979,0.000115882554383,0.0000813869555714,0.0000822206420708,0.0000545981529285,0.00005589977809,0.0000454369437648,0.0000472532992717,0.0000511727084813,0.000039595994167,0.0000391183530155,0.0000468636790174,0.000038609468902,0.0000397151125071,0.000027916241379,0.0000204613315873,0.0000251419169217,0.0000185040153156,0.00000873664248502,0.00000592845981373,0.00000439170889877,0.00000334021638082,0.0000027483449685,0.00000318287311529,0.00000251775372817,0.00000200513431992,0.00000160798151683,0.00000115810667012,7.02120360074e-7,4.90618617732e-7,3.34096142751e-7],"median":[0.000220529997023,0.000425218837336,0.000507094198838,0.000378803844796,0.000206849741517,0.000152695298311,0.000107071580715,0.0000427998238592,0.0000368174914911,0.0000409486165154,0.0000358270772267,0.0000306577749143,0.0000266407696472,0.0000213139555854,0.0000267380455625,0.0000211275619222,0.0000210827638512,0.0000228311000683,0.0000166933587025,0.0000171433712239,0.0000194502190425,0.0000188191843336,0.0000192702118511,0.0000151487247422,0.0000102699796116,0.0000095896593848,0.00000910647850105,0.00000572714634473,0.00000412866074839,0.00000280482640846,0.00000155372015342,0.00000117151648737,0.00000114776889859,9.79104243015e-7,6.85500822328e-7,5.06547735313e-7,3.33779297534e-7,2.03867941195e-7,1.72896847062e-7,1.19349792271e-7],"min":[6.24000684457e-10,2.52731224837e-10,8.74721614585e-11,3.32410099446e-10,9.01705876633e-10,1.00730879193e-9,3.79960241048e-9,1.04412949398e-8,1.57570774206e-8,1.08931015319e-8,3.797494319e-9,7.55135243224e-9,8.87209772316e-9,5.69634917014e-9,2.27597585223e-9,6.81930067969e-10,3.66399777185e-9,8.87605544619e-9,1.77032735138e-8,1.16589502497e-8,1.42798297631e-8,1.82629946721e-8,2.5663799974e-8,2.65765329743e-8,8.35673397148e-9,2.25609686488e-9,4.55830151402e-10,6.58983589918e-10,3.24986509925e-10,1.29904767499e-10,3.31497398975e-11,9.68504165755e-11,1.65783109463e-10,6.86513138004e-11,3.04897565528e-11,4.52639904724e-11,2.62911064447e-11,1.91289553642e-11,1.24515987798e-11,1.21189716248e-11],"var":[0.00000169076224665,0.00000332530385094,0.00000124001030599,6.08869981988e-7,2.32987019899e-7,3.48552504192e-7,1.49083376755e-7,7.74482202814e-8,5.10200877102e-8,1.81413625455e-7,1.18235405466e-7,4.10515532678e-8,6.1207607871e-8,2.18926707873e-8,1.89720239518e-8,1.00751096355e-8,1.60835753604e-8,1.00621901922e-8,5.52289947109e-9,5.24807131086e-9,1.21363950001e-8,6.36295638401e-9,4.0363814513e-9,2.14350381889e-9,1.01756958415e-9,2.43370035236e-9,9.47062095413e-10,1.15342138618e-10,4.65883338852e-11,2.82989586625e-11,2.32352088958e-11,2.30682140057e-11,2.3471655175e-11,1.36211666946e-11,9.46110637751e-12,6.9196254629e-12,7.2930654571e-12,2.46227756066e-12,7.56183906724e-13,2.91119911381e-13]},"melbands_crest":{"dmean":2.86489701271,"dmean2":4.67487382889,"dvar":6.60495853424,"dvar2":17.0949420929,"max":31.4657859802,"mean":11.4228563309,"median":10.671049118,"min":3.0755906105,"var":19.9075946808},"melbands_flatness_db":{"dmean":0.020129326731,"dmean2":0.0309837330133,"dvar":0.000360714242561,"dvar2":0.000825524912216,"max":0.349822252989,"mean":0.154286116362,"median":0.149162307382,"min":0.0264736767858,"var":0.0021325815469},"melbands_kurtosis":{"dmean":3.73042297363,"dmean2":5.90348720551,"dvar":37.3565177917,"dvar2":86.905960083,"max":111.94744873,"mean":6.85976314545,"median":3.51795530319,"min":-1.78262770176,"var":98.9999160767},"melbands_skewness":{"dmean":0.555942833424,"dmean2":0.865870773792,"dvar":0.351394385099,"dvar2":0.798184871674,"max":9.25911617279,"mean":2.04291963577,"median":1.87828445435,"min":-1.11757278442,"var":1.69116222858},"melbands_spread":{"dmean":7.84498977661,"dmean2":12.2398786545,"dvar":66.1940765381,"dvar2":152.198303223,"max":115.136039734,"mean":32.8410491943,"median":30.1961212158,"min":2.23318243027,"var":279.239868164},"mfcc":{"cov":[[3501.49731445,-502.055084229,521.601989746,615.725280762,288.260498047,33.3517456055,82.5837020874,95.1489562988,7.41269397736,93.3942489624,-106.363037109,18.7810764313,40.5321235657],[-502.055084229,764.203918457,34.6501846313,188.104949951,40.80052948,22.6906547546,55.4907798767,-28.7625904083,-15.4952383041,-20.2272891998,-13.6774663925,12.7188606262,4.1518778801],[521.601989746,34.6501846313,643.069213867,258.933410645,91.9350204468,124.566703796,27.8796768188,-37.2116203308,-16.028799057,-23.4592704773,-43.3768501282,3.76889657974,12.5646057129],[615.725280762,188.104949951,258.933410645,537.61138916,221.365890503,54.6150512695,29.9165096283,-22.2589530945,16.0833454132,13.1846122742,-62.8330879211,4.01416063309,43.4020996094],[288.260498047,40.80052948,91.9350204468,221.365890503,204.216445923,50.0102882385,10.4817123413,-12.8377609253,24.0021362305,1.99684476852,-27.8655662537,1.43230056763,23.4535865784],[33.3517456055,22.6906547546,124.566703796,54.6150512695,50.0102882385,140.100845337,36.9706954956,-3.09237527847,11.266749382,-3.05464458466,0.132762849331,6.01313114166,-6.39170789719],[82.5837020874,55.4907798767,27.8796768188,29.9165096283,10.4817123413,36.9706954956,125.090110779,63.0111045837,1.52727675438,18.6737136841,6.63867616653,9.86717605591,-7.27549552917],[95.1489562988,-28.7625904083,-37.2116203308,-22.2589530945,-12.8377609253,-3.09237527847,63.0111045837,124.02961731,27.8893508911,36.948890686,18.526014328,8.62257575989,-13.0810117722],[7.41269397736,-15.4952383041,-16.028799057,16.0833454132,24.0021362305,11.266749382,1.52727675438,27.8893508911,103.245323181,36.5569229126,17.3276786804,6.71957206726,1.40503549576],[93.3942489624,-20.2272891998,-23.4592704773,13.1846122742,1.99684476852,-3.05464458466,18.6737136841,36.948890686,36.5569229126,85.5787506104,27.6680335999,4.41016197205,-4.23596096039],[-106.363037109,-13.6774663925,-43.3768501282,-62.8330879211,-27.8655662537,0.132762849331,6.63867616653,18.526014328,17.3276786804,27.6680335999,73.8860397339,22.2010421753,0.520802676678],[18.7810764313,12.7188606262,3.76889657974,4.01416063309,1.43230056763,6.01313114166,9.86717605591,8.62257575989,6.71957206726,4.41016197205,22.2010421753,58.9600601196,16.0321998596],[40.5321235657,4.1518778801,12.5646057129,43.4020996094,23.4535865784,-6.39170789719,-7.27549552917,-13.0810117722,1.40503549576,-4.23596096039,0.520802676678,16.0321998596,65.0888442993]],"icov":[[0.000571987649892,0.000552648678422,-0.000275427533779,-0.000614611897618,-0.000203359581064,0.000376455223886,-0.000250635261182,-0.000334848038619,0.000322283885907,-0.000533817859832,0.000518596498296,-0.00041545953718,0.00014297888265],[0.000552648678422,0.0021488526836,0.0000306166766677,-0.00153428374324,0.000381216319511,0.000342875311617,-0.00128698779736,0.000501015398186,0.000252897676546,0.000129279724206,0.000132189612486,-0.000679287768435,0.000558307045139],[-0.000275427533779,0.0000306166766677,0.00256180251017,-0.00109935586806,0.000956979813054,-0.00211658398621,0.00000706965010977,0.000563340086956,0.000175093096914,0.000734872650355,0.0000880406150827,-0.0000110183236757,0.0000154839817696],[-0.000614611897618,-0.00153428374324,-0.00109935586806,0.00570092583075,-0.00410953070968,0.000550241151359,-0.0000524950883118,0.000476995308418,-0.000235345694819,-0.0015844166046,0.00202504661866,0.00000963167804002,-0.0016004210338],[-0.000203359581064,0.000381216319511,0.000956979813054,-0.00410953070968,0.0102578243241,-0.00285118678585,0.000163051387062,0.000554499856662,-0.00186304771341,0.00116168835666,0.000452064123238,0.000409733533161,-0.00117738847621],[0.000376455223886,0.000342875311617,-0.00211658398621,0.000550241151359,-0.00285118678585,0.0109549136832,-0.00373967271298,0.00168641121127,-0.00133699655998,0.000599883438554,-0.00102435110603,-0.000840603373945,0.0020925749559],[-0.000250635261182,-0.00128698779736,0.00000706965010977,-0.0000524950883118,0.000163051387062,-0.00373967271298,0.0137059576809,-0.00736343255267,0.00236863526516,-0.000966442807112,0.0000559297259315,-0.000684565224219,-0.0000478523907077],[-0.000334848038619,0.000501015398186,0.000563340086956,0.000476995308418,0.000554499856662,0.00168641121127,-0.00736343255267,0.0142416255549,-0.00298781436868,-0.00234600994736,-0.000516693980899,-0.000910515780561,0.00189486448653],[0.000322283885907,0.000252897676546,0.000175093096914,-0.000235345694819,-0.00186304771341,-0.00133699655998,0.00236863526516,-0.00298781436868,0.0129621829838,-0.0046870787628,-0.000834850769024,-0.00065959530184,-0.000305068620946],[-0.000533817859832,0.000129279724206,0.000734872650355,-0.0015844166046,0.00116168835666,0.000599883438554,-0.000966442807112,-0.00234600994736,-0.0046870787628,0.0181345138699,-0.0068723987788,0.00207831524312,0.0011240701424],[0.000518596498296,0.000132189612486,0.0000880406150827,0.00202504661866,0.000452064123238,-0.00102435110603,0.0000559297259315,-0.000516693980899,-0.000834850769024,-0.0068723987788,0.0213708151132,-0.00738681200892,-0.00084053282626],[-0.00041545953718,-0.000679287768435,-0.0000110183236757,0.00000963167804002,0.000409733533161,-0.000840603373945,-0.000684565224219,-0.000910515780561,-0.00065959530184,0.00207831524312,-0.00738681200892,0.0217140298337,-0.00533178355545],[0.00014297888265,0.000558307045139,0.0000154839817696,-0.0016004210338,-0.00117738847621,0.0020925749559,-0.0000478523907077,0.00189486448653,-0.000305068620946,0.0011240701424,-0.00084053282626,-0.00533178355545,0.0187081154436]],"mean":[-633.522033691,108.651817322,-19.6790294647,27.3214893341,3.13996601105,4.64391279221,-3.38588428497,4.33742380142,-6.98708105087,-0.845403015614,-4.57356786728,-3.54186725616,-2.67293643951]},"pitch_salience":{"dmean":0.0635042414069,"dmean2":0.102501004934,"dvar":0.00313806766644,"dvar2":0.00789167545736,"max":0.921950280666,"mean":0.618578672409,"median":0.626525580883,"min":0.225000917912,"var":0.0105458237231},"silence_rate_20dB":{"dmean":0,"dmean2":0,"dvar":0,"dvar2":0,"max":1,"mean":1,"median":1,"min":1,"var":0},"silence_rate_30dB":{"dmean":0,"dmean2":0,"dvar":0,"dvar2":0,"max":1,"mean":1,"median":1,"min":1,"var":0},"silence_rate_60dB":{"dmean":0.0240937694907,"dmean2":0.048192769289,"dvar":0.0235126148909,"dvar2":0.0528140775859,"max":1,"mean":0.120781332254,"median":0,"min":0,"var":0.106191270053},"spectral_centroid":{"dmean":231.568649292,"dmean2":353.758453369,"dvar":50500.8046875,"dvar2":106692.546875,"max":3660.07177734,"mean":1738.63195801,"median":1785.23339844,"min":269.937011719,"var":318387.09375},"spectral_complexity":{"dmean":3.88170170784,"dmean2":5.88679027557,"dvar":15.7434597015,"dvar2":30.9716472626,"max":55,"mean":23.0250682831,"median":23,"min":0,"var":117.186203003},"spectral_contrast_coeffs":{"dmean":[0.0489423796535,0.0459249615669,0.0361055955291,0.0291432179511,0.0222882814705,0.0161707513034],"dmean2":[0.0809450596571,0.0756924599409,0.0595589652658,0.0478125549853,0.0360046736896,0.0265800822526],"dvar":[0.00164058164228,0.00138959567994,0.00085291499272,0.000550702388864,0.000350995134795,0.000198103196453],"dvar2":[0.00444493303075,0.00374937662855,0.00222944864072,0.00140845659189,0.000818417174742,0.000502682232764],"max":[-0.321750223637,-0.423516303301,-0.483936905861,-0.562888503075,-0.570184767246,-0.602255702019],"mean":[-0.636815547943,-0.741424798965,-0.790819525719,-0.789475679398,-0.778259158134,-0.746978282928],"median":[-0.639556527138,-0.747528672218,-0.804073870182,-0.799778461456,-0.786146521568,-0.745527744293],"min":[-0.840681970119,-0.917185008526,-0.933496594429,-0.905531585217,-0.881670773029,-0.92069786787],"var":[0.00542437471449,0.00460666278377,0.00397635158151,0.00269620679319,0.0021190289408,0.000974987458903]},"spectral_contrast_valleys":{"dmean":[0.395990461111,0.341154366732,0.278793752193,0.237306013703,0.197618156672,0.226027935743],"dmean2":[0.660454273224,0.564092755318,0.46266040206,0.388059586287,0.30284139514,0.324359416962],"dvar":[0.109010212123,0.0832956209779,0.0560989975929,0.0424330718815,0.0429621823132,0.0833713188767],"dvar2":[0.292471468449,0.217986822128,0.143846839666,0.102589249611,0.0833173692226,0.160794049501],"max":[-5.41639757156,-4.91416835785,-5.38237094879,-5.75980710983,-5.58621692657,-8.09659194946],"mean":[-7.56334257126,-6.83186101913,-7.12683486938,-7.30933761597,-7.19748020172,-10.1706027985],"median":[-7.18963193893,-6.76574707031,-7.10613918304,-7.23421478271,-6.9727897644,-10.1115751266],"min":[-13.3189096451,-11.2268981934,-10.7602539062,-10.978849411,-10.8320302963,-12.8788099289],"var":[1.3678548336,0.382338881493,0.274910390377,0.296339631081,0.629635512829,0.75731998682]},"spectral_decrease":{"dmean":1.59511981401e-9,"dmean2":2.51290876996e-9,"dvar":6.39040036589e-18,"dvar2":1.4818455946e-17,"max":-3.70534630539e-13,"mean":-4.69873784326e-9,"median":-4.1897734171e-9,"min":-2.88367996149e-8,"var":1.37296405873e-17},"spectral_energy":{"dmean":0.00636879866943,"dmean2":0.00997992232442,"dvar":0.0000992901113932,"dvar2":0.000228490083828,"max":0.118365071714,"mean":0.019600763917,"median":0.0175464954227,"min":0.0000017599036255,"var":0.000228321820032},"spectral_energyband_high":{"dmean":0.000254811020568,"dmean2":0.00036345954868,"dvar":2.04825923333e-7,"dvar2":3.75577741352e-7,"max":0.0108733000234,"mean":0.000772386381868,"median":0.000454892695416,"min":3.10428198702e-8,"var":8.28990494028e-7},"spectral_energyband_low":{"dmean":0.00334714958444,"dmean2":0.00545073440298,"dvar":0.0000591882417211,"dvar2":0.000142528253491,"max":0.0867163315415,"mean":0.00508615653962,"median":0.00286847422831,"min":2.91011281739e-9,"var":0.0000668973661959},"spectral_energyband_middle_high":{"dmean":0.00187843199819,"dmean2":0.00282487203367,"dvar":0.00000954165534495,"dvar2":0.0000208582750929,"max":0.0705736130476,"mean":0.00600267434493,"median":0.00404648855329,"min":0.0000015358895098,"var":0.0000376124007744},"spectral_energyband_middle_low":{"dmean":0.00334793701768,"dmean2":0.00535071175545,"dvar":0.0000278908719338,"dvar2":0.000067893844971,"max":0.0751630589366,"mean":0.00862632598728,"median":0.00707009760663,"min":1.91223719526e-7,"var":0.0000587116956012},"spectral_entropy":{"dmean":0.106054008007,"dmean2":0.156546980143,"dvar":0.0107648447156,"dvar2":0.0210942737758,"max":8.49542617798,"mean":7.72748565674,"median":7.7521572113,"min":6.56209516525,"var":0.092190541327},"spectral_flux":{"dmean":0.0172094870359,"dmean2":0.0265741720796,"dvar":0.000481517286971,"dvar2":0.000970127526671,"max":0.283474653959,"mean":0.0737058594823,"median":0.0694980993867,"min":0.0073607666418,"var":0.00165154994465},"spectral_kurtosis":{"dmean":1.13957202435,"dmean2":1.89946269989,"dvar":1.38946282864,"dvar2":3.84562754631,"max":19.6198387146,"mean":4.87347507477,"median":4.59855794907,"min":0.0909180641174,"var":4.70342063904},"spectral_rms":{"dmean":0.0006225881516,"dmean2":0.000958373013418,"dvar":6.30211275165e-7,"dvar2":0.00000138017128393,"max":0.0107460748404,"mean":0.00403540302068,"median":0.0041374550201,"min":0.0000414364476455,"var":0.0000028382248729},"spectral_rolloff":{"dmean":494.074951172,"dmean2":801.221008301,"dvar":478016.5,"dvar2":1119354.625,"max":14448.7792969,"mean":2068.05761719,"median":2088.72070312,"min":107.666015625,"var":1226376.125},"spectral_skewness":{"dmean":0.16296325624,"dmean2":0.260286748409,"dvar":0.0252726320177,"dvar2":0.060356348753,"max":3.87536382675,"mean":1.48177433014,"median":1.43752121925,"min":0.237241506577,"var":0.13996887207},"spectral_spread":{"dmean":416368.875,"dmean2":586762.5,"dvar":223314853888,"dvar2":412624420864,"max":16301663,"mean":4157431,"median":3942745.25,"min":1916506.625,"var":1207671586820},"spectral_strongpeak":{"dmean":0.601552188396,"dmean2":1.01300370693,"dvar":1.32501280308,"dvar2":3.19910883904,"max":20.0962142944,"mean":0.974284470081,"median":0.483971357346,"min":0.00189850421157,"var":2.00422859192},"zerocrossingrate":{"dmean":0.00965863093734,"dmean2":0.0116030527279,"dvar":0.000101956444269,"dvar2":0.000137389884912,"max":0.23291015625,"mean":0.0776746049523,"median":0.0751953125,"min":0.01025390625,"var":0.000796672073193}},"metadata":{"audio_properties":{"analysis_sample_rate":44100,"bit_rate":0,"codec":"flac","downmix":"mix","equal_loudness":0,"length":213.933334351,"lossless":true,"md5_encoded":"79b7241962fc01ed702eccf5e10bcd32","replay_gain":-10.5907325745},"tags":{"album":["Live at Wembley '86 (disc 1)"],"albumartist":["Queen"],"albumartistsort":["Queen"],"artist":["Queen"],"artistsort":["Queen"],"asin":["B0000A1LTJ"],"barcode":["0077779959426"],"catalognumber":["CDPCSP 725"],"date":["1992-05-26"],"discnumber":["1"],"file_name":"10 I Want to Break Free.flac","format":["CD"],"label":["Parlophone"],"language":["eng"],"musicbrainz_albumartistid":["0383dadf-2a4e-4d10-a46a-e9e041da8eb3"],"musicbrainz_albumid":["4fdc0364-5c4f-45aa-91ec-b94a5cc9ec7c"],"musicbrainz_artistid":["0383dadf-2a4e-4d10-a46a-e9e041da8eb3"],"musicbrainz_recordingid":["ee861ad8-fab4-4028-b2c2-21069b75cc4a"],"releasecountry":["GB"],"releasestatus":["official"],"releasetype":["live"],"replaygain_album_gain":["-6.35 dB"],"replaygain_album_peak":["0.94003296"],"replaygain_reference_loudness":["89.0 dB"],"replaygain_track_gain":["-5.10 dB"],"replaygain_track_peak":["0.94000244"],"script":["Latn"],"title":["I Want to Break Free"],"totaltracks":["13"],"tracknumber":["10"],"tracktotal":["13"]},"version":{"essentia":"2.1-beta1","essentia_build_sha":"d95b123ab7c93145a6f110a2dd6bea92b4529a00","essentia_git_sha":"v2.1_beta1-6-g5578087-dirty","extractor":"music 1.0"}},"rhythm":{"beats_count":428,"beats_loudness":{"dmean":0.0148689951748,"dmean2":0.0266449619085,"dvar":0.000207021570532,"dvar2":0.000624660111498,"max":0.100037448108,"mean":0.0302967876196,"median":0.0306058228016,"min":0.0010613569757,"var":0.000372341892216},"beats_loudness_band_ratio":{"dmean":[0.203797221184,0.186305701733,0.0984761416912,0.087878279388,0.0807768106461,0.0608302988112],"dmean2":[0.369320303202,0.353226751089,0.174455687404,0.155667468905,0.144684001803,0.114020772278],"dvar":[0.0260258410126,0.0162637978792,0.00975220836699,0.0109564289