{"lowlevel":{"average_loudness":0.879457116127,"barkbands":{"dmean":[0.000147487196955,0.00599962752312,0.00278280489147,0.00165171222761,0.00125210441183,0.00107862381265,0.000775940483436,0.000474878266687,0.000771129678469,0.000409762316849,0.000549724674784,0.000292915909085,0.000308455084451,0.000216026761336,0.000291775068035,0.000270818913123,0.000278365623672,0.000166369674844,0.00020617939299,0.000166990794241,0.000152507520397,0.0000905639099074,0.0000956968797254,0.0000646350235911,0.0000279524083453,0.0000103761512946,0.00000263656852439],"dmean2":[0.000251919089351,0.00965970475227,0.00460597174242,0.00283910986036,0.00211627688259,0.00176115089562,0.00122133060358,0.000758906302508,0.00119465764146,0.000647885259241,0.000912581221201,0.000471602426842,0.000508233672008,0.000351399619831,0.000480111717479,0.000441944081103,0.000457051297417,0.000268003350357,0.000334244017722,0.000272606877843,0.000237137704971,0.000144366931636,0.000133797802846,0.0000974040885922,0.0000383198894269,0.0000145082003655,0.00000392781021219],"dvar":[6.60398029595e-8,0.0000973975766101,0.0000295375921269,0.00000936745163926,0.0000042051933633,0.00000277778394775,0.00000204164552997,9.15625093967e-7,0.00000273030013886,7.84320263847e-7,0.000001035572609,3.66179705225e-7,4.82566463234e-7,1.62429799389e-7,2.64968662123e-7,2.45070964411e-7,1.89664930872e-7,7.87333576113e-8,1.04387801514e-7,9.35198585239e-8,9.66174198425e-8,7.29488291995e-8,1.9532004103e-7,7.95839341095e-8,3.1392062283e-9,9.09213038192e-10,2.62612327717e-11],"dvar2":[1.94074743831e-7,0.000254426326137,0.0000767805540818,0.0000253066846199,0.0000115616339826,0.00000744832505006,0.00000508316406922,0.00000222105086323,0.00000687574811309,0.00000188340015939,0.00000268762482847,8.89915099833e-7,0.00000118882053357,4.05958985539e-7,6.93071001479e-7,6.50831680105e-7,5.04522120082e-7,1.77955485015e-7,2.59684753701e-7,2.29146593256e-7,2.0293694547e-7,1.51318090502e-7,3.47781963228e-7,1.59657261634e-7,6.074529324e-9,1.61263402632e-9,5.73078702548e-11],"max":[0.00325841782615,0.109688565135,0.0664369091392,0.0507038533688,0.0297012571245,0.0319499149919,0.0345570147038,0.0289533454925,0.0426226705313,0.0340799689293,0.0340219847858,0.0203311294317,0.0273171868175,0.0119293611497,0.00998731330037,0.0114736966789,0.00705898506567,0.012066565454,0.0058326437138,0.00760743254796,0.0112613011152,0.00996746309102,0.0197543725371,0.0155020374805,0.00133962929249,0.00255530118011,0.000212697224924],"mean":[0.000188073798199,0.00964655447751,0.0041934857145,0.00218255887739,0.00211570272222,0.00194804987404,0.00137843051925,0.000806164112873,0.00142784172203,0.000668555498123,0.000868099916261,0.00052838854026,0.000539068423677,0.000398852280341,0.000536655134056,0.000545962364413,0.000548592535779,0.000366504915291,0.000472050945973,0.000329606322339,0.000355416268576,0.000173600550625,0.000174281201907,0.00010958481289,0.0000462463358417,0.0000176658231794,0.00000364443940271],"median":[0.0000731813488528,0.00498841423541,0.00209740549326,0.00110411620699,0.00142046774272,0.00119946524501,0.000627151865046,0.000329433387378,0.000498451350722,0.000263591762632,0.00031997152837,0.000210856145713,0.000247390678851,0.000218506742385,0.000296124781016,0.000270749151241,0.000302320782794,0.000222720700549,0.000250395649346,0.000164467914146,0.000187282043044,0.0000757658563089,0.000028853341064,0.0000173261214513,0.0000109430511657,0.00000520203911947,0.00000122863878005],"min":[1.0828064135e-23,1.22778753051e-23,4.1525489745e-23,4.78193849229e-23,4.29390874664e-23,8.23387958647e-23,7.49109636227e-23,6.96459734126e-23,1.22895024837e-22,4.97267622393e-23,7.23527255724e-23,7.81500896084e-23,1.15386899177e-22,9.40448795422e-23,1.54697819703e-22,8.34160706278e-23,1.26412726008e-22,2.12968235846e-22,3.76668384738e-22,2.45713814157e-22,4.4810005525e-22,4.34402299735e-22,6.86853440406e-22,7.67925369834e-22,1.0569569878e-21,1.60955483446e-21,2.77826400379e-21],"var":[8.47225294365e-8,0.000171298044734,0.0000378931399609,0.000010305613614,0.00000569057147004,0.00000552759047423,0.0000045525830501,0.00000246293370765,0.00000716480599294,0.00000171832084561,0.00000271036674349,8.34395564198e-7,0.00000112703105515,3.66191414969e-7,6.3006336859e-7,7.14971974958e-7,4.68212903115e-7,3.11692474497e-7,3.35876165991e-7,2.59707434225e-7,3.51914849261e-7,2.3323859466e-7,7.35446974431e-7,2.21498851261e-7,8.66894644957e-9,4.21650758753e-9,5.79838052572e-11]},"barkbands_crest":{"dmean":2.80100941658,"dmean2":4.47200965881,"dvar":6.76971197128,"dvar2":17.2168369293,"max":26.174577713,"mean":10.6200828552,"median":9.5294084549,"min":2.24595785141,"var":23.4632797241},"barkbands_flatness_db":{"dmean":0.0213475953788,"dmean2":0.0332182720304,"dvar":0.000580941559747,"dvar2":0.00135584897362,"max":0.560010790825,"mean":0.134608075023,"median":0.113826625049,"min":0.0210837405175,"var":0.00664316676557},"barkbands_kurtosis":{"dmean":3.16029191017,"dmean2":4.90140342712,"dvar":63.0180892944,"dvar2":124.83820343,"max":562.044433594,"mean":5.49385356903,"median":1.24484682083,"min":-1.91536355019,"var":436.377441406},"barkbands_skewness":{"dmean":0.540400862694,"dmean2":0.8328525424,"dvar":0.348430752754,"dvar2":0.843192577362,"max":17.7670574188,"mean":1.50796842575,"median":1.34741044044,"min":-11.802822113,"var":2.4901201725},"barkbands_spread":{"dmean":5.48447132111,"dmean2":8.67202949524,"dvar":38.8077964783,"dvar2":90.0395050049,"max":134.170761108,"mean":24.2171783447,"median":23.3401584625,"min":0.14404425025,"var":180.549468994},"dissonance":{"dmean":0.0154948011041,"dmean2":0.0258093960583,"dvar":0.000313033495331,"dvar2":0.000803939590696,"max":0.5,"mean":0.464112311602,"median":0.477516263723,"min":0.0783156901598,"var":0.00223772367463},"dynamic_complexity":3.24123215675,"erbbands":{"dmean":[0.165529996157,1.43039226532,2.75607299805,4.97865152359,4.01050949097,5.06329059601,6.07393169403,8.95322322845,8.64936828613,15.4629907608,9.55707454681,18.0840167999,14.9244279861,12.1915388107,18.1543617249,11.8756198883,14.2311086655,10.2176208496,10.2393608093,17.3367538452,16.1871204376,11.4026880264,8.40182685852,11.3841609955,8.01936244965,8.68098068237,7.06325387955,4.75454235077,3.24097394943,3.34684205055,2.4507830143,1.58901309967,0.929454386234,0.401411682367,0.15513022244,0.0623793080449,0.0152216032147,0.00337471184321,0.000425769336289,0.000033305859688],"dmean2":[0.253171473742,2.34633207321,4.60261440277,8.24439716339,6.93086338043,8.54636955261,9.97678947449,14.5451221466,13.7725400925,24.6051216125,15.1350803375,27.7277774811,23.5370883942,19.7982521057,29.842666626,18.9363861084,23.3099327087,16.5350570679,16.3527431488,28.8250637054,26.3900489807,18.647146225,13.5550031662,18.3447647095,12.8720388412,14.0845451355,11.17182827,7.54997587204,5.32419347763,4.91249275208,3.41324782372,2.30531597137,1.4287712574,0.570337355137,0.209824085236,0.0879802182317,0.0215617921203,0.00502906134352,0.000646773842163,0.0000476310597151],"dvar":[0.0763753801584,5.71465349197,26.9682884216,88.791885376,48.6340293884,70.0693359375,101.486824036,199.539810181,201.514587402,1051.92822266,391.258209229,1802.75402832,1120.83630371,545.062988281,1273.38916016,589.690429688,1196.72302246,328.487792969,395.494659424,1014.82659912,757.526977539,303.58605957,189.839675903,329.333526611,202.741149902,258.413726807,220.558883667,131.664459229,70.9458465576,241.265991211,122.564033508,71.2476882935,11.1562261581,0.707039773464,0.10817193985,0.0343107543886,0.00199698237702,0.0000803016737336,7.09445657776e-7,3.16836734626e-9],"dvar2":[0.181847602129,15.2453804016,72.2090148926,223.786407471,134.913635254,191.880493164,278.622680664,522.591430664,503.101959229,2638.57763672,981.753173828,4570.08251953,2811.53808594,1253.31176758,3003.72509766,1401.73681641,2951.12280273,817.601867676,923.050842285,2756.56542969,1996.00549316,762.731933594,422.340270996,820.865356445,479.398284912,636.270874023,503.398254395,296.470794678,159.667007446,464.235778809,206.589096069,141.701705933,24.7326164246,1.47787868977,0.192370012403,0.0694988742471,0.00327881309204,0.000149441795656,0.00000159635942509,6.35704866525e-9],"max":[3.39495968819,27.5748329163,68.0656967163,147.049102783,97.2752151489,161.189422607,248.638748169,275.554534912,245.69190979,816.463317871,723.584899902,1079.42175293,1119.77807617,1032.52929688,1096.75146484,1041.71765137,1454.04309082,405.818054199,467.282775879,758.559509277,711.139099121,379.573883057,614.364074707,421.175170898,323.004760742,334.369537354,648.040039062,430.048065186,327.980957031,609.219116211,489.677429199,434.339019775,155.528396606,17.1781749725,11.4981374741,12.7207365036,4.1341176033,0.808227837086,0.0366731770337,0.00126419274602],"mean":[0.258894532919,2.22049641609,4.3787021637,7.4721455574,5.7499961853,8.37118816376,10.5244102478,16.1900215149,15.9027690887,26.1428337097,19.4654598236,33.5404129028,26.6126728058,21.994348526,32.2453041077,24.5925312042,26.4126281738,20.2730464935,21.1351089478,32.3619422913,35.0960350037,25.8974781036,20.6326847076,26.9898433685,19.070400238,17.1857357025,14.9259653091,11.3263912201,6.32424592972,6.18854475021,4.49552774429,2.76597833633,1.52543759346,0.643191218376,0.272731900215,0.10671415925,0.0252567343414,0.00491508748382,0.000586303067394,0.0000755710934754],"median":[0.117785356939,1.14170861244,2.54035258293,4.18418979645,3.76661038399,4.81531238556,6.40604686737,9.92479228973,8.63466644287,10.0950365067,9.40403366089,11.4504489899,10.8291835785,11.2296266556,14.7852659225,11.6328849792,12.5424156189,11.8461322784,11.1258440018,17.5427341461,18.4443073273,16.1471843719,13.3923549652,15.2322120667,11.1600732803,8.64019584656,7.80015707016,5.99463844299,3.21766996384,1.29445540905,0.767144382,0.424844354391,0.255137503147,0.143935710192,0.0673621296883,0.0291652195156,0.00801811087877,0.00164884899277,0.00021850389021,0.000051061015256],"min":[4.04374340933e-22,3.52225015883e-21,4.10534035472e-20,1.01541350963e-19,1.23464913606e-19,2.07190028483e-19,1.86534643579e-19,9.38398975019e-19,8.08796109849e-19,2.03805329494e-18,1.78462128527e-18,2.54411515587e-18,1.19544245524e-18,2.5759041204e-18,2.31602341068e-18,3.79174009325e-18,4.3476732937e-18,5.5265500096e-18,5.59392511127e-18,7.13904017928e-18,5.72166950839e-18,7.52911374074e-18,8.61457322776e-18,1.25864571284e-17,2.1529272994e-17,1.38550105625e-17,1.27537022949e-17,2.03023408068e-17,1.26499647471e-17,2.03820396589e-17,1.67945358355e-17,1.60830347773e-17,1.45430643591e-17,1.19784545628e-17,7.22517201493e-18,6.1515697484e-18,3.29911329983e-18,1.22285646151e-18,3.53436646457e-19,4.02557332492e-20],"var":[0.139635294676,9.24973869324,32.1573219299,111.110336304,49.8059501648,113.502006531,174.736404419,392.036712646,456.687133789,2122.22241211,1330.72924805,4478.68896484,2518.02441406,1515.14404297,3499.94628906,1564.84716797,2794.49707031,748.835021973,1195.60180664,2268.88500977,2322.56030273,964.606262207,813.914550781,1141.1484375,605.15045166,682.946289062,605.94543457,449.911346436,211.531890869,818.947998047,485.395874023,181.928482056,30.8267669678,1.78724503517,0.345233142376,0.123444758356,0.00989340338856,0.000291133736027,0.00000156415990205,7.72423192075e-9]},"erbbands_crest":{"dmean":2.08782076836,"dmean2":3.39104628563,"dvar":3.79331278801,"dvar2":9.48076248169,"max":24.9899044037,"mean":7.54118061066,"median":6.51012706757,"min":2.13857364655,"var":12.8240461349},"erbbands_flatness_db":{"dmean":0.0157181993127,"dmean2":0.02238637954,"dvar":0.000345396227203,"dvar2":0.000666542677209,"max":0.547013342381,"mean":0.151044607162,"median":0.14016443491,"min":0.0259669553488,"var":0.00442089373246},"erbbands_kurtosis":{"dmean":0.714902102947,"dmean2":1.08370172977,"dvar":2.70749521255,"dvar2":5.78449106216,"max":118.773109436,"mean":0.379435330629,"median":-0.483484983444,"min":-1.83380389214,"var":20.8792533875},"erbbands_skewness":{"dmean":0.295646697283,"dmean2":0.451762974262,"dvar":0.0796434134245,"dvar2":0.182017564774,"max":7.97712850571,"mean":-0.00421666633338,"median":-0.0481478944421,"min":-3.78113365173,"var":0.594985306263},"erbbands_spread":{"dmean":7.58812141418,"dmean2":11.6646022797,"dvar":76.4477539062,"dvar2":173.801071167,"max":134.037948608,"mean":39.9720344543,"median":38.7201385498,"min":0.987130641937,"var":293.037902832},"gfcc":{"cov":[[21334.8203125,-610.910461426,-2721.08764648,1895.22729492,402.289245605,1236.87878418,-1.40446543694,226.357711792,-558.774475098,-103.839431763,-730.274841309,-355.958343506,-324.290313721],[-610.910461426,1290.75805664,29.7425746918,-272.074493408,50.6820755005,-214.17515564,145.163146973,36.5127906799,168.284042358,27.6089820862,173.783447266,63.823059082,127.751113892],[-2721.08764648,29.7425746918,1018.28967285,-157.75,-81.0963287354,3.63148665428,35.6755218506,-0.304116100073,111.172546387,44.548210144,119.036018372,64.0783691406,55.769115448],[1895.22729492,-272.074493408,-157.75,576.997131348,185.029052734,178.653244019,41.8059272766,17.7355136871,-27.0297927856,22.23736763,-73.6990737915,-53.5019493103,-8.50328159332],[402.289245605,50.6820755005,-81.0963287354,185.029052734,332.909942627,83.2703170776,30.220703125,40.9875106812,8.62676906586,8.45337772369,-27.9412250519,-15.2374639511,-11.8561754227],[1236.87878418,-214.17515564,3.63148665428,178.653244019,83.2703170776,258.325012207,51.8480758667,36.4578437805,-41.3623542786,-2.5050702095,-58.89087677,-28.5671348572,-34.821937561],[-1.40446543694,145.163146973,35.6755218506,41.8059272766,30.220703125,51.8480758667,249.080612183,52.8039855957,14.4301748276,56.0320472717,30.370256424,29.4918041229,45.8669319153],[226.357711792,36.5127906799,-0.304116100073,17.7355136871,40.9875106812,36.4578437805,52.8039855957,103.698936462,42.5568504333,12.615240097,17.0593357086,13.4756641388,9.713098526],[-558.774475098,168.284042358,111.172546387,-27.0297927856,8.62676906586,-41.3623542786,14.4301748276,42.5568504333,145.2840271,59.3115196228,69.6198043823,23.6511955261,48.4559402466],[-103.839431763,27.6089820862,44.548210144,22.23736763,8.45337772369,-2.5050702095,56.0320472717,12.615240097,59.3115196228,109.841629028,45.5893135071,23.3725757599,35.9040794373],[-730.274841309,173.783447266,119.036018372,-73.6990737915,-27.9412250519,-58.89087677,30.370256424,17.0593357086,69.6198043823,45.5893135071,120.776367188,53.5089683533,51.4014053345],[-355.958343506,63.823059082,64.0783691406,-53.5019493103,-15.2374639511,-28.5671348572,29.4918041229,13.4756641388,23.6511955261,23.3725757599,53.5089683533,70.1007537842,47.0546646118],[-324.290313721,127.751113892,55.769115448,-8.50328159332,-11.8561754227,-34.821937561,45.8669319153,9.713098526,48.4559402466,35.9040794373,51.4014053345,47.0546646118,90.865814209]],"icov":[[0.000279640575172,-0.000564454239793,0.000528217700776,-0.000784425181337,0.000719710136764,-0.00120155455079,0.000763583695516,-0.000876169942785,0.000828395714052,-0.000873458280694,0.00097674515564,-0.000652325048577,0.000424301309977],[-0.000564454239793,0.0027858838439,-0.000746309640817,0.00237248954363,-0.00231403042562,0.00305316178128,-0.00283923465759,0.00246052327566,-0.00314241531305,0.00335457362235,-0.00365583621897,0.0027877271641,-0.00223821634427],[0.000528217700776,-0.000746309640817,0.00233522406779,-0.00103257829323,0.00137304048985,-0.00291225221008,0.00103695085272,-0.000697622774169,0.000184055475984,-0.000966781110037,0.000697865209077,-0.00147472892422,0.000671557208989],[-0.000784425181337,0.00237248954363,-0.00103257829323,0.00550471618772,-0.00354447192512,0.00205426150933,-0.00264941947535,0.00306649436243,-0.00274329050444,0.00229359488003,-0.0031157634221,0.00464059738442,-0.00373581959866],[0.000719710136764,-0.00231403042562,0.00137304048985,-0.00354447192512,0.00622939690948,-0.00376073480584,0.00246809259988,-0.00349703896791,0.00204616505653,-0.00289300247096,0.00383147550747,-0.00319810584188,0.00268781394698],[-0.00120155455079,0.00305316178128,-0.00291225221008,0.00205426150933,-0.00376073480584,0.0120432879776,-0.00467309681699,0.0014293770073,-0.00232101627626,0.00353085342795,-0.00273918127641,0.00317953014746,-0.000524895032868],[0.000763583695516,-0.00283923465759,0.00103695085272,-0.00264941947535,0.00246809259988,-0.00467309681699,0.00908359792084,-0.00603273231536,0.00610694801435,-0.00656154938042,0.00329075404443,-0.00231597805396,-0.000902739178855],[-0.000876169942785,0.00246052327566,-0.000697622774169,0.00306649436243,-0.00349703896791,0.0014293770073,-0.00603273231536,0.0182081479579,-0.0101690972224,0.00655959267169,-0.00392466131598,-0.00131796300411,0.00105272827204],[0.000828395714052,-0.00314241531305,0.000184055475984,-0.00274329050444,0.00204616505653,-0.00232101627626,0.00610694801435,-0.0101690972224,0.0196365658194,-0.0100248241797,-0.000540111097507,0.00312692602165,-0.00343748740852],[-0.000873458280694,0.00335457362235,-0.000966781110037,0.00229359488003,-0.00289300247096,0.00353085342795,-0.00656154938042,0.00655959267169,-0.0100248241797,0.0190630611032,-0.00701530417427,0.00145299325231,-0.00240951520391],[0.00097674515564,-0.00365583621897,0.000697865209077,-0.0031157634221,0.00383147550747,-0.00273918127641,0.00329075404443,-0.00392466131598,-0.000540111097507,-0.00701530417427,0.0237819943577,-0.0128772594035,0.00238985731266],[-0.000652325048577,0.0027877271641,-0.00147472892422,0.00464059738442,-0.00319810584188,0.00317953014746,-0.00231597805396,-0.00131796300411,0.00312692602165,0.00145299325231,-0.0128772594035,0.0335917398334,-0.0151494853199],[0.000424301309977,-0.00223821634427,0.000671557208989,-0.00373581959866,0.00268781394698,-0.000524895032868,-0.000902739178855,0.00105272827204,-0.00343748740852,-0.00240951520391,0.00238985731266,-0.0151494853199,0.0246756449342]],"mean":[-7.11428117752,98.2244033813,-113.262458801,35.48777771,-48.7361297607,6.22619199753,-29.6754112244,8.95655632019,-18.9593582153,2.5058016777,-12.6830568314,1.08852493763,-8.73149871826]},"hfc":{"dmean":4.54821872711,"dmean2":6.70444250107,"dvar":63.256690979,"dvar2":110.083274841,"max":311.172821045,"mean":21.2719860077,"median":17.6426773071,"min":1.20355784978e-16,"var":462.081481934},"melbands":{"dmean":[0.00160697114188,0.00154413410928,0.000787119963206,0.000295524689136,0.00020941006369,0.00020490179304,0.000137416369398,0.000153448287165,0.0000905766646611,0.000109149317723,0.0000745816432755,0.0000489785052196,0.0000762973795645,0.0000352334609488,0.0000355384145223,0.0000234841882047,0.0000209741083381,0.0000178438785952,0.0000199753449124,0.0000210405360122,0.000021820405891,0.0000132158938868,0.0000108934245873,0.00000976613864623,0.0000102528438219,0.00000761686033002,0.00000597417192694,0.00000566511289435,0.00000439654877482,0.00000449258095614,0.00000278481866189,0.00000203352919925,0.00000175029094862,0.00000211469614442,0.00000163547554166,0.00000109359018552,0.0000010255852203,7.65722461438e-7,4.44843266223e-7,3.26464714817e-7],"dmean2":[0.00251931790262,0.0025663357228,0.00130263983738,0.000507352408022,0.000344007858075,0.000332998548402,0.000218057597522,0.000244113369263,0.000141456912388,0.000167952704942,0.00011790960707,0.0000790981503087,0.000127106570289,0.0000567679126107,0.0000574568148295,0.0000380293968192,0.000034134798625,0.0000286529157165,0.0000329352551489,0.0000347641180269,0.0000357726275979,0.0000217702381633,0.0000176841240318,0.0000160219369718,0.0000166118134075,0.0000123952031572,0.00000962959165918,0.00000926729353523,0.000007086176538,0.00000708937295713,0.00000450795778306,0.00000341536519954,0.0000027412977488,0.0000031613885767,0.0000023616451017,0.00000154987105816,0.0000015541323819,0.00000123057907331,6.73044553423e-7,4.67836315465e-7],"dvar":[0.00000694751997798,0.00000656409929434,0.00000199468036044,2.35082637801e-7,1.03016091657e-7,9.94261455389e-8,5.02289907445e-8,9.78859375778e-8,3.52263249681e-8,6.36973851442e-8,2.79483174381e-8,9.52624201744e-9,2.04633394674e-8,4.93190910333e-9,5.63885338423e-9,3.31029981204e-9,1.41418798894e-9,1.3205048166e-9,1.37498989972e-9,1.67483260594e-9,1.43163736421e-9,4.58406507198e-10,3.89426740854e-10,2.57164678441e-10,2.86522666704e-10,1.88073348562e-10,1.13635059695e-10,1.11628518928e-10,9.99975380278e-11,9.16759029801e-11,5.45738593205e-11,2.51802727974e-11,4.52103354753e-11,1.12061623869e-10,5.99814503621e-11,2.94569750536e-11,2.99155318573e-11,8.91605712872e-12,1.35791237196e-12,4.7291473038e-13],"dvar2":[0.0000175150271389,0.0000176355006261,0.0000050538742471,6.48079890198e-7,2.8246725492e-7,2.63473111772e-7,1.24763147369e-7,2.45582128855e-7,8.69475655918e-8,1.60771350011e-7,7.0016369591e-8,2.17981721562e-8,5.20830241157e-8,1.21771250861e-8,1.38351188284e-8,7.79368658499e-9,3.52138163073e-9,3.15778536653e-9,3.63238172874e-9,4.64423877133e-9,3.8563570115e-9,1.19506471385e-9,9.30969745738e-10,6.0157950843e-10,7.1610045671e-10,4.57709037338e-10,2.80043488399e-10,2.80589107504e-10,2.33408653516e-10,2.08941378088e-10,1.31146107862e-10,6.30300603377e-11,9.39872207839e-11,2.34517266717e-10,1.12271671127e-10,5.4198159849e-11,6.37111197133e-11,2.11274522183e-11,3.14570396641e-12,9.78011074904e-13],"max":[0.0310420226306,0.0318521931767,0.0216676611453,0.00724003091455,0.00725164404139,0.00610702671111,0.00447261752561,0.00733442045748,0.00632896600291,0.00620626425371,0.00582759082317,0.00386482826434,0.0045859948732,0.0019222733099,0.00246246950701,0.00259602162987,0.000875070923939,0.000945033272728,0.000851991120726,0.000916880846489,0.000939676654525,0.000470701925224,0.00047868367983,0.000698521500453,0.000385408115108,0.000312000425765,0.000259561697021,0.000237546671997,0.000451069208793,0.000274863938102,0.000303428707412,0.000189661310287,0.00024671695428,0.00039119401481,0.000350506452378,0.000300660292851,0.00028901459882,0.000137851762702,0.0000336666416842,0.0000107045734694],"mean":[0.00257047871128,0.00263798213564,0.00124426826369,0.000478770758491,0.000385947903851,0.000371779169654,0.000256294209976,0.000260834000073,0.000175917215529,0.00020261775353,0.000127005114336,0.0000825350653031,0.000123758611153,0.0000639331774437,0.0000672308524372,0.0000433142122347,0.0000380331475753,0.0000329726062773,0.0000373328657588,0.0000398739684897,0.000043397074478,0.0000271967837762,0.0000214867486648,0.0000197149729502,0.0000221334576054,0.0000163891600096,0.0000120233789858,0.000010396000107,0.00000845104841574,0.00000919085596252,0.00000590974059378,0.00000364884158444,0.00000305543017021,0.00000365276855518,0.00000281655252365,0.00000186250099432,0.00000164515574852,0.00000118260936688,6.80947721321e-7,5.00477426613e-7],"median":[0.00131793133914,0.00166608055588,0.00076244736556,0.000324037770042,0.000251497462159,0.000230783582083,0.000136818533065,0.000104375496448,0.0000747472222429,0.0000693698384566,0.0000483251096739,0.0000393651062041,0.0000499397610838,0.0000257512929238,0.0000309457500407,0.0000219407047553,0.0000209512072615,0.0000160745003086,0.0000200881477213,0.0000206339773285,0.0000209001136682,0.0000156005262397,0.0000112872958198,0.0000114462181955,0.00001096068263,0.00000829186865303,0.00000621150502411,0.00000493774950883,0.00000428310750067,0.00000437728476754,0.00000288016894956,0.0000018778608819,9.07089258817e-7,5.9006436004e-7,4.69395757818e-7,2.99838973206e-7,2.3482940037e-7,1.81929635801e-7,1.36749392254e-7,1.11342352227e-7],"min":[4.10920445986e-24,1.5095508176e-23,1.97195299679e-23,1.09811441713e-23,7.55375021972e-24,1.9603696788e-23,1.26951519584e-23,2.19903055266e-23,1.77676640519e-23,1.43868570699e-23,5.66800031389e-24,1.01398524149e-23,8.17641706487e-24,6.80453430815e-24,1.09158327993e-23,1.15738201026e-23,1.00826260783e-23,7.40339964207e-24,1.41295211762e-23,5.71069859368e-24,6.7485914482e-24,7.03528164495e-24,8.8001417725e-24,9.1678787498e-24,9.77005808838e-24,1.29309164505e-23,1.39141069289e-23,9.20039796289e-24,5.99855512129e-24,1.23769183694e-23,1.12815305711e-23,6.32733499164e-24,8.90237104607e-24,1.2596176736e-23,9.584957399e-24,1.10479441239e-23,9.15588964176e-24,1.12986046766e-23,9.2105797906e-24,1.01422229419e-23],"var":[0.0000125900996863,0.00000932274633669,0.00000258255113295,2.95390520932e-7,1.87314938671e-7,1.99445338467e-7,1.22438137851e-7,2.04776000601e-7,1.09973569806e-7,1.60594197496e-7,6.13900041913e-8,2.42781101889e-8,5.28042463088e-8,1.18088276935e-8,1.44890250908e-8,7.21509874069e-9,2.95645263826e-9,3.42219896865e-9,3.34332517227e-9,3.76672248947e-9,3.75814313003e-9,1.16303855435e-9,1.11423881233e-9,8.81961170762e-10,9.01100971618e-10,5.17679732415e-10,2.86420331896e-10,2.76228068197e-10,2.35683889072e-10,2.41614311891e-10,1.49553119888e-10,5.59463586569e-11,1.33833458205e-10,3.3925978693e-10,2.08718306527e-10,8.46361869478e-11,6.72714800531e-11,2.1447612783e-11,3.13020161007e-12,1.02350018651e-12]},"melbands_crest":{"dmean":3.21027350426,"dmean2":5.17279434204,"dvar":8.2393989563,"dvar2":21.492313385,"max":32.4826889038,"mean":14.4788780212,"median":13.829536438,"min":2.04561972618,"var":28.5372562408},"melbands_flatness_db":{"dmean":0.0270402804017,"dmean2":0.0423764698207,"dvar":0.000896601821296,"dvar2":0.00212184828706,"max":0.686126291752,"mean":0.208916559815,"median":0.189115807414,"min":0.00475783785805,"var":0.00951718073338},"melbands_kurtosis":{"dmean":7.25988483429,"dmean2":11.6859312057,"dvar":150.467636108,"dvar2":411.064758301,"max":234.667922974,"mean":13.1699342728,"median":7.31714344025,"min":-1.834420681,"var":327.398620605},"melbands_skewness":{"dmean":0.759272217751,"dmean2":1.18334305286,"dvar":0.674505472183,"dvar2":1.71459388733,"max":11.7029628754,"mean":2.77091884613,"median":2.49711418152,"min":-1.36272251606,"var":2.60264658928},"melbands_spread":{"dmean":6.83138751984,"dmean2":10.8394584656,"dvar":79.8897781372,"dvar2":168.906723022,"max":214.758483887,"mean":24.571187973,"median":20.9914417267,"min":0.271741688251,"var":425.745117188},"mfcc":{"cov":[[12179.6044922,-254.348068237,-1253.75463867,519.752319336,131.708023071,866.290222168,584.694580078,317.474304199,341.116851807,109.329414368,-118.394454956,-35.450012207,-204.430053711],[-254.348068237,1118.74841309,-118.457344055,35.3909263611,32.0035133362,-85.9528274536,34.7600746155,71.3251342773,48.6368560791,5.28995275497,75.0253067017,41.8520126343,24.4567909241],[-1253.75463867,-118.457344055,825.285705566,-46.8754882812,15.6662693024,-18.3795795441,-21.5126419067,5.2619099617,-5.3839635849,48.2970504761,23.6946792603,21.9059734344,72.2713394165],[519.752319336,35.3909263611,-46.8754882812,303.131866455,61.5180892944,99.1307830811,65.5724487305,2.3671028614,61.8487548828,41.6927452087,4.46523284912,11.9833583832,19.1747665405],[131.708023071,32.0035133362,15.6662693024,61.5180892944,280.926940918,62.5767440796,-19.0114955902,30.169052124,0.37556001544,27.3007259369,6.91138458252,-17.0617008209,-11.4757232666],[866.290222168,-85.9528274536,-18.3795795441,99.1307830811,62.5767440796,219.591720581,122.769859314,30.0797080994,56.6272964478,30.2610912323,-0.169406801462,2.57430005074,-6.44344520569],[584.694580078,34.7600746155,-21.5126419067,65.5724487305,-19.0114955902,122.769859314,193.700271606,75.4763565063,56.0663108826,16.8519001007,14.7996530533,9.13133811951,4.30813121796],[317.474304199,71.3251342773,5.2619099617,2.3671028614,30.169052124,30.0797080994,75.4763565063,115.913642883,39.9704093933,7.72635746002,10.9803791046,3.05902242661,-6.98823356628],[341.116851807,48.6368560791,-5.3839635849,61.8487548828,0.37556001544,56.6272964478,56.0663108826,39.9704093933,106.675971985,43.0751037598,16.4547138214,24.9241409302,15.2992353439],[109.329414368,5.28995275497,48.2970504761,41.6927452087,27.3007259369,30.2610912323,16.8519001007,7.72635746002,43.0751037598,79.3689727783,33.0065727234,16.275396347,19.1276378632],[-118.394454956,75.0253067017,23.6946792603,4.46523284912,6.91138458252,-0.169406801462,14.7996530533,10.9803791046,16.4547138214,33.0065727234,71.8423156738,34.1538887024,15.1956329346],[-35.450012207,41.8520126343,21.9059734344,11.9833583832,-17.0617008209,2.57430005074,9.13133811951,3.05902242661,24.9241409302,16.275396347,34.1538887024,73.8667602539,34.7649612427],[-204.430053711,24.4567909241,72.2713394165,19.1747665405,-11.4757232666,-6.44344520569,4.30813121796,-6.98823356628,15.2992353439,19.1276378632,15.1956329346,34.7649612427,71.5172576904]],"icov":[[0.000164942408446,0.0000173072785401,0.000227190117585,-0.0000751596089685,0.000116933100799,-0.000551478879061,0.0000659749130136,-0.000394848524593,-0.00000428955399912,-0.000322569510899,0.000388441752875,-0.000164213270182,0.000267132098088],[0.0000173072785401,0.00115559075493,0.000215309657506,-0.000195627275389,-0.000360598613042,0.000961014360655,-0.000451983622042,-0.000355351017788,-0.00064547144575,0.000655272102449,-0.00115340366028,0.0000188758967852,-0.000290889089229],[0.000227190117585,0.000215309657506,0.00177485425957,0.000204770767596,0.0000951447436819,-0.000773254723754,0.000289797782898,-0.00103028398007,0.000431247404777,-0.00130832823925,0.000387712498195,0.0000575866579311,-0.00129792175721],[-0.0000751596089685,-0.000195627275389,0.000204770767596,0.00471021747217,-0.00114076095633,-0.000564040441532,-0.00130666431505,0.0020355982706,-0.00176612299401,-0.000916767807212,0.00083925522631,0.0000319952996506,-0.00114485854283],[0.000116933100799,-0.000360598613042,0.0000951447436819,-0.00114076095633,0.00556011451408,-0.00368302385323,0.00394395599142,-0.00377138331532,0.00224525900558,-0.00189554016106,-0.00046623122762,0.00132580357604,0.000102765799966],[-0.000551478879061,0.000961014360655,-0.000773254723754,-0.000564040441532,-0.00368302385323,0.0129755008966,-0.00806660577655,0.00492968223989,-0.00307573261671,0.000377570511773,0.000308781920467,-0.00089138164185,0.00149798381608],[0.0000659749130136,-0.000451983622042,0.000289797782898,-0.00130666431505,0.00394395599142,-0.00806660577655,0.0141238095239,-0.00822586193681,0.000608141359407,0.000771803257521,-0.00246227881871,0.00195836485364,-0.00211319187656],[-0.000394848524593,-0.000355351017788,-0.00103028398007,0.0020355982706,-0.00377138331532,0.00492968223989,-0.00822586193681,0.0169957373291,-0.00566475279629,0.00257027242333,-0.0009455702384,2.22527507532e-8,0.00220874953084],[-0.00000428955399912,-0.00064547144575,0.000431247404777,-0.00176612299401,0.00224525900558,-0.00307573261671,0.000608141359407,-0.00566475279629,0.018204241991,-0.00863058678806,0.00299403746612,-0.00408331491053,-0.000498057866935],[-0.000322569510899,0.000655272102449,-0.00130832823925,-0.000916767807212,-0.00189554016106,0.000377570511773,0.000771803257521,0.00257027242333,-0.00863058678806,0.0237667672336,-0.0111168529838,0.00391169637442,-0.00369339669123],[0.000388441752875,-0.00115340366028,0.000387712498195,0.00083925522631,-0.00046623122762,0.000308781920467,-0.00246227881871,-0.0009455702384,0.00299403746612,-0.0111168529838,0.0252126976848,-0.0108961798251,0.00316929048859],[-0.000164213270182,0.0000188758967852,0.0000575866579311,0.0000319952996506,0.00132580357604,-0.00089138164185,0.00195836485364,2.22527507532e-8,-0.00408331491053,0.00391169637442,-0.0108961798251,0.0237488895655,-0.00993015803397],[0.000267132098088,-0.000290889089229,-0.00129792175721,-0.00114485854283,0.000102765799966,0.00149798381608,-0.00211319187656,0.00220874953084,-0.000498057866935,-0.00369339669123,0.00316929048859,-0.00993015803397,0.0222069155425]],"mean":[-641.883300781,124.618133545,-4.04645633698,32.2675323486,3.84817695618,4.26738405228,0.362179845572,4.38850355148,1.71834480762,1.06899988651,-0.271606326103,2.17923927307,0.935983359814]},"pitch_salience":{"dmean":0.0776473134756,"dmean2":0.127423390746,"dvar":0.00542041612789,"dvar2":0.0144840097055,"max":0.92330044508,"mean":0.525322318077,"median":0.534889936447,"min":0.0491723492742,"var":0.0142978262156},"silence_rate_20dB":{"dmean":0,"dmean2":0,"dvar":0,"dvar2":0,"max":1,"mean":1,"median":1,"min":1,"var":0},"silence_rate_30dB":{"dmean":0.00216630566865,"dmean2":0.0043329722248,"dvar":0.00216135010123,"dvar2":0.00614706240594,"max":1,"mean":0.998750329018,"median":1,"min":0,"var":0.00124828948174},"silence_rate_60dB":{"dmean":0.0119980005547,"dmean2":0.0239979997277,"dvar":0.0118485894054,"dvar2":0.0265920199454,"max":1,"mean":0.0683162510395,"median":0,"min":0,"var":0.0636514574289},"spectral_centroid":{"dmean":242.631210327,"dmean2":382.907104492,"dvar":68257.3671875,"dvar2":151138.578125,"max":10427.4560547,"mean":1509.80725098,"median":1469.49755859,"min":135.726303101,"var":478517},"spectral_complexity":{"dmean":3.28678560257,"dmean2":5.28905916214,"dvar":11.7346458435,"dvar2":27.9038848877,"max":59,"mean":22.173789978,"median":23,"min":0,"var":124.720573425},"spectral_contrast_coeffs":{"dmean":[0.0475617535412,0.0455083288252,0.0383126027882,0.0301475524902,0.0219769626856,0.0186178628355],"dmean2":[0.0781720131636,0.074355237186,0.0619946718216,0.0492824688554,0.0356881059706,0.0289099309593],"dvar":[0.00162534834817,0.00135976623278,0.000947383174207,0.000569403462578,0.000365715706721,0.000298749742797],"dvar2":[0.0042869169265,0.00361976446584,0.00241770292632,0.00147505104542,0.000878344464581,0.000660651596263],"max":[-0.283610165119,-0.386078000069,-0.529312551022,-0.549424648285,-0.517669022083,-0.593246102333],"mean":[-0.663779675961,-0.722607851028,-0.765501797199,-0.778563439846,-0.777577996254,-0.749998271465],"median":[-0.670982122421,-0.728331148624,-0.769003987312,-0.778358221054,-0.776256918907,-0.757839679718],"min":[-0.997131347656,-0.987714886665,-0.978239774704,-0.962621629238,-0.960561215878,-0.955668509007],"var":[0.00717677921057,0.00467781722546,0.00332823675126,0.00254777492955,0.00263520353474,0.00344811636023]},"spectral_contrast_valleys":{"dmean":[0.36519113183,0.3211568892,0.292996555567,0.260582655668,0.227643027902,0.321237385273],"dmean2":[0.595496535301,0.523617506027,0.471703380346,0.406899571419,0.35396361351,0.431585609913],"dvar":[0.108529090881,0.0817381069064,0.0741723030806,0.0781964883208,0.104214705527,0.180071368814],"dvar2":[0.258560687304,0.195473521948,0.16532677412,0.16111639142,0.209653779864,0.353472203016],"max":[-5.12765598297,-4.82306194305,-5.12121248245,-5.82916927338,-5.54952287674,-7.42603349686],"mean":[-7.1860203743,-6.79572105408,-7.40761899948,-7.78992033005,-7.61843442917,-10.3587179184],"median":[-6.69138383865,-6.47733974457,-7.03298711777,-7.39162445068,-7.16580247879,-10.1963768005],"min":[-26.7913322449,-27.3547668457,-27.4225578308,-27.0886688232,-27.2017192841,-27.3056488037],"var":[2.83413672447,1.97458970547,2.52201294899,2.62924981117,2.65030741692,2.30052375793]},"spectral_decrease":{"dmean":2.38648611983e-9,"dmean2":3.77453401867e-9,"dvar":9.44332300194e-18,"dvar2":2.42519909198e-17,"max":5.04226769012e-17,"mean":-7.58850582372e-9,"median":-6.6884875416e-9,"min":-3.67957220249e-8,"var":2.86468958129e-17},"spectral_energy":{"dmean":0.00921378005296,"dmean2":0.0145134087652,"dvar":0.000137090828503,"dvar2":0.000349997368176,"max":0.142205938697,"mean":0.0305701717734,"median":0.0272402912378,"min":1.06506450891e-20,"var":0.000446326943347},"spectral_energyband_high":{"dmean":0.000406906212447,"dmean2":0.000589967530686,"dvar":0.00000117601416605,"dvar2":0.00000183994620784,"max":0.0452248863876,"mean":0.000997947878204,"median":0.000518213317264,"min":7.53570342986e-21,"var":0.00000611389941696},"spectral_energyband_low":{"dmean":0.00818252656609,"dmean2":0.0132741862908,"dvar":0.0001438518957,"dvar2":0.00038134100032,"max":0.128797575831,"mean":0.0154167572036,"median":0.0105530191213,"min":8.02552753745e-23,"var":0.000262260786258},"spectral_energyband_middle_high":{"dmean":0.00133609434124,"dmean2":0.00211328710429,"dvar":0.00000288433943751,"dvar2":0.00000708355946699,"max":0.0459122285247,"mean":0.00549607397988,"median":0.00451272027567,"min":1.44852209565e-21,"var":0.000023925489586},"spectral_energyband_middle_low":{"dmean":0.00354856974445,"dmean2":0.00578681798652,"dvar":0.0000210849266296,"dvar2":0.0000546407100046,"max":0.0661901310086,"mean":0.0101938406006,"median":0.00848173443228,"min":4.52157955746e-22,"var":0.0000635628821328},"spectral_entropy":{"dmean":0.136540263891,"dmean2":0.201888471842,"dvar":0.037835072726,"dvar2":0.0798782706261,"max":9.77442550659,"mean":7.54300022125,"median":7.65918731689,"min":3.89592838287,"var":0.465576916933},"spectral_flux":{"dmean":0.0223554540426,"dmean2":0.0352073796093,"dvar":0.000581942731515,"dvar2":0.00139750458766,"max":0.286934733391,"mean":0.0851713865995,"median":0.0808599665761,"min":1.03201960866e-10,"var":0.00198126607575},"spectral_kurtosis":{"dmean":2.25454831123,"dmean2":3.60289764404,"dvar":63.1336746216,"dvar2":124.998802185,"max":311.018432617,"mean":7.89295911789,"median":3.81261968613,"min":-1.18650150299,"var":485.386566162},"spectral_rms":{"dmean":0.000766061013564,"dmean2":0.00118065287825,"dvar":6.82116251483e-7,"dvar2":0.00000168980761828,"max":0.0117786880583,"mean":0.00506321759894,"median":0.00515518104658,"min":3.22348788287e-12,"var":0.00000418840863858},"spectral_rolloff":{"dmean":450.311523438,"dmean2":743.90032959,"dvar":455418.28125,"dvar2":980325.25,"max":21705.46875,"mean":1521.82409668,"median":1076.66015625,"min":64.599609375,"var":4069042.5},"spectral_skewness":{"dmean":0.229260653257,"dmean2":0.365879058838,"dvar":0.206617727876,"dvar2":0.415458470583,"max":15.4166927338,"mean":1.64999520779,"median":1.36538696289,"min":-0.0767663791776,"var":2.15302968025},"spectral_spread":{"dmean":482651.15625,"dmean2":670818.1875,"dvar":365202571264,"dvar2":637262364672,"max":40917876,"mean":4220210,"median":3826361.5,"min":343168.375,"var":3391476989950},"spectral_strongpeak":{"dmean":0.322808414698,"dmean2":0.55467659235,"dvar":0.430515110493,"dvar2":1.13353168964,"max":16.2621536255,"mean":0.566035032272,"median":0.334688782692,"min":0,"var":0.599723160267},"zerocrossingrate":{"dmean":0.00855667889118,"dmean2":0.0101599199697,"dvar":0.000118466065032,"dvar2":0.000119887743494,"max":0.79638671875,"mean":0.0592446289957,"median":0.05224609375,"min":0.00244140625,"var":0.00410771090537}},"metadata":{"audio_properties":{"analysis_sample_rate":44100,"bit_rate":0,"codec":"flac","downmix":"mix","equal_loudness":0,"length":278.666656494,"lossless":true,"md5_encoded":"dd0b77248c4028e825661c5fb03903b2","replay_gain":-15.4381580353,"sample_rate":44100},"tags":{"album":["In This Light and on This Evening"],"albumartist":["Editors"],"albumartistsort":["Editors"],"artist":["Editors"],"artistsort":["Editors"],"asin":["B002I6251G"],"composer":["Ed Lay","Chris Urbanowicz","Russell Leetch","Thomas Smith"],"date":["2009-10-09"],"discid":["670a3c09"],"file_name":"04 - Editors - You Don't Know Love.flac","format":["CD"],"genre":["Alternative Rock","Britpop","Indie Rock","Indie","Post Punk","British","Synthpop","New Wave","Post-Punk","Rock","80S","Alternative","Electronic"],"isrc":["GBGAC0900030"],"label":["Kitchenware Records"],"language":["eng"],"mixer":["Cenzo Townshend"],"musicbrainz_albumartistid":["0efe858c-89e5-4e47-906a-356fa953fd6e"],"musicbrainz_albumid":["f2fc5441-88f1-456b-aa80-770fe66961a8"],"musicbrainz_artistid":["0efe858c-89e5-4e47-906a-356fa953fd6e"],"musicbrainz_recordingid":["ee903bca-696b-4058-96ca-0e0b3b5728d5"],"musicip_puid":["f2580885-4bc4-06dd-3a68-6b2d3b802304"],"originaldate":["2009-10-09"],"producer":["Flood"],"releasecountry":["DE"],"releasestatus":["official"],"releasetype":["album"],"replaygain_album_gain":["-9.77 dB"],"replaygain_album_peak":["1.00000000"],"replaygain_reference_loudness":["89.0 dB"],"replaygain_track_gain":["-10.25 dB"],"replaygain_track_peak":["0.99783325"],"script":["Latn"],"title":["You Don't Know Love"],"totaltracks":["9"],"tracknumber":["4"],"tracktotal":["9"]},"version":{"essentia":"2.1-beta1","essentia_build_sha":"81dca3489dfd3c4275b86ac4d56d870715677d3f","essentia_git_sha":"v2.1_beta1-28-g21ef5f4","extractor":"music 1.0"}},"rhythm":{"beats_count":602,"beats_loudness":{"dmean":0.0185504164547,"dmean2":0.0306564737111,"dvar":0.000258084095549,"dvar2":0.000753194908611,"max":0.12186472863,"mean":0.0436167828739,"medi