{"lowlevel":{"average_loudness":0.836957454681,"barkbands":{"dmean":[0.00939331762493,0.0207864549011,0.00494241947308,0.00218144245446,0.0027736639604,0.000794525956735,0.00114578276407,0.000700977863744,0.000721726333722,0.00052885065088,0.000441764248535,0.000496594992001,0.00034917742596,0.000221520385821,0.000168266531546,0.0000914428819669,0.000109291213448,0.0000572325261601,0.0000523155758856,0.0000497686669405,0.0000556321247132,0.0000310513169097,0.0000226884767471,0.0000186806555575,0.00000647845081403,0.0000222450453293,0.0000956327276072],"dmean2":[0.0167298633605,0.0361731015146,0.00836005993187,0.0037043786142,0.00461233966053,0.00134165235795,0.00184828485362,0.00109961081762,0.00111542874947,0.000826122122817,0.000699483556673,0.000778354122303,0.000571515935007,0.000363106519217,0.000275712140137,0.000151860120241,0.000172382977325,0.0000904679618543,0.000082571124949,0.0000739419629099,0.0000817544132587,0.0000443834906036,0.0000326063709508,0.0000257387819147,0.0000109730162876,0.0000296718644677,0.000139591124025],"dvar":[0.000259106600424,0.000695328984875,0.0000606570538366,0.0000130010712383,0.0000155148409249,0.00000178565505848,0.00000507267714056,0.00000199468581741,0.00000312509496325,0.00000123716984035,0.00000104900595943,9.85945916909e-7,5.70104191411e-7,2.36719429836e-7,1.13901144516e-7,4.53539570344e-8,1.20372746437e-7,3.11217043247e-8,3.97558537202e-8,4.46389165631e-8,8.31860020867e-8,1.21013785659e-8,4.52440174215e-9,1.73275549464e-9,1.50291862289e-10,2.67852695579e-9,3.60324108328e-8],"dvar2":[0.000752897700295,0.00198544748127,0.000168372527696,0.0000346157794411,0.0000407208426623,0.00000489998092235,0.0000134944384627,0.0000043476202336,0.00000714431189408,0.00000285482269646,0.00000261382479039,0.0000023227858037,0.0000015292646367,5.79876484608e-7,2.78384078456e-7,1.1314487125e-7,2.69538588782e-7,6.85722625349e-8,8.61932960561e-8,8.4777255438e-8,1.72849311753e-7,2.29978738275e-8,9.44148581539e-9,2.841314517e-9,3.25361820819e-10,4.71120831236e-9,7.93086130102e-8],"max":[0.332639038563,0.330377876759,0.120343625546,0.088551223278,0.0818329229951,0.0407438352704,0.0514283031225,0.0409296005964,0.0562414638698,0.0285981893539,0.0374499969184,0.0285760518163,0.0192334093153,0.0144331455231,0.0104763628915,0.00871536228806,0.017774797976,0.0088935540989,0.0103670079261,0.0111576095223,0.0127369845286,0.00373370130546,0.00255078147165,0.0013070293935,0.000654666160699,0.00144090480171,0.00830238126218],"mean":[0.0143509339541,0.0338112972677,0.00720634916797,0.00306690600701,0.00518565252423,0.00127429934219,0.00234752101824,0.00129432813264,0.00128062767908,0.00103293941356,0.000824371410999,0.000953059468884,0.000625931657851,0.000408103369409,0.000321275671013,0.000165387536981,0.000206966724363,0.000106404993858,0.000104226477561,0.0001014415393,0.000108927066321,0.0000541885929124,0.0000353768227797,0.00003071001629,0.00000750562458052,0.0000374230294256,0.000358600722393],"median":[0.00624481588602,0.0245212353766,0.00335664162412,0.00149651488755,0.00348933949135,0.000706118298694,0.00104042387102,0.000498746114317,0.000432859465946,0.000328212510794,0.00023982123821,0.000367792526959,0.000228589124163,0.00013447132369,0.000133917113999,0.0000600005114393,0.0000645970721962,0.0000310639588861,0.0000338595709763,0.0000252855170402,0.000020276162104,0.00000943140912568,0.0000041729572331,0.00000236433402279,7.50343133404e-7,0.00000400097997044,0.000106545834569],"min":[7.66175977296e-25,3.43352340086e-24,1.63352750721e-24,3.93006632632e-25,5.64917414839e-24,3.94594772337e-24,7.64851213596e-24,1.01880297281e-23,2.04442738364e-23,1.07380282844e-23,1.10051728745e-23,2.39902635588e-23,2.1865362581e-23,2.35940581692e-23,4.15869388541e-23,3.6618102805e-23,6.71874095154e-23,1.04153620861e-22,1.2517893493e-22,1.13304861745e-22,2.27823004184e-22,3.30050087875e-22,3.29710688359e-22,5.40845914384e-22,9.04563904118e-22,1.34404510493e-21,1.79349054037e-21],"var":[0.000406135397498,0.00112340028863,0.000111929744889,0.0000224498835451,0.0000327628804371,0.00000299249586533,0.0000139685462273,0.00000596276913711,0.00000821605044621,0.00000398058773499,0.0000030432308904,0.00000274852754956,0.00000121621394555,5.83395546983e-7,2.88402929982e-7,8.96189789046e-8,2.90815478365e-7,7.98781414346e-8,1.03377253424e-7,1.64516563927e-7,2.42708011911e-7,3.53676909981e-8,9.71335367694e-9,5.96614402326e-9,3.48615719625e-10,7.6998647458e-9,3.51965297796e-7]},"barkbands_crest":{"dmean":3.21038651466,"dmean2":5.51208305359,"dvar":7.02081441879,"dvar2":20.3106040955,"max":25.5918235779,"mean":12.9471311569,"median":12.56782341,"min":2.74922013283,"var":18.8085517883},"barkbands_flatness_db":{"dmean":0.0403945185244,"dmean2":0.0690030828118,"dvar":0.00182477803901,"dvar2":0.00489488244057,"max":0.636887133121,"mean":0.209314391017,"median":0.198836088181,"min":0.0295730158687,"var":0.00604461366311},"barkbands_kurtosis":{"dmean":9.57184505463,"dmean2":16.1667938232,"dvar":230.614715576,"dvar2":642.508361816,"max":545.32824707,"mean":19.420753479,"median":11.6647529602,"min":-1.71271085739,"var":652.645202637},"barkbands_skewness":{"dmean":0.862927019596,"dmean2":1.43415927887,"dvar":0.721340179443,"dvar2":1.98096179962,"max":17.0253562927,"mean":3.19345378876,"median":2.91956615448,"min":-2.11650180817,"var":3.07403111458},"barkbands_spread":{"dmean":3.71875524521,"dmean2":6.11699914932,"dvar":19.2505950928,"dvar2":43.840587616,"max":93.4196166992,"mean":12.2296648026,"median":9.75374126434,"min":0.225169792771,"var":103.257484436},"dissonance":{"dmean":0.0235958080739,"dmean2":0.0400050953031,"dvar":0.000560291402508,"dvar2":0.00154107995331,"max":0.500000178814,"mean":0.453994601965,"median":0.463673084974,"min":0.231952577829,"var":0.00133816269226},"dynamic_complexity":2.9544608593,"erbbands":{"dmean":[1.06951117516,3.36065077782,5.39544868469,6.34284925461,8.342253685,10.439245224,8.64158344269,6.59389209747,13.3285264969,17.6481285095,14.5373868942,14.5752334595,17.5412807465,15.9378271103,16.3112125397,18.7580833435,15.5975503922,12.072218895,7.90626335144,8.12250900269,4.61305713654,5.82797145844,2.85554981232,3.58127999306,2.26268577576,2.00361394882,2.51552915573,2.04770517349,1.25678193569,0.875229179859,0.621705830097,0.459654003382,0.276461958885,0.0920127034187,0.0384923741221,0.0488056093454,0.0464058332145,0.0292483326048,0.00777176907286,0.00282150437124],"dmean2":[1.86340034008,5.88809299469,9.15924835205,10.7579774857,14.0416049957,17.3749027252,14.4019975662,11.2719278336,22.008310318,27.7662601471,22.7477016449,22.5498332977,27.6443061829,24.9445514679,25.7654685974,29.3248558044,25.1312408447,19.7350711823,12.8813495636,13.2911567688,7.54478216171,9.15533065796,4.47885322571,5.60567712784,3.46310400963,2.91912865639,3.66978168488,3.01549196243,1.80128991604,1.27310240269,0.896956086159,0.636451840401,0.394289165735,0.145470321178,0.06857226789,0.0711376145482,0.060220155865,0.0398391671479,0.0105119617656,0.00429863575846],"dvar":[2.07256793976,19.8141613007,64.0010375977,104.503143311,165.662628174,257.563140869,237.489440918,136.296310425,844.620849609,1482.43286133,1003.44958496,1339.01611328,1645.58520508,1070.62316895,1225.73681641,1480.1048584,1155.2298584,753.524108887,219.078918457,379.427337646,91.837638855,332.848205566,56.1664581299,248.558609009,63.178604126,51.8894271851,178.005020142,121.640075684,24.72423172,10.3893356323,2.99615979195,1.10548138618,0.389248162508,0.0344936698675,0.00502464268357,0.0101443883032,0.00976548157632,0.0125196529552,0.000400295451982,0.0000228753597185],"dvar2":[5.96308422089,57.1921806335,174.712646484,286.271697998,441.394622803,639.755981445,624.143981934,385.421020508,2317.35449219,3458.18774414,2236.51660156,2991.13525391,3918.48706055,2456.12084961,3016.44921875,3453.32592773,3030.69604492,1878.48742676,546.026855469,894.31060791,231.756195068,731.581604004,121.780235291,545.485290527,122.698631287,91.6688766479,355.668304443,265.701293945,48.9852752686,21.7083816528,6.13809108734,1.8158904314,0.666758775711,0.0640649721026,0.0126205664128,0.0164854545146,0.0150410467759,0.0248501449823,0.000666030216962,0.0000521882830071],"max":[17.4715270996,70.5072402954,143.787063599,199.763839722,336.289398193,325.643676758,618.885437012,266.812774658,832.739379883,1725.7388916,841.32244873,1735.51208496,1207.15649414,1154.21264648,1197.3927002,1471.44641113,997.687011719,713.917236328,331.329528809,717.704345703,287.669555664,882.70098877,331.669006348,910.752319336,326.719177246,357.951934814,607.151855469,574.626159668,187.06137085,126.733451843,75.0846176147,38.8480644226,22.4284877777,12.4225063324,2.38510680199,4.79237985611,3.31433844566,4.11778116226,0.741005897522,0.189374774694],"mean":[1.68923377991,4.89806127548,8.31802749634,9.85666561127,13.6010904312,18.1063289642,14.9137868881,10.6683492661,25.5537796021,37.291633606,27.8938694,26.7301025391,33.943069458,33.8957939148,34.7114677429,38.2641181946,30.4254837036,23.2582836151,16.5030975342,15.5703163147,9.28009319305,11.3074388504,5.92392683029,6.87532186508,4.75009202957,4.28488111496,4.87553930283,3.7283475399,2.21796512604,1.31182897091,0.981765985489,0.770436346531,0.43752476573,0.122917756438,0.0390176475048,0.0754834339023,0.0814464837313,0.0506143905222,0.0245482120663,0.0130079267547],"median":[1.11717391014,3.15293121338,4.49300861359,5.30251789093,8.02083587646,10.5569610596,8.64938354492,5.61484336853,11.1695709229,15.5181570053,11.2660474777,9.33763885498,12.6895160675,12.4993782043,12.5944070816,15.7810611725,11.9194717407,8.19723320007,7.06883525848,5.79930591583,3.58129692078,3.62917399406,1.98131656647,1.89975738525,1.50182390213,1.19195318222,0.900698065758,0.660467386246,0.378435671329,0.193275526166,0.107993625104,0.0624815002084,0.032942533493,0.0117297526449,0.00404969137162,0.00716431066394,0.00869805272669,0.00944044440985,0.00765048991889,0.00690427049994],"min":[1.46338342732e-22,6.6319195514e-22,2.66087907771e-21,4.16170681657e-21,5.27457856826e-21,2.78634109128e-20,2.03989831483e-20,5.00611903916e-20,1.1032474891e-19,1.64243289293e-19,3.04706092403e-19,4.91532071579e-19,6.18950869739e-19,7.50253797863e-19,8.5478636963e-19,1.18650445853e-18,1.34196612702e-18,1.50763034458e-18,1.4657147248e-18,3.05909712573e-18,2.99804457908e-18,5.43667973118e-18,5.74455470081e-18,5.6149450114e-18,8.78637615945e-18,5.73911226597e-18,1.07369358727e-17,9.35283192446e-18,1.08189086442e-17,1.12415574053e-17,1.05322417583e-17,9.69576115409e-18,1.00439975745e-17,7.91918151194e-18,6.01128570677e-18,4.24688629914e-18,2.39276922791e-18,1.00750826084e-18,2.63437095215e-19,2.61118931242e-20],"var":[3.27590632439,29.7885627747,119.840110779,183.890701294,310.452301025,568.163635254,434.37878418,223.440795898,2019.61193848,4448.16943359,2721.09619141,3681.82739258,4322.49853516,3616.93603516,3894.59130859,4345.38720703,2698.06298828,1769.33215332,621.065795898,919.94342041,223.298019409,851.240600586,169.080535889,616.602111816,213.007522583,217.040390015,548.929870605,287.930480957,71.9217987061,19.0368328094,7.2443356514,3.94577693939,1.25389778614,0.10497995466,0.00754888448864,0.0352434702218,0.0352559573948,0.0229939930141,0.00226256041788,0.00029346239171]},"erbbands_crest":{"dmean":2.38890624046,"dmean2":3.91632199287,"dvar":5.22728061676,"dvar2":12.9736595154,"max":31.2685890198,"mean":8.68723583221,"median":7.67431402206,"min":2.0524623394,"var":16.6454296112},"erbbands_flatness_db":{"dmean":0.030673103407,"dmean2":0.051528993994,"dvar":0.00122135609854,"dvar2":0.0029700465966,"max":0.412756532431,"mean":0.154864117503,"median":0.151011347771,"min":0.0360896214843,"var":0.00352958543226},"erbbands_kurtosis":{"dmean":0.906486749649,"dmean2":1.44243955612,"dvar":1.98229658604,"dvar2":5.09285116196,"max":34.5387306213,"mean":0.788614034653,"median":0.212691664696,"min":-1.68126642704,"var":4.92053890228},"erbbands_skewness":{"dmean":0.34863370657,"dmean2":0.549749076366,"dvar":0.118785180151,"dvar2":0.293994694948,"max":5.06626701355,"mean":0.261899232864,"median":0.293968886137,"min":-3.56949424744,"var":0.547216653824},"erbbands_spread":{"dmean":6.45323038101,"dmean2":9.92316532135,"dvar":44.7127532959,"dvar2":97.230682373,"max":119.596763611,"mean":30.9018325806,"median":28.0423774719,"min":1.79247963428,"var":235.57749939},"gfcc":{"cov":[[18668.2304688,-1405.08435059,-1036.23693848,676.021606445,-778.634338379,23.5248889923,-224.901199341,-3.84245610237,-139.426544189,177.497039795,-318.563842773,107.754318237,-471.236175537],[-1405.08435059,1970.88122559,-289.356048584,-617.662597656,431.028900146,-367.388183594,382.098358154,-229.345565796,118.365364075,-159.303100586,160.443710327,-130.396072388,185.033248901],[-1036.23693848,-289.356048584,494.79498291,146.723098755,-116.297462463,248.469024658,-172.192977905,128.587844849,-46.8942451477,32.3184890747,-15.1737298965,19.9096450806,-16.555688858],[676.021606445,-617.662597656,146.723098755,418.002258301,-65.342376709,84.6571426392,-124.021194458,47.6895980835,-25.3049354553,58.0741157532,-69.2359771729,43.0298690796,-80.7547302246],[-778.634338379,431.028900146,-116.297462463,-65.342376709,306.547668457,-121.36869812,164.630599976,-93.8357009888,73.4681625366,-43.2807350159,60.5096168518,-29.2960910797,66.7430648804],[23.5248889923,-367.388183594,248.469024658,84.6571426392,-121.36869812,308.690185547,-144.6015625,128.703582764,-70.9596710205,30.8331890106,-17.9072685242,33.1450462341,-26.5154571533],[-224.901199341,382.098358154,-172.192977905,-124.021194458,164.630599976,-144.6015625,271.573181152,-89.0072555542,73.2002868652,-38.1285400391,32.8426094055,-14.7298316956,48.7371101379],[-3.84245610237,-229.345565796,128.587844849,47.6895980835,-93.8357009888,128.703582764,-89.0072555542,178.558776855,-6.22095918655,27.0787067413,-12.2729520798,0.307780325413,5.39619827271],[-139.426544189,118.365364075,-46.8942451477,-25.3049354553,73.4681625366,-70.9596710205,73.2002868652,-6.22095918655,118.787895203,18.326543808,13.9012680054,-8.4969587326,4.02200269699],[177.497039795,-159.303100586,32.3184890747,58.0741157532,-43.2807350159,30.8331890106,-38.1285400391,27.0787067413,18.326543808,83.0438079834,16.8110160828,5.40973854065,-20.1308994293],[-318.563842773,160.443710327,-15.1737298965,-69.2359771729,60.5096168518,-17.9072685242,32.8426094055,-12.2729520798,13.9012680054,16.8110160828,79.8193054199,12.2644262314,28.7669143677],[107.754318237,-130.396072388,19.9096450806,43.0298690796,-29.2960910797,33.1450462341,-14.7298316956,0.307780325413,-8.4969587326,5.40973854065,12.2644262314,67.2242202759,7.21748495102],[-471.236175537,185.033248901,-16.555688858,-80.7547302246,66.7430648804,-26.5154571533,48.7371101379,5.39619827271,4.02200269699,-20.1308994293,28.7669143677,7.21748495102,100.13343811]],"icov":[[0.000110522778414,-0.000145701764268,0.000529648095835,-0.000400020624511,0.00043618795462,-0.000318167876685,-0.0000181122832146,-0.00000289399895337,-0.0000570919619349,-0.0000616495017312,0.0000642635277472,-0.0000490958118462,0.000163290635101],[-0.000145701764268,0.00226561096497,-0.00128533772659,0.00200261943974,-0.000947427353822,0.0010955290636,-0.000324284745147,0.00129511288833,-0.000804196228273,0.00247919745743,-0.00270019029267,0.00303579634055,-0.00137241871562],[0.000529648095835,-0.00128533772659,0.00707603013143,-0.00465595815331,0.00434866175056,-0.00543514080346,0.000997964292765,0.000673589820508,-0.0025850222446,0.00200814660639,-0.00263619190082,0.00248564314097,-0.00149136735126],[-0.000400020624511,0.00200261943974,-0.00465595815331,0.0105963451788,-0.00875346921384,0.00531350215897,0.000918341102079,-0.0030936577823,0.00503573333845,-0.0072495630011,0.00965537875891,-0.00820915959775,0.00531218294054],[0.00043618795462,-0.000947427353822,0.00434866175056,-0.00875346921384,0.0160901304334,-0.00604383135214,-0.00224737869576,0.00691534765065,-0.00935900676996,0.011153658852,-0.0143579998985,0.0126773873344,-0.00831160414964],[-0.000318167876685,0.0010955290636,-0.00543514080346,0.00531350215897,-0.00604383135214,0.0115024447441,0.000468474492664,-0.00608690921217,0.00696395710111,-0.00504103349522,0.00544227613136,-0.0075455326587,0.00472638895735],[-0.0000181122832146,-0.000324284745147,0.000997964292765,0.000918341102079,-0.00224737869576,0.000468474492664,0.00773816881701,0.000902259955183,-0.00245335232466,0.000507068121806,0.00116602424532,-0.00147996190935,-0.000801146030426],[-0.00000289399895337,0.00129511288833,0.000673589820508,-0.0030936577823,0.00691534765065,-0.00608690921217,0.000902259955183,0.0144692724571,-0.00831507239491,0.00655985344201,-0.00836157426238,0.011356071569,-0.00899406149983],[-0.0000570919619349,-0.000804196228273,-0.0025850222446,0.00503573333845,-0.00935900676996,0.00696395710111,-0.00245335232466,-0.00831507239491,0.0198790989816,-0.0138083826751,0.0118096265942,-0.0113734267652,0.00842809583992],[-0.0000616495017312,0.00247919745743,0.00200814660639,-0.0072495630011,0.011153658852,-0.00504103349522,0.000507068121806,0.00655985344201,-0.0138083826751,0.0321817919612,-0.0244401954114,0.017251001671,-0.00695307925344],[0.0000642635277472,-0.00270019029267,-0.00263619190082,0.00965537875891,-0.0143579998985,0.00544227613136,0.00116602424532,-0.00836157426238,0.0118096265942,-0.0244401954114,0.040225725621,-0.0241611152887,0.00833474099636],[-0.0000490958118462,0.00303579634055,0.00248564314097,-0.00820915959775,0.0126773873344,-0.0075455326587,-0.00147996190935,0.011356071569,-0.0113734267652,0.017251001671,-0.0241611152887,0.037338539958,-0.0142151806504],[0.000163290635101,-0.00137241871562,-0.00149136735126,0.00531218294054,-0.00831160414964,0.00472638895735,-0.000801146030426,-0.00899406149983,0.00842809583992,-0.00695307925344,0.00833474099636,-0.0142151806504,0.0218887124211]],"mean":[-19.4666728973,126.632270813,-72.5739593506,-1.18792235851,-8.70401859283,-6.03354501724,2.94245028496,-12.9270830154,-0.210434168577,-5.40101242065,-1.43714511395,-2.89488744736,-4.88486528397]},"hfc":{"dmean":58.9803848267,"dmean2":98.1063995361,"dvar":6298.27587891,"dvar2":17009.0078125,"max":1747.26904297,"mean":185.157043457,"median":140.362960815,"min":1.07012567604e-16,"var":26597.6445312},"melbands":{"dmean":[0.00731765665114,0.00305282673799,0.00109119422268,0.000633779447526,0.000339784717653,0.000146700651385,0.000210912170587,0.000183267111424,0.00011441832612,0.0000975537186605,0.0000897917270777,0.000067346925789,0.0000614878663328,0.0000573031684326,0.0000447172169515,0.0000329727117787,0.0000219679277507,0.0000138459308801,0.0000134577621793,0.0000081187372416,0.00000566413746128,0.00000684261885908,0.00000413468069382,0.00000271299472843,0.00000323833637594,0.0000015412230141,0.00000200521526494,0.00000128227941332,0.00000194695167011,0.00000118208026834,0.00000115007549084,7.90219587543e-7,5.42858174413e-7,4.72551761277e-7,3.90891102597e-7,3.23752743725e-7,2.8539184882e-7,2.30544230817e-7,1.19035817647e-7,6.54329781469e-8],"dmean2":[0.0127628445625,0.00524097075686,0.00183777615894,0.00106003729161,0.00056102022063,0.000250073004281,0.000346241198713,0.000286559457891,0.000178569127456,0.000150645864778,0.000141614233144,0.000105506151158,0.0000967882442637,0.0000908057336346,0.0000705669444869,0.0000538702406629,0.0000361664642696,0.0000227638247452,0.0000221159771172,0.0000132822233354,0.00000941480811889,0.0000108914828161,0.000006602695521,0.00000432369597547,0.00000511917096446,0.00000246049967245,0.00000308505150315,0.0000019358458303,0.00000288248156721,0.0000017702934656,0.00000173043235918,0.00000117387469345,8.00145869562e-7,7.01197620856e-7,5.85724080793e-7,4.68114620844e-7,4.01928673455e-7,3.33943461328e-7,1.80903484193e-7,1.08961984324e-7],"dvar":[0.0000934942727326,0.00001654942389,0.00000269392467089,8.84082737684e-7,3.01094075894e-7,6.37905657186e-8,1.87110686056e-7,1.43771131889e-7,7.11231820105e-8,6.06251617796e-8,4.18506687083e-8,1.94885139138e-8,2.09588684186e-8,1.40513982672e-8,8.74203287538e-9,5.20968734818e-9,2.48953102577e-9,7.46791017914e-10,8.63477345181e-10,4.2156153568e-10,1.52085510852e-10,4.26730345504e-10,2.03962124967e-10,6.60531074281e-11,2.19659818113e-10,1.8768027063e-11,7.5166879665e-11,2.11076156553e-11,1.18900805868e-10,3.19244422564e-11,3.72182736019e-11,1.13188070028e-11,3.73068503173e-12,3.22283063951e-12,1.46545850541e-12,6.71099189675e-13,4.73622063877e-13,3.00378753988e-13,6.87469964853e-14,1.73154778005e-14],"dvar2":[0.000269015261438,0.0000460543051304,0.00000732302214601,0.0000023225793484,7.81583366916e-7,1.79308401016e-7,5.13872635111e-7,3.2996445043e-7,1.61520006259e-7,1.36316003818e-7,9.91385462612e-8,4.41777849858e-8,5.23898577853e-8,3.39748673639e-8,2.12220037099e-8,1.35787567856e-8,6.23616447371e-9,1.88016002767e-9,2.10256700939e-9,9.94206716953e-10,3.97941124497e-10,9.46578482264e-10,4.94950358476e-10,1.4567519413e-10,4.9568682492e-10,4.0182253358e-11,1.5821574606e-10,3.98753183251e-11,2.38593284019e-10,6.85130840949e-11,8.31375454591e-11,2.42661290367e-11,7.41318291475e-12,7.23306093839e-12,3.35957000067e-12,1.22913409051e-12,8.70968282305e-13,5.58739198572e-13,1.27055741687e-13,3.65634273889e-14],"max":[0.122971467674,0.060239892453,0.0319313816726,0.0211247503757,0.0173141174018,0.00530138472095,0.011206346564,0.0166316144168,0.00828152243048,0.0112739065662,0.0058779376559,0.00493872491643,0.00557524058968,0.00340267526917,0.00349780125543,0.00180064130109,0.00124827376567,0.000650034635328,0.000985075952485,0.000931000395212,0.000458428054117,0.00104488094803,0.000852532743011,0.000390223343857,0.000843721791171,0.000193679516087,0.000420401891461,0.000276243052213,0.000496776192449,0.000314633914968,0.000281372689642,0.000121720207972,0.0000885039771674,0.0000652118033031,0.0000443632525275,0.0000388801163353,0.0000238831162278,0.0000185385451914,0.0000145417543536,0.0000090933899628],"mean":[0.012709710747,0.00501632736996,0.00186637218576,0.00112154008821,0.000614413525909,0.000234816485317,0.000416450115154,0.000387481210055,0.000209765916225,0.000174899716512,0.000169687104062,0.000137578332215,0.000120114062156,0.000107261636003,0.0000847325718496,0.0000601438550802,0.0000398850133934,0.0000259975840891,0.0000247336120083,0.0000146932152347,0.0000102019921542,0.0000126190725496,0.00000725443442207,0.00000492616254633,0.00000582789334658,0.0000030469389003,0.00000380779169973,0.0000025060887765,0.00000353425434696,0.00000220933588935,0.0000019740625703,0.00000133726166496,8.35509979424e-7,6.57603891341e-7,5.7517939922e-7,5.20810374383e-7,4.55397241694e-7,3.56510298616e-7,1.69477530676e-7,7.76322295337e-8],"median":[0.00913214497268,0.00328877754509,0.00112493545748,0.000726875732653,0.000371072383132,0.000121356650197,0.000191208804608,0.000160439420142,0.0000796562089818,0.0000584042209084,0.0000614006567048,0.0000481740717078,0.0000380878664146,0.0000407764746342,0.0000325920627802,0.0000211079277506,0.0000133297835418,0.0000104104383354,0.00000962823651207,0.00000508475477545,0.00000378872209694,0.00000388658645534,0.00000223200368055,0.00000140042811836,0.00000152923792029,0.00000107202333766,0.00000100926445157,6.78749870531e-7,5.52912752028e-7,4.68424900646e-7,3.24325469592e-7,2.22250577053e-7,1.33066052399e-7,8.96179628285e-8,6.37887751509e-8,4.32608295853e-8,3.54106575173e-8,2.45676652355e-8,1.41169049783e-8,7.7307120705e-9],"min":[1.54083309679e-24,1.11325865325e-24,1.17300411859e-24,1.6863209386e-24,7.07671340856e-25,1.05889598029e-24,1.73893736934e-24,2.06284326259e-24,2.70872924241e-24,2.80755201738e-24,2.784932417e-24,2.07083521242e-24,2.0198949139e-24,2.82778965225e-24,2.91994201662e-24,1.71686326627e-24,2.35879074207e-24,1.91351130159e-24,3.2682710435e-24,2.52895454743e-24,3.30778567789e-24,4.55940737847e-24,4.48492865382e-24,5.48271503106e-24,3.65707987608e-24,4.61390346752e-24,5.06237878075e-24,3.19112813836e-24,4.78922228168e-24,5.37573602598e-24,4.47370513529e-24,4.88742915349e-24,5.20523439094e-24,5.27603978478e-24,5.14764360055e-24,5.62118733562e-24,4.9272768844e-24,5.53773058502e-24,5.36442928262e-24,5.43050663863e-24],"var":[0.000157929083798,0.0000303007527691,0.00000517559601576,0.00000174837975919,6.14246630448e-7,1.08136724464e-7,4.64588481464e-7,4.39907182681e-7,1.73218012378e-7,1.65430805055e-7,1.09644126667e-7,6.43915853971e-8,6.03975180979e-8,3.65034580341e-8,2.347762873e-8,1.1650220344e-8,5.57943735657e-9,1.84114778978e-9,2.05475103598e-9,9.01986818569e-10,2.96123181531e-10,1.07424058537e-9,3.79376308146e-10,1.68947855705e-10,5.0788961925e-10,5.30479549177e-11,2.29085389547e-10,7.34975483252e-11,3.57871537959e-10,8.07784117374e-11,8.26440096913e-11,2.9530069362e-11,8.20835326792e-12,4.83329392134e-12,2.72254983315e-12,2.10514895446e-12,1.42927651051e-12,8.60246986492e-13,2.0627672747e-13,4.32718707329e-14]},"melbands_crest":{"dmean":4.66132593155,"dmean2":8.09436416626,"dvar":15.7351713181,"dvar2":44.2710533142,"max":39.4018287659,"mean":21.6043930054,"median":21.0768585205,"min":1.5922601223,"var":55.0057525635},"melbands_flatness_db":{"dmean":0.0489230901003,"dmean2":0.0836720392108,"dvar":0.00257791392505,"dvar2":0.00684229750186,"max":0.786587953568,"mean":0.333798289299,"median":0.323677062988,"min":0.00332372891717,"var":0.00863797683269},"melbands_kurtosis":{"dmean":21.4841136932,"dmean2":36.0450820923,"dvar":16972.9082031,"dvar2":50297.640625,"max":5444.71044922,"mean":36.7930870056,"median":16.1611557007,"min":-1.81925773621,"var":25263.3789062},"melbands_skewness":{"dmean":1.09361124039,"dmean2":1.81680798531,"dvar":2.51146888733,"dvar2":7.23052501678,"max":52.2005195618,"mean":3.93495464325,"median":3.44035720825,"min":-1.1183245182,"var":7.59973907471},"melbands_spread":{"dmean":3.2603020668,"dmean2":5.41739225388,"dvar":19.5941181183,"dvar2":45.7294425964,"max":159.38117981,"mean":9.97495746613,"median":7.28949737549,"min":0.0274998936802,"var":160.072647095},"mfcc":{"cov":[[9309.7890625,-792.036254883,-585.594970703,454.382659912,-322.610076904,162.08241272,-254.649734497,22.8160972595,-129.975494385,89.8062591553,18.4958877563,137.478210449,-137.757843018],[-792.036254883,2258.2421875,-528.27746582,-105.048736572,-113.404251099,-44.8876914978,148.956481934,-54.941192627,69.9419555664,-40.1074562073,5.40310049057,-63.0411148071,70.662902832],[-585.594970703,-528.27746582,733.06817627,-161.744689941,166.753250122,-4.44363546371,-8.97867107391,49.7084884644,-28.050283432,25.7700386047,-18.7700004578,17.01537323,-21.9140777588],[454.382659912,-105.048736572,-161.744689941,350.648925781,-17.2374134064,59.0511169434,-36.5001869202,-19.1576900482,14.7458429337,-0.696357011795,28.9629898071,7.57258033752,-16.1289100647],[-322.610076904,-113.404251099,166.753250122,-17.2374134064,204.018447876,1.62153923512,12.0658512115,14.2994337082,-4.52911281586,9.85871124268,-1.8525865078,10.372177124,-3.54802441597],[162.08241272,-44.8876914978,-4.44363546371,59.0511169434,1.62153923512,130.888244629,10.7678432465,8.51448917389,-16.1867980957,-14.7920379639,2.11866497993,9.37014484406,3.50397849083],[-254.649734497,148.956481934,-8.97867107391,-36.5001869202,12.0658512115,10.7678432465,119.446655273,15.2546882629,17.5966892242,-18.0648651123,-14.8044195175,-3.93405938148,16.5569705963],[22.8160972595,-54.941192627,49.7084884644,-19.1576900482,14.2994337082,8.51448917389,15.2546882629,91.9215316772,21.4910011292,8.60879611969,-11.0746421814,-7.14793729782,0.845601379871],[-129.975494385,69.9419555664,-28.050283432,14.7458429337,-4.52911281586,-16.1867980957,17.5966892242,21.4910011292,85.4162902832,28.662935257,2.48975419998,-7.76632165909,0.399671286345],[89.8062591553,-40.1074562073,25.7700386047,-0.696357011795,9.85871124268,-14.7920379639,-18.0648651123,8.60879611969,28.662935257,80.9598464966,27.1589775085,11.190489769,-7.58918809891],[18.4958877563,5.40310049057,-18.7700004578,28.9629898071,-1.8525865078,2.11866497993,-14.8044195175,-11.0746421814,2.48975419998,27.1589775085,73.7493667603,26.7493038177,-0.162525862455],[137.478210449,-63.0411148071,17.01537323,7.57258033752,10.372177124,9.37014484406,-3.93405938148,-7.14793729782,-7.76632165909,11.190489769,26.7493038177,67.4582748413,15.9316635132],[-137.757843018,70.662902832,-21.9140777588,-16.1289100647,-3.54802441597,3.50397849083,16.5569705963,0.845601379871,0.399671286345,-7.58918809891,-0.162525862455,15.9316635132,63.5303039551]],"icov":[[0.000159574556164,0.0000368608198187,0.000158314520377,-0.000104095328425,0.000199125453946,-0.000108892178105,0.00016282388242,-0.000225448398851,0.000350110291038,-0.000325088272803,0.000326987996232,-0.000476467423141,0.000390178058296],[0.0000368608198187,0.000683248159476,0.000520932197105,0.000369570596376,6.16897978034e-7,0.0000078523207776,-0.000577176280785,0.000363057421055,-0.000333046395099,0.0000930590103962,-0.000367361528333,0.000579136132728,-0.000394282804336],[0.000158314520377,0.000520932197105,0.00256415340118,0.00109038315713,-0.00131472665817,-0.000361961283488,0.000186997858691,-0.000757215952035,0.00065287493635,-0.000745090830605,0.000537802116014,-0.000649955880363,0.000904304790311],[-0.000104095328425,0.000369570596376,0.00109038315713,0.00426889630035,-0.000710601569153,-0.00190524267964,0.00102198100649,0.00086399295833,-0.00195003964473,0.00106222822797,-0.0014829384163,0.000360822741641,0.000655545503832],[0.000199125453946,6.16897978034e-7,-0.00131472665817,-0.000710601569153,0.0064554749988,0.000104357583041,-0.000806086347438,-0.000500494730659,0.000847631716169,-0.000981074990705,0.000586923502851,-0.00120310322382,0.000549372867681],[-0.000108892178105,0.0000078523207776,-0.000361961283488,-0.00190524267964,0.000104357583041,0.00930921174586,-0.00163346447516,-0.00146150623914,0.00208745175041,0.00112216651905,-0.000369119312381,-0.000676368421409,-0.000626273977105],[0.00016282388242,-0.000577176280785,0.000186997858691,0.00102198100649,-0.000806086347438,-0.00163346447516,0.0111993867904,-0.00138927798253,-0.0026961651165,0.00252554635517,0.00131208426319,-0.00121096440125,-0.000910473114345],[-0.000225448398851,0.000363057421055,-0.000757215952035,0.00086399295833,-0.000500494730659,-0.00146150623914,-0.00138927798253,0.0134661924094,-0.00410218629986,-0.000503828166984,0.000831197656225,0.00209720525891,-0.00125720910728],[0.000350110291038,-0.000333046395099,0.00065287493635,-0.00195003964473,0.000847631716169,0.00208745175041,-0.0026961651165,-0.00410218629986,0.0176019202918,-0.00748251844198,0.00164015975315,0.000536809500773,0.000414209527662],[-0.000325088272803,0.0000930590103962,-0.000745090830605,0.00106222822797,-0.000981074990705,0.00112216651905,0.00252554635517,-0.000503828166984,-0.00748251844198,0.0190075654536,-0.00665503554046,-0.000683020509314,0.000908001558855],[0.000326987996232,-0.000367361528333,0.000537802116014,-0.0014829384163,0.000586923502851,-0.000369119312381,0.00131208426319,0.000831197656225,0.00164015975315,-0.00665503554046,0.0198974534869,-0.00788739696145,0.00185032049194],[-0.000476467423141,0.000579136132728,-0.000649955880363,0.000360822741641,-0.00120310322382,-0.000676368421409,-0.00121096440125,0.00209720525891,0.000536809500773,-0.000683020509314,-0.00788739696145,0.0218801498413,-0.00714420340955],[0.000390178058296,-0.000394282804336,0.000904304790311,0.000655545503832,0.000549372867681,-0.000626273977105,-0.000910473114345,-0.00125720910728,0.000414209527662,0.000908001558855,0.00185032049194,-0.00714420340955,0.0197248887271]],"mean":[-681.952270508,183.38117981,2.55409860611,26.3652381897,7.47477293015,19.5561199188,8.95061683655,8.41345787048,4.03258419037,6.49144268036,1.68964481354,6.91872596741,1.93802297115]},"pitch_salience":{"dmean":0.0912369042635,"dmean2":0.157352745533,"dvar":0.00586687866598,"dvar2":0.0166440103203,"max":0.811537861824,"mean":0.431802839041,"median":0.4386536479,"min":0.00912808906287,"var":0.0196349993348},"silence_rate_20dB":{"dmean":0.00071372493403,"dmean2":0.00142755173147,"dvar":0.000713241344783,"dvar2":0.00171091686934,"max":1,"mean":0.999429047108,"median":1,"min":0,"var":0.00057065137662},"silence_rate_30dB":{"dmean":0.106345012784,"dmean2":0.212705209851,"dvar":0.0950412601233,"dvar2":0.216419845819,"max":1,"mean":0.699543237686,"median":1,"min":0,"var":0.21019667387},"silence_rate_60dB":{"dmean":0.00157019484323,"dmean2":0.00314061390236,"dvar":0.00156775442883,"dvar2":0.00412998441607,"max":1,"mean":0.0236226096749,"median":0,"min":0,"var":0.0230634659529},"spectral_centroid":{"dmean":133.42767334,"dmean2":206.762741089,"dvar":44959.4296875,"dvar2":74924.6328125,"max":11866.1513672,"mean":767.705200195,"median":627.245117188,"min":70.7043609619,"var":826953.9375},"spectral_complexity":{"dmean":2.64092493057,"dmean2":4.14903640747,"dvar":7.38347291946,"dvar2":14.5860090256,"max":58,"mean":16.7733364105,"median":15,"min":0,"var":75.3243637085},"spectral_contrast_coeffs":{"dmean":[0.0513943620026,0.0490143895149,0.0421216711402,0.0315691642463,0.0271249655634,0.0376942120492],"dmean2":[0.0869628041983,0.0834582597017,0.0710657164454,0.0534244962037,0.0470046624541,0.0662888884544],"dvar":[0.00163730874192,0.00163027038798,0.00122887676116,0.000710025895387,0.00076226645615,0.00170717504807],"dvar2":[0.00466445134953,0.00451251026243,0.00332727609202,0.00195014756173,0.00212331302464,0.00442268420011],"max":[-0.374723523855,-0.449515432119,-0.47540473938,-0.594634234905,-0.632302939892,-0.531479418278],"mean":[-0.702310919762,-0.752345561981,-0.779186785221,-0.803025901318,-0.821431040764,-0.759254693985],"median":[-0.704367339611,-0.756430029869,-0.78632414341,-0.80774897337,-0.821875154972,-0.77138197422],"min":[-0.978294610977,-0.978958785534,-0.980569899082,-0.993187367916,-0.987954437733,-0.965199232101],"var":[0.00514221843332,0.0042763822712,0.00421472126618,0.00233275070786,0.00165195344016,0.00459829578176]},"spectral_contrast_valleys":{"dmean":[0.360528051853,0.413206994534,0.385762780905,0.337855100632,0.421219557524,0.88970053196],"dmean2":[0.617243885994,0.708770513535,0.665472209454,0.57773733139,0.720100164413,1.57982480526],"dvar":[0.115102685988,0.177934706211,0.158813610673,0.153178855777,0.359851360321,1.09575259686],"dvar2":[0.306422829628,0.476745516062,0.415812462568,0.385406285524,0.932261705399,2.68403792381],"max":[-4.35269927979,-4.51477575302,-4.82537555695,-5.68224143982,-5.51519775391,-8.32009220123],"mean":[-6.33369064331,-6.64071464539,-7.172498703,-7.7462439537,-8.2570104599,-11.4816608429],"median":[-6.07484912872,-6.39250421524,-6.96002960205,-7.52373218536,-7.94128227234,-11.3124313354],"min":[-28.3612861633,-28.2199821472,-27.9546165466,-27.6111984253,-27.5274715424,-27.3972892761],"var":[3.50934243202,3.6033513546,3.50062847137,3.40084886551,3.73009181023,3.83790707588]},"spectral_decrease":{"dmean":7.4298878161e-9,"dmean2":1.27891155444e-8,"dvar":8.37471533467e-17,"dvar2":2.3721864431e-16,"max":3.47408546375e-9,"mean":-1.74622236671e-8,"median":-1.47726826327e-8,"min":-1.47395397221e-7,"var":1.81112743601e-16},"spectral_energy":{"dmean":0.0286725033075,"dmean2":0.0489675216377,"dvar":0.00121449714061,"dvar2":0.00341893150471,"max":0.593616724014,"mean":0.0827006176114,"median":0.0732563957572,"min":1.01732148572e-20,"var":0.00324292108417},"spectral_energyband_high":{"dmean":0.000209139689105,"dmean2":0.000276833336102,"dvar":3.20712473467e-7,"dvar2":4.90713148338e-7,"max":0.0213405713439,"mean":0.000547106785234,"median":0.000170410741703,"min":7.1356727464e-21,"var":0.00000149580489506},"spectral_energyband_low":{"dmean":0.0261550284922,"dmean2":0.0451919808984,"dvar":0.00106309028342,"dvar2":0.00303480122238,"max":0.470422387123,"mean":0.0537437163293,"median":0.0431937202811,"min":1.41094162672e-23,"var":0.00207868078724},"spectral_energyband_middle_high":{"dmean":0.00139862345532,"dmean2":0.0021203851793,"dvar":0.00000459430793853,"dvar2":0.0000105559702206,"max":0.0547676607966,"mean":0.0046375063248,"median":0.00265455502085,"min":1.30614928727e-21,"var":0.0000290284788207},"spectral_energyband_middle_low":{"dmean":0.00515368627384,"dmean2":0.00841161143035,"dvar":0.0000428711537097,"dvar2":0.000110979512101,"max":0.124996200204,"mean":0.0147369652987,"median":0.0114131346345,"min":1.86372819101e-22,"var":0.000155494883074},"spectral_entropy":{"dmean":0.270199924707,"dmean2":0.454510599375,"dvar":0.105271168053,"dvar2":0.263402432203,"max":9.82844257355,"mean":7.19176959991,"median":7.24443674088,"min":5.22939682007,"var":0.308686584234},"spectral_flux":{"dmean":0.0402837507427,"dmean2":0.064803853631,"dvar":0.00147231016308,"dvar2":0.00335794314742,"max":0.579590201378,"mean":0.136984229088,"median":0.1307272017,"min":6.36430144696e-11,"var":0.00457631377503},"spectral_kurtosis":{"dmean":9.0318069458,"dmean2":15.5751428604,"dvar":269.261260986,"dvar2":737.803649902,"max":229.246261597,"mean":23.3641204834,"median":17.4235916138,"min":-1.2675126791,"var":471.533813477},"spectral_rms":{"dmean":0.00146501639392,"dmean2":0.00248107919469,"dvar":0.00000202456203624,"dvar2":0.00000567206961932,"max":0.024065291509,"mean":0.00839852355421,"median":0.00845397263765,"min":3.15041070488e-12,"var":0.0000101481091406},"spectral_rolloff":{"dmean":4121.56689453,"dmean2":8053.55712891,"dvar":61031268,"dvar2":163743888,"max":22028.4667969,"mean":5630.06445312,"median":753.662109375,"min":43.06640625,"var":77962648},"spectral_skewness":{"dmean":0.560708642006,"dmean2":0.928586661816,"dvar":0.698792517185,"dvar2":1.84208512306,"max":11.9212722778,"mean":3.19799828529,"median":2.97201085091,"min":-0.0860067754984,"var":1.72193598747},"spectral_spread":{"dmean":822955.6875,"dmean2":1368032.75,"dvar":1033404219390,"dvar2":2246517981180,"max":42931392,"mean":3916532.75,"median":3400520.25,"min":712009.8125,"var":10601756622800},"spectral_strongpeak":{"dmean":2.18166565895,"dmean2":4.13340520859,"dvar":164.058654785,"dvar2":469.454284668,"max":207.483398438,"mean":1.92009949684,"median":0.310337305069,"min":0,"var":143.581985474},"zerocrossingrate":{"dmean":0.0331371203065,"dmean2":0.0461416728795,"dvar":0.000850825046655,"dvar2":0.00161087175366,"max":0.73486328125,"mean":0.188326641917,"median":0.1787109375,"min":0.0029296875,"var":0.0081568127498}},"metadata":{"audio_properties":{"analysis_sample_rate":44100,"bit_rate":957110,"codec":"alac","downmix":"mix","equal_loudness":0,"length":325.320007324,"lossless":true,"md5_encoded":"39127f92e2f67828955c8b87a14aaf21","replay_gain":-9.44339179993,"sample_rate":44100},"tags":{"album":["Rapture of the Deep"],"albumartistsort":["Deep Purple"],"artist":["Deep Purple"],"artistsort":["Deep Purple"],"asin":["B000B9UDFM"],"barcode":["4029758655429"],"catalognumber":["0165542ERE"],"composer":["Ian Paice","Roger Glover","Steve Morse","Don Airey","Ian Gillan"],"composersort":["Paice, Ian","Glover, Roger","Morse, Steve","Airey, Don","Gillan, Ian"],"date":["2005-10-21"],"file_name":"05 - Clearly Quite Absurd.m4a","label":["Edel Records"],"media":["CD"],"musicbrainz_albumartistid":["79491354-3d83-40e3-9d8e-7592d58d790a"],"musicbrainz_albumid":["4f49a4bf-6232-474d-8696-9415fb770346"],"musicbrainz_artistid":["79491354-3d83-40e3-9d8e-7592d58d790a"],"musicbrainz_recordingid":["eec8261b-d06f-49e7-8e27-70d87cff4573"],"musicbrainz_releasegroupid":["47b949bf-dc12-3b49-9f31-f1176577d7d1"],"musicbrainz_workid":["1c4d56c7-e8c4-3aec-8a9f-ad585c93f2d3"],"script":["Latn"],"title":["Clearly Quite Absurd"],"tracknumber":["5/10"]},"version":{"essentia":"2.1-beta1","essentia_build_sha":"ca57ba49d9b1854bd80e60cf9ccf267278fb7d6b","essentia_git_sha":"v2.1_beta1-28-g21ef5f4-dirty","extractor":"music 1.0"}},"rhythm":{"beats_count":688,"beats_loudness":{"dmean":0.0586108528078,"dmean2":0.109014540911,"dvar":0.00272124703042,"dvar2":0.0086377626285,"max":0.421020507812,"mean":0.096875846386,"median":0.0870676711202,"min":0,"var":0.0037364072632},"beats_loudness_band_ratio":{"dmean":[0.158546313643,0.0608492866158,0.0548736639321,0.0380686037242,0.0146090984344,0.0590277984738],"dmean2":[0.275836706161,0.105467237532,0.0999938175082,0.0690318718553,0.0269826501608,0.100724615157],"dvar":[0.0189692005515,0.00465798564255,0.0051815425977