{"lowlevel":{"average_loudness":0.972995400429,"barkbands":{"dmean":[0.000241080182604,0.00704241590574,0.00853893533349,0.00325546809472,0.00328681012616,0.0010600220412,0.000536553387064,0.000309646187816,0.000727185572032,0.000418262963649,0.000304875837173,0.000367685192032,0.000291477772407,0.000369524990674,0.00030285352841,0.000393475143937,0.000444039236754,0.000288842857117,0.000394703500206,0.000160139083164,0.000126375991385,0.000116174851428,0.0000498628905916,0.0000301928375848,0.0000158764378284,0.00000554267535335,5.0374313787e-7],"dmean2":[0.00035773604759,0.0123139787465,0.0151151362807,0.00552768353373,0.00553458463401,0.00172179553192,0.00089617545018,0.000513741280884,0.00118483346887,0.000682439655066,0.000500818307046,0.00059361406602,0.000476150686154,0.000603180553298,0.000500833790284,0.000651232257951,0.000740331364796,0.000479800248286,0.000653033668641,0.000270381191513,0.000221791968215,0.000203414572752,0.0000801295827841,0.0000458043432445,0.0000236452578974,0.00000833579906612,7.3189255545e-7],"dvar":[1.15491886277e-7,0.000149076644448,0.000149432482431,0.0000206715158129,0.0000256216153502,0.0000022049839572,9.66872107711e-7,2.74030270475e-7,0.00000166206064023,4.67148652206e-7,3.30056025177e-7,5.14465000379e-7,3.68613143564e-7,3.77028101184e-7,3.63728361208e-7,2.84097865233e-7,2.40404972374e-7,1.05500859604e-7,2.10718212657e-7,4.23073984734e-8,4.74857735355e-8,4.51994708328e-8,1.16918306148e-8,1.01119992379e-8,4.32024860331e-9,2.84582385435e-10,1.38189655031e-12],"dvar2":[2.60844785771e-7,0.000408334017266,0.000423894496635,0.0000553605132154,0.0000696693969076,0.00000584747112953,0.00000268044732366,7.34530715363e-7,0.00000437331573266,0.00000117316301385,8.15944815713e-7,0.00000115880629892,8.62638557919e-7,9.07299408937e-7,9.36141020702e-7,7.09920584541e-7,6.26953294613e-7,2.74105161679e-7,5.37256255484e-7,1.1193596805e-7,1.31680238269e-7,1.25965812003e-7,2.93336963608e-8,2.35408705862e-8,8.32299740239e-9,6.11618422575e-10,2.83288757036e-12],"max":[0.00644947588444,0.0902965217829,0.0985314697027,0.0598732754588,0.0500513575971,0.0225722175092,0.0164161603898,0.00797771569341,0.0184153113514,0.0137327741832,0.011161942035,0.0154464524239,0.0110641447827,0.00947465002537,0.0152242621407,0.0124935880303,0.0114076109603,0.00614441838115,0.0178326703608,0.00289614242502,0.00306323962286,0.00495753390715,0.00267893634737,0.00314354430884,0.00316188624129,0.0005865052226,0.0000234092804021],"mean":[0.000399240176193,0.00856221932918,0.0104902107269,0.00453647552058,0.00522761559114,0.00200574472547,0.000812971731648,0.00047941468074,0.00117185001727,0.000747876765672,0.00046434320393,0.000598582671955,0.000446723453933,0.000679467979353,0.000535755534656,0.000835802813526,0.00104392739013,0.000692998524755,0.00110186182428,0.000397620460717,0.000259189575445,0.00024160866451,0.000118431737064,0.0000738322632969,0.0000311119802063,0.0000112399384307,9.4228329317e-7],"median":[0.000143459357787,0.00502832327038,0.00635505327955,0.00273229391314,0.00360539928079,0.00148038868792,0.000557992374524,0.000303939421428,0.000721243151929,0.000467621051939,0.00025554059539,0.000297472404782,0.000229270546697,0.000404886348406,0.000300346873701,0.000643311301246,0.000882629887201,0.00059633073397,0.000941019039601,0.000320039369399,0.000198435329366,0.000188027814147,0.0000718961819075,0.0000411413930124,0.0000146118582052,0.00000388150237995,2.34223193729e-7],"min":[5.32920940422e-24,6.66013426608e-23,4.14821939031e-23,1.57227314817e-24,3.5956194863e-23,8.80264325043e-23,1.40123027566e-23,4.69617605902e-23,7.79379175793e-23,8.47560739376e-23,5.50469474692e-23,1.58895367512e-22,1.2684904813e-22,8.70131501379e-23,1.56688399756e-22,2.44904606951e-22,2.11383950713e-22,2.90211198522e-22,2.06177645443e-22,2.73201186461e-22,5.80020014874e-22,4.61735156276e-22,7.03564972745e-22,9.17555345133e-22,1.25732170025e-21,1.47885302753e-21,2.23858156458e-21],"var":[2.60540048203e-7,0.000128537722048,0.000148935607285,0.0000280625208688,0.0000308934431814,0.00000367074767382,9.47361286308e-7,3.88470226653e-7,0.00000262905382442,9.39684696277e-7,5.38270285233e-7,0.00000102440458249,6.27793667718e-7,8.63623540681e-7,6.24895790224e-7,5.79974255288e-7,5.66945118408e-7,2.19911200361e-7,5.47485853986e-7,8.64516778165e-8,5.86248951606e-8,5.74916363405e-8,2.87306161084e-8,1.92085600759e-8,8.72111449723e-9,7.09112490949e-10,3.77462124057e-12]},"barkbands_crest":{"dmean":2.66096305847,"dmean2":4.44991540909,"dvar":5.492852211,"dvar2":14.944814682,"max":25.6952877045,"mean":9.16625022888,"median":8.58084487915,"min":2.28892326355,"var":12.6623029709},"barkbands_flatness_db":{"dmean":0.0231074392796,"dmean2":0.0375963822007,"dvar":0.000514290877618,"dvar2":0.00135559402406,"max":0.467696994543,"mean":0.122261747718,"median":0.115000158548,"min":0.0148089127615,"var":0.00194398651365},"barkbands_kurtosis":{"dmean":3.2236969471,"dmean2":5.39078903198,"dvar":60.9994430542,"dvar2":138.209487915,"max":381.611083984,"mean":3.72956466675,"median":0.96932977438,"min":-1.87071824074,"var":342.668121338},"barkbands_skewness":{"dmean":0.646157860756,"dmean2":1.05667793751,"dvar":0.464628458023,"dvar2":1.18598973751,"max":17.5191307068,"mean":1.61034941673,"median":1.44963395596,"min":-1.89581429958,"var":1.87642228603},"barkbands_spread":{"dmean":6.80347204208,"dmean2":11.0400276184,"dvar":48.6850852966,"dvar2":119.326431274,"max":110.552719116,"mean":28.5468540192,"median":27.5859279633,"min":0.439923584461,"var":161.821548462},"dissonance":{"dmean":0.00761681748554,"dmean2":0.0130644179881,"dvar":0.0000583322580496,"dvar2":0.000162383701536,"max":0.500000119209,"mean":0.48615989089,"median":0.487865328789,"min":0.362497597933,"var":0.0000907565408852},"dynamic_complexity":1.86412036419,"erbbands":{"dmean":[0.123020291328,1.95351243019,8.93677902222,9.97155666351,12.4367895126,9.46899795532,8.72744750977,9.29759216309,7.27921915054,7.2432346344,7.35749340057,16.237121582,16.0690574646,10.4295864105,14.0392456055,14.2434129715,12.6525020599,16.8463191986,16.591386795,13.9381408691,23.2359027863,23.6431121826,14.4046278,22.831987381,14.2554864883,6.96653842926,5.27888393402,5.25772190094,4.43141651154,2.36159133911,1.29633581638,0.775709688663,0.416012883186,0.22681824863,0.0833767727017,0.0324841551483,0.00886742025614,0.00121635978576,0.0000849403731991,0.0000202787614398],"dmean2":[0.205345124006,3.44447231293,15.903011322,16.9996891022,20.9388580322,16.2291584015,14.3839139938,15.1003684998,12.1486320496,12.1974000931,12.0484552383,26.5482006073,26.0794467926,17.0683078766,22.7133750916,23.1330738068,20.5298900604,27.7136001587,26.8451461792,23.0786991119,38.7271690369,39.4081192017,23.6845397949,38.038105011,23.5803318024,11.7989768982,9.2785358429,9.26099491119,7.79711771011,3.90450906754,2.06844615936,1.19922697544,0.62268859148,0.336962103844,0.124777391553,0.0489755906165,0.0133134732023,0.0017708260566,0.000121678473079,0.0000343258179782],"dvar":[0.0334123298526,11.9164056778,185.979904175,163.866821289,306.78314209,247.305999756,141.069671631,197.019989014,142.632751465,256.161071777,152.782363892,828.382507324,882.936523438,237.284820557,823.363525391,673.705444336,729.56854248,854.760437012,1110.5546875,521.013366699,889.476623535,649.366149902,306.848175049,617.548461914,326.402099609,83.2867202759,62.6904411316,97.3427810669,66.2144393921,23.8032073975,8.63038253784,5.97937726974,2.01507377625,0.964199960232,0.10900362581,0.0085527068004,0.000959839962889,0.0000115165685202,3.81794578175e-8,6.42184638799e-10],"dvar2":[0.0856012329459,33.0761413574,527.943725586,439.16293335,831.149597168,703.793334961,366.596923828,504.895751953,393.397796631,706.07409668,390.909973145,2202.625,2135.25366211,606.546447754,1963.42822266,1569.5760498,1691.09289551,2109.7121582,2820.29858398,1325.88037109,2276.08007813,1719.80078125,792.407470703,1611.24975586,818.126281738,221.442810059,173.329406738,270.832366943,185.048568726,61.8957519531,21.5089454651,15.0733938217,4.03227138519,1.8724565506,0.220221430063,0.017754714936,0.00214818469249,0.0000256275143329,7.62795124842e-8,1.7562042931e-9],"max":[1.47617161274,25.3631286621,107.98563385,134.975723267,166.147842407,228.132751465,184.863754272,201.989715576,268.997497559,369.258911133,174.675292969,508.204467773,604.540527344,343.516479492,718.527282715,446.833831787,555.21307373,563.560668945,929.485351563,377.666900635,595.47454834,392.817016602,398.056091309,486.061584473,644.956359863,106.23765564,104.054855347,142.959838867,192.532180786,104.005996704,88.3900146484,81.7057647705,51.2659301758,46.7224082947,15.8598060608,3.50510287285,1.05616915226,0.0779895186424,0.00391859794036,0.000262353161816],"mean":[0.159969761968,2.30952501297,11.098818779,14.8936233521,18.5360641479,14.254322052,15.6367301941,16.164396286,12.2126226425,10.822221756,12.6021318436,26.9327011108,28.4716129303,18.5547142029,23.5849323273,24.5512657166,21.16056633,31.4823246002,32.5580177307,29.2222862244,53.3065452576,58.7253074646,38.9551429749,60.6726875305,40.0226287842,18.4084644318,11.3270578384,10.927312851,8.88291454315,5.16668891907,3.1094686985,1.94019663334,0.981147587299,0.431729823351,0.163769468665,0.0676621869206,0.0168647449464,0.00231975107454,0.000181952491403,0.0000554108191864],"median":[0.0899320468307,1.28234553337,6.69177246094,10.0261516571,12.1700286865,9.63401317596,11.1983861923,10.2759208679,8.69304847717,7.16685914993,8.38175868988,17.4720954895,16.3653774261,12.4697933197,12.4639472961,12.927482605,11.7992925644,18.5483493805,19.1763553619,19.5150318146,42.7961349487,50.3837203979,33.5942840576,52.476020813,33.69947052,15.0415782928,8.84819793701,8.50764083862,6.95528411865,3.19390249252,1.81293559074,1.06546795368,0.563904821873,0.215786993504,0.07217554003,0.0262908507138,0.00522498972714,0.000643755076453,0.0000681246310705,0.0000510564277647],"min":[1.33077204688e-21,1.67567372746e-20,5.55499925826e-20,1.76431065374e-20,6.2831146527e-20,1.47061455501e-19,1.74656032714e-19,9.83627349757e-19,2.69236303394e-19,7.41867840813e-19,9.66030943381e-19,1.99439987209e-18,1.51460792324e-18,3.32046076349e-18,2.35130886766e-18,6.15562210622e-18,7.29230103036e-18,5.12907318166e-18,7.14051173359e-18,9.04894148384e-18,1.41439960356e-17,1.3518988291e-17,1.58536708283e-17,1.2054600674e-17,8.48699633471e-18,1.35422279303e-17,1.4931111328e-17,2.83769702354e-17,1.61861461493e-17,2.07392675326e-17,1.96685450953e-17,1.99152086996e-17,1.45866468512e-17,1.20972393531e-17,9.31399910343e-18,6.14104222074e-18,3.06540706623e-18,9.744054233e-19,3.25946927311e-19,3.3390709314e-20],"var":[0.037153236568,9.92441940308,172.772827148,235.790435791,391.067626953,262.173431396,241.729827881,363.490722656,164.154663086,229.673858643,248.590744019,1250.36523438,1793.30029297,392.356384277,1531.76940918,1372.31665039,1241.29187012,1877.15112305,2116.09277344,1007.80767822,1961.09118652,1545.2109375,666.322387695,1665.40551758,770.035583496,172.291244507,87.0211334229,109.092185974,75.7279434204,53.78540802,21.9424972534,11.1980323792,4.30727386475,1.84348785877,0.222005426884,0.0231195315719,0.00197253073566,0.0000260805391008,1.08799774523e-7,8.86099416064e-10]},"erbbands_crest":{"dmean":1.57086288929,"dmean2":2.6446762085,"dvar":2.49021649361,"dvar2":6.47940063477,"max":27.4853210449,"mean":6.06989336014,"median":5.4539899826,"min":2.38336181641,"var":6.00211238861},"erbbands_flatness_db":{"dmean":0.0111524323002,"dmean2":0.0166447535157,"dvar":0.000117977280752,"dvar2":0.000237698463025,"max":0.381273418665,"mean":0.144606277347,"median":0.14112007618,"min":0.0461298301816,"var":0.00120657857042},"erbbands_kurtosis":{"dmean":0.54653686285,"dmean2":0.881149053574,"dvar":0.720363199711,"dvar2":1.67482841015,"max":18.3155994415,"mean":-0.3305811584,"median":-0.703570485115,"min":-1.74881505966,"var":1.80048787594},"erbbands_skewness":{"dmean":0.245597720146,"dmean2":0.396961331367,"dvar":0.0574369728565,"dvar2":0.141152665019,"max":3.16203188896,"mean":-0.502207934856,"median":-0.465070188046,"min":-3.09721970558,"var":0.226582720876},"erbbands_spread":{"dmean":8.93990898132,"dmean2":14.4824457169,"dvar":89.1846923828,"dvar2":222.959228516,"max":129.350799561,"mean":47.7739181519,"median":47.1976470947,"min":3.36086606979,"var":229.406402588},"gfcc":{"cov":[[16433.3789063,1486.81982422,-734.518554688,688.863220215,-594.356567383,115.231826782,-211.994171143,-16.1995315552,-297.844329834,-220.361221313,-272.635894775,-87.3824920654,6.36331939697],[1486.81982422,933.026794434,-288.458190918,108.18359375,96.4227981567,-89.1457977295,44.6056289673,-76.1836624146,-4.44616031647,-91.584487915,27.175699234,-112.978431702,83.7089767456],[-734.518554688,-288.458190918,597.837585449,151.018951416,24.8714485168,88.8555221558,27.2406616211,33.290435791,-9.56276607513,47.8772659302,-7.39387464523,52.4716529846,-42.5189056396],[688.863220215,108.18359375,151.018951416,358.945953369,10.4114217758,54.2745170593,39.6428375244,-12.8797073364,37.5765686035,-4.9045343399,21.6980705261,-43.4715538025,16.8064098358],[-594.356567383,96.4227981567,24.8714485168,10.4114217758,180.981811523,15.1449241638,47.9029273987,2.65958309174,25.4848365784,17.019203186,24.4280147552,-15.4853887558,6.01381206512],[115.231826782,-89.1457977295,88.8555221558,54.2745170593,15.1449241638,109.668060303,27.7407264709,17.6969165802,5.1039056778,11.9029855728,6.87880182266,15.0913162231,-9.87123298645],[-211.994171143,44.6056289673,27.2406616211,39.6428375244,47.9029273987,27.7407264709,93.7863998413,25.3046245575,22.470457077,-2.4682636261,13.91289711,-2.41916799545,3.86172556877],[-16.1995315552,-76.1836624146,33.290435791,-12.8797073364,2.65958309174,17.6969165802,25.3046245575,94.6020965576,27.7992687225,12.3526248932,0.352081716061,22.8246021271,-5.45049762726],[-297.844329834,-4.44616031647,-9.56276607513,37.5765686035,25.4848365784,5.1039056778,22.470457077,27.7992687225,75.6911087036,26.6860466003,19.5289764404,-6.0456662178,6.51917934418],[-220.361221313,-91.584487915,47.8772659302,-4.9045343399,17.019203186,11.9029855728,-2.4682636261,12.3526248932,26.6860466003,63.459312439,22.6018981934,18.3678264618,-9.55227661133],[-272.635894775,27.175699234,-7.39387464523,21.6980705261,24.4280147552,6.87880182266,13.91289711,0.352081716061,19.5289764404,22.6018981934,59.4224395752,15.5900611877,12.8177747726],[-87.3824920654,-112.978431702,52.4716529846,-43.4715538025,-15.4853887558,15.0913162231,-2.41916799545,22.8246021271,-6.0456662178,18.3678264618,15.5900611877,75.7537231445,4.31490278244],[6.36331939697,83.7089767456,-42.5189056396,16.8064098358,6.01381206512,-9.87123298645,3.86172556877,-5.45049762726,6.51917934418,-9.55227661133,12.8177747726,4.31490278244,48.1146430969]],"icov":[[0.000302450265735,-0.000894444005098,0.000754577340558,-0.00117307237815,0.000807152769994,-0.000931979797315,0.000693689507898,-0.00092912116088,0.00148085330147,-0.00149701698683,0.0021711459849,-0.00156238174532,0.00120356027037],[-0.000894444005098,0.00500920601189,-0.00154634204227,0.00275519513525,-0.00349307269789,0.0041131596081,-0.00286138243973,0.00315342610702,-0.00339216762222,0.00632209982723,-0.00774702476338,0.00664151180536,-0.00587522983551],[0.000754577340558,-0.00154634204227,0.00505912862718,-0.00507482420653,0.000879128754605,-0.00246931775473,0.00119134108536,-0.00267667276785,0.00571424467489,-0.00546676898375,0.00717053283006,-0.0062929969281,0.00461311638355],[-0.00117307237815,0.00275519513525,-0.00507482420653,0.00992043409497,-0.00143383792602,0.0012166518718,-0.00313481967896,0.00465734954923,-0.00877084210515,0.00721465609968,-0.0107829868793,0.0100817345083,-0.00679090805352],[0.000807152769994,-0.00349307269789,0.000879128754605,-0.00143383792602,0.0101564479992,-0.0036963429302,-0.00127319386229,-0.0018297364004,0.0025459562894,-0.00635208562016,0.00393293378875,-0.00160148844589,0.00260511832312],[-0.000931979797315,0.0041131596081,-0.00246931775473,0.0012166518718,-0.0036963429302,0.0157745853066,-0.00520418398082,0.00207389635034,-0.00266674766317,0.00448766443878,-0.00712728546932,0.00308203627355,-0.00241431361064],[0.000693689507898,-0.00286138243973,0.00119134108536,-0.00313481967896,-0.00127319386229,-0.00520418398082,0.0176352150738,-0.00577537715435,0.000278882798739,0.000972562644165,0.00255773239769,-0.00397289497778,0.00388620002195],[-0.00092912116088,0.00315342610702,-0.00267667276785,0.00465734954923,-0.0018297364004,0.00207389635034,-0.00577537715435,0.0180833376944,-0.01132015232,0.00576581712812,-0.00402708398178,0.000406044739066,-0.00247445609421],[0.00148085330147,-0.00339216762222,0.00571424467489,-0.00877084210515,0.0025459562894,-0.00266674766317,0.000278882798739,-0.01132015232,0.0309178177267,-0.0175266414881,0.00837879441679,-0.00299284094945,0.00201658601873],[-0.00149701698683,0.00632209982723,-0.00546676898375,0.00721465609968,-0.00635208562016,0.00448766443878,0.000972562644165,0.00576581712812,-0.0175266414881,0.0371436662972,-0.020873831585,0.00568144442514,-0.00106219470035],[0.0021711459849,-0.00774702476338,0.00717053283006,-0.0107829868793,0.00393293378875,-0.00712728546932,0.00255773239769,-0.00402708398178,0.00837879441679,-0.020873831585,0.0430261902511,-0.0201371181756,0.00574308866635],[-0.00156238174532,0.00664151180536,-0.0062929969281,0.0100817345083,-0.00160148844589,0.00308203627355,-0.00397289497778,0.000406044739066,-0.00299284094945,0.00568144442514,-0.0201371181756,0.0336596705019,-0.0153540568426],[0.00120356027037,-0.00587522983551,0.00461311638355,-0.00679090805352,0.00260511832312,-0.00241431361064,0.00388620002195,-0.00247445609421,0.00201658601873,-0.00106219470035,0.00574308866635,-0.0153540568426,0.0352445244789]],"mean":[20.1633014679,99.383392334,-129.891952515,59.2155609131,-46.2863082886,8.54123306274,-33.5846366882,8.92975902557,-22.9598140717,-7.57382917404,-16.4338169098,-3.11945319176,-11.0323677063]},"hfc":{"dmean":5.86390352249,"dmean2":9.68809604645,"dvar":54.4665985107,"dvar2":138.931335449,"max":95.1118087769,"mean":26.6131134033,"median":25.4204406738,"min":1.07733273528e-16,"var":147.929397583},"melbands":{"dmean":[0.00149898207746,0.00393811380491,0.00167775456794,0.000847236602567,0.000287518225377,0.000198597655981,0.000109488923044,0.0000733334600227,0.0000653274764773,0.000110255394247,0.0000809946577647,0.0000436933296442,0.00004347191134,0.0000433327368228,0.0000303272299789,0.0000300819174299,0.0000349212241417,0.0000303226624965,0.0000222554735956,0.0000220791789616,0.0000309549104713,0.0000274439553323,0.0000201801303774,0.0000122068204291,0.0000217875840463,0.0000137003426062,0.00000863882451085,0.00000466329220217,0.00000368410769624,0.00000307403797706,0.00000351230960405,0.0000030490161862,0.00000171822557604,0.00000130655439534,8.51149991377e-7,5.82606446642e-7,5.03407875385e-7,3.25784014876e-7,2.84493040681e-7,1.78615820801e-7],"dmean2":[0.00257783569396,0.00699135148898,0.00286637595855,0.00143615086563,0.000478466623463,0.000322487030644,0.000182222967851,0.000123338206322,0.000106661878817,0.000180031624041,0.000131699285703,0.0000715044880053,0.0000710554377292,0.0000692237372277,0.0000497166911373,0.0000492714825668,0.0000576554484724,0.0000490073689434,0.0000371143250959,0.0000363571743947,0.0000516958280059,0.0000459730945295,0.0000336121483997,0.0000203525851248,0.0000364236911992,0.0000226431238843,0.0000144382829603,0.00000799642020866,0.0000064437203946,0.00000536405786988,0.00000616810621068,0.00000537252981303,0.00000293557923214,0.00000216194825953,0.00000138671930472,9.2932265261e-7,7.89546845681e-7,5.02823183979e-7,4.34395957427e-7,2.73629296998e-7],"dvar":[0.00000625154416412,0.0000390311070078,0.0000040932623051,0.00000178492825853,1.44992753803e-7,8.51175201433e-8,3.34118333001e-8,2.47911593476e-8,1.26249428689e-8,3.92841670305e-8,2.22444640485e-8,4.06100042483e-9,7.04513514194e-9,7.49287387691e-9,3.15638115644e-9,4.27572466322e-9,3.73023700817e-9,3.49723183746e-9,1.76229553173e-9,1.01878361303e-9,1.63475655235e-9,9.27612986423e-10,5.94881754967e-10,1.87319104672e-10,5.80399506234e-10,3.70607933231e-10,1.21130314112e-10,3.9254429568e-11,2.85166005393e-11,2.92579190042e-11,3.91495863505e-11,2.86659012499e-11,1.17062652974e-11,7.40947754541e-12,3.81295993043e-12,2.00725850871e-12,2.52456259023e-12,1.18372553513e-12,1.02371594275e-12,7.36921591457e-13],"dvar2":[0.0000167345588125,0.000110378583486,0.0000110475830297,0.00000487893794343,3.86118841789e-7,2.20926281713e-7,9.23806595665e-8,6.83622189968e-8,3.23706288441e-8,1.04110831955e-7,5.40190434606e-8,1.03516599737e-8,1.73538001746e-8,1.65600688717e-8,7.47103801046e-9,1.01157295873e-8,9.12428621547e-9,8.73928396317e-9,4.51921700062e-9,2.59139998349e-9,4.20565671178e-9,2.43438535996e-9,1.57123969391e-9,4.8872111913e-10,1.51905477086e-9,9.21383136454e-10,3.09396674947e-10,1.07184601472e-10,7.97482010984e-11,8.12668404793e-11,1.09227474288e-10,8.09646308331e-11,3.19470075394e-11,1.90039321085e-11,9.77614170172e-12,4.89106108045e-12,6.50938461119e-12,2.62624427413e-12,2.15363100617e-12,1.49092272816e-12],"max":[0.0195931904018,0.0443938970566,0.022186756134,0.0133562516421,0.00528274616227,0.00432729534805,0.00360032194294,0.00364368432201,0.00199134554714,0.00323869823478,0.00296074547805,0.00128927070182,0.00184124556836,0.00181933771819,0.00125145399943,0.00131001835689,0.00108622107655,0.00142533506732,0.000823345093522,0.000626879802439,0.000920548511203,0.00060079083778,0.000495107262395,0.000237420856138,0.000398405682063,0.000966352701653,0.00019790045917,0.000070547182986,0.000077013290138,0.0000896705314517,0.0000967332016444,0.000131608045194,0.0000849101925269,0.0000579823645239,0.0000610049828538,0.0000364067418559,0.0000525217765244,0.0000418282070314,0.0000500598252984,0.0000404203929065],"mean":[0.00190609786659,0.00498212128878,0.00271783978678,0.00125561456662,0.000528236443643,0.000359439116437,0.000182565869181,0.00011042386177,0.000108466279926,0.000178416186827,0.000139680691063,0.0000726180587662,0.0000698626972735,0.0000727262668079,0.0000494713458465,0.0000467881254735,0.0000611760260654,0.0000551713237655,0.0000384624981962,0.0000441693155153,0.000066178268753,0.0000622253573965,0.00004567671931,0.0000304408604279,0.0000530424658791,0.0000345834087057,0.0000199887435883,0.0000104218388515,0.00000728143550077,0.0000057581614783,0.00000690320621288,0.00000572775525143,0.00000327440852743,0.00000267666791842,0.00000183913948604,0.00000136476899115,0.00000113302940008,7.17267937489e-7,5.42657630831e-7,3.01532338653e-7],"median":[0.00118971045595,0.00309528876096,0.00208194321021,0.000814036291558,0.000397961237468,0.000248281168751,0.000130222324515,0.0000733442720957,0.0000691433087923,0.000110881468572,0.0000781442213338,0.0000462755087938,0.0000376609823434,0.0000371136411559,0.0000281795983028,0.0000239220753429,0.0000350256086676,0.0000324939355778,0.0000218720088014,0.0000318208876706,0.0000528039381607,0.000052355495427,0.0000390275927202,0.0000258963445958,0.0000450607767561,0.000029038030334,0.0000156546320795,0.00000822923266242,0.00000553281415705,0.00000422440189141,0.00000534328319191,0.00000455751342088,0.00000203599097404,0.00000155418115355,0.00000106404479538,7.36127049095e-7,5.79686002311e-7,4.11115820498e-7,2.74347144114e-7,1.39757730722e-7],"min":[1.50623570853e-23,2.76205383358e-23,3.67572657573e-24,9.37711858288e-24,6.21298881457e-24,2.00105486444e-23,3.99767885495e-24,9.52981286628e-24,7.9721186565e-24,1.24373459036e-23,7.33394438367e-24,1.39286472131e-23,7.50099987985e-24,1.13673783592e-23,2.07637151714e-23,1.36346876631e-23,8.55757414389e-24,1.11437662692e-23,1.03330002744e-23,1.47177857973e-23,1.67536590889e-23,1.35980655844e-23,1.5960468915e-23,1.20031434508e-23,1.00753409478e-23,5.65950585967e-24,6.65461839286e-24,9.93988248633e-24,8.28871457017e-24,1.31502797356e-23,1.61008309358e-23,8.90524013318e-24,8.26578790568e-24,1.31283991007e-23,1.14458108547e-23,1.0774123404e-23,1.26260390656e-23,9.49471092258e-24,9.4061746966e-24,1.08046964972e-23],"var":[0.00000573071611143,0.0000343795436493,0.00000576723141421,0.00000203834360946,2.40424611775e-7,1.49445369857e-7,3.69580881454e-8,2.31942678397e-8,2.02976941921e-8,6.00047300736e-8,4.49137189662e-8,6.64608945655e-9,1.26096377784e-8,1.52789656482e-8,5.34471888969e-9,7.09721703629e-9,8.06746047743e-9,6.66554278439e-9,3.1391116373e-9,1.99619698549e-9,3.45909501043e-9,2.03573202739e-9,1.0893400626e-9,4.26473467652e-10,1.45973189092e-9,6.94495683184e-10,2.66217381473e-10,6.63647192756e-11,3.87780189903e-11,3.32303663753e-11,4.46090178685e-11,2.91447178891e-11,2.04379690255e-11,1.60123719839e-11,7.91906644426e-12,4.90674037859e-12,4.33055371077e-12,2.25271841112e-12,1.9412160681e-12,1.28771928017e-12]},"melbands_crest":{"dmean":4.01379537582,"dmean2":6.83286428452,"dvar":11.6587696075,"dvar2":31.5174160004,"max":30.5880279541,"mean":15.480547905,"median":15.0398101807,"min":2.41115188599,"var":25.0837173462},"melbands_flatness_db":{"dmean":0.0308745019138,"dmean2":0.0501773580909,"dvar":0.000860542408191,"dvar2":0.00221738824621,"max":0.577882170677,"mean":0.18785238266,"median":0.181541889906,"min":0.00564923323691,"var":0.00297706457786},"melbands_kurtosis":{"dmean":10.5513677597,"dmean2":18.0108699799,"dvar":297.822052002,"dvar2":801.436340332,"max":375.299713135,"mean":16.8524303436,"median":9.95337677002,"min":-1.71169149876,"var":824.01348877},"melbands_skewness":{"dmean":1.03694236279,"dmean2":1.71019232273,"dvar":1.33579730988,"dvar2":3.52516126633,"max":13.7909679413,"mean":3.34091639519,"median":3.05735015869,"min":-1.29708468914,"var":3.06458234787},"melbands_spread":{"dmean":9.10169029236,"dmean2":14.6237773895,"dvar":111.564125061,"dvar2":249.276641846,"max":168.109725952,"mean":26.0271015167,"median":22.5952033997,"min":0.421638667583,"var":329.973510742},"mfcc":{"cov":[[9022.7109375,1287.63146973,-153.944137573,483.134521484,-120.828590393,131.39125061,-42.7785873413,38.0490646362,-91.8621368408,-75.4039459229,-137.336349487,-126.488601685,-98.955039978],[1287.63146973,806.815368652,-274.492675781,122.45464325,9.42151355743,-20.3980178833,30.1171035767,-36.6235771179,11.7710809708,-51.3102607727,-35.6734161377,-18.8738670349,-56.0826263428],[-153.944137573,-274.492675781,495.050231934,104.07497406,42.7189712524,71.0744781494,26.7558078766,49.9154167175,13.0598659515,4.474817276,23.1935329437,24.5204563141,48.4439964294],[483.134521484,122.45464325,104.07497406,262.905151367,47.2202301025,59.1804771423,24.9805698395,12.2545728683,26.0768795013,13.6614313126,6.91468143463,23.9542541504,7.83267354965],[-120.828590393,9.42151355743,42.7189712524,47.2202301025,104.582450867,35.1947174072,22.0633678436,4.28506040573,15.8511133194,17.443862915,15.167178154,11.6793899536,8.37416172028],[131.39125061,-20.3980178833,71.0744781494,59.1804771423,35.1947174072,112.397079468,32.8094062805,8.88525104523,5.49925327301,7.86822223663,7.75639200211,12.2215642929,17.6576042175],[-42.7785873413,30.1171035767,26.7558078766,24.9805698395,22.0633678436,32.8094062805,75.3933334351,31.1729984283,13.5927057266,0.282813549042,4.81987571716,13.2617254257,7.26367235184],[38.0490646362,-36.6235771179,49.9154167175,12.2545728683,4.28506040573,8.88525104523,31.1729984283,80.5616073608,23.7242546082,12.2641296387,7.81843233109,5.37507295609,9.72201442719],[-91.8621368408,11.7710809708,13.0598659515,26.0768795013,15.8511133194,5.49925327301,13.5927057266,23.7242546082,58.9053268433,22.555519104,10.6830339432,7.7833533287,2.55886483192],[-75.4039459229,-51.3102607727,4.474817276,13.6614313126,17.443862915,7.86822223663,0.282813549042,12.2641296387,22.555519104,62.3823242188,22.1791820526,9.68910217285,5.01842212677],[-137.336349487,-35.6734161377,23.1935329437,6.91468143463,15.167178154,7.75639200211,4.81987571716,7.81843233109,10.6830339432,22.1791820526,50.0440940857,20.465051651,9.33339118958],[-126.488601685,-18.8738670349,24.5204563141,23.9542541504,11.6793899536,12.2215642929,13.2617254257,5.37507295609,7.7833533287,9.68910217285,20.465051651,49.785358429,21.9033222198],[-98.955039978,-56.0826263428,48.4439964294,7.83267354965,8.37416172028,17.6576042175,7.26367235184,9.72201442719,2.55886483192,5.01842212677,9.33339118958,21.9033222198,46.7875404358]],"icov":[[0.000203472372959,-0.000384330603993,-0.0000895568591659,-0.000234926454141,0.000358693068847,-0.000401303725084,0.00047966936836,-0.000512056401931,0.000587027170695,-0.000305967201712,0.00021241333161,0.000342397746863,0.0000189467536984],[-0.000384330603993,0.0030915546231,0.00168811203912,-0.00131325784605,-0.00102356250864,0.00125136831775,-0.00220412341878,0.00159196439199,-0.00204167258926,0.00286965584382,-0.000310001458274,-0.000235385014093,0.00106308260001],[-0.0000895568591659,0.00168811203912,0.0037112692371,-0.00182376813609,-0.000808337179478,-0.000434160901932,-0.000447107246146,-0.000934229523409,-0.000532184552867,0.00243308441713,-0.000956495176069,0.000625712738838,-0.00146519264672],[-0.000234926454141,-0.00131325784605,-0.00182376813609,0.00659703835845,-0.00129591079894,-0.00175419263542,0.000511117104907,0.000409943429986,-0.00161350518465,-0.00155427923892,0.00102921808138,-0.00309967366047,0.0009430894861],[0.000358693068847,-0.00102356250864,-0.000808337179478,-0.00129591079894,0.01292644348,-0.00277047371492,-0.00161111622583,0.00102560163941,-0.000451054569567,-0.00290374062024,-0.0016332087107,0.00102102290839,-0.00046146006207],[-0.000401303725084,0.00125136831775,-0.000434160901932,-0.00175419263542,-0.00277047371492,0.0136628374457,-0.00602531898767,0.00267530814745,-0.0000282381752186,-0.000154008230311,-0.000532089266926,0.000747052021325,-0.00311207026243],[0.00047966936836,-0.00220412341878,-0.000447107246146,0.000511117104907,-0.00161111622583,-0.00602531898767,0.0216538533568,-0.00899997260422,0.000350829097442,0.00150570238475,0.00128870760091,-0.00401498936117,0.00126239506062],[-0.000512056401931,0.00159196439199,-0.000934229523409,0.000409943429986,0.00102560163941,0.00267530814745,-0.00899997260422,0.019479714334,-0.00695437984541,-0.000890570168849,-0.00119432050269,0.00167786411475,-0.00219115195796],[0.000587027170695,-0.00204167258926,-0.000532184552867,-0.00161350518465,-0.000451054569567,-0.0000282381752186,0.000350829097442,-0.00695437984541,0.0250974986702,-0.00819948036224,0.0000120765507745,-0.0000902595929801,0.000644099898636],[-0.000305967201712,0.00286965584382,0.00243308441713,-0.00155427923892,-0.00290374062024,-0.000154008230311,0.00150570238475,-0.000890570168849,-0.00819948036224,0.0250457413495,-0.00818037893623,-0.00019719490956,0.000548967625946],[0.00021241333161,-0.000310001458274,-0.000956495176069,0.00102921808138,-0.0016332087107,-0.000532089266926,0.00128870760091,-0.00119432050269,0.0000120765507745,-0.00818037893623,0.0288065392524,-0.0101298810914,0.00130949961022],[0.000342397746863,-0.000235385014093,0.000625712738838,-0.00309967366047,0.00102102290839,0.000747052021325,-0.00401498936117,0.00167786411475,-0.0000902595929801,-0.00019719490956,-0.0101298810914,0.0324637778103,-0.0130278328434],[0.0000189467536984,0.00106308260001,-0.00146519264672,0.0009430894861,-0.00046146006207,-0.00311207026243,0.00126239506062,-0.00219115195796,0.000644099898636,0.000548967625946,0.00130949961022,-0.0130278328434,0.0313067249954]],"mean":[-606.50177002,113.098754883,-13.338675499,46.4024200439,10.3302202225,6.7742805481,1.78325510025,11.6263580322,-0.145934805274,0.140013501048,-1.13160574436,-3.25486207008,-6.1337184906]},"pitch_salience":{"dmean":0.0898967832327,"dmean2":0.149826601148,"dvar":0.00662166019902,"dvar2":0.0182190649211,"max":0.856538772583,"mean":0.583075881004,"median":0.602651000023,"min":0.0278345495462,"var":0.014402654022},"silence_rate_20dB":{"dmean":0,"dmean2":0,"dvar":0,"dvar2":0,"max":1,"mean":1,"median":1,"min":1,"var":0},"silence_rate_30dB":{"dmean":0.00187230855227,"dmean2":0.00374531839043,"dvar":0.00186868512537,"dvar2":0.00560340518132,"max":1,"mean":0.999064028263,"median":1,"min":0,"var":0.000935164454859},"silence_rate_60dB":{"dmean":0.000748923397623,"dmean2":0.00149812735617,"dvar":0.000748310470954,"dvar2":0.00149595551193,"max":1,"mean":0.037813551724,"median":0,"min":0,"var":0.0363839901984},"spectral_centroid":{"dmean":282.35256958,"dmean2":456.761138916,"dvar":80558.625,"dvar2":180551.640625,"max":11314.5048828,"mean":1737.90002441,"median":1701.6628418,"min":182.182067871,"var":272414.1875},"spectral_complexity":{"dmean":4.16850757599,"dmean2":6.79550552368,"dvar":13.5772752762,"dvar2":33.1996192932,"max":56,"mean":33.7510299683,"median":35,"min":0,"var":102.660400391},"spectral_contrast_coeffs":{"dmean":[0.0553851462901,0.0457027964294,0.0375173613429,0.0270418543369,0.0215791705996,0.0193895231932],"dmean2":[0.0919956117868,0.0763745754957,0.0619847215712,0.0450749732554,0.0362125523388,0.0325574465096],"dvar":[0.001977320062,0.00133283250034,0.000889935356099,0.000468490063213,0.000298554514302,0.000401514349505],"dvar2":[0.00533694913611,0.00365018565208,0.00236314022914,0.00124474591576,0.000825133465696,0.00108775659464],"max":[-0.333123326302,-0.556858778,-0.46876385808,-0.56366610527,-0.579243779182,-0.565551817417],"mean":[-0.614906847477,-0.758666872978,-0.789812266827,-0.804466784,-0.774933993816,-0.720081806183],"median":[-0.6131336689,-0.760633349419,-0.794767618179,-0.809552550316,-0.775255441666,-0.719166398048],"min":[-0.962525188923,-0.9644318223,-0.956197917461,-0.957568764687,-0.960816502571,-0.958509802818],"var":[0.00638345815241,0.00339605170302,0.0028639822267,0.00169551174622,0.00111070845742,0.00163736415561]},"spectral_contrast_valleys":{"dmean":[0.414983034134,0.345668852329,0.310642391443,0.265873372555,0.195262417197,0.18565517664],"dmean2":[0.687578618526,0.556094646454,0.498287081718,0.420239806175,0.320790410042,0.268154770136],"dvar":[0.13613127172,0.108493022621,0.101036325097,0.089008718729,0.0638078078628,0.0707127973437],"dvar2":[0.317309081554,0.232039541006,0.198121532798,0.168091535568,0.113089665771,0.121378876269],"max":[-5.19465208054,-4.70069646835,-5.36044073105,-5.43996286392,-5.62603664398,-7.64383268356],"mean":[-6.87731361389,-6.65132284164,-7.03434753418,-7.19665575027,-6.80492973328,-10.1090841293],"median":[-6.5786151886,-6.39821529388,-6.77631616592,-6.95512390137,-6.56558036804,-9.88145256042],"min":[-27.2890396118,-27.398727417,-27.619222641,-27.28673172,-27.4133090973,-27.2886047363],"var":[2.15665841103,1.83762407303,1.8965241909,1.80382406712,1.7353913784,1.41717088223]},"spectral_decrease":{"dmean":4.57874627102e-9,"dmean2":7.91813814516e-9,"dvar":3.59264094581e-17,"dvar2":9.98034172506e-17,"max":-1.71099050517e-28,"mean":-1.04797921452e-8,"median":-9.49423473173e-9,"min":-4.36574438822e-8,"var":3.90661819226e-17},"spectral_energy":{"dmean":0.0176102872938,"dmean2":0.030441718176,"dvar":0.000525426177774,"dvar2":0.00145913823508,"max":0.167906686664,"mean":0.0419670380652,"median":0.0383955873549,"min":1.04174956708e-20,"var":0.000580923689995},"spectral_energyband_high":{"dmean":0.000327020767145,"dmean2":0.000558756873943,"dvar":3.34240979782e-7,"dvar2":8.69500013323e-7,"max":0.0101879853755,"mean":0.000901533581782,"median":0.00073125003837,"min":7.68652414336e-21,"var":6.29719465906e-7},"spectral_energyband_low":{"dmean":0.0151969837025,"dmean2":0.0264832321554,"dvar":0.000513197504915,"dvar2":0.00143652269617,"max":0.155088290572,"mean":0.0221080649644,"median":0.016151625663,"min":1.1312963365e-22,"var":0.000483922020067},"spectral_energyband_middle_high":{"dmean":0.00180219067261,"dmean2":0.00287608033977,"dvar":0.00000516741556567,"dvar2":0.0000125499364003,"max":0.0316813960671,"mean":0.0072226729244,"median":0.00630793441087,"min":1.72181966198e-21,"var":0.0000193960258912},"spectral_energyband_middle_low":{"dmean":0.00624321447685,"dmean2":0.010455692187,"dvar":0.0000622885272605,"dvar2":0.000166804675246,"max":0.0744607821107,"mean":0.0145839191973,"median":0.0125817917287,"min":2.75517761706e-22,"var":0.0000944095590967},"spectral_entropy":{"dmean":0.094401307404,"dmean2":0.154135555029,"dvar":0.0103718880564,"dvar2":0.0257209036499,"max":9.78973865509,"mean":7.76349925995,"median":7.78266048431,"min":5.72356271744,"var":0.0641055181623},"spectral_flux":{"dmean":0.0340971425176,"dmean2":0.0534014478326,"dvar":0.00149101787247,"dvar2":0.0028966201935,"max":0.363628387451,"mean":0.112510494888,"median":0.103169545531,"min":1.02066133323e-10,"var":0.00286626699381},"spectral_kurtosis":{"dmean":1.34692120552,"dmean2":2.36241030693,"dvar":2.28858280182,"dvar2":7.2578496933,"max":38.1128578186,"mean":3.5503911972,"median":3.11055064201,"min":-1.15516090393,"var":6.16297674179},"spectral_rms":{"dmean":0.00122651224956,"dmean2":0.00206434796564,"dvar":0.00000191733965949,"dvar2":0.00000525486439074,"max":0.0127988830209,"mean":0.00609300844371,"median":0.00612038467079,"min":3.18801040254e-12,"var":0.00000381865356758},"spectral_rolloff":{"dmean":658.507141113,"dmean2":1106.33581543,"dvar":585346.25,"dvar2":1341497.375,"max":18217.0898438,"mean":1691.38098145,"median":1485.79101563,"min":86.1328125,"var":3352035},"spectral_skewness":{"dmean":0.177083179355,"dmean2":0.304482132196,"dvar":0.0277566034347,"dvar2":0.0839058682323,"max":4.11502313614,"mean":1.11672639847,"median":1.09303832054,"min":-0.00633127707988,"var":0.10012447089},"spectral_spread":{"dmean":305547.0625,"dmean2":461356.96875,"dvar":285521379328,"dvar2":412132343808,"max":39382024,"mean":3780814.75,"median":3646193.5,"min":1304436.25,"var":1244194275330},"spectral_strongpeak":{"dmean":0.302730113268,"dmean2":0.5198584795,"dvar":0.229356363416,"dvar2":0.614244937897,"max":6.65708637238,"mean":0.554378569126,"median":0.481750488281,"min":0,"var":0.248277172446},"zerocrossingrate":{"dmean":0.00881228316575,"dmean2":0.0109176579863,"dvar":0.0000903118416318,"dvar2":0.000120822252939,"max":0.49169921875,"mean":0.0614021457732,"median":0.0546875,"min":0.00341796875,"var":0.00169938849285}},"metadata":{"audio_properties":{"analysis_sample_rate":44100,"bit_rate":0,"codec":"flac","downmix":"mix","equal_loudness":0,"length":124.013336182,"lossless":true,"md5_encoded":"ca7b96829c9e68e5cf721c72ae9530de","replay_gain":-14.2700519562,"sample_rate":44100},"tags":{"acoustid_id":["4bd4b8b0-9d44-4962-95de-fbf85978ba2c"],"album":["Clone of the Universe"],"albumartist":["Fu Manchu"],"albumartistsort":["Fu Manchu"],"artist":["Fu Manchu"],"artistsort":["Fu Manchu"],"date":["2018-02-09"],"discnumber":["1"],"disctotal":["1"],"file_name":"03 - Fu Manchu - Don’t Panic.flac","label":["At the Dojo Records"],"media":["Digital Media"],"musicbrainz_albumartistid":["f96de591-5dae-41da-855b-eb387d88d7d4"],"musicbrainz_albumid":["f953879c-3d63-4b32-9209-9fa4dfe5a38d"],"musicbrainz_artistid":["f96de591-5dae-41da-855b-eb387d88d7d4"],"musicbrainz_recordingid":["eecb7ae3-4916-44d5-abb7-d4a9a28ade3c"],"musicbrainz_releasegroupid":["eee9f8ce-5927-4fc9-a9ed-f2be5389e893"],"musicbrainz_releasetrackid":["5d9963be-e98c-408f-b35e-67fe1b3e4ee6"],"originaldate":["2018-02-09"],"originalyear":["2018"],"releasecountry":["XW"],"releasestatus":["official"],"releasetype":["album"],"script":["Latn"],"title":["Don’t Panic"],"tracknumber":["3"],"tracktotal":["7"]},"version":{"essentia":"2.1-beta2","essentia_build_sha":"2d9f1f26377add8aeb1075a9c2973f962c4f09fd","essentia_git_sha":"v2.1_beta2-1-ge3940c0","extractor":"music 1.0"}},"rhythm":{"beats_count":354,"beats_loudness":{"dmean":0.013588545844,"dmean2":0.0238796230406,"dvar":0.000142859484185,"dvar2":0.000407525047194,"max":0.0980476662517,"mean":0.0405634343624,"median":0.0408600270748,"min":5.4170556929e-10,"var":0.000237617685343},"beats_loudness_band_ratio":{"dmean":[0.185773447156,0.128571107984,0.0633090138435,0.0511924922466,0.0552757158875,0.0296076908708],"dmean2":[0.327913433313,0.231671333313,0.11204790324,0.0910132825375,0.0942849367857,0.0502630956471],"dvar":[0.0226565040648,0.0147898094729,0.00652847532183,0.0047977892682,0.00542310252786,0.00171484483872],"dvar2":[0.062006700784,0.0384140871465,0.0181758832186,0.0136855607852