{"lowlevel":{"average_loudness":0.051399923861,"barkbands":{"dmean":[0.0000232986694755,0.0000681202218402,0.000124331170809,0.000198999157874,0.00145452003926,0.000553794205189,0.000625512329862,0.000476376299048,0.000590339594055,0.000957406533416,0.00054735399317,0.000438910356024,0.000288400624413,0.000444066565251,0.000306310830638,0.0000965043291217,0.000012693584722,0.00000815429029899,0.0000138820632856,0.0000196442360902,0.00000522336767972,0.00000233024252339,0.00000111837800887,8.59368924466e-7,5.76591673962e-7,7.38742016893e-7,0.0000120166105262],"dmean2":[0.000038820271584,0.000095024050097,0.000201651608222,0.000297768594464,0.00233029923402,0.000887074158527,0.000986206927337,0.000749201804865,0.000915392010938,0.00147306581493,0.00088379177032,0.000697173294611,0.000470045662951,0.000706298218574,0.000495837943163,0.000150294581545,0.0000193133855646,0.0000123979643831,0.0000208267465496,0.0000290631887765,0.00000791135880718,0.00000345309035765,0.00000177115350652,0.00000146075581142,9.80027721198e-7,0.0000012259158666,0.0000178633290489],"dvar":[7.77380648742e-9,3.57272227802e-7,1.56508747295e-7,5.29121507498e-7,0.0000283534172922,0.00000556600343771,0.0000113454316306,0.00001189116756,0.00000835423088574,0.0000311252806569,0.0000155634552357,0.00000561088518225,0.00000210229518416,0.0000023184343263,0.00000104822834146,2.21162139269e-7,7.56947482472e-9,1.67990532596e-9,4.24190860215e-9,1.17660956533e-8,6.94043988947e-10,1.16454929033e-10,4.45586692543e-11,5.99050366604e-12,4.87402175911e-12,7.58747318447e-12,1.20636545198e-9],"dvar2":[1.88517592647e-8,7.1149094083e-7,3.92032177388e-7,9.79958031166e-7,0.0000622398802079,0.0000137764791361,0.0000282223991235,0.0000313178315992,0.0000206822242035,0.0000751946499804,0.0000374684022972,0.0000139406847666,0.0000054062666095,0.00000590325407757,0.0000026209254429,5.01668239394e-7,1.69223017821e-8,3.14129167123e-9,8.62667270951e-9,2.65053401449e-8,1.39582345682e-9,2.06717643003e-10,9.59705370729e-11,1.63658080143e-11,1.34327176118e-11,1.95848268159e-11,2.64824806528e-9],"max":[0.00442922767252,0.0373268574476,0.0104360356927,0.0304178148508,0.230570167303,0.0773604437709,0.17296217382,0.147714704275,0.101885162294,0.180307790637,0.158610925078,0.0923927351832,0.0596377886832,0.0421841777861,0.0309572909027,0.0199249833822,0.00355761870742,0.0017311865231,0.00243552681059,0.00498000206426,0.000993311987258,0.000743022828829,0.000514191226102,0.0000607035253779,0.0000550447730348,0.000135724723805,0.00111749290954],"mean":[0.0000309621027554,0.00011591015209,0.000172558589838,0.000291044008918,0.00233485270292,0.000809274089988,0.000935240648687,0.000640875543468,0.000832593359519,0.0013085642131,0.00079547270434,0.00067953846883,0.000466979283374,0.000688996049576,0.00050082890084,0.000160969240824,0.0000178786976903,0.0000133545954668,0.0000257455412793,0.0000383203114325,0.00000876153535501,0.00000418051786255,0.0000019529616111,0.00000139772032526,5.35911681254e-7,0.00000119990920666,0.0000280718268186],"median":[0.0000100642173493,0.0000139907042467,0.0000197632562049,0.0000299599632854,0.00017639521684,0.0000626426626695,0.0000232086567848,0.0000207015928027,0.000017095288058,0.0000114556942208,0.00000677416937833,0.0000106289635369,0.0000106855322883,0.0000226379834203,0.0000147137252497,0.00000179583753379,7.25671668533e-7,8.9431705419e-7,8.61641126448e-7,0.00000135216316721,6.76184470194e-7,5.84921394875e-7,4.59530525632e-7,6.17840157702e-7,2.64209987222e-8,4.59557412569e-7,0.00000165736696545],"min":[6.51185843206e-25,1.03097513602e-24,6.73569278353e-25,9.05264234319e-25,8.31105984417e-24,7.21056022721e-24,7.05015246188e-24,5.81758766861e-24,1.19899079425e-23,1.57361121404e-23,1.15853256389e-23,2.05013905214e-23,2.21956712638e-23,1.87675768037e-23,3.23151316243e-23,3.93118766252e-23,4.47921848416e-23,6.78148631685e-23,1.02341064625e-22,1.85851135918e-22,2.40443036863e-22,2.885204361e-22,4.09781433391e-22,5.94101068437e-22,7.70017605659e-22,1.16793873622e-21,1.87272418407e-21],"var":[1.4321863695e-8,9.2046110467e-7,2.97217013667e-7,0.0000012352545582,0.0000891002928256,0.0000102797312138,0.0000168783553818,0.0000164037774084,0.0000154846347868,0.0000499005545862,0.0000278714505839,0.0000113111018436,0.00000476030436403,0.00000448131731901,0.00000233287596529,6.35257777049e-7,9.85066161974e-9,3.15845283261e-9,1.06279287593e-8,2.81097918275e-8,1.56307600196e-9,2.83934625811e-10,8.22955037449e-11,7.59504872189e-12,4.29816989292e-12,1.06380303871e-11,5.06843811365e-9]},"barkbands_crest":{"dmean":3.24653911591,"dmean2":5.34844636917,"dvar":7.43693351746,"dvar2":19.6721782684,"max":26.4930114746,"mean":11.7647333145,"median":10.8364553452,"min":3.04619789124,"var":20.8165283203},"barkbands_flatness_db":{"dmean":0.0281408559531,"dmean2":0.0449730083346,"dvar":0.00060764409136,"dvar2":0.0014473592164,"max":0.511533379555,"mean":0.170231789351,"median":0.167717665434,"min":0.0364679284394,"var":0.00274895387702},"barkbands_kurtosis":{"dmean":8.79112243652,"dmean2":13.0487785339,"dvar":980.098388672,"dvar2":1805.25708008,"max":935.961486816,"mean":14.8608264923,"median":4.12070417404,"min":-1.86869966984,"var":2426.28881836},"barkbands_skewness":{"dmean":0.764801323414,"dmean2":1.17947351933,"dvar":0.947905540466,"dvar2":1.96235060692,"max":27.3097419739,"mean":2.14166927338,"median":1.69147825241,"min":-2.60768413544,"var":5.99926662445},"barkbands_spread":{"dmean":4.79348611832,"dmean2":7.74142313004,"dvar":50.4603843689,"dvar2":130.111343384,"max":135.138519287,"mean":15.7799940109,"median":12.3405952454,"min":0.179254546762,"var":201.644500732},"dissonance":{"dmean":0.023440670222,"dmean2":0.0404312610626,"dvar":0.000563898414839,"dvar2":0.00161127047613,"max":0.500000059605,"mean":0.45782917738,"median":0.465651273727,"min":0.263981461525,"var":0.00112743326463},"dynamic_complexity":12.8965864182,"erbbands":{"dmean":[0.00262714223936,0.0145777203143,0.108546636999,0.410138398409,1.1869738102,6.37113809586,7.34305715561,4.57710981369,7.66265201569,10.4635944366,8.76162719727,14.3481388092,27.3006381989,24.8957309723,16.8434047699,17.1174087524,13.207570076,14.6234054565,21.4396705627,9.92956638336,3.82446861267,0.658908367157,0.451154530048,0.466722041368,0.874437272549,0.939232647419,0.345172375441,0.1498016119,0.0863847881556,0.0535390302539,0.0299115236849,0.0238028801978,0.0103093665093,0.00653518829495,0.00406210217625,0.00230322731659,0.00159570202231,0.000843367073685,0.000648408895358,0.000211071237572],"dmean2":[0.00345640652813,0.0215496383607,0.173818305135,0.634917378426,1.83582901955,10.365152359,11.4963684082,7.29484939575,12.0168600082,16.358499527,14.0513677597,22.4198474884,42.7950553894,39.0796699524,26.4660396576,26.709236145,21.2405586243,22.9235935211,34.6632995605,15.461730957,5.79374027252,0.973344326019,0.672395169735,0.699334263802,1.27282452583,1.39788615704,0.515017867088,0.228778600693,0.1287496984,0.0804871320724,0.0481845475733,0.0403888523579,0.0174667779356,0.0111046433449,0.00690214103088,0.00391181278974,0.00265880022198,0.00125253992155,0.000914167205337,0.000300912564853],"dvar":[0.000657856464386,0.0114272423089,0.122837178409,1.50787627697,19.2465057373,576.129089355,859.931030273,341.497772217,1268.5300293,2849.15576172,5143.51318359,5908.99267578,26120.6972656,24204.4335938,8916.88378906,6718.64160156,4376.25048828,2569.63671875,4858.00585938,1748.36206055,349.16027832,11.1040391922,6.11208677292,5.00030374527,17.1592311859,21.6961650848,3.78558540344,0.585909068584,0.13812585175,0.088918954134,0.0315574966371,0.00393936596811,0.0014021738898,0.000624303764198,0.000241723508225,0.000075040392403,0.0000248630003625,0.0000182392486749,0.00000997536426439,3.71848557279e-7],"dvar2":[0.00115596468095,0.0256291590631,0.298347353935,3.16110944748,36.5569419861,1396.78869629,1808.77844238,850.411010742,3023.15649414,6871.55664062,15216.5439453,14435.0019531,63430.7109375,58899.6445312,21495.6738281,15337.7177734,10704.7568359,6468.17675781,12735.6240234,4226.10693359,750.517333984,21.7779197693,11.8212366104,9.80308818817,33.5066833496,47.878944397,8.20740222931,1.02633619308,0.235130861402,0.12744410336,0.0746121034026,0.0103533593938,0.00387306441553,0.00172029784881,0.000666021136567,0.00020688281802,0.0000627386762062,0.0000272267916444,0.0000193342275452,7.48700074382e-7],"max":[1.69354748726,5.98740005493,9.03296089172,37.8667373657,218.635009766,965.01171875,1130.05163574,660.087219238,1274.34509277,2354.34741211,3709.88134766,3222.58569336,4992.24609375,5625.50878906,4212.1875,3523.11254883,3237.87158203,1541.99731445,1988.26696777,1578.27172852,739.412780762,167.718536377,115.453399658,107.646812439,177.664657593,177.929244995,86.5406570435,43.1508102417,23.238910675,23.1202201843,12.9892263412,2.01068878174,0.917020142078,0.623382031918,0.38784340024,0.215999335051,0.215082257986,0.315818101168,0.133586779237,0.0223378762603],"mean":[0.00469188066199,0.0235579479486,0.161375880241,0.623953282833,1.79430890083,9.48573112488,11.7853040695,6.75780534744,11.6976509094,15.1103992462,12.2066917419,20.6813621521,37.718952179,36.5015296936,28.5763263702,27.9441871643,23.3768482208,25.3059825897,36.5566825867,18.3688564301,6.7759809494,1.16498339176,0.762287676334,0.844644367695,1.77981197834,1.83596098423,0.636596560478,0.264318734407,0.159265980124,0.0960480496287,0.0536590367556,0.0444540567696,0.0118568865582,0.00620023254305,0.00379932927899,0.00238067610189,0.00291645200923,0.00173433416057,0.00152743735816,0.000555948645342],"median":[0.000526159012225,0.00317272474058,0.0225644893944,0.0928059369326,0.297064840794,0.574001252651,0.709187328815,0.5713763237,0.407097488642,0.482661783695,0.507303416729,0.420168995857,0.442652374506,0.349242538214,0.360672026873,0.494507372379,0.565365612507,0.970588743687,1.46352660656,0.422083854675,0.0964677557349,0.0476095564663,0.0470455437899,0.0482108667493,0.0512655973434,0.0619612745941,0.0282447449863,0.0289966762066,0.0220918282866,0.0147692197934,0.0170120056719,0.0211259890348,0.00339377555065,0.000444464938482,0.000204848867725,0.000433913752204,0.00132698798552,0.000345142558217,0.000100472214399,0.0000317512240144],"min":[4.63549940255e-23,2.81504622753e-22,2.2918838231e-21,4.06199762543e-21,8.18192455092e-21,2.13990412777e-20,3.4646760456e-20,7.84659910153e-20,1.10896098069e-19,1.63080144105e-19,1.81654174567e-19,2.67326937895e-19,6.71493640742e-19,7.68617000666e-19,7.42612820352e-19,1.18203168616e-18,1.42356253136e-18,2.11216743705e-18,1.45341909858e-18,2.75128833054e-18,3.42844402258e-18,3.90666567243e-18,4.62531315758e-18,5.45580290617e-18,8.02095367861e-18,8.54674938061e-18,8.22077652636e-18,1.05146104035e-17,9.52287709735e-18,1.09987509442e-17,1.08798412496e-17,9.92423836545e-18,9.06272562157e-18,7.58199208858e-18,6.22457629567e-18,3.44119459813e-18,2.37118953329e-18,9.59401400964e-19,2.39671472434e-19,2.51718799062e-20],"var":[0.00205969717354,0.0224009733647,0.241644322872,3.58117794991,41.3542022705,1487.4309082,2676.67749023,624.309143066,2577.42260742,4528.45410156,4956.609375,10367.5478516,41910.6601562,40940.625,22529.1445312,16311.0195312,11445.0078125,6190.78515625,9987.17773438,4764.03808594,1065.7265625,22.9702720642,11.0446195602,9.37764930725,57.2309684753,63.0631790161,8.74561405182,1.27996063232,0.373139470816,0.223732605577,0.0490613430738,0.00645425496623,0.00135499553289,0.000553418183699,0.00021368918533,0.0000683273974573,0.0000393256159441,0.0000484930860694,0.0000329333124682,0.00000198161546905]},"erbbands_crest":{"dmean":3.03984904289,"dmean2":5.03895187378,"dvar":7.37138271332,"dvar2":19.6743907928,"max":29.4639701843,"mean":10.3609724045,"median":9.75353527069,"min":1.82876336575,"var":19.0868549347},"erbbands_flatness_db":{"dmean":0.0220229383558,"dmean2":0.0349167436361,"dvar":0.000399326876504,"dvar2":0.000961970654316,"max":0.387347489595,"mean":0.184602156281,"median":0.19332934916,"min":0.0385991111398,"var":0.00526183238253},"erbbands_kurtosis":{"dmean":1.50857138634,"dmean2":2.50392985344,"dvar":5.95692586899,"dvar2":15.7531099319,"max":59.5177650452,"mean":1.29520845413,"median":0.27277135849,"min":-1.82869422436,"var":11.3464488983},"erbbands_skewness":{"dmean":0.468100488186,"dmean2":0.742741644382,"dvar":0.189013957977,"dvar2":0.477774500847,"max":5.04718542099,"mean":0.369744032621,"median":0.291586637497,"min":-4.0502038002,"var":1.11799120903},"erbbands_spread":{"dmean":7.00800514221,"dmean2":11.2262468338,"dvar":63.3399963379,"dvar2":147.637191772,"max":158.438995361,"mean":34.8703956604,"median":26.1531677246,"min":1.28342986107,"var":705.238830566},"gfcc":{"cov":[[34786.921875,4792.76708984,-5445.27978516,-3227.73095703,-545.010314941,-1832.65002441,-563.549865723,-1833.99279785,-597.994018555,-289.948913574,-192.357391357,-1084.91552734,473.657531738],[4792.76708984,1520.4140625,-644.602111816,-709.211120605,-109.615592957,-341.644592285,-123.891159058,-457.424682617,-69.2825698853,-85.0813217163,-20.1914615631,-228.316635132,-0.466409772635],[-5445.27978516,-644.602111816,1647.55163574,1066.38562012,-61.8536758423,515.442016602,-24.9574546814,428.898895264,38.2101669312,83.5934295654,5.0324139595,275.038787842,-236.779098511],[-3227.73095703,-709.211120605,1066.38562012,1087.01086426,110.976394653,348.852966309,62.2163162231,299.513061523,39.5422897339,51.2261390686,2.09656906128,216.668426514,-185.432556152],[-545.010314941,-109.615592957,-61.8536758423,110.976394653,319.66696167,64.6850204468,99.2979736328,-53.0934715271,-10.2034597397,-43.699672699,20.3913154602,-15.9795923233,26.8997821808],[-1832.65002441,-341.644592285,515.442016602,348.852966309,64.6850204468,520.992492676,83.0207138062,177.565093994,-71.7891464233,-64.7790756226,-34.8295783997,176.267150879,-105.863479614],[-563.549865723,-123.891159058,-24.9574546814,62.2163162231,99.2979736328,83.0207138062,246.584823608,59.1343688965,5.68808555603,-72.1417388916,-11.2717504501,39.9289970398,15.760515213],[-1833.99279785,-457.424682617,428.898895264,299.513061523,-53.0934715271,177.565093994,59.1343688965,369.889953613,68.3505172729,35.6473693848,-24.2742042542,84.8418579102,-7.71142816544],[-597.994018555,-69.2825698853,38.2101669312,39.5422897339,-10.2034597397,-71.7891464233,5.68808555603,68.3505172729,178.970230103,82.4566574097,1.44511914253,-20.4711685181,-17.4297733307],[-289.948913574,-85.0813217163,83.5934295654,51.2261390686,-43.699672699,-64.7790756226,-72.1417388916,35.6473693848,82.4566574097,154.242172241,62.6758651733,-23.3850250244,1.78224182129],[-192.357391357,-20.1914615631,5.0324139595,2.09656906128,20.3913154602,-34.8295783997,-11.2717504501,-24.2742042542,1.44511914253,62.6758651733,92.9994125366,27.5955562592,9.40809345245],[-1084.91552734,-228.316635132,275.038787842,216.668426514,-15.9795923233,176.267150879,39.9289970398,84.8418579102,-20.4711685181,-23.3850250244,27.5955562592,168.133789062,-25.7231636047],[473.657531738,-0.466409772635,-236.779098511,-185.432556152,26.8997821808,-105.863479614,15.760515213,-7.71142816544,-17.4297733307,1.78224182129,9.40809345245,-25.7231636047,155.157119751]],"icov":[[0.00029601433198,-0.00097435869975,0.00171235657763,-0.00123068457469,0.000596978934482,-0.00027145454078,0.000399054144509,-0.000563954410609,0.00109954713844,-0.00107790029142,0.000797362474259,-0.000255692226347,-0.000076370757597],[-0.00097435869975,0.00495998747647,-0.00611564517021,0.00418112520128,-0.00017598021077,0.0000917142169783,-0.00101980764885,0.00396469561383,-0.00525633012876,0.00726860482246,-0.00579504901543,0.00443236157298,-0.000540495442692],[0.00171235657763,-0.00611564517021,0.0128194997087,-0.00980969518423,0.00491229072213,-0.003379779635,0.0034207124263,-0.00441316422075,0.00556791387498,-0.00533094583079,0.0024583293125,-0.00073627353413,-0.000715197762474],[-0.00123068457469,0.00418112520128,-0.00980969518423,0.0131371505558,-0.0111226495355,0.00807153992355,-0.00388995418325,-0.000846710172482,0.0034851282835,-0.00938408914953,0.0124038150534,-0.0127116469666,0.0099282823503],[0.000596978934482,-0.00017598021077,0.00491229072213,-0.0111226495355,0.0186891146004,-0.0123583385721,0.00239847623743,0.0066782515496,-0.0122026186436,0.0228938870132,-0.0264610555023,0.0244222320616,-0.0151838185266],[-0.00027145454078,0.0000917142169783,-0.003379779635,0.00807153992355,-0.0123583385721,0.0138352653012,-0.00340482452884,-0.00557202706113,0.0124126998708,-0.0185553394258,0.0227227229625,-0.0212656743824,0.0136731490493],[0.000399054144509,-0.00101980764885,0.0034207124263,-0.00388995418325,0.00239847623743,-0.00340482452884,0.00797223579139,-0.00109484628774,-0.00368531187996,0.00847295112908,-0.00721764937043,0.00442868378013,-0.00359266111627],[-0.000563954410609,0.00396469561383,-0.00441316422075,-0.000846710172482,0.0066782515496,-0.00557202706113,-0.00109484628774,0.0114661287516,-0.0105856787413,0.0125128077343,-0.0116666266695,0.0120061254129,-0.00892666075379],[0.00109954713844,-0.00525633012876,0.00556791387498,0.0034851282835,-0.0122026186436,0.0124126998708,-0.00368531187996,-0.0105856787413,0.0288055036217,-0.0363356657326,0.0350049734116,-0.0263056848198,0.0168922282755],[-0.00107790029142,0.00726860482246,-0.00533094583079,-0.00938408914953,0.0228938870132,-0.0185553394258,0.00847295112908,0.0125128077343,-0.0363356657326,0.0676200166345,-0.0646731704473,0.0486837550998,-0.0257721506059],[0.000797362474259,-0.00579504901543,0.0024583293125,0.0124038150534,-0.0264610555023,0.0227227229625,-0.00721764937043,-0.0116666266695,0.0350049734116,-0.0646731704473,0.0776612833142,-0.0547755807638,0.0272537246346],[-0.000255692226347,0.00443236157298,-0.00073627353413,-0.0127116469666,0.0244222320616,-0.0212656743824,0.00442868378013,0.0120061254129,-0.0263056848198,0.0486837550998,-0.0547755807638,0.0540886372328,-0.0253442339599],[-0.000076370757597,-0.000540495442692,-0.000715197762474,0.0099282823503,-0.0151838185266,0.0136731490493,-0.00359266111627,-0.00892666075379,0.0168922282755,-0.0257721506059,0.0272537246346,-0.0253442339599,0.0256729330868]],"mean":[-201.897766113,90.6979293823,-94.5879974365,-5.86455059052,-40.7830963135,-7.35216379166,-23.1683120728,-28.2458572388,-12.4693403244,-4.36342000961,-12.5743303299,-6.60478544235,-14.8683681488]},"hfc":{"dmean":3.49148106575,"dmean2":5.07204294205,"dvar":106.60899353,"dvar2":234.756484985,"max":378.03805542,"mean":9.44669914246,"median":0.711748838425,"min":1.05350894103e-16,"var":512.758789062},"melbands":{"dmean":[0.0000206166550925,0.0000419809584855,0.0000848542622407,0.000241352739977,0.000291705538984,0.000103378260974,0.000120445649372,0.000117052237329,0.0000702690449543,0.0000942570914049,0.000142286793562,0.000106569386844,0.0000602544751018,0.0000449959989055,0.0000489878257213,0.0000206986933335,0.00003159233529,0.0000415980284743,0.0000220200690819,0.00000873727731232,0.00000344141199093,7.08547872819e-7,5.23614630765e-7,3.60977935543e-7,3.91175490222e-7,6.05759055361e-7,7.86022610555e-7,6.36985248548e-7,2.66209411848e-7,1.16952172391e-7,8.40726102069e-8,5.19070653127e-8,4.36696865336e-8,2.64906390157e-8,1.92118925213e-8,1.5706268286e-8,1.30879413973e-8,7.39623295942e-9,6.09917849559e-9,5.31986188435e-9],"dmean2":[0.0000283706922346,0.0000667201602482,0.000129737556563,0.000388955668313,0.000467635982204,0.000164932906046,0.000190351725905,0.000181698662345,0.000113838963443,0.000146915059304,0.000223683615332,0.00016786827473,0.0000962499980233,0.0000703115510987,0.0000794653678895,0.0000329683171003,0.0000506299475092,0.0000678227006574,0.0000348701541952,0.0000135746813612,0.00000536177913091,0.00000106326285731,8.09316190953e-7,5.4724500842e-7,6.015735039e-7,9.17831243896e-7,0.00000114884051072,9.83462769e-7,4.09080627151e-7,1.77515488531e-7,1.30460264813e-7,7.96447423568e-8,6.51496421256e-8,4.09555624969e-8,3.20004680532e-8,2.64826205409e-8,2.22347971146e-8,1.25345014368e-8,1.03635198201e-8,9.03920049922e-9],"dvar":[3.74887996202e-8,1.98837319942e-8,8.3757541347e-8,7.2308154131e-7,0.00000130338821691,1.80010502504e-7,3.51581604718e-7,3.6938803305e-7,2.70596643759e-7,2.48788410318e-7,7.1938183055e-7,4.19570625354e-7,1.44902671195e-7,6.71240272254e-8,5.83394914599e-8,9.65525792651e-9,1.22077308262e-8,2.06280912352e-8,7.59255414096e-9,1.70175407099e-9,3.18681914191e-10,1.69420640711e-11,9.52973117085e-12,3.15276515832e-12,3.78041174753e-12,7.04603129315e-12,1.56336679713e-11,1.1037027195e-11,2.26238494085e-12,3.70733012432e-13,2.08413581532e-13,4.7259945794e-14,4.09995117284e-14,2.59888715637e-14,1.86369067965e-14,2.75097666543e-15,1.23193287118e-15,7.18322743969e-16,5.34541740705e-16,4.14617704302e-16],"dvar2":[7.1383226441e-8,4.83706834586e-8,1.54291555532e-7,0.00000173392390934,0.00000271957537734,4.45191687959e-7,8.56665906213e-7,8.64575440573e-7,8.0356306853e-7,6.18107264927e-7,0.00000175010438852,0.00000101874218217,3.44121758644e-7,1.67317253386e-7,1.49667030769e-7,2.13685247274e-8,3.1381762966e-8,5.41855094127e-8,1.83652506536e-8,3.90772125769e-9,7.1245170874e-10,3.48798455396e-11,2.18373947397e-11,5.75384098006e-12,7.80783424026e-12,1.48214548273e-11,3.09129666309e-11,2.57420577909e-11,5.00396815997e-12,7.73864371022e-13,3.83997927856e-13,8.92210432054e-14,7.08076175818e-14,3.71057385393e-14,4.97958065841e-14,6.71106872263e-15,3.34878986147e-15,1.98887465301e-15,1.47345711631e-15,1.14250249733e-15],"max":[0.0125883026049,0.00435010576621,0.0130162723362,0.0279257614166,0.0460877753794,0.0153896315023,0.0260089188814,0.0239434856921,0.0258060861379,0.0195503626019,0.0267995409667,0.0214386601001,0.0140566173941,0.011531861499,0.00916220899671,0.0054410728626,0.00305491429754,0.00428521540016,0.00344484811649,0.00176981044933,0.000564550457057,0.000196396780666,0.000138357805554,0.0000685695631546,0.0000949776585912,0.0000872977689141,0.0001920863142,0.000121959885291,0.0000717667426215,0.0000211472561205,0.000028927315725,0.0000131074475576,0.0000134230194817,0.0000121537941595,0.00000952034679358,0.00000243686167778,0.00000102312731087,6.70963856919e-7,5.8039876194e-7,5.07497361468e-7],"mean":[0.0000368920918845,0.0000639777354081,0.000129390362417,0.00036264170194,0.00047405200894,0.00015037500998,0.00018320014351,0.0001657261746,0.0000959568933467,0.000132033455884,0.000191544779227,0.000151735686813,0.0000987365856417,0.0000726569851395,0.0000768467434682,0.0000359676996595,0.0000501165777678,0.0000659551660647,0.0000356924865628,0.000015696601622,0.00000559739783057,0.00000103780951122,7.83788209446e-7,5.89321473399e-7,6.42145550955e-7,0.00000111281542559,0.00000148285391788,0.00000116247360893,4.5706929086e-7,1.87408787156e-7,1.37573124448e-7,9.01885357507e-8,7.34925080792e-8,4.54015527396e-8,3.10497121347e-8,3.09203969096e-8,2.24268958959e-8,8.04633515372e-9,5.84240034129e-9,4.9461221785e-9],"median":[0.00000535297658644,0.00000884076234797,0.0000211524311453,0.0000358705619874,0.0000280464792013,0.0000117470754049,0.00000571699092689,0.0000053100857258,0.0000036602846194,0.00000238859570345,0.00000205853416446,0.0000013330419506,0.0000010530147847,0.0000011509888509,0.00000130075602556,9.7891711448e-7,0.00000167361383774,0.00000244636544267,8.46975751756e-7,1.86329344842e-7,6.77854146147e-8,4.32113047566e-8,3.76311319883e-8,4.22989963056e-8,3.60535601374e-8,3.17985744402e-8,4.53217516849e-8,3.77330451329e-8,1.68350489105e-8,1.21176464418e-8,1.67991291988e-8,1.26763826103e-8,8.75938521716e-9,7.68740093804e-9,7.52437134821e-9,1.51986974117e-8,1.01384420859e-8,2.03321603998e-9,6.75022093777e-10,2.44185088816e-10],"min":[1.08894132559e-24,8.94641531977e-25,1.37259075938e-24,9.59128445789e-25,1.6353394221e-24,1.77741327113e-24,1.54999068722e-24,1.22538744092e-24,1.22383831532e-24,1.59504351959e-24,2.82321524508e-24,2.6283654182e-24,2.55778169427e-24,2.0179728543e-24,2.55909297831e-24,3.06218251252e-24,2.53944442532e-24,1.47274168029e-24,2.42334638539e-24,2.7334821199e-24,3.62851522271e-24,2.61358255927e-24,3.34747839762e-24,3.84833289167e-24,2.31502178082e-24,4.46481151745e-24,4.33851251994e-24,4.24899100669e-24,4.43344759115e-24,4.59832780338e-24,4.26265802188e-24,4.10294090427e-24,6.24426004971e-24,5.28355289604e-24,5.16722865025e-24,6.27021199577e-24,4.99940440912e-24,5.5356969016e-24,5.38022385567e-24,5.37653001448e-24],"var":[1.04793727473e-7,4.08565732357e-8,1.86134570868e-7,0.00000173626733613,0.00000428245311923,3.37507458426e-7,6.23995333626e-7,6.42185057131e-7,2.75277301398e-7,4.31581071325e-7,0.00000113759517717,7.00503562712e-7,3.2326434507e-7,1.44605849073e-7,1.11354630405e-7,2.78393184061e-8,2.51669085571e-8,3.85859024732e-8,1.74824545951e-8,5.24865484408e-9,8.41158531717e-10,2.78336780707e-11,1.37409823103e-11,5.89241155868e-12,6.17113608478e-12,2.05211733023e-11,4.51545537072e-11,2.70365847765e-11,4.75492084942e-12,7.88987310815e-13,3.8697406282e-13,1.15515927444e-13,1.0409111317e-13,6.27513855765e-14,2.29659600527e-14,4.38546056837e-15,1.84125819788e-15,6.93392605567e-16,4.7394235668e-16,3.65866220097e-16]},"melbands_crest":{"dmean":4.09321451187,"dmean2":6.73524093628,"dvar":12.1339197159,"dvar2":32.4106712341,"max":39.4921531677,"mean":15.8644914627,"median":14.7359266281,"min":1.58567202091,"var":45.674407959},"melbands_flatness_db":{"dmean":0.031982857734,"dmean2":0.0507337339222,"dvar":0.000764236261602,"dvar2":0.00179915630724,"max":0.657478153706,"mean":0.259627997875,"median":0.261622399092,"min":0.00293005583808,"var":0.00527970027179},"melbands_kurtosis":{"dmean":15.7331199646,"dmean2":23.6398601532,"dvar":2166.43066406,"dvar2":4062.18505859,"max":1381.91186523,"mean":31.4834918976,"median":6.79557132721,"min":-1.79807472229,"var":7185.31884766},"melbands_skewness":{"dmean":0.927337646484,"dmean2":1.46485638618,"dvar":1.21273565292,"dvar2":2.69396424294,"max":27.3353462219,"mean":3.0122358799,"median":2.20097708702,"min":-3.38680243492,"var":9.91224098206},"melbands_spread":{"dmean":5.56532049179,"dmean2":8.99050712585,"dvar":64.5659332275,"dvar2":159.222198486,"max":194.130981445,"mean":18.30585289,"median":13.2778253555,"min":0.22103497386,"var":471.131652832},"mfcc":{"cov":[[17043.6386719,4753.36621094,-4218.44677734,-1197.28283691,-1504.22387695,-340.324554443,-609.828735352,-1287.26501465,-640.754760742,-46.4250106812,-556.423522949,-984.750610352,-66.8362579346],[4753.36621094,2186.2746582,-866.141174316,-471.26574707,-428.68560791,-53.1318435669,-256.363616943,-429.082092285,-312.360778809,0.764364719391,-113.74848175,-319.881072998,-127.128112793],[-4218.44677734,-866.141174316,1772.75244141,475.656036377,462.685272217,123.561447144,137.278610229,372.257446289,101.649810791,-1.58409738541,194.179763794,307.818359375,-87.9066543579],[-1197.28283691,-471.26574707,475.656036377,571.239074707,228.233016968,41.4061660767,55.3997154236,73.4090957642,57.086730957,70.7417526245,15.6603870392,116.014656067,57.0197067261],[-1504.22387695,-428.68560791,462.685272217,228.233016968,354.813140869,144.383453369,91.5000991821,132.106689453,36.7792053223,-10.0930080414,57.9863891602,108.624984741,-0.183719232678],[-340.324554443,-53.1318435669,123.561447144,41.4061660767,144.383453369,271.933105469,137.845901489,106.386734009,-37.7000732422,-72.9679107666,21.3454303741,34.6527824402,-59.5006370544],[-609.828735352,-256.363616943,137.278610229,55.3997154236,91.5000991821,137.845901489,246.273757935,193.810165405,44.5527572632,-60.4889793396,-24.5080528259,46.7346038818,-3.03268718719],[-1287.26501465,-429.082092285,372.257446289,73.4090957642,132.106689453,106.386734009,193.810165405,376.716339111,135.643600464,-61.5455093384,21.3743724823,87.1573028564,-41.7056388855],[-640.754760742,-312.360778809,101.649810791,57.086730957,36.7792053223,-37.7000732422,44.5527572632,135.643600464,191.354598999,58.5691223145,-1.97626471519,31.1192073822,41.9651184082],[-46.4250106812,0.764364719391,-1.58409738541,70.7417526245,-10.0930080414,-72.9679107666,-60.4889793396,-61.5455093384,58.5691223145,160.119232178,19.3123435974,-1.44544184208,44.97914505],[-556.423522949,-113.74848175,194.179763794,15.6603870392,57.9863891602,21.3454303741,-24.5080528259,21.3743724823,-1.97626471519,19.3123435974,156.184539795,55.5658569336,-47.2325820923],[-984.750610352,-319.881072998,307.818359375,116.014656067,108.624984741,34.6527824402,46.7346038818,87.1573028564,31.1192073822,-1.44544184208,55.5658569336,167.24772644,36.028881073],[-66.8362579346,-127.128112793,-87.9066543579,57.0197067261,-0.183719232678,-59.5006370544,-3.03268718719,-41.7056388855,41.9651184082,44.97914505,-47.2325820923,36.028881073,163.787918091]],"icov":[[0.000415371905547,-0.00067198270699,0.000712081498932,-0.000442401971668,0.000295249425108,0.0000999827316264,-0.0000715755231795,0.000163382661412,-0.000254327460425,0.000437682087068,0.0000652370799799,-0.000146826147102,0.000257126113866],[-0.00067198270699,0.00217283237725,-0.00117830873933,0.0010985119734,0.00019193260232,-0.000786137825344,0.000731212494429,-0.000238723601797,0.00171382003464,-0.00154308602214,0.00055953633273,0.00105038867332,-0.0000202195642487],[0.000712081498932,-0.00117830873933,0.00269469432533,-0.00132227421273,-0.000589514267631,0.000955262512434,0.0000175155055331,-0.000660836347379,-0.0000429747196904,0.000544387206901,-0.000277495797491,-0.00182824383955,0.00164466944989],[-0.000442401971668,0.0010985119734,-0.00132227421273,0.00364243122749,-0.0014118104009,-0.000250497541856,-0.0000471648709208,0.000117924530059,0.000932732073124,-0.00224164198153,0.00118379492778,-0.000128299565404,-0.000622828199994],[0.000295249425108,0.00019193260232,-0.000589514267631,-0.0014118104009,0.00716598844156,-0.00355572788976,0.000780804781243,0.000150914609549,-0.000278878200334,0.000349515932612,-0.000515671039466,0.000407787883887,-0.00104918505531],[0.0000999827316264,-0.000786137825344,0.000955262512434,-0.000250497541856,-0.00355572788976,0.00856617093086,-0.00414549186826,-0.000292937125778,0.00151344796177,0.0010372773977,-0.000836601073388,-0.00114947324619,0.0023260647431],[-0.0000715755231795,0.000731212494429,0.0000175155055331,-0.0000471648709208,0.000780804781243,-0.00414549186826,0.0102059310302,-0.00456443428993,0.00118404894602,0.0000301911968563,0.00217742309906,0.000269691459835,-0.00165727990679],[0.000163382661412,-0.000238723601797,-0.000660836347379,0.000117924530059,0.000150914609549,-0.000292937125778,-0.00456443428993,0.00966278836131,-0.00687555037439,0.00354421883821,0.0000352462629962,-0.00147956819274,0.00287928944454],[-0.000254327460425,0.00171382003464,-0.0000429747196904,0.000932732073124,-0.000278878200334,0.00151344796177,0.00118404894602,-0.00687555037439,0.0141095137224,-0.00667931558564,0.00104414636735,0.00176967098378,-0.00216965330765],[0.000437682087068,-0.00154308602214,0.000544387206901,-0.00224164198153,0.000349515932612,0.0010372773977,0.0000301911968563,0.00354421883821,-0.00667931558564,0.0124257979915,-0.00297424453311,0.00050768739311,-0.00133667571936],[0.0000652370799799,0.00055953633273,-0.000277495797491,0.00118379492778,-0.000515671039466,-0.000836601073388,0.00217742309906,0.0000352462629962,0.00104414636735,-0.00297424453311,0.0108577348292,-0.0036933189258,0.00413746200502],[-0.000146826147102,0.00105038867332,-0.00182824383955,-0.000128299565404,0.000407787883887,-0.00114947324619,0.000269691459835,-0.00147956819274,0.00176967098378,0.00050768739311,-0.0036933189258,0.0133472820744,-0.00556401815265],[0.000257126113866,-0.0000202195642487,0.00164466944989,-0.000622828199994,-0.00104918505531,0.0023260647431,-0.00165727990679,0.00287928944454,-0.00216965330765,-0.00133667571936,0.00413746200502,-0.00556401815265,0.0121805844828]],"mean":[-844.747802734,143.324661255,1.05205392838,7.23189210892,-4.07231426239,15.9655733109,-6.31174182892,-10.0261573792,-13.3621139526,8.37865638733,-8.07145881653,-7.98153448105,-7.67708063126]},"pitch_salience":{"dmean":0.0906979441643,"dmean2":0.149742379785,"dvar":0.00592431612313,"dvar2":0.0154833393171,"max":0.861059904099,"mean":0.568313121796,"median":0.589415848255,"min":0.0296336859465,"var":0.0197799392045},"silence_rate_20dB":{"dmean":0,"dmean2":0,"dvar":0,"dvar2":0,"max":1,"mean":1,"median":1,"min":1,"var":0},"silence_rate_30dB":{"dmean":0.00924821011722,"dmean2":0.0184991788119,"dvar":0.00916194822639,"dvar2":0.0205425042659,"max":1,"mean":0.984638333321,"median":1,"min":0,"var":0.0151260774583},"silence_rate_60dB":{"dmean":0.040274463594,"dmean2":0.0805609449744,"dvar":0.0386507026851,"dvar2":0.0866021737456,"max":1,"mean":0.600894868374,"median":1,"min":0,"var":0.2398301512},"spectral_centroid":{"dmean":178.311981201,"dmean2":278.09753418,"dvar":52516.1679688,"dvar2":110262.085938,"max":11668.9433594,"mean":1114.96887207,"median":739.310241699,"min":120.452056885,"var":2330584.75},"spectral_complexity":{"dmean":1.35769689083,"dmean2":2.17902421951,"dvar":3.30658245087,"dvar2":7.02719402313,"max":48,"mean":6.78016424179,"median":4,"min":0,"var":52.7675323486},"spectral_contrast_coeffs":{"dmean":[0.0519043467939,0.045618634671,0.03521136567,0.0293618254364,0.0191360414028,0.0356823541224],"dmean2":[0.0858376324177,0.0756087228656,0.0580319948494,0.0476933792233,0.0308353975415,0.0580288991332],"dvar":[0.00187190959696,0.00144581776112,0.000915227457881,0.000672627298627,0.000301402440527,0.00132826261688],"dvar2":[0.00500845257193,0.00389691232704,0.00247354526073,0.0016793103423,0.000759725808166,0.00353156565689],"max":[-0.203846827149,-0.375964790583,-0.50165605545,-0.509332537651,-0.648529708385,-0.449063658714],"mean":[-0.626047492027,-0.780251860619,-0.821497797966,-0.800156652927,-0.85302990675,-0.779063820839],"median":[-0.61544829607,-0.786927640438,-0.833714842796,-0.802362620831,-0.859616518021,-0.788952350616],"min":[-0.985647857189,-0.977999508381,-0.977118134499,-0.984348654747,-0.967809438705,-0.965407967567],"var":[0.019010797143,0.00842133164406,0.00627856794745,0.00704636937007,0.0024017766118,0.0034871599637]},"spectral_contrast_valleys":{"dmean":[0.440176069736,0.392003506422,0.340269505978,0.287341177464,0.267682433128,0.598596811295],"dmean2":[0.726658582687,0.635246932507,0.540531337261,0.443975448608,0.407387465239,0.963491082191],"dvar":[0.137752383947,0.137169897556,0.126001566648,0.107324965298,0.104436449707,0.37673380971],"dvar2":[0.350814640522,0.296007692814,0.260639369488,0.200262621045,0.198447555304,0.991584837437],"max":[-6.20882511139,-4.50116157532,-4.86020183563,-5.45760393143,-5.70757579803,-9.05409431458],"mean":[-9.60532855988,-8.49237060547,-9.0008430481,-9.37762451172,-9.89765262604,-12.8211698532],"median":[-9.20950508118,-7.93033409119,-8.58730316162,-8.96305751801,-9.68558502197,-12.747718811],"min":[-28.1425075531,-28.1155452728,-27.9680423737,-27.7646808624,-27.5882205963,-27.4009895325],"var":[7.20603132248,9.36773014069,9.38509464264,8.81511592865,7.36006116867,5.20302820206]},"spectral_decrease":{"dmean":1.06567310532e-9,"dmean2":1.59622726148e-9,"dvar":8.53569824763e-18,"dvar2":1.90453240608e-17,"max":1.00969875918e-17,"mean":-2.66905342272e-9,"median":-3.75255437834e-10,"min":-6.8262714592e-8,"var":3.68638896423e-17},"spectral_energy":{"dmean":0.00431034201756,"dmean2":0.0064347172156,"dvar":0.000140237723826,"dvar2":0.000312657211907,"max":0.291927963495,"mean":0.0109304627404,"median":0.00148372573312,"min":1.01024699122e-20,"var":0.000616473087575},"spectral_energyband_high":{"dmean":0.0000223282022489,"dmean2":0.0000329366521328,"dvar":1.02234967159e-8,"dvar2":2.10044746041e-8,"max":0.00334871234372,"mean":0.0000476681598229,"median":0.00000502147258885,"min":7.04095248832e-21,"var":2.82619954106e-8},"spectral_energyband_low":{"dmean":0.000255707418546,"dmean2":0.000391030800529,"dvar":7.00167731793e-7,"dvar2":0.00000154558472332,"max":0.0412101894617,"mean":0.000433187902672,"median":0.0000796540334704,"min":1.19677480508e-23,"var":0.00000186314866824},"spectral_energyband_middle_high":{"dmean":0.0020400728099,"dmean2":0.00305572454818,"dvar":0.0000640818107058,"dvar2":0.000145529877045,"max":0.285385817289,"mean":0.00451093865559,"median":0.000164392695297,"min":1.21845683323e-21,"var":0.000200561553356},"spectral_energyband_middle_low":{"dmean":0.00304283923469,"dmean2":0.00469500478357,"dvar":0.0000792636856204,"dvar2":0.000181767172762,"max":0.23564080894,"mean":0.00627628434449,"median":0.000762654468417,"min":1.48484410425e-22,"var":0.000247339106863},"spectral_entropy":{"dmean":0.203452244401,"dmean2":0.32502707839,"dvar":0.0369682386518,"dvar2":0.0906061753631,"max":9.82030773163,"mean":7.24439716339,"median":7.11464214325,"min":5.62727975845,"var":0.422476768494},"spectral_flux":{"dmean":0.0113336769864,"dmean2":0.0181592702866,"dvar":0.000374178373022,"dvar2":0.000918305537198,"max":0.375274509192,"mean":0.0402490310371,"median":0.021273387596,"min":6.39696975946e-11,"var":0.00238373386674},"spectral_kurtosis":{"dmean":2.67744660378,"dmean2":4.3366317749,"dvar":11.8142547607,"dvar2":30.3490829468,"max":58.0610733032,"mean":11.8359880447,"median":10.977314949,"min":-1.26656877995,"var":70.2712554932},"spectral_rms":{"dmean":0.000442871707492,"dmean2":0.000646977685392,"dvar":5.11178825491e-7,"dvar2":0.00000107196126464,"max":0.0168762486428,"mean":0.00214994931594,"median":0.00120313640218,"min":3.13943749469e-12,"var":0.00000604155957262},"spectral_rolloff":{"dmean":365.846893311,"dmean2":638.044250488,"dvar":801037.3125,"dvar2":2159299,"max":19853.6132812,"mean":1432.48400879,"median":839.794921875,"min":21.533203125,"var":7707402},"spectral_skewness":{"dmean":0.240442842245,"dmean2":0.382791131735,"dvar":0.0602468922734,"dvar2":0.146179631352,"max":5.40707683563,"mean":2.33557415009,"median":2.33882069588,"min":-0.0684289112687,"var":0.796762287617},"spectral_spread":{"dmean":446429.78125,"dmean2":714474.5625,"dvar":426816536576,"dvar2":920129634304,"max":42884152,"mean":4710695.5,"median":3336659.5,"min":1173344,"var":28341054734300},"spectral_strongpeak":{"dmean":0.377015948296,"dmean2":0.611797273159,"dvar":0.702534019947,"dvar2":1.7877613306,"max":14.0322322845,"mean":0.680886268616,"median":0.187932237983,"min":0,"var":1.65168392658},"zerocrossingrate":{"dmean":0.00723674474284,"dmean2":0.00930619053543,"dvar":0.000127937397338,"dvar2":0.000213312305277,"max":0.52490234375,"mean":0.0518019422889,"median":0.0380859375,"min":0,"var":0.00503685651347}},"metadata":{"audio_properties":{"analysis_sample_rate":44100,"bit_rate":134363,"codec":"mp3","downmix":"mix","equal_loudness":0,"length":155.664733887,"lossless":false,"md5_encoded":"c9557a09c75e9bc8f43366aa85b865ef","replay_gain":-0.184616088867,"sample_rate":44100},"tags":{"album":["The Complete Columbia Album Collection"],"albumartist":["Johnny Cash"],"albumartistsort":["Cash, Johnny"],"artist":["Johnny Cash"],"artists":["Johnny Cash"],"artistsort":["Cash, Johnny"],"asin":["B008DDC874"],"barcode":["886979104723"],"catalognumber":["88697910472"],"date":["2012-12-04"],"discnumber":["8/63"],"file_name":"03 - Another Man Done Gone.mp3","isrc":["USSM19924865"],"label":["Columbia","Legacy"],"media":["CD"],"musicbrainz album release country":["US"],"musicbrainz album status":["official"],"musicbrainz album type":["album","compilation"],"musicbrainz release track id":["3a3ca25b-7336-3fc0-840a-49b05b743bb1"],"musicbrainz_albumartistid":["d43d12a1-2dc9-4257-a2fd-0a3bb1081b86"],"musicbrainz_albumid":["de36c451-000c-4488-9375-b6d40b6636e5"],"musicbrainz_artistid":["d43d12a1-2dc9-4257-a2fd-0a3bb1081b86"],"musicbrainz_recordingid":["eed122e2-a8ce-40e3-bfce-ec86738e0b17"],"musicbrainz_releasegroupid":["30578604-ce5e-4d3d-a09c-6c06fc4c526b"],"musicbrainz_workid":["f885e70f-92d6-40ba-adeb-9d3d2ddc16ad"],"originaldate":["2012"],"script":["Latn"],"title":["Another Man Done Gone"],"tracknumber":["3/9"],"work":["Another Man Done Gone"]},"version":{"essentia":"2.1-beta1","essentia_build_sha":"ca57ba49d9b1854bd80e60cf9ccf267278fb7d6b","essentia_git_sha":"v2.1_beta1-28-g21ef5f4-dirty","extractor":"music 1.0"}},"rhythm":{"beats_count":360,"beats_loudness":{"dmean":0.0135431811213,"dmean2":0.0242396779358,"dvar":0.000906019296963,"dvar2":0.00250348052941,"max":0.227973535657,"mean":0.0140295345336,"medi