{"lowlevel":{"average_loudness":0.941867232323,"barkbands":{"dmean":[0.0000187507193914,0.00439925817773,0.00536039937288,0.00262992572971,0.00276142382063,0.000918409612495,0.000667077547405,0.000508715806063,0.000577980477829,0.000336527853506,0.000244789989665,0.000209274643566,0.000214055093238,0.000193117492017,0.000197397675947,0.000293144956231,0.000408827065257,0.000273808313068,0.000383930047974,0.000167618054547,0.000130872547743,0.000157077491167,0.0000774450672907,0.0000364736843039,0.0000211363858398,0.0000187423884199,5.49985941234e-7],"dmean2":[0.0000305669418594,0.00806700717658,0.00932697113603,0.00437395228073,0.00458549521863,0.00145838689059,0.00111310731154,0.000809122226201,0.000889984890819,0.00053612847114,0.000369007349946,0.000334442825988,0.000339558784617,0.000314148404868,0.000324345135596,0.000488589343149,0.000686672807205,0.000463048549136,0.000640923099127,0.000275221595075,0.000211213467992,0.000244152033702,0.000114924347145,0.000053017425671,0.0000291979995382,0.0000284846319119,9.47922046635e-7],"dvar":[1.27348842582e-9,0.00011612563685,0.000106648520159,0.0000150775313159,0.0000211726946873,0.00000181580082881,0.00000166592360529,0.00000107899029445,0.00000174831757249,5.08047776293e-7,6.51655454931e-7,2.29397983276e-7,2.28732801588e-7,1.35892662456e-7,1.1435618319e-7,1.31049631591e-7,2.64227509206e-7,1.22960940985e-7,2.36814457821e-7,4.38022986771e-8,2.90362827116e-8,3.81341784816e-8,2.20126334938e-8,1.46921603772e-8,8.53182946514e-9,2.64585398035e-9,3.44639139276e-12],"dvar2":[3.09928638309e-9,0.000332454947056,0.000303721608361,0.0000379643133783,0.000055817021348,0.00000446003650723,0.00000446003741672,0.00000232526167565,0.0000035811062844,0.00000110570704237,0.00000122738561004,5.01601277847e-7,5.06023354774e-7,3.1407557799e-7,2.71197990287e-7,3.29743613747e-7,6.97088353263e-7,3.406983069e-7,6.31365594472e-7,1.09295761774e-7,7.10793770509e-8,8.67559464268e-8,4.6181163782e-8,2.93091879655e-8,1.38797862093e-8,5.10745268301e-9,9.51468070998e-12],"max":[0.00037704827264,0.104392774403,0.125494211912,0.0528959445655,0.0685613304377,0.0292882248759,0.0272645689547,0.0244972147048,0.0388328209519,0.0188077539206,0.0221483949572,0.0143399862573,0.0131498137489,0.00869638938457,0.00972180534154,0.0107618859038,0.0124225374311,0.0110514983535,0.0110173076391,0.00355174927972,0.00465378072113,0.00297960103489,0.00690128840506,0.0048531726934,0.00449708336964,0.00169817788992,0.0000525717441633],"mean":[0.000019275375962,0.00476547051221,0.0076607321389,0.00353325577453,0.0042138947174,0.00178629171569,0.0010761807207,0.000824391958304,0.00101910973899,0.000523288385011,0.000361050362699,0.000320017832564,0.000342885527061,0.000328584719682,0.000359228200978,0.000621290877461,0.000884228968062,0.000578466861043,0.000863735796884,0.000399723969167,0.000329777540173,0.000443719094619,0.000196099266759,0.0000901318562683,0.0000508555494889,0.0000312132251565,4.522130439e-7],"median":[0.00000635068181509,0.00236288132146,0.00533212628216,0.00207581766881,0.00278511783108,0.00120171846356,0.000690048793331,0.000408975058235,0.000338128244039,0.000242074645939,0.000104539249151,0.000139505951665,0.00016294507077,0.000184898395673,0.000237258951529,0.000499666377436,0.000703502970282,0.000455502216937,0.000656422052998,0.00032349297544,0.000276916398434,0.000364209961845,0.000140014628414,0.0000511734033353,0.0000244877337536,0.00000985158931144,3.41932100412e-8],"min":[9.10814955471e-25,3.953538143e-24,2.38888479953e-24,3.96531662518e-24,1.82345166687e-23,1.26883464553e-23,3.21530711954e-23,2.29762365077e-23,3.10927190765e-23,1.68549456736e-23,2.28105441632e-23,2.56609715596e-23,5.10850513449e-23,2.16624580898e-23,6.05827694052e-23,9.50324702866e-23,1.02642321138e-22,9.71572450467e-23,1.89705724871e-22,2.06138795622e-22,3.59936556586e-22,2.91859753731e-22,4.74613102295e-22,6.07260984897e-22,1.07363711716e-21,1.38646022467e-21,2.10530430981e-21],"var":[1.31306376883e-9,0.0000753806816647,0.0000870066432981,0.0000197597109945,0.0000235504921875,0.00000409821223002,0.00000203597414838,0.00000235103448176,0.00000631021885056,0.00000101077898762,0.00000152360439643,5.60785110792e-7,4.66478553562e-7,3.1344526974e-7,2.04735485454e-7,2.9010377034e-7,5.11420864768e-7,2.31747080193e-7,5.80231130698e-7,1.20129953984e-7,7.84650779906e-8,1.35438838811e-7,6.82219010173e-8,4.26028741174e-8,2.6073715631e-8,6.57461507458e-9,2.85328553319e-12]},"barkbands_crest":{"dmean":2.18257379532,"dmean2":3.59048080444,"dvar":3.84976863861,"dvar2":10.3079071045,"max":26.3512744904,"mean":8.55476570129,"median":8.01495170593,"min":2.42103028297,"var":9.92066669464},"barkbands_flatness_db":{"dmean":0.0195783507079,"dmean2":0.0319932624698,"dvar":0.000378076598281,"dvar2":0.00103254849091,"max":0.384078621864,"mean":0.122391968966,"median":0.115303598344,"min":0.0237121321261,"var":0.00140385120176},"barkbands_kurtosis":{"dmean":2.19043469429,"dmean2":3.6607260704,"dvar":13.1767129898,"dvar2":34.6168937683,"max":127.755020142,"mean":2.06636142731,"median":0.581526041031,"min":-1.86919128895,"var":26.9814949036},"barkbands_skewness":{"dmean":0.512898623943,"dmean2":0.832007646561,"dvar":0.305311322212,"dvar2":0.807873606682,"max":11.1330089569,"mean":1.44583308697,"median":1.33158564568,"min":-5.96394634247,"var":1.00139677525},"barkbands_spread":{"dmean":6.42311906815,"dmean2":10.2657938004,"dvar":39.2400588989,"dvar2":96.3208770752,"max":131.549041748,"mean":31.4053726196,"median":31.1265201569,"min":1.27180111408,"var":144.53578186},"dissonance":{"dmean":0.00965350214392,"dmean2":0.0163590367883,"dvar":0.0000756422959967,"dvar2":0.000210991405766,"max":0.500000119209,"mean":0.481048434973,"median":0.483321338892,"min":0.403982311487,"var":0.000149808838614},"dynamic_complexity":1.91861689091,"erbbands":{"dmean":[0.0551435053349,1.26060056686,5.70823001862,6.90789365768,12.2371387482,6.59337234497,8.44290447235,7.33986473083,8.34781455994,11.2839241028,11.3633041382,13.1907148361,10.4467086792,9.1761302948,9.76587867737,8.0948381424,9.19935894012,8.97761726379,9.52147006989,10.197227478,17.080532074,19.5134849548,14.3146562576,23.54022789,11.0802755356,8.12499141693,5.78692722321,5.32316589355,6.02813577652,3.95535945892,1.96611607075,0.957352638245,0.565819740295,0.285200327635,0.143324777484,0.0822823643684,0.0368538461626,0.00440385565162,0.0000886972629814,0.0000169282120623],"dmean2":[0.0985864922404,2.31172132492,10.0906305313,11.6100902557,20.5917778015,10.7066869736,13.22103405,11.8335151672,13.6876249313,18.7198047638,17.462562561,20.4362354279,16.7400741577,14.2071456909,14.79708004,12.7301740646,14.4988327026,14.5080194473,15.4233312607,16.7006454468,28.2359809875,32.6836509705,24.0878486633,39.5582504272,18.410243988,13.3419971466,9.44574165344,8.49674606323,9.60165786743,6.00418281555,2.93705129623,1.43220293522,0.821571707726,0.409216314554,0.200246185064,0.120653375983,0.0579414777458,0.00722189433873,0.000143364930409,0.0000281864722638],"dvar":[0.0185468271375,9.40125465393,142.863510132,91.9209518433,599.303955078,82.6715164185,163.627090454,151.497756958,157.29019165,523.963867188,679.349914551,1024.07226562,334.523773193,735.979553223,855.705383301,317.933654785,460.479797363,339.087432861,328.971099854,228.186019897,467.604522705,509.707305908,335.079376221,1116.56884766,174.862747192,105.909698486,52.2762947083,50.3787117004,55.7753448486,37.1285667419,17.7860679626,7.33710718155,4.20457029343,1.17003750801,0.540591180325,0.0956388488412,0.00844317581505,0.000120353754028,4.5446775232e-8,6.48440967588e-10],"dvar2":[0.0516000539064,27.0050830841,406.741760254,250.940216064,1556.92272949,212.532485962,403.157470703,356.706085205,411.368896484,1386.10620117,1450.65795898,2148.05444336,753.402587891,1478.22558594,1603.0345459,662.96472168,1014.3213501,748.915283203,759.182189941,519.949401855,1176.86901855,1385.98278809,926.708740234,3061.68798828,446.641174316,265.563323975,129.626205444,123.265151978,135.685241699,82.5040206909,36.8152885437,14.5750713348,8.42829608917,2.17776060104,0.936771631241,0.157310068607,0.0192606411874,0.000303805514704,1.12762684523e-7,1.72774783369e-9],"max":[1.09280788898,30.7165393829,128.264785767,117.188362122,332.606140137,148.324676514,312.056915283,371.293487549,287.966461182,472.277893066,667.981994629,1153.9050293,563.505432129,703.765869141,857.682678223,704.581420898,713.694091797,514.101074219,599.909790039,640.481079102,732.237243652,462.932312012,502.920471191,888.686950684,265.496459961,168.211654663,187.673355103,159.900909424,105.316360474,152.775848389,196.736297607,124.346328735,72.4830245972,57.1983795166,32.2099838257,11.4932861328,3.11917996407,0.294562339783,0.0055585205555,0.000316955818562],"mean":[0.0571691580117,1.42196285725,7.9056930542,11.0555076599,14.9307937622,11.0476932526,15.5947027206,13.2647256851,14.7947254181,17.5776538849,20.1680107117,23.896156311,17.8189582825,14.459236145,15.5165958405,13.4144115448,15.4531488419,16.0470161438,18.329996109,22.533203125,39.9594802856,46.4523925781,33.9863777161,49.6208343506,28.0384902954,19.6104793549,14.653553009,14.2270526886,16.4240207672,9.72426223755,4.9615893364,2.43588209152,1.30856335163,0.688613057137,0.316061943769,0.157275900245,0.0533990822732,0.0052000102587,0.000124879894429,0.0000434586763731],"median":[0.0229634977877,0.757735431194,5.5206155777,7.47388219833,7.48523855209,7.4535369873,9.31967353821,8.42660236359,9.77149391174,10.4040231705,9.05737018585,7.83415603638,9.57661056519,5.75788974762,5.41934919357,6.27756071091,7.6793718338,9.00068855286,11.7332649231,17.1081886292,32.2008476257,38.3338317871,27.8680763245,34.8782539368,23.2438850403,15.9498653412,12.5331478119,12.0187978745,13.6372652054,6.90081787109,3.45108771324,1.60179305077,0.665334284306,0.353518605232,0.129318103194,0.052474476397,0.0176841896027,0.00120456889272,0.0000471451894555,0.0000363464932889],"min":[1.42378286231e-22,6.32020009185e-22,7.37726360743e-21,8.17647032876e-21,3.06287920228e-20,5.51110892571e-20,2.54370155264e-20,7.50673902216e-20,3.80703724772e-19,4.00815328896e-19,6.05300580174e-19,6.58758626525e-19,7.56633531734e-19,1.20738787386e-18,1.80100752641e-18,1.64022233029e-18,2.42661332267e-18,1.93703634417e-18,2.80490038759e-18,5.55226333253e-18,5.24961573078e-18,6.52151138811e-18,6.02015101499e-18,7.4358309287e-18,9.2639745287e-18,1.06820557477e-17,1.46712492299e-17,1.18997805875e-17,1.13342479561e-17,1.0451804234e-17,1.29843210769e-17,1.09976623746e-17,1.08027099662e-17,1.08215812647e-17,7.69470041013e-18,4.99146961881e-18,2.54863652509e-18,1.02273489815e-18,2.67421107238e-19,3.07049087951e-20],"var":[0.0127637283877,6.06645345688,104.690559387,127.376113892,566.499389648,139.287948608,369.331878662,323.945617676,254.082702637,688.635620117,1699.7956543,3713.34008789,754.383850098,1461.0489502,2066.93310547,772.784606934,924.020935059,763.982055664,619.011474609,536.431030273,1057.79248047,1119.0357666,697.171203613,2264.53271484,504.184082031,293.161834717,135.408493042,141.67616272,178.016571045,109.509643555,51.9463157654,22.252790451,11.4842691422,3.35743927956,1.44844472408,0.259951114655,0.0154853845015,0.000164341035997,6.79974476725e-8,8.51872239416e-10]},"erbbands_crest":{"dmean":1.87762498856,"dmean2":3.11000084877,"dvar":3.32152748108,"dvar2":8.61560058594,"max":22.9884586334,"mean":6.54329395294,"median":5.82449769974,"min":2.25218367577,"var":7.89593887329},"erbbands_flatness_db":{"dmean":0.010489567183,"dmean2":0.0157531909645,"dvar":0.0000960334655247,"dvar2":0.000200446811505,"max":0.45246142149,"mean":0.138217747211,"median":0.133472710848,"min":0.0279774405062,"var":0.00108295259997},"erbbands_kurtosis":{"dmean":0.480929940939,"dmean2":0.770936965942,"dvar":0.627432882786,"dvar2":1.29642617702,"max":39.6759033203,"mean":-0.502339184284,"median":-0.795330286026,"min":-1.79041242599,"var":3.1343460083},"erbbands_skewness":{"dmean":0.258711397648,"dmean2":0.414940267801,"dvar":0.0468410402536,"dvar2":0.118363790214,"max":2.24645495415,"mean":-0.419639378786,"median":-0.448039025068,"min":-3.40158128738,"var":0.229998603463},"erbbands_spread":{"dmean":7.86220026016,"dmean2":12.5198516846,"dvar":50.5291290283,"dvar2":128.399780273,"max":124.422683716,"mean":52.5909843445,"median":52.2000007629,"min":1.09004807472,"var":224.084106445},"gfcc":{"cov":[[11696.8818359,128.176315308,32.2493896484,391.86340332,-803.781311035,422.898986816,-296.247894287,156.281051636,-288.265319824,95.2134628296,-247.33366394,29.8064689636,-288.21081543],[128.176315308,838.516174316,-261.597412109,28.5997924805,166.821517944,-186.585159302,113.917808533,-110.838134766,74.0928268433,-69.6904067993,49.9888648987,-32.8238182068,80.7245101929],[32.2493896484,-261.597412109,446.18560791,60.2305679321,-30.6128330231,105.227157593,-26.2361392975,39.0082931519,-36.3255844116,57.6106262207,-2.05503344536,36.7105255127,-31.8295669556],[391.86340332,28.5997924805,60.2305679321,222.52406311,-19.2486972809,42.1810531616,-2.20910143852,11.1619386673,28.399433136,-14.28515625,28.8164539337,-17.4551753998,6.2328286171],[-803.781311035,166.821517944,-30.6128330231,-19.2486972809,204.216552734,-66.5305862427,71.8861083984,-24.7136936188,32.4295310974,-2.75406837463,21.3563842773,11.4307460785,27.341709137],[422.898986816,-186.585159302,105.227157593,42.1810531616,-66.5305862427,163.578186035,3.10349988937,44.0196113586,-21.3101882935,13.0956821442,4.55157852173,-0.290904968977,-17.3169403076],[-296.247894287,113.917808533,-26.2361392975,-2.20910143852,71.8861083984,3.10349988937,109.827957153,16.185710907,28.7005939484,-10.926940918,13.6463184357,-3.84967184067,17.516248703],[156.281051636,-110.838134766,39.0082931519,11.1619386673,-24.7136936188,44.0196113586,16.185710907,91.6951904297,23.2673606873,17.874912262,-17.247505188,0.985718011856,-14.2123823166],[-288.265319824,74.0928268433,-36.3255844116,28.399433136,32.4295310974,-21.3101882935,28.7005939484,23.2673606873,80.8140411377,11.7241516113,17.1873245239,-18.1620178223,10.7258682251],[95.2134628296,-69.6904067993,57.6106262207,-14.28515625,-2.75406837463,13.0956821442,-10.926940918,17.874912262,11.7241516113,73.9738998413,12.9734840393,18.4141483307,-18.7832641602],[-247.33366394,49.9888648987,-2.05503344536,28.8164539337,21.3563842773,4.55157852173,13.6463184357,-17.247505188,17.1873245239,12.9734840393,68.2946624756,14.8628129959,19.2334899902],[29.8064689636,-32.8238182068,36.7105255127,-17.4551753998,11.4307460785,-0.290904968977,-3.84967184067,0.985718011856,-18.1620178223,18.4141483307,14.8628129959,57.652507782,11.9588451385],[-288.21081543,80.7245101929,-31.8295669556,6.2328286171,27.341709137,-17.3169403076,17.516248703,-14.2123823166,10.7258682251,-18.7832641602,19.2334899902,11.9588451385,67.2276382446]],"icov":[[0.000484434713144,-0.00144832395017,0.000551289471332,-0.00115366885439,0.00138380634598,-0.00163739058189,0.000959932804108,-0.00110915419646,0.00185608945321,-0.00175394106191,0.00232712063007,-0.00175669859163,0.00157525460236],[-0.00144832395017,0.00725705362856,-0.000998220522888,0.00258904136717,-0.00418091425672,0.00706384843215,-0.00568193523213,0.00609045382589,-0.00658926879987,0.00568789290264,-0.00726604973897,0.00583723839372,-0.00566691625863],[0.000551289471332,-0.000998220522888,0.00418003555387,-0.00275993323885,0.000839479907881,-0.00304029299878,0.000956081552431,-0.00106228946242,0.00338475080207,-0.00429173093289,0.00362525787205,-0.00336724030785,0.00202146312222],[-0.00115366885439,0.00258904136717,-0.00275993323885,0.00925282388926,-0.00298493821174,0.00207449286245,-0.000180572998943,0.00152229995001,-0.00714520784095,0.00741309765726,-0.00870337802917,0.00552030839026,-0.00338285672478],[0.00138380634598,-0.00418091425672,0.000839479907881,-0.00298493821174,0.0126478401944,-0.00174882693682,-0.0030288437847,-0.000382385333069,0.00304728210904,-0.00535006448627,0.00667136162519,-0.0071527576074,0.00412368029356],[-0.00163739058189,0.00706384843215,-0.00304029299878,0.00207449286245,-0.00174882693682,0.0181655660272,-0.00820385478437,0.00070742983371,-0.00153448549099,0.00532561447471,-0.011903972365,0.00943906977773,-0.00599652109668],[0.000959932804108,-0.00568193523213,0.000956081552431,-0.000180572998943,-0.0030288437847,-0.00820385478437,0.0198851972818,-0.00887850858271,0.00222769449465,-0.000292960583465,0.00230645784177,-0.00274839159101,0.00285969488323],[-0.00110915419646,0.00609045382589,-0.00106228946242,0.00152229995001,-0.000382385333069,0.00070742983371,-0.00887850858271,0.0254043322057,-0.0156594123691,0.00247949175537,0.00362883578055,-0.00197665928863,-0.00218604505062],[0.00185608945321,-0.00658926879987,0.00338475080207,-0.00714520784095,0.00304728210904,-0.00153448549099,0.00222769449465,-0.0156594123691,0.033835940063,-0.0147755816579,0.00211954466067,0.00528851617128,0.00153504393529],[-0.00175394106191,0.00568789290264,-0.00429173093289,0.00741309765726,-0.00535006448627,0.00532561447471,-0.000292960583465,0.00247949175537,-0.0147755816579,0.029572525993,-0.0140313962474,-0.000716806272976,0.00184155011084],[0.00232712063007,-0.00726604973897,0.00362525787205,-0.00870337802917,0.00667136162519,-0.011903972365,0.00230645784177,0.00362883578055,0.00211954466067,-0.0140313962474,0.0359302051365,-0.0165199823678,0.0040120575577],[-0.00175669859163,0.00583723839372,-0.00336724030785,0.00552030839026,-0.0071527576074,0.00943906977773,-0.00274839159101,-0.00197665928863,0.00528851617128,-0.000716806272976,-0.0165199823678,0.0356990024447,-0.0136757679284],[0.00157525460236,-0.00566691625863,0.00202146312222,-0.00338285672478,0.00412368029356,-0.00599652109668,0.00285969488323,-0.00218604505062,0.00153504393529,0.00184155011084,0.0040120575577,-0.0136757679284,0.0268289633095]],"mean":[22.0127944946,88.7201919556,-125.196228027,60.8936805725,-54.9117622375,2.92210817337,-38.7861366272,7.07448339462,-21.8036155701,-2.32319307327,-24.6362762451,0.542616844177,-17.6797981262]},"hfc":{"dmean":5.36684465408,"dmean2":8.2345790863,"dvar":42.0564880371,"dvar2":90.3385925293,"max":161.582565308,"mean":24.7732810974,"median":22.6967334747,"min":1.15395282106e-16,"var":220.093276978},"melbands":{"dmean":[0.000856212689541,0.00255876872689,0.00135087047238,0.000657144584693,0.000284852692857,0.000164530720212,0.000130027459818,0.000119840129628,0.0000985068982118,0.000080780024291,0.0000527070769749,0.0000386374304071,0.0000334005089826,0.0000243042031798,0.0000245913051913,0.0000196071814571,0.0000182242492883,0.0000165938126884,0.00001509777303,0.0000181792365765,0.0000236698488152,0.0000228833796427,0.0000228641692956,0.0000110358641905,0.0000230454243138,0.0000112886518764,0.00000668081929689,0.00000575429703531,0.00000433263585364,0.00000354389953827,0.0000037707741285,0.00000413413908973,0.00000280284393739,0.00000216101898332,0.00000130156081468,9.2218925829e-7,5.85067709835e-7,4.50732102308e-7,3.29629756379e-7,2.45167768753e-7],"dmean2":[0.00156286754645,0.00456765340641,0.00224858801812,0.00109569448978,0.000446454127086,0.000263649591943,0.000213554783841,0.000197287488845,0.000149492334458,0.00012517880532,0.000084558952949,0.000060207064962,0.0000499290363223,0.0000383865408367,0.0000392026631744,0.0000315083671012,0.0000296275320579,0.0000267720934062,0.0000247089810728,0.0000301717300317,0.0000393661757698,0.0000382889411412,0.0000390666355088,0.0000186480683624,0.0000387784712075,0.0000189457368833,0.0000110630080599,0.0000095145933301,0.00000715957548891,0.00000577465880269,0.00000612467647443,0.00000672881378705,0.00000433805826106,0.00000334902119903,0.00000201117836696,0.00000141207056004,9.01954422261e-7,6.77759885548e-7,4.87591478304e-7,3.6244384205e-7],"dvar":[0.00000448235505246,0.0000311596595566,0.0000036674164221,0.00000140075644595,1.56995838552e-7,6.5117227166e-8,4.40322338591e-8,5.21609209159e-8,5.27864649769e-8,3.5160091727e-8,8.86043416415e-9,1.26559829283e-8,1.18167546859e-8,3.44743322778e-9,2.79286083149e-9,2.33039632036e-9,1.49529943982e-9,1.07649567038e-9,5.64306990025e-10,5.51641288205e-10,9.41108191377e-10,7.59247997806e-10,1.03105268767e-9,1.78697542874e-10,1.12933373764e-9,1.74142811282e-10,8.0300412153e-11,5.46844063087e-11,2.74893111746e-11,2.45405935156e-11,2.34119234416e-11,2.45703093288e-11,1.58017349206e-11,1.19456224426e-11,7.81046321369e-12,4.69393360986e-12,2.98496405544e-12,2.88393007392e-12,1.22538004049e-12,9.02408356374e-13],"dvar2":[0.0000127424154925,0.000089060391474,0.00000956958774623,0.00000364248921869,3.85881889997e-7,1.55390765144e-7,1.15467280182e-7,1.33226421895e-7,1.10352026184e-7,7.41730872278e-8,1.98282368302e-8,2.55929304416e-8,2.1619007029e-8,7.28716598175e-9,6.25185281322e-9,5.08439201852e-9,3.34164185212e-9,2.44222619905e-9,1.32268784814e-9,1.33420841042e-9,2.36442643242e-9,2.00979521914e-9,2.90450374862e-9,4.87603679655e-10,3.09324255099e-9,4.55604498573e-10,2.01807362488e-10,1.39850131475e-10,7.04784217098e-11,6.21918211374e-11,5.93612173305e-11,6.21836540593e-11,3.64657748442e-11,2.80039012812e-11,1.78841195325e-11,8.9419999183e-12,6.6348640991e-12,6.00900969608e-12,2.57206365581e-12,1.75944718864e-12],"max":[0.0191018115729,0.0580328777432,0.0236170589924,0.017007721588,0.0094330208376,0.0071400157176,0.00401441333815,0.00527607044205,0.0075647351332,0.00646561011672,0.00289397942834,0.00295423809439,0.00361737981439,0.00190107955132,0.00141219026409,0.0014164642198,0.00101656513289,0.00091133575188,0.000534754886758,0.000922017497942,0.00095614726888,0.00064237677725,0.00087353005074,0.000241398796788,0.000822023430374,0.000269649113761,0.000162501004525,0.000152280161274,0.000109077111119,0.000117103787488,0.0000812883008621,0.0000690173110343,0.0000708759544068,0.000107095991552,0.000139012219734,0.0000982076307992,0.0000830760109238,0.0000584020162933,0.0000513398481417,0.0000536600164196],"mean":[0.000905936060008,0.00345808756538,0.00211618747562,0.000920925696846,0.000534229562618,0.000310048664687,0.000227319789701,0.000188442412764,0.000175505367224,0.000142188320751,0.0000859034771565,0.0000574486766709,0.0000513219529239,0.000037058180169,0.0000380865458283,0.0000308665294142,0.0000299127204926,0.0000290525276796,0.0000278789739241,0.0000357296266884,0.0000502017101098,0.0000483938238176,0.0000441705960839,0.0000231452104344,0.0000443760145572,0.00002486806261,0.0000141511700349,0.0000124940343085,0.00000962994090514,0.00000754419943405,0.00000886318593984,0.0000104771988845,0.00000654607583783,0.00000479012396681,0.00000291933747576,0.00000210110329135,0.00000127053476717,9.36280400765e-7,7.22302388567e-7,5.36010077212e-7],"median":[0.000435158901382,0.00238947500475,0.00144540227484,0.000551526201889,0.000353684648871,0.000209739475395,0.000151892207214,0.000108417414594,0.0000679127842886,0.0000479151167383,0.0000448583632533,0.000022007014195,0.0000160299932759,0.0000149480456457,0.0000177422407432,0.0000150913301695,0.0000162526685017,0.0000176677640411,0.0000189615602721,0.0000276570808637,0.0000395195347664,0.0000387256295653,0.0000337345591106,0.000018311502572,0.0000292225267913,0.0000197761255549,0.000010720003047,0.00000976112642093,0.00000790104968473,0.00000583177097724,0.00000727239557818,0.00000874654051586,0.00000458103204437,0.00000332882382281,0.00000194844187718,0.00000140222732625,7.39012705253e-7,4.65406429839e-7,3.26696010688e-7,2.78261012454e-7],"min":[1.85481038669e-24,4.01437194057e-24,2.45771626617e-24,5.5552275199e-24,9.2545256539e-25,1.89277628991e-24,5.79105630422e-24,4.45995016212e-24,4.60552655357e-24,3.39596967747e-24,3.42864035186e-24,4.54823868577e-24,4.53438747157e-24,3.89706280193e-24,4.27928720976e-24,5.35084746442e-24,2.43188008545e-24,2.44776478585e-24,4.65207763002e-24,8.23209565642e-24,5.19620311686e-24,5.23015253478e-24,4.46974663127e-24,5.2000503915e-24,5.09750439028e-24,6.1448213716e-24,5.12564384763e-24,7.402067256e-24,9.1169167576e-24,6.23617343657e-24,6.97447309094e-24,6.23170572284e-24,3.43556457845e-24,6.98788767063e-24,7.64035136989e-24,6.30213995762e-24,7.02093147623e-24,7.34147879418e-24,7.16084857954e-24,8.61354776942e-24],"var":[0.00000292844970318,0.0000216095722863,0.00000464067579742,0.00000147203593315,3.54918626044e-7,1.43069939895e-7,6.42893809299e-8,7.89473588725e-8,1.55474538133e-7,1.22090881405e-7,1.94172820045e-8,2.4158488543e-8,2.90199118069e-8,8.90838158796e-9,5.28062793492e-9,4.51135395707e-9,3.04690184194e-9,2.00423944108e-9,1.12526743479e-9,1.25650412297e-9,1.89860149824e-9,1.4357750544e-9,1.66634606114e-9,3.35373173677e-10,2.13814099759e-9,4.39362657367e-10,1.91453880527e-10,1.30542104904e-10,6.1783543559e-11,5.43519257379e-11,5.75113706658e-11,6.95633342596e-11,4.54244974968e-11,3.08449966957e-11,1.85636644945e-11,1.41342076931e-11,7.32406062881e-12,6.82936389731e-12,3.3748878258e-12,2.22907911747e-12]},"melbands_crest":{"dmean":3.3803627491,"dmean2":5.62696695328,"dvar":9.09669971466,"dvar2":24.7489032745,"max":39.5179367065,"mean":15.1472558975,"median":14.7744426727,"min":1.54105019569,"var":21.7925071716},"melbands_flatness_db":{"dmean":0.0251036230475,"dmean2":0.0409585982561,"dvar":0.000664879684336,"dvar2":0.00178340903949,"max":0.461227446795,"mean":0.174226611853,"median":0.164477989078,"min":0.00269786687568,"var":0.00227179494686},"melbands_kurtosis":{"dmean":7.64793729782,"dmean2":12.8885288239,"dvar":143.000152588,"dvar2":388.451629639,"max":231.97618103,"mean":13.9857873917,"median":9.78573608398,"min":-1.65585303307,"var":227.231765747},"melbands_skewness":{"dmean":0.798078238964,"dmean2":1.30795550346,"dvar":0.809239447117,"dvar2":2.1641368866,"max":14.1601543427,"mean":3.1956243515,"median":3.03979945183,"min":-4.72723960876,"var":2.22629237175},"melbands_spread":{"dmean":7.91871595383,"dmean2":12.7351064682,"dvar":61.9669914246,"dvar2":156.475463867,"max":151.378860474,"mean":27.3760604858,"median":25.7393665314,"min":1.69141209126,"var":200.643356323},"mfcc":{"cov":[[5359.58496094,-102.702156067,575.977661133,49.3141174316,-136.805603027,143.786712646,23.5218315125,107.271316528,-62.0584640503,119.873146057,-4.37271738052,4.33328676224,12.194601059],[-102.702156067,849.037475586,-320.642272949,197.232574463,-15.0705804825,4.14692592621,8.15932273865,-35.993434906,51.4925117493,-94.781036377,26.1827011108,3.07289767265,-11.8891716003],[575.977661133,-320.642272949,406.661193848,-23.5264472961,23.9957141876,47.4894866943,16.0656852722,25.3791007996,-37.806350708,53.0418624878,-9.70452594757,15.8703622818,19.197145462],[49.3141174316,197.232574463,-23.5264472961,207.830703735,36.247543335,17.8801021576,-2.98912477493,5.46040153503,17.9719543457,-12.1743841171,17.7161884308,12.5200948715,-4.26724863052],[-136.805603027,-15.0705804825,23.9957141876,36.247543335,82.4009628296,18.4015007019,2.83956623077,0.935694634914,-0.453590601683,2.77772092819,3.09263920784,6.75739908218,5.74366569519],[143.786712646,4.14692592621,47.4894866943,17.8801021576,18.4015007019,73.0887680054,35.7088317871,9.83373451233,-8.5290594101,1.17593955994,4.24674654007,12.1624937057,7.8966126442],[23.5218315125,8.15932273865,16.0656852722,-2.98912477493,2.83956623077,35.7088317871,73.3509063721,27.015537262,6.64979171753,-2.25509762764,-2.95021891594,7.04977607727,7.40774202347],[107.271316528,-35.993434906,25.3791007996,5.46040153503,0.935694634914,9.83373451233,27.015537262,74.9027252197,23.7925281525,20.3686161041,-3.45123529434,2.29411172867,0.778781950474],[-62.0584640503,51.4925117493,-37.806350708,17.9719543457,-0.453590601683,-8.5290594101,6.64979171753,23.7925281525,70.7841720581,22.9699268341,9.09758090973,-0.411493182182,-2.09437060356],[119.873146057,-94.781036377,53.0418624878,-12.1743841171,2.77772092819,1.17593955994,-2.25509762764,20.3686161041,22.9699268341,73.2746582031,21.8771400452,8.5953912735,2.51393079758],[-4.37271738052,26.1827011108,-9.70452594757,17.7161884308,3.09263920784,4.24674654007,-2.95021891594,-3.45123529434,9.09758090973,21.8771400452,53.8214759827,25.6984081268,4.69158554077],[4.33328676224,3.07289767265,15.8703622818,12.5200948715,6.75739908218,12.1624937057,7.04977607727,2.29411172867,-0.411493182182,8.5953912735,25.6984081268,52.8226585388,23.2939319611],[12.194601059,-11.8891716003,19.197145462,-4.26724863052,5.74366569519,7.8966126442,7.40774202347,0.778781950474,-2.09437060356,2.51393079758,4.69158554077,23.2939319611,47.6436729431]],"icov":[[0.000284089677734,-0.000201294125873,-0.000440738745965,-0.000071382150054,0.000704942794982,-0.000514529936481,0.000338346348144,-0.000397821015213,0.000364938634448,-0.000481757277157,0.000104021128209,0.000196252862224,-0.0000622924781055],[-0.000201294125873,0.00293775345199,0.00184188678395,-0.00219685258344,0.000728804559913,-0.000653350376524,-0.00071763707092,0.00134280358907,-0.00205957097933,0.003032309236,-0.00124826864339,0.000103509657492,-0.000222465518164],[-0.000440738745965,0.00184188678395,0.00513711199164,-0.00106831593439,-0.00093016581377,-0.00154121103697,-0.000528218050022,0.00036791455932,0.00131679500919,-0.00155992305372,0.00145325588528,-0.000978560768999,-0.000673927483149],[-0.000071382150054,-0.00219685258344,-0.00106831593439,0.00786920357496,-0.00352789321914,-0.000832140969578,0.00200334889814,-0.00170836457983,-0.000819004024379,0.000735479232389,-0.00118248874787,-0.00117314292584,0.0015002010623],[0.000704942794982,0.000728804559913,-0.00093016581377,-0.00352789321914,0.016352461651,-0.00474071968347,0.00154099136125,0.00000191057324628,0.0000167330344993,-0.000758057460189,0.000468685961096,0.000394095259253,-0.00156310026068],[-0.000514529936481,-0.000653350376524,-0.00154121103697,-0.000832140969578,-0.00474071968347,0.0231609791517,-0.01113565173,0.00111259322148,0.003082949901,-0.000211952923564,-0.00136402319185,-0.00190172134899,0.00017189400387],[0.000338346348144,-0.00071763707092,-0.000528218050022,0.00200334889814,0.00154099136125,-0.01113565173,0.0224309265614,-0.00744715705514,-0.00191857176833,0.00257382914424,0.00098582834471,-0.000870085554197,-0.00147123157512],[-0.000397821015213,0.00134280358907,0.00036791455932,-0.00170836457983,0.00000191057324628,0.00111259322148,-0.00744715705514,0.0200767926872,-0.00608242023736,-0.00303259352222,0.00374156329781,-0.00177746277768,0.00117398111615],[0.000364938634448,-0.00205957097933,0.00131679500919,-0.000819004024379,0.0000167330344993,0.003082949901,-0.00191857176833,-0.00608242023736,0.0226940680295,-0.0101635521278,0.000375896226615,0.00161810452119,-0.000620808277745],[-0.000481757277157,0.003032309236,-0.00155992305372,0.000735479232389,-0.000758057460189,-0.000211952923564,0.00257382914424,-0.00303259352222,-0.0101635521278,0.0271796118468,-0.0120665729046,0.00149158085696,-0.0000716381618986],[0.000104021128209,-0.00124826864339,0.00145325588528,-0.00118248874787,0.000468685961096,-0.00136402319185,0.00098582834471,0.00374156329781,0.000375896226615,-0.0120665729046,0.0321538336575,-0.0155874714255,0.00403351942077],[0.000196252862224,0.000103509657492,-0.000978560768999,-0.00117314292584,0.000394095259253,-0.00190172134899,-0.000870085554197,-0.00177746277768,0.00161810452119,0.00149158085696,-0.0155874714255,0.0337004028261,-0.0142525872216],[-0.0000622924781055,-0.000222465518164,-0.000673927483149,0.0015002010623,-0.00156310026068,0.00017189400387,-0.00147123157512,0.00117398111615,-0.000620808277745,-0.0000716381618986,0.00403351942077,-0.0142525872216,0.0282726678997]],"mean":[-608.202148438,105.048736572,-7.20640563965,50.287071228,5.490711689,6.45614910126,-9.12176990509,7.30914545059,1.21504712105,-3.27900767326,1.44240486622,-3.07214188576,-3.09791994095]},"pitch_salience":{"dmean":0.0776624307036,"dmean2":0.129816100001,"dvar":0.0051497798413,"dvar2":0.0147197544575,"max":0.880151808262,"mean":0.557670354843,"median":0.562283575535,"min":0.0328083448112,"var":0.0108467461541},"silence_rate_20dB":{"dmean":0,"dmean2":0,"dvar":0,"dvar2":0,"max":1,"mean":1,"median":1,"min":1,"var":0},"silence_rate_30dB":{"dmean":0.00305316084996,"dmean2":0.00610687024891,"dvar":0.00304392841645,"dvar2":0.00858495291322,"max":1,"mean":0.998204171658,"median":1,"min":0,"var":0.00179266755003},"silence_rate_60dB":{"dmean":0.000897988502402,"dmean2":0.00179613835644,"dvar":0.000897238554899,"dvar2":0.0021524883341,"max":1,"mean":0.0189458560199,"median":0,"min":0,"var":0.0185865033418},"spectral_centroid":{"dmean":269.435943604,"dmean2":433.110565186,"dvar":63933.3632812,"dvar2":157868.859375,"max":11666.0927734,"mean":1790.90148926,"median":1793.72131348,"min":235.126708984,"var":328694.09375},"spectral_complexity":{"dmean":4.37464094162,"dmean2":6.95877885818,"dvar":15.5882844925,"dvar2":36.0813980103,"max":58,"mean":28.4149227142,"median":29,"min":0,"var":90.6522674561},"spectral_contrast_coeffs":{"dmean":[0.0517043359578,0.0474116429687,0.0403181537986,0.0295160114765,0.0238228961825,0.0173604525626],"dmean2":[0.0855599716306,0.0782899260521,0.0662903264165,0.0491004958749,0.0396203920245,0.0281524509192],"dvar":[0.00179489608854,0.0014213178074,0.0010463159997,0.000534551159944,0.00034319513361,0.000213349238038],"dvar2":[0.00476706819609,0.00389623409137,0.00273003266193,0.00145144260023,0.000944724481087,0.000520609552041],"max":[-0.344525933266,-0.503565371037,-0.538192749023,-0.612053751945,-0.612147450447,-0.546471893787],"mean":[-0.60232758522,-0.746704936028,-0.786021173,-0.797760367393,-0.773618757725,-0.691919207573],"median":[-0.60460960865,-0.749128162861,-0.79382789135,-0.802721619606,-0.776176095009,-0.689833521843],"min":[-0.977224767208,-0.974861800671,-0.970789551735,-0.968830406666,-0.965772151947,-0.96218329668],"var":[0.00505517749116,0.0038703372702,0.00349352858029,0.00165088125505,0.00118113309145,0.00130710948724]},"spectral_contrast_valleys":{"dmean":[0.427093058825,0.349051892757,0.350234478712,0.265646457672,0.214256718755,0.225398078561],"dmean2":[0.701821506023,0.574281692505,0.57281768322,0.431954950094,0.347758829594,0.309203118086],"dvar":[0.147696167231,0.09808768332,0.0992820113897,0.0659844651818,0.0548305287957,0.0828392133117],"dvar2":[0.357636600733,0.233436211944,0.237597718835,0.14703373611,0.116429328918,0.134732559323],"max":[-5.14271640778,-4.99042367935,-5.30364608765,-5.96012496948,-5.58970403671,-7.47961950302],"mean":[-7.06738853455,-6.57655858994,-7.36822128296,-7.33478498459,-6.88063144684,-10.1819877625],"median":[-6.89394521713,-6.43379831314,-7.25122213364,-7.22702693939,-6.71375322342,-9.88156700134],"min":[-27.959197998,-27.552614212,-27.4549198151,-27.6038341522,-27.3835487366,-27.3699092865],"var":[1.70339512825,1.56172430515,1.39388358593,1.26671981812,1.32873034477,1.76349914074]},"spectral_decrease":{"dmean":3.47487749686e-9,"dmean2":5.96024962718e-9,"dvar":3.35991301873e-17,"dvar2":9.2774228311e-17,"max":8.5718170518e-29,"mean":-7.78339970253e-9,"median":-6.44675290928e-9,"min":-5.91593476429e-8,"var":3.11191633015e-17},"spectral_energy":{"dmean":0.0134478341788,"dmean2":0.023008748889,"dvar":0.000494486244861,"dvar2":0.00136302353349,"max":0.226592063904,"mean":0.0316233374178,"median":0.0265123136342,"min":1.02878754995e-20,"var":0.00047397686285},"spectral_energyband_high":{"dmean":0.000366416003089,"dmean2":0.000526226416696,"dvar":2.76536894717e-7,"dvar2":4.95246979426e-7,"max":0.0172932744026,"mean":0.00135166337714,"median":0.00115792057477,"min":7.34830663144e-21,"var":0.00000146274828694},"spectral_energyband_low":{"dmean":0.00991553720087,"dmean2":0.0175769403577,"dvar":0.000420639611548,"dvar2":0.00119452667423,"max":0.212101340294,"mean":0.0143038574606,"median":0.0101570915431,"min":2.92525274656e-23,"var":0.000303727516439},"spectral_energyband_middle_high":{"dmean":0.00135325558949,"dmean2":0.00212797219865,"dvar":0.00000253082316704,"dvar2":0.00000569302164877,"max":0.0324814021587,"mean":0.00529567105696,"median":0.00429188413545,"min":1.26456841634e-21,"var":0.000014075360923},"spectral_energyband_middle_low":{"dmean":0.00559252779931,"dmean2":0.00908717513084,"dvar":0.0000710857348167,"dvar2":0.000177096095285,"max":0.120450288057,"mean":0.0126637937501,"median":0.00990204419941,"min":2.39545250044e-22,"var":0.000101521494798},"spectral_entropy":{"dmean":0.0917592719197,"dmean2":0.143413975835,"dvar":0.00721478927881,"dvar2":0.0170433688909,"max":9.8071680069,"mean":7.79489135742,"median":7.82072210312,"min":5.93594408035,"var":0.0564315803349},"spectral_flux":{"dmean":0.0292790289968,"dmean2":0.0474089868367,"dvar":0.0014984793961,"dvar2":0.0028114025481,"max":0.387721836567,"mean":0.0960446000099,"median":0.0830393880606,"min":6.48371009659e-11,"var":0.00268445000984},"spectral_kurtosis":{"dmean":1.10624480247,"dmean2":1.90469193459,"dvar":2.80461883545,"dvar2":7.71405982971,"max":82.2770309448,"mean":3.03274726868,"median":2.4885134697,"min":-1.2420283556,"var":9.51119232178},"spectral_rms":{"dmean":0.00102403224446,"dmean2":0.00169921224006,"dvar":0.00000191806566363,"dvar2":0.00000515356350661,"max":0.0148682696745,"mean":0.00527523364872,"median":0.00508583057672,"min":3.168114859e-12,"var":0.00000302397438645},"spectral_rolloff":{"dmean":646.798461914,"dmean2":1081.83276367,"dvar":689708.375,"dvar2":1548228.625,"max":19595.2148438,"mean":1866.39538574,"median":2002.58789062,"min":21.533203125,"var":1947945},"spectral_skewness":{"dmean":0.150118887424,"dmean2":0.250485002995,"dvar":0.0254116468132,"dvar2":0.0690560936928,"max":6.08113574982,"mean":1.04515326023,"median":1.00176525116,"min":-0.0490758642554,"var":0.0837590843439},"spectral_spread":{"dmean":306353.59375,"dmean2":464516.25,"dvar":292145889280,"dvar2":571094794240,"max":42180768,"mean":4161715.5,"median":4074413.75,"min":709105.375,"var":2511701803010},"spectral_strongpeak":{"dmean":0.305373221636,"dmean2":0.52885133028,"dvar":0.286554962397,"dvar2":0.759589076042,"max":8.75169658661,"mean":0.585175275803,"median":0.431118160486,"min":0,"var":0.380250394344},"zerocrossingrate":{"dmean":0.0092708542943,"dmean2":0.0116330208257,"dvar":0.00010804185149,"dvar2":0.000136374743306,"max":0.51220703125,"mean":0.0686681196094,"median":0.0673828125,"min":0,"var":0.000994951929897}},"metadata":{"audio_properties":{"analysis_sample_rate":44100,"bit_rate":320000,"codec":"mp3","downmix":"mix","equal_loudness":0,"length":258.559997559,"lossless":false,"md5_encoded":"c01149ed1adafad668f29ce05491533a","replay_gain":-11.5072727203,"sample_rate":44100},"tags":{"album":["Daredevil"],"albumartist":["Fu Manchu"],"albumartistsort":["Fu Manchu"],"artist":["Fu Manchu"],"artistsort":["Fu Manchu"],"asin":["B00016UZCQ"],"contentgroup":["Rock"],"date":["1995-10-17"],"file_name":"01 Trapeze Freak.mp3","genre":["Rock","Stoner Rock","Hard Rock"],"label":["Bong Load Custom Records"],"mood":["Groovy"],"musicbrainz album release country":["US"],"musicbrainz album status":["official"],"musicbrainz album type":["album"],"musicbrainz_albumartistid":["f96de591-5dae-41da-855b-eb387d88d7d4"],"musicbrainz_albumid":["3784ca06-2bbb-4a33-918b-f35df8867049"],"musicbrainz_artistid":["f96de591-5dae-41da-855b-eb387d88d7d4"],"musicbrainz_recordingid":["eedd9000-092b-4608-821d-d53bf485f07c"],"originaldate":["1995-10-17"],"title":["Trapeze Freak"],"tracknumber":["1/11"]},"version":{"essentia":"2.1-beta2","essentia_build_sha":"70f2e5ece6736b2c40cc944ad0e695b16b925413","essentia_git_sha":"v2.1_beta2","extractor":"music 1.0"}},"rhythm":{"beats_count":619,"beats_loudness":{"dmean":0.0163866337389,"dmean2":0.0299188625067,"dvar":0.000203956587939,"dvar2":0.000642767816316,"max":0.102292984724,"mean":0.0347085855901,"median":0.0326129458845,"min":9.40373778846e-10,"var":0.00025201679091},"beats_loudness_band_ratio":{"dmean":[0.157280310988,0.10153914988,0.0732586979866,0.0483167655766,0.0496415793896,0.0475426986814],"dmean2":[0.271410644054,0.177266538143,0.128016844392,0.0855710580945,0.0834527164698,0.0843287482858],"dvar":[0.0156229725108,0.00733940675855,0.00506064575166,0.00520309526473,0.00291569600813,0.00159836909734],"dvar2":[0.0428037941456,0.0209527928382,0.0144832683727,0.0145819988102,0.00607088627294,0.00490333046764],"max":[0.961477339268,0.566842138767,0.488666772842,0.562942504883,0.959678471088,0.390108615