{"lowlevel":{"average_loudness":0.947875916958,"barkbands":{"dmean":[0.000270433811238,0.00514083169401,0.00210190843791,0.00143147073686,0.0017371737631,0.00166332023218,0.00103354430757,0.00134554854594,0.00180176994763,0.000783077906817,0.000953774724621,0.000848662573844,0.000647309818305,0.000665677420329,0.000347173394402,0.000201727860258,0.000200325783226,0.000211079619476,0.000218057772145,0.000288818671834,0.000222613249207,0.000185132797924,0.000211899226997,0.000194326756173,0.000142044431414,0.0000858370840433,0.0000435980255133],"dmean2":[0.000384285347536,0.00769695872441,0.00360579462722,0.00246882275678,0.00292269722559,0.00287934020162,0.0016310561914,0.00215734634548,0.0028508673422,0.00122011057101,0.00155724317301,0.00138742895797,0.00105392967816,0.00107863731682,0.000563733221497,0.000324870168697,0.000323790649418,0.000339650956448,0.000353260082193,0.000472600338981,0.000352982140612,0.00028847673093,0.000319698679959,0.000291986449156,0.000208573546843,0.000139414463774,0.0000681214296492],"dvar":[2.15419149185e-7,0.0000950319154072,0.0000162192827702,0.00000495505764775,0.00000494378627991,0.0000107582654891,0.00000398413340008,0.00000878685023054,0.0000141773853102,0.00000364696029465,0.00000363763433597,0.00000278082507066,0.00000164211439824,0.00000221384698307,5.20465846421e-7,1.74823938437e-7,8.66243823339e-8,8.44127328037e-8,7.48017114915e-8,1.36167102482e-7,8.49710986017e-8,1.06861612892e-7,1.58144970897e-7,1.53647349066e-7,6.02909508984e-8,2.3976367558e-8,8.19247958361e-9],"dvar2":[3.85799523883e-7,0.000175362918526,0.0000431956323155,0.000013119308278,0.0000133151261252,0.0000295776771964,0.00000912620635063,0.0000210806610994,0.0000348288122041,0.00000831055604067,0.00000993353933154,0.000006971592029,0.00000402942259825,0.00000557305111215,0.00000125895076053,4.08882328884e-7,2.11214683077e-7,2.08511025335e-7,1.91933310134e-7,3.52578183538e-7,1.99038623805e-7,2.62429665554e-7,2.86655051696e-7,3.2636052083e-7,1.18070509814e-7,5.55227721577e-8,1.81548909239e-8],"max":[0.00469330325723,0.0956749245524,0.041299264878,0.0326753519475,0.0320318490267,0.0453777052462,0.0384993627667,0.0677457004786,0.0779870674014,0.0506989881396,0.0340400896966,0.0393892265856,0.0219883881509,0.0221330281347,0.0138326613232,0.00778504880145,0.00906168483198,0.0106173995882,0.00592541368678,0.00431438209489,0.00589680066332,0.0126254055649,0.00709193013608,0.00546281412244,0.00532980449498,0.00123802339658,0.000829611613881],"mean":[0.000437719951151,0.00833617150784,0.00236900779419,0.00162391457707,0.00305666727945,0.00230282382108,0.0018314603949,0.00206062407233,0.00275484286249,0.0013158962829,0.00159554660786,0.00146204105113,0.00119375356007,0.00106882257387,0.000598758168053,0.000350091897417,0.000376564712496,0.000409647764172,0.00046519874013,0.000602095213253,0.000460915412987,0.000339300546329,0.000330423616106,0.000273109675618,0.00018990317767,0.0000870990334079,0.0000450039478892],"median":[0.0000907558060135,0.00285176537,0.0013256209204,0.00085804524133,0.00229478138499,0.00139581225812,0.000659736571833,0.000682990532368,0.000920094375033,0.000469855731353,0.000770158367231,0.000888554495759,0.000569492520299,0.000452499312814,0.000353711511707,0.000202844646992,0.000270473159617,0.000305024674162,0.000362299615517,0.000455903966213,0.000342161336448,0.000225818235776,0.000124137528474,0.000091492314823,0.0000490732309117,0.0000140242609632,0.00000490600723424],"min":[3.04824210773e-25,1.57028482426e-24,1.94579506435e-25,1.05653077809e-24,8.09290272742e-24,5.95870029063e-24,6.20262239341e-24,4.73993898549e-24,9.63063560085e-24,7.41962098886e-24,1.09367060588e-23,2.45782930994e-23,1.60387759816e-23,2.87585964093e-23,4.73442729323e-23,2.99163160521e-23,6.04404715197e-23,8.00833794278e-23,1.33418012794e-22,1.23375674631e-22,1.81273167826e-22,2.87393967971e-22,3.51540173546e-22,5.16226991793e-22,8.60633363644e-22,1.32560408657e-21,1.86488434556e-21],"var":[5.48738512407e-7,0.000181790586794,0.0000134695219458,0.00000512538008479,0.00000758891837904,0.0000101902860479,0.0000116348364827,0.0000157759768626,0.0000258018608292,0.00000837050993141,0.00000672992700856,0.00000437695962319,0.00000328712076225,0.00000394533844883,9.3344783636e-7,3.02260502849e-7,2.00711355092e-7,1.65287616483e-7,1.63638617323e-7,2.99275427551e-7,1.7993860979e-7,1.5421986177e-7,3.02450473555e-7,2.27084925086e-7,1.18704939212e-7,2.66919233383e-8,9.26765597598e-9]},"barkbands_crest":{"dmean":2.55606079102,"dmean2":4.09573793411,"dvar":6.6488609314,"dvar2":14.3302116394,"max":23.0789279938,"mean":8.23591327667,"median":7.05367279053,"min":2.08556985855,"var":15.4906549454},"barkbands_flatness_db":{"dmean":0.0185774024576,"dmean2":0.0275946762413,"dvar":0.000290504161967,"dvar2":0.000572924443986,"max":0.349958091974,"mean":0.0866739079356,"median":0.0792333260179,"min":0.00978086795658,"var":0.00153106136713},"barkbands_kurtosis":{"dmean":1.38286471367,"dmean2":2.15326976776,"dvar":6.03293561935,"dvar2":12.1843223572,"max":130.468185425,"mean":1.35831677914,"median":0.565995454788,"min":-1.83877182007,"var":11.6056547165},"barkbands_skewness":{"dmean":0.401021122932,"dmean2":0.609587013721,"dvar":0.166216403246,"dvar2":0.338006019592,"max":9.78170585632,"mean":0.968480467796,"median":0.961287617683,"min":-2.24585914612,"var":0.821439027786},"barkbands_spread":{"dmean":6.95307445526,"dmean2":10.4617090225,"dvar":53.675743103,"dvar2":100.851379395,"max":89.640083313,"mean":30.031080246,"median":27.4523086548,"min":1.47863352299,"var":192.043777466},"dissonance":{"dmean":0.0149628836662,"dmean2":0.0253890994936,"dvar":0.000204303622013,"dvar2":0.000564959191252,"max":0.500000119209,"mean":0.47471165657,"median":0.479695022106,"min":0.302670359612,"var":0.00039313203888},"dynamic_complexity":2.12483024597,"erbbands":{"dmean":[0.208919942379,1.05664205551,2.14118480682,3.6485748291,4.64745759964,6.91890335083,10.8907165527,14.6249647141,12.4356641769,22.4836082458,34.1784324646,33.5160331726,32.4488258362,30.2419605255,29.8163146973,32.1062011719,26.9843101501,37.6862030029,16.7878055573,16.1126995087,9.66972064972,11.0971803665,10.1666326523,11.7911529541,11.9032449722,12.9939346313,8.68819522858,8.9131231308,7.49710893631,6.27750444412,5.79124927521,4.72390270233,2.94011545181,1.93002998829,0.828261554241,0.419014215469,0.146054551005,0.0412071123719,0.00639147078618,0.000509617384523],"dmean2":[0.291050493717,1.67181384563,3.67734050751,6.28735923767,7.83889770508,11.6475296021,18.6465187073,25.5253543854,20.7462253571,34.3969268799,55.2876205444,53.0288124084,49.5865325928,48.9067497253,47.9505882263,52.3681526184,43.431022644,60.8323898315,26.8495941162,26.1317043304,15.414018631,17.9090709686,16.1430568695,19.3051719666,19.3446941376,21.1852531433,13.7763490677,14.2342653275,11.7514381409,9.32286643982,8.79173755646,7.21145343781,4.3816485405,2.83061552048,1.24475169182,0.682758927345,0.237277179956,0.0633486881852,0.0100009981543,0.000802470138296],"dvar":[0.160612672567,4.15277910233,17.7642364502,34.4427070618,51.5588569641,83.4123306274,325.059051514,1003.77740479,625.90612793,2276.43188477,6094.30371094,5568.51464844,6000.98681641,5571.50048828,2968.00463867,4007.44824219,2552.27294922,6516.46679688,1794.72595215,884.202026367,416.5440979,247.811660767,191.379989624,283.044555664,242.174484253,296.720031738,114.151435852,165.88609314,200.730926514,120.754058838,125.870857239,96.302986145,34.2784042358,11.9255905151,2.15440917015,0.537118494511,0.0766531154513,0.00591576751322,0.000164328419487,0.00000138716040965],"dvar2":[0.251700073481,9.34767627716,47.8695869446,94.6884689331,135.386886597,225.523925781,884.62286377,2748.07617188,1645.02868652,4941.42871094,15042.46875,13526.9101562,13894.2421875,14445.2304688,7501.29882812,10011.9394531,6075.36230469,16552.5351562,4193.76464844,2276.73339844,962.888916016,615.817260742,464.461669922,749.900085449,615.366516113,760.196899414,265.936248779,388.14541626,493.593383789,255.86630249,231.227432251,198.053878784,72.0624084473,23.7079353333,4.66829633713,1.25424981117,0.178800374269,0.0135025018826,0.000358667632099,0.0000031164563552],"max":[3.90019035339,19.6533946991,44.0266036987,88.4065704346,104.81452179,141.445129395,223.434906006,486.417724609,402.543151855,968.100036621,1833.0994873,1365.53979492,1798.75976562,1968.39196777,918.406921387,1603.70227051,918.947631836,1367.32336426,1029.66638184,918.836853027,521.570556641,414.91204834,477.975463867,434.798309326,349.742095947,246.011032104,178.485824585,285.192871094,573.243408203,159.313537598,268.391326904,179.761230469,93.7228622437,80.8277435303,21.4024429321,5.87928676605,2.48880839348,0.692404150963,0.115530207753,0.0108127454296],"mean":[0.328934490681,1.5233079195,2.54330730438,4.45408344269,6.48801517487,11.6464328766,15.9791460037,19.5515632629,20.2829303741,41.2154426575,51.4949760437,51.6931495667,56.4726257324,52.9824333191,55.9412765503,59.33801651,55.2408256531,66.3525695801,29.7604789734,29.8388271332,18.7861938477,22.0463924408,21.5430278778,24.8433818817,26.7717247009,27.509645462,19.1902618408,16.8886737823,13.3521728516,10.1757497787,9.05951690674,6.75154685974,4.11758708954,2.65187764168,0.998369216919,0.430715173483,0.146889522672,0.0422649011016,0.00676376372576,0.000546565803234],"median":[0.0837252661586,0.622801542282,1.46068286896,2.58744430542,4.11565971375,8.46221256256,9.97012138367,11.1376152039,9.29255580902,13.8033905029,18.6891517639,20.8910636902,19.7196807861,25.0154037476,35.1533889771,38.8301696777,31.556552887,27.5176506042,15.451133728,19.6186733246,11.4133796692,15.8634777069,16.5108757019,19.0064678192,21.6608810425,20.7391529083,14.5979814529,12.0923290253,8.77403831482,5.47509860992,3.27613258362,2.17406344414,1.38772106171,0.763890504837,0.229083001614,0.0811182409525,0.0214059948921,0.00577583117411,0.000724195735529,0.0000937587537919],"min":[4.08063925428e-23,1.89130373903e-22,1.03631109689e-21,6.16134566938e-21,6.66993128744e-21,2.60074551095e-20,4.60585700362e-20,8.4143558407e-20,9.28574861076e-20,1.50322136852e-19,2.29771568067e-19,2.19529210928e-19,3.74646281146e-19,8.55775987835e-19,5.4917818507e-19,1.02044557241e-18,1.16192085752e-18,2.0898296314e-18,2.20810756681e-18,2.8528090343e-18,2.72582212782e-18,3.57762770041e-18,4.45046247893e-18,5.66522104903e-18,7.46023689268e-18,6.31271735302e-18,9.1964004901e-18,8.07096005536e-18,1.03723353382e-17,1.00672190159e-17,1.09037244355e-17,9.27949160981e-18,8.90323858203e-18,8.06679106507e-18,5.57326586188e-18,3.65160783927e-18,2.276628934e-18,9.47484313277e-19,2.27942697582e-19,2.59758833058e-20],"var":[0.341653168201,5.88756990433,14.0824813843,32.384929657,57.7937088013,133.228302002,379.892547607,914.927001953,1098.48522949,7081.25390625,9881.13769531,9027.86230469,14499.7988281,10998.4580078,5094.84521484,6403.23876953,5274.65625,13160.4082031,2774.21704102,1596.25170898,769.557067871,563.189331055,402.79598999,546.404052734,513.501708984,666.032226562,282.049926758,290.886260986,268.46673584,195.214950562,245.133270264,150.972381592,53.8315658569,23.5967388153,3.42880892754,0.610644936562,0.0827349796891,0.00688976189122,0.000194518521312,0.00000146123682043]},"erbbands_crest":{"dmean":2.52011060715,"dmean2":4.09495258331,"dvar":6.64189147949,"dvar2":16.643321991,"max":28.689125061,"mean":7.88753175735,"median":6.67934608459,"min":2.21688961983,"var":17.6670188904},"erbbands_flatness_db":{"dmean":0.019184904173,"dmean2":0.0278642009944,"dvar":0.000332977506332,"dvar2":0.000656717864331,"max":0.352934539318,"mean":0.126339092851,"median":0.120902374387,"min":0.0322718434036,"var":0.00155935646035},"erbbands_kurtosis":{"dmean":0.666120827198,"dmean2":1.06457734108,"dvar":0.831264257431,"dvar2":2.05446362495,"max":30.9709510803,"mean":0.059831533581,"median":-0.257214426994,"min":-1.6720893383,"var":1.60632455349},"erbbands_skewness":{"dmean":0.314481258392,"dmean2":0.490220338106,"dvar":0.0857976600528,"dvar2":0.198906138539,"max":4.93391942978,"mean":0.296939522028,"median":0.276960909367,"min":-2.7109811306,"var":0.348071932793},"erbbands_spread":{"dmean":8.30028533936,"dmean2":12.6953926086,"dvar":66.4704284668,"dvar2":140.548446655,"max":125.663414001,"mean":40.0980873108,"median":37.8313293457,"min":6.95810413361,"var":237.025543213},"gfcc":{"cov":[[58729.7421875,1846.27148438,-4615.515625,1456.11608887,-2639.60546875,1001.19506836,-1014.56506348,593.709960938,-964.588989258,299.024719238,-437.778991699,110.94443512,-458.375854492],[1846.27148438,1301.43579102,-766.342407227,69.8001556396,-143.153686523,-36.1789894104,1.22233664989,-80.7938232422,-81.4813995361,-11.7470111847,31.0849514008,-62.5599632263,14.7463407516],[-4615.515625,-766.342407227,985.777893066,-134.746322632,271.215667725,-48.7727813721,50.9430809021,31.5168132782,127.101501465,-3.79280233383,8.06186676025,41.4140434265,4.21506118774],[1456.11608887,69.8001556396,-134.746322632,240.178726196,-47.2531013489,67.4730987549,-14.9078187943,37.0421714783,-11.1279563904,17.8164367676,5.28662252426,31.416311264,21.0311756134],[-2639.60546875,-143.153686523,271.215667725,-47.2531013489,246.034240723,-9.45353507996,67.3038101196,-4.396920681,63.9738845825,-7.48605871201,14.4420690536,8.41963195801,24.2788619995],[1001.19506836,-36.1789894104,-48.7727813721,67.4730987549,-9.45353507996,140.712524414,39.223651886,37.7655181885,-20.1639385223,15.0586080551,6.46452188492,13.2313966751,4.36453866959],[-1014.56506348,1.22233664989,50.9430809021,-14.9078187943,67.3038101196,39.223651886,129.418136597,31.4163017273,22.1003284454,-1.79738843441,20.3544216156,-1.08784544468,14.966919899],[593.709960938,-80.7938232422,31.5168132782,37.0421714783,-4.396920681,37.7655181885,31.4163017273,111.545501709,41.6631278992,25.0950870514,-0.890731751919,16.05219841,4.11690855026],[-964.588989258,-81.4813995361,127.101501465,-11.1279563904,63.9738845825,-20.1639385223,22.1003284454,41.6631278992,99.4177932739,28.2098178864,9.45767307281,4.3317899704,13.1089906693],[299.024719238,-11.7470111847,-3.79280233383,17.8164367676,-7.48605871201,15.0586080551,-1.79738843441,25.0950870514,28.2098178864,62.3313331604,22.9826183319,10.6576042175,-0.829956412315],[-437.778991699,31.0849514008,8.06186676025,5.28662252426,14.4420690536,6.46452188492,20.3544216156,-0.890731751919,9.45767307281,22.9826183319,62.3533630371,22.0954265594,9.4101896286],[110.94443512,-62.5599632263,41.4140434265,31.416311264,8.41963195801,13.2313966751,-1.08784544468,16.05219841,4.3317899704,10.6576042175,22.0954265594,60.9972343445,23.6598167419],[-458.375854492,14.7463407516,4.21506118774,21.0311756134,24.2788619995,4.36453866959,14.966919899,4.11690855026,13.1089906693,-0.829956412315,9.4101896286,23.6598167419,59.125995636]],"icov":[[0.0000951872207224,-0.000004396904842,0.000270499585895,-0.0000739836832508,0.000387024891097,-0.000424014026066,0.000453314860351,-0.000515661609825,0.0003254711919,-0.000322530744597,0.000620082777459,-0.000560500717256,0.000588513037656],[-0.000004396904842,0.00176597922109,0.00143375794869,-0.000277033745078,-0.000301496591419,0.0010190353496,-0.000629350193776,0.000603582186159,-0.000103932921775,0.000293452787446,-0.00136539852247,0.00132103462238,-0.000596489757299],[0.000270499585895,0.00143375794869,0.00378886680119,0.000363293715054,-0.00077829050133,-0.000412913679611,0.00111689162441,-0.00127857574262,-0.000617013487499,-0.0000175157838385,0.00113474670798,-0.0025512194261,0.00247335573658],[-0.0000739836832508,-0.000277033745078,0.000363293715054,0.00612089829519,-0.000236422260059,-0.00236780778505,0.00139138253871,-0.000989499618299,-0.000682666839566,0.0002299574262,-0.000129681429826,-0.00198313314468,-0.00175022589974],[0.000387024891097,-0.000301496591419,-0.00077829050133,-0.000236422260059,0.0096536334604,-0.00255772960372,-0.00120548228733,0.000902255880646,-0.00266862125136,0.000208864366869,0.00250289379619,-0.00249307067133,0.000876141071785],[-0.000424014026066,0.0010190353496,-0.000412913679611,-0.00236780778505,-0.00255772960372,0.0138360802084,-0.00621517188847,-0.00047946308041,0.00411501992494,-0.00222972291522,-0.00240223575383,0.00268669007346,-0.00267049181275],[0.000453314860351,-0.000629350193776,0.00111689162441,0.00139138253871,-0.00120548228733,-0.00621517188847,0.0153758106753,-0.0070044263266,0.00114695692901,0.00218773819506,-0.00232552317902,0.000897768186405,0.000433380249888],[-0.000515661609825,0.000603582186159,-0.00127857574262,-0.000989499618299,0.000902255880646,-0.00047946308041,-0.0070044263266,0.019063891843,-0.00983606465161,-0.000582075561397,0.00109397247434,-0.00142599886749,-0.00102541001979],[0.0003254711919,-0.000103932921775,-0.000617013487499,-0.000682666839566,-0.00266862125136,0.00411501992494,0.00114695692901,-0.00983606465161,0.0232903379947,-0.0104935681447,0.00194385915529,0.00266547896899,-0.0026645027101],[-0.000322530744597,0.000293452787446,-0.0000175157838385,0.0002299574262,0.000208864366869,-0.00222972291522,0.00218773819506,-0.000582075561397,-0.0104935681447,0.0274389013648,-0.0121315903962,0.0013859992614,0.000999298528768],[0.000620082777459,-0.00136539852247,0.00113474670798,-0.000129681429826,0.00250289379619,-0.00240223575383,-0.00232552317902,0.00109397247434,0.00194385915529,-0.0121315903962,0.0298125185072,-0.014183123596,0.00510447612032],[-0.000560500717256,0.00132103462238,-0.0025512194261,-0.00198313314468,-0.00249307067133,0.00268669007346,0.000897768186405,-0.00142599886749,0.00266547896899,0.0013859992614,-0.014183123596,0.0318726971745,-0.0141584146768],[0.000588513037656,-0.000596489757299,0.00247335573658,-0.00175022589974,0.000876141071785,-0.00267049181275,0.000433380249888,-0.00102541001979,-0.0026645027101,0.000999298528768,0.00510447612032,-0.0141584146768,0.0273275524378]],"mean":[12.0309772491,71.7030105591,-109.125518799,27.9415550232,-56.7919616699,15.4190921783,-23.9671154022,4.36461925507,-23.1714019775,3.7909424305,-9.05762577057,-0.353370159864,-9.21570777893]},"hfc":{"dmean":11.6307048798,"dmean2":17.3455638885,"dvar":236.961456299,"dvar2":504.801513672,"max":146.815887451,"mean":34.8790931702,"median":31.2788085938,"min":1.0726504298e-16,"var":553.80645752},"melbands":{"dmean":[0.00159381702542,0.00111726322211,0.000651455833577,0.000357310258551,0.000366991560441,0.000319886486977,0.000193274594494,0.000250455574133,0.000300720304949,0.000220522240852,0.000163967444678,0.000120493554277,0.000115704868222,0.0000862881788635,0.0000902055180632,0.0000642349186819,0.0000721960095689,0.0000287369930447,0.0000273420992016,0.0000172472773556,0.0000114118674901,0.0000126910890685,0.0000103282918644,0.0000110965684144,0.0000104311448013,0.00000829632699606,0.0000120344711831,0.00000885066674527,0.00000644601368549,0.00000544397698832,0.00000534261107532,0.00000454404516859,0.00000354158919436,0.00000385041039408,0.00000338512586495,0.00000349916103914,0.00000287173156721,0.00000209476365853,0.00000206610638998,0.00000150849416514],"dmean2":[0.00231026858091,0.00184604234528,0.00110892602243,0.000603028340265,0.000623315980192,0.00055739399977,0.000318382488331,0.000384765939089,0.000487105426146,0.000347301538568,0.000250674056588,0.000194615029613,0.000187719779206,0.000139422802022,0.000148218430695,0.000104360762634,0.000117012445116,0.0000461079253,0.0000445084078819,0.000027938047424,0.0000182247640623,0.0000206958484341,0.0000165965102497,0.0000181206050911,0.0000172230593307,0.0000134636939038,0.0000200828399102,0.0000144707937579,0.0000104103801277,0.00000868537608767,0.00000869978521223,0.00000722334652892,0.00000548857269678,0.00000576303045818,0.00000517430407854,0.00000537524329047,0.00000440597614215,0.00000318103207064,0.0000031266320093,0.00000223006736633],"dvar":[0.00000922284471017,0.00000404728871217,0.00000107415849016,2.16289166133e-7,3.16828618452e-7,4.56052362097e-7,1.35858897465e-7,2.66244285285e-7,4.70680561193e-7,2.38822394749e-7,1.51117660607e-7,9.24295804339e-8,4.42975505166e-8,4.15124503661e-8,2.19210640751e-8,1.93257321257e-8,2.44673863392e-8,6.75466704791e-9,3.34309091521e-9,1.20658960601e-9,6.20773266125e-10,3.9140204966e-10,2.09177591914e-10,2.66260069548e-10,2.38684350062e-10,1.26686813817e-10,2.7183064133e-10,1.58725657617e-10,6.6963053158e-11,6.06970029793e-11,6.07924127705e-11,8.408895108e-11,3.4039212421e-11,5.36544246532e-11,4.42269866563e-11,5.17975558278e-11,3.79273799866e-11,1.90098891489e-11,1.63912165091e-11,7.19906729715e-12],"dvar2":[0.0000156168534886,0.0000103818929347,0.0000028825136269,5.84274573612e-7,8.58919520397e-7,0.00000125049041344,3.5307485291e-7,5.91632499436e-7,0.00000117021068036,5.74563671307e-7,3.49506592556e-7,2.35306885088e-7,1.16514350168e-7,1.03091515768e-7,5.58054580324e-8,4.79142876486e-8,6.18394651042e-8,1.58433675068e-8,8.22387935528e-9,2.95889424073e-9,1.42190015318e-9,9.71368541158e-10,5.08513287034e-10,6.70333732966e-10,6.42786990301e-10,3.183414643e-10,7.2140260432e-10,4.07797490221e-10,1.63972502243e-10,1.35730010564e-10,1.51686219141e-10,2.16551915289e-10,8.11441538962e-11,1.11449641182e-10,8.49114875634e-11,9.99423738213e-11,8.25588000741e-11,4.19396010976e-11,3.27276088175e-11,1.48250300924e-11],"max":[0.0287329796702,0.0199695006013,0.0162636376917,0.00638265395537,0.00720289116725,0.00993331708014,0.00581544265151,0.0107888253406,0.0133421132341,0.00951903592795,0.00872950814664,0.00862215738744,0.00299936719239,0.00499808462337,0.00263648922555,0.00260969251394,0.00247857929207,0.00225395336747,0.001164061483,0.000869048875757,0.000690783199389,0.000611812982243,0.000268042436801,0.000682618469,0.000403185986215,0.000271859869827,0.000286422786303,0.000178990376298,0.000153719185619,0.000138927993248,0.000171538908035,0.000423876306741,0.000115528840979,0.000128591651446,0.000185576369404,0.000144065837958,0.0000943427730817,0.0000745367215131,0.000106892621261,0.00006159064651],"mean":[0.00258230720647,0.00156557071023,0.00085690600099,0.000609272217844,0.000583520741202,0.000440799864009,0.000322452309774,0.000442798074801,0.000442029995611,0.000338678481057,0.000277242826996,0.000202939801966,0.000204411408049,0.000152025953867,0.000158289258252,0.000116341652756,0.000121825665701,0.0000440101503045,0.0000458956783405,0.0000303109754896,0.0000197504778043,0.0000229112156376,0.0000193344694708,0.0000208326400752,0.0000200098438654,0.0000168055212271,0.000023168111511,0.0000168083952303,0.000012647661606,0.000010157302313,0.00000940992958931,0.0000077928925748,0.00000588001239521,0.00000571009513806,0.00000511753751198,0.00000500267242387,0.00000386370493288,0.00000283102349385,0.00000281454231299,0.00000199823352887],"median":[0.000791288679466,0.00087904126849,0.00052571244305,0.000458832510049,0.000399563868996,0.000254261743976,0.000142829376273,0.000145861733472,0.000137521681609,0.000123023666674,0.000088137217972,0.0000872534292284,0.000112033128971,0.0000936253854888,0.0000910334201762,0.000049256686907,0.0000485448363179,0.0000202271876333,0.0000265265189228,0.000019013084966,0.0000109272696136,0.0000153173350554,0.0000134486517709,0.0000152346083269,0.000014534294678,0.0000129240997921,0.0000169551240106,0.0000117610434245,0.00000915747477848,0.00000706135779183,0.00000668622669764,0.00000508148241352,0.00000365764753951,0.00000266720121544,0.00000188384274225,0.00000161017692335,0.00000121270068121,9.49924526594e-7,8.45554325224e-7,5.60124874482e-7],"min":[6.5360848435e-25,7.02511401675e-25,1.52694490473e-24,1.53117448108e-24,1.84548269813e-24,1.28486587685e-24,1.48031494219e-24,1.66397645346e-24,1.70285132166e-24,1.2884504608e-24,1.4108572186e-24,2.51242850311e-24,1.79704052488e-24,2.34460682578e-24,2.17528611551e-24,2.09317141452e-24,3.20034499196e-24,2.01354142817e-24,3.18161033433e-24,3.27328504341e-24,3.09077635375e-24,2.90077604928e-24,3.40011435266e-24,3.09766448996e-24,4.10231218213e-24,4.70113728414e-24,3.92814747147e-24,3.42914798385e-24,4.4981397074e-24,3.61435161958e-24,3.51805142458e-24,5.01880959852e-24,4.94868972481e-24,4.79453249887e-24,5.55814038879e-24,6.02902171831e-24,5.05108584246e-24,5.26598890798e-24,5.10858157511e-24,6.03445539222e-24],"var":[0.0000188707890629,0.00000417093406213,0.00000106518200482,3.09711992941e-7,4.05208737675e-7,4.30188407563e-7,2.5647784696e-7,7.59087754432e-7,7.85271140558e-7,4.29269363167e-7,3.64640726502e-7,1.82516558311e-7,8.14598095644e-8,6.19946618485e-8,4.14593799292e-8,3.81469114075e-8,5.06577393367e-8,9.18468501254e-9,6.02366956315e-9,1.98854333e-9,1.12181186562e-9,8.20719769923e-10,4.23898582902e-10,4.74551620222e-10,4.20602275231e-10,2.41636599618e-10,4.98409591376e-10,3.13861520107e-10,1.422979512e-10,1.09540036763e-10,9.69373470383e-11,9.96056223612e-11,5.22177440176e-11,8.01775659753e-11,8.0762216359e-11,9.19308865144e-11,5.26658647249e-11,2.65869826155e-11,3.1194876543e-11,1.33862461046e-11]},"melbands_crest":{"dmean":3.3584985733,"dmean2":5.15914964676,"dvar":10.243927002,"dvar2":20.6002788544,"max":31.2358074188,"mean":11.9698133469,"median":10.4073123932,"min":1.47866606712,"var":33.8670845032},"melbands_flatness_db":{"dmean":0.0227312780917,"dmean2":0.0334446802735,"dvar":0.000480610993691,"dvar2":0.000918018165976,"max":0.448955595493,"mean":0.145032420754,"median":0.139683887362,"min":0.00280742323957,"var":0.00311212567613},"melbands_kurtosis":{"dmean":3.75720405579,"dmean2":5.87898111343,"dvar":37.3678398132,"dvar2":82.4841079712,"max":218.022918701,"mean":6.63015842438,"median":4.38402843475,"min":-1.60851156712,"var":72.2384872437},"melbands_skewness":{"dmean":0.577049851418,"dmean2":0.882436394691,"dvar":0.364011973143,"dvar2":0.765415251255,"max":10.0698823929,"mean":1.97548592091,"median":1.83709716797,"min":-0.608844459057,"var":1.25086319447},"melbands_spread":{"dmean":8.4515542984,"dmean2":13.0804004669,"dvar":87.706817627,"dvar2":187.373840332,"max":163.794036865,"mean":35.0817527771,"median":29.6395645142,"min":1.07229340076,"var":619.112609863},"mfcc":{"cov":[[15402.2607422,1640.00842285,105.021980286,384.391876221,-94.0561599731,260.925262451,253.226776123,212.84072876,63.3694229126,188.433532715,150.388336182,97.266708374,-27.3075313568],[1640.00842285,1136.6784668,-231.645248413,76.6343460083,-104.491600037,24.1743907928,60.9859275818,-27.983921051,-26.9719848633,-11.3073978424,13.314239502,-3.10039329529,23.4876098633],[105.021980286,-231.645248413,331.498352051,0.296250700951,61.5716819763,-10.6223707199,-25.2061901093,16.9118461609,3.1077311039,8.56064987183,-7.52304315567,18.0734767914,7.52288579941],[384.391876221,76.6343460083,0.296250700951,143.658798218,24.1059532166,17.6274604797,-4.86151123047,18.5820350647,14.9250459671,5.19123744965,-2.00710058212,15.4876327515,15.3481941223],[-94.0561599731,-104.491600037,61.5716819763,24.1059532166,120.912384033,10.6356630325,-21.0426673889,9.16516399384,17.2216415405,5.87495279312,0.0273173712194,5.22735023499,4.80622386932],[260.925262451,24.1743907928,-10.6223707199,17.6274604797,10.6356630325,96.7820281982,48.9474945068,19.8107223511,-0.217598766088,4.51206302643,3.66600370407,7.19758319855,-12.805314064],[253.226776123,60.9859275818,-25.2061901093,-4.86151123047,-21.0426673889,48.9474945068,105.901657104,37.0330619812,0.615265667439,4.42015600204,15.1444711685,-0.0397283136845,-10.6632986069],[212.84072876,-27.983921051,16.9118461609,18.5820350647,9.16516399384,19.8107223511,37.0330619812,81.5184631348,30.0252590179,18.1394615173,7.43596553802,8.18901062012,-6.26949119568],[63.3694229126,-26.9719848633,3.1077311039,14.9250459671,17.2216415405,-0.217598766088,0.615265667439,30.0252590179,74.7734451294,32.2360572815,10.7916145325,0.504436433315,-1.65329456329],[188.433532715,-11.3073978424,8.56064987183,5.19123744965,5.87495279312,4.51206302643,4.42015600204,18.1394615173,32.2360572815,73.8367538452,27.9101409912,5.49277973175,-4.76183795929],[150.388336182,13.314239502,-7.52304315567,-2.00710058212,0.0273173712194,3.66600370407,15.1444711685,7.43596553802,10.7916145325,27.9101409912,62.0884437561,21.0334815979,0.706178307533],[97.266708374,-3.10039329529,18.0734767914,15.4876327515,5.22735023499,7.19758319855,-0.0397283136845,8.18901062012,0.504436433315,5.49277973175,21.0334815979,55.8705596924,25.2898197174],[-27.3075313568,23.4876098633,7.52288579941,15.3481941223,4.80622386932,-12.805314064,-10.6632986069,-6.26949119568,-1.65329456329,-4.76183795929,0.706178307533,25.2898197174,58.9829216003]],"icov":[[0.0000943552950048,-0.000151003376232,-0.000144816876855,-0.000152853142936,0.0000697272334946,-0.000144869074575,-0.0000112955449367,-0.000155309142428,0.0000344818763551,-0.000156771318871,-0.000110812899948,-0.000043644435209,0.000114726535685],[-0.000151003376232,0.00144037953578,0.000847546383739,-0.000604474160355,0.00060651631793,0.000198354377062,-0.000631724658888,0.000821677851491,0.000174574757693,0.000191600149265,-0.0000530829020136,0.000381102698157,-0.000769924197812],[-0.000144816876855,0.000847546383739,0.00412079505622,0.00027269081329,-0.00156575941946,0.000829794968013,0.000171188308741,-0.000534675491508,0.000842776265927,-0.000535709084943,0.00119052198716,-0.00130735791754,-0.00019256467931],[-0.000152853142936,-0.000604474160355,0.00027269081329,0.00893852673471,-0.00167081644759,-0.00160517555196,0.00193635735195,-0.00197692983784,-0.00102364097256,0.000203322721063,0.0012617794564,-0.00139983149711,-0.0016903646756],[0.0000697272334946,0.00060651631793,-0.00156575941946,-0.00167081644759,0.0110232541338,-0.00300395837985,0.00291040143929,-0.000668319931719,-0.00187032180838,0.000687976542395,-0.0014424577821,0.00139461166691,-0.00124761380721],[-0.000144869074575,0.000198354377062,0.000829794968013,-0.00160517555196,-0.00300395837985,0.016075052321,-0.00800790265203,0.00110535579734,0.00099496205803,-0.00107578944881,0.00303949601948,-0.00457310676575,0.00443571107462],[-0.0000112955449367,-0.000631724658888,0.000171188308741,0.00193635735195,0.00291040143929,-0.00800790265203,0.0175372511148,-0.00801683403552,0.00168039370328,0.00170975876972,-0.00484036980197,0.00352341681719,-0.00120433303528],[-0.000155309142428,0.000821677851491,-0.000534675491508,-0.00197692983784,-0.000668319931719,0.00110535579734,-0.00801683403552,0.0200870353729,-0.0067109297961,-0.00135756470263,0.00263610761613,-0.00393199035898,0.00252036494203],[0.0000344818763551,0.000174574757693,0.000842776265927,-0.00102364097256,-0.00187032180838,0.00099496205803,0.00168039370328,-0.0067109297961,0.0197961051017,-0.00704006105661,-0.000717410235666,0.00217025866732,-0.000871219264809],[-0.000156771318871,0.000191600149265,-0.000535709084943,0.000203322721063,0.000687976542395,-0.00107578944881,0.00170975876972,-0.00135756470263,-0.00704006105661,0.0204424075782,-0.00843769405037,0.00163628545124,0.000594197481405],[-0.000110812899948,-0.0000530829020136,0.00119052198716,0.0012617794564,-0.0014424577821,0.00303949601948,-0.00484036980197,0.00263610761613,-0.000717410235666,-0.00843769405037,0.0249847117811,-0.0113659761846,0.00354510406032],[-0.000043644435209,0.000381102698157,-0.00130735791754,-0.00139983149711,0.00139461166691,-0.00457310676575,0.00352341681719,-0.00393199035898,0.00217025866732,0.00163628545124,-0.0113659761846,0.0298203397542,-0.0129853021353],[0.000114726535685,-0.000769924197812,-0.00019256467931,-0.0016903646756,-0.00124761380721,0.00443571107462,-0.00120433303528,0.00252036494203,-0.000871219264809,0.000594197481405,0.00354510406032,-0.0129853021353,0.0244417712092]],"mean":[-605.399353027,101.882041931,2.95801210403,17.4041099548,-6.15472793579,9.24673366547,8.04893684387,2.47573804855,-2.99377036095,1.77774679661,0.631824851036,1.33509290218,-0.058842394501]},"pitch_salience":{"dmean":0.0704999268055,"dmean2":0.11214710772,"dvar":0.00438973028213,"dvar2":0.0104085095227,"max":0.973005592823,"mean":0.592907190323,"median":0.60343670845,"min":0.198908135295,"var":0.012202850543},"silence_rate_20dB":{"dmean":0,"dmean2":0,"dvar":0,"dvar2":0,"max":1,"mean":1,"median":1,"min":1,"var":0},"silence_rate_30dB":{"dmean":0.000781555310823,"dmean2":0.00156331423204,"dvar":0.000780950998887,"dvar2":0.00234252749942,"max":1,"mean":0.999609291553,"median":1,"min":0,"var":0.000390577974031},"silence_rate_60dB":{"dmean":0.00156311062165,"dmean2":0.00312662846409,"dvar":0.00156063213944,"dvar2":0.00363816972822,"max":1,"mean":0.0506642349064,"median":0,"min":0,"var":0.0480979979038},"spectral_centroid":{"dmean":287.021179199,"dmean2":449.645965576,"dvar":94649.171875,"dvar2":205204.6875,"max":11962.9560547,"mean":2016.58947754,"median":1646.91162109,"min":219.051773071,"var":3453489.5},"spectral_complexity":{"dmean":4.55698823929,"dmean2":7.013027668,"dvar":19.7447834015,"dvar2":41.8133239746,"max":58,"mean":27.6036720276,"median":28,"min":0,"var":110.824455261},"spectral_contrast_coeffs":{"dmean":[0.0486916974187,0.0499335899949,0.0387136414647,0.0306147467345,0.0210383832455,0.018601199612],"dmean2":[0.0814671218395,0.0826315358281,0.0630109459162,0.0495509393513,0.0345625318587,0.0287566371262],"dvar":[0.0016817325959,0.00167929206509,0.00109217816498,0.000664419203531,0.000297063699691,0.000263690220891],"dvar2":[0.00456093531102,0.00447352929041,0.00277812220156,0.00165624776855,0.000765512231737,0.000578725885134],"max":[-0.362832963467,-0.45849943161,-0.479122430086,-0.568750739098,-0.646457970142,-0.585575699806],"mean":[-0.681047141552,-0.746864020824,-0.774121761322,-0.779430627823,-0.794453382492,-0.755832672119],"median":[-0.677172720432,-0.749001026154,-0.780678391457,-0.780583500862,-0.790951907635,-0.75029861927],"min":[-0.999498426914,-0.997926056385,-0.994339883327,-0.978329479694,-0.984791517258,-0.976984977722],"var":[0.0072252266109,0.00637736637145,0.00537063321099,0.0037253673654,0.00200880202465,0.00267535122111]},"spectral_contrast_valleys":{"dmean":[0.364676713943,0.354093044996,0.285833030939,0.258630305529,0.229117378592,0.358935147524],"dmean2":[0.607048332691,0.585092127323,0.472018182278,0.413470178843,0.345645368099,0.498183995485],"dvar":[0.114574797451,0.113362029195,0.0795291960239,0.0692416504025,0.0661656334996,0.158980116248],"dvar2":[0.254642277956,0.259928822517,0.167282313108,0.127614304423,0.100679658353,0.245561212301],"max":[-5.14872264862,-4.49465656281,-5.39555120468,-5.48155498505,-5.70589590073,-7.47279596329],"mean":[-7.55950260162,-7.02095174789,-7.41311597824,-7.89641523361,-7.71916723251,-10.0598258972],"median":[-6.72409391403,-6.18162631989,-6.56391429901,-7.05466270447,-6.84985113144,-9.42579460144],"min":[-28.664598465,-28.1906452179,-28.0394744873,-27.8829536438,-27.535402298,-27.4407348633],"var":[16.046667099,16.620513916,15.9150524139,15.2436132431,15.7024698257,12.7986021042]},"spectral_decrease":{"dmean":2.60220134329e-9,"dmean2":3.87263776602e-9,"dvar":9.12933682194e-18,"dvar2":1.71716971076e-17,"max":2.52636845646e-28,"mean":-8.68364224971e-9,"median":-7.83088172085e-9,"min":-3.00975422363e-8,"var":3.05769828059e-17},"spectral_energy":{"dmean":0.0105137461796,"dmean2":0.0156189585105,"dvar":0.00014134812227,"dvar2":0.000270892312983,"max":0.117090009153,"mean":0.0359377227724,"median":0.0330391190946,"min":1.0006482226e-20,"var":0.000481800292619},"spectral_energyband_high":{"dmean":0.00104226334952,"dmean2":0.00156897283159,"dvar":0.00000266511665359,"dvar2":0.00000542408042747,"max":0.016115417704,"mean":0.00198557716794,"median":0.00122698245104,"min":7.06848774764e-21,"var":0.00000482280847791},"spectral_energyband_low":{"dmean":0.00636522797868,"dmean2":0.0095843039453,"dvar":0.000107782449049,"dvar2":0.000192577717826,"max":0.0976960882545,"mean":0.0119127361104,"median":0.00536552630365,"min":1.26226958731e-23,"var":0.000233116588788},"spectral_energyband_middle_high":{"dmean":0.00264626299031,"dmean2":0.00408394448459,"dvar":0.0000123006238937,"dvar2":0.0000286630838673,"max":0.0581753104925,"mean":0.00888334680349,"median":0.00692850723863,"min":1.08033655311e-21,"var":0.0000508937191626},"spectral_energyband_middle_low":{"dmean":0.00592514965683,"dmean2":0.00962900370359,"dvar":0.0000543497626495,"dvar2":0.000140047181048,"max":0.0854987725616,"mean":0.0141660599038,"median":0.0117421317846,"min":1.49173016576e-22,"var":0.000109790787974},"spectral_entropy":{"dmean":0.137092038989,"dmean2":0.200629711151,"dvar":0.0183884184808,"dvar2":0.0328573286533,"max":9.82324314117,"mean":7.96228790283,"median":7.91971588135,"min":5.66829538345,"var":0.228008240461},"spectral_flux":{"dmean":0.0279312580824,"dmean2":0.0426256209612,"dvar":0.00086752360221,"dvar2":0.00175773689989,"max":0.294410973787,"mean":0.102234214544,"median":0.0972249656916,"min":6.25464541271e-11,"var":0.00248403567821},"spectral_kurtosis":{"dmean":0.914819359779,"dmean2":1.52266335487,"dvar":2.75881004333,"dvar2":7.93918943405,"max":63.8307723999,"mean":3.01105713844,"median":2.69930481911,"min":-1.27690243721,"var":9.05410480499},"spectral_rms":{"dmean":0.000824050104711,"dmean2":0.00121277186554,"dvar":7.49104287934e-7,"dvar2":0.00000138899736157,"max":0.0106880376115,"mean":0.00554368365556,"median":0.00567743647844,"min":3.12448743094e-12,"var":0.00000432873048339},"spectral_rolloff":{"dmean":687.447937012,"dmean2":1107.3972168,"dvar":1133383.5,"dvar2":2168049.5,"max":19853.6132812,"mean":2554.74780273,"median":1485.79101562,"min":64.599609375,"var":12607812},"spectral_skewness":{"dmean":0.149534583092,"dmean2":0.237701892853,"dvar":0.0250329338014,"dvar2":0.0600911006331,"max":5.38072252274,"mean":1.25710988045,"median":1.27003693581,"min":-0.120278716087,"var":0.188429012895},"spectral_spread":{"dmean":711561.375,"dmean2":1044886.375,"dvar":668640935936,"dvar2":1147334688770,"max":42916556,"mean":6446370.5,"median":4816522,"min":1085297.375,"var":47539038453800},"spectral_strongpeak":{"dmean":0.67082285881,"dmean2":1.12633883953,"dvar":1.02048039436,"dvar2":2.49347186089,"max":9.0297908783,"mean":1.07224392891,"median":0.46490418911,"min":0,"var":1.7934025526},"zerocrossingrate":{"dmean":0.01462286897,"dmean2":0.0168914403766,"dvar":0.00026366559905,"dvar2":0.000340097380104,"max":0.5380859375,"mean":0.0927362367511,"median":0.0712890625,"min":0.00732421875,"var":0.00782504677773}},"metadata":{"audio_properties":{"analysis_sample_rate":44100,"bit_rate":0,"codec":"flac","downmix":"mix","equal_loudness":0,"length":178.240005493,"lossless":true,"md5_encoded":"9240b817c66c1ae11bdd2cdbfeac2763","replay_gain":-15.2691020966,"sample_rate":44100},"tags":{"acoustid_id":["d546eebd-3763-4376-9db4-24bde889be67"],"album":["Velociraptor!"],"albumartist":["Kasabian"],"albumartistsort":["Kasabian"],"artist":["Kasabian"],"artistsort":["Kasabian"],"asin":["B005DWBZ8G"],"barcode":["4547366061406"],"catalognumber":["SICP-3272","SICP-3273"],"date":["2011-09-21"],"discnumber":["1"],"disctotal":["1"],"file_name":"05. Velociraptor!.flac","genre":["Brit Pop"],"isrc":["GBARL1100560"],"label":["Sony Music Japan International Inc.","Sony Music Japan International Inc."],"language":["eng"],"media":["CD"],"musicbrainz_albumartistid":["69b39eab-6577-46a4-a9f5-817839092033"],"musicbrainz_albumid":["9f49563c-f399-4c0a-833f-0145eced2148"],"musicbrainz_artistid":["69b39eab-6577-46a4-a9f5-817839092033"],"musicbrainz_recordingid":["eee3b57d-2e41-4d20-97a8-70d0fcac34d8"],"musicbrainz_releasegroupid":["b4fe76e4-1fe5-497f-b1ec-f28c6c7d20bf"],"originaldate":["2011-09-16"],"performer":["Kasabian"],"releasecountry":["JP"],"releasestatus":["official"],"releasetype":["album"],"script":["Latn"],"title":["Velociraptor!"],"totaldiscs":["1"],"totaltracks":["14"],"tracknumber":["5"],"tracktotal":["14"]},"version":{"essentia":"2.1-beta2","essentia_build_sha":"70f2e5ece6736b2c40cc944ad0e695b16b925413","essentia_git_sha":"v2.1_beta2","extractor":"music 1.0"}},"rhythm":{"beats_count":429,"beats_loudness":{"dmean":0.0219187829643,"dmean2":0.0357443764806,"dvar":0.000311570969643,"dvar2":0.000649405876175,"max":0.108244977891,"mean":0.048809979111,"median":0.0475730411708,"min":0,"var":0.000557530322112},"beats_loudness_band_ratio":{"dmean":[0.283767133951,0.0779715627432,0.127045705914,0.105849407613,0.0397504195571,0.103249154985],"dmean2":[0.461503654718,0.1346704512