{"lowlevel":{"average_loudness":0.806750833988,"barkbands":{"dmean":[0.0000131204042191,0.000302770815324,0.000921203638427,0.00218985136598,0.00350217847154,0.00127794325817,0.000567054725252,0.000568799150642,0.00180461083073,0.00152477947995,0.00115782651119,0.000392310903408,0.000344218657119,0.000379753997549,0.0000833354642964,0.0000583535002079,0.0000510041063535,0.0000712464170647,0.0000381141326216,0.0000728783707018,0.0000564238689549,0.0000239773526118,0.0000189788552234,0.00000796526546765,0.00000293118387162,4.78721858599e-7,8.38621900812e-8],"dmean2":[0.0000186011984624,0.000516168947797,0.00138894328848,0.00370718422346,0.0057296352461,0.00213920976967,0.000923277635593,0.000870785617735,0.00289336196147,0.00232737744227,0.00184238201473,0.000642662227619,0.000571914890315,0.00060203531757,0.000133085690322,0.000100228855445,0.0000821310095489,0.000107797750388,0.000062767212512,0.00012046831398,0.0000926027496462,0.0000400467251893,0.0000298679678963,0.0000123468262245,0.00000458370732304,8.25098481982e-7,1.46403564827e-7],"dvar":[1.07650377501e-9,8.05726017461e-7,0.00000551210086996,0.0000394376293116,0.0000348924841092,0.00000840658049128,0.00000147460093558,0.00000371641408492,0.0000220776382776,0.0000148907620314,0.00000921374703466,0.00000151205483689,4.71260676704e-7,0.00000190759374163,1.02775693733e-7,2.19424034498e-8,8.02683342016e-9,2.41715838456e-8,5.07037034581e-9,2.4081204586e-8,1.52475614357e-8,3.81510334435e-9,2.25449636737e-9,3.81219750212e-10,5.51140556804e-11,8.61009776931e-13,3.8278540358e-14],"dvar2":[1.9434149845e-9,0.0000021982511953,0.0000120912054626,0.000107003645098,0.0000880682782736,0.0000223675669986,0.00000375986655854,0.00000802250997367,0.000057961926359,0.0000344406762451,0.0000233194132306,0.00000381321297027,0.00000117840670555,0.00000482381074107,2.31774862414e-7,5.75628114063e-8,1.88131235035e-8,5.28662056354e-8,1.27666774929e-8,6.22083717872e-8,3.99477713131e-8,9.687702196e-9,5.27015631135e-9,8.65340743506e-10,1.13344868213e-10,2.35107679852e-12,1.11070332619e-13],"max":[0.000477539899293,0.00947787612677,0.0381431877613,0.0807379335165,0.0920784920454,0.0395238250494,0.0238255951554,0.05117258057,0.110871396959,0.0606780461967,0.066320322454,0.0394811555743,0.0124959507957,0.0386315397918,0.0103664267808,0.00380103033967,0.00176516408101,0.00473837554455,0.00144345010631,0.00311416829936,0.00200817780569,0.00163673097268,0.00199128617533,0.000587008486036,0.000250066630542,0.0000120677668747,0.00000441511610916],"mean":[0.000017348842448,0.00037565396633,0.00137704506051,0.00265326816589,0.00492590107024,0.00157712982036,0.000764021358918,0.000758668466005,0.00273558194749,0.00272826780565,0.00174348778091,0.000642384111416,0.000567911658436,0.000650174450129,0.000117343668535,0.0000754362845328,0.000106152103399,0.000151680331328,0.0000712165565346,0.00014167180052,0.000114928392577,0.0000473993495689,0.0000468773796456,0.0000221249210881,0.00000604286105954,8.19698925625e-7,1.1731777505e-7],"median":[0.00000263332844952,0.000178793605301,0.000203848423553,0.000775648280978,0.00245360890403,0.000557635794394,0.000282417546259,0.000169909719261,0.000623953237664,0.000363669358194,0.000410600099713,0.000185926473932,0.000190861988813,0.0000716049908078,0.0000270489726972,0.0000332694289682,0.0000570444681216,0.0000545996772416,0.0000417916635342,0.0000817495965748,0.0000677868301864,0.0000236172272707,0.0000269679694611,0.0000135774735099,0.00000310707696372,5.12629412697e-7,6.0985030359e-8],"min":[5.62977448101e-24,3.92495755463e-23,2.05074710613e-23,8.17010538877e-24,3.41582641086e-23,9.11843058168e-23,3.85904349284e-23,2.22557146227e-23,8.4922277464e-23,7.26949649875e-23,5.22237625952e-23,3.23403720178e-23,1.30058411971e-22,9.33983733204e-23,8.42702681486e-23,8.7474210938e-23,2.03998268887e-22,2.07522684841e-22,1.74326799483e-22,2.50968460823e-22,3.16638947615e-22,4.87202867958e-22,6.28445977035e-22,7.27418813855e-22,1.0498026631e-21,1.68479888671e-21,2.21055415703e-21],"var":[1.96043670186e-9,6.05618367899e-7,0.00000903956151888,0.0000392537658627,0.0000471314269817,0.00000916882709134,0.00000244297916652,0.00000833860394778,0.0000351215276169,0.0000415461727243,0.0000169952054421,0.00000351380435859,9.61755404205e-7,0.00000489645390189,1.67045016042e-7,2.20754952096e-8,1.80252666127e-8,8.15986282987e-8,8.53724291261e-9,4.03764843782e-8,2.21504183884e-8,5.05662489658e-9,4.80231410194e-9,8.96197782652e-10,1.2091647128e-10,1.01325046444e-12,3.38023811958e-14]},"barkbands_crest":{"dmean":3.0855281353,"dmean2":5.06870174408,"dvar":7.54885435104,"dvar2":19.5590267181,"max":26.7378559113,"mean":11.5226516724,"median":10.6749601364,"min":2.41108369827,"var":21.432352066},"barkbands_flatness_db":{"dmean":0.0240310207009,"dmean2":0.0382636301219,"dvar":0.000495165586472,"dvar2":0.00119027821347,"max":0.422855734825,"mean":0.161418035626,"median":0.159403070807,"min":0.0327257066965,"var":0.00199334602803},"barkbands_kurtosis":{"dmean":3.83715629578,"dmean2":6.09400987625,"dvar":40.6106987,"dvar2":94.8901519775,"max":153.207107544,"mean":7.39225530624,"median":3.19553589821,"min":-1.87799656391,"var":200.817153931},"barkbands_skewness":{"dmean":0.598342299461,"dmean2":0.923951327801,"dvar":0.411534875631,"dvar2":0.932449877262,"max":12.3667535782,"mean":1.79926896095,"median":1.40473783016,"min":-3.06280493736,"var":2.56902980804},"barkbands_spread":{"dmean":3.96836829185,"dmean2":6.29647350311,"dvar":20.6983299255,"dvar2":48.833656311,"max":85.7725448608,"mean":13.8415021896,"median":11.9303092957,"min":1.14279901981,"var":77.7133560181},"dissonance":{"dmean":0.0259751882404,"dmean2":0.0440497472882,"dvar":0.000641335442197,"dvar2":0.00175066443626,"max":0.500000059605,"mean":0.451641529799,"median":0.459940999746,"min":0.261040121317,"var":0.0012165592052},"dynamic_complexity":3.77382493019,"erbbands":{"dmean":[0.0050746309571,0.0891714841127,0.746032357216,4.52225255966,7.15672492981,14.4164991379,14.4495229721,9.61685180664,7.9210357666,12.0335388184,13.181725502,43.7113838196,47.2937469482,37.0938072205,35.6206512451,16.187828064,16.0341300964,18.0064964294,8.72249126434,3.88542366028,2.4204287529,2.58051085472,3.97829008102,1.9890961647,2.4006793499,3.28682327271,2.92145037651,1.74202287197,0.896058678627,0.554612636566,0.542023181915,0.204601094127,0.137824341655,0.05123276636,0.0114400619641,0.00325193069875,0.000704948266502,0.000133868394187,0.0000174249398697,0.0000102139574665],"dmean2":[0.00789923034608,0.151599735022,1.14003002644,7.38614463806,11.8989667892,23.613609314,24.4324073792,15.4388561249,12.9135551453,18.9152050018,20.4674606323,70.4570159912,73.500541687,56.4236412048,56.1522941589,26.112701416,26.581615448,28.7479686737,13.5490503311,6.30440378189,4.07208585739,4.01822280884,6.03547954559,3.09392309189,3.94872570038,5.42961931229,4.81396818161,2.87566924095,1.49621796608,0.875376045704,0.863586008549,0.320458471775,0.215883910656,0.0795760676265,0.0182345248759,0.00543427001685,0.00124634825625,0.000239686763962,0.0000296003290714,0.0000156116129801],"dvar":[0.000222288726945,0.0659901797771,3.3458545208,157.745330811,248.586593628,560.718383789,1078.65234375,382.515594482,370.660217285,720.504699707,1685.37536621,15567.9980469,12622.2011719,7115.98046875,8101.11132813,3300.18579102,1047.2142334,4636.24658203,621.069885254,269.469787598,28.0498771667,19.1009273529,79.1495361328,16.7116241455,22.8528461456,52.0870475769,44.6228103638,13.8916807175,5.61749219894,3.49262213707,1.59494483471,0.281731396914,0.0973767340183,0.0166419669986,0.000947406166233,0.0000388660628232,0.00000242642886406,1.03872963564e-7,1.57435753323e-9,2.12479381312e-10],"dvar2":[0.000538948748726,0.181072428823,7.63080310822,410.508148193,654.076965332,1446.88671875,2927.9777832,895.920166016,990.90045166,1614.18676758,3874.67871094,41030.2851563,30105.6210938,16171.1572266,20302.2207031,8340.98144531,2682.71899414,11900.2773438,1430.08581543,621.325805664,70.4049453735,43.2499656677,170.759170532,37.8568458557,57.7605743408,138.039077759,116.161727905,37.2350502014,14.6372928619,8.60771656036,3.54388165474,0.642279803753,0.220261156559,0.0348032228649,0.0021274399478,0.0000973618662101,0.00000687540023137,2.99007609783e-7,4.50729009671e-9,4.94225715908e-10],"max":[0.169205233455,2.6965277195,25.3831386566,172.890808105,217.017272949,351.53225708,454.763153076,503.5362854,336.151153564,614.709777832,1263.03710938,3249.54101563,2645.06323242,1575.50671387,1881.39941406,2036.79492188,630.063537598,2046.00952148,632.578308105,749.19543457,134.31942749,81.8873901367,331.115692139,122.533424377,135.920043945,129.856338501,101.304466248,70.3627929688,61.4072380066,66.3468322754,46.3654441833,16.9820022583,8.73890113831,4.12455892563,1.00101530552,0.120412819088,0.0263736043125,0.00646285805851,0.00106275710277,0.000166400393937],"mean":[0.00597921013832,0.119487375021,1.22261250019,5.8675122261,10.0239582062,19.7685756683,15.8030614853,13.2621822357,11.7213630676,14.8903503418,21.0360546112,66.7864990234,84.8109283447,66.7538375854,58.5452041626,28.4804000854,27.8171615601,31.4790725708,16.2655239105,5.48348474503,3.86461782455,6.00606822968,8.82165050507,4.29876565933,4.59254741669,6.65700912476,5.66424036026,3.76702356339,1.82203781605,1.16997885704,1.38986623287,0.571754336357,0.356086343527,0.117316782475,0.0214090496302,0.00598553195596,0.00106763991062,0.000202064562473,0.0000338468926202,0.000026804913432],"median":[0.00225032772869,0.0577158555388,0.275827139616,1.85635364056,4.53791904449,9.78646659851,5.66549777985,4.90648317337,4.08139562607,4.67541313171,6.90171432495,15.4574584961,19.3545875549,16.3672542572,16.8927993774,10.1394252777,9.92876911163,5.85286617279,2.31294226646,1.68824112415,1.89907574654,3.37359380722,3.74008226395,2.06939506531,2.62587928772,3.70000386238,3.07563519478,2.46723675728,1.02918982506,0.502379059792,0.815538764,0.334271848202,0.224908992648,0.0658653527498,0.0096319662407,0.00349689205177,0.00066415371839,0.000130556290969,0.0000243107187998,0.0000195553402591],"min":[9.73228275818e-22,3.70086502949e-21,1.89152279245e-20,2.88784002985e-20,1.98289135346e-20,1.00859902772e-19,5.62160577989e-19,7.82320384886e-19,1.00254714171e-18,2.02750046072e-19,5.50856069244e-19,1.42980929595e-18,3.14261465704e-18,1.33369339031e-18,2.09575968922e-18,2.37349902157e-18,5.94219544611e-18,5.75595821274e-18,3.67002915151e-18,5.22877987833e-18,4.25474492855e-18,1.22202394558e-17,1.06488982129e-17,8.75179421958e-18,1.1856608377e-17,1.25138712025e-17,1.43555210075e-17,1.05114695987e-17,1.46729151716e-17,2.22424267591e-17,1.97973850932e-17,1.21034506523e-17,1.36066818436e-17,9.56647199717e-18,8.19393451548e-18,5.80904335573e-18,3.29089050416e-18,1.12268581991e-18,2.69532020462e-19,3.9416710383e-20],"var":[0.000214751140447,0.0523018017411,5.58965396881,170.027496338,277.37902832,781.916931152,930.399780273,653.532775879,701.130432129,1149.01574707,3331.21606445,24253.7421875,31156.5820313,17800.5136719,16099.8359375,7268.97460938,2170.32910156,11745.4296875,1827.30395508,310.788818359,37.4787063599,52.8380432129,259.339324951,48.0987586975,41.0551948547,83.5854110718,64.2328720093,19.7436504364,6.82536554337,5.55256795883,3.75618505478,0.647925436497,0.228508129716,0.0385440550745,0.00175530207343,0.0000635232936474,0.00000207377411243,8.45914343017e-8,1.43137934838e-9,5.7649118812e-10]},"erbbands_crest":{"dmean":3.34569811821,"dmean2":5.47041130066,"dvar":9.61702728271,"dvar2":24.2474117279,"max":31.2320022583,"mean":11.137342453,"median":10.0069713593,"min":1.84304261208,"var":28.9719963074},"erbbands_flatness_db":{"dmean":0.0187189411372,"dmean2":0.0294695608318,"dvar":0.00028524568188,"dvar2":0.000684362370521,"max":0.339327603579,"mean":0.187242493033,"median":0.186999514699,"min":0.0248092692345,"var":0.0019195912173},"erbbands_kurtosis":{"dmean":1.53325045109,"dmean2":2.46632552147,"dvar":3.44844913483,"dvar2":8.53045749664,"max":44.1541099548,"mean":1.88499081135,"median":1.21753358841,"min":-1.86661314964,"var":7.60761833191},"erbbands_skewness":{"dmean":0.415142267942,"dmean2":0.661218881607,"dvar":0.147276550531,"dvar2":0.373037725687,"max":4.07805585861,"mean":0.867472112179,"median":0.855331838131,"min":-2.36201190948,"var":0.528670847416},"erbbands_spread":{"dmean":8.0668888092,"dmean2":12.5387392044,"dvar":70.9245910645,"dvar2":164.809661865,"max":134.203857422,"mean":31.2155094147,"median":27.2379112244,"min":2.22251725197,"var":311.398376465},"gfcc":{"cov":[[20186.0917969,3397.00292969,-2299.86328125,-323.239776611,-1442.58654785,-155.460037231,-227.751724243,-486.933227539,-455.676300049,-734.108459473,-197.315444946,-608.524230957,63.6133384705],[3397.00292969,1045.74023438,-123.211929321,-72.9833755493,-176.111099243,-121.860191345,16.3410263062,-142.677062988,-66.4172973633,-198.824981689,-48.4262390137,-147.833816528,7.21499156952],[-2299.86328125,-123.211929321,889.351196289,250.346191406,253.776916504,-71.9198532104,-1.30834591389,20.8808269501,36.9859237671,35.5884208679,-6.52024745941,102.042152405,-51.2677993774],[-323.239776611,-72.9833755493,250.346191406,347.458526611,105.621452332,-3.88009977341,-73.0830383301,7.43085193634,28.0715637207,-10.2752914429,-0.0780520141125,12.2518949509,-39.6771011353],[-1442.58654785,-176.111099243,253.776916504,105.621452332,289.487731934,23.3891963959,45.3976783752,5.60668611526,22.9878253937,50.248336792,-0.440158486366,47.7466011047,-21.8222141266],[-155.460037231,-121.860191345,-71.9198532104,-3.88009977341,23.3891963959,148.843231201,28.9661121368,35.8500213623,3.74717330933,4.10454559326,5.55923032761,-18.5053291321,-6.37545108795],[-227.751724243,16.3410263062,-1.30834591389,-73.0830383301,45.3976783752,28.9661121368,169.92565918,32.4318656921,-17.6840896606,-8.16453933716,-11.0583896637,0.537823021412,9.27290916443],[-486.933227539,-142.677062988,20.8808269501,7.43085193634,5.60668611526,35.8500213623,32.4318656921,109.825210571,32.4297676086,18.4030570984,-1.04502975941,2.35397410393,-5.29688644409],[-455.676300049,-66.4172973633,36.9859237671,28.0715637207,22.9878253937,3.74717330933,-17.6840896606,32.4297676086,103.237716675,29.8292388916,7.81438112259,-18.126493454,-13.446562767],[-734.108459473,-198.824981689,35.5884208679,-10.2752914429,50.248336792,4.10454559326,-8.16453933716,18.4030570984,29.8292388916,122.184440613,25.6747341156,33.702091217,-6.15199613571],[-197.315444946,-48.4262390137,-6.52024745941,-0.0780520141125,-0.440158486366,5.55923032761,-11.0583896637,-1.04502975941,7.81438112259,25.6747341156,75.493850708,37.816986084,13.0123815536],[-608.524230957,-147.833816528,102.042152405,12.2518949509,47.7466011047,-18.5053291321,0.537823021412,2.35397410393,-18.126493454,33.702091217,37.816986084,131.725830078,31.5475788116],[63.6133384705,7.21499156952,-51.2677993774,-39.6771011353,-21.8222141266,-6.37545108795,9.27290916443,-5.29688644409,-13.446562767,-6.15199613571,13.0123815536,31.5475788116,72.2573623657]],"icov":[[0.000383254577173,-0.0012145616347,0.000830760865938,-0.000695641851053,0.000843154964969,-0.000478435074911,0.000283730798401,-0.0000611049181316,0.000702324323356,-0.00039373250911,0.000686328450684,-0.000644009385724,0.000417612114688],[-0.0012145616347,0.00626139948145,-0.00290274200961,0.00240719760768,-0.00199315324426,0.00313366134651,-0.00183646799996,0.00249696522951,-0.00205358746462,0.00394925940782,-0.00299577834085,0.00453786877915,-0.00168807141017],[0.000830760865938,-0.00290274200961,0.00391879770905,-0.00245891464874,0.000528228760231,-0.0000445649056928,0.000489352096338,-0.000812033540569,0.00110659946222,-0.000874686520547,0.0021048374474,-0.00315577210858,0.00215219939128],[-0.000695641851053,0.00240719760768,-0.00245891464874,0.00607753545046,-0.00303257908672,0.00069059652742,0.00208606710657,-0.000668596476316,-0.00139631691854,0.00275737419724,-0.00190798006952,0.00157587474678,0.000423485442298],[0.000843154964969,-0.00199315324426,0.000528228760231,-0.00303257908672,0.00850317440927,-0.00238752970472,-0.00236101774499,0.00277230073698,0.000283203175059,-0.00248098140582,0.00263141817413,-0.00234893360175,0.00142302061431],[-0.000478435074911,0.00313366134651,-0.0000445649056928,0.00069059652742,-0.00238752970472,0.010343500413,-0.00153646524996,-0.00151876127347,0.000274037185591,0.00254579819739,-0.00310825509951,0.00394642725587,-0.000162199139595],[0.000283730798401,-0.00183646799996,0.000489352096338,0.00208606710657,-0.00236101774499,-0.00153646524996,0.00943380501121,-0.00433771591634,0.00255723414011,0.000364192848792,0.000996481161565,-0.000583507528063,-0.000368781475117],[-0.0000611049181316,0.00249696522951,-0.000812033540569,-0.000668596476316,0.00277230073698,-0.00151876127347,-0.00433771591634,0.0150664420798,-0.00446001812816,0.000963003316429,0.000890466733836,0.000613954151049,0.0000491633327329],[0.000702324323356,-0.00205358746462,0.00110659946222,-0.00139631691854,0.000283203175059,0.000274037185591,0.00255723414011,-0.00446001812816,0.0148405032232,-0.00309979612939,-0.00131010322366,0.003349597333,0.00033104250906],[-0.00039373250911,0.00394925940782,-0.000874686520547,0.00275737419724,-0.00248098140582,0.00254579819739,0.000364192848792,0.000963003316429,-0.00309979612939,0.0150118181482,-0.00416419142857,0.000860616448335,0.00142040546052],[0.000686328450684,-0.00299577834085,0.0021048374474,-0.00190798006952,0.00263141817413,-0.00310825509951,0.000996481161565,0.000890466733836,-0.00131010322366,-0.00416419142857,0.0190905183554,-0.00762450974435,-0.000108879670734],[-0.000644009385724,0.00453786877915,-0.00315577210858,0.00157587474678,-0.00234893360175,0.00394642725587,-0.000583507528063,0.000613954151049,0.003349597333,0.000860616448335,-0.00762450974435,0.0175311416388,-0.00708563392982],[0.000417612114688,-0.00168807141017,0.00215219939128,0.000423485442298,0.00142302061431,-0.000162199139595,-0.000368781475117,0.0000491633327329,0.00033104250906,0.00142040546052,-0.000108879670734,-0.00708563392982,0.0191619992256]],"mean":[-55.6773376465,105.804626465,-131.644317627,29.1595687866,-78.9842834473,9.76031494141,-29.5212917328,-7.59742069244,-33.272895813,-16.216632843,-13.8000659943,-10.2807655334,-6.52761888504]},"hfc":{"dmean":4.79404735565,"dmean2":7.20142412186,"dvar":42.9405174255,"dvar2":99.1772460938,"max":110.601928711,"mean":14.808380127,"median":9.93555164337,"min":1.16865731303e-16,"var":210.99887085},"melbands":{"dmean":[0.0000620336213615,0.000291145639494,0.000825442140922,0.000711056462023,0.000575958751142,0.00022100226488,0.000114138369099,0.000133158886456,0.000134200585308,0.000276563252555,0.000242425390752,0.000166018377058,0.000158021561219,0.000047335466661,0.0000388290645787,0.0000318445345329,0.0000383458864235,0.0000187120276678,0.00000524726965523,0.00000509851088282,0.00000257192778008,0.00000240137046603,0.00000440127405454,0.00000345161265614,0.00000154385088535,0.00000152928305397,0.00000235799075199,0.00000233325636145,0.00000207749053516,0.00000139326289172,0.0000010938658761,6.04435797413e-7,3.40152098488e-7,3.4335803889e-7,3.3355908613e-7,2.56912073837e-7,1.14042002508e-7,1.17566671065e-7,6.92463473229e-8,3.86189036305e-8],"dmean2":[0.000102186670119,0.000441911950475,0.0013536560582,0.00116211583372,0.00096246128669,0.000359307974577,0.000186010089237,0.00020763874636,0.00020926434081,0.000444885983597,0.000375909934519,0.000251242396189,0.00025137377088,0.0000761289338698,0.0000633360614302,0.000052413528465,0.0000611993382336,0.0000294672790915,0.00000840761094878,0.0000088268880063,0.0000043163609007,0.00000383371434509,0.00000691586683388,0.00000527648626303,0.00000245026103585,0.00000252295103564,0.00000390786635762,0.00000385455814467,0.00000342495263794,0.00000230916839428,0.00000182141729965,0.00000100701811334,5.59286434054e-7,5.37885455287e-7,5.3149796031e-7,4.10223492509e-7,1.80466116717e-7,1.85109442441e-7,1.08819257605e-7,6.01835807856e-8],"dvar":[3.39798127413e-8,5.16247439464e-7,0.00000473814225188,0.00000144993805407,0.00000132152729293,2.05460153779e-7,6.83814675995e-8,1.06308895909e-7,1.25654366911e-7,5.92460878579e-7,3.47055276961e-7,1.5229602468e-7,1.74853539647e-7,2.08997796847e-8,7.65261010116e-9,3.85750009713e-9,2.43468338823e-8,3.1379692178e-9,5.45640144178e-10,2.60274107822e-10,3.08220567125e-11,1.68209231266e-11,7.01661298508e-11,8.30035068455e-11,1.07947062747e-11,8.85680851576e-12,2.39635759153e-11,2.75592135918e-11,2.29999665147e-11,9.35752170195e-12,5.32956231231e-12,2.2501672834e-12,1.1909586815e-12,1.30593506929e-12,6.83983414611e-13,3.1107709182e-13,1.03389966402e-13,6.79577176325e-14,2.44613171e-14,9.96621337432e-15],"dvar2":[9.01493422134e-8,0.00000117268825761,0.0000122752717289,0.00000363279013982,0.00000350060417986,5.06630499331e-7,1.8055693829e-7,2.27892783755e-7,2.91578345468e-7,0.00000157717965976,8.31626380204e-7,3.38703529223e-7,4.41300528564e-7,5.05099144732e-8,1.94472651316e-8,9.58465218304e-9,6.23772393737e-8,7.36128891177e-9,1.16789156124e-9,6.71348199255e-10,7.63492255529e-11,3.92746252187e-11,1.6320014784e-10,1.8978434102e-10,2.46868671339e-11,2.28826887994e-11,6.35369673541e-11,7.07720201887e-11,6.00284127961e-11,2.44345151751e-11,1.44441255831e-11,5.94035801452e-12,2.9170986373e-12,3.30649396751e-12,1.5417066495e-12,7.22851195133e-13,2.49466246272e-13,1.59210494723e-13,5.31369788665e-14,2.11036971318e-14],"max":[0.00209315377288,0.00990784913301,0.0282587688416,0.0167558323592,0.0181367937475,0.00978526007384,0.00470115430653,0.00817165151238,0.00856612622738,0.0186024103314,0.012717096135,0.00693750428036,0.00889081228524,0.00471825385466,0.00248258118518,0.00114542595111,0.00470297690481,0.00156010268256,0.000970506807789,0.00060557568213,0.000155103349243,0.0000760751281632,0.000221613852773,0.000313874916174,0.000104929553345,0.0000732630578568,0.000109595559479,0.00010853142885,0.0000825859169709,0.0000595536184846,0.0000482484610984,0.0000375235104002,0.0000362587416021,0.0000434346802649,0.0000334971227858,0.000014951083358,0.0000110807404781,0.00000678566175338,0.00000481652705275,0.00000316168211612],"mean":[0.0000766204611864,0.000468646176159,0.0011196071282,0.0010792685207,0.000670803594403,0.00029904715484,0.000169301012647,0.000165941775776,0.000212782426388,0.00041283556493,0.00043077513692,0.000286977970973,0.000240767505602,0.0000804036972113,0.0000621077706455,0.0000525541581737,0.0000635567994323,0.0000325981200149,0.00000745607712815,0.00000622381048743,0.00000411730252381,0.00000548290199731,0.00000861610715219,0.00000719031095286,0.00000295302857012,0.00000281286361314,0.00000414094938606,0.00000446441708846,0.00000374755200028,0.00000270045234174,0.000002168605306,0.00000117117576792,5.72370822738e-7,6.80749508319e-7,8.35596779325e-7,5.90782178733e-7,2.73808950624e-7,2.78924488839e-7,1.61702118362e-7,7.49663797706e-8],"median":[0.0000349040274159,0.000117742354632,0.000423082878115,0.000538391468581,0.00027477715048,0.000108390690002,0.0000617299665464,0.0000436771952081,0.0000555668848392,0.000088706095994,0.0000714936904842,0.0000596214667894,0.0000598464757786,0.0000215993768506,0.0000227430082305,0.0000196017917915,0.00000793681647338,0.00000388941089113,0.0000018087338276,0.00000227880855164,0.00000193599953491,0.00000313275813824,0.00000410978418586,0.00000211547467188,0.00000141420582622,0.00000164246671375,0.00000235229572354,0.0000022951307983,0.00000185404621789,0.00000159540161349,0.00000125823385133,6.10934989709e-7,2.11087836988e-7,2.58623828131e-7,4.92187837153e-7,3.14860869821e-7,1.53300277361e-7,1.68269281176e-7,9.01952788013e-8,3.49999673688e-8],"min":[1.04128306314e-23,8.18082916391e-24,4.9614475778e-24,2.80863729277e-24,2.13274840837e-23,1.87592937642e-23,1.36119495363e-23,2.39545719416e-24,4.01896468876e-24,1.1687659831e-23,1.55139862644e-23,4.78567832406e-24,6.59105789758e-24,5.06304457935e-24,7.9375231615e-24,8.72111447587e-24,1.11534298153e-23,3.05657706414e-24,7.11776336348e-24,7.3452314055e-24,4.49937190814e-24,1.27562815788e-23,1.06014417518e-23,6.93474211144e-24,6.81493859463e-24,7.56638382712e-24,7.45530037875e-24,8.00051054934e-24,8.60218738352e-24,8.7515163863e-24,4.57565870198e-24,7.58751504418e-24,1.04870024892e-23,1.05815656125e-23,1.10171454165e-23,9.16796473564e-24,7.25443667075e-24,1.08370516273e-23,7.59283512213e-24,8.45569196912e-24],"var":[2.75480722678e-8,8.32588739286e-7,0.00000531977138962,0.00000215403611037,0.00000131945205339,3.15596764722e-7,1.32358309202e-7,2.13373041902e-7,2.46201523169e-7,9.10925280095e-7,8.77843035596e-7,3.85967979355e-7,3.19588224329e-7,5.14809350705e-8,1.51954129279e-8,7.77742137359e-9,6.00550862373e-8,8.42283398583e-9,7.86004761277e-10,2.42641740034e-10,4.41678152385e-11,4.55536233734e-11,1.78149953123e-10,2.36990593816e-10,2.64036032621e-11,1.4164220144e-11,3.95832533417e-11,4.32601038325e-11,3.38409994471e-11,1.29919070294e-11,7.4218435217e-12,2.81182282319e-12,1.61553387855e-12,2.05047437363e-12,1.52775350964e-12,7.14281986423e-13,1.93068122795e-13,1.47110554532e-13,5.88637144128e-14,2.12192137911e-14]},"melbands_crest":{"dmean":3.58335757256,"dmean2":5.86781692505,"dvar":10.2760267258,"dvar2":25.8386936188,"max":39.7989578247,"mean":14.3057966232,"median":13.1408576965,"min":1.95201730728,"var":36.1813201904},"melbands_flatness_db":{"dmean":0.0270456057042,"dmean2":0.042300734669,"dvar":0.000714580179192,"dvar2":0.00163515971508,"max":0.441881984472,"mean":0.206764042377,"median":0.203871876001,"min":0.00556850712746,"var":0.00268223765306},"melbands_kurtosis":{"dmean":7.77463054657,"dmean2":12.0977773666,"dvar":192.195281982,"dvar2":452.332275391,"max":297.909088135,"mean":15.4177370071,"median":5.94236564636,"min":-1.46810472012,"var":770.568481445},"melbands_skewness":{"dmean":0.799739122391,"dmean2":1.21938705444,"dvar":0.757751822472,"dvar2":1.71989250183,"max":16.788444519,"mean":2.39431381226,"median":1.80550837517,"min":-1.64683318138,"var":4.62562465668},"melbands_spread":{"dmean":5.23110723495,"dmean2":8.28320026398,"dvar":49.2559432983,"dvar2":108.859825134,"max":195.924057007,"mean":17.3139858246,"median":15.4396305084,"min":0.944552242756,"var":160.130218506},"mfcc":{"cov":[[9068.62011719,1947.59399414,-438.322723389,-341.767150879,-644.500305176,-102.507301331,-25.7404937744,-2.84979271889,-124.929237366,-64.1076202393,-143.502319336,-217.306991577,-354.196990967],[1947.59399414,1038.58410645,72.7748260498,34.1160202026,-149.639007568,-9.49209213257,40.5932350159,-1.40472114086,-23.7001457214,-31.1006298065,-98.3323669434,-56.4163017273,-107.687026978],[-438.322723389,72.7748260498,484.958648682,230.006408691,135.820571899,-2.92518830299,-28.2393989563,28.7757854462,-5.89658069611,-28.3538188934,-20.7960662842,52.7751350403,20.2403297424],[-341.767150879,34.1160202026,230.006408691,343.180328369,157.128295898,36.6603736877,-8.5736656189,12.2997283936,-0.954795062542,-19.2261238098,-42.1058502197,58.8224411011,17.7497711182],[-644.500305176,-149.639007568,135.820571899,157.128295898,245.112350464,57.3191413879,-31.039560318,7.48897790909,-6.14202880859,11.388923645,14.1636304855,36.071723938,21.9192428589],[-102.507301331,-9.49209213257,-2.92518830299,36.6603736877,57.3191413879,116.526985168,33.8441810608,7.92950344086,-0.948682188988,1.17635393143,3.69389677048,-3.75641965866,4.45523548126],[-25.7404937744,40.5932350159,-28.2393989563,-8.5736656189,-31.039560318,33.8441810608,140.5415802,41.7843170166,18.2026481628,-0.558230996132,-15.5348119736,-6.55672931671,-4.32259368896],[-2.84979271889,-1.40472114086,28.7757854462,12.2997283936,7.48897790909,7.92950344086,41.7843170166,108.9506073,17.0687904358,-3.07578325272,-8.16287326813,-4.25011825562,-14.7685899734],[-124.929237366,-23.7001457214,-5.89658069611,-0.954795062542,-6.14202880859,-0.948682188988,18.2026481628,17.0687904358,84.3351364136,29.6044540405,14.909611702,2.17768454552,-12.9755744934],[-64.1076202393,-31.1006298065,-28.3538188934,-19.2261238098,11.388923645,1.17635393143,-0.558230996132,-3.07578325272,29.6044540405,78.104095459,42.373085022,3.75968623161,-10.4122915268],[-143.502319336,-98.3323669434,-20.7960662842,-42.1058502197,14.1636304855,3.69389677048,-15.5348119736,-8.16287326813,14.909611702,42.373085022,98.8995056152,15.6611347198,-5.88986110687],[-217.306991577,-56.4163017273,52.7751350403,58.8224411011,36.071723938,-3.75641965866,-6.55672931671,-4.25011825562,2.17768454552,3.75968623161,15.6611347198,83.2964935303,35.3277282715],[-354.196990967,-107.687026978,20.2403297424,17.7497711182,21.9192428589,4.45523548126,-4.32259368896,-14.7685899734,-12.9755744934,-10.4122915268,-5.88986110687,35.3277282715,104.637535095]],"icov":[[0.000248931290116,-0.000409968284657,0.000218025161303,0.00000100335603292,0.000328855065163,-0.0000610581410001,0.000318557606079,-0.000203686693567,0.000321119412547,0.0000160781855811,-0.0000383144797524,-0.0000488960649818,0.000352265400579],[-0.000409968284657,0.00215946091339,-0.000868529314175,-0.000338958983775,0.000764787197113,-0.00039710389683,-0.000672223803122,0.000724394747522,0.000102984355181,-0.00061580183683,0.00136165611912,0.000180156712304,0.00095864397008],[0.000218025161303,-0.000868529314175,0.00369535665959,-0.00176321645267,-0.000935974821914,0.0011330464622,0.000658420787659,-0.00115253706463,0.0000223945626203,0.00129104231019,-0.000933957169764,-0.000403404410463,-0.000344308995409],[0.00000100335603292,-0.000338958983775,-0.00176321645267,0.00652588857338,-0.00301716499962,-0.000889897986781,-0.0000959126264206,0.000390903704101,-0.000834478647448,0.000156138412422,0.00319971493445,-0.0033844599966,0.00084458431229],[0.000328855065163,0.000764787197113,-0.000935974821914,-0.00301716499962,0.00923850759864,-0.00390397780575,0.00246003619395,-0.000964038830716,0.00186776870396,-0.00220073503442,-0.000376636598958,-0.000166547732078,0.000837270752527],[-0.0000610581410001,-0.00039710389683,0.0011330464622,-0.000889897986781,-0.00390397780575,0.0119614815339,-0.0037576595787,0.000412738852901,0.000160250943736,0.00111622479744,-0.00200395355932,0.00227862223983,-0.00122320628725],[0.000318557606079,-0.000672223803122,0.000658420787659,-0.0000959126264206,0.00246003619395,-0.0037576595787,0.0103331031278,-0.00379295367748,-0.00105217390228,-0.0005532738287,0.00151344249025,-0.000814897532109,-0.000013613342162],[-0.000203686693567,0.000724394747522,-0.00115253706463,0.000390903704101,-0.000964038830716,0.000412738852901,-0.00379295367748,0.0115628615022,-0.00196358351968,0.000878199643921,0.000801556452643,0.000297502294416,0.00166089844424],[0.000321119412547,0.000102984355181,0.0000223945626203,-0.000834478647448,0.00186776870396,0.000160250943736,-0.00105217390228,-0.00196358351968,0.0155015075579,-0.00580658856779,-0.0000176305675268,-0.000549753662199,0.00214058370329],[0.0000160781855811,-0.00061580183683,0.00129104231019,0.000156138412422,-0.00220073503442,0.00111622479744,-0.0005532738287,0.000878199643921,-0.00580658856779,0.0197823494673,-0.00760243879631,0.000217261098442,0.000406213104725],[-0.0000383144797524,0.00136165611912,-0.000933957169764,0.00319971493445,-0.000376636598958,-0.00200395355932,0.00151344249025,0.000801556452643,-0.0000176305675268,-0.00760243879631,0.0172140225768,-0.00481412559748,0.00308500649408],[-0.0000488960649818,0.000180156712304,-0.000403404410463,-0.0033844599966,-0.000166547732078,0.00227862223983,-0.000814897532109,0.000297502294416,-0.000549753662199,0.000217261098442,-0.00481412559748,0.0181528124958,-0.00582805415615],[0.000352265400579,0.00095864397008,-0.000344308995409,0.00084458431229,0.000837270752527,-0.00122320628725,-0.000013613342162,0.00166089844424,0.00214058370329,0.000406213104725,0.00308500649408,-0.00582805415615,0.0142168607563]],"mean":[-678.911682129,123.705314636,0.476986289024,15.3183832169,-19.5049133301,3.96804070473,4.48712205887,1.82844471931,-9.12858009338,-6.16631984711,-14.6802139282,-0.430713891983,-16.3005332947]},"pitch_salience":{"dmean":0.0769491791725,"dmean2":0.124612651765,"dvar":0.00465702312067,"dvar2":0.0120725110173,"max":0.924251437187,"mean":0.570814847946,"median":0.589370012283,"min":0.0130766509101,"var":0.0182136204094},"silence_rate_20dB":{"dmean":0,"dmean2":0,"dvar":0,"dvar2":0,"max":1,"mean":1,"median":1,"min":1,"var":0},"silence_rate_30dB":{"dmean":0.00177883193828,"dmean2":0.00355819123797,"dvar":0.00177562225144,"dvar2":0.00502791861072,"max":1,"mean":0.998962521553,"median":1,"min":0,"var":0.00103642395698},"silence_rate_60dB":{"dmean":0.030240142718,"dmean2":0.0604892522097,"dvar":0.0293265916407,"dvar2":0.0689903646708,"max":1,"mean":0.0979694649577,"median":0,"min":0,"var":0.0883822441101},"spectral_centroid":{"dmean":226.661834717,"dmean2":358.445037842,"dvar":85453.0703125,"dvar2":183028.125,"max":11120.5322266,"mean":1081.60534668,"median":957.746337891,"min":184.679077148,"var":404814.25},"spectral_complexity":{"dmean":2.92825388908,"dmean2":4.51356554031,"dvar":10.1457290649,"dvar2":22.65366745,"max":42,"mean":13.1471767426,"median":13,"min":0,"var":44.2186927795},"spectral_contrast_coeffs":{"dmean":[0.0544035732746,0.0519091561437,0.0438943728805,0.0323664657772,0.020503975451,0.0165161117911],"dmean2":[0.0905237272382,0.0846216753125,0.0700713470578,0.0525015555322,0.0325437746942,0.0259909257293],"dvar":[0.00203999551013,0.00189211638644,0.00143663270865,0.000774256477598,0.000325274973875,0.000271619326668],"dvar2":[0.00540761230513,0.0048213051632,0.00342998793349,0.00194877758622,0.000757654663175,0.000679963734001],"max":[-0.260067790747,-0.417172133923,-0.424031436443,-0.530024290085,-0.623530983925,-0.609980046749],"mean":[-0.554929494858,-0.731013894081,-0.739965617657,-0.776724159718,-0.806279599667,-0.735892951488],"median":[-0.546772539616,-0.73385566473,-0.751996576786,-0.785436272621,-0.811676442623,-0.731628477573],"min":[-0.958666980267,-0.969915211201,-0.965821743011,-0.963702023029,-0.962921619415,-0.964112401009],"var":[0.0089784162119,0.00659507559612,0.00914716999978,0.00448093656451,0.00202973512933,0.00179578340612]},"spectral_contrast_valleys":{"dmean":[0.462685853243,0.472044825554,0.418009161949,0.399807840586,0.261106491089,0.204953745008],"dmean2":[0.751309990883,0.72955340147,0.625100433826,0.633529007435,0.398320764303,0.316928565502],"dvar":[0.21085613966,0.19997292757,0.167224138975,0.185501545668,0.103982552886,0.0609173700213],"dvar2":[0.473764270544,0.422797083855,0.306070894003,0.389589220285,0.185787379742,0.107560813427],"max":[-5.60109329224,-4.86837339401,-5.18240308762,-5.85061120987,-5.95361614227,-8.59628200531],"mean":[-8.19507408142,-7.20827388763,-7.36513376236,-8.28477191925,-7.9959359169,-10.8158473969],"median":[-7.91356658936,-6.92766284943,-7.02096414566,-8.12321853638,-7.77692937851,-10.6751813889],"min":[-27.5047302246,-27.9042034149,-27.2150707245,-27.3140392303,-27.3517608643,-27.1932582855],"var":[2.5077893734,2.57397031784,2.68403840065,2.0539932251,1.77382683754,1.21682679653]},"spectral_decrease":{"dmean":2.27403762487e-9,"dmean2":3.48432460662e-9,"dvar":1.12288105521e-17,"dvar2":2.62162801768e-17,"max":4.78281229417e-29,"mean":-5.58403234763e-9,"median":-4.01744371104e-9,"min":-3.8563669591e-8,"var":2.76250779478e-17},"spectral_energy":{"dmean":0.00896314438432,"dmean2":0.0137132192031,"dvar":0.000170126106241,"dvar2":0.000396729534259,"max":0.149867191911,"mean":0.0224185753614,"median":0.0161046851426,"min":1.06591656956e-20,"var":0.000437067938037},"spectral_energyband_high":{"dmean":0.000120014970889,"dmean2":0.000192522653379,"dvar":6.87301735525e-8,"dvar2":1.7510762973e-7,"max":0.00505803106353,"mean":0.000314908043947,"median":0.000222204005695,"min":7.43872861994e-21,"var":1.1757356333e-7},"spectral_energyband_low":{"dmean":0.00213644211181,"dmean2":0.00336107960902,"dvar":0.0000337330311595,"dvar2":0.000083088169049,"max":0.0708591267467,"mean":0.00309540401213,"median":0.00106808403507,"min":9.56187264678e-23,"var":0.0000393729314965},"spectral_energyband_middle_high":{"dmean":0.00267929583788,"dmean2":0.00412126677111,"dvar":0.0000231510948652,"dvar2":0.000054888860177,"max":0.0803804025054,"mean":0.00656151864678,"median":0.00245640869252,"min":1.50756302064e-21,"var":0.0000955821378739},"spectral_energyband_middle_low":{"dmean":0.00733245164156,"dmean2":0.0115496162325,"dvar":0.000139240655699,"dvar2":0.000340945523931,"max":0.133682012558,"mean":0.0141625171527,"median":0.00933614559472,"min":4.30169410957e-22,"var":0.000240090914303},"spectral_entropy":{"dmean":0.187575474381,"dmean2":0.295079946518,"dvar":0.0332143232226,"dvar2":0.0800655856729,"max":9.81741809845,"mean":7.40497493744,"median":7.39785146713,"min":5.758872509,"var":0.149065792561},"spectral_flux":{"dmean":0.0274184588343,"dmean2":0.0416779220104,"dvar":0.000855622987729,"dvar2":0.00179254985414,"max":0.323377251625,"mean":0.0778914913535,"median":0.067777723074,"min":1.05452334365e-10,"var":0.00263269199058},"spectral_kurtosis":{"dmean":1.46108806133,"dmean2":2.52897310257,"dvar":2.05260324478,"dvar2":6.23007726669,"max":17.5941677094,"mean":3.52089905739,"median":3.12896776199,"min":-1.21279621124,"var":3.77284288406},"spectral_rms":{"dmean":0.000861201086082,"dmean2":0.00127782078926,"dvar":9.63681259236e-7,"dvar2":0.0000020812603907,"max":0.012091810815,"mean":0.00416139978915,"median":0.00396382249892,"min":3.22477678241e-12,"var":0.00000455464623883},"spectral_rolloff":{"dmean":270.486450195,"dmean2":459.102630615,"dvar":334766.90625,"dvar2":666334,"max":19745.9472656,"mean":1037.23205566,"median":925.927734375,"min":21.533203125,"var":814620},"spectral_skewness":{"dmean":0.223824501038,"dmean2":0.364762097597,"dvar":0.0431551709771,"dvar2":0.119516953826,"max":3.16526079178,"mean":1.43686485291,"median":1.40957522392,"min":-0.00393888633698,"var":0.121420070529},"spectral_spread":{"dmean":373985.25,"dmean2":586483.25,"dvar":452014735360,"dvar2":641939603456,"max":43393252,"mean":4219028.5,"median":3997569.25,"min":1552166.625,"var":1688156241920},"spectral_strongpeak":{"dmean":0.666203796864,"dmean2":1.1011942625,"dvar":0.828499615192,"dvar2":2.0371928215,"max":11.6574907303,"mean":1.31584870815,"median":0.706750750542,"min":0,"var":2.18078589439},"zerocrossingrate":{"dmean":0.00638051703572,"dmean2":0.00779092730954,"dvar":0.0000955951691139,"dvar2":0.000107708277937,"max":0.50830078125,"mean":0.043823223561,"median":0.04150390625,"min":0,"var":0.000500096648466}},"metadata":{"audio_properties":{"analysis_sample_rate":44100,"bit_rate":255729,"codec":"mp3","downmix":"mix","equal_loudness":0,"length":156.630203247,"lossless":false,"md5_encoded":"31c1369e9e44542d4c1868cd6701d4e9","replay_gain":-8.37020683289,"sample_rate":44100},"tags":{"acoustid_fingerprint":["AQADtFIkjUoiJcOTH3-MImf0QJ9yI9cj4UwkHIdf7DsuMHE6vMeT-HgERj9eNQgzHdqJ7EqEH3ePJuqJNsuHMzZ-TfjxH00kTcLDE2GLh-AD7WjU4lkD7YLfo1yioOvRPMTJGP-CoxFD9Lgl4-izFFrWB7rQ7EarMHguXDeaD-WSFR9kfWjOQiNrfGJRwi9-WHl29MJl49LRoakySEePZvzBE93h8MF19MNJC_txHW2oQEuCkqUCP9yGmCKew0_QMx2eCHsK9sFz5Moj7JHQHNrzBD8xZSoqf-grWBfxH88diBs5w0fxgGGkQ9yiJ4Tb5EH1KYRcHi_RKdERZjrWD-dxC_ND5MHTRtCsXDDXFRV3nHvwSkWTDiczDe1ynMRHSBG97NjkIb4x3fjxRHiTI6cV6A2-B7dU1GnAJCz-GO8Odd_Bv0J_-MeP5jT-4Q2NhoyIHn-I5jnq5cIPPU6L5hlRUoeEZyrOXfjxNzge5Rr69HB1HtNxM8WPU8VeGH3ooLnw8BL-oxJ32MnxDw_xWNCT63A9Cq-O9Cx6TPLR7OnxJImJXBfhB_qO_8iT5IiV7ZJwxdD4YeaLiIuCPriOnCP6Q-WWG_lxNoIrHp2Df_hm48yOJzt2hGfgnINiuElIXCsFP0GnidAvnDTyBs14tPSHn8eP-MMUxoHGo58WMDkz4hWeDz3hPzi0p-CPcFJ2UHGG8ihP-Ah_6D-aMYuKUOnRBCFPfKehPbHAZCvxCzF19CPCJNGLX-hxhS-a4sfJ4ZCSsETnjOiPLInwcbhcoQqNptLxsPiJF8mXCKF1OGGt4IdDtaBh9OA44jvCJze8Dwx19Gi4Hl-G56iOMHGoCbmID-zzg7EPLU5OfHoSTMmH6S3ODPrRNIO5RUe_jMF8atAvvImGLUzxCx9t6Dnuw06O7-h5NA8hlweaB620DDrCdMqJdowPTE8U-ER9RF-WQ20oI3-MBz0e5PogWW0spKGDHhd-XDb-IEtyFM9ziF-CL8fRsbHgGzX-HN2aKzCTZAdnrch5bHjQvGGON5nxE2n04tyF5E5ePMOXG_0XeMd_RHsu6Emk4xRjrM0O7TqeoyePtIed7LD2EX2OP3iHfbrwB7wQKiH54QqkTUfoWyhppM_RQz9RLlIRJouDnxjFD39e7EeYD62O8nDcQ7vwSijlwByL98KHD6dYgTPxH_yOcqKHRz32Ccfzolos2E01yD_8HcW1ozfC6Dnx8ugXZ7A0FvDkI2-KvlkOnTx-vMHxLJjlKYO-GJ1-NGECXTnwo2RPNOc2nNHQaD40XvikHJHVB_0FK5TQRlm6Cflxx-iPdjnyVxip63gWBT3CF1ci8MsMnVnxHxdzrPR0qBSPHs2DfDg-X_jUIXqhL8fzg8qV4g_x5cQuCP0R5jyuKHGC