{"lowlevel":{"average_loudness":0.886775612831,"barkbands":{"dmean":[0.000072882292443,0.00322040100582,0.00094335648464,0.00105445703957,0.00175186467823,0.000843659625389,0.000885130313691,0.00101009465288,0.00162496056873,0.000646198168397,0.000615239725448,0.000628753972705,0.000539915636182,0.000626097491477,0.000355255760951,0.000308291433612,0.000289975811029,0.000187914847629,0.000130615662783,0.000127842635266,0.0000657527780277,0.0000751025727368,0.0000552285528101,0.0000613647935097,0.0000220758156502,0.0000105806684587,0.00000244417606154],"dmean2":[0.00010485410894,0.00518855033442,0.00158920953982,0.00189086608589,0.00300934747793,0.0013914341107,0.00141890277155,0.00155917496886,0.00248631997965,0.000966891821008,0.000950571557041,0.000970024790149,0.000836857943796,0.000996648101136,0.000563614012208,0.000498323817737,0.000463079486508,0.000292378390441,0.000209492151043,0.000204359050258,0.000100054086943,0.000111147448479,0.0000801271453383,0.0000851748482091,0.0000302977969113,0.0000142306425914,0.00000334609558195],"dvar":[2.5549031335e-8,0.0000447417005489,0.0000026191271445,0.0000045112637963,0.0000101845826066,0.00000230990849559,0.00000351294670509,0.00000863379409566,0.0000127985176732,0.0000039460824155,0.00000289237391371,0.00000231489980251,0.00000183408110388,0.00000172712168478,5.92609126215e-7,3.7058447333e-7,3.26619129964e-7,1.32431054567e-7,5.09297350959e-8,9.9773622253e-8,1.38953746287e-8,1.56276360741e-8,9.51052658849e-9,1.56436748e-8,3.61971763674e-9,7.07773450959e-10,4.04920333374e-11],"dvar2":[4.8595254043e-8,0.000108905915113,0.00000708396873961,0.0000126513314171,0.000028064217986,0.00000607881656833,0.00000834296224639,0.0000188520079973,0.0000278511233773,0.00000790800368122,0.00000639778500044,0.00000522688878846,0.00000404033335144,0.00000416376178691,0.0000014231025034,9.40094139423e-7,8.04289754797e-7,3.05399339595e-7,1.26620989249e-7,2.25938649123e-7,3.27286500124e-8,3.47934054901e-8,2.06427035465e-8,3.08043333064e-8,7.2193002687e-9,1.44780076816e-9,8.03996452747e-11],"max":[0.00156070769299,0.0572281852365,0.0308577939868,0.032479852438,0.0427134595811,0.0420902520418,0.0685843899846,0.0821715965867,0.0831649899483,0.0679345354438,0.0578745529056,0.0351382419467,0.0368518121541,0.0330141820014,0.0223186500371,0.0175084881485,0.0145549671724,0.00892785470933,0.00449824519455,0.0169058218598,0.00395981781185,0.00409572944045,0.00312810740434,0.00388605869375,0.00231463694945,0.0015577825252,0.00010385193309],"mean":[0.0000773379942984,0.00395543407649,0.0017114309594,0.00112648366485,0.00248739682138,0.00148553575855,0.00136306614149,0.00146437063813,0.00276217772625,0.000976565526798,0.00102257763501,0.00103195908014,0.000883299449924,0.00108377903234,0.000619490863755,0.000573338242248,0.000573371653445,0.000356801145244,0.000282920664176,0.000290634226985,0.000157873524586,0.00018271539011,0.00011798243213,0.000117552583106,0.0000390019413317,0.0000167072721524,0.00000325073574459],"median":[0.00000773064220994,0.0016148671275,0.00106846145354,0.000560673477594,0.00144961196929,0.000794757041149,0.000590973126236,0.000415101705585,0.000838947249576,0.000191151411855,0.000240910623688,0.000258719141129,0.000278079009149,0.00048076765961,0.000280081498204,0.000311793701258,0.000303819950204,0.000178413683898,0.000169291161001,0.000152238237206,0.000074592702731,0.0000942367769312,0.0000561558117624,0.0000396212672058,0.0000142940116348,0.00000420031619797,3.19665588222e-7],"min":[9.993427998e-25,5.33565321452e-24,2.7627257853e-24,3.44170388845e-24,9.34498906707e-24,2.20199635412e-23,1.45528681142e-23,3.40614322213e-24,1.30971862412e-23,2.75737399515e-23,3.8347803402e-23,4.2379340167e-23,3.36631024293e-23,5.54227923588e-23,7.5420593011e-23,6.93528705656e-23,8.00419610749e-23,9.08732611173e-23,1.61893341874e-22,2.25897451513e-22,1.72525912078e-22,3.38879498754e-22,3.76210037619e-22,6.1664310328e-22,8.6113045961e-22,1.37747180468e-21,1.90116053711e-21],"var":[3.4017016759e-8,0.000045403601689,0.00000447286492999,0.00000347296645486,0.0000107794539872,0.00000628512452749,0.00000592647847952,0.0000167370308191,0.0000315588513331,0.00000928731060412,0.00000753702033762,0.00000538351605428,0.00000387396858059,0.00000338047652804,0.00000125656902128,7.9938286035e-7,8.70098574524e-7,2.91355036097e-7,1.2912826719e-7,3.40330188919e-7,5.79298990999e-8,7.04195883827e-8,2.78694507472e-8,3.91958430157e-8,6.98897650864e-9,1.38734157495e-9,7.08255815107e-11]},"barkbands_crest":{"dmean":2.71704244614,"dmean2":4.43768453598,"dvar":7.00410509109,"dvar2":17.9920253754,"max":24.3338108063,"mean":8.6302690506,"median":7.76009511948,"min":2.29077410698,"var":14.0678577423},"barkbands_flatness_db":{"dmean":0.0186929069459,"dmean2":0.0278721433133,"dvar":0.000302588043269,"dvar2":0.00069569144398,"max":0.317617803812,"mean":0.112807191908,"median":0.108721680939,"min":0.0200923588127,"var":0.00137746112887},"barkbands_kurtosis":{"dmean":1.55819523335,"dmean2":2.51751828194,"dvar":7.75662755966,"dvar2":20.0338401794,"max":70.8479385376,"mean":1.48669970036,"median":0.440599441528,"min":-1.84423470497,"var":13.2987136841},"barkbands_skewness":{"dmean":0.442011654377,"dmean2":0.680907011032,"dvar":0.203180223703,"dvar2":0.478473961353,"max":7.22256231308,"mean":0.985095739365,"median":0.885480046272,"min":-2.28335618973,"var":0.821090459824},"barkbands_spread":{"dmean":5.28785419464,"dmean2":8.09032440186,"dvar":28.3083171844,"dvar2":63.0206184387,"max":120.815422058,"mean":24.697933197,"median":22.5942268372,"min":1.24327766895,"var":143.878799438},"dissonance":{"dmean":0.0170577149838,"dmean2":0.0286846607924,"dvar":0.000288218958303,"dvar2":0.000783085066359,"max":0.500000178814,"mean":0.468769907951,"median":0.474871844053,"min":0.292307078838,"var":0.000602568441536},"dynamic_complexity":3.45843744278,"erbbands":{"dmean":[0.0916176587343,0.745455026627,1.10632991791,2.26164221764,5.9784784317,5.24514245987,6.93997526169,6.75033903122,8.53328418732,20.6428604126,23.2976989746,31.1302566528,28.799287796,21.3620433807,20.5645561218,23.3132362366,22.9003429413,30.8403396606,20.1141853333,15.2404308319,18.2887535095,16.0409221649,10.4533166885,6.37849378586,7.3153181076,6.29567050934,3.03461003304,2.640625,2.97161006927,1.84031105042,1.64275610447,1.42876493931,0.903541088104,0.313453644514,0.128900960088,0.0513627976179,0.0196332223713,0.00489030778408,0.000327239278704,0.0000170280745806],"dmean2":[0.142181277275,1.24636209011,1.85198354721,4.00678443909,10.7601118088,8.87385082245,11.3420820236,11.0138273239,13.995426178,32.0543670654,35.9849510193,47.990020752,43.7759666443,32.2184829712,31.8377513885,35.7403106689,35.3540420532,48.8165016174,31.7088775635,23.796459198,29.4770908356,25.4697570801,16.1764297485,9.98449707031,11.7428245544,9.99653148651,4.68990945816,4.00629758835,4.43976449966,2.70525813103,2.38766479492,1.99894058704,1.25853705406,0.435360491276,0.176516607404,0.0699668303132,0.0267205592245,0.006728135515,0.000439042836661,0.0000225440398935],"dvar":[0.0418196991086,2.35188126564,3.48669552803,17.5713787079,168.380310059,83.2695770264,128.213470459,195.727203369,408.704101562,2493.51123047,4583.17529297,6630.84472656,4560.24755859,3925.47216797,2869.27001953,3259.24169922,3414.25073242,4442.29980469,1935.26574707,1177.24731445,1216.11804199,1033.31860352,384.195373535,147.519180298,183.888946533,264.271453857,39.8619651794,23.1582393646,26.6135807037,10.2690916061,8.549492836,7.25352716446,3.98860311508,0.731517851353,0.135301887989,0.0260415617377,0.00198777671903,0.000149004757986,6.41308474769e-7,5.86038828576e-10],"dvar2":[0.092044390738,6.13580131531,9.32989501953,49.0855407715,473.219543457,230.769577026,337.685821533,488.134277344,1017.76489258,5596.40527344,9926.69824219,14532.7695312,10097.2246094,7977.27246094,6545.93603516,7370.97753906,7687.72509766,10639.4169922,4764.14550781,2660.18310547,3081.26342773,2534.26147461,861.79095459,354.521057129,473.392059326,580.836364746,85.9745941162,56.5292701721,60.4243125916,22.7244377136,18.8706245422,14.4272594452,8.03078746796,1.4966981411,0.275528460741,0.0546157695353,0.00391589524224,0.000296391925076,0.00000124688403957,1.08860775949e-9],"max":[1.64040231705,14.7229118347,31.7230701447,56.8261871338,155.935897827,181.179122925,258.291137695,543.613952637,658.588500977,2190.90283203,1963.72851562,2626.08032227,1856.02001953,2280.07666016,1730.32116699,1451.79492188,1182.74755859,1962.69946289,1386.11437988,1324.34985352,1195.74633789,857.796569824,507.598754883,361.589019775,326.162628174,911.808166504,306.289031982,165.982940674,171.318466187,85.768989563,82.6700973511,84.4456787109,62.5929222107,38.3814926147,18.0435638428,12.7620925903,0.890003442764,0.186838150024,0.0116453040391,0.000375231436919],"mean":[0.0996983274817,0.927168726921,2.00092864037,2.98378372192,6.14833402634,7.99406147003,11.9169073105,12.0517911911,12.8359642029,32.1682662964,38.1399230957,51.2422027588,50.1181411743,38.6000061035,35.5734405518,40.9622955322,41.258014679,56.0793495178,36.9723129272,29.7070522308,37.1723899841,33.6612358093,21.1151161194,14.0542821884,16.1931190491,14.2493572235,7.21870040894,6.34977483749,7.05581521988,4.24924373627,3.43783473969,2.76694321632,1.67608761787,0.566133797169,0.217906728387,0.0835605934262,0.0298326071352,0.00679565872997,0.000465860561235,0.0000435004949395],"median":[0.0277661886066,0.418852120638,1.2723698616,1.92917633057,2.68054223061,4.66711187363,6.35217285156,6.01365709305,6.15166282654,13.0487318039,11.5320987701,16.4502162933,13.538277626,9.60217094421,10.8645887375,11.1262311935,14.4452028275,25.7850456238,17.9923229218,14.0375108719,21.6100616455,18.3607082367,11.0410299301,8.42475128174,9.33919620514,7.16699266434,3.56279444695,2.93234920502,3.53626132011,2.15494346619,1.57309937477,1.00220143795,0.548194050789,0.212514325976,0.0741356834769,0.0250594075769,0.00631191115826,0.000898655562196,0.0000741689800634,0.0000333571006195],"min":[1.616169755e-22,1.31529441922e-21,3.78414895014e-21,1.66339978889e-20,2.75358280032e-20,3.45118589303e-20,7.1673481093e-20,1.8584681705e-19,1.69054391456e-19,2.94027526737e-19,1.08000558797e-19,4.59510100609e-19,7.6345813368e-19,1.42051643876e-18,1.64847976416e-18,1.77719299658e-18,1.60145289197e-18,2.73133094391e-18,2.56776900587e-18,5.82874100765e-18,5.04288013465e-18,4.62826701955e-18,5.03808620941e-18,8.67343374579e-18,7.42375409176e-18,1.01765789103e-17,6.85806305522e-18,1.02820345122e-17,1.21425556158e-17,1.27123325109e-17,1.02901301289e-17,1.2313509033e-17,1.0427645597e-17,9.1801662434e-18,6.68747111595e-18,4.56615030504e-18,2.43738445502e-18,9.73250679165e-19,2.50275255802e-19,2.99226091931e-20],"var":[0.0446584150195,2.20329189301,5.64195585251,15.0911741257,126.290855408,115.838973999,286.564910889,583.035522461,651.27947998,4143.02539062,10317.3388672,13277.5380859,11727.1015625,12473.8876953,5964.55957031,8079.92138672,7309.25244141,9040.05859375,3577.91015625,3070.45654297,3031.94433594,2908.42504883,931.024536133,337.383331299,474.430450439,882.996398926,136.202041626,105.24332428,116.528747559,31.5921630859,25.3900566101,19.6822681427,8.97763729095,1.37667632103,0.24261406064,0.0503397509456,0.00392764760181,0.000265167356702,0.00000119024389278,1.54505364058e-9]},"erbbands_crest":{"dmean":2.54545426369,"dmean2":4.08824920654,"dvar":5.97378444672,"dvar2":14.4885377884,"max":31.4017810822,"mean":8.70567989349,"median":7.69649791718,"min":2.163220644,"var":17.8781280518},"erbbands_flatness_db":{"dmean":0.0181541852653,"dmean2":0.0247912611812,"dvar":0.000300215964671,"dvar2":0.000533264421392,"max":0.314067721367,"mean":0.158490553498,"median":0.157109081745,"min":0.0387176088989,"var":0.00185019487981},"erbbands_kurtosis":{"dmean":0.741211771965,"dmean2":1.14991617203,"dvar":0.910667598248,"dvar2":2.0641913414,"max":24.9971542358,"mean":0.372659891844,"median":-0.151107311249,"min":-1.74250769615,"var":3.13351774216},"erbbands_skewness":{"dmean":0.327182799578,"dmean2":0.500420689583,"dvar":0.0848111361265,"dvar2":0.192287638783,"max":3.79470992088,"mean":0.186239793897,"median":0.175812751055,"min":-3.20291757584,"var":0.468977332115},"erbbands_spread":{"dmean":6.72801828384,"dmean2":9.81678581238,"dvar":45.5519943237,"dvar2":88.6209487915,"max":151.523025513,"mean":34.85546875,"median":32.1681098938,"min":3.08486032486,"var":281.880096436},"gfcc":{"cov":[[10412.0546875,-22.1094264984,-241.615341187,210.825042725,-578.354553223,407.318084717,-266.025482178,21.3064308167,-204.874313354,-43.9612922668,-183.84967041,32.0748023987,-157.683807373],[-22.1094264984,1157.20727539,-299.174865723,37.6223449707,225.432556152,-104.386894226,141.906051636,-32.7449836731,64.7567596436,-106.436477661,64.6522827148,-87.3968429565,67.56275177],[-241.615341187,-299.174865723,833.361450195,73.8860092163,50.3106269836,99.4574050903,-112.763450623,65.7459182739,-17.099401474,15.0220890045,-28.3241271973,53.2125473022,-37.6093521118],[210.825042725,37.6223449707,73.8860092163,352.699707031,42.6584091187,-47.0820045471,-53.8681106567,5.6993560791,32.8311958313,14.7495851517,-3.04352855682,-27.9245681763,49.6527175903],[-578.354553223,225.432556152,50.3106269836,42.6584091187,287.881896973,-36.2325515747,47.9279518127,38.2096443176,40.0151176453,-0.967912316322,14.6182260513,-14.615981102,27.8512535095],[407.318084717,-104.386894226,99.4574050903,-47.0820045471,-36.2325515747,218.02897644,56.4303359985,19.0293121338,-25.0050048828,-20.8168354034,-7.02919435501,25.1523513794,-24.6085014343],[-266.025482178,141.906051636,-112.763450623,-53.8681106567,47.9279518127,56.4303359985,190.960357666,13.506403923,3.94571304321,-27.309299469,25.5414772034,2.08833503723,4.88968229294],[21.3064308167,-32.7449836731,65.7459182739,5.6993560791,38.2096443176,19.0293121338,13.506403923,102.057647705,33.9708213806,14.456782341,-1.6961940527,1.38204908371,-2.01482796669],[-204.874313354,64.7567596436,-17.099401474,32.8311958313,40.0151176453,-25.0050048828,3.94571304321,33.9708213806,106.364875793,26.3946933746,13.6771039963,-14.8091077805,8.09704303741],[-43.9612922668,-106.436477661,15.0220890045,14.7495851517,-0.967912316322,-20.8168354034,-27.309299469,14.456782341,26.3946933746,84.9157562256,18.1928043365,4.04773664474,-4.09972476959],[-183.84967041,64.6522827148,-28.3241271973,-3.04352855682,14.6182260513,-7.02919435501,25.5414772034,-1.6961940527,13.6771039963,18.1928043365,75.3411712646,19.5196304321,10.4053068161],[32.0748023987,-87.3968429565,53.2125473022,-27.9245681763,-14.615981102,25.1523513794,2.08833503723,1.38204908371,-14.8091077805,4.04773664474,19.5196304321,72.1981506348,13.1404485703],[-157.683807373,67.56275177,-37.6093521118,49.6527175903,27.8512535095,-24.6085014343,4.88968229294,-2.01482796669,8.09704303741,-4.09972476959,10.4053068161,13.1404485703,77.7202148438]],"icov":[[0.000182358620805,-0.000265798560577,0.000208299723454,-0.000297860911814,0.000331715622451,-0.000491135055199,0.000445321464213,-0.000389402499422,0.000389550288673,-0.000315752142342,0.000552144018002,-0.000590127427131,0.000548254523892],[-0.000265798560577,0.00224174000323,-0.0000506399046571,0.000526211748365,-0.00152949511539,0.00114900048357,-0.00109768891707,0.00119225727394,-0.00141680403613,0.00311796576716,-0.00280290748924,0.00296441465616,-0.00165070896037],[0.000208299723454,-0.0000506399046571,0.00214187428355,-0.000875643687323,-0.000525873794686,-0.00147815118544,0.00188179977704,-0.00133822415955,0.000707121158484,0.0000868235874805,0.000758567126468,-0.00208616279997,0.00181192590389],[-0.000297860911814,0.000526211748365,-0.000875643687323,0.0042429305613,-0.000696696515661,0.000949431268964,0.0000124706211864,0.000884971930645,-0.0013048206456,0.000333815609338,-0.00126881327014,0.0033263694495,-0.003862693673],[0.000331715622451,-0.00152949511539,-0.000525873794686,-0.000696696515661,0.00575776258484,0.0000848294803291,-0.000679577002302,-0.00209861481562,0.000343813910149,-0.00170558516402,0.00156647001859,-0.00093636137899,-0.000032067833672],[-0.000491135055199,0.00114900048357,-0.00147815118544,0.000949431268964,0.0000848294803291,0.00799658242613,-0.00405007973313,0.000217819106183,-0.000571032403968,0.00228484789841,-0.0011362277437,0.000528871081769,-0.00031240170938],[0.000445321464213,-0.00109768891707,0.00188179977704,0.0000124706211864,-0.000679577002302,-0.00405007973313,0.00956618972123,-0.00238042860292,0.00106193497777,0.00103581231087,-0.00100671080872,-0.0016935657477,0.00142309418879],[-0.000389402499422,0.00119225727394,-0.00133822415955,0.000884971930645,-0.00209861481562,0.000217819106183,-0.00238042860292,0.0137990666553,-0.00504153221846,-0.000260452070506,-0.000112667294161,0.00152217294089,-0.00144171097782],[0.000389550288673,-0.00141680403613,0.000707121158484,-0.0013048206456,0.000343813910149,-0.000571032403968,0.00106193497777,-0.00504153221846,0.0139746442437,-0.00476506073028,0.000186851262697,0.000338402169291,0.000906755565666],[-0.000315752142342,0.00311796576716,0.0000868235874805,0.000333815609338,-0.00170558516402,0.00228484789841,0.00103581231087,-0.000260452070506,-0.00476506073028,0.019359184429,-0.00774189177901,0.0028788249474,-0.000192216000869],[0.000552144018002,-0.00280290748924,0.000758567126468,-0.00126881327014,0.00156647001859,-0.0011362277437,-0.00100671080872,-0.000112667294161,0.000186851262697,-0.00774189177901,0.0212056022137,-0.00961088296026,0.00223185168579],[-0.000590127427131,0.00296441465616,-0.00208616279997,0.0033263694495,-0.00093636137899,0.000528871081769,-0.0016935657477,0.00152217294089,0.000338402169291,0.0028788249474,-0.00961088296026,0.0243100058287,-0.00896673370153],[0.000548254523892,-0.00165070896037,0.00181192590389,-0.003862693673,-0.000032067833672,-0.00031240170938,0.00142309418879,-0.00144171097782,0.000906755565666,-0.000192216000869,0.00223185168579,-0.00896673370153,0.0196568127722]],"mean":[2.05039930344,93.3255004883,-131.67149353,32.0021591187,-56.5956344604,14.2201166153,-36.7060127258,7.74181604385,-16.0759963989,0.0294491443783,-14.5473604202,-3.5494492054,-11.3280420303]},"hfc":{"dmean":5.71685314178,"dmean2":7.93082284927,"dvar":50.7747306824,"dvar2":95.5429916382,"max":110.400436401,"mean":22.3456897736,"median":18.4766845703,"min":1.07641072669e-16,"var":299.868011475},"melbands":{"dmean":[0.000866950664204,0.00070032622898,0.000501351780258,0.00040569214616,0.000234474719036,0.000152614360559,0.000141621436342,0.000226595962886,0.000203621399123,0.000209287260077,0.000145210811752,0.0000870433432283,0.0000785766096669,0.000060644626501,0.0000696128918207,0.0000547875024495,0.0000597339239903,0.0000371752939827,0.0000268433104793,0.0000182672538358,0.0000225961866818,0.0000197202516574,0.0000118699372251,0.0000090416515377,0.00000528278042111,0.00000569479561818,0.00000557367729925,0.00000442789132649,0.00000228421481552,0.00000145073556723,0.00000174265824171,0.00000196583391698,0.00000140687996009,0.00000103598642909,0.0000010081793107,9.41136590882e-7,9.54816869125e-7,7.76538286118e-7,3.97199244162e-7,2.34003280752e-7],"dmean2":[0.00137088168412,0.00116185937077,0.000894036202226,0.000715719826985,0.000382486119634,0.000250023091212,0.000229929675697,0.000351514550857,0.000314942648401,0.000321317493217,0.000220241214265,0.000130881599034,0.000121638207929,0.0000927471555769,0.000107820997073,0.0000861379667185,0.0000947093722061,0.0000589186092839,0.0000429354367952,0.0000291298511002,0.0000365794003301,0.0000316649930028,0.0000185398621397,0.0000142873086588,0.00000839292351884,0.00000920021739148,0.00000901234125195,0.00000709842379365,0.00000359043792741,0.00000227576310863,0.00000270843975159,0.00000299530029224,0.00000213705629903,0.0000015631712813,0.00000150836285684,0.00000137116580845,0.0000013667266785,0.00000110623602723,5.70527674881e-7,3.33347145443e-7],"dvar":[0.00000345343187291,0.00000150355594997,9.3942270496e-7,6.81432936744e-7,1.24775780819e-7,8.9620797894e-8,1.04603522288e-7,3.13688730103e-7,3.18229581353e-7,2.60488718595e-7,1.18690280715e-7,7.01175437712e-8,4.50418262687e-8,2.60970960397e-8,3.67033443638e-8,1.8191245843e-8,1.78400298978e-8,7.67872432306e-9,4.03149646999e-9,1.70230063379e-9,1.82008874638e-9,1.78138448437e-9,5.39256084231e-10,3.56588619743e-10,1.02644844013e-10,1.1614680745e-10,1.47856712984e-10,1.48116727217e-10,2.66132237775e-11,6.62088005948e-12,1.01443376269e-11,1.40937435333e-11,5.16903663969e-12,3.76300336377e-12,3.5464049232e-12,2.92548862739e-12,3.41771554634e-12,2.87093612772e-12,1.25267905857e-12,4.22603981974e-13],"dvar2":[0.00000807011019788,0.00000394200969822,0.00000262106823357,0.00000191572689801,3.20892695527e-7,2.2574390357e-7,2.56754560723e-7,7.02841418843e-7,7.01886790466e-7,5.68461643979e-7,2.59849628037e-7,1.39323745429e-7,1.01802200447e-7,5.90165427639e-8,8.15868332893e-8,4.14810443772e-8,4.22279384793e-8,1.87444424427e-8,9.50607415007e-9,4.17582635137e-9,4.58557414262e-9,4.4503374319e-9,1.22566679028e-9,8.551551689e-10,2.47429132738e-10,2.91918017536e-10,3.86614268377e-10,3.08820830019e-10,5.80387717053e-11,1.65497598265e-11,2.53738991624e-11,3.34985407469e-11,1.20099702752e-11,8.71057826562e-12,8.33943678002e-12,6.38082598911e-12,7.14630308055e-12,6.15616889063e-12,2.53854402776e-12,9.11034268858e-13],"max":[0.0138256009668,0.015063572675,0.0132488673553,0.0114653175697,0.00790984928608,0.0104642622173,0.0122642349452,0.0229060072452,0.0129926009104,0.0153144355863,0.00921048875898,0.00921754632145,0.00686882296577,0.00514508970082,0.00481315329671,0.00465474976227,0.00421488331631,0.00300379563123,0.00236127735116,0.00138669286389,0.00146896671504,0.00116163678467,0.000907505163923,0.00043399821152,0.000323295098497,0.000249862088822,0.000383591890568,0.000855753954966,0.000249353091931,0.0000847743722261,0.0000946054642554,0.000131415275973,0.000054247026128,0.0000571525306441,0.0000536316547368,0.0000553105091967,0.0000543808455404,0.0000472213359899,0.0000563720750506,0.0000247179832513],"mean":[0.00101232831366,0.0011558404658,0.00063330179546,0.000494585547131,0.000418488198193,0.000270882388577,0.000218282380956,0.000347115827026,0.00033169524977,0.0003449752694,0.000246198585955,0.000149295738083,0.000132613582537,0.0000988586325548,0.000118538409879,0.0000905085689737,0.000104308070149,0.0000614160962868,0.0000461314339191,0.000033932246879,0.0000434771718574,0.0000378569202439,0.0000217432825593,0.0000164298962773,0.0000104401051431,0.0000116062847155,0.0000113840669655,0.00000903936233954,0.00000476677496408,0.00000316481146001,0.00000382836878998,0.00000431342687079,0.00000303064575746,0.00000211869132727,0.00000198599059331,0.00000180005474704,0.00000169864495092,0.00000135277844038,7.05625723185e-7,3.91731475702e-7],"median":[0.00037474965211,0.000723164004739,0.000389303575503,0.000266918592388,0.000243214090005,0.00013755573309,0.000106299106847,0.000134428380989,0.0000859601641423,0.000104315957287,0.0000604556444159,0.0000329859685735,0.0000365043415513,0.0000249336226261,0.0000230473706324,0.0000339651778631,0.0000449432045571,0.0000250131834036,0.0000202272913157,0.0000167844355019,0.000024506385671,0.0000191908275156,0.000010810123058,0.00000794801417214,0.00000610591723671,0.00000654570430925,0.00000609211883784,0.00000415825934397,0.00000221411733037,0.00000146822674196,0.00000168771339304,0.00000200340969059,0.0000015769271613,9.97780375656e-7,8.98128064364e-7,6.58138674225e-7,5.73616773636e-7,4.20620267505e-7,2.41637366116e-7,1.46241717403e-7],"min":[1.80352358102e-24,2.47136277097e-24,2.91544373452e-24,1.96677933143e-24,2.6542998121e-24,4.42774136579e-24,2.73847225677e-24,3.38497650632e-24,8.41044054101e-25,1.8992471187e-24,3.76920580414e-24,5.26227850072e-24,6.7022884685e-24,2.91936555651e-24,3.32035854299e-24,3.70772592949e-24,4.11699880003e-24,2.33925854606e-24,6.73650294368e-24,4.77148040549e-24,5.82527038497e-24,5.00838677381e-24,3.1613202402e-24,5.21863989873e-24,6.25037293287e-24,4.33300311538e-24,6.41008965604e-24,5.68426149816e-24,4.96113085015e-24,2.72887221398e-24,4.79943645268e-24,6.64182622442e-24,4.88016413899e-24,6.32477079927e-24,5.25492513379e-24,7.97967594397e-24,7.44078770467e-24,6.72427402193e-24,7.10358201099e-24,7.86558772441e-24],"var":[0.00000356076861863,0.00000189642116766,7.60691420965e-7,5.71558189222e-7,2.91172341349e-7,2.58855095581e-7,1.63577894341e-7,5.289858791e-7,7.74894942879e-7,5.42998634501e-7,3.06681016582e-7,2.12714411418e-7,1.01017043619e-7,5.37248219246e-8,9.67853495126e-8,3.47685045199e-8,3.5445143709e-8,1.29973392049e-8,7.82441667013e-9,3.42601014225e-9,4.44421521806e-9,4.73034678095e-9,1.29533894722e-9,6.66262045534e-10,2.120481013e-10,2.70655109436e-10,3.14805376211e-10,5.17267173539e-10,7.3602859918e-11,2.39048381784e-11,4.12382419879e-11,5.23208490422e-11,1.65252585921e-11,8.9256397412e-12,8.74644193877e-12,8.16587249208e-12,8.0924607293e-12,5.88178594371e-12,2.42549903773e-12,7.0411493476e-13]},"melbands_crest":{"dmean":3.2537996769,"dmean2":5.23202753067,"dvar":9.1140832901,"dvar2":22.0661334991,"max":32.259098053,"mean":11.7705507278,"median":10.8228683472,"min":1.89033281803,"var":22.4377994537},"melbands_flatness_db":{"dmean":0.0232661515474,"dmean2":0.0349499061704,"dvar":0.000512727478053,"dvar2":0.00116633728612,"max":0.439849436283,"mean":0.166291028261,"median":0.160648003221,"min":0.00500117894262,"var":0.00268665724434},"melbands_kurtosis":{"dmean":4.13036298752,"dmean2":6.57127380371,"dvar":72.8898773193,"dvar2":184.736129761,"max":277.758880615,"mean":7.01834011078,"median":3.52589416504,"min":-1.64293003082,"var":129.980255127},"melbands_skewness":{"dmean":0.603557109833,"dmean2":0.921415746212,"dvar":0.442046672106,"dvar2":1.00641691685,"max":14.203669548,"mean":1.9101524353,"median":1.66484093666,"min":-1.49218893051,"var":1.79354453087},"melbands_spread":{"dmean":7.20135068893,"dmean2":11.2928934097,"dvar":59.3102531433,"dvar2":137.338867188,"max":186.66973877,"mean":29.3205089569,"median":26.7331848145,"min":1.12271118164,"var":261.727233887},"mfcc":{"cov":[[7098.25292969,5.01591777802,91.1982727051,-58.2558021545,-146.595169067,151.616836548,-44.2862663269,80.5278701782,-53.3011703491,-29.725687027,13.2352333069,-63.4558944702,-153.755889893],[5.01591777802,1083.45007324,-297.333709717,94.2082748413,58.8666000366,5.91345977783,77.3926467896,78.2308654785,20.3822555542,19.2271518707,11.160946846,-22.5051784515,26.0318012238],[91.1982727051,-297.333709717,656.987121582,-30.088136673,120.923065186,27.1690826416,-10.2227478027,23.000667572,-13.8687810898,-12.41639328,-21.5527896881,25.1323223114,-30.1993408203],[-58.2558021545,94.2082748413,-30.088136673,351.192840576,113.704299927,-20.7913742065,-25.2820587158,-52.5769805908,35.3086776733,27.5048236847,-33.5617370605,16.5698738098,18.4566764832],[-146.595169067,58.8666000366,120.923065186,113.704299927,239.510452271,-6.47654724121,-9.27082633972,-6.27584123611,31.9687595367,40.7442054749,-20.9505844116,15.9488115311,-0.0858439132571],[151.616836548,5.91345977783,27.1690826416,-20.7913742065,-6.47654724121,118.647331238,45.7725067139,36.732925415,3.70546412468,-8.38942813873,14.3688840866,-5.59931182861,-17.8418102264],[-44.2862663269,77.3926467896,-10.2227478027,-25.2820587158,-9.27082633972,45.7725067139,140.034744263,63.0188560486,7.58270978928,-2.91002845764,3.04210948944,5.53380441666,-3.41735458374],[80.5278701782,78.2308654785,23.000667572,-52.5769805908,-6.27584123611,36.732925415,63.0188560486,126.482383728,24.6634426117,-0.773587465286,14.5847969055,-4.64718961716,-3.22425174713],[-53.3011703491,20.3822555542,-13.8687810898,35.3086776733,31.9687595367,3.70546412468,7.58270978928,24.6634426117,83.5682983398,30.4371814728,1.94709122181,-0.0336760170758,-3.28747868538],[-29.725687027,19.2271518707,-12.41639328,27.5048236847,40.7442054749,-8.38942813873,-2.91002845764,-0.773587465286,30.4371814728,85.6628723145,19.9916992188,11.0605516434,2.90109443665],[13.2352333069,11.160946846,-21.5527896881,-33.5617370605,-20.9505844116,14.3688840866,3.04210948944,14.5847969055,1.94709122181,19.9916992188,89.4880218506,15.5411434174,-4.46405887604],[-63.4558944702,-22.5051784515,25.1323223114,16.5698738098,15.9488115311,-5.59931182861,5.53380441666,-4.64718961716,-0.0336760170758,11.0605516434,15.5411434174,68.3469161987,21.3485031128],[-153.755889893,26.0318012238,-30.1993408203,18.4566764832,-0.0858439132571,-17.8418102264,-3.41735458374,-3.22425174713,-3.28747868538,2.90109443665,-4.46405887604,21.3485031128,75.6342773438]],"icov":[[0.000158158218255,-0.0000199327569135,-0.0000235609513766,-0.0000566590424569,0.000139214622322,-0.000193951025722,0.000196037100977,-0.000173947089934,0.000156799462275,-0.0000871845477377,0.0000708200677764,-0.000010916642168,0.000306065630866],[-0.0000199327569135,0.00128697534092,0.00068679562537,-0.000315505632898,-0.000694393762387,0.000179851369467,-0.000446194346296,-0.000953539041802,0.0004709388013,0.0000658498393022,-0.000261069013504,0.000518428219948,-0.00029522361001],[-0.0000235609513766,0.00068679562537,0.00231666350737,0.000301882857457,-0.00161132274661,-0.000345778942574,0.000339742196957,-0.00108590407763,0.000835634069517,0.000488203135319,0.000499827088788,-0.000902385218069,0.00075452006422],[-0.0000566590424569,-0.000315505632898,0.000301882857457,0.00411445647478,-0.00163867278025,-0.000208546785871,0.0000761885603424,0.00197237008251,-0.00165322900284,0.00000409792801292,0.00113888573833,-0.000837952189613,-0.000621894258074],[0.000139214622322,-0.000694393762387,-0.00161132274661,-0.00163867278025,0.00680749863386,-0.000183639524039,0.000500002119225,0.000100888726593,-0.00104251806624,-0.00261897058226,0.00144186231773,-0.000854806276038,0.000651329988614],[-0.000193951025722,0.000179851369467,-0.000345778942574,-0.000208546785871,-0.000183639524039,0.0109073482454,-0.00315820309334,-0.00124495779164,-0.000286133930786,0.00135010422673,-0.00203645043075,0.00098003866151,0.00137262488715],[0.000196037100977,-0.000446194346296,0.000339742196957,0.0000761885603424,0.000500002119225,-0.00315820309334,0.0106805171818,-0.00466538360342,0.000774425338022,-0.000440767325927,0.00168832787313,-0.00229198881425,0.00100555538666],[-0.000173947089934,-0.000953539041802,-0.00108590407763,0.00197237008251,0.000100888726593,-0.00124495779164,-0.00466538360342,0.013469459489,-0.00487288972363,0.00115869904403,-0.00164728786331,0.00129482033662,-0.00158942618873],[0.000156799462275,0.0004709388013,0.000835634069517,-0.00165322900284,-0.00104251806624,-0.000286133930786,0.000774425338022,-0.00487288972363,0.016465138644,-0.00510083185509,0.000857902457938,0.000388503860449,0.00150462368038],[-0.0000871845477377,0.0000658498393022,0.000488203135319,0.00000409792801292,-0.00261897058226,0.00135010422673,-0.000440767325927,0.00115869904403,-0.00510083185509,0.0159981045872,-0.00421462440863,-0.000881695887074,-0.000496213091537],[0.0000708200677764,-0.000261069013504,0.000499827088788,0.00113888573833,0.00144186231773,-0.00203645043075,0.00168832787313,-0.00164728786331,0.000857902457938,-0.00421462440863,0.0144144892693,-0.00444828160107,0.00198807078414],[-0.000010916642168,0.000518428219948,-0.000902385218069,-0.000837952189613,-0.000854806276038,0.00098003866151,-0.00229198881425,0.00129482033662,0.000388503860449,-0.000881695887074,-0.00444828160107,0.018813950941,-0.00569685036317],[0.000306065630866,-0.00029522361001,0.00075452006422,-0.000621894258074,0.000651329988614,0.00137262488715,0.00100555538666,-0.00158942618873,0.00150462368038,-0.000496213091537,0.00198807078414,-0.00569685036317,0.0165103245527]],"mean":[-631.503479004,118.435531616,-11.5525245667,18.5983314514,3.32306718826,5.5756983757,-5.33276844025,4.95411682129,-0.987925052643,6.44981527328,0.170315027237,0.537098824978,-2.43898487091]},"pitch_salience":{"dmean":0.0749099627137,"dmean2":0.120961979032,"dvar":0.00468378374353,"dvar2":0.0119551364332,"max":0.866845369339,"mean":0.574156284332,"median":0.580920875072,"min":0.155927821994,"var":0.0108140800148},"silence_rate_20dB":{"dmean":0,"dmean2":0,"dvar":0,"dvar2":0,"max":1,"mean":1,"median":1,"min":1,"var":0},"silence_rate_30dB":{"dmean":0,"dmean2":0,"dvar":0,"dvar2":0,"max":1,"mean":1,"median":1,"min":1,"var":0},"silence_rate_60dB":{"dmean":0.00941619556397,"dmean2":0.0188338700682,"dvar":0.00932933948934,"dvar2":0.0211441740394,"max":1,"mean":0.0467634350061,"median":0,"min":0,"var":0.0445765405893},"spectral_centroid":{"dmean":220.578781128,"dmean2":349.365264893,"dvar":57399.53125,"dvar2":129731.046875,"max":11370.9072266,"mean":1500.06445312,"median":1401.82836914,"min":247.353164673,"var":412298.21875},"spectral_complexity":{"dmean":3.69585680962,"dmean2":5.53904104233,"dvar":13.8356380463,"dvar2":27.1892662048,"max":56,"mean":21.4229888916,"median":21,"min":0,"var":92.8737716675},"spectral_contrast_coeffs":{"dmean":[0.0505231618881,0.0486672595143,0.042016338557,0.0315651334822,0.0209561605006,0.0191334076226],"dmean2":[0.083207257092,0.0793765261769,0.0665516927838,0.0502065643668,0.0337538123131,0.0287235435098],"dvar":[0.00187232147437,0.00159874453675,0.00120338797569,0.000655340438243,0.000329168280587,0.000323530868627],"dvar2":[0.00498084444553,0.0041327830404,0.002821987262,0.00157284655143,0.000777597480919,0.000672585098073],"max":[-0.347997546196,-0.400399386883,-0.418866455555,-0.511154711246,-0.56524848938,-0.585344851017],"mean":[-0.667590022087,-0.738402783871,-0.748806357384,-0.760156154633,-0.781944274902,-0.75784689188],"median":[-0.669288516045,-0.746496200562,-0.764526963234,-0.763174474239,-0.787269949913,-0.75893175602],"min":[-0.975848972797,-0.962270140648,-0.973157584667,-0.969028234482,-0.966009378433,-0.96331256628],"var":[0.00537900673226,0.00555654475465,0.00653434637934,0.00330497091636,0.00189565180335,0.0019873988349]},"spectral_contrast_valleys":{"dmean":[0.433687001467,0.380003780127,0.370856165886,0.298211604357,0.24532315135,0.33445250988],"dmean2":[0.70336163044,0.605713188648,0.560132086277,0.444146990776,0.359498679638,0.399120211601],"dvar":[0.186509028077,0.135744705796,0.136817827821,0.0959636569023,0.0942045375705,0.160762786865],"dvar2":[0.422201365232,0.302889466286,0.288464605808,0.191804423928,0.182319611311,0.254357755184],"max":[-5.29161787033,-4.67657136917,-4.94563674927,-5.80270910263,-5.72082090378,-7.72227621078],"mean":[-7.30239915848,-6.65822124481,-7.30644655228,-7.49592161179,-7.44326686859,-10.1842870712],"median":[-7.06385421753,-6.5161652565,-7.19115209579,-7.34772872925,-7.25550699234,-10.0001649857],"min":[-27.8947410583,-28.2630825043,-27.6562080383,-27.4935646057,-27.4924144745,-27.3288974762],"var":[1.69252085686,1.52272188663,1.52639603615,1.40153169632,1.41205215454,1.64881658554]},"spectral_decrease":{"dmean":2.16737783276e-9,"dmean2":3.27032778635e-9,"dvar":7.58621815433e-18,"dvar2":1.6827169765e-17,"max":1.26739130182e-28,"mean":-6.02407945749e-9,"median":-4.98107155522e-9,"min":-2.79821392724e-8,"var":1.98159089758e-17},"spectral_energy":{"dmean":0.00858684629202,"dmean2":0.0128594040871,"dvar":0.000116444069135,"dvar2":0.000255883438513,"max":0.111368507147,"mean":0.0247630532831,"median":0.0207451637834,"min":9.99444852526e-21,"var":0.000324778287904},"spectral_energyband_high":{"dmean":0.000268433912424,"dmean2":0.000359889963875,"dvar":1.90476384887e-7,"dvar2":3.51978201252e-7,"max":0.0188035909086,"mean":0.00076533248648,"median":0.000442849792307,"min":7.15288925069e-21,"var":9.82284177553e-7},"spectral_energyband_low":{"dmean":0.00396097777411,"dmean2":0.00620846822858,"dvar":0.000049996720918,"dvar2":0.000116452305519,"max":0.0668933317065,"mean":0.00622673844919,"median":0.00372167513706,"min":2.9393963915e-23,"var":0.0000628179623163},"spectral_energyband_middle_high":{"dmean":0.00239495956339,"dmean2":0.00352231319994,"dvar":0.0000128188748931,"dvar2":0.0000256346811511,"max":0.0816358998418,"mean":0.00736530311406,"median":0.00483975559473,"min":1.2948755183e-21,"var":0.0000629138303339},"spectral_energyband_middle_low":{"dmean":0.00513186585158,"dmean2":0.00820117909461,"dvar":0.0000563589383091,"dvar2":0.000138604475069,"max":0.106130070984,"mean":0.0110335713252,"median":0.0079303374514,"min":1.636504191e-22,"var":0.000108835491119},"spectral_entropy":{"dmean":0.131797328591,"dmean2":0.183501020074,"dvar":0.0164137855172,"dvar2":0.0310931652784,"max":9.82314777374,"mean":7.67487716675,"median":7.69306898117,"min":6.24154281616,"var":0.104853406549},"spectral_flux":{"dmean":0.0246809143573,"dmean2":0.0370560735464,"dvar":0.000721559859812,"dvar2":0.00140801246744,"max":0.283175677061,"mean":0.0835388228297,"median":0.0752104967833,"min":6.50016429571e-11,"var":0.00208222330548},"spectral_kurtosis":{"dmean":1.41688489914,"dmean2":2.33261489868,"dvar":2.62263178825,"dvar2":7.12247514725,"max":32.0871582031,"mean":4.11374187469,"median":3.61250114441,"min":-1.2643892765,"var":6.33855056763},"spectral_rms":{"dmean":0.000804954208434,"dmean2":0.00117063708603,"dvar":7.89301168425e-7,"dvar2":0.00000164158370808,"max":0.0104236369953,"mean":0.00456053344533,"median":0.0044987979345,"min":3.12260807489e-12,"var":0.0000033606395391},"spectral_rolloff":{"dmean":442.400695801,"dmean2":721.36126709,"dvar":431959.4375,"dvar2":1002310.125,"max":19315.2832031,"mean":1739.97094727,"median":1507.32421875,"min":86.1328125,"var":1982213.375},"spectral_skewness":{"dmean":0.187398940325,"dmean2":0.3002140522,"dvar":0.0328319147229,"dvar2":0.0833663344383,"max":4.23619270325,"mean":1.44833803177,"median":1.42136144638,"min":-0.051992431283,"var":0.147519797087},"spectral_spread":{"dmean":533181.125,"dmean2":692982.5,"dvar":527349514240,"dvar2":893522739200,"max":42199400,"mean":4342248,"median":4062414.5,"min":1662993.875,"var":3831755440130},"spectral_strongpeak":{"dmean":0.740150213242,"dmean2":1.24864768982,"dvar":1.27990245819,"dvar2":3.08340001106,"max":21.7824878693,"mean":1.30885899067,"median":0.516080796719,"min":0,"var":2.77109956741},"zerocrossingrate":{"dmean":0.00948010478169,"dmean2":0.0110812596977,"dvar":0.000112197711132,"dvar2":0.000154178560479,"max":0.525390625,"mean":0.0680331140757,"median":0.0625,"min":0.0048828125,"var":0.00124199583661}},"metadata":{"audio_properties":{"analysis_sample_rate":44100,"bit_rate":0,"codec":"flac","downmix":"mix","equal_loudness":0,"length":295.893341064,"lossless":true,"md5_encoded":"eddcee62ca336c7081df0538178e522b","replay_gain":-11.9174518585,"sample_rate":44100},"tags":{"album":["Give ’Em Enough Rope"],"albumartist":["The Clash"],"albumartistsort":["Clash, The"],"artist":["The Clash"],"artistsort":["Clash, The"],"catalognumber":["JE 35543"],"date":["1978-11-10"],"discnumber":["1"],"disctotal":["1"],"file_name":"01-10 All the Young Punks (New Boots and Contracts).flac","genre":["Alternative"],"isrc":["GBBBN7802042","GBBNN7802042"],"label":["Epic"],"media":["12\" Vinyl"],"musicbrainz_albumartistid":["8f92558c-2baa-4758-8c38-615519e9deda"],"musicbrainz_albumid":["1cb0c83e-535e-36e3-9feb-b6f4c85c9471"],"musicbrainz_artistid":["8f92558c-2baa-4758-8c38-615519e9deda"],"musicbrainz_recordingid":["ef33e522-011e-4a8f-a7a4-a63b45897357"],"musicbrainz_releasegroupid":["fcd23bde-a71f-3a1e-8c7a-cde4eb427532"],"originaldate":["1978-11-10"],"producer":["Sandy Pearlman"],"releasecountry":["US"],"releasestatus":["official"],"releasetype":["album"],"script":["Latn"],"title":["All the Young Punks (New Boots and Contracts)"],"totaldiscs":["1"],"totaltracks":["10"],"tracknumber":["10"],"tracktotal":["10"]},"version":{"essentia":"2.1-beta1","essentia_build_sha":"ca57ba49d9b1854bd80e60cf9ccf267278fb7d6b","essentia_git_sha":"v2.1_beta1-28-g21ef5f4-dirty","extractor":"music 1.0"}},"rhythm":{"beats_count":748,"beats_loudness":{"dmean":0.0162379350513,"dmean2":0.0286995954812,"dvar":0.000186901408597,"dvar2":0.000527844415046,"max":0.102772340178,"mean":0.0325739458203,"median":0.0307521671057,"min":4.42381908883e-9,"var":0.000344227009919},"beats_loudness_band_ratio":{"dmean":[0.233948037028,0.158483058214,0.145340338349,0.129118263721,0.0665134489536,0.0542790256441],"dmean2":[0.430868446827,0.300403624773,0.252712875