{"lowlevel":{"average_loudness":0.941000640392,"barkbands":{"dmean":[0.0000399411910621,0.00148862786591,0.00316713564098,0.00322239287198,0.00291698635556,0.0015460618306,0.000815726583824,0.00040896848077,0.000602681189775,0.000559923995752,0.000472488318337,0.00055086897919,0.000608499278314,0.000434915069491,0.000292097276542,0.00015393011563,0.000170624873135,0.000213383667869,0.000180911345524,0.00015228013217,0.0000696264905855,0.0000608068621659,0.0000525720170117,0.0000390748537029,0.0000418202398578,0.0000188835620065,0.00000359852469956],"dmean2":[0.000058738518419,0.00244887033477,0.00521626509726,0.00547235552222,0.00473885238171,0.00249717338011,0.00138130679261,0.000639694218989,0.000950917252339,0.000864915491547,0.000760552240536,0.000880709965713,0.00092308933381,0.000676328316331,0.000466126803076,0.000236529536778,0.000270057440503,0.000322812615195,0.000271219440037,0.000229467463214,0.000102589685412,0.0000848675554153,0.0000730249521439,0.0000527455886186,0.0000573450051888,0.0000258028885582,0.00000502993316331],"dvar":[1.25467778389e-8,0.00000748370302972,0.0000179976632353,0.0000268901203526,0.0000128753999888,0.00000635555761619,0.00000363342951459,0.00000154556573762,0.00000270662326329,0.00000138620714552,0.00000141169175549,0.00000151058623032,0.00000144868693042,9.1649553724e-7,2.82013644437e-7,8.62621405417e-8,8.42980369953e-8,1.37210761864e-7,1.17017478374e-7,1.60748783173e-7,2.34996981874e-8,2.00283594154e-8,1.2451792486e-8,1.29244481784e-8,1.67811737839e-8,2.4497681661e-9,5.37089574204e-11],"dvar2":[2.81362488863e-8,0.000020126990421,0.0000501266222273,0.0000745797224226,0.0000351033486368,0.0000170472194441,0.00000988427837001,0.00000364871652891,0.00000626208520771,0.00000330239527102,0.0000037357428937,0.00000392680158257,0.00000336859329764,0.00000216170110434,6.89930402586e-7,2.00671550488e-7,2.01073632411e-7,3.16791300747e-7,2.52206092455e-7,3.9391133555e-7,4.87180678022e-8,3.61163330354e-8,2.35358399436e-8,2.00875316381e-8,2.94885751373e-8,4.89834883766e-9,1.18042589592e-10],"max":[0.00183112150989,0.0463417135179,0.051819100976,0.0782658606768,0.0634070858359,0.0534638315439,0.0407894030213,0.0344686470926,0.0391985997558,0.031105292961,0.0321924462914,0.0316885411739,0.035534452647,0.0397931523621,0.00974759552628,0.00722660636529,0.00597132742405,0.00656780833378,0.00943244807422,0.0164388120174,0.00620290543884,0.00549803348258,0.00470304628834,0.00459495466202,0.00459319213405,0.00215300708078,0.000116720359074],"mean":[0.0000384897466574,0.00215729349293,0.00550320511684,0.00494370609522,0.00589176360518,0.00279328855686,0.00104951334652,0.000591951888055,0.000939629040658,0.000988759449683,0.000734774628654,0.000966596009675,0.00119114562403,0.000774488784373,0.000511676014867,0.000260762200924,0.000299351144349,0.000368844543118,0.000320960680256,0.000256414612522,0.000121677301649,0.000108297419501,0.0000921079772525,0.0000714828929631,0.0000729158637114,0.0000317471894959,0.00000661462900098],"median":[0.00000130098374029,0.00103881559335,0.00409296620637,0.00204539881088,0.00483587151393,0.0016333158128,0.000479968439322,0.000189902930288,0.000288882642053,0.00044772552792,0.000263885827735,0.000501856615301,0.00052846991457,0.000335391785484,0.000266651913989,0.000122663579532,0.000167211139342,0.000171770851011,0.000135795868118,0.000112604582682,0.0000520288122061,0.0000426166770922,0.0000380293968192,0.000025437468139,0.000021380790713,0.0000115564735097,0.00000299304042528],"min":[1.32906397843e-25,3.14512413695e-24,1.33388135476e-24,2.87232972504e-24,1.17935186536e-23,7.16203818179e-24,5.59739213528e-24,1.09599064581e-23,1.1963204212e-23,1.2925962404e-23,1.53122035335e-23,2.14415312824e-23,2.59775698399e-23,4.34514494689e-23,2.63193832701e-23,5.84360390684e-23,7.18776230482e-23,1.11606488392e-22,1.25520732583e-22,1.78739169894e-22,2.30752189876e-22,3.4128556238e-22,3.74476941765e-22,5.70303066058e-22,8.93454218218e-22,1.35821037097e-21,1.8508024842e-21],"var":[1.3806289445e-8,0.00000923360857996,0.0000293671437248,0.0000431420376117,0.0000232303718803,0.0000121654902614,0.00000390938475903,0.00000277470394394,0.00000588464854445,0.00000300762098959,0.00000284579664367,0.00000289671538667,0.00000361697334483,0.00000215035311157,5.5473770999e-7,1.85401901831e-7,1.7569621491e-7,2.8727745871e-7,2.69446985612e-7,2.23680928002e-7,5.15303675286e-8,5.02802279811e-8,3.26021556418e-8,4.72720600442e-8,5.56600099344e-8,4.8426125332e-9,1.01452728163e-10]},"barkbands_crest":{"dmean":2.22327494621,"dmean2":3.69386649132,"dvar":3.83307409286,"dvar2":10.486987114,"max":21.8446083069,"mean":8.99398326874,"median":8.58777809143,"min":2.75162315369,"var":8.80480957031},"barkbands_flatness_db":{"dmean":0.0216084029526,"dmean2":0.031716145575,"dvar":0.000395366718294,"dvar2":0.000840969209094,"max":0.341439068317,"mean":0.128890067339,"median":0.126702949405,"min":0.0175081305206,"var":0.00154212908819},"barkbands_kurtosis":{"dmean":2.73660755157,"dmean2":4.34700679779,"dvar":17.7219924927,"dvar2":44.7954750061,"max":88.4746170044,"mean":4.14314174652,"median":2.07269382477,"min":-1.86499881744,"var":40.9168968201},"barkbands_skewness":{"dmean":0.514591097832,"dmean2":0.806713998318,"dvar":0.247516363859,"dvar2":0.612556874752,"max":8.01743507385,"mean":1.68139517307,"median":1.58405041695,"min":-2.20649647713,"var":1.18639063835},"barkbands_spread":{"dmean":5.05163049698,"dmean2":7.73874521255,"dvar":32.2008399963,"dvar2":71.5210342407,"max":117.500648499,"mean":20.1420497894,"median":18.3628864288,"min":1.56634914875,"var":127.139198303},"dissonance":{"dmean":0.0167222283781,"dmean2":0.0277861785144,"dvar":0.000289188639726,"dvar2":0.000783059396781,"max":0.499999880791,"mean":0.466239690781,"median":0.471590310335,"min":0,"var":0.000532506790478},"dynamic_complexity":2.7903213501,"erbbands":{"dmean":[0.0245954543352,0.438770025969,3.03891682625,7.47433900833,10.3506650925,8.98279094696,13.2982902527,12.3249406815,14.0748510361,7.56130599976,9.30501174927,13.4711399078,15.2781801224,17.6636753082,18.2909984589,23.8663711548,29.1039466858,19.648443222,18.0950698853,11.4128856659,7.52802085876,8.83639526367,11.4439163208,10.141544342,8.63791656494,6.69434499741,3.52711200714,2.41059041023,2.12527823448,2.08152508736,1.39819169044,0.987944245338,0.596421480179,0.440504103899,0.314844846725,0.1111298576,0.0318031087518,0.00571021763608,0.000650639762171,0.0000326293120452],"dmean2":[0.0387071967125,0.734129965305,4.94513893127,12.5268516541,17.3915214539,14.546295166,21.243686676,20.468585968,23.9066410065,12.0176773071,14.5269041061,21.1592063904,24.2839031219,27.24168396,29.4448165894,37.4197807312,44.1002120972,30.6187400818,28.33360672,17.829246521,11.4043922424,13.6601076126,17.2232685089,15.3930215836,12.9179210663,9.99225330353,5.18552017212,3.42667508125,2.99241113663,2.90661692619,1.95134544373,1.35727870464,0.812180638313,0.607481241226,0.44273391366,0.149703800678,0.0456592701375,0.0079474048689,0.000926881737541,0.0000441581905761],"dvar":[0.00349525874481,0.59060138464,17.2473945618,134.268692017,244.974273682,125.240135193,381.869903564,642.316589355,1141.32299805,334.900634766,810.78112793,1503.43945312,1383.3314209,1385.91308594,1551.33337402,2934.82617188,3332.27172852,1657.03027344,1434.34008789,410.815155029,258.675933838,227.712585449,356.94039917,336.349151611,415.443481445,206.002639771,69.7166824341,27.6211185455,27.6473617554,19.5094871521,9.27269458771,8.2786283493,3.35353279114,1.77557432652,1.10197031498,0.0908205136657,0.00747653050348,0.000174483298906,0.00000194217818716,2.6286177679e-9],"dvar2":[0.0081963185221,1.64027369022,46.7642631531,363.758728027,676.420593262,337.850280762,963.316589355,1737.03234863,3135.80639648,751.147827148,1970.35339355,3356.10742188,3489.38085938,3299.06494141,4249.23535156,7391.80419922,7797.73681641,4197.55126953,3152.44287109,1000.25036621,600.96661377,538.924682617,800.849853516,771.800598145,913.632629395,486.656311035,147.581863403,54.2579956055,51.6318206787,36.8725204468,17.1827316284,14.1133613586,5.77350616455,3.0751042366,2.09081912041,0.158211022615,0.0173304527998,0.00037909776438,0.00000445813066108,5.26292920355e-9],"max":[1.23056590557,10.5780038834,55.7514610291,152.72996521,310.539825439,203.819320679,332.769989014,576.16619873,737.50177002,444.775787354,735.978942871,1042.53015137,806.08001709,1050.66357422,1004.65270996,1468.49621582,1617.94250488,862.145996094,1651.50036621,359.787353516,494.558013916,286.540710449,352.086791992,461.685089111,578.811828613,488.191772461,389.486663818,181.62437439,246.441543579,119.892036438,144.625335693,141.089996338,72.5140609741,56.6541023254,37.5189933777,15.5357484818,1.7957918644,0.270096749067,0.0236702226102,0.00107688177377],"mean":[0.0291451439261,0.673084199429,5.47415876389,13.345246315,17.3652629852,18.0594577789,25.8176784515,18.8165054321,18.3571338654,10.9221715927,14.7174291611,21.1166610718,25.6674575806,33.404499054,32.7777824402,46.2225227356,59.7168960571,38.8552093506,32.9932518005,21.4744853973,13.5503358841,16.5955295563,21.2462215424,18.5891723633,15.168091774,11.51217556,6.24673318863,4.21201992035,3.72400975227,3.58703255653,2.48255085945,1.70865666866,1.09736394882,0.782256603241,0.517309606075,0.183856651187,0.0520723871887,0.00969999656081,0.00118236523122,0.0000889494112926],"median":[0.0093480059877,0.379924684763,3.87859845161,6.71925973892,12.7785491943,14.0087308884,13.8263492584,10.0658559799,7.96468353271,4.43471860886,5.12995862961,6.90915822983,10.5870866776,16.7307319641,17.1459178925,25.1555099487,27.3917827606,18.7845172882,16.798412323,11.3816051483,6.64730501175,9.45321178436,11.2397470474,8.38902187347,6.2843503952,5.22881746292,2.63367009163,1.76951670647,1.44803321362,1.44128251076,1.03793656826,0.614375114441,0.394239664078,0.242693036795,0.141167238355,0.0584114566445,0.0205547567457,0.00379274925217,0.000541499874089,0.0000635583419353],"min":[1.18667538179e-22,5.83315509705e-22,1.61123130903e-21,8.66873811287e-21,1.03552842571e-20,3.18442886965e-20,7.24246967985e-20,5.53718773323e-20,8.02039427187e-20,2.33335191393e-19,2.78031663148e-19,3.37089670547e-19,5.12375006762e-19,9.1063031506e-19,1.19252829794e-18,1.05841802221e-18,1.40472566426e-18,2.219482541e-18,3.12353408185e-18,2.70321548848e-18,3.8021059071e-18,4.66662669327e-18,6.35192695483e-18,6.17204825882e-18,7.26228264593e-18,8.5526935005e-18,9.54488589191e-18,1.13393839205e-17,1.07212335031e-17,1.24422133732e-17,1.09508836566e-17,1.10344247625e-17,8.83401845401e-18,8.13545367336e-18,6.30968532249e-18,4.46528762345e-18,2.59273331675e-18,1.0397223962e-18,2.37221234212e-19,2.56409898644e-20],"var":[0.00390261597931,0.732389330864,30.0171852112,253.661865234,309.154571533,247.724502563,1108.69287109,840.685913086,1146.33154297,526.684753418,1499.39465332,3179.03564453,2674.65405273,3119.1706543,3010.42529297,6135.90332031,8515.28320312,3691.72094727,3422.33129883,900.743164062,549.490661621,480.943267822,814.522521973,816.340393066,782.336181641,328.324279785,147.767959595,60.6986618042,65.7586135864,45.6000823975,25.3497638702,24.4631500244,11.7625246048,6.32612895966,3.09205150604,0.230464085937,0.0114064645022,0.000300532585243,0.00000336248035637,6.99817803707e-9]},"erbbands_crest":{"dmean":2.31813311577,"dmean2":3.67506718636,"dvar":4.94998168945,"dvar2":11.6563081741,"max":30.6126441956,"mean":8.12623214722,"median":7.15621566772,"min":2.15437197685,"var":14.4849252701},"erbbands_flatness_db":{"dmean":0.0162439867854,"dmean2":0.0228138566017,"dvar":0.00023663121101,"dvar2":0.000472628249554,"max":0.289289653301,"mean":0.141498729587,"median":0.137956321239,"min":0.0311411786824,"var":0.00148701283615},"erbbands_kurtosis":{"dmean":0.66385692358,"dmean2":1.05524194241,"dvar":0.703339099884,"dvar2":1.71969723701,"max":14.1827392578,"mean":0.0724171474576,"median":-0.299649477005,"min":-1.78307282925,"var":1.9692748785},"erbbands_skewness":{"dmean":0.316714942455,"dmean2":0.4863537848,"dvar":0.0859013423324,"dvar2":0.205461338162,"max":2.76085710526,"mean":0.0818486735225,"median":0.0721499994397,"min":-3.05641484261,"var":0.316513180733},"erbbands_spread":{"dmean":7.57725381851,"dmean2":11.4442663193,"dvar":55.5958366394,"dvar2":124.412528992,"max":154.354003906,"mean":40.2945785522,"median":38.6031684875,"min":5.08408689499,"var":262.353515625},"gfcc":{"cov":[[18886.4121094,813.183776855,-1349.07897949,333.33795166,-666.581176758,211.477966309,-491.85949707,39.9991645813,-370.705505371,50.6066932678,-276.904937744,-47.4774856567,-247.805160522],[813.183776855,881.046325684,-340.099182129,-26.0578708649,88.4097518921,-87.8660583496,34.566532135,-56.1842765808,-6.88553094864,-74.7144088745,44.1798858643,-56.315032959,21.2407798767],[-1349.07897949,-340.099182129,747.715698242,38.2914581299,80.4395904541,145.938995361,19.0942840576,44.7636375427,79.8073425293,70.9688262939,-29.277765274,39.5047149658,-14.8302307129],[333.33795166,-26.0578708649,38.2914581299,238.602142334,23.6592712402,-9.81950092316,-4.55124807358,35.5765037537,2.54053544998,6.82932329178,14.9080104828,14.4094285965,13.0967035294],[-666.581176758,88.4097518921,80.4395904541,23.6592712402,244.94392395,49.993812561,40.5442047119,20.6687278748,33.6374130249,4.47596740723,18.6099090576,5.06309127808,9.36780738831],[211.477966309,-87.8660583496,145.938995361,-9.81950092316,49.993812561,185.286132812,29.5448894501,8.16489315033,8.20461940765,34.8211135864,-19.1495227814,-0.103941224515,-21.8380641937],[-491.85949707,34.566532135,19.0942840576,-4.55124807358,40.5442047119,29.5448894501,106.028511047,26.9393501282,19.4518032074,-0.686663985252,11.5542640686,-5.37128448486,5.70594549179],[39.9991645813,-56.1842765808,44.7636375427,35.5765037537,20.6687278748,8.16489315033,26.9393501282,87.6443557739,34.386138916,15.0449199677,-3.65047645569,6.60761499405,-4.33020830154],[-370.705505371,-6.88553094864,79.8073425293,2.54053544998,33.6374130249,8.20461940765,19.4518032074,34.386138916,89.7565155029,40.6225166321,-1.42678833008,-4.36628770828,3.08469986916],[50.6066932678,-74.7144088745,70.9688262939,6.82932329178,4.47596740723,34.8211135864,-0.686663985252,15.0449199677,40.6225166321,76.844871521,10.8638820648,5.23471307755,-11.628370285],[-276.904937744,44.1798858643,-29.277765274,14.9080104828,18.6099090576,-19.1495227814,11.5542640686,-3.65047645569,-1.42678833008,10.8638820648,67.4269638062,17.4955825806,6.59204959869],[-47.4774856567,-56.315032959,39.5047149658,14.4094285965,5.06309127808,-0.103941224515,-5.37128448486,6.60761499405,-4.36628770828,5.23471307755,17.4955825806,59.7790718079,17.6676254272],[-247.805160522,21.2407798767,-14.8302307129,13.0967035294,9.36780738831,-21.8380641937,5.70594549179,-4.33020830154,3.08469986916,-11.628370285,6.59204959869,17.6676254272,57.9652748108]],"icov":[[0.000177673573489,-0.000380379380658,0.000329392758431,-0.000334345677402,0.000428134517279,-0.000584847875871,0.000740169954952,-0.00067843060242,0.000747870653868,-0.000802426307928,0.000990180298686,-0.000564024434425,0.000504229974467],[-0.000380379380658,0.00267440802418,-0.00000217339675146,0.000664573686663,-0.00168007984757,0.00141006405465,-0.00193483603653,0.00265379413031,-0.00289186649024,0.00336334598251,-0.00326970359311,0.00252242852002,-0.00113377626985],[0.000329392758431,-0.00000217339675146,0.00282097328454,-0.000963269907515,0.000261286826571,-0.00220048404299,0.00129080517218,-0.00065004080534,-0.000599362421781,-0.00126734992955,0.00248374487273,-0.002314243,0.00150204601232],[-0.000334345677402,0.000664573686663,-0.000963269907515,0.00546547351405,-0.00119524158072,0.00143441243563,-0.000422960991273,-0.00137039541733,-0.0000120793538372,0.000926896347664,-0.00297710974701,0.00138945213985,-0.0023797089234],[0.000428134517279,-0.00168007984757,0.000261286826571,-0.00119524158072,0.00649317167699,-0.00319025106728,0.00123395922128,-0.00228576757945,0.00000728495615476,-0.00041897041956,0.000640057609417,-0.00164147093892,0.000582444656175],[-0.000584847875871,0.00141006405465,-0.00220048404299,0.00143441243563,-0.00319025106728,0.0105646923184,-0.00537152821198,0.00308558274992,0.000845025118906,-0.00212392094545,0.000308080780087,0.0014781357022,0.000394367176341],[0.000740169954952,-0.00193483603653,0.00129080517218,-0.000422960991273,0.00123395922128,-0.00537152821198,0.0158952455968,-0.00723597919568,0.00132027303334,-0.000365830375813,0.00000634368871033,0.0003365019802,-0.000276198989013],[-0.00067843060242,0.00265379413031,-0.00065004080534,-0.00137039541733,-0.00228576757945,0.00308558274992,-0.00723597919568,0.0199041441083,-0.00944252405316,0.00406529707834,-0.00142778153531,-0.00109460984822,0.00181564607192],[0.000747870653868,-0.00289186649024,-0.000599362421781,-0.0000120793538372,0.00000728495615476,0.000845025118906,0.00132027303334,-0.00944252405316,0.0253279674798,-0.0160980392247,0.00723590608686,0.00121915410273,-0.00218366878107],[-0.000802426307928,0.00336334598251,-0.00126734992955,0.000926896347664,-0.00041897041956,-0.00212392094545,-0.000365830375813,0.00406529707834,-0.0160980392247,0.0284248683602,-0.0120815448463,0.00205861683935,0.00171615567524],[0.000990180298686,-0.00326970359311,0.00248374487273,-0.00297710974701,0.000640057609417,0.000308080780087,0.00000634368871033,-0.00142778153531,0.00723590608686,-0.0120815448463,0.0270765479654,-0.0106323249638,0.00399738550186],[-0.000564024434425,0.00252242852002,-0.002314243,0.00138945213985,-0.00164147093892,0.0014781357022,0.0003365019802,-0.00109460984822,0.00121915410273,0.00205861683935,-0.0106323249638,0.0260998271406,-0.00993221160024],[0.000504229974467,-0.00113377626985,0.00150204601232,-0.0023797089234,0.000582444656175,0.000394367176341,-0.000276198989013,0.00181564607192,-0.00218366878107,0.00171615567524,0.00399738550186,-0.00993221160024,0.0239952094853]],"mean":[3.35565972328,90.6759796143,-108.758605957,23.4452114105,-46.7532157898,10.5486183167,-39.8696632385,-6.54355287552,-38.9537620544,-7.15562915802,-16.7219791412,-2.64844870567,-17.8151836395]},"hfc":{"dmean":5.76243925095,"dmean2":7.7400226593,"dvar":62.3245124817,"dvar2":116.619003296,"max":136.608917236,"mean":20.0268440247,"median":15.880487442,"min":1.0768473457e-16,"var":247.468811035},"melbands":{"dmean":[0.000296930607874,0.00121402507648,0.00129383802414,0.000710949767381,0.000419705233071,0.000281209533568,0.000198844267288,0.0000816166138975,0.000080124278611,0.0000859743668116,0.0000776914384915,0.0000740956238587,0.0000668168577249,0.000064515392296,0.0000664238250465,0.0000483660624013,0.0000403627709602,0.0000326724184561,0.0000187822497537,0.0000128979672809,0.00000888750946615,0.00000828479096526,0.0000141269993037,0.00000951289075601,0.0000087279086074,0.00000640220741843,0.00000692622688803,0.00000417733463109,0.00000249819936471,0.00000177714400706,0.00000139934957133,0.00000126393001665,0.00000119134301713,0.00000119340813853,8.69860912189e-7,7.05341562934e-7,5.89780938753e-7,4.24526717779e-7,4.48670135711e-7,3.49491045881e-7],"dmean2":[0.000476448272821,0.00198165886104,0.00217099068686,0.00116312154569,0.000674367183819,0.000464708224172,0.000335896707838,0.000128411542391,0.000125686725369,0.000135745314765,0.000123655117932,0.000114210815809,0.000107603009383,0.00010258416296,0.000101205368992,0.0000740086106816,0.0000633497547824,0.0000510152058268,0.0000298249542539,0.0000201326110982,0.0000136809294418,0.0000129861873575,0.000022054906367,0.0000145389603858,0.0000134899528348,0.00000969969732978,0.0000106865518319,0.00000629294254395,0.00000376519778911,0.00000264863297161,0.00000204723642128,0.00000181858717951,0.00000170673763478,0.00000170218265794,0.00000124090365716,0.00000100748218301,8.4084848595e-7,5.93844163177e-7,6.34883861039e-7,4.89478964028e-7],"dvar":[3.54274021674e-7,0.0000028727940844,0.00000377095170734,8.64890921548e-7,3.41720891583e-7,3.00886767945e-7,2.12944755162e-7,4.35419096334e-8,5.68922899902e-8,5.66348958841e-8,3.50511903946e-8,2.50459208928e-8,2.70005173775e-8,2.2207370165e-8,1.63310165391e-8,8.31529689549e-9,7.7636004292e-9,5.85293236099e-9,1.31886246368e-9,5.1943177537e-10,4.51673892732e-10,2.44383790982e-10,5.24910170885e-10,3.07670444677e-10,2.60699739574e-10,1.80073525535e-10,4.55591120385e-10,7.35020377896e-11,4.20851790917e-11,1.36244878227e-11,1.0690200461e-11,1.06981637091e-11,8.45421909562e-12,6.39621992524e-12,3.67222354955e-12,3.54341968094e-12,3.36842467981e-12,2.0275441482e-12,1.6889530139e-12,1.31676820055e-12],"dvar2":[9.01898260963e-7,0.00000784067833592,0.0000104815480881,0.00000234361914409,8.80113248058e-7,8.13529482002e-7,5.83410383115e-7,9.67518190009e-8,1.37315169013e-7,1.28929571019e-7,8.79823787159e-8,5.93139510841e-8,7.3298707548e-8,5.8923021129e-8,3.82494427242e-8,1.97898444299e-8,1.9527099937e-8,1.25217809455e-8,3.2345996992e-9,1.23384402695e-9,1.07438880015e-9,5.88237625276e-10,1.2450622755e-9,7.36503413812e-10,6.08139927305e-10,4.00313254767e-10,1.13036913163e-9,1.71860831122e-10,8.90681764454e-11,2.89127090325e-11,2.21058015643e-11,2.16179955881e-11,1.55258271517e-11,1.28852761794e-11,7.35000688784e-12,6.92163947685e-12,5.84179796551e-12,3.75326245777e-12,3.26041320678e-12,2.43642129041e-12],"max":[0.0119795128703,0.0226861517876,0.0267164353281,0.0154547700658,0.00972407404333,0.0124713210389,0.00999351032078,0.005859721452,0.00591252977028,0.00651551922783,0.00399589166045,0.00441424781457,0.00445097219199,0.00438385549933,0.00370004004799,0.00187166058458,0.00194378721062,0.00368020567112,0.000776116910856,0.000521996349562,0.000611063849647,0.00033992328099,0.000437014765339,0.000393687572796,0.000396486837417,0.000359985686373,0.000758828420658,0.000231406927924,0.000334920943715,0.0000941578909988,0.000117737399705,0.000174870045157,0.000108270105557,0.0000582405955356,0.00010034537263,0.0000838543637656,0.0000852077428135,0.0000567930947,0.0000557415587537,0.0000512832812092],"mean":[0.000407229585107,0.0021781695541,0.0023570402991,0.00135095173027,0.000837855797727,0.000446731603006,0.000263291556621,0.000117805706395,0.000125369886518,0.000133391367854,0.000127267383505,0.000135677226353,0.000108829692181,0.000115365517559,0.000135360765853,0.0000966832958511,0.0000725860736566,0.0000557972234674,0.0000330584371113,0.0000228856279136,0.0000143480738188,0.0000144682589962,0.0000238926841121,0.0000163454315043,0.0000150962523549,0.0000106860925371,0.0000108952817754,0.00000684035831,0.00000409710628446,0.00000300028864331,0.00000225061808123,0.00000211855081034,0.00000199523560696,0.00000196973860511,0.00000148259675825,0.00000115987927529,9.947966646e-7,7.58795238198e-7,7.45245642975e-7,6.12414339685e-7],"median":[0.000180289236596,0.00155775621533,0.00145930307917,0.00103812885936,0.000513601931743,0.00024876347743,0.000117848903756,0.0000436115478806,0.000040871094825,0.0000425661237387,0.0000517712469446,0.0000650976799079,0.0000462444404548,0.0000618288540863,0.0000676072231727,0.0000508769007865,0.0000301453292195,0.0000264975606115,0.0000169482736965,0.0000112998131954,0.00000605071818427,0.00000767449273553,0.0000129463896883,0.00000753265067033,0.00000645718455416,0.00000430874342783,0.00000421471486334,0.00000296792836707,0.0000015837963474,0.00000131212539145,8.57211659877e-7,7.98465521257e-7,7.48179445509e-7,7.71624740992e-7,6.20641230853e-7,4.2048284854e-7,3.44781710737e-7,2.730330948e-7,2.4521659725e-7,1.82729124276e-7],"min":[1.12382722001e-24,6.65830454266e-25,1.67803908239e-24,8.14865704962e-25,2.53343646066e-24,1.4051504016e-24,1.26161942787e-24,2.55983312706e-24,2.18368728694e-24,1.66292845175e-24,2.19913200017e-24,3.56620625525e-24,2.90264190254e-24,3.16937963764e-24,2.54228373293e-24,2.91216049544e-24,2.88373251221e-24,3.47371783613e-24,1.84616348509e-24,3.70752437553e-24,2.9373444854e-24,3.93809855736e-24,3.95718701912e-24,4.70576986981e-24,4.57274977739e-24,4.53066325923e-24,4.44250095333e-24,4.7513707633e-24,4.94143141562e-24,4.65143707496e-24,5.04270143433e-24,5.19991904616e-24,5.88061607722e-24,6.21115234638e-24,5.20885131819e-24,5.92940081332e-24,5.56632403182e-24,5.73082519638e-24,5.40955054868e-24,6.27897229613e-24],"var":[4.1732815248e-7,0.00000476108925795,0.00000609631570114,0.00000145704484567,9.21526293496e-7,4.09010198155e-7,2.26374226031e-7,7.31519094188e-8,1.06911585362e-7,1.20399008097e-7,6.70349962206e-8,5.48600560535e-8,5.13525719725e-8,4.21690735664e-8,4.33159890179e-8,1.89839095555e-8,1.62273128268e-8,1.37489992724e-8,2.42248665572e-9,1.16450205034e-9,8.81366424288e-10,4.53157095182e-10,1.05832165254e-9,6.22384144222e-10,5.97864979746e-10,3.539463167e-10,5.98732841084e-10,1.1853348858e-10,8.16289327799e-11,2.92717274031e-11,2.10102577697e-11,2.2719026313e-11,1.9337888929e-11,1.35245937713e-11,8.8407328333e-12,8.88580875547e-12,9.76134971464e-12,6.36352819397e-12,4.85032587011e-12,4.50460025184e-12]},"melbands_crest":{"dmean":3.48700046539,"dmean2":5.73452711105,"dvar":9.20170688629,"dvar2":25.131029129,"max":31.4187088013,"mean":14.5383062363,"median":14.0489053726,"min":1.59393978119,"var":22.8218860626},"melbands_flatness_db":{"dmean":0.0267237015069,"dmean2":0.0395213402808,"dvar":0.000628709036391,"dvar2":0.00136768782977,"max":0.453503340483,"mean":0.201489076018,"median":0.199831306934,"min":0.00356358871795,"var":0.00269049406052},"melbands_kurtosis":{"dmean":6.60862207413,"dmean2":10.6027641296,"dvar":102.474899292,"dvar2":263.518341064,"max":261.91784668,"mean":13.2138080597,"median":8.42007541656,"min":-1.64919364452,"var":242.695129395},"melbands_skewness":{"dmean":0.697593152523,"dmean2":1.09756672382,"dvar":0.454181909561,"dvar2":1.13802289963,"max":11.7089452744,"mean":2.83424019814,"median":2.67796897888,"min":-0.835958003998,"var":2.09120368958},"melbands_spread":{"dmean":5.91425704956,"dmean2":9.27623176575,"dvar":47.3975143433,"dvar2":108.488357544,"max":173.331451416,"mean":20.9028053284,"median":17.7471847534,"min":1.30393230915,"var":268.573120117},"mfcc":{"cov":[[8281.32519531,655.499145508,-285.567779541,121.448921204,-30.2246627808,52.2429351807,-18.509759903,-11.3740081787,-69.2855453491,31.3963012695,7.1221408844,-80.1353530884,-36.7065467834],[655.499145508,937.500061035,-226.739105225,27.3766345978,35.3842849731,22.5990352631,38.8532447815,10.4787139893,-41.6832962036,-2.87520575523,-12.1015367508,-14.6851587296,-29.0231246948],[-285.567779541,-226.739105225,527.789001465,-13.643122673,60.6893119812,85.6405334473,-9.3709487915,14.6697263718,56.1679725647,20.1097202301,41.2831230164,30.4993953705,26.2163639069],[121.448921204,27.3766345978,-13.643122673,232.864196777,50.171787262,-31.397485733,9.56265544891,22.0162963867,0.423607319593,2.78009295464,-19.271478653,15.6578493118,19.6163635254],[-30.2246627808,35.3842849731,60.6893119812,50.171787262,182.544616699,65.9977035522,24.716085434,26.8229637146,21.4554576874,29.830997467,24.8836078644,1.90778768063,11.6675033569],[52.2429351807,22.5990352631,85.6405334473,-31.397485733,65.9977035522,142.722106934,45.4206047058,13.6347436905,21.315164566,23.6141109467,35.2417259216,3.6526620388,1.1446750164],[-18.509759903,38.8532447815,-9.3709487915,9.56265544891,24.716085434,45.4206047058,99.5676879883,40.0729026794,-6.80833482742,9.04162693024,14.7525234222,-0.480983614922,-4.41535377502],[-11.3740081787,10.4787139893,14.6697263718,22.0162963867,26.8229637146,13.6347436905,40.0729026794,78.772567749,24.9361152649,10.4981117249,14.7826700211,-1.48289215565,0.255296617746],[-69.2855453491,-41.6832962036,56.1679725647,0.423607319593,21.4554576874,21.315164566,-6.80833482742,24.9361152649,87.8534393311,39.831653595,16.6361980438,3.4416706562,4.25661849976],[31.3963012695,-2.87520575523,20.1097202301,2.78009295464,29.830997467,23.6141109467,9.04162693024,10.4981117249,39.831653595,83.3388900757,42.962726593,2.34322357178,3.78714489937],[7.1221408844,-12.1015367508,41.2831230164,-19.271478653,24.8836078644,35.2417259216,14.7525234222,14.7826700211,16.6361980438,42.962726593,87.2849121094,24.6728878021,0.534851133823],[-80.1353530884,-14.6851587296,30.4993953705,15.6578493118,1.90778768063,3.6526620388,-0.480983614922,-1.48289215565,3.4416706562,2.34322357178,24.6728878021,70.3070297241,22.9105205536],[-36.7065467834,-29.0231246948,26.2163639069,19.6163635254,11.6675033569,1.1446750164,-4.41535377502,0.255296617746,4.25661849976,3.78714489937,0.534851133823,22.9105205536,54.3524971008]],"icov":[[0.000135762820719,-0.0000805554518593,0.0000423286764999,-0.00013018430036,0.000120251344924,-0.000188625606825,0.000181628944119,-0.0000541099652764,0.000138058938319,-0.0000886079433258,-0.0000858597777551,0.0001860033517,-0.0000137896167871],[-0.0000805554518593,0.00132765586022,0.000564396672416,-0.00003436156112,-0.000349600974005,-0.000441621494247,-0.0000634614189039,-0.000254200247582,0.000471693114378,-0.00019346823683,0.000351446302375,-0.000360608828487,0.000600179366302],[0.0000423286764999,0.000564396672416,0.00265750475228,-0.000062370847445,-0.000339719175827,-0.00165237870533,0.000957742333412,-0.000345454696799,-0.000880063453224,0.000623066327535,-0.000527205178514,-0.000509249628522,-0.000496842840221],[-0.00013018430036,-0.00003436156112,-0.000062370847445,0.00574057269841,-0.00224746693857,0.00240068137646,-0.000901459367014,-0.0012254898902,0.000265166308964,-0.000989228137769,0.00234371144325,-0.00200799130835,-0.000912097282708],[0.000120251344924,-0.000349600974005,-0.000339719175827,-0.00224746693857,0.00814880244434,-0.00384995155036,0.00094885902945,-0.00159705418628,0.000416849186877,-0.00137972959783,-0.000835737853777,0.00138159713242,-0.00122471619397],[-0.000188625606825,-0.000441621494247,-0.00165237870533,0.00240068137646,-0.00384995155036,0.0130849294364,-0.00655855424702,0.00333001255058,-0.00300607900135,0.00103334977757,-0.00242940708995,0.00042817479698,-0.000423338526161],[0.000181628944119,-0.0000634614189039,0.000957742333412,-0.000901459367014,0.00094885902945,-0.00655855424702,0.0175549760461,-0.00972311943769,0.00605568569154,-0.00277555175126,0.000788314966485,-0.000718843773939,0.00137274991721],[-0.0000541099652764,-0.000254200247582,-0.000345454696799,-0.0012254898902,-0.00159705418628,0.00333001255058,-0.00972311943769,0.0209146514535,-0.0082328626886,0.00422863615677,-0.00415514921769,0.00255498872139,-0.000864731089678],[0.000138058938319,0.000471693114378,-0.000880063453224,0.000265166308964,0.000416849186877,-0.00300607900135,0.00605568569154,-0.0082328626886,0.019557826221,-0.00996642839164,0.00362735497765,-0.00163039704785,0.000992642599158],[-0.0000886079433258,-0.00019346823683,0.000623066327535,-0.000989228137769,-0.00137972959783,0.00103334977757,-0.00277555175126,0.00422863615677,-0.00996642839164,0.0223750919104,-0.011131817475,0.00435231113806,-0.00258112791926],[-0.0000858597777551,0.000351446302375,-0.000527205178514,0.00234371144325,-0.000835737853777,-0.00242940708995,0.000788314966485,-0.00415514921769,0.00362735497765,-0.011131817475,0.0213178321719,-0.00878970418125,0.00383902271278],[0.0001860033517,-0.000360608828487,-0.000509249628522,-0.00200799130835,0.00138159713242,0.00042817479698,-0.000718843773939,0.00255498872139,-0.00163039704785,0.00435231113806,-0.00878970418125,0.020743066445,-0.00830524042249],[-0.0000137896167871,0.000600179366302,-0.000496842840221,-0.000912097282708,-0.00122471619397,-0.000423338526161,0.00137274991721,-0.000864731089678,0.000992642599158,-0.00258112791926,0.00383902271278,-0.00830524042249,0.0232309494168]],"mean":[-637.800720215,127.601654053,-3.14669942856,19.1822490692,7.29781913757,10.7737522125,6.78768348694,0.617761313915,-14.5079450607,-6.92126750946,-6.26872587204,-7.53676128387,-7.04112625122]},"pitch_salience":{"dmean":0.0674604251981,"dmean2":0.109189152718,"dvar":0.00346492184326,"dvar2":0.00919289886951,"max":0.990526974201,"mean":0.575868189335,"median":0.578568696976,"min":0.215473502874,"var":0.00819772388786},"silence_rate_20dB":{"dmean":0,"dmean2":0,"dvar":0,"dvar2":0,"max":1,"mean":1,"median":1,"min":1,"var":0},"silence_rate_30dB":{"dmean":0.000180018003448,"dmean2":0.000360068399459,"dvar":0.000179956201464,"dvar2":0.000539855391253,"max":1,"mean":0.999909996986,"median":1,"min":0,"var":0.0000899854494492},"silence_rate_60dB":{"dmean":0.00720072025433,"dmean2":0.0144027369097,"dvar":0.00714984256774,"dvar2":0.0159969720989,"max":1,"mean":0.0439204387367,"median":0,"min":0,"var":0.0419920682907},"spectral_centroid":{"dmean":243.28175354,"dmean2":373.406311035,"dvar":72536.421875,"dvar2":160428.21875,"max":11742.6181641,"mean":1171.05493164,"median":1007.30096436,"min":199.542938232,"var":994855.5625},"spectral_complexity":{"dmean":4.15193510056,"dmean2":5.88495826721,"dvar":21.6693305969,"dvar2":36.81432724,"max":56,"mean":20.5990467072,"median":19,"min":0,"var":97.4723434448},"spectral_contrast_coeffs":{"dmean":[0.0560170784593,0.0490067861974,0.040695708245,0.0325380824506,0.0226028896868,0.0164575167],"dmean2":[0.0922572314739,0.0804908573627,0.0638833120465,0.0503619611263,0.0358081199229,0.0258075539023],"dvar":[0.00204809335992,0.00160804612096,0.00107805710286,0.000702730554622,0.000362944585504,0.00022668967722],"dvar2":[0.00549732102081,0.00433132052422,0.00258186855353,0.00162436719984,0.000869370531291,0.000513437087648],"max":[-0.245917603374,-0.362028300762,-0.457057029009,-0.557806611061,-0.54897069931,-0.59043943882],"mean":[-0.554848492146,-0.711584448814,-0.760518670082,-0.760508477688,-0.7830067873,-0.777756154537],"median":[-0.554551720619,-0.716548681259,-0.767156243324,-0.763141751289,-0.787145912647,-0.782121300697],"min":[-0.977945029736,-0.989327907562,-0.975619614124,-0.97149258852,-0.965229511261,-0.963940024376],"var":[0.00798598956317,0.0060299593024,0.005271313712,0.00368044688366,0.00241579464637,0.00172061368357]},"spectral_contrast_valleys":{"dmean":[0.466815948486,0.385664850473,0.37123593688,0.34342315793,0.315100908279,0.33638715744],"dmean2":[0.759550631046,0.608005940914,0.565335035324,0.495415866375,0.410917252302,0.420854657888],"dvar":[0.147192701697,0.117604903877,0.101707994938,0.092054516077,0.0916509032249,0.124288193882],"dvar2":[0.376057207584,0.287310808897,0.224420309067,0.17740060389,0.152464896441,0.212794229388],"max":[-5.3312292099,-4.72313165665,-5.17887735367,-5.64201831818,-5.61788225174,-7.40225315094],"mean":[-7.52279853821,-7.04154872894,-7.32322835922,-7.73185157776,-7.73369455338,-10.2770080566],"median":[-7.19219446182,-6.77572536469,-7.02918386459,-7.44330310822,-7.48672199249,-9.99282455444],"min":[-28.0422115326,-28.1815681458,-28.1000938416,-27.5703868866,-27.488067627,-27.4027824402],"var":[4.10232973099,4.14220190048,4.08120727539,3.93703985214,3.8572716713,3.2996635437]},"spectral_decrease":{"dmean":2.34426633661e-9,"dmean2":3.71490038731e-9,"dvar":8.53558078798e-18,"dvar2":2.22546921933e-17,"max":1.43387566771e-28,"mean":-7.75554376276e-9,"median":-7.31199767401e-9,"min":-3.49508049169e-8,"var":2.20092313096e-17},"spectral_energy":{"dmean":0.00919818412513,"dmean2":0.0144785856828,"dvar":0.000130839442136,"dvar2":0.000336643803166,"max":0.139788389206,"mean":0.0310877859592,"median":0.0292343292385,"min":9.93769133366e-21,"var":0.000349853216903},"spectral_energyband_high":{"dmean":0.000297710503219,"dmean2":0.000382786267437,"dvar":3.29272552335e-7,"dvar2":5.3259913102e-7,"max":0.0146743301302,"mean":0.000608862028457,"median":0.000271885277471,"min":6.787443441e-21,"var":0.00000109643679025},"spectral_energyband_low":{"dmean":0.00523964455351,"dmean2":0.00850104726851,"dvar":0.0000475525957881,"dvar2":0.000128161307657,"max":0.0809550881386,"mean":0.0107871843502,"median":0.00926703214645,"min":1.09101151354e-23,"var":0.0000845852482598},"spectral_energyband_middle_high":{"dmean":0.00200492446311,"dmean2":0.00292421155609,"dvar":0.00000764206561144,"dvar2":0.0000171558021975,"max":0.0523507073522,"mean":0.00642607174814,"median":0.0048754317686,"min":1.22705024217e-21,"var":0.0000357912504114},"spectral_energyband_middle_low":{"dmean":0.00652139820158,"dmean2":0.0106785641983,"dvar":0.0000796050953795,"dvar2":0.000215462045162,"max":0.119342386723,"mean":0.0164895076305,"median":0.0137828970328,"min":1.7948699741e-22,"var":0.00015229069686},"spectral_entropy":{"dmean":0.176243573427,"dmean2":0.246358960867,"dvar":0.0290224198252,"dvar2":0.0556966885924,"max":9.82019329071,"mean":7.52998304367,"median":7.5199804306,"min":5.75770139694,"var":0.168678432703},"spectral_flux":{"dmean":0.0239986106753,"dmean2":0.0354089662433,"dvar":0.000575008336455,"dvar2":0.00107033364475,"max":0.280662149191,"mean":0.085126273334,"median":0.080280855298,"min":6.34282903977e-11,"var":0.00190295651555},"spectral_kurtosis":{"dmean":1.43158662319,"dmean2":2.28764176369,"dvar":2.79559350014,"dvar2":6.86599779129,"max":42.3797149658,"mean":5.06776618958,"median":4.75549173355,"min":-1.25876998901,"var":6.47383928299},"spectral_rms":{"dmean":0.000776293221861,"dmean2":0.00119740772061,"dvar":6.70752456244e-7,"dvar2":0.00000165742767422,"max":0.0116781387478,"mean":0.00519250426441,"median":0.00534053333104,"min":3.11372910962e-12,"var":0.00000336754669661},"spectral_rolloff":{"dmean":396.007751465,"dmean2":657.149169922,"dvar":416261.34375,"dvar2":925501.8125,"max":19745.9472656,"mean":1362.35070801,"median":1119.7265625,"min":129.19921875,"var":3742670.5},"spectral_skewness":{"dmean":0.203142076731,"dmean2":0.305441468954,"dvar":0.0380900427699,"dvar2":0.0855085253716,"max":4.77232265472,"mean":1.67892301083,"median":1.68559706211,"min":-0.0821758881211,"var":0.172521546483},"spectral_spread":{"dmean":547484.875,"dmean2":783672.1875,"dvar":419136143360,"dvar2":870056198144,"max":42415544,"mean":4839380,"median":4392746,"min":1450202.125,"var":11598452228100},"spectral_strongpeak":{"dmean":0.406994074583,"dmean2":0.704688072205,"dvar":0.545923650265,"dvar2":1.4494535923,"max":9.9939365387,"mean":0.741500973701,"median":0.544186353683,"min":0,"var":0.672775149345},"zerocrossingrate":{"dmean":0.00905328802764,"dmean2":0.0106517747045,"dvar":0.000089454020781,"dvar2":0.000109421249363,"max":0.5234375,"mean":0.0561602525413,"median":0.04736328125,"min":0.00830078125,"var":0.00237705535255}},"metadata":{"audio_properties":{"analysis_sample_rate":44100,"bit_rate":0,"codec":"flac","downmix":"mix","equal_loudness":0,"length":257.959991455,"lossless":true,"md5_encoded":"c7bcc5d5c2ea796a08d00dbf989a43b5","replay_gain":-13.1464862823,"sample_rate":44100},"tags":{"acoustid_id":["4093a15e-b42d-4d96-b5dd-4c080d60b9c0"],"album":["Lola Versus Powerman and the Moneygoround, Part One"],"albumartist":["The Kinks"],"albumartistsort":["Kinks, The"],"artist":["The Kinks"],"artists":["The Kinks"],"artistsort":["Kinks, The"],"asin":["B0002SG1P8"],"barcode":["5050749206329"],"catalognumber":["SMRCD063"],"date":["1970-11-27"],"discnumber":["1"],"disctotal":["1"],"file_name":"12 Powerman.flac","genre":["Rock"],"label":["Sanctuary Midline"],"media":["CD"],"musicbrainz_albumartistid":["17b53d9f-5c63-4a09-a593-dde4608e0db9"],"musicbrainz_albumid":["ce2d9e56-e718-31e4-9a41-b9c5a728daf0"],"musicbrainz_artistid":["17b53d9f-5c63-4a09-a593-dde4608e0db9"],"musicbrainz_recordingid":["ef537d57-5328-448c-99fe-d8ee67967384"],"musicbrainz_releasegroupid":["a84e8dfd-1492-3377-a6f0-34d324dc49d7"],"musicbrainz_releasetrackid":["47f45291-b4c1-34ab-8e37-c00bc46cbda7"],"originaldate":["1970-11-27"],"releasecountry":["GB"],"releasestatus":["official"],"releasetype":["album"],"script":["Latn"],"title":["Powerman"],"totaldiscs":["1"],"totaltracks":["16"],"tracknumber":["12"],"tracktotal":["16"]},"version":{"essentia":"2.1-beta1","essentia_build_sha":"ca57ba49d9b1854bd80e60cf9ccf267278fb7d6b","essentia_git_sha":"v2.1_beta1-28-g21ef5f4-dirty","extractor":"music 1.0"}},"rhythm":{"beats_count":418,"beats_loudness":{"dmean":0.0123001085594,"dmean2":0.0210560075939,"dvar":0.0001145186543,"dvar2":0.000329164438881,"max":0.105448551476,"mean":0.0452638939023,"median":0.0451353751123,"min":0,"var":0.00029174584779},"beats_loudness_band_ratio":{"dmean":[0.14769372344,0.111975297332,0.0605792142451,0.0745114833117,0.0473528690636,0.0394031181931],"dme