{"lowlevel":{"average_loudness":0.899594902992,"barkbands":{"dmean":[0.000252126512351,0.00610068952665,0.00336742168292,0.00335545442067,0.00125766394194,0.000558941275813,0.00086063251365,0.0011788791744,0.000602599116974,0.000494382169563,0.000320792838465,0.000610009068623,0.000374948547687,0.00023050121672,0.000281797314528,0.000173532302142,0.000317504396662,0.000123558667838,0.000177473528311,0.000220527639613,0.000175230990862,0.000183469150215,0.000155838948558,0.000159947245265,0.0000434523644799,0.0000831273791846,0.00000969619031821],"dmean2":[0.000459496601252,0.0100124049932,0.00575844431296,0.00581451924518,0.00214681890793,0.000893230724614,0.00133925664704,0.00181422603782,0.000930998648982,0.000753472384531,0.000496775784995,0.000929994625039,0.000584983790759,0.000351958646206,0.000425182981417,0.000266985938651,0.000483939395053,0.000194694323,0.000277836341411,0.000347477820469,0.000287929840852,0.000272879609838,0.000211945720366,0.000222429123824,0.0000617593468633,0.000126350016217,0.0000142693352245],"dvar":[5.16768636771e-7,0.000323379965266,0.0000631660586805,0.0000725666759536,0.00000716720796845,0.00000133536775593,0.00000526858229932,0.00000630903423371,0.00000195836946659,7.70194901634e-7,5.03927594764e-7,0.00000139358667184,0.00000108859956072,2.61801716306e-7,3.42772210615e-7,9.2239659466e-8,2.54310862147e-7,3.83548872662e-8,1.16441498221e-7,1.59615225925e-7,1.32316088752e-7,1.98289114905e-7,1.27294740082e-7,9.80909575787e-8,1.65685314357e-8,2.85768244623e-8,2.50555176606e-9],"dvar2":[0.00000162376079516,0.000780194764957,0.000170804822119,0.000200651411433,0.0000196039527509,0.00000314278690894,0.0000128030815176,0.000014072952581,0.00000445661407866,0.00000174225351657,0.00000117220179163,0.00000308262610815,0.00000244901070801,5.69682072182e-7,7.00648911334e-7,2.02916453418e-7,5.67126505757e-7,9.27382828309e-8,2.7615004683e-7,3.82164643042e-7,3.51845983459e-7,3.4813098182e-7,2.19304212123e-7,1.9237732829e-7,3.75203370595e-8,6.50053308959e-8,4.14657685965e-9],"max":[0.0064166970551,0.167250081897,0.130371302366,0.112307019532,0.0390965305269,0.0242380611598,0.0569106377661,0.0588295720518,0.0409735776484,0.0222844071686,0.0286018047482,0.0534946471453,0.042520377785,0.0197516884655,0.0226971860975,0.00904867518693,0.0141412978992,0.00424083508551,0.0092556187883,0.00712388800457,0.00603614514694,0.0172896943986,0.00962604209781,0.00679607363418,0.00521886581555,0.00707268482074,0.00481364876032],"mean":[0.000189845843124,0.00598354591057,0.00365628022701,0.00362235680223,0.00174173596315,0.000937555625569,0.00141876668204,0.00235473015346,0.00119608326349,0.00101984082721,0.000557476829272,0.00112402543891,0.00064521539025,0.000394447735744,0.000532803009264,0.000355596537702,0.000591273419559,0.000248851167271,0.000351863563992,0.0004327162751,0.000322064937791,0.000338549318258,0.000270542484941,0.000270421733148,0.0000647692068014,0.000101752237242,0.000014713253222],"median":[0.0000069846819315,0.00108405249193,0.00148558046203,0.00134198332671,0.000802688824479,0.000453997636214,0.000498169334605,0.000847359246109,0.00042728940025,0.000503812450916,0.000235905026784,0.000509307428729,0.00026942617842,0.000186927747563,0.000279731408227,0.000235531217186,0.000373373390175,0.000180520873982,0.000217750857701,0.000238763372181,0.000131689041154,0.000114660135296,0.0000587337308389,0.000115728369565,0.0000198040706891,0.0000165203564393,0.00000315303759635],"min":[3.38899397434e-9,9.30086146989e-11,5.10266481846e-11,2.56775915634e-12,2.57667390029e-12,1.41580193749e-12,1.71133062148e-12,1.64005441172e-12,8.66919004031e-13,1.04135981522e-12,8.35645463416e-13,8.40619620354e-13,1.89849156361e-12,1.70487690805e-12,2.04507678153e-12,1.80984426664e-12,1.81773487321e-12,2.4427235408e-12,2.87873739603e-12,4.38167124112e-12,5.44380556258e-12,4.74872094772e-12,5.51278814265e-12,1.01476960515e-11,1.6292663399e-11,1.09374957008e-11,1.27586838664e-11],"var":[3.87790862533e-7,0.000300340354443,0.0000505326061102,0.000059867870732,0.00000855670532474,0.00000246108061219,0.00000989157160802,0.0000189432430489,0.000006010080142,0.00000227616260418,0.00000134502727178,0.00000494507094118,0.00000313843065669,5.38481458534e-7,9.93638536784e-7,2.15615600041e-7,4.95585197768e-7,7.42282253441e-8,2.26809206083e-7,3.39921484738e-7,2.34343673355e-7,5.22754760368e-7,3.14908447763e-7,2.08250284572e-7,2.57622563282e-8,4.75119996679e-8,5.34718402889e-9]},"barkbands_crest":{"dmean":2.61506390572,"dmean2":4.22316789627,"dvar":6.16155958176,"dvar2":14.8172359467,"max":26.6950302124,"mean":8.49366760254,"median":7.48570251465,"min":2.35368847847,"var":15.027510643},"barkbands_flatness_db":{"dmean":0.0199380386621,"dmean2":0.0311007983983,"dvar":0.000348173605744,"dvar2":0.000876984850038,"max":0.365706980228,"mean":0.101941645145,"median":0.0932577773929,"min":0.0204095207155,"var":0.00166342733428},"barkbands_kurtosis":{"dmean":2.05710625648,"dmean2":3.24749732018,"dvar":37.3139915466,"dvar2":78.3453979492,"max":293.901031494,"mean":2.07500433922,"median":0.369671970606,"min":-1.88067424297,"var":135.199523926},"barkbands_skewness":{"dmean":0.497826755047,"dmean2":0.772297918797,"dvar":0.391402542591,"dvar2":0.84261149168,"max":16.8265514374,"mean":1.16605854034,"median":1.00565505028,"min":-2.72483825684,"var":1.2293150425},"barkbands_spread":{"dmean":6.49630498886,"dmean2":9.95547676086,"dvar":42.6553573608,"dvar2":100.007453918,"max":102.609794617,"mean":28.5194988251,"median":26.7500267029,"min":1.10279643536,"var":145.18788147},"dissonance":{"dmean":0.0132623109967,"dmean2":0.0224341396242,"dvar":0.000166601952515,"dvar2":0.000449227751233,"max":0.500000059605,"mean":0.47555410862,"median":0.479619979858,"min":0.321443587542,"var":0.000323305808706},"dynamic_complexity":4.02709579468,"erbbands":{"dmean":[0.161469936371,1.49854791164,3.8066265583,7.91396141052,7.53928232193,3.40201044083,3.66122865677,4.90553808212,10.4321250916,16.1362342834,26.2170238495,15.4539871216,13.7935810089,13.1172552109,13.2220430374,28.9965343475,17.8316993713,12.1433448792,15.5943460464,9.972448349,12.252248764,11.8383016586,7.11234855652,6.95789909363,10.458026886,10.4011640549,7.48619365692,6.46492624283,6.96959781647,5.05510377884,4.63557815552,4.24266004562,1.93298614025,0.732799053192,0.217466294765,0.0937701314688,0.257347732782,0.0386670716107,0.00174094573595,0.0000783012437751],"dmean2":[0.263772815466,2.50337934494,6.51600456238,13.621219635,13.1376638412,5.62867069244,6.01433944702,7.87945652008,16.1828746796,25.1829910278,39.845790863,23.7909088135,21.1017284393,20.0678901672,20.3197345734,43.8146476746,27.6360416412,18.1491127014,23.6101322174,15.1474580765,18.6690578461,18.0436534882,10.9657783508,10.9615411758,16.2046833038,16.2234916687,12.2790641785,10.2252988815,10.3517723083,6.97627401352,6.45377731323,5.9566488266,2.66186833382,1.03151595592,0.313457518816,0.134540170431,0.399246573448,0.0582520067692,0.00253086374141,0.00011364754755],"dvar":[0.227038472891,20.393245697,99.7801132202,323.486022949,374.534301758,46.9814567566,59.1361465454,133.010864258,667.741149902,2291.46069336,3076.19213867,1240.07202148,666.410888672,732.516296387,793.553955078,3344.4753418,2549.89355469,701.934936523,1089.75561523,487.319488525,330.119354248,283.270721436,113.554870605,167.189651489,426.019317627,367.879852295,210.925491333,202.851272583,294.505004883,138.26083374,108.686836243,70.4139862061,17.9226703644,3.91187143326,0.535283446312,0.187027543783,0.2488270998,0.0106834862381,0.0000592453397985,5.06328916572e-8],"dvar2":[0.541634321213,51.8894538879,269.890136719,890.168273926,1044.82849121,116.023773193,154.813858032,314.765625,1535.1829834,5771.45703125,6826.97558594,2715.23901367,1600.94287109,1586.94250488,1765.6661377,7229.61865234,5776.84667969,1413.83361816,2289,988.061706543,742.270385742,642.485900879,266.724029541,411.158752441,954.659057617,869.741027832,555.014770508,481.571655273,530.136474609,234.519882202,198.135070801,138.6456604,36.6299095154,8.94891262054,1.12066507339,0.364397287369,0.613721251488,0.0213837996125,0.000106872641481,9.40783309034e-8],"max":[4.48509263992,43.2333259583,145.51083374,253.218933105,253.829315186,135.522171021,132.310150146,306.658477783,553.778686523,1285.69116211,1586.84997559,877.349182129,932.844238281,809.787109375,950.616088867,2757.57495117,2085.93237305,1046.93151855,1383.64575195,1413.49816895,459.907501221,391.685241699,248.421051025,378.318084717,483.545440674,397.322570801,180.737747192,367.222076416,735.684204102,450.501495361,270.610961914,177.811126709,129.894104004,90.4451904297,40.7478218079,24.8879966736,11.7334365845,8.32881641388,0.706122457981,0.0168043915182],"mean":[0.156477287412,1.41694331169,4.06856298447,9.12807273865,8.53271389008,5.17409944534,5.49109125137,8.11918830872,17.9652576447,27.9027576447,56.1176795959,33.1120071411,28.9815406799,27.4327831268,26.4463043213,55.390537262,33.4161453247,22.5819587708,28.9281635284,21.8520698547,26.0088768005,25.4337787628,15.7375526428,14.262714386,21.38712883,20.8874778748,14.2858772278,12.0052499771,12.6669740677,9.12055206299,8.00807380676,7.37664651871,3.05748438835,1.04953360558,0.337122172117,0.138514861465,0.299280226231,0.0479318015277,0.00252188695595,0.000153433298692],"median":[0.0184559561312,0.30386158824,1.55083405972,4.13401269913,3.34728121758,2.33706045151,2.35952711105,3.68187642097,7.7170996666,9.22189617157,21.8277893066,14.047914505,14.6596784592,13.8304271698,13.868185997,25.794670105,15.7660512924,11.8421497345,15.6883945465,13.4383621216,18.3910369873,18.0182037354,11.9334201813,9.78971862793,12.2964916229,11.6493406296,7.17266321182,4.33177232742,4.23048067093,2.46338295937,1.92499351501,2.84514331818,1.17944395542,0.334450244904,0.10278262198,0.0334053747356,0.035777926445,0.00787112489343,0.000558232946787,0.0000591729512962],"min":[3.00797822206e-8,1.61390829589e-8,6.74470967965e-8,3.95248527241e-8,9.14319375767e-9,8.53800230516e-9,1.5572842571e-8,1.30996040681e-8,3.64043941659e-8,3.35310339494e-8,4.56119515491e-8,1.74522796215e-8,3.48597879452e-8,3.55990437129e-8,4.77664308107e-8,4.36757652267e-8,9.00149643712e-8,8.73226042586e-8,1.23193842683e-7,1.0134377959e-7,1.23798812979e-7,1.10245167662e-7,1.5280213006e-7,1.24582285821e-7,1.19339176763e-7,1.97409974589e-7,1.86550025205e-7,2.14512283492e-7,1.69757313984e-7,1.66747099684e-7,2.03802102305e-7,1.90551830315e-7,1.76921588491e-7,1.57743158979e-7,1.10919508245e-7,4.18911696443e-8,1.84181416785e-8,7.22839876843e-9,1.58702484487e-9,1.74427375321e-10],"var":[0.227531686425,16.8918113708,76.1443481445,276.782165527,313.315124512,85.0825271606,95.9463577271,222.449081421,1317.84423828,4443.24951172,10847.6386719,3877.18334961,1833.9810791,2220.44628906,2129.87231445,12276.9794922,7556.29638672,1539.29541016,2511.07397461,2403.41259766,744.217834473,678.473266602,259.121032715,272.645233154,1002.91943359,786.807128906,362.563201904,424.27166748,744.917236328,371.338684082,260.195037842,160.206100464,32.5832557678,5.54716873169,1.04970824718,0.423608094454,0.323390722275,0.019103884697,0.000118885240227,1.29381973579e-7]},"erbbands_crest":{"dmean":2.47437334061,"dmean2":3.88654136658,"dvar":5.74653053284,"dvar2":13.1818189621,"max":32.2323226929,"mean":8.68444633484,"median":7.48482608795,"min":1.92806828022,"var":19.8256855011},"erbbands_flatness_db":{"dmean":0.018623508513,"dmean2":0.0266259871423,"dvar":0.00038614103687,"dvar2":0.000764286378399,"max":0.362218499184,"mean":0.144768491387,"median":0.132151573896,"min":0.0237805917859,"var":0.00270093977451},"erbbands_kurtosis":{"dmean":0.54870480299,"dmean2":0.850711405277,"dvar":0.525430083275,"dvar2":1.13524782658,"max":23.2487545013,"mean":-0.106923103333,"median":-0.368628710508,"min":-1.68409717083,"var":1.48859798908},"erbbands_skewness":{"dmean":0.280601292849,"dmean2":0.422844916582,"dvar":0.0644409954548,"dvar2":0.14199000597,"max":3.83191251755,"mean":0.224519103765,"median":0.197182297707,"min":-3.21112418175,"var":0.279163271189},"erbbands_spread":{"dmean":8.16895484924,"dmean2":12.2285737991,"dvar":81.4912109375,"dvar2":177.576141357,"max":125.718200684,"mean":40.4330711365,"median":36.9562187195,"min":3.39668226242,"var":302.819885254},"gfcc":{"cov":[[13841.3574219,-1060.79187012,1208.58227539,465.745330811,-407.48550415,533.251281738,-328.233398438,-21.7556381226,-216.364379883,-28.6424541473,-164.703887939,-33.3952102661,-297.499664307],[-1060.79187012,1304.67150879,-930.116760254,26.928730011,154.583175659,-241.136260986,168.346878052,-36.33826828,101.389686584,-79.8123321533,180.089019775,-134.265869141,195.191711426],[1208.58227539,-930.116760254,1314.90515137,128.762893677,-24.0782699585,374.736572266,-148.052246094,108.129707336,-72.1617584229,65.9681167603,-147.752578735,110.734733582,-190.060623169],[465.745330811,26.928730011,128.762893677,315.126342773,-10.2575407028,131.964065552,15.8306560516,-19.9587593079,21.5201206207,-55.4940986633,28.339805603,-53.790802002,41.2912330627],[-407.48550415,154.583175659,-24.0782699585,-10.2575407028,226.239837646,26.7484855652,78.3340759277,56.2400398254,12.6863765717,27.3825874329,8.28986740112,8.63879680634,7.77157449722],[533.251281738,-241.136260986,374.736572266,131.964065552,26.7484855652,283.932342529,-0.503546416759,72.6865539551,-6.68727397919,-9.99181938171,-13.9092540741,5.4113535881,-33.5593605042],[-328.233398438,168.346878052,-148.052246094,15.8306560516,78.3340759277,-0.503546416759,161.36126709,25.1636638641,37.3293037415,-8.34430885315,20.3931941986,-10.3912467957,29.3357410431],[-21.7556381226,-36.33826828,108.129707336,-19.9587593079,56.2400398254,72.6865539551,25.1636638641,146.057312012,35.5394020081,32.35754776,-3.30049657822,8.66275691986,-9.58816432953],[-216.364379883,101.389686584,-72.1617584229,21.5201206207,12.6863765717,-6.68727397919,37.3293037415,35.5394020081,112.14907074,26.4563217163,15.4349966049,-18.5345935822,19.8368988037],[-28.6424541473,-79.8123321533,65.9681167603,-55.4940986633,27.3825874329,-9.99181938171,-8.34430885315,32.35754776,26.4563217163,100.815757751,14.2134304047,23.2579708099,-30.3627052307],[-164.703887939,180.089019775,-147.752578735,28.339805603,8.28986740112,-13.9092540741,20.3931941986,-3.30049657822,15.4349966049,14.2134304047,112.414878845,-3.82660722733,44.7461090088],[-33.3952102661,-134.265869141,110.734733582,-53.790802002,8.63879680634,5.4113535881,-10.3912467957,8.66275691986,-18.5345935822,23.2579708099,-3.82660722733,103.001205444,-11.1277513504],[-297.499664307,195.191711426,-190.060623169,41.2912330627,7.77157449722,-33.5593605042,29.3357410431,-9.58816432953,19.8368988037,-30.3627052307,44.7461090088,-11.1277513504,116.138885498]],"icov":[[0.0000946118088905,-0.0000434891480836,0.0000268405656243,-0.000183314507012,0.000197063956875,-0.000138036295539,0.0000755072469474,-0.0000556224222237,0.000214194340515,-0.000176712710527,0.000154080960783,-0.0000416265029344,0.000201671238756],[-0.0000434891480836,0.00280907819979,0.000681205070578,0.000146795253386,-0.00219025672413,0.00152681488544,-0.000155243746121,-0.00016296863032,-0.00153135613073,0.00277283019386,-0.00309041561559,0.00199181050994,-0.00078844523523],[0.0000268405656243,0.000681205070578,0.00305895786732,-0.00178795587271,-0.0000937054719543,-0.00204929080792,0.00149599637371,-0.00109471625183,0.000869756971952,-0.00158673757687,0.0021092609968,-0.00216573732905,0.00192781887017],[-0.000183314507012,0.000146795253386,-0.00178795587271,0.00739830220118,-0.000708088569809,-0.00190100807231,-0.00092281459365,0.00312728248537,-0.00296199577861,0.00360851245932,-0.00328837148845,0.00390600832179,-0.00319276051596],[0.000197063956875,-0.00219025672413,-0.0000937054719543,-0.000708088569809,0.00813198182732,-0.00194794684649,-0.0026044358965,-0.00172674946953,0.0030755859334,-0.00477189477533,0.00337672932073,-0.00195444747806,0.000431459862739],[-0.000138036295539,0.00152681488544,-0.00204929080792,-0.00190100807231,-0.00194794684649,0.00959586817771,-0.00116823636927,-0.00317271100357,-0.000623054802418,0.00423490488902,-0.00389030366205,0.0017751242267,0.000221375390538],[0.0000755072469474,-0.000155243746121,0.00149599637371,-0.00092281459365,-0.0026044358965,-0.00116823636927,0.00957787781954,-0.00094169244403,-0.00196753372438,0.00111367809586,0.000589560717344,-0.00143651210237,0.000832711812109],[-0.0000556224222237,-0.00016296863032,-0.00109471625183,0.00312728248537,-0.00172674946953,-0.00317271100357,-0.00094169244403,0.0113884368911,-0.00374042638578,-0.00104838155676,-0.000423204095569,0.00119690701831,-0.00175257481169],[0.000214194340515,-0.00153135613073,0.000869756971952,-0.00296199577861,0.0030755859334,-0.000623054802418,-0.00196753372438,-0.00374042638578,0.0147134047002,-0.00778646301478,0.00380953378044,-0.0000372982067347,-0.000618894409854],[-0.000176712710527,0.00277283019386,-0.00158673757687,0.00360851245932,-0.00477189477533,0.00423490488902,0.00111367809586,-0.00104838155676,-0.00778646301478,0.0212599504739,-0.00981222651899,0.00128086679615,0.00297387549654],[0.000154080960783,-0.00309041561559,0.0021092609968,-0.00328837148845,0.00337672932073,-0.00389030366205,0.000589560717344,-0.000423204095569,0.00380953378044,-0.00981222651899,0.0181741062552,-0.00458497041836,-0.00198173662648],[-0.0000416265029344,0.00199181050994,-0.00216573732905,0.00390600832179,-0.00195444747806,0.0017751242267,-0.00143651210237,0.00119690701831,-0.0000372982067347,0.00128086679615,-0.00458497041836,0.015621252358,-0.00367728830315],[0.000201671238756,-0.00078844523523,0.00192781887017,-0.00319276051596,0.000431459862739,0.000221375390538,0.000832711812109,-0.00175257481169,-0.000618894409854,0.00297387549654,-0.00198173662648,-0.00367728830315,0.0157165396959]],"mean":[5.31298065186,77.4934844971,-125.516296387,27.9930686951,-54.5850639343,11.7115926743,-24.4509944916,6.65131235123,-17.0488586426,-2.18820667267,-16.5713996887,-6.24203968048,-18.1303405762]},"hfc":{"dmean":8.83477020264,"dmean2":12.1763811111,"dvar":184.061355591,"dvar2":358.069152832,"max":296.29510498,"mean":26.0481758118,"median":20.6406726837,"min":0.00000141212967719,"var":573.351013184},"melbands":{"dmean":[0.00158063403796,0.00199226569384,0.00136414344888,0.00035411308636,0.000125704726088,0.000111796252895,0.000163545963005,0.00018568856467,0.000203562303795,0.0000900048253243,0.0000696570277796,0.0000556283303013,0.0000447774436907,0.000066007800342,0.0000591489442741,0.0000298545564874,0.0000242141704803,0.0000254665428656,0.0000146085076267,0.0000151349895532,0.0000179171020136,0.0000151749572979,0.0000104017344711,0.00000560086618862,0.0000060279940044,0.00000781728249422,0.0000085704105004,0.00000717326656741,0.00000495080712426,0.0000043549844122,0.00000401941315431,0.00000434039156971,0.00000376399771085,0.00000275554339169,0.00000272160400527,0.00000280223298432,0.00000276830701296,0.0000015151573507,9.70712221715e-7,5.26462883954e-7],"dmean2":[0.00259306072257,0.00334058143198,0.00233890069649,0.000603087130003,0.000206034324947,0.000179017180926,0.000251870020293,0.000288250244921,0.000309561903123,0.000139173978823,0.000106874897028,0.0000852796292747,0.0000694100599503,0.0000996517483145,0.000090902482043,0.0000466556484753,0.0000362952450814,0.0000390343848267,0.0000220078563871,0.0000230315399676,0.0000275536694971,0.0000232938800764,0.0000161539373948,0.0000089252653197,0.00000961130353971,0.0000121684279293,0.0000136303560794,0.0000112665120469,0.00000813289807411,0.00000714236603017,0.00000642818849883,0.00000644212832412,0.00000592475817029,0.00000376943035008,0.00000374875139642,0.00000419558682552,0.00000395613142246,0.00000212448935599,0.00000140751853905,7.47241699628e-7],"dvar":[0.0000215458421735,0.0000308343915094,0.00001016967326,6.29247381312e-7,6.39736370545e-8,6.14657977849e-8,1.67037256915e-7,2.53242234294e-7,1.81825555501e-7,4.38575078476e-8,1.70197385074e-8,1.35053292993e-8,9.77913749978e-9,1.58591593191e-8,1.63807492015e-8,5.81380232845e-9,3.0433209286e-9,2.81425882598e-9,9.4925589611e-10,9.98486293646e-10,8.48370151907e-10,5.19973952784e-10,3.35416472375e-10,8.16284956295e-11,1.34116828754e-10,2.86987350551e-10,3.02675440267e-10,1.77968223491e-10,9.04975122618e-11,7.81878242706e-11,8.02475794148e-11,1.17638648822e-10,7.88172582755e-11,3.98897199994e-11,3.56022711312e-11,4.38474395681e-11,2.72384528127e-11,1.05698800407e-11,6.79059022554e-12,2.1227652882e-12],"dvar2":[0.0000507486438437,0.0000819882698124,0.0000280241984001,0.00000172216084593,1.67702467024e-7,1.43868518876e-7,3.86171166156e-7,6.21106948984e-7,4.06592079116e-7,9.51300265228e-8,4.10480325286e-8,2.89815371701e-8,2.2454987203e-8,3.42563346578e-8,3.67285402092e-8,1.35527997713e-8,6.15053963315e-9,5.97660498869e-9,1.83103321394e-9,2.11765605052e-9,1.91323357157e-9,1.181674536e-9,7.73203667759e-10,1.97142829839e-10,3.32851080032e-10,6.78048228675e-10,7.10295711137e-10,4.19416779085e-10,2.3601895438e-10,2.05959624355e-10,1.8544966951e-10,2.15618314869e-10,1.62984709062e-10,6.96697838309e-11,6.49992212831e-11,9.30920757147e-11,5.55094858967e-11,2.0935333328e-11,1.64744572151e-11,4.8133415656e-12],"max":[0.0411052443087,0.0694984570146,0.0434456281364,0.0106820706278,0.00401391088963,0.00595145625994,0.00944851897657,0.0127797722816,0.0115765640512,0.0052615958266,0.00462122634053,0.00333971064538,0.00441867811605,0.00560476025566,0.00398772070184,0.00271528679878,0.00240712706,0.00206861738116,0.00173497921787,0.00136054330505,0.000815853418317,0.000614755786955,0.000518304295838,0.000238022505073,0.000333905190928,0.000493571569677,0.000408067397075,0.000294666184345,0.000147947357618,0.000167822276126,0.000224435498239,0.000494457839523,0.000334683049005,0.000201260772883,0.000135435300763,0.000175777619006,0.000123627411085,0.0000815675884951,0.000121747332742,0.0000629003698123],"mean":[0.00156288675498,0.00205982709303,0.0015909433132,0.00046864990145,0.000193593092263,0.000186728910194,0.000281289219856,0.000329469650751,0.000437053706264,0.000183433192433,0.000140237985761,0.000110774060886,0.0000808081167634,0.000126657629153,0.000110463101009,0.000052938125009,0.0000407571860706,0.0000453238171758,0.0000294671026495,0.0000293584962492,0.0000334308133461,0.0000294270103041,0.0000196530181711,0.0000110317887447,0.0000109309303298,0.0000144818495755,0.000015973673726,0.0000133724033731,0.00000883204393176,0.00000750464823795,0.00000691476225256,0.00000755988548917,0.00000602715635978,0.00000459237298855,0.00000461216131953,0.00000445158411821,0.00000463069955003,0.00000234600270232,0.00000131143190174,7.29720341042e-7],"median":[0.000241493093199,0.000712195178494,0.000734749832191,0.000203071191208,0.0000848648778629,0.0000856772530824,0.000116744602565,0.000113522910397,0.000167074409546,0.0000717632938176,0.0000678589713061,0.000051949355111,0.0000358503129974,0.0000596519967075,0.0000533645434189,0.0000236746236624,0.0000184332038771,0.0000238481679844,0.0000168430124177,0.0000172459385794,0.0000217297238123,0.0000198229299713,0.0000124818752738,0.00000800280758995,0.00000696743018125,0.00000807114429335,0.00000788846500654,0.00000704299236531,0.00000431530770584,0.00000299626117339,0.00000221385107579,0.00000243054682869,0.00000186475642749,0.00000105382446236,0.00000108579638436,0.00000107849677988,0.00000195271377379,8.61993783019e-7,3.72580871044e-7,2.06002539471e-7],"min":[6.39091723986e-10,2.86722694198e-11,7.28565385105e-12,4.79349958164e-13,5.53429752113e-13,2.53258487315e-13,5.26657276817e-13,3.60061617024e-13,3.2828478976e-13,1.03668321757e-13,1.77149974919e-13,1.27291840263e-13,1.38231440183e-13,7.42075739507e-14,1.69242454794e-13,1.43615561067e-13,1.51645338539e-13,1.51838001265e-13,1.62077084609e-13,9.61220171384e-14,1.31666419846e-13,1.00964579037e-13,1.13289023616e-13,1.32151898474e-13,8.09998633921e-14,7.57853456097e-14,9.72556995875e-14,1.20041305997e-13,1.15078329895e-13,1.05659099905e-13,9.49139923015e-14,8.35482534935e-14,6.96688258299e-14,8.30555378162e-14,1.10569925882e-13,9.66780231175e-14,1.04562883417e-13,1.16283379952e-13,1.29531558006e-13,1.28152629025e-13],"var":[0.0000211788265005,0.0000239690507442,0.00000865393667482,6.85134523337e-7,1.06630430707e-7,1.10833894951e-7,3.29348893047e-7,5.26856410943e-7,6.40483051484e-7,1.36369607162e-7,4.58440112538e-8,4.07307858552e-8,2.73826330499e-8,5.82485455425e-8,4.69261820513e-8,1.57332582518e-8,6.57250254221e-9,6.26888674304e-9,3.41508177293e-9,3.04869218759e-9,1.58955615337e-9,1.06702069402e-9,7.13004433273e-10,1.49393178384e-10,2.00829547436e-10,5.36619637614e-10,6.54220733143e-10,3.53457818569e-10,1.45684561637e-10,1.29494914791e-10,1.67414207497e-10,2.79937018011e-10,1.75648814937e-10,9.87749812498e-11,8.48596262704e-11,8.67998936616e-11,5.78626695169e-11,1.95657101631e-11,8.5140861375e-12,2.99925080431e-12]},"melbands_crest":{"dmean":3.64385890961,"dmean2":5.95143795013,"dvar":10.9626989365,"dvar2":26.9440040588,"max":38.5913238525,"mean":13.2823171616,"median":12.4290914536,"min":3.40070390701,"var":25.9248313904},"melbands_flatness_db":{"dmean":0.0264409855008,"dmean2":0.0408747047186,"dvar":0.000632952724118,"dvar2":0.0015151926782,"max":0.446799367666,"mean":0.159315302968,"median":0.153946056962,"min":0.0286084786057,"var":0.00211232760921},"melbands_kurtosis":{"dmean":6.18232297897,"dmean2":9.83224964142,"dvar":204.945831299,"dvar2":439.471832275,"max":601.646911621,"mean":9.01429653168,"median":4.46737861633,"min":-1.80386996269,"var":387.243591309},"melbands_skewness":{"dmean":0.752226650715,"dmean2":1.15943109989,"dvar":0.97235250473,"dvar2":2.13539457321,"max":18.2279624939,"mean":2.20832228661,"median":1.89435732365,"min":-1.49973750114,"var":2.33111286163},"melbands_spread":{"dmean":8.28687667847,"dmean2":12.977221489,"dvar":88.3220672607,"dvar2":200.350006104,"max":198.96434021,"mean":29.9783535004,"median":28.5260295868,"min":0.658891022205,"var":218.353973389},"mfcc":{"cov":[[10370.7509766,-433.204071045,974.305541992,187.74079895,89.8456954956,330.677429199,-35.7744979858,128.584655762,-188.386184692,125.595504761,-87.6516799927,-35.6366615295,-104.66444397],[-433.204071045,922.539855957,-672.083190918,73.2119522095,-49.807346344,-139.968719482,63.2130050659,-53.6954078674,54.5457382202,-21.9728069305,37.2508583069,42.2448501587,51.4488677979],[974.305541992,-672.083190918,1062.87585449,-36.0619125366,197.170196533,193.833312988,-19.8282108307,122.360771179,-49.8315467834,61.9202957153,-22.4740200043,-14.6770420074,-54.1896781921],[187.74079895,73.2119522095,-36.0619125366,166.255661011,8.6058883667,36.7461357117,19.248342514,0.774067759514,17.5673732758,1.93918216228,-1.07323610783,-3.5473408699,5.70317173004],[89.8456954956,-49.807346344,197.170196533,8.6058883667,188.054946899,56.9846038818,47.6985054016,43.3003311157,21.823184967,34.4430389404,7.42847061157,16.6262016296,3.82375526428],[330.677429199,-139.968719482,193.833312988,36.7461357117,56.9846038818,155.772994995,36.9081459045,51.8243751526,2.0148127079,17.4140357971,-5.28564310074,4.43134975433,-15.5677595139],[-35.7744979858,63.2130050659,-19.8282108307,19.248342514,47.6985054016,36.9081459045,141.265014648,48.0752372742,26.6741657257,6.84800815582,6.56772899628,20.4704494476,11.3192634583],[128.584655762,-53.6954078674,122.360771179,0.774067759514,43.3003311157,51.8243751526,48.0752372742,123.831565857,39.8881187439,18.4860153198,-0.885736405849,12.0450925827,-9.64537620544],[-188.386184692,54.5457382202,-49.8315467834,17.5673732758,21.823184967,2.0148127079,26.6741657257,39.8881187439,118.301116943,34.9082489014,14.6381788254,14.1772584915,4.09877729416],[125.595504761,-21.9728069305,61.9202957153,1.93918216228,34.4430389404,17.4140357971,6.84800815582,18.4860153198,34.9082489014,103.336174011,28.8345966339,12.3187685013,-2.6008067131],[-87.6516799927,37.2508583069,-22.4740200043,-1.07323610783,7.42847061157,-5.28564310074,6.56772899628,-0.885736405849,14.6381788254,28.8345966339,86.4625396729,27.9336147308,17.7595348358],[-35.6366615295,42.2448501587,-14.6770420074,-3.5473408699,16.6262016296,4.43134975433,20.4704494476,12.0450925827,14.1772584915,12.3187685013,27.9336147308,75.8119735718,26.2774295807],[-104.66444397,51.4488677979,-54.1896781921,5.70317173004,3.82375526428,-15.5677595139,11.3192634583,-9.64537620544,4.09877729416,-2.6008067131,17.7595348358,26.2774295807,76.584815979]],"icov":[[0.000119261989312,-0.0000601977772021,-0.000109095148218,-0.0001372051629,0.0000992003333522,-0.000131489854539,0.0000472222163808,-0.0000787544922787,0.000237184227444,-0.000199125308427,0.000120223638078,-0.0000256399507634,0.0000493361148983],[-0.0000601977772021,0.00243559665978,0.00154409592506,-0.000844035705086,-0.00100801535882,0.00119905557949,-0.000549322052393,-0.000289523042738,0.0000470638769912,0.0000707100480213,-0.000343679945217,-0.000708516628947,0.0000984196667559],[-0.000109095148218,0.00154409592506,0.00289694638923,0.000119650372653,-0.0022571478039,-0.000793527404312,0.000962263380643,-0.0016095842002,0.00123594421893,-0.000550730095711,-0.0000522418049513,-0.0000736734800739,0.000413496367401],[-0.0001372051629,-0.000844035705086,0.000119650372653,0.00740482192487,0.0000327664165525,-0.00282902340405,-0.000151174390339,0.0010463692015,-0.00138809764758,0.000335115910275,0.0000824433082016,0.00129004393239,-0.000885921530426],[0.0000992003333522,-0.00100801535882,-0.0022571478039,0.0000327664165525,0.00852914806455,-0.00098913628608,-0.00223982799798,0.000525943818502,-0.00113337719813,-0.00126598705538,0.000289454619633,-0.000497269502375,-0.000895263860002],[-0.000131489854539,0.00119905557949,-0.000793527404312,-0.00282902340405,-0.00098913628608,0.0111614260823,-0.00227926857769,-0.00193446211051,0.000609229609836,-0.000161970048794,0.0000539398097317,-0.00112517073285,0.00141089304816],[0.0000472222163808,-0.000549322052393,0.000962263380643,-0.000151174390339,-0.00223982799798,-0.00227926857769,0.0102008497342,-0.00353631027974,0.000119246033137,0.000351096183294,0.000102016201708,-0.000865578535013,-0.000899976177607],[-0.0000787544922787,-0.000289523042738,-0.0016095842002,0.0010463692015,0.000525943818502,-0.00193446211051,-0.00353631027974,0.0132500836626,-0.00471057603136,0.000578210223466,0.000612458621617,-0.00113173318096,0.00116002094001],[0.000237184227444,0.0000470638769912,0.00123594421893,-0.00138809764758,-0.00113337719813,0.000609229609836,0.000119246033137,-0.00471057603136,0.0125525202602,-0.00403793901205,-0.000041687162593,-0.000568902760278,0.000235897357925],[-0.000199125308427,0.0000707100480213,-0.000550730095711,0.000335115910275,-0.00126598705538,-0.000161970048794,0.000351096183294,0.000578210223466,-0.00403793901205,0.0131574729457,-0.00409701559693,-0.000362179096555,0.00105421291664],[0.000120223638078,-0.000343679945217,-0.0000522418049513,0.0000824433082016,0.000289454619633,0.0000539398097317,0.000102016201708,0.000612458621617,-0.000041687162593,-0.00409701559693,0.0148737840354,-0.00414943089709,-0.00175165652763],[-0.0000256399507634,-0.000708516628947,-0.0000736734800739,0.00129004393239,-0.000497269502375,-0.00112517073285,-0.000865578535013,-0.00113173318096,-0.000568902760278,-0.000362179096555,-0.00414943089709,0.0176334455609,-0.0049956892617],[0.0000493361148983,0.0000984196667559,0.000413496367401,-0.000885921530426,-0.000895263860002,0.00141089304816,-0.000899976177607,0.00116002094001,0.000235897357925,0.00105421291664,-0.00175165652763,-0.0049956892617,0.0161713641137]],"mean":[-632.777709961,108.041297913,-10.0450401306,18.7318592072,-3.3149831295,5.67502212524,1.37868094444,6.6252207756,2.48144555092,6.51515865326,-2.7350423336,7.55996656418,-0.795646250248]},"pitch_salience":{"dmean":0.0711570605636,"dmean2":0.114478237927,"dvar":0.00419517606497,"dvar2":0.0102254115045,"max":0.859112560749,"mean":0.553224921227,"median":0.558452188969,"min":0.0532839968801,"var":0.0121990907937},"silence_rate_20dB":{"dmean":0,"dmean2":0,"dvar":0,"dvar2":0,"max":1,"mean":1,"median":1,"min":1,"var":0},"silence_rate_30dB":{"dmean":0.0479879081249,"dmean2":0.0959848836064,"dvar":0.0456850677729,"dvar2":0.119270607829,"max":1,"mean":0.968168497086,"median":1,"min":0,"var":0.0308182481676},"silence_rate_60dB":{"dmean":0.0147364446893,"dmean2":0.0294756740332,"dvar":0.0145192816854,"dvar2":0.0320078954101,"max":1,"mean":0.10031170398,"median":0,"min":0,"var":0.0902492627501},"spectral_centroid":{"dmean":279.300598145,"dmean2":437.084289551,"dvar":82482.703125,"dvar2":200807.8125,"max":10930.4023438,"mean":1659.42980957,"median":1633.23291016,"min":239.021591187,"var":235569.640625},"spectral_complexity":{"dmean":3.69223499298,"dmean2":5.61983919144,"dvar":14.6532497406,"dvar2":28.8733329773,"max":55,"mean":22.811372757,"median":23,"min":0,"var":110.293411255},"spectral_contrast_coeffs":{"dmean":[0.0530682578683,0.0459093563259,0.0370800830424,0.0283248033375,0.0220082681626,0.0195927713066],"dmean2":[0.0876982733607,0.0744601637125,0.0596311986446,0.0452979393303,0.0347478240728,0.0294010527432],"dvar":[0.00192630337551,0.00144148850814,0.000896943209227,0.000526589399669,0.000346674001776,0.000324664113577],"dvar2":[0.00518759153783,0.00375839043409,0.00224610976875,0.00128196820151,0.000806683150586,0.000663061044179],"max":[-0.351608544588,-0.432372629642,-0.496903240681,-0.506103634834,-0.590285539627,-0.550308644772],"mean":[-0.648988068104,-0.727429270744,-0.76134043932,-0.778059005737,-0.783041119576,-0.738104343414],"median":[-0.649807035923,-0.733288705349,-0.76467359066,-0.781011521816,-0.786859214306,-0.741211593151],"min":[-0.939322173595,-0.955749034882,-0.962133526802,-0.960656940937,-0.958134114742,-0.960614860058],"var":[0.00597828766331,0.00563733326271,0.00330557837151,0.00220639188774,0.00173426850233,0.00259840651415]},"spectral_contrast_valleys":{"dmean":[0.455506443977,0.351401746273,0.305941283703,0.258129388094,0.227711945772,0.408324986696],"dmean2":[0.723637104034,0.569439709187,0.481467217207,0.395147621632,0.344312220812,0.522132515907],"dvar":[0.187200292945,0.100958868861,0.079113304615,0.0634829103947,0.0726915597916,0.206865429878],"dvar2":[0.393042802811,0.227424621582,0.162901774049,0.120559744537,0.129914283752,0.369597196579],"max":[-4.79965496063,-4.7470035553,-5.39204406738,-5.97016239166,-5.79891443253,-7.12540006638],"mean":[-7.50877380371,-6.8191819191,-7.15067052841,-7.58147573471,-7.38073682785,-10.1595067978],"median":[-7.21891260147,-6.60845899582,-6.94284772873,-7.36022377014,-7.1570854187,-9.75004482269],"min":[-28.3955841064,-27.6862812042,-27.4704475403,-27.273973465,-27.1773605347,-27.213766098],"var":[1.63230383396,1.2175579071,1.15313541889,1.10358703136,1.17900311947,2.35490131378]},"spectral_decrease":{"dmean":3.70255426319e-9,"dmean2":5.9320890422e-9,"dvar":5.78667697099e-17,"dvar2":1.4067168493e-16,"max":-1.59584257752e-15,"mean":-6.98824065282e-9,"median":-4.99481611627e-9,"min":-8.46887431294e-8,"var":6.64136762548e-17},"spectral_energy":{"dmean":0.0145844565704,"dmean2":0.0232135206461,"dvar":0.000866242684424,"dvar2":0.00209735659882,"max":0.327024459839,"mean":0.0287378896028,"median":0.0210208613425,"min":6.16999829006e-9,"var":0.00103181344457},"spectral_energyband_high":{"dmean":0.000734203087632,"dmean2":0.00100364501122,"dvar":0.00000203441436497,"dvar2":0.00000366416156794,"max":0.0367346256971,"mean":0.00158349971753,"median":0.00073034898378,"min":8.05384231528e-11,"var":0.00000584045847063},"spectral_energyband_low":{"dmean":0.0103628803045,"dmean2":0.0169031657279,"dvar":0.000654764240608,"dvar2":0.001593658817,"max":0.284755706787,"mean":0.0119243375957,"median":0.00456325244159,"min":3.32986793694e-9,"var":0.000623847532552},"spectral_energyband_middle_high":{"dmean":0.00168320059311,"dmean2":0.00245233601891,"dvar":0.00000494650248584,"dvar2":0.0000104301498141,"max":0.061983499676,"mean":0.00585863506421,"median":0.00485565699637,"min":3.11301470712e-11,"var":0.0000236195137404},"spectral_energyband_middle_low":{"dmean":0.00558595824987,"dmean2":0.00918095279485,"dvar":0.000123669204186,"dvar2":0.000329302041791,"max":0.139053553343,"mean":0.0116907022893,"median":0.00822964403778,"min":2.54890449025e-11,"var":0.000165726771229},"spectral_entropy":{"dmean":0.128399729729,"dmean2":0.188234493136,"dvar":0.015413469635,"dvar2":0.0320108234882,"max":9.80553531647,"mean":7.7902097702,"median":7.80376577377,"min":6.5620007515,"var":0.0881774649024},"spectral_flux":{"dmean":0.0318457223475,"dmean2":0.0515329875052,"dvar":0.00249952916056,"dvar2":0.00582175049931,"max":0.494039863348,"mean":0.0886583924294,"median":0.0743441954255,"min":0.0000132734967337,"var":0.00440731924027},"spectral_kurtosis":{"dmean":1.33173918724,"dmean2":2.20622014999,"dvar":3.36630606651,"dvar2":9.42622566223,"max":37.5833778381,"mean":3.53997993469,"median":3.15069246292,"min":-1.22427904606,"var":5.4638967514},"spectral_rms":{"dmean":0.00105958047789,"dmean2":0.00162041618023,"dvar":0.00000272427291748,"dvar2":0.00000607548963671,"max":0.0178619213402,"mean":0.0046616261825,"median":0.00452859327197,"min":0.00000245346905103,"var":0.00000630620570519},"spectral_rolloff":{"dmean":676.522155762,"dmean2":1115.79016113,"dvar":870643.4375,"dvar2":2094312.25,"max":15396.2402344,"mean":1908.47399902,"median":1701.12304688,"min":21.533203125,"var":1673520.875},"spectral_skewness":{"dmean":0.18209245801,"dmean2":0.292560219765,"dvar":0.0381759405136,"dvar2":0.0961497724056,"max":4.2273850441,"mean":1.29167044163,"median":1.30120372772,"min":0.0204518549144,"var":0.135636359453},"spectral_spread":{"dmean":603016.1875,"dmean2":810195.4375,"dvar":488668790784,"dvar2":819551076352,"max":39848608,"mean":4697735,"median":4803401,"min":1138769.625,"var":2317116506110},"spectral_strongpeak":{"dmean":0.540208816528,"dmean2":0.911947786808,"dvar":0.682308614254,"dvar2":1.67060720921,"max":11.2942113876,"mean":0.947726488113,"median":0.486571133137,"min":0,"var":1.4042699337},"zerocrossingrate":{"dmean":0.0125139486045,"dmean2":0.0146245881915,"dvar":0.000145411671838,"dvar2":0.000196317079826,"max":0.38818359375,"mean":0.07733951509,"median":0.07275390625,"min":0,"var":0.000974442227744}},"metadata":{"audio_properties":{"analysis_sample_rate":44100,"bit_rate":0,"codec":"flac","downmix":"mix","equal_loudness":0,"length":245.800003052,"lossless":true,"md5_encoded":"2a3f098cb1daa19c34c854028db88fd5","replay_gain":-6.99930763245},"tags":{"acoustid_id":["6e675a76-6dfa-4958-afff-b096d9e2f74c"],"album":["Crest of a Knave"],"albumartist":["Jethro Tull"],"albumartistsort":["Jethro Tull"],"artist":["Jethro Tull"],"artists":["Jethro Tull"],"artistsort":["Jethro Tull"],"asin":["B0007TFCK2"],"barcode":["4007192585618"],"catalognumber":["258 561-222"],"composer":["Ian Anderson"],"composersort":["Anderson, Ian"],"date":["1987"],"discnumber":["1"],"disctotal":["1"],"file_name":"09 Raising Steam.flac","genre":["Progressive Rock"],"grouping":["Rock"],"label":["Chrysalis"],"language":["eng"],"media":["CD"],"musicbrainz_albumartistid":["ece57992-dc2e-4f67-a269-fa43626c1a3d"],"musicbrainz_albumid":["499af132-022e-3fc1-851a-5bde17759a2b"],"musicbrainz_artistid":["ece57992-dc2e-4f67-a269-fa43626c1a3d"],"musicbrainz_recordingid":["ef5730ad-ac88-4a04-a140-024c6d5d5489"],"musicbrainz_releasegroupid":["5c6d0e6c-c645-3530-908d-74c1a8e7c624"],"musicbrainz_releasetrackid":["e5860696-a620-349e-8e32-b53402e2d47c"],"musicbrainz_workid":["4222e561-cbcf-4e92-b9cc-1b62ef0493bc"],"originaldate":["1987-09-11"],"originalyear":["1987"],"releasecountry":["DE"],"releasestatus":["official"],"releasetype":["album"],"replaygain_album_gain":["+0.31 dB"],"replaygain_album_peak":["1.000000"],"replaygain_track_gain":["-2.14 dB"],"replaygain_track_peak":["0.851135"],"script":["Latn"],"title":["Raising Steam"],"totaldiscs":["1"],"totaltracks":["9"],"tracknumber":["9"],"tracktotal":["9"],"work":["Raising Steam"]},"version":{"essentia":"2.1-beta1","essentia_build_sha":"ed039d7e5a6e3dec64cf0be7c36ef885fb432306","essentia_git_sha":"v2.1_beta1-7-ge0e83e8","extractor":"music 1.0"}},"rhythm":{"beats_count":498,"beats_loudness":{"dmean":0.036067437