{"lowlevel":{"average_loudness":0.970258355141,"barkbands":{"dmean":[0.00189742771909,0.00864769332111,0.00328124524094,0.00181043148041,0.00256831129082,0.000709684332833,0.000925328116864,0.000987106584944,0.000867683498655,0.000698243442457,0.000853212375659,0.00130231119692,0.000603599473834,0.00162526010536,0.00159995746799,0.000850447569974,0.000328393391101,0.000109402637463,0.0000208501078305,0.0000156958685693,0.00000795782125351,0.00000414365194956,0.00000312060956276,0.0000030319436064,0.00000325690689351,0.00000461458557766,0.000285339192487],"dmean2":[0.00310675334185,0.0131748691201,0.00559024699032,0.0029964374844,0.00409064535052,0.00114550220314,0.00147427397314,0.00153897376731,0.00138259411324,0.00111392687541,0.00134709419217,0.00205462775193,0.000966482213698,0.00265405653045,0.00254984549247,0.00137222046033,0.000533345271833,0.000174266679096,0.0000328298119712,0.0000244521870627,0.0000123780155263,0.00000682182280798,0.00000523958624399,0.00000508626362716,0.00000541010649613,0.00000763392927183,0.000438321352703],"dvar":[0.00000753925905883,0.000113339898235,0.0000180464321602,0.00000609515564065,0.0000138670020533,0.00000200349109036,0.00000281401571556,0.00000377662468054,0.00000392328001908,0.00000313373652716,0.00000267178097602,0.0000050271382861,0.00000100096031019,0.0000070542132562,0.00000628112320555,0.00000214267356569,2.17457881035e-7,2.80903424965e-8,7.39546257567e-10,5.03327879375e-10,1.1417321949e-10,3.41866777942e-11,2.16551429566e-11,1.97337840513e-11,2.0227144612e-11,3.70978664455e-11,1.22909455058e-7],"dvar2":[0.0000191372473637,0.000220709349378,0.000049259258958,0.000015802179405,0.000033181746403,0.00000436417849414,0.00000574519435759,0.00000855457983562,0.00000895459652384,0.00000772147814132,0.00000524467895957,0.0000117910212794,0.00000226970314543,0.0000180957904377,0.0000154294120875,0.00000515225428899,5.39518225651e-7,6.36249382069e-8,1.68015446e-9,1.11235554101e-9,2.55438226127e-10,8.59562906963e-11,5.41633127238e-11,4.94740394485e-11,5.05956769536e-11,9.24445936468e-11,2.84971633846e-7],"max":[0.0356160402298,0.166632384062,0.0577029362321,0.0351272970438,0.0617702379823,0.0373703613877,0.0515091270208,0.0340611487627,0.0489769428968,0.0719867199659,0.0534377321601,0.0531070828438,0.0268847290426,0.0438353717327,0.0434691794217,0.0362519398332,0.00971187651157,0.00667076651007,0.000836035818793,0.000456606590888,0.000174452827196,0.0000953805429162,0.0000682983954903,0.0000629539645161,0.0000603185071668,0.000069035042543,0.00701997382566],"mean":[0.00335619691759,0.0179122779518,0.00427961582318,0.00245965668,0.00419908761978,0.00110519968439,0.00130900589284,0.00140322931111,0.00136278464925,0.0010443595238,0.00136579549871,0.00210662325844,0.00100059399847,0.00259993062355,0.00274642929435,0.00163418380544,0.000686409708578,0.000225101000979,0.0000479030350107,0.0000359276818926,0.0000153340479301,0.00000568272662349,0.0000034751790281,0.00000316754767482,0.00000354867120222,0.00000534797663931,0.000798437802587],"median":[0.00169814913534,0.0102298436686,0.00259007327259,0.00132969161496,0.00235985149629,0.000534607795998,0.00063525699079,0.000588280730881,0.000545263523236,0.000494168605655,0.000708120758645,0.00100742210634,0.000626125605777,0.00162373343483,0.00171107123606,0.00103363685776,0.000496803608257,0.000159295101184,0.0000356408017979,0.00002510804552,0.0000098146210803,0.00000349914080289,0.00000182809208127,0.0000015427708604,0.00000183096494766,0.00000297622364087,0.000640223326627],"min":[2.5918138637e-23,2.6256913375e-23,2.97390306077e-23,9.71256511675e-24,1.6562141016e-23,1.90642468797e-23,1.27163462843e-23,4.48358940466e-23,1.12505411171e-22,6.03143295055e-23,1.44529137577e-22,1.21804541387e-22,9.14362490572e-23,1.34675873596e-22,7.7951927749e-23,1.28775711518e-22,1.51277609118e-22,2.84529001868e-22,3.94171529529e-22,3.9297294058e-22,5.8692094483e-22,5.235608991e-22,6.80249172639e-22,1.06082480437e-21,1.31317446598e-21,1.75871644095e-21,2.36318533787e-21],"var":[0.0000165440851561,0.000452954496723,0.0000250546545431,0.0000105262670331,0.0000295953395835,0.00000500802343595,0.00000522254049429,0.00000680459061186,0.00000931391605263,0.00000454849532616,0.00000679255663272,0.0000114128069981,0.00000169685131368,0.00000998760697257,0.0000112521911433,0.00000559537465961,5.04433501192e-7,6.28626253274e-8,2.15284723382e-9,1.41464606696e-9,2.84914009052e-10,4.45471055877e-11,2.35861590675e-11,2.14363474887e-11,2.33518187426e-11,4.53924293986e-11,3.85968093042e-7]},"barkbands_crest":{"dmean":2.74891662598,"dmean2":4.45229530334,"dvar":5.48069620132,"dvar2":13.9687814713,"max":26.4552173615,"mean":10.009765625,"median":8.98796844482,"min":2.9147799015,"var":19.1934146881},"barkbands_flatness_db":{"dmean":0.0234666261822,"dmean2":0.0371381416917,"dvar":0.000350041053025,"dvar2":0.000893472926691,"max":0.345774918795,"mean":0.15337407589,"median":0.148273915052,"min":0.0414554327726,"var":0.00144951592665},"barkbands_kurtosis":{"dmean":2.17177033424,"dmean2":3.44287633896,"dvar":12.1487226486,"dvar2":25.0587558746,"max":133.232070923,"mean":3.06448864937,"median":1.44027757645,"min":-1.82552587986,"var":31.3760108948},"barkbands_skewness":{"dmean":0.513806760311,"dmean2":0.797886431217,"dvar":0.223156020045,"dvar2":0.490304529667,"max":11.4774894714,"mean":1.43233501911,"median":1.26952266693,"min":-1.81653869152,"var":0.961744904518},"barkbands_spread":{"dmean":5.75942230225,"dmean2":9.19886112213,"dvar":33.3321495056,"dvar2":86.7748794556,"max":125.695465088,"mean":29.4874420166,"median":28.7724571228,"min":3.35280561447,"var":178.084060669},"dissonance":{"dmean":0.01590898633,"dmean2":0.0272483807057,"dvar":0.000250135111855,"dvar2":0.000704095931724,"max":0.500000119209,"mean":0.475255697966,"median":0.480029344559,"min":0.175444930792,"var":0.000387849460822},"dynamic_complexity":2.84570813179,"erbbands":{"dmean":[0.337031215429,1.75121629238,3.493942976,4.62159061432,9.80839252472,7.11847543716,5.64098024368,5.79572105408,7.83517980576,22.337720871,18.4963111877,21.3666114807,14.6269178391,22.9307098389,51.2522354126,37.0189819336,23.2847766876,61.5310516357,73.9884490967,95.3255233765,28.5146179199,17.6589069366,7.0322022438,1.8260269165,0.984001457691,0.735022544861,0.448146015406,0.239703029394,0.153671607375,0.113179571927,0.0863019153476,0.0660925209522,0.0492574945092,0.0352441966534,0.0239174421877,0.0152241121978,0.00892924889922,0.00516713177785,0.0049254372716,0.00825750548393],"dmean2":[0.514038264751,2.68561935425,5.87848997116,7.71176481247,15.9897041321,11.3698348999,8.89098644257,9.35194301605,12.6380233765,34.8695716858,29.1586456299,33.4448356628,23.5215797424,36.3597564697,80.5798873901,57.994468689,36.9159049988,99.3895568848,120.389762878,152.3878479,45.53698349,28.5826530457,11.1297454834,2.82884144783,1.53629779816,1.14164996147,0.686912715435,0.378906816244,0.252010971308,0.188732773066,0.144846588373,0.111124165356,0.0824747905135,0.0586858205497,0.0396601781249,0.0251813363284,0.0147760817781,0.00829424802214,0.00698417937383,0.012163521722],"dvar":[0.185964688659,4.70662212372,19.1712341309,32.3297653198,225.814468384,123.408401489,94.825958252,185.148086548,159.789382935,2147.05078125,1219.50585938,2607.95361328,790.361999512,3330.4309082,7931.0234375,3866.03417969,1184.7310791,10833.3505859,12041.5761719,25594.7929688,1309.16931152,647.929077148,121.275260925,6.60398721695,1.68740367889,1.17911589146,0.37727406621,0.103976547718,0.0458761379123,0.0278054140508,0.0165421906859,0.00959296710789,0.00510045979172,0.002459469717,0.0010592599865,0.000405891682021,0.000140340212965,0.0000466219789814,0.0000435441579612,0.0000757285160944],"dvar2":[0.36584174633,9.57062149048,51.7454986572,84.6318511963,552.813110352,299.937164307,217.927505493,392.964752197,375.070587158,4268.75390625,2877.22851562,5695.62695312,1969.55786133,8029.44433594,16723.2988281,8489.58496094,2784.18261719,26899.1386719,30441.4082031,63344.359375,3060.60522461,1537.96154785,285.684326172,14.6090927124,3.83573031425,2.64170432091,0.827800393105,0.244412720203,0.114282414317,0.0698292255402,0.0414346158504,0.0240634772927,0.0127801839262,0.00615887856111,0.00264671538025,0.001012616558,0.000349910464138,0.00011327034008,0.0000762142954045,0.000162396507221],"max":[5.26036453247,42.9501228333,61.9583244324,81.7917022705,296.86517334,206.96156311,188.04347229,415.76449585,388.85925293,1495.58984375,777.680114746,1290.85986328,751.559875488,2631.85498047,2514.37963867,1462.65222168,810.091430664,2098.05102539,2098.87133789,4292.02392578,701.707214355,596.667419434,274.095123291,98.2149810791,30.716337204,24.102022171,12.2696170807,5.23739671707,3.55089211464,2.52227330208,1.87960517406,1.40505540371,1.00212705135,0.680626869202,0.426195412874,0.238704919815,0.138968780637,0.0929251238704,0.174239680171,0.159643113613],"mean":[0.629234075546,3.57446408272,5.35725831985,7.02770996094,14.2452859879,11.5532197952,9.22257804871,8.86134052277,11.8249235153,31.9124393463,29.2381286621,34.2402954102,23.5777378082,39.0136222839,88.3314590454,67.5662231445,44.1987075806,104.122581482,135.974243164,164.608520508,66.355758667,39.1461677551,16.1664409637,4.47815608978,2.30399560928,1.68845105171,0.953179836273,0.427078932524,0.220753505826,0.138318493962,0.094933077693,0.0690972581506,0.0518084764481,0.037938285619,0.0263588875532,0.0170918516815,0.0105040511116,0.00854294002056,0.0161957908422,0.0333634726703],"median":[0.389381945133,1.85701084137,3.68778467178,4.59754180908,7.54549121857,6.38562774658,4.4942650795,4.27284288406,7.03302288055,13.8912715912,14.0089511871,13.1287002563,13.8870315552,21.1433048248,48.5130386353,37.2942504883,31.2754592896,66.1877746582,89.4097137451,98.6488647461,49.9463996887,28.933139801,11.5350151062,3.34371137619,1.70041310787,1.17443287373,0.636111736298,0.271574676037,0.13723513484,0.0807407051325,0.0492686070502,0.0336797013879,0.0254682470113,0.0194611363113,0.0137045383453,0.00917192455381,0.0059103644453,0.00581550691277,0.0128102898598,0.0304233208299],"min":[2.55420690797e-22,7.93893136026e-21,3.82179188802e-20,3.11027051215e-20,3.05967129247e-20,6.04063441095e-20,1.10292992929e-19,1.74921467218e-19,1.57694332363e-19,3.51594489384e-19,1.18172573273e-18,2.54280469498e-18,3.03433051101e-18,2.24085316572e-18,6.80632993894e-18,4.6530150227e-18,4.85731126321e-18,5.5262303043e-18,4.0897798854e-18,4.84882190858e-18,8.68461143741e-18,1.02265298659e-17,1.55084238386e-17,1.55442473766e-17,2.13334694169e-17,2.19410716271e-17,2.10622584007e-17,2.45893482608e-17,2.08912884399e-17,1.86515447302e-17,1.87773870255e-17,1.77757788372e-17,1.97393170142e-17,1.21876212427e-17,1.10922885279e-17,6.81198826792e-18,3.48309501847e-18,1.42792663288e-18,3.28540397025e-19,3.2203630818e-20],"var":[0.531911969185,21.4014835358,29.5464057922,57.209903717,433.791870117,232.73739624,234.334075928,496.097625732,263.844604492,3991.33618164,2243.59619141,6558.65966797,1247.87512207,5108.37890625,19750.2402344,10526.8642578,2134.75927734,16519.4804688,21181.4785156,49980.6523438,3726.97631836,1558.84912109,296.123565674,18.3002490997,4.96253824234,3.17389202118,1.03769373894,0.221504807472,0.064180187881,0.0317253954709,0.0179647281766,0.0103141032159,0.0055996873416,0.00278437510133,0.0012425732566,0.000490910839289,0.00017132332141,0.0000722048207535,0.000186236095033,0.000345293257851]},"erbbands_crest":{"dmean":2.66739940643,"dmean2":4.42819929123,"dvar":5.95173406601,"dvar2":15.452878952,"max":30.2764492035,"mean":9.35746765137,"median":8.61570262909,"min":2.03664565086,"var":12.7917499542},"erbbands_flatness_db":{"dmean":0.0252577848732,"dmean2":0.0394796058536,"dvar":0.000405060622143,"dvar2":0.000993837136775,"max":0.391649246216,"mean":0.190651908517,"median":0.189599722624,"min":0.0284962784499,"var":0.00162552890833},"erbbands_kurtosis":{"dmean":1.30067515373,"dmean2":2.07670497894,"dvar":2.37457633018,"dvar2":5.61782455444,"max":47.0340309143,"mean":1.37826180458,"median":0.882276535034,"min":-1.67513358593,"var":5.26410722733},"erbbands_skewness":{"dmean":0.380945503712,"dmean2":0.598910331726,"dvar":0.0997593104839,"dvar2":0.244637474418,"max":1.29015600681,"mean":-0.965382516384,"median":-0.956147789955,"min":-3.65176796913,"var":0.343681961298},"erbbands_spread":{"dmean":4.91449022293,"dmean2":7.69237089157,"dvar":18.7453575134,"dvar2":44.4545860291,"max":101.921592712,"mean":21.4726333618,"median":20.052986145,"min":0.82208353281,"var":78.456413269},"gfcc":{"cov":[[12306.6386719,1905.78015137,-777.262817383,-685.552734375,567.481872559,-194.102005005,-257.026977539,-88.5743560791,47.4081306458,-141.492401123,-40.0863990784,-265.931488037,136.206832886],[1905.78015137,863.403503418,-197.948379517,-233.350753784,262.969848633,-167.396575928,65.5612564087,-87.4207077026,62.9187088013,-62.6929321289,22.8138999939,-75.6712875366,51.6724357605],[-777.262817383,-197.948379517,285.797058105,129.566802979,-117.259307861,85.4832611084,-51.4384231567,49.2889251709,-36.39402771,33.655506134,5.57216405869,29.4688835144,-21.0550174713],[-685.552734375,-233.350753784,129.566802979,260.560546875,-3.61967730522,12.3199214935,19.160577774,10.1995582581,-22.7406101227,18.9950027466,14.0571393967,42.1583786011,-6.77922344208],[567.481872559,262.969848633,-117.259307861,-3.61967730522,250.830978394,-49.9981994629,75.7711334229,-26.6887149811,40.8198776245,-8.2945728302,23.6186122894,-8.96041202545,39.5275115967],[-194.102005005,-167.396575928,85.4832611084,12.3199214935,-49.9981994629,179.845825195,-18.1296730042,55.4946632385,-9.03527545929,9.98574447632,0.500769555569,26.0274963379,4.22842073441],[-257.026977539,65.5612564087,-51.4384231567,19.160577774,75.7711334229,-18.1296730042,145.409042358,16.2313899994,41.3540344238,1.52587532997,14.1446313858,6.1584854126,12.9260978699],[-88.5743560791,-87.4207077026,49.2889251709,10.1995582581,-26.6887149811,55.4946632385,16.2313899994,97.4572143555,42.2911758423,30.6593456268,2.34299969673,2.6739180088,-5.96220684052],[47.4081306458,62.9187088013,-36.39402771,-22.7406101227,40.8198776245,-9.03527545929,41.3540344238,42.2911758423,110.576889038,50.9078636169,21.9118537903,-19.7992744446,1.30961287022],[-141.492401123,-62.6929321289,33.655506134,18.9950027466,-8.2945728302,9.98574447632,1.52587532997,30.6593456268,50.9078636169,78.5199890137,35.4676628113,0.589858233929,-13.1093559265],[-40.0863990784,22.8138999939,5.57216405869,14.0571393967,23.6186122894,0.500769555569,14.1446313858,2.34299969673,21.9118537903,35.4676628113,60.5675506592,32.7064437866,14.6492671967],[-265.931488037,-75.6712875366,29.4688835144,42.1583786011,-8.96041202545,26.0274963379,6.1584854126,2.6739180088,-19.7992744446,0.589858233929,32.7064437866,82.9378433228,35.4189300537],[136.206832886,51.6724357605,-21.0550174713,-6.77922344208,39.5275115967,4.22842073441,12.9260978699,-5.96220684052,1.30961287022,-13.1093559265,14.6492671967,35.4189300537,60.4201889038]],"icov":[[0.000260824075667,-0.00104388350155,0.0012366482988,-0.000750458100811,0.00031644810224,-0.000581449770834,0.00101676024497,-0.00113204005174,0.00112462660763,-0.0012741391547,0.00064313079929,0.000208083656617,-0.000422794808401],[-0.00104388350155,0.00961886625737,-0.00858125276864,0.00812017638236,-0.00572712393478,0.00562589010224,-0.00448492821306,0.00665218848735,-0.00797745306045,0.0129621420056,-0.00912918429822,0.00365783902816,0.0000711748652975],[0.0012366482988,-0.00858125276864,0.0160133522004,-0.0103905554861,0.00662564579397,-0.00664501916617,0.00652359426022,-0.009571432136,0.0107189966366,-0.013918521814,0.0064180358313,-0.000858430983499,-0.00154929119162],[-0.000750458100811,0.00812017638236,-0.0103905554861,0.0133305247873,-0.00677757523954,0.00579223083332,-0.00489783193916,0.00593124888837,-0.00572620285675,0.00942489597946,-0.00588713400066,-0.000499673420563,0.00217313016765],[0.00031644810224,-0.00572712393478,0.00662564579397,-0.00677757523954,0.0111987777054,-0.0034986496903,-0.000417697563535,-0.00199228525162,0.00318732531741,-0.00662333611399,0.0023994196672,0.000878357968759,-0.00405855895951],[-0.000581449770834,0.00562589010224,-0.00664501916617,0.00579223083332,-0.0034986496903,0.0114167630672,-0.00203839619644,-0.000755149463657,-0.00312631740235,0.00741257146001,-0.00462360633537,0.000194396416191,-0.000631751550827],[0.00101676024497,-0.00448492821306,0.00652359426022,-0.00489783193916,-0.000417697563535,-0.00203839619644,0.0139911733568,-0.00702070677653,0.00120494922157,-0.00221077585593,0.00159410771448,-0.00109532510396,-0.000253047794104],[-0.00113204005174,0.00665218848735,-0.009571432136,0.00593124888837,-0.00199228525162,-0.000755149463657,-0.00702070677653,0.0251413471997,-0.0147480741143,0.00614249939099,-0.0000577660866838,-0.00199485081248,0.00236793421209],[0.00112462660763,-0.00797745306045,0.0107189966366,-0.00572620285675,0.00318732531741,-0.00312631740235,0.00120494922157,-0.0147480741143,0.030366519466,-0.0241352617741,0.00498135806993,0.00534603092819,-0.00643596146256],[-0.0012741391547,0.0129621420056,-0.013918521814,0.00942489597946,-0.00662333611399,0.00741257146001,-0.00221077585593,0.00614249939099,-0.0241352617741,0.0514627248049,-0.0312766171992,0.00778147997335,0.00759810069576],[0.00064313079929,-0.00912918429822,0.0064180358313,-0.00588713400066,0.0023994196672,-0.00462360633537,0.00159410771448,-0.0000577660866838,0.00498135806993,-0.0312766171992,0.0479856729507,-0.0217006802559,0.000533388752956],[0.000208083656617,0.00365783902816,-0.000858430983499,-0.000499673420563,0.000878357968759,0.000194396416191,-0.00109532510396,-0.00199485081248,0.00534603092819,0.00778147997335,-0.0217006802559,0.0341270007193,-0.0176749546081],[-0.000422794808401,0.0000711748652975,-0.00154929119162,0.00217313016765,-0.00405855895951,-0.000631751550827,-0.000253047794104,0.00236793421209,-0.00643596146256,0.00759810069576,0.000533388752956,-0.0176749546081,0.032154083252]],"mean":[0.827120602131,119.753387451,-106.426673889,-18.0017623901,20.9582138062,-6.48262739182,-11.1229915619,-10.7527608871,3.78759026527,-8.68574333191,-6.78990364075,-11.2878913879,1.64292132854]},"hfc":{"dmean":186.034927368,"dmean2":294.471496582,"dvar":37360.09375,"dvar2":90983.6484375,"max":2357.70654297,"mean":569.568115234,"median":495.930175781,"min":1.2033570765e-16,"var":126218.390625},"melbands":{"dmean":[0.00264438916929,0.00185404554941,0.000889456248842,0.000652774353512,0.000192294974113,0.000127386752865,0.000137446128065,0.000242679961957,0.000156829075422,0.000124090831378,0.0000757989473641,0.0000976755909505,0.000142389442772,0.000179523951374,0.000045227487135,0.0000657882992527,0.000132724366267,0.000142568867886,0.000124248588691,0.0000958045493462,0.0000278474835795,0.0000216630232899,0.0000113674959721,0.00000423968594987,0.00000141155101119,7.92699552221e-7,6.69868995828e-7,5.06153355673e-7,3.25507187426e-7,1.98447679622e-7,1.30141728505e-7,9.08846118364e-8,7.2708701282e-8,5.95722831065e-8,5.05790289651e-8,4.41469829582e-8,3.89337060369e-8,3.48263817784e-8,3.15736166101e-8,2.90615886911e-8],"dmean2":[0.00401864014566,0.0029913764447,0.00146137841512,0.00104311632458,0.000303627020912,0.000205808391911,0.000220807516598,0.000376746378606,0.000249155942583,0.000194291424123,0.000122399433167,0.000155879039085,0.000224896051805,0.000282970024273,0.0000725932695786,0.000104820319393,0.000215938751353,0.00023531288025,0.00019877050363,0.000154153807671,0.0000454690198239,0.0000355220508936,0.0000183420906978,0.00000678406786392,0.00000224865743803,0.00000127239695757,0.00000105773528958,7.99271390406e-7,5.09770870849e-7,3.12808992931e-7,2.10396422062e-7,1.4946220972e-7,1.21080589111e-7,9.97204452347e-8,8.48210675031e-8,7.42316359492e-8,6.5458451104e-8,5.83696184719e-8,5.27159542685e-8,4.83582454081e-8],"dvar":[0.0000108923131847,0.00000448119271823,0.0000012168630974,9.28175552417e-7,9.03706407485e-8,7.89043497207e-8,5.04119626044e-8,2.39058635998e-7,8.73473666729e-8,8.09295883641e-8,2.3017051376e-8,6.78173890378e-8,6.4446467718e-8,9.53593044528e-8,3.50825302142e-9,1.35797133538e-8,5.15848697091e-8,4.80801602976e-8,4.11006020329e-8,2.76785900866e-8,1.27252841597e-9,9.22703524697e-10,3.6523484237e-10,3.74798490854e-11,3.95334849926e-12,1.12340367044e-12,8.77203691629e-13,5.79829749752e-13,2.07787834248e-13,7.59157751311e-14,3.30744783503e-14,1.57849942969e-14,1.10834599961e-14,7.83270932787e-15,5.67191430338e-15,4.30851143676e-15,3.31315116198e-15,2.57065160953e-15,2.03649526882e-15,1.65580499276e-15],"dvar2":[0.0000210549205804,0.0000111716999527,0.00000315202532875,0.00000223652841669,2.06981468409e-7,1.69264865235e-7,1.12798915097e-7,4.88756938921e-7,2.09055855294e-7,1.76922441142e-7,5.75694905081e-8,1.64414615256e-7,1.29411830585e-7,2.22325454047e-7,8.31501978382e-9,3.12442907102e-8,1.29924472958e-7,1.24829611536e-7,1.01460798874e-7,6.71475888225e-8,3.08021830264e-9,2.2569233149e-9,8.78683015237e-10,9.11647493607e-11,9.19453402304e-12,2.74052265256e-12,2.06121057722e-12,1.35923412282e-12,4.76588712071e-13,1.77528808711e-13,8.15789899826e-14,3.91428358368e-14,2.81259814294e-14,1.9612876793e-14,1.41987692491e-14,1.08286504627e-14,8.30674454054e-15,6.44077034477e-15,5.10218639053e-15,4.14521915464e-15],"max":[0.0444897189736,0.030951147899,0.0136580010876,0.0150689603761,0.00571852456778,0.00837127584964,0.00792184844613,0.0147262671962,0.00596695486456,0.0071302158758,0.00364184612408,0.0116820270196,0.00791977439076,0.00733467331156,0.00108602433465,0.00326068280265,0.00452488055453,0.00464604515582,0.00331899290904,0.00448901252821,0.000627773115411,0.000753656495363,0.000405062281061,0.000165614153957,0.0000689800508553,0.0000236848263739,0.0000208180717891,0.0000165820492839,0.0000103404554466,0.00000510156178279,0.0000033186845485,0.00000206143272408,0.00000167590894762,0.00000129915270008,0.0000011025870208,9.49797083649e-7,8.19421757114e-7,7.12564713012e-7,6.27125416486e-7,5.55484859888e-7],"mean":[0.00555898062885,0.00354337738827,0.00143260194454,0.00104206614196,0.000326197477989,0.000196086286451,0.0002046841837,0.000350954971509,0.000246387207881,0.000195923901629,0.000115311537229,0.000152214444824,0.000243535454501,0.000291920761811,0.0000837265251903,0.000108688516775,0.000207563556614,0.000233565107919,0.00020773151482,0.000176134912181,0.0000582042011956,0.0000433269415225,0.0000228221524594,0.00000880304287421,0.00000296982261716,0.00000167680809682,0.00000140673023452,0.00000106473760297,6.59761496991e-7,3.61826721473e-7,2.09968447962e-7,1.28553509171e-7,9.30321135684e-8,6.9704888972e-8,5.56905206395e-8,4.65538505523e-8,4.03508053637e-8,3.64336081304e-8,3.3533570587e-8,3.13566417276e-8],"median":[0.0033683560323,0.00229440862313,0.000956055824645,0.000552544079255,0.000174721091753,0.0000973161513684,0.000115450922749,0.000155455170898,0.000112183013698,0.0000762667477829,0.0000622746010777,0.0000726900107111,0.000135069712996,0.000139662559377,0.0000591308489675,0.0000646786211291,0.000127320134197,0.000146627164213,0.000124543366837,0.000107511958049,0.0000438360330008,0.0000314719072776,0.0000153877517732,0.00000630414615443,0.0000021552959879,0.00000122064420793,9.82062260846e-7,7.17028342478e-7,4.45431197704e-7,2.25643049134e-7,1.3088086348e-7,8.02223567575e-8,5.53989423224e-8,3.92399357452e-8,2.89419439525e-8,2.27796554952e-8,1.93479934296e-8,1.77450392158e-8,1.68170863901e-8,1.61010831334e-8],"min":[5.90833152183e-24,1.7172291794e-23,5.31083091728e-24,3.15466639568e-24,3.63019904631e-24,3.78804261926e-24,2.38163359009e-24,4.84333340661e-24,8.05899827457e-24,1.84463163555e-23,1.49815887726e-23,7.62121991522e-24,2.27139591894e-23,1.50855448627e-23,1.17848751046e-23,8.1293528344e-24,1.14442307663e-23,7.79877909435e-24,6.34392513091e-24,5.05098802371e-24,1.13992309848e-23,9.75904795673e-24,1.06473274241e-23,1.52907402059e-23,1.19819152038e-23,1.48779356051e-23,1.45222681997e-23,1.46643041834e-23,1.02223925092e-23,1.57758344424e-23,1.38922886139e-23,1.21051187111e-23,8.64071140583e-24,1.15015146898e-23,1.04381428113e-23,1.16608322493e-23,1.03451944863e-23,1.38489123082e-23,1.16378653529e-23,9.94646868603e-24],"var":[0.0000403301055485,0.00001265316223,0.00000227897771765,0.00000194129643205,2.25474636295e-7,2.06583621321e-7,9.08788209131e-8,4.50407213748e-7,1.73418001737e-7,2.01800091304e-7,3.5015599309e-8,1.00596679431e-7,1.68360699604e-7,2.1622609836e-7,7.90427812092e-9,2.21993712302e-8,7.33593310542e-8,7.32414591198e-8,7.0730557411e-8,6.77508253943e-8,2.92427282389e-9,1.9878005908e-9,8.02417021717e-10,8.24173299052e-11,9.35121771684e-12,2.93135676323e-12,2.10313342262e-12,1.40653211734e-12,5.19591097578e-13,1.71207300182e-13,5.86588950698e-14,2.18947361191e-14,1.34397980822e-14,8.69058768498e-15,6.18075367634e-15,4.61791774931e-15,3.56615355057e-15,2.80994540516e-15,2.26808995847e-15,1.88400159799e-15]},"melbands_crest":{"dmean":3.8136484623,"dmean2":6.13194322586,"dvar":9.66612148285,"dvar2":24.6211986542,"max":39.319480896,"mean":16.0175304413,"median":15.3188648224,"min":2.12873268127,"var":34.6345558167},"melbands_flatness_db":{"dmean":0.0312756672502,"dmean2":0.0496850386262,"dvar":0.000595500692725,"dvar2":0.00153060385492,"max":0.462933063507,"mean":0.271184504032,"median":0.266937434673,"min":0.00800373964012,"var":0.0027042394504},"melbands_kurtosis":{"dmean":4.16644144058,"dmean2":6.53196811676,"dvar":42.9751167297,"dvar2":91.8301467896,"max":253.814544678,"mean":5.94562625885,"median":2.74781775475,"min":-1.80756795406,"var":116.950698853},"melbands_skewness":{"dmean":0.710680544376,"dmean2":1.09509897232,"dvar":0.407690912485,"dvar2":0.912072300911,"max":15.3842029572,"mean":2.11335849762,"median":1.90524125099,"min":-4.44721984863,"var":1.8767850399},"melbands_spread":{"dmean":7.47134304047,"dmean2":11.8392238617,"dvar":57.217464447,"dvar2":141.130584717,"max":184.99899292,"mean":26.5954723358,"median":25.2170581818,"min":1.67392992973,"var":182.403594971},"mfcc":{"cov":[[6986.72509766,1771.23217773,-634.081115723,111.901443481,238.244735718,94.3404693604,-78.319984436,-24.7933216095,79.8430023193,2.61672925949,-49.5799865723,-3.50570297241,-26.8632221222],[1771.23217773,1274.9876709,-400.525482178,67.6672668457,84.5279312134,34.4171905518,-6.23633050919,-19.6161804199,59.0273017883,13.3847017288,-11.9505681992,3.09775066376,7.54803800583],[-634.081115723,-400.525482178,424.90222168,-76.5156173706,-7.9575676918,-24.2739696503,-3.94473457336,7.33646011353,-44.2937660217,6.66903448105,1.17429637909,-4.70885658264,-3.07554221153],[111.901443481,67.6672668457,-76.5156173706,262.451171875,28.4018688202,17.6865501404,28.7740631104,-6.15628767014,-0.159016385674,-15.7089166641,0.362111508846,7.55558538437,10.119852066],[238.244735718,84.5279312134,-7.9575676918,28.4018688202,120.128044128,39.765838623,10.2528467178,5.8786945343,7.00074052811,6.5858798027,-2.30231451988,7.50251245499,7.07547330856],[94.3404693604,34.4171905518,-24.2739696503,17.6865501404,39.765838623,75.4532089233,33.9518470764,14.4159822464,7.88670396805,-3.97795581818,-4.46819162369,1.14012277126,8.69042491913],[-78.319984436,-6.23633050919,-3.94473457336,28.7740631104,10.2528467178,33.9518470764,72.6870040894,37.1412696838,6.82085990906,-9.09835720062,-11.0465831757,1.83857762814,8.89299297333],[-24.7933216095,-19.6161804199,7.33646011353,-6.15628767014,5.8786945343,14.4159822464,37.1412696838,71.3023681641,36.6886367798,-6.83955097198,-8.92480278015,4.54704523087,9.60393238068],[79.8430023193,59.0273017883,-44.2937660217,-0.159016385674,7.00074052811,7.88670396805,6.82085990906,36.6886367798,67.3141937256,39.6681213379,15.9298419952,8.51078510284,4.83122253418],[2.61672925949,13.3847017288,6.66903448105,-15.7089166641,6.5858798027,-3.97795581818,-9.09835720062,-6.83955097198,39.6681213379,90.4785766602,54.8835067749,12.5994052887,-1.29201054573],[-49.5799865723,-11.9505681992,1.17429637909,0.362111508846,-2.30231451988,-4.46819162369,-11.0465831757,-8.92480278015,15.9298419952,54.8835067749,67.2936477661,34.9056091309,7.58151817322],[-3.50570297241,3.09775066376,-4.70885658264,7.55558538437,7.50251245499,1.14012277126,1.83857762814,4.54704523087,8.51078510284,12.5994052887,34.9056091309,53.3058815002,34.7591285706],[-26.8632221222,7.54803800583,-3.07554221153,10.119852066,7.07547330856,8.69042491913,8.89299297333,9.60393238068,4.83122253418,-1.29201054573,7.58151817322,34.7591285706,53.0509529114]],"icov":[[0.000248904339969,-0.000301430438412,0.000126981540234,-0.0000764703581808,-0.000150405496242,-0.00033069649362,0.000689159263857,-0.000558196741622,0.000540362205356,-0.000564418267459,0.000777586130425,-0.000705235579517,0.000538623891771],[-0.000301430438412,0.00158597296104,0.000920928607229,0.000186249191756,-0.000641264312435,0.000611664610915,-0.000913640367799,0.00144035241101,-0.00136962870602,0.00044400698971,-0.000192506835447,0.000658206816297,-0.000750897394028],[0.000126981540234,0.000920928607229,0.00433638552204,0.000461858144263,-0.000750848324969,0.000400548771722,0.00166378414724,-0.00442426372319,0.00656914897263,-0.00509081268683,0.00325084035285,-0.00163544609677,0.000537873071153],[-0.0000764703581808,0.000186249191756,0.000461858144263,0.00482987845317,-0.0016325104516,0.0014832202578,-0.00414675101638,0.00418437831104,-0.00355192366987,0.00463817548007,-0.00435916008428,0.00286671798676,-0.00186629244126],[-0.000150405496242,-0.000641264312435,-0.000750848324969,-0.0016325104516,0.0123013360426,-0.00743027357385,0.00369069399312,-0.00352058233693,0.00428044283763,-0.00692219100893,0.00808089505881,-0.00759330997244,0.00314007652923],[-0.00033069649362,0.000611664610915,0.000400548771722,0.0014832202578,-0.00743027357385,0.0230524595827,-0.0132544711232,0.00694835418835,-0.00803011190146,0.00915914215147,-0.0104060061276,0.0105579504743,-0.00681163882837],[0.000689159263857,-0.000913640367799,0.00166378414724,-0.00414675101638,0.00369069399312,-0.0132544711232,0.032722260803,-0.0249543432146,0.019805777818,-0.0170281976461,0.0162151344121,-0.0114451954141,0.00504097063094],[-0.000558196741622,0.00144035241101,-0.00442426372319,0.00418437831104,-0.00352058233693,0.00694835418835,-0.0249543432146,0.0506149157882,-0.0438349246979,0.0302625838667,-0.016478870064,0.0113342422992,-0.0075330324471],[0.000540362205356,-0.00136962870602,0.00656914897263,-0.00355192366987,0.00428044283763,-0.00803011190146,0.019805777818,-0.0438349246979,0.0638761818409,-0.0450184419751,0.0280856508762,-0.020060794428,0.00910362415016],[-0.000564418267459,0.00044400698971,-0.00509081268683,0.00463817548007,-0.00692219100893,0.00915914215147,-0.0170281976461,0.0302625838667,-0.0450184419751,0.0619501657784,-0.0558057874441,0.0365399159491,-0.0150874573737],[0.000777586130425,-0.000192506835447,0.00325084035285,-0.00435916008428,0.00808089505881,-0.0104060061276,0.0162151344121,-0.016478870064,0.0280856508762,-0.0558057874441,0.0843753740191,-0.0641625672579,0.0283976588398],[-0.000705235579517,0.000658206816297,-0.00163544609677,0.00286671798676,-0.00759330997244,0.0105579504743,-0.0114451954141,0.0113342422992,-0.020060794428,0.0365399159491,-0.0641625672579,0.0846635475755,-0.045528024435],[0.000538623891771,-0.000750897394028,0.000537873071153,-0.00186629244126,0.00314007652923,-0.00681163882837,0.00504097063094,-0.0075330324471,0.00910362415016,-0.0150874573737,0.0283976588398,-0.045528024435,0.0454075932503]],"mean":[-662.289306641,191.30039978,-47.7405204773,14.2906360626,31.6312236786,17.0236587524,2.99751234055,3.76396226883,12.8225154877,5.86502122879,-0.734030663967,3.32329797745,3.33476614952]},"pitch_salience":{"dmean":0.068978048861,"dmean2":0.109916470945,"dvar":0.00333002954721,"dvar2":0.00805434305221,"max":0.827043116093,"mean":0.487275123596,"median":0.500831246376,"min":0.0347816944122,"var":0.0153672816232},"silence_rate_20dB":{"dmean":0,"dmean2":0,"dvar":0,"dvar2":0,"max":1,"mean":1,"median":1,"min":1,"var":0},"silence_rate_30dB":{"dmean":0.0833930373192,"dmean2":0.166809976101,"dvar":0.0764417350292,"dvar2":0.166218340397,"max":1,"mean":0.785386800766,"median":1,"min":0,"var":0.168554738164},"silence_rate_60dB":{"dmean":0.000859722029418,"dmean2":0.00171969051007,"dvar":0.000858964864165,"dvar2":0.00171663798392,"max":1,"mean":0.0286532957107,"median":0,"min":0,"var":0.0278314128518},"spectral_centroid":{"dmean":164.163131714,"dmean2":257.694335938,"dvar":27216.4492188,"dvar2":53912.8828125,"max":10611.9580078,"mean":1214.37280273,"median":1171.38916016,"min":272.909790039,"var":202333.078125},"spectral_complexity":{"dmean":2.94999289513,"dmean2":4.69991397858,"dvar":5.57862710953,"dvar2":13.5297241211,"max":43,"mean":25.65558815,"median":27,"min":0,"var":43.4848213196},"spectral_contrast_coeffs":{"dmean":[0.054046459496,0.0507209189236,0.0421603247523,0.0319730751216,0.0258250553161,0.0311081148684],"dmean2":[0.0898251384497,0.0835580378771,0.0690257698298,0.0531946830451,0.0428811460733,0.0508775115013],"dvar":[0.00178609031718,0.0016045748489,0.00110569619574,0.000623983214609,0.000447597296443,0.000879066763446],"dvar2":[0.00481937965378,0.00416769366711,0.00290638464503,0.00166889932007,0.00116482353769,0.00230613187887],"max":[-0.42115393281,-0.457072257996,-0.478686749935,-0.571272552013,-0.612144291401,-0.593488156796],"mean":[-0.683935761452,-0.76806974411,-0.776384651661,-0.773037910461,-0.764957129955,-0.818139791489],"median":[-0.683912038803,-0.774903774261,-0.781357526779,-0.775211751461,-0.764213562012,-0.827637791634],"min":[-0.954252779484,-0.972086906433,-0.970892310143,-0.967176616192,-0.959001064301,-0.958711624146],"var":[0.00581491040066,0.0044540502131,0.00367457862012,0.00217994861305,0.0017622038722,0.00165765464772]},"spectral_contrast_valleys":{"dmean":[0.371336847544,0.364573121071,0.300074309111,0.230946943164,0.232333615422,0.651735365391],"dmean2":[0.615584373474,0.588746488094,0.478156030178,0.359098821878,0.354075282812,1.06253516674],"dvar":[0.110019609332,0.102894768119,0.0766529738903,0.0545473694801,0.0646177008748,0.309225708246],"dvar2":[0.253105998039,0.224141582847,0.15458381176,0.0942494794726,0.114209130406,0.773610711098],"max":[-5.09715986252,-4.95542812347,-5.24982643127,-5.19852352142,-6.3644618988,-8.98244380951],"mean":[-6.61297607422,-6.53472089767,-6.73393154144,-6.60377883911,-7.85577106476,-11.0354824066],"median":[-6.4098739624,-6.3361954689,-6.51778316498,-6.4000825882,-7.70980262756,-10.8687725067],"min":[-27.5469055176,-27.1460647583,-26.8724136353,-26.9288597107,-27.3318729401,-27.269443512],"var":[1.4656342268,1.52843308449,1.48090517521,1.53880250454,1.01666808128,1.17454266548]},"spectral_decrease":{"dmean":3.50865558829e-9,"dmean2":5.71290570406e-9,"dvar":1.239575891e-17,"dvar2":3.27046667037e-17,"max":1.18304468444e-8,"mean":-6.38889297022e-9,"median":-5.43892308968e-9,"min":-4.12329477228e-8,"var":3.11020141931e-17},"spectral_energy":{"dmean":0.0187662225217,"dmean2":0.0277045331895,"dvar":0.000365578103811,"dvar2":0.000731509469915,"max":0.254240721464,"mean":0.0757745355368,"median":0.0682873725891,"min":1.12605365023e-20,"var":0.00171988306101},"spectral_energyband_high":{"dmean":0.000129389722133,"dmean2":0.000194717067643,"dvar":2.69134758923e-8,"dvar2":5.99277214519e-8,"max":0.00378908822313,"mean":0.000370398251107,"median":0.000296230107779,"min":8.29975739853e-21,"var":8.97442546943e-8},"spectral_energyband_low":{"dmean":0.0110220294446,"dmean2":0.0170546900481,"dvar":0.00014822857338,"dvar2":0.000306248024572,"max":0.182069718838,"mean":0.0260353498161,"median":0.0180203970522,"min":7.25686588903e-23,"var":0.000578965002205},"spectral_energyband_middle_high":{"dmean":0.00440040836111,"dmean2":0.00660620909184,"dvar":0.000030790681194,"dvar2":0.0000675071132719,"max":0.0949940159917,"mean":0.0133670819923,"median":0.0108352499083,"min":1.77594364851e-21,"var":0.000102505364339},"spectral_energyband_middle_low":{"dmean":0.00499137258157,"dmean2":0.00774685526267,"dvar":0.0000341997729265,"dvar2":0.0000809186385595,"max":0.0895687118173,"mean":0.01203407906,"median":0.0100254742429,"min":2.44546956349e-22,"var":0.0000878949358594},"spectral_entropy":{"dmean":0.136384814978,"dmean2":0.213544517756,"dvar":0.0132054314017,"dvar2":0.0317613296211,"max":9.80128765106,"mean":7.32874345779,"median":7.32109928131,"min":5.66668367386,"var":0.0686935931444},"spectral_flux":{"dmean":0.0268356893212,"dmean2":0.0420222841203,"dvar":0.000615610275418,"dvar2":0.0015417765826,"max":0.361096382141,"mean":0.137576714158,"median":0.136614978313,"min":1.06115671805e-10,"var":0.00217071222141},"spectral_kurtosis":{"dmean":8.69482803345,"dmean2":13.9612407684,"dvar":59.9247436523,"dvar2":155.566894531,"max":109.022911072,"mean":33.9263916016,"median":32.8034744263,"min":-1.2102419138,"var":152.064956665},"spectral_rms":{"dmean":0.00105027749669,"dmean2":0.00155108992476,"dvar":9.54442839429e-7,"dvar2":0.00000196446512746,"max":0.015749277547,"mean":0.00820769183338,"median":0.00816221907735,"min":3.31449689743e-12,"var":0.00000656034171698},"spectral_rolloff":{"dmean":1246.13867188,"dmean2":2431.18579102,"dvar":19300578,"dvar2":53499028,"max":22050,"mean":21033.3105469,"median":21963.8671875,"min":21.533203125,"var":15214112},"spectral_skewness":{"dmean":0.445346564054,"dmean2":0.714054703712,"dvar":0.157838508487,"dvar2":0.39941829443,"max":8.21409606934,"mean":3.95574975014,"median":3.90787792206,"min":0.0202068928629,"var":0.581932067871},"spectral_spread":{"dmean":465495.5,"dmean2":746625.1875,"dvar":309726117888,"dvar2":556948914176,"max":41267568,"mean":2802546.75,"median":2630495.5,"min":1375692.125,"var":964268064768},"spectral_strongpeak":{"dmean":28.1119747162,"dmean2":52.6306724548,"dvar":1721.10144043,"dvar2":4502.44482422,"max":380.66104126,"mean":22.7803783417,"median":0.580792665482,"min":0,"var":1695.92175293},"zerocrossingrate":{"dmean":0.0390366129577,"dmean2":0.0527415834367,"dvar":0.00110459409188,"dvar2":0.00206827349029,"max":0.69189453125,"mean":0.385273993015,"median":0.386962890625,"min":0.03271484375,"var":0.00574777647853}},"metadata":{"audio_properties":{"analysis_sample_rate":44100,"bit_rate":128000,"codec":"mp3","downmix":"mix","equal_loudness":0,"length":162.03755188,"lossless":false,"md5_encoded":"ac7713fbf825daea62ec731d528e37b8","replay_gain":-5.09105300903,"sample_rate":44100},"tags":{"acoustid_fingerprint":["AQADtJsSilSUBNfxJE9wPfixMwmaLUEefRCjU8Gfw6FIo87xCe8OHVqmD31xHYf6BBePajqaK0TuHt8c4chzwlwIhX7wB9mYBE1d9DjOHS-PR08CjjRxPUFI5mjyPNhFQc9TXArCnCP6L8ihJ0EucWieGtXxq3iSR8S1ZsSPXId6o5GfDb0VVCrMMUNTHjfuR8j1w9oSPNGmI-JTiGeQZ6_w4z9BNTm-40eiI49yYdRzfD8eBd-FngmaF-9e5N3xhMnRjQ90C85-hMfFZIpx5TiaH-GPGzrD5PiRcx7yH_6h4zxCmdkFJ3dw4kxE-Ec7Bn2OMCMD9Xg4-E2Ia8j_w1TC4ZLQl5jyP4h_GddrNEnWHMqRxzyuBa9gKjSeoymH80Oco_GhnYkAc-FIPCvCK2iihT0umcF6NHnA9MgPKU40EWl7PMeTo3nwH08TDsePPvcQZiSUO8ePXXmQS8KTI0wkNhWmC7JyFX62KLgc5C9-hDk0NXlxHXlJ_J7xbBl-5BIeJYd4EnNjQl0Ub-hop3AkQn_CINcPV8SDK2YyNPvx4foxNWmOZMl95MrxLTn-4cGVB5VoKRTCSIBOPkIeLYfDPcXx48pwFaH-QJ9shH_x_mhWjkE_IGd-iJJ85L0efMfxHz4f4lIW49rxTUe-QJzlpPg7IjbxJj2uE96DWKmF5iM0H82TIxyT77iOB-nK6PiRO4_wHa5p_MerpRHyS9ARxi1KKxOu9MGZPDgzoi_ChDmuXDn08Lj4YtPHIfuOUY0VPFEFT2Lw48Gva3iDM_twRU-yIbxUTJmLL7gkyQTXppvw6Qq0_Kj4BF9T5KHgz0HuhDi0cMmaIPwzXGrgOgr2HM8V9Au8PCO-REVoHX9D6HmCvDe-YZvOJPiSnGAkSkSycAyy9jiaOkWd40TsnEh8EbNXNEfDBNfxW-LQ_EHF44tk42_Qf0g_aB4i1o1wEaQWvCh5Ioz1gjf-oOdxmsck8XhmfHrw4suH9J2CB46LN0H7TEejMIoj5IXa2NiVCP-UoR0tNFWOa8elIEzOCN2r4M6HSz9alRPSPT-0HxF-Hk0-oqSOLy7-49Vwy0FLVmiSOSv-EbcwJdEbhL6gZ0cekrgjJsO54ufQncQWKhdyJXoCjfF44TEuSUfEycET2eh_NA9-fDvyxNCXDtdhiiMuHt8E1Tys6EUeaeLAO01whEfT5PgnSIyDJuOVYdJl6EejJkPf4lF6fE-gBy6NL1QDhQ8XFim_44_xF1fhRhf-4UguxM8ezFSO48mPN0eYewl66DfxMNyG0BuaIMd-fDv6JCShJa9wSbgRJiee2UbDDye-DU20JkOtIzgD_YiUXzFKpRm-kMTD40eTC_1SCbn84mNedLzQ3FJQOcvRMOLxC2KVNcH1I28eHFae4gk7DfnxHKKT6Mif4AxD4cf7wqI4DbeZ4ESuJehnbD7aKE9iqF_w5mB2FWGe4EoePDmq_Wh-fEQsZkHi2RLOKF6Cg8kTzih5_FMQWQkTGSo3o_OhKPmR8wwe53iPH64THt84PBfiO4Wo6kZ8nDmxearxI9YVBbJqNCHKSSJx-bge4RApHlcy4lfwG1qjUwizJQsX_Ph1HC_84hYf5MpSJGfU45Pg1xOiH9Weofl8aJm-KAhf5NgPMepCXIhVNC8qZ-mKJv8QyZQYVIyWo1FOfMZ744eUNE21IDR97D_-GM9x6niSJSOHJCKTB3ngF6VEEv3BpBtyhlDJE-FeYnuCZx4O50fP48qFXIeWT