{"lowlevel":{"average_loudness":0.853434681892,"barkbands":{"dmean":[0.000053248131735,0.00307332491502,0.0018628052203,0.000980466138572,0.00135370763019,0.000843783433083,0.000568707473576,0.000358139513992,0.000854432350025,0.000675834540743,0.000418166571762,0.000364185340004,0.000352783506969,0.000371188332792,0.000341105478583,0.000326236593537,0.000345582491718,0.00029184948653,0.000255001446931,0.000151161322719,0.0000870302174008,0.0000779722759034,0.0000518137785548,0.000043052885303,0.000020281831894,0.0000373108196072,0.00000656977499602],"dmean2":[0.0000835683167679,0.00514208991081,0.00314588239416,0.00167021423113,0.00220627430826,0.00138441938907,0.000935539253987,0.000589849369135,0.00139146263245,0.00110382249113,0.000659709214233,0.000590464624111,0.000566785922274,0.000605767359957,0.00054252409609,0.000517891370691,0.000548179436009,0.000467540085083,0.000394768139813,0.000237009633565,0.000135340858833,0.00011939075921,0.0000771170452936,0.0000631751172477,0.0000292682016152,0.0000552212586626,0.00000998127416096],"dvar":[1.33383837309e-8,0.0000437000744569,0.0000232092224906,0.00000372990211872,0.00000696725919624,0.00000383055157727,0.00000288939691018,0.00000107716516595,0.0000053434646361,0.00000499321004099,0.00000155086218001,8.56703252339e-7,8.62390379552e-7,7.46987211642e-7,6.13318889009e-7,5.20340847743e-7,8.18218552467e-7,3.95150493659e-7,3.52415412408e-7,9.99531124535e-8,5.85487676119e-8,4.24008632649e-8,1.46022047787e-8,2.90321544583e-8,4.41105019178e-9,1.21115970586e-8,3.88538257123e-10],"dvar2":[3.18666835142e-8,0.000114537368063,0.0000619975180598,0.0000101587320387,0.0000173069984157,0.00000948751403484,0.00000708169000063,0.0000025840397484,0.0000129875279526,0.0000125644464788,0.00000339840948982,0.00000201284024115,0.00000188262595202,0.00000176710807409,0.0000013943349586,0.00000119523531339,0.00000185291901289,9.74647377916e-7,7.85104191436e-7,2.34918104525e-7,1.46084133235e-7,9.53516945401e-8,2.98205264926e-8,5.69150557794e-8,1.01471409053e-8,2.65230486463e-8,9.06119679289e-10],"max":[0.00331549113616,0.075113043189,0.0618649236858,0.0244445670396,0.0613396950066,0.0686652287841,0.0748306885362,0.0336310081184,0.0494660362601,0.062532119453,0.03833495453,0.0296333506703,0.04212243855,0.0242552794516,0.0202480908483,0.017329543829,0.0541535541415,0.0147616444156,0.0187881123275,0.0121969208121,0.0149832600728,0.0119378780946,0.00540449935943,0.00668258033693,0.0037136906758,0.00348800607026,0.000509852892719],"mean":[0.0000733040724299,0.00381686561741,0.00223873299547,0.00129684177227,0.00206198426895,0.00116585905198,0.000761865871027,0.000447010592325,0.00122517417185,0.00100127642509,0.000619998842012,0.000549212214537,0.000569463416468,0.000593283853959,0.00055647525005,0.000496334861964,0.000519111054018,0.000493731466122,0.000469311285997,0.000281735061435,0.000175404609763,0.000157581365784,0.000113107707875,0.0000831840225146,0.0000377721917175,0.0000544441863894,0.00000870175699674],"median":[0.00001013585279,0.00099258380942,0.000374184688553,0.000306921487208,0.000868900096975,0.000425864098361,0.000223357506911,0.000146647478687,0.000350040616468,0.000291632255539,0.000208914672839,0.000232851234614,0.00024214599398,0.000278798746876,0.000244105423917,0.000212201281101,0.000195276224986,0.000178303904249,0.000185360579053,0.000121123965073,0.0000707855215296,0.0000522922564414,0.0000391982430301,0.0000194151962205,0.00000964069840848,0.00000559222098673,8.39197184632e-7],"min":[8.57777770254e-13,4.87035238528e-12,1.76543328567e-12,6.3929157107e-12,3.05322989114e-11,5.64209443055e-11,8.63786681071e-11,1.02742661601e-10,2.42927955529e-10,1.14588255551e-10,1.37209965612e-10,5.98456700862e-11,3.91781433684e-11,2.77085188127e-10,1.24735319296e-10,1.63034273581e-11,3.32330031549e-11,5.81204910588e-11,5.13034649485e-11,2.29322220935e-11,1.13647051839e-11,4.92760996937e-12,6.84808286466e-12,3.4867195936e-12,2.44694108725e-12,5.68011349761e-12,5.44753478438e-12],"var":[1.96012042153e-8,0.0000490892634843,0.000022877844458,0.0000048857073125,0.0000117386116472,0.0000053548537835,0.00000405237506129,0.00000145782041727,0.00000909908430913,0.00000823566369945,0.00000279601090369,0.000001395629738,0.00000197161307369,0.0000012330036725,0.00000116508476822,8.51129300372e-7,0.00000120362278722,8.72974965205e-7,7.66355356063e-7,1.9952470609e-7,9.96676803311e-8,9.11899320499e-8,4.31035793724e-8,7.44103445527e-8,1.27571162523e-8,2.36808457288e-8,6.48053777308e-10]},"barkbands_crest":{"dmean":2.71904420853,"dmean2":4.51073360443,"dvar":6.04803276062,"dvar2":15.8951816559,"max":25.9950485229,"mean":8.45058059692,"median":7.59922170639,"min":2.22767400742,"var":14.0141391754},"barkbands_flatness_db":{"dmean":0.0187470633537,"dmean2":0.0291219968349,"dvar":0.000278391496977,"dvar2":0.000638656551018,"max":0.293136924505,"mean":0.114282600582,"median":0.111864544451,"min":0.016132067889,"var":0.00178663537372},"barkbands_kurtosis":{"dmean":1.69116795063,"dmean2":2.69405341148,"dvar":8.69494819641,"dvar2":21.2732391357,"max":76.2375335693,"mean":1.5605430603,"median":0.361892700195,"min":-1.89693140984,"var":17.6365699768},"barkbands_skewness":{"dmean":0.49022886157,"dmean2":0.755228996277,"dvar":0.226531773806,"dvar2":0.509634613991,"max":7.80790281296,"mean":0.984470069408,"median":0.866612613201,"min":-7.09040975571,"var":1.03102791309},"barkbands_spread":{"dmean":5.59083795547,"dmean2":8.69465923309,"dvar":35.5736312866,"dvar2":80.1927871704,"max":108.803459167,"mean":24.4712333679,"median":22.6468296051,"min":1.80151975155,"var":171.344787598},"dissonance":{"dmean":0.0126332091168,"dmean2":0.021538997069,"dvar":0.000174596294528,"dvar2":0.000470036029583,"max":0.500000059605,"mean":0.480864226818,"median":0.48578068614,"min":0.286613315344,"var":0.000335995136993},"dynamic_complexity":3.81872987747,"erbbands":{"dmean":[0.0737342536449,0.757357001305,2.03685975075,2.56476831436,4.7178735733,3.98243832588,5.98797607422,7.2635307312,8.19672012329,7.43498945236,9.25894451141,20.6543006897,22.4196548462,15.4793310165,14.8981981277,15.450797081,15.9362945557,17.2762851715,17.1242313385,16.8034858704,17.4467010498,18.4170322418,16.9084358215,11.4797735214,12.8373718262,6.91730880737,4.05178785324,3.18596816063,2.77006578445,2.17715549469,1.46604788303,1.06443786621,0.60841357708,0.269548743963,0.139477670193,0.112784564495,0.0827710703015,0.0176333785057,0.00103868462611,0.0000380177043553],"dmean2":[0.122632876039,1.26701939106,3.40434670448,4.34715747833,7.92263841629,6.46706581116,9.85169887543,11.9469156265,13.4724931717,12.2524671555,14.9633636475,33.8068161011,36.7512550354,24.8007125854,23.4996528625,24.9051761627,25.1801586151,27.9885578156,27.3982639313,26.6031188965,27.4514923096,29.1505699158,26.9252147675,17.8742809296,19.8493328094,10.7268600464,6.36762094498,4.93448638916,4.25416564941,3.30431580544,2.1893799305,1.58696091175,0.893518745899,0.399840712547,0.203789517283,0.16691724956,0.124047882855,0.0264596715569,0.00155394966714,0.0000555179685762],"dvar":[0.0281791016459,2.55255579948,23.7736968994,32.3754653931,113.537788391,56.8052215576,161.896011353,383.077575684,476.208099365,588.870910645,655.620605469,3795.95214844,5982.74365234,1892.21374512,1946.29040527,1642.31542969,2057.75439453,1459.55725098,1585.28857422,1633.02868652,1569.25158691,2091.27050781,1375.72192383,575.733032227,1049.34936523,190.814239502,89.7155532837,93.8259506226,60.4974861145,23.0073413849,13.6335201263,14.9470586777,7.09351205826,0.98459905386,0.192037805915,0.114881232381,0.0631449595094,0.00276126316749,0.00000984403231996,1.26229613429e-8],"dvar2":[0.0715141892433,6.73998451233,61.1786270142,88.065826416,297.466125488,134.472259521,411.605163574,952.439331055,1143.67126465,1532.22912598,1532.83764648,9449.56054688,15138.0019531,4215.06298828,4249.14746094,3839.88256836,4401.09667969,3523.32617188,3681.35424805,3849.63696289,3587.75195312,5048.13574219,3398.31542969,1275.0526123,2424.79516602,441.098358154,218.272369385,228.75328064,138.60723877,48.4313812256,29.502538681,30.1670951843,14.2806682587,2.31964111328,0.442182838917,0.255544215441,0.139594897628,0.00633689807728,0.0000227241907851,2.97734654708e-8],"max":[2.12371492386,18.1984882355,58.0636100769,78.4561004639,143.595474243,360.245880127,391.47467041,778.650268555,773.168212891,845.590026855,984.58013916,1416.00463867,2369.89233398,1780.05090332,1693.38952637,1421.89111328,2358.11621094,1453.11328125,1208.13378906,1047.1607666,1495.01879883,1671.80786133,1011.8381958,1184.84631348,1050.36083984,504.430358887,389.361480713,668.867004395,475.996551514,129.281295776,179.280029297,129.896377563,139.980056763,50.4564056396,25.3036651611,16.546628952,8.82003307343,2.03430962563,0.081981703639,0.00387132819742],"mean":[0.0854443609715,0.940158724785,2.66333341599,3.47797012329,6.12883996964,6.2169213295,8.60511207581,9.63296031952,11.104675293,9.81062698364,12.8886289597,29.4530010223,33.9567489624,25.627281189,24.0056095123,24.434928894,27.0492916107,29.3377037048,29.4493942261,29.8139266968,27.7400798798,29.4047279358,29.2700500488,21.3166007996,23.9864463806,13.3162689209,7.91705846786,6.3763051033,5.55972480774,4.66890287399,3.08469486237,2.10655164719,1.12053477764,0.500748515129,0.244589224458,0.174538046122,0.116151541471,0.0235280692577,0.00143906380981,0.0000690922970534],"median":[0.0200767088681,0.23957554996,0.531436800957,0.843412339687,1.92754244804,2.59863781929,3.21640229225,3.42605543137,3.51383543015,3.10198402405,4.82342481613,8.40270805359,10.0864830017,9.80968856812,9.284740448,10.8841276169,12.2199134827,15.0509090424,14.3565225601,12.3303813934,12.1468095779,11.5047693253,10.4311313629,9.38492774963,9.37908935547,5.83494377136,3.40389370918,2.3512775898,1.85292434692,1.59379792213,1.03590250015,0.534394860268,0.258886486292,0.125769838691,0.0557105690241,0.0263943206519,0.00988048035651,0.00178458995651,0.000158746144734,0.0000297192254948],"min":[1.64318517126e-10,1.08188558112e-9,2.42017050844e-9,1.55324162421e-8,4.75413379775e-8,1.13746239094e-7,2.47735528092e-7,5.29008616468e-7,0.00000101151647414,4.00089390951e-7,0.00000325633732245,0.00000532621788807,0.0000027171918191,0.0000067316723289,0.00000410410530094,0.00000281036204797,0.00000248715559792,0.0000157311878866,0.00000520638104717,0.0000039854426177,7.71635427554e-7,0.00000204152479455,0.00000319698483509,0.00000277402773463,0.00000223337769967,0.00000111115457457,7.28313580112e-7,2.16728849978e-7,1.23731240365e-7,3.11660073748e-7,1.42619398957e-7,8.45141414629e-8,5.3963002955e-8,2.68525504055e-8,1.89024582653e-8,1.80094801294e-8,1.2063575916e-8,3.37253935889e-9,9.7672381294e-10,6.94994894967e-11],"var":[0.0310323368758,2.89746308327,27.2649917603,37.1343154907,125.627059937,144.053527832,250.521148682,483.492340088,708.883422852,727.730957031,941.979431152,6172.87890625,9672.01269531,4082.32519531,3531.53662109,2652.71044922,4797.08447266,2428.5078125,2879.61010742,3541.93701172,2481.51757812,2963.73950195,3200.41992188,1212.45471191,2192.47143555,411.592559814,163.23425293,162.352294922,125.793457031,63.7121200562,35.5505104065,37.0894050598,16.6838512421,2.47841787338,0.530890405178,0.241149634123,0.116599589586,0.00458562467247,0.0000173855969479,2.23867964166e-8]},"erbbands_crest":{"dmean":2.46497917175,"dmean2":4.05524873734,"dvar":5.97502565384,"dvar2":14.9855670929,"max":33.957485199,"mean":7.91958379745,"median":6.77949142456,"min":2.10313391685,"var":17.9850215912},"erbbands_flatness_db":{"dmean":0.0168305747211,"dmean2":0.0243170727044,"dvar":0.000260432541836,"dvar2":0.00048587017227,"max":0.379947394133,"mean":0.163607448339,"median":0.154511138797,"min":0.036778960377,"var":0.00351525726728},"erbbands_kurtosis":{"dmean":0.760060369968,"dmean2":1.22463858128,"dvar":1.35655081272,"dvar2":3.02570867538,"max":81.6119613647,"mean":0.22669968009,"median":-0.182091236115,"min":-1.78367042542,"var":4.50091457367},"erbbands_skewness":{"dmean":0.348054111004,"dmean2":0.538974106312,"dvar":0.100490294397,"dvar2":0.229142442346,"max":3.27191781998,"mean":0.00349234370515,"median":0.0234841443598,"min":-5.11105394363,"var":0.488739520311},"erbbands_spread":{"dmean":6.89430999756,"dmean2":10.5128154755,"dvar":53.2078704834,"dvar2":113.855751038,"max":121.219856262,"mean":34.4275970459,"median":31.2481002808,"min":1.25295960903,"var":320.519042969},"gfcc":{"cov":[[7228.88037109,610.511047363,1985.41149902,1775.70251465,584.756286621,538.668151855,174.435516357,157.875015259,124.812866211,324.307769775,-10.0069894791,260.120300293,143.394226074],[610.511047363,1733.0793457,762.224914551,661.650695801,389.150970459,-17.8258171082,139.354400635,-62.4233779907,72.6742553711,9.69147777557,66.637802124,-38.9337768555,40.5773391724],[1985.41149902,762.224914551,1809.79870605,988.77166748,464.279968262,208.657836914,111.264633179,-5.04508924484,7.33395814896,215.583786011,-46.1545181274,111.873771667,-5.75200891495],[1775.70251465,661.650695801,988.77166748,1041.07324219,304.640594482,154.488815308,72.5503387451,8.43672561646,74.5223236084,98.1065597534,32.3127555847,61.0744628906,54.833190918],[584.756286621,389.150970459,464.279968262,304.640594482,394.300689697,65.7833786011,88.4454650879,60.8863258362,32.1380119324,83.8913803101,-23.5190010071,61.6544342041,9.06774139404],[538.668151855,-17.8258171082,208.657836914,154.488815308,65.7833786011,274.961883545,113.409217834,37.0790672302,34.0981826782,52.1074180603,-11.9773168564,37.6505584717,20.7684383392],[174.435516357,139.354400635,111.264633179,72.5503387451,88.4454650879,113.409217834,170.610961914,63.6573104858,18.0494537354,29.5824241638,1.57884204388,26.2785816193,-1.11614990234],[157.875015259,-62.4233779907,-5.04508924484,8.43672561646,60.8863258362,37.0790672302,63.6573104858,127.854530334,47.6484451294,18.9479999542,-1.90482103825,23.0757255554,-0.814334094524],[124.812866211,72.6742553711,7.33395814896,74.5223236084,32.1380119324,34.0981826782,18.0494537354,47.6484451294,102.640388489,31.0134849548,-3.4555606842,3.6606926918,16.8668613434],[324.307769775,9.69147777557,215.583786011,98.1065597534,83.8913803101,52.1074180603,29.5824241638,18.9479999542,31.0134849548,113.242851257,3.22700190544,39.5820198059,5.60084104538],[-10.0069894791,66.637802124,-46.1545181274,32.3127555847,-23.5190010071,-11.9773168564,1.57884204388,-1.90482103825,-3.4555606842,3.22700190544,91.2692947388,14.4804210663,3.33477187157],[260.120300293,-38.9337768555,111.873771667,61.0744628906,61.6544342041,37.6505584717,26.2785816193,23.0757255554,3.6606926918,39.5820198059,14.4804210663,100.319038391,25.7151527405],[143.394226074,40.5773391724,-5.75200891495,54.833190918,9.06774139404,20.7684383392,-1.11614990234,-0.814334094524,16.8668613434,5.60084104538,3.33477187157,25.7151527405,69.3994598389]],"icov":[[0.000300184765365,-0.0000346558626916,-0.00000456423686046,-0.000472933374112,0.000137052484206,-0.000340492348187,0.000347717956174,-0.000538917956874,0.000422860262915,-0.000400589546189,0.000277119892417,-0.00028893671697,-0.000120132172015],[-0.0000346558626916,0.00200672564097,-0.000930474954657,0.000150112333358,-0.00185173354112,0.00156222097576,-0.00274609681219,0.00301812705584,-0.00294723152183,0.00259714643471,-0.00265981792472,0.00230767996982,-0.00175232824404],[-0.00000456423686046,-0.000930474954657,0.0024462651927,-0.00176378618926,0.000296928134048,-0.000931281712838,0.00128588418011,-0.000986502855085,0.00300512532704,-0.00341176777147,0.00287486310117,-0.00175435387064,0.002455704147],[-0.000472933374112,0.000150112333358,-0.00176378618926,0.00374461617321,-0.00104938214645,0.000156638590852,-0.000525817158632,0.0015152185224,-0.00306928879581,0.00258958851919,-0.00294078770094,0.00135945621878,-0.00194132339675],[0.000137052484206,-0.00185173354112,0.000296928134048,-0.00104938214645,0.00643656589091,-0.000571827404201,0.00111831806134,-0.00432050973177,0.0030113121029,-0.00378886749968,0.00409531127661,-0.00342170451768,0.00159565650392],[-0.000340492348187,0.00156222097576,-0.000931281712838,0.000156638590852,-0.000571827404201,0.00749452784657,-0.00632883654907,0.00326034496538,-0.0035212719813,0.00122919806745,-0.000982341472991,0.0012546897633,-0.00230355747044],[0.000347717956174,-0.00274609681219,0.00128588418011,-0.000525817158632,0.00111831806134,-0.00632883654907,0.0144743788987,-0.00856359209865,0.00579365482554,-0.00373429246247,0.00264317495748,-0.00316178030334,0.00322717614472],[-0.000538917956874,0.00301812705584,-0.000986502855085,0.0015152185224,-0.00432050973177,0.00326034496538,-0.00856359209865,0.0182061977684,-0.010984711349,0.00548172835261,-0.00423801550642,0.00114989373833,-0.000260483036982],[0.000422860262915,-0.00294723152183,0.00300512532704,-0.00306928879581,0.0030113121029,-0.0035212719813,0.00579365482554,-0.010984711349,0.0208608359098,-0.00984680559486,0.00608490686864,-0.000983210862614,-0.0000551647462999],[-0.000400589546189,0.00259714643471,-0.00341176777147,0.00258958851919,-0.00378886749968,0.00122919806745,-0.00373429246247,0.00548172835261,-0.00984680559486,0.0192833803594,-0.00620162161067,-0.0000499583875353,-0.00173476675991],[0.000277119892417,-0.00265981792472,0.00287486310117,-0.00294078770094,0.00409531127661,-0.000982341472991,0.00264317495748,-0.00423801550642,0.00608490686864,-0.00620162161067,0.0175283830613,-0.00631551397964,0.00381555873901],[-0.00028893671697,0.00230767996982,-0.00175435387064,0.00135945621878,-0.00342170451768,0.0012546897633,-0.00316178030334,0.00114989373833,-0.000983210862614,-0.0000499583875353,-0.00631551397964,0.0179679337889,-0.00804890040308],[-0.000120132172015,-0.00175232824404,0.002455704147,-0.00194132339675,0.00159565650392,-0.00230355747044,0.00322717614472,-0.000260483036982,-0.0000551647462999,-0.00173476675991,0.00381555873901,-0.00804890040308,0.0209017302841]],"mean":[-15.8948526382,66.815788269,-140.378738403,18.715171814,-52.7961845398,6.68702507019,-32.7396011353,4.76304197311,-24.0178222656,-1.505169034,-18.0346298218,1.31624889374,-15.1971139908]},"hfc":{"dmean":6.09011220932,"dmean2":8.74434375763,"dvar":81.9820480347,"dvar2":162.712753296,"max":161.361053467,"mean":18.9280471802,"median":13.3684396744,"min":0.00000385465727959,"var":318.767364502},"melbands":{"dmean":[0.000759334885515,0.000989002292044,0.000499453919474,0.000307035632432,0.000197795117856,0.000162543161423,0.000121310135,0.0000778551839176,0.0000861614680616,0.000132854023832,0.00011262823682,0.000065297477704,0.000056628974562,0.0000415600261476,0.0000373822877009,0.0000350558038917,0.0000348801622749,0.0000306336733047,0.0000249799013545,0.0000214144547499,0.0000229548331845,0.0000204114003282,0.0000204573534575,0.0000126970344354,0.00000980773438641,0.0000105706731119,0.00000806271964393,0.00000418369018007,0.00000277684762295,0.00000227353962146,0.00000188450155747,0.00000161401897003,0.00000173634953171,0.0000011426693618,9.46686043335e-7,7.24634503513e-7,6.77809566696e-7,4.62087655251e-7,3.36562038683e-7,2.04658803682e-7],"dmean2":[0.00126942072529,0.00162690074649,0.000840024906211,0.000508865050506,0.000323443469824,0.000267332856311,0.000198951122002,0.000128710409626,0.000139113617479,0.000217225882807,0.000184535922017,0.000105478487967,0.0000891390445759,0.0000673422182444,0.0000603873668297,0.0000559275249543,0.0000567380011489,0.0000494525702379,0.0000396746399929,0.0000338917670888,0.0000365628293366,0.0000324571519741,0.0000328699497913,0.000020298653908,0.00001543739927,0.0000165361379914,0.0000127264929688,0.0000065407848524,0.00000444104398412,0.00000361438515029,0.00000296498046737,0.00000254738893091,0.00000269205997938,0.00000175829541149,0.00000144040404848,0.00000110919154395,0.00000102100523236,6.88431327944e-7,5.13498946475e-7,3.09020265377e-7],"dvar":[0.00000280994390778,0.00000454601831734,0.00000102572835203,3.98043653149e-7,1.5490203964e-7,1.69334413158e-7,1.10897296679e-7,5.96609908143e-8,5.59214754503e-8,1.47113325966e-7,1.54199426561e-7,3.66674584029e-8,3.14278487679e-8,1.15596856531e-8,9.79249303867e-9,7.54424700489e-9,6.32715524418e-9,5.72944225397e-9,3.7357343885e-9,2.81149059589e-9,3.24053806011e-9,3.11890113736e-9,2.27402097153e-9,7.63778817969e-10,4.6848652735e-10,6.56176557534e-10,3.55805385155e-10,7.42313779889e-11,3.61844824937e-11,5.02233012123e-11,2.93978487387e-11,2.27651942436e-11,1.9230075865e-11,6.08822584361e-12,5.27162558397e-12,4.48524941146e-12,7.86258905205e-12,4.13934121354e-12,2.1413220589e-12,6.39328379733e-13],"dvar2":[0.0000072676457421,0.0000111382860268,0.00000274491458185,0.00000101495606941,3.89930818301e-7,4.21970810294e-7,2.66001933369e-7,1.54774269845e-7,1.30763552875e-7,3.6491252331e-7,3.90748596146e-7,8.26004225019e-8,6.89805688125e-8,2.73706177722e-8,2.28629009058e-8,1.62473270393e-8,1.51929668846e-8,1.34203901325e-8,8.43754310864e-9,6.41331299178e-9,7.42501926609e-9,7.39066852162e-9,5.57546542268e-9,1.86420812121e-9,1.05148456608e-9,1.49919654469e-9,8.52494907999e-10,1.74141354115e-10,8.80628833744e-11,1.33881961073e-10,6.74904923614e-11,5.30002222665e-11,4.48738893266e-11,1.33784632678e-11,1.18285364142e-11,9.91226718761e-12,1.60754604073e-11,8.30234839211e-12,4.91486322127e-12,1.55733260489e-12],"max":[0.0189771521837,0.0251813288778,0.0115725286305,0.0127348992974,0.0105780493468,0.0155879613012,0.0126790460199,0.00749827781692,0.00826319120824,0.00789600517601,0.0119066908956,0.00736335664988,0.00641707517207,0.00419012410566,0.00291928322986,0.00387338688597,0.00271168211475,0.0023209459614,0.00192857789807,0.00158210634254,0.00281182816252,0.00276218913496,0.00116575579159,0.000747406098526,0.0011827260023,0.000684357364662,0.000635831966065,0.000238874039496,0.000206243479624,0.000352262431988,0.000369321292965,0.000290861382382,0.000204095209483,0.0000897936770343,0.000106707870145,0.0000900174345588,0.0000992332643364,0.000104238257336,0.0000556120467081,0.0000501811991853],"mean":[0.000920174701605,0.00138442369644,0.000707950792275,0.000442331889644,0.000301279302221,0.000220375746721,0.000166399142472,0.000100645396742,0.000118867719721,0.000186251607374,0.000166436366271,0.000102572572359,0.0000861147855176,0.0000628317648079,0.0000593823788222,0.0000565953014302,0.0000547748531972,0.0000484638148919,0.0000407356892538,0.0000350664449797,0.0000328269888996,0.0000296913003694,0.0000318198799505,0.0000211100577872,0.0000164787779795,0.0000185828630492,0.0000142948902067,0.00000742618567529,0.0000049472214414,0.00000411001929024,0.00000354488156518,0.00000297902511193,0.00000327271982314,0.00000234333970184,0.00000186437694083,0.00000142029978178,0.00000123183781398,8.11777567833e-7,5.77630146381e-7,3.6424015093e-7],"median":[0.000242156471359,0.000330861483235,0.000193214495084,0.000176443340024,0.00012262450764,0.0000797748143668,0.0000523050985066,0.0000313826749334,0.000039818125515,0.0000510391400894,0.0000458821014035,0.000037338664697,0.000029608980185,0.0000263452402578,0.000025834351618,0.0000251690380537,0.0000258256059169,0.0000219923331315,0.0000173753705894,0.0000142656144817,0.0000130879489006,0.0000114050853881,0.0000101354735307,0.00000808325967228,0.00000684625092617,0.00000692956427883,0.00000555888800591,0.00000310882569465,0.00000209012637242,0.00000156668613727,0.00000122021810967,9.91335468825e-7,9.72668999566e-7,8.09410551028e-7,6.15594615283e-7,4.10385268879e-7,2.77516335245e-7,1.76469271196e-7,1.37211586093e-7,8.84064519369e-8],"min":[1.52811574158e-12,1.27958928176e-12,3.51639030394e-12,5.5255609116e-12,8.13568656888e-12,1.18659587364e-11,1.62003344767e-11,2.59039035881e-12,2.80705025196e-11,3.47662384992e-11,9.78468087803e-12,2.64627000868e-11,1.46168008253e-11,8.80003014903e-12,5.98197880119e-12,6.85049239557e-12,3.24904200766e-11,4.45914008843e-12,9.03931270113e-12,2.1674209736e-12,5.82961467727e-13,1.82383513674e-12,3.02279360397e-12,2.64916127229e-12,2.21054901814e-12,1.86240671322e-12,1.1894512068e-12,6.17374369943e-13,5.00971605779e-13,2.57343733996e-13,8.72767705546e-14,6.46608214563e-14,1.06235637962e-13,1.93643752834e-13,8.10699502863e-14,5.85827298672e-14,5.09582644365e-14,4.27380773458e-14,2.51634667557e-14,2.06850460155e-14],"var":[0.00000310750215249,0.00000604887691225,0.00000130056605485,5.73130705561e-7,2.76958701306e-7,2.22496240099e-7,1.65524951967e-7,7.45967341231e-8,8.35791311715e-8,2.35540781546e-7,2.48708232675e-7,7.4151792262e-8,5.60252892967e-8,1.89446911492e-8,1.76737842139e-8,1.68157683333e-8,1.0042630727e-8,9.6080103873e-9,7.03834768245e-9,5.41868194759e-9,4.64291582958e-9,4.07175138051e-9,4.29317026374e-9,1.54885226866e-9,8.78754791156e-10,1.31838928663e-9,7.18056725191e-10,1.44559475501e-10,6.36661973141e-11,6.74605579731e-11,5.49352265067e-11,4.29700407201e-11,3.84113886531e-11,1.64466027602e-11,1.28938847446e-11,1.03959072253e-11,1.75989865042e-11,9.75788807395e-12,4.08340288666e-12,1.55184524085e-12]},"melbands_crest":{"dmean":3.37567257881,"dmean2":5.62525033951,"dvar":8.70617008209,"dvar2":22.2138385773,"max":32.550994873,"mean":11.8164396286,"median":11.0192270279,"min":2.78255343437,"var":23.2176036835},"melbands_flatness_db":{"dmean":0.0243392921984,"dmean2":0.0376944318414,"dvar":0.00049176637549,"dvar2":0.00109550531488,"max":0.369322746992,"mean":0.162928655744,"median":0.158827856183,"min":0.0278425589204,"var":0.00254114042036},"melbands_kurtosis":{"dmean":4.79251813889,"dmean2":7.57932424545,"dvar":84.1262435913,"dvar2":206.046478271,"max":246.095321655,"mean":7.5631275177,"median":3.29683017731,"min":-1.84720385075,"var":159.0834198},"melbands_skewness":{"dmean":0.669607281685,"dmean2":1.0339256525,"dvar":0.503032565117,"dvar2":1.11175882816,"max":13.3154811859,"mean":1.9961796999,"median":1.68466818333,"min":-4.46998167038,"var":2.26214361191},"melbands_spread":{"dmean":8.39824485779,"dmean2":13.0998077393,"dvar":94.3309402466,"dvar2":205.949417114,"max":216.608627319,"mean":29.6260528564,"median":25.985616684,"min":1.67132914066,"var":347.397979736},"mfcc":{"cov":[[6552.73046875,-117.491157532,1391.31555176,1295.53552246,668.599060059,708.607055664,267.496307373,237.171875,285.096221924,154.624389648,-1.38583517075,208.394775391,172.711608887],[-117.491157532,1218.5645752,340.133209229,486.328094482,238.539871216,144.050720215,125.847038269,21.0366516113,41.4125518799,36.5798301697,3.15997099876,64.7640991211,33.490776062],[1391.31555176,340.133209229,1319.94812012,811.943237305,407.311706543,434.759643555,179.825210571,32.8350410461,112.99118042,41.565196991,13.8817415237,121.814918518,80.2502670288],[1295.53552246,486.328094482,811.943237305,958.005249023,439.888336182,297.262756348,130.242980957,56.9443626404,92.120803833,56.5940361023,-5.44130468369,99.0416717529,91.7620315552],[668.599060059,238.539871216,407.311706543,439.888336182,346.798400879,182.78427124,72.3892059326,38.6875305176,85.0192718506,35.7885131836,11.0257730484,51.4434318542,52.6804122925],[708.607055664,144.050720215,434.759643555,297.262756348,182.78427124,322.118469238,127.785507202,51.931854248,108.917785645,20.8791751862,34.4326019287,63.8962364197,31.9706249237],[267.496307373,125.847038269,179.825210571,130.242980957,72.3892059326,127.785507202,169.168807983,69.6918869019,42.5207138062,20.1251354218,31.1069774628,33.0795440674,23.6169815063],[237.171875,21.0366516113,32.8350410461,56.9443626404,38.6875305176,51.931854248,69.6918869019,136.818008423,58.1663589478,24.5381526947,40.66664505,9.53370761871,11.0623140335],[285.096221924,41.4125518799,112.99118042,92.120803833,85.0192718506,108.917785645,42.5207138062,58.1663589478,162.225830078,36.5468444824,38.331161499,27.5435371399,13.2893819809],[154.624389648,36.5798301697,41.565196991,56.5940361023,35.7885131836,20.8791751862,20.1251354218,24.5381526947,36.5468444824,99.0257873535,21.3522434235,3.35247302055,7.75053167343],[-1.38583517075,3.15997099876,13.8817415237,-5.44130468369,11.0257730484,34.4326019287,31.1069774628,40.66664505,38.331161499,21.3522434235,94.0970916748,24.0206260681,8.41463851929],[208.394775391,64.7640991211,121.814918518,99.0416717529,51.4434318542,63.8962364197,33.0795440674,9.53370761871,27.5435371399,3.35247302055,24.0206260681,80.6731338501,27.0616569519],[172.711608887,33.490776062,80.2502670288,91.7620315552,52.6804122925,31.9706249237,23.6169815063,11.0623140335,13.2893819809,7.75053167343,8.41463851929,27.0616569519,78.377822876]],"icov":[[0.000286805763608,0.000221191963647,-0.0000188941885426,-0.000296924961731,-0.0000303279139189,-0.000343116902513,0.0000748820020817,-0.000338390644174,-0.00000323404242408,-0.000263443915173,0.000377486721845,-0.000296666694339,-0.0000854953905218],[0.000221191963647,0.00128034257796,0.000179455833859,-0.000845071859658,-0.000226966352784,-0.0000712064356776,-0.000717368384358,0.000164978337125,-0.00000412466988564,-0.0002740706841,0.000274780322798,-0.000536352628842,0.000329094327753],[-0.0000188941885426,0.000179455833859,0.002180890413,-0.00133364752401,-0.000102633704955,-0.00168606021907,-0.000424973433837,0.000820600194857,0.000294431956718,-0.0000186986162589,-0.0000124452071759,-0.000423184857937,0.00016169421724],[-0.000296924961731,-0.000845071859658,-0.00133364752401,0.00431029591709,-0.00286456639878,0.000315353740007,0.000425130070653,-0.000737047870643,0.000710743537638,-0.000430355023127,0.000892451149411,-0.000537847459782,-0.000880839535967],[-0.0000303279139189,-0.000226966352784,-0.000102633704955,-0.00286456639878,0.00786036904901,-0.00115114601795,0.000513689417858,0.0000998101531877,-0.00162287824787,-0.000195449669263,-0.000205190503038,0.000658886623569,-0.00127087684814],[-0.000343116902513,-0.0000712064356776,-0.00168606021907,0.000315353740007,-0.00115114601795,0.00905384495854,-0.00379244354554,0.00110994721763,-0.00329125882126,0.00147078162991,-0.000995975802653,-0.000900804239791,0.00104092026595],[0.0000748820020817,-0.000717368384358,-0.000424973433837,0.000425130070653,0.000513689417858,-0.00379244354554,0.0111449416727,-0.00478384643793,0.00168794218916,-0.000799743575044,-0.000355584052159,-0.000832664663903,-0.00128386134747],[-0.000338390644174,0.000164978337125,0.000820600194857,-0.000737047870643,0.0000998101531877,0.00110994721763,-0.00478384643793,0.0121576739475,-0.00302460766397,0.0000446272206318,-0.0035754579585,0.00205610739067,0.0000859479987412],[-0.00000323404242408,-0.00000412466988564,0.000294431956718,0.000710743537638,-0.00162287824787,-0.00329125882126,0.00168794218916,-0.00302460766397,0.0102533679456,-0.00233322614804,-0.00124334183056,-0.00111132999882,0.000236307358136],[-0.000263443915173,-0.0002740706841,-0.0000186986162589,-0.000430355023127,-0.000195449669263,0.00147078162991,-0.000799743575044,0.0000446272206318,-0.00233322614804,0.0121388584375,-0.00254734396003,0.00185185088776,-0.000183939162525],[0.000377486721845,0.000274780322798,-0.0000124452071759,0.000892451149411,-0.000205190503038,-0.000995975802653,-0.000355584052159,-0.0035754579585,-0.00124334183056,-0.00254734396003,0.0150209804997,-0.00459646293893,-0.000388284592191],[-0.000296666694339,-0.000536352628842,-0.000423184857937,-0.000537847459782,0.000658886623569,-0.000900804239791,-0.000832664663903,0.00205610739067,-0.00111132999882,0.00185185088776,-0.00459646293893,0.0182917732745,-0.00398566992953],[-0.0000854953905218,0.000329094327753,0.00016169421724,-0.000880839535967,-0.00127087684814,0.00104092026595,-0.00128386134747,0.0000859479987412,0.000236307358136,-0.000183939162525,-0.000388284592191,-0.00398566992953,0.0158724617213]],"mean":[-654.490356445,105.297821045,-29.2369346619,13.9204072952,-4.09556245804,3.24794340134,-2.94426131248,5.67195224762,-5.49051761627,2.5714597702,-2.73853874207,-4.78058624268,-3.89511561394]},"pitch_salience":{"dmean":0.075131714344,"dmean2":0.122855991125,"dvar":0.00447654724121,"dvar2":0.0113310292363,"max":0.991131424904,"mean":0.624352812767,"median":0.638331830502,"min":0.127035498619,"var":0.0136351138353},"silence_rate_20dB":{"dmean":0,"dmean2":0,"dvar":0,"dvar2":0,"max":1,"mean":1,"median":1,"min":1,"var":0},"silence_rate_30dB":{"dmean":0,"dmean2":0,"dvar":0,"dvar2":0,"max":1,"mean":1,"median":1,"min":1,"var":0},"silence_rate_60dB":{"dmean":0.0271668825299,"dmean2":0.0543372780085,"dvar":0.0264257639647,"dvar2":0.0605675168335,"max":1,"mean":0.147079750896,"median":0,"min":0,"var":0.125440016389},"spectral_centroid":{"dmean":257.913085938,"dmean2":398.173980713,"dvar":62023.6484375,"dvar2":132251.75,"max":4729.08203125,"mean":1741.31921387,"median":1704.15063477,"min":296.908691406,"var":361604.375},"spectral_complexity":{"dmean":4.24100923538,"dmean2":6.27602052689,"dvar":21.1466407776,"dvar2":38.4948806763,"max":58,"mean":21.1258659363,"median":21,"min":0,"var":140.91835022},"spectral_contrast_coeffs":{"dmean":[0.0543471239507,0.0512678995728,0.0387695431709,0.0290121845901,0.0227816589177,0.0174037776887],"dmean2":[0.0910341590643,0.0852396339178,0.064098097384,0.0479854270816,0.0362377390265,0.0278637502342],"dvar":[0.00188407290261,0.00166368531063,0.00102866184898,0.000588720839005,0.000411631830502,0.000238004678977],"dvar2":[0.00508596422151,0.00447479728609,0.00262849614955,0.00148996058851,0.000938104349189,0.000578310573474],"max":[-0.244934141636,-0.410814881325,-0.462428838015,-0.551128029823,-0.548984289169,-0.556394934654],"mean":[-0.659117043018,-0.767217695713,-0.796255409718,-0.805336236954,-0.791436135769,-0.752018392086],"median":[-0.670929014683,-0.77885723114,-0.810483336449,-0.815557420254,-0.8008877635,-0.751266539097],"min":[-0.949707448483,-0.963527083397,-0.993816018105,-0.919493436813,-0.931960165501,-0.884834706783],"var":[0.00732722459361,0.00543530890718,0.00405988190323,0.00226322025992,0.00211480469443,0.00138079153839]},"spectral_contrast_valleys":{"dmean":[0.434264689684,0.373095422983,0.293628931046,0.246026396751,0.220200657845,0.245146021247],"dmean2":[0.71878182888,0.616984963417,0.486369282007,0.397793650627,0.331410646439,0.346519351006],"dvar":[0.130022630095,0.0987942218781,0.0606841742992,0.0457823723555,0.0556855164468,0.0874924212694],"dvar2":[0.319682955742,0.251971900463,0.154156461358,0.10422898829,0.102936662734,0.158822596073],"max":[-5.37905931473,-4.74378204346,-5.16175222397,-5.61474847794,-5.66369771957,-7.6129693985],"mean":[-8.08936882019,-6.96472549438,-7.00593423843,-7.24441576004,-7.31802511215,-10.30768013],"median":[-7.30377149582,-6.86010122299,-6.93601989746,-7.13563489914,-7.18696880341,-10.1839151382],"min":[-16.4586982727,-14.5936069489,-14.0791130066,-14.4716129303,-14.4649410248,-17.6759376526],"var":[3.85595178604,0.644081652164,0.430519253016,0.431102663279,0.669955670834,0.952161192894]},"spectral_decrease":{"dmean":1.87844695354e-9,"dmean2":2.87060597515e-9,"dvar":7.70857140182e-18,"dvar2":1.65806732512e-17,"max":-6.77613758188e-16,"mean":-4.8092299032e-9,"median":-3.51914719587e-9,"min":-2.93370039373e-8,"var":2.02201322888e-17},"spectral_energy":{"dmean":0.00748699624091,"dmean2":0.0113869188353,"dvar":0.000119739233924,"dvar2":0.000254993938142,"max":0.112684331834,"mean":0.0198679249734,"median":0.0147189665586,"min":2.90709678552e-9,"var":0.0003284298582},"spectral_energyband_high":{"dmean":0.000300041283481,"dmean2":0.000420928321546,"dvar":4.30093621162e-7,"dvar2":8.58925147895e-7,"max":0.0264232084155,"mean":0.000734988367185,"median":0.000308513117488,"min":4.88456046444e-11,"var":0.00000135634911658},"spectral_energyband_low":{"dmean":0.00432977918535,"dmean2":0.00684721209109,"dvar":0.0000745302895666,"dvar2":0.000167877864442,"max":0.104257166386,"mean":0.00673926435411,"median":0.00189912586939,"min":1.14741549595e-11,"var":0.000122195371659},"spectral_energyband_middle_high":{"dmean":0.00215652049519,"dmean2":0.00318797468208,"dvar":0.000011972266293,"dvar2":0.0000246458384936,"max":0.080427929759,"mean":0.00583869451657,"median":0.00359483296052,"min":2.2567958613e-9,"var":0.0000452385684184},"spectral_energyband_middle_low":{"dmean":0.00359397963621,"dmean2":0.00575716421008,"dvar":0.0000343275605701,"dvar2":0.0000829416094348,"max":0.0898492857814,"mean":0.0073798825033,"median":0.00490514375269,"min":6.29984897582e-10,"var":0.000067766130087},"spectral_entropy":{"dmean":0.112748831511,"dmean2":0.168039947748,"dvar":0.0129081904888,"dvar2":0.0245232619345,"max":8.83072566986,"mean":7.76320981979,"median":7.79130077362,"min":5.1664276123,"var":0.10208876431},"spectral_flux":{"dmean":0.0195839218795,"dmean2":0.0300854742527,"dvar":0.000607826339547,"dvar2":0.00124284264166,"max":0.282890886068,"mean":0.0794641673565,"median":0.0718092918396,"min":0.00010999852384,"var":0.00210631033406},"spectral_kurtosis":{"dmean":1.35143232346,"dmean2":2.26595425606,"dvar":2.00092530251,"dvar2":5.63143873215,"max":22.6485824585,"mean":5.03729152679,"median":4.77768325806,"min":-0.928307771683,"var":7.15249252319},"spectral_rms":{"dmean":0.000740809773561,"dmean2":0.00111175177153,"dvar":7.98437099547e-7,"dvar2":0.00000157401757406,"max":0.0104850335047,"mean":0.00390767492354,"median":0.00378945469856,"min":0.00000168409974322,"var":0.00000411338396589},"spectral_rolloff":{"dmean":535.186218262,"dmean2":868.200866699,"dvar":643526.875,"dvar2":1424177.75,"max":15008.6425781,"mean":2013.50842285,"median":1787.25585938,"min":86.1328125,"var":1904603.125},"spectral_skewness":{"dmean":0.189401969314,"dmean2":0.301922500134,"dvar":0.0318253934383,"dvar2":0.0776554942131,"max":3.64954304695,"mean":1.51429641247,"median":1.51254487038,"min":0.120280861855,"var":0.177899062634},"spectral_spread":{"dmean":430553.75,"dmean2":617646.5,"dvar":223383797760,"dvar2":405756805120,"max":14207073,"mean":4011195,"median":3787295.25,"min":1545290.75,"var":1530402177020},"spectral_strongpeak":{"dmean":0.524856507778,"dmean2":0.883474290371,"dvar":0.845836281776,"dvar2":2.16148161888,"max":15.5634422302,"mean":0.828397929668,"median":0.363475978374,"min":0.000012292923202,"var":1.4929664135},"zerocrossingrate":{"dmean":0.0102935433388,"dmean2":0.0123434811831,"dvar":0.0001389280078,"dvar2":0.000173576045199,"max":0.42138671875,"mean":0.0756852030754,"median":0.06884765625,"min":0.00634765625,"var":0.00124259945005}},"metadata":{"audio_properties":{"analysis_sample_rate":44100,"bit_rate":301562,"codec":"mp3","downmix":"mix","equal_loudness":0,"length":358.974700928,"lossless":false,"md5_encoded":"7b9fe38a44fb70ac3a8e84e50791f41e","replay_gain":-14.4921760559,"sample_rate":44100},"tags":{"file_name":"2196278.mp3","musicbrainz_recordingid":["f00531cc-8870-456f-b1bf-8daea3ed2d50"]},"version":{"essentia":"2.1-beta2","essentia_build_sha":"70f2e5ece6736b2c40cc944ad0e695b16b925413","essentia_git_sha":"v2.1_beta2","extractor":"music 1.0"}},"rhythm":{"beats_count":692,"beats_loudness":{"dmean":0.0151892201975,"dmean2":0.0261006373912,"dvar":0.000191975370399,"dvar2":0.00059585069539,"max":0.109693787992,"mean":0.0356981121004,"median":0.0373620167375,"min":0.0000788307443145,"var":0.000563292473089},"beats_loudness_band_ratio":{"dmean":[0.198973566294,0.148702710867,0.103357791901,0.100704953074,0.0829867646098,0.0693868398666],"dmean2":[0.361170977354,0.284379661083,0.186361894011,0.176175072789,0.143995806575,0.127436935902],"dvar":[0.0339188575745,0.0165028423071,0.0140212830156,0.0137212658301,0.00613440014422,0.00848037470132],"dvar2":[0.108533941209,0.0521655417979,0.0415591932833,0.0372866392136,0.0176305174828,0.0212090499699],"max":[0.952001452446,0.829997360706,0.795354425907,0.809051513672,0.735212981701,0.956001698971],"mean":[0.419782876968,0.141666412354,0.131513163447,0.157566726208,0.127291247249,0.0805212110281],"median":[0.433343470097,0.0910310596228,0.0770806372166,0.0723504275084,0.0888207256794,0.0584848746657],"min":[0.0000224873656407,0.000674619339406,0.00349942594767,0.00277085998096,0.00330562866293,0.00175030448008],"var":[0.0937752574682,0.0191719904542,0.018766766414,0.0316010192037,0.0135396309197,0.0103875240311]},"beats_position":[0.615328788757,1.23065757751,1.84598636627,2.47292518616,3.04181408882,3.62231278419,4.20281171799,4.77170038223,5.34058952332,5.89786815643,6.40870714188,6.91954612732,7.44199514389,7.96444416046,8.48689365387,9.0093421