{"lowlevel":{"average_loudness":0.869833290577,"barkbands":{"dmean":[0.00479945307598,0.0172087103128,0.00570274610072,0.00281636440195,0.00343603687361,0.00168901868165,0.0011183032766,0.000589276372921,0.000410901207943,0.000333234725986,0.000232748847338,0.000309611816192,0.000282638648059,0.00018792883202,0.000187330588233,0.000196061926545,0.000154230816406,0.000184367891052,0.00020031137683,0.000159031522344,0.0000994138026726,0.0000517030421179,0.0000198622237804,0.0000108660378828,0.00000918739442568,0.0000125246851894,0.000113764916023],"dmean2":[0.00820423848927,0.0294301379472,0.0105605414137,0.00512173352763,0.00577824329957,0.00270380778238,0.00182030617725,0.000966886465903,0.000670349865686,0.000564207497519,0.000375511910534,0.000510887301061,0.000453279091744,0.000315950397635,0.000312642630888,0.000288197916234,0.000241382920649,0.000285839982098,0.000304407440126,0.000235892439377,0.000144868419738,0.0000730530300643,0.0000309622264467,0.0000188920093933,0.0000164244320331,0.0000204961088457,0.000152691747644],"dvar":[0.000133118141093,0.00169291126076,0.000352833594661,0.000103819460492,0.0000653127353871,0.0000263110759988,0.0000110641340143,0.00000228925318879,0.00000202664477911,6.55950827877e-7,5.38996630439e-7,5.12423866894e-7,5.54154667043e-7,2.00353639457e-7,1.47745069512e-7,2.66644292424e-7,9.98560309995e-8,1.84660294167e-7,3.56467324991e-7,2.82642560023e-7,1.03822451081e-7,1.78914874027e-8,3.44552608667e-9,9.24296583715e-10,7.43709815954e-10,1.08924114173e-9,6.69687310051e-8],"dvar2":[0.000358724355465,0.00448351120576,0.00103601522278,0.000301618187223,0.000168188955286,0.0000614856107859,0.0000279582800431,0.00000541294957657,0.00000491311766382,0.00000163994911873,0.00000136495918923,0.00000127531120597,0.00000141164173328,5.28450129877e-7,3.86070524883e-7,5.87553017795e-7,2.17814971393e-7,4.00254435817e-7,7.47679791857e-7,6.02229704327e-7,2.18380122874e-7,3.24185478462e-8,7.07712821679e-9,2.57929322345e-9,2.10679362844e-9,2.68120303737e-9,1.19697517675e-7],"max":[0.16735547781,0.400972694159,0.278669714928,0.15664459765,0.162414431572,0.102196022868,0.108748875558,0.0432301722467,0.0515848100185,0.0182568151504,0.0244657248259,0.0230530425906,0.0152325909585,0.00604684278369,0.0114996796474,0.00718335760757,0.0119036268443,0.0122905792668,0.0161635018885,0.0201381277293,0.0148841142654,0.00959395430982,0.00269817980006,0.000422088167397,0.000372267968487,0.000989463645965,0.00578462146223],"mean":[0.00554206361994,0.0203048232943,0.00398168480024,0.00210629613139,0.00352503242902,0.00183228333481,0.0012964453781,0.000627459899988,0.000465632911073,0.000337463308824,0.000274053541943,0.000353496521711,0.000332471943693,0.000220532630919,0.00023411597067,0.000227471726248,0.000213906241697,0.000256449216977,0.000256943778368,0.000225058451178,0.000149834915646,0.0000808822078397,0.0000256497514783,0.00000979833748715,0.00000695423841535,0.0000142637954923,0.000209028017707],"median":[0.0000808123877505,0.000646630302072,0.000311854848405,0.000263000605628,0.000976589275524,0.000328319059918,0.000356630567694,0.000112753870781,0.0000970788678387,0.0000811788922874,0.000068755223765,0.0000971293848124,0.000117723473522,0.0000579743646085,0.000108788954094,0.0000618687699898,0.0000676216004649,0.0000685607956257,0.0000569297553739,0.0000561799752177,0.000043363776058,0.0000288728133455,0.00000909879327082,0.00000273793921224,7.92878893208e-7,0.00000528165946889,0.0000752634368837],"min":[7.79886429133e-25,2.54031394725e-24,5.27424611229e-25,1.60528382161e-24,7.68435718663e-24,7.51670452275e-24,4.46880709793e-24,5.17013994142e-24,2.79598116339e-23,1.6833868888e-23,1.07626872874e-23,2.23717434401e-23,3.35026418103e-23,2.81426695917e-23,3.65542082271e-23,7.12812063385e-23,6.94859040686e-23,1.09633250657e-22,1.50779314084e-22,1.95132141266e-22,1.78474074764e-22,3.0144732936e-22,3.94199953765e-22,5.6064336961e-22,8.49454308471e-22,1.29004390303e-21,1.83808660177e-21],"var":[0.000149401734234,0.00199143751524,0.000216764543438,0.0000632337469142,0.0000656778283883,0.0000327338239003,0.0000131391170726,0.00000308513494929,0.00000251991377809,7.47237152154e-7,6.8008495191e-7,6.76367562846e-7,5.91061336763e-7,2.44689232431e-7,1.58876019896e-7,3.36906140319e-7,1.5348264526e-7,2.78926250985e-7,5.00434680362e-7,4.13562048607e-7,1.84130769298e-7,4.36540155135e-8,5.83022341516e-9,6.82081391368e-10,5.0750725844e-10,1.29771215995e-9,1.61557011324e-7]},"barkbands_crest":{"dmean":3.63922858238,"dmean2":5.95136213303,"dvar":10.0455560684,"dvar2":26.1789779663,"max":26.084438324,"mean":11.6329488754,"median":11.0354013443,"min":2.22747397423,"var":29.5567989349},"barkbands_flatness_db":{"dmean":0.0381029322743,"dmean2":0.0588893964887,"dvar":0.00132164126262,"dvar2":0.00316983321682,"max":0.554572165012,"mean":0.1521846205,"median":0.144971936941,"min":0.0214670877904,"var":0.00488423276693},"barkbands_kurtosis":{"dmean":14.4871549606,"dmean2":23.6346855164,"dvar":903.132019043,"dvar2":2453.97485352,"max":546.818786621,"mean":18.3221721649,"median":5.99717950821,"min":-1.76417994499,"var":1111.29296875},"barkbands_skewness":{"dmean":1.23074769974,"dmean2":1.86685061455,"dvar":1.95788967609,"dvar2":4.82267570496,"max":18.7275485992,"mean":2.70960617065,"median":2.12676095963,"min":-2.37255811691,"var":6.27181100845},"barkbands_spread":{"dmean":7.87502479553,"dmean2":11.8552970886,"dvar":84.1593704224,"dvar2":176.899337769,"max":116.698448181,"mean":20.7448043823,"median":14.9221353531,"min":0.231068253517,"var":294.025787354},"dissonance":{"dmean":0.01715644449,"dmean2":0.0282087232918,"dvar":0.000332043942763,"dvar2":0.000863057095557,"max":0.500000119209,"mean":0.473371475935,"median":0.481440842152,"min":0.278307884932,"var":0.000658421136905},"dynamic_complexity":4.90060567856,"erbbands":{"dmean":[0.723810613155,3.28729963303,6.36523962021,8.63735103607,10.1930856705,12.1493501663,13.5148134232,13.205280304,16.2348861694,14.6800546646,11.3768024445,9.61053466797,8.70457363129,10.5987176895,9.15032482147,13.5575180054,12.6838512421,8.7244682312,9.65357398987,7.86982584,11.4016427994,8.88615989685,9.48146247864,10.2214736938,9.56037902832,7.73483610153,5.39618682861,3.09058976173,1.95418465137,1.09881579876,0.493435651064,0.257311850786,0.161200582981,0.103392899036,0.0640650093555,0.0374086499214,0.0236299410462,0.0229406189173,0.0145821431652,0.0022745502647],"dmean2":[1.22006094456,5.67667531967,11.5898208618,15.7909107208,17.926361084,20.2342281342,21.6272392273,21.361076355,25.9980678558,24.1306171417,18.2874908447,15.6255617142,14.366060257,17.440366745,14.5645284653,22.2300319672,20.0648727417,14.4809217453,15.9641981125,12.3359670639,16.4541702271,13.5071392059,14.4084606171,15.5596857071,14.1091365814,11.5549907684,7.97575139999,4.4352850914,2.73528814316,1.63627326488,0.780059576035,0.433904647827,0.283029168844,0.18436871469,0.114558555186,0.0657877251506,0.0380698628724,0.0315562039614,0.0193823762238,0.00309982220642],"dvar":[2.794891119,70.7081680298,380.500366211,955.361083984,933.028503418,906.911865234,1776.5078125,1784.49621582,2836.5612793,1402.34509277,967.592590332,1269.83496094,607.112792969,651.301696777,740.495849609,989.493591309,954.864746094,417.102935791,411.938201904,226.296188354,894.862365723,318.138763428,451.896331787,833.832458496,820.258666992,661.837524414,326.300628662,71.5707168579,25.1899147034,10.8157396317,1.76050543785,0.464329123497,0.204570695758,0.0924001559615,0.0358864627779,0.0111332228407,0.00400460651144,0.00389465549961,0.0015292300377,0.0000297723672702],"dvar2":[7.54208803177,188.849472046,1116.09594727,2782.94238281,2654.7487793,2229.22607422,4143.55566406,4373.80322266,7121.01708984,3649.4206543,2267.62695312,3168.62084961,1476.95544434,1614.83825684,1869.81616211,2459.08569336,2353.765625,1073.15576172,1049.81152344,490.22845459,1910.73352051,676.400939941,981.04296875,1744.46948242,1695.27709961,1416.73400879,683.660583496,143.784088135,48.1429214478,18.8024215698,3.86463737488,1.23695504665,0.575837731361,0.26168191433,0.101683109999,0.0313777625561,0.00969245936722,0.0063858916983,0.00279379542917,0.0000554540747544],"max":[17.7566299438,88.6378555298,271.694030762,434.940551758,434.748962402,793.242431641,866.551696777,1068.58911133,1972.1348877,977.679992676,1006.02978516,1555.00695801,911.682922363,622.616760254,1270.32373047,728.144592285,657.765441895,279.367156982,372.124542236,411.863494873,430.325408936,605.141235352,522.672607422,831.694335938,930.60144043,993.854736328,664.524902344,392.324462891,289.009918213,187.040557861,53.0452957153,13.3817405701,6.15485286713,4.15409803391,2.58607077599,1.43363368511,2.42923927307,4.32731056213,1.42539691925,0.116855449975],"mean":[0.878986060619,3.39510393143,4.93106365204,6.38617706299,8.69581317902,12.3401279449,14.374581337,14.6608657837,19.1945343018,16.0696163177,12.7954521179,10.864440918,9.45479202271,11.7861642838,11.5096168518,15.692990303,15.6237106323,10.7753362656,12.4078788757,10.9836816788,13.5568876266,12.6597738266,13.4397182465,13.4565515518,12.7760438919,10.5888710022,7.77499246597,4.74639320374,3.05732274055,1.63893163204,0.611863315105,0.257534682751,0.138265490532,0.0799061283469,0.0484844595194,0.031581711024,0.0272595733404,0.0383516289294,0.0252495761961,0.00434477906674],"median":[0.0126172881573,0.155028045177,0.459810137749,0.798434376717,1.82595014572,3.21482038498,2.93569469452,2.78082513809,5.29035282135,3.65620756149,2.50545907021,2.34565806389,2.34922361374,2.8395884037,3.29552745819,4.65738964081,5.95473575592,3.2336974144,5.14645767212,4.66233348846,3.62186956406,3.98171806335,3.74468970299,3.32511281967,2.86964273453,2.58874440193,2.17531013489,1.47691977024,1.07820868492,0.601973176003,0.224019184709,0.0847624614835,0.0337947979569,0.0107893813401,0.0054451841861,0.00722685363144,0.010372963734,0.0145251918584,0.0083165038377,0.00174158927985],"min":[9.10518655371e-23,5.58859357517e-22,2.32566675981e-21,3.99929305369e-21,1.31567907032e-20,1.79426606258e-20,4.73601031871e-20,7.29178063035e-20,8.34683980814e-20,1.60441993713e-19,2.64593054272e-19,5.02442273665e-19,5.95948527867e-19,7.05630040454e-19,8.68058120667e-19,1.13210978523e-18,1.54855407141e-18,1.63670029864e-18,2.34626947657e-18,2.99339685801e-18,4.39760605137e-18,4.6159982767e-18,6.73824718426e-18,6.68913664411e-18,8.60094129127e-18,8.60823454273e-18,8.13573987785e-18,9.63256041939e-18,1.14617669465e-17,1.09900308062e-17,1.14134273387e-17,1.03694344157e-17,8.40206804685e-18,7.9982814852e-18,5.79092065569e-18,4.65761125178e-18,2.38050213943e-18,8.83592055582e-19,2.23039687899e-19,2.68392449922e-20],"var":[3.46654248238,71.6620101929,252.851379395,581.144714355,618.968444824,981.603942871,2011.78466797,2113.10058594,3289.6159668,1615.85986328,1400.78234863,1468.67553711,757.995788574,823.236816406,986.329345703,1218.58044434,1117.8326416,516.888366699,515.981933594,348.037536621,1178.94189453,520.340270996,702.382385254,1193.46923828,1210.54504395,944.102233887,521.83013916,151.783050537,58.0521202087,24.9668941498,2.80592155457,0.408849895,0.145779594779,0.063345298171,0.0245119798928,0.00789036229253,0.00475966185331,0.0108569096774,0.00375995389186,0.0000626423134236]},"erbbands_crest":{"dmean":2.79624652863,"dmean2":4.6193561554,"dvar":6.86622667313,"dvar2":17.5476264954,"max":28.0544815063,"mean":7.89134788513,"median":6.95478439331,"min":2.15861964226,"var":13.8758506775},"erbbands_flatness_db":{"dmean":0.0251623392105,"dmean2":0.0382252857089,"dvar":0.000537407584488,"dvar2":0.00116770504974,"max":0.403844416142,"mean":0.142079591751,"median":0.13792091608,"min":0.0319855883718,"var":0.00213865470141},"erbbands_kurtosis":{"dmean":1.51797831059,"dmean2":2.38463640213,"dvar":5.95727872849,"dvar2":13.2248010635,"max":51.8277168274,"mean":0.930397868156,"median":-0.0880271196365,"min":-1.7639657259,"var":10.2608795166},"erbbands_skewness":{"dmean":0.522472083569,"dmean2":0.769907832146,"dvar":0.270906329155,"dvar2":0.530309975147,"max":6.07068061829,"mean":0.150595188141,"median":0.131375521421,"min":-4.67673587799,"var":1.05435097218},"erbbands_spread":{"dmean":10.4469146729,"dmean2":15.595205307,"dvar":99.9283447266,"dvar2":222.742584229,"max":116.90738678,"mean":36.655872345,"median":33.5945739746,"min":2.23030543327,"var":317.361022949},"gfcc":{"cov":[[22826.2578125,906.056518555,-691.441040039,866.270202637,-43.9456138611,-125.376243591,265.178497314,36.4717712402,-99.9538879395,-49.7602386475,-166.463104248,63.580909729,-89.5120620728],[906.056518555,1501.63378906,527.383239746,-250.577255249,-28.8562641144,313.890716553,-125.969749451,163.687911987,-61.6572761536,84.4359130859,129.647216797,-29.4032402039,118.023193359],[-691.441040039,527.383239746,867.806091309,279.681671143,51.6661682129,434.974578857,-20.0837650299,322.620697021,-16.7469673157,148.406280518,69.2362213135,23.3681564331,90.7996139526],[866.270202637,-250.577255249,279.681671143,653.159179688,241.267486572,125.849617004,217.682159424,110.514190674,53.1697616577,49.7599525452,-17.1198596954,81.0139007568,-9.85238742828],[-43.9456138611,-28.8562641144,51.6661682129,241.267486572,347.45916748,126.713790894,169.883987427,31.2084255219,52.2142486572,-2.68867516518,42.8355522156,26.2335510254,33.8246307373],[-125.376243591,313.890716553,434.974578857,125.849617004,126.713790894,533.826477051,18.4944381714,259.757354736,-11.9828567505,103.211524963,31.7727355957,23.1366405487,61.0946121216],[265.178497314,-125.969749451,-20.0837650299,217.682159424,169.883987427,18.4944381714,269.889953613,3.58826541901,53.3537406921,-7.85375452042,19.1809501648,54.3568153381,11.4894313812],[36.4717712402,163.687911987,322.620697021,110.514190674,31.2084255219,259.757354736,3.58826541901,308.648010254,61.2454071045,114.383811951,38.9414749146,-6.5808391571,44.4310646057],[-99.9538879395,-61.6572761536,-16.7469673157,53.1697616577,52.2142486572,-11.9828567505,53.3537406921,61.2454071045,171.315872192,73.2678756714,20.8900260925,31.7415332794,-6.94691610336],[-49.7602386475,84.4359130859,148.406280518,49.7599525452,-2.68867516518,103.211524963,-7.85375452042,114.383811951,73.2678756714,125.137687683,58.9471054077,17.6258144379,17.980638504],[-166.463104248,129.647216797,69.2362213135,-17.1198596954,42.8355522156,31.7727355957,19.1809501648,38.9414749146,20.8900260925,58.9471054077,103.381492615,34.7429618835,41.0711746216],[63.580909729,-29.4032402039,23.3681564331,81.0139007568,26.2335510254,23.1366405487,54.3568153381,-6.5808391571,31.7415332794,17.6258144379,34.7429618835,97.0050888062,36.3208465576],[-89.5120620728,118.023193359,90.7996139526,-9.85238742828,33.8246307373,61.0946121216,11.4894313812,44.4310646057,-6.94691610336,17.980638504,41.0711746216,36.3208465576,94.959526062]],"icov":[[0.0000896251731319,-0.000254355865764,0.000521289708558,-0.000602522050031,0.000392445945181,-0.000160304683959,0.0000597261459916,-0.000106835825136,-0.00000799852750788,0.000140181422466,-0.000145465222886,0.000241324538365,-0.00021075856057],[-0.000254355865764,0.00200041825883,-0.00245769578032,0.00239960383624,-0.000959564174991,-0.000031720577681,-0.000212091530557,0.000857265724335,-0.000448823207989,0.000410488282796,-0.00100337318145,0.000196340683033,0.000108026244561],[0.000521289708558,-0.00245769578032,0.00768283847719,-0.00783368200064,0.00591984018683,-0.00418573897332,0.00175750872586,-0.000601270236075,-0.00199446477927,0.00378942070529,-0.00564073678106,0.00566486408934,-0.00455049611628],[-0.000602522050031,0.00239960383624,-0.00783368200064,0.0152093814686,-0.0139203043655,0.00891943927854,-0.00384167744778,-0.00483558978885,0.0111096696928,-0.0161392446607,0.0180697198957,-0.0171839352697,0.0100913830101],[0.000392445945181,-0.000959564174991,0.00591984018683,-0.0139203043655,0.0203201193362,-0.0123579343781,0.000550037017092,0.00768686225638,-0.0164041668177,0.0226181168109,-0.0242368020117,0.0216660425067,-0.011779775843],[-0.000160304683959,-0.000031720577681,-0.00418573897332,0.00891943927854,-0.0123579343781,0.0123124951497,-0.00177310686558,-0.00792889855802,0.0130364885554,-0.0168869588524,0.0180341470987,-0.0160241816193,0.00770120322704],[0.0000597261459916,-0.000212091530557,0.00175750872586,-0.00384167744778,0.000550037017092,-0.00177310686558,0.00758204935119,0.00053244875744,-0.0036134601105,0.00558899622411,-0.0049835909158,0.00131286599208,-0.0016501735663],[-0.000106835825136,0.000857265724335,-0.000601270236075,-0.00483558978885,0.00768686225638,-0.00792889855802,0.00053244875744,0.0133064175025,-0.010807483457,0.00729055004194,-0.0111115835607,0.0140225403011,-0.00774885574356],[-0.00000799852750788,-0.000448823207989,-0.00199446477927,0.0111096696928,-0.0164041668177,0.0130364885554,-0.0036134601105,-0.010807483457,0.0274090878665,-0.029854638502,0.0258960556239,-0.0236450731754,0.0120615698397],[0.000140181422466,0.000410488282796,0.00378942070529,-0.0161392446607,0.0226181168109,-0.0168869588524,0.00558899622411,0.00729055004194,-0.029854638502,0.0529948584735,-0.0423606671393,0.0274313036352,-0.0113446293399],[-0.000145465222886,-0.00100337318145,-0.00564073678106,0.0180697198957,-0.0242368020117,0.0180341470987,-0.0049835909158,-0.0111115835607,0.0258960556239,-0.0423606671393,0.0528555773199,-0.0335051491857,0.0110809421167],[0.000241324538365,0.000196340683033,0.00566486408934,-0.0171839352697,0.0216660425067,-0.0160241816193,0.00131286599208,0.0140225403011,-0.0236450731754,0.0274313036352,-0.0335051491857,0.0438168309629,-0.0205358862877],[-0.00021075856057,0.000108026244561,-0.00455049611628,0.0100913830101,-0.011779775843,0.00770120322704,-0.0016501735663,-0.00774885574356,0.0120615698397,-0.0113446293399,0.0110809421167,-0.0205358862877,0.0247551184148]],"mean":[-54.7018203735,80.6790084839,-95.0158843994,11.6781749725,-21.4714450836,-21.2003040314,-8.46367835999,-19.1091022491,-7.64633893967,-3.72589755058,-6.31126594543,1.13460469246,-10.3009262085]},"hfc":{"dmean":12.1595506668,"dmean2":18.0657196045,"dvar":292.615875244,"dvar2":653.962158203,"max":301.725189209,"mean":25.1344108582,"median":18.0867805481,"min":1.06840289044e-16,"var":637.96472168},"melbands":{"dmean":[0.00545282987878,0.00358151388355,0.00152273080312,0.000807938631624,0.000477057357784,0.000303272216115,0.000241604240728,0.000155892586918,0.0000889439470484,0.0000585961024626,0.0000442908785772,0.0000446310186817,0.0000311660660373,0.0000338748177455,0.0000427423910878,0.0000184223317774,0.0000166413828993,0.0000156596215675,0.0000138042978506,0.0000110629471237,0.0000132870372909,0.00000942285259953,0.00000928514873522,0.00000881312189449,0.00000858731345943,0.00000809469656815,0.00000596340487391,0.00000510376548846,0.00000364836591871,0.00000262034222942,0.00000168473331996,0.00000123495510707,8.59409453824e-7,5.3454408544e-7,3.14220699238e-7,1.89345485069e-7,1.43918313711e-7,1.16614941703e-7,9.71886748857e-8,8.40318747919e-8],"dmean2":[0.00920360069722,0.00622731307521,0.00275690760463,0.00138373614755,0.000761190080084,0.000488131336169,0.000388454296626,0.000257458916167,0.000142732460517,0.0000955318537308,0.0000736951697036,0.0000741189069231,0.0000498734516441,0.0000563628345844,0.0000694569534971,0.0000294280744129,0.0000277967756119,0.0000260995329882,0.000022706000891,0.0000168882143043,0.0000192693441932,0.0000147675964399,0.0000143628294609,0.0000136067465064,0.0000131836377477,0.0000123588570204,0.00000891900799616,0.00000773852389102,0.00000543533360542,0.00000394580638385,0.00000243687713919,0.00000178183211119,0.00000125501378534,8.15654118469e-7,5.06602304995e-7,3.11320292212e-7,2.47586797286e-7,2.04763054512e-7,1.72562010903e-7,1.50183566916e-7],"dvar":[0.000161536227097,0.0000958814489422,0.0000264454447461,0.00000425625148637,0.00000175688342097,8.69242512636e-7,5.62229217849e-7,1.48037358372e-7,6.32400727341e-8,4.97762222551e-8,1.56144075447e-8,1.15541771706e-8,9.44494171762e-9,7.02846980616e-9,1.26262209577e-8,1.67277336427e-9,1.55353574449e-9,1.11821518711e-9,8.10944644769e-10,6.5220068235e-10,1.11819142834e-9,3.88307885846e-10,3.90833393427e-10,4.5232934065e-10,6.09395589546e-10,5.9344784642e-10,3.45004191882e-10,3.345750621e-10,1.53897644628e-10,8.01432045727e-11,1.78911729182e-11,9.78412142971e-12,5.90124910743e-12,3.05796078563e-12,7.52041874955e-13,2.53639069383e-13,1.51940200872e-13,1.06268218238e-13,7.96875450826e-14,6.18588771244e-14],"dvar2":[0.000428604078479,0.000273896584986,0.0000767765523051,0.0000113790829346,0.00000406245089835,0.0000020988502456,0.00000140146221383,3.80294977731e-7,1.48038395764e-7,1.23925786966e-7,3.83681886262e-8,2.88407449034e-8,2.39206094932e-8,1.79384898047e-8,3.19845909758e-8,4.07041600425e-9,4.02488709028e-9,2.87389712028e-9,2.10476724938e-9,1.45281242592e-9,2.3326212073e-9,8.89672613358e-10,8.7526202952e-10,9.97620097642e-10,1.30645194663e-9,1.32423871868e-9,7.24143800479e-10,7.5309258829e-10,3.27351423746e-10,1.74882400228e-10,3.8004037417e-11,2.02490836598e-11,9.66970253868e-12,5.8498774401e-12,1.70206676444e-12,6.29808650978e-13,4.15497633044e-13,2.98771857948e-13,2.25535749473e-13,1.75238255439e-13],"max":[0.128258988261,0.104696936905,0.0726416781545,0.0358423367143,0.0318649373949,0.021139793098,0.0260489229113,0.0086059551686,0.00817680172622,0.00968911312521,0.00440278789029,0.00235590874217,0.00326976273209,0.00289683789015,0.00186611735262,0.000898572383448,0.000562591536436,0.000471133214887,0.000903692794964,0.000363668485079,0.000510890618898,0.000840226130094,0.00060842098901,0.000641868216917,0.000702018034644,0.000695191905834,0.000583097571507,0.000760578841437,0.00043383880984,0.00046394369565,0.000188961916137,0.000160391835379,0.000194747932255,0.0000943100603763,0.0000345095722878,0.0000144930054375,0.00000771395571064,0.00000443587714472,0.00000386007059205,0.00000339903226632],"mean":[0.00688615161926,0.00325879058801,0.0011689895764,0.00076812854968,0.000521601934452,0.000340117374435,0.000287394010229,0.000168649363331,0.00010035494779,0.0000648740387987,0.000046653643949,0.0000478247675346,0.0000380883975595,0.000038454109017,0.0000477301036881,0.0000241674024437,0.0000196613054868,0.0000196392466023,0.0000172856362042,0.0000135507107188,0.0000158072925842,0.0000128006340674,0.0000124378411783,0.0000120811009765,0.0000107040341391,0.00000983333939075,0.00000827459552966,0.00000672485975883,0.00000512144788445,0.00000366558629139,0.00000250530433732,0.0000018204011667,0.00000131850140406,7.41840665341e-7,3.79934647299e-7,2.00326240929e-7,1.35976222282e-7,1.00062344188e-7,7.76252946366e-8,6.36673718191e-8],"median":[0.00015875135432,0.000274238787824,0.000175641733222,0.00019541522488,0.00011945587903,0.0000628129928373,0.000078997509263,0.0000361588681699,0.0000195343018277,0.0000135159380079,0.0000110630426207,0.0000108736594484,0.0000103117481558,0.0000104286154965,0.0000152876618813,0.00000944175826589,0.00000523357948623,0.0000073132559919,0.00000764561082178,0.00000443603221356,0.00000402202022087,0.00000400074895879,0.00000349015090251,0.00000332684612658,0.00000252490372077,0.00000209435438592,0.00000194534823095,0.00000157187696459,0.00000138927475746,0.00000102400326796,7.80885216045e-7,6.38383369278e-7,4.76515083392e-7,2.59185071627e-7,1.33725365004e-7,6.89652495112e-8,4.16790584268e-8,2.43435103187e-8,1.36878330892e-8,7.2737922352e-9],"min":[1.24556995415e-24,1.86149539122e-24,1.12593367584e-24,1.20529919658e-24,2.03350966705e-24,1.86258756914e-24,1.23568039941e-24,1.60772278231e-24,2.42241769889e-24,3.46047641141e-24,2.0055542115e-24,2.39310145828e-24,2.16048767658e-24,2.32336418211e-24,2.60173071303e-24,4.14309037447e-24,2.42915102115e-24,3.2965730062e-24,2.66044878565e-24,4.41991823219e-24,4.83677797249e-24,4.1099341562e-24,4.50382345023e-24,5.02287972636e-24,4.98779671533e-24,4.45098318021e-24,4.76207915565e-24,3.85264007221e-24,4.90439991815e-24,4.89048677836e-24,5.69342806188e-24,5.21766328893e-24,5.01875556155e-24,5.28112359888e-24,5.51485085775e-24,5.61231738361e-24,5.69973855469e-24,5.43838341477e-24,5.86379361842e-24,5.87903441111e-24],"var":[0.000206481694477,0.0000780973859946,0.0000163953827723,0.0000035862221921,0.00000212737404581,0.00000107827918328,6.82075494751e-7,1.75481631004e-7,9.17923799193e-8,5.64463604746e-8,1.89747648704e-8,1.39236604468e-8,1.21809984321e-8,9.02498342725e-9,1.27971020447e-8,2.27690266641e-9,1.89634508097e-9,1.43123490837e-9,8.81683559495e-10,8.74538386153e-10,1.55234247678e-9,5.63528335107e-10,5.66785618439e-10,6.62095600568e-10,8.3278545171e-10,7.60925877863e-10,5.31935384629e-10,4.27305496542e-10,2.34388758402e-10,1.27323249166e-10,3.6503459977e-11,1.93809031324e-11,1.59555563206e-11,5.79141465687e-12,1.16361293431e-12,2.64531642034e-13,1.21243510023e-13,7.59750335561e-14,5.49715743032e-14,4.22837288729e-14]},"melbands_crest":{"dmean":5.12992572784,"dmean2":8.33971500397,"dvar":18.7115955353,"dvar2":46.4861869812,"max":38.2224388123,"mean":17.646150589,"median":16.1971817017,"min":1.65186011791,"var":74.6040878296},"melbands_flatness_db":{"dmean":0.0461106933653,"dmean2":0.0687159672379,"dvar":0.00178522814531,"dvar2":0.00398408481851,"max":0.696674466133,"mean":0.242493212223,"median":0.24448312819,"min":0.00324154715054,"var":0.00957896094769},"melbands_kurtosis":{"dmean":24.8300247192,"dmean2":40.6513710022,"dvar":2388.79418945,"dvar2":6330.05029297,"max":819.173400879,"mean":32.9780082703,"median":10.2663993835,"min":-1.89061915874,"var":3427.04077148},"melbands_skewness":{"dmean":1.50319576263,"dmean2":2.28729772568,"dvar":2.86335396767,"dvar2":6.9237985611,"max":21.9144802094,"mean":3.61662077904,"median":2.69079971313,"min":-2.77123808861,"var":9.51992988586},"melbands_spread":{"dmean":9.6328086853,"dmean2":14.5516834259,"dvar":201.9115448,"dvar2":420.173583984,"max":200.014755249,"mean":22.4710063934,"median":11.9478054047,"min":0.109457656741,"var":672.875061035},"mfcc":{"cov":[[12195.2685547,927.084777832,-397.612548828,1059.39941406,-217.958068848,425.439819336,1.39879989624,337.606903076,44.0880393982,66.6412658691,34.3256835938,42.347454071,-26.3035240173],[927.084777832,1827.08862305,391.771575928,-322.564910889,145.861587524,-38.6961708069,105.487480164,-78.4043502808,-42.9603691101,9.06993103027,19.6116466522,4.32253694534,47.2649765015],[-397.612548828,391.771575928,912.830566406,-71.4948425293,272.010498047,25.7921600342,207.393447876,60.8831062317,127.206809998,94.2888793945,93.0354766846,49.1594543457,56.7347297668],[1059.39941406,-322.564910889,-71.4948425293,638.894287109,-8.77978801727,154.626251221,46.5828933716,115.48588562,44.6259727478,21.4577732086,17.2536830902,33.2232551575,8.26923084259],[-217.958068848,145.861587524,272.010498047,-8.77978801727,324.695556641,89.7758560181,152.792572021,74.0992965698,98.8475570679,72.2577819824,66.3430099487,38.6788215637,42.3422050476],[425.439819336,-38.6961708069,25.7921600342,154.626251221,89.7758560181,255.23248291,117.122817993,115.811553955,48.5307998657,22.9309959412,7.65393781662,13.3306255341,22.9686069489],[1.39879989624,105.487480164,207.393447876,46.5828933716,152.792572021,117.122817993,280.368103027,106.695030212,72.7831573486,39.9238243103,15.5816144943,15.0434617996,38.6229171753],[337.606903076,-78.4043502808,60.8831062317,115.48588562,74.0992965698,115.811553955,106.695030212,158.370941162,91.6443557739,43.8059806824,26.1743412018,23.0766925812,19.6805973053],[44.0880393982,-42.9603691101,127.206809998,44.6259727478,98.8475570679,48.5307998657,72.7831573486,91.6443557739,143.610443115,77.1788482666,49.7127609253,40.1627960205,26.3868350983],[66.6412658691,9.06993103027,94.2888793945,21.4577732086,72.2577819824,22.9309959412,39.9238243103,43.8059806824,77.1788482666,116.310684204,76.3559341431,38.30493927,22.3602294922],[34.3256835938,19.6116466522,93.0354766846,17.2536830902,66.3430099487,7.65393781662,15.5816144943,26.1743412018,49.7127609253,76.3559341431,106.70022583,54.6740760803,26.3059310913],[42.347454071,4.32253694534,49.1594543457,33.2232551575,38.6788215637,13.3306255341,15.0434617996,23.0766925812,40.1627960205,38.30493927,54.6740760803,81.0623168945,44.1611785889],[-26.3035240173,47.2649765015,56.7347297668,8.26923084259,42.3422050476,22.9686069489,38.6229171753,19.6805973053,26.3868350983,22.3602294922,26.3059310913,44.1611785889,69.6049423218]],"icov":[[0.000128022889839,-0.000148496837937,0.0000596111312916,-0.000211611870327,0.000137468348839,-0.0000873812314239,0.000106234190753,-0.000292075157631,0.0000368405962945,-0.0000893043688848,-0.0000270573273156,-0.0000292068707495,0.000138090588734],[-0.000148496837937,0.000876103353221,-0.000322061096085,0.000527970376424,-0.0002973038645,0.0000201882121473,-0.000309523544274,0.000601181818638,0.000476802844787,-0.0000405114478781,0.0000726377038518,0.0000379585799237,-0.000494555861223],[0.0000596111312916,-0.000322061096085,0.00182175089139,-0.0000899596925592,-0.000722075870726,0.000406393344747,-0.000832423276734,0.000310000992613,-0.0010038636392,0.000253325299127,-0.000918540346902,0.000318981590681,-0.00010964764806],[-0.000211611870327,0.000527970376424,-0.0000899596925592,0.00251247198321,0.000176974528586,-0.000880014209542,-0.000152814827743,-0.000487995304866,0.000266351707978,0.0000989734471659,-0.0000260041415459,-0.000945685373154,0.000218918095925],[0.000137468348839,-0.0002973038645,-0.000722075870726,0.000176974528586,0.00598378153518,-0.00149684760254,-0.00156971963588,0.000587481772527,-0.00213437271304,0.000158026567078,-0.00219259085134,0.000464579468826,-0.000327591056703],[-0.0000873812314239,0.0000201882121473,0.000406393344747,-0.000880014209542,-0.00149684760254,0.00721328472719,-0.00111390580423,-0.00408580480143,0.00165377883241,-0.000300725281704,0.000926412409171,0.000332759926096,-0.00106137618423],[0.000106234190753,-0.000309523544274,-0.000832423276734,-0.000152814827743,-0.00156971963588,-0.00111390580423,0.00704685412347,-0.00351292733103,0.000694747897796,-0.000955508963671,0.00200370559469,0.00099384051282,-0.00199172180146],[-0.000292075157631,0.000601181818638,0.000310000992613,-0.000487995304866,0.000587481772527,-0.00408580480143,-0.00351292733103,0.0172476861626,-0.00866760872304,0.00156823580619,-0.00149894016795,0.000687300169375,0.000262603105512],[0.0000368405962945,0.000476802844787,-0.0010038636392,0.000266351707978,-0.00213437271304,0.00165377883241,0.000694747897796,-0.00866760872304,0.0184422582388,-0.00849986448884,0.00347906793468,-0.00410284660757,0.000322052917909],[-0.0000893043688848,-0.0000405114478781,0.000253325299127,0.0000989734471659,0.000158026567078,-0.000300725281704,-0.000955508963671,0.00156823580619,-0.00849986448884,0.0217870771885,-0.0134973386303,0.00295105506666,-0.000682563753799],[-0.0000270573273156,0.0000726377038518,-0.000918540346902,-0.0000260041415459,-0.00219259085134,0.000926412409171,0.00200370559469,-0.00149894016795,0.00347906793468,-0.0134973386303,0.0251901280135,-0.0119638256729,0.00211973395199],[-0.0000292068707495,0.0000379585799237,0.000318981590681,-0.000945685373154,0.000464579468826,0.000332759926096,0.00099384051282,0.000687300169375,-0.00410284660757,0.00295105506666,-0.0119638256729,0.0283040460199,-0.0141514530405],[0.000138090588734,-0.000494555861223,-0.00010964764806,0.000218918095925,-0.000327591056703,-0.00106137618423,-0.00199172180146,0.000262603105512,0.000322052917909,-0.000682563753799,0.00211973395199,-0.0141514530405,0.0246731434017]],"mean":[-707.53527832,135.630722046,-14.9708204269,39.6408615112,-2.33410954475,13.7438964844,-2.38317608833,0.823144316673,-4.86561489105,-1.37432849407,0.337684690952,1.81289660931,1.58573067188]},"pitch_salience":{"dmean":0.109790116549,"dmean2":0.179475679994,"dvar":0.00981207191944,"dvar2":0.0263385865837,"max":0.878794968128,"mean":0.537155747414,"median":0.577451169491,"min":0.0592234879732,"var":0.0326481461525},"silence_rate_20dB":{"dmean":0.000359292200301,"dmean2":0.000718648952898,"dvar":0.000359199329978,"dvar2":0.00107760191895,"max":1,"mean":0.999820351601,"median":1,"min":0,"var":0.000179596114322},"silence_rate_30dB":{"dmean":0.079942509532,"dmean2":0.159899383783,"dvar":0.0735554918647,"dvar2":0.153898090124,"max":1,"mean":0.868151605129,"median":1,"min":0,"var":0.114456474781},"silence_rate_60dB":{"dmean":0.0668283477426,"dmean2":0.133668705821,"dvar":0.062356993556,"dvar2":0.136631175876,"max":1,"mean":0.175498470664,"median":0,"min":0,"var":0.144702419639},"spectral_centroid":{"dmean":374.801116943,"dmean2":545.912536621,"dvar":202346.921875,"dvar2":350275.40625,"max":11708.2666016,"mean":1382.8260498,"median":1002.0692749,"min":87.5756912231,"var":1307996.875},"spectral_complexity":{"dmean":5.35686683655,"dmean2":7.64121437073,"dvar":36.8893852234,"dvar2":66.9334259033,"max":63,"mean":14.928776741,"median":12,"min":0,"var":129.289718628},"spectral_contrast_coeffs":{"dmean":[0.0660069808364,0.0521684922278,0.0388924442232,0.0307580512017,0.0235640276223,0.0426274463534],"dmean2":[0.106513805687,0.0848011225462,0.0640240386128,0.0510156042874,0.0381377115846,0.0628681182861],"dvar":[0.00301743159071,0.00184529903345,0.00105340732262,0.000600253290031,0.000418009818532,0.00134092918597],"dvar2":[0.00757423369214,0.00461229681969,0.00268191308714,0.00161707098596,0.00105149764568,0.00284422258846],"max":[-0.236325278878,-0.424146950245,-0.572846472263,-0.658589959145,-0.691910982132,-0.473054945469],"mean":[-0.668140590191,-0.774035871029,-0.829860627651,-0.820143043995,-0.827717602253,-0.726922869682],"median":[-0.672110438347,-0.783487439156,-0.83623456955,-0.819920659065,-0.825934290886,-0.733110070229],"min":[-0.981476843357,-0.973385035992,-0.974866390228,-0.985874533653,-0.970174849033,-0.963956296444],"var":[0.0115920901299,0.00541495904326,0.00274126417935,0.00165231223218,0.00127864361275,0.00692460127175]},"spectral_contrast_valleys":{"dmean":[0.558323502541,0.499565184116,0.460171461105,0.421520411968,0.443380564451,0.625319778919],"dmean2":[0.870979726315,0.780698359013,0.714275419712,0.630639851093,0.617136597633,0.997378647327],"dvar":[0.270432054996,0.192173674703,0.175104692578,0.167125850916,0.208160087466,0.304692745209],"dvar2":[0.563755631447,0.451434254646,0.402610599995,0.354500114918,0.405736088753,0.75951308012],"max":[-4.46607637405,-4.27576398849,-5.21154308319,-5.45529651642,-5.15206718445,-8.78352069855],"mean":[-7.69942522049,-7.13776016235,-7.71648931503,-7.97419691086,-7.89505529404,-11.3860025406],"median":[-7.39077377319,-6.88154220581,-7.45330047607,-7.70309638977,-7.56735277176,-11.1703529358],"min":[-28.1455478668,-27.9884738922,-27.7577762604,-27.4973106384,-27.4710903168,-27.4325561523],"var":[4.89406299591,4.03502035141,3.71170020103,3.6242620945,3.97119188309,2.96193528175]},"spectral_decrease":{"dmean":7.62515028896e-9,"dmean2":1.26788242127e-8,"dvar":2.39386281031e-16,"dvar2":6.41844139161e-16,"max":1.52432078071e-9,"mean":-1.09289022276e-8,"median":-3.75974806843e-9,"min":-1.357781656e-7,"var":3.11159379589e-16},"spectral_energy":{"dmean":0.0295464899391,"dmean2":0.0489706024528,"dvar":0.00349112343974,"dvar2":0.00937315635383,"max":0.523527085781,"mean":0.0435281023383,"median":0.016695484519,"min":9.81146874207e-21,"var":0.00453283730894},"spectral_energyband_high":{"dmean":0.000354412855813,"dmean2":0.000495448999573,"dvar":7.73804231358e-7,"dvar2":0.0000014987325585,"max":0.0303411055356,"mean":0.000579814426601,"median":0.000215284482692,"min":6.90819242339e-21,"var":0.00000164905429756},"spectral_energyband_low":{"dmean":0.0235109329224,"dmean2":0.0399835295975,"dvar":0.00294878333807,"dvar2":0.00791099667549,"max":0.453220099211,"mean":0.0296300239861,"median":0.00198899861425,"min":1.86136353312e-23,"var":0.00363929895684},"spectral_energyband_middle_high":{"dmean":0.00176785362419,"dmean2":0.00263499189168,"dvar":0.0000111976050903,"dvar2":0.0000242789446929,"max":0.0476003400981,"mean":0.00278422073461,"median":0.00132499961182,"min":1.14474577122e-21,"var":0.000018918850401},"spectral_energyband_middle_low":{"dmean":0.00827815383673,"dmean2":0.0137722315267,"dvar":0.000347542634699,"dvar2":0.000950034882408,"max":0.248511478305,"mean":0.00994130223989,"median":0.00339802727103,"min":1.30164750421e-22,"var":0.000332222902216},"spectral_entropy":{"dmean":0.212587296963,"dmean2":0.321789056063,"dvar":0.0497928187251,"dvar2":0.108104720712,"max":9.83250904083,"mean":7.56260871887,"median":7.65288543701,"min":5.52620744705,"var":0.195756703615},"spectral_flux":{"dmean":0.0450989231467,"dmean2":0.0723884925246,"dvar":0.00445177126676,"dvar2":0.0100293252617,"max":0.656461536884,"mean":0.115612611175,"median":0.0831731557846,"min":6.48568282413e-11,"var":0.0104893734679},"spectral_kurtosis":{"dmean":3.14650774002,"dmean2":4.80144357681,"dvar":15.4999847412,"dvar2":36.1450424194,"max":58.586227417,"mean":11.6576318741,"median":9.96187400818,"min":-1.2668119669,"var":42.2144317627},"spectral_rms":{"dmean":0.00172654981725,"dmean2":0.00268799695186,"dvar":0.00000615086355538,"dvar2":0.0000152878164954,"max":0.0225999578834,"mean":0.00511995656416,"median":0.00403587380424,"min":3.09389146247e-12,"var":0.000016252452042},"spectral_rolloff":{"dmean":1489.85192871,"dmean2":2623.59570312,"dvar":15312072,"dvar2":35095056,"max":22050,"mean":4280.54785156,"median":893.627929688,"min":43.06640625,"var":50430188},"spectral_skewness":{"dmean":0.315808147192,"dmean2":0.455163657665,"dvar":0.114607222378,"dvar2":0.239092558622,"max":5.71869707108,"mean":2.15470743179,"median":2.0061237812,"min":-0.068790152669,"var":0.472363293171},"spectral_spread":{"dmean":551741.1875,"dmean2":866984.25,"dvar":419746742272,"dvar2":926266490880,"max":42403224,"mean":4138433.75,"median":3869187,"min":1136918.125,"var":8402667831300},"spectral_strongpeak":{"dmean":0.692442536354,"dmean2":1.23477935791,"dvar":7.72958707809,"dvar2":21.018705368,"max":92.6464996338,"mean":0.68849593401,"median":0.302537202835,"min":0,"var":5.56735992432},"zerocrossingrate":{"dmean":0.0267602950335,"dmean2":0.0313351377845,"dvar":0.000710072403308,"dvar2":0.000929971749429,"max":0.7509765625,"mean":0.130589976907,"median":0.10107421875,"min":0.00341796875,"var":0.00993432756513}},"metadata":{"audio_properties":{"analysis_sample_rate":44100,"bit_rate":192000,"codec":"vorbis","downmix":"mix","equal_loudness":0,"length":258.488891602,"lossless":false,"md5_encoded":"2013091d9ae71606400827c6c01852a7","replay_gain":-10.1254615784},"tags":{"album":["Crown Royal"],"albumartist":["Run-D.M.C."],"albumartistsort":["Run-D.M.C."],"artist":["Run-D.M.C."],"artistsort":["Run-D.M.C."],"asin":["B00005HU31"],"date":["2001"],"file_name":"02 - Queens Day (feat. Nas & Prodigy).ogg","genre":["Hip-Hop"],"language":["eng"],"musicbrainz_albumartistid":["5ecc3f72-20a6-47a0-8dc5-fb0b3dadeea0"],"musicbrainz_albumid":["8528e5ef-e349-4eba-8dfa-d7a1387bf10e"],"musicbrainz_artistid":["5ecc3f72-20a6-47a0-8dc5-fb0b3dadeea0"],"musicbrainz_recordingid":["f01288a4-1e5c-44b8-85a0-b07763e0cc0d"],"musicip_puid":["dac87b00-c82b-7169-389b-1c37c8e95d9f"],"performer":["Nas"],"releasecountry":["JP"],"releasestatus":["official"],"releasetype":["album"],"script":["Latn"],"title":["Queens Day (feat. Nas & Prodigy)"],"totaltracks":["13"],"tracknumber":["2"],"tracktotal":["13"]},"version":{"essentia":"2.1-beta1","essentia_build_sha":"8c2fd3ff3b9381f962a27951d857ce39398228bf","essentia_git_sha":"v2.1_beta1-7-ge0e83e8","extractor":"music 1.0"}},"rhythm":{"beats_count":382,"beats_loudness":{"dmean":0.0543245971203,"dmean2":0.095002040267,"dvar":0.00254070386291,"dvar2":0.00751326885074,"max":0.260718464851,"mean":0.063643142581,"median":0.044359780848,"min":0,"var":0.00313450535759},"beats_loudness_band_ratio":{"dmean":[0.441402852535,0.136394783854,0.102518379688,0.113562643528,0.157956466079,0.0949552953243],"dmean2":[0.783686757088,0.251902043819,0.190423667431,0.219203934073,0.297058284283,0.165507897735],"dvar":[0.0622349083424,0.0321941561997,0.0211073122919,0.00552224041894,0.0110026886687,0.00812116358429],"dvar2":[0.169008553028,0.0856110304594,0.0653369575739,0.0181067828089,0.038494233042,0.0211400557309],"max":[0.991272449493,0.857070207596,0.9591799