{"lowlevel":{"average_loudness":0.96768194437,"barkbands":{"dmean":[0.00106371182483,0.0104088597,0.00533287972212,0.00126243731938,0.00192996417172,0.000734772533178,0.000590412819292,0.000505575386342,0.00108945299871,0.000751746818423,0.000638695550151,0.000515288382303,0.000559092615731,0.000525858660694,0.000591341755353,0.000666065956466,0.000516827567481,0.000392787944293,0.000330384995323,0.000149879153469,0.0000645887557766,0.0000124276484712,0.00000589743785895,0.0000116293631436,0.0000105751450974,0.00000153403709646,6.59293064587e-8],"dmean2":[0.00173683953471,0.0174992587417,0.00905487965792,0.00219099642709,0.00323011097498,0.00119886628818,0.000964428647421,0.000829749274999,0.0017453241162,0.00123094010632,0.00104182597715,0.000839985732455,0.000909088761546,0.000861598469783,0.000963659666013,0.0011200599838,0.00086001958698,0.000662394450046,0.000555420585442,0.000251841091085,0.000109154403617,0.0000201060629479,0.00000939847814152,0.0000167696780409,0.0000154569370352,0.00000233774517255,1.0773479886e-7],"dvar":[0.00000260275032815,0.000358880672138,0.0000866525442689,0.00000329715544467,0.0000098405917015,0.0000014863854858,6.81223070842e-7,9.78933712759e-7,0.00000322455093738,0.00000151957158323,0.00000132335514991,6.37965797523e-7,8.77001525623e-7,7.31260684006e-7,6.83022619796e-7,6.52558412639e-7,5.10180996116e-7,2.01331090466e-7,1.53275379944e-7,2.63554813529e-8,4.31215418928e-9,2.05014810684e-10,7.08074432421e-11,8.6488383122e-10,7.06465275169e-10,8.93485285758e-12,2.93235792907e-14],"dvar2":[0.00000662101138005,0.000936476688366,0.000241401270614,0.00000893219566933,0.0000254773131019,0.00000359792602467,0.00000173952400928,0.00000252423819802,0.00000778285357228,0.00000380883625439,0.00000319118407788,0.00000144539160374,0.00000206499726119,0.0000017912234398,0.0000016396375031,0.00000172519992248,0.0000013125205669,5.50328252302e-7,4.165473797e-7,7.2669230633e-8,1.19565859436e-8,5.04070729601e-10,1.71571132301e-10,1.41182443514e-9,1.27538701822e-9,1.95360914945e-11,7.20383632304e-14],"max":[0.0344137437642,0.196248471737,0.112529560924,0.0268419645727,0.044370315969,0.0217299573123,0.010936614126,0.0161142721772,0.0264172442257,0.0230702776462,0.0243408251554,0.0220725666732,0.0189920514822,0.0137719996274,0.0135524701327,0.0109123066068,0.0135608194396,0.00676200771704,0.00700697489083,0.00251285079867,0.00109015440103,0.000275880156551,0.000167252510437,0.00126442569308,0.00104674056638,0.0000514822531841,0.00000336715424964],"mean":[0.00148644798901,0.014167919755,0.00801943987608,0.00158279028255,0.00260247266851,0.00110071199015,0.000971542322077,0.00076727103442,0.00177176005673,0.00122919701971,0.0010793551337,0.000887057452928,0.000971098197624,0.000901904946659,0.00112952699419,0.00130805291701,0.00109162484296,0.000921158643905,0.000864807690959,0.000417294329964,0.000204278563615,0.0000412519475503,0.000018317856302,0.0000279695013887,0.0000227972122957,0.00000307219829665,9.32570927148e-8],"median":[0.000796349660959,0.0079781357199,0.00553066330031,0.000984128681011,0.00157681060955,0.000640548416413,0.000589381786995,0.000414924928918,0.00104947434738,0.000745605560951,0.000598501414061,0.000616192817688,0.000580442720093,0.000517378386576,0.000696888193488,0.00097888498567,0.000765529694036,0.000775311258622,0.000725563964806,0.00038312363904,0.000195428321604,0.0000361244310625,0.0000133767962325,0.0000133164285216,0.00000959761382546,0.00000146590093664,3.36534355938e-8],"min":[2.11010949075e-25,2.04564077005e-24,1.96790049999e-24,1.43279820139e-24,3.60860674004e-24,9.39056787245e-24,7.0743113271e-24,1.04779716095e-23,2.56308922933e-23,9.96306237517e-24,1.01867241633e-23,2.72921544736e-23,3.39354866335e-23,4.21311519045e-23,3.02841429595e-23,3.62539551448e-23,4.78528263143e-23,7.44822587415e-23,1.42383650485e-22,1.58367752095e-22,2.41410899774e-22,2.89050727333e-22,4.24645769034e-22,5.36374019685e-22,8.73984878641e-22,1.24649050118e-21,1.89912328174e-21],"var":[0.00000403917465519,0.000382843485568,0.0000885994304554,0.00000354808048542,0.000010775366718,0.00000241797988565,0.00000124950861391,0.00000145318938394,0.00000544610111319,0.00000267937048193,0.0000026997263376,0.00000123586960399,0.00000190419814317,0.00000152489610628,0.00000168916437815,0.00000133734818064,0.00000130049875224,4.37277833498e-7,4.1599571432e-7,5.6614176458e-8,1.00913668533e-8,6.8658562169e-10,2.52149023883e-10,3.58389184996e-9,2.32595942506e-9,2.0207703566e-11,3.42816290492e-14]},"barkbands_crest":{"dmean":2.87598228455,"dmean2":4.6915602684,"dvar":7.47090816498,"dvar2":18.8720588684,"max":26.8237571716,"mean":9.78327178955,"median":8.77922821045,"min":2.52782392502,"var":20.6590270996},"barkbands_flatness_db":{"dmean":0.0198698826134,"dmean2":0.0308651607484,"dvar":0.000554741767701,"dvar2":0.00115991139319,"max":0.590768516064,"mean":0.136307522655,"median":0.123288035393,"min":0.0355316326022,"var":0.00384164671414},"barkbands_kurtosis":{"dmean":6.33160877228,"dmean2":10.4376354218,"dvar":3058.68994141,"dvar2":7507.08007812,"max":3519.49365234,"mean":8.64655017853,"median":-0.176794052124,"min":-1.92902004719,"var":7379.57617188},"barkbands_skewness":{"dmean":0.601406574249,"dmean2":0.939048469067,"dvar":1.01755321026,"dvar2":2.29102540016,"max":49.1752128601,"mean":1.31084358692,"median":1.01162743568,"min":-3.73560571671,"var":4.28900623322},"barkbands_spread":{"dmean":5.29549503326,"dmean2":8.34589290619,"dvar":31.9319705963,"dvar2":72.8397903442,"max":159.907974243,"mean":27.8847923279,"median":28.8077869415,"min":0.0657934471965,"var":94.4663467407},"dissonance":{"dmean":0.0111654531211,"dmean2":0.0191096179187,"dvar":0.00014002424723,"dvar2":0.000378980970709,"max":0.499952882528,"mean":0.4815710783,"median":0.485797435045,"min":0.229716196656,"var":0.000376366981072},"dynamic_complexity":2.15531945229,"erbbands":{"dmean":[0.338742733002,2.36686706543,5.75050640106,5.27606201172,5.46522283554,6.68961715698,5.79559707642,6.8057179451,6.27938890457,10.1875514984,12.4933576584,26.0950222015,23.836359024,23.0647621155,20.4343109131,20.2458705902,23.0807170868,22.2332057953,29.2647838593,26.8358650208,36.7531204224,27.080165863,21.3866920471,20.0735473633,11.5647039413,6.85061883926,3.88714432716,1.77019309998,0.522154808044,0.210281834006,0.162406697869,0.210202157497,0.225266396999,0.16261780262,0.0492272563279,0.0104515673593,0.00228012516163,0.000263118941803,0.0000154864301294,0.0000178638820216],"dmean2":[0.558232724667,4.09990739822,9.93712711334,8.90490150452,9.34082794189,11.2290153503,9.52657794952,11.2044839859,10.5783567429,16.6658992767,20.2796211243,42.0788650513,39.1052856445,37.349407196,33.3531684875,32.837677002,37.1635398865,36.1314125061,47.4991836548,43.902256012,62.0188293457,44.679271698,35.8880500793,33.817111969,19.4907779694,11.49771595,6.54856777191,2.95555591583,0.845187723637,0.334537357092,0.25721937418,0.320334464312,0.319307088852,0.238138467073,0.072139583528,0.0153422700241,0.0035472183954,0.000417355913669,0.0000243107915594,0.0000293563825835],"dvar":[0.272901177406,23.5132465363,127.32396698,56.6766548157,106.007621765,104.076126099,102.308677673,147.274627686,79.5642471313,227.264266968,704.092224121,1775.41906738,1675.16503906,1745.72546387,967.374755859,965.332214355,1483.37670898,1467.66320801,1794.56604004,1318.39929199,2066.27392578,1408.0246582,666.500854492,602.57989502,152.375701904,59.8186721802,16.1634235382,3.0929236412,0.391301751137,0.0732424333692,0.0494483783841,0.13931670785,0.473089754581,0.192314207554,0.0107409311458,0.000423084391514,0.0000224690211326,3.87093365362e-7,7.17841397435e-10,7.16422587921e-10],"dvar2":[0.684922397137,63.5186882019,357.850982666,151.307617188,279.360137939,270.074462891,247.887985229,374.732086182,213.290054321,569.070251465,1806.76879883,4355.30761719,4299.74414062,4453.18310547,2369.96386719,2179.74902344,3441.49145508,3525.02978516,4326.92333984,3322.15722656,5530.11230469,3603.41259766,1790.81030273,1647.68359375,413.998260498,162.881942749,44.4977455139,8.59589195251,0.950545251369,0.175928547978,0.118053972721,0.284768730402,0.786413669586,0.337962985039,0.0204158890992,0.000854199694004,0.0000524048919033,9.2689504072e-7,1.71013070371e-9,1.85347925896e-9],"max":[9.18302726746,49.4986190796,122.692359924,112.709663391,158.403060913,142.465362549,152.545822144,252.755233765,137.940170288,311.618988037,455.707000732,670.153137207,1066.72558594,843.547607422,564.155090332,1011.62347412,913.778137207,792.541625977,810.920654297,582.63482666,658.649291992,733.972106934,453.642028809,450.893951416,212.007583618,115.470977783,55.538684845,30.5071907043,12.8306856155,5.63520526886,5.16408538818,13.3438177109,29.2240276337,19.6903820038,3.25081467628,0.429192751646,0.0708143115044,0.00882880762219,0.000531401077751,0.000290038326057],"mean":[0.432014256716,3.11167931557,8.50480175018,8.11571502686,6.49410533905,9.16472244263,8.3669757843,10.2530546188,10.3570241928,17.6190357208,20.387928009,42.3715553284,40.8230056763,41.1394042969,37.6261367798,37.5566139221,42.8866653442,42.6310043335,59.0655479431,58.2081108093,74.7476272583,62.3182525635,53.1729736328,51.0151443481,32.7109146118,19.5136814117,11.4997034073,5.68112659454,1.80179321766,0.746875524521,0.498749911785,0.506510555744,0.514443397522,0.346975415945,0.105072394013,0.02320972085,0.00399198289961,0.000402106205001,0.0000399219497922,0.0000519925742992],"median":[0.237564399838,1.64870595932,5.88766098022,5.69275093079,3.7227063179,5.38565635681,4.38870048523,5.84788131714,7.20616912842,11.23188591,12.2192354202,24.9502887726,27.6061401367,25.9889984131,24.9639530182,26.684135437,26.5120048523,25.8065700531,38.933052063,40.0662574768,57.072429657,45.1942367554,42.5747718811,41.3577651978,29.7175788879,17.8462638855,10.7958183289,5.45833778381,1.59903502464,0.61599779129,0.371179401875,0.309820115566,0.199495106936,0.138055458665,0.0485166609287,0.0113901700824,0.00183402374387,0.000159072253155,0.0000323765561916,0.0000477682515339],"min":[5.48188530716e-23,4.77985337514e-22,2.41665602134e-21,6.73224892606e-21,6.0869430351e-21,1.00103111675e-20,3.16472064532e-20,5.82460391552e-20,1.07754601812e-19,1.56908911446e-19,1.76084315138e-19,4.93912697381e-19,5.84724048846e-19,6.93541002596e-19,6.64619614755e-19,1.33347377386e-18,1.66594278766e-18,2.25099791554e-18,2.98705982734e-18,1.91646022643e-18,2.94615615964e-18,3.98339329169e-18,5.2089205126e-18,6.95642847853e-18,9.27635576811e-18,8.64545353439e-18,9.21012589801e-18,8.72285778739e-18,1.06208228757e-17,1.17753395362e-17,1.21068090056e-17,1.07921758211e-17,1.03522786898e-17,6.98688195996e-18,6.26578974251e-18,4.43741825426e-18,2.36083281844e-18,9.29342794877e-19,2.50362368261e-19,2.63225689176e-20],"var":[0.343077391386,21.1020317078,110.44354248,70.0524520874,92.9671173096,134.010681152,154.785339355,226.87020874,115.138931274,419.16418457,912.278625488,2894.29907227,2564.99389648,2785.22265625,1986.63562012,1992.11987305,3458.06933594,3199.55151367,4340.15478516,3361.70678711,4207.59667969,3714.97290039,1699.95544434,1583.93945312,356.499023438,125.912467957,36.5651931763,7.62771368027,1.26876175404,0.305192917585,0.174670487642,0.486696362495,1.84349393845,0.641461193562,0.0331391245127,0.00122080300935,0.000038204525481,5.29460010057e-7,1.11317943752e-9,1.00752650667e-9]},"erbbands_crest":{"dmean":1.93362534046,"dmean2":3.20168471336,"dvar":3.46471095085,"dvar2":8.79490184784,"max":26.0884628296,"mean":6.83458757401,"median":6.00780200958,"min":2.2488052845,"var":9.61041641235},"erbbands_flatness_db":{"dmean":0.0122547680512,"dmean2":0.0180145967752,"dvar":0.000139483003295,"dvar2":0.000266389542958,"max":0.425974398851,"mean":0.174207001925,"median":0.172585576773,"min":0.0121883256361,"var":0.00135155033786},"erbbands_kurtosis":{"dmean":0.750059783459,"dmean2":1.2037974596,"dvar":4.44517993927,"dvar2":11.1511631012,"max":92.7560882568,"mean":0.451979845762,"median":-0.0503424853086,"min":-1.85326063633,"var":11.2909002304},"erbbands_skewness":{"dmean":0.284472316504,"dmean2":0.450184315443,"dvar":0.0884038060904,"dvar2":0.203832820058,"max":7.91096019745,"mean":-0.459619551897,"median":-0.516469478607,"min":-2.4365336895,"var":0.475853294134},"erbbands_spread":{"dmean":5.65967416763,"dmean2":8.84853935242,"dvar":35.3819770813,"dvar2":82.9381332397,"max":155.525863647,"mean":32.0170555115,"median":31.4951896667,"min":2.12988710403,"var":119.042427063},"gfcc":{"cov":[[21534.1796875,1347.71740723,-3307.92626953,758.907348633,-728.415771484,517.995849609,-504.616485596,534.292358398,-454.157348633,-49.1336746216,-288.86038208,-169.955841064,-85.7640762329],[1347.71740723,846.287841797,-282.799041748,133.606765747,42.8085517883,-115.206588745,160.667007446,-128.773391724,106.734329224,-97.9568252563,58.1931343079,-72.8388977051,46.9675140381],[-3307.92626953,-282.799041748,1070.05786133,-48.1701660156,219.588821411,72.5615234375,73.802482605,63.5855827332,42.3383255005,118.096961975,41.6696968079,86.8792114258,-1.38101887703],[758.907348633,133.606765747,-48.1701660156,237.575271606,51.8526878357,19.6234607697,57.2019500732,19.3607807159,44.3392066956,-11.5033664703,11.8627195358,0.954274058342,-0.431340962648],[-728.415771484,42.8085517883,219.588821411,51.8526878357,187.698928833,45.1936073303,107.942802429,13.8851919174,60.4735984802,30.1370029449,28.0649642944,24.1698760986,-1.01977610588],[517.995849609,-115.206588745,72.5615234375,19.6234607697,45.1936073303,187.206481934,22.1816234589,93.6632919312,-23.1484279633,53.0710029602,-5.05228614807,14.8962116241,-11.6399888992],[-504.616485596,160.667007446,73.802482605,57.2019500732,107.942802429,22.1816234589,177.430557251,-15.990986824,89.0942764282,-6.86934375763,37.4013137817,-2.02945590019,4.95699882507],[534.292358398,-128.773391724,63.5855827332,19.3607807159,13.8851919174,93.6632919312,-15.990986824,142.200942993,-8.88485622406,52.8155822754,-16.752204895,25.4278678894,-14.3686418533],[-454.157348633,106.734329224,42.3383255005,44.3392066956,60.4735984802,-23.1484279633,89.0942764282,-8.88485622406,109.318855286,0.912611246109,34.6639404297,-3.46031355858,14.0751056671],[-49.1336746216,-97.9568252563,118.096961975,-11.5033664703,30.1370029449,53.0710029602,-6.86934375763,52.8155822754,0.912611246109,82.2407608032,9.17889499664,28.2601718903,-12.5604705811],[-288.86038208,58.1931343079,41.6696968079,11.8627195358,28.0649642944,-5.05228614807,37.4013137817,-16.752204895,34.6639404297,9.17889499664,60.0242424011,14.573428154,15.2657623291],[-169.955841064,-72.8388977051,86.8792114258,0.954274058342,24.1698760986,14.8962116241,-2.02945590019,25.4278678894,-3.46031355858,28.2601718903,14.573428154,57.1685142517,10.2131443024],[-85.7640762329,46.9675140381,-1.38101887703,-0.431340962648,-1.01977610588,-11.6399888992,4.95699882507,-14.3686418533,14.0751056671,-12.5604705811,15.2657623291,10.2131443024,51.7350158691]],"icov":[[0.000861829903442,-0.00246263830923,0.00209101731889,-0.00181850080844,0.00111210031901,-0.00267962249927,0.0023949786555,-0.00280559738167,0.00179286184721,-0.00180185982026,0.00184710579924,-0.00181276875082,0.00100299250335],[-0.00246263830923,0.00955845415592,-0.00539632840082,0.00427522137761,-0.00378201249987,0.0091092409566,-0.00888519175351,0.0082139801234,-0.00423698313534,0.00500494474545,-0.00688749458641,0.00815657153726,-0.00497090211138],[0.00209101731889,-0.00539632840082,0.00671650702134,-0.00404386036098,0.000801009882707,-0.00591303221881,0.00545054627582,-0.00689698243514,0.00467331660911,-0.00560894468799,0.00405445834622,-0.0046432223171,0.00184570054989],[-0.00181850080844,0.00427522137761,-0.00404386036098,0.00941337738186,-0.00358898029663,0.00466099474579,-0.00444461777806,0.00466031441465,-0.00575046194717,0.00580652384087,-0.00370575929992,0.00192407204304,-0.000539345550351],[0.00111210031901,-0.00378201249987,0.000801009882707,-0.00358898029663,0.0137264439836,-0.00562668032944,-0.00152149947826,-0.00213772291318,-0.0000205133419513,-0.0036177188158,0.00385953811929,-0.00583691196516,0.00296588917263],[-0.00267962249927,0.0091092409566,-0.00591303221881,0.00466099474579,-0.00562668032944,0.0205869544297,-0.0130652831867,0.0021157215815,0.00240751449019,0.000681723584421,-0.00792561471462,0.0112079195678,-0.0068338913843],[0.0023949786555,-0.00888519175351,0.00545054627582,-0.00444461777806,-0.00152149947826,-0.0130652831867,0.0234221220016,-0.00526322890073,-0.00562014989555,0.000219401874347,0.00404510134831,-0.00799803715199,0.0074371676892],[-0.00280559738167,0.0082139801234,-0.00689698243514,0.00466031441465,-0.00213772291318,0.0021157215815,-0.00526322890073,0.0239765457809,-0.0107220923528,0.00195355736651,-0.000409628468333,0.00075003830716,-0.00129181263037],[0.00179286184721,-0.00423698313534,0.00467331660911,-0.00575046194717,-0.0000205133419513,0.00240751449019,-0.00562014989555,-0.0107220923528,0.0272192582488,-0.0088188899681,-0.00294123776257,0.00444771209732,-0.00455921981484],[-0.00180185982026,0.00500494474545,-0.00560894468799,0.00580652384087,-0.0036177188158,0.000681723584421,0.000219401874347,0.00195355736651,-0.0088188899681,0.0286896061152,-0.0084459586069,-0.00361513649113,0.00554208643734],[0.00184710579924,-0.00688749458641,0.00405445834622,-0.00370575929992,0.00385953811929,-0.00792561471462,0.00404510134831,-0.000409628468333,-0.00294123776257,-0.0084459586069,0.0312619991601,-0.0124479597434,-0.000833928934298],[-0.00181276875082,0.00815657153726,-0.0046432223171,0.00192407204304,-0.00583691196516,0.0112079195678,-0.00799803715199,0.00075003830716,0.00444771209732,-0.00361513649113,-0.0124479597434,0.0359380692244,-0.0126459551975],[0.00100299250335,-0.00497090211138,0.00184570054989,-0.000539345550351,0.00296588917263,-0.0068338913843,0.0074371676892,-0.00129181263037,-0.00455921981484,0.00554208643734,-0.000833928934298,-0.0126459551975,0.0283275581896]],"mean":[3.19596338272,121.371032715,-147.893539429,48.0414466858,-36.2625541687,10.7069091797,-24.1300830841,16.8116779327,-20.7645511627,-1.24435710907,-10.8744182587,-10.2397232056,-0.748700022697]},"hfc":{"dmean":5.74404764175,"dmean2":9.23757743835,"dvar":42.1625938416,"dvar2":108.784484863,"max":82.0973815918,"mean":27.8325614929,"median":26.5338573456,"min":1.08817965392e-16,"var":164.054855347},"melbands":{"dmean":[0.00286833383143,0.00293488241732,0.000875163881574,0.000453499495052,0.000213934137719,0.000145092708408,0.000105813036498,0.000108601678221,0.000114884052891,0.00016983509704,0.000123119622003,0.000096869560366,0.0000750745821279,0.0000591875505052,0.0000543993737665,0.0000546587107237,0.0000458426075056,0.0000516226937179,0.0000451787927886,0.0000414194291807,0.0000482403847855,0.0000302833923342,0.0000275529600913,0.0000184877080756,0.0000185955195775,0.0000120476406664,0.00000724354276826,0.00000465269204142,0.00000310224322675,0.00000181330347004,9.15932275802e-7,3.73790925323e-7,1.82098204959e-7,1.24517541167e-7,9.95541213911e-8,1.17964702895e-7,1.45540411722e-7,1.67660758166e-7,1.73845990048e-7,1.35225121767e-7],"dmean2":[0.00476483907551,0.00506748119369,0.00147698621731,0.000766855548136,0.000350659072865,0.000238215056015,0.000175539491465,0.000177256166353,0.000186557837878,0.000272399251116,0.000201762581128,0.000156276408234,0.000121917742945,0.0000966509178397,0.0000878082428244,0.0000887722053449,0.0000744489298086,0.0000838950654725,0.0000733792840037,0.0000688458821969,0.0000818351763883,0.0000504141244164,0.0000460242117697,0.0000312552656396,0.0000314845601679,0.0000203305116884,0.0000123211884784,0.00000785606061982,0.00000524181814399,0.00000307327968585,0.00000153546034198,6.1863437395e-7,2.97397804161e-7,2.00974881182e-7,1.60150236184e-7,1.8951908487e-7,2.23451053216e-7,2.4213738925e-7,2.52945028478e-7,2.0313446214e-7],"dvar":[0.0000230126061069,0.000035269640648,0.00000142716532991,6.32825390312e-7,1.18776974034e-7,6.19327096274e-8,2.1418646412e-8,2.66898929624e-8,6.08956653991e-8,7.21557356087e-8,4.37742428971e-8,2.9240025512e-8,1.67638649629e-8,8.7008009686e-9,9.47222211778e-9,8.43415914886e-9,6.80432643563e-9,5.89930326811e-9,4.4592893822e-9,2.93991808675e-9,3.66870755997e-9,1.8089086895e-9,1.43057743429e-9,4.54702830943e-10,5.51059420317e-10,1.73348904675e-10,6.07133232577e-11,2.73082337993e-11,1.09631600673e-11,3.24451728505e-12,8.28416382801e-13,1.96787681636e-13,4.48989227687e-14,3.54447848567e-14,1.89259246025e-14,3.01349419864e-14,8.48454742878e-14,3.23255745088e-13,2.75429852536e-13,1.26781248802e-13],"dvar2":[0.0000585344787396,0.0000971712142928,0.00000384317718272,0.00000165930180174,2.89746907356e-7,1.55482993591e-7,5.62248629876e-8,6.68062654086e-8,1.55292781301e-7,1.75618637854e-7,1.11993344376e-7,7.38929060162e-8,4.03800832771e-8,1.96730471913e-8,2.07373354044e-8,1.89160207498e-8,1.64993121388e-8,1.4189338593e-8,1.08212452332e-8,7.66815677622e-9,9.99174432081e-9,4.61144988861e-9,3.77146891495e-9,1.24564847326e-9,1.52235146711e-9,4.69942029735e-10,1.70089303753e-10,7.42393924114e-11,3.0468232104e-11,9.11847073543e-12,2.30314812361e-12,4.88776282902e-13,1.09087536909e-13,8.88164867173e-14,4.5860976014e-14,7.38647085662e-14,1.72344899311e-13,5.65084654416e-13,5.13270741014e-13,2.35456104484e-13],"max":[0.05982561782,0.0553765557706,0.0174841992557,0.0118065979332,0.0047196582891,0.00505941733718,0.00184000341687,0.00313780177385,0.00456915562972,0.00372070563026,0.0052052680403,0.00330435088836,0.0028979529161,0.00337777961977,0.00250798440538,0.00253505608998,0.00160391151439,0.00132325245067,0.0011120014824,0.000709156214725,0.000852700031828,0.000762941199355,0.000643665494863,0.000319254846545,0.000447783211712,0.00021117804863,0.000115498587547,0.0000762972558732,0.0000431591834058,0.000026295942007,0.0000170314742718,0.00000744477893022,0.00000473816089652,0.00000435293122791,0.00000303897422782,0.00000282548194264,0.0000124806956592,0.0000306389265461,0.0000143854049384,0.0000191043964151],"mean":[0.00399866141379,0.00447821617126,0.00138839823194,0.000574183068238,0.000323505228152,0.000218863162445,0.000177849360625,0.000189599013538,0.000176723202458,0.000272923032753,0.000203145464184,0.000167976526427,0.000131543158204,0.000104120204924,0.0000959371318459,0.0000920744860196,0.0000785662341514,0.0000949239984038,0.0000842943045427,0.0000793294602772,0.0000886366105988,0.0000619292695774,0.0000586002752243,0.0000415268841607,0.0000422456796514,0.0000287504954031,0.0000175933055289,0.000011662243196,0.0000078681832747,0.0000050073708735,0.00000259079911302,0.00000106412971945,5.44594968233e-7,3.57535583362e-7,2.76814091649e-7,2.89027866529e-7,3.16472039685e-7,3.61988838904e-7,3.61945609484e-7,2.70013600812e-7],"median":[0.00232666009106,0.00324369221926,0.00105996755883,0.000330922543071,0.000185749231605,0.000128152227262,0.000117314120871,0.000121347678942,0.0000981476478046,0.000158512993949,0.000130623695441,0.000105455015728,0.0000791809070506,0.0000740834293538,0.0000575793746975,0.0000541655535926,0.0000441318043158,0.0000585955349379,0.0000520398752997,0.000056554657931,0.0000655775584164,0.0000434593748651,0.0000418926720158,0.0000352204660885,0.0000330509865307,0.0000249318254646,0.0000157258182298,0.0000103758957266,0.00000712818291504,0.00000474098396808,0.0000024529122129,9.09157222395e-7,4.7002708925e-7,2.70801251645e-7,2.04151632488e-7,1.96209924752e-7,1.81065146876e-7,1.35081791086e-7,1.33136296654e-7,1.06831663516e-7],"min":[1.01837032205e-24,1.16890904302e-24,1.45081696776e-24,7.18641043388e-25,1.28108535957e-24,1.20750514749e-24,1.4079248254e-24,1.65360115762e-24,1.36646387395e-24,2.85698638043e-24,2.66852514359e-24,2.3887134195e-24,1.92820048329e-24,3.00885038773e-24,2.32718286054e-24,3.00898981889e-24,3.39097066591e-24,4.15515205771e-24,2.77059329232e-24,2.50893503259e-24,2.99752135905e-24,3.07559709221e-24,4.44650718343e-24,3.43532200373e-24,5.40835700213e-24,5.37570328825e-24,4.50352802182e-24,4.87926010439e-24,6.41310389356e-24,5.2304325804e-24,4.39425264264e-24,5.15021410381e-24,5.4554523926e-24,5.68734988861e-24,6.46958239007e-24,5.33051773003e-24,5.2856532382e-24,6.07761318349e-24,6.56018345947e-24,4.87307109616e-24],"var":[0.0000278628212982,0.0000302446696878,0.00000170264911503,6.31743262147e-7,1.87145687391e-7,9.75778959855e-8,3.54805358427e-8,5.07061095334e-8,8.37126066244e-8,1.21847264722e-7,6.8610106041e-8,4.63340548151e-8,3.43298296457e-8,1.65923665918e-8,2.24236433866e-8,1.8787215339e-8,1.385940962e-8,1.30871518067e-8,9.90160931025e-9,5.71440006425e-9,6.75819622487e-9,4.11616163376e-9,3.67654728883e-9,8.81361594818e-10,1.32403232822e-9,3.84947212995e-10,1.13137457736e-10,5.29515459258e-11,2.15882364069e-11,6.79451503741e-12,1.82904516186e-12,5.43480679297e-13,1.41953912817e-13,1.10647209168e-13,5.88625760005e-14,8.15740839677e-14,2.71086999419e-13,1.12974354264e-12,9.06489401771e-13,3.72773074344e-13]},"melbands_crest":{"dmean":3.62256979942,"dmean2":5.91023826599,"dvar":9.70453166962,"dvar2":24.0862941742,"max":39.8911437988,"mean":15.1407136917,"median":14.9991664886,"min":1.52566850185,"var":28.7165527344},"melbands_flatness_db":{"dmean":0.0268265604973,"dmean2":0.0411274135113,"dvar":0.000905552937184,"dvar2":0.00188865268137,"max":0.754794478416,"mean":0.200430333614,"median":0.185442566872,"min":0.00290972995572,"var":0.00646046083421},"melbands_kurtosis":{"dmean":7.58835697174,"dmean2":11.8658256531,"dvar":1129.93945312,"dvar2":1602.8828125,"max":2220.03662109,"mean":11.7553253174,"median":4.62874126434,"min":-1.66347372532,"var":3400.78027344},"melbands_skewness":{"dmean":0.789668679237,"dmean2":1.22676610947,"dvar":1.11585140228,"dvar2":2.27070045471,"max":44.3370246887,"mean":2.49116683006,"median":2.21577119827,"min":-1.54432380199,"var":3.67974805832},"melbands_spread":{"dmean":7.94008493423,"dmean2":12.5187969208,"dvar":64.2373275757,"dvar2":146.650314331,"max":171.119232178,"mean":30.5711078644,"median":28.5927085876,"min":0.254789471626,"var":335.21282959},"mfcc":{"cov":[[9441.69824219,1138.45568848,-1389.25463867,150.113418579,-77.4861602783,-133.550674438,168.058380127,93.5125656128,149.847930908,52.2532577515,-52.0915718079,31.8399505615,-83.7892227173],[1138.45568848,670.881225586,-225.593765259,156.250564575,-69.8845596313,64.6291122437,5.31271409988,40.6250267029,7.15302276611,19.4770908356,5.13539075851,-5.68059825897,-18.2963218689],[-1389.25463867,-225.593765259,601.423706055,-6.17727565765,149.275146484,40.0731697083,62.4523963928,13.7465677261,29.0086841583,20.1767692566,40.004119873,41.0723571777,38.1716766357],[150.113418579,156.250564575,-6.17727565765,254.680465698,12.7022733688,59.7551841736,-14.6704874039,57.4164085388,17.7778015137,5.79884147644,14.0924243927,22.5557956696,25.3001060486],[-77.4861602783,-69.8845596313,149.275146484,12.7022733688,134.728866577,21.9976520538,52.5909881592,18.3197574615,34.3822441101,15.3092937469,20.5258846283,29.6890563965,21.5773925781],[-133.550674438,64.6291122437,40.0731697083,59.7551841736,21.9976520538,124.795249939,47.5752372742,42.914150238,18.3893661499,27.7998542786,31.2304496765,12.331029892,15.0241260529],[168.058380127,5.31271409988,62.4523963928,-14.6704874039,52.5909881592,47.5752372742,102.13923645,38.662361145,31.2311782837,23.7630310059,24.9652938843,24.891702652,10.1927633286],[93.5125656128,40.6250267029,13.7465677261,57.4164085388,18.3197574615,42.914150238,38.662361145,82.2373046875,41.141872406,21.2686405182,21.4579219818,23.9640159607,20.1120109558],[149.847930908,7.15302276611,29.0086841583,17.7778015137,34.3822441101,18.3893661499,31.2311782837,41.141872406,68.7353744507,34.4950714111,19.5545940399,15.6865119934,13.0485725403],[52.2532577515,19.4770908356,20.1767692566,5.79884147644,15.3092937469,27.7998542786,23.7630310059,21.2686405182,34.4950714111,59.3551139832,30.4433002472,13.5632276535,6.96618938446],[-52.0915718079,5.13539075851,40.004119873,14.0924243927,20.5258846283,31.2304496765,24.9652938843,21.4579219818,19.5545940399,30.4433002472,55.7361297607,29.6886558533,14.4380092621],[31.8399505615,-5.68059825897,41.0723571777,22.5557956696,29.6890563965,12.331029892,24.891702652,23.9640159607,15.6865119934,13.5632276535,29.6886558533,57.4056129456,28.759393692],[-83.7892227173,-18.2963218689,38.1716766357,25.3001060486,21.5773925781,15.0241260529,10.1927633286,20.1120109558,13.0485725403,6.96618938446,14.4380092621,28.759393692,49.3562355042]],"icov":[[0.000286009686533,-0.000311083800625,0.000704573409166,-0.000196861248696,-0.000381249585189,0.00070526287891,-0.000968368374743,0.000305072870106,-0.000584889610764,-0.0000710622261977,0.00027818698436,-0.000372592796339,0.000254272221355],[-0.000311083800625,0.0025964579545,-0.0000690660162945,-0.00128326599952,0.0013382374309,-0.00133082398679,0.0000234559192904,0.00000423930123361,0.000562310218811,-0.000568998628296,-0.000118803443911,0.000202643714147,0.000807426404208],[0.000704573409166,-0.0000690660162945,0.00434166844934,-0.000643315026537,-0.0032233633101,0.00119550409727,-0.00262845121324,0.00112149876077,-0.00105875614099,-0.000239642497036,-0.000116218208859,-0.000810117577203,0.000093326329079],[-0.000196861248696,-0.00128326599952,-0.000643315026537,0.00727374665439,-0.00176514219493,-0.00332921813242,0.00599548919126,-0.00488939043134,0.000701811397448,0.00134091125801,0.00037239168887,-0.00148666300811,-0.00111907161772],[-0.000381249585189,0.0013382374309,-0.0032233633101,-0.00176514219493,0.0148116173223,-0.000629487447441,-0.00472939200699,0.00375757878646,-0.00495458673686,0.00161013926845,0.000207930643228,-0.00218327157199,-0.0012975987047],[0.00070526287891,-0.00133082398679,0.00119550409727,-0.00332921813242,-0.000629487447441,0.0161136705428,-0.0084396218881,-0.00246515008621,0.00256011402234,-0.00351917371154,-0.00435536541045,0.00496797030792,-0.00219735386781],[-0.000968368374743,0.0000234559192904,-0.00262845121324,0.00599548919126,-0.00472939200699,-0.0084396218881,0.0238628480583,-0.0082468893379,0.000902334111743,0.0000596813297307,-0.000545244547538,-0.00383198610507,0.00253875041381],[0.000305072870106,0.00000423930123361,0.00112149876077,-0.00488939043134,0.00375757878646,-0.00246515008621,-0.0082468893379,0.0272617880255,-0.0136091625318,0.00266123912297,-0.0000409169879276,-0.00381269073114,-0.00268371216953],[-0.000584889610764,0.000562310218811,-0.00105875614099,0.000701811397448,-0.00495458673686,0.00256011402234,0.000902334111743,-0.0136091625318,0.032211586833,-0.0142370490357,0.000295447796816,0.00375593453646,-0.00236095837317],[-0.0000710622261977,-0.000568998628296,-0.000239642497036,0.00134091125801,0.00161013926845,-0.00351917371154,0.0000596813297307,0.00266123912297,-0.0142370490357,0.0319548547268,-0.0131276352331,0.00109699787572,0.000891756964847],[0.00027818698436,-0.000118803443911,-0.000116218208859,0.00037239168887,0.000207930643228,-0.00435536541045,-0.000545244547538,-0.0000409169879276,0.000295447796816,-0.0131276352331,0.0356734246016,-0.0156544093043,0.00215235236101],[-0.000372592796339,0.000202643714147,-0.000810117577203,-0.00148666300811,-0.00218327157199,0.00496797030792,-0.00383198610507,-0.00381269073114,0.00375593453646,0.00109699787572,-0.0156544093043,0.0365850590169,-0.0152678405866],[0.000254272221355,0.000807426404208,0.000093326329079,-0.00111907161772,-0.0012975987047,-0.00219735386781,0.00253875041381,-0.00268371216953,-0.00236095837317,0.000891756964847,0.00215235236101,-0.0152678405866,0.0320638641715]],"mean":[-615.989257812,136.042648315,-35.4455680847,39.2581481934,9.81657791138,3.1053340435,13.56387043,6.6315908432,9.74404811859,5.52572250366,-0.504320323467,1.66052627563,-2.35282111168]},"pitch_salience":{"dmean":0.0828855484724,"dmean2":0.13576233387,"dvar":0.00577290635556,"dvar2":0.0146259199828,"max":0.837498366833,"mean":0.5397605896,"median":0.549463629723,"min":0.0139758372679,"var":0.015524353832},"silence_rate_20dB":{"dmean":0,"dmean2":0,"dvar":0,"dvar2":0,"max":1,"mean":1,"median":1,"min":1,"var":0},"silence_rate_30dB":{"dmean":0.0477106571198,"dmean2":0.0954335555434,"dvar":0.0454343520105,"dvar2":0.115571759641,"max":1,"mean":0.966914594173,"median":1,"min":0,"var":0.0319907628},"silence_rate_60dB":{"dmean":0.00410414254293,"dmean2":0.00820933841169,"dvar":0.00408729864284,"dvar2":0.009681195952,"max":1,"mean":0.0448833033442,"median":0,"min":0,"var":0.0428687930107},"spectral_centroid":{"dmean":230.037979126,"dmean2":365.696136475,"dvar":72638.625,"dvar2":151269.96875,"max":11988.7060547,"mean":1882.87121582,"median":1839.27563477,"min":82.0841140747,"var":1004528.75},"spectral_complexity":{"dmean":4.03668069839,"dmean2":6.36788082123,"dvar":11.8465442657,"dvar2":27.691242218,"max":58,"mean":34.7140274048,"median":37,"min":0,"var":104.906936646},"spectral_contrast_coeffs":{"dmean":[0.053655538708,0.0468419604003,0.0388227775693,0.029483590275,0.0201307497919,0.0170520022511],"dmean2":[0.0889898687601,0.0776466429234,0.063571177423,0.048294685781,0.033498223871,0.0265326742083],"dvar":[0.00189295934979,0.00140018411912,0.000924861175008,0.000551496748812,0.000248466327321,0.000212326602195],"dvar2":[0.00497896736488,0.00375931989402,0.00250206422061,0.00146003754344,0.000681059609633,0.000465342833195],"max":[-0.246300637722,-0.384086281061,-0.427730202675,-0.537579596043,-0.619174361229,-0.608244776726],"mean":[-0.662828564644,-0.769033610821,-0.781971693039,-0.789271175861,-0.787850260735,-0.731315374374],"median":[-0.668974518776,-0.77392077446,-0.784740209579,-0.791590809822,-0.787436842918,-0.729049086571],"min":[-0.983235359192,-0.976596415043,-0.983974456787,-0.98364841938,-0.981513261795,-0.980637848377],"var":[0.00701090227813,0.00424375664443,0.00335367955267,0.00251958146691,0.00138956564479,0.00237328466028]},"spectral_contrast_valleys":{"dmean":[0.40109655261,0.358891546726,0.310171157122,0.261543601751,0.187533631921,0.209881335497],"dmean2":[0.657473385334,0.594588220119,0.504175782204,0.413972318172,0.289053857327,0.287037283182],"dvar":[0.147369071841,0.114070817828,0.0954628363252,0.0877681002021,0.0720029845834,0.0791388228536],"dvar2":[0.324606746435,0.251775413752,0.190518587828,0.157522067428,0.10869666189,0.118925005198],"max":[-4.97132539749,-4.84553337097,-5.10990524292,-5.43677330017,-5.64088201523,-8.65247058868],"mean":[-6.97326993942,-6.72660827637,-6.86931610107,-7.08845281601,-6.89527750015,-10.647611618],"median":[-6.49902439117,-6.3790807724,-6.48410797119,-6.69669723511,-6.47750854492,-10.26927948],"min":[-28.0816421509,-27.9673480988,-27.7965717316,-27.7734508514,-27.507598877,-27.4133377075],"var":[5.00561952591,4.87399053574,5.09756088257,5.03737163544,5.12899923325,3.65873479843]},"spectral_decrease":{"dmean":4.17165813005e-9,"dmean2":6.87176449077e-9,"dvar":4.17470941402e-17,"dvar2":1.08176668806e-16,"max":1.15036836292e-15,"mean":-1.088028867e-8,"median":-9.69642144355e-9,"min":-6.9313436768e-8,"var":5.53453445318e-17},"spectral_energy":{"dmean":0.0160791277885,"dmean2":0.0264769420028,"dvar":0.000605169159826,"dvar2":0.0015680155484,"max":0.265304386616,"mean":0.0435892306268,"median":0.0392806231976,"min":9.873256872e-21,"var":0.000818899658043},"spectral_energyband_high":{"dmean":0.000129997119075,"dmean2":0.000209928271943,"dvar":1.99932195244e-8,"dvar2":5.03952115594e-8,"max":0.00226882938296,"mean":0.000498890003655,"median":0.000468424637802,"min":7.10468901634e-21,"var":6.77721629927e-8},"spectral_energyband_low":{"dmean":0.0140348225832,"dmean2":0.0232762526721,"dvar":0.00059687718749,"dvar2":0.00155400321819,"max":0.251619428396,"mean":0.0244780629873,"median":0.0185854062438,"min":1.37262728364e-23,"var":0.000685927807353},"spectral_energyband_middle_high":{"dmean":0.00257845944725,"dmean2":0.0041197957471,"dvar":0.00000867989729159,"dvar2":0.000021869171178,"max":0.0394517891109,"mean":0.0104738967493,"median":0.00916429422796,"min":1.18757892414e-21,"var":0.0000369953741028},"spectral_energyband_middle_low":{"dmean":0.00394992344081,"dmean2":0.00648814579472,"dvar":0.0000248065534834,"dvar2":0.0000639033678453,"max":0.067170098424,"mean":0.00915718730539,"median":0.00785108469427,"min":1.68877689137e-22,"var":0.0000377853684768},"spectral_entropy":{"dmean":0.0821615383029,"dmean2":0.123693048954,"dvar":0.0148061085492,"dvar2":0.0237124431878,"max":9.82629871368,"mean":7.68473577499,"median":7.72070455551,"min":4.04616069794,"var":0.181253001094},"spectral_flux":{"dmean":0.0306027457118,"dmean2":0.0481725968421,"dvar":0.0013778306311,"dvar2":0.00277871009894,"max":0.439093917608,"mean":0.114174626768,"median":0.10613784194,"min":6.35912919544e-11,"var":0.00293357647024},"spectral_kurtosis":{"dmean":1.93319201469,"dmean2":3.38975977898,"dvar":8.21770381927,"dvar2":20.291841507,"max":121.479118347,"mean":5.37958097458,"median":4.505859375,"min":-1.25992465019,"var":36.6528816223},"spectral_rms":{"dmean":0.00107150024269,"dmean2":0.00171755650081,"dvar":0.00000170702492142,"dvar2":0.00000423511573899,"max":0.0160883050412,"mean":0.00615634676069,"median":0.00619052164257,"min":3.103618057e-12,"var":0.00000462547041025},"spectral_rolloff":{"dmean":455.124694824,"dmean2":752.598693848,"dvar":598761.5625,"dvar2":1290755.375,"max":21619.3359375,"mean":1775.64709473,"median":1658.05664062,"min":21.533203125,"var":4128749.75},"spectral_skewness":{"dmean":0.213606148958,"dmean2":0.361658036709,"dvar":0.0583339743316,"dvar2":0.137543067336,"max":9.08112430573,"mean":1.28247475624,"median":1.24018621445,"min":-0.10459984839,"var":0.405485481024},"spectral_spread":{"dmean":250441.015625,"dmean2":375146.125,"dvar":266308763648,"dvar2":377243009024,"max":42146308,"mean":3393092.75,"median":2903825.5,"min":859633.8125,"var":13873969102800},"spectral_strongpeak":{"dmean":0.365543425083,"dmean2":0.647054612637,"dvar":0.529401779175,"dvar2":1.40036487579,"max":11.7543983459,"mean":0.534718215466,"median":0.3692727983,"min":0,"var":0.53063172102},"zerocrossingrate":{"dmean":0.0078074275516,"dmean2":0.00998953543603,"dvar":0.000175603228854,"dvar2":0.00028400766314,"max":0.5263671875,"mean":0.0584458522499,"median":0.0537109375,"min":0,"var":0.00241505447775}},"metadata":{"audio_properties":{"analysis_sample_rate":44100,"bit_rate":0,"codec":"flac","downmix":"mix","equal_loudness":0,"length":181.039993286,"lossless":true,"md5_encoded":"d69eb31f97af556bd38ed0c593959d2c","replay_gain":-11.5865383148},"tags":{"album":["Without You I'm Nothing"],"albumartist":["Placebo"],"albumartistsort":["Placebo"],"artist":["Placebo"],"artistsort":["Placebo"],"barcode":["724384653125"],"composer":["Placebo"],"date":["1998-10-12"],"discnumber":["1"],"disctotal":["1"],"file_name":"11. Scared of Girls.flac","mixer":["Jake Davies"],"musicbrainz_albumartistid":["847e8284-8582-4b0e-9c26-b042a4f49e57"],"musicbrainz_albumid":["febbd996-fc2b-4811-a389-ef339c015664"],"musicbrainz_artistid":["847e8284-8582-4b0e-9c26-b042a4f49e57"],"musicbrainz_recordingid":["f021696d-dc23-4d4e-9708-abc05844a8a1"],"originaldate":["1998-10-09"],"title":["Scared of Girls"],"totaldiscs":["1"],"totaltracks":["12"],"tracknumber":["11"],"tracktotal":["12"]},"version":{"essentia":"2.1-beta1","essentia_build_sha":"50a0fbec89d6a9cedea3d45b6611406f7e8c7b1a","essentia_git_sha":"v2.1_beta1-7-ge0e83e8-dirty","extractor":"music 1.0"}},"rhythm":{"beats_count":372,"beats_loudness":{"dmean":0.022388573736,"dmean2":0.0369054153562,"dvar":0.000393566268031,"dvar2":0.00103166815825,"max":0.139920428395,"mean":0.0490840896964,"median":0.0475651659071,"min":0,"var":0.000538549793418},"beats_loudness_band_ratio":{"dmean":[0.226009875536,0.121113196015,0.0885676890612,0.080136731267,0.0700932964683,0.0239240415394],"dmean2":[0.402476042509,0.227187052369,0.163609832525,0.143676787615,0.118522778153,0.0419355817139],"dvar":[0.0277559738606,0.0107073942199,0.00666089914739,0.00544856814668,0.00383412581868,0.000559732143302],"dvar2":[0.0738517418504,0.0325211435556,0.0198027137667,0.015130424872,0.0102097541094,0.0016386131756],"max":[0.916938364506,0.883917272091,0.460282534361,0.50894087553,0.549871265888,0.216208085418],"mean":[0.539176344872,0.121928796172,0.103317596018,0.112067677081,0.127789139748,0.0379746742547],"med