{"lowlevel":{"average_loudness":0.914617359638,"barkbands":{"dmean":[0.00503567093983,0.0107627576217,0.00221208157018,0.00112089933828,0.00142403272912,0.00102930422872,0.000917243538424,0.00106150470674,0.000874346646015,0.00110543949995,0.000629177666269,0.000701865763403,0.000608175701927,0.000481565162772,0.000347679393599,0.000321018567774,0.000212069106055,0.000185328623047,0.000138802963193,0.000113838854304,0.0000945850624703,0.0000723927296349,0.0000449506260338,0.0000175096611201,0.00000246844456342,0.0000283865447273,0.000428702449426],"dmean2":[0.00848333351314,0.018395062536,0.00374997151084,0.00187074835412,0.00239079724997,0.00164759007748,0.00143044290598,0.00172016117722,0.001432432211,0.00177732668817,0.00102881353814,0.00114519824274,0.00100006849971,0.000789829646237,0.000582061184105,0.000532727397513,0.000348900299286,0.000300325482385,0.000222406728426,0.000180864779395,0.000140702628414,0.000103763639345,0.0000634235693724,0.0000259638345597,0.0000041394823711,0.000039242553612,0.000640045793261],"dvar":[0.000175940134795,0.000610655290075,0.0000110163355203,0.00000345342027686,0.00000951010042627,0.00000497995415571,0.00000620029368292,0.00000678664400766,0.00000347839250026,0.00000823502523417,0.00000223406050281,0.00000280141421172,0.00000109061261355,5.92977528413e-7,2.60387082562e-7,2.29203067192e-7,1.11801377045e-7,1.17770795782e-7,4.69146392845e-8,2.89964852129e-8,2.18294395893e-8,1.30155148881e-8,6.40853103917e-9,1.64078994835e-9,1.82314927044e-11,3.21210258392e-9,3.503299979e-7],"dvar2":[0.000442458112957,0.00167344324291,0.000030451659768,0.00000898360758583,0.0000249842742051,0.00001171907752,0.0000139995599966,0.0000167324233189,0.00000873296994541,0.0000199018304556,0.00000556866370971,0.00000680186803947,0.00000281510801869,0.0000014899371763,6.87175145231e-7,6.01374438247e-7,2.78924517261e-7,2.877281986e-7,1.12970070631e-7,7.0105869554e-8,4.56834534646e-8,2.64345256795e-8,1.25794672456e-8,3.47270812107e-9,4.5200451021e-11,6.19402129587e-9,7.48909087633e-7],"max":[0.178272977471,0.421735882759,0.0587803907692,0.0484927333891,0.068724617362,0.0452265627682,0.0541264489293,0.0634293183684,0.0279102250934,0.053965203464,0.0350142344832,0.0478272773325,0.0244011692703,0.0143801821396,0.00812043994665,0.00649326154962,0.00715001765639,0.00632107956335,0.0036148217041,0.00384060898796,0.00444600451738,0.00223767873831,0.00208228081465,0.000893366872333,0.0000801029818831,0.0010369309457,0.0125077432021],"mean":[0.00471102120355,0.0122395558283,0.0029186650645,0.0015676516341,0.00194324250333,0.00141002354212,0.00138581520878,0.00143130624201,0.00117618648801,0.00143474817742,0.000897606194485,0.00110701681115,0.0010566530982,0.000834488775581,0.00064374669455,0.000603683234658,0.000402134523029,0.000342843064573,0.000272261881037,0.000240110093728,0.000213925886783,0.000140631003887,0.0000713305707905,0.0000196601904463,0.00000249410572906,0.0000430463478551,0.00162630190607],"median":[0.0014364811359,0.00584659306332,0.00154599128291,0.000826766598038,0.000854246842209,0.00051486416487,0.000325059198076,0.000344716623658,0.000410182168707,0.000431993801612,0.000409465195844,0.000557273451705,0.000616737059318,0.000542118388694,0.000468222977361,0.000416804570705,0.000270901771728,0.00021003044094,0.000174571963726,0.000168384693097,0.000134044981678,0.0000667583881295,0.0000284168290818,0.00000455754707218,8.88037959612e-7,0.0000152375669131,0.00121976132505],"min":[3.12791336137e-24,2.58735837731e-23,1.38815506393e-23,3.56872027606e-23,2.24955551592e-23,2.13657312158e-23,2.42227156241e-23,4.67882238129e-23,1.14653107074e-22,6.79082516779e-23,6.07794797605e-23,1.25219917832e-22,1.3222883969e-22,1.08597507843e-22,1.24223378249e-22,1.68303398398e-22,2.05544398396e-22,1.953382296e-22,2.26817250706e-22,4.15607972658e-22,4.094851751e-22,6.08199641022e-22,6.95723165233e-22,8.17099449812e-22,1.21868927583e-21,1.26285811541e-21,2.58637425755e-21],"var":[0.000147958708112,0.000493872503284,0.0000147458831634,0.0000051831593737,0.0000113657888505,0.00000832465320855,0.0000145956137203,0.0000111067756734,0.00000472042256661,0.0000105262533907,0.00000327924431076,0.00000516386262461,0.00000225560506806,0.00000104376999843,4.61084823655e-7,4.56158630868e-7,2.12861351656e-7,2.07282397469e-7,9.93600437482e-8,7.24570554667e-8,6.89654271468e-8,3.55875009461e-8,1.23903145521e-8,2.07152561771e-9,1.9164444337e-11,5.59895019236e-9,0.00000243760973717]},"barkbands_crest":{"dmean":3.08852720261,"dmean2":5.08854150772,"dvar":7.84157276154,"dvar2":20.2517852783,"max":26.3438053131,"mean":9.58960914612,"median":8.43642902374,"min":2.16401124001,"var":22.4498825073},"barkbands_flatness_db":{"dmean":0.0257889591157,"dmean2":0.0400928147137,"dvar":0.000711185566615,"dvar2":0.00166202522814,"max":0.525943040848,"mean":0.112678349018,"median":0.0978589132428,"min":0.0262039992958,"var":0.00300798518583},"barkbands_kurtosis":{"dmean":5.20228910446,"dmean2":8.53846740723,"dvar":270.821166992,"dvar2":645.837036133,"max":495.990081787,"mean":6.93681764603,"median":1.48902225494,"min":-1.85018074512,"var":505.966430664},"barkbands_skewness":{"dmean":0.687602639198,"dmean2":1.0829834938,"dvar":0.869789421558,"dvar2":2.03224849701,"max":18.3965740204,"mean":1.83894526958,"median":1.3871036768,"min":-1.7674022913,"var":2.90464472771},"barkbands_spread":{"dmean":9.89262676239,"dmean2":15.4385414124,"dvar":100.322990417,"dvar2":224.896438599,"max":137.438415527,"mean":43.0516967773,"median":41.5885047913,"min":0.367009133101,"var":499.399108887},"dissonance":{"dmean":0.0126122990623,"dmean2":0.0215917155147,"dvar":0.00020944060816,"dvar2":0.000564295623917,"max":0.500000178814,"mean":0.481579959393,"median":0.48732867837,"min":0.293960243464,"var":0.000379858131055},"dynamic_complexity":4.43644428253,"erbbands":{"dmean":[0.533510148525,1.7115585804,2.43324708939,3.20178103447,3.98758125305,5.05861902237,8.02136898041,8.00801372528,10.8998813629,16.8995914459,22.3066673279,18.1807765961,33.0549087524,26.6428718567,26.1360969543,25.4072628021,26.5169448853,25.7206058502,18.0137195587,17.1901950836,16.0694313049,11.4277153015,10.5049085617,7.38909435272,6.83970451355,5.0191950798,4.35234546661,3.48430204391,2.69484233856,1.98690521717,1.17155051231,0.586676239967,0.168842434883,0.0357327274978,0.0166432019323,0.0237254984677,0.0583235658705,0.0714922696352,0.0342736244202,0.00986403413117],"dmean2":[0.925411581993,2.93573570251,4.15739965439,5.29712343216,6.76645326614,8.56370735168,12.9286813736,12.8277425766,17.076631546,26.5864391327,35.8301925659,29.6756706238,53.7186546326,42.3971099854,42.3439483643,41.1172676086,43.3512802124,42.0073738098,29.6475067139,28.2781410217,26.6690731049,18.6018047333,17.0601139069,11.8168802261,10.9112682343,7.89764070511,6.53444242477,5.1404709816,3.9379799366,2.81007146835,1.63697624207,0.842115879059,0.264326184988,0.0588269457221,0.0276147350669,0.0374070331454,0.0802448168397,0.0954503640532,0.0484371334314,0.0148469833657],"dvar":[1.98820316792,11.2805538177,13.6326913834,24.4184799194,48.3446846008,153.805160522,397.494537354,324.440917969,966.055358887,1934.38537598,2848.94799805,1513.68041992,7940.92285156,3236.3581543,4018.39599609,3292.23754883,2111.67431641,1707.2298584,805.153686523,606.984069824,620.752868652,342.293518066,400.283660889,152.623580933,103.301261902,58.9545898438,49.9432525635,27.8428134918,17.8892765045,11.3426198959,4.52152633667,1.60062432289,0.1876090765,0.00428474787623,0.000801948306616,0.00277050514705,0.0142232598737,0.0159951001406,0.00365760503337,0.000194928550627],"dvar2":[5.43227577209,31.3597126007,38.4942321777,62.7865257263,132.130630493,405.726745605,958.330688477,775.93737793,2193.57592773,4535.97509766,7015.01416016,3773.03149414,19407.6308594,7554.02099609,10139.9853516,7958.24121094,5387.31787109,4312.73876953,2089.40014648,1575.65686035,1643.60961914,841.498535156,983.754943848,367.088897705,246.244689941,141.273681641,106.810073853,59.1840744019,38.3330764771,22.2660083771,8.82050895691,3.27034950256,0.425627171993,0.0103918705136,0.00198709988035,0.00636702775955,0.0274055059999,0.0294386502355,0.00733875064179,0.00042670322],"max":[19.9199008942,63.6488418579,63.1318817139,94.1273803711,97.3688659668,216.572647095,553.237487793,311.741638184,951.457824707,1060.86767578,1321.72192383,694.391113281,2010.36682129,1156.22192383,1887.05456543,1511.33776855,1012.93798828,832.743408203,602.99420166,471.903564453,445.724212646,412.002563477,372.664703369,242.936737061,161.540878296,208.3359375,220.13835144,119.63710022,80.0506057739,66.8256835938,55.5593643188,27.2699947357,6.84742593765,0.924660503864,0.566145658493,0.791537165642,2.81209516525,3.33925032616,1.98467087746,0.256698489189],"mean":[0.533570051193,2.06178998947,3.35199308395,4.87573051453,5.54314851761,6.32126712799,10.4041156769,11.1706895828,16.6803836823,25.3984088898,31.7420978546,25.7346343994,42.614364624,39.491771698,40.9905548096,43.5756072998,48.1243247986,46.3839988708,35.3497085571,33.9075012207,31.431388855,22.8946342468,19.9524974823,14.8799505234,13.5564918518,10.8317461014,9.57343482971,7.62442493439,5.33234071732,3.46113109589,1.81317925453,0.749550759792,0.164777249098,0.0359886437654,0.0177379958332,0.0251744762063,0.0868598967791,0.142429098487,0.0999876707792,0.0421909876168],"median":[0.205157920718,0.945705115795,1.94069314003,2.78450393677,2.67825675011,2.5130507946,3.1482834816,4.31743097305,4.51088809967,6.30191469193,8.31561565399,8.98533248901,12.9296731949,17.4411678314,20.6153850555,24.0455703735,29.0172595978,29.7547664642,25.6147441864,24.7325496674,22.218832016,15.7047338486,12.4788169861,9.59455871582,9.21331882477,7.49244117737,6.1837682724,4.30909252167,2.62832355499,1.44273412228,0.70615696907,0.216874390841,0.0293824058026,0.0118261296302,0.00720107741654,0.00762255815789,0.0295941829681,0.060360647738,0.0547634996474,0.0334374383092],"min":[6.04433354003e-22,6.06356831655e-21,1.57065232426e-20,8.16760721774e-20,6.24821861684e-20,1.31003359495e-19,5.410938646e-20,2.87672685832e-19,3.85385567039e-19,4.9359449134e-19,1.56542566078e-18,2.83798988683e-18,1.6576764616e-18,1.68861467087e-18,4.07806990306e-18,4.97479076253e-18,5.73572372059e-18,5.88183607681e-18,5.68509819915e-18,9.17072066798e-18,8.11404541192e-18,1.29513595838e-17,8.71308464845e-18,1.0462282958e-17,1.46551473321e-17,1.86027493458e-17,1.6957617802e-17,2.02407754082e-17,1.89952912142e-17,2.01331393582e-17,1.98605105544e-17,1.76115967205e-17,1.37758824651e-17,1.10180316971e-17,1.00915265453e-17,5.01452686479e-18,2.3052622045e-18,1.30063801227e-18,3.33052253676e-19,3.59364028856e-20],"var":[1.45713233948,10.4431266785,18.1014328003,39.8201828003,67.371673584,160.27130127,560.621948242,518.976806641,2337.39404297,3935.71801758,5046.11083984,2199.51660156,9658.47558594,4940.93408203,6121.07714844,6602.74951172,4581.47070312,3095.33911133,1471.83203125,1244.53613281,1197.6114502,668.247558594,694.41394043,312.841278076,220.786865234,150.351348877,147.936645508,87.6097259521,48.6882629395,25.8557395935,8.57083702087,2.27747297287,0.200064852834,0.00442391633987,0.000881442974787,0.00300596584566,0.0241029318422,0.0427602082491,0.0186989568174,0.00144179619383]},"erbbands_crest":{"dmean":2.24023675919,"dmean2":3.72201371193,"dvar":5.43464374542,"dvar2":13.7446079254,"max":29.8529129028,"mean":7.02410554886,"median":6.0270485878,"min":2.18291854858,"var":11.4577646255},"erbbands_flatness_db":{"dmean":0.0185133051127,"dmean2":0.0282837375998,"dvar":0.000273638521321,"dvar2":0.0006050891825,"max":0.280822277069,"mean":0.129498794675,"median":0.126629471779,"min":0.03614891693,"var":0.00113345962018},"erbbands_kurtosis":{"dmean":0.855586946011,"dmean2":1.38043320179,"dvar":1.45475113392,"dvar2":3.51624321938,"max":30.0440101624,"mean":0.624079585075,"median":0.237729787827,"min":-1.83274006844,"var":2.87986755371},"erbbands_skewness":{"dmean":0.335874378681,"dmean2":0.523150086403,"dvar":0.102446101606,"dvar2":0.224829345942,"max":4.58638048172,"mean":-0.119802102447,"median":-0.170957863331,"min":-3.49308013916,"var":0.419446200132},"erbbands_spread":{"dmean":6.86619234085,"dmean2":10.8941087723,"dvar":50.998260498,"dvar2":122.742874146,"max":135.95425415,"mean":31.7982597351,"median":29.6891593933,"min":3.89212536812,"var":183.276901245},"gfcc":{"cov":[[21844.5,1592.18530273,-607.237243652,-101.996520996,-227.293060303,-729.619018555,734.535095215,-896.983947754,411.009887695,-262.052612305,-115.238586426,60.370136261,-443.89956665],[1592.18530273,1033.81677246,-71.7099227905,-164.066070557,176.226516724,-138.421508789,100.45174408,-71.3667373657,49.1059303284,-28.4099884033,47.6131858826,-75.8490982056,45.0680541992],[-607.237243652,-71.7099227905,445.756622314,190.823577881,-7.89854192734,198.348434448,-116.388885498,115.177520752,-34.1157684326,71.6812133789,1.2370172739,18.3493556976,13.5388326645],[-101.996520996,-164.066070557,190.823577881,268.146575928,83.9013977051,69.744972229,16.5114002228,-5.96540737152,4.34558057785,14.1303262711,-4.27070617676,38.956199646,-24.0512447357],[-227.293060303,176.226516724,-7.89854192734,83.9013977051,289.907562256,34.9871025085,69.0193405151,-17.5536613464,-0.716434597969,-23.6222343445,30.978553772,-16.3661403656,42.2971191406],[-729.619018555,-138.421508789,198.348434448,69.744972229,34.9871025085,262.364990234,-59.243938446,97.6821517944,-50.3329238892,45.0018730164,20.4116859436,16.8368549347,20.7811756134],[734.535095215,100.45174408,-116.388885498,16.5114002228,69.0193405151,-59.243938446,197.709655762,-66.2833099365,75.7098999023,-27.8487224579,-6.17457008362,19.1952152252,-35.5722007751],[-896.983947754,-71.3667373657,115.177520752,-5.96540737152,-17.5536613464,97.6821517944,-66.2833099365,208.523345947,-5.77314949036,51.0427856445,11.7107257843,-26.0903606415,51.7623786926],[411.009887695,49.1059303284,-34.1157684326,4.34558057785,-0.716434597969,-50.3329238892,75.7098999023,-5.77314949036,120.748886108,16.2181529999,-6.41141366959,19.2079906464,-35.4222068787],[-262.052612305,-28.4099884033,71.6812133789,14.1303262711,-23.6222343445,45.0018730164,-27.8487224579,51.0427856445,16.2181529999,88.9619903564,34.1504173279,7.08246994019,13.3083467484],[-115.238586426,47.6131858826,1.2370172739,-4.27070617676,30.978553772,20.4116859436,-6.17457008362,11.7107257843,-6.41141366959,34.1504173279,62.8174629211,18.1616401672,22.3698234558],[60.370136261,-75.8490982056,18.3493556976,38.956199646,-16.3661403656,16.8368549347,19.1952152252,-26.0903606415,19.2079906464,7.08246994019,18.1616401672,70.7861099243,-3.08007693291],[-443.89956665,45.0680541992,13.5388326645,-24.0512447357,42.2971191406,20.7811756134,-35.5722007751,51.7623786926,-35.4222068787,13.3083467484,22.3698234558,-3.08007693291,88.0807800293]],"icov":[[0.00007598951197,-0.000157841801411,0.0000749906830606,-0.000179770737304,0.000261946290266,-0.0000646302069072,-0.000123814839753,0.000201622475288,-0.000107374638901,0.000101662117231,-0.0000212653631024,0.0000569751973671,0.0000729310049792],[-0.000157841801411,0.00287329382263,-0.0031240421813,0.00350531004369,-0.00189215119462,0.0016303206794,-0.00136158277746,0.00132527959067,-0.00134902528953,0.00143991387449,-0.0034888102673,0.00318296789192,-0.00139574985951],[0.0000749906830606,-0.0031240421813,0.010208196938,-0.008361116983,0.00288678752258,-0.00487027410418,0.00446575088426,-0.00258399848826,0.000682878657244,-0.00366063509136,0.00556320371106,-0.00301758176647,0.000518410815857],[-0.000179770737304,0.00350531004369,-0.008361116983,0.0139765813947,-0.00725340424106,0.00446649454534,-0.00292136264034,0.000690045359079,0.00192225747742,-0.00115938577801,0.000286514608888,-0.00361324730329,0.00399518990889],[0.000261946290266,-0.00189215119462,0.00288678752258,-0.00725340424106,0.0107873221859,-0.00463816290721,-0.00180373818148,0.00284158112481,-0.00414660060778,0.00566556304693,-0.00639635603875,0.00801082421094,-0.00723928119987],[-0.0000646302069072,0.0016303206794,-0.00487027410418,0.00446649454534,-0.00463816290721,0.00988768599927,-0.00150439701974,-0.0032787239179,0.00528432289138,-0.00266300071962,0.000405070430133,-0.00470334338024,0.00428215321153],[-0.000123814839753,-0.00136158277746,0.00446575088426,-0.00292136264034,-0.00180373818148,-0.00150439701974,0.0114377401769,-0.000656061863992,-0.00400759046897,-0.000209865553188,0.00316109601408,-0.0039085932076,0.00229497719556],[0.000201622475288,0.00132527959067,-0.00258399848826,0.000690045359079,0.00284158112481,-0.0032787239179,-0.000656061863992,0.0121773220599,-0.00697570154443,0.00179171271157,-0.00478518381715,0.0102087371051,-0.0085923243314],[-0.000107374638901,-0.00134902528953,0.000682878657244,0.00192225747742,-0.00414660060778,0.00528432289138,-0.00400759046897,-0.00697570154443,0.0209302306175,-0.01092904713,0.0101607237011,-0.0130106117576,0.0108274687082],[0.000101662117231,0.00143991387449,-0.00366063509136,-0.00115938577801,0.00566556304693,-0.00266300071962,-0.000209865553188,0.00179171271157,-0.01092904713,0.0264843925834,-0.0195979643613,0.0107757970691,-0.00625104410574],[-0.0000212653631024,-0.0034888102673,0.00556320371106,0.000286514608888,-0.00639635603875,0.000405070430133,0.00316109601408,-0.00478518381715,0.0101607237011,-0.0195979643613,0.0385197140276,-0.0199982952327,0.0045309709385],[0.0000569751973671,0.00318296789192,-0.00301758176647,-0.00361324730329,0.00801082421094,-0.00470334338024,-0.0039085932076,0.0102087371051,-0.0130106117576,0.0107757970691,-0.0199982952327,0.0350825153291,-0.0127340434119],[0.0000729310049792,-0.00139574985951,0.000518410815857,0.00399518990889,-0.00723928119987,0.00428215321153,0.00229497719556,-0.0085923243314,0.0108274687082,-0.00625104410574,0.0045309709385,-0.0127340434119,0.0255913101137]],"mean":[-2.65807008743,77.1195297241,-102.11341095,5.65822839737,-3.10916519165,-14.717417717,12.0477733612,-22.9380741119,5.97127485275,-9.14324760437,-6.20077085495,-0.677269935608,-10.38808918]},"hfc":{"dmean":39.4854278564,"dmean2":62.7897644043,"dvar":2685.40039062,"dvar2":6582.16845703,"max":1404.54040527,"mean":164.996017456,"median":143.018875122,"min":1.12314027707e-16,"var":14639.2705078},"melbands":{"dmean":[0.00392714887857,0.00149077689275,0.000535659317393,0.000301145453705,0.000266270450084,0.00018428300973,0.000170350991539,0.000200693975785,0.000175056920853,0.00011858362268,0.000171442326973,0.000115513073979,0.0000869031937327,0.0000874184843269,0.0000610412243987,0.0000591132084082,0.0000491649188916,0.0000317881167575,0.0000272968572972,0.0000231952672038,0.0000199429196073,0.0000130449607241,0.0000112615362013,0.00000911868119147,0.00000621337812845,0.0000055278533182,0.00000486784119857,0.00000348267258232,0.00000308603102894,0.00000252027257375,0.00000206574782169,0.00000168066083006,0.00000135822301672,0.00000106633262931,7.32252544822e-7,5.19947832345e-7,3.06576282583e-7,1.33583753836e-7,5.36977253773e-8,2.24368132962e-8],"dmean2":[0.0067055602558,0.0025317997206,0.000884637760464,0.000512379570864,0.00042883423157,0.000293571036309,0.000265716022113,0.00031806473271,0.000281054148218,0.00019472486747,0.000278626917861,0.000184699412785,0.000141579672345,0.000142065240652,0.000100143566669,0.0000964450082392,0.0000808072072687,0.0000527768643224,0.000045796019549,0.0000383598016924,0.0000334053220286,0.0000215165055124,0.0000186236702575,0.0000147512200783,0.0000100959014162,0.00000895948687685,0.00000790476769907,0.00000555921496925,0.00000480413109472,0.00000384418945032,0.0000030922433325,0.00000254311157732,0.00000197387407752,0.00000155170766902,0.00000104955859115,7.4985757692e-7,4.56264501736e-7,2.13791309989e-7,8.92736835567e-8,3.76635291843e-8],"dvar":[0.0000962530903053,0.00000547712352272,6.57444502394e-7,3.93428734924e-7,4.33934985722e-7,1.61112538422e-7,2.17682028847e-7,2.41602407414e-7,1.65057343793e-7,6.3810823292e-8,2.11181188092e-7,6.75452227483e-8,4.52514612448e-8,5.09018320827e-8,1.2838371255e-8,9.7617149919e-9,6.62836718845e-9,2.54975662806e-9,1.50067369642e-9,1.24327481643e-9,1.01142316744e-9,4.67170857554e-10,3.59254070936e-10,3.00397540176e-10,1.09958146755e-10,7.55900203542e-11,5.60779478409e-11,2.9783373684e-11,2.65478333761e-11,1.73287530159e-11,9.96371127965e-12,7.29764772917e-12,4.88627584574e-12,3.4539992394e-12,1.80917965071e-12,1.02799897501e-12,5.47353449457e-13,1.32182432317e-13,1.77935313375e-14,1.52332882806e-15],"dvar2":[0.000259661348537,0.0000152489492393,0.00000168774147369,0.00000106607330963,0.00000106451966531,3.84378864737e-7,4.89180081331e-7,5.74429122935e-7,4.07375722489e-7,1.5909904505e-7,5.15836745762e-7,1.58577805109e-7,1.13930063605e-7,1.22861408158e-7,3.178011454e-8,2.53036382958e-8,1.69079292789e-8,6.60575949496e-9,3.94965171679e-9,3.23025295401e-9,2.72938094348e-9,1.17579490588e-9,9.13878972497e-10,7.3670680667e-10,2.72697975312e-10,1.81420406475e-10,1.44767059451e-10,7.32326005393e-11,5.95623481092e-11,3.96492318144e-11,2.18331325241e-11,1.6639715647e-11,1.00563021452e-11,7.07645921028e-12,3.63909640269e-12,2.13218808928e-12,1.17188452952e-12,3.06477120158e-13,4.3789855097e-14,3.77754078696e-15],"max":[0.148325413465,0.0345031321049,0.0157433468848,0.0115660689771,0.0198603514582,0.00729002431035,0.012779077515,0.0117343664169,0.00910229049623,0.00403700210154,0.00980306137353,0.00521450955421,0.0052467524074,0.00661458959803,0.00316445133649,0.00241592596285,0.00166810071096,0.00109242054168,0.000509074539877,0.000595924211666,0.000603189342655,0.000523567257915,0.000258564134128,0.000318446953315,0.000232146514463,0.000136777627631,0.000204093725188,0.000144615070894,0.000143094890518,0.000106439321826,0.0000631955554127,0.0000502747934661,0.0000386885476473,0.0000370573070541,0.0000345674779965,0.0000247285388468,0.0000127654893731,0.00000580044616072,0.00000200291015062,7.38467122119e-7],"mean":[0.00429805321619,0.00211931602098,0.000878536375239,0.000411873334087,0.000351741269697,0.000260128814261,0.000261573732132,0.000293221470201,0.000246944196988,0.000160717376275,0.000216735134018,0.000163598888321,0.000130107655423,0.000133390843985,0.000104146514786,0.000103761856735,0.0000829211858218,0.0000563062130823,0.00004916313992,0.0000420387514168,0.0000355975280399,0.0000239100718318,0.000019854735001,0.0000160684539878,0.0000115367338367,0.0000101492787508,0.00000887162786967,0.00000685792019794,0.00000624816038908,0.00000504576564708,0.00000419832531406,0.00000312706447403,0.00000240510939875,0.00000171654710357,0.00000110109976958,7.30304293484e-7,3.36482713692e-7,1.20214622257e-7,4.84200732842e-8,2.245957198e-8],"median":[0.00195344700478,0.00124324671924,0.000541045155842,0.000193239189684,0.000115256167192,0.000098277872894,0.0000687000429025,0.0000720284879208,0.000065249761974,0.0000563256035093,0.0000623151063337,0.0000674479233567,0.0000614503878751,0.0000642697268631,0.0000600422827119,0.0000612771837041,0.000051730836276,0.0000384165541618,0.0000354027579306,0.0000279388004856,0.000023933380362,0.0000156149144459,0.0000126511995404,0.00000967676987784,0.00000713941335562,0.00000639593918095,0.00000599975828663,0.00000447453112429,0.00000392871288568,0.00000294196956929,0.00000224481254918,0.00000153411531301,0.00000102288470316,6.81916276335e-7,4.15339314941e-7,2.51316407684e-7,6.77011797734e-8,1.32562130162e-8,9.9201482584e-9,7.78410136348e-9],"min":[6.51778967999e-24,8.52123289971e-24,1.34006941636e-23,6.18051929971e-24,3.04150548211e-24,5.7189753223e-24,5.3314809292e-24,7.00204141299e-24,1.70248142478e-23,1.54702739039e-23,8.15854384334e-24,6.71646903213e-24,1.04534001701e-23,1.81066107616e-23,1.00008448682e-23,1.17093369398e-23,1.14371791386e-23,9.01602696985e-24,9.22471144485e-24,1.47874311712e-23,7.88362029585e-24,1.31926967865e-23,9.05356649374e-24,9.08451429592e-24,7.97952369382e-24,9.77183065883e-24,9.47331938141e-24,1.43906783121e-23,1.05150401835e-23,1.10360828114e-23,1.19995604445e-23,1.08659018483e-23,1.15217876262e-23,1.04174399457e-23,1.00741836889e-23,1.31212764756e-23,1.00961432099e-23,8.89240221081e-24,9.05397827914e-24,9.83240334344e-24],"var":[0.0000753126078052,0.00000684425958752,0.00000113066448648,4.59889008653e-7,5.74602836423e-7,2.68769326794e-7,5.26576286575e-7,4.59936330799e-7,2.89159913791e-7,8.86876918571e-8,2.57527119629e-7,9.7185619552e-8,6.75019791174e-8,8.91697879979e-8,2.89403701004e-8,1.87180830835e-8,1.09760467382e-8,4.38160530081e-9,2.6709598977e-9,2.39174835492e-9,1.74991943158e-9,8.2149642644e-10,5.98978144861e-10,4.96661212157e-10,2.04244288149e-10,1.42577449846e-10,1.00753363985e-10,6.86870352262e-11,6.80912617956e-11,4.42236663956e-11,2.85214317441e-11,1.74825709465e-11,1.181829027e-11,6.89576911198e-12,3.28079143713e-12,1.62118799288e-12,6.72721535595e-13,1.32936684664e-13,1.60354077293e-14,1.59393601223e-15]},"melbands_crest":{"dmean":4.69179773331,"dmean2":7.65778303146,"dvar":18.268497467,"dvar2":44.5279960632,"max":37.9894104004,"mean":16.1830215454,"median":14.8994588852,"min":1.78356921673,"var":55.2408981323},"melbands_flatness_db":{"dmean":0.0354157760739,"dmean2":0.0546475760639,"dvar":0.00111771840602,"dvar2":0.00258687417954,"max":0.674515664577,"mean":0.211652487516,"median":0.19894567132,"min":0.0037157125771,"var":0.00532419560477},"melbands_kurtosis":{"dmean":11.2106180191,"dmean2":18.5696868896,"dvar":873.566467285,"dvar2":2198.64379883,"max":782.153015137,"mean":16.5077857971,"median":4.22029018402,"min":-1.79577207565,"var":1888.54260254},"melbands_skewness":{"dmean":1.00913178921,"dmean2":1.61742472649,"dvar":1.63528549671,"dvar2":4.08760976791,"max":23.5781593323,"mean":2.73315429688,"median":2.01497650146,"min":-1.82022607327,"var":5.78931236267},"melbands_spread":{"dmean":8.21731376648,"dmean2":13.0533885956,"dvar":74.6868286133,"dvar2":172.441009521,"max":219.691131592,"mean":27.757390976,"median":24.9625511169,"min":0.205214157701,"var":438.172027588},"mfcc":{"cov":[[13339.0009766,1710.22741699,-886.346069336,568.546020508,-1011.03936768,464.015869141,-523.562255859,224.53944397,-229.432525635,151.643539429,-35.5352973938,120.134689331,-98.0283508301],[1710.22741699,1251.1427002,-285.094726562,59.9588012695,-29.4382896423,8.77319908142,28.4862155914,-27.8182945251,40.8801231384,9.30887985229,46.9815750122,-15.8494148254,55.7723426819],[-886.346069336,-285.094726562,557.364501953,-59.8371276855,169.948516846,-12.8691473007,36.4864463806,-17.8132553101,25.115562439,7.81139945984,27.4934024811,28.1475696564,-7.9403553009],[568.546020508,59.9588012695,-59.8371276855,293.074401855,-24.2055664062,106.694671631,-31.5363998413,45.9472618103,-6.72587108612,17.4519786835,0.254939734936,13.771853447,-1.91556882858],[-1011.03936768,-29.4382896423,169.948516846,-24.2055664062,333.165008545,-5.94644498825,147.075759888,-22.9122142792,56.9414634705,-26.0716876984,16.3296279907,0.723775327206,20.0583534241],[464.015869141,8.77319908142,-12.8691473007,106.694671631,-5.94644498825,230.557754517,7.95731163025,63.8340911865,-39.3526763916,10.1177177429,-10.0239133835,23.9677085876,1.93950212002],[-523.562255859,28.4862155914,36.4864463806,-31.5363998413,147.075759888,7.95731163025,173.745498657,-6.83669137955,40.3606071472,-22.9530067444,5.06791639328,-3.74887156487,24.1368122101],[224.53944397,-27.8182945251,-17.8132553101,45.9472618103,-22.9122142792,63.8340911865,-6.83669137955,114.74912262,11.4829454422,28.9357185364,-4.68021345139,8.47309207916,-6.00203514099],[-229.432525635,40.8801231384,25.115562439,-6.72587108612,56.9414634705,-39.3526763916,40.3606071472,11.4829454422,100.027008057,18.8113002777,30.5154056549,-1.95230436325,11.5788259506],[151.643539429,9.30887985229,7.81139945984,17.4519786835,-26.0716876984,10.1177177429,-22.9530067444,28.9357185364,18.8113002777,74.1514511108,19.8316822052,19.09141922,-0.175081551075],[-35.5352973938,46.9815750122,27.4934024811,0.254939734936,16.3296279907,-10.0239133835,5.06791639328,-4.68021345139,30.5154056549,19.8316822052,74.0828170776,20.5240573883,14.3817176819],[120.134689331,-15.8494148254,28.1475696564,13.771853447,0.723775327206,23.9677085876,-3.74887156487,8.47309207916,-1.95230436325,19.09141922,20.5240573883,60.8188095093,16.6652011871],[-98.0283508301,55.7723426819,-7.9403553009,-1.91556882858,20.0583534241,1.93950212002,24.1368122101,-6.00203514099,11.5788259506,-0.175081551075,14.3817176819,16.6652011871,55.8070259094]],"icov":[[0.000155768473633,-0.000228342367336,0.0000218165951082,-0.000111015324364,0.000331135874148,-0.000168050493812,0.000127257007989,-0.0000971784684225,0.0000491353748657,0.0000175240184035,0.000114062095236,-0.000423035991844,0.000409236003179],[-0.000228342367336,0.00135401077569,0.000505982141476,0.0000274250924122,-0.000502946495544,0.0000536403967999,-0.000269951095106,0.000607481168117,-0.000376273092115,-0.000259200256551,-0.000812245998532,0.0011694325367,-0.00138297921512],[0.0000218165951082,0.000505982141476,0.00266684312373,0.000445158249931,-0.00151305168401,-0.000233872007811,0.000683311198372,0.000395413691876,-0.000148702107253,-0.000457469752291,-0.000710512686055,-0.00097010564059,0.000728539132979],[-0.000111015324364,0.0000274250924122,0.000445158249931,0.00455007655546,-0.000701226585079,-0.00194602878764,0.00125818885863,-0.000407892017392,-0.000858789950144,-0.0000731988693587,-0.0000696314164088,-0.000066138789407,-0.0000556199775019],[0.000331135874148,-0.000502946495544,-0.00151305168401,-0.000701226585079,0.00682783545926,-0.00051092193462,-0.00404510740191,0.000642406812403,-0.001642805757,0.00126581848599,0.000215513035073,-0.000881321320776,0.000779698719271],[-0.000168050493812,0.0000536403967999,-0.000233872007811,-0.00194602878764,-0.00051092193462,0.00739507423714,-0.00175059773028,-0.0035274643451,0.00394688965753,-0.000179473339813,-0.000134730114951,-0.00124892010354,-0.000556262908503],[0.000127257007989,-0.000269951095106,0.000683311198372,0.00125818885863,-0.00404510740191,-0.00175059773028,0.0110238445923,-0.000242026755586,-0.002912965836,0.00220628920943,0.000893956341315,0.000066581320425,-0.00228437851183],[-0.0000971784684225,0.000607481168117,0.000395413691876,-0.000407892017392,0.000642406812403,-0.0035274643451,-0.000242026755586,0.0128069855273,-0.00372943119146,-0.0037739770487,0.00200734566897,-0.0000124259195218,0.000886569381692],[0.0000491353748657,-0.000376273092115,-0.000148702107253,-0.000858789950144,-0.001642805757,0.00394688965753,-0.002912965836,-0.00372943119146,0.0168843567371,-0.00400344468653,-0.00522659998387,0.00278461491689,-0.00127657153644],[0.0000175240184035,-0.000259200256551,-0.000457469752291,-0.0000731988693587,0.00126581848599,-0.000179473339813,0.00220628920943,-0.0037739770487,-0.00400344468653,0.0191632974893,-0.00279416888952,-0.00475305132568,0.0014435587218],[0.000114062095236,-0.000812245998532,-0.000710512686055,-0.0000696314164088,0.000215513035073,-0.000134730114951,0.000893956341315,0.00200734566897,-0.00522659998387,-0.00279416888952,0.019071508199,-0.00557981990278,-0.00150782254059],[-0.000423035991844,0.0011694325367,-0.00097010564059,-0.000066138789407,-0.000881321320776,-0.00124892010354,0.000066581320425,-0.0000124259195218,0.00278461491689,-0.00475305132568,-0.00557981990278,0.024243498221,-0.00811641197652],[0.000409236003179,-0.00138297921512,0.000728539132979,-0.0000556199775019,0.000779698719271,-0.000556262908503,-0.00228437851183,0.000886569381692,-0.00127657153644,0.0014435587218,-0.00150782254059,-0.00811641197652,0.0240257550031]],"mean":[-658.845581055,140.468048096,-32.3168449402,37.5242500305,-4.04451656342,29.2615394592,-0.646487891674,14.0748567581,0.942080616951,8.62610721588,0.584304571152,3.75310826302,1.96046507359]},"pitch_salience":{"dmean":0.0846427455544,"dmean2":0.139147803187,"dvar":0.00646124221385,"dvar2":0.0160809997469,"max":0.86420571804,"mean":0.556725800037,"median":0.584461867809,"min":0.0638421475887,"var":0.0181632507592},"silence_rate_20dB":{"dmean":0,"dmean2":0,"dvar":0,"dvar2":0,"max":1,"mean":1,"median":1,"min":1,"var":0},"silence_rate_30dB":{"dmean":0.0592868998647,"dmean2":0.118586085737,"dvar":0.0557734742761,"dvar2":0.120476931334,"max":1,"mean":0.944968402386,"median":1,"min":0,"var":0.0519989132881},"silence_rate_60dB":{"dmean":0.00601160852239,"dmean2":0.0120244631544,"dvar":0.00597509788349,"dvar2":0.01374563016,"max":1,"mean":0.0720281898975,"median":0,"min":0,"var":0.0668406486511},"spectral_centroid":{"dmean":253.976699829,"dmean2":380.443481445,"dvar":69298.890625,"dvar2":128373.375,"max":11361.5087891,"mean":1583.36120605,"median":1514.72692871,"min":116.764472961,"var":409870.65625},"spectral_complexity":{"dmean":4.2607793808,"dmean2":6.41525840759,"dvar":21.1284275055,"dvar2":41.4560775757,"max":59,"mean":24.9896354675,"median":27,"min":0,"var":193.344558716},"spectral_contrast_coeffs":{"dmean":[0.0533785447478,0.0485235340893,0.0384862981737,0.0265187844634,0.0201659407467,0.0497169494629],"dmean2":[0.0894247740507,0.080618686974,0.0640703365207,0.0447403304279,0.0336770191789,0.0766735449433],"dvar":[0.00181637494825,0.0014972819481,0.00100759754423,0.000450656982139,0.000296251004329,0.00167791941203],"dvar2":[0.00486591504887,0.00400745496154,0.00268047628924,0.00124247744679,0.000769202772062,0.00403971085325],"max":[-0.40266892314,-0.472174525261,-0.545246422291,-0.63150447607,-0.640037059784,-0.398011684418],"mean":[-0.71218174696,-0.787652134895,-0.813065886497,-0.81924623251,-0.812057256699,-0.68065649271],"median":[-0.7154058218,-0.795924007893,-0.819094717503,-0.819512486458,-0.811664223671,-0.673326849937],"min":[-0.950373411179,-0.960159242153,-0.972256720066,-0.978944897652,-0.969072699547,-0.962587118149],"var":[0.00551297189668,0.00525329634547,0.00318004121073,0.00147147011012,0.00113683717791,0.00790604948997]},"spectral_contrast_valleys":{"dmean":[0.411805927753,0.401734739542,0.327812969685,0.264103978872,0.272755086422,0.642045080662],"dmean2":[0.679775118828,0.652907729149,0.521516621113,0.410572707653,0.390231281519,1.02225863934],"dvar":[0.122393071651,0.133554056287,0.106510140002,0.0867146626115,0.107893742621,0.312630474567],"dvar2":[0.297612935305,0.307529181242,0.225873172283,0.159241005778,0.185278639197,0.733713746071],"max":[-4.85534000397,-4.46357679367,-4.91946458817,-5.34963941574,-5.53746509552,-8.88650798798],"mean":[-7.06389904022,-6.83380317688,-6.96110010147,-7.09981536865,-7.4088435173,-11.3354883194],"median":[-6.72077226639,-6.48802709579,-6.5798034668,-6.70786142349,-7.03967094421,-11.1350851059],"min":[-27.5058021545,-27.5073890686,-27.2009983063,-27.3548336029,-27.2199325562,-27.1989860535],"var":[2.59741640091,2.38893318176,2.21103596687,2.05482625961,1.97817718983,1.60200440884]},"spectral_decrease":{"dmean":4.78397943482e-9,"dmean2":7.77784947559e-9,"dvar":8.86335077484e-17,"dvar2":2.28231254162e-16,"max":9.85238557405e-9,"mean":-7.69086661023e-9,"median":-5.4031530361e-9,"min":-1.39368466989e-7,"var":9.47522222964e-17},"spectral_energy":{"dmean":0.0188366658986,"dmean2":0.030390528962,"dvar":0.00128291139845,"dvar2":0.00328572653234,"max":0.538066446781,"mean":0.0439928285778,"median":0.0369455479085,"min":1.03436366816e-20,"var":0.00166399439331},"spectral_energyband_high":{"dmean":0.000517417793162,"dmean2":0.000705126323737,"dvar":5.42656152902e-7,"dvar2":9.82082269729e-7,"max":0.0144190844148,"mean":0.00169689126778,"median":0.00119153782725,"min":7.61573073074e-21,"var":0.00000293360153591},"spectral_energyband_low":{"dmean":0.0147913387045,"dmean2":0.0249320138246,"dvar":0.00109972700011,"dvar2":0.00291466643102,"max":0.498034775257,"mean":0.0194313209504,"median":0.0113781969994,"min":6.49271147627e-23,"var":0.000960687291808},"spectral_energyband_middle_high":{"dmean":0.00281126168557,"dmean2":0.00426353234798,"dvar":0.0000199141486519,"dvar2":0.0000450338702649,"max":0.0626922771335,"mean":0.00749662844464,"median":0.00557946320623,"min":1.5168767795e-21,"var":0.0000563429130125},"spectral_energyband_middle_low":{"dmean":0.00427135126665,"dmean2":0.00669974321499,"dvar":0.0000435615838796,"dvar2":0.000103146041511,"max":0.0893672183156,"mean":0.00936909858137,"median":0.00560618098825,"min":2.88558982999e-22,"var":0.000111265580927},"spectral_entropy":{"dmean":0.124013401568,"dmean2":0.182897523046,"dvar":0.0189998839051,"dvar2":0.0384669937193,"max":9.80963897705,"mean":7.78839302063,"median":7.8109793663,"min":5.6164059639,"var":0.0812373384833},"spectral_flux":{"dmean":0.0308859720826,"dmean2":0.0496441088617,"dvar":0.0020995226223,"dvar2":0.00447436142713,"max":0.576298475266,"mean":0.119028545916,"median":0.114260852337,"min":1.01703673261e-10,"var":0.00505017582327},"spectral_kurtosis":{"dmean":3.20979571342,"dmean2":4.78143405914,"dvar":12.0698108673,"dvar2":26.8694858551,"max":60.5693855286,"mean":16.1423721313,"median":15.4284191132,"min":-1.16882812977,"var":42.5627250671},"spectral_rms":{"dmean":0.00117198680528,"dmean2":0.00182733149268,"dvar":0.0000027294006486,"dvar2":0.00000648265950076,"max":0.0229116324335,"mean":0.00590128544718,"median":0.00600370159373,"min":3.17668894662e-12,"var":0.00000809498123999},"spectral_rolloff":{"dmean":4534.57275391,"dmean2":8490.36328125,"dvar":51076884,"dvar2":115304096,"max":22028.4667969,"mean":13084.5605469,"median":19724.4140625,"min":21.533203125,"var":86288448},"spectral_skewness":{"dmean":0.28834271431,"dmean2":0.425312966108,"dvar":0.0898835659027,"dvar2":0.187991574407,"max":5.81846952438,"mean":2.58535313606,"median":2.55677723885,"min":-0.0188067555428,"var":0.356022626162},"spectral_spread":{"dmean":425230.65625,"dmean2":642895.0625,"dvar":285355016192,"dvar2":533893447680,"max":39411788,"mean":4231859.5,"median":4049631.75,"min":1602719,"var":1398179627010},"spectral_strongpeak":{"dmean":4.1729927063,"dmean2":7.73244094849,"dvar":208.322418213,"dvar2":558.923217773,"max":195.315917969,"mean":3.78615856171,"median":0.238104939461,"min":0,"var":205.97013855},"zerocrossingrate":{"dmean":0.0402960069478,"dmean2":0.0509469620883,"dvar":0.00132236420177,"dvar2":0.00215439940803,"max":0.73046875,"mean":0.280295312405,"median":0.27001953125,"min":0.0107421875,"var":0.0111627336591}},"metadata":{"audio_properties":{"analysis_sample_rate":44100,"bit_rate":128000,"codec":"mp3","downmix":"mix","equal_loudness":0,"length":224.026123047,"lossless":false,"md5_encoded":"014d2769b4ae4aee1dfb10cbce34b563","replay_gain":-0.973888397217},"tags":{"album":["Proud Like a God"],"albumartist":["Guano Apes"],"albumartistsort":["Guano Apes"],"artist":["Guano Apes"],"artistsort":["Guano Apes"],"date":["1998-01-12"],"discnumber":["1/1"],"file_name":"04 - Lords of the Boards.mp3","mp3gain_album_minmax":["111,185"],"mp3gain_minmax":["111,184"],"musicbrainz album release country":["DE"],"musicbrainz album type":["album"],"musicbrainz_albumartistid":["66da25f9-1534-4dd1-b88c-718bc24e1ccd"],"musicbrainz_albumid":["3f7c1292-e4af-4eb2-9da0-a83b873805e5"],"musicbrainz_artistid":["66da25f9-1534-4dd1-b88c-718bc24e1ccd"],"musicbrainz_recordingid":["f03f8dc2-fa05-406a-91a5-2714b424127c"],"musicbrainz_releasegroupid":["8883ab44-931f-3d27-acfd-06df1dda4a49"],"title":["Lords of the Boards"],"tracknumber":["4/12"]},"version":{"essentia":"2.1-beta1","essentia_build_sha":"0a826ad6289770054bb7564d59068f1232327ff9","essentia_git_sha":"v2.1_beta1-5-gf9dded9","extractor":"music 1.0"}},"rhythm":{"beats_count":388,"beats_loudness":{"dmean":0.0246126502752,"dmean2":0.0423057749867,"dvar":0.000631165457889,"dvar2":0.00176075461786,"max":0.238223999739,"mean":0.0617403872311,"median":0.0609519705176,"min":4.23143964312e-9,"var":0.00129744783044},"beats_loudness_band_ratio":{"dmean":[0.311579495668,0.0934687256813,0.102924592793,0.0961151495576,0.0589921623468,0.0850973427296],"dmean2":[0.603466391563,0.177855402231,0.191370815039,0.174845010042,0.114311613142,0.155970141292],"dvar":[0.0472302995622,0.00723434472457,0.00651196623221,0.00633659958839,0.00161050166935,0.0039883852005],"dvar2":[0.171488821507,0.02338209562,0.0207556914538,0.0188842248172,0.00585783133283,0.0128349550068],"max":[0.957012832165,0.554418683052,0.497507512569,0.653580665588,0.218959107995,0.53513520956],"mean"