{"lowlevel":{"average_loudness":0.769949615002,"barkbands":{"dmean":[0.000151837753947,0.00342394039035,0.0017517633969,0.00120096514001,0.00180914578959,0.000814400031231,0.000456149253296,0.000791936647147,0.00110335450154,0.000475831620861,0.000477549096104,0.000459688482806,0.000451218948001,0.000485926895635,0.000496736669447,0.000308252725517,0.000227508775424,0.000163907869137,0.000140493779327,0.00011310044647,0.00010226284212,0.0000929673187784,0.0000795552186901,0.0000492058898089,0.0000310515315505,0.0000164110097103,0.00000612308986092],"dmean2":[0.000259565422311,0.0060021346435,0.00307118915953,0.00205677025951,0.00309499469586,0.00130843522493,0.000729606312234,0.0012444028398,0.00170711253304,0.000750204257201,0.000700939330272,0.000711235508788,0.000701954064425,0.000781750888564,0.000806731928606,0.000490289763547,0.000360472535249,0.000262407585979,0.000222611954086,0.000181178853381,0.000162135780556,0.000144576450111,0.000121402030345,0.0000727748047211,0.0000449038125225,0.0000230203604588,0.00000841619839775],"dvar":[1.58647353032e-7,0.0000691510649631,0.0000189021757251,0.00000663735045237,0.0000149795387188,0.00000281020516013,0.00000129843101604,0.00000420647575083,0.00000771591840021,0.00000214833835344,0.00000178455854893,0.00000143129352637,0.00000159669400546,0.00000108445840397,0.00000118771652069,6.75167314057e-7,2.5006485771e-7,8.19022005771e-8,5.05706196918e-8,3.92568857421e-8,2.54732945848e-8,3.69045842774e-8,4.20235650722e-8,2.14989128722e-8,7.9209021564e-9,9.95969751116e-10,1.75606154618e-10],"dvar2":[4.28659149065e-7,0.000190982114873,0.0000543787609786,0.0000181380419235,0.0000429972205893,0.00000671642555972,0.00000287036482405,0.00000980109689408,0.0000177810943569,0.00000473368254461,0.00000335964296028,0.00000316482942253,0.00000363693993677,0.00000274875833384,0.00000297945007333,0.00000160127910931,5.48947298284e-7,1.95901620259e-7,1.24038550098e-7,9.6196231425e-8,6.23946618816e-8,8.15714997771e-8,9.26291008341e-8,4.14997529674e-8,1.6844733608e-8,2.13150141981e-9,3.82411990962e-10],"max":[0.00487200729549,0.0878970995545,0.0660135671496,0.0315426588058,0.0576351732016,0.023246390745,0.0260516572744,0.0355773121119,0.0429050475359,0.0330993011594,0.0357393398881,0.0268684718758,0.0295630171895,0.0300732832402,0.0153936585411,0.0156703982502,0.0145972752944,0.00559744425118,0.00362764531747,0.00386989163235,0.00380357494578,0.00552504649386,0.00433703837916,0.00457898341119,0.00214748992585,0.000467295816634,0.00028603913961],"mean":[0.000169375591213,0.00465874932706,0.00277310446836,0.00196334929205,0.00288262916729,0.00127903744578,0.000648839049973,0.00104060978629,0.00151953613386,0.000710357155185,0.00078376888996,0.000727886334062,0.000677084375639,0.000800496549346,0.00079562200699,0.000478784699226,0.000409847532865,0.000321695551975,0.000322939304169,0.000256348808762,0.000245374423685,0.000202897295821,0.000161102070706,0.00010044015653,0.0000572930621274,0.0000300505798805,0.0000102644771687],"median":[0.0000162547312357,0.00283145462163,0.00110251526348,0.00106884539127,0.00171576056164,0.000498396344483,0.000252313911915,0.000238369553699,0.000312590418616,0.000149605781189,0.000188427715329,0.000222001399379,0.00022179732332,0.000344284431776,0.000295096397167,0.000170460509253,0.000188256177353,0.000145036960021,0.000157520742505,0.000127841645735,0.000153518427396,0.000066980603151,0.0000495815402246,0.0000260443703155,0.0000169149570866,0.00000569132089367,8.64666390044e-7],"min":[3.7090691624e-25,2.76485886519e-24,5.38307341847e-25,2.82189967161e-25,7.61713519345e-24,5.78076916359e-24,1.00308870581e-23,3.13985020737e-24,1.477687779e-23,1.0579968958e-23,1.36810206195e-23,1.50170228268e-23,3.43737398871e-23,3.56145013396e-23,3.89263129691e-23,6.36427608566e-23,9.14313076325e-23,9.25221444922e-23,1.37627917321e-22,1.59150074921e-22,2.22074921867e-22,3.48364812765e-22,3.9750423335e-22,5.60764740593e-22,8.59112288358e-22,1.31872410876e-21,1.94758120223e-21],"var":[1.6219057386e-7,0.0000617005207459,0.0000185806347872,0.00000789521254774,0.0000151052736328,0.00000466863139081,0.00000204145271709,0.00000642621489533,0.0000122432675198,0.00000464287722934,0.00000466566643809,0.00000307712571157,0.00000259074977293,0.00000178184541255,0.00000189423576558,0.00000103942693386,5.81647213949e-7,2.04414718041e-7,1.79600746719e-7,1.24284085246e-7,8.51688568559e-8,1.06672644051e-7,1.04893715047e-7,5.35783790667e-8,1.54268686714e-8,2.33570829344e-9,3.42427336486e-10]},"barkbands_crest":{"dmean":2.40957069397,"dmean2":3.9439804554,"dvar":6.15333080292,"dvar2":15.9410028458,"max":26.149559021,"mean":9.3376121521,"median":8.3927822113,"min":2.50825834274,"var":17.2408065796},"barkbands_flatness_db":{"dmean":0.0201934464276,"dmean2":0.0298967324197,"dvar":0.000456647510873,"dvar2":0.000921076687519,"max":0.645924568176,"mean":0.144432246685,"median":0.115721970797,"min":0.0197801683098,"var":0.00798453763127},"barkbands_kurtosis":{"dmean":2.48457670212,"dmean2":3.8377289772,"dvar":40.8818435669,"dvar2":77.446762085,"max":339.786437988,"mean":3.92133450508,"median":0.584894418716,"min":-1.92759406567,"var":133.582275391},"barkbands_skewness":{"dmean":0.535081803799,"dmean2":0.803131997585,"dvar":0.430792838335,"dvar2":0.874376177788,"max":14.8440828323,"mean":1.28719580173,"median":1.08367526531,"min":-4.58313322067,"var":1.75619208813},"barkbands_spread":{"dmean":5.97145700455,"dmean2":9.1452703476,"dvar":62.1706314087,"dvar2":133.428955078,"max":114.950637817,"mean":24.9880809784,"median":24.2663230896,"min":0.447952747345,"var":230.762390137},"dissonance":{"dmean":0.0186617467552,"dmean2":0.0305689796805,"dvar":0.000567226146813,"dvar2":0.00144600681961,"max":0.500000119209,"mean":0.457551091909,"median":0.476340591908,"min":0.159509703517,"var":0.0024034420494},"dynamic_complexity":4.95135831833,"erbbands":{"dmean":[0.0958370938897,0.796572446823,1.76891863346,3.38322424889,4.50795841217,7.11022806168,6.8296661377,6.9614367485,5.72078275681,10.3767681122,19.2860813141,24.0536499023,19.3369674683,14.7301101685,18.3708763123,17.3212623596,19.4033126831,21.4912490845,29.8432273865,15.6943778992,16.0578079224,11.8974628448,8.97867202759,7.87306022644,6.30184602737,5.20432901382,4.07106971741,4.1521320343,3.29916524887,3.22738671303,2.12764239311,1.23404181004,0.748309910297,0.458213090897,0.172251090407,0.0879342705011,0.026359507814,0.00668157124892,0.00109508936293,0.0000585325760767],"dmean2":[0.168950870633,1.39476823807,3.12683415413,5.83170795441,7.6315164566,12.4250936508,11.2278251648,11.3431053162,9.11142635345,16.6125049591,29.7007236481,36.8303260803,30.7116241455,21.9025344849,26.3337936401,26.779291153,29.7576274872,33.8134231567,48.0525856018,24.8374595642,25.2719249725,18.7723484039,14.1064958572,12.6076183319,10.0432472229,8.31765079498,6.44636726379,6.69321155548,5.14606428146,4.94489908218,3.25073218346,1.84479629993,1.0989587307,0.66803175211,0.249716237187,0.127688884735,0.0376236774027,0.00919045973569,0.00152886903379,0.0000806090756669],"dvar":[0.0690615102649,3.51877903938,19.3958835602,62.8274116516,61.8940544128,325.281097412,173.993682861,272.565643311,203.443588257,862.183898926,2515.12695312,4119.25585938,3117.92333984,1693.19921875,2801.18847656,1975.01538086,3302.17431641,2428.40673828,3724.23022461,1595.51623535,1825.93652344,580.09173584,239.173538208,180.085205078,101.348991394,91.8460159302,43.9292106628,45.6506576538,48.0785102844,54.3215522766,32.6486206055,14.2055673599,5.17588710785,2.02221488953,0.187709614635,0.0307748056948,0.00260086311027,0.000182745061466,0.00000601965666647,1.36111486526e-8],"dvar2":[0.190463110805,9.85922336578,55.8232917786,173.763580322,169.019973755,936.746459961,437.147460938,661.945373535,440.812103271,2109.10668945,5666.7109375,9307.62109375,7230.99853516,3657.6730957,5055.19433594,4381.92822266,7517.07324219,5882.66210938,9263.43457031,3985.74755859,4225.2109375,1289.32189941,545.144836426,446.479034424,252.364654541,224.720230103,103.426490784,116.867179871,106.550743103,122.114334106,72.6172485352,28.1490135193,10.7329416275,4.33681440353,0.413456976414,0.0671506300569,0.00567707745358,0.000386520085158,0.0000134496794999,2.91061681423e-8],"max":[3.31346988678,22.0010566711,60.6543655396,88.4823913574,75.9169082642,313.942962646,201.815505981,257.186676025,372.552825928,703.082214355,945.638366699,1177.17468262,1156.12463379,1017.80859375,1342.6126709,1136.98266602,1526.23266602,1773.01098633,938.666137695,870.100524902,1071.24328613,796.108520508,283.693450928,223.027160645,164.60748291,207.159683228,179.832931519,120.060935974,207.188735962,163.214584351,148.730819702,109.033706665,70.7593307495,37.0382843018,13.1570129395,4.03860139847,0.753287374973,0.286338508129,0.0566112473607,0.00195040099788],"mean":[0.108204826713,1.13389873505,3.11721324921,5.36859560013,8.23153972626,9.47322654724,10.454205513,10.4309444427,8.63568210602,13.9950885773,27.3690624237,33.0948448181,27.3616485596,26.4060306549,33.1022529602,29.2554893494,31.6211338043,38.2466125488,50.9367980957,27.3084468842,26.9928073883,22.9312896729,18.6003170013,17.9675617218,14.7478294373,11.7581729889,9.82450485229,9.44323921204,7.11154747009,6.64161872864,4.27451944351,2.48660063744,1.44306266308,0.823822677135,0.324123650789,0.159322619438,0.0473602004349,0.0115192327648,0.00181859743316,0.000120641336252],"median":[0.0380728840828,0.737067222595,1.73242127895,2.8205344677,4.86809253693,4.60267114639,4.68632745743,3.74155020714,3.71056485176,5.03120279312,6.73401355743,6.91291904449,6.2889714241,8.65439319611,8.02456665039,10.0874738693,11.6620645523,17.7550792694,20.5552940369,11.5136671066,10.4284505844,11.0696048737,8.96659469604,8.10008621216,7.8712053299,5.71420717239,6.13385915756,5.43912220001,2.51169800758,2.23025584221,1.25393795967,0.61289203167,0.395939409733,0.234921678901,0.0977842733264,0.0333945825696,0.00856697931886,0.00145607441664,0.000174868997419,0.0000459682960354],"min":[1.04683558684e-22,2.46047306682e-22,5.81842346674e-22,2.12924428191e-21,7.08748786013e-21,2.34102695448e-20,3.54137249049e-20,5.50274923164e-20,1.36936092719e-19,1.99956876864e-19,2.75334950953e-19,3.62844274961e-19,4.06726620047e-19,5.29403036659e-19,1.13092536599e-18,1.09659757736e-18,1.79624958353e-18,2.03302196886e-18,2.97488062679e-18,2.87667464254e-18,3.82527730401e-18,5.6532761474e-18,6.14756991655e-18,7.05193557924e-18,7.91325393567e-18,7.8798027517e-18,9.90050076341e-18,8.7518231709e-18,1.18188897682e-17,1.03623909728e-17,1.08218285917e-17,1.18762588796e-17,9.70022958376e-18,8.22750729501e-18,6.38910417387e-18,4.47093602627e-18,2.39393720694e-18,9.11048041269e-19,2.57077601419e-19,2.68702723431e-20],"var":[0.0556160993874,3.20848703384,19.831653595,66.2625274658,98.2364501953,261.367614746,250.491271973,420.412658691,333.041992188,1091.49609375,4238.95800781,6509.80273438,5422.98193359,4557.49560547,8774.34667969,4067.08105469,5251.58789062,4523.16113281,6625.83935547,2347.27661133,3185.6484375,1464.11877441,647.454040527,604.953735352,342.182952881,273.076721191,143.695449829,136.911911011,133.835601807,134.015625,80.6575546265,35.4745864868,10.780377388,3.74566197395,0.388724327087,0.069980122149,0.00575179792941,0.000387873296859,0.0000110156524897,3.08656673553e-8]},"erbbands_crest":{"dmean":2.73912620544,"dmean2":4.40425014496,"dvar":7.67992782593,"dvar2":18.8508834839,"max":28.8517532349,"mean":9.36411094666,"median":8.2784948349,"min":2.20940232277,"var":21.0677185059},"erbbands_flatness_db":{"dmean":0.0179987903684,"dmean2":0.025749174878,"dvar":0.000382505648304,"dvar2":0.000714367779437,"max":0.453563481569,"mean":0.171378314495,"median":0.153759643435,"min":0.0352092161775,"var":0.00505169155076},"erbbands_kurtosis":{"dmean":1.03113472462,"dmean2":1.58643865585,"dvar":3.81864142418,"dvar2":8.69615745544,"max":70.2444458008,"mean":1.29453837872,"median":-0.00634980201721,"min":-1.81164097786,"var":32.6450271606},"erbbands_skewness":{"dmean":0.386836022139,"dmean2":0.576745450497,"dvar":0.190624758601,"dvar2":0.394086480141,"max":5.97346067429,"mean":0.106290563941,"median":-0.0555276349187,"min":-4.23790502548,"var":1.09237682819},"erbbands_spread":{"dmean":8.28628921509,"dmean2":12.4683170319,"dvar":102.877410889,"dvar2":225.600357056,"max":146.112487793,"mean":36.6519775391,"median":34.1852645874,"min":1.12953710556,"var":378.793426514},"gfcc":{"cov":[[34864.9492188,-1523.69812012,-2168.63208008,1220.39697266,-585.243103027,2484.00244141,541.408935547,948.172973633,97.4447631836,336.857147217,-431.92880249,126.93951416,-582.178955078],[-1523.69812012,2309.36254883,-406.582641602,-200.78036499,401.415985107,-451.140319824,160.18347168,-215.950698853,56.7607955933,-97.566192627,125.276031494,-108.925056458,80.7100830078],[-2168.63208008,-406.582641602,1811.2121582,369.882781982,306.78225708,337.006744385,35.5387306213,56.7523117065,82.0307235718,56.2298660278,-13.7286157608,4.51972866058,-42.7798042297],[1220.39697266,-200.78036499,369.882781982,846.337219238,187.807632446,252.893051147,188.061569214,118.582138062,83.625328064,51.6994590759,10.4605207443,-44.8857154846,-6.47344875336],[-585.243103027,401.415985107,306.78225708,187.807632446,590.023742676,70.6418380737,212.400283813,58.8062515259,105.504463196,60.8901863098,20.1337089539,-19.4531726837,5.14886903763],[2484.00244141,-451.140319824,337.006744385,252.893051147,70.6418380737,704.808776855,259.18270874,175.832977295,88.1702957153,49.2385253906,-16.5251502991,3.73283052444,-96.1962432861],[541.408935547,160.18347168,35.5387306213,188.061569214,212.400283813,259.18270874,430.111022949,106.035140991,87.8409576416,26.6866436005,32.8156356812,-24.6265544891,-36.866569519],[948.172973633,-215.950698853,56.7523117065,118.582138062,58.8062515259,175.832977295,106.035140991,204.037017822,62.5311698914,35.2165374756,-17.4094944,-0.733206927776,-27.1728210449],[97.4447631836,56.7607955933,82.0307235718,83.625328064,105.504463196,88.1702957153,87.8409576416,62.5311698914,141.2137146,36.7224693298,6.71200704575,-6.12452125549,-6.3471827507],[336.857147217,-97.566192627,56.2298660278,51.6994590759,60.8901863098,49.2385253906,26.6866436005,35.2165374756,36.7224693298,114.428596497,12.5698299408,2.11864376068,-8.0980348587],[-431.92880249,125.276031494,-13.7286157608,10.4605207443,20.1337089539,-16.5251502991,32.8156356812,-17.4094944,6.71200704575,12.5698299408,109.111946106,12.3831367493,10.8218383789],[126.93951416,-108.925056458,4.51972866058,-44.8857154846,-19.4531726837,3.73283052444,-24.6265544891,-0.733206927776,-6.12452125549,2.11864376068,12.3831367493,88.0867385864,17.1606369019],[-582.178955078,80.7100830078,-42.7798042297,-6.47344875336,5.14886903763,-96.1962432861,-36.866569519,-27.1728210449,-6.3471827507,-8.0980348587,10.8218383789,17.1606369019,90.7761230469]],"icov":[[0.0000862155357026,-0.000114291076898,0.000182964169653,-0.00017604266759,0.0000921493046917,-0.000370465888409,0.000183689888217,-0.000196834182134,0.000179224443855,-0.000300773681374,0.000384198443498,-0.000383034232073,0.000358395336661],[-0.000114291076898,0.00110384973232,-0.0000618786798441,0.000463557254989,-0.000845696893521,0.000894617231097,-0.000626926193945,0.00107578013558,-0.000859175575897,0.00131851923652,-0.00132979196496,0.00161709985696,-0.000736747053452],[0.000182964169653,-0.0000618786798441,0.00117206841242,-0.000569389143493,-0.000396858755266,-0.00113486207556,0.000810482015368,-0.0000365328560292,0.00016129562573,-0.000436809001258,0.000684904167429,-0.00075593352085,0.000911856768653],[-0.00017604266759,0.000463557254989,-0.000569389143493,0.00201558391564,-0.000482585601276,0.000539221626241,-0.000755387649406,0.000135667316499,-0.000582016480621,0.000612140749581,-0.00117752281949,0.00195574387908,-0.00154858734459],[0.0000921493046917,-0.000845696893521,-0.000396858755266,-0.000482585601276,0.00330869038589,-0.0000789508994785,-0.000906057772227,-0.000815770239569,-0.000325573724695,-0.00184207980055,0.00119745242409,-0.00109941337723,0.000115951195767],[-0.000370465888409,0.000894617231097,-0.00113486207556,0.000539221626241,-0.0000789508994785,0.00456454465166,-0.00234648701735,0.0000640167418169,-0.0013476080494,0.00136435753666,-0.00149335595779,0.00114558427595,0.000228997858358],[0.000183689888217,-0.000626926193945,0.000810482015368,-0.000755387649406,-0.000906057772227,-0.00234648701735,0.00493974005803,-0.00137293816078,-0.000112942347187,-0.000197287386982,-0.000325604429236,-0.000410953507526,0.00131455180235],[-0.000196834182134,0.00107578013558,-0.0000365328560292,0.000135667316499,-0.000815770239569,0.0000640167418169,-0.00137293816078,0.00849260389805,-0.00277059618384,0.000407243875088,-0.0000557560015295,0.00108866731171,-0.000484259100631],[0.000179224443855,-0.000859175575897,0.00016129562573,-0.000582016480621,-0.000325573724695,-0.0013476080494,-0.000112942347187,-0.00277059618384,0.0106123760343,-0.00292431842536,0.00100309983827,-0.00107207545079,0.000227259617532],[-0.000300773681374,0.00131851923652,-0.000436809001258,0.000612140749581,-0.00184207980055,0.00136435753666,-0.000197287386982,0.000407243875088,-0.00292431842536,0.0122368652374,-0.0035330473911,0.00202619703487,-0.000746075878851],[0.000384198443498,-0.00132979196496,0.000684904167429,-0.00117752281949,0.00119745242409,-0.00149335595779,-0.000325604429236,-0.0000557560015295,0.00100309983827,-0.0035330473911,0.0127906594425,-0.00446636835113,0.00116022769362],[-0.000383034232073,0.00161709985696,-0.00075593352085,0.00195574387908,-0.00109941337723,0.00114558427595,-0.000410953507526,0.00108866731171,-0.00107207545079,0.00202619703487,-0.00446636835113,0.0160343311727,-0.00506870215759],[0.000358395336661,-0.000736747053452,0.000911856768653,-0.00154858734459,0.000115951195767,0.000228997858358,0.00131455180235,-0.000484259100631,0.000227259617532,-0.000746075878851,0.00116022769362,-0.00506870215759,0.0156832057983]],"mean":[-48.5506477356,89.0244827271,-119.81892395,29.2095966339,-49.3905220032,2.73232412338,-36.1368522644,-3.24342823029,-23.3110294342,-0.647214055061,-18.7003536224,-4.18889856339,-10.8694019318]},"hfc":{"dmean":5.17524242401,"dmean2":7.67177772522,"dvar":55.0880012512,"dvar2":120.61340332,"max":114.546524048,"mean":20.4828681946,"median":15.2176418304,"min":1.07133091128e-16,"var":363.783172607},"melbands":{"dmean":[0.000908122980036,0.000937400851399,0.000574959034566,0.000406378501793,0.00025377960992,0.000151867759996,0.0000889579896466,0.000122246099636,0.000168493614183,0.000155192596139,0.0000957283409662,0.0000593204204051,0.000064856489189,0.0000502984839841,0.00004909791096,0.0000441215306637,0.0000414714631916,0.0000527040356246,0.0000311226431222,0.0000206375334528,0.0000195692136913,0.0000134730089485,0.0000118608195407,0.00000742189240555,0.00000699744714439,0.00000539917346032,0.0000049387663239,0.00000332757349497,0.00000280131143882,0.00000284546945295,0.0000023974796477,0.00000205035439649,0.00000187432681287,0.00000187422642739,0.00000142577084716,9.47125329276e-7,7.41060603104e-7,5.55828023607e-7,4.97572898439e-7,3.71115078224e-7],"dmean2":[0.00159162736963,0.0016402869951,0.000983097474091,0.00069956673542,0.000421642151196,0.000246409297688,0.000141240088851,0.000195600645384,0.000258780550212,0.000238203632762,0.000152471082401,0.0000890840528882,0.0000939037563512,0.0000764925280237,0.0000758171299822,0.0000681215024088,0.0000660944788251,0.0000853666278999,0.0000506443539052,0.0000332146591973,0.0000311901785608,0.0000213781549974,0.000019123981474,0.0000118435982586,0.0000113331107059,0.00000873306817084,0.00000806815205578,0.00000534319497092,0.00000448578657597,0.00000465443281428,0.00000389307706428,0.00000327119687427,0.00000288616774924,0.00000289008585241,0.00000223261054089,0.00000143803822539,0.00000113633245746,8.37558900457e-7,7.38452285987e-7,5.53295876671e-7],"dvar":[0.0000054217844081,0.00000509659912495,0.00000158320028731,7.69576786297e-7,2.56205595406e-7,1.17033145841e-7,4.64011584711e-8,1.14216064162e-7,1.8823003245e-7,1.70269501609e-7,7.88639837879e-8,2.99862676911e-8,3.45310695593e-8,1.76747398939e-8,1.88599944551e-8,1.43511584838e-8,9.35652444412e-9,1.17940741617e-8,6.08579764361e-9,3.72919251035e-9,3.10672132464e-9,1.07009223704e-9,4.8312676082e-10,1.86553036907e-10,1.51502810297e-10,7.24483320558e-11,7.63569624196e-11,3.92644007585e-11,2.33477646938e-11,2.05492844962e-11,1.62489622452e-11,1.87447522781e-11,1.61838563384e-11,2.04533924519e-11,1.46344377588e-11,7.89217736302e-12,6.59181953813e-12,2.9095441334e-12,2.52499323533e-12,1.38663733273e-12],"dvar2":[0.0000149088255057,0.000014459796148,0.00000434417688666,0.00000221181903726,6.86444309395e-7,2.82625848058e-7,9.97672415792e-8,2.79029308103e-7,4.21981695808e-7,3.86374722439e-7,1.82420890837e-7,6.38357420257e-8,6.25245490937e-8,3.80700839742e-8,4.25849684405e-8,3.203599519e-8,2.30808474555e-8,2.94991355787e-8,1.56426498421e-8,9.25215903891e-9,7.10787473324e-9,2.34408448208e-9,1.14478737601e-9,4.29497104548e-10,3.85292131533e-10,1.87009227548e-10,1.91086146906e-10,9.66431032423e-11,5.43361015903e-11,5.26233848164e-11,4.16200615638e-11,4.35307172253e-11,3.62004592969e-11,4.72210152924e-11,3.42722829283e-11,1.69246387738e-11,1.43274307349e-11,6.26874767373e-12,5.36320380468e-12,3.15646575717e-12],"max":[0.0271563660353,0.0300084929913,0.0130121028051,0.0126517005265,0.00703615974635,0.00510271918029,0.0057332389988,0.00793726462871,0.00732071418315,0.00690735131502,0.00595272378996,0.0044350665994,0.00557497842237,0.00316846836358,0.00347717711702,0.00359337124974,0.00347333424725,0.00203868071549,0.00158694316633,0.00137483165599,0.00172624306288,0.00115646631457,0.000564326706808,0.000403586629545,0.000189675934962,0.000126289567561,0.000179843293154,0.000182443123776,0.00014255422866,0.0000731377731427,0.0000657291529933,0.000129488267703,0.000108570646262,0.0000948041415541,0.0000958851669566,0.0000770172482589,0.0000958798191277,0.0000582212014706,0.0000534517057531,0.0000300958254229],"mean":[0.00115256302524,0.00164587842301,0.0010292539373,0.00063372409204,0.000384873390431,0.000232386111747,0.000133938607178,0.000162613199791,0.000234862251091,0.000210441692616,0.000131889843033,0.000101543977507,0.000111904751975,0.0000821959401947,0.0000741872354411,0.0000704017293174,0.0000680265075061,0.0000850072683534,0.0000492004110129,0.0000312759075314,0.0000305535722873,0.0000231224457821,0.0000214160736505,0.0000142485150718,0.0000147682567331,0.0000115264601845,0.0000101574814835,0.00000691713012202,0.00000608509390077,0.00000608680193181,0.00000505699063069,0.00000401715942644,0.0000037332276861,0.00000361953493666,0.00000263496031039,0.00000181134976174,0.00000137543281653,0.00000101783211903,8.70930364272e-7,6.36173524526e-7],"median":[0.000607380119618,0.00113759131636,0.000641347665805,0.000371952774003,0.000187727244338,0.0000867216658662,0.0000574341502215,0.0000546601113456,0.0000516939908266,0.0000410986613133,0.0000270246018772,0.0000307390910166,0.000026861556762,0.0000224286486628,0.0000246331001108,0.0000245906521741,0.000028829806979,0.0000318565398629,0.0000188216308743,0.0000105739281935,0.000011145811186,0.000010159874364,0.0000101053246908,0.00000611339964962,0.00000605153491051,0.00000605435116086,0.00000479419304611,0.00000324693291986,0.00000346680144503,0.0000036564488255,0.00000272644638244,0.00000132409604703,0.00000115405168799,0.00000118168964036,7.3635908393e-7,4.65279839545e-7,3.18395166232e-7,2.69957553201e-7,2.35514889368e-7,1.78665487738e-7],"min":[1.55745242391e-24,3.08074613525e-25,7.25653573102e-25,1.749634126e-24,1.34253377839e-24,1.14793106219e-24,2.28067280486e-24,1.28843399333e-24,1.6379325065e-24,2.28341034941e-24,1.99658506022e-24,1.7969539474e-24,2.88280481178e-24,1.79420082284e-24,2.91880980401e-24,3.08880558199e-24,3.44767714322e-24,4.23584345642e-24,3.40173427853e-24,2.38211361195e-24,3.69772632866e-24,5.3107457203e-24,4.66494986784e-24,4.6689347987e-24,4.48295886814e-24,4.34811059057e-24,4.65466548822e-24,5.28917984087e-24,4.44912659607e-24,4.96809570308e-24,4.37756626234e-24,5.97858274089e-24,5.97209002121e-24,4.56538260539e-24,5.29149238662e-24,5.88661339225e-24,6.18358875749e-24,5.69262066274e-24,6.66796986368e-24,6.40392470807e-24],"var":[0.00000464332788397,0.00000521549964105,0.0000018694248638,7.64886124216e-7,3.10738698772e-7,1.85400125474e-7,7.76743007691e-8,1.45487746295e-7,3.15304390597e-7,2.73335786005e-7,1.37683741741e-7,7.96943808723e-8,9.94052697934e-8,4.59078357551e-8,3.05054470573e-8,2.57231018708e-8,1.57850426064e-8,1.95640819101e-8,8.38357294697e-9,4.87266005322e-9,5.11458075891e-9,2.23371054986e-9,1.01099317806e-9,4.35465274951e-10,4.56435861329e-10,2.14324308301e-10,2.09759473679e-10,1.00803719538e-10,6.56247417519e-11,5.4898776497e-11,4.34361054069e-11,4.5405876975e-11,4.20629295284e-11,4.49748779885e-11,3.25405744017e-11,1.8004068722e-11,1.32140314316e-11,5.58225471056e-12,4.68329238237e-12,2.27333906908e-12]},"melbands_crest":{"dmean":2.80684924126,"dmean2":4.53896760941,"dvar":8.21799373627,"dvar2":20.4168567657,"max":33.7867622375,"mean":13.3604097366,"median":12.6084766388,"min":1.47807586193,"var":27.7788772583},"melbands_flatness_db":{"dmean":0.0253661517054,"dmean2":0.0369241312146,"dvar":0.000747384212445,"dvar2":0.00148658722173,"max":0.797955334187,"mean":0.207811355591,"median":0.182982474566,"min":0.00285725458525,"var":0.0110766645521},"melbands_kurtosis":{"dmean":6.17828464508,"dmean2":9.65024471283,"dvar":157.725006104,"dvar2":350.54510498,"max":348.816741943,"mean":11.5060882568,"median":5.18945121765,"min":-1.88505661488,"var":369.142059326},"melbands_skewness":{"dmean":0.727276980877,"dmean2":1.09996628761,"dvar":0.820279598236,"dvar2":1.77829217911,"max":15.649230957,"mean":2.4271364212,"median":2.14434504509,"min":-2.86647558212,"var":2.80941343307},"melbands_spread":{"dmean":8.50046825409,"dmean2":12.9738874435,"dvar":177.443511963,"dvar2":361.28527832,"max":252.567138672,"mean":28.7294464111,"median":24.8905639648,"min":0.486009716988,"var":606.06427002},"mfcc":{"cov":[[18568.0957031,-633.751098633,-485.376556396,173.259033203,-82.5874252319,1260.87353516,741.770507812,970.806945801,668.071350098,764.488525391,622.785766602,229.914123535,33.4987373352],[-633.751098633,1946.68237305,-507.746856689,10.4645938873,12.9639368057,-100.396591187,-19.6156730652,-64.2888717651,-48.1920547485,-99.2850265503,55.5237312317,-9.89331436157,24.6117649078],[-485.376556396,-507.746856689,1277.53662109,124.46131134,308.223175049,256.180236816,85.7210159302,113.04434967,31.5761585236,102.73097229,-4.32997274399,40.2223892212,13.1027641296],[173.259033203,10.4645938873,124.46131134,597.430664062,190.346603394,105.777175903,137.381729126,37.8747138977,118.684692383,72.7757415771,36.9966011047,47.2051467896,36.3320655823],[-82.5874252319,12.9639368057,308.223175049,190.346603394,392.724761963,129.923919678,61.4017601013,48.1753196716,78.7525253296,74.4525604248,23.1081562042,34.9036979675,32.5387840271],[1260.87353516,-100.396591187,256.180236816,105.777175903,129.923919678,431.891937256,223.910583496,192.727050781,126.307624817,144.631698608,127.584075928,45.6470108032,11.1708993912],[741.770507812,-19.6156730652,85.7210159302,137.381729126,61.4017601013,223.910583496,305.320922852,166.077697754,104.725326538,116.573188782,104.367660522,41.9166412354,23.4462871552],[970.806945801,-64.2888717651,113.04434967,37.8747138977,48.1753196716,192.727050781,166.077697754,265.212677002,111.64894104,104.397392273,92.9406204224,32.8576965332,24.1823196411],[668.071350098,-48.1920547485,31.5761585236,118.684692383,78.7525253296,126.307624817,104.725326538,111.64894104,197.738922119,109.97693634,58.68907547,38.6198310852,18.408203125],[764.488525391,-99.2850265503,102.73097229,72.7757415771,74.4525604248,144.631698608,116.573188782,104.397392273,109.97693634,180.908493042,94.0661468506,33.6458129883,9.93978977203],[622.785766602,55.5237312317,-4.32997274399,36.9966011047,23.1081562042,127.584075928,104.367660522,92.9406204224,58.68907547,94.0661468506,153.719024658,41.2337913513,10.908700943],[229.914123535,-9.89331436157,40.2223892212,47.2051467896,34.9036979675,45.6470108032,41.9166412354,32.8576965332,38.6198310852,33.6458129883,41.2337913513,92.021812439,36.8613967896],[33.4987373352,24.6117649078,13.1027641296,36.3320655823,32.5387840271,11.1708993912,23.4462871552,24.1823196411,18.408203125,9.93978977203,10.908700943,36.8613967896,86.0947418213]],"icov":[[0.0000879504659679,0.0000266098468273,0.000101131998235,-0.00000934697527555,0.0000680345110595,-0.000221553680603,0.000100381243101,-0.000180116447154,-0.0000129641830426,-0.000201424219995,0.0000035632624531,-0.0000911902679945,0.0000376317148039],[0.0000266098468273,0.00064959609881,0.000300612853607,-0.00000647629940431,-0.000310460687615,-0.00000241997759076,-0.0000593732256675,0.0000169709219335,0.0000644798710709,0.000492524995934,-0.000607292633504,0.000146950304043,-0.000166636265931],[0.000101131998235,0.000300612853607,0.00139749422669,-0.0000474203552585,-0.000798576045781,-0.0008895486244,0.000303717388306,-0.000590294774156,0.000818696571514,-0.000658067059703,0.000754991429858,-0.000514932442456,0.000208099896554],[-0.00000934697527555,-0.00000647629940431,-0.0000474203552585,0.00236712396145,-0.000891753705218,0.000218494838919,-0.00114625133574,0.000844966969453,-0.00113116984721,0.000286684720777,0.0000330914663209,-0.000248705880949,-0.000291665986879],[0.0000680345110595,-0.000310460687615,-0.000798576045781,-0.000891753705218,0.00416291272268,-0.000820368120912,0.000630581285805,0.00019348753267,-0.00072035798803,-0.000973380345386,0.000510618032422,-0.000148247971083,-0.000867657887284],[-0.000221553680603,-0.00000241997759076,-0.0008895486244,0.000218494838919,-0.000820368120912,0.00585289346054,-0.00235397228971,-0.000712639011908,-0.000718868337572,0.000270082615316,-0.00191601400729,0.000326717970893,0.000747337471694],[0.000100381243101,-0.0000593732256675,0.000303717388306,-0.00114625133574,0.000630581285805,-0.00235397228971,0.00718702748418,-0.00244836509228,0.00024169003882,-0.00144553498831,-0.000724816753063,-0.000348530855263,-0.00043075994472],[-0.000180116447154,0.0000169709219335,-0.000590294774156,0.000844966969453,0.00019348753267,-0.000712639011908,-0.00244836509228,0.00803073029965,-0.00248418189585,0.000443500874098,-0.00161522277631,0.00101830542553,-0.00152245897334],[-0.0000129641830426,0.0000644798710709,0.000818696571514,-0.00113116984721,-0.00072035798803,-0.000718868337572,0.00024169003882,-0.00248418189585,0.00993981491774,-0.00439017964527,0.00171537825372,-0.00177029438782,0.000259025167907],[-0.000201424219995,0.000492524995934,-0.000658067059703,0.000286684720777,-0.000973380345386,0.000270082615316,-0.00144553498831,0.000443500874098,-0.00439017964527,0.0130630275235,-0.00536256004125,0.000783862720709,0.000293062650599],[0.0000035632624531,-0.000607292633504,0.000754991429858,0.0000330914663209,0.000510618032422,-0.00191601400729,-0.000724816753063,-0.00161522277631,0.00171537825372,-0.00536256004125,0.0133004272357,-0.00386598263867,0.000972371199168],[-0.0000911902679945,0.000146950304043,-0.000514932442456,-0.000248705880949,-0.000148247971083,0.000326717970893,-0.000348530855263,0.00101830542553,-0.00177029438782,0.000783862720709,-0.00386598263867,0.015727231279,-0.00595642020926],[0.0000376317148039,-0.000166636265931,0.000208099896554,-0.000291665986879,-0.000867657887284,0.000747337471694,-0.00043075994472,-0.00152245897334,0.000259025167907,0.000293062650599,0.000972371199168,-0.00595642020926,0.0148532260209]],"mean":[-678.649536133,116.405967712,-9.1683216095,24.8591442108,3.32216382027,7.67602825165,-4.14843845367,-2.67299151421,-3.2409350872,-1.73884499073,-1.99012851715,-5.12095117569,-5.5484790802]},"pitch_salience":{"dmean":0.0670190453529,"dmean2":0.106882639229,"dvar":0.00450676074252,"dvar2":0.0112155545503,"max":0.989715874195,"mean":0.566446721554,"median":0.573566675186,"min":0.0961619764566,"var":0.0148206986487},"silence_rate_20dB":{"dmean":0,"dmean2":0,"dvar":0,"dvar2":0,"max":1,"mean":1,"median":1,"min":1,"var":0},"silence_rate_30dB":{"dmean":0.000232180173043,"dmean2":0.00046441424638,"dvar":0.000232085949392,"dvar2":0.000696244358551,"max":1,"mean":0.999883949757,"median":1,"min":0,"var":0.000116053059173},"silence_rate_60dB":{"dmean":0.032737404108,"dmean2":0.0654824078083,"dvar":0.0316624417901,"dvar2":0.067473910749,"max":1,"mean":0.182936742902,"median":0,"min":0,"var":0.149460375309},"spectral_centroid":{"dmean":264.157073975,"dmean2":393.922912598,"dvar":118259.03125,"dvar2":220784.0625,"max":11756.9697266,"mean":1579.55541992,"median":1462.04602051,"min":140.417160034,"var":1547901.625},"spectral_complexity":{"dmean":3.45066165924,"dmean2":5.22489261627,"dvar":16.033946991,"dvar2":32.5542106628,"max":58,"mean":20.1269874573,"median":18,"min":0,"var":208.585037231},"spectral_contrast_coeffs":{"dmean":[0.0472714938223,0.0485120154917,0.0406133569777,0.0339097455144,0.0238424614072,0.0216801613569],"dmean2":[0.0776391550899,0.0766435414553,0.0634790360928,0.0531218275428,0.0372121334076,0.033544447273],"dvar":[0.0017962527927,0.00194737466518,0.00129959895276,0.000930163601879,0.00049143662909,0.0004671382776],"dvar2":[0.00473795039579,0.00458048749715,0.00280726514757,0.00205827248283,0.00110571354162,0.00102528184652],"max":[-0.26093429327,-0.336924552917,-0.428831011057,-0.475634843111,-0.545822799206,-0.51445299387],"mean":[-0.614932537079,-0.728318214417,-0.766992866993,-0.766985118389,-0.783433675766,-0.744044542313],"median":[-0.626531839371,-0.739986538887,-0.78176599741,-0.776357293129,-0.790092587471,-0.741769015789],"min":[-0.981331288815,-0.994095265865,-0.99347871542,-0.996416866779,-0.986546993256,-0.965130865574],"var":[0.0107006458566,0.00879175961018,0.00705649890006,0.00493558263406,0.00314404885285,0.00391154550016]},"spectral_contrast_valleys":{"dmean":[0.418148517609,0.402360618114,0.386466741562,0.333272755146,0.29055467248,0.317110478878],"dmean2":[0.680902600288,0.644448876381,0.603155612946,0.504579126835,0.425989061594,0.434830576181],"dvar":[0.163722887635,0.166346728802,0.152882188559,0.132485404611,0.132340043783,0.168496578932],"dvar2":[0.373986691236,0.365573078394,0.318788290024,0.260360151529,0.238066509366,0.278802603483],"max":[-5.10766506195,-4.6656537056,-5.14819669724,-5.62095832825,-5.79878377914,-7.50815439224],"mean":[-8.10709571838,-7.43787956238,-8.07529163361,-8.19274997711,-8.14844703674,-10.9002628326],"median":[-6.98920154572,-6.88337850571,-7.32591676712,-7.39572048187,-7.32345962524,-10.0050382614],"min":[-27.9704723358,-28.0698318481,-27.8053226471,-27.8209667206,-27.5017871857,-27.4427013397],"var":[7.82974290848,6.32818031311,7.03161859512,7.10228157043,7.06010627747,6.45614957809]},"spectral_decrease":{"dmean":2.10780948251e-9,"dmean2":3.45268480473e-9,"dvar":1.43190621948e-17,"dvar2":3.77703373186e-17,"max":1.71761534307e-28,"mean":-5.87403370389e-9,"median":-5.28630783592e-9,"min":-4.83926001493e-8,"var":2.95753928156e-17},"spectral_energy":{"dmean":0.00826700031757,"dmean2":0.0134894521907,"dvar":0.000214450090425,"dvar2":0.000564043235499,"max":0.187513321638,"mean":0.0240277778357,"median":0.0216330960393,"min":1.00233392622e-20,"var":0.000479072943563},"spectral_energyband_high":{"dmean":0.000315864774166,"dmean2":0.000462753174361,"dvar":3.14843532578e-7,"dvar2":6.12920814547e-7,"max":0.0123661691323,"mean":0.000911433075089,"median":0.000488310994115,"min":6.99063179586e-21,"var":0.00000137308506964},"spectral_energyband_low":{"dmean":0.00501504680142,"dmean2":0.00857360288501,"dvar":0.000146844147821,"dvar2":0.000396251794882,"max":0.150770947337,"mean":0.00861938111484,"median":0.00600497052073,"min":6.89519020338e-24,"var":0.000155698871822},"spectral_energyband_middle_high":{"dmean":0.00194725242909,"dmean2":0.00282521382906,"dvar":0.00000924652977119,"dvar2":0.000019634493583,"max":0.0526521578431,"mean":0.00604337500408,"median":0.00357991131023,"min":1.10056330013e-21,"var":0.0000505253265146},"spectral_energyband_middle_low":{"dmean":0.00419063214213,"dmean2":0.00680578080937,"dvar":0.0000515071005793,"dvar2":0.000137280876515,"max":0.0984114408493,"mean":0.00957641005516,"median":0.00689372280613,"min":1.25190332392e-22,"var":0.0000958435630309},"spectral_entropy":{"dmean":0.158623725176,"dmean2":0.220936700702,"dvar":0.0410668589175,"dvar2":0.070270717144,"max":9.83388614655,"mean":7.46635866165,"median":7.76019001007,"min":3.5082154274,"var":0.69334679842},"spectral_flux":{"dmean":0.0222752541304,"dmean2":0.0345434695482,"dvar":0.000815649749711,"dvar2":0.00166249275208,"max":0.333144843578,"mean":0.0779054909945,"median":0.0703445002437,"min":6.40061198487e-11,"var":0.00322860269807},"spectral_kurtosis":{"dmean":2.4319691658,"dmean2":4.09006118774,"dvar":24.5669460297,"dvar2":70.7802200317,"max":217.479110718,"mean":7.34688806534,"median":3.86544752121,"min":-1.26173019409,"var":263.670166016},"spectral_rms":{"dmean":0.000690916029271,"dmean2":0.00108570978045,"dvar":9.68220433606e-7,"dvar2":0.00000242796932071,"max":0.013525525108,"mean":0.00423526624218,"median":0.00459406804293,"min":3.12711813909e-12,"var":0.00000550427421331},"spectral_rolloff":{"dmean":551.465759277,"dmean2":900.428100586,"dvar":1002834.3125,"dvar2":2072490.375,"max":19616.7480469,"mean":1931.22497559,"median":1507.32421875,"min":86.1328125,"var":5702634},"spectral_skewness":{"dmean":0.274236559868,"dmean2":0.437926352024,"dvar":0.126055985689,"dvar2":0.325632065535,"max":12.6065626144,"mean":1.6488558054,"median":1.42002165318,"min":-0.210117802024,"var":1.49127280712},"spectral_spread":{"dmean":534676.75,"dmean2":771521.0625,"dvar":660323237888,"dvar2":1150019174400,"max":42741356,"mean":4637695.5,"median":4108892.5,"min":428478.28125,"var":17672077049900},"spectral_strongpeak":{"dmean":0.508755385876,"dmean2":0.862978994846,"dvar":0.860496759415,"dvar2":2.1505856514,"max":10.7245264053,"mean":0.843737840652,"median":0.349857717752,"min":0,"var":1.43188357353},"zerocrossingrate":{"dmean":0.0112853962928,"dmean2":0.0127858482301,"dvar":0.000248278811341,"dvar2":0.000245975650614,"max":0.5244140625,"mean":0.0708946436644,"median":0.0615234375,"min":0.00244140625,"var":0.00388230523095}},"metadata":{"audio_properties":{"analysis_sample_rate":44100,"bit_rate":0,"codec":"flac","downmix":"mix","equal_loudness":0,"length":200.013336182,"lossless":true,"md5_encoded":"bc3b3b4d014382035fe849566e26cddc","replay_gain":-15.0982513428,"sample_rate":44100},"tags":{"album":["Whatever People Say I Am, That’s What I’m Not"],"albumartist":["Arctic Monkeys"],"albumartistsort":["Arctic Monkeys"],"artist":["Arctic Monkeys"],"artistsort":["Arctic Monkeys"],"barcode":["094636663623"],"catalognumber":["094636663623"],"date":["2006"],"discnumber":["1"],"disctotal":["1"],"file_name":"01-11 When the Sun Goes Down.flac","genre":["Indie"],"isrc":["GBCEL0501190"],"label":["Domino"],"media":["CD"],"musicbrainz_albumartistid":["ada7a83c-e3e1-40f1-93f9-3e73dbc9298a"],"musicbrainz_albumid":["f06c983e-89c4-32d2-874a-9045343abbf3"],"musicbrainz_artistid":["ada7a83c-e3e1-40f1-93f9-3e73dbc9298a"],"musicbrainz_recordingid":["f05a995c-9cdd-404f-91f8-0658044be619"],"musicbrainz_releasegroupid":["6c9c4985-3628-3070-b956-b538f30c9bea"],"originaldate":["2006-01-23"],"producer":["Jim Abbiss"],"releasecountry":["AR"],"releasestatus":["official"],"releasetype":["album"],"script":["Latn"],"title":["When the Sun Goes Down"],"totaldiscs":["1"],"totaltracks":["13"],"tracknumber":["11"],"tracktotal":["13"]},"version":{"essentia":"2.1-beta1","essentia_build_sha":"ca57ba49d9b1854bd80e60cf9ccf267278fb7d6b","essentia_git_sha":"v2.1_beta1-28-g21ef5f4-dirty","extractor":"music 1.0"}},"rhythm":{"beats_count":496,"beats_loudness":{"dmean":0.0101573849097,"dmean2":0.0174377840012,"dvar":0.000121164346638,"dvar2":0.00033251370769,"max":0.123480260372,"mean":0.0313275791705,"median":0.0340705104172,"min":0,"var":0.000456105102785},"beats_loudness_band_ratio":{"dmean":[0.161131322384,0.1307899