{"lowlevel":{"average_loudness":0.743207573891,"barkbands":{"dmean":[0.000166659083334,0.00472247647122,0.00271794316359,0.00165345927235,0.00192279310431,0.000735944369808,0.000585842470173,0.000708977691829,0.000769123958889,0.000474887958262,0.000399972574087,0.00027674777084,0.000498337263707,0.000389816908864,0.00039915565867,0.00032418651972,0.00026217836421,0.000145290439832,0.000167880192748,0.00015475031978,0.000135362279252,0.000093003603979,0.0000771773702581,0.0000420688375016,0.0000316511359415,0.0000194350741367,0.00000825412098493],"dmean2":[0.000287796457997,0.00770030496642,0.004919659812,0.00293536693789,0.00322954240255,0.00118611159269,0.000973299029283,0.00116512924433,0.00125056761317,0.000746864709072,0.000651327776723,0.000465112243546,0.000831423210911,0.000649766356219,0.000656482647173,0.000550788885448,0.000444292789325,0.000242041307501,0.000280948384898,0.000259126536548,0.000230689780437,0.000158160575666,0.000127268911456,0.0000643190505798,0.0000467869467684,0.0000290051393677,0.0000124803991639],"dvar":[3.67597323248e-7,0.000307908951072,0.000102930011053,0.0000265508097073,0.0000159101273312,0.00000225704525292,0.00000262520097749,0.00000340020824297,0.00000449429762739,9.63796082942e-7,8.70977942213e-7,4.51876303487e-7,0.00000225127723752,0.00000117350361961,9.00824034034e-7,0.00000116972807973,4.29338996355e-7,1.18845562724e-7,1.25985096133e-7,1.17643082831e-7,1.55175925443e-7,6.05033818601e-8,6.28421972237e-8,1.87342159563e-8,7.92341481315e-9,1.61756286143e-9,3.26597221489e-10],"dvar2":[9.62150920714e-7,0.00076904904563,0.000294061988825,0.0000758205133025,0.0000432665074186,0.00000581659651289,0.0000070002170105,0.0000084445146058,0.00001164706282,0.0000025015774554,0.00000227525879382,0.0000012247489849,0.00000616517127128,0.00000317211220136,0.00000243829208557,0.00000327397310684,0.00000112852728762,3.18242257435e-7,3.39792904924e-7,3.13088946768e-7,4.26418694133e-7,1.644324783e-7,1.61770628893e-7,4.3248970627e-8,1.69312297515e-8,3.69438368786e-9,7.44236616779e-10],"max":[0.00484484899789,0.191906273365,0.102207571268,0.0555895790458,0.0636473819613,0.0392160862684,0.0372937880456,0.0340200737119,0.0528836324811,0.0297175198793,0.0206117909402,0.0134256882593,0.0494279675186,0.0236902832985,0.0209884233773,0.0402652993798,0.0192670077085,0.00892534013838,0.00690414384007,0.00527940690517,0.00822672620416,0.00353742321022,0.00731422100216,0.00480854324996,0.00345936184749,0.000572158489376,0.000258969230345],"mean":[0.000128755506012,0.00391384866089,0.00251979730092,0.00180448126048,0.00308664166369,0.00120546726976,0.000799521687441,0.000897373945918,0.00105476065073,0.000772679864895,0.000569981290027,0.000383695325581,0.000714278838132,0.00055628863629,0.000620278471615,0.000426286016591,0.000393729424104,0.000239870190853,0.000285325368168,0.000263359892415,0.000191241357243,0.00012470697402,0.000104796417872,0.000069162058935,0.0000493830775667,0.0000216335884033,0.00000792461742094],"median":[0.00000395317647417,0.000410324719269,0.000571543409023,0.000488683232106,0.00140003836714,0.000494492822327,0.000252085592365,0.000269303680398,0.000273801648291,0.000287258095341,0.000153400658746,0.0000953031194513,0.000168053273228,0.000110518587462,0.000128995205159,0.0000898936268641,0.000116973948025,0.0000957940937951,0.000127809224068,0.000108079570055,0.0000562681889278,0.0000286226422759,0.000021401898266,0.0000158342118084,0.0000109946277007,0.00000246498188972,3.09307040425e-7],"min":[2.75362974575e-23,1.1957118939e-23,6.08100765196e-24,1.2471664114e-24,7.81813616324e-24,5.62468869475e-23,1.10073446086e-23,6.10678241986e-23,7.28553120106e-23,7.55908670597e-23,8.46646922903e-23,7.94735583937e-23,9.35850619868e-23,6.18284375725e-23,1.08780081811e-22,9.19856181025e-23,1.51454982915e-22,1.07547010174e-22,3.45244154755e-22,2.27137540856e-22,4.59053382608e-22,5.30281236706e-22,5.16023730736e-22,9.01152692859e-22,1.1143856578e-21,1.40975820283e-21,2.11478740239e-21],"var":[2.8429883514e-7,0.000246286159381,0.0000649831999908,0.0000198358175112,0.0000228171411436,0.00000382500866181,0.00000294482174468,0.00000420134574597,0.00000622604829914,0.00000184674479442,0.00000145737544699,7.03831631199e-7,0.00000370186876353,0.00000188904505194,0.00000171106353264,0.00000141969314882,7.21754020105e-7,1.79547484436e-7,2.01107951625e-7,1.73816829374e-7,1.56427418574e-7,6.97035318353e-8,9.37960535907e-8,4.59374014383e-8,2.48466740516e-8,2.14377338104e-9,3.62968183287e-10]},"barkbands_crest":{"dmean":2.68478798866,"dmean2":4.30860471725,"dvar":7.85063409805,"dvar2":19.3885555267,"max":26.4584846497,"mean":8.71910953522,"median":7.63527011871,"min":2.36985182762,"var":17.7354450226},"barkbands_flatness_db":{"dmean":0.0233524683863,"dmean2":0.0339765250683,"dvar":0.000613944081124,"dvar2":0.00131297216285,"max":0.398290246725,"mean":0.115553691983,"median":0.108934298158,"min":0.0179106257856,"var":0.00213011424057},"barkbands_kurtosis":{"dmean":3.99557566643,"dmean2":6.3852648735,"dvar":207.196990967,"dvar2":521.591918945,"max":452.483825684,"mean":4.12835359573,"median":0.732300043106,"min":-1.92777919769,"var":210.653457642},"barkbands_skewness":{"dmean":0.619569182396,"dmean2":0.919826328754,"dvar":0.810400366783,"dvar2":1.68351924419,"max":19.5850257874,"mean":1.37941646576,"median":1.11637687683,"min":-4.68516302109,"var":2.02085924149},"barkbands_spread":{"dmean":5.93643569946,"dmean2":9.07060050964,"dvar":52.1582832336,"dvar2":115.165420532,"max":119.384429932,"mean":22.7577514648,"median":21.2479095459,"min":0.552158892155,"var":157.420761108},"dissonance":{"dmean":0.0161810945719,"dmean2":0.0267959553748,"dvar":0.000228136254009,"dvar2":0.000603828055318,"max":0.500000059605,"mean":0.469192832708,"median":0.474493741989,"min":0.326354682446,"var":0.000486416771309},"dynamic_complexity":6.00412082672,"erbbands":{"dmean":[0.161900043488,0.959457457066,2.3454041481,5.36534070969,4.8099603653,7.47175312042,6.98143386841,5.90034914017,6.69875526428,12.0894556046,17.1426124573,19.7785739899,12.1767463684,14.8349142075,14.6069221497,13.7832126617,22.6281204224,18.4601573944,22.4245948792,17.7716350555,14.3209056854,12.0782403946,8.36964130402,8.53530597687,8.38021850586,7.44042110443,6.51195907593,4.32760953903,3.2430369854,2.97891259193,2.05713438988,1.02313315868,0.681630730629,0.427726060152,0.19355481863,0.095257371664,0.0329129621387,0.00734537746757,0.00140809861477,0.000103113023215],"dmean2":[0.273760735989,1.52126526833,3.97414302826,9.74742889404,8.22841739655,12.5190591812,11.3136053085,9.48285293579,10.8187503815,20.2787952423,28.3348045349,32.082069397,19.0116710663,23.8666400909,23.4061985016,23.0013637543,37.7390670776,30.6795711517,37.2006187439,29.619020462,24.2565250397,20.2775325775,13.8102302551,14.3171386719,14.0130605698,12.4569597244,11.1889743805,7.2938785553,5.51998710632,4.9723277092,3.36717295647,1.59264409542,1.06027853489,0.651624500751,0.278422683477,0.141433745623,0.0495859012008,0.0109771490097,0.00213473127224,0.00015559734311],"dvar":[0.392793774605,11.9780492783,67.3113021851,354.260253906,100.047088623,276.592193604,191.470352173,167.509078979,261.357147217,1302.75939941,2110.71362305,3164.34790039,766.040283203,1171.56542969,1142.48693848,1058.14807129,4844.02099609,2436.36254883,3228.06591797,1838.06555176,1545.23950195,784.484680176,336.616485596,431.274414063,320.899810791,273.451873779,356.055297852,146.988113403,72.7840042114,70.2968215942,48.4591293335,10.4168863297,5.2366309166,1.59342944622,0.268026053905,0.0395766571164,0.00492693064734,0.000240911176661,0.00000948065735429,4.95120815458e-8],"dvar2":[1.00094604492,29.0447158813,179.105438232,1021.46960449,273.898468018,739.456481934,485.753692627,421.833587646,667.077636719,3439.75488281,5331.60693359,8121.60253906,1816.9543457,3155.56933594,2927.64672852,2851.33422852,13232.8525391,6681.30224609,8763.92382813,4931.73779297,4186.45458984,2097.53149414,898.338989258,1160.15063477,863.106079102,730.125183105,986.495605469,397.929779053,196.921691895,187.407104492,125.109703064,24.3921394348,12.060254097,3.46767854691,0.591779589653,0.0909399241209,0.0112681854516,0.000540264009032,0.0000214341089304,1.11865261943e-7],"max":[6.04369735718,39.8549041748,86.9765930176,198.772979736,171.914321899,286.782043457,211.288650513,387.668212891,363.307067871,1362.39208984,923.353271484,1296.44519043,1137.21899414,969.727111816,981.237854004,683.010742188,2370.93579102,1320.27392578,1173.7722168,1068.49353027,1204.58520508,674.021789551,441.506561279,539.749572754,481.203216553,287.174133301,349.888305664,218.774261475,142.497558594,209.023590088,212.416549683,110.695236206,99.6825332642,41.1662597656,21.0180625916,4.03742933273,1.11296212673,0.212931990623,0.0440556779504,0.00359878852032],"mean":[0.12104305625,0.862973868847,2.51549005508,5.28401613235,7.27553033829,11.064994812,11.1318445206,9.41546440125,10.3379888535,15.3440618515,22.3353481293,27.4372520447,19.7910385132,23.9022789001,22.5967922211,20.8732910156,33.4483032227,28.3298282623,35.5101661682,27.3987674713,21.0988464355,18.9484081268,14.7284193039,13.9324712753,14.6388978958,12.7867536545,9.58840084076,6.1318898201,4.35061264038,3.96128582954,2.83520483971,1.61683058739,1.09624135494,0.657812178135,0.293079525232,0.114949740469,0.0352567583323,0.00767388194799,0.00137864297722,0.000111450412078],"median":[0.00612899800763,0.119848869741,0.651475906372,1.54839217663,2.84029579163,4.56142711639,4.81795930862,3.77100324631,3.71801638603,4.94983434677,6.47831010818,7.77474164963,7.50177049637,7.86347150803,6.99134302139,6.06782102585,8.63649082184,6.70041561127,7.03451681137,6.58205366135,5.49289512634,5.99661540985,6.11994171143,5.72989797592,6.34208202362,5.42751598358,3.22423481941,1.65587389469,1.02354836464,0.847684681416,0.587345182896,0.365037351847,0.231128573418,0.140320137143,0.0658898949623,0.0175691097975,0.00367101863958,0.000604031549301,0.0000600031016802,0.0000249473887379],"min":[1.01857265698e-21,1.03995636634e-21,5.45935448045e-21,6.37934653488e-21,1.29260646656e-20,3.51916786092e-20,2.72220874441e-19,4.16627041402e-19,1.26463171908e-19,3.70512704529e-19,1.24029291183e-18,1.67210724778e-18,1.34022780696e-18,3.14342239891e-18,3.7227176614e-18,3.44754258895e-18,4.6304962713e-18,3.67285686843e-18,3.97077010195e-18,4.68965622871e-18,5.81165021543e-18,9.46334573584e-18,5.84252307743e-18,1.56216019987e-17,1.36290347453e-17,1.07749357228e-17,1.32634250504e-17,2.24526017723e-17,1.74772212299e-17,1.74876288164e-17,1.7050323242e-17,1.51166313958e-17,1.58183055484e-17,1.19273257019e-17,7.99380312936e-18,4.61031678666e-18,2.62669363039e-18,1.13969958094e-18,3.08312315531e-19,2.97454503703e-20],"var":[0.297948598862,10.1935348511,51.3293037415,227.254318237,150.01651001,401.540557861,318.49029541,285.143554688,385.064575195,1357.81774902,2557.64208984,4375.72558594,1351.73303223,2074.80615234,2020.73095703,1732.64282227,7861.90869141,4015.11865234,6053.03710938,3016.30981445,2089.77539063,1339.73254395,594.546875,665.121398926,536.59197998,403.392211914,361.501068115,160.522201538,83.0791091919,89.8564682007,74.6770858765,23.7885532379,12.7267103195,4.59657478333,0.807315707207,0.067278817296,0.00592806655914,0.000288232346065,0.0000106465176941,5.59590347393e-8]},"erbbands_crest":{"dmean":2.74467682838,"dmean2":4.43623828888,"dvar":6.68080759048,"dvar2":16.1514949799,"max":29.6925830841,"mean":8.37619304657,"median":7.35587072372,"min":2.14750957489,"var":16.6408843994},"erbbands_flatness_db":{"dmean":0.0210854224861,"dmean2":0.0287696383893,"dvar":0.000440392701421,"dvar2":0.000762831477914,"max":0.361245840788,"mean":0.152249872684,"median":0.151429235935,"min":0.0361876115203,"var":0.00177975150291},"erbbands_kurtosis":{"dmean":0.924913942814,"dmean2":1.43456661701,"dvar":2.55046463013,"dvar2":5.38527441025,"max":52.8192710876,"mean":0.344596326351,"median":-0.252703398466,"min":-1.85278975964,"var":5.10667991638},"erbbands_skewness":{"dmean":0.356899380684,"dmean2":0.546532452106,"dvar":0.130899444222,"dvar2":0.285937815905,"max":6.22508239746,"mean":0.238110840321,"median":0.174330443144,"min":-3.75816202164,"var":0.515376210213},"erbbands_spread":{"dmean":8.93696689606,"dmean2":13.4479637146,"dvar":102.762779236,"dvar2":213.153152466,"max":154.717880249,"mean":37.7018852234,"median":35.1420211792,"min":3.22070264816,"var":297.64440918},"gfcc":{"cov":[[19157.984375,644.621887207,-284.684814453,814.408203125,109.086433411,176.54725647,-259.032958984,27.0364513397,64.5280380249,94.0171279907,-10.087228775,-150.759674072,-119.476509094],[644.621887207,1449.29370117,-86.0073471069,316.942810059,203.085540771,20.2801647186,90.6200866699,-24.3985862732,57.0311889648,-64.3646011353,81.049041748,-127.446212769,13.001329422],[-284.684814453,-86.0073471069,1092.53723145,175.214035034,320.632507324,132.610336304,125.833900452,80.6605987549,43.2014465332,72.7463989258,-26.1517124176,18.7567386627,-62.4854011536],[814.408203125,316.942810059,175.214035034,516.595947266,163.555130005,121.4376297,91.5054702759,45.5283813477,68.1225814819,11.6900691986,15.0489454269,-35.69090271,-6.3658747673],[109.086433411,203.085540771,320.632507324,163.555130005,412.601043701,106.337814331,130.826171875,59.6323852539,58.8682670593,44.7268218994,6.89229059219,-12.1571655273,-25.6942443848],[176.54725647,20.2801647186,132.610336304,121.4376297,106.337814331,291.364715576,102.445465088,76.9682159424,30.9308280945,23.767080307,19.4972305298,1.66980373859,-19.4054279327],[-259.032958984,90.6200866699,125.833900452,91.5054702759,130.826171875,102.445465088,231.660903931,70.4557113647,13.1047887802,29.6504478455,4.37867212296,19.5499000549,-7.03387451172],[27.0364513397,-24.3985862732,80.6605987549,45.5283813477,59.6323852539,76.9682159424,70.4557113647,141.666778564,53.3061599731,22.7168388367,5.37674379349,22.8856735229,8.54639720917],[64.5280380249,57.0311889648,43.2014465332,68.1225814819,58.8682670593,30.9308280945,13.1047887802,53.3061599731,113.05506897,27.9466991425,6.95696973801,-5.02301645279,-0.761845350266],[94.0171279907,-64.3646011353,72.7463989258,11.6900691986,44.7268218994,23.767080307,29.6504478455,22.7168388367,27.9466991425,81.1465530396,20.3091621399,14.1964569092,-6.92259407043],[-10.087228775,81.049041748,-26.1517124176,15.0489454269,6.89229059219,19.4972305298,4.37867212296,5.37674379349,6.95696973801,20.3091621399,75.998916626,10.5635719299,5.64167547226],[-150.759674072,-127.446212769,18.7567386627,-35.69090271,-12.1571655273,1.66980373859,19.5499000549,22.8856735229,-5.02301645279,14.1964569092,10.5635719299,82.635597229,27.2967987061],[-119.476509094,13.001329422,-62.4854011536,-6.3658747673,-25.6942443848,-19.4054279327,-7.03387451172,8.54639720917,-0.761845350266,-6.92259407043,5.64167547226,27.2967987061,67.914894104]],"icov":[[0.000063685081841,-0.0000363789331459,0.0000492461294925,-0.000122907877085,-0.0000126403883769,-0.0000375382514903,0.000184633216122,-0.0000904537155293,0.00011646693747,-0.000204694093554,0.000134491026984,-0.0000508897719556,0.000157508766279],[-0.0000363789331459,0.00131256936584,0.000101476849522,-0.000373210612452,-0.000538464693818,0.000372520153178,-0.00081404694356,0.000507573597133,-0.000631468428764,0.00165624066722,-0.00191955000628,0.00198483304121,-0.000978910946287],[0.0000492461294925,0.000101476849522,0.00141650869045,-0.000396006595111,-0.000938520592172,-0.000117685929581,0.000240073597524,-0.000350285350578,0.000389723922126,-0.000736736110412,0.000759201357141,-0.000667768239509,0.00114820420276],[-0.000122907877085,-0.000373210612452,-0.000396006595111,0.00303477002308,-0.000219788242248,-0.000700784905348,-0.000745692232158,0.00038876166218,-0.00129972561263,0.000536902865861,-0.000209807505598,0.000804204551969,-0.000899860810023],[-0.0000126403883769,-0.000538464693818,-0.000938520592172,-0.000219788242248,0.00428446102887,-0.000366344174836,-0.00128849351313,0.0000291006181214,-0.000969709421042,-0.00109558051918,0.000403742276831,0.000159195289598,0.000355832511559],[-0.0000375382514903,0.000372520153178,-0.000117685929581,-0.000700784905348,-0.000366344174836,0.00496717169881,-0.00139338127337,-0.00172860978637,0.0000904606713448,0.000643142673653,-0.00168869656045,0.000671505986247,0.00097953423392],[0.000184633216122,-0.00081404694356,0.000240073597524,-0.000745692232158,-0.00128849351313,-0.00139338127337,0.00764788407832,-0.00287889013998,0.00261067482643,-0.00266756140627,0.00208494346589,-0.00262704631314,0.00154044805095],[-0.0000904537155293,0.000507573597133,-0.000350285350578,0.00038876166218,0.0000291006181214,-0.00172860978637,-0.00287889013998,0.0118433637545,-0.00540315173566,0.0010194205679,-0.000400222401368,-0.00143302115612,-0.00216106045991],[0.00011646693747,-0.000631468428764,0.000389723922126,-0.00129972561263,-0.000969709421042,0.0000904606713448,0.00261067482643,-0.00540315173566,0.0135997124016,-0.00481450138614,0.00129272975028,0.000659170909785,0.000461296353023],[-0.000204694093554,0.00165624066722,-0.000736736110412,0.000536902865861,-0.00109558051918,0.000643142673653,-0.00266756140627,0.0010194205679,-0.00481450138614,0.0189881306142,-0.00679600145668,-0.000113587018859,0.000551696808543],[0.000134491026984,-0.00191955000628,0.000759201357141,-0.000209807505598,0.000403742276831,-0.00168869656045,0.00208494346589,-0.000400222401368,0.00129272975028,-0.00679600145668,0.0181055217981,-0.00463229278103,0.000899043865502],[-0.0000508897719556,0.00198483304121,-0.000667768239509,0.000804204551969,0.000159195289598,0.000671505986247,-0.00262704631314,-0.00143302115612,0.000659170909785,-0.000113587018859,-0.00463229278103,0.0200672131032,-0.00853307265788],[0.000157508766279,-0.000978910946287,0.00114820420276,-0.000899860810023,0.000355832511559,0.00097953423392,0.00154044805095,-0.00216106045991,0.000461296353023,0.000551696808543,0.000899043865502,-0.00853307265788,0.0204232539982]],"mean":[-44.9934310913,80.6534957886,-126.253143311,22.9674491882,-61.3759651184,4.31851148605,-37.5229911804,1.24568605423,-29.521188736,-3.15006566048,-19.2146778107,-5.88023900986,-10.9463624954]},"hfc":{"dmean":7.05009555817,"dmean2":11.0860462189,"dvar":199.687637329,"dvar2":517.386657715,"max":184.410675049,"mean":16.7254104614,"median":9.15812397003,"min":1.08963621971e-16,"var":401.329803467},"melbands":{"dmean":[0.00138951418921,0.0010758577846,0.000865077890921,0.000429296516813,0.000266464950982,0.0001315514819,0.000107643463707,0.000130981832626,0.000149804647663,0.000114867667435,0.0000595501333009,0.0000615702520008,0.0000539178472536,0.0000329266331391,0.0000464008735435,0.0000437333255832,0.0000369873887394,0.0000380147466785,0.0000255503400695,0.0000273188052233,0.000016416379367,0.0000127621660795,0.000012632036487,0.00000698725398252,0.00000735802859708,0.00000684501537762,0.00000555748556508,0.00000511207963427,0.00000469651695312,0.00000326908775605,0.0000024143448627,0.00000176617538727,0.00000201466627914,0.0000016155420326,0.0000013390699678,8.42319707317e-7,5.84672761761e-7,5.09905362378e-7,4.45968851182e-7,3.35746619839e-7],"dmean2":[0.00230992212892,0.00170745956711,0.00155342544895,0.000729785300791,0.000432528700912,0.000210996266105,0.0001759812003,0.000218902147026,0.000247627322096,0.00018597219605,0.0000929242014536,0.0000988731189864,0.0000870886142366,0.00005422401955,0.0000777636450948,0.0000733074703021,0.0000616566467215,0.0000631841830909,0.0000421109762101,0.0000461125200673,0.0000278327734122,0.0000215927739191,0.000021129830202,0.0000117518511615,0.0000124227626657,0.0000115670454761,0.00000928656390897,0.00000860354339238,0.00000815520434116,0.00000558102601644,0.00000409323638451,0.0000030018434245,0.00000348473099621,0.00000269894576377,0.00000222800554184,0.0000013429852288,9.20430238693e-7,8.10434755749e-7,6.98262113019e-7,5.11391419877e-7],"dvar":[0.0000279055839201,0.0000126448940136,0.00000808840377431,7.99490237569e-7,2.85062355943e-7,7.73651507302e-8,7.50035411556e-8,1.40000864235e-7,1.48177576875e-7,1.18017148054e-7,1.82676327398e-8,2.08148716041e-8,1.59639039765e-8,5.84926462821e-9,1.50170897939e-8,2.39962929527e-8,1.10427809119e-8,9.49350997814e-9,3.24258508932e-9,9.78442837862e-9,1.80426529273e-9,9.339304885e-10,1.06805841948e-9,2.53147586227e-10,3.33482047532e-10,2.22861243349e-10,1.45281772723e-10,1.32087507598e-10,1.867277305e-10,8.44192771243e-11,4.75406831957e-11,2.17395875607e-11,3.11005526887e-11,2.2728605456e-11,2.19247276584e-11,6.85695207212e-12,3.77665043336e-12,3.01098295602e-12,2.13756551522e-12,8.91714924556e-13],"dvar2":[0.0000703976111254,0.0000277075105259,0.0000232289385167,0.00000219570893023,7.27548126633e-7,1.96476619863e-7,1.9601353074e-7,3.63817719062e-7,3.76444887706e-7,3.06181334508e-7,4.30570743504e-8,5.59303749981e-8,4.14533829485e-8,1.5575411183e-8,4.04966442602e-8,6.83327314732e-8,3.02899501037e-8,2.57101113732e-8,8.57915427588e-9,2.747574257e-8,4.71265382274e-9,2.42714781606e-9,2.89413182308e-9,6.85116186006e-10,8.99827434786e-10,6.10187622652e-10,3.85125820124e-10,3.56876139751e-10,5.25472276802e-10,2.29893465375e-10,1.29602190091e-10,5.84439163731e-11,8.57733398196e-11,5.99064964302e-11,5.81731260385e-11,1.60982303876e-11,9.18562621799e-12,7.15546502258e-12,4.81743681405e-12,1.93604789318e-12],"max":[0.0547745376825,0.0363245233893,0.029932398349,0.0135209253058,0.00943455193192,0.00789282191545,0.00566736189649,0.0140346884727,0.00749053899199,0.00905257742852,0.00565997511148,0.00424027303234,0.0029595317319,0.00147766270675,0.00487200170755,0.00637010671198,0.00295176217332,0.0018209614791,0.000980527605861,0.00381141412072,0.00113781401888,0.000962410646025,0.000977682764642,0.000478602858493,0.000485593336634,0.00034222973045,0.000212058032048,0.000254318321822,0.000262042129179,0.000214307772694,0.000146597463754,0.000092504247732,0.0000914101256058,0.000119552401884,0.00012341022375,0.0000984861326288,0.0000605094355706,0.0000692165776854,0.0000590060481045,0.0000317072699545],"mean":[0.00109302497003,0.00127497361973,0.000955980911385,0.000664767925628,0.000430955551565,0.000213176492252,0.000159560149768,0.000167261154274,0.000195867411094,0.000158006136189,0.0000942206315813,0.0000960190518526,0.0000788338293205,0.0000483270960103,0.0000684295737301,0.0000628401394351,0.0000523052694916,0.0000575290505367,0.0000391345092794,0.0000362979990314,0.0000227989949053,0.0000191259041458,0.0000187407586054,0.000011225291928,0.0000109547627289,0.0000111463014036,0.00000917514171306,0.00000833410467749,0.00000659592160446,0.00000440005896962,0.00000327869429384,0.00000236206028603,0.00000245209093919,0.00000211319365917,0.00000174978379164,0.0000012247636505,8.96847780041e-7,7.85205656939e-7,6.85122984123e-7,5.0529172313e-7],"median":[0.000087034117314,0.00030525654438,0.000326382520143,0.000294533732813,0.000185651952052,0.0000865430920385,0.0000552312303626,0.0000538667627552,0.0000544382710359,0.0000430608270108,0.000033845037251,0.0000289094386972,0.0000222414473683,0.0000137034148793,0.0000195815227926,0.0000148431781781,0.000010746875887,0.000010307339835,0.00000831637134979,0.00000757778661864,0.00000592328342464,0.00000578826393394,0.00000621713797955,0.00000451403911939,0.00000408561936638,0.00000471932798973,0.00000382207736038,0.00000331703358825,0.00000208012511393,0.00000127928421989,7.63863226894e-7,5.4897083146e-7,5.19776961028e-7,4.30636362125e-7,3.46828841202e-7,2.49709870559e-7,1.97510345856e-7,1.61946289268e-7,1.32514301754e-7,1.05094684955e-7],"min":[9.9338540113e-24,2.21524211758e-24,1.02985455911e-24,2.10422394745e-24,7.9559438525e-24,9.87938395465e-24,1.83413651173e-24,6.05902564841e-24,1.01856244912e-23,9.49965155843e-24,7.14478263835e-24,1.28505772782e-23,1.29670257696e-23,1.00185374406e-23,8.57269502972e-24,6.86924930137e-24,6.18556209305e-24,4.36313484094e-24,8.17717042704e-24,5.0169869354e-24,7.1607807375e-24,9.30376477389e-24,4.86728125154e-24,5.86822780556e-24,1.34536709066e-23,1.17684044778e-23,6.30495658548e-24,7.54395335614e-24,6.39454160203e-24,1.1924411977e-23,1.42593487486e-23,8.86176048667e-24,1.07817887654e-23,8.97690183553e-24,9.56015009011e-24,8.97580058571e-24,9.80151865014e-24,1.18464496426e-23,9.45019076853e-24,1.05196005884e-23],"var":[0.0000217153738049,0.0000129758691401,0.00000554266171093,0.00000108913707209,4.79478444504e-7,1.32816964538e-7,9.88413546565e-8,1.55345418307e-7,1.88575526749e-7,1.54873802671e-7,3.24889342096e-8,3.65301424665e-8,2.70210822606e-8,9.75654401714e-9,2.41170443616e-8,3.46620261382e-8,1.68648810472e-8,1.71918852487e-8,6.16699979972e-9,1.1950106682e-8,2.53177212528e-9,1.55547141834e-9,1.66811831015e-9,3.78554160241e-10,4.95115615173e-10,3.42302325373e-10,2.15234302603e-10,1.89389656735e-10,1.82754700262e-10,8.59427806699e-11,5.14024690867e-11,2.54971651431e-11,3.14720367822e-11,2.94210177054e-11,2.95644099479e-11,1.47643286486e-11,7.71344273176e-12,6.47587192204e-12,5.72733874216e-12,2.5765908504e-12]},"melbands_crest":{"dmean":3.20581269264,"dmean2":5.08041620255,"dvar":9.19089603424,"dvar2":22.3708648682,"max":39.2544898987,"mean":12.2667798996,"median":11.3464603424,"min":1.92032563686,"var":24.2667045593},"melbands_flatness_db":{"dmean":0.0274473316967,"dmean2":0.0396181084216,"dvar":0.0010022186907,"dvar2":0.00199570250697,"max":0.500946819782,"mean":0.172125026584,"median":0.161834672093,"min":0.00493289297447,"var":0.00399033538997},"melbands_kurtosis":{"dmean":8.53058052063,"dmean2":13.1106586456,"dvar":603.053039551,"dvar2":1374.92541504,"max":535.645324707,"mean":11.9904155731,"median":4.73921585083,"min":-1.84144258499,"var":724.698852539},"melbands_skewness":{"dmean":0.783943891525,"dmean2":1.14787483215,"dvar":1.12296903133,"dvar2":2.0480992794,"max":16.6102581024,"mean":2.35628938675,"median":1.97058439255,"min":-2.67541313171,"var":3.0967965126},"melbands_spread":{"dmean":7.64911317825,"dmean2":11.5547132492,"dvar":107.083534241,"dvar2":227.995910645,"max":216.833389282,"mean":26.7433929443,"median":24.4659099579,"min":0.412264913321,"var":329.942260742},"mfcc":{"cov":[[14734.6796875,935.975952148,-419.097808838,548.424865723,356.737518311,269.545135498,-69.7682876587,-55.815776825,-122.700622559,197.926605225,48.7831382751,25.8512649536,-29.6599369049],[935.975952148,1172.4140625,-36.7307510376,222.654830933,127.410514832,58.2384643555,94.0176696777,22.2898426056,-6.25646018982,54.3589172363,24.1234512329,8.30654811859,-16.4466018677],[-419.097808838,-36.7307510376,641.589111328,146.605575562,171.584014893,125.193817139,88.1721801758,69.965461731,57.9156608582,54.4755783081,63.1615409851,31.3610572815,22.3145904541],[548.424865723,222.654830933,146.605575562,425.993621826,152.169845581,110.671035767,81.6874771118,49.8872642517,66.9191360474,58.2443771362,19.5316944122,42.51171875,31.1375656128],[356.737518311,127.410514832,171.584014893,152.169845581,306.347412109,119.719589233,60.5723648071,56.6991157532,52.6843338013,76.0190429688,57.7779655457,25.7639198303,28.1558208466],[269.545135498,58.2384643555,125.193817139,110.671035767,119.719589233,223.471679688,124.14781189,71.7462615967,50.4881134033,54.1865882874,53.4870948792,34.4242630005,13.4707431793],[-69.7682876587,94.0176696777,88.1721801758,81.6874771118,60.5723648071,124.14781189,210.840682983,87.7023544312,54.6387519836,41.0496673584,35.1031799316,34.3964576721,30.3453731537],[-55.815776825,22.2898426056,69.965461731,49.8872642517,56.6991157532,71.7462615967,87.7023544312,151.679168701,78.9133453369,42.8054618835,25.6060695648,26.0720920563,32.2383575439],[-122.700622559,-6.25646018982,57.9156608582,66.9191360474,52.6843338013,50.4881134033,54.6387519836,78.9133453369,129.666824341,52.3231697083,16.3925361633,20.1679534912,36.4619026184],[197.926605225,54.3589172363,54.4755783081,58.2443771362,76.0190429688,54.1865882874,41.0496673584,42.8054618835,52.3231697083,102.806144714,46.4635429382,16.360042572,13.5116062164],[48.7831382751,24.1234512329,63.1615409851,19.5316944122,57.7779655457,53.4870948792,35.1031799316,25.6060695648,16.3925361633,46.4635429382,88.2168731689,39.9777603149,5.20383262634],[25.8512649536,8.30654811859,31.3610572815,42.51171875,25.7639198303,34.4242630005,34.3964576721,26.0720920563,20.1679534912,16.360042572,39.9777603149,72.7524719238,31.9134845734],[-29.6599369049,-16.4466018677,22.3145904541,31.1375656128,28.1558208466,13.4707431793,30.3453731537,32.2383575439,36.4619026184,13.5116062164,5.20383262634,31.9134845734,78.2247695923]],"icov":[[0.0000848944982863,-0.0000358734832844,0.0000947173684835,-0.0000934526105993,-0.0000492283070344,-0.000150876599946,0.000131404973217,-0.0000123151858133,0.000195442305994,-0.000197779518203,0.0000686276980559,-0.0000194025578821,-0.0000209595473279],[-0.0000358734832844,0.00108073384035,0.000237830230617,-0.000528028234839,-0.000335972523317,0.000375598319806,-0.000624058884569,-0.0000599690720264,0.000440830772277,-0.00026554291253,-0.000105726088805,0.000143543933518,0.000467869685963],[0.0000947173684835,0.000237830230617,0.00215607648715,-0.000569326162804,-0.000821944791824,-0.000404602382332,-0.000159627437824,-0.000245734758209,0.000127874460304,0.000127087550936,-0.000888196344022,0.000393622438423,0.0000431525477325],[-0.0000934526105993,-0.000528028234839,-0.000569326162804,0.00379082234576,-0.000947664259002,-0.000657776836306,-0.000237821164774,0.000612804724369,-0.00122389243916,-0.000546423369087,0.00218456471339,-0.00216406327672,0.000203495466849],[-0.0000492283070344,-0.000335972523317,-0.000821944791824,-0.000947664259002,0.00568179599941,-0.00172728067264,0.000948069326114,-0.000312043324811,0.0000285584919766,-0.00148617196828,-0.00186125456821,0.00153835734818,-0.00172481720801],[-0.000150876599946,0.000375598319806,-0.000404602382332,-0.000657776836306,-0.00172728067264,0.00906519219279,-0.00407531578094,-0.000738851376809,-0.000505241157953,0.0000682126992615,-0.00189734867308,-0.00060028443113,0.00193989626132],[0.000131404973217,-0.000624058884569,-0.000159627437824,-0.000237821164774,0.000948069326114,-0.00407531578094,0.00888697523624,-0.00278460048139,0.000155569287017,-0.000377152377041,-0.0000911305687623,-0.000562203931622,-0.00165245716926],[-0.0000123151858133,-0.0000599690720264,-0.000245734758209,0.000612804724369,-0.000312043324811,-0.000738851376809,-0.00278460048139,0.0117513928562,-0.00525245303288,-0.000409579166444,-0.000013347357708,-0.000726096506696,-0.000898260856047],[0.000195442305994,0.000440830772277,0.000127874460304,-0.00122389243916,0.0000285584919766,-0.000505241157953,0.000155569287017,-0.00525245303288,0.0147262960672,-0.00564355077222,0.00211808900349,0.0000224852901738,-0.00324093038216],[-0.000197779518203,-0.00026554291253,0.000127087550936,-0.000546423369087,-0.00148617196828,0.0000682126992615,-0.000377152377041,-0.000409579166444,-0.00564355077222,0.0181940253824,-0.00877633318305,0.00372533989139,-0.000559342559427],[0.0000686276980559,-0.000105726088805,-0.000888196344022,0.00218456471339,-0.00186125456821,-0.00189734867308,-0.0000911305687623,-0.000013347357708,0.00211808900349,-0.00877633318305,0.0237386412919,-0.0130138834938,0.00468385079876],[-0.0000194025578821,0.000143543933518,0.000393622438423,-0.00216406327672,0.00153835734818,-0.00060028443113,-0.000562203931622,-0.000726096506696,0.0000224852901738,0.00372533989139,-0.0130138834938,0.0255068913102,-0.00935535412282],[-0.0000209595473279,0.000467869685963,0.0000431525477325,0.000203495466849,-0.00172481720801,0.00193989626132,-0.00165245716926,-0.000898260856047,-0.00324093038216,-0.000559342559427,0.00468385079876,-0.00935535412282,0.0191911682487]],"mean":[-681.281616211,112.268203735,-10.0435209274,18.1281204224,-5.17658424377,0.242459729314,-1.90943062305,-2.19644808769,-4.35965633392,-0.59867054224,-6.21538305283,-5.92134189606,-5.29791545868]},"pitch_salience":{"dmean":0.0735302269459,"dmean2":0.118168361485,"dvar":0.00514490762725,"dvar2":0.0129889138043,"max":0.914846718311,"mean":0.587644517422,"median":0.598366260529,"min":0.0410562306643,"var":0.0120315235108},"silence_rate_20dB":{"dmean":0,"dmean2":0,"dvar":0,"dvar2":0,"max":1,"mean":1,"median":1,"min":1,"var":0},"silence_rate_30dB":{"dmean":0.0410719960928,"dmean2":0.082150503993,"dvar":0.0393828824162,"dvar2":0.100142531097,"max":1,"mean":0.971140861511,"median":1,"min":0,"var":0.0280249603093},"silence_rate_60dB":{"dmean":0.0456707887352,"dmean2":0.0913488194346,"dvar":0.0435776971281,"dvar2":0.090297177434,"max":1,"mean":0.227543011308,"median":0,"min":0,"var":0.175752297044},"spectral_centroid":{"dmean":265.04598999,"dmean2":407.762115479,"dvar":94938.96875,"dvar2":197602.734375,"max":10931.2089844,"mean":1455.12524414,"median":1417.70227051,"min":168.72833252,"var":402381.59375},"spectral_complexity":{"dmean":3.92768788338,"dmean2":5.95210552216,"dvar":30.5879993439,"dvar2":62.1632843018,"max":63,"mean":17.4800605774,"median":15,"min":0,"var":163.53024292},"spectral_contrast_coeffs":{"dmean":[0.0535468161106,0.0428573898971,0.0386507287621,0.032093629241,0.0207361858338,0.019029436633],"dmean2":[0.0880692154169,0.0706184282899,0.0609182752669,0.0525790974498,0.0339007638395,0.0305343475193],"dvar":[0.00229004235007,0.00123578275088,0.000968510692474,0.000708873383701,0.00030838965904,0.000347427354427],"dvar2":[0.00615760637447,0.00328859477304,0.00237334263511,0.00182863918599,0.000772512576077,0.000824966235086],"max":[-0.214395239949,-0.461370587349,-0.489946573973,-0.432252079248,-0.553360700607,-0.544669568539],"mean":[-0.609136819839,-0.764715075493,-0.76247292757,-0.7814437747,-0.805769383907,-0.766581892967],"median":[-0.617580592632,-0.766703248024,-0.764221429825,-0.787198781967,-0.80942940712,-0.765471696854],"min":[-0.97023922205,-0.968724310398,-0.976519048214,-0.970659613609,-0.954270541668,-0.964085102081],"var":[0.0108199045062,0.00412659719586,0.00365318590775,0.00331792677753,0.0017912350595,0.00206413143314]},"spectral_contrast_valleys":{"dmean":[0.498827308416,0.377140939236,0.332422733307,0.323475301266,0.282826215029,0.375137835741],"dmean2":[0.763901114464,0.606232225895,0.525239288807,0.511186301708,0.422293752432,0.488363951445],"dvar":[0.294726520777,0.16504098475,0.13507245481,0.18373221159,0.178560838103,0.261168807745],"dvar2":[0.52593767643,0.360983729362,0.271098226309,0.37400457263,0.35451734066,0.507280766964],"max":[-4.86888074875,-4.29514789581,-5.0296421051,-5.40620470047,-5.32276153564,-7.44611310959],"mean":[-8.17689800262,-7.06039142609,-7.68929815292,-7.99655723572,-7.76429653168,-10.5170021057],"median":[-7.57270431519,-6.79574203491,-7.40527534485,-7.72527122498,-7.4326634407,-10.2930965424],"min":[-26.9514923096,-27.6423568726,-26.7518119812,-27.5883464813,-27.4051303864,-27.2825737],"var":[3.18364620209,1.91118645668,1.87902343273,2.04739952087,1.92896842957,1.86022591591]},"spectral_decrease":{"dmean":2.81305001515e-9,"dmean2":4.48041825862e-9,"dvar":4.27262476836e-17,"dvar2":8.88151632283e-17,"max":-3.41205242019e-29,"mean":-5.21647613994e-9,"median":-2.92864399398e-9,"min":-6.0502514998e-8,"var":5.84730335419e-17},"spectral_energy":{"dmean":0.0111285708845,"dmean2":0.0176966711879,"dvar":0.000643616192974,"dvar2":0.0013420303585,"max":0.233892336488,"mean":0.0212052669376,"median":0.0120888641104,"min":1.0537822985e-20,"var":0.000903340987861},"spectral_energyband_high":{"dmean":0.000433069275459,"dmean2":0.000689880864229,"dvar":0.00000112053442081,"dvar2":0.00000287945226773,"max":0.0182898901403,"mean":0.000706396298483,"median":0.00023800789495,"min":7.42864170167e-21,"var":0.00000181164352853},"spectral_energyband_low":{"dmean":0.0067032193765,"dmean2":0.0106454025954,"dvar":0.00049960258184,"dvar2":0.00103344395757,"max":0.203038498759,"mean":0.00763688376173,"median":0.0017513523344,"min":4.91331444081e-23,"var":0.000536796054803},"spectral_energyband_middle_high":{"dmean":0.00200491538271,"dmean2":0.00321706966497,"dvar":0.0000133091662065,"dvar2":0.0000344773106917,"max":0.0592472031713,"mean":0.00494624255225,"median":0.00211643311195,"min":1.57019044809e-21,"var":0.0000409737549489},"spectral_energyband_middle_low":{"dmean":0.00477116368711,"dmean2":0.00806283950806,"dvar":0.0000902746760403,"dvar2":0.000245970935794,"max":0.125888139009,"mean":0.00912580732256,"median":0.00560955377296,"min":2.26465027468e-22,"var":0.000123553501908},"spectral_entropy":{"dmean":0.155972823501,"dmean2":0.230356499553,"dvar":0.0363352335989,"dvar2":0.0729574710131,"max":9.79762172699,"mean":7.68031740189,"median":7.69913911819,"min":5.27723169327,"var":0.133507668972},"spectral_flux":{"dmean":0.025707481429,"dmean2":0.0404087491333,"dvar":0.0021946541965,"dvar2":0.00405144644901,"max":0.441105365753,"mean":0.0748568102717,"median":0.0564576983452,"min":1.0265389927e-10,"var":0.00489269383252},"spectral_kurtosis":{"dmean":1.33682334423,"dmean2":2.19246935844,"dvar":2.51629781723,"dvar2":6.28230571747,"max":36.7176551819,"mean":4.12451267242,"median":3.8182322979,"min":-1.16876876354,"var":5.32327127457},"spectral_rms":{"dmean":0.000913195020985,"dmean2":0.00138386653271,"dvar":0.00000254835049418,"dvar2":0.00000496105712955,"max":0.0151058817282,"mean":0.00373598048463,"median":0.00343424128368,"min":3.20636919793e-12,"var":0.00000673058048051},"spectral_rolloff":{"dmean":545.805053711,"dmean2":878.08795166,"dvar":1049525.25,"dvar2":2168613,"max":18755.4199219,"mean":1758.16052246,"median":1464.2578125,"min":21.533203125,"var":2634596},"spectral_skewness":{"dmean":0.215958118439,"dmean2":0.337347626686,"dvar":0.0502343438566,"dvar2":0.119452491403,"max":4.68026065826,"mean":1.46243917942,"median":1.44219970703,"min":-0.443667799234,"var":0.184588253498},"spectral_spread":{"dmean":582224.6875,"dmean2":818980.125,"dvar":771616342016,"dvar2":1307747680260,"max":50765256,"mean":4519068,"median":4169447,"min":1475510.375,"var":2157795737600},"spectral_strongpeak":{"dmean":0.474737226963,"dmean2":0.811885356903,"dvar":0.720642864704,"dvar2":1.92093634605,"max":15.4397754669,"mean":0.737538337708,"median":0.378134071827,"min":0,"var":1.10220384598},"zerocrossingrate":{"dmean":0.0120065230876,"dmean2":0.0139635037631,"dvar":0.00024667053367,"dvar2":0.000302914209897,"max":0.5009765625,"mean":0.0692812353373,"median":0.06201171875,"min":0.001953125,"var":0.00169702828862}},"metadata":{"audio_properties":{"analysis_sample_rate":44100,"bit_rate":320029,"codec":"mp3","downmix":"mix","equal_loudness":0,"length":292.832641602,"lossless":false,"md5_encoded":"d0cf9a69b17b0a8aab63299900267bcf","replay_gain":-6.77101516724,"sample_rate":44100},"tags":{"acoustid_fingerprint":["AQADtIm0JkmcKDjT4fHxPXh2dFNomMoD4-GJMD8uPviORkd59EGjUEfdII3RVtCPvMIzB88uofphK0rQH2dJ5Hg5uD6-LMd99Cn8pPgg4sUv_Ljxw1qP69BxFldGaJfw4oqEXngGHz2hH_UdiMc-pEHxvTjR58J5-EdN5ESTK0W7mHiOfskI7ccv_GiPxsI3bTgPWTzCM8c_NH3wWwjzYI-IbWUHPTvsRDFk4oeZF-WD72gGrUqLR4d24YWpXSjlGOeHlrh0eOTxThr86EGp4zs-TIfYEQ9x447xHzmFH8_hx8Q35nBFIzpUk8jfwczRY1-OhlGGnhKRG73x-bgG13Hw4kQ7nDr6HMo0ZekEt_iElDouHi-uDCmDjvkCuUN4BW9g7kKu4M-ObxfOqLCJdwnKacfRTTCexcfp48eLlCuuac9xWEVJIuxz-OhzdI8gfjmeC4fJxUE-4sMzGXkIfXlw-Ya7oah-PI4FLfuxJ4d26_jCwORHHD88bYH-E-qPTzfuYT4sz7iU44c5ol-M9zjCLspxwTnSF_2cQEfPo3mP34UutCs6K1D9oE-O9kFJHg9O8fhSNIoOPftxlgvygjrxfsF1BadzlCT85Ahv6Ma1o3lEQbMecD8RZhlzdOlxH300pN2gPcep4xhbHyVrWN8xyRmBcjlScsFzlBdiSUzROYK5H5rNgU-HXErQ5MeXR3hGXAu8Bu2O_FSKiymkEE2eQ99DfBwaeTMuOC_cktBD_LAT6YKG3rh1XNzg-LCTQ-pz1GITMP9wL4XlKCiDS4e-phFqo1HxCLH0CGcs1GLgo1eRO8cpZkKDPi_-FKfSoSvEX6hc40IPH9qPq6j0RPgE5-MgHdeLLzP4w3tQiUwH2TvaoXEp5GmI57COb1_w1OiTw0_QI48GXeTwBmHUF5VzFX3hqtg-FWFHfDmhmUipRMcfHWcO56h15C70pTzCMEFRasOUH6eiZ7iSIxeaXeihfdC3FBqV5PgQXvCloI52TMp03PCZI9KP59DuBWbEBE44C5p0G9-OkDzMo5YU45p21F9h5QJzxDtKZoFU-XAmRShFpcKtyfgU45vwHF14wdil_SgX6JlI9EKqScoxqT0eJceUoz-iH_qWDiePcOyMEz97HGm6WeiJr4rxHv2xHSWf4i-6KQ8u5fiDR9AbB1u5Gk_G44mOdMcFH6GV5agY5UjHXMEv-EEtCU-C8Do8Nkd1PExM6Ki2xcIx8dAOTz7efIiXRRd8nIO1HXWOX0a-kEJzGVqjHA_enHCc49SNJ8d1aNmDu8dEq3gU5Gh_NCPzYP9wofaG1JGC6riW4zrehKEQWo_gH2UmnLkw6RdcMUW4ctB_RM4-XPGCM4WPMxf-TGioXEaoQ1a0BHmj48KDWHugKDHa452Gl7lx7cGhhTn6WDj6xhLcjciXw7EOKwyqP8gZ6NLEEeHhG33EoeKPH_8khPvxx1C38LiOkEvIoMnx7AE-5LrQHteWEMrqw1N03CeUH5ekHIe6KIF1VHuQ4zX6B3l4tIGqDw