{"lowlevel":{"average_loudness":0.576290547848,"barkbands":{"dmean":[0.0000231037665799,0.00199367688037,0.000889041053597,0.000636266020592,0.00130301201716,0.000382188853109,0.000389017019188,0.000459182803752,0.000500071444549,0.000241458488745,0.000247200252488,0.00056223483989,0.000167820675415,0.000100107878097,0.000100473414932,0.000147358485265,0.000217653840082,0.000106728359242,0.000196315770154,0.000214602667256,0.000189574493561,0.000132216417114,0.000130466054543,0.000109079883259,0.0000732522021281,0.0000308613816742,0.0000073479668572],"dmean2":[0.0000402874939027,0.00347676314414,0.00145234575029,0.00109347165562,0.0021121208556,0.00059594004415,0.000631353992503,0.00072083302075,0.00083106989041,0.000390017550671,0.000420115218731,0.000949857174419,0.000272919627605,0.00016771547962,0.000164806057001,0.000243623842834,0.000361122802133,0.000173216030817,0.000312872929499,0.00034592038719,0.000291840318823,0.00020251472597,0.00019406733918,0.000165221383213,0.000106664847408,0.0000445244222647,0.000010853733329],"dvar":[4.46001324761e-9,0.0000119831474876,0.00000146245702126,0.00000234304229707,0.00000487216129841,4.53675596646e-7,9.19136823541e-7,0.00000101604427982,0.00000117869706173,2.57665050185e-7,2.58444629253e-7,0.00000157232648235,2.07319217793e-7,1.02020614179e-7,6.23839824243e-8,1.29158578943e-7,6.19809270574e-7,4.18978807204e-8,3.10706610662e-7,7.61324599807e-7,4.00370822717e-7,5.32325046265e-8,4.91137193137e-8,3.30295293338e-8,2.5087423694e-8,6.04089356315e-9,2.69493427574e-9],"dvar2":[1.27185906251e-8,0.0000334914693667,0.00000426237647844,0.00000647480192129,0.0000131041824716,0.00000110983523882,0.00000232599654737,0.00000236489290728,0.00000306696369989,6.2618192942e-7,7.35110916139e-7,0.00000427060831498,4.54680872508e-7,2.56343042793e-7,1.50964865497e-7,3.11798004304e-7,0.00000173510727564,1.01417398923e-7,6.82051052081e-7,0.00000179148491952,8.32676732898e-7,1.12149521669e-7,1.03632991966e-7,7.37998888667e-8,5.17018072799e-8,1.42104124023e-8,6.07737948854e-9],"max":[0.000961394165643,0.0479679517448,0.0212915949523,0.0266092978418,0.0296710226685,0.0147235402837,0.0248837955296,0.0207334123552,0.0321336574852,0.0172447301447,0.0129331164062,0.0313476286829,0.0211732387543,0.0148097863421,0.00616499688476,0.0132199302316,0.0304167922586,0.00508251134306,0.0177422948182,0.0485827252269,0.0246686693281,0.00820715725422,0.00756953563541,0.00418689101934,0.00329380529001,0.00159599620383,0.0017825695686],"mean":[0.0000226032407227,0.00268186023459,0.00241714413278,0.000968166568782,0.00256033916958,0.000807858305052,0.000758673355449,0.000813247344922,0.000885145040229,0.000487856566906,0.000440825941041,0.00102237076499,0.000304553977912,0.000179608294275,0.00015549013915,0.000268042815151,0.000385955558158,0.000237454631133,0.000454992608866,0.000387954816688,0.000312210817356,0.00025519070914,0.000228751363466,0.000244559749262,0.000131079941639,0.0000421615477535,0.00000860682030179],"median":[0.00000523604285263,0.00162046798505,0.00190367968753,0.000589161063544,0.00153659190983,0.000456435314845,0.000265664450126,0.000176416710019,0.000290531141218,0.000218764573219,0.00018648954574,0.000312787102303,0.0000832175865071,0.0000594580633333,0.0000577518003411,0.0000923294574022,0.0000985936276265,0.000129819542053,0.000163275486557,0.000154955298058,0.000125158083392,0.000145931946463,0.000127131410409,0.000153315166244,0.0000564138754271,0.0000148719345816,1.6540778347e-7],"min":[3.83908744186e-24,3.44864050016e-23,6.27183168498e-23,4.35847922054e-23,1.08145156067e-22,5.03615996305e-23,2.17537576956e-23,3.38473803367e-23,2.92830058956e-23,5.88821872419e-23,9.43472152172e-23,1.04669226659e-22,6.13172935713e-23,1.4830065001e-22,1.15550149208e-22,2.68234518201e-22,7.41457937882e-23,1.54038319364e-22,2.357311265e-22,3.23653549271e-22,6.07270627933e-22,5.30018451361e-22,4.82943776376e-22,7.45064660428e-22,1.42854929874e-21,1.51086659341e-21,2.46009613015e-21],"var":[3.7345984083e-9,0.0000131392653202,0.00000500355417898,0.00000207160246646,0.00000931693830353,0.00000132493823912,0.00000244076090894,0.00000311964231514,0.00000329083195538,8.30744852465e-7,5.91062757849e-7,0.00000445235491497,6.803601309e-7,2.54515015286e-7,1.20425042383e-7,4.06691157195e-7,9.33034073114e-7,1.16469898614e-7,0.00000137654194532,0.0000011769603816,8.21833168629e-7,1.51076733346e-7,1.11535179315e-7,8.28428667887e-8,4.86397340183e-8,7.59987095478e-9,3.26390514616e-9]},"barkbands_crest":{"dmean":2.20860600471,"dmean2":3.69281482697,"dvar":5.29422807693,"dvar2":13.7597293854,"max":25.6997585297,"mean":8.51830768585,"median":7.64279270172,"min":2.38195681572,"var":13.9837970734},"barkbands_flatness_db":{"dmean":0.0190409868956,"dmean2":0.0293241105974,"dvar":0.000375527655706,"dvar2":0.000847738934681,"max":0.345706194639,"mean":0.112108781934,"median":0.102037549019,"min":0.0252566114068,"var":0.001992382342},"barkbands_kurtosis":{"dmean":2.60573840141,"dmean2":4.17271232605,"dvar":47.9493141174,"dvar2":127.332229614,"max":235.694015503,"mean":3.49338579178,"median":0.980908632278,"min":-1.93110692501,"var":81.0037536621},"barkbands_skewness":{"dmean":0.511270940304,"dmean2":0.786205947399,"dvar":0.432052344084,"dvar2":0.998036980629,"max":13.9597759247,"mean":1.4941163063,"median":1.30781447887,"min":-4.54426527023,"var":1.61349654198},"barkbands_spread":{"dmean":8.52645301819,"dmean2":12.8440380096,"dvar":95.4830627441,"dvar2":209.344238281,"max":130.513946533,"mean":33.5828285217,"median":32.0550994873,"min":1.1200504303,"var":281.330505371},"dissonance":{"dmean":0.0129706021398,"dmean2":0.0216698795557,"dvar":0.000196175460587,"dvar2":0.000507614109665,"max":0.500000059605,"mean":0.472533613443,"median":0.478782117367,"min":0.286546170712,"var":0.000627365894616},"dynamic_complexity":3.75540971756,"erbbands":{"dmean":[0.0331329293549,0.521823525429,1.05349183083,1.6072832346,3.42603898048,5.0294585228,2.32818293571,3.43668174744,6.10518741608,5.74778223038,10.3411607742,13.5976343155,7.52090024948,7.62209653854,12.0746297836,23.5086860657,8.04209136963,5.26035785675,4.38201713562,5.61239385605,9.84446525574,9.6849899292,6.55186319351,6.18630456924,11.194185257,10.5211315155,7.77885627747,7.65449237823,4.74391412735,3.76980733871,3.67266964912,2.21368813515,1.89865422249,0.963875770569,0.521076261997,0.182549387217,0.0534906834364,0.0148821342736,0.00059464504011,0.0000168431106431],"dmean2":[0.0581561662257,0.910349309444,1.78460037708,2.68308377266,5.7428894043,8.16011810303,3.58997988701,5.46108913422,9.68841171265,9.13652992249,16.3807563782,22.5730991364,11.9026021957,12.6917734146,20.4760189056,39.9315338135,13.1067295074,8.69046974182,7.25913858414,9.11109542847,16.3443584442,15.9104318619,10.6017980576,9.73335361481,17.8032817841,17.1544647217,11.9293355942,11.7270345688,7.22639322281,5.67020893097,5.52617359161,3.41838359833,2.89630389214,1.45472860336,0.735439777374,0.262226104736,0.0787507221103,0.0220325067639,0.000879037426785,0.000024803701308],"dvar":[0.00654743611813,0.737040817738,2.33012056351,10.5888051987,34.5608673096,95.5914993286,23.7262897491,39.9856262207,165.776519775,245.565505981,513.903320313,991.74621582,300.397033691,236.518264771,893.755126953,2675.6237793,440.886352539,276.901245117,114.114151001,190.554489136,659.165771484,1420.74145508,146.477233887,244.537689209,1092.60766602,2378.05419922,1038.92529297,335.208007813,72.7786102295,40.938457489,43.0629959106,15.047000885,9.01078128815,3.6368188858,2.29370045662,0.228900492191,0.0291661433876,0.0065827742219,0.0000113057503768,3.38079009232e-9],"dvar2":[0.0183955337852,2.07837939262,7.00841236115,29.6552124023,94.9694061279,257.437561035,55.2882499695,102.020462036,420.979980469,561.652160645,1216.2401123,2555.56884766,742.284179688,613.207824707,2462.91333008,7425.51904297,985.758117676,678.850830078,285.219177246,446.558227539,1757.02612305,3946.87011719,359.274505615,500.187347412,2467.91430664,5877.54443359,2192.39111328,684.674621582,150.173660278,84.0864105225,93.1089553833,34.2977905273,19.9662399292,8.23790073395,4.47831487656,0.529448032379,0.0706323608756,0.0148482918739,0.0000257818337559,7.62875451699e-9],"max":[1.24725580215,11.5480575562,19.6528282166,47.7481880188,101.480812073,154.72366333,141.624710083,116.021560669,243.604797363,383.179260254,568.082519531,1003.29931641,487.67868042,396.99810791,1109.75598145,1207.55419922,918.587646484,722.573303223,258.40322876,348.906188965,726.398498535,1610.97924805,258.431732178,589.154052734,947.090332031,2749.20361328,1101.28955078,751.833618164,315.051116943,207.37789917,249.611740112,135.396072388,50.1551361084,39.5980415344,45.0609741211,10.5493249893,4.34020137787,2.73588252068,0.100562438369,0.00158712058328],"mean":[0.0439980849624,0.723679065704,2.51661205292,3.59101819992,6.25430011749,8.70506000519,5.2708902359,6.97851514816,12.6801681519,11.2137346268,19.1858520508,24.3122024536,16.5195598602,15.7024145126,24.0460720062,42.7700042725,16.5360031128,10.6361980438,7.42375421524,9.74070930481,18.4767570496,18.6242332458,15.6308832169,14.6711168289,25.5257740021,18.9196014404,13.5477218628,11.9085006714,8.91797733307,8.10846996307,6.00940179825,4.64910888672,4.07104682922,1.7266099453,0.890862226486,0.282757401466,0.0625405013561,0.0174557752907,0.000699761149008,0.000038942827814],"median":[0.0187700018287,0.453089624643,2.02702474594,2.25488638878,3.46662282944,4.33721208572,2.4278755188,3.9790892601,5.09459638596,2.93206262589,5.87372636795,7.98994445801,7.42823934555,7.6364979744,9.38198184967,14.0432987213,5.53929710388,4.02508687973,2.69828891754,3.80294251442,6.36875391006,5.41388511658,8.29354000092,5.17383480072,9.73885440826,7.24478960037,4.69724702835,5.10477828979,4.92362880707,4.99449586868,3.38507461548,2.9029147625,2.53643894196,0.827311813831,0.327994316816,0.103574506938,0.0181474145502,0.00184364919551,0.0000654608520563,0.0000235213556152],"min":[9.26937463516e-22,9.08977466025e-21,6.45333291313e-20,1.11918493306e-19,2.64099666886e-19,4.21932396905e-19,2.58725371049e-19,4.85500425648e-19,4.35239432365e-19,2.10845236212e-19,8.89689307275e-19,8.61135342723e-19,2.00143628397e-18,1.43626709499e-18,4.38775019438e-18,4.37411122685e-18,3.33311869481e-18,7.46877670532e-18,5.70042502872e-18,8.59810158022e-18,1.41025046561e-17,4.88551729492e-18,6.80418299166e-18,1.02088720414e-17,1.31580728461e-17,1.36002116368e-17,3.03694067943e-17,1.84354553757e-17,1.97324663043e-17,1.7633971956e-17,1.25267032553e-17,1.08538628153e-17,1.60034550393e-17,1.50361070175e-17,9.58444911342e-18,5.03657412325e-18,3.41282478466e-18,1.16561359857e-18,3.38522140573e-19,3.92945946139e-20],"var":[0.00607129000127,0.838502407074,4.69031238556,17.8838539124,62.714679718,170.288375854,90.563583374,101.657699585,458.676513672,743.570922852,1477.8638916,2667.12329102,1067.07531738,589.635620117,2259.56762695,7070.48828125,1471.7923584,738.158630371,232.484680176,440.465698242,1628.27746582,2128.78417969,500.178222656,970.976623535,4204.38769531,3062.48608398,2072.44897461,729.331787109,203.339950562,123.703529358,80.9684677124,35.227897644,22.1185398102,6.55640077591,4.1796541214,0.324961274862,0.0293070487678,0.00800631381571,0.0000135894297273,4.71292427306e-9]},"erbbands_crest":{"dmean":2.0905020237,"dmean2":3.47322821617,"dvar":4.26063776016,"dvar2":11.5971364975,"max":27.5822181702,"mean":7.3414721489,"median":6.55526018143,"min":2.39165616035,"var":10.3971366882},"erbbands_flatness_db":{"dmean":0.0132516920567,"dmean2":0.0193722508848,"dvar":0.000176135959919,"dvar2":0.000351735128788,"max":0.299068391323,"mean":0.12473988533,"median":0.120110675693,"min":0.0300206430256,"var":0.001165417023},"erbbands_kurtosis":{"dmean":0.800097763538,"dmean2":1.26218903065,"dvar":3.75085234642,"dvar2":9.48871326447,"max":57.6143569946,"mean":0.18591915071,"median":-0.479076296091,"min":-1.81965732574,"var":7.78313541412},"erbbands_skewness":{"dmean":0.321257799864,"dmean2":0.484601140022,"dvar":0.114414282143,"dvar2":0.247972875834,"max":2.55052924156,"mean":0.0776536613703,"median":0.16075655818,"min":-5.49533605576,"var":0.625766336918},"erbbands_spread":{"dmean":9.55116558075,"dmean2":14.5130310059,"dvar":94.1961288452,"dvar2":207.001266479,"max":141.39654541,"mean":53.7901992798,"median":50.8728065491,"min":3.88884401321,"var":459.959320068},"gfcc":{"cov":[[10466.15625,28.9351100922,-998.483886719,-538.375244141,-726.734802246,34.197429657,-201.27734375,152.557647705,-435.391479492,-92.6428833008,-146.325714111,-15.5016050339,-66.6661453247],[28.9351100922,1332.87426758,-292.841278076,-355.485198975,-100.727684021,-33.9162559509,5.01894569397,-35.7166976929,61.31590271,-175.404281616,142.108032227,-112.1121521,54.0464477539],[-998.483886719,-292.841278076,630.611083984,229.635223389,131.85256958,42.9861679077,1.46316587925,-22.5018062592,38.2798614502,83.1543197632,-50.4268608093,80.8488464355,-3.91795754433],[-538.375244141,-355.485198975,229.635223389,456.957122803,168.796951294,37.3787307739,-15.9365329742,10.5432062149,12.9619550705,64.7619934082,-23.7561836243,-0.05625564605,34.0565910339],[-726.734802246,-100.727684021,131.85256958,168.796951294,280.682647705,-13.0282649994,-23.1740837097,9.76755142212,35.4723091125,47.5428886414,-31.4240474701,-8.60124969482,35.8663711548],[34.197429657,-33.9162559509,42.9861679077,37.3787307739,-13.0282649994,139.286010742,31.9990444183,15.7576255798,-18.5615615845,-20.0465393066,13.1941461563,-1.85393321514,-0.911041140556],[-201.27734375,5.01894569397,1.46316587925,-15.9365329742,-23.1740837097,31.9990444183,136.040756226,6.01333904266,17.7745933533,-13.7877664566,17.4666900635,24.3403491974,-28.266336441],[152.557647705,-35.7166976929,-22.5018062592,10.5432062149,9.76755142212,15.7576255798,6.01333904266,89.5265731812,1.84866702557,12.271985054,-0.746208906174,-6.8008055687,9.8606338501],[-435.391479492,61.31590271,38.2798614502,12.9619550705,35.4723091125,-18.5615615845,17.7745933533,1.84866702557,96.5783996582,19.7842330933,17.2762851715,1.59646964073,-7.02955675125],[-92.6428833008,-175.404281616,83.1543197632,64.7619934082,47.5428886414,-20.0465393066,-13.7877664566,12.271985054,19.7842330933,112.912269592,-20.1756687164,21.2061405182,7.43263244629],[-146.325714111,142.108032227,-50.4268608093,-23.7561836243,-31.4240474701,13.1941461563,17.4666900635,-0.746208906174,17.2762851715,-20.1756687164,93.5049743652,-4.14660406113,14.3488540649],[-15.5016050339,-112.1121521,80.8488464355,-0.05625564605,-8.60124969482,-1.85393321514,24.3403491974,-6.8008055687,1.59646964073,21.2061405182,-4.14660406113,82.0702056885,-3.95295476913],[-66.6661453247,54.0464477539,-3.91795754433,34.0565910339,35.8663711548,-0.911041140556,-28.266336441,9.8606338501,-7.02955675125,7.43263244629,14.3488540649,-3.95295476913,80.0086517334]],"icov":[[0.000183822776307,-0.0000917074648896,0.000274819234619,-0.0000778278845246,0.000366688269423,-0.000136224829475,0.000337982986821,-0.000342903716955,0.000562368251849,-0.000215654828935,0.000429416308179,-0.000377021962777,0.000231243815506],[-0.0000917074648896,0.00185325951315,-0.000336237397278,0.00135204440448,-0.000268133560894,0.00044301035814,-0.000404880003771,0.000767425983213,-0.00167787494138,0.0020079256501,-0.00172355293762,0.0023452732712,-0.00194163492415],[0.000274819234619,-0.000336237397278,0.00315117835999,-0.0011861944804,0.00000897782410902,-0.00147377885878,0.00105617381632,0.000327629619278,-0.0000658030985505,-0.00121164158918,0.00179606082384,-0.00337550160475,0.0010451975977],[-0.0000778278845246,0.00135204440448,-0.0011861944804,0.00442415382713,-0.00167299096938,-0.0004784539924,-0.000434384157415,0.000539579195902,-0.000760954222642,0.000382622965844,-0.00143419275992,0.00273331883363,-0.00210503395647],[0.000366688269423,-0.000268133560894,0.00000897782410902,-0.00167299096938,0.00630708690733,0.000352490664227,0.000603748369031,-0.000934924231842,-0.000730014464352,-0.000927396176849,0.00273133837618,0.000413300673245,-0.00174298766069],[-0.000136224829475,0.00044301035814,-0.00147377885878,-0.0004784539924,0.000352490664227,0.00951422937214,-0.00260415836237,-0.00157669151668,0.00181755900849,0.00224859500304,-0.00221522944048,0.00216724700294,-0.00060150079662],[0.000337982986821,-0.000404880003771,0.00105617381632,-0.000434384157415,0.000603748369031,-0.00260415836237,0.0105057423934,-0.00160739815328,-0.000881108164322,0.000569098512642,-0.000354723597411,-0.00472484529018,0.00410102121532],[-0.000342903716955,0.000767425983213,0.000327629619278,0.000539579195902,-0.000934924231842,-0.00157669151668,-0.00160739815328,0.0132309608161,-0.00208357837982,-0.00111945299432,-0.000415106740547,0.00227912771516,-0.00270714308135],[0.000562368251849,-0.00167787494138,-0.0000658030985505,-0.000760954222642,-0.000730014464352,0.00181755900849,-0.000881108164322,-0.00208357837982,0.0164111983031,-0.00416743895039,-0.00179812964052,-0.00119406403974,0.00430865725502],[-0.000215654828935,0.0020079256501,-0.00121164158918,0.000382622965844,-0.000927396176849,0.00224859500304,0.000569098512642,-0.00111945299432,-0.00416743895039,0.0143082365394,-0.000440589501522,-0.000175550449057,-0.00260291201994],[0.000429416308179,-0.00172355293762,0.00179606082384,-0.00143419275992,0.00273133837618,-0.00221522944048,-0.000354723597411,-0.000415106740547,-0.00179812964052,-0.000440589501522,0.0163454879075,-0.00287244678475,-0.00229367474094],[-0.000377021962777,0.0023452732712,-0.00337550160475,0.00273331883363,0.000413300673245,0.00216724700294,-0.00472484529018,0.00227912771516,-0.00119406403974,-0.000175550449057,-0.00287244678475,0.0200614500791,-0.00392018072307],[0.000231243815506,-0.00194163492415,0.0010451975977,-0.00210503395647,-0.00174298766069,-0.00060150079662,0.00410102121532,-0.00270714308135,0.00430865725502,-0.00260291201994,-0.00229367474094,-0.00392018072307,0.0183451566845]],"mean":[-6.25559568405,67.2747192383,-102.597808838,49.1692390442,-69.171295166,25.2052116394,-36.8217658997,14.7098073959,-30.1483268738,-2.70236873627,-15.7744808197,0.201746731997,-13.86120224]},"hfc":{"dmean":6.06387090683,"dmean2":8.72862625122,"dvar":117.299118042,"dvar2":238.692886353,"max":344.735412598,"mean":19.9930057526,"median":13.0355329514,"min":1.19972052583e-16,"var":517.463562012},"melbands":{"dmean":[0.00043759480468,0.000603850057814,0.000295550329611,0.000320527615258,0.00010923625814,0.0000803856019047,0.0000910781891434,0.0000673561298754,0.0000835261889733,0.0000834777019918,0.0000368067230738,0.0000309821516566,0.000036655805161,0.000071284644946,0.000032621610444,0.0000124333819258,0.0000110091341412,0.00000675708042763,0.00000766190169088,0.00000970690871327,0.000013674458387,0.0000121198308989,0.00000760574494052,0.00000484618249175,0.00000535930530532,0.00000920196089282,0.00000805411218607,0.00000705045795257,0.00000500610394738,0.000004740568329,0.00000500668147652,0.00000309569281853,0.00000217075898945,0.00000239470364249,0.00000224225391321,0.00000169683107742,0.00000146665865941,0.00000160052445608,0.00000108944232124,7.55761561777e-7],"dmean2":[0.000765450997278,0.0010371588869,0.000494246603921,0.000529732671566,0.000169869570527,0.000126141967485,0.000144609919516,0.000107052859676,0.000132324668812,0.000139208554174,0.0000584346998949,0.0000517081607541,0.0000625927568763,0.000119883516163,0.0000546025803487,0.000019989654902,0.0000183193624252,0.0000112258721856,0.0000124361567941,0.0000157574249897,0.0000229084907915,0.0000202160244953,0.0000122122110042,0.00000786216605775,0.00000857010309119,0.0000145830290421,0.0000131532424348,0.0000116203900689,0.00000777677632868,0.00000727027600078,0.00000783131235949,0.00000481641291117,0.00000334016795023,0.00000366227391169,0.00000341793474945,0.00000257005831372,0.00000233962873608,0.00000252315567195,0.00000162747699051,0.00000120166316719],"dvar":[7.33286242394e-7,8.11995505501e-7,3.43270500025e-7,3.25790239231e-7,4.57479067961e-8,2.10860928718e-8,4.00498159081e-8,3.08111189895e-8,3.03738652008e-8,3.79893911884e-8,7.16411197033e-9,4.0445593541e-9,6.55032028618e-9,2.58057966107e-8,4.49262049784e-9,1.07152209328e-9,1.31083754962e-9,2.79329587238e-10,4.18713397288e-10,6.05552219479e-10,1.45448630917e-9,2.76615130801e-9,3.35614508407e-10,7.61186044751e-11,1.93245378033e-10,7.92422572005e-10,6.23505747033e-10,1.23720200751e-9,4.43052178278e-10,3.27031624003e-10,1.01439613653e-10,2.96495189511e-11,1.96704093985e-11,1.81583446196e-11,1.60699197005e-11,9.54416146809e-12,7.648662953e-12,6.73861747652e-12,8.88155347878e-12,2.5091187808e-12],"dvar2":[0.00000203957893063,0.00000240623330683,9.53880089583e-7,8.82696667759e-7,1.11410550119e-7,5.23791001683e-8,1.01296841137e-7,6.99237503454e-8,7.08365064384e-8,9.86126593716e-8,1.76146617292e-8,1.04794608546e-8,1.83264194931e-8,6.97126978366e-8,1.1305730574e-8,2.30942465151e-9,3.27739924089e-9,7.00986324542e-10,9.57480095209e-10,1.3408191224e-9,4.02912725406e-9,7.86190312851e-9,7.98520249923e-10,1.82074424981e-10,4.07431199889e-10,1.69635616665e-9,1.5216718996e-9,3.09226422246e-9,9.28700782943e-10,7.39059813348e-10,2.23607771188e-10,6.63791382971e-11,4.05690168959e-11,3.99091176773e-11,3.43702913352e-11,2.08976742161e-11,1.90502995323e-11,1.58822694579e-11,1.95694745131e-11,6.03268346736e-12],"max":[0.0121298534796,0.0120663167909,0.0102929063141,0.00848331581801,0.00439808657393,0.00282753398642,0.00420364225283,0.00416721682996,0.00449946988374,0.00637960014865,0.00243810471147,0.00169522804208,0.00246141944081,0.00361432065256,0.00255864835344,0.00120781641454,0.00165316683706,0.00047141421237,0.000686230661813,0.00115256593563,0.00129465840291,0.00238078506663,0.000527878233697,0.000182165036676,0.000541282526683,0.001005539787,0.0010817659786,0.00192733004224,0.000755163957365,0.000692430417985,0.000417090574047,0.000184369157068,0.000177860594704,0.000120132273878,0.000140788106364,0.000125622187625,0.0000683547259541,0.0000421084587288,0.0000667877611704,0.0000358862926078],"mean":[0.000581836036872,0.00126087409444,0.000682137382682,0.000570466218051,0.000235932995565,0.000164626981132,0.000190950842807,0.000129945081426,0.000156297261128,0.000145370562677,0.0000768938552937,0.0000593971017224,0.0000671350280754,0.000128108935314,0.00006291448517,0.0000230173063756,0.0000203048493859,0.0000104817281681,0.0000118025072879,0.0000165026431205,0.000023744891223,0.0000207242355827,0.0000161367006513,0.0000109179527499,0.0000109791135401,0.0000201574366656,0.0000156161731866,0.0000115997836474,0.00000823598384159,0.00000781238668424,0.00000686578277964,0.0000050097996791,0.00000473498539577,0.00000471612429465,0.00000371747887584,0.00000257939950643,0.00000306170909425,0.00000336547259394,0.00000180220388302,0.00000128467661398],"median":[0.000321521103615,0.000987698906101,0.000505008501932,0.000320818595355,0.000105498867924,0.0000926530556171,0.0000736704969313,0.0000313730452035,0.0000500828427903,0.0000455952904304,0.0000334822398145,0.00002763952034,0.0000276073351415,0.0000381236277462,0.0000224626855925,0.00000701084672983,0.00000660434534439,0.00000350593086296,0.00000420676133217,0.00000589129649597,0.00000749593618821,0.00000525386985828,0.00000636697450318,0.00000600863131694,0.00000317858780363,0.00000645981117486,0.00000670674990033,0.00000383704582418,0.00000246783133662,0.00000252726977124,0.00000264705636255,0.00000257063766185,0.00000236398432207,0.000002653844831,0.00000191341200662,0.00000142105761824,0.00000177130584689,0.00000207122070606,8.3552720298e-7,5.78716537802e-7],"min":[8.99968650506e-24,2.57156995738e-23,2.26924832401e-23,2.82939100045e-23,9.7487919761e-24,1.02540778963e-23,6.18778983624e-24,2.98973096318e-24,6.6807604544e-24,5.37602672122e-24,9.98022404417e-24,4.80492495243e-24,1.44688339174e-23,1.16845974729e-23,9.28367564207e-24,6.54077353689e-24,1.56173854187e-23,8.54631946536e-24,9.25599687949e-24,1.6253543363e-23,1.53730688855e-23,4.68745488617e-24,4.9669147783e-24,6.81586077303e-24,7.93177867639e-24,9.92017358548e-24,9.05150756678e-24,8.76876561885e-24,1.66973060212e-23,1.94031178588e-23,8.01373659127e-24,1.1657108037e-23,9.56462766461e-24,1.0334573263e-23,7.16389200491e-24,6.64078729461e-24,6.2783865669e-24,1.03524606841e-23,1.41622510152e-23,1.20991620224e-23],"var":[7.51555205625e-7,0.00000128270528421,4.92438459787e-7,5.33424099558e-7,1.57819755486e-7,5.89448809762e-8,1.14102839177e-7,9.86700001704e-8,9.23811285247e-8,1.00737260311e-7,2.49098786043e-8,9.27820842378e-9,1.52339882931e-8,7.58298241976e-8,1.38663098781e-8,3.17365111968e-9,3.35569749765e-9,5.21496401618e-10,8.5990331522e-10,1.65305935607e-9,2.89443380375e-9,3.13583359279e-9,1.16790122018e-9,2.24268673077e-10,6.17338069553e-10,3.65305385941e-9,1.22172794104e-9,1.48816292622e-9,8.69368022016e-10,5.98085858616e-10,1.88228252429e-10,6.58580551205e-11,6.42036424026e-11,4.71043273831e-11,3.42139927501e-11,1.64403039793e-11,1.64510401829e-11,1.63082828492e-11,1.21308223883e-11,4.30856132022e-12]},"melbands_crest":{"dmean":2.68864011765,"dmean2":4.51256895065,"dvar":6.54867458344,"dvar2":18.1465415955,"max":32.3752937317,"mean":13.473742485,"median":13.0526943207,"min":2.38492512703,"var":22.4007568359},"melbands_flatness_db":{"dmean":0.0247343312949,"dmean2":0.0379269532859,"dvar":0.000647158594802,"dvar2":0.00146370078437,"max":0.450397223234,"mean":0.168274968863,"median":0.156406745315,"min":0.00839681085199,"var":0.00360434851609},"melbands_kurtosis":{"dmean":8.76630592346,"dmean2":14.3179626465,"dvar":489.165466309,"dvar2":1302.52282715,"max":633.378356934,"mean":18.342956543,"median":9.50350379944,"min":-1.91025483608,"var":930.558349609},"melbands_skewness":{"dmean":0.75264441967,"dmean2":1.19784903526,"dvar":0.944754600525,"dvar2":2.29733657837,"max":19.9502944946,"mean":3.19379258156,"median":2.76391267776,"min":-2.11920070648,"var":3.84909629822},"melbands_spread":{"dmean":9.86964321136,"dmean2":15.2290239334,"dvar":231.369445801,"dvar2":490.066162109,"max":253.548080444,"mean":31.6175270081,"median":26.3147773743,"min":0.656502842903,"var":817.565551758},"mfcc":{"cov":[[8404.26367188,421.284515381,-747.190246582,-629.361083984,-540.596740723,-382.884765625,48.0520744324,-36.5785293579,-52.7371253967,-266.796936035,-209.332641602,106.870033264,9.96385860443],[421.284515381,1162.81433105,-99.0549697876,-311.66116333,-104.651763916,-148.247924805,-40.5796051025,36.0944519043,-60.8415184021,-45.1331634521,-27.8617134094,41.0424804688,-5.8473033905],[-747.190246582,-99.0549697876,438.17767334,110.539756775,49.9354019165,107.176338196,-3.46911692619,33.0324630737,-4.13935613632,11.1041002274,32.7094154358,-22.5466651917,-33.358833313],[-629.361083984,-311.66116333,110.539756775,375.615692139,186.38168335,97.454536438,0.824547290802,-33.314037323,54.0548744202,62.9367790222,6.14604854584,-42.8671836853,-2.51799440384],[-540.596740723,-104.651763916,49.9354019165,186.38168335,287.856262207,57.5537147522,3.78138208389,-46.6554336548,49.4280586243,57.8686408997,-20.3897457123,-37.0944137573,-1.25877189636],[-382.884765625,-148.247924805,107.176338196,97.454536438,57.5537147522,145.202865601,17.6125602722,16.074005127,12.5878019333,15.6903514862,22.2098789215,-13.5724153519,-15.0238571167],[48.0520744324,-40.5796051025,-3.46911692619,0.824547290802,3.78138208389,17.6125602722,107.041366577,34.2813491821,5.40437602997,1.74715697765,-9.96329689026,6.77682447433,4.02075147629],[-36.5785293579,36.0944519043,33.0324630737,-33.314037323,-46.6554336548,16.074005127,34.2813491821,120.052383423,-6.3827085495,-18.2651100159,19.8467159271,19.484380722,3.82348299026],[-52.7371253967,-60.8415184021,-4.13935613632,54.0548744202,49.4280586243,12.5878019333,5.40437602997,-6.3827085495,79.6573257446,27.6508522034,-0.952853500843,-1.96065497398,-2.16568660736],[-266.796936035,-45.1331634521,11.1041002274,62.9367790222,57.8686408997,15.6903514862,1.74715697765,-18.2651100159,27.6508522034,75.743522644,14.6046075821,-11.6852493286,6.59093093872],[-209.332641602,-27.8617134094,32.7094154358,6.14604854584,-20.3897457123,22.2098789215,-9.96329689026,19.8467159271,-0.952853500843,14.6046075821,81.2553710938,18.8598423004,2.3994538784],[106.870033264,41.0424804688,-22.5466651917,-42.8671836853,-37.0944137573,-13.5724153519,6.77682447433,19.484380722,-1.96065497398,-11.6852493286,18.8598423004,70.8698806763,21.7194366455],[9.96385860443,-5.8473033905,-33.358833313,-2.51799440384,-1.25877189636,-15.0238571167,4.02075147629,3.82348299026,-2.16568660736,6.59093093872,2.3994538784,21.7194366455,66.739692688]],"icov":[[0.000183061463758,0.0000180329334398,0.000192579464056,0.0000707890503691,0.000227459502639,0.000143871540786,-0.00010467798711,0.000126028622617,-0.000175615859916,0.000372719106963,0.000324843480485,-0.000118933850899,0.0000934615309234],[0.0000180329334398,0.00125140685122,-0.0000372498579964,0.000962098594755,-0.000426032318501,0.000802614726126,0.000558797328267,-0.000571254000533,0.000499595305882,-0.000361759361112,0.000464032636955,-0.000464767799713,0.000482838280732],[0.000192579464056,-0.0000372498579964,0.00326692732051,-0.000526397256181,0.000124634592794,-0.00151392398402,0.000382976460969,-0.000767469755374,0.000597255013417,0.000395060633309,-0.000254772079643,0.000185769749805,0.00119256449398],[0.0000707890503691,0.000962098594755,-0.000526397256181,0.00564137706533,-0.00226823030971,-0.00116288778372,0.000525009410921,0.000173541004187,-0.00107932649553,-0.00119575089775,0.0000536615407327,0.00100614235271,-0.0005689773825],[0.000227459502639,-0.000426032318501,0.000124634592794,-0.00226823030971,0.0065370388329,-0.00110712251626,-0.000500198511872,0.00157702132128,-0.00176684127655,-0.00159607594833,0.00218815822154,0.000644533603918,-0.000468843645649],[0.000143871540786,0.000802614726126,-0.00151392398402,-0.00116288778372,-0.00110712251626,0.0112006189302,-0.00150745920837,-0.00124958972447,0.000133045818075,0.00068172760075,-0.00212208786979,0.000308227259666,0.00182414322626],[-0.00010467798711,0.000558797328267,0.000382976460969,0.000525009410921,-0.000500198511872,-0.00150745920837,0.011565967463,-0.00402387417853,0.000137208073284,-0.00193677295465,0.00309413694777,-0.00141751696356,0.00000655734766042],[0.000126028622617,-0.000571254000533,-0.000767469755374,0.000173541004187,0.00157702132128,-0.00124958972447,-0.00402387417853,0.0116887483746,-0.00117744761519,0.00292691891082,-0.00251183332875,-0.000783484021667,-0.00110667978879],[-0.000175615859916,0.000499595305882,0.000597255013417,-0.00107932649553,-0.00176684127655,0.000133045818075,0.000137208073284,-0.00117744761519,0.0163753796369,-0.00521239964291,0.00101093866397,-0.00241987616755,0.0021809109021],[0.000372719106963,-0.000361759361112,0.000395060633309,-0.00119575089775,-0.00159607594833,0.00068172760075,-0.00193677295465,0.00292691891082,-0.00521239964291,0.0207459088415,-0.00524138147011,0.00330642936751,-0.00296813528985],[0.000324843480485,0.000464032636955,-0.000254772079643,0.0000536615407327,0.00218815822154,-0.00212208786979,0.00309413694777,-0.00251183332875,0.00101093866397,-0.00524138147011,0.017737602815,-0.00557145988569,0.0011137581896],[-0.000118933850899,-0.000464767799713,0.000185769749805,0.00100614235271,0.000644533603918,0.000308227259666,-0.00141751696356,-0.000783484021667,-0.00241987616755,0.00330642936751,-0.00557145988569,0.019882587716,-0.00635556038469],[0.0000934615309234,0.000482838280732,0.00119256449398,-0.0005689773825,-0.000468843645649,0.00182414322626,0.00000655734766042,-0.00110667978879,0.0021809109021,-0.00296813528985,0.0011137581896,-0.00635556038469,0.0184435248375]],"mean":[-646.57598877,89.1270065308,23.5958137512,24.8831920624,2.55284285545,5.48276138306,6.35142946243,11.6936817169,-1.51500415802,-0.194501191378,-3.81399011612,1.60966169834,1.05881857872]},"pitch_salience":{"dmean":0.0648528262973,"dmean2":0.10742585361,"dvar":0.00388473714702,"dvar2":0.0101692825556,"max":0.975120663643,"mean":0.540359079838,"median":0.546683192253,"min":0.0613116025925,"var":0.0100862644613},"silence_rate_20dB":{"dmean":0,"dmean2":0,"dvar":0,"dvar2":0,"max":1,"mean":1,"median":1,"min":1,"var":0},"silence_rate_30dB":{"dmean":0,"dmean2":0,"dvar":0,"dvar2":0,"max":1,"mean":1,"median":1,"min":1,"var":0},"silence_rate_60dB":{"dmean":0.0161534585059,"dmean2":0.0323109924793,"dvar":0.0158911831677,"dvar2":0.0370724126697,"max":1,"mean":0.0768454223871,"median":0,"min":0,"var":0.0709533542395},"spectral_centroid":{"dmean":304.774230957,"dmean2":454.44052124,"dvar":122396.421875,"dvar2":244961.1875,"max":11055.4541016,"mean":1726.33837891,"median":1679.92700195,"min":277.570343018,"var":630218.3125},"spectral_complexity":{"dmean":3.15825343132,"dmean2":5.06449556351,"dvar":19.4410381317,"dvar2":44.8799705505,"max":58,"mean":17.1501579285,"median":15,"min":0,"var":111.843269348},"spectral_contrast_coeffs":{"dmean":[0.0479158833623,0.0402847528458,0.0340828746557,0.0267605781555,0.0212533902377,0.0198579709977],"dmean2":[0.0803539380431,0.0669347420335,0.0568126440048,0.0448292754591,0.0345881469548,0.0308963935822],"dvar":[0.00152039597742,0.00108570593875,0.000788115139585,0.000447934435215,0.000312686315738,0.000319258775562],"dvar2":[0.00422823149711,0.00289344834164,0.00211327313446,0.00122797640506,0.000779591267928,0.000724956043996],"max":[-0.356436342001,-0.485681712627,-0.549888670444,-0.59472733736,-0.572748720646,-0.576912581921],"mean":[-0.644972503185,-0.732620000839,-0.767832279205,-0.783505141735,-0.780537128448,-0.765225887299],"median":[-0.645291745663,-0.736643671989,-0.77123516798,-0.785311877728,-0.783433377743,-0.76743721962],"min":[-0.986886143684,-0.966070473194,-0.976642370224,-0.974787831306,-0.968505203724,-0.959723711014],"var":[0.00508472882211,0.00466199452057,0.00396721810102,0.00190017558634,0.00175941165071,0.00140056584496]},"spectral_contrast_valleys":{"dmean":[0.397294849157,0.347812116146,0.292635351419,0.286946952343,0.273478001356,0.30194914341],"dmean2":[0.671695291996,0.57197290659,0.473597735167,0.444727838039,0.382668524981,0.408677875996],"dvar":[0.132618397474,0.148157283664,0.107613481581,0.126892134547,0.11831753701,0.124178603292],"dvar2":[0.283391475677,0.281115829945,0.186939910054,0.208330914378,0.17383775115,0.19335475564],"max":[-5.63486146927,-4.94799518585,-5.42354726791,-5.83560752869,-5.49831628799,-7.60180664063],"mean":[-7.37152910233,-7.2514872551,-7.56566047668,-8.18716526031,-7.67908477783,-9.68835544586],"median":[-7.18854141235,-7.04717302322,-7.28959989548,-8.0411605835,-7.5352640152,-9.50009632111],"min":[-26.9662437439,-27.3863830566,-27.3066558838,-27.3824462891,-27.2240829468,-27.2208976746],"var":[1.01756501198,1.40245342255,1.68230628967,1.09922909737,1.10563600063,1.18568634987]},"spectral_decrease":{"dmean":1.12757592152e-9,"dmean2":1.89983917487e-9,"dvar":2.15013606114e-18,"dvar2":6.1540442592e-18,"max":4.60862216221e-29,"mean":-4.1463485978e-9,"median":-3.39622729939e-9,"min":-2.32237002962e-8,"var":9.65473630443e-18},"spectral_energy":{"dmean":0.00458840932697,"dmean2":0.00764749059454,"dvar":0.0000357449898729,"dvar2":0.0000998672912829,"max":0.097724892199,"mean":0.0174626857042,"median":0.0141332168132,"min":1.07078780711e-20,"var":0.000177163921762},"spectral_energyband_high":{"dmean":0.000642955768853,"dmean2":0.000905651715584,"dvar":0.00000196410428543,"dvar2":0.00000358128045264,"max":0.0546179153025,"mean":0.00139873323496,"median":0.000853999867104,"min":7.81059719628e-21,"var":0.00000535430854143},"spectral_energyband_low":{"dmean":0.00267652585171,"dmean2":0.00464181927964,"dvar":0.0000167020807567,"dvar2":0.0000494510750286,"max":0.0588406473398,"mean":0.00571990013123,"median":0.00443497719243,"min":1.21239199486e-22,"var":0.0000269014872174},"spectral_energyband_middle_high":{"dmean":0.00118360912893,"dmean2":0.00190650112927,"dvar":0.00000475934075439,"dvar2":0.0000122133078548,"max":0.0433656424284,"mean":0.00402363296598,"median":0.00207263091579,"min":1.42946018696e-21,"var":0.0000293521170533},"spectral_energyband_middle_low":{"dmean":0.00230533746071,"dmean2":0.00371570372954,"dvar":0.0000122960473163,"dvar2":0.0000321533952956,"max":0.0582304857671,"mean":0.00703602191061,"median":0.00490952748805,"min":3.19709219502e-22,"var":0.0000434800895164},"spectral_entropy":{"dmean":0.142531022429,"dmean2":0.197669953108,"dvar":0.0194329787046,"dvar2":0.0356063507497,"max":9.79630374908,"mean":7.82679033279,"median":7.87501907349,"min":6.10292291641,"var":0.10767993331},"spectral_flux":{"dmean":0.0138741396368,"dmean2":0.0217768345028,"dvar":0.000262054731138,"dvar2":0.000565787078813,"max":0.251393944025,"mean":0.0611743591726,"median":0.0547067858279,"min":1.03478878244e-10,"var":0.00117701932322},"spectral_kurtosis":{"dmean":0.67412263155,"dmean2":1.08039307594,"dvar":0.615793585777,"dvar2":1.54187309742,"max":16.8942489624,"mean":2.1148018837,"median":1.88674294949,"min":-1.18166661263,"var":2.1480038166},"spectral_rms":{"dmean":0.000523729308043,"dmean2":0.000859286636114,"dvar":3.43490540899e-7,"dvar2":9.37120546496e-7,"max":0.00976428948343,"mean":0.00381492753513,"median":0.00371328764595,"min":3.23213721412e-12,"var":0.00000248307856054},"spectral_rolloff":{"dmean":911.815979004,"dmean2":1505.15734863,"dvar":1856048.25,"dvar2":4090212.25,"max":18970.7519531,"mean":2150.69189453,"median":1313.52539063,"min":86.1328125,"var":4086859},"spectral_skewness":{"dmean":0.154219850898,"dmean2":0.228812605143,"dvar":0.0239834468812,"dvar2":0.0496824085712,"max":3.03686547279,"mean":1.19401073456,"median":1.17244708538,"min":0.00581732485443,"var":0.102815762162},"spectral_spread":{"dmean":527547.9375,"dmean2":764488.625,"dvar":353944240128,"dvar2":651093344256,"max":40196236,"mean":5862064,"median":5773794.5,"min":2027872.875,"var":1673044164610},"spectral_strongpeak":{"dmean":0.38965511322,"dmean2":0.685200989246,"dvar":0.960882365704,"dvar2":2.7830862999,"max":16.5394210815,"mean":0.618180632591,"median":0.302987486124,"min":0,"var":1.14101755619},"zerocrossingrate":{"dmean":0.0160374268889,"dmean2":0.0183736849576,"dvar":0.000324508844642,"dvar2":0.00040554133011,"max":0.5048828125,"mean":0.0882276445627,"median":0.08251953125,"min":0.00439453125,"var":0.00212075095624}},"metadata":{"audio_properties":{"analysis_sample_rate":44100,"bit_rate":192027,"codec":"mp3","downmix":"mix","equal_loudness":0,"length":183.980407715,"lossless":false,"md5_encoded":"aa28188c50f06930033074bb5c562cff","replay_gain":-2.78071212769,"sample_rate":44100},"tags":{"acoustid_fingerprint":["AQADtFGmhJGSSEkEtkcvaFEZfBrIBH-C5g_Kk-AmIdaDpmLAMNk84Tx-ofGHWiVyRkeZI63IIefQseghPvBFgp1WfIyR2MiPHz-8H31maNNyiMpHnD0uQT9-QnSDnoc2LYeoMkV-fDPyH_6Lv8KRZLyPXKqRXPjwC82Z4_iOvFGQRGbyJHBOPLRgHT-8Hj-SHflx5rhzPI-CWIWO6J1Q8Wi8I3KMZLnQLfhxC19U8PnQ44uRKjr0SAsqCvlx7FOyHA-PSmYzBBt34T36QTJnPDRCP2i4OnhoTDz8G2Xj4B1-5MPRTHqgHX3R4MOPK4GiKMkRcunx7eiTH_3w9jgbabho4ifCHyLHfFh9hBW-SMePpox6hHKIkjy0LEN-HX-Y4CLxHc2P4kM3SYF_JPuR_9g7B436BF30oE5aZB_65NB76N_xpQxyc-gFyiOHfnEifNiHK0duH1ruBH0exNY0PEcT6witjHh6_JCPH7VOlB-u40qg4z_CMGJQrui2o6la-EmPs8ej4amyCSW-s7B64URI_MKjHRpVpNl0vBN89EfeNYG6MROeo4H2h4jFXegFZzfKBveGoxISHikbouYazKQJp8e_4cXJE3fxHyXhqPvQdsOX4-uRTH8QZszR7mjGHDtTXD9-WOPxYpyP5kcpp8J3XEeC8PiDimdx8UHPoNl5nHg-4flwOsqOyD_6HSIjJWi5HL_wpziF9CFyXqh2oYkkEnqOfOgPH7-Q9sJ_fIZGtviPU0F_TNGLa9CSKfB_VM7xZgL9Org5XM1xolx4uC8enuhbHHUigYm0bDuuo0ezLA92iTL-NLgOLTmuPMJ5oTny4Tly4x4URRpRK4tRLsyDcwPzGD8J9WGDbyL-Fzmq7bCLL2AuvNHRtEGyNZkRu2guSZi6XMWHH6XQJPGRH4pk-GCOH_uhHuEWLbg2_PjQ5B9xHc-q4w-FSZIJnwmO_lJxkTeS_8gPRtuLz8GPmjruI3-QPJsm4gnOoTJtbJoe-Hh4XOSN6O3Q5EMuHr_xiWgi7biOMOUhPRPypcWFfUlQ0Yadot6PC5-O5g-6LceVB6VECn6WoD-O-fjTIIMrPTg_NFMP7USO98HH9HAk8bh0XEATt4c7hOSh68fzRQifJdgu_Ah1Ibn2oPlRqkJboRl-_Bt2hznySjT0RByaMUR44dpVPDnyCA1HGXqVdIj2nDhuNJuLP3jRUD16HbkoQQ8jI1fweeinC02qYdcuXEPDMT_6jbiOJxX6Hs3O4BmP-KnxQ2t6-BfkHw3zE0f0oF-K5g-eBSdCigp-JBOOZ0pF4mWSodcGV6KFfvlwXC5xfcOvBXpjDz_6Y3uZwEXlA3kOrYF_nIeYxwh19IcvHdMZnAjpB80XaD-a9EN-4RbuTOg7Dt7RJ_iPMVl4nDfCHwkPVoX3BNdnFF-EPmOO7A-SJtbRP_h6TD2O60g_9EqgC_9RUzHCH8cf4VfxrBqmK5LQ8HiOZ9GRH8lJ4j6u5OB4oV-Oxz8u1FpMlHtA3UN1YWWOUjb8pRXa45GPMI-Mvkb-eujRUDkqHWHk44euREW-Ft01_IOfC30YHY8t9EJTZVGRjyqe-uh7-EffB