{"lowlevel":{"average_loudness":0.7951618433,"barkbands":{"dmean":[8.23502261937e-7,0.000314601609716,0.000659424171317,0.000353460462065,0.000586825015489,0.00186145910993,0.00146453012712,0.001077597728,0.000533777405508,0.000253649050137,0.000189324768144,0.000198369918508,0.000211618287722,0.000158877359354,0.000122691082652,0.0000896440542419,0.000123641308164,0.0000538018430234,0.000130627900944,0.0000160648833116,0.00000760803277444,0.00000669890368954,0.00000559030195291,0.00000421656113758,0.00000249117920248,5.83828182243e-7,8.03931072824e-8],"dmean2":[0.00000141473867643,0.000478664296679,0.00101432320662,0.000584476918448,0.000927892455366,0.00279963691719,0.00213460624218,0.00150121108163,0.000751145591494,0.000405019702157,0.00030226923991,0.000299414241454,0.000302696949802,0.00021623034263,0.000171595223946,0.000119644922961,0.000167408128618,0.0000770863698563,0.000181938667083,0.0000238410357269,0.0000107097739601,0.00000933406317927,0.00000781920334703,0.00000601617966822,0.0000034982458601,8.62858939854e-7,1.14690031694e-7],"dvar":[5.17962842755e-12,4.76376044389e-7,0.00000306097331304,3.43906094713e-7,7.57460611567e-7,0.00000995918708213,0.00000953576454776,0.00000789032219473,0.00000231124863603,2.99369560253e-7,1.9852478772e-7,3.03075523789e-7,5.87396584706e-7,2.66034930974e-7,1.7197787372e-7,9.72182974124e-8,7.66293482002e-8,1.23205694535e-8,1.49459353338e-7,4.68783145635e-9,3.68587216304e-10,4.4438067115e-10,5.43524503183e-10,4.15232154216e-10,1.33531907753e-10,5.10059746175e-12,8.25475348883e-14],"dvar2":[1.33017277748e-11,9.68997483142e-7,0.00000638112032902,9.95116693048e-7,0.00000189439924725,0.0000216558601096,0.000018782717234,0.0000136937242132,0.00000405001492254,7.48531988393e-7,4.78071854104e-7,6.58586486679e-7,0.0000011831187976,4.54253353155e-7,3.53244701046e-7,1.66043705008e-7,1.40367802715e-7,2.52513974175e-8,3.27962254687e-7,1.1713939152e-8,6.29456486934e-10,8.11168243686e-10,8.65732818767e-10,8.18676459957e-10,2.5284613292e-10,9.30023853069e-12,1.67305093932e-13],"max":[0.0000701726603438,0.0210165344179,0.0288505479693,0.0075063672848,0.0164642520249,0.0626272186637,0.0641128346324,0.0467778742313,0.0450420677662,0.0151169598103,0.0099819758907,0.0122007671744,0.0223910640925,0.0105127319694,0.00862082187086,0.0137303499505,0.00574976671487,0.00229683960788,0.0101458122954,0.00299710198306,0.000635445991065,0.000625275599305,0.00114186061546,0.000637675460894,0.000436533999164,0.0000589695046074,0.00000956757412496],"mean":[8.23655000204e-7,0.000485627359012,0.000887534639332,0.000608973496128,0.00127409980632,0.0045210281387,0.00302642816678,0.00228224508464,0.00115732604172,0.000488220364787,0.00030368816806,0.000312586082146,0.000354719581082,0.000354220654117,0.000238389548031,0.000229438126553,0.000320558698149,0.000125553415273,0.000281256681774,0.0000275577440334,0.0000151541753439,0.0000122133606055,0.0000102661733763,0.00000644373449177,0.00000407746802011,0.00000101966963939,1.85426358712e-7],"median":[2.10456050809e-7,0.000114674665383,0.000333398027578,0.000315109035,0.000784544914495,0.00191633508075,0.000835807179101,0.000310211733449,0.000279727246379,0.000122642348288,0.0000747248341213,0.000058319314121,0.0000445432087872,0.0000216426760744,0.0000194469612325,0.0000161009193107,0.0000334053875122,0.0000258068539551,0.0000320546641888,0.00000741271605875,0.0000042377846512,0.00000336144080393,0.00000275137949757,0.00000152324082592,8.71993563578e-7,1.73794788338e-7,6.1883106639e-8],"min":[5.78160841298e-25,7.53902435599e-25,1.45581252805e-24,2.10750353806e-25,7.53837453181e-24,8.92557460073e-24,1.05770241402e-23,1.22118586914e-23,1.18248687748e-23,1.47848153084e-23,1.21188196473e-23,2.2323769653e-23,2.19790358597e-23,4.55430100294e-23,4.53948051534e-23,3.45224212351e-23,7.66048562455e-23,9.26268358007e-23,1.09983643738e-22,1.70531381408e-22,2.42288870407e-22,3.30821985115e-22,3.37825933994e-22,6.31376096738e-22,8.19298364875e-22,1.3270404445e-21,1.89016505303e-21],"var":[5.27814033799e-12,0.00000111398560421,0.00000449874050901,6.70482506848e-7,0.00000246665376835,0.0000476907152915,0.0000357756325684,0.0000311633521051,0.0000108081376311,9.28238478082e-7,4.05146693083e-7,6.12484200246e-7,0.00000141402040299,0.00000115698753689,5.42682471405e-7,4.97007874856e-7,3.84923453112e-7,4.48290897737e-8,3.57468479706e-7,7.25766735599e-9,1.13990172856e-9,1.08553177558e-9,1.69646485748e-9,8.72013072861e-10,2.78388423425e-10,1.13607222588e-11,1.65058274665e-13]},"barkbands_crest":{"dmean":2.5908870697,"dmean2":4.08552026749,"dvar":5.13662910461,"dvar2":12.4122257233,"max":26.9169902802,"mean":11.266875267,"median":10.6034965515,"min":2.62559843063,"var":17.2869586945},"barkbands_flatness_db":{"dmean":0.0198604334146,"dmean2":0.0292347315699,"dvar":0.000518572400324,"dvar2":0.000986002618447,"max":1,"mean":0.199058547616,"median":0.197641789913,"min":0.0436090193689,"var":0.00240902556106},"barkbands_kurtosis":{"dmean":3.74217820168,"dmean2":5.97692918777,"dvar":356.054504395,"dvar2":1010.65844727,"max":1135.41711426,"mean":7.37960577011,"median":4.63423728943,"min":-1.83909380436,"var":317.547088623},"barkbands_skewness":{"dmean":0.51549333334,"dmean2":0.786402881145,"dvar":0.416978299618,"dvar2":0.93035286665,"max":28.5173797607,"mean":1.70082116127,"median":1.6178560257,"min":-2.23982954025,"var":1.53166937828},"barkbands_spread":{"dmean":2.63393807411,"dmean2":3.8806886673,"dvar":14.1545276642,"dvar2":25.9298629761,"max":65.9092407227,"mean":10.233048439,"median":7.98853158951,"min":0.00306498631835,"var":64.8763046265},"dissonance":{"dmean":0.0284117646515,"dmean2":0.0466086938977,"dvar":0.000718274503015,"dvar2":0.00194163934793,"max":0.49989053607,"mean":0.425735890865,"median":0.433597356081,"min":0,"var":0.00217037647963},"dynamic_complexity":4.56677293777,"erbbands":{"dmean":[0.00246840948239,0.10082142055,0.71258610487,0.799902558327,1.49269294739,2.15815496445,5.63674211502,19.1867961884,21.2534942627,21.4414768219,19.6285152435,13.226937294,7.98217248917,8.79850292206,5.05638742447,8.72811317444,9.51265335083,7.77694940567,6.47281455994,4.64449930191,4.7312297821,6.67517137527,2.39065027237,6.75802898407,3.92459154129,0.713758707047,0.344528406858,0.293855726719,0.24174760282,0.202019318938,0.154053166509,0.11329677701,0.0571452975273,0.0314429663122,0.0164306480438,0.00427032308653,0.000823002541438,0.000135562630021,0.0000159852788784,0.00000528070859218],"dmean2":[0.00395288690925,0.152640014887,1.08204948902,1.30572962761,2.4638543129,3.39429330826,8.78097629547,28.5799026489,30.4281520844,30.3881778717,27.4848537445,18.559715271,12.2443161011,14.3087491989,7.63457202911,12.911564827,13.1188259125,9.96974182129,8.46669483185,6.23926496506,6.06301927567,9.00575065613,3.34897470474,9.32116127014,5.53970050812,1.02839195728,0.497402787209,0.412930190563,0.341486930847,0.283279508352,0.213363006711,0.161651074886,0.0823308452964,0.0456116758287,0.0222743283957,0.00604672776535,0.00123857951257,0.000203105795663,0.0000226719148486,0.00000736494075682],"dvar":[0.0000325584624079,0.0518868342042,3.67497062683,1.47875714302,7.64395332336,11.5566940308,87.7424468994,1177.87145996,2040.83496094,3168.41748047,3082.37695313,1552.35546875,455.411590576,296.694763184,141.897644043,575.791564941,1328.62255859,614.336425781,567.296813965,239.216293335,191.891387939,249.403915405,26.2716579437,364.792938232,200.923309326,7.28150749207,0.765787363052,0.622165322304,0.578074157238,0.562121748924,0.427820771933,0.312405616045,0.0808285474777,0.0214040763676,0.00603430857882,0.00033298190101,0.0000078885932453,2.55940165061e-7,2.76639045005e-9,4.76105960212e-11],"dvar2":[0.0000790542835603,0.101987585425,7.41424226761,3.83607268333,21.3901233673,28.8403892517,216.21206665,2587.71875,3775.00415039,6031.07080078,5592.97460938,2591.05249023,1108.61535645,789.633728027,296.97833252,1230.00952148,2685.44482422,991.998657227,1156.42358398,455.261077881,293.855957031,473.441436768,52.4792861938,793.918029785,439.78112793,16.782705307,1.41337549686,1.1533998251,1.10895955563,1.04823112488,0.637371599674,0.603778660297,0.167988762259,0.0446176789701,0.0108908927068,0.000573075318243,0.00001704362694,5.61000263133e-7,5.68963587355e-9,8.6193656379e-11],"max":[0.160858333111,6.71139287949,37.5808753967,15.2819032669,43.9760093689,79.8399887085,220.604385376,618.087158203,1131.87060547,1090.88537598,1239.54162598,1195.12866211,610.854309082,400.879394531,247.139389038,619.372375488,1215.27490234,624.739135742,578.991882324,452.032104492,649.902893066,363.364898682,175.133987427,588.033996582,552.049743652,103.589660645,22.2015457153,25.5885257721,21.2573833466,21.2832183838,36.9333190918,23.8567695618,10.2600517273,5.16131258011,2.7384660244,0.509263157845,0.0716734454036,0.0161196887493,0.0017639544094,0.0000972733760136],"mean":[0.00403080508113,0.154383376241,0.969294905663,1.4550075531,2.66752338409,4.5584654808,13.3819541931,44.4403305054,49.3132095337,48.0236282349,42.7480659485,30.0180034637,17.6250133514,15.6434669495,9.53420257568,14.7147789001,17.0172691345,18.3440361023,14.506362915,12.2902154922,14.5646181107,17.7166690826,6.65959692001,15.9074087143,8.09374523163,1.38877677917,0.686163723469,0.576676249504,0.44591575861,0.348127841949,0.281509637833,0.177682638168,0.0841224491596,0.0491848103702,0.0267264321446,0.00721160788089,0.00142219511326,0.00025431465474,0.000041401872295,0.0000217512024392],"median":[0.00111768953502,0.0439317375422,0.365400105715,0.916074573994,1.41814482212,2.53297376633,6.76734972,17.8339176178,13.1589775085,11.6650381088,7.23231601715,7.91064739227,4.43047142029,4.6186914444,2.94683718681,2.89251899719,2.43649816513,1.58977305889,1.14819359779,0.87095117569,1.17242920399,1.93451321125,1.43645095825,2.19703507423,1.01640820503,0.40051433444,0.209249690175,0.154625862837,0.122674964368,0.0978667065501,0.0745054706931,0.0390922278166,0.0210461802781,0.0112098725513,0.00497555918992,0.00126404454932,0.00026522972621,0.0000573885045014,0.0000171786632563,0.0000136912049129],"min":[5.00303380037e-23,4.42130056894e-22,2.25975343007e-21,3.70394797364e-21,1.05265203374e-20,2.01109417338e-20,5.28559041016e-20,8.27556527367e-20,1.44035874389e-19,2.12243765984e-19,2.66690680908e-19,2.67121176718e-19,5.21754717921e-19,7.38886216596e-19,1.10342553973e-18,1.50584218689e-18,1.4239789134e-18,2.32941918711e-18,2.35578184682e-18,2.85256501602e-18,3.66285087816e-18,5.14419611121e-18,6.06382160184e-18,6.27716264875e-18,8.57048615547e-18,8.66411803773e-18,9.14576214736e-18,1.02812048501e-17,1.04829666092e-17,1.18839830922e-17,8.91046814058e-18,1.04902474529e-17,1.11904823112e-17,8.47812564982e-18,5.66364444279e-18,4.41400532061e-18,2.28822766055e-18,9.75260107668e-19,2.38128134356e-19,2.83751804492e-20],"var":[0.0000548730349692,0.116023778915,5.85990428925,2.76186418533,12.2502403259,38.5457992554,422.429992676,4919.60107422,9459.63378906,13223.5224609,10909.8710938,7576.05419922,1644.14038086,670.07019043,369.331756592,1241.04467773,3224.24291992,2734.94482422,2055.14135742,1363.47595215,1422.4744873,1206.16113281,116.537818909,1048.49902344,420.613067627,13.154458046,2.25250244141,1.73417770863,1.38015961647,1.36473691463,1.43315339088,0.700778961182,0.151793584228,0.0408112294972,0.0127185070887,0.000795722240582,0.000014799764358,4.37714106738e-7,5.83779158347e-9,3.99670962992e-10]},"erbbands_crest":{"dmean":3.00501656532,"dmean2":4.74778366089,"dvar":7.52351808548,"dvar2":17.5694675446,"max":35.7713775635,"mean":12.1632347107,"median":11.2003364563,"min":2.21177220345,"var":22.9477157593},"erbbands_flatness_db":{"dmean":0.018129710108,"dmean2":0.0264119207859,"dvar":0.000308701622998,"dvar2":0.000606714223977,"max":0.389893144369,"mean":0.225449427962,"median":0.229194611311,"min":0.0300769228488,"var":0.00193435535766},"erbbands_kurtosis":{"dmean":1.90446174145,"dmean2":2.97481203079,"dvar":41.7888755798,"dvar2":84.6812133789,"max":319.894378662,"mean":3.05699086189,"median":1.44585239887,"min":-1.79697668552,"var":66.6177825928},"erbbands_skewness":{"dmean":0.41317653656,"dmean2":0.622211456299,"dvar":0.241130754352,"dvar2":0.500541865826,"max":16.6364841461,"mean":1.11714196205,"median":1.08771300316,"min":-5.50630378723,"var":1.02054786682},"erbbands_spread":{"dmean":5.00240039825,"dmean2":7.57566022873,"dvar":38.4999809265,"dvar2":85.1496582031,"max":113.380760193,"mean":23.3874263763,"median":20.6775283813,"min":1.09120321274,"var":179.130157471},"gfcc":{"cov":[[25125.3496094,1704.6673584,-3892.37133789,235.05368042,-861.240722656,-437.571380615,-910.240966797,450.682800293,-362.101196289,-151.938308716,-123.498809814,-91.0235137939,-452.651855469],[1704.6673584,989.209472656,-72.5609817505,-143.323791504,-79.306022644,-37.4745292664,-9.04666900635,-87.3340911865,42.1929397583,-82.8480377197,47.2374954224,-0.521043896675,19.6559467316],[-3892.37133789,-72.5609817505,1040.81066895,99.4126358032,27.4870433807,127.528022766,146.107284546,-86.1164627075,34.3843650818,25.7971382141,65.9903793335,51.325504303,100.542480469],[235.05368042,-143.323791504,99.4126358032,415.664215088,69.7518615723,-12.1493301392,-94.8315887451,-26.669713974,16.699262619,1.06980144978,-40.203956604,19.2758789063,58.0875549316],[-861.240722656,-79.306022644,27.4870433807,69.7518615723,377.251708984,-52.3549957275,-62.5711326599,23.3214263916,91.1657333374,69.2481536865,-32.7106819153,35.0707435608,23.7959747314],[-437.571380615,-37.4745292664,127.528022766,-12.1493301392,-52.3549957275,269.620178223,147.42225647,-34.2322235107,-17.9963817596,31.447971344,12.2492218018,-59.2809295654,0.328477531672],[-910.240966797,-9.04666900635,146.107284546,-94.8315887451,-62.5711326599,147.42225647,283.670074463,66.4100418091,-21.6723041534,-30.0721893311,31.1339321136,-16.9258270264,-22.2654953003],[450.682800293,-87.3340911865,-86.1164627075,-26.669713974,23.3214263916,-34.2322235107,66.4100418091,206.51210022,-11.0798683167,-19.4873352051,22.8156242371,40.9794578552,-40.3574714661],[-362.101196289,42.1929397583,34.3843650818,16.699262619,91.1657333374,-17.9963817596,-21.6723041534,-11.0798683167,131.278884888,60.7224159241,-5.71495437622,-18.1042976379,-0.984835863113],[-151.938308716,-82.8480377197,25.7971382141,1.06980144978,69.2481536865,31.447971344,-30.0721893311,-19.4873352051,60.7224159241,146.160064697,6.6363863945,-29.498008728,-26.2069892883],[-123.498809814,47.2374954224,65.9903793335,-40.203956604,-32.7106819153,12.2492218018,31.1339321136,22.8156242371,-5.71495437622,6.6363863945,126.946594238,34.0337600708,-25.1525440216],[-91.0235137939,-0.521043896675,51.325504303,19.2758789063,35.0707435608,-59.2809295654,-16.9258270264,40.9794578552,-18.1042976379,-29.498008728,34.0337600708,100.92325592,24.9945774078],[-452.651855469,19.6559467316,100.542480469,58.0875549316,23.7959747314,0.328477531672,-22.2654953003,-40.3574714661,-0.984835863113,-26.2069892883,-25.1525440216,24.9945774078,117.674659729]],"icov":[[0.00051244487986,-0.00120290589985,0.00158811325673,-0.00117640197277,0.00125530257355,-0.000837228028104,0.0014114867663,-0.00166787405033,0.00115981092677,-0.00126758194529,0.000580756517593,-0.000707679137122,0.000841331027914],[-0.00120290589985,0.00419702427462,-0.00354272522964,0.00323769426905,-0.00276908976957,0.00198698602617,-0.00327187310904,0.00470687216148,-0.00394042208791,0.00421769404784,-0.00207005348057,0.00156277755741,-0.0022179542575],[0.00158811325673,-0.00354272522964,0.00643861293793,-0.00402352260426,0.00391475809738,-0.00266623077914,0.00311013776809,-0.00408197054639,0.00304051442072,-0.00434497511014,0.00104007846676,-0.00330384541303,0.00157175818458],[-0.00117640197277,0.00323769426905,-0.00402352260426,0.00591978617013,-0.00306052225642,0.00108263944276,-0.00158397806808,0.00355787295848,-0.00332802184857,0.00385168660432,-0.000741495634429,0.00128710991703,-0.00261600920931],[0.00125530257355,-0.00276908976957,0.00391475809738,-0.00306052225642,0.00709123676643,-0.00206530187279,0.00373911601491,-0.00461120251566,0.000402503850637,-0.00452299136668,0.00285764224827,-0.00408328743652,0.00162919214927],[-0.000837228028104,0.00198698602617,-0.00266623077914,0.00108263944276,-0.00206530187279,0.00908748526126,-0.00680813705549,0.00428471621126,0.000408172694733,-0.000688720727339,-0.00216456875205,0.00489529781044,-0.0028876257129],[0.0014114867663,-0.00327187310904,0.00311013776809,-0.00158397806808,0.00373911601491,-0.00680813705549,0.0122187640518,-0.0080602709204,0.00227841525339,-0.000425051985076,0.00164807017427,-0.00111893564463,0.00342539674602],[-0.00166787405033,0.00470687216148,-0.00408197054639,0.00355787295848,-0.00461120251566,0.00428471621126,-0.0080602709204,0.013656526804,-0.00428735325113,0.00456126965582,-0.00240847351961,-0.00132539565675,-0.000644829706289],[0.00115981092677,-0.00394042208791,0.00304051442072,-0.00332802184857,0.000402503850637,0.000408172694733,0.00227841525339,-0.00428735325113,0.0154261020944,-0.00771143753082,0.000971574976575,0.00222923466936,0.00118859694339],[-0.00126758194529,0.00421769404784,-0.00434497511014,0.00385168660432,-0.00452299136668,-0.000688720727339,-0.000425051985076,0.00456126965582,-0.00771143753082,0.0156699698418,-0.00318741216324,0.00372326979414,0.000584247522056],[0.000580756517593,-0.00207005348057,0.00104007846676,-0.000741495634429,0.00285764224827,-0.00216456875205,0.00164807017427,-0.00240847351961,0.000971574976575,-0.00318741216324,0.0123315034434,-0.00688165053725,0.0043668858707],[-0.000707679137122,0.00156277755741,-0.00330384541303,0.00128710991703,-0.00408328743652,0.00489529781044,-0.00111893564463,-0.00132539565675,0.00222923466936,0.00372326979414,-0.00688165053725,0.0205633677542,-0.00564077636227],[0.000841331027914,-0.0022179542575,0.00157175818458,-0.00261600920931,0.00162919214927,-0.0028876257129,0.00342539674602,-0.000644829706289,0.00118859694339,0.000584247522056,0.0043668858707,-0.00564077636227,0.0144303711131]],"mean":[-103.204658508,133.315551758,-118.799362183,10.8230829239,-66.313117981,-14.6841850281,-41.6297073364,1.20240151882,-19.0669193268,-7.87412548065,-5.32006406784,-3.34767651558,-13.9237136841]},"hfc":{"dmean":2.68733453751,"dmean2":3.47468495369,"dvar":16.8333816528,"dvar2":26.2987136841,"max":70.2885513306,"mean":11.1303691864,"median":5.40251874924,"min":1.06043654557e-16,"var":152.695541382},"melbands":{"dmean":[0.0000516624058946,0.000286688533379,0.00016172695905,0.000121790966659,0.000171772931935,0.000408780615544,0.000316621502861,0.00023549994512,0.000149183906615,0.0000800180496299,0.0000389532760892,0.0000356214732165,0.0000201073544304,0.0000219320354518,0.0000216634343815,0.0000199305577553,0.0000155928501044,0.0000118141642815,0.00000777875993663,0.0000057772067521,0.00000641690576231,0.00000848858235258,0.00000315203396895,0.0000022613519377,0.00000626723294772,0.00000446244075647,0.00000119458957215,3.32220537302e-7,2.3508212621e-7,1.7942734587e-7,1.79656368005e-7,1.45451878097e-7,1.25830524667e-7,1.149806792e-7,9.4103896231e-8,8.31520523548e-8,6.61208616748e-8,4.3051048948e-8,3.2637132108e-8,2.59967514182e-8],"dmean2":[0.0000796244639787,0.000434625835624,0.000265600770945,0.000196293316549,0.00026799965417,0.000610439747106,0.000456719193608,0.000331765273586,0.000208385084989,0.000112579844426,0.000060516056692,0.0000579514307901,0.0000312101619784,0.0000329631038767,0.0000311076764774,0.0000272964171018,0.0000205347532756,0.000015664340026,0.000010710657989,0.00000770504993852,0.00000826533687359,0.0000115442990136,0.00000456279303762,0.00000321014840665,0.00000870520761964,0.00000637047696728,0.00000172505929186,4.99304803725e-7,3.51003052401e-7,2.57338371057e-7,2.58080774529e-7,2.11105316339e-7,1.83667225429e-7,1.68523314414e-7,1.34641211957e-7,1.18767438551e-7,9.74384590791e-8,6.29675440678e-8,4.85003113226e-8,3.8326710694e-8],"dvar":[1.25886989721e-8,5.4560098306e-7,6.24341254252e-8,3.64787453577e-8,7.47249444544e-8,5.1174293958e-7,4.1876401724e-7,3.65855868267e-7,1.80607074185e-7,5.27687760155e-8,1.11035385331e-8,4.75782435672e-9,2.21408114065e-9,3.81157772011e-9,5.22158405403e-9,4.85379247905e-9,2.71962674603e-9,2.01987315762e-9,6.62008503571e-10,6.16842299461e-10,3.31806720988e-10,4.22601675876e-10,6.50051887319e-11,2.62659616279e-11,3.37122829652e-10,2.43799841426e-10,3.15042436583e-11,1.39213900824e-12,3.77018349266e-13,2.4010291368e-13,2.24841060483e-13,1.7646772715e-13,2.53123829405e-13,2.13573408091e-13,1.44104468484e-13,1.95666792773e-13,1.16956398451e-13,4.80340966384e-14,2.27212759512e-14,1.50268760922e-14],"dvar2":[2.73744280577e-8,0.00000108249173536,1.68264890021e-7,9.62008428473e-8,1.8451818562e-7,0.00000110763073735,7.8804180248e-7,6.74344505569e-7,3.39713665198e-7,8.65805063199e-8,2.71156146425e-8,1.2610178679e-8,4.90154006272e-9,8.206300528e-9,1.03521271555e-8,9.31585120156e-9,4.53061188566e-9,4.02680866429e-9,1.34421274112e-9,1.15529319444e-9,4.96858776344e-10,7.96443966333e-10,1.38240252578e-10,5.3535866712e-11,7.50932704907e-10,5.50578083125e-10,7.56495907583e-11,3.08800034154e-12,8.05550938454e-13,4.36752142698e-13,4.36723763706e-13,3.48756939127e-13,5.11268870122e-13,4.36890947681e-13,2.359635111e-13,3.09501203962e-13,2.57128059079e-13,1.04046965813e-13,4.67247226153e-14,3.32688656355e-14],"max":[0.00303056649864,0.0161101985723,0.00278322771192,0.00334595539607,0.00639888923615,0.0136993788183,0.0151538113132,0.0123760113493,0.0101606706157,0.00843360088766,0.00296022347175,0.00146722455975,0.00101545872167,0.00161336699966,0.00193828053307,0.00180913473014,0.00121082423721,0.00113302003592,0.000649288354907,0.00117404060438,0.00101611169521,0.000513999781106,0.000342629442457,0.000105115250335,0.000577905622777,0.000549715943635,0.000230455625569,0.0000325391993101,0.000014716350961,0.0000188458379853,0.0000139268977364,0.00000962449121289,0.000016138283172,0.0000158160346473,0.0000172850341187,0.0000283677873085,0.0000124584030345,0.000007351604836,0.00000520719322594,0.00000459941520603],"mean":[0.0000828637930681,0.00040635158075,0.000303250475554,0.000241004512645,0.000418953713961,0.000981818186119,0.00073200132465,0.000525441020727,0.000318088248605,0.000175089036929,0.000081277146819,0.0000615872704657,0.0000341299855791,0.0000348701396433,0.0000372585491277,0.0000355405463779,0.0000337955716532,0.00002417113501,0.000016926211174,0.0000144696405187,0.0000182848452823,0.0000212421509787,0.00000789617843111,0.00000551248376723,0.0000142972694448,0.00000883919983607,0.00000217466163122,5.73955844629e-7,4.34730111465e-7,3.32369381795e-7,3.41507586654e-7,2.6586295121e-7,2.02991415676e-7,1.91080715695e-7,1.68132075373e-7,1.36015060548e-7,9.69804574424e-8,5.93588431741e-8,4.77020982714e-8,3.93742709548e-8],"median":[0.0000200458180188,0.000163646531291,0.000193351239432,0.000149332903675,0.000216187676415,0.000390582717955,0.00019935790624,0.000100578639831,0.0000506389806105,0.0000467159115942,0.0000193787782337,0.0000179909984581,0.00000939618894336,0.00000706760920366,0.00000592791229792,0.0000044440766942,0.00000237899803324,0.00000161662705978,0.00000138628001878,0.00000106203276573,0.00000122957385429,0.00000206138361136,0.00000119419894418,0.00000120910613077,0.00000182300652796,8.55018640777e-7,3.52172691009e-7,1.9399624307e-7,1.30656957253e-7,9.44714315665e-8,8.39854195078e-8,6.66678516836e-8,5.6414144467e-8,4.90761529193e-8,4.35378417762e-8,3.19704867024e-8,1.93935036918e-8,1.33103688071e-8,1.13037277316e-8,7.89718956895e-9],"min":[5.37792067765e-25,1.42775461919e-24,9.26811969945e-25,1.7417812129e-24,2.19287495269e-24,1.97215403799e-24,2.05124187969e-24,2.1181534561e-24,2.06124680533e-24,1.65380123247e-24,2.63607495583e-24,3.00690032357e-24,2.82348030234e-24,2.99691295008e-24,3.61167580339e-24,2.42785196445e-24,3.85439410443e-24,2.78027320727e-24,2.3913622172e-24,2.46259556808e-24,3.67627128419e-24,4.50843749766e-24,3.26755041906e-24,3.48674035196e-24,3.24993909935e-24,4.07941786094e-24,5.06034194189e-24,4.99023311223e-24,4.78781732041e-24,4.68108601765e-24,5.10120375349e-24,5.08492639757e-24,5.356960742e-24,5.44393305123e-24,4.04074829379e-24,4.92903170548e-24,6.74945682861e-24,6.35564208193e-24,6.17507694833e-24,6.93907295781e-24],"var":[2.72684488323e-8,9.33979094953e-7,1.14023599451e-7,8.00448702876e-8,3.76553060732e-7,0.00000238103484662,0.00000190532273336,0.00000162238200119,6.45490501938e-7,2.64954422846e-7,3.77501514492e-8,1.08941735633e-8,5.01836838751e-9,7.70845609566e-9,1.28365762464e-8,1.26635120168e-8,1.07380877523e-8,7.25768511955e-9,2.85427304014e-9,2.23646479114e-9,2.47242759599e-9,1.90321514104e-9,2.53348508839e-10,9.04259514489e-11,9.28162824376e-10,4.7787379609e-10,5.28876803463e-11,2.53101446052e-12,9.17748732912e-13,6.6442435321e-13,5.9984585658e-13,4.53923872231e-13,4.80397947984e-13,4.76882747701e-13,4.41315549642e-13,5.57502720204e-13,2.07925040033e-13,8.23954687573e-14,4.43490865776e-14,2.59600504206e-14]},"melbands_crest":{"dmean":3.163210392,"dmean2":5.01295042038,"dvar":8.19985580444,"dvar2":19.2931575775,"max":40,"mean":14.0005025864,"median":13.1158599854,"min":1.58009779453,"var":28.3068885803},"melbands_flatness_db":{"dmean":0.0226914007217,"dmean2":0.0323630012572,"dvar":0.00064763170667,"dvar2":0.00119386427104,"max":1,"mean":0.26455104351,"median":0.265564143658,"min":0.00331201730296,"var":0.00432499824092},"melbands_kurtosis":{"dmean":7805002.5,"dmean2":15361394,"dvar":178250643252000000,"dvar2":356663292670000000,"max":23578912768,"mean":7678155.5,"median":7.22949886322,"min":-1.91274309158,"var":178129800052000000},"melbands_skewness":{"dmean":33.1344680786,"dmean2":64.7531738281,"dvar":3086838.25,"dvar2":6175733.5,"max":98446.1015625,"mean":33.9413833618,"median":1.89179766178,"min":-1.87871682644,"var":3083730.75},"melbands_spread":{"dmean":3.58140349388,"dmean2":5.27437591553,"dvar":42.3281860352,"dvar2":82.5883865356,"max":164.783203125,"mean":14.0169744492,"median":9.53620529175,"min":1.17117746612e-8,"var":319.791717529},"mfcc":{"cov":[[9375.77246094,832.140075684,-1648.48791504,197.28465271,1.21384620667,-509.619537354,-221.217224121,213.934066772,-163.040145874,37.8562889099,335.062835693,-60.8377876282,-33.8791465759],[832.140075684,1371.19750977,-17.6676158905,-65.9465332031,-22.2298984528,-70.8837280273,-54.7822799683,42.9624786377,-51.6796226501,-46.0091018677,13.6761074066,45.910697937,-0.03560840711],[-1648.48791504,-17.6676158905,856.598571777,6.68911743164,-107.898376465,152.216537476,136.992294312,-12.6607999802,-15.0081748962,-7.73828887939,-103.015846252,39.8607940674,19.2321929932],[197.28465271,-65.9465332031,6.68911743164,384.584411621,197.252792358,-22.4268531799,-124.170585632,5.0975394249,17.2737693787,-38.7028312683,-38.1763038635,-30.1889400482,12.8990564346],[1.21384620667,-22.2298984528,-107.898376465,197.252792358,327.656158447,43.456741333,-138.336639404,-69.1005325317,27.8628978729,-9.23848724365,-14.5623035431,-19.1074428558,16.7282981873],[-509.619537354,-70.8837280273,152.216537476,-22.4268531799,43.456741333,277.18069458,23.9650306702,-95.2144470215,50.7079086304,55.0467605591,-27.540895462,13.0587434769,-17.2194004059],[-221.217224121,-54.7822799683,136.992294312,-124.170585632,-138.336639404,23.9650306702,246.533477783,98.727645874,8.6849899292,12.1847829819,24.8275966644,24.0753498077,17.7111377716],[213.934066772,42.9624786377,-12.6607999802,5.0975394249,-69.1005325317,-95.2144470215,98.727645874,199.220932007,1.91584670544,-23.3298416138,22.4397983551,7.29913902283,17.5024299622],[-163.040145874,-51.6796226501,-15.0081748962,17.2737693787,27.8628978729,50.7079086304,8.6849899292,1.91584670544,143.854751587,34.4004325867,-23.8756847382,-8.83683013916,-7.82607364655],[37.8562889099,-46.0091018677,-7.73828887939,-38.7028312683,-9.23848724365,55.0467605591,12.1847829819,-23.3298416138,34.4004325867,130.641494751,49.9313087463,9.28859424591,-10.4926223755],[335.062835693,13.6761074066,-103.015846252,-38.1763038635,-14.5623035431,-27.540895462,24.8275966644,22.4397983551,-23.8756847382,49.9313087463,164.791900635,47.598361969,0.714557826519],[-60.8377876282,45.910697937,39.8607940674,-30.1889400482,-19.1074428558,13.0587434769,24.0753498077,7.29913902283,-8.83683013916,9.28859424591,47.598361969,108.110870361,31.2335014343],[-33.8791465759,-0.03560840711,19.2321929932,12.8990564346,16.7282981873,-17.2194004059,17.7111377716,17.5024299622,-7.82607364655,-10.4926223755,0.714557826519,31.2335014343,77.8072280884]],"icov":[[0.000212071085116,-0.000135111127747,0.000438975315774,-0.000338183133863,0.000262400513748,0.0000214835636143,-0.000090731336968,-0.0000331650117005,0.000263133551925,-0.00020912293985,-0.0000986695667962,0.0000736469373805,-0.0000141000646181],[-0.000135111127747,0.00089235464111,-0.000356691743946,0.000559848558623,-0.000263319700025,0.0000470988779853,0.000571252079681,-0.000402936246246,-0.0000215403779293,0.00035748881055,0.0000752593477955,-0.000438729854068,0.000186039629625],[0.000438975315774,-0.000356691743946,0.00276972772554,-0.00157952820882,0.00132305896841,-0.000828776450362,-0.0014025287237,0.000384045823012,0.00128267181572,-0.000689104024787,0.00126691465266,-0.000802436436061,-0.000120215430798],[-0.000338183133863,0.000559848558623,-0.00157952820882,0.00551413046196,-0.00307563506067,0.000324805820128,0.0024534764234,-0.00199277605861,-0.000882948399521,0.0010708590271,-0.0000118317275337,0.000608797708992,-0.000236473832047],[0.000262400513748,-0.000263319700025,0.00132305896841,-0.00307563506067,0.00656439876184,-0.00165502191521,0.00150383147411,0.00100230565295,-0.000393968017306,0.000382442231057,-0.000872702687047,0.000877286947798,-0.00238058366813],[0.0000214835636143,0.0000470988779853,-0.000828776450362,0.000324805820128,-0.00165502191521,0.00655629625544,-0.0021068144124,0.0030491722282,-0.00132003892213,-0.00191848736722,0.00116092769895,-0.00144735607319,0.00193969300017],[-0.000090731336968,0.000571252079681,-0.0014025287237,0.0024534764234,0.00150383147411,-0.0021068144124,0.00933774933219,-0.00481756264344,-0.000945156207308,0.000816682353616,-0.00179943535477,0.000982049969025,-0.00229335902259],[-0.0000331650117005,-0.000402936246246,0.000384045823012,-0.00199277605861,0.00100230565295,0.0030491722282,-0.00481756264344,0.00959939137101,-0.00129641732201,0.000755621003918,-0.000466993980808,-0.000180772622116,-0.000334245589329],[0.000263133551925,-0.0000215403779293,0.00128267181572,-0.000882948399521,-0.000393968017306,-0.00132003892213,-0.000945156207308,-0.00129641732201,0.00931822415441,-0.00322013744153,0.0026106715668,-0.000559010950383,0.000946657324675],[-0.00020912293985,0.00035748881055,-0.000689104024787,0.0010708590271,0.000382442231057,-0.00191848736722,0.000816682353616,0.000755621003918,-0.00322013744153,0.0115194600075,-0.00459242844954,0.0011642256286,-0.000156381734996],[-0.0000986695667962,0.0000752593477955,0.00126691465266,-0.0000118317275337,-0.000872702687047,0.00116092769895,-0.00179943535477,-0.000466993980808,0.0026106715668,-0.00459242844954,0.0107647692785,-0.00519757065922,0.00223592040129],[0.0000736469373805,-0.000438729854068,-0.000802436436061,0.000608797708992,0.000877286947798,-0.00144735607319,0.000982049969025,-0.000180772622116,-0.000559010950383,0.0011642256286,-0.00519757065922,0.0139464009553,-0.0060124010779],[-0.0000141000646181,0.000186039629625,-0.000120215430798,-0.000236473832047,-0.00238058366813,0.00193969300017,-0.00229335902259,-0.000334245589329,0.000946657324675,-0.000156381734996,0.00223592040129,-0.0060124010779,0.0169205516577]],"mean":[-734.585449219,164.727264404,-3.7081797123,19.8705940247,-7.26915836334,-15.2347278595,-13.5791130066,-0.088295198977,-15.2419233322,-5.17894601822,-0.297531843185,-1.18309354782,-1.47708320618]},"pitch_salience":{"dmean":0.071554414928,"dmean2":0.11422047019,"dvar":0.00375373498537,"dvar2":0.00928669050336,"max":0.969649195671,"mean":0.604807317257,"median":0.616757333279,"min":0.0000164435132319,"var":0.0120360450819},"silence_rate_20dB":{"dmean":0,"dmean2":0,"dvar":0,"dvar2":0,"max":1,"mean":1,"median":1,"min":1,"var":0},"silence_rate_30dB":{"dmean":0,"dmean2":0,"dvar":0,"dvar2":0,"max":1,"mean":1,"median":1,"min":1,"var":0},"silence_rate_60dB":{"dmean":0.0499834492803,"dmean2":0.0999834463,"dvar":0.0474863871932,"dvar2":0.105884447694,"max":1,"mean":0.153235152364,"median":0,"min":0,"var":0.129753276706},"spectral_centroid":{"dmean":140.395370483,"dmean2":204.190734863,"dvar":80959.171875,"dvar2":155905.890625,"max":11711.7392578,"mean":946.032531738,"median":678.792175293,"min":231.273757935,"var":1643217.5},"spectral_complexity":{"dmean":2.03177762032,"dmean2":3.05048823357,"dvar":4.64358568192,"dvar2":8.47212982178,"max":43,"mean":12.4884986877,"median":11,"min":0,"var":46.7937011719},"spectral_contrast_coeffs":{"dmean":[0.0473405010998,0.0450673699379,0.0357811152935,0.0270345788449,0.0227713137865,0.0143887661397],"dmean2":[0.0793895423412,0.0715556964278,0.0583005584776,0.042842593044,0.034314468503,0.0219617877156],"dvar":[0.00142850121483,0.00141024019103,0.000877695740201,0.000535464554559,0.000493036175612,0.000174146596692],"dvar2":[0.00388055900112,0.003489658935,0.00226281094365,0.00119526591152,0.0009503341862,0.000363072671462],"max":[-0.32896989584,-0.399997532368,-0.405128866434,-0.546433985233,-0.557669043541,-0.657851696014],"mean":[-0.620068490505,-0.664104104042,-0.761013031006,-0.781058847904,-0.775466501713,-0.787550210953],"median":[-0.618019938469,-0.662231385708,-0.763846695423,-0.792957186699,-0.788731575012,-0.788532018661],"min":[-0.975381612778,-0.981406152248,-0.98426926136,-0.993762433529,-0.985782265663,-0.965275228024],"var":[0.00690045580268,0.00815653335303,0.00483185565099,0.00459410715848,0.00620830291882,0.00180811050814]},"spectral_contrast_valleys":{"dmean":[0.440868884325,0.328342527151,0.319501549006,0.28053599596,0.260771721601,0.286593705416],"dmean2":[0.737362325191,0.534980177879,0.513531208038,0.428260803223,0.379360377789,0.384715944529],"dvar":[0.189285695553,0.150515466928,0.150296509266,0.121459625661,0.127002686262,0.14024412632],"dvar2":[0.427188783884,0.315069407225,0.312895178795,0.232484847307,0.224939793348,0.233460202813],"max":[-6.24527597427,-5.09390115738,-5.43749046326,-6.35953521729,-6.25068950653,-8.3946018219],"mean":[-8.41161441803,-7.14497423172,-8.09679031372,-8.86355018616,-8.89538764954,-11.8088788986],"median":[-8.06381511688,-6.72927951813,-7.7503991127,-8.54815387726,-8.53050327301,-11.5234308243],"min":[-28.0571689606,-28.0302734375,-27.7895088196,-27.6679344177,-27.4346733093,-27.3818302155],"var":[5.93743038177,6.84082174301,6.37463331223,6.1340212822,6.01089572906,4.34463453293]},"spectral_decrease":{"dmean":1.10712106149e-9,"dmean2":1.55594326312e-9,"dvar":2.08821187292e-18,"dvar2":3.80520576644e-18,"max":2.11468913453e-28,"mean":-4.32408286954e-9,"median":-2.72306954763e-9,"min":-2.06453716345e-8,"var":1.62178222037e-17},"spectral_energy":{"dmean":0.00438613677397,"dmean2":0.00614257436246,"dvar":0.0000329704125761,"dvar2":0.0000594391713094,"max":0.0815402269363,"mean":0.0173295754939,"median":0.0107836565003,"min":9.98125240955e-21,"var":0.00026285785134},"spectral_energyband_high":{"dmean":0.0000278401785181,"dmean2":0.0000359396108252,"dvar":8.0443811612e-9,"dvar2":1.20556196137e-8,"max":0.00324887712486,"mean":0.000057687433582,"median":0.0000194410840777,"min":7.10697426434e-21,"var":2.56866741211e-8},"spectral_energyband_low":{"dmean":0.000993427122012,"dmean2":0.00151186471339,"dvar":0.00000533632419319,"dvar2":0.0000106576217149,"max":0.0499907210469,"mean":0.00162059499417,"median":0.000826939707622,"min":1.66980917267e-23,"var":0.00000938060020417},"spectral_energyband_middle_high":{"dmean":0.000855991267599,"dmean2":0.00116437650286,"dvar":0.00000200125964511,"dvar2":0.000003509656608,"max":0.0303687602282,"mean":0.00288583594374,"median":0.00117836717982,"min":1.20927928857e-21,"var":0.0000147911077875},"spectral_energyband_middle_low":{"dmean":0.00370849017054,"dmean2":0.00538974022493,"dvar":0.0000241739853664,"dvar2":0.0000472372048534,"max":0.0753435790539,"mean":0.0130918240175,"median":0.00812456011772,"min":1.51313732637e-22,"var":0.000168503145687},"spectral_entropy":{"dmean":0.178972661495,"dmean2":0.262065261602,"dvar":0.0322653055191,"dvar2":0.0624122098088,"max":9.82955265045,"mean":6.91216611862,"median":6.91713142395,"min":4.79089021683,"var":0.312205851078},"spectral_flux":{"dmean":0.0164989233017,"dmean2":0.0264210440218,"dvar":0.00032202861621,"dvar2":0.000798662309535,"max":0.231852203608,"mean":0.0550973489881,"median":0.0488837659359,"min":6.28171126227e-11,"var":0.00117270846386},"spectral_kurtosis":{"dmean":3.7572953701,"dmean2":6.2504491806,"dvar":13.7964906693,"dvar2":37.3454933167,"max":62.1669387817,"mean":10.1127786636,"median":8.71771812439,"min":-1.26525056362,"var":44.4781913757},"spectral_rms":{"dmean":0.000511913502123,"dmean2":0.00070592580596,"dvar":3.15132183459e-7,"dvar2":5.27007443907e-7,"max":0.00891916174442,"mean":0.00363267934881,"median":0.00324355368502,"min":3.12054592236e-12,"var":0.00000371052851733},"spectral_rolloff":{"dmean":203.020187378,"dmean2":329.911590576,"dvar":272668.5,"dvar2":524446.6875,"max":19444.4824219,"mean":1143.45153809,"median":667.529296875,"min":21.533203125,"var":4941790.5},"spectral_skewness":{"dmean":0.369625300169,"dmean2":0.590862870216,"dvar":0.112449392676,"dvar2":0.272774487734,"max":6.53749752045,"mean":2.22809576988,"median":2.1441423893,"min":-0.0693678110838,"var":0.642745435238},"spectral_spread":{"dmean":405450.90625,"dmean2":621222,"dvar":1006654455810,"dvar2":1914645774340,"max":45951440,"mean":3529564.75,"median":2756274.75,"min":1176184.625,"var":21037829849100},"spectral_strongpeak":{"dmean":0.395388394594,"dmean2":0.61387693882,"dvar":0.252656430006,"dvar2":0.580313503742,"max":8.82250595093,"mean":1.13409090042,"median":0.784877836704,"min":0,"var":1.06667947769},"zerocrossingrate":{"dmean":0.00521552562714,"dmean2":0.00619723554701,"dvar":0.0000883235406945,"dvar2":0.0000866653572302,"max":0.5244140625,"mean":0.0395522341132,"median":0.029296875,"min":0,"var":0.00338398199528}},"metadata":{"audio_properties":{"analysis_sample_rate":44100,"bit_rate":0,"codec":"flac","downmix":"mix","equal_loudness":0,"length":140.279998779,"lossless":true,"md5_encoded":"ec1a095f9eb9ee35e9d293e6cafe42e0","replay_gain":-11.5121688843,"sample_rate":44100},"tags":{"acoustid_fingerprint":["AQADtIm0R1GSFCGZBffhUHlgLSGqu_iJkniSHBeVKWiS3PjGIzmfolTcOHDtQ_uR58XNE1eOenMwJfuRT8cvhFeSpnBSHhWTDLMcPMus4G2CZEeYpsS55HiO5yjZNNiqD_3RC0loJcjTo9rwI39w84aWF12WYyeqJ1WGRM8xHacZbGOW4hwew1eKz0mKexYuBbV5UE0wHfdw4mSEUE8-yJqO6kFuPNPhPtiPc0ezw9WNikmGP_jxwmOeIh9z4bqgxQknhFbQPDx6WTi-4ppCPKKTFOULPyPxI_1yPNTh6ElRi4ZKMQ_CfEJPBZ-0oDnq45NS4mKixAHztnB1oV-aIj9KNFyWcoF-MgjTE_2MN8lxCQ_uw4-q42xw4zS2PXh4XByaR0LP40535M6h78KVG_nR8kXz4d0S9C8iJQ5YHd-h5aHhioL2UODDwMGzDz-aEVOjLBNuaOeUovkUVBfRJNG3IUePMM8OHB8LXcVzaDqFdImfCM2Wirge9Mf2o_LxHM-5DFd6NAzagkXyG9EjVOzR6OmC6_iE72i65UevB8eO2oFPSgbDPMV83LKMrpnwhhGOy0ePp3hQMhEphFm2BMklPDnOG2eWUJiyPER_XCS-HM-uZagSBw5JoWkanEf4LEOi5CyeH8-UB1xDC7XzDM3wFn6Pi8gj5Tj2MUrRPDx6EoeyKD8e5sOtEz3CvMOz40d-eD_xJQ9mthLqhoWiTzm-o9kxydeE58bDp9CSJkctBj0NP-iVJNB9fPWEfMxWNNOD8pgz4zwyNsZoPYH2yig55Iky67iH5nlQ-0ePtEqgycsRSXkDf-hHHPmbQHQWxAlTTFoI7_jRvA4uJIy0H1GVxMR14c8TNIwThBx56MmR3clxY2L4wX9R7jx-CmWUimhu44dvyM3xG6eScBFeS0Lz4xMuhTCOZHmR28d1JfiHK0ejNEPlHSfwHBdKPniaK6gWEf2gB-aEUsNTvCemXdHRxDxqZk7QLD9YljnyD8lz1DyoMImO64ng5cLzg8kfnClOoV9g_sGvI8wPPVKPjJMW-Jh5PFFKvDlqtUGYQr9wPjh14UoOTbp2hNFu4ySeG_gn4ce0RPtwveiPHXmPX0iWBxOT42jy5Rl8Ht10HU_yBNwTPMuE_NB7hH_wBv1kRId2-Jh-6NFxHdkye-ijbGimXTg-9EV_In-RjNFSRUIz7_hxitOCXYzx8HjuoM_ROGXx7cAzPNlc9NPh68h7iGGUI8fxCP5xHXWOekSK5MSPR9MPU3xQiTyO54Fzi8gb6GKOH1oehE-W4wuu4dKLxwmSXEeWH1OOC1OSRC96F_yHJyS-4MeVKF7wHn7AH_eRhGZyhN5gJ3lQF89wfYTl6Dj14PmRC8mT6DgiJUmhSdmXBDyFYytz6NHxoyeHfF-IajGl4V4QJDk6Jcv0oZnAZ9GU4LkajIeZE8_yDG_gQzu23Hjb4IfP4jy-B1Wy_YikRYe4C-nRY0-QixIcToO-4Mmh38jyFE9pHFakHGVG40_xeGASY0J4HiJCKju-TA5-K-gvoYmzPDieJLyCL7pQpcHZCc2PN8DTBxH_IvESZkMTyTV6_HGCcyElfHGCMyEmPmh4XM4UvEH0RUjYlnhU4spRJUdz4U6HR0LMHtoczEF57Okh71WI6seU462