{"lowlevel":{"average_loudness":0.901444077492,"barkbands":{"dmean":[0.0000105382832771,0.00187260808889,0.00135267607402,0.00213929079473,0.00202635186724,0.000511418969836,0.00037320292904,0.000418583193095,0.000561042223126,0.0011385793332,0.00110488117207,0.000632102717645,0.000320003426168,0.000332256575348,0.000305082299747,0.000223857496167,0.000178174130269,0.000133766356157,0.000279735249933,0.000222393209697,0.000102422527561,0.0000592430405959,0.0000293046959996,0.0000235185598285,0.0000106998904812,0.00000990456192085,1.47840552245e-7],"dmean2":[0.0000187725563592,0.00276659312658,0.00231964397244,0.00361234834418,0.00337310065515,0.000822904985398,0.000602745567448,0.000678763026372,0.000874409102835,0.00172972609289,0.00169677042868,0.000983410631306,0.000514422776178,0.000527092721313,0.00045703840442,0.000345411186572,0.000277428916888,0.000206379670999,0.000407872605138,0.000335355696734,0.0001549233275,0.0000876219273778,0.0000422702178184,0.0000341789746017,0.0000154993922479,0.0000149886436702,2.534734449e-7],"dvar":[1.55778634436e-9,0.0000209500140045,0.0000107015630419,0.0000169496415765,0.00000960846591624,6.56767554119e-7,5.54147959519e-7,6.54494215269e-7,0.00000202114392778,0.00000690314755047,0.00000966104744293,0.0000060890183704,0.00000228519002121,4.76949196582e-7,5.23182677625e-7,2.73628955938e-7,1.56243089577e-7,7.39061007948e-8,3.21037163076e-7,1.8707416416e-7,3.14326698003e-8,9.89082060698e-9,2.96311397641e-9,2.7431512617e-9,6.9026090399e-10,9.21064502446e-10,1.67220919186e-13],"dvar2":[4.43499326153e-9,0.000044868029363,0.0000293175762636,0.0000453060165455,0.000025297056709,0.00000163189201885,0.00000136482117341,0.00000168061023942,0.00000418968193117,0.0000150272117025,0.0000205714841286,0.0000131678634716,0.0000047932767302,0.0000011724137039,0.00000101069565517,6.12760970853e-7,3.51819835487e-7,1.48178472159e-7,6.02944737693e-7,3.92782538938e-7,6.55434746477e-8,2.19949889413e-8,6.3749867607e-9,6.09856298794e-9,1.50920798081e-9,2.07869210733e-9,4.51006880496e-13],"max":[0.00103680451866,0.0647065043449,0.0389163531363,0.070679500699,0.0373782888055,0.011687008664,0.0184900909662,0.0195419192314,0.0428385511041,0.0497075654566,0.062773309648,0.0640565901995,0.0638540312648,0.0150994854048,0.0219850204885,0.011166151613,0.00701777776703,0.00836267508566,0.015351078473,0.0143470149487,0.00526581006125,0.00244963727891,0.00236090202816,0.000965211424045,0.000501711969264,0.000486260454636,0.00000901159091882],"mean":[0.00000912731957214,0.00226713344455,0.00176465464756,0.00350123504177,0.00479709496722,0.000845715112519,0.000555687351152,0.000626177061349,0.000889924995136,0.00221162918024,0.00248566875234,0.00105704145972,0.000481090100948,0.000555247592274,0.000499907764606,0.000383928098017,0.000311096518999,0.000260365399299,0.000572618970182,0.000462328083813,0.000185864104424,0.0000993799549178,0.0000492945619044,0.0000312129159283,0.0000134212277771,0.0000104745058707,1.39950770972e-7],"median":[0.00000187381033356,0.000306220492348,0.000696012051776,0.00203558662906,0.00347790354863,0.00049356603995,0.000202010705834,0.000240173685597,0.000254802027484,0.000343390885973,0.000233454149566,0.000207229997613,0.000131331180455,0.000191748025827,0.000161143136211,0.000142915552715,0.000138105257065,0.000149746148963,0.000246584124397,0.000227021868341,0.0000991575143416,0.0000444617471658,0.000020256240532,0.00000815148632682,0.0000023225716177,9.12406676434e-7,1.67562177467e-8],"min":[1.36603366626e-14,6.85781252206e-14,1.40018693254e-13,1.38786931166e-13,3.6195647716e-13,1.72196458481e-13,1.5554369587e-13,1.52234046766e-13,7.52737715909e-14,6.64239374767e-14,4.80031189494e-14,3.32019737496e-14,4.2565011574e-14,2.44650931729e-14,3.27886691051e-14,3.15379300908e-14,3.7789893827e-14,1.95734050577e-14,3.57597693048e-14,3.26144412041e-14,8.75057405009e-14,6.64260855522e-14,6.42169084293e-14,1.09015532333e-13,1.4479726012e-13,2.71696293935e-13,3.51261229305e-13],"var":[1.07380726533e-9,0.000030251336284,0.00000918492150959,0.0000235181923927,0.0000255090308201,0.00000111581971396,9.9830367617e-7,0.00000120205038456,0.00000559025647817,0.0000272339766525,0.0000452057211078,0.000017277772713,0.00000364202833225,0.00000101638056549,0.00000131810406856,6.40564223886e-7,3.54729706942e-7,1.88325827821e-7,0.00000103349327674,5.55097358301e-7,7.31483780214e-8,2.33432100316e-8,7.20636661455e-9,3.64458063729e-9,8.63102755932e-10,9.50796663624e-10,1.40495688e-13]},"barkbands_crest":{"dmean":2.60958385468,"dmean2":4.14234161377,"dvar":6.06121969223,"dvar2":14.607629776,"max":26.4957447052,"mean":10.9959917068,"median":10.2719202042,"min":2.62615323067,"var":19.2562522888},"barkbands_flatness_db":{"dmean":0.025324838236,"dmean2":0.0347102507949,"dvar":0.000731421809178,"dvar2":0.00129262718838,"max":0.526539564133,"mean":0.172253191471,"median":0.159946739674,"min":0.0370513014495,"var":0.00398882105947},"barkbands_kurtosis":{"dmean":4.47384214401,"dmean2":6.58348894119,"dvar":380.201385498,"dvar2":676.821411133,"max":912.831115723,"mean":5.98567199707,"median":1.1821372509,"min":-1.86380565166,"var":706.868591309},"barkbands_skewness":{"dmean":0.627065479755,"dmean2":0.922993004322,"dvar":0.76610904932,"dvar2":1.54124593735,"max":24.5182762146,"mean":1.50264239311,"median":1.19294595718,"min":-2.32221746445,"var":2.75335264206},"barkbands_spread":{"dmean":5.21060466766,"dmean2":7.90060472488,"dvar":37.5269889832,"dvar2":85.6798248291,"max":92.2203140259,"mean":19.300786972,"median":18.1671180725,"min":0.210288956761,"var":111.214622498},"dissonance":{"dmean":0.0203491412103,"dmean2":0.0342624895275,"dvar":0.000444958219305,"dvar2":0.00119081512094,"max":0.500000178814,"mean":0.464803189039,"median":0.472471654415,"min":0.230431139469,"var":0.000827695475891},"dynamic_complexity":3.91554951668,"erbbands":{"dmean":[0.0247903000563,0.515878796577,1.51748859882,4.32692432404,8.39764404297,5.78246307373,4.49141550064,4.51827430725,4.83396339417,6.77826213837,10.0906152725,13.5314788818,29.1653575897,35.6979637146,37.5618743896,25.3775367737,15.3493051529,13.3700437546,15.1862812042,15.4106998444,8.36157226563,9.13047122955,6.77436208725,10.3374271393,14.445772171,10.0428924561,5.50538349152,2.93872213364,2.32296991348,1.26327848434,0.800912559032,0.531675994396,0.363407552242,0.130768954754,0.0727548822761,0.0612904541194,0.01373616606,0.000763868738431,0.0000261412551481,0.00000851189633977],"dmean2":[0.0322328619659,0.769301116467,2.55777168274,7.33055925369,14.0291013718,9.76584339142,7.53098917007,7.29714870453,7.74611139297,10.9316082001,16.2227859497,20.9826850891,45.048122406,51.1554679871,53.4383010864,38.5878181458,23.2787303925,21.1360301971,22.5612239838,22.978269577,12.4970684052,13.917263031,10.3405103683,15.1237001419,20.7335777283,15.0389156342,8.20794868469,4.41314983368,3.44506645203,1.86055386066,1.1600048542,0.77292495966,0.537963032722,0.191843554378,0.105608917773,0.09346485883,0.0206748619676,0.00115938985255,0.0000402111763833,0.0000124311009131],"dvar":[0.00333222933114,1.58582389355,13.9538955688,67.4714660645,189.277481079,75.4724349976,56.071521759,68.8249435425,71.9661636353,276.196044922,370.9581604,1422.59680176,5530.99951172,7689.02294922,12989.2128906,7777.49267578,2762.43652344,672.371704102,1094.11401367,1277.16137695,344.732391357,416.368743896,177.736465454,488.645233154,930.857177734,348.912689209,96.6650466919,21.8636798859,15.0978126526,5.05543279648,2.73149490356,1.12255120277,0.800065934658,0.0973876193166,0.0353188104928,0.0368036776781,0.00170362798963,0.00000294794585898,4.53703430381e-9,1.24015145375e-10],"dvar2":[0.00549364835024,3.47957777977,37.3792190552,182.082077026,506.373413086,205.597290039,153.403778076,168.717666626,176.790725708,703.077209473,953.170349121,2986.90014648,12566.765625,14364.6826172,23734.7539063,16162.6660156,5298.02539063,1617.80944824,2222.19970703,2728.59741211,734.815368652,896.219665527,339.518249512,910.763000488,1693.55224609,747.60144043,184.882278442,48.6421928406,33.4934082031,11.6402826309,5.92773199081,2.45156788826,1.8307980299,0.211448714137,0.0792202055454,0.084065631032,0.00381304463372,0.00000661347894493,1.15663842948e-8,2.70785477374e-10],"max":[1.04359209538,17.6291980743,41.4255867004,103.054862976,201.416244507,98.9292526245,125.289428711,112.646888733,151.628707886,500.076416016,518.445739746,1347.57067871,1548.34130859,2091.06860352,2558.46069336,2952.03100586,2330.45825195,512.952026367,794.924194336,1030.27111816,608.971679688,457.739440918,498.551391602,696.714538574,1029.6730957,611.590026855,349.697174072,102.779090881,75.7347259521,58.6101951599,84.6755828857,19.6538238525,18.9317951202,5.02899551392,4.01509141922,3.42743182182,0.730334937572,0.0189502034336,0.00189176981803,0.000166176978382],"mean":[0.0342563763261,0.622391223907,1.92323923111,7.61022806168,17.8414402008,12.5975971222,8.07422065735,6.83916425705,7.08865451813,10.6539916992,15.9355764389,23.2373809814,60.927230835,74.6445465088,80.6728897095,47.3442878723,27.6274394989,24.3869571686,26.637550354,30.0802059174,16.7422389984,17.0115013123,14.0113210678,20.7805233002,30.7194786072,22.6455688477,11.6260929108,5.46538925171,3.8718752861,2.08276128769,1.34118771553,0.777131676674,0.447821348906,0.166928574443,0.0887467414141,0.0635203942657,0.015120876953,0.000933095230721,0.0000401192919526,0.0000312850606861],"median":[0.00366312777624,0.0999006032944,0.871960818768,4.81653213501,12.1561737061,9.05660057068,5.00119113922,3.74852800369,3.43931293488,3.25265669823,6.4413433075,7.33116340637,11.4101305008,13.3876333237,11.6832561493,11.4904594421,9.09733295441,11.1402101517,11.0650043488,10.555644989,8.16047859192,8.29506206512,8.10675430298,10.4933433533,13.3204097748,11.1976070404,6.27251243591,2.90506339073,1.74517095089,0.871258974075,0.558785676956,0.251780986786,0.0979224443436,0.0329277589917,0.0126120448112,0.00509965978563,0.00151164107956,0.000182563642738,0.0000199821261049,0.0000294379242405],"min":[1.54972660139e-12,1.85298807548e-11,1.28008839639e-10,3.66173591448e-10,6.19047035855e-10,1.39112477093e-9,1.74800418584e-9,1.32732502767e-9,2.34502217644e-9,3.35003291774e-9,3.52807827397e-9,2.082045647e-9,2.05632511019e-9,2.01834349234e-9,1.98575422772e-9,1.31238497847e-9,1.64214708498e-9,1.47117451554e-9,1.71527569925e-9,1.4899006473e-9,2.02881400568e-9,1.73543945881e-9,1.23819077213e-9,1.41986555846e-9,2.04242911472e-9,1.48471834827e-9,2.1024202379e-9,4.1156371644e-9,2.7596469554e-9,2.02767691526e-9,1.89527948891e-9,2.43413933454e-9,1.45752399039e-9,1.33939970226e-9,1.15058529371e-9,7.71335884053e-10,5.66512836642e-10,2.6841556755e-10,6.34032409907e-11,3.99162257067e-12],"var":[0.00695619964972,2.19086718559,12.2370738983,90.7567520142,382.417999268,178.47756958,92.8517456055,99.7055511475,115.496208191,562.952819824,716.15826416,4067.52954102,23218.8925781,28511.0351563,55377.4296875,29195.2226563,8134.72167969,1490.53076172,2343.77807617,3861.17211914,844.061706543,955.41607666,500.700775146,1318.96569824,3106.86669922,1235.87963867,307.542358398,56.5369796753,33.9434509277,10.3054132462,6.15146493912,1.90713703632,0.919881224632,0.123404882848,0.0423098132014,0.036962211132,0.0018250803696,0.00000381972631658,4.50268666796e-9,4.31429780789e-10]},"erbbands_crest":{"dmean":2.95937633514,"dmean2":4.66485881805,"dvar":7.70896148682,"dvar2":17.7143249512,"max":32.9220848083,"mean":10.7367973328,"median":8.88929367065,"min":2.66105031967,"var":35.9473876953},"erbbands_flatness_db":{"dmean":0.023998497054,"dmean2":0.0310955755413,"dvar":0.000546987808775,"dvar2":0.000908404763322,"max":0.412182122469,"mean":0.200539603829,"median":0.198075532913,"min":0.0671223104,"var":0.00294377002865},"erbbands_kurtosis":{"dmean":1.11498570442,"dmean2":1.72632968426,"dvar":4.97304201126,"dvar2":10.5516586304,"max":106.928672791,"mean":0.727720499039,"median":-0.28702133894,"min":-1.85139143467,"var":15.5674180984},"erbbands_skewness":{"dmean":0.398549556732,"dmean2":0.610058546066,"dvar":0.180123761296,"dvar2":0.404812723398,"max":8.57990550995,"mean":0.265815019608,"median":0.198356211185,"min":-3.44245648384,"var":0.792330741882},"erbbands_spread":{"dmean":8.46598720551,"dmean2":12.6816301346,"dvar":88.3134002686,"dvar2":192.133972168,"max":155.801040649,"mean":36.493221283,"median":34.6327095032,"min":1.51949739456,"var":343.157043457},"gfcc":{"cov":[[14296.5097656,-2252.29785156,-416.833557129,213.433227539,-1508.74719238,551.846679688,-685.806152344,440.447998047,-498.763793945,81.6859664917,-265.626586914,115.95362854,-301.457336426],[-2252.29785156,1863.42565918,38.2125473022,12.7950601578,567.068664551,-530.321655273,329.78817749,-323.780181885,159.445602417,-210.730880737,95.727142334,-226.922149658,74.6326599121],[-416.833557129,38.2125473022,1020.71557617,192.606582642,125.93132782,208.827774048,-148.314956665,87.1051864624,-5.90537071228,93.4513397217,-88.5398330688,68.65209198,-43.6932563782],[213.433227539,12.7950601578,192.606582642,373.188293457,29.7205924988,2.75154995918,-53.7120666504,-11.7131261826,81.2091140747,-0.398656338453,22.3313465118,3.60469532013,-6.51237392426],[-1508.74719238,567.068664551,125.93132782,29.7205924988,524.540222168,-89.8776779175,155.419311523,-23.4081401825,45.8405647278,-9.56346416473,22.9847202301,-20.4467105865,57.4936294556],[551.846679688,-530.321655273,208.827774048,2.75154995918,-89.8776779175,411.27444458,-41.0948104858,131.928024292,-25.0379676819,90.1942672729,-37.7475814819,87.3234481812,-12.8017606735],[-685.806152344,329.78817749,-148.314956665,-53.7120666504,155.419311523,-41.0948104858,310.468444824,-12.9739151001,29.2214183807,-15.9263973236,65.0428237915,-36.603427887,47.5395278931],[440.447998047,-323.780181885,87.1051864624,-11.7131261826,-23.4081401825,131.928024292,-12.9739151001,242.163726807,19.6493473053,103.047874451,-6.42122745514,53.760799408,-12.0070114136],[-498.763793945,159.445602417,-5.90537071228,81.2091140747,45.8405647278,-25.0379676819,29.2214183807,19.6493473053,240.145706177,52.6401863098,39.9329109192,-16.2251625061,5.24103546143],[81.6859664917,-210.730880737,93.4513397217,-0.398656338453,-9.56346416473,90.1942672729,-15.9263973236,103.047874451,52.6401863098,194.634140015,40.622215271,40.8924102783,-22.6636924744],[-265.626586914,95.727142334,-88.5398330688,22.3313465118,22.9847202301,-37.7475814819,65.0428237915,-6.42122745514,39.9329109192,40.622215271,144.189987183,0.478294968605,6.70490264893],[115.95362854,-226.922149658,68.65209198,3.60469532013,-20.4467105865,87.3234481812,-36.603427887,53.760799408,-16.2251625061,40.8924102783,0.478294968605,129.651947021,20.5379810333],[-301.457336426,74.6326599121,-43.6932563782,-6.51237392426,57.4936294556,-12.8017606735,47.5395278931,-12.0070114136,5.24103546143,-22.6636924744,6.70490264893,20.5379810333,105.257415771]],"icov":[[0.00015833528596,-0.000268150237389,0.000293487741146,-0.000374808558263,0.000462865136797,-0.000284379464574,0.000237885629758,-0.000444112345576,0.000512136262842,-0.000246875075391,0.000350496353349,-0.000134577727295,0.000222003727686],[-0.000268150237389,0.00378759484738,-0.00212068413384,0.00178684131242,-0.0025576648768,0.00311050587334,-0.00222865957767,0.00279582408257,-0.00289272656664,0.00259346724488,-0.00213695410639,0.00260892347433,-0.000792954815552],[0.000293487741146,-0.00212068413384,0.00294002518058,-0.00203714333475,0.000961649697274,-0.00243293913081,0.00190760195255,-0.00178506271914,0.00221205083653,-0.00215589581057,0.00228580553085,-0.00163943856023,0.0011521774577],[-0.000374808558263,0.00178684131242,-0.00203714333475,0.00483943568543,-0.00173510366585,0.00155818462372,-0.000494997482747,0.00191433285363,-0.0032361370977,0.00231892592274,-0.00261230627075,0.00113456742838,-0.000701962562744],[0.000462865136797,-0.0025576648768,0.000961649697274,-0.00173510366585,0.00511107221246,-0.00140758103225,0.000162436321261,-0.00236214208417,0.00232248706743,-0.0019879352767,0.00198106351309,-0.0016256790841,-0.000227456708672],[-0.000284379464574,0.00311050587334,-0.00243293913081,0.00155818462372,-0.00140758103225,0.00642406893894,-0.00256833527237,0.00128918816335,-0.00217042164877,0.0012937419815,-0.000932870025281,0.000576444261242,-0.000742693897337],[0.000237885629758,-0.00222865957767,0.00190760195255,-0.000494997482747,0.000162436321261,-0.00256833527237,0.00649687834084,-0.00214568828233,0.00161606736947,-0.000947101856582,-0.000702321878634,-6.13510451331e-7,-0.000796944485046],[-0.000444112345576,0.00279582408257,-0.00178506271914,0.00191433285363,-0.00236214208417,0.00128918816335,-0.00214568828233,0.00865997374058,-0.00298665673472,-0.000579389976338,-0.00098728609737,0.000638556492049,-0.000510601559654],[0.000512136262842,-0.00289272656664,0.00221205083653,-0.0032361370977,0.00232248706743,-0.00217042164877,0.00161606736947,-0.00298665673472,0.00817304011434,-0.00391599116847,0.00174496858381,-0.000898850150406,0.000446802470833],[-0.000246875075391,0.00259346724488,-0.00215589581057,0.00231892592274,-0.0019879352767,0.0012937419815,-0.000947101856582,-0.000579389976338,-0.00391599116847,0.0106552019715,-0.00476738763973,0.000637319753878,0.000976020994131],[0.000350496353349,-0.00213695410639,0.00228580553085,-0.00261230627075,0.00198106351309,-0.000932870025281,-0.000702321878634,-0.00098728609737,0.00174496858381,-0.00476738763973,0.0113437920809,-0.00251297745854,0.000969636428636],[-0.000134577727295,0.00260892347433,-0.00163943856023,0.00113456742838,-0.0016256790841,0.000576444261242,-6.13510451331e-7,0.000638556492049,-0.000898850150406,0.000637319753878,-0.00251297745854,0.01264643576,-0.00393996061757],[0.000222003727686,-0.000792954815552,0.0011521774577,-0.000701962562744,-0.000227456708672,-0.000742693897337,-0.000796944485046,-0.000510601559654,0.000446802470833,0.000976020994131,0.000969636428636,-0.00393996061757,0.0123639460653]],"mean":[-44.0170059204,116.246879578,-145.967849731,40.2813796997,-51.8220405579,2.03717041016,-23.737487793,-6.29303407669,-32.5330085754,-10.121972084,-20.3712177277,-10.6820669174,-9.57156181335]},"hfc":{"dmean":4.72151613235,"dmean2":6.30990886688,"dvar":31.4744987488,"dvar2":51.7140312195,"max":101.339279175,"mean":19.9757080078,"median":16.6418437958,"min":3.39384307324e-8,"var":272.477844238},"melbands":{"dmean":[0.000381660385756,0.000739666516893,0.000870331190526,0.000517641426995,0.000165987934452,0.0000989450782072,0.0000739802053431,0.0000718897354091,0.000088813554612,0.0000857900668052,0.000150567328092,0.000152965832967,0.000144900812302,0.0000682836034684,0.0000617512632743,0.0000259746375377,0.0000286401846097,0.0000276301962003,0.0000242294536292,0.0000191016133613,0.000010316440239,0.0000121119392134,0.00000639611425868,0.00000664544131723,0.0000096033754744,0.0000121531729746,0.0000095099921964,0.00000736806896384,0.00000448573700851,0.00000241096722675,0.00000166674806223,0.00000148493950292,0.00000101998080027,6.4415559109e-7,5.24306187799e-7,3.39956812923e-7,3.45364384202e-7,3.19475759625e-7,1.48451974269e-7,9.46632781051e-8],"dmean2":[0.000539751024917,0.00119008065667,0.00147018069401,0.000865753274411,0.000277576007647,0.000159119721502,0.000118657051644,0.000116203562357,0.000142540535307,0.00013283311273,0.000233305167058,0.000216261876631,0.000211257516639,0.0000995470327325,0.000096142932307,0.0000412141889683,0.0000454682485724,0.0000416561233578,0.000036081077269,0.0000290462903649,0.0000158003949764,0.0000188660033018,0.0000101337391243,0.0000102315088952,0.0000144095965879,0.0000177793845069,0.0000142702347148,0.0000112729030661,0.00000681898745825,0.00000369655026589,0.00000254486371887,0.00000223752772399,0.00000153956091253,9.73226065071e-7,7.80523066624e-7,5.03647981986e-7,5.12183930823e-7,4.81603251501e-7,2.21140766143e-7,1.40312053531e-7],"dvar":[8.45628733259e-7,0.00000305632261188,0.00000251880715041,6.27014514976e-7,7.11025052169e-8,2.95167961184e-8,1.71351928202e-8,2.88482624455e-8,2.86871006949e-8,5.63819781974e-8,1.45841013932e-7,1.31538826054e-7,1.70664932853e-7,5.98842717636e-8,6.47200408821e-8,6.03543215405e-9,3.41010353289e-9,3.77772435556e-9,3.67290353687e-9,2.07242467631e-9,6.58157417455e-10,7.97318766566e-10,1.43814321563e-10,2.62554950003e-10,4.662815134e-10,7.60580376458e-10,4.29369539923e-10,1.91506921432e-10,7.32069058151e-11,1.77935322726e-11,8.31569882398e-12,6.29911704395e-12,3.68693183622e-12,1.36982341702e-12,1.38513994111e-12,4.07318249225e-13,5.5398253259e-13,7.10030287603e-13,1.21467221589e-13,5.19208597828e-14],"dvar2":[0.00000161879268035,0.00000763889693189,0.000006840315109,0.00000167015718944,1.93751191091e-7,7.26706304022e-8,4.20108818844e-8,7.35313179234e-8,7.07221161633e-8,1.15688379765e-7,3.32322116492e-7,2.39094475774e-7,3.35352893899e-7,1.04102774401e-7,1.29240859792e-7,1.35974023152e-8,8.2566273818e-9,8.12823230945e-9,7.11081771243e-9,4.51447323968e-9,1.39452627224e-9,1.7475902947e-9,3.33818528375e-10,4.86910400888e-10,9.04065766694e-10,1.41288514222e-9,8.77660111254e-10,4.17925416496e-10,1.51277559923e-10,3.9378365152e-11,1.92784503639e-11,1.42143250295e-11,8.75915919657e-12,3.19491980615e-12,3.18963410371e-12,8.5422218344e-13,1.23780467213e-12,1.68308162546e-12,2.72888428434e-13,1.13938223548e-13],"max":[0.014039542526,0.0179364383221,0.0246716402471,0.00984579417855,0.00391499465331,0.0022694398649,0.00256207748316,0.00480244960636,0.00407377490774,0.00782010983676,0.00775748305023,0.00771948415786,0.0101129412651,0.00839324109256,0.00969803892076,0.0030482870061,0.00115887296852,0.000928996596485,0.00183944322634,0.000975639733952,0.00088027009042,0.000519278924912,0.000221307796892,0.000632795214187,0.000654505740386,0.000825474329758,0.000697986863088,0.000313532305881,0.000188530044397,0.00013953706366,0.0000743783166399,0.0000546781520825,0.0000395173519792,0.0000344423424394,0.0000639588615741,0.0000220735928451,0.0000141897789945,0.0000211218248296,0.00000498470171806,0.00000387935415347],"mean":[0.000493098166771,0.000969507033005,0.00162883976009,0.00119545613416,0.000310199189698,0.000154221896082,0.000109956483357,0.000112368121336,0.000137504001032,0.000139808878885,0.000307479989715,0.000291746517178,0.00032370860572,0.000113175032311,0.000107131301775,0.0000424628851761,0.0000477268440591,0.0000440249932581,0.0000420255928475,0.0000343368228641,0.0000175264030986,0.0000202300234378,0.0000115400898721,0.0000123175068438,0.0000167629423231,0.0000232671209233,0.0000186967463378,0.0000146665252032,0.00000828008433018,0.00000412816189055,0.00000279403957393,0.00000236519667851,0.00000154133761043,0.00000100951820059,8.32708394682e-7,5.36288382591e-7,4.59975609601e-7,3.72170802621e-7,1.83913300589e-7,1.19265280318e-7],"median":[0.0000581699423492,0.000370706839021,0.00133930146694,0.000908258545678,0.00019505439559,0.000088862827397,0.0000511889593326,0.0000358415200026,0.0000503007431689,0.0000377353208023,0.0000465636039735,0.0000475892229588,0.0000332720010192,0.0000236648775171,0.0000239335640799,0.0000139239036798,0.0000182896037586,0.0000155708694365,0.0000135001228045,0.0000109201464511,0.0000076180299402,0.0000086195905169,0.00000626940345683,0.00000644542387818,0.00000765988534113,0.00000872561213328,0.00000845756403578,0.00000687887404638,0.00000388161879528,0.00000211255451177,0.0000013072224192,0.00000103698960174,5.92071955907e-7,3.99678640406e-7,3.32255382318e-7,2.01303024028e-7,1.22758933685e-7,7.36810505941e-8,3.71621098338e-8,2.15233910694e-8],"min":[1.6881115917e-14,5.32868765931e-14,6.86044645572e-14,7.04484756121e-14,6.48114645719e-14,3.01361989833e-14,3.73721846113e-14,3.81560797227e-14,2.91738137012e-14,1.20447542998e-14,1.00628843976e-14,8.2113279731e-15,6.71943444354e-15,4.25100001722e-15,3.57798321272e-15,3.63780279703e-15,2.51834690152e-15,2.80529011208e-15,2.10512865447e-15,2.37540395069e-15,2.31951163463e-15,1.89235058999e-15,1.38556114265e-15,1.01164787132e-15,1.07655134739e-15,1.65943484658e-15,1.0163371516e-15,9.94953910723e-16,9.60511645264e-16,2.209989004e-15,2.43191184794e-15,1.61928887301e-15,1.13275335987e-15,1.14772085556e-15,1.01186365297e-15,1.29434014115e-15,1.48759250801e-15,8.15443329942e-16,1.5650488006e-15,8.93542467597e-16],"var":[0.00000143808949815,0.00000338124687005,0.00000331016121891,0.00000157401041179,1.29534370785e-7,4.46723014136e-8,2.87648802555e-8,6.04273751037e-8,5.88369282184e-8,1.66489698472e-7,6.32490014141e-7,4.53482840612e-7,8.47051921937e-7,1.82830646622e-7,2.07179212453e-7,1.5097176842e-8,7.11626091388e-9,7.23320381368e-9,9.55367518429e-9,5.80886450052e-9,1.36364253223e-9,1.67752167712e-9,3.1828645275e-10,6.52613352248e-10,1.06354414164e-9,2.27903385053e-9,1.1009443357e-9,5.84207293652e-10,2.025470347e-10,4.01089231272e-11,1.97633281268e-11,1.37865613023e-11,6.56728534401e-12,2.65417158737e-12,2.62373564715e-12,9.98094835947e-13,7.72704383117e-13,7.41621716295e-13,1.48485593938e-13,6.52917187005e-14]},"melbands_crest":{"dmean":3.30158042908,"dmean2":5.24503040314,"dvar":9.07499885559,"dvar2":22.7339992523,"max":34.4910583496,"mean":14.9371891022,"median":14.2558917999,"min":2.65205049515,"var":26.6899814606},"melbands_flatness_db":{"dmean":0.0316468700767,"dmean2":0.0430583134294,"dvar":0.00126791500952,"dvar2":0.00220921961591,"max":0.674366891384,"mean":0.222302004695,"median":0.206637352705,"min":0.0188904963434,"var":0.00706969387829},"melbands_kurtosis":{"dmean":8.97083759308,"dmean2":13.8420658112,"dvar":526.959899902,"dvar2":1170.921875,"max":503.082733154,"mean":15.238568306,"median":5.40054035187,"min":-1.71105742455,"var":1138.41186523},"melbands_skewness":{"dmean":0.840188026428,"dmean2":1.25756669044,"dvar":1.0450656414,"dvar2":2.26496171951,"max":18.2303714752,"mean":2.52966380119,"median":2.1187877655,"min":-1.76185786724,"var":4.3048620224},"melbands_spread":{"dmean":7.45298480988,"dmean2":11.2776584625,"dvar":109.727676392,"dvar2":232.277328491,"max":193.735031128,"mean":24.0366916656,"median":21.4490795135,"min":0.300031214952,"var":299.856140137},"mfcc":{"cov":[[10920.8652344,-664.070495605,-542.909301758,-67.7987060547,-810.707580566,-148.697463989,-216.00579834,36.5819892883,-278.651489258,-10.8603544235,-185.17010498,-101.087356567,-70.3750305176],[-664.070495605,1452.4777832,-177.390426636,322.574127197,74.8039474487,-35.9089393616,98.8641815186,-59.203163147,-12.5867671967,-0.421489864588,-2.31145620346,-52.8657341003,-80.9061431885],[-542.909301758,-177.390426636,832.1640625,8.3404378891,241.972427368,135.086578369,-53.2430877686,32.0522956848,65.2484207153,-32.0485496521,79.4012832642,55.2126464844,-28.793138504],[-67.7987060547,322.574127197,8.3404378891,392.331512451,97.3781738281,-17.3421649933,-6.77109575272,-23.2763156891,-8.28303050995,-4.27255916595,-10.0378885269,25.640504837,12.0818147659],[-810.707580566,74.8039474487,241.972427368,97.3781738281,370.363372803,64.8600845337,-0.504384696484,25.126865387,74.6237640381,-8.8866519928,42.3429260254,31.7686080933,0.0709599107504],[-148.697463989,-35.9089393616,135.086578369,-17.3421649933,64.8600845337,199.4765625,28.9887046814,37.633556366,36.8366355896,-7.6196103096,18.7087230682,11.2379693985,-2.08531594276],[-216.00579834,98.8641815186,-53.2430877686,-6.77109575272,-0.504384696484,28.9887046814,261.502624512,36.4069900513,10.1478881836,23.9915161133,-17.0551891327,-16.0082740784,42.6746864319],[36.5819892883,-59.203163147,32.0522956848,-23.2763156891,25.126865387,37.633556366,36.4069900513,130.521255493,49.9684143066,-1.46222865582,9.86658477783,-0.948219537735,-0.695926010609],[-278.651489258,-12.5867671967,65.2484207153,-8.28303050995,74.6237640381,36.8366355896,10.1478881836,49.9684143066,147.6040802,39.0935974121,29.460439682,9.10505962372,-3.95197105408],[-10.8603544235,-0.421489864588,-32.0485496521,-4.27255916595,-8.8866519928,-7.6196103096,23.9915161133,-1.46222865582,39.0935974121,151.224151611,55.4711303711,22.6020431519,15.951376915],[-185.17010498,-2.31145620346,79.4012832642,-10.0378885269,42.3429260254,18.7087230682,-17.0551891327,9.86658477783,29.460439682,55.4711303711,152.247879028,74.8698577881,4.86435317993],[-101.087356567,-52.8657341003,55.2126464844,25.640504837,31.7686080933,11.2379693985,-16.0082740784,-0.948219537735,9.10505962372,22.6020431519,74.8698577881,138.774475098,58.7521896362],[-70.3750305176,-80.9061431885,-28.793138504,12.0818147659,0.0709599107504,-2.08531594276,42.6746864319,-0.695926010609,-3.95197105408,15.951376915,4.86435317993,58.7521896362,135.301345825]],"icov":[[0.000121302218759,0.0000591662610532,0.00001933186104,-0.0000934036215767,0.000236745399889,-0.0000193537780433,0.0000955118157435,-0.000163280506968,0.00015962778707,-0.000075400188507,0.0000868903152877,-0.00000664311801302,0.0000928531735553],[0.0000591662610532,0.00106577214319,0.000291816075332,-0.000900192244444,-0.0000399990749429,0.000012291220628,-0.000543893314898,0.000440719246399,-0.0000241703528445,0.000162370939506,-0.000429344800068,0.000293521938147,0.000852712313645],[0.00001933186104,0.000291816075332,0.00179987843148,-0.0000841949295136,-0.000913829891942,-0.000789111712947,0.000141087279189,0.00012754391355,-0.00011100651318,0.000491334008984,-0.000587806396652,-0.000298568833387,0.000609184615314],[-0.0000934036215767,-0.000900192244444,-0.0000841949295136,0.00369350006804,-0.0010995825287,0.000313557044137,0.000403012702009,0.000086248437583,0.000327444577124,-0.000284972920781,0.00106190773658,-0.00108992983587,-0.000577594269998],[0.000236745399889,-0.0000399990749429,-0.000913829891942,-0.0010995825287,0.00454645929858,-0.000434279878391,0.0000874898978509,-0.000262255576672,-0.00138580228668,0.000547610863578,-0.000427023333032,0.0000141800401252,-0.000130925080157],[-0.0000193537780433,0.000012291220628,-0.000789111712947,0.000313557044137,-0.000434279878391,0.00617976719514,-0.000810606521554,-0.000924444873817,-0.0007007176755,0.000515139778145,-0.000183994081453,-0.000274298392469,0.000192266597878],[0.0000955118157435,-0.000543893314898,0.000141087279189,0.000403012702009,0.0000874898978509,-0.000810606521554,0.00502763595432,-0.00168237520847,0.000511030608322,-0.00109810288996,0.000643761421088,0.00109296990559,-0.00224180798978],[-0.000163280506968,0.000440719246399,0.00012754391355,0.000086248437583,-0.000262255576672,-0.000924444873817,-0.00168237520847,0.0101007651538,-0.00347482296638,0.00147884059697,-0.000950413232204,0.00033056907705,0.000381304329494],[0.00015962778707,-0.0000241703528445,-0.00011100651318,0.000327444577124,-0.00138580228668,-0.0007007176755,0.000511030608322,-0.00347482296638,0.0099085662514,-0.00289205950685,0.000107546256913,0.0000869949508342,0.000415318616433],[-0.000075400188507,0.000162370939506,0.000491334008984,-0.000284972920781,0.000547610863578,0.000515139778145,-0.00109810288996,0.00147884059697,-0.00289205950685,0.00909615121782,-0.00387708330527,0.00070889655035,-0.000775815686211],[0.0000868903152877,-0.000429344800068,-0.000587806396652,0.00106190773658,-0.000427023333032,-0.000183994081453,0.000643761421088,-0.000950413232204,0.000107546256913,-0.00387708330527,0.0119055062532,-0.00664417957887,0.00227532046847],[-0.00000664311801302,0.000293521938147,-0.000298568833387,-0.00108992983587,0.0000141800401252,-0.000274298392469,0.00109296990559,0.00033056907705,0.0000869949508342,0.00070889655035,-0.00664417957887,0.0137679250911,-0.00596205098554],[0.0000928531735553,0.000852712313645,0.000609184615314,-0.000577594269998,-0.000130925080157,0.000192266597878,-0.00224180798978,0.000381304329494,0.000415318616433,-0.000775815686211,0.00227532046847,-0.00596205098554,0.0114530948922]],"mean":[-671.501098633,130.257827759,-23.8541221619,35.429851532,-7.29969072342,10.2177944183,6.97949409485,1.95973539352,-4.4802236557,1.61353325844,-12.2295303345,-9.48023986816,-6.98829936981]},"pitch_salience":{"dmean":0.0718112662435,"dmean2":0.113047793508,"dvar":0.00465184217319,"dvar2":0.0115038733929,"max":0.862277507782,"mean":0.52353322506,"median":0.528758168221,"min":0.0528968572617,"var":0.0134911686182},"silence_rate_20dB":{"dmean":0,"dmean2":0,"dvar":0,"dvar2":0,"max":1,"mean":1,"median":1,"min":1,"var":0},"silence_rate_30dB":{"dmean":0,"dmean2":0,"dvar":0,"dvar2":0,"max":1,"mean":1,"median":1,"min":1,"var":0},"silence_rate_60dB":{"dmean":0.0208182744682,"dmean2":0.0416425690055,"dvar":0.020385151729,"dvar2":0.0442500673234,"max":1,"mean":0.109569236636,"median":0,"min":0,"var":0.0975531190634},"spectral_centroid":{"dmean":293.5027771,"dmean2":442.974182129,"dvar":128476.914063,"dvar2":252268.25,"max":11243.7724609,"mean":1419.02490234,"median":1356.43041992,"min":126.523780823,"var":470888.875},"spectral_complexity":{"dmean":3.62035560608,"dmean2":5.3773856163,"dvar":14.6216363907,"dvar2":28.5710582733,"max":51,"mean":17.9076328278,"median":18,"min":0,"var":95.9914474487},"spectral_contrast_coeffs":{"dmean":[0.0519731864333,0.0479985550046,0.0422880016267,0.0337699092925,0.025897173211,0.0276259928942],"dmean2":[0.0823032408953,0.0790721476078,0.0675449073315,0.0535417608917,0.0399591289461,0.0421011783183],"dvar":[0.00205391761847,0.00147967541125,0.00123610976152,0.000726673519239,0.000511120771989,0.000707820930984],"dvar2":[0.00488737830892,0.00388050847687,0.00292276311666,0.00168336206116,0.0011179613648,0.00155004893895],"max":[-0.29360127449,-0.414011240005,-0.399704515934,-0.511653006077,-0.551350235939,-0.441139817238],"mean":[-0.572257876396,-0.753972828388,-0.733100414276,-0.764773905277,-0.771799862385,-0.707430362701],"median":[-0.565760016441,-0.760092020035,-0.749092102051,-0.770141601563,-0.779190897942,-0.710388183594],"min":[-0.957024395466,-0.972343802452,-0.956490457058,-0.962101280689,-0.957488715649,-0.964215457439],"var":[0.0107854828238,0.00463780155405,0.0076433676295,0.00315733766183,0.00232257903554,0.00279183639213]},"spectral_contrast_valleys":{"dmean":[0.46188262105,0.417643219233,0.35410502553,0.322335004807,0.321832239628,0.605411946774],"dmean2":[0.721097350121,0.65561491251,0.540908336639,0.472295075655,0.424964845181,0.727982878685],"dvar":[0.211029812694,0.170663639903,0.127935826778,0.127670839429,0.164830669761,0.430888533592],"dvar2":[0.420696735382,0.357973515987,0.238606154919,0.215334415436,0.242848351598,0.601119399071],"max":[-5.33875465393,-5.03993844986,-5.56219863892,-6.21546459198,-5.87724399567,-8.52963256836],"mean":[-7.85223960876,-7.15260839462,-7.51484441757,-7.83495378494,-7.68089962006,-11.3457145691],"median":[-7.72001838684,-6.86906290054,-7.23378705978,-7.53920269012,-7.27782058716,-10.8304176331],"min":[-27.922580719,-26.9301967621,-27.4871253967,-27.2160511017,-27.3020458221,-27.1416130066],"var":[1.37249279022,1.52706193924,1.43704974651,1.45303618908,1.90664350986,3.08910155296]},"spectral_decrease":{"dmean":1.69719283072e-9,"dmean2":2.54449861181e-9,"dvar":4.95291969354e-18,"dvar2":1.13158944726e-17,"max":-3.68511345173e-17,"mean":-6.12458261884e-9,"median":-5.89869530998e-9,"min":-2.4157408518e-8,"var":1.63207333981e-17},"spectral_energy":{"dmean":0.00670111551881,"dmean2":0.00996649544686,"dvar":0.0000740679752198,"dvar2":0.000167216916452,"max":0.0928445905447,"mean":0.0249273963273,"median":0.0239879004657,"min":1.64392846558e-10,"var":0.000265850336291},"spectral_energyband_high":{"dmean":0.000292832584819,"dmean2":0.000419724150561,"dvar":1.673761858e-7,"dvar2":3.39463781529e-7,"max":0.00864290818572,"mean":0.000637202814687,"median":0.000390251458157,"min":1.09778169628e-12,"var":5.5598900417e-7},"spectral_energyband_low":{"dmean":0.00333087984473,"dmean2":0.00509866559878,"dvar":0.0000434317917097,"dvar2":0.0000990216358332,"max":0.0748340338469,"mean":0.00571740884334,"median":0.00291180191562,"min":2.92876074955e-13,"var":0.0000696735369274},"spectral_energyband_middle_high":{"dmean":0.00260720215738,"dmean2":0.00366357853636,"dvar":0.0000161490115715,"dvar2":0.0000303585111396,"max":0.0773853883147,"mean":0.00878154765815,"median":0.00471447221935,"min":3.72492618347e-13,"var":0.000117938892799},"spectral_energyband_middle_low":{"dmean":0.00446181418374,"dmean2":0.0072336755693,"dvar":0.0000388305234083,"dvar2":0.000102411482658,"max":0.0903029441833,"mean":0.0120151815936,"median":0.0112867541611,"min":1.96866828395e-12,"var":0.0000873848548508},"spectral_entropy":{"dmean":0.193505778909,"dmean2":0.255878865719,"dvar":0.0508376918733,"dvar2":0.088631503284,"max":9.81330490112,"mean":7.35470628738,"median":7.42431163788,"min":4.12950181961,"var":0.226383388042},"spectral_flux":{"dmean":0.0257985275239,"dmean2":0.0401337742805,"dvar":0.000768095254898,"dvar2":0.00178865261842,"max":0.270615965128,"mean":0.0831113830209,"median":0.0780813843012,"min":0.0000176309149538,"var":0.00220823171549},"spectral_kurtosis":{"dmean":2.62822604179,"dmean2":4.45953798294,"dvar":19.1471576691,"dvar2":47.3989028931,"max":135.071929932,"mean":4.81755495071,"median":3.46579790115,"min":-1.17938685417,"var":39.5579032898},"spectral_rms":{"dmean":0.000665684812702,"dmean2":0.000965009792708,"dvar":6.248528166e-7,"dvar2":0.00000132870673042,"max":0.00951735768467,"mean":0.00454874150455,"median":0.00483764708042,"min":4.00478796792e-7,"var":0.00000362840910384},"spectral_rolloff":{"dmean":461.783203125,"dmean2":759.740478516,"dvar":538481.3125,"dvar2":1102045.375,"max":12187.7929688,"mean":1428.11547852,"median":1162.79296875,"min":64.599609375,"var":1303565.75},"spectral_skewness":{"dmean":0.302792549133,"dmean2":0.496520400047,"dvar":0.140226885676,"dvar2":0.338278144598,"max":8.85591506958,"mean":1.27128374577,"median":1.17450666428,"min":-0.511683225632,"var":0.41029420495},"spectral_spread":{"dmean":494621.46875,"dmean2":648652.5,"dvar":513991409664,"dvar2":728903254016,"max":39003752,"mean":3494172.25,"median":3285150.75,"min":667926.3125,"var":1424372269060},"spectral_strongpeak":{"dmean":0.63255751133,"dmean2":1.04851913452,"dvar":1.24936020374,"dvar2":3.00378417969,"max":15.81366539,"mean":1.36624252796,"median":0.622407495975,"min":0,"var":3.3263092041},"zerocrossingrate":{"dmean":0.00874734297395,"dmean2":0.0100293932483,"dvar":0.000137614450068,"dvar2":0.00015259841166,"max":0.3818359375,"mean":0.0534509159625,"median":0.05126953125,"min":0.0029296875,"var":0.00070931436494}},"metadata":{"audio_properties":{"analysis_sample_rate":44100,"bit_rate":192000,"codec":"mp3","downmix":"mix","equal_loudness":0,"length":160.600814819,"lossless":false,"md5_encoded":"caa442090d0a020cbdcc9136dd933f76","replay_gain":-5.39867210388,"sample_rate":44100},"tags":{"acoustid_fingerprint":["AQADtNIiJVlCJUnQL0RFKnjUHT9-BX0rJMvx6xj3EM8yPaifoeGJH1KeFE13vEddDWIceQhvFbx03IEZHfOSBRePw7EW4sIdIeEk5MmJfygP_wuew6clTDSe5GDC1ETXHL2OU6gWP8XRw9OO7UFS8whpPNjx5Qc1JcN7TLKGw6MO5ynaG3mExLtxmUF_HG9Q29iJXuJBOQl6vfhlXEQOHdR75KjS6HCeCJ-O9txx7EdzojQ-oco9NM8n_IceEl4WfNHxC9UPJ76CH_2xI2WO5CIqnrCaC9c-4rhxHv7xcWGGSi9xRJ-gSxbyMErwCj96yvgPVzz6H2-PMvng9Wie4z1OPrgSzDqYiWTxH0mEcA_8q6goNsF__McV4w8uHc-zY84N5oH_4NqRBwmfD-MVXGZgr4OnB-eRPkj24XfwXRfGJS-SyTLC6OA2CWcihZgZK4cvBj-eHUckpZB0I3TE7NgVHU87nPngygueID80If189BnOK8LzoHEelNqL38epDXfk5Gg4vfiEkdFhvqC-FDkP5U-CvBaOZ67wsEBXHj-O-cQTMQWjeM7RINmLMM_wYU8u1FcCuxLxOMd9aI-O46OF5zgP82lSHE-o4xfyH5ceNLyCfscTJYfaHD7yHs-DWrJgeEkTHiUT3EXfwUfF4zpyfkTDxfCPPD0eTxOcTcfh8ih35A-SX7iFS0yOlwuqxccTMoUf9Ej-CfmyFNcY_KipFdeyhIQTI7REIXle4Du-G80fFM-RI3mWrDiP441RfYNP3MjzQ6PsIA-Oo3ZehMlVnJmRfEzQw9txE-mzVJBvhAmDn_jToJkvoks2DbkPXUGeWfjx6DB1XN1x5cGPPNCPkNpE4ovxHeeF5nwRU4eOkFIm3ImCR8c7wWmyHBdl_KiPfDmS5w56eLRRucKP-NGhIyR1PNoJb1Mq1DtyG9-hnnikDFfUbNBS5UGe5egJvMOzLEcsUoWaHunxHD-ap-j1Ic-O5Nfw5Wj2om8UoaLQ_ziP03iWY1dylDworkfyIs2N7UqIL8mHw7mOJwqa59jBfpgTO_jhHkdOQXMyIX2y4zkFR09QBo9GJDOJXIevBSV_zMm6BHlYaCJ3ZGwU3MS-UEsCK49QHc-xf-iRvUiiVOKFKyXxkBrOo8lFdPOJM8mJQPsR5lKF_8G54ISd44k-PDmuo2R-uPQwNcnxg-cxaTsS6kQs5oGrFy8NHzdhK-gxWniSB6weTE-I5sFzJHtypF8yuDLK7cnw6BPKB_0RU0Fi9riC-kTzHc-04w-eSsfNHTkD_WicE-Vj6Nrx6Ah_uL9QObFQRXuRfvAaQbORH9-EM8aPRvtRZtGFnD2OHM3eCp2W45KO8g28PA_61LiQQzvC4OMz_EdTo8-H5EV4nWiU8DJ-VLR2-FkY9EHuQzfyx8G1REaj4zb-jEjHEwl59FGK0_jxWRkaMcxRykiKHHdRSrnwwyuZ4aiO5Ed-XEqO60H5BjZ19AnyCaqO_EkD7x7OnCiaI9-RLKOO4unxPngoPYPz5TiSI19QykbDJcdF_Ell_F2Q7AhJfGGI4z56UfClEBWHIzmPvKnQ6MeDH4114VKWGMn0Ic0z9HiWpTiXKUmM72iuCD