{"lowlevel":{"average_loudness":0.940424025059,"barkbands":{"dmean":[0.0000864498942974,0.00558526301757,0.00389562686905,0.00151133758482,0.00206006877124,0.00044949533185,0.000451996107586,0.000612898555119,0.000411454821005,0.000493418425322,0.000186616700375,0.00020375130407,0.000253425649134,0.000315462908475,0.000368880020687,0.000274508056464,0.000399400247261,0.000336126948241,0.000284125271719,0.000209162011743,0.000262001267402,0.000084970080934,0.0000589935116295,0.0000343609572155,0.0000173280768649,0.0000104541804831,0.00000514360772286],"dmean2":[0.000139277748531,0.00958419684321,0.00665692193434,0.00252177217044,0.00352752348408,0.000752957654186,0.000721885706298,0.00097796798218,0.000639351725113,0.000737072492484,0.000305675202981,0.000326834939187,0.000390588102164,0.000496505468618,0.000573627767153,0.000440201838501,0.000656103540678,0.000547420873772,0.000469319173135,0.000350032030838,0.000435543275671,0.000138778908877,0.0000981562407105,0.000052896568377,0.000026064713893,0.0000151992362589,0.00000778508820076],"dvar":[1.61906186236e-8,0.000103387552372,0.0000330966213369,0.00000560135231353,0.0000227907494263,6.06767684985e-7,8.47695559969e-7,0.00000109154905203,7.46631769744e-7,0.00000210942562262,1.18792101489e-7,1.60194133514e-7,4.14063975995e-7,4.81558913634e-7,6.22858010502e-7,3.53643827111e-7,2.79573072248e-7,1.72863380499e-7,1.19122020692e-7,6.22660749627e-8,1.25025593434e-7,1.0989372079e-8,9.18999987221e-9,5.13180786754e-9,2.30499219711e-9,2.29254348838e-9,2.52742743401e-10],"dvar2":[4.07239326705e-8,0.000287320057396,0.000093019742053,0.0000153022738232,0.0000619868806098,0.00000163730760505,0.00000210715461435,0.00000266979509433,0.00000162493836342,0.00000461597528556,2.88984239205e-7,3.83518198532e-7,8.20971706617e-7,0.00000100074464626,0.00000140550514516,7.35317655653e-7,7.17442333098e-7,4.2456164806e-7,3.08420794681e-7,1.68627579455e-7,3.2408519246e-7,2.88882500143e-8,2.56086725159e-8,1.07474642519e-8,4.76678252426e-9,4.5394710213e-9,5.25647303462e-10],"max":[0.00167439389043,0.0966214239597,0.0708812922239,0.0350140146911,0.0540788434446,0.0200989376754,0.0192693583667,0.020858746022,0.021279938519,0.0394598133862,0.0132907107472,0.00921076443046,0.0256039518863,0.0188390463591,0.0167957730591,0.016209423542,0.0123401172459,0.00753620732576,0.00667897751555,0.00454641738907,0.00891582481563,0.00199412507936,0.00125496881083,0.00206113606691,0.00171883334406,0.00219060992822,0.000599787395913],"mean":[0.000115021626698,0.00879100617021,0.00768790813163,0.00289102643728,0.00264953705482,0.000801499409135,0.000836520455778,0.00121258548461,0.000983575475402,0.00140073685907,0.000368398381397,0.000423285062425,0.000495943357237,0.000602457672358,0.000782472430728,0.000570520991459,0.000955564435571,0.000832276418805,0.00075397855835,0.000546157709323,0.000743218406569,0.000245283968979,0.000150101201143,0.000102838515886,0.000049558981118,0.0000241180223384,0.00000923260176933],"median":[0.0000555321639695,0.00584955373779,0.00544801075011,0.00191343692131,0.00151376216672,0.000567330105696,0.000307108362904,0.000311060342938,0.000308481772663,0.000278392399196,0.000215874795686,0.000229470286286,0.000259596388787,0.000305230903905,0.000327093148371,0.000331255898345,0.000753447297029,0.000676048337482,0.000636984768789,0.000463041040348,0.000670312787406,0.000208309182199,0.000125129212392,0.0000803587245173,0.0000373596376448,0.0000128255915115,0.00000368513588],"min":[2.34089645796e-23,4.65313107487e-23,6.01503032352e-23,1.29386867304e-23,4.95556267545e-23,4.58698919004e-23,1.11564571479e-22,7.18650265172e-23,3.46025726585e-23,9.09470227673e-23,4.76566176746e-23,3.08089847415e-23,8.62662566328e-23,1.82527040147e-22,1.22124579101e-22,1.63890460007e-22,1.65645492506e-22,2.089687363e-22,2.70802544438e-22,2.195256011e-22,3.51591847091e-22,6.60061048249e-22,6.20827978828e-22,7.04290421855e-22,1.25334917343e-21,1.88287734141e-21,2.44510449129e-21],"var":[2.54575809322e-8,0.000103624261101,0.0000548104799236,0.0000107107907752,0.0000185812696145,8.1853050915e-7,0.00000232587058235,0.00000509185065312,0.0000045385490921,0.0000141517311931,3.6347699961e-7,5.10145298449e-7,0.00000106848312953,0.00000131953743221,0.00000211911719816,9.51251990955e-7,7.78570267812e-7,4.73549590652e-7,3.16298581993e-7,1.65149657505e-7,3.40480454497e-7,3.77077000735e-8,1.72472187643e-8,1.45761944736e-8,4.90901674866e-9,3.4004885574e-9,3.772683832e-10]},"barkbands_crest":{"dmean":2.30970072746,"dmean2":3.78905344009,"dvar":5.57475805283,"dvar2":15.0412731171,"max":26.9885311127,"mean":10.3310775757,"median":9.48219776154,"min":2.55349588394,"var":17.7867088318},"barkbands_flatness_db":{"dmean":0.0172754395753,"dmean2":0.0280294474214,"dvar":0.000399383192416,"dvar2":0.000970670487732,"max":0.688813149929,"mean":0.121994927526,"median":0.101157695055,"min":0.0259862411767,"var":0.00576056353748},"barkbands_kurtosis":{"dmean":9.23726177216,"dmean2":13.3186855316,"dvar":23186.5214844,"dvar2":43744.2460938,"max":12214.0390625,"mean":36.9208259583,"median":0.381811410189,"min":-1.8493322134,"var":266309.90625},"barkbands_skewness":{"dmean":0.529224991798,"dmean2":0.831786632538,"dvar":0.997526288033,"dvar2":1.97875320911,"max":11.8543510437,"mean":0.986952781677,"median":1.1656806469,"min":-63.952381134,"var":14.1342849731},"barkbands_spread":{"dmean":5.79369211197,"dmean2":9.43540477753,"dvar":39.3846893311,"dvar2":106.620956421,"max":80.5894393921,"mean":32.0307159424,"median":33.1837425232,"min":0.00949540082365,"var":142.326675415},"dissonance":{"dmean":0.00875874701887,"dmean2":0.0148105509579,"dvar":0.0000816941683297,"dvar2":0.000214051295188,"max":0.499994754791,"mean":0.481646001339,"median":0.4857827425,"min":0.270170509815,"var":0.000238203676417},"dynamic_complexity":2.12329649925,"erbbands":{"dmean":[0.103805452585,1.47272622585,4.22872638702,5.00753688812,4.49960231781,9.01448726654,4.73766374588,3.5057823658,5.07698249817,9.48739242554,12.6904392242,10.44962883,9.16518211365,15.2282419205,8.16763305664,9.02834892273,11.0192136765,12.2693147659,21.360118866,13.2387037277,14.451710701,19.0736064911,18.0820026398,15.8300437927,13.1469097137,10.2172746658,10.0654563904,10.4317531586,3.03330755234,2.1623313427,1.69906747341,0.799631774426,0.564556419849,0.23985235393,0.114021107554,0.0491093210876,0.0198633875698,0.00556969922036,0.000913722324185,0.0000444975048595],"dmean2":[0.179896220565,2.52866721153,7.33698654175,8.33666419983,7.75895118713,15.4786605835,8.11914253235,5.89159297943,8.16788482666,15.0411062241,19.9504184723,16.0315303802,13.7162981033,22.7680892944,13.161239624,14.2697763443,16.7958374023,19.5799064636,32.7567558289,21.1957015991,23.3297672272,31.2381649017,29.0219783783,26.3775234222,21.5722160339,17.2396850586,16.9510555267,17.2631149292,4.9649939537,3.57266569138,2.82146120071,1.2291738987,0.881714046001,0.364025950432,0.175790384412,0.0738735944033,0.0288772340864,0.00825582072139,0.00137952249497,0.0000681915844325],"dvar":[0.0312941223383,7.20890569687,44.396987915,54.7345504761,56.0446586609,538.604919434,75.1662445068,50.3926200867,131.478164673,330.528076172,563.672546387,519.292114258,621.623596191,2294.88134766,197.211776733,357.981719971,869.742248535,638.928710938,2274.54199219,866.787658691,650.155029297,605.062805176,536.75012207,423.509674072,255.974304199,146.29296875,175.794296265,263.03805542,12.6418247223,11.4014062881,7.68098735809,2.05775499344,1.65799975395,0.454703390598,0.0892988964915,0.0489605180919,0.00709050754085,0.000435619265772,0.00000998412542685,1.4014430505e-8],"dvar2":[0.0857923179865,20.0709056854,124.51146698,152.84928894,156.968475342,1459.95251465,212.371704102,134.655059814,316.524719238,785.620056152,1324.71533203,1122.18139648,1226.62780762,5164.92578125,494.650024414,839.335876465,1672.86755371,1363.55651855,5071.68603516,2009.9465332,1450.91760254,1576.27941895,1249.43908691,1125.61071777,641.555358887,401.116546631,478.553131104,665.971130371,32.6654052734,31.5806980133,21.424489975,4.44147348404,3.57566046715,0.94958615303,0.186845272779,0.100710608065,0.0139773022383,0.000922152306885,0.0000207345383387,3.09064169812e-8],"max":[1.63834047318,24.6176223755,67.8345031738,132.498672485,80.6540527344,271.84161377,134.468597412,226.845687866,326.480773926,421.025848389,574.123168945,600.142822266,973.901855469,1453.58789063,437.40838623,472.919250488,1205.11901855,709.649963379,1022.09020996,763.074462891,722.080078125,624.206787109,532.535217285,399.97946167,366.250244141,189.600585938,194.115814209,555.260742188,72.2799911499,40.972240448,43.2357978821,34.5785751343,41.2850646973,26.6878643036,8.28560352325,10.012796402,4.4807972908,1.0394077301,0.148758485913,0.00447036698461],"mean":[0.160769030452,2.35941457748,8.36758518219,10.5927267075,7.50401639938,10.0930871964,7.45511817932,5.93068981171,9.1081161499,18.0357990265,28.4099025726,26.699804306,24.2615356445,43.362411499,18.5717506409,19.8461780548,23.1481056213,26.642370224,48.5323028564,30.7957687378,34.6151351929,49.0726623535,47.825504303,42.6757392883,35.5430297852,27.3822574615,26.0607433319,27.8805332184,9.84322452545,5.7747426033,4.16427326202,2.40661549568,1.5254509449,0.671053767204,0.305787950754,0.119651138783,0.0417563058436,0.0106673846021,0.00164390634745,0.000109919281385],"median":[0.0998439863324,1.59122383595,6.15925931931,7.89860105515,5.45084905624,4.35829734802,4.37284803391,3.95209288597,4.64001512527,5.10511016846,8.46005439758,8.33793640137,8.31454944611,9.80564403534,11.6344985962,11.1870908737,12.6242189407,16.4219074249,19.4067325592,19.1127853394,25.5108032227,38.7320594788,39.6437149048,34.6118850708,31.175907135,23.4619026184,22.3184261322,24.2024440765,8.76151180267,4.85832118988,3.4864628315,1.92645478249,1.13947939873,0.513336181641,0.214647293091,0.0719420537353,0.0206954181194,0.00445820065215,0.000694106798619,0.0000783555151429],"min":[1.38422526182e-21,1.15152556244e-20,6.57754054445e-20,4.68030519745e-20,1.15768540844e-19,1.70455195974e-19,2.38190819137e-19,5.06759949668e-19,1.77551009762e-18,9.41905910623e-19,1.55766536246e-18,1.09745567385e-18,1.51790661613e-18,2.9077882141e-18,1.82242819555e-18,1.77033174019e-18,3.59412995364e-18,9.72228800916e-18,6.49054464111e-18,6.02461530876e-18,9.76289347825e-18,8.84671402205e-18,1.26809046107e-17,1.03150936126e-17,1.4232553992e-17,1.11157275177e-17,1.12679841716e-17,1.51628046176e-17,2.06990500112e-17,2.49560638961e-17,1.78720229558e-17,1.72686840344e-17,1.04180163875e-17,1.44083497245e-17,8.01892956765e-18,6.80800084378e-18,3.19438644402e-18,1.58672401059e-18,3.40111619819e-19,3.58966174369e-20],"var":[0.0350934900343,7.02797842026,59.3369674683,101.874160767,60.3979606628,415.242523193,91.2209014893,58.7968215942,237.82434082,1133.54833984,3285.26855469,3454.35229492,3496.81884766,15201.0419922,643.855529785,1087.51574707,2293.57104492,1675.11315918,8618.27441406,2359.90405273,1800.36181641,1793.57324219,1521.0291748,1123.19177246,665.394226074,400.569915771,423.142486572,619.110473633,52.0755691528,24.7410945892,13.8331604004,6.76504516602,3.86970376968,0.934956371784,0.18803037703,0.0713981837034,0.0106955878437,0.000609858660027,0.0000137835868372,1.98856042744e-8]},"erbbands_crest":{"dmean":1.97413480282,"dmean2":3.14513421059,"dvar":4.57447290421,"dvar2":10.7573490143,"max":34.962146759,"mean":8.60322761536,"median":6.7058429718,"min":2.40549707413,"var":29.1949882507},"erbbands_flatness_db":{"dmean":0.0109324352816,"dmean2":0.0164928603917,"dvar":0.000157391434186,"dvar2":0.000313790224027,"max":0.718801558018,"mean":0.148525804281,"median":0.132271066308,"min":0.0274962298572,"var":0.00542190950364},"erbbands_kurtosis":{"dmean":1.12261176109,"dmean2":1.65333867073,"dvar":34.6769218445,"dvar2":70.8796691895,"max":298.061004639,"mean":1.88211131096,"median":-0.285439223051,"min":-1.79874932766,"var":257.409637451},"erbbands_skewness":{"dmean":0.278887778521,"dmean2":0.427926242352,"dvar":0.145998850465,"dvar2":0.323505759239,"max":5.91848754883,"mean":-0.481302380562,"median":-0.509258747101,"min":-12.556347847,"var":0.831575751305},"erbbands_spread":{"dmean":7.54398918152,"dmean2":12.0977497101,"dvar":71.2506027222,"dvar2":187.063369751,"max":129.324386597,"mean":42.8661384583,"median":42.3466682434,"min":0.164635434747,"var":258.985076904},"gfcc":{"cov":[[10040.96875,-319.31149292,1804.59851074,-46.3428649902,-319.493774414,1370.23059082,118.379074097,418.194915771,-303.960968018,566.492126465,-308.30291748,69.5370101929,-196.641296387],[-319.31149292,1164.92175293,-165.686767578,88.435005188,98.0119857788,-37.7207870483,150.913330078,-130.031463623,-7.17062139511,-94.5774993896,55.8465995789,-90.2975845337,95.8544235229],[1804.59851074,-165.686767578,833.419677734,-6.33322429657,49.2702674866,290.280700684,41.5572242737,119.166191101,-55.3941764832,161.314651489,-32.4809036255,40.5677223206,-61.6068115234],[-46.3428649902,88.435005188,-6.33322429657,251.659851074,92.0836334229,32.644493103,43.9772758484,-9.70952129364,-8.87451076508,-27.6409835815,19.8248939514,10.4033508301,34.7336807251],[-319.493774414,98.0119857788,49.2702674866,92.0836334229,218.722839355,25.0428085327,55.102684021,-20.1844215393,17.4536781311,-16.5882511139,15.7079963684,5.52787590027,44.3973999023],[1370.23059082,-37.7207870483,290.280700684,32.644493103,25.0428085327,335.934326172,83.8009719849,72.0827560425,-53.2153739929,76.9205780029,-45.8824729919,14.9230136871,-9.59332275391],[118.379074097,150.913330078,41.5572242737,43.9772758484,55.102684021,83.8009719849,168.086486816,33.1306877136,-18.582490921,-20.9418544769,10.2893400192,2.96895813942,17.1675453186],[418.194915771,-130.031463623,119.166191101,-9.70952129364,-20.1844215393,72.0827560425,33.1306877136,121.531364441,22.5428161621,36.069858551,-16.212934494,3.61353802681,-24.8542671204],[-303.960968018,-7.17062139511,-55.3941764832,-8.87451076508,17.4536781311,-53.2153739929,-18.582490921,22.5428161621,97.5346908569,20.902223587,0.544027864933,-16.6649265289,6.69508314133],[566.492126465,-94.5774993896,161.314651489,-27.6409835815,-16.5882511139,76.9205780029,-20.9418544769,36.069858551,20.902223587,128.796920776,9.2936964035,15.0429668427,-27.8075065613],[-308.30291748,55.8465995789,-32.4809036255,19.8248939514,15.7079963684,-45.8824729919,10.2893400192,-16.212934494,0.544027864933,9.2936964035,89.0915145874,13.1128759384,-14.6061887741],[69.5370101929,-90.2975845337,40.5677223206,10.4033508301,5.52787590027,14.9230136871,2.96895813942,3.61353802681,-16.6649265289,15.0429668427,13.1128759384,75.4840774536,30.4340000153],[-196.641296387,95.8544235229,-61.6068115234,34.7336807251,44.3973999023,-9.59332275391,17.1675453186,-24.8542671204,6.69508314133,-27.8075065613,-14.6061887741,30.4340000153,95.1473464966]],"icov":[[0.000468307174742,-0.000312631891575,-0.00030241344939,-0.000217594992137,0.00064283143729,-0.00112227944192,0.000397165946197,-0.000583978020586,0.000839280080982,-0.00104236893822,0.00115631998051,-0.000426919141319,0.000479479902424],[-0.000312631891575,0.00206008926034,-0.000149755753228,0.0000850015567266,0.000147452330566,0.000649184978101,-0.00198421999812,0.00232587312348,-0.000724752317183,0.00086560100317,-0.00272421492264,0.00412888964638,-0.0033221791964],[-0.00030241344939,-0.000149755753228,0.00278941052966,0.000304793589748,-0.00192592130043,0.0000178539085027,0.000260918342974,-0.00152230355889,0.00146257947199,-0.00179099687375,0.000666711654048,-0.00131132861134,0.00157189695165],[-0.000217594992137,0.0000850015567266,0.000304793589748,0.00522754620761,-0.00205576070584,-0.000413866277086,0.0000089881277745,-0.000177961745067,-0.0000569114927202,0.00165584031492,-0.00215671677142,0.000209405756323,-0.00128701934591],[0.00064283143729,0.000147452330566,-0.00192592130043,-0.00205576070584,0.00847416557372,-0.00226519000717,-0.00163420161698,0.00250259111635,-0.00260065170005,0.000467534846393,-0.000798735825811,0.00125670363195,-0.00275550782681],[-0.00112227944192,0.000649184978101,0.0000178539085027,-0.000413866277086,-0.00226519000717,0.00995324086398,-0.00372949708253,-0.000715895264875,0.00270405947231,-0.00239151949063,0.00137991143856,0.00166533188894,-0.00147440598812],[0.000397165946197,-0.00198421999812,0.000260918342974,0.0000089881277745,-0.00163420161698,-0.00372949708253,0.0114682829008,-0.00588016584516,0.00213220901787,0.002177990973,-0.00108251394704,-0.00230059260502,0.000822915462777],[-0.000583978020586,0.00232587312348,-0.00152230355889,-0.000177961745067,0.00250259111635,-0.000715895264875,-0.00588016584516,0.017543496564,-0.00903561338782,0.0026772422716,-0.00112482777331,0.00080884678755,0.000919791520573],[0.000839280080982,-0.000724752317183,0.00146257947199,-0.0000569114927202,-0.00260065170005,0.00270405947231,0.00213220901787,-0.00903561338782,0.0213417429477,-0.0101837497205,0.0034910114482,0.00509045319632,-0.00339670758694],[-0.00104236893822,0.00086560100317,-0.00179099687375,0.00165584031492,0.000467534846393,-0.00239151949063,0.002177990973,0.0026772422716,-0.0101837497205,0.0193441156298,-0.00772990379483,-0.0021842145361,0.000938726007007],[0.00115631998051,-0.00272421492264,0.000666711654048,-0.00215671677142,-0.000798735825811,0.00137991143856,-0.00108251394704,-0.00112482777331,0.0034910114482,-0.00772990379483,0.0225970949978,-0.0106014097109,0.0111216856167],[-0.000426919141319,0.00412888964638,-0.00131132861134,0.000209405756323,0.00125670363195,0.00166533188894,-0.00230059260502,0.00080884678755,0.00509045319632,-0.0021842145361,-0.0106014097109,0.0294678043574,-0.0178091134876],[0.000479479902424,-0.0033221791964,0.00157189695165,-0.00128701934591,-0.00275550782681,-0.00147440598812,0.000822915462777,0.000919791520573,-0.00339670758694,0.000938726007007,0.0111216856167,-0.0178091134876,0.0254814531654]],"mean":[27.3916759491,77.055557251,-126.408866882,56.4564552307,-42.2311630249,8.07534694672,-24.1031284332,8.07944011688,-20.5836257935,-2.33275270462,-17.9980621338,-4.80926895142,-12.5097236633]},"hfc":{"dmean":4.60557174683,"dmean2":7.32348012924,"dvar":31.9227962494,"dvar2":81.0443191528,"max":111.512084961,"mean":28.4478549957,"median":28.1533946991,"min":1.19973270193e-16,"var":219.277526855},"melbands":{"dmean":[0.00124760053586,0.0020646750927,0.00078288000077,0.000524612725712,0.000195412023459,0.000078132688941,0.0000814555824036,0.000108647611341,0.000101474404801,0.000063335915911,0.0000485627933813,0.0000674656330375,0.0000267710656772,0.0000241436064243,0.0000258786021732,0.0000227288237511,0.0000252857753367,0.0000374673982151,0.0000216830667341,0.0000208298934012,0.0000183670581464,0.0000213154962694,0.0000232512775256,0.0000164892335306,0.0000143623292388,0.0000119213445942,0.00000846469447424,0.00000715815940566,0.00000682229619997,0.00000705627053321,0.00000684286260366,0.0000018914811335,0.00000162692106187,0.00000128551801026,0.00000118431171359,6.1738506929e-7,5.34071318725e-7,4.60595032337e-7,3.37505071002e-7,1.86547509884e-7],"dmean2":[0.00215362594463,0.00356517359614,0.00131398788653,0.000896198675036,0.000338749407092,0.000130590618937,0.000131105713081,0.000172998654307,0.000156829497428,0.000097528391052,0.0000721730684745,0.000100848890725,0.0000434455287177,0.0000386810752389,0.0000399110540457,0.0000351613925886,0.0000403534577345,0.0000573966317461,0.0000340981860063,0.0000329629292537,0.000030212708225,0.0000352985916834,0.0000374955161533,0.0000269708307314,0.0000240723566094,0.0000197308690986,0.0000139556887007,0.0000122014744193,0.0000115802595246,0.0000118457182907,0.0000113111100291,0.00000312121142088,0.00000266127881332,0.00000216000194087,0.00000200062936528,9.94156494016e-7,8.23142045192e-7,7.32442856588e-7,5.26455778527e-7,2.87123100406e-7],"dvar":[0.00000506835340275,0.0000116530491141,0.00000137246524901,0.00000146980437421,1.61192232895e-7,2.27971153066e-8,3.03250651257e-8,3.93352728167e-8,3.68599089029e-8,2.02486081236e-8,1.81527450849e-8,4.55191830895e-8,2.36643771245e-9,1.97830019033e-9,4.26484536575e-9,2.5638386969e-9,2.98430324897e-9,6.90257762059e-9,1.62045521446e-9,2.63035282444e-9,8.74872063683e-10,7.92601484445e-10,1.20051590891e-9,4.62931137868e-10,3.70046326914e-10,2.18631876492e-10,1.2249515291e-10,7.40370473262e-11,8.64205026985e-11,9.33882207677e-11,1.12683917752e-10,5.15913266969e-12,4.80069759987e-12,4.29578247974e-12,3.99583924976e-12,9.41691494748e-13,1.00501996048e-12,1.01216712962e-12,7.05692123661e-13,2.91404378926e-13],"dvar2":[0.0000140488891702,0.0000324979591824,0.00000387243926525,0.00000397416533815,4.50739634061e-7,6.01832255143e-8,7.47772688214e-8,9.50542897726e-8,8.38892262323e-8,4.32319851029e-8,3.61616336875e-8,1.02213441266e-7,5.71544811478e-9,4.69904426481e-9,8.85771633818e-9,5.13039077887e-9,6.40254338435e-9,1.51464067955e-8,3.62266616705e-9,5.42877431897e-9,2.07323780366e-9,2.11642703363e-9,2.76089906492e-9,1.13462861329e-9,9.99783145161e-10,5.61893309659e-10,3.20172582891e-10,2.06547182136e-10,2.35480163147e-10,2.47033865586e-10,2.8710761546e-10,1.36610792123e-11,1.23980790911e-11,1.20885072785e-11,1.12847613198e-11,2.29858211458e-12,2.1862442412e-12,2.21711364545e-12,1.61977885531e-12,6.18076011379e-13],"max":[0.0217901207507,0.0297830551863,0.0199590548873,0.0137298768386,0.00524478498846,0.00456713559106,0.0045300219208,0.00421402230859,0.00438362220302,0.00412155780941,0.00498177018017,0.00646415166557,0.00197569513693,0.00104208977427,0.00253774481826,0.00146352348384,0.00167237292044,0.00196611951105,0.000773115374614,0.00158791372087,0.000788693956565,0.000783496419899,0.00112625269685,0.000528037315235,0.000389500230085,0.000347223045537,0.000240517445491,0.000138768577017,0.000148688821355,0.000230601450312,0.000350796122802,0.0000435138608736,0.0000427499689977,0.0000225953826885,0.0000284793222818,0.0000291347096208,0.0000232711245189,0.00003147217285,0.0000370846682927,0.0000184506698133],"mean":[0.00201116828248,0.0040633296594,0.00170879054349,0.000664854364004,0.000282153952867,0.000135103109642,0.000148896913743,0.000203903327929,0.000224739371333,0.000157672184287,0.000123034609715,0.000189206752111,0.0000553228455829,0.000051031827752,0.0000533230886504,0.0000459825605503,0.0000492121107527,0.0000805515301181,0.0000450706174888,0.0000425352882303,0.0000399484815716,0.0000496475149703,0.0000522097361682,0.0000390555760532,0.000033699638152,0.0000282671826426,0.0000212766117329,0.0000167429061548,0.0000152694392455,0.000016911968487,0.0000162502001331,0.0000053711705732,0.00000392469428334,0.00000292841946248,0.00000260105366579,0.00000161960474543,0.00000144697469295,0.00000112939312658,8.25983590858e-7,4.71613617492e-7],"median":[0.00131423026323,0.00330451503396,0.00135202123784,0.000367318367353,0.000166588055436,0.000092643465905,0.0000703303667251,0.000058434507082,0.0000616418983554,0.0000456274938188,0.0000372812573914,0.0000375601484848,0.0000338742720487,0.0000297695078189,0.0000265940507234,0.0000257432948274,0.0000270704131253,0.0000290829448204,0.0000234377712331,0.0000219304147322,0.0000296717316814,0.0000388913576899,0.0000391275098082,0.0000311985968438,0.0000259648459178,0.0000234432372963,0.0000181480500032,0.0000138218620123,0.0000123356203403,0.0000141194104799,0.0000135001009767,0.00000460501632915,0.00000310452401209,0.00000232280262935,0.0000021162786652,0.00000130964747314,0.00000108371216356,7.95898472461e-7,6.08854861639e-7,3.41880507904e-7],"min":[1.34040215789e-23,2.72402852914e-23,1.04506486232e-23,1.12636928484e-23,8.58067672436e-24,1.10032070331e-23,2.54459548981e-23,1.08548932944e-23,1.21149108415e-23,5.81315900349e-24,7.99041391861e-24,1.25691905933e-23,6.40859989222e-24,4.52215499994e-24,6.26636472114e-24,8.68325704103e-24,1.98690869515e-23,9.3248991464e-24,1.0527224929e-23,9.70879120618e-24,1.14251450655e-23,8.6541204635e-24,1.04986050554e-23,1.09703841086e-23,7.50614561953e-24,1.16432225073e-23,8.25180376842e-24,7.12238608839e-24,6.65017079508e-24,8.22921236981e-24,8.54347325521e-24,9.58366208939e-24,1.72562944364e-23,1.22863705482e-23,9.31968556468e-24,1.08064351467e-23,1.07086195499e-23,6.80033125725e-24,9.35419901814e-24,1.30381431579e-23],"var":[0.00000541687631994,0.0000124407742987,0.00000229682268582,0.00000121090010907,1.52203554649e-7,2.85073706863e-8,6.18334112801e-8,1.24673206869e-7,2.00894177738e-7,1.3942567989e-7,9.9218084415e-8,3.05997645e-7,7.5305166547e-9,6.27403506925e-9,1.21441043888e-8,6.55800524996e-9,7.53597007019e-9,2.48895890564e-8,4.57370008533e-9,7.22637771844e-9,2.30352203978e-9,2.02218131129e-9,3.08522540848e-9,1.18771992241e-9,8.38227376398e-10,5.02106523026e-10,2.78756490113e-10,1.74053535473e-10,1.84674830983e-10,2.11726622346e-10,2.43848774506e-10,1.75834919541e-11,1.33886764522e-11,7.39250154147e-12,6.01150639684e-12,2.46553428715e-12,3.1645738547e-12,2.32737310327e-12,1.28103289695e-12,5.65979283839e-13]},"melbands_crest":{"dmean":2.82465672493,"dmean2":4.64749670029,"dvar":6.96121120453,"dvar2":18.176240921,"max":38.2721061707,"mean":16.0649490356,"median":15.5832853317,"min":2.52992105484,"var":27.4775676727},"melbands_flatness_db":{"dmean":0.0230275206268,"dmean2":0.0372251644731,"dvar":0.000676864525303,"dvar2":0.0016845316859,"max":0.644286215305,"mean":0.18180526793,"median":0.165274590254,"min":0.0050559071824,"var":0.00513888103887},"melbands_kurtosis":{"dmean":7.52203416824,"dmean2":12.3301057816,"dvar":296.428466797,"dvar2":689.74029541,"max":524.961364746,"mean":17.1282787323,"median":7.80351686478,"min":-1.89556968212,"var":1569.31896973},"melbands_skewness":{"dmean":0.766025781631,"dmean2":1.23572158813,"dvar":0.974476277828,"dvar2":2.46672224998,"max":13.0724039078,"mean":2.80384254456,"median":2.65223479271,"min":-15.1234903336,"var":5.20582914352},"melbands_spread":{"dmean":8.05223846436,"dmean2":13.0215034485,"dvar":84.1379776001,"dvar2":214.211151123,"max":147.282958984,"mean":30.5833568573,"median":28.4561309814,"min":0.222229957581,"var":291.703430176},"mfcc":{"cov":[[7999.47851563,139.316848755,1030.44897461,-66.133102417,-22.4917240143,683.332824707,355.476104736,137.264770508,303.52835083,297.354156494,148.563278198,139.332382202,-88.264503479],[139.316848755,780.959533691,-54.3612709045,155.771606445,2.94358325005,88.1679458618,115.078697205,0.721812605858,14.0511980057,12.7215118408,-3.36335039139,-3.15364098549,-24.7432308197],[1030.44897461,-54.3612709045,478.777282715,-32.3395462036,75.0198059082,77.8911819458,71.4817199707,16.5606060028,38.9597892761,62.1606636047,49.9094085693,40.1059303284,18.8572502136],[-66.133102417,155.771606445,-32.3395462036,215.19758606,44.7859725952,68.8283462524,48.4487876892,25.1269702911,19.5102214813,-18.5453796387,-6.67743253708,-1.62607514858,2.20563817024],[-22.4917240143,2.94358325005,75.0198059082,44.7859725952,149.245254517,43.0576171875,21.0219707489,-2.39497303963,15.9089126587,17.1127872467,-3.69502282143,1.8645093441,7.37178897858],[683.332824707,88.1679458618,77.8911819458,68.8283462524,43.0576171875,200.881240845,115.764755249,43.6396141052,52.9018821716,11.7910079956,3.46306180954,12.6160669327,-4.81551218033],[355.476104736,115.078697205,71.4817199707,48.4487876892,21.0219707489,115.764755249,167.464370728,74.4342041016,27.5489997864,9.93169116974,16.2394256592,-4.36865949631,-6.01379823685],[137.264770508,0.721812605858,16.5606060028,25.1269702911,-2.39497303963,43.6396141052,74.4342041016,107.223548889,45.5517654419,6.68756580353,1.85981464386,-12.755320549,-10.7512111664],[303.52835083,14.0511980057,38.9597892761,19.5102214813,15.9089126587,52.9018821716,27.5489997864,45.5517654419,129.855789185,27.9306163788,-17.3829345703,8.76405334473,-0.282099694014],[297.354156494,12.7215118408,62.1606636047,-18.5453796387,17.1127872467,11.7910079956,9.93169116974,6.68756580353,27.9306163788,102.412567139,46.3472442627,4.97812747955,-8.02601909637],[148.563278198,-3.36335039139,49.9094085693,-6.67743253708,-3.69502282143,3.46306180954,16.2394256592,1.85981464386,-17.3829345703,46.3472442627,94.4889450073,26.9662361145,-4.60815048218],[139.332382202,-3.15364098549,40.1059303284,-1.62607514858,1.8645093441,12.6160669327,-4.36865949631,-12.755320549,8.76405334473,4.97812747955,26.9662361145,81.8555374146,32.0398597717],[-88.264503479,-24.7432308197,18.8572502136,2.20563817024,7.37178897858,-4.81551218033,-6.01379823685,-10.7512111664,-0.282099694014,-8.02601909637,-4.60815048218,32.0398597717,71.2213516235]],"icov":[[0.000313141092192,-0.0000112008137876,-0.000558007042855,0.000140116069815,0.000624036067165,-0.00107736815698,0.000233381782891,0.0000393459013139,-0.000119841213746,-0.000549833639525,0.000192607782083,-0.000300052721286,0.000500806956552],[-0.0000112008137876,0.00186985032633,0.000311597745167,-0.00132513325661,0.000505083298776,0.000396664749132,-0.0020749445539,0.00166290288325,-0.000106230130768,-0.000892047828529,0.000762262730859,-0.000521594483871,0.000827644602396],[-0.000558007042855,0.000311597745167,0.00391890341416,0.000545537041035,-0.00235850736499,0.00153127731755,-0.00174518825952,0.000489726895466,-0.000294801051496,0.000156154550496,-0.00112758355681,-0.000239305649302,-0.00131243863143],[0.000140116069815,-0.00132513325661,0.000545537041035,0.00704741617665,-0.00201414339244,-0.00233498541638,0.00101514393464,-0.0015959063312,-0.000545681046788,0.00204649963416,-0.00150267092977,0.00056701322319,-0.000877851853147],[0.000624036067165,0.000505083298776,-0.00235850736499,-0.00201414339244,0.00987875461578,-0.00305670546368,0.0000369261979358,0.00170888053253,-0.0000992279601633,-0.00313485856168,0.00218049180694,-0.000131071996293,0.000513962528203],[-0.00107736815698,0.000396664749132,0.00153127731755,-0.00233498541638,-0.00305670546368,0.0141011336818,-0.00813370198011,0.00224222126417,-0.00226662610658,0.00169026036747,0.000571227981709,-0.00125177018344,0.00017257547006],[0.000233381782891,-0.0020749445539,-0.00174518825952,0.00101514393464,0.0000369261979358,-0.00813370198011,0.0171112678945,-0.00976028572768,0.00240996223874,0.00105477718171,-0.00269280816428,0.00225060922094,-0.00164157210384],[0.0000393459013139,0.00166290288325,0.000489726895466,-0.0015959063312,0.00170888053253,0.00224222126417,-0.00976028572768,0.0183951165527,-0.0059955320321,0.000329026282998,-0.00082719931379,0.00197642366402,0.00154434156138],[-0.000119841213746,-0.000106230130768,-0.000294801051496,-0.000545681046788,-0.0000992279601633,-0.00226662610658,0.00240996223874,-0.0059955320321,0.0127947945148,-0.00508729461581,0.00588841782883,-0.00327643286437,0.000397306052037],[-0.000549833639525,-0.000892047828529,0.000156154550496,0.00204649963416,-0.00313485856168,0.00169026036747,0.00105477718171,0.000329026282998,-0.00508729461581,0.0177319590002,-0.0103179989383,0.00405332120135,-0.00103149691131],[0.000192607782083,0.000762262730859,-0.00112758355681,-0.00150267092977,0.00218049180694,0.000571227981709,-0.00269280816428,-0.00082719931379,0.00588841782883,-0.0103179989383,0.0201194379479,-0.00849825423211,0.00429467996582],[-0.000300052721286,-0.000521594483871,-0.000239305649302,0.00056701322319,-0.000131071996293,-0.00125177018344,0.00225060922094,0.00197642366402,-0.00327643286437,0.00405332120135,-0.00849825423211,0.0199540872127,-0.00917260814458],[0.000500806956552,0.000827644602396,-0.00131243863143,-0.000877851853147,0.000513962528203,0.00017257547006,-0.00164157210384,0.00154434156138,0.000397306052037,-0.00103149691131,0.00429467996582,-0.00917260814458,0.0196662060916]],"mean":[-609.155944824,98.3161239624,-13.7948179245,46.4328422546,6.45151519775,10.4342575073,6.04300832748,8.87445354462,4.91384363174,2.25323867798,0.639392614365,2.8236413002,-6.0950050354]},"pitch_salience":{"dmean":0.0656201541424,"dmean2":0.108506649733,"dvar":0.00414698664099,"dvar2":0.011115424335,"max":0.812200605869,"mean":0.498896479607,"median":0.49936619401,"min":0.0187868978828,"var":0.0139676658437},"silence_rate_20dB":{"dmean":0,"dmean2":0,"dvar":0,"dvar2":0,"max":1,"mean":1,"median":1,"min":1,"var":0},"silence_rate_30dB":{"dmean":0,"dmean2":0,"dvar":0,"dvar2":0,"max":1,"mean":1,"median":1,"min":1,"var":0},"silence_rate_60dB":{"dmean":0.000460829498479,"dmean2":0.000806544558145,"dvar":0.000460641313111,"dvar2":0.000805733085144,"max":1,"mean":0.0725722834468,"median":0,"min":0,"var":0.067288570106},"spectral_centroid":{"dmean":237.622024536,"dmean2":388.222198486,"dvar":64568.6054688,"dvar2":161059.328125,"max":10965.7470703,"mean":2033.53527832,"median":2067.71362305,"min":197.826629639,"var":289592.8125},"spectral_complexity":{"dmean":3.96682024002,"dmean2":6.5000576973,"dvar":13.9034433365,"dvar2":33.53358078,"max":59,"mean":30.9202861786,"median":32,"min":0,"var":160.413696289},"spectral_contrast_coeffs":{"dmean":[0.0475260615349,0.0463658683002,0.0339701548219,0.0278354361653,0.0199166946113,0.0165424756706],"dmean2":[0.0785291567445,0.0767077580094,0.0557578168809,0.0455026514828,0.0327825658023,0.0270059704781],"dvar":[0.00161759497132,0.00141848030034,0.000722103752196,0.000508990255184,0.000243796050199,0.000199368907488],"dvar2":[0.0043614488095,0.00384293845855,0.00188573636115,0.00129096233286,0.000647810462397,0.000493851432111],"max":[-0.311579346657,-0.432624042034,-0.51959747076,-0.492980986834,-0.492550313473,-0.510527193546],"mean":[-0.63108497858,-0.740678608418,-0.778886318207,-0.78268802166,-0.780432462692,-0.698129415512],"median":[-0.633972525597,-0.749342978001,-0.792968809605,-0.793283045292,-0.784090220928,-0.695981919765],"min":[-0.966151297092,-0.970070064068,-0.967761397362,-0.956193089485,-0.965465962887,-0.9576613307],"var":[0.00474494928494,0.00570960436016,0.00478922436014,0.00278253201395,0.00128544692416,0.00137590232771]},"spectral_contrast_valleys":{"dmean":[0.393761247396,0.357442557812,0.272265821695,0.231604322791,0.176703259349,0.17964348197],"dmean2":[0.641884386539,0.594457924366,0.451506346464,0.379511892796,0.283085465431,0.274419546127],"dvar":[0.134659841657,0.120436780155,0.0659538730979,0.0546624436975,0.0442782714963,0.0537487231195],"dvar2":[0.325133413076,0.285601735115,0.147242307663,0.11334823817,0.0807138234377,0.102328784764],"max":[-5.32701635361,-4.93289089203,-5.70626020432,-5.96072435379,-5.52918243408,-7.8926692009],"mean":[-7.09157419205,-6.96590709686,-7.24962997437,-7.35424470901,-6.74055767059,-10.017001152],"median":[-6.71404695511,-6.77338314056,-7.04633045197,-7.18680715561,-6.55813598633,-9.60506820679],"min":[-27.2087097168,-27.4561328888,-26.9915351868,-27.3782615662,-27.1807785034,-27.2335186005],"var":[2.00183224678,1.20607185364,1.02275788784,0.854919970036,0.792376220226,1.67503893375]},"spectral_decrease":{"dmean":2.57564725104e-9,"dmean2":4.42121184108e-9,"dvar":1.49466490887e-17,"dvar2":4.15374667207e-17,"max":3.29889410538e-29,"mean":-8.59631921202e-9,"median":-8.30298851895e-9,"min":-3.61790206682e-8,"var":2.12924925437e-17},"spectral_energy":{"dmean":0.0099294455722,"dmean2":0.0170322563499,"dvar":0.000217047825572,"dvar2":0.000602648535278,"max":0.13936060667,"mean":0.0350248552859,"median":0.0340134836733,"min":1.07574273207e-20,"var":0.000330852431944},"spectral_energyband_high":{"dmean":0.00041430539568,"dmean2":0.00067349668825,"dvar":3.24687022157e-7,"dvar2":8.47102910484e-7,"max":0.0106075862423,"mean":0.00157664041035,"median":0.0014703697525,"min":7.86415552535e-21,"var":0.0000011175831105},"spectral_energyband_low":{"dmean":0.00844416301697,"dmean2":0.0145077276975,"dvar":0.000195416185306,"dvar2":0.00054257264128,"max":0.123124971986,"mean":0.0186766497791,"median":0.0161268878728,"min":1.19431534188e-22,"var":0.000213649531361},"spectral_energyband_middle_high":{"dmean":0.00146939698607,"dmean2":0.00225992384367,"dvar":0.00000369176359527,"dvar2":0.00000832027944853,"max":0.0482277832925,"mean":0.0073927110061,"median":0.00595061061904,"min":1.46950837058e-21,"var":0.0000348227113136},"spectral_energyband_middle_low":{"dmean":0.00373693555593,"dmean2":0.00628490792587,"dvar":0.0000333656280418,"dvar2":0.0000926155043999,"max":0.0600218251348,"mean":0.00958237610757,"median":0.00818031188101,"min":3.36619721494e-22,"var":0.0000516448199051},"spectral_entropy":{"dmean":0.0796820744872,"dmean2":0.123107947409,"dvar":0.0129769984633,"dvar2":0.0245489776134,"max":9.78999137878,"mean":7.73842287064,"median":7.85254383087,"min":2.47938251495,"var":0.328234434128},"spectral_flux":{"dmean":0.0241781212389,"dmean2":0.0375471748412,"dvar":0.000863843015395,"dvar2":0.00164955598302,"max":0.306022882462,"mean":0.0882672742009,"median":0.0811886191368,"min":1.03718020283e-10,"var":0.00206536636688},"spectral_kurtosis":{"dmean":1.48110496998,"dmean2":2.53978514671,"dvar":25.9131660461,"dvar2":63.4369392395,"max":267.335327148,"mean":4.57045269012,"median":2.99184250832,"min":-1.20621538162,"var":157.9947052},"spectral_rms":{"dmean":0.000760159862693,"dmean2":0.00127944769338,"dvar":9.69656866801e-7,"dvar2":0.00000265729909188,"max":0.0116602564231,"mean":0.00557682337239,"median":0.00576054537669,"min":3.23960671657e-12,"var":0.00000306970378006},"spectral_rolloff":{"dmean":550.789245605,"dmean2":928.078796387,"dvar":461136.0625,"dvar2":1094998.125,"max":18690.8203125,"mean":1863.99572754,"median":1916.45507813,"min":21.533203125,"var":1178385.625},"spectral_skewness":{"dmean":0.169578894973,"dmean2":0.287250250578,"dvar":0.0994298532605,"dvar2":0.254904866219,"max":12.0887889862,"mean":1.12476503849,"median":1.04343366623,"min":0.0317269749939,"var":0.509599685669},"spectral_spread":{"dmean":278346.5625,"dmean2":430867,"dvar":188723281920,"dvar2":262864322560,"max":40178504,"mean":4001109.25,"median":4083981.75,"min":224899.21875,"var":1122693414910},"spectral_strongpeak":{"dmean":0.476122438908,"dmean2":0.855759859085,"dvar":0.960805416107,"dvar2":2.54603672028,"max":9.905585289,"mean":0.809754669666,"median":0.459848165512,"min":0,"var":1.19192934036},"zerocrossingrate":{"dmean":0.00792973209172,"dmean2":0.010222569108,"dvar":0.0000694740592735,"dvar2":0.0000942197511904,"max":0.50244140625,"mean":0.0701773911715,"median":0.068359375,"min":0.0029296875,"var":0.000685365637764}},"metadata":{"audio_properties":{"analysis_sample_rate":44100,"bit_rate":320041,"codec":"mp3","downmix":"mix","equal_loudness":0,"length":201.534698486,"lossless":false,"md5_encoded":"134ad7b62f0852b8f475a3b0491747ec","replay_gain":-15.0830669403,"sample_rate":44100},"tags":{"album":["Origin of Symmetry"],"albumartist":["Muse"],"albumartistsort":["Muse"],"artist":["Muse"],"artistsort":["Muse"],"asin":["B001SWCND6"],"date":["2001"],"discnumber":["1/1"],"file_name":"Muse - Origin of Symmetry - 04 - Hyper Music.mp3","genre":["Alternative Rock / Progressive Rock"],"label":["Universal Music Domestic Rock/Urban"],"media":["Digital Media"],"musicbrainz album release country":["DE"],"musicbrainz album status":["official"],"musicbrainz album type":["album"],"musicbrainz_albumartistid":["9c9f1380-2516-4fc9-a3e6-f9f61941d090"],"musicbrainz_albumid":["4c3109d5-ed4c-43fd-9e7f-6c9c6d0c9f62"],"musicbrainz_artistid":["9c9f1380-2516-4fc9-a3e6-f9f61941d090"],"musicbrainz_recordingid":["f0bf7bd7-8806-4f90-8ec7-e9e15a47fb92"],"musicbrainz_releasegroupid":["ef03fe86-b54c-3667-8768-029833e7e1cd"],"originaldate":["2001"],"script":["Latn"],"title":["Hyper Music"],"tracknumber":["4/11"]},"version":{"essentia":"2.1-beta2","essentia_build_sha":"2d9f1f26377add8aeb1075a9c2973f962c4f09fd","essentia_git_sha":"v2.1_beta2-1-ge3940c0","extractor":"music 1.0"}},"rhythm":{"beats_count":407,"beats_loudness":{"dmean":0.0110803516582,"dmean2":0.0197781082243,"dvar":0.000112303619971,"dvar2":0.00033844212885,"max":0.0893968269229,"mean":0.0347103439271,"median":0.0344598293304,"min":0.00026353346766,"var":0.000202328112209},"beats_loudness_band_ratio":{"dmean":[0.166641578078,0.128508374095,0.070143468678,0.0386056490242,0.06979265064,0.042274992913],"dmean2":[0.297088950872,0.243317738175,0.122093588114,0.0650491863489,0.122020043433,0.0742643848062],"dvar":[0.0208296794444,0.011085937731,0.00696686701849,0.00281605962664,0.0106362523511,0.00610488047823],"dvar2":[0.0650539398193,0.0356836505234,0.0187699031085,0.00683650327846,0.0328602