{"lowlevel":{"average_loudness":0.935977458954,"barkbands":{"dmean":[0.0000976442242973,0.00673907110468,0.0034872230608,0.00234925025143,0.00303114275448,0.000625515240245,0.000550845346879,0.000297236430924,0.000667489250191,0.000525389914401,0.000272049597697,0.000311622454319,0.000289653165964,0.000379905337468,0.000400978402467,0.000457018002635,0.000365795393009,0.000314919045195,0.000263807945885,0.000181100011105,0.000103137506812,0.0000909550653887,0.0000669317159918,0.0000537091218575,0.0000331628871209,0.0000361908532795,0.0000121407747429],"dmean2":[0.000149932762724,0.011047296226,0.005749409087,0.00407642964274,0.00537970615551,0.00101464963518,0.000920161663089,0.000497257278766,0.00106406596024,0.000858255196363,0.000447675585747,0.00050242600264,0.000468690646812,0.000619395228568,0.000655497715343,0.000743483600672,0.000607881869655,0.000513637322001,0.000427768216468,0.000293732300634,0.000170077022631,0.00014739674225,0.000102795391285,0.0000817112377263,0.0000508365264977,0.0000546570154256,0.0000194067561097],"dvar":[3.72538124793e-8,0.000161762582138,0.000024588614906,0.00001376371074,0.0000475027518405,0.00000125350914004,8.71828888194e-7,3.91593403037e-7,0.00000136542541895,0.00000142909323131,3.2353469237e-7,3.00322398061e-7,3.27129441757e-7,5.1505327292e-7,4.87720285491e-7,6.05340744642e-7,2.77555017192e-7,2.33260678328e-7,1.09296330209e-7,5.56603829693e-8,1.88671318568e-8,1.82556103567e-8,8.94437679477e-9,8.77059402882e-9,3.07474556926e-9,6.71703892507e-9,1.39266054244e-9],"dvar2":[7.46675681285e-8,0.000414480629843,0.0000662195161567,0.00003780678162,0.000133717243443,0.00000316042223858,0.00000224535415327,9.64350419963e-7,0.00000335944173457,0.00000394585504182,8.3545421603e-7,7.49802097744e-7,8.06156151612e-7,0.00000130980288304,0.00000131228887312,0.00000150458311055,7.2821478625e-7,5.72821875267e-7,2.7632063393e-7,1.43148596976e-7,4.91183200779e-8,4.85013593732e-8,2.0370313436e-8,1.96882687931e-8,7.09850001002e-9,1.46761429676e-8,3.16826254121e-9],"max":[0.00210079597309,0.0929894894361,0.0660032778978,0.0526341311634,0.0627168416977,0.0233886484057,0.013735034503,0.0209522433579,0.0222076438367,0.0256211906672,0.0130106518045,0.0120653472841,0.0126718319952,0.0125230019912,0.0145169273019,0.0182497221977,0.0116445943713,0.013230830431,0.00582790654153,0.00347402482294,0.00264811841771,0.00297462125309,0.001476111589,0.00251402636059,0.00122159474995,0.00148840760812,0.00108627334703],"mean":[0.000102746016637,0.00778250722215,0.00690392963588,0.00329053611495,0.00341220758855,0.00109279749449,0.000787737837527,0.000410277221818,0.00113197253086,0.000828041229397,0.000413521745941,0.000558899133466,0.000461703311885,0.000636100012343,0.000763350748457,0.00094098621048,0.000797834480181,0.000706407357939,0.000673890404869,0.000451515865279,0.000259461608948,0.000223057591938,0.000175109278644,0.000139897485496,0.0000902592655621,0.000080326324678,0.0000206677723327],"median":[0.0000161489515449,0.00346802175045,0.00434957956895,0.00179731589742,0.00163833238184,0.000661303871311,0.000444266566774,0.000219334819121,0.000621181039605,0.000323930900777,0.000208118348382,0.000284712848952,0.000220612579142,0.000293093820801,0.000472656975035,0.000626082182862,0.000578210281674,0.000524424831383,0.000542003312148,0.000343488471117,0.000200993294129,0.00016158100334,0.000122802186524,0.0000938051234698,0.0000616652978351,0.0000405527789553,0.00000771772829466],"min":[3.85283749349e-11,4.77459571879e-10,9.14295097965e-11,9.64220994715e-11,8.56636150903e-11,4.55924534237e-11,7.46106509908e-11,2.97056927667e-11,4.81008739783e-11,1.88146061231e-11,1.0734703057e-11,4.34368686852e-12,9.5701693098e-12,7.86307390727e-12,2.18517443723e-11,2.07525975571e-11,1.09233533677e-11,2.23694326951e-11,1.96158471411e-11,1.57883359164e-11,1.38218663945e-11,1.02984400521e-11,2.29205682212e-11,4.01769242875e-11,4.53815873769e-11,5.25698790055e-11,8.76698574848e-11],"var":[4.58403839332e-8,0.0001516068005,0.0000550766235392,0.0000188228641491,0.0000356615310011,0.00000209964991882,0.00000113998737561,6.21967956249e-7,0.00000259388548329,0.00000282613405034,5.64912170375e-7,8.19283116016e-7,5.90437821302e-7,9.51249660375e-7,9.48586830418e-7,0.00000138478742429,7.12132532499e-7,5.61571482649e-7,3.7663215835e-7,1.72521552599e-7,5.83494710327e-8,4.97019385648e-8,3.15909289839e-8,3.02162526111e-8,1.14826086417e-8,1.53013743898e-8,2.70042876949e-9]},"barkbands_crest":{"dmean":3.00030517578,"dmean2":4.95597696304,"dvar":8.82722091675,"dvar2":23.3121337891,"max":24.9189910889,"mean":9.98633670807,"median":9.28042984009,"min":2.1346039772,"var":19.0382633209},"barkbands_flatness_db":{"dmean":0.0226678643376,"dmean2":0.0363216921687,"dvar":0.000598229118623,"dvar2":0.00152102694847,"max":0.385703057051,"mean":0.105432510376,"median":0.0920454636216,"min":0.0124176768586,"var":0.00267057400197},"barkbands_kurtosis":{"dmean":3.55221509933,"dmean2":5.93505859375,"dvar":73.4466247559,"dvar2":203.001647949,"max":235.725997925,"mean":4.07444286346,"median":0.329008340836,"min":-1.90798223019,"var":141.209014893},"barkbands_skewness":{"dmean":0.638434350491,"dmean2":1.01370477676,"dvar":0.587285876274,"dvar2":1.48126447201,"max":12.9789581299,"mean":1.54663443565,"median":1.21118831635,"min":-4.33597803116,"var":1.97631025314},"barkbands_spread":{"dmean":6.88388061523,"dmean2":10.9388933182,"dvar":58.3872184753,"dvar2":136.313095093,"max":117.616920471,"mean":31.4917888641,"median":32.0154800415,"min":0.737332880497,"var":218.24055481},"dissonance":{"dmean":0.00986289046705,"dmean2":0.016782945022,"dvar":0.000107602616481,"dvar2":0.000282371387584,"max":0.500000119209,"mean":0.482359319925,"median":0.485987067223,"min":0.31848436594,"var":0.00021765101701},"dynamic_complexity":2.98643445969,"erbbands":{"dmean":[0.142929330468,1.71983456612,4.08061218262,5.32006978989,12.088968277,8.08498096466,4.44406032562,5.98280096054,7.84226226807,6.83295106888,6.79186725616,13.5610389709,16.126039505,14.5381765366,11.1197605133,11.6090755463,12.372841835,16.9649982452,19.8982009888,19.4301815033,23.9615249634,19.7924404144,16.0848903656,14.0176897049,11.7923088074,8.7162437439,5.25158977509,3.28557252884,3.5495121479,2.66661667824,1.78828954697,1.42435729504,0.845096766949,0.427595347166,0.230713024735,0.241143554449,0.0405550636351,0.0129817603156,0.00194909889251,0.00010159125668],"dmean2":[0.224300265312,2.91945266724,6.84158325195,8.99514102936,21.5762634277,14.2438287735,7.53748321533,9.6657705307,12.9842920303,11.4003648758,11.1134757996,21.8428764343,25.7119598389,23.7579593658,17.8357315063,18.7362747192,20.0085773468,27.6099681854,32.2752304077,31.3548851013,38.9380073547,32.797454834,26.3858470917,22.6398544312,19.2676467896,14.0909337997,8.61831283569,5.40757036209,5.80618476868,4.1791973114,2.78234624863,2.14966821671,1.31024861336,0.66642087698,0.354167252779,0.366638362408,0.0616332255304,0.0204578898847,0.00309635791928,0.000161722287885],"dvar":[0.0841446742415,10.7221517563,38.3787879944,50.446975708,764.615905762,289.795043945,57.3449554443,134.984130859,181.184875488,135.796188354,170.415863037,560.586181641,924.507141113,1192.26989746,513.031066895,371.441650391,619.191101074,1140.80432129,1352.20605469,1149.28173828,1265.86865234,798.593505859,795.093139648,319.79574585,243.15524292,137.23147583,49.2965354919,21.138874054,28.1165676117,17.4407405853,6.31685113907,5.78688955307,3.49222826958,0.486949026585,0.169628858566,0.361554116011,0.0071618645452,0.00148906256072,0.0000402177138312,7.50855377873e-8],"dvar2":[0.189931511879,28.7071056366,104.669403076,135.385482788,2163.26342773,813.027404785,156.072616577,339.160491943,457.264434814,351.506744385,414.858520508,1416.71557617,2318.85913086,3282.22973633,1298.6229248,970.876159668,1538.20031738,2916.06738281,3600.22631836,2927.12133789,3125.91186523,2092.82495117,1880.68481445,791.311096191,625.223449707,349.840270996,128.205383301,55.6174354553,75.8261489868,41.9275436401,14.9702854156,12.3363189697,8.80954170227,1.1275062561,0.383266836405,0.820485115051,0.0152827668935,0.00335187395103,0.0000901637613424,1.85319208867e-7],"max":[2.39624714851,25.5336093903,62.9543609619,139.006393433,257.306121826,184.293075562,124.802207947,265.059875488,227.320114136,213.158599854,342.082427979,529.316833496,577.220153809,940.149536133,601.208679199,418.063171387,648.314697266,708.696105957,823.586730957,834.58972168,580.998535156,757.093200684,837.541748047,309.682495117,323.592956543,200.287628174,136.23109436,72.3866348267,124.743682861,70.3356018066,54.1262207031,43.4023284912,53.3696212769,19.229221344,9.524559021,11.6674280167,1.71185147762,0.956435263157,0.187482431531,0.00571332778782],"mean":[0.150093942881,2.04481649399,7.53408241272,9.99475860596,12.8820972443,10.187253952,7.0234837532,10.22697258,11.8081130981,9.7789144516,10.6456432343,22.5600357056,27.6681594849,24.6816539764,19.3767910004,22.0342292786,22.099615097,29.8205184937,38.4348258972,41.98387146,53.8137130737,45.979473114,37.9643669128,36.5659751892,31.3397712708,22.1270103455,13.084610939,8.36533260345,8.4110994339,6.40689086914,4.70491409302,3.44296884537,2.07018566132,1.14226830006,0.614670276642,0.482804447412,0.0977226942778,0.0249703265727,0.00333781191148,0.000199326081201],"median":[0.0415777564049,1.02842998505,5.05111551285,7.28321170807,5.5634598732,4.84323549271,4.49580669403,5.7825255394,6.68380355835,5.8055639267,6.17114973068,12.861989975,14.1656637192,10.8256120682,9.82687664032,12.4914093018,11.8069372177,14.5289850235,22.3024673462,26.9941215515,39.3358421326,34.7704696655,28.7085723877,28.7252349854,25.7744846344,16.6823139191,10.0687255859,6.56568622589,5.95260572433,4.37531852722,3.37764549255,2.28825950623,1.38445448875,0.796844303608,0.391917198896,0.240378648043,0.0494818650186,0.0106045696884,0.00124043773394,0.000108717140392],"min":[1.50422216905e-8,4.11419058821e-8,1.05418365592e-7,4.77866194615e-7,2.82029247956e-7,3.03523194134e-7,4.43792032456e-7,4.37315662793e-7,8.02784200005e-7,0.00000121873927128,6.95360256486e-7,8.0178836015e-7,8.14282998363e-7,8.20815387215e-7,5.28063708316e-7,2.05305553891e-7,4.29323478102e-7,4.77568050883e-7,7.27528856714e-7,0.00000126613883822,9.45073111325e-7,5.66316600725e-7,9.97086431198e-7,9.64205923992e-7,0.00000112015970899,7.82134293331e-7,7.01429598848e-7,4.52861002032e-7,4.30791118333e-7,2.43596815608e-7,6.25065297299e-7,9.04817511582e-7,4.96286986618e-7,2.84530131012e-7,4.88136890908e-7,2.15374157619e-7,8.78338326515e-8,3.96299419947e-8,7.96212518139e-9,1.66833036275e-9],"var":[0.0863790884614,9.21788787842,58.3959655762,94.8992233276,566.938476562,258.118499756,72.2659912109,213.853485107,256.283660889,183.131729126,287.304412842,967.527160645,1780.17602539,2493.73754883,1073.37902832,1009.5703125,1162.63098145,2117.60620117,2572.99194336,2812.90600586,3376.42626953,2157.12011719,1784.99682617,1135.45458984,769.859008789,422.207702637,148.057403564,58.6446723938,74.6918182373,47.808391571,22.3937892914,17.2090148926,8.73563861847,1.84988570213,0.590413987637,0.646016478539,0.0218337308615,0.00315433321521,0.0000796671811258,1.17236218955e-7]},"erbbands_crest":{"dmean":2.20308327675,"dmean2":3.61195635796,"dvar":4.73200654984,"dvar2":11.7885532379,"max":29.3905696869,"mean":7.1419262886,"median":6.25503110886,"min":2.11846470833,"var":11.1284532547},"erbbands_flatness_db":{"dmean":0.0135040404275,"dmean2":0.0198925063014,"dvar":0.000189933052752,"dvar2":0.00038661583676,"max":0.31633540988,"mean":0.120528161526,"median":0.115765616298,"min":0.0307587645948,"var":0.000970789405983},"erbbands_kurtosis":{"dmean":0.726986765862,"dmean2":1.14788246155,"dvar":1.24155914783,"dvar2":2.93028473854,"max":24.5562820435,"mean":0.226967081428,"median":-0.148253440857,"min":-1.8922740221,"var":2.84024238586},"erbbands_skewness":{"dmean":0.306061536074,"dmean2":0.468993186951,"dvar":0.0892975628376,"dvar2":0.202572777867,"max":4.42048692703,"mean":-0.343845874071,"median":-0.379161179066,"min":-4.00223207474,"var":0.432396441698},"erbbands_spread":{"dmean":8.50160503387,"dmean2":13.1785449982,"dvar":80.5619659424,"dvar2":184.886795044,"max":162.627212524,"mean":44.6013183594,"median":41.5488967896,"min":5.58555650711,"var":303.133392334},"gfcc":{"cov":[[11375.3046875,128.15864563,-494.094451904,-249.209136963,-140.912567139,-113.978889465,-310.766845703,24.2026920319,-165.290008545,43.0621490479,-206.875671387,13.9203224182,-38.0436935425],[128.15864563,1107.00012207,-125.177261353,161.583847046,109.515678406,-34.0056114197,110.988197327,-39.9874153137,67.6014328003,-33.4824371338,71.3943862915,-21.7817955017,74.4036636353],[-494.094451904,-125.177261353,480.561981201,71.6192932129,-29.7627182007,75.3244552612,34.1749229431,-2.83611822128,20.2109127045,27.594499588,-4.88931941986,33.0424804688,-13.595746994],[-249.209136963,161.583847046,71.6192932129,252.627960205,66.3208084106,48.4233512878,41.1197052002,27.5446186066,34.2331542969,13.4901504517,10.8165855408,1.68460512161,18.8806247711],[-140.912567139,109.515678406,-29.7627182007,66.3208084106,206.818649292,14.9776792526,45.4204025269,25.4886398315,26.4479255676,5.25338411331,23.8498020172,-0.978073835373,13.5386018753],[-113.978889465,-34.0056114197,75.3244552612,48.4233512878,14.9776792526,152.074462891,52.9474830627,13.7415409088,2.82395100594,19.0191192627,7.33763217926,15.073925972,-8.93760585785],[-310.766845703,110.988197327,34.1749229431,41.1197052002,45.4204025269,52.9474830627,127.738197327,34.5523452759,31.8870124817,-2.17049193382,27.7329120636,2.5497033596,10.5385789871],[24.2026920319,-39.9874153137,-2.83611822128,27.5446186066,25.4886398315,13.7415409088,34.5523452759,94.3182296753,32.7837181091,18.3188667297,0.294706225395,8.2004404068,3.27379250526],[-165.290008545,67.6014328003,20.2109127045,34.2331542969,26.4479255676,2.82395100594,31.8870124817,32.7837181091,71.6683654785,27.8669242859,18.031452179,-0.247649207711,12.8935537338],[43.0621490479,-33.4824371338,27.594499588,13.4901504517,5.25338411331,19.0191192627,-2.17049193382,18.3188667297,27.8669242859,69.3410720825,33.6117477417,14.7788820267,-4.01096963882],[-206.875671387,71.3943862915,-4.88931941986,10.8165855408,23.8498020172,7.33763217926,27.7329120636,0.294706225395,18.031452179,33.6117477417,82.3176193237,26.9897594452,7.01083564758],[13.9203224182,-21.7817955017,33.0424804688,1.68460512161,-0.978073835373,15.073925972,2.5497033596,8.2004404068,-0.247649207711,14.7788820267,26.9897594452,56.8388633728,15.9980649948],[-38.0436935425,74.4036636353,-13.595746994,18.8806247711,13.5386018753,-8.93760585785,10.5385789871,3.27379250526,12.8935537338,-4.01096963882,7.01083564758,15.9980649948,58.7072486877]],"icov":[[0.000118663847388,-0.000126354367239,0.000101898542198,0.000109505643195,0.0000104358450699,-0.00000699483643984,0.00016981587396,-0.000185817843885,0.000347240595147,-0.000477812369354,0.000542461057194,-0.000279967760434,0.000104426275357],[-0.000126354367239,0.00167554302607,0.000351325841621,-0.00105425913353,-0.000113484034955,0.000511998659931,-0.00128862110432,0.00173068465665,-0.00164102111012,0.00153453007806,-0.00165100535378,0.000863175664563,-0.00111887033563],[0.000101898542198,0.000351325841621,0.00297172251157,-0.000962853955571,0.000565627298784,-0.000360164267477,-0.00128151115496,0.0016818275908,-0.00114493712317,-0.00121926248539,0.00207351520658,-0.00268579204567,0.0012220563367],[0.000109505643195,-0.00105425913353,-0.000962853955571,0.00577656412497,-0.00122976326384,-0.00171758746728,0.00118596479297,-0.00192206830252,-0.0000393886948586,-0.000732509244699,0.000622485182248,0.000819432141725,-0.00109629682265],[0.0000104358450699,-0.000113484034955,0.000565627298784,-0.00122976326384,0.00594158424065,-0.000101653873571,-0.0010584089905,-0.000776703003794,-0.000599593331572,0.000402650301112,-0.00120451743715,0.000501958827954,-0.000309037015541],[-0.00000699483643984,0.000511998659931,-0.000360164267477,-0.00171758746728,-0.000101653873571,0.0100335758179,-0.00574296573177,0.00149978126865,0.00251636421308,-0.0042096208781,0.00276609021239,-0.0029166857712,0.00193802383728],[0.00016981587396,-0.00128862110432,-0.00128151115496,0.00118596479297,-0.0010584089905,-0.00574296573177,0.0160969272256,-0.00623773178086,-0.00317030702718,0.00696794921532,-0.00644139386714,0.00339736556634,-0.00109117606189],[-0.000185817843885,0.00173068465665,0.0016818275908,-0.00192206830252,-0.000776703003794,0.00149978126865,-0.00623773178086,0.0176126547158,-0.00695881107822,-0.00293086236343,0.00467872945592,-0.00474017905071,0.00129990326241],[0.000347240595147,-0.00164102111012,-0.00114493712317,-0.0000393886948586,-0.000599593331572,0.00251636421308,-0.00317030702718,-0.00695881107822,0.0264535788447,-0.0118775786832,0.00131573341787,0.00423945579678,-0.00440291222185],[-0.000477812369354,0.00153453007806,-0.00121926248539,-0.000732509244699,0.000402650301112,-0.0042096208781,0.00696794921532,-0.00293086236343,-0.0118775786832,0.0299984347075,-0.0148291112855,0.00131026247982,0.00194964592811],[0.000542461057194,-0.00165100535378,0.00207351520658,0.000622485182248,-0.00120451743715,0.00276609021239,-0.00644139386714,0.00467872945592,0.00131573341787,-0.0148291112855,0.0269937198609,-0.0130269471556,0.00334244291298],[-0.000279967760434,0.000863175664563,-0.00268579204567,0.000819432141725,0.000501958827954,-0.0029166857712,0.00339736556634,-0.00474017905071,0.00423945579678,0.00131026247982,-0.0130269471556,0.0296429079026,-0.0104299867526],[0.000104426275357,-0.00111887033563,0.0012220563367,-0.00109629682265,-0.000309037015541,0.00193802383728,-0.00109117606189,0.00129990326241,-0.00440291222185,0.00194964592811,0.00334244291298,-0.0104299867526,0.0231879167259]],"mean":[29.5662651062,68.2931365967,-109.306037903,43.5160140991,-40.6544570923,12.7080354691,-33.1809844971,11.3656682968,-23.66472435,-2.51409721375,-21.5970478058,-2.41921591759,-15.0176525116]},"hfc":{"dmean":5.02837610245,"dmean2":7.55592632294,"dvar":39.7377357483,"dvar2":85.3098068237,"max":103.290756226,"mean":26.6627292633,"median":24.7295207977,"min":0.00000457068244941,"var":304.78527832},"melbands":{"dmean":[0.00158191274386,0.00216897251084,0.00109367538244,0.000774781627115,0.000176056433702,0.000129194624606,0.000117439820315,0.0000713311819709,0.0000587894646742,0.0000940793106565,0.0000841125147417,0.0000643298844807,0.0000382125508622,0.000035896035115,0.0000313200580422,0.0000300308256556,0.0000332604322466,0.0000340379265253,0.0000305186804326,0.0000301947347907,0.000030294240787,0.0000246067120315,0.000014895644199,0.000017271595425,0.0000123743930089,0.0000109319635158,0.00000843552879815,0.00000575670310354,0.00000391345201933,0.00000258352656601,0.00000193162895812,0.00000236594974012,0.00000170294686086,0.00000156801263529,0.00000116916476145,9.48865931605e-7,9.37102470289e-7,6.02421380336e-7,5.0562891829e-7,3.92452818687e-7],"dmean2":[0.00253408029675,0.00364728248678,0.00188715942204,0.00138297572266,0.000299622974126,0.000208809637115,0.000194542430108,0.000119079093565,0.0000947803928284,0.00015127241204,0.000134315210744,0.000105249484477,0.0000617838522885,0.0000575932135689,0.0000511396610818,0.0000488263540319,0.0000544130452909,0.0000550366276002,0.0000499912130181,0.0000491092032462,0.000049308880989,0.0000411151740991,0.00002468027742,0.0000281796692434,0.0000202532100957,0.0000179028829734,0.0000139191879498,0.00000934926993068,0.00000652294011161,0.00000428454632129,0.00000320817684951,0.00000389973638448,0.00000280495601146,0.00000246140416493,0.00000186263173418,0.00000148472531691,0.00000144366117638,9.50107448716e-7,7.91248623955e-7,6.27562371847e-7],"dvar":[0.00000929919860937,0.0000122415858641,0.00000266765050583,0.00000325224073094,8.60771081079e-8,5.8039251627e-8,3.95286114951e-8,1.61241597851e-8,1.18139373839e-8,2.71034394927e-8,2.49400908814e-8,2.48695872784e-8,6.50260600921e-9,4.88072116056e-9,2.92358848242e-9,4.09807077162e-9,4.30459401457e-9,4.39091074611e-9,3.05149461255e-9,4.16027035044e-9,2.15309214902e-9,1.24078125552e-9,7.32560068162e-10,6.65970723013e-10,2.65422406276e-10,2.01953911927e-10,1.39712477698e-10,6.45397832399e-11,2.81665836488e-11,1.2672694491e-11,7.48857312965e-12,1.30978075608e-11,7.43400219855e-12,5.92191400084e-12,2.77318185776e-12,1.76536704092e-12,2.93675392164e-12,1.42198340776e-12,1.0961145186e-12,4.084137271e-13],"dvar2":[0.0000226497504627,0.0000333996031259,0.00000742187421565,0.00000920403363125,2.37520936253e-7,1.45765440607e-7,1.00083902055e-7,4.0746918728e-8,2.79542540227e-8,6.86214320922e-8,6.29852436873e-8,6.85551952984e-8,1.65333808866e-8,1.20704894968e-8,7.41868388943e-9,1.05628243929e-8,1.10027951195e-8,1.14441194299e-8,8.25412538319e-9,1.01890895721e-8,5.31541255455e-9,3.27656590748e-9,1.8238581756e-9,1.65914737504e-9,6.68449129382e-10,5.27514920634e-10,3.75447339884e-10,1.62827917816e-10,7.41595396203e-11,3.38195686733e-11,2.00039412118e-11,3.53712475976e-11,1.9709062507e-11,1.40514396993e-11,6.99782159302e-12,4.10758146246e-12,6.54699948768e-12,3.57039051102e-12,2.71442352102e-12,9.99157679336e-13],"max":[0.0247692521662,0.0303455963731,0.0197960883379,0.016222955659,0.00464176852256,0.00546612171456,0.00320353079587,0.0032392218709,0.00239959382452,0.00301060802303,0.00308924750425,0.00415411777794,0.00185254972894,0.00171047553886,0.00109255255666,0.00149286980741,0.00126106478274,0.00126775843091,0.0011100609554,0.00184556050226,0.000934238429181,0.00079702551011,0.000815023260657,0.000451336643891,0.000258247455349,0.000234255930991,0.000257958716247,0.000154023233335,0.0000935603820835,0.0000763211137382,0.0000376229872927,0.0000892105381354,0.0000495425701956,0.0000396636532969,0.000035907018173,0.0000247304906225,0.0000313069613185,0.0000320481703966,0.0000323370149999,0.0000151646081576],"mean":[0.00176249782089,0.00363343558274,0.00188782252371,0.000852122961078,0.000282314082142,0.000224692572374,0.000177240814082,0.00010126404959,0.0000923728366615,0.000154913592269,0.000140927251778,0.00010460006888,0.0000612759758951,0.0000630746944807,0.0000538929052709,0.0000479978407384,0.0000550767508685,0.0000597650832788,0.0000573134093429,0.0000601090177952,0.0000622804800514,0.0000508551456733,0.0000317046797136,0.0000361212296411,0.000028853159165,0.0000256012881437,0.0000196209530259,0.0000130125818032,0.00000856309998198,0.00000598020005782,0.00000433595414506,0.0000051353699746,0.00000371631745111,0.00000348836033481,0.00000277842741525,0.00000230678210755,0.00000199852888727,0.00000139923179177,0.00000117702450098,9.33398666803e-7],"median":[0.000678130076267,0.00251944642514,0.00138031505048,0.000403476879001,0.000180489718332,0.000132023633341,0.00010289101192,0.00005855191921,0.0000526020230609,0.0000853522578836,0.0000685890263412,0.000041671191866,0.0000306820802507,0.0000291064934572,0.0000292459462798,0.0000221218087972,0.0000256568582699,0.0000304053446598,0.0000354400326614,0.0000358238103217,0.0000444007382612,0.0000352980823664,0.000023470935048,0.0000254126007349,0.0000216650478251,0.0000203888084798,0.0000152463298946,0.00000933466981223,0.00000640357347947,0.00000447351203547,0.00000329940098709,0.00000346628189618,0.00000257314309238,0.00000227266832553,0.00000193403002413,0.00000166275162883,0.00000121176765333,9.35459183893e-7,7.75264538788e-7,6.21507354026e-7],"min":[2.61219185171e-10,4.73635020093e-11,7.80621747798e-11,1.90022077934e-11,1.57862351663e-11,8.76267374633e-12,1.3274770172e-11,1.36420137339e-11,4.42537759909e-12,6.32610804019e-12,3.78754709887e-12,3.31464022896e-12,1.78768046373e-12,3.81006614062e-13,1.02490726409e-12,8.2968327304e-13,7.88092735602e-13,8.26450778472e-13,1.95765365724e-12,1.78908743289e-12,1.02909759707e-12,5.97815633802e-13,6.5862040214e-13,1.05783936298e-12,6.50925494061e-13,7.20578544749e-13,6.58462000203e-13,4.85664622667e-13,4.97276807405e-13,3.05527142214e-13,2.29406310571e-13,2.56407660945e-13,1.5761216388e-13,1.37683619931e-13,2.53836204443e-13,4.81212996967e-13,6.22645544065e-13,3.79756718693e-13,1.82182949824e-13,2.3768752808e-13],"var":[0.0000090978019216,0.0000138510204124,0.00000341513919011,0.00000236940581999,1.11210859188e-7,9.50133198785e-8,5.51230705526e-8,2.37539268255e-8,2.07325534518e-8,4.76724650866e-8,4.84179523141e-8,5.14516926842e-8,1.21699530453e-8,1.3086441264e-8,6.12564132751e-9,6.64078614321e-9,7.76363062727e-9,7.92577381503e-9,5.63308732993e-9,8.59989324198e-9,5.15776887866e-9,3.0048741273e-9,1.39703482116e-9,1.58301260988e-9,7.9908618611e-10,5.85838377809e-10,3.41790373781e-10,1.70204142447e-10,7.02274904896e-11,3.36063746276e-11,1.70352967843e-11,3.17990009324e-11,1.5809027698e-11,1.54145550491e-11,8.48669138437e-12,5.51018952688e-12,7.1700726953e-12,3.69087789845e-12,2.87693913831e-12,1.28236906771e-12]},"melbands_crest":{"dmean":3.41903543472,"dmean2":5.64002513885,"dvar":9.14576339722,"dvar2":23.0524654388,"max":36.2970466614,"mean":16.0830879211,"median":16.0798187256,"min":3.09608817101,"var":25.3586730957},"melbands_flatness_db":{"dmean":0.0302104055882,"dmean2":0.047873288393,"dvar":0.00101267069113,"dvar2":0.00245813606307,"max":0.508333563805,"mean":0.17607717216,"median":0.162179768085,"min":0.0187697075307,"var":0.00457186438143},"melbands_kurtosis":{"dmean":10.9275798798,"dmean2":18.0564289093,"dvar":554.936096191,"dvar2":1474.38415527,"max":617.606384277,"mean":18.1179161072,"median":7.60028553009,"min":-1.82559454441,"var":1110.55993652},"melbands_skewness":{"dmean":0.952304184437,"dmean2":1.50869071484,"dvar":1.2969326973,"dvar2":3.1935274601,"max":19.1545085907,"mean":3.18726611137,"median":2.70743131638,"min":-2.17243242264,"var":3.99508047104},"melbands_spread":{"dmean":9.36714076996,"dmean2":14.8163280487,"dvar":119.888702393,"dvar2":288.856018066,"max":182.224990845,"mean":29.9991436005,"median":27.3225059509,"min":0.547156631947,"var":394.343902588},"mfcc":{"cov":[[9512.46582031,536.110595703,-513.55871582,-93.0056991577,32.5992660522,-168.228027344,-134.932601929,-85.904548645,-71.0232772827,-33.11561203,-102.861824036,-144.907394409,-78.0522155762],[536.110595703,849.064575195,-107.345153809,173.850799561,17.7139911652,50.7834281921,17.0609207153,32.593120575,-5.00444221497,15.2580862045,-7.9474363327,3.76659750938,-0.348683446646],[-513.55871582,-107.345153809,452.85256958,19.1315021515,-25.23346138,84.1532897949,3.03704619408,25.9224300385,7.47892570496,1.37147188187,20.5905647278,21.4917888641,5.29977416992],[-93.0056991577,173.850799561,19.1315021515,220.699417114,67.8202972412,27.6751441956,13.1255903244,30.823266983,31.0824737549,29.6542892456,4.79903125763,12.0743255615,19.6606426239],[32.5992660522,17.7139911652,-25.23346138,67.8202972412,120.818496704,30.7547225952,16.5149364471,7.1530213356,20.578962326,11.6150503159,4.56372117996,10.5384893417,14.185046196],[-168.228027344,50.7834281921,84.1532897949,27.6751441956,30.7547225952,133.738128662,46.8345375061,31.4213161469,4.95021533966,10.8421735764,20.6217784882,14.9688968658,0.672106921673],[-134.932601929,17.0609207153,3.03704619408,13.1255903244,16.5149364471,46.8345375061,88.8097686768,42.2141838074,9.19420814514,12.212720871,23.5720043182,12.5804786682,9.04479217529],[-85.904548645,32.593120575,25.9224300385,30.823266983,7.1530213356,31.4213161469,42.2141838074,84.0855560303,32.068561554,17.1854343414,10.8067493439,6.04253339767,3.38784337044],[-71.0232772827,-5.00444221497,7.47892570496,31.0824737549,20.578962326,4.95021533966,9.19420814514,32.068561554,75.1722488403,32.3084526062,0.544844806194,0.215101897717,4.51681756973],[-33.11561203,15.2580862045,1.37147188187,29.6542892456,11.6150503159,10.8421735764,12.212720871,17.1854343414,32.3084526062,68.5967636108,26.608663559,3.83110737801,6.47102499008],[-102.861824036,-7.9474363327,20.5905647278,4.79903125763,4.56372117996,20.6217784882,23.5720043182,10.8067493439,0.544844806194,26.608663559,63.1644248962,32.3206863403,11.145822525],[-144.907394409,3.76659750938,21.4917888641,12.0743255615,10.5384893417,14.9688968658,12.5804786682,6.04253339767,0.215101897717,3.83110737801,32.3206863403,62.752658844,32.1295547485],[-78.0522155762,-0.348683446646,5.29977416992,19.6606426239,14.185046196,0.672106921673,9.04479217529,3.38784337044,4.51681756973,6.47102499008,11.145822525,32.1295547485,60.10313797]],"icov":[[0.000123975027236,-0.0000994289293885,0.0000774291984271,0.000136477960041,-0.000152511944179,0.0000842763693072,0.000160181094543,-0.0000529509125045,0.000100004355772,-0.0000348433750332,-0.0000163636086654,0.000228056000196,2.39668850099e-7],[-0.0000994289293885,0.00173127348535,0.000631007598713,-0.0016707846662,0.00101675419137,-0.00106560403947,0.00014548926265,-0.000365994463209,0.000635970674921,-0.000182427786058,0.000577601895202,-0.000593254691921,0.000324377731886],[0.0000774291984271,0.000631007598713,0.00312739680521,-0.000895753735676,0.00158149772324,-0.00259990012273,0.00157670944463,-0.00069277069997,-0.000232151840464,0.000616092118435,-0.000548249692656,-0.000300914951367,-0.000207298347959],[0.000136477960041,-0.0016707846662,-0.000895753735676,0.00776161346585,-0.00417982134968,0.000907516514417,0.000700821517967,-0.00156849541236,-0.000502533745021,-0.00200227228925,0.000736251997296,0.000127105988213,-0.00128426786978],[-0.000152511944179,0.00101675419137,0.00158149772324,-0.00417982134968,0.0123842321336,-0.003655313747,-0.00096099806251,0.00225805351511,-0.0028399694711,0.000970001216047,0.000260535191046,-0.000910822360311,-0.0012813617941],[0.0000842763693072,-0.00106560403947,-0.00259990012273,0.000907516514417,-0.003655313747,0.0125296646729,-0.00506677012891,-0.00118616572581,0.00145651621278,-0.00091782619711,-0.00036521194852,-0.00120268389583,0.00228759460151],[0.000160181094543,0.00014548926265,0.00157670944463,0.000700821517967,-0.00096099806251,-0.00506677012891,0.0192768648267,-0.00839210767299,0.001339282142,0.000887841335498,-0.00526168569922,0.00197099056095,-0.00257797259837],[-0.0000529509125045,-0.000365994463209,-0.00069277069997,-0.00156849541236,0.00225805351511,-0.00118616572581,-0.00839210767299,0.020053062588,-0.00774251390249,0.000629010435659,-0.0000459803741251,-0.000304689194309,0.000801733054686],[0.000100004355772,0.000635970674921,-0.000232151840464,-0.000502533745021,-0.0028399694711,0.00145651621278,0.001339282142,-0.00774251390249,0.0219463184476,-0.0105328708887,0.00599788408726,-0.00183218566235,0.000559168460313],[-0.0000348433750332,-0.000182427786058,0.000616092118435,-0.00200227228925,0.000970001216047,-0.00091782619711,0.000887841335498,0.000629010435659,-0.0105328708887,0.0254449713975,-0.0141334710643,0.00723456451669,-0.00302780396305],[-0.0000163636086654,0.000577601895202,-0.000548249692656,0.000736251997296,0.000260535191046,-0.00036521194852,-0.00526168569922,-0.0000459803741251,0.00599788408726,-0.0141334710643,0.0317689962685,-0.0168602354825,0.00471918703988],[0.000228056000196,-0.000593254691921,-0.000300914951367,0.000127105988213,-0.000910822360311,-0.00120268389583,0.00197099056095,-0.000304689194309,-0.00183218566235,0.00723456451669,-0.0168602354825,0.0323701314628,-0.014592140913],[2.39668850099e-7,0.000324377731886,-0.000207298347959,-0.00128426786978,-0.0012813617941,0.00228759460151,-0.00257797259837,0.000801733054686,0.000559168460313,-0.00302780396305,0.00471918703988,-0.014592140913,0.0249076317996]],"mean":[-614.413757324,100.705230713,-4.13413906097,35.0277328491,13.4679927826,8.11347484589,3.51821064949,10.1844854355,2.59547519684,5.222032547,-2.66045832634,-3.78757739067,-1.98063957691]},"pitch_salience":{"dmean":0.0858169421554,"dmean2":0.142222449183,"dvar":0.00676592998207,"dvar2":0.0183655787259,"max":0.941232204437,"mean":0.536226809025,"median":0.544664919376,"min":0.110455080867,"var":0.0148533945903},"silence_rate_20dB":{"dmean":0,"dmean2":0,"dvar":0,"dvar2":0,"max":1,"mean":1,"median":1,"min":1,"var":0},"silence_rate_30dB":{"dmean":0.000232342004892,"dmean2":0.00046473799739,"dvar":0.000232278442127,"dvar2":0.000696852686815,"max":1,"mean":0.999883830547,"median":1,"min":0,"var":0.000116141622129},"silence_rate_60dB":{"dmean":0.00673791812733,"dmean2":0.0134774018079,"dvar":0.00669286958873,"dvar2":0.0149236964062,"max":1,"mean":0.0364734567702,"median":0,"min":0,"var":0.0351404994726},"spectral_centroid":{"dmean":278.5546875,"dmean2":440.464660645,"dvar":94839.390625,"dvar2":218758.921875,"max":11205.671875,"mean":1765.29833984,"median":1820.79406738,"min":161.415679932,"var":392513.28125},"spectral_complexity":{"dmean":4.00999069214,"dmean2":6.25095844269,"dvar":15.9190635681,"dvar2":33.5681037903,"max":59,"mean":29.1097679138,"median":32,"min":0,"var":188.205947876},"spectral_contrast_coeffs":{"dmean":[0.0566324368119,0.0455915741622,0.0381236709654,0.0292368419468,0.0200445931405,0.0167532041669],"dmean2":[0.0940346419811,0.076204225421,0.0625386983156,0.0480362102389,0.0330972597003,0.0278751011938],"dvar":[0.00240655359812,0.00133883906528,0.000938117736951,0.000542390567716,0.000256700383034,0.000261889159447],"dvar2":[0.00646094558761,0.00364336441271,0.00245427037589,0.00140110251959,0.000670403940603,0.000684595957864],"max":[-0.302611023188,-0.469524264336,-0.544479727745,-0.602777242661,-0.64747852087,-0.649887740612],"mean":[-0.626035153866,-0.777701497078,-0.787157952785,-0.791625618935,-0.792463302612,-0.759910166264],"median":[-0.629544615746,-0.782642900944,-0.791101932526,-0.793012440205,-0.791041016579,-0.757267892361],"min":[-0.967156648636,-0.959293842316,-0.96316498518,-0.963627457619,-0.957301497459,-0.958187997341],"var":[0.00666739232838,0.00365391816013,0.00322470278479,0.00205813674256,0.0010930376593,0.000890573195647]},"spectral_contrast_valleys":{"dmean":[0.433264225721,0.394135266542,0.342090725899,0.27320548892,0.20522429049,0.232612580061],"dmean2":[0.696204960346,0.646672010422,0.535793483257,0.422311604023,0.316770017147,0.328134357929],"dvar":[0.15295355022,0.151492014527,0.12873634696,0.0997625142336,0.0763814225793,0.102876186371],"dvar2":[0.332092195749,0.341950565577,0.262114316225,0.183786675334,0.136316269636,0.192319169641],"max":[-5.08533287048,-4.96604299545,-5.20966291428,-5.66543960571,-5.62420654297,-7.97661781311],"mean":[-7.05149316788,-6.77335071564,-7.13533592224,-7.28102684021,-6.91810274124,-9.68693351746],"median":[-6.85015916824,-6.55886650085,-6.8936662674,-7.0146946907,-6.61956691742,-9.37446975708],"min":[-27.5387840271,-27.5890083313,-27.1545257568,-27.1482124329,-27.3907318115,-27.2591972351],"var":[1.34049105644,1.26481747627,1.25376999378,1.28121447563,1.19255948067,1.13631987572]},"spectral_decrease":{"dmean":3.18429105306e-9,"dmean2":5.16344478285e-9,"dvar":1.77978430528e-17,"dvar2":4.46906792157e-17,"max":-7.16289176681e-16,"mean":-8.13873057837e-9,"median":-7.28958315932e-9,"min":-3.26860885025e-8,"var":2.60412735746e-17},"spectral_energy":{"dmean":0.012237011455,"dmean2":0.0197899397463,"dvar":0.000258713058429,"dvar2":0.000648983463179,"max":0.12513127923,"mean":0.0331357978284,"median":0.0302066095173,"min":3.11801140462e-9,"var":0.000400566903409},"spectral_energyband_high":{"dmean":0.000322598934872,"dmean2":0.000476210843772,"dvar":1.93473937316e-7,"dvar2":3.9991530798e-7,"max":0.00955214351416,"mean":0.00116424413864,"median":0.000916156335734,"min":2.7099114619e-10,"var":0.00000111175427264},"spectral_energyband_low":{"dmean":0.00934979505837,"dmean2":0.0150738647208,"dvar":0.000213285704376,"dvar2":0.000538697931916,"max":0.118131347001,"mean":0.0164906736463,"median":0.0120492214337,"min":1.44227474408e-9,"var":0.000255314138485},"spectral_energyband_middle_high":{"dmean":0.00163157086354,"dmean2":0.00255497638136,"dvar":0.0000039330616346,"dvar2":0.000009960067473,"max":0.0372306704521,"mean":0.00697397487238,"median":0.00609712256119,"min":1.69436104036e-10,"var":0.0000286065096589},"spectral_energyband_middle_low":{"dmean":0.00561664067209,"dmean2":0.00960325170308,"dvar":0.000102101810626,"dvar2":0.000283106521238,"max":0.0909405574203,"mean":0.0102927554399,"median":0.00758282002062,"min":4.92675733543e-10,"var":0.000103880855022},"spectral_entropy":{"dmean":0.111858002841,"dmean2":0.173349365592,"dvar":0.0183048136532,"dvar2":0.0421316586435,"max":9.78632164001,"mean":7.86749172211,"median":7.91823768616,"min":6.15158081055,"var":0.0805008038878},"spectral_flux":{"dmean":0.0304132737219,"dmean2":0.046027854085,"dvar":0.00127377186436,"dvar2":0.00243936572224,"max":0.321879774332,"mean":0.0982590615749,"median":0.0888828188181,"min":0.0000561892848054,"var":0.00270709698088},"spectral_kurtosis":{"dmean":0.8824390769,"dmean2":1.47448897362,"dvar":1.05017507076,"dvar2":2.92525649071,"max":24.0123596191,"mean":3.84506630898,"median":3.72749948502,"min":-1.14536893368,"var":2.5138566494},"spectral_rms":{"dmean":0.000976622570306,"dmean2":0.00152697099838,"dvar":0.00000133477431064,"dvar2":0.0000031789284094,"max":0.0110489493236,"mean":0.00537547003478,"median":0.00542861502618,"min":0.00000174412218712,"var":0.00000343177885043},"spectral_rolloff":{"dmean":599.570983887,"dmean2":989.960754395,"dvar":771309.625,"dvar2":1704941.25,"max":17011.2304688,"mean":1854.54870605,"median":1830.32226562,"min":64.599609375,"var":2213065},"spectral_skewness":{"dmean":0.138450905681,"dmean2":0.22344134748,"dvar":0.0204456541687,"dvar2":0.0514690466225,"max":3.51188611984,"mean":1.36788249016,"median":1.37077331543,"min":0.00482868030667,"var":0.0597175583243},"spectral_spread":{"dmean":428622.90625,"dmean2":631354.8125,"dvar":379165671424,"dvar2":670533615616,"max":38880580,"mean":4685453.5,"median":4572221.5,"min":1662953,"var":1525031239680},"spectral_strongpeak":{"dmean":0.306730479002,"dmean2":0.53508836031,"dvar":0.402916073799,"dvar2":1.07301402092,"max":11.5828075409,"mean":0.553019762039,"median":0.426924198866,"min":0,"var":0.417277157307},"zerocrossingrate":{"dmean":0.011110894382,"dmean2":0.0132406651974,"dvar":0.000155510671902,"dvar2":0.0001907919941,"max":0.3955078125,"mean":0.0724943131208,"median":0.06787109375,"min":0.00439453125,"var":0.00143836438656}},"metadata":{"audio_properties":{"analysis_sample_rate":44100,"bit_rate":356000,"codec":"vorbis","downmix":"mix","equal_loudness":0,"length":199.875915527,"lossless":false,"md5_encoded":"076d918273290467ceb7486f3166e78e","replay_gain":-16.9765014648,"sample_rate":44100},"tags":{"acoustid_id":["b51792b4-8048-46d2-a643-fba8dd0bcf76"],"album":["Shine On"],"albumartist":["Jet"],"albumartistsort":["Jet"],"artist":["Jet"],"artistsort":["Jet"],"barcode":["075679453921"],"catalognumber":["94539-2"],"date":["2006"],"discnumber":["1"],"disctotal":["1"],"engineer":["Cameron Barton","Ryan Castle"],"file_name":"11 Jet - Rip It Up.ogg","isrc":["USEE10609356"],"label":["Atlantic"],"media":["CD"],"mixer":["D. Sardy"],"musicbrainz_albumartistid":["4efa55ba-93cf-497f-baf3-2ca9da7e193e"],"musicbrainz_albumid":["16b4e861-ce92-4829-b2fa-13dc86b70ea6"],"musicbrainz_artistid":["4efa55ba-93cf-497f-baf3-2ca9da7e193e"],"musicbrainz_recordingid":["f0d66108-e32c-4d16-b614-daffd588f2ba"],"musicbrainz_releasegroupid":["cc9be9e4-cb1c-313b-b4d9-ef46a46cd2ad"],"musicbrainz_releasetrackid":["aec80180-26dc-4e21-8511-359d0b1e600e"],"originaldate":["2006-09-29"],"originalyear":["2006"],"performer":["Mark Wilson (bass guitar)","Chris Cester (drums)","Cam Muncey (guitar)","Nic Cester (guitar)","Cam Muncey (vocals)","Chris Cester (vocals)","Nic Cester (vocals)","Stevie Hesketh (guest keyboard)"],"producer":["D. Sardy"],"releasecountry":["US"],"releasestatus":["official"],"releasetype":["album"],"script":["Latn"],"title":["Rip It Up"],"totaldiscs":["1"],"totaltracks":["17"],"tracknumber":["11"],"tracktotal":["17"]},"version":{"essentia":"2.1-beta2","essentia_build_sha":"cead25079874084f62182a551b7393616cd33d87","essentia_git_sha":"v2.1_beta2-1-ge3940c0","extractor":"music 1.0"}},"rhythm":{"beats_count":539,"beats_loudness":{"dmean":0.0125989271328,"dmean2":0.0211137104779,"dvar":0.000121384080558,"dvar2":0.000344259780832,"max":0.101427949965,"mean":0.04073792696,"median":0.0387728624046,"min":8.22251706722e-8,"var":0.000292653799988},"beats_loudness_band