{"lowlevel":{"average_loudness":0.949225664139,"barkbands":{"dmean":[0.0000057969828049,0.000181612180313,0.00182645232417,0.00056460511405,0.00425319140777,0.00121355126612,0.00159865559544,0.00130030279979,0.000950805668253,0.00062838557642,0.000227631826419,0.000111478831968,0.000196420165594,0.00031553793815,0.000291472242679,0.000113113761472,0.000194803389604,0.000222725968342,0.000150179315824,0.000199682501261,0.000231546946452,0.00043658100185,0.000545711664017,0.000407182669733,0.000171548017533,0.0000451778942079,0.00000243283147938],"dmean2":[0.00000901369276107,0.000284417357761,0.00308971549384,0.000975956674665,0.00688639562577,0.00209822761826,0.00244023394771,0.00206527928822,0.00146662909538,0.00101231411099,0.000361152633559,0.000184552307473,0.000317692494718,0.000492772087455,0.000462631636765,0.000186126577319,0.000318916514516,0.000344361440511,0.000243054615567,0.000316362507874,0.00037862744648,0.000707057653926,0.000868185656145,0.000655261916108,0.000281412969343,0.0000782272909419,0.00000441839301857],"dvar":[1.00176178464e-9,1.2845440267e-7,0.0000104285991256,0.00000152175425683,0.0000336534503731,0.00000576007005293,0.00000982536039373,0.0000113586265797,0.00000821770390758,0.00000509503161084,5.72208477934e-7,7.86259093388e-8,1.72176143565e-7,9.36149092468e-7,6.41186659323e-7,7.75547448484e-8,8.7546702332e-8,2.31760139968e-7,8.6776466901e-8,1.34696307441e-7,2.502655434e-7,9.88860392681e-7,0.00000235789093495,0.00000121017365018,1.70090046936e-7,1.41337910264e-8,5.49968993957e-11],"dvar2":[2.18108975325e-9,3.24695292875e-7,0.0000288892661047,0.00000434395224147,0.0000865235488163,0.0000151566982822,0.0000211985952774,0.0000276461341855,0.0000189742604562,0.0000132114219014,0.00000134229810556,1.8532573165e-7,4.00658620947e-7,0.00000223655774789,0.00000157982015025,1.72890395334e-7,2.20665739903e-7,5.30340741989e-7,1.96659399876e-7,2.72441042171e-7,5.99726263317e-7,0.00000215291788663,0.00000566599101148,0.00000321721404362,4.42908429932e-7,3.81968234819e-8,1.53183993268e-10],"max":[0.00163367565256,0.00978248473257,0.0424949303269,0.0188911873847,0.0635951906443,0.0394409485161,0.0550257973373,0.0526047945023,0.0496172085404,0.0569832623005,0.0234247669578,0.00600881502032,0.0202779397368,0.0325879827142,0.0208684485406,0.00972629711032,0.00673602800816,0.0131405582651,0.0123968301341,0.0109371012077,0.01499053929,0.0233370829374,0.0616115368903,0.044189337641,0.00984332431108,0.00129077641759,0.0000831341312733],"mean":[0.00000671472344038,0.000287892704364,0.00242650439031,0.000720732088666,0.00580598646775,0.0015771931503,0.00316707300954,0.00198410009034,0.00140849442687,0.000966869934928,0.000357613142114,0.000144931022078,0.000282737193629,0.000575762300286,0.000465911842184,0.000170419792994,0.000343079300364,0.000413870468037,0.000268338015303,0.00033727218397,0.000372975890059,0.000657421187498,0.000770591956098,0.00051014876226,0.000179940514499,0.0000360158446711,0.00000161285424838],"median":[0.00000272510055765,0.0000609895796515,0.00102174899075,0.000348953122739,0.00372866913676,0.00071505154483,0.000996314221993,0.000440869596787,0.000149541767314,0.000179012524313,0.000112535621156,0.0000358470133506,0.000126077298773,0.00011187029304,0.0000880143343238,0.0000681232631905,0.00022606094717,0.000137963608722,0.000179854832822,0.000183897514944,0.000211307764403,0.000322603853419,0.000340542232152,0.000231299185543,0.0000562490822631,0.00000518164597452,1.1001645106e-7],"min":[6.22497437273e-24,4.54811444018e-24,6.90789906811e-23,1.58945453869e-23,5.11855869341e-23,3.26269778065e-23,9.41512053704e-23,8.78540758628e-23,1.1653046981e-22,2.40346748501e-23,1.30309976558e-22,1.04809669144e-22,6.39831701144e-23,7.10453874149e-23,1.67710440055e-22,1.3127364904e-22,3.01536691523e-22,2.47252383223e-22,1.57103138644e-22,3.08846137831e-22,3.93050387788e-22,6.82641301826e-22,6.32476513525e-22,1.03791365836e-21,1.12036847988e-21,2.05848964338e-21,2.47288330036e-21],"var":[1.40974720786e-9,2.43102249442e-7,0.000013181520444,0.00000137932124744,0.0000422659431933,0.00000775832904765,0.000036824196286,0.0000229940433201,0.0000170105486177,0.0000104543514681,0.00000123504491967,1.38360661595e-7,3.52151431571e-7,0.00000337335472977,0.0000014140108533,1.52852976498e-7,1.60808070859e-7,5.33723152785e-7,1.43172286471e-7,2.56879047811e-7,3.90098620073e-7,0.00000159500336849,0.00000337840742759,0.00000110933524411,1.61572387469e-7,1.00868549069e-8,3.37622430013e-11]},"barkbands_crest":{"dmean":3.57297253609,"dmean2":5.88947868347,"dvar":9.04764556885,"dvar2":23.7469329834,"max":25.0021820068,"mean":11.2650518417,"median":10.614317894,"min":2.65258812904,"var":20.1452064514},"barkbands_flatness_db":{"dmean":0.0267527867109,"dmean2":0.0423511564732,"dvar":0.000561242224649,"dvar2":0.00135336723179,"max":0.285587459803,"mean":0.132598668337,"median":0.126344099641,"min":0.0444834455848,"var":0.00178257981315},"barkbands_kurtosis":{"dmean":3.51924109459,"dmean2":5.7166056633,"dvar":26.6593704224,"dvar2":64.5243453979,"max":91.5793991089,"mean":4.24256563187,"median":1.79744005203,"min":-1.91944003105,"var":59.6525535583},"barkbands_skewness":{"dmean":0.719986557961,"dmean2":1.13447153568,"dvar":0.526045680046,"dvar2":1.28011095524,"max":8.35701179504,"mean":1.73606324196,"median":1.62907958031,"min":-4.62907791138,"var":1.42535305023},"barkbands_spread":{"dmean":10.5014925003,"dmean2":16.7805252075,"dvar":136.913711548,"dvar2":324.324035645,"max":132.902923584,"mean":30.470369339,"median":27.2484378815,"min":1.48037922382,"var":319.566162109},"dissonance":{"dmean":0.0183332785964,"dmean2":0.0303987264633,"dvar":0.000319119833875,"dvar2":0.000855740101542,"max":0.5,"mean":0.457876354456,"median":0.466373562813,"min":0.278011202812,"var":0.00100591243245},"dynamic_complexity":2.71272158623,"erbbands":{"dmean":[0.00161049899179,0.0808915495872,1.53706800938,2.11105775833,4.21695756912,19.4660434723,16.2631645203,9.48605728149,18.6403408051,29.7776012421,20.7549953461,21.8507156372,23.1377086639,10.7916879654,7.74021530151,4.76054286957,8.31744670868,14.0898017883,17.2886238098,8.21787643433,5.31660556793,8.80209827423,13.9123477936,8.07021617889,7.01406145096,9.43035411835,8.47999858856,11.5378780365,14.1044054031,17.4832000732,15.1286649704,10.1313505173,6.00506877899,2.52921891212,0.862503647804,0.275367796421,0.0702779516578,0.00864314567298,0.000428261817433,0.0000261885106738],"dmean2":[0.00266682659276,0.12963180244,2.57981681824,3.6071023941,7.22991704941,31.9034748077,26.5062408447,16.1191120148,28.2258377075,46.1810340881,32.9043922424,32.9421005249,37.2452888489,17.2379302979,12.1426076889,7.8341460228,13.345708847,22.1683616638,27.021697998,13.3682155609,8.6058807373,14.1218605042,21.3652381897,12.6092061996,11.557390213,14.9151821136,13.8080425262,18.5546665192,22.7152900696,28.2856502533,23.9580154419,16.2211971283,9.75693321228,4.09559297562,1.44024777412,0.470388442278,0.123749613762,0.0153148882091,0.000769545789808,0.0000434748799307],"dvar":[0.00006307172589,0.0203922428191,7.29004669189,15.4171667099,49.8545341492,827.512512207,478.515045166,378.385742188,1321.85290527,5083.04980469,3371.47021484,4744.90869141,8147.828125,1041.54333496,524.31628418,128.219665527,230.463867188,1545.15405273,2443.15161133,653.278259277,98.4440689087,184.750595093,827.401977539,273.606018066,210.65536499,344.410339355,272.850708008,631.572387695,1103.25036621,1900.27416992,1876.17272949,929.216186523,230.661758423,35.215549469,5.83049488068,0.512574136257,0.0402886383235,0.00059798132861,0.00000156334544954,2.90077450948e-9],"dvar2":[0.000178712318302,0.0514626130462,19.6312236786,43.4000091553,129.04888916,2169.3527832,1193.75939941,985.994689941,2805.69116211,11453.1494141,8546.87988281,9814.63867188,22718.8242188,2608.89038086,1260.46350098,307.438873291,569.270996094,3793.40869141,5715.74707031,1503.47851563,233.556335449,447.160003662,1875.02258301,596.947631836,488.798950195,676.133789063,671.122070313,1432.17028809,2284.94189453,4444.26757813,4477.01757813,2481.45068359,608.04498291,91.1815414429,15.4453163147,1.35080397129,0.110898353159,0.00164975808002,0.00000432868819189,7.72106734104e-9],"max":[0.419831097126,1.65146374702,35.4169883728,49.2620353699,90.2310256958,292.764892578,347.979736328,388.972991943,752.344116211,1292.68334961,1274.94848633,1443.8203125,2149.86865234,821.147521973,725.038452148,279.43951416,396.527130127,1018.96502686,1205.45471191,1354.78601074,218.796981812,376.996459961,769.134399414,852.130187988,426.748504639,643.121948242,511.738464355,809.942199707,849.679260254,1015.08837891,1820.27050781,1410.86730957,530.067138672,169.001907349,57.5719184875,11.9059114456,2.19802308083,0.249331146479,0.0147664314136,0.000956479634624],"mean":[0.0024223504588,0.127354562283,2.08603906631,3.19635844231,5.52516078949,24.5523376465,21.9509620667,13.5178117752,37.5657691956,57.2006378174,32.5498886108,33.4348754883,37.2103309631,17.9609355927,13.4531021118,7.15735340118,13.0585317612,25.4475421906,32.9214363098,13.6267986298,9.91704273224,16.7680892944,26.8226299286,15.8395185471,11.7781953812,16.1315956116,15.0773029327,17.4557495117,20.7761478424,25.6905117035,21.2452392578,12.7896738052,7.36003732681,2.82696413994,0.837499201298,0.23799200356,0.0528209581971,0.00632236944512,0.000308362214128,0.0000460435767309],"median":[0.00106813653838,0.0399630181491,0.861064732075,1.62435030937,2.53331303596,14.0288143158,12.4917201996,6.81126642227,14.5080738068,14.1738996506,8.73174667358,4.80463790894,5.94469213486,3.83404541016,5.19388961792,2.53008794785,6.33305931091,5.96484184265,5.65829706192,4.01802825928,5.59818267822,10.6619100571,11.292427063,9.91255760193,7.34684324265,8.83601760864,9.27748584747,8.67609024048,9.33095169067,12.4194755554,9.24639701843,5.57570791245,3.05683326721,1.02185738087,0.212767809629,0.0417973697186,0.00682892696932,0.000719871080946,0.0000461631134385,0.0000334420474246],"min":[2.57213437158e-22,2.03263580638e-21,5.70478745003e-20,8.74124146291e-20,9.02030118231e-20,1.61364674912e-19,2.32810836433e-19,2.95148304768e-19,6.53517455068e-19,1.725822599e-18,3.00734188237e-18,2.67133243215e-18,1.27192450525e-18,2.43483735912e-18,3.63631037461e-18,4.66824052265e-18,3.25977424426e-18,4.31434742759e-18,6.37167795991e-18,8.47280356976e-18,7.61413715437e-18,1.45084915182e-17,1.9008722973e-17,6.70735943301e-18,1.02621490903e-17,1.51405468417e-17,1.76961031462e-17,1.59419640869e-17,2.70515258003e-17,1.77633893259e-17,2.01375184523e-17,2.49991666235e-17,1.46404400608e-17,1.18468575719e-17,8.65761474375e-18,7.22730779527e-18,3.69816156414e-18,1.21164981857e-18,3.15649769455e-19,4.13857524388e-20],"var":[0.0000585409870837,0.0386870764196,9.88052368164,18.7520561218,65.6269989014,953.234191895,710.80847168,543.159423828,4424.86914063,19925.1171875,6249.54296875,10018.5419922,17112.4941406,2353.14306641,1167.37438965,251.136566162,487.643035889,4566.52392578,8216.33203125,1093.65002441,207.475845337,400.490264893,1996.56213379,536.680664063,312.186798096,631.506958008,418.404052734,1082.90576172,1980.97924805,2811.234375,2616.24194336,836.292053223,220.672866821,34.91796875,5.04186487198,0.408019810915,0.0264372546226,0.000386073515983,9.83658992482e-7,2.59288968074e-9]},"erbbands_crest":{"dmean":2.88585591316,"dmean2":4.69448852539,"dvar":8.36859416962,"dvar2":20.3776569366,"max":29.7653236389,"mean":9.07554149628,"median":7.48037576675,"min":2.25682139397,"var":28.4831581116},"erbbands_flatness_db":{"dmean":0.0186458546668,"dmean2":0.0280947741121,"dvar":0.000309495313559,"dvar2":0.000667809450533,"max":0.297654360533,"mean":0.152707532048,"median":0.14507701993,"min":0.026152042672,"var":0.00153691961896},"erbbands_kurtosis":{"dmean":1.02522993088,"dmean2":1.57112705708,"dvar":3.23184585571,"dvar2":6.06497573853,"max":93.7666854858,"mean":0.430462121964,"median":-0.852564454079,"min":-1.84464895725,"var":31.7251853943},"erbbands_skewness":{"dmean":0.478690207005,"dmean2":0.737230718136,"dvar":0.23463653028,"dvar2":0.530392944813,"max":7.66195011139,"mean":0.441580563784,"median":0.355380564928,"min":-4.59011220932,"var":1.07998871803},"erbbands_spread":{"dmean":12.3854475021,"dmean2":19.0709171295,"dvar":153.508911133,"dvar2":365.642425537,"max":131.487304688,"mean":61.1980018616,"median":63.9769744873,"min":2.3851878643,"var":594.255126953},"gfcc":{"cov":[[9250.22070313,-417.935211182,-1127.58764648,442.146697998,-491.729980469,424.316467285,-431.688568115,10.3321657181,-255.995452881,-91.0940551758,-179.628005981,-134.236465454,-102.808830261],[-417.935211182,946.381835938,-166.734649658,2.92808032036,146.583084106,-53.5227622986,168.206222534,-78.6201705933,72.3888397217,-101.106872559,32.3321685791,-72.8575668335,-5.77527427673],[-1127.58764648,-166.734649658,806.587524414,172.263824463,145.397644043,3.09686183929,21.8776531219,3.51193213463,-56.8283004761,84.4481124878,-0.655623197556,95.1132736206,-32.3751907349],[442.146697998,2.92808032036,172.263824463,472.328765869,89.8083953857,72.8984146118,-20.8267173767,-19.389787674,-26.5688476563,-29.5275173187,3.70191287994,8.53267669678,-20.7305011749],[-491.729980469,146.583084106,145.397644043,89.8083953857,243.814468384,69.0634460449,107.325653076,3.33233070374,1.77522063255,13.1876239777,-12.194357872,7.25295257568,-18.372253418],[424.316467285,-53.5227622986,3.09686183929,72.8984146118,69.0634460449,218.876220703,84.0149993896,27.8630409241,-29.1314926147,22.1585407257,-20.4735507965,-18.9540786743,-17.2712745667],[-431.688568115,168.206222534,21.8776531219,-20.8267173767,107.325653076,84.0149993896,197.008224487,23.9222774506,20.9568824768,11.2938175201,-10.0868120193,-3.35524916649,-19.1307468414],[10.3321657181,-78.6201705933,3.51193213463,-19.389787674,3.33233070374,27.8630409241,23.9222774506,114.73475647,52.4173622131,13.0318431854,-8.33460903168,-12.9837646484,-9.09130382538],[-255.995452881,72.3888397217,-56.8283004761,-26.5688476563,1.77522063255,-29.1314926147,20.9568824768,52.4173622131,133.348770142,16.1092834473,13.759979248,-25.8365955353,-1.09109413624],[-91.0940551758,-101.106872559,84.4481124878,-29.5275173187,13.1876239777,22.1585407257,11.2938175201,13.0318431854,16.1092834473,101.178352356,14.1340417862,14.31681633,-11.7804546356],[-179.628005981,32.3321685791,-0.655623197556,3.70191287994,-12.194357872,-20.4735507965,-10.0868120193,-8.33460903168,13.759979248,14.1340417862,78.2304000854,13.7207555771,0.0328646600246],[-134.236465454,-72.8575668335,95.1132736206,8.53267669678,7.25295257568,-18.9540786743,-3.35524916649,-12.9837646484,-25.8365955353,14.31681633,13.7207555771,80.419921875,8.82088851929],[-102.808830261,-5.77527427673,-32.3751907349,-20.7305011749,-18.372253418,-17.2712745667,-19.1307468414,-9.09130382538,-1.09109413624,-11.7804546356,0.0328646600246,8.82088851929,64.9636764526]],"icov":[[0.000358738587238,-0.00035827193642,0.000621279701591,-0.000478264235426,0.000674734299537,-0.00093264708994,0.00116335926577,-0.000605483539402,0.000752954510972,-0.000703399651684,0.00105404399801,-0.000647414068226,0.000866064801812],[-0.00035827193642,0.00291816308163,-0.000405855156714,0.000467307545478,-0.00193236733321,0.00221216236241,-0.00356337963603,0.00303655932657,-0.00202699401416,0.00303017464466,-0.00260399724357,0.00285635120235,-0.000814549566712],[0.000621279701591,-0.000405855156714,0.00316229905002,-0.00157661677804,0.000073084163887,-0.000576557242312,0.00177898979746,-0.00163596810307,0.0023268465884,-0.00288928649388,0.00217344658449,-0.00256906170398,0.00204517273232],[-0.000478264235426,0.000467307545478,-0.00157661677804,0.00372329866514,-0.00187673908658,-0.000540254346561,0.0000787034732639,0.00162049382925,-0.00187736121006,0.00304556870833,-0.00206427369267,0.000641578575596,-0.0003026733757],[0.000674734299537,-0.00193236733321,0.000073084163887,-0.00187673908658,0.00863619986922,-0.00300171552226,-0.0000362771461369,-0.00141639448702,0.00133166275918,-0.00241011590697,0.00341727840714,-0.00213455012999,0.00164242868777],[-0.00093264708994,0.00221216236241,-0.000576557242312,-0.000540254346561,-0.00300171552226,0.0111948763952,-0.00750539684668,-0.0000579019215365,0.00163876963779,-0.000434241490439,-0.00265232333913,0.00511198118329,-0.00257398793474],[0.00116335926577,-0.00356337963603,0.00177898979746,0.0000787034732639,-0.0000362771461369,-0.00750539684668,0.014808755368,-0.00405551865697,0.00139360793401,-0.0030691770371,0.00494130467996,-0.00553731434047,0.00443994347006],[-0.000605483539402,0.00303655932657,-0.00163596810307,0.00162049382925,-0.00141639448702,-0.0000579019215365,-0.00405551865697,0.0156811177731,-0.00849918648601,0.00411192607135,-0.00156350247562,0.00280372286215,-0.000179206675966],[0.000752954510972,-0.00202699401416,0.0023268465884,-0.00187736121006,0.00133166275918,0.00163876963779,0.00139360793401,-0.00849918648601,0.0150907803327,-0.00609818100929,0.000758354726713,0.00156500434969,0.00053992040921],[-0.000703399651684,0.00303017464466,-0.00288928649388,0.00304556870833,-0.00241011590697,-0.000434241490439,-0.0030691770371,0.00411192607135,-0.00609818100929,0.0174658708274,-0.00577305490151,0.00118084810674,0.000470157014206],[0.00105404399801,-0.00260399724357,0.00217344658449,-0.00206427369267,0.00341727840714,-0.00265232333913,0.00494130467996,-0.00156350247562,0.000758354726713,-0.00577305490151,0.0186992157251,-0.00619600340724,0.00315633555874],[-0.000647414068226,0.00285635120235,-0.00256906170398,0.000641578575596,-0.00213455012999,0.00511198118329,-0.00553731434047,0.00280372286215,0.00156500434969,0.00118084810674,-0.00619600340724,0.0204136557877,-0.00485734920949],[0.000866064801812,-0.000814549566712,0.00204517273232,-0.0003026733757,0.00164242868777,-0.00257398793474,0.00443994347006,-0.000179206675966,0.00053992040921,0.000470157014206,0.00315633555874,-0.00485734920949,0.019428897649]],"mean":[4.61706018448,61.7155532837,-118.899620056,43.3429794312,-94.4944076538,4.29715919495,-56.283000946,-3.00566911697,-24.1558227539,-7.22806072235,-17.0563755035,-6.06828832626,-16.486700058]},"hfc":{"dmean":14.9434909821,"dmean2":23.3355178833,"dvar":963.299194336,"dvar2":2320.21606445,"max":1158.88049316,"mean":31.758146286,"median":22.6003074646,"min":1.21524862499e-16,"var":1443.03515625},"melbands":{"dmean":[0.0000275481834251,0.000569653697312,0.000371400587028,0.000777520763222,0.000719453440979,0.000217157561565,0.000298306054901,0.000323223910527,0.000164423894603,0.000140100091812,0.000117043207865,0.0000477957073599,0.000030309873182,0.0000133960284074,0.0000183124666364,0.0000168640181073,0.000030152454201,0.0000300857009279,0.0000171707106347,0.0000094369333965,0.00000614751661487,0.00000773932515585,0.0000153362325364,0.0000118140833365,0.00000665514880893,0.00000574505247641,0.00000513217310072,0.00000714610814612,0.00000606985940976,0.00000517836406289,0.00000820091918285,0.0000082969545474,0.00000914926931728,0.0000104615646705,0.00000967926916928,0.00000749612036088,0.00000566768449062,0.00000459078046333,0.00000326919939653,0.00000178879292889],"dmean2":[0.0000436539667135,0.000956435222179,0.000632595911156,0.00128894660156,0.00116003630683,0.000367706466932,0.000451192056062,0.000506430980749,0.000263026391622,0.000209823134355,0.000188360791071,0.0000760286056902,0.0000476461391372,0.0000218089262489,0.0000299063922284,0.0000270375476248,0.0000480080670968,0.0000472002975584,0.0000276569953712,0.0000154707286129,0.000010027441931,0.0000125417163872,0.0000245402734436,0.0000184329892363,0.0000105026556412,0.00000957166230364,0.00000840587563289,0.0000113687028716,0.00000989506588667,0.00000864573758008,0.0000131855003929,0.0000134231759148,0.0000148425560837,0.0000169341292349,0.0000153826913447,0.0000120117447295,0.00000910825383471,0.00000749271930545,0.00000538941640116,0.0000029186867323],"dvar":[5.12594500179e-9,9.93746425593e-7,4.20921026034e-7,0.00000131027866246,8.77871798366e-7,1.86494418131e-7,3.29626288931e-7,6.09438586707e-7,2.10793814404e-7,1.88003795643e-7,2.02805608751e-7,2.25193250714e-8,1.04820179203e-8,1.06846176351e-9,1.33096522692e-9,1.39425804235e-9,8.04864619397e-9,8.90257556563e-9,2.7492443877e-9,8.19326717583e-10,1.2075311584e-10,1.70234534802e-10,5.74026826072e-10,7.97878541015e-10,2.12415959822e-10,1.38229983015e-10,1.40432943052e-10,1.8267252988e-10,1.16371336178e-10,1.57918358945e-10,3.3021899104e-10,3.81466608301e-10,4.92842322508e-10,7.36943173152e-10,7.02749691772e-10,5.72274727606e-10,3.01967784111e-10,1.26870305928e-10,6.5606353683e-11,1.78323605882e-11],"dvar2":[1.37470399508e-8,0.00000268742792287,0.00000116944272577,0.00000343791884916,0.00000218860145651,4.85565919917e-7,7.09729818027e-7,0.00000140087900036,5.32886247129e-7,3.94742642129e-7,5.60090313684e-7,5.57574111326e-8,2.47388456387e-8,2.66218447287e-9,3.16606185713e-9,3.07483061235e-9,1.98688212549e-8,2.05018810817e-8,6.77084388556e-9,1.79894543706e-9,2.96757229901e-10,4.05396716197e-10,1.38832489949e-9,1.87188642364e-9,4.65145255646e-10,3.51761481054e-10,2.97538382821e-10,3.68230279602e-10,2.90291152227e-10,3.83496068235e-10,7.5665351762e-10,8.09598721396e-10,1.10576248158e-9,1.78371839521e-9,1.69265679251e-9,1.46621592645e-9,8.1953682729e-10,3.34703070815e-10,1.70423355983e-10,4.63478873336e-11],"max":[0.00321478326805,0.0131103396416,0.00811335816979,0.0106974709779,0.0106531977654,0.00820060446858,0.011818270199,0.0127335833386,0.00986399315298,0.00798026844859,0.0108959292993,0.0039862091653,0.00338558875956,0.000895853969269,0.00106279551983,0.00206704670563,0.00246582063846,0.00286732986569,0.001567898551,0.00100474001374,0.000191925515537,0.000386438012356,0.000619950587861,0.00101028790232,0.000775111257099,0.000276023696642,0.00039060562267,0.000442178134108,0.000275663827779,0.000457002519397,0.000643763691187,0.000501102767885,0.00053973426111,0.000634569791146,0.000929702364374,0.00116330222227,0.000787579163443,0.000345395324985,0.000254529120866,0.000113800590043],"mean":[0.000043887168431,0.000789287907537,0.000573711120524,0.00102689000778,0.000964846520219,0.000298056693282,0.000598729064222,0.000598529877607,0.000245283416007,0.000205759322853,0.000181688636076,0.000072568494943,0.0000486839089717,0.0000193701762328,0.0000256429648289,0.0000264812570094,0.0000506846226926,0.0000563068751944,0.0000270018899755,0.000013600724742,0.0000112219659059,0.0000143781862789,0.0000272062679869,0.0000209251884371,0.0000119513997561,0.00000950717003434,0.00000768314112065,0.0000117876606964,0.000010141256098,0.0000084281546151,0.0000112346951937,0.0000111947902042,0.0000138850427902,0.0000143624774864,0.0000133282692332,0.00000940086010814,0.0000068401786848,0.0000055201367104,0.00000371647797692,0.00000190582898085],"median":[0.0000112707639346,0.000333077041432,0.000328253314365,0.000592680997215,0.000573575496674,0.000138411007356,0.000218959874474,0.000143233060953,0.0000591904572502,0.0000237274944084,0.0000264199770754,0.0000133563207783,0.0000165241581271,0.00000693469928592,0.0000105600101961,0.0000107203677544,0.0000112611523946,0.00000885358986125,0.00000566935841562,0.00000444182387582,0.00000672474061503,0.00000917382294574,0.0000144009809446,0.00000722500908523,0.00000748853881305,0.00000585891029914,0.00000408924915973,0.00000606658659308,0.00000579147263124,0.00000476978993902,0.00000506045307702,0.00000452046651844,0.00000702807119524,0.00000644318242848,0.00000554890630156,0.00000383176029572,0.00000286767954094,0.00000215702107198,0.00000131242200041,6.16033730694e-7],"min":[2.14677549911e-24,2.06670024021e-23,1.39611419715e-23,1.05142426451e-23,7.97970513182e-24,7.19907520129e-24,1.22193970462e-23,1.64107049657e-23,2.65172311629e-23,1.55451431147e-23,5.56411561571e-24,8.83385295442e-24,1.70083475653e-23,7.31547951646e-24,1.23228742977e-23,6.60453361399e-24,8.30787047953e-24,8.4891033839e-24,1.22015348687e-23,1.17483129794e-23,8.31747959422e-24,1.20929047777e-23,2.39666482188e-23,1.04576568635e-23,4.8026333115e-24,6.19691774578e-24,8.20296854522e-24,1.0652092144e-23,1.13151368346e-23,9.00667660154e-24,9.26845535977e-24,1.61986765094e-23,1.15240445572e-23,9.43758477127e-24,9.57165878186e-24,1.58483970239e-23,1.42132051188e-23,1.06488128492e-23,7.65633053639e-24,1.10312029178e-23],"var":[7.08728009613e-9,0.00000137095491937,5.26102269305e-7,0.00000154998667767,0.00000125659482819,2.80082815607e-7,0.00000110954567845,0.00000209956692743,3.86418406606e-7,3.89430425685e-7,4.2960144242e-7,4.76550958695e-8,2.17008118142e-8,1.82770309998e-9,2.71022493337e-9,3.48220208224e-9,2.18229398996e-8,3.11655057317e-8,4.9446322592e-9,1.49045986664e-9,2.26069635234e-10,3.50796974802e-10,1.33949507042e-9,1.57722812588e-9,3.73762021333e-10,1.7989182366e-10,2.28726607099e-10,3.40858702375e-10,1.87560009191e-10,2.22681845186e-10,5.47901446435e-10,6.70085653631e-10,7.33668681363e-10,1.06772257702e-9,1.02826380743e-9,5.73540048787e-10,2.57330323716e-10,1.21648802143e-10,6.35979532926e-11,1.74143754972e-11]},"melbands_crest":{"dmean":3.8820848465,"dmean2":6.42597389221,"dvar":10.806312561,"dvar2":28.0858516693,"max":36.1754798889,"mean":14.9634847641,"median":14.2362947464,"min":1.54071748257,"var":27.6836662292},"melbands_flatness_db":{"dmean":0.0328305177391,"dmean2":0.0519137121737,"dvar":0.000899090548046,"dvar2":0.00217805826105,"max":0.36945810914,"mean":0.167622998357,"median":0.160684794188,"min":0.00089717953233,"var":0.00309225963429},"melbands_kurtosis":{"dmean":10.4161844254,"dmean2":16.9684238434,"dvar":185.601348877,"dvar2":494.39276123,"max":195.87600708,"mean":19.0320415497,"median":14.2977952957,"min":-1.89972901344,"var":307.636627197},"melbands_skewness":{"dmean":0.954789161682,"dmean2":1.5080858469,"dvar":0.900335073471,"dvar2":2.33356046677,"max":12.0492858887,"mean":3.44605660439,"median":3.36961984634,"min":-1.65020954609,"var":2.5598526001},"melbands_spread":{"dmean":13.3878164291,"dmean2":21.5472583771,"dvar":385.712341309,"dvar2":921.155029297,"max":232.492553711,"mean":28.7801189423,"median":22.0080604553,"min":1.50692331791,"var":674.435180664},"mfcc":{"cov":[[6666.81152344,-709.63494873,-195.186233521,-180.633071899,-20.6531639099,76.0787353516,-72.711265564,-3.75474715233,-68.3537216187,35.9409790039,-62.2580528259,-98.4592590332,-188.396377563],[-709.63494873,890.005371094,-164.508499146,27.5941257477,-66.5370788574,44.954662323,38.8215293884,48.1234169006,11.4596996307,12.219786644,43.4285163879,-19.9241275787,-17.9891395569],[-195.186233521,-164.508499146,473.24432373,176.413711548,115.777893066,51.3288955688,38.0732154846,-17.5138511658,-9.00347805023,-59.1116981506,-16.3310050964,50.1916465759,51.2747154236],[-180.633071899,27.5941257477,176.413711548,344.171081543,125.564002991,76.9692230225,19.2347202301,29.9767036438,0.300555050373,-58.0289230347,-27.8148956299,47.9594993591,47.362071991],[-20.6531639099,-66.5370788574,115.777893066,125.564002991,182.102020264,48.6966667175,31.0422134399,12.2761325836,17.948600769,-3.77011036873,-6.41858577728,19.1830005646,25.974571228],[76.0787353516,44.954662323,51.3288955688,76.9692230225,48.6966667175,217.510848999,119.823921204,37.354385376,26.4214439392,7.07481765747,21.3465576172,-2.62217617035,-2.01435184479],[-72.711265564,38.8215293884,38.0732154846,19.2347202301,31.0422134399,119.823921204,168.177764893,46.9009246826,19.2508945465,6.41366100311,15.3931350708,1.88918828964,2.59186911583],[-3.75474715233,48.1234169006,-17.5138511658,29.9767036438,12.2761325836,37.354385376,46.9009246826,115.044067383,41.7735176086,15.2242012024,17.4170284271,8.99862575531,-1.98854267597],[-68.3537216187,11.4596996307,-9.00347805023,0.300555050373,17.948600769,26.4214439392,19.2508945465,41.7735176086,108.42817688,48.6858978271,26.8297843933,-4.08057689667,-3.65896224976],[35.9409790039,12.219786644,-59.1116981506,-58.0289230347,-3.77011036873,7.07481765747,6.41366100311,15.2242012024,48.6858978271,116.18837738,41.7863426208,-5.94704723358,-10.6906118393],[-62.2580528259,43.4285163879,-16.3310050964,-27.8148956299,-6.41858577728,21.3465576172,15.3931350708,17.4170284271,26.8297843933,41.7863426208,91.8193740845,27.3511562347,4.94564771652],[-98.4592590332,-19.9241275787,50.1916465759,47.9594993591,19.1830005646,-2.62217617035,1.88918828964,8.99862575531,-4.08057689667,-5.94704723358,27.3511562347,96.0478210449,39.7852592468],[-188.396377563,-17.9891395569,51.2747154236,47.362071991,25.974571228,-2.01435184479,2.59186911583,-1.98854267597,-3.65896224976,-10.6906118393,4.94564771652,39.7852592468,85.5442962646]],"icov":[[0.000192024701391,0.000179464448593,0.0000959717435762,0.0000543180212844,-0.0000415516879002,-0.000255336053669,0.000207684381166,-0.00014177581761,0.000220653688302,-0.0000660608930048,0.0000732927001081,-3.50815298589e-7,0.000367166183423],[0.000179464448593,0.00153540959582,0.000630130118225,-0.000641887658276,0.000576290825848,-0.000232378253713,-0.0001726578339,-0.000326648296323,0.000314885488478,0.0000824982271297,-0.000801707035862,0.000509692938067,0.000346069777152],[0.0000959717435762,0.000630130118225,0.0033288304694,-0.00113592529669,-0.000865614332724,-0.0000946727377595,-0.000754110980779,0.0010103789391,-0.000254234531894,0.0010799432639,-0.000316507852403,-0.000581110827625,-0.000302905478748],[0.0000543180212844,-0.000641887658276,-0.00113592529669,0.00600396888331,-0.0028174649924,-0.00229498906992,0.00215122872032,-0.00166375935078,-0.000131753375172,0.00171111372765,0.00215128622949,-0.00198537204415,-0.00095382949803],[-0.0000415516879002,0.000576290825848,-0.000865614332724,-0.0028174649924,0.00854831561446,-0.000175811408553,-0.00104411877692,0.000373339484213,-0.000955277821049,-0.00135406851768,0.000268622912699,0.000357892888132,-0.000843059970066],[-0.000255336053669,-0.000232378253713,-0.0000946727377595,-0.00229498906992,-0.000175811408553,0.00929915346205,-0.00630522100255,0.000800453824922,-0.000880043371581,-0.000115041759273,-0.00223876978271,0.00159549247473,0.000533556216396],[0.000207684381166,-0.0001726578339,-0.000754110980779,0.00215122872032,-0.00104411877692,-0.00630522100255,0.0115197077394,-0.00354386749677,0.000838445790578,0.000175824054168,0.000671467278153,-0.000338363839546,-0.000404414342484],[-0.00014177581761,-0.000326648296323,0.0010103789391,-0.00166375935078,0.000373339484213,0.000800453824922,-0.00354386749677,0.0123126702383,-0.00436062924564,0.000395900948206,-0.000722909579054,-0.00131185236387,0.000748562917579],[0.000220653688302,0.000314885488478,-0.000254234531894,-0.000131753375172,-0.000955277821049,-0.000880043371581,0.000838445790578,-0.00436062924564,0.0138710737228,-0.00487361103296,-0.00161653175019,0.0017136989627,0.000200752809178],[-0.0000660608930048,0.0000824982271297,0.0010799432639,0.00171111372765,-0.00135406851768,-0.000115041759273,0.000175824054168,0.000395900948206,-0.00487361103296,0.0136381657794,-0.00452043209225,0.000615567609202,0.000160476571182],[0.0000732927001081,-0.000801707035862,-0.000316507852403,0.00215128622949,0.000268622912699,-0.00223876978271,0.000671467278153,-0.000722909579054,-0.00161653175019,-0.00452043209225,0.0168676953763,-0.00626342138276,0.000123792880913],[-3.50815298589e-7,0.000509692938067,-0.000581110827625,-0.00198537204415,0.000357892888132,0.00159549247473,-0.000338363839546,-0.00131185236387,0.0017136989627,0.000615567609202,-0.00626342138276,0.0160896256566,-0.00550808850676],[0.000367166183423,0.000346069777152,-0.000302905478748,-0.00095382949803,-0.000843059970066,0.000533556216396,-0.000404414342484,0.000748562917579,0.000200752809178,0.000160476571182,0.000123792880913,-0.00550808850676,0.016162307933]],"mean":[-626.501281738,77.5406341553,19.8496074677,21.1609325409,-8.90305995941,-3.75628662109,-21.0361766815,-4.07934331894,-14.9840459824,-5.29140949249,-4.52786588669,-3.7228140831,-10.6395654678]},"pitch_salience":{"dmean":0.0911620780826,"dmean2":0.148895904422,"dvar":0.00650961557403,"dvar2":0.0167486183345,"max":0.946269035339,"mean":0.544419288635,"median":0.551698923111,"min":0.129932790995,"var":0.0134612871334},"silence_rate_20dB":{"dmean":0,"dmean2":0,"dvar":0,"dvar2":0,"max":1,"mean":1,"median":1,"min":1,"var":0},"silence_rate_30dB":{"dmean":0.000326797395246,"dmean2":0.00065370160155,"dvar":0.000326699402649,"dvar2":0.000653309514746,"max":1,"mean":0.999673247337,"median":1,"min":0,"var":0.000326646084432},"silence_rate_60dB":{"dmean":0.00163398694713,"dmean2":0.00326850800775,"dvar":0.00163148483261,"dvar2":0.00391205353662,"max":1,"mean":0.0287534724921,"median":0,"min":0,"var":0.0279260724783},"spectral_centroid":{"dmean":399.159729004,"dmean2":627.896484375,"dvar":198026.6875,"dvar2":443119.71875,"max":11092.34375,"mean":1482.19812012,"median":1377.46826172,"min":280.45513916,"var":507394.0625},"spectral_complexity":{"dmean":4.03333330154,"dmean2":6.55074357986,"dvar":21.4840812683,"dvar2":52.7272186279,"max":54,"mean":17.3123664856,"median":17,"min":0,"var":54.7895240784},"spectral_contrast_coeffs":{"dmean":[0.0589115954936,0.053797878325,0.046345423907,0.0376573055983,0.034826695919,0.0279327593744],"dmean2":[0.0963398516178,0.0867181867361,0.0710579901934,0.0588225051761,0.0531251467764,0.0415645353496],"dvar":[0.0021334765479,0.00194117997307,0.00149708916433,0.000960011035204,0.000837063009385,0.000614458345808],"dvar2":[0.00556073896587,0.00493875611573,0.00341753521934,0.00228902255185,0.00185256032273,0.00139922194649],"max":[-0.265958756208,-0.328282088041,-0.4053209126,-0.498971164227,-0.583480417728,-0.580932438374],"mean":[-0.503199338913,-0.684907257557,-0.736539304256,-0.759480535984,-0.752497434616,-0.734525740147],"median":[-0.500529229641,-0.6978495121,-0.748077452183,-0.766831219196,-0.751644551754,-0.734502315521],"min":[-0.965738534927,-0.987289965153,-0.990245521069,-0.96348285675,-0.964715719223,-0.961630225182],"var":[0.00763543415815,0.00832586828619,0.00687845889479,0.00420044269413,0.00276056234725,0.00225815037265]},"spectral_contrast_valleys":{"dmean":[0.500051915646,0.400293290615,0.446253627539,0.464619666338,0.451105177402,0.596113741398],"dmean2":[0.807075917721,0.637259602547,0.699516773224,0.724529445171,0.681970000267,0.835526168346],"dvar":[0.178737848997,0.133945792913,0.170027315617,0.193685740232,0.203199580312,0.355084359646],"dvar2":[0.431585848331,0.296483576298,0.380268841982,0.44230261445,0.43338727951,0.748709022999],"max":[-6.25465869904,-4.97279834747,-5.63200139999,-6.04398727417,-5.1530456543,-6.4221944809],"mean":[-8.34193706512,-6.8431930542,-7.96511697769,-8.18303966522,-7.7251739502,-9.58904075623],"median":[-8.24123477936,-6.71268463135,-7.88314723969,-8.08810424805,-7.59357833862,-9.47925662994],"min":[-27.3747158051,-27.64884758,-27.3385372162,-27.4951896667,-27.1774272919,-27.1982631683],"var":[1.07316982746,1.07382321358,1.10715317726,1.1855546236,1.18356108665,1.43754148483]},"spectral_decrease":{"dmean":1.91452365073e-9,"dmean2":3.07778180719e-9,"dvar":4.2075203602e-18,"dvar2":1.02228745548e-17,"max":2.41818753089e-25,"mean":-5.65933211405e-9,"median":-5.10338349358e-9,"min":-2.09028900855e-8,"var":1.12825739832e-17},"spectral_energy":{"dmean":0.00801135227084,"dmean2":0.0127756502479,"dvar":0.0000778844187153,"dvar2":0.000185300697922,"max":0.166278705001,"mean":0.0242401976138,"median":0.0217232313007,"min":1.11704327844e-20,"var":0.000210120604606},"spectral_energyband_high":{"dmean":0.00177011394408,"dmean2":0.00278918957338,"dvar":0.0000170868152054,"dvar2":0.0000403048616135,"max":0.156420230865,"mean":0.00275197904557,"median":0.0014611313818,"min":8.24507865978e-21,"var":0.0000239140317717},"spectral_energyband_low":{"dmean":0.00213782372884,"dmean2":0.00361571204849,"dvar":0.0000138624563988,"dvar2":0.0000382001489925,"max":0.0487312301993,"mean":0.00318402401172,"median":0.00160156632774,"min":9.22283537585e-23,"var":0.0000193186915567},"spectral_energyband_middle_high":{"dmean":0.00139295274857,"dmean2":0.00212863064371,"dvar":0.00000555185442863,"dvar2":0.0000124935340864,"max":0.0502642132342,"mean":0.003825355554,"median":0.00201038247906,"min":1.51954724405e-21,"var":0.0000295666013699},"spectral_energyband_middle_low":{"dmean":0.00643432466313,"dmean2":0.0103393113241,"dvar":0.000053734453104,"dvar2":0.000134531277581,"max":0.0724416226149,"mean":0.0151788322255,"median":0.0124011654407,"min":4.11251011837e-22,"var":0.000130707936478},"spectral_entropy":{"dmean":0.262476295233,"dmean2":0.401847481728,"dvar":0.0675008520484,"dvar2":0.148631930351,"max":9.81174945831,"mean":7.66526412964,"median":7.67861890793,"min":5.79551172256,"var":0.19361461699},"spectral_flux":{"dmean":0.027595166117,"dmean2":0.0432060472667,"dvar":0.000700039789081,"dvar2":0.00153997784946,"max":0.387667119503,"mean":0.0881685167551,"median":0.0847528427839,"min":1.05690269037e-10,"var":0.001848670654},"spectral_kurtosis":{"dmean":0.801597416401,"dmean2":1.33333158493,"dvar":0.936735033989,"dvar2":2.40193367004,"max":18.3759975433,"mean":1.53756380081,"median":1.11586344242,"min":-1.16135764122,"var":2.46832060814},"spectral_rms":{"dmean":0.000801187066827,"dmean2":0.00126130995341,"dvar":6.42009183593e-7,"dvar2":0.0000014894915239,"max":0.0127366837114,"mean":0.0046143787913,"median":0.00460362853482,"min":3.30120934929e-12,"var":0.00000235652896663},"spectral_rolloff":{"dmean":1309.31628418,"dmean2":2222.92919922,"dvar":3202781.75,"dvar2":7640435.5,"max":19078.4179688,"mean":2382.75854492,"median":1571.92382813,"min":43.06640625,"var":5276479},"spectral_skewness":{"dmean":0.174597859383,"dmean2":0.278239309788,"dvar":0.0342595800757,"dvar2":0.0799995884299,"max":3.38555169106,"mean":1.04544103146,"median":0.987135887146,"min":-0.173096105456,"var":0.138504445553},"spectral_spread":{"dmean":738599.125,"dmean2":1058248,"dvar":700382314496,"dvar2":1356077072380,"max":38846992,"mean":5981524.5,"median":5840212.5,"min":2916418.5,"var":1939988283390},"spectral_strongpeak":{"dmean":0.595332682133,"dmean2":0.976109564304,"dvar":1.00642728806,"dvar2":2.46000123024,"max":24.854927063,"mean":1.18346631527,"median":0.737306177616,"min":0,"var":1.81561124325},"zerocrossingrate":{"dmean":0.0169933848083,"dmean2":0.0206326954067,"dvar":0.000305948429741,"dvar2":0.000421214295784,"max":0.49365234375,"mean":0.084952481091,"median":0.078125,"min":0.0087890625,"var":0.00179348199163}},"metadata":{"audio_properties":{"analysis_sample_rate":44100,"bit_rate":192035,"codec":"mp3","downmix":"mix","equal_loudness":0,"length":142.106124878,"lossless":false,"md5_encoded":"56f3112411c9443831c2d53b9fe6af5d","replay_gain":-6.43361663818,"sample_rate":44100},"tags":{"album":["Prophet, Seers & Sages The Angels Of The Ages"],"albumartist":["Tyrannosaurus Rex"],"artist":["Tyrannosaurus Rex"],"artistwebpage":["http://home.earthlink.net/~apawlo/trex.html"],"asin":["B000666UTI"],"barcode":["731454101028"],"bpm":["92"],"composer":["Marc Bolan"],"contentgroup":["Funky"],"date":["1998"],"discnumber":["1/1"],"file_name":"C:\\Users\\KMC\\Music\\iTunes\\iTunes Media\\Music\\Tyrannosaurus Rex\\Prophet, Seers & Sages The Angels Of The\\04 Consuela.mp3","genre":["Psychedelic"],"initialkey":["Am"],"language":["eng"],"musicbrainz_recordingid":["f0d83894-b61e-4a51-bac2-06d26d4b21f9"],"musicip_puid":["16e1aa68-e02b-afaf-8942-b2d6322c8481"],"title":["Consuela"],"tracknumber":["4/14"]},"version":{"essentia":"2.1-beta2","essentia_build_sha":"2d9f1f26377add8aeb1075a9c2973f962c4f09fd","essentia_git_sha":"v2.1_beta2-1-ge3940c0","extractor":"music 1.0"}},"rhythm":{"beats_count":425,"beats_loudness":{"dmean":0.0120787192136,"dmean2":0.0209307875484,"dvar":0.000123431324027,"dvar2":0.000368141889339,"max":0.0982272550464,"mean":0.0334760136902,"median":0.0318780764937,"min":1.01408737407e-7,"var":0.000195834596525},"beats_loudness_band_ratio":{"dmean":[0.147469490767,0.213822603226,0.172928482294,0.0518671125174,0.0460782721639,0.0853402391076],"dmean2":[0.249947398901,0.369108587503,0.293775528669,0.0938582792878,0.0801878347993,0.151800334454],"dvar":[0.0195534769446,0.0263955183327,0.0276085268706,0.00729897618294,0.0049703954719,0.00942381750792],"dvar2":[0.0553693808615,0.0732996985316,0.0745965838432,0.021460