{"lowlevel":{"average_loudness":0.86409085989,"barkbands":{"dmean":[0.0000262136709352,0.00355303729884,0.00300030061044,0.00211758702062,0.000992363318801,0.00064784148708,0.000506411015522,0.000554987112992,0.000701838813256,0.00111896742601,0.000701830082107,0.000618165067863,0.000499698158819,0.000645739492029,0.000670504115988,0.000274959718809,0.000161524425494,0.000155853616889,0.000106053659692,0.0000625929460512,0.0000488795303681,0.0000381404133805,0.0000310539217026,0.0000306740221276,0.0000323247222695,0.0000210231646633,3.45138346347e-7],"dmean2":[0.0000435867004853,0.0057912087068,0.00505791744217,0.00369697529823,0.00158878101502,0.00102573237382,0.000791986065451,0.000880811421666,0.00105210242327,0.00176470831502,0.00109842454549,0.000978158204816,0.00079837848898,0.00104278104845,0.00108406390063,0.000426196289482,0.00025592482416,0.000241887493758,0.000166442085174,0.0000976316441665,0.0000789341283962,0.0000613856245764,0.0000497957480547,0.0000485038617626,0.0000484904194309,0.0000308911257889,5.56710688215e-7],"dvar":[2.75354228307e-9,0.0000258556392509,0.0000167951257026,0.0000110868286356,0.0000022324186375,8.9823822691e-7,8.3354666458e-7,0.0000015880070805,0.00000413672478317,0.000012448198504,0.00000708885363565,0.00000281636062027,0.00000117350441542,0.00000234170965996,0.0000022683300358,5.9445773104e-7,1.43527387308e-7,1.50827830225e-7,4.01757738189e-8,1.12742606362e-8,8.88601725535e-9,6.19577855687e-9,3.99803790074e-9,6.00609162404e-9,1.32318263013e-8,3.74082675947e-9,1.24940400907e-12],"dvar2":[6.51352882741e-9,0.0000725853387848,0.0000453212196589,0.000032122432458,0.00000557422117708,0.00000224112591241,0.0000020341904019,0.00000392916854253,0.00000849591378937,0.0000293691155093,0.0000166910685948,0.00000725616837371,0.00000288213459498,0.00000602884711043,0.00000606613275522,0.00000124193070405,3.0764431358e-7,3.18065332294e-7,9.27229919512e-8,2.50285232539e-8,2.03867873694e-8,1.53207846409e-8,9.96253302077e-9,1.41456819591e-8,2.93586452926e-8,8.1350828296e-9,2.872293332e-12],"max":[0.00116277486086,0.0697055384517,0.0522074401379,0.0513738431036,0.0212698690593,0.0222752969712,0.0257168356329,0.0341838784516,0.0818302705884,0.137556403875,0.0905395522714,0.0584312789142,0.0406872928143,0.0416291840374,0.0403021611273,0.0394960045815,0.0168039128184,0.0233239103109,0.00481869885698,0.00507034594193,0.00724589871243,0.00155821931548,0.00124972790945,0.00255688116886,0.00515730958432,0.00194676616229,0.0000477184839838],"mean":[0.0000309500610456,0.00671933870763,0.0044561852701,0.00251505430788,0.00184160552453,0.00126152159646,0.000914678559639,0.000930527923629,0.00126053253189,0.00195266958326,0.00128223001957,0.00110081164166,0.000929993344471,0.00117136177141,0.00130085565615,0.000505811418407,0.000337200966896,0.000311798998155,0.000228887773119,0.000134442714625,0.0000983572099358,0.0000708483348717,0.0000560148182558,0.0000521461770404,0.0000503275332449,0.0000284889465547,3.36009094326e-7],"median":[0.0000130499120132,0.00388693809509,0.00277487118728,0.00122452527285,0.001184562454,0.000758203910664,0.000451832427643,0.000338160898536,0.000351436785422,0.000437230191892,0.000176039407961,0.000319497979945,0.000350776797859,0.000362293241778,0.000505215255544,0.000167073478224,0.000155105080921,0.00012341888214,0.000107304396806,0.0000777485547587,0.0000603666485404,0.0000354852709279,0.000031178806239,0.0000248068172368,0.0000178164555109,0.00000799479312263,3.26888311974e-8],"min":[4.09049431854e-26,5.11290680084e-25,1.60313318957e-24,4.72836718487e-25,1.01339754012e-23,6.44762484121e-24,9.60756378596e-24,7.53564901739e-24,1.48423500897e-23,1.72717403329e-23,1.404284114e-23,1.55466340618e-23,2.94897158517e-23,2.84519503982e-23,4.77707879356e-23,6.23500639575e-23,5.87416122286e-23,8.17633628551e-23,1.08898158511e-22,1.79810392516e-22,2.1043278641e-22,2.91095252851e-22,3.39016621712e-22,5.65667845596e-22,8.91490774979e-22,1.01852489619e-21,1.8905259348e-21],"var":[3.94222565703e-9,0.0000702110774,0.0000258034688159,0.0000124317139125,0.00000470653549201,0.00000272734564533,0.00000206940489988,0.00000346046590494,0.000012001446521,0.0000325486253132,0.0000219699395529,0.00000786566761235,0.00000308599783239,0.00000639923746348,0.00000574421437705,0.00000180444794751,6.02033651376e-7,5.41965334833e-7,1.34375753191e-7,3.73734501125e-8,2.45323796833e-8,1.05117328175e-8,5.93912075075e-9,9.15182152283e-9,1.84716419938e-8,5.0889159553e-9,1.3324143221e-12]},"barkbands_crest":{"dmean":2.54744672775,"dmean2":4.2027797699,"dvar":4.64628458023,"dvar2":12.5257740021,"max":26.228553772,"mean":9.56748771667,"median":8.72556686401,"min":2.51322579384,"var":15.5243682861},"barkbands_flatness_db":{"dmean":0.0209237039089,"dmean2":0.0328884795308,"dvar":0.000319154205499,"dvar2":0.000775927561335,"max":0.39156511426,"mean":0.137110158801,"median":0.136296987534,"min":0.0313155166805,"var":0.00196674885228},"barkbands_kurtosis":{"dmean":1.92447340488,"dmean2":3.13285088539,"dvar":9.22731208801,"dvar2":23.5948238373,"max":81.1414871216,"mean":2.31681776047,"median":0.735551595688,"min":-1.84717571735,"var":25.8390979767},"barkbands_skewness":{"dmean":0.474258333445,"dmean2":0.755526602268,"dvar":0.181415349245,"dvar2":0.454039692879,"max":7.39811611176,"mean":1.06780219078,"median":1.01223349571,"min":-6.14799642563,"var":1.30874145031},"barkbands_spread":{"dmean":4.61459732056,"dmean2":7.50640630722,"dvar":20.8188915253,"dvar2":54.3422927856,"max":120.84312439,"mean":21.500038147,"median":21.0403327942,"min":0.530887544155,"var":81.2046051025},"dissonance":{"dmean":0.0185437146574,"dmean2":0.0316210612655,"dvar":0.000364535284461,"dvar2":0.00103120214771,"max":0.500000059605,"mean":0.465955555439,"median":0.471653372049,"min":0.120930194855,"var":0.000636955781374},"dynamic_complexity":4.27254772186,"erbbands":{"dmean":[0.0460934340954,0.981422185898,3.15320611,5.5276389122,5.15908145905,2.60989928246,3.85048747063,5.69044733047,7.3066740036,7.43491077423,14.5521354675,15.8258924484,25.5260009766,35.042388916,25.1390419006,29.0643005371,22.7671222687,32.2700004578,34.168926239,24.5452308655,12.0162906647,7.71474123001,7.18589067459,6.67247819901,4.50213241577,3.03963518143,2.22337627411,1.71532213688,1.42977941036,1.05562090874,0.878723621368,0.695217370987,0.479921400547,0.31532856822,0.226475343108,0.133643940091,0.0342041142285,0.00288666598499,0.0000624565727776,0.0000112918423838],"dmean2":[0.0739572122693,1.60271787643,5.23164701462,9.65305328369,8.59480762482,4.15799999237,5.96907663345,9.24039077759,11.5593948364,11.3826274872,22.9977340698,23.7671451569,40.0795059204,54.0567359924,38.5542297363,46.2390098572,36.1669273376,51.8637046814,55.3470306396,39.0477905273,18.3174552917,12.1734933853,11.0777196884,10.3831157684,7.09335374832,4.76915597916,3.53254413605,2.80824685097,2.31954145432,1.70310366154,1.41417837143,1.12526249886,0.753867328167,0.470089495182,0.336358785629,0.201031848788,0.0511079616845,0.00430250400677,0.0000920211023185,0.0000173272346728],"dvar":[0.00482035055757,1.94318175316,18.1222553253,59.7805938721,80.996673584,17.0387687683,42.7802772522,83.6726531982,178.455352783,198.142379761,1126.5958252,2108.4987793,5771.17480469,15210.40625,7100.19580078,5984.21582031,2339.60205078,6203.04931641,7042.64208984,3357.5234375,1449.14111328,339.027313232,321.756225586,196.049377441,75.9572296143,26.5431556702,18.877286911,9.83674621582,8.91496181488,4.60841464996,3.26769256592,2.44082450867,2.16498541832,1.33620393276,0.729491055012,0.161111682653,0.00980303063989,0.0000689975277055,3.0289747599e-8,1.96739805003e-10],"dvar2":[0.0122238621116,5.49909257889,48.507610321,169.367675781,221.935409546,38.883895874,95.2517776489,216.721832275,439.146484375,448.327301025,2755.2956543,4317.12451172,13567.5615234,32914.296875,16099.8007812,15550.0175781,5676.11230469,15886.8242188,19407.8769531,7974.57421875,2757.52636719,731.098144531,645.170288086,430.603393555,186.62097168,62.2775878906,42.8170700073,24.8039989471,22.43268013,11.5295724869,8.15582275391,6.09309434891,5.01918697357,3.00643444061,1.55897319317,0.34614315629,0.0223663579673,0.000154586756253,6.63853043648e-8,4.30148167085e-10],"max":[1.59552407265,18.0035972595,50.0424041748,112.07938385,125.850341797,115.49836731,278.392852783,201.608291626,423.646148682,414.828308105,923.912536621,1725.58227539,2555.11206055,5377.56640625,2896.94335938,2792.96289062,2109.45996094,2116.71020508,2479.47314453,1697.72351074,2441.78955078,1016.69946289,1274.73852539,652.104248047,256.202148438,193.501220703,411.928253174,45.547164917,66.0361557007,38.3178596497,48.4774742126,38.2579689026,69.5129852295,50.8926086426,46.3793907166,14.0515575409,2.83816790581,0.263151556253,0.00550897652283,0.000317738973536],"mean":[0.094828337431,1.85150420666,5.32076406479,7.26636314392,7.27467012405,5.46481895447,7.95047616959,10.0961923599,13.46600914,13.9227361679,24.435344696,29.2936782837,45.0798797607,64.5394287109,48.6969909668,53.81615448,45.4319610596,61.5875549316,67.7440338135,50.7445907593,26.1720371246,17.6489772797,15.6455392838,14.8747425079,10.2809791565,6.73359060287,4.75225734711,3.35559749603,2.63047003746,1.89042520523,1.59103238583,1.19693648815,0.788027942181,0.49848729372,0.332702696323,0.19740152359,0.0440820381045,0.00354425725527,0.0000944252751651,0.0000387834370486],"median":[0.0514757372439,1.11054301262,3.40083837509,4.51167726517,3.70359492302,3.23649024963,4.02458810806,5.86833524704,6.77849960327,7.1398191452,9.29098320007,10.1439828873,14.0755748749,14.8331127167,12.1069545746,19.5005455017,19.8821716309,22.7804489136,29.2942562103,18.3203811646,10.8270606995,8.54826259613,7.42457580566,6.14509916306,4.97249507904,3.95848178864,2.94604253769,2.01556706429,1.32302939892,1.03196907043,0.886178970337,0.595121145248,0.345829904079,0.18929335475,0.101407691836,0.0621315352619,0.0113232452422,0.000875021331012,0.0000413149318774,0.0000353889117832],"min":[9.15742366068e-23,4.31025066293e-22,2.04051340924e-21,4.28766889474e-21,8.88188979359e-21,2.56801274627e-20,3.11680330029e-20,7.83398459718e-20,1.12926257786e-19,1.53568756133e-19,1.99956204779e-19,3.47931707782e-19,4.1922842103e-19,6.99210395117e-19,7.98413287101e-19,1.19808963999e-18,1.47058071815e-18,1.70163335634e-18,2.08523381592e-18,3.5129512755e-18,3.87712705275e-18,3.97997786294e-18,3.72406058912e-18,5.63629867891e-18,6.50678095576e-18,8.82452407494e-18,8.8910715824e-18,9.49067412892e-18,1.13392639793e-17,8.59035089788e-18,1.1896984717e-17,1.01868061714e-17,9.67844660951e-18,7.65926564704e-18,6.78275653225e-18,3.84321678354e-18,1.86923669206e-18,9.75557892689e-19,2.31539330585e-19,2.58050236572e-20],"var":[0.0183791853487,5.02154159546,33.0463905334,71.7791824341,100.54410553,67.5071411133,175.935897827,203.667694092,450.527587891,510.662750244,2398.91430664,6171.28662109,12643.3574219,42925.7460938,22157.5039062,15860.8388672,6268.02587891,16700.6367188,17596.046875,10399.234375,5261.8125,1514.33398438,1232.76904297,711.679321289,268.806396484,90.3639373779,80.9525527954,17.2720069885,14.4533405304,6.87583446503,4.88443660736,3.62511873245,2.99483585358,1.75451111794,1.03667342663,0.237904831767,0.0123406145722,0.0000869813593454,4.02575395242e-8,7.41484484923e-10]},"erbbands_crest":{"dmean":3.0403072834,"dmean2":4.9755191803,"dvar":7.65327215195,"dvar2":19.6791629791,"max":33.3192901611,"mean":10.4646377563,"median":9.30729675293,"min":2.36090803146,"var":27.1443595886},"erbbands_flatness_db":{"dmean":0.0169965270907,"dmean2":0.0258455723524,"dvar":0.000256404775428,"dvar2":0.000557902501896,"max":0.468271881342,"mean":0.161933302879,"median":0.157776549459,"min":0.0408515930176,"var":0.00258508371189},"erbbands_kurtosis":{"dmean":1.01087665558,"dmean2":1.64457011223,"dvar":3.76588392258,"dvar2":10.0402832031,"max":99.4461288452,"mean":1.17593336105,"median":0.392307043076,"min":-1.56878006458,"var":12.5364751816},"erbbands_skewness":{"dmean":0.341417223215,"dmean2":0.539388716221,"dvar":0.0929402187467,"dvar2":0.228614196181,"max":4.66591262817,"mean":-0.0343157276511,"median":-0.0195717290044,"min":-3.53610086441,"var":0.383793383837},"erbbands_spread":{"dmean":6.19675445557,"dmean2":9.88144493103,"dvar":38.7781715393,"dvar2":95.2692260742,"max":148.731658936,"mean":29.6116752625,"median":27.5543022156,"min":0.667495429516,"var":218.912780762},"gfcc":{"cov":[[29061.4902344,2429.28613281,-947.662536621,1015.33764648,-392.033294678,261.646118164,-648.196044922,268.642974854,-525.581970215,-81.2810592651,-424.33984375,-103.515449524,-290.784606934],[2429.28613281,1319.95727539,16.558380127,63.8150672913,-3.73200297356,-87.2350692749,27.2907028198,-141.543197632,37.0404624939,-49.0873832703,138.907775879,-110.991882324,6.37275457382],[-947.662536621,16.558380127,707.517150879,127.910064697,59.2533721924,-27.0984783173,21.3781089783,-3.00811839104,25.339723587,22.0074195862,-52.2456054688,-10.5256681442,-48.7434234619],[1015.33764648,63.8150672913,127.910064697,310.517852783,45.3121986389,-3.53052926064,-21.1415405273,33.2731246948,3.2469060421,-39.3455543518,-37.140460968,-12.3162288666,-17.4571647644],[-392.033294678,-3.73200297356,59.2533721924,45.3121986389,184.697677612,15.0825786591,37.3798751831,13.6205472946,17.0871658325,-1.46963584423,10.5220422745,-1.07275974751,15.4174108505],[261.646118164,-87.2350692749,-27.0984783173,-3.53052926064,15.0825786591,125.163841248,23.312297821,12.8339500427,-16.7341938019,16.6458206177,-15.7491407394,0.717086911201,-2.85969591141],[-648.196044922,27.2907028198,21.3781089783,-21.1415405273,37.3798751831,23.312297821,134.603607178,10.0138521194,16.2845230103,-14.4476289749,60.8280601501,-8.13074970245,4.95491886139],[268.642974854,-141.543197632,-3.00811839104,33.2731246948,13.6205472946,12.8339500427,10.0138521194,116.71231842,16.0423469543,14.7995128632,-32.2948226929,16.713104248,-5.38701677322],[-525.581970215,37.0404624939,25.339723587,3.2469060421,17.0871658325,-16.7341938019,16.2845230103,16.0423469543,97.9893035889,20.3742027283,17.0427532196,-9.06298828125,14.9522132874],[-81.2810592651,-49.0873832703,22.0074195862,-39.3455543518,-1.46963584423,16.6458206177,-14.4476289749,14.7995128632,20.3742027283,92.2810668945,7.79203224182,11.1993789673,-11.0853776932],[-424.33984375,138.907775879,-52.2456054688,-37.140460968,10.5220422745,-15.7491407394,60.8280601501,-32.2948226929,17.0427532196,7.79203224182,156.387466431,14.5586795807,22.5797691345],[-103.515449524,-110.991882324,-10.5256681442,-12.3162288666,-1.07275974751,0.717086911201,-8.13074970245,16.713104248,-9.06298828125,11.1993789673,14.5586795807,73.4735031128,19.6796112061],[-290.784606934,6.37275457382,-48.7434234619,-17.4571647644,15.4174108505,-2.85969591141,4.95491886139,-5.38701677322,14.9522132874,-11.0853776932,22.5797691345,19.6796112061,71.2077713013]],"icov":[[0.000119780015666,-0.00037540946505,0.000203203555429,-0.000319937738823,0.000152878565132,-0.000377339310944,0.000414916401496,-0.000590243143961,0.000589353614487,-0.000127451377921,0.000240803419729,-0.000277650746284,0.000318397826049],[-0.00037540946505,0.00235205586068,-0.000658533768728,0.000627320609055,-0.000387457141187,0.00164678168949,-0.00110967131332,0.00273853470571,-0.00203216145746,0.000568731222302,-0.00186428055167,0.00262796855532,-0.001225976157],[0.000203203555429,-0.000658533768728,0.00223244051449,-0.0013997425558,-0.000162578304298,0.000199718633667,-0.00056913116714,0.0000404840138799,0.000593580305576,-0.0013711177744,0.00169155374169,-0.00118473777547,0.00161257316358],[-0.000319937738823,0.000627320609055,-0.0013997425558,0.00541928922758,-0.00145349407103,0.000168528917129,0.000922473729588,-0.000533347891178,-0.00204759300686,0.00335213425569,-0.00101677153725,0.000766375858802,0.000287128525088],[0.000152878565132,-0.000387457141187,-0.000162578304298,-0.00145349407103,0.00659845583141,-0.000991436070763,-0.00117400824092,-0.000946929038037,0.000437293871073,-0.000722162716556,0.00028599583311,0.0000867904018378,-0.00158598704729],[-0.000377339310944,0.00164678168949,0.000199718633667,0.000168528917129,-0.000991436070763,0.0114679317921,-0.00505429692566,0.00256780162454,0.000722049910109,-0.0034273872152,0.00155941047706,0.00155404000543,-0.00189824146219],[0.000414916401496,-0.00110967131332,-0.00056913116714,0.000922473729588,-0.00117400824092,-0.00505429692566,0.0146911581978,-0.00561805162579,0.000419975986006,0.00486629456282,-0.00595039827749,0.0017915823264,0.00229525286704],[-0.000590243143961,0.00273853470571,0.0000404840138799,-0.000533347891178,-0.000946929038037,0.00256780162454,-0.00561805162579,0.0156171564013,-0.00532284844667,-0.00203417963348,0.00248340913095,-0.00172615249176,-0.000387316191336],[0.000589353614487,-0.00203216145746,0.000593580305576,-0.00204759300686,0.000437293871073,0.000722049910109,0.000419975986006,-0.00532284844667,0.0165489800274,-0.00513433525339,0.000582811480854,0.00229729572311,-0.00309865758754],[-0.000127451377921,0.000568731222302,-0.0013711177744,0.00335213425569,-0.000722162716556,-0.0034273872152,0.00486629456282,-0.00203417963348,-0.00513433525339,0.0166056137532,-0.00385134085082,-0.00143545423634,0.00411926349625],[0.000240803419729,-0.00186428055167,0.00169155374169,-0.00101677153725,0.00028599583311,0.00155941047706,-0.00595039827749,0.00248340913095,0.000582811480854,-0.00385134085082,0.0127061670646,-0.00533342454582,-0.000615575292613],[-0.000277650746284,0.00262796855532,-0.00118473777547,0.000766375858802,0.0000867904018378,0.00155404000543,0.0017915823264,-0.00172615249176,0.00229729572311,-0.00143545423634,-0.00533342454582,0.0211778357625,-0.00707127386704],[0.000318397826049,-0.001225976157,0.00161257316358,0.000287128525088,-0.00158598704729,-0.00189824146219,0.00229525286704,-0.000387316191336,-0.00309865758754,0.00411926349625,-0.000615575292613,-0.00707127386704,0.0201471243054]],"mean":[-23.9882526398,97.4280548096,-122.701843262,27.6403255463,-46.3967285156,27.5179080963,-34.8905563354,10.7736558914,-24.5166969299,7.03548336029,-18.4615135193,-3.00716209412,-13.9747905731]},"hfc":{"dmean":5.14995384216,"dmean2":7.5523853302,"dvar":46.7892189026,"dvar2":100.326530457,"max":134.678436279,"mean":20.5609912872,"median":15.767578125,"min":1.0739225674e-16,"var":318.269226074},"melbands":{"dmean":[0.00071169732837,0.00151445530355,0.000915605050977,0.000256458530203,0.000123388919747,0.000127410763525,0.000110059409053,0.0000840558641357,0.000123870340758,0.0000992218629108,0.00013238392421,0.000147426500916,0.0000990001281025,0.0000748965903767,0.0000601186948188,0.0000453722932434,0.0000670573135721,0.000058361900301,0.000039390179154,0.0000260877586697,0.0000139986450449,0.00000900085888134,0.0000075418738561,0.00000795163850853,0.00000570596284888,0.00000424898962592,0.0000024639195999,0.00000206258755497,0.00000156576834343,0.00000129937257043,0.0000010218694797,8.70531096098e-7,7.26505390958e-7,6.02861462085e-7,5.41215626981e-7,4.73685190627e-7,4.35111729757e-7,3.59195269084e-7,2.78557251931e-7,2.84453705035e-7],"dmean2":[0.00115091947373,0.00250549474731,0.00157907907851,0.000416247319663,0.000193036728888,0.000205236283364,0.000173267486389,0.000129811305669,0.000194020889467,0.000148774197442,0.000208134690183,0.000228019678616,0.000153788118041,0.000117454015708,0.0000962198610068,0.0000713824338163,0.000108223575808,0.0000937445583986,0.0000624208551017,0.0000415732210968,0.0000213588500628,0.000014267629922,0.0000119718124552,0.0000123790396174,0.00000891287436389,0.00000683223106535,0.00000389967817682,0.00000327711450154,0.00000247687171395,0.00000217010028791,0.00000168140286405,0.00000142067960951,0.00000119773028473,9.88776378108e-7,8.8134163434e-7,7.6958747286e-7,7.15163423592e-7,5.70504198549e-7,4.31265533507e-7,4.3085191237e-7],"dvar":[0.00000105898618585,0.00000380651681553,0.00000170259284005,1.64630918675e-7,3.95639432327e-8,3.92267089921e-8,3.81347931011e-8,2.38940316422e-8,7.9589113966e-8,7.88971092902e-8,1.53985411089e-7,2.81667553281e-7,1.41203955195e-7,4.57380693319e-8,1.90601223693e-8,8.33981417259e-9,3.01615799003e-8,1.95085991805e-8,6.94403823331e-9,4.0767438314e-9,2.25748642002e-9,5.18769693869e-10,3.46930706385e-10,5.29462029775e-10,1.48887666085e-10,8.02789709708e-11,2.02545272221e-11,1.25297550113e-11,1.26410418591e-11,5.81415948372e-12,3.80578207837e-12,3.5532124118e-12,2.07473838457e-12,1.56302076317e-12,1.22457176777e-12,1.02725922387e-12,1.03092079144e-12,1.22815982644e-12,6.6340130004e-13,1.41769668921e-12],"dvar2":[0.00000285680926027,0.0000105684348455,0.00000476388640891,4.25931119707e-7,9.1169283678e-8,1.00742369114e-7,9.31073529387e-8,5.40794324877e-8,1.87633062865e-7,1.61318027381e-7,3.62632420092e-7,6.19104639554e-7,3.30575062435e-7,1.16425404428e-7,4.5847173169e-8,1.98644531935e-8,7.76286981363e-8,5.28218819795e-8,1.69470215639e-8,9.45471967384e-9,4.11905398678e-9,1.0479258572e-9,8.37427627243e-10,1.05866715394e-9,3.29902966056e-10,1.98439403798e-10,4.73033209825e-11,2.93810496765e-11,2.72027626119e-11,1.54287069232e-11,9.68742273899e-12,9.07018037066e-12,5.31340596521e-12,3.99299517062e-12,3.12102839232e-12,2.54737073449e-12,2.65686582977e-12,2.92326449505e-12,1.48022306218e-12,3.27140745049e-12],"max":[0.0179674122483,0.0211491808295,0.0199408531189,0.00594954611734,0.00795454531908,0.00523028336465,0.0060799899511,0.0044784238562,0.0103816231713,0.009630815126,0.0125413918868,0.0235043484718,0.0132854469121,0.00812065694481,0.00617609266192,0.00294651184231,0.00485676527023,0.00414378196001,0.00249271956272,0.00181522418279,0.00309491367079,0.0012865314493,0.000842280685902,0.00157945940737,0.000426523940405,0.00021381136321,0.000191969724256,0.000103495454823,0.000421095668571,0.0000497971195728,0.0000309043643938,0.0000492339750053,0.0000245094179263,0.0000283458084596,0.0000301996860799,0.0000220689125854,0.0000266099395958,0.0000538562017027,0.0000276002301689,0.0000570049669477],"mean":[0.00140738743357,0.00280592264608,0.00129607203417,0.00043974883738,0.000265085545834,0.000232962484006,0.000205187621759,0.000154868976097,0.000206206168514,0.000180647039087,0.000227716620429,0.000264780828729,0.000183655065484,0.000133003268274,0.000113688074634,0.0000864112880663,0.000118829775602,0.00010766977357,0.0000780014743214,0.0000490840830025,0.0000276583305094,0.0000184590880963,0.000014680638742,0.0000156192181748,0.0000114737140393,0.0000087916287157,0.00000515943747814,0.00000416996681452,0.00000318824640999,0.00000226172119255,0.0000018469376073,0.00000152812083343,0.00000123078007164,9.88502506516e-7,9.30154556045e-7,8.17957584331e-7,7.00729458458e-7,5.61064155136e-7,4.55899055396e-7,4.19143191266e-7],"median":[0.000786473974586,0.00193585909437,0.000809324381407,0.00026074735797,0.000145987549331,0.000137358671054,0.000105730941868,0.0000780910922913,0.000073562237958,0.0000561036431463,0.000064840685809,0.0000556478589715,0.0000278274201264,0.0000390180648537,0.0000472059691674,0.0000363793878932,0.000033041505958,0.0000425330872531,0.0000307302034344,0.0000158339753398,0.0000100945526356,0.00000834632919577,0.0000071413396654,0.00000560149237572,0.00000447248930868,0.00000381930385629,0.00000277032131635,0.00000235455490838,0.00000182526594017,0.00000130954913402,0.00000102937588053,7.32811940907e-7,6.10450229033e-7,5.32673539055e-7,5.12807446285e-7,4.15462523051e-7,3.32581805651e-7,2.40049615741e-7,1.88516594335e-7,1.44429677107e-7],"min":[1.32439826061e-24,1.1681459187e-24,1.38200611011e-24,1.41983997773e-24,1.13062414418e-24,1.55570420954e-24,2.06741648647e-24,1.8201476413e-24,1.34300374227e-24,2.1629812659e-24,1.479061245e-24,2.62004372451e-24,2.56021552738e-24,1.77682813355e-24,3.27822193217e-24,2.25969383794e-24,2.95394330214e-24,2.47081510429e-24,3.82637060964e-24,2.03855778519e-24,3.68029250265e-24,3.36670214902e-24,3.35852797232e-24,3.11973030998e-24,4.20330964939e-24,3.29847928857e-24,4.63967358114e-24,4.46415400188e-24,4.09067924479e-24,4.50049090733e-24,4.45105181111e-24,5.39357177661e-24,4.79851427428e-24,3.23306003978e-24,5.70334601561e-24,5.9814739161e-24,5.68353337955e-24,5.94727127384e-24,6.25110657351e-24,6.13374260904e-24],"var":[0.00000338762311003,0.00000794727839093,0.00000220969354814,2.97470137411e-7,1.61679622579e-7,1.03582898703e-7,9.83779813168e-8,6.18858280177e-8,1.84195883435e-7,2.3044468378e-7,3.3689136103e-7,7.93353422068e-7,4.43267992978e-7,1.25904435322e-7,4.94844698551e-8,2.32665229305e-8,7.91335281747e-8,4.8222041471e-8,1.96722513834e-8,1.18056533438e-8,8.35039593028e-9,2.03091099493e-9,1.1541066991e-9,1.99848648741e-9,4.65260857618e-10,2.61708626992e-10,6.18390894047e-11,3.75345761416e-11,6.24768570212e-11,9.3793280434e-12,6.14459134615e-12,5.49628138141e-12,3.19442389207e-12,2.04990690221e-12,1.7220272517e-12,1.57997204729e-12,1.3634539461e-12,1.61143364277e-12,9.76094097042e-13,1.70659200747e-12]},"melbands_crest":{"dmean":3.30031585693,"dmean2":5.47474098206,"dvar":7.68855190277,"dvar2":21.1003818512,"max":30.368812561,"mean":13.9946269989,"median":13.6228981018,"min":1.68345415592,"var":23.9275188446},"melbands_flatness_db":{"dmean":0.0250368509442,"dmean2":0.0401370190084,"dvar":0.000466751225758,"dvar2":0.00120150716975,"max":0.426496893167,"mean":0.196766495705,"median":0.19551923871,"min":0.00289433542639,"var":0.00302603351884},"melbands_kurtosis":{"dmean":4.59022140503,"dmean2":7.41238641739,"dvar":50.5782089233,"dvar2":125.847396851,"max":143.128829956,"mean":7.99196863174,"median":3.98958611488,"min":-1.82055997849,"var":153.922988892},"melbands_skewness":{"dmean":0.658750712872,"dmean2":1.04815864563,"dvar":0.366443246603,"dvar2":0.917663514614,"max":9.59764766693,"mean":2.05579328537,"median":1.90494441986,"min":-3.39144730568,"var":2.45272684097},"melbands_spread":{"dmean":6.17611169815,"dmean2":9.99633026123,"dvar":35.8821983337,"dvar2":93.6533050537,"max":191.977127075,"mean":25.3214759827,"median":22.8075828552,"min":1.49524259567,"var":281.518737793},"mfcc":{"cov":[[13683.6611328,2003.3482666,172.281997681,725.80456543,390.39364624,123.70489502,128.989685059,159.464691162,-17.7214775085,158.32321167,-78.6431274414,-199.646469116,-130.264312744],[2003.3482666,1220.04345703,77.2085723877,127.770507812,30.6506137848,69.8456726074,34.6618537903,-38.5444030762,-90.9728775024,60.0825576782,51.0675392151,17.510187149,-14.8799505234],[172.281997681,77.2085723877,461.173797607,126.14239502,32.0316581726,34.241443634,-14.5503940582,-9.73926830292,14.9907007217,-9.28170967102,20.6697921753,18.1414413452,-29.2412624359],[725.80456543,127.770507812,126.14239502,275.351165771,94.5088119507,8.47584533691,4.55549383163,41.9559211731,13.461350441,8.78205108643,-3.82814478874,3.68413567543,-4.26019144058],[390.39364624,30.6506137848,32.0316581726,94.5088119507,140.655380249,30.4489631653,-2.4239051342,12.037279129,32.1035575867,13.7411241531,-1.93422174454,-17.9258289337,-6.57366228104],[123.70489502,69.8456726074,34.241443634,8.47584533691,30.4489631653,113.503234863,31.0815429688,0.542168915272,4.67960262299,5.1385178566,8.70888233185,-0.104341566563,-3.82654166222],[128.989685059,34.6618537903,-14.5503940582,4.55549383163,-2.4239051342,31.0815429688,124.091094971,34.0354766846,-23.7625617981,6.19313335419,15.4901590347,5.27430582047,14.5752058029],[159.464691162,-38.5444030762,-9.73926830292,41.9559211731,12.037279129,0.542168915272,34.0354766846,88.4671936035,29.508140564,-0.058086566627,-7.27264642715,0.289977997541,6.54859495163],[-17.7214775085,-90.9728775024,14.9907007217,13.461350441,32.1035575867,4.67960262299,-23.7625617981,29.508140564,104.920936584,23.9289302826,-7.68255901337,-12.9579210281,-4.41447353363],[158.32321167,60.0825576782,-9.28170967102,8.78205108643,13.7411241531,5.1385178566,6.19313335419,-0.058086566627,23.9289302826,78.9401092529,21.0925273895,-16.1626014709,-14.4911050797],[-78.6431274414,51.0675392151,20.6697921753,-3.82814478874,-1.93422174454,8.70888233185,15.4901590347,-7.27264642715,-7.68255901337,21.0925273895,77.0133895874,43.2728919983,-1.40778136253],[-199.646469116,17.510187149,18.1414413452,3.68413567543,-17.9258289337,-0.104341566563,5.27430582047,0.289977997541,-12.9579210281,-16.1626014709,43.2728919983,113.905891418,37.9980201721],[-130.264312744,-14.8799505234,-29.2412624359,-4.26019144058,-6.57366228104,-3.82654166222,14.5752058029,6.54859495163,-4.41447353363,-14.4911050797,-1.40778136253,37.9980201721,75.0030593872]],"icov":[[0.000119814932987,-0.000189924045117,0.0000270464570349,-0.000153833840159,-0.000163838791195,0.000048087171308,-0.0000756432491471,-0.000163443328347,-0.0000103195770862,-0.0000459872026113,0.000184015356353,0.0000954400311457,0.000134893794893],[-0.000189924045117,0.00137029774487,-0.0000615048702457,-0.000327034882503,0.000359109777492,-0.000730121158995,0.0002355438628,0.000533075188287,0.00118204473983,-0.000974520924501,-0.000502962677274,-0.000220573536353,-0.000215054213186],[0.0000270464570349,-0.0000615048702457,0.002856584033,-0.00168948119972,0.000627705885563,-0.000806067604572,-0.00000988321062323,0.00114962342195,-0.00102655077353,0.00114325166214,-0.000765182427131,-0.000341009523254,0.00128679932095],[-0.000153833840159,-0.000327034882503,-0.00168948119972,0.00679290900007,-0.00403196876869,0.00119121535681,0.000569406489376,-0.00331090460531,0.00143268040847,-0.000858550600242,0.00123092869762,-0.00118948193267,-0.000174910004716],[-0.000163838791195,0.000359109777492,0.000627705885563,-0.00403196876869,0.0113955279812,-0.00289184926078,0.000389007997001,0.00166913063731,-0.00301673193462,0.000391232053516,-0.00164984434377,0.00204063416459,-0.000734465953428],[0.000048087171308,-0.000730121158995,-0.000806067604572,0.00119121535681,-0.00289184926078,0.0111637245864,-0.00360419973731,0.00113696127664,-0.0015968028456,0.000802557275165,0.000184837961569,-0.000429952953709,0.000891664763913],[-0.0000756432491471,0.0002355438628,-0.00000988321062323,0.000569406489376,0.000389007997001,-0.00360419973731,0.0125120664015,-0.00662028137594,0.0051621729508,-0.00189006468281,-0.00294754654169,0.00177439698018,-0.00307497708127],[-0.000163443328347,0.000533075188287,0.00114962342195,-0.00331090460531,0.00166913063731,0.00113696127664,-0.00662028137594,0.0182526446879,-0.00703351013362,0.00227539846674,0.00125969375949,-0.00106613349635,0.000568596820813],[-0.0000103195770862,0.00118204473983,-0.00102655077353,0.00143268040847,-0.00301673193462,-0.0015968028456,0.0051621729508,-0.00703351013362,0.0161636117846,-0.00637391395867,0.00126674957573,0.0000456362286059,-0.00111666100565],[-0.0000459872026113,-0.000974520924501,0.00114325166214,-0.000858550600242,0.000391232053516,0.000802557275165,-0.00189006468281,0.00227539846674,-0.00637391395867,0.0188364386559,-0.00750570138916,0.00444465829059,0.00123915227596],[0.000184015356353,-0.000502962677274,-0.000765182427131,0.00123092869762,-0.00164984434377,0.000184837961569,-0.00294754654169,0.00125969375949,0.00126674957573,-0.00750570138916,0.0227868705988,-0.0108450185508,0.00486544938758],[0.0000954400311457,-0.000220573536353,-0.000341009523254,-0.00118948193267,0.00204063416459,-0.000429952953709,0.00177439698018,-0.00106613349635,0.0000456362286059,0.00444465829059,-0.0108450185508,0.0167373847216,-0.00799494609237],[0.000134893794893,-0.000215054213186,0.00128679932095,-0.000174910004716,-0.000734465953428,0.000891664763913,-0.00307497708127,0.000568596820813,-0.00111666100565,0.00123915227596,0.00486544938758,-0.00799494609237,0.0188605897129]],"mean":[-655.567077637,126.274932861,-9.64824676514,13.6092424393,9.58294677734,14.4517412186,4.97615432739,4.26448392868,1.75831007957,7.46096229553,1.68840515614,-0.293287456036,-2.43961691856]},"pitch_salience":{"dmean":0.0733920782804,"dmean2":0.120827548206,"dvar":0.00380400824361,"dvar2":0.0101535059512,"max":0.981591165066,"mean":0.507810175419,"median":0.506158947945,"min":0.116114333272,"var":0.0119603397325},"silence_rate_20dB":{"dmean":0,"dmean2":0,"dvar":0,"dvar2":0,"max":1,"mean":1,"median":1,"min":1,"var":0},"silence_rate_30dB":{"dmean":0.000940923462622,"dmean2":0.00188197335228,"dvar":0.000940078403801,"dvar2":0.00268503162079,"max":1,"mean":0.999462366104,"median":1,"min":0,"var":0.000537378946319},"silence_rate_60dB":{"dmean":0.00389811140485,"dmean2":0.00779674667865,"dvar":0.0038829757832,"dvar2":0.00975258555263,"max":1,"mean":0.106787636876,"median":0,"min":0,"var":0.0953941941261},"spectral_centroid":{"dmean":191.472976685,"dmean2":312.761657715,"dvar":45063.296875,"dvar2":111599.398438,"max":11967.2197266,"mean":1352.27124023,"median":1213.78857422,"min":280.618621826,"var":966390.3125},"spectral_complexity":{"dmean":2.99253988266,"dmean2":4.57574939728,"dvar":10.3031682968,"dvar2":20.827123642,"max":48,"mean":17.8063163757,"median":19,"min":0,"var":72.5078887939},"spectral_contrast_coeffs":{"dmean":[0.0512159839272,0.0441571585834,0.0406362861395,0.031495153904,0.0205761119723,0.0149466637522],"dmean2":[0.0865370407701,0.0731155648828,0.0662211403251,0.0514842234552,0.0334312804043,0.0251095686108],"dvar":[0.00172662828118,0.00122780399397,0.00104329583701,0.000635171425529,0.000295231322525,0.00015014251403],"dvar2":[0.00482724187896,0.0033462413121,0.00269408128224,0.00164836505428,0.000712905602995,0.000411384855397],"max":[-0.389074712992,-0.482381999493,-0.438393980265,-0.505136609077,-0.588710665703,-0.666261136532],"mean":[-0.655138552189,-0.745548605919,-0.748118162155,-0.754143774509,-0.798637866974,-0.77429163456],"median":[-0.651784658432,-0.746509373188,-0.760034322739,-0.7574685812,-0.808533549309,-0.771300494671],"min":[-0.980280816555,-0.984663307667,-0.981076776981,-0.972750902176,-0.967430710793,-0.965683400631],"var":[0.00699348282069,0.00467040017247,0.00714600412175,0.00464500579983,0.00281474925578,0.00114376959391]},"spectral_contrast_valleys":{"dmean":[0.392678022385,0.356328636408,0.319208532572,0.257940232754,0.236393243074,0.281504392624],"dmean2":[0.660746753216,0.580530107021,0.50753068924,0.406960099936,0.360647529364,0.404363930225],"dvar":[0.107036173344,0.0950563251972,0.0810522511601,0.0622346960008,0.0713605731726,0.113354608417],"dvar2":[0.276682585478,0.221455618739,0.174647137523,0.120622172952,0.129245907068,0.220221444964],"max":[-5.44113302231,-5.09786176682,-5.3669719696,-5.90191745758,-5.94111013412,-8.04256534576],"mean":[-7.54223585129,-7.13484144211,-7.48359680176,-7.73522615433,-7.92945289612,-10.5243797302],"median":[-6.95738697052,-6.63257312775,-7.04719829559,-7.30374336243,-7.49646854401,-10.1712369919],"min":[-28.0439853668,-27.9747714996,-27.7891330719,-27.7748336792,-27.6191062927,-27.4160022736],"var":[5.91620063782,5.24664974213,4.77405643463,4.66943836212,4.57985305786,3.82769465446]},"spectral_decrease":{"dmean":2.14686757261e-9,"dmean2":3.44648798389e-9,"dvar":5.60226102389e-18,"dvar2":1.40077957847e-17,"max":2.46982647864e-17,"mean":-7.33343030745e-9,"median":-6.87831303026e-9,"min":-3.7070783776e-8,"var":2.46759474535e-17},"spectral_energy":{"dmean":0.00842146854848,"dmean2":0.0134531334043,"dvar":0.0000856107362779,"dvar2":0.000211234015296,"max":0.152129545808,"mean":0.0295429769903,"median":0.0275711268187,"min":9.95030906918e-21,"var":0.000400076853111},"spectral_energyband_high":{"dmean":0.000192013030755,"dmean2":0.00028330180794,"dvar":1.4138110771e-7,"dvar2":3.12215689746e-7,"max":0.00859161745757,"mean":0.000420282740379,"median":0.000259603315499,"min":6.99606582319e-21,"var":2.994119086e-7},"spectral_energyband_low":{"dmean":0.00620879651979,"dmean2":0.01031109225,"dvar":0.000054987394833,"dvar2":0.000151271742652,"max":0.0769638940692,"mean":0.0126363793388,"median":0.00954782683402,"min":2.01910810403e-23,"var":0.000134607209475},"spectral_energyband_middle_high":{"dmean":0.00271936389618,"dmean2":0.00415838463232,"dvar":0.0000226440588449,"dvar2":0.0000521668698639,"max":0.14296656847,"mean":0.00891971495003,"median":0.00512760598212,"min":1.17436715743e-21,"var":0.000127075007185},"spectral_energyband_middle_low":{"dmean":0.0037867676001,"dmean2":0.00607391726226,"dvar":0.0000245344417635,"dvar2":0.0000629695496173,"max":0.100190326571,"mean":0.00925501342863,"median":0.00753743667156,"min":1.50194686111e-22,"var":0.0000633180316072},"spectral_entropy":{"dmean":0.143239155412,"dmean2":0.222594738007,"dvar":0.0190555695444,"dvar2":0.0434047877789,"max":9.82443332672,"mean":7.58195924759,"median":7.54813814163,"min":5.46905136108,"var":0.172945037484},"spectral_flux":{"dmean":0.0197126884013,"dmean2":0.0314033441246,"dvar":0.000412368070101,"dvar2":0.000986500643194,"max":0.279624640942,"mean":0.0800621211529,"median":0.0792170763016,"min":6.34747809869e-11,"var":0.00160646636505},"spectral_kurtosis":{"dmean":1.46847748756,"dmean2":2.52336144447,"dvar":2.59820199013,"dvar2":7.20856237411,"max":44.7804031372,"mean":5.23514223099,"median":4.76161670685,"min":-1.24555921555,"var":7.96596765518},"spectral_rms":{"dmean":0.000730294384994,"dmean2":0.00115675176494,"dvar":5.16512841386e-7,"dvar2":0.00000122212020415,"max":0.0121827367693,"mean":0.00491522112861,"median":0.0051863915287,"min":3.1157051765e-12,"var":0.00000466287292511},"spectral_rolloff":{"dmean":339.720062256,"dmean2":589.79498291,"dvar":275453.90625,"dvar2":717106.9375,"max":19638.28125,"mean":1539.49316406,"median":1313.52539062,"min":86.1328125,"var":4310768},"spectral_skewness":{"dmean":0.186078891158,"dmean2":0.315205365419,"dvar":0.0305204838514,"dvar2":0.0813909247518,"max":5.27692937851,"mean":1.7291945219,"median":1.69627165794,"min":-0.0979765057564,"var":0.159554600716},"spectral_spread":{"dmean":427344.59375,"dmean2":642457.5625,"dvar":480484950016,"dvar2":914258132992,"max":50170144,"mean":4510921.5,"median":4042025.5,"min":1502078.75,"var":11784625848300},"spectral_strongpeak":{"dmean":0.660382211208,"dmean2":1.13738703728,"dvar":1.6260099411,"dvar2":4.0951499939,"max":17.1702880859,"mean":1.10163962841,"median":0.399747729301,"min":0,"var":3.40558242798},"zerocrossingrate":{"dmean":0.0070767798461,"dmean2":0.00908617302775,"dvar":0.0000565921000089,"dvar2":0.0000861478692968,"max":0.611328125,"mean":0.0596964843571,"median":0.05078125,"min":0.00439453125,"var":0.00347458501346}},"metadata":{"audio_properties":{"analysis_sample_rate":44100,"bit_rate":119081,"codec":"mp3","downmix":"mix","equal_loudness":0,"length":345.469390869,"lossless":false,"md5_encoded":"93603c50f643800fa830201eb083293f","replay_gain":-11.2520179749,"sample_rate":44100},"tags":{"acoustid_id":["3fcfe550-7e35-4623-ae22-719a072d9e08"],"album":["The Hunter"],"albumartist":["Blondie"],"albumartistsort":["Blondie"],"artist":["Blondie"],"artistsort":["Blondie"],"asin":["B000006T0E"],"barcode":["724383079520"],"bpm":["104"],"catalognumber":["CDCHR 6083"],"date":["2001"],"discnumber":["1/1"],"file_name":"copy6311925013122584614.mp3","genre":["New Wave Pop"],"initialkey":["10B"],"label":["Chrysalis"],"media":["CD"],"musicbrainz album release country":["GB"],"musicbrainz album status":["official"],"musicbrainz album type":["album"],"musicbrainz_albumartistid":["4d2956d1-a3f7-44bb-9a41-67563e1a0c94"],"musicbrainz_albumid":["552ef196-16bc-4586-b80f-eba6aca971b8"],"musicbrainz_artistid":["4d2956d1-a3f7-44bb-9a41-67563e1a0c94"],"musicbrainz_recordingid":["f0e5d10c-2b55-49e7-b4f9-1e473ca18b9f"],"musicbrainz_releasegroupid":["b6e29eb7-f4c3-389d-bde3-447bc0271c09"],"originaldate":["1982"],"originalyear":["1982"],"script":["Latn"],"title":["Orchid Club"],"tracknumber":["1/12"]},"version":{"essentia":"2.1-beta2","essentia_build_sha":"cead25079874084f62182a551b7393616cd33d87","essentia_git_sha":"v2.1_beta2-1-ge3940c0","extractor":"music 1.0"}},"rhythm":{"beats_count":598,"beats_loudness":{"dmean":0.0140199484304,"dmean2":0.0229940228164,"dvar":0.000165324905538,"dvar2":0.000449942308478,"max":0.130472511053,"mean":0.0416331924498,"median":0.0410510227084,"min":0,"var":0.00046784861479},"beats_loudness_band_ratio":{"dmean":[0.14794190228,0.059749789536,0.0714746415615,0.0957822054625,0.0549811795354,0.0228810627013],"dmean2":[0.24820227921,0.104318879545,0.118825145066,0.163420185447,0.0948990210891,0.0422131456435],"d