{"lowlevel":{"average_loudness":0.733140170574,"barkbands":{"dmean":[0.000292594690109,0.00769222807139,0.00608089519665,0.00352039793506,0.00206997268833,0.000672939873766,0.000664395629428,0.000568277668208,0.000485201482661,0.000373422080884,0.00044783874182,0.000264293310465,0.0002802098752,0.000278093124507,0.000248954369454,0.000199952410185,0.000157824149937,0.000138871226227,0.000155062647536,0.000146063117427,0.000145813522977,0.000116747360153,0.0000818032131065,0.0000646026601316,0.0000435668298451,0.0000364028564945,0.00000576642878514],"dmean2":[0.000484359508846,0.0120739396662,0.0105539793149,0.00623945565894,0.0035744800698,0.00109136477113,0.00105798733421,0.000863255059812,0.000713371671736,0.000550695287529,0.000658969162032,0.000424003548687,0.000450297404313,0.000447542028269,0.000400227174396,0.000330355891492,0.000256895989878,0.000227853699471,0.000256809551502,0.000238168053329,0.000243245158345,0.000194751293748,0.00013283242879,0.000104818514956,0.0000695538983564,0.0000589028531977,0.00000971771714831],"dvar":[3.79606348133e-7,0.000279007799691,0.000183560143341,0.000056306267652,0.0000136236021717,0.00000119655248909,0.00000161226694217,0.0000012335806332,8.22206686735e-7,5.45296245491e-7,6.43448629489e-7,2.003229298e-7,2.47011399779e-7,2.34948203115e-7,2.50135201441e-7,1.52431056222e-7,7.90331498024e-8,6.34288781498e-8,7.85927980473e-8,7.79999353995e-8,9.54116501362e-8,7.05952274416e-8,2.92508115507e-8,2.24757901179e-8,1.50502224017e-8,2.14521111985e-8,6.92091550736e-10],"dvar2":[9.88989427242e-7,0.000635819800664,0.000525779323652,0.000162212585565,0.0000386434840038,0.00000311632197736,0.00000388639364246,0.0000028477743399,0.0000017750033976,0.0000011417486121,0.00000123436007016,4.90737875225e-7,6.0897741605e-7,5.89571641285e-7,6.01624662977e-7,3.77606369284e-7,1.98110825522e-7,1.6325998331e-7,2.08491556464e-7,1.99617403496e-7,2.54093407648e-7,1.8925022971e-7,7.06539609041e-8,5.92504143526e-8,3.79237299342e-8,5.54259571572e-8,1.85349846582e-9],"max":[0.0100597813725,0.22277417779,0.218623191118,0.130032360554,0.070021353662,0.0274435151368,0.0437503829598,0.0404663309455,0.0289144255221,0.0225489586592,0.0293757170439,0.00800891779363,0.0110549852252,0.0178153812885,0.0188765190542,0.0121473744512,0.0080543756485,0.00695560965687,0.00605486799031,0.00978273712099,0.00672486564144,0.0049858186394,0.00285373046063,0.00302874087356,0.00245977845043,0.00351750524715,0.000840768509079],"mean":[0.000555079604965,0.0131104923785,0.00944008864462,0.00431713974103,0.00336194317788,0.00134750711732,0.00132505351212,0.00112133636139,0.000982143334113,0.000721296295524,0.000876747537404,0.000447866710601,0.000460589042632,0.000434331246652,0.000390651315683,0.000312278833007,0.000264857080765,0.000239736415097,0.0002878397936,0.000286801136099,0.000276268605376,0.000253833743045,0.000189904530998,0.000140632400871,0.0000871504162205,0.0000568005780224,0.00000574662453801],"median":[0.000297661434161,0.00778096029535,0.00460292119533,0.00206101010554,0.0019995549228,0.000700546894222,0.000590481504332,0.000505210249685,0.00045335671166,0.000310950767016,0.000364629726391,0.000240457375185,0.000240331486566,0.000221217778744,0.000199108893867,0.000152337903273,0.000161746807862,0.000140310061397,0.00016438360035,0.000158027614816,0.000144315854413,0.000118109441246,0.000084965104179,0.0000609058843111,0.0000278186198557,0.0000111293702503,5.50088600448e-7],"min":[2.2319404294e-25,5.70419916868e-24,6.25976215258e-25,1.83361448303e-24,1.39475136105e-23,5.23414140995e-24,1.04283704024e-23,2.30384129466e-23,2.59888000637e-23,2.13974860227e-23,3.2185332451e-23,3.26110491271e-23,4.45435516615e-23,5.46663126161e-23,8.90930292461e-23,6.45156954016e-23,5.82644839096e-23,1.13991637738e-22,1.58396138466e-22,1.82375452635e-22,2.56743377033e-22,3.28794019365e-22,4.44954002229e-22,6.99923287884e-22,9.70889410519e-22,1.40613272433e-21,1.85239929013e-21],"var":[5.92625553963e-7,0.000359451165423,0.000190404782188,0.00005181288725,0.0000181788818736,0.00000353927362085,0.0000060655274865,0.00000417835826738,0.00000259996409113,0.00000178268362561,0.00000252507311416,3.8909814748e-7,4.86579097014e-7,4.32102496006e-7,3.8908035549e-7,2.44285104145e-7,1.23449126477e-7,1.05466774869e-7,1.55327597895e-7,1.65670968499e-7,1.6524118962e-7,1.41320896319e-7,7.92769085933e-8,5.04945241175e-8,2.78084684169e-8,2.68178403928e-8,5.42341116461e-10]},"barkbands_crest":{"dmean":2.3186750412,"dmean2":3.73902177811,"dvar":5.27331447601,"dvar2":13.1700201035,"max":26.8228340149,"mean":10.4859266281,"median":9.91533565521,"min":2.02679920197,"var":14.7919082642},"barkbands_flatness_db":{"dmean":0.0193680655211,"dmean2":0.0301480200142,"dvar":0.000384163606213,"dvar2":0.000896980753168,"max":0.425398528576,"mean":0.134139746428,"median":0.127249389887,"min":0.0229612402618,"var":0.00279265525751},"barkbands_kurtosis":{"dmean":3.52977776527,"dmean2":5.5951833725,"dvar":52.9018974304,"dvar2":123.413711548,"max":433.163879395,"mean":7.00867414474,"median":3.60305213928,"min":-1.82082903385,"var":266.567779541},"barkbands_skewness":{"dmean":0.520627200603,"dmean2":0.81034976244,"dvar":0.32916495204,"dvar2":0.768145084381,"max":19.5977210999,"mean":2.11452770233,"median":1.91367173195,"min":-2.07621479034,"var":1.97034168243},"barkbands_spread":{"dmean":4.73059368134,"dmean2":7.47275781631,"dvar":30.4278964996,"dvar2":71.8303756714,"max":124.827575684,"mean":21.059299469,"median":19.0945491791,"min":0.921826243401,"var":151.386627197},"dissonance":{"dmean":0.0161752160639,"dmean2":0.0271175689995,"dvar":0.000230686040595,"dvar2":0.000624045787845,"max":0.500000059605,"mean":0.466716259718,"median":0.472646951675,"min":0.278557986021,"var":0.000624730426352},"dynamic_complexity":4.15059137344,"erbbands":{"dmean":[0.224316298962,1.86430370808,6.0328130722,10.5068836212,9.13225269318,6.10948133469,4.75025320053,6.12039279938,8.8755979538,12.0281705856,10.4742984772,12.0020980835,12.1590909958,10.4767141342,17.3901958466,11.408616066,13.1571245193,13.6483078003,11.5154008865,12.5619029999,8.56531047821,7.33974742889,8.01321125031,8.12861061096,7.6305847168,6.61934280396,6.17774486542,4.95599079132,4.44311332703,3.51735401154,2.07492399216,1.45367634296,1.04180335999,0.557438790798,0.302212506533,0.134977594018,0.0619612783194,0.0246060453355,0.000497905886732,0.0000272983525065],"dmean2":[0.352884799242,2.95342993736,10.4117908478,18.5236434937,15.9918079376,10.4640312195,7.87499570847,9.98015403748,14.3138742447,18.764383316,15.6972074509,17.5367488861,17.9061107635,15.3968658447,26.1091976166,18.1435375214,21.0769004822,21.8884334564,18.5082435608,20.3238449097,13.8905820847,11.8630876541,13.0575113297,13.4077920914,12.7453117371,10.7848567963,10.3006649017,8.27158355713,7.42464590073,5.77642297745,3.39891791344,2.38552308083,1.70100176334,0.886988341808,0.494022965431,0.220689982176,0.100379273295,0.0407466478646,0.000822377041914,0.0000433174318459],"dvar":[0.254174023867,16.8007164001,187.859405518,500.451660156,305.252532959,125.330589294,73.5784378052,111.388473511,321.702819824,528.736877441,400.75994873,562.255371094,560.168762207,501.711242676,1025.64733887,385.811737061,559.310546875,560.354064941,424.47946167,532.246276855,241.385253906,180.771438599,237.834777832,221.100769043,226.422332764,149.105438232,177.584136963,109.779998779,103.007469177,62.6261329651,17.6942653656,10.3070478439,6.73346376419,2.15359258652,0.752333283424,0.229681223631,0.0690618976951,0.0132309673354,0.00000517054604643,4.38588898533e-9],"dvar2":[0.60361623764,39.9861869812,529.901672363,1451.55102539,866.465515137,354.789276123,197.611328125,293.597229004,826.813354492,1300.10510254,924.985351562,1197.23669434,1152.08007812,955.747802734,2157.54199219,947.588562012,1388.64916992,1395.03222656,1064.84020996,1252.5111084,591.689819336,449.322357178,616.183044434,573.355834961,605.975219727,376.104064941,466.676300049,293.353149414,274.777587891,159.157028198,43.1758613586,26.8843231201,17.2010936737,5.33078861237,1.95860385895,0.591683208942,0.178155049682,0.0348596870899,0.0000136151256811,1.10579803092e-8],"max":[6.909968853,56.3536453247,220.230453491,353.972229004,317.676330566,225.666381836,207.118682861,245.511489868,776.574707031,574.620727539,721.087097168,841.69744873,822.628601074,974.100891113,904.106628418,404.189178467,541.375976562,952.159790039,504.179748535,639.373901367,649.181274414,472.702911377,477.389526367,351.058990479,354.503509521,444.858917236,276.479156494,184.208587646,197.892501831,142.781280518,86.9894943237,76.1537628174,66.6834259033,29.0493297577,20.1663761139,19.4112205505,6.44443464279,2.50637865067,0.0515236407518,0.0012593154097],"mean":[0.378620028496,2.99250674248,9.46646595001,14.9803609848,12.6241254807,10.0395107269,8.60818576813,12.130033493,17.7281570435,23.8713169098,22.0066986084,25.0559406281,24.8918781281,22.2239818573,33.2355537415,20.6953372955,22.7593097687,22.8231239319,19.7972354889,20.9573307037,15.2902002335,13.2426338196,14.1750936508,14.5575437546,14.7505378723,13.2068624496,11.6971969604,9.97358417511,9.4699640274,7.58490467072,4.94035005569,3.29589796066,2.10365867615,1.12829291821,0.56710922718,0.249967589974,0.0944774821401,0.0271108280867,0.000573935278226,0.0000635250398773],"median":[0.203046828508,1.68525624275,4.87172460556,8.26321983337,6.97370910645,5.56991529465,4.75776481628,6.18351173401,8.28054428101,11.2916088104,11.526763916,11.7366504669,12.0158090591,10.1632614136,15.0158023834,12.3046455383,12.8182249069,13.1201457977,11.8733558655,11.7994661331,9.39513587952,8.53337669373,8.53242683411,8.51476287842,8.03067207336,7.34640312195,6.33224916458,5.18397903442,4.42717838287,3.27025151253,2.32275056839,1.44361972809,0.866868376732,0.386321276426,0.17117357254,0.0586930662394,0.0171075388789,0.00340342056006,0.0000978621974355,0.0000452348322142],"min":[1.76286923195e-22,1.16135390599e-21,3.17696546294e-21,3.82546435992e-21,1.55929200021e-20,2.83490240935e-20,6.38910686221e-20,6.73376846653e-20,1.56349168665e-19,3.84376432541e-19,5.02796100172e-19,6.44753734971e-19,9.01226615664e-19,9.01332804975e-19,1.23102145794e-18,1.57849542465e-18,2.07487007003e-18,2.72055836399e-18,3.35508116726e-18,4.3475496302e-18,3.79744102203e-18,4.87285026461e-18,6.0761408027e-18,7.42008140984e-18,8.94472086256e-18,1.00088738314e-17,1.17293152069e-17,1.06225707083e-17,1.26207247396e-17,1.42909579063e-17,1.17334618633e-17,1.08955551997e-17,1.20349625791e-17,9.32820675763e-18,7.20966072408e-18,4.93380024086e-18,2.29511869544e-18,1.0632698501e-18,2.77569269186e-19,2.76001929946e-20],"var":[0.318917036057,19.911108017,194.474609375,487.738494873,323.344421387,181.442825317,131.263687134,307.297637939,958.100830078,1579.95874023,1332.05187988,1809.82495117,1923.7121582,2087.58081055,3097.98901367,731.411743164,1090.31860352,1066.16271973,722.033874512,919.73828125,397.763671875,286.743347168,374.931732178,373.474639893,483.26159668,334.290863037,289.649627686,198.231124878,204.279693604,138.48008728,51.2072257996,26.0212535858,12.6342477798,4.17540597916,1.32754302025,0.426843076944,0.0819912701845,0.0112659418955,0.00000441293832409,5.68635538656e-9]},"erbbands_crest":{"dmean":2.12232208252,"dmean2":3.3216085434,"dvar":4.03348636627,"dvar2":9.49168491364,"max":31.5645999908,"mean":7.76194238663,"median":6.64509677887,"min":2.17253136635,"var":16.216709137},"erbbands_flatness_db":{"dmean":0.0122460778803,"dmean2":0.018217375502,"dvar":0.000151552871102,"dvar2":0.000319583457895,"max":0.364560455084,"mean":0.129202857614,"median":0.119360104203,"min":0.0299106575549,"var":0.00179679272696},"erbbands_kurtosis":{"dmean":0.539354085922,"dmean2":0.83871537447,"dvar":0.591105222702,"dvar2":1.2800642252,"max":26.7604980469,"mean":-0.0459455102682,"median":-0.425443053246,"min":-1.66535615921,"var":2.37811374664},"erbbands_skewness":{"dmean":0.267442762852,"dmean2":0.41119363904,"dvar":0.0607288703322,"dvar2":0.14130577445,"max":4.54474830627,"mean":0.294319063425,"median":0.259903550148,"min":-4.74969387054,"var":0.281395971775},"erbbands_spread":{"dmean":7.67291784286,"dmean2":12.0141296387,"dvar":58.2118530273,"dvar2":143.015045166,"max":156.183914185,"mean":46.0674362183,"median":45.6526794434,"min":3.23293972015,"var":318.311767578},"gfcc":{"cov":[[21395.2734375,-633.918945312,251.193939209,1053.64807129,-200.171798706,669.703552246,-90.4426803589,524.914245605,-49.3862266541,378.932128906,-362.807678223,363.759429932,-195.681915283],[-633.918945312,1199.21350098,-133.796524048,-108.875694275,45.9032249451,-147.269683838,16.6290359497,-143.481277466,46.5292930603,-170.054336548,36.9393234253,-140.70803833,101.788833618],[251.193939209,-133.796524048,529.694335938,117.89087677,127.191078186,78.7086105347,36.0386314392,31.219959259,-8.07947444916,19.5231609344,-47.5847587585,20.255241394,-44.9663314819],[1053.64807129,-108.875694275,117.89087677,305.979858398,69.1711730957,116.681114197,38.5192146301,31.2955379486,8.61263751984,21.3456745148,7.54929733276,6.86949729919,-8.01581478119],[-200.171798706,45.9032249451,127.191078186,69.1711730957,230.83782959,52.6089668274,83.3744659424,-0.731466889381,39.285369873,8.0837097168,17.3555393219,-1.83833229542,-7.67586898804],[669.703552246,-147.269683838,78.7086105347,116.681114197,52.6089668274,174.439163208,58.6739807129,58.2527656555,8.64597415924,38.4397163391,1.74116194248,27.1706733704,-6.6286239624],[-90.4426803589,16.6290359497,36.0386314392,38.5192146301,83.3744659424,58.6739807129,135.869628906,42.9871368408,41.7367172241,8.33807563782,22.7235984802,6.86753082275,-0.0373473614454],[524.914245605,-143.481277466,31.219959259,31.2955379486,-0.731466889381,58.2527656555,42.9871368408,109.109321594,32.3811645508,46.0466575623,-8.5635175705,33.512588501,-9.44777584076],[-49.3862266541,46.5292930603,-8.07947444916,8.61263751984,39.285369873,8.64597415924,41.7367172241,32.3811645508,100.349357605,34.8309402466,31.1880264282,-0.804327309132,7.02053880692],[378.932128906,-170.054336548,19.5231609344,21.3456745148,8.0837097168,38.4397163391,8.33807563782,46.0466575623,34.8309402466,104.034706116,26.3183822632,36.1160316467,-18.0254039764],[-362.807678223,36.9393234253,-47.5847587585,7.54929733276,17.3555393219,1.74116194248,22.7235984802,-8.5635175705,31.1880264282,26.3183822632,88.0127258301,20.1378211975,17.4628868103],[363.759429932,-140.70803833,20.255241394,6.86949729919,-1.83833229542,27.1706733704,6.86753082275,33.512588501,-0.804327309132,36.1160316467,20.1378211975,85.3749313354,15.215215683],[-195.681915283,101.788833618,-44.9663314819,-8.01581478119,-7.67586898804,-6.6286239624,-0.0373473614454,-9.44777584076,7.02053880692,-18.0254039764,17.4628868103,15.215215683,73.1091537476]],"icov":[[0.000118283242045,-0.000276614038739,0.000154175620992,-0.000470081256935,0.000151208543684,-0.00022505891684,0.000196811277419,-0.000207503602724,0.0000355587908416,-0.000476013316074,0.000856534345075,-0.000921860046219,0.000580245163292],[-0.000276614038739,0.00245549669489,-0.000446155812824,0.00142783974297,-0.000621437036898,0.00101967272349,-0.000770327402279,0.00121742172632,-0.00119742681272,0.00298078684136,-0.00292060454376,0.00449985871091,-0.00348181766458],[0.000154175620992,-0.000446155812824,0.00291099515744,-0.00128211034462,-0.00121355440933,-0.000501324480865,0.000387582753319,-0.000241035028012,0.000271303579211,-0.000832908146549,0.00294572394341,-0.0024904482998,0.00206315331161],[-0.000470081256935,0.00142783974297,-0.00128211034462,0.00665872590616,-0.00121598632541,-0.00203498383053,-0.000140665943036,0.000539843051229,-0.000211503502214,0.00255027087405,-0.00472193118185,0.00508233485743,-0.00282789207995],[0.000151208543684,-0.000621437036898,-0.00121355440933,-0.00121598632541,0.00757190724835,-0.00116572796833,-0.00371226365678,0.0031753894873,-0.0021337242797,-0.00108119368088,0.00133425625972,-0.00183956534602,0.0014904262498],[-0.00022505891684,0.00101967272349,-0.000501324480865,-0.00203498383053,-0.00116572796833,0.0111534893513,-0.00338225462474,-0.00253659766167,0.0022515298333,-0.00120832643006,-0.0011649588123,0.00188987376168,-0.00262336595915],[0.000196811277419,-0.000770327402279,0.000387582753319,-0.000140665943036,-0.00371226365678,-0.00338225462474,0.0141695672646,-0.00624847272411,-0.00213970127515,0.00323937251233,-0.00250504165888,-0.00106200797018,0.00214912951924],[-0.000207503602724,0.00121742172632,-0.000241035028012,0.000539843051229,0.0031753894873,-0.00253659766167,-0.00624847272411,0.0202541947365,-0.00631640851498,-0.00319379055873,0.00556174665689,-0.00362089090049,-0.000377636140911],[0.0000355587908416,-0.00119742681272,0.000271303579211,-0.000211503502214,-0.0021337242797,0.0022515298333,-0.00213970127515,-0.00631640851498,0.0177396051586,-0.00653968704864,-0.00366222299635,0.00390345300548,-0.00218472653069],[-0.000476013316074,0.00298078684136,-0.000832908146549,0.00255027087405,-0.00108119368088,-0.00120832643006,0.00323937251233,-0.00319379055873,-0.00653968704864,0.0222664643079,-0.00969717465341,0.000739471171983,0.00198926380835],[0.000856534345075,-0.00292060454376,0.00294572394341,-0.00472193118185,0.00133425625972,-0.0011649588123,-0.00250504165888,0.00556174665689,-0.00366222299635,-0.00969717465341,0.0256246477365,-0.0128613067791,0.00292160571553],[-0.000921860046219,0.00449985871091,-0.0024904482998,0.00508233485743,-0.00183956534602,0.00188987376168,-0.00106200797018,-0.00362089090049,0.00390345300548,0.000739471171983,-0.0128613067791,0.0292514413595,-0.0134054692462],[0.000580245163292,-0.00348181766458,0.00206315331161,-0.00282789207995,0.0014904262498,-0.00262336595915,0.00214912951924,-0.000377636140911,-0.00218472653069,0.00198926380835,0.00292160571553,-0.0134054692462,0.0237010587007]],"mean":[-2.32576131821,93.990524292,-105.27003479,40.7256851196,-55.1459388733,22.1777458191,-29.6600933075,9.5421295166,-21.6240291595,4.32815170288,-16.9087734222,-1.79715919495,-14.6494169235]},"hfc":{"dmean":5.94116973877,"dmean2":9.09984493256,"dvar":141.831634521,"dvar2":343.603149414,"max":205.07232666,"mean":21.0703239441,"median":16.5302658081,"min":1.10452719128e-16,"var":382.097381592},"melbands":{"dmean":[0.00202960404567,0.00280210585333,0.00171074469108,0.000535337429028,0.000179054171895,0.000138099450851,0.000133346256916,0.000131645065267,0.0000848142444738,0.0000747702797526,0.0000609361850366,0.0000419423595304,0.0000572540120629,0.0000346060514858,0.0000310997493216,0.0000277326216747,0.0000283471763396,0.0000187138175534,0.0000188741050806,0.0000188363555935,0.00000927077689994,0.00000865423589858,0.0000078006178228,0.00000720484058547,0.0000072103198363,0.00000590137369727,0.00000574193245484,0.00000462322896055,0.00000394745757148,0.00000418020317738,0.00000290005868919,0.00000286956742457,0.00000226142947213,0.00000201599232241,0.00000134525021167,0.0000011393776731,8.86800933131e-7,8.18348041776e-7,6.01555200319e-7,4.7413681159e-7],"dmean2":[0.00315815978684,0.00469016237184,0.00301588443108,0.000928924651816,0.000296792073641,0.00022416182037,0.000213296196307,0.000203511022846,0.000126178492792,0.000109712076664,0.0000900454542716,0.0000621434446657,0.0000855505786603,0.0000541023982805,0.0000501089962199,0.0000441106094513,0.0000457377682324,0.0000302177522826,0.0000303964570776,0.0000310218638333,0.0000150673567987,0.0000141392192745,0.0000127536213768,0.0000118197885968,0.0000119822070701,0.0000099014123407,0.00000950568119151,0.00000758192891226,0.00000663810897095,0.00000693394031259,0.00000490275124321,0.00000484721704197,0.00000382375355912,0.00000330611146637,0.0000022247711513,0.00000191849812836,0.00000146539207435,0.00000134245362915,9.86645545709e-7,7.68906943449e-7],"dvar":[0.0000199995574803,0.0000378102704417,0.0000129150712382,9.33664409786e-7,1.02793080714e-7,5.37905187059e-8,6.66585151521e-8,6.44717701448e-8,2.54031320424e-8,2.15244355672e-8,1.43282363751e-8,8.27856716512e-9,1.01533581542e-8,3.25212878849e-9,3.13578540911e-9,2.44209763522e-9,2.74428790803e-9,1.11129450087e-9,2.04355643518e-9,1.30233346329e-9,2.91433738253e-10,2.60838212141e-10,2.53099374792e-10,1.68456221195e-10,1.85853096801e-10,1.43701564537e-10,1.58492455271e-10,7.89673812451e-11,8.14940753768e-11,7.65486563026e-11,3.83240592039e-11,4.08808195629e-11,2.65112150982e-11,2.04614641203e-11,7.32141430815e-12,6.42984580509e-12,3.42981155629e-12,4.2394529727e-12,2.31761333215e-12,1.53164969856e-12],"dvar2":[0.0000451495325251,0.000101775840449,0.000037317378883,0.00000266884126177,2.77925522596e-7,1.41678910381e-7,1.67044689192e-7,1.55760019993e-7,5.78188021905e-8,4.60671110147e-8,2.95512059267e-8,1.63044990842e-8,2.09155146536e-8,7.44548733778e-9,8.03667354887e-9,5.77283199021e-9,6.89122670039e-9,2.82891265968e-9,4.8288084642e-9,3.19186699294e-9,7.16885328877e-10,6.53872567202e-10,6.5810173977e-10,4.31929797484e-10,4.87119122816e-10,3.86759069215e-10,4.20631418585e-10,2.02906691449e-10,2.14312928515e-10,2.02390396109e-10,1.04782044152e-10,1.09611167365e-10,7.24054566303e-11,5.10138077614e-11,1.82150735467e-11,1.71215246841e-11,9.03081862763e-12,1.09675064169e-11,5.97209434683e-12,3.84441567122e-12],"max":[0.0584177523851,0.0987716093659,0.0551271624863,0.0169018432498,0.00793474633247,0.00541019905359,0.0101966736838,0.00684405164793,0.00550995860249,0.00467523001134,0.00408693170175,0.00359728233889,0.00437448639423,0.00114156410564,0.00111680442933,0.00118194334209,0.00207236921415,0.000752431515139,0.00197294563986,0.00110256159678,0.000821397698019,0.000560584885534,0.000663847429678,0.000317591213388,0.000319966522511,0.000285541726043,0.000491284998134,0.000318976206472,0.000207630408113,0.000319510145346,0.000120754761156,0.000120945551316,0.000089520450274,0.0000902445754036,0.0000520591929671,0.0000609376002103,0.0000414259739046,0.0000631772709312,0.0000292284694297,0.0000261206441792],"mean":[0.00355617608875,0.0047309123911,0.00254499143921,0.000815855688415,0.000332613184582,0.000277914921753,0.000272207922535,0.000262695568381,0.000175245222636,0.000152473789058,0.000120272125059,0.0000836597610032,0.000110004933958,0.0000625753818895,0.0000515909923706,0.0000453731918242,0.0000434228604718,0.0000306115616695,0.0000292214372166,0.0000287029688479,0.0000156130536197,0.0000143372144521,0.0000126627965074,0.0000122324454424,0.0000116639384942,0.000010175076568,0.0000104069458757,0.00000845377780934,0.00000695680819263,0.00000733186880097,0.00000531636942469,0.00000556248050998,0.00000460373712485,0.00000402126261179,0.00000292472873298,0.00000237968947658,0.00000183921008556,0.00000154705787736,0.0000011499005268,8.92509660844e-7],"median":[0.00204852456227,0.00279887882061,0.00152865913697,0.000482454313897,0.000187953555724,0.000142475182656,0.000127141131088,0.000122221710626,0.0000872395321494,0.000069033660111,0.0000546050650883,0.0000347767709172,0.000048982728913,0.0000319049504469,0.0000277989056485,0.0000225909607252,0.0000214416431845,0.0000168049446074,0.0000142466633406,0.0000132280256366,0.00000918240402825,0.00000852336961543,0.00000721013884686,0.00000702113902662,0.00000627028612143,0.00000536148581887,0.00000516359568792,0.00000432124579675,0.00000374894807464,0.00000341314648722,0.00000255426766671,0.00000250678522207,0.0000019056411702,0.00000167198538747,0.0000013503217815,9.74038812274e-7,7.94762456735e-7,6.33833678876e-7,4.11720748161e-7,2.80300895383e-7],"min":[1.96529035647e-24,1.86945618104e-24,9.85871323514e-25,1.77560618801e-24,2.20286962314e-24,1.5749818993e-24,2.23134612131e-24,3.98262305015e-24,3.83196363345e-24,3.37384725667e-24,4.02842904747e-24,3.17015646841e-24,4.61022816457e-24,3.44963509599e-24,3.45442939814e-24,3.77752000365e-24,4.86695900186e-24,4.62437796262e-24,7.91327831044e-24,6.06184069855e-24,4.18253420859e-24,3.44605682292e-24,5.20856811712e-24,5.08370484646e-24,4.97459078934e-24,6.3638351913e-24,5.13854330115e-24,6.17915259819e-24,5.6340292023e-24,4.73282148797e-24,6.44922386226e-24,6.84740968721e-24,6.92781275725e-24,7.33369983679e-24,6.85018332215e-24,5.92688868577e-24,6.32274224345e-24,7.39336927566e-24,7.2867894342e-24,6.11859135207e-24],"var":[0.0000263863366854,0.0000417298615503,0.000012673409401,0.00000113741509722,1.88509886812e-7,1.5552936361e-7,2.23953179557e-7,1.97903830212e-7,8.04469806326e-8,7.04107350202e-8,4.821209032e-8,3.22468309832e-8,3.50955033923e-8,7.8468938014e-9,5.46938450086e-9,5.02855623807e-9,4.92903584615e-9,1.91939131255e-9,2.93905499937e-9,2.17941775738e-9,4.49606518682e-10,3.89345083951e-10,3.59074797673e-10,2.83554651981e-10,2.81015599679e-10,2.51511866889e-10,3.02131875074e-10,1.62203625531e-10,1.09636993928e-10,1.54712173628e-10,6.16728612624e-11,7.33970315081e-11,5.37533038913e-11,4.21930546057e-11,1.92285371653e-11,1.39113763911e-11,8.38352477717e-12,7.13684450079e-12,4.25349859501e-12,2.81427550534e-12]},"melbands_crest":{"dmean":2.77190184593,"dmean2":4.47196292877,"dvar":6.85915231705,"dvar2":17.3672599792,"max":39.6676483154,"mean":15.5938568115,"median":14.9772644043,"min":1.87838220596,"var":25.5497760773},"melbands_flatness_db":{"dmean":0.0232621282339,"dmean2":0.0364047773182,"dvar":0.000577598984819,"dvar2":0.0013319007121,"max":0.43992549181,"mean":0.212074458599,"median":0.208821862936,"min":0.004078397993,"var":0.00370149337687},"melbands_kurtosis":{"dmean":9.27129650116,"dmean2":14.6522159576,"dvar":247.27003479,"dvar2":564.939086914,"max":607.912597656,"mean":21.052072525,"median":13.3050165176,"min":-1.89764785767,"var":801.95916748},"melbands_skewness":{"dmean":0.761888563633,"dmean2":1.18240714073,"dvar":0.693053543568,"dvar2":1.61170971394,"max":22.2917327881,"mean":3.47128677368,"median":3.19378709793,"min":-1.09220778942,"var":3.35622954369},"melbands_spread":{"dmean":4.8091545105,"dmean2":7.61516666412,"dvar":35.5523376465,"dvar2":84.2850723267,"max":169.030685425,"mean":17.9242534637,"median":14.6936664581,"min":0.913432359695,"var":177.940856934},"mfcc":{"cov":[[13774.2646484,-482.156921387,130.265167236,730.826538086,201.069091797,585.606018066,289.21295166,342.625793457,168.507888794,266.301239014,270.021850586,175.948699951,123.001266479],[-482.156921387,1049.2364502,-80.9767379761,40.6442070007,37.0783691406,3.76407718658,-6.7455201149,-14.9332132339,-4.09254789352,-15.4873285294,-64.9238967896,-20.8057460785,-24.2013225555],[130.265167236,-80.9767379761,348.421051025,57.1431236267,62.8148078918,43.1326293945,34.5167922974,20.9494667053,13.0732116699,3.00336575508,2.11580133438,-11.4566421509,-14.0376386642],[730.826538086,40.6442070007,57.1431236267,198.769989014,78.0540390015,80.9086303711,44.6975364685,37.2956237793,18.8002109528,30.497127533,17.3951702118,13.6303720474,1.6566375494],[201.069091797,37.0783691406,62.8148078918,78.0540390015,127.291992188,72.0765686035,32.6556472778,17.7307624817,17.3315238953,17.2710056305,5.97777080536,7.57395601273,2.31081056595],[585.606018066,3.76407718658,43.1326293945,80.9086303711,72.0765686035,134.260177612,67.3997650146,42.7460899353,24.2353134155,29.0386333466,18.8266811371,16.6001472473,10.6326465607],[289.21295166,-6.7455201149,34.5167922974,44.6975364685,32.6556472778,67.3997650146,98.1967315674,52.5110816956,24.3991775513,14.8662509918,8.75137805939,11.154091835,8.4032907486],[342.625793457,-14.9332132339,20.9494667053,37.2956237793,17.7307624817,42.7460899353,52.5110816956,91.2810592651,42.4014015198,18.1424465179,10.0762395859,10.4505662918,10.8386611938],[168.507888794,-4.09254789352,13.0732116699,18.8002109528,17.3315238953,24.2353134155,24.3991775513,42.4014015198,77.6379013062,37.451210022,10.4962034225,8.19766902924,14.0435256958],[266.301239014,-15.4873285294,3.00336575508,30.497127533,17.2710056305,29.0386333466,14.8662509918,18.1424465179,37.451210022,74.9412460327,36.9643974304,13.2964334488,7.85137939453],[270.021850586,-64.9238967896,2.11580133438,17.3951702118,5.97777080536,18.8266811371,8.75137805939,10.0762395859,10.4962034225,36.9643974304,79.6735305786,37.596496582,7.90542316437],[175.948699951,-20.8057460785,-11.4566421509,13.6303720474,7.57395601273,16.6001472473,11.154091835,10.4505662918,8.19766902924,13.2964334488,37.596496582,82.0168914795,38.3223266602],[123.001266479,-24.2013225555,-14.0376386642,1.6566375494,2.31081056595,10.6326465607,8.4032907486,10.8386611938,14.0435256958,7.85137939453,7.90542316437,38.3223266602,84.2077026367]],"icov":[[0.000111087138066,0.000045442229748,0.0000263825950242,-0.000327750167344,0.00022327285842,-0.000384958140785,0.000133375826408,-0.000202641604119,0.0000436173977505,-0.0000736263682484,-0.000151154599735,0.00000711861503078,-0.0000725630525267],[0.000045442229748,0.00109480821993,0.000361868762411,-0.000414870854001,-0.000301126478007,-0.000083175887994,0.0000593267686781,0.000102635480289,-0.0000759497561376,-0.000175857319846,0.00103377643973,-0.000292897748295,0.000381700112484],[0.0000263825950242,0.000361868762411,0.00339864869602,-0.000555173610337,-0.00141321914271,0.0000496822285641,-0.000638040190097,-0.0000243500544457,-0.000397492811317,0.000633624091279,-0.000167788093677,0.000595539051574,0.000494202948175],[-0.000327750167344,-0.000414870854001,-0.000555173610337,0.00874764379114,-0.00350189674646,-0.0011166568147,-0.000383616075851,-0.00116475136019,0.00122264691163,-0.00163209112361,0.000370965281036,-0.000525468611158,0.000672740279697],[0.00022327285842,-0.000301126478007,-0.00141321914271,-0.00350189674646,0.0139018492773,-0.00649327412248,0.000879235158209,0.00143861433025,-0.00161206291523,0.000104043181636,0.000411384855397,-0.000504474679474,0.0000362231985491],[-0.000384958140785,-0.000083175887994,0.0000496822285641,-0.0011166568147,-0.00649327412248,0.0178669504821,-0.00802879221737,-0.00051172170788,0.000956448609941,-0.00216275686398,-0.000254116836004,-0.000281421060208,-0.000448018108727],[0.000133375826408,0.0000593267686781,-0.000638040190097,-0.000383616075851,0.000879235158209,-0.00802879221737,0.0196368210018,-0.00807526707649,0.000260124652414,0.000444558361778,0.000488128949655,-0.000708980020136,-0.0000151589301822],[-0.000202641604119,0.000102635480289,-0.0000243500544457,-0.00116475136019,0.00143861433025,-0.00051172170788,-0.00807526707649,0.0207491610199,-0.00942675676197,0.00272977678105,-0.00067987665534,-0.0000754826687626,-0.0000795782980276],[0.0000436173977505,-0.0000759497561376,-0.000397492811317,0.00122264691163,-0.00161206291523,0.000956448609941,0.000260124652414,-0.00942675676197,0.0230641290545,-0.0111948726699,0.00302832620218,-0.00015693064779,-0.00208054692484],[-0.0000736263682484,-0.000175857319846,0.000633624091279,-0.00163209112361,0.000104043181636,-0.00216275686398,0.000444558361778,0.00272977678105,-0.0111948726699,0.0247128289193,-0.0106976944953,0.00280932546593,-0.000642142549623],[-0.000151154599735,0.00103377643973,-0.000167788093677,0.000370965281036,0.000411384855397,-0.000254116836004,0.000488128949655,-0.00067987665534,0.00302832620218,-0.0106976944953,0.0229087918997,-0.0101772965863,0.00351555389352],[0.00000711861503078,-0.000292897748295,0.000595539051574,-0.000525468611158,-0.000504474679474,-0.000281421060208,-0.000708980020136,-0.0000754826687626,-0.00015693064779,0.00280932546593,-0.0101772965863,0.0207080841064,-0.00855953898281],[-0.0000725630525267,0.000381700112484,0.000494202948175,0.000672740279697,0.0000362231985491,-0.000448018108727,-0.0000151589301822,-0.0000795782980276,-0.00208054692484,-0.000642142549623,0.00351555389352,-0.00855953898281,0.0161997675896]],"mean":[-641.077575684,117.799972534,12.2174825668,25.2493019104,3.49360775948,13.279050827,3.92000722885,6.72428417206,2.15960526466,5.33943367004,1.03645956516,1.56435525417,-0.152509734035]},"pitch_salience":{"dmean":0.0661412253976,"dmean2":0.10931468755,"dvar":0.00410623382777,"dvar2":0.0110400645062,"max":0.867963433266,"mean":0.518507897854,"median":0.52600222826,"min":0.0215642787516,"var":0.0120367622003},"silence_rate_20dB":{"dmean":0,"dmean2":0,"dvar":0,"dvar2":0,"max":1,"mean":1,"median":1,"min":1,"var":0},"silence_rate_30dB":{"dmean":0.0614636018872,"dmean2":0.122935071588,"dvar":0.0576905161142,"dvar2":0.129734516144,"max":1,"mean":0.938732385635,"median":1,"min":0,"var":0.0575269386172},"silence_rate_60dB":{"dmean":0.00537806516513,"dmean2":0.010756819509,"dvar":0.00535058462992,"dvar2":0.0129516636953,"max":1,"mean":0.103137001395,"median":0,"min":0,"var":0.0924840420485},"spectral_centroid":{"dmean":225.682739258,"dmean2":362.541564941,"dvar":57082.9101562,"dvar2":138872.453125,"max":11379.5732422,"mean":1246.83813477,"median":1163.31115723,"min":191.483734131,"var":462246.90625},"spectral_complexity":{"dmean":3.38690066338,"dmean2":5.15033912659,"dvar":17.7498588562,"dvar2":33.4458503723,"max":58,"mean":19.5446224213,"median":19,"min":0,"var":113.35824585},"spectral_contrast_coeffs":{"dmean":[0.0490690395236,0.0421780534089,0.0357510857284,0.0307835116982,0.0212420765311,0.0173747763038],"dmean2":[0.0827222838998,0.0695168226957,0.0569242350757,0.0506196469069,0.0351338163018,0.0287714283913],"dvar":[0.00174982659519,0.00116119976155,0.000804600014817,0.000592667958699,0.000290470110485,0.000231946673011],"dvar2":[0.00488715711981,0.00313764694147,0.00206238171086,0.00154718186241,0.000771384860855,0.000613433832768],"max":[-0.29532250762,-0.440179467201,-0.4919257164,-0.571046352386,-0.606964945793,-0.554358899593],"mean":[-0.655971109867,-0.745615303516,-0.754054129124,-0.772148728371,-0.789819896221,-0.749144554138],"median":[-0.656679391861,-0.748915076256,-0.75855576992,-0.775790214539,-0.792781710625,-0.74774235487],"min":[-0.971407473087,-0.973775446415,-0.976773262024,-0.966947138309,-0.96506524086,-0.965047955513],"var":[0.00598201900721,0.00451721297577,0.0042781252414,0.00239514093846,0.0015459387796,0.0015799512621]},"spectral_contrast_valleys":{"dmean":[0.366078108549,0.329532682896,0.290254622698,0.278966158628,0.236277833581,0.269222199917],"dmean2":[0.603766024113,0.538521528244,0.468206137419,0.438099890947,0.362179636955,0.401249706745],"dvar":[0.108467079699,0.082749940455,0.0651773065329,0.0730279609561,0.0759975239635,0.128013312817],"dvar2":[0.265271574259,0.204356402159,0.148054271936,0.152272060513,0.148726984859,0.273636490107],"max":[-4.71716499329,-4.7591547966,-5.19758796692,-5.79415607452,-5.47854661942,-7.64359951019],"mean":[-6.96012687683,-6.8182516098,-7.49195671082,-7.89523983002,-7.79139947891,-10.2315578461],"median":[-6.49707794189,-6.51019477844,-7.18163871765,-7.53704929352,-7.39194726944,-9.78903961182],"min":[-27.9796199799,-28.1922931671,-27.6928195953,-27.6168270111,-27.4352111816,-27.377204895],"var":[3.05020928383,2.28455233574,2.28246450424,2.36263251305,2.54479694366,2.86084580421]},"spectral_decrease":{"dmean":4.05082412058e-9,"dmean2":6.4710512504e-9,"dvar":5.90603119245e-17,"dvar2":1.44291625813e-16,"max":1.44866693006e-28,"mean":-1.04347082086e-8,"median":-8.28159052446e-9,"min":-1.1525376209e-7,"var":9.60909247823e-17},"spectral_energy":{"dmean":0.0156768634915,"dmean2":0.0250001978129,"dvar":0.000879278988577,"dvar2":0.0021447185427,"max":0.445152401924,"mean":0.0412940643728,"median":0.0329430364072,"min":1.00379684037e-20,"var":0.00145660236012},"spectral_energyband_high":{"dmean":0.000429334642831,"dmean2":0.000667962420266,"dvar":0.00000103076320102,"dvar2":0.00000254258657151,"max":0.0207504592836,"mean":0.00114962109365,"median":0.000597642851062,"min":7.2955593271e-21,"var":0.0000025208041734},"spectral_energyband_low":{"dmean":0.0128433527425,"dmean2":0.0206481162459,"dvar":0.000651425216347,"dvar2":0.00158809672575,"max":0.385664463043,"mean":0.0258592460304,"median":0.0175748281181,"min":1.69932298349e-23,"var":0.000933555653319},"spectral_energyband_middle_high":{"dmean":0.00135082099587,"dmean2":0.00201901816763,"dvar":0.00000343261967828,"dvar2":0.00000760862258176,"max":0.0325655788183,"mean":0.00440425425768,"median":0.00362454587594,"min":1.2373909086e-21,"var":0.0000147115333675},"spectral_energyband_middle_low":{"dmean":0.00574231147766,"dmean2":0.00985891465098,"dvar":0.000110730121378,"dvar2":0.000313198077492,"max":0.16941601038,"mean":0.0128309680149,"median":0.0098626203835,"min":2.38526319433e-22,"var":0.000153924425831},"spectral_entropy":{"dmean":0.130109786987,"dmean2":0.202268004417,"dvar":0.0210534799844,"dvar2":0.0481741018593,"max":9.81248283386,"mean":7.61202573776,"median":7.69251728058,"min":5.75488519669,"var":0.193552538753},"spectral_flux":{"dmean":0.0289717242122,"dmean2":0.0456549264491,"dvar":0.00203168508597,"dvar2":0.00413844594732,"max":0.527028441429,"mean":0.0883357897401,"median":0.0736808627844,"min":6.49482898019e-11,"var":0.00456247944385},"spectral_kurtosis":{"dmean":1.1143450737,"dmean2":1.92621576786,"dvar":2.44873476028,"dvar2":7.34736871719,"max":36.5326194763,"mean":3.67608833313,"median":2.72268247604,"min":-1.22782456875,"var":9.66218662262},"spectral_rms":{"dmean":0.000995742739178,"dmean2":0.00154924381059,"dvar":0.00000222854100684,"dvar2":0.00000505959724251,"max":0.0208397451788,"mean":0.00567851029336,"median":0.00566917518154,"min":3.12939930046e-12,"var":0.00000804153842182},"spectral_rolloff":{"dmean":339.260375977,"dmean2":570.969421387,"dvar":360434.03125,"dvar2":892992.4375,"max":19466.015625,"mean":999.706298828,"median":689.0625,"min":21.533203125,"var":1423937.125},"spectral_skewness":{"dmean":0.159251481295,"dmean2":0.264621287584,"dvar":0.0274064429104,"dvar2":0.0749712958932,"max":4.4550743103,"mean":1.45686531067,"median":1.33666539192,"min":-0.0456484109163,"var":0.216270789504},"spectral_spread":{"dmean":428765.625,"dmean2":683254,"dvar":328132820992,"dvar2":765776101376,"max":41334536,"mean":4969286.5,"median":4940143,"min":1396727,"var":3218497077250},"spectral_strongpeak":{"dmean":0.273773819208,"dmean2":0.473454892635,"dvar":0.241280212998,"dvar2":0.598390698433,"max":9.72124958038,"mean":0.519458949566,"median":0.355815589428,"min":0,"var":0.360491633415},"zerocrossingrate":{"dmean":0.00785954948515,"dmean2":0.0099131911993,"dvar":0.0000838655032567,"dvar2":0.000119199277833,"max":0.52294921875,"mean":0.0521644130349,"median":0.044921875,"min":0,"var":0.00110756489448}},"metadata":{"audio_properties":{"analysis_sample_rate":44100,"bit_rate":128000,"codec":"mp3","downmix":"mix","equal_loudness":0,"length":362.657958984,"lossless":false,"md5_encoded":"2988b6875b986b7a4572c3532bc5f6de","replay_gain":-7.31502914429,"sample_rate":44100},"tags":{"album":["Black Moon"],"albumartist":["Emerson, Lake & Palmer"],"albumartistsort":["Emerson, Lake & Palmer"],"artist":["Emerson, Lake & Palmer"],"artistsort":["Emerson, Lake & Palmer"],"asin":["B00000E5E4"],"barcode":["042282831828"],"catalognumber":["828 318-2"],"date":["1992-06-27"],"discnumber":["1/1"],"file_name":"Changing States - Emerson, Lake & Palmer.mp3","genre":["genre"],"label":["Victory Music"],"length":["362657"],"media":["CD"],"musicbrainz album release country":["US"],"musicbrainz album status":["official"],"musicbrainz album type":["album"],"musicbrainz_albumartistid":["ad996aef-cc1c-42ac-af5c-619c370f4b8a"],"musicbrainz_albumid":["2346b488-3d21-45dd-afb7-d268b86dcc12"],"musicbrainz_artistid":["ad996aef-cc1c-42ac-af5c-619c370f4b8a"],"musicbrainz_recordingid":["f1268100-b98d-4aa0-b96c-ed851bda662a"],"originaldate":["1992-06-27"],"script":["Latn"],"title":["Changing States"],"tracknumber":["6/10"]},"version":{"essentia":"2.1-beta2","essentia_build_sha":"70f2e5ece6736b2c40cc944ad0e695b16b925413","essentia_git_sha":"v2.1_beta2","extractor":"music 1.0"}},"rhythm":{"beats_count":793,"beats_loudness":{"dmean":0.0330996438861,"dmean2":0.0582391805947,"dvar":0.000960439792834,"dvar2":0.0028508733958,"max":0.222312375903,"mean":0.0691485852003,"median":0.06745506078,"min":3.92934518256e-10,"var":0.00226822402328},"beats_loudness_band_ratio":{"dmean":[0.15599258244,0.068915143609,0.0725583136082,0.0531550310552,0.0301921479404,0.0333926714957],"dmean2":[0.267422318459,0.121011130512,0.125569656491,0.0922459587455,0.0517718717456,0.0572291649878],"dvar":[0.0204179380089,0.00529206683859,0.00839401967824,0.00617493642494,0.00216008280404,0.00200409605168]