{"lowlevel":{"average_loudness":0.931828200817,"barkbands":{"dmean":[0.0101393656805,0.0140393320471,0.00318622938357,0.000889880757313,0.00251733092591,0.00237974105403,0.00145184388384,0.000912798393983,0.000976597773843,0.000678342417814,0.000726798491087,0.000345667533111,0.000423078105086,0.000365887855878,0.000265732873231,0.0001443978108,0.0000889366710908,0.000100551245851,0.0000806230746093,0.000049197638873,0.0000344803447661,0.0000192411444004,0.00000747850754124,0.00000359362365998,0.00000311590929414,0.00000516178670296,0.000165822246345],"dmean2":[0.0174867883325,0.0218973290175,0.00538044795394,0.00152568006888,0.00414530979469,0.00385479279794,0.00229587033391,0.00152461277321,0.00165337463841,0.00112055742647,0.00121681264136,0.000570709060412,0.000695975497365,0.00060492992634,0.000428830040619,0.000239681874518,0.000148152015754,0.000164861601661,0.000129447100335,0.0000776748565841,0.0000535508879693,0.0000294698947982,0.000011373766938,0.00000583195969739,0.00000515788133271,0.000008061419976,0.000252469908446],"dvar":[0.00037695854553,0.000559087726288,0.000033492626244,0.00000193541768567,0.0000253472971963,0.0000576567581447,0.00000824371090857,0.00000581120821153,0.00000703606747265,0.00000208772121368,0.00000346891874869,5.25795712747e-7,6.92842718308e-7,4.65856430765e-7,1.78891923497e-7,4.56587905262e-8,2.43020625845e-8,3.06196206168e-8,2.16932871666e-8,9.52141299138e-9,5.87224402437e-9,1.69748581857e-9,3.75706382671e-10,3.6980959961e-11,2.43764262248e-11,7.36659344636e-11,4.11587848248e-8],"dvar2":[0.00101025833283,0.00132730917539,0.0000865463225637,0.00000520368530488,0.000065393272962,0.000147267288412,0.0000193883533939,0.0000155277339218,0.000019900564439,0.00000526464782524,0.00000923287097976,0.00000128793669774,0.00000174657600382,0.00000121818402476,4.15543439658e-7,1.22289421256e-7,6.7104849677e-8,8.22304357939e-8,5.67882203484e-8,2.25467537973e-8,1.29425004047e-8,3.60690233236e-9,7.47392925327e-10,8.72411448638e-11,6.25639540175e-11,1.60099891677e-10,9.70443707615e-8],"max":[0.221300303936,0.272486001253,0.0725492537022,0.0300238598138,0.135296434164,0.267598390579,0.0999848172069,0.0690616741776,0.0727196410298,0.0711372569203,0.0604648850858,0.0260379631072,0.0271069444716,0.0126704629511,0.0178452320397,0.00477170804515,0.00364016206004,0.00244950363412,0.00218205340207,0.00248970766552,0.00220546848141,0.00119559199084,0.000691794673912,0.000127613602672,0.0000822974179755,0.000228758130106,0.00735307112336],"mean":[0.0102907046676,0.0177684072405,0.00368554191664,0.00111332419328,0.00364846130833,0.00336477835663,0.00230234861374,0.00132352905348,0.00147599133197,0.00107949529774,0.00105870747939,0.000549244810827,0.000675197516102,0.000553282268811,0.000536528183147,0.000289016403258,0.000164637953276,0.0001831730915,0.000148330582306,0.0000992869099719,0.0000741504991311,0.000040711442125,0.0000130854887175,0.00000483491248815,0.00000345493253917,0.00000835764240037,0.000564564194065],"median":[0.00431406730786,0.00782986823469,0.00146669952665,0.000626857741736,0.00162750098389,0.000658869859762,0.000769632111769,0.000384017737815,0.000642039987724,0.000550347205717,0.000506838317961,0.000292429525871,0.000303892185912,0.000268128351308,0.000301110907458,0.000185142576811,0.0000851993609103,0.0000993405192276,0.0000773056817707,0.0000569825861021,0.0000407097031712,0.0000229525285249,0.0000057882357396,0.00000243895010499,0.00000169427346464,0.00000478485162603,0.000486476841616],"min":[3.33997948586e-24,6.87406371948e-24,2.72509850063e-24,7.26861881211e-24,4.64456877861e-23,3.54309270961e-23,6.19409038941e-23,1.40602339452e-23,3.98533570614e-23,4.94917479538e-23,3.73518191775e-23,7.88007042177e-23,7.99172768756e-23,1.34816921926e-22,1.02800774895e-22,1.38798877205e-22,1.4239940246e-22,1.83939580795e-22,2.28915242061e-22,1.79032045549e-22,3.38730940468e-22,4.3412229829e-22,6.14669613109e-22,7.42276258009e-22,1.05875372264e-21,1.81599445745e-21,2.31633593632e-21],"var":[0.000323718617437,0.000719867355656,0.000037204077671,0.00000268701501227,0.0000418029267166,0.0000944649582379,0.0000181929262908,0.00000920861566556,0.0000121513567137,0.00000442444843429,0.00000470200757263,9.18771831948e-7,0.00000132406285047,7.20823322808e-7,5.88867521856e-7,1.11315799245e-7,4.35450324687e-8,5.30131991638e-8,3.74786353063e-8,2.13818776018e-8,1.38987168441e-8,4.56282078787e-9,9.06919150889e-10,5.36837241327e-11,2.61121922696e-11,1.5342192794e-10,2.49484173764e-7]},"barkbands_crest":{"dmean":2.94932365417,"dmean2":4.84440135956,"dvar":5.92416477203,"dvar2":15.2470397949,"max":25.0109596252,"mean":10.9375019073,"median":10.5403585434,"min":2.56458806992,"var":16.5895137787},"barkbands_flatness_db":{"dmean":0.0331758372486,"dmean2":0.0527478083968,"dvar":0.000987307284959,"dvar2":0.00251015974209,"max":0.538912594318,"mean":0.159876957536,"median":0.148044258356,"min":0.0411447808146,"var":0.00372361578047},"barkbands_kurtosis":{"dmean":11.2328777313,"dmean2":18.2613296509,"dvar":569.379943848,"dvar2":1402.52587891,"max":464.238098145,"mean":17.3031730652,"median":6.6044960022,"min":-1.71675014496,"var":1135.85021973},"barkbands_skewness":{"dmean":0.958219885826,"dmean2":1.51428353786,"dvar":1.17247450352,"dvar2":2.89408659935,"max":17.4107570648,"mean":2.84819984436,"median":2.23289346695,"min":-2.18519282341,"var":4.1642074585},"barkbands_spread":{"dmean":6.5309920311,"dmean2":10.3188314438,"dvar":44.3612823486,"dvar2":102.13621521,"max":119.952331543,"mean":21.0049266815,"median":18.6212673187,"min":0.296746045351,"var":187.995330811},"dissonance":{"dmean":0.0200100839138,"dmean2":0.0341406613588,"dvar":0.000395592214772,"dvar2":0.00111796741839,"max":0.500000238419,"mean":0.46588653326,"median":0.473497509956,"min":0.268639624119,"var":0.000786108139437},"dynamic_complexity":2.75480055809,"erbbands":{"dmean":[0.892375349998,1.6175647974,3.64196610451,3.0449552536,5.53384971619,10.2169694901,10.1203708649,23.0307178497,16.8033485413,28.8779087067,17.9639701843,21.1502418518,21.4138584137,21.3896751404,23.8240337372,14.2605657578,20.3362178802,19.6166954041,12.6905183792,10.7954473495,7.35178565979,4.86798429489,5.08004379272,4.84942626953,3.65199923515,2.22874712944,1.48177552223,1.31841492653,0.757552087307,0.402493834496,0.177146151662,0.0864971578121,0.0540261752903,0.0350019596517,0.0223378185183,0.014495481737,0.00956548005342,0.00900563970208,0.00657797325402,0.0061370623298],"dmean2":[1.44841361046,2.59688901901,6.10281991959,5.07866668701,9.25328063965,16.911907196,16.6015872955,37.4817657471,26.9048976898,45.7946891785,29.8732051849,35.7013587952,35.4749679565,35.4581604004,39.7453575134,23.4160957336,33.0259857178,32.2253494263,20.2743206024,17.8951416016,12.1618690491,8.01024913788,8.34012508392,7.87297677994,5.8758649826,3.51667070389,2.31742525101,2.03834557533,1.15598034859,0.602824211121,0.272477418184,0.137983351946,0.0882436931133,0.0577645786107,0.0369551442564,0.0234378874302,0.0148894740269,0.0132681857795,0.00956363976002,0.00957668200135],"dvar":[2.73320508003,6.83966779709,46.6473655701,20.5249252319,96.189704895,574.601135254,638.317749023,6191.07861328,2863.88720703,3156.71875,3171.29760742,4068.57983398,2827.79589844,1835.51843262,2927.49316406,903.593688965,1678.65759277,1428.1862793,466.537872314,251.174728394,134.510574341,72.4155731201,82.2106781006,75.7904815674,46.1500015259,19.4610004425,10.4293403625,8.5465555191,2.49811291695,1.13126015663,0.187031671405,0.0219808053225,0.00777355674654,0.00310832681134,0.00123262696434,0.000452248670626,0.000210683137993,0.000296834652545,0.0000827320545795,0.0000422524899477],"dvar2":[6.82215881348,15.9239797592,118.905418396,52.4488563538,248.564575195,1482.51281738,1621.4777832,15986.2431641,6993.74023438,7795.51611328,8706.42089844,11518.7226562,7338.58789062,4935.93652344,7717.97509766,2276.68408203,4184.79199219,3715.64941406,1077.34277344,663.832458496,358.849914551,199.909912109,220.134490967,201.306030273,119.573791504,45.2569999695,23.7274475098,18.7906570435,5.35583019257,2.23441410065,0.377521157265,0.0502844564617,0.0193421430886,0.00794920325279,0.00316431373358,0.00113250198774,0.000462605035864,0.000565675785765,0.000177172696567,0.000100615623523],"max":[18.4041442871,31.8995876312,78.2767333984,75.3270111084,222.363891602,711.426879883,870.17364502,2855.8894043,1935.50695801,1216.84216309,1788.52612305,2239.42895508,2412.5690918,1530.39465332,1629.49597168,1042.09265137,1444.6217041,741.830932617,546.232177734,438.589172363,277.231018066,195.30821228,123.156867981,114.363677979,108.820571899,102.186225891,106.638595581,80.2755508423,47.3945884705,40.9938087463,16.0294246674,3.43523359299,1.46475875378,0.932144522667,0.582752943039,0.321685194969,0.279740691185,0.511781096458,0.337212353945,0.170174330473],"mean":[0.984356701374,2.195281744,4.27845859528,4.21871519089,7.59883546829,13.7374172211,14.7837638855,31.4669589996,25.9436435699,46.9184341431,27.4733581543,32.4554977417,34.2780799866,36.5755844116,37.6133842468,24.5189418793,33.7434539795,31.5945777893,25.4883880615,22.8172168732,15.2161483765,9.66742992401,9.56443405151,8.95089530945,6.98942518234,4.593957901,3.18615078926,2.72979569435,1.59562540054,0.803963184357,0.304793179035,0.129449635744,0.0659795254469,0.0396872870624,0.0244997944683,0.0180548261851,0.0163337197155,0.0231358353049,0.0241539999843,0.027747374028],"median":[0.379718750715,1.03153645992,1.717487216,2.36829733849,3.48105335236,5.10646390915,5.26335048676,5.52302265167,7.85742139816,12.3517341614,9.38119220734,13.7685604095,16.5060024261,21.5895175934,20.2782783508,13.2656497955,15.9000787735,15.7235918045,13.7620840073,15.1778669357,9.09029388428,5.14222335815,5.21287441254,4.91582250595,3.728038311,2.63940453529,1.84521567822,1.43058764935,0.901767075062,0.391398340464,0.141924440861,0.0691887438297,0.0322410911322,0.0194955337793,0.0118028251454,0.00973609276116,0.010061529465,0.0152284866199,0.0187780465931,0.0264431443065],"min":[2.80244843442e-22,1.25830357333e-21,3.30471942919e-21,1.37111277294e-20,7.95060090768e-20,1.51040207172e-19,3.27020788692e-19,2.23678271332e-19,6.39730422208e-19,8.06679458059e-19,3.82547923947e-19,8.38330231728e-19,2.25354377067e-18,9.44714705791e-19,1.31816152335e-18,3.62778751917e-18,4.18448338014e-18,6.89021349768e-18,5.85514006331e-18,5.53778436309e-18,7.78934476145e-18,7.15454319832e-18,8.92335313298e-18,9.3467719993e-18,9.88089244699e-18,9.42865543531e-18,8.01242461931e-18,1.38188247194e-17,1.51497368183e-17,1.55379773475e-17,1.57259607592e-17,1.97998037693e-17,1.19376389898e-17,1.03344140702e-17,8.46379309134e-18,7.04923731608e-18,3.35258411578e-18,1.34637985937e-18,3.0476552016e-19,3.47110575927e-20],"var":[2.86272788048,9.55266094208,50.1245689392,30.9728450775,158.995742798,874.272033691,979.294189453,9677.74511719,6119.81542969,6889.47949219,4755.51220703,7142.81396484,5853.67089844,3059.80712891,4228.24169922,1631.83276367,3277.54638672,2295.84472656,1389.0859375,734.681274414,342.000457764,141.03263855,144.391937256,127.646331787,86.7299041748,45.1116142273,23.4727993011,20.1160678864,6.67653656006,2.87172913551,0.427953064442,0.0372168943286,0.00964724738151,0.00340753165074,0.00131936068647,0.000576689199079,0.000447833794169,0.000980032375082,0.00049865472829,0.00036170828389]},"erbbands_crest":{"dmean":2.84085202217,"dmean2":4.67096996307,"dvar":6.88768529892,"dvar2":17.3557243347,"max":28.0986862183,"mean":8.73206424713,"median":7.7631521225,"min":2.42787504196,"var":16.7252120972},"erbbands_flatness_db":{"dmean":0.0207724235952,"dmean2":0.0322905816138,"dvar":0.000307936628815,"dvar2":0.000740500399843,"max":0.330145776272,"mean":0.142211824656,"median":0.13968577981,"min":0.0221656858921,"var":0.00140111276414},"erbbands_kurtosis":{"dmean":0.945602059364,"dmean2":1.55103039742,"dvar":1.40048849583,"dvar2":3.57878136635,"max":21.9796543121,"mean":0.664663732052,"median":0.218891903758,"min":-1.65485727787,"var":2.75785303116},"erbbands_skewness":{"dmean":0.356664061546,"dmean2":0.558778822422,"dvar":0.103365428746,"dvar2":0.247071117163,"max":3.89269113541,"mean":0.218888863921,"median":0.151692375541,"min":-3.384111166,"var":0.476191043854},"erbbands_spread":{"dmean":6.46607398987,"dmean2":10.074669838,"dvar":37.9488258362,"dvar2":89.935218811,"max":119.793807983,"mean":29.2880802155,"median":27.1396808624,"min":4.66007328033,"var":162.315353394},"gfcc":{"cov":[[11796.2695312,531.20489502,-1502.83825684,-192.611846924,-153.122879028,-633.844543457,150.647018433,-440.826385498,131.029205322,35.1488265991,-35.9484443665,15.8910007477,-46.8545913696],[531.20489502,585.086120605,40.7844009399,-154.629211426,30.5816478729,-61.2739372253,19.5434055328,-59.1996269226,12.9515371323,-12.5151529312,53.4483146667,-34.2335968018,12.4924554825],[-1502.83825684,40.7844009399,596.306030273,84.4239959717,-38.6861190796,202.77116394,-95.909362793,135.694778442,-63.296749115,4.464656353,24.7406730652,0.339325785637,14.5520505905],[-192.611846924,-154.629211426,84.4239959717,339.701904297,124.099250793,25.2636299133,54.8081665039,38.1128578186,-39.328704834,-19.4852561951,-3.35708594322,35.5462303162,-5.96557569504],[-153.122879028,30.5816478729,-38.6861190796,124.099250793,269.346710205,32.2547798157,101.400497437,35.2399482727,-7.42749500275,-42.0907707214,10.7280263901,5.70898866653,40.0213012695],[-633.844543457,-61.2739372253,202.77116394,25.2636299133,32.2547798157,212.006225586,-13.6683483124,77.4384155273,-47.818157196,-0.887737393379,9.90998935699,7.96238327026,10.1277341843],[150.647018433,19.5434055328,-95.909362793,54.8081665039,101.400497437,-13.6683483124,176.041702271,11.6414461136,41.8498573303,-18.787443161,10.0193595886,21.6982192993,9.90303421021],[-440.826385498,-59.1996269226,135.694778442,38.1128578186,35.2399482727,77.4384155273,11.6414461136,168.845993042,23.5597896576,22.2777519226,25.0929584503,6.27684259415,32.7056884766],[131.029205322,12.9515371323,-63.296749115,-39.328704834,-7.42749500275,-47.818157196,41.8498573303,23.5597896576,121.258659363,44.492099762,6.23914384842,-1.39747571945,-0.484010130167],[35.1488265991,-12.5151529312,4.464656353,-19.4852561951,-42.0907707214,-0.887737393379,-18.787443161,22.2777519226,44.492099762,81.7850418091,38.9765815735,1.74733614922,-12.9309539795],[-35.9484443665,53.4483146667,24.7406730652,-3.35708594322,10.7280263901,9.90998935699,10.0193595886,25.0929584503,6.23914384842,38.9765815735,73.539642334,26.4152317047,8.54650020599],[15.8910007477,-34.2335968018,0.339325785637,35.5462303162,5.70898866653,7.96238327026,21.6982192993,6.27684259415,-1.39747571945,1.74733614922,26.4152317047,61.4608459473,30.8917293549],[-46.8545913696,12.4924554825,14.5520505905,-5.96557569504,40.0213012695,10.1277341843,9.90303421021,32.7056884766,-0.484010130167,-12.9309539795,8.54650020599,30.8917293549,85.393371582]],"icov":[[0.000163059288752,-0.000362938648323,0.000587692367844,-0.00030833054916,0.000329218775732,-0.000120612981846,0.0000900543600437,-0.000135068708914,0.0000983159188763,-0.000218559580389,0.000319640763337,-0.000195028114831,-0.0000718041992513],[-0.000362938648323,0.00431402167305,-0.00296149519272,0.00244246213697,-0.00169953517616,0.00189891888294,-0.00120750593487,0.00259490218014,-0.000904145417735,0.00263450085185,-0.00555692147464,0.00392200704664,-0.000906301371288],[0.000587692367844,-0.00296149519272,0.00669036759064,-0.00380981108174,0.00361457769759,-0.00443515134975,0.00266051758081,-0.00286260177381,-0.000419456890086,0.00127156451344,0.000035170422052,0.000391558132833,-0.00098575244192],[-0.00030833054916,0.00244246213697,-0.00380981108174,0.00778811704367,-0.00529924873263,0.00398034416139,-0.00203643087298,-0.000428880535765,0.00358965503983,-0.00318371853791,0.0033125509508,-0.00574950827286,0.00436541158706],[0.000329218775732,-0.00169953517616,0.00361457769759,-0.00529924873263,0.00989797804505,-0.00397115945816,-0.00166640453972,-0.000420385214966,-0.00198001042008,0.00544761447236,-0.0052179088816,0.00709804985672,-0.00560239190236],[-0.000120612981846,0.00189891888294,-0.00443515134975,0.00398034416139,-0.00397115945816,0.0110082756728,-0.00213232845999,-0.00212233467028,0.00554378377274,-0.0043400391005,0.00321582658216,-0.00377872795798,0.00272495346144],[0.0000900543600437,-0.00120750593487,0.00266051758081,-0.00203643087298,-0.00166640453972,-0.00213232845999,0.0111170979217,-0.00120426644571,-0.00583050958812,0.00581474648789,-0.00229668896645,-0.00326770241372,0.00209573912434],[-0.000135068708914,0.00259490218014,-0.00286260177381,-0.000428880535765,-0.000420385214966,-0.00212233467028,-0.00120426644571,0.0123801287264,-0.00472340034321,0.00141097791493,-0.00688884500414,0.00693879369646,-0.005782881286],[0.0000983159188763,-0.000904145417735,-0.000419456890086,0.00358965503983,-0.00198001042008,0.00554378377274,-0.00583050958812,-0.00472340034321,0.0193832498044,-0.0159666836262,0.011572486721,-0.00559032289311,0.00182035204489],[-0.000218559580389,0.00263450085185,0.00127156451344,-0.00318371853791,0.00544761447236,-0.0043400391005,0.00581474648789,0.00141097791493,-0.0159666836262,0.0364037528634,-0.0259747374803,0.0110747981817,-0.000182266157935],[0.000319640763337,-0.00555692147464,0.000035170422052,0.0033125509508,-0.0052179088816,0.00321582658216,-0.00229668896645,-0.00688884500414,0.011572486721,-0.0259747374803,0.0414420105517,-0.0237113833427,0.00674498872831],[-0.000195028114831,0.00392200704664,0.000391558132833,-0.00574950827286,0.00709804985672,-0.00377872795798,-0.00326770241372,0.00693879369646,-0.00559032289311,0.0110747981817,-0.0237113833427,0.0403370559216,-0.0168800204992],[-0.0000718041992513,-0.000906301371288,-0.00098575244192,0.00436541158706,-0.00560239190236,0.00272495346144,0.00209573912434,-0.005782881286,0.00182035204489,-0.000182266157935,0.00674498872831,-0.0168800204992,0.0219650771469]],"mean":[-7.18207979202,103.233337402,-86.3253555298,-3.74931287766,-9.59819793701,-13.5404558182,5.53967523575,-13.4530105591,-0.112520091236,-5.23174190521,-2.91026091576,-3.62951135635,-0.947444856167]},"hfc":{"dmean":106.014045715,"dmean2":170.99609375,"dvar":9140.44335938,"dvar2":23890.5917969,"max":1260.60498047,"mean":369.771881104,"median":340.743530273,"min":1.19212594902e-16,"var":43238.5585938},"melbands":{"dmean":[0.0060566123575,0.00182756292634,0.000543290574569,0.00059930421412,0.00036098563578,0.000495017156936,0.000265011971351,0.000288322742563,0.000150674051838,0.000135028414661,0.000108188876766,0.0000886203415575,0.00010362030298,0.0000363563267456,0.0000432637680206,0.0000459559414594,0.0000350857553713,0.0000207846787816,0.0000194053391169,0.0000111213603304,0.0000094199904197,0.00000525221184944,0.00000478767378809,0.00000515575675308,0.00000411391056332,0.0000030448434245,0.0000023396216875,0.0000014314460941,9.99580379357e-7,9.7972315416e-7,7.57808550134e-7,4.85216844481e-7,3.42114333307e-7,2.03795664788e-7,1.16144846629e-7,6.79924809788e-8,4.78561332784e-8,3.91090395624e-8,3.27694813507e-8,2.86377446201e-8],"dmean2":[0.00972187612206,0.00299438973889,0.00090549106244,0.000990609871224,0.000590103387367,0.000801931309979,0.000423092686106,0.00046139472397,0.000252182770055,0.000229113938985,0.000179256996489,0.00014763501531,0.000173371823621,0.0000601970750722,0.0000702861143509,0.0000750330364099,0.0000579706065764,0.0000335217700922,0.0000320141916745,0.0000186177876458,0.0000156647656695,0.00000877919683262,0.00000798087148723,0.00000846973307489,0.00000675336877975,0.00000499228735862,0.00000375703370992,0.00000230606633522,0.00000159558157975,0.00000155794907641,0.000001179143851,7.54410450554e-7,5.29669875959e-7,3.14954604619e-7,1.81844114877e-7,1.07530226501e-7,7.77402107133e-8,6.39740633801e-8,5.4025068863e-8,4.73764814046e-8],"dvar":[0.000120513657748,0.0000103189086076,5.97368909894e-7,0.00000171059730292,6.15231044776e-7,0.00000279503956335,5.69047188037e-7,3.16000665634e-7,2.15290796746e-7,1.49397820337e-7,7.10001231141e-8,3.00594251712e-8,6.53619309787e-8,6.43014264057e-9,7.72037278551e-9,6.41793063139e-9,4.451950808e-9,1.2806506966e-9,1.01998509638e-9,2.5786911495e-10,2.36294123157e-10,8.23756896029e-11,7.97544877362e-11,7.90232601577e-11,5.43946832021e-11,3.27212146267e-11,1.96582125578e-11,8.62616315184e-12,4.61361070875e-12,4.5816870263e-12,2.84371137749e-12,9.87640741759e-13,8.10397159535e-13,3.36497404376e-13,1.0419691775e-13,1.60639069998e-14,6.35777509198e-15,4.18958292876e-15,2.81263198191e-15,2.06898851147e-15],"dvar2":[0.000301156571368,0.0000252163481491,0.00000152870052261,0.00000444638590125,0.00000155020404691,0.00000719228273738,0.00000140697238749,7.9011795151e-7,5.95790481839e-7,4.18509046085e-7,1.83354430305e-7,8.04045754421e-8,1.73417618043e-7,1.58822057728e-8,1.94550224819e-8,1.60700963647e-8,1.16687077778e-8,3.05374614484e-9,2.35412511707e-9,7.05489777708e-10,6.34532870691e-10,2.29098087723e-10,2.17593471019e-10,2.11928169458e-10,1.45645662197e-10,8.70607266834e-11,4.82613116137e-11,2.0525541336e-11,1.10240037585e-11,1.05025476163e-11,6.46182499869e-12,2.21334192294e-12,1.90522467594e-12,6.82264683118e-13,2.25872583983e-13,3.55769321609e-14,1.52169790847e-14,1.0471280486e-14,7.08504562731e-15,5.31185923223e-15],"max":[0.119599200785,0.0337026193738,0.0109615223482,0.0370328128338,0.0240518189967,0.0611621625721,0.0248830895871,0.0112246768549,0.0138597665355,0.013629375957,0.0124481013045,0.00564445694908,0.00753815192729,0.00381836062297,0.00197775964625,0.0022367911879,0.00128816906363,0.000661084137391,0.00164790800773,0.000287312403088,0.000425233360147,0.000222168397158,0.000141543743666,0.00012146703375,0.0000965199287748,0.000100952369394,0.000139646741445,0.0000718465307727,0.0000612100993749,0.0000693498805049,0.0000446079793619,0.0000292259828711,0.0000393557820644,0.0000155971920321,0.0000126276790979,0.00000312431552629,0.00000160653246439,0.0000011670965705,8.68896051998e-7,7.57653879191e-7],"mean":[0.00714669004083,0.00242903735489,0.000799196539447,0.000833216821775,0.000533989805263,0.000693145091645,0.000418466137489,0.000466660741949,0.000217306806007,0.000203584480914,0.000169424005435,0.000146092192153,0.000151557120262,0.000059123041865,0.0000700602613506,0.0000743250275264,0.0000532377998752,0.000037862409954,0.0000382020807592,0.0000216594507947,0.0000174288816197,0.00000970252403931,0.00000847263709147,0.00000901623934624,0.00000709518553776,0.00000531953264726,0.0000043653190005,0.00000272941110779,0.00000196055339075,0.0000018922239633,0.00000146183924699,9.53693188421e-7,6.45091688511e-7,3.67469993989e-7,1.85941189557e-7,1.06964044733e-7,6.59592203078e-8,4.74998032018e-8,3.69867478867e-8,3.20672270959e-8],"median":[0.00324860285036,0.00116811227053,0.000473311869428,0.000325658649672,0.000205745338462,0.000123124787933,0.000137885581353,0.000122969795484,0.0000668387365295,0.0000886908819666,0.0000799788977019,0.0000836042163428,0.000073764960689,0.0000333629905072,0.0000322033811244,0.000036247762182,0.0000244730654231,0.0000178020072781,0.0000233003320318,0.0000149842053361,0.00000929600810196,0.00000507905087943,0.00000422871744377,0.00000483320718558,0.00000372665545001,0.00000269974884759,0.00000238216557591,0.00000149924187554,0.00000112408520181,9.59871272244e-7,7.31551097033e-7,5.33307400019e-7,3.28380338033e-7,1.60607001476e-7,7.90787026972e-8,5.62176261099e-8,3.4686447492e-8,2.29916672367e-8,1.71649201519e-8,1.58244191084e-8],"min":[2.17834827633e-24,1.63250504487e-24,4.38053237935e-24,7.62231327643e-24,1.1497163333e-23,5.25673162526e-24,1.10464547546e-23,7.27003718402e-24,3.14631650021e-24,5.81955193227e-24,1.09875055457e-23,3.6044731089e-24,4.40542646293e-24,4.99059322724e-24,1.03045736717e-23,9.33864820312e-24,1.29296613728e-23,9.20666072962e-24,6.58549958364e-24,9.57213446498e-24,8.96818413367e-24,7.04558022407e-24,7.32962694794e-24,9.93361261986e-24,6.78748702399e-24,9.01647740942e-24,6.10305197553e-24,6.23360056673e-24,4.19404487249e-24,7.17762686214e-24,7.65442859275e-24,9.65808638263e-24,6.97274627441e-24,9.31204229137e-24,6.43515492245e-24,1.16064158352e-23,1.06954424173e-23,9.01305217537e-24,7.08105608784e-24,9.16592158589e-24],"var":[0.000130798915052,0.0000124170464915,9.16225644687e-7,0.00000274520175481,9.95658183456e-7,0.00000457809665022,0.00000121541154385,6.8297180178e-7,3.22365167449e-7,2.60463878021e-7,1.4860411568e-7,5.07038642183e-8,8.8483169236e-8,1.02324415607e-8,1.55089807663e-8,1.26320154337e-8,7.00614011251e-9,3.38989258886e-9,2.93913871019e-9,5.87144555197e-10,5.45101408456e-10,1.49370626978e-10,1.2614290168e-10,1.33665203905e-10,8.53739995366e-11,5.20519634339e-11,4.15021836342e-11,1.74936887892e-11,8.90573725876e-12,9.86825638566e-12,6.2366535547e-12,2.42755099876e-12,1.62668023582e-12,7.75408329125e-13,2.03282676066e-13,3.00889616499e-14,9.21389903936e-15,5.15319259703e-15,3.21285991992e-15,2.23444220991e-15]},"melbands_crest":{"dmean":5.5221862793,"dmean2":8.99804592133,"dvar":21.9125709534,"dvar2":54.6397323608,"max":38.9019889832,"mean":19.4245109558,"median":18.3447818756,"min":1.59464788437,"var":64.2985916138},"melbands_flatness_db":{"dmean":0.0388353504241,"dmean2":0.0615190863609,"dvar":0.0012222508667,"dvar2":0.00309212785214,"max":0.688738048077,"mean":0.273201823235,"median":0.26263320446,"min":0.00520661380142,"var":0.00542105641216},"melbands_kurtosis":{"dmean":16.9890460968,"dmean2":27.7850208282,"dvar":1836.54577637,"dvar2":4751.06591797,"max":1101.33422852,"mean":23.4234008789,"median":7.55941152573,"min":-1.73975491524,"var":2548.26049805},"melbands_skewness":{"dmean":1.20038163662,"dmean2":1.87205970287,"dvar":2.15089249611,"dvar2":5.32285690308,"max":29.6892261505,"mean":3.21080708504,"median":2.46744298935,"min":-0.943823933601,"var":6.44290733337},"melbands_spread":{"dmean":5.30850934982,"dmean2":8.39929580688,"dvar":32.2770347595,"dvar2":74.4307022095,"max":178.20715332,"mean":15.0169897079,"median":13.0198516846,"min":0.0909066200256,"var":136.530197144},"mfcc":{"cov":[[8629.80273438,687.744384766,-1339.37207031,276.956115723,-603.910339355,-10.5445337296,-370.306945801,-216.416931152,-127.11807251,-28.1256923676,33.9211196899,-62.3292961121,-60.7415733337],[687.744384766,867.050109863,-58.2134971619,-104.164024353,-50.3657341003,-32.5100440979,-15.6069355011,-50.1730690002,-34.3685913086,6.49129104614,31.3000411987,-31.4538116455,-2.11334729195],[-1339.37207031,-58.2134971619,663.113098145,-115.514801025,130.428573608,-21.1214923859,50.2637176514,13.6325817108,-23.2253684998,10.5545682907,11.4461431503,11.5157365799,3.51662492752],[276.956115723,-104.164024353,-115.514801025,332.98449707,34.3043022156,40.987575531,50.9570350647,53.7089958191,22.6423950195,-12.6837310791,-6.66085720062,16.3719730377,-3.28364539146],[-603.910339355,-50.3657341003,130.428573608,34.3043022156,217.199813843,17.4328956604,103.101585388,47.5328674316,36.6281089783,-4.00292539597,-12.8684587479,14.198638916,8.85181617737],[-10.5445337296,-32.5100440979,-21.1214923859,40.987575531,17.4328956604,121.738067627,45.8620643616,28.3874092102,-5.96579122543,-17.5376930237,-6.57860469818,-3.27428936958,-4.82906198502],[-370.306945801,-15.6069355011,50.2637176514,50.9570350647,103.101585388,45.8620643616,176.577163696,81.1996536255,27.1578464508,-21.1436061859,-9.04978942871,23.3900222778,10.3505105972],[-216.416931152,-50.1730690002,13.6325817108,53.7089958191,47.5328674316,28.3874092102,81.1996536255,112.955299377,58.5887184143,0.823723971844,-14.417514801,11.2927875519,14.113825798],[-127.11807251,-34.3685913086,-23.2253684998,22.6423950195,36.6281089783,-5.96579122543,27.1578464508,58.5887184143,104.404968262,32.5041160583,-14.1888923645,10.4665460587,17.4825172424],[-28.1256923676,6.49129104614,10.5545682907,-12.6837310791,-4.00292539597,-17.5376930237,-21.1436061859,0.823723971844,32.5041160583,67.8207168579,32.8492584229,11.5987291336,7.53412485123],[33.9211196899,31.3000411987,11.4461431503,-6.66085720062,-12.8684587479,-6.57860469818,-9.04978942871,-14.417514801,-14.1888923645,32.8492584229,80.5099105835,36.6349067688,4.64794635773],[-62.3292961121,-31.4538116455,11.5157365799,16.3719730377,14.198638916,-3.27428936958,23.3900222778,11.2927875519,10.4665460587,11.5987291336,36.6349067688,71.5047454834,28.8930797577],[-60.7415733337,-2.11334729195,3.51662492752,-3.28364539146,8.85181617737,-4.82906198502,10.3505105972,14.113825798,17.4825172424,7.53412485123,4.64794635773,28.8930797577,48.5]],"icov":[[0.000215090316487,-0.000148715262185,0.000323245098116,-0.000181468320079,0.000270772638032,-0.0000248422184086,0.000205498639843,0.0000753783679102,0.000123327496112,0.0000167357138707,0.0000454877736047,-0.000118540818221,0.000128696105094],[-0.000148715262185,0.0014410559088,-0.0000344519139617,0.000472034473205,-0.00000491273840453,0.000367836590158,-0.000793115585111,0.00044693730888,-0.0000556259110454,0.000147072452819,-0.00113941694144,0.00149935821537,-0.00079910014756],[0.000323245098116,-0.0000344519139617,0.00256859860383,0.000613506359514,-0.00105168332811,0.000469571677968,0.000270354415989,-0.000844852533191,0.00194314599503,-0.00100476469379,0.000221354464884,-0.000389203312807,0.000351781811332],[-0.000181468320079,0.000472034473205,0.000613506359514,0.00401616189629,-0.000936426222324,-0.000472075626021,-0.000182226111065,-0.00170315511059,0.000357562035788,0.000196945373318,0.00000497365454066,-0.00101754989009,0.00112537678797],[0.000270772638032,-0.00000491273840453,-0.00105168332811,-0.000936426222324,0.00810127612203,-0.00000731356794859,-0.00407611299306,0.0020494023338,-0.00265170494094,0.00028205034323,0.000533219776116,0.000111614870548,-0.0000596067147853],[-0.0000248422184086,0.000367836590158,0.000469571677968,-0.000472075626021,-0.00000731356794859,0.0100680096075,-0.00215685553849,-0.00201913062483,0.00202241074294,0.000825040624477,-0.000679349177517,0.00145072047599,0.000314267526846],[0.000205498639843,-0.000793115585111,0.000270354415989,-0.000182226111065,-0.00407611299306,-0.00215685553849,0.0130056105554,-0.00751923490316,0.00137122080196,0.00325704109855,0.0000392416804971,-0.00385201233439,0.00142341677565],[0.0000753783679102,0.00044693730888,-0.000844852533191,-0.00170315511059,0.0020494023338,-0.00201913062483,-0.00751923490316,0.0206662397832,-0.0106342928484,0.00222511100583,-0.000827457814012,0.0021769462619,-0.00265452335589],[0.000123327496112,-0.0000556259110454,0.00194314599503,0.000357562035788,-0.00265170494094,0.00202241074294,0.00137122080196,-0.0106342928484,0.0228831619024,-0.0139065682888,0.00921843852848,-0.00379936932586,-0.00118560763076],[0.0000167357138707,0.000147072452819,-0.00100476469379,0.000196945373318,0.00028205034323,0.000825040624477,0.00325704109855,0.00222511100583,-0.0139065682888,0.0298655815423,-0.0157891735435,0.00495660118759,-0.00226464634761],[0.0000454877736047,-0.00113941694144,0.000221354464884,0.00000497365454066,0.000533219776116,-0.000679349177517,0.0000392416804971,-0.000827457814012,0.00921843852848,-0.0157891735435,0.0276567526162,-0.0159054473042,0.00601383717731],[-0.000118540818221,0.00149935821537,-0.000389203312807,-0.00101754989009,0.000111614870548,0.00145072047599,-0.00385201233439,0.0021769462619,-0.00379936932586,0.00495660118759,-0.0159054473042,0.0299811828882,-0.0155481146649],[0.000128696105094,-0.00079910014756,0.000351781811332,0.00112537678797,-0.0000596067147853,0.000314267526846,0.00142341677565,-0.00265452335589,-0.00118560763076,-0.00226464634761,0.00601383717731,-0.0155481146649,0.0307718515396]],"mean":[-672.117919922,167.677658081,-14.7644720078,29.9351387024,-0.728969335556,16.8358078003,6.31830215454,7.113052845,5.93829584122,4.68203020096,4.20843696594,-0.229773908854,2.78205657005]},"pitch_salience":{"dmean":0.0907165259123,"dmean2":0.146121397614,"dvar":0.00625307066366,"dvar2":0.0160108134151,"max":0.839671313763,"mean":0.483385056257,"median":0.498008877039,"min":0.0499408170581,"var":0.0181330889463},"silence_rate_20dB":{"dmean":0.00022426553187,"dmean2":0.000448581355158,"dvar":0.000224215240451,"dvar2":0.000672670837957,"max":1,"mean":0.999887883663,"median":1,"min":0,"var":0.000112107620225},"silence_rate_30dB":{"dmean":0.123570308089,"dmean2":0.247168332338,"dvar":0.108300685883,"dvar2":0.207608059049,"max":1,"mean":0.826213717461,"median":1,"min":0,"var":0.143584623933},"silence_rate_60dB":{"dmean":0.000897062127478,"dmean2":0.00179432542063,"dvar":0.000896257406566,"dvar2":0.00201539648697,"max":1,"mean":0.0343087799847,"median":0,"min":0,"var":0.0331316851079},"spectral_centroid":{"dmean":200.851455688,"dmean2":311.85067749,"dvar":56554.5820312,"dvar2":113491.382812,"max":11220.4599609,"mean":1003.63214111,"median":918.90020752,"min":145.083267212,"var":267513.4375},"spectral_complexity":{"dmean":3.51625919342,"dmean2":5.41325569153,"dvar":12.697593689,"dvar2":26.6307220459,"max":50,"mean":19.4730358124,"median":19,"min":0,"var":90.7791519165},"spectral_contrast_coeffs":{"dmean":[0.0562163814902,0.0513709746301,0.0380868799984,0.0292889606208,0.0207563824952,0.0379508845508],"dmean2":[0.0918054282665,0.0851313918829,0.0639607608318,0.0479576401412,0.034182921052,0.0598360262811],"dvar":[0.00202063866891,0.00161197676789,0.000883545493707,0.000548707204871,0.000314542412525,0.00108873832505],"dvar2":[0.0053197350353,0.00434039859101,0.00247169006616,0.00145367207006,0.000801906629931,0.00274750008248],"max":[-0.364124774933,-0.424992740154,-0.568136453629,-0.619015276432,-0.704041004181,-0.511954545975],"mean":[-0.709862649441,-0.762257874012,-0.798303246498,-0.807352244854,-0.826145589352,-0.75015181303],"median":[-0.717786312103,-0.771262466908,-0.800863087177,-0.808132112026,-0.821618914604,-0.74454665184],"min":[-0.962383389473,-0.979123711586,-0.985418200493,-0.982018887997,-0.977183997631,-0.9642136693],"var":[0.00725966366008,0.00606686901301,0.00285616796464,0.00235585588962,0.00132158666383,0.00551806343719]},"spectral_contrast_valleys":{"dmean":[0.396069228649,0.381191462278,0.309726685286,0.295624762774,0.293387264013,0.569238126278],"dmean2":[0.637643098831,0.618343710899,0.500590264797,0.464605212212,0.441235214472,0.897365689278],"dvar":[0.119035325944,0.11623057723,0.0923732221127,0.106612488627,0.128597453237,0.241125330329],"dvar2":[0.264393627644,0.265960395336,0.189205884933,0.20709875226,0.254816681147,0.609456002712],"max":[-4.99325323105,-4.45184516907,-5.09285068512,-5.80375766754,-5.83820772171,-8.82630062103],"mean":[-6.69546890259,-6.54247426987,-6.86454629898,-7.40459632874,-7.7340798378,-11.0342998505],"median":[-6.55739974976,-6.39982032776,-6.62536621094,-7.11213874817,-7.49144411087,-10.9342718124],"min":[-27.3783721924,-27.1566696167,-27.0240478516,-27.0630683899,-27.4062194824,-27.2620296478],"var":[1.11265218258,1.34947502613,1.27695393562,1.36141622066,1.34095263481,0.894048690796]},"spectral_decrease":{"dmean":6.97080348999e-9,"dmean2":1.08754791839e-8,"dvar":1.15485491115e-16,"dvar2":2.85039080487e-16,"max":8.36101321511e-9,"mean":-8.81207462555e-9,"median":-4.70013761245e-9,"min":-1.10490169902e-7,"var":1.55776426431e-16},"spectral_energy":{"dmean":0.0276300702244,"dmean2":0.0430202931166,"dvar":0.00153186742682,"dvar2":0.00379814673215,"max":0.443841129541,"mean":0.066798210144,"median":0.0545747466385,"min":1.06605785266e-20,"var":0.00255188625306},"spectral_energyband_high":{"dmean":0.000148915234604,"dmean2":0.000217530629016,"dvar":4.35289564393e-8,"dvar2":8.98349767908e-8,"max":0.00553672760725,"mean":0.000488092890009,"median":0.000378992583137,"min":7.98412337136e-21,"var":2.14260666098e-7},"spectral_energyband_low":{"dmean":0.0219874624163,"dmean2":0.0348167791963,"dvar":0.0013766947668,"dvar2":0.00341167929582,"max":0.391296803951,"mean":0.0297987833619,"median":0.0161909535527,"min":1.73526885058e-23,"var":0.00165599735919},"spectral_energyband_middle_high":{"dmean":0.00184261414688,"dmean2":0.00290269753896,"dvar":0.00000746549176256,"dvar2":0.0000188324556802,"max":0.0749645605683,"mean":0.00512180197984,"median":0.00416510738432,"min":1.34411437323e-21,"var":0.0000229816159845},"spectral_energyband_middle_low":{"dmean":0.00589582929388,"dmean2":0.00932123046368,"dvar":0.000103928447061,"dvar2":0.000264936505118,"max":0.297546505928,"mean":0.013552303426,"median":0.00801112502813,"min":2.3863597741e-22,"var":0.000302087719319},"spectral_entropy":{"dmean":0.170429110527,"dmean2":0.265508621931,"dvar":0.0286076143384,"dvar2":0.0686298906803,"max":9.79893398285,"mean":7.48157548904,"median":7.54604816437,"min":5.79862642288,"var":0.11917810142},"spectral_flux":{"dmean":0.0401039645076,"dmean2":0.0636217147112,"dvar":0.00210059480742,"dvar2":0.00494640087709,"max":0.513870954514,"mean":0.140743255615,"median":0.12748105824,"min":1.04484039476e-10,"var":0.00487221777439},"spectral_kurtosis":{"dmean":4.220744133,"dmean2":6.6370344162,"dvar":23.9375267029,"dvar2":62.0076370239,"max":98.3779296875,"mean":18.855840683,"median":17.9640636444,"min":-1.20874655247,"var":56.0780792236},"spectral_rms":{"dmean":0.00149467901792,"dmean2":0.00224990141578,"dvar":0.00000270018745141,"dvar2":0.00000635747619526,"max":0.0208090301603,"mean":0.00753025291488,"median":0.00729682482779,"min":3.22499058708e-12,"var":0.00000846428338264},"spectral_rolloff":{"dmean":3567.54077148,"dmean2":6909.10839844,"dvar":56209480,"dvar2":128105960,"max":22050,"mean":18219.4707031,"median":21899.2675781,"min":43.06640625,"var":61310232},"spectral_skewness":{"dmean":0.349346131086,"dmean2":0.533589601517,"dvar":0.147909894586,"dvar2":0.358420103788,"max":7.85826015472,"mean":2.97852563858,"median":2.89122986794,"min":-0.00774139584973,"var":0.507278263569},"spectral_spread":{"dmean":509488.5,"dmean2":813528.625,"dvar":478350966784,"dvar2":913913937920,"max":41702020,"mean":4030503.5,"median":3837030.75,"min":1774085.875,"var":1225125920770},"spectral_strongpeak":{"dmean":13.5306911469,"dmean2":25.2725601196,"dvar":765.448852539,"dvar2":2027.09777832,"max":300.562072754,"mean":11.0286493301,"median":0.350793540478,"min":0,"var":718.971862793},"zerocrossingrate":{"dmean":0.0561759956181,"dmean2":0.0669933184981,"dvar":0.00221849069931,"dvar2":0.00323455012403,"max":0.7880859375,"mean":0.360629498959,"median":0.36328125,"min":0.01806640625,"var":0.0143742235377}},"metadata":{"audio_properties":{"analysis_sample_rate":44100,"bit_rate":320000,"codec":"mp3","downmix":"mix","equal_loudness":0,"length":207.07371521,"lossless":false,"md5_encoded":"4ff67f5acf84f9f16f35d6de311f117a","replay_gain":1.17153739929,"sample_rate":44100},"tags":{"acoustid_id":["66644e4c-572e-4154-b3b1-82e22fd24e59"],"album":["El Camino"],"albumartist":["The Black Keys"],"artist":["The Black Keys"],"date":["2011"],"discnumber":["1/1"],"file_name":"10 - The Black Keys - Nova Baby.mp3","musicbrainz_albumartistid":["d15721d8-56b4-453d-b506-fc915b14cba2"],"musicbrainz_albumid":["ec0af468-657b-434b-b300-28f355d227bf"],"musicbrainz_artistid":["d15721d8-56b4-453d-b506-fc915b14cba2"],"musicbrainz_recordingid":["f15da3e9-41f7-4a31-b10c-03a512122721"],"musicbrainz_releasegroupid":["c2eed4c1-5cd9-469a-9075-b82077093967"],"replaygain_album_gain":["+0.43 dB"],"replaygain_album_peak":["0.308416"],"replaygain_track_gain":["+0.72 dB"],"replaygain_track_peak":["0.294653"],"title":["Nova Baby"],"tracknumber":["10/11"]},"version":{"essentia":"2.1-beta1","essentia_build_sha":"e76a03f03bb3900de42a1fa0d9be1e72f12def64","essentia_git_sha":"v2.1_beta1-28-g21ef5f4-dirty","extractor":"music 1.0"}},"rhythm":{"beats_count":459,"beats_loudness":{"dmean":0.0403314530849,"dmean2":0.070929557085,"dvar":0.0015449054772,"dvar2":0.00447432510555,"max":0.293928831816,"mean":0.0933904796839,"median":0.0909230783582,"min":8.94850415989e-9,"var":0.00197539292276},"beats_loudness_band_ratio":{"dmean":[0.182379215956,0.0671817958355,0.0548638701439,0.0351338908076,0.0147083587945,0.0775035321712],"dmean2":[0.30842679739,0.11843675375,0.0955622047186,0.063134111464,0.0262940656394,0.131046488881],"dvar":[0.0190698150545,0.00834568496794,0.00636259233579,0.0021715213079,0.000215357649722,0.00533386692405],"dvar2":[0.0547416247427,0.0235682800412,0.0