{"lowlevel":{"average_loudness":0.666735231876,"barkbands":{"dmean":[0.00222327630036,0.00847349595279,0.00778960157186,0.00400812271982,0.00283649424091,0.00133147207089,0.000868142640684,0.000328566442477,0.000337461038725,0.000202094000997,0.000189023863641,0.000141313954373,0.0000880098668858,0.0000783208379289,0.0000721206597518,0.0000463028263766,0.0000405254904763,0.0000372672911908,0.0000359299156116,0.0000369275803678,0.000026008230634,0.000018721608285,0.00000864819685376,0.00000369068493455,0.00000298872100757,0.00000699658767189,0.0000894490731298],"dmean2":[0.00361278839409,0.0138741126284,0.0134121589363,0.0065438025631,0.00454596430063,0.00208619842306,0.0013945014216,0.000549193879124,0.000553751306143,0.000330127746565,0.000309131486574,0.00023224906181,0.000144208199345,0.000128088184283,0.000115377435577,0.000074527131801,0.0000637638950138,0.0000573824727326,0.0000528627424501,0.0000527088923263,0.0000386837164115,0.000028659176678,0.0000136382896017,0.000006107326044,0.00000492336585012,0.000011030107089,0.000127829305711],"dvar":[0.0000194342610484,0.000151697124238,0.000151052037836,0.0000419523348683,0.0000301590443996,0.000013899761143,0.00000349050515069,4.30841453181e-7,7.95996584202e-7,2.02196744681e-7,1.99031575221e-7,9.3861316941e-8,4.02211099981e-8,4.04801241416e-8,6.02822609608e-8,1.09400639658e-8,9.8818766503e-9,1.30573036827e-8,2.56082408612e-8,3.23653992496e-8,8.73398953161e-9,4.89560836314e-9,7.76161690474e-10,5.70403030364e-11,3.07671076116e-11,4.44405123812e-10,6.92294435112e-8],"dvar2":[0.0000472538013128,0.000396007701056,0.000489063269924,0.000114011862024,0.0000816334213596,0.0000326413392031,0.00000930310579861,0.00000121206187487,0.00000219385492528,5.2015957408e-7,5.04526326495e-7,2.4188099701e-7,1.03376571303e-7,1.07036477459e-7,1.47842328602e-7,2.68809401405e-8,2.43795046373e-8,2.67266653253e-8,4.88621054728e-8,5.1720988381e-8,1.76013532638e-8,1.12295239774e-8,1.84094306466e-9,1.39828620904e-10,7.34945437841e-11,1.05859621069e-9,1.31863174602e-7],"max":[0.109289966524,0.196174800396,0.145362600684,0.114163681865,0.113662011921,0.151528313756,0.0477297604084,0.014310868457,0.0178054179996,0.0116276592016,0.0156135857105,0.00848588906229,0.00789277255535,0.00654963497072,0.0151045722887,0.00265762908384,0.00289719109423,0.00518739176914,0.00951849576086,0.0129583757371,0.00556551199406,0.0025937766768,0.000741678348277,0.000110024666355,0.000104116494185,0.000632007722743,0.00764784030616],"mean":[0.0041275350377,0.0152925429866,0.0109977126122,0.00665978668258,0.00496292253956,0.00248849671334,0.00159599573817,0.000525854353327,0.000553991238121,0.000337806501193,0.000375583855202,0.000255732273217,0.000153231987497,0.000161058836966,0.000131402615807,0.0000845178656164,0.0000755549699534,0.00007156891661,0.0000645499458187,0.00006712290633,0.0000413313027821,0.0000239796754613,0.0000104682712845,0.0000039236624616,0.00000309222650685,0.00000850865490065,0.000194900334463],"median":[0.000778426590841,0.00799970049411,0.00590897491202,0.00300870486535,0.00214135413989,0.000738189788535,0.000456710287835,0.000162405747687,0.000140191667015,0.000105649538455,0.0000780496629886,0.0000733273773221,0.0000609551534581,0.0000391389257857,0.0000450338338851,0.0000284455545625,0.0000227457567235,0.0000194060412468,0.0000144237892528,0.0000126368695419,0.00000937473851081,0.00000543434543943,0.00000281799157165,0.00000128067142668,9.48235026499e-7,0.00000275878664979,0.0000488765508635],"min":[8.38764246085e-25,2.6116376227e-23,6.54059012673e-24,3.14639128422e-23,3.30790077269e-23,6.32410097747e-23,4.69493691631e-23,7.38663413902e-23,7.47307246831e-23,8.03117830589e-23,8.76585582652e-23,1.53660486545e-22,7.11815637398e-23,1.0020963819e-22,1.6199132471e-22,1.88749675941e-22,8.95633418069e-23,2.35867845561e-22,3.42781469848e-22,3.14563953134e-22,4.37441219134e-22,5.96443669781e-22,4.59476918873e-22,6.35538505527e-22,1.34283169802e-21,1.83055937936e-21,2.42154398022e-21],"var":[0.0000614136151853,0.0004126051208,0.000211391379707,0.0000936725773499,0.0000679540826241,0.0000345109365298,0.00000814702161733,8.13658232346e-7,0.00000163036372669,4.0302776938e-7,5.90812533119e-7,2.31250453453e-7,6.83268481794e-8,9.08530353172e-8,1.09860728514e-7,2.39045601091e-8,2.66380730807e-8,4.27656665636e-8,7.6772813884e-8,1.31547309934e-7,3.0324937228e-8,8.11485723062e-9,9.9887365046e-10,6.01924343702e-11,3.59507597303e-11,4.97128171961e-10,1.91311031017e-7]},"barkbands_crest":{"dmean":2.78129076958,"dmean2":4.6321516037,"dvar":5.13441562653,"dvar2":14.0877323151,"max":24.3633384705,"mean":11.4156036377,"median":10.9827213287,"min":3.23264479637,"var":13.9515199661},"barkbands_flatness_db":{"dmean":0.0353839211166,"dmean2":0.0564755946398,"dvar":0.000981604564004,"dvar2":0.00263612554409,"max":0.518992602825,"mean":0.210183486342,"median":0.19906078279,"min":0.0449586734176,"var":0.00463640224189},"barkbands_kurtosis":{"dmean":13.3194055557,"dmean2":22.1951065063,"dvar":398.303314209,"dvar2":1131.0402832,"max":350.679626465,"mean":29.4678096771,"median":19.3142681122,"min":-1.79498803616,"var":928.082580566},"barkbands_skewness":{"dmean":0.926488816738,"dmean2":1.50600492954,"dvar":0.845794916153,"dvar2":2.31319046021,"max":14.1952133179,"mean":3.69149875641,"median":3.41851377487,"min":-1.7327221632,"var":3.02572631836},"barkbands_spread":{"dmean":3.40919351578,"dmean2":5.30312108994,"dvar":32.1887664795,"dvar2":67.654914856,"max":99.7338943481,"mean":9.40193843842,"median":7.08491659164,"min":0.318859010935,"var":107.329170227},"dissonance":{"dmean":0.0223213974386,"dmean2":0.0376612655818,"dvar":0.000413980160374,"dvar2":0.00112305046059,"max":0.500000119209,"mean":0.458477467299,"median":0.463665515184,"min":0.0858375430107,"var":0.000772991334088},"dynamic_complexity":4.35485887527,"erbbands":{"dmean":[0.290060132742,1.9257901907,7.13841485977,13.1594305038,11.6901159286,8.28132152557,8.9018945694,11.8844623566,11.2183732986,14.310341835,5.96027851105,8.16181755066,5.66973781586,6.4256105423,6.74394416809,6.08190965652,4.02140522003,3.98244953156,3.63114309311,3.21528697014,2.3207089901,2.13485908508,2.01259565353,1.91437554359,1.79940712452,1.74736189842,1.2701177597,0.917396247387,0.714206039906,0.446118921041,0.214026242495,0.0976788401604,0.0534641854465,0.0336284451187,0.0212033931166,0.0129745770246,0.0131045989692,0.0199542883784,0.00982390716672,0.00266105588526],"dmean2":[0.468055486679,3.19997882843,12.1787052155,22.0656414032,19.0809516907,13.1136188507,14.051908493,18.5777721405,17.9545116425,23.5100536346,9.72488307953,13.4091014862,9.07661056519,10.5225906372,11.1084871292,9.98474693298,6.51829099655,6.48701095581,5.85504341125,5.11391592026,3.71371722221,3.34825968742,3.12017226219,2.78649997711,2.64983868599,2.5191385746,1.8708781004,1.37717413902,1.08598077297,0.702996373177,0.336168676615,0.158132404089,0.0886149480939,0.0555153824389,0.0348512530327,0.021305616945,0.0205271318555,0.0301051493734,0.0139151075855,0.00407003657892],"dvar":[0.227327406406,7.63357257843,111.756797791,445.603179932,559.651550293,300.663757324,548.833618164,1172.28942871,601.617736816,994.840393066,173.671737671,492.754455566,156.138748169,217.934768677,244.198165894,186.473068237,64.4522781372,124.058097839,205.451843262,47.0325317383,28.2974205017,29.0074710846,33.9001426697,44.6066665649,82.9981460571,67.2641220093,23.7730617523,11.5668106079,7.2803850174,2.73470616341,0.408123493195,0.0502192229033,0.0110922884196,0.00391978491098,0.00153944117483,0.000577308586799,0.00154697231483,0.00683287670836,0.00143736193422,0.0000247926673183],"dvar2":[0.571573495865,20.6633720398,340.180664062,1361.42333984,1682.90246582,688.782531738,1286.9128418,2750.54272461,1602.61572266,2663.74121094,461.696533203,1350.20214844,385.681304932,560.524230957,617.062255859,484.314147949,157.606307983,334.277648926,510.258575439,108.855308533,71.9212188721,69.8246154785,72.4101333618,85.3292770386,145.417785645,110.96774292,46.2736968994,24.5637664795,16.4841918945,6.66642570496,0.944303810596,0.120533011854,0.0270693842322,0.0093708820641,0.00367334182374,0.00140302465297,0.00362976430915,0.0152120608836,0.00273018237203,0.0000499991074321],"max":[7.895362854,50.6383781433,144.202056885,356.669708252,535.505065918,571.304138184,871.789306641,1471.1887207,618.90435791,1116.40393066,344.006225586,534.46307373,364.19128418,418.587738037,467.285736084,397.220123291,215.023529053,558.533508301,892.204284668,328.316680908,156.413070679,148.929885864,227.417419434,410.531646729,674.435058594,603.049621582,284.923370361,197.208282471,86.1568832397,57.9621200562,17.2842693329,4.61002969742,1.79013907909,1.17667102814,0.73362493515,0.462325304747,1.05511438847,2.25418424606,1.49691617489,0.129625841975],"mean":[0.541819989681,3.07938456535,10.9836444855,20.7412014008,20.2835674286,14.0135793686,15.0179138184,21.9987716675,20.1980075836,23.6152381897,10.9895067215,13.2476215363,9.85638618469,12.1790733337,14.2600564957,11.4378938675,7.7466635704,8.11056137085,6.94519805908,6.36204528809,4.49695158005,4.21071958542,3.92838835716,3.5859079361,3.30970406532,3.13373684883,2.09355401993,1.37708210945,0.924862504005,0.546478331089,0.26341354847,0.11218085885,0.0539761297405,0.0345580838621,0.0222317259759,0.0140322828665,0.0163052808493,0.0252601522952,0.0168545693159,0.0083860354498],"median":[0.189933121204,1.73534810543,6.45168304443,10.4590082169,8.21238422394,5.72497797012,5.26276540756,6.29518795013,5.93796873093,6.36757230759,3.42131066322,3.38450670242,3.40209960938,3.47530984879,3.33212971687,3.28015470505,3.00959157944,2.31790018082,2.29441523552,2.29809737206,1.49713623524,1.28165304661,1.13823866844,0.866463899612,0.67307394743,0.589380919933,0.433301120996,0.327962994576,0.208333417773,0.126721844077,0.0744135826826,0.0375073514879,0.0157904289663,0.0104759391397,0.00707786809653,0.00482748448849,0.0055436831899,0.00552716199309,0.00380647112615,0.00518737407401],"min":[1.07302793984e-21,5.03462591257e-21,9.04318839745e-21,5.95609913729e-20,5.38244776689e-20,1.83572432257e-19,3.90609135059e-19,4.47687621704e-19,5.84833495181e-19,1.14500211886e-18,1.59107394663e-18,1.52420921541e-18,1.95328465294e-18,4.42627530422e-18,3.49412671271e-18,5.97559120898e-18,2.98914577005e-18,4.3170390733e-18,8.31520829227e-18,9.82445722252e-18,8.89014596729e-18,4.81132250269e-18,1.38521650612e-17,1.56927610381e-17,1.56270398841e-17,1.36471491735e-17,1.29256665268e-17,2.54206879375e-17,2.36503311751e-17,1.37502597184e-17,1.27905937231e-17,1.14227504913e-17,1.19465336629e-17,1.24076504585e-17,1.11418399553e-17,7.25841557656e-18,3.18895517612e-18,1.21638222225e-18,2.96478824784e-19,3.97916235333e-20],"var":[0.750726282597,15.666062355,179.213256836,820.20526123,1112.5333252,862.557128906,1054.30493164,3198.62182617,1415.47412109,2003.48376465,398.432128906,937.204406738,324.530639648,487.08480835,750.44140625,466.79977417,149.659057617,226.175582886,313.310424805,137.002212524,67.3969421387,84.1062088013,106.842987061,151.005706787,288.146118164,276.096343994,87.2876739502,35.880607605,12.4784460068,3.78329205513,0.536755919456,0.0563619248569,0.0118989720941,0.00454003177583,0.00181561533827,0.000663536367938,0.00174752250314,0.00914200022817,0.00365209090523,0.000103041522379]},"erbbands_crest":{"dmean":2.73118400574,"dmean2":4.58971595764,"dvar":6.33017015457,"dvar2":18.8213825226,"max":29.2823925018,"mean":9.23884296417,"median":8.25041007996,"min":2.25735855103,"var":16.4040775299},"erbbands_flatness_db":{"dmean":0.0268521010876,"dmean2":0.0425972789526,"dvar":0.000593864358962,"dvar2":0.00159087392967,"max":0.349160045385,"mean":0.15101698041,"median":0.148941963911,"min":0.0364276692271,"var":0.00163055863231},"erbbands_kurtosis":{"dmean":1.99677693844,"dmean2":3.29738664627,"dvar":19.2691421509,"dvar2":55.9008979797,"max":126.989395142,"mean":2.30968236923,"median":0.497555732727,"min":-1.88624155521,"var":30.6160259247},"erbbands_skewness":{"dmean":0.440959662199,"dmean2":0.699906408787,"dvar":0.237684130669,"dvar2":0.614778697491,"max":8.07346630096,"mean":0.980603337288,"median":0.78484505415,"min":-4.07574033737,"var":1.14406561852},"erbbands_spread":{"dmean":7.9466958046,"dmean2":12.4927549362,"dvar":84.5074462891,"dvar2":195.22088623,"max":130.387451172,"mean":31.5117034912,"median":28.9515113831,"min":1.93348693848,"var":259.21295166},"gfcc":{"cov":[[8866.61132812,-294.181274414,-804.271179199,330.458557129,89.1375045776,-387.032745361,87.5861206055,43.6587257385,107.294425964,255.809020996,55.9746437073,79.7114028931,70.2899398804],[-294.181274414,703.229431152,0.299064546824,-283.57925415,74.0429077148,-19.762468338,0.664047896862,-21.1964836121,5.90898084641,-37.0210952759,52.7412948608,-63.1864204407,52.0038375854],[-804.271179199,0.299064546824,589.109741211,196.467330933,-47.7637138367,189.059555054,-63.5207633972,22.2246246338,-58.2875328064,-33.4766845703,-45.3777198792,-13.0766677856,7.57899236679],[330.458557129,-283.57925415,196.467330933,442.111328125,97.7554702759,15.509513855,76.3726043701,-31.0818004608,4.11131763458,5.2116522789,-44.4772453308,38.592086792,-22.0991458893],[89.1375045776,74.0429077148,-47.7637138367,97.7554702759,213.749969482,1.36433398724,102.937164307,-39.0573730469,6.17845010757,-20.6363525391,11.4894523621,-6.46429681778,9.13339710236],[-387.032745361,-19.762468338,189.059555054,15.509513855,1.36433398724,226.265899658,-40.5816841125,54.6960029602,-61.4750099182,-14.0294275284,-12.2255506516,-10.2124099731,20.3818340302],[87.5861206055,0.664047896862,-63.5207633972,76.3726043701,102.937164307,-40.5816841125,179.327697754,-33.4807128906,43.5873565674,-4.23077249527,5.18732070923,19.013507843,-12.4011287689],[43.6587257385,-21.1964836121,22.2246246338,-31.0818004608,-39.0573730469,54.6960029602,-33.4807128906,129.707962036,6.82008075714,33.8925476074,18.5801448822,-14.2918834686,24.9161300659],[107.294425964,5.90898084641,-58.2875328064,4.11131763458,6.17845010757,-61.4750099182,43.5873565674,6.82008075714,114.076530457,43.8148155212,13.7872982025,30.8435134888,-15.2846422195],[255.809020996,-37.0210952759,-33.4766845703,5.2116522789,-20.6363525391,-14.0294275284,-4.23077249527,33.8925476074,43.8148155212,79.6611557007,34.0979919434,11.5139226913,5.39585590363],[55.9746437073,52.7412948608,-45.3777198792,-44.4772453308,11.4894523621,-12.2255506516,5.18732070923,18.5801448822,13.7872982025,34.0979919434,59.384803772,14.414311409,14.1156616211],[79.7114028931,-63.1864204407,-13.0766677856,38.592086792,-6.46429681778,-10.2124099731,19.013507843,-14.2918834686,30.8435134888,11.5139226913,14.414311409,70.8945617676,7.47354984283],[70.2899398804,52.0038375854,7.57899236679,-22.0991458893,9.13339710236,20.3818340302,-12.4011287689,24.9161300659,-15.2846422195,5.39585590363,14.1156616211,7.47354984283,58.6888084412]],"icov":[[0.000177549751243,-0.000181271170732,0.000396112707676,-0.000425782724051,0.000123845442431,0.000106271952973,0.0000634147654637,-0.000136823189678,0.000321389903547,-0.000659087148961,0.000400040473323,-0.000169640203239,-0.000178512986167],[-0.000181271170732,0.00411875313148,-0.00227654958144,0.00356241152622,-0.00230642408133,0.000925265892874,-0.000121053526527,0.0017788639525,-0.0028703766875,0.00291954935528,-0.0036197132431,0.00367266731337,-0.0031533325091],[0.000396112707676,-0.00227654958144,0.00586268072948,-0.0056757866405,0.00459187151864,-0.00412873923779,0.000910022936296,0.000736684538424,-0.00107239349745,0.00150935933925,-0.000985662103631,0.0019717682153,-0.00118477572687],[-0.000425782724051,0.00356241152622,-0.0056757866405,0.010219309479,-0.00759308831766,0.00400697765872,-0.00133403833024,-0.000937809585594,0.00261880108155,-0.00434055365622,0.00578546430916,-0.00473810872063,0.00213364954107],[0.000123845442431,-0.00230642408133,0.00459187151864,-0.00759308831766,0.0141880977899,-0.00549867190421,-0.00346112623811,0.00421383604407,-0.00467106560245,0.00726592447609,-0.00901653245091,0.0082928147167,-0.00514741195366],[0.000106271952973,0.000925265892874,-0.00412873923779,0.00400697765872,-0.00549867190421,0.0106578124687,0.000156503127073,-0.00535890739411,0.00693454174325,-0.00480231177062,0.00593948550522,-0.00599624728784,0.00213998463005],[0.0000634147654637,-0.000121053526527,0.000910022936296,-0.00133403833024,-0.00346112623811,0.000156503127073,0.00952607952058,0.000315223907819,-0.00313327694312,0.00186779059004,-0.000864248548169,-0.000951597525273,0.00111611699685],[-0.000136823189678,0.0017788639525,0.000736684538424,-0.000937809585594,0.00421383604407,-0.00535890739411,0.000315223907819,0.015118971467,-0.00744630116969,0.00205576349981,-0.0082347644493,0.0104356864467,-0.00848402176052],[0.000321389903547,-0.0028703766875,-0.00107239349745,0.00261880108155,-0.00467106560245,0.00693454174325,-0.00313327694312,-0.00744630116969,0.0247294083238,-0.0180865768343,0.0143995601684,-0.016523193568,0.0108450362459],[-0.000659087148961,0.00291954935528,0.00150935933925,-0.00434055365622,0.00726592447609,-0.00480231177062,0.00186779059004,0.00205576349981,-0.0180865768343,0.0366773158312,-0.0257613882422,0.0137784648687,-0.00720906630158],[0.000400040473323,-0.0036197132431,-0.000985662103631,0.00578546430916,-0.00901653245091,0.00593948550522,-0.000864248548169,-0.0082347644493,0.0143995601684,-0.0257613882422,0.0437963083386,-0.020000981167,0.00581985572353],[-0.000169640203239,0.00367266731337,0.0019717682153,-0.00473810872063,0.0082928147167,-0.00599624728784,-0.000951597525273,0.0104356864467,-0.016523193568,0.0137784648687,-0.020000981167,0.0332490429282,-0.0139230089262],[-0.000178512986167,-0.0031533325091,-0.00118477572687,0.00213364954107,-0.00514741195366,0.00213998463005,0.00111611699685,-0.00848402176052,0.0108450362459,-0.00720906630158,0.00581985572353,-0.0139230089262,0.0287594143301]],"mean":[-50.138507843,122.099662781,-58.1302032471,6.85332155228,-13.0696134567,-11.0698137283,-4.82891225815,-15.8615121841,-6.94521045685,-9.73255729675,-7.39599132538,-6.20793819427,-9.00201511383]},"hfc":{"dmean":61.1280517578,"dmean2":101.081588745,"dvar":6680.56347656,"dvar2":19039.1464844,"max":1596.35168457,"mean":155.344940186,"median":125.848587036,"min":1.17002805056e-16,"var":19366.8886719},"melbands":{"dmean":[0.00239598029293,0.00321727409028,0.00210523465648,0.000711670378223,0.000295934005408,0.000260366359726,0.000165818841197,0.000137050257763,0.0000507818767801,0.0000488157056679,0.0000287051807391,0.0000268353724096,0.0000272450888588,0.0000168663354998,0.0000112255092972,0.00000871138308867,0.00000746147998143,0.00000619078900854,0.00000513662644153,0.00000380095139008,0.00000284046927845,0.00000243420959123,0.00000213048429032,0.00000183058568837,0.00000163639970197,0.00000138131827043,0.0000013826512486,0.00000116887451895,8.80090283317e-7,6.56897157114e-7,5.18540446137e-7,4.25000990845e-7,3.3404307942e-7,2.22511161496e-7,1.32902428618e-7,8.43653680249e-8,5.1304446913e-8,3.86186052026e-8,3.16327657401e-8,2.72639901766e-8],"dmean2":[0.00389477843419,0.00545345665887,0.0035061747767,0.00114511128049,0.000461400370114,0.000406416831538,0.000266799586825,0.000226202595513,0.0000829552736832,0.0000802128197392,0.0000461469426227,0.0000442494165327,0.0000446952071798,0.0000277145009022,0.0000182096355275,0.0000142171129482,0.0000122443998407,0.0000100456127257,0.00000823154005047,0.00000608083837506,0.00000463143669549,0.00000386219835491,0.00000333575962941,0.00000283249596578,0.00000246092986345,0.00000205103447115,0.00000203121044251,0.0000016920945427,0.00000130997796077,0.00000100880936316,7.88184365774e-7,6.4757864493e-7,5.30166573753e-7,3.55863022605e-7,2.10759537822e-7,1.33920096346e-7,8.52793746731e-8,6.41848032501e-8,5.24212744324e-8,4.49313688478e-8],"dvar":[0.0000135068348754,0.0000201961011044,0.0000103494112409,0.00000195652546608,4.8278769782e-7,5.19624165918e-7,1.28855234038e-7,8.88082141159e-8,1.4360821865e-8,1.75367702582e-8,3.94509092061e-9,3.98712529659e-9,4.42302550141e-9,1.39713873804e-9,5.30881727467e-10,5.01250152496e-10,4.22881618611e-10,5.41373945673e-10,1.74620595761e-10,7.22255102947e-11,4.74168655729e-11,3.90491493307e-11,3.57627399916e-11,3.36287699076e-11,3.66405447649e-11,4.17971525446e-11,5.576152734e-11,3.14394933698e-11,1.33470491603e-11,6.18969762597e-12,4.42809070661e-12,2.57477871489e-12,1.8007900943e-12,6.84094653754e-13,1.70314798506e-13,5.1111065792e-14,1.3612349705e-14,6.44336946537e-15,3.67457885002e-15,2.58116095907e-15],"dvar2":[0.0000347040695488,0.000059982372477,0.0000315125762427,0.00000522230857314,0.00000111200267838,0.00000121827815747,3.47349072172e-7,2.40769907123e-7,3.85746616871e-8,4.8001549402e-8,9.77769065713e-9,1.03676907059e-8,1.11626974331e-8,3.59033647257e-9,1.35856303984e-9,1.29213906241e-9,1.13792120171e-9,1.3446671554e-9,4.07847727812e-10,1.73272243775e-10,1.25626120617e-10,9.88840467842e-11,8.14868242327e-11,7.37320829391e-11,7.73522287889e-11,7.83328332754e-11,9.39604852257e-11,5.70770028463e-11,2.69268548431e-11,1.38235091776e-11,1.04875014922e-11,5.8499884624e-12,4.37915198895e-12,1.70193872016e-12,4.06121940548e-13,1.20003060765e-13,3.36120867738e-14,1.59654597485e-14,8.92101622202e-15,6.16165308337e-15],"max":[0.0549101457,0.0690443590283,0.0502411946654,0.0285273566842,0.0233346689492,0.0297950617969,0.00888997036964,0.0102169029415,0.0028971163556,0.00334736914374,0.00174213561695,0.00185235892422,0.00221611233428,0.00100393162575,0.000556159182452,0.00105607474688,0.000934509269428,0.00134254130535,0.000615470751654,0.000238222870394,0.000218480243348,0.000208759141969,0.000227710537729,0.00026814188459,0.000373319926439,0.000380500860047,0.00072121078847,0.000352148315869,0.000217973516556,0.000123350488138,0.000134957095725,0.0000544773611182,0.0000416728653363,0.0000274953690678,0.0000112234984044,0.00000594099128648,0.00000228175531447,0.00000153453504481,0.00000108479184746,9.60505417424e-7],"mean":[0.00466943532228,0.00533610861748,0.00360703468323,0.00123737915419,0.000522363465279,0.000493921863381,0.000307767186314,0.000224770934437,0.0000870676667546,0.0000790753547335,0.0000477306930406,0.0000481382048747,0.0000548549069208,0.0000307861992042,0.0000211367769225,0.0000163142194651,0.0000144926352732,0.000011132337022,0.00000960218858381,0.00000695588369126,0.00000496993834531,0.0000044266362238,0.00000381395761906,0.00000336804055223,0.00000285158193947,0.00000235963307205,0.00000242271130446,0.00000199495639208,0.0000014125079133,9.6965220564e-7,7.28838529085e-7,5.41644624263e-7,4.0336794882e-7,2.62993580691e-7,1.60057012977e-7,1.01546433484e-7,5.39519788845e-8,3.79689488739e-8,3.18869339822e-8,2.80188583446e-8],"median":[0.0021911226213,0.00338106881827,0.00191606697626,0.000520723406225,0.000192963343579,0.000144829624332,0.0000921458486118,0.0000615344615653,0.0000249520944635,0.0000199413589144,0.0000160343570315,0.0000137076840474,0.0000110351857074,0.00000876292051544,0.00000683556663716,0.00000627911595075,0.00000370714792552,0.00000335670210916,0.00000337648930326,0.00000236012215282,0.00000154768497396,0.00000129696093154,0.00000108951655875,9.12675318432e-7,6.4402956923e-7,5.00498686051e-7,4.33916284237e-7,3.55578748668e-7,2.66178460606e-7,2.1680619966e-7,1.68509984633e-7,1.20598002695e-7,8.68022382861e-8,6.17359319222e-8,4.37165681433e-8,3.21472128917e-8,1.70671725641e-8,1.0273875084e-8,9.12317066337e-9,8.41065173063e-9],"min":[8.57570532294e-24,4.37042864887e-24,1.01897210459e-23,7.36777705017e-24,1.33470658216e-23,1.03731580276e-23,9.36034897776e-24,1.28701173628e-23,1.3271440882e-23,1.00941702688e-23,9.5377787837e-24,1.75319776569e-23,1.04894116704e-23,1.68801908003e-23,9.55076264534e-24,7.97406004319e-24,6.9051053961e-24,1.31790865693e-23,1.26951898237e-23,1.22629689894e-23,1.02327881182e-23,3.8519521855e-24,8.69672762985e-24,1.38504963409e-23,1.23279379958e-23,1.42258095383e-23,9.59561017666e-24,8.80879321005e-24,7.38995114136e-24,1.08748877629e-23,1.57144011105e-23,1.64101322527e-23,6.37261205773e-24,7.91280026073e-24,7.71535705362e-24,5.50679185475e-24,8.07940295075e-24,7.71253608703e-24,9.43406881821e-24,1.07362517697e-23],"var":[0.0000419653515564,0.000036130179069,0.0000213536332012,0.00000445052819487,0.00000107594178189,0.00000142209160003,3.10248253754e-7,1.75843098305e-7,3.04921812244e-8,3.37360397396e-8,7.99078581082e-9,8.21892687242e-9,1.32824720112e-8,3.38430550251e-9,1.3365684115e-9,8.21763657122e-10,7.62117147168e-10,8.18360712529e-10,4.8484238846e-10,1.55850082839e-10,9.61672338984e-11,9.73111105584e-11,9.45583403245e-11,9.6821411999e-11,1.02474993768e-10,1.20734630626e-10,2.07313735623e-10,1.17831772117e-10,4.54652183957e-11,1.64139691422e-11,1.10618380775e-11,4.36127262776e-12,2.41545845825e-12,8.63101636602e-13,2.1081174187e-13,6.13234709865e-14,1.35616751119e-14,6.54883480818e-15,4.06355755522e-15,3.00630394771e-15]},"melbands_crest":{"dmean":3.63532590866,"dmean2":6.07935094833,"dvar":8.83104133606,"dvar2":24.9553489685,"max":36.6519393921,"mean":17.3926315308,"median":17.0279903412,"min":1.70099520683,"var":26.2326774597},"melbands_flatness_db":{"dmean":0.0430587865412,"dmean2":0.0687098503113,"dvar":0.00137657462619,"dvar2":0.00369233335368,"max":0.681809961796,"mean":0.34282463789,"median":0.333655744791,"min":0.00386402010918,"var":0.00609145872295},"melbands_kurtosis":{"dmean":15.9246721268,"dmean2":26.2957496643,"dvar":555.562316895,"dvar2":1502.13293457,"max":572.225891113,"mean":35.4240531921,"median":23.0968284607,"min":-1.7946754694,"var":1456.15100098},"melbands_skewness":{"dmean":0.993672847748,"dmean2":1.60544681549,"dvar":0.960358083248,"dvar2":2.4742937088,"max":18.2315177917,"mean":3.90638446808,"median":3.6234228611,"min":-0.864080786705,"var":3.70658278465},"melbands_spread":{"dmean":2.3207757473,"dmean2":3.71210312843,"dvar":16.626499176,"dvar2":34.5918693542,"max":133.002761841,"mean":6.40543079376,"median":4.84639883041,"min":0.21039955318,"var":57.0846290588},"mfcc":{"cov":[[8252.22753906,-131.206710815,-1007.69744873,626.091064453,-331.76272583,-40.8981933594,-242.954116821,-109.853088379,-22.6424064636,8.31622505188,193.147781372,16.6890678406,139.254653931],[-131.206710815,878.734863281,-61.9368629456,-240.655838013,26.9257354736,-84.1979446411,32.6269607544,-53.7117347717,-5.65108251572,-9.78645038605,-8.30917072296,1.50203168392,-18.2689323425],[-1007.69744873,-61.9368629456,644.590026855,-34.8463096619,125.963928223,58.3115119934,40.3935775757,35.4373588562,14.1105251312,1.78833532333,-23.5185184479,-30.9199104309,-51.6725883484],[626.091064453,-240.655838013,-34.8463096619,474.505279541,-17.5411777496,139.185882568,-18.5329399109,51.745174408,9.08490657806,12.979847908,22.4094352722,-5.39196681976,18.7649555206],[-331.76272583,26.9257354736,125.963928223,-17.5411777496,160.884460449,32.9120903015,61.9146385193,12.4525899887,15.6448926926,-7.65920495987,-14.2260227203,-3.07010436058,-8.77817821503],[-40.8981933594,-84.1979446411,58.3115119934,139.185882568,32.9120903015,185.948181152,38.8170585632,58.3471374512,4.06494855881,-2.06026768684,-15.9451389313,-9.57872581482,3.93257474899],[-242.954116821,32.6269607544,40.3935775757,-18.5329399109,61.9146385193,38.8170585632,150.090393066,28.9272079468,19.2373600006,-9.42510414124,-22.2941837311,1.81067860126,-0.467037469149],[-109.853088379,-53.7117347717,35.4373588562,51.745174408,12.4525899887,58.3471374512,28.9272079468,86.4657592773,22.2830905914,6.7108335495,-8.99223136902,-4.17532730103,1.32284653187],[-22.6424064636,-5.65108251572,14.1105251312,9.08490657806,15.6448926926,4.06494855881,19.2373600006,22.2830905914,58.844329834,20.8429756165,6.02394247055,8.10491085052,5.12163352966],[8.31622505188,-9.78645038605,1.78833532333,12.979847908,-7.65920495987,-2.06026768684,-9.42510414124,6.7108335495,20.8429756165,54.3317451477,27.9872894287,6.25053787231,2.3018553257],[193.147781372,-8.30917072296,-23.5185184479,22.4094352722,-14.2260227203,-15.9451389313,-22.2941837311,-8.99223136902,6.02394247055,27.9872894287,65.4950790405,23.4311618805,9.84978961945],[16.6890678406,1.50203168392,-30.9199104309,-5.39196681976,-3.07010436058,-9.57872581482,1.81067860126,-4.17532730103,8.10491085052,6.25053787231,23.4311618805,55.1540603638,29.2780570984],[139.254653931,-18.2689323425,-51.6725883484,18.7649555206,-8.77817821503,3.93257474899,-0.467037469149,1.32284653187,5.12163352966,2.3018553257,9.84978961945,29.2780570984,54.9569320679]],"icov":[[0.000193398707779,-0.0000215673080675,0.000222373913857,-0.000229982222663,0.000123858160805,0.0000207529265026,0.0000862008164404,0.000208073979593,-0.000188557081856,0.000351000431692,-0.000578954815865,0.00048630402307,-0.000348026718711],[-0.0000215673080675,0.00138848123606,0.000215448832023,0.000655984680634,-0.000273392215604,0.00000629910300631,-0.000294936151477,0.000495570828207,-0.0000678950818838,-0.0000325228393194,-0.0000360639387509,-0.0000326348708768,0.000467784993816],[0.000222373913857,0.000215448832023,0.0023417158518,0.0000978976750048,-0.00136915873736,-0.000471431267215,0.000370681082131,-0.000185517332284,-0.000286026333924,0.0000455907502328,-0.000553848571144,0.00066288583912,0.00127001095098],[-0.000229982222663,0.000655984680634,0.0000978976750048,0.00364307803102,0.0000210763919313,-0.00248711858876,0.000529543147422,-0.000599587277975,-0.000339212361723,-0.00000828199972602,-0.00110292830504,0.000622853694949,-0.000252980156802],[0.000123858160805,-0.000273392215604,-0.00136915873736,0.0000210763919313,0.00900579895824,-0.00106518366374,-0.00275405938737,0.00124157092068,-0.00206671585329,0.00160411372781,-0.000477455527289,0.0000616027900833,-0.0000596715181018],[0.0000207529265026,0.00000629910300631,-0.000471431267215,-0.00248711858876,-0.00106518366374,0.00935960840434,-0.00139134889469,-0.00432622805238,0.00234276847914,-0.000667766260449,0.0017085892614,0.00034550280543,-0.00107275764458],[0.0000862008164404,-0.000294936151477,0.000370681082131,0.000529543147422,-0.00275405938737,-0.00139134889469,0.00929220113903,-0.00173065182753,-0.00218867696822,0.00126552360598,0.00172283034772,-0.00120444525965,0.000115384245873],[0.000208073979593,0.000495570828207,-0.000185517332284,-0.000599587277975,0.00124157092068,-0.00432622805238,-0.00173065182753,0.0176430046558,-0.00586781650782,-0.000706852530129,0.00112278922461,0.00122326845303,-0.000540173088666],[-0.000188557081856,-0.0000678950818838,-0.000286026333924,-0.000339212361723,-0.00206671585329,0.00234276847914,-0.00218867696822,-0.00586781650782,0.0241072606295,-0.00982440169901,0.00240234169178,-0.00337901059538,-0.00053857290186],[0.000351000431692,-0.0000325228393194,0.0000455907502328,-0.00000828199972602,0.00160411372781,-0.000667766260449,0.00126552360598,-0.000706852530129,-0.00982440169901,0.0290633924305,-0.0133272800595,0.00387509609573,-0.000500304042362],[-0.000578954815865,-0.0000360639387509,-0.000553848571144,-0.00110292830504,-0.000477455527289,0.0017085892614,0.00172283034772,0.00112278922461,0.00240234169178,-0.0133272800595,0.0275433324277,-0.0120306536555,0.00290703261271],[0.00048630402307,-0.0000326348708768,0.00066288583912,0.000622853694949,0.0000616027900833,0.00034550280543,-0.00120444525965,0.00122326845303,-0.00337901059538,0.00387509609573,-0.0120306536555,0.0321062766016,-0.015682708472],[-0.000348026718711,0.000467784993816,0.00127001095098,-0.000252980156802,-0.0000596715181018,-0.00107275764458,0.000115384245873,-0.000540173088666,-0.00053857290186,-0.000500304042362,0.00290703261271,-0.015682708472,0.0285001564771]],"mean":[-723.453613281,180.989578247,14.7246856689,36.2662963867,9.30904197693,17.9097747803,5.57065916061,6.54139757156,0.772296667099,1.85350966454,-0.894116103649,0.985381364822,0.891173183918]},"pitch_salience":{"dmean":0.0845416933298,"dmean2":0.14251755178,"dvar":0.00492562260479,"dvar2":0.0144754741341,"max":0.843256413937,"mean":0.537301421165,"median":0.548276722431,"min":0.116033695638,"var":0.0130991721526},"silence_rate_20dB":{"dmean":0,"dmean2":0,"dvar":0,"dvar2":0,"max":1,"mean":1,"median":1,"min":1,"var":0},"silence_rate_30dB":{"dmean":0.0859554857016,"dmean2":0.171927466989,"dvar":0.0785645246506,"dvar2":0.178626388311,"max":1,"mean":0.857553958893,"median":1,"min":0,"var":0.122147217393},"silence_rate_60dB":{"dmean":0.0124712204561,"dmean2":0.0249448344111,"dvar":0.0123130520806,"dvar2":0.0285466834903,"max":1,"mean":0.107146285474,"median":0,"min":0,"var":0.0956601575017},"spectral_centroid":{"dmean":126.757858276,"dmean2":193.785308838,"dvar":43342.7890625,"dvar2":74341.1171875,"max":10924.7128906,"mean":504.950836182,"median":424.900695801,"min":114.259819031,"var":168300.71875},"spectral_complexity":{"dmean":2.32405996323,"dmean2":3.63484597206,"dvar":7.28926563263,"dvar2":15.1177387238,"max":56,"mean":11.2869062424,"median":9,"min":0,"var":59.3359527588},"spectral_contrast_coeffs":{"dmean":[0.0557591207325,0.0482726469636,0.0344951972365,0.0277904178947,0.023435998708,0.0398889780045],"dmean2":[0.093667820096,0.0803856626153,0.0573424845934,0.0459712296724,0.0384030081332,0.0623938702047],"dvar":[0.00185649027117,0.00139411422424,0.000749621598516,0.000532056437805,0.00039560024743,0.00158931838814],"dvar2":[0.00534484535456,0.00379240233451,0.00202592019923,0.00139487080742,0.000999759417027,0.00358021212742],"max":[-0.36090695858,-0.465676873922,-0.554391682148,-0.60590416193,-0.691161930561,-0.423916876316],"mean":[-0.645292937756,-0.768342137337,-0.819553613663,-0.836490154266,-0.848275244236,-0.790979444981],"median":[-0.649836421013,-0.773089766502,-0.824162244797,-0.835874319077,-0.843829989433,-0.810133397579],"min":[-0.971844851971,-0.948015630245,-0.959094405174,-0.983701169491,-0.971100389957,-0.961091160774],"var":[0.00622321758419,0.00437453202903,0.00245536630973,0.00179892452434,0.00172196771018,0.00466543063521]},"spectral_contrast_valleys":{"dmean":[0.377883017063,0.388226687908,0.336294084787,0.338015794754,0.408120125532,0.692783713341],"dmean2":[0.634784579277,0.63593763113,0.540232181549,0.536056399345,0.628674209118,1.12486338615],"dvar":[0.106373056769,0.117365241051,0.0999844744802,0.122855983675,0.175483867526,0.343493819237],"dvar2":[0.261212319136,0.280458271503,0.229484722018,0.288558721542,0.410051882267,0.866318106651],"max":[-4.87497282028,-4.25733232498,-5.23022031784,-6.09880208969,-5.47679138184,-8.7045211792],"mean":[-6.6233792305,-6.73579454422,-7.45641469955,-8.09543228149,-8.37191104889,-11.302863121],"median":[-6.42252874374,-6.61931467056,-7.40808105469,-7.95062923431,-8.19916439056,-11.1825428009],"min":[-27.25831604,-27.5864067078,-27.4029407501,-27.4062900543,-27.3667984009,-27.1677150726],"var":[0.923437058926,0.986992359161,0.866526901722,0.967030525208,1.18992102146,1.20633327961]},"spectral_decrease":{"dmean":4.5159254114e-9,"dmean2":7.48879624979e-9,"dvar":3.19741140216e-17,"dvar2":9.09708223744e-17,"max":3.4705089913e-9,"mean":-1.103781333e-8,"median":-8.59670201692e-9,"min":-6.9076378395e-8,"var":1.06370371046e-16},"spectral_energy":{"dmean":0.0189726129174,"dmean2":0.0310078654438,"dvar":0.000550838070922,"dvar2":0.00155444233678,"max":0.278319448233,"mean":0.0557496286929,"median":0.0480668619275,"min":1.05783717987e-20,"var":0.00211017113179},"spectral_energyband_high":{"dmean":0.000143409983139,"dmean2":0.00020235365082,"dvar":2.03701191026e-7,"dvar2":3.78604255502e-7,"max":0.0165505036712,"mean":0.000259434687905,"median":0.000074262781709,"min":7.59314239923e-21,"var":6.20733885626e-7},"spectral_energyband_low":{"dmean":0.0157437641174,"dmean2":0.0262493044138,"dvar":0.000425385806011,"dvar2":0.00123643048573,"max":0.241549164057,"mean":0.0334608443081,"median":0.0239499844611,"min":4.97773818658e-23,"var":0.00111784960609},"spectral_energyband_middle_high":{"dmean":0.000549214601051,"dmean2":0.000816618907265,"dvar":0.00000100203772035,"dvar2":0.00000218261811824,"max":0.0218317378312,"mean":0.00170198106207,"median":0.000621654209681,"min":1.6674114331e-21,"var":0.00000561001115784},"spectral_energyband_middle_low":{"dmean":0.00665449490771,"dmean2":0.0104862367734,"dvar":0.0000994333240669,"dvar2":0.000266286195256,"max":0.186844006181,"mean":0.0168781299144,"median":0.0106324404478,"min":3.36114850514e-22,"var":0.000347106077243},"spectral_entropy":{"dmean":0.314938396215,"dmean2":0.499983757734,"dvar":0.102106101811,"dvar2":0.270581483841,"max":9.79846954346,"mean":6.96138620377,"median":7.03587388992,"min":4.49614620209,"var":0.295774936676},"spectral_flux":{"dmean":0.0263513252139,"dmean2":0.0431636460125,"dvar":0.000727058795746,"dvar2":0.00181823864114,"max":0.374184668064,"mean":0.105996668339,"median":0.105546317995,"min":1.02851213657e-10,"var":0.003423465183},"spectral_kurtosis":{"dmean":6.69192886353,"dmean2":10.7797670364,"dvar":69.2306289673,"dvar2":184.611526489,"max":139.231445312,"mean":19.3969421387,"median":16.8868942261,"min":-1.17950081825,"var":130.969406128},"spectral_rms":{"dmean":0.00116302864626,"dmean2":0.00187847320922,"dvar":0.0000013731900026,"dvar2":0.00000389419665225,"max":0.0164782032371,"mean":0.0066041033715,"median":0.00684795575216,"min":3.21253223676e-12,"var":0.0000107753221528},"spectral_rolloff":{"dmean":5388.97412109,"dmean2":10578.5078125,"dvar":77182640,"dvar2":197744672,"max":22028.4667969,"mean":9566.20800781,"median":1291.9921875,"min":43.06640625,"var":107368208},"spectral_skewness":{"dmean":0.534806370735,"dmean2":0.838764846325,"dvar":0.338430166245,"dvar2":0.881256043911,"max":10.0508861542,"mean":3.15134215355,"median":3.0356631279,"min":0.00832288898528,"var":0.872076570988},"spectral_spread":{"dmean":689858.4375,"dmean2":1098580.25,"dvar":471927455744,"dvar2":1021810245630,"max":40202224,"mean":3801561.5,"median":3700615.5,"min":1031754.3125,"var":1204502790140},"spectral_strongpeak":{"dmean":1.99452280998,"dmean2":3.81727838516,"dvar":108.071250916,"dvar2":318.711029053,"max":150.323547363,"mean":1.51093566418,"median":0.307432711124,"min":0,"var":69.1157226562},"zerocrossingrate":{"dmean":0.0389527492225,"dmean2":0.0520382374525,"dvar":0.00106728915125,"dvar2":0.00185686093755,"max":0.6318359375,"mean":0.215828880668,"median":0.20654296875,"min":0.0126953125,"var":0.00721794273704}},"metadata":{"audio_properties":{"analysis_sample_rate":44100,"bit_rate":128000,"codec":"mp3","downmix":"mix","equal_loudness":0,"length":242.024490356,"lossless":false,"md5_encoded":"1b2a8e6ab3775e9b9a5550f2b1733dda","replay_gain":0.984540939331,"sample_rate":44100},"tags":{"album":["Blur"],"artist":["Blur"],"date":["1997-02-10"],"file_name":"12 - Blur - Strange News From Another Star.mp3","musicbrainz_albumid":["e4350aac-d96b-49c6-a353-f9818ea4179b"],"musicbrainz_artistid":["ba853904-ae25-4ebb-89d6-c44cfbd71bd2"],"musicbrainz_recordingid":["f160f79e-3180-4004-855f-7ea82e684cab"],"title":["Strange News From Another Star"],"tracknumber":["12/14"]},"version":{"essentia":"2.1-beta1","essentia_build_sha":"ca57ba49d9b1854bd80e60cf9ccf267278fb7d6b","essentia_git_sha":"v2.1_beta1-28-g21ef5f4-dirty","extractor":"music 1.0"}},"rhythm":{"beats_count":501,"beats_loudness":{"dmean":0.0290608312935,"dmean2":0.0494351498783,"dvar":0.000980473239906,"dvar2":0.00256552337669,"max":0.204691335559,"mean":0.0592611543834,"median":0.0543951615691,"min":2.31616610336e-7,"var":0.00203963345848},"beats_loudness_band_ratio":{"dmean":[0.161277770996,0.0943296924233,0.0507583543658,0.0219544284046,0.00862869247794,0.0823422372341],"dmean2":[0.285623431206,0.163281783462,0.0888089686632,0.0390094444156,0.0156766604632,0.143144413829],"dvar":[0.0178821496665,0.00987501908094,0.00330499000847,0.00101230689324,0.000483688112581,0.00720021361485],"dvar2":[0.0487737953663,0.0266417600214,0.00918465573341,0.00289204739965,0.00143139495049,0.0207317359746],"max":[0.972470164299,0.734881401062,0.432680934668,0.309480965137,0.315650135279,0.580328822136],"mean":[0.649674475193,0.129916653037,0.0638327077031,0.0286121554673,0.00968655664474,0.14504429698],"median":[0.678432226181,0.097258836031,0.0425850190222,0.016303261742,0.00600726203993,0.12686021626],"min":[0.0729736536741,0.00303459144197,0.000191505430848,0.000188