{"lowlevel":{"average_loudness":0.787161886692,"barkbands":{"dmean":[0.0036907393951,0.0111142098904,0.00349174090661,0.00261434726417,0.00228118547238,0.00106488948222,0.00107337592635,0.000770647427998,0.00101302238181,0.00138044857886,0.00112019199878,0.00115155940875,0.000492464751005,0.00041657636757,0.000335028511472,0.000158773342264,0.00013349216897,0.0000764055148466,0.0000907838257262,0.0000661662852508,0.0000394999733544,0.0000318108832289,0.0000262825178652,0.0000120877639347,0.00000405471701015,0.0000299690491374,0.000151363536133],"dmean2":[0.00598346721381,0.0185359679163,0.00594642898068,0.00449920957908,0.00372116570361,0.001784382388,0.00176257663406,0.00128992286045,0.00168473995291,0.00230115349405,0.00189418974333,0.00194515648764,0.000833287776913,0.000700604170561,0.000558781845029,0.000254992541159,0.000214015773963,0.000118184027087,0.000132334593218,0.0000959910685197,0.0000574192781642,0.0000449168474006,0.0000364712577721,0.0000170182447619,0.00000629887836112,0.0000396127943532,0.000219391877181],"dvar":[0.0000580145024287,0.000272413890343,0.0000345543085132,0.0000181985233212,0.0000144822452057,0.00000479112213725,0.0000036173908029,0.00000233264768212,0.00000254226711149,0.00000514967541676,0.00000381566042051,0.00000235083803091,4.78770402879e-7,4.03682918204e-7,3.79150293384e-7,2.17779387413e-7,9.15830256076e-8,4.80762594179e-8,1.40987822306e-7,8.28169248734e-8,4.38311289486e-8,1.33958764081e-8,7.07428249314e-9,1.48469547767e-9,1.23071330904e-10,9.63599600112e-9,9.36282020803e-8],"dvar2":[0.000134131405503,0.000701985612977,0.0000932022740017,0.0000515799038112,0.0000368701184925,0.0000119934302347,0.00000905109754967,0.00000620377795713,0.00000652320295558,0.0000135559503178,0.0000101281621028,0.000006600677807,0.00000131394210712,0.00000110500661776,0.00000100843828932,5.37711741799e-7,2.2513087572e-7,1.11216600374e-7,2.8937054708e-7,1.53668395342e-7,8.33736990558e-8,2.58112180518e-8,1.28013324385e-8,2.70459987739e-9,2.33388808279e-10,1.62182018926e-8,1.70150769918e-7],"max":[0.125473350286,0.229185372591,0.162971362472,0.199994236231,0.122412927449,0.0729739665985,0.0678931847215,0.0679669976234,0.0499764569104,0.0660864412785,0.0678756386042,0.0314516313374,0.0205242242664,0.0163449570537,0.0200141537935,0.0239533837885,0.0112322289497,0.0164794810116,0.0246577244252,0.0195685531944,0.0184701010585,0.00613596150652,0.00689359335229,0.00258724670857,0.000527498894371,0.00537498807535,0.0163643583655],"mean":[0.00352965574712,0.0159823410213,0.00504770316184,0.00387246650644,0.00394253712147,0.00168222095817,0.00182291225065,0.00120255269576,0.00174560339656,0.00225045159459,0.0018339966191,0.00207280693576,0.000947540160269,0.000807820761111,0.00062499375781,0.000267473631538,0.000258082320215,0.000136036716867,0.000150787032908,0.000116958050057,0.000068442634074,0.0000542653142475,0.000044522817916,0.000019800485461,0.0000050899730013,0.0000527358024556,0.0004530113074],"median":[0.000740768213291,0.00883932877332,0.00281397253275,0.0019903536886,0.00234043342061,0.000978495692834,0.00100329983979,0.000659384124447,0.00109220901504,0.00130860507488,0.00109409494326,0.00158336339518,0.000687721767463,0.000540272449143,0.000370683876099,0.00010135496268,0.00013134132314,0.0000450340558018,0.0000256475577771,0.0000158301427291,0.0000121644116007,0.0000116279989015,0.00000683405687596,0.00000416941929871,0.00000149202628563,0.00000754478742238,0.000259233056568],"min":[3.62598608534e-25,3.85853246874e-24,1.3313431948e-24,4.03095221907e-24,8.05708134257e-24,7.28615045687e-24,1.06831101548e-23,2.05495836118e-23,1.50837320604e-23,1.29753387858e-23,1.49440768589e-23,3.43935276741e-23,2.55035748764e-23,3.32413048141e-23,4.63802249527e-23,7.26581030951e-23,5.94205248563e-23,1.35876885925e-22,1.30916591662e-22,1.6765001962e-22,2.52640972159e-22,3.22240667836e-22,4.32453396781e-22,6.77936358682e-22,1.00936896e-21,1.36493535339e-21,1.87731891388e-21],"var":[0.0000596003192186,0.000408731255447,0.0000568336145079,0.0000298775885312,0.0000273756377283,0.00000718008732292,0.00000684725682731,0.00000392659285353,0.0000054588454077,0.00000930692476686,0.00000703532032276,0.00000423374422098,9.99754547593e-7,8.97793029253e-7,7.89542639268e-7,4.63332639811e-7,1.66661706658e-7,1.17781162601e-7,3.30874485144e-7,2.198283795e-7,9.22457203956e-8,2.81458056861e-8,1.72007350585e-8,3.31353522398e-9,2.71339228863e-10,2.47769111894e-8,4.17216625692e-7]},"barkbands_crest":{"dmean":3.04846739769,"dmean2":5.10494613647,"dvar":6.81533193588,"dvar2":18.1551208496,"max":25.6176147461,"mean":9.80845355988,"median":9.10491085052,"min":2.01836133003,"var":17.3209190369},"barkbands_flatness_db":{"dmean":0.0285974796861,"dmean2":0.0458700619638,"dvar":0.000669781758916,"dvar2":0.0017754615983,"max":0.448973923922,"mean":0.158790796995,"median":0.152662962675,"min":0.0186313372105,"var":0.00427053775638},"barkbands_kurtosis":{"dmean":3.42523980141,"dmean2":5.71228647232,"dvar":33.4060783386,"dvar2":88.5061264038,"max":214.625396729,"mean":5.96051597595,"median":3.23937702179,"min":-1.80653774738,"var":71.8267211914},"barkbands_skewness":{"dmean":0.566239953041,"dmean2":0.917152643204,"dvar":0.305945366621,"dvar2":0.783652842045,"max":12.1686048508,"mean":1.68378245831,"median":1.50973594189,"min":-3.54645872116,"var":1.04933965206},"barkbands_spread":{"dmean":4.31385374069,"dmean2":6.77873802185,"dvar":24.7890510559,"dvar2":53.2669944763,"max":107.934280396,"mean":18.6585903168,"median":16.9529876709,"min":0.520703732967,"var":137.120254517},"dissonance":{"dmean":0.0217805951834,"dmean2":0.037578817457,"dvar":0.000576418591663,"dvar2":0.00164464465342,"max":0.500000178814,"mean":0.466511338949,"median":0.4750187397,"min":0.140793353319,"var":0.000963299244177},"dynamic_complexity":2.68715548515,"erbbands":{"dmean":[0.409375578165,2.30997109413,3.73141551018,7.42982339859,7.51080846786,7.28169059753,7.51060724258,9.64838123322,11.291431427,19.4912490845,17.1514434814,23.5867328644,29.9915485382,49.9441833496,37.7932357788,46.2484512329,21.3181781769,20.7373161316,19.3919811249,11.856051445,7.20379781723,7.24492740631,3.97014856339,4.24610280991,4.58601856232,3.11186861992,2.16419506073,1.17411327362,1.15020895004,0.972148418427,0.734118878841,0.353066861629,0.156361088157,0.0524028725922,0.0278452765197,0.0468382947147,0.0632669404149,0.0428817234933,0.0145970378071,0.00330722774379],"dmean2":[0.699047744274,3.82337832451,6.22282266617,12.6850137711,12.6654586792,11.9036664963,12.4481115341,16.1492404938,18.6434669495,32.3487548828,28.554309845,39.3600234985,50.0287475586,83.4309921265,63.4666938782,78.1783370972,35.7952537537,34.8748626709,32.4045944214,19.2667388916,11.3261804581,11.6247444153,6.07008600235,6.3457274437,6.63687610626,4.53251647949,3.16307854652,1.67723309994,1.62057089806,1.36760640144,1.03006851673,0.493920564651,0.222683653235,0.0797832608223,0.0433064475656,0.064785823226,0.0844605192542,0.056869585067,0.0198107007891,0.00497297849506],"dvar":[0.483073860407,12.2294969559,36.1737632751,135.143676758,143.139068604,195.638168335,290.615264893,455.044372559,600.840209961,1073.53894043,1203.91027832,1428.88098145,2621.09912109,7705.43603516,3488.77832031,4024.98974609,917.83972168,983.165161133,1017.39526367,721.555664062,344.180511475,278.236114502,107.425834656,241.521453857,424.125061035,158.242721558,117.006690979,41.3255805969,18.1764945984,10.5711326599,5.64149475098,1.24379348755,0.244718790054,0.0211673974991,0.0064621171914,0.0322412848473,0.0445013381541,0.0185090079904,0.00238952529617,0.0000320162289427],"dvar2":[1.28322410583,30.8232116699,94.2033081055,385.980072021,384.356536865,487.772125244,739.065002441,1115.41015625,1487.55041504,2793.52392578,3143.01123047,3680.75024414,6764.03515625,20521.2519531,9259.28417969,11231.8603516,2483.01342773,2728.18823242,2767.60644531,1832.36315918,798.555969238,689.520324707,239.65020752,511.678375244,886.039001465,288.840942383,211.381469727,77.487197876,34.488899231,20.8399543762,10.3996629715,2.32188415527,0.447062820196,0.040840677917,0.0119371861219,0.0544002018869,0.0769831761718,0.0334190353751,0.00393694126979,0.0000651766822557],"max":[8.75476646423,60.8738517761,154.241210938,480.897186279,332.235626221,426.80065918,830.882202148,861.800170898,1165.40002441,1795.44055176,1691.51672363,1008.29040527,1673.05053711,2460.02050781,2416.77270508,1377.29199219,1042.06774902,744.754760742,933.485595703,1134.48168945,1039.87072754,641.693664551,556.875732422,882.691772461,1190.46984863,928.007385254,1038.81469727,652.267089844,232.796478271,190.326385498,190.737594604,70.2188949585,29.5293197632,7.32396745682,4.22712898254,9.4459066391,11.1867752075,7.61012554169,3.48550653458,0.276327639818],"mean":[0.474063426256,3.48655891418,5.93679332733,11.9862174988,12.8131437302,11.4500350952,11.5361948013,14.905043602,19.2342357635,32.1725654602,29.3082675934,40.3163375854,52.0575790405,86.2701416016,73.3610839844,83.9937896729,46.4133415222,43.362033844,39.1882743835,23.1737880707,13.8110322952,14.3965044022,7.81456422806,7.44837665558,7.64706087112,5.56500720978,3.77248954773,2.06644201279,1.95404469967,1.67720854282,1.20905375481,0.588505089283,0.2469625175,0.0707956627011,0.034859970212,0.0741261839867,0.111143194139,0.0818348377943,0.0346909686923,0.0133860632777],"median":[0.232055738568,1.81725525856,3.54965162277,6.53558349609,7.31803512573,6.55004453659,6.70181751251,8.19720554352,11.2630062103,18.0413017273,17.0741615295,25.2889041901,33.3862113953,48.2759094238,53.7310562134,64.0468444824,35.7998657227,31.3871650696,25.5438766479,11.593082428,6.17377758026,7.46379375458,3.35642576218,1.62209546566,1.12227511406,0.757519125938,0.565838932991,0.43983912468,0.420256495476,0.325503706932,0.181495502591,0.104387849569,0.0582595393062,0.0218255054206,0.0102863181382,0.0151448240504,0.014910868369,0.0139691866934,0.00794064439833,0.0103530110791],"min":[1.71109799468e-22,1.11747041949e-21,1.94827731834e-21,1.10269436053e-20,2.26704841183e-20,2.5335929855e-20,6.83598278709e-20,6.64306552743e-20,1.81798427111e-19,2.19257895687e-19,5.09135508989e-19,4.52316265918e-19,3.50019744292e-19,1.04653660669e-18,1.29487814687e-18,1.71117033521e-18,1.64433579608e-18,1.50577415129e-18,3.71950530549e-18,3.41163922805e-18,4.03119316415e-18,3.47272713667e-18,6.79436353061e-18,6.81260948056e-18,7.607215307e-18,9.98909015265e-18,9.11897803913e-18,1.01534004823e-17,1.31859397337e-17,1.27263193079e-17,1.24954614708e-17,1.23181247008e-17,1.09708501422e-17,8.59985437594e-18,7.00933246897e-18,4.56805157967e-18,2.3152202183e-18,1.059715455e-18,2.20107125832e-19,2.8079886664e-20],"var":[0.473846256733,21.4279899597,61.3953208923,250.024581909,274.514251709,324.442565918,373.464385986,695.707702637,937.967651367,1942.73974609,2176.52856445,2982.46533203,4692.12011719,14909.9140625,7160.7421875,7106.83154297,2126.54711914,2287.00170898,2260.1184082,1647.17883301,831.736816406,505.326629639,273.500549316,598.057067871,960.965942383,437.664428711,267.393554688,83.5543289185,38.8347587585,23.6374340057,12.8122806549,2.81599640846,0.529162049294,0.0440274812281,0.0150314839557,0.0771218016744,0.110349982977,0.0471154563129,0.00814563967288,0.000216025742702]},"erbbands_crest":{"dmean":2.53628444672,"dmean2":4.27200937271,"dvar":5.24440193176,"dvar2":13.9524250031,"max":32.7720031738,"mean":8.89519119263,"median":7.80709171295,"min":2.5349009037,"var":16.9254970551},"erbbands_flatness_db":{"dmean":0.0263960305601,"dmean2":0.0410880632699,"dvar":0.00057146511972,"dvar2":0.00144474301487,"max":0.449168384075,"mean":0.171364352107,"median":0.164940416813,"min":0.035936832428,"var":0.0025408368092},"erbbands_kurtosis":{"dmean":1.20140910149,"dmean2":1.98736035824,"dvar":8.49615287781,"dvar2":23.8867034912,"max":161.426559448,"mean":1.51254701614,"median":0.804314613342,"min":-1.63627994061,"var":21.4288063049},"erbbands_skewness":{"dmean":0.366889894009,"dmean2":0.591301143169,"dvar":0.115627534688,"dvar2":0.30318120122,"max":7.36513566971,"mean":0.0745941773057,"median":0.00851189251989,"min":-4.35653877258,"var":0.491241157055},"erbbands_spread":{"dmean":4.61613941193,"dmean2":7.29076910019,"dvar":19.5822315216,"dvar2":45.7809829712,"max":94.0703201294,"mean":20.9086971283,"median":19.5330581665,"min":0.580967187881,"var":82.5090179443},"gfcc":{"cov":[[9306.32128906,-1683.67126465,-1084.07409668,532.597351074,100.006752014,-223.665542603,122.116600037,-249.319168091,26.7533130646,78.485786438,2.72836112976,397.280395508,-147.391143799],[-1683.67126465,1536.66723633,313.918731689,-359.281402588,191.125732422,42.3009643555,-109.52885437,-56.9505729675,12.2889661789,-63.2623023987,91.7462692261,-115.507049561,103.670654297],[-1084.07409668,313.918731689,538.77532959,148.779296875,-87.9523696899,89.3985824585,-68.8070983887,33.777053833,-82.1477203369,17.7189826965,4.47777414322,-37.82264328,-0.399358600378],[532.597351074,-359.281402588,148.779296875,371.710632324,-31.8834514618,-24.0500774384,47.3196258545,4.87426042557,-56.7456893921,39.5112800598,-14.387014389,40.313621521,-35.8935317993],[100.006752014,191.125732422,-87.9523696899,-31.8834514618,192.812438965,0.180691182613,36.2897491455,-29.0720214844,37.0192832947,-23.192817688,26.32330513,2.82654714584,22.3397312164],[-223.665542603,42.3009643555,89.3985824585,-24.0500774384,0.180691182613,155.640487671,-10.2195005417,54.5307579041,1.49174249172,2.67772197723,-8.73966693878,-5.30915212631,3.50832343102],[122.116600037,-109.52885437,-68.8070983887,47.3196258545,36.2897491455,-10.2195005417,149.690368652,25.7453289032,47.4897727966,9.36504745483,-7.42724561691,7.39751577377,-17.4873504639],[-249.319168091,-56.9505729675,33.777053833,4.87426042557,-29.0720214844,54.5307579041,25.7453289032,122.5493927,26.3151493073,22.1084537506,-10.6390590668,-25.6619148254,7.69070577621],[26.7533130646,12.2889661789,-82.1477203369,-56.7456893921,37.0192832947,1.49174249172,47.4897727966,26.3151493073,106.835327148,17.9563770294,7.36499929428,13.4165534973,-14.392373085],[78.485786438,-63.2623023987,17.7189826965,39.5112800598,-23.192817688,2.67772197723,9.36504745483,22.1084537506,17.9563770294,71.9073028564,31.4906616211,5.76837539673,0.322492182255],[2.72836112976,91.7462692261,4.47777414322,-14.387014389,26.32330513,-8.73966693878,-7.42724561691,-10.6390590668,7.36499929428,31.4906616211,62.460308075,23.7305221558,18.8200588226],[397.280395508,-115.507049561,-37.82264328,40.313621521,2.82654714584,-5.30915212631,7.39751577377,-25.6619148254,13.4165534973,5.76837539673,23.7305221558,85.2556533813,5.5309844017],[-147.391143799,103.670654297,-0.399358600378,-35.8935317993,22.3397312164,3.50832343102,-17.4873504639,7.69070577621,-14.392373085,0.322492182255,18.8200588226,5.5309844017,71.856918335]],"icov":[[0.000269206764642,-0.000235590632656,0.000972807058133,-0.000720173527952,0.0000843650705065,-0.000239799090195,0.000284686131636,0.0000820872955956,0.000434497254901,-0.000646367960144,0.000564786430914,-0.00104041746818,0.000605818757322],[-0.000235590632656,0.00333159882575,-0.00424962397665,0.0035786004737,-0.00260987365618,0.00108827906661,-0.000258571380982,0.00164808088448,-0.00219124578871,0.0030286940746,-0.00432649441063,0.0042231073603,-0.0026513710618],[0.000972807058133,-0.00424962397665,0.0109562668949,-0.00881415512413,0.00560999847949,-0.00486727571115,0.00230336817913,-0.000529947981704,0.00221765157767,-0.00167764269281,0.0012293002801,-0.00289909308776,0.00324828829616],[-0.000720173527952,0.0035786004737,-0.00881415512413,0.0130794374272,-0.0072408830747,0.00574203627184,-0.00333539443091,-0.00206140661612,0.00563363637775,-0.00573217915371,0.0046561723575,-0.00351153616793,0.00142878189217],[0.0000843650705065,-0.00260987365618,0.00560999847949,-0.0072408830747,0.0138652538881,-0.00534803792834,-0.00119163631462,0.00407608877867,-0.00657376134768,0.00892909616232,-0.00901279971004,0.00571058038622,-0.00385883194394],[-0.000239799090195,0.00108827906661,-0.00486727571115,0.00574203627184,-0.00534803792834,0.0117696514353,-0.00000662009551888,-0.00615265127271,0.00368639500812,-0.00411951588467,0.00595765607432,-0.00532160466537,0.0021302124951],[0.000284686131636,-0.000258571380982,0.00230336817913,-0.00333539443091,-0.00119163631462,-0.00000662009551888,0.0103436671197,-0.00179080571979,-0.00363479484804,0.000064259969804,0.000922290666495,-0.000257395062363,0.00143339368515],[0.0000820872955956,0.00164808088448,-0.000529947981704,-0.00206140661612,0.00407608877867,-0.00615265127271,-0.00179080571979,0.0171423759311,-0.00895130820572,0.00255314563401,-0.0045359400101,0.0103976726532,-0.00789603590965],[0.000434497254901,-0.00219124578871,0.00221765157767,0.00563363637775,-0.00657376134768,0.00368639500812,-0.00363479484804,-0.00895130820572,0.0256289206445,-0.0160587243736,0.0132766310126,-0.016011139378,0.0117767062038],[-0.000646367960144,0.0030286940746,-0.00167764269281,-0.00573217915371,0.00892909616232,-0.00411951588467,0.000064259969804,0.00255314563401,-0.0160587243736,0.0398511812091,-0.0324790738523,0.0186643749475,-0.00772584835067],[0.000564786430914,-0.00432649441063,0.0012293002801,0.0046561723575,-0.00901279971004,0.00595765607432,0.000922290666495,-0.0045359400101,0.0132766310126,-0.0324790738523,0.0502789355814,-0.0251055080444,0.00452301139012],[-0.00104041746818,0.0042231073603,-0.00289909308776,-0.00351153616793,0.00571058038622,-0.00532160466537,-0.000257395062363,0.0103976726532,-0.016011139378,0.0186643749475,-0.0251055080444,0.0343311578035,-0.0120459487662],[0.000605818757322,-0.0026513710618,0.00324828829616,0.00142878189217,-0.00385883194394,0.0021302124951,0.00143339368515,-0.00789603590965,0.0117767062038,-0.00772584835067,0.00452301139012,-0.0120459487662,0.0241418089718]],"mean":[2.70660972595,119.020713806,-84.0137557983,-20.488615036,-14.3795261383,3.24122619629,-1.04296731949,-12.8168992996,-4.47531557083,-10.4738454819,-6.42586708069,-3.33704996109,-10.4279508591]},"hfc":{"dmean":24.7052974701,"dmean2":40.0593299866,"dvar":1016.15270996,"dvar2":2677.10620117,"max":1379.50463867,"mean":105.993621826,"median":93.2208633423,"min":1.07735430815e-16,"var":6717.77832031},"melbands":{"dmean":[0.00342404842377,0.00224798871204,0.00116412318312,0.000547143747099,0.000260230939602,0.000211397869862,0.000182065370609,0.000198731926503,0.000146876802319,0.000152909458848,0.000156010995852,0.000209424775676,0.000141643220559,0.000135731621413,0.0000840887223603,0.0000464876575279,0.0000405486789532,0.000034413227695,0.0000232492729992,0.0000133210605782,0.00000837834431877,0.00000877540787769,0.00000473708905702,0.00000366196900359,0.000003578299129,0.00000389058641304,0.00000287320904135,0.00000202796422855,0.00000158818352247,9.06578520699e-7,6.71719988077e-7,6.24566553142e-7,7.46920250094e-7,5.17566490998e-7,4.76229132573e-7,3.05950777602e-7,1.91443973563e-7,1.24547000269e-7,6.85505909814e-8,3.63751553323e-8],"dmean2":[0.00571660837159,0.00368958013132,0.00199033482932,0.000895190518349,0.000428238883615,0.000352837465471,0.000299478211673,0.00033078159322,0.000245204166276,0.000255071063293,0.000260632048594,0.000350543588866,0.00023858359782,0.00023021697416,0.000142662916915,0.0000787264725659,0.0000685266495566,0.0000578717190365,0.0000385455095966,0.0000215534128074,0.0000133215617097,0.0000142455246532,0.00000760608054406,0.00000567490405956,0.00000547495255887,0.00000578022945774,0.00000423553046858,0.00000303076967612,0.00000235497782342,0.00000134931440243,9.84739699561e-7,8.98338669231e-7,0.00000109167490336,7.44595070046e-7,6.83138750901e-7,4.37910301798e-7,2.76114604958e-7,1.80125198312e-7,1.0230402836e-7,5.74529401831e-8],"dvar":[0.0000282377332042,0.0000111518784252,0.00000308484140987,7.78802473178e-7,3.53026337052e-7,2.03825877065e-7,1.31426801886e-7,1.11249235601e-7,8.04633089047e-8,6.14832131873e-8,6.96794160149e-8,1.33934790369e-7,5.72183616043e-8,3.38722188076e-8,1.3054915371e-8,4.38968283945e-9,3.89873999751e-9,3.09390935094e-9,2.25050222902e-9,1.58473689726e-9,4.42960446101e-10,4.36003733117e-10,9.96447160895e-11,1.3086401407e-10,1.87383691896e-10,2.76145606382e-10,1.84264811742e-10,6.6958799616e-11,6.03609315308e-11,2.61648844951e-11,1.5556627167e-11,5.70050083526e-12,7.65572154282e-12,3.0566547557e-12,2.61963909766e-12,8.48187134677e-13,4.21461287094e-13,1.64277201868e-13,4.91895546105e-14,8.85225832253e-15],"dvar2":[0.000072896182246,0.0000282480996248,0.00000880958759808,0.00000201967327484,8.85177712462e-7,5.03116098116e-7,3.24721355582e-7,2.91053396495e-7,2.10188034089e-7,1.57581084181e-7,1.7999929014e-7,3.55794554707e-7,1.50960048018e-7,9.48335880935e-8,3.60887355555e-8,1.20345582388e-8,1.08324513803e-8,8.45894376766e-9,5.85571724443e-9,3.99551369767e-9,1.02210173658e-9,1.10163345113e-9,2.34937652666e-10,3.09349934557e-10,4.15652678942e-10,5.96533544783e-10,3.80754872076e-10,1.3188819481e-10,1.11527766189e-10,5.51659377901e-11,3.15842040022e-11,1.10636179038e-11,1.62571432011e-11,6.06044858395e-12,5.03118640499e-12,1.65484379672e-12,8.37010148691e-13,3.10973469198e-13,9.76071572742e-14,1.77665160687e-14],"max":[0.0706275776029,0.0769659802318,0.0731284469366,0.0260370057076,0.031945720315,0.0170194841921,0.0154490908608,0.0183433108032,0.0118572087958,0.00721904169768,0.00854055583477,0.0108837280422,0.0101760514081,0.00374104827642,0.00223930529319,0.00172558543272,0.00154620257672,0.00139954325277,0.0015298940707,0.00195680721663,0.000951896130573,0.000815081817564,0.000311763054924,0.000827383424621,0.000797403219622,0.00103701022454,0.000775792985223,0.000656065589283,0.000676841067616,0.00046868971549,0.000469871651148,0.000139076713822,0.000111441164336,0.000117494273582,0.000134326313855,0.0000425174403063,0.0000502143957419,0.0000264719546976,0.0000117815698104,0.00000439515633843],"mean":[0.00465434417129,0.00381716433913,0.00200576195493,0.000919140002225,0.000413215748267,0.000334436743287,0.000318767211866,0.000331573624862,0.000242442940362,0.000255342194578,0.000259731663391,0.000351068621967,0.000250262441114,0.000239665809204,0.000153648346895,0.0000901556777535,0.0000777759923949,0.0000645153486403,0.0000426775040978,0.0000222253402171,0.0000147700902744,0.0000162024607562,0.00000897717472981,0.00000621039771431,0.00000587350086789,0.00000612362237007,0.00000463930018668,0.00000342961584465,0.00000261217269326,0.000001500728672,0.00000109573375084,0.00000103232707716,0.0000011624505305,8.65340439304e-7,7.51326581394e-7,4.90139143494e-7,3.07370072505e-7,1.93149119809e-7,9.67170237232e-8,4.46745609395e-8],"median":[0.00252647395246,0.00232557440177,0.00122813356575,0.000530637800694,0.000242229434662,0.000189749844139,0.000184268923476,0.000190480044694,0.000135597700137,0.000157141854288,0.000162838943652,0.000192246574443,0.0001636834495,0.000180968519999,0.000115232993267,0.0000649154389976,0.0000535534200026,0.0000407294864999,0.0000237540298258,0.00000817683303467,0.00000643228759145,0.0000080513273133,0.00000456572706753,0.00000173224134414,0.00000117739193684,9.25985659705e-7,6.11212612966e-7,4.44459487881e-7,3.59265811767e-7,2.71454553058e-7,2.31526456673e-7,2.21639140818e-7,2.20140776719e-7,1.50673571397e-7,1.0829087671e-7,7.38832994784e-8,5.75262397717e-8,4.29970867799e-8,2.56500065632e-8,1.34096094229e-8],"min":[1.31302150585e-24,1.29726627724e-24,2.81155864191e-24,1.95753447326e-24,2.4966473407e-24,1.37268522548e-24,2.5874945347e-24,2.99855082253e-24,4.19565769861e-24,2.32106090548e-24,1.41446467952e-24,3.80240501533e-24,2.34215248229e-24,3.49751776965e-24,4.80884559113e-24,2.83196390973e-24,1.9497428941e-24,5.50779646911e-24,3.06581087825e-24,3.05563023384e-24,4.2635443071e-24,2.72276485285e-24,3.5655684612e-24,5.95794022315e-24,5.1682707355e-24,5.73954723698e-24,5.63485237866e-24,5.72992865597e-24,5.86706344687e-24,5.2038246965e-24,5.89276571845e-24,6.61914489567e-24,6.12409878448e-24,6.52203493495e-24,5.94939212638e-24,7.62769567439e-24,6.8330208643e-24,6.43086904115e-24,7.11028022893e-24,7.1877550473e-24],"var":[0.0000357680473826,0.0000206388449442,0.00000583154815104,0.00000149528045768,4.84838892589e-7,3.1432730907e-7,2.27164264288e-7,1.99876865281e-7,1.48434892822e-7,1.29571219531e-7,1.22565836591e-7,2.54207520811e-7,1.10914008644e-7,5.85883412896e-8,2.4375326646e-8,9.24111365208e-9,8.2186106809e-9,6.31327079503e-9,4.56842252916e-9,3.1022862057e-9,9.65596491653e-10,7.05127845002e-10,2.16026946331e-10,3.08910758084e-10,4.13261092014e-10,5.75341829734e-10,4.22734236505e-10,1.65492286541e-10,1.33647190537e-10,4.61083463077e-11,2.74780649623e-11,1.18140757593e-11,1.31044706336e-11,6.99629460268e-12,5.43975324854e-12,1.91422897498e-12,8.36832393745e-13,3.37168254471e-13,9.2914506655e-14,1.77721369793e-14]},"melbands_crest":{"dmean":4.11781930923,"dmean2":6.83951663971,"dvar":14.0790786743,"dvar2":35.6364173889,"max":35.1302680969,"mean":14.3441371918,"median":13.8504543304,"min":1.61437785625,"var":27.333234787},"melbands_flatness_db":{"dmean":0.0371840409935,"dmean2":0.0594456866384,"dvar":0.00106777774636,"dvar2":0.00281442864798,"max":0.616642355919,"mean":0.277390778065,"median":0.274049937725,"min":0.00310854497366,"var":0.00713105499744},"melbands_kurtosis":{"dmean":4.46558475494,"dmean2":7.4069776535,"dvar":46.7249717712,"dvar2":122.209739685,"max":268.695800781,"mean":6.9752907753,"median":3.41439843178,"min":-1.85535943508,"var":106.082435608},"melbands_skewness":{"dmean":0.688852667809,"dmean2":1.11217391491,"dvar":0.409173160791,"dvar2":1.0387339592,"max":11.9387683868,"mean":1.98893904686,"median":1.86142253876,"min":-3.76173877716,"var":1.58072268963},"melbands_spread":{"dmean":4.58294487,"dmean2":7.43626880646,"dvar":24.8493671417,"dvar2":58.8502120972,"max":157.232208252,"mean":17.3509712219,"median":15.9727668762,"min":0.437948316336,"var":124.373245239},"mfcc":{"cov":[[7950.87304688,-1550.4284668,-1159.7520752,461.366027832,-267.885559082,233.835662842,-191.310791016,130.765716553,-260.856048584,144.664245605,-247.565856934,-11.8406152725,100.320800781],[-1550.4284668,1638.29260254,112.129394531,-281.706359863,240.051742554,-2.14128255844,26.8599090576,-87.2585296631,29.2227592468,-177.772323608,104.11100769,11.3488674164,3.68855118752],[-1159.7520752,112.129394531,648.77746582,63.113407135,55.9345741272,-7.85318994522,67.6711959839,-34.8437995911,0.579069197178,-30.7995223999,35.0161247253,-7.79549837112,9.30692481995],[461.366027832,-281.706359863,63.113407135,347.602539062,-36.0059165955,34.6459312439,38.36901474,-5.72196626663,-33.7985115051,17.0353050232,-22.3490123749,-14.1006679535,32.0943984985],[-267.885559082,240.051742554,55.9345741272,-36.0059165955,153.25958252,21.1709575653,19.2443523407,-8.41669750214,4.25425767899,-45.2067298889,19.1896724701,-0.320662438869,-3.97657680511],[233.835662842,-2.14128255844,-7.85318994522,34.6459312439,21.1709575653,101.265060425,11.2900161743,25.6242847443,-16.8425865173,-5.66972923279,-1.31010484695,5.53182506561,6.43599939346],[-191.310791016,26.8599090576,67.6711959839,38.36901474,19.2443523407,11.2900161743,99.4140777588,-0.0280456542969,25.6703128815,-4.4823474884,11.4791288376,-2.79426312447,5.74272823334],[130.765716553,-87.2585296631,-34.8437995911,-5.72196626663,-8.41669750214,25.6242847443,-0.0280456542969,101.683486938,29.2316818237,32.4183387756,-0.320800632238,2.25470161438,-8.37645244598],[-260.856048584,29.2227592468,0.579069197178,-33.7985115051,4.25425767899,-16.8425865173,25.6703128815,29.2316818237,90.2932510376,32.6615829468,28.4927444458,6.21897602081,-7.60460472107],[144.664245605,-177.772323608,-30.7995223999,17.0353050232,-45.2067298889,-5.66972923279,-4.4823474884,32.4183387756,32.6615829468,96.8719787598,9.41516208649,16.6150932312,-4.8838262558],[-247.565856934,104.11100769,35.0161247253,-22.3490123749,19.1896724701,-1.31010484695,11.4791288376,-0.320800632238,28.4927444458,9.41516208649,91.831237793,20.6591014862,12.3386526108],[-11.8406152725,11.3488674164,-7.79549837112,-14.1006679535,-0.320662438869,5.53182506561,-2.79426312447,2.25470161438,6.21897602081,16.6150932312,20.6591014862,62.7224388123,16.4684486389],[100.320800781,3.68855118752,9.30692481995,32.0943984985,-3.97657680511,6.43599939346,5.74272823334,-8.37645244598,-7.60460472107,-4.8838262558,12.3386526108,16.4684486389,52.2376785278]],"icov":[[0.000292426208034,0.000157952657901,0.000472358369734,-0.000184218923096,-0.000055996762967,-0.000435220077634,0.000178510686965,-0.000123863253975,0.000580538238864,-0.000245584640652,0.000252015190199,0.000172851432581,-0.000586317793932],[0.000157952657901,0.00122918386478,0.000231360449106,0.000575021083932,-0.00100363604724,-0.000407586718211,0.0000870408839546,0.000563553825486,-0.000308994553052,0.00146926485468,-0.000708207604475,-0.0000239102610067,-0.000462830445031],[0.000472358369734,0.000231360449106,0.00255720200948,-0.000644578190986,-0.000570478150621,-0.000261287874309,-0.000750524923205,0.0000767809760873,0.00126243149862,-0.000211376755033,-0.00027079906431,0.000436623609858,-0.000809148419648],[-0.000184218923096,0.000575021083932,-0.000644578190986,0.00442164158449,0.000168348255102,-0.000951307476498,-0.00182231864892,0.000728022947442,0.000949975743424,-0.000636175274849,0.000115272414405,0.00137243350036,-0.00222258013673],[-0.000055996762967,-0.00100363604724,-0.000570478150621,0.000168348255102,0.00967929791659,-0.00194309593644,-0.000804459210485,-0.000236493782722,-0.000943418883253,0.00305878208019,-0.000831043347716,-0.000564785557799,0.00172634667251],[-0.000435220077634,-0.000407586718211,-0.000261287874309,-0.000951307476498,-0.00194309593644,0.0136806005612,-0.00222873268649,-0.00465353066102,0.00351513340138,0.000551438541152,-0.000793689221609,-0.00175885565113,0.000466238008812],[0.000178510686965,0.0000870408839546,-0.000750524923205,-0.00182231864892,-0.000804459210485,-0.00222873268649,0.0135342478752,0.000997025286779,-0.00546089978889,0.00140927464236,0.000225868425332,0.000666849024128,-0.00113709387369],[-0.000123863253975,0.000563553825486,0.0000767809760873,0.000728022947442,-0.000236493782722,-0.00465353066102,0.000997025286779,0.0140136340633,-0.00529643520713,-0.00223867688328,0.000671148649417,0.000606014044024,0.00110005086754],[0.000580538238864,-0.000308994553052,0.00126243149862,0.000949975743424,-0.000943418883253,0.00351513340138,-0.00546089978889,-0.00529643520713,0.0206023547798,-0.00668510841206,-0.00337322242558,0.000950787507463,0.000215715204831],[-0.000245584640652,0.00146926485468,-0.000211376755033,-0.000636175274849,0.00305878208019,0.000551438541152,0.00140927464236,-0.00223867688328,-0.00668510841206,0.0192053318024,-0.00247161183506,-0.00487171718851,0.00338942650706],[0.000252015190199,-0.000708207604475,-0.00027079906431,0.000115272414405,-0.000831043347716,-0.000793689221609,0.000225868425332,0.000671148649417,-0.00337322242558,-0.00247161183506,0.0150661859661,-0.00276977941394,-0.0037468469236],[0.000172851432581,-0.0000239102610067,0.000436623609858,0.00137243350036,-0.000564785557799,-0.00175885565113,0.000666849024128,0.000606014044024,0.000950787507463,-0.00487171718851,-0.00276977941394,0.0204964298755,-0.00717822788283],[-0.000586317793932,-0.000462830445031,-0.000809148419648,-0.00222258013673,0.00172634667251,0.000466238008812,-0.00113709387369,0.00110005086754,0.000215715204831,0.00338942650706,-0.0037468469236,-0.00717822788283,0.0256833396852]],"mean":[-665.225036621,186.216918945,-8.08761024475,4.00861740112,2.66983151436,20.7397460938,6.87601137161,13.4082899094,0.777110815048,4.62823200226,0.56479126215,3.69601869583,0.129989609122]},"pitch_salience":{"dmean":0.0816505923867,"dmean2":0.13549721241,"dvar":0.00512964604422,"dvar2":0.0133353034034,"max":0.904798150063,"mean":0.576023697853,"median":0.5890417099,"min":0.148679405451,"var":0.0122180161998},"silence_rate_20dB":{"dmean":0,"dmean2":0,"dvar":0,"dvar2":0,"max":1,"mean":1,"median":1,"min":1,"var":0},"silence_rate_30dB":{"dmean":0.0603925250471,"dmean2":0.120788373053,"dvar":0.0567556545138,"dvar2":0.129469722509,"max":1,"mean":0.929149448872,"median":1,"min":0,"var":0.0658431723714},"silence_rate_60dB":{"dmean":0.00462440494448,"dmean2":0.00924906414002,"dvar":0.00460150558501,"dvar2":0.0113120991737,"max":1,"mean":0.0343242511153,"median":0,"min":0,"var":0.0331515371799},"spectral_centroid":{"dmean":135.16506958,"dmean2":204.155197144,"dvar":30836.1230469,"dvar2":54383.8085938,"max":11583.9580078,"mean":848.973876953,"median":758.597290039,"min":143.344680786,"var":284373},"spectral_complexity":{"dmean":3.02992105484,"dmean2":4.68063211441,"dvar":8.92957687378,"dvar2":17.4458332062,"max":63,"mean":21.7641334534,"median":22,"min":0,"var":91.568687439},"spectral_contrast_coeffs":{"dmean":[0.0550220236182,0.0474843084812,0.037710506469,0.0303818564862,0.0297405235469,0.0262237526476],"dmean2":[0.0922739580274,0.0801704153419,0.0639677494764,0.0514927655458,0.0488798841834,0.0415323898196],"dvar":[0.0018232173752,0.00135524745565,0.000849049421959,0.000564013025723,0.00070017989492,0.000665313564241],"dvar2":[0.00507309800014,0.00383118470199,0.00244993646629,0.001587692881,0.00187958113384,0.00160782330204],"max":[-0.340377122164,-0.464265108109,-0.539461553097,-0.615780830383,-0.618107557297,-0.538032650948],"mean":[-0.67038923502,-0.77179569006,-0.798714518547,-0.800071358681,-0.818252384663,-0.787499785423],"median":[-0.672588467598,-0.776934981346,-0.80215972662,-0.799189925194,-0.812186837196,-0.789794027805],"min":[-0.979555606842,-0.978220522404,-0.97636026144,-0.986577689648,-0.977255523205,-0.965279579163],"var":[0.00495471432805,0.00322745577432,0.0018682469381,0.00158648716751,0.00285905273631,0.00409948080778]},"spectral_contrast_valleys":{"dmean":[0.399692386389,0.339462220669,0.283559411764,0.283924758434,0.43247127533,0.569895327091],"dmean2":[0.66784632206,0.565751850605,0.467543661594,0.455063343048,0.67073315382,0.90520721674],"dvar":[0.108043059707,0.0837476402521,0.0630301386118,0.0785490572453,0.197708815336,0.277533888817],"dvar2":[0.271355450153,0.205674007535,0.142311438918,0.173585504293,0.489797711372,0.725552797318],"max":[-4.68560504913,-4.6319937706,-4.49108982086,-5.29852485657,-5.1823849678,-8.07204818726],"mean":[-6.59164190292,-6.26397323608,-6.29927206039,-7.19615364075,-8.06591033936,-10.9429035187],"median":[-6.42500591278,-6.09039258957,-6.06011152267,-6.90575408936,-7.89487028122,-10.8082866669],"min":[-27.9600811005,-28.0082798004,-27.7034397125,-27.5430202484,-27.537519455,-27.4032936096],"var":[1.07813811302,1.03377234936,1.15395796299,1.37374413013,1.53309881687,1.14281833172]},"spectral_decrease":{"dmean":4.58213822441e-9,"dmean2":7.33598204405e-9,"dvar":3.328714413e-17,"dvar2":8.17765510472e-17,"max":4.00686062108e-9,"mean":-1.13695222126e-8,"median":-9.5551566659e-9,"min":-9.43299340861e-8,"var":7.38461984611e-17},"spectral_energy":{"dmean":0.0177609827369,"dmean2":0.028302822262,"dvar":0.000493824656587,"dvar2":0.00120263826102,"max":0.3935354352,"mean":0.0525254309177,"median":0.0462982282043,"min":9.96243001165e-21,"var":0.00127784174401},"spectral_energyband_high":{"dmean":0.000248353084316,"dmean2":0.000324826483848,"dvar":5.88161753967e-7,"dvar2":9.02320948626e-7,"max":0.0530527606606,"mean":0.000589626783039,"median":0.000184599368367,"min":6.94197031139e-21,"var":0.00000197482972908},"spectral_energyband_low":{"dmean":0.0149689996615,"dmean2":0.0244837161154,"dvar":0.000418318755692,"dvar2":0.00105463992804,"max":0.32359406352,"mean":0.0262234862894,"median":0.017954763025,"min":1.87753565499e-23,"var":0.000724065583199},"spectral_energyband_middle_high":{"dmean":0.00286457454786,"dmean2":0.00454163877293,"dvar":0.0000141814725794,"dvar2":0.0000349112597178,"max":0.0869253501296,"mean":0.0091899074614,"median":0.00758091546595,"min":1.22223952856e-21,"var":0.0000682833924657},"spectral_energyband_middle_low":{"dmean":0.00509290397167,"dmean2":0.00843451265246,"dvar":0.0000428431849286,"dvar2":0.000115853734314,"max":0.213356301188,"mean":0.0147633543238,"median":0.0127780288458,"min":1.72974755e-22,"var":0.00012239201169},"spectral_entropy":{"dmean":0.216436743736,"dmean2":0.336167603731,"dvar":0.0501600764692,"dvar2":0.128985613585,"max":9.8164730072,"mean":7.22052097321,"median":7.27170562744,"min":4.56174993515,"var":0.267175495625},"spectral_flux":{"dmean":0.0291225854307,"dmean2":0.0467724055052,"dvar":0.000983356847428,"dvar2":0.00230487599038,"max":0.449935913086,"mean":0.12285848707,"median":0.118373937905,"min":6.22831647368e-11,"var":0.00297637353651},"spectral_kurtosis":{"dmean":10.6238355637,"dmean2":16.9959812164,"dvar":207.43598938,"dvar2":554.621337891,"max":186.984832764,"mean":27.068862915,"median":20.1764755249,"min":-1.27660405636,"var":380.503356934},"spectral_rms":{"dmean":0.00112306617666,"dmean2":0.00176326278597,"dvar":0.00000131211595544,"dvar2":0.00000308759445034,"max":0.0195943098515,"mean":0.00671330466866,"median":0.00672078877687,"min":3.11760231346e-12,"var":0.00000617588329987},"spectral_rolloff":{"dmean":2612.76806641,"dmean2":4982.66259766,"dvar":36923556,"dvar2":97781336,"max":22028.4667969,"mean":3510.39526367,"median":1205.859375,"min":43.06640625,"var":40318284},"spectral_skewness":{"dmean":0.674578011036,"dmean2":1.05750203133,"dvar":0.615716040134,"dvar2":1.64246022701,"max":10.786356926,"mean":3.67090129852,"median":3.35894203186,"min":-0.0606293454766,"var":1.62963712215},"spectral_spread":{"dmean":605730.25,"dmean2":939286.875,"dvar":439138844672,"dvar2":1011087507460,"max":47171236,"mean":3348127.25,"median":3298646.5,"min":876586.875,"var":2452556087300},"spectral_strongpeak":{"dmean":1.05769145489,"dmean2":1.98217558861,"dvar":43.4181060791,"dvar2":125.34324646,"max":138.887664795,"mean":0.943491101265,"median":0.35947316885,"min":0,"var":26.8150291443},"zerocrossingrate":{"dmean":0.0287670753896,"dmean2":0.0378434918821,"dvar":0.000619136437308,"dvar2":0.00106662046164,"max":0.5419921875,"mean":0.180687427521,"median":0.17431640625,"min":0.02099609375,"var":0.00379746686667}},"metadata":{"audio_properties":{"analysis_sample_rate":44100,"bit_rate":256000,"codec":"mp3","downmix":"mix","equal_loudness":0,"length":843.546142578,"lossless":false,"md5_encoded":"266807cb4216a50f48767a109fd6adb6","replay_gain":-1.60342216492},"tags":{"album":["Daydream Nation"],"albumartist":["Sonic Youth"],"albumartistsort":["Sonic Youth"],"artist":["Sonic Youth"],"artistsort":["Sonic Youth"],"asin":["B0000246QR"],"barcode":["5016027609343"],"catalognumber":["BFFP 34 CD"],"date":["1988-10"],"discnumber":["1/1"],"file_name":"12 Trilogy: The Wonder _ Hyperstation _ Eliminator Jr..mp3","genre":["Alternative"],"label":["Blast First"],"language":["eng"],"media":["CD"],"mp3gain_album_minmax":["033,210"],"mp3gain_minmax":["049,210"],"musicbrainz album release country":["GB"],"musicbrainz album status":["official"],"musicbrainz album type":["album"],"musicbrainz_albumartistid":["5cbef01b-cc35-4f52-af7b-d0df0c4f61b9"],"musicbrainz_albumid":["2116c519-403d-4aa7-bc44-6fbb738a31df"],"musicbrainz_artistid":["5cbef01b-cc35-4f52-af7b-d0df0c4f61b9"],"musicbrainz_recordingid":["f16b0475-2052-4f69-96cf-02bf2ae3b6bb"],"originaldate":["1988-10"],"performer:bass guitar":["Kim Gordon"],"performer:drums and percussion":["Steve Shelley"],"performer:electric guitar":["Lee Ranaldo","Thurston Moore"],"performer:lead vocal":["Kim Gordon","Thurston Moore"],"replaygain_album_gain":["-1.92 dB"],"replaygain_album_peak":["0.957199"],"replaygain_track_gain":["-1.31 dB"],"replaygain_track_peak":["0.862410"],"script":["Latn"],"title":["Trilogy: The Wonder / Hyperstation / Eliminator Jr."],"tracknumber":["12/12"]},"version":{"essentia":"2.1-beta1","essentia_build_sha":"bda5e90839f2e183d44a111976edb2fa785c9dca","essentia_git_sha":"v2.1_beta1-13-g0c62dac-dirty","extractor":"music 1.0"}},"rhythm":{"beats_count":1563,"beats_loudness":{"dmean":0.0266231317073,"dmean2":0.0454910099506,"dvar":0.000769894046243,"dvar2":0.00222916458733,"max":0.268220961094,"mean":0.0648737996817,"median":0.0603031553328,"min":1.0946736495e-7,"var":0.00159681902733},"beats_loudness_band_ratio":{"dmean":[0