{"lowlevel":{"average_loudness":0.804114222527,"barkbands":{"dmean":[0.00000868656570674,0.00112703396007,0.00136504170951,0.00124038872309,0.00116460805293,0.00102654332295,0.00037847054773,0.000318731181324,0.000254688988207,0.000288695649942,0.000155733403517,0.000221040987526,0.00011679452291,0.000197201166884,0.00039436321822,0.000276058795862,0.000153655972099,0.000223929950153,0.000246708455961,0.000260228727711,0.000214095736737,0.000102909754787,0.0000474995904369,0.0000400310273108,0.0000495049789606,0.0000301884538203,0.00000230540854318],"dmean2":[0.0000136729377118,0.00177938956767,0.00244411965832,0.00215760106221,0.00193205790129,0.00159042060841,0.000616747594904,0.000509261095431,0.000403263955377,0.000457844114862,0.000251043878961,0.000339687976521,0.000192718973267,0.00032199753332,0.000631092698313,0.000457253569039,0.000252378784353,0.000367303116946,0.000409648986533,0.000434537534602,0.000346429471392,0.000162931333762,0.0000736332003726,0.0000582554384891,0.0000738200251362,0.0000461980635009,0.00000351226844941],"dvar":[3.61644381108e-10,0.00000608038044447,0.0000125173983179,0.00000790318244981,0.00000647916976959,0.00000354926532964,5.93080244471e-7,7.37166089948e-7,4.6734075454e-7,5.80630512559e-7,2.42656511773e-7,2.32696450553e-7,1.11123924285e-7,2.96066048122e-7,6.06991989116e-7,4.09494049336e-7,7.25781390543e-8,1.27167425035e-7,1.48545552747e-7,3.44724497836e-7,4.30243545679e-7,4.92404659269e-8,2.86459709287e-8,2.9798137291e-8,3.97981025912e-8,1.19790692921e-8,4.41971285958e-11],"dvar2":[8.83950301844e-10,0.000013814533304,0.0000358264660463,0.0000218588502321,0.0000176859230123,0.0000084079847511,0.00000151821529926,0.00000188076353425,0.00000110941164166,0.00000143271427078,5.88008902014e-7,5.16415241236e-7,2.66073101329e-7,7.77364903115e-7,0.00000155869906848,0.00000108105393792,1.85151279197e-7,3.21015420468e-7,3.99594256351e-7,9.07011610707e-7,0.00000111146471227,1.16781158965e-7,7.0096142224e-8,5.6661537684e-8,9.17457683158e-8,2.43167477265e-8,1.04033046067e-10],"max":[0.0002668609377,0.0264147110283,0.0430672690272,0.0487653911114,0.0455940887332,0.0432093031704,0.0256427191198,0.0191246382892,0.0179912038147,0.0218191929162,0.0224185008556,0.0187683943659,0.0120627935976,0.0154800899327,0.024992344901,0.0170079469681,0.0100140003487,0.0124943135306,0.00938192475587,0.0123393237591,0.0223352927715,0.00388130382635,0.0113977668807,0.0148655967787,0.0120625728741,0.00683540571481,0.000133905559778],"mean":[0.0000158090933837,0.00173822580837,0.00158457120415,0.00154870783444,0.00220585707575,0.00247849524021,0.000751247163862,0.000583760207519,0.000451164582046,0.000554468191694,0.000282268767478,0.000459222792415,0.000206114622415,0.000407875020755,0.000981821096502,0.000607557536568,0.000339659600286,0.000544422655366,0.000636830169242,0.000556444050744,0.000452247390058,0.000264513713773,0.000113291251182,0.0000982897399808,0.000108679465484,0.0000452384883829,0.00000350873096977],"median":[0.00000413866746385,0.000882920343429,0.000741324038245,0.000724539509974,0.00150065484922,0.00114996056072,0.000349982990883,0.000217430701014,0.000180275848834,0.000181005423656,0.0000916934222914,0.00017203958123,0.0000714025882189,0.000186658959137,0.000604550470598,0.000371171510778,0.000226044037845,0.000410834152717,0.000524977804162,0.000268166797468,0.000137497176183,0.000104777907836,0.0000265422822849,0.0000211629230762,0.0000161174357345,0.00000473075988339,4.00976375659e-7],"min":[1.44955410006e-24,1.23143056905e-23,7.92159605982e-24,2.92890485701e-24,1.56846310777e-23,1.10814249585e-23,1.68225865993e-23,1.5462123393e-23,3.75540326265e-23,3.25940854622e-23,6.3118647982e-23,5.64823524614e-23,3.34182589369e-23,4.4083604733e-23,7.65979521349e-23,1.03985871167e-22,1.01322190813e-22,1.82055175108e-22,1.53243942743e-22,2.10019877679e-22,3.3087956565e-22,3.65895851677e-22,5.70128936057e-22,7.25734261345e-22,9.04072765629e-22,1.64165988296e-21,2.08735392507e-21],"var":[6.19899021004e-10,0.00000796579934104,0.0000090491703304,0.00000744884846426,0.00000793148956291,0.000014469843336,0.00000160232525559,0.00000165030076005,0.00000103813283658,0.00000181967016033,7.09746757366e-7,0.00000102324622731,2.85100185238e-7,8.34777438286e-7,0.00000187489388281,0.00000115917964649,2.26474313081e-7,3.61295889206e-7,3.7055735902e-7,7.12379971901e-7,8.17071168058e-7,1.60860892606e-7,1.22471092823e-7,1.24111778632e-7,1.35484356178e-7,2.59004835357e-8,7.25091722775e-11]},"barkbands_crest":{"dmean":1.75508713722,"dmean2":2.81203150749,"dvar":3.06906366348,"dvar2":7.61900281906,"max":26.8986091614,"mean":8.16542720795,"median":7.03721904755,"min":2.31262254715,"var":17.3715324402},"barkbands_flatness_db":{"dmean":0.0132120382041,"dmean2":0.0199744813144,"dvar":0.000216055035708,"dvar2":0.000450657273177,"max":0.548314750195,"mean":0.125049367547,"median":0.105848193169,"min":0.0288095939904,"var":0.0048136790283},"barkbands_kurtosis":{"dmean":1.66982030869,"dmean2":2.61996722221,"dvar":223.861968994,"dvar2":529.676696777,"max":1181.95544434,"mean":2.68019962311,"median":-0.450984716415,"min":-1.87950444221,"var":836.363586426},"barkbands_skewness":{"dmean":0.362824946642,"dmean2":0.560808062553,"dvar":0.28934571147,"dvar2":0.631429553032,"max":29.3454189301,"mean":0.799477159977,"median":0.70641541481,"min":-4.51413345337,"var":1.81832313538},"barkbands_spread":{"dmean":4.17139530182,"dmean2":6.42944097519,"dvar":21.1232681274,"dvar2":48.3116111755,"max":107.192146301,"mean":30.5905609131,"median":29.3064651489,"min":0.0624945163727,"var":246.308288574},"dissonance":{"dmean":0.0114699276164,"dmean2":0.0193206425756,"dvar":0.0002158084244,"dvar2":0.00056871608831,"max":0.5,"mean":0.468265712261,"median":0.482393443584,"min":0.155690699816,"var":0.001888994826},"dynamic_complexity":4.14109134674,"erbbands":{"dmean":[0.0234056245536,0.301166027784,1.2934473753,3.11042809486,4.66454553604,3.64378905296,4.93863964081,9.7060174942,6.85547399521,5.2730050087,7.35383272171,4.84253644943,9.53464221954,6.31026172638,6.30203104019,9.56064987183,5.37769508362,9.1216468811,12.3717737198,21.720867157,13.5663433075,7.3729352951,10.3272676468,14.8999090195,11.2461004257,12.4875831604,11.9037513733,5.06019544601,4.14329385757,1.9515850544,1.43379986286,1.04171919823,0.572805464268,0.499949246645,0.409061223269,0.170561864972,0.0484458468854,0.00568630173802,0.000432833010564,0.0000193340219994],"dmean2":[0.0355988480151,0.487424582243,2.29883646965,5.39934873581,7.95589923859,5.99821329117,7.87868881226,14.9392280579,10.7549877167,8.43522071838,11.7658758163,7.56642055511,15.2014007568,10.0926084518,10.193520546,14.6051464081,8.79548740387,14.8075532913,19.6452007294,35.437877655,22.2925014496,12.3464593887,16.9634208679,24.5173873901,18.8077545166,20.7043838501,19.4654655457,8.27976131439,6.55273199081,3.0195248127,2.24228358269,1.51675462723,0.854767739773,0.745461761951,0.623350858688,0.255422174931,0.074956715107,0.00863877497613,0.000655754236504,0.0000290282114292],"dvar":[0.00252268905751,0.468667685986,11.5772190094,49.0532417297,117.780883789,56.9772567749,54.522693634,478.872070312,176.766860962,149.099914551,426.872314453,188.79083252,612.20904541,401.568847656,351.858825684,442.905303955,238.928207397,638.55279541,1195.40588379,1656.15661621,1037.78430176,186.661270142,306.995880127,495.612915039,428.083282471,885.453186035,1473.67407227,143.493087769,78.0449371338,21.1965026855,29.2131710052,24.094877243,3.98331165314,3.89422774315,2.9877140522,0.593293607235,0.0232558473945,0.000282187946141,0.00000165327435298,2.91272050923e-9],"dvar2":[0.00535613764077,1.12225568295,32.8445053101,134.949279785,331.228424072,150.860092163,140.857467651,1115.5279541,433.429321289,358.661712646,1081.92028809,439.378753662,1534.96850586,1001.83721924,890.442321777,937.771362305,546.723815918,1615.02783203,2937.90820312,4497.09472656,2844.89428711,477.737609863,784.303894043,1283.25354004,1181.02258301,2234.07885742,3866.7199707,373.386413574,184.431289673,47.2589530945,73.9134902954,46.5398406982,8.4679851532,8.72022914886,7.02195644379,1.08539795876,0.0530661568046,0.000657597149257,0.00000392372930946,7.08021996587e-9],"max":[0.611760079861,7.30137300491,36.3784294128,119.855064392,182.800796509,151.158798218,114.398544312,542.504821777,284.420379639,333.898071289,436.292602539,368.1612854,801.361022949,632.64074707,919.291137695,847.01373291,655.45880127,636.192382812,1400.83422852,1738.9732666,1024.50646973,439.038696289,560.097717285,556.001586914,351.369384766,622.477539062,1366.89135742,261.432067871,168.063522339,140.798934937,361.647125244,449.057281494,148.377029419,130.364196777,90.7496948242,61.2471199036,4.6105890274,0.359826892614,0.0264725331217,0.00186581036542],"mean":[0.038249194622,0.443439424038,1.56910479069,4.13061571121,6.89996576309,6.60827589035,10.2510042191,22.7561969757,15.6975030899,10.1907939911,13.4979324341,9.28422164917,18.5018062592,12.8959703445,13.3070926666,20.5385227203,10.8336668015,20.0124034882,27.7373733521,58.808971405,33.3774452209,18.2847938538,25.8162136078,38.1145782471,27.8688964844,26.7219219208,23.8866767883,12.2125387192,10.3591794968,5.05599308014,3.26303052902,2.45715594292,1.36857700348,1.1505689621,0.826358854771,0.276096999645,0.0690182894468,0.008291143924,0.000661723315716,0.000046722467232],"median":[0.0205059554428,0.216313362122,0.82998663187,2.24947786331,4.01187419891,4.1320438385,6.63203382492,7.53543376923,5.69089698792,5.48286914825,5.2824048996,3.99619197845,7.27257299423,3.52805423737,5.38614845276,7.62192821503,4.35634994507,8.71493816376,16.8316192627,36.4839363098,22.5076255798,12.9644355774,18.8586959839,30.6151447296,20.0542869568,13.0685329437,8.23264884949,4.60561275482,4.1305975914,1.61422204971,0.706570506096,0.466057896614,0.314915120602,0.193907260895,0.10718730092,0.0358243212104,0.00665025273338,0.00101788365282,0.0000845673857839,0.0000279016276181],"min":[3.74864531216e-22,7.5221772295e-22,7.0178762495e-21,1.15986869673e-20,2.62872925726e-20,5.43328415477e-20,4.69675865994e-20,8.16853391852e-20,2.62646233001e-19,4.48243176883e-19,5.04550291758e-19,6.34563386813e-19,1.06160690687e-18,1.61643065132e-18,3.37710195593e-18,2.46444442799e-18,1.63735956159e-18,2.36226839039e-18,2.22844028665e-18,6.69518209362e-18,5.36509758892e-18,5.68308566872e-18,8.66999681034e-18,8.44036485485e-18,7.76350942938e-18,1.07819990181e-17,1.13194811278e-17,1.50621201934e-17,1.25394509357e-17,1.45192001984e-17,1.45413156993e-17,1.43741855109e-17,1.2356486856e-17,9.2970873958e-18,6.74591308059e-18,4.85692083396e-18,2.94524708814e-18,1.10102774993e-18,2.63895275726e-19,2.99754647418e-20],"var":[0.00375687540509,0.551783621311,8.52011299133,44.9292106628,112.80166626,80.9085845947,132.417327881,1947.43261719,673.159606934,356.926147461,955.151000977,465.786773682,1710.11242676,1347.60791016,1245.73254395,1916.42346191,661.562683105,1920.66625977,3121.75830078,5883.31933594,2886.74755859,616.825500488,884.277160645,1417.15917969,891.820373535,1845.77124023,2369.84277344,359.106628418,249.575164795,77.9711990356,115.945632935,99.5017089844,18.5743103027,12.0225849152,9.21496391296,1.55248212814,0.0391763336957,0.000427361839684,0.00000265438825409,5.0595421186e-9]},"erbbands_crest":{"dmean":1.9589060545,"dmean2":3.11843466759,"dvar":4.18465232849,"dvar2":10.4927816391,"max":34.1421737671,"mean":9.63346004486,"median":8.22615242004,"min":2.4317381382,"var":27.9519100189},"erbbands_flatness_db":{"dmean":0.0125582348555,"dmean2":0.0181988310069,"dvar":0.000192797888303,"dvar2":0.000360300706234,"max":0.504969358444,"mean":0.174676269293,"median":0.156721711159,"min":0.0474116466939,"var":0.00422634836286},"erbbands_kurtosis":{"dmean":0.903804898262,"dmean2":1.38476240635,"dvar":7.13181447983,"dvar2":15.0417537689,"max":227.651290894,"mean":2.33528327942,"median":-0.0737209320068,"min":-1.84309256077,"var":204.74079895},"erbbands_skewness":{"dmean":0.26081648469,"dmean2":0.400128275156,"dvar":0.0812289714813,"dvar2":0.179527565837,"max":10.7035779953,"mean":-0.299973934889,"median":-0.44642585516,"min":-4.12675523758,"var":1.46934497356},"erbbands_spread":{"dmean":5.6690864563,"dmean2":8.92690372467,"dvar":38.7305183411,"dvar2":98.3686218262,"max":161.047897339,"mean":35.5042190552,"median":35.3936538696,"min":0.51399743557,"var":258.002105713},"gfcc":{"cov":[[19339.3085938,-2589.77197266,-394.728729248,2690.11035156,282.264709473,1108.65649414,-791.822814941,323.351715088,-14.0758972168,945.671264648,92.1678009033,83.1835174561,-310.826446533],[-2589.77197266,1606.88806152,-242.905593872,-500.54598999,108.54259491,-319.946502686,138.496826172,-189.853820801,53.833782196,-186.806533813,75.4610290527,-105.524940491,38.828250885],[-394.728729248,-242.905593872,1519.94921875,-79.7586364746,64.3953170776,374.875305176,-162.098815918,238.844467163,-75.3117294312,123.68347168,-104.984085083,10.2298927307,-26.7987136841],[2690.11035156,-500.54598999,-79.7586364746,813.942993164,75.073387146,176.745681763,-51.8198738098,39.3569526672,51.6480865479,111.908325195,36.0546646118,-11.841960907,-30.9074611664],[282.264709473,108.54259491,64.3953170776,75.073387146,259.602508545,73.1481018066,-4.52458286285,44.2961616516,26.7917137146,51.5375518799,-13.0713605881,-5.52572107315,-25.5284824371],[1108.65649414,-319.946502686,374.875305176,176.745681763,73.1481018066,386.839813232,-65.6454238892,164.110015869,1.77795279026,72.025062561,-14.6089286804,-18.8583011627,-14.9725198746],[-791.822814941,138.496826172,-162.098815918,-51.8198738098,-4.52458286285,-65.6454238892,232.017059326,-17.8465232849,2.11905050278,-71.9100036621,-37.6134529114,-3.79432272911,-10.9182777405],[323.351715088,-189.853820801,238.844467163,39.3569526672,44.2961616516,164.110015869,-17.8465232849,169.915740967,26.9374370575,40.2735061646,-41.1660614014,-3.19609761238,3.04731440544],[-14.0758972168,53.833782196,-75.3117294312,51.6480865479,26.7917137146,1.77795279026,2.11905050278,26.9374370575,94.2436218262,18.9561214447,15.8365182877,-11.6208581924,11.0059947968],[945.671264648,-186.806533813,123.68347168,111.908325195,51.5375518799,72.025062561,-71.9100036621,40.2735061646,18.9561214447,143.984863281,25.9079494476,33.9036140442,-18.583070755],[92.1678009033,75.4610290527,-104.984085083,36.0546646118,-13.0713605881,-14.6089286804,-37.6134529114,-41.1660614014,15.8365182877,25.9079494476,134.439559937,35.0635223389,26.1487960815],[83.1835174561,-105.524940491,10.2298927307,-11.841960907,-5.52572107315,-18.8583011627,-3.79432272911,-3.19609761238,-11.6208581924,33.9036140442,35.0635223389,89.155456543,21.0679550171],[-310.826446533,38.828250885,-26.7987136841,-30.9074611664,-25.5284824371,-14.9725198746,-10.9182777405,3.04731440544,11.0059947968,-18.583070755,26.1487960815,21.0679550171,83.3538513184]],"icov":[[0.000302361004287,-0.000337262405083,0.000584240187891,-0.000838292180561,0.000514799146913,-0.000754645268898,0.000905237568077,-0.000500899506733,0.00111837196164,-0.00152744853403,0.000957237381954,-0.000789567246102,0.000731677340809],[-0.000337262405083,0.00232590851374,-0.0011513120262,0.00193811114877,-0.00233949464746,0.00184358481783,-0.00191713275854,0.0020416805055,-0.00260138581507,0.00290715461597,-0.00340153719299,0.0039768544957,-0.00165019463748],[0.000584240187891,-0.0011513120262,0.0024564138148,-0.00153186137322,0.00147230795119,-0.00245797261596,0.00252834474668,-0.00218204408884,0.00349575490691,-0.00390235730447,0.00315518258139,-0.00248694629408,0.0016642351402],[-0.000838292180561,0.00193811114877,-0.00153186137322,0.00452158087865,-0.00237868004479,0.0015213257866,-0.00295691215433,0.00271232612431,-0.00433976575732,0.00369372381829,-0.00381031329744,0.00405067298561,-0.00221842201427],[0.000514799146913,-0.00233949464746,0.00147230795119,-0.00237868004479,0.00699355872348,-0.00275537045673,0.00201517972164,-0.00231292238459,0.00203006505035,-0.00499317422509,0.00419697258621,-0.00405902508646,0.00292436918244],[-0.000754645268898,0.00184358481783,-0.00245797261596,0.0015213257866,-0.00275537045673,0.00870303716511,-0.00251641846262,-0.00337449810468,-0.00127132225316,0.00417871959507,-0.00567964836955,0.00575418910012,-0.00195900141262],[0.000905237568077,-0.00191713275854,0.00252834474668,-0.00295691215433,0.00201517972164,-0.00251641846262,0.00918303243816,-0.00276593398303,0.00309826107696,-0.00182456732728,0.00557277584448,-0.00605067657307,0.00441951816902],[-0.000500899506733,0.0020416805055,-0.00218204408884,0.00271232612431,-0.00231292238459,-0.00337449810468,-0.00276593398303,0.0163493975997,-0.00837122276425,0.00223989225924,0.00132571696304,0.00158708891831,-0.00400159787387],[0.00111837196164,-0.00260138581507,0.00349575490691,-0.00433976575732,0.00203006505035,-0.00127132225316,0.00309826107696,-0.00837122276425,0.0206992998719,-0.00962408911437,0.00230001867749,-0.0000564182773815,0.000416163384216],[-0.00152744853403,0.00290715461597,-0.00390235730447,0.00369372381829,-0.00499317422509,0.00417871959507,-0.00182456732728,0.00223989225924,-0.00962408911437,0.022240370512,-0.00764125119895,-0.000494540843647,0.000716593873221],[0.000957237381954,-0.00340153719299,0.00315518258139,-0.00381031329744,0.00419697258621,-0.00567964836955,0.00557277584448,0.00132571696304,0.00230001867749,-0.00764125119895,0.0176919512451,-0.0103777609766,0.000767932739109],[-0.000789567246102,0.0039768544957,-0.00248694629408,0.00405067298561,-0.00405902508646,0.00575418910012,-0.00605067657307,0.00158708891831,-0.0000564182773815,-0.000494540843647,-0.0103777609766,0.0244434922934,-0.00817990489304],[0.000731677340809,-0.00165019463748,0.0016642351402,-0.00221842201427,0.00292436918244,-0.00195900141262,0.00441951816902,-0.00400159787387,0.000416163384216,0.000716593873221,0.000767932739109,-0.00817990489304,0.0184069853276]],"mean":[-29.071346283,86.3539581299,-131.6434021,39.6890525818,-52.9320373535,-5.40915584564,-39.0454902649,2.34943819046,-26.866733551,2.11416935921,-19.9877033234,-1.10244143009,-7.907807827]},"hfc":{"dmean":5.11629867554,"dmean2":7.70815420151,"dvar":103.515205383,"dvar2":232.769180298,"max":275.618133545,"mean":22.1818332672,"median":16.8117656708,"min":1.15282309087e-16,"var":448.552764893},"melbands":{"dmean":[0.000265859940555,0.000572821532842,0.000558360829018,0.000290212134132,0.000158214534167,0.000210677215364,0.0000983791542239,0.0000565997470403,0.0000607667170698,0.0000324175380229,0.000048348774726,0.0000265964281425,0.0000217359884118,0.0000253975667874,0.000017341626517,0.0000117548888738,0.0000195483371499,0.0000195047996385,0.0000287159891741,0.0000256994080701,0.0000162673950399,0.00000866382015374,0.00000879965409695,0.0000117483277791,0.0000136761027534,0.000009355824659,0.00000945180181589,0.00000840403117763,0.00000955985706241,0.00000486039243697,0.00000263892684416,0.00000265955100076,0.0000021192222448,8.68596430337e-7,8.49347543408e-7,8.79423055267e-7,6.10886672803e-7,4.35167152091e-7,3.52566814854e-7,5.45972909549e-7],"dmean2":[0.000408840918681,0.000987398903817,0.000966048974078,0.000487294688355,0.000252341327723,0.000324359483784,0.000154278532136,0.0000903951222426,0.0000966582229012,0.0000515200008522,0.0000771182894823,0.0000428245184594,0.0000351225062332,0.0000394071539631,0.0000273343794106,0.0000193980868062,0.0000315916840918,0.0000313169439323,0.0000461436720798,0.000042142750317,0.0000268696148851,0.0000144337273014,0.0000145884805534,0.0000192283314391,0.0000225749190577,0.0000157750673679,0.0000158614457177,0.0000139645371746,0.0000158008369908,0.00000795910000306,0.00000437899143435,0.00000429240208177,0.00000344562408827,0.00000135530615353,0.00000133752405418,0.00000137320000704,9.05183185296e-7,6.75800322369e-7,5.37745961537e-7,8.48483750815e-7],"dvar":[3.2396314964e-7,0.00000214779356611,0.000001464625484,4.50350626124e-7,5.6532766024e-8,1.92742376726e-7,3.47995801064e-8,1.89118321003e-8,2.8984628031e-8,8.24379231545e-9,1.5585257529e-8,7.9840205558e-9,4.94298557641e-9,3.26370552806e-9,1.64584201823e-9,1.03445663147e-9,3.06511060977e-9,3.12027226279e-9,3.16605763828e-9,2.76591505255e-9,1.70243652509e-9,2.54725046611e-10,2.7099766875e-10,3.57164103848e-10,4.08751615888e-10,2.62419752595e-10,4.38887343135e-10,3.77356174086e-10,1.27132204764e-9,1.29390373416e-10,3.96570346006e-11,3.06977082642e-11,2.34557876594e-11,4.8462072029e-12,9.01364659994e-12,1.45260548381e-11,1.14144900129e-11,3.1811448007e-12,1.01146337399e-12,5.37934193717e-12],"dvar2":[6.96192557825e-7,0.00000593260983806,0.00000402874957217,0.00000125343035506,1.4582967367e-7,4.49416091897e-7,8.49238475098e-8,4.54822668416e-8,7.26445961163e-8,1.9348975755e-8,3.90932051175e-8,2.0138083201e-8,1.24121219969e-8,7.31302174373e-9,4.01108080084e-9,2.60527555085e-9,7.70827135455e-9,7.82792408671e-9,8.10453748556e-9,7.33143812326e-9,4.81538808828e-9,6.53450460408e-10,7.01616265086e-10,9.02411867454e-10,1.0729658273e-9,7.38087702068e-10,1.18994580856e-9,9.62094848234e-10,3.3719400605e-9,3.39573535957e-10,1.05236395986e-10,7.38101246789e-11,6.03344110783e-11,1.0400548478e-11,2.16118425239e-11,3.74776043532e-11,2.13858254022e-11,7.81937362082e-12,2.18011589684e-12,1.31505605017e-11],"max":[0.00644717365503,0.0158532392234,0.0191973205656,0.0108871376142,0.00369850639254,0.0105447676033,0.00427055312321,0.00394032197073,0.00374459801242,0.00224239449017,0.00388132827356,0.00298409350216,0.00370283052325,0.00272671692073,0.00102868792601,0.000968399515841,0.00145909492858,0.00200109626167,0.00172829930671,0.0018415764207,0.00137656752486,0.000606149958912,0.000508637982421,0.000578787003178,0.000483571289806,0.00030664037331,0.000450676656328,0.00039800722152,0.00137898896355,0.000212980230572,0.000149578903802,0.00012337762746,0.0000864563407958,0.000100196455605,0.000193868108909,0.000315205368679,0.000307777227135,0.000132741828565,0.0000424269928772,0.00014011413441],"mean":[0.000424445432145,0.000760354509111,0.000795627187472,0.000488752906676,0.000336817814969,0.000505596981384,0.000226275180466,0.000107855528768,0.00010861071496,0.0000595559831709,0.0000922593317227,0.0000510031750309,0.0000419888128818,0.0000524166498508,0.0000355598021997,0.0000208394321817,0.0000398444790335,0.0000387143736589,0.0000710219319444,0.0000637673219899,0.0000357463213732,0.0000186321976798,0.0000186299002962,0.0000273466102954,0.0000318255479215,0.0000210376783798,0.0000190731461771,0.0000166473400895,0.000016695323211,0.0000105342533061,0.00000569387748328,0.00000610869392403,0.00000468543339593,0.00000208418600778,0.00000180544077466,0.00000190520529486,0.00000131514855184,9.48406352563e-7,7.64096910189e-7,0.00000114436875265],"median":[0.000219511930482,0.000439586874563,0.000482445699163,0.000312687043333,0.00022633530898,0.000187354322406,0.0000867996132001,0.000053765001212,0.0000397120020352,0.0000254006881732,0.0000354159128619,0.0000119558771985,0.0000144049608934,0.0000207598532143,0.0000133133999043,0.00000702622673998,0.0000163799777511,0.0000197967947315,0.0000447056154371,0.0000442420096078,0.0000217475680984,0.0000122157443911,0.0000121555794976,0.0000204753741855,0.0000250056946243,0.000015604591681,0.00000979073593044,0.00000801053647592,0.00000569212852497,0.00000298531949738,0.00000246494118983,0.00000249880781666,0.00000152321797486,6.02427235208e-7,4.08479678526e-7,3.32474201059e-7,2.42326308353e-7,2.05125758157e-7,1.78290520125e-7,1.52446460788e-7],"min":[5.01661538192e-24,2.6420456468e-24,2.35288532934e-24,1.80061879795e-24,1.39289268642e-24,2.38208462131e-24,3.71479293991e-24,4.17671241511e-24,4.65744267303e-24,4.10815685258e-24,4.96710528821e-24,6.04383968155e-24,1.03032365524e-23,8.41216341323e-24,4.59623456097e-24,3.24081158425e-24,3.5926476895e-24,2.89461425675e-24,6.2031895844e-24,8.41997944708e-24,5.89404130654e-24,5.90312267328e-24,5.89659484929e-24,8.13579703914e-24,6.35570874068e-24,5.30581415635e-24,6.56110721559e-24,7.37953975513e-24,5.93045907023e-24,7.89885951081e-24,8.44505575753e-24,6.97248910576e-24,6.67238117386e-24,8.79615960265e-24,7.86867059283e-24,8.67321720829e-24,8.07342496281e-24,7.24939663843e-24,9.14314007181e-24,7.2081873336e-24],"var":[4.66749980887e-7,0.00000176315791123,0.00000140503811963,4.7631536404e-7,1.35304460969e-7,7.97466896074e-7,1.3485889383e-7,4.4983679004e-8,6.60190551116e-8,1.96986569279e-8,4.35015437006e-8,2.58065444569e-8,1.55733843599e-8,1.47023797581e-8,5.10308861834e-9,2.51636556037e-9,8.7217086886e-9,8.0016766546e-9,9.05133124007e-9,7.7692678957e-9,4.24929469389e-9,7.20150494793e-10,6.85417833601e-10,9.31383747904e-10,1.07247011272e-9,5.10477882187e-10,7.74845909657e-10,7.27254367838e-10,1.5824626054e-9,3.48717915655e-10,7.32960012129e-11,8.84119999434e-11,6.30296231874e-11,1.77149666464e-11,3.37673396189e-11,5.57789162081e-11,3.57196737466e-11,1.21544033518e-11,3.64918468707e-12,1.35529955314e-11]},"melbands_crest":{"dmean":2.5919213295,"dmean2":4.2267780304,"dvar":7.26278114319,"dvar2":19.0608043671,"max":38.3915252686,"mean":11.5087919235,"median":10.4260015488,"min":1.67832267284,"var":22.3258628845},"melbands_flatness_db":{"dmean":0.0177344866097,"dmean2":0.0270767770708,"dvar":0.000426914863056,"dvar2":0.000947744585574,"max":0.63087439537,"mean":0.173475921154,"median":0.153554111719,"min":0.00436836061999,"var":0.00685061700642},"melbands_kurtosis":{"dmean":2.98221874237,"dmean2":4.82559013367,"dvar":50.9783935547,"dvar2":115.351425171,"max":305.088256836,"mean":5.68119764328,"median":3.15733790398,"min":-1.89708173275,"var":121.492424011},"melbands_skewness":{"dmean":0.467217922211,"dmean2":0.735977649689,"dvar":0.34218865633,"dvar2":0.831230163574,"max":15.9265613556,"mean":1.87125909328,"median":1.85986840725,"min":-2.86323785782,"var":1.41747450829},"melbands_spread":{"dmean":8.00615119934,"dmean2":12.5577964783,"dvar":95.1327590942,"dvar2":227.962356567,"max":249.914962769,"mean":37.9938545227,"median":34.4660606384,"min":0.226231753826,"var":549.618103027},"mfcc":{"cov":[[15455.1123047,-1526.98181152,-389.850616455,1209.59594727,823.25390625,784.662780762,182.768951416,-64.0537872314,77.8885269165,281.543365479,241.739624023,370.579345703,409.550750732],[-1526.98181152,1321.51843262,-172.001098633,-197.071487427,-26.5130767822,-136.548049927,-39.4916305542,-64.5293807983,-53.5470352173,-62.9197540283,-16.0825271606,-51.5106010437,-23.966342926],[-389.850616455,-172.001098633,1112.71826172,-145.728546143,233.445144653,50.0579566956,55.2682380676,14.7766008377,46.6585731506,90.9230957031,-32.8451004028,37.9368171692,-20.1246547699],[1209.59594727,-197.071487427,-145.728546143,443.383361816,41.722820282,103.620025635,3.94720888138,1.94780671597,19.9115028381,17.7578468323,31.0947685242,29.9767303467,55.3938179016],[823.25390625,-26.5130767822,233.445144653,41.722820282,370.57925415,103.449035645,29.2757053375,16.9740657806,36.7380752563,102.986190796,28.234003067,35.2449035645,35.9747428894],[784.662780762,-136.548049927,50.0579566956,103.620025635,103.449035645,149.527954102,57.5945510864,26.8377628326,22.646068573,47.89087677,31.073348999,32.6595687866,25.4548740387],[182.768951416,-39.4916305542,55.2682380676,3.94720888138,29.2757053375,57.5945510864,118.046760559,47.3597488403,28.8361053467,11.3069057465,18.9944972992,9.59909820557,3.62670302391],[-64.0537872314,-64.5293807983,14.7766008377,1.94780671597,16.9740657806,26.8377628326,47.3597488403,108.087799072,51.4965744019,34.5644836426,15.0387592316,-1.20308554173,-15.6394395828],[77.8885269165,-53.5470352173,46.6585731506,19.9115028381,36.7380752563,22.646068573,28.8361053467,51.4965744019,121.992393494,61.6943893433,16.3326263428,-9.62439441681,-12.58406353],[281.543365479,-62.9197540283,90.9230957031,17.7578468323,102.986190796,47.89087677,11.3069057465,34.5644836426,61.6943893433,129.136016846,31.034942627,15.9515619278,-10.3549995422],[241.739624023,-16.0825271606,-32.8451004028,31.0947685242,28.234003067,31.073348999,18.9944972992,15.0387592316,16.3326263428,31.034942627,71.1119155884,20.8506240845,8.16815948486],[370.579345703,-51.5106010437,37.9368171692,29.9767303467,35.2449035645,32.6595687866,9.59909820557,-1.20308554173,-9.62439441681,15.9515619278,20.8506240845,72.6921386719,32.2671852112],[409.550750732,-23.966342926,-20.1246547699,55.3938179016,35.9747428894,25.4548740387,3.62670302391,-15.6394395828,-12.58406353,-10.3549995422,8.16815948486,32.2671852112,86.9111022949]],"icov":[[0.00012695643818,0.0000997420211206,0.000108014974103,-0.000139481955557,-0.000195085740415,-0.000290532130748,-0.000086344385636,0.000278299616184,-0.0000555896076548,-0.0000406550789194,-0.00000413117822973,-0.000264155794866,-0.000151746513438],[0.0000997420211206,0.00101796188392,0.000292172364425,0.000209663514397,-0.00053963373648,0.00052794982912,-0.000356459553586,0.000686785613652,0.0000659253491904,0.000131927386974,-0.00023606227478,0.000125205406221,-0.0000471159437438],[0.000108014974103,0.000292172364425,0.00139236135874,0.000383159873309,-0.000970950699411,-0.000119229895063,-0.000710499240085,0.000717316521332,-0.000364639330655,-0.000372322712792,0.00116694020107,-0.00109748821706,0.000445946818218],[-0.000139481955557,0.000209663514397,0.000383159873309,0.00345038995147,0.000222694769036,-0.0020280231256,0.00112352508586,0.0000166758618434,-0.000775486056227,0.000458714843262,-0.000287143862806,0.000240236651734,-0.00105725054163],[-0.000195085740415,-0.00053963373648,-0.000970950699411,0.000222694769036,0.00505110016093,-0.00196438701823,0.000608444621321,-0.00041107434663,0.000448093283921,-0.00286568794399,-0.000136905815452,0.000904562533833,-0.00181059387978],[-0.000290532130748,0.00052794982912,-0.000119229895063,-0.0020280231256,-0.00196438701823,0.0147811220959,-0.00561540573835,-0.000512876489665,0.00139477138873,-0.00230706902221,-0.00109669181984,-0.00113238417543,-0.000143811354064],[-0.000086344385636,-0.000356459553586,-0.000710499240085,0.00112352508586,0.000608444621321,-0.00561540573835,0.0137888602912,-0.00491712242365,-0.00177816418,0.00336763239466,-0.0021207453683,0.000222931921599,-0.000379115517717],[0.000278299616184,0.000686785613652,0.000717316521332,0.0000166758618434,-0.00041107434663,-0.000512876489665,-0.00491712242365,0.0148012181744,-0.00411272095516,-0.00151135527994,-0.000223708542762,-0.000945380423218,0.00181887426879],[-0.0000555896076548,0.0000659253491904,-0.000364639330655,-0.000775486056227,0.000448093283921,0.00139477138873,-0.00177816418,-0.00411272095516,0.0136230904609,-0.00597580615431,-0.00061134074349,0.00373723357916,-0.000639412086457],[-0.0000406550789194,0.000131927386974,-0.000372322712792,0.000458714843262,-0.00286568794399,-0.00230706902221,0.00336763239466,-0.00151135527994,-0.00597580615431,0.0157092604786,-0.00380795751698,-0.00247383886017,0.00358153297566],[-0.00000413117822973,-0.00023606227478,0.00116694020107,-0.000287143862806,-0.000136905815452,-0.00109669181984,-0.0021207453683,-0.000223708542762,-0.00061134074349,-0.00380795751698,0.018955020234,-0.00457647116855,0.000209136123885],[-0.000264155794866,0.000125205406221,-0.00109748821706,0.000240236651734,0.000904562533833,-0.00113238417543,0.000222931921599,-0.000945380423218,0.00373723357916,-0.00247383886017,-0.00457647116855,0.0208961050957,-0.00643166247755],[-0.000151746513438,-0.0000471159437438,0.000445946818218,-0.00105725054163,-0.00181059387978,-0.000143811354064,-0.000379115517717,0.00181887426879,-0.000639412086457,0.00358153297566,0.000209136123885,-0.00643166247755,0.0168222412467]],"mean":[-661.769287109,108.340156555,-17.5630664825,39.4311027527,0.8697655797,0.0989727973938,-5.81358289719,-5.65209436417,-1.68062067032,-1.68208801746,-5.20014476776,-9.7910451889,-1.14035570621]},"pitch_salience":{"dmean":0.0528833344579,"dmean2":0.0857895612717,"dvar":0.00271706166677,"dvar2":0.00714693497866,"max":0.856274187565,"mean":0.58925062418,"median":0.603528499603,"min":0.040167901665,"var":0.0125006521121},"silence_rate_20dB":{"dmean":0,"dmean2":0,"dvar":0,"dvar2":0,"max":1,"mean":1,"median":1,"min":1,"var":0},"silence_rate_30dB":{"dmean":0,"dmean2":0,"dvar":0,"dvar2":0,"max":1,"mean":1,"median":1,"min":1,"var":0},"silence_rate_60dB":{"dmean":0.0136054418981,"dmean2":0.0272141322494,"dvar":0.0134186614305,"dvar2":0.0288669615984,"max":1,"mean":0.163603812456,"median":0,"min":0,"var":0.13686183095},"spectral_centroid":{"dmean":204.688552856,"dmean2":319.303436279,"dvar":62712.328125,"dvar2":147991.484375,"max":11317.7402344,"mean":1903.95141602,"median":1893.86889648,"min":192.987030029,"var":695405.0625},"spectral_complexity":{"dmean":3.15837216377,"dmean2":5.02291727066,"dvar":13.6531305313,"dvar2":28.3923187256,"max":65,"mean":24.2068023682,"median":24,"min":0,"var":190.387939453},"spectral_contrast_coeffs":{"dmean":[0.0456848889589,0.0409536920488,0.0326388739049,0.0271873679012,0.019961560145,0.0161731746048],"dmean2":[0.0750026404858,0.0666554644704,0.0534889101982,0.0443814843893,0.0328622683883,0.0258417408913],"dvar":[0.0016822173493,0.00115024275146,0.000718652911019,0.000509939622134,0.000315320678055,0.0002882386907],"dvar2":[0.00454694172367,0.00311317271553,0.00189156644046,0.00134181848262,0.000799303175882,0.000655132869724],"max":[-0.294350594282,-0.406473577023,-0.436944544315,-0.477280497551,-0.485457122326,-0.531556665897],"mean":[-0.63687068224,-0.717798411846,-0.763832807541,-0.765694081783,-0.780551552773,-0.725347280502],"median":[-0.64423263073,-0.728174984455,-0.775448560715,-0.772588968277,-0.782616198063,-0.72262775898],"min":[-0.963489711285,-0.974607586861,-0.971525132656,-0.972700059414,-0.963512539864,-0.962641358376],"var":[0.00610097451136,0.00597190018743,0.00512663973495,0.00405279174447,0.00259494222701,0.00443666148931]},"spectral_contrast_valleys":{"dmean":[0.363473564386,0.305689960718,0.279463231564,0.231124714017,0.209677875042,0.200372368097],"dmean2":[0.587844967842,0.500508904457,0.456832617521,0.373914539814,0.327647894621,0.278587341309],"dvar":[0.126671627164,0.0843693986535,0.0749407932162,0.0654547214508,0.0827928334475,0.08730712533],"dvar2":[0.285891085863,0.199781626463,0.16591309011,0.135704085231,0.1619002074,0.156770855188],"max":[-5.50785827637,-4.88812589645,-5.49706363678,-5.63422632217,-5.36963415146,-7.38971042633],"mean":[-7.84125709534,-7.09419775009,-7.8333735466,-7.86189222336,-7.47129964828,-10.7095499039],"median":[-7.20321130753,-6.70207595825,-7.46815681458,-7.36880683899,-6.92360210419,-10.2081394196],"min":[-28.156337738,-27.4966487885,-27.5930461884,-27.3675785065,-27.5202388763,-27.3428382874],"var":[2.85127305984,1.97730851173,2.03977012634,2.43739485741,2.95216965675,3.21085047722]},"spectral_decrease":{"dmean":1.24795851431e-9,"dmean2":2.01421146429e-9,"dvar":4.80648556406e-18,"dvar2":1.21396588293e-17,"max":1.34008035164e-28,"mean":-4.24147295064e-9,"median":-3.77189390832e-9,"min":-2.81699552573e-8,"var":1.14394636756e-17},"spectral_energy":{"dmean":0.00503974920139,"dmean2":0.00810483377427,"dvar":0.0000781105482019,"dvar2":0.000194768523215,"max":0.112477615476,"mean":0.0180201977491,"median":0.0162129104137,"min":1.05741801578e-20,"var":0.000200667534955},"spectral_energyband_high":{"dmean":0.000469537364552,"dmean2":0.00070082367165,"dvar":0.00000131227898237,"dvar2":0.00000299683938465,"max":0.0331095680594,"mean":0.0013520931825,"median":0.000524377450347,"min":7.3168689214e-21,"var":0.00000473667751066},"spectral_energyband_low":{"dmean":0.00270838965662,"dmean2":0.00449101626873,"dvar":0.0000368484543287,"dvar2":0.0000973307323875,"max":0.0684794560075,"mean":0.00421582534909,"median":0.00256974715739,"min":3.03158457016e-23,"var":0.0000383265141863},"spectral_energyband_middle_high":{"dmean":0.00117643037811,"dmean2":0.00186092685908,"dvar":0.00000363644289791,"dvar2":0.0000088379074441,"max":0.0373896919191,"mean":0.00517852092162,"median":0.00410595256835,"min":1.29353518683e-21,"var":0.000023833648811},"spectral_energyband_middle_low":{"dmean":0.00295753940009,"dmean2":0.00477635813877,"dvar":0.0000286884114757,"dvar2":0.0000758026799303,"max":0.07345443964,"mean":0.00829688180238,"median":0.00675172451884,"min":1.7212831356e-22,"var":0.000058507626818},"spectral_entropy":{"dmean":0.0993431955576,"dmean2":0.144753873348,"dvar":0.0189515966922,"dvar2":0.034964852035,"max":9.81496429443,"mean":7.52683830261,"median":7.70366430283,"min":3.41701245308,"var":0.433663964272},"spectral_flux":{"dmean":0.0150925852358,"dmean2":0.023441536352,"dvar":0.000484539952595,"dvar2":0.000985789112747,"max":0.257961094379,"mean":0.0622860342264,"median":0.0590953752398,"min":6.59459015173e-11,"var":0.00174196285661},"spectral_kurtosis":{"dmean":1.90861356258,"dmean2":3.28895735741,"dvar":11.5457897186,"dvar2":32.9614372253,"max":101.566123962,"mean":6.10628461838,"median":3.83059573174,"min":-1.25817036629,"var":80.5727386475},"spectral_rms":{"dmean":0.00049537740415,"dmean2":0.000776235712692,"dvar":5.20061519182e-7,"dvar2":0.00000124434382087,"max":0.0104754120111,"mean":0.00380125525407,"median":0.00397711899132,"min":3.21189559324e-12,"var":0.00000313118607664},"spectral_rolloff":{"dmean":413.382995605,"dmean2":677.261901855,"dvar":412204.6875,"dvar2":935751.4375,"max":19207.6171875,"mean":2423.1730957,"median":2153.3203125,"min":43.06640625,"var":2217767.25},"spectral_skewness":{"dmean":0.217086225748,"dmean2":0.363212406635,"dvar":0.0790024697781,"dvar2":0.206860437989,"max":8.46955680847,"mean":1.41957116127,"median":1.20305347443,"min":-0.441383838654,"var":0.93215239048},"spectral_spread":{"dmean":330239.53125,"dmean2":489282.28125,"dvar":296650047488,"dvar2":565672280064,"max":41666876,"mean":3867896,"median":3771223.5,"min":926177.625,"var":3025203101700},"spectral_strongpeak":{"dmean":0.547508835793,"dmean2":0.950204432011,"dvar":1.15058636665,"dvar2":2.95543241501,"max":17.1050682068,"mean":0.970361590385,"median":0.450783789158,"min":0,"var":1.67844939232},"zerocrossingrate":{"dmean":0.00812834687531,"dmean2":0.00968513824046,"dvar":0.000117028888781,"dvar2":0.000159284652909,"max":0.5107421875,"mean":0.0809437483549,"median":0.07470703125,"min":0.00537109375,"var":0.00174458208494}},"metadata":{"audio_properties":{"analysis_sample_rate":44100,"bit_rate":0,"codec":"flac","downmix":"mix","equal_loudness":0,"length":194.559997559,"lossless":true,"md5_encoded":"6a15c33845349a3fde164bb2fee42e0d","replay_gain":-9.99391746521,"sample_rate":44100},"tags":{"album":["Come On Pilgrim"],"album artist":["Pixies"],"albumartist":["Pixies"],"albumartistsort":["Pixies"],"artist":["Pixies"],"artistsort":["Pixies"],"barcode":["0208314345271"],"catalognumber":["E2 61296"],"copyright":["4AD Ltd."],"date":["1992"],"disc":["1"],"discnumber":["1"],"disctotal":["1"],"ensemble":["Pixies"],"file_name":"01-01 Caribou.flac","genre":["Alternative"],"isrc":["GB0028769600"],"label":["Columbia House"],"media":["CD"],"musicbrainz_albumartistid":["b6b2bb8d-54a9-491f-9607-7b546023b433"],"musicbrainz_albumid":["f8e151d6-be63-47cb-8f16-303c6f344474"],"musicbrainz_artistid":["b6b2bb8d-54a9-491f-9607-7b546023b433"],"musicbrainz_recordingid":["f171bc77-3a44-4cef-ba2e-ded91b9b83ee"],"musicbrainz_releasegroupid":["2a251d31-9958-35f1-b2b1-a64d5541715d"],"organization":["4AD Records"],"originaldate":["1987-10"],"releasecountry":["US"],"releasestatus":["official"],"releasetype":["ep"],"script":["Latn"],"title":["Caribou"],"totaldiscs":["1"],"totaltracks":["8"],"tracknumber":["1"],"tracktotal":["8"]},"version":{"essentia":"2.1-beta1","essentia_build_sha":"ca57ba49d9b1854bd80e60cf9ccf267278fb7d6b","essentia_git_sha":"v2.1_beta1-28-g21ef5f4-dirty","extractor":"music 1.0"}},"rhythm":{"beats_count":305,"beats_loudness":{"dmean":0.0122816152871,"dmean2":0.0224458966404,"dvar":0.000143456461956,"dvar2":0.000465009215986,"max":0.0799885243177,"mean":0.0252489112318,"median":0.0255999974906,"min":0.00000475613387607,"var":0.00035340237082},"beats_loudness_band_ratio":{"dmean":[0.171546816826,0.13521181047,0.0806159451604,0.0605107657611,0.0865325331688,0.096991546452],"dmean2":[0.313500732183,0.237420260906,0.138111636043,0.105737909675,0.145102024078,0.167925328016],"dvar":[0.0221455041319,0.01942984759