{"lowlevel":{"average_loudness":0.838121950626,"barkbands":{"dmean":[0.000628056237474,0.00506727956235,0.00178756914102,0.000755830435082,0.00059158395743,0.00081133376807,0.000529198907316,0.000653132912703,0.000896796933375,0.000960946432315,0.000523321446963,0.000525460753124,0.000342104118317,0.000255117280176,0.00037153653102,0.000246877665631,0.000238382694079,0.00037637699279,0.000283398316242,0.000205233649467,0.000261068169493,0.000262467481662,0.000114408321679,0.000105258273834,0.0000783103387221,0.0000974949361989,0.000129143591039],"dmean2":[0.00108759966679,0.00774551648647,0.00320344022475,0.00137248670217,0.000989294378087,0.00129182625096,0.000869943993166,0.000977579969913,0.00138984178193,0.00142575451173,0.000794923456851,0.000829612661619,0.000529739598278,0.000396260351408,0.000579481653403,0.000396115792682,0.000361628481187,0.000602339219768,0.000452140782727,0.000327495392412,0.000413905218011,0.000401399069233,0.000162217998877,0.000146528182086,0.000114255642984,0.000150293722982,0.000207548757317],"dvar":[0.00000149775576119,0.000156550755491,0.0000569546027691,0.00000890077808435,0.00000182806684279,0.00000223944198297,0.00000164358186794,0.00000301775571643,0.00000351707217305,0.00000540197015653,0.00000181283473921,0.00000147327341438,5.703936381e-7,2.94523857747e-7,5.2532391237e-7,2.92651179734e-7,1.55794509737e-7,0.00000180149436346,0.00000173195530806,0.00000104271384771,5.43966166333e-7,2.0678230328e-7,4.86388138654e-8,5.31269890303e-8,2.34985293446e-8,3.24243778493e-8,6.52263736356e-8],"dvar2":[0.00000400569524572,0.000356312753865,0.00016208665329,0.0000256406347034,0.00000474392481919,0.00000545853572476,0.00000414906298829,0.00000602779437031,0.00000864659523359,0.0000111570834633,0.00000406860908697,0.00000321892184729,0.00000126875329443,6.87264957833e-7,0.00000124488747133,7.28948066353e-7,3.48027271002e-7,0.00000448841183243,0.00000464948561785,0.00000285140208689,0.0000014782491462,4.46131878107e-7,8.70289795785e-8,1.01649241913e-7,4.40612062391e-8,6.94981849847e-8,1.5448554791e-7],"max":[0.0231947842985,0.203530743718,0.0950638577342,0.0377091318369,0.0643194019794,0.0504024922848,0.0318984203041,0.0712291896343,0.0643586441875,0.0683032870293,0.0410004481673,0.0366489067674,0.0225469060242,0.0142465503886,0.0173698756844,0.0118150878698,0.0118082016706,0.0204797443002,0.0420194379985,0.0252127684653,0.0234746672213,0.0104158557951,0.00638760440052,0.0078186718747,0.00567496428266,0.00140185141936,0.00226590782404],"mean":[0.00194356590509,0.0147944493219,0.00227469368838,0.00067445077002,0.00101450900547,0.0017309342511,0.000931287067942,0.00129859615117,0.00163712073117,0.00161911710165,0.000847505696584,0.000858536106534,0.000543880276382,0.000391717883758,0.000687723921146,0.000414833164541,0.000463729869807,0.000559904961847,0.000424513913458,0.000280862499494,0.000320450257277,0.000328746828018,0.000149931249325,0.000146946054883,0.0000906004133867,0.0000877514175954,0.000100202487374],"median":[0.000728210026864,0.00804128870368,0.000418942043325,0.000166863523191,0.000460897164885,0.0010397513397,0.000358510500519,0.000376605079509,0.000673658563755,0.000388111686334,0.00023315740691,0.000251510820817,0.000140104821185,0.000106587562186,0.000200460141059,0.0000823676673463,0.000148349194205,0.000148915132741,0.000128976651467,0.000100514873338,0.000110024309834,0.000107557047158,0.0000425001344411,0.0000489655831188,0.0000200264730665,0.00000814949817141,4.45677471816e-7],"min":[3.75532737423e-24,1.31264214264e-23,4.76964551503e-24,2.36480501761e-24,1.99537049053e-23,1.63682200728e-23,1.10453819037e-23,2.29558081657e-23,2.20733820463e-23,1.90062955799e-23,4.67588434773e-23,3.33840539281e-23,5.33473056281e-23,6.19567694646e-23,7.88834336386e-23,7.31542839828e-23,1.12567485058e-22,6.29165607508e-23,1.40560308943e-22,2.04107598697e-22,3.11881826056e-22,4.05089995546e-22,5.24665152906e-22,7.97468854445e-22,9.52760099496e-22,1.39622008752e-21,2.11492775653e-21],"var":[0.00000889172952157,0.000379359727958,0.0000587772010476,0.00000528273812961,0.00000350230334334,0.00000555246651857,0.00000346627325598,0.00000933892442845,0.00000753269569032,0.000012240482647,0.00000375695708499,0.00000339729785992,0.00000121067205328,5.64875847431e-7,0.00000134412721309,7.22489119198e-7,5.88847115068e-7,0.00000185947078535,0.00000142845442497,7.56933047796e-7,4.48104714224e-7,2.77174336816e-7,8.86688837909e-8,9.33327228836e-8,3.89816783297e-8,3.58978233805e-8,5.84155870342e-8]},"barkbands_crest":{"dmean":2.24695467949,"dmean2":3.43528461456,"dvar":5.74531602859,"dvar2":12.2280082703,"max":26.5109100342,"mean":12.006061554,"median":11.0981006622,"min":2.0330593586,"var":30.9481620789},"barkbands_flatness_db":{"dmean":0.0309417080134,"dmean2":0.0394531600177,"dvar":0.0013148864964,"dvar2":0.00225337129086,"max":0.58233743906,"mean":0.150832429528,"median":0.134976804256,"min":0.00692273443565,"var":0.00701125524938},"barkbands_kurtosis":{"dmean":4.73705291748,"dmean2":7.43500518799,"dvar":267.152435303,"dvar2":660.947265625,"max":586.059020996,"mean":6.43545627594,"median":1.03956055641,"min":-1.89233958721,"var":408.176879883},"barkbands_skewness":{"dmean":0.610146999359,"dmean2":0.91723126173,"dvar":0.74613404274,"dvar2":1.66982042789,"max":19.4094200134,"mean":1.64588439465,"median":1.23623776436,"min":-4.01271915436,"var":2.80717849731},"barkbands_spread":{"dmean":7.95710849762,"dmean2":11.5703544617,"dvar":116.90120697,"dvar2":230.236846924,"max":113.060798645,"mean":26.0854129791,"median":24.1653823853,"min":0.231871023774,"var":267.006866455},"dissonance":{"dmean":0.0221435874701,"dmean2":0.0364185720682,"dvar":0.000483734766021,"dvar2":0.00122015550733,"max":0.499990016222,"mean":0.456775635481,"median":0.465335905552,"min":0.161888509989,"var":0.00118004193064},"dynamic_complexity":4.05398797989,"erbbands":{"dmean":[0.176911458373,1.08216893673,1.91731035709,2.50153756142,1.8435510397,2.06991004944,4.57213592529,7.52050876617,7.69325685501,8.73902130127,15.4107084274,21.0778999329,28.895242691,22.2005653381,23.053352356,20.1144104004,15.3710660934,13.8604431152,17.2613620758,13.4781227112,12.5549068451,11.716635704,21.1960582733,14.6898832321,12.3997020721,10.5257740021,9.25872325897,10.1108484268,10.2327156067,6.52364253998,2.98571109772,2.3046169281,1.59568023682,0.865198791027,0.631068110466,0.396434515715,0.166574075818,0.0847971364856,0.0299415122718,0.000917491328437],"dmean2":[0.276876151562,1.63781476021,3.23134326935,4.56108808517,3.26605296135,3.41871666908,7.56745624542,11.8095788956,12.5912914276,13.7144670486,23.0662155151,32.6663398743,42.8830604553,33.3400230408,34.7040786743,31.4867553711,23.9518814087,21.5581283569,26.7526721954,20.968454361,20.2361373901,17.5797271729,33.8739204407,22.6217308044,19.8709831238,17.0737228394,14.9392251968,15.7069768906,15.7246341705,9.62153053284,4.22772359848,3.23215079308,2.23695421219,1.24098014832,0.943234801292,0.610113143921,0.258061975241,0.132624596357,0.0485561713576,0.00150747282896],"dvar":[0.140883699059,8.82324028015,51.32421875,115.838409424,35.7018089294,21.7364940643,60.8284950256,254.846099854,305.58215332,493.389343262,1547.76220703,2379.87573242,4738.65136719,4223.13134766,3699.36328125,1988.16296387,998.962524414,890.502746582,1475.67749023,552.956481934,646.91973877,372.99621582,7096.76171875,1648.03552246,2814.96508789,4119.71679688,1774.49304199,326.511199951,314.811798096,129.192703247,35.9915084839,30.4652709961,10.1438274384,3.34943389893,1.49182093143,0.55609869957,0.0953874289989,0.0255333762616,0.0036627878435,0.0000036691897094],"dvar2":[0.341817229986,20.2054233551,137.471221924,334.693389893,101.870658875,50.9948883057,160.616836548,606.338378906,781.712768555,1057.63134766,3439.79248047,5850.3984375,10060.6386719,8734.24902344,7811.80664062,4394.63085938,2211.8918457,2096.01904297,3446.39501953,1318.52905273,1665.7286377,801.653381348,17883.5488281,3993.83618164,7556.93164062,11425.7402344,5014.91748047,783.917602539,691.613098145,272.169921875,64.7131652832,57.1350631714,18.9250068665,6.26067113876,2.99342060089,1.19145083427,0.206660717726,0.0573657043278,0.008779771626,0.00000905659635464],"max":[7.63810443878,42.4662475586,101.812889099,127.890869141,257.205108643,156.285171509,160.471603394,610.875732422,448.173553467,822.387817383,1555.54956055,2007.33190918,1620.72460938,2389.50073242,1960.74951172,1427.06616211,1010.99243164,812.182495117,1051.49182129,363.150054932,472.060455322,601.59777832,1369.46325684,907.978881836,1658.69958496,1733.67822266,1473.43566895,221.278045654,357.204345703,240.022781372,190.699310303,203.191864014,134.363555908,105.901596069,23.7887248993,6.47248506546,2.51804256439,1.47340631485,0.554297566414,0.0199834611267],"mean":[0.552848994732,2.8007106781,3.2363038063,2.48238182068,2.19848322868,3.55066633224,8.34159183502,15.4967441559,15.0445508957,17.1901168823,31.2640895844,40.4930038452,51.4208984375,38.3367118835,39.4949951172,36.0766601562,26.6720066071,23.9534740448,33.4678840637,26.1491947174,23.2256088257,24.4711437225,32.1219825745,24.7445335388,19.0063838959,13.6627111435,11.6839332581,12.9812326431,12.5018434525,8.02577114105,3.98060059547,3.07100367546,2.27237534523,1.1033321619,0.662669241428,0.370469033718,0.148361936212,0.0703686401248,0.022875694558,0.000716686714441],"median":[0.367514520884,0.891513228416,0.796248912811,0.641260802746,0.756210803986,1.5236569643,4.78073501587,8.15104293823,7.6567029953,5.73195648193,11.1844425201,17.2612113953,14.6373205185,11.9517192841,10.7630577087,12.2220783234,9.16931724548,9.80815410614,11.4690036774,10.7907371521,8.38317584991,10.7271051407,9.67708587646,7.53576040268,7.01774501801,5.10983085632,4.50134706497,4.53807258606,3.91090774536,2.52997636795,1.20277416706,0.930822491646,0.771174907684,0.304229021072,0.117030754685,0.0467634052038,0.0126080457121,0.00176284497138,0.0000925247441046,0.0000510529207531],"min":[3.96288100135e-22,2.26566708483e-21,4.93316986784e-21,1.58180052172e-20,3.02134698071e-20,9.30089312455e-20,6.78997409669e-20,1.71649114866e-19,2.12999020657e-19,2.94611955689e-19,6.50102491607e-19,3.62744625547e-19,5.53809931211e-19,1.82758773463e-18,1.43665204417e-18,1.5828451539e-18,1.8033718154e-18,2.3361437519e-18,4.75418706983e-18,3.39721050983e-18,5.10050732638e-18,7.21773814276e-18,4.82911598485e-18,8.53402486125e-18,9.6877226129e-18,8.22599851757e-18,1.00787772106e-17,1.3517124653e-17,1.56143906381e-17,1.49160864194e-17,1.28646561664e-17,1.48718405284e-17,1.27861021323e-17,8.34340936089e-18,6.68301550758e-18,4.60616599435e-18,2.43652542795e-18,9.98460352501e-19,2.99508347928e-19,3.5417657244e-20],"var":[0.38341408968,20.6210651398,71.0511016846,71.589805603,27.5305366516,59.139705658,133.499542236,597.934448242,642.807739258,1823.89831543,3691.58789062,4956.02490234,12010.8417969,8655.52734375,8422.17675781,5150.38623047,2304.21142578,1785.39746094,3831.55810547,1400.90637207,1451.19519043,1461.46179199,7135.68847656,2489.95581055,2357.86499023,2756.91040039,1173.96020508,421.652801514,405.219055176,185.844482422,65.3215713501,52.0840644836,19.2801990509,6.20730018616,1.98736023903,0.624874472618,0.104104176164,0.0254714265466,0.00319620384835,0.00000302849980471]},"erbbands_crest":{"dmean":2.66907382011,"dmean2":4.19333362579,"dvar":6.80474185944,"dvar2":16.109582901,"max":31.490819931,"mean":9.55925941467,"median":8.54467487335,"min":2.47124052048,"var":19.5148048401},"erbbands_flatness_db":{"dmean":0.0244429279119,"dmean2":0.0308661777526,"dvar":0.000667032902129,"dvar2":0.00101473077666,"max":0.447667777538,"mean":0.154866665602,"median":0.149769246578,"min":0.0408961251378,"var":0.00318147614598},"erbbands_kurtosis":{"dmean":1.00064718723,"dmean2":1.56970715523,"dvar":2.66739177704,"dvar2":6.13587617874,"max":51.3663787842,"mean":0.542403280735,"median":-0.129077196121,"min":-1.85453128815,"var":5.26643037796},"erbbands_skewness":{"dmean":0.396837294102,"dmean2":0.605295658112,"dvar":0.182576850057,"dvar2":0.421289980412,"max":5.72923660278,"mean":0.291264504194,"median":0.242099136114,"min":-3.54887008667,"var":0.541741728783},"erbbands_spread":{"dmean":9.08627319336,"dmean2":13.2603883743,"dvar":143.893859863,"dvar2":274.129089355,"max":165.093078613,"mean":35.8457946777,"median":32.9818992615,"min":2.45990824699,"var":346.468902588},"gfcc":{"cov":[[15716.8544922,-2647.64819336,130.407012939,-132.315414429,-106.790290833,564.936462402,-44.469707489,244.13331604,-238.245254517,291.244873047,-687.202270508,53.5641517639,-455.468780518],[-2647.64819336,2251.88696289,-161.437713623,180.29473877,90.1407546997,-32.9165840149,65.0605316162,-25.2148609161,135.763916016,-125.122024536,280.968261719,-165.596542358,191.389129639],[130.407012939,-161.437713623,1415.8293457,-2.29637694359,205.371368408,-1.17485642433,206.072357178,-164.655853271,32.0376396179,18.0489082336,-132.769073486,27.2326755524,-69.8786773682],[-132.315414429,180.29473877,-2.29637694359,449.056030273,90.6247253418,59.0630187988,24.3641719818,34.5671310425,51.880279541,-18.0680904388,27.3863735199,-42.6240234375,53.0542869568],[-106.790290833,90.1407546997,205.371368408,90.6247253418,317.206970215,23.7109336853,114.650672913,10.1067266464,55.536857605,-43.8846359253,7.01301908493,-26.197467804,-23.1059207916],[564.936462402,-32.9165840149,-1.17485642433,59.0630187988,23.7109336853,264.385162354,24.7340927124,63.5362815857,5.4403629303,52.1340713501,-37.8853569031,-11.7078819275,-7.14065790176],[-44.469707489,65.0605316162,206.072357178,24.3641719818,114.650672913,24.7340927124,211.730361938,7.17910671234,55.1902961731,-9.57086277008,7.55280542374,-5.4310541153,0.541047751904],[244.13331604,-25.2148609161,-164.655853271,34.5671310425,10.1067266464,63.5362815857,7.17910671234,197.500335693,8.28665733337,3.59388446808,14.2869739532,26.2526531219,-11.5106639862],[-238.245254517,135.763916016,32.0376396179,51.880279541,55.536857605,5.4403629303,55.1902961731,8.28665733337,183.40322876,48.2841529846,29.9636898041,-31.2437591553,34.9807128906],[291.244873047,-125.122024536,18.0489082336,-18.0680904388,-43.8846359253,52.1340713501,-9.57086277008,3.59388446808,48.2841529846,146.629806519,-4.51239109039,10.0055122375,6.72039604187],[-687.202270508,280.968261719,-132.769073486,27.3863735199,7.01301908493,-37.8853569031,7.55280542374,14.2869739532,29.9636898041,-4.51239109039,175.480056763,27.5280380249,53.4933929443],[53.5641517639,-165.596542358,27.2326755524,-42.6240234375,-26.197467804,-11.7078819275,-5.4310541153,26.2526531219,-31.2437591553,10.0055122375,27.5280380249,125.398071289,21.3068904877],[-455.468780518,191.389129639,-69.8786773682,53.0542869568,-23.1059207916,-7.14065790176,0.541047751904,-11.5106639862,34.9807128906,6.72039604187,53.4933929443,21.3068904877,136.097396851]],"icov":[[0.000096131938335,0.0000625543616479,0.0000263302317762,-0.000021502841264,0.00000653670940665,-0.000120832315588,-0.0000389101442124,-0.000049347330787,0.0000564098190807,-0.00011694686691,0.000223259630729,-0.0000245046048803,0.000153762899572],[0.0000625543616479,0.000895259145182,-0.000142655495438,0.0000760978655308,0.000072048867878,-0.000283569970634,0.0000235879742831,-0.000188346282812,-0.000126108585391,0.000730631232727,-0.00128741713706,0.00159025727771,-0.000917813042179],[0.0000263302317762,-0.000142655495438,0.00123037281446,-0.000171195468283,-0.000525469367858,0.0000653542883811,-0.000977291143499,0.00118548842147,-0.0000641986916889,-0.000507201824803,0.001238391269,-0.00129629392177,0.000763299525715],[-0.000021502841264,0.0000760978655308,-0.000171195468283,0.00281715253368,-0.000675366027281,-0.000569144380279,0.000423420919105,-0.000621907471213,-0.000281838321825,0.000575865968131,-0.000518056738656,0.00131492281798,-0.00152211019304],[0.00000653670940665,0.000072048867878,-0.000525469367858,-0.000675366027281,0.00489937374368,-0.000484844116727,-0.00156851671636,-0.000275050551863,-0.00126477133017,0.00188261875883,-0.000752266030759,0.000447348371381,0.00116111873649],[-0.000120832315588,-0.000283569970634,0.0000653542883811,-0.000569144380279,-0.000484844116727,0.00524232815951,-0.000643264327664,-0.00153388443869,0.00102506903931,-0.00240222644061,0.00124008290004,0.000389983237255,-0.000377943419153],[-0.0000389101442124,0.0000235879742831,-0.000977291143499,0.000423420919105,-0.00156851671636,-0.000643264327664,0.0070563275367,-0.000768044381402,-0.00157017377205,0.00100326782558,-0.000894448370673,0.000303721375531,-0.000565239693969],[-0.000049347330787,-0.000188346282812,0.00118548842147,-0.000621907471213,-0.000275050551863,-0.00153388443869,-0.000768044381402,0.00728778680786,-0.00100827671122,0.000409404368838,0.000267771538347,-0.00315055274405,0.00207002065144],[0.0000564098190807,-0.000126108585391,-0.0000641986916889,-0.000281838321825,-0.00126477133017,0.00102506903931,-0.00157017377205,-0.00100827671122,0.00853743311018,-0.00398042192683,-0.000519305584021,0.0026002691593,-0.00199772231281],[-0.00011694686691,0.000730631232727,-0.000507201824803,0.000575865968131,0.00188261875883,-0.00240222644061,0.00100326782558,0.000409404368838,-0.00398042192683,0.0105610471219,-0.0016691343626,0.000069996334787,-0.000532850506715],[0.000223259630729,-0.00128741713706,0.001238391269,-0.000518056738656,-0.000752266030759,0.00124008290004,-0.000894448370673,0.000267771538347,-0.000519305584021,-0.0016691343626,0.0107256099582,-0.00474477140233,0.000101964389614],[-0.0000245046048803,0.00159025727771,-0.00129629392177,0.00131492281798,0.000447348371381,0.000389983237255,0.000303721375531,-0.00315055274405,0.0026002691593,0.000069996334787,-0.00474477140233,0.0140955029055,-0.00468135252595],[0.000153762899572,-0.000917813042179,0.000763299525715,-0.00152211019304,0.00116111873649,-0.000377943419153,-0.000565239693969,0.00207002065144,-0.00199772231281,-0.000532850506715,0.000101964389614,-0.00468135252595,0.011725448072]],"mean":[-11.7474632263,82.1919174194,-112.658119202,28.0117416382,-52.9163208008,15.0577774048,-20.63048172,14.135890007,-8.40445327759,8.55326461792,-5.14266347885,8.71489715576,-1.10043478012]},"hfc":{"dmean":12.6960668564,"dmean2":18.4917526245,"dvar":412.177185059,"dvar2":822.920776367,"max":252.847229004,"mean":26.093952179,"median":18.7561683655,"min":1.13975998994e-16,"var":759.043884277},"melbands":{"dmean":[0.00147738982923,0.00105071463622,0.000411569024436,0.000125559701701,0.000142873221193,0.000162899945281,0.000115972929052,0.000101479250588,0.00013021864288,0.000140748830745,0.000144306191942,0.0000922610197449,0.0000697920477251,0.0000661242665956,0.0000382865146094,0.0000365571431757,0.0000267334762611,0.0000264196296484,0.0000273349633062,0.0000185919216165,0.0000149482466441,0.0000140581014421,0.000014627858036,0.0000196440269065,0.0000120295489978,0.0000126690365505,0.00000684200131218,0.00000721137257642,0.00000536845846,0.00000573123179493,0.00000656218117001,0.00000567426877751,0.00000524557708559,0.00000306184233523,0.00000170300040736,0.00000164608070463,0.00000136237486004,0.0000012911682461,8.42921622279e-7,7.13978124622e-7],"dmean2":[0.00226696906611,0.00160939141642,0.000746589445043,0.000214680127101,0.000234415158047,0.000256703380728,0.000189433339983,0.000156677429914,0.000195383589016,0.000217804816202,0.000214579718886,0.000139643292641,0.000105256884126,0.000104113059933,0.0000603670232522,0.0000571553719055,0.0000417347509938,0.0000408938685723,0.000042970332288,0.0000291811029456,0.0000241500820266,0.0000211162932828,0.0000229421548283,0.000031516814488,0.000018443000954,0.0000208581950574,0.0000107331970867,0.0000118120351544,0.00000868781989993,0.00000923748757486,0.0000103002148535,0.0000087335902208,0.00000809592893347,0.00000442840700998,0.00000249262097896,0.00000235715333474,0.000001946498287,0.00000184357293165,0.00000121309881251,0.00000104405262391],"dvar":[0.0000115442253446,0.00000976607771008,0.00000286279600914,1.13309212679e-7,5.80907091319e-8,1.077688907e-7,7.01760285438e-8,7.18633188512e-8,9.07627537572e-8,1.04643469001e-7,1.17925537779e-7,8.01679149731e-8,3.14749009078e-8,2.49997125223e-8,5.56511547956e-9,6.9811045833e-9,3.51708706603e-9,3.63620822341e-9,2.77143286098e-9,1.76391812268e-9,9.57078971631e-10,6.49701403788e-10,1.33015798376e-9,6.42532782535e-9,1.06266984101e-9,6.09947736763e-9,7.512303557e-10,2.56645771302e-9,6.15648698687e-10,2.56886234506e-10,1.39058903281e-10,9.26548421321e-11,9.04604724461e-11,2.88748278759e-11,1.15929479558e-11,1.76661307111e-11,1.12265179791e-11,7.38593734784e-12,2.68974295961e-12,2.51136980135e-12],"dvar2":[0.0000263575893769,0.0000227348027693,0.00000825687584438,3.08861956455e-7,1.49693846652e-7,2.57736871845e-7,1.79632479558e-7,1.43366179373e-7,2.04053108632e-7,2.55011457284e-7,2.50695705972e-7,1.64861646113e-7,6.82649172745e-8,5.39782618603e-8,1.18268168592e-8,1.57124535605e-8,8.20143775115e-9,8.48212877713e-9,6.55593268561e-9,4.19278967101e-9,2.42564257569e-9,1.40095979262e-9,3.27648885801e-9,1.60027688878e-8,2.5190125541e-9,1.66202323015e-8,1.9700434617e-9,7.15055437084e-9,1.73596503839e-9,7.01856239793e-10,3.35275696095e-10,2.04468567078e-10,2.0180446203e-10,5.91886678558e-11,2.21480767754e-11,3.51726668624e-11,2.22348528478e-11,1.46452606986e-11,5.12246625325e-12,4.78694904896e-12],"max":[0.0640786662698,0.0440731234848,0.0198376644403,0.0167840830982,0.0044861799106,0.012180833146,0.00683018798009,0.0108395600691,0.0104361353442,0.012161238119,0.00799675006419,0.0107970032841,0.00586396222934,0.00547748943791,0.00338500598446,0.00269859097898,0.00185531238094,0.00155639718287,0.000798068591394,0.00108613527846,0.000714181980584,0.000848543131724,0.000598515558522,0.00122825882863,0.00066791952122,0.00253446609713,0.00122659013141,0.00142173294444,0.000855115125887,0.000498828012496,0.000144558754982,0.000209719117265,0.00021079328144,0.000130616637762,0.000116131821414,0.000113495661935,0.000146052028867,0.000127525912831,0.0000495815438626,0.0000992626009975],"mean":[0.00463309651241,0.00241568940692,0.000427605991717,0.000189785583643,0.000271890603472,0.000344348460203,0.00022386816272,0.000199824833544,0.000255366670899,0.000261128414422,0.000250460929237,0.000151140659,0.000114645081339,0.000111242072308,0.0000677266871207,0.0000565906884731,0.0000420348405896,0.0000477435241919,0.0000474566295452,0.0000342901003023,0.0000250546054303,0.0000272629713436,0.0000249413933489,0.0000268908406724,0.0000189791335288,0.0000166130103025,0.00000984283633443,0.00000872630425874,0.00000688217141942,0.000007112655112,0.00000804882984085,0.00000721155083738,0.00000586435271543,0.00000381608469979,0.00000229020952247,0.00000195464554054,0.00000184074281151,0.00000176851472133,0.00000114905299142,8.54868630995e-7],"median":[0.00308464234695,0.000715407717507,0.000124015408801,0.0000780007758294,0.000154891808052,0.000194244174054,0.000108162887045,0.0000595474703005,0.0000884136825334,0.000100648263469,0.0000660791556584,0.0000381899662898,0.0000297237347695,0.0000324260399793,0.000021858182663,0.0000122832116176,0.0000122253732115,0.0000127992043417,0.0000134906986204,0.00000725733480067,0.00000682380368744,0.00000821906905912,0.00000777940113039,0.00000647886645311,0.00000410051370636,0.00000438926690549,0.00000365842834071,0.00000271979433819,0.00000246209492616,0.00000258473232861,0.00000227875352721,0.00000231277886087,0.00000156192731993,0.00000112129600893,6.78192350279e-7,4.96260270211e-7,5.59147622425e-7,5.70585484638e-7,3.72121235159e-7,1.93018138361e-7],"min":[5.48252097127e-24,2.71850855384e-24,2.98369164131e-24,4.38322594491e-24,3.73707747162e-24,4.03499592007e-24,3.05258483631e-24,4.36034937309e-24,4.73302856396e-24,2.31342414027e-24,2.3782233444e-24,6.8144913105e-24,5.72653892066e-24,3.50538429059e-24,3.21105634255e-24,5.43818738283e-24,2.47003985123e-24,6.41686005476e-24,4.52958883068e-24,3.45683226846e-24,4.62395631647e-24,7.88914863307e-24,5.74781962687e-24,2.55563342881e-24,7.18021827021e-24,6.64158483298e-24,4.71607633754e-24,5.32102181688e-24,5.20453033258e-24,5.18799146927e-24,7.37263643335e-24,7.68170503627e-24,8.57774373951e-24,8.35820848276e-24,6.4954250789e-24,9.00682490739e-24,8.56698683221e-24,8.36914998351e-24,6.38330664502e-24,7.36715069461e-24],"var":[0.0000298472132272,0.0000195104112208,0.00000181316079306,1.48210190787e-7,1.49940916572e-7,2.60793029838e-7,1.50672136101e-7,2.82300106846e-7,2.20021604491e-7,2.21516387455e-7,2.96575649372e-7,1.62854149721e-7,6.88557335593e-8,5.65989175527e-8,1.65784985739e-8,1.445978004e-8,7.04451386113e-9,9.09618158573e-9,6.42719166777e-9,5.37694289093e-9,2.16897277916e-9,2.53274357043e-9,2.24081175837e-9,6.0162097526e-9,1.79311110404e-9,4.44585079862e-9,6.39127861746e-10,1.6638782574e-9,4.13895195894e-10,2.13069645261e-10,1.81591311432e-10,1.28840729752e-10,1.06260902855e-10,4.54377438452e-11,2.03516491853e-11,2.61263632256e-11,1.84085420518e-11,1.30321283279e-11,4.80263832175e-12,4.63861891606e-12]},"melbands_crest":{"dmean":2.95132732391,"dmean2":4.59821462631,"dvar":10.4693117142,"dvar2":24.7854690552,"max":39.268196106,"mean":19.338300705,"median":19.6000747681,"min":1.87773120403,"var":54.1781616211},"melbands_flatness_db":{"dmean":0.0338461846113,"dmean2":0.0444368831813,"dvar":0.00168958806898,"dvar2":0.00294138886966,"max":0.713750958443,"mean":0.221468478441,"median":0.205495893955,"min":0.00600973283872,"var":0.0101407226175},"melbands_kurtosis":{"dmean":11.2013816833,"dmean2":16.8204421997,"dvar":2698.17285156,"dvar2":4479.10742188,"max":4553.66552734,"mean":19.6366691589,"median":5.88437366486,"min":-1.88330948353,"var":9484.65136719},"melbands_skewness":{"dmean":0.792010545731,"dmean2":1.174690485,"dvar":1.63346505165,"dvar2":3.19280481339,"max":54.2839164734,"mean":2.80290651321,"median":2.20232367516,"min":-2.77697110176,"var":6.53607702255},"melbands_spread":{"dmean":7.82437324524,"dmean2":11.5437726974,"dvar":114.631851196,"dvar2":223.269104004,"max":285.005889893,"mean":26.2415904999,"median":22.960609436,"min":0.0584390722215,"var":389.97543335},"mfcc":{"cov":[[12608.9423828,-1431.79187012,-694.307800293,-258.171142578,-223.284378052,207.358398438,19.3445663452,135.790527344,236.312820435,111.704063416,127.762802124,-126.224952698,-145.906906128],[-1431.79187012,1554.45458984,216.883102417,92.0150909424,67.2655334473,14.0830106735,60.7780761719,3.43924880028,2.07080078125,33.126411438,19.7658615112,46.5555458069,23.9129619598],[-694.307800293,216.883102417,727.478881836,175.286651611,54.9083442688,145.971817017,37.070690155,20.8277664185,26.1080436707,-18.3169898987,-3.4232981205,-39.1094703674,1.50872731209],[-258.171142578,92.0150909424,175.286651611,369.127227783,102.226005554,77.0343017578,15.0134801865,24.5864162445,54.288482666,31.8303833008,-11.9388046265,14.6119289398,-8.27508926392],[-223.284378052,67.2655334473,54.9083442688,102.226005554,207.697021484,51.2751235962,45.0807342529,50.3417282104,20.861032486,25.7594146729,1.68949902058,12.1343297958,5.54947471619],[207.358398438,14.0830106735,145.971817017,77.0343017578,51.2751235962,238.192901611,40.7365913391,-4.49085903168,66.4975357056,44.5527420044,14.7972316742,-10.8134593964,-21.6021366119],[19.3445663452,60.7780761719,37.070690155,15.0134801865,45.0807342529,40.7365913391,155.259338379,73.4828643799,7.0828576088,1.46774864197,2.44574689865,9.1354970932,20.9528045654],[135.790527344,3.43924880028,20.8277664185,24.5864162445,50.3417282104,-4.49085903168,73.4828643799,166.371383667,37.2754592896,-6.57840013504,17.7410640717,8.58101177216,26.280090332],[236.312820435,2.07080078125,26.1080436707,54.288482666,20.861032486,66.4975357056,7.0828576088,37.2754592896,149.1434021,59.9195251465,23.138759613,-0.644740998745,-4.97687864304],[111.704063416,33.126411438,-18.3169898987,31.8303833008,25.7594146729,44.5527420044,1.46774864197,-6.57840013504,59.9195251465,132.388534546,38.5321578979,11.2986526489,-17.8871841431],[127.762802124,19.7658615112,-3.4232981205,-11.9388046265,1.68949902058,14.7972316742,2.44574689865,17.7410640717,23.138759613,38.5321578979,109.488288879,33.731716156,9.90902709961],[-126.224952698,46.5555458069,-39.1094703674,14.6119289398,12.1343297958,-10.8134593964,9.1354970932,8.58101177216,-0.644740998745,11.2986526489,33.731716156,108.246704102,46.6689071655],[-145.906906128,23.9129619598,1.50872731209,-8.27508926392,5.54947471619,-21.6021366119,20.9528045654,26.280090332,-4.97687864304,-17.8871841431,9.90902709961,46.6689071655,111.208396912]],"icov":[[0.000104871513031,0.0000748253223719,0.000107025123725,0.0000163162258104,0.000123933292343,-0.000147062150063,-0.0000208930450754,-0.000120696895465,-0.0000912582618184,-9.72618863671e-7,-0.000114343078167,0.000110677014163,0.000078474971815],[0.0000748253223719,0.00076456280658,-0.00017579649284,-0.0000300218835037,-0.0000552654419153,0.000136406655656,-0.000337233243044,0.000137007111334,-0.0000561288325116,-0.000208130848478,-0.000114791546366,-0.000235519648413,0.0000674126567901],[0.000107025123725,-0.00017579649284,0.00203656801023,-0.000789352692664,0.00024130824022,-0.00126546667889,0.000025126595574,-0.00028337459662,0.000147440325236,0.000711974105798,-0.000509485253133,0.00118173623923,-0.000433179346146],[0.0000163162258104,-0.0000300218835037,-0.000789352692664,0.00382191035897,-0.00143343838863,-0.000269995449344,0.000429345906014,-0.000204299518373,-0.000925914791878,-0.000396730902139,0.00112075486686,-0.00123776157852,0.000623750733212],[0.000123933292343,-0.0000552654419153,0.00024130824022,-0.00143343838863,0.00656730309129,-0.00117524620146,-0.000622598512564,-0.00191355869174,0.000794441439211,-0.0011449221056,0.000393161928514,-0.000186970981304,-0.0000271253084065],[-0.000147062150063,0.000136406655656,-0.00126546667889,-0.000269995449344,-0.00117524620146,0.0067426469177,-0.00219729193486,0.00225840788335,-0.00241776858456,-0.000565610243939,-0.000495818385389,-0.0000176992070919,0.000875927915331],[-0.0000208930450754,-0.000337233243044,0.000025126595574,0.000429345906014,-0.000622598512564,-0.00219729193486,0.00944352801889,-0.00440500490367,0.0016512577422,-0.000612552394159,0.00100015767384,-0.000315848476021,-0.00103853491601],[-0.000120696895465,0.000137007111334,-0.00028337459662,-0.000204299518373,-0.00191355869174,0.00225840788335,-0.00440500490367,0.00990094989538,-0.00326666934416,0.00204291590489,-0.00179429340642,0.000534614140633,-0.00105685146991],[-0.0000912582618184,-0.0000561288325116,0.000147440325236,-0.000925914791878,0.000794441439211,-0.00241776858456,0.0016512577422,-0.00326666934416,0.0104947658256,-0.00405773892999,-0.000117784074973,0.000708111503627,-0.000696667761076],[-9.72618863671e-7,-0.000208130848478,0.000711974105798,-0.000396730902139,-0.0011449221056,-0.000565610243939,-0.000612552394159,0.00204291590489,-0.00405773892999,0.0114238625392,-0.0033510052599,-0.000579857907724,0.00178199098445],[-0.000114343078167,-0.000114791546366,-0.000509485253133,0.00112075486686,0.000393161928514,-0.000495818385389,0.00100015767384,-0.00179429340642,-0.000117784074973,-0.0033510052599,0.0121291708201,-0.00393321597949,0.000110193614091],[0.000110677014163,-0.000235519648413,0.00118173623923,-0.00123776157852,-0.000186970981304,-0.0000176992070919,-0.000315848476021,0.000534614140633,0.000708111503627,-0.000579857907724,-0.00393321597949,0.0136988135055,-0.00543307606131],[0.000078474971815,0.0000674126567901,-0.000433179346146,0.000623750733212,-0.0000271253084065,0.000875927915331,-0.00103853491601,-0.00105685146991,-0.000696667761076,0.00178199098445,0.000110193614091,-0.00543307606131,0.0122754340991]],"mean":[-657.497558594,114.307441711,3.76909375191,20.7711105347,-2.38657259941,7.54391765594,1.62757265568,9.6764755249,7.02988624573,4.34659004211,6.67872476578,5.51300907135,3.44730496407]},"pitch_salience":{"dmean":0.0662108510733,"dmean2":0.102116793394,"dvar":0.00483870599419,"dvar2":0.011151724495,"max":0.890648007393,"mean":0.441053181887,"median":0.443259686232,"min":0.0295895002782,"var":0.0214863773435},"silence_rate_20dB":{"dmean":0,"dmean2":0,"dvar":0,"dvar2":0,"max":1,"mean":1,"median":1,"min":1,"var":0},"silence_rate_30dB":{"dmean":0.023324104026,"dmean2":0.046652123332,"dvar":0.0227823164314,"dvar2":0.0558885335922,"max":1,"mean":0.977432906628,"median":1,"min":0,"var":0.0220570806414},"silence_rate_60dB":{"dmean":0.0142629416659,"dmean2":0.0285282768309,"dvar":0.0140585554764,"dvar2":0.0314096286893,"max":1,"mean":0.0783557072282,"median":0,"min":0,"var":0.0722108259797},"spectral_centroid":{"dmean":324.103912354,"dmean2":471.729919434,"dvar":180081.1875,"dvar2":338060.65625,"max":11589.8916016,"mean":1586.96386719,"median":1576.77441406,"min":172.788848877,"var":575064},"spectral_complexity":{"dmean":4.12249326706,"dmean2":5.69390821457,"dvar":30.1305427551,"dvar2":45.4633102417,"max":63,"mean":17.3720645905,"median":16,"min":0,"var":131.857086182},"spectral_contrast_coeffs":{"dmean":[0.0458306595683,0.0461557395756,0.0428382307291,0.0387599505484,0.0315998122096,0.0245224200189],"dmean2":[0.074980519712,0.0745010003448,0.0671109333634,0.0600393898785,0.0471337921917,0.0377161838114],"dvar":[0.0017896508798,0.0016290221829,0.00140323443338,0.0012688342249,0.000837739848066,0.000512428814545],"dvar2":[0.00466013746336,0.00389717356302,0.00309392041527,0.00264884601347,0.00170480657835,0.00116955908015],"max":[-0.287343353033,-0.375922977924,-0.432395488024,-0.471852004528,-0.490360558033,-0.540415287018],"mean":[-0.723784446716,-0.70222222805,-0.725440442562,-0.74589908123,-0.752447783947,-0.739282608032],"median":[-0.738755524158,-0.707764923573,-0.729186892509,-0.750716686249,-0.762684285641,-0.740236878395],"min":[-0.979950368404,-0.966247498989,-0.968732774258,-0.968083500862,-0.962084949017,-0.963310539722],"var":[0.00756061542779,0.0061650397256,0.00649118889123,0.0063274493441,0.00509115215391,0.00249629328027]},"spectral_contrast_valleys":{"dmean":[0.375689387321,0.376928716898,0.404858678579,0.435860604048,0.446975588799,0.536214292049],"dmean2":[0.594180703163,0.587797939777,0.608125984669,0.616999745369,0.572319567204,0.61687630415],"dvar":[0.161712169647,0.155823245645,0.204288229346,0.25818708539,0.26520845294,0.3883446455],"dvar2":[0.313507169485,0.305737018585,0.378366351128,0.459230899811,0.440634489059,0.579570233822],"max":[-5.25408601761,-4.82663011551,-5.17033863068,-5.61750459671,-5.59884929657,-7.43396711349],"mean":[-7.40816259384,-7.05817556381,-7.61207342148,-8.2189283371,-8.16542339325,-10.4673662186],"median":[-7.00812149048,-6.79039859772,-7.3600769043,-8.03741836548,-7.92776679993,-10.1718711853],"min":[-27.7818851471,-27.9513683319,-27.5093841553,-27.4281291962,-27.3184623718,-27.2469081879],"var":[1.90405750275,1.57769584656,1.85677182674,1.93093848228,2.10071063042,2.53995490074]},"spectral_decrease":{"dmean":2.22169460606e-9,"dmean2":3.27068061523e-9,"dvar":1.49990162389e-17,"dvar2":3.02088411112e-17,"max":9.82879749857e-29,"mean":-8.54477022472e-9,"median":-7.22634840855e-9,"min":-5.70563756241e-8,"var":4.8792803531e-17},"spectral_energy":{"dmean":0.00921907834709,"dmean2":0.0135058285668,"dvar":0.000235745406826,"dvar2":0.000473861873616,"max":0.216740369797,"mean":0.0346166826785,"median":0.029758952558,"min":1.00666176103e-20,"var":0.0007596485666},"spectral_energyband_high":{"dmean":0.00106069503818,"dmean2":0.00156994082499,"dvar":0.00000410934671891,"dvar2":0.00000882277799974,"max":0.0314953625202,"mean":0.00136483181268,"median":0.000514655723237,"min":7.36840938214e-21,"var":0.00000529153157913},"spectral_energyband_low":{"dmean":0.00602281512693,"dmean2":0.00896552670747,"dvar":0.000191596656805,"dvar2":0.000398301897803,"max":0.21313585341,"mean":0.0192134287208,"median":0.0129731474444,"min":3.25341572769e-23,"var":0.000513782724738},"spectral_energyband_middle_high":{"dmean":0.00237302295864,"dmean2":0.00346770253964,"dvar":0.0000156569367391,"dvar2":0.0000335119875672,"max":0.0735128670931,"mean":0.00649500777945,"median":0.00440760329366,"min":1.3928357354e-21,"var":0.0000513201957801},"spectral_energyband_middle_low":{"dmean":0.00310936500318,"dmean2":0.00495699280873,"dvar":0.0000261874247371,"dvar2":0.00006773883797,"max":0.0824254080653,"mean":0.00812443625182,"median":0.0062272194773,"min":1.88235704663e-22,"var":0.0000588591065025},"spectral_entropy":{"dmean":0.261570304632,"dmean2":0.331099748611,"dvar":0.0915230214596,"dvar2":0.144538730383,"max":9.81944561005,"mean":7.44088172913,"median":7.50744009018,"min":4.75623655319,"var":0.373128503561},"spectral_flux":{"dmean":0.0269836541265,"dmean2":0.040961612016,"dvar":0.00133363134228,"dvar2":0.00245500868186,"max":0.419931709766,"mean":0.0788396894932,"median":0.0678401887417,"min":6.56370166552e-11,"var":0.003215624718},"spectral_kurtosis":{"dmean":2.0519092083,"dmean2":3.25378394127,"dvar":17.1114883423,"dvar2":38.5645294189,"max":174.797439575,"mean":5.08462619781,"median":3.72113704681,"min":-1.21803438663,"var":37.3270721436},"spectral_rms":{"dmean":0.000723532168195,"dmean2":0.00103955704253,"dvar":0.00000103831087017,"dvar2":0.00000196396513275,"max":0.0145414592698,"mean":0.0052996291779,"median":0.0053882393986,"min":3.1338618766e-12,"var":0.00000568631003262},"spectral_rolloff":{"dmean":643.602233887,"dmean2":1027.49511719,"dvar":1494384.625,"dvar2":3163074,"max":19336.8164062,"mean":1557.2052002,"median":1055.12695312,"min":43.06640625,"var":2799126.5},"spectral_skewness":{"dmean":0.269384473562,"dmean2":0.401758342981,"dvar":0.130718976259,"dvar2":0.268683284521,"max":10.6039409637,"mean":1.60471367836,"median":1.485673666,"min":-0.0599425882101,"var":0.394162923098},"spectral_spread":{"dmean":785169.6875,"dmean2":1006079.8125,"dvar":1104160227330,"dvar2":1637740838910,"max":40378408,"mean":4795012.5,"median":4512747,"min":782709.4375,"var":3272169488380},"spectral_strongpeak":{"dmean":0.433896452188,"dmean2":0.766260206699,"dvar":1.52783250809,"dvar2":4.16029644012,"max":16.6056880951,"mean":0.732855677605,"median":0.346101760864,"min":0,"var":1.59617292881},"zerocrossingrate":{"dmean":0.0157051719725,"dmean2":0.0178572125733,"dvar":0.000365280022379,"dvar2":0.000446967052994,"max":0.5087890625,"mean":0.0579054877162,"median":0.05029296875,"min":0.00146484375,"var":0.00164778262842}},"metadata":{"audio_properties":{"analysis_sample_rate":44100,"bit_rate":192000,"codec":"mp3","downmix":"mix","equal_loudness":0,"length":276.741210938,"lossless":false,"md5_encoded":"80f473b6913a0cc4d5bed1cdcb668e68","replay_gain":-14.4283504486,"sample_rate":44100},"tags":{"album":["Illumination"],"albumartist":["Earth Wind &amp; Fire"],"artist":["Earth Wind &amp; Fire"],"date":["2005"],"file_name":"22644.mp3","genre":["Other"],"musicbrainz_recordingid":["f17ceb85-f12b-4728-8e45-79f2ddc9bd3f"],"title":["the way you move"],"tracknumber":["13"]},"version":{"essentia":"2.1-beta2","essentia_build_sha":"70f2e5ece6736b2c40cc944ad0e695b16b925413","essentia_git_sha":"v2.1_beta2","extractor":"music 1.0"}},"rhythm":{"beats_count":579,"beats_loudness":{"dmean":0.0326335653663,"dmean2":0.05929486081,"dvar":0.00115395488683,"dvar2":0.00336696743034,"max":0.214147984982,"mean":0.049901239574,"median":0.0434901677072,"min":5.74372585049e-8,"var":0.00122137519065},"beats_loudness_band_ratio":{"dmean":[0.390199452639,0.0695125758648,0.0921372994781,0.125673010945,0.0951381772757,0.166088744998],"dmean2":[0.7487154603,0.124172836542,0.162437111139,0.236104220152,0.183058455586,0.325402349234],"dvar":[0.0636970996857,0.0073005692102,0.00902991741896,0.00830461084843,0.00372527702712,0.0111800795421],"dvar2":[0.215930655599,0.0205740630627,0.0247387290001,0.0260119214654,0.0110069504008,0.035661123693],"max":[0.982826292515,0.643137991428,0.742053925991,0.679564476013,0.640147149563,0.89978569746],"mean":[0.45702534914,0.0808254927397,0.12705668807,0.134567663074,0.0928974151611,0.132116138935],"median":[0.438077539206,0.054265845567,0.0973951518536,0.126467317343,0.083517357707,0.0921611562371],"min":[0.00260876212269,0.000119950884255,0.000460528768599,0.000247636198765,0.000249169010203,0.000679364253301],"var":[0.0837948396802,0.00817054510117,0.012150