{"lowlevel":{"average_loudness":0.856255233288,"barkbands":{"dmean":[0.0000657626369502,0.0051682558842,0.00316871982068,0.00210283859633,0.00220720167272,0.0012203125516,0.000673837785143,0.00053139164811,0.000569398514926,0.000390607165173,0.000339117774274,0.000401499681175,0.000408788211644,0.000364381616237,0.000338422076311,0.000257444044109,0.000202308467124,0.000204593947274,0.000155882720719,0.000156706824782,0.000096313728136,0.0000587304748478,0.0000451807754871,0.0000300992232951,0.0000301642612612,0.0000181451559911,0.00000571277723793],"dmean2":[0.000110167944513,0.00840229354799,0.00528478948399,0.00347942602821,0.00357079645619,0.00197981041856,0.00108578475192,0.000858040235471,0.00090424407972,0.000649187713861,0.0005640569143,0.000673838658258,0.000674831157085,0.000603155931458,0.000562022498343,0.000426372163929,0.00033338542562,0.000342123006703,0.000257263018284,0.00026427526609,0.000153289394802,0.0000943662234931,0.0000690537344781,0.0000428000639658,0.0000417286173615,0.0000253837988566,0.0000082167380242],"dvar":[1.15855662841e-8,0.00010340361041,0.0000345522348653,0.0000296809466818,0.0000094767756309,0.00000588156353842,0.0000010635462786,0.00000168887959262,0.00000439307314082,4.30851429201e-7,3.20033478829e-7,6.32243143173e-7,8.61046657974e-7,4.47803785164e-7,4.13750257167e-7,1.75221771315e-7,8.50651602491e-8,7.88487852788e-8,4.5818151051e-8,5.56435963972e-8,2.03722052561e-8,1.29733983556e-8,9.74497460504e-9,4.94197971435e-9,5.45911316152e-9,1.60400770444e-9,1.9334470136e-10],"dvar2":[3.23971640626e-8,0.000255542428931,0.0000888386057341,0.0000738516609999,0.0000237826952798,0.0000161179614224,0.00000260640126726,0.00000408621463066,0.00000947594344325,0.00000112224108761,8.62567674176e-7,0.00000168642475273,0.00000218587274503,0.00000117013621548,0.00000105150127183,4.36615522403e-7,2.24330435117e-7,2.12142296618e-7,1.16678506856e-7,1.56195369527e-7,5.21985796809e-8,3.33851417622e-8,2.21521592181e-8,9.69807878448e-9,9.73287672679e-9,3.06026759489e-9,3.96231880639e-10],"max":[0.00311036664061,0.122820019722,0.116003528237,0.0744372159243,0.0500807315111,0.0484574101865,0.0186986941844,0.0661375373602,0.0906558334827,0.0200770311058,0.0166951920837,0.0322370566428,0.0295154321939,0.0193514358252,0.0193295199424,0.0126557974145,0.00703653134406,0.00658761616796,0.00487221684307,0.00370101584122,0.0034440769814,0.00259276037104,0.00520577654243,0.00413755746558,0.00292278057896,0.00123952678405,0.000560481334105],"mean":[0.000082418009697,0.00643670093268,0.00447446899489,0.00225605512969,0.00432057352737,0.00216465489939,0.00119547371287,0.000927669694647,0.00103508238681,0.000737330585252,0.000602422922384,0.000721163291018,0.000766928074881,0.00069448800059,0.000678148993757,0.000565461290535,0.000457622518297,0.000473365973448,0.000367350003216,0.000374465598725,0.000260317086941,0.000134822097607,0.000120254801004,0.0000811389836599,0.0000728554805391,0.0000368002984033,0.00000964489845501],"median":[0.0000423876117566,0.00261887931265,0.00249800574966,0.000785564130638,0.00259558367543,0.000945607374888,0.000649163499475,0.000339488207828,0.000397518335376,0.000397220690502,0.000359275349183,0.00042622294859,0.000429735460784,0.000425785023253,0.000421564414864,0.000379895413062,0.000323054555338,0.000344597210642,0.000270501011983,0.000269039301202,0.000186972611118,0.0000936338765314,0.0000740211107768,0.0000400828794227,0.0000276025602943,0.000010168213521,0.0000023386560315],"min":[3.18891441031e-12,3.16173628077e-13,3.15503086303e-15,1.56818557536e-15,1.31745979957e-14,1.54771842179e-14,1.93813013734e-14,1.21758038493e-14,2.82420181669e-14,2.7126106469e-14,3.44806275817e-14,2.73654373223e-14,3.97956271886e-14,3.14183832488e-14,3.60259849838e-14,4.74889259047e-14,6.30807119864e-14,8.68895003148e-14,6.98216373498e-14,1.11250025576e-13,1.65359181426e-13,1.4752738961e-13,1.77669009604e-13,1.81377834843e-13,4.95052837699e-13,8.98656474756e-13,1.26221593941e-11],"var":[1.36180906551e-8,0.000121775221487,0.0000438960705651,0.0000276579467027,0.0000265678754658,0.0000127781404444,0.00000234385584008,0.00000449609888165,0.0000135884984047,0.00000119259345865,7.3130297551e-7,0.00000104573052795,0.00000219560547521,9.73261990111e-7,9.86027885119e-7,4.89611409193e-7,2.35651697267e-7,2.27167163303e-7,1.31601581188e-7,1.51854735009e-7,7.98854742357e-8,2.71189648515e-8,4.01469506528e-8,2.7466443342e-8,1.98832310616e-8,4.69782213131e-9,3.98582444827e-10]},"barkbands_crest":{"dmean":2.67792510986,"dmean2":4.42375516891,"dvar":6.21996450424,"dvar2":16.2578716278,"max":24.8621635437,"mean":9.38003063202,"median":8.67585468292,"min":2.17348742485,"var":15.6765413284},"barkbands_flatness_db":{"dmean":0.0187264159322,"dmean2":0.0295115374029,"dvar":0.00032349943649,"dvar2":0.000784923089668,"max":0.527883827686,"mean":0.108287706971,"median":0.0987828224897,"min":0.0124416314065,"var":0.00232205935754},"barkbands_kurtosis":{"dmean":2.06481337547,"dmean2":3.33508825302,"dvar":12.7075052261,"dvar2":30.9367485046,"max":100.962799072,"mean":2.85958504677,"median":1.07814264297,"min":-1.90829133987,"var":31.9280166626},"barkbands_skewness":{"dmean":0.463666975498,"dmean2":0.739458918571,"dvar":0.228460520506,"dvar2":0.562829852104,"max":8.91876983643,"mean":1.5116635561,"median":1.35061788559,"min":-1.00217497349,"var":0.962212622166},"barkbands_spread":{"dmean":5.05447816849,"dmean2":7.99866104126,"dvar":30.3748245239,"dvar2":64.7657546997,"max":149.388504028,"mean":25.5988731384,"median":24.5726470947,"min":1.03962421417,"var":166.544937134},"dissonance":{"dmean":0.0104426927865,"dmean2":0.0177555084229,"dvar":0.0001013338333,"dvar2":0.000272410805337,"max":0.500000178814,"mean":0.481375396252,"median":0.485124826431,"min":0.276627212763,"var":0.000228608594625},"dynamic_complexity":3.1618847847,"erbbands":{"dmean":[0.119269929826,1.28087437153,3.15267777443,6.08946466446,6.18407058716,7.38336038589,12.8062553406,7.79058218002,9.98779392242,9.46655464172,11.3976402283,14.0420150757,10.2134332657,12.852312088,14.3063554764,14.5229434967,18.7824687958,17.8281841278,16.5546684265,14.7967920303,12.7581796646,10.5548782349,9.96330738068,9.55631732941,7.80965232849,7.40632915497,4.87160253525,3.18957138062,2.34203195572,1.44380891323,1.20790326595,0.854614317417,0.436680197716,0.368558138609,0.201260715723,0.0797018110752,0.0341852717102,0.00849834363908,0.000913741707336,0.0000502225702803],"dmean2":[0.190500602126,2.08972430229,5.20582771301,9.92167186737,10.2862987518,11.7958307266,21.0945262909,12.5982656479,16.0839519501,15.2482786179,18.425945282,22.2962417603,16.8466110229,21.4979515076,23.8906078339,24.2988376617,31.1492424011,29.4839057922,27.7619094849,24.325963974,20.9543533325,17.2701740265,16.5112800598,15.7624998093,13.0361747742,12.4809074402,8.01874542236,5.07807397842,3.81079626083,2.24415445328,1.84038054943,1.25058829784,0.62229436636,0.519378423691,0.281318724155,0.111725889146,0.0490509457886,0.0120628476143,0.00131473038346,0.0000725935315131],"dvar":[0.0525636672974,6.22845935822,26.6988391876,234.882125854,98.8798294067,107.192016602,878.307128906,166.907104492,274.380950928,305.830169678,1110.15332031,3459.11645508,355.248687744,507.106292725,481.17578125,852.953430176,1826.29174805,1065.04272461,1269.97827148,625.078430176,410.006439209,228.051986694,178.802078247,202.479690552,121.342102051,118.153877258,51.291179657,29.4038352966,21.3495311737,10.3705472946,7.76504707336,5.04264593124,0.863443732262,0.748339414597,0.273834496737,0.0298973340541,0.00597590301186,0.000494970416185,0.00000475023352919,9.90626158881e-9],"dvar2":[0.127743795514,15.4811887741,68.8080215454,577.700744629,252.278869629,268.363067627,2434.91455078,424.344848633,669.739929199,762.477539063,2699.02636719,7457.234375,893.076904297,1379.12072754,1297.68933105,2253.33618164,4865.90673828,2719.77832031,3253.19116211,1574.22143555,1025.81262207,602.050415039,466.82019043,527.153137207,329.098236084,330.482879639,138.753494263,72.0669631958,55.9254570007,25.7673225403,17.9119319916,11.711432457,1.63023304939,1.39473247528,0.489394754171,0.054284401238,0.0120678087696,0.000965439307038,0.00000996095695882,2.13305870744e-8],"max":[2.71129131317,29.7296695709,82.0712127686,201.124771118,127.704360962,175.427429199,554.627502441,433.759552002,336.011199951,470.540802002,2056.45947266,2528.59790039,761.98651123,500.804107666,535.108398438,1207.74914551,1327.89733887,1323.6126709,1197.05407715,592.572937012,609.311950684,335.38671875,267.911346436,377.20892334,165.566055298,197.095123291,113.890708923,202.312225342,94.4006195068,179.571914673,139.088027954,160.559432983,49.0357284546,35.3057823181,19.5624847412,4.90501594543,2.73754954338,1.22987365723,0.0778265669942,0.00267395190895],"mean":[0.152948945761,1.59998166561,4.79524326324,7.24482584,9.14311027527,14.376783371,22.1589736938,14.6653833389,17.692281723,17.9010372162,20.9235572815,26.2689628601,19.5570526123,24.8101043701,28.2648639679,28.727355957,36.8137512207,36.7871894836,34.7260971069,33.705165863,29.5315532684,25.7935829163,24.9785366058,22.8779697418,18.7056217194,17.7741336823,12.6199378967,8.2118062973,5.26362943649,3.78388094902,3.21061873436,2.19850111008,1.14950060844,0.879906058311,0.464526832104,0.172918498516,0.0649661943316,0.0150416838005,0.00157154188491,0.000107655061584],"median":[0.062267459929,0.666681647301,2.88165068626,2.9722442627,4.79489612579,8.32121181488,8.23789405823,7.94306564331,9.18167972565,9.0154504776,8.22007083893,9.49970245361,11.574426651,15.4556045532,18.161693573,18.1492919922,21.497461319,22.7704410553,21.9602203369,22.8872528076,20.7653121948,18.6427459717,18.9652614594,16.4865589142,14.3081912994,13.1555900574,9.0314655304,5.91617298126,3.5738120079,2.65710711479,1.96867489815,1.09997224808,0.562418580055,0.351010978222,0.17082503438,0.0576289817691,0.0157961882651,0.00336401024833,0.000410705077229,0.0000657591954223],"min":[3.32529448421e-10,3.04585766331e-11,8.10721888928e-12,6.5694550494e-12,1.013942489e-11,4.58339442788e-11,1.14675720309e-10,8.91088383637e-11,1.75238393241e-10,2.34765568097e-10,3.70111941095e-10,6.88626489165e-10,4.05536354497e-10,9.95225124534e-10,1.65467528568e-9,1.35536770696e-9,1.70299374602e-9,1.58783219906e-9,1.3368670615e-9,3.20502979712e-9,2.2592714366e-9,3.74407127524e-9,4.78505901569e-9,3.77899134207e-9,3.93584720371e-9,5.09775510693e-9,6.1792859718e-9,6.05606143012e-9,5.91891291535e-9,5.8074127729e-9,5.16824139041e-9,4.74083838853e-9,2.22988560949e-9,4.58127313863e-9,4.35463309856e-9,3.13593440104e-9,2.00223926328e-9,9.70130642486e-10,8.57980020363e-10,2.41046627103e-10],"var":[0.0647253021598,7.2829618454,37.6581230164,229.774291992,149.560943604,296.709014893,1724.89953613,422.209747314,583.703613281,814.507385254,2808.82080078,10725.78125,995.660949707,1139.65234375,1201.5447998,1520.49658203,4411.63916016,2919.7890625,3121.55639648,1716.38684082,1085.75720215,675.948242188,594.788391113,562.909973145,323.174102783,313.801818848,180.516586304,90.0724945068,43.0758781433,24.9648265839,32.4749946594,21.8708324432,5.25857210159,3.00363206863,0.866002321243,0.0987074226141,0.0154703259468,0.00112938357051,0.0000100025436041,1.9861493783e-8]},"erbbands_crest":{"dmean":1.80151152611,"dmean2":2.96449542046,"dvar":3.50279355049,"dvar2":8.95083236694,"max":29.5464057922,"mean":6.49512386322,"median":5.32820224762,"min":1.86346173286,"var":13.4653892517},"erbbands_flatness_db":{"dmean":0.0128320697695,"dmean2":0.0180993825197,"dvar":0.000155254267156,"dvar2":0.000290247757221,"max":0.410062819719,"mean":0.131920054555,"median":0.128804892302,"min":0.0146802403033,"var":0.00122558907606},"erbbands_kurtosis":{"dmean":0.44510692358,"dmean2":0.719195783138,"dvar":0.415919840336,"dvar2":1.03033339977,"max":20.6797866821,"mean":-0.305126696825,"median":-0.547524452209,"min":-1.68827521801,"var":1.07290875912},"erbbands_skewness":{"dmean":0.235978499055,"dmean2":0.373932033777,"dvar":0.0454051420093,"dvar2":0.110137440264,"max":3.85610461235,"mean":-0.0147524373606,"median":-0.0507497638464,"min":-2.22998595238,"var":0.237228572369},"erbbands_spread":{"dmean":6.54076194763,"dmean2":10.1669721603,"dvar":40.8836669922,"dvar2":89.6731872559,"max":160.281402588,"mean":42.1920967102,"median":40.9709854126,"min":5.89969110489,"var":198.358840942},"gfcc":{"cov":[[13776.6728516,-1077.63989258,-205.046875,-28.7074279785,-990.811889648,546.112731934,-766.798156738,170.805130005,-344.373321533,428.135253906,83.681678772,574.653503418,-46.2261314392],[-1077.63989258,1438.38146973,-398.203521729,179.962112427,144.862548828,-213.263122559,159.555587769,-149.185836792,151.094055176,-134.932067871,126.414344788,-104.098648071,88.2802505493],[-205.046875,-398.203521729,528.431213379,-76.2490463257,39.8706016541,89.4167098999,-89.0146865845,65.0479125977,-28.0293769836,41.6318664551,-40.7330741882,39.0651054382,-48.1915168762],[-28.7074279785,179.962112427,-76.2490463257,289.501281738,28.5643787384,26.0160274506,58.4891662598,-32.8661003113,50.1756019592,-29.6541633606,23.8629417419,-23.1520328522,37.6782798767],[-990.811889648,144.862548828,39.8706016541,28.5643787384,221.354187012,-28.9172210693,101.624008179,6.41130542755,47.9005393982,-30.857257843,-11.4119377136,-44.4545402527,-5.57652235031],[546.112731934,-213.263122559,89.4167098999,26.0160274506,-28.9172210693,184.768936157,-26.4083042145,58.6313591003,0.289939701557,44.2574996948,2.2784538269,20.8219890594,-17.9200172424],[-766.798156738,159.555587769,-89.0146865845,58.4891662598,101.624008179,-26.4083042145,182.893035889,10.7744455338,49.46534729,-31.1873493195,-9.17764186859,-56.8180351257,9.18056869507],[170.805130005,-149.185836792,65.0479125977,-32.8661003113,6.41130542755,58.6313591003,10.7744455338,94.2072372437,16.5442848206,35.5390815735,-17.8654556274,5.82904338837,-18.1947898865],[-344.373321533,151.094055176,-28.0293769836,50.1756019592,47.9005393982,0.289939701557,49.46534729,16.5442848206,106.233764648,4.34117841721,14.6732387543,-32.2878303528,-0.178766161203],[428.135253906,-134.932067871,41.6318664551,-29.6541633606,-30.857257843,44.2574996948,-31.1873493195,35.5390815735,4.34117841721,74.9695281982,14.2225122452,31.5669498444,-11.1091852188],[83.681678772,126.414344788,-40.7330741882,23.8629417419,-11.4119377136,2.2784538269,-9.17764186859,-17.8654556274,14.6732387543,14.2225122452,72.861289978,30.7403869629,20.5377902985],[574.653503418,-104.098648071,39.0651054382,-23.1520328522,-44.4545402527,20.8219890594,-56.8180351257,5.82904338837,-32.2878303528,31.5669498444,30.7403869629,88.6351089478,20.9114875793],[-46.2261314392,88.2802505493,-48.1915168762,37.6782798767,-5.57652235031,-17.9200172424,9.18056869507,-18.1947898865,-0.178766161203,-11.1091852188,20.5377902985,20.9114875793,56.905620575]],"icov":[[0.00023656313715,-0.00025308484328,0.000360276055289,-0.000339933874784,0.000519874098245,-0.000435012509115,0.000447552272817,-0.000339311634889,0.000414154375903,-0.000750054081436,0.00101043295581,-0.00155336316675,0.000909259135369],[-0.00025308484328,0.00225482345559,0.000178486225195,0.000368129985873,-0.00115253299009,0.00144824164454,-0.000258036685409,0.00102274748497,-0.00208884221502,0.00284007075243,-0.00465782172978,0.00350427953526,-0.00214323960245],[0.000360276055289,0.000178486225195,0.00367443612777,-0.000416494876845,-0.00104507454671,-0.00125743448734,0.00248132320121,-0.00117690931074,0.000271981785772,-0.000664513674565,0.00218976382166,-0.00342073687352,0.00246615917422],[-0.000339933874784,0.000368129985873,-0.000416494876845,0.00563488388434,-0.000670105800964,-0.0017399842618,-0.00163085164968,0.0030378755182,-0.00278798257932,0.00233522499911,-0.00173982686829,0.00288898521103,-0.00429667858407],[0.000519874098245,-0.00115253299009,-0.00104507454671,-0.000670105800964,0.00881777331233,-0.000324910855852,-0.00305117433891,-0.000815057370346,-0.000483516196255,-0.000321561616147,0.00263897865079,-0.00353742111474,0.00304555892944],[-0.000435012509115,0.00144824164454,-0.00125743448734,-0.0017399842618,-0.000324910855852,0.0100013110787,-0.000196915250854,-0.00415477808565,-0.00023144260922,0.00025767183979,-0.00514652673155,0.00391730526462,-0.000224426214118],[0.000447552272817,-0.000258036685409,0.00248132320121,-0.00163085164968,-0.00305117433891,-0.000196915250854,0.0117079662159,-0.00441602710634,0.0000781476919656,-0.000186008634046,0.00143753457814,0.00136592797935,-0.000773621024564],[-0.000339311634889,0.00102274748497,-0.00117690931074,0.0030378755182,-0.000815057370346,-0.00415477808565,-0.00441602710634,0.0212296228856,-0.00579062988982,-0.00444145221263,0.00420346809551,-0.000720532028936,-0.000895865727216],[0.000414154375903,-0.00208884221502,0.000271981785772,-0.00278798257932,-0.000483516196255,-0.00023144260922,0.0000781476919656,-0.00579062988982,0.0175366289914,-0.00638658413664,-0.00131562934257,0.00293316715397,0.00187415175606],[-0.000750054081436,0.00284007075243,-0.000664513674565,0.00233522499911,-0.000321561616147,0.00025767183979,-0.000186008634046,-0.00444145221263,-0.00638658413664,0.0282418113202,-0.0109597630799,0.000258965766989,0.00088903302094],[0.00101043295581,-0.00465782172978,0.00218976382166,-0.00173982686829,0.00263897865079,-0.00514652673155,0.00143753457814,0.00420346809551,-0.00131562934257,-0.0109597630799,0.0338074117899,-0.0194117221981,0.00359133910388],[-0.00155336316675,0.00350427953526,-0.00342073687352,0.00288898521103,-0.00353742111474,0.00391730526462,0.00136592797935,-0.000720532028936,0.00293316715397,0.000258965766989,-0.0194117221981,0.0378992855549,-0.0179332140833],[0.000909259135369,-0.00214323960245,0.00246615917422,-0.00429667858407,0.00304555892944,-0.000224426214118,-0.000773621024564,-0.000895865727216,0.00187415175606,0.00088903302094,0.00359133910388,-0.0179332140833,0.0321093797684]],"mean":[16.1251850128,92.7321548462,-117.790565491,35.7367973328,-42.7561378479,10.0560541153,-31.9757938385,3.57983112335,-23.3327941895,1.55638206005,-13.8342456818,-1.48159146309,-10.4251489639]},"hfc":{"dmean":4.44643068314,"dmean2":6.6053109169,"dvar":30.926492691,"dvar2":72.2336349487,"max":113.122070313,"mean":21.7164268494,"median":20.398393631,"min":4.09319284245e-7,"var":222.454391479},"melbands":{"dmean":[0.00130271201488,0.00159104994964,0.000986095285043,0.000469669495942,0.000419874180807,0.000187927857041,0.000146968304762,0.000103699581814,0.000102334677649,0.0000815380481072,0.0000513057711942,0.0000537664527656,0.0000492896106152,0.0000449685940112,0.0000429447063652,0.0000393760019506,0.0000349253095919,0.0000280400508927,0.0000239984474319,0.0000200642207346,0.0000155697762239,0.0000117776626212,0.0000117555719044,0.0000105229091787,0.00000829040254757,0.00000633315585219,0.00000679949698679,0.00000489238300361,0.00000369529402633,0.00000231217609326,0.00000203786771635,0.00000153841915562,0.00000104909997845,9.00783163615e-7,7.93258436715e-7,7.21802337011e-7,5.01917043039e-7,3.16079933782e-7,3.5490043615e-7,3.27616390905e-7],"dmean2":[0.00209202617407,0.00258371210657,0.00161101226695,0.000768206897192,0.000687029212713,0.000303086038912,0.000235638784943,0.000167335820151,0.000163982651429,0.000129620864755,0.0000847913470352,0.0000900086015463,0.0000820723871584,0.0000760937400628,0.0000710582971806,0.0000647272609058,0.0000580045270908,0.0000470742852485,0.0000397485382564,0.0000333500684064,0.0000258749296336,0.0000194464955712,0.0000197237368411,0.0000176493758772,0.0000137603046824,0.000010603967894,0.000011540894775,0.00000823303071229,0.00000614512782704,0.00000377684796149,0.00000327255384036,0.00000256103567153,0.00000169659256244,0.00000141560747124,0.00000124253358535,0.00000111988515528,7.48813420159e-7,4.6837891432e-7,5.24678739566e-7,4.72003762297e-7],"dvar":[0.0000066101529228,0.00000648192190056,0.00000535927983947,4.06423595223e-7,7.53158985844e-7,9.92644473286e-8,5.61795054921e-8,4.06321554181e-8,1.01917358108e-7,1.02454478679e-7,9.09455266651e-9,8.95160034986e-9,6.53752474378e-9,6.0948073255e-9,1.10906590578e-8,8.81146089426e-9,4.04873734539e-9,3.90335319622e-9,1.93794624792e-9,1.1827313573e-9,5.98294580545e-10,2.81938222768e-10,3.05354075358e-10,2.22294668784e-10,1.58523180693e-10,7.38398717171e-11,1.18118625991e-10,4.95424951064e-11,3.47811328349e-11,1.30254383668e-11,1.24758146522e-11,9.88963598514e-12,4.02819184259e-12,3.95582394966e-12,3.21540146939e-12,3.65128066671e-12,1.69420814183e-12,5.0243419451e-13,5.32366143356e-13,7.11827190074e-13],"dvar2":[0.0000161488442245,0.0000160468134709,0.0000133377288876,0.00000103871514057,0.000002063290367,2.58381959384e-7,1.36435104992e-7,1.00528559699e-7,2.42809733209e-7,2.21739526296e-7,2.2976903935e-8,2.44278286488e-8,1.73325478414e-8,1.66150826431e-8,2.957815326e-8,2.21724416605e-8,1.03925748007e-8,9.99452520745e-9,4.89632956402e-9,2.91806068198e-9,1.52757317906e-9,7.37671645989e-10,8.23651480353e-10,6.05129335529e-10,4.13300310642e-10,1.984733905e-10,3.27749077877e-10,1.37785130527e-10,9.70344568585e-11,3.28456498111e-11,3.08871782317e-11,2.64075514927e-11,1.04897627043e-11,9.66781255746e-12,7.57964871423e-12,9.30179804709e-12,3.73685977995e-12,1.00199633746e-12,1.16978692358e-12,1.36926483606e-12],"max":[0.031379789114,0.0310667734593,0.0290827993304,0.0100628752261,0.0158605873585,0.00848755519837,0.00448153167963,0.00595453800634,0.0183099322021,0.013843504712,0.00381338270381,0.00211687595583,0.00252526183613,0.00194781040773,0.00443395925686,0.00395647948608,0.00220264401287,0.00181518285535,0.00160414469428,0.00128842482809,0.000805009622127,0.000313604046823,0.000543225673027,0.000327448069584,0.000320185266901,0.000154342749738,0.000186713426956,0.000135144757223,0.000103460864921,0.0000678472933942,0.000129672625917,0.0000629625355941,0.0000648935019854,0.000107749736344,0.0000709610903868,0.000154886583914,0.0000678225842421,0.0000322400046571,0.0000324778775393,0.000039053717046],"mean":[0.00163349125069,0.00242079584859,0.00128287775442,0.000845289090648,0.000774005195126,0.000349159905454,0.000262626243057,0.000192707972019,0.000184534932487,0.000150531792315,0.0000937608274398,0.0000989596592262,0.0000923536790651,0.0000815006205812,0.0000789177574916,0.0000764328869991,0.0000667236454319,0.0000542864545423,0.0000483392868773,0.0000428793173342,0.0000321598599839,0.000025911584089,0.0000247998996201,0.0000225934727496,0.0000180755960173,0.0000134607435029,0.0000140130896398,0.0000109858974611,0.00000842422196001,0.00000561088427276,0.00000451735149909,0.00000301657200907,0.00000231276794693,0.00000211753490476,0.00000191762046597,0.00000167494511061,0.00000119314529456,7.6043346553e-7,8.13588656001e-7,7.26207304069e-7],"median":[0.000642135506496,0.00138730730396,0.000626803608611,0.000507717835717,0.00033110086224,0.000178806352778,0.000140155287227,0.0000922531762626,0.0000650345609756,0.0000582185930398,0.0000544532667845,0.0000585565358051,0.0000573335091758,0.0000495116692036,0.000043727861339,0.0000443835670012,0.0000396229661419,0.0000331477895088,0.0000310743489536,0.0000268396543106,0.0000221749942284,0.0000181249015441,0.0000174986762431,0.0000158654602274,0.0000123140252981,0.00000983286918199,0.00000962315971265,0.00000777428977017,0.00000553461040909,0.00000392985566577,0.00000306150673168,0.00000194621270566,0.00000153922428581,0.00000135197001327,0.00000114442116228,8.68040103796e-7,5.51569769414e-7,3.70915984149e-7,3.42469917314e-7,2.7176400863e-7],"min":[4.52213917354e-12,2.49496011009e-15,9.8500286178e-16,1.43726456314e-15,3.75506942638e-15,2.12153970607e-15,2.86931034454e-15,2.50989647733e-15,3.13530643031e-15,4.09615942985e-15,1.82067741485e-15,3.75707604744e-15,6.04014790116e-15,2.34715497838e-15,2.4751336099e-15,4.06256695019e-15,2.2210410899e-15,1.89915014697e-15,3.5788620094e-15,3.97779208118e-15,1.82668944295e-15,3.62023025151e-15,4.07402518839e-15,4.03682943057e-15,2.62901345015e-15,3.24665695803e-15,2.98404138076e-15,3.22293114167e-15,3.74094599902e-15,3.94973157371e-15,3.32864657096e-15,3.36127343305e-15,2.81513178789e-15,3.18369954016e-15,2.73014600768e-15,3.03180683921e-15,2.87566880912e-15,1.17412287253e-15,1.84648417941e-15,4.7857416577e-15],"var":[0.0000079624578575,0.00000909579648578,0.00000529689032192,8.95259290701e-7,0.00000161616583227,2.48368991151e-7,1.23517224893e-7,1.10515031793e-7,2.54523172316e-7,3.21174042028e-7,2.46623486078e-8,1.98431422405e-8,1.60989177544e-8,1.17708127689e-8,1.92426430345e-8,2.40429862686e-8,1.00000896452e-8,9.11754938215e-9,3.94482269073e-9,3.47920248167e-9,1.32183375356e-9,7.40003391897e-10,7.26327831213e-10,5.76668546248e-10,3.94746180188e-10,1.74636263783e-10,2.58440907563e-10,1.30517638364e-10,9.59209378593e-11,4.20562092096e-11,3.08739527e-11,1.58557750263e-11,8.50967039889e-12,9.52222155293e-12,1.06172544714e-11,1.57196911738e-11,6.31352001929e-12,2.45044956548e-12,2.64053319141e-12,2.26864772628e-12]},"melbands_crest":{"dmean":3.26112151146,"dmean2":5.38799190521,"dvar":7.68962860107,"dvar2":20.4860877991,"max":38.6839485168,"mean":13.9634971619,"median":13.3116874695,"min":3.99058842659,"var":25.5118160248},"melbands_flatness_db":{"dmean":0.0244212038815,"dmean2":0.0386276841164,"dvar":0.000538857188076,"dvar2":0.00131026189774,"max":0.719198822975,"mean":0.182072103024,"median":0.171464800835,"min":0.0489859655499,"var":0.00385666708462},"melbands_kurtosis":{"dmean":5.9990272522,"dmean2":9.63634490967,"dvar":92.366859436,"dvar2":227.183731079,"max":219.222763062,"mean":11.9921617508,"median":7.39873123169,"min":-1.46893882751,"var":214.452041626},"melbands_skewness":{"dmean":0.685710310936,"dmean2":1.08963871002,"dvar":0.510887861252,"dvar2":1.2323474884,"max":12.8501596451,"mean":2.77927303314,"median":2.53308725357,"min":-0.52045828104,"var":1.98537993431},"melbands_spread":{"dmean":6.40195083618,"dmean2":10.2898378372,"dvar":45.4092178345,"dvar2":108.409889221,"max":173.365951538,"mean":24.4783153534,"median":22.3780097961,"min":1.16450643539,"var":198.913513184},"mfcc":{"cov":[[8545.43261719,-265.277587891,-295.007476807,-27.2415122986,-239.306640625,29.7230072021,-15.3747119904,-105.325637817,-149.364807129,-112.7315979,-88.8920211792,-25.1671180725,64.5056228638],[-265.277587891,1036.43688965,-249.265350342,184.546798706,20.1865844727,-14.567029953,-19.5197086334,-4.39386749268,-40.6195373535,-17.070016861,-9.83866214752,8.33121204376,17.8248786926],[-295.007476807,-249.265350342,378.089172363,-72.2363204956,88.6879501343,11.1793994904,-4.87074422836,9.40171432495,8.71206951141,14.8489580154,5.59207677841,5.90908622742,-7.33752298355],[-27.2415122986,184.546798706,-72.2363204956,237.719543457,10.6850175858,44.9867668152,5.83917427063,15.6455755234,20.0253353119,-18.2167396545,-2.24074172974,-1.07108509541,9.53199291229],[-239.306640625,20.1865844727,88.6879501343,10.6850175858,138.978149414,26.8895378113,2.19035720825,20.3172168732,11.9544334412,20.5384311676,12.9867334366,4.38466835022,0.0122275520116],[29.7230072021,-14.567029953,11.1793994904,44.9867668152,26.8895378113,90.5345077515,26.5090885162,26.0962791443,19.4115066528,15.1778049469,15.5297651291,3.63886713982,1.92961370945],[-15.3747119904,-19.5197086334,-4.87074422836,5.83917427063,2.19035720825,26.5090885162,77.3291854858,27.1099872589,15.8218564987,3.02915740013,7.10232400894,3.15582156181,-2.90370059013],[-105.325637817,-4.39386749268,9.40171432495,15.6455755234,20.3172168732,26.0962791443,27.1099872589,66.847366333,33.6180419922,22.3872776031,16.4702167511,3.66892123222,1.18989431858],[-149.364807129,-40.6195373535,8.71206951141,20.0253353119,11.9544334412,19.4115066528,15.8218564987,33.6180419922,76.9901580811,36.9629211426,23.1945915222,5.2950720787,-3.1711564064],[-112.7315979,-17.070016861,14.8489580154,-18.2167396545,20.5384311676,15.1778049469,3.02915740013,22.3872776031,36.9629211426,74.6340026855,36.6880874634,7.91705036163,-4.13796806335],[-88.8920211792,-9.83866214752,5.59207677841,-2.24074172974,12.9867334366,15.5297651291,7.10232400894,16.4702167511,23.1945915222,36.6880874634,61.8279800415,22.189573288,2.79827356339],[-25.1671180725,8.33121204376,5.90908622742,-1.07108509541,4.38466835022,3.63886713982,3.15582156181,3.66892123222,5.2950720787,7.91705036163,22.189573288,42.1416740417,16.7042217255],[64.5056228638,17.8248786926,-7.33752298355,9.53199291229,0.0122275520116,1.92961370945,-2.90370059013,1.18989431858,-3.1711564064,-4.13796806335,2.79827356339,16.7042217255,43.3913612366]],"icov":[[0.000135490307002,0.0000677369243931,0.000109786218673,0.00000883491611603,0.000146453123307,-0.000186183315236,0.0000136146663863,0.000087538457592,0.000228907476412,-0.0000071244044193,0.0000965927465586,0.000051899227401,-0.000216031723539],[0.0000677369243931,0.00149721035268,0.00100005720742,-0.00109456165228,-0.000781883718446,0.000691237743013,0.000160301322467,-0.000306296919007,0.00139222911093,-0.000662020116579,0.000344996486092,-0.00059013342252,-0.0000740275791031],[0.000109786218673,0.00100005720742,0.00415893038735,0.000627056113444,-0.00268296268769,-0.000217637498281,0.000627533125225,-0.000192352075828,0.000336545519531,0.000163424119819,0.000693249516189,-0.0010471950518,0.000447817117674],[0.00000883491611603,-0.00109456165228,0.000627056113444,0.00650914106518,-0.000293303251965,-0.00353772798553,0.00104312377516,-0.000149812913151,-0.00330149033107,0.0036850089673,-0.000302452914184,0.000779492955189,-0.000826474977657],[0.000146453123307,-0.000781883718446,-0.00268296268769,-0.000293303251965,0.0101535087451,-0.0022781661246,0.000660737685394,-0.00155134941451,0.000610712042544,-0.00160046329256,-0.000292566808639,0.000342031562468,-0.000321375962812],[-0.000186183315236,0.000691237743013,-0.000217637498281,-0.00353772798553,-0.0022781661246,0.0161274988204,-0.00412487937137,-0.00252358336002,0.000749447499402,-0.00222804304212,-0.00181792816147,0.000517908250913,-0.000430049491115],[0.0000136146663863,0.000160301322467,0.000627533125225,0.00104312377516,0.000660737685394,-0.00412487937137,0.0167180635035,-0.0059007415548,-0.00132416456472,0.00297980965115,-0.0001974930492,-0.00165438558906,0.0020917034708],[0.000087538457592,-0.000306296919007,-0.000192352075828,-0.000149812913151,-0.00155134941451,-0.00252358336002,-0.0059007415548,0.0233980454504,-0.00691382493824,-0.00206654169597,-0.00118749053217,0.00167351379059,-0.0021977876313],[0.000228907476412,0.00139222911093,0.000336545519531,-0.00330149033107,0.000610712042544,0.000749447499402,-0.00132416456472,-0.00691382493824,0.0227094404399,-0.00911604985595,-0.000768700439949,-0.000874410034157,0.0011139503913],[-0.0000071244044193,-0.000662020116579,0.000163424119819,0.0036850089673,-0.00160046329256,-0.00222804304212,0.00297980965115,-0.00206654169597,-0.00911604985595,0.0255034323782,-0.0115169715136,0.00235310546122,0.0014590168139],[0.0000965927465586,0.000344996486092,0.000693249516189,-0.000302452914184,-0.000292566808639,-0.00181792816147,-0.0001974930492,-0.00118749053217,-0.000768700439949,-0.0115169715136,0.0291167646646,-0.0137814264745,0.00227181660011],[0.000051899227401,-0.00059013342252,-0.0010471950518,0.000779492955189,0.000342031562468,0.000517908250913,-0.00165438558906,0.00167351379059,-0.000874410034157,0.00235310546122,-0.0137814264745,0.0361030399799,-0.013211988844],[-0.000216031723539,-0.0000740275791031,0.000447817117674,-0.000826474977657,-0.000321375962812,-0.000430049491115,0.0020917034708,-0.0021977876313,0.0011139503913,0.0014590168139,0.00227181660011,-0.013211988844,0.0290345791727]],"mean":[-622.098449707,121.871810913,-9.51392745972,28.8824424744,8.56869697571,10.2402486801,3.52926039696,2.56012821198,-2.131524086,1.76127016544,-2.3695230484,-0.0320846550167,-0.756052851677]},"pitch_salience":{"dmean":0.0723248645663,"dmean2":0.11883482337,"dvar":0.00429199170321,"dvar2":0.0110640889034,"max":0.848506331444,"mean":0.585507810116,"median":0.601467132568,"min":0.129321858287,"var":0.0125238401815},"silence_rate_20dB":{"dmean":0,"dmean2":0,"dvar":0,"dvar2":0,"max":1,"mean":1,"median":1,"min":1,"var":0},"silence_rate_30dB":{"dmean":0.00627758726478,"dmean2":0.012556405738,"dvar":0.00623800465837,"dvar2":0.0167144611478,"max":1,"mean":0.995782673359,"median":1,"min":0,"var":0.00419971020892},"silence_rate_60dB":{"dmean":0.00274644442834,"dmean2":0.00549342762679,"dvar":0.00273892492987,"dvar2":0.00644441414624,"max":1,"mean":0.0285406038165,"median":0,"min":0,"var":0.0277267582715},"spectral_centroid":{"dmean":226.165588379,"dmean2":362.228729248,"dvar":54431.09375,"dvar2":120510,"max":10609.7148438,"mean":1452.51623535,"median":1449.09973145,"min":183.161743164,"var":300191.53125},"spectral_complexity":{"dmean":3.85326147079,"dmean2":6.06219339371,"dvar":12.7608308792,"dvar2":30.1467227936,"max":61,"mean":27.9710674286,"median":30,"min":0,"var":164.184539795},"spectral_contrast_coeffs":{"dmean":[0.0522535964847,0.0456373170018,0.0330382324755,0.0252408590168,0.0178964454681,0.0171457175165],"dmean2":[0.0857034102082,0.0759106352925,0.0557303018868,0.0423795543611,0.0301863998175,0.0269110817462],"dvar":[0.00175871315878,0.00128502224106,0.00065903441282,0.000392527610529,0.000195899236132,0.000249443168286],"dvar2":[0.00464836368337,0.00352435698733,0.00188418466132,0.00110234483145,0.000536535866559,0.000584074994549],"max":[-0.355848968029,-0.46483656764,-0.543594062328,-0.617632865906,-0.691822707653,-0.573104798794],"mean":[-0.644370317459,-0.753336846828,-0.811145424843,-0.811551511288,-0.808629691601,-0.751974701881],"median":[-0.650947749615,-0.75834774971,-0.816693663597,-0.814725518227,-0.808054745197,-0.757087469101],"min":[-0.959410309792,-0.965697526932,-0.974294483662,-0.956580281258,-0.956301450729,-0.959047615528],"var":[0.00550358602777,0.00420242501423,0.00223551387899,0.00158980314154,0.000861879321747,0.00197723926976]},"spectral_contrast_valleys":{"dmean":[0.410227864981,0.316433727741,0.261826962233,0.211386606097,0.198723375797,0.238206461072],"dmean2":[0.67035472393,0.52827578783,0.438450783491,0.347214609385,0.312182247639,0.311637222767],"dvar":[0.13440528512,0.0838302448392,0.0597046203911,0.0460578203201,0.0579495616257,0.0896725878119],"dvar2":[0.302162230015,0.184819549322,0.128099665046,0.0920589566231,0.109606012702,0.147812843323],"max":[-5.14824914932,-4.97434139252,-5.41772937775,-5.55811309814,-5.63454818726,-7.72747182846],"mean":[-6.93939733505,-6.58414697647,-6.90721464157,-7.05740785599,-7.0770201683,-10.1311674118],"median":[-6.79108190536,-6.41749668121,-6.67483139038,-6.83296060562,-6.80875492096,-9.74357700348],"min":[-27.484670639,-26.941286087,-26.8294734955,-27.1282157898,-27.2026405334,-27.3443527222],"var":[1.38869011402,1.57819998264,1.34996128082,1.20004367828,1.1927626133,2.02610063553]},"spectral_decrease":{"dmean":2.75787592763e-9,"dmean2":4.28860191803e-9,"dvar":1.57126266077e-17,"dvar2":3.63815076876e-17,"max":-5.90025738905e-18,"mean":-7.43944106318e-9,"median":-6.11325745581e-9,"min":-4.38900542576e-8,"var":3.17597849074e-17},"spectral_energy":{"dmean":0.010667944327,"dmean2":0.0165378749371,"dvar":0.000231298297876,"dvar2":0.000533669197466,"max":0.168482005596,"mean":0.0300479549915,"median":0.0250273235142,"min":5.93953428107e-11,"var":0.000490865495522},"spectral_energyband_high":{"dmean":0.000255512277363,"dmean2":0.000376074633095,"dvar":1.5488657823e-7,"dvar2":3.39129741178e-7,"max":0.0120738456026,"mean":0.000880552746821,"median":0.000716654350981,"min":9.03466017277e-12,"var":8.21517005534e-7},"spectral_energyband_low":{"dmean":0.00813161116093,"dmean2":0.0128354243934,"dvar":0.000189873302588,"dvar2":0.000443590368377,"max":0.150038391352,"mean":0.0124071072787,"median":0.00661611417308,"min":2.01613968576e-11,"var":0.000262681132881},"spectral_energyband_middle_high":{"dmean":0.00147292064503,"dmean2":0.00234352215193,"dvar":0.00000390614741264,"dvar2":0.0000100336810647,"max":0.0417744517326,"mean":0.00617409590632,"median":0.00524962227792,"min":8.39967635377e-13,"var":0.0000250050889008},"spectral_energyband_middle_low":{"dmean":0.00494079338387,"dmean2":0.00791374593973,"dvar":0.0000545761467947,"dvar2":0.000137330353027,"max":0.0988239943981,"mean":0.0121339503676,"median":0.00932423491031,"min":1.49368527529e-13,"var":0.000119494638056},"spectral_entropy":{"dmean":0.0984474569559,"dmean2":0.145187243819,"dvar":0.0103965112939,"dvar2":0.0203441493213,"max":9.79243278503,"mean":7.79794406891,"median":7.83837223053,"min":4.74157619476,"var":0.0824215039611},"spectral_flux":{"dmean":0.0228026118129,"dmean2":0.0372248254716,"dvar":0.000862460874487,"dvar2":0.00209774682298,"max":0.352170586586,"mean":0.088274627924,"median":0.0822186470032,"min":0.00000374497653866,"var":0.00206711422652},"spectral_kurtosis":{"dmean":1.22306466103,"dmean2":2.07693266869,"dvar":10.0913581848,"dvar2":20.5712547302,"max":233.41569519,"mean":4.35887479782,"median":3.97722244263,"min":-1.25685405731,"var":15.0136632919},"spectral_rms":{"dmean":0.000862832763232,"dmean2":0.00131946301553,"dvar":0.00000100688816929,"dvar2":0.00000223880101657,"max":0.0128207914531,"mean":0.00505505874753,"median":0.00494134612381,"min":2.40721163891e-7,"var":0.0000037613403947},"spectral_rolloff":{"dmean":454.888031006,"dmean2":751.695068359,"dvar":556927.8125,"dvar2":1124808.5,"max":20348.8769531,"mean":1481.66601563,"median":1335.05859375,"min":86.1328125,"var":2000051.625},"spectral_skewness":{"dmean":0.170272633433,"dmean2":0.276060461998,"dvar":0.0501920245588,"dvar2":0.109066449106,"max":13.6284456253,"mean":1.4401447773,"median":1.44495391846,"min":0.0234577711672,"var":0.159414619207},"spectral_spread":{"dmean":392452.3125,"dmean2":533202.875,"dvar":297304555520,"dvar2":370585403392,"max":42168624,"mean":4278581.5,"median":4094566.75,"min":685633.6875,"var":1910936305660},"spectral_strongpeak":{"dmean":0.390281766653,"dmean2":0.66691493988,"dvar":0.484185814857,"dvar2":1.28313851357,"max":10.4178724289,"mean":0.674515128136,"median":0.37753367424,"min":0,"var":0.868110895157},"zerocrossingrate":{"dmean":0.00887852907181,"dmean2":0.0106516107917,"dvar":0.000104779595858,"dvar2":0.000137005161378,"max":0.51318359375,"mean":0.0606034807861,"median":0.05712890625,"min":0.0048828125,"var":0.00108550908044}},"metadata":{"audio_properties":{"analysis_sample_rate":44100,"bit_rate":0,"codec":"flac","downmix":"mix","equal_loudness":0,"length":236.724533081,"lossless":true,"md5_encoded":"d9cc6463beab02e279acea9f5ef16838","replay_gain":-14.3281383514,"sample_rate":44100},"tags":{"acoustid_id":["4bc76250-c3e5-464e-a348-4c37e2b959c9"],"album":["Wrong Creatures"],"albumartist":["Black Rebel Motorcycle Club"],"albumartistsort":["Black Rebel Motorcycle Club"],"artist":["Black Rebel Motorcycle Club"],"artistsort":["Black Rebel Motorcycle Club"],"date":["2018-01-12"],"discnumber":["1"],"disctotal":["1"],"file_name":"03 - Black Rebel Motorcycle Club - King of Bones.flac","label":["Vagrant Records"],"media":["Digital Media"],"musicbrainz_albumartistid":["32b90c92-9978-4a07-90eb-caa4b22f4907"],"musicbrainz_albumid":["3e5f57ec-46d3-4a8e-bc30-58ddc6a5d19b"],"musicbrainz_artistid":["32b90c92-9978-4a07-90eb-caa4b22f4907"],"musicbrainz_recordingid":["f18b0640-ae46-40af-8697-51d7a7ce5f9f"],"musicbrainz_releasegroupid":["4269e8c4-42a4-4d50-86b3-b6ec0f31550c"],"musicbrainz_releasetrackid":["2e14fac4-8a7d-4f1a-bad2-3a765cd43577"],"originaldate":["2018-01-12"],"originalyear":["2018"],"releasecountry":["US"],"releasestatus":["official"],"releasetype":["album"],"script":["Latn"],"title":["King of Bones"],"tracknumber":["3"],"tracktotal":["12"]},"version":{"essentia":"2.1-beta2","essentia_build_sha":"2d9f1f26377add8aeb1075a9c2973f962c4f09fd","essentia_git_sha":"v2.1_beta2-1-ge3940c0","extractor":"music 1.0"}},"rhythm":{"beats_count":473,"beats_loudness":{"dmean":0.0262104012072,"dmean2":0.0485115498304,"dvar":0.000400466611609,"dvar2":0.00132520205807,"max":0.152504533529,"mean":0.0565446540713,"median":0.0548552647233,"min":8.09286526682e-10,"var":0.000889413116965},"beats_loudness_band_ratio":{"dmean":[0.162800937891,0.0858570411801,0.0572443343699,0.0413999445736,0.0334301665425,0.0178950615227],"dmean2":[0.