{"lowlevel":{"average_loudness":0.697076022625,"barkbands":{"dmean":[0.00113321561366,0.00666795531288,0.00365017610602,0.00176534662023,0.00189469906036,0.00152080040425,0.000620193604846,0.000350545364199,0.00041646315367,0.000408145599067,0.000287990813376,0.000262835616013,0.000420247408329,0.000102858241007,0.000336417084327,0.00014023805852,0.000167634367244,0.0000671336383675,0.0000302287116938,0.00001378001798,0.00000750194931243,0.00000392963556806,0.00000266942583949,0.00000249190384238,0.00000259577132056,0.00000341887357536,0.00149414502084],"dmean2":[0.00197317055427,0.00979729834944,0.0053378418088,0.00278307916597,0.00293844775297,0.0023659451399,0.000970411521848,0.000556737009902,0.000650133937597,0.000627679750323,0.000463188654976,0.000416712020524,0.000651609618217,0.000160595955094,0.000521276844665,0.000223496361286,0.000256174826063,0.000101677309431,0.0000439452014689,0.0000205096512218,0.000011206059753,0.0000061489631662,0.00000436186610386,0.00000411302562497,0.00000425853022534,0.00000554111238671,0.00226121232845],"dvar":[0.0000039279620978,0.00015352012997,0.000062600011006,0.000012925152987,0.0000242002788582,0.000033046471799,0.00000761499131841,0.00000161871480486,0.00000161606374149,0.00000302392845697,0.00000121587459034,7.64723097291e-7,0.00000118978664432,2.03425244649e-7,0.00000206972504202,5.51474386157e-7,0.00000121210962334,8.49180636919e-8,1.72735425963e-8,2.0629942199e-9,2.14628051443e-10,4.76806406857e-11,2.54715571552e-11,2.31425174163e-11,2.38170073941e-11,4.06870197256e-11,0.0000363638828276],"dvar2":[0.0000110816399683,0.000305689813104,0.000141546785017,0.0000314632743539,0.0000550553086214,0.0000776512169978,0.0000189781549125,0.0000038589118958,0.00000378004210688,0.00000628829820926,0.00000284205066237,0.00000184397629255,0.00000248699348049,4.83188387079e-7,0.0000046708564696,0.00000132788227347,0.00000270572627414,1.83220365102e-7,3.27781890519e-8,3.86634146921e-9,4.44914521891e-10,1.09901393541e-10,6.29931454221e-11,5.74902590811e-11,5.91743251621e-11,1.0220661123e-10,0.0000821085632197],"max":[0.0428105741739,0.432298630476,0.379270076752,0.159529596567,0.202320605516,0.243762791157,0.106104202569,0.0578898862004,0.0629367679358,0.101994335651,0.0583314858377,0.0236324556172,0.0443939939141,0.0377108119428,0.0817208662629,0.0331994146109,0.0620389766991,0.0133586237207,0.00971087720245,0.0038803156931,0.000594917801209,0.000191188752069,0.00015105001512,0.000148319100845,0.000143646480865,0.000158648530487,0.256269127131],"mean":[0.00171815475915,0.015773171559,0.00746721494943,0.00275614764541,0.00322326947935,0.00258750608191,0.000992412213236,0.000514963816386,0.000715382164344,0.00063916464569,0.000486721750349,0.000454520515632,0.000933695293497,0.000221327747568,0.000491999846417,0.000206833516131,0.000228730845265,0.0000969384636846,0.0000504714662384,0.000022802645617,0.0000110996070362,0.00000503987939737,0.00000307539471578,0.00000262337948698,0.00000280070821645,0.00000411561450164,0.00262251845561],"median":[0.000874581397511,0.00655926950276,0.00322427740321,0.00114001194015,0.00105055456515,0.000425230275141,0.00017586175818,0.000103808350104,0.000195576518308,0.000113332658657,0.000114072099677,0.000139095907798,0.000302173953969,0.0000533122693014,0.0000912476389203,0.000036905392335,0.0000296567541227,0.0000204957923415,0.0000118863117677,0.00000707204299033,0.00000372530939785,0.00000190676030343,0.00000125227711578,9.09023185613e-7,0.0000010031886859,0.00000172644035956,0.000508184486534],"min":[1.04477320892e-12,7.14191672382e-13,3.61641923005e-12,9.37152612457e-12,1.18678851468e-11,6.72566082688e-12,1.18693431819e-11,1.833029388e-12,8.70194888369e-12,1.40464658134e-12,1.65167324262e-11,4.8734870306e-12,7.03482411213e-12,7.6516709635e-12,1.2054738284e-11,5.89651895019e-12,5.20934554174e-12,6.07195587213e-12,2.97555591278e-11,8.67383855713e-12,1.94523720048e-11,1.26942805226e-11,2.06918249895e-11,3.62850929858e-11,7.20622658767e-11,8.87528037175e-11,1.33469429953e-10],"var":[0.00000543319401913,0.0006680561346,0.000203347124625,0.0000286203085125,0.0000538878448424,0.0000796910389909,0.0000145528883877,0.00000298191343973,0.0000040988766159,0.00000706233640813,0.00000231638887271,0.00000142372527989,0.00000460756473331,7.09524215381e-7,0.00000303142951452,8.48251033858e-7,0.00000170545388301,1.3922948483e-7,5.30421644385e-8,6.00264549178e-9,4.59602328418e-10,7.20675047416e-11,3.05313621607e-11,2.68067408549e-11,2.82853324096e-11,4.92480292658e-11,0.0000690800879966]},"barkbands_crest":{"dmean":2.44870638847,"dmean2":3.80831408501,"dvar":4.75169658661,"dvar2":11.0996465683,"max":26.04845047,"mean":11.9309215546,"median":11.0998697281,"min":3.02232909203,"var":21.9619483948},"barkbands_flatness_db":{"dmean":0.0303685236722,"dmean2":0.046957783401,"dvar":0.000666349253152,"dvar2":0.00166511966381,"max":0.439124584198,"mean":0.199048951268,"median":0.193380594254,"min":0.0258587263525,"var":0.0031301388517},"barkbands_kurtosis":{"dmean":9.99876213074,"dmean2":15.2858896255,"dvar":370.604248047,"dvar2":881.692626953,"max":668.672851562,"mean":21.7466125488,"median":10.012096405,"min":-1.85757100582,"var":1160.30712891},"barkbands_skewness":{"dmean":0.838582098484,"dmean2":1.24467384815,"dvar":0.763666450977,"dvar2":1.67913484573,"max":20.2495117188,"mean":3.34618163109,"median":2.95243191719,"min":-2.0371966362,"var":5.52577924728},"barkbands_spread":{"dmean":9.6855173111,"dmean2":14.6385555267,"dvar":149.337692261,"dvar2":323.241668701,"max":140.872802734,"mean":31.988155365,"median":21.5884742737,"min":0.278561651707,"var":855.419555664},"dissonance":{"dmean":0.0238106045872,"dmean2":0.0400132648647,"dvar":0.000536763924174,"dvar2":0.00145928433631,"max":0.500000059605,"mean":0.45700275898,"median":0.464994251728,"min":0.21559330821,"var":0.00102604785934},"dynamic_complexity":4.78100347519,"erbbands":{"dmean":[0.220851585269,1.53022158146,4.02472686768,4.88242530823,6.28952074051,6.34260559082,7.51793670654,14.8966817856,10.3698472977,8.45631408691,6.73210287094,10.2631101608,8.89974212646,12.2152748108,12.9087982178,11.9888648987,18.4000473022,7.09270000458,12.7830066681,13.536406517,6.51573896408,8.80374717712,4.11388540268,1.99511384964,1.16473925114,0.619071006775,0.393843799829,0.247812137008,0.148041263223,0.0992439240217,0.0739047080278,0.054674692452,0.0403381660581,0.028443004936,0.0188428442925,0.0115817030892,0.00660463888198,0.00679067475721,0.00954910181463,0.0322364158928],"dmean2":[0.322581499815,2.23617935181,5.84935760498,7.31944799423,10.2272758484,9.80232715607,11.8068609238,23.3495082855,15.8916311264,13.4784507751,10.6245107651,15.9001703262,13.6414136887,19.341545105,20.4963417053,18.8668651581,28.4349536896,10.7376279831,19.85912323,21.2697353363,9.90675640106,13.5185813904,6.27736186981,2.87787032127,1.71030175686,0.917565762997,0.586341440678,0.370328962803,0.228818058968,0.159585863352,0.121011130512,0.0903026163578,0.0665259286761,0.0467668548226,0.0308421552181,0.0188715253025,0.0106607237831,0.00949448626488,0.0129404179752,0.0470515564084],"dvar":[0.150730535388,8.96857452393,77.3285369873,92.3669281006,171.50440979,410.056121826,801.779968262,3616.35888672,2344.51196289,1621.15649414,460.893341064,1006.24914551,1067.88891602,3235.7277832,2172.47998047,1510.72741699,2255.8425293,823.453979492,2517.00512695,3843.14306641,1160.62756348,3878.49951172,263.088989258,66.1385421753,27.7025547028,4.06411409378,0.656547427177,0.238963901997,0.0671981871128,0.0322693102062,0.0195238757879,0.0112094758078,0.00601445138454,0.00290630268864,0.00124056765344,0.000461937888758,0.00015290864394,0.000170810788404,0.000605126784649,0.0115765817463],"dvar2":[0.308728277683,18.0439472198,174.640365601,198.451904297,454.671661377,899.079589844,1769.94580078,8881.51464844,5618.27246094,4063.96044922,1076.72680664,2245.83447266,2359.85351562,7118.49169922,5185.4765625,3531.85107422,4736.73632812,1864.8203125,6004.16796875,9126.34765625,2351.82006836,9221.12207031,596.620483398,133.176620483,53.1009140015,7.48717880249,1.3223773241,0.500453650951,0.150901272893,0.0786632820964,0.0483766645193,0.0278609786183,0.0149432644248,0.00721685867757,0.00308452942409,0.00115322042257,0.000384934945032,0.000323890650179,0.00117558822967,0.0250445622951],"max":[12.5476608276,98.3750457764,399.363250732,505.542938232,255.375564575,799.269165039,979.786315918,2369.99780273,1883.44384766,1939.89135742,1281.20751953,1434.92077637,1994.04736328,3285.11132812,2033.42675781,1297.16064453,2068.09838867,2267.16015625,2458.22631836,2531.47436523,1970.36315918,3877.10302734,758.233459473,603.515258789,519.824279785,172.124191284,47.9404144287,13.8463010788,7.056828022,5.21428060532,4.19218111038,3.27987837791,2.37583470345,1.62044239044,1.01397025585,0.564237296581,0.327971667051,0.304745346308,1.00103759766,4.66056585312],"mean":[0.415623754263,3.71278262138,8.98670387268,9.19396400452,10.0453157425,10.2893781662,11.7195196152,25.062122345,17.7005634308,13.2032079697,11.205083847,17.6506519318,15.0943603516,19.9139328003,24.3738479614,23.7368106842,41.191947937,18.2976303101,20.3539390564,20.7467670441,10.8543119431,12.5170555115,6.58998727798,3.29007792473,2.02324533463,1.06443297863,0.623682141304,0.350680559874,0.194042533636,0.119923107326,0.0847084075212,0.0586657449603,0.0423003807664,0.0303663853556,0.0205546505749,0.0129643687978,0.00827157869935,0.0117940166965,0.0227316953242,0.0766339972615],"median":[0.16419172287,1.52252602577,4.14232444763,4.47008085251,3.9885661602,2.96272563934,2.44046807289,3.83983445168,2.93478775024,2.36269307137,3.10916113853,4.62796449661,3.79214763641,4.09440660477,6.58515071869,7.771089077,13.0777225494,5.38822603226,4.20620012283,3.82029175758,2.2407989502,1.74179124832,1.42300891876,0.800909399986,0.533012330532,0.339902818203,0.211802959442,0.112324558198,0.0712712332606,0.0495694428682,0.034515619278,0.0213553663343,0.0145177366212,0.0107191270217,0.00749546615407,0.0048222350888,0.00367251900025,0.00438244314864,0.00799040962011,0.0237564332783],"min":[2.08124472517e-11,2.4054258585e-10,3.58431528902e-9,2.37449846452e-8,4.72349981351e-8,3.38088099738e-8,1.47640850656e-8,5.43568390299e-8,1.32385437723e-7,8.07570117445e-8,6.95120476735e-8,2.06878937092e-7,7.86119258578e-8,2.26777018497e-7,6.29384771855e-7,2.58610072024e-7,3.69163132063e-7,3.7584123902e-7,2.84426050712e-7,7.37456389288e-7,3.73246592744e-7,3.29736252525e-7,5.66750998132e-7,0.00000120616255117,0.00000113493524623,5.14297369136e-7,7.5120215115e-7,8.12135112938e-7,5.56101099392e-7,4.65615613621e-7,5.62057380193e-7,5.52337667159e-7,7.01756903254e-7,5.89613250668e-7,6.8448480306e-7,3.53465395619e-7,1.71806163962e-7,4.41961773845e-8,1.72470464577e-8,2.37989361551e-9],"var":[0.491717517376,38.4576721191,261.449951172,267.386901855,364.257354736,823.527893066,1556.39050293,7879.19287109,4934.88916016,3003.68237305,920.771728516,2460.56347656,2454.55761719,6936.37939453,4505.84375,3270.64013672,9038.00878906,3064.17504883,4485.51123047,5586.8515625,2191.03735352,4956.96972656,526.325683594,148.753601074,99.5159606934,12.9677228928,1.79406177998,0.449174255133,0.107631765306,0.0417734608054,0.0232904031873,0.0129610039294,0.00698718940839,0.00342531385832,0.00148305750918,0.000555350910872,0.000187775294762,0.000406098115491,0.00213103881106,0.0313222035766]},"erbbands_crest":{"dmean":2.84226298332,"dmean2":4.59683322906,"dvar":7.01042604446,"dvar2":17.6631774902,"max":32.114276886,"mean":10.3380355835,"median":9.39306640625,"min":2.20197606087,"var":20.4135551453},"erbbands_flatness_db":{"dmean":0.0267700366676,"dmean2":0.0414859540761,"dvar":0.000499151879922,"dvar2":0.00123625679407,"max":0.350493997335,"mean":0.16205714643,"median":0.160159274936,"min":0.0275097191334,"var":0.00192438031081},"erbbands_kurtosis":{"dmean":1.20739245415,"dmean2":1.88489925861,"dvar":4.11849546432,"dvar2":9.89142227173,"max":60.9562149048,"mean":1.05373823643,"median":0.144906759262,"min":-1.82136070728,"var":9.33488941193},"erbbands_skewness":{"dmean":0.382575809956,"dmean2":0.578917384148,"dvar":0.124468028545,"dvar2":0.275882333517,"max":5.76932764053,"mean":-0.0894776210189,"median":-0.173745900393,"min":-5.2281165123,"var":0.959238350391},"erbbands_spread":{"dmean":6.08595561981,"dmean2":9.17461967468,"dvar":36.4492263794,"dvar2":79.3452301025,"max":98.6104660034,"mean":29.6558227539,"median":28.1593952179,"min":2.57942795753,"var":184.795349121},"gfcc":{"cov":[[6773.74316406,500.679992676,-407.486633301,-228.549057007,37.7926673889,-480.34576416,77.4192352295,-48.9984436035,-61.9426498413,-89.7093734741,99.08543396,-30.2368717194,209.340042114],[500.679992676,855.720031738,123.14540863,-234.362701416,53.7724227905,-40.8562240601,32.7709350586,-115.933692932,17.257358551,-39.9400062561,74.5869369507,-36.2878379822,18.462682724],[-407.486633301,123.14540863,456.263916016,173.468276978,-210.904022217,188.691986084,-105.213844299,70.8627319336,-59.6978416443,56.7560005188,-26.6229152679,11.9936361313,-41.9502716064],[-228.549057007,-234.362701416,173.468276978,426.980163574,-18.9050102234,31.8945999146,46.6332206726,73.7361297607,-33.8078269958,29.1203422546,-36.0977859497,37.7166290283,-45.9877166748],[37.7926673889,53.7724227905,-210.904022217,-18.9050102234,387.65814209,-41.7408714294,120.899681091,-45.3739585876,73.0007705688,-58.7098693848,20.221036911,-18.4195022583,37.4813461304],[-480.34576416,-40.8562240601,188.691986084,31.8945999146,-41.7408714294,336.062133789,-38.4142494202,37.4254341125,-33.2167472839,48.0410079956,-10.4668064117,-5.33252382278,-21.6659145355],[77.4192352295,32.7709350586,-105.213844299,46.6332206726,120.899681091,-38.4142494202,197.455032349,-3.71329069138,14.6418552399,-18.6348342896,13.9218349457,15.3885612488,-2.6858317852],[-48.9984436035,-115.933692932,70.8627319336,73.7361297607,-45.3739585876,37.4254341125,-3.71329069138,129.722732544,28.0047950745,15.4255800247,-21.1749095917,11.4023571014,7.44801521301],[-61.9426498413,17.257358551,-59.6978416443,-33.8078269958,73.0007705688,-33.2167472839,14.6418552399,28.0047950745,127.758369446,30.9914264679,-1.9280039072,-18.4497814178,12.7684001923],[-89.7093734741,-39.9400062561,56.7560005188,29.1203422546,-58.7098693848,48.0410079956,-18.6348342896,15.4255800247,30.9914264679,98.6211471558,28.261516571,-0.10516192764,-26.1492176056],[99.08543396,74.5869369507,-26.6229152679,-36.0977859497,20.221036911,-10.4668064117,13.9218349457,-21.1749095917,-1.9280039072,28.261516571,82.6028747559,33.7994651794,6.11008691788],[-30.2368717194,-36.2878379822,11.9936361313,37.7166290283,-18.4195022583,-5.33252382278,15.3885612488,11.4023571014,-18.4497814178,-0.10516192764,33.7994651794,79.7295455933,28.4004020691],[209.340042114,18.462682724,-41.9502716064,-45.9877166748,37.4813461304,-21.6659145355,-2.6858317852,7.44801521301,12.7684001923,-26.1492176056,6.11008691788,28.4004020691,96.4391555786]],"icov":[[0.000227449330851,-0.000392499932786,0.000624323962256,-0.000288885465125,0.000128526808112,0.000154298308189,0.000181316179805,-0.000509882578626,0.000669122673571,-0.000494842068292,0.0000620168939349,0.000366437307093,-0.000590229930822],[-0.000392499932786,0.00557035999373,-0.0075997132808,0.00363173079677,-0.000328039110173,0.00147321983241,-0.00398882292211,0.0050788144581,-0.00462581589818,0.00611665798351,-0.0069360146299,0.0038470167201,-0.000255771155935],[0.000624323962256,-0.0075997132808,0.0156695768237,-0.00716918101534,0.00270729511976,-0.00430562207475,0.00701009482145,-0.0074078720063,0.00622832868248,-0.0074902838096,0.00816621351987,-0.00421481113881,0.000113259302452],[-0.000288885465125,0.00363173079677,-0.00716918101534,0.00751415919513,-0.00289152353071,0.00265176710673,-0.00369123765267,0.00108947150875,0.000120546079415,-0.000406045117415,0.00077314133523,-0.0020020226948,0.00234358943999],[0.000128526808112,-0.000328039110173,0.00270729511976,-0.00289152353071,0.00718243792653,-0.00237347581424,-0.00166034011636,0.00229747593403,-0.00525200506672,0.00660429662094,-0.0053991638124,0.00428996840492,-0.00240094074979],[0.000154298308189,0.00147321983241,-0.00430562207475,0.00265176710673,-0.00237347581424,0.00585553841665,-0.00122569140512,-0.00051206885837,0.00260573835112,-0.00304376706481,0.000445057172328,0.000837875006255,-0.000427250663051],[0.000181316179805,-0.00398882292211,0.00701009482145,-0.00369123765267,-0.00166034011636,-0.00122569140512,0.0104185454547,-0.00435518333688,0.00340401916765,-0.00394736044109,0.00468649575487,-0.00492824520916,0.00228903302923],[-0.000509882578626,0.0050788144581,-0.0074078720063,0.00108947150875,0.00229747593403,-0.00051206885837,-0.00435518333688,0.0166207756847,-0.0102179888636,0.00797488447279,-0.00524594960734,0.00217968411744,-0.00177554402035],[0.000669122673571,-0.00462581589818,0.00622832868248,0.000120546079415,-0.00525200506672,0.00260573835112,0.00340401916765,-0.0102179888636,0.0215680338442,-0.0176317449659,0.0114674689248,-0.00226697465405,-0.00198488915339],[-0.000494842068292,0.00611665798351,-0.0074902838096,-0.000406045117415,0.00660429662094,-0.00304376706481,-0.00394736044109,0.00797488447279,-0.0176317449659,0.03260242939,-0.0224472358823,0.0095307957381,0.00226482958533],[0.0000620168939349,-0.0069360146299,0.00816621351987,0.00077314133523,-0.0053991638124,0.000445057172328,0.00468649575487,-0.00524594960734,0.0114674689248,-0.0224472358823,0.0364886149764,-0.0203408151865,0.00392178911716],[0.000366437307093,0.0038470167201,-0.00421481113881,-0.0020020226948,0.00428996840492,0.000837875006255,-0.00492824520916,0.00217968411744,-0.00226697465405,0.0095307957381,-0.0203408151865,0.0296045392752,-0.0106497881934],[-0.000590229930822,-0.000255771155935,0.000113259302452,0.00234358943999,-0.00240094074979,-0.000427250663051,0.00228903302923,-0.00177554402035,-0.00198488915339,0.00226482958533,0.00392178911716,-0.0106497881934,0.0176689401269]],"mean":[-49.8045425415,116.0675354,-69.1158294678,-11.0602807999,7.84678602219,-6.05144023895,-3.18739080429,-15.7763805389,-3.70808339119,-11.6804113388,0.590924561024,-10.4107475281,-4.64521980286]},"hfc":{"dmean":90.9572906494,"dmean2":129.47454834,"dvar":37570.4765625,"dvar2":75953.140625,"max":8634.80664062,"mean":287.38494873,"median":158.982711792,"min":0.00000619999400442,"var":164949.96875},"melbands":{"dmean":[0.00183937104885,0.00200870330445,0.000829573662486,0.000433734705439,0.000273523764918,0.000318879494444,0.00014826664119,0.0000883935354068,0.0000563593675906,0.0000642433442408,0.0000459739057987,0.0000527612937731,0.0000421239237767,0.0000316520236083,0.0000427656232205,0.0000331714800268,0.0000116720993901,0.0000188036192412,0.0000236863288592,0.0000127898647406,0.00000767468554841,0.00000988042211247,0.00000667953372613,0.00000253047141996,0.00000165758649473,0.00000103866068457,6.36571542145e-7,3.91258822674e-7,2.9182893968e-7,1.74544553033e-7,1.3889295758e-7,8.78205028698e-8,6.72268427593e-8,5.12695734756e-8,4.37024105793e-8,3.70243107284e-8,3.2098494529e-8,2.8569997923e-8,2.56987870983e-8,2.33858870047e-8],"dmean2":[0.00269755395129,0.00292017078027,0.0012608213583,0.000682779704221,0.000420144293457,0.000498220324516,0.000226603835472,0.000141148237162,0.0000886560301296,0.0000998328032438,0.0000705405254848,0.0000833939411677,0.0000675701012369,0.0000497948276461,0.0000678656360833,0.00005035788854,0.0000180516544788,0.0000297616643365,0.0000367545253539,0.0000205581527553,0.0000115482416732,0.0000149738953041,0.0000106566421891,0.00000378988238481,0.00000247785715146,0.0000015332749399,9.57231691245e-7,5.9192734625e-7,4.43711513753e-7,2.64198291688e-7,2.10422442137e-7,1.36706532317e-7,1.07290439644e-7,8.33472739714e-8,7.1567747284e-8,6.10779409271e-8,5.30652997099e-8,4.71421230941e-8,4.23269952421e-8,3.84300697931e-8],"dvar":[0.0000113434207378,0.0000155685029313,0.00000236645632867,9.93944127003e-7,9.89295358522e-7,0.00000155964085025,4.40207855945e-7,1.63762138072e-7,2.95981124054e-8,4.10302440912e-8,2.92816473291e-8,6.42123083594e-8,2.66829882634e-8,1.0042147558e-8,1.23834675847e-8,1.01274766351e-8,2.99084779165e-9,5.17216580675e-9,1.51998751363e-8,4.08687750308e-9,2.40590591893e-9,5.28116173015e-9,1.2786022241e-9,7.49525996824e-11,5.48812592593e-11,2.0588719965e-11,9.20826175727e-12,1.28312800923e-12,4.17737133947e-13,1.12749524615e-13,7.73912048812e-14,2.49694182838e-14,1.39294110778e-14,9.06233350487e-15,6.75643199564e-15,5.05820166365e-15,3.87627560597e-15,3.02994251969e-15,2.40665332545e-15,1.95600088081e-15],"dvar2":[0.0000223344231927,0.0000342027196893,0.0000054669740166,0.00000241706857196,0.00000213608018385,0.00000374313322027,0.00000104822561298,4.08273052699e-7,6.92330885954e-8,9.47302396526e-8,6.31521359651e-8,1.3987991565e-7,6.24519245207e-8,2.23017657675e-8,2.88347923316e-8,1.99641725374e-8,7.00990687719e-9,1.2926347992e-8,3.3060906901e-8,1.06438680092e-8,4.7677151116e-9,1.15781011445e-8,3.23066973174e-9,1.71549066619e-10,1.17828233281e-10,3.63413361903e-11,1.81750586803e-11,2.64807186595e-12,8.91760081577e-13,2.33745585821e-13,1.66146691674e-13,5.6619758117e-14,3.32438849398e-14,2.2234269276e-14,1.67082822323e-14,1.25914369873e-14,9.62996416415e-15,7.52954183649e-15,5.97731880878e-15,4.8573328824e-15],"max":[0.124474674463,0.155432939529,0.0691870898008,0.0259050522,0.0440122149885,0.0517578758299,0.0254825334996,0.0202095527202,0.00925720762461,0.00837008655071,0.0117386132479,0.0141285993159,0.00912626180798,0.00358740054071,0.00340678961948,0.00581719679758,0.00457723159343,0.00259024114348,0.00764458626509,0.00305506633595,0.00240298546851,0.00445479992777,0.00234935223125,0.000453448359622,0.000567842565943,0.000469587015687,0.000270554155577,0.0000817139007268,0.0000376125535695,0.000013449580365,0.00000820072727947,0.00000437930157204,0.00000328190003529,0.00000276702280644,0.0000024387245503,0.00000219097273657,0.00000192761717699,0.00000168874942119,0.00000149173501995,0.00000132339812353],"mean":[0.00427172519267,0.00487862480804,0.00164864794351,0.000735078123398,0.000435354770161,0.000544473296031,0.000254730548477,0.000135224152473,0.0000920781312743,0.000109398439236,0.0000750838444219,0.0000820123168523,0.0000736178626539,0.0000595891215198,0.0000831951547298,0.0000796706590336,0.0000264989557763,0.0000287753755401,0.0000332873896696,0.0000198157049454,0.000011693758097,0.0000131857814267,0.00000986554096016,0.00000374324986296,0.00000253134089689,0.00000171902638613,0.00000102897899978,6.26491555522e-7,4.4374570507e-7,2.45452497438e-7,1.87104078009e-7,1.1271574607e-7,8.26148749411e-8,6.01739742478e-8,5.0101565563e-8,4.09926101952e-8,3.3660729315e-8,2.97918187897e-8,2.71380304895e-8,2.50116354295e-8],"median":[0.00176174670924,0.00253995670937,0.000854161626194,0.000268388394034,0.0000957156807999,0.0000845868707984,0.0000429604879173,0.0000245263963734,0.0000264348309429,0.0000281068496406,0.0000174283777596,0.0000142800563481,0.0000186469478649,0.0000185073149623,0.0000257983956544,0.0000239966884692,0.00000664578146825,0.00000518466276844,0.00000613062729826,0.00000327843054038,0.00000202327601073,0.00000161119419317,0.0000015046880435,8.60890793319e-7,5.59926377264e-7,4.23985284215e-7,2.81231905319e-7,1.93956367411e-7,1.40413092709e-7,8.05978501717e-8,5.63432607237e-8,4.04524698183e-8,3.17941584171e-8,2.47944171861e-8,2.02920631409e-8,1.6079615861e-8,1.16573408704e-8,1.01132586749e-8,9.41320799086e-9,8.83224871018e-9],"min":[2.74103304073e-13,1.03139274465e-12,4.89778877177e-12,3.22450920132e-12,5.93077399257e-13,1.21797483123e-12,2.80499191582e-12,7.21364699745e-13,6.76706629101e-13,1.31097303152e-12,3.39851410902e-13,7.3359943337e-13,2.34641494602e-12,7.27809197458e-13,1.05403446388e-12,5.46011966109e-13,7.11891916944e-13,3.03712865404e-13,9.11525195602e-13,6.15522823683e-13,3.86454323403e-13,2.85299290703e-13,4.55329838504e-13,2.34138744634e-13,1.03965664203e-12,1.10497418507e-12,4.04118497563e-13,2.13328581688e-13,4.73060013471e-13,4.65750051373e-13,4.62456028333e-13,3.16568467404e-13,2.16470504716e-13,2.85030300144e-13,3.15465535639e-13,3.81015125049e-13,3.1939156723e-13,4.24699690563e-13,6.0479692001e-13,4.72060975379e-13],"var":[0.0000497821856698,0.000056069886341,0.00000692814091963,0.00000220794231609,0.00000198065527002,0.00000362846026292,9.69033635556e-7,3.02266926155e-7,5.95058757824e-8,9.834602821e-8,6.85703014369e-8,1.39461818094e-7,5.10187447844e-8,2.22601137523e-8,3.36617915764e-8,4.49760193533e-8,1.00089838639e-8,9.18009579465e-9,1.98161647091e-8,6.4426570745e-9,4.25169233154e-9,7.54022799754e-9,2.00609151513e-9,1.35276442825e-10,1.05200646805e-10,7.40032410351e-11,2.46103849105e-11,3.58239046067e-12,1.05728685355e-12,2.19416390439e-13,1.36030713061e-13,3.82666581799e-14,1.94647900228e-14,1.1218966633e-14,8.09828041486e-15,5.88339047822e-15,4.46750460315e-15,3.51072117341e-15,2.81390846056e-15,2.30997277309e-15]},"melbands_crest":{"dmean":3.25474739075,"dmean2":4.98483991623,"dvar":7.59341096878,"dvar2":18.1442890167,"max":38.037071228,"mean":18.8704547882,"median":18.718629837,"min":3.76548862457,"var":36.3926277161},"melbands_flatness_db":{"dmean":0.0382229983807,"dmean2":0.0588351041079,"dvar":0.00101789459586,"dvar2":0.00254156114534,"max":0.606939017773,"mean":0.329799801111,"median":0.326424956322,"min":0.0271302778274,"var":0.00537539180368},"melbands_kurtosis":{"dmean":11.1472053528,"dmean2":16.8959350586,"dvar":270.553863525,"dvar2":603.826721191,"max":317.548065186,"mean":26.7647209167,"median":13.6955566406,"min":-1.90367281437,"var":1189.91967773},"melbands_skewness":{"dmean":0.856421768665,"dmean2":1.27314960957,"dvar":0.697458803654,"dvar2":1.49088144302,"max":14.2497034073,"mean":3.71829247475,"median":3.33223772049,"min":-1.20844495296,"var":4.97365283966},"melbands_spread":{"dmean":3.80327987671,"dmean2":5.66153907776,"dvar":30.083612442,"dvar2":63.233505249,"max":144.691497803,"mean":12.5391407013,"median":8.01708602905,"min":0.323115050793,"var":185.210632324},"mfcc":{"cov":[[6687.00341797,549.322143555,-582.949035645,223.635360718,-288.861022949,-258.615570068,-55.2607955933,-84.2387542725,-57.9567184448,-125.551383972,-96.2320098877,-92.7498779297,3.55163574219],[549.322143555,991.445678711,-88.4192047119,-194.454727173,7.82947587967,0.0579954646528,-14.0713787079,-45.438709259,-70.2502212524,-14.1379184723,-30.8803424835,-21.6282100677,12.9578952789],[-582.949035645,-88.4192047119,744.586364746,-49.2386779785,-1.61952376366,35.3394050598,-2.07350111008,-11.0490760803,-29.7366275787,11.9379091263,31.0366573334,4.99887609482,-3.43023467064],[223.635360718,-194.454727173,-49.2386779785,416.871429443,-26.7082710266,-30.9523220062,30.6921577454,48.6908378601,24.3286151886,-9.24170398712,18.4604187012,-5.49627399445,-2.64110946655],[-288.861022949,7.82947587967,-1.61952376366,-26.7082710266,189.296081543,60.5879821777,0.424074918032,18.896068573,32.5188446045,26.7694721222,-7.27025938034,10.9623737335,9.32022953033],[-258.615570068,0.0579954646528,35.3394050598,-30.9523220062,60.5879821777,177.830841064,81.8530273438,16.9384555817,4.83988189697,9.53721904755,27.0925445557,24.1341991425,-5.05609989166],[-55.2607955933,-14.0713787079,-2.07350111008,30.6921577454,0.424074918032,81.8530273438,137.109054565,59.3269882202,-8.30184173584,-17.7953357697,4.37351465225,15.0801429749,-8.02315235138],[-84.2387542725,-45.438709259,-11.0490760803,48.6908378601,18.896068573,16.9384555817,59.3269882202,101.761352539,49.5560760498,-9.28779315948,-8.61391162872,5.14211940765,-0.921033740044],[-57.9567184448,-70.2502212524,-29.7366275787,24.3286151886,32.5188446045,4.83988189697,-8.30184173584,49.5560760498,111.036491394,49.6808128357,-8.24107646942,-3.89126896858,-2.4994134903],[-125.551383972,-14.1379184723,11.9379091263,-9.24170398712,26.7694721222,9.53721904755,-17.7953357697,-9.28779315948,49.6808128357,88.6500320435,40.0921134949,-1.11171615124,-2.16517066956],[-96.2320098877,-30.8803424835,31.0366573334,18.4604187012,-7.27025938034,27.0925445557,4.37351465225,-8.61391162872,-8.24107646942,40.0921134949,93.4111709595,46.6927757263,-4.14963436127],[-92.7498779297,-21.6282100677,4.99887609482,-5.49627399445,10.9623737335,24.1341991425,15.0801429749,5.14211940765,-3.89126896858,-1.11171615124,46.6927757263,81.5005264282,24.3413829803],[3.55163574219,12.9578952789,-3.43023467064,-2.64110946655,9.32022953033,-5.05609989166,-8.02315235138,-0.921033740044,-2.4994134903,-2.16517066956,-4.14963436127,24.3413829803,57.4037704468]],"icov":[[0.000201292859856,-0.000133610112243,0.000109170658106,-0.000105753359094,0.000138526083902,0.000271994387731,-0.000292271346552,0.000541461165994,-0.00054160162108,0.000626711873338,-0.000350096408511,0.000337461737217,-0.000179680559086],[-0.000133610112243,0.00130586000159,0.000145887141116,0.000568043615203,-0.0000658361386741,-0.000324368273141,0.000442992924945,-0.000862826767843,0.00174483074807,-0.0012596558081,0.000863070483319,-0.000100875309727,-0.0000878398495843],[0.000109170658106,0.000145887141116,0.00151821773034,0.000147998318425,0.000259654800175,-0.000393184454879,0.000495744752698,-0.000558115949389,0.000959185068496,-0.000474135100376,-0.000149803367094,0.000244687136728,-0.0000493150146212],[-0.000105753359094,0.000568043615203,0.000147998318425,0.00325298518874,-0.000397572788643,0.00126698112581,-0.00148479547352,-0.0000131317010528,-0.00172596808989,0.00248907972127,-0.0034881751053,0.00253352848813,-0.00130249524955],[0.000138526083902,-0.0000658361386741,0.000259654800175,-0.000397572788643,0.00810393877327,-0.00449327612296,0.00458539975807,-0.00485209701583,0.00394681049511,-0.00680522900075,0.00690670451149,-0.00440540909767,0.00113751087338],[0.000271994387731,-0.000324368273141,-0.000393184454879,0.00126698112581,-0.00449327612296,0.0128122735769,-0.0113658998162,0.00867124740034,-0.00857648253441,0.00803797505796,-0.00907474104315,0.00419780379161,-0.00200649723411],[-0.000292271346552,0.000442992924945,0.000495744752698,-0.00148479547352,0.00458539975807,-0.0113658998162,0.023037025705,-0.0195646118373,0.0169989857823,-0.0134850395843,0.0129135530442,-0.00922188907862,0.00611515110359],[0.000541461165994,-0.000862826767843,-0.000558115949389,-0.0000131317010528,-0.00485209701583,0.00867124740034,-0.0195646118373,0.0346160531044,-0.0281395278871,0.024230517447,-0.0166999176145,0.0104184551165,-0.00643652910367],[-0.00054160162108,0.00174483074807,0.000959185068496,-0.00172596808989,0.00394681049511,-0.00857648253441,0.0169989857823,-0.0281395278871,0.0413727164268,-0.0361947901547,0.0274890940636,-0.0168593656272,0.0097180865705],[0.000626711873338,-0.0012596558081,-0.000474135100376,0.00248907972127,-0.00680522900075,0.00803797505796,-0.0134850395843,0.024230517447,-0.0361947901547,0.0506360903382,-0.0376547165215,0.024196755141,-0.0119997328147],[-0.000350096408511,0.000863070483319,-0.000149803367094,-0.0034881751053,0.00690670451149,-0.00907474104315,0.0129135530442,-0.0166999176145,0.0274890940636,-0.0376547165215,0.0470396131277,-0.0307500436902,0.0154898921028],[0.000337461737217,-0.000100875309727,0.000244687136728,0.00253352848813,-0.00440540909767,0.00419780379161,-0.00922188907862,0.0104184551165,-0.0168593656272,0.024196755141,-0.0307500436902,0.0353871025145,-0.0169534254819],[-0.000179680559086,-0.0000878398495843,-0.0000493150146212,-0.00130249524955,0.00113751087338,-0.00200649723411,0.00611515110359,-0.00643652910367,0.0097180865705,-0.0119997328147,0.0154898921028,-0.0169534254819,0.0260576978326]],"mean":[-727.761413574,187.620010376,-6.27027368546,21.6876277924,21.5152053833,19.2060451508,12.7260284424,7.21979141235,0.9963529706,2.48745584488,3.44530057907,4.02475643158,1.3180795908]},"pitch_salience":{"dmean":0.0718572735786,"dmean2":0.112803064287,"dvar":0.00381150632165,"dvar2":0.00935305468738,"max":0.859665334225,"mean":0.48183003068,"median":0.492072403431,"min":0.104259453714,"var":0.0163810811937},"silence_rate_20dB":{"dmean":0.00192996964324,"dmean2":0.00386020541191,"dvar":0.00192632572725,"dvar2":0.0043970849365,"max":1,"mean":0.997656643391,"median":1,"min":0,"var":0.00233760452829},"silence_rate_30dB":{"dmean":0.0497656464577,"dmean2":0.0995381549001,"dvar":0.0472954139113,"dvar2":0.105335205793,"max":1,"mean":0.872355103493,"median":1,"min":0,"var":0.111332044005},"silence_rate_60dB":{"dmean":0.00647918367758,"dmean2":0.0129592614248,"dvar":0.00643765972927,"dvar2":0.0148591632023,"max":1,"mean":0.0639602988958,"median":0,"min":0,"var":0.0598674602807},"spectral_centroid":{"dmean":150.340240479,"dmean2":215.475738525,"dvar":36021.4804688,"dvar2":62054.2695312,"max":11249.3203125,"mean":753.341308594,"median":624.497375488,"min":118.992263794,"var":239239.71875},"spectral_complexity":{"dmean":2.22194647789,"dmean2":3.4871442318,"dvar":5.06822967529,"dvar2":10.6071653366,"max":49,"mean":11.8605690002,"median":11,"min":0,"var":41.6763648987},"spectral_contrast_coeffs":{"dmean":[0.0490860044956,0.0463927835226,0.0374060720205,0.0327113196254,0.0305898506194,0.0274667851627],"dmean2":[0.0792160779238,0.0763378217816,0.0609325952828,0.0529282689095,0.0493320040405,0.0426748357713],"dvar":[0.00147703406401,0.00137376773637,0.000899689388461,0.000688338768668,0.00071492115967,0.00093670678325],"dvar2":[0.0038741172757,0.0035957696382,0.00236115488224,0.00175272440538,0.00181238492951,0.00201648124494],"max":[-0.278385013342,-0.418420135975,-0.535440325737,-0.542057812214,-0.545182883739,-0.528107881546],"mean":[-0.672486960888,-0.769948482513,-0.794489264488,-0.77704167366,-0.823616623878,-0.829677402973],"median":[-0.674536049366,-0.779430866241,-0.801794052124,-0.780626475811,-0.826953232288,-0.845654726028],"min":[-0.96089464426,-0.976400315762,-0.965458393097,-0.960001289845,-0.961045503616,-0.958894491196],"var":[0.00643251044676,0.00561847025529,0.00365326181054,0.00347356684506,0.00334257795475,0.00235661352053]},"spectral_contrast_valleys":{"dmean":[0.363569706678,0.392542660236,0.327112495899,0.305425226688,0.447302669287,0.646912693977],"dmean2":[0.588867783546,0.63272768259,0.519594550133,0.473058640957,0.682826280594,1.05089867115],"dvar":[0.102813929319,0.115983076394,0.0838188454509,0.0815439522266,0.188845604658,0.322030395269],"dvar2":[0.240335166454,0.266217947006,0.186406776309,0.173767924309,0.427767217159,0.798350632191],"max":[-4.69741535187,-4.28156280518,-5.20105266571,-5.73867416382,-5.47353887558,-8.54529857635],"mean":[-6.82376098633,-7.00988912582,-7.47266769409,-7.94724035263,-8.50370121002,-11.2602901459],"median":[-6.69844293594,-6.91699790955,-7.35619306564,-7.83651828766,-8.39119338989,-11.1753816605],"min":[-27.2259635925,-26.8833713531,-27.1889915466,-27.3753089905,-27.2132930756,-27.3032588959],"var":[0.880900740623,0.95593971014,0.852251470089,0.767141103745,0.878328979015,0.90255522728]},"spectral_decrease":{"dmean":3.00301961076e-9,"dmean2":4.38998437602e-9,"dvar":2.08224471606e-17,"dvar2":4.35329770827e-17,"max":7.38904262221e-8,"mean":-7.05890546016e-9,"median":-4.07731004515e-9,"min":-1.29000767402e-7,"var":1.01931911785e-16},"spectral_energy":{"dmean":0.014804857783,"dmean2":0.0212004557252,"dvar":0.000473936932394,"dvar2":0.000956140982453,"max":0.549426853657,"mean":0.0527086034417,"median":0.0379033386707,"min":1.78499282022e-9,"var":0.0026686550118},"spectral_energyband_high":{"dmean":0.000359779282007,"dmean2":0.000535829691216,"dvar":0.00000269325846602,"dvar2":0.00000580525102123,"max":0.0655050054193,"mean":0.000658216362353,"median":0.000159063842148,"min":3.73584357893e-10,"var":0.00000568053837924},"spectral_energyband_low":{"dmean":0.00954846851528,"dmean2":0.0138534605503,"dvar":0.000262759218458,"dvar2":0.000542963796761,"max":0.492562681437,"mean":0.0262303259224,"median":0.0150725217536,"min":1.99305398574e-11,"var":0.0011737322202},"spectral_energyband_middle_high":{"dmean":0.00130648748018,"dmean2":0.00192547217011,"dvar":0.0000102484245872,"dvar2":0.0000211840997508,"max":0.117372602224,"mean":0.00373614928685,"median":0.00150906166527,"min":1.18511173097e-10,"var":0.0000436066075054},"spectral_energyband_middle_low":{"dmean":0.00437967991456,"dmean2":0.00665116822347,"dvar":0.0000849094431032,"dvar2":0.000193124360521,"max":0.362539857626,"mean":0.0109277516603,"median":0.00488037243485,"min":5.42419269223e-11,"var":0.000357310549589},"spectral_entropy":{"dmean":0.263617575169,"dmean2":0.405773997307,"dvar":0.0578541010618,"dvar2":0.141643241048,"max":9.80681228638,"mean":7.07232904434,"median":7.09016036987,"min":4.86920547485,"var":0.19882529974},"spectral_flux":{"dmean":0.0253100898117,"dmean2":0.0416464284062,"dvar":0.000816214364022,"dvar2":0.00212634564377,"max":0.50548440218,"mean":0.0964129790664,"median":0.0866304188967,"min":0.0000512509795954,"var":0.00334768346511},"spectral_kurtosis":{"dmean":9.96664810181,"dmean2":16.0233440399,"dvar":108.331741333,"dvar2":282.216125488,"max":150.490264893,"mean":29.8829288483,"median":27.1581707001,"min":-1.19128274918,"var":222.236480713},"spectral_rms":{"dmean":0.000925022584852,"dmean2":0.0013033177238,"dvar":0.00000100583304175,"dvar2":0.00000194091148842,"max":0.0231522396207,"mean":0.00639207940549,"median":0.00608102511615,"min":0.00000131964247885,"var":0.0000105641274786},"spectral_rolloff":{"dmean":2687.59692383,"dmean2":5172.359375,"dvar":40718224,"dvar2":94612576,"max":22028.4667969,"mean":14616.3378906,"median":20758.0078125,"min":21.533203125,"var":90178344},"spectral_skewness":{"dmean":0.722332656384,"dmean2":1.14586532116,"dvar":0.480050295591,"dvar2":1.23513352871,"max":10.0213365555,"mean":4.08780670166,"median":3.97459292412,"min":-0.0341103933752,"var":1.25537490845},"spectral_spread":{"dmean":613896.125,"dmean2":980066.5625,"dvar":340617461760,"dvar2":780073304064,"max":40679408,"mean":4061033.5,"median":3960655,"min":1175324.625,"var":1192182284290},"spectral_strongpeak":{"dmean":6.59156227112,"dmean2":11.5701847076,"dvar":498.228149414,"dvar2":1228.38000488,"max":355.77822876,"mean":8.0307226181,"median":0.383570730686,"min":0,"var":806.422912598},"zerocrossingrate":{"dmean":0.037194930017,"dmean2":0.043850902468,"dvar":0.00104189966805,"dvar2":0.0013197758235,"max":0.8681640625,"mean":0.299686312675,"median":0.2890625,"min":0.03271484375,"var":0.0166633408517}},"metadata":{"audio_properties":{"analysis_sample_rate":44100,"bit_rate":160000,"codec":"mp3","downmix":"mix","equal_loudness":0,"length":336.875091553,"lossless":false,"md5_encoded":"311c0546c27ccb5eb151f9ba0c22dbb4","replay_gain":-0.341621398926,"sample_rate":44100},"tags":{"album":["Everybody Knows This Is Nowhere"],"album artist credit":["Neil Young with Crazy Horse"],"albumartist":["Neil Young & Crazy Horse"],"albumartistsort":["Young, Neil & Crazy Horse"],"artist":["Neil Young & Crazy Horse"],"artist credit":["Neil Young & Crazy Horse"],"artistsort":["Young, Neil & Crazy Horse"],"asin":["B000AA7AZ8"],"bpm":["0"],"catalognumber":["WPCR-75087"],"composer":["Neil Young"],"date":["2005-09-21"],"discnumber":["1/1"],"encodedby":["iTunes v4.8.0.32"],"file_name":"06 - Neil Young & Crazy Horse - Running Dry (Requiem for the Rockets).mp3","genre":["Rock - Roots Rock"],"label":["Warner Music Japan"],"language":["eng"],"media":["CD"],"musicbrainz album release country":["JP"],"musicbrainz album status":["Official"],"musicbrainz album type":["album"],"musicbrainz_albumartistid":["0f3515b0-75c9-46c9-b26c-4cd05d26eae7"],"musicbrainz_albumid":["4da90b27-3b5b-351a-a5e6-ea643bcc1d1b"],"musicbrainz_artistid":["0f3515b0-75c9-46c9-b26c-4cd05d26eae7"],"musicbrainz_recordingid":["f18d9329-6e03-4580-9ac8-55c8df8232b2"],"musicbrainz_releasegroupid":["f61603ab-ef6b-386b-a5e0-aaefc00543f1"],"originaldate":["1969-05-14"],"replaygain_album_gain":["0.00 dB"],"replaygain_album_peak":["0.000000"],"replaygain_track_gain":["-0.15 dB"],"replaygain_track_peak":["0.673126"],"script":["Latn"],"title":["Running Dry (Requiem for the Rockets)"],"tracknumber":["6/7"]},"version":{"essentia":"2.1-beta1","essentia_build_sha":"ca57ba49d9b1854bd80e60cf9ccf267278fb7d6b","essentia_git_sha":"v2.1_beta1-28-g21ef5f4-dirty","extractor":"music 1.0"}},"rhythm":{"beats_count":73