{"lowlevel":{"average_loudness":0.768365740776,"barkbands":{"dmean":[0.0000202392075153,0.000179282840691,0.000758660375141,0.000811118108686,0.0013442907948,0.00191437313333,0.000766658631619,0.000600982632022,0.000550610187929,0.000454479566542,0.000184727861779,0.000124303391203,0.000167825521203,0.000127907056594,0.000247375573963,0.000222313145059,0.000257780367974,0.000145062280353,0.000183692609426,0.0000443161807198,0.0000283414883597,0.0000177523779712,0.00000869837276696,0.00000346782576344,0.00000190434366232,4.40302528659e-7,4.08118765449e-8],"dmean2":[0.0000329144386342,0.000281635875581,0.0011484118877,0.0013582269894,0.00198081159033,0.0027867523022,0.00109406327829,0.000866995425895,0.000817591324449,0.000650417990983,0.000268750096438,0.000194071340957,0.000267041526968,0.000195087326574,0.000379555101972,0.000332476833137,0.000384178099921,0.000221089852857,0.000283577828668,0.0000707649669494,0.0000416556868004,0.0000239550645347,0.0000111271037895,0.00000448841319667,0.0000026025668376,6.89415855959e-7,7.41195052001e-8],"dvar":[4.29321356243e-10,1.28422740886e-7,0.00000293941866403,0.00000660625892124,0.00000536307879884,0.0000111062772703,0.00000284475117951,0.00000151203357746,0.000001724723802,0.00000172682507582,8.58280714056e-7,6.08670234215e-8,3.15506042625e-7,6.96657593835e-8,2.95770490766e-7,7.41154622119e-7,7.94779907665e-7,1.15325001104e-7,2.34049863934e-7,1.36479370028e-8,5.86892667798e-9,2.07718153789e-9,4.47967413164e-10,6.1908395077e-11,1.65137938046e-11,1.07821748491e-12,1.24625465248e-14],"dvar2":[1.22517362922e-9,3.12013639814e-7,0.00000725096151655,0.0000176295925485,0.0000112624938993,0.000027693076845,0.00000502675175085,0.00000307892582896,0.0000034955889987,0.00000360973876923,0.00000113240741939,1.42241432854e-7,8.28431552691e-7,1.3981041036e-7,6.49580272238e-7,0.00000150096525431,0.00000155244219968,2.49139588959e-7,5.65029154131e-7,3.68942920659e-8,1.21919780938e-8,4.25203872112e-9,6.99517166414e-10,9.67251001516e-11,3.15557129038e-11,2.71553764718e-12,3.5174283191e-14],"max":[0.000450477178674,0.00541838910431,0.0233351364732,0.0331541448832,0.0537886247039,0.0718905851245,0.0885913670063,0.0295480936766,0.0348653420806,0.0505974255502,0.0622760541737,0.00432416331023,0.0166144520044,0.00707508716732,0.0189203526825,0.0466012135148,0.0344419330359,0.0108803603798,0.0131506798789,0.00373423122801,0.0020544170402,0.0010017696768,0.00049636955373,0.000155933565111,0.0000673802423989,0.0000107725099951,0.00000144049670325],"mean":[0.000193219893845,0.000548357493244,0.00164290051907,0.000962823338341,0.00295698479749,0.00483364565298,0.00194532878231,0.0012905561598,0.00108786218334,0.000890508410521,0.000319584883982,0.000223425537115,0.00029366707895,0.000249557779171,0.000461072864709,0.000394358852645,0.000438424845925,0.000281218497548,0.00035848483094,0.00010076048784,0.0000547925847059,0.0000289608997264,0.0000135006876008,0.00000529291219209,0.0000024624055186,4.78391882552e-7,5.30784802777e-8],"median":[0.000204268930247,0.000285792601062,0.000594832468778,0.000251457793638,0.00149575562682,0.00219753431156,0.000578566920012,0.000401484954637,0.000304964778479,0.00021919257415,0.0000697418945492,0.0000889862931217,0.0000768016179791,0.0000875783807714,0.00012683327077,0.0000837945335661,0.000107081905298,0.0000989937980194,0.000087567306764,0.0000164897046488,0.0000136255230245,0.0000052223062994,0.00000166799929957,7.05901697984e-7,2.60582794454e-7,8.10598166368e-8,3.008326388e-8],"min":[3.58326409042e-25,1.80024763889e-24,1.03060782266e-24,1.05635367881e-24,9.61195064145e-24,3.37432215094e-24,9.66215769376e-24,1.40459965836e-23,1.90025500683e-23,8.93332831457e-24,1.5630382691e-23,3.25082700174e-23,3.06873707889e-23,3.06088633516e-23,3.69204858118e-23,4.63602068184e-23,5.72320543113e-23,6.55759623236e-23,1.33383807785e-22,2.08695702075e-22,2.66152304065e-22,3.84775628168e-22,3.29235074653e-22,6.52480006597e-22,8.44847259811e-22,1.30430509456e-21,1.90149314611e-21],"var":[3.62387719832e-9,4.84822692215e-7,0.00000770893075241,0.00000608478057984,0.000016455858713,0.0000450748630101,0.0000206501608773,0.00000576096499572,0.00000556117629458,0.00000493533252666,0.00000303468664242,1.41761788086e-7,7.15575652066e-7,2.37357539845e-7,9.0282645715e-7,0.00000135982736538,0.00000160178660735,2.50397278023e-7,5.68182144889e-7,4.89305911344e-8,1.45581022792e-8,4.99468555404e-9,1.30637434204e-9,1.75186948281e-10,3.09537083465e-11,1.09093235747e-12,8.09130086337e-15]},"barkbands_crest":{"dmean":2.15727734566,"dmean2":3.28638958931,"dvar":4.00550603867,"dvar2":8.92008304596,"max":26.2815513611,"mean":10.8977918625,"median":10.0868988037,"min":2.83550977707,"var":20.9448757172},"barkbands_flatness_db":{"dmean":0.020584506914,"dmean2":0.0281756855547,"dvar":0.000428352330346,"dvar2":0.000801708374638,"max":0.401195794344,"mean":0.184146717191,"median":0.175716862082,"min":0.042054630816,"var":0.0032767506782},"barkbands_kurtosis":{"dmean":2.32586669922,"dmean2":3.53857064247,"dvar":14.203245163,"dvar2":33.8150177002,"max":106.169120789,"mean":4.7418050766,"median":2.61234521866,"min":-1.74888801575,"var":66.6256103516},"barkbands_skewness":{"dmean":0.413927644491,"dmean2":0.614297032356,"dvar":0.191732540727,"dvar2":0.430836588144,"max":9.79982185364,"mean":1.43947994709,"median":1.36457395554,"min":-2.0971133709,"var":1.2718474865},"barkbands_spread":{"dmean":3.07359099388,"dmean2":4.5871796608,"dvar":13.5286207199,"dvar2":30.1121845245,"max":91.8073043823,"mean":14.0093507767,"median":12.5540189743,"min":0.54385048151,"var":71.3120880127},"dissonance":{"dmean":0.023269366473,"dmean2":0.0382489338517,"dvar":0.000582363281865,"dvar2":0.00151761434972,"max":0.5,"mean":0.435997545719,"median":0.447556346655,"min":0.0042082760483,"var":0.00206065131351},"dynamic_complexity":3.61007189751,"erbbands":{"dmean":[0.00247033429332,0.055236492306,0.610680639744,2.20380830765,2.39370846748,5.8018283844,9.0322971344,17.9945697784,11.6472682953,13.7630805969,10.8239707947,12.1199197769,15.2413959503,12.0398139954,5.89088964462,5.26598834991,8.11950016022,5.66624927521,12.1542739868,9.67187023163,13.4635915756,12.6132831573,8.06615447998,8.53394508362,7.32011175156,2.14477419853,1.5124707222,0.845920801163,0.671877920628,0.424536377192,0.227407157421,0.0997562855482,0.0464743077755,0.0245669800788,0.011814516969,0.00320430891588,0.00062103633536,0.000103264595964,0.0000085510464487,0.00000596006975684],"dmean2":[0.00399943999946,0.0832722634077,0.885021746159,3.64465284348,3.80377960205,8.55275058746,12.6805591583,26.189622879,16.6431007385,20.4138584137,15.1688184738,17.7151432037,22.4860401154,17.054069519,8.91634082794,8.16846370697,12.8487586975,8.97399139404,17.7537784576,15.064365387,20.1161594391,18.3954601288,12.029173851,13.3722038269,11.2122898102,3.40788555145,2.25595903397,1.21710777283,0.931752204895,0.554164767265,0.289246827364,0.127231314778,0.0624508373439,0.0333619490266,0.0164528060704,0.0046659251675,0.0010283557931,0.000182762960321,0.0000143413399201,0.00000836886010802],"dvar":[0.0000198433699552,0.0125293331221,1.70584511757,44.5904388428,23.5484752655,123.755805969,263.314117432,1242.57336426,598.398803711,816.550964355,433.480010986,788.833740234,1261.71850586,2841.75537109,459.259490967,101.444290161,803.259338379,99.2787246704,925.468383789,569.247253418,1968.63049316,2420.16333008,394.135986328,517.718688965,387.960784912,40.1876182556,14.7520141602,5.62010574341,3.48810243607,1.06593215466,0.305715888739,0.0537239722908,0.0110026951879,0.00281373807229,0.000650208909065,0.0000497971013829,0.00000253200892075,7.95649910401e-8,3.62190472059e-10,6.69606037285e-11],"dvar2":[0.0000536430707143,0.0274435430765,3.72921347618,118.295219421,58.6700248718,260.708068848,505.354888916,3156.59692383,1107.4921875,1854.64941406,810.159362793,1603.54125977,2510.26660156,5408.28808594,910.886291504,233.96383667,2107.80834961,247.20022583,1898.71203613,1332.95239258,3926.5793457,4508.29003906,802.51751709,1271.72814941,983.342163086,112.881614685,30.5045585632,12.2860832214,7.74531984329,1.84708881378,0.47780546546,0.0794528573751,0.0192115455866,0.00528427865356,0.00133297604043,0.000112519614049,0.00000683550206304,2.22696741048e-7,9.94460291892e-10,1.30883526239e-10],"max":[0.0808203220367,2.00857615471,23.7531642914,96.9087905884,66.318145752,248.106140137,476.864654541,809.973083496,1303.26525879,710.329772949,504.003234863,540.734375,922.671081543,2070.36206055,1182.21032715,208.694015503,866.432739258,176.994171143,1160.87561035,994.378173828,1714.58520508,2420.0871582,731.883789062,688.286499023,516.487060547,245.921066284,112.444923401,53.461101532,50.1693115234,23.1221179962,14.1618309021,4.77279853821,2.06001973152,0.945306956768,0.386635750532,0.0815374627709,0.0173207875341,0.0030173426494,0.000267317343969,0.00018131818797],"mean":[0.00653916923329,0.18059310317,1.56096756458,3.1012775898,4.13525533676,12.0092802048,22.9384269714,44.1527938843,29.9453716278,32.5454139709,25.6174507141,25.5835609436,31.6359195709,22.6507663727,11.2615671158,10.1748762131,14.8481473923,11.5394163132,23.6244182587,19.3536148071,24.5114459991,22.7226638794,16.3633975983,17.35115242,14.4708852768,5.15368461609,3.04745316505,1.62545418739,1.09006106853,0.676255583763,0.357081800699,0.157897695899,0.0670094564557,0.0326084084809,0.0145864514634,0.00375460973009,0.000617383804638,0.000100162105809,0.0000190187911357,0.0000232778402278],"median":[0.00405954103917,0.0912312939763,0.582080423832,1.09276604652,1.76493120193,5.09943389893,10.9513025284,15.2240285873,10.8428487778,10.396987915,9.12467765808,8.97479915619,8.38126850128,6.27258110046,3.84863805771,4.68913316727,4.26718711853,5.69466304779,7.45394802094,6.55851364136,6.54354858398,6.3684630394,6.08896064758,4.54662466049,3.69704985619,1.01702868938,0.857521295547,0.39623221755,0.213372662663,0.091546818614,0.0456094332039,0.0223051533103,0.00849081017077,0.0037598463241,0.00149715610314,0.000489111233037,0.000136821778142,0.0000324346037814,0.0000139311314342,0.000018839711629],"min":[5.66401814404e-23,6.21864075052e-22,3.01175713822e-21,7.29939392316e-21,1.82645598999e-20,3.58705741723e-20,4.7658841404e-20,3.3890326404e-20,1.5145393965e-19,2.34269104154e-19,3.52594912636e-19,3.27364844128e-19,3.56344031214e-19,3.83476615131e-19,9.35728215616e-19,1.27296375429e-18,1.56681460042e-18,1.85284341988e-18,2.3232587595e-18,3.60436631372e-18,4.24533574908e-18,3.93645410065e-18,4.74216606758e-18,7.25573799292e-18,8.09486226634e-18,9.76015468324e-18,7.03525548219e-18,1.08005187648e-17,1.30390134318e-17,1.21608660858e-17,1.16754442423e-17,1.14042017933e-17,9.19412987932e-18,7.59572824983e-18,5.96305321885e-18,3.8465420496e-18,2.50106330012e-18,7.88763398075e-19,2.62343045458e-19,2.69541019283e-20],"var":[0.0000514849671163,0.0580489560962,7.04838228226,46.3621063232,43.3924942017,347.536254883,1109.66223145,5184.59619141,4131.2734375,4415.05810547,2103.14526367,2570.33105469,4754.36132812,7298.18847656,1191.16137695,253.499328613,1828.42248535,257.861358643,2853.72827148,1236.19763184,3800.9284668,5275.86474609,863.404724121,1310.46740723,1012.2119751,156.826385498,35.2217597961,14.8736248016,7.20610713959,2.97662448883,0.89940983057,0.164768710732,0.0268627461046,0.00567136798054,0.00105515378527,0.0000652412054478,0.00000205484707294,5.44469465069e-8,3.66632446624e-10,3.51299767054e-10]},"erbbands_crest":{"dmean":2.4630920887,"dmean2":3.76336026192,"dvar":5.72912979126,"dvar2":12.3300819397,"max":33.252822876,"mean":10.9848365784,"median":9.7239074707,"min":2.17641663551,"var":29.850566864},"erbbands_flatness_db":{"dmean":0.0194652378559,"dmean2":0.025759479031,"dvar":0.000456260197097,"dvar2":0.000790953927208,"max":0.417589187622,"mean":0.223416492343,"median":0.226589053869,"min":0.0321083180606,"var":0.00286865024827},"erbbands_kurtosis":{"dmean":1.02204120159,"dmean2":1.54763686657,"dvar":5.06718730927,"dvar2":10.6913547516,"max":71.8950958252,"mean":0.936052203178,"median":-0.406287193298,"min":-1.80047988892,"var":24.271030426},"erbbands_skewness":{"dmean":0.347078979015,"dmean2":0.516265630722,"dvar":0.116407625377,"dvar2":0.250252902508,"max":6.9972410202,"mean":0.641770660877,"median":0.544820308685,"min":-1.95811629295,"var":0.849911689758},"erbbands_spread":{"dmean":5.05129814148,"dmean2":7.49976348877,"dvar":35.5604553223,"dvar2":69.4986877441,"max":97.9755401611,"mean":29.5456047058,"median":29.6140766144,"min":1.37860059738,"var":180.379455566},"gfcc":{"cov":[[27082.8730469,2621.31762695,-4166.41992188,1297.2376709,-1363.86657715,-608.060668945,-854.176391602,-183.19619751,-424.183776855,-305.446594238,-221.741836548,-363.650787354,-216.02722168],[2621.31762695,1171.35205078,-274.390045166,-186.923843384,123.460235596,-232.113723755,-50.7524147034,-79.6719436646,-25.5140953064,-51.1162261963,46.3505363464,-24.543094635,26.2750301361],[-4166.41992188,-274.390045166,1630.44006348,-206.288391113,-0.823067843914,474.087036133,31.5337371826,-16.881975174,6.36868667603,25.4406108856,-85.4401702881,107.987533569,-51.4522171021],[1297.2376709,-186.923843384,-206.288391113,441.916992188,-84.8404083252,52.1669616699,17.1134700775,-15.422580719,-25.7830982208,-29.460193634,-47.04712677,-79.6533508301,-67.6521759033],[-1363.86657715,123.460235596,-0.823067843914,-84.8404083252,395.876708984,-82.7149581909,69.1815414429,30.8124790192,37.2721824646,24.7952671051,58.3008537292,6.58029031754,23.33826828],[-608.060668945,-232.113723755,474.087036133,52.1669616699,-82.7149581909,355.965240479,-6.96564626694,3.38696074486,-16.1419563293,1.02664864063,-75.1552047729,31.1069278717,-63.5888557434],[-854.176391602,-50.7524147034,31.5337371826,17.1134700775,69.1815414429,-6.96564626694,154.048538208,35.8910331726,29.2109336853,8.75092315674,9.55838394165,-24.8951911926,5.34537363052],[-183.19619751,-79.6719436646,-16.881975174,-15.422580719,30.8124790192,3.38696074486,35.8910331726,107.593017578,35.1012001038,18.7408332825,-4.6138176918,2.09458184242,-0.713730692863],[-424.183776855,-25.5140953064,6.36868667603,-25.7830982208,37.2721824646,-16.1419563293,29.2109336853,35.1012001038,88.1871337891,49.9574928284,20.3463172913,-2.8829498291,8.00133037567],[-305.446594238,-51.1162261963,25.4406108856,-29.460193634,24.7952671051,1.02664864063,8.75092315674,18.7408332825,49.9574928284,105.550758362,45.6822433472,4.81066846848,-8.06046485901],[-221.741836548,46.3505363464,-85.4401702881,-47.04712677,58.3008537292,-75.1552047729,9.55838394165,-4.6138176918,20.3463172913,45.6822433472,94.5972976685,16.6496200562,4.20362281799],[-363.650787354,-24.543094635,107.987533569,-79.6533508301,6.58029031754,31.1069278717,-24.8951911926,2.09458184242,-2.8829498291,4.81066846848,16.6496200562,84.1193847656,32.1134529114],[-216.02722168,26.2750301361,-51.4522171021,-67.6521759033,23.33826828,-63.5888557434,5.34537363052,-0.713730692863,8.00133037567,-8.06046485901,4.20362281799,32.1134529114,88.8323745728]],"icov":[[0.000825244409498,-0.00234291213565,0.00190510845277,-0.00199843640439,0.0022924519144,-0.00115051539615,0.00251366337761,-0.00199404358864,0.00181836239062,-0.00163633876946,0.001646426972,-0.000809856515843,0.000590828363784],[-0.00234291213565,0.00788285210729,-0.00527850491926,0.00637301616371,-0.00684334430844,0.00379008683376,-0.00684555154294,0.0065973252058,-0.00529530690983,0.00533921457827,-0.00458713667467,0.00275761447847,-0.00107556965668],[0.00190510845277,-0.00527850491926,0.00576179567724,-0.00371848512441,0.00504185026512,-0.00416684150696,0.00509666092694,-0.00358555628918,0.00384606420994,-0.00400937441736,0.00482186488807,-0.00289801810868,0.0021660043858],[-0.00199843640439,0.00637301616371,-0.00371848512441,0.008829632774,-0.00543996552005,0.00189347413834,-0.00676647992805,0.00617721443996,-0.00433917576447,0.00457380805165,-0.0029135576915,0.0038541839458,0.000617519312073],[0.0022924519144,-0.00684334430844,0.00504185026512,-0.00543996552005,0.00966093409806,-0.00277889100835,0.00582238193601,-0.00637641223148,0.00466877268627,-0.00427343696356,0.00290706753731,-0.00222573755309,0.00130621041171],[-0.00115051539615,0.00379008683376,-0.00416684150696,0.00189347413834,-0.00277889100835,0.00947637204081,-0.00411445600912,0.00315696396865,-0.00209168856964,0.000532788573764,0.00308185489848,-0.0036676726304,0.0043129241094],[0.00251366337761,-0.00684555154294,0.00509666092694,-0.00676647992805,0.00582238193601,-0.00411445600912,0.0169390588999,-0.00892067607492,0.00414102477953,-0.00324727990665,0.00173905096017,0.00272490899079,-0.00136437907349],[-0.00199404358864,0.0065973252058,-0.00358555628918,0.00617721443996,-0.00637641223148,0.00315696396865,-0.00892067607492,0.0182057879865,-0.00873959437013,0.00302082672715,0.00072949542664,-0.001373445848,0.00196845224127],[0.00181836239062,-0.00529530690983,0.00384606420994,-0.00433917576447,0.00466877268627,-0.00209168856964,0.00414102477953,-0.00873959437013,0.022762209177,-0.0117667904124,0.00356217683293,0.0004763721372,-0.0015906811459],[-0.00163633876946,0.00533921457827,-0.00400937441736,0.00457380805165,-0.00427343696356,0.000532788573764,-0.00324727990665,0.00302082672715,-0.0117667904124,0.021098041907,-0.012633333914,0.00418862933293,-0.000615906668827],[0.001646426972,-0.00458713667467,0.00482186488807,-0.0029135576915,0.00290706753731,0.00308185489848,0.00173905096017,0.00072949542664,0.00356217683293,-0.012633333914,0.0271447692066,-0.0119449626654,0.00884466618299],[-0.000809856515843,0.00275761447847,-0.00289801810868,0.0038541839458,-0.00222573755309,-0.0036676726304,0.00272490899079,-0.001373445848,0.0004763721372,0.00418862933293,-0.0119449626654,0.0257058106363,-0.0121345026419],[0.000590828363784,-0.00107556965668,0.0021660043858,0.000617519312073,0.00130621041171,0.0043129241094,-0.00136437907349,0.00196845224127,-0.0015906811459,-0.000615906668827,0.00884466618299,-0.0121345026419,0.0216345600784]],"mean":[-90.7253265381,142.239074707,-136.025650024,19.9374465942,-53.6979255676,-15.9603099823,-37.4932594299,-2.16885018349,-16.0610179901,-5.30286073685,-9.93463134766,-5.40461540222,-4.84895563126]},"hfc":{"dmean":3.42956399918,"dmean2":4.69858503342,"dvar":36.542427063,"dvar2":65.5602035522,"max":177.331939697,"mean":13.0411815643,"median":9.31982517242,"min":1.10171504189e-16,"var":188.19631958},"melbands":{"dmean":[0.0000346403030562,0.000235201150645,0.000345624343026,0.000290292140562,0.000297528837109,0.00038719837903,0.000178299524123,0.000145704834722,0.000086629690486,0.0000789468322182,0.0000751792540541,0.0000492568724439,0.0000224198156502,0.0000139765488711,0.0000185575991054,0.000014140166968,0.0000113025926112,0.0000186975958059,0.0000161211592058,0.0000150132473209,0.0000169870181708,0.0000145912417793,0.0000117317522381,0.00000546486444364,0.00000762986292102,0.00000762152103562,0.0000025277486202,0.00000137979338888,0.00000115906277642,7.25144616354e-7,4.36543587057e-7,4.22590716198e-7,3.17809593753e-7,2.15080248722e-7,1.48668533484e-7,8.11893272612e-8,5.57633654807e-8,3.54386848755e-8,2.49503600003e-8,1.96264533514e-8],"dmean2":[0.0000552028614038,0.000343557971064,0.000564201211091,0.000435231573647,0.000420253199991,0.000564173271414,0.000255194870988,0.000215685926378,0.000121118522657,0.000116620285553,0.000111022156489,0.0000701531607774,0.000032937645301,0.0000222920425585,0.0000285094010906,0.0000227763248404,0.0000179718663276,0.0000270690179605,0.0000252706558967,0.0000226932515943,0.0000257190185948,0.000021497527996,0.0000175756213139,0.00000852068114909,0.0000119751985039,0.0000116488827189,0.0000040500385694,0.00000223133110921,0.00000175640388989,0.00000109277073079,6.4026534119e-7,6.07700314958e-7,4.37691682009e-7,2.88272616444e-7,1.93426160422e-7,1.07583886688e-7,7.45307460193e-8,4.9084469822e-8,3.46060993195e-8,2.74947069556e-8],"dvar":[4.15589829217e-9,2.44482521339e-7,9.8075815913e-7,3.02519708839e-7,2.46318393238e-7,5.25501206994e-7,1.4246532487e-7,9.4584947874e-8,2.71484399406e-8,3.44805641816e-8,3.11215302418e-8,4.99966645862e-8,9.68293889514e-9,8.64253835164e-10,2.95467939004e-9,1.67924896211e-9,4.70248617823e-10,2.20160112363e-9,1.05624420321e-9,4.20777901411e-9,3.117639924e-9,4.10033962339e-9,9.08471575745e-10,1.5537650333e-10,4.62386573474e-10,4.16791406943e-10,4.14022288675e-11,1.85208289677e-11,8.16572764267e-12,5.66531804108e-12,1.42463493259e-12,1.79657243943e-12,6.18062187801e-13,2.92949963333e-13,1.39179114197e-13,4.04997927827e-14,1.77714949283e-14,6.63939830035e-15,3.33844229523e-15,1.84939183176e-15],"dvar2":[1.06263549071e-8,5.38239987691e-7,0.00000254047722592,6.52665562484e-7,4.84898748709e-7,0.00000133407945668,2.61284498038e-7,2.13091325918e-7,5.10238784557e-8,7.09106942054e-8,6.17495388155e-8,9.78322276524e-8,1.57147805879e-8,2.22665286209e-9,7.1804442392e-9,4.48906023465e-9,1.15548082213e-9,4.42649206178e-9,2.55804621929e-9,8.78488659595e-9,6.29640339866e-9,7.76788677825e-9,1.95714822127e-9,3.37288863506e-10,1.14017895125e-9,1.02037156502e-9,1.07320020926e-10,5.17938678057e-11,1.69622510482e-11,1.26234864575e-11,3.13987421133e-12,4.39869625099e-12,1.2256836171e-12,5.16167078697e-13,2.31329522595e-13,6.71004525272e-14,2.96775611356e-14,1.23524695111e-14,6.55388015993e-15,3.67795173522e-15],"max":[0.00102818035521,0.00873892754316,0.0135745909065,0.00960505194962,0.0131233660504,0.016044087708,0.0203091371804,0.00784877035767,0.00376871228218,0.00384880090132,0.00460879597813,0.0088890036568,0.00530788023025,0.000735232781153,0.00153961626347,0.0012177140452,0.000403957819799,0.00175480847247,0.000670202483889,0.00392797682434,0.00145617965609,0.00300859007984,0.000749498896766,0.000401997764129,0.000657209136989,0.000440473435447,0.000168559214217,0.000167719612364,0.0000639645077172,0.0000994000292849,0.0000213506737055,0.0000436640330008,0.0000169956256286,0.0000111574881885,0.00000905983142729,0.00000521159836353,0.00000250874609264,0.00000167543589669,0.00000123949882891,7.24212554815e-7],"mean":[0.000108240717964,0.000624179840088,0.000521050998941,0.000577901198994,0.000761683913879,0.000956356700044,0.000456418143585,0.000334882148309,0.000197890112759,0.000159421484568,0.000153013461386,0.0000893737233127,0.0000407929437642,0.0000251419787674,0.0000334020187438,0.0000252442096098,0.0000213799958146,0.0000355340489477,0.0000303789875034,0.0000271764802164,0.0000288697501674,0.0000244148650381,0.0000201809179998,0.0000108658277895,0.0000143905863297,0.0000138361456266,0.00000526453550265,0.00000295935319627,0.00000212778240893,0.0000012925216879,7.75570299538e-7,6.45852935577e-7,4.91646119372e-7,3.24095367432e-7,2.25382748908e-7,1.27092462776e-7,8.36651707914e-8,4.93500422749e-8,3.33996403867e-8,2.51438923016e-8],"median":[0.0000652251692372,0.000253810838331,0.000207062941627,0.000216712796828,0.000413503265008,0.000357536773663,0.000162314565387,0.000113701680675,0.0000620746213826,0.000049157984904,0.0000365309097106,0.0000211653059523,0.0000112430861918,0.00000962015656114,0.0000104496803033,0.00000718257933841,0.00000896634082892,0.00000984109738056,0.00000861561420606,0.0000060467223193,0.00000679694994687,0.00000518828164786,0.0000067550690801,0.00000322172490996,0.00000302502735394,0.00000322501409755,8.93106857802e-7,4.77141782085e-7,5.87782437833e-7,2.89213289761e-7,1.59252337539e-7,1.25204309143e-7,7.08504259705e-8,3.9724028511e-8,2.64752735291e-8,1.85817619069e-8,1.08118385356e-8,5.99650018529e-9,4.10253209182e-9,2.77757816747e-9],"min":[8.52616347758e-25,1.95186394386e-24,2.01165802276e-24,1.60850740309e-24,1.84462500911e-24,6.72391410414e-25,2.14147553712e-24,2.41266047557e-24,2.05320476284e-24,2.13935902331e-24,1.50176249249e-24,1.41611142666e-24,2.3295046754e-24,3.5636838725e-24,2.52226323202e-24,3.20664976553e-24,2.80933602631e-24,2.88781861448e-24,3.73776299175e-24,2.95971520017e-24,4.05825508943e-24,3.3113075474e-24,4.15032935657e-24,3.94239311613e-24,5.38412319512e-24,4.90739522301e-24,4.7919489794e-24,5.16265128484e-24,3.13266526225e-24,5.35164342507e-24,4.64239909557e-24,5.98119742036e-24,5.7826474414e-24,5.50753811716e-24,5.23953761297e-24,5.62759170288e-24,6.23117442502e-24,5.62898404238e-24,5.61105520616e-24,5.83054668114e-24],"var":[1.40557148143e-8,9.83683548839e-7,0.00000108361814455,8.60205659592e-7,0.00000101262514818,0.00000214318515646,9.83069639915e-7,4.43480132617e-7,1.28927354126e-7,1.08620618278e-7,1.18052099651e-7,1.22693890603e-7,2.88021571038e-8,1.82171389085e-9,7.30101223922e-9,3.89042531523e-9,1.18472465171e-9,6.88509826929e-9,3.01846947437e-9,7.61608198729e-9,5.81255754639e-9,8.82264217239e-9,1.69458480581e-9,3.87645804345e-10,1.10649023277e-9,9.57378620825e-10,1.31034502693e-10,6.87626830476e-11,1.83735075765e-11,1.05591698579e-11,3.69627505686e-12,2.89796203527e-12,1.48013133867e-12,7.64366001049e-13,3.76245611272e-13,1.14237504005e-13,4.73728112402e-14,1.49811956053e-14,6.73583215436e-15,3.32042272807e-15]},"melbands_crest":{"dmean":2.83703732491,"dmean2":4.36784648895,"dvar":7.39885091782,"dvar2":17.6509380341,"max":36.7160110474,"mean":14.6419525146,"median":13.6356391907,"min":1.63089156151,"var":34.0212440491},"melbands_flatness_db":{"dmean":0.0235589444637,"dmean2":0.0324238017201,"dvar":0.000601006497163,"dvar2":0.00111746194307,"max":0.533028960228,"mean":0.255504816771,"median":0.247044831514,"min":0.00369873805903,"var":0.00605878373608},"melbands_kurtosis":{"dmean":4.23397350311,"dmean2":6.5586180687,"dvar":49.2572021484,"dvar2":114.082771301,"max":226.607757568,"mean":9.75308799744,"median":6.38313674927,"min":-1.65264606476,"var":139.142684937},"melbands_skewness":{"dmean":0.502200722694,"dmean2":0.755861580372,"dvar":0.309521585703,"dvar2":0.684844851494,"max":11.5346183777,"mean":2.19973611832,"median":2.07212471962,"min":-1.69052278996,"var":1.47294509411},"melbands_spread":{"dmean":4.05862760544,"dmean2":6.16979789734,"dvar":27.3375816345,"dvar2":65.2812728882,"max":166.673171997,"mean":17.7776794434,"median":13.4384689331,"min":0.759691596031,"var":337.250488281},"mfcc":{"cov":[[11132.3564453,387.171295166,-1480.94909668,945.605895996,-429.693695068,-172.948654175,-305.913848877,-60.4581184387,-232.136993408,27.5424613953,-167.485122681,-75.771987915,-88.9245300293],[387.171295166,1795.45910645,-154.148666382,28.0077514648,144.210571289,-118.793205261,-15.4243211746,-73.4836425781,-37.2279129028,-66.3132247925,-8.4442281723,-3.97518920898,-12.0581274033],[-1480.94909668,-154.148666382,1281.0736084,-315.70513916,52.6434783936,279.964416504,9.97132778168,96.8976211548,46.8400039673,-76.1939315796,32.9469566345,-44.4745483398,-27.6897850037],[945.605895996,28.0077514648,-315.70513916,330.207885742,-24.1519107819,-42.231212616,13.7409181595,-21.1257400513,-14.7130899429,41.0870056152,-0.259892195463,6.15919351578,-20.898349762],[-429.693695068,144.210571289,52.6434783936,-24.1519107819,194.351654053,42.9708061218,20.7426681519,14.6901721954,-0.419939100742,-23.6289482117,27.498052597,5.46645975113,-1.36258280277],[-172.948654175,-118.793205261,279.964416504,-42.231212616,42.9708061218,189.134552002,31.7988929749,31.1549186707,11.740819931,-19.8806877136,15.1838874817,-6.19720983505,3.16193699837],[-305.913848877,-15.4243211746,9.97132778168,13.7409181595,20.7426681519,31.7988929749,95.3577041626,28.9232273102,8.33159732819,11.2134332657,10.8220071793,3.16999745369,-2.26033782959],[-60.4581184387,-73.4836425781,96.8976211548,-21.1257400513,14.6901721954,31.1549186707,28.9232273102,95.8731002808,37.2836265564,-13.5467014313,-3.99533891678,-13.9298410416,-8.06555843353],[-232.136993408,-37.2279129028,46.8400039673,-14.7130899429,-0.419939100742,11.740819931,8.33159732819,37.2836265564,91.3414001465,29.7425479889,-8.99382781982,-12.1006860733,1.16177928448],[27.5424613953,-66.3132247925,-76.1939315796,41.0870056152,-23.6289482117,-19.8806877136,11.2134332657,-13.5467014313,29.7425479889,103.419219971,37.3129768372,4.21321153641,-2.0387942791],[-167.485122681,-8.4442281723,32.9469566345,-0.259892195463,27.498052597,15.1838874817,10.8220071793,-3.99533891678,-8.99382781982,37.3129768372,99.1840896606,38.8507614136,-3.44332551956],[-75.771987915,-3.97518920898,-44.4745483398,6.15919351578,5.46645975113,-6.19720983505,3.16999745369,-13.9298410416,-12.1006860733,4.21321153641,38.8507614136,86.194442749,37.1116104126],[-88.9245300293,-12.0581274033,-27.6897850037,-20.898349762,-1.36258280277,3.16193699837,-2.26033782959,-8.06555843353,1.16177928448,-2.0387942791,-3.44332551956,37.1116104126,84.250213623]],"icov":[[0.000212487750105,-0.000106391846202,0.000232154750847,-0.000426762795541,0.000436308066128,-0.000545730406884,0.000959115102887,-0.000749458908103,0.000725765828975,-0.000293672841508,0.000260168977547,0.000050979811931,0.000132074914291],[-0.000106391846202,0.00074592535384,-0.000168198093888,0.0000953044363996,-0.000801683054306,0.000924183987081,-0.000706285762135,0.0011232792167,-0.000664968916681,0.000862912856974,-0.000329766888171,0.00021771484171,-0.0000755675355322],[0.000232154750847,-0.000168198093888,0.00194471084978,0.000768706144299,0.000886493944563,-0.00274812849239,0.00155912851915,-0.0014349068515,0.000318974722177,0.000406123581342,-0.000638375640847,0.000569483963773,0.00080121337669],[-0.000426762795541,0.0000953044363996,0.000768706144299,0.00528636854142,-0.000492073595524,-0.000114124675747,-0.0021697639022,0.00108926766552,-0.000638841476757,-0.000923150568269,0.000155926260049,-0.000849452801049,0.00153654511087],[0.000436308066128,-0.000801683054306,0.000886493944563,-0.000492073595524,0.00756684271619,-0.002758001443,0.00109413894825,-0.00190926564392,0.000634884170722,0.00170199992135,-0.0024037854746,0.0008353809244,0.000153744244017],[-0.000545730406884,0.000924183987081,-0.00274812849239,-0.000114124675747,-0.002758001443,0.0110923321918,-0.00516899023205,0.00271538761444,-0.00251735234633,0.00247602374293,-0.00182759901509,0.00102859584149,-0.00214802962728],[0.000959115102887,-0.000706285762135,0.00155912851915,-0.0021697639022,0.00109413894825,-0.00516899023205,0.0175482910126,-0.00830429233611,0.00493553793058,-0.00445638084784,0.00186247809324,-0.00108221988194,0.00114987732377],[-0.000749458908103,0.0011232792167,-0.0014349068515,0.00108926766552,-0.00190926564392,0.00271538761444,-0.00830429233611,0.0197005178779,-0.0105609148741,0.00715234689415,-0.00333444098942,0.00206280848943,-0.000027481772122],[0.000725765828975,-0.000664968916681,0.000318974722177,-0.000638841476757,0.000634884170722,-0.00251735234633,0.00493553793058,-0.0105609148741,0.0204074438661,-0.0105443876237,0.00642046844587,-0.000765105418395,-0.0000937910008361],[-0.000293672841508,0.000862912856974,0.000406123581342,-0.000923150568269,0.00170199992135,0.00247602374293,-0.00445638084784,0.00715234689415,-0.0105443876237,0.0200356524438,-0.0110150268301,0.00466580875218,-0.00165740598459],[0.000260168977547,-0.000329766888171,-0.000638375640847,0.000155926260049,-0.0024037854746,-0.00182759901509,0.00186247809324,-0.00333444098942,0.00642046844587,-0.0110150268301,0.0203583166003,-0.0105834435672,0.00495562702417],[0.000050979811931,0.00021771484171,0.000569483963773,-0.000849452801049,0.0008353809244,0.00102859584149,-0.00108221988194,0.00206280848943,-0.000765105418395,0.00466580875218,-0.0105834435672,0.0208368208259,-0.0092827770859],[0.000132074914291,-0.0000755675355322,0.00080121337669,0.00153654511087,0.000153744244017,-0.00214802962728,0.00114987732377,-0.000027481772122,-0.0000937910008361,-0.00165740598459,0.00495562702417,-0.0092827770859,0.0170065034181]],"mean":[-716.826171875,168.78163147,-22.9769611359,31.3524723053,-2.90043377876,-7.37329244614,-13.3943185806,-3.85807013512,-6.56053209305,-1.2008433342,-2.601593256,-4.18505620956,-3.25998234749]},"pitch_salience":{"dmean":0.0578103363514,"dmean2":0.0905038118362,"dvar":0.00294844410382,"dvar2":0.00702358828858,"max":0.973505914211,"mean":0.536618232727,"median":0.542025387287,"min":0.0594078116119,"var":0.0132988132536},"silence_rate_20dB":{"dmean":0,"dmean2":0,"dvar":0,"dvar2":0,"max":1,"mean":1,"median":1,"min":1,"var":0},"silence_rate_30dB":{"dmean":0.000770712911617,"dmean2":0.00154172291514,"dvar":0.000770097540226,"dvar2":0.00153934699483,"max":1,"mean":0.999229431152,"median":1,"min":0,"var":0.000769949285313},"silence_rate_60dB":{"dmean":0.0308285169303,"dmean2":0.0616689138114,"dvar":0.0298786144704,"dvar2":0.0648084580898,"max":1,"mean":0.08957811445,"median":0,"min":0,"var":0.0815552249551},"spectral_centroid":{"dmean":164.373443604,"dmean2":249.418670654,"dvar":60162.9296875,"dvar2":127734.617188,"max":11621.7148438,"mean":1134.66601562,"median":871.949401855,"min":190.916046143,"var":1823885.25},"spectral_complexity":{"dmean":2.18920993805,"dmean2":3.3293504715,"dvar":5.42934989929,"dvar2":11.3167619705,"max":43,"mean":14.3122711182,"median":13,"min":0,"var":68.3779525757},"spectral_contrast_coeffs":{"dmean":[0.0439003892243,0.0461271218956,0.0383994914591,0.0308420229703,0.0232030916959,0.0180654767901],"dmean2":[0.0697567090392,0.0715294703841,0.0603676512837,0.0486114695668,0.0357373058796,0.0291185006499],"dvar":[0.0014711789554,0.00145630375482,0.000957535114139,0.00067934289109,0.000532654637937,0.000411228917073],"dvar2":[0.00355281564407,0.00345070427284,0.00235709943809,0.00158062228002,0.00102530512959,0.000960713485256],"max":[-0.31526055932,-0.339498370886,-0.482302367687,-0.533315718174,-0.548672616482,-0.591400265694],"mean":[-0.602917969227,-0.663490772247,-0.727473974228,-0.752641916275,-0.765908837318,-0.760841310024],"median":[-0.600773334503,-0.664512217045,-0.728505432606,-0.754218816757,-0.765259385109,-0.761442542076],"min":[-0.977938532829,-0.980500400066,-0.979775249958,-0.972568690777,-0.967096865177,-0.964799880981],"var":[0.00966793578118,0.00885605625808,0.00557536398992,0.00490248855203,0.00565756950527,0.00368823320605]},"spectral_contrast_valleys":{"dmean":[0.37896168232,0.368634432554,0.339058607817,0.288238197565,0.259296029806,0.358411043882],"dmean2":[0.599835216999,0.577459454536,0.52431756258,0.440031319857,0.375803142786,0.424990862608],"dvar":[0.149458050728,0.13263887167,0.117261320353,0.113632433116,0.133545681834,0.232328876853],"dvar2":[0.290768951178,0.254497438669,0.208459749818,0.200827360153,0.210352674127,0.38270893693],"max":[-5.97489404678,-4.98638629913,-5.94591808319,-6.3198800087,-6.19334697723,-9.11843681335],"mean":[-8.28338909149,-7.27686309814,-8.23101329803,-8.69600296021,-8.72695159912,-11.9487905502],"median":[-7.81147766113,-6.84001970291,-7.8231921196,-8.33676147461,-8.40326595306,-11.8904905319],"min":[-28.2443943024,-27.8946437836,-27.7791004181,-27.6835632324,-27.4611186981,-27.4175853729],"var":[6.81499290466,7.48043775558,6.84162330627,6.70349836349,6.89633703232,4.69433164597]},"spectral_decrease":{"dmean":1.28206922856e-9,"dmean2":1.8146697478e-9,"dvar":2.96589951329e-18,"dvar2":6.0025382718e-18,"max":2.23359869745e-28,"mean":-4.87394347104e-9,"median":-3.96881461029e-9,"min":-3.24385602823e-8,"var":1.51286056624e-17},"spectral_energy":{"dmean":0.00510701071471,"dmean2":0.00720820110291,"dvar":0.0000476048735436,"dvar2":0.0000950014145928,"max":0.138514980674,"mean":0.0195782426745,"median":0.0158571451902,"min":1.0061230435e-20,"var":0.000247468036832},"spectral_energyband_high":{"dmean":0.0000707079598214,"dmean2":0.0000942328479141,"dvar":2.29534258267e-8,"dvar2":4.16654408752e-8,"max":0.00453755166382,"mean":0.000153375032824,"median":0.0000497344699397,"min":7.09558760622e-21,"var":8.92363800631e-8},"spectral_energyband_low":{"dmean":0.00131336099003,"dmean2":0.00206295470707,"dvar":0.0000107526166175,"dvar2":0.0000274222347798,"max":0.049864269793,"mean":0.00289831217378,"median":0.00133200141136,"min":1.37486812193e-23,"var":0.0000188092653843},"spectral_energyband_middle_high":{"dmean":0.00119225005619,"dmean2":0.00169277517125,"dvar":0.00000699359952705,"dvar2":0.0000120959366541,"max":0.0941505357623,"mean":0.00373324635439,"median":0.002108435845,"min":1.30945659609e-21,"var":0.0000296411308227},"spectral_energyband_middle_low":{"dmean":0.00410670042038,"dmean2":0.00588926160708,"dvar":0.0000276729497273,"dvar2":0.0000598606784479,"max":0.0906017273664,"mean":0.0135427936912,"median":0.0105500286445,"min":1.49905155226e-22,"var":0.00013302975276},"spectral_entropy":{"dmean":0.190880671144,"dmean2":0.262214899063,"dvar":0.0492909252644,"dvar2":0.0888169929385,"max":9.82638549805,"mean":6.91975688934,"median":7.00591039658,"min":4.60891580582,"var":0.492629677057},"spectral_flux":{"dmean":0.0167598556727,"dmean2":0.0275536626577,"dvar":0.000394128845073,"dvar2":0.000949312467128,"max":0.254005521536,"mean":0.0517011322081,"median":0.0473267994821,"min":6.43336287021e-11,"var":0.0010244512232},"spectral_kurtosis":{"dmean":4.58529090881,"dmean2":7.7089600563,"dvar":28.6535072327,"dvar2":74.2515182495,"max":93.3011398315,"mean":10.2732181549,"median":6.99130439758,"min":-1.26661789417,"var":109.511726379},"spectral_rms":{"dmean":0.000550017808564,"dmean2":0.00076415046351,"dvar":3.87646366562e-7,"dvar2":7.18394119303e-7,"max":0.011624825187,"mean":0.00399123737589,"median":0.0039332411252,"min":3.13302335464e-12,"var":0.00000317076433021},"spectral_rolloff":{"dmean":257.793762207,"dmean2":433.208099365,"dvar":203008.96875,"dvar2":391446.0625,"max":19616.7480469,"mean":1312.13037109,"median":775.1953125,"min":21.533203125,"var":5485959},"spectral_skewness":{"dmean":0.42153352499,"dmean2":0.692642450333,"dvar":0.194939300418,"dvar2":0.486915826797,"max":8.2247171402,"mean":1.99683701992,"median":1.73522853851,"min":-0.0796964690089,"var":1.23361802101},"spectral_spread":{"dmean":435402.625,"dmean2":642466.875,"dvar":647469858816,"dvar2":1348175396860,"max":43184576,"mean":3536907.5,"median":2611644,"min":1009094.375,"var":22923182080000},"spectral_strongpeak":{"dmean":0.432013481855,"dmean2":0.698987066746,"dvar":0.683681428432,"dvar2":1.73737418652,"max":18.5966758728,"mean":1.0940656662,"median":0.819367051125,"min":0,"var":1.25407230854},"zerocrossingrate":{"dmean":0.00533506087959,"dmean2":0.00655222823843,"dvar":0.0000673789327266,"dvar2":0.000119015327073,"max":0.5283203125,"mean":0.0465697646141,"median":0.037109375,"min":0,"var":0.00371637823991}},"metadata":{"audio_properties":{"analysis_sample_rate":44100,"bit_rate":0,"codec":"flac","downmix":"mix","equal_loudness":0,"length":120.493331909,"lossless":true,"md5_encoded":"232523bab4bd3fd8a2086a440130416e","replay_gain":-7.86003112793,"sample_rate":44100},"tags":{"album":["Summer Days (and Summer Nights!!)"],"albumartist":["The Beach Boys"],"albumartistsort":["Beach Boys, The"],"artist":["The Beach Boys"],"artistsort":["Beach Boys, The"],"catalognumber":["T 2354","T-2354"],"date":["1965-07-05"],"discnumber":["1"],"disctotal":["1"],"file_name":"01-10 Summer Means New Love.flac","genre":["Pop"],"label":["Capitol Records","Capitol Records"],"media":["12\" Vinyl"],"musicbrainz_albumartistid":["ebfc1398-8d96-47e3-82c3-f782abcdb13d"],"musicbrainz_albumid":["ea15f628-8ab7-4075-957c-c7223abd6f5f"],"musicbrainz_artistid":["ebfc1398-8d96-47e3-82c3-f782abcdb13d"],"musicbrainz_recordingid":["f1a965bc-4d78-43ce-93ee-d5e755ed0070"],"musicbrainz_releasegroupid":["51d1dbfa-b621-3eed-a611-2591718eba6a"],"originaldate":["1965-07-05"],"performer":["The Beach Boys"],"releasecountry":["US"],"releasestatus":["official"],"releasetype":["album"],"script":["Latn"],"title":["Summer Means New Love"],"totaldiscs":["1"],"totaltracks":["12"],"tracknumber":["10"],"tracktotal":["12"]},"version":{"essentia":"2.1-beta1","essentia_build_sha":"ca57ba49d9b1854bd80e60cf9ccf267278fb7d6b","essentia_git_sha":"v2.1_beta1-28-g21ef5f4-dirty","extractor":"music 1.0"}},"rhythm":{"beats_count":207,"beats_loudness":{"dmean":0.0148592703044,"dmean2":0.0261088050902,"dvar":0.00017582194414,"dvar2":0.000512559432536,"max":0.114029675722,"mean":0.0260604675859,"median":0.024547541514,"min":0,"var":0.000265459850198},"beats_loudness_band_ratio":{"dmean":[0.224225774407,0.193367749453,0.144377589226,0.049141921103,0.0717440471053,0.0300325006247],"dmean2":[0.393554508686,0.32911837101,0.25165173411