{"lowlevel":{"average_loudness":0.968019783497,"barkbands":{"dmean":[0.000635733886156,0.00413652136922,0.00260273297317,0.00190138909966,0.00280265812762,0.00156709575094,0.000648829271086,0.000405580824008,0.000756313442253,0.000372305512428,0.000203185059945,0.000257376377704,0.000409434956964,0.00052740611136,0.000451847387012,0.000486938399263,0.000494040781632,0.000214967600186,0.000424490455771,0.000258603075054,0.000241858200752,0.000202068957151,0.000142538396176,0.000113673544547,0.0000495230924571,0.000019458546376,0.00000128664282784],"dmean2":[0.000955901225097,0.00689664157107,0.00478845927864,0.00324733089656,0.00466234097257,0.00254636118189,0.00112029642332,0.000680453784298,0.0012098334264,0.000607184076216,0.000330506736645,0.000419583957409,0.000635355827399,0.000834168808069,0.000701786659192,0.000793635554146,0.000826472300105,0.0003630159772,0.000716557377018,0.00043185625691,0.000410043634474,0.000352148112142,0.000229879005929,0.000173552092747,0.0000735016219551,0.0000294882247545,0.00000213485054701],"dvar":[0.00000119252763398,0.0000767453893786,0.0000290223943011,0.00000629544229014,0.0000142022608998,0.00000476705508845,0.00000106931088339,4.65816981432e-7,0.00000228745057029,3.88293244669e-7,9.18154725582e-8,2.21607876938e-7,7.92874857325e-7,9.74259137365e-7,8.43626992264e-7,6.7146748961e-7,3.74422256755e-7,6.6142462174e-8,2.15991079244e-7,1.86831286442e-7,1.39816108913e-7,9.45064968505e-8,1.03667126439e-7,1.18485992573e-7,1.53191628272e-8,2.82660028716e-9,2.80760917987e-11],"dvar2":[0.00000264311370302,0.000193071406102,0.0000824404487503,0.0000171173287526,0.0000384452469007,0.0000119308851936,0.00000294348774332,0.00000120448726193,0.00000560570288144,0.00000100041324913,2.35073841282e-7,5.50627760276e-7,0.00000174769661498,0.00000228934754887,0.00000192444122149,0.0000016101661231,9.67594814938e-7,1.6799334901e-7,5.54993903279e-7,4.58084514321e-7,3.46478230995e-7,2.45451872161e-7,2.12862474314e-7,2.52723026506e-7,3.4477768196e-8,6.69937527675e-9,7.39685951379e-11],"max":[0.00976418890059,0.0584455579519,0.0513298287988,0.0264840126038,0.0410995408893,0.03673812747,0.011448668316,0.0105142239481,0.0287386272103,0.013189220801,0.00683739455417,0.0122477319092,0.0181905347854,0.0147313168272,0.0184355154634,0.0199116617441,0.0131058003753,0.00528626842424,0.00771479774266,0.0110005224124,0.0103475116193,0.0049914852716,0.00552537059411,0.00804866570979,0.0037546523381,0.00214637373574,0.000186631048564],"mean":[0.000653627736028,0.0034786502365,0.00238741654903,0.0027200197801,0.00455119227991,0.00267174118198,0.00087581097614,0.000513111997861,0.00118172343355,0.000647799752187,0.000353229086613,0.000465731223812,0.000754396023694,0.000897629477549,0.000797069340479,0.000957333191764,0.00111339415889,0.00047891002032,0.00108186132275,0.000537333253305,0.000527137424797,0.000361172860721,0.000226583491894,0.00020557778771,0.000110975131975,0.0000364757179341,0.00000144761645515],"median":[0.000150947103975,0.000679400749505,0.0010263096774,0.00182271120138,0.00329471100122,0.00176725490019,0.000571243464947,0.000240931156441,0.000528939883225,0.000381281221053,0.000234559862292,0.000261866603978,0.000307133246679,0.000409267726354,0.000322405830957,0.00060216372367,0.000914817210287,0.000404210353736,0.000925973115955,0.000400327378884,0.000418799929321,0.000263745896518,0.0001235314121,0.000125116435811,0.000080792051449,0.0000246690506174,5.59799389066e-7],"min":[7.66574322471e-24,2.16988876864e-23,4.84314526329e-24,4.11870313402e-24,2.59839469914e-23,3.21309389138e-23,1.16319378521e-23,2.1774036154e-23,2.36369359148e-23,4.81050440784e-23,3.151838211e-23,8.58981615126e-23,4.68912963787e-23,8.3714203252e-23,1.14812305515e-22,1.28686854225e-22,1.02890181235e-22,2.15481862235e-22,2.47798527405e-22,3.01272164373e-22,3.62619567188e-22,2.99281937729e-22,5.01861796843e-22,5.20569033676e-22,1.15702473831e-21,1.46783411743e-21,2.17264036597e-21],"var":[0.00000146681600199,0.0000634121752228,0.0000191810213437,0.0000078857428889,0.0000183859810932,0.00000850583728607,0.00000102081367004,5.87121519402e-7,0.00000378056051886,7.66662196838e-7,1.66635899745e-7,4.44710906322e-7,0.00000202364913093,0.00000192770744434,0.00000188268938928,0.00000141455075209,6.77205719057e-7,1.11211669207e-7,4.63803871753e-7,2.9535141266e-7,2.23385981712e-7,1.25164078213e-7,1.84124701263e-7,1.71843439034e-7,2.32818901935e-8,4.11659772936e-9,2.39550983216e-11]},"barkbands_crest":{"dmean":2.75137257576,"dmean2":4.64278554916,"dvar":6.10471057892,"dvar2":16.5313205719,"max":24.4163684845,"mean":7.72442007065,"median":7.00282001495,"min":2.37931442261,"var":10.0870113373},"barkbands_flatness_db":{"dmean":0.0164732541889,"dmean2":0.0262760911137,"dvar":0.000264457601588,"dvar2":0.000665203493554,"max":0.285170763731,"mean":0.0820196643472,"median":0.0751613155007,"min":0.0303415898234,"var":0.000943619816098},"barkbands_kurtosis":{"dmean":1.46425366402,"dmean2":2.48082709312,"dvar":13.7058401108,"dvar2":44.3798980713,"max":100.714614868,"mean":0.382342845201,"median":-0.519966721535,"min":-1.85511529446,"var":17.404592514},"barkbands_skewness":{"dmean":0.498343497515,"dmean2":0.780268967152,"dvar":0.245830714703,"dvar2":0.63246101141,"max":8.09862995148,"mean":0.941498696804,"median":0.834184885025,"min":-9.12282943726,"var":0.644198536873},"barkbands_spread":{"dmean":5.9737701416,"dmean2":9.37039470673,"dvar":29.5172710419,"dvar2":70.8484573364,"max":88.1846542358,"mean":35.013633728,"median":34.5752334595,"min":1.89406633377,"var":97.8658676147},"dissonance":{"dmean":0.00718955229968,"dmean2":0.0124710388482,"dvar":0.0000516247564519,"dvar2":0.000146906939335,"max":0.500000059605,"mean":0.487754493952,"median":0.489221960306,"min":0.324491679668,"var":0.0000652756498312},"dynamic_complexity":1.59843397141,"erbbands":{"dmean":[0.149913191795,0.900838673115,2.64817047119,5.17160415649,7.41083526611,11.2498130798,10.3065061569,12.8957605362,10.8982944489,7.82398891449,9.09405994415,15.7614574432,14.0281915665,9.04842090607,8.23449039459,11.0284471512,17.1641750336,25.3210716248,22.2489833832,20.3573741913,27.5218963623,26.8388595581,11.3673830032,21.0408000946,16.0556945801,12.1974859238,9.1211566925,10.6938648224,7.92601251602,4.66904449463,4.10578393936,3.50804495811,1.23353850842,0.589168131351,0.369502335787,0.126282557845,0.0296940654516,0.00358908553608,0.00021342029504,0.0000174564011104],"dmean2":[0.245463207364,1.6184078455,4.92005252838,9.02308654785,12.7865571976,18.465883255,17.0693969727,21.0030899048,18.8105564117,13.4447689056,14.690196991,25.2920608521,22.3403167725,14.682352066,13.4465427399,17.7741203308,26.5238418579,39.8837127686,34.4142723083,31.3102741241,44.9005393982,44.8212928772,19.1246032715,35.7070236206,26.5291557312,20.214630127,15.4927568436,18.2096271515,13.8433580399,7.8511724472,6.61964559555,5.40115690231,1.89482152462,0.881358146667,0.558692514896,0.191459611058,0.0455554537475,0.00544830737635,0.000354892574251,0.0000281257362076],"dvar":[0.0942237600684,4.32104349136,33.5161705017,62.2120780945,117.133346558,210.498214722,190.01852417,424.975830078,328.467803955,175.288909912,267.178833008,1018.54467773,909.224060059,156.129348755,160.883499146,347.674926758,1449.95849609,2502.46435547,1908.97509766,1591.62658691,2301.85742188,1040.56982422,183.216918945,464.448638916,510.103088379,408.754852295,248.386520386,242.937530518,145.409912109,70.0980758667,88.1797485352,115.092338562,12.4387645721,1.52805435658,1.16428792477,0.136157110333,0.00802680291235,0.000100223143818,8.87714577402e-7,1.15872644812e-9],"dvar2":[0.22035215795,11.8971366882,95.4065704346,174.663742065,315.377319336,555.264160156,477.092987061,1054.9276123,892.190368652,483.188415527,618.893127441,2426.65673828,2176.52075195,406.724731445,412.927978516,827.999267578,3182.92749023,5924.96435547,4418.44824219,3633.16333008,5536.21484375,2697.1862793,458.718780518,1266.75634766,1181.12109375,978.452758789,621.83404541,613.131530762,375.376037598,161.22492981,178.824813843,242.183380127,27.8815956116,3.40010976791,2.65554189682,0.308305889368,0.0202018152922,0.000249525357503,0.0000023290979243,3.06186387355e-9],"max":[1.88076603413,14.3934621811,53.633846283,88.9168014526,121.085395813,173.811737061,244.718688965,401.4480896,258.771911621,252.948242188,399.231567383,632.652160645,666.286499023,324.745300293,306.445007324,380.61819458,793.197631836,818.971435547,727.100219727,783.593994141,1215.80871582,841.574707031,266.82019043,280.498809814,502.474884033,444.74005127,292.102844238,466.269775391,202.331741333,178.854827881,161.019546509,228.214126587,93.9442901611,34.3256454468,35.8356361389,16.1506576538,4.03902101517,0.36070227623,0.0304740741849,0.00108455424197],"mean":[0.131790965796,0.672878563404,2.34627699852,7.14272594452,10.4341440201,19.014831543,17.0806541443,20.8308410645,15.1797542572,10.9762239456,13.1855916977,24.8712120056,25.5165748596,17.3555412292,15.4101524353,21.4947853088,33.7802772522,46.5918197632,42.1731033325,42.2758827209,58.2145385742,62.2507209778,29.9410495758,52.7395629883,39.8576087952,25.6638832092,17.2026996613,24.1525249481,14.7044563293,7.63030958176,6.53113698959,5.68634271622,2.46518063545,1.34725081921,0.737791657448,0.243741869926,0.0522594749928,0.00591234629974,0.000266567803919,0.0000456680973002],"median":[0.017394958064,0.159632876515,0.977183401585,4.77434492111,7.44214487076,12.829996109,11.958190918,12.3759651184,9.85294723511,7.02994823456,6.43449401855,11.6799945831,12.719997406,11.9064207077,10.0878133774,12.3224487305,15.1090192795,20.7970085144,19.1024360657,20.7721290588,39.4438209534,51.7006835938,26.2960186005,45.4767684937,32.8262405396,19.3438186646,12.0099515915,19.9747581482,11.0817165375,4.64736652374,3.52733659744,3.16426944733,1.60585951805,0.97454726696,0.51463341713,0.167081058025,0.0349056348205,0.00369558646344,0.000117713148938,0.0000387530599255],"min":[7.3765542637e-22,4.5365270706e-21,5.70686081377e-21,1.27246591112e-20,2.38647099718e-20,6.99588196937e-20,1.75307036781e-19,2.76761940908e-19,1.1222828537e-19,4.10564040156e-19,4.88760085948e-19,5.83308122433e-19,6.75181522105e-19,9.47573235193e-19,1.96220269392e-18,4.41035455898e-18,3.04320760655e-18,4.04911899521e-18,3.59607961834e-18,8.32308387888e-18,8.66134367395e-18,7.79704581296e-18,1.20429829223e-17,1.23604507055e-17,1.35414942211e-17,1.22249783735e-17,1.19347058073e-17,1.48095422478e-17,1.03251008436e-17,1.45496437537e-17,1.22456802227e-17,1.05764074127e-17,9.75183986372e-18,8.7787536901e-18,8.90046669979e-18,5.61674330205e-18,2.38730280483e-18,1.02953494318e-18,2.69709502403e-19,3.19575155052e-20],"var":[0.0890240967274,2.83227181435,20.9987945557,58.02684021,111.687728882,360.911132812,319.751953125,718.598083496,313.746063232,168.615203857,435.031951904,1634.49731445,1963.62353516,335.92678833,300.053375244,835.631347656,3655.19116211,5414.7109375,4313.49853516,3999.09106445,4423.84570312,1971.8717041,347.011199951,995.703063965,993.40057373,659.619995117,359.147918701,380.737487793,189.221130371,119.622337341,157.240036011,169.482208252,17.3605575562,2.57258248329,1.65777146816,0.21654625237,0.0094416225329,0.000116558418085,7.49410673961e-7,1.20541621129e-9]},"erbbands_crest":{"dmean":1.86079418659,"dmean2":3.12267494202,"dvar":3.09234333038,"dvar2":8.01385879517,"max":22.5256404877,"mean":6.37624168396,"median":5.75277614594,"min":2.51483249664,"var":6.28672266006},"erbbands_flatness_db":{"dmean":0.0118696624413,"dmean2":0.0181881282479,"dvar":0.000102790312667,"dvar2":0.000231054669712,"max":0.25513702631,"mean":0.131097048521,"median":0.127337470651,"min":0.0452851094306,"var":0.00057684170315},"erbbands_kurtosis":{"dmean":0.569548845291,"dmean2":0.915415585041,"dvar":0.312298119068,"dvar2":0.783265709877,"max":6.83250522614,"mean":-0.252639442682,"median":-0.415579319,"min":-1.67880916595,"var":0.743038415909},"erbbands_skewness":{"dmean":0.24471847713,"dmean2":0.387259960175,"dvar":0.0395718067884,"dvar2":0.0958303287625,"max":1.28729963303,"mean":-0.456369489431,"median":-0.481765061617,"min":-2.1754283905,"var":0.169125273824},"erbbands_spread":{"dmean":8.74785614014,"dmean2":14.227563858,"dvar":63.5162506104,"dvar2":164.153121948,"max":102.925582886,"mean":45.5286827087,"median":44.9987678528,"min":12.1913089752,"var":195.991149902},"gfcc":{"cov":[[5910.34179688,-324.341674805,-365.969543457,10.0876560211,-341.658935547,134.087081909,-230.781311035,56.1728782654,-64.0504150391,94.9442443848,-161.318359375,34.5169372559,-119.853759766],[-324.341674805,511.785125732,-146.970184326,49.6034164429,152.489929199,-50.9133110046,105.099235535,-27.4671764374,32.044593811,-58.6818618774,36.2296600342,-52.4501304626,47.9432830811],[-365.969543457,-146.970184326,326.339416504,99.767829895,5.07208299637,51.1878395081,3.244161129,29.6040821075,19.1444168091,22.6427555084,19.8187065125,51.7114753723,-12.5624141693],[10.0876560211,49.6034164429,99.767829895,203.709854126,50.0229873657,18.4890556335,43.0862960815,9.13964271545,33.8366699219,-22.3354797363,28.3921985626,14.7003898621,11.8559083939],[-341.658935547,152.489929199,5.07208299637,50.0229873657,165.893157959,18.6689586639,61.7713890076,10.8650569916,32.7580909729,-5.38996553421,16.552438736,-9.28293895721,29.0592803955],[134.087081909,-50.9133110046,51.1878395081,18.4890556335,18.6689586639,115.410202026,41.801738739,34.9395561218,14.3254413605,25.2567005157,8.50785255432,15.8440380096,-8.10456848145],[-230.781311035,105.099235535,3.244161129,43.0862960815,61.7713890076,41.801738739,130.190994263,30.7557907104,29.5497684479,-3.33260560036,26.0809059143,-6.12991762161,6.51382112503],[56.1728782654,-27.4671764374,29.6040821075,9.13964271545,10.8650569916,34.9395561218,30.7557907104,69.039390564,25.5867080688,25.1871414185,2.50083589554,13.2072639465,-0.105812683702],[-64.0504150391,32.044593811,19.1444168091,33.8366699219,32.7580909729,14.3254413605,29.5497684479,25.5867080688,83.5273971558,34.9594345093,11.39498806,-5.09553146362,6.38818359375],[94.9442443848,-58.6818618774,22.6427555084,-22.3354797363,-5.38996553421,25.2567005157,-3.33260560036,25.1871414185,34.9594345093,78.6310272217,12.1304788589,16.9879951477,-6.08631658554],[-161.318359375,36.2296600342,19.8187065125,28.3921985626,16.552438736,8.50785255432,26.0809059143,2.50083589554,11.39498806,12.1304788589,54.6696624756,22.0778980255,13.1283388138],[34.5169372559,-52.4501304626,51.7114753723,14.7003898621,-9.28293895721,15.8440380096,-6.12991762161,13.2072639465,-5.09553146362,16.9879951477,22.0778980255,68.5498046875,21.2514305115],[-119.853759766,47.9432830811,-12.5624141693,11.8559083939,29.0592803955,-8.10456848145,6.51382112503,-0.105812683702,6.38818359375,-6.08631658554,13.1283388138,21.2514305115,53.4324188232]],"icov":[[0.000371343398001,-0.000248960976023,0.0008453495102,-0.000902906467672,0.000689312117174,-0.000837043568026,0.000751671206672,-0.000392608664697,0.000319823157042,-0.000761455681641,0.00125567405485,-0.00081715779379,0.00075268978253],[-0.000248960976023,0.00515776965767,0.00111407449003,0.000360325240763,-0.00345838279463,0.0025378682185,-0.00292640924454,0.00144218187779,-0.00140835763887,0.0027687177062,-0.00363261578605,0.00256598787382,-0.00202325196005],[0.0008453495102,0.00111407449003,0.00713980337605,-0.00432023452595,0.000213896870264,-0.00227842037566,0.00189357227646,-0.00116191827692,-0.0000277876006294,-0.0012487010099,0.00205560517497,-0.00469839246944,0.00406343489885],[-0.000902906467672,0.000360325240763,-0.00432023452595,0.0103186182678,-0.00256493268535,0.00160814879928,-0.00224527856335,0.00125168799423,-0.00498812273145,0.00720808375627,-0.00569769879803,0.000660701130982,-0.00118427432608],[0.000689312117174,-0.00345838279463,0.000213896870264,-0.00256493268535,0.0120300957933,-0.00358012551442,-0.000154007575475,-0.000899711856619,0.0000626567707513,-0.00293500651605,0.00382353551686,0.000533110753167,-0.00329319643788],[-0.000837043568026,0.0025378682185,-0.00227842037566,0.00160814879928,-0.00358012551442,0.0151670956984,-0.00639912718907,-0.00171952927485,0.000502376176883,-0.000734096451197,-0.00249174446799,0.00044426554814,0.000268906995188],[0.000751671206672,-0.00292640924454,0.00189357227646,-0.00224527856335,-0.000154007575475,-0.00639912718907,0.0164012387395,-0.00643678475171,-0.0011019774247,0.00172426935751,-0.00279394024983,-0.0000615244425717,0.00339529197663],[-0.000392608664697,0.00144218187779,-0.00116191827692,0.00125168799423,-0.000899711856619,-0.00171952927485,-0.00643678475171,0.0227665212005,-0.00459952931851,-0.00267664180137,0.00331062194891,-0.00322667113505,-0.000952395726927],[0.000319823157042,-0.00140835763887,-0.0000277876006294,-0.00498812273145,0.0000626567707513,0.000502376176883,-0.0011019774247,-0.00459952931851,0.0225549824536,-0.0135266967118,0.00186154327821,0.00617036130279,-0.00390017870814],[-0.000761455681641,0.0027687177062,-0.0012487010099,0.00720808375627,-0.00293500651605,-0.000734096451197,0.00172426935751,-0.00267664180137,-0.0135266967118,0.0276638623327,-0.00987771432847,-0.00351004838012,0.00377539708279],[0.00125567405485,-0.00363261578605,0.00205560517497,-0.00569769879803,0.00382353551686,-0.00249174446799,-0.00279394024983,0.00331062194891,0.00186154327821,-0.00987771432847,0.0334628373384,-0.0120111815631,0.000920974591281],[-0.00081715779379,0.00256598787382,-0.00469839246944,0.000660701130982,0.000533110753167,0.00044426554814,-0.0000615244425717,-0.00322667113505,0.00617036130279,-0.00351004838012,-0.0120111815631,0.0311672575772,-0.0161903984845],[0.00075268978253,-0.00202325196005,0.00406343489885,-0.00118427432608,-0.00329319643788,0.000268906995188,0.00339529197663,-0.000952395726927,-0.00390017870814,0.00377539708279,0.000920974591281,-0.0161903984845,0.0319624878466]],"mean":[47.2015647888,70.3855361938,-128.639175415,49.398223877,-59.2931976318,8.96156597137,-48.2200431824,6.69723558426,-32.7955970764,0.348783701658,-21.6516742706,1.45378184319,-10.1851224899]},"hfc":{"dmean":7.99198293686,"dmean2":12.7079668045,"dvar":105.496109009,"dvar2":241.380264282,"max":185.291656494,"mean":31.4198093414,"median":27.2984333038,"min":1.11567976969e-16,"var":298.874633789},"melbands":{"dmean":[0.0011893742485,0.00132960162591,0.000879518687725,0.000725732184947,0.000332170078764,0.000289714836981,0.000156442270963,0.0000840394714032,0.0000787340541137,0.000107965963252,0.0000711350294296,0.0000404245147365,0.0000278665502265,0.0000263433394139,0.0000410409993492,0.0000419921634602,0.000051463033742,0.0000385767925764,0.0000337225683325,0.0000300503616018,0.0000362756072718,0.0000316195582855,0.0000184057826118,0.00000922352046473,0.0000199574224098,0.0000167498965311,0.0000102570902527,0.00000815005569166,0.00000643774910714,0.00000582814755035,0.00000691648210704,0.00000506354899699,0.00000346568162968,0.00000246264698944,0.000002385239668,0.00000258789668806,0.00000208499909604,0.00000103246065919,5.50556364942e-7,5.21015408594e-7],"dmean2":[0.00190757622477,0.00246089673601,0.00153225823306,0.00121170841157,0.000551491917577,0.000471952342195,0.000269151263637,0.000143889745232,0.00012489486835,0.000173784792423,0.000113448142656,0.0000659135766909,0.0000455668414361,0.0000429709180025,0.0000656883057673,0.0000651474692859,0.0000816212123027,0.0000602375621384,0.0000521773290529,0.0000481096212752,0.0000593702970946,0.0000526194780832,0.0000309765673592,0.000015629140762,0.0000339662146871,0.0000280529729935,0.0000169527629623,0.0000136858416226,0.0000109640568553,0.0000100032193586,0.0000118713405755,0.00000885123790795,0.00000601707051828,0.00000410433494835,0.0000039296369323,0.00000411715654991,0.00000323741846842,0.00000162138360338,8.48437593959e-7,7.96408755832e-7],"dvar":[0.00000581992117077,0.00000886098951014,0.00000158694513175,0.00000100489421584,1.63591096225e-7,1.92127060927e-7,6.34944612443e-8,2.07402024444e-8,2.39809292424e-8,4.48943282549e-8,2.28138592462e-8,3.35336647339e-9,1.76106840222e-9,2.95261148864e-9,7.91276288936e-9,8.20546741664e-9,1.00522097313e-8,5.87168047517e-9,5.33482147347e-9,2.5905373402e-9,4.05111233448e-9,1.566481167e-9,4.69461081121e-10,1.39981484737e-10,4.15713741209e-10,4.04826061562e-10,3.54803325608e-10,1.96434826738e-10,1.18262899473e-10,9.39704772329e-11,9.75246966517e-11,5.85645143492e-11,3.12109574296e-11,2.42714130044e-11,2.56587355529e-11,6.66378896508e-11,4.11310777104e-11,9.59400527772e-12,1.38923941795e-12,1.15672922629e-12],"dvar2":[0.0000137010920298,0.0000250671364483,0.00000440590383732,0.00000273560431197,4.16743944243e-7,4.81513325212e-7,1.72261920284e-7,5.7042232271e-8,5.33894883858e-8,1.0874111922e-7,5.49663887739e-8,8.86177531356e-9,4.47179404617e-9,7.64293606181e-9,1.83846147195e-8,1.85936634978e-8,2.41484894303e-8,1.35407427493e-8,1.20212195753e-8,6.00270455564e-9,9.76954073195e-9,4.07050526618e-9,1.24694810033e-9,3.54740736785e-10,1.14867848566e-9,1.00588704033e-9,8.87519391313e-10,4.83170448096e-10,3.00227120942e-10,2.3716245634e-10,2.47657561125e-10,1.54640786287e-10,7.93709750702e-11,5.36774132087e-11,5.26006183055e-11,1.44520118095e-10,8.99040494828e-11,2.25128179987e-11,3.15887073443e-12,2.65682853322e-12],"max":[0.0168235953897,0.0258229728788,0.0131206791848,0.0113533064723,0.00644177012146,0.00823679752648,0.00369424046949,0.00291334744543,0.00474904151633,0.00365993683226,0.00322171906009,0.00155886274297,0.00107336824294,0.00174712133594,0.00205842009746,0.00162622542121,0.00173452822492,0.00113661109935,0.0018779989332,0.00085942336591,0.00165974115953,0.000950358691625,0.000541255401913,0.00028362419107,0.000250988057815,0.000358469231287,0.000504359661136,0.000365123822121,0.000211950376979,0.000280636682874,0.000269616633886,0.00013870447583,0.0000831415090943,0.000143867509905,0.000094917268143,0.000172936168383,0.0001652022911,0.0000835741229821,0.0000339541293215,0.0000318654019793],"mean":[0.00108333444223,0.00111749768257,0.00125531386584,0.001130943303,0.000617007317487,0.000480253860587,0.000222035509069,0.00011503459973,0.000112844369141,0.00016843850608,0.000127538776724,0.000071207570727,0.0000493440093123,0.000047783851187,0.0000704039630364,0.0000776624874561,0.0000871079901117,0.0000665025581839,0.0000594660268689,0.0000575479352847,0.0000701967655914,0.0000679653749103,0.0000401007600885,0.0000202066548809,0.0000462627758679,0.0000382903817808,0.0000206022032216,0.0000156338664965,0.0000104696528069,0.0000115278444355,0.000014743724023,0.00000889109287527,0.00000532226977157,0.00000376797902391,0.00000368895098291,0.00000377840115107,0.00000337985215992,0.00000186235479305,0.00000117840522762,0.00000110372673134],"median":[0.00019044293731,0.000431359687354,0.000886530149728,0.00078581168782,0.000476078945212,0.000300716259517,0.000148238570546,0.0000708842999302,0.000051218074077,0.0000772713829065,0.0000636571567156,0.0000473760737805,0.0000323532658513,0.0000271649550996,0.0000350626869476,0.0000300075371342,0.0000382418002118,0.0000297544938803,0.0000246319341386,0.0000322543419315,0.0000473998225061,0.0000552828860236,0.0000340118131135,0.0000168867700268,0.0000394597700506,0.0000319256796502,0.0000153880173457,0.0000115347456813,0.00000684303267917,0.000008940234693,0.0000121521261462,0.00000669431119604,0.00000328068654198,0.00000214460465031,0.00000200284512175,0.00000178255220362,0.00000193827713701,0.0000011587399058,8.30936016882e-7,7.90062642864e-7],"min":[6.93445259949e-24,3.67775868142e-24,2.56183466439e-24,3.62510024385e-24,6.43717125092e-24,6.11081831114e-24,1.82668019846e-24,4.00022687568e-24,3.88894542322e-24,3.62962791101e-24,2.94444048646e-24,3.61165963174e-24,5.5701563181e-24,9.95517297726e-24,8.5113760827e-24,6.10566626057e-24,8.15153165875e-24,5.3794716768e-24,8.68083208261e-24,1.04372774309e-23,9.68751957187e-24,5.80119671673e-24,9.28681136417e-24,1.02472716044e-23,9.98017513479e-24,1.01056868491e-23,8.35256260526e-24,7.45154540084e-24,7.66032848346e-24,6.8941607399e-24,9.36905169126e-24,4.74494549122e-24,6.73858238103e-24,7.70416390624e-24,7.11222082676e-24,6.34755704652e-24,6.72132131556e-24,6.74625247561e-24,7.58932705768e-24,6.99644286715e-24],"var":[0.00000554897360416,0.00000549933338334,0.00000149887387124,0.0000012625761201,2.94659770361e-7,3.24524734197e-7,6.19031439442e-8,2.02209857747e-8,4.04752142913e-8,7.43487973409e-8,4.96707279751e-8,6.36882013794e-9,3.27543081546e-9,5.36324229472e-9,1.60669930693e-8,2.05293684274e-8,1.98909031468e-8,1.21044090307e-8,1.13201217289e-8,6.58035714807e-9,7.03130931257e-9,2.76727618598e-9,7.65639329714e-10,2.20599510881e-10,8.31533009116e-10,7.85247256108e-10,5.18199039234e-10,2.84310935905e-10,1.61403945764e-10,1.34252095552e-10,1.42032760553e-10,7.00089639039e-11,4.38387971757e-11,4.08993949819e-11,4.61018757891e-11,9.44944955616e-11,5.66286531556e-11,1.19696110662e-11,2.27048132899e-12,1.77780164722e-12]},"melbands_crest":{"dmean":4.04370498657,"dmean2":6.62854146957,"dvar":12.6592960358,"dvar2":32.8600921631,"max":35.9152412415,"mean":12.6617994308,"median":11.7929182053,"min":1.74461650848,"var":24.3264484406},"melbands_flatness_db":{"dmean":0.0245222654194,"dmean2":0.0383977852762,"dvar":0.000563444162253,"dvar2":0.00133152701892,"max":0.394039511681,"mean":0.132822364569,"median":0.125394895673,"min":0.00381702906452,"var":0.00179404206574},"melbands_kurtosis":{"dmean":5.69413805008,"dmean2":9.58036231995,"dvar":104.731193542,"dvar2":313.952789307,"max":230.964828491,"mean":7.43663740158,"median":4.32477760315,"min":-1.51523220539,"var":135.521514893},"melbands_skewness":{"dmean":0.768741846085,"dmean2":1.22767078876,"dvar":0.710850000381,"dvar2":1.82808756828,"max":11.5808906555,"mean":2.35464143753,"median":2.17282176018,"min":-0.245770484209,"var":1.51497685909},"melbands_spread":{"dmean":10.7203025818,"dmean2":16.6760730743,"dvar":107.477294922,"dvar2":237.820602417,"max":165.549331665,"mean":38.1951026917,"median":36.722618103,"min":1.16268312931,"var":301.205291748},"mfcc":{"cov":[[3156.66040039,-104.692573547,-26.1914997101,-89.1294784546,-95.8390884399,-0.359195023775,-135.13079834,-62.2210922241,-17.1049404144,37.0594673157,21.3957881927,-7.62462282181,-24.1190395355],[-104.692573547,438.74395752,-207.601837158,63.169178009,19.4636764526,4.71449613571,46.4738578796,3.31477618217,28.6110095978,-4.02197122574,4.54095029831,-11.5619506836,-15.1586866379],[-26.1914997101,-207.601837158,300.317565918,32.4900131226,19.665594101,23.7458400726,-10.9984388351,36.7219581604,-20.2986221313,2.2936668396,3.50540590286,28.0545139313,31.4158782959],[-89.1294784546,63.169178009,32.4900131226,188.018264771,47.5577888489,23.2957515717,16.6507263184,39.8729095459,11.4347457886,-2.04542970657,-7.96126031876,9.68170928955,15.1294116974],[-95.8390884399,19.4636764526,19.665594101,47.5577888489,102.439582825,26.9597167969,3.95058774948,12.354183197,14.4923448563,11.0341358185,-7.04179573059,-2.64962697029,15.4581594467],[-0.359195023775,4.71449613571,23.7458400726,23.2957515717,26.9597167969,81.3630371094,31.6192207336,28.8416633606,12.9726610184,21.3198928833,17.7049541473,13.1413574219,6.11566162109],[-135.13079834,46.4738578796,-10.9984388351,16.6507263184,3.95058774948,31.6192207336,93.6360321045,46.0927124023,8.9358549118,1.0930325985,12.8349189758,10.8098678589,-6.48021268845],[-62.2210922241,3.31477618217,36.7219581604,39.8729095459,12.354183197,28.8416633606,46.0927124023,78.5331039429,22.1644363403,5.72160959244,7.93718862534,13.9718456268,7.9920463562],[-17.1049404144,28.6110095978,-20.2986221313,11.4347457886,14.4923448563,12.9726610184,8.9358549118,22.1644363403,61.1056289673,32.6689453125,16.2963695526,3.02266645432,4.20745992661],[37.0594673157,-4.02197122574,2.2936668396,-2.04542970657,11.0341358185,21.3198928833,1.0930325985,5.72160959244,32.6689453125,75.9477615356,32.0923118591,9.0092716217,1.58706986904],[21.3957881927,4.54095029831,3.50540590286,-7.96126031876,-7.04179573059,17.7049541473,12.8349189758,7.93718862534,16.2963695526,32.0923118591,62.117023468,26.6647644043,1.24868392944],[-7.62462282181,-11.5619506836,28.0545139313,9.68170928955,-2.64962697029,13.1413574219,10.8098678589,13.9718456268,3.02266645432,9.0092716217,26.6647644043,49.1648216248,20.8186702728],[-24.1190395355,-15.1586866379,31.4158782959,15.1294116974,15.4581594467,6.11566162109,-6.48021268845,7.9920463562,4.20745992661,1.58706986904,1.24868392944,20.8186702728,50.4954910278]],"icov":[[0.000361552345566,0.0000372556278307,0.0000986705781543,0.0000433741006418,0.000343396794051,-0.000346946966602,0.000695310882293,-0.000156999871251,0.000152462642291,-0.000166490266565,-0.0000677883144817,-0.00000560671969652,0.000156987414812],[0.0000372556278307,0.00415823981166,0.00294732651673,-0.00170835584868,-0.000549103540834,0.0000431858570664,-0.00144737272058,0.000451949657872,-0.000630209688097,0.000723760749679,-0.000838948879391,0.000230482401093,-0.000194661086425],[0.0000986705781543,0.00294732651673,0.00654776999727,-0.00122463563457,-0.00082609790843,-0.000784150906838,0.00141746876761,-0.00327816628851,0.00291733141057,-0.000416861323174,-0.000521514739376,-0.00121020781808,-0.00144438678399],[0.0000433741006418,-0.00170835584868,-0.00122463563457,0.00750878360122,-0.00241158669814,-0.000408292980865,0.00122416345403,-0.00329822325148,0.000192103587324,0.000233302474953,0.00161183311138,-0.00146865053102,0.0000291401865979],[0.000343396794051,-0.000549103540834,-0.00082609790843,-0.00241158669814,0.0136196576059,-0.00422021374106,0.000670188397635,0.00122259964701,-0.00205485615879,-0.00145702098962,0.00220877700485,0.00295075727627,-0.00358422403224],[-0.000346946966602,0.0000431858570664,-0.000784150906838,-0.000408292980865,-0.00422021374106,0.0182241629809,-0.00497656920925,-0.00240021874197,0.000909907335881,-0.00335490191355,-0.00234407815151,-0.000898461730685,-0.000258560641669],[0.000695310882293,-0.00144737272058,0.00141746876761,0.00122416345403,0.000670188397635,-0.00497656920925,0.0201798696071,-0.0115489894524,0.00294550228864,0.00108390348032,-0.00168268720154,-0.00230705691501,0.00417741853744],[-0.000156999871251,0.000451949657872,-0.00327816628851,-0.00329822325148,0.00122259964701,-0.00240021874197,-0.0115489894524,0.0261806901544,-0.0100131202489,0.00260722707026,0.00178830849472,-0.00195472221822,-0.00110688793939],[0.000152462642291,-0.000630209688097,0.00291733141057,0.000192103587324,-0.00205485615879,0.000909907335881,0.00294550228864,-0.0100131202489,0.0274691320956,-0.0102310786024,-0.0031321037095,0.00302054057829,-0.0026424319949],[-0.000166490266565,0.000723760749679,-0.000416861323174,0.000233302474953,-0.00145702098962,-0.00335490191355,0.00108390348032,0.00260722707026,-0.0102310786024,0.0223470106721,-0.00917880237103,0.00138610694557,0.000711633241735],[-0.0000677883144817,-0.000838948879391,-0.000521514739376,0.00161183311138,0.00220877700485,-0.00234407815151,-0.00168268720154,0.00178830849472,-0.0031321037095,-0.00917880237103,0.0298222433776,-0.0160833485425,0.00510900933295],[-0.00000560671969652,0.000230482401093,-0.00121020781808,-0.00146865053102,0.00295075727627,-0.000898461730685,-0.00230705691501,-0.00195472221822,0.00302054057829,0.00138610694557,-0.0160833485425,0.0374016985297,-0.0148394964635],[0.000156987414812,-0.000194661086425,-0.00144438678399,0.0000291401865979,-0.00358422403224,-0.000258560641669,0.00417741853744,-0.00110688793939,-0.0026424319949,0.000711633241735,0.00510900933295,-0.0148394964635,0.0287396479398]],"mean":[-585.642028809,92.7349624634,-9.41621398926,34.0999107361,6.75127887726,3.17344403267,-3.36896800995,-0.485689610243,-3.48315310478,-5.39462280273,-5.33145570755,-4.73594856262,-7.97744226456]},"pitch_salience":{"dmean":0.0728771463037,"dmean2":0.118498645723,"dvar":0.00402325158939,"dvar2":0.0104571534321,"max":0.964359283447,"mean":0.663208723068,"median":0.679999113083,"min":0.189407125115,"var":0.00751226395369},"silence_rate_20dB":{"dmean":0,"dmean2":0,"dvar":0,"dvar2":0,"max":1,"mean":1,"median":1,"min":1,"var":0},"silence_rate_30dB":{"dmean":0,"dmean2":0,"dvar":0,"dvar2":0,"max":1,"mean":1,"median":1,"min":1,"var":0},"silence_rate_60dB":{"dmean":0.000366233289242,"dmean2":0.000732600747142,"dvar":0.00036608427763,"dvar2":0.000732111453544,"max":1,"mean":0.00988648831844,"median":0,"min":0,"var":0.00978827569634},"spectral_centroid":{"dmean":267.69732666,"dmean2":431.585632324,"dvar":79480.2265625,"dvar2":176620.15625,"max":11556.9414062,"mean":1980.13549805,"median":1957.79589844,"min":376.195159912,"var":244440.296875},"spectral_complexity":{"dmean":4.59512901306,"dmean2":7.52637386322,"dvar":14.6309766769,"dvar2":37.481678009,"max":58,"mean":35.8493232727,"median":37,"min":0,"var":68.2999954224},"spectral_contrast_coeffs":{"dmean":[0.0614363960922,0.0512175783515,0.0355261154473,0.0278087761253,0.0214453786612,0.0183309223503],"dmean2":[0.0971589237452,0.0853229686618,0.0592375323176,0.0458690114319,0.036363363266,0.0301617216319],"dvar":[0.00225091306493,0.00166636053473,0.000765436969232,0.000473707244964,0.000271011056611,0.000241513786023],"dvar2":[0.00548459542915,0.00449767149985,0.00215002335608,0.00126065965742,0.000772577128373,0.00061505602207],"max":[-0.359557271004,-0.523336529732,-0.603947937489,-0.636369228363,-0.681551158428,-0.572756767273],"mean":[-0.595784246922,-0.743664503098,-0.798334777355,-0.800778329372,-0.784665226936,-0.728821873665],"median":[-0.590490460396,-0.747708499432,-0.801495492458,-0.807899236679,-0.78442800045,-0.730675637722],"min":[-0.967974841595,-0.966747939587,-0.968206942081,-0.96419775486,-0.959558010101,-0.960985422134],"var":[0.00641118595377,0.00382082397118,0.00184541055933,0.00168728036806,0.000660599383991,0.00104375230148]},"spectral_contrast_valleys":{"dmean":[0.51184296608,0.382321566343,0.28398424387,0.224332243204,0.1981048733,0.215728461742],"dmean2":[0.803480744362,0.628513276577,0.469797849655,0.363218277693,0.324676513672,0.329593241215],"dvar":[0.21408392489,0.145972967148,0.0894881039858,0.0723425894976,0.0784226283431,0.0846832096577],"dvar2":[0.47034072876,0.311224907637,0.175316467881,0.12368863821,0.135998338461,0.147354066372],"max":[-5.03389072418,-4.85281658173,-5.46646881104,-5.53176021576,-5.59044647217,-7.40398263931],"mean":[-7.19834470749,-6.48559427261,-6.90362405777,-6.90724134445,-6.5818862915,-9.40262889862],"median":[-7.20273303986,-6.42756938934,-6.85983753204,-6.86784267426,-6.51500988007,-9.28196811676],"min":[-28.0041866302,-27.7046928406,-27.3640842438,-27.4475326538,-27.4642314911,-27.3416233063],"var":[0.932865858078,0.904677450657,0.839511811733,0.83504909277,0.792542517185,0.927570164204]},"spectral_decrease":{"dmean":2.75442579856e-9,"dmean2":4.51208270746e-9,"dvar":1.4370357319e-17,"dvar2":3.79608337049e-17,"max":1.05752844323e-16,"mean":-6.81925671486e-9,"median":-5.92947912992e-9,"min":-3.71204755822e-8,"var":1.58651107362e-17},"spectral_energy":{"dmean":0.0108760921285,"dmean2":0.017810638994,"dvar":0.000216636413825,"dvar2":0.00057344767265,"max":0.146151825786,"mean":0.0285873487592,"median":0.0252200569957,"min":1.04252335254e-20,"var":0.000249334290856},"spectral_energyband_high":{"dmean":0.000722242577467,"dmean2":0.00116625381634,"dvar":0.00000146325714923,"dvar2":0.00000314898920806,"max":0.0217514764518,"mean":0.0017082503764,"median":0.00129174045287,"min":7.24101710546e-21,"var":0.00000296140228784},"spectral_energyband_low":{"dmean":0.00724050588906,"dmean2":0.0119305988774,"dvar":0.000189948317711,"dvar2":0.000494880136102,"max":0.119198307395,"mean":0.00808582734317,"median":0.00388203165494,"min":4.97922534716e-23,"var":0.000160657451488},"spectral_energyband_middle_high":{"dmean":0.00181500043254,"dmean2":0.00283973943442,"dvar":0.00000409693893744,"dvar2":0.00000933556657401,"max":0.0330611951649,"mean":0.00773162813857,"median":0.00608549825847,"min":1.59136352528e-21,"var":0.000023767905077},"spectral_energyband_middle_low":{"dmean":0.00511507410556,"dmean2":0.00852354150265,"dvar":0.0000332884810632,"dvar2":0.0000891694435268,"max":0.0609598830342,"mean":0.0127268973738,"median":0.0112974066287,"min":1.97404363596e-22,"var":0.0000501560753037},"spectral_entropy":{"dmean":0.080817617476,"dmean2":0.12944406271,"dvar":0.00555866630748,"dvar2":0.0124566312879,"max":9.80488777161,"mean":7.9619436264,"median":7.97048377991,"min":6.78965234756,"var":0.0274409297854},"spectral_flux":{"dmean":0.0271343439817,"dmean2":0.0411007367074,"dvar":0.00103395234328,"dvar2":0.00183153699618,"max":0.29708814621,"mean":0.104442104697,"median":0.0964461863041,"min":6.95050197952e-11,"var":0.00191738782451},"spectral_kurtosis":{"dmean":0.913456618786,"dmean2":1.55906033516,"dvar":0.814614415169,"dvar2":2.38152194023,"max":12.9793558121,"mean":3.11795926094,"median":3.02425932884,"min":-1.22998690605,"var":1.48449027538},"spectral_rms":{"dmean":0.000912928779144,"dmean2":0.00144401693251,"dvar":0.00000110418272925,"dvar2":0.00000285622536467,"max":0.011940985918,"mean":0.00510017201304,"median":0.00496033579111,"min":3.18919413447e-12,"var":0.00000187838963939},"spectral_rolloff":{"dmean":660.78527832,"dmean2":1046.7590332,"dvar":598240.375,"dvar2":1230094.125,"max":19229.1503906,"mean":2454.21118164,"median":2433.25195312,"min":43.06640625,"var":1820030.5},"spectral_skewness":{"dmean":0.153837919235,"dmean2":0.257272899151,"dvar":0.0185361411422,"dvar2":0.0503265932202,"max":2.27621936798,"mean":1.19368100166,"median":1.20365929604,"min":-0.0827568396926,"var":0.0534146130085},"spectral_spread":{"dmean":394133.3125,"dmean2":603827.125,"dvar":560508108800,"dvar2":1016951472130,"max":41747848,"mean":4479539,"median":4444255.5,"min":1989415.5,"var":1620613398530},"spectral_strongpeak":{"dmean":0.467696040869,"dmean2":0.807493925095,"dvar":0.645299971104,"dvar2":1.71659123898,"max":11.6945075989,"mean":0.682307124138,"median":0.454895675182,"min":0,"var":0.696334600449},"zerocrossingrate":{"dmean":0.0109540950507,"dmean2":0.0130616128445,"dvar":0.000136503324029,"dvar2":0.000164425480762,"max":0.53271484375,"mean":0.0852327048779,"median":0.0830078125,"min":0.0087890625,"var":0.00097765296232}},"metadata":{"audio_properties":{"analysis_sample_rate":44100,"bit_rate":186908,"codec":"mp3","downmix":"mix","equal_loudness":0,"length":126.798370361,"lossless":false,"md5_encoded":"906ef39cf242e3e16e891941adca80e6","replay_gain":-14.0226974487,"sample_rate":44100},"tags":{"acoustid_id":["20883cac-8c06-40dd-89ee-e7f8a5834f13"],"album":["Motörizer"],"albumartist":["Motörhead"],"albumartistsort":["Motörhead"],"artist":["Motörhead"],"artistsort":["Motörhead"],"asin":["B001AVUAEO"],"barcode":["693723916309"],"catalognumber":["SPV 91630 CD Ltd."],"date":["2008-08-29"],"file_name":"04 - Rock Out.mp3","isrc":["DEA450812860"],"label":["Steamhammer"],"media":["CD"],"musicbrainz album release country":["DE"],"musicbrainz album status":["official"],"musicbrainz album type":["album"],"musicbrainz_albumartistid":["57961a97-3796-4bf7-9f02-a985a8979ae9"],"musicbrainz_albumid":["07e83449-5953-35e0-8aed-122e366787ec"],"musicbrainz_artistid":["57961a97-3796-4bf7-9f02-a985a8979ae9"],"musicbrainz_recordingid":["f1b338b0-6018-4b49-ad3c-bab8f9e75edf"],"musicbrainz_releasegroupid":["d38d0293-2f12-3992-81a5-428fa50aaf2b"],"originaldate":["2008"],"script":["Latn"],"title":["Rock Out"],"tracknumber":["4/11"]},"version":{"essentia":"2.1-beta2","essentia_build_sha":"70f2e5ece6736b2c40cc944ad0e695b16b925413","essentia_git_sha":"v2.1_beta2","extractor":"music 1.0"}},"rhythm":{"beats_count":150,"beats_loudness":{"dmean":0.0120744341984,"dmean2":0.0223203022033,"dvar":0.000102277102997,"dvar2":0.000329947448336,"max":0.0752121582627,"mean":0.0376218557358,"median":0.0380365885794,"min":0.00000370128327631,"var":0.00013799390581},"beats_loudness_band_ratio":{"dmean":[0.16682690382,0.083518370986,0.0783020928502,0.0590695627034,0.0522335022688,0.0326092839241],"dmean2":[0.291473686695,0.146124020219,0.145363166928,0.106507994235,0.0903442725539,0.0582330860198],"dvar":[0.0151017867029,0.00700672343373,0.00730946939439,0.00341134425253,0.00295092654414,0.00108360825107],"dvar2":[0.0474081933498,0.0158297196031,0.