{"lowlevel":{"average_loudness":0.93052560091,"barkbands":{"dmean":[0.000771571998484,0.0137808807194,0.00575950788334,0.0016665867297,0.00277898088098,0.000886144989636,0.000650469970424,0.000394027592847,0.000784521282185,0.00138937670272,0.00043959368486,0.00046168739209,0.000450057705166,0.000400734948926,0.000298140657833,0.0003809153568,0.000218983986997,0.000124728059745,0.000343217281625,0.000171367442817,0.0000722716577002,0.0000679006479913,0.0000365339583368,0.0000354749936378,0.0000184414766409,0.0000057730271692,0.00000145043156863],"dmean2":[0.00132720288821,0.0234563983977,0.00990584678948,0.00291351252235,0.00464035617188,0.00141662335955,0.00101604463998,0.000618196907453,0.0012203110382,0.00211672671139,0.000702268967871,0.000721884134691,0.000712730921805,0.000647395383567,0.000487635377795,0.000614113116171,0.000356050411938,0.000206256503589,0.000581767235417,0.000274190009804,0.000113173104182,0.00010122590902,0.0000543789719814,0.000052087532822,0.0000274312205875,0.00000925645144889,0.00000252731183537],"dvar":[0.00000292037884719,0.000765527889598,0.0000736684596632,0.00000867879771249,0.0000265575181402,0.00000200115778171,0.00000185551641607,0.00000109161578621,0.00000336628067998,0.0000102208396129,8.1611784708e-7,0.00000139894882523,8.79262245235e-7,6.8553310939e-7,3.01564654137e-7,3.71366439822e-7,1.14252607375e-7,3.63928265301e-8,7.82969436841e-7,1.09047739727e-7,1.79518302446e-8,3.05001854883e-8,1.78847177068e-8,3.37898704572e-8,8.17334111503e-9,2.26516166935e-10,1.28299055407e-11],"dvar2":[0.00000773346800997,0.0019915883895,0.000213535458897,0.0000250196953857,0.0000720111711416,0.00000477710227642,0.00000414550549976,0.0000022895355869,0.00000791116781329,0.0000226032279897,0.00000186578495232,0.00000316345563078,0.00000201060947802,0.00000166672771229,7.65545223658e-7,8.59647968809e-7,2.71227150961e-7,9.72788996023e-8,0.00000223133179134,2.74829261571e-7,4.0595850237e-8,6.11352817259e-8,3.80074709483e-8,7.0860892265e-8,1.69724678756e-8,4.89191021025e-10,3.44694099652e-11],"max":[0.020806370303,0.217009052634,0.0859269797802,0.0374303609133,0.0732200965285,0.0311957206577,0.0249883979559,0.03425661847,0.0346718803048,0.0521761141717,0.0338096022606,0.0281126517802,0.0232164766639,0.025748539716,0.0152875417843,0.0150768263265,0.0101915402338,0.00295292842202,0.0159802511334,0.00731441844255,0.00399433169514,0.00685127219185,0.00499291019514,0.00592860858887,0.00359846628271,0.000611071300227,0.0000582408138143],"mean":[0.000683738733642,0.0163175929338,0.00847162958235,0.00271140155382,0.00426494516432,0.00158728542738,0.00110862299334,0.000667914981022,0.00138419051655,0.00321526988409,0.000711717759259,0.000750760431401,0.000745877274312,0.000716389622539,0.000519151100889,0.000804499839433,0.000443770259153,0.000234178733081,0.000654671690427,0.000360532168997,0.000145930927829,0.000142636767123,0.0000680623197695,0.0000620443679509,0.00003411335274,0.00000819487831905,0.00000137340805395],"median":[0.000160107971169,0.00779186654836,0.00472728861496,0.00164875481278,0.00286676967517,0.0009748081211,0.000433322944446,0.000175702385604,0.000465417921077,0.00044477841584,0.000336827797582,0.000326862820657,0.000350202753907,0.000325155677274,0.000324056134559,0.000561558292247,0.000276924984064,0.000162253476446,0.000427431950811,0.000215054285945,0.0000856029582792,0.000070216570748,0.0000213005514524,0.0000118694133562,0.00000669434757583,0.00000234161234403,2.29153798159e-7],"min":[1.22768125122e-24,9.94566878107e-24,2.42505781912e-24,1.50143186116e-24,1.45753569609e-23,1.51164413889e-23,1.17726130507e-23,6.27423834183e-24,2.35898835173e-23,3.20250390705e-23,1.2859527694e-23,2.13689418797e-23,7.58539048399e-23,3.86292563512e-23,5.78954295346e-23,3.78204120216e-23,8.12390543431e-23,7.88238967283e-23,1.50767058341e-22,2.52326033642e-22,2.66515735439e-22,4.03854954913e-22,4.88062057391e-22,5.98816058513e-22,1.0156001786e-21,1.55570398314e-21,2.06452103405e-21],"var":[0.00000248351057053,0.000721202755813,0.0000989214895526,0.0000101642735899,0.0000267527175311,0.00000472628335046,0.00000403790909331,0.00000405436367146,0.00000799589270173,0.0000482434297737,0.00000170510281805,0.00000265919720732,0.00000172118643604,0.00000139044163916,5.19627292306e-7,0.0000010686483165,3.31152563149e-7,6.44504680736e-8,8.03977002306e-7,2.27767898764e-7,4.09932177092e-8,7.46864756707e-8,3.84111693563e-8,7.57014859687e-8,2.35903279133e-8,4.85326334676e-10,1.05627243063e-11]},"barkbands_crest":{"dmean":2.97951102257,"dmean2":4.92587614059,"dvar":8.66338348389,"dvar2":22.9180259705,"max":25.0868358612,"mean":11.3485355377,"median":10.6970930099,"min":2.81410336494,"var":19.5475845337},"barkbands_flatness_db":{"dmean":0.0243768226355,"dmean2":0.0386935472488,"dvar":0.000567021023016,"dvar2":0.00144230830483,"max":0.430193841457,"mean":0.153140991926,"median":0.144796431065,"min":0.0436006896198,"var":0.00286867376417},"barkbands_kurtosis":{"dmean":3.80224227905,"dmean2":6.38338184357,"dvar":79.0503082275,"dvar2":222.665252686,"max":263.065551758,"mean":4.82073163986,"median":1.69026589394,"min":-1.90257966518,"var":108.241767883},"barkbands_skewness":{"dmean":0.65041834116,"dmean2":1.03968381882,"dvar":0.5898193717,"dvar2":1.48375105858,"max":13.898358345,"mean":1.77663683891,"median":1.54751050472,"min":-2.33143758774,"var":1.69204390049},"barkbands_spread":{"dmean":5.35179805756,"dmean2":8.53467273712,"dvar":36.5186080933,"dvar2":85.9365844727,"max":125.319610596,"mean":20.8828659058,"median":19.8022117615,"min":0.49437224865,"var":120.547462463},"dissonance":{"dmean":0.0138143170625,"dmean2":0.0232530124485,"dvar":0.000246193318162,"dvar2":0.000666200940032,"max":0.499999821186,"mean":0.473149240017,"median":0.479198276997,"min":0.237351715565,"var":0.000491946877446},"dynamic_complexity":3.32593560219,"erbbands":{"dmean":[0.454504221678,3.01624488831,6.92035007477,5.37551307678,6.84909725189,11.6431589127,6.45467805862,7.67709445953,9.83401679993,8.12767124176,9.91339969635,16.0074977875,35.6083259583,31.8566818237,15.1557683945,19.078836441,21.0930137634,17.5942878723,16.0679798126,16.6238880157,20.624835968,10.152215004,6.76336956024,16.0544452667,12.8825740814,7.97289514542,3.40855669975,2.78936195374,2.59241175652,1.61351060867,0.98941141367,0.660930991173,0.680414736271,0.323066830635,0.0706942752004,0.0210930034518,0.012155351229,0.00317192496732,0.000220277084736,0.0000303098859149],"dmean2":[0.790857315063,5.19806289673,12.008685112,9.43632602692,11.705160141,19.4910335541,10.6070270538,12.3205366135,15.4500484467,12.922498703,15.3709630966,24.9087753296,53.5930290222,48.3520622253,24.055519104,29.9806003571,33.3392410278,28.5131111145,26.0578670502,26.8365802765,33.2613372803,16.4535732269,11.1228322983,27.2427501678,21.637052536,12.7687196732,5.33566617966,4.33177471161,3.90425848961,2.42178416252,1.47637808323,0.975392878056,1.00824999809,0.47455856204,0.105288237333,0.0315567329526,0.0199105367064,0.00550893507898,0.000379028060706,0.0000497171822644],"dvar":[1.2475348711,30.1264381409,95.5844802856,90.7518234253,125.405151367,516.024841309,105.15852356,191.190811157,437.607818604,354.918029785,614.510314941,1300.72180176,7405.02978516,6269.86816406,733.101806641,2613.88818359,1722.24536133,1549.69067383,1036.25061035,770.074035645,1037.95910645,246.818893433,95.6354522705,1756.69665527,953.621826172,233.274032593,47.1735115051,28.516084671,40.0252456665,24.1039905548,14.4965229034,11.0438871384,13.4009046555,2.60091280937,0.0916973426938,0.00517988018692,0.00102947233245,0.0000567976385355,2.97217980005e-7,2.66479571742e-9],"dvar2":[3.29456996918,80.6623077393,279.951538086,263.35534668,348.27935791,1400.02319336,266.219360352,451.093170166,991.385131836,812.072631836,1313.22033691,3009.21557617,16245.2744141,15004.3203125,1771.23937988,6032.92333984,4041.52807617,3861.58935547,2612.15039062,1844.46154785,2518.31933594,568.416381836,253.975326538,4975.27832031,2702.0090332,556.100280762,114.160133362,61.0609817505,81.0112991333,45.5030784607,30.6302814484,23.4662322998,27.8425502777,5.22301340103,0.197840705514,0.011041264981,0.00219519622624,0.000149710758706,7.95691448729e-7,6.67011823552e-9],"max":[7.77172422409,50.7669258118,96.5447616577,93.4274139404,131.970321655,328.295684814,234.33782959,378.2421875,398.865692139,612.539367676,724.139770508,958.167175293,1517.67456055,2344.50146484,589.707458496,1329.8782959,1013.31604004,1502.16210938,725.822021484,743.560302734,668.696594238,404.485809326,166.078689575,911.275634766,875.162658691,398.889770508,206.448669434,199.86605835,248.962585449,184.452804565,156.780166626,163.693893433,112.370048523,59.3099861145,10.1464147568,2.4316906929,1.5005787611,0.158859014511,0.00898871477693,0.000547890842427],"mean":[0.408600658178,3.86569666862,10.3056344986,8.96405410767,10.9770822525,16.7638092041,11.1955461502,14.0248165131,16.4548969269,15.0861635208,18.0243644714,29.0044403076,78.8398132324,70.2069244385,28.1835575104,33.5812988281,37.9950408936,33.437374115,30.3717193604,33.305557251,44.9696350098,23.2633075714,14.5674209595,29.1148071289,26.8993377686,17.2110023499,7.13304901123,5.7167134285,5.46766757965,3.21681284904,1.79906570911,1.15024065971,1.14156210423,0.577704489231,0.134995415807,0.0386598482728,0.0154964048415,0.00306223961525,0.000240692417719,0.0000644090687274],"median":[0.113857977092,2.1336979866,6.85007381439,6.76946878433,8.22071266174,10.1752433777,7.51660251617,8.16994094849,6.57235383987,5.05580329895,5.81381320953,12.0744867325,14.7742271423,17.030500412,16.3281402588,16.4410133362,19.8943080902,15.5610084534,17.6076850891,24.0026550293,30.9769554138,15.6799764633,10.6048192978,17.3896179199,19.3211746216,10.3993263245,4.09440612793,3.21690607071,2.82757425308,1.33993816376,0.519154131413,0.260823637247,0.193399518728,0.0996412262321,0.0325348526239,0.0108081903309,0.00420022383332,0.000631605624221,0.0000630147696938,0.0000530831202923],"min":[1.67721648191e-22,8.51793880589e-22,3.28273451947e-21,4.77789215333e-21,2.04577372056e-20,3.30483502445e-20,1.15071356834e-19,1.17412420139e-19,1.74434244913e-19,2.13826382215e-19,2.07206933987e-19,4.29809224288e-19,8.12548562999e-19,7.56514055835e-19,1.51529696469e-18,1.39431456228e-18,3.41956196396e-18,2.52802194346e-18,2.76983496065e-18,3.604234792e-18,3.72943602233e-18,4.85974689652e-18,5.07975253764e-18,7.7005808371e-18,8.10236479449e-18,1.13043933534e-17,9.91847953402e-18,1.1843221286e-17,1.46135418016e-17,1.36283820998e-17,1.22916665017e-17,1.14226396491e-17,1.15512844324e-17,1.02169461514e-17,7.77239086762e-18,4.63217462076e-18,2.60265679577e-18,9.5921301058e-19,2.6100836369e-19,2.92834570735e-20],"var":[0.967558860779,29.8565921783,120.829948425,89.3440704346,135.311477661,503.841400146,179.209274292,452.581512451,930.344970703,1286.7388916,2002.24816895,2996.05029297,27362.0507812,27218.6035156,1562.20825195,4800.16064453,3574.53808594,3085.83056641,1978.10266113,1763.76867676,3136.77026367,789.184997559,218.818786621,1792.69433594,1066.12963867,545.668945312,97.4727706909,70.9385604858,100.611351013,56.4569778442,30.8838691711,22.2621898651,30.006690979,7.63364982605,0.230265200138,0.0123554412276,0.00205122656189,0.0000549854303245,2.68485308652e-7,3.07473602135e-9]},"erbbands_crest":{"dmean":2.33262348175,"dmean2":3.74964332581,"dvar":5.74106216431,"dvar2":13.7230911255,"max":31.477399826,"mean":8.7713766098,"median":7.13607120514,"min":2.36880207062,"var":23.7747688293},"erbbands_flatness_db":{"dmean":0.0166173223406,"dmean2":0.0240683592856,"dvar":0.000269654032309,"dvar2":0.00054765684763,"max":0.384229660034,"mean":0.164157658815,"median":0.159547388554,"min":0.0312550142407,"var":0.00183992169332},"erbbands_kurtosis":{"dmean":0.722274243832,"dmean2":1.12434577942,"dvar":1.79037296772,"dvar2":3.74251723289,"max":39.9039764404,"mean":0.170680165291,"median":-0.437474489212,"min":-1.86286687851,"var":5.55482435226},"erbbands_skewness":{"dmean":0.306396633387,"dmean2":0.479864090681,"dvar":0.0936685204506,"dvar2":0.215045407414,"max":5.27177095413,"mean":-0.0619010031223,"median":-0.148317188025,"min":-2.98667097092,"var":0.459373801947},"erbbands_spread":{"dmean":7.09458446503,"dmean2":11.0488767624,"dvar":48.6183929443,"dvar2":112.063766479,"max":133.047088623,"mean":40.0814285278,"median":38.4638900757,"min":1.8149420023,"var":298.575897217},"gfcc":{"cov":[[15613.9804688,-660.530883789,-762.915283203,799.015808105,-1359.94909668,710.336425781,-154.068359375,517.887084961,76.6631088257,270.662628174,-131.213104248,462.786499023,185.0050354],[-660.530883789,1082.64538574,-302.610778809,-100.544250488,333.121551514,-248.85319519,137.544647217,-176.943191528,-9.72583007812,-138.229187012,43.3230857849,-78.5615463257,7.95767116547],[-762.915283203,-302.610778809,620.75982666,27.815120697,19.5474777222,90.4729995728,-46.0309371948,60.9853820801,20.6594390869,58.496295929,-5.98528194427,25.5855636597,-22.377412796],[799.015808105,-100.544250488,27.815120697,356.058837891,-85.0577545166,25.2686157227,-5.54328584671,16.1601867676,74.3992843628,18.5080738068,26.2863006592,38.0061607361,32.1500358582],[-1359.94909668,333.121551514,19.5474777222,-85.0577545166,387.534515381,-75.1293029785,96.0531463623,-87.9814605713,-11.2054624557,-45.3365325928,11.1131105423,-34.503238678,-31.0530414581],[710.336425781,-248.85319519,90.4729995728,25.2686157227,-75.1293029785,263.391662598,23.6781978607,63.8355064392,5.78616523743,36.7996902466,-20.4088249207,31.7720928192,18.4961013794],[-154.068359375,137.544647217,-46.0309371948,-5.54328584671,96.0531463623,23.6781978607,193.394073486,2.91818094254,11.4042425156,-29.3009757996,-17.2625160217,9.42387962341,18.093503952],[517.887084961,-176.943191528,60.9853820801,16.1601867676,-87.9814605713,63.8355064392,2.91818094254,132.984008789,28.6288700104,38.0061759949,1.38438642025,15.481546402,8.60507392883],[76.6631088257,-9.72583007812,20.6594390869,74.3992843628,-11.2054624557,5.78616523743,11.4042425156,28.6288700104,103.783874512,28.0527248383,13.5874519348,13.9998493195,1.48146510124],[270.662628174,-138.229187012,58.496295929,18.5080738068,-45.3365325928,36.7996902466,-29.3009757996,38.0061759949,28.0527248383,89.0299453735,22.1009788513,20.4265499115,-10.1357603073],[-131.213104248,43.3230857849,-5.98528194427,26.2863006592,11.1131105423,-20.4088249207,-17.2625160217,1.38438642025,13.5874519348,22.1009788513,76.9091033936,4.93178415298,0.9784527421],[462.786499023,-78.5615463257,25.5855636597,38.0061607361,-34.503238678,31.7720928192,9.42387962341,15.481546402,13.9998493195,20.4265499115,4.93178415298,93.7800216675,29.4794692993],[185.0050354,7.95767116547,-22.377412796,32.1500358582,-31.0530414581,18.4961013794,18.093503952,8.60507392883,1.48146510124,-10.1357603073,0.9784527421,29.4794692993,71.4422531128]],"icov":[[0.000268971634796,-0.000599102058914,0.000419385760324,-0.000658452918287,0.000654603936709,-0.000685222097673,0.000425384234404,-0.00103197130375,0.000722977158148,-0.000818055763375,0.00107201654464,-0.00126780581195,0.000653785769828],[-0.000599102058914,0.00373878795654,-0.000349507288774,0.00194981344976,-0.00244242721237,0.00261901854537,-0.00193828984629,0.00371029321104,-0.00267422222532,0.00359280011617,-0.00404791440815,0.00380443455651,-0.00249685021117],[0.000419385760324,-0.000349507288774,0.00280053028837,-0.00118368689436,-0.0000296819835057,-0.00136172864586,0.00129119481426,-0.00222236895934,0.000960288569331,-0.00160327588674,0.00192734343,-0.00226448825561,0.0013037158642],[-0.000658452918287,0.00194981344976,-0.00118368689436,0.00551625154912,-0.000831943529192,0.00169137306511,-0.00138909113593,0.0037471188698,-0.00472377892584,0.00305778905749,-0.00419447757304,0.00275572715327,-0.00281213759445],[0.000654603936709,-0.00244242721237,-0.0000296819835057,-0.000831943529192,0.00655335793272,-0.0014921129914,-0.00123121123761,-0.000348152418155,0.00150795548689,-0.0017070393078,0.00152445910498,-0.00283786165528,0.00340719241649],[-0.000685222097673,0.00261901854537,-0.00136172864586,0.00169137306511,-0.0014921129914,0.00730461534113,-0.00268493685871,0.00197327043861,-0.0014200725127,0.00108152977191,-0.00203935336322,0.00317799975164,-0.00290287076496],[0.000425384234404,-0.00193828984629,0.00129119481426,-0.00138909113593,-0.00123121123761,-0.00268493685871,0.00864815991372,-0.00405387207866,0.000405181956012,-0.000145647281897,0.00406658509746,-0.00348377693444,-0.0000453546635981],[-0.00103197130375,0.00371029321104,-0.00222236895934,0.0037471188698,-0.000348152418155,0.00197327043861,-0.00405387207866,0.0163074731827,-0.00582248810679,0.00168361933902,-0.00573896616697,0.00622242409736,-0.00385236181319],[0.000722977158148,-0.00267422222532,0.000960288569331,-0.00472377892584,0.00150795548689,-0.0014200725127,0.000405181956012,-0.00582248810679,0.0156952440739,-0.00650363275781,0.00335965701379,-0.00422069663182,0.00292143924162],[-0.000818055763375,0.00359280011617,-0.00160327588674,0.00305778905749,-0.0017070393078,0.00108152977191,-0.000145647281897,0.00168361933902,-0.00650363275781,0.0219039730728,-0.00936048105359,0.00119896919932,0.00152802851517],[0.00107201654464,-0.00404791440815,0.00192734343,-0.00419447757304,0.00152445910498,-0.00203935336322,0.00406658509746,-0.00573896616697,0.00335965701379,-0.00936048105359,0.0213991589844,-0.00585229508579,0.00174212583806],[-0.00126780581195,0.00380443455651,-0.00226448825561,0.00275572715327,-0.00283786165528,0.00317799975164,-0.00348377693444,0.00622242409736,-0.00422069663182,0.00119896919932,-0.00585229508579,0.0203367695212,-0.00906739756465],[0.000653785769828,-0.00249685021117,0.0013037158642,-0.00281213759445,0.00340719241649,-0.00290287076496,-0.0000453546635981,-0.00385236181319,0.00292143924162,0.00152802851517,0.00174212583806,-0.00906739756465,0.0208381265402]],"mean":[-4.16975021362,119.080627441,-125.462463379,44.5430831909,-36.0817604065,10.7650918961,-23.4051456451,2.71925592422,-22.9187889099,-4.20510339737,-15.4765710831,-4.04228925705,-7.1154050827]},"hfc":{"dmean":5.85412836075,"dmean2":9.04048347473,"dvar":58.2087516785,"dvar2":137.742797852,"max":105.283103943,"mean":23.4503040314,"median":21.7634181976,"min":1.10742543362e-16,"var":240.827026367},"melbands":{"dmean":[0.00387646909803,0.00360168027692,0.000937293458264,0.000672268040944,0.000283238536213,0.000172093787114,0.000142207092722,0.0000835903556435,0.0000929042871576,0.000103960934211,0.000187464072951,0.000146588659845,0.0000585587731621,0.000041965769924,0.0000669368091621,0.0000342922357959,0.0000361419697583,0.0000293265802611,0.0000215586569539,0.0000248145952355,0.0000261222612608,0.0000122271148939,0.00000927417022467,0.00000515946885571,0.0000149913066707,0.000012833485016,0.00000794519201008,0.00000519732157045,0.00000251641063187,0.00000176615310465,0.00000167706605225,0.00000161084642514,0.00000130021749101,8.13048302462e-7,6.27203348813e-7,4.86813632961e-7,4.03921575298e-7,5.08076936967e-7,4.50883248959e-7,2.36868174852e-7],"dmean2":[0.00663466891274,0.00622894242406,0.00163425668143,0.00113032548688,0.000463677977677,0.0002752400178,0.000222801056225,0.00013381667668,0.000144993144204,0.000161202173331,0.00028247825685,0.000221809794311,0.0000932211260078,0.0000665463230689,0.000104390455817,0.0000548788593733,0.0000587504000578,0.0000474232438137,0.0000349786023435,0.0000398683623644,0.0000422765297117,0.0000198709076358,0.0000152686916408,0.00000847713727126,0.0000255053764704,0.0000217002288991,0.0000131943315864,0.0000081885864347,0.00000400868884753,0.00000283604231299,0.00000260559977505,0.00000245354112849,0.00000200394674721,0.00000123934148633,9.54344727688e-7,7.19911270153e-7,6.08896868926e-7,7.64206788517e-7,6.63567391257e-7,3.56901665555e-7],"dvar":[0.0000756039880798,0.0000269696538453,0.00000249375671046,0.00000155070608798,2.27231282679e-7,8.643652194e-8,8.87910829306e-8,3.89665508749e-8,4.86985172188e-8,5.96484213133e-8,2.00440965159e-7,1.31575035311e-7,1.22358443377e-8,1.27961801155e-8,2.49056189006e-8,4.90928719898e-9,6.97791691096e-9,3.717855801e-9,1.61701041446e-9,2.15482631738e-9,1.73981995477e-9,4.27279295279e-10,2.11877793088e-10,6.43111050525e-11,1.58318569365e-9,9.36893784775e-10,4.11410128187e-10,1.07434255936e-10,3.38358299712e-11,1.06690758658e-11,1.16232206152e-11,1.46252437244e-11,1.39495567875e-11,7.1323762868e-12,5.87780258493e-12,4.63493219499e-12,5.1491805611e-12,7.40577477815e-12,6.50374372413e-12,1.4242171895e-12],"dvar2":[0.000196001143195,0.0000773327992647,0.00000724698929844,0.00000424341851613,5.91548143802e-7,2.04182327934e-7,2.01631294772e-7,8.94434535326e-8,1.06367011199e-7,1.36473019552e-7,4.39360746896e-7,3.03958302084e-7,2.94377215937e-8,2.92455304418e-8,5.59461312832e-8,1.16319602839e-8,1.74759016147e-8,9.06185615435e-9,3.93823151867e-9,4.78808237503e-9,4.24100177199e-9,9.53385814739e-10,5.53375456569e-10,1.71307759644e-10,4.49452475237e-9,2.66158850515e-9,1.14223330794e-9,2.39845920902e-10,8.67776128732e-11,2.48784638723e-11,2.46866572323e-11,2.97879707012e-11,2.97971473884e-11,1.42702186873e-11,1.31268156067e-11,9.38968347519e-12,1.17992412715e-11,1.59677392836e-11,1.42238833559e-11,2.99345053953e-12],"max":[0.0598125644028,0.0497293844819,0.016035143286,0.0171341523528,0.00858736410737,0.00751305464655,0.00583090959117,0.00622766371816,0.00578587455675,0.00565256504342,0.00788751803339,0.00956193171442,0.00254105404019,0.00404483545572,0.00448086066172,0.00226728827693,0.00336009217426,0.00176756037399,0.00164296664298,0.00160128995776,0.000931786664296,0.000595014949795,0.000341253209626,0.000131626467919,0.000890615978278,0.00062206183793,0.000549028918613,0.000300337094814,0.000225732452236,0.000106937564851,0.000143453711644,0.000134698871989,0.00015094835544,0.0000914356351132,0.0000914315751288,0.0000985556689557,0.000121549877804,0.0000930239548325,0.000100087090686,0.0000489603698952],"mean":[0.00413960311562,0.0054458626546,0.001669214922,0.00103271333501,0.000482917181216,0.000317162746796,0.000240567009314,0.000153834524099,0.000166054262081,0.000182416144526,0.000419051153585,0.000322439154843,0.0000986472878139,0.0000680170123815,0.000115379552881,0.0000600862804276,0.0000640284779365,0.0000510427307745,0.0000384292652598,0.0000495026251883,0.0000534252139914,0.0000244802413363,0.0000180601600732,0.00000943530085351,0.0000254810256592,0.0000241339512286,0.0000152430693561,0.0000104103473859,0.00000465031052954,0.00000329675231114,0.00000324546454067,0.00000326093663716,0.00000242648570747,0.00000153329904151,0.00000106885340756,8.03658963378e-7,6.47082117666e-7,8.13486963125e-7,7.14810823865e-7,4.13046876702e-7],"median":[0.00164266698994,0.00396491307765,0.0013619933743,0.000707090308424,0.000326348235831,0.000189123413293,0.0000966202060226,0.0000455236950074,0.0000525918367202,0.0000642578888801,0.0000700684176991,0.000062249302573,0.0000488880832563,0.0000321526094922,0.0000521729671163,0.0000298994546029,0.0000265423022938,0.0000266167007794,0.0000259329535766,0.0000355011725333,0.0000345484113495,0.0000156752066687,0.0000109246584543,0.00000659948136672,0.000014329336409,0.0000166961435752,0.00000991190518107,0.0000054418687796,0.00000224455448006,0.00000191570416064,0.00000169628242475,0.00000166877475749,0.00000112242901196,5.66335074836e-7,3.09107690555e-7,1.8080069708e-7,1.32319058821e-7,1.36373387249e-7,1.00324996311e-7,7.30848341846e-8],"min":[2.53245866757e-24,1.53189333058e-24,1.08376580641e-24,3.02297198401e-24,3.5579977631e-24,2.63149029346e-24,2.68249370086e-24,2.76795415816e-24,1.72563303296e-24,2.37209665618e-24,4.24822738934e-24,3.30435590789e-24,3.11774297215e-24,2.83444487728e-24,4.80655197805e-24,6.20147026206e-24,4.60880979266e-24,3.91391957619e-24,4.58743166213e-24,2.93819684961e-24,4.66316230903e-24,3.99135652923e-24,3.3159665599e-24,4.44074376566e-24,6.29102845734e-24,5.6333440766e-24,6.53120386525e-24,6.34984908188e-24,5.53152856058e-24,5.29130739874e-24,5.92255192294e-24,6.81693362386e-24,6.45807488162e-24,6.64417860764e-24,6.72830115685e-24,7.24542551263e-24,6.21300971938e-24,6.16440050483e-24,8.33171143381e-24,8.37449609387e-24],"var":[0.0000652909729979,0.0000310512878059,0.00000250364814747,0.00000152657321451,3.15070110446e-7,2.08149344871e-7,1.91648737768e-7,1.6219955512e-7,1.513724186e-7,1.41651725016e-7,7.92972514319e-7,5.94887467287e-7,2.54587870785e-8,2.23547775846e-8,5.38239568471e-8,9.50248058018e-9,1.33108448708e-8,7.09570713298e-9,2.65660937693e-9,5.71861491494e-9,5.21527621089e-9,1.2487405554e-9,5.86087067767e-10,1.02609032382e-10,1.56252466521e-9,9.77293801441e-10,4.80798845182e-10,2.75590522625e-10,5.69998666322e-11,2.19302267318e-11,2.78581220592e-11,3.62031203627e-11,2.81665957919e-11,1.53908864819e-11,1.12479756412e-11,9.24620362913e-12,9.08077259221e-12,1.52305876244e-11,1.4346927292e-11,3.91271520392e-12]},"melbands_crest":{"dmean":3.90449118614,"dmean2":6.43811798096,"dvar":12.7099103928,"dvar2":34.2141914368,"max":34.8270072937,"mean":16.4758338928,"median":15.9322423935,"min":1.58087515831,"var":34.2120475769},"melbands_flatness_db":{"dmean":0.0305802375078,"dmean2":0.0485730171204,"dvar":0.000891707662959,"dvar2":0.00218070391566,"max":0.569144189358,"mean":0.232673719525,"median":0.223903000355,"min":0.00206979177892,"var":0.00475948723033},"melbands_kurtosis":{"dmean":9.86577320099,"dmean2":16.3394241333,"dvar":325.077362061,"dvar2":862.83996582,"max":363.911712646,"mean":17.4637203217,"median":9.53788948059,"min":-1.53045392036,"var":655.096862793},"melbands_skewness":{"dmean":0.921644985676,"dmean2":1.47116744518,"dvar":1.04684305191,"dvar2":2.57002878189,"max":16.3078727722,"mean":3.21188044548,"median":2.89342212677,"min":-2.23191666603,"var":3.756701231},"melbands_spread":{"dmean":6.29175519943,"dmean2":10.1512145996,"dvar":51.9092597961,"dvar2":119.672454834,"max":158.341049194,"mean":19.8439769745,"median":18.0174217224,"min":0.41690197587,"var":178.713058472},"mfcc":{"cov":[[10560.9169922,75.0465927124,-457.967193604,278.005126953,-467.883483887,-11.3923549652,-99.5603408813,212.283340454,257.213348389,106.2918396,-35.2454032898,56.4594497681,258.982055664],[75.0465927124,942.653869629,-367.462554932,153.695266724,1.9815877676,28.0827312469,34.8659095764,47.8437995911,3.20718717575,-46.7184104919,4.26786375046,-61.9456367493,31.2411136627],[-457.967193604,-367.462554932,580.785095215,-74.2181625366,78.8067550659,1.44323754311,-14.3694067001,-29.8034992218,-7.47639417648,27.5649013519,6.39196300507,51.5861358643,-30.5052280426],[278.005126953,153.695266724,-74.2181625366,318.22177124,6.98449039459,29.4417095184,-31.7007980347,31.3049678802,18.1627674103,-16.3212013245,14.9961853027,-4.73733139038,50.3422889709],[-467.883483887,1.9815877676,78.8067550659,6.98449039459,160.363876343,18.8300819397,5.32415533066,-17.5905914307,-24.6314792633,-7.94230079651,16.0817089081,18.0411987305,-0.792086064816],[-11.3923549652,28.0827312469,1.44323754311,29.4417095184,18.8300819397,178.126754761,45.4462013245,38.8359680176,32.386554718,-14.6262540817,12.4629259109,-13.5566301346,-0.0687605068088],[-99.5603408813,34.8659095764,-14.3694067001,-31.7007980347,5.32415533066,45.4462013245,126.110618591,35.2160453796,19.2164421082,9.26281547546,-2.97331833839,-10.853099823,-17.3888607025],[212.283340454,47.8437995911,-29.8034992218,31.3049678802,-17.5905914307,38.8359680176,35.2160453796,96.8784179688,47.8709220886,5.46731615067,-1.61180627346,-9.30160808563,13.9990386963],[257.213348389,3.20718717575,-7.47639417648,18.1627674103,-24.6314792633,32.386554718,19.2164421082,47.8709220886,99.0539474487,18.9902667999,2.62027549744,-6.64628982544,10.9236850739],[106.2918396,-46.7184104919,27.5649013519,-16.3212013245,-7.94230079651,-14.6262540817,9.26281547546,5.46731615067,18.9902667999,79.81690979,21.4388389587,13.4948368073,-11.1267242432],[-35.2454032898,4.26786375046,6.39196300507,14.9961853027,16.0817089081,12.4629259109,-2.97331833839,-1.61180627346,2.62027549744,21.4388389587,71.8340759277,27.9535961151,9.15413951874],[56.4594497681,-61.9456367493,51.5861358643,-4.73733139038,18.0411987305,-13.5566301346,-10.853099823,-9.30160808563,-6.64628982544,13.4948368073,27.9535961151,84.5368499756,30.4189910889],[258.982055664,31.2411136627,-30.5052280426,50.3422889709,-0.792086064816,-0.0687605068088,-17.3888607025,13.9990386963,10.9236850739,-11.1267242432,9.15413951874,30.4189910889,86.1006469727]],"icov":[[0.000128777362988,0.0000167183789017,0.0000631019720458,-0.0000536944207852,0.00029770861147,-0.0000314396966132,0.000113329639134,-0.000112439447548,-0.000145164463902,-0.00020326973754,0.00015343510313,-0.000110260523797,-0.000280990556348],[0.0000167183789017,0.0016071354039,0.00089542666683,-0.000507091346662,-0.000430663581938,0.000161544841831,-0.000424778088927,-0.000391642301111,0.000174354208866,0.000481429276988,-0.000442533928435,0.00077915127622,-0.000233758619288],[0.0000631019720458,0.00089542666683,0.00266204983927,0.0000449547042081,-0.00111670978367,-0.000226506192121,0.000367850676412,-0.000047963065299,-0.000363199884305,-0.000397081428673,0.000529083772562,-0.00120574620087,0.000838301377371],[-0.0000536944207852,-0.000507091346662,0.0000449547042081,0.00408325949684,-0.000466825644253,-0.00055640086066,0.00142946536653,-0.00096037692856,-0.000108926753455,0.000196864915779,-0.000754318025429,0.000791676749941,-0.0017461507814],[0.00029770861147,-0.000430663581938,-0.00111670978367,-0.000466825644253,0.00834078062326,-0.000969757325947,-0.00054122612346,0.000754037173465,0.00131598068401,0.000364242965588,-0.000946780724917,-0.00120248668827,-0.000612254370935],[-0.0000314396966132,0.000161544841831,-0.000226506192121,-0.00055640086066,-0.000969757325947,0.00749674905092,-0.0022875983268,-0.00150810263585,-0.00176723580807,0.00265236385167,-0.00237456476316,0.00126236467622,0.000434735877207],[0.000113329639134,-0.000424778088927,0.000367850676412,0.00142946536653,-0.00054122612346,-0.0022875983268,0.0107521843165,-0.003567494452,-0.000210631711525,-0.00162456743419,0.00111660140101,-0.000548980548047,0.00174453295767],[-0.000112439447548,-0.000391642301111,-0.000047963065299,-0.00096037692856,0.000754037173465,-0.00150810263585,-0.003567494452,0.0163191910833,-0.00569479260594,-0.000436562899267,0.00077106844401,0.000800097419415,-0.00204180274159],[-0.000145164463902,0.000174354208866,-0.000363199884305,-0.000108926753455,0.00131598068401,-0.00176723580807,-0.000210631711525,-0.00569479260594,0.0151233747602,-0.00347126973793,-0.0000735920621082,0.00161094497889,-0.00172617251519],[-0.00020326973754,0.000481429276988,-0.000397081428673,0.000196864915779,0.000364242965588,0.00265236385167,-0.00162456743419,-0.000436562899267,-0.00347126973793,0.0171311125159,-0.00556077156216,-0.00169363233726,0.00377310765907],[0.00015343510313,-0.000442533928435,0.000529083772562,-0.000754318025429,-0.000946780724917,-0.00237456476316,0.00111660140101,0.00077106844401,-0.0000735920621082,-0.00556077156216,0.0188521724194,-0.00603519938886,-0.000164328434039],[-0.000110260523797,0.00077915127622,-0.00120574620087,0.000791676749941,-0.00120248668827,0.00126236467622,-0.000548980548047,0.000800097419415,0.00161094497889,-0.00169363233726,-0.00603519938886,0.0188315380365,-0.00752684473991],[-0.000280990556348,-0.000233758619288,0.000838301377371,-0.0017461507814,-0.000612254370935,0.000434735877207,0.00174453295767,-0.00204180274159,-0.00172617251519,0.00377310765907,-0.000164328434039,-0.00752684473991,0.0179245769978]],"mean":[-638.075012207,138.224380493,-14.3708600998,38.6152763367,8.82203865051,15.4591875076,8.4927816391,7.55712890625,2.92833018303,2.35642957687,-1.81175553799,-9.13845539093,2.15915632248]},"pitch_salience":{"dmean":0.0834159478545,"dmean2":0.138257533312,"dvar":0.00653897039592,"dvar2":0.0178291704506,"max":0.988446176052,"mean":0.5148640275,"median":0.51723086834,"min":0.0828650966287,"var":0.014348664321},"silence_rate_20dB":{"dmean":0,"dmean2":0,"dvar":0,"dvar2":0,"max":1,"mean":1,"median":1,"min":1,"var":0},"silence_rate_30dB":{"dmean":0.089422442019,"dmean2":0.178861781955,"dvar":0.0814260914922,"dvar2":0.177685797215,"max":1,"mean":0.925330817699,"median":1,"min":0,"var":0.0690883845091},"silence_rate_60dB":{"dmean":0.00661688251421,"dmean2":0.0132350157946,"dvar":0.00657482258976,"dvar2":0.0149438874796,"max":1,"mean":0.078733459115,"median":0,"min":0,"var":0.0725591704249},"spectral_centroid":{"dmean":243.32925415,"dmean2":385.057678223,"dvar":74647.2578125,"dvar2":171545.84375,"max":11518.2216797,"mean":1353.05297852,"median":1307.72436523,"min":174.352310181,"var":418723.96875},"spectral_complexity":{"dmean":4.22100400925,"dmean2":6.3654756546,"dvar":17.631280899,"dvar2":36.5399131775,"max":56,"mean":24.5814743042,"median":26,"min":0,"var":113.7759552},"spectral_contrast_coeffs":{"dmean":[0.0490827150643,0.0481867752969,0.0385158136487,0.0293091386557,0.022824568674,0.0202287696302],"dmean2":[0.0807359814644,0.078246884048,0.0623587369919,0.04803975299,0.0373278260231,0.0311165973544],"dvar":[0.00175902666524,0.00154661922716,0.00100144091994,0.000558914151043,0.000401106110075,0.000378677475965],"dvar2":[0.00467083696276,0.00401396071538,0.00248440750875,0.00145728292409,0.00101436872501,0.0008307605749],"max":[-0.354727506638,-0.462632089853,-0.462259501219,-0.552350342274,-0.565889060497,-0.572478711605],"mean":[-0.636168837547,-0.741493225098,-0.754829704762,-0.781665742397,-0.7700958848,-0.726847231388],"median":[-0.637035250664,-0.74610054493,-0.768172681332,-0.784241497517,-0.769663453102,-0.723441064358],"min":[-0.979104757309,-0.97887635231,-0.97551715374,-0.972617447376,-0.972144901752,-0.962895154953],"var":[0.00469006272033,0.0048836870119,0.0057735205628,0.00200809421949,0.00151954463217,0.00257357046939]},"spectral_contrast_valleys":{"dmean":[0.41846460104,0.401399672031,0.355694562197,0.291466832161,0.27877804637,0.324985474348],"dmean2":[0.679873883724,0.651606917381,0.564661502838,0.451276749372,0.413949579,0.447149813175],"dvar":[0.161170318723,0.140880212188,0.11289087683,0.0937114804983,0.113320693374,0.161278039217],"dvar2":[0.375078231096,0.340222716331,0.25398004055,0.192035272717,0.217106953263,0.310921043158],"max":[-4.62598896027,-4.64769983292,-5.11924219131,-5.82959365845,-5.88387727737,-7.65741729736],"mean":[-6.8436627388,-6.90381240845,-7.25773286819,-7.36361408234,-7.45729637146,-10.7905626297],"median":[-6.56247997284,-6.66122293472,-6.96254014969,-7.050573349,-7.12447357178,-10.5021524429],"min":[-27.9700717926,-27.7959003448,-27.6522464752,-27.5812454224,-27.5429573059,-27.4157619476],"var":[2.103764534,2.05877375603,2.05017066002,1.95707201958,2.1183154583,2.47162437439]},"spectral_decrease":{"dmean":5.30652322084e-9,"dmean2":8.76510064529e-9,"dvar":7.19051695229e-17,"dvar2":1.79452532554e-16,"max":1.33370383833e-28,"mean":-1.18406831007e-8,"median":-1.02882991015e-8,"min":-6.48922338087e-8,"var":9.11206016223e-17},"spectral_energy":{"dmean":0.0203389190137,"dmean2":0.0335447564721,"dvar":0.0010428581154,"dvar2":0.00259902514517,"max":0.247264683247,"mean":0.0468165278435,"median":0.0411585345864,"min":1.04565597599e-20,"var":0.00135073496494},"spectral_energyband_high":{"dmean":0.00024665138335,"dmean2":0.000359555240721,"dvar":2.9273823543e-7,"dvar2":5.59073100703e-7,"max":0.0153743093833,"mean":0.000609022565186,"median":0.000319647806464,"min":7.32979523406e-21,"var":9.49117975324e-7},"spectral_energyband_low":{"dmean":0.0180871989578,"dmean2":0.030250761658,"dvar":0.000961300800554,"dvar2":0.00244485889561,"max":0.237967222929,"mean":0.0267655681819,"median":0.0182129889727,"min":2.87115550558e-23,"var":0.00104499526788},"spectral_energyband_middle_high":{"dmean":0.00256928196177,"dmean2":0.00399627676234,"dvar":0.0000128469728224,"dvar2":0.000029447794077,"max":0.062921538949,"mean":0.00872963666916,"median":0.00615772325546,"min":1.33670943058e-21,"var":0.000070595779107},"spectral_energyband_middle_low":{"dmean":0.00502357212827,"dmean2":0.00836058612913,"dvar":0.0000576736711082,"dvar2":0.000156104331836,"max":0.0973844975233,"mean":0.0124112889171,"median":0.0104976911098,"min":1.82253993299e-22,"var":0.000093625189038},"spectral_entropy":{"dmean":0.130572915077,"dmean2":0.191043615341,"dvar":0.0197947695851,"dvar2":0.040440749377,"max":9.81331825256,"mean":7.51385068893,"median":7.56393194199,"min":4.72135686874,"var":0.159413203597},"spectral_flux":{"dmean":0.0386096872389,"dmean2":0.0596690550447,"dvar":0.0024991480168,"dvar2":0.00525970989838,"max":0.43944299221,"mean":0.109340444207,"median":0.0958948507905,"min":6.58074775228e-11,"var":0.00511761987582},"spectral_kurtosis":{"dmean":2.08702611923,"dmean2":3.65792250633,"dvar":10.0694818497,"dvar2":30.9245548248,"max":72.276222229,"mean":5.18080234528,"median":3.88576865196,"min":-1.23921120167,"var":33.8506546021},"spectral_rms":{"dmean":0.00126834842376,"dmean2":0.00203954894096,"dvar":0.00000268788153335,"dvar2":0.0000063902052716,"max":0.0155317038298,"mean":0.00622091721743,"median":0.00633677095175,"min":3.19398218811e-12,"var":0.0000069747679845},"spectral_rolloff":{"dmean":412.617218018,"dmean2":704.104980469,"dvar":584421.8125,"dvar2":1368093,"max":21447.0703125,"mean":1105.74084473,"median":861.328125,"min":21.533203125,"var":2008639.125},"spectral_skewness":{"dmean":0.250794559717,"dmean2":0.42114123702,"dvar":0.0885235890746,"dvar2":0.25220066309,"max":6.64302587509,"mean":1.38864088058,"median":1.2898607254,"min":-0.0531113371253,"var":0.34376257658},"spectral_spread":{"dmean":346869.875,"dmean2":515756.75,"dvar":367441182720,"dvar2":690623152128,"max":42066776,"mean":3683112.25,"median":3380037.5,"min":986780.5625,"var":3858123980800},"spectral_strongpeak":{"dmean":0.505324184895,"dmean2":0.887158215046,"dvar":0.999540865421,"dvar2":2.64584302902,"max":9.98447132111,"mean":0.848624110222,"median":0.481321930885,"min":0,"var":1.51392042637},"zerocrossingrate":{"dmean":0.00751719577238,"dmean2":0.00934999994934,"dvar":0.0000895402408787,"dvar2":0.000143983226735,"max":0.51416015625,"mean":0.0458539947867,"median":0.04150390625,"min":0.0048828125,"var":0.00103363126982}},"metadata":{"audio_properties":{"analysis_sample_rate":44100,"bit_rate":0,"codec":"flac","downmix":"mix","equal_loudness":0,"length":245.63999939,"lossless":true,"md5_encoded":"e722060c4e1ed5f586b7fb36b120abae","replay_gain":-14.1984233856,"sample_rate":44100},"tags":{"acoustid_id":["1148c008-263e-4770-b272-cbc4d008ef47"],"album":["No Line on the Horizon"],"albumartist":["U2"],"albumartistsort":["U2"],"artist":["U2"],"artists":["U2"],"artistsort":["U2"],"asin":["B001O5M3UK"],"barcode":["4988005535016"],"catalognumber":["UICI-1077"],"date":["2009-02-25"],"file_name":"12 - No Line on the Horizon 2.flac","label":["Island Records"],"media":["CD"],"musicbrainz_albumartistid":["a3cb23fc-acd3-4ce0-8f36-1e5aa6a18432"],"musicbrainz_albumid":["4ab3e1ce-4b69-35af-89fd-c511d90398f4"],"musicbrainz_artistid":["a3cb23fc-acd3-4ce0-8f36-1e5aa6a18432"],"musicbrainz_recordingid":["f1bd35e0-c928-4244-b2f0-4f3f3b9ca56b"],"musicbrainz_releasegroupid":["acaa5e04-685c-3e47-af62-1cd3012008b6"],"musicbrainz_releasetrackid":["0a74a38d-fd10-38f1-8cf9-d28d3ed46ee5"],"originaldate":["2009"],"releasecountry":["JP"],"releasestatus":["official"],"releasetype":["album"],"script":["Latn"],"title":["No Line on the Horizon 2"],"totaltracks":["12"],"tracknumber":["12"],"tracktotal":["12"]},"version":{"essentia":"2.1-beta1","essentia_build_sha":"ca57ba49d9b1854bd80e60cf9ccf267278fb7d6b","essentia_git_sha":"v2.1_beta1-28-g21ef5f4-dirty","extractor":"music 1.0"}},"rhythm":{"beats_count":457,"beats_loudness":{"dmean":0.0305567998439,"dmean2":0.0523360297084,"dvar":0.00068236514926,"dvar2":0.00201863748953,"max":0.210425123572,"mean":0.0844447091222,"median":0.0886871963739,"min":1.09514793678e-7,"var":0.00151528022252},"beats_loudness_band_ratio":{"dmean":[0.130282521248,0.0645962059498,0.0373940952122,0.057256475091,0.0255654435605,0.0199073180556],"dmean2":[0.227540791035,0.120079569519,0.0654220804572,0.0999896526337,0.0455432087183,0.0365375354886],"dvar":[0.0157833155245