{"lowlevel":{"average_loudness":0.898252367973,"barkbands":{"dmean":[0.000104808117612,0.00309119350277,0.00132499274332,0.00158577808179,0.0029486331623,0.00117276632227,0.000874926045071,0.000962049234658,0.000750660838094,0.000448669394245,0.000313538417686,0.000369011511793,0.00038054358447,0.000260148197412,0.000209440680919,0.000149191837409,0.000152068721945,0.000222067290451,0.000236453808611,0.000108792919491,0.0000854323370731,0.0000719467134331,0.0000604534652666,0.000075054820627,0.0000904361368157,0.0000485380769533,0.0000078128559835],"dmean2":[0.000160123672686,0.00480738468468,0.00230502081104,0.00272343750112,0.00484469113871,0.00181289867032,0.0013752670493,0.00153218058404,0.00117170042358,0.000687382882461,0.000485070951981,0.000573522236664,0.000577921746299,0.000404159713071,0.000328043388436,0.000240603636485,0.000240534776822,0.00034514509025,0.000366460270016,0.00017025913985,0.00013566648704,0.000109557193355,0.0000870271105669,0.000104667560663,0.00013146630954,0.0000673341637594,0.0000106167071863],"dvar":[5.40536895244e-8,0.0000443352182629,0.00000711210395821,0.00000525327914147,0.0000271403660008,0.00000368211499335,0.00000295121071758,0.00000417354476667,0.0000020587083327,7.47649778532e-7,5.23653852724e-7,4.71351000897e-7,8.29108046219e-7,2.88872655574e-7,2.93231551041e-7,7.36594145678e-8,6.92556128001e-8,1.55025830395e-7,1.62196869269e-7,3.95020904875e-8,2.2474411665e-8,1.30312471924e-8,9.53282341953e-9,2.71770197457e-8,4.37170797341e-8,8.68715144264e-9,1.74396427854e-10],"dvar2":[1.13570457927e-7,0.000100923818536,0.0000194177555386,0.0000145963877003,0.0000709251180524,0.00000870394251251,0.00000685618488205,0.00000983110749075,0.00000509645587954,0.00000168350175045,0.00000108229937723,0.00000109516304292,0.00000171583474184,6.31247303318e-7,6.62506408844e-7,1.71572111185e-7,1.63858075553e-7,3.45351310216e-7,3.69616856233e-7,8.57008402022e-8,5.44809459768e-8,2.93475022062e-8,2.10372821385e-8,5.40675628713e-8,1.05781261084e-7,1.69912652837e-8,3.63642255197e-10],"max":[0.00268385652453,0.0704357773066,0.0414607226849,0.0352044180036,0.0520420782268,0.036741938442,0.031263705343,0.0487757921219,0.0412585511804,0.0199483018368,0.0229049436748,0.0193437058479,0.0177300311625,0.0143658993766,0.0174044612795,0.00785571802408,0.00885377451777,0.0108812684193,0.00832132436335,0.00492283795029,0.00586989661679,0.00314767006785,0.00221035513096,0.00402444647625,0.00441111112013,0.00155829207506,0.000161143500009],"mean":[0.000115889619337,0.00376330362633,0.00152087945025,0.00244559720159,0.00462893722579,0.00229396438226,0.00151454820298,0.00151859084144,0.00137221592013,0.000760940019973,0.000536128412932,0.000644684303552,0.000718104478437,0.000470255152322,0.00038076331839,0.000265398062766,0.000310918956529,0.000499462359585,0.000578604754992,0.000223008159082,0.00017225787451,0.000141508149682,0.0001183467175,0.000140983727761,0.000147744329297,0.000076722157246,0.0000117614054034],"median":[0.0000324048960465,0.00100227410439,0.000541688001249,0.00147735862993,0.00289853988215,0.00129182019737,0.000505169387907,0.000394850503653,0.000745670928154,0.000363616563845,0.000169759034179,0.00029695633566,0.000199756905204,0.000174881686689,0.000104401202407,0.000164180528373,0.000171477950062,0.000226595555432,0.000256442115642,0.00011884446576,0.0000902829924598,0.0000837066181703,0.0000680546509102,0.0000634434545645,0.000057735669543,0.0000185784065252,0.00000179310006843],"min":[8.36883404472e-25,2.77709074517e-24,2.36599738087e-24,2.35660500572e-24,9.41248479498e-24,5.19504191361e-24,5.96612386618e-24,7.61537603363e-24,8.81147454826e-24,1.87883759103e-23,1.18471438402e-23,3.10251484068e-23,3.47421095309e-23,2.93725384529e-23,5.31275605343e-23,6.95139180971e-23,4.77107240663e-23,6.44115405186e-23,1.20003553008e-22,1.94716645072e-22,2.2011448261e-22,3.48292111344e-22,4.27204354183e-22,5.94456346145e-22,8.6183051371e-22,1.19696821169e-21,2.01948209983e-21],"var":[6.15024404738e-8,0.0000521133515576,0.00000691258719598,0.00000897017798707,0.0000327203015331,0.00000902373449208,0.00000785397332947,0.000010206569641,0.00000393920890929,0.00000156486669312,0.00000165517622008,0.00000117039019187,0.00000248334299613,8.82536141944e-7,8.23373568437e-7,1.71215702949e-7,1.97418614789e-7,5.65778236705e-7,6.51922050565e-7,1.10846904988e-7,6.59046577312e-8,2.81708167904e-8,2.19959765957e-8,5.61185942161e-8,7.42467491932e-8,1.89250979332e-8,3.74715203311e-10]},"barkbands_crest":{"dmean":2.49205183983,"dmean2":4.08596611023,"dvar":4.99787664413,"dvar2":12.6194152832,"max":22.5839138031,"mean":8.58155727386,"median":8.01856613159,"min":2.23565745354,"var":9.87349033356},"barkbands_flatness_db":{"dmean":0.0171437542886,"dmean2":0.0260776709765,"dvar":0.000240004286752,"dvar2":0.000554149213713,"max":0.330867677927,"mean":0.0985207036138,"median":0.0934954583645,"min":0.0228044558316,"var":0.00120488472749},"barkbands_kurtosis":{"dmean":1.82519185543,"dmean2":2.87926530838,"dvar":5.87246465683,"dvar2":14.085808754,"max":47.3804130554,"mean":2.54407787323,"median":1.50037503242,"min":-1.90317904949,"var":14.8321933746},"barkbands_skewness":{"dmean":0.438437223434,"dmean2":0.673856258392,"dvar":0.169050037861,"dvar2":0.383220523596,"max":6.00042581558,"mean":1.36478245258,"median":1.37094676495,"min":-4.3362903595,"var":0.992862820625},"barkbands_spread":{"dmean":6.53477096558,"dmean2":9.68634223938,"dvar":61.7659111023,"dvar2":123.493850708,"max":139.936233521,"mean":28.5388908386,"median":24.7604866028,"min":2.7613503933,"var":336.131744385},"dissonance":{"dmean":0.0155510157347,"dmean2":0.0259830188006,"dvar":0.00020678009605,"dvar2":0.00056681712158,"max":0.500000059605,"mean":0.467285871506,"median":0.471101015806,"min":0.330445915461,"var":0.000454220134998},"dynamic_complexity":5.09096765518,"erbbands":{"dmean":[0.0957956165075,0.726539671421,1.52224338055,3.2546339035,10.6139745712,7.94857263565,7.69310522079,11.0500679016,10.4084157944,20.125743866,16.060251236,14.8706741333,17.6296405792,11.7399120331,11.7975463867,12.6122570038,16.7818565369,12.9380226135,11.2783203125,10.1320848465,7.15210533142,8.29481601715,12.2173461914,10.2449073792,11.2354621887,4.70673465729,3.70156002045,3.16224765778,2.64366292953,2.07206201553,1.80321097374,1.61414289474,1.2148168087,1.05347168446,0.620332717896,0.274228006601,0.077517926693,0.0135542675853,0.00135770393535,0.000056089789723],"dmean2":[0.141558781266,1.18912541866,2.67047905922,5.55367279053,18.0357704163,12.9520454407,12.0612382889,16.9106349945,16.3518848419,32.2837371826,25.1986808777,23.1841659546,27.1630344391,17.9202690125,17.9863109589,19.6596851349,25.3587188721,19.8223342896,17.5922317505,15.7632865906,11.4885263443,12.9376716614,19.0726261139,15.8822307587,17.4966011047,7.36921262741,5.87214422226,5.0316324234,4.08170366287,3.01316857338,2.62221240997,2.28668761253,1.70742368698,1.56706404686,0.905532240868,0.394350260496,0.106770582497,0.0184891242534,0.00183715554886,0.0000749381943024],"dvar":[0.0451407805085,2.54743790627,10.6295175552,23.8954200745,330.701629639,206.917922974,167.134490967,356.682922363,437.800933838,1649.16552734,1206.36669922,843.098205566,967.324645996,546.546081543,538.815856934,623.838623047,1658.02697754,670.404724121,706.522644043,592.72442627,119.357330322,172.382751465,480.929718018,352.212554932,406.290344238,78.2279129028,62.9729118347,25.9337368011,17.5431900024,11.7117319107,9.12262916565,13.6827011108,6.02973079681,6.61339378357,1.8158608675,0.302728593349,0.0232685245574,0.000565329915844,0.00000542306770512,8.76426220486e-9],"dvar2":[0.0907314345241,6.48722839355,29.2914924622,64.8093414307,896.042114258,528.143981934,412.125640869,815.856872559,1025.36535645,4073.43310547,2762.50073242,2091.52050781,2284.67138672,1202.08349609,1160.96240234,1460.55212402,3319.72070313,1464.85192871,1616.97961426,1358.4732666,291.276885986,398.352386475,1092.79699707,791.225402832,937.879882813,168.310440063,147.535461426,64.0278625488,40.8275299072,24.8925533295,21.1128082275,27.8909950256,12.1433334351,16.8002281189,4.09352970123,0.633193016052,0.0441580154002,0.00106854364276,0.0000116669989438,2.1090748703e-8],"max":[2.25343084335,17.5577411652,45.7375793457,72.1733169556,201.209976196,206.665939331,311.388824463,423.232910156,478.852386475,872.308532715,754.462890625,834.07220459,932.049621582,940.390686035,886.104858398,678.763427734,847.548400879,530.898254395,720.072265625,637.664794922,326.73538208,297.507843018,681.079650879,512.946655273,465.526794434,263.747680664,396.98651123,58.7676391602,83.8324203491,142.554840088,60.7672195435,114.151351929,67.7635650635,61.1591186523,30.2710094452,10.2244405746,2.13056635857,0.360870808363,0.0355695895851,0.0013695335947],"mean":[0.107696682215,0.838915944099,1.76387405396,5.05492782593,15.1229438782,12.0564565659,14.3552856445,21.870923996,19.9533214569,31.2190170288,28.063451767,27.8521499634,32.2922058105,22.6637802124,22.1559658051,23.4878120422,33.6874961853,26.1368618011,20.9157848358,20.3264007568,14.3045873642,18.8059978485,27.8490390778,25.1534118652,27.6041088104,10.437746048,7.3557882309,6.32116603851,5.14822530746,4.11720371246,3.43343639374,3.03556680679,2.203373909,1.70488333702,1.0006455183,0.424602478743,0.123452372849,0.0214062016457,0.00204463326372,0.000105016879388],"median":[0.0140429418534,0.264442354441,0.758101820946,2.93824052811,8.83351898193,7.53792476654,8.6746635437,10.9891853333,9.54855728149,10.6148710251,10.1611795425,15.4456653595,19.1288223267,11.1947917938,9.46736717224,10.978433609,9.95913505554,10.7366256714,7.61855125427,7.8701839447,9.72333335876,11.1941108704,13.3832874298,12.4490394592,11.7407855988,5.80235815048,3.63236570358,3.5542345047,3.08475875854,2.3101568222,1.93209254742,1.42883896828,0.955215632915,0.699755549431,0.36898624897,0.122612453997,0.0242417231202,0.00360761466436,0.000328534079017,0.0000492318467877],"min":[1.4250994396e-22,6.44445287884e-22,2.58094245166e-21,9.42800913584e-21,1.54526094907e-20,2.57790530941e-20,4.62488441953e-20,4.64398518309e-20,1.19751001903e-19,2.13186596786e-19,2.07487167269e-19,2.22642175916e-19,5.68974012995e-19,8.28253776e-19,9.14164134035e-19,1.5703611373e-18,1.52606427133e-18,2.05649321874e-18,2.39356807759e-18,2.47308288192e-18,3.83813665381e-18,3.38110282176e-18,4.56200116708e-18,5.40081235264e-18,6.88629969261e-18,1.01852849862e-17,9.02679206858e-18,9.71448025136e-18,1.06939994086e-17,1.07121212815e-17,1.23319468888e-17,8.61042078108e-18,1.03473718545e-17,7.59766716119e-18,6.29164699487e-18,4.27775626601e-18,2.38855122717e-18,1.027784629e-18,2.77898073479e-19,2.71498190004e-20],"var":[0.057409696281,2.50928068161,9.13849258423,37.9146499634,395.113006592,241.706176758,321.586547852,1022.37524414,1136.9855957,3348.68286133,3002.95947266,1623.41247559,1927.71008301,1605.17053223,1679.17407227,1569.91174316,5491.15087891,2021.90332031,1789.10241699,1962.87915039,295.071136475,544.588562012,1645.00219727,1270.68432617,1644.08459473,210.001296997,226.462753296,52.5282058716,34.1673316956,30.800447464,19.6028003693,25.865152359,13.2320957184,10.5133085251,3.2092769146,0.582309424877,0.052769575268,0.00135228410363,0.0000112140050987,1.79553474311e-8]},"erbbands_crest":{"dmean":1.99248754978,"dmean2":3.17613482475,"dvar":3.77508354187,"dvar2":8.92046928406,"max":29.8182029724,"mean":7.350522995,"median":6.5489616394,"min":2.0203268528,"var":11.7884941101},"erbbands_flatness_db":{"dmean":0.0168941300362,"dmean2":0.0227274931967,"dvar":0.000271657918347,"dvar2":0.000460251671029,"max":0.392795294523,"mean":0.126775562763,"median":0.124553218484,"min":0.0283824540675,"var":0.00166492455173},"erbbands_kurtosis":{"dmean":0.533621966839,"dmean2":0.825293779373,"dvar":0.528285980225,"dvar2":1.15813291073,"max":19.8858909607,"mean":-0.235176384449,"median":-0.536642193794,"min":-1.74159216881,"var":1.37345671654},"erbbands_skewness":{"dmean":0.276050060987,"dmean2":0.420257687569,"dvar":0.0636143535376,"dvar2":0.133434191346,"max":3.64713168144,"mean":0.269403547049,"median":0.303564041853,"min":-3.12098097801,"var":0.358185023069},"erbbands_spread":{"dmean":8.24255084991,"dmean2":12.2328643799,"dvar":68.4096908569,"dvar2":145.505722046,"max":143.625305176,"mean":47.1044540405,"median":44.7570800781,"min":4.33317184448,"var":312.322906494},"gfcc":{"cov":[[36365.5507813,3463.72216797,-2303.88208008,989.746704102,-1266.94677734,22.052318573,-1155.94824219,-14.2525110245,-946.064575195,-127.418655396,11.3618183136,-9.35832691193,-436.079559326],[3463.72216797,1971.38208008,-475.173370361,394.593536377,-23.0368709564,-196.365020752,-106.227333069,-148.214538574,-140.492111206,-158.678421021,71.4371490479,-130.434585571,-14.2707338333],[-2303.88208008,-475.173370361,885.551513672,-40.4335784912,190.154556274,91.8128585815,63.4973831177,3.63970732689,51.2928962708,51.4760894775,-25.3683986664,116.563545227,-3.6336479187],[989.746704102,394.593536377,-40.4335784912,382.302001953,23.3394317627,-7.35705804825,-32.0135116577,-10.9580831528,23.9765930176,-32.2039985657,31.8915920258,-39.7621383667,40.4270133972],[-1266.94677734,-23.0368709564,190.154556274,23.3394317627,248.537277222,51.012638092,89.5895080566,26.8546543121,41.6694793701,15.5603618622,8.49815750122,12.8035898209,16.8734664917],[22.052318573,-196.365020752,91.8128585815,-7.35705804825,51.012638092,187.257385254,81.4860458374,65.7663955688,4.877409935,34.8064689636,7.05261516571,19.3710460663,15.980840683],[-1155.94824219,-106.227333069,63.4973831177,-32.0135116577,89.5895080566,81.4860458374,222.33770752,53.2663993835,46.2129249573,21.0731201172,8.1875333786,5.32060670853,32.0410232544],[-14.2525110245,-148.214538574,3.63970732689,-10.9580831528,26.8546543121,65.7663955688,53.2663993835,143.701202393,56.345489502,27.5332298279,4.05168914795,2.7204208374,14.138926506],[-946.064575195,-140.492111206,51.2928962708,23.9765930176,41.6694793701,4.877409935,46.2129249573,56.345489502,149.372390747,31.6588153839,4.25654554367,-1.59294426441,26.2684612274],[-127.418655396,-158.678421021,51.4760894775,-32.2039985657,15.5603618622,34.8064689636,21.0731201172,27.5332298279,31.6588153839,86.8782196045,17.1479053497,14.9260816574,-8.55693626404],[11.3618183136,71.4371490479,-25.3683986664,31.8915920258,8.49815750122,7.05261516571,8.1875333786,4.05168914795,4.25654554367,17.1479053497,80.7083206177,16.596818924,0.559181690216],[-9.35832691193,-130.434585571,116.563545227,-39.7621383667,12.8035898209,19.3710460663,5.32060670853,2.7204208374,-1.59294426441,14.9260816574,16.596818924,99.264831543,2.404961586],[-436.079559326,-14.2707338333,-3.6336479187,40.4270133972,16.8734664917,15.980840683,32.0410232544,14.138926506,26.2684612274,-8.55693626404,0.559181690216,2.404961586,101.890457153]],"icov":[[0.0000881623273017,-0.000144478864968,0.000166270634509,-0.000230569392443,0.00026878764038,-0.000285465968773,0.000286732247332,-0.00029836021713,0.000361690268619,-0.000325269298628,0.000386500149034,-0.000472335494123,0.000294460798614],[-0.000144478864968,0.00129454338457,0.0000886877751327,-0.000532331061549,-0.000868173607159,0.00121630274225,-0.000664566643536,0.00078816653695,0.000240169014432,0.00144770927727,-0.00145932997111,0.00129206827842,-0.00013287323236],[0.000166270634509,0.0000886877751327,0.00225030491129,-0.000839927815832,-0.000848686264362,-0.000898300146218,0.000601979729254,0.000237509739236,0.000401146040531,-0.000856779690366,0.0017584094312,-0.0027855434455,0.00107745220885],[-0.000230569392443,-0.000532331061549,-0.000839927815832,0.00476566050202,-0.000769049336668,-0.000451148080174,0.000462258089101,0.000928107707296,-0.00254009594209,0.0015954230912,-0.00231419224292,0.0024734174367,-0.00231505744159],[0.00026878764038,-0.000868173607159,-0.000848686264362,-0.000769049336668,0.00676591042429,-0.00141760369297,-0.000870582822245,-0.00116431945935,0.00023196649272,-0.00103511638008,0.000718403665815,-0.000922394683585,0.000711964268703],[-0.000285465968773,0.00121630274225,-0.000898300146218,-0.000451148080174,-0.00141760369297,0.00987798906863,-0.00333442748524,-0.0023401947692,0.0022151065059,-0.000866628310177,-0.00161194906104,0.00141557003371,-0.00151410046965],[0.000286732247332,-0.000664566643536,0.000601979729254,0.000462258089101,-0.000870582822245,-0.00333442748524,0.0077131385915,-0.00147209700663,-0.000336638768204,-0.000778455287218,0.000612313160673,-0.000955637078732,-0.000541314017028],[-0.00029836021713,0.00078816653695,0.000237509739236,0.000928107707296,-0.00116431945935,-0.0023401947692,-0.00147209700663,0.0114745041355,-0.00480873603374,0.000730633619241,-0.00125465355814,0.00151438754983,-0.000823574198876],[0.000361690268619,0.000240169014432,0.000401146040531,-0.00254009594209,0.00023196649272,0.0022151065059,-0.000336638768204,-0.00480873603374,0.0121770706028,-0.00413724174723,0.00133793486748,-0.000845685834065,-0.00048313458683],[-0.000325269298628,0.00144770927727,-0.000856779690366,0.0015954230912,-0.00103511638008,-0.000866628310177,-0.000778455287218,0.000730633619241,-0.00413724174723,0.0176910050213,-0.00588257191703,0.00207069283351,0.00113359000534],[0.000386500149034,-0.00145932997111,0.0017584094312,-0.00231419224292,0.000718403665815,-0.00161194906104,0.000612313160673,-0.00125465355814,0.00133793486748,-0.00588257191703,0.0177155770361,-0.00674834707752,0.00176919496153],[-0.000472335494123,0.00129206827842,-0.0027855434455,0.0024734174367,-0.000922394683585,0.00141557003371,-0.000955637078732,0.00151438754983,-0.000845685834065,0.00207069283351,-0.00674834707752,0.0167143139988,-0.00286574405618],[0.000294460798614,-0.00013287323236,0.00107745220885,-0.00231505744159,0.000711964268703,-0.00151410046965,-0.000541314017028,-0.000823574198876,-0.00048313458683,0.00113359000534,0.00176919496153,-0.00286574405618,0.0126948496327]],"mean":[-19.5631351471,67.9058303833,-106.55897522,25.7510795593,-59.7466278076,7.4216966629,-39.4515342712,11.9929161072,-29.0830001831,-1.05551278591,-16.4992008209,-0.958998322487,-13.3315954208]},"hfc":{"dmean":6.21359157562,"dmean2":8.38703155518,"dvar":64.6049804688,"dvar2":121.195289612,"max":99.7070083618,"mean":21.615234375,"median":17.9451332092,"min":1.07381112963e-16,"var":277.891967773},"melbands":{"dmean":[0.000844986236189,0.000827852112707,0.000750947569031,0.000722446886357,0.000261767272605,0.000238064647419,0.000162760028616,0.000231513069593,0.000117171846796,0.000104245933471,0.0000916637582122,0.0000509533019795,0.0000422955090471,0.0000382482066925,0.0000346390006598,0.000042299983761,0.0000230337191169,0.0000205604883377,0.0000154146582645,0.0000125797441797,0.00000830383578432,0.00000870887379278,0.0000128240553749,0.0000101240639196,0.00000894386994332,0.00000992732202576,0.00000605044351687,0.00000286786280412,0.00000250612833952,0.00000198981524591,0.00000193843197849,0.00000166636550603,0.00000135747382046,0.00000112737450308,0.00000110929431685,9.74224690253e-7,0.00000109124732717,9.08410470402e-7,8.44979467729e-7,9.80146523943e-7],"dmean2":[0.00127873790916,0.00140732119326,0.00127381528728,0.00120101007633,0.000408487656387,0.000365175888874,0.000255483144429,0.000369954650523,0.000183082040166,0.000162885611644,0.000141271259054,0.0000777731402195,0.0000647442429909,0.000059053691075,0.0000534106548002,0.0000640755315544,0.0000355476076948,0.000032380092307,0.0000240146928263,0.0000201912516786,0.0000134787451316,0.0000138893674375,0.0000204067637242,0.000015664338207,0.000014114408259,0.0000155571506184,0.0000094226506917,0.00000458960812466,0.00000399953296437,0.00000321903303302,0.00000312817678605,0.0000026317402444,0.00000206809409065,0.00000167238465565,0.00000165263111285,0.0000014298948372,0.00000158844420639,0.00000132135573949,0.00000122382277823,0.00000152247412188],"dvar":[0.00000335926574735,0.00000318015963785,0.00000110837584089,0.00000177692436409,1.7187279866e-7,1.54672832764e-7,9.51460989995e-8,2.07473732416e-7,6.45657678433e-8,4.17689882681e-8,2.61146695379e-8,9.77151159987e-9,8.58920845559e-9,5.58148416374e-9,6.22544860107e-9,1.22383507772e-8,2.23756657647e-9,2.37705655159e-9,1.91328553001e-9,6.82267020657e-10,1.75124720281e-10,2.02021940843e-10,5.1067522433e-10,4.18761136878e-10,2.85511309039e-10,3.21377174872e-10,1.29114455238e-10,3.33664103291e-11,3.14751835706e-11,1.1257110695e-11,1.02278862463e-11,7.27155401864e-12,5.24659309054e-12,3.55053941976e-12,3.28111257782e-12,3.30686302993e-12,7.82657185588e-12,3.73887032445e-12,3.38009893512e-12,7.48086401853e-12],"dvar2":[0.00000712751489118,0.000008534859262,0.00000299126122627,0.0000046263880904,4.18010870362e-7,3.56910391019e-7,2.25337785764e-7,5.11247947088e-7,1.48566826397e-7,1.03516825334e-7,6.14550543787e-8,2.17047464446e-8,1.77230763398e-8,1.27246027048e-8,1.41745335469e-8,2.53925112048e-8,4.91827867322e-9,5.35669286705e-9,4.0484362529e-9,1.63412938736e-9,4.38260622238e-10,4.90144480558e-10,1.22669030489e-9,8.62185545181e-10,6.62849608535e-10,7.47678141622e-10,2.78019551825e-10,7.62840901558e-11,7.51000164834e-11,2.76331145466e-11,2.5485905053e-11,1.7379547454e-11,1.19265344128e-11,7.72002080318e-12,7.49935617078e-12,7.80875451106e-12,1.64215845783e-11,8.2475372018e-12,6.5702846809e-12,2.13579154362e-11],"max":[0.0194526463747,0.0202935487032,0.0143893910572,0.0126571627334,0.0084811495617,0.0082736061886,0.00641304021701,0.00809241179377,0.00495088426396,0.00650881882757,0.00453332811594,0.00369150447659,0.00319643225521,0.00263554276899,0.00220057368279,0.0024093138054,0.00100083835423,0.00156528363004,0.00194013444707,0.000741747673601,0.000491369515657,0.000425174657721,0.000547976582311,0.000751095707528,0.000452538224636,0.000516526459251,0.000300088140648,0.000192465056898,0.000249235949013,0.000101866098703,0.0000460651062895,0.000049485002819,0.0000827164039947,0.0000571333002881,0.0000353805844497,0.0000360877420462,0.0000915613636607,0.0000551809316676,0.0000605631066719,0.0000572179160372],"mean":[0.00101506372448,0.00100502709392,0.00121449411381,0.00103265722282,0.000501169532072,0.000473928434076,0.000309982191538,0.000363290222595,0.000205882926821,0.000188807433005,0.00016377720749,0.0000943599370657,0.000075655967521,0.0000676090203342,0.0000604099113843,0.000080371471995,0.0000438113092969,0.0000351267699443,0.0000292740078294,0.0000225676121772,0.0000151428039317,0.0000175636723725,0.0000263626589003,0.0000222464987019,0.0000196867549676,0.0000231431549764,0.0000135163436426,0.00000534765558768,0.00000459408420284,0.00000386993360735,0.00000360766534868,0.00000303511751554,0.00000247027378464,0.00000214723354475,0.00000198942439056,0.00000176568812549,0.00000193970367945,0.00000158693569574,0.00000139575126923,0.00000149091022195],"median":[0.00021367635054,0.000413078378187,0.000811764039099,0.00062675238587,0.000323119340464,0.00025048351381,0.000147260230733,0.000112010646262,0.0000719664167264,0.00010232088971,0.0000939650490182,0.0000457604401163,0.000028481852496,0.0000308255112031,0.0000210681391764,0.0000210710968531,0.0000169496815943,0.0000110397213575,0.00000805228410172,0.0000108122167148,0.00000991827619146,0.000010207430023,0.0000121028060676,0.00000990544140222,0.00000911773531698,0.00000933756382437,0.00000571748250877,0.00000296508460451,0.00000202104843083,0.00000207077482628,0.00000193717619368,0.00000175617060449,0.00000135194704853,0.00000116106025416,0.00000110020027932,9.1866030516e-7,8.18359694676e-7,6.51585878586e-7,5.90945035128e-7,5.71764303459e-7],"min":[1.73901033897e-24,1.8112053113e-24,2.65575309111e-24,1.11779154662e-24,1.78770060898e-24,1.07322889269e-24,1.58354932316e-24,2.13862893254e-24,1.48765233469e-24,1.54620287297e-24,2.78079109446e-24,2.93699778104e-24,2.91131207553e-24,2.99900974237e-24,2.19656346907e-24,4.12214020098e-24,3.18261238489e-24,2.92971462273e-24,3.24172094366e-24,2.55316942178e-24,3.88537701092e-24,2.36011602839e-24,4.79448753379e-24,2.80376706275e-24,4.14210311505e-24,4.16831972394e-24,4.1760931593e-24,5.73161366286e-24,4.29307492066e-24,5.11761916007e-24,5.52499284798e-24,5.16688391803e-24,6.49674878749e-24,5.34186115542e-24,5.46145404637e-24,5.68591652834e-24,4.48748732417e-24,7.11780911741e-24,6.54376410859e-24,6.26496449303e-24],"var":[0.00000420972946813,0.0000029145019198,0.00000179263440714,0.00000190656317045,3.59844335662e-7,4.32174630305e-7,2.47496359407e-7,4.32994113453e-7,1.57121263555e-7,7.74018218408e-8,5.15393736578e-8,2.6659131791e-8,2.64975899e-8,1.45971421617e-8,1.3818087119e-8,3.5929470954e-8,6.81168943473e-9,6.30780139232e-9,5.86720583229e-9,1.76748071734e-9,3.52396861691e-10,5.34206290315e-10,1.48906686981e-9,1.57147816982e-9,8.86095530284e-10,1.18094323209e-9,4.6258910591e-10,7.1170361271e-11,1.11516178236e-10,2.89391861169e-11,1.89092057984e-11,1.28663624893e-11,1.12892117529e-11,8.40299618082e-12,6.79160026829e-12,6.17747259596e-12,1.35848303093e-11,8.06166244871e-12,6.28224338869e-12,1.01508541156e-11]},"melbands_crest":{"dmean":3.30854797363,"dmean2":5.36402225494,"dvar":8.85517787933,"dvar2":21.5419368744,"max":32.7142448425,"mean":11.8934345245,"median":11.1490802765,"min":1.63402819633,"var":20.0804347992},"melbands_flatness_db":{"dmean":0.0225961953402,"dmean2":0.0348795764148,"dvar":0.00044163086568,"dvar2":0.00103178399149,"max":0.401414394379,"mean":0.161850124598,"median":0.159722030163,"min":0.00279521173798,"var":0.002247704193},"melbands_kurtosis":{"dmean":5.15938234329,"dmean2":8.07288169861,"dvar":55.9497413635,"dvar2":129.2474823,"max":143.810333252,"mean":10.7854728699,"median":7.58671379089,"min":-1.6289075613,"var":133.482452393},"melbands_skewness":{"dmean":0.632955789566,"dmean2":0.970954954624,"dvar":0.413592249155,"dvar2":0.932469785213,"max":9.94632053375,"mean":2.53511667252,"median":2.42179870605,"min":-2.44848847389,"var":1.63511180878},"melbands_spread":{"dmean":7.53616189957,"dmean2":11.7146959305,"dvar":112.21307373,"dvar2":257.84463501,"max":213.883926392,"mean":28.2279186249,"median":22.8159503937,"min":2.26581263542,"var":504.413879395},"mfcc":{"cov":[[19925.2109375,3082.89111328,-50.8108978271,611.048156738,72.5603713989,-141.635360718,-26.2538280487,-12.6903009415,-552.72052002,-250.900100708,-20.9803733826,-246.766662598,-163.595169067],[3082.89111328,1522.7331543,-112.86730957,337.744445801,30.5713748932,-33.6408843994,38.0294532776,-25.1653118134,-136.727798462,-116.546546936,-20.196308136,-48.9835090637,-71.4394760132],[-50.8108978271,-112.86730957,439.598571777,42.611114502,77.8583831787,59.0598640442,-1.84095788002,16.8918819427,12.3111982346,-19.088848114,-18.2908821106,15.0684843063,37.7280654907],[611.048156738,337.744445801,42.611114502,317.898803711,82.3706817627,25.5968532562,-23.8357257843,0.763403356075,-18.3091907501,2.81278800964,-17.2476501465,-26.5814399719,-1.72146499157],[72.5603713989,30.5713748932,77.8583831787,82.3706817627,182.935775757,25.3179550171,-0.674313008785,13.7205219269,5.75654745102,20.7907981873,2.54339909554,-10.940123558,5.1199631691],[-141.635360718,-33.6408843994,59.0598640442,25.5968532562,25.3179550171,126.477958679,57.5756416321,14.5353431702,22.3340301514,-0.538474678993,2.20930409431,19.3647060394,10.7465429306],[-26.2538280487,38.0294532776,-1.84095788002,-23.8357257843,-0.674313008785,57.5756416321,170.450088501,44.9446525574,32.8335266113,1.959821105,14.3334493637,31.0950832367,-1.002196908],[-12.6903009415,-25.1653118134,16.8918819427,0.763403356075,13.7205219269,14.5353431702,44.9446525574,109.699035645,37.6373100281,17.244977951,22.1800689697,8.231757164,10.1679267883],[-552.72052002,-136.727798462,12.3111982346,-18.3091907501,5.75654745102,22.3340301514,32.8335266113,37.6373100281,148.390960693,52.0914115906,-3.84424376488,27.791727066,6.50624895096],[-250.900100708,-116.546546936,-19.088848114,2.81278800964,20.7907981873,-0.538474678993,1.959821105,17.244977951,52.0914115906,107.004051208,27.6799297333,4.89607143402,12.0151414871],[-20.9803733826,-20.196308136,-18.2908821106,-17.2476501465,2.54339909554,2.20930409431,14.3334493637,22.1800689697,-3.84424376488,27.6799297333,90.2216415405,30.3908252716,2.19957947731],[-246.766662598,-48.9835090637,15.0684843063,-26.5814399719,-10.940123558,19.3647060394,31.0950832367,8.231757164,27.791727066,4.89607143402,30.3908252716,73.9206008911,24.9334087372],[-163.595169067,-71.4394760132,37.7280654907,-1.72146499157,5.1199631691,10.7465429306,-1.002196908,10.1679267883,6.50624895096,12.0151414871,2.19957947731,24.9334087372,67.5963821411]],"icov":[[0.0000792346763774,-0.000162141019246,-0.000051008137234,0.000045087061153,0.0000134965457619,0.00000712104110789,0.0000201883358386,-0.0000869408177095,0.000174839573447,-0.0000789753539721,-0.0000129023919726,0.000125561637105,0.0000125577289509],[-0.000162141019246,0.00152149435598,0.000410662498325,-0.00151160242967,0.0000187111636478,0.000651059905067,-0.000833968399093,0.000256856175838,0.000192916864762,0.00124079477973,-0.00012470940419,-0.00033941748552,0.000682097335812],[-0.000051008137234,0.000410662498325,0.00293795322068,-0.000385355961043,-0.00111026619561,-0.000939428107813,0.000346076587448,-0.000331802904839,-0.000183878859389,0.00122480944265,0.000499654153828,-0.000516892992891,-0.00107615452725],[0.000045087061153,-0.00151160242967,-0.000385355961043,0.00550847314298,-0.00156248430721,-0.00174447253812,0.00161390169524,-0.000485972035676,0.0000491861137562,-0.00161443906836,0.00084965408314,0.000774829008151,-0.000671564193908],[0.0000134965457619,0.0000187111636478,-0.00111026619561,-0.00156248430721,0.00699381250888,-0.000691858120263,-0.0000641638544039,-0.000380030251108,0.000139991476317,-0.001383747207,-0.000592606782448,0.00127299304586,0.0000510158024554],[0.00000712104110789,0.000651059905067,-0.000939428107813,-0.00174447253812,-0.000691858120263,0.0110880872235,-0.00405094074085,0.000807364296634,-0.000723503122572,0.00126525410451,-0.00029019676731,-0.000889117189217,-0.000524542236235],[0.0000201883358386,-0.000833968399093,0.000346076587448,0.00161390169524,-0.0000641638544039,-0.00405094074085,0.00909991189837,-0.00330024585128,-0.000369173183572,-0.000545404502191,0.000807406031527,-0.00305704306811,0.00152946356684],[-0.0000869408177095,0.000256856175838,-0.000331802904839,-0.000485972035676,-0.000380030251108,0.000807364296634,-0.00330024585128,0.0124821197242,-0.00377137446776,0.00127671065275,-0.00436877785251,0.00359019776806,-0.00283825676888],[0.000174839573447,0.000192916864762,-0.000183878859389,0.0000491861137562,0.000139991476317,-0.000723503122572,-0.000369173183572,-0.00377137446776,0.0119819547981,-0.00615203706548,0.00534844817594,-0.00586630776525,0.00332717620768],[-0.0000789753539721,0.00124079477973,0.00122480944265,-0.00161443906836,-0.001383747207,0.00126525410451,-0.000545404502191,0.00127671065275,-0.00615203706548,0.0157235693187,-0.00650704884902,0.00441336492077,-0.0035198526457],[-0.0000129023919726,-0.00012470940419,0.000499654153828,0.00084965408314,-0.000592606782448,-0.00029019676731,0.000807406031527,-0.00436877785251,0.00534844817594,-0.00650704884902,0.0178039800376,-0.0100757088512,0.00411886442453],[0.000125561637105,-0.00033941748552,-0.000516892992891,0.000774829008151,0.00127299304586,-0.000889117189217,-0.00305704306811,0.00359019776806,-0.00586630776525,0.00441336492077,-0.0100757088512,0.0245890002698,-0.00924883037806],[0.0000125577289509,0.000682097335812,-0.00107615452725,-0.000671564193908,0.0000510158024554,-0.000524542236235,0.00152946356684,-0.00283825676888,0.00332717620768,-0.0035198526457,0.00411886442453,-0.00924883037806,0.0202405098826]],"mean":[-653.745178223,103.128059387,4.75220775604,18.9901847839,1.55910980701,-5.02898025513,1.45394694805,3.85914564133,-4.33405208588,-1.62575864792,0.400981605053,-4.18093299866,-5.28490781784]},"pitch_salience":{"dmean":0.0689777880907,"dmean2":0.110337726772,"dvar":0.00390220619738,"dvar2":0.00939117278904,"max":0.992489039898,"mean":0.606995820999,"median":0.613357961178,"min":0.180118069053,"var":0.00990281999111},"silence_rate_20dB":{"dmean":0,"dmean2":0,"dvar":0,"dvar2":0,"max":1,"mean":1,"median":1,"min":1,"var":0},"silence_rate_30dB":{"dmean":0,"dmean2":0,"dvar":0,"dvar2":0,"max":1,"mean":1,"median":1,"min":1,"var":0},"silence_rate_60dB":{"dmean":0.0140797095373,"dmean2":0.0281626172364,"dvar":0.0138815836981,"dvar2":0.0344104021788,"max":1,"mean":0.121026337147,"median":0,"min":0,"var":0.106379024684},"spectral_centroid":{"dmean":251.231582642,"dmean2":390.556518555,"dvar":69651.8828125,"dvar2":151939.046875,"max":11819.3242188,"mean":1588.93847656,"median":1399.78076172,"min":309.915496826,"var":1224713},"spectral_complexity":{"dmean":3.79834222794,"dmean2":5.67295026779,"dvar":20.4473724365,"dvar2":40.9224052429,"max":50,"mean":18.6866493225,"median":19,"min":0,"var":98.6063613892},"spectral_contrast_coeffs":{"dmean":[0.0545094832778,0.0484539531171,0.0375423841178,0.0304156653583,0.0220720469952,0.0204368345439],"dmean2":[0.0865741372108,0.0787177979946,0.0602940991521,0.0480998270214,0.0346302464604,0.032050255686],"dvar":[0.00222746678628,0.00158703187481,0.000933423521928,0.000631071976386,0.000396336079575,0.000452458887594],"dvar2":[0.00553001696244,0.00403968850151,0.00232830271125,0.00153099210002,0.000869967392646,0.00110620993655],"max":[-0.316483408213,-0.380123913288,-0.503831744194,-0.574992537498,-0.571663677692,-0.572784006596],"mean":[-0.63295519352,-0.718978881836,-0.761866748333,-0.777605414391,-0.785102248192,-0.785947978497],"median":[-0.623643755913,-0.719558358192,-0.761566758156,-0.781470894814,-0.789578676224,-0.782881855965],"min":[-0.978702783585,-0.992819845676,-0.990599930286,-0.982749819756,-0.966922938824,-0.964400470257],"var":[0.0115088000894,0.00716533605009,0.00445609726012,0.00414081662893,0.00364360189997,0.00217061908916]},"spectral_contrast_valleys":{"dmean":[0.451458752155,0.395747035742,0.362317979336,0.336389690638,0.262678623199,0.320744246244],"dmean2":[0.710921943188,0.637087762356,0.548502266407,0.494307518005,0.386041909456,0.407688498497],"dvar":[0.157601594925,0.138466060162,0.131538569927,0.116677440703,0.0906942114234,0.12376447767],"dvar2":[0.349399089813,0.314729690552,0.259843021631,0.215026438236,0.169270798564,0.218399256468],"max":[-5.18605041504,-4.50473022461,-5.30745410919,-5.96061325073,-5.91490602493,-7.72210025787],"mean":[-7.80270576477,-7.22771978378,-7.68337202072,-8.16715908051,-7.81002902985,-10.0699768066],"median":[-7.20143699646,-6.61140537262,-7.12656497955,-7.64375495911,-7.25168514252,-9.59857940674],"min":[-28.3528442383,-28.0470294952,-27.8485527039,-27.6764392853,-27.4842376709,-27.3914852142],"var":[6.39611768723,6.44887256622,5.90209913254,5.54441261292,5.5860543251,4.62038898468]},"spectral_decrease":{"dmean":2.31741759116e-9,"dmean2":3.44295814081e-9,"dvar":9.49092641901e-18,"dvar2":2.08771585407e-17,"max":2.33989390072e-28,"mean":-6.20283691077e-9,"median":-5.43318368074e-9,"min":-3.13826404863e-8,"var":2.27738108934e-17},"spectral_energy":{"dmean":0.00916597060859,"dmean2":0.0135293863714,"dvar":0.000145684578456,"dvar2":0.000316734076478,"max":0.122473023832,"mean":0.0253714788705,"median":0.022319573909,"min":1.01573974514e-20,"var":0.000365831772797},"spectral_energyband_high":{"dmean":0.000386504165363,"dmean2":0.000519784574863,"dvar":3.42889478588e-7,"dvar2":6.91486434334e-7,"max":0.0104036796838,"mean":0.000887334230356,"median":0.000567292212509,"min":7.3689675675e-21,"var":0.00000100218437638},"spectral_energyband_low":{"dmean":0.00429638801143,"dmean2":0.00657533900812,"dvar":0.0000665582410875,"dvar2":0.00015057620476,"max":0.091536052525,"mean":0.00630835443735,"median":0.0024798780214,"min":1.95226050424e-23,"var":0.0000935952921282},"spectral_energyband_middle_high":{"dmean":0.00161557551473,"dmean2":0.00232041673735,"dvar":0.00000543054648006,"dvar2":0.0000102502262962,"max":0.0363769866526,"mean":0.00523600215092,"median":0.00347378570586,"min":1.09520823463e-21,"var":0.0000284300986095},"spectral_energyband_middle_low":{"dmean":0.00569854024798,"dmean2":0.0090870661661,"dvar":0.0000716353970347,"dvar2":0.000177821682882,"max":0.0974266454577,"mean":0.0139394076541,"median":0.0119095519185,"min":1.41444956495e-22,"var":0.000134694870212},"spectral_entropy":{"dmean":0.145550400019,"dmean2":0.205891281366,"dvar":0.019368018955,"dvar2":0.0379612594843,"max":9.81991291046,"mean":7.78839111328,"median":7.76349210739,"min":5.14837789536,"var":0.170075923204},"spectral_flux":{"dmean":0.0246330015361,"dmean2":0.0375596769154,"dvar":0.000830996432342,"dvar2":0.00167969230097,"max":0.29727602005,"mean":0.0792830064893,"median":0.0725332200527,"min":6.28186322404e-11,"var":0.00229645590298},"spectral_kurtosis":{"dmean":0.971256971359,"dmean2":1.58323168755,"dvar":1.19562387466,"dvar2":3.32216310501,"max":24.3373603821,"mean":3.39689540863,"median":3.30506801605,"min":-1.25500321388,"var":3.11384725571},"spectral_rms":{"dmean":0.000830928445794,"dmean2":0.00119109346997,"dvar":9.24184689666e-7,"dvar2":0.00000186114039025,"max":0.0109309600666,"mean":0.00448422925547,"median":0.00466638989747,"min":3.14796062481e-12,"var":0.00000464428239866},"spectral_rolloff":{"dmean":656.525085449,"dmean2":1081.890625,"dvar":1521808.875,"dvar2":3282577.5,"max":19336.8164063,"mean":2323.61743164,"median":1378.125,"min":86.1328125,"var":10236596},"spectral_skewness":{"dmean":0.161395058036,"dmean2":0.2592253685,"dvar":0.0258796382695,"dvar2":0.0676061287522,"max":3.22764825821,"mean":1.43711435795,"median":1.45198464394,"min":-0.077347882092,"var":0.0993412435055},"spectral_spread":{"dmean":741882.25,"dmean2":1009842.75,"dvar":891793833984,"dvar2":1665147600900,"max":42609484,"mean":5980566,"median":5266882,"min":1905913.75,"var":14511060811800},"spectral_strongpeak":{"dmean":0.497114896774,"dmean2":0.844405829906,"dvar":0.750068426132,"dvar2":1.94023144245,"max":20.0481510162,"mean":0.919052302837,"median":0.529009401798,"min":0,"var":1.64653110504},"zerocrossingrate":{"dmean":0.0133227538317,"dmean2":0.0151028949767,"dvar":0.000226328789722,"dvar2":0.000275907572359,"max":0.51904296875,"mean":0.0907106623054,"median":0.06982421875,"min":0.01123046875,"var":0.00594736868516}},"metadata":{"audio_properties":{"analysis_sample_rate":44100,"bit_rate":0,"codec":"flac","downmix":"mix","equal_loudness":0,"length":204.493331909,"lossless":true,"md5_encoded":"f927d63aaee306386660d11b8c8dadcc","replay_gain":-9.40403556824,"sample_rate":44100},"tags":{"acoustid_id":["36085b0e-cbca-47c9-84ed-0c57a3c2e544"],"album":["Pleasant Dreams"],"albumartist":["Ramones"],"albumartistsort":["Ramones"],"artist":["Ramones"],"artistsort":["Ramones"],"asin":["B000002KMD"],"catalognumber":["812278156-2"],"date":["1981-07"],"discnumber":["1"],"disctotal":["1"],"file_name":"06 - It's Not My Place.flac","genre":["Punk"],"grouping":["Punk"],"label":["Warner Bros. Records"],"media":["CD"],"musicbrainz_albumartistid":["d6ed7887-a401-47a8-893c-34b967444d26"],"musicbrainz_albumid":["443bf970-9955-4ca2-b883-6b2e165c1b2c"],"musicbrainz_artistid":["d6ed7887-a401-47a8-893c-34b967444d26"],"musicbrainz_recordingid":["f1d0d53d-fe5b-4551-bb5a-498f975f68a9"],"musicbrainz_releasegroupid":["49afe458-8e5c-3ea1-bf5e-f131a3096df2"],"musicbrainz_releasetrackid":["da5ca9f2-0401-35b7-822a-f6c5e78656e9"],"originaldate":["1981-07"],"originalyear":["1981"],"releasecountry":["US"],"releasestatus":["official"],"releasetype":["album"],"script":["Latn"],"title":["It's Not My Place"],"totaldiscs":["1"],"totaltracks":["12"],"tracknumber":["6"],"tracktotal":["12"]},"version":{"essentia":"2.1-beta2","essentia_build_sha":"2d9f1f26377add8aeb1075a9c2973f962c4f09fd","essentia_git_sha":"v2.1_beta2-1-ge3940c0","extractor":"music 1.0"}},"rhythm":{"beats_count":370,"beats_loudness":{"dmean":0.0137296216562,"dmean2":0.0239171329886,"dvar":0.00015606933448,"dvar2":0.000415172515204,"max":0.118535831571,"mean":0.0386305563152,"median":0.0419464036822,"min":0,"var":0.000401725963457},"beats_loudness_band_ratio":{"dmean":[0.216250687838,0.187493637204,0.0891911685467,0.0913694649935,0.0490399971604,0.0590246766806],"dmean2":[0.394435584545,0.357113659382,0.153583437204,0.