{"lowlevel":{"average_loudness":0.921058952808,"barkbands":{"dmean":[0.0000753962303861,0.000766427314375,0.00104656966869,0.00290662189946,0.00182682112791,0.00125289976131,0.00242774561048,0.00139501632657,0.000557592371479,0.000607596652117,0.000666025560349,0.000469543301733,0.000192638879525,0.000143363242387,0.000204370851861,0.000139271651278,0.0000819578635856,0.0000653380411677,0.0000654188988847,0.0000508528828504,0.000015365483705,0.0000131436017909,0.0000069076240834,0.00000432530850958,0.00000275446996056,0.00000160497302204,2.50932657764e-7],"dmean2":[0.000120704040455,0.00123088469263,0.0018626662204,0.00451916549355,0.00299227656797,0.00232799397781,0.00434586917982,0.00231323065236,0.000891409465112,0.000984365469776,0.001101561822,0.000763660762459,0.000316697172821,0.000238238470047,0.000338632467901,0.00023471894383,0.000137544513564,0.000102311438241,0.000106540872366,0.0000753420172259,0.0000244122329605,0.00002172839595,0.000011273090422,0.00000679562936057,0.00000460981846118,0.00000252679706136,4.08886137393e-7],"dvar":[5.24243475297e-8,0.00000449266553915,0.00000671329325996,0.0000483076219098,0.00000597010830461,0.00000322388063978,0.000013040333215,0.00000500434589412,7.74712418661e-7,7.81503615599e-7,0.00000147297339481,7.6049531117e-7,8.98572025676e-8,5.48812764123e-8,4.08952786302e-7,8.63261249151e-8,2.30026824255e-8,2.33212062994e-8,3.06266336736e-8,2.44986662068e-8,1.0443760301e-9,8.69928074021e-10,4.18335754926e-10,2.53580406673e-10,7.99460567191e-11,1.18988166542e-10,6.40244096888e-13],"dvar2":[1.20014433946e-7,0.0000124926882563,0.0000213795810851,0.000103721307823,0.000014722601918,0.0000112390225695,0.0000410596985603,0.0000126618906506,0.000002022071385,0.00000200147815121,0.00000349228162122,0.00000199341729967,2.24655508418e-7,1.38239400371e-7,0.00000104652303889,2.30546589819e-7,6.07046004575e-8,5.35751567554e-8,7.62965655099e-8,4.97668821708e-8,2.65673216759e-9,2.30561481018e-9,1.14895604142e-9,6.28898821908e-10,2.49399612073e-10,2.88675278126e-10,1.60512846504e-12],"max":[0.00338256685063,0.0245972517878,0.028747394681,0.0839305743575,0.0403163135052,0.0264562554657,0.0491030737758,0.0467776246369,0.0170282479376,0.01179832872,0.0199364237487,0.0121833886951,0.00417022313923,0.00380257354118,0.0102117685601,0.00383018003777,0.00280079967342,0.00295937526971,0.00273060612381,0.00359876663424,0.000536762410775,0.000558644765988,0.000513557170052,0.000488782068714,0.000205132106203,0.000266061921138,0.0000208208984986],"mean":[0.0000808776312624,0.00198146887124,0.00158314511646,0.00586187979206,0.00391016807407,0.00248647737317,0.00389287155122,0.00247748778202,0.0012272412423,0.00141903117765,0.00119613413699,0.000820899265818,0.00037908370723,0.000260987057118,0.000280514068436,0.000217428023461,0.000145582991536,0.000105268358311,0.000112153051305,0.000101954436104,0.0000337916426361,0.0000280884651147,0.000016687434254,0.0000107965861389,0.00000546024375581,0.00000251099686466,6.49974026601e-7],"median":[0.0000226225492952,0.00111931562424,0.000784588395618,0.000364358653314,0.00259264069609,0.00144383264706,0.00257161818445,0.00136931985617,0.000750152859837,0.000907160516363,0.000617285724729,0.000489314203151,0.00025032449048,0.000181274692295,0.00015494901163,0.000110848806798,0.0000854833924677,0.0000376399912057,0.0000196505752683,0.0000178793416126,0.0000128959927679,0.00000440648091171,0.00000286535464511,0.00000196716860046,0.00000113921362299,5.90841068515e-7,2.89149113541e-7],"min":[9.65535278238e-25,5.34413031381e-24,5.13926609495e-25,3.96801768492e-24,1.35614640161e-23,7.07001282403e-24,1.49396876368e-23,9.01725364855e-24,2.16951137759e-23,3.27183910082e-23,2.38046540542e-23,4.52187850419e-23,7.21134167282e-23,7.40808105823e-23,5.96240067937e-23,1.13450807323e-22,8.11489411842e-23,1.34094186497e-22,1.11677334413e-22,2.236128346e-22,2.33989776005e-22,3.23255256556e-22,3.63002587556e-22,7.00447091525e-22,9.82996418552e-22,1.35388827149e-21,2.08546106279e-21],"var":[5.81185695125e-8,0.00000705903858034,0.00000621745675744,0.000167971709743,0.0000204067728191,0.00000848239506013,0.0000190736227523,0.00000986874874798,0.00000238604457081,0.00000234257458942,0.00000286689828499,0.00000107182881948,1.73632855649e-7,8.43240925974e-8,3.56745687213e-7,1.02279592795e-7,4.39423928356e-8,3.7874322345e-8,5.81464334459e-8,6.43399715727e-8,2.36917729879e-9,2.93887647551e-9,2.17633466804e-9,1.07794329018e-9,2.75376166314e-10,1.4798716419e-10,1.95817233956e-12]},"barkbands_crest":{"dmean":2.02064967155,"dmean2":3.34263586998,"dvar":3.69604969025,"dvar2":8.76341247559,"max":24.6416187286,"mean":9.05117702484,"median":8.02385807037,"min":2.88305068016,"var":13.8106060028},"barkbands_flatness_db":{"dmean":0.0176504850388,"dmean2":0.0279779583216,"dvar":0.000320931518218,"dvar2":0.000700523727573,"max":0.326830267906,"mean":0.177346795797,"median":0.17122861743,"min":0.0495627485216,"var":0.00292766932398},"barkbands_kurtosis":{"dmean":1.96360146999,"dmean2":3.07826852798,"dvar":9.82133674622,"dvar2":21.7422122955,"max":57.3219680786,"mean":3.57856011391,"median":1.97354626656,"min":-1.58626234531,"var":36.0843276978},"barkbands_skewness":{"dmean":0.378458112478,"dmean2":0.595615208149,"dvar":0.144219845533,"dvar2":0.309872329235,"max":6.34911823273,"mean":1.3366985321,"median":1.21907305717,"min":-2.00970053673,"var":0.90891456604},"barkbands_spread":{"dmean":2.39594864845,"dmean2":3.90954732895,"dvar":9.39726924896,"dvar2":24.1631298065,"max":77.2010345459,"mean":10.9679231644,"median":9.85824775696,"min":1.25739765167,"var":32.8096809387},"dissonance":{"dmean":0.0224315822124,"dmean2":0.0388284362853,"dvar":0.000464121898403,"dvar2":0.00118259235751,"max":0.499999940395,"mean":0.462278217077,"median":0.466771245003,"min":0.00996824819595,"var":0.000706408580299},"dynamic_complexity":3.30345201492,"erbbands":{"dmean":[0.0184532925487,0.189747035503,0.912164926529,6.18845701218,6.64943599701,7.34069442749,7.77861690521,13.0215911865,31.0227050781,32.5530815125,25.0122661591,14.1262989044,14.825922966,18.1413936615,28.3682289124,16.6620426178,8.42859554291,7.4955739975,6.7899928093,10.7982406616,6.39670133591,4.40398263931,3.22850131989,3.08072662354,3.4131500721,2.06024432182,0.774901688099,0.585725188255,0.526810228825,0.307413637638,0.20479093492,0.122582122684,0.0585537739098,0.0348912589252,0.0171996261925,0.00854371581227,0.00244226539508,0.000360310456017,0.0000463056057924,0.00000918487603485],"dmean2":[0.0319175310433,0.300135195255,1.56246674061,10.1196203232,9.82481479645,12.3738098145,13.4730558395,24.3792648315,56.0981750488,56.3534965515,41.4043426514,22.6335773468,23.5788803101,30.0613307953,46.3182868958,26.7555370331,13.9130001068,12.293340683,11.3483438492,18.1698551178,10.599237442,7.28223323822,5.14474582672,4.99277544022,5.71242284775,3.29978203773,1.23284220695,0.910129606724,0.862454950809,0.490871697664,0.337224274874,0.198340892792,0.100531339645,0.0570410899818,0.0291879735887,0.0132893649861,0.00400036526844,0.000590663519688,0.0000778914472903,0.000015126359358],"dvar":[0.00484447181225,0.227460682392,3.90571427345,215.256378174,255.337722778,136.558258057,93.0221939087,350.679016113,2061.57104492,3092.77661133,1900.11376953,577.643798828,469.622894287,650.338500977,3991.08203125,765.389953613,147.097946167,176.99508667,119.426727295,1151.57971191,169.468490601,64.0687789917,39.7016220093,60.2816810608,94.9139938354,29.4408111572,2.18290758133,1.54435873032,1.32282733917,0.598008692265,0.415726363659,0.212855324149,0.0372831523418,0.0136466147378,0.00322370021604,0.00263122748584,0.000272317935014,0.0000028690558338,2.5657676872e-8,1.56474999624e-10],"dvar2":[0.0136172967032,0.625129580498,11.7943534851,576.354553223,429.663146973,356.207763672,279.360839844,1250.69787598,6719.578125,8904.45410156,4606.72119141,1492.14294434,1140.15197754,1776.17321777,9081.81933594,2006.61328125,378.321380615,472.635070801,325.861236572,2775.65332031,434.683746338,170.251373291,96.1554260254,157.726074219,253.240921021,69.5388031006,5.35851573944,3.74838447571,3.56624150276,1.44755208492,1.13718032837,0.596079230309,0.0926197990775,0.0410896539688,0.00981358811259,0.00623245723546,0.000693206384312,0.00000758791111366,7.12899321798e-8,4.02677363676e-10],"max":[0.834800779819,6.25916433334,19.7576293945,152.528945923,226.669769287,218.808700562,118.241477966,300.349182129,737.967529297,639.724487305,1291.68920898,502.643005371,358.386108398,392.680023193,1030.11706543,334.980712891,210.428894043,241.194824219,160.580444336,553.143493652,177.221160889,173.98274231,85.8682937622,142.526733398,150.559417725,112.210357666,20.3301467896,17.5223922729,20.6764125824,15.915845871,13.7020196915,13.4952373505,5.48511743546,2.99227905273,1.4112995863,1.2817274332,0.400020718575,0.0441351756454,0.0042260279879,0.000274695368716],"mean":[0.0338566191494,0.521001875401,1.81378936768,11.3543920517,14.5182857513,13.9321012497,15.2146272659,25.05352211,50.4887275696,56.4162445068,49.0389709473,33.1304626465,37.8230171204,41.907875061,48.6507110596,33.1089744568,18.5610313416,14.7512111664,12.9392633438,15.9759960175,10.8450737,8.19911575317,5.74099731445,5.29222917557,6.4434671402,4.65055322647,1.71559035778,1.27313184738,1.09454858303,0.654826581478,0.479921370745,0.28174585104,0.146574363112,0.075058400631,0.0314088650048,0.0138307437301,0.00382125517353,0.000735888665076,0.000122730154544,0.0000391850189772],"median":[0.0132623761892,0.324067682028,1.20662295818,0.996007204056,2.92114257812,9.34978961945,11.9312105179,13.8252696991,35.573928833,29.8765220642,29.3743286133,19.5351161957,25.0320587158,29.2869186401,24.8462219238,19.9132080078,13.8034076691,9.87753772736,9.59502410889,8.04531478882,5.98546552658,4.81489038467,2.46260023117,1.24532854557,0.973579645157,0.817552804947,0.638843774796,0.398287683725,0.177365288138,0.114628255367,0.0779819339514,0.0464540086687,0.029189389199,0.0150245688856,0.00629195990041,0.00283458968624,0.00100076757371,0.000256041501416,0.0000589846968069,0.0000332465788233],"min":[2.17868261136e-22,9.90086321715e-22,1.18918178852e-21,1.01721501853e-20,2.30048007951e-20,4.22146746543e-20,3.52950891105e-20,9.19287626125e-20,1.95672662902e-19,2.01078792268e-19,2.76548993599e-19,5.94335525673e-19,4.91725425047e-19,1.08014940107e-18,9.46421179394e-19,2.14574662722e-18,3.2439180191e-18,3.08804369088e-18,3.47652720441e-18,5.10341362547e-18,5.42896544479e-18,4.34308947233e-18,6.39949687109e-18,6.30752307237e-18,7.57881488785e-18,9.16120478222e-18,1.07580273239e-17,9.8119055839e-18,1.05335098262e-17,1.40585929461e-17,9.73515232204e-18,1.22204123366e-17,1.18672351663e-17,9.76409040859e-18,7.34862954853e-18,4.46017523368e-18,2.39057533813e-18,1.02370518101e-18,2.83359223281e-19,3.15522745533e-20],"var":[0.00529376557097,0.410935223103,5.01704025269,566.727600098,1155.54321289,364.238220215,204.693084717,915.385498047,2935.73852539,5387.11181641,4086.03710938,1893.93676758,1535.72106934,1657.4329834,6248.87792969,1449.81262207,306.917877197,291.958984375,175.725357056,1144.83435059,228.886474609,140.022476196,73.3241119385,100.841323853,207.078018188,102.079101562,6.55563879013,3.96656322479,4.35053730011,2.05907702446,1.9386049509,0.751264989376,0.187092319131,0.0554664060473,0.00888260267675,0.0039234557189,0.000308914313791,0.0000047029061534,6.51579270539e-8,7.75742359238e-10]},"erbbands_crest":{"dmean":2.32385063171,"dmean2":3.94131684303,"dvar":4.87449979782,"dvar2":12.8029193878,"max":25.539434433,"mean":8.56056404114,"median":7.67944860458,"min":2.83865356445,"var":12.1171274185},"erbbands_flatness_db":{"dmean":0.0141974873841,"dmean2":0.022686496377,"dvar":0.000171605293872,"dvar2":0.000413047382608,"max":0.39754280448,"mean":0.216825708747,"median":0.205900073051,"min":0.0298564620316,"var":0.00384633103386},"erbbands_kurtosis":{"dmean":0.713522970676,"dmean2":1.17806875706,"dvar":0.56555467844,"dvar2":1.46476125717,"max":11.1141176224,"mean":0.464986264706,"median":0.286397337914,"min":-1.58028125763,"var":1.39634358883},"erbbands_skewness":{"dmean":0.304917573929,"dmean2":0.496288537979,"dvar":0.0696708336473,"dvar2":0.186062008142,"max":2.91003775597,"mean":0.560233652592,"median":0.590943157673,"min":-2.10540914536,"var":0.271061778069},"erbbands_spread":{"dmean":3.88933038712,"dmean2":6.26853370667,"dvar":18.9281826019,"dvar2":48.0025672913,"max":92.9729614258,"mean":22.8205471039,"median":21.1265163422,"min":5.50902175903,"var":98.5507354736},"gfcc":{"cov":[[14267.2558594,2057.19238281,1534.97009277,1494.16809082,-787.040161133,182.582717896,-364.900787354,-575.171508789,-472.441162109,261.963806152,-230.512695312,-55.72133255,-283.935241699],[2057.19238281,1402.90148926,621.631530762,84.1558456421,92.5504608154,-84.8064498901,10.2950391769,-289.21774292,-115.730316162,-20.7465744019,-89.7396011353,-128.242294312,-3.11320090294],[1534.97009277,621.631530762,1983.77783203,795.574035645,203.300094604,402.610443115,91.1282577515,-236.117050171,-196.740585327,163.428237915,-198.919723511,-57.9262237549,-133.220840454],[1494.16809082,84.1558456421,795.574035645,731.581665039,86.4100494385,225.735549927,133.542617798,-67.5928192139,-81.7147903442,155.664901733,-42.5005264282,4.95456933975,-97.0622024536],[-787.040161133,92.5504608154,203.300094604,86.4100494385,296.679504395,118.883476257,148.516021729,48.4617729187,22.811662674,44.3685035706,-12.5605173111,-10.5270271301,-5.68302440643],[182.582717896,-84.8064498901,402.610443115,225.735549927,118.883476257,237.614349365,88.7441864014,35.1554832458,-17.1835479736,77.9417572021,-38.2728919983,19.6780357361,-36.885219574],[-364.900787354,10.2950391769,91.1282577515,133.542617798,148.516021729,88.7441864014,199.426559448,47.3153457642,10.2401981354,74.9823532104,15.3043403625,9.56925582886,-9.11168956757],[-575.171508789,-289.21774292,-236.117050171,-67.5928192139,48.4617729187,35.1554832458,47.3153457642,156.033554077,64.1348648071,22.6006965637,44.9871788025,42.3730888367,12.245882988],[-472.441162109,-115.730316162,-196.740585327,-81.7147903442,22.811662674,-17.1835479736,10.2401981354,64.1348648071,95.7020111084,22.3415813446,37.1588287354,27.8480968475,23.6002941132],[261.963806152,-20.7465744019,163.428237915,155.664901733,44.3685035706,77.9417572021,74.9823532104,22.6006965637,22.3415813446,153.795852661,35.6075019836,48.9651794434,14.2861299515],[-230.512695312,-89.7396011353,-198.919723511,-42.5005264282,-12.5605173111,-38.2728919983,15.3043403625,44.9871788025,37.1588287354,35.6075019836,94.0237350464,43.0412025452,34.0200233459],[-55.72133255,-128.242294312,-57.9262237549,4.95456933975,-10.5270271301,19.6780357361,9.56925582886,42.3730888367,27.8480968475,48.9651794434,43.0412025452,86.7805099487,30.7589950562],[-283.935241699,-3.11320090294,-133.220840454,-97.0622024536,-5.68302440643,-36.885219574,-9.11168956757,12.245882988,23.6002941132,14.2861299515,34.0200233459,30.7589950562,81.2769012451]],"icov":[[0.000765577715356,-0.00218638312072,0.00137291755527,-0.00211687525734,0.00256590731442,-0.00228241924196,0.0024550287053,-0.00187157548498,0.00189043034334,-0.00184217502829,0.00154309812933,-0.0011177607812,0.00156589900143],[-0.00218638312072,0.00787082407624,-0.00444635143504,0.00647074077278,-0.00816342607141,0.00783110037446,-0.00757277430966,0.00770144024864,-0.00524447578937,0.00486539956182,-0.00457686651498,0.00414636591449,-0.00490905065089],[0.00137291755527,-0.00444635143504,0.00462362216786,-0.00481173908338,0.00373321166262,-0.00640528416261,0.00577374361455,-0.00184802804142,0.00463700573891,-0.00458650942892,0.00437987688929,-0.00238807615824,0.00326829776168],[-0.00211687525734,0.00647074077278,-0.00481173908338,0.00972760375589,-0.00661016395316,0.00570008112118,-0.0083896946162,0.00664884503931,-0.00425621354952,0.00296173710376,-0.00545786786824,0.00289326999336,-0.00133021140937],[0.00256590731442,-0.00816342607141,0.00373321166262,-0.00661016395316,0.0164010394365,-0.010007946752,0.00341350352392,-0.00872807111591,0.00330098858103,-0.00416506873444,0.00497217616066,-0.00184281612746,0.00356875779107],[-0.00228241924196,0.00783110037446,-0.00640528416261,0.00570008112118,-0.010007946752,0.0200996417552,-0.00853927619755,0.00138577877078,-0.004155700095,0.0033656063024,-0.000196607637918,0.000855585560203,-0.00373588921502],[0.0024550287053,-0.00757277430966,0.00577374361455,-0.0083896946162,0.00341350352392,-0.00853927619755,0.0192823689431,-0.00791946891695,0.0084946397692,-0.009655428119,0.00421940581873,-0.0026595662348,0.00592025741935],[-0.00187157548498,0.00770144024864,-0.00184802804142,0.00664884503931,-0.00872807111591,0.00138577877078,-0.00791946891695,0.0235403496772,-0.00895518902689,0.00441298214719,-0.00669420836493,0.000777952431235,-0.00141596025787],[0.00189043034334,-0.00524447578937,0.00463700573891,-0.00425621354952,0.00330098858103,-0.004155700095,0.0084946397692,-0.00895518902689,0.0238183122128,-0.00966921821237,0.00366474548355,-0.00395335722715,0.00431296648458],[-0.00184217502829,0.00486539956182,-0.00458650942892,0.00296173710376,-0.00416506873444,0.0033656063024,-0.009655428119,0.00441298214719,-0.00966921821237,0.0201087314636,-0.00863456726074,-0.000876529724337,-0.00752212153748],[0.00154309812933,-0.00457686651498,0.00437987688929,-0.00545786786824,0.00497217616066,-0.000196607637918,0.00421940581873,-0.00669420836493,0.00366474548355,-0.00863456726074,0.0252915844321,-0.00813384633511,0.000562164874282],[-0.0011177607812,0.00414636591449,-0.00238807615824,0.00289326999336,-0.00184281612746,0.000855585560203,-0.0026595662348,0.000777952431235,-0.00395335722715,-0.000876529724337,-0.00813384633511,0.0234963744879,-0.00854658987373],[0.00156589900143,-0.00490905065089,0.00326829776168,-0.00133021140937,0.00356875779107,-0.00373588921502,0.00592025741935,-0.00141596025787,0.00431296648458,-0.00752212153748,0.000562164874282,-0.00854658987373,0.0238545387983]],"mean":[-48.8934669495,136.055938721,-136.325942993,-4.47228574753,-57.0838699341,-3.84092545509,-30.046875,-0.809814810753,-18.8418827057,-3.47566080093,-11.6524515152,-4.09598445892,-6.816198349]},"hfc":{"dmean":2.81418132782,"dmean2":4.59316205978,"dvar":9.99228858948,"dvar2":27.3305454254,"max":50.7224769592,"mean":14.3823318481,"median":13.3786058426,"min":1.09980842367e-16,"var":92.8469390869},"melbands":{"dmean":[0.000184619173524,0.000394123606384,0.00107562041376,0.000421503762482,0.000306871952489,0.000286526919808,0.000474240718177,0.000336499593686,0.000185006458196,0.0000864778703544,0.0000778783723945,0.0000771522245486,0.0000906629502424,0.0000684817641741,0.000022399257432,0.0000208280107472,0.0000147048958752,0.0000105054450614,0.0000172280615516,0.000011739576621,0.00000750186200094,0.00000497595647175,0.00000343337501363,0.00000345722446582,0.00000270452028417,0.00000252368522524,0.00000302985154121,0.00000139386213505,5.99813915869e-7,4.01585509735e-7,3.73657769615e-7,3.37072435741e-7,2.50012561764e-7,1.70309164105e-7,1.32850885848e-7,9.24086194232e-8,8.22643073661e-8,5.07686799267e-8,3.41233814538e-8,2.96767908026e-8],"dmean2":[0.000303695909679,0.00066681066528,0.00166311231442,0.000668935012072,0.000527686672285,0.000533998769242,0.000853185425512,0.000576330407057,0.000306897709379,0.000138069706736,0.000123082558275,0.000127591047203,0.000150373860379,0.000110649940325,0.0000367060165445,0.0000342477760569,0.0000242879577854,0.0000176274279511,0.0000287581897283,0.0000199328624149,0.0000127182784126,0.00000829259988677,0.00000572393355469,0.00000562604645893,0.00000447694901595,0.00000409217636843,0.00000457453870695,0.00000228375279221,9.58153350439e-7,6.58747921989e-7,5.88904867982e-7,5.58756198643e-7,4.13450266024e-7,2.67606822035e-7,2.19566118176e-7,1.559006364e-7,1.37186034976e-7,8.45081373768e-8,5.86339261588e-8,4.85463509392e-8],"dvar":[3.44995385149e-7,7.69327300532e-7,0.00000620151104158,4.23177880293e-7,1.55985134143e-7,1.67936690332e-7,4.7891757049e-7,3.09849895075e-7,1.06648357701e-7,2.12996802418e-8,1.29490320688e-8,1.19079706096e-8,2.97999616095e-8,1.9872853585e-8,1.41498623929e-9,1.25752541713e-9,7.28304527797e-10,2.05466685332e-10,4.04405620102e-9,7.43214045862e-10,2.37832281647e-10,8.56540047223e-11,3.86340751057e-11,8.30946769725e-11,4.78231829137e-11,4.52781215299e-11,9.66993568552e-11,1.19001206458e-11,1.37456875309e-12,9.47430827368e-13,5.82227679697e-13,5.57456641612e-13,3.49830895589e-13,2.20174234205e-13,1.79307726978e-13,8.06508993704e-14,1.50362537634e-13,3.08336730172e-14,1.41691832353e-14,1.02961860703e-14],"dvar2":[9.63785851127e-7,0.00000227323971558,0.0000140820038723,8.63243315052e-7,4.48515095286e-7,5.96687016241e-7,0.0000015329484313,8.75354203345e-7,2.59559811866e-7,5.48664758071e-8,3.14542916158e-8,3.24034630239e-8,7.18477721762e-8,4.93155738468e-8,4.07922895462e-9,3.0916122995e-9,1.91048288301e-9,5.5387505693e-10,1.03724406841e-8,1.9423243014e-9,6.12402129008e-10,2.30029564841e-10,1.02276555281e-10,1.92194371529e-10,1.28782207121e-10,1.11482954812e-10,2.22796989191e-10,3.17268815386e-11,3.52764714141e-12,2.5217046333e-12,1.45634773772e-12,1.53082949962e-12,9.02957667404e-13,5.61256607596e-13,4.89728917141e-13,2.36170241349e-13,4.21246533749e-13,7.67306072738e-14,4.02493014232e-14,3.11988899071e-14],"max":[0.00671073654667,0.00932738836855,0.0295965485275,0.00813009589911,0.00623324140906,0.00631298543885,0.0112111661583,0.00627012597397,0.010277332738,0.00301785790361,0.00186878978275,0.00165310967714,0.00276743713766,0.00191175530199,0.000828722608276,0.000549302669242,0.000471902865684,0.000195365966647,0.0010012879502,0.000387612613849,0.000223552837269,0.000169459599419,0.000113160785986,0.00018549284141,0.000134957677801,0.0000899623773876,0.000205515738344,0.0000651260561426,0.0000165906985785,0.0000186727520486,0.0000109539614641,0.0000143238685268,0.00000984094185696,0.0000121807806863,0.00000875674868439,0.0000070536370913,0.0000102706235339,0.0000051282277127,0.00000329180511471,0.00000241328621087],"mean":[0.000432904082118,0.000857064675074,0.00217694509774,0.000908827641979,0.000615149619989,0.000556065060664,0.000782939197961,0.000605278881267,0.000367140193703,0.000187064972124,0.000192204199266,0.000175837179995,0.00016257482639,0.000114503185614,0.0000464283293695,0.0000413211018895,0.0000251585897786,0.0000201593284146,0.0000215262007259,0.0000191128747247,0.0000113085516205,0.00000880635798239,0.00000574348950977,0.00000514622388437,0.00000409509584642,0.00000431930629929,0.00000506848300574,0.00000261697073256,0.00000115999660011,7.14070608865e-7,7.40157304335e-7,6.32528269762e-7,4.96026530072e-7,3.18928698562e-7,2.95573613585e-7,2.00126379468e-7,1.63973084e-7,1.11274104597e-7,7.60931655464e-8,5.76207206393e-8],"median":[0.000224013463594,0.00063264236087,0.000222535323701,0.000485632976051,0.000477821857203,0.000316319870763,0.000545692280866,0.00032034565811,0.00021605179063,0.000109921456897,0.000122883706354,0.000118103540444,0.0000846061157063,0.0000636865006527,0.0000332425770466,0.0000256418097706,0.0000160294221132,0.0000150864307216,0.0000101328041637,0.00000968583844951,0.00000613117481407,0.00000528669170308,0.00000268874350695,0.00000150163248236,9.33584601626e-7,7.09805817678e-7,7.28440397779e-7,4.73045218996e-7,4.33172118619e-7,2.73672640105e-7,2.08511295341e-7,9.79482308594e-8,6.56658301068e-8,5.98968910026e-8,4.53957085256e-8,3.25752438357e-8,2.54229988172e-8,2.09863575407e-8,1.60741304711e-8,1.09034905549e-8],"min":[1.77055530885e-24,7.28041109935e-25,2.28301414402e-24,2.75136973814e-24,2.15117241258e-24,2.21040482251e-24,2.86049286716e-24,2.19157451549e-24,2.60225136122e-24,3.68996709279e-24,2.10058019893e-24,4.06990814273e-24,3.41295503605e-24,4.25146171905e-24,5.5691240936e-24,7.09727743463e-24,4.89052030495e-24,5.55747774563e-24,5.28042861242e-24,7.56377190866e-24,6.49277608398e-24,4.86578320469e-24,3.34723858391e-24,6.64546445092e-24,4.54767425579e-24,4.95015385065e-24,6.09513891179e-24,5.4045823027e-24,6.15537514722e-24,5.634235095e-24,5.65850361189e-24,5.45819131767e-24,6.80241542776e-24,7.9798731592e-24,5.3612789666e-24,7.13911940591e-24,6.84129759292e-24,7.35811034864e-24,6.82193026883e-24,7.41677951188e-24],"var":[4.87088016143e-7,0.00000101558259757,0.0000209934569284,0.0000017061889821,3.57715464361e-7,4.39447433109e-7,6.99023189554e-7,5.94796688347e-7,2.4220506134e-7,5.92612892092e-8,4.26682937871e-8,3.0896220693e-8,5.60290125406e-8,2.64174442322e-8,2.34763453122e-9,2.44337550193e-9,1.03142183683e-9,3.62382568397e-10,3.30446381369e-9,8.71866523422e-10,2.98966656986e-10,1.66674618551e-10,8.18523443469e-11,1.19529025566e-10,6.57072105059e-11,9.59391177613e-11,1.95527039004e-10,3.37043136456e-11,3.39643309137e-12,1.30517883827e-12,1.52040088418e-12,1.55402286092e-12,1.03206386579e-12,6.31532207172e-13,7.62062450903e-13,3.53331621773e-13,3.03527764988e-13,1.18912637983e-13,5.20691549231e-14,3.44726451432e-14]},"melbands_crest":{"dmean":2.65293884277,"dmean2":4.25160455704,"dvar":7.08581924438,"dvar2":15.5262765884,"max":32.2897148132,"mean":12.3401165009,"median":10.6784210205,"min":1.81783401966,"var":34.0036392212},"melbands_flatness_db":{"dmean":0.0205105040222,"dmean2":0.0323946252465,"dvar":0.000502565351781,"dvar2":0.00106739415787,"max":0.445669978857,"mean":0.251592844725,"median":0.250159710646,"min":0.00453558471054,"var":0.00384790357202},"melbands_kurtosis":{"dmean":3.23854398727,"dmean2":5.08201885223,"dvar":35.4986953735,"dvar2":70.3436965942,"max":130.607315063,"mean":7.06647062302,"median":4.03726005554,"min":-1.59973371029,"var":131.851715088},"melbands_skewness":{"dmean":0.44385176897,"dmean2":0.694563865662,"dvar":0.236233219504,"dvar2":0.481123834848,"max":9.50309085846,"mean":1.82549762726,"median":1.5966656208,"min":-1.02889454365,"var":1.41090404987},"melbands_spread":{"dmean":3.15749716759,"dmean2":5.1364941597,"dvar":15.0136070251,"dvar2":34.2839164734,"max":143.267974854,"mean":14.3032064438,"median":13.0786876678,"min":1.08149385452,"var":105.645713806},"mfcc":{"cov":[[7142.63720703,1025.43615723,1501.67260742,1253.15124512,-147.653564453,581.459289551,-16.9868717194,-289.585754395,-296.651702881,42.9179458618,-36.0467796326,-157.837112427,217.312576294],[1025.43615723,1659.17102051,329.5418396,225.061691284,9.41808509827,141.665100098,31.766620636,-190.998748779,-12.6399717331,-63.2680549622,-123.596748352,-35.367855072,-70.8797302246],[1501.67260742,329.5418396,1301.42663574,608.71081543,213.971282959,556.414672852,212.841873169,-42.8466453552,18.2774105072,85.5694046021,-5.37253665924,-54.4987068176,31.4229049683],[1253.15124512,225.061691284,608.71081543,608.309387207,69.3100280762,363.499298096,176.938964844,-31.316827774,-5.54544448853,81.338973999,38.8576431274,-32.2520103455,71.0731887817],[-147.653564453,9.41808509827,213.971282959,69.3100280762,186.143112183,124.568275452,74.8113555908,45.3996124268,53.8136787415,33.6010818481,17.5720787048,18.6974086761,-12.1266384125],[581.459289551,141.665100098,556.414672852,363.499298096,124.568275452,389.324798584,184.44468689,9.79744625092,55.4591026306,77.5609817505,32.1806221008,-1.30910289288,44.5389404297],[-16.9868717194,31.766620636,212.841873169,176.938964844,74.8113555908,184.44468689,203.843490601,42.8980751038,55.9784622192,64.4137420654,37.8499412537,17.3567943573,27.9758758545],[-289.585754395,-190.998748779,-42.8466453552,-31.316827774,45.3996124268,9.79744625092,42.8980751038,119.238891602,32.552154541,24.3026638031,40.0414962769,7.53037881851,6.27117729187],[-296.651702881,-12.6399717331,18.2774105072,-5.54544448853,53.8136787415,55.4591026306,55.9784622192,32.552154541,95.9227600098,31.9439945221,15.9087553024,36.1575279236,0.964427173138],[42.9179458618,-63.2680549622,85.5694046021,81.338973999,33.6010818481,77.5609817505,64.4137420654,24.3026638031,31.9439945221,81.812538147,43.2942771912,11.1179294586,29.4097042084],[-36.0467796326,-123.596748352,-5.37253665924,38.8576431274,17.5720787048,32.1806221008,37.8499412537,40.0414962769,15.9087553024,43.2942771912,78.5633850098,22.3524646759,33.0674476624],[-157.837112427,-35.367855072,-54.4987068176,-32.2520103455,18.6974086761,-1.30910289288,17.3567943573,7.53037881851,36.1575279236,11.1179294586,22.3524646759,74.1382751465,15.6012592316],[217.312576294,-70.8797302246,31.4229049683,71.0731887817,-12.1266384125,44.5389404297,27.9758758545,6.27117729187,0.964427173138,29.4097042084,33.0674476624,15.6012592316,82.9113464355]],"icov":[[0.000381647492759,-0.000149980347487,-0.000310867821099,-0.000626181310508,0.00043467793148,0.0000368584551325,0.000711476954166,-0.000168183541973,0.000698086805642,-0.00019052530115,0.000149300758494,-0.000246709474595,-0.000611161347479],[-0.000149980347487,0.000951989612076,0.000167560065165,-0.000076819647802,-0.000267593713943,-0.000146118196426,-0.000587303715292,0.00131489324849,-0.000613075855654,0.000638063298538,0.000576669990551,0.000139411888085,0.000871935277246],[-0.000310867821099,0.000167560065165,0.00297233532183,-0.000306497968268,-0.0019118929049,-0.00320890871808,0.0000285407604679,0.000893041258678,0.00059027824318,-0.000246460083872,0.00108826498035,0.00102634425275,0.000914649106562],[-0.000626181310508,-0.000076819647802,-0.000306497968268,0.00637503899634,0.0000160633117048,-0.00321421446279,-0.00247655832209,0.00146003894042,0.00112224067561,-0.000601304171141,-0.00194623181596,0.00182280188892,-0.000685433216859],[0.00043467793148,-0.000267593713943,-0.0019118929049,0.0000160633117048,0.010369352065,-0.00135737133678,0.000792043691035,-0.00353071140125,-0.00125189300161,-0.000929791654926,-0.000217685243115,-0.0027862614952,0.00254382821731],[0.0000368584551325,-0.000146118196426,-0.00320890871808,-0.00321421446279,-0.00135737133678,0.013314768672,-0.00389800663106,0.000102502606751,-0.00422782171518,0.0000452164276794,-0.000560851301998,0.000399931916036,-0.00211205729283],[0.000711476954166,-0.000587303715292,0.0000285407604679,-0.00247655832209,0.000792043691035,-0.00389800663106,0.0125435329974,-0.00356199056841,-0.000539473956451,-0.00349168293178,0.000691209745128,-0.00194535742048,-0.000672744587064],[-0.000168183541973,0.00131489324849,0.000893041258678,0.00146003894042,-0.00353071140125,0.000102502606751,-0.00356199056841,0.0155850928277,-0.00313311512582,0.00191637547687,-0.00603701360524,0.00470028910786,0.000306445959723],[0.000698086805642,-0.000613075855654,0.00059027824318,0.00112224067561,-0.00125189300161,-0.00422782171518,-0.000539473956451,-0.00313311512582,0.0214978661388,-0.00631605507806,0.00371298077516,-0.00806471053511,0.000994506524876],[-0.00019052530115,0.000638063298538,-0.000246460083872,-0.000601304171141,-0.000929791654926,0.0000452164276794,-0.00349168293178,0.00191637547687,-0.00631605507806,0.024417411536,-0.00986404623836,0.00328441197053,-0.00274502090178],[0.000149300758494,0.000576669990551,0.00108826498035,-0.00194623181596,-0.000217685243115,-0.000560851301998,0.000691209745128,-0.00603701360524,0.00371298077516,-0.00986404623836,0.0258406586945,-0.00627621123567,-0.00381890311837],[-0.000246709474595,0.000139411888085,0.00102634425275,0.00182280188892,-0.0027862614952,0.000399931916036,-0.00194535742048,0.00470028910786,-0.00806471053511,0.00328441197053,-0.00627621123567,0.0214634090662,-0.00411398429424],[-0.000611161347479,0.000871935277246,0.000914649106562,-0.000685433216859,0.00254382821731,-0.00211205729283,-0.000672744587064,0.000306445959723,0.000994506524876,-0.00274502090178,-0.00381890311837,-0.00411398429424,0.0196190532297]],"mean":[-685.105224609,174.87512207,-23.9863109589,3.75047111511,-11.7508535385,-4.38206195831,-5.70663261414,-2.32110786438,-2.52063703537,-2.30247449875,-6.51058578491,0.538952291012,0.165776610374]},"pitch_salience":{"dmean":0.0595342814922,"dmean2":0.0964604094625,"dvar":0.00313190743327,"dvar2":0.0072593302466,"max":0.989109754562,"mean":0.632475793362,"median":0.658112168312,"min":0.131172761321,"var":0.0140741737559},"silence_rate_20dB":{"dmean":0,"dmean2":0,"dvar":0,"dvar2":0,"max":1,"mean":1,"median":1,"min":1,"var":0},"silence_rate_30dB":{"dmean":0,"dmean2":0,"dvar":0,"dvar2":0,"max":1,"mean":1,"median":1,"min":1,"var":0},"silence_rate_60dB":{"dmean":0.00514516700059,"dmean2":0.0102941179648,"dvar":0.00511885760352,"dvar2":0.0131299076602,"max":1,"mean":0.0720058754086,"median":0,"min":0,"var":0.0668206512928},"spectral_centroid":{"dmean":131.221618652,"dmean2":211.706710815,"dvar":52581.25,"dvar2":104538.5625,"max":11711.2246094,"mean":883.39666748,"median":701.782104492,"min":195.1146698,"var":728995.6875},"spectral_complexity":{"dmean":2.54906272888,"dmean2":4.15294122696,"dvar":5.45156288147,"dvar2":13.8633785248,"max":40,"mean":18.0271854401,"median":18,"min":0,"var":50.195766449},"spectral_contrast_coeffs":{"dmean":[0.0502262040973,0.0459508672357,0.0341292433441,0.0251121111214,0.0190922804177,0.0165012013167],"dmean2":[0.0828970968723,0.0790442079306,0.0575619861484,0.0424221754074,0.0308867655694,0.0265390202403],"dvar":[0.00179007020779,0.00126023741905,0.000689150590915,0.000435319874668,0.000264719448751,0.000249678676482],"dvar2":[0.00434345612302,0.0037185808178,0.00189022161067,0.00113543076441,0.00065982947126,0.000617704819888],"max":[-0.285014092922,-0.528560519218,-0.643019556999,-0.630232810974,-0.594559013844,-0.612529397011],"mean":[-0.586748063564,-0.753795564175,-0.783375799656,-0.802082836628,-0.793815791607,-0.769490540028],"median":[-0.592269182205,-0.757203698158,-0.784636557102,-0.802682638168,-0.80440735817,-0.775469839573],"min":[-0.97863650322,-0.990504682064,-0.986369669437,-0.973264217377,-0.972355663776,-0.96243429184],"var":[0.0123051786795,0.00339141022414,0.00190698844381,0.00114790711086,0.00244222232141,0.0018604475772]},"spectral_contrast_valleys":{"dmean":[0.401691049337,0.305148243904,0.261063694954,0.241073951125,0.211982473731,0.214911520481],"dmean2":[0.667873322964,0.521422147751,0.43263694644,0.395557671785,0.337314367294,0.332136452198],"dvar":[0.172164872289,0.126798078418,0.103706456721,0.105939388275,0.103476166725,0.101653337479],"dvar2":[0.361455887556,0.226898550987,0.167617321014,0.171666935086,0.162780061364,0.170695319772],"max":[-5.55250072479,-4.42605161667,-5.31141424179,-6.20283174515,-6.5449256897,-8.68007850647],"mean":[-7.99236488342,-6.24401712418,-6.7363910675,-7.61044406891,-8.23306274414,-11.4236898422],"median":[-7.37541675568,-5.89385700226,-6.51293087006,-7.42212867737,-8.16318893433,-11.2736129761],"min":[-27.656665802,-27.7828083038,-27.8997116089,-27.5741271973,-27.3538646698,-27.3515968323],"var":[4.85688209534,3.6561062336,2.71520709991,2.40700769424,2.52176904678,2.32190799713]},"spectral_decrease":{"dmean":1.82213688582e-9,"dmean2":3.02386693463e-9,"dvar":6.06544701174e-18,"dvar2":1.57576517028e-17,"max":9.1826419837e-29,"mean":-7.24230542204e-9,"median":-6.20939077933e-9,"min":-3.21251114599e-8,"var":2.78165289006e-17},"spectral_energy":{"dmean":0.00708454661071,"dmean2":0.0117591610178,"dvar":0.0000891837989911,"dvar2":0.000232360951486,"max":0.123611807823,"mean":0.0286385994405,"median":0.024649810046,"min":1.03011822829e-20,"var":0.000421540811658},"spectral_energyband_high":{"dmean":0.000050399954489,"dmean2":0.0000801937494543,"dvar":9.70934621591e-9,"dvar2":2.43151436763e-8,"max":0.0017068645684,"mean":0.000133136447403,"median":0.0000378034710593,"min":6.90771097842e-21,"var":5.10183717495e-8},"spectral_energyband_low":{"dmean":0.00303375720978,"dmean2":0.00528478296474,"dvar":0.0000500847309013,"dvar2":0.000151164189447,"max":0.0842830240726,"mean":0.00640334002674,"median":0.00330950226635,"min":8.80494593541e-24,"var":0.0000934032796067},"spectral_energyband_middle_high":{"dmean":0.00141410366632,"dmean2":0.00230729882605,"dvar":0.00000385918156098,"dvar2":0.00000975303828454,"max":0.0295382980257,"mean":0.00485747726634,"median":0.0037829047069,"min":1.29662479527e-21,"var":0.000015797882952},"spectral_energyband_middle_low":{"dmean":0.00616786349565,"dmean2":0.00995208416134,"dvar":0.0000646094340482,"dvar2":0.000151944186655,"max":0.11572355777,"mean":0.0201773308218,"median":0.015803411603,"min":1.63360358101e-22,"var":0.000306885165628},"spectral_entropy":{"dmean":0.146083563566,"dmean2":0.231096476316,"dvar":0.0233588814735,"dvar2":0.0519976727664,"max":9.81937217712,"mean":7.12344455719,"median":7.10929727554,"min":5.73045778275,"var":0.180521279573},"spectral_flux":{"dmean":0.0161562860012,"dmean2":0.0252621080726,"dvar":0.000406152452342,"dvar2":0.000912826450076,"max":0.2776453197,"mean":0.078294172883,"median":0.0775923728943,"min":6.4038017944e-11,"var":0.00168137252331},"spectral_kurtosis":{"dmean":4.57772016525,"dmean2":7.89214849472,"dvar":27.8912086487,"dvar2":84.7442092896,"max":59.3304595947,"mean":12.3981046677,"median":9.87948989868,"min":-1.27065575123,"var":83.8382720947},"spectral_rms":{"dmean":0.000595831254032,"dmean2":0.0009744943236,"dvar":4.28111519568e-7,"dvar2":0.00000106582081116,"max":0.0109816612676,"mean":0.00489112688228,"median":0.00490393675864,"min":3.17016313374e-12,"var":0.00000401701936426},"spectral_rolloff":{"dmean":182.005966187,"dmean2":309.105834961,"dvar":133123.296875,"dvar2":244523.71875,"max":19358.3496094,"mean":1035.18945312,"median":861.328125,"min":150.732421875,"var":1941406.75},"spectral_skewness":{"dmean":0.37830299139,"dmean2":0.639892220497,"dvar":0.137133613229,"dvar2":0.397176414728,"max":5.41247081757,"mean":2.38653063774,"median":2.30810976028,"min":-0.0619020722806,"var":0.67405039072},"spectral_spread":{"dmean":309235.5,"dmean2":494021.59375,"dvar":505448235008,"dvar2":786205704192,"max":42937892,"mean":2960703.75,"median":2659159.5,"min":988590.375,"var":8644331569150},"spectral_strongpeak":{"dmean":0.396762788296,"dmean2":0.677493751049,"dvar":0.247239395976,"dvar2":0.658925950527,"max":5.88401556015,"mean":0.835217654705,"median":0.688540816307,"min":0,"var":0.437049567699},"zerocrossingrate":{"dmean":0.00441319402307,"dmean2":0.00588576355949,"dvar":0.0000757139350753,"dvar2":0.000136478527565,"max":0.51708984375,"mean":0.0394234173,"median":0.03369140625,"min":0.00341796875,"var":0.00146116432734}},"metadata":{"audio_properties":{"analysis_sample_rate":44100,"bit_rate":0,"codec":"flac","downmix":"mix","equal_loudness":0,"length":63.1599998474,"lossless":true,"md5_encoded":"e0e50cc545ff0d4b52cca97c62d2dc57","replay_gain":-7.64663887024},"tags":{"album":["Demon Days"],"albumartist":["Gorillaz"],"albumartistsort":["Gorillaz"],"artist":["Gorillaz"],"artistsort":["Gorillaz"],"date":["2005"],"discnumber":["1"],"disctotal":["1"],"file_name":"01 - Intro.flac","musicbrainz_albumartistid":["e21857d5-3256-4547-afb3-4b6ded592596"],"musicbrainz_albumid":["ad0a377b-6c7c-30ff-921d-a47edae073e2"],"musicbrainz_artistid":["e21857d5-3256-4547-afb3-4b6ded592596"],"musicbrainz_recordingid":["f1d74665-9517-4ff7-8251-6202d05435b0"],"musicbrainz_releasegroupid":["f959a46a-a136-3134-9412-6572b23fad95"],"releasecountry":["XE"],"releasetype":["album"],"replaygain_album_gain":["-6.92 dB"],"replaygain_album_peak":["0.99996948"],"replaygain_reference_loudness":["89.0 dB"],"replaygain_track_gain":["-1.71 dB"],"replaygain_track_peak":["0.70468140"],"title":["Intro"],"totaldiscs":["1"],"totaltracks":["15"],"tracknumber":["1"],"tracktotal":["15"]},"version":{"essentia":"2.1-beta1","essentia_build_sha":"0a826ad6289770054bb7564d59068f1232327ff9","essentia_git_sha":"v2.1_beta1-5-gf9dded9","extractor":"music 1.0"}},"rhythm":{"beats_count":139,"beats_loudness":{"dmean":0.0258680358529,"dmean2":0.0499925464392,"dvar":0.000423511984991,"dvar2":0.00150077301078,"max":0.0961156263947,"mean":0.0344640240073,"median":0.0289082080126,"min":0.0000751716361265,"var":0.000557128863875},"beats_loudness_band_ratio":{"dmean":[0.323916405439,0.139025211334,0.190331012011,0.110953040421,0.0290369223803,0.010842773132],"dmean2":[0.618901908398,0.244619891047,0.361725479364,0.210773482919,0.0529474280775,0.0207038111985],"dvar":[0.065432831645,0.0110382856801,0.0217136889696,0.00955938175321,0.00189038121607,0.000446716265287],"dvar2":[0.234944775701,0.0336311981082,0.073409371078,0.0327335558832,0.005