{"lowlevel":{"average_loudness":0.874159812927,"barkbands":{"dmean":[0.0000199370551854,0.00472101429477,0.00342358276248,0.00266606570221,0.000507863005623,0.0005623306497,0.000444553152192,0.000450987019576,0.000640264130197,0.000493338913657,0.000364324223483,0.000431992200902,0.000621993327513,0.00114884553477,0.000769352191128,0.000711767468601,0.000527468975633,0.000359719968401,0.000161957126693,0.000077227356087,0.0000349098845618,0.00000911297865969,0.0000321560873999,0.0000735486974008,0.00008319614426,0.0000315658289765,0.00000125136068618],"dmean2":[0.0000315826400765,0.00820559076965,0.00599769223481,0.00457255495712,0.000860702013597,0.000953993643634,0.000731103587896,0.000724177923985,0.0010017688619,0.000779549824074,0.000590479001403,0.000694890273735,0.000994760775939,0.00184778496623,0.00121731567197,0.00115383986849,0.000833956466522,0.000571107491851,0.000263096590061,0.00012181045895,0.0000523906419403,0.0000131611222969,0.0000488490622956,0.000110726919957,0.000122572528198,0.000047325000196,0.00000212547388401],"dvar":[1.82831194628e-9,0.000151587810251,0.0000642905870336,0.0000631061484455,0.00000116488774893,0.0000019158185296,0.00000121897505778,0.0000023319655611,0.00000202688011086,0.00000174552610588,6.32860178484e-7,8.3242338178e-7,0.00000210432790482,0.00000508065932081,0.00000280623112303,0.00000116127591809,7.84255462349e-7,2.95585579124e-7,5.55338637298e-8,2.12816058109e-8,5.38812860995e-9,4.53104109788e-10,4.95558083458e-9,3.06320089294e-8,3.17086872315e-8,7.62845786539e-9,1.414799701e-11],"dvar2":[4.37194147551e-9,0.000400935066864,0.000172323270817,0.000163633143529,0.00000314750263897,0.00000523487460669,0.00000293436073662,0.00000595412711846,0.00000458298609374,0.00000425520329372,0.00000167127279838,0.00000203085050998,0.00000560184389542,0.000012500117009,0.00000698319036019,0.00000301342333842,0.00000191085223378,7.24566746158e-7,1.46928144318e-7,5.2879858714e-8,1.17897016594e-8,1.05740960432e-9,1.18558389772e-8,6.44538076244e-8,7.21927406744e-8,1.85135551334e-8,3.77411019103e-11],"max":[0.000405669095926,0.13535310328,0.100043095648,0.0764261856675,0.0127685954794,0.0220529343933,0.0352407507598,0.0430070348084,0.0354646891356,0.0430089049041,0.0265662688762,0.0217062421143,0.0337026938796,0.0650379210711,0.041056048125,0.0235031079501,0.0247745327652,0.0116605963558,0.00454736175016,0.0025467753876,0.00287268683314,0.000668662134558,0.0017928268062,0.00432283431292,0.00319119635969,0.00336171337403,0.0000892063981155],"mean":[0.0000259588450717,0.00401041097939,0.00317663629539,0.00212576868944,0.000678478914779,0.000680533295963,0.000596508674789,0.00059268361656,0.00112439366058,0.000889144372195,0.000575684127398,0.000710277468897,0.00100795750041,0.00202648667619,0.00134784472175,0.0014786561951,0.00117126794066,0.000815865118057,0.00038389096153,0.000155343208462,0.0000728341692593,0.0000209994905163,0.0000652487797197,0.000146393824252,0.000170749306562,0.000055763979617,0.00000144738692143],"median":[0.0000135011714519,0.000844915106427,0.00108575867489,0.00032855552854,0.000403732119594,0.000303711974993,0.000216836138861,0.000116702067317,0.000452677253634,0.000242276786594,0.000297570892144,0.000362955935998,0.000469704042189,0.000969950284343,0.000559668405913,0.000989567837678,0.00077652517939,0.000588564667851,0.000259773398284,0.0000682628888171,0.0000244269940595,0.00000530960596734,0.0000204776697501,0.0000481925890199,0.0000343713618349,0.0000128183055494,2.60488150161e-7],"min":[3.27226208803e-25,4.46170301105e-24,3.41372496429e-24,1.31275230706e-25,6.36126074373e-24,7.95354650421e-24,5.99661728447e-24,1.04038967817e-23,6.61401808865e-24,2.30863962e-23,1.42050814292e-23,1.09815985552e-23,3.31238465808e-23,3.39490581965e-23,3.13040202031e-23,3.5270892462e-23,6.06566951384e-23,6.39941005711e-23,1.12201302137e-22,1.96450826399e-22,1.95490120034e-22,3.18856315713e-22,4.01881111332e-22,5.77047082113e-22,7.71788440619e-22,1.37839450688e-21,1.96213602672e-21],"var":[1.86151438708e-9,0.000112686604552,0.0000493436527904,0.0000478742222185,0.00000104296032077,0.00000179902349373,0.00000203233980756,0.0000033252040339,0.00000467028303319,0.00000471465136798,8.94649815564e-7,0.00000163543370491,0.00000374831938643,0.000010491185094,0.00000569481471757,0.00000271191106549,0.00000209456834455,7.48044271859e-7,1.59026527058e-7,4.68986876001e-8,1.70890928075e-8,1.97667682222e-9,1.37114684051e-8,8.19660002094e-8,1.02235368615e-7,1.69582516918e-8,1.70026683705e-11]},"barkbands_crest":{"dmean":2.87331438065,"dmean2":4.78216791153,"dvar":8.78812599182,"dvar2":23.0305938721,"max":25.7137451172,"mean":7.8473572731,"median":6.86034822464,"min":2.46728801727,"var":13.9430904388},"barkbands_flatness_db":{"dmean":0.0201088618487,"dmean2":0.0325968936086,"dvar":0.000446156976977,"dvar2":0.00118324405048,"max":0.31626650691,"mean":0.110618501902,"median":0.108298934996,"min":0.0296295601875,"var":0.00132696097717},"barkbands_kurtosis":{"dmean":1.48120248318,"dmean2":2.55977678299,"dvar":7.64714431763,"dvar2":20.3293304443,"max":33.0187606812,"mean":0.350410878658,"median":-0.477003574371,"min":-1.82153701782,"var":8.42527770996},"barkbands_skewness":{"dmean":0.602372050285,"dmean2":0.931407988071,"dvar":0.49236035347,"dvar2":1.12314748764,"max":5.56677532196,"mean":0.188491940498,"median":0.0189358014613,"min":-3.62184023857,"var":1.09235465527},"barkbands_spread":{"dmean":6.29301643372,"dmean2":10.2329998016,"dvar":41.0492248535,"dvar2":103.124382019,"max":128.407730103,"mean":28.1288070679,"median":27.5987358093,"min":2.2257566452,"var":111.32434082},"dissonance":{"dmean":0.00999750010669,"dmean2":0.0170166548342,"dvar":0.000114410715469,"dvar2":0.000317323283525,"max":0.500000178814,"mean":0.484181910753,"median":0.487825930119,"min":0.363145798445,"var":0.000187787227333},"dynamic_complexity":3.2698867321,"erbbands":{"dmean":[0.0750580132008,1.26794278622,3.68844985962,7.61675548553,3.49400043488,1.7749825716,3.13852095604,5.13769960403,5.04867172241,9.02606010437,9.93721580505,14.2999839783,13.4296321869,14.3051042557,13.9418115616,17.6146430969,25.7165756226,45.1578559875,49.6642074585,32.1869277954,38.4476394653,27.1595344543,20.1099052429,11.3658037186,5.88439702988,3.72766971588,1.96104180813,0.933583021164,0.318189233541,0.483647316694,1.0334495306,1.54513633251,1.25335252285,1.03694450855,0.551022827625,0.202137455344,0.0454128943384,0.00482565909624,0.000197177869268,0.0000208435831155],"dmean2":[0.126536980271,2.2264509201,6.41361236572,12.9909620285,5.92908716202,2.999751091,5.43516588211,8.7520198822,8.32508087158,14.7734651566,15.8209514618,22.3256492615,21.0169582367,22.8066482544,22.6320972443,28.3142547607,40.8989524841,71.9627075195,78.7133102417,50.850566864,62.2704353333,42.6885681152,31.7417240143,18.43683815,9.30589580536,5.91056966782,3.00468635559,1.36795675755,0.450580358505,0.711938500404,1.57984566689,2.34526443481,1.91036391258,1.57067263126,0.812534153461,0.300982147455,0.068573191762,0.0076084448956,0.000322812731611,0.0000324939755956],"dvar":[0.0389464125037,10.6233701706,64.7142410278,445.793731689,89.7202453613,14.4195775986,58.9890594482,171.546081543,134.848999023,736.65234375,957.268554688,1209.15368652,1397.45092773,1054.11914062,944.944274902,1430.89819336,4073.00805664,8987.11523438,10271.3085938,4365.75195312,2874.37133789,1879.81933594,873.626525879,322.554504395,100.633872986,56.5858573914,16.7747898102,3.45113062859,0.495756804943,1.40649974346,5.06457662582,12.2915811539,10.3371248245,4.83996725082,1.53972804546,0.25872862339,0.0204304419458,0.000223967872444,3.47753882579e-7,1.55036905536e-9],"dvar2":[0.0970303565264,28.3065414429,167.589447021,1171.08056641,224.44934082,39.2446517944,161.046417236,469.601745605,327.929504395,1779.23168945,2484.72241211,2890.0065918,3072.63574219,2713.4675293,2425.77148438,3604.66748047,10890.8691406,21758.2792969,25502.4570312,10963.5244141,7485.35986328,4449.43798828,2060.45922852,869.574645996,259.979522705,143.627502441,36.5755729675,7.62116718292,1.09231960773,3.2473795414,12.0727643967,26.4467582703,23.1203746796,11.2497062683,3.47275972366,0.615012288094,0.0499888621271,0.000582993903663,9.09424102247e-7,3.88907572813e-9],"max":[1.72415268421,36.8937530518,125.180793762,186.047103882,111.561203003,54.9698600769,143.488845825,250.983840942,368.706573486,930.134399414,959.039550781,1051.52258301,1370.14562988,894.925964355,1083.11901855,1065.29992676,1501.76379395,2565.59960938,2283.59033203,1900.69030762,988.647216797,1253.60583496,682.195068359,636.343078613,207.708084106,140.474136353,162.587219238,43.7187080383,24.7030448914,45.4146003723,59.5765151978,84.6140899658,93.8928909302,43.5388031006,24.3861351013,15.0191497803,6.23944664001,0.548262417316,0.0187476538122,0.00100281997584],"mean":[0.064826272428,1.08447360992,3.52753448486,6.29264974594,3.39227676392,2.41108632088,3.8887424469,6.01668930054,6.64553260803,12.6583862305,14.8174552917,24.8881874084,24.9782657623,27.3874359131,25.1705818176,31.5637054443,45.7355461121,84.8307342529,93.1619567871,66.9148788452,85.229095459,67.7361679077,50.7404785156,28.3937854767,14.2064342499,7.71259784698,3.96923208237,2.0376188755,0.762872576714,1.05388915539,2.09520077705,3.01532149315,2.38516879082,2.04317975044,1.12190699577,0.38007235527,0.0747031122446,0.00699634803459,0.000270255230134,0.0000419797252107],"median":[0.0111260805279,0.253671854734,1.22165024281,1.23587572575,1.0991011858,1.37775611877,2.07827305794,2.53886413574,2.66665530205,3.71687865257,4.52249097824,9.5109500885,9.98208808899,11.0799446106,14.8941116333,16.9164848328,22.392621994,46.1703186035,41.8429069519,36.9067764282,59.1515350342,47.2050132751,37.5569458008,21.2095127106,8.34301948547,3.41565847397,1.46178770065,0.681320428848,0.206978231668,0.259759366512,0.676650762558,1.04689097404,0.682751059532,0.448165625334,0.215731367469,0.089066773653,0.0156431216747,0.00169935449958,0.0000726890939404,0.0000293704324577],"min":[1.63384554043e-22,7.27329855588e-22,4.07926300123e-21,4.50507562807e-21,1.19152693442e-20,2.11015212135e-20,4.36199963539e-20,5.28455578816e-20,6.25746753007e-20,2.1193204814e-19,3.73527338422e-19,1.19526331894e-19,6.3133882999e-19,6.50087809152e-19,1.02818519121e-18,1.05801187653e-18,1.78825240137e-18,1.99340022432e-18,1.52171443868e-18,3.04869553632e-18,2.34918549503e-18,4.26964534652e-18,4.19560234193e-18,5.74786962712e-18,6.0612333537e-18,8.50309161506e-18,9.62923598051e-18,7.68602493986e-18,9.38013550212e-18,1.10176139709e-17,1.02305152221e-17,1.13764068703e-17,1.00133364708e-17,8.70065708693e-18,5.80953346024e-18,4.56694026252e-18,2.39401310076e-18,9.73458715089e-19,2.33575642458e-19,2.83568467664e-20],"var":[0.0319778323174,7.79107713699,54.7171134949,332.540588379,75.1282119751,13.6009263992,55.1186408997,166.06262207,177.564666748,1379.56750488,1395.4954834,2545.6887207,3866.29956055,2595.58935547,1424.10070801,3107.84326172,7369.53125,18296.3378906,23201.8535156,9750.70605469,7881.34228516,6002.53125,2809.71972656,750.453369141,269.082458496,118.226493835,45.7932891846,11.7323188782,2.39691281319,4.84014558792,13.603518486,32.8250274658,24.4431400299,14.443857193,4.83843517303,0.644810199738,0.0408512763679,0.000322868465446,4.55210425798e-7,2.13483475342e-9]},"erbbands_crest":{"dmean":2.49581432343,"dmean2":4.09010601044,"dvar":5.81590414047,"dvar2":14.7248687744,"max":30.0227050781,"mean":8.95627784729,"median":7.9420208931,"min":2.5129430294,"var":15.740937233},"erbbands_flatness_db":{"dmean":0.0202394854277,"dmean2":0.0292069520801,"dvar":0.000435805879533,"dvar2":0.00084420107305,"max":0.401451706886,"mean":0.180776461959,"median":0.180089041591,"min":0.0303240884095,"var":0.00239531230181},"erbbands_kurtosis":{"dmean":1.26596844196,"dmean2":2.01116156578,"dvar":2.29414463043,"dvar2":5.58731365204,"max":26.2454185486,"mean":1.75467014313,"median":1.19261407852,"min":-1.50080704689,"var":5.41661453247},"erbbands_skewness":{"dmean":0.335428148508,"dmean2":0.521287024021,"dvar":0.0899222269654,"dvar2":0.214632630348,"max":2.47172451019,"mean":-0.537149786949,"median":-0.538713634014,"min":-3.91582465172,"var":0.459379285574},"erbbands_spread":{"dmean":6.62668037415,"dmean2":10.2023582458,"dvar":64.6309356689,"dvar2":143.761550903,"max":107.094573975,"mean":23.0347518921,"median":19.9388904572,"min":1.96139168739,"var":152.962738037},"gfcc":{"cov":[[24416.3378906,409.601226807,-1518.67895508,772.703063965,-1060.67297363,957.969055176,-1176.5123291,526.856262207,-539.757873535,138.897140503,-287.733215332,-175.743881226,-296.128540039],[409.601226807,1078.09741211,-409.141876221,-63.726020813,296.37121582,-202.030532837,62.8457336426,-14.2669687271,18.4349441528,-95.5610046387,98.3800506592,-36.2437858582,15.4764537811],[-1518.67895508,-409.141876221,842.639709473,152.659698486,-79.7817001343,156.849121094,45.6896400452,-41.0488700867,9.40017700195,48.1041412354,-14.8113937378,28.3075084686,-13.7815103531],[772.703063965,-63.726020813,152.659698486,286.418670654,-50.7683372498,102.036857605,-11.4131326675,-19.5441932678,13.0674180984,14.3530931473,-25.5030784607,-1.96002399921,0.251702189445],[-1060.67297363,296.37121582,-79.7817001343,-50.7683372498,330.764678955,-92.6402282715,100.097770691,23.9576034546,20.1551742554,-23.3329124451,43.1468009949,2.93052482605,22.6617488861],[957.969055176,-202.030532837,156.849121094,102.036857605,-92.6402282715,260.055847168,-28.135269165,30.8906364441,-3.37038707733,16.9933929443,-6.69335603714,-5.57302284241,-18.0115585327],[-1176.5123291,62.8457336426,45.6896400452,-11.4131326675,100.097770691,-28.135269165,185.340820312,5.54245090485,28.8684215546,2.65008831024,6.80222415924,-1.66884922981,19.4073829651],[526.856262207,-14.2669687271,-41.0488700867,-19.5441932678,23.9576034546,30.8906364441,5.54245090485,142.532012939,13.7247304916,4.09280586243,-16.4848823547,-16.9017219543,-9.36287879944],[-539.757873535,18.4349441528,9.40017700195,13.0674180984,20.1551742554,-3.37038707733,28.8684215546,13.7247304916,133.364837646,3.67608356476,14.4103555679,-4.31151008606,7.90978527069],[138.897140503,-95.5610046387,48.1041412354,14.3530931473,-23.3329124451,16.9933929443,2.65008831024,4.09280586243,3.67608356476,79.461555481,5.34999895096,4.71617889404,0.267592698336],[-287.733215332,98.3800506592,-14.8113937378,-25.5030784607,43.1468009949,-6.69335603714,6.80222415924,-16.4848823547,14.4103555679,5.34999895096,94.0995254517,26.7685146332,10.7922449112],[-175.743881226,-36.2437858582,28.3075084686,-1.96002399921,2.93052482605,-5.57302284241,-1.66884922981,-16.9017219543,-4.31151008606,4.71617889404,26.7685146332,73.965713501,24.7965621948],[-296.128540039,15.4764537811,-13.7815103531,0.251702189445,22.6617488861,-18.0115585327,19.4073829651,-9.36287879944,7.90978527069,0.267592698336,10.7922449112,24.7965621948,56.4214363098]],"icov":[[0.000316388410283,-0.000632314884569,0.000654463947285,-0.000768801080994,0.000722863769624,-0.00108174537309,0.00124511972535,-0.00106955377851,0.000983369653113,-0.00118419446517,0.000832507212181,-0.000562391302083,0.000711540458724],[-0.000632314884569,0.00326534453779,-0.000646265223622,0.000859512365423,-0.00254961801693,0.00303497654386,-0.00262054195628,0.00231314077973,-0.00179956783541,0.00402638921514,-0.00378360436298,0.00260576698929,-0.00128621375188],[0.000654463947285,-0.000646265223622,0.00315816048533,-0.0022776813712,0.00125443120487,-0.00273985578679,0.00183019181713,-0.00156788784079,0.00197392120026,-0.00254656258039,0.00141637248453,-0.0016090713907,0.00229719025083],[-0.000768801080994,0.000859512365423,-0.0022776813712,0.00667113251984,-0.00157202151604,0.000663075363263,-0.00262326840311,0.00363052124158,-0.00316280405968,0.00193167605903,0.000173371154233,0.00101098290179,-0.00255229696631],[0.000722863769624,-0.00254961801693,0.00125443120487,-0.00157202151604,0.00682657770813,-0.00158269330859,0.000760801951401,-0.00381410075352,0.00237333774567,-0.00236318656243,0.000804893148597,-0.00159903231543,0.000892246956937],[-0.00108174537309,0.00303497654386,-0.00273985578679,0.000663075363263,-0.00158269330859,0.00983102060854,-0.00411491282284,0.00167935376521,-0.00283354707062,0.00487081846222,-0.0052363621071,0.00306116207503,-0.00168367871083],[0.00124511972535,-0.00262054195628,0.00183019181713,-0.00262326840311,0.000760801951401,-0.00411491282284,0.0120795415714,-0.00415423605591,0.00274964002892,-0.00537265278399,0.00405961927027,-0.00130951812025,0.000688001979142],[-0.00106955377851,0.00231314077973,-0.00156788784079,0.00363052124158,-0.00381410075352,0.00167935376521,-0.00415423605591,0.0121495919302,-0.00446339743212,0.00308562116697,-0.000698961084709,0.00255102431402,-0.00151043245569],[0.000983369653113,-0.00179956783541,0.00197392120026,-0.00316280405968,0.00237333774567,-0.00283354707062,0.00274964002892,-0.00446339743212,0.0113021824509,-0.00360828731209,0.000509376812261,-0.000306374393404,0.00107667793054],[-0.00118419446517,0.00402638921514,-0.00254656258039,0.00193167605903,-0.00236318656243,0.00487081846222,-0.00537265278399,0.00308562116697,-0.00360828731209,0.0194037519395,-0.00644757691771,0.00304676382802,-0.00277806213126],[0.000832507212181,-0.00378360436298,0.00141637248453,0.000173371154233,0.000804893148597,-0.0052363621071,0.00405961927027,-0.000698961084709,0.000509376812261,-0.00644757691771,0.0185288060457,-0.00788545794785,0.00212573353201],[-0.000562391302083,0.00260576698929,-0.0016090713907,0.00101098290179,-0.00159903231543,0.00306116207503,-0.00130951812025,0.00255102431402,-0.000306374393404,0.00304676382802,-0.00788545794785,0.0206451658159,-0.00910726375878],[0.000711540458724,-0.00128621375188,0.00229719025083,-0.00255229696631,0.000892246956937,-0.00168367871083,0.000688001979142,-0.00151043245569,0.00107667793054,-0.00277806213126,0.00212573353201,-0.00910726375878,0.0244585983455]],"mean":[-16.1605567932,81.4561157227,-138.730804443,16.2977581024,-24.5178108215,21.1599235535,-51.3145561218,27.8588638306,-28.2928161621,-0.383543282747,-13.8434715271,-6.35433769226,-13.0951833725]},"hfc":{"dmean":6.90252590179,"dmean2":10.0751533508,"dvar":74.6426620483,"dvar2":159.877929688,"max":146.248596191,"mean":27.1656856537,"median":24.3967227936,"min":1.08506879307e-16,"var":410.357452393},"melbands":{"dmean":[0.00102563109249,0.0018991335528,0.00117854191922,0.000141567899846,0.000102970159787,0.000110869288619,0.0000818151238491,0.0000994003275991,0.0000870550793479,0.0000905599590624,0.0000700282107573,0.0000615976096014,0.0000517252337886,0.0000438961833424,0.000062070947024,0.0000566413655179,0.0000971514455159,0.0000959535973379,0.000051256698498,0.0000446384037787,0.000048349807912,0.0000304714940285,0.0000286002486973,0.0000166541904036,0.0000100836423371,0.00000574519390284,0.00000352358119926,0.00000233341665989,0.00000139476026106,0.00000100826787275,4.64183244731e-7,1.90350249341e-7,1.80194007271e-7,3.23257836499e-7,5.75068554554e-7,8.41103144467e-7,0.00000105897856884,9.57500105869e-7,8.61766238813e-7,9.43737632042e-7],"dmean2":[0.00176088884473,0.00329272123054,0.00200509466231,0.000234709499637,0.000178311951458,0.00018828715838,0.000135016452987,0.000161594143719,0.000137921888381,0.000141134223668,0.000109666085336,0.0000981756238616,0.0000840962093207,0.0000701416865923,0.000101312638435,0.0000891954841791,0.000155887450092,0.000153591798153,0.0000813764854684,0.0000714362540748,0.0000786977034295,0.0000486083517899,0.0000456309135188,0.0000266366459982,0.0000165893507074,0.00000927557630348,0.00000557633438802,0.00000372917020286,0.00000217046112994,0.00000155304246618,6.90456772645e-7,2.80127011365e-7,2.70302365379e-7,4.87809472816e-7,8.94453648925e-7,0.00000131649949253,0.00000161573836976,0.00000147495507008,0.00000134430797516,0.00000143878605741],"dvar":[0.00000729757357476,0.0000166940590134,0.0000104305763671,9.56455110668e-8,6.24602378707e-8,7.66250849438e-8,3.53353755145e-8,9.21611871263e-8,5.8916420187e-8,4.48028387723e-8,3.74383155588e-8,2.15287023764e-8,1.31976980455e-8,8.39970670796e-9,2.29428707144e-8,1.50107339891e-8,4.44793784027e-8,3.64456695934e-8,1.24257262257e-8,7.39479411038e-9,4.88193085957e-9,2.59493937449e-9,2.11592054988e-9,6.25870966164e-10,2.63319144267e-10,1.16548326545e-10,3.7450480217e-11,2.17461899182e-11,7.91917052767e-12,4.90522119451e-12,8.80930745017e-13,1.84002363042e-13,2.62765964586e-13,6.38452723849e-13,1.52028389877e-12,3.70754382056e-12,6.20499138182e-12,6.85699370548e-12,3.89200217193e-12,4.16457146546e-12],"dvar2":[0.0000189865149878,0.0000429653991887,0.0000272295073955,2.35947595684e-7,1.72355910877e-7,2.09155672337e-7,8.58173976326e-8,2.24648204039e-7,1.47137740214e-7,1.04174283422e-7,8.39428366817e-8,5.51267440585e-8,3.50346063271e-8,1.97439469218e-8,6.02455898502e-8,3.64490801985e-8,1.08037191637e-7,9.02463739294e-8,3.00022833244e-8,1.88536635193e-8,1.25973542708e-8,6.06747629917e-9,5.28345811546e-9,1.54843138311e-9,7.17497283809e-10,3.04399838669e-10,9.30470214766e-11,5.59298198033e-11,1.79705555992e-11,1.15245113799e-11,1.98027380084e-12,4.21246994535e-13,6.38989891815e-13,1.52223459532e-12,3.68046912391e-12,8.95447171273e-12,1.35953973773e-11,1.584279756e-11,9.13188535206e-12,1.0020081119e-11],"max":[0.02620017156,0.0516363978386,0.0283843558282,0.00399281363934,0.00414844974875,0.00496452720836,0.00550627801567,0.0104319863021,0.00640843389556,0.00647820113227,0.00711049418896,0.00423743622378,0.00423817010596,0.00260537327267,0.00429384130985,0.00250443443656,0.00608457624912,0.00408057961613,0.00288356491365,0.00262754270807,0.00133966957219,0.00153594277799,0.00109564617742,0.000566787610296,0.000566783768591,0.000244370457949,0.000118771720736,0.0000852986631799,0.0000976774681476,0.0000760789043852,0.0000233691171161,0.0000135828877319,0.0000160555700859,0.0000274302237813,0.0000333793577738,0.0000551530392841,0.0000628933485132,0.0000758849128033,0.0000507302429469,0.0000334026553901],"mean":[0.000871225842275,0.00177535624243,0.00100474001374,0.000178929534741,0.000132318571559,0.000132638480864,0.000107719570224,0.000138891555252,0.000133803245262,0.000155744462973,0.000126716826344,0.000114317292173,0.0000854699392221,0.0000731271284167,0.000102981932287,0.0000955733048613,0.000170745144715,0.000167675738339,0.0000897584905033,0.0000891376621439,0.0000995722875814,0.0000674149850965,0.000061370068579,0.0000361317725037,0.0000217932702071,0.0000122876454043,0.00000728147597329,0.00000434400681115,0.00000249869162872,0.00000192999618776,9.11556583105e-7,3.99279741714e-7,3.92996867049e-7,6.42372128823e-7,0.0000011125293895,0.00000152932170749,0.00000198487850867,0.00000170384350895,0.00000158441832809,0.0000017759871298],"median":[0.000171881547431,0.000592201307882,0.000226041840506,0.0000910935341381,0.0000750260587665,0.0000577725259063,0.0000415803369833,0.0000371529495169,0.0000386396677641,0.0000612773583271,0.000045914475777,0.0000401636170864,0.0000467683894385,0.0000390258392144,0.0000448718128609,0.0000476670611533,0.0000860056607053,0.0000708590523573,0.0000387502586818,0.0000538270323887,0.0000670596418786,0.0000443411918241,0.0000411980181525,0.0000259625576291,0.000015252344383,0.00000709131427357,0.00000376448542738,0.00000174828994659,8.86070665729e-7,5.78743197366e-7,2.89100057671e-7,1.08144853073e-7,7.47132631318e-8,1.56275177687e-7,3.27919167376e-7,5.44468775843e-7,6.52688470382e-7,4.66835359703e-7,3.83148289984e-7,3.50093813495e-7],"min":[1.47414358473e-24,1.92014424129e-24,1.17974454059e-24,1.17786823493e-24,1.50175342059e-24,1.24957470514e-24,1.21046751741e-24,2.43884099407e-24,1.99026766488e-24,8.38634577074e-25,3.33662879916e-24,2.35123029916e-24,2.66737675933e-24,2.21785245831e-24,2.39884002694e-24,2.50563601629e-24,3.47051151099e-24,1.56651446356e-24,2.7526165328e-24,3.12784847756e-24,2.79539034602e-24,3.38888491768e-24,3.26302255468e-24,3.37303472994e-24,4.19672068868e-24,4.64137949285e-24,3.77444502384e-24,4.9880929326e-24,5.35594311144e-24,3.51104278987e-24,4.28630333865e-24,3.72522996412e-24,5.94320785131e-24,5.46732277707e-24,4.7285644001e-24,5.80252121419e-24,5.69545622327e-24,6.61935236609e-24,6.80453273043e-24,6.39209534436e-24],"var":[0.00000556764280191,0.0000139659869092,0.0000079145129348,9.25408158992e-8,5.58211006307e-8,7.37807113182e-8,4.96440435427e-8,1.64445737028e-7,9.86483996712e-8,9.50349985374e-8,1.02731547713e-7,5.42096962874e-8,1.85796533714e-8,1.6343276954e-8,4.68886227623e-8,2.85687367096e-8,8.6375138153e-8,8.09425486636e-8,2.5161332573e-8,1.45201974888e-8,1.23525092377e-8,7.46507478055e-9,5.13255349333e-9,1.50254642062e-9,5.26307664117e-10,2.48579989925e-10,9.17259254662e-11,4.22364226926e-11,1.78461551092e-11,1.38669822153e-11,2.49634059084e-12,6.88839718772e-13,9.71211284138e-13,1.87632873648e-12,4.03917958108e-12,8.20418125796e-12,1.53573403994e-11,1.47476111184e-11,9.45664466873e-12,1.1289540483e-11]},"melbands_crest":{"dmean":3.75511074066,"dmean2":6.14190673828,"dvar":13.5051651001,"dvar2":32.757598877,"max":36.7588920593,"mean":11.6420726776,"median":10.6544218063,"min":1.57838380337,"var":28.6572990417},"melbands_flatness_db":{"dmean":0.0275327470154,"dmean2":0.0436154492199,"dvar":0.000958907359745,"dvar2":0.00233074091375,"max":0.405166357756,"mean":0.162111505866,"median":0.158740177751,"min":0.00257303845137,"var":0.0028450191021},"melbands_kurtosis":{"dmean":4.18553686142,"dmean2":7.10091972351,"dvar":79.8177108765,"dvar2":206.191238403,"max":138.050094604,"mean":2.82264780998,"median":-0.0415134429932,"min":-1.76929306984,"var":73.4311904907},"melbands_skewness":{"dmean":0.811332166195,"dmean2":1.25429081917,"dvar":1.06694972515,"dvar2":2.46676278114,"max":10.928984642,"mean":1.13809943199,"median":0.79571980238,"min":-3.29188466072,"var":1.96215188503},"melbands_spread":{"dmean":11.3591718674,"dmean2":17.9373493195,"dvar":129.406219482,"dvar2":296.918487549,"max":165.277282715,"mean":44.708568573,"median":45.2735061646,"min":2.95165491104,"var":399.240814209},"mfcc":{"cov":[[9695.07421875,-41.3603553772,498.719207764,-87.3081817627,343.374847412,27.5581054688,95.2078399658,-77.6142730713,32.7924385071,186.680877686,-88.7820358276,137.766662598,-86.9719772339],[-41.3603553772,1214.38623047,-513.17767334,125.911277771,163.012557983,-118.852256775,89.4758300781,65.7252883911,-59.6217536926,7.07000875473,6.57692432404,26.5260620117,-17.1603126526],[498.719207764,-513.17767334,734.609313965,-19.6859474182,-25.5305118561,142.695983887,-0.133814707398,-38.0028572083,14.885140419,1.43726599216,-15.816778183,26.8128738403,14.2729053497],[-87.3081817627,125.911277771,-19.6859474182,233.467132568,23.5020446777,28.1736869812,20.9272212982,-3.50710010529,32.5937271118,-17.3869915009,2.56723999977,-6.33904933929,16.2368659973],[343.374847412,163.012557983,-25.5305118561,23.5020446777,196.07371521,-1.24367749691,31.2757205963,35.7603607178,-7.53215885162,31.6653862,-3.86176538467,18.2921409607,-0.187915250659],[27.5581054688,-118.852256775,142.695983887,28.1736869812,-1.24367749691,165.485549927,21.2329216003,-2.44096231461,7.76950979233,-8.8387298584,6.60920333862,1.3688249588,0.642337143421],[95.2078399658,89.4758300781,-0.133814707398,20.9272212982,31.2757205963,21.2329216003,153.923294067,20.6159114838,9.60502052307,8.66739940643,4.17135429382,8.75007724762,-2.86636590958],[-77.6142730713,65.7252883911,-38.0028572083,-3.50710010529,35.7603607178,-2.44096231461,20.6159114838,103.605567932,28.5077438354,14.6950464249,12.2653779984,-1.19468128681,5.8524222374],[32.7924385071,-59.6217536926,14.885140419,32.5937271118,-7.53215885162,7.76950979233,9.60502052307,28.5077438354,106.224411011,37.8575935364,17.4551486969,-9.25607681274,-1.46219599247],[186.680877686,7.07000875473,1.43726599216,-17.3869915009,31.6653862,-8.8387298584,8.66739940643,14.6950464249,37.8575935364,95.5960922241,20.2787418365,9.4920463562,-7.92228221893],[-88.7820358276,6.57692432404,-15.816778183,2.56723999977,-3.86176538467,6.60920333862,4.17135429382,12.2653779984,17.4551486969,20.2787418365,63.1570968628,12.7087841034,4.76987123489],[137.766662598,26.5260620117,26.8128738403,-6.33904933929,18.2921409607,1.3688249588,8.75007724762,-1.19468128681,-9.25607681274,9.4920463562,12.7087841034,75.0991821289,12.1898202896],[-86.9719772339,-17.1603126526,14.2729053497,16.2368659973,-0.187915250659,0.642337143421,-2.86636590958,5.8524222374,-1.46219599247,-7.92228221893,4.76987123489,12.1898202896,57.2671203613]],"icov":[[0.000126712344354,-0.0000108998392534,-0.0000865375186549,0.0000519568238815,-0.000210210127989,0.0000314894896292,-0.0000394487688027,0.0001655799133,-0.000100615565316,-0.000157056376338,0.000213541949051,-0.000192546969629,0.000174973669345],[-0.0000108998392534,0.00166678975802,0.000958429824095,-0.001037951326,-0.000721251999494,0.000547912262846,-0.000667700252961,-0.000731441366952,0.00132706318982,-0.000233955928707,-0.0000301378404401,-0.000685500330292,0.000721082906239],[-0.0000865375186549,0.000958429824095,0.00239979894832,-0.000209048128454,-0.000154940818902,-0.00134044711012,-0.000248638767516,0.000157629678142,0.00022891953995,-0.000220968373469,0.000730927451514,-0.000983773032203,-0.000273294077488],[0.0000519568238815,-0.001037951326,-0.000209048128454,0.00594395073131,-0.000866152578965,-0.00126053637359,-0.000120663280541,0.00192977371626,-0.00357746961527,0.00214081141166,-0.000100286786619,0.000757320492994,-0.00200528814457],[-0.000210210127989,-0.000721251999494,-0.000154940818902,-0.000866152578965,0.00726663786918,-0.000411038578022,-0.000380317564122,-0.00251082051545,0.0018765720306,-0.00267968489788,0.00128647696692,-0.00074146973202,-0.000257280305959],[0.0000314894896292,0.000547912262846,-0.00134044711012,-0.00126053637359,-0.000411038578022,0.00803002715111,-0.00116844417062,-0.000417998089688,0.000420270254835,0.000962254183833,-0.00155311042909,0.000231535959756,0.00102023105137],[-0.0000394487688027,-0.000667700252961,-0.000248638767516,-0.000120663280541,-0.000380317564122,-0.00116844417062,0.00736591825262,-0.000898957252502,-0.000680881028529,-0.0000552583624085,0.0000240759636654,-0.000516355445143,0.00039147696225],[0.0001655799133,-0.000731441366952,0.000157629678142,0.00192977371626,-0.00251082051545,-0.000417998089688,-0.000898957252502,0.0128269698471,-0.00462453672662,0.000835989834741,-0.00128326844424,0.00085386086721,-0.001990838442],[-0.000100615565316,0.00132706318982,0.00022891953995,-0.00357746961527,0.0018765720306,0.000420270254835,-0.000680881028529,-0.00462453672662,0.0152914691716,-0.00614039646462,-0.00172679161187,0.0016684475122,0.000971745583229],[-0.000157056376338,-0.000233955928707,-0.000220968373469,0.00214081141166,-0.00267968489788,0.000962254183833,-0.0000552583624085,0.000835989834741,-0.00614039646462,0.0155349867418,-0.00396664720029,-0.00101886584889,0.00157125433907],[0.000213541949051,-0.0000301378404401,0.000730927451514,-0.000100286786619,0.00128647696692,-0.00155311042909,0.0000240759636654,-0.00128326844424,-0.00172679161187,-0.00396664720029,0.0194060727954,-0.00377741688862,-0.00108960876241],[-0.000192546969629,-0.000685500330292,-0.000983773032203,0.000757320492994,-0.00074146973202,0.000231535959756,-0.000516355445143,0.00085386086721,0.0016684475122,-0.00101886584889,-0.00377741688862,0.0161685831845,-0.00381085276604],[0.000174973669345,0.000721082906239,-0.000273294077488,-0.00200528814457,-0.000257280305959,0.00102023105137,0.00039147696225,-0.001990838442,0.000971745583229,0.00157125433907,-0.00108960876241,-0.00381085276604,0.0199353750795]],"mean":[-648.084960938,122.451850891,-39.2509307861,4.98733854294,37.1349220276,-9.14642620087,10.4664821625,7.14907169342,0.049321308732,8.76826477051,-3.42859983444,4.37878274918,-6.51427841187]},"pitch_salience":{"dmean":0.0867057144642,"dmean2":0.140837341547,"dvar":0.00766155635938,"dvar2":0.0196421667933,"max":0.884950935841,"mean":0.596561253071,"median":0.612893760204,"min":0.0654220059514,"var":0.014285244979},"silence_rate_20dB":{"dmean":0,"dmean2":0,"dvar":0,"dvar2":0,"max":1,"mean":1,"median":1,"min":1,"var":0},"silence_rate_30dB":{"dmean":0.00410677632317,"dmean2":0.00821448955685,"dvar":0.00408952869475,"dvar2":0.0102011514828,"max":1,"mean":0.996920287609,"median":1,"min":0,"var":0.00307028321549},"silence_rate_60dB":{"dmean":0.0125484829769,"dmean2":0.0250998288393,"dvar":0.0123930182308,"dvar2":0.029258582741,"max":1,"mean":0.0808714479208,"median":0,"min":0,"var":0.0743222311139},"spectral_centroid":{"dmean":227.18208313,"dmean2":356.634918213,"dvar":69921.8203125,"dvar2":158007.53125,"max":11618.4960938,"mean":1970.74414062,"median":1931.49475098,"min":433.519042969,"var":1135786.25},"spectral_complexity":{"dmean":3.82067084312,"dmean2":5.64586400986,"dvar":12.623673439,"dvar2":23.2744445801,"max":52,"mean":26.9509525299,"median":28,"min":0,"var":108.456520081},"spectral_contrast_coeffs":{"dmean":[0.0548108294606,0.046707957983,0.0369994305074,0.0323940329254,0.0244151446968,0.0143539821729],"dmean2":[0.0891563221812,0.0765425339341,0.0602250508964,0.0528443679214,0.0383035652339,0.0225067753345],"dvar":[0.00234115263447,0.00151051860303,0.000908677291591,0.000686405517627,0.000458295602584,0.000154705223395],"dvar2":[0.00585235934705,0.00407023681328,0.00232616509311,0.00173669878859,0.0010073906742,0.00036969454959],"max":[-0.388484477997,-0.410292983055,-0.529164195061,-0.540589272976,-0.569790005684,-0.690058410168],"mean":[-0.680355429649,-0.763915300369,-0.787987649441,-0.765460133553,-0.734294950962,-0.821797132492],"median":[-0.686158359051,-0.770604610443,-0.797322750092,-0.77014786005,-0.730945110321,-0.823223948479],"min":[-0.97997367382,-0.97686111927,-0.974861741066,-0.972469210625,-0.968788385391,-0.96448302269],"var":[0.00565581116825,0.00505975540727,0.00390836363658,0.0032411206048,0.00302993319929,0.00103894120548]},"spectral_contrast_valleys":{"dmean":[0.452951222658,0.382193505764,0.297430455685,0.26967638731,0.227785840631,0.314098715782],"dmean2":[0.72439545393,0.610872507095,0.471638977528,0.410312891006,0.323753684759,0.412308603525],"dvar":[0.157314345241,0.125139147043,0.0781120806932,0.073465757072,0.0741998329759,0.157633468509],"dvar2":[0.367572337389,0.296295315027,0.165788665414,0.142585426569,0.123982980847,0.277221530676],"max":[-5.49725103378,-4.79605150223,-5.26713657379,-5.41423416138,-5.87976884842,-8.04886722565],"mean":[-7.78976917267,-7.26654863358,-7.2642121315,-7.17258834839,-7.66038370132,-10.4284162521],"median":[-7.43678998947,-6.91756296158,-6.92304420471,-6.80264139175,-7.33360767365,-10.0415029526],"min":[-28.1505222321,-27.9449653625,-27.9850254059,-27.6533222198,-27.5203762054,-27.4680366516],"var":[5.57624673843,5.62383842468,5.46266126633,5.55763435364,5.39026832581,4.87933778763]},"spectral_decrease":{"dmean":3.21394377778e-9,"dmean2":5.18742027111e-9,"dvar":3.13124522496e-17,"dvar2":7.7226654014e-17,"max":9.45614678297e-19,"mean":-5.73444891572e-9,"median":-4.09988798467e-9,"min":-4.69151508753e-8,"var":3.59474694765e-17},"spectral_energy":{"dmean":0.0126343024895,"dmean2":0.0202253758907,"dvar":0.000461575371446,"dvar2":0.00113289093133,"max":0.182314679027,"mean":0.0241072252393,"median":0.017991239205,"min":1.00643590195e-20,"var":0.00056660012342},"spectral_energyband_high":{"dmean":0.000243725342443,"dmean2":0.000345795531757,"dvar":2.11462193533e-7,"dvar2":4.43991581278e-7,"max":0.00797238294035,"mean":0.000589253380895,"median":0.000228628516197,"min":7.17957390338e-21,"var":7.99107908733e-7},"spectral_energyband_low":{"dmean":0.00936918146908,"dmean2":0.0158968307078,"dvar":0.000368029490346,"dvar2":0.000932512630243,"max":0.164865091443,"mean":0.00863431207836,"median":0.002449572552,"min":1.36092484766e-23,"var":0.000310022121994},"spectral_energyband_middle_high":{"dmean":0.00276746088639,"dmean2":0.00423453887925,"dvar":0.0000132581271828,"dvar2":0.0000308993076032,"max":0.0878022238612,"mean":0.0104032941163,"median":0.00876355543733,"min":1.13066582838e-21,"var":0.0000689698645147},"spectral_energyband_middle_low":{"dmean":0.00413393368945,"dmean2":0.00671761948615,"dvar":0.0000854230529512,"dvar2":0.000209452948184,"max":0.0875746533275,"mean":0.00601348932832,"median":0.00312223518267,"min":1.30939399208e-22,"var":0.0000895697448868},"spectral_entropy":{"dmean":0.115593515337,"dmean2":0.169206321239,"dvar":0.0139777436852,"dvar2":0.0287511032075,"max":9.82050991058,"mean":7.65478610992,"median":7.61428165436,"min":5.57835149765,"var":0.140293747187},"spectral_flux":{"dmean":0.0316471420228,"dmean2":0.0493559539318,"dvar":0.00179869215935,"dvar2":0.0039042737335,"max":0.368099987507,"mean":0.0932289361954,"median":0.0789794698358,"min":6.49605647052e-11,"var":0.00361935794353},"spectral_kurtosis":{"dmean":2.33212637901,"dmean2":3.7784819603,"dvar":8.18003082275,"dvar2":23.1905708313,"max":45.6429519653,"mean":8.64378356934,"median":7.78695678711,"min":-1.28931832314,"var":26.5320987701},"spectral_rms":{"dmean":0.00103432452306,"dmean2":0.00156608817633,"dvar":0.00000212756640394,"dvar2":0.00000484257407152,"max":0.0133367152885,"mean":0.0043514710851,"median":0.00418956205249,"min":3.13351037826e-12,"var":0.00000458387421531},"spectral_rolloff":{"dmean":487.652740479,"dmean2":807.623901367,"dvar":686196.875,"dvar2":1560677.75,"max":19595.2148438,"mean":2459.87329102,"median":2282.51953125,"min":21.533203125,"var":4743902},"spectral_skewness":{"dmean":0.217871248722,"dmean2":0.348829448223,"dvar":0.0490908399224,"dvar2":0.136201396585,"max":4.41862630844,"mean":2.04385066032,"median":2.05204057693,"min":-0.122836902738,"var":0.194893836975},"spectral_spread":{"dmean":584648.9375,"dmean2":842664.25,"dvar":730209517568,"dvar2":1439769559040,"max":42473600,"mean":4208607.5,"median":3509340.75,"min":1005978.8125,"var":18013665361900},"spectral_strongpeak":{"dmean":0.937389492989,"dmean2":1.5949177742,"dvar":1.75136959553,"dvar2":4.37295532227,"max":13.7106676102,"mean":1.38578891754,"median":0.536046683788,"min":0,"var":3.21901607513},"zerocrossingrate":{"dmean":0.0102816456929,"dmean2":0.0127004934475,"dvar":0.000157776783453,"dvar2":0.000227781405556,"max":0.52294921875,"mean":0.0866055116057,"median":0.078125,"min":0.0009765625,"var":0.00314700021408}},"metadata":{"audio_properties":{"analysis_sample_rate":44100,"bit_rate":320041,"codec":"mp3","downmix":"mix","equal_loudness":0,"length":203.546127319,"lossless":false,"md5_encoded":"ed47bec8b5d86cdbd2ea0953f81218d8","replay_gain":-7.66433334351,"sample_rate":44100},"tags":{"acoustid_id":["9390caec-7304-4c4f-a6dd-a26c154d1a8f"],"album":["Soldier"],"albumartist":["Iggy Pop"],"albumartistsort":["Pop, Iggy"],"artist":["Iggy Pop"],"artistsort":["Pop, Iggy"],"catalognumber":["AB 4259"],"date":["1980"],"discnumber":["1/1"],"file_name":"09. Knocking 'Em Down In The City.mp3","genre":["Punk/Iggy Pop"],"label":["Arista"],"media":["12\" Vinyl"],"musicbrainz album release country":["US"],"musicbrainz album status":["official"],"musicbrainz album type":["album"],"musicbrainz_albumartistid":["f37b3f31-b1f8-4b88-8cb5-b34f709b17d7"],"musicbrainz_albumid":["2f42e0f7-521e-4571-90a0-272bb4c04702"],"musicbrainz_artistid":["f37b3f31-b1f8-4b88-8cb5-b34f709b17d7"],"musicbrainz_recordingid":["f1e0d235-35dd-43a1-8864-a268346a271d"],"musicbrainz_releasegroupid":["c5edcdd1-2235-3c17-9d18-2ab3f5dfcb88"],"originaldate":["1980"],"script":["Latn"],"title":["Knocking 'Em Down (in the City)"],"tracknumber":["3/11"]},"version":{"essentia":"2.1-beta2","essentia_build_sha":"70f2e5ece6736b2c40cc944ad0e695b16b925413","essentia_git_sha":"v2.1_beta2","extractor":"music 1.0"}},"rhythm":{"beats_count":539,"beats_loudness":{"dmean":0.026295652613,"dmean2":0.0464993566275,"dvar":0.000339587102644,"dvar2":0.00108082580846,"max":0.148503676057,"mean":0.0383201166987,"median":0.0376194752753,"min":0,"var":0.000595255987719},"beats_loudness_band_ratio":{"dmean":[0.288426607847,0.0344898030162,0.0682534575462,0.112893760204,0.178091198206,0.0362428352237],"dmean2":[0.510289132595,0.0597060211003,0.121502883732,0.202818229795,0.320154726505,0.0672751739621],"dvar":[0.038063082844,0.00115101074334,0.00588547