{"lowlevel":{"average_loudness":0.958833813667,"barkbands":{"dmean":[0.00040772324428,0.00836723297834,0.00263757118955,0.00195700628683,0.00114378274884,0.000582472828683,0.000591269112192,0.000389576744055,0.000835796585307,0.000687819207087,0.000497010129038,0.000410787703004,0.000495831074659,0.000467952340841,0.000326304143528,0.0002977954573,0.00034458420123,0.000281834392808,0.000153125060024,0.000130898362841,0.00013464166841,0.000138641873491,0.000136518807267,0.0000754218854127,0.0000422414886998,0.0000381579120585,0.0000105531071313],"dmean2":[0.000607657246292,0.0123046031222,0.00454380782321,0.00322336074896,0.0019587923307,0.000974489201326,0.000934837851673,0.000600219296757,0.00126431335229,0.00106841721572,0.00078213296365,0.000654594914522,0.000785221112892,0.000737682799809,0.000515728839673,0.000481359020341,0.000562213012017,0.000466506084194,0.000246960553341,0.000205264688702,0.000216506872675,0.000199417496333,0.00019243353745,0.000110269022116,0.0000606987632636,0.0000580658743274,0.0000162160122272],"dvar":[6.60163948396e-7,0.00032813262078,0.0000252130976151,0.00000806273237686,0.00000603602529736,0.00000157065517215,0.00000197319764084,0.00000131548517857,0.00000451126697953,0.00000330157286044,0.00000144831767557,7.22526579011e-7,0.00000140106078561,9.36990204536e-7,4.68436553547e-7,3.55558853471e-7,4.09106093002e-7,2.60148766529e-7,6.90211265919e-8,6.39578701112e-8,5.90217439367e-8,7.58276001989e-8,7.77120021667e-8,4.55622917173e-8,1.11634363975e-8,7.78542563751e-9,8.07604205733e-10],"dvar2":[0.00000129469219701,0.000662824080791,0.0000728309169062,0.0000210509642784,0.0000153259825311,0.00000401093757318,0.00000456863062936,0.0000027383498491,0.00000960524721449,0.00000727263613953,0.00000366996323464,0.00000169699819708,0.00000319730111187,0.00000212497911889,0.00000103158970433,8.62233662247e-7,0.00000102637409327,6.54787129406e-7,1.65357604942e-7,1.44717247963e-7,1.37269850597e-7,1.40850772823e-7,1.40874519161e-7,8.57347828287e-8,1.95161451444e-8,1.88317930139e-8,1.99408889401e-9],"max":[0.010642924346,0.149731680751,0.0843917131424,0.0362630970776,0.0357518345118,0.0282981023192,0.0339970514178,0.0333569459617,0.0509451515973,0.0434442982078,0.0342700108886,0.0278623308986,0.039916779846,0.0234681777656,0.0214665159583,0.0212689694017,0.0179954990745,0.0171710439026,0.00677287764847,0.00929156318307,0.00392153672874,0.0064986278303,0.00607269862667,0.0105271982029,0.00416489457712,0.00159726548009,0.000778263900429],"mean":[0.000639520818368,0.014694198966,0.00475309882313,0.00288287131116,0.00163401814643,0.000885230896529,0.00100515666418,0.00065446656663,0.00156523508485,0.00142671854701,0.000994995003566,0.000795155705418,0.000925217696931,0.000929115631152,0.000627564964816,0.000567897106521,0.000687216408551,0.000581923755817,0.000319644430419,0.000270554155577,0.000267766736215,0.000276434700936,0.000272120552836,0.000147142374772,0.000079783188994,0.0000553377358301,0.0000126688883029],"median":[0.000230613557505,0.00815383344889,0.00356637034565,0.00185207463801,0.000941701000556,0.000462643976789,0.000413834233768,0.000262022920651,0.000447688595159,0.000354448129656,0.00033613841515,0.000402102305088,0.000345801061485,0.000375282048481,0.000273326353636,0.000268928386504,0.00030674203299,0.000278484018054,0.000164413519087,0.000126879705931,0.000130767060909,0.0000995025620796,0.000106181389128,0.0000409345047956,0.0000251694364124,0.0000180301904038,0.00000105921753857],"min":[7.38346828244e-24,2.067338902e-23,2.58035360801e-23,7.8427825445e-24,6.00535573338e-23,4.59280246383e-23,9.63355864605e-23,2.48554483344e-23,4.68957928859e-23,9.53600810651e-23,3.18193546335e-23,1.04492818428e-22,4.48687422147e-23,1.34306446878e-22,1.08916169783e-22,1.16408354142e-22,2.05425337197e-22,2.17670301225e-22,2.99056866247e-22,4.24829491583e-22,5.38030046984e-22,7.2297206173e-22,5.87417485438e-22,8.43898304318e-22,9.67878561947e-22,1.56952977393e-21,2.31147261515e-21],"var":[0.00000111076349185,0.000481299590319,0.0000262918656517,0.0000106068773675,0.00000617881414655,0.00000209425957109,0.00000378941285817,0.00000295924246529,0.0000142934277392,0.0000135649734148,0.0000055939858612,0.0000019616722966,0.00000453125676358,0.0000030181636248,0.00000129470686261,9.44096484545e-7,0.00000101293619537,6.64281174068e-7,1.71467178234e-7,1.66478088204e-7,1.35242856913e-7,2.25615764293e-7,2.52647964771e-7,1.7831453647e-7,3.63760719324e-8,1.05617132817e-8,9.49954004348e-10]},"barkbands_crest":{"dmean":2.61869215965,"dmean2":4.11987113953,"dvar":8.8729763031,"dvar2":18.3829097748,"max":25.6244525909,"mean":10.6452512741,"median":9.50640583038,"min":2.25841856003,"var":23.1285057068},"barkbands_flatness_db":{"dmean":0.0217249821872,"dmean2":0.0325410440564,"dvar":0.000740059069358,"dvar2":0.00167403998785,"max":0.402152508497,"mean":0.130367830396,"median":0.119328454137,"min":0.0148830693215,"var":0.00373436836526},"barkbands_kurtosis":{"dmean":4.17163896561,"dmean2":6.33014249802,"dvar":145.07510376,"dvar2":325.450775146,"max":313.759277344,"mean":6.1301779747,"median":1.05615186691,"min":-1.94325780869,"var":252.199157715},"barkbands_skewness":{"dmean":0.577758669853,"dmean2":0.843330562115,"dvar":0.652266383171,"dvar2":1.32153427601,"max":14.9997444153,"mean":1.73090898991,"median":1.29532957077,"min":-2.34789514542,"var":2.7463722229},"barkbands_spread":{"dmean":5.51738834381,"dmean2":8.16669940948,"dvar":42.9012718201,"dvar2":81.2268600464,"max":115.613059998,"mean":25.0954017639,"median":23.1958332062,"min":0.447741746902,"var":237.693481445},"dissonance":{"dmean":0.0128011675552,"dmean2":0.0216602999717,"dvar":0.000187629528227,"dvar2":0.00051765749231,"max":0.500000059605,"mean":0.477437496185,"median":0.482524842024,"min":0.278219312429,"var":0.000350779824657},"dynamic_complexity":3.32803988457,"erbbands":{"dmean":[0.339578807354,1.64538276196,2.73282051086,5.2172665596,4.54225063324,3.90327978134,3.80812978745,5.04527902603,7.20606613159,9.61896800995,9.28388977051,18.6683731079,21.959903717,17.9270076752,16.59441185,17.0680828094,20.8083095551,22.7363414764,17.1157741547,16.3719825745,15.3486871719,18.3484458923,15.5431680679,8.99614810944,7.8252325058,5.86124181747,5.18920898438,5.80617332458,5.06232690811,3.72869849205,4.01312112808,2.4024169445,0.932618439198,0.561117649078,0.273896545172,0.21701605618,0.0549659691751,0.00966764986515,0.00177379976958,0.000115601054858],"dmean2":[0.487321048975,2.55410718918,4.718998909,8.87250518799,7.57307577133,6.75741434097,6.49596500397,8.41359710693,11.5426673889,15.0085659027,13.9979038239,28.3346805573,33.6472015381,28.0968151093,26.2287158966,27.1903610229,32.6830177307,35.6932907104,26.6128292084,25.6208400726,24.5796813965,29.8028659821,25.3755741119,14.62520504,12.6502342224,9.08952713013,8.15146350861,9.25946998596,7.45201683044,5.27883958817,5.70238018036,3.49930143356,1.31699323654,0.812309741974,0.400885462761,0.33893686533,0.0825563743711,0.0144293038175,0.00271446444094,0.000175675406354],"dvar":[0.584494531155,12.4405269623,32.6455879211,63.3298454285,59.7913017273,74.0588378906,77.9876174927,138.438980103,328.478607178,615.815734863,700.207519531,2819.56762695,3461.35083008,1899.34802246,1539.39624023,1315.96813965,2524.65942383,2301.06298828,1230.87731934,1052.99401855,1014.27807617,1204.21984863,780.598937988,227.61656189,192.523574829,127.490615845,90.3575744629,119.192131042,100.920776367,67.0737762451,68.7438583374,37.5406990051,8.24458217621,2.46951293945,0.401983052492,0.249017193913,0.0175474286079,0.000583554152399,0.0000225602943829,8.92049953904e-8],"dvar2":[1.04103946686,29.8867282867,93.7696914673,173.037384033,155.545944214,195.997192383,213.355804443,343.130828857,753.115112305,1432.06274414,1343.59411621,6135.18261719,7747.71044922,4299.37548828,4099.39746094,3053.41943359,5777.72021484,5189.64257812,2689.33911133,2254.93115234,2499.46191406,2990.77539062,1918.73779297,575.822143555,455.93963623,281.271057129,198.743743896,280.24987793,201.904510498,117.478485107,128.643432617,75.4934158325,14.7426023483,4.12447357178,0.785269618034,0.605449140072,0.0428867824376,0.00138974701986,0.0000558612555324,2.2104627817e-7],"max":[6.10717582703,32.5245933533,90.993560791,84.3955154419,104.247627258,179.967681885,132.741088867,294.054504395,503.88494873,692.361755371,821.879699707,1578.3026123,1673.3326416,1313.55859375,1307.26611328,1364.08654785,1868.59875488,1170.05078125,798.295227051,1428.60656738,1365.83276367,1103.44909668,860.167663574,360.254852295,341.001678467,401.110992432,204.847808838,208.435272217,252.286911011,196.606185913,200.416900635,223.742385864,209.648208618,88.338760376,24.51861763,7.9021935463,4.12561130524,0.797110855579,0.125756919384,0.00757408561185],"mean":[0.481030732393,3.00318336487,5.80211877823,8.21518611908,7.28350543976,5.11540460587,5.2368350029,7.78293132782,11.3664712906,17.1766586304,17.6627368927,34.9850502014,46.2169799805,40.6931228638,36.3700637817,35.4167289734,43.4889831543,47.169090271,36.5143547058,33.9962501526,32.1529655457,38.6384086609,34.069896698,20.0082550049,15.9760713577,12.5159549713,11.2443885803,10.729265213,9.84133720398,7.5542807579,7.91472959518,4.6576128006,1.85869562626,1.05853950977,0.48948341608,0.31678467989,0.0798386409879,0.0136094102636,0.00216876994818,0.000164949291502],"median":[0.163376480341,1.88901627064,4.73294448853,5.94625091553,4.84922838211,2.94104671478,2.92739224434,3.85606765747,4.89029788971,6.82152271271,7.24720239639,10.8951673508,12.4530010223,14.0017747879,16.4458389282,17.8374862671,18.7717933655,20.7657012939,17.5028400421,15.2443351746,15.7786369324,17.8875980377,16.6169471741,10.544588089,7.80299091339,5.93430662155,5.63782644272,4.90626144409,3.68876171112,2.50289487839,3.12117147446,1.48112535477,0.50362354517,0.303823947906,0.16885894537,0.107731111348,0.0246228724718,0.00235607102513,0.000221592650632,0.0000591046918998],"min":[7.54719257679e-22,4.12170649472e-21,2.28636598719e-20,3.87643879971e-20,2.15324855438e-20,2.49585102828e-19,5.48954019124e-19,2.81222331415e-19,1.36409506956e-18,9.83963391881e-19,5.41380818724e-19,9.09746472576e-19,3.06215686681e-18,1.7645116974e-18,2.64342129033e-18,3.12999064013e-18,2.28413725242e-18,4.59467645564e-18,6.54119539156e-18,6.7368120259e-18,9.10647685853e-18,8.88231670279e-18,1.02914089501e-17,1.38995542385e-17,1.73542492514e-17,2.23087914597e-17,1.81100888448e-17,2.53654455075e-17,2.14047773487e-17,2.41826979999e-17,1.64398986915e-17,1.89601955952e-17,1.29216637998e-17,1.19368738477e-17,6.31024160145e-18,5.76445832071e-18,3.05172653288e-18,1.00784967963e-18,3.44089686481e-19,3.36122741648e-20],"var":[0.868786811829,16.0416851044,34.6969909668,72.8642425537,72.0805587769,68.4721603394,70.0637893677,191.548339844,590.176025391,1182.08850098,1961.37768555,7765.32666016,12845.5693359,8579.27050781,5300.37939453,3830.00219727,9293.66894531,6918.47216797,3756.43505859,3509.95800781,3019.74047852,3153.12597656,2182.78466797,593.371398926,475.340789795,346.752685547,246.426605225,236.434020996,279.36227417,219.340591431,217.225753784,121.970924377,34.9614448547,8.39744091034,1.05065751076,0.335360258818,0.0235219933093,0.000906691362616,0.0000267523373623,9.80910641601e-8]},"erbbands_crest":{"dmean":2.19476819038,"dmean2":3.52716970444,"dvar":5.17253684998,"dvar2":12.6511888504,"max":30.2831287384,"mean":8.00538444519,"median":6.77493858337,"min":2.19669508934,"var":18.1281204224},"erbbands_flatness_db":{"dmean":0.0156794320792,"dmean2":0.0225439295173,"dvar":0.000310197181534,"dvar2":0.000613593903836,"max":0.360603392124,"mean":0.145443767309,"median":0.135278850794,"min":0.0268770400435,"var":0.00301084667444},"erbbands_kurtosis":{"dmean":0.661991119385,"dmean2":1.03416621685,"dvar":0.731623291969,"dvar2":1.65548300743,"max":18.3723773956,"mean":0.330458730459,"median":-0.0715136528015,"min":-1.74594545364,"var":2.51319980621},"erbbands_skewness":{"dmean":0.293442159891,"dmean2":0.444293379784,"dvar":0.0759466737509,"dvar2":0.163059815764,"max":3.72835040092,"mean":0.0270234700292,"median":-0.00336937466636,"min":-3.7722132206,"var":0.449517995119},"erbbands_spread":{"dmean":7.38651275635,"dmean2":11.0465278625,"dvar":72.2797317505,"dvar2":153.164581299,"max":155.665008545,"mean":39.6898002625,"median":35.3938980103,"min":6.31870651245,"var":427.85559082},"gfcc":{"cov":[[12738.6201172,-2215.99536133,746.864440918,913.575805664,-116.092155457,1381.31713867,113.112319946,499.747467041,-398.170593262,18.221534729,-502.451080322,49.5183105469,-426.231628418],[-2215.99536133,2120.93481445,-607.535888672,-272.155487061,281.241363525,-450.71383667,203.214202881,-168.65814209,163.315185547,-101.396583557,213.603302002,-168.017471313,162.369338989],[746.864440918,-607.535888672,1006.3324585,239.447479248,32.2893028259,261.998168945,-42.2301368713,88.3605728149,-12.7016878128,79.4654159546,-119.5650177,63.742893219,-96.369758606],[913.575805664,-272.155487061,239.447479248,465.272918701,-35.0563278198,215.753585815,-18.4372310638,35.4416465759,-6.50989866257,4.95651483536,-28.6090126038,-24.2563991547,-20.3216285706],[-116.092155457,281.241363525,32.2893028259,-35.0563278198,338.997497559,4.59782409668,101.342086792,38.610118866,13.3391561508,-20.6466846466,-6.09510946274,-5.34237909317,-2.59784269333],[1381.31713867,-450.71383667,261.998168945,215.753585815,4.59782409668,401.841705322,56.4206695557,109.039581299,-72.3334655762,-9.88155078888,-72.8731460571,10.4733858109,-65.9942626953],[113.112319946,203.214202881,-42.2301368713,-18.4372310638,101.342086792,56.4206695557,189.553436279,31.347902298,-2.26732397079,-40.5194892883,13.9630842209,-14.5058393478,5.69469022751],[499.747467041,-168.65814209,88.3605728149,35.4416465759,38.610118866,109.039581299,31.347902298,144.290969849,6.94342803955,7.84651851654,-48.603061676,-4.25072574615,-36.53383255],[-398.170593262,163.315185547,-12.7016878128,-6.50989866257,13.3391561508,-72.3334655762,-2.26732397079,6.94342803955,121.042686462,39.1964302063,20.9181804657,-21.5411758423,24.9722633362],[18.221534729,-101.396583557,79.4654159546,4.95651483536,-20.6466846466,-9.88155078888,-40.5194892883,7.84651851654,39.1964302063,95.9652404785,18.4334392548,22.2932281494,-8.23861408234],[-502.451080322,213.603302002,-119.5650177,-28.6090126038,-6.09510946274,-72.8731460571,13.9630842209,-48.603061676,20.9181804657,18.4334392548,118.807182312,10.9087619781,44.5002555847],[49.5183105469,-168.017471313,63.742893219,-24.2563991547,-5.34237909317,10.4733858109,-14.5058393478,-4.25072574615,-21.5411758423,22.2932281494,10.9087619781,110.234375,5.36105489731],[-426.231628418,162.369338989,-96.369758606,-20.3216285706,-2.59784269333,-65.9942626953,5.69469022751,-36.53383255,24.9722633362,-8.23861408234,44.5002555847,5.36105489731,90.3295974731]],"icov":[[0.000162502037711,-0.0000146973479787,0.000126556071336,-0.00018958155124,0.0000627626141068,-0.000323571031913,-0.000114666712761,-0.000133187830215,0.000330025883159,-0.000376588810468,0.000475979410112,-0.000115401555377,0.000251116260188],[-0.0000146973479787,0.00141511461698,0.0000806023963378,0.000226270960411,-0.000896637502592,0.00078949338058,-0.000854897371028,0.000831221987028,-0.0011768998811,0.0012391936034,-0.00157213455532,0.00166322803125,-0.000420883588959],[0.000126556071336,0.0000806023963378,0.00175659661181,-0.000682267243974,-0.00034589934512,-0.000793716695625,0.00000163561969657,0.000260512897512,-0.000137161056045,-0.00149546284229,0.00162225868553,-0.000957086565904,0.000847413088195],[-0.00018958155124,0.000226270960411,-0.000682267243974,0.00368312955834,-0.0000473254258395,-0.00170871021692,0.00100220949389,0.000793756160419,-0.00149765168317,0.00127540179528,-0.00156414881349,0.00160975323524,-0.000987072358839],[0.0000627626141068,-0.000896637502592,-0.00034589934512,-0.0000473254258395,0.00431039836258,-0.0000160820618476,-0.00151703122538,-0.00135385536123,0.000557855586521,-0.000429489853559,0.00126642524265,-0.00119760341477,0.000442276446847],[-0.000323571031913,0.00078949338058,-0.000793716695625,-0.00170871021692,-0.0000160820618476,0.00711293937638,-0.00244431686588,-0.00226071919315,0.00204271101393,0.000707441358827,-0.000858341751155,0.000680434633978,0.000141086813528],[-0.000114666712761,-0.000854897371028,0.00000163561969657,0.00100220949389,-0.00151703122538,-0.00244431686588,0.00896295905113,-0.00145332084503,-0.000939191144425,0.00327619840391,-0.00220376555808,-0.000373287126422,-0.0000931639006012],[-0.000133187830215,0.000831221987028,0.000260512897512,0.000793756160419,-0.00135385536123,-0.00226071919315,-0.00145332084503,0.0116494214162,-0.00376007286832,-0.000358777877409,0.00198286795057,0.000830088742077,0.00142719782889],[0.000330025883159,-0.0011768998811,-0.000137161056045,-0.00149765168317,0.000557855586521,0.00204271101393,-0.000939191144425,-0.00376007286832,0.0155067704618,-0.00841187313199,0.00243076169863,0.00201538135298,-0.00313489092514],[-0.000376588810468,0.0012391936034,-0.00149546284229,0.00127540179528,-0.000429489853559,0.000707441358827,0.00327619840391,-0.000358777877409,-0.00841187313199,0.0198701266199,-0.00766706792638,-0.00150924175978,0.00284436158836],[0.000475979410112,-0.00157213455532,0.00162225868553,-0.00156414881349,0.00126642524265,-0.000858341751155,-0.00220376555808,0.00198286795057,0.00243076169863,-0.00766706792638,0.0172820389271,-0.00350770214573,-0.00287599395961],[-0.000115401555377,0.00166322803125,-0.000957086565904,0.00160975323524,-0.00119760341477,0.000680434633978,-0.000373287126422,0.000830088742077,0.00201538135298,-0.00150924175978,-0.00350770214573,0.0136255407706,-0.00314666610211],[0.000251116260188,-0.000420883588959,0.000847413088195,-0.000987072358839,0.000442276446847,0.000141086813528,-0.0000931639006012,0.00142719782889,-0.00313489092514,0.00284436158836,-0.00287599395961,-0.00314666610211,0.0171226337552]],"mean":[7.67933893204,93.3642196655,-116.436836243,36.676399231,-40.8783988953,20.5470638275,-25.3923969269,9.14097118378,-15.8652153015,0.617918431759,-15.3305931091,0.890340328217,-12.9389543533]},"hfc":{"dmean":6.52935218811,"dmean2":9.44354629517,"dvar":97.3407669067,"dvar2":197.787063599,"max":196.063552856,"mean":26.1780929565,"median":20.8299160004,"min":1.16217645219e-16,"var":493.140014648},"melbands":{"dmean":[0.00260026101023,0.00151672586799,0.000832533405628,0.000289760442683,0.000134992427775,0.000113548259833,0.000111951929284,0.0000986135783023,0.000085381034296,0.000122846002341,0.000112314497528,0.0000765206787037,0.000065686297603,0.0000437877133663,0.0000498851259181,0.0000480750277347,0.0000455721492472,0.0000311018848151,0.0000240298741119,0.0000221749942284,0.0000189684087673,0.0000206031909329,0.0000192287789105,0.000013149336155,0.00000740267068977,0.00000636440518065,0.00000558525562155,0.00000388250373362,0.00000349115043718,0.00000338354993801,0.00000371360329154,0.00000321088896271,0.0000025267829642,0.00000209282188735,0.00000227923101193,0.00000254757583207,0.00000121096968542,7.02608019765e-7,5.49853325538e-7,4.79284835819e-7],"dmean2":[0.00375905958936,0.0025326278992,0.00139688991476,0.000495072978083,0.00023061526008,0.000188924910617,0.000177620662726,0.000153324537678,0.000128496103571,0.000185561177204,0.000172370695509,0.000119614000141,0.000104089929664,0.0000702821125742,0.0000783067953307,0.0000756555964472,0.0000717283037375,0.0000485754571855,0.0000377740107069,0.0000353677023668,0.0000306329638988,0.0000335619624821,0.0000313730488415,0.0000218353252421,0.0000121117445815,0.0000103733473225,0.00000904415355762,0.00000605413333687,0.00000552297387912,0.00000554122016183,0.00000593412778471,0.0000048654424063,0.00000372514909941,0.00000302196895063,0.00000328026544594,0.00000374699516215,0.00000184977830031,0.00000102745582353,8.00398140655e-7,7.13325448487e-7],"dvar":[0.00003314517744,0.00000961732621363,0.0000015736665091,3.79086571911e-7,9.11855693175e-8,6.45749338446e-8,7.38068663964e-8,6.62217942704e-8,6.0532492796e-8,1.14830932318e-7,8.98909959801e-8,3.61090890522e-8,2.62897881242e-8,7.63082219635e-9,1.59920414688e-8,1.20794716452e-8,9.6356389534e-9,4.43943148909e-9,2.7716688944e-9,1.79805625944e-9,1.8081002251e-9,1.68687264157e-9,1.47719481092e-9,5.33381172563e-10,1.56778784399e-10,1.27329286004e-10,1.20988524754e-10,6.02953173501e-11,4.57708315693e-11,3.78445504101e-11,5.03177673139e-11,4.00379555898e-11,3.26987117938e-11,2.20440193877e-11,2.26167938544e-11,2.99751473642e-11,1.30836929832e-11,5.12348150017e-12,3.94269686343e-12,1.64971627938e-12],"dvar2":[0.0000624164895271,0.0000265564322035,0.00000426330552727,9.83350446404e-7,2.48162194794e-7,1.61184317449e-7,1.68259234101e-7,1.51295040496e-7,1.19925800846e-7,2.44904782676e-7,2.01175552661e-7,7.99933275175e-8,7.07898095698e-8,1.79500574404e-8,3.65500092414e-8,2.76983431746e-8,2.1595376154e-8,9.53352596866e-9,5.97881921749e-9,4.12906375757e-9,4.62872495888e-9,4.24556922951e-9,3.57831209108e-9,1.40865819009e-9,3.97976596123e-10,3.08158387696e-10,2.93222585102e-10,1.34979166733e-10,1.04554580271e-10,9.13923589585e-11,1.17744064498e-10,8.52409740015e-11,6.48568559969e-11,4.19736467805e-11,4.44333875249e-11,6.05977906742e-11,2.79961939048e-11,1.02413468331e-11,7.16225126082e-12,2.96560540881e-12],"max":[0.0475033521652,0.042285580188,0.0135448276997,0.00870739016682,0.00500560132787,0.00628389418125,0.00748325698078,0.00747013324872,0.00665033003315,0.00997916050255,0.00825246050954,0.00560350297019,0.00523529201746,0.0031646490097,0.00474248128012,0.00321836466901,0.00240790331736,0.0017460999079,0.00158329086844,0.00119342841208,0.00188744661864,0.00139447895344,0.00132079678588,0.00064232677687,0.000258226325968,0.000293992605293,0.000436799222371,0.000266490329523,0.000164356300957,0.000112242014438,0.000179703754839,0.000155768022523,0.000184938122402,0.000108380445454,0.0001210197006,0.000133387249662,0.000143436613143,0.000137843904668,0.000168330734596,0.0000550345139345],"mean":[0.00412836577743,0.00344902020879,0.00143076409586,0.000430812768172,0.000190246690181,0.000177089576027,0.000182152594789,0.000175926412339,0.000157276008395,0.000225178446271,0.000231751939282,0.000166522469954,0.000135195747134,0.0000861451990204,0.0000976560841082,0.000091729889391,0.0000883362445165,0.0000613621377852,0.0000466669953312,0.0000418085001002,0.0000364484003512,0.0000397974108637,0.0000375680865545,0.0000261072600551,0.000014908267076,0.0000120432041513,0.0000104826540337,0.00000767274468672,0.00000709076948624,0.00000623315008852,0.00000637930179437,0.00000584848066865,0.00000472483998237,0.00000388991520595,0.00000430679347119,0.0000047206635827,0.00000216486023419,0.00000132297873279,0.00000101885052572,8.49684170134e-7],"median":[0.00191238359548,0.00293134455569,0.00109880685341,0.000276096659945,0.000111404719064,0.0000897644131328,0.0000792960127001,0.0000700899763615,0.0000557089551876,0.0000648782297503,0.0000558069586987,0.0000520340690855,0.0000510837890033,0.000044011445425,0.0000410917782574,0.0000363494000339,0.0000352676361217,0.0000265228518401,0.0000195217999135,0.0000189834972844,0.0000165741603269,0.0000174540200533,0.0000159975006682,0.0000124567914099,0.00000768784411775,0.00000572673843635,0.00000467652580483,0.00000345907187693,0.00000333421894538,0.00000287845546154,0.00000266637448476,0.00000218424384002,0.00000148481944962,0.00000120645302104,0.00000163940114817,0.00000175198681518,5.62827040085e-7,3.27970042235e-7,2.7572042427e-7,2.36289267264e-7],"min":[6.34859084873e-24,1.032363334e-23,5.60733493813e-24,7.69911519645e-24,1.80274959014e-23,7.7625743231e-24,2.01032792438e-23,9.16346586189e-24,4.55398198759e-24,5.82375577203e-24,1.60577007547e-23,7.55848259629e-24,7.2072935542e-24,1.19964192004e-23,4.29564187405e-24,5.67777193393e-24,9.48945789781e-24,1.11382221548e-23,1.019662279e-23,9.03527517593e-24,1.2036677139e-23,1.03877637873e-23,7.65431026361e-24,1.04901729212e-23,1.12638624534e-23,1.13524499554e-23,1.3868695362e-23,1.51012526611e-23,1.0530644641e-23,1.28087928938e-23,1.57907770457e-23,1.41821760639e-23,1.07330008739e-23,1.32524829768e-23,9.34934121269e-24,1.02066216019e-23,1.17140945599e-23,7.78680103037e-24,1.02694606839e-23,1.03325719229e-23],"var":[0.000049302696425,0.0000113263722596,0.00000193183450392,3.73325576675e-7,8.38554896632e-8,9.19702642932e-8,1.39734552818e-7,1.31164313188e-7,1.78836572218e-7,3.19397685189e-7,3.43211041809e-7,1.60077902933e-7,9.33655641688e-8,2.2492750773e-8,5.08420221479e-8,3.56532545709e-8,2.79678040727e-8,1.40310767449e-8,8.46084180495e-9,4.69188288221e-9,4.79852868551e-9,3.95848598345e-9,3.45110096056e-9,1.33729927132e-9,3.57990165289e-10,2.75892031443e-10,2.75242856285e-10,1.4791150249e-10,1.11815681714e-10,7.62488058803e-11,9.30247337494e-11,9.68447683158e-11,9.03301114463e-11,6.39288552651e-11,6.71846189793e-11,8.48313225221e-11,3.84262240083e-11,2.02970123347e-11,1.1200518811e-11,5.18114717796e-12]},"melbands_crest":{"dmean":3.1560986042,"dmean2":4.90658330917,"dvar":11.8365869522,"dvar2":23.4729614258,"max":37.2336425781,"mean":15.9413852692,"median":14.9543056488,"min":1.92754876614,"var":37.1169242859},"melbands_flatness_db":{"dmean":0.0265193469822,"dmean2":0.0392283163965,"dvar":0.00108569744043,"dvar2":0.00235490244813,"max":0.519336521626,"mean":0.209433689713,"median":0.196281060576,"min":0.00424637040123,"var":0.00618794048205},"melbands_kurtosis":{"dmean":10.6251363754,"dmean2":15.9804124832,"dvar":622.282531738,"dvar2":1324.96862793,"max":439.105773926,"mean":20.6779518127,"median":7.26459312439,"min":-1.79120254517,"var":1439.67980957},"melbands_skewness":{"dmean":0.814445257187,"dmean2":1.19131755829,"dvar":1.20583415031,"dvar2":2.36743402481,"max":18.5515441895,"mean":3.15622234344,"median":2.52749419212,"min":-0.895126283169,"var":5.67445659637},"melbands_spread":{"dmean":6.11889600754,"dmean2":9.08411312103,"dvar":55.7445449829,"dvar2":108.527565002,"max":216.661697388,"mean":24.619644165,"median":21.750667572,"min":0.418586611748,"var":316.453674316},"mfcc":{"cov":[[9460.99316406,-1478.3581543,184.534820557,164.407272339,64.7918777466,580.131408691,353.281097412,541.671508789,149.838272095,193.555999756,36.628818512,-40.3603935242,-132.113967896],[-1478.3581543,1732.24072266,-463.364257812,9.32450580597,26.7233467102,-166.164718628,53.5538291931,-75.1247253418,16.6129131317,-19.2036743164,32.6431808472,47.3278045654,24.1696186066],[184.534820557,-463.364257812,752.217285156,91.7669525146,80.4617919922,144.605072021,-43.0094718933,28.8302764893,28.6367683411,33.5367279053,15.0800628662,8.8467874527,14.688164711],[164.407272339,9.32450580597,91.7669525146,259.348419189,73.0920028687,72.0490875244,12.2627191544,22.2484111786,28.4814395905,30.3504295349,9.02201080322,11.7751111984,16.431968689],[64.7918777466,26.7233467102,80.4617919922,73.0920028687,194.240982056,58.5954818726,16.9150829315,33.726272583,41.5218238831,26.0792884827,13.1901779175,10.9851741791,5.49194908142],[580.131408691,-166.164718628,144.605072021,72.0490875244,58.5954818726,206.894058228,85.8293457031,95.3827514648,24.3829803467,23.3142051697,13.8866910934,-0.0473538041115,-6.17317438126],[353.281097412,53.5538291931,-43.0094718933,12.2627191544,16.9150829315,85.8293457031,193.925796509,110.185005188,20.1820030212,7.7700920105,18.1462516785,-6.69130468369,-18.4022941589],[541.671508789,-75.1247253418,28.8302764893,22.2484111786,33.726272583,95.3827514648,110.185005188,183.912918091,56.4959640503,21.9477539062,18.8492164612,-10.7864637375,-26.5129318237],[149.838272095,16.6129131317,28.6367683411,28.4814395905,41.5218238831,24.3829803467,20.1820030212,56.4959640503,102.416046143,51.1384544373,16.583978653,-1.12990236282,-16.2546768188],[193.555999756,-19.2036743164,33.5367279053,30.3504295349,26.0792884827,23.3142051697,7.7700920105,21.9477539062,51.1384544373,93.9330444336,31.2353725433,5.35023069382,-12.421292305],[36.628818512,32.6431808472,15.0800628662,9.02201080322,13.1901779175,13.8866910934,18.1462516785,18.8492164612,16.583978653,31.2353725433,69.5771331787,29.5407295227,-2.10147881508],[-40.3603935242,47.3278045654,8.8467874527,11.7751111984,10.9851741791,-0.0473538041115,-6.69130468369,-10.7864637375,-1.12990236282,5.35023069382,29.5407295227,69.1631851196,27.0625648499],[-132.113967896,24.1696186066,14.688164711,16.431968689,5.49194908142,-6.17317438126,-18.4022941589,-26.5129318237,-16.2546768188,-12.421292305,-2.10147881508,27.0625648499,69.2235946655]],"icov":[[0.000162316748174,0.000124641373986,0.000102393452835,-0.0000409614985983,0.0000514766143169,-0.000267243391136,-0.0000331239061779,-0.000277837592876,0.000056891967688,-0.000262364483206,0.000135184702231,-0.000141668526339,0.000136896167533],[0.000124641373986,0.000913967553061,0.0004953276366,-0.000247121031862,-0.000266173330601,0.000367633940186,-0.000619591388386,0.000315107463393,-0.000481302762637,0.00017427316925,-0.000305118563119,-0.000415055284975,-0.0000465421217086],[0.000102393452835,0.0004953276366,0.00202799029648,-0.00026552262716,-0.000371031841496,-0.00139519840013,0.000828000018373,0.0000291439937428,-0.000363688595826,-0.0000671715824865,-0.000439158029621,-0.0000460496667074,-0.000301293970551],[-0.0000409614985983,-0.000247121031862,-0.00026552262716,0.0048720240593,-0.00109698867891,-0.00143147527706,0.000281969027128,0.000257533421973,-0.000369308923837,-0.000961672514677,0.000422835117206,-0.0000591999996686,-0.00118237861898],[0.0000514766143169,-0.000266173330601,-0.000371031841496,-0.00109698867891,0.00663127563894,-0.00137945869938,0.00026633424568,-0.000214277941268,-0.00192797498312,-0.000136082395329,0.0000452528693131,-0.000494290376082,-0.000412601541029],[-0.000267243391136,0.000367633940186,-0.00139519840013,-0.00143147527706,-0.00137945869938,0.00986898876727,-0.0030403949786,-0.00212095212191,0.00127139128745,-0.000497865490615,0.000136051734444,-0.000258304440649,-0.000319299841067],[-0.0000331239061779,-0.000619591388386,0.000828000018373,0.000281969027128,0.00026633424568,-0.0030403949786,0.00961877498776,-0.00475725950673,0.00132930115797,0.000277541083051,-0.00135942781344,0.000840828870423,0.000345172535162],[-0.000277837592876,0.000315107463393,0.0000291439937428,0.000257533421973,-0.000214277941268,-0.00212095212191,-0.00475725950673,0.0122015541419,-0.00565777998418,0.00244861887768,-0.00182231341023,0.00109378155321,0.00115676911082],[0.000056891967688,-0.000481302762637,-0.000363688595826,-0.000369308923837,-0.00192797498312,0.00127139128745,0.00132930115797,-0.00565777998418,0.0174665097147,-0.00824927352369,0.00132354733068,-0.00026589614572,0.00165951077361],[-0.000262364483206,0.00017427316925,-0.0000671715824865,-0.000961672514677,-0.000136082395329,-0.000497865490615,0.000277541083051,0.00244861887768,-0.00824927352369,0.0180564355105,-0.00709134433419,0.00135037361179,0.00121872010641],[0.000135184702231,-0.000305118563119,-0.000439158029621,0.000422835117206,0.0000452528693131,0.000136051734444,-0.00135942781344,-0.00182231341023,0.00132354733068,-0.00709134433419,0.0227266661823,-0.0105191627517,0.0031472214032],[-0.000141668526339,-0.000415055284975,-0.0000460496667074,-0.0000591999996686,-0.000494290376082,-0.000258304440649,0.000840828870423,0.00109378155321,-0.00026589614572,0.00135037361179,-0.0105191627517,0.0226991809905,-0.00845658872277],[0.000136896167533,-0.0000465421217086,-0.000301293970551,-0.00118237861898,-0.000412601541029,-0.000319299841067,0.000345172535162,0.00115676911082,0.00165951077361,0.00121872010641,0.0031472214032,-0.00845658872277,0.0196170825511]],"mean":[-632.318969727,121.31187439,-6.48446702957,24.9307556152,9.58155727386,15.9599742889,3.77935004234,13.0346345901,3.55724596977,4.78117704391,2.06327772141,4.35181999207,-1.72176647186]},"pitch_salience":{"dmean":0.0731932520866,"dmean2":0.116132803261,"dvar":0.00611963123083,"dvar2":0.0141351297498,"max":0.876730203629,"mean":0.532447338104,"median":0.540784299374,"min":0.0672304034233,"var":0.0171803701669},"silence_rate_20dB":{"dmean":0,"dmean2":0,"dvar":0,"dvar2":0,"max":1,"mean":1,"median":1,"min":1,"var":0},"silence_rate_30dB":{"dmean":0.0452818721533,"dmean2":0.090570628643,"dvar":0.0432309955359,"dvar2":0.115329302847,"max":1,"mean":0.971207141876,"median":1,"min":0,"var":0.0279606804252},"silence_rate_60dB":{"dmean":0.00683786673471,"dmean2":0.0136767718941,"dvar":0.00679018627852,"dvar2":0.015917615965,"max":1,"mean":0.074906937778,"median":0,"min":0,"var":0.0692992955446},"spectral_centroid":{"dmean":219.247207642,"dmean2":333.606231689,"dvar":61429.984375,"dvar2":119519.421875,"max":11474.21875,"mean":1457.11010742,"median":1454.3092041,"min":169.07635498,"var":403720.9375},"spectral_complexity":{"dmean":4.01246023178,"dmean2":6.07917308807,"dvar":20.3484916687,"dvar2":39.3027763367,"max":62,"mean":24.1685791016,"median":24,"min":0,"var":178.65574646},"spectral_contrast_coeffs":{"dmean":[0.0458702147007,0.0426548421383,0.0345070920885,0.0269776526839,0.0198725033551,0.0174213629216],"dmean2":[0.0759059265256,0.0702801048756,0.0562528222799,0.0444202832878,0.03276014328,0.0274917893112],"dvar":[0.00152017443907,0.00123124348465,0.000790194841102,0.00046655657934,0.000267163530225,0.000259630643995],"dvar2":[0.00403731269762,0.00324557721615,0.00206779036671,0.00120728334878,0.000684276223183,0.000635967415292],"max":[-0.411954760551,-0.331088364124,-0.460362762213,-0.522325098515,-0.624766469002,-0.576948225498],"mean":[-0.674799919128,-0.769841432571,-0.782065987587,-0.791942358017,-0.795133829117,-0.746471166611],"median":[-0.675424098969,-0.780012369156,-0.793779850006,-0.799445092678,-0.798510789871,-0.74360781908],"min":[-0.954235255718,-0.957968890667,-0.955438494682,-0.958526194096,-0.958649814129,-0.959739327431],"var":[0.00410452578217,0.00432579964399,0.00454374589026,0.00262667099014,0.00135061552282,0.00159302807879]},"spectral_contrast_valleys":{"dmean":[0.339427113533,0.326078116894,0.280421078205,0.253784924746,0.234431579709,0.310706317425],"dmean2":[0.562424898148,0.537365674973,0.452366173267,0.405205518007,0.363294571638,0.432213306427],"dvar":[0.106706641614,0.0920467674732,0.0684930384159,0.0712363868952,0.0865868479013,0.202631860971],"dvar2":[0.255205333233,0.223468676209,0.145296305418,0.141869679093,0.177656114101,0.417446643114],"max":[-4.9642739296,-4.7602558136,-5.19576644897,-5.46843004227,-5.53575754166,-7.16784763336],"mean":[-6.91331100464,-6.72999620438,-7.02738189697,-7.28367090225,-7.35345363617,-10.2065267563],"median":[-6.61401033401,-6.6036157608,-6.83034706116,-7.08389282227,-7.11688995361,-9.81050777435],"min":[-27.5325469971,-27.3576126099,-27.4341545105,-27.3795089722,-27.3374595642,-27.2870197296],"var":[1.5568510294,0.836683690548,1.06318080425,0.986711680889,1.26455581188,2.47043848038]},"spectral_decrease":{"dmean":2.97102298319e-9,"dmean2":4.35618030536e-9,"dvar":2.37085200225e-17,"dvar2":4.78489871433e-17,"max":-1.26129385276e-29,"mean":-9.42627220724e-9,"median":-8.22068280115e-9,"min":-4.5922515568e-8,"var":4.82095452462e-17},"spectral_energy":{"dmean":0.0115033052862,"dmean2":0.0167977176607,"dvar":0.000341917562764,"dvar2":0.000690169574227,"max":0.176258578897,"mean":0.0379513166845,"median":0.0334241688251,"min":1.05888828085e-20,"var":0.000726523750927},"spectral_energyband_high":{"dmean":0.000518854241818,"dmean2":0.000715774775017,"dvar":9.50708567871e-7,"dvar2":0.00000163362926742,"max":0.0244360845536,"mean":0.00123883027118,"median":0.000580509135034,"min":7.48780934927e-21,"var":0.00000364527431884},"spectral_energyband_low":{"dmean":0.0100007355213,"dmean2":0.0148114012554,"dvar":0.000374685041606,"dvar2":0.000767192570493,"max":0.167603090405,"mean":0.0217423979193,"median":0.0157309044152,"min":5.92404436889e-23,"var":0.000617476238403},"spectral_energyband_middle_high":{"dmean":0.00197203154676,"dmean2":0.00302504864521,"dvar":0.00000807870037534,"dvar2":0.0000186568395293,"max":0.0524089224637,"mean":0.00778496777639,"median":0.00480417627841,"min":1.5574133753e-21,"var":0.0000699458323652},"spectral_energyband_middle_low":{"dmean":0.00387634010985,"dmean2":0.0062489034608,"dvar":0.0000290194784611,"dvar2":0.00007300399011,"max":0.0585378371179,"mean":0.0090920124203,"median":0.00714149419218,"min":3.22520618794e-22,"var":0.0000584673252888},"spectral_entropy":{"dmean":0.125808268785,"dmean2":0.184347182512,"dvar":0.0206747669727,"dvar2":0.0430322252214,"max":9.78903865814,"mean":7.74298524857,"median":7.79530191422,"min":5.62949228287,"var":0.157678768039},"spectral_flux":{"dmean":0.029137859121,"dmean2":0.0470060035586,"dvar":0.00150685280096,"dvar2":0.00381392170675,"max":0.382273197174,"mean":0.0910984054208,"median":0.0819601044059,"min":1.02902297794e-10,"var":0.00317840464413},"spectral_kurtosis":{"dmean":1.71606087685,"dmean2":2.90754365921,"dvar":8.95656681061,"dvar2":27.3406677246,"max":60.4936218262,"mean":4.91115856171,"median":3.98939657211,"min":-1.19712078571,"var":21.4123020172},"spectral_rms":{"dmean":0.000798683264293,"dmean2":0.00115758960601,"dvar":0.00000119040839763,"dvar2":0.00000226897827815,"max":0.0131133366376,"mean":0.00566106429324,"median":0.00571042438969,"min":3.21412774867e-12,"var":0.00000497808832733},"spectral_rolloff":{"dmean":438.47164917,"dmean2":686.94732666,"dvar":536450.75,"dvar2":1013146.0625,"max":19099.9511719,"mean":1445.41430664,"median":1162.79296875,"min":64.599609375,"var":2047423.75},"spectral_skewness":{"dmean":0.206769526005,"dmean2":0.333486229181,"dvar":0.0634398981929,"dvar2":0.178769782186,"max":5.43304824829,"mean":1.50622999668,"median":1.46474099159,"min":-0.0748304203153,"var":0.239228576422},"spectral_spread":{"dmean":491394.8125,"dmean2":672647.1875,"dvar":400265412608,"dvar2":642071724032,"max":40833836,"mean":4424175.5,"median":4259981.5,"min":1064974.625,"var":2592319995900},"spectral_strongpeak":{"dmean":0.429672628641,"dmean2":0.732347011566,"dvar":0.835500955582,"dvar2":2.07003593445,"max":11.0966682434,"mean":0.827444970608,"median":0.374072194099,"min":0,"var":1.76749491692},"zerocrossingrate":{"dmean":0.00937457662076,"dmean2":0.0107175894082,"dvar":0.000107823798317,"dvar2":0.000112310954137,"max":0.5263671875,"mean":0.0567697510123,"median":0.05126953125,"min":0.00244140625,"var":0.00121031585149}},"metadata":{"audio_properties":{"analysis_sample_rate":44100,"bit_rate":0,"codec":"flac","downmix":"mix","equal_loudness":0,"length":305.613342285,"lossless":true,"md5_encoded":"2f9dd9510682f33437e6f271a0d19fe8","replay_gain":-15.0675487518,"sample_rate":44100},"tags":{"acoustid_id":["48ebd7d1-a0e0-42bf-ae69-583b4cf6f6b4"],"album":["The Pale Emperor"],"albumartist":["Marilyn Manson"],"albumartistsort":["Marilyn Manson"],"artist":["Marilyn Manson"],"artistsort":["Marilyn Manson"],"asin":["B00PEJG1K0"],"barcode":["888072368569"],"catalognumber":["LVR-36856-02"],"date":["2015-01-20"],"file_name":"08 - Birds of Hell Awaiting.flac","label":["Loma Vista Recordings"],"media":["CD"],"musicbrainz_albumartistid":["5dfdca28-9ddc-4853-933c-8bc97d87beec"],"musicbrainz_albumid":["2fe0a7ce-6876-44a6-b966-6f5fe466473b"],"musicbrainz_artistid":["5dfdca28-9ddc-4853-933c-8bc97d87beec"],"musicbrainz_recordingid":["f1fae44f-22d7-45d9-a2ee-10d41bfe37d6"],"musicbrainz_releasegroupid":["07192b2b-a27f-4fe4-b03c-5597400a1b0c"],"musicbrainz_releasetrackid":["c9908ee1-16a3-4379-97be-f578cfaadd4d"],"originaldate":["2015"],"releasecountry":["US"],"releasestatus":["official"],"releasetype":["album"],"script":["Latn"],"title":["Birds of Hell Awaiting"],"totaltracks":["13"],"tracknumber":["8"],"tracktotal":["13"]},"version":{"essentia":"2.1-beta2","essentia_build_sha":"70f2e5ece6736b2c40cc944ad0e695b16b925413","essentia_git_sha":"v2.1_beta2","extractor":"music 1.0"}},"rhythm":{"beats_count":426,"beats_loudness":{"dmean":0.0393735207617,"dmean2":0.0782335177064,"dvar":0.00083413743414,"dvar2":0.00283715920523,"max":0.152517572045,"mean":0.0608746595681,"median":0.0547784455121,"min":1.16822711504e-8,"var":0.00131918152329},"beats_loudness_band_ratio":{"dmean":[0.447050273418,0.194990828633,0.10342182219,0.0938493683934,0.0850347578526,0.115004