{"lowlevel":{"average_loudness":0.796674191952,"barkbands":{"dmean":[0.0000242197565967,0.00334933237173,0.0027163811028,0.00142253085505,0.004892305471,0.000528943666723,0.000209551508306,0.000378957600333,0.000596781726927,0.000210680489545,0.000160350726219,0.00015950393572,0.000290580588626,0.000248417491093,0.000213639708818,0.000120143740787,0.0000945225401665,0.0000669237560942,0.0000891419767868,0.0000702558536432,0.0000450358347734,0.0000683135658619,0.0000575652702537,0.0000338991885656,0.0000326995104842,0.0000185905737453,0.0000172033123818],"dmean2":[0.0000406773760915,0.00564255891368,0.00474624475464,0.00245029781945,0.00778294866905,0.000870873918757,0.000331066577928,0.000588609836996,0.000936516036745,0.00033157429425,0.000248426542385,0.000258133251918,0.000460440234747,0.000398626667447,0.000334592798026,0.000200490627321,0.000148870487465,0.000104305967398,0.000140896285302,0.000104175611341,0.0000691862587701,0.000103104961454,0.0000740513569326,0.0000432335000369,0.000041239134589,0.0000253560374404,0.0000256427410932],"dvar":[6.52149978464e-9,0.000114726062748,0.0000805579256848,0.0000108816893771,0.000268910633167,0.00000196577366296,1.82412719596e-7,7.22234744899e-7,0.00000144329942486,2.40477646685e-7,1.20481630006e-7,1.00710167317e-7,2.39394211121e-7,2.10832141079e-7,2.10021255498e-7,4.46553407585e-8,2.48689371318e-8,1.38065345823e-8,1.93986711139e-8,1.31455077934e-8,8.04591415715e-9,2.14950617305e-8,1.5375249518e-8,5.06804287426e-9,3.28658322779e-9,7.78157649428e-10,9.2590057843e-10],"dvar2":[1.71830265572e-8,0.000300676969346,0.000201284754439,0.0000293345619866,0.000679015938658,0.00000519356763107,4.43548657358e-7,0.00000169700626884,0.000003557721584,5.87551596709e-7,2.6781904694e-7,2.49043552003e-7,5.93554148054e-7,5.24408847014e-7,5.09178335051e-7,1.18225791823e-7,5.93195501608e-8,3.30784040159e-8,4.62523068734e-8,2.87460224513e-8,1.91997173715e-8,5.24276515534e-8,2.97375066793e-8,9.43621802918e-9,4.918929708e-9,1.56145851804e-9,2.02734540267e-9],"max":[0.000710197840817,0.088786624372,0.148585990071,0.0387065634131,0.155510053039,0.0174798946828,0.0119818961248,0.0139777706936,0.0177344027907,0.00901141297072,0.00907204020768,0.00746270688251,0.00815663021058,0.00695132371038,0.012623035349,0.00344292889349,0.00377373863012,0.00290231313556,0.00207818043418,0.0018458989216,0.00150027009659,0.00230692396872,0.00203252909705,0.00104844104499,0.000856945407577,0.000379939068807,0.000398380885599],"mean":[0.0000179712023964,0.00276780501008,0.00246468023397,0.00155346514657,0.0047477632761,0.000643797684461,0.000346394372173,0.000578985956963,0.000890079943929,0.000332134979544,0.000223262963118,0.000233045007917,0.000439172465121,0.000363186380127,0.000372349808458,0.000183154101251,0.000168357160874,0.00011391130829,0.000157164220582,0.000128223648062,0.0000683200341882,0.0000996920934995,0.0000955071882345,0.0000557735402253,0.0000647942579235,0.0000252632125921,0.0000174475590029],"median":[8.00766429165e-7,0.000174227490788,0.00029424004606,0.000521819747519,0.00084494065959,0.000252774509136,0.000143621422467,0.000162784257554,0.000263836816885,0.0000899716906133,0.0000624377353233,0.0000874839170137,0.000184152915608,0.000131607419462,0.000133606648888,0.0000896434503375,0.0000826036848594,0.0000531037403562,0.0000674945476931,0.0000488004407089,0.0000185220396816,0.0000286344366032,0.000026033121685,0.0000142519320434,0.0000216058178921,0.00000715081023372,0.00000209197378354],"min":[4.06971276407e-26,3.44877365988e-24,1.52433939577e-24,1.05715318934e-24,9.33568918586e-24,9.51107110889e-24,7.60353128714e-24,1.35325964401e-23,9.68526737398e-24,2.06066261439e-23,1.99823815769e-23,1.40085241129e-23,1.90277746846e-23,4.89877668096e-23,3.67056663655e-23,7.56649190106e-23,7.98946586558e-23,1.20518369946e-22,1.0588945564e-22,2.009543134e-22,2.2282379699e-22,2.86334269029e-22,3.62416280888e-22,6.13188119707e-22,8.67392879238e-22,1.24963312108e-21,2.08792624681e-21],"var":[4.87173990038e-9,0.0000890731971595,0.0000750150938984,0.00000902850752027,0.000242133712163,0.00000173788123448,3.38069639838e-7,0.00000137781910325,0.00000246418949246,5.57978239613e-7,2.27185495305e-7,1.64149980719e-7,4.06690418231e-7,3.31571357037e-7,4.77288892853e-7,7.10833347739e-8,5.22681666837e-8,2.61195278739e-8,4.24510595565e-8,3.41667174553e-8,1.40557387951e-8,3.39254029313e-8,3.61747574118e-8,1.10995879155e-8,1.12491091997e-8,1.46218881447e-9,1.15443454796e-9]},"barkbands_crest":{"dmean":2.89959454536,"dmean2":4.57392311096,"dvar":8.02042388916,"dvar2":18.7343158722,"max":25.6711368561,"mean":9.52641487122,"median":8.49882507324,"min":2.36688733101,"var":17.7273693085},"barkbands_flatness_db":{"dmean":0.0256318375468,"dmean2":0.0389940850437,"dvar":0.000664527062327,"dvar2":0.00169145863038,"max":0.343895345926,"mean":0.124267607927,"median":0.116324134171,"min":0.026201762259,"var":0.00227764551528},"barkbands_kurtosis":{"dmean":3.35061216354,"dmean2":5.32393455505,"dvar":43.6699295044,"dvar2":109.155525208,"max":116.539283752,"mean":3.42552065849,"median":0.921503484249,"min":-1.88719499111,"var":56.1144790649},"barkbands_skewness":{"dmean":0.662735044956,"dmean2":0.971110641956,"dvar":0.610380530357,"dvar2":1.28992009163,"max":9.98009681702,"mean":1.41219329834,"median":1.17358374596,"min":-2.08685088158,"var":1.54847061634},"barkbands_spread":{"dmean":6.58062982559,"dmean2":9.98524093628,"dvar":53.3072013855,"dvar2":120.125488281,"max":143.257873535,"mean":23.5025691986,"median":21.5571155548,"min":1.78025269508,"var":161.851852417},"dissonance":{"dmean":0.0178310032934,"dmean2":0.0296446662396,"dvar":0.000309875613311,"dvar2":0.000824411574285,"max":0.500000178814,"mean":0.465046435595,"median":0.471692979336,"min":0.274708002806,"var":0.000699661497492},"dynamic_complexity":4.03041505814,"erbbands":{"dmean":[0.0582907088101,0.909686565399,3.04287385941,3.76957845688,17.7909526825,11.1517648697,4.29447126389,3.98196315765,2.57186460495,4.88473272324,8.81691646576,14.2916994095,8.69390583038,5.26016616821,6.44273090363,6.79840898514,12.6874341965,11.8542060852,12.3259220123,8.53952503204,6.00921869278,4.82035255432,3.89097619057,3.40099835396,4.66162157059,3.49485826492,1.7957816124,2.00354838371,2.79651498795,1.95255255699,1.58974885941,0.828266918659,0.512724816799,0.280512303114,0.319526582956,0.0876262485981,0.034646641463,0.0113951675594,0.00318899052218,0.000198093679501],"dmean2":[0.0991223156452,1.53713274002,5.26789617538,6.4650888443,28.1814804077,18.458940506,7.07755422592,6.44744729996,4.03270244598,7.54251098633,13.9088068008,22.4072799683,13.7147073746,8.02205467224,10.1875867844,10.7687931061,19.976064682,19.2402915955,19.4146251678,13.3377456665,9.97756481171,7.47333240509,6.04864645004,5.3510799408,7.22852659225,5.18297386169,2.63519716263,3.17873620987,4.2208313942,2.47680664062,2.18448281288,1.04486274719,0.648560881615,0.35396116972,0.424536257982,0.113961443305,0.0480196587741,0.01673839055,0.00476553430781,0.000288535578875],"dvar":[0.0358341224492,8.39208698273,98.8843154907,74.7980575562,3571.41503906,1279.56872559,112.524154663,98.3991851807,25.058429718,121.850212097,399.703948975,890.372192383,383.069061279,127.216026306,185.009994507,170.880905151,471.466156006,495.328948975,644.372314453,263.445526123,129.913070679,66.7423553467,45.751159668,31.2590332031,52.011631012,35.9903297424,11.981842041,17.4344882965,37.3279495239,15.5106697083,13.0059528351,3.11296153069,1.02376163006,0.235529258847,0.380260407925,0.0172844175249,0.00288219889626,0.0003730141907,0.000031768810004,1.48197287331e-7],"dvar2":[0.0921229273081,22.2420082092,247.877975464,199.10987854,8981.91796875,3355.65380859,294.365020752,254.613891602,59.0703048706,282.606872559,962.163085938,2199.92431641,954.64239502,290.060913086,432.404693604,400.289459229,1169.20336914,1251.48608398,1608.25170898,587.101867676,350.278015137,155.288574219,108.759979248,70.2877502441,121.134689331,80.4540176392,27.731010437,43.7234840393,92.7326507568,28.3450679779,28.444486618,5.76705026627,1.86169052124,0.361889690161,0.656574130058,0.0323608182371,0.00580161809921,0.000824112386908,0.0000696075076121,3.31502320705e-7],"max":[1.42532396317,24.0843906403,148.394256592,129.993011475,590.383666992,396.625671387,144.68057251,109.34223938,136.052307129,226.747039795,399.04107666,527.659606934,397.395324707,272.829620361,302.32522583,333.960723877,423.259399414,316.490905762,603.479797363,388.125305176,221.555984497,213.047393799,142.549789429,75.99949646,101.535133362,97.5850372314,77.37840271,56.2871017456,102.359016418,68.0452346802,49.5565071106,25.2511978149,13.557062149,8.71090698242,10.8369426727,1.73866415024,0.780144333839,0.207855850458,0.0645340904593,0.00587778864428],"mean":[0.0462680272758,0.75712877512,2.75748372078,4.12908029556,16.8736820221,10.9592704773,5.3015422821,5.21612787247,4.23496627808,8.45336437225,14.0073204041,22.005033493,13.5967025757,8.56478500366,9.68601608276,10.7240028381,20.1548404694,18.1347866058,21.7240428925,15.4163541794,9.72766494751,8.895819664,7.03927326202,6.4412984848,8.48710346222,6.24092578888,3.07648324966,2.88702392578,3.8870549202,3.22568488121,2.50685334206,1.33856332302,0.866246283054,0.555491924286,0.586991727352,0.141891494393,0.0449554622173,0.0117108123377,0.0031808281783,0.000220446585445],"median":[0.00251122028567,0.0598824769258,0.383843690157,1.29506969452,2.8560731411,2.47113847733,2.03655576706,2.11013150215,1.97308158875,2.90183949471,4.73144388199,6.96030807495,3.77373337746,3.15932703018,3.66296768188,4.28695678711,9.06765651703,8.27057743073,7.74399805069,8.07223892212,4.77879858017,4.44171619415,3.5412106514,2.84963059425,3.71430706978,2.3815279007,1.08022212982,0.731804251671,1.06666851044,0.881025671959,0.698646426201,0.330550998449,0.223072826862,0.166777014732,0.182019293308,0.0508526712656,0.0107380971313,0.00178092543501,0.000366064719856,0.0000339993021043],"min":[4.15490482871e-23,5.97382325906e-22,2.707291261e-21,4.69693023529e-21,1.59708316821e-20,3.31398474062e-20,3.53255267721e-20,6.15873770785e-20,1.06611774247e-19,3.16456839239e-19,2.72554279927e-19,2.57626022165e-19,5.95923815846e-19,7.19455537212e-19,9.14067767493e-19,1.16221336926e-18,1.31624091336e-18,2.13527493426e-18,2.64837775656e-18,3.85096953383e-18,4.44362583116e-18,5.15900347135e-18,6.33559551441e-18,5.88348630214e-18,5.25717492081e-18,8.89361185406e-18,9.45944888798e-18,9.87969220792e-18,1.09392857572e-17,1.04949235049e-17,1.05655150984e-17,1.13164147692e-17,1.0072651111e-17,7.64264427982e-18,6.01732371166e-18,3.805446476e-18,2.2174942056e-18,1.0042844278e-18,2.52256689411e-19,2.79552344231e-20],"var":[0.0281189456582,6.42592954636,90.563117981,68.2628936768,3244.4440918,1056.60693359,106.91217041,97.5659866333,43.084274292,259.009979248,729.350891113,1599.84716797,773.049682617,301.547576904,304.557312012,314.969573975,812.311218262,723.822937012,1559.33618164,548.90246582,196.492965698,139.5965271,89.6235733032,72.595199585,124.009078979,84.4802780151,24.216085434,26.2946453094,53.4340705872,39.4551963806,25.2816104889,6.76843070984,2.50112342834,0.837575137615,1.0724503994,0.0442853868008,0.00503055565059,0.000450525636552,0.0000388704938814,1.93799692738e-7]},"erbbands_crest":{"dmean":2.64170646667,"dmean2":4.30016565323,"dvar":6.21514463425,"dvar2":15.1813526154,"max":32.4354972839,"mean":8.74014091492,"median":7.79707622528,"min":2.12980532646,"var":16.6873226166},"erbbands_flatness_db":{"dmean":0.0219111870974,"dmean2":0.0284069664776,"dvar":0.000550127297174,"dvar2":0.000955748197157,"max":0.406412571669,"mean":0.148533284664,"median":0.140175610781,"min":0.0217047333717,"var":0.00257858494297},"erbbands_kurtosis":{"dmean":0.707720637321,"dmean2":1.09463310242,"dvar":0.816454470158,"dvar2":1.81002569199,"max":22.7786159515,"mean":0.164618551731,"median":-0.206696525216,"min":-1.84263980389,"var":2.17010211945},"erbbands_skewness":{"dmean":0.332519054413,"dmean2":0.494555920362,"dvar":0.093740709126,"dvar2":0.200340986252,"max":3.36031603813,"mean":0.106027536094,"median":0.124870337546,"min":-2.81556558609,"var":0.375075489283},"erbbands_spread":{"dmean":8.55599212646,"dmean2":12.3556890488,"dvar":77.7789764404,"dvar2":154.570358276,"max":135.339874268,"mean":38.9934844971,"median":35.3737640381,"min":3.00431680679,"var":333.533294678},"gfcc":{"cov":[[18564.8320312,-448.327972412,-219.682434082,864.455566406,-808.553039551,276.97366333,-290.068389893,88.3995895386,-410.709228516,-471.774414062,-544.34375,-196.115188599,-457.291473389],[-448.327972412,1832.60339355,-80.158454895,256.419494629,465.881622314,65.5631027222,166.720687866,51.0718345642,83.2462768555,-8.1333694458,65.5961761475,-89.1760253906,-26.1832351685],[-219.682434082,-80.158454895,1272.5748291,197.742004395,443.049285889,227.455154419,191.154098511,5.62377548218,23.0816555023,20.2672939301,-77.9964981079,41.25989151,-28.8963489532],[864.455566406,256.419494629,197.742004395,618.581726074,38.3267250061,194.940948486,56.5643577576,23.934633255,1.83410286903,-73.6893768311,-47.327999115,-61.6325531006,-34.1359558105],[-808.553039551,465.881622314,443.049285889,38.3267250061,615.308166504,103.561820984,219.389175415,60.0295524597,91.3361282349,84.458770752,11.5918216705,3.55095624924,1.50229167938],[276.97366333,65.5631027222,227.455154419,194.940948486,103.561820984,259.09576416,101.684646606,58.541847229,20.4377174377,25.8662700653,-17.4295501709,-7.78326368332,-20.0318164825],[-290.068389893,166.720687866,191.154098511,56.5643577576,219.389175415,101.684646606,250.275909424,77.2583236694,56.3751564026,24.7216243744,23.0284461975,5.82074928284,-23.6593952179],[88.3995895386,51.0718345642,5.62377548218,23.934633255,60.0295524597,58.541847229,77.2583236694,145.364364624,66.3721160889,38.22864151,13.1817932129,-1.61695611477,-21.211971283],[-410.709228516,83.2462768555,23.0816555023,1.83410286903,91.3361282349,20.4377174377,56.3751564026,66.3721160889,118.606666565,49.228313446,23.9302272797,3.16929244995,5.21862030029],[-471.774414062,-8.1333694458,20.2672939301,-73.6893768311,84.458770752,25.8662700653,24.7216243744,38.22864151,49.228313446,137.732955933,48.8152580261,27.5859222412,17.5110874176],[-544.34375,65.5961761475,-77.9964981079,-47.327999115,11.5918216705,-17.4295501709,23.0284461975,13.1817932129,23.9302272797,48.8152580261,101.35320282,31.8214454651,11.9020318985],[-196.115188599,-89.1760253906,41.25989151,-61.6325531006,3.55095624924,-7.78326368332,5.82074928284,-1.61695611477,3.16929244995,27.5859222412,31.8214454651,89.8314743042,33.795791626],[-457.291473389,-26.1832351685,-28.8963489532,-34.1359558105,1.50229167938,-20.0318164825,-23.6593952179,-21.211971283,5.21862030029,17.5110874176,11.9020318985,33.795791626,85.9564590454]],"icov":[[0.0000899601363926,-0.00000551909442947,0.0000526498588442,-0.0000951449401327,0.0000424744321208,-0.0000415347458329,0.0000742793490645,-0.00016717739345,0.000229823199334,0.0000199572932615,0.000437495677033,-0.000248098367592,0.000444541306933],[-0.00000551909442947,0.00095718645025,0.000407426414313,-0.000385553517845,-0.00110614812002,-0.0000242163296207,0.000120527023682,0.00010881133494,-0.00012592622079,0.000637286284473,-0.000918009085581,0.000626754073892,0.0000782811257523],[0.0000526498588442,0.000407426414313,0.0016582616372,-0.000425977254054,-0.00136976107024,-0.000767335877754,-0.0000953772687353,0.000706712715328,0.000061223472585,0.000219199326239,0.00125910330098,-0.00147317093797,0.00114226038568],[-0.0000951449401327,-0.000385553517845,-0.000425977254054,0.00287955603562,0.000462057185359,-0.00203577824868,0.00015273198369,0.00015472866653,-0.000712334993295,0.001580760465,-0.000657713739201,0.00144585839007,-0.000781731388997],[0.0000424744321208,-0.00110614812002,-0.00136976107024,0.000462057185359,0.00462982384488,0.000460145296529,-0.00241100182757,0.000213762818021,-0.000762643176131,-0.00222835037857,0.00137042161077,0.000507618009578,-0.000861591484863],[-0.0000415347458329,-0.0000242163296207,-0.000767335877754,-0.00203577824868,0.000460145296529,0.00733519066125,-0.00199444056489,-0.00165761646349,0.00124433287419,-0.00281108450145,0.00120453478303,0.0000393901354983,-0.00023654809047],[0.0000742793490645,0.000120527023682,-0.0000953772687353,0.00015273198369,-0.00241100182757,-0.00199444056489,0.00802665483207,-0.00244585704058,-0.000667762709782,0.00240376149304,-0.00220768805593,-0.000831062730867,0.00182684964966],[-0.00016717739345,0.00010881133494,0.000706712715328,0.00015472866653,0.000213762818021,-0.00165761646349,-0.00244585704058,0.012105374597,-0.00579201150686,-0.00155385956168,0.000339702848578,-0.000513823877554,0.002190023195],[0.000229823199334,-0.00012592622079,0.000061223472585,-0.000712334993295,-0.000762643176131,0.00124433287419,-0.000667762709782,-0.00579201150686,0.0144308106974,-0.00285312649794,0.000120870390674,0.000615203753114,-0.000941318809055],[0.0000199572932615,0.000637286284473,0.000219199326239,0.001580760465,-0.00222835037857,-0.00281108450145,0.00240376149304,-0.00155385956168,-0.00285312649794,0.0132138393819,-0.0054396148771,-0.000346036831615,-0.000965689949226],[0.000437495677033,-0.000918009085581,0.00125910330098,-0.000657713739201,0.00137042161077,0.00120453478303,-0.00220768805593,0.000339702848578,0.000120870390674,-0.0054396148771,0.0183366648853,-0.00681341392919,0.00318353949115],[-0.000248098367592,0.000626754073892,-0.00147317093797,0.00144585839007,0.000507618009578,0.0000393901354983,-0.000831062730867,-0.000513823877554,0.000615203753114,-0.000346036831615,-0.00681341392919,0.0182710625231,-0.00761238997802],[0.000444541306933,0.0000782811257523,0.00114226038568,-0.000781731388997,-0.000861591484863,-0.00023654809047,0.00182684964966,0.002190023195,-0.000941318809055,-0.000965689949226,0.00318353949115,-0.00761238997802,0.0179054401815]],"mean":[-51.0961952209,70.444732666,-116.06741333,11.7989282608,-50.4727249146,8.03480052948,-43.2348747253,-1.05631864071,-27.1690044403,-0.0833065882325,-21.290473938,-9.28975105286,-16.0485267639]},"hfc":{"dmean":4.93567180634,"dmean2":6.59958171844,"dvar":75.2719116211,"dvar2":133.31338501,"max":108.941146851,"mean":11.2790088654,"median":7.2385725975,"min":1.08702438039e-16,"var":179.757354736},"melbands":{"dmean":[0.000752066436689,0.00147554487921,0.00101054110564,0.00125265296083,0.000161127682077,0.0000910499293241,0.0000390704917663,0.000060644804762,0.0000765931836213,0.0000898259022506,0.0000428991988883,0.0000217870365304,0.0000231672293012,0.0000175815312105,0.0000244528837356,0.0000292476779578,0.0000228239114222,0.0000215904092329,0.0000139975963975,0.00000963339334703,0.0000072876878221,0.00000526831718162,0.00000494454434374,0.00000301465092889,0.00000283815211333,0.00000405800574299,0.00000289028434963,0.00000235488710132,0.00000113830640203,0.00000105390472527,0.00000122498522614,0.00000160041406616,0.00000133036246552,0.0000011108684248,0.00000105672427253,6.39900633814e-7,4.71745067898e-7,4.05931871228e-7,2.54928295362e-7,2.37243085621e-7],"dmean2":[0.00127599597909,0.00250841700472,0.00166625389829,0.00201895786449,0.000267604395049,0.000147482889588,0.0000613897427684,0.0000931880495045,0.00012143622007,0.000141027689097,0.0000678101496305,0.0000336493067152,0.0000359689547622,0.0000282893415715,0.0000383611513826,0.0000467503523396,0.0000373350412701,0.0000342802813975,0.0000218809054786,0.0000154393601406,0.000012262365999,0.00000829958753457,0.00000782538882049,0.00000474290754937,0.00000452187987321,0.00000648286049909,0.00000437301923739,0.00000359253385795,0.00000171431884155,0.00000162459207331,0.0000020065190256,0.00000244222792389,0.0000020366503577,0.00000138212158163,0.00000149491393131,8.78293803908e-7,6.10606605278e-7,5.30924580744e-7,3.39342648203e-7,3.12311243533e-7],"dvar":[0.00000589515775573,0.000021814241336,0.00000593225058765,0.0000183284319064,1.53984487383e-7,5.30454791203e-8,5.64787550061e-9,1.70059415439e-8,2.70855942119e-8,3.56854457095e-8,9.54390522168e-9,2.3781572267e-9,2.4492827766e-9,1.17737897209e-9,2.10858841498e-9,2.47296960687e-9,2.02878269739e-9,1.88692372838e-9,1.05575514997e-9,2.58620402871e-10,2.1292843877e-10,7.93721269265e-11,8.01703703424e-11,2.70707397471e-11,2.25407244953e-11,4.19922603634e-11,2.18833076659e-11,1.90009657314e-11,4.57066329229e-12,4.32657121935e-12,6.6519702073e-12,1.23067823293e-11,8.51404884095e-12,5.37044757623e-12,5.96010784129e-12,2.08503071579e-12,9.95636515941e-13,6.88048305397e-13,2.20946470755e-13,1.78481714e-13],"dvar2":[0.0000153520632011,0.0000562456079933,0.0000149238685481,0.0000470485429105,4.04635841278e-7,1.37371884534e-7,1.34429525289e-8,3.90147079088e-8,6.64609345336e-8,8.83140103269e-8,2.37325252783e-8,5.46018874559e-9,5.48811351919e-9,2.93838486876e-9,5.31310284657e-9,6.10333517059e-9,5.17437781511e-9,4.67978855667e-9,2.42834508057e-9,6.14986117586e-10,5.80618331192e-10,1.86887144649e-10,1.99736643891e-10,6.28050042528e-11,5.19262965959e-11,1.0436569664e-10,4.89243784374e-11,4.45337967891e-11,1.08617802252e-11,1.02576445601e-11,1.70699235996e-11,3.0987649946e-11,2.02844060992e-11,9.52700678764e-12,1.34596821535e-11,4.52340335327e-12,1.80961723471e-12,1.30137166234e-12,4.057462916e-13,3.1604252093e-13],"max":[0.0186595097184,0.0559392720461,0.0261294208467,0.0406937226653,0.00456713791937,0.00256178039126,0.00184325687587,0.00225237593986,0.00351168541238,0.00349288643338,0.00194829155225,0.00117920082994,0.00132051366381,0.000938999583013,0.000777869892772,0.000888690003194,0.000635085743852,0.00089153618319,0.00123978313059,0.000348092027707,0.000326279288856,0.000188449048437,0.000233425424085,0.0000863631285029,0.0000636949189357,0.00010884940275,0.0000734803106752,0.0000698774383636,0.0000464736076538,0.0000394908820454,0.0000341585946444,0.0000653755996609,0.0000434902212874,0.0000440068761236,0.0000319108985423,0.000021046565962,0.0000142703847814,0.0000106579836938,0.00000836060917209,0.00000954445204115],"mean":[0.000609252194408,0.00132533896249,0.0010821307078,0.00117749325,0.0002028200106,0.000117303432489,0.0000650994261377,0.000102274789242,0.000119183794595,0.000135362221044,0.0000648120112601,0.0000340759906976,0.000033363357943,0.0000253404232353,0.00003636036854,0.0000442238087999,0.0000320051367453,0.0000359130754077,0.0000236710948229,0.0000160453218996,0.0000105854642243,0.00000912393534236,0.00000828369866213,0.00000512671431352,0.00000499505722473,0.00000665681727696,0.00000539614984518,0.00000382428152079,0.00000191910544345,0.00000155987765993,0.00000168807378031,0.000002210532557,0.00000190621665297,0.00000185258329566,0.00000161509672125,9.71950839812e-7,7.57850614264e-7,6.4287087298e-7,4.64347863272e-7,4.50851331379e-7],"median":[0.0000348592329829,0.000157619389938,0.000318684498779,0.000206118391361,0.0000799639747129,0.0000469003825856,0.0000302658208966,0.0000333631178364,0.0000384462946386,0.0000398249540012,0.0000156246915139,0.0000118068101074,0.0000107004470919,0.00000999999974738,0.0000134633992275,0.0000188672256627,0.0000110206410682,0.0000119234746307,0.00000915684358915,0.00000856276255945,0.00000466343044536,0.0000043832751544,0.00000389167780668,0.00000234023264056,0.00000202800129045,0.00000272487000075,0.00000206517279366,0.00000130641626583,6.61256478907e-7,3.91289773916e-7,4.07584536788e-7,6.0190120621e-7,4.9448306072e-7,4.8269509989e-7,4.48852404134e-7,2.28900475463e-7,1.74103774953e-7,1.5727080438e-7,1.27183213294e-7,1.29798664261e-7],"min":[8.34552714928e-25,1.36669994057e-24,1.06885554644e-24,1.06309301613e-24,1.94999690731e-24,1.52311518225e-24,1.82877245479e-24,3.07862138771e-24,1.74894683093e-24,1.48833154393e-24,2.74761337972e-24,2.3511622599e-24,3.27955313495e-24,1.96923840808e-24,2.95570463133e-24,3.89595169135e-24,3.63533689738e-24,3.59341485673e-24,3.94360796193e-24,5.3068704411e-24,3.67268867238e-24,4.24683426098e-24,5.04336881066e-24,3.24907983261e-24,4.31977944002e-24,3.3697262473e-24,4.46848405939e-24,5.49022577574e-24,5.80274919499e-24,4.03028799819e-24,5.76263325137e-24,5.52020958988e-24,5.42273241441e-24,5.43232062428e-24,5.25399782779e-24,6.11386883626e-24,6.35050699187e-24,6.79762152004e-24,5.28769283807e-24,5.82781288367e-24],"var":[0.00000457301439383,0.0000186571287486,0.00000585862972002,0.0000158676575666,1.46604222095e-7,5.15602458506e-8,9.81132686206e-9,3.60942244981e-8,4.79180606305e-8,6.2071400464e-8,1.92490308137e-8,5.47514522609e-9,4.51844872629e-9,1.86563764437e-9,3.64065266822e-9,4.12057543642e-9,2.80354628401e-9,4.37271241438e-9,2.04801642312e-9,5.40193334508e-10,2.78251061081e-10,1.57187554639e-10,1.45368578286e-10,5.42160726036e-11,4.87945760186e-11,8.259615214e-11,5.79944356427e-11,3.75315820089e-11,9.30683741879e-12,7.74452203756e-12,9.31347186872e-12,1.70275356315e-11,1.38875742503e-11,1.38405346212e-11,1.08872468332e-11,3.8377287459e-12,2.17425968722e-12,1.49608212104e-12,6.46712121789e-13,5.78919995709e-13]},"melbands_crest":{"dmean":3.46294474602,"dmean2":5.53763103485,"dvar":10.5867843628,"dvar2":23.8930778503,"max":33.1319885254,"mean":13.4964294434,"median":12.660284996,"min":1.5070656538,"var":27.5709209442},"melbands_flatness_db":{"dmean":0.0318975709379,"dmean2":0.0475204996765,"dvar":0.00113700772636,"dvar2":0.00260969833471,"max":0.486501008272,"mean":0.18637381494,"median":0.176677033305,"min":0.00346469436772,"var":0.00474133528769},"melbands_kurtosis":{"dmean":8.24167251587,"dmean2":12.8031015396,"dvar":232.659515381,"dvar2":540.652648926,"max":239.489959717,"mean":11.5060920715,"median":4.92668247223,"min":-1.71448862553,"var":342.0418396},"melbands_skewness":{"dmean":0.890046238899,"dmean2":1.30961513519,"dvar":1.14137387276,"dvar2":2.3786175251,"max":13.6136169434,"mean":2.47268843651,"median":2.03059506416,"min":-1.94794940948,"var":3.00557494164},"melbands_spread":{"dmean":8.24683952332,"dmean2":12.2862138748,"dvar":114.638092041,"dvar2":228.714904785,"max":186.090545654,"mean":25.9438762665,"median":23.3207130432,"min":1.10960566998,"var":346.179931641},"mfcc":{"cov":[[9730.48242188,-691.992431641,488.135314941,590.465454102,-161.372360229,52.3821296692,-54.6415901184,501.099029541,26.3402729034,-154.765853882,-43.1438560486,-112.168418884,-323.102172852],[-691.992431641,1564.65380859,-71.0192108154,201.531143188,327.331878662,139.597213745,201.925796509,82.2245407104,84.3615875244,120.430496216,89.513710022,49.4509735107,93.1393051147],[488.135314941,-71.0192108154,657.02557373,179.61378479,168.107254028,224.570526123,112.005531311,83.8854751587,79.8367385864,-21.1896934509,0.491563051939,5.27437353134,-33.2376022339],[590.465454102,201.531143188,179.61378479,385.116088867,166.917831421,147.475067139,93.502746582,113.229362488,79.4492111206,24.8079223633,11.1691303253,19.2995281219,-13.871175766],[-161.372360229,327.331878662,168.107254028,166.917831421,312.024658203,157.987411499,109.314079285,49.7335929871,100.223236084,68.2746200562,29.5672264099,17.0503520966,21.5425949097],[52.3821296692,139.597213745,224.570526123,147.475067139,157.987411499,263.736053467,148.606781006,69.6286697388,87.4583587646,30.5967750549,31.0698699951,20.6900405884,0.0654734820127],[-54.6415901184,201.925796509,112.005531311,93.502746582,109.314079285,148.606781006,216.425537109,81.6189575195,66.1453781128,56.5710220337,50.2632637024,31.5635948181,30.1830806732],[501.099029541,82.2245407104,83.8854751587,113.229362488,49.7335929871,69.6286697388,81.6189575195,180.485580444,70.98387146,15.8808794022,44.6897506714,22.4055747986,-7.28109502792],[26.3402729034,84.3615875244,79.8367385864,79.4492111206,100.223236084,87.4583587646,66.1453781128,70.98387146,151.358627319,49.8077392578,29.7876110077,38.0298500061,-0.802175402641],[-154.765853882,120.430496216,-21.1896934509,24.8079223633,68.2746200562,30.5967750549,56.5710220337,15.8808794022,49.8077392578,137.014480591,56.9913406372,17.0244312286,25.1299476624],[-43.1438560486,89.513710022,0.491563051939,11.1691303253,29.5672264099,31.0698699951,50.2632637024,44.6897506714,29.7876110077,56.9913406372,117.838356018,46.5003967285,22.7847423553],[-112.168418884,49.4509735107,5.27437353134,19.2995281219,17.0503520966,20.6900405884,31.5635948181,22.4055747986,38.0298500061,17.0244312286,46.5003967285,95.159614563,34.2502250671],[-323.102172852,93.1393051147,-33.2376022339,-13.871175766,21.5425949097,0.0654734820127,30.1830806732,-7.28109502792,-0.802175402641,25.1299476624,22.7847423553,34.2502250671,116.386451721]],"icov":[[0.000157914895681,0.0000491861792398,-0.0000683360121911,-0.000235848900047,0.000137430164614,0.0000639065474388,0.0000995232403511,-0.00043617276242,0.000112806417746,-0.00000405142463933,-0.00000342896919392,0.000113693640742,0.000241699366597],[0.0000491861792398,0.00101156532764,0.000440770119894,-0.000288449402433,-0.00104290305171,0.000151731495862,-0.000553631456569,-0.000221357913688,0.000319954328006,0.0000558469473617,-0.000257295789197,0.0000250928333116,-0.000225658863201],[-0.0000683360121911,0.000440770119894,0.00260723475367,-0.000205694363103,-0.00110057019629,-0.00158904655837,-0.000281735206954,-0.0001313125249,0.0000189949842024,0.000959378667176,0.00000348653475157,-0.0000138939712997,0.000243462418439],[-0.000235848900047,-0.000288449402433,-0.000205694363103,0.00474403891712,-0.00160224991851,-0.00120751874056,0.000308253103867,-0.00161051249597,0.000340492115356,-0.000389852153603,0.001355505432,-0.00110542937182,0.000345771491993],[0.000137430164614,-0.00104290305171,-0.00110057019629,-0.00160224991851,0.00751583976671,-0.00171802123077,0.000365571468137,0.000909720256459,-0.00240236078389,-0.00161033577751,0.000105211052869,0.00125769001897,-0.000776787230279],[0.0000639065474388,0.000151731495862,-0.00158904655837,-0.00120751874056,-0.00171802123077,0.00964795798063,-0.00461154384539,0.00089828541968,-0.00183295842726,0.00127868633717,-0.000983526813798,0.000568721152376,0.000759429705795],[0.0000995232403511,-0.000553631456569,-0.000281735206954,0.000308253103867,0.000365571468137,-0.00461154384539,0.00998216122389,-0.00291530438699,0.000611704890616,-0.00225323601626,-0.000156585141667,-0.000563886715099,-0.00147323287092],[-0.00043617276242,-0.000221357913688,-0.0001313125249,-0.00161051249597,0.000909720256459,0.00089828541968,-0.00291530438699,0.0107965357602,-0.00404455978423,0.00209940457717,-0.00352350482717,0.0009944337653,-0.0000846175535116],[0.000112806417746,0.000319954328006,0.0000189949842024,0.000340492115356,-0.00240236078389,-0.00183295842726,0.000611704890616,-0.00404455978423,0.0124191120267,-0.00358556583524,0.00216088606976,-0.00459606712684,0.00192644132767],[-0.00000405142463933,0.0000558469473617,0.000959378667176,-0.000389852153603,-0.00161033577751,0.00127868633717,-0.00225323601626,0.00209940457717,-0.00358556583524,0.0121770584956,-0.00558660971001,0.00265663769096,-0.00115747365635],[-0.00000342896919392,-0.000257295789197,0.00000348653475157,0.001355505432,0.000105211052869,-0.000983526813798,-0.000156585141667,-0.00352350482717,0.00216088606976,-0.00558660971001,0.0147493574768,-0.00626150425524,0.000336518132826],[0.000113693640742,0.0000250928333116,-0.0000138939712997,-0.00110542937182,0.00125769001897,0.000568721152376,-0.000563886715099,0.0009944337653,-0.00459606712684,0.00265663769096,-0.00626150425524,0.0163382589817,-0.00405235262588],[0.000241699366597,-0.000225658863201,0.000243462418439,0.000345771491993,-0.000776787230279,0.000759429705795,-0.00147323287092,-0.0000846175535116,0.00192644132767,-0.00115747365635,0.000336518132826,-0.00405235262588,0.0114643378183]],"mean":[-694.760070801,114.309738159,-9.51264667511,8.92969417572,5.15261030197,5.16199398041,-4.8340344429,-4.48920106888,-7.62746095657,4.18833827972,-1.07004439831,-9.6802520752,-4.27463388443]},"pitch_salience":{"dmean":0.0827760919929,"dmean2":0.134413346648,"dvar":0.00648393901065,"dvar2":0.0170858502388,"max":0.876438319683,"mean":0.538989067078,"median":0.544152617455,"min":0.119884595275,"var":0.0131995594129},"silence_rate_20dB":{"dmean":0,"dmean2":0,"dvar":0,"dvar2":0,"max":1,"mean":1,"median":1,"min":1,"var":0},"silence_rate_30dB":{"dmean":0.0203303676099,"dmean2":0.0406650416553,"dvar":0.0199170447886,"dvar2":0.0515074245632,"max":1,"mean":0.983271598816,"median":1,"min":0,"var":0.0164485871792},"silence_rate_60dB":{"dmean":0.0880982652307,"dmean2":0.176215186715,"dvar":0.0803369581699,"dvar2":0.162107154727,"max":1,"mean":0.233774483204,"median":0,"min":0,"var":0.179123967886},"spectral_centroid":{"dmean":283.902496338,"dmean2":424.310302734,"dvar":110521.757812,"dvar2":222107.78125,"max":11722.7695312,"mean":1396.96740723,"median":1291.38269043,"min":232.859954834,"var":1008342.6875},"spectral_complexity":{"dmean":3.69546794891,"dmean2":5.251932621,"dvar":21.6429653168,"dvar2":36.9301757812,"max":54,"mean":14.0191631317,"median":13,"min":0,"var":81.7994232178},"spectral_contrast_coeffs":{"dmean":[0.0602009780705,0.0436331778765,0.0400922857225,0.0353728085756,0.02514680475,0.0203092414886],"dmean2":[0.0960850268602,0.0703288689256,0.0638266578317,0.055202908814,0.0396705307066,0.0327024534345],"dvar":[0.0036855621729,0.00135823828168,0.00131094653625,0.00107768143062,0.000613992975559,0.0005056100199],"dvar2":[0.00819730293006,0.00343723571859,0.00317872921005,0.00239937077276,0.00136724486947,0.00125007680617],"max":[-0.238611593843,-0.371820241213,-0.459688693285,-0.495503306389,-0.580604016781,-0.654779434204],"mean":[-0.610976755619,-0.748561382294,-0.756113767624,-0.750020325184,-0.785552203655,-0.790880918503],"median":[-0.623089432716,-0.755217254162,-0.764488518238,-0.754770994186,-0.792564451694,-0.787388920784],"min":[-0.979969322681,-0.985244810581,-0.974023997784,-0.973334848881,-0.972939670086,-0.963918268681],"var":[0.0134566063061,0.00496715446934,0.00532389292493,0.00423638196662,0.00258946884423,0.00157712388318]},"spectral_contrast_valleys":{"dmean":[0.578527331352,0.415038377047,0.456133127213,0.425869226456,0.398682326078,0.426765501499],"dmean2":[0.876298725605,0.622915744781,0.671785414219,0.613391160965,0.558679521084,0.484895855188],"dvar":[0.413300126791,0.205456867814,0.292828053236,0.29365465045,0.330811530352,0.306733995676],"dvar2":[0.736323475838,0.368771970272,0.538932323456,0.55023342371,0.638272941113,0.529874682426],"max":[-5.11104631424,-5.22928667068,-5.37664079666,-5.79379177094,-5.97712087631,-8.17152500153],"mean":[-8.39985656738,-7.46757602692,-8.08927726746,-8.27060222626,-8.37249183655,-10.6320295334],"median":[-7.96940469742,-7.13335561752,-7.79525899887,-7.96847724915,-8.03613185883,-10.343547821],"min":[-28.1794967651,-27.9844837189,-27.7391757965,-27.7505817413,-27.5361347198,-27.3795681],"var":[4.78066778183,4.01430892944,4.08613729477,3.98245930672,4.17163324356,3.72090339661]},"spectral_decrease":{"dmean":3.3431899471e-9,"dmean2":5.31463761888e-9,"dvar":5.23229787748e-17,"dvar2":1.29499995335e-16,"max":1.4592061002e-28,"mean":-4.27340784981e-9,"median":-1.92873184091e-9,"min":-6.47023625788e-8,"var":5.49511168693e-17},"spectral_energy":{"dmean":0.013012601994,"dmean2":0.0205306969583,"dvar":0.000779983354732,"dvar2":0.00191836885642,"max":0.254083007574,"mean":0.0171518735588,"median":0.00802281219512,"min":1.00998583156e-20,"var":0.000840169086587},"spectral_energyband_high":{"dmean":0.000264955800958,"dmean2":0.000321173371049,"dvar":2.19975390792e-7,"dvar2":3.89612694107e-7,"max":0.00875300820917,"mean":0.000482379895402,"median":0.00018820099649,"min":7.13458060949e-21,"var":6.02817010531e-7},"spectral_energyband_low":{"dmean":0.00620653806254,"dmean2":0.0102505479008,"dvar":0.000340954429703,"dvar2":0.000875270110555,"max":0.175962761045,"mean":0.00584721937776,"median":0.0008352806326,"min":1.24800974315e-23,"var":0.000294270372251},"spectral_energyband_middle_high":{"dmean":0.00105228857137,"dmean2":0.0015605899971,"dvar":0.0000025201511562,"dvar2":0.00000513001987201,"max":0.0212187748402,"mean":0.00258640479296,"median":0.00164360669442,"min":1.24217587379e-21,"var":0.00000706592390998},"spectral_energyband_middle_low":{"dmean":0.00717919087037,"dmean2":0.0113532468677,"dvar":0.000431735359598,"dvar2":0.00108337786514,"max":0.195547327399,"mean":0.00889916718006,"median":0.00385307241231,"min":1.7365197631e-22,"var":0.000404184887884},"spectral_entropy":{"dmean":0.201699182391,"dmean2":0.289824396372,"dvar":0.0590626113117,"dvar2":0.126618564129,"max":9.81681919098,"mean":7.57352304459,"median":7.61765241623,"min":5.37145376205,"var":0.289883583784},"spectral_flux":{"dmean":0.0343800671399,"dmean2":0.0534793324769,"dvar":0.00327001302503,"dvar2":0.00740765966475,"max":0.42911285162,"mean":0.0692347064614,"median":0.0461410023272,"min":6.42360054037e-11,"var":0.00481658848003},"spectral_kurtosis":{"dmean":1.87721168995,"dmean2":2.90296053886,"dvar":8.68350505829,"dvar2":21.4609489441,"max":51.3894271851,"mean":5.58798694611,"median":4.57527017593,"min":-1.25778341293,"var":21.9799575806},"spectral_rms":{"dmean":0.00113453157246,"dmean2":0.0016289355699,"dvar":0.00000361183901987,"dvar2":0.00000806971456768,"max":0.0157443918288,"mean":0.00328700663522,"median":0.00279770139605,"min":3.13903178624e-12,"var":0.00000592912238062},"spectral_rolloff":{"dmean":685.227355957,"dmean2":1097.40209961,"dvar":1761788.125,"dvar2":3742261.5,"max":19982.8125,"mean":1923.58642578,"median":1507.32421875,"min":64.599609375,"var":5406128},"spectral_skewness":{"dmean":0.259506911039,"dmean2":0.395934551954,"dvar":0.0989858657122,"dvar2":0.250581800938,"max":5.32313585281,"mean":1.75655269623,"median":1.68399965763,"min":-0.071595929563,"var":0.371700435877},"spectral_spread":{"dmean":768130.0625,"dmean2":990507.75,"dvar":1026982543360,"dvar2":1955181101060,"max":44746616,"mean":5368378.5,"median":4907487.5,"min":1258418.75,"var":12693164523500},"spectral_strongpeak":{"dmean":0.391612380743,"dmean2":0.641064524651,"dvar":0.295718491077,"dvar2":0.746139526367,"max":6.98053503036,"mean":0.652748763561,"median":0.35887619853,"min":0,"var":0.519859790802},"zerocrossingrate":{"dmean":0.01510590408,"dmean2":0.0172331798822,"dvar":0.000332759693265,"dvar2":0.000440399278887,"max":0.52490234375,"mean":0.0770260691643,"median":0.06396484375,"min":0.00634765625,"var":0.00310422317125}},"metadata":{"audio_properties":{"analysis_sample_rate":44100,"bit_rate":0,"codec":"flac","downmix":"mix","equal_loudness":0,"length":219.266662598,"lossless":true,"md5_encoded":"62c1cd3f052880173084b0f6e510463c","replay_gain":-11.1123561859},"tags":{"acoustid_id":["f1f54ab4-a2b3-47b6-a571-b2bb5a533ce4"],"album":["The Best of 1980-1990, Volume 12"],"albumartist":["Various Artists"],"albumartistsort":["Various Artists"],"artist":["Talking Heads"],"artists":["Talking Heads"],"artistsort":["Talking Heads"],"asin":["B00000B375"],"barcode":["724385357022"],"catalognumber":["7243 8 53570 2 2"],"compilation":["1"],"composer":["David Byrne"],"composersort":["Byrne, David"],"date":["1997-01-10"],"discnumber":["2"],"disctotal":["2"],"file_name":"2-08 And She Was.flac","genre":["New Wave"],"grouping":["Rock"],"isrc":["USWB10302448"],"label":["EMI Electrola"],"language":["eng"],"lyricist":["David Byrne"],"media":["CD"],"mixer":["Eric Thorngren"],"mood":["Happy; Quirky; Uplifting; Cheerful"],"musicbrainz_albumartistid":["89ad4ac3-39f7-470e-963a-56509c546377"],"musicbrainz_albumid":["8298c34b-80fb-4ed4-816b-b9537d9a3fea"],"musicbrainz_artistid":["a94a7155-c79d-4409-9fcf-220cb0e4dc3a"],"musicbrainz_recordingid":["f21c3ce5-6c95-4df8-b333-baeb77e4c98f"],"musicbrainz_releasegroupid":["13abc60f-303f-3506-99aa-438930fb65c4"],"musicbrainz_releasetrackid":["c51d9ae6-a9fe-3b47-bcdb-ef81c0dca435"],"musicbrainz_workid":["593724c6-710d-3954-b315-03018e33653a"],"originaldate":["1997-01-10"],"originalyear":["1997"],"performer":["Tina Weymouth (bass)","Chris Frantz (drums)","David Byrne (guitar)","Jerry Harrison (guitar and keyboard)","David Byrne (vocals)","Tina Weymouth (background vocals)","Jerry Harrison (background vocals)"],"releasecountry":["DE"],"releasestatus":["official"],"releasetype":["album","compilation"],"replaygain_album_gain":["-5.36 dB"],"replaygain_album_peak":["0.999969"]