{"lowlevel":{"average_loudness":0.921295642853,"barkbands":{"dmean":[0.00520646944642,0.014223783277,0.00323173962533,0.00121178373229,0.00227679940872,0.00199810741469,0.00213391333818,0.000840346852783,0.000866244547069,0.00105974229518,0.000594207376707,0.000671444402542,0.000457391899545,0.000229049779591,0.000298082595691,0.000258189858869,0.000127718507429,0.0000733397755539,0.0000509273595526,0.0000350115951733,0.0000289910421998,0.0000107981322799,0.00000500671558257,0.00000376772891286,0.00000369191752725,0.00000532846343049,0.000136058821226],"dmean2":[0.00892306212336,0.0242570340633,0.00552027858794,0.00202359328978,0.00372040667571,0.00330775091425,0.00338463089429,0.00141094194259,0.00142782158218,0.00173262774479,0.000990898697637,0.00110752740875,0.000756542140152,0.000380519486498,0.000486679375172,0.000427253049565,0.000207263787161,0.000121340868645,0.0000836978579173,0.0000555662481929,0.0000424115351052,0.0000167634098034,0.00000821122284833,0.00000631504371995,0.00000614941700405,0.00000869351151778,0.000222207265324],"dvar":[0.0000653673778288,0.000362496677553,0.0000165449837368,0.00000373096713702,0.0000119010701383,0.00000854197332956,0.0000117821264212,0.00000172761792783,0.0000018101339947,0.00000295044605991,7.04960598341e-7,9.61533373811e-7,5.66979849737e-7,1.4676757587e-7,2.53944079986e-7,2.83441011106e-7,1.70306634573e-7,3.33044560819e-8,1.0203868861e-8,6.06332362096e-9,2.28663008528e-8,9.30747479089e-10,6.30819355085e-11,3.57675312979e-11,3.34948631331e-11,6.47568110246e-11,4.57394762066e-8],"dvar2":[0.000175165885594,0.000987921259366,0.0000476958302897,0.00000962672311289,0.0000312476877298,0.0000227087857638,0.0000281607663055,0.00000455290455648,0.0000048111724027,0.00000744358794691,0.00000180710014774,0.00000250630364462,0.00000145840851928,3.87837388871e-7,6.41988776806e-7,7.26550922536e-7,4.11140121059e-7,7.62815162147e-8,2.62035406706e-8,1.30593473813e-8,4.26190780445e-8,2.10137174328e-9,1.57045043636e-10,9.29822538409e-11,8.67672045324e-11,1.61932856013e-10,1.18247264425e-7],"max":[0.139682754874,0.232688754797,0.0404025092721,0.0369486920536,0.0695766955614,0.0674483403563,0.0674594342709,0.0228307861835,0.0240325089544,0.0385730341077,0.0182226430625,0.0203989688307,0.0131167080253,0.0102551970631,0.00868068169802,0.0127461692318,0.0144279524684,0.00530328182504,0.00268104486167,0.00218188459985,0.00785838626325,0.00125225191005,0.000133449037094,0.0000684864353389,0.0000642181548756,0.000116604634968,0.00335162458941],"mean":[0.00650941161439,0.0217174626887,0.00469410326332,0.00180388311855,0.00408148486167,0.00361387804151,0.00411736918613,0.00130869471468,0.00151406612713,0.00181964645162,0.000968115229625,0.00125490396749,0.000779395224527,0.000424866768299,0.000555547827389,0.000465310033178,0.000217292559682,0.000120103686641,0.000099049480923,0.0000738859453122,0.0000484414558741,0.0000193456053239,0.0000069186089604,0.00000418099989474,0.00000386066221836,0.00000704696776666,0.000452787906397],"median":[0.00377638125792,0.0157972164452,0.003054282628,0.00105977489147,0.00259388657287,0.00240783556364,0.00195336691104,0.000859543739352,0.000917072233278,0.000984425772913,0.000684675294906,0.000853257311974,0.000445468554972,0.000267148308922,0.000304250017507,0.000216688335058,0.0000812217258499,0.0000445094046881,0.0000349139554601,0.0000249510703725,0.0000146382935782,0.00000774680665927,0.00000362950322597,0.00000199928808797,0.00000164704090366,0.00000400687304136,0.000180687653483],"min":[2.96922416896e-23,4.25877288192e-23,1.41193890468e-23,2.56990435646e-23,1.92842412535e-23,9.98817260665e-24,7.50708057748e-23,4.1061484916e-23,3.66091445006e-23,7.68100547442e-23,1.00348774321e-22,2.71887815095e-22,1.24965109449e-22,9.8230588127e-23,9.22024917426e-23,1.66281655183e-22,1.83311205752e-22,1.9122738076e-22,3.59918835614e-22,4.76190672644e-22,5.0425932815e-22,5.50074400528e-22,6.19420146102e-22,7.48045317716e-22,1.0464432516e-21,1.74025128975e-21,2.53660266277e-21],"var":[0.0000757215166232,0.000512420083396,0.0000277561121038,0.00000641116866973,0.00002382042112,0.0000183859083336,0.0000340207006957,0.00000267939958576,0.00000365505638911,0.00000613347538092,0.00000124264772694,0.00000225283838517,0.00000109167615392,3.04069033064e-7,6.15454439412e-7,5.13348936693e-7,2.27659953111e-7,5.21086818139e-8,2.23486651407e-8,1.52144572496e-8,4.63789078253e-8,1.71832503781e-9,9.36061020362e-11,3.88797813389e-11,3.60636763508e-11,8.54568915631e-11,2.90578242357e-7]},"barkbands_crest":{"dmean":2.96287059784,"dmean2":4.90451383591,"dvar":6.53503370285,"dvar2":17.6544322968,"max":24.7344379425,"mean":11.120516777,"median":10.4803619385,"min":2.93677926064,"var":19.245967865},"barkbands_flatness_db":{"dmean":0.0274543166161,"dmean2":0.0445094145834,"dvar":0.000605423934758,"dvar2":0.0015987730585,"max":0.410402566195,"mean":0.169032469392,"median":0.159111008048,"min":0.0412904955447,"var":0.00318467267789},"barkbands_kurtosis":{"dmean":5.28561973572,"dmean2":8.67949581146,"dvar":96.9329681396,"dvar2":264.72253418,"max":255.0493927,"mean":10.9417257309,"median":5.75244045258,"min":-1.84285247326,"var":266.629486084},"barkbands_skewness":{"dmean":0.637602210045,"dmean2":1.02474534512,"dvar":0.441111177206,"dvar2":1.16017711163,"max":14.2267541885,"mean":2.39599204063,"median":2.05818367004,"min":-2.19372487068,"var":1.82373142242},"barkbands_spread":{"dmean":4.5648226738,"dmean2":7.24246072769,"dvar":26.2829647064,"dvar2":57.7515296936,"max":124.756317139,"mean":19.7218132019,"median":15.5744400024,"min":1.09985864162,"var":291.082366943},"dissonance":{"dmean":0.022922148928,"dmean2":0.0388312190771,"dvar":0.000443254335551,"dvar2":0.00122258393094,"max":0.500000119209,"mean":0.458532720804,"median":0.465296953917,"min":0.224559158087,"var":0.000838828389533},"dynamic_complexity":5.47528743744,"erbbands":{"dmean":[0.632977306843,2.70707845688,4.25153875351,3.30722808838,5.37428617477,7.27375745773,15.9409236908,17.3628616333,31.8487110138,27.7306251526,16.7931575775,20.2424659729,23.0745410919,30.8014755249,25.2189407349,24.1672401428,20.7983436584,12.9351530075,11.4992656708,16.2973499298,11.7139511108,6.58797073364,4.16869974136,3.12672567368,2.16780209541,1.60907673836,1.20818412304,1.08304691315,0.426141232252,0.217053323984,0.132338196039,0.0861700028181,0.0596371516585,0.0407721251249,0.0266202744097,0.0162667520344,0.01015331503,0.00860405620188,0.00598732661456,0.00637376494706],"dmean2":[1.06980109215,4.67448663712,7.36611557007,5.46810722351,8.99177932739,12.0609750748,25.6888179779,28.8537807465,51.8119087219,44.5502586365,27.8316383362,33.4692459106,38.368434906,49.6133232117,41.5502662659,40.0294532776,34.4975852966,21.3677940369,19.2180709839,26.4474697113,19.1681308746,10.6150531769,6.9015083313,5.15889978409,3.49155664444,2.5561709404,1.84601831436,1.56317949295,0.652365088463,0.348051637411,0.217670276761,0.144181534648,0.1000418365,0.0681157708168,0.0442288070917,0.0268378276378,0.0165107399225,0.0134376278147,0.0093113668263,0.0102796014398],"dvar":[0.807250797749,13.4214658737,29.5789909363,21.7458992004,82.2080154419,146.41973877,655.857055664,737.979614258,3406.4230957,2138.27148438,672.800842285,1215.5982666,1319.52001953,2562.92163086,1093.71166992,1236.55285645,1157.96276855,475.734130859,343.599090576,999.343994141,588.905578613,494.976470947,135.362564087,40.4438476562,17.8053016663,13.7600479126,25.7785491943,39.4445304871,1.52372336388,0.140614375472,0.0450933612883,0.0184789150953,0.00905756466091,0.004168223124,0.00170950312167,0.000603617343586,0.000241141751758,0.000281717337202,0.000144808349432,0.0000915490745683],"dvar2":[2.14004826546,38.1488761902,86.895072937,55.1672859192,219.476516724,378.34197998,1680.27478027,1873.78076172,8514.46386719,5106.49462891,1761.92358398,3322.51513672,3544.15234375,6058.97802734,2832.51538086,3273.81567383,2988.23120117,1206.69580078,923.963684082,2438.13378906,1452.1472168,1198.42651367,305.20602417,102.172782898,43.617401123,29.2864665985,54.8485412598,78.0841293335,3.10529875755,0.33216714859,0.111710570753,0.0477792918682,0.0235337298363,0.0108061041683,0.00442221807316,0.00155267189257,0.00060727406526,0.000653506140225,0.000325916073052,0.000232274425798],"max":[11.0606307983,44.1205749512,61.2718162537,90.3937759399,141.323684692,263.344421387,489.697357178,778.964416504,1152.73657227,1014.57275391,370.622070312,727.50579834,623.536010742,1457.50463867,583.933105469,575.507141113,580.616699219,563.077880859,439.679412842,714.410522461,594.755737305,830.090759277,375.632110596,157.058197021,83.4251022339,110.913909912,278.811004639,379.895751953,45.1963500977,10.0789985657,3.33037567139,1.59468591213,1.08369684219,0.715570688248,0.459492921829,0.265684366226,0.252535015345,0.533734023571,0.429423093796,0.129100829363],"mean":[0.884844958782,3.83173465729,6.32215642929,5.68408536911,8.26441192627,12.1069822311,26.780380249,31.4368400574,56.7539138794,48.521938324,28.8668174744,35.1989707947,41.0106239319,56.2831497192,48.6256637573,48.1520195007,38.2022323608,25.6819763184,23.3167209625,30.8520374298,22.7192401886,11.9587640762,7.05867815018,5.73213672638,4.53140449524,3.42746567726,2.20388150215,1.71084713936,0.77454417944,0.360159426928,0.177573516965,0.10079523176,0.0640772655606,0.0425382889807,0.0280981473625,0.0183829665184,0.0138447787613,0.017405314371,0.0176483560354,0.0222633685917],"median":[0.552010595798,2.60842084885,4.36280679703,3.94793987274,4.78902006149,7.25487327576,14.5390281677,20.148021698,23.617609024,26.1168441772,19.9609069824,21.1654472351,26.3883132935,33.2926902771,37.9223556519,34.0770797729,22.838634491,16.6730995178,14.95844841,15.3724565506,10.3142766953,4.7660446167,2.68108987808,1.97127687931,1.64020061493,1.16167008877,0.743331253529,0.475873708725,0.298182755709,0.171715453267,0.0943148955703,0.0513469837606,0.0291982293129,0.0179611761123,0.0122212208807,0.00894787348807,0.00808581802994,0.00795685034245,0.00725635373965,0.0180490128696],"min":[2.09471595369e-21,7.06681076819e-21,1.38487886779e-20,5.47018998102e-20,1.06530994891e-19,3.18090204294e-20,2.35708346721e-20,1.18316980913e-19,6.71060404896e-19,1.38701645113e-18,6.79442691332e-19,1.0547666402e-18,2.49549554741e-18,1.59159827574e-18,7.34580555392e-18,1.02859272242e-17,5.76981142005e-18,4.44433017546e-18,5.45072401721e-18,6.78602885876e-18,8.31708681944e-18,1.02181894038e-17,8.84512004501e-18,1.72912809544e-17,1.76155986203e-17,2.48373502434e-17,1.74800733487e-17,2.37855255744e-17,2.12062589648e-17,1.94589540717e-17,1.53284260286e-17,1.29796582598e-17,1.48477000894e-17,1.1952487709e-17,7.62122030195e-18,5.83559833493e-18,3.21199856683e-18,1.3909813346e-18,3.39937886041e-19,3.82589515623e-20],"var":[1.09522819519,17.768371582,45.3600997925,44.4294090271,125.892524719,273.066497803,1307.05493164,1761.23010254,8640.80859375,4605.12304688,1176.38452148,2287.61206055,2341.55078125,6083.11914062,2362.71240234,3010.44946289,2369.61328125,1071.33251953,794.631774902,2210.05688477,1215.53271484,651.017944336,203.108474731,79.9452590942,44.2770080566,33.3374710083,47.3442192078,72.3429031372,3.22803616524,0.274134904146,0.0634272396564,0.0211758948863,0.00964007806033,0.0044376081787,0.00186367146671,0.000691599037964,0.000319974787999,0.000655486655887,0.000565529975574,0.000311646872433]},"erbbands_crest":{"dmean":2.33522772789,"dmean2":3.75147461891,"dvar":4.32562685013,"dvar2":10.5298032761,"max":28.4386882782,"mean":8.63496589661,"median":7.82752227783,"min":2.24832487106,"var":12.88032341},"erbbands_flatness_db":{"dmean":0.0218848064542,"dmean2":0.0339404009283,"dvar":0.000374750583433,"dvar2":0.000937283970416,"max":0.318523079157,"mean":0.151778966188,"median":0.154020503163,"min":0.0254018045962,"var":0.00193291169126},"erbbands_kurtosis":{"dmean":1.06603598595,"dmean2":1.67958033085,"dvar":4.06707191467,"dvar2":9.40581417084,"max":48.9736328125,"mean":1.27503597736,"median":0.174019917846,"min":-1.62335705757,"var":16.4848518372},"erbbands_skewness":{"dmean":0.334129095078,"dmean2":0.516376674175,"dvar":0.0838265493512,"dvar2":0.199639469385,"max":6.04022693634,"mean":0.457580596209,"median":0.247693523765,"min":-1.94931924343,"var":0.887043893337},"erbbands_spread":{"dmean":5.14587974548,"dmean2":7.99264907837,"dvar":25.2869644165,"dvar2":57.7122879028,"max":138.639450073,"mean":30.200838089,"median":23.7331123352,"min":4.00721788406,"var":548.059936523},"gfcc":{"cov":[[32338.6875,5447.39453125,-5174.734375,-1099.64208984,1375.70666504,-214.360015869,1680.390625,621.728759766,1358.52478027,806.031982422,635.370117188,56.1838607788,386.894104004],[5447.39453125,1707.76831055,-741.770202637,-424.027893066,366.601806641,40.628490448,340.050933838,95.4694747925,311.47454834,121.015403748,185.902816772,9.98365306854,142.323471069],[-5174.734375,-741.770202637,1215.68273926,204.442169189,-256.670349121,165.370910645,-319.363616943,-42.0390625,-246.119995117,-107.386352539,-67.3193054199,-3.04731655121,-31.0798683167],[-1099.64208984,-424.027893066,204.442169189,289.456878662,-37.4109725952,-49.2350730896,-19.5732383728,-34.4590911865,-72.8238754272,-28.7336826324,-43.1053962708,-4.91053724289,-37.1993522644],[1375.70666504,366.601806641,-256.670349121,-37.4109725952,203.764480591,3.50149154663,136.855117798,14.7585744858,85.0680618286,18.4283237457,37.9002609253,5.19421720505,27.3279705048],[-214.360015869,40.628490448,165.370910645,-49.2350730896,3.50149154663,219.164886475,-35.1581573486,69.3197097778,-30.048625946,9.0316696167,11.0564584732,1.10205888748,21.2977466583],[1680.390625,340.050933838,-319.363616943,-19.5732383728,136.855117798,-35.1581573486,216.65864563,23.5639839172,103.232093811,39.1954650879,41.8703231812,9.34795570374,17.0078601837],[621.728759766,95.4694747925,-42.0390625,-34.4590911865,14.7585744858,69.3197097778,23.5639839172,108.263290405,44.4153404236,38.3324775696,23.1973571777,0.210036531091,13.3546352386],[1358.52478027,311.47454834,-246.119995117,-72.8238754272,85.0680618286,-30.048625946,103.232093811,44.4153404236,137.015426636,61.0720443726,43.4607086182,7.15412378311,15.4720611572],[806.031982422,121.015403748,-107.386352539,-28.7336826324,18.4283237457,9.0316696167,39.1954650879,38.3324775696,61.0720443726,78.876159668,44.4871711731,4.08166027069,6.13076639175],[635.370117188,185.902816772,-67.3193054199,-43.1053962708,37.9002609253,11.0564584732,41.8703231812,23.1973571777,43.4607086182,44.4871711731,70.8731231689,23.4942569733,21.1006278992],[56.1838607788,9.98365306854,-3.04731655121,-4.91053724289,5.19421720505,1.10205888748,9.34795570374,0.210036531091,7.15412378311,4.08166027069,23.4942569733,45.0966644287,20.7787284851],[386.894104004,142.323471069,-31.0798683167,-37.1993522644,27.3279705048,21.2977466583,17.0078601837,13.3546352386,15.4720611572,6.13076639175,21.1006278992,20.7787284851,57.5975036621]],"icov":[[0.000296932848869,-0.000888038193807,0.00105313654058,-0.000786920893006,0.000411362852901,-0.000137469483889,0.000109127016913,-0.000810366822407,0.000799637637101,-0.00122525822371,0.000639579666313,-0.000693216221407,0.000202544702915],[-0.000888038193807,0.00577375711873,-0.00319878710434,0.00494116544724,-0.00294178165495,0.0000361749662261,-0.00203127227724,0.00338017544709,-0.00539811188355,0.0056628305465,-0.00665515242144,0.00694233318791,-0.00485728634521],[0.00105313654058,-0.00319878710434,0.00605191616341,-0.00461603002623,0.00316186761484,-0.00266614020802,0.0023679335136,-0.00202895654365,0.00236508017406,-0.00166225677822,-0.0000673657341395,-0.00196565012448,0.000646743923426],[-0.000786920893006,0.00494116544724,-0.00461603002623,0.010739594698,-0.00473084161058,0.00352114625275,-0.00430547539145,0.00108169973828,0.000747802259866,0.000189019570826,-0.00070741813397,0.00304985349067,-0.00157731457148],[0.000411362852901,-0.00294178165495,0.00316186761484,-0.00473084161058,0.0137974433601,-0.00424135522917,-0.00255576334894,0.00170756073203,-0.00373917608522,0.00485666980967,-0.00243093585595,0.00039892049972,-0.000228496734053],[-0.000137469483889,0.0000361749662261,-0.00266614020802,0.00352114625275,-0.00424135522917,0.0105519201607,-0.000564795569517,-0.00712217530236,0.00731370924041,-0.0048266700469,0.0031975840684,-0.0014032368781,-0.000517840846442],[0.000109127016913,-0.00203127227724,0.0023679335136,-0.00430547539145,-0.00255576334894,-0.000564795569517,0.0128860576078,-0.000647991255391,-0.00278951483779,0.00055975979194,-0.000369494431652,-0.00288349203765,0.00241526216269],[-0.000810366822407,0.00338017544709,-0.00202895654365,0.00108169973828,0.00170756073203,-0.00712217530236,-0.000647991255391,0.0198436584324,-0.0110115399584,0.00304547464475,-0.00482665002346,0.00591682642698,-0.003624006873],[0.000799637637101,-0.00539811188355,0.00236508017406,0.000747802259866,-0.00373917608522,0.00731370924041,-0.00278951483779,-0.0110115399584,0.0311629418284,-0.0197147354484,0.0107199326158,-0.00999288447201,0.00557833211496],[-0.00122525822371,0.0056628305465,-0.00166225677822,0.000189019570826,0.00485666980967,-0.0048266700469,0.00055975979194,0.00304547464475,-0.0197147354484,0.041603140533,-0.0264051929116,0.0138216856867,-0.00237370491959],[0.000639579666313,-0.00665515242144,-0.0000673657341395,-0.00070741813397,-0.00243093585595,0.0031975840684,-0.000369494431652,-0.00482665002346,0.0107199326158,-0.0264051929116,0.0443178601563,-0.0238837581128,0.00516625400633],[-0.000693216221407,0.00694233318791,-0.00196565012448,0.00304985349067,0.00039892049972,-0.0014032368781,-0.00288349203765,0.00591682642698,-0.00999288447201,0.0138216856867,-0.0238837581128,0.043025135994,-0.0173385739326],[0.000202544702915,-0.00485728634521,0.000646743923426,-0.00157731457148,-0.000228496734053,-0.000517840846442,0.00241526216269,-0.003624006873,0.00557833211496,-0.00237370491959,0.00516625400633,-0.0173385739326,0.0308774989098]],"mean":[-47.3757286072,114.525901794,-71.4962158203,-12.7423753738,-12.9393119812,-10.3036117554,-5.35412931442,-13.0173187256,-2.61591672897,-5.03832101822,-0.85234695673,-1.20082640648,1.34408259392]},"hfc":{"dmean":180.404052734,"dmean2":302.108581543,"dvar":112866.492188,"dvar2":300799.09375,"max":5079.29394531,"mean":376.543701172,"median":320.054321289,"min":1.23056721584e-16,"var":131834.75},"melbands":{"dmean":[0.00467200390995,0.00255288346671,0.000584665802307,0.000430746120401,0.000504867930431,0.000412673747633,0.000437834562035,0.000271635159152,0.000136788235977,0.000131052729557,0.00012183994113,0.000136796486913,0.0000879801082192,0.0000787755634519,0.0000622392399237,0.0000394159105781,0.0000242886944761,0.0000181928044185,0.0000234065355471,0.0000216972366616,0.0000130011139845,0.00000813126553112,0.00000471253224532,0.00000350099298885,0.00000265560333901,0.0000018601915599,0.000001516209295,0.0000010706168041,8.02160684543e-7,7.68323843658e-7,5.87741794789e-7,2.660051166e-7,1.62602603382e-7,1.11083444665e-7,8.01231152536e-8,6.10265615819e-8,4.98568333285e-8,4.25111998936e-8,3.73177755364e-8,3.34083694042e-8],"dmean2":[0.00788905657828,0.00443579209968,0.000968363427091,0.000714858353604,0.00081555970246,0.000688400352374,0.000710725202225,0.000439259951236,0.00022614406771,0.000217007836909,0.000202795883524,0.000221005655476,0.000146271573612,0.000130509579321,0.000102369151136,0.0000656549746054,0.0000402190089517,0.0000305093162751,0.0000381905374525,0.0000359452060366,0.0000212106951949,0.000013272077922,0.00000779938636697,0.00000579926836508,0.00000443286035079,0.00000304439799947,0.00000247366119766,0.00000171016608874,0.00000126168868064,0.00000111326153274,8.69395933023e-7,4.17002638642e-7,2.60908706196e-7,1.81071996508e-7,1.32012900167e-7,1.01744724645e-7,8.36562250583e-8,7.14024324111e-8,6.25206411087e-8,5.57728228046e-8],"dvar":[0.000041180428525,0.0000106134993985,6.58676526655e-7,4.84890563257e-7,6.67455424264e-7,3.89043407267e-7,5.81477706874e-7,1.9828952702e-7,4.48078409931e-8,5.05416544172e-8,3.80909206399e-8,5.15425035985e-8,1.46423468905e-8,1.37033691061e-8,1.01628438998e-8,4.89839857565e-9,1.70125857846e-9,8.6784013309e-10,1.74480296877e-9,2.1553729912e-9,7.90042808951e-10,7.58725748895e-10,1.94686405885e-10,7.31107327456e-11,2.93309578014e-11,1.3241954408e-11,9.19804423599e-12,6.69148417232e-12,8.01588656563e-12,1.82243230923e-11,1.0069599668e-11,7.40062904622e-13,1.00470813039e-13,3.37309254963e-14,1.71638250216e-14,9.45764293432e-15,6.26703033476e-15,4.63264976985e-15,3.5346867001e-15,2.78626003461e-15],"dvar2":[0.0001098219509,0.0000310091418214,0.00000171856265752,0.0000012669180478,0.00000170932855781,0.00000101784303297,0.00000145207923197,4.85261637095e-7,1.17209822292e-7,1.37065029548e-7,1.02259285484e-7,1.22450330764e-7,3.82213372063e-8,3.52421807293e-8,2.67314188562e-8,1.29428734397e-8,4.28421254028e-9,2.40309727673e-9,4.38166125605e-9,5.54403101205e-9,1.89373583481e-9,1.88311433114e-9,4.37161529199e-10,1.77282202807e-10,7.65817548265e-11,3.42753950222e-11,2.23790552062e-11,1.46340318335e-11,1.81545577183e-11,3.17840094521e-11,2.12860163523e-11,1.64554611257e-12,2.43149169419e-13,8.25354121528e-14,4.26752173367e-14,2.41378250531e-14,1.63227585745e-14,1.20599390595e-14,9.16470929501e-15,7.22248815794e-15],"max":[0.0797641053796,0.0398275516927,0.0134849688038,0.0141243478283,0.0163404420018,0.0149858370423,0.0150995198637,0.00940413959324,0.00374360429123,0.00472861016169,0.00329177011736,0.00642804289237,0.00213485606946,0.00273473700508,0.00172078970354,0.00144850159995,0.0009972427506,0.000820756598841,0.000687664258294,0.00124057289213,0.000742366770282,0.000987501582131,0.000439941184595,0.000244794064201,0.000141813725349,0.0000719889212633,0.0000565461778024,0.0000821845023893,0.000124182261061,0.000247429445153,0.000184829812497,0.0000354721378244,0.0000103935853986,0.00000377504397875,0.00000220864262701,0.00000126835482206,9.31298188789e-7,7.90952185525e-7,6.72423141168e-7,5.8467190911e-7],"mean":[0.00719959568232,0.00397256668657,0.00106338935439,0.000710706517566,0.000874380231835,0.000760889379308,0.000816880550701,0.000458947091829,0.000225289739319,0.000220649249968,0.000209084100788,0.000239673710894,0.000154453940922,0.000143749508425,0.000110568995296,0.0000682179452269,0.0000442659984401,0.0000338843383361,0.0000426231927122,0.0000385006824217,0.0000235158095165,0.0000134045340019,0.0000073759638326,0.00000546724504602,0.00000458538215753,0.00000347129366673,0.00000298262716569,0.00000210217831409,0.00000141610689752,0.0000012001619325,8.98464975307e-7,4.61548154362e-7,2.83308679627e-7,1.65434641985e-7,1.06134599775e-7,7.34043652528e-8,5.6367998269e-8,4.54453576992e-8,3.91821295409e-8,3.45682273917e-8],"median":[0.0050922324881,0.00304403854534,0.00078237609705,0.000424863566877,0.000482930772705,0.000482824078063,0.000379406003049,0.000251989404205,0.000147079641465,0.00012752157636,0.000127555103973,0.000133394874865,0.000114706796012,0.000102073492599,0.0000642861486995,0.0000397634903493,0.0000275820257229,0.0000217168362724,0.0000219946177822,0.0000177794918272,0.0000101789155451,0.0000049837167353,0.00000280549397758,0.00000194579570234,0.00000149348409195,0.00000122852179629,9.93006210592e-7,6.83265625412e-7,4.81743199998e-7,3.35559406039e-7,2.49406667763e-7,1.75610566089e-7,1.17197991756e-7,8.23816890261e-8,5.51339631727e-8,3.71962691759e-8,2.76997447202e-8,2.06554489068e-8,1.6840123962e-8,1.43684557585e-8],"min":[1.76609737699e-23,7.33886845344e-24,1.17173856876e-23,4.83382053296e-24,8.49386455389e-25,2.94357786706e-24,1.2078673727e-23,1.49200402671e-23,4.97142430167e-24,6.19297186353e-24,1.26299155281e-23,5.60983917707e-24,1.71199066968e-23,4.10850750125e-23,1.293553602e-23,1.12540868891e-23,8.06346164957e-24,8.87932763016e-24,6.92882249921e-24,1.27972250375e-23,8.85237461961e-24,1.11807551682e-23,8.95766625122e-24,8.26767091667e-24,1.50381295892e-23,1.08894304136e-23,1.55191659251e-23,1.68963829593e-23,9.29837448732e-24,1.23567716508e-23,1.44580028572e-23,1.33582566024e-23,8.62932183208e-24,1.14854558483e-23,7.76027558243e-24,9.65101818892e-24,7.21872414871e-24,1.02879855046e-23,9.17085354427e-24,1.09493333553e-23],"var":[0.000058920126321,0.000015331152099,0.00000130463456571,8.5683944917e-7,0.00000135967229653,9.14581164579e-7,0.00000153107441747,4.04877880555e-7,8.05220921052e-8,9.36374533467e-8,6.5614557343e-8,1.18836581464e-7,2.75097082891e-8,2.88065553633e-8,2.12460040672e-8,8.76075212375e-9,3.56998475226e-9,1.77374248622e-9,4.00687127922e-9,3.74953934568e-9,1.53931623004e-9,9.17372622311e-10,2.85210355333e-10,1.05516657911e-10,5.36901009762e-11,2.80344965992e-11,2.13225305468e-11,1.43268044997e-11,1.35569160065e-11,4.05944965143e-11,1.70286874879e-11,1.33577903513e-12,1.97707816915e-13,5.65599711435e-14,2.37193823068e-14,1.1323833547e-14,6.90984872063e-15,4.90083014183e-15,3.74337656006e-15,2.96785267531e-15]},"melbands_crest":{"dmean":4.30787754059,"dmean2":7.18821668625,"dvar":13.4486522675,"dvar2":35.7402191162,"max":35.6529464722,"mean":17.2577514648,"median":16.3863754272,"min":3.11491560936,"var":39.058971405},"melbands_flatness_db":{"dmean":0.0348085798323,"dmean2":0.056616038084,"dvar":0.00093184702564,"dvar2":0.00249527022243,"max":0.583050608635,"mean":0.292949408293,"median":0.282598406076,"min":0.0101582659408,"var":0.0049820560962},"melbands_kurtosis":{"dmean":8.25414276123,"dmean2":12.9867591858,"dvar":221.259674072,"dvar2":483.830230713,"max":430.906585693,"mean":19.7275180817,"median":6.84864234924,"min":-1.63530731201,"var":1359.98376465},"melbands_skewness":{"dmean":0.764339864254,"dmean2":1.22784256935,"dvar":0.552870869637,"dvar2":1.35351657867,"max":15.8298826218,"mean":2.99675130844,"median":2.3305337429,"min":-0.650020003319,"var":4.64172029495},"melbands_spread":{"dmean":3.53112530708,"dmean2":5.7458319664,"dvar":15.3553009033,"dvar2":36.1244277954,"max":142.187850952,"mean":12.3112621307,"median":11.6813087463,"min":0.580199360847,"var":55.9808120728},"mfcc":{"cov":[[26817.1894531,6378.27880859,-4077.44726562,-346.197631836,-1013.53436279,165.202362061,-42.3970222473,336.585388184,652.937255859,724.236206055,546.807556152,643.656616211,832.589538574],[6378.27880859,2788.63476562,-805.514953613,-331.836578369,-146.579818726,94.155090332,26.0971832275,124.606285095,207.578674316,181.040908813,155.728393555,212.675750732,270.310577393],[-4077.44726562,-805.514953613,1057.89489746,-12.7842168808,227.828552246,-25.4601650238,51.7270622253,-47.3122291565,-95.1491775513,-107.727874756,-70.4907913208,-73.4285812378,-110.488433838],[-346.197631836,-331.836578369,-12.7842168808,320.04788208,-41.5735855103,4.24783992767,-10.8347263336,-13.1950769424,-29.2199802399,-12.359131813,-12.2702875137,-27.4430732727,-31.7204608917],[-1013.53436279,-146.579818726,227.828552246,-41.5735855103,146.720703125,13.158905983,28.4425811768,4.44308376312,-12.0641269684,-26.312210083,-16.4002857208,-16.953918457,-29.2074794769],[165.202362061,94.155090332,-25.4601650238,4.24783992767,13.158905983,81.6977767944,39.2168769836,20.1430530548,12.8588943481,5.36153936386,1.31954920292,7.2595949173,6.78976392746],[-42.3970222473,26.0971832275,51.7270622253,-10.8347263336,28.4425811768,39.2168769836,86.6837081909,33.4430274963,10.8965444565,1.99474000931,3.65565800667,4.01421117783,-0.640892982483],[336.585388184,124.606285095,-47.3122291565,-13.1950769424,4.44308376312,20.1430530548,33.4430274963,69.9778442383,34.6599655151,13.3676986694,13.3989124298,9.82143688202,7.49172353745],[652.937255859,207.578674316,-95.1491775513,-29.2199802399,-12.0641269684,12.8588943481,10.8965444565,34.6599655151,71.600151062,37.4701957703,19.147354126,27.077955246,23.3156585693],[724.236206055,181.040908813,-107.727874756,-12.359131813,-26.312210083,5.36153936386,1.99474000931,13.3676986694,37.4701957703,67.6514129639,39.5629043579,25.1160087585,31.6525154114],[546.807556152,155.728393555,-70.4907913208,-12.2702875137,-16.4002857208,1.31954920292,3.65565800667,13.3989124298,19.147354126,39.5629043579,61.1277275085,39.7249946594,26.0076408386],[643.656616211,212.675750732,-73.4285812378,-27.4430732727,-16.953918457,7.2595949173,4.01421117783,9.82143688202,27.077955246,25.1160087585,39.7249946594,68.9978637695,46.0637168884],[832.589538574,270.310577393,-110.488433838,-31.7204608917,-29.2074794769,6.78976392746,-0.640892982483,7.49172353745,23.3156585693,31.6525154114,26.0076408386,46.0637168884,75.6411514282]],"icov":[[0.000197018904146,-0.000246618321398,0.000428577099228,-0.0000653689785395,0.000304251036141,0.000170775223523,-0.000241799280047,0.00000854875816003,-0.000112080058898,-0.000391404726543,-0.0000347677305399,-0.000199541304028,-0.000257626699749],[-0.000246618321398,0.0011049824534,-0.000257769715972,0.000678775657434,-0.000246489478741,-0.000810584868304,0.00045644066995,-0.000401616649469,-0.00059501233045,0.000593762204517,-0.000467160803964,0.0000662624370307,-0.00124963629059],[0.000428577099228,-0.000257769715972,0.00288063776679,0.0000172255640791,-0.00163162942044,0.00126815692056,-0.00182366743684,0.000896905665286,0.000368527660612,-0.000110748893349,0.000105220817204,-0.000835993210785,-0.000023748498279],[-0.0000653689785395,0.000678775657434,0.0000172255640791,0.00412108236924,0.00156338803936,-0.00142109300941,0.000476465735119,-0.000472662446555,0.000921338796616,-0.000222678223508,-0.000344543921528,0.000270884629572,0.000591987511143],[0.000304251036141,-0.000246489478741,-0.00163162942044,0.00156338803936,0.0122681912035,-0.00204628356732,-0.0011380452197,-0.00111346854828,-0.00100517715327,0.000708053237759,-0.000650943024084,0.000106562110886,0.000998165807687],[0.000170775223523,-0.000810584868304,0.00126815692056,-0.00142109300941,-0.00204628356732,0.0175798274577,-0.0078662186861,-0.0000833723897813,-0.0000740951800253,-0.00103657727595,0.00292886467651,-0.0016907035606,0.000326033768943],[-0.000241799280047,0.00045644066995,-0.00182366743684,0.000476465735119,-0.0011380452197,-0.0078662186861,0.0194020010531,-0.00827019661665,0.00161354045849,-0.000881912594195,-0.0000354248622898,-0.000670432287734,0.00010866097],[0.00000854875816003,-0.000401616649469,0.000896905665286,-0.000472662446555,-0.00111346854828,-0.0000833723897813,-0.00827019661665,0.0250064078718,-0.0122086033225,0.00607734918594,-0.00680938456208,0.00513613643125,-0.0000826793257147],[-0.000112080058898,-0.00059501233045,0.000368527660612,0.000921338796616,-0.00100517715327,-0.0000740951800253,0.00161354045849,-0.0122086033225,0.0314559303224,-0.017128046602,0.0118444515392,-0.0116297192872,0.00560715934262],[-0.000391404726543,0.000593762204517,-0.000110748893349,-0.000222678223508,0.000708053237759,-0.00103657727595,-0.000881912594195,0.00607734918594,-0.017128046602,0.0393998064101,-0.0243176165968,0.0138812297955,-0.00961150974035],[-0.0000347677305399,-0.000467160803964,0.000105220817204,-0.000344543921528,-0.000650943024084,0.00292886467651,-0.0000354248622898,-0.00680938456208,0.0118444515392,-0.0243176165968,0.0432716980577,-0.0242207311094,0.00861792359501],[-0.000199541304028,0.0000662624370307,-0.000835993210785,0.000270884629572,0.000106562110886,-0.0016907035606,-0.000670432287734,0.00513613643125,-0.0116297192872,0.0138812297955,-0.0242207311094,0.0402858406305,-0.0178987160325],[-0.000257626699749,-0.00124963629059,-0.000023748498279,0.000591987511143,0.000998165807687,0.000326033768943,0.00010866097,-0.0000826793257147,0.00560715934262,-0.00961150974035,0.00861792359501,-0.0178987160325,0.0313310138881]],"mean":[-711.457946777,177.794387817,-2.51961970329,19.8908042908,6.58377933502,13.4179944992,4.46210098267,3.46921825409,3.50999855995,1.00375652313,-1.37985241413,2.24593234062,6.79356527328]},"pitch_salience":{"dmean":0.080172277987,"dmean2":0.131603837013,"dvar":0.00441347947344,"dvar2":0.0116425286978,"max":0.946668505669,"mean":0.529796183109,"median":0.538765013218,"min":0.134009614587,"var":0.0138652063906},"silence_rate_20dB":{"dmean":0,"dmean2":0,"dvar":0,"dvar2":0,"max":1,"mean":1,"median":1,"min":1,"var":0},"silence_rate_30dB":{"dmean":0.150755047798,"dmean2":0.301548689604,"dvar":0.128027975559,"dvar2":0.267445445061,"max":1,"mean":0.806909799576,"median":1,"min":0,"var":0.15580637753},"silence_rate_60dB":{"dmean":0.00076785258716,"dmean2":0.00153590168338,"dvar":0.000767263001762,"dvar2":0.0020455098711,"max":1,"mean":0.148048624396,"median":0,"min":0,"var":0.126130223274},"spectral_centroid":{"dmean":119.419631958,"dmean2":184.679016113,"dvar":27209.6425781,"dvar2":44499.9492188,"max":11175.7802734,"mean":720.722595215,"median":678.407470703,"min":167.12600708,"var":109773.617188},"spectral_complexity":{"dmean":2.74123358727,"dmean2":4.2956609726,"dvar":8.42574501038,"dvar2":18.3577404022,"max":61,"mean":19.2831726074,"median":20,"min":0,"var":118.687950134},"spectral_contrast_coeffs":{"dmean":[0.0494719333947,0.0472973324358,0.0358171164989,0.0270334985107,0.0243640989065,0.0311448145658],"dmean2":[0.0827813372016,0.0782396942377,0.0598889216781,0.0449875928462,0.0400558821857,0.0500032640994],"dvar":[0.00155359494966,0.00143678602763,0.000819467764813,0.000489792088047,0.000558575615287,0.000986003316939],"dvar2":[0.00440922006965,0.00392894586548,0.00227517914027,0.0013101202203,0.00145733833779,0.0024124130141],"max":[-0.395256012678,-0.448174118996,-0.593023359776,-0.629208266735,-0.655317604542,-0.465340524912],"mean":[-0.703493952751,-0.755857825279,-0.806879162788,-0.821900248528,-0.837412595749,-0.802156567574],"median":[-0.706540048122,-0.755140244961,-0.801427364349,-0.813629984856,-0.823584496975,-0.816451966763],"min":[-0.958812654018,-0.954335451126,-0.96518933773,-0.981853246689,-0.974980711937,-0.958523333073],"var":[0.00393308140337,0.00469534704462,0.00357977533713,0.00307539431378,0.0027617814485,0.00502018956468]},"spectral_contrast_valleys":{"dmean":[0.357913464308,0.339157193899,0.307843893766,0.290407836437,0.355914384127,0.578786194324],"dmean2":[0.603558063507,0.555923938751,0.503801763058,0.463937610388,0.560769736767,0.921736001968],"dvar":[0.105984471738,0.106947764754,0.097892023623,0.113580927253,0.174316331744,0.261700391769],"dvar2":[0.24812091887,0.226074263453,0.198341786861,0.231645256281,0.403511047363,0.677651584148],"max":[-4.85510730743,-4.5888209343,-4.85023736954,-5.66371822357,-5.66783094406,-8.96133136749],"mean":[-6.89490032196,-6.65355873108,-7.14788866043,-7.7916264534,-8.38885402679,-11.2357597351],"median":[-6.20406579971,-5.88367843628,-6.3338136673,-7.01909971237,-7.78680229187,-10.9361696243],"min":[-27.1295337677,-27.5281925201,-27.3573455811,-27.1754989624,-27.3952350616,-27.2698707581],"var":[3.6452691555,3.9923043251,4.29658555984,4.23410415649,3.192101717,1.62913358212]},"spectral_decrease":{"dmean":5.39621680673e-9,"dmean2":9.14453757161e-9,"dvar":4.2529448181e-17,"dvar2":1.18682140519e-16,"max":3.912225921e-8,"mean":-1.02138546509e-8,"median":-9.91646853521e-9,"min":-6.65095925001e-8,"var":7.22441679903e-17},"spectral_energy":{"dmean":0.0232774764299,"dmean2":0.0387128740549,"dvar":0.000879576487932,"dvar2":0.00231879996136,"max":0.338936984539,"mean":0.0727030858397,"median":0.0735440701246,"min":1.113922368e-20,"var":0.00213198247366},"spectral_energyband_high":{"dmean":0.000125981794554,"dmean2":0.000195615270059,"dvar":7.21494402001e-8,"dvar2":1.43922008533e-7,"max":0.0107157984748,"mean":0.000364640261978,"median":0.000150321633555,"min":7.74747782254e-21,"var":2.78159319578e-7},"spectral_energyband_low":{"dmean":0.0176257826388,"dmean2":0.0299114733934,"dvar":0.000504904834088,"dvar2":0.00137064838782,"max":0.262377917767,"mean":0.0322633869946,"median":0.0270601250231,"min":8.84256781639e-23,"var":0.000827925221529},"spectral_energyband_middle_high":{"dmean":0.00206819921732,"dmean2":0.00327272154391,"dvar":0.00000718662840882,"dvar2":0.0000175232235051,"max":0.0466277562082,"mean":0.00660226633772,"median":0.00558313680813,"min":1.87676941231e-21,"var":0.0000343726969732},"spectral_energyband_middle_low":{"dmean":0.00535131199285,"dmean2":0.00871526263654,"dvar":0.0000436110312876,"dvar2":0.000112951245683,"max":0.106993325055,"mean":0.0167298056185,"median":0.0156009551138,"min":2.45717222036e-22,"var":0.000169922583154},"spectral_entropy":{"dmean":0.200209841132,"dmean2":0.310928493738,"dvar":0.0420160070062,"dvar2":0.101616322994,"max":9.79535579681,"mean":7.27833414078,"median":7.33560276031,"min":5.34244680405,"var":0.187978163362},"spectral_flux":{"dmean":0.0318419747055,"dmean2":0.0506811626256,"dvar":0.00135514896829,"dvar2":0.00302451569587,"max":0.473557531834,"mean":0.135949641466,"median":0.142684265971,"min":1.05542519169e-10,"var":0.00556620256975},"spectral_kurtosis":{"dmean":7.28032541275,"dmean2":11.5998106003,"dvar":103.32888031,"dvar2":277.115875244,"max":129.732910156,"mean":23.2833385468,"median":21.4964580536,"min":-1.22218215466,"var":212.216995239},"spectral_rms":{"dmean":0.00119540805463,"dmean2":0.00196981453337,"dvar":0.00000178425534614,"dvar2":0.00000464875938633,"max":0.0181843396276,"mean":0.007634869311,"median":0.00847055576742,"min":3.29659455116e-12,"var":0.0000126386057673},"spectral_rolloff":{"dmean":4889.5390625,"dmean2":9570.41308594,"dvar":69031408,"dvar2":171872336,"max":22050,"mean":17459.0996094,"median":21770.0683594,"min":64.599609375,"var":67470616},"spectral_skewness":{"dmean":0.496858090162,"dmean2":0.780166983604,"dvar":0.361391782761,"dvar2":0.949714839458,"max":9.52548789978,"mean":3.39411377907,"median":3.27480697632,"min":0.013951103203,"var":1.12575888634},"spectral_spread":{"dmean":596603.625,"dmean2":951149.4375,"dvar":532906278912,"dvar2":1056502448130,"max":41542776,"mean":4307888,"median":3381796.75,"min":1122635.875,"var":7119341355010},"spectral_strongpeak":{"dmean":10.9923229218,"dmean2":20.9341373444,"dvar":1051.11645508,"dvar2":2876.54150391,"max":346.460601807,"mean":7.61089468002,"median":0.389916300774,"min":0,"var":700.567504883},"zerocrossingrate":{"dmean":0.0429146960378,"dmean2":0.0583339557052,"dvar":0.00154501991346,"dvar2":0.00283102085814,"max":0.97607421875,"mean":0.383261919022,"median":0.3115234375,"min":0.0751953125,"var":0.0437511540949}},"metadata":{"audio_properties":{"analysis_sample_rate":44100,"bit_rate":320000,"codec":"mp3","downmix":"mix","equal_loudness":0,"length":181.421478271,"lossless":false,"md5_encoded":"801fb054fdbfe1d5705ff56a595fe9ec","replay_gain":0.436227798462,"sample_rate":44100},"tags":{"acoustid_id":["5d84f665-32c0-4b26-b641-662b7f7feaa1"],"album":["Comedown Machine"],"albumartist":["The Strokes"],"artist":["The Strokes"],"date":["2013"],"discnumber":["1/1"],"file_name":"02 - The Strokes - All the Time.mp3","musicbrainz_albumartistid":["f181961b-20f7-459e-89de-920ef03c7ed0"],"musicbrainz_albumid":["0ecabc36-053c-405f-92eb-00333aa23ec5"],"musicbrainz_artistid":["f181961b-20f7-459e-89de-920ef03c7ed0"],"musicbrainz_recordingid":["f23596ab-1984-45d4-bb63-015b89427d23"],"musicbrainz_releasegroupid":["461e255f-b56e-4788-b989-8ff610242b94"],"replaygain_album_gain":["-0.13 dB"],"replaygain_album_peak":["0.386939"],"replaygain_track_gain":["-1.34 dB"],"replaygain_track_peak":["0.367173"],"title":["All the Time"],"tracknumber":["2/11"]},"version":{"essentia":"2.1-beta1","essentia_build_sha":"e76a03f03bb3900de42a1fa0d9be1e72f12def64","essentia_git_sha":"v2.1_beta1-28-g21ef5f4-dirty","extractor":"music 1.0"}},"rhythm":{"beats_count":426,"beats_loudness":{"dmean":0.029443314299,"dmean2":0.0512633360922,"dvar":0.000852249155287,"dvar2":0.00238754251041,"max":0.239489614964,"mean":0.0862186104059,"median":0.0889068841934,"min":0.00000160130036875,"var":0.00241850898601},"beats_loudness_band_ratio":{"dmean":[0.154391258955,0.0556930303574,0.0555326119065,0.0365410260856,0.0111978333443,0.0843613222241],"dmean2":[0.266008943319,0.0957456156611,0.0937046557665,0.064089268446,0.0202190876007,0.147197514772],"dvar":[0.0153853157535,0.00343378493562,0.00528061622754,0.00186654529534,0.000206348369829,0.00508782826364],"dvar2":[0.0470181517303,0.00977239850909,0.0150287589058,0.0053093675524,0.000585543399211,0.0142634259537],"max":[0.891197144985,0.422810196877,0.525264024734,0.342948466539,0.110044136643