{"lowlevel":{"average_loudness":0.972223103046,"barkbands":{"dmean":[0.000153618995682,0.00662251189351,0.00400780234486,0.00282582174987,0.00346817099489,0.00128685799427,0.000996925053187,0.000752955267671,0.00102538941428,0.00114698370453,0.000306937028654,0.000350507791154,0.000234537816141,0.000471168896183,0.000431875523645,0.000204667565413,0.000273673271295,0.000164888886502,0.000143687866512,0.0001157189472,0.000110017892439,0.0000716382128303,0.0000406581639254,0.0000289703657472,0.0000163112199516,0.0000072849757089,6.90171816586e-7],"dmean2":[0.000263044552412,0.0107612768188,0.0070083537139,0.00480620283633,0.00561887212098,0.00209834892303,0.00162927981,0.0012104914058,0.00162008055486,0.00179867330007,0.000470405910164,0.000549221236724,0.000364526145859,0.000763309595641,0.00068801746238,0.000328243884724,0.000445593032055,0.000269675598247,0.000232770064031,0.0001862609206,0.000176994333742,0.000111627763545,0.0000621836152277,0.0000434601242887,0.0000251985857176,0.0000110579403554,0.00000108393112441],"dvar":[1.00510291645e-7,0.000103542493889,0.0000494535233884,0.0000137942406582,0.0000282129112747,0.00000398806423618,0.00000400687213187,0.00000278786819763,0.00000405643322665,0.00000622058678346,6.94224297604e-7,5.77287551096e-7,3.38354027463e-7,8.65210381562e-7,8.43380917104e-7,1.59786139875e-7,1.55762265308e-7,4.45578862696e-8,3.22157376331e-8,2.13809201455e-8,3.42932544584e-8,1.13302629501e-8,4.63912064319e-9,3.13294234999e-9,3.13361203652e-9,6.28315843798e-10,4.14318579445e-12],"dvar2":[2.71704294619e-7,0.000261821085587,0.000140317657497,0.0000374790179194,0.00006961953477,0.000010011397535,0.00000974653539743,0.0000067228224907,0.00000940195423027,0.0000141020937008,0.00000142576038797,0.0000012819202766,7.27658175492e-7,0.0000020501202016,0.00000189533091088,3.52320910224e-7,3.89590610439e-7,1.14487654912e-7,8.32701516629e-8,5.39439639624e-8,8.9311846807e-8,2.66382276237e-8,1.1086841667e-8,7.25318383132e-9,7.71805286348e-9,1.59483892759e-9,1.04828602396e-11],"max":[0.00485448306426,0.0883193984628,0.0644202828407,0.0487865060568,0.0508173182607,0.0372122041881,0.0296491123736,0.0327014960349,0.0316569060087,0.0358477830887,0.0258360337466,0.0144719230011,0.0116623034701,0.0181121490896,0.0184412542731,0.00879723392427,0.00872996542603,0.00450865551829,0.00254793395288,0.00243998318911,0.00920232292265,0.00262485374697,0.00143068772741,0.000999769777991,0.00140760361683,0.00094142270973,0.000045451160986],"mean":[0.000156155394507,0.0137173561379,0.0054200636223,0.004168223124,0.00563666922972,0.00249767256901,0.0016113211168,0.00128380511887,0.00206697150134,0.00239286478609,0.000537757819984,0.000639320875052,0.00038036191836,0.000826517294627,0.000850590353366,0.000406846374972,0.000618042889982,0.00041259630234,0.000369789777324,0.000319796352414,0.000327951245708,0.00018929624639,0.0000938479570323,0.000058026642364,0.0000309328570438,0.0000122183164422,0.00000107674736682],"median":[0.0000471695639135,0.0126186776906,0.00308878207579,0.00281051802449,0.00359651912004,0.00160547404084,0.000819948909339,0.000518370070495,0.000800905749202,0.000643794832285,0.00020543221035,0.000292228622129,0.000139257273986,0.000400897115469,0.000336757890182,0.00024828009191,0.000481944647618,0.000344511703588,0.000312238436891,0.000279031781247,0.000271068827715,0.000155143527081,0.0000713383342372,0.0000371863097826,0.0000189700622286,0.00000637874472886,5.1491144859e-7],"min":[8.43972897427e-25,4.67476921396e-24,6.22854672934e-24,2.1462041666e-24,1.60517606321e-23,1.77938968324e-23,1.15028833634e-23,1.47622901741e-23,3.28620772889e-23,2.50768547692e-23,2.39879332637e-23,6.59150273624e-23,1.95115531011e-23,3.87290220122e-23,6.16847197374e-23,8.37978856168e-23,8.7046888141e-23,8.57045561138e-23,1.36068598058e-22,2.51891364973e-22,2.79964210908e-22,3.12739930016e-22,4.47418782351e-22,6.86979708638e-22,9.06942856173e-22,1.41606959495e-21,2.10814612758e-21],"var":[9.2915655614e-8,0.000132915069116,0.0000468550097139,0.0000203105591936,0.0000403548183385,0.00000897229074326,0.00000715155374564,0.000006499569281,0.0000129424761326,0.0000218455861614,0.0000021407611257,0.00000156920259542,7.0384993478e-7,0.00000200225144908,0.00000265875678451,4.30963751796e-7,4.20557228153e-7,1.39125390319e-7,1.06356360163e-7,7.57881792879e-8,1.0021084762e-7,3.35304086718e-8,9.69562830022e-9,5.51250023406e-9,4.24573265434e-9,7.77769737503e-10,4.576965109e-12]},"barkbands_crest":{"dmean":2.62652182579,"dmean2":4.33119344711,"dvar":6.1950211525,"dvar2":15.9982690811,"max":26.9709815979,"mean":10.8160629272,"median":10.1549091339,"min":3.10228610039,"var":14.4884176254},"barkbands_flatness_db":{"dmean":0.0198353547603,"dmean2":0.0310636218637,"dvar":0.000453610235127,"dvar2":0.00103231146932,"max":0.642519235611,"mean":0.150737836957,"median":0.128042474389,"min":0.0395355001092,"var":0.005051670596},"barkbands_kurtosis":{"dmean":17.9989891052,"dmean2":24.9060897827,"dvar":32626.2675781,"dvar2":53656.4414062,"max":11430.4208984,"mean":46.2526054382,"median":2.94191789627,"min":-1.85718214512,"var":222689.546875},"barkbands_skewness":{"dmean":0.634226441383,"dmean2":0.960190176964,"dvar":2.57625436783,"dvar2":4.31758928299,"max":101.250556946,"mean":2.50708675385,"median":1.7474437952,"min":-2.07374835014,"var":35.2287445068},"barkbands_spread":{"dmean":3.91903066635,"dmean2":6.23743486404,"dvar":18.6009044647,"dvar2":45.0677070618,"max":75.8667907715,"mean":19.088640213,"median":19.3051338196,"min":0.0435654893517,"var":104.127616882},"dissonance":{"dmean":0.0136441634968,"dmean2":0.0232910495251,"dvar":0.000174639862962,"dvar2":0.000479772337712,"max":0.500000119209,"mean":0.471862882376,"median":0.478653341532,"min":0.214749410748,"var":0.000745036697481},"dynamic_complexity":2.20188426971,"erbbands":{"dmean":[0.14780074358,1.69818305969,4.19050931931,7.28590869904,13.7332191467,8.84522247314,11.1873607635,9.5114030838,15.5454130173,10.1154556274,18.9789600372,22.2565135956,31.8790378571,28.4937896729,9.66439437866,14.5757226944,10.1047954559,16.2884597778,28.4420623779,9.41573238373,12.0476121902,14.818195343,9.01784801483,8.89068508148,5.42432165146,5.58006429672,4.96334409714,4.33176326752,2.68175077438,1.7233145237,1.14896893501,0.775256693363,0.398718476295,0.210394844413,0.107677422464,0.0461515076458,0.0106154866517,0.00143573980313,0.000124696365674,0.0000141686041388],"dmean2":[0.241743057966,2.78834605217,7.16569328308,12.5055246353,22.3481197357,14.8179273605,17.9794940948,15.6529750824,25.3945655823,16.3763027191,30.2615947723,34.8820571899,49.1280555725,43.9108695984,15.0430774689,22.6312675476,15.5218753815,26.1591854095,45.4246788025,14.7377672195,19.4812107086,24.2054233551,14.7859134674,14.5866651535,8.68155384064,9.02055835724,8.06877422333,6.97572612762,4.1735534668,2.66636180878,1.7608537674,1.16471147537,0.608985900879,0.323748260736,0.169349506497,0.0704912915826,0.0161217842251,0.00223063048907,0.000192565014004,0.0000216137977986],"dvar":[0.0741623342037,6.57767009735,48.2980232239,106.283737183,540.20111084,145.751678467,264.004821777,330.721893311,936.115905762,526.647521973,1747.85217285,1947.37219238,4953.21240234,4095.94628906,717.02331543,931.177001953,569.772216797,854.583129883,3538.50756836,286.739562988,469.536834717,412.818115234,136.532867432,127.203041077,49.8006439209,51.0518074036,96.4958114624,40.8397445679,16.2297801971,8.49173259735,3.30644106865,1.8919659853,0.80494004488,0.442227959633,0.18634749949,0.0309752635658,0.000999574782327,0.0000170422863448,1.22237139522e-7,2.92364271681e-10],"dvar2":[0.187330409884,17.3506698608,132.742721558,294.240844727,1263.38220215,411.715240479,671.042114258,813.049316406,2266.15527344,1275.16796875,4193.18847656,4311.62841797,11022.1113281,9599.78515625,1529.64880371,2155.06591797,1229.49865723,2039.85083008,8345.44140625,630.109802246,1131.15991211,1055.0748291,345.663482666,331.425476074,123.271118164,129.626663208,255.311294556,100.78968811,38.6888389587,20.5329780579,7.841401577,4.28451299667,1.96481621265,1.10025656223,0.472571104765,0.0798073410988,0.00243945419788,0.0000417568735429,3.07269516497e-7,6.62452592781e-10],"max":[2.65832448006,23.0291805267,69.5639190674,125.540634155,206.042861938,188.416702271,267.445709229,446.117950439,556.53503418,563.146118164,915.287841797,873.519042969,1061.50024414,1210.36315918,1094.32226562,716.780334473,515.913330078,615.748413086,1189.90344238,557.59185791,515.296203613,434.311859131,280.778015137,186.755462646,130.667709351,110.91242981,589.180541992,137.410583496,94.7127990723,64.8639068604,32.2575683594,24.0667648315,20.5800418854,21.5906925201,14.8553276062,7.82666158676,0.800354659557,0.077714189887,0.00768276955932,0.000336078606779],"mean":[0.25588992238,3.52561998367,6.73090410233,11.8408555984,17.9281368256,15.6814346313,22.1097297668,17.4551544189,26.0467319489,17.1779556274,34.4685173035,46.4142036438,64.9594802856,62.7506408691,20.653875351,26.99559021,19.4364795685,32.0997467041,60.6429862976,23.1054401398,26.689119339,34.7644615173,24.0387039185,22.6637611389,15.2611246109,15.4756727219,13.8098115921,12.338757515,7.25300979614,4.15825748444,2.64666199684,1.54859268665,0.782216072083,0.405080080032,0.189616262913,0.0750405117869,0.0181577373296,0.00240774801932,0.000219189663767,0.0000587245449424],"median":[0.209339991212,3.25236678123,4.37235927582,8.51671123505,9.05696296692,11.1280298233,14.7416419983,10.3357276917,13.1738386154,10.462474823,12.6450624466,20.1801452637,22.558883667,17.5787830353,10.0650377274,12.8055868149,8.66035556793,17.5820941925,25.4546985626,12.4501237869,18.3870239258,28.0185012817,20.569858551,19.1006793976,12.9638385773,13.4792757034,11.9719142914,9.50091552734,5.84622859955,3.36360311508,2.04737710953,1.00500130653,0.501984238625,0.253896802664,0.110784024,0.0365801714361,0.0101087875664,0.00137841689866,0.000118814219604,0.0000577978607907],"min":[8.40865645319e-23,1.06239929501e-21,7.49202280052e-21,1.14108329578e-20,2.9272118883e-20,5.1935811073e-20,7.12562718716e-20,1.21388263754e-19,2.00132523497e-19,3.54239787133e-19,3.79142576462e-19,6.25617790379e-19,7.04387046487e-19,7.0414158064e-19,9.77384514276e-19,3.00058753907e-18,1.02827276896e-18,2.62595578529e-18,2.86080373492e-18,4.14758574815e-18,4.35638929581e-18,7.2475811649e-18,6.13362820091e-18,7.52535337768e-18,7.2458018994e-18,1.21908447656e-17,1.21541874295e-17,1.06226128946e-17,9.96700029439e-18,1.3925845347e-17,1.35042967361e-17,1.27421316925e-17,1.26311927103e-17,9.06768539652e-18,6.60229260596e-18,4.03973008167e-18,2.503500381e-18,1.1062682493e-18,2.86743865402e-19,2.83072805531e-20],"var":[0.07868847996,8.16502952576,49.9245109558,144.343429565,664.313598633,231.826248169,658.169067383,715.486877441,1924.71728516,754.009765625,4621.56347656,6116.93896484,14269.6923828,18686.7265625,2544.97216797,2453.2578125,1391.19104004,2266.20996094,12474.0966797,1254.09985352,1257.8918457,1140.65319824,439.906982422,394.043365479,186.8543396,177.688323975,178.145782471,165.369888306,49.515083313,18.5429134369,7.26068973541,3.5450489521,1.21544849873,0.565938591957,0.235836267471,0.0383341982961,0.00131372071337,0.0000204599546123,1.43635517702e-7,8.92195373137e-10]},"erbbands_crest":{"dmean":2.56788301468,"dmean2":4.15179014206,"dvar":5.79357099533,"dvar2":14.3203516006,"max":28.6948299408,"mean":9.20526599884,"median":7.92391204834,"min":2.2757999897,"var":22.4116840363},"erbbands_flatness_db":{"dmean":0.0128432614729,"dmean2":0.0191009063274,"dvar":0.000158300041221,"dvar2":0.000342130020726,"max":0.377146720886,"mean":0.145002886653,"median":0.1406403929,"min":0.0246313139796,"var":0.00142019882333},"erbbands_kurtosis":{"dmean":0.702230572701,"dmean2":1.11068618298,"dvar":1.35885727406,"dvar2":3.23802876472,"max":26.9349327087,"mean":0.300209283829,"median":-0.305439710617,"min":-1.67552256584,"var":4.23105096817},"erbbands_skewness":{"dmean":0.283384442329,"dmean2":0.445478826761,"dvar":0.0758083462715,"dvar2":0.186785668135,"max":4.60273981094,"mean":0.384100824594,"median":0.365046799183,"min":-2.41678309441,"var":0.545930862427},"erbbands_spread":{"dmean":7.24094390869,"dmean2":11.1740989685,"dvar":53.7973670959,"dvar2":126.655181885,"max":174.629135132,"mean":42.0129623413,"median":40.758644104,"min":2.8492705822,"var":307.399688721},"gfcc":{"cov":[[17849.7402344,-63.2508888245,-2115.10205078,130.402572632,-837.663330078,378.437835693,-385.190582275,94.9103317261,-359.910614014,129.417266846,-462.972320557,-45.1789703369,-217.264755249],[-63.2508888245,986.376831055,51.8947372437,-36.1447944641,48.3496627808,-246.824752808,93.9330291748,-83.3958282471,53.2250442505,-117.679786682,77.0829391479,-74.0214309692,68.6569900513],[-2115.10205078,51.8947372437,623.981140137,-44.7089958191,69.9609146118,-24.5406112671,-26.8936462402,10.3267402649,23.8117752075,-36.3300476074,46.3841362,11.896774292,-11.1468696594],[130.402572632,-36.1447944641,-44.7089958191,171.356018066,39.0784645081,17.763212204,-12.4579019547,-17.0081768036,27.0294742584,10.7217845917,-3.3270637989,-0.915119230747,13.170173645],[-837.663330078,48.3496627808,69.9609146118,39.0784645081,161.492614746,-8.57729434967,41.4963417053,-20.5299129486,38.8849754333,16.0171489716,26.3190994263,-0.747728586197,27.4409046173],[378.437835693,-246.824752808,-24.5406112671,17.763212204,-8.57729434967,173.870605469,-10.73254776,34.215713501,-27.0749435425,18.8793811798,-11.2176084518,27.4136695862,-20.8840255737],[-385.190582275,93.9330291748,-26.8936462402,-12.4579019547,41.4963417053,-10.73254776,144.071777344,26.554227829,13.2988882065,-13.1388444901,29.2456741333,13.2163791656,36.195148468],[94.9103317261,-83.3958282471,10.3267402649,-17.0081768036,-20.5299129486,34.215713501,26.554227829,89.0110931396,15.9712839127,10.1079549789,-5.20446681976,15.6537265778,-5.13201379776],[-359.910614014,53.2250442505,23.8117752075,27.0294742584,38.8849754333,-27.0749435425,13.2988882065,15.9712839127,88.4346542358,35.7817687988,16.5739154816,-10.5583810806,15.3416957855],[129.417266846,-117.679786682,-36.3300476074,10.7217845917,16.0171489716,18.8793811798,-13.1388444901,10.1079549789,35.7817687988,100.759208679,17.7656860352,18.4596271515,-0.698101520538],[-462.972320557,77.0829391479,46.3841362,-3.3270637989,26.3190994263,-11.2176084518,29.2456741333,-5.20446681976,16.5739154816,17.7656860352,80.9515533447,34.6740112305,21.4979496002],[-45.1789703369,-74.0214309692,11.896774292,-0.915119230747,-0.747728586197,27.4136695862,13.2163791656,15.6537265778,-10.5583810806,18.4596271515,34.6740112305,70.9535369873,28.5001163483],[-217.264755249,68.6569900513,-11.1468696594,13.170173645,27.4409046173,-20.8840255737,36.195148468,-5.13201379776,15.3416957855,-0.698101520538,21.4979496002,28.5001163483,68.2526016235]],"icov":[[0.000345415144693,-0.00111118366476,0.000867975119036,-0.000513481150847,0.000839534390252,-0.00102025771048,0.000765743199736,-0.000830469944049,0.00126605387777,-0.00170075008646,0.00228037266061,-0.0015136123402,0.000951702066232],[-0.00111118366476,0.00642798608169,-0.00255920202471,0.00219144579023,-0.00243731448427,0.0054902699776,-0.00297558051534,0.00368063664064,-0.005359292496,0.00865928456187,-0.0111452201381,0.00848292093724,-0.00506799016148],[0.000867975119036,-0.00255920202471,0.0044291052036,-0.000394186092308,0.000551891105715,-0.00213505257852,0.00336410943419,-0.00287513318472,0.00203949725255,-0.0020053756889,0.00403423933312,-0.00454174121842,0.00340822315775],[-0.000513481150847,0.00219144579023,-0.000394186092308,0.00827039219439,-0.00290429336019,0.000418791692937,0.00016302644508,0.00319356378168,-0.00559470662847,0.00449851015583,-0.00326089374721,0.00178526295349,-0.00246451678686],[0.000839534390252,-0.00243731448427,0.000551891105715,-0.00290429336019,0.0119393877685,-0.00357380695641,-0.0018066855846,0.00200695288368,0.000450255320175,-0.00583542650566,0.00496454257518,-0.00154232687782,-0.0000905561610125],[-0.00102025771048,0.0054902699776,-0.00213505257852,0.000418791692937,-0.00357380695641,0.0130572048947,-0.00232979049906,-0.000211198217585,-0.00131941644941,0.00602195132524,-0.0083216112107,0.00356854847632,-0.00105912308209],[0.000765743199736,-0.00297558051534,0.00336410943419,0.00016302644508,-0.0018066855846,-0.00232979049906,0.0133751453832,-0.00778139661998,0.00391212338582,-0.00127651367802,0.00105286913458,-0.00179212109651,-0.00219157803804],[-0.000830469944049,0.00368063664064,-0.00287513318472,0.00319356378168,0.00200695288368,-0.000211198217585,-0.00778139661998,0.0214698649943,-0.012156739831,0.00555353006348,-0.000935434945859,-0.00283134798519,0.00170386151876],[0.00126605387777,-0.005359292496,0.00203949725255,-0.00559470662847,0.000450255320175,-0.00131941644941,0.00391212338582,-0.012156739831,0.0286376532167,-0.016548357904,0.00499916309491,0.00452060438693,-0.00280826864764],[-0.00170075008646,0.00865928456187,-0.0020053756889,0.00449851015583,-0.00583542650566,0.00602195132524,-0.00127651367802,0.00555353006348,-0.016548357904,0.0281408764422,-0.0171705633402,0.00459713907912,-0.00254054763354],[0.00228037266061,-0.0111452201381,0.00403423933312,-0.00326089374721,0.00496454257518,-0.0083216112107,0.00105286913458,-0.000935434945859,0.00499916309491,-0.0171705633402,0.0417915731668,-0.0274883434176,0.0116029754281],[-0.0015136123402,0.00848292093724,-0.00454174121842,0.00178526295349,-0.00154232687782,0.00356854847632,-0.00179212109651,-0.00283134798519,0.00452060438693,0.00459713907912,-0.0274883434176,0.044413652271,-0.022844793275],[0.000951702066232,-0.00506799016148,0.00340822315775,-0.00246451678686,-0.0000905561610125,-0.00105912308209,-0.00219157803804,0.00170386151876,-0.00280826864764,-0.00254054763354,0.0116029754281,-0.022844793275,0.0313036777079]],"mean":[14.1622171402,111.699958801,-111.487129211,49.2251930237,-51.2382774353,11.1998348236,-27.6215229034,8.16223716736,-18.2268810272,-1.50784945488,-18.4445228577,-2.01838254929,-7.06865406036]},"hfc":{"dmean":3.81776547432,"dmean2":5.538418293,"dvar":17.9103546143,"dvar2":34.9199676514,"max":70.9474868774,"mean":24.4262523651,"median":25.0986461639,"min":1.07001820874e-16,"var":216.077316284},"melbands":{"dmean":[0.00158900546376,0.0020886498969,0.00135971605778,0.000859929132275,0.000348757806933,0.000220751622692,0.000227586555411,0.000110189888801,0.000163039498148,0.000148950086441,0.000166242403793,0.000127000836073,0.000034580094507,0.0000346503256878,0.0000349751317117,0.0000222283651965,0.0000355611409759,0.0000510075551574,0.000024542081519,0.0000121359671539,0.0000152377497216,0.0000184555483429,0.0000119186624943,0.00000780737718742,0.00000821669800644,0.00000500422720506,0.00000403640387958,0.00000420030573878,0.00000366876588487,0.00000262444245891,0.00000288323644781,0.00000172860063685,0.00000141624741445,8.83702057308e-7,6.97157020113e-7,6.31766283732e-7,4.46713670499e-7,3.01425330917e-7,2.364067484e-7,1.69284788853e-7],"dmean2":[0.00256733014248,0.00347123690881,0.00229194108397,0.00141823641025,0.000562164990697,0.000362627062714,0.000371860689484,0.000178066038643,0.000259154883679,0.000232847931329,0.000254511105595,0.000196640830836,0.0000530039324076,0.0000543654387002,0.0000535609942744,0.0000344277104887,0.000057405224652,0.0000824310191092,0.0000389089327655,0.0000191126910067,0.000024673066946,0.0000302928001474,0.000019735080059,0.0000128244073494,0.0000135644886541,0.00000815729890746,0.0000065519770942,0.00000687487863615,0.00000605329023529,0.00000425812913818,0.00000468680264021,0.00000275021398011,0.00000223652364184,0.0000013960866454,0.0000010879751926,9.70273617895e-7,6.82171787503e-7,4.67018821837e-7,3.70050912579e-7,2.65050999815e-7],"dvar":[0.00000665374363962,0.00000948933211475,0.00000307733239424,0.00000186622742149,2.23341842798e-7,1.52801945319e-7,1.92175036773e-7,6.16875013293e-8,1.2182012199e-7,9.06333497142e-8,1.33834461735e-7,8.07622129173e-8,8.66581029157e-9,6.24280538375e-9,6.66576660535e-9,3.09574033075e-9,4.21023971242e-9,1.1968336544e-8,2.44265363492e-9,6.83852419137e-10,6.81533773861e-10,7.06399050365e-10,2.71440037114e-10,1.07992545462e-10,1.12565040622e-10,4.35178108826e-11,3.08842257324e-11,3.0289618036e-11,4.34505140201e-11,1.64794219937e-11,1.96130386237e-11,6.76573077077e-12,4.3795769962e-12,2.55426929607e-12,1.13540015063e-12,1.24145669873e-12,6.41924664466e-13,4.46400810197e-13,3.73303845518e-13,3.2982668788e-13],"dvar2":[0.000016386165953,0.0000248673495662,0.0000082315191321,0.00000472819783681,5.75169849526e-7,3.78866303663e-7,4.67631736001e-7,1.47112189097e-7,2.87857488956e-7,2.01905066888e-7,2.96742797445e-7,1.8803400792e-7,1.83160473455e-8,1.3682465827e-8,1.43436515998e-8,6.73276989716e-9,1.00386490232e-8,2.84346146628e-8,5.60151969253e-9,1.36756295177e-9,1.69733338495e-9,1.77982739658e-9,7.18462844773e-10,2.79009093607e-10,2.97728841581e-10,1.12416888298e-10,7.76476660747e-11,7.82708967084e-11,1.1560736396e-10,4.30690240416e-11,4.88597148851e-11,1.65941375224e-11,1.04945045709e-11,6.40056757595e-12,2.77066954449e-12,2.92168264408e-12,1.48489087779e-12,1.10064789314e-12,9.33273206979e-13,8.29495218173e-13],"max":[0.0236946344376,0.0286487620324,0.0171504262835,0.0137782385573,0.00782959908247,0.00894809979945,0.00708748726174,0.00538981007412,0.00749607058242,0.00592643022537,0.005644550547,0.00507564516738,0.00372328306548,0.00185820413753,0.0016504334053,0.0011486755684,0.00133495952468,0.00252392911352,0.000994119443931,0.000745270401239,0.000598755956162,0.00056999293156,0.000333010655595,0.000216103915591,0.00016494996089,0.000134740199428,0.000118566240417,0.0000842407607706,0.00037017458817,0.000173053034814,0.0000903291656869,0.0000601873507549,0.0000441280790255,0.0000389847555198,0.0000234012950386,0.000024748243959,0.0000135757481985,0.0000149915522343,0.0000188483663806,0.0000176158846443],"mean":[0.00322517449968,0.00414978526533,0.00218243594281,0.00127450237051,0.000714433495887,0.000415281770984,0.000380902318284,0.00018388403987,0.000293589109788,0.000301130086882,0.000330239679897,0.000271956814686,0.0000672850874253,0.0000640723519609,0.0000631040820736,0.000036964454921,0.0000625712491455,0.000104076352727,0.0000491576138302,0.0000245263254328,0.0000314226235787,0.0000382861326216,0.0000264479094767,0.0000185924000107,0.0000187570949493,0.0000119734795589,0.00000990945864032,0.0000103292704807,0.00000908095898922,0.00000689513217367,0.00000732392754799,0.00000417458613811,0.00000318857428283,0.00000191849858311,0.00000154770089011,0.00000123057725432,8.33066906125e-7,5.49041374143e-7,4.52693086572e-7,3.03156753034e-7],"median":[0.002891974058,0.00344853755087,0.00154519802891,0.000748582649976,0.000513720326126,0.000251712714089,0.000198078123503,0.00010388912051,0.000101490870293,0.000117962175864,0.000105901664938,0.0000693675028742,0.0000291634059977,0.0000314854696626,0.0000259491134784,0.0000138836858241,0.0000319797327393,0.0000421336771979,0.0000209275312955,0.0000132966006277,0.000021302854293,0.0000289337876893,0.0000210445905395,0.0000153037690325,0.0000152297297973,0.0000095471914392,0.00000813397855381,0.00000861504577188,0.00000761393812354,0.00000567251299799,0.00000517343141837,0.00000318750949191,0.00000251917072092,0.00000146507375121,0.00000120330048503,8.29438704386e-7,5.12144993081e-7,3.29974994884e-7,3.01059230878e-7,1.77910095545e-7],"min":[9.69484217322e-25,2.49726620208e-24,2.36478076014e-24,3.65920546179e-24,3.4455125089e-24,2.68448458857e-24,3.13621119201e-24,3.38095528786e-24,3.47636643662e-24,3.13920984953e-24,2.89313987572e-24,2.42309533041e-24,3.74705104005e-24,4.93038499637e-24,3.47558822534e-24,1.94200357698e-24,3.84832579192e-24,4.17260718296e-24,5.2662973526e-24,5.07943000922e-24,3.89576591461e-24,5.009922686e-24,5.51714802071e-24,5.01057389067e-24,5.20615854149e-24,4.72244520605e-24,6.0921562287e-24,6.65279533531e-24,6.7352131561e-24,6.80316642334e-24,6.09631313124e-24,4.43814131353e-24,7.28906924222e-24,6.82879809187e-24,7.25271537626e-24,6.86633682691e-24,7.08687551474e-24,7.10131640247e-24,7.84059582207e-24,6.53730807094e-24],"var":[0.00000838430969452,0.0000112505476864,0.00000420694186687,0.00000247528146247,5.41886606698e-7,3.38545305567e-7,3.75586125756e-7,1.00594078845e-7,3.37423387009e-7,2.91592101576e-7,3.94440490936e-7,3.54430881089e-7,3.01022282656e-8,1.66267621893e-8,1.82196533416e-8,6.5149574624e-9,9.87113768502e-9,3.99416144603e-8,7.7144672872e-9,2.24437313179e-9,1.74137404496e-9,1.71374259228e-9,6.6329253201e-10,3.02530306362e-10,2.9956812031e-10,1.26519850152e-10,8.89637460921e-11,8.78421571593e-11,7.92162724306e-11,4.36986800911e-11,6.99051719288e-11,1.85333085684e-11,1.05399959593e-11,4.64427194619e-12,2.46638972266e-12,2.18476213683e-12,1.12772150559e-12,6.47328599144e-13,4.94375536602e-13,3.98801543004e-13]},"melbands_crest":{"dmean":2.97776198387,"dmean2":4.87369966507,"dvar":8.38502120972,"dvar2":21.5578517914,"max":39.9931907654,"mean":14.3895273209,"median":13.39823246,"min":1.0016232729,"var":25.6606807709},"melbands_flatness_db":{"dmean":0.0244460627437,"dmean2":0.0383875705302,"dvar":0.00065708096372,"dvar2":0.00152897113003,"max":0.625481009483,"mean":0.226335257292,"median":0.200898706913,"min":-5.43603277947e-7,"var":0.00631335191429},"melbands_kurtosis":{"dmean":34.8483352661,"dmean2":54.6860923767,"dvar":122599.40625,"dvar2":272403.90625,"max":18400.3203125,"mean":73.9814376831,"median":11.3224277496,"min":-1.64161431789,"var":474878.59375},"melbands_skewness":{"dmean":0.917472362518,"dmean2":1.42775702477,"dvar":5.46948003769,"dvar2":12.1058168411,"max":127.795600891,"mean":3.749822855,"median":2.90899133682,"min":-0.694158196449,"var":45.4202613831},"melbands_spread":{"dmean":4.44812202454,"dmean2":7.02914142609,"dvar":27.8881187439,"dvar2":66.6686325073,"max":157.548477173,"mean":17.4759025574,"median":16.0585594177,"min":0.0455011352897,"var":144.6769104},"mfcc":{"cov":[[9333.27539062,-604.240234375,-861.761169434,-210.116973877,-302.784088135,231.960220337,-33.9793930054,-33.6015586853,83.6350631714,122.467636108,6.14428949356,-34.6443099976,-136.789215088],[-604.240234375,980.954284668,146.532241821,172.455825806,-1.04056704044,-88.8246078491,12.179432869,7.37677955627,-13.3059301376,-24.0414962769,-13.3447885513,17.682806015,-11.7153759003],[-861.761169434,146.532241821,407.95916748,-9.23281383514,76.8447189331,-43.3877296448,-16.0123386383,26.6059265137,-42.6408691406,-24.5833091736,2.32915282249,-5.43715667725,17.1486968994],[-210.116973877,172.455825806,-9.23281383514,194.474884033,29.6439685822,5.76739692688,-13.3992261887,-13.4568920135,25.6639442444,2.4817032814,-4.50790166855,6.09304714203,7.78388118744],[-302.784088135,-1.04056704044,76.8447189331,29.6439685822,129.331497192,34.0054626465,-24.0699272156,-11.7320232391,-4.11419677734,5.49446678162,5.31717967987,-2.77615356445,13.7765512466],[231.960220337,-88.8246078491,-43.3877296448,5.76739692688,34.0054626465,102.295761108,18.5464248657,-1.04260802269,0.435449898243,7.54227209091,5.1117401123,-7.84200954437,0.208750382066],[-33.9793930054,12.179432869,-16.0123386383,-13.3992261887,-24.0699272156,18.5464248657,90.8219985962,44.5184135437,-0.284343868494,-15.1072425842,-2.87408947945,4.94102907181,0.398434579372],[-33.6015586853,7.37677955627,26.6059265137,-13.4568920135,-11.7320232391,-1.04260802269,44.5184135437,88.5305709839,15.9142436981,-6.46197843552,-3.35332036018,-3.05550003052,0.925505936146],[83.6350631714,-13.3059301376,-42.6408691406,25.6639442444,-4.11419677734,0.435449898243,-0.284343868494,15.9142436981,71.2713470459,31.5209407806,4.27677583694,-5.8688826561,-3.67897391319],[122.467636108,-24.0414962769,-24.5833091736,2.4817032814,5.49446678162,7.54227209091,-15.1072425842,-6.46197843552,31.5209407806,59.699306488,25.9744739532,-0.113302081823,-4.41004037857],[6.14428949356,-13.3447885513,2.32915282249,-4.50790166855,5.31717967987,5.1117401123,-2.87408947945,-3.35332036018,4.27677583694,25.9744739532,52.2164878845,20.235080719,9.5848531723],[-34.6443099976,17.682806015,-5.43715667725,6.09304714203,-2.77615356445,-7.84200954437,4.94102907181,-3.05550003052,-5.8688826561,-0.113302081823,20.235080719,51.965801239,24.2645721436],[-136.789215088,-11.7153759003,17.1486968994,7.78388118744,13.7765512466,0.208750382066,0.398434579372,0.925505936146,-3.67897391319,-4.41004037857,9.5848531723,24.2645721436,52.3475265503]],"icov":[[0.000161161835422,-0.00000666944060868,0.000232101985603,0.000161525822477,0.000355023395969,-0.000471484498121,0.000369540794054,-0.000148191451444,0.0000213010516745,-0.000172817148268,0.0000931938411668,-0.00013726526231,0.000261340494035],[-0.00000666944060868,0.00152229366358,-0.000508937053382,-0.00157959584612,0.000086951891717,0.00128669769038,-0.000804336101282,0.0000614771925029,0.0006339266547,-0.000244544266025,0.000216665473999,-0.000568276038393,0.000949577428401],[0.000232101985603,-0.000508937053382,0.00424225535244,0.000790936988778,-0.00232692412101,0.00146558613051,0.00116074364632,-0.00225980067626,0.00225483928807,0.000346167769749,-0.00109117454849,0.00154184654821,-0.000704339123331],[0.000161525822477,-0.00157959584612,0.000790936988778,0.00774195604026,-0.00115616444964,-0.0019059140468,0.00143926264718,0.00106030900497,-0.00393821951002,0.00155524036381,0.000728228071239,-0.000897924008314,-0.000922444334719],[0.000355023395969,0.000086951891717,-0.00232692412101,-0.00115616444964,0.0129282455891,-0.00660885404795,0.00402299547568,0.000268122064881,-0.000267422670731,-0.00107827584725,0.000413997739088,0.0000421498370997,-0.00173499714583],[-0.000471484498121,0.00128669769038,0.00146558613051,-0.0019059140468,-0.00660885404795,0.0165788661689,-0.00654349010438,0.00107950507663,0.00265109911561,-0.0014716736041,-0.00192804669496,0.00389144034125,-0.000825326540507],[0.000369540794054,-0.000804336101282,0.00116074364632,0.00143926264718,0.00402299547568,-0.00654349010438,0.0192903522402,-0.00901602674276,0.0000486716962769,0.0039434498176,-0.000475814100355,-0.0029036088381,0.000939957797527],[-0.000148191451444,0.0000614771925029,-0.00225980067626,0.00106030900497,0.000268122064881,0.00107950507663,-0.00901602674276,0.0180642008781,-0.00658144429326,0.0023887604475,-0.000271518656518,0.00145104073454,-0.00100065220613],[0.0000213010516745,0.0006339266547,0.00225483928807,-0.00393821951002,-0.000267422670731,0.00265109911561,0.0000486716962769,-0.00658144429326,0.0245570931584,-0.0142128495499,0.00338603183627,0.00236630928703,-0.000968076346908],[-0.000172817148268,-0.000244544266025,0.000346167769749,0.00155524036381,-0.00107827584725,-0.0014716736041,0.0039434498176,0.0023887604475,-0.0142128495499,0.0334927067161,-0.0164184998721,0.00282021053135,0.00288813514635],[0.0000931938411668,0.000216665473999,-0.00109117454849,0.000728228071239,0.000413997739088,-0.00192804669496,-0.000475814100355,-0.000271518656518,0.00338603183627,-0.0164184998721,0.0322017893195,-0.0122067062184,-0.000934869982302],[-0.00013726526231,-0.000568276038393,0.00154184654821,-0.000897924008314,0.0000421498370997,0.00389144034125,-0.0029036088381,0.00145104073454,0.00236630928703,0.00282021053135,-0.0122067062184,0.0316140800714,-0.0129026947543],[0.000261340494035,0.000949577428401,-0.000704339123331,-0.000922444334719,-0.00173499714583,-0.000825326540507,0.000939957797527,-0.00100065220613,-0.000968076346908,0.00288813514635,-0.000934869982302,-0.0129026947543,0.0271640773863]],"mean":[-619.96282959,130.869598389,3.47479701042,40.3616790771,3.44153261185,10.3167648315,0.419385880232,8.8468132019,5.95524692535,3.72775101662,-0.535962879658,-1.65359091759,-6.88167333603]},"pitch_salience":{"dmean":0.0779039785266,"dmean2":0.128939688206,"dvar":0.00547300465405,"dvar2":0.0144411157817,"max":0.996068120003,"mean":0.535030245781,"median":0.540661752224,"min":0.00170994829386,"var":0.0123805524781},"silence_rate_20dB":{"dmean":0,"dmean2":0,"dvar":0,"dvar2":0,"max":1,"mean":1,"median":1,"min":1,"var":0},"silence_rate_30dB":{"dmean":0,"dmean2":0,"dvar":0,"dvar2":0,"max":1,"mean":1,"median":1,"min":1,"var":0},"silence_rate_60dB":{"dmean":0.00804828945547,"dmean2":0.0160983782262,"dvar":0.00798009056598,"dvar2":0.0169574134052,"max":1,"mean":0.0319660231471,"median":0,"min":0,"var":0.0309446807951},"spectral_centroid":{"dmean":208.320129395,"dmean2":333.661590576,"dvar":51396.0859375,"dvar2":127698.0625,"max":11454.7285156,"mean":1210.39379883,"median":1212.91723633,"min":154.172775269,"var":430269.96875},"spectral_complexity":{"dmean":3.66353678703,"dmean2":5.69614315033,"dvar":11.6352415085,"dvar2":25.7165813446,"max":55,"mean":26.2291278839,"median":28,"min":0,"var":147.132614136},"spectral_contrast_coeffs":{"dmean":[0.0549760609865,0.0462263040245,0.0373983941972,0.0276253242046,0.0178647581488,0.0162876136601],"dmean2":[0.0909796208143,0.0761933401227,0.0614276714623,0.0455539375544,0.0299914442003,0.0262026414275],"dvar":[0.00218324316666,0.00138653384056,0.000904363929294,0.00048561632866,0.00019181407697,0.000210192301893],"dvar2":[0.00586440786719,0.00378884980455,0.00237672450021,0.00127791136038,0.000522696529515,0.000502960465383],"max":[-0.296706348658,-0.450326412916,-0.490853786469,-0.603135168552,-0.71888923645,-0.548345923424],"mean":[-0.645908117294,-0.746299564838,-0.764621317387,-0.790296792984,-0.810169398785,-0.728371560574],"median":[-0.653566896915,-0.75270652771,-0.773893296719,-0.795372366905,-0.809466004372,-0.724769115448],"min":[-0.97121489048,-0.996364831924,-0.998337268829,-0.988647341728,-0.989323437214,-0.962152779102],"var":[0.00606780871749,0.00499122636393,0.00466014584526,0.00269169942476,0.000774358923081,0.00221282313578]},"spectral_contrast_valleys":{"dmean":[0.360980272293,0.340304464102,0.285219073296,0.247944205999,0.186685621738,0.223888337612],"dmean2":[0.60417175293,0.562742829323,0.469457447529,0.393357872963,0.29063898325,0.313634008169],"dvar":[0.104467347264,0.0877400711179,0.0660803839564,0.0606063269079,0.0457507930696,0.0822057798505],"dvar2":[0.251725792885,0.20904751122,0.148273274302,0.117814034224,0.080002464354,0.140801131725],"max":[-5.29754543304,-4.81723594666,-5.34000110626,-5.92000961304,-5.80960321426,-8.09883213043],"mean":[-6.58273124695,-6.4749007225,-7.0925579071,-7.54814624786,-7.17067861557,-10.2430839539],"median":[-6.34886074066,-6.22188520432,-6.7892665863,-7.13986873627,-6.7280626297,-9.83815383911],"min":[-28.1467037201,-27.8563213348,-27.661655426,-27.5867023468,-27.4388484955,-27.3319396973],"var":[1.9225922823,2.19769835472,2.27136492729,2.40672183037,2.36654853821,2.1235742569]},"spectral_decrease":{"dmean":2.72949240987e-9,"dmean2":4.29797530899e-9,"dvar":8.20679386529e-18,"dvar2":1.90527273273e-17,"max":9.00125549412e-29,"mean":-1.13428315629e-8,"median":-1.13358638032e-8,"min":-2.99883780031e-8,"var":2.53209845495e-17},"spectral_energy":{"dmean":0.0104571646079,"dmean2":0.0164184812456,"dvar":0.000118273354019,"dvar2":0.000274067686405,"max":0.115493044257,"mean":0.0450260564685,"median":0.045253764838,"min":1.00369990514e-20,"var":0.000395425187889},"spectral_energyband_high":{"dmean":0.000250266544754,"dmean2":0.000375035684556,"dvar":1.28158390567e-7,"dvar2":2.94306516935e-7,"max":0.00959203206003,"mean":0.000893835152965,"median":0.000824570772238,"min":7.03112810296e-21,"var":5.33272157099e-7},"spectral_energyband_low":{"dmean":0.00868578534573,"dmean2":0.0139011917636,"dvar":0.000130986358272,"dvar2":0.000298940838547,"max":0.102119803429,"mean":0.0218127239496,"median":0.0195289906114,"min":1.86079507995e-23,"var":0.00021306022245},"spectral_energyband_middle_high":{"dmean":0.00182384450454,"dmean2":0.0027556095738,"dvar":0.00000723851053408,"dvar2":0.0000151408376041,"max":0.0415868908167,"mean":0.00734975375235,"median":0.00516367005184,"min":1.39184639023e-21,"var":0.0000518789129274},"spectral_energyband_middle_low":{"dmean":0.00638305861503,"dmean2":0.0102022364736,"dvar":0.0000527217598574,"dvar2":0.000129581429064,"max":0.0745282620192,"mean":0.0178545732051,"median":0.0151683455333,"min":2.51878364545e-22,"var":0.000133329129312},"spectral_entropy":{"dmean":0.119999319315,"dmean2":0.18935136497,"dvar":0.0202475506812,"dvar2":0.0486530587077,"max":9.81414699554,"mean":7.61303043365,"median":7.74956798553,"min":4.72028636932,"var":0.221457391977},"spectral_flux":{"dmean":0.0283621679991,"dmean2":0.0434589013457,"dvar":0.000703514029738,"dvar2":0.00155909720343,"max":0.308279424906,"mean":0.104403227568,"median":0.101834736764,"min":6.63686258728e-11,"var":0.00247072335333},"spectral_kurtosis":{"dmean":1.42801213264,"dmean2":2.44519162178,"dvar":9.85594272614,"dvar2":27.2246189117,"max":138.077041626,"mean":4.31684875488,"median":2.98371171951,"min":-1.24628806114,"var":64.605506897},"spectral_rms":{"dmean":0.000769364123698,"dmean2":0.00119928980712,"dvar":5.729351642e-7,"dvar2":0.00000130501996409,"max":0.0106149017811,"mean":0.00638560624793,"median":0.00664454791695,"min":3.12924816268e-12,"var":0.00000315171814691},"spectral_rolloff":{"dmean":234.689743042,"dmean2":399.890655518,"dvar":167334.5625,"dvar2":399193.75,"max":19250.6835938,"mean":859.561218262,"median":710.595703125,"min":21.533203125,"var":880307.625},"spectral_skewness":{"dmean":0.178305149078,"dmean2":0.296237200499,"dvar":0.0507608316839,"dvar2":0.129773795605,"max":9.75246047974,"mean":1.39464569092,"median":1.25551474094,"min":-0.13605645299,"var":0.490114569664},"spectral_spread":{"dmean":354029.28125,"dmean2":539416.9375,"dvar":294794264576,"dvar2":592167501824,"max":42091480,"mean":4220797.5,"median":4086080,"min":750133.5,"var":3210019078140},"spectral_strongpeak":{"dmean":0.482558876276,"dmean2":0.864018082619,"dvar":0.850697517395,"dvar2":2.23476362228,"max":9.21901893616,"mean":0.778393089771,"median":0.442733854055,"min":0,"var":1.02260112762},"zerocrossingrate":{"dmean":0.00641026068479,"dmean2":0.00831595622003,"dvar":0.0000637089688098,"dvar2":0.000120942320791,"max":0.51953125,"mean":0.0427902899683,"median":0.04345703125,"min":0,"var":0.000684911734425}},"metadata":{"audio_properties":{"analysis_sample_rate":44100,"bit_rate":320000,"codec":"mp3","downmix":"mix","equal_loudness":0,"length":207.725708008,"lossless":false,"md5_encoded":"861669d2f9fd5f207adeeef4efbf4e75","replay_gain":-16.6746311188,"sample_rate":44100},"tags":{"album":["Graveyard"],"albumartist":["Graveyard"],"albumartistsort":["Graveyard"],"artist":["Graveyard"],"artistsort":["Graveyard"],"asin":["B000UZ4E5M"],"catalognumber":["TPE-081"],"contentgroup":["Rock"],"date":["2008-02-19"],"discnumber":["1/1"],"file_name":"01 Evil Ways.mp3","genre":["Rock; Stoner Rock; Psychedelic Rock; Hard Rock; Psychedelic"],"label":["Tee Pee Records"],"language":["eng"],"media":["CD"],"mood":["Groovy; Retro"],"musicbrainz album release country":["US"],"musicbrainz album status":["official"],"musicbrainz album type":["album"],"musicbrainz_albumartistid":["679fc003-616b-44ff-97f7-d82398ad3184"],"musicbrainz_albumid":["9a311144-57b8-442b-b9d2-df4d3f7fe331"],"musicbrainz_artistid":["679fc003-616b-44ff-97f7-d82398ad3184"],"musicbrainz_recordingid":["f246aab5-a254-4f73-8030-3e55c9eb9d75"],"originaldate":["2007-09-10"],"script":["Latn"],"title":["Evil Ways"],"tracknumber":["1/9"]},"version":{"essentia":"2.1-beta2","essentia_build_sha":"70f2e5ece6736b2c40cc944ad0e695b16b925413","essentia_git_sha":"v2.1_beta2","extractor":"music 1.0"}},"rhythm":{"beats_count":440,"beats_loudness":{"dmean":0.0168628301471,"dmean2":0.0298966076225,"dvar":0.000187334240763,"dvar2":0.000553462014068,"max":0.107610568404,"mean":0.0544803477824,"median":0.056227773428,"min":6.26833838169e-8,"var":0.000400223420002},"beats_loudness_band_ratio":{"dmean":[0.148505091667,0.146868318319,0.0771506726742,0.0726890414953,0.0426839031279,0.0206275470555],"dmean2":[0.253501713276,0.273940056562,0.136318951845,0.126466363668,0.0762029290199,0.0377803482115],"dvar":[0.0136585980654,0.0126384506002,0.0065373275429,0.00786350201815,0.00258283596486,0.00134085211903],"dvar2":[0.040764093399,0.0433037132025,0.0182541646063,0.021351179108,0.007431154605,0.00388187053613],"max":[0.999757230282,0.737532913685,0.5871975