{"lowlevel":{"average_loudness":0.940574586391,"barkbands":{"dmean":[0.000523956434336,0.00514119397849,0.00227741617709,0.0013368409127,0.00271601602435,0.000933140167035,0.00095250713639,0.000470973231131,0.000632980896626,0.000289637595415,0.000208445664612,0.00022231033654,0.000265498005319,0.000282954948489,0.000303516484564,0.00032549732714,0.000318502105074,0.000276978971669,0.000282811932266,0.000319076760206,0.00019719050033,0.000217030552449,0.000159669070854,0.000173021995579,0.0000749737519072,0.000021188881874,0.00000252539416579],"dmean2":[0.000689310138114,0.00794479995966,0.0037525978405,0.00222510867752,0.00462398352101,0.00150026369374,0.0014882569667,0.000735659443308,0.000958618998993,0.00045011297334,0.000328633002937,0.00035343671334,0.000424540252425,0.000449258019216,0.000479681330035,0.000532941659912,0.000516018480994,0.000454659719253,0.000467971287435,0.000531740661245,0.000332017429173,0.000353942567017,0.000251036428381,0.000258042884525,0.000115170376375,0.0000369141089323,0.00000450197467217],"dvar":[0.00000207749440051,0.000110271685116,0.0000102852272903,0.00000598135238761,0.0000677612260915,0.00000405138325732,0.00000635859987597,0.00000209428571907,0.00000253610369327,4.99599536852e-7,5.71748614675e-7,4.61978203248e-7,6.39313668671e-7,5.01542956499e-7,6.2830480374e-7,4.86845010528e-7,4.86340127281e-7,2.59411592651e-7,2.25859025704e-7,2.15054086539e-7,1.37035527814e-7,1.43996317092e-7,8.68654765895e-8,1.67127367945e-7,4.31424105329e-8,6.05662719977e-9,1.95956431637e-10],"dvar2":[0.00000309576580548,0.000240271096118,0.0000289676299872,0.0000163032054843,0.000182189469342,0.00000954266215558,0.0000141174950841,0.00000465284028905,0.00000549806873096,0.00000110993210001,0.00000135255606892,0.00000105762239855,0.00000150290247802,0.00000109976178919,0.00000137557651669,0.00000115241618914,0.00000116303249342,6.04730928444e-7,5.57223700071e-7,5.5177753211e-7,3.73157263311e-7,3.6218131072e-7,1.92432381141e-7,3.31407051135e-7,9.60215800205e-8,1.75706755812e-8,5.69843949805e-10],"max":[0.0192805752158,0.149448618293,0.0523984804749,0.059526771307,0.0887690186501,0.0410988256335,0.0469896234572,0.0318522825837,0.0328189842403,0.0195879638195,0.0196724608541,0.0176786389202,0.0326310247183,0.0168662127107,0.0258427690715,0.01984940283,0.021374579519,0.0135254692286,0.0146903404966,0.00923185702413,0.00755222095177,0.00747462315485,0.0074205249548,0.0129681266844,0.00634127669036,0.00135851779487,0.000730233965442],"mean":[0.00070028816117,0.00989070627838,0.00400555552915,0.00193844875321,0.00327968387865,0.00148876919411,0.00142776069697,0.000672220543493,0.0010560976807,0.00051091320347,0.000292062759399,0.000338269921485,0.000393416907173,0.000441282609245,0.000491774873808,0.000588090275414,0.000592044671066,0.000533923623152,0.000611580209807,0.000685337814502,0.000408656720538,0.000532987643965,0.000406096427469,0.000461657124106,0.000160844007041,0.0000286252907244,0.00000253827465713],"median":[0.000198217079742,0.00622399803251,0.00290247052908,0.00110216950998,0.00150033319369,0.000663206388708,0.000385465245927,0.000126463142806,0.000375961477403,0.000251144199865,0.0000951894835453,0.00010732683586,0.000121237237181,0.000162760043168,0.000187434881809,0.000304876855807,0.000300258718198,0.000305580993881,0.000437546521425,0.000513133709319,0.000276652630419,0.000393457827158,0.000269726384431,0.000314198958222,0.0000875409314176,0.0000129617965285,7.37585821753e-7],"min":[2.86096436932e-23,4.95504518269e-23,1.77918142396e-23,1.65461949817e-23,1.33748362498e-22,1.17723189634e-22,3.43259002064e-23,3.14837164064e-23,9.27281129192e-23,6.31877332647e-23,3.24642105582e-23,4.07475813846e-23,6.8488247459e-23,9.94942233903e-23,1.86689562532e-22,1.04929108996e-22,1.6425331078e-22,1.42021809454e-22,3.94872770076e-22,2.34173220875e-22,3.8902654084e-22,4.97266915573e-22,7.10083109524e-22,7.47282760588e-22,1.30992895337e-21,1.75744780115e-21,2.67812708596e-21],"var":[0.00000380964729629,0.000164364246302,0.0000169144350366,0.00000838571577333,0.0000526967523911,0.00000707153913027,0.0000110464379759,0.00000466621759188,0.00000545743114344,0.00000113902933663,9.07035826003e-7,9.12353016247e-7,0.00000123587517464,9.88322767626e-7,0.00000125674239371,9.0731509772e-7,8.50200251534e-7,5.77052333028e-7,4.06116100748e-7,4.2551383217e-7,1.91800282323e-7,2.74757667285e-7,2.43761206775e-7,4.47168190476e-7,8.52657464634e-8,3.93494925532e-9,1.11534934066e-10]},"barkbands_crest":{"dmean":2.58595919609,"dmean2":4.1570725441,"dvar":6.63953018188,"dvar2":15.9351577759,"max":26.6148166656,"mean":10.1634025574,"median":9.22493553162,"min":2.34580922127,"var":19.6374950409},"barkbands_flatness_db":{"dmean":0.0173406451941,"dmean2":0.0266357269138,"dvar":0.000366550724721,"dvar2":0.000809285847936,"max":0.45877456665,"mean":0.110572755337,"median":0.0953290611506,"min":0.0288176182657,"var":0.00366568029858},"barkbands_kurtosis":{"dmean":2.79383850098,"dmean2":4.42235279083,"dvar":77.6088638306,"dvar2":208.566467285,"max":367.645874023,"mean":5.19337415695,"median":0.879703044891,"min":-1.96822571754,"var":546.754516602},"barkbands_skewness":{"dmean":0.508396446705,"dmean2":0.764965236187,"dvar":0.379351764917,"dvar2":0.837454855442,"max":16.2229938507,"mean":1.31507754326,"median":1.35508131981,"min":-17.3758563995,"var":3.52958154678},"barkbands_spread":{"dmean":7.57680177689,"dmean2":11.4190988541,"dvar":69.6307601929,"dvar2":141.559707642,"max":141.046020508,"mean":37.3323402405,"median":36.9181747437,"min":0.375525057316,"var":329.797576904},"dissonance":{"dmean":0.00927932187915,"dmean2":0.0153097799048,"dvar":0.000114220092655,"dvar2":0.000287586444756,"max":0.500000178814,"mean":0.481115788221,"median":0.486437380314,"min":0.274867236614,"var":0.000305752531858},"dynamic_complexity":2.33059501648,"erbbands":{"dmean":[0.193462461233,1.1036593914,2.54028654099,3.2648704052,8.69504642487,8.38789081573,6.37546300888,8.21030235291,12.6779298782,12.3694753647,10.3650283813,15.3018140793,9.1168794632,8.27319717407,7.91236400604,9.21076393127,11.2189064026,13.1380605698,14.8814334869,14.8208045959,17.3848609924,16.626543045,14.7387628555,14.3549928665,16.3082447052,13.2831764221,9.03218460083,6.90811014175,8.64238643646,5.33388757706,5.03731822968,4.2845454216,2.68402242661,1.08176445961,0.42829182744,0.153088018298,0.0281427074224,0.00337819312699,0.000424815370934,0.0000369275148842],"dmean2":[0.279613822699,1.7949090004,4.16740465164,5.42130279541,14.7961044312,14.5262336731,10.6321821213,12.989572525,19.8253517151,19.2086582184,15.867518425,23.265920639,13.9061355591,12.8684129715,12.3160905838,14.5013065338,17.6630954742,20.7213459015,23.3935050964,23.3357315063,28.4260463715,26.7472991943,23.917547226,23.6483154297,26.9513893127,22.1399917603,15.3231115341,11.4372329712,14.3046674728,8.40022563934,7.89571237564,6.54205036163,4.05504655838,1.62772917747,0.677588164806,0.263204485178,0.0490783154964,0.0058882785961,0.000749954837374,0.0000635827091173],"dvar":[0.222207129002,4.72874403,12.9249763489,27.4012622833,645.549926758,644.496154785,198.108825684,363.71987915,1197.47436523,1278.6730957,1046.78845215,1633.30847168,451.102203369,599.462524414,768.509460449,760.008117676,1102.72094727,1084.3770752,1645.69104004,1451.9621582,1142.88513184,1399.89746094,824.07208252,599.085998535,581.48425293,474.083221436,277.209320068,180.470321655,210.277496338,114.992904663,77.49659729,75.8362121582,49.9883384705,9.74094390869,1.4221842289,0.306621164083,0.00939206406474,0.000219962792471,0.00000511141251991,2.33868924226e-8],"dvar2":[0.431396067142,11.9289731979,36.4665260315,75.510017395,1715.35559082,1799.69555664,520.980773926,830.834899902,2678.34716797,2794.16430664,2383.63623047,3612.39746094,958.727233887,1348.15014648,1754.02087402,1755.68212891,2570.30566406,2461.51367188,3637.06054688,3086.6730957,2853.74780273,3392.88964844,1834.53710938,1492.52490234,1460.50512695,1210.70324707,744.662780762,488.488372803,557.136962891,265.914031982,172.565505981,152.201278687,103.162597656,20.6227607727,3.45082044601,0.881665468216,0.0272116884589,0.000638829136733,0.0000148740191435,6.69826079047e-8],"max":[6.49616718292,32.584072113,48.8908538818,110.196296692,288.840393066,330.583129883,363.139312744,311.644073486,803.592041016,798.058532715,759.189697266,1005.33233643,601.221008301,611.811462402,705.864501953,729.90802002,887.059753418,1149.43737793,1470.40869141,1334.55712891,766.153686523,1395.55407715,867.952758789,853.686828613,665.429321289,488.317047119,273.088562012,272.108093262,248.125045776,271.832702637,231.627441406,302.732788086,216.79057312,97.1985397339,36.2053985596,9.77361774445,1.90958678722,0.717088222504,0.114311009645,0.00695990677923],"mean":[0.314317941666,2.09120488167,4.80088758469,5.64054203033,10.1289234161,10.0951013565,9.81075000763,12.5711994171,19.5189590454,18.6393203735,16.2660160065,25.1855258942,17.3854560852,13.764134407,12.4737882614,14.822520256,17.7297096252,22.4736595154,24.9717578888,27.1664543152,34.2394485474,33.2780189514,29.953830719,29.7096996307,36.927532196,29.2689971924,19.6016864777,15.3263788223,19.8729019165,12.7939529419,13.0111942291,11.0911626816,6.41379404068,2.47252869606,0.822653055191,0.218640938401,0.039113715291,0.00422909576446,0.000483309122501,0.0000690903325449],"median":[0.171837359667,1.37574398518,3.66942882538,3.83418226242,4.40225696564,4.63264513016,4.80185222626,5.33241558075,6.24016475677,4.92840957642,3.91551065445,9.281457901,8.37895393372,5.95165967941,4.16231632233,5.01871109009,5.76892089844,8.03832244873,9.49106788635,12.3946743011,18.4280815125,17.0847682953,16.1762294769,19.8765945435,28.8296661377,21.0941810608,13.8516159058,10.624464035,14.96534729,8.10491657257,9.03125953674,7.65267705917,4.11870098114,1.41724014282,0.418619483709,0.100032635033,0.0186489373446,0.00162262329832,0.000173275504494,0.000048548077757],"min":[1.03021871781e-21,1.28726582018e-20,2.37333837404e-20,2.85279374439e-20,1.52289146499e-19,6.82297808614e-19,5.10291132004e-19,1.02830254746e-18,7.33207259799e-19,4.97319285638e-19,1.28497679493e-18,1.86155197737e-18,1.71050641938e-18,2.42072607146e-18,9.87632041295e-19,1.96185858679e-18,3.1929409459e-18,4.86470046762e-18,6.07541743326e-18,1.0039035318e-17,7.38262749889e-18,9.80044416933e-18,9.45100833701e-18,1.06511324277e-17,2.24924123208e-17,1.21405869259e-17,1.58852426579e-17,1.4618865536e-17,1.81444747429e-17,2.01797013549e-17,1.88418243952e-17,1.45130228136e-17,1.33758653655e-17,1.34848794984e-17,9.32165714154e-18,6.49086310565e-18,3.05856566218e-18,1.43724306472e-18,3.87313621649e-19,4.0485421272e-20],"var":[0.340914219618,5.71702289581,19.9782924652,44.3641433716,530.209960938,464.127441406,290.414245605,607.729309082,2007.6920166,2625.64990234,1996.04711914,3224.9934082,1270.54101563,1146.30969238,1456.92175293,1573.41906738,1934.79821777,2684.10375977,3103.73974609,3251.97338867,2379.67016602,2445.56079102,2056.61474609,1098.35412598,1132.24084473,904.25982666,404.769744873,267.627563477,358.360595703,251.062545776,223.60484314,223.327453613,112.180702209,20.5288047791,2.30563879013,0.216261327267,0.00624105799943,0.000136343456688,0.00000294862979899,1.45558889386e-8]},"erbbands_crest":{"dmean":1.92099487782,"dmean2":3.09916067123,"dvar":4.33614206314,"dvar2":10.4755468369,"max":27.6782093048,"mean":6.73668193817,"median":5.46573209763,"min":2.10986328125,"var":14.4279470444},"erbbands_flatness_db":{"dmean":0.0106543097645,"dmean2":0.0160110089928,"dvar":0.00013462008792,"dvar2":0.000271917961072,"max":0.333484649658,"mean":0.123179115355,"median":0.111609145999,"min":0.0335040725768,"var":0.00164824654348},"erbbands_kurtosis":{"dmean":0.660775482655,"dmean2":1.01145553589,"dvar":1.03124558926,"dvar2":1.85383415222,"max":87.0673904419,"mean":0.296935170889,"median":-0.348878145218,"min":-1.78034102917,"var":13.4648094177},"erbbands_skewness":{"dmean":0.274302363396,"dmean2":0.401680082083,"dvar":0.0736643746495,"dvar2":0.140348762274,"max":7.56909561157,"mean":-0.291527807713,"median":-0.451250493526,"min":-3.06600451469,"var":0.70917648077},"erbbands_spread":{"dmean":8.42426776886,"dmean2":12.9542169571,"dvar":69.5687179565,"dvar2":153.291793823,"max":147.130783081,"mean":53.5382385254,"median":53.9225082397,"min":2.47777438164,"var":427.884765625},"gfcc":{"cov":[[18738.3828125,433.980041504,-1458.15368652,703.914550781,-1102.26464844,609.85357666,-778.315246582,426.98348999,-342.62121582,180.967010498,-264.321289063,143.931411743,-215.191955566],[433.980041504,1716.68505859,87.2836532593,-98.9432144165,246.110031128,-213.464691162,81.7812042236,-156.133071899,33.4361305237,-95.2696762085,17.1565494537,-82.1013870239,36.2573738098],[-1458.15368652,87.2836532593,542.667419434,5.21290588379,67.5095062256,-45.0762176514,41.3535614014,-49.7056312561,-3.14547514915,0.916377723217,-2.36885023117,6.27805328369,18.7535572052],[703.914550781,-98.9432144165,5.21290588379,228.5050354,-22.6273231506,46.930305481,-52.2356262207,14.5115423203,-13.5942277908,7.06292915344,-11.8249578476,7.66072797775,16.5520896912],[-1102.26464844,246.110031128,67.5095062256,-22.6273231506,312.489013672,-24.0602092743,79.2961730957,-70.4082489014,23.1147880554,-29.3268108368,7.81078147888,-17.8022480011,27.2834072113],[609.85357666,-213.464691162,-45.0762176514,46.930305481,-24.0602092743,204.465744019,15.0102958679,52.5388870239,-37.4234962463,8.69614982605,-18.7889862061,18.9924278259,-8.95147418976],[-778.315246582,81.7812042236,41.3535614014,-52.2356262207,79.2961730957,15.0102958679,144.247756958,9.41786575317,14.5076265335,-23.1290206909,17.3213787079,-10.6248674393,12.5806188583],[426.98348999,-156.133071899,-49.7056312561,14.5115423203,-70.4082489014,52.5388870239,9.41786575317,134.220123291,30.0537662506,24.8596000671,-0.249244555831,12.3050775528,-9.33598518372],[-342.62121582,33.4361305237,-3.14547514915,-13.5942277908,23.1147880554,-37.4234962463,14.5076265335,30.0537662506,81.6339950562,26.682226181,19.2308750153,-9.52986717224,7.38136959076],[180.967010498,-95.2696762085,0.916377723217,7.06292915344,-29.3268108368,8.69614982605,-23.1290206909,24.8596000671,26.682226181,69.4458007813,26.3553676605,10.7032289505,-8.51203918457],[-264.321289063,17.1565494537,-2.36885023117,-11.8249578476,7.81078147888,-18.7889862061,17.3213787079,-0.249244555831,19.2308750153,26.3553676605,68.3939743042,21.215675354,6.22572231293],[143.931411743,-82.1013870239,6.27805328369,7.66072797775,-17.8022480011,18.9924278259,-10.6248674393,12.3050775528,-9.52986717224,10.7032289505,21.215675354,59.1339759827,16.8337516785],[-215.191955566,36.2573738098,18.7535572052,16.5520896912,27.2834072113,-8.95147418976,12.5806188583,-9.33598518372,7.38136959076,-8.51203918457,6.22572231293,16.8337516785,51.5338096619]],"icov":[[0.000347767869243,-0.000660020567011,0.000803270610049,-0.000811323348898,0.00067829323234,-0.000508977565914,0.000670294044539,-0.000747613492422,0.00125083315652,-0.00166749348864,0.00166584551334,-0.00146737147588,0.000961724785157],[-0.000660020567011,0.00209764903411,-0.00155480019748,0.00168889726046,-0.00163540197536,0.00145310151856,-0.00122883205768,0.00174012244679,-0.00250860187225,0.00408462621272,-0.00376943591982,0.00376244867221,-0.00221474771388],[0.000803270610049,-0.00155480019748,0.00397941190749,-0.00226918281987,0.00141208863351,-0.000430635875091,0.00028452713741,-0.000955732248258,0.00327285937965,-0.00522991735488,0.00515400292352,-0.00441636797041,0.00215119938366],[-0.000811323348898,0.00168889726046,-0.00226918281987,0.00753866322339,-0.00190196221229,-0.000339503836585,0.00145104341209,0.000729028426576,-0.00221486506052,0.00429905811325,-0.00477489503101,0.00540348561481,-0.00560676120222],[0.00067829323234,-0.00163540197536,0.00141208863351,-0.00190196221229,0.0063823745586,-0.00188335520215,-0.00108465028461,0.00176570774056,-0.000398670992581,-0.00253889150918,0.0037453211844,-0.00314267585054,0.00117038015742],[-0.000508977565914,0.00145310151856,-0.000430635875091,-0.000339503836585,-0.00188335520215,0.00911866873503,-0.00389644969255,-0.00173350307159,0.00341892638244,-0.000894339231309,0.000686919142026,0.0000956425938057,-0.000415416783653],[0.000670294044539,-0.00122883205768,0.00028452713741,0.00145104341209,-0.00108465028461,-0.00389644969255,0.0140687040985,-0.00489414250478,0.00161553791258,0.00311230332591,-0.00360946683213,0.00229466799647,-0.0013606097782],[-0.000747613492422,0.00174012244679,-0.000955732248258,0.000729028426576,0.00176570774056,-0.00173350307159,-0.00489414250478,0.0154954008758,-0.0109242480248,0.00266790436581,-0.000290972238872,-0.00118542741984,0.000961309066042],[0.00125083315652,-0.00250860187225,0.00327285937965,-0.00221486506052,-0.000398670992581,0.00341892638244,0.00161553791258,-0.0109242480248,0.0283663012087,-0.0154434535652,0.00343525130302,0.00163863925263,-0.00262415944599],[-0.00166749348864,0.00408462621272,-0.00522991735488,0.00429905811325,-0.00253889150918,-0.000894339231309,0.00311230332591,0.00266790436581,-0.0154434535652,0.0350648276508,-0.0190608054399,0.00740433530882,-0.000514215964358],[0.00166584551334,-0.00376943591982,0.00515400292352,-0.00477489503101,0.0037453211844,0.000686919142026,-0.00360946683213,-0.000290972238872,0.00343525130302,-0.0190608054399,0.0336563959718,-0.018873617053,0.00668991636485],[-0.00146737147588,0.00376244867221,-0.00441636797041,0.00540348561481,-0.00314267585054,0.0000956425938057,0.00229466799647,-0.00118542741984,0.00163863925263,0.00740433530882,-0.018873617053,0.035499624908,-0.0163251124322],[0.000961724785157,-0.00221474771388,0.00215119938366,-0.00560676120222,0.00117038015742,-0.000415416783653,-0.0013606097782,0.000961309066042,-0.00262415944599,-0.000514215964358,0.00668991636485,-0.0163251124322,0.0306267887354]],"mean":[24.1271133423,64.7964401245,-107.203552246,66.0768814087,-59.1345329285,22.1604061127,-36.4957504272,15.6597003937,-17.2728767395,0.617411911488,-12.3606157303,-3.7730743885,-7.64579868317]},"hfc":{"dmean":7.9564666748,"dmean2":12.3512487411,"dvar":204.978469849,"dvar2":512.530151367,"max":201.545318604,"mean":30.6467971802,"median":26.201675415,"min":1.22761345313e-16,"var":468.273620605},"melbands":{"dmean":[0.00150994106662,0.00129089073744,0.000676330062561,0.000677372445352,0.000230142250075,0.000183107244084,0.000194320469745,0.000126622064272,0.0000932341790758,0.0000926066059037,0.000045998574933,0.0000351547532773,0.0000276763366855,0.0000246343533945,0.0000261795103143,0.0000256589228229,0.0000262245775957,0.0000253371617873,0.0000218009809032,0.0000216989246837,0.0000216536427615,0.000018816539523,0.0000178035497811,0.0000119963933685,0.0000126115546664,0.0000115581142381,0.0000153893179231,0.00000811490826891,0.00000645000181976,0.00000560985654374,0.00000406723620472,0.0000058572177295,0.00000414195028497,0.00000289400713882,0.00000323205176755,0.00000292227855425,0.00000262873231804,0.00000223361530516,0.00000129677994209,8.48789966312e-7],"dmean2":[0.00224338448606,0.00209951889701,0.00112646131311,0.00116044795141,0.000390297704143,0.000289751740638,0.00030356485513,0.000195919928956,0.000143301542266,0.000140606891364,0.0000707449944457,0.0000549404685444,0.0000434617104474,0.0000386032807,0.0000418400850322,0.0000407747611462,0.0000417823284806,0.0000402443110943,0.0000345658518199,0.0000351851194864,0.0000355659140041,0.000030562900065,0.0000286138438241,0.0000198488669412,0.0000208799192478,0.0000191853596334,0.0000256509320025,0.0000136395919981,0.0000110053506432,0.00000948458546191,0.00000677155730955,0.00000981740504358,0.00000669255814501,0.00000459981265521,0.00000515131205248,0.00000458062550024,0.00000404324782721,0.00000343993838214,0.00000198695192921,0.00000130637261009],"dvar":[0.0000112519537652,0.00000375399599761,0.00000143763793403,0.00000449593062513,2.79998175756e-7,1.68670695189e-7,2.62873129486e-7,1.25135954931e-7,7.84555211908e-8,5.99100218324e-8,1.15973559645e-8,1.06837454439e-8,1.00458787955e-8,6.92989221562e-9,7.0198664659e-9,5.68251756761e-9,4.53656889832e-9,5.00325514352e-9,3.20355963979e-9,3.24355164949e-9,1.75436543071e-9,2.00406402584e-9,1.39295430746e-9,4.8397930108e-10,4.7068438036e-10,4.07453487616e-10,4.15878914639e-10,2.22020776763e-10,1.34988395462e-10,9.47205716639e-11,6.09454361977e-11,8.39117386686e-11,6.44838279995e-11,3.18128023924e-11,3.10782025115e-11,3.00597012559e-11,3.24795641771e-11,3.22237965478e-11,1.6113152479e-11,5.94160267861e-12],"dvar2":[0.0000228722528846,0.0000101444484244,0.00000387593581763,0.0000121977427625,7.73484089223e-7,3.85374363532e-7,5.85230793604e-7,2.71064067192e-7,1.75881638143e-7,1.31574608986e-7,2.46844109597e-8,2.40113404715e-8,2.38719124468e-8,1.55989319239e-8,1.68869984662e-8,1.29233752588e-8,1.03380131122e-8,1.09861186814e-8,6.69465771708e-9,7.4181620846e-9,4.43263425964e-9,5.09619368927e-9,3.22854276646e-9,1.16077891743e-9,1.1829051072e-9,1.02087149845e-9,1.08774300678e-9,5.71520053505e-10,3.64122593188e-10,2.58072535564e-10,1.64490046584e-10,2.30046134919e-10,1.59174617931e-10,7.38319821947e-11,7.45203135311e-11,6.41744157814e-11,6.77415623596e-11,6.98609642358e-11,3.37142778972e-11,1.3157390108e-11],"max":[0.0438898615539,0.0282467398793,0.0232891459018,0.0231286473572,0.011792848818,0.00658694840968,0.0112356040627,0.00880648940802,0.00586471660063,0.00641615176573,0.00295822322369,0.00268112891354,0.00248962175101,0.00222180923447,0.00298184738494,0.00342188519426,0.00190302019473,0.00224249134772,0.00196161516942,0.00185031571891,0.000888799200766,0.00189704902004,0.00153760344256,0.00064670102438,0.0007619310054,0.000554699101485,0.000561242864933,0.000305016932543,0.000190179940546,0.000170391227584,0.000174803295522,0.000150848412886,0.000186079036212,0.000133094959892,0.000139289797517,0.000160272713401,0.000183746946277,0.000182099000085,0.0001209936745,0.0000884931650944],"mean":[0.00278885173611,0.00264630140737,0.0011227154173,0.000788950710557,0.00034890481038,0.000284643349005,0.000301473279251,0.000190282284166,0.000145156664075,0.000151450381964,0.0000837850238895,0.0000562148634344,0.0000405922110076,0.0000374096925952,0.0000392138681491,0.0000394048183807,0.0000418113486376,0.0000394345333916,0.0000363627368642,0.0000370828674932,0.0000404367419833,0.0000339385296684,0.000032442065276,0.00002297568426,0.000023883083486,0.0000228132248594,0.0000310872237606,0.0000162515389093,0.0000125888873299,0.0000105056778921,0.00000825892584544,0.0000123577565319,0.00000892173920874,0.0000061602927417,0.00000763515618019,0.00000713910594641,0.00000637411812932,0.00000499933366882,0.00000281122993329,0.0000018006527398],"median":[0.00168128684163,0.00212953146547,0.000735883717425,0.000349519832525,0.000179934679181,0.000121352175483,0.0000937540535233,0.0000471141356684,0.0000354951771442,0.0000560867447348,0.0000393031587009,0.0000240325862251,0.0000134511983561,0.0000111777189886,0.0000137412025651,0.0000118732550618,0.0000146182692333,0.00001444443933,0.0000144854511746,0.000018023642042,0.000021733902031,0.0000176838948391,0.0000146602560562,0.0000138491850521,0.0000155177040142,0.0000159115770657,0.0000240030167333,0.0000106589268398,0.00000858437852003,0.00000707105300535,0.00000547794434169,0.00000943119630392,0.0000057843826653,0.00000367009556612,0.00000524012239111,0.00000496107668368,0.00000424900463258,0.0000031999438761,0.00000159059288762,0.00000100906731859],"min":[1.33518068756e-23,1.4392612599e-23,7.72024246921e-24,3.04486236137e-23,2.13164605414e-23,2.36008802383e-23,1.05210355263e-23,5.21573649617e-24,1.31567073743e-23,1.11433394955e-23,8.03305973915e-24,9.80348212493e-24,3.53554757059e-24,3.7758835117e-24,5.928495201e-24,7.91514633306e-24,8.71891986484e-24,8.98212646131e-24,1.36653569973e-23,9.94679290786e-24,8.5811823842e-24,1.03917112473e-23,8.75100126013e-24,6.86209117752e-24,8.46837290817e-24,1.3841257202e-23,1.19686197421e-23,7.94943417231e-24,9.32718053214e-24,9.93934763864e-24,7.91053228563e-24,1.05660321524e-23,9.83835214353e-24,1.25964709811e-23,1.17680479127e-23,8.34554963181e-24,9.31319955031e-24,8.37659919704e-24,1.18585460357e-23,1.09083354652e-23],"var":[0.0000175980421773,0.00000538436188435,0.00000191927983906,0.00000336517177857,3.26869667333e-7,2.90266768843e-7,4.54498632507e-7,2.84479909851e-7,1.52082421323e-7,1.17920279763e-7,3.21015889426e-8,2.01887324636e-8,1.64244049472e-8,1.28837056579e-8,1.01377466422e-8,1.29754598177e-8,9.97498883493e-9,9.1522096568e-9,7.03277969194e-9,5.61445867575e-9,3.54874973851e-9,2.905511165e-9,3.05762615227e-9,1.009275441e-9,8.10502720494e-10,6.67262300968e-10,8.04417421563e-10,3.87063131546e-10,1.90009161183e-10,1.32754710003e-10,8.68910013385e-11,1.31253868885e-10,1.16384964166e-10,6.8943226128e-11,7.60010041012e-11,8.73174865745e-11,8.47031680906e-11,6.76754485784e-11,3.15718458321e-11,1.16619318369e-11]},"melbands_crest":{"dmean":3.37913250923,"dmean2":5.32510471344,"dvar":10.0284919739,"dvar2":22.5117492676,"max":37.626953125,"mean":15.2694511414,"median":14.7214183807,"min":1.57169270515,"var":30.6198329926},"melbands_flatness_db":{"dmean":0.0229416564107,"dmean2":0.0346244983375,"dvar":0.000575310725253,"dvar2":0.00123890000395,"max":0.580954432487,"mean":0.166821420193,"median":0.15415212512,"min":0.00305787404068,"var":0.00558525649831},"melbands_kurtosis":{"dmean":8.51916408539,"dmean2":13.1413736343,"dvar":357.008605957,"dvar2":832.170471191,"max":1167.74523926,"mean":18.2065544128,"median":12.2469367981,"min":-1.80400729179,"var":568.543518066},"melbands_skewness":{"dmean":0.798801004887,"dmean2":1.20121514797,"dvar":0.890155792236,"dvar2":1.86656618118,"max":29.1597614288,"mean":3.40347313881,"median":3.23961567879,"min":-2.11472511292,"var":3.59380459785},"melbands_spread":{"dmean":9.18161964417,"dmean2":14.061132431,"dvar":124.799453735,"dvar2":263.265228271,"max":239.372039795,"mean":32.6787452698,"median":27.0584526062,"min":0.30161768198,"var":606.998535156},"mfcc":{"cov":[[7957.39746094,198.323379517,-196.572433472,7.59442186356,-40.6332397461,51.5734863281,-95.4105300903,63.3573570251,-33.5163879395,57.5385551453,-21.3508071899,24.2832393646,-58.1069374084],[198.323379517,1331.73742676,-2.79291820526,117.079360962,94.8793029785,15.6496944427,19.665977478,-21.2726993561,1.98487484455,-32.471408844,-11.5208826065,4.34100103378,1.56482541561],[-196.572433472,-2.79291820526,430.744689941,56.9391403198,-2.64508676529,0.814574182034,-3.89067697525,-16.0262050629,-2.79928350449,-10.2445421219,-10.5678215027,-15.0599966049,12.6172380447],[7.59442186356,117.079360962,56.9391403198,191.957443237,70.5196762085,10.031703949,-14.6497831345,-18.8385124207,5.22364187241,-3.41486501694,-16.2590866089,-9.73902130127,10.9976606369],[-40.6332397461,94.8793029785,-2.64508676529,70.5196762085,153.508590698,58.1412277222,8.41121101379,-4.9891037941,10.5342998505,-0.0543150864542,-9.49033260345,-6.45670747757,-5.87363386154],[51.5734863281,15.6496944427,0.814574182034,10.031703949,58.1412277222,130.624359131,56.7763519287,8.57292747498,5.89994525909,-15.5607299805,-14.0783987045,-6.34479475021,-12.6686563492],[-95.4105300903,19.665977478,-3.89067697525,-14.6497831345,8.41121101379,56.7763519287,106.940444946,47.928943634,13.4448814392,-1.45005571842,-4.76238393784,6.41006946564,-1.22727501392],[63.3573570251,-21.2726993561,-16.0262050629,-18.8385124207,-4.9891037941,8.57292747498,47.928943634,87.0051803589,33.4531517029,7.51467084885,0.149124026299,2.89956045151,-1.7325950861],[-33.5163879395,1.98487484455,-2.79928350449,5.22364187241,10.5342998505,5.89994525909,13.4448814392,33.4531517029,67.5590286255,30.1001186371,0.786665201187,-4.34307527542,-4.80470275879],[57.5385551453,-32.471408844,-10.2445421219,-3.41486501694,-0.0543150864542,-15.5607299805,-1.45005571842,7.51467084885,30.1001186371,71.3594970703,26.1655826569,6.75114822388,-1.9173899889],[-21.3508071899,-11.5208826065,-10.5678215027,-16.2590866089,-9.49033260345,-14.0783987045,-4.76238393784,0.149124026299,0.786665201187,26.1655826569,56.8653373718,25.6797199249,3.1034283638],[24.2832393646,4.34100103378,-15.0599966049,-9.73902130127,-6.45670747757,-6.34479475021,6.41006946564,2.89956045151,-4.34307527542,6.75114822388,25.6797199249,53.0242614746,24.5170879364],[-58.1069374084,1.56482541561,12.6172380447,10.9976606369,-5.87363386154,-12.6686563492,-1.22727501392,-1.7325950861,-4.80470275879,-1.9173899889,3.1034283638,24.5170879364,52.8089447021]],"icov":[[0.000148057850311,-0.0000450262014056,0.0000487142133352,-0.0000645902618999,0.000168864062289,-0.000317191967042,0.000466864701593,-0.000435937487055,0.000374940951588,-0.000391809327994,0.000325572793372,-0.000303375592921,0.000246893585427],[-0.0000450262014056,0.000856532191392,0.0000486742173962,-0.000387009291444,-0.00048045424046,0.000502370879985,-0.000672117457725,0.000584284192882,-0.000472725194413,0.000754363485612,-0.000248553580604,-0.000126921368064,0.000122582030599],[0.0000487142133352,0.0000486742173962,0.0025317366235,-0.000851190357935,0.00051007757429,-0.000175351655344,-0.000168391721672,0.000372324255295,-0.000121568635223,0.000249836099101,-0.000256169470958,0.00104006193578,-0.000822291418444],[-0.0000645902618999,-0.000387009291444,-0.000851190357935,0.00733525911346,-0.00333286076784,0.000743844895624,0.000402029952966,0.00116350175813,-0.000896242505405,-0.0000566739799979,0.00113855290692,0.00114153500181,-0.00220904126763],[0.000168864062289,-0.00048045424046,0.00051007757429,-0.00333286076784,0.0103222476318,-0.00532926199958,0.00223168963566,-0.000760984490626,-0.000117326439067,-0.00158376526088,0.000676104391459,-0.000648050568998,0.000861719425302],[-0.000317191967042,0.000502370879985,-0.000175351655344,0.000743844895624,-0.00532926199958,0.0146068604663,-0.00927533209324,0.00458919489756,-0.00282757519744,0.00426454050466,-0.000172507367097,0.000530017423443,0.00203112815507],[0.000466864701593,-0.000672117457725,-0.000168391721672,0.000402029952966,0.00223168963566,-0.00927533209324,0.0195295922458,-0.0111215757206,0.0035601304844,-0.00338485674001,0.0029691408854,-0.00357170309871,0.000286934809992],[-0.000435937487055,0.000584284192882,0.000372324255295,0.00116350175813,-0.000760984490626,0.00458919489756,-0.0111215757206,0.0217657443136,-0.0111200967804,0.00449015386403,-0.00181368121412,0.000666402513161,-0.000407821469707],[0.000374940951588,-0.000472725194413,-0.000121568635223,-0.000896242505405,-0.000117326439067,-0.00282757519744,0.0035601304844,-0.0111200967804,0.0257394984365,-0.0124626755714,0.00444509414956,0.000554571044631,0.00103944691364],[-0.000391809327994,0.000754363485612,0.000249836099101,-0.0000566739799979,-0.00158376526088,0.00426454050466,-0.00338485674001,0.00449015386403,-0.0124626755714,0.0243451725692,-0.0114689711481,0.00217196089216,-0.000170132683706],[0.000325572793372,-0.000248553580604,-0.000256169470958,0.00113855290692,0.000676104391459,-0.000172507367097,0.0029691408854,-0.00181368121412,0.00444509414956,-0.0114689711481,0.0302279964089,-0.0156447477639,0.00570784276351],[-0.000303375592921,-0.000126921368064,0.00104006193578,0.00114153500181,-0.000648050568998,0.000530017423443,-0.00357170309871,0.000666402513161,0.000554571044631,0.00217196089216,-0.0156447477639,0.0345514044166,-0.0158144738525],[0.000246893585427,0.000122582030599,-0.000822291418444,-0.00220904126763,0.000861719425302,0.00203112815507,0.000286934809992,-0.000407821469707,0.00103944691364,-0.000170132683706,0.00570784276351,-0.0158144738525,0.0275321044028]],"mean":[-604.643737793,77.2582931519,16.4438991547,38.6418457031,12.0342264175,8.37052345276,1.51445400715,9.13349819183,2.44023656845,9.65146541595,-1.12292063236,0.974301338196,-1.1902551651]},"pitch_salience":{"dmean":0.0746759921312,"dmean2":0.119465231895,"dvar":0.00512796500698,"dvar2":0.0125514473766,"max":0.887922286987,"mean":0.548505961895,"median":0.555753827095,"min":0.0263685118407,"var":0.0128052122891},"silence_rate_20dB":{"dmean":0,"dmean2":0,"dvar":0,"dvar2":0,"max":1,"mean":1,"median":1,"min":1,"var":0},"silence_rate_30dB":{"dmean":0.00173850054853,"dmean2":0.00347725301981,"dvar":0.00173582159914,"dvar2":0.00476975319907,"max":1,"mean":0.998913526535,"median":1,"min":0,"var":0.00108508265112},"silence_rate_60dB":{"dmean":0.00217312574387,"dmean2":0.00434656627476,"dvar":0.00216751242988,"dvar2":0.00476242182776,"max":1,"mean":0.0371577590704,"median":0,"min":0,"var":0.0357698909938},"spectral_centroid":{"dmean":274.927246094,"dmean2":420.116088867,"dvar":76434.234375,"dvar2":162355.859375,"max":11459.0771484,"mean":2094.60229492,"median":2123.93261719,"min":147.734191895,"var":543023.5},"spectral_complexity":{"dmean":4.69366168976,"dmean2":7.34497261047,"dvar":22.4221820831,"dvar2":50.2765731812,"max":65,"mean":26.5874977112,"median":26,"min":0,"var":132.739776611},"spectral_contrast_coeffs":{"dmean":[0.0497058145702,0.045495852828,0.0354723259807,0.0279441270977,0.0203395206481,0.0142615716904],"dmean2":[0.0813203603029,0.073637932539,0.0576409325004,0.0456971600652,0.0335297659039,0.023458711803],"dvar":[0.00196526246145,0.00144744862337,0.000851687043905,0.000544652983081,0.000283541245153,0.000152484906721],"dvar2":[0.00504975020885,0.00357390544377,0.00212674448267,0.00137488543987,0.000734663452022,0.000389702006942],"max":[-0.301376789808,-0.415959566832,-0.502258121967,-0.556007921696,-0.608215987682,-0.62682646513],"mean":[-0.690355956554,-0.740403413773,-0.793938457966,-0.809590041637,-0.797835409641,-0.75340205431],"median":[-0.69494998455,-0.751460433006,-0.801475286484,-0.817020654678,-0.801378667355,-0.752529084682],"min":[-0.974784433842,-0.987269759178,-0.961817920208,-0.963289797306,-0.96293336153,-0.962353885174],"var":[0.00502311205491,0.00632080156356,0.0032736142166,0.00212302384898,0.00141156686004,0.000953123730142]},"spectral_contrast_valleys":{"dmean":[0.324510574341,0.353348582983,0.286215931177,0.246153756976,0.190650328994,0.180633142591],"dmean2":[0.540076255798,0.582512617111,0.464933514595,0.398585557938,0.307866960764,0.261092990637],"dvar":[0.0799502506852,0.110076494515,0.0682228580117,0.0583484359086,0.0501126646996,0.0694718807936],"dvar2":[0.198871284723,0.274213016033,0.152998641133,0.12628942728,0.108501598239,0.148948684335],"max":[-5.25336027145,-4.5323381424,-5.30822944641,-5.44503164291,-5.36587619781,-7.22865819931],"mean":[-6.80578184128,-6.96563673019,-7.43112802505,-7.44316768646,-6.88567352295,-9.28942966461],"median":[-6.53128623962,-6.78254508972,-7.23755550385,-7.25190734863,-6.66921806335,-9.03402042389],"min":[-27.1527938843,-26.7278690338,-27.5448379517,-27.2861633301,-27.1293067932,-27.2436313629],"var":[2.36755847931,1.86722290516,1.79225003719,1.85185956955,1.85303509235,2.11778998375]},"spectral_decrease":{"dmean":2.56238275043e-9,"dmean2":4.01084854218e-9,"dvar":1.51126096437e-17,"dvar2":3.57739369102e-17,"max":1.41386307569e-14,"mean":-7.72609087818e-9,"median":-6.81007827907e-9,"min":-4.27469295516e-8,"var":2.51267724679e-17},"spectral_energy":{"dmean":0.0100314756855,"dmean2":0.0157162807882,"dvar":0.000233768136241,"dvar2":0.000559827953111,"max":0.163196995854,"mean":0.0319397449493,"median":0.0286040864885,"min":1.08872696353e-20,"var":0.000388658052543},"spectral_energyband_high":{"dmean":0.000722362543456,"dmean2":0.00111321650911,"dvar":0.00000208942469726,"dvar2":0.00000483974963572,"max":0.0255353413522,"mean":0.00225360365584,"median":0.0016699336702,"min":8.01374435367e-21,"var":0.0000052279792726},"spectral_energyband_low":{"dmean":0.00661011552438,"dmean2":0.0101262489334,"dvar":0.000120728494949,"dvar2":0.00025125456159,"max":0.160044834018,"mean":0.0155224278569,"median":0.0117331203073,"min":7.57380432611e-23,"var":0.00022755691316},"spectral_energyband_middle_high":{"dmean":0.00158087548334,"dmean2":0.0024357479997,"dvar":0.00000670125928082,"dvar2":0.0000146298261825,"max":0.0438057221472,"mean":0.0051518897526,"median":0.00325497449376,"min":1.37598485867e-21,"var":0.000024699847927},"spectral_energyband_middle_low":{"dmean":0.00495457788929,"dmean2":0.00808474607766,"dvar":0.000119637414173,"dvar2":0.000314346252708,"max":0.128409653902,"mean":0.0100477281958,"median":0.00641012704,"min":4.42111528129e-22,"var":0.000130471526063},"spectral_entropy":{"dmean":0.089032523334,"dmean2":0.134365439415,"dvar":0.00779234897345,"dvar2":0.0167068131268,"max":9.81773853302,"mean":7.99324846268,"median":8.06369781494,"min":4.54187488556,"var":0.181600257754},"spectral_flux":{"dmean":0.0248958095908,"dmean2":0.0389774218202,"dvar":0.00100055232178,"dvar2":0.00213900930248,"max":0.389691770077,"mean":0.0921868681908,"median":0.0832480043173,"min":1.04342076646e-10,"var":0.00228437012993},"spectral_kurtosis":{"dmean":0.753745019436,"dmean2":1.24339842796,"dvar":3.16339468956,"dvar2":8.53584861755,"max":78.1936264038,"mean":2.51192831993,"median":1.72657060623,"min":-1.26250886917,"var":22.6969814301},"spectral_rms":{"dmean":0.00078963820124,"dmean2":0.00121274671983,"dvar":9.82865458354e-7,"dvar2":0.00000224462564802,"max":0.0126181049272,"mean":0.00531369354576,"median":0.00528265349567,"min":3.25909893691e-12,"var":0.00000292533127322},"spectral_rolloff":{"dmean":740.434997559,"dmean2":1180.08398438,"dvar":900818.375,"dvar2":1820918.875,"max":21490.1367188,"mean":2419.72875977,"median":2045.65429688,"min":64.599609375,"var":7229514},"spectral_skewness":{"dmean":0.116969771683,"dmean2":0.183864116669,"dvar":0.0202663205564,"dvar2":0.0514438077807,"max":6.92446994781,"mean":1.07476353645,"median":0.993881285191,"min":-0.0277150105685,"var":0.276785582304},"spectral_spread":{"dmean":392597.375,"dmean2":581085.625,"dvar":212995538944,"dvar2":393417490432,"max":42582588,"mean":5293233,"median":5199982,"min":1047814.4375,"var":2376221851650},"spectral_strongpeak":{"dmean":0.400463014841,"dmean2":0.680271267891,"dvar":0.599737763405,"dvar2":1.53768348694,"max":13.4993953705,"mean":0.646954774857,"median":0.303122162819,"min":0,"var":0.913057208061},"zerocrossingrate":{"dmean":0.0122527293861,"dmean2":0.0140357157215,"dvar":0.00018001072749,"dvar2":0.000191780403838,"max":0.90087890625,"mean":0.0945080667734,"median":0.08154296875,"min":0.0029296875,"var":0.00829145964235}},"metadata":{"audio_properties":{"analysis_sample_rate":44100,"bit_rate":0,"codec":"flac","downmix":"mix","equal_loudness":0,"length":320.533325195,"lossless":true,"md5_encoded":"aaf6cb85d84165f2c87279e57eb99bba","replay_gain":-15.7210512161,"sample_rate":44100},"tags":{"acoustid_id":["cc4abb72-f2af-422f-84bf-6ad7702a9f50"],"album":["Lulu"],"albumartist":["Lou Reed & Metallica"],"albumartistsort":["Reed, Lou & Metallica"],"albumsort":["Lulu Disc 1"],"artist":["Lou Reed & Metallica"],"artistsort":["Reed, Lou & Metallica"],"asin":["B005LNCMIE"],"barcode":["602527815978"],"catalognumber":["2781597"],"composer":["Kirk Hammett","James Hetfield","Robert Trujillo","Lou Reed","Lars Ulrich"],"composersort":["Hammett, Kirk","Hetfield, James","Trujillo, Robert","Reed, Lou","Ulrich, Lars"],"date":["2011-10-31"],"discnumber":["1"],"disctotal":["2"],"file_name":"E:\\Musique\\Lou_Reed_&_Metallica\\Lulu\\2-The_View.flac","genre":["Hard Rock","Heavy Metal"],"grouping":["Rock"],"label":["Vertigo"],"lyricist":["Kirk Hammett","James Hetfield","Robert Trujillo","Lou Reed","Lars Ulrich"],"media":["CD"],"mood":["Depressive","Dark"],"musicbrainz_albumartistid":["9d1ebcfe-4c15-4d18-95d3-d919898638a1","65f4f0c5-ef9e-490c-aee3-909e7ae6b2ab"],"musicbrainz_albumid":["6c514dd9-f7c1-422b-8fcf-cb0aa04ac234"],"musicbrainz_artistid":["9d1ebcfe-4c15-4d18-95d3-d919898638a1","65f4f0c5-ef9e-490c-aee3-909e7ae6b2ab"],"musicbrainz_recordingid":["f24bd240-5a74-4c03-99ae-d4793b791e7b"],"musicbrainz_releasegroupid":["38d1077e-c270-49a8-92ca-87e7eb8d9fe4"],"musicbrainz_releasetrackid":["96ee62d9-42fa-3ed6-bfa1-24e9d3798eac"],"musicbrainz_workid":["92ffe145-eb73-4263-8b1d-5d56bea17230"],"originaldate":["2011-10-31"],"originalyear":["2011"],"releasecountry":["GB"],"releasestatus":["official"],"releasetype":["album"],"script":["Latn"],"title":["The View"],"titlesort":["View"],"totaldiscs":["2"],"totaltracks":["6"],"tr