{"lowlevel":{"average_loudness":0.71657627821,"barkbands":{"dmean":[0.000572173972614,0.002388457302,0.0014192542294,0.00103464245331,0.00339724915102,0.00196970603429,0.000355305994162,0.000325540604535,0.000305313820718,0.000164341763593,0.0000800957641331,0.000112006971904,0.0000972937777988,0.000198772715521,0.000138156334287,0.0000258905420196,0.000022329220883,0.0000192766292457,0.0000132329969347,0.0000131760707518,0.0000237830190599,0.00000595120309299,0.00000207746666092,0.00000135661684908,0.00000109796610559,0.000001317417059,0.0000101624436866],"dmean2":[0.000948548899032,0.003903768491,0.00242361519486,0.00166887638625,0.00521578965709,0.00293639232405,0.000536202976946,0.000482332485262,0.000467966136057,0.000244146445766,0.000129003237817,0.000176874280442,0.000157382863108,0.000315749377478,0.00022186015849,0.0000409846834373,0.0000353893337888,0.000030525989132,0.0000206096319744,0.0000208012952498,0.000038621146814,0.00000949235254666,0.0000033562180306,0.00000222422681873,0.00000188214301033,0.00000215625414057,0.0000156395635713],"dvar":[0.00000126041084059,0.0000146977536133,0.00000359830414709,0.00000281362031274,0.0000297439310089,0.0000200942286028,9.26864231587e-7,9.44169983086e-7,9.43377187923e-7,4.15113817098e-7,1.00393620528e-7,1.40113812108e-7,4.03786195591e-8,1.80784880399e-7,1.66408383961e-7,2.11151540697e-9,1.41446732105e-9,9.13655540113e-10,5.32460797675e-10,5.46028833259e-10,1.7111222439e-9,8.57086415729e-11,8.16246115837e-12,4.51498517393e-12,3.65726025853e-12,3.82032903576e-12,2.01830385738e-10],"dvar2":[0.00000329480690198,0.0000371082860511,0.0000105436620288,0.00000701164572092,0.0000628654815955,0.0000385399034712,0.00000189605759715,0.00000190734670014,0.00000227676241593,8.09399011814e-7,2.46125352987e-7,3.95311360535e-7,1.03013825026e-7,4.59703215938e-7,4.19476833713e-7,5.13502040889e-9,3.50463569276e-9,2.22580309739e-9,1.1871369443e-9,1.23032428689e-9,4.15559187061e-9,1.86338028341e-10,1.96181439149e-11,1.14419628286e-11,9.78465138773e-12,9.75227711086e-12,4.67841321239e-10],"max":[0.0125092081726,0.0699755102396,0.0441254861653,0.033542368561,0.124887779355,0.168832376599,0.0388238541782,0.0283518470824,0.0231490191072,0.0261670015752,0.0102232573554,0.0157018359751,0.00328839733265,0.00694523006678,0.00942364241928,0.00142624042928,0.000834833539557,0.000643700885121,0.000974536698777,0.00110984651837,0.000599635764956,0.000275920639979,0.0000566792368772,0.0000366347412637,0.0000280327240034,0.0000304462264467,0.000253679812886],"mean":[0.000867184891831,0.00428271526471,0.00206781201996,0.00164309842512,0.00735047040507,0.00422926386818,0.000628144480288,0.000519358669408,0.000482139905216,0.00024735162151,0.000116439412523,0.000185449243872,0.0001651274506,0.000338083744282,0.00023045281705,0.0000398410229536,0.0000329093527398,0.0000273621317319,0.0000189575002878,0.000016565903934,0.0000241075413214,0.00000824795915833,0.00000285634928332,0.00000166476422692,9.77786044132e-7,0.00000169358850144,0.0000179186536116],"median":[0.000488510471769,0.00273685459979,0.00126615958288,0.000678308657371,0.00352886365727,0.00133809854742,0.00016349228099,0.0000905533815967,0.0000594711273152,0.0000289724375762,0.0000205357209779,0.0000294867022603,0.000037508616515,0.0000660703954054,0.000036238663597,0.0000160050076374,0.0000145849462569,0.0000122465407912,0.00000779390302341,0.00000592951710132,0.00000630012118563,0.00000391591720472,0.00000160975218932,8.08850927569e-7,2.68998292086e-7,9.19335775507e-7,0.00000865393667482],"min":[5.47701330221e-23,1.18342590595e-22,3.90203641217e-23,2.75110160432e-23,4.21164475372e-23,2.81249864857e-23,1.46271093917e-23,4.99807502072e-23,5.02134704851e-23,8.11615061607e-23,2.97354207802e-23,1.38596991922e-22,6.18188324022e-23,1.06275227555e-22,6.94448265036e-23,1.23989597742e-22,9.67122012784e-23,2.4813941629e-22,1.99025264497e-22,3.51776377434e-22,4.89649725159e-22,5.46406512863e-22,5.0448445012e-22,9.07326255194e-22,1.38574876049e-21,1.97117321725e-21,2.5957291129e-21],"var":[0.00000155561406245,0.0000251505443885,0.00000575267995373,0.00000688921409164,0.000129916326841,0.000104675222246,0.00000302291959997,0.0000023303382477,0.00000193218397726,0.00000103781337657,1.7152032683e-7,2.80055786561e-7,9.44362952282e-8,4.01383289272e-7,3.93601851556e-7,4.76742467725e-9,2.62530863715e-9,1.68922642541e-9,1.36080913204e-9,1.01355046578e-9,1.86110593603e-9,2.09722128552e-10,1.3746103214e-11,6.24306509267e-12,3.60025204094e-12,5.32998471747e-12,5.68893543385e-10]},"barkbands_crest":{"dmean":2.7887365818,"dmean2":4.65816736221,"dvar":5.40476036072,"dvar2":14.9981489182,"max":25.2117500305,"mean":11.8024187088,"median":11.2395009995,"min":3.48156166077,"var":14.9877443314},"barkbands_flatness_db":{"dmean":0.0380439907312,"dmean2":0.0588426850736,"dvar":0.0011452579638,"dvar2":0.00268819136545,"max":0.501926600933,"mean":0.215628251433,"median":0.20866805315,"min":0.032715395093,"var":0.00414913613349},"barkbands_kurtosis":{"dmean":6.92856645584,"dmean2":11.4322557449,"dvar":98.800819397,"dvar2":265.317779541,"max":335.865997314,"mean":13.6418819427,"median":10.2295255661,"min":-1.82080328465,"var":200.389907837},"barkbands_skewness":{"dmean":0.74578922987,"dmean2":1.19853627682,"dvar":0.551646769047,"dvar2":1.3872038126,"max":11.9135761261,"mean":2.29584002495,"median":2.22339487076,"min":-2.7491710186,"var":1.8191357851},"barkbands_spread":{"dmean":3.06872558594,"dmean2":4.82523107529,"dvar":17.6695842743,"dvar2":41.1746368408,"max":129.746398926,"mean":8.27767944336,"median":6.08981466293,"min":0.16954639554,"var":59.0266227722},"dissonance":{"dmean":0.0257482342422,"dmean2":0.0421221628785,"dvar":0.000604836968705,"dvar2":0.00157446286175,"max":0.500000059605,"mean":0.451193660498,"median":0.459878504276,"min":0.243012428284,"var":0.00138670578599},"dynamic_complexity":3.78342199326,"erbbands":{"dmean":[0.116094514728,0.397203296423,1.37715554237,2.62073540688,5.83338928223,15.711098671,14.5573778152,17.6164474487,6.06789112091,5.07334136963,7.66507005692,7.04592037201,5.30856370926,3.673828125,3.3030192852,4.76209783554,4.42681264877,7.09901762009,10.8486442566,2.47424411774,1.41561710835,1.23563098907,1.08122301102,0.76786917448,0.609764695168,0.614543020725,0.954044699669,0.784908235073,0.251892834902,0.0977589637041,0.0560999438167,0.0327312387526,0.020728930831,0.012459452264,0.00773681513965,0.00445540994406,0.00259098014794,0.00204288866371,0.00148567755241,0.000143010896863],"dmean2":[0.188877433538,0.659542798996,2.34438228607,4.29698753357,9.01303386688,24.4296360016,22.6235027313,25.7049884796,9.20972633362,7.6470079422,11.3138256073,10.8430223465,7.92124938965,5.57402086258,5.18483257294,7.43931388855,7.06133937836,11.2455596924,17.210483551,3.82483434677,2.23585510254,1.93922424316,1.69732952118,1.20374023914,0.939391314983,0.964044213295,1.53758764267,1.27438735962,0.401647388935,0.156288430095,0.0907785221934,0.0531276836991,0.0343719869852,0.021318199113,0.0132585139945,0.00754224043339,0.00419827876613,0.00322925043292,0.00234239385463,0.000213380088098],"dvar":[0.0440048836172,0.30499202013,3.26604557037,15.2818002701,89.9159088135,816.139892578,744.780944824,2025.76989746,216.669586182,201.504608154,656.086181641,541.102844238,326.076324463,209.531387329,208.261047363,184.829391479,84.3333816528,213.724182129,740.836730957,49.3802757263,6.2951874733,4.14178800583,2.87516927719,1.51938152313,1.16838371754,1.16913437843,2.8113090992,1.8252696991,0.162826672196,0.0211741924286,0.0056697842665,0.00243017007597,0.00111884239595,0.000467385863885,0.000181527691893,0.0000562488348805,0.0000145347930811,0.00000791330603533,0.00000569708163312,4.1386968519e-8],"dvar2":[0.109130777419,0.812498033047,9.54375648499,39.3860206604,213.469711304,1730.87219238,1694.77929688,3412.34790039,475.377929688,414.787994385,1287.17858887,1345.55151367,706.472595215,429.346038818,555.523071289,471.427032471,214.089202881,542.159179688,1896.84692383,118.203659058,15.5777759552,9.98836040497,6.91449069977,3.42807531357,2.50209736824,2.65528392792,6.80946445465,4.45345306396,0.358819186687,0.0490667335689,0.0136158904061,0.0060103344731,0.00287534762174,0.00125097297132,0.000485669792397,0.000149834901094,0.0000358878460247,0.0000177337697096,0.0000132571349241,9.31543269189e-8],"max":[3.42263007164,10.0260829926,41.1828308105,78.7794799805,164.207504272,727.735717773,623.035888672,1964.8939209,465.493011475,434.088378906,809.436523438,688.711975098,430.999633789,569.35369873,574.16418457,414.248840332,151.686126709,209.85647583,535.225585938,260.177032471,62.6144256592,50.5706481934,32.5014533997,39.543258667,54.6063804626,52.0939865112,22.0690460205,19.1481342316,12.0242986679,3.82147717476,1.5183057785,1.02054941654,0.568828642368,0.319189786911,0.198154374957,0.116313196719,0.0665146559477,0.0666561871767,0.0431211404502,0.00434644240886],"mean":[0.205470576882,0.651246845722,2.10528945923,4.56721115112,11.5119447708,31.5621109009,28.1025180817,37.6408042908,12.8590717316,9.16989040375,12.6810350418,11.387591362,8.87180519104,5.96051168442,5.37532329559,8.19192886353,8.14059352875,13.0090208054,19.2285728455,4.71399354935,2.27766704559,1.90434753895,1.61091482639,1.09911262989,0.881924569607,0.778165400028,0.971998870373,0.830143749714,0.339641481638,0.137083858252,0.0773399472237,0.0435886457562,0.0235345177352,0.0114467935637,0.0069394367747,0.00453120144084,0.0035047235433,0.00286269863136,0.00177829887252,0.00032180378912],"median":[0.115063272417,0.433506369591,1.38668000698,2.52287578583,5.51398277283,13.1501207352,12.4601688385,11.353937149,3.90003323555,2.12583589554,2.18221640587,1.58002924919,1.09058010578,0.947057127953,0.962675213814,1.48744618893,1.8717815876,3.02364754677,2.94840168953,1.30590701103,0.939185261726,0.864829778671,0.738958239555,0.500012516975,0.35892367363,0.279845565557,0.233276844025,0.263947844505,0.152351975441,0.0740318968892,0.0442636534572,0.0230462625623,0.0105723422021,0.00357116712257,0.00193574267905,0.00182008289266,0.00191561528482,0.00150715303607,0.000664749997668,0.000178286340088],"min":[2.12264460847e-21,3.07927159558e-20,5.93193447741e-20,7.32158756674e-20,8.22647016561e-20,1.17403256529e-19,1.99394394047e-19,3.19225361051e-19,2.40707180109e-19,3.73964942815e-19,1.27763701456e-18,9.05062562357e-19,3.08171224367e-18,1.34675147026e-18,2.64041242085e-18,4.92797688935e-18,3.71635333377e-18,4.40170142259e-18,5.25117579342e-18,4.44658672417e-18,5.89160962934e-18,5.66835275483e-18,1.29802141251e-17,1.11679697637e-17,1.46818106719e-17,1.49659439036e-17,1.44134087611e-17,2.27837552587e-17,1.590638374e-17,2.11918445155e-17,1.44570375754e-17,1.76090622391e-17,1.56160201839e-17,1.5041549866e-17,1.03675699506e-17,7.30945344754e-18,3.8925829225e-18,1.34922784222e-18,3.07778008554e-19,4.44546829843e-20],"var":[0.0721952170134,0.493412017822,5.1448264122,34.8587379456,270.606872559,3579.98339844,2209.65039062,11254.5205078,962.542480469,593.653503418,1573.97741699,1094.04064941,827.932495117,547.062011719,348.53137207,424.607330322,213.346908569,496.130493164,1803.54504395,130.473556519,14.1981153488,8.3286781311,5.69627666473,3.36096405983,3.30828428268,2.20541858673,3.14111828804,2.05181980133,0.376791745424,0.0406570062041,0.00975619629025,0.00377451907843,0.00141397898551,0.000462337833596,0.000178876987775,0.0000590758354519,0.0000228431144933,0.0000167020516528,0.00000808518234408,1.65584339129e-7]},"erbbands_crest":{"dmean":2.96906900406,"dmean2":4.8786277771,"dvar":6.66562461853,"dvar2":17.8939743042,"max":27.4188308716,"mean":10.761007309,"median":10.2583465576,"min":2.54146289825,"var":16.1979503632},"erbbands_flatness_db":{"dmean":0.0336037985981,"dmean2":0.0519498437643,"dvar":0.000901262683328,"dvar2":0.00210630125366,"max":0.432083338499,"mean":0.188070863485,"median":0.186605811119,"min":0.0347299538553,"var":0.00258610374294},"erbbands_kurtosis":{"dmean":3.12005853653,"dmean2":4.90196752548,"dvar":22.7280960083,"dvar2":52.3386039734,"max":81.2410888672,"mean":3.76032495499,"median":0.729901194572,"min":-1.78458976746,"var":52.6963615417},"erbbands_skewness":{"dmean":0.606212854385,"dmean2":0.94052708149,"dvar":0.338390260935,"dvar2":0.777889370918,"max":6.66837930679,"mean":1.25667524338,"median":1.11932563782,"min":-2.07787179947,"var":1.50034165382},"erbbands_spread":{"dmean":9.64758110046,"dmean2":14.781744957,"dvar":130.846664429,"dvar2":265.147064209,"max":119.682746887,"mean":28.0299110413,"median":25.2188224792,"min":1.26891708374,"var":270.373260498},"gfcc":{"cov":[[20883.15625,3246.38891602,-1236.40148926,-480.170562744,268.807983398,-571.338195801,-38.4042625427,-916.699279785,5.35057878494,-139.724487305,-11.5144643784,-193.533203125,9.25899505615],[3246.38891602,1735.48950195,140.315917969,-161.953079224,46.9527359009,-129.493789673,-30.6869678497,-257.93649292,15.5525531769,-69.7751159668,25.3560142517,-84.6721420288,-45.8589286804],[-1236.40148926,140.315917969,609.581726074,249.400436401,-122.588493347,62.1810531616,-114.115463257,169.477035522,-92.0928344727,21.6379432678,-7.98940706253,16.4373855591,15.3818178177],[-480.170562744,-161.953079224,249.400436401,435.472595215,83.0244522095,-118.41897583,66.6386642456,10.9639911652,-5.58618927002,-8.77677822113,-12.0097312927,59.5427398682,16.9535808563],[268.807983398,46.9527359009,-122.588493347,83.0244522095,191.424530029,-3.57769441605,92.5386199951,-93.9796905518,32.4562835693,-24.5632476807,15.5918321609,14.2384824753,-0.943690299988],[-571.338195801,-129.493789673,62.1810531616,-118.41897583,-3.57769441605,284.260681152,-19.3993682861,114.832267761,-70.7705078125,9.1549654007,-4.13336086273,1.70724260807,10.8543920517],[-38.4042625427,-30.6869678497,-114.115463257,66.6386642456,92.5386199951,-19.3993682861,209.745010376,-45.8179931641,41.5680770874,-45.1779327393,-21.423789978,28.9224758148,7.3029050827],[-916.699279785,-257.93649292,169.477035522,10.9639911652,-93.9796905518,114.832267761,-45.8179931641,225.29347229,-24.2499961853,36.7300376892,-2.66902637482,5.08701276779,28.3059120178],[5.35057878494,15.5525531769,-92.0928344727,-5.58618927002,32.4562835693,-70.7705078125,41.5680770874,-24.2499961853,125.486465454,48.9584693909,21.144990921,-8.39455699921,-28.3016147614],[-139.724487305,-69.7751159668,21.6379432678,-8.77677822113,-24.5632476807,9.1549654007,-45.1779327393,36.7300376892,48.9584693909,105.470306396,47.8988761902,-18.0489463806,-21.853635788],[-11.5144643784,25.3560142517,-7.98940706253,-12.0097312927,15.5918321609,-4.13336086273,-21.423789978,-2.66902637482,21.144990921,47.8988761902,63.907043457,18.3260784149,-4.14554929733],[-193.533203125,-84.6721420288,16.4373855591,59.5427398682,14.2384824753,1.70724260807,28.9224758148,5.08701276779,-8.39455699921,-18.0489463806,18.3260784149,79.504699707,42.9976654053],[9.25899505615,-45.8589286804,15.3818178177,16.9535808563,-0.943690299988,10.8543920517,7.3029050827,28.3059120178,-28.3016147614,-21.853635788,-4.14554929733,42.9976654053,77.1633987427]],"icov":[[0.000268997129751,-0.00122829317115,0.0030484306626,-0.00309093412943,0.00251048523933,-0.00171775568742,0.00103279680479,-0.000209239908145,0.000179972688784,-0.0000475428787468,-0.000362818100257,0.000812852405943,-0.000859378138557],[-0.00122829317115,0.00749554904178,-0.0177048891783,0.0181624498218,-0.0144137227908,0.010209871456,-0.00582246156409,0.0029776727315,-0.00103755737655,0.00105680269189,0.000855283054989,-0.00255027133971,0.0033729497809],[0.0030484306626,-0.0177048891783,0.0507188029587,-0.0562757439911,0.0488611832261,-0.0350385047495,0.0172626562417,-0.00276264362037,-0.00510905077681,0.0114103909582,-0.0188956074417,0.0205558631569,-0.0148397330195],[-0.00309093412943,0.0181624498218,-0.0562757439911,0.0734147131443,-0.0679946392775,0.0509953200817,-0.0199294537306,-0.00603301869705,0.019849948585,-0.0314391627908,0.0426984094083,-0.0419752337039,0.0264076665044],[0.00251048523933,-0.0144137227908,0.0488611832261,-0.0679946392775,0.0751000866294,-0.0519293472171,0.0144316796213,0.0135431522503,-0.0265493169427,0.0405170619488,-0.0540723204613,0.0480683557689,-0.0297317840159],[-0.00171775568742,0.010209871456,-0.0350385047495,0.0509953200817,-0.0519293472171,0.0438604280353,-0.0131481066346,-0.0118669439107,0.0242791436613,-0.0322547182441,0.0396637618542,-0.0368464700878,0.023279922083],[0.00103279680479,-0.00582246156409,0.0172626562417,-0.0199294537306,0.0144316796213,-0.0131481066346,0.0142272030935,-0.000374044990167,-0.00662370212376,0.0077813169919,-0.00409470498562,0.00494890939444,-0.00503329513595],[-0.000209239908145,0.0029776727315,-0.00276264362037,-0.00603301869705,0.0135431522503,-0.0118669439107,-0.000374044990167,0.0181965380907,-0.0134221548215,0.0143279256299,-0.0182706471533,0.017478602007,-0.0127199599519],[0.000179972688784,-0.00103755737655,-0.00510905077681,0.019849948585,-0.0265493169427,0.0242791436613,-0.00662370212376,-0.0134221548215,0.036778986454,-0.038678470999,0.0356230176985,-0.0305105224252,0.019280096516],[-0.0000475428787468,0.00105680269189,0.0114103909582,-0.0314391627908,0.0405170619488,-0.0322547182441,0.0077813169919,0.0143279256299,-0.038678470999,0.0691865608096,-0.0690650343895,0.0517862662673,-0.0228520091623],[-0.000362818100257,0.000855283054989,-0.0188956074417,0.0426984094083,-0.0540723204613,0.0396637618542,-0.00409470498562,-0.0182706471533,0.0356230176985,-0.0690650343895,0.0961643308401,-0.0681888982654,0.032455034554],[0.000812852405943,-0.00255027133971,0.0205558631569,-0.0419752337039,0.0480683557689,-0.0368464700878,0.00494890939444,0.017478602007,-0.0305105224252,0.0517862662673,-0.0681888982654,0.0734934583306,-0.0387375727296],[-0.000859378138557,0.0033729497809,-0.0148397330195,0.0264076665044,-0.0297317840159,0.023279922083,-0.00503329513595,-0.0127199599519,0.019280096516,-0.0228520091623,0.032455034554,-0.0387375727296,0.0376562289894]],"mean":[-98.5407943726,132.43421936,-71.2993164062,19.7360019684,-25.4080657959,-14.4640045166,-23.3584957123,-24.2292785645,-10.7151880264,0.905728161335,-9.00953388214,-0.485083848238,-6.85974359512]},"hfc":{"dmean":2.11198687553,"dmean2":3.02881169319,"dvar":8.3833770752,"dvar2":15.4363098145,"max":82.565032959,"mean":7.77364873886,"median":4.68276691437,"min":1.27174320794e-16,"var":76.23072052},"melbands":{"dmean":[0.000819302280433,0.000595378805883,0.000467043399112,0.000767532037571,0.000541156856343,0.000373537128326,0.0000885352128535,0.0000565029331483,0.0000637225166429,0.000043687352445,0.0000268158237304,0.0000163550121215,0.0000109427819552,0.0000120333925224,0.0000133225266836,0.00000852087941894,0.0000151883541548,0.0000205340056709,0.00000696715051163,0.00000187863759038,0.00000169353063484,0.00000134348226766,0.0000011975768075,8.68454435476e-7,6.29753401427e-7,5.00111696056e-7,3.96117627588e-7,4.16617325527e-7,5.6064141063e-7,6.74047157645e-7,3.82626211604e-7,1.57224562258e-7,7.72561463691e-8,4.63281537577e-8,3.39693855267e-8,2.5158739092e-8,1.89528179817e-8,1.54176564848e-8,1.17549934231e-8,1.01280566156e-8],"dmean2":[0.00133186241146,0.00100923213176,0.000757666595746,0.00118006591219,0.000831217970699,0.000547606032342,0.000133289533551,0.0000852094017318,0.000094371222076,0.0000672701644362,0.0000399148921133,0.0000248389515036,0.0000174195502041,0.0000188045032701,0.0000214521351154,0.000013661155208,0.0000242767800955,0.0000328257447109,0.0000110453347588,0.0000029689697385,0.0000027102871627,0.00000214327610593,0.00000190596097127,0.00000139303790547,0.00000100154977645,7.86329223956e-7,6.21611263796e-7,6.61748742914e-7,9.0626247129e-7,0.00000110384473828,6.22830498287e-7,2.52916549925e-7,1.24630503251e-7,7.5175314862e-8,5.52714780611e-8,4.08501072968e-8,3.10383363455e-8,2.54108591946e-8,1.99847889348e-8,1.73588592389e-8],"dvar":[0.0000020052320906,5.41151109701e-7,4.4275793698e-7,0.00000186859108453,7.71159989199e-7,8.4091516328e-7,4.86756128737e-8,2.32708359249e-8,5.02995654017e-8,2.13659667736e-8,8.80238282264e-9,4.76772932245e-9,2.20480278479e-9,2.0296693215e-9,9.29028909358e-10,3.26978444321e-10,1.00635921818e-9,2.45684805833e-9,5.62762558776e-10,1.43631261398e-11,9.17889809299e-12,5.43511286324e-12,3.85024607683e-12,1.86616542532e-12,1.10221337266e-12,8.94612075392e-13,5.34537095576e-13,5.68617364565e-13,9.9717337252e-13,1.52740081867e-12,4.2504733999e-13,6.8532039852e-14,1.6138569566e-14,5.1468004629e-15,2.08987782626e-15,1.2568200756e-15,8.83279075254e-16,6.1620180487e-16,4.00175421974e-16,3.11157870811e-16],"dvar2":[0.00000502156080984,0.00000155591783368,0.00000114605575163,0.00000389361775888,0.00000170972839442,0.00000146223624142,1.04079632024e-7,4.84816915503e-8,9.93432465179e-8,5.22294065775e-8,1.88029556369e-8,9.39217681406e-9,5.73524605585e-9,5.79148018431e-9,2.2955946033e-9,8.1427564691e-10,2.59865395869e-9,6.32589669536e-9,1.34388744577e-9,3.51996660986e-11,2.339170177e-11,1.35203011981e-11,9.31377544533e-12,4.41838536244e-12,2.547823931e-12,2.06837281677e-12,1.08110373952e-12,1.33615514486e-12,2.43758398882e-12,3.8025329413e-12,1.03805083019e-12,1.52707748248e-13,3.70094579982e-14,1.26362416421e-14,5.09852847875e-15,3.02112723605e-15,2.20126922332e-15,1.5490509952e-15,1.06954553788e-15,8.32433540315e-16],"max":[0.0239744447172,0.015887664631,0.0118457013741,0.035212635994,0.0164574142545,0.0381625369191,0.00771299935877,0.00412858463824,0.00733290519565,0.00421399297193,0.00263850018382,0.0029313697014,0.001585788792,0.00193679565564,0.000544639246073,0.000324914202793,0.000476168032037,0.000810980796814,0.00073402421549,0.000116460083518,0.0000634854804957,0.0000589919909544,0.0000353035575245,0.0000294292876788,0.0000309089773509,0.0000451849300589,0.0000392205402022,0.0000325610417349,0.000014970911252,0.0000188942576642,0.00000841042583488,0.00000840205393615,0.0000052837272051,0.00000205459969038,8.55346115713e-7,7.26590940303e-7,6.03787952969e-7,5.10358006522e-7,2.8821119713e-7,2.58703181544e-7],"mean":[0.00146245560609,0.00100138701964,0.000888096517883,0.0016253296053,0.00110636942554,0.000809869437944,0.000182375617442,0.0000996492817649,0.000102941965451,0.0000689159714966,0.0000434830981249,0.0000249572694884,0.0000164682878676,0.0000197903173103,0.0000223471888603,0.0000152501770572,0.0000257255396718,0.0000350577174686,0.000012330863683,0.00000287834154733,0.00000250933658208,0.00000194747372007,0.00000175041839157,0.00000121337734527,8.51997469908e-7,6.99636530044e-7,5.45781006167e-7,5.02390378188e-7,5.68801397094e-7,6.49690662158e-7,4.18846752837e-7,2.0826470859e-7,1.06829922686e-7,6.20106490601e-8,4.57299051959e-8,3.40354588957e-8,2.38582043011e-8,1.78084569313e-8,1.13241966915e-8,9.02198671326e-9],"median":[0.000874790828675,0.000744200078771,0.000527924625203,0.000693777517881,0.000521070091054,0.000248164054938,0.0000526244766661,0.0000217649176193,0.000017039335944,0.00000855856978887,0.00000487475563204,0.0000036567312236,0.00000295034897135,0.00000309174129143,0.00000416106377088,0.00000374784076485,0.00000551846460439,0.00000507758159074,0.00000223666938837,0.00000107706512154,9.94168885882e-7,8.5248365167e-7,7.57058046474e-7,5.43610894965e-7,3.68968727571e-7,2.76161927104e-7,2.15883176224e-7,1.68907021703e-7,1.35709370852e-7,1.47328961475e-7,1.47440545106e-7,9.13302784511e-8,5.25841628018e-8,3.34367058485e-8,2.55193306486e-8,1.86595698892e-8,1.1630556962e-8,7.86792853091e-9,4.10598666178e-9,2.48252085555e-9],"min":[2.87186705812e-23,3.61101836671e-23,1.22376749533e-23,7.28466582064e-24,7.47197532056e-24,6.46928814495e-24,3.34223326147e-24,4.78008175037e-24,1.02612975513e-23,6.68596378093e-24,1.52492271897e-23,4.91749934791e-24,5.87070758982e-24,1.38532399991e-23,1.34764610981e-23,5.24589030984e-24,8.68834361615e-24,9.45637780461e-24,3.88569334414e-24,8.7941267081e-24,6.043604601e-24,4.55352563156e-24,1.06663255613e-23,1.20524354244e-23,8.47385706918e-24,8.34623909624e-24,1.45950279964e-23,8.64035247412e-24,8.20613503289e-24,8.58482376614e-24,1.54982910878e-23,8.23853986116e-24,1.16343919984e-23,1.07921275764e-23,8.60886114678e-24,6.96965788397e-24,1.24938409662e-23,1.07996280659e-23,1.11915783398e-23,1.31894238026e-23],"var":[0.00000327861653204,8.98095095181e-7,0.00000110688802124,0.00000849699517858,0.00000262611570179,0.00000473859154226,2.16708457401e-7,6.62573924615e-8,1.14057343126e-7,4.23468478061e-8,2.23257217158e-8,1.21885390669e-8,3.52115403501e-9,3.95758892324e-9,2.10495709752e-9,8.3124679362e-10,2.13516448966e-9,5.70316771586e-9,1.34666700013e-9,3.11993417212e-11,1.76790786871e-11,9.5768636077e-12,7.38338643697e-12,3.51749358807e-12,2.25536690018e-12,2.08174688425e-12,1.49064387136e-12,9.14551420705e-13,1.11337165615e-12,1.52084356393e-12,5.05459335411e-13,1.56551610868e-13,3.6063857521e-14,7.80864342777e-15,3.43437152937e-15,2.09741959586e-15,1.29431208318e-15,8.37815693541e-16,4.07307624679e-16,3.06401966101e-16]},"melbands_crest":{"dmean":3.62695550919,"dmean2":6.01132678986,"dvar":9.52240753174,"dvar2":25.5916976929,"max":34.1232757568,"mean":15.3082962036,"median":14.6264877319,"min":1.84007167816,"var":26.5272331238},"melbands_flatness_db":{"dmean":0.0441498979926,"dmean2":0.0679002478719,"dvar":0.00152512278873,"dvar2":0.00354191218503,"max":0.656976282597,"mean":0.331086665392,"median":0.328242480755,"min":0.00552537012845,"var":0.00734338304028},"melbands_kurtosis":{"dmean":9.65057277679,"dmean2":15.6499671936,"dvar":156.339309692,"dvar2":401.043579102,"max":227.016860962,"mean":19.1837043762,"median":14.3366775513,"min":-1.53457987309,"var":319.224273682},"melbands_skewness":{"dmean":0.866556227207,"dmean2":1.36518359184,"dvar":0.772863984108,"dvar2":1.79387402534,"max":10.4854698181,"mean":2.77688455582,"median":2.59984874725,"min":-0.576799213886,"var":2.0855410099},"melbands_spread":{"dmean":2.82350993156,"dmean2":4.51467514038,"dvar":21.5584430695,"dvar2":54.3979911804,"max":207.490829468,"mean":9.8039560318,"median":5.40742111206,"min":0.375224351883,"var":359.702911377},"mfcc":{"cov":[[8705.60449219,1551.90270996,-1280.27954102,-77.1009902954,-286.583984375,340.162536621,-229.051956177,-147.730377197,-149.083740234,72.1948471069,-0.280507177114,24.0568122864,-245.812210083],[1551.90270996,1544.88500977,109.915122986,-113.872886658,42.4896469116,79.0936889648,-37.4403915405,-91.5951080322,-99.7512512207,7.3309264183,102.80014801,-69.1233062744,-81.0515823364],[-1280.27954102,109.915122986,737.197692871,105.3932724,132.886642456,-134.52545166,62.3626556396,5.56728839874,24.9001197815,-14.8512535095,7.32768440247,-18.3188800812,49.8724632263],[-77.1009902954,-113.872886658,105.3932724,560.407165527,34.0202293396,26.5123500824,-16.7240848541,0.267948657274,37.7829399109,-35.1465568542,-65.0204086304,59.2950630188,32.5450706482],[-286.583984375,42.4896469116,132.886642456,34.0202293396,151.62538147,9.87238121033,24.5558223724,-10.3746776581,-12.7637205124,-10.163816452,7.6604681015,6.92270469666,35.995513916],[340.162536621,79.0936889648,-134.52545166,26.5123500824,9.87238121033,168.353286743,43.5832710266,23.9417228699,-4.27468347549,-16.3207645416,0.958583891392,3.85584616661,-9.46267223358],[-229.051956177,-37.4403915405,62.3626556396,-16.7240848541,24.5558223724,43.5832710266,133.910140991,72.666053772,34.8045349121,-29.9764213562,-23.0893554688,-15.0892782211,15.2126169205],[-147.730377197,-91.5951080322,5.56728839874,0.267948657274,-10.3746776581,23.9417228699,72.666053772,123.136985779,59.0742454529,-22.109205246,-47.7904968262,-13.3534727097,10.988615036],[-149.083740234,-99.7512512207,24.9001197815,37.7829399109,-12.7637205124,-4.27468347549,34.8045349121,59.0742454529,85.483215332,7.55894947052,-26.4277248383,-0.563038349152,7.36258935928],[72.1948471069,7.3309264183,-14.8512535095,-35.1465568542,-10.163816452,-16.3207645416,-29.9764213562,-22.109205246,7.55894947052,93.9674911499,59.0669898987,3.63957691193,-13.9653491974],[-0.280507177114,102.80014801,7.32768440247,-65.0204086304,7.6604681015,0.958583891392,-23.0893554688,-47.7904968262,-26.4277248383,59.0669898987,129.765670776,21.8383274078,-10.7955856323],[24.0568122864,-69.1233062744,-18.3188800812,59.2950630188,6.92270469666,3.85584616661,-15.0892782211,-13.3534727097,-0.563038349152,3.63957691193,21.8383274078,74.2668304443,26.3088188171],[-245.812210083,-81.0515823364,49.8724632263,32.5450706482,35.995513916,-9.46267223358,15.2126169205,10.988615036,7.36258935928,-13.9653491974,-10.7955856323,26.3088188171,75.2036437988]],"icov":[[0.000254205166129,-0.000315781042445,0.000414154346799,-0.0000514493949595,0.000132871340611,-0.0000485792515974,-0.0000216215212276,0.0000889196671778,0.000105551473098,-0.000375062343664,0.000522866146639,-0.000480254966533,0.000322931649862],[-0.000315781042445,0.00126955693122,-0.000848619791213,0.00016197275545,-0.000236666674027,-0.000706722377799,0.000487062468892,0.0000730593310436,0.000304442626657,0.000856227765325,-0.00128801492974,0.00138277211227,0.000204502124689],[0.000414154346799,-0.000848619791213,0.00331727601588,-0.000869786308613,-0.00158964493312,0.00285843200982,-0.00188457616605,0.000280056818156,-0.00041299519944,-0.000128159401356,-0.0001959666115,0.000335224060109,-0.0000523227136],[-0.0000514493949595,0.00016197275545,-0.000869786308613,0.00264207227156,-0.000161624950124,-0.00146120437421,0.00124013144523,0.000826257572044,-0.00152333755977,0.00036064570304,0.00171710981522,-0.00227758311667,0.000221119669732],[0.000132871340611,-0.000236666674027,-0.00158964493312,-0.000161624950124,0.00977504532784,-0.00213218317367,-0.0011051450856,0.0014477299992,0.00177079765126,-0.000621552288067,0.000282628636342,0.0000503593291796,-0.00389745924622],[-0.0000485792515974,-0.000706722377799,0.00285843200982,-0.00146120437421,-0.00213218317367,0.0106370560825,-0.0046844179742,-0.00145534845069,0.00133723858744,0.000894042197615,-0.00162971206009,-0.000336051074555,0.00125421618577],[-0.0000216215212276,0.000487062468892,-0.00188457616605,0.00124013144523,-0.0011051450856,-0.0046844179742,0.0152523564175,-0.00626869080588,-0.0025100260973,0.00367492833175,-0.00177095655818,0.00203478033654,-0.00110033864621],[0.0000889196671778,0.0000730593310436,0.000280056818156,0.000826257572044,0.0014477299992,-0.00145534845069,-0.00626869080588,0.0184533465654,-0.00916729867458,0.00088764593238,0.00345701049082,0.000718874915037,-0.00117117166519],[0.000105551473098,0.000304442626657,-0.00041299519944,-0.00152333755977,0.00177079765126,0.00133723858744,-0.0025100260973,-0.00916729867458,0.0222181007266,-0.00684635713696,0.003000915749,-0.00150915479753,0.000286354130367],[-0.000375062343664,0.000856227765325,-0.000128159401356,0.00036064570304,-0.000621552288067,0.000894042197615,0.00367492833175,0.00088764593238,-0.00684635713696,0.0193936917931,-0.0101701114327,0.00320226955228,0.000854191195685],[0.000522866146639,-0.00128801492974,-0.0001959666115,0.00171710981522,0.000282628636342,-0.00162971206009,-0.00177095655818,0.00345701049082,0.003000915749,-0.0101701114327,0.0172996688634,-0.00783471949399,0.0022623646073],[-0.000480254966533,0.00138277211227,0.000335224060109,-0.00227758311667,0.0000503593291796,-0.000336051074555,0.00203478033654,0.000718874915037,-0.00150915479753,0.00320226955228,-0.00783471949399,0.0223717056215,-0.00810783728957],[0.000322931649862,0.000204502124689,-0.0000523227136,0.000221119669732,-0.00389745924622,0.00125421618577,-0.00110033864621,-0.00117117166519,0.000286354130367,0.000854191195685,0.0022623646073,-0.00810783728957,0.0202209446579]],"mean":[-752.914611816,177.885848999,13.6530895233,42.2322540283,9.90986728668,19.7076969147,-6.1863951683,-9.3080701828,-7.23241949081,-2.15210413933,-0.488713145256,-1.46023964882,-8.53712368011]},"pitch_salience":{"dmean":0.0807729810476,"dmean2":0.135069310665,"dvar":0.00458543282002,"dvar2":0.0126712126657,"max":0.892494559288,"mean":0.601125538349,"median":0.608921468258,"min":0.192555829883,"var":0.0115740317851},"silence_rate_20dB":{"dmean":0,"dmean2":0,"dvar":0,"dvar2":0,"max":1,"mean":1,"median":1,"min":1,"var":0},"silence_rate_30dB":{"dmean":0.00564552051947,"dmean2":0.0112927192822,"dvar":0.00561343180016,"dvar2":0.0138409528881,"max":1,"mean":0.99197858572,"median":1,"min":0,"var":0.00795749016106},"silence_rate_60dB":{"dmean":0.0139652350917,"dmean2":0.0279346220195,"dvar":0.0137709714472,"dvar2":0.0333941355348,"max":1,"mean":0.0451574586332,"median":0,"min":0,"var":0.0431180819869},"spectral_centroid":{"dmean":146.988723755,"dmean2":226.94342041,"dvar":49724.2695312,"dvar2":98885.9609375,"max":11314.5742188,"mean":576.901184082,"median":416.352508545,"min":126.864303589,"var":364282.6875},"spectral_complexity":{"dmean":1.75961971283,"dmean2":2.79167914391,"dvar":2.94679260254,"dvar2":6.74619579315,"max":29,"mean":9.03535366058,"median":8,"min":0,"var":29.4931812286},"spectral_contrast_coeffs":{"dmean":[0.0527173280716,0.0500397011638,0.0353587418795,0.0318482853472,0.0224912576377,0.0533576905727],"dmean2":[0.087001748383,0.0821989774704,0.0586930476129,0.0516303740442,0.0365026667714,0.0831615850329],"dvar":[0.00175959290937,0.00156321690883,0.000833677127957,0.000669137865771,0.000380004843464,0.0024348529987],"dvar2":[0.00475171161816,0.00420875102282,0.00227369111963,0.00168801879045,0.000980863929726,0.005538567435],"max":[-0.286338716745,-0.415548563004,-0.578504860401,-0.625720024109,-0.681677997112,-0.469920575619],"mean":[-0.635124862194,-0.721343636513,-0.835062682629,-0.820525765419,-0.856706261635,-0.764003574848],"median":[-0.639395534992,-0.722047686577,-0.846404135227,-0.824191272259,-0.856394290924,-0.774220585823],"min":[-0.963632941246,-0.975433409214,-0.974844157696,-0.983630895615,-0.967707574368,-0.963458895683],"var":[0.00819882377982,0.00604277802631,0.00388522585854,0.00406260089949,0.0015006196918,0.00585678219795]},"spectral_contrast_valleys":{"dmean":[0.360411524773,0.37518376112,0.423717856407,0.400167495012,0.513466656208,0.761940598488],"dmean2":[0.598680198193,0.607345998287,0.673079788685,0.61337351799,0.752647042274,1.23521757126],"dvar":[0.102061718702,0.111970297992,0.150058329105,0.154409870505,0.230429247022,0.443871438503],"dvar2":[0.238228201866,0.244532078505,0.349440336227,0.334821820259,0.465428680182,1.22096955776],"max":[-5.37835121155,-4.72988414764,-5.65873861313,-6.1410241127,-6.52906274796,-9.42816352844],"mean":[-7.1183886528,-7.13480472565,-8.12678623199,-8.38608455658,-8.70168590546,-11.8389816284],"median":[-6.79322576523,-6.93196773529,-7.88463258743,-8.10920238495,-8.47458267212,-11.679476738],"min":[-27.5924777985,-26.9700832367,-27.5038166046,-27.2698173523,-27.2949256897,-27.1569576263],"var":[3.25995850563,2.56266069412,2.31739711761,2.22869896889,1.83429384232,1.45188891888]},"spectral_decrease":{"dmean":1.77134262813e-9,"dmean2":2.65203214944e-9,"dvar":4.33651669519e-18,"dvar2":8.87546764732e-18,"max":6.79552985527e-18,"mean":-6.05526206954e-9,"median":-4.51156045855e-9,"min":-5.06206916384e-8,"var":2.94867289801e-17},"spectral_energy":{"dmean":0.00683020893484,"dmean2":0.0102061657235,"dvar":0.0000646601911285,"dvar2":0.000131413340569,"max":0.198115766048,"mean":0.0235590562224,"median":0.0174601301551,"min":1.11431188606e-20,"var":0.000449042679975},"spectral_energyband_high":{"dmean":0.0000476971945318,"dmean2":0.000075150943303,"dvar":5.11624298483e-9,"dvar2":1.19017853351e-8,"max":0.00107700668741,"mean":0.0000591541611357,"median":0.0000257858009718,"min":8.30386664441e-21,"var":7.61501617319e-9},"spectral_energyband_low":{"dmean":0.00377469393425,"dmean2":0.00618485873565,"dvar":0.0000244488855969,"dvar2":0.0000624893655186,"max":0.0775885805488,"mean":0.00802842061967,"median":0.00627986947075,"min":1.8833982168e-22,"var":0.0000486647440994},"spectral_energyband_middle_high":{"dmean":0.000544149312191,"dmean2":0.000813229824416,"dvar":0.00000122968310734,"dvar2":0.00000273342266155,"max":0.0331132523715,"mean":0.00135790708009,"median":0.000459446804598,"min":1.34132698055e-21,"var":0.00000529953740624},"spectral_energyband_middle_low":{"dmean":0.00492592295632,"dmean2":0.0072789657861,"dvar":0.0000495375643368,"dvar2":0.0000968286767602,"max":0.187239155173,"mean":0.0149409305304,"median":0.0081820692867,"min":2.68732573423e-22,"var":0.000352383271093},"spectral_entropy":{"dmean":0.367838740349,"dmean2":0.560131847858,"dvar":0.12004750967,"dvar2":0.263536840677,"max":9.80988788605,"mean":6.83435726166,"median":6.85705184937,"min":4.26148033142,"var":0.416060090065},"spectral_flux":{"dmean":0.0179406385869,"dmean2":0.0292065050453,"dvar":0.000327045941958,"dvar2":0.000837443745695,"max":0.253309041262,"mean":0.0675220042467,"median":0.0626106411219,"min":1.05560969688e-10,"var":0.00106821313966},"spectral_kurtosis":{"dmean":6.17466640472,"dmean2":9.79539966583,"dvar":72.1843414307,"dvar2":181.806976318,"max":165.683166504,"mean":14.3653783798,"median":11.8697242737,"min":-1.19510650635,"var":114.794036865},"spectral_rms":{"dmean":0.000685648759827,"dmean2":0.00103055185173,"dvar":4.30318721101e-7,"dvar2":8.89247530722e-7,"max":0.0139026502147,"mean":0.00436483090743,"median":0.00412725936621,"min":3.29717091303e-12,"var":0.00000393256550524},"spectral_rolloff":{"dmean":137.752593994,"dmean2":240.294494629,"dvar":155664.578125,"dvar2":373555.6875,"max":19250.6835938,"mean":797.933898926,"median":322.998046875,"min":64.599609375,"var":6272246},"spectral_skewness":{"dmean":0.608297288418,"dmean2":0.903171598911,"dvar":0.400747716427,"dvar2":0.914796888828,"max":11.0953874588,"mean":2.67672204971,"median":2.66473245621,"min":-0.00730495946482,"var":1.003516078},"spectral_spread":{"dmean":666026.875,"dmean2":1052758.375,"dvar":476897312768,"dvar2":993731936256,"max":40807996,"mean":3363571,"median":3231877,"min":692128.0625,"var":2037924233220},"spectral_strongpeak":{"dmean":0.274215191603,"dmean2":0.447413533926,"dvar":0.127051025629,"dvar2":0.296018570662,"max":5.96501111984,"mean":0.558154046535,"median":0.297201097012,"min":0,"var":0.453506976366},"zerocrossingrate":{"dmean":0.00449108472094,"dmean2":0.005788853392,"dvar":0.0000442376585852,"dvar2":0.000064564315835,"max":0.52490234375,"mean":0.0296302288771,"median":0.017578125,"min":0.001953125,"var":0.00478705111891}},"metadata":{"audio_properties":{"analysis_sample_rate":44100,"bit_rate":145730,"codec":"mp3","downmix":"mix","equal_loudness":0,"length":156.291671753,"lossless":false,"md5_encoded":"3a509696b10ed2862c3794940a95100f","replay_gain":-3.52861785889,"sample_rate":44100},"tags":{"album":["The Complete Columbia Album Collection"],"albumartist":["Johnny Cash"],"albumartistsort":["Cash, Johnny"],"artist":["Johnny Cash"],"artists":["Johnny Cash"],"artistsort":["Cash, Johnny"],"asin":["B008DDC874"],"barcode":["886979104723"],"catalognumber":["88697910472"],"composer":["Roy Cash Jr.","Johnny Cash"],"date":["2012-12-04"],"discnumber":["1/63"],"file_name":"07 - I Still Miss Someone.mp3","isrc":["USSM15800555","USSM15800772","USSM19930530"],"label":["Columbia","Legacy"],"language":["eng"],"lyricist":["Roy Cash Jr.","Johnny Cash"],"media":["CD"],"musicbrainz album release country":["US"],"musicbrainz album status":["official"],"musicbrainz album type":["album","compilation"],"musicbrainz release track id":["82274aaa-6557-3a8c-b2c1-ce39ea017873"],"musicbrainz_albumartistid":["d43d12a1-2dc9-4257-a2fd-0a3bb1081b86"],"musicbrainz_albumid":["de36c451-000c-4488-9375-b6d40b6636e5"],"musicbrainz_artistid":["d43d12a1-2dc9-4257-a2fd-0a3bb1081b86"],"musicbrainz_recordingid":["f28ab380-631e-4421-9e95-f84a61f2ac5d"],"musicbrainz_releasegroupid":["30578604-ce5e-4d3d-a09c-6c06fc4c526b"],"musicbrainz_workid":["cb1b5631-2798-3549-a3cd-99be9a17fb56"],"originaldate":["2012"],"script":["Latn"],"title":["I Still Miss Someone"],"tracknumber":["7/12"],"work":["I Still Miss Someone"]},"version":{"essentia":"2.1-beta1","essentia_build_sha":"ca57ba49d9b1854bd80e60cf9ccf267278fb7d6b","essentia_git_sha":"v2.1_beta1-28-g21ef5f4-dirty","extractor":"music 1.0"}},"rhythm":{"beats_count":463,"beats_loudness":{"dmean":0.017826538533,"dmean2":0.0308600012213,"dvar":0.000300964631606,"dvar2":0.000784089614172,"max":0.17460912466,"mean":0.0312391798