{"lowlevel":{"average_loudness":0.964756846428,"barkbands":{"dmean":[0.0067056408152,0.0143874306232,0.00433421507478,0.00144185288809,0.00478228693828,0.00170018291101,0.00112729612738,0.0010351134697,0.000967728439718,0.000563526700716,0.000287404691335,0.000241255256697,0.000208877929254,0.000190683844266,0.000100658951851,0.000131795459311,0.000129391002702,0.000164306620718,0.000252561032539,0.00020332733402,0.000128925297759,0.000120478471217,0.0000526578660356,0.0000111865947474,0.0000025340684715,0.0000175673467311,0.0000750446561142],"dmean2":[0.0104422559962,0.0247877985239,0.00728994747624,0.00249201315455,0.00758051034063,0.00266548362561,0.00176873384044,0.00163529696874,0.00154699292034,0.00088605255587,0.000451727799373,0.000382738711778,0.000330002134433,0.000307775859255,0.00015762077237,0.000211036749533,0.000199237649213,0.000251661927905,0.000374245777493,0.000296835787594,0.000192227307707,0.000169655831996,0.0000760406182962,0.0000165168676176,0.0000042754286369,0.0000253384805546,0.00010078962805],"dvar":[0.000170668412466,0.000714513822459,0.0000618638150627,0.00000621465324002,0.0000983324280242,0.0000138638579301,0.00000827509393275,0.00000683541838953,0.00000604815977567,0.00000341169675266,6.85433235503e-7,3.29718659486e-7,1.76766590698e-7,1.59808109856e-7,3.59304408448e-8,9.455960992e-8,7.12050507445e-8,1.71944279259e-7,3.52193524122e-7,2.31394693628e-7,1.0421673835e-7,6.52590799177e-8,1.44334695307e-8,6.44382380788e-10,1.8582682268e-11,1.51893131406e-9,2.07233838978e-8],"dvar2":[0.000391584209865,0.00194994360209,0.000156846552272,0.0000171419287653,0.000223147275392,0.0000323611093336,0.0000189989841601,0.0000163443528436,0.000014888428268,0.00000818356784293,0.0000015228860093,8.13743497474e-7,4.24641513064e-7,3.90675864992e-7,8.63423039732e-8,2.37140767467e-7,1.63686820542e-7,3.75600450297e-7,7.26573887277e-7,4.90089178129e-7,2.17780822709e-7,1.28425980961e-7,3.14069943386e-8,1.44521994372e-9,4.76567743601e-11,3.33606497982e-9,3.61550647199e-8],"max":[0.158958241343,0.217761442065,0.113804712892,0.0453976467252,0.162613019347,0.0706379786134,0.0958440676332,0.0592992305756,0.0570635013282,0.0585309788585,0.0284081585705,0.0156979449093,0.00859475322068,0.0154539095238,0.00369496480562,0.00905036740005,0.00522541813552,0.0118113001809,0.0154471648857,0.0100046675652,0.00813347660005,0.00550864916295,0.00270845741034,0.000784831761848,0.0000438774186478,0.000841307395604,0.00251611554995],"mean":[0.00747467577457,0.0151851354167,0.00437132269144,0.00167855923064,0.00570502830669,0.00207590055652,0.00143907999154,0.00120970327407,0.00113994721323,0.0006025073817,0.000336540222634,0.000305522087729,0.000276383303571,0.000273135956377,0.000148373757838,0.000193285712157,0.00020149195916,0.000255544204265,0.000402297504479,0.000361382117262,0.000220341680688,0.000188744146726,0.0000830190110719,0.0000186034649232,0.00000235979950958,0.000028642016332,0.000160415191203],"median":[0.00237996340729,0.00310192536563,0.00146621314343,0.000794689054601,0.00186204421334,0.00062481831992,0.000301453546854,0.000194441454369,0.000221668582526,0.000114438109449,0.0000806864409242,0.000101504738268,0.0000837378684082,0.000101958088635,0.0000600448256591,0.0000645454492769,0.0000931857648538,0.0000897092977539,0.000143433979247,0.000115059803647,0.0000723515258869,0.0000866028858582,0.0000242783626163,0.00000630546492175,7.03707712546e-7,0.00000892161460797,0.0000841014116304],"min":[4.11239049541e-13,3.13131302571e-13,7.84793372866e-14,1.65469715837e-13,1.44095401843e-12,5.06141949099e-13,6.29953988279e-13,5.27461104308e-13,1.33343943526e-12,3.18719660039e-13,1.38738602854e-13,1.29300975309e-13,8.37754670323e-13,4.88328561615e-13,9.01440489094e-13,1.29299143007e-12,1.75464284487e-13,9.43362900817e-13,4.2621266759e-13,1.04328514144e-12,2.33695468576e-13,2.61868272292e-13,3.21608625148e-13,4.35501705228e-13,6.45165019499e-13,9.50833921147e-13,1.92846389899e-12],"var":[0.000215614360059,0.000835286278743,0.0000632501905784,0.00000725883000996,0.000129037798615,0.0000192913266801,0.0000141762830026,0.0000101046225609,0.00000875268142408,0.00000376343950848,9.24811160985e-7,4.29595388596e-7,2.65530218257e-7,2.45753028594e-7,5.84641917101e-8,1.37156973778e-7,1.1817510881e-7,2.98906599028e-7,6.9204634201e-7,4.66584225478e-7,2.13894026047e-7,1.19808248655e-7,2.35491057765e-8,1.25543864193e-9,1.89702229619e-11,2.57550780702e-9,5.72660425746e-8]},"barkbands_crest":{"dmean":3.82478451729,"dmean2":6.30769729614,"dvar":9.59716796875,"dvar2":24.2884063721,"max":25.7081432343,"mean":11.2874078751,"median":10.5957565308,"min":2.16829419136,"var":20.446056366},"barkbands_flatness_db":{"dmean":0.0387190766633,"dmean2":0.0605471841991,"dvar":0.00115374883171,"dvar2":0.00271465070546,"max":0.467003703117,"mean":0.153187543154,"median":0.144818916917,"min":0.0267402753234,"var":0.00358779844828},"barkbands_kurtosis":{"dmean":11.5524644852,"dmean2":18.6356067657,"dvar":559.137023926,"dvar2":1344.43347168,"max":441.500732422,"mean":14.0592470169,"median":5.95852088928,"min":-1.84488999844,"var":738.237670898},"barkbands_skewness":{"dmean":1.18370616436,"dmean2":1.80475342274,"dvar":1.51450884342,"dvar2":3.36371278763,"max":16.5692443848,"mean":2.52585458755,"median":2.16282558441,"min":-2.58914494514,"var":4.05946779251},"barkbands_spread":{"dmean":9.90998744965,"dmean2":15.405673027,"dvar":136.033737183,"dvar2":296.706451416,"max":104.869361877,"mean":21.3744754791,"median":15.7388057709,"min":0.439852505922,"var":324.067077637},"dissonance":{"dmean":0.0208309125155,"dmean2":0.0335238687694,"dvar":0.000504877883941,"dvar2":0.00126454152633,"max":0.500000059605,"mean":0.465564221144,"median":0.475610464811,"min":0.244580388069,"var":0.00105359009467},"dynamic_complexity":3.96914243698,"erbbands":{"dmean":[0.678520262241,2.54780578613,5.27597761154,4.52627325058,7.56033802032,21.2467727661,17.0011940002,14.3607234955,15.6130018234,17.6540489197,23.2395744324,21.9859600067,18.6547355652,13.8890657425,10.7533159256,9.18204879761,8.99218177795,10.1010189056,6.39405918121,5.11991262436,6.97062492371,7.40636491776,7.96182918549,11.5046272278,12.6637401581,9.62837505341,6.81027078629,4.07499456406,4.90192842484,2.73746752739,1.41218197346,0.401450455189,0.132657974958,0.0312088131905,0.0179995875806,0.0172783564776,0.0357257016003,0.0411697216332,0.0124261379242,0.00104394974187],"dmean2":[1.10390627384,4.38662338257,8.90397167206,7.56507635117,12.6887283325,33.8080749512,26.3282032013,22.6568164825,24.2081642151,27.9784145355,36.6577835083,34.8535308838,29.4408473969,21.7810630798,16.532617569,14.4370346069,14.0778303146,16.1952838898,9.99293613434,8.04257678986,10.9211425781,11.3831987381,12.0566835403,17.211139679,18.696182251,13.9452371597,10.0433359146,5.95934581757,7.00971460342,3.86437606812,2.0550968647,0.587524414062,0.201340064406,0.0517736338079,0.0302576161921,0.0272015091032,0.0512276850641,0.0563805624843,0.0169755164534,0.00144164077938],"dvar":[2.01418948174,30.1290225983,107.305625916,52.4646034241,196.108947754,2366.06860352,1601.64489746,1212.00830078,1881.55065918,1894.36633301,3833.73168945,3332.85766602,3056.74316406,2303.90673828,913.818664551,503.81338501,342.450653076,407.023223877,150.607879639,107.455635071,279.974975586,220.947433472,432.822906494,853.535522461,820.940490723,524.370666504,304.273040771,105.073654175,100.366088867,38.3080978394,11.4278001785,0.825720131397,0.0756167322397,0.00256109889597,0.000919297337532,0.000949105247855,0.00619027717039,0.00731324451044,0.000706125749275,0.00000382398047805],"dvar2":[4.97602891922,81.8049850464,275.104736328,134.209350586,491.584381104,5410.57275391,3546.94677734,2948.19018555,4163.07226562,4625.95019531,9375.20117188,8001.36962891,7205.3046875,5647.25732422,2057.05322266,1270.55114746,809.076293945,1008.06738281,368.004455566,255.426528931,699.765991211,491.140838623,916.676513672,1813.99902344,1734.45080566,1114.84362793,655.052490234,211.364776611,204.919342041,77.0065917969,25.9768619537,1.81156218052,0.175240695477,0.00651889899746,0.00235789641738,0.002263675211,0.0135604562238,0.0140345524997,0.00128857733216,0.00000701661883795],"max":[11.2218551636,58.6104660034,123.359947205,108.444343567,247.47076416,918.894836426,675.812072754,762.245422363,1692.15063477,874.747253418,1205.26538086,1425.19763184,1386.05114746,2196.9140625,855.248352051,770.351745605,375.88394165,592.752197266,290.573272705,220.315093994,540.16998291,313.598724365,573.212402344,872.115966797,695.163635254,579.509094238,564.937866211,257.423126221,251.42980957,151.801803589,73.6528091431,27.7175579071,7.18832874298,0.566034317017,0.306574851274,0.758557856083,1.77766048908,2.11887788773,0.549994587898,0.0413003712893],"mean":[0.674307227135,2.51783204079,5.1954407692,5.68510580063,8.84504318237,23.9088611603,20.5383968353,17.228811264,20.4662208557,22.0658454895,28.0611057281,26.3019237518,21.4663219452,16.3607120514,13.6367397308,12.2419176102,12.5377130508,15.3206577301,9.87101364136,8.01239395142,10.7488927841,11.9997053146,13.064912796,18.4909000397,20.2443122864,16.9124832153,11.7650327682,7.09106302261,7.48727941513,4.44961929321,2.13374137878,0.649714708328,0.213201880455,0.0349315740168,0.0175045076758,0.0258426554501,0.058690302074,0.0706239640713,0.0247467849404,0.00275167892687],"median":[0.128253817558,0.539567649364,1.6826428175,2.79483413696,4.53064918518,5.80553770065,5.94093942642,4.82991123199,4.22110939026,5.04474878311,5.01245069504,5.15951681137,4.61247396469,3.77873849869,3.99377679825,4.26177215576,4.51526117325,5.41591262817,4.51817417145,3.25949454308,4.21978855133,5.53473854065,4.56097221375,6.09981632233,8.31066703796,5.23380708694,3.78011751175,2.45900774002,3.48710489273,1.87846231461,0.55794107914,0.200354620814,0.080494120717,0.0143820326775,0.005901098717,0.0112359393388,0.0195808857679,0.0299475602806,0.0102686351165,0.00169800897129],"min":[1.96237626843e-11,3.41712248775e-11,8.43460787325e-11,2.65456712167e-10,2.51423371012e-9,3.34060712426e-9,1.1921313714e-8,6.1784422023e-9,1.03476249791e-8,1.71499312529e-8,2.12231103802e-8,3.22325917068e-8,2.45129321286e-8,7.68518138017e-9,5.41148059696e-9,7.66210117575e-9,2.96160287405e-8,3.64419214804e-8,3.93139423238e-8,6.49831051192e-8,5.52228414108e-8,1.22264030011e-8,3.68725068256e-8,3.35559278142e-8,4.2162625391e-8,4.4839769231e-8,1.00304173856e-8,1.15627489805e-8,8.23753332213e-9,1.16185177035e-8,7.56014806313e-9,6.49386411311e-9,9.17227627184e-9,5.22088372534e-9,5.4345270506e-9,5.31593702391e-9,1.23979437827e-9,6.62464527679e-10,1.97892771614e-10,3.50529189008e-11],"var":[2.19886922836,27.4647407532,97.0870437622,69.3549728394,223.924926758,2952.07128906,2314.37573242,1440.41479492,3430.69726562,2711.02832031,5197.14697266,4947.265625,3740.50097656,2546.23974609,1249.05114746,662.340209961,525.284545898,683.307006836,239.073791504,182.829864502,383.323791504,405.736572266,778.444030762,1585.93688965,1547.04174805,1032.57763672,572.84173584,223.106414795,179.257629395,67.806640625,16.4497280121,1.53917229176,0.139145061374,0.00300044077449,0.000956804375164,0.00172579614446,0.0110852830112,0.0145693141967,0.00181486550719,0.0000120463591884]},"erbbands_crest":{"dmean":3.41491532326,"dmean2":5.59579277039,"dvar":9.85738372803,"dvar2":24.9004688263,"max":30.5592002869,"mean":9.12033462524,"median":7.97341346741,"min":2.25754666328,"var":20.1171836853},"erbbands_flatness_db":{"dmean":0.0263724494725,"dmean2":0.0394071787596,"dvar":0.000567629933357,"dvar2":0.00121556757949,"max":0.363469600677,"mean":0.137713611126,"median":0.129668772221,"min":0.0500227622688,"var":0.00178019946907},"erbbands_kurtosis":{"dmean":2.01684379578,"dmean2":3.19754958153,"dvar":9.66686820984,"dvar2":22.7476062775,"max":58.0426483154,"mean":1.33254027367,"median":-0.0105166435242,"min":-1.84440124035,"var":15.1499681473},"erbbands_skewness":{"dmean":0.631644785404,"dmean2":0.905588984489,"dvar":0.346300542355,"dvar2":0.703666567802,"max":6.74028682709,"mean":0.31866940856,"median":0.346655756235,"min":-5.16353559494,"var":1.3912923336},"erbbands_spread":{"dmean":14.3906488419,"dmean2":21.8741207123,"dvar":198.307739258,"dvar2":428.911529541,"max":144.693099976,"mean":44.0213699341,"median":41.5745620728,"min":1.68097901344,"var":527.093994141},"gfcc":{"cov":[[13831.0947266,-134.48147583,-362.947296143,188.362991333,194.733581543,135.648254395,-102.027374268,-0.368847250938,-15.3439388275,64.2399597168,105.002655029,-14.3933162689,-11.4425592422],[-134.48147583,1279.95825195,176.79258728,-489.429626465,-138.985549927,50.6810684204,-115.192245483,11.098151207,6.97004127502,76.7663497925,12.2480173111,-59.5917778015,77.4930877686],[-362.947296143,176.79258728,534.551391602,264.820953369,-18.1524353027,83.7384719849,-41.8964729309,67.1421966553,-21.3872394562,35.4038352966,-9.6297492981,40.1607971191,3.67309498787],[188.362991333,-489.429626465,264.820953369,614.147644043,236.293731689,26.399263382,93.0262908936,-13.5635471344,-3.1192138195,-36.9907112122,5.45314073563,69.3919219971,-49.4754486084],[194.733581543,-138.985549927,-18.1524353027,236.293731689,302.440032959,126.140083313,66.6287689209,-30.482000351,-23.2003803253,-31.2875213623,17.7281837463,2.09656882286,8.05673503876],[135.648254395,50.6810684204,83.7384719849,26.399263382,126.140083313,291.476043701,62.8129348755,74.6937255859,-50.4466934204,13.5984277725,0.638872623444,15.2318973541,35.1724739075],[-102.027374268,-115.192245483,-41.8964729309,93.0262908936,66.6287689209,62.8129348755,247.533599854,22.7343521118,29.8364143372,-43.5227165222,-1.09521996975,38.0274581909,-19.2677898407],[-0.368847250938,11.098151207,67.1421966553,-13.5635471344,-30.482000351,74.6937255859,22.7343521118,187.206832886,47.4406204224,53.8737869263,18.7598819733,3.144323349,23.960067749],[-15.3439388275,6.97004127502,-21.3872394562,-3.1192138195,-23.2003803253,-50.4466934204,29.8364143372,47.4406204224,145.113586426,66.6744766235,20.0824279785,4.74301576614,-27.434928894],[64.2399597168,76.7663497925,35.4038352966,-36.9907112122,-31.2875213623,13.5984277725,-43.5227165222,53.8737869263,66.6744766235,121.962425232,53.3818511963,-6.74914884567,8.76972770691],[105.002655029,12.2480173111,-9.6297492981,5.45314073563,17.7281837463,0.638872623444,-1.09521996975,18.7598819733,20.0824279785,53.3818511963,78.0962295532,30.6966743469,6.70971488953],[-14.3933162689,-59.5917778015,40.1607971191,69.3919219971,2.09656882286,15.2318973541,38.0274581909,3.144323349,4.74301576614,-6.74914884567,30.6966743469,89.7007675171,19.5756454468],[-11.4425592422,77.4930877686,3.67309498787,-49.4754486084,8.05673503876,35.1724739075,-19.2677898407,23.960067749,-27.434928894,8.76972770691,6.70971488953,19.5756454468,86.4906158447]],"icov":[[0.0000969080501818,-0.000259800202912,0.00063451990718,-0.000858809100464,0.000749101163819,-0.000547269359231,0.000283351662802,0.0000503401170135,-0.000202693598112,0.000351426395355,-0.000458909693407,0.000421240576543,-0.000230334902881],[-0.000259800202912,0.00453263428062,-0.00785290449858,0.010725797154,-0.00839162711054,0.00482609216124,-0.00235416693613,0.000507692515384,0.000702863209881,-0.00249739014544,0.00210081040859,-0.00271679391153,0.00145563331898],[0.00063451990718,-0.00785290449858,0.0185855329037,-0.0235014278442,0.0201848354191,-0.0126775559038,0.0061576901935,-0.000148870123667,-0.00279736402445,0.00579149881378,-0.00579396868125,0.00751022296026,-0.00514959404245],[-0.000858809100464,0.010725797154,-0.0235014278442,0.0359722562134,-0.033319555223,0.0209817923605,-0.00874464493245,-0.00326299737208,0.00962653756142,-0.015952238813,0.017172396183,-0.0197442118078,0.0131864631549],[0.000749101163819,-0.00839162711054,0.0201848354191,-0.033319555223,0.0388553626835,-0.0252669136971,0.00816434528679,0.0077026700601,-0.0155105199665,0.0240221396089,-0.0265575107187,0.0264115761966,-0.0172319170088],[-0.000547269359231,0.00482609216124,-0.0126775559038,0.0209817923605,-0.0252669136971,0.0222963225096,-0.00771762244403,-0.00752284191549,0.0153669109568,-0.0204585958272,0.0207373052835,-0.0190433226526,0.0114457169548],[0.000283351662802,-0.00235416693613,0.0061576901935,-0.00874464493245,0.00816434528679,-0.00771762244403,0.00882247276604,0.000402948528063,-0.00651045609266,0.00959995016456,-0.00653360970318,0.00364653393626,-0.00224222871475],[0.0000503401170135,0.000507692515384,-0.000148870123667,-0.00326299737208,0.0077026700601,-0.00752284191549,0.000402948528063,0.0114667182788,-0.0089757302776,0.00694547733292,-0.00989526044577,0.00959197990596,-0.00800817739218],[-0.000202693598112,0.000702863209881,-0.00279736402445,0.00962653756142,-0.0155105199665,0.0153669109568,-0.00651045609266,-0.0089757302776,0.0266909580678,-0.0274171121418,0.0228594206274,-0.0195230487734,0.0150924576446],[0.000351426395355,-0.00249739014544,0.00579149881378,-0.015952238813,0.0240221396089,-0.0204585958272,0.00959995016456,0.00694547733292,-0.0274171121418,0.0475520081818,-0.0406132228673,0.0295654609799,-0.0178497359157],[-0.000458909693407,0.00210081040859,-0.00579396868125,0.017172396183,-0.0265575107187,0.0207373052835,-0.00653360970318,-0.00989526044577,0.0228594206274,-0.0406132228673,0.0536998324096,-0.0358917750418,0.0187793709338],[0.000421240576543,-0.00271679391153,0.00751022296026,-0.0197442118078,0.0264115761966,-0.0190433226526,0.00364653393626,0.00959197990596,-0.0195230487734,0.0295654609799,-0.0358917750418,0.0423252023757,-0.0216700378805],[-0.000230334902881,0.00145563331898,-0.00514959404245,0.0131864631549,-0.0172319170088,0.0114457169548,-0.00224222871475,-0.00800817739218,0.0150924576446,-0.0178497359157,0.0187793709338,-0.0216700378805,0.0267036482692]],"mean":[-20.2853317261,81.6365585327,-85.6255187988,29.1362838745,-29.438621521,-19.6983280182,1.70288801193,-18.0133705139,-4.25021791458,-7.07670259476,-10.2014760971,3.0280354023,-16.5540447235]},"hfc":{"dmean":8.94747161865,"dmean2":12.6023015976,"dvar":120.718482971,"dvar2":232.643966675,"max":200.483383179,"mean":28.8190116882,"median":22.9808769226,"min":1.65790979167e-7,"var":628.384521484},"melbands":{"dmean":[0.00499244499952,0.00290452502668,0.000798718305305,0.00103034859058,0.000696887320373,0.000318575417623,0.000233712140471,0.000197160232347,0.000193639367353,0.000135729962494,0.0000943278500927,0.0000594398443354,0.000037963513023,0.0000290367806883,0.0000207904868148,0.0000213100556721,0.0000192052502825,0.0000114538934213,0.00000705543334334,0.00000893887226994,0.00000818033095129,0.00000834473030409,0.0000069367033575,0.00000844028363645,0.00000989927320916,0.00000991373235593,0.00000865424226504,0.00000629204532743,0.00000471883231512,0.00000342227576766,0.00000219794810619,0.00000302090529658,0.00000216227226701,0.00000133348351028,9.1205180297e-7,4.61354233039e-7,1.88447558003e-7,1.16077380596e-7,3.6812210169e-8,2.33629968704e-8],"dmean2":[0.00825877487659,0.00489597162232,0.00133440829813,0.00165885617025,0.00108068832196,0.000500198453665,0.000362308172043,0.000312061747536,0.000306314206682,0.000215938911424,0.000149872459588,0.0000940414829529,0.0000590000527154,0.0000455917652289,0.0000327163434122,0.0000340669321304,0.0000309121387545,0.000018174177967,0.0000110755254354,0.0000144326686495,0.0000128252331706,0.0000130602848003,0.0000107036248664,0.0000130356938826,0.0000151834674398,0.0000148290782818,0.0000130745956994,0.00000934411855269,0.00000703158139004,0.00000526676421941,0.00000323310587191,0.00000440428220827,0.00000308281505568,0.00000193511482394,0.00000134307060762,7.02286001797e-7,2.81214198594e-7,1.76103043259e-7,6.07195076441e-8,3.94170278639e-8],"dvar":[0.0000881557134562,0.0000358611687261,0.00000148445735704,0.00000505422349306,0.00000245273213295,5.35419530934e-7,3.76923310341e-7,2.30630334386e-7,2.77047007557e-7,1.25820804442e-7,7.96770365241e-8,4.49334187635e-8,1.17806742139e-8,4.6758859007e-9,2.8717108691e-9,1.7521596396e-9,1.69291380914e-9,5.65544000519e-10,2.01960517754e-10,4.32920421733e-10,4.18998974405e-10,2.68875061105e-10,2.98677110822e-10,4.63936888906e-10,6.76071143513e-10,5.66000302182e-10,4.03732075549e-10,2.46115072766e-10,1.69819866502e-10,7.36587318917e-11,3.20832319045e-11,3.89394766431e-11,2.37429086808e-11,9.47922903366e-12,4.77551852229e-12,1.20577701469e-12,2.04450144965e-13,5.99373727191e-14,4.70453745608e-15,1.58339796946e-15],"dvar2":[0.000225930212764,0.0000935281568673,0.0000038505363591,0.0000117039407996,0.00000543980468137,0.00000128929093535,8.40379300371e-7,5.51981145236e-7,6.81826236359e-7,3.01752550058e-7,1.88510981047e-7,1.11184441209e-7,2.64127173466e-8,1.11424203197e-8,7.30598381793e-9,4.34678470995e-9,4.16807655057e-9,1.39684164235e-9,4.7992071428e-10,1.09238451618e-9,1.04862929451e-9,6.29675311892e-10,6.45895503748e-10,1.03766251147e-9,1.50405332633e-9,1.18122100989e-9,9.23968290767e-10,5.45281320097e-10,3.80836140401e-10,1.62468608012e-10,6.56195930926e-11,8.20861295603e-11,4.90261199693e-11,1.97073954378e-11,1.07430097804e-11,2.86859728679e-12,4.58374169784e-13,1.40328842838e-13,1.22565235481e-14,4.0593588129e-15],"max":[0.0743104219437,0.0572708025575,0.0159587748349,0.0436261296272,0.0267517659813,0.0152912894264,0.0225658472627,0.0112748639658,0.0132076507434,0.00774673232809,0.00724985450506,0.0097263418138,0.00244127889164,0.0014028577134,0.00149517005775,0.000733920023777,0.00142450991552,0.000695808092132,0.000336757744662,0.000478394242236,0.000631839036942,0.000331396295223,0.000400063203415,0.00060967891477,0.000848249066621,0.000752181862481,0.000426243088441,0.000478187081171,0.000498055131175,0.000214405445149,0.00015006805188,0.000163704593433,0.00011949375039,0.000071300084528,0.0000545563343621,0.0000249247859756,0.0000137225661092,0.00000660698697175,0.00000186968577509,4.12304700603e-7],"mean":[0.0054478533566,0.0029773064889,0.00104091980029,0.00118328433018,0.000841328757815,0.000387123494875,0.000308475719066,0.000242518159212,0.000229407771258,0.000159939736477,0.000105051811261,0.0000670051158522,0.0000459805742139,0.0000366099957319,0.0000273854184343,0.0000287036818918,0.0000281373158941,0.000016310634237,0.0000104494401967,0.0000126455834106,0.0000120618078654,0.0000125249525809,0.0000108429876491,0.0000126310333144,0.0000151731892402,0.0000151937174451,0.0000137283013828,0.0000106151965156,0.00000783599716669,0.00000542466023035,0.00000357952512786,0.00000439297764387,0.0000033304572753,0.00000212503982766,0.00000135256880185,6.38510186945e-7,3.08007116701e-7,1.81239485642e-7,4.59048870027e-8,2.17278532944e-8],"median":[0.00135411869269,0.000965960265603,0.000564800924622,0.00040306703886,0.000236894687987,0.000107565196231,0.0000654963296256,0.0000525166251464,0.00003851333895,0.00003083120464,0.0000210859416256,0.0000140785587064,0.000011974501831,0.00001183974382,0.00000882517451828,0.00000900063059817,0.00000920543516258,0.00000653376082482,0.00000429868441643,0.00000380372171094,0.00000466348501504,0.00000588202601648,0.00000345536705026,0.00000436441996499,0.00000468430516776,0.00000540182372788,0.00000531566001882,0.00000285959254143,0.00000242133728534,0.00000162213723343,0.00000117260810839,0.00000198903126147,0.00000150869243498,8.22792742383e-7,2.89076638182e-7,1.64336938724e-7,9.45859071066e-8,6.4454432902e-8,1.89259576899e-8,6.454049295e-9],"min":[1.49862490039e-13,4.16020265925e-14,1.12520778285e-13,1.96283690256e-13,4.66613238933e-13,1.10917121299e-13,2.16467983946e-13,1.85393489297e-13,2.10723013474e-13,1.78035591911e-13,1.14548277005e-13,2.84733140657e-14,2.01006373276e-14,1.49710938904e-14,3.02120626422e-14,8.53864301855e-14,5.98063130052e-14,4.43333588698e-14,5.02453439098e-14,5.33855559314e-14,4.06017010106e-14,8.73315956091e-15,1.73287253958e-14,5.36399809119e-14,2.23109545568e-14,2.00212821989e-14,2.92159010743e-14,2.67677624044e-14,4.88391870552e-15,4.7028412726e-15,8.13599455683e-15,4.90616941401e-15,3.99550099901e-15,7.64416148788e-15,4.39900631926e-15,3.99241991666e-15,3.93051070207e-15,6.00774677334e-15,7.00226636792e-15,3.24227335077e-15],"var":[0.000109618427814,0.0000319194186886,0.00000195626353161,0.00000616822217125,0.0000034560785025,6.79127595049e-7,6.90738943376e-7,3.46205041524e-7,3.63463982467e-7,1.84172336049e-7,9.58602583978e-8,4.76734989263e-8,1.6010012871e-8,6.51709575195e-9,3.68754493607e-9,2.55900323154e-9,2.68354960475e-9,8.00504607046e-10,3.20303117363e-10,6.42000730355e-10,5.34218780324e-10,4.2722897442e-10,5.44674194636e-10,7.60085161478e-10,1.15113751864e-9,1.05146669149e-9,6.84738210577e-10,4.42053699201e-10,2.80546447184e-10,1.39422667855e-10,6.30884927633e-11,6.585122031e-11,3.96490722199e-11,1.61694633377e-11,6.96785771442e-12,1.64223083916e-12,3.85882108602e-13,1.05377776546e-13,5.89294924503e-15,1.61511808278e-15]},"melbands_crest":{"dmean":5.61297035217,"dmean2":9.06237316132,"dvar":21.0221233368,"dvar2":48.6759872437,"max":38.826385498,"mean":17.2474040985,"median":15.9414768219,"min":3.20295381546,"var":51.3157958984},"melbands_flatness_db":{"dmean":0.0469588562846,"dmean2":0.0721673741937,"dvar":0.00166047515813,"dvar2":0.00372390984558,"max":0.602180182934,"mean":0.247976467013,"median":0.243063926697,"min":0.031638238579,"var":0.00598443066701},"melbands_kurtosis":{"dmean":28.7123374939,"dmean2":47.2070083618,"dvar":5169.77197266,"dvar2":12971.2109375,"max":1752.9317627,"mean":34.9105377197,"median":14.8279972076,"min":-1.89338564873,"var":5615.08203125},"melbands_skewness":{"dmean":1.70857787132,"dmean2":2.6451318264,"dvar":3.92270708084,"dvar2":8.91328144073,"max":31.6662445068,"mean":3.82900714874,"median":3.17030239105,"min":-3.698325634,"var":8.80807113647},"melbands_spread":{"dmean":10.8662538528,"dmean2":16.8929977417,"dvar":306.78112793,"dvar2":632.286499023,"max":188.178756714,"mean":19.9753856659,"median":12.2338619232,"min":0.212616875768,"var":613.406677246},"mfcc":{"cov":[[9870.81445312,600.268432617,-716.630126953,454.415100098,-153.050262451,296.569854736,-111.048995972,160.007492065,-217.181625366,266.383087158,-225.72203064,216.023101807,-147.813110352],[600.268432617,1504.06835938,137.339385986,-421.239654541,-84.7798080444,-116.196212769,-57.4840393066,-165.766937256,42.1423835754,-67.3358840942,100.867736816,-96.3354797363,68.6155929565],[-716.630126953,137.339385986,583.090087891,74.5101623535,74.4823989868,-28.8093852997,4.67798376083,-7.28856468201,43.2318344116,-36.1739807129,63.1838760376,-21.8123645782,59.0254821777],[454.415100098,-421.239654541,74.5101623535,575.176940918,87.8623123169,141.407791138,2.74535059929,103.476577759,-51.4028778076,24.9919948578,-36.9594726562,51.1470069885,-19.9877853394],[-153.050262451,-84.7798080444,74.4823989868,87.8623123169,277.608215332,86.5372543335,71.9586334229,-3.72716450691,15.031791687,-12.8015632629,-3.29294419289,19.014093399,2.1238090992],[296.569854736,-116.196212769,-28.8093852997,141.407791138,86.5372543335,252.093002319,109.972465515,95.0174407959,-9.49554252625,10.9720115662,-35.5327301025,3.05201673508,-14.7790870667],[-111.048995972,-57.4840393066,4.67798376083,2.74535059929,71.9586334229,109.972465515,212.902893066,94.7231140137,41.223690033,-15.2793140411,-10.1857614517,-24.2024784088,7.82617998123],[160.007492065,-165.766937256,-7.28856468201,103.476577759,-3.72716450691,95.0174407959,94.7231140137,189.117767334,36.8824768066,23.7086086273,-19.2519931793,5.00826692581,-1.38429522514],[-217.181625366,42.1423835754,43.2318344116,-51.4028778076,15.031791687,-9.49554252625,41.223690033,36.8824768066,114.059410095,28.3155250549,26.9934520721,-9.32846641541,25.6697235107],[266.383087158,-67.3358840942,-36.1739807129,24.9919948578,-12.8015632629,10.9720115662,-15.2793140411,23.7086086273,28.3155250549,128.999267578,25.2465305328,52.4469070435,-4.02132701874],[-225.72203064,100.867736816,63.1838760376,-36.9594726562,-3.29294419289,-35.5327301025,-10.1857614517,-19.2519931793,26.9934520721,25.2465305328,116.981819153,11.111114502,37.14661026],[216.023101807,-96.3354797363,-21.8123645782,51.1470069885,19.014093399,3.05201673508,-24.2024784088,5.00826692581,-9.32846641541,52.4469070435,11.111114502,115.97467804,25.1329593658],[-147.813110352,68.6155929565,59.0254821777,-19.9877853394,2.1238090992,-14.7790870667,7.82617998123,-1.38429522514,25.6697235107,-4.02132701874,37.14661026,25.1329593658,102.954597473]],"icov":[[0.000174015207449,-0.000232094433159,0.000187194877071,-0.000205535368877,0.0000347132263414,-0.0000479530790471,0.000029178805562,-0.000184508011444,0.000258957326878,-0.000359631259926,0.000336434459314,-0.000253367994446,0.00010684604058],[-0.000232094433159,0.00132173206657,-0.000469195656478,0.000894223398063,0.000173694206751,-0.000361771322787,0.000229701719945,0.000801421236247,-0.000496260938235,0.00070607784437,-0.000950355199166,0.000894712982699,-0.000557914550882],[0.000187194877071,-0.000469195656478,0.00245084799826,-0.000906771456357,-0.000591063289903,0.000458284368506,0.000169976090547,-0.00032732335967,-0.000398661621148,0.000253848731518,-0.000526082178112,0.000315802055411,-0.000716999755241],[-0.000205535368877,0.000894223398063,-0.000906771456357,0.00336437975056,-0.000692799047101,-0.00123109365813,0.0013323535677,-0.00126510125119,0.00111241266131,0.000235718878685,-0.000365148065612,-0.00000300587089441,-0.000134416608489],[0.0000347132263414,0.000173694206751,-0.000591063289903,-0.000692799047101,0.00537291448563,-0.0017156394897,-0.00183579931036,0.00261815846898,-0.00177055457607,0.00117800710723,-0.0000384866434615,-0.00193064287305,0.000928733672481],[-0.0000479530790471,-0.000361771322787,0.000458284368506,-0.00123109365813,-0.0017156394897,0.00748411240056,-0.00283379596658,-0.00210085255094,0.00208404636942,-0.00145384366624,0.00102862960193,0.000764288241044,-0.000166702520801],[0.000029178805562,0.000229701719945,0.000169976090547,0.0013323535677,-0.00183579931036,-0.00283379596658,0.00903983786702,-0.00364836491644,-0.00154315610416,0.00145022035576,-0.000367563479813,0.00143592478707,-0.000831640209071],[-0.000184508011444,0.000801421236247,-0.00032732335967,-0.00126510125119,0.00261815846898,-0.00210085255094,-0.00364836491644,0.0105886925012,-0.00388638745062,-0.0000482183822896,0.000508499797434,-0.000448059698101,0.000100172794191],[0.000258957326878,-0.000496260938235,-0.000398661621148,0.00111241266131,-0.00177055457607,0.00208404636942,-0.00154315610416,-0.00388638745062,0.0145973861217,-0.00535438908264,-0.000258302519796,0.00287173385732,-0.00290876394138],[-0.000359631259926,0.00070607784437,0.000253848731518,0.000235718878685,0.00117800710723,-0.00145384366624,0.00145022035576,-0.0000482183822896,-0.00535438908264,0.0135892219841,-0.0038332499098,-0.0055462825112,0.00317223463207],[0.000336434459314,-0.000950355199166,-0.000526082178112,-0.000365148065612,-0.0000384866434615,0.00102862960193,-0.000367563479813,0.000508499797434,-0.000258302519796,-0.0038332499098,0.0124032292515,-0.000308676622808,-0.00295477150939],[-0.000253367994446,0.000894712982699,0.000315802055411,-0.00000300587089441,-0.00193064287305,0.000764288241044,0.00143592478707,-0.000448059698101,0.00287173385732,-0.0055462825112,-0.000308676622808,0.0144658368081,-0.00545996101573],[0.00010684604058,-0.000557914550882,-0.000716999755241,-0.000134416608489,0.000928733672481,-0.000166702520801,-0.000831640209071,0.000100172794191,-0.00290876394138,0.00317223463207,-0.00295477150939,-0.00545996101573,0.0138928135857]],"mean":[-678.32800293,129.39994812,0.793975234032,53.9439926147,-10.9263296127,19.4375801086,-3.11863708496,11.646490097,-5.73098039627,6.26227474213,1.38777494431,-0.467152655125,-0.644569635391]},"pitch_salience":{"dmean":0.114436477423,"dmean2":0.187234178185,"dvar":0.00891072303057,"dvar2":0.0215979292989,"max":0.875987052917,"mean":0.537605285645,"median":0.560981154442,"min":0.0453208684921,"var":0.0212004017085},"silence_rate_20dB":{"dmean":0,"dmean2":0,"dvar":0,"dvar2":0,"max":1,"mean":1,"median":1,"min":1,"var":0},"silence_rate_30dB":{"dmean":0.0867691189051,"dmean2":0.173554494977,"dvar":0.0792320147157,"dvar2":0.157318040729,"max":1,"mean":0.886536121368,"median":1,"min":0,"var":0.10058516264},"silence_rate_60dB":{"dmean":0.0342953540385,"dmean2":0.0685971304774,"dvar":0.033120457083,"dvar2":0.0758819580078,"max":1,"mean":0.102689027786,"median":0,"min":0,"var":0.0921486541629},"spectral_centroid":{"dmean":413.721282959,"dmean2":599.691772461,"dvar":222001,"dvar2":377179.25,"max":11421.1630859,"mean":1374.6932373,"median":1076.73144531,"min":183.070007324,"var":799665.75},"spectral_complexity":{"dmean":4.78017234802,"dmean2":6.54755878448,"dvar":28.5131893158,"dvar2":45.8488998413,"max":58,"mean":16.4323062897,"median":14,"min":0,"var":139.338973999},"spectral_contrast_coeffs":{"dmean":[0.0681971311569,0.0556070879102,0.0451695285738,0.034026581794,0.0240815039724,0.044701885432],"dmean2":[0.108550660312,0.0888247787952,0.0721437856555,0.05434384197,0.038117621094,0.0689486637712],"dvar":[0.00299899443053,0.00201535923406,0.00135416013654,0.000749899889342,0.000376566458726,0.00138818041887],"dvar2":[0.00725234113634,0.00504126166925,0.00329774082638,0.00182062597014,0.000921987404581,0.00320234172978],"max":[-0.281181573868,-0.421479672194,-0.516047477722,-0.606694996357,-0.642353892326,-0.472013086081],"mean":[-0.670437753201,-0.768198311329,-0.80958378315,-0.817680537701,-0.809933900833,-0.685505867004],"median":[-0.678897798061,-0.777758717537,-0.818465471268,-0.819798469543,-0.809781014919,-0.679204285145],"min":[-0.972333729267,-0.962810635567,-0.959598660469,-0.977400243282,-0.962998151779,-0.958165168762],"var":[0.00994627922773,0.00607739435509,0.00399264646694,0.0026215412654,0.00124039128423,0.00436504464597]},"spectral_contrast_valleys":{"dmean":[0.521724462509,0.508049488068,0.475673615932,0.419997781515,0.358146905899,0.568452298641],"dmean2":[0.79426330328,0.762736201286,0.694057583809,0.604014933109,0.470474690199,0.883899092674],"dvar":[0.243459448218,0.226092800498,0.203075364232,0.182485297322,0.163368478417,0.266862869263],"dvar2":[0.454239010811,0.436356663704,0.374204665422,0.331333339214,0.255062103271,0.626264452934],"max":[-4.89738464355,-4.44867992401,-5.23180055618,-5.73820590973,-5.27294254303,-9.0350856781],"mean":[-7.02906847,-6.85368824005,-7.52085494995,-7.99423837662,-7.5637845993,-11.1431465149],"median":[-6.76193523407,-6.63024902344,-7.30432987213,-7.76495790482,-7.35170507431,-10.9364585876],"min":[-27.1854686737,-27.6260471344,-27.3637123108,-27.2771110535,-27.2376289368,-27.2692508698],"var":[1.64088046551,1.49819970131,1.437895298,1.4830840826,1.52813506126,1.43807959557]},"spectral_decrease":{"dmean":6.81203404795e-9,"dmean2":1.08453193093e-8,"dvar":8.27109011799e-17,"dvar2":2.22585011945e-16,"max":2.18193189211e-11,"mean":-1.11763442945e-8,"median":-7.3868910988e-9,"min":-7.24216420167e-8,"var":1.42939800934e-16},"spectral_energy":{"dmean":0.0260781887919,"dmean2":0.0414410941303,"dvar":0.00118469214067,"dvar2":0.00318871042691,"max":0.276059061289,"mean":0.0447960905731,"median":0.0310957878828,"min":1.11889469911e-10,"var":0.00208805734292},"spectral_energyband_high":{"dmean":0.000447046273621,"dmean2":0.000611372233834,"dvar":8.30712508559e-7,"dvar2":0.00000151730591824,"max":0.0168037693948,"mean":0.00086790235946,"median":0.000366372492863,"min":4.69758520277e-12,"var":0.00000207275206776},"spectral_energyband_low":{"dmean":0.0209376569837,"dmean2":0.0348955020308,"dvar":0.00117067398969,"dvar2":0.0032024292741,"max":0.250901013613,"mean":0.0257463417947,"median":0.00948440283537,"min":6.40007415554e-13,"var":0.00158932898194},"spectral_energyband_middle_high":{"dmean":0.00155277783051,"dmean2":0.00222386512905,"dvar":0.0000067785099418,"dvar2":0.0000143972210935,"max":0.0625300705433,"mean":0.00308213662356,"median":0.00177916116081,"min":7.08677777919e-12,"var":0.0000147341324919},"spectral_energyband_middle_low":{"dmean":0.00811736658216,"dmean2":0.0123566761613,"dvar":0.000134188478114,"dvar2":0.000298932543956,"max":0.165162548423,"mean":0.0134596470743,"median":0.00798976328224,"min":1.16183425727e-11,"var":0.000249888369581},"spectral_entropy":{"dmean":0.214249417186,"dmean2":0.324353575706,"dvar":0.0467395298183,"dvar2":0.0990650504827,"max":9.80840110779,"mean":7.54060029984,"median":7.62515544891,"min":5.17682981491,"var":0.149075523019},"spectral_flux":{"dmean":0.0438359603286,"dmean2":0.0715411156416,"dvar":0.00207777367905,"dvar2":0.00492166634649,"max":0.4302944839,"mean":0.128710463643,"median":0.117474123836,"min":0.00000843016550789,"var":0.00564882764593},"spectral_kurtosis":{"dmean":2.01234126091,"dmean2":2.94758892059,"dvar":6.59437799454,"dvar2":13.9153470993,"max":43.0211105347,"mean":7.55763530731,"median":6.59797763824,"min":-1.19011855125,"var":13.7735118866},"spectral_rms":{"dmean":0.00173801195342,"dmean2":0.0026105903089,"dvar":0.0000031174306514,"dvar2":0.00000749689297663,"max":0.016411151737,"mean":0.00576938316226,"median":0.00550793576986,"min":3.30394385628e-7,"var":0.000010417804333},"spectral_rolloff":{"dmean":1167.26672363,"dmean2":2013.62646484,"dvar":9004036,"dvar2":19837406,"max":21899.2675781,"mean":1895.84594727,"median":602.9296875,"min":21.533203125,"var":15596162},"spectral_skewness":{"dmean":0.275008589029,"dmean2":0.392976552248,"dvar":0.0869607403874,"dvar2":0.17259028554,"max":4.95175266266,"mean":1.66873311996,"median":1.55792307854,"min":-0.0358865633607,"var":0.270781040192},"spectral_spread":{"dmean":504156.125,"dmean2":751767.1875,"dvar":317280124928,"dvar2":549054480384,"max":39292076,"mean":4196660.5,"median":4177913.5,"min":1552791.125,"var":772986372096},"spectral_strongpeak":{"dmean":0.509450495243,"dmean2":0.858772456646,"dvar":1.3333517313,"dvar2":3.65962171555,"max":46.4293479919,"mean":0.578919529915,"median":0.289561986923,"min":0,"var":1.13229644299},"zerocrossingrate":{"dmean":0.0252470970154,"dmean2":0.0287601370364,"dvar":0.000688345113304,"dvar2":0.000782760966104,"max":0.52490234375,"mean":0.0992132797837,"median":0.07958984375,"min":0.00244140625,"var":0.00508083682507}},"metadata":{"audio_properties":{"analysis_sample_rate":44100,"bit_rate":170832,"codec":"mp3","downmix":"mix","equal_loudness":0,"length":247.797546387,"lossless":false,"md5_encoded":"0cf1f6cfe8bba3ac7667726a7fb099fc","replay_gain":-14.0669612885,"sample_rate":44100},"tags":{"album":["Rebirth of a Nation (feat. Paris)"],"albumartist":["Public Enemy"],"albumartistsort":["Public Enemy feat. Paris"],"artist":["Public Enemy"],"artists":["Public Enemy"],"artistsort":["Public Enemy"],"catalognumber":["GFK-31021"],"date":["2005"],"file_name":"03 - Rise.mp3","label":["Guerrilla Funk Recordings"],"media":["CD"],"musicbrainz album release country":["US"],"musicbrainz album status":["promotion"],"musicbrainz album type":["album"],"musicbrainz release track id":["2eceb16b-aa9b-3731-89f3-d246a5c339cb"],"musicbrainz_albumartistid":["bf2e15d0-4b77-469e-bfb4-f8414415baca","431945b6-0754-480a-8634-3e8c2f8ccf27"],"musicbrainz_albumid":["104eeda1-ece0-4275-b0ae-2c4d3f9902c8"],"musicbrainz_artistid":["bf2e15d0-4b77-469e-bfb4-f8414415baca"],"musicbrainz_recordingid":["f2a1be20-3d3f-4548-a8ed-08abeb4b3509"],"musicbrainz_releasegroupid":["0131b7fb-f4b5-3e4f-bd31-45166ccc36e4"],"originaldate":["2005"],"script":["Latn"],"title":["Rise"],"tracknumber":["3/14"]},"version":{"essentia":"2.1-beta1","essentia_build_sha":"ca57ba49d9b1854bd80e60cf9ccf267278fb7d6b","essentia_git_sha":"v2.1_beta1-28-g21ef5f4-dirty","extractor":"music 1.0"}},"rhythm":{"beats_count":402,"beats_loudness":{"dmean":0.0460942722857,"dmean2":0.0803386271,"dvar":0.00138840894215,"dvar2":0.00414525065571,"max":0.179700046778,"mean":0.0632042139769,"median":0.0519393272698,"min":3.67596397766e-9,"var":0.00194392807316},"beats_loudness_band_ratio":{"dmean":[0.341043949127,0.166472107172,0.113414213061,0.0646264404058,0.0586680136621,0.0697734877467],"dmean2":[0.640828073025,0.298341095448,0.211456477642,0.123353146017,0.116113446653,0.131449788809],"dvar":[0.0546960271895,0.0271229036152,0.0156768634915,0.00675763329491,0.00177727418486,0.00479631125927],"dvar2":[0.17591932416,0.0763370394707,0.0